C_R,C_A,C_S,C_N,D_R,D_A,D_S,D_N,Oc_R,Oc_A,Oc_S,Oc_N,Od_R,Od_A,Od_S,Od_N
0.0,0.0,0.0,0.0,0.0,0.0,0.0,0.0,0.0,1.0,0.0,0.0,0.0,0.0,0.0,0.0
0.0,0.0,0.0,0.0,0.3333333333333333,0.0,0.0,0.0,0.0,0.6666666666666666,0.0,0.0,0.0,0.0,0.0,0.0
0.0,0.2857142857142857,0.0,0.0,0.14285714285714285,0.0,0.0,0.0,0.0,0.5714285714285714,0.0,0.0,0.0,0.0,0.0,0.0
0.0,0.2727272727272727,0.0,0.0,0.18181818181818182,0.0,0.09090909090909091,0.0,0.0,0.45454545454545453,0.0,0.0,0.0,0.0,0.0,0.0
0.0,0.29411764705882354,0.0,0.0,0.17647058823529413,0.0,0.0,0.11764705882352941,0.0,0.23529411764705882,0.0,0.0,0.0,0.0,0.11764705882352941,0.058823529411764705
0.0,0.36666666666666664,0.0,0.0,0.16666666666666666,0.0,0.0,0.1,0.0,0.2,0.0,0.0,0.0,0.0,0.1,0.06666666666666667
0.0,0.3617021276595745,0.0,0.0,0.19148936170212766,0.0,0.0,0.0851063829787234,0.0,0.19148936170212766,0.0,0.0,0.0,0.0,0.0851063829787234,0.0851063829787234
0.0,0.39436619718309857,0.0,0.0,0.19718309859154928,0.0,0.0,0.08450704225352113,0.0,0.15492957746478872,0.0,0.0,0.0,0.0,0.08450704225352113,0.08450704225352113
0.0,0.4019607843137255,0.0,0.0,0.16666666666666666,0.0,0.0,0.058823529411764705,0.0,0.16666666666666666,0.0,0.0,0.0,0.00980392156862745,0.09803921568627451,0.09803921568627451
0.0,0.3691275167785235,0.013422818791946308,0.0,0.15436241610738255,0.013422818791946308,0.0,0.053691275167785234,0.0,0.174496644295302,0.0,0.0,0.0,0.013422818791946308,0.12080536912751678,0.087248322147651
0.0,0.37948717948717947,0.015384615384615385,0.0,0.15384615384615385,0.015384615384615385,0.0,0.05128205128205128,0.0,0.17435897435897435,0.0,0.0,0.0,0.015384615384615385,0.13333333333333333,0.06153846153846154
0.0,0.37254901960784315,0.0196078431372549,0.00784313725490196,0.14901960784313725,0.00784313725490196,0.0,0.043137254901960784,0.0,0.17254901960784313,0.0,0.01568627450980392,0.0,0.011764705882352941,0.1450980392156863,0.054901960784313725
0.0,0.3952702702702703,0.030405405405405407,0.0033783783783783786,0.14527027027027026,0.006756756756756757,0.0,0.0472972972972973,0.0033783783783783786,0.12162162162162163,0.0033783783783783786,0.02027027027027027,0.0,0.013513513513513514,0.1554054054054054,0.05405405405405406
0.0,0.39118457300275483,0.03856749311294766,0.005509641873278237,0.1349862258953168,0.0027548209366391185,0.0,0.03856749311294766,0.0027548209366391185,0.12121212121212122,0.005509641873278237,0.01652892561983471,0.0,0.01928374655647383,0.17355371900826447,0.049586776859504134
0.0,0.37472283813747226,0.04878048780487805,0.0022172949002217295,0.12195121951219512,0.0022172949002217295,0.0022172949002217295,0.037694013303769404,0.0022172949002217295,0.1197339246119734,0.008869179600886918,0.022172949002217297,0.0,0.024390243902439025,0.19068736141906872,0.04212860310421286
0.003656307129798903,0.3692870201096892,0.051188299817184646,0.005484460694698354,0.10786106032906764,0.0,0.003656307129798903,0.038391224862888484,0.007312614259597806,0.10968921389396709,0.014625228519195612,0.02376599634369287,0.0,0.027422303473491772,0.19195612431444242,0.04570383912248629
0.004580152671755725,0.35725190839694654,0.06412213740458016,0.004580152671755725,0.10534351145038168,0.0015267175572519084,0.0061068702290076335,0.03816793893129771,0.00916030534351145,0.1083969465648855,0.0183206106870229,0.01984732824427481,0.0015267175572519084,0.035114503816793895,0.18778625954198475,0.03816793893129771
0.0026560424966799467,0.35856573705179284,0.06772908366533864,0.00398406374501992,0.10756972111553785,0.0013280212483399733,0.006640106241699867,0.03718459495351926,0.01195219123505976,0.09428950863213811,0.021248339973439574,0.0199203187250996,0.0,0.033200531208499334,0.19787516600265603,0.035856573705179286
0.002280501710376283,0.33751425313568983,0.07297605473204105,0.0034207525655644243,0.10376282782212087,0.0011402508551881414,0.009122006841505131,0.043329532497149374,0.01596351197263398,0.08437856328392246,0.026225769669327253,0.02508551881413911,0.0,0.039908779931584946,0.19726339794754846,0.037628278221208664
0.00298804780876494,0.3296812749003984,0.07669322709163347,0.00398406374501992,0.09860557768924302,0.00099601593625498,0.010956175298804782,0.036852589641434265,0.018924302788844622,0.08964143426294821,0.02888446215139442,0.029880478087649404,0.0,0.04183266932270916,0.19721115537848605,0.03286852589641434
0.0,0.32484635645302895,0.07550482879719052,0.006145741878841089,0.09833187006145742,0.0026338893766461808,0.013169446883230905,0.03775241439859526,0.02019315188762072,0.08077260755048288,0.033362598770851626,0.03160667251975417,0.0,0.05443371378402107,0.19139596136962247,0.029850746268656716
0.0,0.3141025641025641,0.07852564102564102,0.00641025641025641,0.10096153846153846,0.003205128205128205,0.016826923076923076,0.040865384615384616,0.024839743589743588,0.08493589743589744,0.03685897435897436,0.028846153846153848,0.0,0.05048076923076923,0.18028846153846154,0.032852564102564104
0.0,0.31860970311368575,0.0832729905865315,0.004344677769732078,0.10209992758870384,0.003620564808110065,0.018102824040550327,0.04344677769732078,0.027516292541636494,0.07385952208544533,0.03982621288921072,0.028240405503258507,0.0,0.05430847212165098,0.1730629978276611,0.029688631426502535
0.0,0.32998661311914324,0.0856760374832664,0.0033467202141900937,0.10508701472556894,0.002677376171352075,0.0214190093708166,0.0428380187416332,0.02677376171352075,0.07095046854082998,0.041499330655957165,0.025435073627844713,0.0,0.05220883534136546,0.16666666666666666,0.025435073627844713
0.0,0.33891992551210426,0.09000620732464308,0.0037243947858473,0.10552451893234016,0.0031036623215394167,0.022967101179391682,0.03910614525139665,0.027932960893854747,0.061452513966480445,0.04407200496585972,0.025450031036623216,0.0,0.04779639975170701,0.16263190564866542,0.027312228429546864
0.0005807200929152149,0.3437862950058072,0.09581881533101046,0.003484320557491289,0.10511033681765389,0.0029036004645760743,0.02497096399535424,0.04006968641114982,0.029036004645760744,0.056329849012775844,0.04413472706155633,0.0272938443670151,0.0005807200929152149,0.04819976771196283,0.15563298490127758,0.022067363530778164
0.0011142061281337048,0.3532033426183844,0.10027855153203342,0.003342618384401114,0.10696378830083565,0.002785515320334262,0.027298050139275765,0.04011142061281337,0.03064066852367688,0.04958217270194986,0.046239554317548746,0.024512534818941504,0.0011142061281337048,0.041225626740947076,0.1532033426183844,0.01838440111420613
0.0010570824524312897,0.3583509513742072,0.10200845665961945,0.002642706131078224,0.10782241014799154,0.0021141649048625794,0.0306553911205074,0.03805496828752643,0.033298097251585626,0.04704016913319239,0.04704016913319239,0.021670190274841437,0.0,0.04175475687103594,0.14957716701902748,0.016913319238900635
0.001004016064257028,0.3534136546184739,0.10592369477911646,0.0030120481927710845,0.10893574297188754,0.002008032128514056,0.0321285140562249,0.03965863453815261,0.03413654618473896,0.04919678714859438,0.048694779116465865,0.021586345381526106,0.0,0.03965863453815261,0.14457831325301204,0.01606425702811245
0.000974184120798831,0.36239649293716514,0.10764734534827082,0.0014612761811982464,0.11251826595226498,0.0024354603019970775,0.034096444227959086,0.037018996590355575,0.03604481246955674,0.042377009254749146,0.04968339016074038,0.018996590355577204,0.0,0.038480272771553824,0.1412566975158305,0.014612761811982464
0.0014150943396226414,0.3650943396226415,0.11179245283018868,0.0023584905660377358,0.11509433962264151,0.002830188679245283,0.03537735849056604,0.033962264150943396,0.03632075471698113,0.03820754716981132,0.05,0.016037735849056604,0.0,0.03773584905660377,0.13820754716981132,0.015566037735849057
0.0013837638376383763,0.36808118081180813,0.11715867158671586,0.0023062730627306273,0.11808118081180811,0.0032287822878228783,0.03643911439114391,0.03228782287822878,0.038284132841328415,0.031826568265682656,0.05166051660516605,0.016605166051660517,0.00046125461254612545,0.03136531365313653,0.13422509225092252,0.016605166051660517
0.00044742729306487697,0.3731543624161074,0.1203579418344519,0.003131991051454139,0.11677852348993288,0.0026845637583892616,0.03668903803131991,0.030425055928411632,0.038926174496644296,0.030425055928411632,0.053691275167785234,0.015659955257270694,0.0008948545861297539,0.02953020134228188,0.1319910514541387,0.015212527964205816
0.0013123359580052493,0.37182852143482065,0.1242344706911636,0.0026246719160104987,0.1194225721784777,0.003499562554680665,0.03718285214348206,0.0284339457567804,0.0389326334208224,0.02799650043744532,0.05380577427821522,0.014873140857392825,0.0008748906386701663,0.03062117235345582,0.13123359580052493,0.013123359580052493
0.0008602150537634409,0.3772043010752688,0.12731182795698925,0.0025806451612903226,0.11870967741935484,0.0025806451612903226,0.0378494623655914,0.027096774193548386,0.04043010752688172,0.027096774193548386,0.0546236559139785,0.012903225806451613,0.0017204301075268817,0.02666666666666667,0.12946236559139784,0.012903225806451613
0.000423908435777872,0.3815175922000848,0.1288681644764731,0.002967359050445104,0.11784654514624841,0.002967359050445104,0.037727850784230604,0.02543450614667232,0.040695209834675714,0.022043238660449344,0.05553200508690123,0.013988978380669776,0.002543450614667232,0.027130139889783807,0.1284442560406952,0.011869436201780416
0.00041841004184100416,0.3811715481171548,0.1301255230125523,0.0029288702928870294,0.11757322175732217,0.0033472803347280333,0.03933054393305439,0.02594142259414226,0.04142259414225941,0.021338912133891212,0.058577405857740586,0.013807531380753139,0.0008368200836820083,0.02301255230125523,0.12887029288702928,0.011297071129707114
0.00041631973355537054,0.3825978351373855,0.1298917568692756,0.0029142381348875937,0.11698584512905912,0.004163197335553705,0.03996669442131557,0.02331390507910075,0.04288093255620316,0.02164862614487927,0.0578684429641965,0.014154870940882597,0.0008326394671107411,0.021232306411323898,0.1286427976686095,0.012489592006661115
0.0012417218543046358,0.382864238410596,0.12996688741721854,0.0037251655629139072,0.11713576158940397,0.004552980132450331,0.04056291390728477,0.022350993377483443,0.04346026490066225,0.020281456953642384,0.060430463576158944,0.012003311258278146,0.0008278145695364238,0.019867549668874173,0.1287251655629139,0.012003311258278146
0.00041407867494824016,0.3875776397515528,0.12753623188405797,0.0037267080745341614,0.11511387163561076,0.002898550724637681,0.04182194616977226,0.02111801242236025,0.04389233954451346,0.02236024844720497,0.06252587991718427,0.012422360248447204,0.002070393374741201,0.01780538302277433,0.12836438923395446,0.010351966873706004
0.0008309098462816784,0.38720398836726216,0.13086830078936434,0.0033236393851267137,0.11508101371001246,0.0033236393851267137,0.04403822185292896,0.019941836310760283,0.043622766929788115,0.019941836310760283,0.06273369339426672,0.012048192771084338,0.0024927295388450354,0.014956377233070212,0.129206481096801,0.01038637307852098
0.0008233841086867024,0.3861671469740634,0.13297653355290243,0.004116920543433511,0.11486208316179498,0.0032935364347468094,0.04363935776039522,0.019761218608480857,0.04281597365170852,0.020172910662824207,0.06340057636887608,0.011115685467270481,0.0012350761630300535,0.0168793742280774,0.12927130506381226,0.009468917249897077
0.0012330456226880395,0.3921085080147966,0.13234689683518291,0.0036991368680641184,0.11426222770242499,0.0032881216605014385,0.04438964241676942,0.017673653925195234,0.04233456637895602,0.02096177558569667,0.0632963419646527,0.011919441019317715,0.0012330456226880395,0.013563501849568433,0.12782572955199342,0.009864364981504316
0.0016467682173734047,0.3911074516261836,0.13174145738987236,0.0032935364347468094,0.11568546727048168,0.004940304652120214,0.045286125977768626,0.018114450391107453,0.04363935776039522,0.01729106628242075,0.06298888431453273,0.011115685467270481,0.0012350761630300535,0.01440922190201729,0.12721284479209552,0.01029230135858378
0.0012330456226880395,0.39621866009042334,0.13316892725030827,0.0036991368680641184,0.11549527332511303,0.0036991368680641184,0.04562268803945746,0.016440608302507192,0.04192355117139334,0.017673653925195234,0.06247431154952733,0.011097410604192354,0.0008220304151253596,0.013974517057131115,0.12577065351418001,0.010686395396629675
0.0016359918200408998,0.3979550102249489,0.13169734151329243,0.0036809815950920245,0.11574642126789365,0.004498977505112475,0.045807770961145196,0.016768916155419224,0.04294478527607362,0.0179959100204499,0.06298568507157465,0.009406952965235174,0.001226993865030675,0.012678936605316974,0.12474437627811862,0.010224948875255624
0.0016406890894175555,0.4003281378178835,0.1320754716981132,0.005332239540607055,0.11525840853158327,0.004511894995898278,0.04593929450369155,0.015996718621821164,0.04101722723543889,0.016406890894175553,0.06398687448728466,0.01066447908121411,0.0012305168170631665,0.011484823625922888,0.1251025430680886,0.009023789991796555
0.001635322976287817,0.40106295993458707,0.13286999182338513,0.005314799672935405,0.11447260834014718,0.004088307440719542,0.04701553556827474,0.014309076042518397,0.04129190515126738,0.016762060506950123,0.06377759607522486,0.010220768601798855,0.001635322976287817,0.01062959934587081,0.1259198691741619,0.008994276369582993
0.0028688524590163933,0.40204918032786885,0.13155737704918033,0.005327868852459016,0.11311475409836065,0.005327868852459016,0.047540983606557376,0.013524590163934426,0.04139344262295082,0.01557377049180328,0.06393442622950819,0.010245901639344262,0.001639344262295082,0.010655737704918032,0.12581967213114753,0.009426229508196722
0.0032733224222585926,0.40507364975450083,0.13175122749590834,0.004909983633387889,0.11415711947626841,0.005319148936170213,0.046235679214402615,0.012684124386252046,0.04091653027823241,0.016366612111292964,0.06546644844517185,0.009819967266775777,0.0008183306055646482,0.012274959083469721,0.12193126022913257,0.00900163666121113
0.00408997955010225,0.4077709611451943,0.1325153374233129,0.00408997955010225,0.1132924335378323,0.005316973415132925,0.045807770961145196,0.013087934560327199,0.0392638036809816,0.014723926380368098,0.06666666666666667,0.011042944785276074,0.00040899795501022495,0.01063394683026585,0.12188139059304703,0.009406952965235174
0.002849002849002849,0.4065934065934066,0.1326821326821327,0.003663003663003663,0.11233211233211234,0.005291005291005291,0.04721204721204721,0.014245014245014245,0.03947903947903948,0.015466015466015465,0.06593406593406594,0.01098901098901099,0.000407000407000407,0.011803011803011803,0.12169312169312169,0.009361009361009361
0.002442002442002442,0.4086284086284086,0.13512413512413513,0.002849002849002849,0.1111111111111111,0.004477004477004477,0.04884004884004884,0.014652014652014652,0.03825803825803826,0.013431013431013432,0.06593406593406594,0.01098901098901099,0.000407000407000407,0.01098901098901099,0.1225071225071225,0.009361009361009361
0.0016326530612244899,0.40938775510204084,0.13428571428571429,0.0032653061224489797,0.11061224489795918,0.004081632653061225,0.04938775510204082,0.013469387755102041,0.03918367346938775,0.012653061224489797,0.06693877551020408,0.011020408163265306,0.0008163265306122449,0.009795918367346938,0.12408163265306123,0.009387755102040816
0.0016286644951140066,0.40757328990228014,0.13517915309446255,0.003257328990228013,0.11034201954397393,0.004071661237785016,0.050488599348534204,0.013436482084690555,0.039902280130293157,0.012622149837133551,0.06596091205211727,0.010993485342019544,0.0008143322475570033,0.009771986970684038,0.1237785016286645,0.01017915309446254
0.0020308692120227455,0.40861088545897645,0.1348497156783103,0.003249390739236393,0.10804224207961008,0.004061738424045491,0.050365556458164096,0.012997562956945572,0.039398862713241264,0.011779041429731926,0.06661251015434606,0.011372867587327376,0.0016246953696181965,0.00974817221770918,0.12388302193338749,0.011372867587327376
0.0016273393002441008,0.41049633848657446,0.13425549227013833,0.003661513425549227,0.10821806346623271,0.004475183075671277,0.05126118795768918,0.012611879576891782,0.0402766476810415,0.011391375101708706,0.06672091131000814,0.01017087062652563,0.0008136696501220504,0.008950366151342554,0.12489829129373474,0.01017087062652563
0.0016253555465258025,0.41405932547744817,0.13327915481511582,0.0040633888663145065,0.10767980495733441,0.004876066639577408,0.04957334416903698,0.012190166598943519,0.042259244209670865,0.009752133279154815,0.0674522551808208,0.010158472165786265,0.0008126777732629012,0.008533116619260463,0.12393336042259244,0.009752133279154815
0.0028478437754271765,0.41171684296175753,0.13425549227013833,0.0032546786004882017,0.10862489829129374,0.004475183075671277,0.05044751830756713,0.010984540276647681,0.04434499593165175,0.00935720097640358,0.06875508543531327,0.010577705451586655,0.0004068348250610252,0.008950366151342554,0.1224572823433686,0.00854353132628153
0.00283860502838605,0.41078669910786697,0.13584752635847527,0.0032441200324412004,0.10867802108678021,0.0040551500405515,0.050283860502838604,0.010543390105433901,0.04460665044606651,0.00932684509326845,0.0681265206812652,0.010543390105433901,0.0,0.009732360097323601,0.12287104622871046,0.00851581508515815
0.003250711093051605,0.4108086143843966,0.13571718813490452,0.0036570499796830555,0.10727346607070297,0.004469727752945957,0.048760666395774074,0.010564811052417716,0.04510361641609102,0.009345794392523364,0.06907761072734661,0.010564811052417716,0.0004063388866314506,0.008939455505891914,0.12352702153596098,0.008533116619260463
0.0036600244001626678,0.41032940219601466,0.13867425782838552,0.0036600244001626678,0.10736071573810492,0.004880032533550223,0.048800325335502236,0.010980073200488003,0.04432696217974787,0.009760065067100447,0.06710044733631558,0.01057340382269215,0.00040666937779585197,0.00854005693371289,0.12281415209434729,0.008133387555917039
0.002845528455284553,0.4105691056910569,0.13983739837398373,0.004471544715447155,0.10528455284552846,0.004878048780487805,0.048373983739837395,0.00975609756097561,0.0459349593495935,0.00934959349593496,0.06829268292682927,0.01056910569105691,0.0,0.00894308943089431,0.12235772357723577,0.00853658536585366
0.0040650406504065045,0.41097560975609754,0.14065040650406505,0.005284552845528455,0.1040650406504065,0.004878048780487805,0.048373983739837395,0.00934959349593496,0.0459349593495935,0.00934959349593496,0.06666666666666667,0.011382113821138212,0.0,0.00853658536585366,0.12276422764227642,0.007723577235772358
0.004066693777958519,0.41032940219601466,0.1407076047173648,0.005286701911346075,0.1041073607157381,0.004880032533550223,0.04798698657991053,0.009353395689304595,0.046360309068727124,0.01057340382269215,0.06791378609190728,0.010166734444896299,0.0,0.008133387555917039,0.12240748271655144,0.0077267181781211875
0.0040650406504065045,0.40934959349593497,0.14268292682926828,0.004878048780487805,0.10447154471544716,0.004878048780487805,0.04715447154471545,0.008130081300813009,0.046341463414634146,0.00975609756097561,0.06747967479674796,0.01016260162601626,0.0012195121951219512,0.008130081300813009,0.12479674796747968,0.0065040650406504065
0.005275974025974026,0.4082792207792208,0.14366883116883117,0.004464285714285714,0.10470779220779221,0.00487012987012987,0.04667207792207792,0.008116883116883116,0.04586038961038961,0.009334415584415584,0.06777597402597403,0.010551948051948052,0.0008116883116883117,0.008522727272727272,0.125,0.006087662337662338
0.003679476696647588,0.4071954210956664,0.14309076042518398,0.004497138184791497,0.10384300899427637,0.005314799672935405,0.0482420278004906,0.00776778413736713,0.04578904333605887,0.009403107113654947,0.06950122649223221,0.009811937857726901,0.0008176614881439084,0.008176614881439084,0.12632869991823384,0.006541291905151268
0.004489795918367347,0.40408163265306124,0.14530612244897959,0.004489795918367347,0.10326530612244898,0.005714285714285714,0.04775510204081632,0.008571428571428572,0.045714285714285714,0.009387755102040816,0.06857142857142857,0.01020408163265306,0.00040816326530612246,0.009387755102040816,0.12571428571428572,0.0069387755102040816
0.004073319755600814,0.4028513238289206,0.1470468431771894,0.004073319755600814,0.10305498981670061,0.004887983706720978,0.048472505091649694,0.008146639511201629,0.04439918533604888,0.010183299389002037,0.07006109979633401,0.010590631364562118,0.000814663951120163,0.010183299389002037,0.12423625254582485,0.006924643584521385
0.0044588569112282124,0.40372922578029996,0.14754762869882448,0.004053506282934738,0.10295905958654236,0.004864207539521687,0.04823672476692339,0.007701661937576003,0.0449939197405756,0.009728415079043373,0.06931495743818403,0.01053911633563032,0.00040535062829347385,0.010133765707336847,0.12444264288609648,0.006890960680989056
0.0036570499796830555,0.40674522551808207,0.14790735473384803,0.0040633888663145065,0.10158472165786266,0.005282405526208858,0.048760666395774074,0.007314099959366111,0.04591629418935392,0.008533116619260463,0.06907761072734661,0.010158472165786265,0.0008126777732629012,0.010158472165786265,0.12352702153596098,0.00650142218610321
0.0036570499796830555,0.4047135310849248,0.1499390491670053,0.0040633888663145065,0.10239739943112555,0.005282405526208858,0.04916700528240553,0.00690776107273466,0.04550995530272247,0.0077204388459975615,0.06907761072734661,0.010158472165786265,0.0004063388866314506,0.009752133279154815,0.12474603819585535,0.00650142218610321
0.0036540803897685747,0.3999187982135607,0.1514413317092976,0.004466098254161592,0.10353227771010962,0.005684125050751117,0.04912708079577751,0.007308160779537149,0.04628501827040195,0.008932196508323184,0.06699147381242387,0.010150223304912708,0.001218026796589525,0.010150223304912708,0.12423873325213154,0.006902151847340642
0.0028478437754271765,0.4019528071602929,0.15256305939788445,0.004475183075671277,0.10374288039056143,0.005695687550854353,0.0500406834825061,0.007323026851098454,0.046379170056956874,0.008950366151342554,0.06712774613506917,0.008950366151342554,0.0008136696501220504,0.008950366151342554,0.12286411716842961,0.007323026851098454
0.002849002849002849,0.4053724053724054,0.14936914936914936,0.00407000407000407,0.10256410256410256,0.006105006105006105,0.05046805046805047,0.006919006919006919,0.0463980463980464,0.009361009361009361,0.06715506715506715,0.009361009361009361,0.000814000814000814,0.009768009768009768,0.12169312169312169,0.007733007733007733
0.00407000407000407,0.4053724053724054,0.15018315018315018,0.00407000407000407,0.10215710215710215,0.006512006512006512,0.05046805046805047,0.006512006512006512,0.04721204721204721,0.008547008547008548,0.06593406593406594,0.009768009768009768,0.000814000814000814,0.009361009361009361,0.12087912087912088,0.00814000814000814
0.004058441558441558,0.4042207792207792,0.14894480519480519,0.0036525974025974025,0.10349025974025974,0.006087662337662338,0.05073051948051948,0.006899350649350649,0.04748376623376623,0.008928571428571428,0.06615259740259741,0.008928571428571428,0.00040584415584415587,0.010146103896103896,0.12175324675324675,0.008116883116883116
0.0028443722064201544,0.4071515644047135,0.15075172694026817,0.0040633888663145065,0.10239739943112555,0.00650142218610321,0.05079236082893133,0.007314099959366111,0.047135310849248276,0.008939455505891914,0.065826899634295,0.008939455505891914,0.0004063388866314506,0.009345794392523364,0.11986997155627793,0.0077204388459975615
0.0024390243902439024,0.4056910569105691,0.14878048780487804,0.0040650406504065045,0.10121951219512196,0.0065040650406504065,0.05,0.007723577235772358,0.0491869918699187,0.01016260162601626,0.06666666666666667,0.00894308943089431,0.0008130081300813008,0.00975609756097561,0.12073170731707317,0.007317073170731708
0.003249390739236393,0.40698619008935827,0.14947197400487408,0.004061738424045491,0.10235580828594638,0.005686433793663688,0.04914703493095045,0.008123476848090982,0.0479285134037368,0.00974817221770918,0.06539398862713242,0.00974817221770918,0.0012185215272136475,0.00934199837530463,0.1190089358245329,0.008529650690495532
0.002041649652919559,0.40628828093099223,0.14985708452429564,0.004899959167006942,0.10249081257656187,0.0057166190281747655,0.05022458146182115,0.006124948958758677,0.04818293180890159,0.00898325847284606,0.06492445896284198,0.011024908125765618,0.0008166598611678236,0.009799918334013884,0.12045732952225398,0.008166598611678236
0.0028594771241830064,0.40522875816993464,0.1511437908496732,0.004084967320261438,0.10334967320261437,0.0053104575163398695,0.04820261437908497,0.006535947712418301,0.046977124183006536,0.008986928104575163,0.0661764705882353,0.01184640522875817,0.0008169934640522876,0.008986928104575163,0.12173202614379085,0.007761437908496732
0.0028583095140873828,0.4071049407921601,0.15108207431604737,0.004083299305839118,0.10289914250714577,0.0057166190281747655,0.04736627194773377,0.006533278889342589,0.04777460187831768,0.008166598611678236,0.06533278889342589,0.012658227848101266,0.0012249897917517355,0.00898325847284606,0.12045732952225398,0.007758268681094325
0.002442002442002442,0.4074074074074074,0.15181115181115182,0.004477004477004477,0.10175010175010175,0.006512006512006512,0.0468050468050468,0.007326007326007326,0.04721204721204721,0.00814000814000814,0.06593406593406594,0.013024013024013023,0.000814000814000814,0.008547008547008548,0.12006512006512006,0.007733007733007733
0.002035002035002035,0.4086284086284086,0.15181115181115182,0.004477004477004477,0.10134310134310134,0.006105006105006105,0.04721204721204721,0.00814000814000814,0.0463980463980464,0.00814000814000814,0.06634106634106635,0.013431013431013432,0.001221001221001221,0.008547008547008548,0.11884411884411884,0.007326007326007326
0.0016233766233766235,0.4094967532467532,0.1525974025974026,0.004464285714285714,0.1010551948051948,0.006087662337662338,0.04748376623376623,0.007305194805194805,0.04626623376623377,0.008522727272727272,0.06615259740259741,0.013392857142857142,0.0012175324675324675,0.008522727272727272,0.1185064935064935,0.007305194805194805
0.002035830618892508,0.40879478827361565,0.15513029315960913,0.004071661237785016,0.10097719869706841,0.005700325732899023,0.04763843648208469,0.007736156351791531,0.04682410423452769,0.008143322475570033,0.06636807817589577,0.013029315960912053,0.0012214983713355048,0.007328990228013029,0.11767100977198697,0.007328990228013029
0.002434077079107505,0.4073022312373225,0.15740365111561866,0.004462474645030426,0.09898580121703854,0.006085192697768763,0.0486815415821501,0.007707910750507099,0.04665314401622718,0.008113590263691683,0.06572008113590264,0.01257606490872211,0.0012170385395537525,0.007707910750507099,0.11724137931034483,0.007707910750507099
0.002028397565922921,0.4056795131845842,0.16024340770791076,0.00486815415821501,0.10020283975659229,0.005273833671399594,0.04787018255578093,0.007302231237322515,0.04746450304259635,0.008113590263691683,0.06572008113590264,0.012981744421906694,0.00040567951318458417,0.007302231237322515,0.11602434077079107,0.008519269776876268
0.002435064935064935,0.4070616883116883,0.16030844155844157,0.004464285714285714,0.1002435064935065,0.00487012987012987,0.049512987012987016,0.006493506493506494,0.04707792207792208,0.007711038961038961,0.06452922077922078,0.012581168831168832,0.0008116883116883117,0.006899350649350649,0.11607142857142858,0.008928571428571428
0.0020242914979757085,0.4064777327935223,0.15991902834008098,0.004858299595141701,0.10040485829959514,0.006072874493927126,0.04817813765182186,0.006882591093117409,0.04696356275303644,0.0072874493927125505,0.06680161943319839,0.012145748987854251,0.0012145748987854252,0.006882591093117409,0.11497975708502024,0.008906882591093117
0.002843216896831844,0.40454914703493094,0.16246953696181965,0.005686433793663688,0.10032493907392363,0.005280259951259139,0.047116165718927704,0.006498781478472786,0.04670999187652315,0.007311129163281885,0.06701868399675061,0.012185215272136474,0.0016246953696181965,0.006498781478472786,0.11494719740048741,0.008935824532900082
0.003246753246753247,0.4050324675324675,0.16193181818181818,0.00487012987012987,0.09983766233766234,0.005681818181818182,0.04788961038961039,0.006899350649350649,0.04748376623376623,0.007711038961038961,0.06655844155844155,0.011363636363636364,0.0016233766233766235,0.006493506493506494,0.11444805194805195,0.008928571428571428
0.002438033319788704,0.40552620885818774,0.16416091019910606,0.005282405526208858,0.09914668833807395,0.006095083299471759,0.047135310849248276,0.00650142218610321,0.04794798862251117,0.008939455505891914,0.065826899634295,0.010971149939049168,0.0020316944331572532,0.0077204388459975615,0.11214953271028037,0.008126777732629013
0.002843216896831844,0.40698619008935827,0.16409423233143786,0.004467912266450041,0.0982940698619009,0.006092607636068237,0.0479285134037368,0.006092607636068237,0.04833468724614135,0.00934199837530463,0.0662063363119415,0.011372867587327376,0.0016246953696181965,0.007311129163281885,0.11169780666125101,0.007311129163281885
0.0024479804161566705,0.4084047327621379,0.16360669114647083,0.004895960832313341,0.09751121991024071,0.005711954304365565,0.04732762137902897,0.005711954304365565,0.04895960832313342,0.00897592819257446,0.06731946144430845,0.01142390860873113,0.0016319869441044472,0.0069359445124439,0.11219910240718074,0.0069359445124439
0.0020300446609825416,0.40682095006090135,0.16402760860738935,0.004466098254161592,0.09744214372716199,0.005684125050751117,0.04790905399918798,0.0060901339829476245,0.04831506293138449,0.00933820544051969,0.06780349167681689,0.011368250101502234,0.0016240357287860333,0.006902151847340642,0.11246447421843281,0.007714169711733658
0.0028536485935589076,0.40521810028536487,0.16428862617203424,0.004484304932735426,0.09661638809620872,0.005299633102323685,0.0481043620057073,0.006114961271911945,0.04932735426008968,0.00978393803505911,0.06726457399103139,0.011822258459029759,0.0016306563391765185,0.0077456176110884635,0.11210762331838565,0.007337953526294333
0.002857142857142857,0.4057142857142857,0.16489795918367348,0.004081632653061225,0.09755102040816327,0.004897959183673469,0.04775510204081632,0.006530612244897959,0.04938775510204082,0.008979591836734694,0.06693877551020408,0.011428571428571429,0.0020408163265306124,0.0069387755102040816,0.11224489795918367,0.007755102040816327
0.002843216896831844,0.4065800162469537,0.16734362307067424,0.003249390739236393,0.0966693744922827,0.004467912266450041,0.047116165718927704,0.006904955320877335,0.04914703493095045,0.008529650690495532,0.06661251015434606,0.011779041429731926,0.002437043054427295,0.006498781478472786,0.11251015434606011,0.007311129163281885
0.0024410089503661514,0.40439381611065905,0.16517493897477625,0.0040683482506102524,0.09641985353946297,0.0052888527257933275,0.04800650935720097,0.006916192026037429,0.04922701383238405,0.00935720097640358,0.06753458096013018,0.011391375101708706,0.0020341741253051262,0.006916192026037429,0.11269324654190399,0.008136696501220505
0.00283860502838605,0.4067315490673155,0.16747769667477697,0.0040551500405515,0.09570154095701541,0.0052716950527169504,0.04744525547445255,0.007704785077047851,0.048256285482562854,0.00851581508515815,0.06609894566098945,0.0113544201135442,0.0012165450121654502,0.006082725060827251,0.11313868613138686,0.008110300081103
0.0020242914979757085,0.4068825910931174,0.16842105263157894,0.0036437246963562753,0.09595141700404858,0.004858299595141701,0.048582995951417005,0.0072874493927125505,0.04817813765182186,0.008502024291497975,0.06639676113360324,0.010931174089068825,0.0020242914979757085,0.006477732793522267,0.1125506072874494,0.0072874493927125505
0.002430133657351154,0.4086674767112191,0.1652490886998785,0.0044552450384771165,0.09477521263669501,0.0044552450384771165,0.049412717699473474,0.007695423248278655,0.04900769542324828,0.009720534629404616,0.06520858647225597,0.010935601458080195,0.002025111381125962,0.006075334143377886,0.1117861482381531,0.008100445524503848
0.0020391517128874386,0.4102773246329527,0.16639477977161501,0.004486133768352365,0.09461663947797716,0.004486133768352365,0.04934747145187602,0.007748776508972268,0.04853181076672104,0.00897226753670473,0.06402936378466557,0.01101141924959217,0.0008156606851549756,0.0065252854812398045,0.11296900489396411,0.007748776508972268
0.0024479804161566705,0.408812729498164,0.16442268461852305,0.004079967360261118,0.09587923296613628,0.00448796409628723,0.049367605059159526,0.007751937984496124,0.04895960832313342,0.008159934720522236,0.06487148102815178,0.01142390860873113,0.0008159934720522236,0.0069359445124439,0.11301509587923296,0.008567931456548347
0.0020391517128874386,0.40823817292006526,0.16598694942903752,0.00367047308319739,0.09502446982055465,0.004486133768352365,0.04934747145187602,0.00734094616639478,0.05138662316476346,0.00734094616639478,0.0636215334420881,0.011827079934747145,0.0012234910277324632,0.00734094616639478,0.1133768352365416,0.007748776508972268
0.0024459845087647777,0.40766408479412963,0.16551161842641662,0.0028536485935589076,0.0949857317570322,0.004891969017529555,0.05014268242967795,0.008153281695882593,0.05014268242967795,0.007337953526294333,0.06400326131267835,0.01141459437423563,0.0008153281695882593,0.007337953526294333,0.11455360782715043,0.0077456176110884635
0.0016339869281045752,0.4076797385620915,0.1670751633986928,0.0028594771241830064,0.09395424836601307,0.004901960784313725,0.05024509803921569,0.007761437908496732,0.05024509803921569,0.007352941176470588,0.06372549019607843,0.011029411764705883,0.0012254901960784314,0.008169934640522876,0.1147875816993464,0.007352941176470588
0.0016273393002441008,0.4076484947111473,0.16680227827502034,0.0028478437754271765,0.09316517493897478,0.004475183075671277,0.05044751830756713,0.008136696501220505,0.04922701383238405,0.006509357200976403,0.06631407648494711,0.009764035801464606,0.0020341741253051262,0.008950366151342554,0.11472742066720912,0.007323026851098454
0.0020341741253051262,0.40886899918633035,0.16558177379983727,0.0040683482506102524,0.09275834011391375,0.004882017900732303,0.05044751830756713,0.007729861676159479,0.04963384865744508,0.006102522375915379,0.06468673718470301,0.01017087062652563,0.0016273393002441008,0.00935720097640358,0.11472742066720912,0.007323026851098454
0.002036659877800407,0.41018329938900205,0.16619144602851324,0.004480651731160896,0.09409368635437881,0.004887983706720978,0.04969450101832994,0.007739307535641548,0.05010183299389002,0.005702647657841141,0.06395112016293279,0.010590631364562118,0.001629327902240326,0.008553971486761711,0.11323828920570264,0.006924643584521385
0.0012219959266802445,0.4109979633401222,0.16659877800407333,0.004073319755600814,0.09327902240325865,0.005295315682281059,0.04969450101832994,0.007739307535641548,0.0505091649694501,0.006109979633401222,0.06476578411405295,0.010590631364562118,0.0012219959266802445,0.007739307535641548,0.11323828920570264,0.006924643584521385
0.0016333197223356473,0.41037158023683135,0.1657819518170682,0.004083299305839118,0.09309922417313189,0.0057166190281747655,0.049407921600653326,0.007349938750510413,0.05063291139240506,0.006124948958758677,0.06655777868517762,0.010616578195181707,0.0008166598611678236,0.008574928542262147,0.11310739077174357,0.006124948958758677
0.0016286644951140066,0.41164495114006516,0.16653094462540716,0.004071661237785016,0.09324104234527687,0.007328990228013029,0.048452768729641695,0.007736156351791531,0.0500814332247557,0.0061074918566775245,0.06514657980456026,0.01017915309446254,0.0012214983713355048,0.008143322475570033,0.11237785016286644,0.0061074918566775245
0.0016260162601626016,0.41260162601626016,0.1654471544715447,0.003658536585365854,0.09349593495934959,0.006097560975609756,0.048373983739837395,0.007723577235772358,0.051626016260162604,0.0065040650406504065,0.06463414634146342,0.01016260162601626,0.0016260162601626016,0.007723577235772358,0.11300813008130081,0.005691056910569106
0.002029220779220779,0.4119318181818182,0.16517857142857142,0.004464285714285714,0.09375,0.006087662337662338,0.049107142857142856,0.007305194805194805,0.05154220779220779,0.006493506493506494,0.06290584415584416,0.010551948051948052,0.0016233766233766235,0.007305194805194805,0.11404220779220779,0.005681818181818182
0.0020333468889792597,0.4123627490849939,0.16632777551850345,0.004473363155754371,0.0939406262708418,0.0061000406669377795,0.048800325335502236,0.0069133794225294835,0.050020333468889795,0.005286701911346075,0.0634404229361529,0.01057340382269215,0.0020333468889792597,0.0073200488003253355,0.1142740951606344,0.0061000406669377795
0.002843216896831844,0.41064175467099917,0.16734362307067424,0.005280259951259139,0.09463850528025995,0.006498781478472786,0.048740861088545896,0.006904955320877335,0.050365556458164096,0.005686433793663688,0.06336311941510966,0.010154346060113728,0.0020308692120227455,0.007717303005686434,0.11210398050365557,0.005686433793663688
0.004056795131845842,0.4109533468559838,0.1667342799188641,0.0032454361054766734,0.09411764705882353,0.007302231237322515,0.049087221095334685,0.007302231237322515,0.05030425963488844,0.005679513184584178,0.06288032454361055,0.010547667342799188,0.0012170385395537525,0.007707910750507099,0.1127789046653144,0.006085192697768763
0.0040683482506102524,0.41375101708706263,0.1643612693246542,0.0028478437754271765,0.0919446704637917,0.007323026851098454,0.0500406834825061,0.008136696501220505,0.05126118795768918,0.005695687550854353,0.06346623270951994,0.00935720097640358,0.0016273393002441008,0.007323026851098454,0.11310008136696502,0.005695687550854353
0.003661513425549227,0.41334418226200165,0.16232709519934907,0.0028478437754271765,0.09113100081366965,0.006916192026037429,0.0500406834825061,0.008136696501220505,0.050854353132628156,0.005695687550854353,0.06550040683482507,0.00935720097640358,0.0012205044751830757,0.00854353132628153,0.11350691619202603,0.006916192026037429
0.004074979625101874,0.4111654441727791,0.1625916870415648,0.0032599837000814994,0.09005704971475142,0.006519967400162999,0.05093724531377343,0.007742461287693562,0.05215973920130399,0.006112469437652812,0.06642216788916055,0.009779951100244499,0.0012224938875305623,0.008557457212713936,0.11287693561532193,0.006519967400162999
0.0032639738882088943,0.412484700122399,0.16279069767441862,0.0036719706242350062,0.08853529171766626,0.005711954304365565,0.05222358221134231,0.008159934720522236,0.05344757241942064,0.006527947776417789,0.06609547123623011,0.00897592819257446,0.0016319869441044472,0.006527947776417789,0.11301509587923296,0.0069359445124439
0.0028524857375713123,0.41401792991035047,0.16381418092909536,0.0032599837000814994,0.08679706601466992,0.0057049714751426246,0.05215973920130399,0.008557457212713936,0.05419722901385493,0.0069274653626731865,0.06438467807660962,0.008557457212713936,0.0012224938875305623,0.006519967400162999,0.1132844335778321,0.007742461287693562
0.002044989775051125,0.416359918200409,0.1652351738241309,0.0032719836400817996,0.08711656441717791,0.0057259713701431495,0.049897750511247445,0.0081799591002045,0.05521472392638037,0.006543967280163599,0.06339468302658487,0.008588957055214725,0.0008179959100204499,0.006543967280163599,0.1132924335378323,0.007770961145194274
0.0024311183144246355,0.4189627228525122,0.16572123176661263,0.0032414910858995136,0.08589951377633712,0.006077795786061589,0.050243111831442464,0.008103727714748784,0.05429497568881685,0.006482982171799027,0.06361426256077796,0.008103727714748784,0.0008103727714748784,0.00526742301458671,0.11304700162074555,0.007698541329011345
0.0020308692120227455,0.41632818846466285,0.1669374492282697,0.0036555645816409425,0.08610885458976442,0.006092607636068237,0.050365556458164096,0.008123476848090982,0.053208773354995936,0.006498781478472786,0.06580016246953696,0.008123476848090982,0.0008123476848090983,0.005280259951259139,0.11332250203086922,0.007311129163281885
