C_R,C_A,C_S,C_N,D_R,D_A,D_S,D_N,Oc_R,Oc_A,Oc_S,Oc_N,Od_R,Od_A,Od_S,Od_N
0.0,0.0,0.0,1.0,0.0,0.0,0.0,0.0,0.0,0.0,0.0,0.0,0.0,0.0,0.0,0.0
0.0,0.0,0.0,0.6666666666666666,0.0,0.0,0.0,0.0,0.0,0.0,0.0,0.0,0.0,0.0,0.3333333333333333,0.0
0.0,0.0,0.0,0.5714285714285714,0.0,0.0,0.14285714285714285,0.0,0.0,0.0,0.0,0.0,0.0,0.0,0.2857142857142857,0.0
0.0,0.0,0.0,0.5185185185185185,0.0,0.0,0.14814814814814814,0.0,0.0,0.0,0.0,0.0,0.0,0.0,0.25925925925925924,0.07407407407407407
0.0,0.0,0.038461538461538464,0.46153846153846156,0.0,0.0,0.15384615384615385,0.0,0.0,0.0,0.0,0.0,0.0,0.0,0.2692307692307692,0.07692307692307693
0.0,0.0,0.03333333333333333,0.4222222222222222,0.022222222222222223,0.0,0.16666666666666666,0.0,0.0,0.0,0.0,0.0,0.0,0.0,0.26666666666666666,0.08888888888888889
0.0,0.0,0.0425531914893617,0.3900709219858156,0.0425531914893617,0.0,0.1702127659574468,0.0,0.0,0.0,0.0,0.0,0.0,0.0,0.24822695035460993,0.10638297872340426
0.0,0.0,0.056338028169014086,0.323943661971831,0.051643192488262914,0.0,0.16901408450704225,0.0,0.0,0.0,0.009389671361502348,0.009389671361502348,0.009389671361502348,0.0,0.24882629107981222,0.12206572769953052
0.0,0.0,0.06354515050167224,0.29431438127090304,0.06688963210702341,0.0,0.1605351170568562,0.006688963210702341,0.0,0.0,0.010033444816053512,0.013377926421404682,0.013377926421404682,0.0,0.23745819397993312,0.13377926421404682
0.0,0.0,0.07107843137254902,0.27205882352941174,0.08333333333333333,0.0,0.14460784313725492,0.00980392156862745,0.0,0.0,0.014705882352941176,0.01715686274509804,0.0196078431372549,0.0,0.22794117647058823,0.13970588235294118
0.001834862385321101,0.003669724770642202,0.07706422018348624,0.24587155963302754,0.09541284403669725,0.0,0.13211009174311927,0.014678899082568808,0.001834862385321101,0.0,0.022018348623853212,0.01834862385321101,0.022018348623853212,0.0,0.22201834862385322,0.14311926605504588
0.0014005602240896359,0.0056022408963585435,0.08543417366946779,0.21988795518207283,0.10644257703081232,0.0014005602240896359,0.12605042016806722,0.02100840336134454,0.0028011204481792717,0.0,0.029411764705882353,0.018207282913165267,0.02661064425770308,0.0,0.21008403361344538,0.14565826330532214
0.0011074197120708748,0.008859357696566999,0.09523809523809523,0.20155038759689922,0.11184939091915837,0.0022148394241417496,0.11627906976744186,0.029900332225913623,0.0022148394241417496,0.0,0.03322259136212625,0.019933554817275746,0.031007751937984496,0.0,0.20376522702104097,0.14285714285714285
0.0027100271002710027,0.00993676603432701,0.1011743450767841,0.1860885275519422,0.11382113821138211,0.0036133694670280035,0.10840108401084012,0.036133694670280034,0.0027100271002710027,0.0009033423667570009,0.037037037037037035,0.02168021680216802,0.03523035230352303,0.0009033423667570009,0.2014453477868112,0.13821138211382114
0.0037907505686125853,0.011372251705837756,0.1023502653525398,0.1728582259287339,0.11675511751326763,0.004548900682335102,0.10310841546626232,0.04169825625473844,0.0037907505686125853,0.002274450341167551,0.0401819560272934,0.022744503411675512,0.03639120545868082,0.000758150113722517,0.20242608036391205,0.13495072024260804
0.003924133420536298,0.012426422498364944,0.1039895356442119,0.16219751471550034,0.1170699803793329,0.006540222367560497,0.09614126880313931,0.04578155657292348,0.005232177894048398,0.0032701111837802484,0.04512753433616743,0.02354480052321779,0.03924133420536298,0.001962066710268149,0.19816873773708307,0.1353826030085023
0.003486345148169669,0.013945380592678676,0.10400929692039512,0.15223707147007554,0.11621150493898896,0.011040092969203951,0.08832074375363161,0.04880883207437536,0.005229517722254503,0.002905287623474724,0.04938988959907031,0.028471818710052294,0.041836141778036025,0.002324230098779779,0.19930273097036608,0.13248111563044743
0.0036706869428421605,0.015207131620346093,0.10225485055060304,0.14368117461982172,0.11851074986890404,0.01415836392239119,0.08337703198741479,0.04929208180388044,0.007341373885684321,0.003146303093864709,0.0508652333508128,0.032511798636601995,0.04457262716308338,0.002097535395909806,0.19874147876245413,0.1305715783953854
0.003370245546461242,0.015406836783822821,0.1006259027443428,0.13432835820895522,0.11651420317766009,0.01781415503129514,0.07944150216658642,0.05151661049590756,0.008184882041405874,0.0038517091959557053,0.05199807414540202,0.03707270101107366,0.05199807414540202,0.0019258545979778526,0.1974000962927299,0.12855079441502168
0.0031717263253285004,0.014499320344358859,0.1010421386497508,0.12777526053466243,0.1137290439510648,0.019483461712732214,0.07521522428636157,0.05210693248753965,0.009968282736746714,0.004984141368373357,0.05618486633439058,0.0412324422292705,0.057091073855913006,0.002718622564567286,0.19483461712732217,0.12596284549161757
0.003879310344827586,0.013793103448275862,0.10086206896551723,0.12241379310344827,0.1103448275862069,0.020689655172413793,0.07155172413793104,0.05172413793103448,0.01293103448275862,0.00646551724137931,0.05991379310344828,0.046120689655172416,0.059482758620689656,0.005172413793103448,0.19181034482758622,0.12284482758620689
0.0037422037422037424,0.014137214137214138,0.10062370062370063,0.11891891891891893,0.10727650727650728,0.02203742203742204,0.06943866943866944,0.051143451143451146,0.014553014553014554,0.008316008316008316,0.06153846153846154,0.04656964656964657,0.060291060291060294,0.006237006237006237,0.19376299376299377,0.12141372141372142
0.0040766408479412965,0.014268242967794538,0.10110069302894414,0.11659192825112108,0.10640032613126783,0.022013860578883,0.06644924582144313,0.05177333876885446,0.017121891561353443,0.010191602119853241,0.06196494088870771,0.04688136975132491,0.059926620464737054,0.007337953526294333,0.1940481043620057,0.11985324092947411
0.004433696090286175,0.014510278113663845,0.1003627569528416,0.11688835147118097,0.10681176944780331,0.022974607013301087,0.06569931479242241,0.05078597339782346,0.019347037484885126,0.010479645304312777,0.06086255542120113,0.04836759371221282,0.060056428859330914,0.007658202337767029,0.19266424828698106,0.1180975413139863
0.004801920768307323,0.014805922368947578,0.09963985594237695,0.11764705882352941,0.10684273709483794,0.022809123649459785,0.06562625050020009,0.05042016806722689,0.021608643457382955,0.011204481792717087,0.06042416966786715,0.04841936774709884,0.05962384953981593,0.010004001600640256,0.1872749099639856,0.11884753901560624
0.0052,0.0152,0.1004,0.1172,0.1068,0.0228,0.0652,0.0496,0.022,0.0124,0.0608,0.0484,0.0592,0.0108,0.1852,0.1188
0.0064,0.0164,0.0984,0.1168,0.1068,0.0228,0.0648,0.0512,0.0224,0.0124,0.0616,0.0492,0.0588,0.012,0.1828,0.1172
0.0072,0.0168,0.098,0.1164,0.1064,0.0236,0.0644,0.0508,0.0228,0.0128,0.0624,0.0488,0.058,0.0124,0.1824,0.1168
0.008,0.0168,0.0968,0.116,0.1064,0.024,0.0652,0.0504,0.024,0.0132,0.062,0.0504,0.058,0.0124,0.1804,0.116
0.0076,0.0168,0.0976,0.1176,0.1056,0.0244,0.0652,0.0496,0.0244,0.0144,0.0616,0.0504,0.0572,0.0132,0.1788,0.1156
0.008,0.0168,0.0972,0.1192,0.1056,0.0244,0.0644,0.0492,0.0252,0.0152,0.0616,0.0504,0.0572,0.0128,0.1776,0.1152
0.0088,0.016,0.0976,0.1184,0.1052,0.0252,0.064,0.0496,0.0264,0.0148,0.0604,0.0508,0.0568,0.0136,0.1768,0.1156
0.0096,0.0164,0.0972,0.1184,0.106,0.0252,0.0644,0.048,0.0272,0.0148,0.0612,0.0512,0.0564,0.0148,0.174,0.1152
0.01,0.0168,0.0964,0.1192,0.1052,0.026,0.064,0.0476,0.0272,0.0148,0.0612,0.0512,0.056,0.0156,0.1732,0.1156
0.0112,0.0168,0.0956,0.1188,0.1052,0.026,0.064,0.048,0.0276,0.0144,0.0616,0.0512,0.0564,0.016,0.1724,0.1148
0.012,0.0168,0.096,0.1184,0.104,0.0272,0.064,0.0492,0.0276,0.0152,0.0612,0.0516,0.056,0.0172,0.1696,0.114
0.0132,0.0176,0.096,0.1188,0.1032,0.0272,0.064,0.0504,0.0276,0.0156,0.0624,0.0508,0.0552,0.0164,0.1684,0.1132
0.0136,0.0176,0.096,0.1184,0.1024,0.0272,0.0644,0.0504,0.0276,0.016,0.0636,0.0504,0.0568,0.0172,0.166,0.1124
0.014,0.0184,0.096,0.1184,0.1024,0.0272,0.0632,0.052,0.0276,0.0164,0.0636,0.0504,0.0556,0.0176,0.1648,0.1124
0.0144,0.0188,0.0952,0.118,0.1016,0.0272,0.0624,0.0532,0.0272,0.0168,0.0648,0.05,0.0552,0.018,0.1644,0.1128
0.0148,0.0192,0.0944,0.1184,0.1016,0.0272,0.062,0.054,0.028,0.0168,0.0644,0.0508,0.0552,0.0192,0.162,0.112
0.0152,0.0192,0.0932,0.1168,0.1008,0.0276,0.0624,0.054,0.028,0.018,0.0652,0.0516,0.0548,0.0192,0.1628,0.1112
0.0164,0.0192,0.092,0.1152,0.1004,0.0288,0.0628,0.0556,0.0284,0.0184,0.0652,0.052,0.0556,0.0188,0.16,0.1112
0.0172,0.0196,0.0904,0.1148,0.1004,0.0296,0.0628,0.0544,0.0284,0.0196,0.0652,0.0512,0.0568,0.02,0.1584,0.1112
0.0176,0.0196,0.0884,0.1156,0.1008,0.0296,0.0632,0.0548,0.0284,0.0204,0.0656,0.0516,0.0564,0.0196,0.1564,0.112
0.0188,0.0196,0.0888,0.1152,0.1004,0.0296,0.0644,0.0544,0.0288,0.0208,0.064,0.052,0.0568,0.0192,0.1552,0.112
0.0188,0.0208,0.088,0.114,0.1,0.0308,0.0644,0.0532,0.0296,0.0208,0.0644,0.0524,0.0564,0.02,0.1536,0.1128
0.0196,0.0216,0.0876,0.1132,0.1004,0.0304,0.0636,0.0532,0.0296,0.0216,0.064,0.0532,0.0564,0.0196,0.1532,0.1128
0.0204,0.022,0.086,0.1116,0.0996,0.0312,0.0644,0.0528,0.0316,0.022,0.0644,0.0532,0.0568,0.0192,0.1528,0.112
0.0212,0.022,0.0848,0.1108,0.1008,0.0316,0.0636,0.054,0.0316,0.022,0.0648,0.0532,0.0564,0.0188,0.1528,0.1116
0.022,0.022,0.0848,0.1104,0.1004,0.0308,0.064,0.0556,0.032,0.0224,0.0652,0.0532,0.0548,0.0188,0.1528,0.1108
0.0228,0.022,0.0848,0.1096,0.1004,0.0304,0.0636,0.0564,0.032,0.022,0.0656,0.0536,0.0556,0.02,0.1512,0.11
0.0232,0.022,0.0844,0.1096,0.0988,0.03,0.0644,0.0564,0.032,0.0224,0.0668,0.0536,0.0564,0.02,0.1504,0.1096
0.0236,0.0232,0.084,0.11,0.0972,0.03,0.0656,0.0572,0.032,0.0232,0.0668,0.0516,0.0564,0.0204,0.1492,0.1096
0.0248,0.0236,0.0844,0.1096,0.0972,0.0304,0.0664,0.0572,0.0336,0.0236,0.0672,0.0512,0.056,0.0196,0.1472,0.108
0.0252,0.024,0.0836,0.1104,0.0976,0.0304,0.0664,0.058,0.0332,0.024,0.0668,0.0512,0.056,0.0208,0.146,0.1064
0.0256,0.0244,0.0832,0.1096,0.098,0.0308,0.066,0.0576,0.034,0.0252,0.0676,0.0512,0.0552,0.0208,0.1456,0.1052
0.0256,0.024,0.0832,0.1096,0.0976,0.032,0.0656,0.058,0.034,0.0248,0.0664,0.0516,0.0552,0.0216,0.1456,0.1052
0.0256,0.024,0.0836,0.1084,0.0976,0.032,0.0664,0.0584,0.0336,0.0252,0.0656,0.0516,0.0548,0.0216,0.1456,0.106
0.026,0.0256,0.0836,0.108,0.0976,0.032,0.0664,0.06,0.0336,0.0252,0.0656,0.0524,0.056,0.022,0.1412,0.1048
0.0268,0.0252,0.082,0.1076,0.098,0.0336,0.0644,0.0608,0.0336,0.0256,0.0664,0.0524,0.0568,0.0228,0.1396,0.1044
0.0264,0.0256,0.0812,0.1072,0.0976,0.0336,0.0644,0.0616,0.034,0.0256,0.0668,0.0516,0.0568,0.024,0.1396,0.104
0.028,0.0272,0.0816,0.1068,0.096,0.0336,0.0648,0.0608,0.0344,0.0256,0.0664,0.0516,0.058,0.0248,0.1368,0.1036
0.0288,0.0276,0.0812,0.106,0.0956,0.0344,0.0644,0.0608,0.0348,0.0256,0.066,0.0516,0.0576,0.0264,0.136,0.1032
0.03,0.028,0.08,0.1056,0.0952,0.0356,0.064,0.0616,0.0348,0.0256,0.0652,0.0512,0.0584,0.0272,0.1356,0.102
0.0296,0.0276,0.08,0.1044,0.0952,0.0376,0.0636,0.062,0.0352,0.026,0.0652,0.0516,0.058,0.0276,0.1352,0.1012
0.0304,0.0288,0.0796,0.104,0.0948,0.038,0.0648,0.062,0.0348,0.0264,0.0652,0.052,0.0572,0.0276,0.1336,0.1008
0.0308,0.0288,0.0796,0.1048,0.0936,0.0392,0.064,0.0624,0.0348,0.0272,0.0652,0.0516,0.0564,0.0268,0.1332,0.1016
0.0308,0.0296,0.08,0.1036,0.0924,0.04,0.0632,0.0628,0.0348,0.0276,0.0644,0.052,0.0572,0.0272,0.1324,0.102
0.0316,0.0292,0.0796,0.1028,0.092,0.0404,0.062,0.0632,0.036,0.028,0.064,0.052,0.0568,0.0284,0.1316,0.1024
0.0312,0.0292,0.0796,0.1036,0.0916,0.0404,0.0624,0.0636,0.036,0.0288,0.064,0.052,0.0568,0.0292,0.1304,0.1012
0.0336,0.0296,0.0788,0.104,0.0904,0.0404,0.0624,0.0628,0.0372,0.0284,0.0652,0.0508,0.0572,0.0292,0.1296,0.1004
0.0348,0.03,0.0792,0.1024,0.09,0.0412,0.0632,0.0616,0.0368,0.028,0.0644,0.052,0.0568,0.0292,0.1292,0.1012
0.0348,0.0312,0.0788,0.1024,0.0896,0.0408,0.0636,0.0624,0.0376,0.028,0.064,0.0524,0.0572,0.0296,0.128,0.0996
0.0344,0.0312,0.0784,0.1024,0.0888,0.0416,0.0624,0.062,0.0384,0.0292,0.0648,0.052,0.058,0.0296,0.1268,0.1
0.036,0.0304,0.0788,0.1004,0.088,0.0416,0.0624,0.0616,0.0384,0.0296,0.0656,0.0532,0.0572,0.03,0.126,0.1008
0.0356,0.03,0.0788,0.1,0.0892,0.042,0.0624,0.0624,0.038,0.0288,0.0648,0.0544,0.0568,0.0304,0.1244,0.102
0.0352,0.0316,0.0796,0.1004,0.0876,0.0416,0.0612,0.0632,0.038,0.0296,0.0652,0.0536,0.0576,0.03,0.1248,0.1008
0.036,0.0316,0.08,0.1008,0.0868,0.0416,0.0604,0.0632,0.038,0.0292,0.0664,0.054,0.0572,0.0304,0.1228,0.1016
0.0356,0.0312,0.08,0.1,0.0864,0.0416,0.06,0.0636,0.0384,0.0296,0.0664,0.054,0.0584,0.0304,0.1228,0.1016
0.036,0.0316,0.0796,0.0992,0.0864,0.0412,0.0608,0.0632,0.0388,0.0292,0.066,0.0536,0.0584,0.0312,0.122,0.1028
0.0364,0.0324,0.08,0.1,0.0868,0.0416,0.0608,0.0636,0.0384,0.0288,0.066,0.0524,0.058,0.0316,0.1216,0.1016
0.038,0.0324,0.0796,0.0992,0.0868,0.0424,0.0616,0.064,0.0372,0.0296,0.066,0.0524,0.0572,0.0312,0.1216,0.1008
0.0388,0.032,0.0796,0.0988,0.0864,0.0428,0.0604,0.0636,0.0376,0.03,0.0652,0.0532,0.0568,0.0332,0.12,0.1016
0.0388,0.032,0.0796,0.0992,0.086,0.0428,0.0608,0.0644,0.0376,0.0296,0.0652,0.0544,0.0568,0.0336,0.118,0.1012
0.0396,0.032,0.0808,0.0972,0.086,0.0428,0.0608,0.064,0.0376,0.03,0.064,0.0544,0.058,0.0336,0.1184,0.1008
0.0404,0.0316,0.08,0.098,0.0864,0.0428,0.06,0.0624,0.0376,0.0304,0.0632,0.0544,0.0588,0.034,0.1196,0.1004
0.0412,0.0308,0.0804,0.0972,0.0852,0.0432,0.06,0.062,0.038,0.032,0.0632,0.0544,0.0596,0.034,0.1196,0.0992
0.042,0.03,0.08,0.0964,0.0844,0.0436,0.0604,0.062,0.038,0.0328,0.062,0.0544,0.0604,0.0344,0.12,0.0992
0.0436,0.0304,0.0788,0.0948,0.0832,0.044,0.0604,0.0624,0.0384,0.0336,0.062,0.0544,0.0592,0.0348,0.12,0.1
0.0432,0.03,0.0792,0.0948,0.0824,0.0444,0.058,0.0632,0.0388,0.034,0.062,0.0548,0.0596,0.0356,0.1204,0.0996
0.0432,0.03,0.0796,0.0952,0.0816,0.0456,0.0576,0.0652,0.0396,0.034,0.0612,0.0536,0.0596,0.036,0.1188,0.0992
0.0436,0.0304,0.0796,0.0932,0.0816,0.0464,0.0584,0.0652,0.0396,0.034,0.0608,0.0552,0.0588,0.0356,0.118,0.0996
0.0452,0.0304,0.0784,0.0932,0.0828,0.0464,0.058,0.0656,0.0396,0.034,0.0604,0.0564,0.058,0.0364,0.1172,0.098
0.0448,0.0292,0.078,0.0928,0.0828,0.0464,0.0588,0.0664,0.04,0.0344,0.0616,0.056,0.0592,0.0368,0.1156,0.0972
0.0448,0.0296,0.0772,0.0928,0.0824,0.046,0.0588,0.0664,0.04,0.0344,0.0616,0.0564,0.0596,0.0368,0.1152,0.098
0.0436,0.0304,0.0764,0.0932,0.0836,0.0472,0.0596,0.0656,0.0404,0.034,0.0616,0.0556,0.0592,0.0368,0.1152,0.0976
0.044,0.0316,0.076,0.0928,0.0832,0.0472,0.0604,0.0652,0.0392,0.0352,0.0608,0.056,0.0592,0.0376,0.1144,0.0972
0.044,0.032,0.0772,0.0928,0.0828,0.0468,0.0608,0.0656,0.0404,0.0348,0.0612,0.0552,0.0588,0.038,0.1124,0.0972
0.0444,0.0316,0.0772,0.0916,0.0828,0.0472,0.0608,0.0656,0.0408,0.0348,0.0612,0.0556,0.0584,0.038,0.1124,0.0976
0.044,0.032,0.0768,0.0916,0.0832,0.0472,0.0604,0.0656,0.0416,0.0336,0.0612,0.0564,0.0584,0.0376,0.1128,0.0976
0.0432,0.0328,0.0776,0.0916,0.0832,0.0472,0.06,0.0648,0.0424,0.0344,0.0608,0.0564,0.0588,0.0376,0.1124,0.0968
0.0436,0.0324,0.0784,0.0904,0.0844,0.0464,0.0608,0.0636,0.0432,0.034,0.0608,0.0568,0.0592,0.0372,0.1128,0.096
0.0428,0.0328,0.0784,0.0908,0.084,0.0456,0.0608,0.0636,0.0432,0.0344,0.0604,0.0576,0.0596,0.0376,0.1128,0.0956
0.0424,0.0328,0.0788,0.0896,0.084,0.046,0.0608,0.0632,0.044,0.0348,0.06,0.0584,0.0592,0.038,0.1128,0.0952
0.0424,0.0336,0.078,0.0896,0.084,0.046,0.0612,0.0636,0.044,0.034,0.0608,0.058,0.06,0.038,0.1116,0.0952
0.0428,0.034,0.0772,0.0892,0.0832,0.0472,0.0624,0.0636,0.0436,0.034,0.0612,0.0568,0.0604,0.0388,0.1112,0.0944
0.042,0.034,0.0772,0.0884,0.0828,0.048,0.0612,0.0632,0.044,0.034,0.0608,0.0568,0.0612,0.04,0.112,0.0944
0.0416,0.034,0.0764,0.0884,0.0836,0.0476,0.0612,0.0628,0.044,0.0348,0.0616,0.058,0.0608,0.0404,0.1112,0.0936
0.0416,0.0344,0.0772,0.0872,0.0848,0.0476,0.0596,0.0628,0.0444,0.0352,0.0616,0.058,0.062,0.0396,0.1104,0.0936
0.0416,0.0344,0.0772,0.0872,0.0852,0.0464,0.0608,0.0632,0.0448,0.0352,0.0616,0.0588,0.062,0.0388,0.1112,0.0916
0.0416,0.0344,0.0764,0.0868,0.0844,0.0472,0.0612,0.0632,0.0452,0.0348,0.0616,0.058,0.0616,0.0408,0.1112,0.0916
0.0424,0.0352,0.076,0.0856,0.0836,0.046,0.0624,0.0632,0.0468,0.034,0.0612,0.0596,0.0612,0.0404,0.1108,0.0916
0.0424,0.0356,0.0756,0.0864,0.0844,0.046,0.0624,0.0636,0.0476,0.0344,0.0616,0.0588,0.0596,0.0396,0.11,0.092
0.0436,0.0352,0.0748,0.0856,0.0852,0.0468,0.062,0.0632,0.0476,0.0348,0.0604,0.0588,0.0596,0.04,0.11,0.0924
0.0432,0.0352,0.0756,0.0856,0.0848,0.0468,0.0616,0.0636,0.0468,0.0356,0.0604,0.058,0.0604,0.0408,0.1096,0.092
0.0424,0.0352,0.0764,0.0856,0.0848,0.0464,0.0616,0.064,0.0476,0.0356,0.0608,0.0576,0.0608,0.04,0.1088,0.0924
0.0428,0.036,0.0768,0.0844,0.0836,0.0468,0.0608,0.0644,0.0476,0.0364,0.0616,0.0568,0.0628,0.0396,0.1092,0.0904
0.0428,0.036,0.0764,0.0836,0.0848,0.0468,0.0624,0.0648,0.048,0.0356,0.0612,0.0576,0.0628,0.0392,0.1076,0.0904
0.0428,0.0356,0.076,0.0848,0.0828,0.0472,0.0628,0.0652,0.0476,0.036,0.0612,0.056,0.0632,0.0396,0.1096,0.0896
0.0428,0.0364,0.0764,0.0848,0.082,0.0468,0.0632,0.0644,0.0476,0.036,0.0616,0.0556,0.0644,0.0408,0.1084,0.0888
0.0428,0.0364,0.0764,0.0844,0.0816,0.0472,0.0644,0.0644,0.0476,0.0364,0.06,0.056,0.0644,0.04,0.1088,0.0892
0.0424,0.0368,0.0772,0.0844,0.0812,0.0464,0.0644,0.0644,0.0476,0.0368,0.0608,0.0564,0.064,0.04,0.1088,0.0884
0.0432,0.0376,0.076,0.0848,0.0816,0.046,0.0656,0.064,0.0468,0.0372,0.0612,0.0564,0.0648,0.04,0.108,0.0868
0.0436,0.0376,0.0768,0.0852,0.0812,0.0452,0.0664,0.0652,0.046,0.0368,0.0612,0.0564,0.064,0.0404,0.1072,0.0868
0.0436,0.0376,0.0756,0.0852,0.0812,0.046,0.066,0.0648,0.0468,0.0368,0.0612,0.0568,0.064,0.0412,0.108,0.0852
0.0432,0.0396,0.0756,0.084,0.0808,0.046,0.0652,0.0636,0.0472,0.0368,0.0616,0.0572,0.0644,0.0412,0.1084,0.0852
0.0428,0.04,0.0748,0.084,0.0796,0.0468,0.0656,0.0624,0.0476,0.0368,0.0608,0.0576,0.064,0.0416,0.1092,0.0864
0.0424,0.04,0.0756,0.0848,0.0788,0.0464,0.0656,0.0628,0.0476,0.0368,0.0604,0.058,0.064,0.0404,0.1084,0.088
0.042,0.0404,0.0764,0.0844,0.0788,0.0464,0.0652,0.0636,0.0476,0.0376,0.06,0.0588,0.0632,0.0408,0.1072,0.0876
0.042,0.0408,0.0772,0.0848,0.0776,0.0452,0.0656,0.064,0.0476,0.0372,0.0596,0.0592,0.0636,0.0412,0.1076,0.0868
0.0424,0.0416,0.078,0.0848,0.0776,0.0448,0.0648,0.0632,0.0472,0.0372,0.06,0.0604,0.0648,0.0408,0.106,0.0864
0.0424,0.0416,0.078,0.0848,0.078,0.0444,0.064,0.0632,0.0476,0.0376,0.0604,0.0616,0.0652,0.0404,0.1056,0.0852
0.042,0.042,0.0788,0.0836,0.0788,0.044,0.0636,0.0632,0.0472,0.0368,0.0612,0.0616,0.0652,0.0408,0.1052,0.086
0.0428,0.0428,0.078,0.0836,0.0784,0.0456,0.0616,0.0628,0.0472,0.038,0.0612,0.0616,0.0656,0.0396,0.104,0.0872
0.0436,0.0428,0.0784,0.0816,0.0776,0.0456,0.0616,0.0628,0.0476,0.0376,0.0612,0.062,0.0656,0.0396,0.1048,0.0876
0.042,0.0428,0.0776,0.0816,0.0788,0.0472,0.062,0.0628,0.0472,0.0384,0.0612,0.0628,0.0652,0.0412,0.1024,0.0868
0.0424,0.0428,0.0772,0.0804,0.0792,0.0464,0.0628,0.0636,0.0464,0.0388,0.062,0.0636,0.0648,0.0408,0.1024,0.0864
0.0444,0.042,0.0784,0.0796,0.0804,0.0464,0.062,0.0636,0.0464,0.0384,0.0632,0.064,0.0648,0.0392,0.1008,0.0864
0.0464,0.0416,0.078,0.0804,0.0804,0.0472,0.0612,0.0632,0.046,0.0388,0.0628,0.064,0.0644,0.0388,0.1004,0.0864
0.0468,0.0412,0.0768,0.0808,0.0804,0.0472,0.062,0.0632,0.046,0.0396,0.0632,0.0636,0.064,0.0392,0.0996,0.0864
0.0464,0.0428,0.0752,0.0812,0.0808,0.0472,0.0632,0.0628,0.0464,0.0404,0.0636,0.0624,0.064,0.0396,0.098,0.086
0.046,0.0432,0.0744,0.0816,0.0804,0.048,0.0632,0.062,0.0472,0.0412,0.064,0.0628,0.0628,0.04,0.0972,0.086
0.0452,0.0444,0.074,0.0808,0.0804,0.0488,0.0632,0.062,0.0472,0.0416,0.064,0.0632,0.062,0.0408,0.0968,0.0856
0.046,0.0444,0.0736,0.0788,0.0808,0.0492,0.064,0.0616,0.0476,0.042,0.064,0.064,0.0612,0.0404,0.0968,0.0856
0.0476,0.0452,0.074,0.0776,0.08,0.0496,0.064,0.0612,0.0476,0.0424,0.0632,0.0636,0.0612,0.0412,0.0964,0.0852
0.0476,0.0464,0.0748,0.0776,0.08,0.0496,0.064,0.0616,0.0476,0.0428,0.0632,0.0636,0.0616,0.04,0.0956,0.084
0.0472,0.0468,0.0748,0.078,0.0792,0.0492,0.0636,0.062,0.048,0.042,0.0636,0.0636,0.0604,0.04,0.0956,0.086
0.048,0.0472,0.074,0.0776,0.08,0.0492,0.0648,0.0616,0.0488,0.042,0.0636,0.0632,0.0596,0.04,0.0948,0.0856
0.048,0.0476,0.0736,0.0768,0.0804,0.0496,0.0636,0.0616,0.0488,0.0424,0.064,0.0636,0.0596,0.0404,0.0948,0.0852
0.0492,0.0484,0.0736,0.0776,0.0808,0.0496,0.0624,0.0612,0.0484,0.0428,0.0644,0.062,0.06,0.0404,0.0936,0.0856
0.0484,0.0484,0.0748,0.0784,0.08,0.0496,0.0612,0.0616,0.0492,0.044,0.0644,0.0616,0.0592,0.04,0.0936,0.0856
0.05,0.048,0.0748,0.078,0.08,0.0504,0.0604,0.0608,0.05,0.044,0.0652,0.0628,0.0592,0.0384,0.0932,0.0848
0.05,0.048,0.0748,0.0776,0.0796,0.05,0.0596,0.0616,0.0504,0.0436,0.0648,0.0632,0.0588,0.0392,0.0932,0.0856
0.0504,0.0476,0.0752,0.0772,0.08,0.0504,0.06,0.0616,0.0512,0.0444,0.0648,0.0632,0.058,0.0388,0.0928,0.0844
0.0516,0.048,0.0752,0.0776,0.0796,0.0488,0.06,0.062,0.0508,0.0448,0.0652,0.0632,0.058,0.0388,0.0932,0.0832
0.0528,0.0476,0.0736,0.0768,0.0804,0.0492,0.06,0.062,0.0508,0.0444,0.0652,0.0628,0.058,0.0396,0.0936,0.0832
0.0524,0.048,0.0736,0.076,0.08,0.0508,0.0596,0.06,0.0504,0.0444,0.0656,0.064,0.0592,0.04,0.0932,0.0828
0.0524,0.0476,0.0732,0.0752,0.0784,0.0516,0.06,0.0596,0.0512,0.044,0.066,0.0632,0.0604,0.04,0.0932,0.084
0.0524,0.0492,0.0736,0.0756,0.0792,0.052,0.0588,0.0592,0.0524,0.044,0.0656,0.0632,0.0608,0.04,0.0916,0.0824
0.0532,0.05,0.0752,0.0744,0.0796,0.0508,0.058,0.0588,0.0532,0.0436,0.066,0.0628,0.062,0.0392,0.0916,0.0816
0.0536,0.0508,0.0744,0.074,0.0784,0.0508,0.0568,0.0596,0.0532,0.0452,0.0672,0.0624,0.0632,0.0388,0.09,0.0816
0.0532,0.0508,0.0744,0.0732,0.0776,0.05,0.056,0.0592,0.054,0.046,0.068,0.0628,0.0628,0.04,0.09,0.082
0.0532,0.0516,0.0736,0.074,0.0768,0.0496,0.0572,0.06,0.0548,0.0456,0.068,0.062,0.0632,0.0404,0.0888,0.0812
0.0528,0.0512,0.074,0.0748,0.0756,0.0488,0.0568,0.0604,0.0548,0.0456,0.0676,0.0628,0.0636,0.0408,0.0888,0.0816
0.0548,0.0504,0.074,0.074,0.076,0.0488,0.0568,0.0604,0.0556,0.0448,0.0664,0.0632,0.0636,0.0412,0.088,0.082
0.0556,0.0508,0.0732,0.0732,0.076,0.0488,0.0572,0.0596,0.0556,0.0452,0.0664,0.0636,0.0628,0.0424,0.0872,0.0824
0.0556,0.0504,0.0732,0.0736,0.0772,0.0484,0.0572,0.0596,0.0564,0.0452,0.0668,0.0636,0.0624,0.0424,0.0872,0.0808
0.056,0.0512,0.0724,0.0732,0.0796,0.0484,0.0576,0.06,0.0556,0.0464,0.0664,0.064,0.062,0.042,0.086,0.0792
0.0564,0.0512,0.0724,0.0724,0.0796,0.0484,0.058,0.0608,0.056,0.0468,0.066,0.0636,0.062,0.0428,0.0856,0.078
0.0564,0.05,0.0712,0.0724,0.0796,0.0484,0.0588,0.0616,0.0552,0.0472,0.066,0.0632,0.0624,0.0432,0.0852,0.0792
0.0564,0.05,0.0716,0.0728,0.0788,0.048,0.0588,0.0628,0.0544,0.048,0.0652,0.062,0.0624,0.0444,0.0852,0.0792
0.056,0.0484,0.072,0.0728,0.0792,0.0488,0.0588,0.0624,0.0544,0.0484,0.0664,0.0612,0.0624,0.0448,0.0852,0.0788
0.0556,0.0488,0.0708,0.072,0.08,0.0496,0.0588,0.0628,0.0536,0.0484,0.0664,0.0612,0.0616,0.046,0.0856,0.0788
0.0568,0.0476,0.0716,0.0728,0.0804,0.0488,0.0592,0.0624,0.0536,0.0476,0.0664,0.0604,0.0612,0.0464,0.0856,0.0792
0.0564,0.0476,0.072,0.0724,0.08,0.0488,0.06,0.0624,0.0536,0.0476,0.0668,0.0604,0.0596,0.0472,0.0856,0.0796
0.0568,0.0472,0.0708,0.0712,0.0812,0.0492,0.06,0.0628,0.0532,0.048,0.0676,0.0608,0.0592,0.0476,0.084,0.0804
0.0564,0.0468,0.07,0.0724,0.0824,0.0484,0.06,0.0628,0.054,0.0468,0.068,0.0604,0.0584,0.0472,0.0848,0.0812
0.0564,0.0472,0.0696,0.0732,0.0828,0.0492,0.0596,0.0624,0.0532,0.0468,0.0684,0.0616,0.0584,0.0468,0.0844,0.08
0.0568,0.046,0.0696,0.0724,0.0828,0.0504,0.0604,0.062,0.0532,0.046,0.0676,0.0624,0.0588,0.0476,0.084,0.08
0.056,0.046,0.0692,0.0728,0.0832,0.0512,0.0608,0.0616,0.0532,0.0464,0.068,0.062,0.0588,0.0488,0.082,0.08
0.0568,0.0464,0.07,0.0728,0.082,0.0512,0.06,0.062,0.0532,0.0464,0.0672,0.0616,0.06,0.0492,0.0816,0.0796
0.0564,0.0464,0.0704,0.0728,0.082,0.0532,0.0588,0.0624,0.0536,0.0472,0.0676,0.0612,0.0592,0.0488,0.0812,0.0788
0.058,0.0464,0.0692,0.0716,0.0812,0.0536,0.0592,0.0624,0.054,0.0472,0.0672,0.0608,0.0584,0.0508,0.0808,0.0792
0.058,0.0464,0.0696,0.0712,0.0808,0.0532,0.0588,0.0624,0.0544,0.0476,0.068,0.06,0.0588,0.0512,0.08,0.0796
0.0588,0.0468,0.0692,0.0716,0.0808,0.0532,0.058,0.0624,0.0552,0.0464,0.0688,0.0608,0.0584,0.0504,0.0792,0.08
0.0592,0.0464,0.0696,0.0724,0.0808,0.054,0.058,0.062,0.0548,0.046,0.0696,0.06,0.0588,0.0504,0.0784,0.0796
0.06,0.046,0.0696,0.0716,0.0796,0.054,0.0596,0.0632,0.054,0.0452,0.0696,0.0596,0.0608,0.05,0.078,0.0792
0.06,0.046,0.0692,0.0712,0.0788,0.056,0.0592,0.0632,0.0548,0.0444,0.0692,0.058,0.0616,0.0508,0.078,0.0796
0.06,0.046,0.0688,0.0708,0.0796,0.0564,0.0596,0.0632,0.0552,0.0444,0.0696,0.0592,0.0608,0.0508,0.0776,0.078
0.0604,0.0464,0.07,0.0704,0.0792,0.0552,0.0588,0.0632,0.0552,0.0444,0.0712,0.058,0.0616,0.05,0.0776,0.0784
0.0608,0.0452,0.0692,0.0716,0.0788,0.0552,0.0592,0.0632,0.0548,0.044,0.0712,0.0576,0.062,0.0512,0.078,0.078
0.0604,0.0464,0.0692,0.0716,0.0788,0.0552,0.0588,0.0616,0.0552,0.044,0.0708,0.0576,0.062,0.0516,0.0776,0.0792
0.0604,0.0468,0.0696,0.0716,0.0776,0.0552,0.0592,0.0612,0.0556,0.0444,0.07,0.058,0.0624,0.0512,0.0776,0.0792
0.0604,0.048,0.0704,0.07,0.078,0.0556,0.0584,0.06,0.0568,0.0444,0.0692,0.0584,0.0628,0.0512,0.0784,0.078
0.0604,0.0476,0.0704,0.07,0.0776,0.056,0.0576,0.06,0.0572,0.0452,0.0692,0.058,0.0616,0.0524,0.0792,0.0776
0.0608,0.0472,0.0712,0.0696,0.078,0.056,0.0572,0.0592,0.0584,0.0448,0.0684,0.0576,0.0624,0.0516,0.0804,0.0772
0.062,0.0468,0.0708,0.0696,0.078,0.0556,0.0576,0.0596,0.0584,0.0456,0.0672,0.0572,0.0624,0.052,0.0788,0.0784
0.0616,0.0472,0.0692,0.0696,0.0772,0.0556,0.0576,0.0608,0.0584,0.046,0.0664,0.0572,0.0632,0.0524,0.0792,0.0784
0.0624,0.0468,0.0688,0.0696,0.0764,0.056,0.0584,0.0608,0.0576,0.0452,0.0668,0.0572,0.064,0.0532,0.0784,0.0784
0.0624,0.0476,0.0692,0.0696,0.0752,0.0564,0.0588,0.0608,0.0564,0.0448,0.0668,0.058,0.0644,0.0528,0.0776,0.0792
0.0612,0.048,0.0712,0.07,0.0756,0.0564,0.0576,0.0604,0.0568,0.0448,0.0676,0.0572,0.0636,0.0532,0.0772,0.0792
0.0596,0.0468,0.0732,0.0704,0.0756,0.056,0.0572,0.0592,0.0568,0.0456,0.0676,0.0568,0.064,0.0536,0.078,0.0796
0.0584,0.048,0.0728,0.07,0.0744,0.0556,0.0572,0.06,0.0568,0.0464,0.0676,0.0568,0.0648,0.0532,0.078,0.08
0.058,0.0484,0.0728,0.07,0.0744,0.0556,0.0576,0.06,0.0576,0.046,0.0672,0.0568,0.0644,0.0532,0.0776,0.0804
0.0572,0.0472,0.0728,0.0692,0.0744,0.0556,0.0572,0.0596,0.0576,0.0464,0.0672,0.0572,0.0648,0.054,0.078,0.0816
0.0588,0.0472,0.0728,0.07,0.0748,0.0552,0.056,0.0596,0.0576,0.0476,0.0668,0.0564,0.064,0.0544,0.0768,0.082
0.0588,0.0468,0.072,0.0696,0.0748,0.0552,0.0564,0.06,0.0564,0.0476,0.0672,0.0572,0.0652,0.0548,0.076,0.082
0.0584,0.048,0.072,0.0696,0.074,0.0544,0.056,0.06,0.0568,0.0472,0.0672,0.0572,0.0652,0.0552,0.0768,0.082
0.058,0.0496,0.0712,0.0692,0.0744,0.0548,0.0564,0.0608,0.0568,0.0468,0.0676,0.0556,0.0652,0.0552,0.076,0.0824
0.0584,0.0496,0.0716,0.0684,0.074,0.056,0.0576,0.0604,0.056,0.0464,0.0676,0.0552,0.0652,0.0556,0.0764,0.0816
0.0592,0.0504,0.0716,0.0676,0.074,0.056,0.0572,0.0596,0.0552,0.0472,0.0672,0.0552,0.0648,0.0556,0.076,0.0832
0.0592,0.0504,0.072,0.0676,0.0732,0.056,0.0568,0.06,0.0548,0.0472,0.0672,0.0556,0.0656,0.056,0.0752,0.0832
0.0596,0.0496,0.0724,0.066,0.0732,0.056,0.058,0.0592,0.0552,0.0476,0.0676,0.0564,0.0656,0.0556,0.0748,0.0832
0.0608,0.0496,0.0724,0.0664,0.0724,0.0552,0.0588,0.06,0.0552,0.0464,0.068,0.0568,0.066,0.056,0.0736,0.0824
0.0608,0.0504,0.0708,0.0676,0.0728,0.0556,0.0596,0.0588,0.0548,0.046,0.0668,0.0568,0.066,0.0568,0.074,0.0824
0.0604,0.0508,0.0708,0.0684,0.0716,0.0556,0.0592,0.0592,0.0556,0.0464,0.0656,0.0568,0.0656,0.0576,0.0736,0.0828
0.06,0.0508,0.0716,0.068,0.0708,0.056,0.058,0.06,0.054,0.0464,0.066,0.0572,0.0664,0.06,0.0732,0.0816
0.06,0.0504,0.0724,0.068,0.0688,0.0576,0.058,0.0588,0.0536,0.0464,0.0656,0.0584,0.066,0.06,0.0736,0.0824
0.0596,0.05,0.0716,0.0676,0.0688,0.0588,0.0584,0.0584,0.0544,0.046,0.0664,0.0576,0.066,0.06,0.0736,0.0828
0.0592,0.05,0.0732,0.0676,0.0692,0.0588,0.058,0.058,0.054,0.0468,0.0648,0.0584,0.066,0.0596,0.074,0.0824
0.0596,0.05,0.0736,0.066,0.0684,0.0588,0.0584,0.0592,0.0528,0.0468,0.0664,0.0588,0.0656,0.0604,0.074,0.0812
0.0596,0.0492,0.0728,0.0656,0.0688,0.0592,0.0584,0.0596,0.0532,0.0472,0.0676,0.0592,0.0652,0.0612,0.0732,0.08
0.06,0.0488,0.0728,0.0648,0.0676,0.06,0.0572,0.0592,0.054,0.0476,0.0668,0.0604,0.066,0.0612,0.0736,0.08
0.0596,0.048,0.0728,0.064,0.0676,0.06,0.0568,0.06,0.0544,0.0476,0.0672,0.0612,0.0664,0.0604,0.0728,0.0812
0.058,0.0488,0.0724,0.0644,0.0668,0.0604,0.058,0.0608,0.054,0.0488,0.0672,0.0616,0.0668,0.0604,0.0724,0.0792
0.0592,0.0504,0.072,0.064,0.0664,0.058,0.0584,0.0612,0.0556,0.048,0.0672,0.0616,0.0676,0.0596,0.0728,0.078
0.0592,0.0512,0.0712,0.064,0.0676,0.0596,0.0596,0.0608,0.0552,0.0484,0.068,0.0608,0.0664,0.0592,0.0716,0.0772
0.0588,0.0524,0.0724,0.0644,0.068,0.0604,0.0592,0.06,0.0548,0.0484,0.068,0.0604,0.066,0.0596,0.0712,0.076
0.0592,0.0528,0.0728,0.0652,0.0692,0.0608,0.0588,0.0604,0.0548,0.0492,0.0668,0.0592,0.0656,0.0596,0.0704,0.0752
0.0592,0.0536,0.074,0.0636,0.068,0.0608,0.0592,0.06,0.0552,0.0496,0.0668,0.0596,0.0664,0.0588,0.0712,0.074
0.0596,0.0532,0.0728,0.0648,0.0676,0.0612,0.0596,0.0588,0.0548,0.0496,0.0684,0.06,0.0648,0.0588,0.0716,0.0744
0.0596,0.0544,0.0724,0.0648,0.0684,0.0612,0.0596,0.0592,0.0552,0.0496,0.0696,0.0596,0.0636,0.0572,0.0716,0.074
0.0604,0.0544,0.0716,0.0628,0.0684,0.0608,0.0596,0.0592,0.0552,0.0492,0.07,0.0596,0.064,0.0588,0.072,0.074
0.0612,0.0544,0.0708,0.0624,0.0684,0.0592,0.0592,0.0592,0.056,0.0488,0.0716,0.0608,0.064,0.06,0.0716,0.0724
0.0612,0.0528,0.072,0.0624,0.0684,0.0592,0.0596,0.0592,0.0564,0.0484,0.0732,0.0608,0.064,0.0596,0.0708,0.072
0.0604,0.0528,0.0736,0.0608,0.0672,0.06,0.06,0.0584,0.0568,0.0496,0.074,0.0608,0.0632,0.0592,0.0716,0.0716
0.0612,0.0532,0.072,0.0608,0.068,0.06,0.06,0.0576,0.0576,0.0472,0.0748,0.062,0.064,0.0584,0.0712,0.072
0.0612,0.0532,0.072,0.0612,0.0676,0.0604,0.0604,0.0572,0.0576,0.0468,0.074,0.0624,0.064,0.0588,0.0712,0.072
0.062,0.0528,0.0736,0.0612,0.0676,0.0604,0.0596,0.0568,0.0564,0.048,0.0744,0.062,0.064,0.0584,0.0708,0.072
0.0616,0.052,0.074,0.0608,0.068,0.0612,0.0588,0.0564,0.0564,0.0476,0.0752,0.0628,0.0644,0.0592,0.0704,0.0712
0.062,0.052,0.0728,0.0608,0.0676,0.0612,0.0584,0.0572,0.0564,0.0484,0.0756,0.0628,0.0644,0.0592,0.0704,0.0708
0.0612,0.0528,0.072,0.062,0.068,0.0616,0.0572,0.0576,0.0568,0.0476,0.0752,0.062,0.0648,0.06,0.0712,0.07
0.0612,0.0524,0.072,0.062,0.068,0.0616,0.0576,0.058,0.0564,0.048,0.0748,0.062,0.0636,0.0604,0.0712,0.0708
0.0612,0.0524,0.0708,0.062,0.0696,0.062,0.0564,0.058,0.0544,0.048,0.0748,0.062,0.064,0.0616,0.0716,0.0712
0.062,0.0516,0.0712,0.0616,0.0696,0.0616,0.0564,0.058,0.0548,0.0476,0.0756,0.0624,0.0644,0.0616,0.0712,0.0704
0.062,0.0528,0.0708,0.0624,0.0696,0.0616,0.0568,0.0576,0.0556,0.0468,0.0748,0.0624,0.0636,0.0608,0.0712,0.0712
0.0628,0.052,0.0704,0.0624,0.0688,0.0616,0.0564,0.0564,0.0552,0.0472,0.0748,0.0628,0.064,0.0628,0.0716,0.0708
0.0624,0.0516,0.0708,0.0628,0.0692,0.062,0.0564,0.0568,0.056,0.0468,0.0748,0.0636,0.0636,0.0628,0.0708,0.0696
0.0624,0.052,0.0708,0.0624,0.0676,0.0616,0.0568,0.0576,0.0564,0.0468,0.0752,0.0632,0.0632,0.0628,0.0708,0.0704
0.0628,0.0524,0.0712,0.062,0.0676,0.062,0.0568,0.058,0.0564,0.0468,0.0736,0.0636,0.0632,0.0636,0.07,0.07
0.0636,0.052,0.0712,0.0616,0.068,0.0628,0.0568,0.0592,0.0548,0.0468,0.0728,0.064,0.0628,0.064,0.07,0.0696
0.0628,0.0524,0.0712,0.0612,0.068,0.0628,0.0564,0.0592,0.0556,0.048,0.072,0.0636,0.0636,0.0628,0.0708,0.0696
0.0632,0.0524,0.0708,0.0612,0.0688,0.0624,0.0548,0.0572,0.0568,0.048,0.072,0.064,0.064,0.064,0.0708,0.0696
0.0624,0.0528,0.07,0.0612,0.0684,0.062,0.0552,0.0576,0.0564,0.0484,0.0728,0.0636,0.0636,0.0644,0.0712,0.07
0.0616,0.054,0.0712,0.0616,0.0684,0.062,0.0552,0.058,0.056,0.0484,0.0724,0.064,0.0624,0.0632,0.0704,0.0712
0.062,0.0536,0.0704,0.062,0.068,0.0612,0.0556,0.0584,0.0552,0.0484,0.0716,0.0652,0.062,0.0636,0.072,0.0708
0.0616,0.0536,0.0692,0.062,0.0684,0.0612,0.0552,0.06,0.054,0.0496,0.0712,0.0644,0.0616,0.0644,0.0724,0.0712
0.0616,0.0532,0.0684,0.0632,0.0684,0.0608,0.0552,0.06,0.0548,0.05,0.0716,0.0644,0.062,0.0632,0.0716,0.0716
0.0612,0.0532,0.0684,0.0636,0.0688,0.0612,0.0548,0.06,0.0548,0.05,0.0712,0.0648,0.0624,0.0624,0.072,0.0712
0.0616,0.0528,0.0676,0.064,0.0688,0.0616,0.0548,0.0592,0.0548,0.0488,0.0708,0.0656,0.0624,0.0636,0.0728,0.0708
0.062,0.0528,0.0672,0.0644,0.0684,0.0612,0.0552,0.0596,0.056,0.05,0.0696,0.0644,0.0636,0.062,0.072,0.0716
0.0608,0.0532,0.0672,0.0636,0.0688,0.0628,0.0548,0.06,0.056,0.0508,0.0692,0.0636,0.0628,0.0632,0.0716,0.0716
0.062,0.0536,0.0664,0.0636,0.0676,0.062,0.0548,0.06,0.0572,0.0504,0.0692,0.0636,0.0628,0.0628,0.0712,0.0728
0.0628,0.0536,0.066,0.0636,0.0672,0.062,0.0548,0.0616,0.0568,0.05,0.0692,0.0636,0.0632,0.0628,0.0712,0.0716
0.0636,0.054,0.0664,0.0624,0.0664,0.062,0.0544,0.0616,0.0572,0.0496,0.0696,0.0628,0.0644,0.0632,0.0716,0.0708
0.0632,0.054,0.0672,0.062,0.0664,0.062,0.054,0.0616,0.0576,0.05,0.0688,0.0628,0.064,0.0636,0.0716,0.0712
0.0632,0.0536,0.0676,0.0624,0.0668,0.062,0.0528,0.0628,0.0572,0.05,0.0684,0.0636,0.0644,0.0644,0.0708,0.07
0.0632,0.0536,0.0676,0.0612,0.0672,0.062,0.0528,0.0636,0.0568,0.05,0.0688,0.0636,0.064,0.0648,0.07,0.0708
0.062,0.0544,0.0676,0.0608,0.068,0.0628,0.0536,0.064,0.0568,0.0488,0.0688,0.0624,0.0636,0.066,0.0692,0.0712
0.062,0.0548,0.0672,0.0612,0.0672,0.0632,0.0536,0.0644,0.056,0.05,0.0692,0.0624,0.064,0.0656,0.0688,0.0704
0.0612,0.054,0.0668,0.0624,0.0668,0.0612,0.0532,0.0656,0.0556,0.0512,0.0692,0.0632,0.0636,0.0664,0.0692,0.0704
0.0616,0.0536,0.0676,0.0628,0.0664,0.0616,0.0528,0.0656,0.0564,0.0504,0.0676,0.0628,0.0632,0.068,0.068,0.0716
0.062,0.0548,0.068,0.0628,0.0664,0.0612,0.0524,0.0644,0.0564,0.0508,0.068,0.0628,0.0636,0.0672,0.068,0.0712
0.0632,0.0544,0.0676,0.0632,0.066,0.0616,0.0528,0.064,0.056,0.0508,0.0684,0.0628,0.0632,0.0676,0.0672,0.0712
0.064,0.0552,0.0676,0.0636,0.066,0.0612,0.0528,0.0628,0.0552,0.0508,0.0684,0.0624,0.0628,0.0688,0.0676,0.0708
0.064,0.0548,0.0676,0.064,0.0668,0.0612,0.0528,0.0616,0.0556,0.0512,0.0692,0.0624,0.0628,0.0676,0.068,0.0704
0.0636,0.0556,0.0664,0.064,0.0672,0.06,0.0536,0.0628,0.0564,0.0524,0.07,0.062,0.064,0.0668,0.066,0.0692
0.0644,0.056,0.0652,0.0636,0.068,0.0608,0.0536,0.062,0.0564,0.0524,0.0708,0.0624,0.064,0.0664,0.0648,0.0692
0.0648,0.0544,0.0644,0.064,0.068,0.0616,0.0544,0.062,0.0572,0.0528,0.0708,0.062,0.064,0.066,0.0652,0.0684
0.0644,0.054,0.064,0.0644,0.068,0.0612,0.0544,0.062,0.0584,0.0528,0.0712,0.062,0.0636,0.0664,0.0652,0.068
0.0644,0.0528,0.064,0.0652,0.068,0.0608,0.0548,0.0628,0.0588,0.0536,0.0716,0.0624,0.0636,0.0652,0.0644,0.0676
0.0648,0.0536,0.064,0.0648,0.0676,0.0608,0.0556,0.062,0.058,0.0536,0.0716,0.0624,0.0648,0.0636,0.0644,0.0684
0.0652,0.054,0.0636,0.0644,0.068,0.0612,0.0564,0.062,0.0568,0.0544,0.0704,0.0624,0.064,0.064,0.064,0.0692
0.0644,0.054,0.064,0.064,0.0684,0.0612,0.0572,0.0616,0.0572,0.0544,0.0708,0.0616,0.064,0.0652,0.0632,0.0688
0.0644,0.0536,0.0632,0.064,0.0684,0.0624,0.0572,0.0616,0.0572,0.0544,0.0708,0.0608,0.0644,0.066,0.0636,0.068
0.066,0.0536,0.0628,0.0644,0.0692,0.0612,0.0572,0.0616,0.0576,0.0536,0.0708,0.0604,0.064,0.0656,0.064,0.068
0.0664,0.0544,0.0608,0.064,0.0688,0.062,0.058,0.0624,0.0576,0.0536,0.0704,0.0608,0.064,0.0656,0.064,0.0672
0.066,0.0548,0.0604,0.0632,0.0692,0.0624,0.0584,0.0624,0.0576,0.0532,0.0708,0.0604,0.0632,0.066,0.0648,0.0672
0.066,0.0544,0.0604,0.0632,0.0696,0.0616,0.0592,0.0632,0.0576,0.0532,0.0704,0.06,0.0628,0.0656,0.0648,0.068
0.0652,0.0556,0.0604,0.0636,0.0688,0.0612,0.06,0.0632,0.0572,0.0532,0.0704,0.0592,0.0624,0.0656,0.0656,0.0684
0.0668,0.0556,0.0616,0.0632,0.0676,0.0616,0.0596,0.0632,0.0556,0.052,0.0696,0.0604,0.0616,0.066,0.0668,0.0688
0.0664,0.0548,0.0624,0.0628,0.0676,0.0616,0.0596,0.0628,0.0564,0.052,0.0692,0.0608,0.0612,0.0672,0.0668,0.0684
0.068,0.0544,0.062,0.0636,0.068,0.0624,0.0588,0.0632,0.056,0.0532,0.0676,0.0612,0.06,0.0672,0.0656,0.0688
0.068,0.0552,0.062,0.0644,0.0676,0.0616,0.0584,0.0632,0.0572,0.054,0.0668,0.0608,0.0604,0.0668,0.066,0.0676
0.068,0.0544,0.0616,0.0656,0.0672,0.0612,0.058,0.064,0.0572,0.0536,0.0668,0.0608,0.0612,0.0656,0.0664,0.0684
0.0672,0.0536,0.0616,0.0656,0.0668,0.0604,0.0584,0.064,0.0568,0.0536,0.0668,0.0612,0.0612,0.0668,0.0668,0.0692
0.0676,0.054,0.062,0.0652,0.0676,0.062,0.0576,0.0652,0.0572,0.0544,0.0648,0.0608,0.0612,0.0664,0.0664,0.0676
0.0676,0.0536,0.0612,0.0652,0.0676,0.0628,0.0584,0.0656,0.0576,0.054,0.0652,0.0596,0.0604,0.0668,0.0672,0.0672
0.0672,0.054,0.0612,0.0644,0.0672,0.0632,0.0576,0.0676,0.0572,0.054,0.0656,0.0596,0.06,0.0672,0.0668,0.0672
0.0676,0.0536,0.0604,0.0652,0.0676,0.064,0.0568,0.0672,0.0568,0.0536,0.0652,0.0588,0.0612,0.0668,0.0676,0.0676
0.0676,0.054,0.0596,0.0652,0.068,0.0644,0.0572,0.0672,0.056,0.0536,0.0656,0.058,0.0612,0.0672,0.0676,0.0676
0.068,0.0536,0.0592,0.064,0.0688,0.0636,0.0572,0.0672,0.0552,0.0536,0.066,0.058,0.0608,0.0684,0.0692,0.0672
0.0684,0.0536,0.0592,0.0648,0.068,0.0628,0.0572,0.0664,0.056,0.0528,0.0652,0.0588,0.0608,0.0692,0.0696,0.0672
0.0692,0.0528,0.0592,0.0652,0.0672,0.0616,0.058,0.0668,0.0552,0.0528,0.0656,0.0584,0.0608,0.0696,0.0692,0.0684
0.0668,0.0536,0.0592,0.066,0.068,0.0612,0.0568,0.0672,0.056,0.0528,0.0648,0.0584,0.0604,0.0692,0.0712,0.0684
0.0668,0.0544,0.0576,0.0664,0.0672,0.0604,0.0568,0.0668,0.0556,0.0528,0.0652,0.06,0.06,0.07,0.0708,0.0692
0.0664,0.0548,0.058,0.0656,0.066,0.06,0.0568,0.0664,0.056,0.0532,0.0652,0.0604,0.06,0.07,0.072,0.0692
0.0664,0.056,0.0568,0.0652,0.0672,0.0592,0.056,0.066,0.0564,0.0524,0.0656,0.06,0.0608,0.0704,0.0716,0.07
0.0648,0.0564,0.058,0.0648,0.0668,0.0604,0.056,0.0664,0.0564,0.0524,0.0648,0.0596,0.0604,0.072,0.072,0.0688
0.0656,0.056,0.0572,0.0636,0.0672,0.06,0.0556,0.0664,0.0564,0.0524,0.066,0.0596,0.0612,0.0716,0.072,0.0692
0.0648,0.056,0.0584,0.0648,0.0668,0.06,0.0564,0.066,0.0564,0.0516,0.0656,0.0592,0.0612,0.0724,0.0712,0.0692
0.0648,0.056,0.0576,0.0644,0.0672,0.0596,0.0564,0.066,0.0568,0.0524,0.0656,0.0592,0.0616,0.0736,0.0704,0.0684
0.0652,0.056,0.056,0.0652,0.0668,0.0588,0.0568,0.066,0.0568,0.0516,0.0652,0.0604,0.0628,0.0728,0.0716,0.068
0.0644,0.0572,0.056,0.0652,0.0676,0.0576,0.0568,0.0672,0.0568,0.0516,0.0644,0.0596,0.0636,0.0728,0.0712,0.068
0.0632,0.058,0.0556,0.0652,0.0664,0.0584,0.0568,0.0684,0.056,0.052,0.0636,0.06,0.0644,0.072,0.0716,0.0684
0.0632,0.058,0.0556,0.0648,0.0664,0.0576,0.0568,0.0676,0.0564,0.0524,0.064,0.06,0.0644,0.0728,0.0712,0.0688
0.0644,0.0588,0.0556,0.0636,0.0664,0.0572,0.0576,0.068,0.0564,0.0528,0.064,0.06,0.0636,0.0728,0.0708,0.068
0.0644,0.0592,0.0556,0.0644,0.0668,0.0572,0.0576,0.068,0.056,0.0532,0.0636,0.06,0.0636,0.072,0.07,0.0684
0.0652,0.0588,0.0564,0.0636,0.0664,0.0576,0.058,0.0672,0.056,0.0536,0.0616,0.0596,0.0644,0.0728,0.07,0.0688
0.0648,0.0596,0.0564,0.0632,0.0664,0.0588,0.0572,0.0664,0.0572,0.0528,0.0612,0.0604,0.0644,0.0724,0.0692,0.0696
0.0648,0.0596,0.0564,0.0644,0.0652,0.0592,0.058,0.0668,0.0572,0.0528,0.062,0.0596,0.0644,0.0712,0.0692,0.0692
0.064,0.0596,0.0568,0.0632,0.0656,0.0592,0.0588,0.0676,0.0572,0.0524,0.0624,0.0596,0.0648,0.0708,0.0684,0.0696
0.0636,0.0592,0.056,0.064,0.0644,0.06,0.0576,0.0676,0.0572,0.0528,0.0632,0.0604,0.066,0.0704,0.068,0.0696
0.0628,0.0604,0.0548,0.064,0.0648,0.0604,0.0568,0.0672,0.058,0.0524,0.0636,0.0612,0.0668,0.0704,0.0664,0.07
0.0644,0.0608,0.0536,0.0644,0.0652,0.0608,0.0564,0.0664,0.058,0.052,0.0636,0.0612,0.066,0.0708,0.0668,0.0696
0.0652,0.0604,0.0544,0.0648,0.0648,0.0612,0.0568,0.0656,0.058,0.052,0.064,0.0608,0.066,0.0704,0.0668,0.0688
0.0652,0.0612,0.0536,0.0648,0.0652,0.0624,0.0564,0.0652,0.058,0.0516,0.0636,0.06,0.0664,0.07,0.0668,0.0696
0.0644,0.0608,0.0536,0.0648,0.064,0.0632,0.056,0.0656,0.0588,0.0516,0.0632,0.0612,0.0672,0.0692,0.0664,0.07
0.0636,0.0612,0.0532,0.0648,0.0636,0.0632,0.0564,0.0644,0.0588,0.0512,0.0636,0.062,0.068,0.0692,0.0668,0.07
0.0636,0.0616,0.0528,0.0644,0.0632,0.0628,0.0572,0.0636,0.0592,0.0504,0.064,0.062,0.0684,0.0696,0.0668,0.0704
0.0624,0.062,0.0528,0.0644,0.0624,0.0628,0.0568,0.0648,0.0596,0.0516,0.0644,0.0612,0.0676,0.0692,0.068,0.07
0.0628,0.0608,0.0532,0.066,0.0628,0.0624,0.0564,0.0644,0.0608,0.0516,0.0644,0.0608,0.0672,0.0684,0.068,0.07
0.0628,0.0608,0.0536,0.0664,0.0624,0.0628,0.0572,0.064,0.06,0.0536,0.0644,0.06,0.0668,0.0684,0.0676,0.0692
0.0628,0.0616,0.0544,0.0672,0.0624,0.062,0.0572,0.0628,0.06,0.0532,0.0648,0.0592,0.0656,0.0684,0.0684,0.07
0.0632,0.0632,0.0544,0.0668,0.0624,0.062,0.0576,0.0624,0.0592,0.0528,0.0644,0.0588,0.066,0.0684,0.0692,0.0692
