C,D,Oc,Od
0.0,0.0,0.0,1.0
0.0,0.0,0.0,1.0
0.0,0.0,0.15384615384615385,0.8461538461538461
0.0,0.07142857142857142,0.14285714285714285,0.7857142857142857
0.03773584905660377,0.07547169811320754,0.1509433962264151,0.7358490566037735
0.06451612903225806,0.08602150537634409,0.16129032258064516,0.6881720430107527
0.07947019867549669,0.10596026490066225,0.16556291390728478,0.6490066225165563
0.1031390134529148,0.13452914798206278,0.16591928251121077,0.5964125560538116
0.12962962962962962,0.15123456790123457,0.17901234567901234,0.5401234567901234
0.14798206278026907,0.16143497757847533,0.18385650224215247,0.5067264573991032
0.1602787456445993,0.16550522648083624,0.1759581881533101,0.49825783972125437
0.16061452513966482,0.16899441340782123,0.17458100558659218,0.4958100558659218
0.15922107674684993,0.1729667812142039,0.1672394043528064,0.5005727376861397
0.1532567049808429,0.1752873563218391,0.16666666666666666,0.5047892720306514
0.15052888527257932,0.17656631407648496,0.16680227827502034,0.5061025223759154
0.14496833216045038,0.18296973961998592,0.1653764954257565,0.5066854327938072
0.14507129572225666,0.18102913825170489,0.1642901425914445,0.5096094234345939
0.146218487394958,0.17983193277310924,0.16694677871148458,0.5070028011204482
0.14895833333333333,0.18020833333333333,0.16927083333333334,0.5015625
0.15130606209955644,0.1784130113356333,0.17299162148841793,0.4972893050763923
0.1534466477809254,0.1789423984891407,0.176109537299339,0.4915014164305949
0.15632079746261893,0.17806977797915724,0.17806977797915724,0.4875396465790666
0.15872321818976826,0.17839965019676432,0.18014866637516397,0.48272846523830343
0.15918712955122777,0.17612193056731584,0.18458933107535985,0.48010160880609654
0.16294458229942102,0.17493796526054592,0.18320926385442515,0.47890818858560796
0.16463414634146342,0.17601626016260163,0.18333333333333332,0.4760162601626016
0.1676694745286803,0.17809867629362214,0.1821099077416767,0.4721219414360209
0.1672,0.1776,0.1836,0.4716
0.1676,0.1788,0.1832,0.4704
0.168,0.178,0.1828,0.4712
0.1704,0.1796,0.182,0.468
0.1696,0.1804,0.182,0.468
0.1704,0.182,0.1824,0.4652
0.1696,0.1832,0.1828,0.4644
0.1732,0.184,0.1836,0.4592
0.1752,0.1836,0.1832,0.458
0.1744,0.184,0.184,0.4576
0.1748,0.1864,0.184,0.4548
0.176,0.1856,0.1868,0.4516
0.1756,0.184,0.1876,0.4528
0.1776,0.1844,0.1884,0.4496
0.178,0.1856,0.1892,0.4472
0.178,0.1864,0.1888,0.4468
0.1796,0.1848,0.1892,0.4464
0.1816,0.1848,0.19,0.4436
0.184,0.1848,0.1908,0.4404
0.1852,0.186,0.1912,0.4376
0.1848,0.1856,0.1916,0.438
0.1864,0.1868,0.1912,0.4356
0.1884,0.1856,0.1924,0.4336
0.1884,0.186,0.1932,0.4324
0.188,0.186,0.1932,0.4328
0.1876,0.188,0.1932,0.4312
0.1896,0.1864,0.1948,0.4292
0.1888,0.1864,0.1956,0.4292
0.1892,0.1872,0.1976,0.426
0.1904,0.1884,0.1976,0.4236
0.19,0.1892,0.1984,0.4224
0.1904,0.1896,0.1992,0.4208
0.1904,0.19,0.198,0.4216
0.1904,0.1908,0.1972,0.4216
0.192,0.1916,0.196,0.4204
0.1912,0.1912,0.1948,0.4228
0.1892,0.1916,0.1968,0.4224
0.1872,0.194,0.1976,0.4212
0.1876,0.1936,0.1976,0.4212
0.188,0.1948,0.196,0.4212
0.1864,0.1956,0.198,0.42
0.1868,0.196,0.1984,0.4188
0.1876,0.196,0.1984,0.418
0.1884,0.1972,0.1984,0.416
0.188,0.2008,0.1988,0.4124
0.1876,0.202,0.1988,0.4116
0.1872,0.2028,0.2,0.41
0.1872,0.2024,0.2004,0.41
0.19,0.2036,0.2012,0.4052
0.1904,0.2044,0.2004,0.4048
0.1908,0.2056,0.1992,0.4044
0.1912,0.2064,0.1988,0.4036
0.1904,0.2064,0.2004,0.4028
0.1908,0.2044,0.202,0.4028
0.1916,0.2044,0.2012,0.4028
0.1908,0.2048,0.2032,0.4012
0.1928,0.2064,0.2036,0.3972
0.1916,0.2068,0.206,0.3956
0.1912,0.208,0.2068,0.394
0.1904,0.21,0.2084,0.3912
0.1904,0.2112,0.2092,0.3892
0.1912,0.2124,0.2088,0.3876
0.1924,0.212,0.2092,0.3864
0.1948,0.2128,0.2084,0.384
0.1964,0.2124,0.2088,0.3824
0.1968,0.2144,0.2072,0.3816
0.198,0.2152,0.208,0.3788
0.1972,0.2164,0.2096,0.3768
0.1976,0.218,0.2104,0.374
0.1976,0.2188,0.2116,0.372
0.1992,0.2188,0.212,0.37
0.1988,0.22,0.2116,0.3696
0.1996,0.222,0.2116,0.3668
0.2,0.2228,0.2108,0.3664
0.202,0.2224,0.2112,0.3644
0.2036,0.2228,0.2104,0.3632
0.2044,0.222,0.2104,0.3632
0.2056,0.2232,0.2112,0.36
0.2064,0.224,0.2108,0.3588
0.2096,0.2236,0.2104,0.3564
0.2096,0.2224,0.2124,0.3556
0.2116,0.224,0.2104,0.354
0.2112,0.2252,0.2112,0.3524
0.21,0.2272,0.2132,0.3496
0.21,0.2256,0.2148,0.3496
0.2092,0.2256,0.216,0.3492
0.2108,0.226,0.2136,0.3496
0.2096,0.2244,0.2148,0.3512
0.2108,0.226,0.2164,0.3468
0.212,0.2272,0.216,0.3448
0.212,0.2284,0.216,0.3436
0.2132,0.2284,0.216,0.3424
0.2124,0.2304,0.2156,0.3416
0.2116,0.2328,0.2144,0.3412
0.2108,0.2344,0.2144,0.3404
0.2132,0.2308,0.2152,0.3408
0.212,0.2324,0.2136,0.342
0.2104,0.2308,0.2152,0.3436
0.2104,0.2328,0.2136,0.3432
0.2116,0.232,0.2144,0.342
0.2124,0.2312,0.2148,0.3416
0.2124,0.2324,0.2164,0.3388
0.2092,0.234,0.2168,0.34
0.2092,0.2332,0.2184,0.3392
0.2092,0.236,0.2168,0.338
0.21,0.2368,0.2184,0.3348
0.2116,0.2368,0.2176,0.334
0.2104,0.238,0.2184,0.3332
0.212,0.2368,0.2184,0.3328
0.2132,0.2376,0.2196,0.3296
0.2132,0.2392,0.2196,0.328
0.2124,0.2408,0.2192,0.3276
0.2116,0.2416,0.2188,0.328
0.2108,0.2432,0.2192,0.3268
0.2108,0.2448,0.2196,0.3248
0.2108,0.246,0.2196,0.3236
0.212,0.2444,0.2204,0.3232
0.2108,0.2464,0.2212,0.3216
0.212,0.2464,0.2196,0.322
0.2152,0.2452,0.2188,0.3208
0.2156,0.244,0.2196,0.3208
0.2156,0.2444,0.2204,0.3196
0.2152,0.2456,0.2212,0.318
0.2144,0.2476,0.2216,0.3164
0.2148,0.248,0.2208,0.3164
0.2136,0.2488,0.224,0.3136
0.212,0.2484,0.2244,0.3152
0.2128,0.2484,0.2232,0.3156
0.216,0.2488,0.222,0.3132
0.2148,0.2492,0.2228,0.3132
0.2156,0.252,0.2232,0.3092
0.2152,0.2516,0.2248,0.3084
0.2168,0.2516,0.2244,0.3072
0.2168,0.2536,0.224,0.3056
0.216,0.2556,0.2256,0.3028
0.2176,0.2532,0.2252,0.304
0.218,0.2516,0.2252,0.3052
0.2164,0.2516,0.2248,0.3072
0.2184,0.2516,0.2244,0.3056
0.2184,0.252,0.226,0.3036
0.2172,0.2528,0.2256,0.3044
0.2176,0.256,0.2252,0.3012
0.218,0.2544,0.2256,0.302
0.2172,0.2544,0.2248,0.3036
0.218,0.2548,0.224,0.3032
0.2192,0.2552,0.2244,0.3012
0.2184,0.2552,0.2252,0.3012
0.2192,0.2548,0.2236,0.3024
0.2188,0.2544,0.2236,0.3032
0.2168,0.2544,0.2244,0.3044
0.2168,0.2544,0.2244,0.3044
0.2184,0.2552,0.224,0.3024
0.2212,0.2548,0.224,0.3
0.2212,0.254,0.2236,0.3012
0.224,0.2536,0.222,0.3004
0.2252,0.2544,0.2228,0.2976
0.2272,0.2532,0.2216,0.298
0.2276,0.2532,0.2216,0.2976
0.2272,0.2532,0.22,0.2996
0.2272,0.2548,0.2184,0.2996
0.2284,0.2548,0.2176,0.2992
0.2288,0.2552,0.2172,0.2988
0.2296,0.2548,0.2168,0.2988
0.2328,0.256,0.2148,0.2964
0.2316,0.2556,0.2164,0.2964
0.2332,0.2544,0.2172,0.2952
0.2332,0.2536,0.2184,0.2948
0.234,0.254,0.2188,0.2932
0.2336,0.2536,0.2192,0.2936
0.236,0.2536,0.2184,0.292
0.2356,0.2536,0.2184,0.2924
0.2352,0.2532,0.2188,0.2928
0.236,0.2556,0.2184,0.29
0.2364,0.2564,0.2184,0.2888
0.2368,0.2576,0.2176,0.288
0.2376,0.2584,0.216,0.288
0.2404,0.258,0.2156,0.286
0.2396,0.2576,0.2164,0.2864
0.24,0.26,0.2168,0.2832
0.2384,0.2612,0.2168,0.2836
0.2376,0.262,0.2172,0.2832
0.2352,0.2624,0.2172,0.2852
0.2364,0.2628,0.2176,0.2832
0.2356,0.2616,0.2204,0.2824
0.2364,0.2588,0.2228,0.282
0.2348,0.2576,0.2248,0.2828
0.236,0.2576,0.2248,0.2816
0.2348,0.2588,0.2252,0.2812
0.2348,0.258,0.226,0.2812
0.2368,0.2568,0.2268,0.2796
0.2356,0.2584,0.2252,0.2808
0.236,0.2576,0.2252,0.2812
0.2376,0.2576,0.224,0.2808
0.2372,0.2592,0.224,0.2796
0.238,0.2608,0.2232,0.278
0.2372,0.2604,0.2232,0.2792
0.2376,0.2612,0.2208,0.2804
0.2388,0.2592,0.2228,0.2792
0.2368,0.2588,0.224,0.2804
0.2352,0.2572,0.2268,0.2808
0.2372,0.256,0.2276,0.2792
0.238,0.2548,0.228,0.2792
0.2384,0.2528,0.23,0.2788
0.2392,0.2524,0.23,0.2784
0.2388,0.2512,0.232,0.278
0.2384,0.2508,0.2332,0.2776
0.2368,0.2496,0.2352,0.2784
0.236,0.2496,0.2352,0.2792
0.2364,0.2496,0.2348,0.2792
0.236,0.2504,0.234,0.2796
0.2352,0.2504,0.2348,0.2796
0.2372,0.2488,0.2336,0.2804
0.2384,0.2488,0.2336,0.2792
0.2408,0.2464,0.234,0.2788
0.2404,0.2456,0.236,0.278
0.2424,0.2436,0.234,0.28
0.2424,0.2452,0.2336,0.2788
0.2436,0.2452,0.2332,0.278
0.244,0.244,0.234,0.278
0.2448,0.242,0.2336,0.2796
0.2448,0.2424,0.234,0.2788
0.2456,0.2448,0.2328,0.2768
0.246,0.2436,0.234,0.2764
0.246,0.2436,0.2328,0.2776
0.2452,0.2432,0.232,0.2796
0.2464,0.2448,0.2296,0.2792
0.2444,0.2452,0.23,0.2804
0.2436,0.2436,0.2308,0.282
0.244,0.2436,0.2308,0.2816
0.2444,0.2432,0.232,0.2804
0.2432,0.244,0.232,0.2808
0.2432,0.2444,0.2324,0.28
0.2436,0.2448,0.232,0.2796
0.244,0.2456,0.2316,0.2788
0.2428,0.246,0.2328,0.2784
0.242,0.2464,0.2328,0.2788
0.2416,0.248,0.2312,0.2792
0.2424,0.2468,0.2304,0.2804
0.2436,0.2444,0.2312,0.2808
0.2436,0.2428,0.2312,0.2824
0.244,0.242,0.2332,0.2808
0.2436,0.2424,0.232,0.282
0.244,0.2436,0.2316,0.2808
0.2424,0.2432,0.2324,0.282
0.2424,0.2436,0.232,0.282
0.242,0.2424,0.2328,0.2828
0.2412,0.2436,0.2328,0.2824
0.242,0.2432,0.2316,0.2832
0.2404,0.2452,0.2324,0.282
0.2404,0.2452,0.2312,0.2832
0.2408,0.2468,0.2304,0.282
0.2408,0.2472,0.2308,0.2812
0.2424,0.2484,0.2292,0.28
0.2428,0.248,0.2292,0.28
0.2428,0.2468,0.2296,0.2808
0.242,0.2464,0.2316,0.28
0.2408,0.246,0.2328,0.2804
0.2404,0.2468,0.2328,0.28
0.2396,0.2464,0.2328,0.2812
0.2396,0.2476,0.2328,0.28
0.2408,0.2456,0.2312,0.2824
0.2404,0.2464,0.2296,0.2836
0.2416,0.2476,0.2284,0.2824
0.2412,0.2484,0.226,0.2844
0.2412,0.2484,0.2256,0.2848
0.2404,0.2508,0.2256,0.2832
0.2416,0.252,0.2236,0.2828
0.2416,0.252,0.2232,0.2832
0.2432,0.2508,0.2228,0.2832
0.244,0.2496,0.2244,0.282
0.2444,0.2488,0.2248,0.282
0.2436,0.2488,0.226,0.2816
0.2432,0.2504,0.2252,0.2812
0.2452,0.2484,0.2268,0.2796
0.2444,0.2512,0.226,0.2784
0.2452,0.2496,0.226,0.2792
0.246,0.2496,0.2276,0.2768
0.2464,0.2488,0.2284,0.2764
0.2468,0.25,0.2272,0.276
0.2464,0.252,0.2272,0.2744
0.2448,0.2512,0.228,0.276
0.2468,0.2524,0.226,0.2748
0.2464,0.2532,0.226,0.2744
0.246,0.2532,0.226,0.2748
0.2456,0.2536,0.2276,0.2732
0.2456,0.2548,0.2292,0.2704
0.246,0.2552,0.2312,0.2676
0.246,0.2568,0.23,0.2672
0.2464,0.2556,0.2316,0.2664
0.246,0.2548,0.232,0.2672
0.246,0.2548,0.2312,0.268
0.248,0.2524,0.2324,0.2672
0.2476,0.2528,0.2324,0.2672
0.2516,0.2496,0.2324,0.2664
0.2532,0.2488,0.2316,0.2664
0.2516,0.2492,0.2328,0.2664
0.2512,0.2496,0.2324,0.2668
0.2512,0.2508,0.2312,0.2668
0.2492,0.2512,0.2324,0.2672
0.248,0.2508,0.2336,0.2676
0.2488,0.252,0.2324,0.2668
0.2496,0.2516,0.232,0.2668
0.25,0.2508,0.2316,0.2676
0.2492,0.2528,0.2304,0.2676
0.2512,0.252,0.2296,0.2672
0.2528,0.252,0.2292,0.266
0.2524,0.2532,0.2284,0.266
0.2504,0.2556,0.2272,0.2668
0.2516,0.252,0.2304,0.266
0.2488,0.2536,0.2308,0.2668
0.248,0.2524,0.2324,0.2672
0.2512,0.2508,0.232,0.266
0.2516,0.2516,0.2324,0.2644
0.2524,0.2532,0.232,0.2624
0.252,0.2532,0.2296,0.2652
0.2524,0.2516,0.23,0.266
0.2536,0.2496,0.2308,0.266
0.256,0.2484,0.2304,0.2652
0.2564,0.2492,0.2276,0.2668
0.2572,0.2492,0.2268,0.2668
0.2596,0.248,0.2248,0.2676
0.2608,0.25,0.2228,0.2664
0.2608,0.2508,0.2224,0.266
0.2604,0.2508,0.222,0.2668
0.2596,0.2536,0.2224,0.2644
0.2588,0.2532,0.2248,0.2632
0.2588,0.2532,0.2248,0.2632
0.258,0.252,0.2264,0.2636
0.2584,0.2536,0.2264,0.2616
0.258,0.2528,0.2276,0.2616
0.26,0.2536,0.2268,0.2596
0.2596,0.2556,0.2252,0.2596
0.2584,0.2564,0.2252,0.26
0.2596,0.2568,0.2264,0.2572
0.2572,0.2556,0.2284,0.2588
0.2552,0.256,0.2292,0.2596
0.2548,0.2552,0.232,0.258
0.2556,0.2536,0.232,0.2588
0.2552,0.2556,0.232,0.2572
0.254,0.2564,0.232,0.2576
0.2536,0.2552,0.2324,0.2588
0.2556,0.2532,0.2324,0.2588
0.2536,0.2524,0.2344,0.2596
0.2548,0.254,0.2316,0.2596
0.2552,0.2508,0.2332,0.2608
0.254,0.2516,0.2332,0.2612
0.2536,0.2528,0.2344,0.2592
0.2544,0.2548,0.2328,0.258
0.2536,0.2548,0.2328,0.2588
0.2544,0.2552,0.2324,0.258
0.2552,0.254,0.2332,0.2576
0.2536,0.2524,0.234,0.26
0.2552,0.252,0.2356,0.2572
0.2544,0.2516,0.2356,0.2584
0.2524,0.2528,0.236,0.2588
0.2516,0.254,0.236,0.2584
0.2516,0.2552,0.2344,0.2588
0.2512,0.256,0.2328,0.26
0.2532,0.2552,0.2344,0.2572
0.2524,0.2564,0.2344,0.2568
0.2516,0.258,0.234,0.2564
0.252,0.258,0.2352,0.2548
0.2544,0.2564,0.2348,0.2544
0.2556,0.2556,0.2332,0.2556
0.2544,0.2564,0.2344,0.2548
0.2536,0.2564,0.2348,0.2552
0.2544,0.256,0.2344,0.2552
0.2528,0.2576,0.2352,0.2544
0.252,0.2584,0.2336,0.256
0.2524,0.2568,0.2328,0.258
0.252,0.258,0.2312,0.2588
0.2536,0.256,0.2312,0.2592
0.2536,0.2544,0.232,0.26
0.252,0.2548,0.2324,0.2608
0.2516,0.254,0.234,0.2604
0.2524,0.254,0.2344,0.2592
0.252,0.2532,0.2336,0.2612
0.2528,0.2544,0.234,0.2588
0.2524,0.254,0.2336,0.26
0.2512,0.2532,0.2348,0.2608
0.2512,0.2516,0.2356,0.2616
0.2512,0.2508,0.238,0.26
0.25,0.25,0.2392,0.2608
0.2484,0.2516,0.24,0.26
0.2484,0.2528,0.2392,0.2596
0.2476,0.2528,0.2384,0.2612
0.246,0.2528,0.2396,0.2616
0.246,0.2552,0.2376,0.2612
0.2468,0.2544,0.2384,0.2604
0.2468,0.2516,0.238,0.2636
0.2484,0.2504,0.2376,0.2636
0.2484,0.2508,0.2388,0.262
0.2444,0.252,0.2412,0.2624
0.2444,0.2512,0.2408,0.2636
0.2452,0.2492,0.242,0.2636
0.2452,0.25,0.2416,0.2632
0.2468,0.2508,0.2392,0.2632
0.2476,0.2512,0.2384,0.2628
0.2484,0.2508,0.2388,0.262
0.2492,0.252,0.2384,0.2604
0.2496,0.2516,0.238,0.2608
0.2492,0.2508,0.2384,0.2616
0.2516,0.25,0.236,0.2624
0.2516,0.2496,0.2364,0.2624
0.252,0.2496,0.2372,0.2612
0.2524,0.2484,0.2384,0.2608
0.2532,0.248,0.238,0.2608
0.2532,0.2488,0.2368,0.2612
0.252,0.2508,0.2364,0.2608
0.2516,0.2512,0.2348,0.2624
0.2548,0.25,0.2344,0.2608
0.2532,0.2528,0.2332,0.2608
0.2556,0.2516,0.2312,0.2616
0.2556,0.25,0.2316,0.2628
0.2552,0.2488,0.232,0.264
0.2556,0.2492,0.23,0.2652
0.2532,0.248,0.2312,0.2676
0.2536,0.2488,0.2324,0.2652
0.2548,0.2472,0.2336,0.2644
0.2564,0.246,0.2336,0.264
0.256,0.2448,0.2352,0.264
0.2552,0.2472,0.234,0.2636
0.254,0.2472,0.2356,0.2632
0.2552,0.2476,0.2348,0.2624
0.252,0.2496,0.236,0.2624
0.252,0.2496,0.2356,0.2628
0.252,0.2512,0.2352,0.2616
0.2508,0.2524,0.2348,0.262
0.2516,0.2516,0.2352,0.2616
0.2512,0.2508,0.2336,0.2644
0.2508,0.2508,0.2344,0.264
0.2524,0.2516,0.2336,0.2624
0.2524,0.2512,0.2344,0.262
0.2508,0.252,0.2348,0.2624
0.252,0.2516,0.2348,0.2616
0.2524,0.2536,0.2324,0.2616
0.2528,0.2544,0.2308,0.262
0.2536,0.2552,0.2308,0.2604
0.2532,0.2568,0.2292,0.2608
0.2536,0.2564,0.2296,0.2604
0.2544,0.2568,0.228,0.2608
0.2544,0.2552,0.2292,0.2612
0.2548,0.254,0.2296,0.2616
0.2536,0.254,0.2308,0.2616
0.2528,0.2544,0.2316,0.2612
0.2524,0.2544,0.2328,0.2604
0.2532,0.254,0.2324,0.2604
0.2544,0.2512,0.2324,0.262
0.2552,0.2536,0.2312,0.26
0.2532,0.2544,0.2328,0.2596
0.2544,0.2532,0.2312,0.2612
0.2528,0.2528,0.2308,0.2636
0.252,0.2524,0.232,0.2636
0.2516,0.2536,0.2292,0.2656
0.252,0.2548,0.2304,0.2628
0.2528,0.2532,0.2296,0.2644
0.2524,0.252,0.2296,0.266
0.2528,0.2528,0.2292,0.2652
0.2524,0.2532,0.2304,0.264
0.2516,0.252,0.2324,0.264
0.2512,0.2524,0.2336,0.2628
0.2528,0.2504,0.2348,0.262
0.252,0.2496,0.236,0.2624
0.2528,0.2472,0.2372,0.2628
0.2512,0.2464,0.2388,0.2636
0.2516,0.248,0.2384,0.262
0.2508,0.2468,0.2412,0.2612
0.2504,0.2464,0.2428,0.2604
0.2488,0.2476,0.2428,0.2608
0.2484,0.248,0.244,0.2596
0.2488,0.2492,0.2436,0.2584
0.2484,0.2496,0.2424,0.2596
0.25,0.248,0.2436,0.2584
0.25,0.2468,0.2456,0.2576
0.2492,0.2492,0.2452,0.2564
0.25,0.2488,0.2452,0.256
0.2496,0.248,0.2456,0.2568
0.25,0.2484,0.2452,0.2564
0.25,0.2472,0.246,0.2568
0.2476,0.2476,0.2472,0.2576
0.246,0.2484,0.2468,0.2588
0.2448,0.2496,0.2472,0.2584
0.246,0.2472,0.2468,0.26
0.2456,0.2468,0.2464,0.2612
0.2448,0.2476,0.2464,0.2612
0.2436,0.2484,0.2448,0.2632
0.2444,0.2484,0.2448,0.2624
0.2456,0.2512,0.2428,0.2604
0.246,0.2508,0.2432,0.26
0.2448,0.2512,0.244,0.26
0.2472,0.2508,0.242,0.26
0.2472,0.2512,0.2436,0.258
0.2472,0.2492,0.242,0.2616
0.2476,0.248,0.2428,0.2616
0.2488,0.2472,0.2416,0.2624
0.2492,0.2472,0.2412,0.2624
0.2496,0.246,0.2424,0.262
0.25,0.2468,0.2432,0.26
0.252,0.246,0.242,0.26
0.252,0.2452,0.2424,0.2604
0.2532,0.2448,0.2412,0.2608
0.2504,0.2456,0.2444,0.2596
0.2496,0.2456,0.2428,0.262
0.2468,0.2476,0.2424,0.2632
0.2496,0.2468,0.2412,0.2624
0.2496,0.2488,0.2404,0.2612
0.25,0.2512,0.2412,0.2576
0.25,0.25,0.2416,0.2584
0.2512,0.2504,0.2412,0.2572
0.2508,0.252,0.24,0.2572
0.2548,0.25,0.2396,0.2556
0.2528,0.2508,0.2416,0.2548
0.252,0.2508,0.2436,0.2536
0.2512,0.2496,0.244,0.2552
0.2488,0.25,0.2436,0.2576
0.2492,0.2496,0.2432,0.258
0.2504,0.25,0.244,0.2556
0.2508,0.2476,0.244,0.2576
0.2528,0.2464,0.2448,0.256
0.2524,0.2484,0.2448,0.2544
0.2524,0.248,0.2472,0.2524
0.2532,0.25,0.2464,0.2504
0.2528,0.2488,0.246,0.2524
0.2532,0.248,0.246,0.2528
0.2524,0.248,0.2476,0.252
0.2532,0.2492,0.2472,0.2504
0.2524,0.2492,0.2476,0.2508
0.2528,0.2492,0.2484,0.2496
0.252,0.2488,0.2492,0.25
0.2516,0.2492,0.2476,0.2516
0.2524,0.2492,0.2476,0.2508
0.252,0.2512,0.2492,0.2476
0.2508,0.2516,0.2484,0.2492
0.2504,0.2524,0.248,0.2492
0.2492,0.2548,0.246,0.25
0.25,0.2544,0.2476,0.248
0.2492,0.2548,0.2488,0.2472
0.2484,0.2544,0.2504,0.2468
0.2476,0.2564,0.2488,0.2472
0.246,0.2556,0.2492,0.2492
0.2464,0.2556,0.2496,0.2484
0.2476,0.254,0.2508,0.2476
0.2492,0.2536,0.25,0.2472
0.2484,0.254,0.2504,0.2472
0.2488,0.254,0.2504,0.2468
0.2508,0.2548,0.248,0.2464
0.2504,0.2532,0.2488,0.2476
0.2504,0.254,0.2484,0.2472
0.2484,0.254,0.2512,0.2464
0.2484,0.2544,0.2508,0.2464
0.2492,0.2556,0.2492,0.246
0.2464,0.2572,0.2484,0.248
0.2472,0.2596,0.2476,0.2456
0.2472,0.2612,0.2476,0.244
0.2456,0.2612,0.2484,0.2448
0.2464,0.2596,0.248,0.246
0.2452,0.2608,0.2476,0.2464
0.2436,0.2632,0.248,0.2452
0.2416,0.2636,0.2484,0.2464
0.2404,0.2632,0.2488,0.2476
0.2408,0.2632,0.248,0.248
0.242,0.2628,0.2476,0.2476
0.2412,0.2636,0.2464,0.2488
0.2428,0.2636,0.246,0.2476
0.2416,0.2628,0.248,0.2476
0.2416,0.2632,0.2496,0.2456
0.2408,0.2644,0.2496,0.2452
0.2412,0.2628,0.2508,0.2452
0.2412,0.2632,0.2512,0.2444
0.2392,0.2636,0.2516,0.2456
0.238,0.2644,0.2528,0.2448
0.2368,0.2656,0.2524,0.2452
0.2376,0.2652,0.2532,0.244
0.2388,0.264,0.2536,0.2436
0.2392,0.2628,0.2528,0.2452
0.24,0.2612,0.2516,0.2472
0.2388,0.2612,0.2524,0.2476
0.2372,0.2612,0.2524,0.2492
0.2376,0.2604,0.2544,0.2476
0.2376,0.26,0.2536,0.2488
0.2384,0.2592,0.2528,0.2496
0.2396,0.2592,0.252,0.2492
0.2392,0.2584,0.2532,0.2492
0.2396,0.258,0.2524,0.25
0.2416,0.2556,0.2528,0.25
0.2412,0.2552,0.2536,0.25
0.2412,0.2548,0.2536,0.2504
0.2412,0.2548,0.2544,0.2496
0.2412,0.2556,0.2536,0.2496
0.2412,0.2536,0.2544,0.2508
0.2408,0.2548,0.2524,0.252
0.2424,0.256,0.2508,0.2508
0.2412,0.2568,0.2504,0.2516
0.2408,0.2556,0.2528,0.2508
0.2412,0.2528,0.2536,0.2524
0.2416,0.2536,0.2524,0.2524
0.2396,0.2532,0.2532,0.254
0.2388,0.2536,0.252,0.2556
0.2388,0.2528,0.254,0.2544
0.2388,0.2528,0.2528,0.2556
0.2392,0.2536,0.2516,0.2556
0.24,0.252,0.2524,0.2556
0.2372,0.2528,0.2532,0.2568
0.2372,0.2532,0.2544,0.2552
0.2356,0.2524,0.2552,0.2568
0.2364,0.2516,0.2548,0.2572
0.2368,0.2512,0.256,0.256
0.2368,0.2504,0.2576,0.2552
0.2372,0.25,0.258,0.2548
0.2372,0.2488,0.258,0.256
0.238,0.2488,0.2564,0.2568
0.2392,0.2476,0.2564,0.2568
0.2408,0.246,0.2572,0.256
0.2428,0.248,0.2544,0.2548
0.2452,0.2464,0.2548,0.2536
0.2456,0.2464,0.2548,0.2532
0.2464,0.2476,0.254,0.252
0.2448,0.248,0.254,0.2532
0.2444,0.2468,0.2532,0.2556
0.2444,0.2452,0.2564,0.254
0.2436,0.2472,0.2572,0.252
0.244,0.246,0.2596,0.2504
0.2436,0.2472,0.2588,0.2504
0.2432,0.2488,0.2596,0.2484
0.2432,0.2464,0.2596,0.2508
0.2444,0.246,0.2576,0.252
0.2444,0.2452,0.26,0.2504
0.2436,0.246,0.2612,0.2492
0.2432,0.2456,0.2624,0.2488
0.244,0.2444,0.2628,0.2488
0.244,0.2432,0.2636,0.2492
0.2444,0.2452,0.2632,0.2472
0.244,0.2444,0.2632,0.2484
0.2444,0.2428,0.2648,0.248
0.2436,0.2428,0.2644,0.2492
0.2416,0.2432,0.2648,0.2504
0.2432,0.2428,0.2644,0.2496
0.244,0.2424,0.266,0.2476
0.2436,0.2432,0.2664,0.2468
0.2448,0.2412,0.2668,0.2472
0.2432,0.2424,0.266,0.2484
0.2428,0.244,0.2648,0.2484
0.244,0.2428,0.2648,0.2484
0.2424,0.2404,0.2668,0.2504
0.242,0.242,0.266,0.25
0.2432,0.2428,0.2652,0.2488
0.2432,0.2424,0.2656,0.2488
0.2428,0.2412,0.2656,0.2504
0.242,0.2408,0.2672,0.25
0.2416,0.2412,0.2664,0.2508
0.2412,0.2424,0.2676,0.2488
0.242,0.2424,0.2676,0.248
0.2408,0.2416,0.2676,0.25
0.2432,0.2412,0.2656,0.25
0.2436,0.2436,0.2632,0.2496
0.2448,0.2412,0.2628,0.2512
0.2444,0.2416,0.2636,0.2504
0.2444,0.2428,0.2632,0.2496
0.2464,0.2424,0.2624,0.2488
0.2452,0.242,0.2632,0.2496
0.2444,0.2404,0.2652,0.25
0.2444,0.24,0.2664,0.2492
0.2444,0.2412,0.264,0.2504
0.2444,0.24,0.2648,0.2508
0.244,0.2408,0.2648,0.2504
0.2428,0.2404,0.2656,0.2512
0.2424,0.2416,0.2644,0.2516
0.2412,0.2444,0.262,0.2524
0.2404,0.2448,0.2632,0.2516
0.24,0.2432,0.2648,0.252
0.2416,0.244,0.2632,0.2512
0.2404,0.2432,0.2644,0.252
0.2408,0.2428,0.264,0.2524
0.2412,0.242,0.264,0.2528
0.2408,0.2412,0.2652,0.2528
0.2412,0.2424,0.2636,0.2528
0.2424,0.2428,0.2644,0.2504
0.2424,0.242,0.2656,0.25
0.2424,0.24,0.2644,0.2532
0.2412,0.242,0.2624,0.2544
0.2424,0.2436,0.2628,0.2512
0.2416,0.2416,0.2648,0.252
0.2428,0.2404,0.2632,0.2536
0.2428,0.2396,0.2644,0.2532
0.246,0.2376,0.2652,0.2512
0.2444,0.2368,0.2672,0.2516
0.2448,0.2372,0.2672,0.2508
0.2436,0.2376,0.2672,0.2516
0.2424,0.2388,0.2672,0.2516
0.2396,0.2416,0.2676,0.2512
0.2392,0.2428,0.2668,0.2512
0.2396,0.2412,0.268,0.2512
0.2376,0.244,0.2676,0.2508
0.2388,0.2408,0.2692,0.2512
0.2388,0.2412,0.2704,0.2496
0.2364,0.2416,0.2696,0.2524
0.2348,0.2428,0.27,0.2524
0.2356,0.2432,0.2704,0.2508
0.2352,0.242,0.2728,0.25
0.2364,0.24,0.2736,0.25
0.2356,0.2396,0.274,0.2508
0.236,0.2392,0.2736,0.2512
0.234,0.2392,0.274,0.2528
0.2356,0.2388,0.2748,0.2508
0.234,0.24,0.2744,0.2516
0.234,0.2396,0.2736,0.2528
0.234,0.238,0.2748,0.2532
0.234,0.2392,0.2748,0.252
0.2332,0.2404,0.276,0.2504
0.2332,0.2404,0.276,0.2504
0.2324,0.2404,0.2752,0.252
0.2328,0.2404,0.2764,0.2504
0.232,0.2404,0.2772,0.2504
0.2316,0.24,0.2776,0.2508
0.2316,0.2396,0.2764,0.2524
0.232,0.238,0.2768,0.2532
0.2328,0.238,0.2776,0.2516
0.2328,0.2372,0.2768,0.2532
0.2324,0.236,0.276,0.2556
0.2312,0.2364,0.2756,0.2568
0.232,0.236,0.2764,0.2556
0.2312,0.2348,0.278,0.256
0.2328,0.2336,0.2788,0.2548
0.2336,0.234,0.2784,0.254
0.2332,0.234,0.278,0.2548
0.232,0.2344,0.2784,0.2552
0.232,0.2332,0.2776,0.2572
0.234,0.2328,0.2768,0.2564
0.2328,0.2344,0.2772,0.2556
0.232,0.2348,0.2776,0.2556
0.2336,0.2332,0.2788,0.2544
0.2332,0.2352,0.2788,0.2528
0.2348,0.2356,0.278,0.2516
0.236,0.2352,0.2776,0.2512
0.2364,0.2352,0.2768,0.2516
0.2364,0.2364,0.2756,0.2516
0.2376,0.2352,0.2768,0.2504
0.238,0.2344,0.276,0.2516
0.2368,0.236,0.278,0.2492
0.2364,0.2348,0.2796,0.2492
0.2372,0.2364,0.2784,0.248
0.2372,0.2364,0.2784,0.248
0.2388,0.2376,0.2764,0.2472
0.2384,0.238,0.2772,0.2464
0.2388,0.2372,0.2768,0.2472
0.2376,0.2372,0.2756,0.2496
0.2368,0.2376,0.2744,0.2512
0.2364,0.2368,0.2752,0.2516
0.2372,0.236,0.274,0.2528
0.2368,0.2352,0.276,0.252
0.238,0.234,0.2768,0.2512
0.238,0.232,0.2784,0.2516
0.2372,0.2328,0.2772,0.2528
0.236,0.232,0.2776,0.2544
0.2368,0.2324,0.2772,0.2536
0.2384,0.2312,0.2768,0.2536
0.2372,0.2304,0.2784,0.254
0.2364,0.2304,0.278,0.2552
0.2336,0.2304,0.2804,0.2556
0.2332,0.2328,0.2776,0.2564
0.2324,0.234,0.2756,0.258
0.232,0.2336,0.2764,0.258
0.2312,0.2312,0.2764,0.2612
0.2328,0.2312,0.2772,0.2588
0.2324,0.23,0.2796,0.258
0.2324,0.2316,0.2776,0.2584
0.23,0.2348,0.278,0.2572
0.2312,0.234,0.2792,0.2556
0.2324,0.2336,0.2784,0.2556
0.2348,0.2312,0.2764,0.2576
0.2348,0.2308,0.2776,0.2568
0.2332,0.232,0.278,0.2568
0.2344,0.232,0.278,0.2556
0.2344,0.2324,0.2764,0.2568
0.234,0.2328,0.276,0.2572
0.2332,0.2324,0.2768,0.2576
0.2316,0.2336,0.2784,0.2564
0.2332,0.2316,0.28,0.2552
0.2356,0.2344,0.276,0.254
0.2396,0.2316,0.2752,0.2536
0.2396,0.2312,0.2756,0.2536
0.2388,0.2304,0.2764,0.2544
0.242,0.2292,0.274,0.2548
0.244,0.2284,0.274,0.2536
0.2448,0.23,0.274,0.2512
0.2464,0.2288,0.2744,0.2504
0.2448,0.2272,0.2748,0.2532
0.2444,0.2272,0.274,0.2544
0.2444,0.2264,0.2744,0.2548
0.2456,0.2264,0.2748,0.2532
0.2464,0.2264,0.2748,0.2524
0.2468,0.2264,0.2752,0.2516
0.2472,0.2244,0.2768,0.2516
0.2452,0.226,0.2764,0.2524
0.2472,0.2248,0.2764,0.2516
0.2472,0.2236,0.2776,0.2516
0.2476,0.2244,0.2776,0.2504
0.248,0.2244,0.278,0.2496
0.248,0.228,0.276,0.248
0.2472,0.2292,0.2772,0.2464
0.2472,0.2304,0.2764,0.246
0.2488,0.2296,0.276,0.2456
0.248,0.2288,0.2772,0.246
0.2488,0.2288,0.2772,0.2452
0.2484,0.2284,0.2772,0.246
0.25,0.2292,0.2772,0.2436
0.2504,0.2312,0.2776,0.2408
0.25,0.2296,0.2768,0.2436
0.25,0.2296,0.2772,0.2432
0.2516,0.23,0.276,0.2424
0.2504,0.2308,0.2756,0.2432
0.2512,0.232,0.274,0.2428
0.2504,0.2332,0.2724,0.244
0.2516,0.2332,0.27,0.2452
0.2508,0.2344,0.2688,0.246
0.2512,0.2352,0.2684,0.2452
0.2536,0.2336,0.2692,0.2436
0.2552,0.2324,0.2684,0.244
0.2556,0.2316,0.2692,0.2436
0.2548,0.232,0.2688,0.2444
0.2548,0.232,0.2688,0.2444
0.2532,0.2316,0.2696,0.2456
0.2528,0.232,0.2688,0.2464
0.2536,0.2316,0.2672,0.2476
0.2524,0.2324,0.268,0.2472
0.2548,0.232,0.266,0.2472
0.2528,0.2368,0.2648,0.2456
0.2524,0.236,0.2648,0.2468
0.2532,0.2356,0.2644,0.2468
0.2532,0.2372,0.2636,0.246
0.2536,0.2364,0.2636,0.2464
0.2528,0.236,0.2632,0.248
0.252,0.2376,0.262,0.2484
0.2524,0.2364,0.2628,0.2484
0.2544,0.2352,0.2604,0.25
0.254,0.2376,0.2596,0.2488
0.2524,0.2388,0.26,0.2488
0.2528,0.2396,0.2584,0.2492
0.2528,0.2404,0.26,0.2468
0.254,0.24,0.26,0.246
0.252,0.2408,0.2612,0.246
0.2508,0.2412,0.2632,0.2448
0.2508,0.2412,0.2628,0.2452
0.2508,0.242,0.2624,0.2448
0.2508,0.2396,0.2644,0.2452
0.2492,0.24,0.2648,0.246
0.2496,0.238,0.2656,0.2468
0.248,0.2388,0.2652,0.248
0.248,0.24,0.264,0.248
0.2492,0.2384,0.2624,0.25
0.2492,0.2404,0.2604,0.25
0.2492,0.2412,0.2616,0.248
0.2512,0.24,0.2612,0.2476
0.252,0.2384,0.2616,0.248
0.2516,0.2388,0.2604,0.2492
0.254,0.2356,0.262,0.2484
0.2508,0.2356,0.2652,0.2484
0.2484,0.2372,0.2652,0.2492
0.25,0.2368,0.2644,0.2488
0.2508,0.2392,0.2628,0.2472
0.2508,0.238,0.2656,0.2456
0.252,0.2404,0.2644,0.2432
0.25,0.24,0.2656,0.2444
0.2516,0.2368,0.266,0.2456
0.252,0.2356,0.266,0.2464
0.2512,0.2368,0.2656,0.2464
0.2472,0.2376,0.2672,0.248
0.2476,0.2368,0.2672,0.2484
0.2468,0.2372,0.2676,0.2484
0.2472,0.2372,0.2668,0.2488
0.2484,0.236,0.2672,0.2484
0.2496,0.236,0.2668,0.2476
0.2508,0.2336,0.2672,0.2484
0.2492,0.2336,0.266,0.2512
0.2504,0.2352,0.2644,0.25
0.25,0.2352,0.264,0.2508
0.2492,0.2372,0.264,0.2496
0.2488,0.238,0.2656,0.2476
0.2484,0.2368,0.2656,0.2492
0.2504,0.2364,0.266,0.2472
0.2504,0.2376,0.266,0.246
0.2504,0.2376,0.266,0.246
0.2488,0.2384,0.2656,0.2472
0.2472,0.24,0.2672,0.2456
0.2452,0.2392,0.2688,0.2468
0.244,0.2396,0.2688,0.2476
0.2444,0.2412,0.2676,0.2468
0.2444,0.242,0.268,0.2456
0.2436,0.2444,0.2676,0.2444
0.2436,0.2424,0.2688,0.2452
0.2456,0.2444,0.2664,0.2436
0.2436,0.2472,0.266,0.2432
0.2424,0.2468,0.2672,0.2436
0.2432,0.2472,0.2668,0.2428
0.2444,0.2464,0.266,0.2432
0.2436,0.2476,0.2664,0.2424
0.244,0.2472,0.2648,0.244
0.2456,0.248,0.2636,0.2428
0.2468,0.2488,0.2616,0.2428
0.2464,0.2484,0.2612,0.244
0.2456,0.25,0.2628,0.2416
0.2476,0.2492,0.2624,0.2408
0.244,0.25,0.2632,0.2428
0.2444,0.2492,0.2624,0.244
0.2444,0.2488,0.2624,0.2444
0.2456,0.248,0.2624,0.244
0.2436,0.2484,0.2628,0.2452
0.2452,0.2488,0.262,0.244
0.244,0.2492,0.262,0.2448
0.2444,0.2488,0.2612,0.2456
0.244,0.2496,0.2604,0.246
0.2436,0.2496,0.2604,0.2464
0.244,0.2504,0.2604,0.2452
0.2432,0.2504,0.2608,0.2456
0.2456,0.2496,0.2596,0.2452
0.2464,0.2472,0.2624,0.244
0.2428,0.2484,0.2632,0.2456
0.2428,0.2492,0.2616,0.2464
0.2424,0.248,0.262,0.2476
0.244,0.248,0.2616,0.2464
0.2444,0.2476,0.2612,0.2468
0.2448,0.246,0.2616,0.2476
0.246,0.244,0.2612,0.2488
0.246,0.2448,0.2604,0.2488
0.2456,0.2464,0.2612,0.2468
0.2452,0.246,0.2612,0.2476
0.246,0.246,0.2612,0.2468
0.2456,0.2464,0.262,0.246
0.2464,0.2472,0.26,0.2464
0.2464,0.2468,0.2596,0.2472
0.248,0.246,0.26,0.246
0.2468,0.2452,0.2616,0.2464
0.2464,0.2464,0.262,0.2452
0.2468,0.246,0.2632,0.244
0.2468,0.2468,0.262,0.2444
0.2464,0.2456,0.262,0.246
0.2456,0.2452,0.2612,0.248
0.2428,0.2464,0.2616,0.2492
0.2428,0.2468,0.2604,0.25
0.2424,0.2476,0.2584,0.2516
0.2428,0.248,0.2568,0.2524
0.2428,0.2492,0.254,0.254
0.2412,0.2492,0.2552,0.2544
0.2444,0.248,0.2536,0.254
0.2428,0.2476,0.2552,0.2544
0.2424,0.2492,0.2552,0.2532
0.2444,0.2504,0.2544,0.2508
0.2436,0.2496,0.2544,0.2524
0.242,0.2516,0.2568,0.2496
0.2436,0.2528,0.2568,0.2468
0.2452,0.2516,0.2552,0.248
0.2456,0.252,0.2536,0.2488
0.2444,0.2524,0.2532,0.25
0.244,0.252,0.2532,0.2508
0.2448,0.254,0.2524,0.2488
0.246,0.2536,0.2536,0.2468
0.2464,0.2548,0.2536,0.2452
0.2476,0.2548,0.2528,0.2448
0.246,0.2548,0.2524,0.2468
0.2464,0.2556,0.252,0.246
0.2472,0.2556,0.2536,0.2436
0.2484,0.2568,0.2516,0.2432
0.25,0.2556,0.252,0.2424
0.2512,0.2556,0.2528,0.2404
0.2508,0.2552,0.2536,0.2404
0.252,0.2532,0.2532,0.2416
0.2524,0.2528,0.2528,0.242
0.2544,0.252,0.2528,0.2408
0.254,0.2516,0.2544,0.24
0.2528,0.2508,0.2568,0.2396
0.2536,0.2504,0.2556,0.2404
0.2532,0.252,0.2544,0.2404
0.2544,0.252,0.254,0.2396
0.2552,0.2532,0.2528,0.2388
0.254,0.254,0.2532,0.2388
0.2544,0.2548,0.2536,0.2372
0.2528,0.2568,0.2536,0.2368
0.252,0.2564,0.2548,0.2368
0.2504,0.2592,0.2548,0.2356
0.2492,0.26,0.2556,0.2352
0.248,0.2604,0.256,0.2356
0.2504,0.2608,0.2532,0.2356
0.2508,0.2584,0.2532,0.2376
0.2492,0.2596,0.2524,0.2388
0.2508,0.2588,0.2524,0.238
0.2516,0.2588,0.2516,0.238
0.2508,0.258,0.2524,0.2388
0.2516,0.2588,0.2528,0.2368
0.2504,0.2596,0.2536,0.2364
0.2508,0.2584,0.254,0.2368
0.2524,0.2588,0.252,0.2368
0.2536,0.258,0.2532,0.2352
0.252,0.2576,0.254,0.2364
0.2508,0.2576,0.256,0.2356
0.25,0.2568,0.2564,0.2368
0.2488,0.2552,0.2568,0.2392
0.2488,0.2552,0.2584,0.2376
0.2476,0.2556,0.2596,0.2372
0.2464,0.2568,0.2612,0.2356
0.246,0.256,0.2616,0.2364
0.2472,0.2572,0.2596,0.236
0.246,0.2576,0.26,0.2364
0.2448,0.2576,0.2616,0.236
0.2456,0.256,0.2612,0.2372
0.246,0.2564,0.2608,0.2368
0.2492,0.2552,0.26,0.2356
0.2476,0.2564,0.2592,0.2368
0.2468,0.2576,0.2596,0.236
0.2488,0.256,0.2596,0.2356
0.2484,0.2568,0.2588,0.236
0.2484,0.258,0.2596,0.234
0.2492,0.2592,0.2552,0.2364
0.2496,0.2596,0.2548,0.236
0.2476,0.2608,0.2552,0.2364
0.2472,0.2624,0.2548,0.2356
0.2436,0.262,0.256,0.2384
0.242,0.264,0.2556,0.2384
0.2432,0.2628,0.254,0.24
0.2436,0.2628,0.2548,0.2388
0.2432,0.2632,0.2548,0.2388
0.2424,0.2624,0.2548,0.2404
0.2424,0.2604,0.2548,0.2424
0.2428,0.2576,0.258,0.2416
0.2428,0.2576,0.2592,0.2404
0.242,0.2572,0.2608,0.24
0.2424,0.2548,0.262,0.2408
0.2424,0.2532,0.2624,0.242
0.244,0.2532,0.2616,0.2412
0.242,0.2528,0.2644,0.2408
0.2412,0.2532,0.2644,0.2412
0.2416,0.256,0.2616,0.2408
0.244,0.2588,0.2576,0.2396
0.2432,0.2596,0.2576,0.2396
0.2444,0.2584,0.2564,0.2408
0.246,0.256,0.258,0.24
0.2452,0.2564,0.2588,0.2396
0.2464,0.2552,0.2584,0.24
0.2468,0.2552,0.2584,0.2396
0.2468,0.2572,0.2548,0.2412
0.2464,0.2572,0.2536,0.2428
0.2464,0.2576,0.2516,0.2444
0.2472,0.2572,0.2496,0.246
0.2472,0.2564,0.25,0.2464
0.2472,0.2584,0.2484,0.246
0.2472,0.2584,0.2484,0.246
0.2472,0.2592,0.248,0.2456
0.2484,0.2588,0.2464,0.2464
0.2464,0.26,0.2472,0.2464
0.2448,0.2604,0.248,0.2468
0.2444,0.26,0.2488,0.2468
0.242,0.262,0.2496,0.2464
0.2428,0.262,0.2484,0.2468
0.242,0.262,0.2484,0.2476
0.2408,0.262,0.25,0.2472
0.2412,0.2628,0.2492,0.2468
0.244,0.2608,0.2484,0.2468
0.2432,0.2624,0.2484,0.246
0.2428,0.2616,0.2492,0.2464
0.2416,0.2612,0.2492,0.248
0.2424,0.26,0.2488,0.2488
0.242,0.2616,0.2476,0.2488
0.2432,0.2596,0.2484,0.2488
0.2428,0.2604,0.2492,0.2476
0.2424,0.2604,0.2504,0.2468
0.2408,0.262,0.25,0.2472
0.2412,0.2616,0.2488,0.2484
0.242,0.262,0.2472,0.2488
0.242,0.2664,0.2452,0.2464
0.242,0.2672,0.2456,0.2452
0.2412,0.2672,0.246,0.2456
0.2412,0.2676,0.2448,0.2464
0.2412,0.2652,0.2464,0.2472
0.242,0.2652,0.2464,0.2464
0.2464,0.2636,0.2448,0.2452
0.2472,0.2636,0.2444,0.2448
0.25,0.264,0.2436,0.2424
0.2516,0.2612,0.2436,0.2436
0.2516,0.2604,0.2428,0.2452
0.2536,0.2572,0.244,0.2452
0.254,0.2564,0.2432,0.2464
0.2532,0.2564,0.2444,0.246
0.2532,0.2564,0.2436,0.2468
0.2496,0.2576,0.246,0.2468
0.25,0.2564,0.2472,0.2464
0.2492,0.2564,0.2472,0.2472
0.2516,0.2552,0.246,0.2472
0.2536,0.2548,0.2428,0.2488
0.252,0.2552,0.2428,0.25
0.2512,0.2552,0.2432,0.2504
0.2496,0.2556,0.2444,0.2504
0.2496,0.2548,0.244,0.2516
0.2476,0.2564,0.246,0.25
0.2496,0.2552,0.246,0.2492
0.2488,0.2544,0.2472,0.2496
0.2504,0.2524,0.2464,0.2508
0.25,0.2524,0.2468,0.2508
0.2504,0.2524,0.248,0.2492
0.2512,0.252,0.25,0.2468
0.2508,0.2532,0.2504,0.2456
0.2516,0.2528,0.252,0.2436
0.2544,0.252,0.2504,0.2432
0.254,0.2516,0.2504,0.244
0.2564,0.2504,0.2488,0.2444
0.2536,0.25,0.2484,0.248
0.252,0.2504,0.248,0.2496
0.2524,0.2472,0.2492,0.2512
0.2516,0.248,0.2484,0.252
0.252,0.2476,0.25,0.2504
0.2532,0.2448,0.2508,0.2512
0.2532,0.2452,0.2516,0.25
0.2536,0.2456,0.2504,0.2504
0.252,0.2452,0.25,0.2528
0.2512,0.246,0.25,0.2528
0.252,0.2448,0.25,0.2532
0.252,0.2424,0.252,0.2536
0.2524,0.242,0.2508,0.2548
0.2524,0.2416,0.2516,0.2544
0.2496,0.244,0.2512,0.2552
0.2492,0.2436,0.252,0.2552
0.2504,0.242,0.2524,0.2552
0.2488,0.2428,0.2512,0.2572
0.2476,0.2432,0.2508,0.2584
0.2504,0.2396,0.2516,0.2584
0.2508,0.2404,0.252,0.2568
0.248,0.2428,0.2528,0.2564
0.2472,0.2436,0.2536,0.2556
0.2496,0.2424,0.2516,0.2564
0.248,0.2436,0.2508,0.2576
0.2492,0.2424,0.2512,0.2572
0.2504,0.244,0.25,0.2556
0.2488,0.2452,0.25,0.256
0.248,0.2448,0.2512,0.256
0.2512,0.2448,0.2488,0.2552
0.2508,0.2452,0.2488,0.2552
0.2512,0.2468,0.2484,0.2536
0.2528,0.2456,0.2488,0.2528
0.2552,0.246,0.2468,0.252
0.2528,0.248,0.2456,0.2536
0.254,0.2476,0.2436,0.2548
0.2536,0.2472,0.2436,0.2556
0.2528,0.248,0.2424,0.2568
0.2536,0.248,0.2444,0.254
0.2536,0.2464,0.2456,0.2544
0.254,0.2452,0.246,0.2548
0.256,0.2432,0.246,0.2548
0.2556,0.2424,0.2452,0.2568
0.2544,0.244,0.2436,0.258
0.2544,0.242,0.2444,0.2592
0.2552,0.242,0.2448,0.258
0.2548,0.2444,0.2436,0.2572
0.2544,0.2456,0.2448,0.2552
0.2552,0.2468,0.242,0.256
0.2564,0.2472,0.2432,0.2532
0.254,0.2476,0.2436,0.2548
0.2544,0.2464,0.2448,0.2544
0.2544,0.244,0.2444,0.2572
0.2564,0.2432,0.2444,0.256
0.2568,0.242,0.246,0.2552
0.2584,0.2424,0.2432,0.256
0.2596,0.2404,0.2424,0.2576
0.258,0.2408,0.2416,0.2596
0.2604,0.2396,0.2408,0.2592
0.2608,0.2404,0.2404,0.2584
0.2592,0.2416,0.242,0.2572
0.2596,0.242,0.2416,0.2568
0.2596,0.2408,0.2404,0.2592
0.262,0.2404,0.2404,0.2572
0.2604,0.2416,0.24,0.258
0.26,0.242,0.2396,0.2584
0.2604,0.2432,0.2392,0.2572
0.26,0.242,0.24,0.258
0.2612,0.2408,0.2404,0.2576
0.2616,0.24,0.2396,0.2588
0.262,0.2396,0.2404,0.258
0.2636,0.24,0.238,0.2584
0.2616,0.2416,0.2376,0.2592
0.2652,0.2392,0.2372,0.2584
0.2648,0.2388,0.2376,0.2588
0.2644,0.2376,0.2392,0.2588
0.2628,0.2388,0.2392,0.2592
0.2624,0.2404,0.2392,0.258
0.2604,0.2424,0.2408,0.2564
0.26,0.2432,0.2396,0.2572
0.2596,0.2432,0.2388,0.2584
0.2592,0.2432,0.2396,0.258
0.2596,0.2444,0.2388,0.2572
0.2592,0.2448,0.2384,0.2576
0.2588,0.2448,0.24,0.2564
0.2588,0.2436,0.242,0.2556
0.2584,0.2448,0.242,0.2548
0.2592,0.244,0.2408,0.256
0.2608,0.244,0.24,0.2552
0.2628,0.2428,0.24,0.2544
0.2644,0.2416,0.2404,0.2536
0.2644,0.2408,0.2392,0.2556
0.2624,0.2416,0.2392,0.2568
0.2636,0.2408,0.2372,0.2584
0.266,0.2408,0.2348,0.2584
0.2652,0.242,0.234,0.2588
0.2644,0.242,0.2344,0.2592
0.2644,0.2404,0.2364,0.2588
0.2624,0.2396,0.2384,0.2596
0.2632,0.2388,0.2368,0.2612
0.2628,0.238,0.2368,0.2624
0.2628,0.238,0.2364,0.2628
0.264,0.2376,0.2344,0.264
0.2636,0.2368,0.2364,0.2632
0.2632,0.2396,0.2344,0.2628
0.2616,0.2416,0.2372,0.2596
0.2588,0.2412,0.238,0.262
0.2592,0.2408,0.2372,0.2628
0.2616,0.2416,0.2352,0.2616
0.2632,0.2408,0.236,0.26
0.2632,0.2384,0.2392,0.2592
0.264,0.2388,0.2392,0.258
0.2644,0.2384,0.2396,0.2576
0.2664,0.2384,0.238,0.2572
0.2676,0.236,0.238,0.2584
0.2656,0.2364,0.2388,0.2592
0.2656,0.2356,0.2388,0.26
0.2644,0.2372,0.2384,0.26
0.2656,0.2376,0.2364,0.2604
0.2644,0.2388,0.2384,0.2584
0.2624,0.24,0.2388,0.2588
0.2632,0.2404,0.2384,0.258
0.2616,0.2404,0.2384,0.2596
0.2588,0.242,0.238,0.2612
0.2584,0.2416,0.2396,0.2604
0.2572,0.2428,0.2404,0.2596
0.2588,0.2432,0.2384,0.2596
0.258,0.2432,0.2404,0.2584
0.2576,0.244,0.2412,0.2572
0.2576,0.242,0.2432,0.2572
0.2568,0.2428,0.2444,0.256
0.2572,0.2444,0.2444,0.254
0.2552,0.2456,0.2468,0.2524
0.2548,0.2452,0.2456,0.2544
0.2568,0.248,0.2428,0.2524
0.2568,0.246,0.2452,0.252
0.258,0.2468,0.2432,0.252
0.2576,0.2452,0.2432,0.254
0.2572,0.2464,0.2424,0.254
0.256,0.246,0.2424,0.2556
0.2564,0.2464,0.2424,0.2548
0.2576,0.2464,0.2416,0.2544
0.2548,0.248,0.2432,0.254
0.2552,0.2472,0.244,0.2536
0.2564,0.246,0.2448,0.2528
0.256,0.246,0.2464,0.2516
0.2576,0.2432,0.2472,0.252
0.258,0.2428,0.2472,0.252
0.258,0.2456,0.246,0.2504
0.2568,0.2464,0.246,0.2508
0.2576,0.2452,0.2456,0.2516
0.2568,0.244,0.2456,0.2536
0.2564,0.2448,0.2452,0.2536
0.2592,0.2436,0.2436,0.2536
0.2584,0.2428,0.2444,0.2544
0.2588,0.2424,0.246,0.2528
0.2576,0.2428,0.246,0.2536
0.258,0.2428,0.2464,0.2528
0.2572,0.2452,0.2452,0.2524
0.2564,0.2452,0.2452,0.2532
0.2572,0.2452,0.2452,0.2524
0.2548,0.246,0.246,0.2532
0.254,0.2456,0.2468,0.2536
0.2552,0.2452,0.2456,0.254
0.2536,0.246,0.2452,0.2552
0.2536,0.2484,0.2432,0.2548
0.2516,0.2504,0.2436,0.2544
0.2524,0.25,0.2444,0.2532
0.2532,0.2496,0.2428,0.2544
0.2532,0.2508,0.2412,0.2548
0.252,0.2532,0.2408,0.254
0.2532,0.252,0.2404,0.2544
0.2536,0.2516,0.2428,0.252
0.2548,0.252,0.2428,0.2504
0.256,0.2528,0.2424,0.2488
0.2568,0.252,0.2432,0.248
0.2576,0.2504,0.2428,0.2492
0.2552,0.25,0.2432,0.2516
0.256,0.248,0.2452,0.2508
0.258,0.248,0.244,0.25
0.258,0.2468,0.2448,0.2504
0.2608,0.2456,0.2456,0.248
0.2616,0.2472,0.2448,0.2464
0.2608,0.2476,0.246,0.2456
0.2584,0.248,0.246,0.2476
0.26,0.246,0.2452,0.2488
0.258,0.2464,0.246,0.2496
0.258,0.2456,0.2464,0.25
0.256,0.2472,0.2456,0.2512
0.2568,0.2468,0.2476,0.2488
0.258,0.2484,0.248,0.2456
0.2588,0.2496,0.2472,0.2444
0.2596,0.248,0.2468,0.2456
0.2596,0.2484,0.248,0.244
0.258,0.2476,0.2488,0.2456
0.258,0.2476,0.2492,0.2452
0.2584,0.2464,0.2504,0.2448
0.2592,0.2456,0.2496,0.2456
0.2588,0.2476,0.2472,0.2464
0.2576,0.2484,0.2488,0.2452
0.258,0.2508,0.2476,0.2436
0.258,0.2508,0.2472,0.244
0.2572,0.25,0.2468,0.246
0.2552,0.25,0.2468,0.248
0.2532,0.252,0.2464,0.2484
0.2532,0.2536,0.246,0.2472
0.2532,0.254,0.246,0.2468
0.2532,0.2548,0.2456,0.2464
0.2532,0.2572,0.2448,0.2448
0.2532,0.2576,0.2444,0.2448
0.2532,0.26,0.242,0.2448
0.2528,0.2604,0.2424,0.2444
0.252,0.2608,0.2424,0.2448
0.2524,0.2616,0.2408,0.2452
0.2536,0.2608,0.242,0.2436
0.2516,0.262,0.242,0.2444
0.2524,0.262,0.2416,0.244
0.2516,0.2608,0.2432,0.2444
0.2508,0.2612,0.2424,0.2456
0.2504,0.2612,0.244,0.2444
0.2504,0.262,0.242,0.2456
0.2512,0.26,0.2416,0.2472
0.2512,0.2612,0.24,0.2476
0.252,0.2596,0.2416,0.2468
0.2524,0.2592,0.2416,0.2468
0.2536,0.2576,0.2408,0.248
0.2556,0.258,0.2384,0.248
0.2544,0.258,0.2396,0.248
0.2528,0.2584,0.2404,0.2484
0.2504,0.2588,0.2404,0.2504
0.2524,0.2576,0.2404,0.2496
0.252,0.2568,0.2408,0.2504
0.2532,0.2572,0.24,0.2496
0.2552,0.2564,0.2388,0.2496
0.2552,0.2568,0.2376,0.2504
0.2528,0.2564,0.2392,0.2516
0.2532,0.258,0.2388,0.25
0.254,0.2564,0.2388,0.2508
0.2528,0.2564,0.2408,0.25
0.254,0.2572,0.2392,0.2496
0.2528,0.258,0.2384,0.2508
0.2524,0.2576,0.24,0.25
0.2516,0.2576,0.2396,0.2512
0.2524,0.256,0.2376,0.254
0.2552,0.2548,0.2368,0.2532
0.2548,0.2548,0.238,0.2524
0.2564,0.2536,0.2372,0.2528
0.256,0.2524,0.2384,0.2532
0.2564,0.2492,0.2384,0.256
0.256,0.2492,0.2384,0.2564
0.256,0.2496,0.2388,0.2556
0.2544,0.252,0.2384,0.2552
0.2536,0.2504,0.24,0.256
0.2552,0.2492,0.2384,0.2572
0.2528,0.2492,0.2396,0.2584
0.2548,0.2488,0.238,0.2584
0.2544,0.2488,0.2384,0.2584
0.2528,0.2496,0.2376,0.26
0.252,0.2496,0.2388,0.2596
0.2508,0.2496,0.2388,0.2608
0.2488,0.2504,0.24,0.2608
0.2492,0.2524,0.238,0.2604
0.2496,0.2524,0.2392,0.2588
0.2496,0.2524,0.2396,0.2584
0.2516,0.2524,0.2392,0.2568
0.2496,0.2528,0.2408,0.2568
0.2476,0.2532,0.2424,0.2568
0.2488,0.2512,0.242,0.258
0.2492,0.2496,0.2432,0.258
0.248,0.2496,0.2436,0.2588
0.248,0.2524,0.2416,0.258
0.2468,0.2512,0.2428,0.2592
0.246,0.2508,0.2436,0.2596
0.2472,0.2492,0.2448,0.2588
0.2488,0.2484,0.2444,0.2584
0.2492,0.2484,0.242,0.2604
0.2488,0.2492,0.2424,0.2596
0.2496,0.25,0.2432,0.2572
0.25,0.252,0.244,0.254
0.2492,0.254,0.2428,0.254
0.2476,0.254,0.244,0.2544
0.2484,0.2552,0.2428,0.2536
0.2476,0.2564,0.2424,0.2536
0.2448,0.2596,0.2432,0.2524
0.2448,0.2584,0.2444,0.2524
0.2448,0.2584,0.2444,0.2524
0.2448,0.2596,0.244,0.2516
0.2436,0.2604,0.244,0.252
0.2432,0.2616,0.2424,0.2528
0.2444,0.2616,0.2432,0.2508
0.2452,0.2608,0.2424,0.2516
0.2448,0.2616,0.244,0.2496
0.2436,0.2632,0.2436,0.2496
0.244,0.2636,0.2436,0.2488
0.2424,0.2652,0.244,0.2484
0.2432,0.2652,0.244,0.2476
0.2432,0.2644,0.2432,0.2492
0.244,0.264,0.2432,0.2488
0.246,0.2632,0.242,0.2488
0.2456,0.2612,0.2444,0.2488
0.2444,0.2612,0.2444,0.25
0.246,0.2588,0.2468,0.2484
0.2476,0.2584,0.2472,0.2468
