C,D,Oc,Od
1.0,0.0,0.0,0.0
0.6666666666666666,0.3333333333333333,0.0,0.0
0.5714285714285714,0.2857142857142857,0.0,0.14285714285714285
0.6071428571428571,0.25,0.0,0.14285714285714285
0.5384615384615384,0.3076923076923077,0.0,0.15384615384615385
0.5,0.32558139534883723,0.0,0.1744186046511628
0.4626865671641791,0.3358208955223881,0.014925373134328358,0.1865671641791045
0.44878048780487806,0.3463414634146341,0.014634146341463415,0.1902439024390244
0.4246575342465753,0.3732876712328767,0.0136986301369863,0.18835616438356165
0.39950372208436724,0.3945409429280397,0.01488833746898263,0.19106699751861042
0.37265917602996257,0.41760299625468167,0.024344569288389514,0.1853932584269663
0.34210526315789475,0.4517543859649123,0.027777777777777776,0.1783625730994152
0.3206197854588796,0.4767580452920143,0.03456495828367104,0.16805721096543505
0.3115942028985507,0.4979296066252588,0.034161490683229816,0.15631469979296067
0.29518619436875565,0.5149863760217984,0.03723887375113533,0.15258855585831063
0.28170144462279295,0.5256821829855538,0.040930979133226325,0.15168539325842698
0.2722736992159658,0.5302922309337135,0.04490377761938703,0.1525302922309337
0.2627831715210356,0.537864077669903,0.04789644012944984,0.15145631067961166
0.25677267373380447,0.5406360424028268,0.04888103651354535,0.15371024734982333
0.2553075666848122,0.5362003266194882,0.05443658138268917,0.15405552531301034
0.2529202640934485,0.5342813610970035,0.056881665820213305,0.15591670898933468
0.2521448999046711,0.5281220209723546,0.06005719733079123,0.15967588179218303
0.24897959183673468,0.5224489795918368,0.06349206349206349,0.16507936507936508
0.24554541503694047,0.5158626684050412,0.06823120382442416,0.1703607127335941
0.24440692275221612,0.5149852258336851,0.06922752216124947,0.1713803292528493
0.2432878975629905,0.5097067327550598,0.07434944237918216,0.17265592730276746
0.24084621643612694,0.5077298616761595,0.07851912123677787,0.17290480065093572
0.2387278582930757,0.5032206119162641,0.08252818035426732,0.17552334943639292
0.23868642370845014,0.49939927913496196,0.0841009211053264,0.17781337605126152
0.2388,0.4948,0.0876,0.1788
0.2392,0.4932,0.0896,0.178
0.2384,0.492,0.0904,0.1792
0.2392,0.49,0.0916,0.1792
0.2396,0.4884,0.0924,0.1796
0.2388,0.4852,0.0952,0.1808
0.2384,0.4828,0.0972,0.1816
0.2408,0.4788,0.0972,0.1832
0.24,0.4768,0.0992,0.184
0.2388,0.4784,0.0996,0.1832
0.2376,0.4744,0.1032,0.1848
0.2376,0.47,0.1052,0.1872
0.238,0.47,0.1056,0.1864
0.2388,0.4696,0.106,0.1856
0.2404,0.4652,0.1072,0.1872
0.2408,0.4612,0.1096,0.1884
0.2408,0.4564,0.1124,0.1904
0.2396,0.4548,0.1136,0.192
0.2396,0.4512,0.1148,0.1944
0.2384,0.4496,0.118,0.194
0.2384,0.446,0.1192,0.1964
0.2392,0.4448,0.12,0.196
0.2384,0.4464,0.12,0.1952
0.24,0.4432,0.1204,0.1964
0.24,0.4412,0.122,0.1968
0.2388,0.4384,0.1256,0.1972
0.2396,0.4368,0.126,0.1976
0.2384,0.4344,0.128,0.1992
0.2388,0.4336,0.1296,0.198
0.2396,0.4316,0.1304,0.1984
0.2408,0.4288,0.132,0.1984
0.2408,0.4264,0.132,0.2008
0.2396,0.4232,0.1356,0.2016
0.2408,0.4208,0.1376,0.2008
0.2388,0.4212,0.1396,0.2004
0.2388,0.4188,0.142,0.2004
0.24,0.4168,0.1428,0.2004
0.2392,0.4168,0.1436,0.2004
0.2396,0.4132,0.1468,0.2004
0.2388,0.4104,0.1484,0.2024
0.24,0.4072,0.1496,0.2032
0.2396,0.4072,0.15,0.2032
0.2396,0.4056,0.1508,0.204
0.2392,0.4072,0.1496,0.204
0.2388,0.404,0.1508,0.2064
0.2396,0.4008,0.1524,0.2072
0.2404,0.3956,0.1552,0.2088
0.2416,0.3948,0.1548,0.2088
0.2416,0.3956,0.1564,0.2064
0.2436,0.3924,0.1576,0.2064
0.2448,0.3916,0.1568,0.2068
0.2432,0.3916,0.1568,0.2084
0.2444,0.39,0.1572,0.2084
0.2456,0.3888,0.1576,0.208
0.2452,0.3892,0.1584,0.2072
0.2428,0.3872,0.16,0.21
0.2444,0.3852,0.1624,0.208
0.2452,0.3856,0.1628,0.2064
0.244,0.3856,0.1624,0.208
0.2452,0.3852,0.1624,0.2072
0.246,0.384,0.1628,0.2072
0.2468,0.3816,0.1632,0.2084
0.2468,0.3792,0.1648,0.2092
0.2448,0.378,0.1668,0.2104
0.2436,0.3788,0.1672,0.2104
0.2452,0.378,0.1668,0.21
0.2436,0.3784,0.1676,0.2104
0.244,0.3764,0.1684,0.2112
0.2444,0.374,0.1684,0.2132
0.2452,0.374,0.1684,0.2124
0.2436,0.3748,0.1688,0.2128
0.2436,0.3716,0.1696,0.2152
0.2448,0.3696,0.1704,0.2152
0.2452,0.3712,0.1708,0.2128
0.2448,0.372,0.1712,0.212
0.2432,0.3732,0.1708,0.2128
0.242,0.3712,0.1708,0.216
0.2424,0.3708,0.1712,0.2156
0.2396,0.3704,0.1748,0.2152
0.2392,0.3688,0.1764,0.2156
0.2384,0.368,0.1776,0.216
0.2392,0.3664,0.1772,0.2172
0.2388,0.3664,0.1776,0.2172
0.2384,0.3664,0.1784,0.2168
0.238,0.364,0.178,0.22
0.2364,0.3624,0.1772,0.224
0.2356,0.3628,0.1776,0.224
0.2348,0.3612,0.1796,0.2244
0.2364,0.3592,0.1804,0.224
0.2352,0.3564,0.1824,0.226
0.2356,0.3564,0.182,0.226
0.2344,0.3532,0.186,0.2264
0.2352,0.352,0.1864,0.2264
0.2352,0.3512,0.1876,0.226
0.2352,0.3496,0.1872,0.228
0.2332,0.3516,0.188,0.2272
0.2324,0.3504,0.1892,0.228
0.2336,0.3504,0.188,0.228
0.2356,0.35,0.1876,0.2268
0.2348,0.3484,0.19,0.2268
0.236,0.3484,0.1904,0.2252
0.2368,0.3468,0.1928,0.2236
0.2336,0.3492,0.1932,0.224
0.2344,0.346,0.1936,0.226
0.2352,0.3472,0.1908,0.2268
0.2344,0.3464,0.1924,0.2268
0.238,0.344,0.1912,0.2268
0.2372,0.3436,0.192,0.2272
0.236,0.3436,0.1952,0.2252
0.2356,0.3432,0.1972,0.224
0.2328,0.3428,0.1988,0.2256
0.2336,0.3436,0.1996,0.2232
0.234,0.3428,0.2012,0.222
0.2332,0.3416,0.2032,0.222
0.2324,0.3392,0.2036,0.2248
0.2328,0.3388,0.204,0.2244
0.234,0.3372,0.204,0.2248
0.2348,0.336,0.2052,0.224
0.2348,0.336,0.2048,0.2244
0.2352,0.336,0.2056,0.2232
0.2356,0.334,0.2076,0.2228
0.2348,0.336,0.208,0.2212
0.236,0.3344,0.208,0.2216
0.2364,0.3332,0.2076,0.2228
0.236,0.332,0.2084,0.2236
0.2368,0.3316,0.2088,0.2228
0.238,0.3324,0.2072,0.2224
0.238,0.334,0.2068,0.2212
0.24,0.3332,0.2076,0.2192
0.2412,0.332,0.2076,0.2192
0.2408,0.3316,0.2084,0.2192
0.242,0.3324,0.2088,0.2168
0.2416,0.3332,0.2076,0.2176
0.2412,0.3328,0.208,0.218
0.2424,0.3332,0.2068,0.2176
0.2408,0.3328,0.21,0.2164
0.2424,0.3328,0.208,0.2168
0.2416,0.3328,0.21,0.2156
0.2424,0.3324,0.21,0.2152
0.2432,0.3332,0.2084,0.2152
0.2452,0.332,0.2072,0.2156
0.2444,0.3312,0.2088,0.2156
0.2456,0.3304,0.208,0.216
0.246,0.3324,0.2072,0.2144
0.2444,0.3316,0.208,0.216
0.2432,0.3316,0.2076,0.2176
0.2432,0.3292,0.208,0.2196
0.2436,0.3284,0.206,0.222
0.2424,0.3312,0.2048,0.2216
0.244,0.3284,0.2052,0.2224
0.2464,0.3272,0.2052,0.2212
0.2464,0.328,0.2052,0.2204
0.2456,0.3284,0.2048,0.2212
0.2448,0.3296,0.2032,0.2224
0.2432,0.33,0.2032,0.2236
0.246,0.3288,0.2028,0.2224
0.2452,0.3288,0.2032,0.2228
0.2452,0.3264,0.2048,0.2236
0.2432,0.3252,0.2076,0.224
0.2436,0.3232,0.2068,0.2264
0.2436,0.3248,0.2076,0.224
0.2432,0.3228,0.2104,0.2236
0.2416,0.3224,0.2104,0.2256
0.2412,0.3204,0.2096,0.2288
0.2412,0.3208,0.2084,0.2296
0.2412,0.3204,0.2088,0.2296
0.2416,0.3184,0.21,0.23
0.2396,0.318,0.212,0.2304
0.2376,0.3176,0.2152,0.2296
0.2376,0.3164,0.2152,0.2308
0.2368,0.3172,0.216,0.23
0.2376,0.3168,0.2176,0.228
0.2384,0.3168,0.216,0.2288
0.2396,0.3156,0.214,0.2308
0.2412,0.3144,0.2128,0.2316
0.24,0.3136,0.2144,0.232
0.2396,0.3128,0.2172,0.2304
0.2384,0.3124,0.2176,0.2316
0.2356,0.3112,0.2216,0.2316
0.2348,0.3124,0.2212,0.2316
0.236,0.3124,0.2196,0.232
0.2368,0.312,0.2196,0.2316
0.238,0.3112,0.2208,0.23
0.236,0.31,0.2228,0.2312
0.2376,0.3108,0.2224,0.2292
0.2384,0.3096,0.2224,0.2296
0.2384,0.3072,0.2252,0.2292
0.2376,0.3084,0.2228,0.2312
0.2372,0.308,0.224,0.2308
0.2392,0.3072,0.224,0.2296
0.2392,0.3068,0.2248,0.2292
0.24,0.3064,0.2244,0.2292
0.2412,0.3056,0.2232,0.23
0.2404,0.3044,0.2248,0.2304
0.2424,0.3044,0.2232,0.23
0.2412,0.304,0.2228,0.232
0.2424,0.3016,0.2212,0.2348
0.2432,0.302,0.2208,0.234
0.2436,0.3012,0.222,0.2332
0.2436,0.3016,0.222,0.2328
0.2428,0.302,0.2236,0.2316
0.2424,0.302,0.2256,0.23
0.2428,0.3008,0.226,0.2304
0.2448,0.3008,0.2256,0.2288
0.2432,0.2992,0.2276,0.23
0.2432,0.2972,0.2276,0.232
0.2452,0.2948,0.2276,0.2324
0.2472,0.2924,0.2292,0.2312
0.248,0.292,0.2276,0.2324
0.2496,0.2916,0.2264,0.2324
0.25,0.2924,0.2264,0.2312
0.2508,0.2916,0.2272,0.2304
0.2504,0.29,0.228,0.2316
0.2488,0.29,0.2292,0.232
0.2492,0.2884,0.2276,0.2348
0.2488,0.2876,0.2296,0.234
0.2492,0.288,0.2292,0.2336
0.2496,0.2888,0.2292,0.2324
0.2504,0.2872,0.2288,0.2336
0.2488,0.2892,0.2288,0.2332
0.2512,0.2892,0.2272,0.2324
0.2512,0.2892,0.2272,0.2324
0.2524,0.2876,0.2264,0.2336
0.252,0.2868,0.2268,0.2344
0.2516,0.288,0.2256,0.2348
0.2504,0.2884,0.226,0.2352
0.2492,0.2876,0.2268,0.2364
0.2484,0.2848,0.2288,0.238
0.2464,0.2856,0.2296,0.2384
0.2456,0.2856,0.23,0.2388
0.2448,0.286,0.2304,0.2388
0.2444,0.288,0.2304,0.2372
0.2452,0.2872,0.232,0.2356
0.246,0.2888,0.2344,0.2308
0.2472,0.2888,0.2336,0.2304
0.2488,0.2888,0.232,0.2304
0.2472,0.2888,0.232,0.232
0.2468,0.2888,0.2328,0.2316
0.246,0.2904,0.2312,0.2324
0.2452,0.2904,0.2304,0.234
0.2472,0.2892,0.2296,0.234
0.2476,0.2888,0.2308,0.2328
0.2488,0.288,0.2304,0.2328
0.248,0.2892,0.2296,0.2332
0.2472,0.2888,0.2308,0.2332
0.2452,0.29,0.2316,0.2332
0.2448,0.2908,0.2312,0.2332
0.2452,0.2896,0.232,0.2332
0.2456,0.2916,0.2336,0.2292
0.2468,0.2896,0.2344,0.2292
0.2472,0.2884,0.2352,0.2292
0.2464,0.2872,0.2368,0.2296
0.2464,0.2884,0.238,0.2272
0.248,0.2872,0.236,0.2288
0.2468,0.2884,0.236,0.2288
0.2464,0.2888,0.2356,0.2292
0.2468,0.288,0.2344,0.2308
0.2468,0.2888,0.2328,0.2316
0.2464,0.288,0.2312,0.2344
0.2448,0.286,0.2344,0.2348
0.2468,0.284,0.2332,0.236
0.2496,0.282,0.2328,0.2356
0.25,0.2812,0.2344,0.2344
0.2504,0.2832,0.2348,0.2316
0.2512,0.284,0.234,0.2308
0.2504,0.2844,0.234,0.2312
0.2512,0.2824,0.2332,0.2332
0.2512,0.2804,0.2344,0.234
0.2512,0.2808,0.2372,0.2308
0.25,0.2812,0.2388,0.23
0.2496,0.2812,0.2364,0.2328
0.2488,0.28,0.2368,0.2344
0.2484,0.278,0.2372,0.2364
0.25,0.2776,0.2352,0.2372
0.2492,0.2788,0.2332,0.2388
0.2504,0.2768,0.2356,0.2372
0.2516,0.2752,0.2348,0.2384
0.254,0.2728,0.234,0.2392
0.2532,0.272,0.236,0.2388
0.2556,0.272,0.236,0.2364
0.256,0.2712,0.236,0.2368
0.2544,0.2712,0.2356,0.2388
0.2548,0.2708,0.2344,0.24
0.2532,0.2724,0.2324,0.242
0.2532,0.2728,0.2336,0.2404
0.2524,0.2748,0.2344,0.2384
0.2556,0.274,0.2332,0.2372
0.256,0.2744,0.2328,0.2368
0.256,0.276,0.2312,0.2368
0.2556,0.2764,0.2316,0.2364
0.2552,0.2768,0.2312,0.2368
0.2552,0.2752,0.2336,0.236
0.254,0.2764,0.2332,0.2364
0.2536,0.2764,0.2332,0.2368
0.2544,0.2748,0.2344,0.2364
0.2536,0.2744,0.236,0.236
0.2528,0.2744,0.2356,0.2372
0.2504,0.2748,0.2368,0.238
0.2488,0.2748,0.238,0.2384
0.2476,0.2764,0.238,0.238
0.2476,0.2744,0.2384,0.2396
0.2468,0.272,0.2412,0.24
0.2468,0.2704,0.2404,0.2424
0.2468,0.2692,0.242,0.242
0.2484,0.2692,0.24,0.2424
0.2492,0.2688,0.2404,0.2416
0.2472,0.2688,0.2428,0.2412
0.2476,0.268,0.2432,0.2412
0.2448,0.2696,0.2444,0.2412
0.2432,0.27,0.2452,0.2416
0.2448,0.272,0.2456,0.2376
0.2436,0.27,0.2464,0.24
0.2416,0.272,0.2456,0.2408
0.2412,0.2724,0.2448,0.2416
0.242,0.2728,0.2436,0.2416
0.2424,0.2748,0.2436,0.2392
0.244,0.2748,0.242,0.2392
0.2428,0.2764,0.2432,0.2376
0.2412,0.2768,0.2428,0.2392
0.2416,0.278,0.2424,0.238
0.242,0.276,0.246,0.236
0.2416,0.2756,0.246,0.2368
0.2412,0.2756,0.2456,0.2376
0.2416,0.2764,0.244,0.238
0.2432,0.2756,0.2432,0.238
0.2432,0.2744,0.2436,0.2388
0.2436,0.2748,0.2444,0.2372
0.2448,0.2752,0.2428,0.2372
0.2472,0.2708,0.2456,0.2364
0.2464,0.272,0.2436,0.238
0.246,0.2724,0.2448,0.2368
0.2488,0.2712,0.244,0.236
0.248,0.2724,0.2448,0.2348
0.2484,0.2724,0.2444,0.2348
0.2496,0.2744,0.2412,0.2348
0.2504,0.2728,0.2412,0.2356
0.2516,0.272,0.24,0.2364
0.2508,0.2716,0.2428,0.2348
0.2508,0.2728,0.2408,0.2356
0.2504,0.274,0.2412,0.2344
0.2508,0.2748,0.2396,0.2348
0.2504,0.2756,0.2384,0.2356
0.2496,0.2728,0.2412,0.2364
0.2492,0.2744,0.2428,0.2336
0.2488,0.2712,0.2456,0.2344
0.2488,0.2708,0.248,0.2324
0.2508,0.27,0.2468,0.2324
0.2508,0.27,0.2468,0.2324
0.2512,0.2696,0.248,0.2312
0.2516,0.2704,0.2472,0.2308
0.2532,0.2692,0.2476,0.23
0.2524,0.27,0.2468,0.2308
0.2524,0.2688,0.2476,0.2312
0.2512,0.2704,0.2464,0.232
0.252,0.272,0.2432,0.2328
0.2496,0.2716,0.2456,0.2332
0.2504,0.2712,0.246,0.2324
0.2516,0.2704,0.2452,0.2328
0.2516,0.2692,0.2468,0.2324
0.2532,0.2688,0.246,0.232
0.2532,0.2676,0.2468,0.2324
0.2536,0.2672,0.2444,0.2348
0.2544,0.2676,0.2444,0.2336
0.2536,0.2676,0.2448,0.234
0.254,0.2684,0.2452,0.2324
0.2544,0.27,0.2424,0.2332
0.254,0.272,0.2412,0.2328
0.2572,0.2708,0.24,0.232
0.2556,0.2704,0.2416,0.2324
0.256,0.2712,0.242,0.2308
0.2572,0.2728,0.24,0.23
0.2572,0.2736,0.2396,0.2296
0.2568,0.274,0.2392,0.23
0.2544,0.2772,0.24,0.2284
0.2544,0.2756,0.2412,0.2288
0.2536,0.2752,0.2416,0.2296
0.2532,0.2768,0.2412,0.2288
0.2524,0.2776,0.2424,0.2276
0.2528,0.2768,0.242,0.2284
0.2532,0.2748,0.2428,0.2292
0.254,0.274,0.2436,0.2284
0.2532,0.2744,0.2456,0.2268
0.256,0.2732,0.2448,0.226
0.2556,0.2724,0.246,0.226
0.256,0.2708,0.2476,0.2256
0.2584,0.2696,0.25,0.222
0.26,0.2676,0.2516,0.2208
0.2612,0.2656,0.2524,0.2208
0.262,0.2632,0.2536,0.2212
0.2616,0.2604,0.2556,0.2224
0.2616,0.2576,0.258,0.2228
0.2596,0.2576,0.2592,0.2236
0.2572,0.2584,0.2584,0.226
0.26,0.2548,0.2588,0.2264
0.2596,0.2556,0.2576,0.2272
0.2592,0.2568,0.2568,0.2272
0.26,0.2564,0.2552,0.2284
0.2592,0.256,0.2568,0.228
0.2624,0.2556,0.2552,0.2268
0.264,0.2532,0.2544,0.2284
0.264,0.252,0.2536,0.2304
0.2648,0.252,0.2528,0.2304
0.264,0.2516,0.2524,0.232
0.2652,0.252,0.252,0.2308
0.2652,0.2528,0.2516,0.2304
0.2644,0.252,0.2524,0.2312
0.2624,0.2516,0.2544,0.2316
0.2636,0.2512,0.2536,0.2316
0.2628,0.2512,0.2556,0.2304
0.2656,0.2492,0.2552,0.23
0.2652,0.2508,0.2552,0.2288
0.2656,0.2496,0.2536,0.2312
0.2644,0.25,0.2536,0.232
0.264,0.2492,0.2544,0.2324
0.2652,0.2488,0.2548,0.2312
0.2672,0.2468,0.2544,0.2316
0.2684,0.2464,0.2544,0.2308
0.2688,0.2448,0.254,0.2324
0.2668,0.2436,0.2556,0.234
0.2656,0.2452,0.256,0.2332
0.2656,0.2452,0.2564,0.2328
0.2656,0.248,0.2552,0.2312
0.2664,0.248,0.2536,0.232
0.2648,0.2492,0.252,0.234
0.264,0.2504,0.2512,0.2344
0.264,0.2484,0.2524,0.2352
0.2632,0.2496,0.2516,0.2356
0.2644,0.2512,0.2488,0.2356
0.2636,0.2512,0.25,0.2352
0.2636,0.2524,0.2488,0.2352
0.264,0.2528,0.2488,0.2344
0.2636,0.2508,0.2488,0.2368
0.2612,0.2516,0.2496,0.2376
0.2608,0.2512,0.25,0.238
0.262,0.2512,0.2504,0.2364
0.2624,0.2516,0.25,0.236
0.26,0.2548,0.25,0.2352
0.2592,0.2564,0.2504,0.234
0.26,0.2556,0.2512,0.2332
0.2596,0.2564,0.2508,0.2332
0.262,0.2568,0.2484,0.2328
0.2652,0.2564,0.2464,0.232
0.2648,0.2556,0.2472,0.2324
0.2648,0.2572,0.244,0.234
0.2652,0.2564,0.2432,0.2352
0.2652,0.256,0.2456,0.2332
0.264,0.2564,0.2464,0.2332
0.2648,0.2552,0.2472,0.2328
0.2628,0.2548,0.2468,0.2356
0.2612,0.2544,0.2476,0.2368
0.2608,0.256,0.2472,0.236
0.2624,0.258,0.244,0.2356
0.2616,0.258,0.2444,0.236
0.2632,0.256,0.2432,0.2376
0.2608,0.2588,0.2436,0.2368
0.26,0.2596,0.2432,0.2372
0.2592,0.2596,0.244,0.2372
0.2584,0.2592,0.2448,0.2376
0.258,0.26,0.2444,0.2376
0.2592,0.2612,0.2444,0.2352
0.2592,0.2624,0.2452,0.2332
0.2596,0.2632,0.2448,0.2324
0.2584,0.2632,0.2448,0.2336
0.258,0.2628,0.2476,0.2316
0.2588,0.2616,0.248,0.2316
0.2572,0.262,0.2504,0.2304
0.256,0.2612,0.2528,0.23
0.2552,0.2636,0.2512,0.23
0.2544,0.2624,0.2516,0.2316
0.2548,0.2624,0.2508,0.232
0.2572,0.2636,0.25,0.2292
0.2568,0.262,0.2516,0.2296
0.258,0.2616,0.252,0.2284
0.2568,0.2604,0.2512,0.2316
0.2572,0.2608,0.2504,0.2316
0.2544,0.2608,0.252,0.2328
0.2564,0.2624,0.2488,0.2324
0.2564,0.262,0.248,0.2336
0.2584,0.2616,0.2464,0.2336
0.2596,0.2612,0.2456,0.2336
0.2584,0.2636,0.244,0.234
0.2596,0.2632,0.2432,0.234
0.2596,0.2628,0.2448,0.2328
0.258,0.2636,0.246,0.2324
0.2576,0.2624,0.2476,0.2324
0.2564,0.2648,0.2472,0.2316
0.256,0.2648,0.2456,0.2336
0.2548,0.2648,0.2456,0.2348
0.2536,0.2644,0.246,0.236
0.2536,0.2644,0.246,0.236
0.252,0.2652,0.2476,0.2352
0.2528,0.268,0.2456,0.2336
0.2536,0.268,0.2452,0.2332
0.2524,0.268,0.2468,0.2328
0.2532,0.2668,0.2468,0.2332
0.2528,0.2668,0.2484,0.232
0.2544,0.2672,0.248,0.2304
0.2492,0.2688,0.25,0.232
0.252,0.2688,0.2492,0.23
0.2524,0.2672,0.25,0.2304
0.2512,0.266,0.2524,0.2304
0.2552,0.2644,0.2528,0.2276
0.2556,0.2632,0.254,0.2272
0.2556,0.2628,0.2528,0.2288
0.2552,0.2624,0.252,0.2304
0.2556,0.2624,0.2516,0.2304
0.2576,0.2612,0.252,0.2292
0.2596,0.2616,0.25,0.2288
0.2592,0.26,0.252,0.2288
0.2584,0.2584,0.2544,0.2288
0.2572,0.2592,0.2548,0.2288
0.2552,0.2584,0.2564,0.23
0.2536,0.26,0.256,0.2304
0.2528,0.2592,0.2556,0.2324
0.2524,0.2604,0.2548,0.2324
0.2528,0.2616,0.252,0.2336
0.2532,0.26,0.2508,0.236
0.2528,0.2596,0.25,0.2376
0.2524,0.26,0.2496,0.238
0.2528,0.26,0.248,0.2392
0.2536,0.2604,0.2484,0.2376
0.2532,0.2604,0.2508,0.2356
0.252,0.26,0.252,0.236
0.252,0.26,0.2532,0.2348
0.2524,0.2608,0.252,0.2348
0.2544,0.2604,0.2524,0.2328
0.2548,0.26,0.2516,0.2336
0.2544,0.2584,0.252,0.2352
0.2536,0.26,0.2528,0.2336
0.2532,0.2596,0.2524,0.2348
0.2536,0.2588,0.2524,0.2352
0.2532,0.2588,0.2524,0.2356
0.252,0.2588,0.254,0.2352
0.2504,0.2592,0.2532,0.2372
0.2524,0.2588,0.252,0.2368
0.2556,0.258,0.2508,0.2356
0.256,0.2572,0.2496,0.2372
0.256,0.258,0.248,0.238
0.2556,0.2576,0.2476,0.2392
0.256,0.2576,0.2476,0.2388
0.2564,0.2572,0.2476,0.2388
0.2572,0.2544,0.2496,0.2388
0.2596,0.2548,0.2492,0.2364
0.2596,0.256,0.248,0.2364
0.2588,0.2548,0.2488,0.2376
0.2584,0.2544,0.25,0.2372
0.2584,0.2536,0.25,0.238
0.2588,0.2548,0.25,0.2364
0.2592,0.2548,0.2496,0.2364
0.2608,0.2532,0.2524,0.2336
0.2592,0.2528,0.2548,0.2332
0.258,0.254,0.254,0.234
0.2576,0.2548,0.2536,0.234
0.2584,0.2552,0.2532,0.2332
0.2588,0.2552,0.2544,0.2316
0.258,0.2548,0.2552,0.232
0.2552,0.256,0.2556,0.2332
0.2544,0.2572,0.2548,0.2336
0.2552,0.2564,0.2536,0.2348
0.2548,0.256,0.252,0.2372
0.2556,0.2584,0.2504,0.2356
0.2536,0.2592,0.2496,0.2376
0.252,0.2592,0.2504,0.2384
0.252,0.2568,0.2504,0.2408
0.2536,0.2552,0.2516,0.2396
0.2548,0.254,0.2536,0.2376
0.256,0.2528,0.2532,0.238
0.2564,0.2536,0.2532,0.2368
0.2572,0.2548,0.254,0.234
0.2588,0.2556,0.2516,0.234
0.2592,0.2564,0.2516,0.2328
0.258,0.2576,0.2504,0.234
0.2572,0.2588,0.2508,0.2332
0.2596,0.2604,0.2476,0.2324
0.258,0.2624,0.2456,0.234
0.2588,0.2632,0.2448,0.2332
0.2584,0.2632,0.2456,0.2328
0.2568,0.2636,0.2456,0.234
0.2556,0.2608,0.2476,0.236
0.2556,0.26,0.2472,0.2372
0.2556,0.2604,0.2476,0.2364
0.2552,0.2608,0.2464,0.2376
0.2552,0.262,0.2452,0.2376
0.2548,0.2612,0.2452,0.2388
0.2552,0.2628,0.2424,0.2396
0.2556,0.2628,0.242,0.2396
0.2536,0.2624,0.244,0.24
0.254,0.2636,0.2424,0.24
0.2532,0.2648,0.2436,0.2384
0.2508,0.2664,0.2428,0.24
0.2516,0.2676,0.2428,0.238
0.2512,0.2676,0.2412,0.24
0.25,0.2676,0.2408,0.2416
0.2508,0.2648,0.2408,0.2436
0.2488,0.2648,0.2408,0.2456
0.2456,0.2652,0.2432,0.246
0.246,0.2652,0.2436,0.2452
0.2464,0.2656,0.2432,0.2448
0.2448,0.2684,0.2428,0.244
0.2456,0.2708,0.2412,0.2424
0.246,0.2704,0.2404,0.2432
0.246,0.27,0.2404,0.2436
0.246,0.268,0.2424,0.2436
0.2468,0.2672,0.2412,0.2448
0.2452,0.2672,0.2428,0.2448
0.2432,0.2656,0.2456,0.2456
0.2444,0.264,0.246,0.2456
0.2424,0.2656,0.2448,0.2472
0.242,0.2652,0.2452,0.2476
0.2416,0.266,0.2444,0.248
0.2424,0.2636,0.2464,0.2476
0.2424,0.2632,0.248,0.2464
0.2412,0.2648,0.2492,0.2448
0.2432,0.2632,0.2492,0.2444
0.2432,0.262,0.2496,0.2452
0.2432,0.262,0.2504,0.2444
0.2424,0.26,0.2528,0.2448
0.2424,0.2584,0.2532,0.246
0.2432,0.2556,0.254,0.2472
0.2436,0.2564,0.2544,0.2456
0.2436,0.2548,0.2548,0.2468
0.2452,0.252,0.2572,0.2456
0.2436,0.2528,0.2572,0.2464
0.2436,0.254,0.2548,0.2476
0.2444,0.2532,0.2548,0.2476
0.244,0.2552,0.2532,0.2476
0.2424,0.2572,0.254,0.2464
0.2424,0.2568,0.2528,0.248
0.2448,0.2556,0.2532,0.2464
0.2456,0.2548,0.2536,0.246
0.246,0.2572,0.2508,0.246
0.2444,0.2576,0.25,0.248
0.2436,0.256,0.2512,0.2492
0.2456,0.254,0.2516,0.2488
0.2468,0.2508,0.2536,0.2488
0.2468,0.2488,0.2544,0.25
0.2468,0.2496,0.2548,0.2488
0.2448,0.2508,0.2552,0.2492
0.2452,0.25,0.256,0.2488
0.248,0.2496,0.2552,0.2472
0.2476,0.2484,0.2548,0.2492
0.2476,0.2468,0.254,0.2516
0.2488,0.2472,0.2536,0.2504
0.2492,0.2472,0.2524,0.2512
0.2488,0.2476,0.2528,0.2508
0.2476,0.2484,0.2528,0.2512
0.2464,0.2472,0.2536,0.2528
0.2444,0.2472,0.2536,0.2548
0.244,0.248,0.252,0.256
0.2444,0.2468,0.252,0.2568
0.2444,0.244,0.254,0.2576
0.2432,0.2436,0.2564,0.2568
0.2444,0.2444,0.2552,0.256
0.2444,0.2448,0.256,0.2548
0.2428,0.2464,0.2564,0.2544
0.2416,0.2468,0.2564,0.2552
0.2404,0.248,0.256,0.2556
0.2412,0.2472,0.2552,0.2564
0.242,0.2476,0.2536,0.2568
0.2424,0.2496,0.2528,0.2552
0.2412,0.2476,0.2576,0.2536
0.2428,0.2472,0.2568,0.2532
0.2396,0.2468,0.2576,0.256
0.2404,0.2476,0.2568,0.2552
0.2424,0.2456,0.2564,0.2556
0.2432,0.2444,0.2564,0.256
0.2432,0.2452,0.2568,0.2548
0.2448,0.2456,0.2572,0.2524
0.2472,0.244,0.2552,0.2536
0.2484,0.2448,0.2532,0.2536
0.2452,0.2464,0.2516,0.2568
0.2452,0.2472,0.2504,0.2572
0.2444,0.2468,0.252,0.2568
0.2444,0.2468,0.2528,0.256
0.2448,0.2464,0.2536,0.2552
0.2464,0.2472,0.2524,0.254
0.2472,0.2464,0.2528,0.2536
0.2476,0.2476,0.252,0.2528
0.2464,0.2484,0.2512,0.254
0.2456,0.2472,0.2528,0.2544
0.244,0.2488,0.254,0.2532
0.244,0.2504,0.252,0.2536
0.2424,0.2504,0.252,0.2552
0.2436,0.25,0.2512,0.2552
0.2424,0.2504,0.2524,0.2548
0.2456,0.2484,0.2508,0.2552
0.2464,0.248,0.2524,0.2532
0.2464,0.248,0.2512,0.2544
0.2492,0.2484,0.2472,0.2552
0.2484,0.2496,0.2464,0.2556
0.246,0.2488,0.2476,0.2576
0.2472,0.2488,0.2468,0.2572
0.246,0.2516,0.2468,0.2556
0.246,0.2504,0.2456,0.258
0.2472,0.2508,0.2444,0.2576
0.2468,0.252,0.2432,0.258
0.2456,0.2524,0.2448,0.2572
0.2436,0.254,0.2452,0.2572
0.244,0.252,0.2456,0.2584
0.2428,0.2512,0.2452,0.2608
0.2416,0.2512,0.2468,0.2604
0.2432,0.2512,0.2452,0.2604
0.2416,0.2512,0.2464,0.2608
0.2416,0.2512,0.248,0.2592
0.2416,0.2492,0.2488,0.2604
0.24,0.2476,0.2504,0.262
0.2404,0.2476,0.2504,0.2616
0.2384,0.248,0.2508,0.2628
0.2396,0.2484,0.2508,0.2612
0.2392,0.2476,0.252,0.2612
0.24,0.2444,0.2524,0.2632
0.2396,0.2444,0.2532,0.2628
0.2388,0.2444,0.2528,0.264
0.2372,0.2448,0.254,0.264
0.2372,0.2456,0.2532,0.264
0.2376,0.2456,0.2532,0.2636
0.236,0.2476,0.2528,0.2636
0.236,0.2468,0.2536,0.2636
0.2364,0.2476,0.254,0.262
0.2356,0.2456,0.256,0.2628
0.2364,0.2468,0.2544,0.2624
0.2348,0.2448,0.256,0.2644
0.2344,0.2464,0.2572,0.262
0.2348,0.2464,0.2568,0.262
0.236,0.2448,0.2572,0.262
0.2368,0.2448,0.2576,0.2608
0.2372,0.2464,0.256,0.2604
0.2364,0.2472,0.256,0.2604
0.2364,0.2484,0.2556,0.2596
0.2368,0.248,0.2552,0.26
0.2356,0.2472,0.2556,0.2616
0.236,0.2468,0.2556,0.2616
0.2356,0.2456,0.2564,0.2624
0.2348,0.246,0.2572,0.262
0.2364,0.2448,0.2564,0.2624
0.2352,0.2448,0.256,0.264
0.236,0.2436,0.2548,0.2656
0.2352,0.2456,0.2536,0.2656
0.2348,0.2464,0.254,0.2648
0.2352,0.2456,0.2544,0.2648
0.2336,0.246,0.2548,0.2656
0.2344,0.2476,0.2536,0.2644
0.2328,0.2472,0.2548,0.2652
0.234,0.248,0.2544,0.2636
0.232,0.2496,0.2556,0.2628
0.2324,0.2484,0.2556,0.2636
0.232,0.2472,0.2552,0.2656
0.2332,0.2472,0.2548,0.2648
0.234,0.2448,0.2556,0.2656
0.2336,0.2444,0.256,0.266
0.2348,0.2464,0.2556,0.2632
0.2348,0.2464,0.2568,0.262
0.236,0.2476,0.2564,0.26
0.2376,0.2492,0.2552,0.258
0.2356,0.2496,0.2564,0.2584
0.2352,0.25,0.2556,0.2592
0.2356,0.2496,0.2564,0.2584
0.2356,0.2488,0.2576,0.258
0.234,0.2492,0.2564,0.2604
0.2348,0.248,0.2568,0.2604
0.2376,0.2492,0.2536,0.2596
0.2384,0.25,0.252,0.2596
0.2396,0.2508,0.2496,0.26
0.2392,0.252,0.2468,0.262
0.2404,0.2512,0.2472,0.2612
0.2396,0.2532,0.2468,0.2604
0.2412,0.2512,0.246,0.2616
0.2432,0.25,0.2448,0.262
0.2416,0.2508,0.2452,0.2624
0.2396,0.2508,0.2468,0.2628
0.2404,0.2512,0.246,0.2624
0.2412,0.2512,0.2452,0.2624
0.2412,0.2496,0.2464,0.2628
0.24,0.2492,0.2476,0.2632
0.2396,0.2508,0.2472,0.2624
0.2388,0.2508,0.2488,0.2616
0.2404,0.2508,0.2488,0.26
0.2392,0.2508,0.25,0.26
0.2392,0.2492,0.25,0.2616
0.2388,0.2484,0.2504,0.2624
0.2408,0.2488,0.2488,0.2616
0.24,0.2464,0.2512,0.2624
0.2396,0.2444,0.2508,0.2652
0.2396,0.2448,0.2508,0.2648
0.2404,0.2444,0.252,0.2632
0.242,0.244,0.2536,0.2604
0.2412,0.2444,0.2532,0.2612
0.2416,0.2452,0.2544,0.2588
0.2436,0.244,0.254,0.2584
0.2444,0.2456,0.252,0.258
0.246,0.2448,0.2512,0.258
0.2468,0.242,0.2528,0.2584
0.2456,0.2436,0.2532,0.2576
0.2468,0.2436,0.2508,0.2588
0.248,0.2444,0.2488,0.2588
0.25,0.244,0.2476,0.2584
0.2496,0.2436,0.2488,0.258
0.2508,0.2448,0.2472,0.2572
0.2496,0.2436,0.2492,0.2576
0.25,0.2448,0.2468,0.2584
0.2508,0.2448,0.2468,0.2576
0.2504,0.2456,0.2456,0.2584
0.2508,0.2456,0.2452,0.2584
0.2496,0.2464,0.2444,0.2596
0.2508,0.2432,0.2456,0.2604
0.25,0.2448,0.2444,0.2608
0.248,0.2448,0.2448,0.2624
0.2468,0.2432,0.2468,0.2632
0.2464,0.244,0.246,0.2636
0.2504,0.2428,0.2452,0.2616
0.2488,0.2428,0.2452,0.2632
0.2496,0.2452,0.242,0.2632
0.2484,0.2464,0.2432,0.262
0.2468,0.2472,0.2452,0.2608
0.2472,0.248,0.2444,0.2604
0.2468,0.2476,0.244,0.2616
0.2468,0.248,0.2416,0.2636
0.2472,0.2464,0.244,0.2624
0.2476,0.2456,0.2456,0.2612
0.2468,0.2468,0.2468,0.2596
0.2452,0.2468,0.248,0.26
0.248,0.2448,0.2492,0.258
0.2496,0.2432,0.2484,0.2588
0.2504,0.242,0.2488,0.2588
0.2504,0.2424,0.2476,0.2596
0.2512,0.2416,0.2476,0.2596
0.2516,0.242,0.2476,0.2588
0.2488,0.2416,0.2492,0.2604
0.2488,0.2404,0.25,0.2608
0.2464,0.2396,0.2508,0.2632
0.248,0.2388,0.2496,0.2636
0.2488,0.2384,0.2512,0.2616
0.2488,0.2388,0.2504,0.262
0.2496,0.2396,0.2492,0.2616
0.2516,0.2376,0.2488,0.262
0.2508,0.236,0.25,0.2632
0.2496,0.2352,0.2504,0.2648
0.2472,0.2364,0.2512,0.2652
0.2488,0.2364,0.2512,0.2636
0.2488,0.2368,0.2512,0.2632
0.2472,0.2376,0.252,0.2632
0.2456,0.2364,0.254,0.264
0.2444,0.2352,0.2544,0.266
0.2444,0.2332,0.256,0.2664
0.2456,0.2324,0.2568,0.2652
0.2468,0.2312,0.256,0.266
0.2476,0.2312,0.2548,0.2664
0.2468,0.2328,0.254,0.2664
0.2476,0.2336,0.2552,0.2636
0.2488,0.2316,0.2556,0.264
0.2508,0.23,0.2548,0.2644
0.2524,0.2288,0.2552,0.2636
0.2512,0.2308,0.2544,0.2636
0.2516,0.2296,0.2544,0.2644
0.2516,0.2296,0.2552,0.2636
0.252,0.23,0.2544,0.2636
0.2512,0.2304,0.2548,0.2636
0.2516,0.2304,0.2544,0.2636
0.252,0.232,0.2524,0.2636
0.2528,0.2308,0.2544,0.262
0.2528,0.2324,0.2544,0.2604
0.254,0.232,0.2536,0.2604
0.2556,0.232,0.2512,0.2612
0.2528,0.232,0.2504,0.2648
0.2536,0.234,0.2484,0.264
0.254,0.2352,0.2476,0.2632
0.2528,0.2372,0.2472,0.2628
0.2544,0.238,0.2456,0.262
0.2544,0.2368,0.2476,0.2612
0.2548,0.2376,0.2476,0.26
0.254,0.238,0.2496,0.2584
0.256,0.2368,0.2492,0.258
0.2568,0.2372,0.2484,0.2576
0.254,0.2396,0.2512,0.2552
0.254,0.2388,0.2504,0.2568
0.2536,0.2396,0.2496,0.2572
0.2528,0.2392,0.2512,0.2568
0.2516,0.2396,0.2528,0.256
0.2524,0.2372,0.2532,0.2572
0.2504,0.238,0.254,0.2576
0.2504,0.238,0.254,0.2576
0.2504,0.2384,0.254,0.2572
0.2516,0.2388,0.254,0.2556
0.2512,0.2384,0.2556,0.2548
0.2496,0.2392,0.2556,0.2556
0.2488,0.2408,0.2544,0.256
0.2508,0.242,0.2512,0.256
0.2504,0.242,0.2496,0.258
0.2516,0.2416,0.2496,0.2572
0.2516,0.244,0.248,0.2564
0.252,0.2432,0.2452,0.2596
0.2516,0.2416,0.2468,0.26
0.2508,0.2404,0.2468,0.262
0.2504,0.2424,0.2436,0.2636
0.2488,0.2432,0.2452,0.2628
0.2492,0.2432,0.2448,0.2628
0.25,0.2436,0.2436,0.2628
0.2504,0.2436,0.2424,0.2636
0.2508,0.2416,0.2428,0.2648
0.2512,0.24,0.2428,0.266
0.2508,0.24,0.2432,0.266
0.2508,0.2408,0.242,0.2664
0.252,0.2404,0.2416,0.266
0.2524,0.242,0.2412,0.2644
0.2504,0.242,0.242,0.2656
0.2508,0.2392,0.2432,0.2668
0.2512,0.2384,0.2444,0.266
0.2524,0.2368,0.2428,0.268
0.2536,0.2368,0.2424,0.2672
0.2544,0.2376,0.2424,0.2656
0.256,0.2372,0.2428,0.264
0.2548,0.236,0.2444,0.2648
0.2532,0.2348,0.2468,0.2652
0.2532,0.2356,0.2464,0.2648
0.2536,0.2344,0.2456,0.2664
0.2548,0.2352,0.2452,0.2648
0.252,0.2388,0.2444,0.2648
0.252,0.2396,0.2424,0.266
0.2512,0.2392,0.2416,0.268
0.2516,0.2372,0.2432,0.268
0.2484,0.2376,0.2444,0.2696
0.2492,0.2364,0.2452,0.2692
0.2512,0.236,0.246,0.2668
0.2516,0.2364,0.2464,0.2656
0.25,0.2372,0.2488,0.264
0.25,0.2368,0.248,0.2652
0.2496,0.2348,0.2484,0.2672
0.2464,0.2376,0.2476,0.2684
0.2468,0.2376,0.2488,0.2668
0.2468,0.2372,0.2488,0.2672
0.2444,0.2384,0.2504,0.2668
0.244,0.2364,0.252,0.2676
0.2456,0.2352,0.2512,0.268
0.246,0.2348,0.2524,0.2668
0.2448,0.2356,0.252,0.2676
0.2448,0.2356,0.2512,0.2684
0.2444,0.2348,0.2504,0.2704
0.2448,0.234,0.25,0.2712
0.2452,0.2364,0.2488,0.2696
0.2448,0.2356,0.2496,0.27
0.2432,0.236,0.2524,0.2684
0.2452,0.234,0.2512,0.2696
0.2452,0.2344,0.2496,0.2708
0.2456,0.2348,0.2484,0.2712
0.2452,0.2356,0.2476,0.2716
0.2448,0.234,0.25,0.2712
0.2432,0.2344,0.2512,0.2712
0.242,0.2332,0.252,0.2728
0.2432,0.2332,0.2508,0.2728
0.2428,0.2356,0.2504,0.2712
0.2428,0.234,0.25,0.2732
0.2436,0.2324,0.2516,0.2724
0.2436,0.232,0.2512,0.2732
0.242,0.2316,0.252,0.2744
0.2416,0.2332,0.25,0.2752
0.2412,0.234,0.2492,0.2756
0.2408,0.2352,0.2508,0.2732
0.2404,0.2372,0.2508,0.2716
0.2404,0.2396,0.248,0.272
0.2428,0.2408,0.2464,0.27
0.2436,0.2404,0.2452,0.2708
0.2456,0.2404,0.2456,0.2684
0.2448,0.2408,0.244,0.2704
0.2456,0.2416,0.2452,0.2676
0.2456,0.2428,0.2436,0.268
0.246,0.2428,0.2412,0.27
0.2476,0.2424,0.24,0.27
0.2476,0.242,0.2412,0.2692
0.248,0.2416,0.2416,0.2688
0.2476,0.2404,0.2416,0.2704
0.246,0.24,0.2416,0.2724
0.2468,0.2388,0.2432,0.2712
0.2472,0.2392,0.2428,0.2708
0.2456,0.2408,0.2428,0.2708
0.2448,0.2428,0.2408,0.2716
0.2432,0.2436,0.242,0.2712
0.242,0.2456,0.2428,0.2696
0.244,0.246,0.2416,0.2684
0.2448,0.2444,0.2424,0.2684
0.2464,0.2432,0.242,0.2684
0.2464,0.2424,0.242,0.2692
0.2468,0.2428,0.2428,0.2676
0.2448,0.2432,0.2436,0.2684
0.2452,0.2432,0.2436,0.268
0.2452,0.2416,0.2448,0.2684
0.2424,0.244,0.2444,0.2692
0.2424,0.2432,0.2444,0.27
0.2416,0.244,0.2444,0.27
0.2428,0.2436,0.2444,0.2692
0.244,0.2432,0.2444,0.2684
0.2452,0.2432,0.244,0.2676
0.2452,0.244,0.2428,0.268
0.246,0.2448,0.2428,0.2664
0.2464,0.2456,0.2428,0.2652
0.2468,0.246,0.244,0.2632
0.248,0.2468,0.2452,0.26
0.2452,0.248,0.2456,0.2612
0.2464,0.2472,0.2472,0.2592
0.246,0.2464,0.248,0.2596
0.2464,0.2464,0.2472,0.26
0.2476,0.2452,0.2484,0.2588
0.2488,0.244,0.2484,0.2588
0.2492,0.2444,0.248,0.2584
0.2512,0.242,0.2484,0.2584
0.2524,0.2396,0.2488,0.2592
0.2524,0.2424,0.248,0.2572
0.2536,0.2396,0.2492,0.2576
0.2524,0.2392,0.2492,0.2592
0.2516,0.2396,0.248,0.2608
0.2504,0.2404,0.2488,0.2604
0.2496,0.2396,0.2484,0.2624
0.248,0.2384,0.2504,0.2632
0.2464,0.24,0.25,0.2636
0.2488,0.2392,0.2512,0.2608
0.2484,0.2408,0.2504,0.2604
0.248,0.2396,0.2508,0.2616
0.2472,0.2404,0.2524,0.26
0.2468,0.2404,0.252,0.2608
0.248,0.2392,0.2516,0.2612
0.2464,0.2404,0.2516,0.2616
0.2452,0.24,0.2516,0.2632
0.2432,0.2416,0.2516,0.2636
0.2428,0.2416,0.252,0.2636
0.2424,0.2424,0.2516,0.2636
0.2416,0.2444,0.2492,0.2648
0.2408,0.2444,0.2492,0.2656
0.2428,0.2424,0.2484,0.2664
0.2428,0.2432,0.2464,0.2676
0.2416,0.2432,0.246,0.2692
0.2408,0.2452,0.246,0.268
0.2416,0.2484,0.2436,0.2664
0.244,0.2476,0.2456,0.2628
0.2432,0.2476,0.2444,0.2648
0.2436,0.2492,0.2452,0.262
0.244,0.2476,0.2464,0.262
0.244,0.2492,0.2448,0.262
0.244,0.2492,0.2436,0.2632
0.2428,0.2492,0.2424,0.2656
0.2436,0.2496,0.2432,0.2636
0.2428,0.2484,0.242,0.2668
0.2436,0.248,0.2416,0.2668
0.2408,0.2488,0.242,0.2684
0.242,0.2484,0.242,0.2676
0.2416,0.25,0.2428,0.2656
0.2416,0.2508,0.242,0.2656
0.2404,0.252,0.2452,0.2624
0.2388,0.2532,0.2448,0.2632
0.2396,0.252,0.2452,0.2632
0.2388,0.252,0.2464,0.2628
0.2388,0.2512,0.2472,0.2628
0.2376,0.2512,0.2468,0.2644
0.2356,0.252,0.2468,0.2656
0.2348,0.2528,0.2444,0.268
0.2352,0.2512,0.2452,0.2684
0.236,0.252,0.2432,0.2688
0.2352,0.2512,0.2444,0.2692
0.2352,0.2508,0.2436,0.2704
0.2356,0.252,0.2416,0.2708
0.2352,0.2516,0.2416,0.2716
0.236,0.2504,0.242,0.2716
0.2364,0.2496,0.2404,0.2736
0.236,0.2488,0.242,0.2732
0.2352,0.2484,0.2416,0.2748
0.2356,0.2472,0.242,0.2752
0.2344,0.2484,0.2416,0.2756
0.234,0.2484,0.2412,0.2764
0.2356,0.2496,0.2424,0.2724
0.2376,0.2488,0.2436,0.27
0.2412,0.248,0.2416,0.2692
0.2416,0.2484,0.2416,0.2684
0.2428,0.2484,0.2404,0.2684
0.2424,0.2496,0.24,0.268
0.2424,0.25,0.2404,0.2672
0.2432,0.2512,0.24,0.2656
0.2436,0.2516,0.2408,0.264
0.244,0.2508,0.2416,0.2636
0.2464,0.25,0.2392,0.2644
0.2476,0.2512,0.238,0.2632
0.2476,0.2516,0.236,0.2648
0.2492,0.2508,0.2368,0.2632
0.2488,0.252,0.2356,0.2636
0.2504,0.2512,0.2344,0.264
0.2488,0.2516,0.2348,0.2648
0.2496,0.2512,0.2352,0.264
0.2484,0.2528,0.2344,0.2644
0.2496,0.2512,0.2352,0.264
0.2472,0.2508,0.2368,0.2652
0.2468,0.252,0.2368,0.2644
0.2476,0.2532,0.2352,0.264
0.248,0.2528,0.2356,0.2636
0.2488,0.2524,0.2352,0.2636
0.246,0.2536,0.2356,0.2648
0.2472,0.2536,0.234,0.2652
0.2468,0.254,0.2356,0.2636
0.2456,0.2536,0.2344,0.2664
0.2444,0.2548,0.2336,0.2672
0.246,0.2548,0.2324,0.2668
0.2464,0.2556,0.232,0.266
0.2456,0.2528,0.2344,0.2672
0.2464,0.2544,0.232,0.2672
0.2468,0.254,0.2332,0.266
0.2472,0.2532,0.2344,0.2652
0.2476,0.2532,0.2336,0.2656
0.2488,0.2528,0.2344,0.264
0.2496,0.2524,0.2332,0.2648
0.2512,0.252,0.2364,0.2604
0.252,0.252,0.2356,0.2604
0.2532,0.2532,0.2356,0.258
0.2508,0.2548,0.238,0.2564
0.2488,0.256,0.2404,0.2548
0.2484,0.2564,0.2396,0.2556
0.2496,0.2564,0.2408,0.2532
0.2496,0.2576,0.2404,0.2524
0.25,0.2556,0.242,0.2524
0.2468,0.2544,0.2448,0.254
0.2456,0.2564,0.2448,0.2532
0.2456,0.2584,0.2452,0.2508
0.2456,0.2572,0.2468,0.2504
0.2448,0.2568,0.2476,0.2508
0.2456,0.2564,0.2492,0.2488
0.2452,0.2548,0.2512,0.2488
0.2464,0.2536,0.2528,0.2472
0.2468,0.2536,0.2508,0.2488
0.2464,0.256,0.2492,0.2484
0.2472,0.2536,0.2496,0.2496
0.2488,0.2532,0.2492,0.2488
0.2508,0.254,0.2484,0.2468
0.252,0.254,0.2476,0.2464
0.2524,0.2548,0.248,0.2448
0.2524,0.2548,0.25,0.2428
0.2528,0.2548,0.25,0.2424
0.2528,0.2556,0.2512,0.2404
0.2524,0.2552,0.2512,0.2412
0.252,0.2556,0.252,0.2404
0.2516,0.2548,0.252,0.2416
0.252,0.254,0.2508,0.2432
0.252,0.2532,0.2508,0.244
0.2544,0.2512,0.25,0.2444
0.2548,0.25,0.2524,0.2428
0.2548,0.2492,0.2532,0.2428
0.2532,0.2484,0.2548,0.2436
0.254,0.2468,0.2544,0.2448
0.2568,0.2472,0.2528,0.2432
0.2576,0.2464,0.2536,0.2424
0.2576,0.2496,0.2512,0.2416
0.256,0.2496,0.2508,0.2436
0.254,0.252,0.252,0.242
0.2536,0.2544,0.2504,0.2416
0.2532,0.2544,0.2504,0.242
0.2528,0.2552,0.2496,0.2424
0.2544,0.2548,0.2484,0.2424
0.2548,0.2536,0.2496,0.242
0.2544,0.2524,0.25,0.2432
0.254,0.2516,0.2508,0.2436
0.2536,0.2524,0.2508,0.2432
0.2528,0.2496,0.2532,0.2444
0.2524,0.2488,0.2548,0.244
0.2524,0.2484,0.2536,0.2456
0.252,0.2492,0.254,0.2448
0.2516,0.2496,0.254,0.2448
0.2508,0.25,0.2536,0.2456
0.2524,0.2488,0.254,0.2448
0.2532,0.2508,0.2512,0.2448
0.2536,0.25,0.2536,0.2428
0.2536,0.2512,0.2544,0.2408
0.252,0.2492,0.2556,0.2432
0.2528,0.2484,0.2568,0.242
0.2536,0.2496,0.2556,0.2412
0.2544,0.248,0.254,0.2436
0.2524,0.2488,0.2536,0.2452
0.2524,0.2496,0.2528,0.2452
0.2504,0.2512,0.2524,0.246
0.248,0.252,0.2524,0.2476
0.248,0.2524,0.2516,0.248
0.2492,0.2532,0.2492,0.2484
0.2484,0.2528,0.2504,0.2484
0.2492,0.2512,0.25,0.2496
0.2496,0.2512,0.2488,0.2504
0.2496,0.2496,0.2496,0.2512
0.2488,0.25,0.2496,0.2516
0.2476,0.2504,0.2516,0.2504
0.2464,0.2496,0.2524,0.2516
0.2452,0.2504,0.2536,0.2508
0.2464,0.2504,0.2524,0.2508
0.2476,0.2488,0.252,0.2516
0.248,0.2488,0.2532,0.25
0.2488,0.248,0.2536,0.2496
0.246,0.2484,0.2548,0.2508
0.2452,0.2488,0.2556,0.2504
0.2452,0.2488,0.2544,0.2516
0.2472,0.2472,0.254,0.2516
0.2488,0.2456,0.2536,0.252
0.25,0.2436,0.254,0.2524
0.2484,0.2424,0.2548,0.2544
0.2484,0.242,0.2552,0.2544
0.2476,0.2416,0.2552,0.2556
0.2476,0.2424,0.2552,0.2548
0.2472,0.242,0.2552,0.2556
0.2456,0.2416,0.2564,0.2564
0.2464,0.242,0.2564,0.2552
0.2476,0.242,0.2548,0.2556
0.2476,0.244,0.254,0.2544
0.2488,0.2428,0.2548,0.2536
0.2484,0.2424,0.2556,0.2536
0.2456,0.2428,0.2572,0.2544
0.2468,0.2416,0.2564,0.2552
0.2488,0.2424,0.2544,0.2544
0.2488,0.2428,0.2552,0.2532
0.2476,0.2432,0.2556,0.2536
0.2464,0.2432,0.2556,0.2548
0.2468,0.2436,0.2544,0.2552
0.2484,0.242,0.2544,0.2552
0.2484,0.2424,0.2532,0.256
0.2492,0.2412,0.2524,0.2572
0.2504,0.2424,0.2536,0.2536
0.2504,0.2428,0.2536,0.2532
0.25,0.2404,0.2544,0.2552
0.2504,0.2404,0.2536,0.2556
0.2508,0.2392,0.256,0.254
0.2512,0.2408,0.254,0.254
0.25,0.2416,0.254,0.2544
0.2508,0.2408,0.2548,0.2536
0.2524,0.2388,0.2536,0.2552
0.2512,0.24,0.2532,0.2556
0.2528,0.2388,0.252,0.2564
0.254,0.2408,0.2516,0.2536
0.2524,0.2408,0.2524,0.2544
0.2544,0.2412,0.2516,0.2528
0.2544,0.2428,0.2516,0.2512
0.2544,0.2432,0.2512,0.2512
0.2556,0.2416,0.252,0.2508
0.2576,0.2412,0.2516,0.2496
0.2564,0.2424,0.2536,0.2476
0.2552,0.2432,0.254,0.2476
0.256,0.2428,0.2536,0.2476
0.2564,0.2428,0.2536,0.2472
0.2548,0.2452,0.2532,0.2468
0.2556,0.2448,0.2532,0.2464
0.2564,0.2456,0.252,0.246
0.2572,0.2456,0.2516,0.2456
0.2548,0.2472,0.2524,0.2456
0.256,0.2464,0.254,0.2436
0.2556,0.2484,0.2548,0.2412
0.2548,0.2492,0.2544,0.2416
0.2528,0.2508,0.254,0.2424
0.2556,0.2508,0.2516,0.242
0.2564,0.25,0.2508,0.2428
0.2568,0.25,0.2488,0.2444
0.2568,0.25,0.2504,0.2428
0.256,0.2508,0.2496,0.2436
0.2568,0.2516,0.2476,0.244
0.2576,0.252,0.2468,0.2436
0.2588,0.2536,0.244,0.2436
0.2584,0.2544,0.2428,0.2444
0.2576,0.2516,0.2464,0.2444
0.2568,0.2528,0.2472,0.2432
0.2576,0.2508,0.248,0.2436
0.258,0.2504,0.2464,0.2452
0.2588,0.2504,0.246,0.2448
0.258,0.252,0.2456,0.2444
0.256,0.2528,0.2468,0.2444
0.2536,0.2532,0.2468,0.2464
0.2532,0.254,0.2456,0.2472
0.2528,0.2556,0.2468,0.2448
0.2508,0.256,0.2452,0.248
0.2504,0.2548,0.2456,0.2492
0.2508,0.2564,0.2452,0.2476
0.25,0.2576,0.2448,0.2476
0.2492,0.2572,0.2444,0.2492
0.2496,0.2568,0.2444,0.2492
0.2508,0.2556,0.2448,0.2488
0.2524,0.2548,0.2452,0.2476
0.2528,0.254,0.2452,0.248
0.2548,0.252,0.2452,0.248
0.2556,0.2524,0.2436,0.2484
0.2552,0.2548,0.2424,0.2476
0.2544,0.2528,0.2448,0.248
0.256,0.254,0.2456,0.2444
0.2544,0.2524,0.2476,0.2456
0.2524,0.2536,0.2464,0.2476
0.254,0.254,0.2456,0.2464
0.254,0.2528,0.2472,0.246
0.2556,0.2532,0.2468,0.2444
0.2572,0.2528,0.2464,0.2436
0.258,0.2524,0.2468,0.2428
0.2576,0.2524,0.246,0.244
0.2564,0.2532,0.2448,0.2456
0.256,0.2552,0.244,0.2448
0.2552,0.254,0.2456,0.2452
0.2564,0.2536,0.244,0.246
0.2568,0.2548,0.2436,0.2448
0.2564,0.2556,0.2448,0.2432
0.2572,0.2548,0.2448,0.2432
0.258,0.254,0.2444,0.2436
0.2584,0.2532,0.2432,0.2452
0.258,0.252,0.2436,0.2464
0.26,0.2516,0.2432,0.2452
0.26,0.25,0.244,0.246
0.2604,0.2492,0.2448,0.2456
0.2592,0.2504,0.2456,0.2448
0.2584,0.2524,0.2444,0.2448
0.2588,0.2528,0.2456,0.2428
0.26,0.252,0.2452,0.2428
0.26,0.2556,0.2424,0.242
0.26,0.256,0.2444,0.2396
0.2616,0.2548,0.2448,0.2388
0.2632,0.2524,0.2444,0.24
0.2628,0.2528,0.2456,0.2388
0.2632,0.2532,0.2448,0.2388
0.2644,0.2536,0.2448,0.2372
0.2624,0.254,0.246,0.2376
0.2628,0.2532,0.2444,0.2396
0.2628,0.2536,0.2452,0.2384
0.2624,0.2544,0.2448,0.2384
0.2616,0.254,0.2456,0.2388
0.2628,0.254,0.2448,0.2384
0.2624,0.2556,0.2448,0.2372
0.2628,0.2572,0.2428,0.2372
0.2612,0.2584,0.242,0.2384
0.2588,0.258,0.2432,0.24
0.2588,0.2568,0.2444,0.24
0.258,0.2564,0.2464,0.2392
0.2572,0.2584,0.2448,0.2396
0.2564,0.2604,0.2444,0.2388
0.2568,0.2624,0.244,0.2368
0.256,0.2624,0.2448,0.2368
0.2564,0.2616,0.2452,0.2368
0.2556,0.2628,0.246,0.2356
0.2564,0.2616,0.2452,0.2368
0.2544,0.2612,0.248,0.2364
0.2548,0.262,0.2468,0.2364
0.2544,0.2628,0.246,0.2368
0.2544,0.2628,0.2468,0.236
0.254,0.2628,0.246,0.2372
0.2556,0.262,0.246,0.2364
0.2548,0.2652,0.2452,0.2348
0.2536,0.2628,0.2448,0.2388
0.2556,0.2628,0.2444,0.2372
0.2544,0.2632,0.2456,0.2368
0.254,0.2656,0.2452,0.2352
0.2552,0.264,0.2456,0.2352
0.2572,0.2636,0.2452,0.234
0.2592,0.262,0.246,0.2328
0.2588,0.2604,0.2464,0.2344
0.2596,0.26,0.2476,0.2328
0.2592,0.2596,0.2488,0.2324
0.2592,0.2596,0.2484,0.2328
0.258,0.2596,0.2488,0.2336
0.2572,0.2592,0.25,0.2336
0.2564,0.2608,0.2476,0.2352
0.2552,0.2608,0.2484,0.2356
0.2528,0.2612,0.2492,0.2368
0.2516,0.262,0.2484,0.238
0.2512,0.2608,0.2496,0.2384
0.2504,0.2612,0.2472,0.2412
0.25,0.2616,0.2488,0.2396
0.2496,0.2624,0.2472,0.2408
0.2472,0.2628,0.2476,0.2424
0.2468,0.2608,0.2484,0.244
0.2488,0.2592,0.2488,0.2432
0.25,0.2584,0.2496,0.242
0.2496,0.2588,0.2508,0.2408
0.2496,0.2588,0.2496,0.242
0.2492,0.2596,0.2484,0.2428
0.2488,0.2604,0.2464,0.2444
0.248,0.2608,0.2456,0.2456
0.2488,0.2604,0.2448,0.246
0.2476,0.2604,0.2452,0.2468
0.2476,0.2608,0.244,0.2476
0.2488,0.2624,0.2432,0.2456
0.248,0.2624,0.2448,0.2448
0.2468,0.264,0.2456,0.2436
0.2448,0.2628,0.2496,0.2428
0.2476,0.262,0.2492,0.2412
0.2464,0.2616,0.2476,0.2444
0.2468,0.2596,0.2488,0.2448
0.2472,0.2596,0.248,0.2452
0.2484,0.258,0.2488,0.2448
0.2496,0.2568,0.2472,0.2464
0.252,0.256,0.2476,0.2444
0.252,0.2568,0.248,0.2432
0.2496,0.2576,0.2484,0.2444
0.2492,0.2564,0.2496,0.2448
0.2496,0.2568,0.2488,0.2448
0.2504,0.2568,0.2464,0.2464
0.2528,0.2576,0.2452,0.2444
0.2544,0.2568,0.2448,0.244
0.2548,0.2564,0.2436,0.2452
0.2552,0.2548,0.2432,0.2468
0.2552,0.2552,0.2428,0.2468
0.2548,0.2532,0.2428,0.2492
0.2552,0.2556,0.2416,0.2476
0.2536,0.2556,0.2416,0.2492
0.2532,0.2532,0.2428,0.2508
0.252,0.2568,0.2412,0.25
0.2536,0.2544,0.2412,0.2508
0.2548,0.2528,0.2428,0.2496
