R,A,S,N
0.0,0.0,1.0,0.0
0.0,0.4,0.6,0.0
0.0,0.5,0.5,0.0
0.0,0.48,0.52,0.0
0.0,0.5102040816326531,0.4897959183673469,0.0
0.0,0.5227272727272727,0.4772727272727273,0.0
0.0,0.5416666666666666,0.4583333333333333,0.0
0.0,0.5576036866359447,0.4377880184331797,0.004608294930875576
0.0,0.5466237942122186,0.45016077170418006,0.003215434083601286
0.0117096018735363,0.5386416861826698,0.44730679156908665,0.00234192037470726
0.02158273381294964,0.5269784172661871,0.4442446043165468,0.007194244604316547
0.03389830508474576,0.5169491525423728,0.4435028248587571,0.005649717514124294
0.04550625711035267,0.5017064846416383,0.4448236632536974,0.007963594994311717
0.054460093896713614,0.49577464788732395,0.4394366197183099,0.010328638497652582
0.06767515923566879,0.47929936305732485,0.44187898089171973,0.011146496815286623
0.08407994486560992,0.4603721571330117,0.4445210199862164,0.011026878015161957
0.10090634441087613,0.44108761329305135,0.44652567975830815,0.011480362537764351
0.11298207495926127,0.4280282455187398,0.4459532862574688,0.013036393264530146
0.1272907379891035,0.413075780089153,0.4452699356116889,0.014363546310054482
0.13602941176470587,0.4007352941176471,0.4462316176470588,0.017003676470588234
0.14366319444444445,0.3893229166666667,0.4474826388888889,0.01953125
0.15077051228654728,0.3794252394835485,0.44773011245314454,0.022074135776759683
0.15518638573743923,0.3739870340356564,0.44408427876823336,0.02674230145867099
0.1553864637565078,0.3704445334401282,0.4457348818582299,0.028434120945134162
0.1568,0.3684,0.4432,0.0316
0.1576,0.3688,0.4404,0.0332
0.1596,0.3668,0.4388,0.0348
0.1604,0.368,0.4348,0.0368
0.1604,0.3676,0.4332,0.0388
0.162,0.3656,0.432,0.0404
0.1648,0.366,0.4256,0.0436
0.1648,0.3664,0.4236,0.0452
0.1636,0.3676,0.4216,0.0472
0.1644,0.3668,0.422,0.0468
0.1664,0.3656,0.4188,0.0492
0.166,0.3648,0.4184,0.0508
0.164,0.3624,0.4184,0.0552
0.1652,0.36,0.418,0.0568
0.1672,0.3588,0.4148,0.0592
0.17,0.3548,0.4132,0.062
0.1676,0.3552,0.4116,0.0656
0.1696,0.3536,0.4088,0.068
0.1684,0.3524,0.4092,0.07
0.1688,0.3528,0.4072,0.0712
0.1684,0.3512,0.4068,0.0736
0.1676,0.3496,0.4072,0.0756
0.1692,0.3476,0.4056,0.0776
0.1692,0.348,0.4044,0.0784
0.17,0.3476,0.4028,0.0796
0.1704,0.3472,0.4012,0.0812
0.1712,0.3472,0.398,0.0836
0.1716,0.346,0.3956,0.0868
0.1716,0.3456,0.396,0.0868
0.1728,0.344,0.3952,0.088
0.1752,0.344,0.3924,0.0884
0.1768,0.3432,0.3916,0.0884
0.1776,0.3424,0.3892,0.0908
0.1816,0.3412,0.3872,0.09
0.1828,0.3364,0.3884,0.0924
0.1848,0.3368,0.3844,0.094
0.1864,0.3352,0.3844,0.094
0.1852,0.334,0.3856,0.0952
0.1876,0.3316,0.3836,0.0972
0.1868,0.3296,0.3824,0.1012
0.1864,0.3292,0.3824,0.102
0.1892,0.3288,0.38,0.102
0.1904,0.3272,0.3784,0.104
0.1936,0.3248,0.3756,0.106
0.1928,0.326,0.3744,0.1068
0.1936,0.3256,0.3716,0.1092
0.1928,0.3244,0.372,0.1108
0.192,0.3244,0.3692,0.1144
0.1928,0.3236,0.366,0.1176
0.1924,0.324,0.3652,0.1184
0.1936,0.324,0.3628,0.1196
0.1932,0.324,0.3608,0.122
0.1944,0.324,0.3592,0.1224
0.196,0.324,0.3556,0.1244
0.1956,0.3248,0.3536,0.126
0.1952,0.3244,0.3504,0.13
0.1968,0.3244,0.3488,0.13
0.1988,0.3248,0.3456,0.1308
0.1976,0.3248,0.3464,0.1312
0.1984,0.3236,0.3468,0.1312
0.1992,0.3224,0.3456,0.1328
0.2008,0.3188,0.3468,0.1336
0.2016,0.3192,0.3444,0.1348
0.2008,0.3188,0.3456,0.1348
0.202,0.3184,0.3444,0.1352
0.2044,0.3192,0.342,0.1344
0.204,0.3192,0.3408,0.136
0.2044,0.3176,0.34,0.138
0.2064,0.3156,0.3396,0.1384
0.2072,0.3168,0.3388,0.1372
0.2084,0.3176,0.3368,0.1372
0.2096,0.3152,0.3368,0.1384
0.2136,0.312,0.3368,0.1376
0.2128,0.312,0.3352,0.14
0.2116,0.3132,0.3344,0.1408
0.2116,0.312,0.3336,0.1428
0.212,0.3144,0.3308,0.1428
0.214,0.3136,0.3304,0.142
0.2144,0.3104,0.3324,0.1428
0.2132,0.3096,0.3324,0.1448
0.2136,0.3072,0.3328,0.1464
0.2152,0.3064,0.3336,0.1448
0.2156,0.3048,0.3324,0.1472
0.2168,0.3036,0.3308,0.1488
0.218,0.3024,0.3276,0.152
0.22,0.3012,0.3264,0.1524
0.2192,0.302,0.3252,0.1536
0.2212,0.2988,0.3224,0.1576
0.2196,0.2984,0.324,0.158
0.2224,0.2964,0.3236,0.1576
0.2208,0.2972,0.3248,0.1572
0.22,0.2972,0.3228,0.16
0.2212,0.2952,0.3236,0.16
0.2224,0.2944,0.3224,0.1608
0.2212,0.2904,0.3236,0.1648
0.2204,0.2892,0.3228,0.1676
0.2204,0.2896,0.3224,0.1676
0.2192,0.2908,0.3204,0.1696
0.2184,0.2896,0.3212,0.1708
0.2176,0.29,0.3208,0.1716
0.218,0.2908,0.3188,0.1724
0.2192,0.2908,0.3184,0.1716
0.2192,0.29,0.316,0.1748
0.2196,0.2896,0.3156,0.1752
0.22,0.2896,0.3152,0.1752
0.2204,0.2884,0.3148,0.1764
0.2208,0.2888,0.3136,0.1768
0.2236,0.2896,0.3112,0.1756
0.224,0.2896,0.3096,0.1768
0.224,0.288,0.3116,0.1764
0.224,0.2876,0.3104,0.178
0.2256,0.2864,0.3092,0.1788
0.2248,0.2852,0.3096,0.1804
0.2252,0.2864,0.308,0.1804
0.2268,0.2856,0.3068,0.1808
0.2252,0.286,0.3068,0.182
0.2276,0.286,0.306,0.1804
0.2276,0.286,0.308,0.1784
0.2296,0.2852,0.3056,0.1796
0.2308,0.2868,0.3048,0.1776
0.2308,0.2876,0.3012,0.1804
0.2304,0.2864,0.3008,0.1824
0.2312,0.2872,0.3,0.1816
0.23,0.2892,0.2984,0.1824
0.23,0.288,0.3,0.182
0.2292,0.2888,0.2996,0.1824
0.228,0.2892,0.2984,0.1844
0.228,0.29,0.2988,0.1832
0.2272,0.2912,0.2988,0.1828
0.2268,0.2924,0.2972,0.1836
0.228,0.2912,0.2972,0.1836
0.2276,0.2916,0.2972,0.1836
0.2272,0.2936,0.2944,0.1848
0.2272,0.2912,0.2952,0.1864
0.23,0.2892,0.2944,0.1864
0.2288,0.29,0.294,0.1872
0.2304,0.2888,0.2908,0.19
0.2312,0.2896,0.2888,0.1904
0.232,0.2892,0.286,0.1928
0.2336,0.2864,0.2852,0.1948
0.2332,0.2856,0.2856,0.1956
0.2328,0.286,0.2848,0.1964
0.232,0.2844,0.2856,0.198
0.232,0.286,0.2844,0.1976
0.232,0.2868,0.2832,0.198
0.2304,0.286,0.2852,0.1984
0.2304,0.2872,0.2832,0.1992
0.2304,0.288,0.2848,0.1968
0.2324,0.2884,0.2832,0.196
0.2332,0.2888,0.2836,0.1944
0.2308,0.2892,0.284,0.196
0.2324,0.29,0.2816,0.196
0.2324,0.29,0.2812,0.1964
0.2308,0.2904,0.2808,0.198
0.23,0.2908,0.282,0.1972
0.2288,0.2896,0.2836,0.198
0.2284,0.2904,0.282,0.1992
0.2284,0.2896,0.282,0.2
0.228,0.2872,0.282,0.2028
0.2292,0.2884,0.2804,0.202
0.23,0.2848,0.2808,0.2044
0.23,0.2856,0.2804,0.204
0.2304,0.2864,0.2804,0.2028
0.2304,0.2856,0.2804,0.2036
0.2304,0.2876,0.2792,0.2028
0.2304,0.286,0.2836,0.2
0.2288,0.2864,0.2852,0.1996
0.2276,0.2864,0.286,0.2
0.2276,0.286,0.2832,0.2032
0.2244,0.2876,0.2832,0.2048
0.2244,0.2868,0.2848,0.204
0.2236,0.2868,0.284,0.2056
0.2236,0.2868,0.2836,0.206
0.2216,0.2868,0.284,0.2076
0.2236,0.2852,0.284,0.2072
0.2244,0.286,0.2836,0.206
0.2252,0.2864,0.2816,0.2068
0.2224,0.2864,0.2832,0.208
0.2224,0.2864,0.2828,0.2084
0.2224,0.2864,0.2812,0.21
0.2228,0.2856,0.2808,0.2108
0.222,0.2844,0.282,0.2116
0.224,0.2812,0.282,0.2128
0.2232,0.2828,0.2804,0.2136
0.2232,0.282,0.2808,0.214
0.224,0.282,0.2808,0.2132
0.2244,0.28,0.2812,0.2144
0.2256,0.2796,0.282,0.2128
0.2284,0.2772,0.2824,0.212
0.2292,0.2776,0.2816,0.2116
0.2284,0.2796,0.2804,0.2116
0.2296,0.28,0.2792,0.2112
0.232,0.2796,0.2792,0.2092
0.2328,0.2772,0.2788,0.2112
0.2344,0.2772,0.2772,0.2112
0.2352,0.276,0.2784,0.2104
0.236,0.2764,0.2776,0.21
0.2368,0.2748,0.2768,0.2116
0.2388,0.2728,0.2764,0.212
0.2396,0.2704,0.2764,0.2136
0.2404,0.2692,0.2764,0.214
0.24,0.2704,0.2764,0.2132
0.2388,0.2724,0.2748,0.214
0.2388,0.2732,0.274,0.214
0.2404,0.272,0.2716,0.216
0.2416,0.2708,0.2724,0.2152
0.24,0.2704,0.2748,0.2148
0.242,0.2688,0.2732,0.216
0.2404,0.2676,0.274,0.218
0.2384,0.268,0.2732,0.2204
0.238,0.2676,0.272,0.2224
0.238,0.2684,0.2724,0.2212
0.2372,0.2692,0.2716,0.222
0.2384,0.27,0.27,0.2216
0.2384,0.2708,0.2684,0.2224
0.238,0.2692,0.2672,0.2256
0.2396,0.2696,0.266,0.2248
0.2376,0.272,0.2656,0.2248
0.2376,0.2708,0.266,0.2256
0.2368,0.2704,0.2644,0.2284
0.2368,0.2708,0.2644,0.228
0.2348,0.2704,0.2656,0.2292
0.2344,0.2696,0.2652,0.2308
0.234,0.2716,0.2648,0.2296
0.2312,0.2728,0.2668,0.2292
0.2332,0.2704,0.268,0.2284
0.2332,0.2704,0.2676,0.2288
0.2344,0.2684,0.2676,0.2296
0.2344,0.2672,0.2688,0.2296
0.2376,0.2672,0.2656,0.2296
0.2376,0.266,0.2656,0.2308
0.2368,0.2652,0.2664,0.2316
0.2344,0.2652,0.2696,0.2308
0.2352,0.2652,0.27,0.2296
0.2372,0.2648,0.2704,0.2276
0.2388,0.264,0.27,0.2272
0.2404,0.2636,0.2692,0.2268
0.2412,0.262,0.2696,0.2272
0.2416,0.262,0.2704,0.226
0.2432,0.2624,0.27,0.2244
0.2448,0.262,0.2688,0.2244
0.2456,0.2612,0.2688,0.2244
0.248,0.2604,0.2692,0.2224
0.25,0.2584,0.2688,0.2228
0.248,0.26,0.2676,0.2244
0.2496,0.2596,0.2676,0.2232
0.2508,0.2604,0.2664,0.2224
0.2508,0.2608,0.2664,0.222
0.252,0.2608,0.2652,0.222
0.2512,0.2604,0.2652,0.2232
0.2484,0.2628,0.2672,0.2216
0.2484,0.2632,0.2664,0.222
0.2488,0.2632,0.2656,0.2224
0.252,0.2612,0.2648,0.222
0.2524,0.2572,0.2672,0.2232
0.2536,0.2584,0.2676,0.2204
0.254,0.256,0.268,0.222
0.2544,0.2552,0.2688,0.2216
0.2564,0.2552,0.2668,0.2216
0.256,0.2564,0.266,0.2216
0.2564,0.2552,0.266,0.2224
0.256,0.2544,0.2668,0.2228
0.256,0.2552,0.266,0.2228
0.2568,0.2548,0.2652,0.2232
0.2556,0.2568,0.2652,0.2224
0.2564,0.2568,0.266,0.2208
0.2532,0.2564,0.268,0.2224
0.2552,0.2544,0.2684,0.222
0.2552,0.2552,0.2696,0.22
0.2536,0.2548,0.2692,0.2224
0.252,0.2548,0.2696,0.2236
0.252,0.2552,0.2692,0.2236
0.2528,0.2552,0.2676,0.2244
0.2524,0.2556,0.268,0.224
0.2528,0.2556,0.2672,0.2244
0.256,0.2536,0.2664,0.224
0.2556,0.252,0.2656,0.2268
0.256,0.2532,0.2648,0.226
0.2544,0.2552,0.2628,0.2276
0.254,0.2544,0.2628,0.2288
0.2536,0.2544,0.2632,0.2288
0.254,0.2536,0.262,0.2304
0.2548,0.2536,0.2624,0.2292
0.2548,0.2532,0.2628,0.2292
0.2564,0.2516,0.2628,0.2292
0.2564,0.2512,0.2632,0.2292
0.2572,0.252,0.2624,0.2284
0.2572,0.2536,0.26,0.2292
0.2572,0.2536,0.2588,0.2304
0.256,0.2524,0.2616,0.23
0.2588,0.254,0.2596,0.2276
0.2596,0.2528,0.26,0.2276
0.2584,0.2528,0.26,0.2288
0.2588,0.2532,0.2592,0.2288
0.2576,0.2552,0.258,0.2292
0.2576,0.2568,0.2576,0.228
0.2584,0.256,0.2572,0.2284
0.258,0.2556,0.258,0.2284
0.2588,0.2572,0.2568,0.2272
0.2572,0.2588,0.2556,0.2284
0.2564,0.2584,0.256,0.2292
0.2568,0.2568,0.2576,0.2288
0.2572,0.2568,0.2552,0.2308
0.258,0.2564,0.2564,0.2292
0.2584,0.2584,0.2556,0.2276
0.2568,0.26,0.2548,0.2284
0.2572,0.2588,0.2536,0.2304
0.2564,0.2608,0.252,0.2308
0.2556,0.26,0.2532,0.2312
0.254,0.262,0.254,0.23
0.2544,0.2604,0.2532,0.232
0.2532,0.2628,0.2512,0.2328
0.2532,0.2616,0.2508,0.2344
0.2524,0.2604,0.2524,0.2348
0.2532,0.2632,0.2516,0.232
0.2552,0.2632,0.2488,0.2328
0.2532,0.264,0.25,0.2328
0.2524,0.2648,0.2496,0.2332
0.2516,0.2644,0.2496,0.2344
0.2516,0.2628,0.25,0.2356
0.252,0.2628,0.25,0.2352
0.2536,0.2636,0.248,0.2348
0.2516,0.2648,0.2492,0.2344
0.2508,0.2656,0.2484,0.2352
0.2496,0.2664,0.2476,0.2364
0.2464,0.266,0.25,0.2376
0.2472,0.2668,0.248,0.238
0.2464,0.2676,0.2496,0.2364
0.2456,0.2676,0.2516,0.2352
0.2484,0.2668,0.2496,0.2352
0.248,0.2676,0.2496,0.2348
0.2496,0.2672,0.2508,0.2324
0.2496,0.2664,0.2516,0.2324
0.2508,0.2648,0.2504,0.234
0.2512,0.2636,0.2508,0.2344
0.2528,0.2612,0.2516,0.2344
0.2528,0.262,0.252,0.2332
0.2516,0.2624,0.2528,0.2332
0.2516,0.2616,0.252,0.2348
0.2512,0.262,0.2504,0.2364
0.2504,0.2608,0.2516,0.2372
0.2516,0.26,0.2524,0.236
0.2524,0.2588,0.2524,0.2364
0.2532,0.2592,0.2512,0.2364
0.252,0.2596,0.2512,0.2372
0.2524,0.2564,0.252,0.2392
0.2532,0.254,0.252,0.2408
0.2536,0.2552,0.2512,0.24
0.2544,0.254,0.2516,0.24
0.2572,0.2544,0.2508,0.2376
0.2584,0.2536,0.2508,0.2372
0.2596,0.2532,0.2508,0.2364
0.26,0.2536,0.2492,0.2372
0.2608,0.2528,0.25,0.2364
0.2608,0.2532,0.2492,0.2368
0.2592,0.2516,0.2528,0.2364
0.2596,0.2492,0.2544,0.2368
0.2608,0.2496,0.2528,0.2368
0.2636,0.2516,0.248,0.2368
0.2632,0.2532,0.2488,0.2348
0.2648,0.2504,0.2496,0.2352
0.2652,0.2516,0.2484,0.2348
0.2652,0.2512,0.2484,0.2352
0.266,0.2496,0.248,0.2364
0.2668,0.2496,0.2508,0.2328
0.2656,0.2492,0.252,0.2332
0.2648,0.2476,0.254,0.2336
0.2648,0.2476,0.2548,0.2328
0.2656,0.2484,0.2536,0.2324
0.266,0.2488,0.2528,0.2324
0.266,0.2504,0.2508,0.2328
0.2644,0.2496,0.252,0.234
0.264,0.2496,0.252,0.2344
0.2644,0.2496,0.25,0.236
0.2628,0.2496,0.2516,0.236
0.2636,0.248,0.2532,0.2352
0.262,0.2468,0.2548,0.2364
0.2612,0.2472,0.2544,0.2372
0.2612,0.246,0.2544,0.2384
0.2596,0.246,0.2556,0.2388
0.2596,0.2448,0.2568,0.2388
0.2588,0.2464,0.2564,0.2384
0.2592,0.246,0.256,0.2388
0.2604,0.2448,0.256,0.2388
0.26,0.2452,0.2564,0.2384
0.2588,0.2444,0.2584,0.2384
0.2616,0.2428,0.2584,0.2372
0.2604,0.2432,0.2588,0.2376
0.26,0.244,0.2572,0.2388
0.2592,0.244,0.2572,0.2396
0.2596,0.2444,0.2584,0.2376
0.2604,0.2448,0.2552,0.2396
0.2608,0.2468,0.2532,0.2392
0.2616,0.2472,0.2528,0.2384
0.2604,0.248,0.2528,0.2388
0.2596,0.2492,0.2528,0.2384
0.2568,0.2496,0.2544,0.2392
0.2588,0.248,0.2536,0.2396
0.2568,0.2484,0.2548,0.24
0.2572,0.2496,0.2544,0.2388
0.2576,0.2504,0.2552,0.2368
0.2564,0.2496,0.256,0.238
0.2576,0.248,0.2544,0.24
0.2572,0.2496,0.2536,0.2396
0.2576,0.2504,0.254,0.238
0.2572,0.2496,0.2552,0.238
0.2564,0.2492,0.2544,0.24
0.256,0.2492,0.2544,0.2404
0.2556,0.2504,0.2548,0.2392
0.2548,0.2516,0.254,0.2396
0.2536,0.2524,0.2524,0.2416
0.2544,0.2532,0.2516,0.2408
0.2544,0.254,0.2508,0.2408
0.2544,0.2532,0.2504,0.242
0.2548,0.254,0.25,0.2412
0.2556,0.2552,0.2496,0.2396
0.254,0.2572,0.2484,0.2404
0.256,0.256,0.2468,0.2412
0.2576,0.2556,0.246,0.2408
0.258,0.2552,0.246,0.2408
0.2592,0.2564,0.2456,0.2388
0.2592,0.2564,0.2452,0.2392
0.2592,0.258,0.2444,0.2384
0.2596,0.2572,0.2428,0.2404
0.2584,0.2588,0.242,0.2408
0.2588,0.2592,0.2432,0.2388
0.2588,0.258,0.2436,0.2396
0.2576,0.258,0.2436,0.2408
0.2576,0.2572,0.244,0.2412
0.258,0.256,0.2432,0.2428
0.2588,0.2556,0.2428,0.2428
0.258,0.2568,0.2424,0.2428
0.2584,0.2584,0.2412,0.242
0.2584,0.2592,0.2392,0.2432
0.2588,0.2576,0.2396,0.244
0.26,0.2544,0.2404,0.2452
0.258,0.254,0.2416,0.2464
0.2588,0.2548,0.2424,0.244
0.2592,0.2568,0.242,0.242
0.2584,0.2608,0.2412,0.2396
0.258,0.2612,0.2408,0.24
0.2576,0.2608,0.2424,0.2392
0.2584,0.2624,0.2424,0.2368
0.2584,0.262,0.2412,0.2384
0.2584,0.2632,0.2408,0.2376
0.2592,0.2628,0.24,0.238
0.26,0.2604,0.2412,0.2384
0.2608,0.2588,0.2412,0.2392
0.2616,0.2576,0.2424,0.2384
0.2624,0.2572,0.2432,0.2372
0.2624,0.2552,0.2444,0.238
0.2636,0.254,0.2456,0.2368
0.2644,0.2516,0.2452,0.2388
0.264,0.2496,0.2464,0.24
0.2656,0.2496,0.248,0.2368
0.2664,0.2512,0.2456,0.2368
0.268,0.2512,0.244,0.2368
0.2668,0.2504,0.2448,0.238
0.2656,0.2504,0.2444,0.2396
0.2668,0.2512,0.242,0.24
0.2648,0.2516,0.2432,0.2404
0.2672,0.2496,0.244,0.2392
0.264,0.2536,0.242,0.2404
0.2632,0.2544,0.2428,0.2396
0.2624,0.2548,0.244,0.2388
0.2616,0.2552,0.244,0.2392
0.2628,0.254,0.244,0.2392
0.262,0.254,0.2436,0.2404
0.2636,0.2544,0.2424,0.2396
0.2632,0.2544,0.2436,0.2388
0.2624,0.2544,0.2456,0.2376
0.2624,0.256,0.2428,0.2388
0.2608,0.256,0.2448,0.2384
0.2608,0.2536,0.2464,0.2392
0.2608,0.2524,0.2468,0.24
0.2632,0.2496,0.248,0.2392
0.2628,0.2508,0.2464,0.24
0.2608,0.2508,0.248,0.2404
0.262,0.2496,0.2464,0.242
0.2624,0.2484,0.2476,0.2416
0.2612,0.248,0.2492,0.2416
0.2608,0.248,0.248,0.2432
0.2608,0.2488,0.2472,0.2432
0.2612,0.2492,0.246,0.2436
0.262,0.2452,0.246,0.2468
0.2604,0.2468,0.246,0.2468
0.26,0.2468,0.2464,0.2468
0.2584,0.2476,0.246,0.248
0.2576,0.2484,0.2456,0.2484
0.2592,0.248,0.2432,0.2496
0.2592,0.25,0.2432,0.2476
0.2604,0.2496,0.2432,0.2468
0.2592,0.2504,0.2444,0.246
0.2588,0.2512,0.2436,0.2464
0.258,0.2536,0.242,0.2464
0.2588,0.2536,0.242,0.2456
0.2596,0.254,0.2428,0.2436
0.2592,0.2552,0.2424,0.2432
0.258,0.2552,0.2432,0.2436
0.2596,0.2556,0.2412,0.2436
0.2596,0.2548,0.242,0.2436
0.2604,0.2528,0.2428,0.244
0.26,0.2544,0.242,0.2436
0.2612,0.2552,0.2424,0.2412
0.2608,0.2568,0.2424,0.24
0.2588,0.258,0.2432,0.24
0.2592,0.256,0.2448,0.24
0.258,0.2552,0.248,0.2388
0.2564,0.256,0.2492,0.2384
0.256,0.2552,0.25,0.2388
0.2568,0.2536,0.25,0.2396
0.2552,0.2536,0.25,0.2412
0.2528,0.254,0.252,0.2412
0.2536,0.2572,0.2504,0.2388
0.2516,0.258,0.2512,0.2392
0.2516,0.2584,0.2516,0.2384
0.2508,0.2592,0.2512,0.2388
0.2516,0.2584,0.2532,0.2368
0.2516,0.2588,0.254,0.2356
0.2516,0.2576,0.254,0.2368
0.2512,0.2568,0.256,0.236
0.2516,0.2584,0.2548,0.2352
0.2492,0.2604,0.2564,0.234
0.2508,0.2616,0.256,0.2316
0.2508,0.2616,0.2568,0.2308
0.2512,0.2628,0.258,0.228
0.2508,0.262,0.2588,0.2284
0.25,0.2632,0.2592,0.2276
0.2508,0.2632,0.2592,0.2268
0.2516,0.2632,0.2568,0.2284
0.2508,0.262,0.2576,0.2296
0.2524,0.2636,0.2556,0.2284
0.2504,0.264,0.2556,0.23
0.2504,0.264,0.2552,0.2304
0.2512,0.2632,0.2544,0.2312
0.2492,0.264,0.2528,0.234
0.2496,0.264,0.2532,0.2332
0.2492,0.264,0.2528,0.234
0.2528,0.2624,0.2512,0.2336
0.254,0.2612,0.2524,0.2324
0.2548,0.2596,0.2528,0.2328
0.2544,0.2584,0.2524,0.2348
0.2548,0.26,0.25,0.2352
0.254,0.2608,0.2504,0.2348
0.254,0.26,0.2508,0.2352
0.254,0.2612,0.2504,0.2344
0.254,0.2608,0.2496,0.2356
0.256,0.2596,0.2488,0.2356
0.2568,0.2604,0.2472,0.2356
0.2564,0.2584,0.2476,0.2376
0.2572,0.258,0.2488,0.236
0.2576,0.258,0.2484,0.236
0.2552,0.2596,0.2496,0.2356
0.2572,0.258,0.2508,0.234
0.2572,0.2588,0.25,0.234
0.2572,0.2596,0.2508,0.2324
0.2588,0.2604,0.2492,0.2316
0.2592,0.2608,0.2476,0.2324
0.2596,0.2616,0.246,0.2328
0.2612,0.2616,0.2456,0.2316
0.2612,0.2612,0.2456,0.232
0.26,0.2628,0.2448,0.2324
0.2588,0.2636,0.2448,0.2328
0.2584,0.2628,0.2452,0.2336
0.2572,0.2628,0.2452,0.2348
0.2556,0.262,0.246,0.2364
0.252,0.2616,0.2476,0.2388
0.2516,0.2628,0.2476,0.238
0.2528,0.2632,0.248,0.236
0.252,0.2636,0.248,0.2364
0.2528,0.2632,0.2472,0.2368
0.2528,0.2616,0.2464,0.2392
0.2528,0.2612,0.2456,0.2404
0.2528,0.262,0.2448,0.2404
0.2528,0.2628,0.246,0.2384
0.2524,0.262,0.2476,0.238
0.252,0.2624,0.2492,0.2364
0.252,0.2628,0.2504,0.2348
0.252,0.2644,0.2512,0.2324
0.2544,0.2644,0.2496,0.2316
0.2556,0.2632,0.25,0.2312
0.2548,0.2636,0.2508,0.2308
0.2552,0.2636,0.2512,0.23
0.2544,0.264,0.2504,0.2312
0.256,0.2624,0.2516,0.23
0.2572,0.2612,0.2524,0.2292
0.2556,0.26,0.2532,0.2312
0.2556,0.2604,0.2528,0.2312
0.256,0.2592,0.2504,0.2344
0.2556,0.258,0.2512,0.2352
0.256,0.2564,0.25,0.2376
0.256,0.2568,0.2488,0.2384
0.2564,0.2584,0.2484,0.2368
0.2564,0.26,0.2464,0.2372
0.2564,0.2596,0.2472,0.2368
0.256,0.2624,0.2464,0.2352
0.2552,0.262,0.2476,0.2352
0.2556,0.2612,0.2484,0.2348
0.2548,0.26,0.25,0.2352
0.2556,0.26,0.2504,0.234
0.2552,0.26,0.2504,0.2344
0.2544,0.2604,0.2496,0.2356
0.2548,0.2592,0.25,0.236
0.254,0.258,0.2508,0.2372
0.2556,0.258,0.25,0.2364
0.2564,0.2572,0.2492,0.2372
0.2548,0.2596,0.248,0.2376
0.254,0.2572,0.2508,0.238
0.2556,0.2564,0.252,0.236
0.2552,0.256,0.2524,0.2364
0.2568,0.2552,0.2508,0.2372
0.2576,0.2532,0.2508,0.2384
0.2588,0.2528,0.2496,0.2388
0.2576,0.2544,0.2504,0.2376
0.2576,0.2548,0.2508,0.2368
0.2568,0.2544,0.2496,0.2392
0.2564,0.2544,0.2504,0.2388
0.256,0.254,0.2512,0.2388
0.254,0.2532,0.2528,0.24
0.2544,0.2548,0.2524,0.2384
0.2528,0.2556,0.2508,0.2408
0.2524,0.2552,0.2492,0.2432
0.2528,0.2536,0.2484,0.2452
0.254,0.2524,0.248,0.2456
0.254,0.2536,0.2472,0.2452
0.2536,0.2536,0.2468,0.246
0.2524,0.2536,0.2464,0.2476
0.2536,0.2548,0.244,0.2476
0.2532,0.2564,0.2448,0.2456
0.2532,0.2556,0.2448,0.2464
0.254,0.256,0.2452,0.2448
0.2528,0.2568,0.2456,0.2448
0.2544,0.256,0.2464,0.2432
0.256,0.256,0.246,0.242
0.2524,0.2576,0.2476,0.2424
0.2536,0.2604,0.244,0.242
0.2532,0.26,0.2444,0.2424
0.252,0.2592,0.2444,0.2444
0.2508,0.2592,0.2448,0.2452
0.2512,0.258,0.2452,0.2456
0.2536,0.2572,0.2448,0.2444
0.254,0.2552,0.2468,0.244
0.254,0.2564,0.2464,0.2432
0.254,0.256,0.2468,0.2432
0.2544,0.2568,0.2456,0.2432
0.2552,0.256,0.2456,0.2432
0.2548,0.258,0.246,0.2412
0.2536,0.2556,0.2464,0.2444
0.2532,0.2556,0.2472,0.244
0.2524,0.2556,0.2492,0.2428
0.2548,0.254,0.248,0.2432
0.256,0.2548,0.246,0.2432
0.256,0.252,0.2464,0.2456
0.2572,0.2516,0.2464,0.2448
0.2584,0.2504,0.248,0.2432
0.2576,0.25,0.2488,0.2436
0.2556,0.2516,0.2504,0.2424
0.2532,0.2532,0.2508,0.2428
0.2528,0.252,0.252,0.2432
0.254,0.2516,0.2492,0.2452
0.2528,0.2512,0.2504,0.2456
0.254,0.2508,0.2492,0.246
0.252,0.252,0.2496,0.2464
0.25,0.2552,0.2492,0.2456
0.2496,0.2552,0.2496,0.2456
0.25,0.2576,0.2476,0.2448
0.2492,0.2572,0.2472,0.2464
0.2484,0.258,0.246,0.2476
0.2492,0.2564,0.2468,0.2476
0.2496,0.2556,0.2464,0.2484
0.25,0.2564,0.2444,0.2492
0.2512,0.2556,0.2432,0.25
0.2468,0.2592,0.2436,0.2504
0.2464,0.2608,0.2436,0.2492
0.2476,0.2596,0.244,0.2488
0.2484,0.2592,0.2436,0.2488
0.2496,0.2584,0.2448,0.2472
0.2492,0.2604,0.2444,0.246
0.2488,0.2592,0.2464,0.2456
0.248,0.2592,0.2456,0.2472
0.2504,0.2572,0.2468,0.2456
0.2492,0.258,0.2484,0.2444
0.2484,0.2556,0.2488,0.2472
0.2496,0.2544,0.248,0.248
0.252,0.2524,0.2488,0.2468
0.2524,0.2512,0.2492,0.2472
0.2496,0.2524,0.2492,0.2488
0.2484,0.2536,0.2488,0.2492
0.2444,0.2524,0.25,0.2532
0.2448,0.2524,0.2504,0.2524
0.2444,0.2532,0.25,0.2524
0.2464,0.256,0.2468,0.2508
0.2456,0.256,0.2456,0.2528
0.2448,0.2564,0.246,0.2528
0.2444,0.2548,0.2468,0.254
0.2424,0.2556,0.2484,0.2536
0.2424,0.2556,0.2488,0.2532
0.2428,0.2564,0.2488,0.252
0.242,0.2544,0.2504,0.2532
0.2408,0.2536,0.252,0.2536
0.2412,0.2524,0.252,0.2544
0.2424,0.2516,0.2536,0.2524
0.2416,0.2504,0.2536,0.2544
0.2412,0.2508,0.2532,0.2548
0.242,0.2516,0.252,0.2544
0.2432,0.2532,0.2512,0.2524
0.2444,0.2528,0.2516,0.2512
0.2448,0.2508,0.2524,0.252
0.244,0.2508,0.2528,0.2524
0.244,0.2508,0.2524,0.2528
0.2464,0.2508,0.2508,0.252
0.2476,0.248,0.2524,0.252
0.2476,0.2484,0.2516,0.2524
0.2476,0.25,0.2504,0.252
0.2472,0.2512,0.2488,0.2528
0.248,0.2516,0.2472,0.2532
0.2484,0.252,0.2468,0.2528
0.2488,0.2532,0.2452,0.2528
0.2444,0.2532,0.248,0.2544
0.2452,0.252,0.2484,0.2544
0.2464,0.2508,0.2472,0.2556
0.2472,0.2504,0.2468,0.2556
0.248,0.2492,0.2468,0.256
0.2492,0.2472,0.2484,0.2552
0.2496,0.246,0.2492,0.2552
0.2488,0.2432,0.2512,0.2568
0.2476,0.2456,0.2508,0.256
0.2476,0.2444,0.2512,0.2568
0.2492,0.2448,0.252,0.254
0.2488,0.2436,0.2528,0.2548
0.2464,0.2432,0.2536,0.2568
0.2468,0.2448,0.254,0.2544
0.2468,0.2456,0.2556,0.252
0.2488,0.2452,0.2568,0.2492
0.248,0.2452,0.2564,0.2504
0.2488,0.2448,0.2556,0.2508
0.2472,0.2456,0.256,0.2512
0.2464,0.2464,0.258,0.2492
0.2488,0.2452,0.2596,0.2464
0.2476,0.2452,0.2612,0.246
0.2484,0.2444,0.2608,0.2464
0.2476,0.2452,0.26,0.2472
0.2476,0.2448,0.2604,0.2472
0.2488,0.2428,0.2616,0.2468
0.2492,0.2424,0.2612,0.2472
0.25,0.2416,0.2612,0.2472
0.2492,0.2428,0.26,0.248
0.2508,0.2424,0.2608,0.246
0.2496,0.244,0.26,0.2464
0.2512,0.2424,0.2592,0.2472
0.2524,0.244,0.2596,0.244
0.2524,0.2456,0.2588,0.2432
0.2528,0.2448,0.26,0.2424
0.2532,0.2452,0.2604,0.2412
0.2536,0.2472,0.2596,0.2396
0.2536,0.2468,0.26,0.2396
0.2528,0.2492,0.2576,0.2404
0.2528,0.248,0.2576,0.2416
0.2512,0.2468,0.26,0.242
0.2496,0.2472,0.2596,0.2436
0.2496,0.2488,0.2592,0.2424
0.2504,0.2496,0.2592,0.2408
0.2528,0.25,0.2604,0.2368
0.252,0.2504,0.2608,0.2368
0.2544,0.2508,0.262,0.2328
0.2556,0.2532,0.2588,0.2324
0.2568,0.2548,0.2572,0.2312
0.2576,0.2532,0.2572,0.232
0.2576,0.2524,0.2556,0.2344
0.2572,0.2528,0.2556,0.2344
0.2568,0.254,0.2564,0.2328
0.2556,0.2536,0.2568,0.234
0.2548,0.256,0.2568,0.2324
0.256,0.2564,0.254,0.2336
0.2556,0.2564,0.2564,0.2316
0.2556,0.256,0.2564,0.232
0.2548,0.2552,0.2568,0.2332
0.256,0.2544,0.2552,0.2344
0.2564,0.2512,0.256,0.2364
0.2592,0.2504,0.2544,0.236
0.2596,0.2488,0.2548,0.2368
0.2596,0.25,0.2532,0.2372
0.262,0.2488,0.2524,0.2368
0.2624,0.248,0.2536,0.236
0.2644,0.2492,0.252,0.2344
0.2616,0.2508,0.2524,0.2352
0.2624,0.2512,0.2504,0.236
0.262,0.2504,0.2504,0.2372
0.2644,0.2508,0.25,0.2348
0.2612,0.2504,0.2524,0.236
0.2624,0.2492,0.2516,0.2368
0.2624,0.2452,0.254,0.2384
0.2624,0.2448,0.2536,0.2392
0.2624,0.246,0.2532,0.2384
0.2624,0.246,0.252,0.2396
0.2612,0.2472,0.2524,0.2392
0.26,0.2472,0.2528,0.24
0.2604,0.2464,0.2532,0.24
0.2608,0.2464,0.254,0.2388
0.2604,0.246,0.254,0.2396
0.2604,0.2468,0.2524,0.2404
0.2604,0.2476,0.2516,0.2404
0.2604,0.2472,0.2516,0.2408
0.262,0.2472,0.2512,0.2396
0.2632,0.246,0.2508,0.24
0.2632,0.2452,0.2512,0.2404
0.2632,0.2468,0.2504,0.2396
0.264,0.2488,0.2484,0.2388
0.264,0.25,0.2484,0.2376
0.2656,0.2504,0.2472,0.2368
0.2636,0.2508,0.2468,0.2388
0.2636,0.2516,0.2468,0.238
0.2652,0.2508,0.2464,0.2376
0.2644,0.2532,0.2436,0.2388
0.264,0.2552,0.244,0.2368
0.2644,0.2532,0.2452,0.2372
0.2648,0.254,0.2456,0.2356
0.2656,0.252,0.246,0.2364
0.266,0.2516,0.2476,0.2348
0.266,0.2516,0.2488,0.2336
0.2668,0.2512,0.2492,0.2328
0.2652,0.2524,0.2484,0.234
0.2636,0.2528,0.2472,0.2364
0.2648,0.2524,0.2464,0.2364
0.2636,0.2548,0.244,0.2376
0.2636,0.254,0.2452,0.2372
0.2632,0.2548,0.2436,0.2384
0.2612,0.2568,0.244,0.238
0.258,0.2572,0.2444,0.2404
0.2576,0.2572,0.2448,0.2404
0.2592,0.2572,0.2448,0.2388
0.26,0.2576,0.2432,0.2392
0.2588,0.2576,0.2448,0.2388
0.2592,0.2584,0.2444,0.238
0.2604,0.2584,0.2432,0.238
0.2624,0.258,0.2424,0.2372
0.262,0.2572,0.2432,0.2376
0.26,0.2572,0.2432,0.2396
0.2596,0.258,0.2436,0.2388
0.2592,0.2584,0.2436,0.2388
0.26,0.2584,0.2452,0.2364
0.2616,0.2576,0.2452,0.2356
0.2604,0.2564,0.2472,0.236
0.2576,0.2548,0.2492,0.2384
0.258,0.2544,0.2488,0.2388
0.2604,0.2532,0.2468,0.2396
0.26,0.2536,0.2468,0.2396
0.2584,0.254,0.246,0.2416
0.2568,0.254,0.246,0.2432
0.2548,0.2528,0.248,0.2444
0.2552,0.252,0.2472,0.2456
0.2544,0.2532,0.2464,0.246
0.2552,0.2524,0.2456,0.2468
0.2532,0.254,0.2444,0.2484
0.2556,0.2544,0.2444,0.2456
0.2572,0.254,0.2432,0.2456
0.2572,0.2532,0.2448,0.2448
0.2552,0.256,0.2428,0.246
0.2552,0.258,0.2424,0.2444
0.2564,0.2584,0.242,0.2432
0.2568,0.2576,0.2408,0.2448
0.256,0.2568,0.24,0.2472
0.2544,0.2576,0.2392,0.2488
0.2548,0.2568,0.2376,0.2508
0.2564,0.2568,0.238,0.2488
0.2556,0.2572,0.2392,0.248
0.2564,0.2584,0.2376,0.2476
0.2564,0.2588,0.2376,0.2472
0.2552,0.2604,0.2376,0.2468
0.2544,0.2592,0.2384,0.248
0.2568,0.2572,0.2372,0.2488
0.2568,0.2552,0.2388,0.2492
0.2568,0.2564,0.2392,0.2476
0.2592,0.2548,0.2384,0.2476
0.258,0.2544,0.2416,0.246
0.2576,0.2552,0.2436,0.2436
0.256,0.254,0.2448,0.2452
0.2556,0.2536,0.2456,0.2452
0.254,0.2524,0.2484,0.2452
0.2504,0.254,0.25,0.2456
0.25,0.254,0.2484,0.2476
0.2512,0.2516,0.2468,0.2504
0.2528,0.2508,0.2468,0.2496
0.2556,0.2496,0.2452,0.2496
0.2556,0.2484,0.2456,0.2504
0.2564,0.2468,0.2456,0.2512
0.2568,0.2472,0.2456,0.2504
0.2588,0.2444,0.2464,0.2504
0.2596,0.2436,0.246,0.2508
0.2588,0.2444,0.2464,0.2504
0.2576,0.244,0.2476,0.2508
0.2576,0.2456,0.2484,0.2484
0.2572,0.2444,0.248,0.2504
0.2564,0.2456,0.2484,0.2496
0.256,0.246,0.2476,0.2504
0.2556,0.2464,0.2468,0.2512
0.2544,0.2476,0.2452,0.2528
0.2552,0.2476,0.246,0.2512
0.2536,0.246,0.2484,0.252
0.252,0.2452,0.2484,0.2544
0.2512,0.2464,0.2476,0.2548
0.252,0.2452,0.2464,0.2564
0.2524,0.246,0.2464,0.2552
0.2512,0.2464,0.2488,0.2536
0.2512,0.248,0.2484,0.2524
0.2536,0.2472,0.2456,0.2536
0.2552,0.2476,0.244,0.2532
0.2528,0.2484,0.2444,0.2544
0.252,0.2472,0.2448,0.256
0.2512,0.2472,0.2456,0.256
0.252,0.2476,0.2456,0.2548
0.2504,0.248,0.246,0.2556
0.2496,0.2496,0.2452,0.2556
0.2476,0.2516,0.244,0.2568
0.2484,0.25,0.244,0.2576
0.2496,0.2488,0.244,0.2576
0.2512,0.2464,0.246,0.2564
0.2512,0.2464,0.2464,0.256
0.2516,0.2456,0.2468,0.256
0.2512,0.2424,0.2484,0.258
0.2504,0.2448,0.246,0.2588
0.2492,0.2432,0.2456,0.262
0.2508,0.2424,0.2452,0.2616
0.2508,0.2408,0.2472,0.2612
0.25,0.2436,0.2468,0.2596
0.2496,0.2436,0.2476,0.2592
0.2488,0.2424,0.248,0.2608
0.2504,0.2444,0.2452,0.26
0.2504,0.2444,0.246,0.2592
0.2508,0.2436,0.2468,0.2588
0.2504,0.2436,0.2472,0.2588
0.2504,0.2444,0.246,0.2592
0.25,0.2452,0.2472,0.2576
0.2496,0.2448,0.246,0.2596
0.25,0.2444,0.2456,0.26
0.2504,0.2432,0.246,0.2604
0.2496,0.2424,0.2456,0.2624
0.25,0.242,0.246,0.262
0.2504,0.2424,0.2448,0.2624
0.2496,0.2428,0.2456,0.262
0.25,0.2436,0.2448,0.2616
0.2496,0.2444,0.2444,0.2616
0.248,0.2456,0.2448,0.2616
0.2492,0.2444,0.244,0.2624
0.2476,0.2456,0.2444,0.2624
0.2484,0.2456,0.2444,0.2616
0.2468,0.2448,0.246,0.2624
0.2468,0.2464,0.2448,0.262
0.2452,0.2476,0.2464,0.2608
0.2452,0.2484,0.2472,0.2592
0.2456,0.2488,0.2472,0.2584
0.2452,0.2492,0.2468,0.2588
0.244,0.2496,0.2472,0.2592
0.2448,0.248,0.248,0.2592
0.2452,0.2476,0.2492,0.258
0.2452,0.2476,0.2488,0.2584
0.244,0.2488,0.2516,0.2556
0.244,0.2488,0.2532,0.254
0.2428,0.2488,0.2536,0.2548
0.2432,0.2476,0.2556,0.2536
0.2416,0.2492,0.2568,0.2524
0.2416,0.2492,0.2568,0.2524
0.2404,0.2488,0.2584,0.2524
0.24,0.2472,0.2592,0.2536
0.24,0.2476,0.2584,0.254
0.2404,0.246,0.2608,0.2528
0.2388,0.248,0.2596,0.2536
0.2396,0.2476,0.2596,0.2532
0.2392,0.2476,0.2612,0.252
0.242,0.2456,0.2604,0.252
0.2412,0.2456,0.2612,0.252
0.2392,0.2456,0.2632,0.252
0.24,0.2464,0.2628,0.2508
0.2388,0.2488,0.262,0.2504
0.2384,0.2464,0.2612,0.254
0.2396,0.2476,0.26,0.2528
0.2392,0.2492,0.2604,0.2512
0.2396,0.2496,0.2612,0.2496
0.2388,0.2512,0.2612,0.2488
0.24,0.254,0.2588,0.2472
0.2416,0.2568,0.2572,0.2444
0.2432,0.256,0.2584,0.2424
0.2424,0.2548,0.2584,0.2444
0.244,0.254,0.2568,0.2452
0.2424,0.2576,0.2552,0.2448
0.2444,0.2576,0.2532,0.2448
0.2444,0.2584,0.2516,0.2456
0.2424,0.2584,0.2528,0.2464
0.2404,0.2608,0.2528,0.246
0.2404,0.2588,0.2552,0.2456
0.2388,0.2592,0.2568,0.2452
0.2416,0.256,0.256,0.2464
0.2408,0.2572,0.2552,0.2468
0.2404,0.2596,0.2532,0.2468
0.2412,0.26,0.2532,0.2456
0.2428,0.2612,0.2536,0.2424
0.2444,0.2604,0.2524,0.2428
0.2444,0.2596,0.252,0.244
0.2448,0.2596,0.2524,0.2432
0.2448,0.2608,0.2516,0.2428
0.2436,0.2608,0.2524,0.2432
0.242,0.262,0.2532,0.2428
0.2416,0.2624,0.2536,0.2424
0.2428,0.2612,0.254,0.242
0.244,0.2612,0.2536,0.2412
0.2428,0.2608,0.2524,0.244
0.2436,0.2608,0.2528,0.2428
0.2436,0.2616,0.2528,0.242
0.2428,0.2628,0.252,0.2424
0.2444,0.2632,0.2508,0.2416
0.244,0.2632,0.2504,0.2424
0.2448,0.2628,0.2504,0.242
0.2448,0.2612,0.2508,0.2432
0.2456,0.26,0.25,0.2444
0.2464,0.2592,0.2492,0.2452
0.2452,0.2588,0.2516,0.2444
0.2444,0.258,0.2516,0.246
0.2444,0.256,0.2532,0.2464
0.2436,0.2568,0.2536,0.246
0.2436,0.2564,0.252,0.248
0.2448,0.258,0.2524,0.2448
0.244,0.258,0.2548,0.2432
0.2412,0.26,0.2532,0.2456
0.242,0.2608,0.2544,0.2428
0.2412,0.2608,0.2548,0.2432
0.2376,0.2608,0.2564,0.2452
0.2376,0.262,0.2572,0.2432
0.2376,0.2628,0.2572,0.2424
0.2372,0.2636,0.2568,0.2424
0.238,0.266,0.2556,0.2404
0.2388,0.268,0.254,0.2392
0.2392,0.2688,0.2528,0.2392
0.2388,0.2672,0.2528,0.2412
0.2384,0.2684,0.2516,0.2416
0.2404,0.268,0.2496,0.242
0.2404,0.2676,0.2504,0.2416
0.2404,0.2656,0.2512,0.2428
0.2424,0.2636,0.2504,0.2436
0.2428,0.2648,0.25,0.2424
0.2444,0.2644,0.2516,0.2396
0.2444,0.2636,0.2528,0.2392
0.2424,0.2636,0.2536,0.2404
0.2436,0.2632,0.2536,0.2396
0.2448,0.2624,0.2536,0.2392
0.2456,0.262,0.2524,0.24
0.2476,0.262,0.248,0.2424
0.2476,0.2624,0.2468,0.2432
0.2468,0.2612,0.2472,0.2448
0.2468,0.2616,0.248,0.2436
0.2484,0.2616,0.2452,0.2448
0.2496,0.26,0.2468,0.2436
0.25,0.2588,0.246,0.2452
0.2488,0.2588,0.2456,0.2468
0.2496,0.2584,0.2444,0.2476
0.2488,0.2584,0.2436,0.2492
0.2484,0.2592,0.2432,0.2492
0.25,0.2584,0.242,0.2496
0.2492,0.2588,0.2424,0.2496
0.2496,0.2564,0.2436,0.2504
0.2476,0.258,0.242,0.2524
0.2476,0.2592,0.2416,0.2516
0.2476,0.262,0.2396,0.2508
0.2496,0.2596,0.2388,0.252
0.2488,0.2596,0.2388,0.2528
0.248,0.26,0.24,0.252
0.2492,0.2592,0.2388,0.2528
0.2492,0.2604,0.2388,0.2516
0.2504,0.2596,0.2388,0.2512
0.2528,0.2592,0.2404,0.2476
0.2524,0.2596,0.24,0.248
0.2512,0.2604,0.2384,0.25
0.2488,0.2596,0.2412,0.2504
0.248,0.2588,0.2416,0.2516
0.2476,0.2592,0.2412,0.252
0.2484,0.2616,0.2384,0.2516
0.25,0.262,0.2384,0.2496
0.25,0.2624,0.238,0.2496
0.2516,0.2632,0.2376,0.2476
0.252,0.262,0.2376,0.2484
0.2528,0.2604,0.2376,0.2492
0.2524,0.2612,0.2372,0.2492
0.2532,0.2612,0.2372,0.2484
0.2532,0.2608,0.238,0.248
0.2536,0.2596,0.238,0.2488
0.2532,0.2596,0.2364,0.2508
0.2528,0.2596,0.2368,0.2508
0.2552,0.2596,0.2348,0.2504
0.2516,0.2608,0.2372,0.2504
0.2524,0.2588,0.2388,0.25
0.2528,0.2588,0.238,0.2504
0.2528,0.2584,0.238,0.2508
0.2536,0.2584,0.2376,0.2504
0.2528,0.2584,0.238,0.2508
0.252,0.26,0.2356,0.2524
0.2524,0.2608,0.2352,0.2516
0.2544,0.2604,0.2324,0.2528
0.2536,0.26,0.234,0.2524
0.2536,0.2596,0.2336,0.2532
0.2552,0.2596,0.232,0.2532
0.2548,0.258,0.2332,0.254
0.2568,0.256,0.2344,0.2528
0.2576,0.2568,0.2332,0.2524
0.2564,0.2564,0.2336,0.2536
0.2548,0.256,0.2348,0.2544
0.2556,0.2556,0.2352,0.2536
0.256,0.2556,0.2344,0.254
0.2576,0.2552,0.2336,0.2536
0.2584,0.2536,0.2348,0.2532
0.2576,0.254,0.2364,0.252
0.258,0.254,0.2344,0.2536
0.258,0.2536,0.236,0.2524
0.2596,0.2516,0.236,0.2528
0.256,0.2508,0.2388,0.2544
0.2556,0.25,0.2416,0.2528
0.2556,0.2508,0.2412,0.2524
0.2584,0.2504,0.2392,0.252
0.2588,0.2508,0.2392,0.2512
0.2588,0.2512,0.238,0.252
0.2588,0.2488,0.2388,0.2536
0.2556,0.2504,0.2384,0.2556
0.2556,0.2504,0.2388,0.2552
0.2552,0.248,0.2404,0.2564
0.254,0.246,0.2432,0.2568
0.2556,0.2456,0.2428,0.256
0.2556,0.2444,0.2436,0.2564
0.254,0.2448,0.2448,0.2564
0.2548,0.2432,0.2476,0.2544
0.2552,0.244,0.2464,0.2544
0.2556,0.2436,0.2468,0.254
0.2576,0.2432,0.246,0.2532
0.2584,0.2432,0.2468,0.2516
0.2592,0.2428,0.248,0.25
0.258,0.2452,0.2484,0.2484
0.256,0.244,0.2496,0.2504
0.2536,0.2448,0.2496,0.252
0.2532,0.2456,0.2496,0.2516
0.2544,0.2436,0.2512,0.2508
0.2572,0.2432,0.2508,0.2488
0.2572,0.2436,0.2508,0.2484
0.2564,0.244,0.2508,0.2488
0.2584,0.2428,0.252,0.2468
0.26,0.2412,0.2528,0.246
0.2584,0.2436,0.2496,0.2484
0.2612,0.242,0.2484,0.2484
0.2608,0.2432,0.2484,0.2476
0.2592,0.2432,0.2492,0.2484
0.2604,0.2424,0.2488,0.2484
0.2616,0.2424,0.248,0.248
0.2616,0.244,0.2472,0.2472
0.2608,0.242,0.25,0.2472
0.2604,0.244,0.2484,0.2472
0.2612,0.2428,0.2476,0.2484
0.2612,0.2428,0.2472,0.2488
0.2604,0.244,0.246,0.2496
0.26,0.2428,0.2468,0.2504
0.2616,0.2428,0.2448,0.2508
0.2612,0.2432,0.2452,0.2504
0.2616,0.2436,0.2456,0.2492
0.2604,0.2444,0.2436,0.2516
0.2608,0.2444,0.2436,0.2512
0.2588,0.246,0.2452,0.25
0.2572,0.2476,0.2464,0.2488
0.2556,0.248,0.248,0.2484
0.2564,0.2492,0.246,0.2484
0.2564,0.2472,0.2464,0.25
0.2548,0.2488,0.246,0.2504
0.2524,0.2484,0.2472,0.252
0.2528,0.2464,0.2484,0.2524
0.2512,0.2468,0.25,0.252
0.2504,0.246,0.2524,0.2512
0.2492,0.248,0.2524,0.2504
0.25,0.2452,0.254,0.2508
0.2504,0.2456,0.2548,0.2492
0.2508,0.2464,0.2544,0.2484
0.2512,0.2468,0.2552,0.2468
0.2508,0.2468,0.2568,0.2456
0.2496,0.2476,0.256,0.2468
0.2496,0.2484,0.2556,0.2464
0.2476,0.2484,0.2576,0.2464
0.246,0.248,0.2588,0.2472
0.2452,0.2504,0.258,0.2464
0.2472,0.2496,0.2572,0.246
0.2492,0.25,0.2588,0.242
0.2504,0.2488,0.2596,0.2412
0.252,0.2476,0.2608,0.2396
0.2512,0.2476,0.2624,0.2388
0.2512,0.2484,0.2612,0.2392
0.2512,0.2496,0.26,0.2392
0.2508,0.2504,0.2608,0.238
0.2492,0.2484,0.2632,0.2392
0.2488,0.2512,0.262,0.238
0.2508,0.2496,0.2628,0.2368
0.2524,0.2492,0.2628,0.2356
0.252,0.2484,0.2624,0.2372
0.2532,0.248,0.2624,0.2364
0.2524,0.25,0.2612,0.2364
0.2524,0.2484,0.2628,0.2364
0.252,0.2492,0.2604,0.2384
0.2516,0.2496,0.26,0.2388
0.2484,0.2508,0.2608,0.24
0.2492,0.2512,0.2572,0.2424
0.2492,0.25,0.258,0.2428
0.2492,0.2496,0.258,0.2432
0.2472,0.248,0.2612,0.2436
0.2456,0.2488,0.2608,0.2448
0.2464,0.2488,0.26,0.2448
0.2472,0.2476,0.2624,0.2428
0.2488,0.2452,0.2616,0.2444
0.2484,0.246,0.2612,0.2444
0.248,0.246,0.2628,0.2432
0.246,0.248,0.2632,0.2428
0.2468,0.2484,0.262,0.2428
0.2476,0.2476,0.262,0.2428
0.2432,0.2476,0.2644,0.2448
0.2436,0.2468,0.2652,0.2444
0.2444,0.248,0.2656,0.242
0.244,0.248,0.2664,0.2416
0.2444,0.2484,0.2656,0.2416
0.2444,0.246,0.2652,0.2444
0.2432,0.2472,0.2648,0.2448
0.2448,0.2472,0.2648,0.2432
0.2468,0.2476,0.2616,0.244
0.2464,0.2476,0.2636,0.2424
0.246,0.2476,0.2632,0.2432
0.2484,0.2448,0.2624,0.2444
0.248,0.2452,0.2612,0.2456
0.2484,0.246,0.262,0.2436
0.2492,0.246,0.2612,0.2436
0.2488,0.2484,0.262,0.2408
0.2508,0.25,0.2616,0.2376
0.2504,0.25,0.262,0.2376
0.248,0.2512,0.2644,0.2364
0.2492,0.2516,0.2636,0.2356
0.248,0.2524,0.2628,0.2368
0.2472,0.2532,0.2616,0.238
0.2472,0.2524,0.2628,0.2376
0.2444,0.2524,0.2644,0.2388
0.2448,0.2504,0.2656,0.2392
0.2448,0.2496,0.264,0.2416
0.2452,0.2488,0.2636,0.2424
0.2448,0.2492,0.2624,0.2436
0.2448,0.2496,0.2632,0.2424
0.2444,0.2496,0.2616,0.2444
0.2476,0.2456,0.262,0.2448
0.2464,0.2452,0.2624,0.246
0.2456,0.2444,0.2628,0.2472
0.2456,0.2436,0.2632,0.2476
0.2456,0.2424,0.264,0.248
0.2448,0.2424,0.2632,0.2496
0.246,0.242,0.2632,0.2488
0.2468,0.242,0.2612,0.25
0.2476,0.2428,0.2608,0.2488
0.2468,0.2424,0.2608,0.25
0.2472,0.242,0.2624,0.2484
0.2476,0.2404,0.2624,0.2496
0.248,0.2412,0.26,0.2508
0.2504,0.2408,0.2596,0.2492
0.2512,0.2408,0.2596,0.2484
0.2508,0.2392,0.2616,0.2484
0.2508,0.2396,0.262,0.2476
0.2492,0.2412,0.2628,0.2468
0.2504,0.24,0.262,0.2476
0.2496,0.2396,0.2628,0.248
0.2496,0.2404,0.2612,0.2488
0.2496,0.2416,0.2616,0.2472
0.2492,0.2416,0.2624,0.2468
0.2508,0.2412,0.262,0.246
0.25,0.2412,0.2636,0.2452
0.2488,0.2396,0.2656,0.246
0.2492,0.24,0.266,0.2448
0.2508,0.2372,0.2672,0.2448
0.2524,0.2364,0.2656,0.2456
0.2524,0.2372,0.264,0.2464
0.2528,0.2348,0.2664,0.246
0.2512,0.2336,0.2672,0.248
0.2504,0.2368,0.266,0.2468
0.2492,0.236,0.2664,0.2484
0.2496,0.2356,0.2656,0.2492
0.25,0.2348,0.2664,0.2488
0.2496,0.2364,0.2672,0.2468
0.2496,0.2356,0.2672,0.2476
0.25,0.2344,0.2684,0.2472
0.2484,0.2344,0.2696,0.2476
0.2476,0.234,0.2704,0.248
0.2472,0.2336,0.2696,0.2496
0.2468,0.2348,0.2688,0.2496
0.2476,0.2332,0.2696,0.2496
0.2472,0.234,0.268,0.2508
0.2468,0.234,0.2676,0.2516
0.248,0.2332,0.2664,0.2524
0.2456,0.2328,0.2676,0.254
0.2452,0.2304,0.2692,0.2552
0.246,0.232,0.2672,0.2548
0.2456,0.234,0.2676,0.2528
0.2456,0.2336,0.2688,0.252
0.2456,0.2332,0.2692,0.252
0.2448,0.2304,0.2696,0.2552
0.244,0.2304,0.2704,0.2552
0.2444,0.2312,0.2692,0.2552
0.244,0.232,0.2668,0.2572
0.244,0.2308,0.27,0.2552
0.2448,0.2308,0.2692,0.2552
0.244,0.232,0.2684,0.2556
0.2444,0.2324,0.2688,0.2544
0.2444,0.2316,0.268,0.256
0.2432,0.23,0.2696,0.2572
0.244,0.2296,0.27,0.2564
0.2432,0.2288,0.2716,0.2564
0.2428,0.2288,0.272,0.2564
0.244,0.2304,0.2716,0.254
0.2452,0.23,0.2724,0.2524
0.244,0.2324,0.27,0.2536
0.2444,0.2304,0.27,0.2552
0.2428,0.2324,0.2704,0.2544
0.2404,0.2324,0.2716,0.2556
0.2408,0.234,0.2696,0.2556
0.2412,0.2348,0.2688,0.2552
0.2412,0.2344,0.27,0.2544
0.2408,0.2324,0.2728,0.254
0.242,0.2324,0.2716,0.254
0.2416,0.2332,0.2704,0.2548
0.2412,0.234,0.2708,0.254
0.2432,0.2348,0.2684,0.2536
0.242,0.2348,0.2676,0.2556
0.2424,0.2348,0.2668,0.256
0.2436,0.2352,0.2656,0.2556
0.2444,0.2336,0.268,0.254
0.2428,0.2332,0.2688,0.2552
0.2416,0.2332,0.2684,0.2568
0.2396,0.2324,0.2696,0.2584
0.2376,0.2316,0.2716,0.2592
0.2372,0.2316,0.2708,0.2604
0.2388,0.2304,0.27,0.2608
0.2388,0.2304,0.2696,0.2612
0.2388,0.2296,0.2704,0.2612
0.2388,0.23,0.2712,0.26
0.2388,0.2308,0.27,0.2604
0.2376,0.2308,0.27,0.2616
0.2364,0.2312,0.2692,0.2632
0.2372,0.2308,0.2696,0.2624
0.2392,0.2316,0.268,0.2612
0.2388,0.2328,0.268,0.2604
0.2388,0.234,0.2676,0.2596
0.2412,0.2344,0.2656,0.2588
0.242,0.2336,0.2652,0.2592
0.2432,0.2328,0.264,0.26
0.2424,0.232,0.2636,0.262
0.2408,0.234,0.2628,0.2624
0.2408,0.2352,0.264,0.26
0.2424,0.236,0.264,0.2576
0.2412,0.2372,0.264,0.2576
0.2432,0.236,0.2644,0.2564
0.246,0.236,0.2652,0.2528
0.2452,0.2368,0.2656,0.2524
0.2432,0.2376,0.264,0.2552
0.242,0.24,0.2628,0.2552
0.2436,0.24,0.2624,0.254
0.2444,0.2408,0.2612,0.2536
0.244,0.2408,0.2612,0.254
0.2448,0.2392,0.2608,0.2552
0.2424,0.2404,0.2632,0.254
0.2432,0.2424,0.2604,0.254
0.2436,0.2428,0.2588,0.2548
0.244,0.2424,0.2572,0.2564
0.2452,0.244,0.256,0.2548
0.2468,0.2444,0.2564,0.2524
0.248,0.244,0.256,0.252
0.2472,0.2444,0.254,0.2544
0.246,0.2448,0.2548,0.2544
0.2472,0.2432,0.256,0.2536
0.248,0.2444,0.2544,0.2532
0.2488,0.2416,0.2548,0.2548
0.2504,0.24,0.2556,0.254
0.2532,0.2392,0.2528,0.2548
0.2516,0.2412,0.2536,0.2536
0.2536,0.242,0.2512,0.2532
0.2524,0.2424,0.2528,0.2524
0.2524,0.2424,0.2528,0.2524
0.2536,0.2428,0.2524,0.2512
0.2528,0.2432,0.252,0.252
0.2516,0.2424,0.2532,0.2528
0.2524,0.2452,0.2504,0.252
0.252,0.2452,0.2492,0.2536
0.2528,0.2452,0.2484,0.2536
0.2544,0.244,0.2468,0.2548
0.2524,0.2444,0.2468,0.2564
0.2516,0.2444,0.2476,0.2564
0.2504,0.246,0.2488,0.2548
0.2516,0.244,0.248,0.2564
0.2512,0.2452,0.2468,0.2568
0.2504,0.244,0.2476,0.258
0.2508,0.2468,0.2468,0.2556
0.2516,0.2468,0.246,0.2556
0.252,0.2456,0.2468,0.2556
0.252,0.2464,0.2472,0.2544
0.2516,0.2456,0.2496,0.2532
0.2516,0.2452,0.2504,0.2528
0.252,0.2468,0.2496,0.2516
0.2528,0.2468,0.2496,0.2508
0.254,0.2444,0.2488,0.2528
0.2552,0.2432,0.2492,0.2524
0.2564,0.2424,0.2476,0.2536
0.256,0.2444,0.2472,0.2524
0.2564,0.2448,0.2468,0.252
0.258,0.2436,0.2468,0.2516
0.2556,0.246,0.2464,0.252
0.2552,0.2468,0.2472,0.2508
0.2544,0.2464,0.2464,0.2528
0.2528,0.25,0.2448,0.2524
0.2512,0.2488,0.2448,0.2552
0.2524,0.2484,0.2456,0.2536
0.2524,0.2476,0.2456,0.2544
0.2532,0.2472,0.2444,0.2552
0.252,0.2468,0.2448,0.2564
0.2524,0.2464,0.2456,0.2556
0.2508,0.2456,0.2464,0.2572
0.2496,0.2444,0.248,0.258
0.248,0.2452,0.248,0.2588
0.2516,0.2444,0.2468,0.2572
0.252,0.2452,0.2464,0.2564
0.2528,0.2432,0.246,0.258
