R,A,S,N
0.0,0.0,1.0,0.0
0.0,0.0,1.0,0.0
0.0,0.0,1.0,0.0
0.0,0.0,0.875,0.125
0.0,0.07692307692307693,0.9230769230769231,0.0
0.045454545454545456,0.045454545454545456,0.9090909090909091,0.0
0.058823529411764705,0.029411764705882353,0.9117647058823529,0.0
0.02040816326530612,0.02040816326530612,0.9591836734693877,0.0
0.014084507042253521,0.014084507042253521,0.9577464788732394,0.014084507042253521
0.0,0.009433962264150943,0.9716981132075472,0.018867924528301886
0.02112676056338028,0.007042253521126761,0.9647887323943662,0.007042253521126761
0.0335195530726257,0.00558659217877095,0.9553072625698324,0.00558659217877095
0.043478260869565216,0.004347826086956522,0.9347826086956522,0.017391304347826087
0.0528169014084507,0.007042253521126761,0.9190140845070423,0.02112676056338028
0.06321839080459771,0.005747126436781609,0.9137931034482759,0.017241379310344827
0.07090464547677261,0.004889975550122249,0.9070904645476773,0.017114914425427872
0.0865979381443299,0.004123711340206186,0.8927835051546392,0.016494845360824743
0.09615384615384616,0.005244755244755245,0.8828671328671329,0.015734265734265736
0.103397341211226,0.007385524372230428,0.8670605612998523,0.022156573116691284
0.10128205128205128,0.007692307692307693,0.8717948717948718,0.019230769230769232
0.10961968680089486,0.011185682326621925,0.8635346756152126,0.015659955257270694
0.1232741617357002,0.009861932938856016,0.8471400394477318,0.01972386587771203
0.1258741258741259,0.015734265734265736,0.833916083916084,0.024475524475524476
0.1365079365079365,0.015873015873015872,0.8214285714285714,0.02619047619047619
0.1430646332607117,0.01597676107480029,0.8184458968772694,0.02251270878721859
0.14807436918990705,0.019256308100929615,0.8094289508632138,0.023240371845949535
0.1517199017199017,0.02027027027027027,0.8065110565110565,0.0214987714987715
0.15472779369627507,0.024068767908309457,0.7988538681948424,0.022349570200573064
0.1603671706263499,0.02429805615550756,0.7915766738660908,0.023758099352051837
0.16920731707317074,0.024898373983739838,0.7815040650406504,0.024390243902439025
0.17454194792671165,0.02700096432015429,0.7733847637415622,0.02507232401157184
0.1833718244803695,0.026327944572748268,0.7644341801385681,0.025866050808314087
0.184070796460177,0.02566371681415929,0.7623893805309735,0.027876106194690265
0.18547008547008548,0.026495726495726495,0.7602564102564102,0.027777777777777776
0.18982060909470172,0.027117229870671673,0.7530246141009596,0.030037546933667083
0.18888888888888888,0.028395061728395062,0.754320987654321,0.028395061728395062
0.19133278822567457,0.03025347506132461,0.7489779231398201,0.029435813573180702
0.19099756690997566,0.031224655312246552,0.7489862124898621,0.02879156528791565
0.19230769230769232,0.031578947368421054,0.745748987854251,0.030364372469635626
0.1923855812069664,0.0319967598217902,0.7440259214256784,0.031591737545565005
0.1889382317319338,0.03310456197012515,0.746063786838918,0.03189341945902301
0.188587616349656,0.03197086199919061,0.7478753541076487,0.03156616754350466
0.18851132686084143,0.03357605177993527,0.7427184466019418,0.03519417475728155
0.1894184168012924,0.034329563812600966,0.7411147011308562,0.035137318255250405
0.18666666666666668,0.03636363636363636,0.7406060606060606,0.03636363636363636
0.1863102470635885,0.03847711624139328,0.7371405427298502,0.038072093965168086
0.18666666666666668,0.04,0.7353535353535353,0.03797979797979798
0.18603712671509282,0.04317998385794996,0.7320419693301049,0.0387409200968523
0.18575475515985432,0.045730473492513156,0.7284500202347228,0.040064751112909754
0.18350848827809216,0.046079223928860144,0.7283751010509296,0.04203718674211803
0.1836569579288026,0.04733009708737864,0.7281553398058253,0.04085760517799353
0.18336025848142165,0.046849757673667204,0.7277867528271406,0.0420032310177706
0.18211120064464142,0.04633360193392425,0.7296535052377116,0.041901692183722805
0.18174474959612277,0.047253634894991924,0.7294022617124394,0.04159935379644588
0.18170781060299473,0.045730473492513156,0.7296641036017807,0.042897612302711455
0.18229587712206952,0.04729183508488278,0.7271624898949071,0.043249797898140666
0.18222222222222223,0.04808080808080808,0.7256565656565657,0.04404040404040404
0.1802020202020202,0.048484848484848485,0.7268686868686869,0.044444444444444446
0.18016928657799275,0.05078597339782346,0.7230955259975816,0.045949214026602174
0.1802020202020202,0.050505050505050504,0.7228282828282828,0.046464646464646465
0.18122977346278318,0.05339805825242718,0.7188511326860841,0.046521035598705504
0.18071312803889789,0.0547001620745543,0.715964343598055,0.04862236628849271
0.1821486268174475,0.05694668820678514,0.7124394184168013,0.048465266558966075
0.1813765182186235,0.058299595141700404,0.7133603238866397,0.04696356275303644
0.1808252427184466,0.059870550161812294,0.709546925566343,0.04975728155339806
0.1820388349514563,0.05906148867313916,0.7079288025889967,0.050970873786407765
0.18126766249495357,0.059345983044004846,0.707710940654017,0.051675413807024624
0.18218460298266828,0.05965336557839581,0.705763804917372,0.05239822652156389
0.18090249798549557,0.062449637389202256,0.7042707493956487,0.052377115229653506
0.18383838383838383,0.06343434343434344,0.7018181818181818,0.05090909090909091
0.18134087237479807,0.06704361873990307,0.7003231017770598,0.051292407108239096
0.18181818181818182,0.0694949494949495,0.696969696969697,0.05171717171717172
0.1800890327802509,0.06758397409955484,0.698502630513962,0.053824362606232294
0.18133874239350914,0.07018255578093306,0.6949290060851927,0.05354969574036511
0.1813765182186235,0.07206477732793522,0.6939271255060728,0.05263157894736842
0.1796116504854369,0.07402912621359223,0.6937702265372169,0.052588996763754045
0.1783542764491285,0.07580056749087961,0.6947709768950142,0.0510741791649777
0.17871649065800163,0.07636068237205523,0.6965881397238017,0.04833468724614135
0.1782538399353274,0.07639450282942603,0.6976556184316896,0.047696038803556995
0.1802020202020202,0.07555555555555556,0.6945454545454546,0.0496969696969697
0.1795703283340089,0.07498986623429266,0.697203080664775,0.04823672476692339
0.17978896103896103,0.07670454545454546,0.6919642857142857,0.05154220779220779
0.1778768233387358,0.07617504051863858,0.6936790923824959,0.05226904376012966
0.17891760904684975,0.0795638126009693,0.688610662358643,0.05290791599353797
0.1783542764491285,0.0790433725172274,0.6890960680989056,0.053506282934738546
0.17942486836776023,0.0793843661401377,0.688537869582827,0.05265289590927501
0.18060064935064934,0.07913961038961038,0.6883116883116883,0.05194805194805195
0.18067906224737268,0.07801131770412288,0.6895715440582053,0.05173807599029911
0.18299595141700406,0.07773279352226721,0.6886639676113361,0.05060728744939271
0.1829907295445385,0.07859733978234583,0.686819830713422,0.051592099959693674
0.18222222222222223,0.0795959595959596,0.6864646464646464,0.05171717171717172
0.18284789644012944,0.07807443365695793,0.6852750809061489,0.05380258899676375
0.18133874239350914,0.08113590263691683,0.6847870182555781,0.05273833671399594
0.17875962707742196,0.08269152817186867,0.6850425618159708,0.053506282934738546
0.17906224737267584,0.08528698464025869,0.683104284559418,0.05254648342764753
0.1783980582524272,0.08616504854368932,0.6812297734627831,0.054207119741100325
0.1778768233387358,0.08711507293354943,0.6827390599675851,0.05226904376012966
0.17656565656565656,0.08848484848484849,0.6824242424242424,0.052525252525252523
0.1766612641815235,0.08954619124797407,0.6827390599675851,0.051053484602917344
0.17454545454545456,0.09171717171717171,0.6824242424242424,0.05131313131313131
0.1739482200647249,0.09344660194174757,0.6816343042071198,0.050970873786407765
0.17380759902991108,0.09539207760711399,0.6802748585286985,0.05052546483427647
0.17585089141004862,0.09643435980551053,0.6786871961102107,0.049027552674230146
0.1755663430420712,0.09506472491909385,0.6812297734627831,0.04813915857605178
0.1746866154468257,0.0950262838657501,0.6833805095026284,0.046906591184795794
0.17428224828143954,0.09543065103113627,0.6825717751718561,0.04771532551556813
0.17403651115618662,0.09533468559837728,0.6827586206896552,0.04787018255578093
0.1748082357690755,0.09487283003633427,0.682276947920872,0.04804198627371821
0.1734735139506672,0.09704811969268096,0.6817630408410837,0.04771532551556813
0.1717049576783555,0.09875050382910117,0.6803708182184603,0.04917372027408303
0.17185604528912252,0.09947432268499798,0.6773150020218358,0.05135463000404367
0.17266477961989488,0.101900525677315,0.6769106348564496,0.04852405984634048
0.17219078415521422,0.10226354082457559,0.675424413904608,0.050121261115602264
0.17400080742834073,0.10173597093257973,0.6750100928542592,0.04925312878482035
0.17281947261663286,0.10425963488843813,0.6750507099391481,0.04787018255578093
0.17255379618351604,0.10475030450669914,0.6743808363784003,0.04831506293138449
0.1736139214892756,0.10643464184540671,0.6709834075273169,0.04896802913800081
0.17239983812221774,0.10724403075677863,0.6721974908943747,0.04815864022662889
0.17306914678528104,0.10917913465426607,0.6716538617064295,0.046097856854023456
0.17400080742834073,0.10859911182882519,0.6689543802987485,0.04844570044408559
0.17637540453074432,0.10720064724919094,0.6666666666666666,0.04975728155339806
0.17709179528838342,0.10722989439480098,0.6653127538586515,0.050365556458164096
0.17778681855166803,0.10699755899104964,0.6663954434499593,0.04882017900732303
0.17816558441558442,0.1075487012987013,0.6659902597402597,0.048295454545454544
0.1744233104006475,0.11210036422501012,0.6653176851477135,0.04815864022662889
0.17408906882591094,0.11417004048582996,0.6635627530364372,0.04817813765182186
0.17354368932038836,0.11407766990291263,0.6642394822006472,0.04813915857605178
0.17327935222672064,0.11659919028340081,0.6619433198380567,0.04817813765182186
0.17160243407707912,0.11561866125760649,0.6640973630831642,0.0486815415821501
0.1737891737891738,0.1168091168091168,0.6634106634106635,0.04599104599104599
0.1720647773279352,0.11902834008097166,0.6643724696356276,0.044534412955465584
0.17017828200972449,0.11952998379254456,0.663290113452188,0.04700162074554295
0.16991078669910786,0.11881589618815896,0.6650446066504461,0.046228710462287104
0.16936135812449474,0.11883589329021826,0.6653193209377526,0.04648342764753436
0.16828478964401294,0.12014563106796117,0.6658576051779935,0.04571197411003236
0.16984191325496553,0.12038913660316174,0.6643696797730037,0.04539927036886907
0.16902547513141933,0.12050141528507885,0.6631621512333199,0.04731095835018197
0.16572123176661263,0.1219611021069692,0.6665316045380876,0.04578606158833063
0.1651153379198705,0.12181303116147309,0.6689599352488871,0.04411169566976932
0.16734033953112368,0.1200485044462409,0.6689571544058205,0.043654001616814875
0.1656541109761037,0.12191170514378291,0.6682867557715675,0.04414742810854597
0.16605913325232888,0.12150668286755771,0.6699068448764682,0.0425273390036452
0.16889971579374746,0.1218026796589525,0.6658546488022736,0.04344295574502639
0.16538305634373734,0.12363194162950952,0.6659910822861775,0.0449939197405756
0.16410048622366288,0.12520259319286872,0.666936790923825,0.04376012965964344
0.16314076484947113,0.12530512611879577,0.6708706265256306,0.04068348250610252
0.16308316430020284,0.12657200811359026,0.6713995943204868,0.03894523326572008
0.1659247268312424,0.12464589235127478,0.669364629704573,0.040064751112909754
0.16363636363636364,0.12525252525252525,0.6703030303030303,0.04080808080808081
0.16220600162206,0.12652068126520682,0.6719383617193836,0.03933495539334955
0.16261151662611517,0.12489862124898621,0.6743714517437145,0.038118410381184104
0.16038882138517618,0.1267719724584852,0.6763872012960713,0.03645200486026731
0.16098945660989455,0.1281427412814274,0.6743714517437145,0.0364963503649635
0.1594496155402671,0.13071630918656416,0.6734115742614326,0.036422501011736136
0.15974183138362244,0.1319080274304155,0.6712384025816862,0.03711173860427592
0.15821256038647344,0.1320450885668277,0.6723027375201288,0.03743961352657005
0.1587687322802754,0.1320372620494127,0.6735520453624949,0.03564196030781693
0.15768139440616133,0.13254965545196595,0.6728820429671666,0.03688690717470612
0.15727604377786786,0.131738954195379,0.6728820429671666,0.03810295905958654
0.1603735282176208,0.13235891189606172,0.6723507917174177,0.034916768168899714
0.16174686615446826,0.13263243024666396,0.670845127375657,0.034775576223210675
0.16113360323886639,0.13157894736842105,0.6732793522267206,0.0340080971659919
0.16349656009712668,0.1311210036422501,0.6717927964386888,0.03358963982193444
0.16437246963562754,0.12995951417004048,0.6740890688259109,0.031578947368421054
0.16552557390253725,0.13290374546919048,0.6709625453080951,0.030608135320177206
0.16585956416464892,0.13236481033091202,0.6711057304277643,0.03066989507667474
0.16404040404040404,0.13414141414141414,0.6698989898989899,0.03191919191919192
0.16275303643724695,0.13481781376518218,0.6716599190283401,0.03076923076923077
0.16080808080808082,0.13777777777777778,0.6678787878787878,0.033535353535353536
0.16006467259498788,0.13904607922392886,0.6685529506871464,0.03233629749393695
0.1611470113085622,0.1381260096930533,0.6684168012924071,0.03231017770597738
0.15910931174089069,0.13724696356275304,0.6716599190283401,0.031983805668016195
0.15791599353796446,0.13731825525040386,0.6732633279483037,0.03150242326332795
0.1583198707592892,0.13651050080775445,0.6740710823909531,0.031098546042003232
0.15834348355663824,0.13804303694681283,0.6731628095818109,0.030450669914738125
0.1590909090909091,0.1387987012987013,0.6724837662337663,0.029626623376623376
0.15683104284559418,0.13823767178658045,0.673807599029911,0.03112368633791431
0.15702144880615135,0.13840550384459732,0.6721974908943747,0.03237555645487657
0.1565040650406504,0.13821138211382114,0.6752032520325203,0.03008130081300813
0.15783083771752326,0.1388101983002833,0.6721974908943747,0.031161473087818695
0.15821501014198783,0.13630831643002028,0.6738336713995943,0.031643002028397565
0.15857605177993528,0.13632686084142395,0.6727346278317152,0.032362459546925564
0.15755366545159985,0.1385176184690158,0.6719319562575942,0.0319967598217902
0.15555555555555556,0.13818181818181818,0.6743434343434344,0.03191919191919192
0.1549410329402196,0.13745424969499798,0.6762911752745018,0.0313135420902806
0.15188335358444716,0.14054272985014177,0.675577156743621,0.0319967598217902
0.15181115181115182,0.1396011396011396,0.6764346764346765,0.032153032153032154
0.15231519090170592,0.1397238017871649,0.6770917952883835,0.030869212022745736
0.15225334957369063,0.14047909053999189,0.6755988631749898,0.031668696711327646
0.15241183623834617,0.14025131738954194,0.6769355492501014,0.030401297122010538
0.15375253549695742,0.13711967545638945,0.6791075050709939,0.03002028397565923
0.15334947538337368,0.13720742534301855,0.6779661016949152,0.031476997578692496
0.151637687019814,0.13708046906591184,0.6793368378487666,0.03194500606550748
0.14967637540453074,0.13794498381877024,0.6816343042071198,0.030744336569579287
0.1500202183582693,0.13667610190052568,0.6789324706833805,0.0343712090578245
0.14772727272727273,0.13474025974025974,0.6834415584415584,0.03409090909090909
0.14708265802269044,0.13695299837925445,0.6815235008103727,0.034440842787682335
0.1482828282828283,0.13535353535353536,0.6824242424242424,0.03393939393939394
0.14690408741400243,0.1339538648320518,0.6863617968433833,0.032780250910562525
0.14591754244139046,0.13500404203718674,0.6867421180274859,0.03233629749393695
0.14638091386979377,0.1378892033966842,0.6817630408410837,0.033966841892438336
0.1469519580137263,0.13887767460637868,0.6786435203875656,0.03552684699232943
0.14696356275303643,0.1396761133603239,0.6793522267206478,0.0340080971659919
0.14736842105263157,0.14048582995951417,0.6761133603238867,0.03603238866396761
0.14708265802269044,0.14059967585089142,0.6742301458670988,0.03808752025931929
0.14718964820056613,0.14233724221593205,0.6740800646987465,0.03639304488475536
0.14633157681394407,0.14308877178759627,0.6765301986218079,0.034049452776651806
0.14580801944106925,0.1445929526123937,0.6743620899149453,0.03523693803159174
0.14557988645579886,0.1467964314679643,0.6739659367396593,0.033657745336577456
0.14534412955465587,0.14736842105263157,0.6700404858299596,0.03724696356275304
0.1454619124797407,0.146677471636953,0.6717990275526742,0.03606158833063209
0.1465692245229395,0.14453917986195697,0.6723507917174177,0.03654080389768575
0.14569805194805194,0.1444805194805195,0.672077922077922,0.037743506493506496
0.14476885644768855,0.145985401459854,0.6727493917274939,0.0364963503649635
0.1447634452082491,0.14840274969672462,0.6704407602102709,0.03639304488475536
0.145748987854251,0.14777327935222673,0.6720647773279352,0.03441295546558704
0.1452853095912586,0.14973694860380413,0.6721974908943747,0.032780250910562525
0.14401294498381878,0.15169902912621358,0.6707119741100324,0.03357605177993527
0.14372224465078726,0.1526039563988696,0.670569236980218,0.03310456197012515
0.1436084142394822,0.154126213592233,0.6694983818770227,0.032766990291262135
0.14147130153597412,0.15521422797089734,0.6693613581244947,0.03395311236863379
0.14291514413317094,0.15225334957369063,0.6707267559886317,0.0341047503045067
0.1445929526123937,0.15147833130822194,0.6719319562575942,0.0319967598217902
0.14326183731282882,0.1529745042492918,0.6713881019830028,0.03237555645487657
0.14204775394577093,0.1537838931606637,0.6709834075273169,0.03318494536624848
0.1421628189550425,0.15552855407047386,0.6711219117051438,0.031186715269339815
0.14447592067988668,0.15540267098340751,0.6681505463375151,0.03197086199919061
0.14621304171729446,0.1543134872417983,0.6662616443904414,0.03321182665046578
0.14540299716484406,0.15228837586067234,0.6703118671526934,0.0319967598217902
0.1474151857835218,0.15105008077544427,0.6692245557350566,0.03231017770597738
0.14814814814814814,0.1501610305958132,0.6694847020933977,0.0322061191626409
0.1481181707810603,0.14771347632537435,0.669364629704573,0.03480372318899231
0.14841849148418493,0.14841849148418493,0.6682887266828873,0.034874290348742905
0.14929006085192698,0.14726166328600407,0.6685598377281947,0.03488843813387424
0.14841849148418493,0.14639091646390917,0.6715328467153284,0.033657745336577456
0.14963503649635038,0.14882400648824007,0.6678832116788321,0.033657745336577456
0.1503850830968788,0.15079043372517228,0.6668017835427645,0.032022699635184435
0.150951031970862,0.14852286523674627,0.6681505463375151,0.03237555645487657
0.15085158150851583,0.14720194647201945,0.6690997566909975,0.032846715328467155
0.14852286523674627,0.1501416430594901,0.6681505463375151,0.03318494536624848
0.14913341394598953,0.1523579201934704,0.6654574768238614,0.03305118903667876
0.14921148402749695,0.15244642135058634,0.6655883542256369,0.032753740396279825
0.14823815309842042,0.1543134872417983,0.6654515998379911,0.0319967598217902
0.14742810854597002,0.15309842041312272,0.6670716889428918,0.03240178209801539
0.15052461662631153,0.1509281678773204,0.66545601291364,0.033091202582728005
0.15018167137666533,0.1526039563988696,0.6637060960839726,0.03350827614049253
0.14957438184029184,0.15362788812322659,0.6631536278881233,0.03364410214835833
0.14945321992709598,0.1535034426893479,0.6642365330093155,0.032806804374240585
0.14744110479285133,0.15353371242891958,0.6673436230706743,0.03168155970755483
0.15024232633279483,0.15145395799676897,0.6680129240710824,0.030290791599353797
0.1503030303030303,0.1507070707070707,0.667070707070707,0.03191919191919192
0.15204205418520017,0.14921148402749695,0.6668014557217954,0.03194500606550748
0.1544058205335489,0.14874696847210994,0.666127728375101,0.030719482619240096
0.1528507885159725,0.14961585119288315,0.6672058228871816,0.0303275374039628
0.15139281388776746,0.15139281388776746,0.6661283811061768,0.03108599111828825
0.15088996763754045,0.15210355987055016,0.6670711974110033,0.029935275080906147
0.15044606650446066,0.15531224655312248,0.6662611516626115,0.027980535279805353
0.14953647722692462,0.15638855300282145,0.6662636033857315,0.02781136638452237
0.150951031970862,0.15459328207203563,0.6661270740590854,0.028328611898016998
0.15085158150851583,0.154095701540957,0.6650446066504461,0.030008110300081103
0.15125709651257097,0.1516626115166261,0.6666666666666666,0.030413625304136254
0.1512333198544278,0.15608572583906186,0.6631621512333199,0.029518803073190457
0.15256980979360582,0.15499797652772157,0.6624848239579118,0.029947389720760824
0.15157639450282942,0.15521422797089734,0.6628940986257074,0.030315278900565887
0.15235008103727715,0.1527552674230146,0.6657212317666127,0.029173419773095625
0.15256980979360582,0.15135572642654796,0.6669364629704573,0.02913800080938891
0.15204205418520017,0.151637687019814,0.66841892438334,0.027901334411645773
0.15036378334680678,0.15521422797089734,0.6657235246564268,0.02869846402586904
0.15313131313131312,0.15313131313131312,0.6638383838383838,0.0298989898989899
0.15372168284789645,0.15372168284789645,0.6634304207119741,0.02912621359223301
0.15256980979360582,0.15337919870497774,0.6636989073249696,0.030352084176446782
0.151417004048583,0.1522267206477733,0.6680161943319838,0.02834008097165992
0.14941128704831505,0.15225334957369063,0.6703207470564353,0.028014616321559074
0.1503850830968788,0.15079043372517228,0.6696392379408188,0.029185245237130116
0.1518578352180937,0.1538772213247173,0.6680129240710824,0.026252019386106624
0.15266558966074315,0.15306946688206785,0.6688206785137318,0.02544426494345719
0.1500202183582693,0.15244642135058634,0.672866963202588,0.02466639708855641
0.14894480519480519,0.15137987012987014,0.6761363636363636,0.02353896103896104
0.14805825242718446,0.15048543689320387,0.6763754045307443,0.025080906148867314
0.14897052886556317,0.14977795720629794,0.6758175211949939,0.025433992733144933
0.1489275596924322,0.15054633751517604,0.6746256576284905,0.025900445163901255
0.1482828282828283,0.15393939393939393,0.6707070707070707,0.02707070707070707
0.14678528103517993,0.15406389001213103,0.6724625960372018,0.02668823291548726
0.14672594987873888,0.15642683912691996,0.6697655618431689,0.027081649151172192
0.14718964820056613,0.15932066316215124,0.6680145572179539,0.02547513141932875
0.14620355411954766,0.16074313408723748,0.6680129240710824,0.025040387722132473
0.14591754244139046,0.16370250606305578,0.6657235246564268,0.02465642683912692
0.14314679643146797,0.16382806163828062,0.6678832116788321,0.025141930251419302
0.1415821501014199,0.1663286004056795,0.665314401622718,0.026774847870182555
0.14413317092976047,0.1664636622005684,0.6626065773447016,0.02679658952496955
0.14349412241588974,0.16822051074179165,0.6627482772598298,0.02553708958248885
0.14407467532467533,0.16883116883116883,0.6607142857142857,0.026379870129870128
0.14384116693679092,0.17098865478119935,0.6608589951377634,0.024311183144246355
0.14465664364079642,0.1694433157253149,0.6611133685493702,0.02478667208451849
0.14615384615384616,0.1720647773279352,0.6574898785425102,0.024291497975708502
0.14650974025974026,0.169237012987013,0.6599025974025974,0.024350649350649352
0.14672594987873888,0.16895715440582054,0.6588520614389652,0.025464834276475345
0.14807302231237324,0.16795131845841785,0.6600405679513185,0.023935091277890466
0.14614452967299152,0.17198223657650383,0.6564392410173597,0.025433992733144933
0.1467964314679643,0.1711273317112733,0.656934306569343,0.025141930251419302
0.14799838253133846,0.17104731095835018,0.6558835422563688,0.02507076425394258
0.14638091386979377,0.17104731095835018,0.6570966437525273,0.02547513141932875
0.14718964820056613,0.17266477961989488,0.6550748079255965,0.02507076425394258
0.14915117219078416,0.17623282134195634,0.6511721907841552,0.023443815683104285
0.14684466019417475,0.17920711974110032,0.6496763754045307,0.024271844660194174
0.1445344129554656,0.17894736842105263,0.6518218623481782,0.024696356275303644
0.14395782643957827,0.17802108678021086,0.6524736415247364,0.025547445255474453
0.14436334144363341,0.18045417680454176,0.648418491484185,0.0267639902676399
0.14291514413317094,0.18351603735282176,0.6492082825822169,0.024360535931790498
0.14285714285714285,0.18181818181818182,0.6497564935064936,0.02556818181818182
0.14557217953902143,0.18358269308532146,0.6437525272947837,0.027092600080873434
0.1459262261856506,0.1828131333603567,0.6453182002432104,0.025942440210782326
0.14603559870550162,0.18284789644012944,0.6440129449838188,0.027103559870550162
0.1458670988654781,0.18354943273905996,0.6434359805510534,0.027147487844408427
0.1454619124797407,0.1851701782820097,0.6426256077795786,0.02674230145867099
0.14331983805668017,0.1874493927125506,0.6437246963562753,0.025506072874493926
0.14198782961460446,0.18620689655172415,0.6462474645030426,0.025557809330628803
0.14297286350749291,0.1867152693398137,0.6452004860267315,0.025111381125961927
0.14320388349514562,0.18567961165048544,0.6452265372168284,0.025889967637540454
0.14152473641524738,0.1873479318734793,0.6435523114355232,0.027575020275750203
0.1384238464679461,0.18824009799918334,0.6459779501837485,0.02735810534912209
0.13978057700121901,0.1909792767167818,0.6428281186509549,0.02641202763104429
0.13908092720618137,0.19032126880845873,0.6445709638064254,0.026026840178934526
0.13628966639544346,0.19609438567941415,0.6427990235964198,0.02481692432872254
0.1359026369168357,0.19675456389452334,0.6438133874239351,0.023529411764705882
0.1338486574450773,0.19528071602929212,0.646053702196908,0.02481692432872254
0.13630831643002028,0.19391480730223123,0.6454361054766734,0.02434077079107505
0.13746958637469586,0.19424168694241686,0.6443633414436334,0.023925385239253853
0.13776337115072934,0.19611021069692058,0.6426256077795786,0.023500810372771474
0.13809910641754672,0.1957757920389927,0.6445978878960195,0.021527213647441104
0.1389678992279561,0.1950426655830963,0.6456724908573751,0.02031694433157253
0.1377075739165654,0.19400567031186716,0.6468205751316323,0.021466180639935196
0.1381260096930533,0.1934571890145396,0.6449919224555735,0.023424878836833602
0.1388663967611336,0.19271255060728745,0.6473684210526316,0.021052631578947368
0.1388101983002833,0.19344394981788748,0.6458923512747875,0.021853500607041682
0.1378192136197811,0.19497365220916094,0.6445074989866234,0.022699635184434536
0.13662085691188358,0.19563459983831852,0.6463217461600647,0.021422797089733225
0.13479496548924078,0.1952902963865205,0.6488022736500203,0.021112464474218433
0.13357693869265125,0.19732034104750304,0.6488022736500203,0.020300446609825416
0.1349045103616416,0.1999187322226737,0.646485168630638,0.018691588785046728
0.13459983831851252,0.20250606305578012,0.6418755052546483,0.021018593371059015
0.13381995133819952,0.20519059205190593,0.6415247364152473,0.019464720194647202
0.13209076175040518,0.206645056726094,0.6414100486223663,0.01985413290113452
0.1320372620494127,0.20615633859862292,0.6407452409882544,0.021061158363710003
0.13230519480519481,0.2077922077922078,0.6387987012987013,0.021103896103896104
0.1312803889789303,0.2094813614262561,0.6377633711507293,0.02147487844408428
0.13184584178498987,0.20933062880324543,0.636105476673428,0.022718052738336714
0.1320372620494127,0.20980153908464966,0.6354799513973268,0.022681247468610773
0.13163223977318753,0.20818144997974888,0.6366950182260024,0.023491292021061157
0.13092825293879207,0.2107823267126064,0.635589785164167,0.022699635184434536
0.12890149979732468,0.21199837859748683,0.636400486420754,0.022699635184434536
0.1293451899757478,0.2122069523039612,0.6341956345998383,0.024252223120452707
0.1312803889789303,0.21353322528363047,0.6308752025931929,0.024311183144246355
0.13179237631792376,0.21248986212489862,0.6313868613138686,0.024330900243309004
0.12875710804224208,0.21527213647441104,0.6311941510966693,0.024776604386677496
0.12879708383961117,0.21425678412312676,0.6326447954637505,0.024301336573511544
0.12810085400569338,0.21594143960959739,0.6319642130947539,0.023993493289955266
0.12880942706216986,0.2165786265745632,0.6318569687119058,0.022754977651361235
0.1295315682281059,0.21710794297352343,0.629735234215886,0.023625254582484725
0.12870483150629314,0.21762078765732845,0.6297198538367844,0.02395452699959399
0.12997562956945571,0.2164906580016247,0.6299756295694557,0.023558082859463852
0.13076923076923078,0.2174089068825911,0.6283400809716599,0.02348178137651822
0.12682333873581847,0.2171799027552674,0.6341166936790924,0.02188006482982172
0.12702265372168284,0.2156148867313916,0.6351132686084142,0.022249190938511326
0.12813257881972515,0.2154405820533549,0.6321746160064673,0.024252223120452707
0.12905844155844157,0.21387987012987014,0.6339285714285714,0.023133116883116884
0.1278409090909091,0.21347402597402598,0.6347402597402597,0.023944805194805196
0.12895377128953772,0.21451743714517438,0.6338199513381995,0.0227088402270884
0.1290453074433657,0.21844660194174756,0.6298543689320388,0.022653721682847898
0.13182369591589163,0.21714516781237364,0.6291953093408815,0.021835826930853213
0.13160032493907392,0.21364744110479286,0.6328188464662876,0.021933387489845652
0.13015095879232966,0.2146062831497348,0.6328029375764994,0.022439820481436147
0.12981744421906694,0.2150101419878296,0.6332657200811359,0.021906693711967545
0.12987012987012986,0.21631493506493507,0.6314935064935064,0.022321428571428572
0.13179237631792376,0.21330089213300893,0.6321978913219789,0.0227088402270884
0.13133360356708554,0.21321443048236724,0.6307255776246453,0.024726388325901905
0.12988599348534202,0.21416938110749187,0.631514657980456,0.024429967426710098
0.13290113452188007,0.21312803889789303,0.6284440842787682,0.025526742301458672
0.13172920065252855,0.2132952691680261,0.6309135399673735,0.02406199021207178
0.12988599348534202,0.21416938110749187,0.629071661237785,0.02687296416938111
0.12956945572705117,0.2164906580016247,0.6271324126726239,0.026807473598700244
0.1273393002441009,0.21806346623270953,0.629780309194467,0.02481692432872254
0.1284030881755384,0.2206420154408777,0.6273872409589598,0.023567655424624138
0.1274868047097036,0.22168087697929353,0.6272838002436053,0.023548518067397484
0.1277461350691619,0.22375915378356387,0.6236777868185517,0.02481692432872254
0.12753858651502845,0.22502030869212022,0.6246953696181966,0.022745735174654752
0.1260129659643436,0.2252836304700162,0.6260129659643436,0.022690437601296597
0.12115072933549433,0.2252836304700162,0.6284440842787682,0.025121555915721232
0.12144597887896019,0.22745735174654752,0.6263200649878148,0.024776604386677496
0.12240748271655144,0.22570150467669783,0.6287108580723871,0.023180154534363562
0.12275693311582382,0.22553017944535073,0.6292822185970636,0.022430668841761828
0.12240748271655144,0.22895485969906465,0.6258641724278162,0.02277348515656771
0.11986997155627793,0.2328321820398212,0.6241365298659082,0.023161316537992686
0.1185336048879837,0.23177189409368634,0.6272912423625254,0.02240325865580448
0.12022745735174654,0.23192526401299757,0.627944760357433,0.019902518277822908
0.12085691188358932,0.2324171382376718,0.6285367825383994,0.01818916734033953
0.12085691188358932,0.23403395311236863,0.6265157639450283,0.018593371059013743
0.12134740259740259,0.231737012987013,0.627435064935065,0.01948051948051948
0.12119983785974868,0.23307661126874746,0.627077421970004,0.018646128901499796
0.12110166059133252,0.23167274200081003,0.6281895504252734,0.019036046982584043
0.12064777327935222,0.23279352226720648,0.6275303643724697,0.01902834008097166
0.12170385395537525,0.23204868154158215,0.6267748478701826,0.01947261663286004
0.12195121951219512,0.23211382113821138,0.6268292682926829,0.019105691056910568
0.1224572823433686,0.2323026851098454,0.6232709519934907,0.021969080553295363
0.1230142566191446,0.23258655804480652,0.6252545824847251,0.019144602851323828
0.12378246753246754,0.2305194805194805,0.627435064935065,0.018262987012987012
0.1219611021069692,0.2313614262560778,0.6280388978930308,0.018638573743922204
0.12119983785974868,0.22902310498581271,0.6307255776246453,0.01905147952979327
0.12085691188358932,0.22958771220695232,0.6301535974130962,0.019401778496362168
0.12165450121654502,0.2278994322789943,0.6301703163017032,0.0202757502027575
0.12078080520536803,0.23098820658804392,0.6303375355835705,0.017893452623017485
0.12038913660316174,0.22983380624239969,0.6319416295095257,0.01783542764491285
0.12074554294975688,0.23014586709886548,0.63290113452188,0.01620745542949757
0.11938486442735735,0.22905706191825173,0.6353702954269527,0.016187778227438283
0.12043795620437957,0.22871046228710462,0.6354420113544201,0.015409570154095702
0.1190089358245329,0.22745735174654752,0.6380991064175467,0.015434606011372868
0.11891233766233766,0.231737012987013,0.6343344155844156,0.015016233766233766
0.11728896103896104,0.23295454545454544,0.6335227272727273,0.016233766233766232
0.11685667752442996,0.23208469055374592,0.6343648208469055,0.016693811074918567
0.11762311762311763,0.23443223443223443,0.6328856328856329,0.015059015059015059
0.12019425333872925,0.23148522865236745,0.6341562120598948,0.014164305949008499
0.12079448723145521,0.23023915687069316,0.635589785164167,0.013376570733684636
0.11800486618004866,0.23236009732360097,0.6358475263584753,0.013787510137875101
0.1173842404549147,0.2355808285946385,0.6340373679935012,0.012997562956945572
0.11552492906364005,0.23753546817997567,0.6315362788812323,0.015403323875152006
0.11448220064724919,0.23705501618122976,0.6326860841423948,0.015776699029126214
0.11490052781161185,0.23710921640276086,0.6329679252943565,0.015022330491270807
0.11511957843534658,0.23510336441021484,0.6327523307661127,0.017024726388325903
0.11418122714343763,0.23648923201950425,0.6322633075985372,0.017066233238520925
0.11327649208282582,0.23589118960617134,0.633373934226553,0.017458384084449857
0.11223662884927066,0.23824959481361427,0.6312803889789304,0.018233387358184763
0.11115618661257606,0.24056795131845843,0.6316430020283975,0.01663286004056795
0.11223662884927066,0.24311183144246354,0.6288492706645057,0.015802269043760128
0.11174089068825911,0.24251012145748987,0.6275303643724697,0.018218623481781375
0.11287048315062931,0.24035728786033292,0.6280958181079984,0.01867641088103938
0.11129229514879739,0.24092947411333063,0.6278026905829597,0.019975540154912354
0.11142857142857143,0.24,0.6285714285714286,0.02
0.11142625607779579,0.24027552674230146,0.6284440842787682,0.01985413290113452
0.11133685493701748,0.24055262088581877,0.629418935392117,0.018691588785046728
0.10948905109489052,0.24128142741281428,0.6285482562854826,0.02068126520681265
0.1112012987012987,0.2398538961038961,0.6298701298701299,0.019074675324675324
0.1130928252938792,0.2391568706931496,0.6299148763680583,0.01783542764491285
0.11242362525458248,0.2370672097759674,0.6309572301425662,0.019551934826883912
0.11056910569105691,0.2394308943089431,0.6304878048780488,0.01951219512195122
0.11237322515212982,0.23935091277890466,0.6283975659229208,0.019878296146044624
0.11314611314611314,0.23931623931623933,0.6292226292226292,0.018315018315018316
0.11359026369168357,0.23813387423935092,0.6296146044624746,0.018661257606490872
0.11390352655046615,0.2387515200648561,0.6274827725982975,0.019862180786380218
0.11359934853420195,0.23859934853420195,0.6286644951140065,0.019136807817589578
0.11454102355808286,0.239642567018684,0.6255077173030057,0.020308692120227456
0.11504065040650406,0.2443089430894309,0.6215447154471545,0.019105691056910568
0.11313868613138686,0.24452554744525548,0.6248986212489862,0.017437145174371452
0.11291632818846466,0.24654752233956134,0.6234768480909829,0.017059301380991064
0.11463414634146342,0.2491869918699187,0.6199186991869918,0.016260162601626018
0.11282467532467533,0.24959415584415584,0.6217532467532467,0.015827922077922076
0.11237322515212982,0.25030425963488845,0.621501014198783,0.015821501014198783
0.11160533764658309,0.2523251112009705,0.6190861302062273,0.016983420946219168
0.11205501618122977,0.2532362459546926,0.6181229773462783,0.016585760517799353
0.11241407197735544,0.2527294783663567,0.6182773958754549,0.016579053780832995
0.1126418152350081,0.2544570502431118,0.6154781199351702,0.017423014586709886
0.11327649208282582,0.25334957369062117,0.6167275680064962,0.01664636622005684
0.11486761710794298,0.25010183299389,0.6187372708757638,0.016293279022403257
0.1133768352365416,0.25203915171288743,0.6174551386623165,0.017128874388254486
0.11268747466558574,0.2525334414268342,0.6173490068909607,0.017430077016619375
0.11138211382113822,0.2528455284552846,0.6182926829268293,0.017479674796747967
0.11354420113544202,0.2522303325223033,0.6171938361719383,0.0170316301703163
0.11488673139158576,0.255663430420712,0.6128640776699029,0.016585760517799353
0.11476074614760746,0.25547445255474455,0.6139497161394971,0.015815085158150853
0.1128184391427416,0.2579862515163769,0.6126162555600485,0.016579053780832995
0.1112909753136382,0.2569809793605828,0.6159449615540267,0.01578308377175233
0.11192214111922141,0.25587996755879966,0.616382806163828,0.015815085158150853
0.11183144246353323,0.25486223662884927,0.61709886547812,0.01620745542949757
0.11323051948051949,0.257711038961039,0.6136363636363636,0.015422077922077922
0.11264741764945099,0.25864172427816184,0.615290768605124,0.013420089467263115
0.11403154063890013,0.2575818843509907,0.6146380913869793,0.013748483623129802
0.1130928252938792,0.2561815970814755,0.6161329550060802,0.014592622618565058
0.11390352655046615,0.2561815970814755,0.6145115524929063,0.015403323875152006
0.11363636363636363,0.25608766233766234,0.6128246753246753,0.0174512987012987
0.11210398050365557,0.25913891145410234,0.6116978066612511,0.017059301380991064
0.11255587159691183,0.259650548557497,0.6115400243803332,0.016253555465258026
0.11124694376528117,0.26079869600651995,0.6112469437652812,0.016707416462917686
0.11196754563894523,0.2616632860040568,0.6093306288032454,0.017038539553752535
0.11273317112733171,0.26520681265206814,0.6066504460665044,0.015409570154095702
0.11278501628664495,0.26547231270358307,0.6078990228013029,0.013843648208469055
0.11233211233211234,0.26902726902726903,0.6048026048026048,0.013838013838013839
0.11296221048354327,0.26899634295002034,0.6034132466477042,0.014628199918732222
0.11355311355311355,0.2661782661782662,0.6052096052096052,0.015059015059015059
0.1130928252938792,0.2695581678151601,0.6035670855289825,0.013781921361978111
0.11399594320486815,0.26855983772819475,0.6032454361054767,0.014198782961460446
0.11323051948051949,0.2690746753246753,0.6038961038961039,0.013798701298701298
0.1147142278070531,0.26793676530198623,0.603972436157276,0.013376570733684636
0.11382113821138211,0.2678861788617886,0.6032520325203252,0.015040650406504066
0.11057108140947752,0.2689347914135277,0.604293236127987,0.016200891049007696
0.11359026369168357,0.26734279918864096,0.6024340770791075,0.01663286004056795
0.11422764227642276,0.26707317073170733,0.6028455284552846,0.015853658536585366
0.11544715447154472,0.266260162601626,0.6024390243902439,0.015853658536585366
0.11386742578283855,0.2684017893452623,0.6010573403822692,0.01667344448962993
0.11219512195121951,0.26666666666666666,0.6044715447154472,0.016666666666666666
0.11255587159691183,0.26777732629012596,0.6030069077610727,0.016659894351889477
0.1128184391427416,0.26688232915487264,0.6016983420946219,0.01860088960776385
0.11391375101708706,0.26525630593978844,0.6037428803905615,0.01708706265256306
0.11318458417849898,0.2661257606490872,0.6032454361054767,0.01744421906693712
0.11210398050365557,0.2668562144597888,0.6019496344435419,0.019090170593013808
0.11169995923359152,0.2666123114553608,0.6021198532409294,0.01956787607011822
0.11187957689178193,0.26891781936533765,0.6013018714401953,0.01790073230268511
0.11197068403908794,0.2711726384364821,0.5997557003257329,0.01710097719869707
0.11070559610705596,0.2708840227088402,0.6013787510137875,0.0170316301703163
0.1134607564050427,0.2675884505896706,0.6030906872712485,0.015860105734038225
0.11313868613138686,0.2704785077047851,0.6013787510137875,0.015004055150040552
0.11505507955936352,0.27050183598531213,0.6005711954304366,0.0138718890248878
0.10985002026753142,0.27199027158492095,0.6035670855289825,0.014592622618565058
