R,A,S,N
0.0,0.0,0.0,1.0
0.0,0.3333333333333333,0.0,0.6666666666666666
0.0,0.42857142857142855,0.0,0.5714285714285714
0.0,0.42857142857142855,0.0,0.5714285714285714
0.0,0.42,0.0,0.58
0.0,0.4444444444444444,0.022222222222222223,0.5333333333333333
0.0,0.4413793103448276,0.041379310344827586,0.5172413793103449
0.00904977375565611,0.4434389140271493,0.05429864253393665,0.49321266968325794
0.01875,0.434375,0.071875,0.475
0.02288329519450801,0.42105263157894735,0.09382151029748284,0.4622425629290618
0.031413612565445025,0.39965095986038396,0.11343804537521815,0.45549738219895286
0.04229195088676671,0.3806275579809004,0.13096862210095497,0.4461118690313779
0.05408388520971302,0.36534216335540837,0.1467991169977925,0.4337748344370861
0.06307129798903108,0.3510054844606947,0.16087751371115175,0.4250457038391225
0.06774441878367975,0.33872209391839875,0.17859892224788299,0.4149345650500385
0.07279947054930509,0.33487756452680345,0.18795499669093316,0.4043679682329583
0.07155425219941348,0.33724340175953077,0.18944281524926687,0.40175953079178883
0.07423117709437964,0.33457051961823964,0.1914103923647932,0.3997879109225875
0.0784698381559588,0.3325159391858754,0.1902893575282001,0.3987248651299657
0.07844946931241348,0.329026303645593,0.1855099215505307,0.40701430549146284
0.0811645346272607,0.32730480811645346,0.1835024261138068,0.40802823114247905
0.08997867803837953,0.32110874200426437,0.18208955223880596,0.4068230277185501
0.09656029838375466,0.3133029423953585,0.18151678408619976,0.4086199751346871
0.10308441558441558,0.31006493506493504,0.17978896103896103,0.4070616883116883
0.1103088648215002,0.3064580826313678,0.17649418371440032,0.40673886883273164
0.1116,0.306,0.1772,0.4052
0.1128,0.3052,0.1784,0.4036
0.1156,0.3048,0.18,0.3996
0.1176,0.3032,0.1812,0.398
0.1176,0.304,0.1812,0.3972
0.1192,0.304,0.1812,0.3956
0.1216,0.302,0.184,0.3924
0.124,0.3004,0.1852,0.3904
0.1252,0.3004,0.1856,0.3888
0.1264,0.3012,0.1856,0.3868
0.128,0.3004,0.186,0.3856
0.1292,0.2992,0.188,0.3836
0.1304,0.3004,0.186,0.3832
0.1308,0.2992,0.188,0.382
0.1304,0.298,0.1908,0.3808
0.1316,0.2988,0.19,0.3796
0.1336,0.2968,0.1908,0.3788
0.1356,0.2964,0.1916,0.3764
0.1376,0.2968,0.19,0.3756
0.1388,0.2956,0.1904,0.3752
0.1404,0.296,0.1924,0.3712
0.1392,0.2956,0.1936,0.3716
0.1396,0.2944,0.1944,0.3716
0.14,0.2944,0.1964,0.3692
0.142,0.2956,0.1964,0.366
0.1436,0.2976,0.1952,0.3636
0.1424,0.3,0.1964,0.3612
0.144,0.2996,0.1972,0.3592
0.1456,0.2988,0.1976,0.358
0.148,0.298,0.1992,0.3548
0.148,0.2972,0.2024,0.3524
0.1484,0.2988,0.202,0.3508
0.1492,0.2984,0.2028,0.3496
0.1528,0.296,0.2032,0.348
0.1556,0.2952,0.2032,0.346
0.1552,0.2948,0.2032,0.3468
0.156,0.2948,0.2032,0.346
0.1576,0.2944,0.2044,0.3436
0.1592,0.2944,0.2036,0.3428
0.1612,0.2948,0.2052,0.3388
0.1624,0.2924,0.2072,0.338
0.16286514605842337,0.2933173269307723,0.2064825930372149,0.33733493397358943
0.162,0.2924,0.2072,0.3384
0.1616,0.294,0.206,0.3384
0.1632,0.2952,0.2056,0.336
0.164,0.2968,0.2048,0.3344
0.164,0.2964,0.2044,0.3352
0.1632,0.2972,0.2052,0.3344
0.1644,0.2964,0.2056,0.3336
0.1644,0.2972,0.2048,0.3336
0.1648,0.2976,0.204,0.3336
0.1664,0.2984,0.2036,0.3316
0.1664,0.2988,0.204,0.3308
0.1688,0.2964,0.2068,0.328
0.1704,0.296,0.2072,0.3264
0.17,0.2988,0.2076,0.3236
0.1708,0.2976,0.2096,0.322
0.1732,0.2968,0.2104,0.3196
0.1748,0.2956,0.2112,0.3184
0.1756,0.294,0.212,0.3184
0.1756,0.2924,0.2148,0.3172
0.1788,0.2924,0.2136,0.3152
0.1788,0.2908,0.2144,0.316
0.18,0.2912,0.214,0.3148
0.1812,0.2936,0.2128,0.3124
0.182,0.2924,0.2136,0.312
0.1808,0.2928,0.2156,0.3108
0.1808,0.2912,0.2164,0.3116
0.1808,0.2904,0.218,0.3108
0.1824,0.2896,0.2172,0.3108
0.184,0.2904,0.2144,0.3112
0.1836,0.2916,0.2132,0.3116
0.182,0.292,0.2144,0.3116
0.1824,0.2924,0.2148,0.3104
0.1812,0.29,0.2176,0.3112
0.1808,0.292,0.218,0.3092
0.1812,0.2916,0.2184,0.3088
0.1812,0.2932,0.2164,0.3092
0.184,0.292,0.2172,0.3068
0.1836,0.2924,0.2188,0.3052
0.1844,0.2892,0.2192,0.3072
0.1852,0.2892,0.2188,0.3068
0.1872,0.288,0.22,0.3048
0.1868,0.2896,0.22,0.3036
0.1872,0.2892,0.22,0.3036
0.1868,0.29,0.2196,0.3036
0.1868,0.2884,0.2196,0.3052
0.188,0.2864,0.2172,0.3084
0.1884,0.286,0.218,0.3076
0.1896,0.2844,0.2168,0.3092
0.1892,0.2848,0.2172,0.3088
0.19,0.2852,0.2164,0.3084
0.1916,0.2852,0.2168,0.3064
0.1928,0.2864,0.2152,0.3056
0.1948,0.2828,0.216,0.3064
0.1952,0.2824,0.216,0.3064
0.1956,0.282,0.216,0.3064
0.1976,0.282,0.2152,0.3052
0.1976,0.2828,0.2156,0.304
0.1968,0.282,0.2168,0.3044
0.1972,0.2812,0.2164,0.3052
0.196,0.2788,0.2184,0.3068
0.196,0.2792,0.2196,0.3052
0.1972,0.28,0.2168,0.306
0.198,0.2784,0.2176,0.306
0.198,0.2752,0.2184,0.3084
0.1964,0.2756,0.2176,0.3104
0.1948,0.2756,0.2188,0.3108
0.1944,0.2756,0.2192,0.3108
0.1936,0.2764,0.22,0.31
0.1936,0.2776,0.22,0.3088
0.1944,0.28,0.2196,0.306
0.1976,0.2764,0.2196,0.3064
0.1992,0.2764,0.2188,0.3056
0.1996,0.2764,0.2192,0.3048
0.1988,0.276,0.2208,0.3044
0.1984,0.276,0.222,0.3036
0.1988,0.2776,0.2212,0.3024
0.1992797118847539,0.2809123649459784,0.22008803521408563,0.29971988795518206
0.2004,0.2816,0.2192,0.2988
0.2016,0.2808,0.2196,0.298
0.2012,0.2788,0.2204,0.2996
0.2028,0.278,0.2216,0.2976
0.2032,0.2788,0.2236,0.2944
0.2052,0.278,0.2236,0.2932
0.2048,0.278,0.2228,0.2944
0.2064,0.2764,0.222,0.2952
0.2056,0.2756,0.2236,0.2952
0.204,0.276,0.226,0.294
0.206,0.2736,0.2268,0.2936
0.206,0.2756,0.2264,0.292
0.2056,0.2752,0.2268,0.2924
0.206,0.2748,0.228,0.2912
0.2072,0.274,0.228,0.2908
0.2072,0.2744,0.228,0.2904
0.2084,0.2736,0.2276,0.2904
0.2096,0.274,0.2272,0.2892
0.2104,0.274,0.228,0.2876
0.2116,0.2736,0.2284,0.2864
0.2132,0.2728,0.2284,0.2856
0.2128,0.2716,0.2296,0.286
0.2132,0.27,0.2284,0.2884
0.2132,0.2696,0.2296,0.2876
0.212,0.268,0.2304,0.2896
0.2128,0.2684,0.2312,0.2876
0.2136,0.268,0.2324,0.286
0.2136,0.2692,0.2316,0.2856
0.2136,0.27,0.232,0.2844
0.2124,0.2692,0.2312,0.2872
0.2144,0.2672,0.2308,0.2876
0.212,0.2688,0.2324,0.2868
0.2124,0.2704,0.2312,0.286
0.2128,0.2716,0.232,0.2836
0.2132,0.2704,0.2336,0.2828
0.2136,0.2696,0.2332,0.2836
0.214,0.2668,0.2336,0.2856
0.2144,0.2668,0.2336,0.2852
0.2132,0.2668,0.2348,0.2852
0.2136,0.2688,0.2352,0.2824
0.2152,0.2696,0.2332,0.282
0.216,0.268,0.2332,0.2828
0.216,0.2676,0.234,0.2824
0.216,0.2668,0.2332,0.284
0.2164,0.2672,0.2344,0.282
0.216,0.2688,0.2336,0.2816
0.2152,0.2688,0.2332,0.2828
0.216,0.2676,0.2328,0.2836
0.216,0.2684,0.2316,0.284
0.2176,0.2668,0.2328,0.2828
0.2188,0.264,0.2336,0.2836
0.2196,0.2644,0.2304,0.2856
0.2204,0.2656,0.2292,0.2848
0.2208,0.2656,0.2284,0.2852
0.2196,0.2688,0.2272,0.2844
0.2184,0.268,0.2276,0.286
0.2184,0.2672,0.2268,0.2876
0.2192,0.2672,0.2248,0.2888
0.2176,0.2656,0.2284,0.2884
0.2188,0.2648,0.2296,0.2868
0.2208,0.2616,0.23,0.2876
0.218,0.26,0.2332,0.2888
0.2184,0.26,0.234,0.2876
0.2172,0.2596,0.2356,0.2876
0.2168,0.2604,0.2352,0.2876
0.2172,0.2576,0.238,0.2872
0.2172,0.2568,0.2388,0.2872
0.2188,0.2564,0.2372,0.2876
0.2188,0.2556,0.2372,0.2884
0.2184,0.2548,0.2372,0.2896
0.2188,0.2552,0.2356,0.2904
0.2192,0.254,0.2348,0.292
0.2204,0.2536,0.2344,0.2916
0.222,0.254,0.2348,0.2892
0.2216,0.2516,0.2384,0.2884
0.222,0.252,0.238,0.288
0.2212,0.2512,0.2388,0.2888
0.2204,0.2516,0.24,0.288
0.218,0.2512,0.2432,0.2876
0.2188,0.2512,0.242,0.288
0.2192,0.2504,0.2432,0.2872
0.2192,0.2504,0.244,0.2864
0.22,0.2488,0.2432,0.288
0.2204,0.2492,0.2424,0.288
0.2196,0.2496,0.2432,0.2876
0.22,0.2504,0.2428,0.2868
0.2208,0.2516,0.2432,0.2844
0.2204,0.2504,0.2444,0.2848
0.2196,0.2508,0.2452,0.2844
0.2204,0.2528,0.2444,0.2824
0.2208,0.2528,0.2452,0.2812
0.2208,0.2548,0.2436,0.2808
0.2196,0.2564,0.2436,0.2804
0.2188,0.2572,0.2448,0.2792
0.2156,0.2596,0.244,0.2808
0.2144,0.2592,0.2452,0.2812
0.214,0.2604,0.244,0.2816
0.2152,0.2592,0.2448,0.2808
0.2144,0.2588,0.2464,0.2804
0.2136,0.2604,0.246,0.28
0.2108,0.2608,0.248,0.2804
0.2104,0.2604,0.2488,0.2804
0.2116,0.2608,0.2476,0.28
0.214,0.2592,0.248,0.2788
0.2124,0.2596,0.2476,0.2804
0.2132,0.258,0.2496,0.2792
0.214,0.2576,0.2488,0.2796
0.2116,0.2616,0.2508,0.276
0.2124,0.2616,0.252,0.274
0.214,0.2612,0.254,0.2708
0.2156,0.262,0.2512,0.2712
0.2176,0.2616,0.2504,0.2704
0.2176,0.2616,0.2516,0.2692
0.2188,0.26,0.2516,0.2696
0.2176,0.2612,0.2516,0.2696
0.218,0.2616,0.2532,0.2672
0.2184,0.26,0.2552,0.2664
0.22,0.2592,0.2556,0.2652
0.2228,0.2592,0.2548,0.2632
0.2252,0.2592,0.2536,0.262
0.2264,0.2576,0.2524,0.2636
0.226,0.2576,0.2516,0.2648
0.226,0.256,0.2512,0.2668
0.2252,0.2556,0.2504,0.2688
0.224,0.2552,0.2528,0.268
0.226,0.252,0.2516,0.2704
0.2276,0.2504,0.2512,0.2708
0.2292,0.252,0.2516,0.2672
0.2308,0.2504,0.2516,0.2672
0.2336,0.2496,0.2512,0.2656
0.2344,0.2492,0.2532,0.2632
0.2344,0.2496,0.2544,0.2616
0.2356,0.2484,0.2544,0.2616
0.2376,0.2484,0.2516,0.2624
0.2376,0.2496,0.2504,0.2624
0.2372,0.2488,0.2504,0.2636
0.2368,0.2492,0.2516,0.2624
0.2352,0.2488,0.2524,0.2636
0.2368,0.25,0.252,0.2612
0.236,0.2512,0.252,0.2608
0.2356,0.2524,0.252,0.26
0.236,0.2512,0.2508,0.262
0.2332,0.25,0.252,0.2648
0.2336,0.2496,0.2516,0.2652
0.2328,0.2484,0.2528,0.266
0.2328,0.2504,0.252,0.2648
0.2324,0.2504,0.2508,0.2664
0.2332,0.2496,0.2504,0.2668
0.2316,0.25,0.2508,0.2676
0.2308,0.2512,0.2496,0.2684
0.2308,0.2516,0.2492,0.2684
0.2316,0.2532,0.2476,0.2676
0.2328,0.2536,0.2488,0.2648
0.2316,0.254,0.2492,0.2652
0.2308,0.2528,0.252,0.2644
0.2308,0.2532,0.2508,0.2652
0.2316,0.2528,0.2512,0.2644
0.2324,0.2544,0.2504,0.2628
0.2332,0.2524,0.25,0.2644
0.232,0.252,0.2504,0.2656
0.2332,0.252,0.2492,0.2656
0.2324,0.2536,0.2492,0.2648
0.232,0.2532,0.2512,0.2636
0.2332,0.2532,0.2508,0.2628
0.2328,0.2532,0.2512,0.2628
0.2328,0.2532,0.25,0.264
0.2324,0.2528,0.2516,0.2632
0.232,0.252,0.252,0.264
0.2332,0.2508,0.252,0.264
0.234,0.25,0.2512,0.2648
0.2324,0.2516,0.25,0.266
0.2324,0.2504,0.2508,0.2664
0.232,0.2508,0.2512,0.266
0.2336,0.2508,0.2512,0.2644
0.2356,0.2504,0.2496,0.2644
0.2364,0.2504,0.2496,0.2636
0.2368,0.2508,0.2476,0.2648
0.236,0.2512,0.2488,0.264
0.2368,0.2512,0.25,0.262
0.2384,0.25,0.2504,0.2612
0.2364,0.2512,0.2492,0.2632
0.2364,0.2508,0.2488,0.264
0.2368,0.25,0.2504,0.2628
0.2388,0.2496,0.2488,0.2628
0.2404,0.25,0.246,0.2636
0.2392,0.2496,0.2464,0.2648
0.2376,0.25,0.2476,0.2648
0.238,0.2516,0.2468,0.2636
0.2396,0.2512,0.2468,0.2624
0.2416,0.25,0.2464,0.262
0.2424,0.25,0.2464,0.2612
0.2428,0.2516,0.2472,0.2584
0.2416,0.2516,0.2472,0.2596
0.2416,0.2504,0.248,0.26
0.2404,0.252,0.248,0.2596
0.2396,0.2544,0.2468,0.2592
0.24,0.2548,0.2468,0.2584
0.2408,0.2544,0.2452,0.2596
0.24,0.2536,0.246,0.2604
0.2408,0.2512,0.2476,0.2604
0.242,0.2504,0.2452,0.2624
0.2432,0.2504,0.2436,0.2628
0.242,0.2524,0.2412,0.2644
0.242,0.2516,0.2424,0.264
0.2416,0.2508,0.2424,0.2652
0.2428,0.2508,0.2424,0.264
0.2428,0.2512,0.242,0.264
0.2412,0.2516,0.2456,0.2616
0.2428,0.2516,0.2432,0.2624
0.2416,0.2528,0.2424,0.2632
0.2412,0.2528,0.2448,0.2612
0.2428,0.2524,0.246,0.2588
0.2428,0.2536,0.2456,0.258
0.2428,0.2536,0.2472,0.2564
0.242,0.2536,0.2484,0.256
0.2424,0.2532,0.248,0.2564
0.2424,0.2528,0.248,0.2568
0.2424,0.2532,0.2472,0.2572
0.2424,0.2556,0.2456,0.2564
0.2424,0.2532,0.2468,0.2576
0.2416,0.2548,0.2444,0.2592
0.2428,0.2552,0.2428,0.2592
0.2416,0.2568,0.2444,0.2572
0.2408,0.2564,0.246,0.2568
0.2408,0.2568,0.246,0.2564
0.2392,0.2584,0.246,0.2564
0.2392,0.2584,0.2456,0.2568
0.2396,0.258,0.2464,0.256
0.2412,0.2584,0.2448,0.2556
0.242,0.2572,0.2456,0.2552
0.2416,0.2572,0.2448,0.2564
0.2404,0.2568,0.2456,0.2572
0.2404,0.2576,0.2464,0.2556
0.2436,0.2568,0.2456,0.254
0.2428,0.2556,0.2464,0.2552
0.2428,0.2564,0.246,0.2548
0.2432,0.2576,0.2444,0.2548
0.2432,0.2584,0.2428,0.2556
0.2428,0.2588,0.2428,0.2556
0.242,0.2592,0.2448,0.254
0.2428,0.258,0.2448,0.2544
0.2436,0.2604,0.2428,0.2532
0.244,0.2616,0.2404,0.254
0.2424,0.2608,0.2424,0.2544
0.2428,0.2608,0.242,0.2544
0.2424,0.2584,0.2436,0.2556
0.2432,0.2592,0.2424,0.2552
0.2424,0.2588,0.2432,0.2556
0.2428,0.26,0.2424,0.2548
0.2444,0.2584,0.2428,0.2544
0.2436,0.2596,0.244,0.2528
0.244,0.2596,0.2436,0.2528
0.2448,0.2592,0.2432,0.2528
0.2424,0.2596,0.2448,0.2532
0.2432,0.2596,0.2428,0.2544
0.2424,0.2584,0.2436,0.2556
0.2436,0.2576,0.2444,0.2544
0.2436,0.2572,0.2464,0.2528
0.2424,0.2572,0.2476,0.2528
0.2428,0.258,0.2468,0.2524
0.2388,0.2604,0.248,0.2528
0.238,0.262,0.2472,0.2528
0.238,0.2624,0.2472,0.2524
0.2384,0.2616,0.2472,0.2528
0.2376,0.2624,0.2468,0.2532
0.238,0.2612,0.246,0.2548
0.2384,0.2608,0.2456,0.2552
0.2352,0.262,0.2456,0.2572
0.2364,0.2596,0.246,0.258
0.2368,0.2604,0.2468,0.256
0.24,0.2612,0.2448,0.254
0.2396,0.2628,0.244,0.2536
0.2388,0.264,0.2428,0.2544
0.2412,0.264,0.2412,0.2536
0.2396,0.2644,0.2416,0.2544
0.2396,0.2632,0.2428,0.2544
0.2408,0.2628,0.2424,0.254
0.2404,0.2644,0.2408,0.2544
0.24,0.2644,0.242,0.2536
0.2396,0.2632,0.2424,0.2548
0.2392,0.2628,0.2444,0.2536
0.2396,0.2636,0.2424,0.2544
0.2384,0.2628,0.2436,0.2552
0.2364,0.2636,0.2452,0.2548
0.2344,0.2648,0.2464,0.2544
0.2364,0.2664,0.2448,0.2524
0.2344,0.2688,0.2444,0.2524
0.2356,0.2676,0.2476,0.2492
0.2356,0.2676,0.248,0.2488
0.2352,0.27,0.2484,0.2464
0.232,0.2724,0.25,0.2456
0.2344,0.268,0.2504,0.2472
0.2356,0.2688,0.2492,0.2464
0.234,0.2684,0.2508,0.2468
0.2376,0.2676,0.2488,0.246
0.2384,0.2676,0.248,0.246
0.238,0.2688,0.2468,0.2464
0.2396,0.2664,0.2484,0.2456
0.2364,0.2668,0.2488,0.248
0.2356,0.2672,0.2496,0.2476
0.2352,0.2652,0.252,0.2476
0.2384,0.264,0.2512,0.2464
0.2376,0.264,0.2512,0.2472
0.2364,0.2648,0.25,0.2488
0.2384,0.264,0.2492,0.2484
0.2404,0.2628,0.2484,0.2484
0.2404,0.262,0.2476,0.25
0.2408,0.2608,0.2488,0.2496
0.24,0.2608,0.248,0.2512
0.24,0.26,0.2476,0.2524
0.2408,0.2592,0.2456,0.2544
0.2432,0.258,0.2448,0.254
0.2444,0.2556,0.2452,0.2548
0.244,0.256,0.2444,0.2556
0.2452,0.2544,0.2456,0.2548
0.244,0.2556,0.246,0.2544
0.2448,0.2576,0.2448,0.2528
0.2432,0.2592,0.244,0.2536
0.244,0.2576,0.246,0.2524
0.2444,0.2556,0.2476,0.2524
0.244,0.2556,0.2476,0.2528
0.2432,0.258,0.2468,0.252
0.244,0.2556,0.2476,0.2528
0.2444,0.2552,0.2464,0.254
0.2456,0.254,0.2448,0.2556
0.244,0.254,0.2456,0.2564
0.2436,0.254,0.2452,0.2572
0.242,0.256,0.2452,0.2568
0.2432,0.2536,0.2476,0.2556
0.242,0.252,0.2464,0.2596
0.2424,0.2524,0.246,0.2592
0.242,0.254,0.2452,0.2588
0.2392,0.2564,0.2452,0.2592
0.2408,0.2568,0.2452,0.2572
0.2388,0.258,0.2448,0.2584
0.24,0.2584,0.244,0.2576
0.238,0.26,0.2444,0.2576
0.2392,0.2604,0.2436,0.2568
0.2408,0.26,0.2448,0.2544
0.24,0.2632,0.2432,0.2536
0.2388,0.2644,0.2432,0.2536
0.2368,0.2636,0.2464,0.2532
0.2368,0.2636,0.246,0.2536
0.2352,0.2644,0.2464,0.254
0.234,0.2648,0.2472,0.254
0.2356,0.2644,0.2464,0.2536
0.2344,0.2652,0.2472,0.2532
0.2344,0.2632,0.2484,0.254
0.234,0.2624,0.25,0.2536
0.2344,0.26,0.2504,0.2552
0.2336,0.2616,0.2504,0.2544
0.2332,0.2636,0.2496,0.2536
0.234,0.2636,0.248,0.2544
0.2344,0.2624,0.2484,0.2548
0.2344,0.2628,0.2492,0.2536
0.236,0.2624,0.2492,0.2524
0.2372,0.2632,0.2496,0.25
0.236,0.2636,0.2512,0.2492
0.2364,0.2632,0.25,0.2504
0.2352,0.2628,0.25,0.252
0.2332,0.264,0.2512,0.2516
0.2332,0.264,0.2504,0.2524
0.232,0.2616,0.2532,0.2532
0.232,0.2612,0.2548,0.252
0.2316,0.2604,0.256,0.252
0.2316,0.2596,0.256,0.2528
0.2328,0.2604,0.2544,0.2524
0.2324,0.2628,0.2524,0.2524
0.2328,0.2632,0.2524,0.2516
0.2316,0.2624,0.2536,0.2524
0.2316,0.2628,0.2532,0.2524
0.2316,0.2624,0.2516,0.2544
0.232,0.262,0.2516,0.2544
0.2312,0.2636,0.2516,0.2536
0.2316,0.2636,0.2504,0.2544
0.2304,0.266,0.2512,0.2524
0.2308,0.2652,0.2512,0.2528
0.232,0.2636,0.2516,0.2528
0.2324,0.2648,0.2512,0.2516
0.232,0.264,0.252,0.252
0.234,0.2632,0.2512,0.2516
0.2332,0.2612,0.2532,0.2524
0.2324,0.2608,0.2544,0.2524
0.236,0.2576,0.2544,0.252
0.2372,0.2584,0.2536,0.2508
0.2344,0.2584,0.2556,0.2516
0.236,0.2568,0.2564,0.2508
0.2368,0.2568,0.2584,0.248
0.2376,0.2568,0.2588,0.2468
0.2384,0.2576,0.2576,0.2464
0.2388,0.2568,0.2584,0.246
0.2372,0.2564,0.2592,0.2472
0.2372,0.2572,0.2592,0.2464
0.2348,0.2584,0.2588,0.248
0.2332,0.2576,0.26,0.2492
0.234,0.2572,0.2592,0.2496
0.2336,0.2564,0.2604,0.2496
0.2344,0.2552,0.2604,0.25
0.2332,0.2544,0.2604,0.252
0.232,0.2552,0.26,0.2528
0.232,0.2564,0.2592,0.2524
0.2328,0.2572,0.2584,0.2516
0.2324,0.2592,0.2572,0.2512
0.2328,0.2584,0.2564,0.2524
0.2336,0.2556,0.2572,0.2536
0.234,0.2556,0.2572,0.2532
0.2356,0.2552,0.2572,0.252
0.236,0.256,0.2556,0.2524
0.2368,0.2568,0.2564,0.25
0.2372,0.256,0.256,0.2508
0.2364,0.256,0.2552,0.2524
0.2368,0.2588,0.2544,0.25
0.2364,0.2596,0.254,0.25
0.236,0.26,0.2544,0.2496
0.2368,0.2616,0.2528,0.2488
0.2392,0.2596,0.2536,0.2476
0.2384,0.2576,0.256,0.248
0.2392,0.256,0.2564,0.2484
0.2416,0.2556,0.256,0.2468
0.2416,0.2548,0.2568,0.2468
0.2412,0.2536,0.2572,0.248
0.244,0.2524,0.2572,0.2464
0.2444,0.2528,0.258,0.2448
0.2452,0.2524,0.2568,0.2456
0.2464,0.2524,0.2548,0.2464
0.2464,0.2528,0.2552,0.2456
0.2456,0.2536,0.2548,0.246
0.2496,0.2528,0.2528,0.2448
0.2496,0.2528,0.2524,0.2452
0.2488,0.2552,0.2528,0.2432
0.2472,0.2576,0.2524,0.2428
0.2492,0.2552,0.2512,0.2444
0.2492,0.254,0.2516,0.2452
0.2504,0.2532,0.2516,0.2448
0.252,0.2532,0.2504,0.2444
0.2528,0.252,0.2496,0.2456
0.2504,0.2512,0.2524,0.246
0.2504,0.2516,0.2532,0.2448
0.25,0.252,0.2532,0.2448
0.2488,0.2516,0.2536,0.246
0.25,0.2504,0.2536,0.246
0.2496,0.2504,0.2528,0.2472
0.2512,0.2496,0.252,0.2472
0.252,0.2516,0.2508,0.2456
0.2528,0.2504,0.2512,0.2456
0.2536,0.2492,0.2504,0.2468
0.254,0.2484,0.2508,0.2468
0.2532,0.248,0.2516,0.2472
0.252,0.248,0.2516,0.2484
0.2524,0.2492,0.252,0.2464
0.2528,0.2504,0.2504,0.2464
0.2528,0.2508,0.252,0.2444
0.2516,0.25,0.2536,0.2448
0.2508,0.2508,0.2528,0.2456
0.2492,0.2492,0.2544,0.2472
0.2496,0.2492,0.2528,0.2484
0.2512,0.2456,0.2556,0.2476
0.2512,0.246,0.2556,0.2472
0.2516,0.2456,0.2556,0.2472
0.2508,0.2476,0.2552,0.2464
0.2492,0.2472,0.2576,0.246
0.2508,0.2464,0.2576,0.2452
0.252,0.2464,0.254,0.2476
0.2508,0.2468,0.2524,0.25
0.252,0.2456,0.2508,0.2516
0.2532,0.2436,0.2508,0.2524
0.2552,0.244,0.2488,0.252
0.2548,0.2448,0.25,0.2504
0.2556,0.2436,0.2496,0.2512
0.2552,0.2448,0.25,0.25
0.2548,0.244,0.2512,0.25
0.2532,0.2436,0.2524,0.2508
0.2532,0.2444,0.2536,0.2488
0.254,0.2456,0.252,0.2484
0.2536,0.2456,0.2536,0.2472
0.2528,0.2468,0.2536,0.2468
0.2524,0.2484,0.2524,0.2468
0.2532,0.2488,0.2528,0.2452
0.252,0.2472,0.2552,0.2456
0.2512,0.2488,0.2556,0.2444
0.252,0.2496,0.2544,0.244
0.25,0.252,0.2528,0.2452
0.2528,0.2524,0.252,0.2428
0.252,0.2512,0.2536,0.2432
0.252,0.2492,0.2544,0.2444
0.2512,0.2496,0.254,0.2452
0.2524,0.248,0.2552,0.2444
0.2532,0.2484,0.254,0.2444
0.2533013205282113,0.24809923969587835,0.25250100040016005,0.2460984393757503
0.2524,0.2488,0.2528,0.246
0.2512,0.248,0.2544,0.2464
0.252,0.2476,0.2536,0.2468
0.2524,0.2472,0.2508,0.2496
0.2524,0.2476,0.2516,0.2484
0.2524,0.248,0.2512,0.2484
0.252,0.2492,0.2512,0.2476
0.2504,0.2508,0.252,0.2468
0.2504,0.2516,0.2508,0.2472
0.2508,0.252,0.2508,0.2464
0.2508,0.252,0.252,0.2452
0.2492,0.2528,0.2532,0.2448
0.2492,0.2556,0.2536,0.2416
0.2492,0.254,0.2532,0.2436
0.2508,0.2516,0.2548,0.2428
0.2508,0.2496,0.2548,0.2448
0.252,0.252,0.2524,0.2436
0.2516,0.2532,0.2528,0.2424
0.2536,0.2516,0.2516,0.2432
0.2548,0.2504,0.2508,0.244
0.2544,0.2484,0.2508,0.2464
0.2552,0.248,0.2504,0.2464
0.2568,0.2468,0.2508,0.2456
0.2544,0.2472,0.2504,0.248
0.254,0.2488,0.2496,0.2476
0.2532,0.2516,0.2488,0.2464
0.2532,0.2508,0.2488,0.2472
0.2512,0.2512,0.2496,0.248
0.2524,0.25,0.2516,0.246
0.2524,0.2496,0.2532,0.2448
0.2536,0.2476,0.2512,0.2476
0.2532,0.2472,0.2528,0.2468
0.2536,0.2476,0.252,0.2468
0.2536,0.2468,0.2532,0.2464
0.2556,0.246,0.2516,0.2468
0.2528,0.2468,0.2528,0.2476
0.254,0.2472,0.2512,0.2476
0.2544,0.2464,0.2504,0.2488
0.256,0.2468,0.25,0.2472
0.2556,0.2468,0.25,0.2476
0.256,0.2472,0.2504,0.2464
0.2552,0.2472,0.2496,0.248
0.254,0.2472,0.2492,0.2496
0.254,0.2464,0.2496,0.25
0.254,0.2444,0.2516,0.25
0.252,0.244,0.252,0.252
0.2504,0.2448,0.2524,0.2524
0.252,0.2444,0.2516,0.252
0.2516,0.2448,0.248,0.2556
0.2508,0.246,0.2476,0.2556
0.2492,0.246,0.248,0.2568
0.2496,0.2464,0.2484,0.2556
0.25,0.2452,0.2492,0.2556
0.2508,0.2464,0.2472,0.2556
0.25,0.2488,0.2456,0.2556
0.2492,0.2504,0.2452,0.2552
0.2492,0.2504,0.2468,0.2536
0.2492,0.2504,0.2464,0.254
0.2484,0.2496,0.2476,0.2544
0.248,0.2504,0.2456,0.256
0.25,0.2492,0.244,0.2568
0.2492,0.2496,0.2448,0.2564
0.2512,0.2508,0.242,0.256
0.252,0.25,0.242,0.256
0.252,0.2516,0.2412,0.2552
0.2536,0.2512,0.2396,0.2556
0.2528,0.2536,0.2372,0.2564
0.2516,0.2548,0.2376,0.256
0.2496,0.2544,0.2376,0.2584
0.2496,0.254,0.2376,0.2588
0.2496,0.2556,0.2376,0.2572
0.2492,0.2556,0.238,0.2572
0.2476,0.2548,0.2388,0.2588
0.2476,0.2564,0.2376,0.2584
0.2464,0.256,0.2388,0.2588
0.2456,0.2572,0.2364,0.2608
0.2448,0.2572,0.236,0.262
0.2452,0.2584,0.236,0.2604
0.2436,0.2604,0.2368,0.2592
0.2412,0.262,0.2372,0.2596
0.2408,0.2624,0.2376,0.2592
0.242,0.2596,0.2392,0.2592
0.2444,0.26,0.236,0.2596
0.2448,0.2596,0.2364,0.2592
0.2456,0.2584,0.234,0.262
0.2464,0.2596,0.234,0.26
0.246,0.2596,0.234,0.2604
0.2456,0.2588,0.234,0.2616
0.2444,0.26,0.2348,0.2608
0.2484,0.258,0.2336,0.26
0.2488,0.2584,0.2348,0.258
0.2488,0.2592,0.2332,0.2588
0.2476,0.2584,0.234,0.26
0.2496,0.2588,0.2336,0.258
0.248,0.2588,0.2344,0.2588
0.2484,0.2576,0.2348,0.2592
0.2468,0.2564,0.2376,0.2592
0.2456,0.254,0.2408,0.2596
0.248,0.252,0.2408,0.2592
0.2484,0.2512,0.2404,0.26
0.2488,0.25,0.2412,0.26
0.2476,0.2496,0.24,0.2628
0.2464,0.2496,0.2404,0.2636
0.246,0.25,0.2408,0.2632
0.2472,0.2496,0.24,0.2632
0.2472,0.2472,0.2408,0.2648
0.2456,0.2476,0.2412,0.2656
0.2468,0.2468,0.2408,0.2656
0.2464,0.2472,0.2412,0.2652
0.2452,0.2472,0.2428,0.2648
0.2464,0.2464,0.242,0.2652
0.2456,0.2476,0.242,0.2648
0.2456,0.2476,0.242,0.2648
0.2456,0.2472,0.2416,0.2656
0.2452,0.2476,0.2432,0.264
0.2472,0.2476,0.2416,0.2636
0.2476,0.2464,0.2424,0.2636
0.248,0.246,0.2424,0.2636
0.248,0.246,0.2436,0.2624
0.248,0.244,0.2448,0.2632
0.2488,0.2428,0.2464,0.262
0.2472,0.2428,0.2484,0.2616
0.2456,0.242,0.25,0.2624
0.2464,0.2424,0.2492,0.262
0.2464,0.2444,0.2464,0.2628
0.244,0.2444,0.2472,0.2644
0.2436,0.2452,0.2468,0.2644
0.2448,0.2456,0.246,0.2636
0.244,0.2452,0.2464,0.2644
0.2448,0.2472,0.2468,0.2612
0.2464,0.2472,0.2452,0.2612
0.2472,0.2448,0.2464,0.2616
0.2492,0.2452,0.2444,0.2612
0.2476,0.2456,0.244,0.2628
0.2468,0.246,0.244,0.2632
0.2464,0.2456,0.244,0.264
0.2476,0.2456,0.2448,0.262
0.248,0.2456,0.2444,0.262
0.2476,0.246,0.2452,0.2612
0.248,0.2452,0.2456,0.2612
0.248,0.2456,0.2452,0.2612
0.248,0.246,0.2456,0.2604
0.2496,0.2468,0.2448,0.2588
0.2516,0.2464,0.2428,0.2592
0.2536,0.2448,0.2432,0.2584
0.2544,0.2452,0.2428,0.2576
0.2544,0.2456,0.242,0.258
0.2552,0.2444,0.2428,0.2576
0.2552,0.2436,0.2436,0.2576
0.2536,0.2404,0.2464,0.2596
0.2524,0.2408,0.2456,0.2612
0.2536,0.2408,0.2468,0.2588
0.2516,0.2404,0.2484,0.2596
0.2536,0.2388,0.2496,0.258
0.254,0.238,0.25,0.258
0.254,0.2388,0.2496,0.2576
0.254,0.2384,0.2496,0.258
0.2532,0.2376,0.25,0.2592
0.2528,0.2396,0.2496,0.258
0.2516,0.2412,0.2492,0.258
0.2492,0.2404,0.2504,0.26
0.2492,0.2412,0.2512,0.2584
0.248,0.242,0.252,0.258
0.2476,0.2428,0.2516,0.258
0.2468,0.2436,0.2528,0.2568
0.2464,0.246,0.2492,0.2584
0.248,0.246,0.248,0.258
0.2488,0.2464,0.2464,0.2584
0.2472,0.2488,0.248,0.256
0.248,0.2476,0.2484,0.256
0.25,0.2452,0.248,0.2568
0.2492,0.2472,0.2484,0.2552
0.2492,0.2508,0.248,0.252
0.248,0.2536,0.2472,0.2512
0.248,0.2528,0.2468,0.2524
0.2476,0.2528,0.2488,0.2508
0.2476,0.252,0.2484,0.252
0.2464,0.25,0.2488,0.2548
0.2464,0.2504,0.2488,0.2544
0.246,0.2512,0.248,0.2548
0.2468,0.25,0.2472,0.256
0.2484,0.25,0.2464,0.2552
0.2472,0.2524,0.2464,0.254
0.2464,0.2524,0.2472,0.254
0.2448,0.2548,0.2476,0.2528
0.2472,0.2532,0.2484,0.2512
0.2476,0.2532,0.248,0.2512
0.2488,0.2532,0.2484,0.2496
0.25,0.2532,0.248,0.2488
0.2496,0.2528,0.2476,0.25
0.2476,0.254,0.2492,0.2492
0.25,0.2524,0.2488,0.2488
0.2508,0.2524,0.2488,0.248
0.2512,0.2524,0.2484,0.248
0.2512,0.254,0.248,0.2468
0.2512,0.254,0.2468,0.248
0.254,0.2524,0.2464,0.2472
0.2516,0.2528,0.2484,0.2472
0.25,0.254,0.2496,0.2464
0.25,0.2544,0.2484,0.2472
0.2492,0.254,0.2484,0.2484
0.2508,0.252,0.248,0.2492
0.252,0.2524,0.246,0.2496
0.252,0.2516,0.2452,0.2512
0.254,0.2528,0.244,0.2492
0.2536,0.252,0.2444,0.25
0.2548,0.2504,0.2428,0.252
0.2556,0.2504,0.2408,0.2532
0.2548,0.2496,0.2408,0.2548
0.2552,0.2496,0.2416,0.2536
0.254,0.25,0.2436,0.2524
0.2536,0.2484,0.2448,0.2532
0.2508,0.2492,0.2452,0.2548
0.2512,0.2492,0.2444,0.2552
0.2508,0.2488,0.2444,0.256
0.2488,0.2492,0.246,0.256
0.2512,0.2472,0.2468,0.2548
0.2528,0.2468,0.2456,0.2548
0.252,0.2468,0.2456,0.2556
0.252,0.2464,0.2452,0.2564
0.2496,0.2456,0.2476,0.2572
0.2488,0.2456,0.2476,0.258
0.2476,0.2452,0.248,0.2592
0.2476,0.2444,0.25,0.258
0.2468,0.2448,0.2508,0.2576
0.2476,0.2448,0.25,0.2576
0.2488,0.2436,0.2512,0.2564
0.2476,0.2452,0.252,0.2552
0.2496,0.2432,0.2524,0.2548
0.2496,0.2432,0.2532,0.254
0.2484,0.242,0.254,0.2556
0.2508,0.2416,0.2556,0.252
0.2516,0.2412,0.2568,0.2504
0.2532,0.2404,0.2576,0.2488
0.2536,0.2396,0.2588,0.248
0.2536,0.2396,0.258,0.2488
0.2536,0.2404,0.2564,0.2496
0.2524,0.24,0.258,0.2496
0.2516,0.24,0.2588,0.2496
0.2528,0.2404,0.2572,0.2496
0.2552,0.2408,0.2572,0.2468
0.2532,0.2404,0.2584,0.248
0.256,0.2396,0.256,0.2484
0.254,0.2404,0.2564,0.2492
0.254,0.2388,0.2556,0.2516
0.2544,0.238,0.256,0.2516
0.2552,0.2384,0.2556,0.2508
0.2532,0.2416,0.2552,0.25
0.2528,0.2424,0.256,0.2488
0.2528,0.2416,0.2584,0.2472
0.2536,0.2416,0.2584,0.2464
0.2516,0.2436,0.2572,0.2476
0.2528,0.244,0.2556,0.2476
0.2516,0.2436,0.2572,0.2476
0.2504,0.2436,0.256,0.25
0.2524,0.2436,0.2552,0.2488
0.252,0.2452,0.254,0.2488
0.2512,0.2436,0.2552,0.25
0.2488,0.244,0.256,0.2512
0.2476,0.2436,0.2568,0.252
0.2492,0.2444,0.256,0.2504
0.2468,0.2452,0.2588,0.2492
0.2468,0.2448,0.2596,0.2488
0.2468,0.2436,0.2608,0.2488
0.2488,0.242,0.2624,0.2468
0.2488,0.2408,0.2636,0.2468
0.2484,0.2432,0.2604,0.248
0.2476,0.244,0.26,0.2484
0.246,0.246,0.2604,0.2476
0.2472,0.2476,0.2572,0.248
0.2468,0.2464,0.2568,0.25
0.2452,0.2464,0.2584,0.25
0.246,0.2464,0.2576,0.25
0.2464,0.2456,0.2604,0.2476
0.246,0.2456,0.2616,0.2468
0.2476,0.2456,0.262,0.2448
0.2484,0.2456,0.2604,0.2456
0.2488,0.2464,0.2596,0.2452
0.2464,0.2472,0.2592,0.2472
0.2476,0.2468,0.2592,0.2464
0.2448,0.2476,0.26,0.2476
0.2476,0.2452,0.2608,0.2464
0.2468,0.244,0.26,0.2492
0.2464,0.2448,0.2592,0.2496
0.246,0.2464,0.2584,0.2492
0.2468,0.2464,0.2572,0.2496
0.246,0.2464,0.258,0.2496
0.2444,0.2488,0.2572,0.2496
0.2448,0.2492,0.256,0.25
0.248,0.2504,0.2552,0.2464
0.248,0.2496,0.256,0.2464
0.2484,0.246,0.2572,0.2484
0.2488,0.2456,0.258,0.2476
0.2496,0.2472,0.2556,0.2476
0.2488,0.2488,0.2556,0.2468
0.2492,0.2496,0.2544,0.2468
0.2488,0.2484,0.2536,0.2492
0.2488,0.2476,0.2544,0.2492
0.2476,0.248,0.254,0.2504
0.246,0.2468,0.2552,0.252
0.2476,0.2452,0.2548,0.2524
0.2468,0.2464,0.2536,0.2532
0.2484,0.2476,0.252,0.252
0.2516,0.2456,0.2508,0.252
0.2532,0.2428,0.252,0.252
0.2532,0.2432,0.2508,0.2528
0.2512,0.244,0.2524,0.2524
0.25,0.244,0.2532,0.2528
0.25,0.2436,0.2532,0.2532
0.2484,0.244,0.2552,0.2524
0.2472,0.2448,0.2568,0.2512
0.2476,0.2452,0.2556,0.2516
0.2492,0.2452,0.2524,0.2532
0.252,0.244,0.2508,0.2532
0.2528,0.242,0.2512,0.254
0.2524,0.2424,0.2508,0.2544
0.2536,0.242,0.2516,0.2528
0.254,0.2424,0.2504,0.2532
0.2544,0.2436,0.2492,0.2528
0.2528,0.2464,0.2484,0.2524
0.2528,0.2464,0.2476,0.2532
0.252,0.2488,0.2464,0.2528
0.252,0.2496,0.2452,0.2532
0.2544,0.2476,0.2448,0.2532
0.254,0.2488,0.2444,0.2528
0.2532,0.25,0.244,0.2528
0.2524,0.2516,0.2432,0.2528
0.2536,0.2528,0.2416,0.252
0.2536,0.2512,0.2416,0.2536
0.2528,0.2528,0.2424,0.252
0.2516,0.2528,0.244,0.2516
0.2512,0.2536,0.2448,0.2504
0.2504,0.2552,0.2452,0.2492
0.2504,0.2568,0.2444,0.2484
0.2512,0.2568,0.2436,0.2484
0.2496,0.256,0.2436,0.2508
0.2524,0.2572,0.2436,0.2468
0.2512,0.258,0.2444,0.2464
0.2512,0.2592,0.2432,0.2464
0.2504,0.2592,0.244,0.2464
0.2504,0.26,0.2432,0.2464
0.252,0.2596,0.2428,0.2456
0.2516,0.2592,0.2404,0.2488
0.2516,0.2596,0.2408,0.248
0.252,0.26,0.2416,0.2464
0.2516,0.2592,0.2416,0.2476
0.2528,0.2576,0.2408,0.2488
0.2536,0.258,0.2404,0.248
0.2536,0.2588,0.2408,0.2468
0.2524,0.2584,0.2408,0.2484
0.2528,0.2576,0.2404,0.2492
0.2516,0.2576,0.2404,0.2504
0.2532,0.2548,0.24,0.252
0.2524,0.2548,0.2404,0.2524
0.2556,0.2524,0.2404,0.2516
0.2556,0.2516,0.2412,0.2516
0.2556,0.2516,0.2408,0.252
0.2556,0.2524,0.2416,0.2504
0.2556,0.2548,0.2404,0.2492
0.2556,0.2548,0.2392,0.2504
0.2552,0.2548,0.2392,0.2508
0.2544,0.2556,0.2392,0.2508
0.2516,0.258,0.2388,0.2516
0.2516,0.2588,0.238,0.2516
0.2536,0.2592,0.2364,0.2508
0.2528,0.2588,0.2368,0.2516
0.2544,0.2572,0.2376,0.2508
0.254,0.2568,0.2368,0.2524
0.2532,0.256,0.2376,0.2532
0.2524,0.2552,0.2372,0.2552
0.2512,0.256,0.236,0.2568
0.2508,0.2584,0.234,0.2568
0.25,0.2596,0.2336,0.2568
0.252,0.2616,0.2328,0.2536
0.252,0.2616,0.2336,0.2528
0.2528,0.2608,0.2336,0.2528
0.2484,0.2616,0.236,0.254
0.248,0.2604,0.2368,0.2548
0.2464,0.2632,0.2348,0.2556
0.2484,0.2612,0.2344,0.256
0.2492,0.2604,0.2328,0.2576
0.2504,0.2612,0.2332,0.2552
0.2508,0.2624,0.2328,0.254
0.2508,0.2628,0.2332,0.2532
0.2512,0.262,0.2316,0.2552
0.2488,0.2624,0.2332,0.2556
0.2488,0.2636,0.2312,0.2564
0.2488,0.2652,0.2312,0.2548
0.248,0.2648,0.2324,0.2548
0.2484,0.262,0.234,0.2556
0.25,0.262,0.2324,0.2556
0.25,0.2608,0.232,0.2572
0.2512,0.2616,0.2308,0.2564
0.2516,0.2616,0.232,0.2548
0.254,0.2612,0.2308,0.254
0.254,0.2616,0.232,0.2524
0.2556,0.262,0.2308,0.2516
0.2536,0.2596,0.232,0.2548
0.2512,0.2612,0.2328,0.2548
0.252,0.2612,0.2316,0.2552
0.2528,0.2616,0.2296,0.256
0.2492,0.2628,0.2312,0.2568
0.2488,0.2636,0.2312,0.2564
0.2492,0.2636,0.2316,0.2556
0.2492,0.264,0.2312,0.2556
0.2496,0.262,0.2316,0.2568
0.2524,0.2608,0.2308,0.256
0.2548,0.2612,0.228,0.256
0.2556,0.2596,0.228,0.2568
0.2552,0.2612,0.2272,0.2564
0.256,0.262,0.228,0.254
0.2536,0.264,0.228,0.2544
0.2524,0.264,0.2288,0.2548
0.2528,0.2656,0.2268,0.2548
0.2524,0.264,0.2276,0.256
0.2516,0.2636,0.2296,0.2552
0.252,0.2644,0.2296,0.254
0.2524,0.2636,0.2296,0.2544
0.2528,0.2644,0.2288,0.254
0.2528,0.266,0.2272,0.254
0.2524,0.2664,0.2284,0.2528
0.252,0.266,0.23,0.252
0.2524,0.2656,0.2296,0.2524
0.2496,0.2668,0.23,0.2536
0.2488,0.2672,0.2304,0.2536
0.2496,0.2652,0.2308,0.2544
0.2496,0.2648,0.2328,0.2528
0.2512,0.266,0.2316,0.2512
0.254,0.2656,0.2316,0.2488
0.2556,0.2656,0.2312,0.2476
0.2552,0.264,0.234,0.2468
0.2596,0.2636,0.2348,0.242
0.2592,0.2636,0.2348,0.2424
0.2592,0.2632,0.2348,0.2428
0.26,0.2616,0.2348,0.2436
0.2604,0.2616,0.2332,0.2448
0.26,0.2612,0.2344,0.2444
0.258,0.2616,0.2344,0.246
0.2592,0.262,0.2332,0.2456
0.26,0.264,0.232,0.244
0.2592,0.2644,0.2332,0.2432
0.2588,0.2628,0.2344,0.244
0.2592,0.2612,0.2348,0.2448
0.2584,0.2596,0.2352,0.2468
0.258,0.2596,0.2356,0.2468
0.2572,0.2596,0.2372,0.246
0.258,0.2604,0.2364,0.2452
0.2584,0.2612,0.236,0.2444
0.2592,0.2612,0.234,0.2456
0.2616,0.2616,0.2324,0.2444
0.2608,0.2624,0.2324,0.2444
0.2616,0.2604,0.2332,0.2448
0.2632,0.2612,0.232,0.2436
0.2628,0.2592,0.2344,0.2436
0.262,0.2588,0.2348,0.2444
0.2632,0.2564,0.2348,0.2456
0.262,0.258,0.234,0.246
0.2612,0.2564,0.2336,0.2488
0.2608,0.2576,0.234,0.2476
0.2576,0.2592,0.2336,0.2496
0.2572,0.2616,0.2308,0.2504
0.2572,0.2624,0.2296,0.2508
0.2564,0.2624,0.2308,0.2504
0.2564,0.262,0.2304,0.2512
0.2572,0.2612,0.232,0.2496
0.2568,0.262,0.2304,0.2508
0.2576,0.258,0.2312,0.2532
0.2556,0.2616,0.2324,0.2504
0.2576,0.2584,0.2344,0.2496
0.2576,0.2576,0.2344,0.2504
0.2584,0.2572,0.2344,0.25
0.2568,0.2592,0.2332,0.2508
0.2548,0.2588,0.234,0.2524
0.2552,0.258,0.2356,0.2512
0.2548,0.2556,0.2376,0.252
0.2568,0.2552,0.2364,0.2516
0.2568,0.2584,0.2352,0.2496
0.256,0.2588,0.2348,0.2504
0.2544,0.2588,0.236,0.2508
0.2528,0.2588,0.2356,0.2528
0.254,0.2584,0.2364,0.2512
0.2548,0.2572,0.238,0.25
0.2548,0.2572,0.2392,0.2488
0.2536,0.2568,0.2404,0.2492
0.2544,0.2596,0.2368,0.2492
0.2564,0.2584,0.2372,0.248
0.256,0.2584,0.2372,0.2484
0.256,0.2588,0.2372,0.248
0.2584,0.2568,0.2372,0.2476
0.2584,0.2572,0.236,0.2484
0.2588,0.2576,0.2356,0.248
0.26,0.2552,0.2348,0.25
0.2604,0.2552,0.2356,0.2488
0.2616,0.2536,0.2364,0.2484
0.2624,0.2544,0.2348,0.2484
0.2624,0.2536,0.2364,0.2476
0.264,0.2548,0.2344,0.2468
0.2636,0.2572,0.2336,0.2456
0.264,0.256,0.2344,0.2456
0.264,0.256,0.234,0.246
0.2652,0.2536,0.2336,0.2476
0.2644,0.254,0.234,0.2476
0.2652,0.2536,0.2372,0.244
0.264,0.2544,0.2368,0.2448
0.2624,0.2556,0.2364,0.2456
0.2616,0.2556,0.2364,0.2464
0.2616,0.2548,0.2372,0.2464
0.2612,0.2536,0.2388,0.2464
0.2608,0.2536,0.2388,0.2468
0.2616,0.2536,0.2396,0.2452
0.262,0.2548,0.2392,0.244
0.262,0.2552,0.2404,0.2424
0.2624,0.2552,0.2412,0.2412
0.2632,0.2532,0.2412,0.2424
0.2632,0.2516,0.2432,0.242
0.264,0.2516,0.2424,0.242
0.264,0.252,0.2412,0.2428
0.262,0.2516,0.2432,0.2432
0.2624,0.2544,0.242,0.2412
0.2636,0.2516,0.2416,0.2432
0.2648,0.2504,0.2416,0.2432
0.2644,0.2496,0.2432,0.2428
0.2652,0.2484,0.242,0.2444
0.2648,0.2468,0.2412,0.2472
0.2636,0.2468,0.2412,0.2484
0.2648,0.246,0.2404,0.2488
0.2644,0.2456,0.2408,0.2492
0.2644,0.246,0.2388,0.2508
0.2656,0.2464,0.2368,0.2512
0.2644,0.2464,0.238,0.2512
0.2636,0.248,0.2392,0.2492
0.2628,0.2492,0.2388,0.2492
0.2628,0.2476,0.2392,0.2504
0.266,0.2472,0.238,0.2488
0.2668,0.2468,0.2388,0.2476
0.2668,0.2464,0.2388,0.248
0.2644,0.2484,0.2396,0.2476
0.2656,0.25,0.2396,0.2448
0.2644,0.252,0.2388,0.2448
0.2624,0.2532,0.2376,0.2468
0.262,0.2544,0.2372,0.2464
0.2624,0.2548,0.2368,0.246
0.2604,0.2552,0.238,0.2464
0.2592,0.254,0.24,0.2468
0.2584,0.2552,0.2408,0.2456
0.2576,0.254,0.2412,0.2472
0.2592,0.252,0.242,0.2468
0.2592,0.2512,0.2428,0.2468
0.2592,0.25,0.2452,0.2456
0.2584,0.2512,0.2464,0.244
0.2588,0.2516,0.2464,0.2432
0.2572,0.252,0.2468,0.244
0.2568,0.2528,0.246,0.2444
0.2576,0.2516,0.2448,0.246
0.2576,0.2516,0.2456,0.2452
0.2588,0.254,0.2436,0.2436
0.2588,0.2536,0.2456,0.242
0.258,0.2508,0.2464,0.2448
0.2588,0.2516,0.2452,0.2444
0.2608,0.2516,0.2432,0.2444
0.2608,0.2512,0.244,0.244
0.2616,0.2512,0.244,0.2432
0.2612,0.2516,0.2432,0.244
0.264,0.2496,0.2428,0.2436
0.2648,0.2492,0.2416,0.2444
0.2644,0.2492,0.2432,0.2432
0.2644,0.2488,0.2444,0.2424
0.2656,0.2468,0.2448,0.2428
0.2676,0.246,0.2448,0.2416
0.2664,0.2472,0.2444,0.242
0.266,0.2468,0.2452,0.242
0.2676,0.2464,0.2436,0.2424
0.2688,0.2476,0.2428,0.2408
0.2688,0.2484,0.2424,0.2404
0.2672,0.2476,0.2436,0.2416
0.2656,0.2464,0.246,0.242
0.264,0.248,0.2456,0.2424
0.2648,0.2496,0.2452,0.2404
0.2612,0.2524,0.2444,0.242
0.2612,0.252,0.2464,0.2404
0.2608,0.2524,0.2464,0.2404
0.262,0.25,0.248,0.24
0.2608,0.2492,0.2488,0.2412
0.2604,0.25,0.2492,0.2404
0.2588,0.2484,0.2508,0.242
0.2596,0.2472,0.2508,0.2424
0.2576,0.248,0.252,0.2424
0.2572,0.2456,0.2528,0.2444
0.2576,0.2444,0.2516,0.2464
0.2548,0.2448,0.2524,0.248
0.2532,0.246,0.2516,0.2492
0.252,0.2472,0.2524,0.2484
0.2544,0.2456,0.252,0.248
0.2536,0.2432,0.2528,0.2504
0.254,0.244,0.2524,0.2496
0.2548,0.244,0.2508,0.2504
0.254,0.242,0.254,0.25
0.2544,0.2416,0.2536,0.2504
0.2564,0.24,0.2536,0.25
0.2572,0.2388,0.2532,0.2508
0.2564,0.2364,0.254,0.2532
0.254,0.238,0.254,0.254
0.254,0.2376,0.2556,0.2528
0.2536,0.2392,0.2564,0.2508
0.2528,0.2392,0.2568,0.2512
0.252,0.238,0.2588,0.2512
0.2544,0.2376,0.2596,0.2484
0.254,0.2376,0.2616,0.2468
0.2544,0.2392,0.262,0.2444
0.2552,0.238,0.2628,0.244
0.2568,0.2368,0.2624,0.244
0.2564,0.2388,0.2616,0.2432
0.2572,0.2392,0.2604,0.2432
0.26,0.2384,0.2608,0.2408
0.2596,0.2396,0.2608,0.24
0.2604,0.2412,0.2592,0.2392
0.2608,0.2412,0.2596,0.2384
0.2616,0.2412,0.2592,0.238
0.2608,0.2424,0.258,0.2388
0.2588,0.2428,0.2596,0.2388
0.2584,0.2432,0.2592,0.2392
0.2572,0.2424,0.2608,0.2396
0.2576,0.2428,0.2604,0.2392
0.256,0.2428,0.2616,0.2396
0.2572,0.2416,0.262,0.2392
0.2576,0.2408,0.2612,0.2404
0.258,0.2396,0.262,0.2404
0.2588,0.2408,0.2612,0.2392
0.258,0.2424,0.2608,0.2388
0.2596,0.2416,0.2592,0.2396
0.258,0.2404,0.2596,0.242
0.256,0.2428,0.26,0.2412
0.256,0.2432,0.2588,0.242
0.256,0.244,0.2588,0.2412
0.2548,0.246,0.2588,0.2404
0.254,0.2464,0.2608,0.2388
0.254,0.2464,0.2596,0.24
0.2544,0.248,0.2584,0.2392
0.2552,0.248,0.256,0.2408
0.256,0.2472,0.2552,0.2416
0.2556,0.2464,0.258,0.24
0.2552,0.2468,0.2572,0.2408
0.2564,0.246,0.2564,0.2412
0.256,0.2452,0.2576,0.2412
0.256,0.2444,0.258,0.2416
0.2564,0.2432,0.2584,0.242
0.256,0.2432,0.2576,0.2432
0.2564,0.2432,0.258,0.2424
0.2576,0.2416,0.2576,0.2432
0.2576,0.2424,0.2572,0.2428
0.2576,0.242,0.258,0.2424
0.256,0.242,0.2592,0.2428
0.2568,0.2408,0.2584,0.244
0.2568,0.2396,0.2596,0.244
0.2576,0.238,0.2596,0.2448
0.2604,0.2392,0.258,0.2424
0.2608,0.2396,0.2572,0.2424
0.2612,0.2404,0.256,0.2424
0.2612,0.2404,0.2552,0.2432
0.2596,0.2408,0.2544,0.2452
0.2592,0.2404,0.2552,0.2452
0.2604,0.2404,0.2552,0.244
0.2608,0.2412,0.2548,0.2432
0.2616,0.24,0.2556,0.2428
0.2612,0.2428,0.254,0.242
0.2608,0.2432,0.2544,0.2416
0.2604,0.2424,0.256,0.2412
0.262,0.2432,0.2532,0.2416
0.2636,0.2412,0.2532,0.242
0.264,0.2424,0.2524,0.2412
0.2616,0.2436,0.2536,0.2412
0.2632,0.2432,0.2516,0.242
0.2644,0.242,0.25,0.2436
0.2616,0.242,0.25,0.2464
0.2608,0.2416,0.2516,0.246
0.2596,0.24,0.2544,0.246
0.2612,0.2384,0.2552,0.2452
0.2596,0.2376,0.2556,0.2472
0.258,0.238,0.256,0.248
0.2568,0.2392,0.2568,0.2472
0.2544,0.238,0.2588,0.2488
0.2564,0.2348,0.2596,0.2492
0.2556,0.2344,0.2608,0.2492
0.2532,0.2372,0.2592,0.2504
0.2524,0.238,0.2596,0.25
0.25,0.2384,0.2592,0.2524
0.2492,0.2416,0.2584,0.2508
0.2516,0.242,0.258,0.2484
0.2504,0.242,0.2588,0.2488
0.252,0.2424,0.2584,0.2472
0.2492,0.2432,0.2604,0.2472
0.2484,0.244,0.26,0.2476
0.2484,0.2452,0.26,0.2464
0.2492,0.2444,0.26,0.2464
0.2516,0.2432,0.2592,0.246
0.2528,0.2432,0.2588,0.2452
0.2532,0.2432,0.2588,0.2448
0.2544,0.2432,0.258,0.2444
0.254,0.2452,0.2572,0.2436
0.254,0.246,0.2568,0.2432
0.254,0.2488,0.2556,0.2416
0.2532,0.2484,0.256,0.2424
0.2508,0.2508,0.2572,0.2412
0.2492,0.252,0.258,0.2408
0.2504,0.2532,0.2548,0.2416
0.25,0.2532,0.2552,0.2416
0.25,0.2532,0.2544,0.2424
0.2492,0.2532,0.2532,0.2444
0.2476,0.254,0.2548,0.2436
0.2452,0.2548,0.2544,0.2456
0.2448,0.2544,0.2556,0.2452
0.2448,0.252,0.2572,0.246
0.2436,0.2536,0.2556,0.2472
0.2468,0.2508,0.2548,0.2476
0.2476,0.2528,0.256,0.2436
0.2456,0.2536,0.256,0.2448
0.2436,0.2552,0.2572,0.244
0.2456,0.2548,0.2572,0.2424
0.246,0.2556,0.258,0.2404
0.2444,0.2576,0.258,0.24
0.244,0.2588,0.2568,0.2404
0.2448,0.2576,0.2568,0.2408
0.2432,0.2588,0.2576,0.2404
0.2448,0.2572,0.26,0.238
0.2464,0.256,0.2576,0.24
0.2472,0.2524,0.2588,0.2416
0.2464,0.252,0.2592,0.2424
0.2476,0.2524,0.26,0.24
0.2476,0.2516,0.2612,0.2396
0.246,0.252,0.2612,0.2408
0.2464,0.2512,0.2596,0.2428
0.2452,0.2508,0.2604,0.2436
0.2452,0.2496,0.2608,0.2444
0.2452,0.25,0.2604,0.2444
0.2452,0.2504,0.26,0.2444
0.2448,0.2504,0.26,0.2448
0.2452,0.2492,0.2604,0.2452
0.2436,0.2512,0.26,0.2452
0.2428,0.2512,0.2592,0.2468
0.244,0.2496,0.2604,0.246
0.2432,0.2496,0.2616,0.2456
0.2428,0.25,0.26,0.2472
0.2424,0.2492,0.2612,0.2472
0.2424,0.248,0.2636,0.246
0.244,0.2472,0.2632,0.2456
0.2428,0.2492,0.2648,0.2432
0.2436,0.2496,0.262,0.2448
0.2444,0.2472,0.2624,0.246
0.244,0.2484,0.2608,0.2468
0.2448,0.248,0.26,0.2472
0.2452,0.2484,0.2596,0.2468
0.2448,0.2496,0.2608,0.2448
0.2468,0.2472,0.262,0.244
0.2484,0.2468,0.2608,0.244
0.248,0.2476,0.26,0.2444
0.2472,0.2472,0.2592,0.2464
0.246,0.2476,0.2592,0.2472
0.2456,0.246,0.2588,0.2496
0.246,0.2464,0.258,0.2496
0.2464,0.2468,0.2576,0.2492
0.2468,0.2476,0.2544,0.2512
0.246,0.2484,0.2532,0.2524
0.2468,0.248,0.2532,0.252
0.248,0.248,0.2516,0.2524
0.2492,0.2476,0.2492,0.254
0.2492,0.2472,0.2504,0.2532
0.2492,0.2472,0.2492,0.2544
0.2496,0.2452,0.2492,0.256
0.2504,0.2464,0.2472,0.256
0.2492,0.2476,0.2488,0.2544
0.2492,0.2468,0.2476,0.2564
0.2496,0.2476,0.2468,0.256
0.2488,0.2468,0.2476,0.2568
0.2488,0.2464,0.2488,0.256
0.25,0.2444,0.2516,0.254
0.2476,0.2448,0.2536,0.254
0.2472,0.2456,0.2532,0.254
0.2468,0.2464,0.2532,0.2536
0.2472,0.2452,0.2528,0.2548
0.2468,0.2476,0.2532,0.2524
0.2452,0.2476,0.2532,0.254
0.2452,0.2492,0.2532,0.2524
0.2472,0.2496,0.2528,0.2504
0.2476,0.2488,0.2536,0.25
0.2496,0.2492,0.2512,0.25
0.2524,0.2476,0.2508,0.2492
0.2528,0.248,0.2496,0.2496
0.2552,0.2476,0.2496,0.2476
0.2556,0.246,0.2492,0.2492
0.254,0.2464,0.2536,0.246
0.2528,0.2472,0.254,0.246
0.2528,0.2468,0.2548,0.2456
0.252,0.2472,0.2568,0.244
0.2552,0.2448,0.2572,0.2428
0.2548,0.2456,0.2564,0.2432
0.2552,0.2456,0.256,0.2432
0.2544,0.2452,0.2568,0.2436
0.2552,0.244,0.26,0.2408
0.256,0.244,0.2596,0.2404
0.2564,0.2444,0.2596,0.2396
0.2568,0.2444,0.2588,0.24
0.2552,0.2452,0.2592,0.2404
