R,A,S,N
0.0,0.0,0.0,1.0
0.0,0.0,0.3333333333333333,0.6666666666666666
0.0,0.0,0.46153846153846156,0.5384615384615384
0.0,0.0,0.5,0.5
0.0392156862745098,0.0392156862745098,0.5294117647058824,0.39215686274509803
0.04878048780487805,0.036585365853658534,0.6097560975609756,0.3048780487804878
0.06201550387596899,0.046511627906976744,0.627906976744186,0.26356589147286824
0.08947368421052632,0.04736842105263158,0.631578947368421,0.23157894736842105
0.10830324909747292,0.05776173285198556,0.6245487364620939,0.20938628158844766
0.12631578947368421,0.06315789473684211,0.618421052631579,0.19210526315789472
0.13636363636363635,0.07312252964426877,0.6027667984189723,0.18774703557312253
0.14548238897396631,0.08575803981623277,0.5819295558958653,0.18683001531393567
0.15206812652068127,0.0948905109489051,0.5693430656934306,0.18369829683698297
0.15846456692913385,0.10433070866141732,0.5531496062992126,0.18405511811023623
0.16189697465249386,0.11447260834014718,0.5412919051512673,0.18233851185609157
0.16421052631578947,0.12421052631578948,0.5319298245614035,0.17964912280701753
0.1663597298956415,0.13505217925107427,0.519950890116636,0.17863720073664824
0.16666666666666666,0.14583333333333334,0.5071271929824561,0.18037280701754385
0.1702970297029703,0.15445544554455445,0.49455445544554455,0.1806930693069307
0.1697854860794158,0.16111364673664993,0.4874486535828389,0.1816522136010954
0.16955767562879445,0.16652211621856028,0.48308759757155245,0.1808326105810928
0.16876046901172528,0.1704355108877722,0.478643216080402,0.18216080402010051
0.16993464052287582,0.17483660130718953,0.47344771241830064,0.18178104575163398
0.1710261569416499,0.1750503018108652,0.4716297786720322,0.1822937625754527
0.17053642914331466,0.17854283426741394,0.47037630104083267,0.18054443554843874
0.1692,0.1784,0.47,0.1824
0.1704,0.1792,0.4676,0.1828
0.17,0.1792,0.4672,0.1836
0.172,0.18,0.4652,0.1828
0.1716,0.1808,0.4616,0.186
0.172,0.1808,0.4588,0.1884
0.1728,0.1816,0.458,0.1876
0.1744,0.1808,0.4576,0.1872
0.1756,0.1808,0.4564,0.1872
0.1748,0.1824,0.454,0.1888
0.176,0.184,0.452,0.188
0.176,0.1832,0.452,0.1888
0.178,0.1852,0.4484,0.1884
0.1792,0.186,0.444,0.1908
0.1796,0.1848,0.4444,0.1912
0.1808,0.1864,0.4416,0.1912
0.1812,0.1888,0.4396,0.1904
0.1828,0.1892,0.4372,0.1908
0.1808,0.1896,0.4404,0.1892
0.182,0.1912,0.4368,0.19
0.1828,0.1916,0.4348,0.1908
0.1848,0.192,0.4332,0.19
0.1848,0.1928,0.4316,0.1908
0.1848,0.1948,0.4296,0.1908
0.1836,0.1956,0.4292,0.1916
0.186,0.1956,0.4256,0.1928
0.1872,0.1968,0.424,0.192
0.1872,0.1972,0.4208,0.1948
0.1904,0.1972,0.4176,0.1948
0.1932,0.1964,0.414,0.1964
0.192,0.1976,0.4136,0.1968
0.1936,0.196,0.4128,0.1976
0.1944,0.1956,0.412,0.198
0.1956,0.1968,0.4096,0.198
0.1968,0.196,0.4092,0.198
0.1972,0.1964,0.4084,0.198
0.1992,0.1964,0.4064,0.198
0.1996,0.1976,0.4052,0.1976
0.1992,0.1988,0.4032,0.1988
0.1992,0.1988,0.4036,0.1984
0.2016,0.1984,0.4016,0.1984
0.2024,0.1992,0.4012,0.1972
0.204,0.2,0.3984,0.1976
0.2036814725890356,0.2036814725890356,0.39575830332132855,0.19687875150060025
0.2036,0.2052,0.3972,0.194
0.2032,0.2052,0.3968,0.1948
0.2056,0.2048,0.3944,0.1952
0.2056,0.2048,0.3916,0.198
0.2076,0.204,0.39,0.1984
0.2084,0.2056,0.388,0.198
0.2108,0.2044,0.386,0.1988
0.2144,0.2028,0.3844,0.1984
0.2152,0.2028,0.382,0.2
0.216,0.2036,0.38,0.2004
0.2156,0.2048,0.38,0.1996
0.214,0.2052,0.3812,0.1996
0.2164,0.2036,0.3804,0.1996
0.2172,0.2032,0.3796,0.2
0.2204,0.2008,0.3784,0.2004
0.2208,0.2016,0.3772,0.2004
0.2204,0.2028,0.3772,0.1996
0.2204,0.2016,0.3776,0.2004
0.2196,0.202,0.3772,0.2012
0.2204,0.2024,0.3764,0.2008
0.2232,0.2028,0.3724,0.2016
0.2228,0.2024,0.3724,0.2024
0.2264,0.2012,0.3692,0.2032
0.2256,0.2024,0.3684,0.2036
0.2284,0.202,0.3664,0.2032
0.228,0.2028,0.3664,0.2028
0.2264,0.2036,0.366,0.204
0.2252,0.2044,0.3656,0.2048
0.224,0.2052,0.3656,0.2052
0.2252,0.2064,0.364,0.2044
0.2244,0.2056,0.364,0.206
0.2248,0.2064,0.3636,0.2052
0.2232,0.2068,0.3652,0.2048
0.2228,0.2088,0.3632,0.2052
0.2232,0.2108,0.362,0.204
0.2244,0.21,0.3624,0.2032
0.226,0.2108,0.3616,0.2016
0.226,0.2084,0.3624,0.2032
0.2268,0.2092,0.3612,0.2028
0.226,0.2124,0.3596,0.202
0.2268,0.2148,0.3564,0.202
0.2252,0.2148,0.3556,0.2044
0.2256,0.2188,0.3508,0.2048
0.226,0.2192,0.3492,0.2056
0.2252,0.2216,0.3488,0.2044
0.22408963585434175,0.22168867547018808,0.34893957583033214,0.20528211284513806
0.2224,0.2232,0.3496,0.2048
0.2236,0.2224,0.3484,0.2056
0.2236,0.2232,0.3452,0.208
0.2252,0.2232,0.3436,0.208
0.2268,0.224,0.3416,0.2076
0.2272,0.2248,0.34,0.208
0.2272,0.222,0.3408,0.21
0.2256,0.2236,0.3428,0.208
0.2264,0.2216,0.342,0.21
0.2296,0.2204,0.3388,0.2112
0.2292,0.2208,0.3388,0.2112
0.2272,0.2216,0.3384,0.2128
0.2272,0.222,0.3368,0.214
0.2272,0.2224,0.3356,0.2148
0.2264,0.2228,0.3356,0.2152
0.226,0.2252,0.332,0.2168
0.2256,0.2248,0.3324,0.2172
0.2256,0.226,0.3332,0.2152
0.226,0.2272,0.332,0.2148
0.226,0.2276,0.3328,0.2136
0.2256,0.2284,0.3328,0.2132
0.226,0.2292,0.3332,0.2116
0.2292,0.2288,0.3316,0.2104
0.2304,0.2268,0.3316,0.2112
0.2272,0.2276,0.3332,0.212
0.2268,0.2276,0.3336,0.212
0.2276,0.2264,0.334,0.212
0.2276,0.2264,0.3344,0.2116
0.228,0.2272,0.3336,0.2112
0.2264,0.2268,0.3344,0.2124
0.224,0.2292,0.3372,0.2096
0.2256,0.2296,0.3328,0.212
0.226,0.2288,0.3328,0.2124
0.2256,0.2304,0.3332,0.2108
0.2256,0.2308,0.3328,0.2108
0.226,0.2308,0.334,0.2092
0.226,0.232,0.3324,0.2096
0.2256,0.2324,0.3304,0.2116
0.2252,0.2304,0.332,0.2124
0.2256,0.2312,0.3292,0.214
0.2256,0.2304,0.3284,0.2156
0.2248,0.232,0.3292,0.214
0.2248,0.2332,0.3276,0.2144
0.2244,0.2332,0.3284,0.214
0.2252,0.2312,0.328,0.2156
0.228,0.2304,0.3264,0.2152
0.2276,0.2316,0.324,0.2168
0.2272,0.2332,0.3224,0.2172
0.2272,0.2324,0.3224,0.218
0.2256,0.232,0.3224,0.22
0.2256,0.232,0.3236,0.2188
0.2244,0.2332,0.324,0.2184
0.222,0.2352,0.322,0.2208
0.222,0.2372,0.3196,0.2212
0.2224,0.2404,0.3176,0.2196
0.2236,0.2412,0.316,0.2192
0.2228,0.242,0.3176,0.2176
0.2228,0.2444,0.3172,0.2156
0.2228,0.2428,0.3176,0.2168
0.2224,0.2432,0.3184,0.216
0.224,0.2448,0.3176,0.2136
0.2272,0.2468,0.3132,0.2128
0.228,0.244,0.3156,0.2124
0.2284,0.2452,0.3144,0.212
0.2288,0.2436,0.3152,0.2124
0.2292,0.2424,0.3144,0.214
0.2296,0.2436,0.314,0.2128
0.228,0.2432,0.3152,0.2136
0.2276,0.2432,0.3128,0.2164
0.2284,0.246,0.3104,0.2152
0.2272,0.2468,0.312,0.214
0.2276,0.2472,0.3112,0.214
0.2276,0.248,0.3108,0.2136
0.2264,0.2472,0.3116,0.2148
0.226,0.2476,0.3112,0.2152
0.2268,0.2476,0.3112,0.2144
0.2292,0.246,0.3104,0.2144
0.2292,0.2468,0.3108,0.2132
0.228,0.2488,0.3088,0.2144
0.2276,0.248,0.31,0.2144
0.2304,0.2468,0.3096,0.2132
0.2292,0.248,0.308,0.2148
0.2296,0.2484,0.3072,0.2148
0.2288,0.2492,0.3076,0.2144
0.2308,0.248,0.3068,0.2144
0.2304,0.246,0.31,0.2136
0.23,0.2452,0.31,0.2148
0.2296,0.2476,0.308,0.2148
0.2304,0.2464,0.3056,0.2176
0.2312,0.2452,0.306,0.2176
0.2324,0.2444,0.3056,0.2176
0.2348,0.2428,0.3056,0.2168
0.2352,0.2424,0.3048,0.2176
0.2352,0.242,0.3044,0.2184
0.2364,0.2432,0.3028,0.2176
0.238,0.242,0.3024,0.2176
0.2392,0.2416,0.3024,0.2168
0.2388,0.2412,0.302,0.218
0.2352,0.2428,0.3024,0.2196
0.2352,0.2432,0.2996,0.222
0.2348,0.2432,0.3012,0.2208
0.2356,0.244,0.3008,0.2196
0.2356,0.2444,0.3004,0.2196
0.236,0.244,0.2996,0.2204
0.234,0.2432,0.3004,0.2224
0.2332,0.2436,0.3016,0.2216
0.2328,0.2452,0.2988,0.2232
0.2312,0.2444,0.2988,0.2256
0.2312,0.2432,0.298,0.2276
0.232,0.2432,0.2976,0.2272
0.234,0.2432,0.2968,0.226
0.2344,0.2428,0.2956,0.2272
0.2336,0.2436,0.2972,0.2256
0.2364,0.2444,0.294,0.2252
0.2376,0.2444,0.2932,0.2248
0.236,0.244,0.2944,0.2256
0.236,0.2432,0.2936,0.2272
0.2352,0.2448,0.2904,0.2296
0.236,0.2444,0.29,0.2296
0.2356,0.2432,0.29,0.2312
0.2364,0.2424,0.2896,0.2316
0.2372,0.2412,0.2888,0.2328
0.2364,0.2416,0.2876,0.2344
0.236,0.2428,0.2872,0.234
0.2364,0.2428,0.2876,0.2332
0.2368,0.2424,0.2884,0.2324
0.2368,0.242,0.288,0.2332
0.2368,0.2412,0.2884,0.2336
0.2372,0.2404,0.2892,0.2332
0.2372,0.2412,0.2896,0.232
0.2356,0.242,0.2908,0.2316
0.2332,0.2436,0.292,0.2312
0.2344,0.2456,0.2904,0.2296
0.234,0.2464,0.2904,0.2292
0.2348,0.246,0.2904,0.2288
0.2372,0.244,0.2892,0.2296
0.2392,0.2468,0.2868,0.2272
0.2392,0.2468,0.2856,0.2284
0.2392,0.2472,0.284,0.2296
0.24,0.2452,0.2832,0.2316
0.2408,0.244,0.2828,0.2324
0.242,0.244,0.282,0.232
0.2424,0.2448,0.2792,0.2336
0.2428,0.2452,0.2788,0.2332
0.2436,0.2448,0.2784,0.2332
0.2452,0.2452,0.2772,0.2324
0.2452,0.2444,0.2776,0.2328
0.2456,0.2436,0.2788,0.232
0.2444,0.2444,0.2784,0.2328
0.2448,0.2432,0.2784,0.2336
0.2444,0.2448,0.2768,0.234
0.2444,0.2452,0.2764,0.234
0.2448,0.2452,0.2764,0.2336
0.2476,0.2444,0.2744,0.2336
0.2496,0.2444,0.2724,0.2336
0.2496,0.2456,0.2716,0.2332
0.2496,0.2464,0.2724,0.2316
0.2484,0.2464,0.274,0.2312
0.2476,0.2476,0.2736,0.2312
0.2476,0.2476,0.2716,0.2332
0.2476,0.2484,0.2712,0.2328
0.2456,0.25,0.2708,0.2336
0.2452,0.2492,0.2712,0.2344
0.2448,0.2492,0.2704,0.2356
0.2436,0.2496,0.2716,0.2352
0.244,0.2512,0.2692,0.2356
0.2456,0.2512,0.2676,0.2356
0.2476,0.2512,0.2664,0.2348
0.2472,0.2532,0.2672,0.2324
0.2484,0.2544,0.266,0.2312
0.2508,0.2544,0.2628,0.232
0.2504,0.2528,0.2628,0.234
0.2492,0.2516,0.2656,0.2336
0.2484,0.2508,0.2672,0.2336
0.2488,0.2516,0.2664,0.2332
0.2488,0.252,0.2656,0.2336
0.2488,0.2532,0.2652,0.2328
0.2504,0.2512,0.264,0.2344
0.2508,0.2528,0.2636,0.2328
0.2516,0.2504,0.2644,0.2336
0.25,0.2528,0.2644,0.2328
0.248,0.252,0.2652,0.2348
0.2492,0.252,0.2664,0.2324
0.2516,0.2504,0.2668,0.2312
0.2512,0.2508,0.2656,0.2324
0.2516,0.2496,0.2676,0.2312
0.2512,0.2492,0.268,0.2316
0.2516,0.2492,0.2672,0.232
0.2504,0.2508,0.2656,0.2332
0.25,0.2536,0.264,0.2324
0.2496,0.254,0.2632,0.2332
0.2492,0.2528,0.2644,0.2336
0.2496,0.2516,0.2656,0.2332
0.2524,0.2512,0.2636,0.2328
0.252,0.252,0.2652,0.2308
0.2528,0.2528,0.2644,0.23
0.2536,0.2516,0.264,0.2308
0.2548,0.2512,0.264,0.23
0.254,0.2528,0.2644,0.2288
0.254,0.2548,0.2648,0.2264
0.2532,0.2568,0.2636,0.2264
0.2544,0.2572,0.2616,0.2268
0.2544,0.2564,0.2616,0.2276
0.2528,0.2552,0.262,0.23
0.2508,0.2544,0.2624,0.2324
0.25,0.256,0.2632,0.2308
0.25,0.256,0.2644,0.2296
0.2508,0.254,0.2648,0.2304
0.2512,0.2516,0.2656,0.2316
0.2524,0.25,0.2644,0.2332
0.2516,0.2492,0.2668,0.2324
0.252,0.2508,0.266,0.2312
0.2512,0.252,0.2644,0.2324
0.252,0.2524,0.2624,0.2332
0.252,0.2524,0.2624,0.2332
0.2536,0.2524,0.2612,0.2328
0.2528,0.2524,0.2604,0.2344
0.2536,0.2532,0.2592,0.234
0.2528,0.2552,0.2588,0.2332
0.2544,0.254,0.2576,0.234
0.2544,0.2544,0.2584,0.2328
0.2544,0.2544,0.258,0.2332
0.2532,0.2552,0.2564,0.2352
0.2536,0.2564,0.256,0.234
0.2524,0.2552,0.258,0.2344
0.2536,0.2556,0.258,0.2328
0.2552,0.2548,0.256,0.234
0.256,0.2552,0.2548,0.234
0.2568,0.2548,0.2548,0.2336
0.2572,0.2564,0.2536,0.2328
0.254,0.2576,0.2548,0.2336
0.254,0.258,0.2532,0.2348
0.254,0.2568,0.2548,0.2344
0.2532,0.2564,0.2556,0.2348
0.2532,0.256,0.2548,0.236
0.2532,0.2552,0.2568,0.2348
0.2516,0.2552,0.2584,0.2348
0.2536,0.2536,0.2584,0.2344
0.2556,0.254,0.2572,0.2332
0.2556,0.2544,0.2572,0.2328
0.2576,0.254,0.254,0.2344
0.256,0.2552,0.2536,0.2352
0.256,0.2588,0.2512,0.234
0.258,0.2572,0.252,0.2328
0.2584,0.2556,0.252,0.234
0.2564,0.2564,0.2528,0.2344
0.2572,0.2556,0.2516,0.2356
0.2572,0.2552,0.2524,0.2352
0.2572,0.2544,0.2524,0.236
0.2564,0.2528,0.2544,0.2364
0.2564,0.2492,0.2576,0.2368
0.2544,0.2512,0.2564,0.238
0.2552,0.2524,0.2556,0.2368
0.2548,0.252,0.2556,0.2376
0.2548,0.2528,0.2552,0.2372
0.2576,0.2536,0.254,0.2348
0.2568,0.254,0.2532,0.236
0.2544,0.2552,0.2556,0.2348
0.2552,0.2548,0.2532,0.2368
0.2548,0.2544,0.2548,0.236
0.2552,0.2532,0.2556,0.236
0.2544,0.2544,0.2556,0.2356
0.254,0.2544,0.2548,0.2368
0.2548,0.2556,0.2536,0.236
0.2544,0.2564,0.2536,0.2356
0.2548,0.2556,0.2532,0.2364
0.2548,0.2532,0.254,0.238
0.2572,0.2524,0.2524,0.238
0.2596,0.2532,0.2508,0.2364
0.2584,0.256,0.25,0.2356
0.2568,0.256,0.2508,0.2364
0.2564,0.2572,0.2508,0.2356
0.2588,0.2564,0.2516,0.2332
0.2588,0.2564,0.2528,0.232
0.2592,0.2544,0.254,0.2324
0.2592,0.2556,0.2552,0.23
0.258,0.2576,0.2536,0.2308
0.258,0.2552,0.256,0.2308
0.2572,0.2548,0.2572,0.2308
0.2584,0.2548,0.258,0.2288
0.2608,0.2544,0.258,0.2268
0.2604,0.2556,0.2592,0.2248
0.2624,0.2548,0.258,0.2248
0.2612,0.2552,0.258,0.2256
0.2616,0.2548,0.258,0.2256
0.26,0.2556,0.2576,0.2268
0.26,0.2552,0.258,0.2268
0.26,0.256,0.258,0.226
0.2588,0.258,0.2596,0.2236
0.2564,0.2592,0.26,0.2244
0.2552,0.2592,0.2604,0.2252
0.2552,0.2588,0.2608,0.2252
0.2564,0.2584,0.2608,0.2244
0.2576,0.2604,0.2596,0.2224
0.2588,0.2592,0.2588,0.2232
0.2604,0.2576,0.2568,0.2252
0.2604,0.258,0.2564,0.2252
0.2596,0.2596,0.2556,0.2252
0.262,0.2588,0.2548,0.2244
0.2616,0.2584,0.2528,0.2272
0.2612,0.2592,0.2516,0.228
0.2624,0.2588,0.2496,0.2292
0.262,0.2596,0.248,0.2304
0.2624,0.2608,0.2472,0.2296
0.2624,0.2612,0.2464,0.23
0.2612,0.2604,0.2476,0.2308
0.2636,0.2592,0.2468,0.2304
0.2648,0.2604,0.2472,0.2276
0.262,0.262,0.246,0.23
0.262,0.2608,0.2468,0.2304
0.2616,0.2604,0.2472,0.2308
0.2632,0.2608,0.2456,0.2304
0.2628,0.2596,0.2472,0.2304
0.2628,0.2588,0.2468,0.2316
0.264,0.2588,0.246,0.2312
0.2628,0.2592,0.2472,0.2308
0.2624,0.2604,0.246,0.2312
0.262,0.2592,0.2472,0.2316
0.2616,0.258,0.248,0.2324
0.2608,0.2568,0.2476,0.2348
0.2596,0.258,0.2468,0.2356
0.2608,0.2584,0.246,0.2348
0.26,0.2568,0.248,0.2352
0.2628,0.254,0.2492,0.234
0.2624,0.2532,0.2492,0.2352
0.2644,0.254,0.2464,0.2352
0.2656,0.254,0.2456,0.2348
0.2664,0.2536,0.2448,0.2352
0.2652,0.254,0.246,0.2348
0.2624,0.2524,0.248,0.2372
0.2612,0.2516,0.2496,0.2376
0.2596,0.2516,0.2484,0.2404
0.26,0.2516,0.2476,0.2408
0.2604,0.252,0.2456,0.242
0.2604,0.2524,0.2452,0.242
0.26,0.252,0.2448,0.2432
0.2576,0.252,0.2452,0.2452
0.2592,0.2516,0.2436,0.2456
0.2584,0.2516,0.2416,0.2484
0.2608,0.2512,0.2416,0.2464
0.2608,0.2516,0.242,0.2456
0.2596,0.2512,0.242,0.2472
0.2568,0.2516,0.2436,0.248
0.2568,0.2504,0.2428,0.25
0.258,0.2484,0.2416,0.252
0.258,0.246,0.244,0.252
0.2596,0.2456,0.2448,0.25
0.258,0.2472,0.2444,0.2504
0.256,0.2492,0.2452,0.2496
0.256,0.2492,0.2452,0.2496
0.2584,0.2472,0.246,0.2484
0.2592,0.2468,0.2468,0.2472
0.2568,0.2476,0.2464,0.2492
0.2576,0.2476,0.2448,0.25
0.2552,0.2496,0.2448,0.2504
0.2532,0.2496,0.2452,0.252
0.2516,0.2508,0.2464,0.2512
0.2516,0.2504,0.2444,0.2536
0.2508,0.2492,0.2452,0.2548
0.2496,0.2492,0.2432,0.258
0.248,0.252,0.2444,0.2556
0.2488,0.2532,0.2428,0.2552
0.2484,0.2552,0.2424,0.254
0.2492,0.2548,0.2416,0.2544
0.2512,0.2528,0.242,0.254
0.252,0.2516,0.2428,0.2536
0.2524,0.2508,0.2432,0.2536
0.25,0.25,0.2452,0.2548
0.2508,0.2508,0.2444,0.254
0.2492,0.2508,0.2448,0.2552
0.2512,0.252,0.2424,0.2544
0.2516,0.2516,0.244,0.2528
0.2512,0.2532,0.2416,0.254
0.252,0.2524,0.2408,0.2548
0.2556,0.2536,0.238,0.2528
0.2552,0.2544,0.2368,0.2536
0.2552,0.2544,0.236,0.2544
0.2556,0.256,0.2348,0.2536
0.2564,0.2552,0.234,0.2544
0.2568,0.2552,0.2336,0.2544
0.2572,0.2548,0.2324,0.2556
0.2576,0.2568,0.2308,0.2548
0.2588,0.2548,0.2316,0.2548
0.2592,0.2544,0.2316,0.2548
0.258,0.2572,0.2308,0.254
0.2592,0.2556,0.2312,0.254
0.2588,0.2564,0.2324,0.2524
0.2572,0.2568,0.2328,0.2532
0.2544,0.2568,0.2344,0.2544
0.254,0.256,0.234,0.256
0.2528,0.2564,0.234,0.2568
0.2516,0.258,0.2352,0.2552
0.2532,0.256,0.2356,0.2552
0.2552,0.2544,0.2368,0.2536
0.2556,0.2536,0.2368,0.254
0.2556,0.2528,0.2364,0.2552
0.2552,0.2548,0.2368,0.2532
0.254,0.2544,0.2368,0.2548
0.2548,0.254,0.2368,0.2544
0.2552,0.252,0.2372,0.2556
0.2552,0.2492,0.2396,0.256
0.254,0.25,0.2388,0.2572
0.254,0.2504,0.2392,0.2564
0.2532,0.252,0.2396,0.2552
0.2544,0.2512,0.2404,0.254
0.2524,0.2512,0.2428,0.2536
0.2524,0.252,0.2428,0.2528
0.2528,0.2516,0.2416,0.254
0.2512,0.2524,0.2424,0.254
0.252,0.2516,0.2408,0.2556
0.2512,0.252,0.2424,0.2544
0.2516,0.2492,0.2432,0.256
0.2512,0.2516,0.2436,0.2536
0.2512,0.2508,0.244,0.254
0.2504,0.2508,0.2424,0.2564
0.2492,0.2524,0.2432,0.2552
0.2496,0.2516,0.2428,0.256
0.25,0.252,0.2424,0.2556
0.2468,0.2528,0.2436,0.2568
0.248,0.2516,0.2444,0.256
0.2484,0.2524,0.2436,0.2556
0.248,0.2512,0.2456,0.2552
0.2468,0.2528,0.2468,0.2536
0.2444,0.2544,0.2452,0.256
0.244,0.2548,0.2444,0.2568
0.2432,0.2532,0.2464,0.2572
0.242,0.2524,0.2464,0.2592
0.2396,0.2528,0.248,0.2596
0.2396,0.2536,0.2468,0.26
0.2396,0.2532,0.2472,0.26
0.2392,0.2556,0.2464,0.2588
0.2388,0.2556,0.2476,0.258
0.2396,0.2548,0.2472,0.2584
0.2384,0.2544,0.2476,0.2596
0.238,0.2532,0.2496,0.2592
0.238,0.2552,0.2496,0.2572
0.2376,0.2544,0.2488,0.2592
0.238,0.2528,0.2508,0.2584
0.2372,0.2528,0.252,0.258
0.238,0.2528,0.2496,0.2596
0.2408,0.2508,0.2492,0.2592
0.2428,0.2476,0.2512,0.2584
0.246,0.2488,0.2488,0.2564
0.2456,0.248,0.2508,0.2556
0.2464,0.2472,0.2508,0.2556
0.2468,0.2472,0.2516,0.2544
0.2488,0.248,0.2512,0.252
0.2492,0.248,0.2516,0.2512
0.2508,0.25,0.2508,0.2484
0.2512,0.2472,0.2528,0.2488
0.2512,0.2484,0.2516,0.2488
0.2504,0.2504,0.2508,0.2484
0.2508,0.2488,0.2512,0.2492
0.2516,0.2496,0.2512,0.2476
0.2536,0.2488,0.252,0.2456
0.2536,0.25,0.2516,0.2448
0.2544,0.2524,0.2476,0.2456
0.2556,0.2516,0.248,0.2448
0.256,0.2512,0.248,0.2448
0.2564,0.2492,0.252,0.2424
0.2552,0.2504,0.254,0.2404
0.2552,0.2504,0.2552,0.2392
0.2556,0.2488,0.256,0.2396
0.256,0.2496,0.2564,0.238
0.2584,0.2476,0.2568,0.2372
0.2616,0.2464,0.2552,0.2368
0.26,0.2492,0.2548,0.236
0.2588,0.2504,0.2552,0.2356
0.2572,0.2512,0.256,0.2356
0.258,0.2508,0.2556,0.2356
0.2592,0.25,0.2552,0.2356
0.2592,0.2504,0.2544,0.236
0.26,0.2496,0.2556,0.2348
0.2604,0.2496,0.2548,0.2352
0.2608,0.2524,0.2516,0.2352
0.2596,0.2532,0.252,0.2352
0.2596,0.2512,0.2536,0.2356
0.2604,0.2516,0.2532,0.2348
0.262,0.2524,0.2528,0.2328
0.2616,0.2528,0.2536,0.232
0.2608,0.256,0.2536,0.2296
0.262,0.2572,0.252,0.2288
0.2628,0.256,0.254,0.2272
0.2632,0.2568,0.2532,0.2268
0.2656,0.2576,0.2508,0.226
0.2656,0.256,0.252,0.2264
0.2664,0.256,0.2496,0.228
0.2652,0.2576,0.2468,0.2304
0.2648,0.2584,0.2452,0.2316
0.2656,0.2592,0.2464,0.2288
0.2664,0.258,0.2464,0.2292
0.2664,0.258,0.2452,0.2304
0.2652,0.2568,0.2472,0.2308
0.266,0.2576,0.2452,0.2312
0.268,0.2572,0.2432,0.2316
0.268,0.2588,0.2444,0.2288
0.2668,0.2608,0.2432,0.2292
0.2668,0.2596,0.244,0.2296
0.2664,0.2568,0.2464,0.2304
0.2648,0.2584,0.246,0.2308
0.266,0.256,0.2444,0.2336
0.2632,0.2564,0.2472,0.2332
0.2624,0.256,0.2468,0.2348
0.26,0.2568,0.2488,0.2344
0.2596,0.2572,0.2472,0.236
0.26,0.2564,0.2472,0.2364
0.2596,0.2552,0.2472,0.238
0.258,0.2568,0.2476,0.2376
0.2568,0.2572,0.248,0.238
0.2576,0.258,0.246,0.2384
0.258,0.2588,0.246,0.2372
0.2584,0.2592,0.2448,0.2376
0.2584,0.2596,0.244,0.238
0.2588,0.2592,0.244,0.238
0.2592,0.2616,0.2424,0.2368
0.2576,0.2632,0.2436,0.2356
0.2576,0.264,0.244,0.2344
0.258,0.2624,0.2436,0.236
0.258,0.2612,0.2432,0.2376
0.2584,0.26,0.2436,0.238
0.26,0.2588,0.2444,0.2368
0.2616,0.2592,0.2436,0.2356
0.2624,0.2592,0.2436,0.2348
0.2616,0.2596,0.2436,0.2352
0.2612,0.2584,0.2452,0.2352
0.2628,0.2576,0.2456,0.234
0.2608,0.258,0.2468,0.2344
0.2592,0.2572,0.2492,0.2344
0.2608,0.2584,0.2472,0.2336
0.2604,0.2596,0.2476,0.2324
0.2584,0.2608,0.248,0.2328
0.2592,0.26,0.2464,0.2344
0.258,0.2616,0.2464,0.234
0.2568,0.2628,0.2444,0.236
0.2556,0.2636,0.2448,0.236
0.2572,0.2624,0.2472,0.2332
0.2584,0.2616,0.2468,0.2332
0.258,0.2624,0.2456,0.234
0.258,0.2624,0.246,0.2336
0.2584,0.2604,0.2476,0.2336
0.2592,0.26,0.2472,0.2336
0.26,0.2604,0.246,0.2336
0.2596,0.2584,0.2472,0.2348
0.2616,0.2584,0.2468,0.2332
0.2596,0.2596,0.2464,0.2344
0.2604,0.2592,0.246,0.2344
0.2616,0.258,0.2452,0.2352
0.26,0.2588,0.2468,0.2344
0.26,0.2588,0.2456,0.2356
0.2576,0.2604,0.2452,0.2368
0.256,0.26,0.2476,0.2364
0.2576,0.2588,0.248,0.2356
0.2572,0.2592,0.2484,0.2352
0.256,0.2584,0.2484,0.2372
0.2568,0.2584,0.2508,0.234
0.256,0.258,0.2536,0.2324
0.2564,0.258,0.2528,0.2328
0.2556,0.2596,0.2516,0.2332
0.2564,0.2612,0.2516,0.2308
0.2576,0.2636,0.2504,0.2284
0.258,0.2636,0.2504,0.228
0.2564,0.264,0.25,0.2296
0.2572,0.2632,0.2504,0.2292
0.2552,0.2624,0.2512,0.2312
0.2552,0.2624,0.2504,0.232
0.2552,0.2608,0.2516,0.2324
0.2528,0.262,0.2528,0.2324
0.2552,0.26,0.252,0.2328
0.2544,0.2588,0.2516,0.2352
0.254,0.26,0.2516,0.2344
0.2556,0.2604,0.2516,0.2324
0.2572,0.26,0.2496,0.2332
0.2588,0.258,0.2488,0.2344
0.2592,0.2584,0.248,0.2344
0.2608,0.2576,0.248,0.2336
0.26,0.256,0.2492,0.2348
0.26,0.2548,0.2508,0.2344
0.256,0.256,0.2496,0.2384
0.2564,0.256,0.2504,0.2372
0.2572,0.256,0.25,0.2368
0.2576,0.2552,0.252,0.2352
0.2576,0.2552,0.2528,0.2344
0.2584,0.2552,0.2536,0.2328
0.2572,0.256,0.2536,0.2332
0.2572,0.2572,0.2532,0.2324
0.2572,0.256,0.2556,0.2312
0.2576,0.2564,0.2552,0.2308
0.2596,0.2564,0.2536,0.2304
0.2576,0.2568,0.254,0.2316
0.2568,0.258,0.2532,0.232
0.256,0.2576,0.2536,0.2328
0.256,0.2584,0.2548,0.2308
0.2576,0.2576,0.2528,0.232
0.2572,0.2556,0.2524,0.2348
0.258,0.2548,0.2532,0.234
0.2576,0.2564,0.2536,0.2324
0.2576,0.256,0.2532,0.2332
0.2572,0.256,0.2532,0.2336
0.256,0.2572,0.2532,0.2336
0.2596,0.2564,0.2516,0.2324
0.2592,0.2568,0.252,0.232
0.2592,0.2568,0.2528,0.2312
0.2584,0.2568,0.2536,0.2312
0.2596,0.2544,0.254,0.232
0.2608,0.2544,0.2532,0.2316
0.2604,0.2544,0.2532,0.232
0.2596,0.254,0.2548,0.2316
0.2592,0.252,0.2572,0.2316
0.2624,0.2516,0.256,0.23
0.2648,0.2508,0.2548,0.2296
0.264,0.2508,0.2576,0.2276
0.268,0.248,0.2564,0.2276
0.2708,0.2492,0.2524,0.2276
0.27,0.248,0.2524,0.2296
0.2692,0.2484,0.2524,0.23
0.2668,0.2492,0.2528,0.2312
0.2664,0.25,0.2524,0.2312
0.262,0.2508,0.2548,0.2324
0.262,0.252,0.2532,0.2328
0.2632,0.25,0.2548,0.232
0.26,0.2484,0.2592,0.2324
0.2604,0.2488,0.2584,0.2324
0.2616,0.248,0.2572,0.2332
0.2624,0.2496,0.2564,0.2316
0.2612,0.2512,0.256,0.2316
0.2608,0.2512,0.2564,0.2316
0.2608,0.2512,0.2568,0.2312
0.2616,0.25,0.2576,0.2308
0.2588,0.2516,0.2584,0.2312
0.2592,0.252,0.2584,0.2304
0.26,0.2508,0.2568,0.2324
0.2604,0.2504,0.2564,0.2328
0.2608,0.2512,0.2564,0.2316
0.2584,0.2536,0.2576,0.2304
0.2584,0.2524,0.2576,0.2316
0.2584,0.2524,0.2588,0.2304
0.2588,0.2528,0.2584,0.23
0.2592,0.2536,0.2556,0.2316
0.2588,0.254,0.2544,0.2328
0.2576,0.2552,0.2552,0.232
0.2572,0.256,0.254,0.2328
0.2584,0.2552,0.2544,0.232
0.2564,0.2532,0.2552,0.2352
0.2576,0.2528,0.2548,0.2348
0.2552,0.2532,0.2564,0.2352
0.2548,0.2528,0.2588,0.2336
0.254,0.2532,0.2572,0.2356
0.2548,0.2528,0.2576,0.2348
0.2548,0.2532,0.2572,0.2348
0.2528,0.2528,0.258,0.2364
0.2528,0.252,0.2588,0.2364
0.254,0.2504,0.2576,0.238
0.256,0.2488,0.2572,0.238
0.2564,0.248,0.2584,0.2372
0.2552,0.2484,0.2588,0.2376
0.2548,0.2484,0.2572,0.2396
0.256,0.2488,0.2552,0.24
0.2548,0.25,0.2552,0.24
0.256,0.25,0.2536,0.2404
0.2548,0.2496,0.2536,0.242
0.2552,0.25,0.2504,0.2444
0.256,0.2484,0.2496,0.246
0.2548,0.2492,0.2496,0.2464
0.2548,0.2496,0.2496,0.246
0.2544,0.2464,0.2512,0.248
0.252,0.2464,0.2516,0.25
0.2508,0.2468,0.2508,0.2516
0.25,0.248,0.252,0.25
0.2492,0.2492,0.2548,0.2468
0.2472,0.2492,0.2564,0.2472
0.2492,0.2484,0.2548,0.2476
0.2492,0.2496,0.2544,0.2468
0.2472,0.2496,0.2548,0.2484
0.2496,0.25,0.2548,0.2456
0.2492,0.2492,0.2556,0.246
0.2492,0.2496,0.256,0.2452
0.2496,0.25,0.2576,0.2428
0.2492,0.2488,0.2592,0.2428
0.2476,0.2516,0.2584,0.2424
0.2476,0.2516,0.2588,0.242
0.2476,0.2524,0.258,0.242
0.2468,0.2524,0.2584,0.2424
0.2456,0.2524,0.2596,0.2424
0.2444,0.2532,0.2588,0.2436
0.2464,0.2532,0.2568,0.2436
0.246,0.2524,0.258,0.2436
0.2448,0.2544,0.2568,0.244
0.2448,0.2564,0.2572,0.2416
0.2448,0.2564,0.256,0.2428
0.2456,0.2568,0.256,0.2416
0.2452,0.2572,0.2556,0.242
0.2452,0.2556,0.2564,0.2428
0.248,0.254,0.2556,0.2424
0.2492,0.252,0.2564,0.2424
0.2484,0.2516,0.256,0.244
0.2456,0.2528,0.2576,0.244
0.2444,0.2536,0.2568,0.2452
0.2432,0.2528,0.2576,0.2464
0.244,0.254,0.2568,0.2452
0.2452,0.2536,0.254,0.2472
0.2444,0.2536,0.2536,0.2484
0.2452,0.2528,0.254,0.248
0.244,0.2528,0.2548,0.2484
0.2448,0.2528,0.2552,0.2472
0.2424,0.2536,0.256,0.248
0.2428,0.2536,0.2548,0.2488
0.2424,0.2532,0.2556,0.2488
0.2428,0.2536,0.2552,0.2484
0.2424,0.254,0.2548,0.2488
0.2428,0.2544,0.254,0.2488
0.2436,0.2528,0.2548,0.2488
0.2436,0.2524,0.2552,0.2488
0.2416,0.2548,0.254,0.2496
0.2408,0.2536,0.2564,0.2492
0.2412,0.2544,0.2548,0.2496
0.2396,0.2568,0.2536,0.25
0.242,0.2568,0.2536,0.2476
0.2412,0.258,0.2536,0.2472
0.2408,0.2576,0.254,0.2476
0.2428,0.2588,0.2536,0.2448
0.2416,0.2584,0.2536,0.2464
0.2424,0.2592,0.252,0.2464
0.2444,0.2584,0.2512,0.246
0.2444,0.2576,0.2516,0.2464
0.2432,0.2592,0.2508,0.2468
0.24329731892757103,0.25970388155262103,0.25090036014405764,0.2460984393757503
0.244,0.2596,0.2504,0.246
0.244,0.2592,0.2508,0.246
0.2444,0.2604,0.2496,0.2456
0.244,0.2608,0.25,0.2452
0.2452,0.2596,0.2508,0.2444
0.2472,0.2592,0.248,0.2456
0.246,0.2612,0.248,0.2448
0.2444,0.2608,0.2488,0.246
0.242,0.2624,0.2476,0.248
0.2428,0.262,0.2484,0.2468
0.2436,0.2624,0.2488,0.2452
0.2452,0.2604,0.2488,0.2456
0.2456,0.2584,0.2492,0.2468
0.246,0.2584,0.2504,0.2452
0.244,0.26,0.2512,0.2448
0.242,0.2608,0.2532,0.244
0.2412,0.2624,0.252,0.2444
0.2428,0.2604,0.2512,0.2456
0.2408,0.2616,0.2516,0.246
0.2408,0.2616,0.2508,0.2468
0.2412,0.2596,0.2508,0.2484
0.24009603841536614,0.2613045218087235,0.25130052020808324,0.24729891956782712
0.2392,0.2632,0.2496,0.248
0.2372,0.2632,0.2512,0.2484
0.2396,0.2608,0.2508,0.2488
0.2396,0.2592,0.2504,0.2508
0.2404,0.2588,0.25,0.2508
0.24,0.2584,0.2524,0.2492
0.24,0.2588,0.2524,0.2488
0.242,0.258,0.2524,0.2476
0.2444,0.2592,0.25,0.2464
0.2432,0.2592,0.2496,0.248
0.2444,0.2576,0.2488,0.2492
0.2436,0.258,0.2496,0.2488
0.244,0.2564,0.2496,0.25
0.2448,0.2552,0.2504,0.2496
0.2456,0.258,0.2488,0.2476
0.246,0.2576,0.2476,0.2488
0.2456,0.2568,0.2488,0.2488
0.2448,0.2548,0.2492,0.2512
0.248,0.2536,0.2496,0.2488
0.248,0.2548,0.248,0.2492
0.2484,0.2544,0.2456,0.2516
0.2476,0.2536,0.246,0.2528
0.2472,0.2544,0.2472,0.2512
0.2464,0.2556,0.2472,0.2508
0.2444,0.256,0.2484,0.2512
0.2432,0.2552,0.2496,0.252
0.2412,0.2544,0.2504,0.254
0.24,0.2568,0.2484,0.2548
0.2384,0.2572,0.2488,0.2556
0.238,0.2576,0.2488,0.2556
0.2384,0.2572,0.248,0.2564
0.2376,0.256,0.2484,0.258
0.2384,0.2568,0.2464,0.2584
0.2392,0.2568,0.2444,0.2596
0.24,0.2568,0.2432,0.26
0.2416,0.2572,0.2424,0.2588
0.2424,0.2568,0.242,0.2588
0.2424,0.2568,0.24,0.2608
0.2416,0.2588,0.24,0.2596
0.2416,0.2584,0.2392,0.2608
0.2408,0.2588,0.238,0.2624
0.2392,0.2584,0.24,0.2624
0.2404,0.2572,0.2392,0.2632
0.2392,0.258,0.2392,0.2636
0.2408,0.258,0.2384,0.2628
0.2404,0.2596,0.2376,0.2624
0.238,0.2612,0.2376,0.2632
0.2376,0.2612,0.2376,0.2636
0.2376,0.2632,0.2368,0.2624
0.2364,0.264,0.2368,0.2628
0.236,0.2636,0.2376,0.2628
0.2352,0.2624,0.2396,0.2628
0.234,0.262,0.2396,0.2644
0.2344,0.2616,0.2404,0.2636
0.2364,0.2596,0.24,0.264
0.2372,0.2592,0.2408,0.2628
0.2372,0.2604,0.2408,0.2616
0.2376,0.2604,0.2408,0.2612
0.2384,0.26,0.2404,0.2612
0.2388,0.258,0.2404,0.2628
0.2396,0.2572,0.2408,0.2624
0.2388,0.256,0.242,0.2632
0.2428,0.256,0.2392,0.262
0.242,0.256,0.2396,0.2624
0.2412,0.2568,0.2404,0.2616
0.244,0.254,0.2408,0.2612
0.2444,0.2552,0.2408,0.2596
0.242,0.2572,0.2408,0.26
0.2436,0.2556,0.2396,0.2612
0.2452,0.256,0.2384,0.2604
0.2452,0.256,0.2388,0.26
0.246,0.2544,0.2388,0.2608
0.246,0.2544,0.24,0.2596
0.2448,0.2536,0.24,0.2616
0.2444,0.2536,0.2392,0.2628
0.246,0.2536,0.2388,0.2616
0.2476,0.2524,0.24,0.26
0.248,0.2528,0.2388,0.2604
0.2476,0.2528,0.2392,0.2604
0.2484,0.252,0.2404,0.2592
0.248,0.2524,0.24,0.2596
0.2464,0.2536,0.242,0.258
0.2492,0.252,0.2424,0.2564
0.2476,0.2524,0.244,0.256
0.248,0.2512,0.2456,0.2552
0.2488,0.2496,0.2464,0.2552
0.248,0.25,0.246,0.256
0.25,0.2488,0.2464,0.2548
0.2508,0.2488,0.246,0.2544
0.2504,0.248,0.246,0.2556
0.2508,0.2476,0.2476,0.254
0.2516,0.2484,0.2456,0.2544
0.2516,0.2472,0.2456,0.2556
0.2516,0.2472,0.2456,0.2556
0.2512,0.248,0.2464,0.2544
0.2536,0.2484,0.246,0.252
0.2532,0.2488,0.2464,0.2516
0.2532,0.2492,0.2464,0.2512
0.2512,0.2508,0.2452,0.2528
0.2504,0.2504,0.2464,0.2528
0.25,0.2504,0.2472,0.2524
0.252,0.2512,0.2468,0.25
0.2496,0.2508,0.2484,0.2512
0.2488,0.2536,0.2464,0.2512
0.2496,0.2544,0.244,0.252
0.2484,0.254,0.2464,0.2512
0.2488,0.2532,0.2488,0.2492
0.248,0.2532,0.252,0.2468
0.2488,0.2548,0.2512,0.2452
0.2476,0.2536,0.2512,0.2476
0.2468,0.2524,0.2516,0.2492
0.246,0.2528,0.2504,0.2508
0.246,0.2536,0.2508,0.2496
0.2464,0.2552,0.2496,0.2488
0.246,0.2572,0.25,0.2468
0.2472,0.256,0.2504,0.2464
0.246,0.2576,0.2504,0.246
0.2456,0.2564,0.2512,0.2468
0.2448,0.2548,0.254,0.2464
0.244,0.2564,0.254,0.2456
0.242,0.2568,0.2536,0.2476
0.2408,0.2568,0.2548,0.2476
0.2392,0.2572,0.2544,0.2492
0.2376,0.2564,0.2548,0.2512
0.2376,0.2544,0.2564,0.2516
0.2376,0.2544,0.2564,0.2516
0.2376,0.2556,0.256,0.2508
0.2364,0.2568,0.2572,0.2496
0.236,0.2564,0.2584,0.2492
0.2364,0.258,0.2584,0.2472
0.2384,0.2592,0.2568,0.2456
0.2388,0.2576,0.256,0.2476
0.2396,0.2576,0.2552,0.2476
0.236,0.2592,0.2564,0.2484
0.238,0.2588,0.2568,0.2464
0.2392,0.2576,0.2564,0.2468
0.2396,0.2568,0.2564,0.2472
0.24,0.2584,0.2548,0.2468
0.2392,0.2588,0.256,0.246
0.2408,0.2576,0.2556,0.246
0.2428,0.256,0.2564,0.2448
0.2428,0.256,0.2572,0.244
0.2432,0.2544,0.2568,0.2456
0.2412,0.2536,0.2576,0.2476
0.2404,0.254,0.2588,0.2468
0.2404,0.254,0.2572,0.2484
0.2408,0.256,0.2576,0.2456
0.2408,0.2536,0.2608,0.2448
0.2388,0.2528,0.2632,0.2452
0.2368,0.2548,0.264,0.2444
0.2368,0.2544,0.2648,0.244
0.2348,0.2584,0.2644,0.2424
0.2352,0.2596,0.2632,0.242
0.2356,0.26,0.2632,0.2412
0.2368,0.2604,0.262,0.2408
0.2372,0.2588,0.2624,0.2416
0.2368,0.2592,0.2616,0.2424
0.2364,0.2588,0.2624,0.2424
0.2384,0.2572,0.2624,0.242
0.24,0.256,0.2628,0.2412
0.2396,0.2552,0.2632,0.242
0.2408,0.254,0.264,0.2412
0.2416,0.2552,0.2628,0.2404
0.2424,0.254,0.2628,0.2408
0.2448,0.2536,0.2616,0.24
0.2436,0.254,0.264,0.2384
0.2412,0.254,0.2656,0.2392
0.2392,0.2556,0.2636,0.2416
0.24,0.2556,0.2616,0.2428
0.2404,0.2564,0.2624,0.2408
0.2408,0.2556,0.262,0.2416
0.2408,0.2556,0.2616,0.242
0.2404,0.256,0.2608,0.2428
0.2396,0.2576,0.2624,0.2404
0.2396,0.2584,0.2632,0.2388
0.2404,0.258,0.2636,0.238
0.2384,0.2592,0.2632,0.2392
0.238,0.2608,0.2616,0.2396
0.2372,0.26,0.2628,0.24
0.236,0.2588,0.2616,0.2436
0.2356,0.2588,0.2616,0.244
0.2364,0.2592,0.2612,0.2432
0.2376,0.2588,0.2608,0.2428
0.2364,0.2592,0.26,0.2444
0.2372,0.2584,0.2588,0.2456
0.2384,0.2584,0.2596,0.2436
0.2376,0.2588,0.2584,0.2452
0.2376,0.2592,0.2572,0.246
0.2344,0.2616,0.2584,0.2456
0.2328,0.2604,0.2592,0.2476
0.2336,0.258,0.2596,0.2488
0.2348,0.2564,0.2612,0.2476
0.2372,0.2536,0.2608,0.2484
0.2352,0.2544,0.2644,0.246
0.234,0.256,0.2644,0.2456
0.2336,0.2576,0.2624,0.2464
0.2324,0.258,0.2632,0.2464
0.2336,0.2588,0.2632,0.2444
0.2332,0.2572,0.2636,0.246
0.2372,0.2552,0.2632,0.2444
0.2392,0.2552,0.2632,0.2424
0.2376,0.2524,0.2644,0.2456
0.2396,0.25,0.2644,0.246
0.2408,0.2512,0.2624,0.2456
0.2424,0.2504,0.2616,0.2456
0.2412,0.252,0.26,0.2468
0.24,0.2524,0.2592,0.2484
0.2396,0.2548,0.2576,0.248
0.2408,0.254,0.2568,0.2484
0.2404,0.2524,0.2584,0.2488
0.2396,0.2528,0.2588,0.2488
0.24,0.252,0.2584,0.2496
0.24,0.2512,0.2588,0.25
0.24,0.2516,0.2588,0.2496
0.2388,0.2528,0.2596,0.2488
0.2388,0.2528,0.2604,0.248
0.2384,0.252,0.2608,0.2488
0.2388,0.25,0.2608,0.2504
0.238,0.2492,0.2604,0.2524
0.2376,0.2496,0.2592,0.2536
0.2376,0.2472,0.2624,0.2528
0.2388,0.246,0.2624,0.2528
0.238,0.2448,0.264,0.2532
0.2376,0.2432,0.2668,0.2524
0.2356,0.244,0.2688,0.2516
0.2364,0.2436,0.2672,0.2528
0.2372,0.2428,0.2688,0.2512
0.2356,0.2428,0.2712,0.2504
0.2364,0.2408,0.272,0.2508
0.2364,0.2416,0.2704,0.2516
0.2376,0.2388,0.27,0.2536
0.2384,0.24,0.27,0.2516
0.2412,0.2392,0.268,0.2516
0.242,0.2384,0.2692,0.2504
0.2416,0.2384,0.2688,0.2512
0.2424,0.2372,0.2692,0.2512
0.2416,0.236,0.2704,0.252
0.24,0.2368,0.2704,0.2528
0.24,0.2368,0.268,0.2552
0.2396,0.2376,0.268,0.2548
0.2412,0.2368,0.2688,0.2532
0.2404,0.238,0.2684,0.2532
0.2408,0.238,0.2696,0.2516
0.242,0.24,0.2668,0.2512
0.2408,0.2412,0.266,0.252
0.2396,0.2404,0.2664,0.2536
0.242,0.2392,0.2664,0.2524
0.2436,0.2384,0.2652,0.2528
0.2436,0.2396,0.2652,0.2516
0.242,0.2388,0.2652,0.254
0.2436,0.2392,0.2636,0.2536
0.2424,0.2384,0.2648,0.2544
0.2404,0.2392,0.2656,0.2548
0.238,0.24,0.2664,0.2556
0.238,0.2396,0.2664,0.256
0.2368,0.2388,0.2692,0.2552
0.2376,0.2392,0.2676,0.2556
0.2392,0.2388,0.2676,0.2544
0.2372,0.2376,0.2696,0.2556
0.2372,0.2384,0.2696,0.2548
0.2372,0.2368,0.27,0.256
0.2388,0.2364,0.2704,0.2544
0.2404,0.234,0.2704,0.2552
0.2412,0.2328,0.27,0.256
0.2416,0.2332,0.2696,0.2556
0.2416,0.232,0.2696,0.2568
0.242,0.232,0.27,0.256
0.2448,0.2308,0.2684,0.256
0.2444,0.2292,0.2712,0.2552
0.244,0.2296,0.2696,0.2568
0.2464,0.2296,0.2664,0.2576
0.246,0.2312,0.266,0.2568
0.248,0.2292,0.2672,0.2556
0.2472,0.23,0.2676,0.2552
0.2472,0.2304,0.2676,0.2548
0.2464,0.2316,0.2668,0.2552
0.2448,0.2324,0.2672,0.2556
0.2448,0.2336,0.2652,0.2564
0.2452,0.232,0.2648,0.258
0.2444,0.2332,0.2644,0.258
0.2492,0.2328,0.2636,0.2544
0.248,0.2328,0.2648,0.2544
0.2476,0.234,0.2656,0.2528
0.2472,0.2348,0.2648,0.2532
0.2492,0.2336,0.2648,0.2524
0.2484,0.2316,0.266,0.254
0.2496,0.2312,0.2648,0.2544
0.2516,0.2296,0.2656,0.2532
0.2512,0.2292,0.266,0.2536
0.254,0.2308,0.2644,0.2508
0.2556,0.2316,0.2644,0.2484
0.2556,0.23,0.2648,0.2496
0.2552,0.2308,0.2632,0.2508
0.2564,0.2304,0.2624,0.2508
0.2572,0.2296,0.2628,0.2504
0.258,0.2292,0.2644,0.2484
0.2572,0.23,0.2648,0.248
0.2572,0.23,0.266,0.2468
0.2572,0.232,0.2664,0.2444
0.2572,0.2344,0.2632,0.2452
0.2572,0.2352,0.264,0.2436
0.2592,0.2332,0.2624,0.2452
0.2588,0.2328,0.262,0.2464
0.2572,0.2312,0.2648,0.2468
0.256,0.2332,0.2636,0.2472
0.2556,0.2324,0.2644,0.2476
0.2552,0.2324,0.2632,0.2492
0.2548,0.2332,0.2636,0.2484
0.2548,0.234,0.2636,0.2476
0.256,0.234,0.2624,0.2476
0.2552,0.2352,0.26,0.2496
0.2556,0.2348,0.2596,0.25
0.2556,0.2348,0.26,0.2496
0.2548,0.2356,0.2604,0.2492
0.2556,0.2352,0.26,0.2492
0.2544,0.2364,0.2588,0.2504
0.254,0.236,0.26,0.25
0.2516,0.236,0.2612,0.2512
0.2492,0.2344,0.2628,0.2536
0.2492,0.2368,0.2624,0.2516
0.25,0.2356,0.264,0.2504
0.2492,0.2348,0.2644,0.2516
0.2492,0.2352,0.2636,0.252
0.248,0.2368,0.2628,0.2524
0.2484,0.2368,0.262,0.2528
0.2488,0.2364,0.2604,0.2544
0.248,0.234,0.2616,0.2564
0.2484,0.2336,0.262,0.256
0.2488,0.2328,0.262,0.2564
0.2488,0.2344,0.2616,0.2552
0.25,0.2348,0.26,0.2552
0.25,0.2344,0.2608,0.2548
0.2488,0.2336,0.2624,0.2552
0.2496,0.2336,0.2616,0.2552
0.248,0.236,0.2608,0.2552
0.2468,0.2348,0.2616,0.2568
0.2472,0.2384,0.26,0.2544
0.2476,0.2396,0.2592,0.2536
0.2476,0.24,0.26,0.2524
0.2492,0.2404,0.2596,0.2508
0.2488,0.24,0.2608,0.2504
0.2476,0.2396,0.2604,0.2524
0.248,0.238,0.2592,0.2548
0.2476,0.2376,0.2612,0.2536
0.2468,0.2384,0.2628,0.252
0.246,0.24,0.2632,0.2508
0.2476,0.2392,0.2628,0.2504
0.2468,0.2412,0.2612,0.2508
0.2452,0.2424,0.2608,0.2516
0.2452,0.2412,0.2608,0.2528
0.2448,0.2428,0.2612,0.2512
0.2428,0.2428,0.2628,0.2516
0.2448,0.2424,0.2608,0.252
0.2472,0.24,0.26,0.2528
0.2484,0.2416,0.2592,0.2508
0.246,0.2452,0.2584,0.2504
0.2472,0.2464,0.258,0.2484
0.248,0.2476,0.2568,0.2476
0.2484,0.2496,0.256,0.246
0.2516,0.2484,0.2552,0.2448
0.2516,0.2504,0.2528,0.2452
0.2528,0.2508,0.2512,0.2452
0.2524,0.2504,0.2528,0.2444
0.25170068027210885,0.24969987995198079,0.2537014805922369,0.24489795918367346
0.2508,0.252,0.2508,0.2464
0.2512,0.252,0.2508,0.246
0.25,0.2508,0.252,0.2472
0.2484,0.2524,0.2512,0.248
0.2496,0.2516,0.2516,0.2472
0.2512,0.252,0.2512,0.2456
0.2512,0.2508,0.2532,0.2448
0.2492,0.2528,0.2528,0.2452
0.2488,0.2532,0.252,0.246
0.2472,0.2512,0.2536,0.248
0.2448,0.2532,0.2544,0.2476
0.246,0.2496,0.2548,0.2496
0.246,0.2508,0.2536,0.2496
0.2476,0.2492,0.2544,0.2488
0.2492,0.25,0.2544,0.2464
0.2492,0.2524,0.2544,0.244
0.2512,0.2504,0.2536,0.2448
0.252,0.2504,0.2532,0.2444
0.2512,0.2508,0.2532,0.2448
0.2504,0.2512,0.254,0.2444
0.2508,0.2512,0.2536,0.2444
0.252,0.2496,0.2532,0.2452
0.2548,0.2484,0.2536,0.2432
0.2544,0.248,0.2536,0.244
0.254,0.2464,0.2552,0.2444
0.2516,0.2484,0.2548,0.2452
0.2508,0.2468,0.2548,0.2476
0.2492,0.2468,0.2548,0.2492
0.2492,0.2452,0.2568,0.2488
0.2508,0.2468,0.2564,0.246
0.2508,0.2472,0.2564,0.2456
0.2524,0.2452,0.256,0.2464
0.254,0.2444,0.2556,0.246
0.2536,0.244,0.256,0.2464
0.2536,0.244,0.2544,0.248
0.2528,0.248,0.2524,0.2468
0.2532,0.2456,0.256,0.2452
0.252,0.2452,0.2552,0.2476
0.25,0.2472,0.2544,0.2484
0.2492,0.2472,0.2532,0.2504
0.2484,0.2484,0.252,0.2512
0.2496,0.2488,0.2508,0.2508
0.2496,0.2468,0.2508,0.2528
0.2492,0.2468,0.25,0.254
0.25,0.2472,0.25,0.2528
0.2488,0.2484,0.2512,0.2516
0.2488,0.2492,0.2516,0.2504
0.248,0.2512,0.2512,0.2496
0.2476,0.2512,0.2504,0.2508
0.2468,0.252,0.2504,0.2508
0.2476,0.25,0.2516,0.2508
0.2468,0.2488,0.2528,0.2516
0.2484,0.248,0.2548,0.2488
0.2476,0.2484,0.2544,0.2496
0.248,0.2472,0.2544,0.2504
0.2496,0.2472,0.2552,0.248
0.2492,0.2452,0.2552,0.2504
0.2508,0.2424,0.2552,0.2516
0.2516,0.2444,0.2528,0.2512
0.2496,0.2444,0.2528,0.2532
0.2488,0.2432,0.2536,0.2544
0.2484,0.2424,0.2536,0.2556
0.2488,0.2424,0.2532,0.2556
0.25,0.242,0.2536,0.2544
0.2508,0.2416,0.2532,0.2544
0.2508,0.242,0.2528,0.2544
0.2512,0.2424,0.254,0.2524
0.2492,0.2416,0.2552,0.254
0.2496,0.2424,0.2524,0.2556
0.2484,0.2424,0.254,0.2552
0.248,0.2432,0.2536,0.2552
0.2464,0.2436,0.254,0.256
0.246,0.2448,0.2536,0.2556
0.244,0.2428,0.2556,0.2576
0.244,0.2432,0.2556,0.2572
0.2412,0.244,0.2572,0.2576
0.2404,0.2448,0.2572,0.2576
0.2408,0.2448,0.2572,0.2572
0.2408,0.2456,0.2592,0.2544
0.2404,0.2464,0.2596,0.2536
0.2412,0.2484,0.2572,0.2532
0.2432,0.2488,0.2552,0.2528
0.2436,0.2492,0.254,0.2532
0.2444,0.2492,0.254,0.2524
0.2444,0.2508,0.2532,0.2516
0.2436,0.25,0.2556,0.2508
0.2424,0.2512,0.258,0.2484
0.2436,0.2504,0.2572,0.2488
0.2452,0.2512,0.2556,0.248
0.2436,0.2524,0.2576,0.2464
0.244,0.252,0.2564,0.2476
0.2432,0.2508,0.2584,0.2476
0.2424,0.2512,0.2588,0.2476
0.246,0.2504,0.2564,0.2472
0.2476,0.25,0.2552,0.2472
0.2488,0.248,0.254,0.2492
0.25,0.248,0.2544,0.2476
0.2504,0.2484,0.2552,0.246
0.2512,0.2492,0.2544,0.2452
0.2508,0.2484,0.2544,0.2464
0.2492,0.2484,0.2524,0.25
0.2488,0.2488,0.252,0.2504
0.2492,0.2476,0.2536,0.2496
0.2492,0.2484,0.252,0.2504
0.2484,0.2492,0.2512,0.2512
0.2496,0.2492,0.2492,0.252
0.25,0.2484,0.2484,0.2532
0.24809923969587835,0.25090036014405764,0.2501000400160064,0.25090036014405764
0.2492,0.2508,0.2488,0.2512
0.248,0.2528,0.2468,0.2524
0.2484,0.2528,0.246,0.2528
0.2508,0.252,0.2456,0.2516
0.2508,0.2504,0.248,0.2508
0.2516,0.2504,0.2472,0.2508
0.2524,0.25,0.25,0.2476
0.2528,0.25,0.25,0.2472
0.2548,0.2504,0.2504,0.2444
0.2552,0.2496,0.2508,0.2444
0.254,0.2508,0.2504,0.2448
0.2548,0.2492,0.2508,0.2452
0.2556,0.2472,0.2508,0.2464
0.258,0.2448,0.2524,0.2448
0.2584,0.2444,0.2512,0.246
0.2568,0.2456,0.2512,0.2464
0.2576,0.2456,0.2508,0.246
0.2588,0.2468,0.2476,0.2468
0.2572,0.2468,0.2484,0.2476
0.2584,0.248,0.2468,0.2468
0.2572,0.2464,0.2468,0.2496
0.2596,0.2452,0.2444,0.2508
0.2584,0.2464,0.2448,0.2504
0.2596,0.246,0.244,0.2504
0.262,0.2448,0.2436,0.2496
0.2616,0.2452,0.2444,0.2488
0.262,0.2448,0.2448,0.2484
0.262,0.244,0.2452,0.2488
0.2628,0.2444,0.2444,0.2484
0.2616,0.246,0.2444,0.248
0.2612,0.2464,0.2432,0.2492
0.26,0.2492,0.2432,0.2476
0.26,0.2496,0.2428,0.2476
0.26,0.25,0.2412,0.2488
0.2604,0.2496,0.24,0.25
0.2588,0.2504,0.2412,0.2496
0.2592,0.2508,0.2408,0.2492
0.2588,0.2524,0.2408,0.248
0.2572,0.2524,0.24,0.2504
0.2568,0.2508,0.2416,0.2508
0.258,0.2508,0.2428,0.2484
0.2552,0.2536,0.24,0.2512
0.2568,0.252,0.2404,0.2508
0.2576,0.252,0.2388,0.2516
0.2556,0.252,0.24,0.2524
0.2552,0.2496,0.2416,0.2536
0.2528,0.2496,0.2416,0.256
0.25170068027210885,0.2501000400160064,0.2420968387354942,0.25610244097639057
0.2532,0.2496,0.2404,0.2568
0.2528,0.2508,0.2412,0.2552
0.2528,0.252,0.242,0.2532
0.2524,0.252,0.2436,0.252
0.2524,0.2512,0.2448,0.2516
0.2528,0.2492,0.2464,0.2516
0.2516,0.2488,0.2456,0.254
0.2504,0.2492,0.2448,0.2556
0.2516,0.2496,0.2424,0.2564
0.2508,0.2488,0.2436,0.2568
0.2496,0.2508,0.2436,0.256
0.2472,0.25,0.244,0.2588
0.2464,0.2524,0.2424,0.2588
0.2464,0.2532,0.2392,0.2612
0.2456,0.2528,0.2396,0.262
0.2464,0.2512,0.24,0.2624
0.2452,0.2516,0.2416,0.2616
0.2452,0.2532,0.24,0.2616
0.2444,0.2544,0.24,0.2612
0.2444,0.2564,0.2388,0.2604
0.2476,0.256,0.2396,0.2568
0.2488,0.2552,0.2388,0.2572
0.25,0.2556,0.2376,0.2568
0.2504,0.2572,0.2356,0.2568
0.2488,0.2552,0.24,0.256
0.2492,0.2552,0.2392,0.2564
0.2476,0.2568,0.2396,0.256
0.2476,0.2576,0.2396,0.2552
0.2488,0.2576,0.2384,0.2552
0.2484,0.256,0.2392,0.2564
0.2468,0.2568,0.2372,0.2592
0.2472,0.2572,0.2368,0.2588
0.2476,0.2584,0.2376,0.2564
0.2484,0.256,0.2372,0.2584
0.2484,0.2568,0.2372,0.2576
0.2492,0.2564,0.2364,0.258
0.25,0.2564,0.2376,0.256
0.2504,0.2564,0.2372,0.256
0.252,0.2564,0.2344,0.2572
