C_R,C_A,C_S,C_N,D_R,D_A,D_S,D_N,Oc_R,Oc_A,Oc_S,Oc_N,Od_R,Od_A,Od_S,Od_N
0.0,0.0,0.0,0.0,0.0,0.0,0.0,0.0,0.0,0.0,0.0,1.0,0.0,0.0,0.0,0.0
0.0,0.0,0.0,0.0,0.0,0.0,0.0,0.0,0.0,0.5,0.0,0.5,0.0,0.0,0.0,0.0
0.0,0.0,0.5,0.0,0.0,0.0,0.0,0.0,0.0,0.0,0.5,0.0,0.0,0.0,0.0,0.0
0.0,0.0,0.5,0.0,0.0,0.0,0.0,0.0,0.0,0.0,0.25,0.0,0.0,0.25,0.0,0.0
0.0,0.0,0.4,0.0,0.0,0.0,0.0,0.0,0.0,0.0,0.2,0.0,0.2,0.2,0.0,0.0
0.0,0.0,0.2857142857142857,0.0,0.0,0.0,0.0,0.14285714285714285,0.0,0.0,0.14285714285714285,0.0,0.2857142857142857,0.14285714285714285,0.0,0.0
0.0,0.0,0.25,0.0,0.0,0.0,0.0,0.25,0.0,0.0,0.0,0.0,0.375,0.125,0.0,0.0
0.0,0.0,0.2,0.0,0.0,0.0,0.0,0.2,0.0,0.0,0.0,0.0,0.4,0.1,0.1,0.0
0.0,0.0,0.14285714285714285,0.0,0.0,0.0,0.0,0.21428571428571427,0.0,0.0,0.0,0.0,0.5,0.07142857142857142,0.07142857142857142,0.0
0.0,0.0,0.1,0.0,0.05,0.0,0.0,0.2,0.0,0.0,0.0,0.0,0.5,0.1,0.05,0.0
0.0,0.0,0.07407407407407407,0.0,0.037037037037037035,0.037037037037037035,0.0,0.14814814814814814,0.0,0.0,0.0,0.0,0.5925925925925926,0.07407407407407407,0.037037037037037035,0.0
0.0,0.0,0.05714285714285714,0.0,0.02857142857142857,0.02857142857142857,0.0,0.11428571428571428,0.0,0.0,0.0,0.0,0.6571428571428571,0.08571428571428572,0.02857142857142857,0.0
0.0,0.0,0.025,0.0,0.025,0.025,0.0,0.125,0.0,0.0,0.0,0.0,0.7,0.075,0.025,0.0
0.0,0.0,0.041666666666666664,0.0,0.0,0.020833333333333332,0.0,0.125,0.0,0.0,0.0,0.0,0.75,0.0625,0.0,0.0
0.0,0.0,0.034482758620689655,0.0,0.0,0.017241379310344827,0.0,0.10344827586206896,0.0,0.0,0.0,0.0,0.7758620689655172,0.05172413793103448,0.017241379310344827,0.0
0.02631578947368421,0.0,0.039473684210526314,0.0,0.0,0.013157894736842105,0.0,0.09210526315789473,0.0,0.0,0.0,0.0,0.7763157894736842,0.039473684210526314,0.013157894736842105,0.0
0.03571428571428571,0.0,0.03571428571428571,0.0,0.0,0.011904761904761904,0.011904761904761904,0.10714285714285714,0.011904761904761904,0.0,0.0,0.0,0.75,0.03571428571428571,0.0,0.0
0.041666666666666664,0.0,0.020833333333333332,0.0,0.020833333333333332,0.010416666666666666,0.010416666666666666,0.0625,0.010416666666666666,0.0,0.0,0.0,0.78125,0.041666666666666664,0.0,0.0
0.035398230088495575,0.0,0.008849557522123894,0.0,0.017699115044247787,0.008849557522123894,0.0,0.05309734513274336,0.017699115044247787,0.0,0.008849557522123894,0.017699115044247787,0.7964601769911505,0.035398230088495575,0.0,0.0
0.046153846153846156,0.0,0.007692307692307693,0.0,0.015384615384615385,0.007692307692307693,0.0,0.046153846153846156,0.015384615384615385,0.0,0.0,0.015384615384615385,0.8076923076923077,0.03076923076923077,0.007692307692307693,0.0
0.06164383561643835,0.0,0.0136986301369863,0.0,0.02054794520547945,0.0,0.0,0.03424657534246575,0.00684931506849315,0.0,0.0,0.0136986301369863,0.815068493150685,0.0273972602739726,0.00684931506849315,0.0
0.07647058823529412,0.0,0.011764705882352941,0.0,0.01764705882352941,0.0,0.0058823529411764705,0.029411764705882353,0.0058823529411764705,0.0,0.0,0.011764705882352941,0.8,0.03529411764705882,0.0058823529411764705,0.0
0.10152284263959391,0.0,0.01015228426395939,0.0,0.015228426395939087,0.0,0.005076142131979695,0.030456852791878174,0.005076142131979695,0.0,0.0,0.005076142131979695,0.7969543147208121,0.025380710659898477,0.005076142131979695,0.0
0.11210762331838565,0.004484304932735426,0.008968609865470852,0.0,0.013452914798206279,0.0,0.004484304932735426,0.026905829596412557,0.004484304932735426,0.004484304932735426,0.0,0.008968609865470852,0.7757847533632287,0.026905829596412557,0.008968609865470852,0.0
0.11940298507462686,0.0,0.007462686567164179,0.0,0.011194029850746268,0.0037313432835820895,0.007462686567164179,0.026119402985074626,0.0037313432835820895,0.0037313432835820895,0.0,0.007462686567164179,0.7798507462686567,0.022388059701492536,0.007462686567164179,0.0
0.1258741258741259,0.0034965034965034965,0.006993006993006993,0.0,0.01048951048951049,0.0034965034965034965,0.006993006993006993,0.027972027972027972,0.0034965034965034965,0.01048951048951049,0.0034965034965034965,0.006993006993006993,0.7657342657342657,0.017482517482517484,0.006993006993006993,0.0
0.1289308176100629,0.006289308176100629,0.009433962264150943,0.0,0.009433962264150943,0.0031446540880503146,0.0031446540880503146,0.02830188679245283,0.0031446540880503146,0.015723270440251572,0.006289308176100629,0.006289308176100629,0.7578616352201258,0.012578616352201259,0.0031446540880503146,0.006289308176100629
0.1529745042492918,0.0028328611898017,0.0056657223796034,0.0056657223796034,0.0084985835694051,0.0028328611898017,0.0028328611898017,0.025495750708215296,0.0028328611898017,0.0169971671388102,0.0056657223796034,0.0056657223796034,0.7422096317280453,0.0113314447592068,0.0028328611898017,0.0056657223796034
0.16272965879265092,0.0026246719160104987,0.005249343832020997,0.005249343832020997,0.007874015748031496,0.0026246719160104987,0.0026246719160104987,0.023622047244094488,0.0,0.013123359580052493,0.005249343832020997,0.005249343832020997,0.7480314960629921,0.005249343832020997,0.0026246719160104987,0.007874015748031496
0.1792452830188679,0.0,0.0047169811320754715,0.007075471698113208,0.007075471698113208,0.0,0.0023584905660377358,0.02830188679245283,0.0,0.007075471698113208,0.0047169811320754715,0.009433962264150943,0.7334905660377359,0.0047169811320754715,0.0047169811320754715,0.007075471698113208
0.19402985074626866,0.0,0.008528784648187633,0.008528784648187633,0.006396588486140725,0.0,0.0021321961620469083,0.0255863539445629,0.0,0.006396588486140725,0.0042643923240938165,0.01279317697228145,0.7164179104477612,0.0042643923240938165,0.0042643923240938165,0.006396588486140725
0.18860510805500982,0.0,0.005893909626719057,0.019646365422396856,0.007858546168958742,0.0,0.003929273084479371,0.01768172888015717,0.0,0.003929273084479371,0.003929273084479371,0.015717092337917484,0.7190569744597249,0.003929273084479371,0.005893909626719057,0.003929273084479371
0.1956124314442413,0.0,0.005484460694698354,0.02376599634369287,0.007312614259597806,0.0,0.003656307129798903,0.018281535648994516,0.0,0.003656307129798903,0.003656307129798903,0.014625228519195612,0.7074954296160878,0.005484460694698354,0.007312614259597806,0.003656307129798903
0.20333333333333334,0.0,0.005,0.028333333333333332,0.006666666666666667,0.0,0.005,0.015,0.0016666666666666668,0.0033333333333333335,0.0033333333333333335,0.011666666666666667,0.705,0.0033333333333333335,0.005,0.0033333333333333335
0.2015625,0.0015625,0.00625,0.028125,0.0046875,0.0,0.003125,0.015625,0.0,0.0046875,0.0046875,0.0125,0.703125,0.0046875,0.00625,0.003125
0.21104815864022664,0.00141643059490085,0.0056657223796034,0.028328611898016998,0.0056657223796034,0.0,0.0028328611898017,0.018413597733711047,0.00141643059490085,0.0056657223796034,0.0056657223796034,0.009915014164305949,0.6841359773371105,0.007082152974504249,0.0084985835694051,0.00424929178470255
0.21240105540897097,0.0013192612137203166,0.0079155672823219,0.029023746701846966,0.00395778364116095,0.0013192612137203166,0.002638522427440633,0.0158311345646438,0.0013192612137203166,0.0079155672823219,0.006596306068601583,0.010554089709762533,0.6807387862796834,0.0079155672823219,0.006596306068601583,0.00395778364116095
0.20707070707070707,0.0012626262626262627,0.007575757575757576,0.03535353535353535,0.003787878787878788,0.003787878787878788,0.0025252525252525255,0.013888888888888888,0.0012626262626262627,0.011363636363636364,0.007575757575757576,0.010101010101010102,0.672979797979798,0.006313131313131313,0.007575757575757576,0.007575757575757576
0.22145328719723184,0.002306805074971165,0.008073817762399077,0.0392156862745098,0.0034602076124567475,0.002306805074971165,0.002306805074971165,0.012687427912341407,0.0011534025374855825,0.010380622837370242,0.006920415224913495,0.008073817762399077,0.6608996539792388,0.008073817762399077,0.0057670126874279125,0.006920415224913495
0.22327044025157233,0.0020964360587002098,0.008385744234800839,0.039832285115303984,0.0041928721174004195,0.0031446540880503146,0.0010482180293501049,0.013626834381551363,0.0010482180293501049,0.011530398322851153,0.0041928721174004195,0.008385744234800839,0.6582809224318659,0.008385744234800839,0.0041928721174004195,0.008385744234800839
0.23732251521298176,0.0030425963488843813,0.008113590263691683,0.0436105476673428,0.005070993914807302,0.0030425963488843813,0.0010141987829614604,0.012170385395537525,0.0010141987829614604,0.012170385395537525,0.005070993914807302,0.010141987829614604,0.640973630831643,0.007099391480730223,0.002028397565922921,0.008113590263691683
0.2467411545623836,0.002793296089385475,0.006517690875232775,0.048417132216014895,0.00558659217877095,0.004655493482309125,0.000931098696461825,0.0111731843575419,0.00186219739292365,0.0111731843575419,0.004655493482309125,0.00931098696461825,0.62756052141527,0.00931098696461825,0.00186219739292365,0.0074487895716946
0.25772285966460723,0.00176522506619594,0.00441306266548985,0.05207413945278023,0.00441306266548985,0.00264783759929391,0.00176522506619594,0.009708737864077669,0.00264783759929391,0.009708737864077669,0.00441306266548985,0.00706090026478376,0.6240070609002648,0.0088261253309797,0.00264783759929391,0.00617828773168579
0.2628099173553719,0.003305785123966942,0.0049586776859504135,0.05950413223140496,0.003305785123966942,0.0024793388429752068,0.0008264462809917355,0.009917355371900827,0.001652892561983471,0.00743801652892562,0.004132231404958678,0.005785123966942148,0.6140495867768595,0.00909090909090909,0.0049586776859504135,0.005785123966942148
0.26996197718631176,0.003041825095057034,0.0038022813688212928,0.060836501901140684,0.0045627376425855515,0.003041825095057034,0.001520912547528517,0.00988593155893536,0.001520912547528517,0.01064638783269962,0.00532319391634981,0.006083650190114068,0.603041825095057,0.0076045627376425855,0.0038022813688212928,0.00532319391634981
0.2674335010783609,0.002875629043853343,0.002875629043853343,0.0704529115744069,0.0050323508267433505,0.0050323508267433505,0.0014378145219266715,0.010783608914450037,0.0014378145219266715,0.010064701653486701,0.007189072609633357,0.007189072609633357,0.5930984902947519,0.007907979870596693,0.002875629043853343,0.004313443565780014
0.2807848443843031,0.0033829499323410014,0.0040595399188092015,0.08051420838971583,0.0040595399188092015,0.005412719891745603,0.0013531799729364006,0.011502029769959404,0.0013531799729364006,0.008119079837618403,0.007442489851150203,0.006765899864682003,0.5683355886332883,0.007442489851150203,0.0040595399188092015,0.005412719891745603
0.28388746803069054,0.0038363171355498722,0.0038363171355498722,0.08695652173913043,0.00319693094629156,0.004475703324808184,0.0025575447570332483,0.011508951406649617,0.0012787723785166241,0.0076726342710997444,0.008312020460358057,0.005754475703324808,0.5581841432225064,0.008312020460358057,0.004475703324808184,0.005754475703324808
0.2801223241590214,0.004892966360856269,0.003669724770642202,0.0874617737003058,0.004281345565749235,0.003669724770642202,0.001834862385321101,0.011620795107033639,0.0024464831804281344,0.007339449541284404,0.00856269113149847,0.0061162079510703364,0.5602446483180428,0.00856269113149847,0.004281345565749235,0.004892966360856269
0.27964601769911507,0.00471976401179941,0.0035398230088495575,0.09026548672566372,0.00471976401179941,0.0029498525073746312,0.002359882005899705,0.011209439528023599,0.002359882005899705,0.007079646017699115,0.008259587020648967,0.005309734513274336,0.5592920353982301,0.008849557522123894,0.00471976401179941,0.00471976401179941
0.2910958904109589,0.0045662100456621,0.0028538812785388126,0.09817351598173515,0.005136986301369863,0.003424657534246575,0.0028538812785388126,0.01141552511415525,0.0028538812785388126,0.006278538812785388,0.008561643835616438,0.005136986301369863,0.5393835616438356,0.00684931506849315,0.0045662100456621,0.00684931506849315
0.2926152137701277,0.004441976679622432,0.003886729594669628,0.10882842865074958,0.004441976679622432,0.003886729594669628,0.003886729594669628,0.010549694614103275,0.00277623542476402,0.007218212104386452,0.008883953359244865,0.004441976679622432,0.5263742365352582,0.006662965019433648,0.004997223764575236,0.006107717934480844
0.2826086956521739,0.0042417815482502655,0.005832449628844115,0.11346765641569459,0.004772004241781549,0.003711558854718982,0.003711558854718982,0.01166489925768823,0.003181336161187699,0.007953340402969246,0.006892895015906681,0.003181336161187699,0.5307529162248145,0.007953340402969246,0.0042417815482502655,0.005832449628844115
0.2851985559566787,0.0046415678184631255,0.006188757091284167,0.11758638473439917,0.0041258380608561115,0.0025786487880350697,0.0046415678184631255,0.012377514182568335,0.0030943785456420837,0.008767405879319236,0.005673027333677153,0.0025786487880350697,0.5234657039711191,0.007735946364105209,0.005157297576070139,0.006188757091284167
0.28457314028956565,0.0044932601098352475,0.0074887668497254116,0.11932101847229157,0.005991013479780329,0.003494757863205192,0.0044932601098352475,0.012481278082875686,0.0024962556165751375,0.006989515726410384,0.0054917623564653024,0.0029955067398901645,0.5187219171243135,0.008487269096355467,0.0054917623564653024,0.006989515726410384
0.2879762493814943,0.0039584364176150424,0.007916872835230085,0.12023750618505691,0.005937654626422563,0.0039584364176150424,0.004948045522018802,0.011875309252845126,0.002474022761009401,0.005937654626422563,0.006927263730826323,0.0034636318654131617,0.5126175160811479,0.008411677387431964,0.006432459178624443,0.006927263730826323
0.28702807357212,0.003872216844143272,0.007260406582768635,0.12052274927395934,0.005808325266214908,0.003872216844143272,0.00484027105517909,0.013552758954501452,0.003872216844143272,0.006776379477250726,0.007744433688286544,0.004356243949661181,0.5087124878993223,0.007744433688286544,0.007744433688286544,0.0062923523717328175
0.2813975448536355,0.003777148253068933,0.007554296506137866,0.12228517469310671,0.005193578847969783,0.0033050047214353163,0.005193578847969783,0.014636449480642116,0.0028328611898017,0.0066100094428706326,0.008026440037771483,0.0056657223796034,0.5103871576959396,0.0084985835694051,0.007554296506137866,0.007082152974504249
0.2733978792070078,0.004149377593360996,0.007376671277086215,0.12540341171046565,0.004149377593360996,0.004610419548178884,0.006915629322268326,0.01429230059935454,0.0018441678192715537,0.005532503457814661,0.009681881051175657,0.00599354541263255,0.5126786537574919,0.009220839096357769,0.006915629322268326,0.007837713231904103
0.2753888380603843,0.0036596523330283625,0.005946935041171089,0.1212259835315645,0.0036596523330283625,0.005946935041171089,0.00777676120768527,0.015096065873741994,0.0022872827081427266,0.006404391582799634,0.00960658737419945,0.005946935041171089,0.515096065873742,0.008234217749313814,0.007319304666056725,0.006404391582799634
0.2760345611641655,0.0036380172805820826,0.005911778080945885,0.12642110050022737,0.0036380172805820826,0.005911778080945885,0.0068212824010914054,0.013642564802182811,0.0018190086402910413,0.007276034561164165,0.008640291041382447,0.005911778080945885,0.5106866757617099,0.007730786721236926,0.007730786721236926,0.008185538881309686
0.2697986577181208,0.0035794183445190158,0.0058165548098434005,0.11991051454138703,0.0035794183445190158,0.005369127516778523,0.006263982102908278,0.015659955257270694,0.0013422818791946308,0.006711409395973154,0.01029082774049217,0.007606263982102908,0.5158836689038031,0.008948545861297539,0.009395973154362415,0.009843400447427294
0.2702460850111857,0.003131991051454139,0.006711409395973154,0.1185682326621924,0.004921700223713647,0.005369127516778523,0.0058165548098434005,0.015659955257270694,0.0017897091722595079,0.0071588366890380315,0.009395973154362415,0.008948545861297539,0.5136465324384788,0.008948545861297539,0.009395973154362415,0.01029082774049217
0.26962305986696233,0.003547671840354767,0.0066518847006651885,0.1188470066518847,0.006208425720620843,0.005764966740576497,0.0066518847006651885,0.013747228381374724,0.0026607538802660754,0.007982261640798226,0.007982261640798226,0.008869179600886918,0.5130820399113082,0.008425720620842573,0.009312638580931265,0.010643015521064302
0.2655217965653897,0.0035226772346983706,0.0066050198150594455,0.11712901805372083,0.0066050198150594455,0.007485689123734038,0.005724350506384853,0.01453104359313078,0.0035226772346983706,0.008806693086745927,0.00836635843240863,0.008806693086745927,0.5116688683399383,0.009687362395420519,0.010568031704095112,0.011448701012769706
0.2718106093818501,0.00394563787812363,0.0070144673388864535,0.1188075405523893,0.0070144673388864535,0.007452871547566856,0.006137658921525646,0.013590530469092503,0.00394563787812363,0.008768084173608066,0.007452871547566856,0.008768084173608066,0.5024112231477422,0.010083296799649276,0.009644892590968873,0.0131521262604121
0.26940035273368607,0.003968253968253968,0.007495590828924162,0.11772486772486772,0.006613756613756613,0.007936507936507936,0.005731922398589065,0.013227513227513227,0.003968253968253968,0.007936507936507936,0.007495590828924162,0.007495590828924162,0.5061728395061729,0.010141093474426807,0.010141093474426807,0.01455026455026455
0.26559092891408637,0.0034888791975577847,0.007413868294810292,0.11731356301788051,0.007413868294810292,0.008286088094199739,0.008286088094199739,0.01264718709114697,0.0034888791975577847,0.007849978194505015,0.006977758395115569,0.007849978194505015,0.5080680331443523,0.010466637592673354,0.010466637592673354,0.01439162668992586
0.2664024658740643,0.002642007926023778,0.0066050198150594455,0.11889035667107001,0.008806693086745927,0.00836635843240863,0.00836635843240863,0.014090708938793483,0.003963011889035667,0.007045354469396741,0.007045354469396741,0.008806693086745927,0.5033025099075297,0.011008366358432409,0.009247027741083224,0.015411712901805373
0.2616487455197133,0.0031362007168458782,0.005824372759856631,0.12275985663082438,0.009408602150537635,0.009408602150537635,0.007168458781362007,0.013440860215053764,0.004480286738351254,0.006720430107526882,0.0062724014336917565,0.00985663082437276,0.503584229390681,0.011200716845878136,0.009408602150537635,0.01568100358422939
0.26271561256081377,0.003980539584254755,0.005749668288367979,0.12295444493586909,0.008845643520566122,0.00796107916850951,0.007076514816452897,0.011057054400707651,0.003980539584254755,0.006634232640424591,0.005749668288367979,0.010614772224679346,0.5059708093763822,0.01238390092879257,0.009287925696594427,0.015037593984962405
0.26521545979564637,0.003998223011994669,0.00444247001332741,0.12394491337183473,0.00888494002665482,0.007996446023989337,0.006663705019991115,0.010217681030653044,0.003109729009329187,0.008440693025322079,0.006219458018658374,0.010661928031985785,0.5028876055086628,0.011994669035984007,0.00888494002665482,0.016437139049311416
0.26929982046678635,0.0026929982046678637,0.0058348294434470375,0.12612208258527827,0.008976660682226212,0.008527827648114902,0.00718132854578097,0.009874326750448833,0.003590664272890485,0.00807899461400359,0.005385996409335727,0.011220825852782765,0.49685816876122085,0.012118491921005385,0.008527827648114902,0.01570915619389587
0.2699468085106383,0.0035460992907801418,0.0062056737588652485,0.125,0.00975177304964539,0.007978723404255319,0.006648936170212766,0.007978723404255319,0.003989361702127659,0.008421985815602837,0.004875886524822695,0.011081560283687944,0.49645390070921985,0.012411347517730497,0.008421985815602837,0.017287234042553192
0.2695067264573991,0.003139013452914798,0.006726457399103139,0.12466367713004484,0.01031390134529148,0.007174887892376682,0.008071748878923767,0.008520179372197309,0.004484304932735426,0.008968609865470852,0.004484304932735426,0.01210762331838565,0.49506726457399103,0.012556053811659192,0.009417040358744395,0.014798206278026907
0.26914563966356797,0.003098716246126605,0.00796812749003984,0.1217352810978309,0.009296148738379814,0.006640106241699867,0.00796812749003984,0.008410801239486499,0.004869411243913236,0.008853474988933156,0.00619743249225321,0.011066843736166445,0.49933598937583,0.01239486498450642,0.009296148738379814,0.013722886232846392
0.27706013363028953,0.0035634743875278397,0.008017817371937639,0.11937639198218263,0.009799554565701559,0.0062360801781737195,0.008017817371937639,0.008463251670378619,0.005345211581291759,0.009799554565701559,0.004899777282850779,0.012026726057906459,0.49265033407572384,0.012026726057906459,0.009354120267260579,0.013363028953229399
0.27320954907161804,0.002652519893899204,0.008841732979664015,0.11892130857648099,0.011052166224580018,0.004862953138815208,0.007515473032714412,0.007073386383731211,0.005747126436781609,0.009283819628647215,0.004420866489832007,0.010167992926613616,0.5,0.011936339522546418,0.010167992926613616,0.014146772767462422
0.27256715103478646,0.0035226772346983706,0.009687362395420519,0.1206516952884192,0.011008366358432409,0.0048436811977102595,0.007045354469396741,0.00836635843240863,0.003963011889035667,0.009247027741083224,0.005284015852047556,0.010127697049757816,0.5002201673271687,0.011889035667107,0.010127697049757816,0.011448701012769706
0.2746067415730337,0.004943820224719101,0.00943820224719101,0.11775280898876404,0.011685393258426966,0.004044943820224719,0.006741573033707865,0.00943820224719101,0.005393258426966292,0.009887640449438202,0.004943820224719101,0.00943820224719101,0.5006741573033708,0.011685393258426966,0.00943820224719101,0.009887640449438202
0.2794894366197183,0.0048415492957746475,0.007482394366197183,0.11971830985915492,0.010123239436619719,0.00528169014084507,0.006602112676056338,0.010123239436619719,0.0048415492957746475,0.009242957746478873,0.0044014084507042256,0.008362676056338027,0.5004401408450704,0.011443661971830986,0.008362676056338027,0.009242957746478873
0.27677390921110623,0.004407227853680035,0.008373732921992068,0.11987659762009696,0.009255178492728075,0.004847950639048039,0.00749228735125606,0.011018069634200088,0.00617011899515205,0.009695901278096077,0.005288673424416042,0.00749228735125606,0.499338915821948,0.010577346848832084,0.00881445570736007,0.010577346848832084
0.2749890877346137,0.004364906154517678,0.008729812309035356,0.12003491924923614,0.008729812309035356,0.00392841553906591,0.008293321693583587,0.012221737232649499,0.006983849847228284,0.00785683107813182,0.005674378000872981,0.006983849847228284,0.50371017023134,0.009166302924487123,0.008293321693583587,0.01003928415539066
0.28123620309050773,0.003532008830022075,0.008388520971302429,0.11434878587196468,0.008830022075055188,0.003973509933774834,0.0075055187637969095,0.012803532008830023,0.006622516556291391,0.009713024282560706,0.006181015452538631,0.00706401766004415,0.5037527593818985,0.009713024282560706,0.00706401766004415,0.009271523178807948
0.2791741472172352,0.004937163375224416,0.008976660682226212,0.11220825852782765,0.009874326750448833,0.004039497307001795,0.008527827648114902,0.011669658886894075,0.006732495511669659,0.008527827648114902,0.0062836624775583485,0.00718132854578097,0.5080789946140036,0.008976660682226212,0.00718132854578097,0.00763016157989228
0.2809545249887438,0.006303466906798739,0.008554705087798289,0.11526339486717695,0.010805943268797838,0.00405222872579919,0.00810445745159838,0.012606933813597478,0.00675371454299865,0.00765420981539847,0.006303466906798739,0.00765420981539847,0.5006753714542999,0.010355695632597929,0.00675371454299865,0.007203962179198559
0.27399103139013453,0.007174887892376682,0.009417040358744395,0.11255605381165919,0.01031390134529148,0.004932735426008968,0.008071748878923767,0.013004484304932735,0.006726457399103139,0.007174887892376682,0.006726457399103139,0.008968609865470852,0.5098654708520179,0.009417040358744395,0.0053811659192825115,0.006278026905829596
0.28106904231625834,0.0066815144766146995,0.008017817371937639,0.11002227171492204,0.009354120267260579,0.005790645879732739,0.0075723830734966595,0.012917594654788419,0.008017817371937639,0.0066815144766146995,0.004899777282850779,0.0075723830734966595,0.5091314031180401,0.009354120267260579,0.0062360801781737195,0.0066815144766146995
0.2745702952842662,0.007933010136624064,0.007933010136624064,0.11062141912736889,0.00881445570736007,0.005288673424416042,0.00749228735125606,0.013221683561040106,0.00881445570736007,0.00749228735125606,0.004407227853680035,0.00881445570736007,0.510797708241516,0.00881445570736007,0.006610841780520053,0.008373732921992068
0.278175313059034,0.008050089445438283,0.008944543828264758,0.10644007155635063,0.00849731663685152,0.004472271914132379,0.007155635062611807,0.012075134168157423,0.00849731663685152,0.00849731663685152,0.005813953488372093,0.00849731663685152,0.5102862254025045,0.008050089445438283,0.007155635062611807,0.009391771019677997
0.2828104286345559,0.008395934600088379,0.008837825894829872,0.11179849756959788,0.008837825894829872,0.0061864781263809105,0.008837825894829872,0.011489173663278833,0.007512152010605391,0.008395934600088379,0.005302695536897923,0.007954043305346884,0.4993371630578878,0.008837825894829872,0.007070260715863898,0.008395934600088379
0.2883002207505519,0.008830022075055188,0.008388520971302429,0.10772626931567329,0.007947019867549669,0.006181015452538631,0.008830022075055188,0.011037527593818985,0.0075055187637969095,0.008388520971302429,0.005739514348785872,0.008388520971302429,0.5015452538631346,0.007947019867549669,0.006181015452538631,0.00706401766004415
0.2816651904340124,0.008857395925597875,0.007971656333038087,0.11514614703277236,0.005757307351638618,0.006643046944198406,0.009300265721877768,0.011957484499557131,0.007971656333038087,0.008857395925597875,0.00487156775907883,0.00841452612931798,0.5008857395925598,0.008857395925597875,0.006200177147918512,0.006643046944198406
0.2895667550839965,0.008399646330680813,0.007515473032714412,0.11096374889478337,0.00618921308576481,0.006631299734748011,0.010167992926613616,0.01237842617152962,0.007957559681697613,0.009283819628647215,0.005747126436781609,0.007957559681697613,0.4960212201591512,0.008399646330680813,0.00618921308576481,0.006631299734748011
0.28328865058087577,0.008489722966934763,0.007596067917783735,0.11081322609472744,0.006255585344057194,0.0071492403932082215,0.009830205540661306,0.012957998212689902,0.00804289544235925,0.009830205540661306,0.005361930294906166,0.00804289544235925,0.501787310098302,0.00938337801608579,0.00580875781948168,0.005361930294906166
0.2814159292035398,0.007079646017699115,0.007964601769911504,0.11371681415929204,0.007079646017699115,0.007964601769911504,0.009734513274336283,0.012389380530973451,0.00752212389380531,0.008849557522123894,0.005752212389380531,0.00752212389380531,0.5017699115044247,0.008849557522123894,0.00663716814159292,0.005752212389380531
0.28716814159292037,0.00663716814159292,0.007964601769911504,0.11415929203539824,0.005752212389380531,0.007964601769911504,0.008849557522123894,0.011946902654867256,0.006194690265486726,0.008849557522123894,0.005752212389380531,0.00752212389380531,0.49734513274336284,0.010619469026548672,0.007079646017699115,0.006194690265486726
0.28230088495575223,0.00663716814159292,0.00663716814159292,0.11327433628318584,0.00663716814159292,0.00663716814159292,0.009292035398230088,0.010176991150442478,0.005309734513274336,0.008407079646017699,0.00663716814159292,0.00663716814159292,0.5061946902654867,0.011946902654867256,0.005752212389380531,0.00752212389380531
0.2845132743362832,0.007079646017699115,0.007079646017699115,0.10973451327433628,0.005752212389380531,0.00752212389380531,0.009734513274336283,0.011061946902654867,0.005752212389380531,0.008849557522123894,0.007079646017699115,0.0048672566371681415,0.5053097345132743,0.011946902654867256,0.005752212389380531,0.007964601769911504
0.28127772848269744,0.005323868677905945,0.006654835847382431,0.10692102928127772,0.0048802129547471165,0.0075421472937000885,0.011091393078970719,0.01064773735581189,0.006654835847382431,0.008429458740017746,0.0075421472937000885,0.0044365572315882874,0.5124223602484472,0.011978704525288377,0.006211180124223602,0.007985803016858917
0.2889087656529517,0.005813953488372093,0.005366726296958855,0.10778175313059034,0.004919499105545617,0.007602862254025045,0.011627906976744186,0.009391771019677997,0.005813953488372093,0.007155635062611807,0.007155635062611807,0.005813953488372093,0.5080500894454383,0.012522361359570662,0.004025044722719142,0.008050089445438283
0.2888102609464839,0.006191950464396285,0.004865103936311367,0.10570544007076514,0.006191950464396285,0.007076514816452897,0.011499336576735958,0.010172490048651039,0.005749668288367979,0.00796107916850951,0.005749668288367979,0.004865103936311367,0.5103936311366651,0.011499336576735958,0.004422821760283061,0.008845643520566122
0.29475587703435807,0.005877034358047016,0.004972875226039783,0.10443037974683544,0.005877034358047016,0.0081374321880651,0.011301989150090416,0.0108499095840868,0.006329113924050633,0.007233273056057866,0.004972875226039783,0.004972875226039783,0.5054249547920434,0.011754068716094032,0.004972875226039783,0.0081374321880651
0.28597367226509307,0.006354970494779845,0.005447117566954153,0.1053109396277803,0.006808896958692692,0.007716749886518384,0.010894235133908307,0.009532455742169769,0.006354970494779845,0.007262823422605538,0.004539264639128461,0.005447117566954153,0.5142986836132547,0.011348161597821153,0.004539264639128461,0.008170676350431231
0.2932098765432099,0.007054673721340388,0.004409171075837742,0.1027336860670194,0.007936507936507936,0.007936507936507936,0.010582010582010581,0.011904761904761904,0.006613756613756613,0.007936507936507936,0.005731922398589065,0.007054673721340388,0.5022045855379189,0.012345679012345678,0.0030864197530864196,0.009259259259259259
0.2872903795233892,0.00706090026478376,0.00441306266548985,0.10414827890556046,0.007502206531332745,0.00706090026478376,0.009708737864077669,0.01235657546337158,0.006619593998234775,0.008384819064430714,0.00617828773168579,0.0088261253309797,0.5061782877316858,0.01235657546337158,0.003089143865842895,0.0088261253309797
0.28526363226678686,0.0067598017124831005,0.003605227579990987,0.10455159981973862,0.00811176205497972,0.005858494817485353,0.00946372239747634,0.013519603424966201,0.0067598017124831005,0.008562415502478594,0.0076611086074808476,0.0076611086074808476,0.5083370887787292,0.011266336187471835,0.003605227579990987,0.009013068949977467
0.28634555899248787,0.007070260715863898,0.004860804242156429,0.10472823685373397,0.008395934600088379,0.005302695536897923,0.010163499779054353,0.0136986301369863,0.004860804242156429,0.007954043305346884,0.007070260715863898,0.007954043305346884,0.5086168802474591,0.01104728236853734,0.003977021652673442,0.007954043305346884
0.284326710816777,0.007947019867549669,0.005298013245033113,0.10375275938189846,0.007947019867549669,0.006622516556291391,0.010596026490066225,0.01456953642384106,0.004856512141280353,0.0075055187637969095,0.006622516556291391,0.008388520971302429,0.5072847682119205,0.012362030905077263,0.003973509933774834,0.007947019867549669
0.2812223206377325,0.007971656333038087,0.005757307351638618,0.10584588131089459,0.0070859167404783,0.005314437555358724,0.009300265721877768,0.0141718334809566,0.00487156775907883,0.00841452612931798,0.006643046944198406,0.007528786536758193,0.5106288751107174,0.013286093888396812,0.00487156775907883,0.0070859167404783
0.2827433628318584,0.007079646017699115,0.007079646017699115,0.10398230088495575,0.007079646017699115,0.006194690265486726,0.008407079646017699,0.014601769911504425,0.0048672566371681415,0.008849557522123894,0.00663716814159292,0.00752212389380531,0.5110619469026548,0.013716814159292035,0.0035398230088495575,0.00663716814159292
0.2796125055041832,0.0066050198150594455,0.007045354469396741,0.10479964773227653,0.0066050198150594455,0.006164685160722149,0.009687362395420519,0.016292382210479964,0.005724350506384853,0.010127697049757816,0.007045354469396741,0.009247027741083224,0.5024218405988551,0.014971378247468076,0.005724350506384853,0.007926023778071334
0.280794701986755,0.006622516556291391,0.006622516556291391,0.10772626931567329,0.00706401766004415,0.005739514348785872,0.007947019867549669,0.015011037527593819,0.006181015452538631,0.010596026490066225,0.006181015452538631,0.009271523178807948,0.5011037527593819,0.0141280353200883,0.006181015452538631,0.008830022075055188
0.28081886960391633,0.008455718736092568,0.007120605251446373,0.10725411659991099,0.00801068090787717,0.004895416110369382,0.008900756564307966,0.014686248331108143,0.006230529595015576,0.009790832220738763,0.004895416110369382,0.007120605251446373,0.5060080106809078,0.01290609701824655,0.006230529595015576,0.006675567423230975
0.2794446932377967,0.007165248544558889,0.006269592476489028,0.10792655620241827,0.00806090461262875,0.005373936408419167,0.009852216748768473,0.013434841021047918,0.005821764442454098,0.010747872816838333,0.0049261083743842365,0.00850873264666368,0.5078369905956113,0.012091356918943126,0.006269592476489028,0.006269592476489028
0.28105726872246695,0.007488986784140969,0.0052863436123348016,0.10704845814977973,0.00881057268722467,0.0052863436123348016,0.00881057268722467,0.013215859030837005,0.006167400881057269,0.01013215859030837,0.004845814977973568,0.007048458149779736,0.5092511013215859,0.01145374449339207,0.005726872246696035,0.008370044052863436
0.280107047279215,0.008920606601248885,0.006690454950936664,0.10437109723461195,0.008920606601248885,0.004906333630686887,0.008028545941123996,0.012934879571810883,0.004906333630686887,0.00936663693131133,0.004906333630686887,0.006690454950936664,0.5124888492417484,0.010258697591436218,0.006244424620874219,0.010258697591436218
0.27903871829105475,0.009790832220738763,0.006675567423230975,0.1041388518024032,0.008455718736092568,0.004895416110369382,0.008900756564307966,0.011570983533600357,0.004450378282153983,0.009790832220738763,0.004895416110369382,0.006230529595015576,0.5126835781041389,0.009345794392523364,0.006675567423230975,0.012461059190031152
0.27876106194690264,0.009292035398230088,0.005752212389380531,0.10176991150442478,0.007964601769911504,0.005309734513274336,0.009292035398230088,0.010176991150442478,0.0048672566371681415,0.008407079646017699,0.0048672566371681415,0.006194690265486726,0.5176991150442478,0.010176991150442478,0.007079646017699115,0.012389380530973451
0.2778768956289028,0.00936663693131133,0.005798394290811775,0.10392506690454952,0.008028545941123996,0.007136485280999108,0.00936663693131133,0.010258697591436218,0.0053523639607493305,0.00936663693131133,0.006690454950936664,0.006244424620874219,0.5124888492417484,0.011150758251561105,0.007136485280999108,0.009812667261373774
0.27960819234194123,0.008459483526268923,0.004452359750667854,0.10463045414069456,0.008904719501335707,0.007569011576135352,0.009349955476402494,0.01068566340160285,0.00578806767586821,0.008904719501335707,0.006233303650934996,0.006678539626001781,0.5111308993766697,0.010240427426536063,0.007569011576135352,0.009795191451469279
0.28438331854480925,0.007985803016858917,0.005323868677905945,0.1033717834960071,0.008429458740017746,0.007985803016858917,0.009316770186335404,0.009760425909494233,0.0048802129547471165,0.009316770186335404,0.00709849157054126,0.00709849157054126,0.5066548358473825,0.01064773735581189,0.007985803016858917,0.009760425909494233
0.28138913624220835,0.008904719501335707,0.00578806767586821,0.10284951024042743,0.008014247551202136,0.008459483526268923,0.009349955476402494,0.011130899376669634,0.005342831700801425,0.008904719501335707,0.006233303650934996,0.007123775601068566,0.5102404274265361,0.010240427426536063,0.006233303650934996,0.009795191451469279
0.28488111260655,0.008075370121130552,0.005832211754149843,0.10183938986092418,0.008075370121130552,0.008972633467922835,0.008075370121130552,0.010767160161507403,0.006729475100942127,0.008524001794526694,0.005832211754149843,0.007178106774338268,0.5065051592642441,0.010767160161507403,0.00762673844773441,0.01031852848811126
0.28787205686361617,0.009773434029320302,0.007107952021323856,0.10217681030653043,0.007996446023989337,0.007996446023989337,0.006663705019991115,0.011550422034651266,0.006219458018658374,0.009329187027987561,0.005775211017325633,0.006219458018658374,0.5006663705019991,0.011994669035984007,0.007552199022656597,0.011106175033318524
0.29302736098852605,0.010150044130626656,0.008384819064430714,0.10061782877316858,0.008384819064430714,0.00706090026478376,0.006619593998234775,0.009267431597528684,0.00706090026478376,0.009267431597528684,0.00529567519858782,0.00617828773168579,0.499558693733451,0.010150044130626656,0.00617828773168579,0.012797881729920565
0.29383044829116733,0.010208610741233911,0.007989347536617843,0.09942299156679982,0.007989347536617843,0.008433200177541057,0.006213936972924989,0.00887705281846427,0.007989347536617843,0.009320905459387484,0.005326231691078562,0.006213936972924989,0.4993342210386152,0.009764758100310697,0.006657789613848202,0.012427873945849977
0.28907637655417406,0.008880994671403197,0.007992895204262877,0.10079928952042629,0.007992895204262877,0.008880994671403197,0.005772646536412078,0.009325044404973356,0.007104795737122558,0.010213143872113677,0.006216696269982238,0.007104795737122558,0.5013321492007105,0.010213143872113677,0.005772646536412078,0.013321492007104795
0.2932735426008969,0.009417040358744395,0.007174887892376682,0.09551569506726458,0.008520179372197309,0.007623318385650224,0.005829596412556054,0.008968609865470852,0.007623318385650224,0.010762331838565023,0.006278026905829596,0.007623318385650224,0.5031390134529148,0.009865470852017937,0.006726457399103139,0.011659192825112108
0.29042179261862916,0.00922671353251318,0.006590509666080844,0.09622144112478032,0.007908611599297012,0.008787346221441126,0.005272407732864675,0.00922671353251318,0.008347978910369069,0.012302284710017574,0.005272407732864675,0.005272407732864675,0.5070298769771528,0.01054481546572935,0.007029876977152899,0.01054481546572935
0.29023629068212214,0.011145786892554615,0.006241640659830584,0.09451627284886313,0.008916629514043692,0.008024966562639322,0.0057958091841284,0.01069995541685243,0.008024966562639322,0.012483281319661168,0.005349977708426215,0.005349977708426215,0.5064645563976817,0.011145786892554615,0.006241640659830584,0.009362460989745877
0.2936720142602496,0.011140819964349376,0.005793226381461676,0.09135472370766488,0.008021390374331552,0.008021390374331552,0.0053475935828877,0.009358288770053475,0.008912655971479501,0.012477718360071301,0.004010695187165776,0.004456327985739751,0.5115864527629234,0.010249554367201427,0.005793226381461676,0.00980392156862745
0.29591836734693877,0.009316770186335404,0.006211180124223602,0.09139307897071872,0.009316770186335404,0.007985803016858917,0.0044365572315882874,0.011535048802129548,0.007985803016858917,0.011978704525288377,0.0044365572315882874,0.005767524401064774,0.5070984915705412,0.01020408163265306,0.005767524401064774,0.01064773735581189
0.2953229398663697,0.010244988864142539,0.0071269487750556795,0.09042316258351893,0.009354120267260579,0.0075723830734966595,0.004899777282850779,0.010690423162583519,0.008463251670378619,0.012026726057906459,0.004454342984409799,0.0066815144766146995,0.5051224944320712,0.010244988864142539,0.0062360801781737195,0.011135857461024499
0.28932210899424016,0.008861320336730172,0.007089056269384138,0.09525919361984936,0.00974745237040319,0.007089056269384138,0.004873726185201595,0.00974745237040319,0.007532122286220647,0.011962782454585734,0.003987594151528578,0.00664599025254763,0.5117412494461675,0.00974745237040319,0.0057598582188746125,0.010633584404076208
0.29236912156166817,0.007985803016858917,0.0075421472937000885,0.09183673469387756,0.008873114463176575,0.00709849157054126,0.003992901508429458,0.01064773735581189,0.0075421472937000885,0.011091393078970719,0.0048802129547471165,0.00709849157054126,0.5141969831410825,0.01020408163265306,0.0048802129547471165,0.009760425909494233
