C_R,C_A,C_S,C_N,D_R,D_A,D_S,D_N,Oc_R,Oc_A,Oc_S,Oc_N,Od_R,Od_A,Od_S,Od_N
1.0,0.0,0.0,0.0,0.0,0.0,0.0,0.0,0.0,0.0,0.0,0.0,0.0,0.0,0.0,0.0
0.5,0.0,0.0,0.0,0.0,0.0,0.0,0.0,0.0,0.0,0.0,0.0,0.5,0.0,0.0,0.0
0.25,0.0,0.0,0.25,0.0,0.0,0.0,0.0,0.0,0.0,0.0,0.0,0.5,0.0,0.0,0.0
0.14285714285714285,0.0,0.0,0.2857142857142857,0.0,0.0,0.0,0.0,0.2857142857142857,0.0,0.0,0.0,0.2857142857142857,0.0,0.0,0.0
0.2,0.0,0.0,0.2,0.0,0.0,0.0,0.0,0.2,0.0,0.0,0.0,0.3,0.0,0.0,0.1
0.1,0.0,0.0,0.3,0.1,0.0,0.0,0.0,0.2,0.0,0.0,0.0,0.3,0.0,0.0,0.0
0.07692307692307693,0.0,0.0,0.23076923076923078,0.15384615384615385,0.0,0.0,0.0,0.23076923076923078,0.0,0.0,0.0,0.3076923076923077,0.0,0.0,0.0
0.07142857142857142,0.0,0.0,0.2857142857142857,0.07142857142857142,0.0,0.0,0.0,0.21428571428571427,0.07142857142857142,0.0,0.0,0.2857142857142857,0.0,0.0,0.0
0.06666666666666667,0.0,0.0,0.26666666666666666,0.06666666666666667,0.0,0.0,0.0,0.26666666666666666,0.06666666666666667,0.0,0.0,0.2,0.06666666666666667,0.0,0.0
0.05555555555555555,0.0,0.0,0.3333333333333333,0.05555555555555555,0.0,0.0,0.0,0.2222222222222222,0.05555555555555555,0.0,0.0,0.16666666666666666,0.1111111111111111,0.0,0.0
0.125,0.0,0.0,0.3125,0.125,0.0,0.0,0.0,0.1875,0.0,0.0,0.0,0.125,0.125,0.0,0.0
0.12,0.0,0.04,0.24,0.12,0.04,0.0,0.0,0.12,0.0,0.0,0.0,0.16,0.16,0.0,0.0
0.14705882352941177,0.0,0.058823529411764705,0.29411764705882354,0.08823529411764706,0.029411764705882353,0.029411764705882353,0.0,0.11764705882352941,0.0,0.0,0.0,0.11764705882352941,0.11764705882352941,0.0,0.0
0.17391304347826086,0.0,0.043478260869565216,0.32608695652173914,0.08695652173913043,0.021739130434782608,0.043478260869565216,0.0,0.10869565217391304,0.0,0.0,0.0,0.06521739130434782,0.13043478260869565,0.0,0.0
0.17543859649122806,0.0,0.03508771929824561,0.2982456140350877,0.08771929824561403,0.03508771929824561,0.03508771929824561,0.0,0.12280701754385964,0.0,0.0,0.0,0.07017543859649122,0.14035087719298245,0.0,0.0
0.17391304347826086,0.014492753623188406,0.028985507246376812,0.34782608695652173,0.07246376811594203,0.028985507246376812,0.028985507246376812,0.0,0.14492753623188406,0.0,0.0,0.0,0.043478260869565216,0.11594202898550725,0.0,0.0
0.1375,0.025,0.0375,0.325,0.0875,0.025,0.025,0.0,0.175,0.0,0.0,0.0,0.05,0.1,0.0,0.0125
0.1368421052631579,0.031578947368421054,0.031578947368421054,0.3157894736842105,0.07368421052631578,0.031578947368421054,0.021052631578947368,0.0,0.17894736842105263,0.0,0.0,0.0,0.042105263157894736,0.12631578947368421,0.0,0.010526315789473684
0.1111111111111111,0.05555555555555555,0.037037037037037035,0.3148148148148148,0.06481481481481481,0.027777777777777776,0.027777777777777776,0.0,0.17592592592592593,0.0,0.0,0.0,0.05555555555555555,0.12037037037037036,0.0,0.009259259259259259
0.10743801652892562,0.06611570247933884,0.024793388429752067,0.2892561983471074,0.049586776859504134,0.03305785123966942,0.024793388429752067,0.0,0.19834710743801653,0.0,0.008264462809917356,0.0,0.0743801652892562,0.11570247933884298,0.0,0.008264462809917356
0.10714285714285714,0.06428571428571428,0.014285714285714285,0.2785714285714286,0.04285714285714286,0.03571428571428571,0.02857142857142857,0.0,0.19285714285714287,0.0,0.014285714285714285,0.0,0.09285714285714286,0.12142857142857143,0.0,0.007142857142857143
0.12025316455696203,0.06962025316455696,0.012658227848101266,0.26582278481012656,0.0379746835443038,0.03164556962025317,0.04430379746835443,0.0,0.17721518987341772,0.0,0.012658227848101266,0.0,0.0949367088607595,0.12658227848101267,0.0,0.006329113924050633
0.10555555555555556,0.06666666666666667,0.005555555555555556,0.2722222222222222,0.03888888888888889,0.03333333333333333,0.03888888888888889,0.011111111111111112,0.16666666666666666,0.0,0.016666666666666666,0.0,0.10555555555555556,0.13333333333333333,0.0,0.005555555555555556
0.11386138613861387,0.07920792079207921,0.0049504950495049506,0.25742574257425743,0.034653465346534656,0.0297029702970297,0.04950495049504951,0.009900990099009901,0.15841584158415842,0.0,0.009900990099009901,0.0049504950495049506,0.10396039603960396,0.13861386138613863,0.0,0.0049504950495049506
0.09606986899563319,0.09606986899563319,0.004366812227074236,0.25327510917030566,0.03056768558951965,0.034934497816593885,0.056768558951965066,0.013100436681222707,0.1615720524017467,0.0,0.013100436681222707,0.004366812227074236,0.10480349344978165,0.1222707423580786,0.0,0.008733624454148471
0.09765625,0.11328125,0.00390625,0.2734375,0.0234375,0.04296875,0.0546875,0.015625,0.13671875,0.0,0.01171875,0.0,0.08984375,0.1171875,0.0,0.01953125
0.10380622837370242,0.10380622837370242,0.0034602076124567475,0.2560553633217993,0.02768166089965398,0.05190311418685121,0.05190311418685121,0.01384083044982699,0.14186851211072665,0.0,0.010380622837370242,0.0,0.08996539792387544,0.12110726643598616,0.0,0.02422145328719723
0.10289389067524116,0.0932475884244373,0.006430868167202572,0.2508038585209003,0.02572347266881029,0.05144694533762058,0.05144694533762058,0.01929260450160772,0.1382636655948553,0.0,0.006430868167202572,0.0,0.09967845659163987,0.13183279742765272,0.0,0.022508038585209004
0.10882352941176471,0.09117647058823529,0.0058823529411764705,0.2529411764705882,0.026470588235294117,0.052941176470588235,0.047058823529411764,0.01764705882352941,0.1264705882352941,0.0,0.0058823529411764705,0.0,0.11764705882352941,0.12352941176470589,0.0,0.023529411764705882
0.10723860589812333,0.09115281501340483,0.005361930294906166,0.26005361930294907,0.02680965147453083,0.05361930294906166,0.040214477211796246,0.021447721179624665,0.12332439678284182,0.0,0.005361930294906166,0.0,0.10723860589812333,0.12064343163538874,0.002680965147453083,0.03485254691689008
0.1116751269035533,0.09137055837563451,0.005076142131979695,0.2715736040609137,0.02030456852791878,0.048223350253807105,0.04568527918781726,0.027918781725888325,0.1218274111675127,0.0,0.005076142131979695,0.0025380710659898475,0.10913705583756345,0.10913705583756345,0.0025380710659898475,0.027918781725888325
0.11943793911007025,0.10304449648711944,0.00702576112412178,0.24824355971896955,0.01873536299765808,0.04215456674473068,0.0468384074941452,0.0351288056206089,0.117096018735363,0.0,0.00936768149882904,0.00234192037470726,0.10772833723653395,0.11241217798594848,0.00234192037470726,0.02810304449648712
0.11224489795918367,0.10204081632653061,0.006122448979591836,0.24285714285714285,0.0163265306122449,0.04285714285714286,0.044897959183673466,0.04081632653061224,0.12653061224489795,0.0,0.01020408163265306,0.006122448979591836,0.10408163265306122,0.11224489795918367,0.0020408163265306124,0.030612244897959183
0.10344827586206896,0.09800362976406533,0.007259528130671506,0.2413793103448276,0.018148820326678767,0.039927404718693285,0.047186932849364795,0.038112522686025406,0.13793103448275862,0.003629764065335753,0.010889292196007259,0.0054446460980036296,0.10344827586206896,0.1088929219600726,0.003629764065335753,0.032667876588021776
0.10086956521739131,0.09565217391304348,0.006956521739130435,0.23130434782608697,0.019130434782608695,0.04173913043478261,0.05217391304347826,0.034782608695652174,0.12173913043478261,0.006956521739130435,0.01217391304347826,0.010434782608695653,0.12,0.10782608695652174,0.0034782608695652175,0.034782608695652174
0.0924092409240924,0.10396039603960396,0.0049504950495049506,0.23267326732673269,0.01485148514851485,0.04455445544554455,0.04455445544554455,0.037953795379537955,0.1254125412541254,0.009900990099009901,0.013201320132013201,0.01155115511551155,0.11221122112211221,0.11221122112211221,0.0016501650165016502,0.037953795379537955
0.09259259259259259,0.10339506172839506,0.004629629629629629,0.22993827160493827,0.015432098765432098,0.038580246913580245,0.041666666666666664,0.044753086419753084,0.13271604938271606,0.015432098765432098,0.013888888888888888,0.015432098765432098,0.10339506172839506,0.10339506172839506,0.0015432098765432098,0.043209876543209874
0.09523809523809523,0.11255411255411256,0.004329004329004329,0.23088023088023088,0.01443001443001443,0.03751803751803752,0.03896103896103896,0.05194805194805195,0.1240981240981241,0.017316017316017316,0.012987012987012988,0.011544011544011544,0.1038961038961039,0.09812409812409813,0.001443001443001443,0.044733044733044736
0.08969210174029452,0.11512717536813923,0.006693440428380187,0.23962516733601072,0.014725568942436412,0.038821954484605084,0.040160642570281124,0.050870147255689425,0.11378848728246319,0.01606425702811245,0.013386880856760375,0.013386880856760375,0.10575635876840696,0.0856760374832664,0.00535475234270415,0.050870147255689425
0.08129032258064516,0.1135483870967742,0.005161290322580645,0.23870967741935484,0.01935483870967742,0.03354838709677419,0.04387096774193548,0.05935483870967742,0.1135483870967742,0.016774193548387096,0.016774193548387096,0.012903225806451613,0.11225806451612903,0.08129032258064516,0.003870967741935484,0.04774193548387097
0.08082026537997587,0.12907117008443908,0.007237635705669481,0.23522316043425814,0.022919179734620022,0.03498190591073583,0.03618817852834741,0.05790108564535585,0.10735826296743065,0.020506634499396863,0.016887816646562123,0.013268998793727383,0.10494571773220748,0.07961399276236429,0.0036188178528347406,0.04945717732207479
0.0843644544431946,0.1361079865016873,0.007874015748031496,0.2249718785151856,0.024746906636670417,0.03712035995500562,0.0359955005624297,0.06636670416197975,0.10573678290213723,0.020247469066366704,0.015748031496062992,0.01124859392575928,0.09336332958380203,0.08211473565804274,0.003374578177727784,0.05061867266591676
0.08820403825717323,0.1487778958554729,0.010626992561105207,0.21891604675876727,0.025504782146652496,0.039319872476089264,0.03825717321997875,0.05951115834218916,0.10201912858660998,0.019128586609989374,0.01381509032943677,0.011689691817215728,0.09458023379383634,0.07438894792773645,0.006376195536663124,0.048884165781083955
0.08024691358024691,0.15432098765432098,0.0102880658436214,0.2242798353909465,0.027777777777777776,0.03497942386831276,0.03806584362139918,0.06172839506172839,0.09773662551440329,0.01748971193415638,0.012345679012345678,0.015432098765432098,0.09670781893004116,0.07098765432098765,0.00720164609053498,0.050411522633744855
0.08374384236453201,0.1625615763546798,0.01083743842364532,0.2147783251231527,0.02857142857142857,0.035467980295566505,0.03152709359605911,0.06403940886699508,0.09359605911330049,0.0187192118226601,0.009852216748768473,0.02167487684729064,0.09359605911330049,0.06995073891625615,0.006896551724137931,0.054187192118226604
0.08364312267657993,0.16821561338289961,0.010223048327137546,0.20817843866171004,0.02973977695167286,0.03345724907063197,0.031598513011152414,0.06319702602230483,0.09293680297397769,0.020446096654275093,0.012081784386617101,0.023234200743494422,0.08921933085501858,0.07063197026022305,0.007434944237918215,0.055762081784386616
0.0820829655781112,0.17387466902030008,0.01059135039717564,0.20653133274492497,0.02912621359223301,0.03795233892321271,0.03265666372462489,0.06001765225066196,0.08737864077669903,0.02294792586054722,0.01235657546337158,0.02559576345984113,0.08737864077669903,0.06972639011473963,0.0088261253309797,0.0529567519858782
0.08180300500834725,0.18030050083472454,0.008347245409015025,0.2020033388981636,0.03672787979966611,0.04006677796327212,0.0325542570951586,0.06343906510851419,0.08430717863105175,0.02337228714524207,0.012520868113522538,0.02587646076794658,0.08430717863105175,0.0667779632721202,0.007512520868113523,0.05008347245409015
0.07600950118764846,0.17735550277117973,0.010292953285827395,0.1955661124307205,0.03721298495645289,0.04433887569279493,0.0332541567695962,0.06334125098970704,0.0855106888361045,0.030087094220110848,0.010292953285827395,0.026920031670625493,0.08471892319873317,0.06809184481393507,0.007125890736342043,0.0498812351543943
0.07738998482549317,0.17830045523520485,0.014415781487101669,0.19119878603945373,0.03566009104704097,0.0417298937784522,0.03414264036418816,0.05842185128983308,0.07890743550834597,0.03186646433990895,0.014415781487101669,0.027314112291350532,0.08952959028831563,0.06600910470409711,0.006069802731411229,0.054628224582701064
0.06856309263311451,0.18016046681254558,0.015317286652078774,0.18818380743982493,0.03646973012399708,0.03646973012399708,0.03646973012399708,0.05981035740335521,0.07950401167031364,0.03355215171407731,0.01312910284463895,0.028446389496717725,0.09482129832239242,0.06710430342815463,0.005835156819839533,0.05616338439095551
0.06564245810055866,0.18435754189944134,0.015363128491620111,0.17946927374301677,0.040502793296089384,0.036312849162011177,0.0356145251396648,0.061452513966480445,0.08030726256983241,0.034916201117318434,0.012569832402234637,0.027932960893854747,0.09706703910614525,0.06215083798882681,0.006284916201117319,0.06005586592178771
0.06999306999306999,0.1864171864171864,0.01593901593901594,0.18156618156618157,0.040887040887040885,0.03187803187803188,0.03257103257103257,0.058905058905058906,0.07969507969507969,0.03395703395703396,0.01386001386001386,0.029106029106029108,0.09771309771309772,0.06375606375606375,0.006237006237006237,0.05751905751905752
0.06951871657754011,0.18114973262032086,0.016042780748663103,0.18449197860962566,0.04411764705882353,0.03409090909090909,0.034759358288770054,0.06016042780748663,0.0748663101604278,0.03609625668449198,0.017379679144385027,0.026737967914438502,0.09692513368983957,0.06350267379679145,0.006016042780748663,0.05414438502673797
0.06930051813471502,0.17357512953367876,0.01683937823834197,0.1716321243523316,0.04533678756476684,0.03821243523316062,0.03950777202072539,0.05893782383419689,0.07707253886010362,0.040803108808290155,0.01878238341968912,0.027202072538860103,0.09455958549222798,0.06347150259067358,0.008419689119170985,0.056347150259067356
0.07169811320754717,0.17232704402515722,0.018238993710691823,0.16352201257861634,0.05157232704402516,0.040880503144654086,0.035849056603773584,0.059748427672955975,0.07672955974842767,0.040880503144654086,0.018238993710691823,0.02578616352201258,0.09874213836477988,0.06415094339622641,0.007547169811320755,0.05408805031446541
0.06687116564417178,0.1656441717791411,0.020245398773006136,0.16503067484662576,0.050920245398773004,0.041104294478527606,0.03619631901840491,0.06625766871165645,0.07239263803680981,0.04294478527607362,0.017791411042944787,0.03067484662576687,0.09877300613496932,0.06257668711656442,0.009202453987730062,0.05337423312883435
0.06609547123623011,0.16585067319461444,0.023255813953488372,0.1591187270501836,0.051407588739290085,0.04039167686658507,0.03427172582619339,0.06854345165238677,0.0740514075887393,0.043451652386780906,0.020195838433292534,0.02937576499388005,0.09914320685434516,0.06119951040391677,0.009791921664626682,0.05385556915544676
0.06535947712418301,0.16696375519904932,0.023172905525846704,0.15805109922756982,0.052881758764111705,0.0368389780154486,0.0338680926916221,0.0689245395127748,0.0778371954842543,0.041592394533571005,0.020796197266785502,0.0285204991087344,0.0962566844919786,0.06417112299465241,0.008318478906714201,0.056446821152703504
0.06483075157773953,0.16924842226047046,0.021801491681009755,0.1572002294893861,0.05335628227194492,0.03901319563970167,0.03384968445209409,0.07056798623063683,0.07458405048766495,0.04589787722317843,0.0189328743545611,0.030407343660355707,0.09294320137693632,0.06196213425129088,0.009753298909925417,0.055651176133103844
0.06274292059966685,0.17212659633536925,0.019988895058300944,0.15991116046640755,0.05941143808995003,0.039422543031649084,0.03220433092726263,0.07218212104386452,0.07773459189339256,0.044975013881177126,0.019988895058300944,0.028872848417545807,0.09050527484730705,0.06107717934480844,0.006662965019433648,0.05219322598556358
0.06176154672395274,0.17722878625134264,0.020945220193340493,0.15950590762620837,0.057465091299677765,0.03866809881847476,0.03544575725026853,0.07303974221267455,0.08109559613319012,0.04403866809881848,0.022556390977443608,0.03007518796992481,0.08968850698174007,0.057465091299677765,0.007518796992481203,0.043501611170784105
0.06490765171503958,0.17572559366754617,0.021108179419525065,0.15303430079155672,0.062269129287598944,0.03641160949868074,0.03535620052770449,0.07862796833773088,0.07598944591029023,0.043799472295514515,0.022691292875989446,0.03324538258575198,0.09076517150395778,0.057519788918205805,0.007387862796833773,0.04116094986807388
0.0674562306900103,0.16992790937178168,0.02008238928939238,0.15036045314109167,0.06539649845520082,0.035015447991761074,0.036560247167868175,0.07672502574665294,0.07775489186405768,0.04325437693099897,0.02420185375901133,0.032955715756951595,0.09062821833161688,0.057672502574665295,0.008238928939237899,0.04376930998970134
0.06157760814249364,0.16793893129770993,0.020865139949109414,0.15267175572519084,0.06361323155216285,0.03460559796437659,0.03918575063613232,0.07837150127226464,0.07888040712468193,0.04834605597964377,0.024427480916030534,0.03206106870229008,0.08702290076335878,0.06005089058524173,0.008142493638676845,0.042239185750636135
0.061390157280568236,0.16641298833079654,0.020801623541349568,0.15271435819381024,0.06341958396752917,0.03450025367833587,0.03450025367833587,0.07407407407407407,0.0837138508371385,0.050735667174023336,0.0243531202435312,0.030948756976154235,0.08777270421106037,0.06341958396752917,0.007102993404363267,0.0441400304414003
0.06019221041982802,0.16439049064238745,0.020738492665655032,0.15528578654527062,0.06069802731411229,0.03388973191704603,0.030854830551340414,0.07738998482549317,0.0834597875569044,0.05311077389984825,0.02326757713707638,0.03490136570561457,0.08750632271117856,0.06170966110268083,0.008598887202832575,0.04400606980273141
0.06222000995520159,0.16575410652065703,0.019412643106022896,0.15380786460925833,0.06072672971627675,0.0353409656545545,0.03484320557491289,0.07914385266301642,0.08113489298158287,0.0507715281234445,0.019910403185664508,0.035838725734196115,0.08810353409656546,0.059233449477351915,0.008959681433549029,0.04479840716774515
0.062034739454094295,0.16575682382133994,0.018858560794044667,0.15037220843672455,0.05806451612903226,0.03821339950372209,0.034739454094292806,0.0794044665012407,0.084863523573201,0.048635235732009924,0.020843672456575684,0.03672456575682382,0.08734491315136476,0.05955334987593052,0.008933002481389578,0.0456575682382134
0.05905707196029777,0.16575682382133994,0.020843672456575684,0.1488833746898263,0.06104218362282878,0.03225806451612903,0.03523573200992556,0.07642679900744417,0.08436724565756824,0.04813895781637717,0.022332506203473945,0.03573200992555831,0.0913151364764268,0.06451612903225806,0.008933002481389578,0.04516129032258064
0.06053149606299212,0.1609251968503937,0.021161417322834646,0.1481299212598425,0.0625,0.03198818897637795,0.0344488188976378,0.07923228346456693,0.08218503937007875,0.04822834645669291,0.02608267716535433,0.036909448818897635,0.09202755905511811,0.05856299212598425,0.00984251968503937,0.047244094488188976
0.05844477464091134,0.15453194650817237,0.022783556215948488,0.1490837048043586,0.05844477464091134,0.03516592372461615,0.03615651312530956,0.07578008915304606,0.08122833085685983,0.05101535413571075,0.02773650321941555,0.03665180782565627,0.09162951956414066,0.05993065874195146,0.010896483407627538,0.05052005943536404
0.0606501698204755,0.15283842794759825,0.023774866569626393,0.14750121300339641,0.05725376031052887,0.03541969917515769,0.03784570596797671,0.07472100921882581,0.08151382823871907,0.051431344007763224,0.027656477438136828,0.035904900533721494,0.08733624454148471,0.0611353711790393,0.009704027171276079,0.055312954876273655
0.061021759697256386,0.14758751182592242,0.025070955534531692,0.1456953642384106,0.061021759697256386,0.03642384105960265,0.03642384105960265,0.07994323557237465,0.08136234626300852,0.04919583727530748,0.027909176915799434,0.03453169347209082,0.08987701040681173,0.06007568590350047,0.008987701040681173,0.05487228003784295
0.06327900287631831,0.14669223394055608,0.02588686481303931,0.14429530201342283,0.060882070949185046,0.03451581975071908,0.03787152444870566,0.08341323106423777,0.07670182166826463,0.053691275167785234,0.0311601150527325,0.03451581975071908,0.08772770853307767,0.05704697986577181,0.007670182166826462,0.05465004793863854
0.059602649006622516,0.1456953642384106,0.026017029328287606,0.13386944181646168,0.05723746452223273,0.03784295175023652,0.04257332071901608,0.08420056764427625,0.07899716177861874,0.05250709555345317,0.0293282876064333,0.03784295175023652,0.08940397350993377,0.06149479659413434,0.006622516556291391,0.05676442762535478
0.059318075665576835,0.14198972442783747,0.026156001868285848,0.13638486688463336,0.0560485754320411,0.0406352171882298,0.04297057449789818,0.08080336291452592,0.08033629145259225,0.04997664642690332,0.029425502101821578,0.03923400280242877,0.09248014946286783,0.06165343297524521,0.006539000467071462,0.0560485754320411
0.05851569933396765,0.1422454804947669,0.026165556612749764,0.13558515699333967,0.05708848715509039,0.03948620361560418,0.042340627973358705,0.08230256898192198,0.08230256898192198,0.048525214081826834,0.028068506184586107,0.03948620361560418,0.09324452901998097,0.05994291151284491,0.008563273073263558,0.056137012369172214
0.059813084112149535,0.14065420560747663,0.024766355140186914,0.1369158878504673,0.05560747663551402,0.03878504672897196,0.04065420560747664,0.08457943925233645,0.08224299065420561,0.048598130841121495,0.027102803738317756,0.043457943925233646,0.09345794392523364,0.059813084112149535,0.008411214953271028,0.05514018691588785
0.06056338028169014,0.13943661971830987,0.02629107981220657,0.13990610328638498,0.056338028169014086,0.038028169014084505,0.04037558685446009,0.08591549295774648,0.07981220657276995,0.05070422535211268,0.025821596244131457,0.042723004694835684,0.09295774647887324,0.05539906103286385,0.008450704225352112,0.05727699530516432
0.05901486988847584,0.14405204460966542,0.022769516728624536,0.13847583643122677,0.055297397769516726,0.039962825278810406,0.040427509293680296,0.08224907063197026,0.08271375464684015,0.05157992565055762,0.026022304832713755,0.041821561338289966,0.09293680297397769,0.05483271375464684,0.009758364312267658,0.05808550185873606
0.06053496011262318,0.14500234631628345,0.02111684655091506,0.1360863444392304,0.055373064289066166,0.03894885030502112,0.04082590333176912,0.08305959643359925,0.07883622712341623,0.05443453777569216,0.025340215861098078,0.04176442984514313,0.09150633505396527,0.05725011731581417,0.012200844673862036,0.05771938057250117
0.0633147113594041,0.14664804469273743,0.021880819366852888,0.1340782122905028,0.05540037243947858,0.040968342644320296,0.03770949720670391,0.08193668528864059,0.0782122905027933,0.055865921787709494,0.0260707635009311,0.04283054003724395,0.08985102420856611,0.05446927374301676,0.013966480446927373,0.056797020484171325
0.06389925373134328,0.1478544776119403,0.0228544776119403,0.13292910447761194,0.05550373134328358,0.04291044776119403,0.03264925373134328,0.0830223880597015,0.08022388059701492,0.05643656716417911,0.025652985074626867,0.044309701492537316,0.08955223880597014,0.054104477611940295,0.013526119402985074,0.05457089552238806
0.06594948550046772,0.14826941066417212,0.022918615528531337,0.1295603367633302,0.05519176800748363,0.042095416276894296,0.03274087932647334,0.08652946679139382,0.07717492984097288,0.05659494855004677,0.02478952291861553,0.04349859681945744,0.08980355472404115,0.05659494855004677,0.013564078578110383,0.05472404115996258
0.06790123456790123,0.1462488129154796,0.023266856600189935,0.13247863247863248,0.05318138651471985,0.04415954415954416,0.03323836657169991,0.08831908831908832,0.0731244064577398,0.05745489078822412,0.024691358024691357,0.045584045584045586,0.08974358974358974,0.056505223171889836,0.011396011396011397,0.05270655270655271
0.066006600660066,0.14144271570014144,0.020744931636020744,0.12965582272512965,0.05704856199905705,0.0429042904290429,0.03488920320603489,0.09052333804809053,0.07496463932107496,0.05799151343705799,0.02498821310702499,0.04526166902404526,0.08958038661008957,0.058934464875058934,0.010843941537010843,0.05421970768505422
0.06883545497406883,0.13437057991513437,0.021216407355021217,0.13672795851013672,0.056105610561056105,0.04479019330504479,0.03818953323903819,0.0876944837340877,0.07449316360207449,0.06223479490806223,0.02545968882602546,0.04714757190004715,0.08675153229608674,0.055162659123055166,0.011786892975011787,0.04903347477604903
0.07006071929005138,0.12844465203176086,0.021018215787015414,0.13918729565623542,0.05651564689397478,0.044371788883699206,0.03549743110695937,0.08874357776739841,0.07426436244745446,0.06725829051844932,0.025688930406352173,0.05091078935077067,0.08734236338159738,0.0541802895843064,0.011209715086408221,0.045305931807566556
0.0720037896731407,0.13121743249644718,0.021316911416390336,0.13642823306489815,0.05589767882520132,0.04452865940312648,0.03268593083846518,0.08621506395073425,0.07531975367124585,0.06726669824727617,0.026054002842254856,0.04594978683088584,0.09095215537659877,0.05542396968261488,0.01231643770724775,0.04642349597347229
0.06954887218045112,0.12922932330827067,0.022556390977443608,0.13815789473684212,0.051221804511278196,0.043703007518796994,0.03524436090225564,0.08928571428571429,0.07471804511278196,0.06390977443609022,0.02725563909774436,0.048402255639097745,0.09069548872180451,0.05780075187969925,0.01362781954887218,0.044642857142857144
0.06965871902758299,0.12903225806451613,0.02244039270687237,0.13744740532959326,0.049555867227676485,0.039738195418419824,0.03927068723702665,0.09069658719027583,0.07339878447872837,0.06451612903225806,0.02758298270219729,0.04581580177653109,0.09396914446002805,0.0584385226741468,0.014492753623188406,0.04394576905095839
0.06728971962616823,0.12570093457943926,0.022897196261682243,0.1411214953271028,0.053738317757009345,0.04065420560747664,0.03785046728971963,0.08971962616822429,0.07289719626168224,0.06588785046728972,0.028037383177570093,0.04439252336448598,0.09485981308411215,0.057476635514018694,0.014953271028037384,0.04252336448598131
0.06559697970740916,0.12364322793770646,0.023596035865974516,0.14440773949976404,0.052855120339782916,0.04011326097215668,0.03680981595092025,0.09013685700802265,0.07550731477111845,0.06512505899008966,0.028315243039169418,0.048607833883907506,0.09013685700802265,0.05615856536101935,0.01604530438886267,0.04294478527607362
0.06619718309859154,0.12112676056338029,0.02488262910798122,0.14647887323943662,0.04788732394366197,0.03990610328638498,0.03333333333333333,0.09014084507042254,0.07652582159624413,0.06431924882629109,0.029577464788732393,0.046948356807511735,0.09248826291079812,0.05868544600938967,0.01737089201877934,0.044131455399061034
0.06823529411764706,0.1228235294117647,0.023529411764705882,0.14258823529411765,0.048,0.039058823529411764,0.03294117647058824,0.09411764705882353,0.07529411764705882,0.06541176470588235,0.031058823529411764,0.041411764705882356,0.09505882352941177,0.06023529411764706,0.017411764705882352,0.042823529411764705
0.07112774918109499,0.11979410388394947,0.027608797379503978,0.1380439868975199,0.05147402901263454,0.040243331773514274,0.03369209171736079,0.08984557791296209,0.07487131492746842,0.0669162377164249,0.0313523631258774,0.04773046326626111,0.09265325222274216,0.05568554047730463,0.01731399157697707,0.0416471689284043
0.07388475836431227,0.11756505576208179,0.026022304832713755,0.1370817843866171,0.04879182156133829,0.03903345724907063,0.03671003717472119,0.09200743494423792,0.07342007434944238,0.06644981412639406,0.03066914498141264,0.04925650557620818,0.09526022304832714,0.05483271375464684,0.016728624535315983,0.04228624535315985
0.0749063670411985,0.11563670411985019,0.025280898876404494,0.1343632958801498,0.04962546816479401,0.04073033707865169,0.03417602996254682,0.0898876404494382,0.07584269662921349,0.06320224719101124,0.03089887640449438,0.05149812734082397,0.10018726591760299,0.056179775280898875,0.017322097378277154,0.040262172284644196
0.07894736842105263,0.11043233082706767,0.026785714285714284,0.13392857142857142,0.052161654135338346,0.044172932330827065,0.03524436090225564,0.09163533834586467,0.07424812030075188,0.06109022556390977,0.03101503759398496,0.051221804511278196,0.09774436090225563,0.05545112781954887,0.015977443609022556,0.03994360902255639
0.0768143261074458,0.1116870876531574,0.027803958529688973,0.13619227144203583,0.05419415645617342,0.043355325164938736,0.036757775683317624,0.08482563619227144,0.07257304429783223,0.06503298774740811,0.03298774740810556,0.051837888784165884,0.09660697455230914,0.0527803958529689,0.01649387370405278,0.04005655042412818
0.07721459024159166,0.1113216485078162,0.02936996684036002,0.1397441970630033,0.05731880625296068,0.04737091425864519,0.037423022264329704,0.08005684509711038,0.06774040738986263,0.06726669824727617,0.03173851255329228,0.04784462340123164,0.0994789199431549,0.05116058739933681,0.016579819990525817,0.03837044054950261
0.07440336920917173,0.11043518951801591,0.027608797379503978,0.1338324754328498,0.056621431913897985,0.047262517547964435,0.035563874590547495,0.08095460926532522,0.06832007487131493,0.06925596630790828,0.03088441740758072,0.05240992044922789,0.10341600374356574,0.04866635470285447,0.01918577445016378,0.04117922321010763
0.07670588235294118,0.1063529411764706,0.026823529411764704,0.136,0.056,0.04752941176470588,0.03811764705882353,0.07858823529411765,0.06964705882352941,0.06635294117647059,0.03247058823529412,0.05129411764705882,0.104,0.048,0.01835294117647059,0.04376470588235294
0.07877358490566037,0.10283018867924529,0.02688679245283019,0.12830188679245283,0.056132075471698115,0.049528301886792456,0.038679245283018866,0.08066037735849056,0.06933962264150943,0.06650943396226415,0.031132075471698113,0.051415094339622644,0.10424528301886793,0.04905660377358491,0.017924528301886792,0.04858490566037736
0.08018867924528301,0.10330188679245284,0.02547169811320755,0.12358490566037736,0.05566037735849057,0.04858490566037736,0.03820754716981132,0.08066037735849056,0.07358490566037736,0.06745283018867924,0.0330188679245283,0.054245283018867926,0.09952830188679246,0.049528301886792456,0.01839622641509434,0.04858490566037736
0.07648183556405354,0.10277246653919694,0.029158699808795412,0.12715105162523901,0.05449330783938815,0.052103250478011474,0.03776290630975143,0.08078393881453155,0.07409177820267686,0.06453154875717017,0.03202676864244742,0.05688336520076482,0.10038240917782026,0.049235181644359464,0.017208413001912046,0.044933078393881457
0.08022652194431336,0.10335063709296838,0.0292590844738084,0.1269466729589429,0.053798961774421894,0.05002359603586597,0.03539405379896177,0.08069844266163284,0.0736196319018405,0.06512505899008966,0.03256252949504483,0.05804624823029731,0.09910335063709297,0.04766399244926852,0.01793298725814063,0.04624823029731005
0.08028169014084507,0.1,0.02910798122065728,0.12863849765258217,0.05211267605633803,0.051643192488262914,0.036619718309859155,0.08075117370892018,0.07464788732394366,0.06150234741784037,0.03474178403755868,0.056338028169014086,0.10093896713615023,0.047417840375586856,0.01971830985915493,0.045539906103286384
0.0815090824406148,0.09920819748486259,0.029809035863996275,0.13088029809035864,0.050768514205868656,0.04890544946436889,0.033535165346995806,0.0768514205868654,0.07545412203074056,0.06427573358174196,0.038192827200745225,0.05449464368886819,0.10060549604098742,0.04750815090824406,0.020027945971122497,0.047973917093619006
0.08072795146990201,0.1021931871208586,0.028464769015398975,0.1301913205786281,0.04806346243583761,0.0485300979934671,0.03406439570695287,0.07652823145123658,0.0751283247783481,0.06439570695286981,0.03359776014932338,0.05739617358842744,0.10499300046663555,0.0485300979934671,0.022398506766215586,0.04479701353243117
0.08051827857473393,0.10273021749190189,0.02961591855622397,0.12771864877371586,0.047200370198981954,0.04905136510874595,0.035168903285515966,0.07727903748264692,0.07311429893567793,0.06709856547894494,0.031004164738546967,0.05738084220268394,0.10273021749190189,0.04766311892642295,0.023600185099490977,0.04812586765386395
0.07874015748031496,0.09911996294580824,0.030106530801296896,0.1283001389532191,0.04631773969430292,0.05002315886984715,0.03427512737378416,0.07688744789254284,0.07549791570171376,0.06530801296896711,0.031496062992125984,0.05974988420565076,0.10560444650301065,0.047707271885132005,0.021306160259379342,0.04955998147290412
0.07988980716253444,0.09733700642791551,0.03351698806244261,0.12718089990817263,0.049586776859504134,0.048668503213957756,0.03443526170798898,0.07621671258034894,0.07575757575757576,0.06382001836547291,0.03535353535353535,0.0573921028466483,0.10514233241505969,0.046831955922865015,0.021120293847566574,0.047750229568411386
0.07874015748031496,0.10143584993052339,0.03473830477072719,0.12644742936544698,0.052802223251505326,0.04539138490041686,0.03520148216767022,0.07549791570171376,0.07827698008337193,0.06391848077813803,0.037054191755442334,0.06067623899953682,0.10189902732746642,0.0444650301065308,0.018527095877721167,0.04492820750347383
0.07681564245810056,0.10288640595903166,0.036312849162011177,0.1270949720670391,0.051675977653631286,0.04236499068901303,0.03770949720670391,0.07541899441340782,0.07495344506517691,0.06191806331471136,0.03677839851024209,0.06005586592178771,0.10614525139664804,0.043761638733705775,0.019553072625698324,0.04655493482309125
0.07621247113163972,0.09930715935334873,0.03464203233256351,0.12286374133949192,0.052193995381062355,0.04249422632794457,0.041108545034642036,0.07759815242494227,0.07344110854503465,0.06189376443418014,0.03556581986143187,0.0628175519630485,0.10115473441108545,0.046189376443418015,0.021247113163972285,0.051270207852193994
0.07621247113163972,0.09607390300230947,0.03464203233256351,0.12378752886836028,0.056812933025404154,0.04295612009237875,0.040184757505773674,0.07990762124711316,0.06882217090069284,0.06235565819861432,0.03695150115473441,0.06189376443418014,0.10254041570438799,0.045727482678983834,0.024480369515011546,0.046651270207852195
0.0737134909596662,0.09643022716736208,0.037552155771905425,0.12517385257301808,0.0584144645340751,0.04172461752433936,0.03801576263328697,0.08066759388038942,0.07093184979137691,0.06212331942512749,0.03569772832637923,0.06212331942512749,0.09967547519703292,0.04728789986091794,0.02364394993045897,0.046824292999536395
0.07498835584536563,0.09594783418723801,0.0367955286446204,0.12109920819748486,0.058220773171867725,0.043782021425244524,0.040055891942244994,0.08383791336748952,0.07312529110386586,0.06054960409874243,0.03306939916162087,0.05728924080111784,0.10153702841173731,0.047973917093619006,0.024685607824871916,0.04704238472286912
0.07851433944522802,0.09732016925246827,0.03714151386929948,0.11941701927597555,0.05829807240244476,0.043253408556652564,0.03996238834038552,0.08415608838740009,0.07240244475787494,0.0611189468735308,0.03244005641748942,0.05782792665726375,0.09920075223319229,0.05124588622472966,0.022566995768688293,0.045133991537376586
0.07525870178739416,0.09642521166509878,0.03762935089369708,0.11571025399811853,0.05644402634054563,0.045625587958607716,0.04421448730009407,0.0832549388523048,0.07102539981185324,0.062088428974600186,0.03386641580432737,0.05832549388523048,0.10112888052681092,0.04750705550329257,0.025870178739416744,0.045625587958607716
0.07623529411764705,0.09647058823529411,0.03623529411764706,0.1148235294117647,0.05741176470588235,0.048,0.046588235294117646,0.08047058823529411,0.07105882352941177,0.06494117647058824,0.03529411764705882,0.05741176470588235,0.09788235294117648,0.047058823529411764,0.02635294117647059,0.04376470588235294
0.07308970099667775,0.09919316563834836,0.03512102515424775,0.11817750355956336,0.05932605600379687,0.04746084480303749,0.04603701945894637,0.08495491219743712,0.06407214048410062,0.064546748932131,0.036544850498338874,0.05742762221167537,0.09682012339819648,0.04888467014712862,0.025628856193640248,0.04271476032273375
0.07488151658767772,0.10426540284360189,0.037914691943127965,0.11327014218009479,0.057345971563981045,0.045023696682464455,0.04549763033175355,0.08625592417061612,0.06255924170616113,0.06350710900473934,0.03317535545023697,0.05545023696682464,0.1009478672985782,0.04928909952606635,0.026066350710900472,0.04454976303317536
0.07454890788224122,0.10113960113960115,0.03751187084520418,0.11396011396011396,0.05745489078822412,0.04510921177587844,0.045584045584045586,0.08262108262108261,0.06267806267806268,0.06125356125356125,0.033713200379867046,0.05698005698005698,0.10446343779677113,0.052231718898385564,0.026115859449192782,0.0446343779677113
0.07826496935407827,0.10608203677510608,0.03536067892503536,0.11268269684111268,0.058934464875058934,0.04337576614804337,0.04950495049504951,0.08250825082508251,0.06034889203206035,0.05704856199905705,0.037246581801037244,0.05704856199905705,0.10042432814710042,0.05091937765205092,0.026402640264026403,0.04384724186704385
0.07146193367585241,0.10368986454927603,0.036898645492760396,0.10882765063054647,0.061186361513311534,0.0406352171882298,0.05511443250817375,0.08640822045773003,0.05511443250817375,0.060252218589444184,0.04110228865016347,0.06165343297524521,0.09901914992993928,0.05044371788883699,0.026156001868285848,0.04203643157403083
0.06834030683403068,0.10460251046025104,0.03905160390516039,0.11343561134356113,0.061366806136680614,0.04091120409112041,0.055323105532310554,0.08600650860065086,0.05904230590423059,0.06183170618317062,0.040446304044630406,0.06229660622966062,0.099953509995351,0.04834960483496048,0.02278010227801023,0.03626220362622036
0.06592899953895805,0.10465652374366068,0.03780544029506685,0.11664361456892577,0.06085753803596127,0.04333794375288151,0.05255878284923928,0.08252650991240203,0.060396496081143385,0.059474412171507604,0.041954817888427844,0.06454587367450439,0.10050714615029968,0.0479483633010604,0.0239741816505302,0.036883356385431075
0.06828597616865262,0.10449129239230064,0.03528872593950504,0.1145737855178735,0.06278643446379469,0.04720439963336388,0.04949587534372136,0.0838680109990834,0.06232813932172319,0.054995417048579284,0.03941338221814849,0.06232813932172319,0.10174152153987168,0.04812098991750687,0.025206232813932174,0.03987167736021998
0.06564956079519187,0.10309754969949145,0.03744798890429958,0.12020342117429496,0.061488673139158574,0.048081368469717986,0.049930651872399444,0.08321775312066575,0.06287563569116968,0.05501618122977346,0.04068423485899214,0.06102635228848821,0.10078594544613963,0.044382801664355064,0.02727693018955155,0.038834951456310676
0.06287843502561714,0.10293432696786213,0.04052165812761994,0.11690731252911038,0.059152305542617606,0.04750815090824406,0.04983698183511877,0.08663251047973917,0.0624126688402422,0.05170004657661854,0.040987424312994875,0.06380996739636702,0.10340009315323707,0.043782021425244524,0.025617140195621797,0.04191895668374476
0.06498363721365123,0.10612435717625059,0.03927068723702665,0.11827956989247312,0.0565684899485741,0.04675081813931744,0.04581580177653109,0.08555399719495091,0.059841047218326324,0.055633473585787754,0.043010752688172046,0.05937353903693315,0.10892940626460963,0.041608228143992516,0.024777933613838243,0.043478260869565216
0.06396989651928504,0.10442144873000941,0.03998118532455315,0.1147695202257761,0.05456255879586077,0.045625587958607716,0.044684854186265284,0.08278457196613359,0.059266227657572904,0.055503292568203196,0.04797742238946378,0.0625587958607714,0.10959548447789276,0.04186265286923801,0.02916274694261524,0.043273753527751646
0.06890042472864559,0.10335063709296838,0.04058518168947617,0.11420481359131666,0.05568664464369986,0.04719207173194903,0.04247286455875413,0.08117036337895234,0.05946201038225578,0.05615856536101935,0.045304388862671074,0.059933931099575274,0.10995752713544124,0.04436054742803209,0.02878716375648891,0.04247286455875413
