C_R,C_A,C_S,C_N,D_R,D_A,D_S,D_N,Oc_R,Oc_A,Oc_S,Oc_N,Od_R,Od_A,Od_S,Od_N
0.0,0.0,0.0,0.0,0.0,0.0,0.0,0.0,0.0,0.0,0.0,0.0,0.0,1.0,0.0,0.0
0.0,0.0,0.0,0.0,0.0,0.0,0.0,0.0,0.0,0.0,0.0,0.0,0.0,1.0,0.0,0.0
0.0,0.0,0.0,0.0,0.0,0.0,0.0,0.16666666666666666,0.0,0.0,0.0,0.0,0.0,0.8333333333333334,0.0,0.0
0.16666666666666666,0.0,0.0,0.0,0.0,0.0,0.0,0.0,0.0,0.0,0.0,0.0,0.0,0.8333333333333334,0.0,0.0
0.16666666666666666,0.0,0.0,0.0,0.0,0.0,0.0,0.0,0.0,0.0,0.0,0.0,0.16666666666666666,0.6666666666666666,0.0,0.0
0.16666666666666666,0.0,0.0,0.0,0.0,0.0,0.0,0.0,0.0,0.0,0.0,0.0,0.16666666666666666,0.6666666666666666,0.0,0.0
0.2222222222222222,0.0,0.0,0.0,0.1111111111111111,0.0,0.0,0.1111111111111111,0.0,0.0,0.0,0.0,0.1111111111111111,0.4444444444444444,0.0,0.0
0.125,0.0,0.0,0.0,0.25,0.0,0.125,0.125,0.0,0.0,0.0,0.0,0.125,0.25,0.0,0.0
0.25,0.0,0.0,0.0,0.16666666666666666,0.0,0.08333333333333333,0.16666666666666666,0.0,0.0,0.0,0.0,0.08333333333333333,0.25,0.0,0.0
0.15384615384615385,0.0,0.0,0.0,0.15384615384615385,0.0,0.07692307692307693,0.23076923076923078,0.0,0.07692307692307693,0.0,0.0,0.07692307692307693,0.23076923076923078,0.0,0.0
0.125,0.0,0.0,0.0,0.125,0.0,0.125,0.1875,0.0,0.0625,0.0,0.0,0.1875,0.1875,0.0,0.0
0.125,0.0,0.0,0.0,0.0625,0.0,0.0625,0.25,0.0,0.0625,0.0,0.0,0.3125,0.125,0.0,0.0
0.08695652173913043,0.0,0.0,0.0,0.043478260869565216,0.0,0.08695652173913043,0.21739130434782608,0.0,0.13043478260869565,0.0,0.0,0.30434782608695654,0.13043478260869565,0.0,0.0
0.07692307692307693,0.0,0.0,0.0,0.038461538461538464,0.038461538461538464,0.07692307692307693,0.23076923076923078,0.0,0.15384615384615385,0.0,0.0,0.23076923076923078,0.15384615384615385,0.0,0.0
0.1,0.0,0.0,0.0,0.03333333333333333,0.03333333333333333,0.06666666666666667,0.16666666666666666,0.0,0.13333333333333333,0.0,0.0,0.3,0.16666666666666666,0.0,0.0
0.08108108108108109,0.0,0.0,0.0,0.02702702702702703,0.02702702702702703,0.08108108108108109,0.13513513513513514,0.0,0.10810810810810811,0.0,0.0,0.32432432432432434,0.21621621621621623,0.0,0.0
0.058823529411764705,0.0,0.0,0.0,0.0392156862745098,0.0392156862745098,0.09803921568627451,0.11764705882352941,0.0,0.09803921568627451,0.0,0.0,0.3333333333333333,0.19607843137254902,0.0196078431372549,0.0
0.08064516129032258,0.0,0.0,0.0,0.016129032258064516,0.016129032258064516,0.0967741935483871,0.11290322580645161,0.0,0.11290322580645161,0.0,0.0,0.3548387096774194,0.1774193548387097,0.03225806451612903,0.0
0.08450704225352113,0.0,0.0,0.014084507042253521,0.028169014084507043,0.028169014084507043,0.07042253521126761,0.09859154929577464,0.0,0.14084507042253522,0.0,0.0,0.352112676056338,0.16901408450704225,0.014084507042253521,0.0
0.06593406593406594,0.0,0.0,0.01098901098901099,0.02197802197802198,0.02197802197802198,0.06593406593406594,0.08791208791208792,0.0,0.13186813186813187,0.0,0.0,0.38461538461538464,0.1978021978021978,0.01098901098901099,0.0
0.07142857142857142,0.0,0.0,0.008928571428571428,0.017857142857142856,0.017857142857142856,0.08928571428571429,0.08035714285714286,0.0,0.14285714285714285,0.0,0.0,0.36607142857142855,0.19642857142857142,0.008928571428571428,0.0
0.08148148148148149,0.0,0.0,0.014814814814814815,0.014814814814814815,0.014814814814814815,0.1037037037037037,0.07407407407407407,0.007407407407407408,0.11851851851851852,0.0,0.0,0.35555555555555557,0.1925925925925926,0.014814814814814815,0.007407407407407408
0.07738095238095238,0.011904761904761904,0.0,0.011904761904761904,0.011904761904761904,0.017857142857142856,0.10714285714285714,0.06547619047619048,0.011904761904761904,0.13690476190476192,0.0,0.0,0.34523809523809523,0.18452380952380953,0.011904761904761904,0.005952380952380952
0.08163265306122448,0.01020408163265306,0.0,0.015306122448979591,0.015306122448979591,0.015306122448979591,0.10204081632653061,0.07653061224489796,0.02040816326530612,0.12244897959183673,0.0,0.0,0.3469387755102041,0.17857142857142858,0.01020408163265306,0.00510204081632653
0.10833333333333334,0.008333333333333333,0.0,0.0125,0.016666666666666666,0.016666666666666666,0.09166666666666666,0.0625,0.020833333333333332,0.12083333333333333,0.0,0.0,0.325,0.19166666666666668,0.008333333333333333,0.016666666666666666
0.12359550561797752,0.00749063670411985,0.003745318352059925,0.0149812734082397,0.011235955056179775,0.0149812734082397,0.0898876404494382,0.06367041198501873,0.02247191011235955,0.12359550561797752,0.0,0.0,0.32209737827715357,0.1797752808988764,0.00749063670411985,0.0149812734082397
0.14953271028037382,0.006230529595015576,0.003115264797507788,0.018691588785046728,0.01557632398753894,0.009345794392523364,0.09345794392523364,0.059190031152647975,0.018691588785046728,0.11838006230529595,0.0,0.0,0.3177570093457944,0.16510903426791276,0.01557632398753894,0.009345794392523364
0.15363128491620112,0.00558659217877095,0.002793296089385475,0.0223463687150838,0.013966480446927373,0.008379888268156424,0.08659217877094973,0.05865921787709497,0.025139664804469275,0.12011173184357542,0.0,0.0,0.31843575418994413,0.1564245810055866,0.013966480446927373,0.013966480446927373
0.15240641711229946,0.0053475935828877,0.0053475935828877,0.0213903743315508,0.01871657754010695,0.0106951871657754,0.08823529411764706,0.0427807486631016,0.0213903743315508,0.10962566844919786,0.0,0.0053475935828877,0.32887700534759357,0.16042780748663102,0.013368983957219251,0.016042780748663103
0.15853658536585366,0.004878048780487805,0.004878048780487805,0.024390243902439025,0.01707317073170732,0.007317073170731708,0.08780487804878048,0.046341463414634146,0.02195121951219512,0.10975609756097561,0.0,0.004878048780487805,0.3195121951219512,0.15609756097560976,0.014634146341463415,0.02195121951219512
0.1610738255033557,0.0022371364653243847,0.0022371364653243847,0.029082774049217,0.017897091722595078,0.006711409395973154,0.07606263982102908,0.04697986577181208,0.017897091722595078,0.12080536912751678,0.0,0.0044742729306487695,0.3087248322147651,0.17002237136465326,0.017897091722595078,0.017897091722595078
0.14315352697095435,0.002074688796680498,0.006224066390041493,0.03112033195020747,0.016597510373443983,0.004149377593360996,0.07468879668049792,0.04979253112033195,0.024896265560165973,0.12448132780082988,0.002074688796680498,0.008298755186721992,0.3153526970954357,0.16390041493775934,0.014522821576763486,0.01867219917012448
0.13092979127134724,0.0018975332068311196,0.007590132827324478,0.03415559772296015,0.018975332068311195,0.003795066413662239,0.0777988614800759,0.04743833017077799,0.028462998102466792,0.12333965844402277,0.0018975332068311196,0.011385199240986717,0.31688804554079697,0.15939278937381404,0.015180265654648957,0.020872865275142316
0.1319073083778966,0.0017825311942959,0.008912655971479501,0.035650623885918005,0.023172905525846704,0.0035650623885918,0.0766488413547237,0.044563279857397504,0.026737967914438502,0.1265597147950089,0.0035650623885918,0.0142602495543672,0.3137254901960784,0.15151515151515152,0.017825311942959002,0.0196078431372549
0.13486842105263158,0.001644736842105263,0.008223684210526315,0.03453947368421053,0.02631578947368421,0.003289473684210526,0.06907894736842106,0.047697368421052634,0.03125,0.125,0.003289473684210526,0.018092105263157895,0.3305921052631579,0.13322368421052633,0.01644736842105263,0.01644736842105263
0.13233082706766916,0.0030075187969924814,0.006015037593984963,0.03609022556390978,0.021052631578947368,0.0030075187969924814,0.06315789473684211,0.042105263157894736,0.03308270676691729,0.13233082706766916,0.004511278195488722,0.022556390977443608,0.3368421052631579,0.1368421052631579,0.013533834586466165,0.013533834586466165
0.1276595744680851,0.00425531914893617,0.00425531914893617,0.03687943262411347,0.028368794326241134,0.0028368794326241137,0.05815602836879433,0.04113475177304964,0.03971631205673759,0.12056737588652482,0.0070921985815602835,0.02127659574468085,0.3375886524822695,0.13333333333333333,0.02127659574468085,0.015602836879432624
0.1246684350132626,0.005305039787798408,0.002652519893899204,0.03713527851458886,0.022546419098143235,0.002652519893899204,0.0623342175066313,0.04111405835543767,0.03978779840848806,0.1286472148541114,0.007957559681697613,0.017241379310344827,0.34084880636604775,0.129973474801061,0.01989389920424403,0.017241379310344827
0.12313432835820895,0.007462686567164179,0.0037313432835820895,0.036069651741293535,0.028606965174129355,0.0037313432835820895,0.060945273631840796,0.041044776119402986,0.04228855721393035,0.12437810945273632,0.008706467661691543,0.013681592039800995,0.3420398009950249,0.1256218905472637,0.01990049751243781,0.018656716417910446
0.12032710280373832,0.009345794392523364,0.004672897196261682,0.0397196261682243,0.02453271028037383,0.005841121495327103,0.06191588785046729,0.038551401869158876,0.036214953271028034,0.13317757009345793,0.008177570093457943,0.014018691588785047,0.3399532710280374,0.125,0.017523364485981307,0.02102803738317757
0.11875693673695893,0.008879023307436182,0.005549389567147614,0.041065482796892344,0.0244173140954495,0.006659267480577136,0.058823529411764705,0.03995560488346282,0.03440621531631521,0.1365149833518313,0.011098779134295227,0.013318534961154272,0.3407325194228635,0.1220865704772475,0.018867924528301886,0.018867924528301886
0.11954261954261955,0.007276507276507277,0.007276507276507277,0.04158004158004158,0.02390852390852391,0.005197505197505198,0.05405405405405406,0.0395010395010395,0.037422037422037424,0.13825363825363826,0.010395010395010396,0.014553014553014554,0.35343035343035345,0.11642411642411643,0.012474012474012475,0.018711018711018712
0.12096774193548387,0.008064516129032258,0.006048387096774193,0.04334677419354839,0.023185483870967742,0.005040322580645161,0.056451612903225805,0.04334677419354839,0.03931451612903226,0.13205645161290322,0.015120967741935484,0.015120967741935484,0.3477822580645161,0.1159274193548387,0.01310483870967742,0.015120967741935484
0.11348837209302326,0.0074418604651162795,0.0065116279069767444,0.03906976744186046,0.023255813953488372,0.008372093023255815,0.05674418604651163,0.04279069767441861,0.04186046511627907,0.13395348837209303,0.01581395348837209,0.017674418604651163,0.35255813953488374,0.10976744186046512,0.014883720930232559,0.01581395348837209
0.11459265890778872,0.006266786034019696,0.007162041181736795,0.03939122649955237,0.023276633840644583,0.008952551477170993,0.05729632945389436,0.044762757385854966,0.03760071620411817,0.1396598030438675,0.017009847806624886,0.017905102954341987,0.34914950760966873,0.10743061772605192,0.01432408236347359,0.01521933751119069
0.11925042589437819,0.0068143100511073255,0.005110732538330494,0.0434412265758092,0.022998296422487224,0.008517887563884156,0.05366269165247019,0.04514480408858603,0.03492333901192504,0.13202725724020442,0.016183986371379896,0.017035775127768313,0.3526405451448041,0.10988074957410562,0.013628620102214651,0.018739352640545145
0.11643270024772914,0.008257638315441783,0.006606110652353427,0.042939719240297276,0.022295623451692816,0.008257638315441783,0.05284888521882741,0.04459124690338563,0.03220478943022296,0.1329479768786127,0.021469859620148638,0.017341040462427744,0.35260115606936415,0.10900082576383155,0.012386457473162676,0.01981833195706028
0.11550632911392406,0.007911392405063292,0.006329113924050633,0.04430379746835443,0.020569620253164556,0.00870253164556962,0.05379746835443038,0.04113924050632911,0.03164556962025317,0.13212025316455697,0.022151898734177215,0.021360759493670885,0.3536392405063291,0.10759493670886076,0.012658227848101266,0.020569620253164556
0.11957349581111958,0.011424219345011425,0.006854531607006854,0.048743335872048744,0.02284843869002285,0.010662604722010662,0.053313023610053314,0.041888804265041886,0.0357958872810358,0.12566641279512566,0.02284843869002285,0.019801980198019802,0.345011424219345,0.10281797410510282,0.013709063214013708,0.01904036557501904
0.11201179071481208,0.01105379513633014,0.007369196757553427,0.050110537951363304,0.022844509948415623,0.010316875460574797,0.05379513633014001,0.0397936624907885,0.039056742815033164,0.12748710390567428,0.02210759027266028,0.020633750921149593,0.3485630066322771,0.09874723655121592,0.015475313190862197,0.020633750921149593
0.10784313725490197,0.011204481792717087,0.01050420168067227,0.05182072829131653,0.022408963585434174,0.00980392156862745,0.05812324929971989,0.042717086834733894,0.0392156862745098,0.12464985994397759,0.021708683473389355,0.02100840336134454,0.3382352941176471,0.10644257703081232,0.01610644257703081,0.018207282913165267
0.11193029490616623,0.012064343163538873,0.012064343163538873,0.058310991957104555,0.023458445040214475,0.012064343163538873,0.054959785522788206,0.0435656836461126,0.039544235924932974,0.11997319034852547,0.021447721179624665,0.024128686327077747,0.33176943699731903,0.10187667560321716,0.015415549597855228,0.01742627345844504
0.10485933503836317,0.014705882352941176,0.011508951406649617,0.05754475703324808,0.023017902813299233,0.014705882352941176,0.056265984654731455,0.04603580562659847,0.03964194373401535,0.12148337595907928,0.023017902813299233,0.027493606138107418,0.32928388746803067,0.0959079283887468,0.015345268542199489,0.01918158567774936
0.10104102878138396,0.015309246785058175,0.010410287813839559,0.05939987752602572,0.021432945499081445,0.013472137170851195,0.05939987752602572,0.04470300061236987,0.03919167176974893,0.11512553582363748,0.025719534598897736,0.028169014084507043,0.3380281690140845,0.09552969993876301,0.01224739742804654,0.020820575627679118
0.10328358208955224,0.016119402985074627,0.011343283582089553,0.06208955223880597,0.02208955223880597,0.01253731343283582,0.05552238805970149,0.04776119402985075,0.042388059701492536,0.11402985074626866,0.02507462686567164,0.028059701492537312,0.3397014925373134,0.08955223880597014,0.010746268656716417,0.019701492537313434
0.09545983701979045,0.017462165308498253,0.012805587892898719,0.06286379511059371,0.02270081490104773,0.01571594877764843,0.05471478463329453,0.05064027939464494,0.04307334109429569,0.11175785797438882,0.025611175785797437,0.02852153667054715,0.340512223515716,0.08614668218859138,0.010477299185098952,0.021536670547147845
0.10072747621712368,0.019026301063234472,0.01510912143256855,0.06603245663122552,0.02238388360380526,0.016228315612758813,0.05595970900951315,0.053721320649132626,0.045327364297705654,0.10576385002797986,0.024622271964185788,0.027420257414661444,0.33855623950755453,0.07554560716284275,0.01119194180190263,0.02238388360380526
0.0948703805846663,0.01654715940430226,0.015995587424158852,0.06729178157749587,0.02040816326530612,0.01820187534473249,0.05570876999448428,0.05956977385548814,0.04633204633204633,0.1014892443463872,0.024269167126309985,0.02923331494760066,0.33039161610590184,0.0827357970215113,0.013789299503585218,0.023166023166023165
0.09744408945686901,0.02023429179978701,0.01650692225772098,0.06869009584664537,0.020766773162939296,0.02023429179978701,0.054313099041533544,0.05644302449414271,0.04898828541001065,0.09850905218317359,0.026624068157614485,0.029818956336528223,0.32215122470713525,0.07933972310969116,0.013312034078807242,0.026624068157614485
0.09378238341968911,0.019689119170984457,0.018134715025906734,0.07150259067357513,0.018134715025906734,0.021243523316062177,0.05336787564766839,0.05336787564766839,0.04766839378238342,0.09585492227979274,0.026424870466321245,0.03212435233160622,0.32849740932642485,0.07927461139896373,0.014507772020725389,0.026424870466321245
0.09463562753036438,0.019230769230769232,0.019736842105263157,0.06831983805668017,0.01568825910931174,0.021761133603238867,0.051113360323886636,0.05212550607287449,0.050101214574898786,0.1007085020242915,0.025809716599190284,0.035931174089068825,0.3243927125506073,0.07793522267206478,0.015182186234817813,0.027327935222672066
0.09667673716012085,0.02014098690835851,0.019133937562940583,0.07200402819738168,0.015609264853977844,0.019637462235649546,0.04833836858006042,0.050352467270896276,0.050352467270896276,0.10070493454179255,0.024672708962739175,0.03675730110775428,0.3207452165156093,0.07854984894259819,0.017623363544813697,0.028700906344410877
0.09694881889763779,0.018208661417322834,0.018700787401574805,0.07381889763779527,0.0172244094488189,0.01968503937007874,0.04921259842519685,0.051181102362204724,0.05216535433070866,0.09990157480314961,0.024606299212598427,0.0359251968503937,0.31938976377952755,0.07874015748031496,0.01624015748031496,0.028051181102362203
0.09671179883945841,0.019342359767891684,0.0183752417794971,0.07688588007736943,0.016924564796905222,0.020793036750483558,0.049806576402321084,0.047388781431334626,0.05367504835589942,0.09671179883945841,0.024661508704061894,0.039651837524177946,0.3181818181818182,0.07446808510638298,0.016924564796905222,0.029497098646034815
0.10288461538461538,0.019230769230769232,0.017788461538461538,0.07596153846153846,0.016826923076923076,0.01875,0.046634615384615385,0.04855769230769231,0.05480769230769231,0.09375,0.021153846153846155,0.040865384615384616,0.31682692307692306,0.0798076923076923,0.01730769230769231,0.028846153846153848
0.0952157598499062,0.021106941838649154,0.019230769230769232,0.07973733583489681,0.01547842401500938,0.019699812382739212,0.043151969981238276,0.0473733583489681,0.05347091932457786,0.09380863039399624,0.021106941838649154,0.04080675422138837,0.32082551594746717,0.08114446529080675,0.017354596622889306,0.03048780487804878
0.09455053563111318,0.020493712156497437,0.019096413600372612,0.08244061481136469,0.015836050302748022,0.02095947834187238,0.047973917093619006,0.04564508616674429,0.05449464368886819,0.09548206800186307,0.02328830926874709,0.04191895668374476,0.3129948765719609,0.07824871914299023,0.016301816488122962,0.030274802049371215
0.09342723004694836,0.018779342723004695,0.019248826291079813,0.08215962441314555,0.01596244131455399,0.022065727699530517,0.046009389671361506,0.04366197183098591,0.05352112676056338,0.10234741784037558,0.023004694835680753,0.03990610328638498,0.3183098591549296,0.07464788732394366,0.015023474178403756,0.03192488262910798
0.09023600185099491,0.016658954187875982,0.01850994909763998,0.08190652475705691,0.016196205460434984,0.022211938917167977,0.04951411383618695,0.044423877834335955,0.053678852383155944,0.10273021749190189,0.02313743637204998,0.03979639055992596,0.3123553910226747,0.07820453493752892,0.016658954187875982,0.03378065710319297
0.08807339449541285,0.016972477064220184,0.018807339449541285,0.081651376146789,0.015137614678899083,0.02110091743119266,0.05,0.0463302752293578,0.05504587155963303,0.10412844036697248,0.023394495412844038,0.04174311926605505,0.3155963302752294,0.07660550458715597,0.013761467889908258,0.03165137614678899
0.09032846715328467,0.01916058394160584,0.018704379562043797,0.08394160583941605,0.014142335766423358,0.025547445255474453,0.04927007299270073,0.045164233576642336,0.05656934306569343,0.10218978102189781,0.02281021897810219,0.043795620437956206,0.3056569343065693,0.07618613138686131,0.015054744525547446,0.031478102189781025
0.09571558796718323,0.020054694621695533,0.016864175022789425,0.0788514129443938,0.014129443938012761,0.027347310847766638,0.04694621695533273,0.04284412032816773,0.054694621695533276,0.10027347310847767,0.022333637192342753,0.04557885141294439,0.3094804010938924,0.07702825888787602,0.015496809480401094,0.03236098450319052
0.09491371480472298,0.021798365122615803,0.018165304268846504,0.08038147138964577,0.015440508628519528,0.026793823796548592,0.049500454132606724,0.043596730245231606,0.06039963669391462,0.09990917347865577,0.022252497729336965,0.04268846503178928,0.3029064486830154,0.07538601271571299,0.013623978201634877,0.03224341507720254
0.0883952855847688,0.02130553037171351,0.014959202175883953,0.07887579329102448,0.014505893019038985,0.02629193109700816,0.04805077062556664,0.04306436990027199,0.06029011786038078,0.10290117860380779,0.022665457842248413,0.043517679057116954,0.3118766999093382,0.07660924750679964,0.012692656391659111,0.03399818676337262
0.09263443289652055,0.02349751468594668,0.013104383190239493,0.07907817442385902,0.015363759602349751,0.025756891098056935,0.04699502937189336,0.04609127880704925,0.06009941256213285,0.10076818798011748,0.025756891098056935,0.04202440126525079,0.3104383190239494,0.07184816990510619,0.013556258472661545,0.03298689561680976
0.09252506836827712,0.02187784867821331,0.013673655423883319,0.08249772105742935,0.015952597994530537,0.02643573381950775,0.04557885141294439,0.04421148587055606,0.059708295350957154,0.09617137648131267,0.02780309936189608,0.03965360072926162,0.31267092069279856,0.07338195077484047,0.015496809480401094,0.03236098450319052
0.0969503868912153,0.021847974510696404,0.01456531634046427,0.08557123350022758,0.015930814747382796,0.025034137460172964,0.044151115157032315,0.040964952207555756,0.05598543468365953,0.0919435593991807,0.02867546654528903,0.03959945380063723,0.3140646335912608,0.0755575785161584,0.015930814747382796,0.03322712790168411
0.1,0.02237442922374429,0.015068493150684932,0.08264840182648402,0.01643835616438356,0.024657534246575342,0.043835616438356165,0.040639269406392696,0.0547945205479452,0.08904109589041095,0.032420091324200914,0.0365296803652968,0.3136986301369863,0.07351598173515982,0.019634703196347032,0.034703196347031964
0.1012311901504788,0.022343821249430004,0.013679890560875513,0.08481532147742818,0.01459188326493388,0.028727770177838577,0.04012767897856817,0.04103967168262654,0.05563155494756042,0.08663930688554491,0.03191974464204286,0.03967168262653899,0.32056543547651617,0.06976744186046512,0.01823985408116735,0.031007751937984496
0.10054347826086957,0.024003623188405796,0.014039855072463768,0.08333333333333333,0.015398550724637682,0.028532608695652172,0.043478260869565216,0.03985507246376811,0.05570652173913043,0.08469202898550725,0.03170289855072464,0.04030797101449275,0.32065217391304346,0.06929347826086957,0.019021739130434784,0.029438405797101448
0.10483506552191595,0.024401265250790782,0.012652507907817443,0.07953004970628107,0.015363759602349751,0.02937189335743335,0.045639403524627205,0.041120650700406686,0.05332128332580208,0.087663804789878,0.028920018075011298,0.04202440126525079,0.31721644826028017,0.07004066877541798,0.019882512426570267,0.028016267510167194
0.10497737556561086,0.024434389140271493,0.014027149321266969,0.08190045248868778,0.014479638009049774,0.03076923076923077,0.04524886877828054,0.04072398190045249,0.052941176470588235,0.08461538461538462,0.029411764705882353,0.04479638009049774,0.3208144796380091,0.06515837104072399,0.019457013574660634,0.026244343891402715
0.10555050045495905,0.026387625113739762,0.01364877161055505,0.08416742493175614,0.014103730664240218,0.03184713375796178,0.045950864422202004,0.04049135577797998,0.053230209281164696,0.0818926296633303,0.030482256596906277,0.04549590536851683,0.32074613284804365,0.062329390354868064,0.0186533212010919,0.02502274795268426
0.10452488687782806,0.02669683257918552,0.012669683257918552,0.0832579185520362,0.014479638009049774,0.0330316742081448,0.04389140271493212,0.04389140271493212,0.05384615384615385,0.08461538461538462,0.03076923076923077,0.044343891402714934,0.3226244343891403,0.05972850678733032,0.017194570135746608,0.024434389140271493
0.10528735632183908,0.028965517241379312,0.011954022988505748,0.08275862068965517,0.013793103448275862,0.029885057471264367,0.045057471264367814,0.04091954022988506,0.05103448275862069,0.08459770114942529,0.031724137931034485,0.04873563218390804,0.3213793103448276,0.06160919540229885,0.017011494252873564,0.02528735632183908
0.10658737419945105,0.026532479414455627,0.010978956999085087,0.08417200365965233,0.015096065873741994,0.03019213174748399,0.04162854528819762,0.0384263494967978,0.05077767612076853,0.08508691674290943,0.03385178408051235,0.04711802378774017,0.32479414455626715,0.059926806953339434,0.016925892040256175,0.027904849039341262
0.10839483394833949,0.027675276752767528,0.01107011070110701,0.08256457564575646,0.01522140221402214,0.03044280442804428,0.04197416974169742,0.04289667896678967,0.048892988929889296,0.07933579335793357,0.03367158671586716,0.045202952029520294,0.3348708487084871,0.05396678966789668,0.018911439114391145,0.024907749077490774
0.10878470641784252,0.02913063268092854,0.012289485662266727,0.08420573509330906,0.015020482476103778,0.029585798816568046,0.04278561675011379,0.041875284478834776,0.05006827492034593,0.07737824305871643,0.03186162949476559,0.045061447428311335,0.33181611288120166,0.05461993627674101,0.019116977696859355,0.02639963586709149
0.1049015116811727,0.0320659642693541,0.011910215300045808,0.07924874026568941,0.01603298213467705,0.029317453046266605,0.04626660558863949,0.0407695831424645,0.0467246907924874,0.08108108108108109,0.031149793861658268,0.04351809436555199,0.33348602840128266,0.05313788364635822,0.021071919377004124,0.029317453046266605
0.10994525547445255,0.028284671532846715,0.010036496350364963,0.07937956204379562,0.014598540145985401,0.028284671532846715,0.045164233576642336,0.0406021897810219,0.049726277372262775,0.08211678832116788,0.03239051094890511,0.04333941605839416,0.33166058394160586,0.05155109489051095,0.023722627737226276,0.029197080291970802
0.1080958842152872,0.030303030303030304,0.008593396653098146,0.0773405698778833,0.016282225237449117,0.02939846223428313,0.04296698326549073,0.041610131162369966,0.04794210764360018,0.08095884215287201,0.03573043871551334,0.0438715513342379,0.331524197195839,0.04975124378109453,0.02397105382180009,0.031659882406151064
0.11035730438715513,0.02939846223428313,0.008141112618724558,0.07688828584350972,0.014473089099954772,0.029850746268656716,0.04251469923111714,0.04115784712799638,0.0438715513342379,0.08186341022161918,0.03618272274988693,0.04251469923111714,0.3337856173677069,0.05472636815920398,0.022614201718679332,0.031659882406151064
0.1165532879818594,0.027210884353741496,0.00816326530612245,0.07664399092970521,0.014512471655328799,0.028117913832199547,0.04399092970521542,0.04353741496598639,0.04308390022675737,0.08163265306122448,0.034467120181405894,0.04217687074829932,0.3306122448979592,0.053514739229024944,0.02312925170068027,0.0326530612244898
0.11146642302421197,0.02512562814070352,0.009593421653723162,0.07126541799908634,0.01416171767930562,0.02923709456372773,0.0438556418455916,0.043398812243033345,0.046139789858382824,0.08131566925536775,0.035175879396984924,0.04522613065326633,0.3321151210598447,0.053449063499314754,0.02284148012791229,0.03563270899954317
0.11261261261261261,0.024324324324324326,0.010810810810810811,0.07072072072072072,0.014414414414414415,0.027477477477477478,0.04144144144144144,0.04009009009009009,0.046396396396396394,0.08198198198198198,0.03513513513513514,0.04684684684684685,0.33693693693693694,0.051351351351351354,0.022072072072072072,0.03738738738738739
0.11382113821138211,0.024390243902439025,0.01038843721770551,0.07407407407407407,0.016260162601626018,0.02710027100271003,0.037940379403794036,0.04200542005420054,0.04742547425474255,0.07813911472448058,0.036585365853658534,0.04607046070460705,0.3310749774164408,0.05420054200542006,0.024841915085817526,0.03568202348690153
0.11433756805807622,0.023139745916515426,0.009528130671506351,0.07395644283121597,0.01678765880217786,0.02722323049001815,0.04038112522686026,0.03901996370235935,0.04582577132486389,0.07758620689655173,0.03720508166969147,0.04673321234119782,0.3352994555353902,0.05172413793103448,0.0249546279491833,0.036297640653357534
0.11886537595677622,0.023863124718595228,0.00990544799639802,0.07339036470058533,0.017109410175596577,0.02656461053579469,0.04277352543899145,0.03692030616839262,0.045024763619991,0.07339036470058533,0.038271049076992344,0.045475011256190905,0.3367852318775326,0.049527239981990094,0.025664115263394866,0.036470058532192706
0.116289592760181,0.024434389140271493,0.009954751131221719,0.07285067873303168,0.0167420814479638,0.028054298642533938,0.0416289592760181,0.03529411764705882,0.04343891402714932,0.07375565610859729,0.03936651583710407,0.042986425339366516,0.3402714932126697,0.051583710407239816,0.02669683257918552,0.03665158371040724
0.12063492063492064,0.024489795918367346,0.010884353741496598,0.0761904761904762,0.016780045351473923,0.031292517006802724,0.04081632653061224,0.033560090702947847,0.04353741496598639,0.07482993197278912,0.039002267573696146,0.04308390022675737,0.32834467120181404,0.053061224489795916,0.029931972789115645,0.033560090702947847
0.11834319526627218,0.024578971324533454,0.012289485662266727,0.07783340919435594,0.01775147928994083,0.03186162949476559,0.03732362312243969,0.03641329085116067,0.041875284478834776,0.07419208010923987,0.0377787892580792,0.04278561675011379,0.32862994993172506,0.05689576695493855,0.027765134274010013,0.033682294037323625
0.12018348623853212,0.02431192660550459,0.012385321100917432,0.08027522935779817,0.017889908256880735,0.029357798165137616,0.0389908256880734,0.03669724770642202,0.03853211009174312,0.07201834862385322,0.03761467889908257,0.044954128440366975,0.3302752293577982,0.05779816513761468,0.02614678899082569,0.03256880733944954
0.11735387403715451,0.022202084277299503,0.013140009062075216,0.07974626189397371,0.01812415043044857,0.030811055731762575,0.038513819664703214,0.03624830086089714,0.038513819664703214,0.07249660172179428,0.03670140462165836,0.044404168554599006,0.33121884911644767,0.05980969642048029,0.02809243316719529,0.03262347077480743
0.11963470319634703,0.023287671232876714,0.013242009132420091,0.07625570776255708,0.015068493150684932,0.031050228310502283,0.04018264840182648,0.036986301369863014,0.039269406392694065,0.07625570776255708,0.03744292237442922,0.04429223744292238,0.3264840182648402,0.0593607305936073,0.0273972602739726,0.033789954337899546
0.11734928670041417,0.02208927749654855,0.013805798435342844,0.07639208467556374,0.017947537965945698,0.02945236999539807,0.04141739530602853,0.03727565577542568,0.0441785549930971,0.07593189139438564,0.03727565577542568,0.04509894155545329,0.32443626323055685,0.057063966866083754,0.026231017027151405,0.03405430280717901
0.1147842056932966,0.02203856749311295,0.015610651974288337,0.07621671258034894,0.02066115702479339,0.028925619834710745,0.04132231404958678,0.03856749311294766,0.04591368227731864,0.0743801652892562,0.03627180899908173,0.0440771349862259,0.32552800734618914,0.05509641873278237,0.028466483011937556,0.03213957759412305
0.11575124829777576,0.021788470267816613,0.015433499773036768,0.07716749886518384,0.02088061733999092,0.029051293690422152,0.04176123467998184,0.038129822968679075,0.042669087607807535,0.07489786654561961,0.03676804357694054,0.04312301407172038,0.3236495687698593,0.05537902859736723,0.029959146618247844,0.033590558329550615
0.11866727521679599,0.022820629849383843,0.01734367868553172,0.07439525330899133,0.021451392058420813,0.02921040620721132,0.043359196713829304,0.03605659516202647,0.04198995892286627,0.07439525330899133,0.03514376996805112,0.043359196713829304,0.32177088087631217,0.05568233683249658,0.029666818804198997,0.03468735737106344
0.11983658647299138,0.02315024965955515,0.017703132092601,0.076713572401271,0.01997276441216523,0.026781661370857923,0.044938719927371765,0.03767589650476623,0.04221516114389469,0.0699046754425783,0.03313663186563777,0.04312301407172038,0.3259192010894235,0.05674080798910577,0.027689514298683614,0.03449841125737631
0.12250453720508167,0.025408348457350273,0.01678765880217786,0.0780399274047187,0.020871143375680582,0.025408348457350273,0.04446460980036298,0.039927404718693285,0.041742286751361164,0.07123411978221415,0.034936479128856626,0.04219600725952813,0.31851179673321234,0.05807622504537205,0.02676950998185118,0.03312159709618875
0.12392192464820699,0.023604176123467997,0.017249205628688154,0.08397639582387653,0.02088061733999092,0.02541988197911938,0.04357694053563323,0.035406264185202,0.04675442578302315,0.0699046754425783,0.03177485247389923,0.04221516114389469,0.3200181570585565,0.053109396277803,0.029051293690422152,0.03313663186563777
0.12482977757603268,0.023604176123467997,0.017703132092601,0.07625964593735815,0.02224239673172946,0.02541988197911938,0.044938719927371765,0.03313663186563777,0.04675442578302315,0.0699046754425783,0.029959146618247844,0.04448479346345892,0.3268270540172492,0.050385837494325916,0.029505220154335,0.03404448479346346
0.12431444241316271,0.025594149908592323,0.016910420475319928,0.07998171846435101,0.025137111517367458,0.02696526508226691,0.040676416819012795,0.03336380255941499,0.044789762340036565,0.06718464351005485,0.03153564899451554,0.04204753199268738,0.32678244972577697,0.05210237659963437,0.027879341864716637,0.03473491773308958
0.12361623616236163,0.023985239852398525,0.017527675276752766,0.08071955719557196,0.0253690036900369,0.0272140221402214,0.03966789667896679,0.033210332103321034,0.047509225092250924,0.06964944649446494,0.03136531365313653,0.04151291512915129,0.32795202952029523,0.050276752767527674,0.0272140221402214,0.033210332103321034
0.12401665895418787,0.024525682554372975,0.017121702915316984,0.08190652475705691,0.02313743637204998,0.027302174919018974,0.03887089310504396,0.03054141601110597,0.04997686256362795,0.07126330402591392,0.03007866728366497,0.04534937528921795,0.33132808884775566,0.04673762147154095,0.026376677464136973,0.03146691346598797
0.1252847380410023,0.023234624145785875,0.01958997722095672,0.08519362186788156,0.020956719817767654,0.025968109339407745,0.03735763097949886,0.03052391799544419,0.05148063781321185,0.07107061503416856,0.028701594533029614,0.04100227790432802,0.33530751708428247,0.04510250569476082,0.027790432801822324,0.03143507972665148
0.12460496613995485,0.022573363431151242,0.01851015801354402,0.08577878103837472,0.020316027088036117,0.02708803611738149,0.03747178329571106,0.03160270880361174,0.05282167042889391,0.06591422121896162,0.02799097065462754,0.042437923250564336,0.33724604966139954,0.04830699774266366,0.026636568848758466,0.03069977426636569
0.12100456621004566,0.02237442922374429,0.02009132420091324,0.08767123287671233,0.019634703196347032,0.02511415525114155,0.036986301369863014,0.03287671232876712,0.051598173515981734,0.06666666666666667,0.0273972602739726,0.0410958904109589,0.3401826484018265,0.051598173515981734,0.0273972602739726,0.028310502283105023
0.12270220588235294,0.02389705882352941,0.01884191176470588,0.09237132352941177,0.017463235294117647,0.02665441176470588,0.03354779411764706,0.03170955882352941,0.05193014705882353,0.06755514705882353,0.02619485294117647,0.042738970588235295,0.3368566176470588,0.04963235294117647,0.02849264705882353,0.029411764705882353
0.12660550458715597,0.024770642201834864,0.018807339449541285,0.08853211009174312,0.016972477064220184,0.026605504587155965,0.03256880733944954,0.03165137614678899,0.05045871559633028,0.06605504587155964,0.027522935779816515,0.0426605504587156,0.3412844036697248,0.04954128440366973,0.02706422018348624,0.02889908256880734
0.12517193947730398,0.02521779000458505,0.018340210912425492,0.09307657038055937,0.020174232003668042,0.026593305823016965,0.031178358551123338,0.033012379642365884,0.05089408528198074,0.062356717102246675,0.027510316368638238,0.04218248509857864,0.3429619440623567,0.04676753782668501,0.02521779000458505,0.029344337459880788
0.12494300045599635,0.022799817601459188,0.0168718650250798,0.08891928864569083,0.02051983584131327,0.028271773825809393,0.031007751937984496,0.03283173734610123,0.049247606019151846,0.05927952576379389,0.027359781121751026,0.04240766073871409,0.35020519835841313,0.047879616963064295,0.027359781121751026,0.030095759233926128
0.1234624145785877,0.023234624145785875,0.018223234624145785,0.08838268792710706,0.018223234624145785,0.030068337129840545,0.03189066059225513,0.03234624145785877,0.04783599088838269,0.0633257403189066,0.022779043280182234,0.04236902050113895,0.3521640091116173,0.04738041002277904,0.02733485193621868,0.030979498861047835
0.1278434940855323,0.023202911737943584,0.020473157415832575,0.08689717925386715,0.02183803457688808,0.03002729754322111,0.03002729754322111,0.03184713375796178,0.047315741583257506,0.06369426751592357,0.02456778889899909,0.04094631483166515,0.3466787989080983,0.04868061874431301,0.026387625113739762,0.029572338489535943
0.12397820163487738,0.021798365122615803,0.019981834695731154,0.08991825613079019,0.02089009990917348,0.02997275204359673,0.030426884650317895,0.029518619436875566,0.04904632152588556,0.061762034514078114,0.025431425976385105,0.03996366939146231,0.35513169845594916,0.047683923705722074,0.026793823796548592,0.027702089009990917
0.12414733969986358,0.022282855843565257,0.019099590723055934,0.0941336971350614,0.020009095043201454,0.030468394724874944,0.03274215552523874,0.030013642564802184,0.04729422464756708,0.06684856753069578,0.02592087312414734,0.03910868576625739,0.34924965893587995,0.046839472487494316,0.02546612096407458,0.0263756252842201
0.1226158038147139,0.02134423251589464,0.019981834695731154,0.09173478655767484,0.01952770208900999,0.0340599455040872,0.02861035422343324,0.029518619436875566,0.048138056312443236,0.06448683015440508,0.025431425976385105,0.043142597638510444,0.3478655767484105,0.048138056312443236,0.026793823796548592,0.02861035422343324
0.12299954275262917,0.02194787379972565,0.019204389574759947,0.09282121627800641,0.02240512117055327,0.03383630544124371,0.0283493369913123,0.029721079103795154,0.04663923182441701,0.06127114769090078,0.02377686328303612,0.04343850022862369,0.3520804755372657,0.04663923182441701,0.026520347508001828,0.0283493369913123
0.1285583103764922,0.02203856749311295,0.018824609733700644,0.0913682277318641,0.02203856749311295,0.03305785123966942,0.02938475665748393,0.028466483011937556,0.047750229568411386,0.0573921028466483,0.024793388429752067,0.04224058769513315,0.35720844811753905,0.04361799816345271,0.02800734618916437,0.025252525252525252
0.1329346826126955,0.02207911683532659,0.017479300827966882,0.0906163753449862,0.020699172033118676,0.030818767249310028,0.030818767249310028,0.03035878564857406,0.04461821527138914,0.05611775528978841,0.025758969641214352,0.04093836246550138,0.36338546458141674,0.04139834406623735,0.028058877644894203,0.02391904323827047
0.13111726685133887,0.022622345337026777,0.018467220683287166,0.0886426592797784,0.020313942751615882,0.030932594644506,0.028624192059095107,0.03139427516158818,0.0420129270544783,0.05678670360110803,0.024930747922437674,0.045706371191135735,0.36426592797783935,0.04247460757156048,0.02816251154201293,0.023545706371191136
0.13007380073800737,0.0235239852398524,0.021217712177121772,0.08440959409594095,0.022601476014760147,0.031826568265682656,0.027675276752767528,0.03136531365313653,0.04197416974169742,0.05719557195571956,0.026291512915129153,0.04289667896678967,0.3662361623616236,0.041051660516605165,0.027675276752767528,0.023985239852398525
0.13033501606241396,0.02432308398347866,0.023864157870582835,0.08949059201468564,0.021569527306103717,0.029830197338228545,0.02799449288664525,0.030289123451124368,0.039926571821936666,0.055530059660394676,0.024782010096374485,0.04130335016062414,0.3653051858650757,0.04130335016062414,0.0289123451124369,0.025240936209270308
0.13305709023941067,0.02255985267034991,0.023480662983425413,0.09116022099447514,0.02117863720073665,0.03038674033149171,0.0285451197053407,0.030847145488029467,0.03821362799263352,0.05386740331491713,0.026703499079189688,0.04143646408839779,0.3651012891344383,0.04143646408839779,0.02716390423572744,0.024861878453038673
0.1313364055299539,0.02488479262672811,0.023502304147465437,0.09170506912442396,0.022119815668202765,0.028110599078341014,0.028110599078341014,0.03133640552995392,0.03778801843317972,0.054838709677419356,0.027188940092165898,0.041935483870967745,0.36682027649769583,0.03686635944700461,0.028110599078341014,0.02534562211981567
0.13213627992633517,0.024861878453038673,0.02255985267034991,0.08977900552486189,0.020718232044198894,0.028084714548802948,0.03038674033149171,0.03360957642725598,0.034530386740331494,0.05294659300184162,0.026703499079189688,0.04419889502762431,0.3674033149171271,0.03406998158379374,0.03130755064456722,0.026703499079189688
