C,D,Oc,Od
0.0,0.0,1.0,0.0
0.0,0.0,1.0,0.0
0.0,0.2222222222222222,0.7777777777777778,0.0
0.0,0.2857142857142857,0.7142857142857143,0.0
0.0,0.3888888888888889,0.6111111111111112,0.0
0.07692307692307693,0.3076923076923077,0.5769230769230769,0.038461538461538464
0.11764705882352941,0.38235294117647056,0.47058823529411764,0.029411764705882353
0.1702127659574468,0.3404255319148936,0.44680851063829785,0.0425531914893617
0.19672131147540983,0.32786885245901637,0.4098360655737705,0.06557377049180328
0.25,0.3194444444444444,0.375,0.05555555555555555
0.26881720430107525,0.34408602150537637,0.34408602150537637,0.043010752688172046
0.25833333333333336,0.39166666666666666,0.30833333333333335,0.041666666666666664
0.2714285714285714,0.37142857142857144,0.30714285714285716,0.05
0.3050847457627119,0.3615819209039548,0.2768361581920904,0.05649717514124294
0.3062200956937799,0.36363636363636365,0.2535885167464115,0.07655502392344497
0.2899628252788104,0.35687732342007433,0.26765799256505574,0.08550185873605948
0.2961783439490446,0.3343949044585987,0.2643312101910828,0.10509554140127389
0.289544235924933,0.3190348525469169,0.26273458445040215,0.128686327077748
0.2867132867132867,0.31934731934731936,0.2494172494172494,0.1445221445221445
0.291497975708502,0.32186234817813764,0.23684210526315788,0.14979757085020243
0.2771929824561403,0.3192982456140351,0.23859649122807017,0.1649122807017544
0.2684458398744113,0.315541601255887,0.23390894819466249,0.18210361067503925
0.2641770401106501,0.3112033195020747,0.22406639004149378,0.20055325034578148
0.27294685990338163,0.2946859903381642,0.22342995169082125,0.20893719806763286
0.2778993435448578,0.28227571115973743,0.2286652078774617,0.2111597374179431
0.2727272727272727,0.2868686868686869,0.2202020202020202,0.2202020202020202
0.26648096564531104,0.28133704735376047,0.2181987000928505,0.233983286908078
0.26324786324786326,0.2675213675213675,0.23333333333333334,0.2358974358974359
0.265751211631664,0.26090468497576735,0.22697899838449112,0.24636510500807754
0.2631981637337414,0.2563121652639633,0.22188217291507267,0.25860749808722266
0.26221264367816094,0.257183908045977,0.21264367816091953,0.26795977011494254
0.2709190672153635,0.25102880658436216,0.21262002743484226,0.2654320987654321
0.2701639344262295,0.2459016393442623,0.2078688524590164,0.2760655737704918
0.26736324523663185,0.24585125998770743,0.20221266133988935,0.28457283343577133
0.2668227033352838,0.24341720304271502,0.1989467524868344,0.29081334113516677
0.2728285077951002,0.24053452115812918,0.19376391982182628,0.29287305122494434
0.2737459978655283,0.2406616862326574,0.18836712913553896,0.29722518676627535
0.2797311271975181,0.24405377456049637,0.17735263702171664,0.2988624612202689
0.2847782258064516,0.24193548387096775,0.17691532258064516,0.2963709677419355
0.28698664027709053,0.24443344878772885,0.17120237506185057,0.29737753587333005
0.2870767763471626,0.24368144969003339,0.1630901287553648,0.3061516452074392
0.29014084507042254,0.24178403755868544,0.1619718309859155,0.3061032863849765
0.29209302325581393,0.24325581395348836,0.16,0.30465116279069765
0.30123231401186673,0.23824737562756731,0.15472387037882246,0.3057964399817435
0.30068649885583526,0.23249427917620138,0.15697940503432495,0.30983981693363843
0.3052154195011338,0.23764172335600908,0.15736961451247167,0.29977324263038546
0.3012102196324518,0.23307933662034963,0.16001792917974003,0.30569251456745855
0.3051685393258427,0.2350561797752809,0.16089887640449438,0.298876404494382
0.3090339892665474,0.23568872987477638,0.1605545617173524,0.2947227191413238
0.30589293747188484,0.24021592442645073,0.1623931623931624,0.291497975708502
0.30917225950783,0.23579418344519015,0.16554809843400448,0.28948545861297537
0.30810092961487384,0.23550243470562196,0.1646746347941567,0.2917220008853475
0.30738434163701067,0.23176156583629892,0.1632562277580071,0.2975978647686833
0.3135328271549799,0.2264403751674855,0.15631978561857973,0.3037070120589549
0.31545741324921134,0.22622803064443442,0.15953132041460116,0.298783235691753
0.3198218262806236,0.221826280623608,0.15723830734966593,0.3011135857461025
0.32166592822330525,0.21976074435090828,0.153300841825432,0.30527248560035447
0.3214126061689763,0.21546714349575324,0.1546714349575324,0.30844881537773805
0.32786885245901637,0.20912715994683206,0.15507310589277803,0.3079308817013735
0.33274179236912155,0.2067435669920142,0.1526175687666371,0.30789707187222715
0.3422459893048128,0.19696969696969696,0.1573083778966132,0.303475935828877
0.35075960679177837,0.18945487042001788,0.15236818588025022,0.30741733690795353
0.35118250780901383,0.19053993752788934,0.1494868362338242,0.30879071842927264
0.35559486952675806,0.1901813356921716,0.14727996461742593,0.3069438301636444
0.35867620751341683,0.19051878354203935,0.14311270125223613,0.3076923076923077
0.3631111111111111,0.19155555555555556,0.1368888888888889,0.30844444444444447
0.36101243339253997,0.19316163410301954,0.13854351687388988,0.30728241563055064
0.37007168458781364,0.18727598566308243,0.13172043010752688,0.3109318996415771
0.369826435246996,0.1864708500222519,0.1348464619492657,0.30885625278148643
0.37516808606006274,0.18511878081577768,0.1362617660242044,0.3034513670999552
0.38137869292748433,0.17994628469113697,0.13294538943598927,0.30572963294538946
0.3820816864295125,0.17962231005709267,0.13438735177865613,0.3039086517347387
0.38315696649029984,0.17592592592592593,0.1353615520282187,0.3055555555555556
0.38152077807250223,0.1755083996463307,0.1330680813439434,0.3099027409372237
0.39210526315789473,0.17149122807017544,0.13026315789473683,0.306140350877193
0.3840676457498887,0.17534490431686695,0.1272808188696039,0.31330663106364043
0.3879539415411869,0.17493356953055803,0.12444641275465013,0.312666076173605
0.3825088339222615,0.17314487632508835,0.12411660777385158,0.3202296819787986
0.3821851689337429,0.17244405440982888,0.12417727073277754,0.3211935059236507
0.3829225352112676,0.16637323943661972,0.125,0.3257042253521127
0.3865435356200528,0.16534740545294635,0.12620932277924363,0.32189973614775724
0.3942350332594235,0.15698447893569845,0.12549889135254988,0.3232815964523282
0.4008988764044944,0.15775280898876404,0.12449438202247191,0.31685393258426964
0.3863037752414399,0.15671641791044777,0.12686567164179105,0.3301141352063213
0.3916887709991158,0.15561450044208666,0.127763041556145,0.3249336870026525
0.3849911190053286,0.15186500888099466,0.12877442273534637,0.33436944937833035
0.387854609929078,0.15115248226950354,0.12632978723404256,0.3346631205673759
0.39361702127659576,0.15381205673758866,0.12677304964539007,0.3257978723404255
0.39323374340949035,0.15202108963093147,0.12697715289982425,0.327768014059754
0.39345711759504864,0.15296198054818744,0.127763041556145,0.32581786030061893
0.3943975100044464,0.15384615384615385,0.1231658514895509,0.3285904846598488
0.39444689290436313,0.15425297487880124,0.11679153812252094,0.33450859409431466
0.3903083700440529,0.15550660792951543,0.12158590308370044,0.33259911894273125
0.3961352657004831,0.1598594642072903,0.12077294685990338,0.32323232323232326
0.39698715108551175,0.15773150199379707,0.11918475852902083,0.3260965883916704
0.39471326164874554,0.15367383512544802,0.1232078853046595,0.32840501792114696
0.39525514771709935,0.16069829901521934,0.12264995523724262,0.3213965980304387
0.39574090505767523,0.15882874889086068,0.12156166814551908,0.323868677905945
0.39145750770585647,0.15940114487010126,0.12197269925143109,0.3271686481726112
0.39761167624944715,0.15966386554621848,0.1238390092879257,0.3188854489164087
0.3970912296165712,0.15821947994711327,0.11723226090788894,0.32745702952842665
0.3969094922737307,0.16600441501103752,0.11743929359823399,0.3196467991169978
0.3909373611728121,0.16570413149711238,0.11728120835184362,0.3260772989782319
0.39118942731277534,0.16431718061674008,0.11585903083700441,0.32863436123348017
0.39681838267786124,0.15996464869642069,0.11400795404330534,0.32920901458241275
0.40008841732979666,0.15561450044208666,0.11007957559681697,0.33421750663129973
0.3991971454058876,0.15209634255129348,0.11016949152542373,0.3385370205173952
0.39849624060150374,0.1525873507297656,0.11410880141530297,0.3348076072534277
0.3997332147621165,0.1498443752779013,0.10893730546909737,0.3414851044908848
0.4029320302087961,0.14882274544646823,0.10928476232785429,0.3389604620168814
0.40495137046861185,0.14986737400530503,0.10786914235190097,0.33731211317418214
0.40898976412995103,0.14686248331108145,0.102803738317757,0.3413440142412105
0.4096119929453263,0.1437389770723104,0.1027336860670194,0.3439153439153439
0.41160714285714284,0.14821428571428572,0.10178571428571428,0.33839285714285716
0.40372670807453415,0.15483584738243122,0.10159716060337179,0.3398402839396628
0.40530973451327434,0.1495575221238938,0.10221238938053097,0.34292035398230086
0.4124564459930314,0.14590592334494773,0.09625435540069686,0.34538327526132406
0.4101888449714537,0.14624505928853754,0.09617918313570488,0.34738691260430393
0.4101769911504425,0.14690265486725665,0.09247787610619469,0.3504424778761062
0.40981432360742703,0.14588859416445624,0.09151193633952255,0.35278514588859416
0.40962800875273525,0.1448577680525164,0.08971553610503283,0.3557986870897155
0.40943480195816645,0.14819759679572764,0.08945260347129506,0.35291499777481083
0.4152097902097902,0.14685314685314685,0.08741258741258741,0.3505244755244755
0.4119964973730298,0.14842381786339756,0.08318739054290718,0.3563922942206655
0.4211691762621789,0.1479185119574845,0.08060230292294066,0.35031000885739594
0.42177170559717936,0.1489643014543852,0.08153371529308065,0.3477302776553548
0.42339955849889627,0.14701986754966886,0.08344370860927153,0.34613686534216337
0.4194260485651214,0.152317880794702,0.08344370860927153,0.3448123620309051
0.4182628062360802,0.14832962138084632,0.08641425389755011,0.3469933184855234
0.42168141592920355,0.14292035398230088,0.08495575221238938,0.3504424778761062
0.41353383458646614,0.14551083591331268,0.08624502432551968,0.3547103051747015
0.41260616897630753,0.1439427805096111,0.09119356280733125,0.35225748770675014
0.41637010676156583,0.14056939501779359,0.09030249110320285,0.3527580071174377
0.41400709219858156,0.13608156028368795,0.08865248226950355,0.3612588652482269
0.41759218125277653,0.13593958240781875,0.08351843625055531,0.3629498000888494
0.4160389898094816,0.1338059370846256,0.08595480726628267,0.3642002658396101
0.4161545215100966,0.1356453028972783,0.08428446005267778,0.36391571553994734
0.4166298098186643,0.13578062804068997,0.08359133126934984,0.3639982308712959
0.41791703442188877,0.13680494263018536,0.08384819064430715,0.3614298323036187
0.413440142412105,0.13707165109034267,0.08722741433021806,0.3622607921673342
0.41501103752759383,0.13200883002207506,0.0869757174392936,0.36600441501103753
0.42268498006202926,0.12981834293309702,0.08684093929995569,0.36065573770491804
0.4160070360598065,0.13148636763412488,0.08795074758135445,0.36455584872471414
0.4218958611481976,0.1317311971517579,0.08722741433021806,0.3591455273698264
0.42319610447100486,0.13191677733510404,0.08587870739265162,0.35900841080123946
0.4167036872501111,0.13371834740115504,0.08796090626388271,0.3616170590848512
0.4205400619743249,0.13590084108012396,0.08853474988933156,0.35502434705621955
0.42282176028306057,0.1375497567448032,0.08845643520566121,0.35117204776647504
0.42035398230088494,0.13672566371681416,0.09070796460176991,0.35221238938053095
0.42562527424308905,0.12988152698551997,0.09170688898639755,0.3527863097849934
0.42793395805443996,0.13297634984381973,0.09058456046407853,0.3485051316376618
0.4317781690140845,0.12984154929577466,0.0818661971830986,0.35651408450704225
0.4303964757709251,0.1277533039647577,0.08193832599118943,0.35991189427312775
0.4270056992547128,0.12319158263919333,0.08329679964927664,0.3665059184568172
0.4220950704225352,0.12455985915492958,0.0880281690140845,0.3653169014084507
0.41699691765741964,0.12725671510347863,0.08718626155878467,0.36856010568031705
0.4189723320158103,0.13043478260869565,0.08607817303469477,0.3645147123407993
0.4228571428571429,0.12615384615384614,0.08307692307692308,0.3679120879120879
0.4253075571177504,0.1274165202108963,0.08304042179261863,0.36423550087873463
0.42977403633141337,0.12184315463003988,0.08285334514842711,0.36552946389011964
0.4273580688421994,0.11846222619579794,0.0849351810460438,0.36924452391595886
0.42572944297082227,0.12245800176834659,0.08620689655172414,0.365605658709107
0.4271111111111111,0.12,0.084,0.3688888888888889
0.4216120460584588,0.11381753764393268,0.08680248007085917,0.3777679362267493
0.421978021978022,0.11032967032967032,0.08571428571428572,0.381978021978022
0.41699691765741964,0.11448701012769705,0.08630559225011009,0.38221047996477325
0.4121292607348384,0.1133244798583444,0.08587870739265162,0.3886675520141656
0.412180052956752,0.11385701676963812,0.08605472197705208,0.3879082082965578
0.40724381625441697,0.11263250883392226,0.08745583038869258,0.3926678445229682
0.4076517150395778,0.10861917326297274,0.08883025505716799,0.39489885664028146
0.4071936056838366,0.10657193605683836,0.08969804618117229,0.39653641207815277
0.41711229946524064,0.10338680926916222,0.08868092691622104,0.3908199643493761
0.4192974655402401,0.10538016896398399,0.08803912850155625,0.3872832369942196
0.42014196983141083,0.10514640638864241,0.08695652173913043,0.3877551020408163
0.4174757281553398,0.10414827890556046,0.08473080317740513,0.3936451897616946
0.422360248447205,0.10692102928127772,0.08562555456965394,0.38509316770186336
0.42466960352422906,0.10396475770925111,0.0841409691629956,0.38722466960352425
0.4203480589022758,0.10307898259705489,0.08478357875948238,0.391789379741187
0.4220950704225352,0.10607394366197183,0.08318661971830986,0.3886443661971831
0.42226148409893993,0.1073321554770318,0.08480565371024736,0.38560070671378094
0.4232292124945007,0.10646722393312802,0.08534975802903652,0.3849538055433348
0.42275711159737417,0.10415754923413567,0.08227571115973742,0.39080962800875274
0.42656112576956906,0.1077396657871592,0.07827616534740545,0.38742304309586634
0.4323962516733601,0.10218652387327086,0.07809013833110219,0.38732708612226685
0.4352422907488987,0.0960352422907489,0.07709251101321586,0.39162995594713657
0.435533894550288,0.09658839167035889,0.07886575099689853,0.3890119627824546
0.43791427308882014,0.09809986743261158,0.07512152010605391,0.38886433937251436
0.4417259786476868,0.099644128113879,0.07562277580071175,0.3830071174377224
0.44607190412782954,0.09720372836218376,0.07634265423879272,0.38038171327119397
0.4381625441696113,0.09717314487632508,0.07729681978798586,0.3873674911660777
0.43234905244601146,0.10401057734684883,0.07668576465403261,0.3869546055531071
0.4306601683650864,0.10279131590607,0.07620735489587949,0.3903411608329641
0.4288859533245266,0.09731395860854249,0.07661822985468957,0.3971818582122413
0.4370860927152318,0.0913907284768212,0.07417218543046358,0.3973509933774834
0.4394141145139814,0.09720372836218376,0.07367953839325345,0.38970261873058143
0.43913235945108453,0.09827357237715803,0.07481186365648516,0.38778220451527223
0.437083148065807,0.09782125389061805,0.0773677189862161,0.38772787905735884
0.4417989417989418,0.09303350970017636,0.07539682539682539,0.3897707231040564
0.424955595026643,0.09502664298401421,0.07238010657193605,0.40763765541740676
0.4245366284201236,0.09311562224183584,0.07899382171226832,0.40335392762577227
0.42641843971631205,0.09618794326241134,0.0797872340425532,0.3976063829787234
0.4222809335094672,0.09379128137384413,0.08014090708938794,0.40378687802730073
0.4195121951219512,0.09711751662971176,0.0802660753880266,0.4031042128603104
0.42623674911660775,0.09452296819787986,0.07597173144876325,0.4032685512367491
0.4314159292035398,0.09336283185840707,0.07566371681415929,0.3995575221238938
0.4352422907488987,0.09647577092511013,0.07136563876651983,0.3969162995594714
0.4319395017793594,0.09697508896797152,0.07339857651245552,0.39768683274021355
0.42876165113182424,0.09809143364403018,0.0758988015978695,0.3972481136262761
0.4308440123729563,0.09809986743261158,0.07688908528501988,0.3941670349094123
0.42694164107064503,0.09872751206669592,0.07898200965335674,0.3953488372093023
0.4322893692104102,0.1023378914865461,0.07101896779885311,0.39435377150419054
0.4174757281553398,0.1028243601059135,0.07325684024713151,0.4064430714916152
0.4199382443758271,0.105866784296427,0.07234230260255844,0.4018526687251875
0.4193689745836985,0.10736196319018405,0.07142857142857142,0.401840490797546
0.4168141592920354,0.10398230088495575,0.07345132743362832,0.40575221238938053
0.42275711159737417,0.10153172866520788,0.07439824945295405,0.4013129102844639
0.4258688957325121,0.1007479102507699,0.07171139463264409,0.40167179938407394
0.4292661361626879,0.10344827586206896,0.07073386383731212,0.39655172413793105
0.4285085789705235,0.10338759348878135,0.06907171139463264,0.3990321161460625
0.42444444444444446,0.10444444444444445,0.068,0.4031111111111111
0.42536327608982827,0.10259797446059005,0.06560986349625715,0.40642888595332455
0.4251864853005704,0.10706450197455024,0.06757349714787188,0.4001755155770075
0.42263483642793986,0.10565870910698497,0.07073386383731212,0.400972590627763
0.4194407456724368,0.10164225477141589,0.06879715934309809,0.41011984021304926
0.42742653606411396,0.09483526268922529,0.06723063223508459,0.41050756901157615
0.4286979627989371,0.09565987599645705,0.0637732506643047,0.41186891054030117
0.4269911504424779,0.09469026548672567,0.06592920353982301,0.41238938053097346
0.42768686421937196,0.09332153914197258,0.06722689075630252,0.4117647058823529
0.4245614035087719,0.09298245614035087,0.06798245614035088,0.4144736842105263
0.4196547144754316,0.09783089862771138,0.06728640991589199,0.41522797698096503
0.4205648720211827,0.09488084730803177,0.07237422771403354,0.412180052956752
0.41434262948207173,0.0934041611332448,0.06994245241257194,0.42231075697211157
0.411214953271028,0.09523809523809523,0.07120605251446373,0.42234089897641297
0.41323400525854515,0.09202453987730061,0.07318141980718668,0.4215600350569676
0.41685144124168516,0.09356984478935698,0.07361419068736141,0.41596452328159644
0.4222809335094672,0.09114927344782034,0.07529722589167767,0.4112725671510348
0.4236019374724791,0.09114927344782034,0.07397622192866579,0.4112725671510348
0.41714035854831655,0.0905115872321819,0.07608220376038478,0.41626585045911674
0.4166666666666667,0.08950617283950617,0.0718694885361552,0.421957671957672
0.4242021276595745,0.08953900709219859,0.0700354609929078,0.4162234042553192
0.4216972878390201,0.08617672790901137,0.06955380577427822,0.4225721784776903
0.4186046511627907,0.08452593917710197,0.0720035778175313,0.42486583184257604
0.41892492225677475,0.08485117725455353,0.07196801421590404,0.42425588627276767
0.41785714285714287,0.08392857142857142,0.07410714285714286,0.42410714285714285
0.4140832595217006,0.08591674047829938,0.07263064658990256,0.4273693534100974
0.42044444444444445,0.08755555555555555,0.072,0.42
0.4218405988551299,0.08806693086745927,0.06825187142228094,0.4218405988551299
0.42254771415889925,0.08300044385264092,0.07012871726586774,0.4243231247225921
0.4308440123729563,0.08395934600088378,0.06760936809544851,0.41758727353071146
0.4293909973521624,0.08693733451015004,0.06840247131509268,0.4152691968225949
0.4206103494029191,0.08580274214949138,0.06678460858027421,0.4268022998673153
0.4171833480956599,0.08768821966341896,0.06864481842338352,0.42648361381753763
0.4275043936731107,0.0843585237258348,0.07205623901581722,0.4160808435852373
0.432408630559225,0.0841039189784236,0.0722148833113166,0.4112725671510348
0.4275711159737418,0.08490153172866521,0.07439824945295405,0.41312910284463894
0.42838196286472147,0.08709106984969053,0.07471264367816093,0.40981432360742703
0.4209827357237716,0.08986277113767153,0.07082779991146525,0.41832669322709165
0.4225849139832378,0.08778120864578738,0.07013674459638289,0.419497132774592
0.4139307897071872,0.08961845607808341,0.07054125998225377,0.4259094942324756
0.41648399824638316,0.08680403331871986,0.06926786497150372,0.42744410346339323
0.4146449051610057,0.08425231583590649,0.06881340979267754,0.4322893692104102
0.4204045734388742,0.08487247141600704,0.06728232189973615,0.42744063324538256
0.4216120460584588,0.08370239149689991,0.0637732506643047,0.43091231178033657
0.42105263157894735,0.08508771929824561,0.06447368421052632,0.4293859649122807
0.41984056687333926,0.08547387068201949,0.0637732506643047,0.43091231178033657
0.41911442349846556,0.0797895659798334,0.06751424813678211,0.4335817623849189
0.41976388281591603,0.07783121993878443,0.06689986882378662,0.4355050284215129
0.4215686274509804,0.07932263814616755,0.06684491978609626,0.4322638146167558
0.42191659272404614,0.07808340727595386,0.06787932564330079,0.4321206743566992
0.42263483642793986,0.07559681697612732,0.0680813439434129,0.4336870026525199
0.4133805937084626,0.07399202481169695,0.06823216659282233,0.44439521488701816
0.41033568904593637,0.07862190812720848,0.06802120141342756,0.44302120141342755
0.41181619256017504,0.07702407002188184,0.0700218818380744,0.44113785557986873
0.4100087796312555,0.07638279192273925,0.0684811237928007,0.44512730465320455
0.40509666080843587,0.07820738137082602,0.06985940246045694,0.4468365553602812
0.4062222222222222,0.07644444444444444,0.06933333333333333,0.448
0.4012400354295837,0.07617360496014172,0.06820194862710363,0.45438441098317095
0.4039473684210526,0.07280701754385965,0.06929824561403508,0.45394736842105265
0.3995575221238938,0.07389380530973451,0.06946902654867257,0.4570796460176991
0.40334654337296344,0.07705856450902686,0.06869220607661823,0.45090268604139144
0.4099735216240071,0.07502206531332745,0.06575463371579876,0.4492497793468667
0.4115263394867177,0.07654209815398469,0.06708689779378658,0.444844664565511
0.4144503546099291,0.0749113475177305,0.06914893617021277,0.44148936170212766
0.4117647058823529,0.07462686567164178,0.06277436347673397,0.4508340649692713
0.4101545253863135,0.07373068432671082,0.059161147902869755,0.45695364238410596
0.4125165271044513,0.07360070515645659,0.05817540766857646,0.45570736007051565
0.4053815615350684,0.07278341420379356,0.05822673136303485,0.46360829289810324
0.41108647450110863,0.07228381374722838,0.05942350332594235,0.45720620842572063
0.40955329500221144,0.07695709862892526,0.06059265811587793,0.45289694825298543
0.40462680052378874,0.07944129201222173,0.06285464862505456,0.45307725883893496
0.39707835325365204,0.07923860115095174,0.06330234617087206,0.46038069942452414
0.39875111507582517,0.07493309545049064,0.06333630686886708,0.46297948260481714
0.3973626373626374,0.07604395604395604,0.06681318681318682,0.45978021978021977
0.3974358974358974,0.07515473032714412,0.0671971706454465,0.46021220159151194
0.393859649122807,0.07719298245614035,0.06447368421052632,0.4644736842105263
0.38120567375886527,0.07890070921985816,0.06693262411347518,0.4729609929078014
0.3829787234042553,0.08200354609929078,0.06604609929078015,0.46897163120567376
0.37511190689346463,0.08236347358997315,0.06132497761862131,0.4811996418979409
0.3705337450374945,0.08160564622849581,0.05910895456550507,0.48875165416850463
0.375277901289462,0.08181413961760782,0.06136060471320587,0.48154735437972435
0.36476868327402134,0.07962633451957295,0.060498220640569395,0.4951067615658363
0.36415675913694406,0.07661822985468957,0.05812417437252312,0.5011008366358433
0.36122004357298476,0.07581699346405228,0.05664488017429194,0.5063180827886711
0.3646433318564466,0.07709348692955251,0.05848471422241914,0.49977846699158174
0.3654529307282416,0.07770870337477798,0.0586145648312611,0.49822380106571934
0.36568151742390825,0.07940008822232025,0.061314512571680635,0.49360388178209086
0.36495388669301715,0.08344312692138779,0.06104523495827844,0.49055775142731667
0.3671840354767184,0.08425720620842572,0.05809312638580931,0.4904656319290466
0.37715041905602115,0.07984119982355536,0.054697838553153945,0.4883105425672695
0.3715415019762846,0.07992973210364515,0.060166886253842776,0.4883618796662275
0.37768052516411377,0.07964989059080962,0.05908096280087528,0.48358862144420134
0.3848538529672276,0.07794508414526129,0.060673162090345435,0.4765279007971656
0.37371479660259277,0.07554760840411265,0.06347787215020116,0.48725972284309343
0.3726953467954346,0.07111501316944688,0.06672519754170325,0.48946444249341525
0.3783068783068783,0.07054673721340388,0.06657848324514991,0.4845679012345679
0.38016896398399286,0.07114273010226767,0.06269453090262339,0.48599377501111607
0.3833922261484099,0.06890459363957598,0.05830388692579505,0.48939929328621906
0.38702559576345985,0.06707855251544571,0.0617828773168579,0.48411297440423656
0.3886193206881341,0.06528451698279665,0.05778561976179974,0.4883105425672695
0.3849241748438894,0.06735057983942908,0.059322033898305086,0.48840321141837645
0.3770999115826702,0.0671971706454465,0.05747126436781609,0.4982316534040672
0.3765432098765432,0.0701058201058201,0.057760141093474424,0.49559082892416223
0.37549407114624506,0.06763285024154589,0.05753184014053579,0.4993412384716733
0.3730684326710817,0.06445916114790287,0.0565121412803532,0.5059602649006623
0.38221047996477325,0.06472919418758256,0.05680317040951123,0.496257155438133
0.38906180524677636,0.06269453090262339,0.05469097376611828,0.493552690084482
0.3947833775419982,0.06321839080459771,0.05083996463306808,0.491158267020336
0.38994265549183943,0.06307895897662108,0.05161005734450816,0.4953683281870313
0.39345711759504864,0.06321839080459771,0.052166224580017684,0.491158267020336
0.3880334359876815,0.06379234491860977,0.05499340079190497,0.49318081830180377
0.39263803680981596,0.06617002629272568,0.054776511831726556,0.4864154250657318
0.3892083149049093,0.06501547987616099,0.05484298982750995,0.4909332153914197
0.38945054945054947,0.06373626373626373,0.05406593406593407,0.49274725274725273
0.3995604395604396,0.0632967032967033,0.05274725274725275,0.4843956043956044
0.40532150776053216,0.06164079822616408,0.04745011086474501,0.48558758314855877
0.40413368513632364,0.0633245382585752,0.04661389621811785,0.4859278803869833
0.39744718309859156,0.06382042253521127,0.04665492957746479,0.4920774647887324
0.4013215859030837,0.06211453744493392,0.046255506607929514,0.49030837004405287
0.3989547038327526,0.0627177700348432,0.04790940766550523,0.490418118466899
0.3912087912087912,0.06461538461538462,0.047472527472527476,0.4967032967032967
0.39301503094606544,0.0623342175066313,0.04774535809018567,0.4969053934571176
0.3920704845814978,0.06167400881057269,0.04757709251101322,0.4986784140969163
0.3887411347517731,0.0625,0.04964539007092199,0.499113475177305
0.382171226831421,0.06531332744924978,0.05163283318623124,0.500882612533098
0.38642413487133986,0.06521739130434782,0.055013309671694766,0.4933451641526176
0.3848873177198409,0.06760936809544851,0.059213433495360145,0.4882898806893504
0.3781624500665779,0.06569019085663559,0.056369285397248114,0.4997780736795384
0.3844097995545657,0.06280623608017817,0.056570155902004454,0.4962138084632517
0.3849538055433348,0.06159260888693357,0.05499340079190497,0.49846018477782666
0.38512911843276937,0.06233303650934995,0.05520926090828139,0.4973285841495993
0.38078448655795505,0.06302335830762451,0.05597179374173645,0.500220361392684
0.373114463176575,0.06521739130434782,0.058118899733806566,0.5035492457852706
0.3701067615658363,0.06761565836298933,0.05338078291814947,0.5088967971530249
0.370501999111506,0.06219458018658374,0.05330964015992892,0.5139937805419813
0.3722466960352423,0.06431718061674009,0.053744493392070485,0.5096916299559472
0.37349397590361444,0.06470325747434182,0.05310129406514949,0.5087014725568942
0.3746157224418094,0.06411945542380325,0.05314009661835749,0.5081247255160298
0.38038698328935794,0.06376429199648197,0.055848724714160074,0.5
0.38143422789265286,0.06379234491860977,0.05411350637923449,0.5006599208095028
0.37725076855511636,0.06324110671936758,0.05489679402722881,0.5046113306982872
0.3821600349803236,0.06165282028858767,0.05465675557498907,0.5015303891560997
0.379295154185022,0.06035242290748899,0.05638766519823789,0.5039647577092511
0.38285714285714284,0.06285714285714286,0.054945054945054944,0.49934065934065935
0.38153846153846155,0.0589010989010989,0.05934065934065934,0.5002197802197802
0.3851261620185923,0.06241699867197875,0.06020362992474546,0.4922532093846835
0.37733333333333335,0.06311111111111112,0.059111111111111114,0.5004444444444445
0.37715803452855245,0.06108897742363878,0.059318282425852145,0.5024347056219566
0.3716577540106952,0.06550802139037433,0.05570409982174688,0.5071301247771836
0.37702053298383575,0.06290956749672345,0.05679335954565312,0.5032765399737876
0.3761101243339254,0.06349911190053285,0.06127886323268206,0.4991119005328597
0.377560106856634,0.06010685663401603,0.06233303650934995,0.5
0.3753873395307658,0.06020362992474546,0.06285967242142541,0.5015493581230633
0.367094206103494,0.06368863334807608,0.06811145510835913,0.5011057054400707
0.36238938053097347,0.061946902654867256,0.0668141592920354,0.5088495575221239
0.3761755485893417,0.06180026869682042,0.06359158083296014,0.49843260188087773
0.3698146513680494,0.06398940864960283,0.06310679611650485,0.5030891438658429
0.36635430611334224,0.06916555109326193,0.058902275769745646,0.5055778670236502
0.3686534216335541,0.06799116997792494,0.059161147902869755,0.5041942604856512
0.37081128747795417,0.06746031746031746,0.06261022927689594,0.4991181657848324
0.3685136323658751,0.06860158311345646,0.0584872471416007,0.5043975373790677
0.36976641692375495,0.06654914059056853,0.05729396209784046,0.5063904803878361
0.3692375886524823,0.0673758865248227,0.057180851063829786,0.5062056737588653
0.37599645704162976,0.06731620903454384,0.05491585473870682,0.5017714791851196
0.375054704595186,0.06783369803063458,0.053829321663019694,0.5032822757111597
0.36932569413838695,0.06787130894667254,0.054649625385632436,0.5081533715293081
0.3685612788632327,0.06616341030195382,0.053730017761989345,0.5115452930728241
0.36472678809418035,0.06352732119058196,0.05819635717458907,0.5135495335406486
0.37116564417177916,0.06310254163014899,0.05828220858895705,0.5074496056091148
0.3735733099209833,0.06233538191395961,0.05706760316066725,0.5070237050043899
0.38010657193605685,0.06261101243339254,0.05772646536412078,0.49955595026642985
0.37516629711751664,0.06119733924611973,0.056762749445676275,0.5068736141906873
0.3725143614670791,0.06009721608484313,0.05788775961113566,0.5095006628369421
0.36867575890893095,0.06291245050593929,0.05719313682358117,0.5112186537615486
0.3669603524229075,0.05991189427312775,0.06079295154185022,0.5123348017621145
0.373542600896861,0.06143497757847534,0.06098654708520179,0.5040358744394619
0.36617842876165113,0.06480248557478917,0.05814469596094097,0.5108743897026188
0.3615894039735099,0.06887417218543046,0.05607064017660044,0.5134657836644592
0.3584070796460177,0.0668141592920354,0.05398230088495575,0.5207964601769911
0.3612217795484728,0.06595838866755202,0.05267817618415228,0.520141655599823
0.3548812664907652,0.06728232189973615,0.052330694810905895,0.5255057167985928
0.36,0.072,0.05333333333333334,0.5146666666666667
0.3646384479717813,0.06701940035273368,0.048500881834215165,0.5198412698412699
0.3626760563380282,0.06558098591549295,0.047975352112676055,0.5237676056338029
0.3703378674857394,0.06406318560772269,0.04782799473453269,0.5177709521720053
0.36937334510150044,0.06619593998234775,0.05163283318623124,0.5127978817299206
0.36888497135301895,0.06478624944909651,0.05376817981489643,0.5125605993829881
0.37422771403353927,0.06266548984995587,0.052515445719329215,0.5105913503971756
0.3751111111111111,0.06488888888888888,0.050666666666666665,0.5093333333333333
0.3777972795085564,0.060114085125054846,0.04914436156208864,0.5129442738043001
0.38207136640557005,0.060922541340295906,0.04917319408181027,0.5078328981723238
0.37955555555555553,0.059111111111111114,0.051555555555555556,0.5097777777777778
0.37472575691092586,0.05792014041246161,0.05089951733216323,0.5164545853444493
0.3657142857142857,0.05934065934065934,0.053626373626373625,0.5213186813186813
0.3597345132743363,0.05796460176991151,0.05265486725663717,0.529646017699115
0.3647523016220956,0.05830775975449364,0.05129329241560719,0.5256466462078035
0.3702239789196311,0.058410188844971456,0.05401844532279315,0.5173473869126043
0.3715034965034965,0.059003496503496504,0.053758741258741256,0.5157342657342657
0.36800352578228296,0.060379021595416485,0.054649625385632436,0.5169678272366681
0.37336244541484714,0.06026200873362445,0.05414847161572053,0.5122270742358078
0.3709748566387296,0.0599911777679753,0.0564622849580944,0.5125716806352008
0.37146643109540634,0.06316254416961131,0.05786219081272085,0.5075088339222615
0.3714159682399647,0.06352007057785619,0.05734450816056462,0.5077194530216145
0.3691363437088996,0.06137658921525647,0.05480052608505041,0.5146865409907935
0.35543766578249336,0.0658709106984969,0.05747126436781609,0.5212201591511937
0.3546971027216857,0.06321334503950835,0.05706760316066725,0.5250219490781387
0.35294117647058826,0.06149732620320856,0.054367201426024955,0.5311942959001783
0.3524229074889868,0.057709251101321586,0.055506607929515416,0.5343612334801762
0.35281195079086114,0.06019332161687171,0.05755711775043937,0.5294376098418277
0.3531236154186974,0.06114311032343819,0.057598582188746125,0.5281346920691183
0.35830048182216384,0.06351292159439334,0.05781865965834428,0.5203679369250985
0.3569864213753833,0.06438896189224705,0.05431449846692948,0.5243101182654402
0.35745422842197033,0.06451612903225806,0.05579773321708806,0.5222319093286836
0.3508153371529308,0.0639048038783605,0.055531070956368445,0.5297487880123403
0.34940291906236176,0.06280406899601947,0.05616983635559487,0.5316231755860239
0.3472895548699868,0.0625826355222565,0.05729396209784046,0.5328338475099162
0.34472185720543147,0.06219886114761279,0.05300043802014893,0.5400788436268068
0.3448735019973369,0.06258322237017311,0.05326231691078562,0.5392809587217043
0.35104028331119963,0.0619743249225321,0.0566622399291722,0.5303231518370961
0.35135135135135137,0.06247230837394772,0.052724856003544526,0.5334514842711564
0.34748010610079577,0.0641025641025641,0.05349248452696728,0.5349248452696729
0.34944567627494455,0.05898004434589801,0.05543237250554324,0.5361419068736142
0.34625550660792953,0.05682819383259912,0.053744493392070485,0.5431718061674009
0.35369068541300525,0.05492091388400703,0.05008787346221441,0.5413005272407733
0.35097864768683273,0.055604982206405695,0.05338078291814947,0.5400355871886121
0.34470536109880373,0.06025697828976517,0.05405405405405406,0.5409836065573771
0.3373440285204991,0.062388591800356503,0.05303030303030303,0.5472370766488414
0.340035746201966,0.06076854334226988,0.058981233243967826,0.5402144772117963
0.3397887323943662,0.06205985915492958,0.056338028169014086,0.5418133802816901
0.3414310954063604,0.06404593639575971,0.05742049469964664,0.5371024734982333
0.34642233856893545,0.062390924956369984,0.055410122164048864,0.5357766143106457
0.3429844097995546,0.0645879732739421,0.054788418708240534,0.5376391982182628
0.3373015873015873,0.06657848324514991,0.0582010582010582,0.5379188712522046
0.3387308533916849,0.06914660831509847,0.05689277899343545,0.5352297592997812
0.3412698412698413,0.06790123456790123,0.05423280423280423,0.5365961199294532
0.33348115299334813,0.06962305986696231,0.05277161862527716,0.5441241685144124
0.3333333333333333,0.06737120211360634,0.05548216644649934,0.543813298106561
0.3374395072591289,0.06599208095028597,0.05763308402991641,0.5389353277606688
0.34251443802754333,0.06530430919591293,0.05775211017325633,0.5344291426032874
0.3380719680142159,0.0670812972012439,0.05864060417592181,0.5362061306086184
0.35244816938685486,0.06396118217909132,0.0599911777679753,0.5235994706660785
0.35296742525658187,0.06157965194109773,0.06113342257920571,0.5243195002231147
0.3485183547103052,0.06103494029190624,0.06059265811587793,0.5298540468819106
0.3490022172949002,0.06252771618625277,0.06119733924611973,0.5272727272727272
0.34151785714285715,0.06517857142857143,0.0625,0.5308035714285714
0.33629893238434166,0.06494661921708185,0.06316725978647687,0.5355871886120996
0.33858267716535434,0.06649168853893263,0.06255468066491689,0.5323709536307961
0.3435148295706065,0.06463036741921203,0.06285967242142541,0.5289951305887561
0.33567971843378797,0.0664320281566212,0.06467223933128025,0.5332160140783107
0.3373015873015873,0.06613756613756613,0.06305114638447971,0.5335097001763669
0.3425438596491228,0.06666666666666667,0.06315789473684211,0.5276315789473685
0.3421750663129973,0.0680813439434129,0.060123784261715295,0.5296198054818745
0.3456302151954326,0.06807202459376373,0.05928853754940711,0.5270092226613966
0.3531499556344277,0.06743566992014197,0.061224489795918366,0.518189884649512
0.34926958831341304,0.07082779991146525,0.059318282425852145,0.5205843293492696
0.3487654320987654,0.06922398589065255,0.059964726631393295,0.5220458553791887
0.3483443708609272,0.06710816777041943,0.060485651214128036,0.5240618101545254
0.34615384615384615,0.0694076038903625,0.0614500442086649,0.5229885057471264
0.3430721558211598,0.06640106241699867,0.06020362992474546,0.5303231518370961
0.345558992487848,0.06628369421122404,0.057445868316394165,0.5307114449845338
0.34596738651388276,0.06698986337593654,0.05376817981489643,0.5332745702952842
0.34251443802754333,0.0693025322079076,0.05330964015992892,0.5348733896046202
0.3434433541480821,0.07136485280999108,0.04683318465655665,0.5383586083853702
0.3397887323943662,0.0682218309859155,0.04665492957746479,0.5453345070422535
0.3421168203776899,0.06895037329819939,0.04479578392621871,0.544137022397892
0.34114007954043307,0.06805125939019001,0.04242156429518339,0.5483870967741935
0.3346631205673759,0.0678191489361702,0.040336879432624116,0.5571808510638298
0.3384750991626267,0.06698986337593654,0.04275011018069634,0.5517849272807405
0.33773087071240104,0.06288478452066842,0.04793315743183817,0.5514511873350924
0.3384346305203323,0.059903804110188016,0.04722343681679055,0.5544381285526891
0.33653846153846156,0.06031468531468531,0.0472027972027972,0.5559440559440559
0.33495790872840053,0.05937084625609216,0.04962339388568897,0.5560478511298184
0.3308402991641003,0.06379234491860977,0.050593928728552576,0.5547734271887373
0.33878814683768244,0.06191950464396285,0.04820875718708536,0.5510835913312694
0.33054208902600263,0.05905685323931247,0.049801674746584396,0.5605993829881005
0.33289473684210524,0.05701754385964912,0.04868421052631579,0.5614035087719298
0.33155555555555555,0.05555555555555555,0.048,0.5648888888888889
0.33215234720992026,0.060673162090345435,0.04738706820194863,0.5597874224977857
0.33992963940193494,0.06068601583113457,0.04793315743183817,0.5514511873350924
0.3388573920627998,0.06541648495420846,0.04622764936764064,0.5494984736153511
0.34172185430463575,0.06357615894039735,0.046357615894039736,0.5483443708609271
0.3443649373881932,0.06350626118067978,0.04606440071556351,0.5460644007155635
0.3450266429840142,0.06127886323268206,0.049289520426287745,0.544404973357016
0.3380593708462561,0.06424457244129375,0.05050952591936198,0.5471865307930882
0.34464521815777877,0.06346408109299251,0.04715733803437638,0.5447333627148524
0.34205856255545697,0.06344276841171251,0.046583850931677016,0.5479148181011535
0.3390501319261214,0.06376429199648197,0.051011433597185574,0.5461741424802111
0.3453268977621764,0.06230802983764809,0.05221588415971917,0.5401491882404563
0.3393885688967656,0.06202924235711121,0.056269384138236594,0.5423128046078866
0.33996463306808133,0.058797524314765696,0.0592396109637489,0.5419982316534041
0.33407275953859805,0.06299911268855368,0.059006211180124224,0.543921916592724
0.34334953601414053,0.059213433495360145,0.05612019443216969,0.5413168360583297
0.33777185974256546,0.06080781180648025,0.05370616955170883,0.5477141588992455
0.3408388520971302,0.058719646799116995,0.05518763796909492,0.5452538631346578
0.3383325981473313,0.05955006616674018,0.055580061755624174,0.5465372739303044
0.3435148295706065,0.05843293492695883,0.054006197432492256,0.5440460380699425
