C,D,Oc,Od
0.0,1.0,0.0,0.0
0.0,1.0,0.0,0.0
0.0,1.0,0.0,0.0
0.3333333333333333,0.6666666666666666,0.0,0.0
0.5,0.25,0.0,0.25
0.5,0.25,0.25,0.0
0.5,0.16666666666666666,0.3333333333333333,0.0
0.625,0.125,0.25,0.0
0.6666666666666666,0.08333333333333333,0.16666666666666666,0.08333333333333333
0.7058823529411765,0.058823529411764705,0.17647058823529413,0.058823529411764705
0.7916666666666666,0.041666666666666664,0.08333333333333333,0.08333333333333333
0.8888888888888888,0.0,0.037037037037037035,0.07407407407407407
0.8666666666666667,0.03333333333333333,0.03333333333333333,0.06666666666666667
0.8823529411764706,0.029411764705882353,0.029411764705882353,0.058823529411764705
0.9090909090909091,0.022727272727272728,0.022727272727272728,0.045454545454545456
0.9,0.02,0.04,0.04
0.8846153846153846,0.057692307692307696,0.038461538461538464,0.019230769230769232
0.8888888888888888,0.047619047619047616,0.031746031746031744,0.031746031746031744
0.8823529411764706,0.058823529411764705,0.03529411764705882,0.023529411764705882
0.9021739130434783,0.043478260869565216,0.03260869565217391,0.021739130434782608
0.9009009009009009,0.04504504504504504,0.036036036036036036,0.018018018018018018
0.9112903225806451,0.04032258064516129,0.03225806451612903,0.016129032258064516
0.9071428571428571,0.04285714285714286,0.03571428571428571,0.014285714285714285
0.9182389937106918,0.031446540880503145,0.031446540880503145,0.018867924528301886
0.9005524861878453,0.03867403314917127,0.03867403314917127,0.022099447513812154
0.9245283018867925,0.02358490566037736,0.03773584905660377,0.014150943396226415
0.902542372881356,0.025423728813559324,0.038135593220338986,0.03389830508474576
0.9080882352941176,0.025735294117647058,0.03676470588235294,0.029411764705882353
0.9251700680272109,0.02040816326530612,0.023809523809523808,0.030612244897959183
0.9228295819935691,0.012861736334405145,0.03858520900321544,0.02572347266881029
0.940677966101695,0.011299435028248588,0.02824858757062147,0.01977401129943503
0.9457364341085271,0.0103359173126615,0.028423772609819122,0.015503875968992248
0.9404761904761905,0.016666666666666666,0.02857142857142857,0.014285714285714285
0.9387308533916849,0.015317286652078774,0.030634573304157548,0.015317286652078774
0.9402390438247012,0.01195219123505976,0.029880478087649404,0.017928286852589643
0.9382022471910112,0.011235955056179775,0.028089887640449437,0.02247191011235955
0.9360967184801382,0.010362694300518135,0.025906735751295335,0.027633851468048358
0.936608557844691,0.009508716323296355,0.022187004754358162,0.03169572107765452
0.9328358208955224,0.011940298507462687,0.022388059701492536,0.03283582089552239
0.9229671897289586,0.014265335235378032,0.021398002853067047,0.04136947218259629
0.9156626506024096,0.0214190093708166,0.024096385542168676,0.038821954484605084
0.9185185185185185,0.018518518518518517,0.02345679012345679,0.03950617283950617
0.92,0.019428571428571427,0.02057142857142857,0.04
0.9195652173913044,0.020652173913043477,0.01847826086956522,0.041304347826086954
0.9223790322580645,0.021169354838709676,0.016129032258064516,0.04032258064516129
0.9169811320754717,0.022641509433962263,0.020754716981132074,0.03962264150943396
0.9055944055944056,0.0236013986013986,0.0236013986013986,0.0472027972027972
0.8979591836734694,0.022857142857142857,0.026122448979591838,0.053061224489795916
0.8936825885978429,0.025423728813559324,0.023882896764252697,0.05701078582434515
0.8988439306358381,0.023121387283236993,0.022398843930635837,0.05563583815028902
0.8994452149791956,0.024965325936199722,0.02011095700416089,0.05547850208044383
0.8960953011250827,0.02382528127068167,0.022501654533421574,0.05757776307081403
0.9021464646464646,0.023989898989898988,0.01893939393939394,0.054924242424242424
0.9003667481662592,0.023838630806845965,0.020171149144254278,0.055623471882640586
0.8952879581151832,0.02326934264107039,0.02268760907504363,0.058755090168702735
0.8882022471910113,0.02696629213483146,0.024719101123595506,0.060112359550561795
0.8841931942919868,0.02689352360043908,0.026344676180021953,0.06256860592755215
0.8791149487317863,0.028602266594711278,0.025903939557474366,0.06637884511602807
0.8738880167451596,0.0282574568288854,0.02878074306645735,0.06907378335949764
0.8663883089770354,0.032359081419624215,0.028183716075156576,0.07306889352818371
0.8708524757529351,0.03266972945380296,0.02399183256763655,0.07248596222562532
0.8655172413793103,0.03103448275862069,0.024630541871921183,0.07881773399014778
0.8626980316850696,0.031204992798847815,0.024963994239078253,0.08113298127700432
0.8597820937944103,0.03221222169587873,0.02510658455708195,0.08289909995262909
0.8618299445471349,0.03188539741219963,0.02356746765249538,0.08271719038817006
0.8586605080831409,0.03418013856812933,0.02401847575057737,0.08314087759815242
0.8598088302230315,0.035958124715521164,0.025034137460172964,0.07919890760127446
0.8526077097505669,0.036734693877551024,0.027210884353741496,0.08344671201814059
0.8531278331822303,0.03671804170444243,0.027198549410698096,0.0829555757026292
0.8473967684021544,0.03770197486535009,0.02872531418312388,0.08617594254937164
0.8473824312333629,0.03637976929902396,0.030612244897959183,0.08562555456965394
0.8470165993719156,0.033647375504710635,0.03140421713772992,0.08793180798564379
0.843400447427293,0.03355704697986577,0.032214765100671144,0.09082774049217002
0.8370103556956326,0.034218820351193155,0.03376857271499325,0.095002251238181
0.8373141054529067,0.034249662009914375,0.035601622352410996,0.09283461018476791
0.8358008075370121,0.03633916554508748,0.0354419021982952,0.0924181247196052
0.8258728737690242,0.04073410922112802,0.03536257833482542,0.09803043867502238
0.8254674977738201,0.04140694568121104,0.036064113980409616,0.09706144256455922
0.8177757927646271,0.04242965609647164,0.03841000446627959,0.1013845466726217
0.8116853932584269,0.04404494382022472,0.04,0.10426966292134832
0.8134761267291388,0.04730031236055333,0.038821954484605084,0.10040160642570281
0.8206399278954484,0.046417305092383954,0.036953582694907616,0.09598918431726003
0.8208425720620842,0.048337028824833705,0.03325942350332594,0.0975609756097561
0.8171757414785303,0.04736609119079239,0.03408587870739265,0.10137228862328464
0.8144239226033422,0.047053649956024624,0.03386103781882146,0.10466138962181179
0.8099062918340026,0.047746541722445336,0.03480589022757698,0.107541276215975
0.8054930211616389,0.04322377307519135,0.03782080144079244,0.11346240432237731
0.7998200629779577,0.044084570400359874,0.04093567251461988,0.11515969410706253
0.7997293640054127,0.04194857916102842,0.04059539918809202,0.11772665764546685
0.800451467268623,0.046501128668171555,0.03927765237020316,0.11376975169300226
0.8015943312666076,0.046944198405668734,0.03897254207263064,0.112488928255093
0.7954341987466428,0.049686660698299016,0.03894359892569382,0.11593554162936437
0.7997311827956989,0.04973118279569892,0.035842293906810034,0.11469534050179211
0.793010752688172,0.04973118279569892,0.03853046594982079,0.11872759856630824
0.7877442273534636,0.047957371225577264,0.03774422735346359,0.12655417406749556
0.7886323268206039,0.047513321492007106,0.038632326820603906,0.12522202486678508
0.7812361049355269,0.04802134281903068,0.03823921742996887,0.13250333481547355
0.7877019748653501,0.047127468581687613,0.03500897666068223,0.13016157989228008
0.7881090746535538,0.04604380867232901,0.033974072418417524,0.1318730442556996
0.785650623885918,0.04679144385026738,0.035204991087344026,0.1323529411764706
0.7780259044216168,0.04689593568557392,0.037516748548459135,0.13756141134435015
0.7814977973568282,0.044933920704845816,0.03788546255506608,0.1356828193832599
0.7791111111111111,0.04622222222222222,0.036444444444444446,0.13822222222222222
0.7775320654577621,0.04599734630694383,0.03759398496240601,0.13887660327288812
0.7753818508535489,0.04582210242587601,0.04043126684636118,0.13836477987421383
0.7810251798561151,0.044964028776978415,0.040467625899280574,0.1335431654676259
0.7797592510031208,0.043245653143111906,0.043245653143111906,0.13374944271065536
0.778816199376947,0.04361370716510903,0.04138851802403204,0.13618157543391188
0.7715187021180712,0.04506534474988734,0.04281207751239297,0.1406038756196485
0.765292251925691,0.04576347983688265,0.043044857272315364,0.145899410965111
0.7623358985966501,0.04481665912177456,0.04300588501584427,0.1498415572657311
0.7576974564926372,0.0464078536367693,0.04551539491298527,0.1503792949576082
0.7527889335118251,0.0499776885319054,0.043284248103525214,0.1539491298527443
0.7546067415730338,0.04808988764044944,0.04449438202247191,0.15280898876404495
0.7567204301075269,0.047491039426523295,0.04525089605734767,0.15053763440860216
0.7511230907457322,0.044923629829290206,0.047619047619047616,0.15633423180592992
0.7477876106194691,0.04469026548672567,0.046460176991150445,0.16106194690265488
0.7474203678779722,0.04665769403319874,0.04576043068640646,0.1601615074024226
0.7448522829006267,0.045210384959713516,0.046105640107430616,0.1638316920322292
0.7384135472370766,0.04723707664884135,0.0481283422459893,0.1662210338680927
0.7431233362910381,0.04614019520851819,0.046583850931677016,0.16415261756876665
0.7397260273972602,0.04330534688466637,0.04551480335837384,0.17145382235969953
0.7397686832740213,0.045373665480427046,0.046708185053380785,0.16814946619217083
0.7398482820169567,0.047746541722445336,0.04417670682730924,0.1682284694332887
0.7388059701492538,0.046093064091308165,0.04214223002633889,0.17295873573309922
0.7363960749330954,0.04460303300624442,0.04460303300624442,0.1743978590544157
0.7317403065825068,0.04328223624887286,0.04508566275924256,0.17989179440937783
0.7342057761732852,0.04151624548736462,0.044675090252707585,0.1796028880866426
0.7372426141450313,0.03983885407341092,0.04118173679498657,0.18173679498657117
0.7331247206079571,0.04112650871703174,0.03799731783638802,0.18775145283862316
0.7347942754919499,0.04159212880143113,0.0389087656529517,0.18470483005366725
0.7358147980027235,0.03903767589650477,0.03858374943259192,0.18656377666817975
0.7284005316792203,0.03766061143110323,0.04253433761630483,0.19140451927337174
0.7261004891062695,0.03868385949310805,0.041796353935082256,0.19341929746554024
0.7237668161434978,0.039461883408071746,0.042152466367713005,0.19461883408071748
0.723953695458593,0.0396260017809439,0.040516473731077474,0.19590382902938558
0.7178571428571429,0.04151785714285714,0.04017857142857143,0.20044642857142858
0.7149866190900981,0.043710972346119537,0.042818911685994644,0.19848349687778769
0.709562109025916,0.0420017873100983,0.04289544235924933,0.20554066130473636
0.7072953736654805,0.04225978647686833,0.04359430604982206,0.20685053380782917
0.7122620628596724,0.04028331119964586,0.038069942452412575,0.20938468348826914
0.7119101123595506,0.041797752808988765,0.039550561797752806,0.20674157303370785
0.7071971390254805,0.04067948144836835,0.042914617791685296,0.20920876173446581
0.7021563342318059,0.03638814016172507,0.0431266846361186,0.2183288409703504
0.7003140421713773,0.03768506056527591,0.04576043068640646,0.21624046657694032
0.6963258078795928,0.03762726870296591,0.043824701195219126,0.2222222222222222
0.6982565936522128,0.03665623603039785,0.0464908359409924,0.21859633437639697
0.6940700808625337,0.03504043126684636,0.046271338724168914,0.22461814914645103
0.6912691269126913,0.03555355535553555,0.046804680468046804,0.22637263726372636
0.6905929558626839,0.03744984395898351,0.04681230494872938,0.2251448952296032
0.694086260560249,0.03912850155624722,0.04357492218763895,0.22321031569586483
0.6933333333333334,0.03822222222222222,0.044,0.22444444444444445
0.6878070567217508,0.03841000446627959,0.04332291201429209,0.23046002679767755
0.6911369740376008,0.03849597135183527,0.04297224709042077,0.22739480752014324
0.6890756302521008,0.03847854931446263,0.04024767801857585,0.23219814241486067
0.6864937388193202,0.03801431127012522,0.04338103756708408,0.23211091234347048
0.6928251121076233,0.03497757847533632,0.045739910313901344,0.226457399103139
0.6945569050832209,0.03688708951866847,0.042735042735042736,0.22582096266306792
0.6886120996441281,0.04092526690391459,0.04181494661921708,0.22864768683274023
0.6931969764339706,0.041351711871943087,0.039573143619386394,0.22587816807469988
0.691551184622262,0.04023245417970496,0.03844434510505141,0.22977201609298167
0.6820214669051878,0.03756708407871199,0.04293381037567084,0.23747763864042934
0.6830138207757468,0.03700401248328132,0.04413731609451627,0.23584485064645563
0.6779127305443094,0.03958614484930274,0.044534412955465584,0.23796671165092217
0.6756996890270991,0.03953798311861395,0.0444247001332741,0.2403376277210129
0.6756756756756757,0.04099099099099099,0.044144144144144144,0.2391891891891892
0.6828054298642534,0.040271493212669686,0.04343891402714932,0.2334841628959276
0.6789072995969547,0.039856695029108824,0.042991491267353334,0.23824451410658307
0.6775491949910555,0.0389087656529517,0.04203935599284436,0.24150268336314848
0.6801063358440408,0.03544528134692069,0.04031900753212229,0.24412937527691625
0.6812943262411347,0.03590425531914894,0.041223404255319146,0.24157801418439717
0.6776491540516474,0.033392698130008905,0.04229741763134461,0.2466607301869991
0.6724598930481284,0.035650623885918005,0.04144385026737968,0.25044563279857396
0.6701216764308247,0.03785488958990536,0.03965750337990086,0.25236593059936907
0.6668169522091975,0.04102795311091073,0.04012623985572588,0.2520288548241659
0.6663685152057245,0.03980322003577817,0.03980322003577817,0.25402504472271914
0.6639892904953146,0.0392681838464971,0.040160642570281124,0.2565818830879072
0.6645962732919255,0.04214729370008873,0.038154392191659274,0.25510204081632654
0.6635514018691588,0.042723631508678236,0.039163328882955054,0.2545616377392078
0.666814946619217,0.04403914590747331,0.03914590747330961,0.25
0.6577060931899642,0.04614695340501792,0.03942652329749104,0.2567204301075269
0.6606170598911071,0.047186932849364795,0.041742286751361164,0.25045372050816694
0.6592427616926503,0.04320712694877506,0.04187082405345212,0.2556792873051225
0.6473988439306358,0.04313028012449978,0.0426856380613606,0.2667852378835038
0.6379003558718861,0.04314946619217082,0.04181494661921708,0.27713523131672596
0.6410946612830866,0.042171377299237325,0.04262000897263347,0.2741139524450426
0.6361607142857143,0.04330357142857143,0.04151785714285714,0.27901785714285715
0.6340368208352043,0.041311180960933995,0.042209250112258644,0.2824427480916031
0.6446902654867257,0.03761061946902655,0.04115044247787611,0.27654867256637167
0.6366874443455031,0.03695458593054319,0.04096170970614425,0.28539626001780943
0.6262353998203055,0.036837376460017966,0.04177897574123989,0.29514824797843664
0.6228622862286228,0.036003600360036005,0.043654365436543656,0.2974797479747975
0.6153846153846154,0.03508771929824561,0.044534412955465584,0.3049932523616734
0.6195991091314031,0.031180400890868598,0.044543429844097995,0.3046770601336303
0.6198568872987478,0.029516994633273702,0.04159212880143113,0.3090339892665474
0.6109880372175455,0.030128489144882586,0.0412051395657953,0.3176783340717767
0.6096687555953447,0.02730528200537153,0.045658012533572066,0.3173679498657117
0.6053105310531053,0.0288028802880288,0.04950495049504951,0.31638163816381637
0.6116807846633973,0.024074899687917966,0.04814979937583593,0.31609451627284885
0.6148767605633803,0.023767605633802816,0.04533450704225352,0.3160211267605634
0.6151095216808226,0.023692445239159587,0.047384890478319175,0.3138131426016987
0.6072695035460993,0.024379432624113476,0.044326241134751775,0.32402482269503546
0.6114849708389413,0.02781516375056079,0.04306864064602961,0.31763122476446837
0.6127753303964758,0.026872246696035242,0.04361233480176212,0.31674008810572685
0.6108156028368794,0.03102836879432624,0.04299645390070922,0.3151595744680851
0.6038669064748201,0.030575539568345324,0.044514388489208634,0.3210431654676259
0.5990165400089406,0.030844881537773806,0.04336164506034868,0.32677693339293695
0.6003576218149307,0.028609745194456863,0.041573535985695124,0.3294590970049173
0.6032099866250558,0.02541239411502452,0.04190815871600535,0.3294694605439144
0.5990316901408451,0.02772887323943662,0.0409330985915493,0.332306338028169
0.5996457041629761,0.02612931798051373,0.042515500442869794,0.3317094774136404
0.5963261648745519,0.029121863799283155,0.041666666666666664,0.3328853046594982
0.6000883782589483,0.029164825452938577,0.040653999116217414,0.3300927971718957
0.5912117177097204,0.02885042166000888,0.03994673768308921,0.33999112294718153
0.5949197860962567,0.027183600713012478,0.03787878787878788,0.34001782531194297
0.5990209167779261,0.027147307521139297,0.037828215398308856,0.33600356030262574
0.5837837837837838,0.031081081081081083,0.03873873873873874,0.3463963963963964
0.5834821428571428,0.03169642857142857,0.038392857142857145,0.3464285714285714
0.5838176128743854,0.031291908806437195,0.03531515422440769,0.34957532409476977
0.5815315315315316,0.03018018018018018,0.03513513513513514,0.35315315315315315
0.5850920520880107,0.02918724741805119,0.03502469690166143,0.3506960035922766
0.5823293172690763,0.0285586791610888,0.03391343150379295,0.35519857206604194
0.5765124555160143,0.030249110320284697,0.033807829181494664,0.3594306049822064
0.5675555555555556,0.028,0.035111111111111114,0.36933333333333335
0.5696539485359361,0.02839396628216504,0.03637976929902396,0.36557231588287487
0.5662222222222222,0.029333333333333333,0.037333333333333336,0.3671111111111111
0.5596816976127321,0.027409372236958444,0.03669319186560566,0.3762157382847038
0.5670976370931787,0.026749888542131076,0.034774855104770394,0.37137761925991974
0.5548187444739169,0.030061892130857647,0.038903625110521665,0.3762157382847038
0.5550581915846016,0.03088630259623993,0.03715308863025962,0.37690241718889883
0.5480427046263345,0.029804270462633453,0.03603202846975089,0.3861209964412811
0.5498881431767337,0.029082774049217,0.038926174496644296,0.3821029082774049
0.5464700625558534,0.02770330652368186,0.03798033958891868,0.387846291331546
0.5528200537153088,0.025067144136078783,0.03625783348254252,0.38585496866606983
0.5500886524822695,0.025709219858156027,0.034574468085106384,0.3896276595744681
0.5523851983950067,0.024520731163620153,0.03700401248328132,0.3860900579580918
0.5487316421895861,0.0267022696929239,0.035603026257231864,0.38896306186025814
0.5477565526432696,0.027543314082629944,0.03287427809862283,0.3918258551754776
0.5379858657243817,0.02517667844522968,0.0353356890459364,0.4015017667844523
0.537643932683791,0.02745792736935341,0.034986713906111605,0.39991142604074403
0.5325942350332594,0.028381374722838137,0.03414634146341464,0.40487804878048783
0.536096256684492,0.0285204991087344,0.03297682709447415,0.40240641711229946
0.5292280232039268,0.029451137884872823,0.031236055332440876,0.4100847835787595
0.5271523178807948,0.029580573951434878,0.032229580573951436,0.411037527593819
0.5213713268032057,0.02894033837934105,0.031611754229741766,0.41807658058771147
0.518813634351483,0.027445772465692783,0.03275785745905268,0.4209827357237716
0.5184198845983133,0.028406569019085663,0.031069684864624945,0.422103861517976
0.5097345132743363,0.03008849557522124,0.030973451327433628,0.42920353982300885
0.5157427937915743,0.031042128603104215,0.03015521064301552,0.42305986696230596
0.5160284951024042,0.02983081032947462,0.02983081032947462,0.42430988423864646
0.5163572060123784,0.028293545534924844,0.030061892130857647,0.42528735632183906
0.5180240320427236,0.02848242100578549,0.03115264797507788,0.42234089897641297
0.5157149181053563,0.027003098716246128,0.03142983621071271,0.4258521469676848
0.5131286159323543,0.0267022696929239,0.029817534490431688,0.4303515798842902
0.5108455068614431,0.02611775121735281,0.03187250996015936,0.4311642319610447
0.5076438848920863,0.026079136690647483,0.02877697841726619,0.4375
0.5080572963294538,0.025962399283795883,0.026410026857654433,0.4395702775290958
0.5134408602150538,0.029121863799283155,0.027777777777777776,0.4296594982078853
0.513537505548158,0.02885042166000888,0.02929427430093209,0.428317798490901
0.5113282985339849,0.02798756108396268,0.02576632607729898,0.43491781430475346
0.5120213713268033,0.02894033837934105,0.025378450578806767,0.43365983971504896
0.5092756183745583,0.030035335689045935,0.02517667844522968,0.43551236749116606
0.5072655217965654,0.029942756494936152,0.02553940995156319,0.4372523117569353
0.49911504424778763,0.02920353982300885,0.026991150442477876,0.4446902654867257
0.49002217294900224,0.03148558758314856,0.026607538802660754,0.4518847006651885
0.4903022101939558,0.032927379341452415,0.02480829950383401,0.4519621109607578
0.4852150537634409,0.03225806451612903,0.028225806451612902,0.4543010752688172
0.48552338530066813,0.03296213808463252,0.025835189309576838,0.45567928730512247
0.48480786416443256,0.030831099195710455,0.025022341376228777,0.45933869526362825
0.47939743021710235,0.030571555161719097,0.02658396101019052,0.46344705361098804
0.4830205540661305,0.0290437890974084,0.02546916890080429,0.4624664879356568
0.4842572062084257,0.028381374722838137,0.025720620842572064,0.4616407982261641
0.48229493500672344,0.025997310623038995,0.02823845809054236,0.4634692962796952
0.4738973897389739,0.027002700270027002,0.0288028802880288,0.47029702970297027
0.4738938053097345,0.02654867256637168,0.026991150442477876,0.4725663716814159
0.47646536412078155,0.02886323268206039,0.027531083481349913,0.46714031971580816
0.474644128113879,0.029804270462633453,0.029804270462633453,0.4657473309608541
0.48089887640449436,0.03056179775280899,0.0301123595505618,0.4584269662921348
0.4858681022880215,0.03140421713772992,0.029609690444145357,0.4531179901301032
0.4774049217002237,0.02953020134228188,0.03131991051454139,0.46174496644295304
0.4770520741394528,0.02824360105913504,0.029567519858781994,0.4651368049426302
0.4673815907059875,0.028596961572832886,0.028596961572832886,0.47542448614834676
0.46479500891265596,0.0285204991087344,0.028966131907308377,0.47771836007130125
0.46592920353982303,0.02920353982300885,0.028761061946902654,0.4761061946902655
0.4616771866546438,0.029756537421100092,0.029305680793507663,0.4792605951307484
0.4581673306772908,0.027445772465692783,0.03010181496237273,0.48428508189464364
0.45084897229669346,0.0290437890974084,0.03261840929401251,0.4874888293118856
0.44533333333333336,0.028888888888888888,0.03288888888888889,0.4928888888888889
0.44197421076033794,0.02712316585148955,0.03334815473543797,0.49755446865273456
0.4477477477477477,0.02702702702702703,0.03153153153153153,0.4936936936936937
0.4446922390722569,0.029884032114183764,0.028545941123996433,0.49687778768956287
0.43805704099821746,0.03208556149732621,0.027183600713012478,0.5026737967914439
0.43873873873873875,0.031081081081081083,0.02972972972972973,0.5004504504504504
0.4338861497086508,0.03003137606454505,0.027790228597041687,0.5082922456297624
0.4252252252252252,0.031081081081081083,0.02972972972972973,0.5139639639639639
0.4159964253798034,0.03261840929401251,0.030831099195710455,0.5205540661304736
0.4035008976660682,0.034560143626570915,0.032764811490125674,0.5291741472172352
0.4026548672566372,0.034513274336283185,0.03185840707964602,0.5309734513274337
0.4005364327223961,0.03442109968708091,0.030397854269110416,0.5346446133214126
0.3989242492155984,0.0340654415060511,0.02868668758404303,0.5383236216943075
0.3958521190261497,0.034715960324616775,0.027953110910730387,0.5414788097385032
0.4023193577163247,0.03345227475468332,0.027207850133809098,0.5370205173951829
0.39778761061946905,0.033185840707964605,0.025221238938053097,0.5438053097345132
0.3944543828264758,0.03041144901610018,0.024150268336314847,0.5509838998211091
0.3896567097637093,0.030762371823450735,0.024074899687917966,0.555506018724922
0.387854609929078,0.031471631205673756,0.024379432624113476,0.5562943262411347
0.380550621669627,0.03019538188277087,0.02486678507992895,0.5643872113676732
0.38257408226448475,0.03228659885006634,0.02565236620964175,0.5594869526758072
0.38258575197889183,0.032541776605101144,0.025945470536499562,0.5589270008795075
0.3788410886742757,0.033801580333625986,0.023266022827041263,0.564091308165057
0.371088585279859,0.03349493168796827,0.024239753195240195,0.5711767298369326
0.37215528781793844,0.03391343150379295,0.02320392681838465,0.5707273538598839
0.3773920783266578,0.032932799287939477,0.02403204272363151,0.5656430796617713
0.3710972346119536,0.03300624442462088,0.021855486173059768,0.5740410347903657
0.3747787610619469,0.034955752212389384,0.025221238938053097,0.5650442477876106
0.3740559751221679,0.03287427809862283,0.02621057307863172,0.5668591737005775
0.3734513274336283,0.033185840707964605,0.026106194690265486,0.5672566371681416
0.3745567375886525,0.028812056737588652,0.027925531914893616,0.5687056737588653
0.37533274179236914,0.02883762200532387,0.025288376220053237,0.5705412599822538
0.3811002661934339,0.02839396628216504,0.025288376220053237,0.5652173913043478
0.3711615487316422,0.029372496662216287,0.02848242100578549,0.570983533600356
0.36907399202481167,0.030128489144882586,0.03145768719539211,0.5693398316349136
0.36610320284697506,0.03158362989323844,0.03069395017793594,0.5716192170818505
0.3649602824360106,0.03133274492497794,0.029567519858781994,0.5741394527802295
0.36610320284697506,0.02891459074733096,0.027580071174377226,0.5774021352313167
0.36599552572706934,0.028187919463087248,0.02953020134228188,0.5762863534675615
0.36470058532192706,0.027465105808194508,0.028365601080594327,0.579468707789284
0.3721033868092692,0.027183600713012478,0.025846702317290554,0.5748663101604278
0.3702559576345984,0.025154457193292144,0.026037069726390114,0.5785525154457193
0.3714922048997773,0.027171492204899776,0.025835189309576838,0.5755011135857461
0.37020713970912295,0.025561921551344204,0.024239753195240195,0.5799911855442926
0.3669603524229075,0.025991189427312777,0.02378854625550661,0.5832599118942732
0.36379769299023956,0.024401064773735583,0.025732031943212066,0.5860692102928128
0.36626613262127283,0.024922118380062305,0.025367156208277702,0.5834445927903872
0.36241007194244607,0.02158273381294964,0.025179856115107913,0.5908273381294964
0.36323070058009815,0.023650156180276664,0.025881302989736725,0.5872378402498885
0.35479573712255774,0.02486678507992895,0.025310834813499113,0.5950266429840142
0.35362578334825423,0.023724261414503133,0.025067144136078783,0.5975828111011638
0.35736537605696483,0.022251891410769914,0.024477080551846907,0.5959056519804183
0.36128456735057984,0.021855486173059768,0.02408563782337199,0.5927743086529884
0.3645320197044335,0.021495745633676667,0.026421854008060904,0.5875503806538289
0.35851586946803754,0.0232454179704962,0.02682163611980331,0.591417076441663
0.3579697239536955,0.022707034728406055,0.02404274265360641,0.5952804986642921
0.36012433392539966,0.023090586145648313,0.023978685612788632,0.5928063943161634
0.3600537393640842,0.024630541871921183,0.02328705776981639,0.5920286609941783
0.3571745890715238,0.023989338071968014,0.02265659706796979,0.5961794757885385
0.3605832965090588,0.023862129916040652,0.023862129916040652,0.5916924436588599
0.3565410199556541,0.024390243902439025,0.025720620842572064,0.5933481152993348
0.35764809902740935,0.025198938992042442,0.02475685234305924,0.5923961096374889
0.3575892857142857,0.02544642857142857,0.025,0.5919642857142857
0.3522829006266786,0.024171888988361683,0.026410026857654433,0.5971351835273053
0.3546666666666667,0.024444444444444446,0.027555555555555555,0.5933333333333334
0.35190097259062775,0.027409372236958444,0.026083112290008842,0.594606542882405
0.3543859649122807,0.02675438596491228,0.028070175438596492,0.5907894736842105
0.35288888888888886,0.026222222222222223,0.029333333333333333,0.5915555555555555
0.3527580071174377,0.024466192170818506,0.029804270462633453,0.5929715302491103
0.35251798561151076,0.025179856115107913,0.03327338129496403,0.5890287769784173
0.34823424228877964,0.02637460885113992,0.03442109968708091,0.5909700491729996
0.3442768411712511,0.026175687666370896,0.03637976929902396,0.593167701863354
0.3363148479427549,0.027728085867620753,0.03443649373881932,0.601520572450805
0.34180035650623886,0.02540106951871658,0.036541889483065956,0.5962566844919787
0.3462222222222222,0.025333333333333333,0.036,0.5924444444444444
0.3427686864219372,0.025210084033613446,0.03803626713843432,0.5939849624060151
0.3453585569731632,0.027276726792784867,0.0365156181258249,0.590849098108227
0.3433761630482942,0.028356225077536552,0.03544528134692069,0.5928223305272485
0.3394290811775201,0.025869759143621766,0.03389830508474576,0.6008028545941124
0.34832962138084633,0.023162583518930958,0.031180400890868598,0.5973273942093541
0.3404255319148936,0.02399275690357628,0.028519692168401993,0.6070620190131281
0.34048257372654156,0.024128686327077747,0.026362823949955316,0.6090259159964254
0.3490990990990991,0.02252252252252252,0.027927927927927927,0.6004504504504504
0.35104028331119963,0.02390438247011952,0.0283311199645861,0.5967242142540947
0.35231316725978645,0.02224199288256228,0.026245551601423486,0.5991992882562278
0.3506083821541235,0.02298332582244254,0.027489860297431275,0.5989184317260027
0.349644128113879,0.02402135231316726,0.025800711743772242,0.6005338078291815
0.3528884908195253,0.025974025974025976,0.026869682042095836,0.5942678011643528
0.35106382978723405,0.024822695035460994,0.028368794326241134,0.5957446808510638
0.35499557913351015,0.022988505747126436,0.027409372236958444,0.594606542882405
0.3611728120835184,0.02087960906263883,0.023989338071968014,0.5939582407818748
0.36134453781512604,0.021229544449358692,0.023883237505528527,0.5935426802299867
0.366696191319752,0.022143489813994686,0.022586359610274578,0.5885739592559788
0.365376056964842,0.024922118380062305,0.02403204272363151,0.5856697819314641
0.35765124555160144,0.02491103202846975,0.023576512455516015,0.5938612099644128
0.35843240863055925,0.02553940995156319,0.022016732716864818,0.5940114487010127
0.3605321507760532,0.02483370288248337,0.023059866962305987,0.5915742793791574
0.35695067264573993,0.02600896860986547,0.02466367713004484,0.5923766816143498
0.3546511627906977,0.026833631484794274,0.024150268336314847,0.5943649373881932
0.3491282968261064,0.027268663388466695,0.024586499776486366,0.5990165400089406
0.34598214285714285,0.024107142857142858,0.024553571428571428,0.6053571428571428
0.34926958831341304,0.02213368747233289,0.027445772465692783,0.6011509517485613
0.34265423879272083,0.022636484687083888,0.027518863737239236,0.607190412782956
0.3357238906320036,0.02285970416853429,0.02734199910354101,0.6140744060959211
0.3374944271065537,0.020954079358002677,0.02719572001783326,0.6143557735176104
0.33229537366548045,0.023576512455516015,0.027135231316725978,0.6169928825622776
0.33259325044404975,0.023090586145648313,0.02708703374777975,0.6172291296625222
0.3276709879302637,0.0232454179704962,0.028609745194456863,0.6204738489047832
0.32765575974899147,0.02330793366203496,0.027790228597041687,0.6212460779919319
0.3251779359430605,0.023131672597864767,0.02491103202846975,0.626779359430605
0.3283119184758529,0.02525476295968099,0.024811696942844484,0.6216216216216216
0.32682926829268294,0.025277161862527715,0.02483370288248337,0.623059866962306
0.33111111111111113,0.025333333333333333,0.024888888888888887,0.6186666666666667
0.3314184710561202,0.02695536897923111,0.023862129916040652,0.617764030048608
0.32755555555555554,0.029777777777777778,0.02311111111111111,0.6195555555555555
0.3290120697362539,0.027268663388466695,0.021457308895842648,0.6222619579794367
0.33109919571045576,0.02770330652368186,0.022341376228775692,0.6188561215370867
0.33128024637043557,0.025956885173779146,0.02287725472943247,0.6198856137263529
0.3281527531083481,0.02664298401420959,0.023534635879218474,0.6216696269982238
0.3178363880196692,0.027268663388466695,0.023692445239159587,0.6312025033527046
0.3163716814159292,0.02654867256637168,0.023008849557522124,0.6340707964601769
0.31427304964539005,0.024822695035460994,0.022606382978723406,0.6382978723404256
0.3163220413550374,0.026396832380114386,0.02067751869775627,0.636603607567092
0.3181011535048802,0.023513753327417924,0.019077196095829637,0.6393078970718722
0.3256124721603563,0.023162583518930958,0.0200445434298441,0.6311804008908686
0.3209489704565801,0.023724261414503133,0.019247985675917637,0.6360787824529991
0.3203753351206434,0.023681858802502235,0.022341376228775692,0.6336014298480787
0.3178778421756576,0.024074899687917966,0.022737405260811413,0.635309852875613
0.31789568345323743,0.023381294964028777,0.01933453237410072,0.6393884892086331
0.3156723063223508,0.02226179875333927,0.018699910952804988,0.6433659839715049
0.31998219848687137,0.020026702269692925,0.020026702269692925,0.6399643969737427
0.3180400890868597,0.0200445434298441,0.021380846325167038,0.6405345211581291
0.31779849090102086,0.020417221482467822,0.024855747891699954,0.6369285397248113
0.3192341941228851,0.0213713268032057,0.02315227070347284,0.6362422083704363
0.3135062611806798,0.02191413237924866,0.022361359570661897,0.6422182468694096
0.32605790645879734,0.02182628062360802,0.023608017817371936,0.6285077951002227
0.3216845878136201,0.022401433691756272,0.0246415770609319,0.6312724014336918
0.3199115044247788,0.024778761061946902,0.025221238938053097,0.6300884955752213
0.323868677905945,0.025288376220053237,0.026175687666370896,0.6246672582076309
0.3241440640284571,0.026233881725211204,0.025344597598932858,0.6242774566473989
0.3228520814880425,0.02612931798051373,0.02612931798051373,0.62488928255093
0.32738626226583406,0.0231935771632471,0.02631578947368421,0.6231043710972346
0.3234513274336283,0.022123893805309734,0.026106194690265486,0.6283185840707964
0.32575757575757575,0.022281639928698752,0.026292335115864526,0.6256684491978609
0.3216374269005848,0.024291497975708502,0.026540710751237068,0.6275303643724697
0.32515611061552185,0.020517395182872437,0.024977698483496878,0.6293487957181089
0.316023080337328,0.0230803373280071,0.024411895250776743,0.6364846870838882
0.31339928057553956,0.022482014388489208,0.024280575539568347,0.6398381294964028
0.313943161634103,0.02264653641207815,0.023978685612788632,0.6394316163410302
0.30645879732739423,0.024944320712694878,0.023162583518930958,0.64543429844098
0.3046387154326494,0.028099910793933987,0.023639607493309546,0.643621766280107
0.3051305130513051,0.031053105310531053,0.023852385238523854,0.63996399639964
0.30196253345227475,0.028991971454058876,0.0231935771632471,0.6458519179304193
0.30071174377224197,0.027580071174377226,0.023576512455516015,0.6481316725978647
0.2974910394265233,0.028225806451612902,0.021057347670250897,0.6532258064516129
0.29764549089293646,0.028431808085295423,0.02132385606397157,0.6525988449577965
0.2963294538943599,0.02909579230080573,0.021933751119068933,0.6526410026857654
0.3025022341376229,0.0290437890974084,0.022788203753351208,0.6456657730116175
0.30044444444444446,0.029333333333333333,0.023555555555555555,0.6466666666666666
0.30134529147982064,0.03183856502242152,0.0242152466367713,0.6426008968609865
0.291331546023235,0.030831099195710455,0.024128686327077747,0.6537086684539768
0.2956677087985708,0.028584189370254576,0.022778025904421618,0.652970075926753
0.29118432769367764,0.030721282279608193,0.02404274265360641,0.6540516473731077
0.2907706093189964,0.03449820788530466,0.025089605734767026,0.649641577060932
0.2931420887494397,0.035410129986553115,0.025997310623038995,0.6454504706409682
0.29390840373499333,0.03334815473543797,0.026678523788350377,0.6460649177412183
0.29780564263322884,0.03358710255261979,0.026421854008060904,0.6421854008060904
0.3,0.03452914798206278,0.028251121076233184,0.637219730941704
0.30365093499554763,0.03294746215494212,0.02894033837934105,0.6344612644701692
0.3011135857461025,0.032516703786191536,0.031180400890868598,0.6351893095768374
0.30083811204234673,0.029554477282752536,0.026025584472871635,0.6435818262020291
0.3040035195776507,0.031236251649802024,0.025076990761108666,0.6396832380114387
0.30453944468929045,0.03349493168796827,0.0251211987659762,0.6368444248567651
0.3038649489115948,0.0346512661039538,0.024877832074633496,0.6366059529098178
0.30305755395683454,0.03642086330935252,0.025179856115107913,0.635341726618705
0.30266666666666664,0.03688888888888889,0.025333333333333333,0.6351111111111111
0.29619805481874445,0.03713527851458886,0.027409372236958444,0.6392572944297082
0.3018699910952805,0.0365093499554764,0.02626892252894034,0.6353517364203027
0.3053811659192825,0.03452914798206278,0.026457399103139014,0.6336322869955157
0.3026785714285714,0.033482142857142856,0.022767857142857142,0.6410714285714286
0.30136383633963926,0.032116146062472505,0.02375714914210295,0.6427628684557853
0.3013882669055083,0.032691446484549934,0.025078369905956112,0.6408419167039857
0.3022636484687084,0.033288948069241014,0.024855747891699954,0.6395916555703507
0.3043867502238138,0.02954341987466428,0.024619516562220233,0.6414503133393017
0.30300313760645453,0.027790228597041687,0.025549081129538322,0.6436575526669654
0.3038086802480071,0.027900797165633304,0.024800708591674048,0.6434898139946855
0.30877812086457873,0.0282311424790472,0.026025584472871635,0.6369651521835025
0.30833333333333335,0.02982456140350877,0.02412280701754386,0.637719298245614
0.302841918294849,0.02930728241563055,0.02575488454706927,0.6420959147424512
0.30727762803234504,0.027852650494159928,0.029649595687331536,0.6352201257861635
0.3023671281822242,0.027244305493523895,0.028584189370254576,0.6418043769539973
0.30022371364653244,0.02774049217002237,0.026845637583892617,0.6451901565995526
0.3025022341376229,0.02770330652368186,0.02546916890080429,0.644325290437891
0.3042505592841163,0.026398210290827742,0.025503355704697986,0.643847874720358
0.29959695476936854,0.025526197939991044,0.025526197939991044,0.6493506493506493
0.2944093778178539,0.02569882777276826,0.02750225428313796,0.6523895401262398
0.29411764705882354,0.023618538324420676,0.026737967914438502,0.6555258467023173
0.3002247191011236,0.023820224719101123,0.023820224719101123,0.6521348314606742
0.29230080572963296,0.023276633840644583,0.025067144136078783,0.6593554162936437
0.2936720142602496,0.024509803921568627,0.025846702317290554,0.6559714795008913
0.28703703703703703,0.02601410934744268,0.02513227513227513,0.6618165784832452
0.2881429816913688,0.023539668700959023,0.026155187445510025,0.6621621621621622
0.28793256433007985,0.025288376220053237,0.025288376220053237,0.6614906832298136
0.2925958965209634,0.02408563782337199,0.025423728813559324,0.6578947368421053
0.29445676274944566,0.0270509977827051,0.02483370288248337,0.6536585365853659
0.2921903052064632,0.027378815080789945,0.024685816876122084,0.6557450628366248
0.2973826714801444,0.02707581227436823,0.02572202166064982,0.6498194945848376
0.2949350067234424,0.025997310623038995,0.0210667861945316,0.658000896458987
0.2971403038427167,0.023681858802502235,0.021894548704200177,0.6572832886505808
0.2978628673196794,0.02315227070347284,0.02404274265360641,0.6549421193232413
0.2988403211418377,0.023639607493309546,0.024531668153434435,0.6529884032114184
0.2935656836461126,0.023681858802502235,0.02546916890080429,0.6572832886505808
0.2892857142857143,0.02544642857142857,0.02544642857142857,0.6598214285714286
0.2892266428252123,0.025033527045149755,0.027268663388466695,0.6584711667411712
0.2918358141632837,0.02480829950383401,0.02931889941362201,0.6540369869192603
0.2831029870708872,0.023629068212215783,0.03031654034774855,0.6629514043691485
0.2832292595896521,0.02408563782337199,0.03166815343443354,0.6610169491525424
0.28634751773049644,0.024822695035460994,0.031471631205673756,0.6573581560283688
0.2828193832599119,0.023348017621145373,0.029955947136563875,0.6638766519823789
0.28106904231625834,0.023162583518930958,0.029398663697104678,0.666369710467706
0.2862238074008025,0.024966562639322336,0.029870708872046365,0.6589389210878288
0.2868632707774799,0.024128686327077747,0.02770330652368186,0.6613047363717605
0.28488372093023256,0.024150268336314847,0.028622540250447227,0.6623434704830053
0.284326710816777,0.024724061810154525,0.029580573951434878,0.6613686534216335
