C,D,Oc,Od
0,0,0,0
0.0,1.0,0.0,0.0
0.0,1.0,0.0,0.0
0.0,0.7777777777777778,0.0,0.2222222222222222
0.10526315789473684,0.6842105263157895,0.0,0.21052631578947367
0.10714285714285714,0.6071428571428571,0.0,0.2857142857142857
0.18604651162790697,0.5581395348837209,0.0,0.2558139534883721
0.24615384615384617,0.5538461538461539,0.0,0.2
0.29473684210526313,0.5263157894736842,0.0,0.17894736842105263
0.25757575757575757,0.5151515151515151,0.0,0.22727272727272727
0.2887700534759358,0.45989304812834225,0.0106951871657754,0.24064171122994651
0.3204633204633205,0.4362934362934363,0.011583011583011582,0.23166023166023167
0.34545454545454546,0.3939393939393939,0.00909090909090909,0.2515151515151515
0.354916067146283,0.37170263788968827,0.014388489208633094,0.2589928057553957
0.358974358974359,0.368836291913215,0.013806706114398421,0.2583826429980276
0.3669421487603306,0.35206611570247937,0.013223140495867768,0.26776859504132233
0.38306451612903225,0.33198924731182794,0.01478494623655914,0.2701612903225806
0.37648456057007124,0.34085510688836107,0.019002375296912115,0.26365795724465557
0.3908523908523909,0.3264033264033264,0.017671517671517672,0.26507276507276506
0.38940520446096655,0.3299256505576208,0.017657992565055763,0.26301115241635686
0.3734542456718879,0.33553173948887055,0.02225886232481451,0.26875515251442705
0.37565347274085137,0.33756534727408516,0.021657953696788648,0.26512322628827484
0.37448559670781895,0.3347050754458162,0.02880658436213992,0.262002743484225
0.38363982244768546,0.3233988585922638,0.027901077996195307,0.26506024096385544
0.36763831052944673,0.330755502676978,0.0362879238548483,0.26531826293872696
0.37245179063360884,0.3245179063360882,0.03581267217630854,0.26721763085399447
0.3679790026246719,0.3312335958005249,0.03937007874015748,0.2614173228346457
0.3603238866396761,0.33299595141700405,0.04251012145748988,0.26417004048583
0.3511787819253438,0.32711198428290766,0.04764243614931238,0.27406679764243613
0.3423938960419647,0.32761087267525035,0.05245588936576061,0.27753934191702434
0.3330232558139535,0.33069767441860465,0.05488372093023256,0.2813953488372093
0.33027101515847496,0.3307303628847037,0.05512172714745062,0.2838768948093707
0.3211547135769057,0.33288227334235454,0.05728461885430762,0.2886783942264321
0.31983805668016196,0.3360323886639676,0.0553306342780027,0.28879892037786775
0.32655766681396375,0.32832523199292973,0.0547945205479452,0.2903225806451613
0.32293986636971045,0.33095768374164813,0.054788418708240534,0.2913140311804009
0.32212389380530976,0.3309734513274336,0.05752212389380531,0.28938053097345134
0.31836195508586523,0.32628797886393657,0.06296785557023338,0.29238221047996477
0.32402482269503546,0.3257978723404255,0.06205673758865248,0.28812056737588654
0.31724440544098287,0.32777534006143044,0.06669591926283458,0.2882843352347521
0.32051282051282054,0.3178603006189213,0.07338638373121131,0.28824049513704686
0.3170731707317073,0.32239467849223946,0.07317073170731707,0.28736141906873613
0.31886625332152346,0.3100088573959256,0.07528786536758193,0.295837023914969
0.3126921387790953,0.31796223100570925,0.07202459376372419,0.29732103645147123
0.31784305129329243,0.3125822007891276,0.07672073651907059,0.2928540113985094
0.3120629370629371,0.3116258741258741,0.07867132867132867,0.29763986013986016
0.310359964881475,0.3125548726953468,0.08252853380158033,0.29455662862159787
0.3142857142857143,0.30813186813186816,0.08263736263736264,0.29494505494505496
0.3153232949512843,0.3020372010628875,0.09034543844109831,0.29229406554472986
0.3142353459673865,0.3005729396209784,0.09078889378580873,0.29440282062582634
0.3142857142857143,0.3,0.09375,0.29196428571428573
0.31261022927689597,0.2980599647266314,0.08994708994708994,0.2993827160493827
0.31148262208534977,0.29916410030796303,0.08490981082270127,0.3044434667839859
0.3145869947275923,0.29393673110720564,0.08699472759226713,0.30448154657293497
0.32,0.290989010989011,0.0865934065934066,0.30241758241758243
0.3114537444933921,0.29691629955947135,0.08854625550660793,0.3030837004405286
0.31099430573806397,0.29916776171703896,0.09154621112571178,0.2982917214191853
0.29871851524524967,0.30181175430844015,0.08926204153778171,0.3102076889085285
0.3070831500219974,0.29476462824461064,0.09018917729872415,0.3079630444346678
0.3022847100175747,0.29833040421792617,0.0883128295254833,0.3110720562390158
0.30004380201489267,0.29391151992991676,0.09242225142356549,0.31362242663162504
0.3017279574656624,0.2919805050952592,0.08949933540097474,0.31679220203810365
0.3033905768383972,0.2866578599735799,0.09114927344782034,0.3188022897402025
0.30123674911660775,0.28224381625441697,0.09496466431095406,0.3215547703180212
0.30026338893766463,0.28753292361720806,0.09218612818261633,0.32001755926251096
0.3038309114927345,0.2870981946279172,0.08982826948480846,0.3192426243945399
0.29771328056288476,0.2854001759014952,0.09278803869832894,0.32409850483729113
0.29694323144104806,0.2816593886462882,0.09606986899563319,0.32532751091703055
0.29523389232127095,0.2828773168578994,0.09576345984112974,0.3261253309796999
0.2908853030963803,0.2804186655037069,0.09856083733100741,0.33013519406890535
0.28854625550660795,0.2806167400881057,0.09911894273127753,0.3317180616740088
0.28665496049165934,0.2901668129938543,0.10052677787532924,0.3226514486391572
0.28615249780893953,0.28790534618755476,0.09991235758106924,0.32602979842243646
0.28357551739321885,0.28753852928225454,0.10039630118890357,0.3284896521356231
0.28678745028722935,0.2814847547503314,0.10517012814847547,0.32655766681396375
0.2878587196467991,0.27947019867549666,0.10507726269315673,0.3275938189845475
0.2864698104892023,0.27633318642573823,0.10797708241516087,0.32921992066989864
0.28792569659442724,0.27465723131357805,0.10526315789473684,0.33215391419725787
0.2894273127753304,0.27312775330396477,0.10572687224669604,0.3317180616740088
0.2913558578323826,0.27073277753400615,0.10925844668714349,0.3286529179464677
0.28114035087719297,0.27149122807017545,0.11315789473684211,0.33421052631578946
0.2817531305903399,0.2737030411449016,0.11135957066189624,0.33318425760286224
0.28408091468777485,0.27132805628847845,0.11169744942832015,0.33289357959542654
0.28565121412803535,0.26887417218543047,0.11214128035320088,0.3333333333333333
0.2897651750110766,0.27470093043863536,0.1076650420912716,0.32786885245901637
0.2852158744003489,0.2703881378107283,0.11208024422154383,0.332315743567379
0.281413612565445,0.26919720767888305,0.11605584642233857,0.3333333333333333
0.2788966725043783,0.26970227670753066,0.11821366024518389,0.3331873905429072
0.2765301629238221,0.2769704975781594,0.11889035667107001,0.3276089828269485
0.28226887003126394,0.2733363108530594,0.1143367574810183,0.33005806163465834
0.2859013531209079,0.26887821911828896,0.116542994325622,0.32867743343518113
0.27695004382120947,0.26906222611744085,0.11831726555652936,0.33567046450482035
0.27569475077194533,0.26334362593736216,0.12262902514336127,0.3383325981473313
0.27767936226749335,0.2595217006200177,0.12223206377325066,0.34056687333923824
0.2765673632725656,0.2516674077367719,0.12761227212094264,0.34415295686971986
0.27288810260946483,0.25386996904024767,0.13312693498452013,0.34011499336576734
0.2753303964757709,0.24845814977973568,0.13480176211453745,0.34140969162995594
0.27616534740545295,0.24670184696569922,0.13324538258575197,0.3438874230430959
0.2738682205289108,0.2429403854773644,0.1376064545047064,0.34558493948901836
0.27184892402283706,0.2437417654808959,0.13526570048309178,0.34914361001317523
0.27093380096448927,0.23805348531345902,0.14028934677772906,0.35072336694432266
0.26448474126492705,0.23971693940734187,0.14374170720919946,0.3520566121185316
0.2703296703296703,0.24351648351648353,0.13538461538461538,0.3507692307692308
0.2726473175021988,0.24670184696569922,0.13720316622691292,0.3434476693051891
0.27116402116402116,0.2482363315696649,0.13756613756613756,0.3430335097001764
0.26748790145182577,0.25252969643642764,0.13594368675758908,0.3440387153541575
0.27437141596823994,0.24569916188795765,0.13542126157917952,0.34450816056462286
0.2782874617737003,0.24027959807776322,0.13717780690257755,0.3442551332459589
0.28046078865750995,0.24501550731058927,0.12893221089942403,0.3455914931324767
0.27665198237885463,0.24361233480176211,0.13259911894273127,0.347136563876652
0.27964601769911507,0.23716814159292035,0.13938053097345132,0.3438053097345133
0.2760141093474427,0.23985890652557318,0.140652557319224,0.34347442680776014
0.2789982425307557,0.23681898066783832,0.13927943760984182,0.34490333919156413
0.28431372549019607,0.23618538324420676,0.13992869875222816,0.339572192513369
0.28403141361256545,0.22949389179755672,0.13656195462478185,0.349912739965096
0.2824561403508772,0.23508771929824562,0.13421052631578947,0.3482456140350877
0.2794894366197183,0.23767605633802816,0.13380281690140844,0.34903169014084506
0.27709251101321586,0.23700440528634362,0.12951541850220263,0.3563876651982379
0.2794837561192701,0.2345349354695149,0.1330663106364041,0.35291499777481083
0.27876106194690264,0.2336283185840708,0.1331858407079646,0.35442477876106193
0.27841409691629954,0.23083700440528634,0.1356828193832599,0.35506607929515416
0.28091872791519434,0.2310070671378092,0.12941696113074205,0.3586572438162544
0.28164695575996496,0.22864651773981604,0.12833990363556724,0.36136662286465177
0.28615249780893953,0.2331288343558282,0.12883435582822086,0.35188431200701137
0.2868525896414343,0.22709163346613545,0.13368747233289066,0.3523683045595396
0.2874439461883408,0.22376681614349775,0.13228699551569506,0.35650224215246634
0.29071803852889666,0.22460595446584938,0.13441330998248688,0.3502626970227671
0.28962472406181017,0.2282560706401766,0.12847682119205298,0.3536423841059603
0.2800177226406735,0.22817899867080194,0.1333628710677891,0.3584404076207355
0.28244610646722396,0.225692916849978,0.13770347558293006,0.354157501099868
0.2851493848857645,0.22495606326889278,0.13400702987697716,0.35588752196836554
0.2760141093474427,0.2279541446208113,0.14109347442680775,0.3549382716049383
0.28471001757469244,0.2218804920913884,0.14411247803163443,0.3492970123022847
0.28565179352580927,0.2226596675415573,0.14566929133858267,0.3460192475940507
0.2819843342036554,0.23020017406440382,0.14490861618798956,0.3429068755439513
0.2820738137082601,0.22363796133567662,0.13971880492091387,0.3545694200351494
0.2852774137177807,0.21712538226299694,0.14242027086063783,0.35517693315858456
0.2713656387665198,0.21806167400881057,0.14273127753303966,0.36784140969163
0.270990670812972,0.2145713016437139,0.14660151043980454,0.36783651710350956
0.268788682581786,0.21175950486295314,0.14721485411140584,0.372236958443855
0.26938413823659724,0.21001329198050508,0.14621178555604786,0.3743907842268498
0.268783542039356,0.20706618962432916,0.14669051878354203,0.3774597495527728
0.2685388328214129,0.20403685827117157,0.1483106625713032,0.37911364633611233
0.262144420131291,0.2087527352297593,0.15229759299781181,0.3768052516411379
0.2730496453900709,0.20700354609929078,0.15159574468085107,0.3683510638297872
0.2663115845539281,0.2041722148246782,0.15224145583666224,0.37727474478473144
0.26327336551118913,0.20579201404124617,0.15225976305397104,0.3786748573935937
0.2643171806167401,0.20704845814977973,0.15286343612334802,0.37577092511013216
0.2649647887323944,0.2055457746478873,0.15360915492957747,0.37588028169014087
0.2683775554588952,0.20400173988690734,0.15745976511526752,0.37016093953893
0.2709705753184014,0.19806763285024154,0.15810276679841898,0.37285902503293805
0.27104451300132215,0.20141031291317762,0.16130453944468928,0.3662406346408109
0.256108202443281,0.20157068062827224,0.16797556719022688,0.3743455497382199
0.2636443661971831,0.19982394366197184,0.1624119718309859,0.37411971830985913
0.2677234698370762,0.19991193306913255,0.16556583003082342,0.3667987670629679
0.2681095406360424,0.20141342756183744,0.16784452296819788,0.3626325088339223
0.2736056214317084,0.19938515590689504,0.17479139218269654,0.35221783047870003
0.27003098716246127,0.19477644975652944,0.17662682602921648,0.35856573705179284
0.2763796909492274,0.1955849889624724,0.17218543046357615,0.3558498896247241
0.2839614373356705,0.1936897458369851,0.175284837861525,0.3470639789658195
0.2865934065934066,0.19692307692307692,0.16967032967032966,0.3468131868131868
0.28777923784494086,0.19754708716600963,0.17082785808147175,0.34384581690757776
0.2838964458095656,0.19964896884598507,0.17112768758227292,0.3453268977621764
0.2860927152317881,0.19823399558498897,0.176158940397351,0.33951434878587194
0.2905494505494505,0.1956043956043956,0.17362637362637362,0.3402197802197802
0.2914837576821773,0.19490781387181738,0.17383669885864794,0.33977172958735735
0.2916117698726394,0.1976284584980237,0.17039964866051824,0.3403601229688186
0.2877379371403276,0.2014165559982293,0.17264276228419656,0.3382027445772466
0.2868421052631579,0.2057017543859649,0.17105263157894737,0.3364035087719298
0.2839506172839506,0.2001763668430335,0.17548500881834214,0.3403880070546737
0.2789982425307557,0.1999121265377856,0.17442882249560632,0.3466608084358524
0.2784365393061045,0.19894598155467721,0.17786561264822134,0.3447518664909969
0.27380952380952384,0.20238095238095238,0.17857142857142858,0.34523809523809523
0.27465723131357805,0.1959310039805396,0.17868199911543564,0.3507297655904467
0.2795414462081129,0.1948853615520282,0.1781305114638448,0.3474426807760141
0.2850262697022767,0.18345008756567427,0.17513134851138354,0.3563922942206655
0.28113879003558717,0.18104982206405695,0.17749110320284697,0.3603202846975089
0.28565121412803535,0.17527593818984546,0.1770419426048565,0.3620309050772627
0.2857142857142857,0.18059299191374664,0.18059299191374664,0.353099730458221
0.2876712328767123,0.17852408307556342,0.1798497569597879,0.35395492708793636
0.291832229580574,0.1770419426048565,0.1739514348785872,0.35717439293598235
0.2845779938135219,0.17852408307556342,0.173663278833407,0.36323464427750773
0.29089301503094606,0.1768346595932803,0.1755083996463307,0.356763925729443
0.28590192644483364,0.1786339754816112,0.17994746059544658,0.3555166374781086
0.2966064345526664,0.17628911414720141,0.18025561921551345,0.34684883208461875
0.28401585204755614,0.17701453104359313,0.190224570673712,0.3487450462351387
0.2850877192982456,0.17850877192982456,0.1912280701754386,0.34517543859649125
0.28590366769774633,0.17852408307556342,0.19443216968625718,0.34114007954043307
0.28296943231441046,0.17685589519650655,0.19694323144104803,0.34323144104803494
0.2859626249456758,0.1751412429378531,0.1981747066492829,0.3407214254671882
0.2856516015796402,0.17332163229486616,0.19964896884598507,0.34137779727950857
0.28773168578993824,0.176963812886143,0.1915269196822595,0.34377758164165934
0.2853982300884956,0.18097345132743362,0.1915929203539823,0.3420353982300885
0.2869757174392936,0.18013245033112582,0.18896247240618103,0.34392935982339956
0.2818380743982494,0.17768052516411378,0.19299781181619255,0.3474835886214442
0.27714033539276256,0.17917034421888792,0.19814651368049427,0.34554280670785525
0.2840262582056893,0.17549234135667396,0.19562363238512034,0.3448577680525164
0.285140562248996,0.17001338688085676,0.20080321285140562,0.34404283801874164
0.2827433628318584,0.17345132743362832,0.2004424778761062,0.3433628318584071
0.27397868561278865,0.1700710479573712,0.20603907637655416,0.34991119005328597
0.2729693741677763,0.1673324456280515,0.20949844651575678,0.35019973368841545
0.2708516242317823,0.1672519754170325,0.21115013169446883,0.35074626865671643
0.26436781609195403,0.17152961980548187,0.21662245800176835,0.34748010610079577
0.265924276169265,0.1710467706013363,0.21247216035634744,0.35055679287305125
0.2669603524229075,0.17092511013215858,0.213215859030837,0.34889867841409694
0.27091633466135456,0.16821602478972997,0.2107127047366091,0.35015493581230633
0.27611940298507465,0.16988586479367868,0.21115013169446883,0.3428446005267779
0.27344782034346105,0.16996917657419638,0.2056362835755174,0.3509467195068252
0.2685308477585442,0.1744340878828229,0.20505992010652463,0.3519751442521083
0.27320954907161804,0.17064544650751548,0.20910698496905394,0.34703801945181256
0.28596802841918295,0.1691829484902309,0.20470692717584368,0.3401420959147424
0.28,0.17274725274725275,0.20923076923076922,0.33802197802197803
0.27667109340416113,0.16821602478972997,0.2098273572377158,0.3452855245683931
0.2728465238303454,0.16965456930476608,0.2133799737647573,0.3441189331001312
0.26906222611744085,0.17747589833479405,0.21647677475898336,0.33698510078878174
0.2688077430708315,0.17993840739111305,0.21733391992960846,0.33391992960844696
0.27651183172655563,0.17747589833479405,0.21647677475898336,0.32953549517966696
0.2757255936675462,0.17106420404573439,0.2198768689533861,0.3333333333333333
0.277119016249451,0.1717171717171717,0.21826965305226176,0.3328941589811155
0.27516483516483514,0.17450549450549452,0.21802197802197804,0.3323076923076923
0.26989010989010986,0.1753846153846154,0.21714285714285714,0.3375824175824176
0.2755281690140845,0.16681338028169015,0.21963028169014084,0.3380281690140845
0.2653421633554084,0.17350993377483442,0.22339955849889626,0.33774834437086093
0.2720816688859299,0.16822015090989792,0.22636484687083888,0.3333333333333333
0.2661965623622741,0.16615249008373734,0.23093873953283384,0.3367122080211547
0.2672527472527473,0.16791208791208792,0.22593406593406593,0.3389010989010989
0.2618629173989455,0.16739894551845344,0.22363796133567662,0.3471001757469244
0.26132864056313243,0.17421909370875496,0.22261328640563133,0.3418389793224813
0.2638580931263858,0.17560975609756097,0.2261640798226164,0.3343680709534368
0.2616696588868941,0.17818671454219032,0.22127468581687612,0.3388689407540395
0.2653965440850687,0.18210013291980506,0.2157731501993797,0.3367301727957466
0.2661113546690048,0.18062253397632616,0.21437965804471723,0.33888645330995176
0.2676056338028169,0.1800176056338028,0.21434859154929578,0.3380281690140845
0.268859649122807,0.17894736842105263,0.21842105263157896,0.3337719298245614
0.268624014022787,0.1761612620508326,0.21779141104294478,0.3374233128834356
0.2698763250883392,0.1793286219081272,0.2146643109540636,0.33613074204946997
0.26951591801133884,0.1757522895769734,0.21631051024858264,0.3384212821631051
0.26757469244288223,0.17530755711775045,0.2218804920913884,0.3352372583479789
0.2685308477585442,0.17221482467820684,0.21748779405237462,0.3417665335108744
0.265962131219727,0.17040951122853368,0.22413033905768384,0.3394980184940555
0.2656319290465632,0.17250554323725056,0.22394678492239467,0.33791574279379155
0.26555652936021035,0.17002629272567923,0.22304995617879053,0.3413672217353199
0.27244718309859156,0.16857394366197184,0.22359154929577466,0.335387323943662
0.2696530522617479,0.17215634606938954,0.2235397452788757,0.3346508563899868
0.27337173238812584,0.17146654851572884,0.21710234824988922,0.3380593708462561
0.2790286975717439,0.176158940397351,0.21324503311258278,0.3315673289183223
0.2754700480979449,0.17796239615216441,0.21163095758635767,0.334936598163533
0.2784365393061045,0.17215634606938954,0.21387790953008345,0.33552920509442247
0.2744924977934687,0.176522506619594,0.21270962047661077,0.33627537511032657
0.2815533980582524,0.17387466902030008,0.206090026478376,0.33848190644307147
0.28389084507042256,0.17209507042253522,0.20598591549295775,0.3380281690140845
0.2852143482064742,0.17060367454068243,0.20341207349081364,0.34076990376202976
0.2778264680105171,0.17879053461875546,0.19851007887817704,0.3448729184925504
0.2808340727595386,0.1756876663708962,0.20141969831410825,0.34205856255545697
0.28127734033245844,0.17497812773403323,0.20166229221347332,0.342082239720035
0.27692307692307694,0.17934065934065935,0.1986813186813187,0.34505494505494505
0.2772887323943662,0.17253521126760563,0.2011443661971831,0.34903169014084506
0.2798226164079823,0.17427937915742794,0.1951219512195122,0.3507760532150776
0.2796271637816245,0.17709720372836218,0.19440745672436752,0.3488681757656458
0.2791411042944785,0.1761612620508326,0.19412795793163892,0.35056967572305
0.2821739130434783,0.17782608695652175,0.18608695652173912,0.35391304347826086
0.2778264680105171,0.17747589833479405,0.18799298860648553,0.3567046450482033
0.2703056768558952,0.1812227074235808,0.19912663755458515,0.34934497816593885
0.27596830985915494,0.18309859154929578,0.19806338028169015,0.34286971830985913
0.2771929824561403,0.1881578947368421,0.19342105263157894,0.3412280701754386
0.2842661965623623,0.1868664609960335,0.1881886293521375,0.34067871308946673
0.28157894736842104,0.18640350877192982,0.19078947368421054,0.3412280701754386
0.27947019867549666,0.19072847682119207,0.1955849889624724,0.33421633554083885
0.27824545857332744,0.19273371732388125,0.2007089056269384,0.3283119184758529
0.2807017543859649,0.19166666666666668,0.19736842105263158,0.33026315789473687
0.2780960775672102,0.19303657999118554,0.1978845306302336,0.3309828118113706
0.2843956043956044,0.19516483516483515,0.1912087912087912,0.3292307692307692
0.28874172185430463,0.19381898454746138,0.19293598233995585,0.32450331125827814
0.28539724811362627,0.18863737239236572,0.19618286728806036,0.3297825122059476
0.2828193832599119,0.18634361233480176,0.19383259911894274,0.3370044052863436
0.2884359769605671,0.18165706690296854,0.19539211342490032,0.334514842711564
0.28096280087527353,0.18293216630196937,0.19474835886214442,0.3413566739606127
0.2848965213562307,0.18361955085865259,0.19418758256274768,0.337296345222369
0.27906976744186046,0.18867924528301888,0.19482229047827995,0.33742869679684073
0.26907630522088355,0.18697010263275324,0.19857206604194555,0.3453815261044177
0.2637707120465741,0.18405732198835648,0.20331392745185847,0.3488580385132109
0.26414273281114015,0.18102697998259357,0.20278503046127067,0.35204525674499565
0.26238938053097344,0.18539823008849557,0.20353982300884957,0.3486725663716814
0.269806338028169,0.1800176056338028,0.20466549295774647,0.3455105633802817
0.26542387927208166,0.1748779405237461,0.20683533067021748,0.35286284953395475
0.2666372851476421,0.17849272807404143,0.20273248126928162,0.35213750550903483
0.26519823788546254,0.1814977973568282,0.2066079295154185,0.34669603524229076
0.2639683238011439,0.18125824901011878,0.2023757149142103,0.35239771227452704
0.2677619893428064,0.17984014209591473,0.2069271758436945,0.34547069271758435
0.27025843188786686,0.18221638195356987,0.20105124835742444,0.34647393780113883
0.27121609798775154,0.1815398075240595,0.19903762029746283,0.34820647419072615
0.2753880266075388,0.18492239467849225,0.19866962305986696,0.341019955654102
0.2760600706713781,0.18153710247349825,0.19478798586572438,0.3476148409893993
0.27785175321793165,0.18553040390590325,0.19174434087882822,0.3448735019973369
0.27200353825740825,0.18443166740380362,0.19504643962848298,0.3485183547103052
0.2687361419068736,0.19379157427937915,0.19290465631929046,0.34456762749445674
0.269687637483502,0.18785745710514737,0.1979762428508579,0.34447866256049275
0.2667836770513383,0.19087318999561212,0.19745502413339183,0.34488810881965776
0.26306543697848045,0.19060166886253843,0.19543258673693456,0.35090030742204653
0.2606194690265487,0.1902654867256637,0.19646017699115045,0.3526548672566372
0.26498002663115844,0.18597425654682645,0.19973368841544606,0.349312028406569
0.2606034105815479,0.18408395277656317,0.20026235242675994,0.35505028421512896
0.2591943957968476,0.18957968476357268,0.19921190893169877,0.3520140105078809
0.25739514348785875,0.18719646799116998,0.1969094922737307,0.35849889624724063
0.25696594427244585,0.1901813356921716,0.1901813356921716,0.36267138434321095
0.25682819383259914,0.19427312775330396,0.1973568281938326,0.3515418502202643
0.2513134851138354,0.19220665499124343,0.20140105078809106,0.3550788091068301
0.25088495575221237,0.1902654867256637,0.19513274336283185,0.363716814159292
0.2457516339869281,0.1895424836601307,0.1934640522875817,0.3712418300653595
0.2533039647577093,0.19383259911894274,0.19383259911894274,0.3590308370044053
0.247791519434629,0.19302120141342757,0.19346289752650175,0.3657243816254417
0.24562937062937062,0.1958041958041958,0.19187062937062938,0.3666958041958042
0.2509821038847665,0.1907463989524225,0.19292885202968135,0.36534264513312964
0.2518681318681319,0.18813186813186814,0.19428571428571428,0.3657142857142857
0.24967032967032968,0.19428571428571428,0.1912087912087912,0.3648351648351648
0.2513181019332162,0.19507908611599298,0.19332161687170474,0.3602811950790861
0.2596830985915493,0.19278169014084506,0.19586267605633803,0.3516725352112676
0.2540035587188612,0.19973309608540926,0.1943950177935943,0.35186832740213525
0.25476295968099244,0.19760744350908285,0.19849357554275587,0.3491360212671688
0.2539612676056338,0.19190140845070422,0.20290492957746478,0.3512323943661972
0.25521526853084775,0.1939636040834443,0.20949844651575678,0.34132268086995116
0.2588809946714032,0.19271758436944939,0.2091474245115453,0.3392539964476021
0.2602197802197802,0.19032967032967033,0.20967032967032967,0.33978021978021977
0.26176858776946765,0.1922569291684998,0.20193576770787505,0.3440387153541575
0.2620202911336568,0.18967798853109838,0.2090868989854433,0.3392148213498015
0.26255506607929513,0.18722466960352424,0.20837004405286344,0.34185022026431716
0.26830337571240687,0.183691363437089,0.2117492327926348,0.33625602805786936
0.26605101143359716,0.18997361477572558,0.20580474934036938,0.3381706244503078
0.26499118165784835,0.1931216931216931,0.20767195767195767,0.3342151675485009
0.2633201232937032,0.19418758256274768,0.20871862615587847,0.3337736679876706
0.26474442988204455,0.19309742245522063,0.21100917431192662,0.33114897335080823
0.26663747810858146,0.19176882661996497,0.20577933450087565,0.3358143607705779
0.2652425456163774,0.19359145527369825,0.20471740097908322,0.3364485981308411
0.2630884293884734,0.1935767707875055,0.20105587329520458,0.34227892652881653
0.27176314626601855,0.18957136544410075,0.20238621299160406,0.3362792752982766
0.2706964520367937,0.18484450284713097,0.2076215505913272,0.33683749452474815
0.26974267968056787,0.18544809228039041,0.20319432120674358,0.3416149068322981
0.269806338028169,0.19102112676056338,0.20466549295774647,0.3345070422535211
0.2632042253521127,0.19014084507042253,0.20158450704225353,0.34507042253521125
0.258121940364931,0.19359145527369825,0.20293724966622162,0.3453493546951491
0.2560813799203892,0.1901813356921716,0.205218929677134,0.3485183547103052
0.2637604579480405,0.190224570673712,0.19947159841479525,0.3465433729634522
0.2604120999561596,0.1867601928978518,0.20254274441034634,0.35028496273564225
0.25519681556833257,0.18443166740380362,0.20389208314904908,0.3564794338788147
0.2533798517226341,0.18491059747056257,0.19886611426079373,0.3628434365460096
0.2542894852617686,0.17993840739111305,0.20413550373955125,0.3616366036075671
0.2525612472160356,0.17906458797327393,0.20623608017817371,0.3621380846325167
0.24811362627607633,0.18331114070128718,0.1979582778517532,0.3706169551708833
0.24513274336283186,0.181858407079646,0.2088495575221239,0.3641592920353982
0.24350506384852488,0.17921620431527963,0.2144429766622633,0.3628357551739322
0.2339489885664028,0.1882145998240985,0.21416007036059806,0.36367634124890064
0.23314235345967388,0.1886293521375055,0.2115469369766417,0.3666813574261789
0.23093873953283384,0.1877479065667695,0.2124283825473777,0.36888497135301895
0.23224400871459694,0.1869281045751634,0.2113289760348584,0.36949891067538126
0.23516579406631763,0.18717277486910994,0.2107329842931937,0.3669284467713787
0.23462712603576102,0.19188835586567815,0.21151330135194069,0.36197121674662014
0.23148558758314855,0.19068736141906872,0.2146341463414634,0.3631929046563193
0.23137598597721298,0.1827344434706398,0.21735319894829097,0.36853637160385627
0.22286220646876384,0.18653079308817014,0.21976074435090828,0.3708462560921577
0.22096563723357981,0.1839930404523706,0.21879077859939103,0.37625054371465855
0.21674008810572687,0.18370044052863435,0.21806167400881057,0.3814977973568282
0.21771378708551484,0.18324607329842932,0.22207678883071552,0.3769633507853403
0.22069880583812473,0.18133569217160547,0.22158337019018134,0.37638213180008845
0.22701275846898372,0.17465904091509019,0.21821381434227893,0.3801143862736472
0.22848405417212755,0.182175622542595,0.21537789427697684,0.37396242900830057
0.2317822651448639,0.18217734855136083,0.21115013169446883,0.3748902546093064
0.23423817863397547,0.18651488616462347,0.21103327495621715,0.36821366024518387
0.2306689834926151,0.19200695047784536,0.20677671589921806,0.3705473501303215
0.2240174672489083,0.1930131004366812,0.2039301310043668,0.37903930131004365
0.22684980062029242,0.18741692512184316,0.21355782011519717,0.3721754541426673
0.2286343612334802,0.186784140969163,0.20748898678414096,0.37709251101321584
0.22737306843267108,0.18101545253863136,0.20706401766004415,0.3845474613686534
0.23080337328007103,0.17709720372836218,0.2072791833111407,0.3848202396804261
0.22699386503067484,0.1801051709027169,0.20639789658194566,0.38650306748466257
0.22815533980582525,0.17917034421888792,0.21094439541041482,0.38172992056487204
0.22586359610274578,0.18069087688219662,0.21346324180690876,0.3799822852081488
0.23377777777777778,0.1768888888888889,0.20977777777777779,0.37955555555555553
0.233099209833187,0.17822651448639157,0.20719929762949957,0.38147497805092184
0.23620309050772628,0.17792494481236204,0.20794701986754968,0.37792494481236205
0.23644444444444446,0.1751111111111111,0.20755555555555555,0.3808888888888889
0.2411032028469751,0.17615658362989323,0.20462633451957296,0.3781138790035587
0.2463768115942029,0.16996047430830039,0.20333772507685552,0.3803249890206412
0.24811696942844483,0.17190961453256534,0.2051395657953035,0.3748338502436863
0.25066079295154187,0.17400881057268722,0.1986784140969163,0.3766519823788546
0.25573192239858905,0.17239858906525574,0.20149911816578484,0.37037037037037035
0.2583774250440917,0.1715167548500882,0.19753086419753085,0.37257495590828926
0.2563989408649603,0.17166813768755515,0.1977052074139453,0.37422771403353927
0.25673884224480775,0.17454706142288998,0.19708351745470615,0.3716305788775961
0.25365853658536586,0.16940133037694013,0.1942350332594235,0.3827050997782705
0.2516585581601061,0.17647058823529413,0.19504643962848298,0.37682441397611677
0.250996015936255,0.17751217352810977,0.1952191235059761,0.37627268702965916
0.25199645075421473,0.17701863354037267,0.1974267968056788,0.3735581188997338
0.2534398579671549,0.17221482467820684,0.19751442521083,0.37683089214380827
0.2537577365163572,0.16976127320954906,0.1971706454465075,0.3793103448275862
0.26299422478898266,0.1679253665037761,0.18702798756108396,0.3820524211461573
0.26287744227353466,0.1700710479573712,0.19182948490230906,0.3752220248667851
0.261558784676354,0.1668868339938353,0.19594892118009688,0.3756054601497138
0.2612533097969991,0.1624007060900265,0.20079435127978817,0.3755516328331862
0.25995623632385123,0.16105032822757112,0.20043763676148796,0.3785557986870897
0.2603160667251975,0.16066725197541704,0.1971027216856892,0.38191395961369623
0.2615182097411145,0.15796401930671347,0.19657744624835455,0.38394032470381745
0.26582278481012656,0.1623745089480576,0.19947621126145787,0.3723264949803579
0.270990670812972,0.1581519324744558,0.19991115059973344,0.3709462461128387
0.2728081886960392,0.15309301290609703,0.19759679572763686,0.376502002670227
0.27420774647887325,0.1522887323943662,0.19630281690140844,0.3772007042253521
0.2678100263852243,0.1547933157431838,0.1996481970096746,0.3777484608619173
0.26808699511762096,0.15623612960497116,0.20150909897913893,0.374167776298269
0.2648342059336824,0.16099476439790575,0.20026178010471204,0.3739092495636998
0.2608888888888889,0.16444444444444445,0.20355555555555555,0.3711111111111111
0.2655064703257474,0.1610887996430165,0.19767960731816153,0.3757251227130745
0.26176858776946765,0.16190057193136823,0.194456665200176,0.38187417509898813
0.264783759929391,0.1641659311562224,0.19638128861429832,0.37466902030008825
0.25809273840769903,0.16404199475065617,0.20122484689413822,0.3766404199475066
0.26017699115044246,0.16194690265486725,0.20088495575221238,0.3769911504424779
0.26666666666666666,0.16228070175438597,0.19780701754385965,0.3732456140350877
0.2711267605633803,0.16593309859154928,0.1993838028169014,0.363556338028169
0.2677619893428064,0.16873889875666073,0.1989342806394316,0.36456483126110123
0.2645641699518178,0.17564607971966711,0.19404292597459483,0.3657468243539203
0.2655491839435377,0.17820908689898543,0.19364799294221438,0.3625937362152625
0.2646288209606987,0.17641921397379912,0.1943231441048035,0.3646288209606987
0.2663448881088197,0.177270732777534,0.1917507678806494,0.3646336112329969
0.2651080723423026,0.17423908248786943,0.19761799735333038,0.3630348478164976
0.2644736842105263,0.175,0.20175438596491227,0.3587719298245614
0.26948480845442535,0.17349185380889476,0.19903126376045796,0.3579920739762219
0.26842105263157895,0.1706140350877193,0.2,0.36096491228070177
0.2579505300353357,0.18065371024734983,0.20273851590106007,0.3586572438162544
0.2539612676056338,0.1800176056338028,0.1993838028169014,0.366637323943662
0.2546093064091308,0.18964003511852504,0.19534679543459174,0.3604038630377524
0.25542275343072157,0.19256308100929614,0.19477644975652944,0.35723771580345287
0.2513464991023339,0.18985637342908437,0.19838420107719928,0.3604129263913824
0.260507880910683,0.18957968476357268,0.18914185639229422,0.3607705779334501
0.2615791795324217,0.18967798853109838,0.19364799294221438,0.3550948389942655
0.26561125769569044,0.19085312225153914,0.18997361477572558,0.35356200527704484
0.27104451300132215,0.19083296606434552,0.19127368884971352,0.34684883208461875
0.2732506643046944,0.1886625332152347,0.1899911426040744,0.34809565987599644
0.27200353825740825,0.18222025652366208,0.19239274657231314,0.3533834586466165
0.27699736611062337,0.17734855136084285,0.19446883230904302,0.35118525021949076
0.27587719298245617,0.17763157894736842,0.19649122807017544,0.35
0.2850155624722099,0.1742996887505558,0.19297465540240108,0.3477100933748333
0.29056437389770723,0.17195767195767195,0.18871252204585537,0.3487654320987654
0.28089395267309375,0.1730937773882559,0.19456617002629273,0.3514460999123576
0.2777047744196233,0.17170389837932545,0.19448094612352168,0.35611038107752957
0.27436347673397715,0.17120280948200176,0.1935908691834943,0.3608428446005268
0.27785175321793165,0.17221482467820684,0.18508655126498003,0.3648468708388815
0.2737210319195453,0.17708788806296458,0.18670747704416266,0.3624836029733275
0.28156621205455346,0.17553893532776066,0.18389793224813022,0.35899692036955566
0.272207563764292,0.18073878627968337,0.18733509234828497,0.3597185576077397
0.2712765957446808,0.18173758865248227,0.18838652482269502,0.35859929078014185
0.2754517408550022,0.18334067871308946,0.1886293521375055,0.35257822829440283
0.2791005291005291,0.18209876543209877,0.18430335097001763,0.3544973544973545
0.2795031055900621,0.18278615794143743,0.18855368234250222,0.34915705412599823
0.27324561403508774,0.18289473684210528,0.1881578947368421,0.3557017543859649
0.27080581241743723,0.18758256274768825,0.19110523998238663,0.3505063848524879
0.26734423331860363,0.18692001767565178,0.19973486522315512,0.3460008837825895
0.27276746242263483,0.1852343059239611,0.19363395225464192,0.34836427939876213
0.2693156732891832,0.1836644591611479,0.18852097130242826,0.35849889624724063
0.27236492471213464,0.18113374667847654,0.1904340124003543,0.35606731620903453
0.27244444444444443,0.18666666666666668,0.18755555555555556,0.35333333333333333
0.27244718309859156,0.1835387323943662,0.1954225352112676,0.3485915492957746
0.2647058823529412,0.18315508021390375,0.19964349376114082,0.35249554367201424
0.26090750436300175,0.1880453752181501,0.19633507853403143,0.35471204188481675
0.26514486391571557,0.19095697980684812,0.19534679543459174,0.3485513608428446
0.2590335219851981,0.19503700478885502,0.195907705703091,0.3500217675228559
0.2606219886114761,0.18878668418747263,0.19973718791064388,0.3508541392904074
0.25925925925925924,0.1931216931216931,0.19929453262786595,0.34832451499118167
0.25865848312143797,0.19070583077597544,0.20473476545374836,0.3459009206488382
0.25749559082892415,0.19576719576719576,0.1966490299823633,0.35008818342151676
0.2602558447287164,0.19232465813850905,0.19276576973974416,0.3546537273930304
0.26327532351628735,0.1923248549754574,0.19053993752788934,0.3538598839803659
0.2664041994750656,0.18416447944007,0.1968503937007874,0.352580927384077
0.2591436217662801,0.18421052631578946,0.19669937555753791,0.3599464763603925
0.26119402985074625,0.18920105355575065,0.1922739244951712,0.35733099209833186
0.2652881654201496,0.1891772987241531,0.18653761548614167,0.35899692036955566
0.2669305189094107,0.18865435356200527,0.18909410729991205,0.35532102022867196
0.2691292875989446,0.1882145998240985,0.18601583113456466,0.35664028144239224
0.2692307692307692,0.1878868258178603,0.1856763925729443,0.3572060123784262
0.2571680635200706,0.18703131892368768,0.1905602117335686,0.36524040582267314
0.2634573304157549,0.19168490153172865,0.187746170678337,0.3571115973741794
0.2566021126760563,0.1949823943661972,0.18309859154929578,0.3653169014084507
0.261443661971831,0.19718309859154928,0.17693661971830985,0.3644366197183099
0.2540874944763588,0.19708351745470615,0.1802916482545294,0.3685373398144057
0.25630810092961487,0.19964586100044268,0.1814962372731297,0.36254980079681276
0.2625381596162233,0.2006105538595726,0.17400784997819452,0.3628434365460096
0.2633889376646181,0.20105355575065847,0.17383669885864794,0.3617208077260755
0.265666372462489,0.20255957634598412,0.16902030008826124,0.3627537511032657
0.26262626262626265,0.20641194554238032,0.16996047430830039,0.36100131752305664
0.2571174377224199,0.20596085409252668,0.16903914590747332,0.3678825622775801
0.2579787234042553,0.1999113475177305,0.1697695035460993,0.3723404255319149
0.2577544779379642,0.19702927042376583,0.1690694626474443,0.3761467889908257
0.25440917107583777,0.19797178130511464,0.1675485008818342,0.3800705467372134
0.24922805469783854,0.20026466696074108,0.17203352448169387,0.37847375385972654
0.25813544415127526,0.19744942832014073,0.17282321899736147,0.37159190853122254
0.2571053782247486,0.1945780498469611,0.17883690424136423,0.3694796676869261
0.26271561256081377,0.19725785050862452,0.1760283060592658,0.3639982308712959
0.26033421284080915,0.19261213720316622,0.17810026385224276,0.36895338610378187
0.26830337571240687,0.19158263919333626,0.17492327926348092,0.36519070583077595
0.26651785714285714,0.19375,0.1732142857142857,0.3665178571428571
0.2687361419068736,0.1951219512195122,0.17117516629711751,0.3649667405764967
0.2680457746478873,0.19278169014084506,0.17781690140845072,0.3613556338028169
0.2680278019113814,0.1989574283231972,0.1672458731537793,0.365768896611642
0.26938413823659724,0.1993797075764289,0.16792202038103676,0.3633141338059371
0.27385159010600707,0.19478798586572438,0.16386925795053003,0.3674911660777385
0.27023498694516973,0.19625761531766753,0.1649260226283725,0.36858137510879024
0.2721297107800175,0.19631901840490798,0.16608238387379493,0.3654688869412796
0.2764835164835165,0.189010989010989,0.1635164835164835,0.370989010989011
0.2791005291005291,0.1865079365079365,0.16358024691358025,0.37081128747795417
0.27644444444444444,0.184,0.16577777777777777,0.37377777777777776
0.28029969149405026,0.1855442926399295,0.1630674305861613,0.371088585279859
0.28157894736842104,0.181140350877193,0.16271929824561404,0.37456140350877193
0.2906057945566286,0.17822651448639157,0.1646180860403863,0.3665496049165935
0.2926287744227353,0.17939609236234458,0.16740674955595028,0.3605683836589698
0.29736842105263156,0.1793859649122807,0.16447368421052633,0.3587719298245614
0.2982532751091703,0.17292576419213973,0.16244541484716157,0.3663755458515284
0.29569420035149385,0.17135325131810195,0.1634446397188049,0.3695079086115993
0.29817534490431685,0.17356475300400534,0.16866933689363595,0.35959056519804183
0.3045774647887324,0.1681338028169014,0.1637323943661972,0.363556338028169
0.30603258476442097,0.16204315279612505,0.16336415675913693,0.36856010568031705
