C,D,Oc,Od
0.0,0.0,1.0,0.0
0.0,0.5,0.5,0.0
0.0,0.3333333333333333,0.3333333333333333,0.3333333333333333
0.25,0.25,0.5,0.0
0.2,0.2,0.6,0.0
0.14285714285714285,0.42857142857142855,0.42857142857142855,0.0
0.1,0.4,0.5,0.0
0.18181818181818182,0.36363636363636365,0.36363636363636365,0.09090909090909091
0.25,0.25,0.25,0.25
0.2857142857142857,0.2857142857142857,0.21428571428571427,0.21428571428571427
0.3333333333333333,0.26666666666666666,0.2,0.2
0.35,0.2,0.15,0.3
0.48148148148148145,0.14814814814814814,0.07407407407407407,0.2962962962962963
0.5454545454545454,0.12121212121212122,0.06060606060606061,0.2727272727272727
0.625,0.1,0.075,0.2
0.6153846153846154,0.09615384615384616,0.057692307692307696,0.23076923076923078
0.6779661016949152,0.03389830508474576,0.06779661016949153,0.22033898305084745
0.704225352112676,0.028169014084507043,0.056338028169014086,0.2112676056338028
0.6704545454545454,0.03409090909090909,0.045454545454545456,0.25
0.6666666666666666,0.027777777777777776,0.037037037037037035,0.26851851851851855
0.6692913385826772,0.03937007874015748,0.023622047244094488,0.2677165354330709
0.6357615894039735,0.033112582781456956,0.026490066225165563,0.304635761589404
0.6137566137566137,0.031746031746031744,0.031746031746031744,0.32275132275132273
0.6333333333333333,0.023809523809523808,0.023809523809523808,0.319047619047619
0.652542372881356,0.029661016949152543,0.025423728813559324,0.2923728813559322
0.6459854014598541,0.01824817518248175,0.025547445255474453,0.3102189781021898
0.6266233766233766,0.01948051948051948,0.025974025974025976,0.32792207792207795
0.6293103448275862,0.020114942528735632,0.022988505747126436,0.3275862068965517
0.6259541984732825,0.022900763358778626,0.020356234096692113,0.33078880407124683
0.6312217194570136,0.02262443438914027,0.020361990950226245,0.3257918552036199
0.6329896907216495,0.020618556701030927,0.01443298969072165,0.3319587628865979
0.6448598130841121,0.018691588785046728,0.014953271028037384,0.32149532710280376
0.6241496598639455,0.015306122448979591,0.015306122448979591,0.34523809523809523
0.6325301204819277,0.018072289156626505,0.009036144578313253,0.34036144578313254
0.6385869565217391,0.021739130434782608,0.012228260869565218,0.327445652173913
0.641318124207858,0.020278833967046894,0.011406844106463879,0.3269961977186312
0.6298472385428907,0.021151586368977675,0.009400705052878966,0.3396004700352526
0.6437908496732027,0.020697167755991286,0.008714596949891068,0.32679738562091504
0.6384928716904277,0.02240325865580448,0.013238289205702648,0.3258655804480652
0.6412639405204461,0.02137546468401487,0.015799256505576207,0.3215613382899628
0.6440972222222222,0.0234375,0.017361111111111112,0.3151041666666667
0.6597510373443983,0.01991701244813278,0.01991701244813278,0.3004149377593361
0.6521394611727417,0.018225039619651346,0.021394611727416798,0.3082408874801902
0.6557998483699773,0.017437452615617893,0.02122820318423048,0.3055344958301744
0.6521116678596993,0.015032211882605583,0.023622047244094488,0.30923407301360056
0.6625,0.017361111111111112,0.02361111111111111,0.2965277777777778
0.6569920844327177,0.018469656992084433,0.022427440633245383,0.3021108179419525
0.6670934699103713,0.01792573623559539,0.019206145966709345,0.29577464788732394
0.6630103595368677,0.018890920170627667,0.018281535648994516,0.29981718464351004
0.6625514403292181,0.021164021164021163,0.0188124632569077,0.29747207524985303
0.6524741081703107,0.025891829689298044,0.023590333716915997,0.29804372842347526
0.6508841985168283,0.023958927552766685,0.026240730176839703,0.29891614375356534
0.6453392167677882,0.02592388306674021,0.027578599007170437,0.30115830115830117
0.6555615260612574,0.02418054809242343,0.029016657710908115,0.29124126813541107
0.6555148980658652,0.026659696811291166,0.030841610036591742,0.28698379508625194
0.6637843336724313,0.02695829094608342,0.028484231943031537,0.2807731434384537
0.6651696606786427,0.02944111776447106,0.029940119760479042,0.2754491017964072
0.6623376623376623,0.028471528471528472,0.03196803196803197,0.2772227772227772
0.6642651296829971,0.029298751200768493,0.02881844380403458,0.27761767531219983
0.6584557081951682,0.030791094268119375,0.02984367598294647,0.280909521553766
0.658570761326483,0.031293787949556284,0.02849135917795423,0.28164409154600656
0.6637534498620056,0.03219871205151794,0.029898804047838085,0.27414903403863844
0.6536363636363637,0.03590909090909091,0.03090909090909091,0.27954545454545454
0.6480396575033799,0.0337990085624155,0.03334835511491663,0.28481297881928797
0.6591625393966681,0.031067086897793788,0.03286807744259343,0.2769022962629446
0.6591312056737588,0.031914893617021274,0.03280141843971631,0.27615248226950356
0.6557522123893805,0.032300884955752215,0.034513274336283185,0.2774336283185841
0.6555851063829787,0.031471631205673756,0.03679078014184397,0.27615248226950356
0.6500441306266549,0.03309796999117388,0.03662842012356576,0.2802294792586055
0.6449468085106383,0.034574468085106384,0.038120567375886524,0.2823581560283688
0.6457873842082047,0.030877812086457873,0.04190560211733568,0.2814292015880018
0.6424457244129376,0.03322995126273815,0.042977403633141335,0.281346920691183
0.6387527839643653,0.03296213808463252,0.04142538975501114,0.2868596881959911
0.6347011596788582,0.03612845673505798,0.038804638715432646,0.2903657448706512
0.6328609388839681,0.03675819309123118,0.038529672276350756,0.29185119574845
0.6266607617360496,0.038529672276350756,0.03897254207263064,0.295837023914969
0.6371364653243848,0.03713646532438479,0.03534675615212528,0.2903803131991051
0.6429518338488732,0.0344675209898365,0.03667697746354397,0.28590366769774633
0.6360787824529991,0.03670546105640107,0.03804834377797672,0.2891674127126231
0.6322609472743521,0.03753351206434316,0.03708668453976765,0.2931188561215371
0.6293333333333333,0.03688888888888889,0.03777777777777778,0.296
0.6285457001350743,0.03782080144079244,0.038271049076992344,0.29536244934714095
0.6258381761287438,0.03844434510505141,0.039785426911041574,0.2959320518551632
0.6176078257003113,0.0377945753668297,0.039573143619386394,0.30502445531347266
0.6158999553372041,0.041536400178651185,0.03930326038410004,0.3032603841000447
0.6128170894526035,0.044058744993324434,0.03960836671117045,0.30351579884290164
0.6101019051838724,0.044306601683650866,0.0407620735489588,0.30482941958351795
0.6087539079946405,0.04421616793211255,0.04242965609647164,0.30460026797677536
0.616,0.042666666666666665,0.03955555555555555,0.30177777777777776
0.6129317980513729,0.043401240035429584,0.04162976085031001,0.3020372010628875
0.6083112290008842,0.04553492484526967,0.040671971706454466,0.30548187444739167
0.6029281277728483,0.04259094942324756,0.041259982253771074,0.3132209405501331
0.5947625388371061,0.04349755881047492,0.044829116733244564,0.3169107856191744
0.599911777679753,0.04146449051610057,0.043228936921041024,0.3153947948831054
0.5976909413854352,0.04218472468916518,0.043072824156305506,0.31705150976909413
0.6018641810918774,0.03861517976031957,0.041278295605858856,0.3182423435419441
0.5971351835273053,0.03760071620411817,0.04297224709042077,0.3222918531781558
0.5957352287872056,0.0368725011106175,0.0444247001332741,0.3229675699689027
0.5915178571428571,0.033035714285714286,0.045089285714285714,0.33035714285714285
0.5921985815602837,0.031914893617021274,0.04654255319148936,0.32934397163120566
0.5810031069684864,0.03417665335108744,0.04837993786063027,0.33644030181979584
0.5894505494505494,0.035164835164835165,0.04967032967032967,0.32571428571428573
0.5970614425645592,0.033392698130008905,0.04674977738201247,0.3227960819234194
0.5942290351668169,0.031559963931469794,0.05004508566275924,0.324165915238954
0.5967669510552313,0.03322855859901212,0.05163897620116749,0.31836551414458913
0.5955654101995566,0.031042128603104215,0.050997782705099776,0.32239467849223946
0.5954265611257695,0.029463500439753737,0.051011433597185574,0.32409850483729113
0.5914121292607348,0.03010181496237273,0.05046480743691899,0.3280212483399734
0.5935426802299867,0.03449800973020787,0.05174701459531181,0.3202122954444936
0.5853982300884956,0.034070796460176994,0.05221238938053097,0.32831858407079645
0.5763392857142857,0.03616071428571429,0.05357142857142857,0.3339285714285714
0.5724412937527692,0.03987594151528578,0.05494018608772707,0.33274257864421797
0.5705384957721407,0.040943480195816645,0.0520694259012016,0.3364485981308411
0.571236559139785,0.04032258064516129,0.0528673835125448,0.335573476702509
0.57543391188251,0.040498442367601244,0.05518469069870939,0.32888295505117937
0.5624442462087422,0.039250669045495096,0.056645851917930416,0.3416592328278323
0.5708538220831471,0.03755029056772463,0.053196244970943225,0.3383996423781851
0.5700267618198037,0.03746654772524532,0.05084745762711865,0.3416592328278323
0.5782434239857334,0.038341506910387874,0.04814979937583593,0.3352652697280428
0.5697674418604651,0.03801431127012522,0.04740608228980322,0.34481216457960645
0.5658602150537635,0.039874551971326166,0.044802867383512544,0.34946236559139787
0.5705329153605015,0.03896103896103896,0.04433497536945813,0.34617107030900135
0.5636687444345503,0.03873552983081033,0.04452359750667854,0.3530721282279608
0.5699208443271768,0.0426561125769569,0.0395778364116095,0.34784520668425684
0.5624442462087422,0.04460303300624442,0.038804638715432646,0.3541480820695807
0.5688888888888889,0.044444444444444446,0.037333333333333336,0.34933333333333333
0.562807331247206,0.04336164506034868,0.037103263299061245,0.356727760393384
0.5600886917960088,0.04390243902439024,0.03902439024390244,0.35698447893569846
0.562807331247206,0.04425569959767546,0.03933839964237819,0.35359856951274027
0.5585344057193923,0.0451295799821269,0.039767649687220734,0.35656836461126007
0.5526083112290009,0.046419098143236075,0.042440318302387266,0.35853227232537577
0.5564872021182701,0.04501323918799647,0.04324801412180053,0.3552515445719329
0.5536823425022183,0.04392191659272405,0.04392191659272405,0.35847382431233366
0.5505366726296959,0.04561717352415027,0.04516994633273703,0.35867620751341683
0.5364001786511836,0.0482358195623046,0.04510942384993301,0.37025457793657884
0.5351423487544484,0.04893238434163701,0.045373665480427046,0.37055160142348753
0.5316231755860239,0.04732419283502875,0.043343653250773995,0.37770897832817335
0.5364653243847874,0.04563758389261745,0.046085011185682326,0.3718120805369127
0.5322079075966237,0.04620168813860506,0.0444247001332741,0.37716570413149714
0.5368797496647295,0.048278945015645953,0.0464908359409924,0.3683504693786321
0.5381205673758865,0.04920212765957447,0.04565602836879433,0.3670212765957447
0.5404330534688466,0.0481661511268228,0.04418912947414936,0.3672116659301812
0.5421792618629174,0.04657293497363796,0.04305799648506151,0.36818980667838314
0.5407801418439716,0.04565602836879433,0.041223404255319146,0.3723404255319149
0.5344291426032874,0.047534429142603286,0.0422034651266104,0.37583296312749886
0.5399103139013453,0.04932735426008968,0.03856502242152467,0.3721973094170404
0.5322153574580759,0.04810238305383936,0.038834951456310676,0.3808473080317741
0.5364001786511836,0.04510942384993301,0.037516748548459135,0.3809736489504243
0.5315275310834814,0.046181172291296625,0.038632326820603906,0.3836589698046181
0.5332745702952842,0.04451300132216836,0.0370207139709123,0.3851917144116351
0.5302897278314311,0.043898156277436345,0.03467954345917471,0.39113257243195787
0.5276046304541407,0.043187889581478185,0.0365093499554764,0.39269813000890474
0.5291759465478841,0.044097995545657014,0.03518930957683741,0.3915367483296214
0.5259911894273128,0.04229074889867841,0.03524229074889868,0.3964757709251101
0.5260089686098655,0.04394618834080718,0.033632286995515695,0.39641255605381165
0.525560538116592,0.04080717488789238,0.03497757847533632,0.39865470852017937
0.5305122494432071,0.04053452115812917,0.032071269487750555,0.39688195991091313
0.5225265017667845,0.04240282685512368,0.03312720848056537,0.4019434628975265
0.5239786856127886,0.043072824156305506,0.03330373001776199,0.3996447602131439
0.5214477211796247,0.04066130473637176,0.03485254691689008,0.40303842716711347
0.525243578387954,0.04118689105403012,0.03631532329495128,0.39725420726306465
0.521875,0.039285714285714285,0.038839285714285715,0.4
0.5162728488631297,0.04235399019170753,0.03878733838609006,0.40258582255907266
0.509847806624888,0.047000895255147716,0.03894359892569382,0.40420769919427035
0.5057573073516386,0.04738706820194863,0.03720106288751107,0.4096545615589017
0.510752688172043,0.044802867383512544,0.036738351254480286,0.40770609318996415
0.5079646017699115,0.04513274336283186,0.034955752212389384,0.4119469026548673
0.5089445438282647,0.04561717352415027,0.03667262969588551,0.4087656529516995
0.5002227171492205,0.04498886414253898,0.03830734966592428,0.41648106904231624
0.49798296727924696,0.043030031376064544,0.03765127745405648,0.421335723890632
0.49324932493249324,0.046804680468046804,0.0369036903690369,0.42304230423042305
0.49663224068253253,0.04445442299057027,0.038616973506960035,0.42029636281993715
0.49193548387096775,0.04435483870967742,0.03718637992831541,0.4265232974910394
0.49232158988256547,0.043812104787714544,0.03523035230352303,0.42863595302619695
0.4919499105545617,0.04516994633273703,0.03488372093023256,0.4279964221824687
0.48392857142857143,0.04375,0.03705357142857143,0.43526785714285715
0.4835701598579041,0.043072824156305506,0.03685612788632327,0.43650088809946713
0.48315602836879434,0.0398936170212766,0.037677304964539006,0.43927304964539005
0.48598130841121495,0.037383177570093455,0.03515798842901647,0.4414775255896751
0.48823529411764705,0.0330316742081448,0.037104072398190045,0.4416289592760181
0.4838280903854674,0.035002215330084185,0.03633141338059371,0.4448382809038547
0.4836572438162544,0.03268551236749117,0.03842756183745583,0.4452296819787986
0.488031914893617,0.03235815602836879,0.03856382978723404,0.44104609929078015
0.4953354064860062,0.03331852509995557,0.0368725011106175,0.4344735673034207
0.4971123944913372,0.033762772101288314,0.0368725011106175,0.43225233229675697
0.4892022917584839,0.0370207139709123,0.036579991185544294,0.4371970030850595
0.4834080717488789,0.03811659192825112,0.036771300448430494,0.44170403587443946
0.488898756660746,0.034191829484902306,0.038632326820603906,0.4382770870337478
0.4875111507582516,0.03568242640499554,0.03746654772524532,0.43933987511150757
0.4869986778316439,0.03525782282944028,0.03613926840017629,0.4416042309387395
0.4844306049822064,0.03291814946619217,0.037811387900355875,0.44483985765124556
0.48689471346068414,0.03243003109729009,0.03909373611728121,0.44158151932474454
0.4788041053101294,0.03614457831325301,0.03748326639892905,0.4475680499776885
0.48315602836879434,0.03368794326241135,0.037677304964539006,0.4454787234042553
0.47593582887700536,0.03787878787878788,0.03698752228163993,0.44919786096256686
0.48016049933125277,0.03789567543468569,0.03967900133749443,0.44226482389656707
0.4806924101198402,0.03817132711939636,0.04216600088770528,0.43897026187305815
0.4789543642002658,0.03810367744793974,0.04164820558263181,0.4412937527691626
0.47244444444444444,0.03955555555555555,0.043111111111111114,0.4448888888888889
0.4733570159857904,0.03774422735346359,0.041740674955595025,0.447158081705151
0.4709018214127055,0.03820524211461573,0.03953798311861395,0.45135495335406484
0.46805678793256433,0.037267080745341616,0.03904170363797693,0.4556344276841171
0.46420631391729655,0.036905291240551356,0.039573143619386394,0.4593152512227657
0.4655781112091792,0.03662842012356576,0.03927625772285966,0.4585172109443954
0.47281639928698754,0.03431372549019608,0.039661319073083776,0.4532085561497326
0.47549019607843135,0.03208556149732621,0.03832442067736185,0.45409982174688057
0.4737078651685393,0.03056179775280899,0.036853932584269666,0.458876404494382
0.47309915518008006,0.028901734104046242,0.03868385949310805,0.4593152512227657
0.4639821029082774,0.027293064876957495,0.0407158836689038,0.4680089485458613
0.46102150537634407,0.02867383512544803,0.04345878136200717,0.4668458781362007
0.45930232558139533,0.028622540250447227,0.042486583184257604,0.46958855098389984
0.45664739884393063,0.03023566029346376,0.040017785682525564,0.47309915518008006
0.4537740062527914,0.028584189370254576,0.04421616793211255,0.4734256364448414
0.45224344735673033,0.02665482007996446,0.04486894713460684,0.47623278542869835
0.4478473146915224,0.024855747891699954,0.04660452729693742,0.4806924101198402
0.4529569892473118,0.027329749103942653,0.047939068100358424,0.4717741935483871
0.4431111111111111,0.02711111111111111,0.04933333333333333,0.48044444444444445
0.4392649036306589,0.027790228597041687,0.0502017032720753,0.48274316450022414
0.43674020711391265,0.030166591625393965,0.050877982890589826,0.48221521837010356
0.4315222272114953,0.02784014369106421,0.05029187247418051,0.49034575662325997
0.43414634146341463,0.02483370288248337,0.048337028824833705,0.4926829268292683
0.4323008849557522,0.024778761061946902,0.049557522123893805,0.49336283185840707
0.42794182459233143,0.026443367122080213,0.048038783605112385,0.49757602468047596
0.43054318788958146,0.026714158504007122,0.04452359750667854,0.4982190560997329
0.4297703180212014,0.02561837455830389,0.04372791519434629,0.5008833922261484
0.4271065537226928,0.023629068212215783,0.04235399019170753,0.5069103878733838
0.4366636931311329,0.02230151650312221,0.039250669045495096,0.5017841213202497
0.43331856446610545,0.02303943287549845,0.03810367744793974,0.5055383252104564
0.43518930957683744,0.024053452115812918,0.03652561247216036,0.5042316258351893
0.44468929043631555,0.02247686205376818,0.03305420890260027,0.499779638607316
0.44902482269503546,0.023936170212765957,0.031914893617021274,0.4951241134751773
0.44587973273942094,0.025389755011135856,0.030289532293986638,0.49844097995545655
0.4406704896338774,0.027790030877812087,0.02867225408028231,0.5028672254080282
0.4530485091232755,0.024477080551846907,0.029372496662216287,0.4931019136626613
0.44731088762571053,0.024923480542195016,0.027984258854394404,0.49978137297770003
0.4393805309734513,0.02566371681415929,0.030530973451327433,0.504424778761062
0.43411194358748345,0.026884089907448214,0.03129131776112825,0.5077126487439401
0.4290178571428571,0.026339285714285714,0.03214285714285714,0.5125
0.4326115775519222,0.026071586389748123,0.034909412284577994,0.5064074237737517
0.42850838481906445,0.026037069726390114,0.03486319505736982,0.5105913503971756
0.4289532293986637,0.027616926503340758,0.033853006681514475,0.5095768374164811
0.42263483642793986,0.025198938992042442,0.034482758620689655,0.517683465959328
0.4171146953405018,0.0246415770609319,0.036290322580645164,0.5219534050179212
0.415889924545051,0.023968042609853527,0.03683976919662672,0.5233022636484687
0.41629364368845123,0.023724261414503133,0.03581020590868397,0.5241718889883616
0.41037103263299063,0.0232454179704962,0.03352704514975414,0.532856504246759
0.4100847835787595,0.023650156180276664,0.029451137884872823,0.536813922356091
0.4096817570596145,0.025997310623038995,0.03003137606454505,0.5342895562528014
0.4032757857459053,0.027003098716246128,0.027445772465692783,0.5422753430721559
0.3973451327433628,0.02743362831858407,0.02743362831858407,0.547787610619469
0.40141467727674623,0.028735632183908046,0.03050397877984085,0.5393457117595049
0.396118217909131,0.029554477282752536,0.029554477282752536,0.5447728275253639
0.3951935914552737,0.03337783711615487,0.030262572318647086,0.5411659991099244
0.3909942041908159,0.03388319215336603,0.029424877396344182,0.5456977262594739
0.3865168539325843,0.035955056179775284,0.03056179775280899,0.5469662921348315
0.3797411869701026,0.03480589022757698,0.03302097278000892,0.5524319500223115
0.38061360604713207,0.03379279679857715,0.03423743886171632,0.5513561582925744
0.37770897832817335,0.03449800973020787,0.03582485625829279,0.5519681556833259
0.3680214381420277,0.034836980794997766,0.034836980794997766,0.5623046002679768
0.3668903803131991,0.03758389261744966,0.033109619686800894,0.5624161073825503
0.36844464365755264,0.04078888390856118,0.0340654415060511,0.5567010309278351
0.3611607142857143,0.04017857142857143,0.033035714285714286,0.565625
0.3617686467172845,0.03841000446627959,0.03260384100044663,0.5672175078159892
0.3696325807879593,0.03718459495351926,0.03010181496237273,0.5630810092961488
0.36014298480786416,0.035746201966041107,0.03306523681858802,0.5710455764075067
0.358974358974359,0.03757736516357206,0.03050397877984085,0.5729442970822282
0.3575892857142857,0.03482142857142857,0.03125,0.5763392857142857
0.35701598579040855,0.034191829484902306,0.03374777975133215,0.5750444049733571
0.35679718433787944,0.03695556533216014,0.031236251649802024,0.5750109986801584
0.3567615658362989,0.03336298932384341,0.028469750889679714,0.5814056939501779
0.36266190263510495,0.034836980794997766,0.028584189370254576,0.5739169271996427
0.3505291005291005,0.03218694885361552,0.028659611992945325,0.5886243386243386
0.35446428571428573,0.032589285714285716,0.028125,0.5848214285714286
0.3605980650835532,0.034740545294635,0.029463500439753737,0.575197889182058
0.35257270693512305,0.0348993288590604,0.03087248322147651,0.5816554809843401
0.3544973544973545,0.03439153439153439,0.031746031746031744,0.5793650793650794
0.3533303925893251,0.03484781649757389,0.031760035288928096,0.580061755624173
0.34598214285714285,0.039285714285714285,0.03482142857142857,0.5799107142857143
0.3535217586361597,0.03768506056527591,0.03275011215791835,0.576043068640646
0.35152057245080504,0.03756708407871199,0.02817531305903399,0.582737030411449
0.3529929577464789,0.03477112676056338,0.028169014084507043,0.5840669014084507
0.34736375719982276,0.033673017279574655,0.03145768719539211,0.5875055383252105
0.34424778761061947,0.032300884955752215,0.028761061946902654,0.5946902654867257
0.3437360677663843,0.03209986625055729,0.027641551493535442,0.596522514489523
0.341929746554024,0.0329035126722988,0.029346376167185415,0.5958203646064918
0.3484646194926569,0.032487761459724075,0.03115264797507788,0.5878949710725412
0.34301027244305493,0.03394372487717731,0.028584189370254576,0.5944618133095132
0.34167038856632426,0.030817329164805715,0.027690933452434122,0.5998213488164359
0.33645276292335113,0.03163992869875223,0.028966131907308377,0.6029411764705882
0.33303411131059246,0.03052064631956912,0.03231597845601436,0.604129263913824
0.3290004482294935,0.03272075302554908,0.03451367099955177,0.6037651277454057
0.3217777777777778,0.03288888888888889,0.035555555555555556,0.6097777777777778
0.3209986625055729,0.03343736067766384,0.03744984395898351,0.6081141328577797
0.3170840787119857,0.03711985688729875,0.03577817531305903,0.6100178890876565
0.316629711751663,0.038580931263858094,0.03414634146341464,0.6106430155210643
0.3162393162393162,0.038686459739091315,0.03508771929824561,0.6099865047233468
0.31347265451311696,0.03379279679857715,0.03423743886171632,0.6184971098265896
0.3110619469026549,0.034070796460176994,0.033628318584070796,0.6212389380530974
0.3058144695960941,0.03462050599201065,0.03462050599201065,0.6249445184198846
0.30396083667111706,0.03649310191366266,0.03337783711615487,0.6261682242990654
0.30167844522968196,0.036219081272084806,0.03312720848056537,0.6289752650176679
0.30864197530864196,0.033950617283950615,0.036155202821869487,0.6212522045855379
0.3022026431718062,0.033920704845814977,0.035682819383259914,0.628193832599119
0.30092797171895713,0.03314184710561202,0.033583738400353516,0.6323464427750773
0.30244755244755245,0.03277972027972028,0.030594405594405596,0.6341783216783217
0.30271957200178334,0.032545697726259475,0.030762371823450735,0.6339723584485064
0.2996469549867608,0.03265666372462489,0.03000882612533098,0.6376875551632833
0.2951914514692787,0.032056990204808546,0.035173642030276044,0.6375779162956366
0.30017761989342806,0.03241563055062167,0.03596802841918295,0.6314387211367674
0.30575221238938055,0.034955752212389384,0.034513274336283185,0.6247787610619469
0.3039086517347387,0.03732981993851559,0.034255599472990776,0.6245059288537549
0.3039964077233947,0.03502469690166143,0.03412662775033678,0.6268522676246071
0.30670217487794055,0.03195739014647137,0.032401242787394584,0.6289391921881935
0.2996005326231691,0.03151353750554816,0.03462050599201065,0.6342654238792721
0.29929266136162685,0.02961980548187445,0.03669319186560566,0.634394341290893
0.29812834224598933,0.03163992869875223,0.034759358288770054,0.6354723707664884
0.2936472678809418,0.03065304309195913,0.03509551310528654,0.6406041759218125
0.29201588001764445,0.02999558888398765,0.036612262902514334,0.6413762681958536
0.290150842945874,0.02883762200532387,0.038154392191659274,0.6428571428571429
0.28967367009387573,0.027268663388466695,0.04023245417970496,0.6428252123379526
0.2963294538943599,0.02909579230080573,0.03715308863025962,0.6374216651745748
0.29035166816952207,0.028403967538322812,0.03606853020739405,0.6451758340847611
0.2884955752212389,0.03008849557522124,0.035398230088495575,0.6460176991150443
0.2905677246312025,0.031291908806437195,0.037103263299061245,0.6410371032632991
0.28324468085106386,0.031914893617021274,0.03634751773049645,0.6484929078014184
0.28193832599118945,0.030837004405286344,0.035682819383259914,0.6515418502202643
0.2857142857142857,0.03115264797507788,0.036048064085447265,0.6470850022251892
0.28793256433007985,0.032830523513753325,0.03327417923691216,0.6459627329192547
0.28596881959910914,0.03518930957683741,0.03518930957683741,0.643652561247216
0.2791424743188924,0.03528360875390799,0.03573023671281822,0.6498436802143814
0.27819884083816315,0.03522068658047258,0.03611234953187695,0.6504681230494873
0.27358068842199373,0.03620920876173447,0.031291908806437195,0.6589181940098346
0.2616279069767442,0.03756708407871199,0.03041144901610018,0.6703935599284436
0.2605979473449353,0.03614457831325301,0.029451137884872823,0.6738063364569389
0.26589077887197854,0.03804834377797672,0.02864816472694718,0.6674127126230975
0.26834659593280286,0.03404067197170645,0.02475685234305924,0.6728558797524314
0.26378473753859727,0.033083370092633436,0.023820026466696075,0.6793118659020733
0.2581786030061892,0.03359858532272325,0.026525198938992044,0.6816976127320955
0.25859030837004404,0.03303964757709251,0.02643171806167401,0.6819383259911894
0.25633051976899157,0.03243003109729009,0.028876055086628164,0.6823633940470902
0.2561029738126942,0.032401242787394584,0.03062583222370173,0.6808699511762095
0.25398230088495577,0.02920353982300885,0.029646017699115044,0.6871681415929204
0.25629695095006627,0.027839151568714096,0.029606716747680072,0.6862571807335396
0.2503311258278146,0.026490066225165563,0.026048565121412803,0.6971302428256071
0.258362676056338,0.02640845070422535,0.02596830985915493,0.6892605633802817
0.2622658340767172,0.028545941123996433,0.025423728813559324,0.6837644959857271
0.25210084033613445,0.026536930561698365,0.02476780185758514,0.6965944272445821
0.2503311258278146,0.027373068432671083,0.024724061810154525,0.6975717439293598
0.241733690795353,0.02680965147453083,0.025915996425379804,0.7055406613047364
0.24856003544528135,0.026140894993354008,0.024811696942844484,0.7004873726185201
0.2517825311942959,0.025846702317290554,0.023618538324420676,0.6987522281639929
0.25342768686421935,0.02476780185758514,0.02344095532950022,0.6983635559486953
0.25643300798580304,0.026175687666370896,0.023957409050576754,0.6934338952972493
0.2556792873051225,0.027171492204899776,0.024053452115812918,0.6930957683741648
0.25645592163846836,0.02894033837934105,0.02404274265360641,0.6905609973285841
0.2531138790035587,0.029804270462633453,0.024466192170818506,0.6926156583629893
0.25527142216240467,0.029161058770749215,0.02602063705697622,0.6895468820098699
0.24966916629907365,0.02867225408028231,0.026025584472871635,0.6956329951477724
0.2553475935828877,0.03074866310160428,0.025846702317290554,0.6880570409982175
0.2549889135254989,0.03015521064301552,0.0270509977827051,0.6878048780487804
0.25886524822695034,0.03235815602836879,0.026595744680851064,0.6821808510638298
0.25793650793650796,0.03218694885361552,0.026455026455026454,0.6834215167548501
0.2537182852143482,0.03412073490813648,0.027559055118110236,0.6846019247594051
0.25233229675699687,0.03287427809862283,0.02798756108396268,0.6868058640604175
0.24501550731058927,0.03544528134692069,0.02702702702702703,0.692512184315463
0.24598930481283424,0.03787878787878788,0.025846702317290554,0.6902852049910874
0.24646643109540636,0.03666077738515901,0.026501766784452298,0.6903710247349824
0.24588706091596266,0.0377945753668297,0.026678523788350377,0.6896398399288572
0.24932614555256064,0.03908355795148248,0.02425876010781671,0.6873315363881402
0.2511091393078971,0.03637976929902396,0.025732031943212066,0.686779059449867
0.24456280514869064,0.03417665335108744,0.02796271637816245,0.6932978251220595
0.24534986713906112,0.031443755535872454,0.026572187776793623,0.6966341895482728
0.24899955535793686,0.03023566029346376,0.028901734104046242,0.6918630502445531
0.24811362627607633,0.02929427430093209,0.031069684864624945,0.6915224145583666
0.25044642857142857,0.029017857142857144,0.03125,0.6892857142857143
0.24157801418439717,0.02969858156028369,0.03102836879432624,0.6976950354609929
0.24179236912156166,0.029281277728482696,0.03327417923691216,0.6956521739130435
0.24634470536109881,0.028799291094373063,0.03278688524590164,0.6920691182986265
0.24833407374500222,0.029320302087960905,0.03065304309195913,0.6916925810750777
0.24557522123893805,0.029646017699115044,0.02831858407079646,0.6964601769911505
0.24164065983058403,0.030762371823450735,0.028533214444939812,0.6990637539010254
0.24458204334365324,0.02830605926581159,0.03007518796992481,0.6970367094206104
0.24194991055456172,0.029069767441860465,0.03175313059033989,0.697227191413238
0.2446524064171123,0.029857397504456328,0.03297682709447415,0.6925133689839572
0.24420677361853832,0.03253119429590018,0.0338680926916221,0.6893939393939394
0.24450307827616535,0.03210202286719437,0.0316622691292876,0.6917326297273527
0.24624226348364278,0.03359858532272325,0.029177718832891247,0.6909814323607427
0.25067144136078784,0.03133393017009848,0.03178155774395703,0.6862130707251567
0.24866310160427807,0.0285204991087344,0.03297682709447415,0.6898395721925134
0.2529854046881911,0.027421494913754976,0.033171163202122954,0.686421937195931
0.25143868968570166,0.0283311199645861,0.035413899955732624,0.6848162903939796
0.24711623779946762,0.02883762200532387,0.03593611357586513,0.6881100266193434
0.2425438596491228,0.033771929824561404,0.035526315789473684,0.6881578947368421
0.24857017157941047,0.032996040475142985,0.034755829300483945,0.6836779586449626
0.24791940429259746,0.03504161191414805,0.036355672360928605,0.6806833114323259
0.24944419742107604,0.03334815473543797,0.03601600711427301,0.681191640729213
0.25388371060807813,0.03417665335108744,0.033288948069241014,0.6786506879715934
0.251004912907548,0.03126395712371594,0.0321572130415364,0.6855739169271996
0.25277654375832964,0.03198578409595735,0.029320302087960905,0.6859173700577521
0.248562582927908,0.03051747014595312,0.0291906236178682,0.6917293233082706
0.25673884224480775,0.030048608042421564,0.030048608042421564,0.6831639416703491
0.2542744410346339,0.02761946514686541,0.029811486190267425,0.6882946076282332
0.2552245442418853,0.030680302356602934,0.028901734104046242,0.6851934192974656
0.2572062084257206,0.031929046563192905,0.027494456762749447,0.683370288248337
0.2554517133956386,0.03426791277258567,0.027592345349354695,0.682688028482421
0.25636444841447076,0.03260384100044663,0.026351049575703438,0.6846806610093792
0.2580789946140036,0.03321364452423698,0.027378815080789945,0.6813285457809695
0.25842696629213485,0.032359550561797755,0.02696629213483146,0.682247191011236
0.2567868268802848,0.032487761459724075,0.027147307521139297,0.6835781041388518
0.26292134831460673,0.0301123595505618,0.024719101123595506,0.682247191011236
0.2641931157800626,0.028162717925793473,0.02592758158247653,0.6817165847116674
0.26254997778764994,0.027543314082629944,0.024433585073300755,0.6854731230564194
0.26916221033868093,0.028966131907308377,0.02406417112299465,0.6778074866310161
0.25998225377107365,0.02883762200532387,0.021739130434782608,0.6894409937888198
0.2585517547756553,0.029764549089293647,0.02132385606397157,0.6903598400710795
0.26238286479250333,0.0321285140562249,0.018295403837572513,0.6871932173136992
0.2587443946188341,0.03094170403587444,0.02197309417040359,0.6883408071748879
0.2588339222614841,0.030477031802120143,0.02075971731448763,0.6899293286219081
0.2623169107856192,0.03151353750554816,0.0230803373280071,0.6830892143808256
0.25878168074699864,0.03201422854602046,0.02267674522009782,0.6865273454868831
0.2545779365788298,0.03171058508262617,0.023224653863331845,0.6904868244752121
0.24899598393574296,0.03168228469433289,0.024542614904060688,0.6947791164658634
0.2482300884955752,0.03008849557522124,0.02654867256637168,0.6951327433628318
0.24481693868548743,0.027348919276576972,0.026025584472871635,0.701808557565064
0.2410873440285205,0.029857397504456328,0.02540106951871658,0.7036541889483066
0.23934280639431615,0.03241563055062167,0.025310834813499113,0.7029307282415631
0.24076546506453048,0.03337783711615487,0.027592345349354695,0.69826435246996
0.23843416370106763,0.033807829181494664,0.02802491103202847,0.6997330960854092
0.23495318769505127,0.03299152920196166,0.02808738296923763,0.7039679001337494
0.23604395604395603,0.03120879120879121,0.02945054945054945,0.7032967032967034
0.24341223760607414,0.030370701205895488,0.029477445288075034,0.6967396158999554
0.24458204334365324,0.029632905793896505,0.028748341441839895,0.6970367094206104
0.24235711120957024,0.031014621178555603,0.02968542312804608,0.696942844483828
0.24566088117489987,0.029817534490431688,0.027592345349354695,0.6969292389853138
0.2424511545293073,0.03108348134991119,0.02575488454706927,0.7007104795737122
0.2453932584269663,0.028764044943820226,0.027865168539325844,0.6979775280898877
0.2511032656663725,0.02912621359223301,0.027802294792586054,0.6919682259488085
0.25198587819947044,0.028684907325684024,0.02559576345984113,0.6937334510150044
0.25,0.030477031802120143,0.024734982332155476,0.6947879858657244
0.2475642161204606,0.03100088573959256,0.025686448184233834,0.695748449955713
0.24343569203382287,0.03159768580329328,0.0258121940364931,0.6991544281263907
0.24379232505643342,0.03295711060948081,0.025733634311512415,0.6975169300225733
0.24766562916851934,0.032458870609159626,0.025344597598932858,0.6945309026233881
0.2439347154830172,0.030436700485222762,0.025143361270401413,0.7004852227613586
0.2433392539964476,0.03108348134991119,0.026198934280639432,0.6993783303730018
0.24060150375939848,0.030959752321981424,0.02786377708978328,0.7005749668288368
0.23881932021466906,0.02996422182468694,0.03041144901610018,0.7008050089445438
0.23863124718595227,0.03061683926159388,0.029716343989194056,0.7010355695632597
0.24302788844621515,0.03010181496237273,0.029216467463479414,0.6976538291279327
0.23908248786943095,0.02999558888398765,0.029554477282752536,0.7013674459638288
0.24426807760141092,0.029982363315696647,0.027336860670194002,0.6984126984126984
0.24471830985915494,0.03125,0.028169014084507043,0.695862676056338
0.24636403702071397,0.031732040546496254,0.02996914940502424,0.6919347730277655
0.24789356984478936,0.031042128603104215,0.031042128603104215,0.6900221729490023
0.24567627494456762,0.029711751662971176,0.031042128603104215,0.693569844789357
0.2455595026642984,0.027531083481349913,0.03197158081705151,0.6949378330373002
0.24542614904060686,0.02900490852298081,0.031236055332440876,0.6943328871039715
0.2436010591350397,0.02912621359223301,0.03133274492497794,0.6959399823477493
0.24512411347517732,0.028368794326241134,0.02969858156028369,0.6968085106382979
0.24468085106382978,0.027039007092198582,0.031471631205673756,0.6968085106382979
0.24280017722640673,0.02658396101019052,0.03322995126273815,0.6973859105006646
0.250771264874394,0.02908770383428823,0.030409872190392245,0.6897311591009255
0.24622892635314997,0.029724933451641525,0.0323868677905945,0.691659272404614
0.24005305039787797,0.02961980548187445,0.03138815207780725,0.6989389920424404
0.2403760071620412,0.03043867502238138,0.03178155774395703,0.6974037600716204
0.23899647887323944,0.030369718309859156,0.03125,0.6993838028169014
0.24433585073300756,0.03154153709462461,0.03331852509995557,0.6908040870724123
0.24656927844178841,0.029659141212926073,0.03231518370960602,0.6914563966356795
0.24845814977973568,0.028634361233480177,0.030837004405286344,0.6920704845814978
0.23870682019486272,0.02745792736935341,0.033215234720992026,0.7006200177147919
0.2393617021276596,0.02925531914893617,0.03368794326241135,0.6976950354609929
0.2390134529147982,0.029596412556053813,0.02914798206278027,0.7022421524663677
0.24147097917589722,0.030128489144882586,0.028799291094373063,0.6996012405848472
0.24258521469676847,0.03010181496237273,0.029659141212926073,0.6976538291279327
0.2474546259406817,0.03010181496237273,0.02434705621956618,0.6980965028773793
0.2457475380483438,0.02909579230080573,0.025067144136078783,0.7000895255147717
0.23860115095174855,0.03010181496237273,0.02877379371403276,0.702523240371846
0.2376502002670227,0.03115264797507788,0.029372496662216287,0.7018246550956831
0.2398049645390071,0.030141843971631204,0.02969858156028369,0.700354609929078
0.2394807520143241,0.03043867502238138,0.02909579230080573,0.7009847806624888
0.24812692816218598,0.030409872190392245,0.028206258263552227,0.6932569413838695
0.2418852823477101,0.031124944419742107,0.026233881725211204,0.7007558915073366
0.24148606811145512,0.03228659885006634,0.025210084033613446,0.7010172490048651
0.2384580905423577,0.03227252353204841,0.021963245181532944,0.707306140744061
0.24261414503133394,0.02999104744852283,0.021486123545210387,0.7059086839749329
0.24195680916703394,0.03129131776112825,0.020273248126928163,0.7064786249449097
0.24736379613356765,0.029437609841827767,0.020650263620386643,0.7025483304042179
0.24699599465954605,0.02892745883400089,0.022696929238985315,0.7013796172674678
0.24944518419884598,0.029738126941855306,0.023524189968930315,0.6972924988903684
0.2400890868596882,0.028953229398663696,0.024498886414253896,0.7064587973273943
0.24177777777777779,0.02666666666666667,0.024888888888888887,0.7066666666666667
0.2466725820763088,0.024401064773735583,0.027506654835847383,0.7014196983141082
0.24733096085409254,0.02402135231316726,0.027135231316725978,0.7015124555160143
0.24479858344400177,0.02656042496679947,0.02877379371403276,0.699867197875166
0.2412280701754386,0.02675438596491228,0.027192982456140352,0.7048245614035088
0.23263110712684895,0.02689376961004034,0.02689376961004034,0.7135813536530704
0.2361541869738591,0.02702702702702703,0.02525476295968099,0.7115640230394329
0.2395693135935397,0.029161058770749215,0.026917900403768506,0.7043517272319426
0.2392935982339956,0.027373068432671083,0.025165562913907286,0.708167770419426
0.24076546506453048,0.02848242100578549,0.024477080551846907,0.7062750333778371
0.2356043956043956,0.027692307692307693,0.024615384615384615,0.7120879120879121
0.24022837066315328,0.02854633289415898,0.023276240667545016,0.7079490557751428
0.244097995545657,0.029844097995545656,0.022271714922048998,0.7037861915367484
0.24067495559502664,0.03019538188277087,0.022202486678507993,0.7069271758436945
0.23070058009817046,0.027666220437304774,0.020972780008924587,0.7206604194556002
0.2357111209570226,0.02702702702702703,0.021710234824988923,0.7155516171909615
0.2427487728692548,0.027666220437304774,0.0214190093708166,0.7081659973226239
0.24056813138038172,0.02663115845539281,0.022636484687083888,0.7101642254771416
0.24342398573339277,0.02808738296923763,0.02229157378510923,0.7061970575122604
0.24267968056787934,0.029724933451641525,0.026175687666370896,0.7014196983141082
0.24464285714285713,0.03125,0.024553571428571428,0.6995535714285714
0.24234354194407456,0.032401242787394584,0.023968042609853527,0.7012871726586773
0.23953695458593055,0.030721282279608193,0.02626892252894034,0.703472840605521
0.2339572192513369,0.028966131907308377,0.026737967914438502,0.7103386809269162
