C,D,Oc,Od
0.0,1.0,0.0,0.0
0.0,1.0,0.0,0.0
0.0,1.0,0.0,0.0
0.0,1.0,0.0,0.0
0.0,1.0,0.0,0.0
0.0,1.0,0.0,0.0
0.0,0.8571428571428571,0.14285714285714285,0.0
0.0,0.625,0.125,0.25
0.0,0.5,0.1,0.4
0.0,0.5454545454545454,0.0,0.45454545454545453
0.0,0.3076923076923077,0.07692307692307693,0.6153846153846154
0.0,0.21428571428571427,0.07142857142857142,0.7142857142857143
0.0,0.125,0.0625,0.8125
0.05,0.1,0.05,0.8
0.04,0.12,0.04,0.8
0.03125,0.15625,0.03125,0.78125
0.05555555555555555,0.1388888888888889,0.05555555555555555,0.75
0.047619047619047616,0.11904761904761904,0.047619047619047616,0.7857142857142857
0.057692307692307696,0.09615384615384616,0.038461538461538464,0.8076923076923077
0.03278688524590164,0.06557377049180328,0.03278688524590164,0.8688524590163934
0.028985507246376812,0.043478260869565216,0.028985507246376812,0.8985507246376812
0.02564102564102564,0.02564102564102564,0.02564102564102564,0.9230769230769231
0.021739130434782608,0.021739130434782608,0.021739130434782608,0.9347826086956522
0.02,0.02,0.04,0.92
0.01680672268907563,0.01680672268907563,0.03361344537815126,0.9327731092436975
0.021739130434782608,0.014492753623188406,0.036231884057971016,0.927536231884058
0.03773584905660377,0.006289308176100629,0.025157232704402517,0.9308176100628931
0.043243243243243246,0.005405405405405406,0.016216216216216217,0.9351351351351351
0.03980099502487562,0.004975124378109453,0.009950248756218905,0.945273631840796
0.05116279069767442,0.009302325581395349,0.009302325581395349,0.9302325581395349
0.05263157894736842,0.016194331983805668,0.012145748987854251,0.9190283400809717
0.04316546762589928,0.017985611510791366,0.014388489208633094,0.9244604316546763
0.03642384105960265,0.019867549668874173,0.019867549668874173,0.9238410596026491
0.0391566265060241,0.018072289156626505,0.02108433734939759,0.9216867469879518
0.0521978021978022,0.01098901098901099,0.016483516483516484,0.9203296703296703
0.05432098765432099,0.009876543209876543,0.019753086419753086,0.9160493827160494
0.05803571428571429,0.008928571428571428,0.015625,0.9174107142857143
0.06326530612244897,0.00816326530612245,0.0163265306122449,0.9122448979591836
0.07238095238095238,0.007619047619047619,0.02095238095238095,0.8990476190476191
0.07678571428571429,0.010714285714285714,0.019642857142857142,0.8928571428571429
0.08731466227347612,0.013179571663920923,0.019769357495881382,0.8797364085667215
0.0843558282208589,0.013803680981595092,0.02147239263803681,0.8803680981595092
0.0876944837340877,0.011315417256011316,0.019801980198019802,0.8811881188118812
0.08957219251336898,0.016042780748663103,0.017379679144385027,0.8770053475935828
0.10500610500610501,0.020757020757020756,0.018315018315018316,0.8559218559218559
0.10648148148148148,0.019675925925925927,0.017361111111111112,0.8564814814814815
0.11171366594360087,0.019522776572668113,0.01843817787418655,0.8503253796095445
0.11635220125786164,0.020964360587002098,0.01781970649895178,0.8448637316561844
0.12487611496531219,0.018830525272547076,0.01684836471754212,0.8394449950445986
0.12990654205607477,0.019626168224299065,0.014953271028037384,0.8355140186915888
0.1431079894644425,0.02019315188762072,0.013169446883230905,0.8235294117647058
0.15016501650165018,0.019801980198019802,0.01155115511551155,0.8184818481848185
0.16118935837245696,0.017214397496087636,0.01486697965571205,0.8067292644757433
0.1661676646706587,0.017964071856287425,0.01347305389221557,0.8023952095808383
0.17277856135401976,0.019746121297602257,0.014104372355430184,0.7933709449929478
0.17466666666666666,0.021333333333333333,0.016,0.788
0.18216318785578747,0.018975332068311195,0.018342820999367487,0.7805186590765338
0.18580246913580248,0.01728395061728395,0.01728395061728395,0.7796296296296297
0.19654556283502084,0.01786777843954735,0.015485407980941036,0.7701012507444908
0.20057142857142857,0.018857142857142857,0.014285714285714285,0.7662857142857142
0.20945574491478836,0.018691588785046728,0.015393073117097306,0.7564595931830677
0.201281366791244,0.019220501868659905,0.01761879337960491,0.7618793379604912
0.20734229576008273,0.017580144777662874,0.016028955532574975,0.7590486039296794
0.20949015648662292,0.016153457849570924,0.016153457849570924,0.7582029278142353
0.21397166585246702,0.017586712261846604,0.01612115290669272,0.7523204689789936
0.22653256704980843,0.016283524904214558,0.016762452107279693,0.7404214559386973
0.2285443338074917,0.016595542911332386,0.017069701280227598,0.7377904220009484
0.22242817423540315,0.016218721037998145,0.016218721037998145,0.7451343836886005
0.23253676470588236,0.016544117647058824,0.019301470588235295,0.7316176470588235
0.23319615912208505,0.015546410608139003,0.019204389574759947,0.732053040695016
0.23726541554959785,0.016979445933869526,0.02100089365504915,0.7247542448614834
0.23218287763334827,0.01882563872702824,0.021515015688032272,0.7274764679515913
0.23485183547103053,0.019902697921273773,0.021671826625386997,0.7235736399823087
0.24189968930315137,0.02130492676431425,0.020861074123391034,0.7159343098091434
0.23638778220451528,0.023461708720672863,0.019477644975652943,0.7206728640991589
0.24262734584450402,0.022341376228775692,0.021447721179624665,0.7135835567470956
0.24076546506453048,0.023141967067200713,0.021361815754339118,0.7147307521139297
0.23921742996887504,0.02401067140951534,0.023566029346376166,0.7132058692752334
0.23965827338129497,0.025629496402877698,0.02473021582733813,0.7099820143884892
0.2448614834673816,0.026362823949955316,0.022788203753351208,0.7059874888293118
0.244,0.025777777777777778,0.022222222222222223,0.708
0.2420353982300885,0.026991150442477876,0.022123893805309734,0.7088495575221239
0.2398409893992933,0.02517667844522968,0.023851590106007067,0.7111307420494699
0.24299474605954466,0.02583187390542907,0.023642732049036778,0.7075306479859895
0.2484472049689441,0.025288376220053237,0.023957409050576754,0.7023070097604259
0.24933333333333332,0.025333333333333333,0.024,0.7013333333333334
0.24265360641139805,0.02626892252894034,0.02315227070347284,0.7079252003561888
0.24562191288729232,0.026493039964077234,0.0224517287831163,0.7054333183655142
0.23473967684021543,0.02423698384201077,0.02199281867145422,0.7190305206463196
0.2370304114490161,0.023255813953488372,0.02370304114490161,0.7160107334525939
0.23107747105966162,0.0213713268032057,0.023597506678539625,0.723953695458593
0.23165340406719717,0.021220159151193633,0.025198938992042442,0.7219274977895668
0.2319290465631929,0.022172949002217297,0.0270509977827051,0.7188470066518847
0.2322958953540821,0.02525935949481281,0.02616147947677041,0.7162832656743346
0.23431899641577061,0.0228494623655914,0.0264336917562724,0.7163978494623656
0.2328705776981639,0.0219435736677116,0.025526197939991044,0.7196596506941334
0.2419140451927337,0.01993797075764289,0.024368630926007974,0.7137793531236154
0.23429844097995545,0.02093541202672606,0.024498886414253896,0.7202672605790645
0.2368064952638701,0.02255299954894001,0.02751465944970681,0.713125845737483
0.227797513321492,0.023978685612788632,0.02664298401420959,0.7215808170515098
0.2310405643738977,0.023368606701940034,0.026455026455026454,0.7191358024691358
0.23114901256732495,0.025134649910233394,0.026032315978456014,0.7176840215439856
0.22696629213483147,0.024719101123595506,0.024719101123595506,0.7235955056179775
0.2381161971830986,0.02464788732394366,0.025088028169014086,0.7121478873239436
0.22957371225577264,0.025310834813499113,0.02486678507992895,0.7202486678507993
0.2264403751674855,0.026351049575703438,0.025457793657882984,0.7217507815989281
0.2310084406930253,0.02576632607729898,0.027099067081297203,0.7161261661483785
0.22572062084257205,0.02483370288248337,0.028824833702882482,0.720620842572062
0.23424228877961556,0.02548055431381314,0.028162717925793473,0.7121144389807779
0.23956043956043957,0.024615384615384615,0.024175824175824177,0.7116483516483516
0.2334370831480658,0.026233881725211204,0.024455313472654512,0.7158737216540685
0.23260965883916704,0.02525476295968099,0.024811696942844484,0.7173238812583075
0.23312611012433393,0.02575488454706927,0.02486678507992895,0.7162522202486679
0.23670212765957446,0.026595744680851064,0.02304964539007092,0.7136524822695035
0.2353463587921847,0.02664298401420959,0.023978685612788632,0.7140319715808171
0.23834886817576564,0.024411895250776743,0.023968042609853527,0.713271193963604
0.24320712694877505,0.024498886414253896,0.025835189309576838,0.7064587973273943
0.24441465594280606,0.021894548704200177,0.02680965147453083,0.7068811438784629
0.24288256227758007,0.02090747330960854,0.025800711743772242,0.7104092526690391
0.2375222816399287,0.020053475935828877,0.025846702317290554,0.7165775401069518
0.2382012466607302,0.01914514692787177,0.025823686553873553,0.7168299198575245
0.24752028854824165,0.0175834084761046,0.024346257889990983,0.7105500450856628
0.2472259209942299,0.01775410563692854,0.023524189968930315,0.7114957833999113
0.24620196604110814,0.02100089365504915,0.025022341376228777,0.707774798927614
0.24715660542432197,0.02099737532808399,0.02230971128608924,0.7095363079615048
0.24469964664310953,0.022968197879858657,0.018551236749116608,0.7137809187279152
0.24922118380062305,0.022696929238985315,0.018691588785046728,0.7093902981753449
0.2543046357615894,0.02119205298013245,0.019867549668874173,0.704635761589404
0.2531362007168459,0.020161290322580645,0.021057347670250897,0.7056451612903226
0.25375110326566636,0.02030008826125331,0.02471315092674316,0.7012356575463372
0.2556792873051225,0.021380846325167038,0.023162583518930958,0.6997772828507796
0.253678109674543,0.022737405260811413,0.023629068212215783,0.6999554168524298
0.2474546259406817,0.023461708720672863,0.027003098716246128,0.7020805666223993
0.2425588627276766,0.02310084406930253,0.02621057307863172,0.7081297201243891
0.24583698510078877,0.024539877300613498,0.024539877300613498,0.7050832602979842
0.24227714033539277,0.025154457193292144,0.02383053839364519,0.7087378640776699
0.24304021210782148,0.02342023862129916,0.023862129916040652,0.7096774193548387
0.24005305039787797,0.027851458885941646,0.02475685234305924,0.7073386383731212
0.23790501553484245,0.026187305814469597,0.024411895250776743,0.7114957833999113
0.24023090586145648,0.02575488454706927,0.023090586145648313,0.7109236234458259
0.23975044563279857,0.023618538324420676,0.022281639928698752,0.714349376114082
0.2440768886902101,0.024139472507822977,0.023692445239159587,0.7080911935628074
0.24789356984478936,0.02483370288248337,0.02394678492239468,0.7033259423503326
0.24271844660194175,0.02294792586054722,0.025154457193292144,0.7091791703442188
0.24631202503352703,0.023692445239159587,0.027715690657130084,0.7022798390701833
0.24833110814419226,0.02403204272363151,0.0262572318647085,0.7013796172674678
0.24007139669790273,0.022311468094600623,0.024542614904060688,0.713074520303436
0.23956043956043957,0.0210989010989011,0.026813186813186812,0.7125274725274725
0.24081451969898185,0.02080566622399292,0.027445772465692783,0.7109340416113324
0.24335106382978725,0.022606382978723406,0.027039007092198582,0.7070035460992907
0.24610591900311526,0.02091677792612372,0.02358700489541611,0.7093902981753449
0.2448706512042819,0.02096342551293488,0.02408563782337199,0.7100802854594113
0.24458204334365324,0.020344980097302078,0.022114108801415303,0.7129588677576294
0.24099599822143175,0.022232103156958647,0.023566029346376166,0.7132058692752334
0.24478935698447893,0.02350332594235033,0.02261640798226164,0.7090909090909091
0.24655708573967125,0.023545091070635273,0.02265659706796979,0.7072412261217237
0.24653863331844572,0.023671281822242072,0.022778025904421618,0.7070120589548906
0.2521083000443853,0.024855747891699954,0.022192632046160676,0.7008433200177541
0.2539752650176678,0.026501766784452298,0.021643109540636044,0.6978798586572438
0.2513464991023339,0.027378815080789945,0.02423698384201077,0.6970377019748654
0.24541797049620026,0.027268663388466695,0.02592758158247653,0.7013857845328565
0.2525612472160356,0.026280623608017816,0.024498886414253896,0.6966592427616927
0.24888293118856122,0.024575513851653262,0.02323503127792672,0.7033065236818588
0.2546916890080429,0.02546916890080429,0.022341376228775692,0.6974977658623771
0.258165548098434,0.024608501118568233,0.023266219239373602,0.6939597315436241
0.25,0.025573192239858905,0.023809523809523808,0.7006172839506173
0.2588287885561019,0.02682163611980331,0.022351363433169423,0.6919982118909254
0.26601423487544484,0.027135231316725978,0.020462633451957295,0.6863879003558719
0.2618101545253863,0.026490066225165563,0.02163355408388521,0.6900662251655629
0.26336898395721925,0.02807486631016043,0.0213903743315508,0.6871657754010695
0.2663427561837456,0.02517667844522968,0.022526501766784453,0.6859540636042403
0.2645218945487042,0.024128686327077747,0.022341376228775692,0.6890080428954424
0.26595269968763946,0.0214190093708166,0.020526550647032574,0.6921017402945113
0.2657942238267148,0.02391696750902527,0.0194043321299639,0.6908844765342961
0.2682163611980331,0.022798390701832812,0.018775145283862316,0.6902101028162718
0.26170307623718236,0.021845742309407043,0.018724921979491754,0.6977262594739189
0.25939019001325675,0.024304021210782147,0.019443216968625717,0.6968625718073354
0.2612410071942446,0.022482014388489208,0.021133093525179857,0.6951438848920863
0.26359649122807016,0.02368421052631579,0.021929824561403508,0.6907894736842105
0.26184092940125114,0.02323503127792672,0.024575513851653262,0.6903485254691689
0.2664590747330961,0.02491103202846975,0.025800711743772242,0.6828291814946619
0.26729138777331546,0.0249888442659527,0.024096385542168676,0.6836233824185631
0.26982720425343376,0.024811696942844484,0.02303943287549845,0.6823216659282233
0.26982720425343376,0.02702702702702703,0.02259636685866194,0.6805494018608773
0.2694185530403906,0.024411895250776743,0.022636484687083888,0.6835330670217488
0.26477121279431365,0.024433585073300755,0.023989338071968014,0.6868058640604175
0.26214028776978415,0.025179856115107913,0.020233812949640287,0.6924460431654677
0.26675663517768783,0.024741340530814216,0.01979307242465137,0.6887089518668466
0.2619047619047619,0.024250440917107582,0.01984126984126984,0.6940035273368607
0.25937362152624616,0.02646669607410675,0.01940891045434495,0.6947507719453022
0.2549800796812749,0.027003098716246128,0.0199203187250996,0.6980965028773793
0.25758241758241757,0.024615384615384615,0.02021978021978022,0.6975824175824176
0.2525386313465784,0.024724061810154525,0.02075055187637969,0.7019867549668874
0.25011125945705387,0.0267022696929239,0.022251891410769914,0.7009345794392523
0.24867491166077738,0.02782685512367491,0.021643109540636044,0.7018551236749117
0.25323805270209915,0.02992407324698526,0.022331397945511387,0.6945064761054042
0.2502230151650312,0.029438001784121322,0.02408563782337199,0.6962533452274755
0.2503317116320212,0.0291906236178682,0.026094648385670056,0.6943830163644406
0.24645390070921985,0.030585106382978722,0.024379432624113476,0.6985815602836879
0.24844995571302037,0.030115146147032774,0.022586359610274578,0.6988485385296723
0.2488849241748439,0.028545941123996433,0.022747546833184657,0.699821587867975
0.24944909651829,0.026443367122080213,0.021154693697664168,0.7029528426619657
0.2519049753473779,0.03003137606454505,0.020618556701030927,0.6974450918870462
0.25310283687943264,0.03102836879432624,0.02127659574468085,0.6945921985815603
0.2549363756033348,0.031154014918824045,0.022378236068451074,0.6915313734093901
0.2537444933920705,0.03127753303964758,0.02026431718061674,0.6947136563876652
0.25619469026548675,0.032300884955752215,0.02079646017699115,0.6907079646017699
0.25998225377107365,0.03327417923691216,0.02040816326530612,0.6863354037267081
0.25222419928825623,0.033807829181494664,0.01912811387900356,0.6948398576512456
0.25557537912578054,0.03345227475468332,0.02096342551293488,0.6900089206066012
0.2574743418116912,0.03435966086568496,0.0214190093708166,0.6867469879518072
0.25955555555555554,0.032,0.023555555555555555,0.6848888888888889
0.2587601078167116,0.03369272237196765,0.02021563342318059,0.6873315363881402
0.2624834290764472,0.03314184710561202,0.019001325673884226,0.6853733981440565
0.25822222222222224,0.03244444444444444,0.020444444444444446,0.6888888888888889
0.2572447614801605,0.03120820329915292,0.020954079358002677,0.6905929558626839
0.26535186015239803,0.02868668758404303,0.021963245181532944,0.683998207082026
0.257372654155496,0.028150134048257374,0.02323503127792672,0.69124218051832
0.2603655818100758,0.027641551493535442,0.024074899687917966,0.6879179670084707
0.2572447614801605,0.02541239411502452,0.02808738296923763,0.6892554614355774
0.250780901383311,0.025881302989736725,0.0285586791610888,0.6947791164658634
0.25369789332138054,0.024652622142536978,0.03047960555804572,0.6911698789780367
0.2559178204555605,0.02590442161679321,0.027690933452434122,0.6904868244752121
0.2651141961486789,0.025974025974025976,0.026421854008060904,0.6824899238692342
0.2630173564753004,0.024477080551846907,0.027592345349354695,0.684913217623498
0.26824978012313105,0.023306948109058926,0.026824978012313105,0.6816182937554969
0.26929902395740907,0.023070097604259095,0.02839396628216504,0.6792369121561668
0.2696779964221825,0.02370304114490161,0.029516994633273702,0.6771019677996423
0.2657596371882086,0.024943310657596373,0.028117913832199547,0.6811791383219955
0.26648599819331525,0.025293586269196026,0.025745257452574527,0.6824751580849142
0.2568477772788505,0.025145936237090254,0.025594970812752582,0.6924113156713066
0.25872873769024174,0.024619516562220233,0.025514771709937333,0.6911369740376008
0.2602131438721137,0.023534635879218474,0.026198934280639432,0.6900532859680284
0.26313446126447015,0.02404274265360641,0.026714158504007122,0.6861086375779163
0.261123595505618,0.02292134831460674,0.02696629213483146,0.6889887640449438
0.26339285714285715,0.02142857142857143,0.027232142857142858,0.6879464285714286
0.2629955947136564,0.021145374449339206,0.028634361233480177,0.6872246696035242
0.26148409893992935,0.02075971731448763,0.02782685512367491,0.6899293286219081
0.26413427561837455,0.018992932862190812,0.02871024734982332,0.6881625441696113
0.26648841354723707,0.01871657754010695,0.0285204991087344,0.6862745098039216
0.267825311942959,0.0196078431372549,0.026737967914438502,0.6858288770053476
0.26746242263483644,0.01989389920424403,0.02564102564102564,0.6870026525198939
0.26433691756272404,0.020161290322580645,0.023297491039426525,0.6922043010752689
0.2663716814159292,0.01902654867256637,0.023893805309734513,0.6907079646017699
0.259094942324756,0.02129547471162378,0.023070097604259095,0.6965394853593612
0.2630173564753004,0.022696929238985315,0.023141967067200713,0.6911437472185136
0.26137377341659235,0.021855486173059768,0.02408563782337199,0.6926851025869759
0.2647849462365591,0.021953405017921146,0.0246415770609319,0.6886200716845878
0.2658959537572254,0.021787461093819474,0.026678523788350377,0.6856380613606047
0.25868210151380233,0.02315227070347284,0.026714158504007122,0.6914514692787177
0.2661965623622741,0.022917584839136182,0.025561921551344204,0.6853239312472454
0.2763216348289649,0.024433585073300755,0.023545091070635273,0.6756996890270991
0.2713656387665198,0.027312775330396475,0.02378854625550661,0.677533039647577
0.270990670812972,0.025322079075966238,0.023989338071968014,0.6796979120390937
0.2671447781264007,0.025549081129538322,0.025549081129538322,0.6817570596145226
0.2718832891246684,0.026083112290008842,0.02564102564102564,0.6763925729442971
0.2740088105726872,0.025991189427312777,0.025991189427312777,0.6740088105726872
0.2709447415329768,0.024955436720142603,0.027629233511586453,0.6764705882352942
0.26783310901749663,0.024226110363391656,0.023777478689995513,0.6841633019291162
0.26273458445040215,0.022788203753351208,0.025022341376228777,0.6894548704200179
0.26096687555953446,0.021933751119068933,0.02820053715308863,0.6888988361683079
0.2615182097411145,0.021939447125932425,0.027643703378674857,0.6888986397542782
0.2635832959137854,0.020655590480466997,0.027391109115401886,0.6883700044903458
0.25983899821109124,0.018336314847942754,0.02817531305903399,0.693649373881932
0.2551111111111111,0.020444444444444446,0.028888888888888888,0.6955555555555556
0.2501114578689255,0.022737405260811413,0.027641551493535442,0.6995095853767276
0.2552245442418853,0.024455313472654512,0.024899955535793685,0.6954201867496665
0.2554420257663261,0.023989338071968014,0.027099067081297203,0.6934695690804087
0.2534337616304829,0.02525476295968099,0.0256978289765175,0.6956136464333186
0.26005361930294907,0.024575513851653262,0.025022341376228777,0.6903485254691689
0.25497127706584183,0.024304021210782147,0.026071586389748123,0.694653115333628
0.2544642857142857,0.025,0.026339285714285714,0.6941964285714286
0.2581801882563873,0.02510085163603765,0.02734199910354101,0.6893769610040341
0.2615658362989324,0.022686832740213523,0.027135231316725978,0.6886120996441281
0.25957257346393586,0.023597506678539625,0.02894033837934105,0.6878895814781835
0.26672613737734163,0.021409455842997322,0.027207850133809098,0.6846565566458519
0.2704035874439462,0.021076233183856503,0.025112107623318385,0.683408071748879
0.2678492239467849,0.020842572062084258,0.024390243902439025,0.6869179600886918
0.2680089485458613,0.022818791946308724,0.025503355704697986,0.6836689038031319
0.27164310954063603,0.02120141342756184,0.02782685512367491,0.6793286219081273
0.2669642857142857,0.021875,0.027678571428571427,0.6834821428571428
0.26849800620292424,0.020824102791315906,0.02658396101019052,0.6840939299955694
0.2681095406360424,0.020318021201413426,0.02782685512367491,0.6837455830388692
0.2696579298089738,0.020435362061306087,0.027099067081297203,0.682807641048423
0.265828468792097,0.023798832510103278,0.02694207453973956,0.6834306241580602
0.2680831826401447,0.024864376130198915,0.026220614828209764,0.6808318264014467
0.26996876394466757,0.024096385542168676,0.026327532351628737,0.6796073181615351
0.2647191011235955,0.02606741573033708,0.024719101123595506,0.6844943820224719
0.2611607142857143,0.025,0.026785714285714284,0.6870535714285714
0.25914499779638606,0.02864698104892023,0.0251211987659762,0.6870868223887175
0.25829279080053075,0.029632905793896505,0.026094648385670056,0.6859796550199027
0.25773195876288657,0.02689376961004034,0.026445540116539667,0.6889287315105334
0.2575354609929078,0.027925531914893616,0.026595744680851064,0.6879432624113475
0.2550156041016496,0.02808738296923763,0.02630405706642889,0.6905929558626839
0.25695364238410595,0.02869757174392936,0.02869757174392936,0.6856512141280353
0.25341560158660204,0.027765535478184222,0.027765535478184222,0.6910533274570295
0.2534337616304829,0.027913159060700046,0.02658396101019052,0.6920691182986265
0.2538116591928251,0.027354260089686097,0.025112107623318385,0.6937219730941704
0.25763612217795484,0.025232403718459494,0.025675077467906152,0.6914563966356795
0.2611973392461197,0.027937915742793792,0.02616407982261641,0.6847006651884701
0.2585585585585586,0.026126126126126126,0.026126126126126126,0.6891891891891891
0.2565584704313028,0.02712316585148955,0.024455313472654512,0.6918630502445531
0.2579646017699115,0.027876106194690265,0.022123893805309734,0.6920353982300885
0.25514771709937334,0.02775290957923008,0.020590868397493287,0.6965085049239033
0.24844444444444444,0.02666666666666667,0.021333333333333333,0.7035555555555556
0.24699599465954605,0.027147307521139297,0.022696929238985315,0.7031597685803294
0.2463963963963964,0.02702702702702703,0.022972972972972974,0.7036036036036036
0.2487847989394609,0.026071586389748123,0.023862129916040652,0.7012814847547504
0.25538599640933574,0.026032315978456014,0.026032315978456014,0.6925493716337523
0.25122059476253883,0.024855747891699954,0.026187305814469597,0.6977363515312917
0.2528888888888889,0.024888888888888887,0.024,0.6982222222222222
0.25055530875166593,0.02665482007996446,0.02576632607729898,0.6970235450910707
0.247450110864745,0.025720620842572064,0.02350332594235033,0.7033259423503326
0.2581374321880651,0.025768535262206148,0.0216998191681736,0.6943942133815552
0.25089126559714797,0.024509803921568627,0.02406417112299465,0.7005347593582888
0.2507795100222717,0.026280623608017816,0.02182628062360802,0.7011135857461025
0.24977856510186006,0.024357838795394153,0.022586359610274578,0.7032772364924712
0.24612660469234174,0.02478972996901284,0.02390438247011952,0.7051792828685259
0.23847517730496454,0.027039007092198582,0.02171985815602837,0.7127659574468085
0.24145583666222814,0.02574345317354638,0.026187305814469597,0.7066134043497558
0.24458204334365324,0.024325519681556832,0.024325519681556832,0.706766917293233
0.24769027716674,0.02243730752309723,0.024197096348438186,0.7056753189617246
0.24811027123165852,0.021787461093819474,0.026233881725211204,0.7038683859493108
0.2483221476510067,0.021476510067114093,0.027293064876957495,0.7029082774049217
0.2475512021371327,0.019590382902938557,0.02715939447907391,0.7056990204808549
0.24620196604110814,0.020107238605898123,0.028596961572832886,0.7050938337801609
0.24588706091596266,0.0213428190306803,0.03156958648288128,0.7012005335704757
0.24213836477987422,0.02336028751123091,0.029200359389038633,0.7053009883198562
0.24199288256227758,0.02402135231316726,0.029804270462633453,0.7041814946619217
0.2449528936742934,0.02557200538358008,0.03050695379093764,0.6989681471511888
0.23654957759004003,0.023566029346376166,0.03023566029346376,0.7096487327701201
0.24266666666666667,0.022222222222222223,0.028888888888888888,0.7062222222222222
0.24331550802139038,0.02540106951871658,0.0285204991087344,0.7027629233511586
0.2459016393442623,0.02658396101019052,0.027470093043863535,0.7000443066016836
0.2428443649373882,0.025044722719141325,0.02817531305903399,0.7039355992844365
0.2360248447204969,0.02839396628216504,0.030168589174800354,0.7054125998225377
0.23424228877961556,0.029503799731783638,0.029950827000447027,0.7063030844881538
0.23613595706618962,0.03041144901610018,0.030858676207513418,0.7025939177101967
0.23809523809523808,0.030262572318647086,0.028037383177570093,0.7036048064085447
0.23604960141718334,0.029229406554472984,0.02745792736935341,0.7072630646589902
0.2359402460456942,0.02899824253075571,0.028119507908611598,0.7069420035149385
0.23762817654926438,0.024966562639322336,0.028533214444939812,0.7088720463664735
0.23851983950066874,0.02630405706642889,0.03031654034774855,0.7048595630851539
0.2364774251229325,0.024586499776486366,0.027268663388466695,0.7116674117121145
0.2415956969968624,0.025549081129538322,0.03047960555804572,0.7023756163155536
0.2441860465116279,0.024597495527728087,0.029069767441860465,0.7021466905187835
0.24262734584450402,0.021447721179624665,0.028150134048257374,0.707774798927614
0.2465631929046563,0.020842572062084258,0.0270509977827051,0.7055432372505543
0.24490699734278124,0.019929140832595216,0.02745792736935341,0.7077059344552702
0.24373881932021466,0.022361359570661897,0.026386404293381037,0.7075134168157424
0.24422735346358793,0.022202486678507993,0.026198934280639432,0.7073712255772646
0.24656927844178841,0.02257636122177955,0.027445772465692783,0.7034085878707392
0.23909249563699825,0.02268760907504363,0.028359511343804537,0.7098603839441536
0.23628318584070795,0.023893805309734513,0.030973451327433628,0.7088495575221239
0.23748338502436864,0.024811696942844484,0.031014621178555603,0.7066902968542312
0.23097463284379172,0.02403204272363151,0.030262572318647086,0.7147307521139297
0.2349290780141844,0.023936170212765957,0.02925531914893617,0.7118794326241135
0.22936189201249443,0.022757697456492636,0.02900490852298081,0.7188755020080321
0.22538975501113587,0.024944320712694878,0.027616926503340758,0.7220489977728285
0.22572062084257205,0.027937915742793792,0.025720620842572064,0.720620842572062
0.2222715173025732,0.027950310559006212,0.025732031943212066,0.7240461401952085
0.22158081705150978,0.02797513321492007,0.02886323268206039,0.7215808170515098
0.2248888888888889,0.026222222222222223,0.027555555555555555,0.7213333333333334
0.21861086375779162,0.027604630454140695,0.025823686553873553,0.7279608192341941
0.21612046058458814,0.031443755535872454,0.02745792736935341,0.724977856510186
0.21654068474877725,0.03334815473543797,0.02712316585148955,0.7229879946642952
0.21438142027690935,0.0321572130415364,0.026351049575703438,0.7271103171058508
0.20968458462905376,0.03198578409595735,0.02621057307863172,0.7321190581963571
0.20666666666666667,0.029777777777777778,0.02711111111111111,0.7364444444444445
0.20968458462905376,0.028431808085295423,0.02798756108396268,0.7338960462016881
0.20792520035618878,0.02715939447907391,0.030276046304541407,0.7346393588601959
0.20943562610229277,0.027777777777777776,0.027336860670194002,0.7354497354497355
0.2048888888888889,0.028888888888888888,0.028888888888888888,0.7373333333333333
0.20666666666666667,0.02711111111111111,0.025777777777777778,0.7404444444444445
0.21318000884564353,0.02697921273772667,0.02476780185758514,0.7350729765590447
0.21260541500221927,0.027075011096316024,0.02574345317354638,0.7345761207279183
0.21390611160318868,0.025686448184233834,0.026572187776793623,0.7338352524357838
0.21616793211255025,0.02590442161679321,0.028584189370254576,0.7293434569004019
0.22266139657444006,0.024593763724198508,0.02766798418972332,0.7250768555116381
0.22761358623731803,0.024702249669166298,0.024702249669166298,0.7229819144243493
0.22871154703522067,0.026749888542131076,0.023629068212215783,0.7209094962104324
0.22028596961572833,0.028150134048257374,0.02680965147453083,0.7247542448614834
0.21993741618238713,0.027715690657130084,0.027268663388466695,0.7250782297720161
0.22182786157941436,0.027950310559006212,0.029281277728482696,0.7209405501330968
0.22271714922049,0.027616926503340758,0.027616926503340758,0.7220489977728285
0.22079646017699114,0.02831858407079646,0.030530973451327433,0.720353982300885
0.21696428571428572,0.024107142857142858,0.029464285714285714,0.7294642857142857
0.21825396825396826,0.024250440917107582,0.029541446208112873,0.7279541446208113
0.2180284191829485,0.02575488454706927,0.03019538188277087,0.7260213143872114
0.2167113494191242,0.029490616621983913,0.031724754244861486,0.7220732797140303
0.2130257801899593,0.02939846223428313,0.02939846223428313,0.7281772953414745
0.21444493981275078,0.028979045920642,0.02719572001783326,0.7293802942487739
0.21644444444444444,0.029333333333333333,0.027555555555555555,0.7266666666666667
0.21702317290552584,0.028966131907308377,0.026292335115864526,0.7277183600713012
0.2158176943699732,0.030831099195710455,0.025022341376228777,0.7283288650580876
0.21973094170403587,0.026457399103139014,0.0242152466367713,0.7295964125560538
0.22028596961572833,0.02546916890080429,0.02323503127792672,0.7310098302055407
0.2179144385026738,0.025846702317290554,0.025846702317290554,0.7303921568627451
0.22117962466487937,0.025022341376228777,0.025915996425379804,0.7278820375335121
0.21766280107047278,0.025423728813559324,0.028099910793933987,0.7288135593220338
0.21459982409850484,0.025505716798592787,0.028583992963940194,0.7313104661389622
0.21912350597609562,0.027445772465692783,0.029659141212926073,0.7237715803452855
0.21766280107047278,0.027207850133809098,0.029884032114183764,0.7252453166815344
0.2168082253017434,0.027268663388466695,0.029503799731783638,0.7264193115780062
0.22097714029583146,0.02823845809054236,0.02823845809054236,0.7225459435230838
0.21854008060904612,0.02821316614420063,0.027317510076130765,0.7259292431706225
0.21578243423985732,0.027641551493535442,0.024520731163620153,0.7320552831029871
0.2187638950644731,0.026678523788350377,0.025344597598932858,0.7292129835482437
0.21304926764314247,0.024411895250776743,0.027518863737239236,0.7350199733688415
0.21441202475685234,0.026967285587975242,0.028293545534924844,0.7303271441202476
0.21130551816958276,0.02826379542395693,0.03050695379093764,0.7299237326155227
0.21104625056129322,0.028738212842388863,0.030983385720700495,0.7292321508756174
0.2137777777777778,0.028,0.030222222222222223,0.728
0.2166370106761566,0.027580071174377226,0.02802491103202847,0.7277580071174378
0.21603856266432953,0.027607361963190184,0.02848378615249781,0.7278702892199824
0.21750902527075813,0.029332129963898917,0.027527075812274367,0.7256317689530686
0.2188898836168308,0.02685765443151298,0.02730528200537153,0.7269471799462847
0.22026431718061673,0.023348017621145373,0.029515418502202642,0.7268722466960352
0.21526853084775854,0.0230803373280071,0.026187305814469597,0.7354638260097648
0.21583370190181336,0.02344095532950022,0.02697921273772667,0.7337461300309598
0.21206743566992015,0.024401064773735583,0.027950310559006212,0.735581188997338
0.2114695340501792,0.0246415770609319,0.02867383512544803,0.7352150537634409
0.2136181575433912,0.022696929238985315,0.0267022696929239,0.7369826435246996
0.2153300841825432,0.021267168808152416,0.026140894993354008,0.7372618520159504
0.21494913754975675,0.020787262273330383,0.02476780185758514,0.7394957983193278
0.21752669039145908,0.02224199288256228,0.022686832740213523,0.7375444839857651
0.22177777777777777,0.021333333333333333,0.021777777777777778,0.7351111111111112
0.21460176991150443,0.021238938053097345,0.021238938053097345,0.7429203539823008
0.21845742309407043,0.021845742309407043,0.01961658493089612,0.7400802496656264
0.21492403932082216,0.02323503127792672,0.023681858802502235,0.7381590705987489
0.21005385996409337,0.02244165170556553,0.02244165170556553,0.7450628366247756
0.2127849798837729,0.023692445239159587,0.022351363433169423,0.7411712114438981
0.21556350626118068,0.01967799642218247,0.023255813953488372,0.7415026833631485
0.20603907637655416,0.021314387211367674,0.023090586145648313,0.7495559502664298
0.20666666666666667,0.020444444444444446,0.022222222222222223,0.7506666666666667
0.20862676056338028,0.022887323943661973,0.023767605633802816,0.7447183098591549
0.21314387211367672,0.023090586145648313,0.023090586145648313,0.7406749555950266
0.20892857142857144,0.020982142857142855,0.023660714285714285,0.7464285714285714
0.2050824788230049,0.020954079358002677,0.024966562639322336,0.7489968791796701
0.2108994240141781,0.0203810367744794,0.024368630926007974,0.7443509082853346
0.21059661620658948,0.020480854853072127,0.02315227070347284,0.7457702582368655
0.21054984354045597,0.022798390701832812,0.023692445239159587,0.7429593205185516
0.21456953642384105,0.020309050772626933,0.022516556291390728,0.7426048565121413
0.20732797140303844,0.020107238605898123,0.022341376228775692,0.7502234137622877
0.20998662505572893,0.02139991083370486,0.02139991083370486,0.7472135532768613
0.2089420097388225,0.02213368747233289,0.0199203187250996,0.749003984063745
0.2090218847699866,0.020991514068780706,0.02009825815096025,0.7498883430102724
0.2066079295154185,0.02290748898678414,0.02378854625550661,0.7466960352422908
0.20962047661076788,0.021624007060900265,0.02383053839364519,0.7449249779346867
0.21078214759169245,0.020326999558108707,0.022536456031816175,0.7463543968183827
0.20774647887323944,0.02244718309859155,0.023327464788732395,0.7464788732394366
0.2087527352297593,0.023194748358862146,0.024070021881838075,0.7439824945295405
0.21236559139784947,0.025537634408602152,0.024193548387096774,0.7379032258064516
0.21624046657694032,0.02826379542395693,0.024226110363391656,0.7312696276357111
0.22103386809269163,0.025846702317290554,0.02540106951871658,0.7277183600713012
0.214190093708166,0.02900490852298081,0.024096385542168676,0.7327086122266845
0.21692650334075725,0.030289532293986638,0.024944320712694878,0.7278396436525613
0.21476211649622054,0.029346376167185415,0.026678523788350377,0.7292129835482437
0.21851357365376056,0.030707610146862484,0.02892745883400089,0.7218513573653761
0.21280353200883,0.02869757174392936,0.02913907284768212,0.7293598233995585
0.2148945715567519,0.02781516375056079,0.026917900403768506,0.7303723642889188
0.21499102333931777,0.02827648114901257,0.025134649910233394,0.7315978456014363
0.21798848028356224,0.027913159060700046,0.02702702702702703,0.7270713336287107
0.22119613016710643,0.025065963060686015,0.027704485488126648,0.7260334212840809
0.21872227151730259,0.022626441881100266,0.029724933451641525,0.7289263531499557
0.22266489597166889,0.021691013722886232,0.02877379371403276,0.7268702965914121
0.22597864768683273,0.019572953736654804,0.02802491103202847,0.7264234875444839
0.22337078651685394,0.021573033707865168,0.02606741573033708,0.7289887640449438
0.22192632046160674,0.022192632046160676,0.027075011096316024,0.7288060363959166
0.22162645218945487,0.021894548704200177,0.025915996425379804,0.7305630026809652
0.21770227983907017,0.0232454179704962,0.023692445239159587,0.735359856951274
0.2174496644295302,0.021476510067114093,0.02237136465324385,0.7387024608501118
0.21770227983907017,0.02101028162717926,0.023692445239159587,0.737594993294591
0.21645796064400716,0.018336314847942754,0.02370304114490161,0.7415026833631485
0.21723678365171034,0.018658374055975122,0.024433585073300755,0.7396712572190137
0.22120017520805957,0.02102496714848883,0.023215067893123085,0.7345597897503285
0.21777777777777776,0.020888888888888887,0.024,0.7373333333333333
0.2168082253017434,0.021457308895842648,0.0232454179704962,0.7384890478319177
0.21438082556591212,0.020861074123391034,0.023968042609853527,0.7407900577008433
0.2204968944099379,0.02129547471162378,0.025732031943212066,0.7324755989352263
0.21818181818181817,0.023059866962305987,0.02394678492239468,0.7348115299334812
0.21868083222664897,0.023019034971226208,0.02478972996901284,0.733510402833112
0.2233661593554163,0.021933751119068933,0.022829006266786033,0.7318710832587287
0.21727515583259127,0.021816562778272486,0.02404274265360641,0.7368655387355298
0.21479500891265596,0.023618538324420676,0.023172905525846704,0.7384135472370766
0.21120497999110716,0.023121387283236993,0.025344597598932858,0.740329035126723
0.21210782147591692,0.022536456031816175,0.021652673442333185,0.7437030490499337
0.21830985915492956,0.02244718309859155,0.021566901408450703,0.7376760563380281
0.2136790344210997,0.023692445239159587,0.022798390701832812,0.739830129637908
0.21827861579414373,0.023957409050576754,0.02129547471162378,0.7364685004436557
0.2223210315695865,0.02401067140951534,0.0213428190306803,0.7323254779902179
0.21892967713401149,0.022114108801415303,0.022114108801415303,0.7368421052631579
0.21601073345259392,0.02146690518783542,0.023255813953488372,0.7392665474060823
0.21690013556258472,0.02394938996836873,0.021238138273836422,0.7379123361952101
0.21783953384132676,0.025997310623038995,0.021963245181532944,0.7341999103541013
0.21466666666666667,0.026222222222222223,0.020888888888888887,0.7382222222222222
0.21716054842989826,0.02565236620964175,0.018575851393188854,0.7386112339672711
0.21469933184855233,0.026280623608017816,0.018708240534521157,0.7403118040089087
0.20944741532976827,0.027629233511586453,0.02094474153297683,0.7419786096256684
0.20848214285714287,0.027232142857142858,0.021875,0.7424107142857143
0.20994229915667997,0.030181979582778518,0.02174877940523746,0.738126941855304
0.20807174887892377,0.029596412556053813,0.02197309417040359,0.7403587443946188
0.20824003582624273,0.027765338110165697,0.02239140170174653,0.741603224361845
0.2110664881749219,0.0285586791610888,0.02186523873270861,0.7385095939312807
0.2078272604588394,0.027440395861448492,0.01979307242465137,0.7449392712550608
0.21204072598494908,0.02656042496679947,0.02036299247454626,0.7410358565737052
0.21231043710972347,0.024977698483496878,0.019625334522747548,0.7430865298840321
0.2161319073083779,0.02406417112299465,0.020499108734402853,0.7393048128342246
0.21601073345259392,0.024150268336314847,0.018783542039355994,0.7410554561717353
0.2237422771403354,0.02383053839364519,0.018093556928508385,0.7343336275375111
0.22739480752014324,0.024171888988361683,0.019247985675917637,0.7291853178155775
0.23019034971226207,0.02434705621956618,0.0199203187250996,0.7255422753430721
0.22936189201249443,0.025881302989736725,0.019187862561356538,0.7255689424364123
0.22900088417329797,0.028735632183908046,0.01989389920424403,0.7223695844385499
0.22430741733690795,0.028150134048257374,0.02100089365504915,0.7265415549597856
