C,D,Oc,Od
0.0,0.0,1.0,0.0
0.0,0.5,0.5,0.0
0.0,0.4444444444444444,0.3333333333333333,0.2222222222222222
0.0,0.2777777777777778,0.3333333333333333,0.3888888888888889
0.0,0.21875,0.3125,0.46875
0.038461538461538464,0.23076923076923078,0.28846153846153844,0.4423076923076923
0.04597701149425287,0.2413793103448276,0.26436781609195403,0.4482758620689655
0.07352941176470588,0.22794117647058823,0.2426470588235294,0.45588235294117646
0.09375,0.203125,0.21875,0.484375
0.09774436090225563,0.19548872180451127,0.22556390977443608,0.48120300751879697
0.10140845070422536,0.18591549295774648,0.2140845070422535,0.49859154929577465
0.10217391304347827,0.18043478260869567,0.21739130434782608,0.5
0.10243055555555555,0.1892361111111111,0.2152777777777778,0.4930555555555556
0.10848400556328233,0.17524339360222532,0.21835883171070933,0.49791376912378305
0.11073059360730593,0.16095890410958905,0.228310502283105,0.5
0.11815561959654179,0.1633045148895293,0.2420749279538905,0.47646493756003844
0.12458471760797342,0.15282392026578073,0.24916943521594684,0.473421926910299
0.1365923795830338,0.14809489575844717,0.24874191229331416,0.46657081236520487
0.138996138996139,0.15122265122265122,0.25418275418275416,0.4555984555984556
0.14849734826163818,0.13730111962286387,0.2563347083087802,0.4578668238067177
0.1536281179138322,0.1326530612244898,0.2568027210884354,0.45691609977324266
0.15516318887105404,0.12520064205457465,0.26163723916532905,0.4579989299090423
0.16251298026998962,0.12045690550363447,0.2554517133956386,0.46157840083073726
0.16883116883116883,0.12137862137862138,0.25924075924075923,0.45054945054945056
0.1680630852636767,0.12124199112863479,0.24987678659438148,0.46081813701330704
0.17450315075133302,0.11972855065438681,0.24769752787203103,0.45807077072224917
0.17845433255269322,0.12318501170960187,0.23793911007025761,0.4604215456674473
0.18307905686546463,0.12436430883032824,0.23948220064724918,0.45307443365695793
0.18094804010938925,0.12807657247037374,0.23473108477666363,0.4562443026435734
0.18628777627424448,0.12990527740189445,0.2368064952638701,0.447000451059991
0.18674966651845265,0.13072476656291684,0.2383281458425967,0.44419742107603377
0.1950354609929078,0.12943262411347517,0.2393617021276596,0.43617021276595747
0.19698314108251996,0.12688553682342502,0.243566992014197,0.432564330079858
0.19539211342490032,0.12937527691626052,0.25033229951262737,0.42490031014621177
0.19479947113265755,0.13133539003966505,0.24548259144997797,0.42838254737769943
0.19815059445178335,0.130779392338177,0.24966974900924702,0.42140026420079263
0.19955654101995565,0.13392461197339245,0.24301552106430155,0.42350332594235035
0.19656992084432717,0.13544415127528583,0.24758135444151275,0.4204045734388742
0.19576719576719576,0.13580246913580246,0.24559082892416226,0.4228395061728395
0.1947598253275109,0.137117903930131,0.2423580786026201,0.425764192139738
0.19344842850818947,0.13678618857901725,0.24612660469234174,0.42363877822045154
0.19665640123185218,0.13770347558293006,0.2446106467223933,0.42102947646282446
0.20195729537366547,0.14056939501779359,0.23976868327402134,0.41770462633451955
0.20682116309575863,0.1429820725841714,0.23874070835155226,0.4114560559685177
0.2030008826125331,0.14254192409532215,0.24227714033539277,0.412180052956752
0.20614425645592163,0.14514692787177205,0.2382012466607302,0.41050756901157615
0.20935314685314685,0.14554195804195805,0.2403846153846154,0.40472027972027974
0.20585625554569653,0.1495119787045253,0.24001774622892635,0.4046140195208518
0.20838852097130242,0.15143487858719648,0.2370860927152318,0.4030905077262693
0.21084864391951005,0.157917760279965,0.2331583552055993,0.39807524059492566
0.21244444444444444,0.15777777777777777,0.23244444444444445,0.3973333333333333
0.21663019693654267,0.15448577680525163,0.23413566739606126,0.39474835886214443
0.2213875386654883,0.15422006186478127,0.23155103844454264,0.3928413610251878
0.21775618374558303,0.14929328621908128,0.2318904593639576,0.4010600706713781
0.2204585537918871,0.14285714285714285,0.2345679012345679,0.4021164021164021
0.22148541114058357,0.14500442086648982,0.23165340406719717,0.40185676392572944
0.22493461203138623,0.14516129032258066,0.23408892763731473,0.3958151700087184
0.22324561403508772,0.14035087719298245,0.2381578947368421,0.39824561403508774
0.22408469342743714,0.13939126599029555,0.23864137626819584,0.39788266431407143
0.2240245506356861,0.14116615519508988,0.2376150811047786,0.3971942130644454
0.23011994669035984,0.14127054642381165,0.2403376277210129,0.38827187916481565
0.22961657117672984,0.14279418245923314,0.23270163067430585,0.3948876156897312
0.22104799647732276,0.14795244385733158,0.23293703214442976,0.3980625275209159
0.22671353251318102,0.14894551845342707,0.23198594024604569,0.39235500878734625
0.22988505747126436,0.15075154730327145,0.22944297082228116,0.38992042440318303
0.23002207505518762,0.1456953642384106,0.23752759381898456,0.38675496688741723
0.23033216783216784,0.15384615384615385,0.23557692307692307,0.38024475524475526
0.2318777292576419,0.15502183406113537,0.2406113537117904,0.37248908296943234
0.22905525846702318,0.15641711229946523,0.24420677361853832,0.37032085561497324
0.2244541484716157,0.15938864628820962,0.2441048034934498,0.3720524017467249
0.22687224669603523,0.15770925110132158,0.2488986784140969,0.36651982378854625
0.22080772607550483,0.16066725197541704,0.25065847234416155,0.3678665496049166
0.22448077772867875,0.1586389748121962,0.25364560318161733,0.36323464427750773
0.22060766182298547,0.15852047556142668,0.2575957727873184,0.3632760898282695
0.22192749778956675,0.17020335985853227,0.2480106100795756,0.3598585322723254
0.22369000440334655,0.16732716864817263,0.2523117569352708,0.35667107001321
0.21986754966887417,0.17130242825607064,0.25165562913907286,0.35717439293598235
0.218117854001759,0.17634124890061564,0.24758135444151275,0.3579595426561126
0.2188449848024316,0.17672600955275727,0.2444637429439861,0.359965262700825
0.2177348551360843,0.17647058823529413,0.24231782265144863,0.36347673397717295
0.2142226148409894,0.1793286219081272,0.25176678445229683,0.3546819787985866
0.21249450065992082,0.18213814342278928,0.2512098548174219,0.354157501099868
0.2134387351778656,0.18269653052261747,0.2481335090030742,0.3557312252964427
0.2131578947368421,0.18464912280701753,0.25043859649122807,0.35175438596491226
0.21557413110426749,0.18609766827980642,0.24417069951605808,0.354157501099868
0.21328056288478453,0.18469656992084432,0.25285839929639403,0.3491644678979771
0.21299956082564778,0.19235836627140976,0.2481335090030742,0.3465085638998682
0.22095070422535212,0.19014084507042253,0.24735915492957747,0.3415492957746479
0.22661396574440051,0.1875274483970136,0.24769433465085638,0.33816425120772947
0.22717343818261249,0.19222367846221058,0.24333770205329838,0.33726518130187855
0.23080317740511916,0.19814651368049427,0.23962930273609886,0.33142100617828774
0.2244629548443665,0.19596668128014028,0.24550635686102587,0.3340640070144673
0.22629969418960244,0.1983398864132809,0.24333770205329838,0.3320227173438183
0.22562308701355488,0.20069960647135987,0.2466112811543507,0.3270660253607346
0.22922134733158356,0.19860017497812774,0.24496937882764655,0.32720909886264216
0.22689443714410862,0.1988611476127902,0.2457293035479632,0.328515111695138
0.22773593265396544,0.19893664155959237,0.2459016393442623,0.3274257864421799
0.22514235654840123,0.19929916776171705,0.2518615856329391,0.32369689005694263
0.22829440282062582,0.20229175848391362,0.249008373732922,0.3204054649625386
0.23087071240105542,0.20536499560246263,0.2484608619173263,0.3153034300791557
0.2309722833260009,0.20853497580290364,0.24769027716674,0.3128024637043555
0.23426573426573427,0.20804195804195805,0.24737762237762237,0.3103146853146853
0.23302671922908455,0.20805957074025405,0.24616732369689007,0.31274638633377133
0.23093777388255915,0.2085889570552147,0.2427695004382121,0.317703768624014
0.22562308701355488,0.2129427197201574,0.24529951902055094,0.31613467424573677
0.23550087873462214,0.21045694200351495,0.23637961335676624,0.31766256590509667
0.23784261715296198,0.20689655172413793,0.23916887709991158,0.3160919540229885
0.24231782265144863,0.2032484635645303,0.23748902546093065,0.3169446883230904
0.23611718408395277,0.21075644949715786,0.23917796239615216,0.3139484040227372
0.23702726473175023,0.21108179419525067,0.23614775725593667,0.31574318381706246
0.23616557734204793,0.21089324618736383,0.2357298474945534,0.3172113289760349
0.23649825783972125,0.20426829268292682,0.23780487804878048,0.32142857142857145
0.2311446317657498,0.21162377994676132,0.23469387755102042,0.3225377107364685
0.23457330415754923,0.21181619256017506,0.2363238512035011,0.3172866520787746
0.23672758920800696,0.21627502175805047,0.22932985204525674,0.31766753698868583
0.23649247121346323,0.21257750221434898,0.2329495128432241,0.3179805137289637
0.23490524460114587,0.21683561040105773,0.23182018510356986,0.31643895989422655
0.2356828193832599,0.22422907488986785,0.22378854625550662,0.3162995594713656
0.23778359511343805,0.22251308900523561,0.22207678883071552,0.31762652705061084
0.23235423060061378,0.23191582639193337,0.21964050854888206,0.3160894344585708
0.23289473684210527,0.23026315789473684,0.22324561403508772,0.31359649122807015
0.23171806167400882,0.23171806167400882,0.2211453744493392,0.31541850220264317
0.23737821080602303,0.2263064658990257,0.22763507528786536,0.30868024800708593
0.23987676056338028,0.23107394366197184,0.22359154929577466,0.30545774647887325
0.23270163067430585,0.23270163067430585,0.2265315116791538,0.3080652269722345
0.23544973544973544,0.2328042328042328,0.22883597883597884,0.3029100529100529
0.23324514991181658,0.2328042328042328,0.22971781305114639,0.30423280423280424
0.23043095866314864,0.22999120492524186,0.23790677220756376,0.3016710642040457
0.2312062937062937,0.22683566433566432,0.2403846153846154,0.30157342657342656
0.22808547754034017,0.23157435673789795,0.23680767553423462,0.30353249018752726
0.2331720193576771,0.22877254729432467,0.23625164980202376,0.3018037835459745
0.23636363636363636,0.2337028824833703,0.23237250554323724,0.2975609756097561
0.2334370831480658,0.22810137839039574,0.23299244108492664,0.3054690973766118
0.22596153846153846,0.23295454545454544,0.23732517482517482,0.30375874125874125
0.22212505465675558,0.23961521644075207,0.240052470485352,0.29820725841714035
0.22032413491020586,0.24310118265440211,0.23696890056942618,0.2996057818659658
0.2171628721541156,0.2434325744308231,0.2329246935201401,0.3064798598949212
0.2232620320855615,0.23351158645276293,0.23529411764705882,0.30793226381461675
0.22719298245614036,0.2307017543859649,0.2394736842105263,0.3026315789473684
0.2229580573951435,0.23399558498896247,0.23841059602649006,0.304635761589404
0.22315140845070422,0.22755281690140844,0.2420774647887324,0.30721830985915494
0.22281167108753316,0.22944297082228116,0.23872679045092837,0.3090185676392573
0.22439024390243903,0.23725055432372505,0.23458980044345898,0.30376940133037694
0.2220744680851064,0.24157801418439717,0.2402482269503546,0.29609929078014185
0.21972699251431088,0.2399823866138265,0.2404227212681638,0.2998678996036988
0.21628721541155868,0.24518388791593695,0.23905429071803852,0.29947460595446584
0.22339955849889626,0.2445916114790287,0.2335540838852097,0.29845474613686535
0.22119613016710643,0.24890061565523308,0.23306948109058928,0.29683377308707126
0.21560035056967572,0.2528483786152498,0.23444347063978965,0.2971078001752848
0.2151060070671378,0.25220848056537104,0.23719081272084805,0.2954946996466431
0.21577123050259966,0.2534662045060659,0.23440207972270363,0.29636048526863085
0.21760070052539404,0.2561295971978984,0.23555166374781086,0.29071803852889666
0.22687224669603523,0.2563876651982379,0.22819383259911893,0.28854625550660795
0.22325375773651635,0.2639257294429708,0.22590627763041557,0.28691423519009723
0.22071083808688022,0.2615182097411145,0.22729267222465993,0.2904782799473453
0.22713347921225382,0.25601750547045954,0.2201312910284464,0.29671772428884025
0.22878390201224846,0.25284339457567806,0.2226596675415573,0.29571303587051617
0.2324561403508772,0.2517543859649123,0.22587719298245615,0.2899122807017544
0.23293703214442976,0.24746807573756055,0.22148833113166005,0.29810656098634963
0.227797513321492,0.25177619893428066,0.22291296625222023,0.2975133214920071
0.22860903905221588,0.24835454146555508,0.2268538832821413,0.2961825362000878
0.22975929978118162,0.24901531728665208,0.22450765864332603,0.29671772428884025
0.23218997361477572,0.24670184696569922,0.22515391380826738,0.2959542656112577
0.23337736679876706,0.2413033905768384,0.22765301629238222,0.29766622633201234
0.23333333333333334,0.24912280701754386,0.22719298245614036,0.29035087719298247
0.22735346358792186,0.2508880994671403,0.23001776198934282,0.291740674955595
0.22396514161220044,0.2570806100217865,0.22875816993464052,0.2901960784313726
0.22236842105263158,0.262719298245614,0.22807017543859648,0.2868421052631579
0.22787610619469026,0.26194690265486725,0.23053097345132742,0.27964601769911507
0.23100570926657882,0.26174791392182695,0.2231005709266579,0.2841458058849363
0.2338568935427574,0.2591623036649215,0.22294938917975568,0.28403141361256545
0.2369584438549956,0.25906277630415564,0.22369584438549955,0.28028293545534927
0.23513870541611626,0.2562747688243065,0.23029502421840597,0.27829150154117127
0.2353717553893533,0.2556093268807743,0.22833260008798945,0.28068631764188295
0.23662096417514375,0.2529854046881911,0.23131357806280406,0.27908005307386113
0.23885209713024283,0.2543046357615894,0.22737306843267108,0.27947019867549666
0.24100087796312555,0.257243195785777,0.218612818261633,0.28314310798946446
0.25022261798753337,0.25512021371326804,0.21460373998219057,0.280053428317008
0.25384953805543337,0.2600087989441267,0.20941487021557414,0.27672679278486584
0.2526362038664323,0.2570298769771529,0.21353251318101935,0.27680140597539543
0.24956140350877193,0.25921052631578945,0.2162280701754386,0.275
0.24835454146555508,0.26195699868363315,0.21456779289161912,0.27512066695919263
0.24571428571428572,0.2632967032967033,0.21494505494505495,0.27604395604395604
0.24202127659574468,0.26640070921985815,0.2074468085106383,0.2841312056737589
0.24242424242424243,0.26262626262626265,0.2090469916556873,0.2859025032938076
0.2467134092900964,0.2581069237510955,0.21428571428571427,0.28089395267309375
0.24081451969898185,0.2598494909251881,0.22089420097388224,0.2784417884019478
0.23801065719360567,0.2544404973357016,0.2255772646536412,0.28197158081705154
0.2343887423043096,0.2559366754617414,0.22383465259454705,0.2858399296394019
0.22911169744942833,0.25549692172383465,0.22867194371152155,0.28671943711521547
0.23706324635117204,0.2574082264484741,0.2251216275984078,0.28040689960194604
0.23513753327417924,0.25554569653948533,0.2284826974267968,0.2808340727595386
0.2363556338028169,0.2522007042253521,0.22579225352112675,0.28565140845070425
0.23670212765957446,0.25177304964539005,0.2322695035460993,0.27925531914893614
0.2381160052333188,0.24552987352812908,0.23549934583515045,0.28085477540340165
0.2343612334801762,0.2515418502202643,0.23480176211453743,0.27929515418502204
0.2350861688024746,0.2483429076447194,0.22801590808661068,0.28855501546619533
0.23350923482849603,0.24934036939313983,0.2264731750219877,0.2906772207563764
0.2353717553893533,0.24681038275406952,0.22657281126264847,0.29124505059392874
0.23625886524822695,0.2375886524822695,0.22872340425531915,0.2974290780141844
0.23053233611966564,0.24417069951605808,0.2309722833260009,0.2943246810382754
0.23178807947019867,0.24326710816777042,0.23576158940397351,0.2891832229580574
0.2341910161360663,0.2420409943305713,0.23549934583515045,0.2882686436982119
0.23947939262472884,0.2368763557483731,0.23644251626898047,0.2872017353579176
0.2480106100795756,0.22679045092838196,0.23740053050397877,0.28779840848806365
0.24736379613356765,0.2359402460456942,0.23330404217926187,0.28339191564147626
0.24802458296751537,0.23661106233538193,0.23529411764705882,0.2800702370500439
0.24933451641526175,0.23868677905944988,0.23380656610470274,0.27817213842058564
0.24515845070422534,0.2442781690140845,0.23283450704225353,0.2777288732394366
0.25142857142857145,0.24527472527472527,0.2342857142857143,0.269010989010989
0.2484769364664926,0.24499564838990426,0.23324630113141862,0.2732811140121845
0.2526362038664323,0.24428822495606328,0.23154657293497363,0.27152899824253074
0.24913194444444445,0.2456597222222222,0.2287326388888889,0.2764756944444444
0.2478972996901284,0.24656927844178841,0.2288623284639221,0.27667109340416113
0.2456217162872154,0.25,0.22723292469352013,0.27714535901926446
0.24469964664310953,0.24646643109540636,0.22747349823321555,0.28136042402826855
0.2522007042253521,0.24339788732394366,0.2227112676056338,0.28169014084507044
0.2506619593998235,0.24801412180052956,0.21712268314210062,0.28420123565754635
0.2509821038847665,0.24879965080750763,0.21213443910955915,0.28808380619816676
0.2542894852617686,0.24857017157941047,0.21161460624725034,0.2855257369115706
0.2487847989394609,0.2545293857711003,0.207688908528502,0.2889969067609368
0.24833110814419226,0.2576769025367156,0.20516243880729862,0.2888295505117935
0.24575902566333188,0.25097868638538495,0.21183123096998696,0.29143105698129623
0.24406332453825857,0.2546174142480211,0.21328056288478453,0.2880386983289358
0.2407079646017699,0.2570796460176991,0.21327433628318584,0.28893805309734516
0.24050632911392406,0.2645133129637713,0.21038847664775207,0.2845918812745526
0.23157894736842105,0.2657894736842105,0.21447368421052632,0.2881578947368421
0.23345101500441306,0.26610767872903796,0.21006178287731686,0.2903795233892321
0.23342059336823734,0.26919720767888305,0.20593368237347295,0.2914485165794066
0.23657791357485813,0.26625927542557837,0.20646006110868617,0.29070274989087735
0.2355229040622299,0.26145203111495247,0.2143474503025065,0.28867761452031115
0.2344095532950022,0.26536930561698363,0.20875718708536045,0.2914639540026537
0.23358307624504188,0.26531511679153813,0.20713970912296165,0.29396209784045835
0.23257839721254356,0.26872822299651566,0.20121951219512196,0.29747386759581884
0.22749445676274946,0.27184035476718404,0.19911308203991132,0.30155210643015523
0.2274923144488362,0.2727272727272727,0.1976284584980237,0.3021519543258674
0.22634836427939875,0.26790450928381965,0.20159151193633953,0.3041556145004421
0.22485726833552921,0.2696530522617479,0.20509442248572685,0.30039525691699603
0.22877254729432467,0.2591289045314562,0.20413550373955125,0.3079630444346678
0.23080317740511916,0.2581641659311562,0.20432480141218004,0.3067078552515446
0.23364075537988582,0.25559947299077734,0.20333772507685552,0.30742204655248134
0.23368606701940034,0.25396825396825395,0.20590828924162258,0.3064373897707231
0.2353459673865139,0.249008373732922,0.2093433230498017,0.30630233583076244
0.2398230088495575,0.24601769911504426,0.21150442477876105,0.30265486725663715
0.23757149142102948,0.24153101627804663,0.21029476462824462,0.31060272767267927
0.23337736679876706,0.24614707177454867,0.21312197269925143,0.30735358872743285
0.23496076721883175,0.24324324324324326,0.21142109851787272,0.31037489102005233
0.23977122745270568,0.24285085789705235,0.20809502859656842,0.30928288605367354
0.2379903040987219,0.24327897752313796,0.20890260026443366,0.3098281181137065
0.24168514412416853,0.24035476718403548,0.20931263858093127,0.30864745011086475
0.23513870541611626,0.23734037868780272,0.21532364597093792,0.31219726992514313
0.23828296101620675,0.24003504161191414,0.21068769163381515,0.31099430573806397
0.23641184268669907,0.2403888643393725,0.21254971277065843,0.31064958020327
0.23534558180227472,0.24540682414698162,0.2121609798775153,0.30708661417322836
0.23234524847428073,0.24847428073234526,0.22057541412380122,0.2986050566695728
0.23430592396109637,0.248894783377542,0.21396993810786913,0.30282935455349247
0.2378892733564014,0.2430795847750865,0.2171280276816609,0.30190311418685123
0.2344226579520697,0.244880174291939,0.21568627450980393,0.30501089324618735
0.22982456140350876,0.24736842105263157,0.21754385964912282,0.30526315789473685
0.22717247463608292,0.2479047198941332,0.22011468901632114,0.30480811645346273
0.22833260008798945,0.2542894852617686,0.21557413110426749,0.3018037835459745
0.22880983750548967,0.25867369345630215,0.21563460693895475,0.2968818620992534
0.23154215814766274,0.2564438619484491,0.21406727828746178,0.2979467016164264
0.23117803365810452,0.2577502214348981,0.21612046058458814,0.2949512843224092
0.2277533039647577,0.25903083700440527,0.21806167400881057,0.29515418502202645
0.2254335260115607,0.25789239662072033,0.2187638950644731,0.2979101823032459
0.21999127018769096,0.2584024443474465,0.21911828895678742,0.30248799650807506
0.22444541104828186,0.25228360156589824,0.22531535450195736,0.29795563288386256
0.22896368467670505,0.245792736935341,0.2201062887511072,0.3051372896368468
0.23002207505518762,0.23885209713024283,0.22428256070640176,0.3068432671081678
0.23073555166374782,0.24605954465849386,0.2202276707530648,0.30297723292469353
0.23036187113857018,0.24933804060017653,0.22153574580759047,0.29876434245366285
0.23165851489550912,0.2463317029791018,0.2218763895064473,0.30013339261894173
0.23790501553484245,0.2472259209942299,0.22148246782068354,0.2933865956502441
0.2341910161360663,0.25207152202354993,0.21674662014827736,0.29699084169210643
0.2317765168048887,0.2492361414229594,0.22566564818856394,0.29332169358358795
0.22319859402460457,0.2478031634446397,0.23022847100175747,0.29876977152899825
0.2266725352112676,0.24691901408450703,0.22843309859154928,0.29797535211267606
0.2285589899869395,0.23987810187200698,0.22638223770134958,0.305180670439704
0.22893692104102337,0.24040582267313632,0.2267313630348478,0.3039258932509925
0.2306338028169014,0.23723591549295775,0.23107394366197184,0.301056338028169
0.2319542253521127,0.24119718309859156,0.22535211267605634,0.30149647887323944
0.23432636727434417,0.24099599822143175,0.22587816807469988,0.2987994664295242
0.23526824978012312,0.24274406332453827,0.21503957783641162,0.306948109058927
0.23392070484581498,0.24140969162995596,0.21762114537444935,0.3070484581497797
0.23306948109058928,0.23966578715919085,0.21240105540897097,0.3148636763412489
0.2279541446208113,0.24338624338624337,0.21869488536155202,0.3099647266313933
0.2267493356953056,0.2475642161204606,0.21966341895482727,0.30602302922940655
0.22492266902342023,0.24569155987627045,0.2222713212549713,0.30711444984533803
0.23633156966490299,0.24779541446208111,0.2173721340388007,0.2985008818342152
0.23826239578762615,0.23913997367266346,0.2242211496270294,0.298376480912681
0.2394678492239468,0.22926829268292684,0.22350332594235034,0.30776053215077603
0.24172915747684165,0.22893692104102337,0.2227613586237318,0.3065725628584032
0.23477100933748332,0.23210315695864828,0.22943530457981326,0.30369052912405514
0.2391496899911426,0.22232063773250665,0.23117803365810452,0.3073516386182462
0.24263736263736263,0.22153846153846155,0.22637362637362637,0.30945054945054945
0.24413976116762495,0.2260061919504644,0.22644847412649272,0.30340557275541796
0.24166666666666667,0.23114035087719298,0.218859649122807,0.30833333333333335
0.23723591549295775,0.23943661971830985,0.21875,0.3045774647887324
0.23941798941798942,0.23500881834215168,0.22134038800705466,0.30423280423280424
0.24554367201426025,0.232174688057041,0.2179144385026738,0.30436720142602497
0.24901531728665208,0.2363238512035011,0.21706783369803062,0.2975929978118162
0.25289403383793413,0.23018699910952806,0.21549421193232413,0.3014247551202137
0.25518763796909494,0.23752759381898456,0.2088300220750552,0.29845474613686535
0.25252969643642764,0.2380114386273647,0.21029476462824462,0.29916410030796303
0.25518763796909494,0.2392935982339956,0.21059602649006623,0.29492273730684326
0.2583774250440917,0.2328042328042328,0.21693121693121692,0.29188712522045857
0.2588183421516755,0.2345679012345679,0.21693121693121692,0.2896825396825397
0.25809312638580933,0.22749445676274946,0.21286031042128603,0.30155210643015523
0.2602197802197802,0.2254945054945055,0.2153846153846154,0.2989010989010989
0.2675438596491228,0.23026315789473684,0.21271929824561403,0.2894736842105263
0.2638706858890345,0.22324159021406728,0.22062035823503715,0.29226736566186107
0.26458973233874505,0.22641509433962265,0.21939447125932426,0.28960070206230804
0.25963668586619404,0.22773593265396544,0.2210899424014178,0.29153743907842267
0.2647058823529412,0.22607550482879718,0.2177348551360843,0.2914837576821773
0.2597173144876325,0.2234982332155477,0.22173144876325088,0.2950530035335689
0.26184092940125114,0.22207327971403037,0.2287756925826631,0.2873100983020554
0.2619360490582567,0.22996057818659657,0.22470433639947437,0.2833990363556724
0.25852146967684814,0.22310756972111553,0.23638778220451528,0.281983178397521
0.25765529308836393,0.22003499562554682,0.23053368328958881,0.29177602799650043
0.2518847006651885,0.22172949002217296,0.23237250554323724,0.2940133037694013
0.25308098591549294,0.2266725352112676,0.23327464788732394,0.2869718309859155
0.2626970227670753,0.2180385288966725,0.2351138353765324,0.2841506129597198
0.25999121651295565,0.22002635046113306,0.23539745278875715,0.2845849802371542
0.27164310954063603,0.21863957597173145,0.22438162544169613,0.28533568904593637
0.2672790901137358,0.21391076115485563,0.22615923009623798,0.2926509186351706
0.2662280701754386,0.21535087719298246,0.22631578947368422,0.29210526315789476
0.26015901060070673,0.21775618374558303,0.22747349823321555,0.2946113074204947
0.25726872246696036,0.20484581497797358,0.23127753303964757,0.3066079295154185
0.2534582775546631,0.214636323070058,0.23248549754573852,0.29941990182954037
0.2514438027543314,0.20835184362505554,0.23322967569968903,0.30697467792092403
0.2574823943661972,0.2130281690140845,0.2249119718309859,0.3045774647887324
0.2571428571428571,0.2153846153846154,0.22285714285714286,0.3046153846153846
0.24966740576496674,0.22394678492239467,0.23059866962305986,0.2957871396895787
0.24683820322721325,0.2228521587440035,0.2285215874400349,0.30178805058874836
0.24879333040807372,0.22729267222465993,0.22290478279947346,0.3010092145677929
0.24857268335529206,0.2235397452788757,0.22705314009661837,0.3008344312692139
0.25308098591549294,0.2262323943661972,0.2262323943661972,0.2944542253521127
0.2537577365163572,0.22723253757736517,0.22458001768346597,0.29442970822281167
0.2540035587188612,0.22419928825622776,0.22686832740213522,0.2949288256227758
0.25362637362637364,0.21846153846153846,0.23076923076923078,0.29714285714285715
0.25396825396825395,0.21869488536155202,0.2292768959435626,0.2980599647266314
0.25695364238410595,0.21368653421633554,0.2282560706401766,0.3011037527593819
0.2563208369659983,0.2140366172624237,0.22188317349607672,0.3077593722755013
0.2583187390542907,0.21760070052539404,0.21891418563922943,0.3051663747810858
0.254962505513895,0.21261579179532422,0.22893692104102337,0.3034847816497574
0.2581211589113257,0.20939420544337137,0.228270412642669,0.3042142230026339
0.2556093268807743,0.21161460624725034,0.22877254729432467,0.3040035195776507
0.2578947368421053,0.21271929824561403,0.22631578947368422,0.3030701754385965
0.2555358724534987,0.21036315323294952,0.22940655447298494,0.3046944198405669
0.26285963382737576,0.20619006102877072,0.22885789014821273,0.3020924149956408
0.2513250883392226,0.21289752650176677,0.23586572438162545,0.2999116607773852
0.25264084507042256,0.21875,0.2319542253521127,0.2966549295774648
0.2529437418229394,0.21805494984736154,0.22721325774095072,0.30178805058874836
0.25022143489813997,0.22364924712134632,0.22763507528786536,0.29849424269264835
0.25398230088495577,0.2234513274336283,0.23141592920353982,0.2911504424778761
0.25587583148558757,0.2203991130820399,0.22882483370288248,0.29490022172949004
0.2541776605101143,0.21943711521547934,0.23526824978012312,0.2911169744942832
0.25011027790030876,0.22408469342743714,0.23202470224966917,0.2937803264225849
0.24966916629907365,0.22011468901632114,0.23908248786943095,0.2911336568151742
0.2577680525164114,0.2201312910284464,0.2363238512035011,0.2857768052516411
0.249889819303658,0.22036139268400176,0.2379903040987219,0.29175848391361836
0.2546916890080429,0.22162645218945487,0.23815907059874888,0.2855227882037534
0.25633187772925764,0.21921397379912663,0.24148471615720524,0.28296943231441046
0.2593242650285213,0.21720052654673103,0.24659938569548048,0.2768758227292672
0.2598770851624232,0.21949078138718173,0.24582967515364354,0.27480245829675154
0.2619047619047619,0.21649029982363316,0.24559082892416226,0.2760141093474427
0.26285963382737576,0.2118570183086312,0.24978204010462074,0.27550130775937226
0.2641509433962264,0.21369021500658184,0.25186485300570427,0.2702939885914875
0.265929203539823,0.21460176991150443,0.25,0.26946902654867255
0.26142355008787344,0.21441124780316345,0.2557117750439367,0.26845342706502634
0.2594713656387665,0.21762114537444935,0.25198237885462554,0.2709251101321586
0.2589641434262948,0.21868083222664897,0.25320938468348825,0.26914563966356797
0.26142355008787344,0.22363796133567662,0.24736379613356765,0.26757469244288223
0.26187363834422656,0.22788671023965143,0.24836601307189543,0.26187363834422656
0.2619047619047619,0.22530864197530864,0.24426807760141092,0.26851851851851855
0.2601410934744268,0.2222222222222222,0.24735449735449735,0.27028218694885364
0.25394736842105264,0.22543859649122808,0.24561403508771928,0.275
0.2538360368259535,0.22665497588776853,0.24550635686102587,0.2740026304252521
0.25657015590200444,0.2244988864142539,0.244097995545657,0.2748329621380846
0.2524314765694076,0.22811671087533156,0.2497789566755084,0.2696728558797524
0.25021795989537926,0.22711421098517873,0.2506538796861377,0.27201394943330426
0.25165271044513,0.2243278977523138,0.24812692816218598,0.27589246364037023
0.25055432372505543,0.22838137472283815,0.24966740576496674,0.2713968957871397
0.2478108581436077,0.22898423817863398,0.2491243432574431,0.27408056042031526
0.24755989352262645,0.22937000887311446,0.24933451641526175,0.2737355811889973
0.2410437859354268,0.22291021671826625,0.25519681556833257,0.28084918177797435
0.24420131291028446,0.2188183807439825,0.25207877461706785,0.2849015317286652
0.2454308093994778,0.22106179286335945,0.25326370757180156,0.28024369016536116
0.24412937527691625,0.2153300841825432,0.25299069561364645,0.2875498449268941
0.25252525252525254,0.21212121212121213,0.2450592885375494,0.2902942468159859
0.25394736842105264,0.21578947368421053,0.23903508771929824,0.2912280701754386
0.24380530973451328,0.2150442477876106,0.24026548672566372,0.3008849557522124
0.24679345422379478,0.21406457319770014,0.24413976116762495,0.2950022114108801
0.24542284219703575,0.2066259808195292,0.24891020052310375,0.2990409764603313
0.24702774108322326,0.20871862615587847,0.24174372523117568,0.30250990752972257
0.24233128834355827,0.2072743207712533,0.2432077125328659,0.30718667835232255
0.2521120497999111,0.20809248554913296,0.23477100933748332,0.30502445531347266
0.25682819383259914,0.20969162995594715,0.22819383259911893,0.3052863436123348
0.26052631578947366,0.21052631578947367,0.225,0.30394736842105263
0.2634623943035158,0.207832665776591,0.22251891410769917,0.30618602581219406
0.2639257294429708,0.20733863837312114,0.22192749778956675,0.3068081343943413
0.26816380449141347,0.2047556142668428,0.22236900044033464,0.3047115808014091
0.2687029659141213,0.20717131474103587,0.22266489597166889,0.301460823373174
0.27116402116402116,0.20326278659611993,0.22178130511463845,0.3037918871252205
0.27043478260869563,0.2082608695652174,0.21304347826086956,0.30826086956521737
0.2755417956656347,0.20698805838124723,0.20875718708536045,0.3087129588677576
0.2791411042944785,0.2046450482033304,0.2085889570552147,0.30762489044697633
0.2744410346339325,0.20473476545374836,0.2073651907058308,0.3134590092064884
0.2760600706713781,0.2053886925795053,0.21289752650176677,0.30565371024734983
0.28314310798946446,0.20017559262510976,0.21027216856892011,0.3064091308165057
0.28294402820625825,0.20581754076685765,0.20669898633759365,0.30453944468929045
0.28439964943032425,0.2116564417177914,0.21209465381244522,0.2918492550394391
0.2826655052264808,0.21602787456445993,0.20905923344947736,0.2922473867595819
0.27630415561450045,0.21618037135278514,0.21131741821396993,0.29619805481874445
0.27522935779816515,0.22455220620358235,0.20707732634338138,0.2931411096548711
0.27188737351517817,0.2278926528816542,0.20369555653321603,0.2965244170699516
0.27015057573073514,0.22187776793622674,0.20637732506643047,0.3015943312666076
0.27328377787494534,0.22343681679055533,0.20507214691735898,0.29820725841714035
0.27104451300132215,0.21639488761568973,0.2093433230498017,0.3032172763331864
0.27184035476718404,0.21951219512195122,0.20354767184035477,0.30509977827051
0.2720879120879121,0.21274725274725276,0.20307692307692307,0.3120879120879121
0.26868953386103783,0.20492524186455585,0.21108179419525067,0.3153034300791557
0.2680229986731535,0.20654577620521894,0.21229544449358692,0.3131357806280407
0.27352682497801234,0.20800351802990324,0.20580474934036938,0.31266490765171506
0.27268760907504364,0.20855148342059338,0.20680628272251309,0.31195462478184993
0.2761820592134335,0.208572691117985,0.19840919133893062,0.3168360583296509
0.2755102040816326,0.20585625554569653,0.20275066548358472,0.31588287488908606
0.27359721618094823,0.2092214006089604,0.20226185297955632,0.31491953023053504
0.27812223206377323,0.2046058458813109,0.20372010628875112,0.31355181576616475
0.27970188513809735,0.20298114861902675,0.20561157387110915,0.31170539237176675
0.2804395604395604,0.20043956043956043,0.20747252747252748,0.31164835164835164
0.28225451343020697,0.20123293703214443,0.20783795684720388,0.3086745926904447
0.2749003984063745,0.20185922974767595,0.21381142098273573,0.3094289508632138
0.27630415561450045,0.20247568523430592,0.21618037135278514,0.3050397877984085
0.2777288732394366,0.20598591549295775,0.21654929577464788,0.29973591549295775
0.2773146116717859,0.20447564721369021,0.21193505923650724,0.30627468187801665
0.27710843373493976,0.2101740294511379,0.20838911200356983,0.3043284248103525
0.27432848965213563,0.2056362835755174,0.20915896081021576,0.3108762659621312
0.273972602739726,0.20989836500220946,0.20989836500220946,0.30623066725585507
0.2809335094671951,0.21047996477322764,0.20871862615587847,0.2998678996036988
0.27713523131672596,0.21085409252669038,0.20862989323843417,0.30338078291814946
0.2711564023039433,0.21134249003101463,0.21134249003101463,0.30615861763402746
0.28320911880754057,0.20780359491451117,0.2104340201665936,0.2985532661113547
0.2804395604395604,0.21274725274725276,0.20835164835164835,0.29846153846153844
0.2727272727272727,0.21153846153846154,0.21197552447552448,0.30375874125874125
0.2710239651416122,0.21655773420479302,0.2113289760348584,0.3010893246187364
0.2639193336256028,0.21437965804471723,0.21525646646207802,0.30644454186760195
0.26434245366284204,0.21624007060900266,0.2149161518093557,0.30450132391879964
0.2688219663418955,0.21302037201062887,0.21302037201062887,0.3051372896368468
0.2660427807486631,0.21568627450980393,0.21657754010695188,0.3016934046345811
0.2699331848552339,0.2129175946547884,0.2182628062360802,0.29888641425389756
0.27474923680767555,0.21500218054949846,0.21282163105102486,0.29742695159180116
0.27716673999120106,0.214694236691597,0.21249450065992082,0.29564452265728114
0.27775340061430454,0.21895568231680562,0.21369021500658184,0.28960070206230804
0.27365163572060125,0.22767462422634838,0.21308576480990274,0.28558797524314766
0.27439824945295405,0.2262582056892779,0.21444201312910285,0.2849015317286652
0.2753108348134991,0.22513321492007105,0.2180284191829485,0.28152753108348133
0.2791411042944785,0.22436459246275198,0.22567922874671342,0.2708150744960561
0.2696035242290749,0.23083700440528634,0.22334801762114537,0.2762114537444934
0.2671922908453789,0.23302671922908455,0.22820849759088918,0.2715724923346474
0.2698412698412698,0.23368606701940034,0.23015873015873015,0.26631393298059963
0.27268760907504364,0.2338568935427574,0.22338568935427575,0.2700698080279232
0.2765017667844523,0.22968197879858657,0.22659010600706714,0.267226148409894
0.27679362267493357,0.2325066430469442,0.2183348095659876,0.27236492471213464
0.27933958054439983,0.23293172690763053,0.21240517626059796,0.27532351628737173
0.2747589833479404,0.23751095530236635,0.2147239263803681,0.27300613496932513
0.2774363476733977,0.24187884108867427,0.21334503950834066,0.26733977172958734
0.27912087912087913,0.24351648351648353,0.21274725274725276,0.26461538461538464
0.27916295636687444,0.2471059661620659,0.21237756010685663,0.26135351736420304
0.27460456942003514,0.2491212653778559,0.21045694200351495,0.265817223198594
0.28251318101933215,0.24648506151142355,0.2095782073813708,0.26142355008787344
0.2819266460450729,0.2474591250552364,0.2001767565178966,0.27043747238179405
0.27709251101321586,0.24845814977973568,0.2026431718061674,0.27180616740088104
0.2778753292361721,0.25021949078138717,0.20105355575065847,0.2708516242317823
0.27976980965028775,0.2478972996901284,0.20097388224878265,0.27135900841080124
0.2756494936151475,0.2413033905768384,0.20123293703214443,0.2818141787758697
0.27004405286343613,0.24801762114537446,0.19647577092511012,0.2854625550660793
0.2737940026075619,0.24511082138200782,0.20034767492394612,0.28074750108648416
0.26938239159001315,0.2439772229522558,0.20105124835742444,0.2855891371003066
0.27132805628847845,0.24626209322779244,0.19832893579595426,0.28408091468777485
0.2706140350877193,0.2442982456140351,0.20087719298245615,0.28421052631578947
0.2727272727272727,0.2418358340688438,0.206090026478376,0.2793468667255075
0.27074235807860264,0.24541484716157205,0.2021834061135371,0.2816593886462882
0.26877470355731226,0.25296442687747034,0.2028985507246377,0.2753623188405797
0.27639071397284276,0.24310118265440211,0.2067455102934735,0.27376259307928164
0.262144420131291,0.25207877461706785,0.20831509846827134,0.2774617067833698
0.2556390977443609,0.25386996904024767,0.20610349402919062,0.2843874391862008
0.25338575797291396,0.254696373962429,0.20489296636085627,0.2870249017038008
0.2584708948740226,0.25065160729800173,0.1989574283231972,0.29192006950477845
0.25958572058175405,0.24768620537681799,0.19920669898633758,0.29352137505509035
0.256993006993007,0.2530594405594406,0.2006118881118881,0.2893356643356643
0.254312251216276,0.24900486510393632,0.19902697921273774,0.29765590446705
0.25363917071018965,0.2474636082928981,0.19541243934715483,0.3034847816497574
0.254259501965924,0.24814329401485366,0.1965923984272608,0.3010048055919616
0.25518763796909494,0.25298013245033113,0.1986754966887417,0.29315673289183225
0.2546093064091308,0.2515364354697103,0.199297629499561,0.29455662862159787
0.25617283950617287,0.24559082892416226,0.2019400352733686,0.2962962962962963
0.2543352601156069,0.24455313472654513,0.2040907069808804,0.29702089817696753
0.2559055118110236,0.24278215223097113,0.20559930008748906,0.29571303587051617
0.25186485300570427,0.2413339183852567,0.20930232558139536,0.2974989030276437
0.2512035010940919,0.23763676148796498,0.2087527352297593,0.3024070021881838
0.26065719360568385,0.2357904085257549,0.20603907637655416,0.2975133214920071
0.2568687309201919,0.23549934583515045,0.206279982555604,0.30135194068905363
0.2531480677377334,0.23534520191055144,0.20972644376899696,0.3017802865827182
0.2503299604047514,0.23493180818301804,0.21381434227892654,0.300923889133304
0.25,0.2381993006993007,0.2111013986013986,0.3006993006993007
0.25065847234416155,0.237928007023705,0.20851624231782265,0.3028972783143108
0.24560632688927944,0.242091388400703,0.210896309314587,0.30140597539543057
0.2423841059602649,0.2467991169977925,0.21501103752759382,0.2958057395143488
0.2584171403585483,0.24136423261915171,0.21075644949715786,0.2894621775251421
0.25700311249444197,0.23654957759004003,0.2138728323699422,0.2925744775455758
0.2626707800793301,0.23226090788893786,0.21595416483032173,0.2891141472014103
0.2577639751552795,0.2311446317657498,0.21872227151730259,0.29236912156166817
0.26108156028368795,0.22783687943262412,0.2149822695035461,0.29609929078014185
