C,D,Oc,Od
0.0,0.0,0.0,1.0
0.0,0.5,0.0,0.5
0.0,0.6666666666666666,0.0,0.3333333333333333
0.2,0.4,0.0,0.4
0.3333333333333333,0.3333333333333333,0.0,0.3333333333333333
0.25,0.25,0.125,0.375
0.38461538461538464,0.15384615384615385,0.07692307692307693,0.38461538461538464
0.4,0.06666666666666667,0.06666666666666667,0.4666666666666667
0.3684210526315789,0.05263157894736842,0.05263157894736842,0.5263157894736842
0.34782608695652173,0.043478260869565216,0.08695652173913043,0.5217391304347826
0.39285714285714285,0.07142857142857142,0.0,0.5357142857142857
0.37142857142857144,0.05714285714285714,0.0,0.5714285714285714
0.4523809523809524,0.047619047619047616,0.0,0.5
0.5370370370370371,0.018518518518518517,0.018518518518518517,0.42592592592592593
0.5166666666666667,0.03333333333333333,0.016666666666666666,0.43333333333333335
0.5,0.041666666666666664,0.013888888888888888,0.4444444444444444
0.5662650602409639,0.03614457831325301,0.024096385542168676,0.37349397590361444
0.5102040816326531,0.030612244897959183,0.02040816326530612,0.4387755102040816
0.543859649122807,0.03508771929824561,0.02631578947368421,0.39473684210526316
0.5736434108527132,0.023255813953488372,0.023255813953488372,0.3798449612403101
0.5703703703703704,0.02962962962962963,0.022222222222222223,0.37777777777777777
0.5909090909090909,0.012987012987012988,0.01948051948051948,0.37662337662337664
0.5895953757225434,0.011560693641618497,0.011560693641618497,0.3872832369942196
0.6180904522613065,0.010050251256281407,0.010050251256281407,0.36180904522613067
0.6027397260273972,0.0136986301369863,0.0182648401826484,0.365296803652968
0.582995951417004,0.012145748987854251,0.02834008097165992,0.3765182186234818
0.5930232558139535,0.011627906976744186,0.03488372093023256,0.36046511627906974
0.6041666666666666,0.013888888888888888,0.034722222222222224,0.3472222222222222
0.5903225806451613,0.012903225806451613,0.03225806451612903,0.36451612903225805
0.5903954802259888,0.011299435028248588,0.031073446327683617,0.3672316384180791
0.5813953488372093,0.012919896640826873,0.028423772609819122,0.3772609819121447
0.5835294117647059,0.011764705882352941,0.02588235294117647,0.3788235294117647
0.569620253164557,0.010548523206751054,0.027426160337552744,0.3924050632911392
0.5668662674650699,0.011976047904191617,0.033932135728542916,0.3872255489021956
0.5885509838998211,0.014311270125223614,0.03398926654740608,0.3631484794275492
0.5773026315789473,0.018092105263157895,0.03125,0.37335526315789475
0.5840840840840841,0.016516516516516516,0.028528528528528527,0.3708708708708709
0.5859697386519945,0.016506189821182942,0.027510316368638238,0.3700137551581843
0.5721716514954487,0.018205461638491547,0.02860858257477243,0.3810143042912874
0.5733015494636472,0.02026221692491061,0.029797377830750895,0.3766388557806913
0.5683060109289617,0.017486338797814208,0.02622950819672131,0.3879781420765027
0.558974358974359,0.017435897435897435,0.02358974358974359,0.4
0.5583804143126178,0.021657250470809793,0.027306967984934087,0.3926553672316384
0.5506726457399103,0.02062780269058296,0.030493273542600896,0.39820627802690584
0.5508196721311476,0.018032786885245903,0.030327868852459017,0.40081967213114755
0.5520254169976172,0.017474185861795076,0.02938840349483717,0.4011119936457506
0.5505454545454546,0.015272727272727273,0.029818181818181817,0.40436363636363637
0.547700754975978,0.015785861358956762,0.033630748112560054,0.40288263555250514
0.5370491803278689,0.014426229508196721,0.03344262295081967,0.41508196721311474
0.538558786346397,0.014538558786346398,0.03603034134007586,0.4108723135271808
0.529868578255675,0.014934289127837515,0.035842293906810034,0.41935483870967744
0.5249419953596288,0.015081206496519721,0.03306264501160093,0.42691415313225056
0.5261692650334076,0.012806236080178173,0.03285077951002227,0.428173719376392
0.5344735435595938,0.01389631213254944,0.032068412613575625,0.4195617316942811
0.5286821705426357,0.016537467700258397,0.03049095607235142,0.42428940568475454
0.524024024024024,0.01901901901901902,0.02952952952952953,0.42742742742742745
0.5293255131964809,0.016617790811339198,0.026392961876832845,0.427663734115347
0.5234931181775035,0.01566207878500237,0.025628856193640248,0.43521594684385384
0.5263888888888889,0.01574074074074074,0.027314814814814816,0.4305555555555556
0.5189238486092111,0.015503875968992248,0.030095759233926128,0.4354765161878705
0.5182679296346414,0.017591339648173207,0.032025259359494816,0.4321154713576906
0.5185350602947745,0.01831174631531934,0.030817329164805715,0.4323358642251005
0.5141969831410825,0.022182786157941437,0.029281277728482696,0.43433895297249336
0.5153811859117253,0.02229157378510923,0.027641551493535442,0.43468568880962993
0.5075354609929078,0.02349290780141844,0.026595744680851064,0.4423758865248227
0.5088417329796641,0.022988505747126436,0.026083112290008842,0.4420866489832007
0.515527950310559,0.024401064773735583,0.025288376220053237,0.43478260869565216
0.5157427937915743,0.022172949002217297,0.025277161862527715,0.43680709534368073
0.5131926121372031,0.022867194371152155,0.026385224274406333,0.43755496921723835
0.504424778761062,0.026106194690265486,0.026106194690265486,0.4433628318584071
0.5042091271599468,0.026140894993354008,0.028799291094373063,0.4408506867523261
0.5073365940417963,0.025344597598932858,0.02845709204090707,0.43886171631836374
0.5084821428571429,0.022321428571428572,0.026339285714285714,0.44285714285714284
0.5095683133066311,0.021806853582554516,0.027592345349354695,0.4410324877614597
0.5127288968289415,0.022778025904421618,0.026351049575703438,0.43814202769093347
0.5106007067137809,0.022968197879858657,0.02782685512367491,0.4386042402826855
0.5066964285714286,0.025,0.026785714285714284,0.44151785714285713
0.5117308543603364,0.023019034971226208,0.025675077467906152,0.4395750332005312
0.5083996463306808,0.026083112290008842,0.027851458885941646,0.4376657824933687
0.5077812361049355,0.026233881725211204,0.02845709204090707,0.4375277901289462
0.5061892130857648,0.026967285587975242,0.026967285587975242,0.4398762157382847
0.5069851284362326,0.02929247408742677,0.026137899954934655,0.43758449752140605
0.5002237136465324,0.029977628635346757,0.028635346756152126,0.4411633109619687
0.4932975871313673,0.029490616621983913,0.030831099195710455,0.44638069705093836
0.49667994687915007,0.02877379371403276,0.034528552456839307,0.4400177069499779
0.4931324767390341,0.028799291094373063,0.03234381922906513,0.4457244129375277
0.4904825143868969,0.03231518370960602,0.033643204957945996,0.4435590969455511
0.4864021399910834,0.032545697726259475,0.03388319215336603,0.44716897012929113
0.4809058614564831,0.03152753108348135,0.03152753108348135,0.45603907637655416
0.48177426438296006,0.032059727711901624,0.03337725076855512,0.45278875713658323
0.48712255772646534,0.03374777975133215,0.03063943161634103,0.44849023090586143
0.4853982300884956,0.035398230088495575,0.034070796460176994,0.4451327433628319
0.47695749440715884,0.036241610738255034,0.033109619686800894,0.45369127516778524
0.47755834829443444,0.03680430879712747,0.03231597845601436,0.4533213644524237
0.4739188586714222,0.036558181007579134,0.032545697726259475,0.4569772625947392
0.4754025044722719,0.03622540250447227,0.02996422182468694,0.45840787119856885
0.4786096256684492,0.03698752228163993,0.028966131907308377,0.4554367201426025
0.4747880410531013,0.03792949576082106,0.028112449799196786,0.45917001338688085
0.48087188612099646,0.037366548042704624,0.026690391459074734,0.4550711743772242
0.46455306032584764,0.038749449581682076,0.02553940995156319,0.4711580801409071
0.4704837993786063,0.03772747447847315,0.027518863737239236,0.4642698624056813
0.46633972358448506,0.03789567543468569,0.02808738296923763,0.4676772180115916
0.46550179211469533,0.038978494623655914,0.026881720430107527,0.46863799283154123
0.4615726343847179,0.037316748111950244,0.02621057307863172,0.47490004442470013
0.47108540925266906,0.03603202846975089,0.028469750889679714,0.46441281138790036
0.46143557735176105,0.03611234953187695,0.029424877396344182,0.47302719572001783
0.45719329214474846,0.03398058252427184,0.03000882612533098,0.4788172992056487
0.4565121412803532,0.032671081677704196,0.031346578366445915,0.4794701986754967
0.45905267817618417,0.03275785745905268,0.03142983621071271,0.4767596281540505
0.45723242274966414,0.03537841468875952,0.03045230631437528,0.47693685624720106
0.45015645954403216,0.0348681269557443,0.028162717925793473,0.48681269557443
0.44879786286731965,0.0365093499554764,0.026714158504007122,0.4879786286731968
0.4481665912177456,0.03757356269805342,0.026708918062471707,0.4875509280217293
0.44409799554565704,0.03608017817371938,0.029398663697104678,0.4904231625835189
0.44727592267135324,0.03427065026362039,0.028119507908611598,0.4903339191564148
0.44148936170212766,0.03280141843971631,0.0274822695035461,0.49822695035460995
0.4424269264836138,0.03454384410983171,0.02612931798051373,0.49689991142604073
0.44084570400359874,0.0346378767431399,0.027890238416554206,0.4966261808367072
0.4474153297682709,0.03208556149732621,0.029411764705882353,0.4910873440285205
0.44434550311665183,0.031166518254674976,0.031166518254674976,0.4933214603739982
0.4445438282647585,0.029516994633273702,0.03354203935599284,0.49239713774597493
0.44007236544549977,0.027137042062415198,0.03346901854364541,0.4993215739484396
0.44109712230215825,0.02787769784172662,0.03192446043165468,0.49910071942446044
0.44107142857142856,0.026339285714285714,0.03125,0.5013392857142858
0.4427684117125111,0.024401064773735583,0.029724933451641525,0.5031055900621118
0.44290192566054637,0.025078369905956112,0.02910882221227049,0.502910882221227
0.4376114081996435,0.02540106951871658,0.028966131907308377,0.5080213903743316
0.43843031123139375,0.02345511953089761,0.02931889941362201,0.5087956698240866
0.4366636931311329,0.025869759143621766,0.029438001784121322,0.508028545941124
0.4386434627398483,0.027219991075412762,0.025881302989736725,0.5082552431950023
0.43391188251001334,0.02848242100578549,0.024477080551846907,0.5131286159323543
0.43273048081164533,0.030877812086457873,0.025584472871636524,0.5108072342302603
0.42452412571934484,0.03187250996015936,0.02656042496679947,0.5170429393536963
0.4258266309204647,0.03306523681858802,0.027256478999106343,0.5138516532618409
0.4184269662921348,0.03415730337078652,0.027415730337078652,0.52
0.4220549158547387,0.033215234720992026,0.02745792736935341,0.5172719220549159
0.42082046757829733,0.035288928098809,0.030436700485222762,0.513453903837671
0.4170383586083854,0.034344335414808205,0.028545941123996433,0.52007136485281
0.4125165271044513,0.03305420890260027,0.03217276333186426,0.5222565006610842
0.4126842340330505,0.03260384100044663,0.03171058508262617,0.5230013398838768
0.40860692102928126,0.03371783496007098,0.03327417923691216,0.5244010647737356
0.40517626059794737,0.03435966086568496,0.031236055332440876,0.5292280232039268
0.40880782918149466,0.03336298932384341,0.029804270462633453,0.5280249110320284
0.4101423487544484,0.03158362989323844,0.03336298932384341,0.5249110320284698
0.4083370685791125,0.03003137606454505,0.031376064545047065,0.5302554908112954
0.41488413547237074,0.029857397504456328,0.029857397504456328,0.5254010695187166
0.41316836058329653,0.030048608042421564,0.031816173221387536,0.5249668581528943
0.4187192118226601,0.03000447828034035,0.03134796238244514,0.5199283475145544
0.41487455197132617,0.029121863799283155,0.03136200716845878,0.524641577060932
0.4141459074733096,0.02802491103202847,0.03113879003558719,0.5266903914590747
0.4164420485175202,0.02830188679245283,0.030548068283917342,0.5247079964061097
0.41570026761819806,0.025869759143621766,0.029884032114183764,0.5285459411239964
0.4180364282541093,0.025322079075966238,0.028431808085295423,0.528209684584629
0.4163732394366197,0.025088028169014086,0.028609154929577465,0.5299295774647887
0.4127054642381164,0.02665482007996446,0.028431808085295423,0.5322079075966237
0.4150776053215078,0.026607538802660754,0.028824833702882482,0.529490022172949
0.42295805739514347,0.024724061810154525,0.02869757174392936,0.5236203090507726
0.4234875444839858,0.02491103202846975,0.026245551601423486,0.525355871886121
0.42044444444444445,0.024444444444444446,0.025333333333333333,0.5297777777777778
0.41518650088809944,0.02708703374777975,0.023090586145648313,0.5346358792184724
0.41121076233183856,0.025560538116591928,0.02466367713004484,0.5385650224215247
0.4159569699686239,0.02734199910354101,0.024204392649036306,0.5324966382787988
0.41491737382760163,0.026351049575703438,0.0241179097811523,0.5346136668155427
0.4166666666666667,0.026895943562610228,0.024250440917107582,0.5321869488536155
0.4148702155741311,0.025516937967443906,0.024637043554773426,0.5349758029036515
0.41275465013286095,0.025686448184233834,0.023914968999114262,0.537643932683791
0.40860692102928126,0.023513753327417924,0.024844720496894408,0.5430346051464063
0.4069973427812223,0.022586359610274578,0.024800708591674048,0.545615589016829
0.4109347442680776,0.023368606701940034,0.02292768959435626,0.5427689594356261
0.40643144260830727,0.027690933452434122,0.023224653863331845,0.5426529700759267
0.410279131590607,0.027913159060700046,0.023482498892334957,0.538325210456358
0.410873440285205,0.030303030303030304,0.024509803921568627,0.5343137254901961
0.4072743601257297,0.0327795240233498,0.023798832510103278,0.5361472833408173
0.40819964349376114,0.03163992869875223,0.02406417112299465,0.536096256684492
0.40732568402471314,0.03177405119152692,0.02383053839364519,0.5370697263901147
0.40123729562527616,0.03093239063190455,0.023862129916040652,0.5439681838267786
0.400445434298441,0.030734966592427616,0.021380846325167038,0.5474387527839644
0.40546496253856323,0.02996914940502424,0.021154693697664168,0.5434111943587483
0.4085927224901359,0.031126698816308637,0.022797018851380975,0.5374835598421744
0.41510277033065235,0.028596961572832886,0.022341376228775692,0.533958891867739
0.41486486486486485,0.03063063063063063,0.02252252252252252,0.531981981981982
0.4193258426966292,0.031011235955056178,0.024269662921348314,0.5253932584269663
0.41202672605790647,0.03162583518930958,0.024053452115812918,0.532293986636971
0.41718889883616833,0.03133393017009848,0.022829006266786033,0.5286481647269472
0.4142728904847397,0.03321364452423698,0.02378815080789946,0.5287253141831239
0.41142347166443555,0.03302097278000892,0.02186523873270861,0.533690316822847
0.40963855421686746,0.03257474341811691,0.022311468094600623,0.535475234270415
0.4067796610169492,0.028991971454058876,0.024977698483496878,0.5392506690454951
0.3980365908076752,0.028112449799196786,0.0249888442659527,0.5488621151271754
0.40017746228926354,0.02883762200532387,0.025732031943212066,0.5452528837622005
0.3932384341637011,0.029359430604982206,0.025355871886120998,0.5520462633451957
0.3965440850686752,0.03145768719539211,0.026140894993354008,0.5458573327425786
0.3873994638069705,0.029490616621983913,0.029490616621983913,0.5536193029490617
0.38061041292639136,0.032764811490125674,0.027378815080789945,0.559245960502693
0.39256938227394805,0.03491495076096687,0.02775290957923008,0.544762757385855
0.39078422684980063,0.034116083296411165,0.024368630926007974,0.5507310589277803
0.3911685994647636,0.03791257805530776,0.024531668153434435,0.5463871543264942
0.3895870736086176,0.03500897666068223,0.02378815080789946,0.5516157989228008
0.38669623059866964,0.03458980044345898,0.02616407982261641,0.5525498891352549
0.38523131672597866,0.035142348754448396,0.026690391459074734,0.5529359430604982
0.38256227758007116,0.03558718861209965,0.03069395017793594,0.5511565836298933
0.37433862433862436,0.033950617283950615,0.03130511463844797,0.560405643738977
0.37316094516272846,0.034774855104770394,0.03165403477485511,0.5604101649576461
0.3732800710164225,0.03595206391478029,0.03151353750554816,0.559254327563249
0.3653675819309123,0.034986713906111605,0.0283436669619132,0.5713020372010629
0.3707165109034268,0.032487761459724075,0.029817534490431688,0.5669781931464174
0.3676929941990183,0.031236055332440876,0.02989736724676484,0.571173583221776
0.36935341009743133,0.03277236492471213,0.02612931798051373,0.5717449069973428
0.36969155118462227,0.030844881537773806,0.027268663388466695,0.5721949038891372
0.36514336917562723,0.034050179211469536,0.028225806451612902,0.5725806451612904
0.3738779174147217,0.03411131059245961,0.0296229802513465,0.5623877917414721
0.3710972346119536,0.037020517395182875,0.027207850133809098,0.5646743978590544
0.365929203539823,0.036283185840707964,0.027876106194690265,0.5699115044247788
0.3633916554508748,0.03275011215791835,0.028712427097353072,0.5751458052938537
0.367419212040726,0.033643204957945996,0.02656042496679947,0.5723771580345286
0.3743362831858407,0.034070796460176994,0.025221238938053097,0.5663716814159292
0.3669642857142857,0.034375,0.024553571428571428,0.5741071428571428
0.3693813974187806,0.03515798842901647,0.022696929238985315,0.5727636849132176
0.36609558160504957,0.031559963931469794,0.02164111812443643,0.5807033363390441
0.3595152603231598,0.03096947935368043,0.02289048473967684,0.5866247755834829
0.3673017279574657,0.03145768719539211,0.021267168808152416,0.5799734160389898
0.36479929422143803,0.02867225408028231,0.02337891486546096,0.5831495368328187
0.3614939973321476,0.029791018230324588,0.022232103156958647,0.5864828812805691
0.36038077969174975,0.030825022665457842,0.021758839528558477,0.5870353581142339
0.3550429669832655,0.031659882406151064,0.021709633649932156,0.5915875169606513
0.3586083853702052,0.031222123104371096,0.01873327386262266,0.5914362176628011
0.35516483516483516,0.03076923076923077,0.018901098901098902,0.5951648351648352
0.3485714285714286,0.032527472527472526,0.018901098901098902,0.6
0.35090828533451485,0.030128489144882586,0.01993797075764289,0.5990252547629596
0.35495495495495494,0.02882882882882883,0.022072072072072072,0.5941441441441442
0.3561643835616438,0.02695536897923111,0.022536456031816175,0.5943437914273089
0.3490650044523598,0.025823686553873553,0.020926090828138913,0.6041852181656278
0.35090828533451485,0.02658396101019052,0.021710234824988923,0.6007975188303057
0.3479036574487065,0.026761819803746655,0.01873327386262266,0.6066012488849242
0.3502900490852298,0.024096385542168676,0.020972780008924587,0.6046407853636769
0.3624280017722641,0.02303943287549845,0.021267168808152416,0.593265396544085
0.36278026905829597,0.021524663677130046,0.02197309417040359,0.5937219730941704
0.35927078701645176,0.02267674522009782,0.022232103156958647,0.5958203646064918
0.35898576512455516,0.023576512455516015,0.022686832740213523,0.5947508896797153
0.3594800537875392,0.02330793366203496,0.023756163155535633,0.5934558493948902
0.3517857142857143,0.02544642857142857,0.023214285714285715,0.5995535714285715
0.3543061133422579,0.02320392681838465,0.022311468094600623,0.6001784917447568
0.35149620366234924,0.02188476998660116,0.022778025904421618,0.6038410004466279
0.36012572968118545,0.02469690166142793,0.0224517287831163,0.5927256398742703
0.35812917594654786,0.024498886414253896,0.02271714922048998,0.5946547884187082
0.36714542190305205,0.025583482944344704,0.020197486535008975,0.5870736086175943
0.3621908127208481,0.024734982332155476,0.01987632508833922,0.5931978798586572
0.3606047132058693,0.026233881725211204,0.0213428190306803,0.5918185860382392
0.3548958794860434,0.027913159060700046,0.022153300841825433,0.5950376606114312
0.35406486006219456,0.02576632607729898,0.02221235006663705,0.5979564637938694
0.35562444641275465,0.025686448184233834,0.023472099202834367,0.5952170062001771
0.35898576512455516,0.025355871886120998,0.028469750889679714,0.5871886120996441
0.35199283475145543,0.02328705776981639,0.03000447828034035,0.5947156291983878
0.3459289248762933,0.02384165542060279,0.03013945119208277,0.6000899685110211
0.34680284191829486,0.023090586145648313,0.03019538188277087,0.599911190053286
0.3507760532150776,0.020842572062084258,0.027937915742793792,0.6004434589800444
0.34834968777876896,0.02230151650312221,0.026761819803746655,0.6025869759143622
0.3471223021582734,0.024280575539568347,0.025629496402877698,0.6029676258992805
0.3470667263770712,0.02373488580385132,0.024630541871921183,0.6045678459471563
0.34970707525912575,0.020279405137449302,0.023884632717440287,0.6061288868859847
0.3417777777777778,0.021777777777777778,0.024444444444444446,0.612
0.3429715302491103,0.02090747330960854,0.02090747330960854,0.6152135231316725
0.3395390070921986,0.020833333333333332,0.022606382978723406,0.6170212765957447
0.35291499777481083,0.02403204272363151,0.022696929238985315,0.6003560302625723
0.3442768411712511,0.02883762200532387,0.023070097604259095,0.6038154392191659
0.34944567627494455,0.028381374722838137,0.021729490022172948,0.6004434589800444
0.3462726069695633,0.027348919276576972,0.022496691662990738,0.603881782090869
0.3401330376940133,0.02616407982261641,0.020842572062084258,0.6128603104212861
0.3432902362906821,0.025858225590726706,0.017387427552385197,0.613464110566206
0.341019955654102,0.02616407982261641,0.01951219512195122,0.6133037694013304
0.3377659574468085,0.025709219858156027,0.020390070921985817,0.6161347517730497
0.3305383936451898,0.02471315092674316,0.02030008826125331,0.6244483671668137
0.3355674709562109,0.022788203753351208,0.02100089365504915,0.6206434316353887
0.3396311291048133,0.02249212775528565,0.021592442645074223,0.6162843004948269
0.34035874439461883,0.021524663677130046,0.020179372197309416,0.6179372197309417
0.3376277210128832,0.02221235006663705,0.019991115059973346,0.6201688138605065
0.33273462056578357,0.024247867085765602,0.0224517287831163,0.6205657835653345
0.3284313725490196,0.02406417112299465,0.021836007130124777,0.6256684491978609
0.3268971710821733,0.024247867085765602,0.019757521329142345,0.6290974405029187
0.32966064345526663,0.027324812692816218,0.020713970912296167,0.6223005729396209
0.3367301727957466,0.028356225077536552,0.021267168808152416,0.6136464333185645
0.33721450962830274,0.027765338110165697,0.02328705776981639,0.6117330944917152
0.33614190687361417,0.025720620842572064,0.024390243902439025,0.6137472283813747
0.329136690647482,0.027428057553956834,0.025629496402877698,0.6178057553956835
0.3280071016422548,0.028406569019085663,0.02663115845539281,0.6169551708832668
0.32884701659937193,0.03050695379093764,0.02602063705697622,0.6146253925527142
0.33437083148065805,0.02845709204090707,0.024899955535793685,0.6122721209426412
0.3360107095046854,0.026327532351628737,0.02320392681838465,0.6144578313253012
0.3394209354120267,0.025835189309576838,0.022271714922048998,0.6124721603563474
0.3306415432929565,0.02736653207716465,0.021982951996410947,0.6200089726334679
0.32965090587715423,0.0273972602739726,0.02209456473707468,0.6208572691117985
0.3291814946619217,0.02891459074733096,0.022686832740213523,0.6192170818505338
0.32952045754509457,0.027716673999120107,0.02199736031676199,0.6207655081390233
0.3368888888888889,0.025777777777777778,0.024888888888888887,0.6124444444444445
0.33229813664596275,0.02883762200532387,0.026175687666370896,0.6126885536823425
0.3247787610619469,0.026991150442477876,0.026106194690265486,0.6221238938053097
0.3193013882669055,0.028660994178235557,0.02239140170174653,0.6296462158531124
0.31917746982565937,0.028162717925793473,0.024586499776486366,0.6280733124720608
0.3209821428571429,0.026339285714285714,0.02544642857142857,0.6272321428571429
0.31928251121076234,0.026905829596412557,0.0242152466367713,0.6295964125560538
0.3262693156732892,0.025607064017660046,0.026048565121412803,0.622075055187638
0.32671957671957674,0.026895943562610228,0.028659611992945325,0.6177248677248677
0.3263858093126386,0.02616407982261641,0.028824833702882482,0.6186252771618626
0.3279928793947485,0.027147307521139297,0.02848242100578549,0.6163773920783266
0.3246466431095406,0.028268551236749116,0.02871024734982332,0.6183745583038869
0.3273622928795343,0.025974025974025976,0.03045230631437528,0.6162113748320645
0.3256756756756757,0.025675675675675677,0.03018018018018018,0.6184684684684685
0.3237885462555066,0.02378854625550661,0.028634361233480177,0.6237885462555066
0.3239499553172475,0.02770330652368186,0.02770330652368186,0.6206434316353887
0.32917038358608386,0.02631578947368421,0.023639607493309546,0.6208742194469223
0.3296014330497089,0.026421854008060904,0.02104791759964174,0.6229287953425885
0.3257676902536716,0.0258121940364931,0.022251891410769914,0.6261682242990654
0.3284639220894201,0.02213368747233289,0.025232403718459494,0.6241699867197875
0.3186036235086169,0.021210782147591693,0.024304021210782147,0.6358815731330093
0.32456531431119034,0.023629068212215783,0.024520731163620153,0.6272848863129737
0.3312555654496883,0.02404274265360641,0.022707034728406055,0.6219946571682992
0.32831858407079645,0.023451327433628318,0.025221238938053097,0.6230088495575221
0.3288710397144132,0.0249888442659527,0.026327532351628737,0.6198125836680054
0.32348993288590605,0.022818791946308724,0.027293064876957495,0.6263982102908278
0.32765575974899147,0.021963245181532944,0.026445540116539667,0.6239354549529359
0.3212549712770658,0.023862129916040652,0.026071586389748123,0.6288113124171454
0.32146037399821903,0.026714158504007122,0.02626892252894034,0.6255565449688335
0.3172655565293602,0.02848378615249781,0.02848378615249781,0.6257668711656442
0.3164444444444444,0.028444444444444446,0.027555555555555555,0.6275555555555555
0.31451612903225806,0.027777777777777776,0.0264336917562724,0.6312724014336918
0.31448763250883394,0.026943462897526502,0.02782685512367491,0.6307420494699647
0.3178778421756576,0.02808738296923763,0.02630405706642889,0.6277307177886758
0.3141592920353982,0.02743362831858407,0.02743362831858407,0.6309734513274337
0.3188470066518847,0.0270509977827051,0.02616407982261641,0.6279379157427938
0.31574318381706246,0.026824978012313105,0.026385224274406333,0.6310466138962181
0.3185053380782918,0.02891459074733096,0.026690391459074734,0.6258896797153025
0.31261180679785333,0.02817531305903399,0.025044722719141325,0.6341681574239714
0.313963963963964,0.02927927927927928,0.02702702702702703,0.6297297297297297
0.3128366247755835,0.03141831238779174,0.027378815080789945,0.6283662477558348
0.3193577163247101,0.029438001784121322,0.025869759143621766,0.6253345227475469
0.3220940550133097,0.029281277728482696,0.023513753327417924,0.6251109139307897
0.3164218958611482,0.032487761459724075,0.022251891410769914,0.6288384512683578
0.3098281181137065,0.03129131776112825,0.022036139268400177,0.6368444248567651
0.30319388214125054,0.03283850652271705,0.025191183085919926,0.6387764282501125
0.3063063063063063,0.03423423423423423,0.027927927927927927,0.6315315315315315
0.30638677981241624,0.03528360875390799,0.027244305493523895,0.6310853059401519
0.2980726131779471,0.03585835948005379,0.02734199910354101,0.6387270282384581
0.2919448153093013,0.03382287494437027,0.025367156208277702,0.6488651535380507
0.29772016092981674,0.033080017881090745,0.027715690657130084,0.6414841305319624
0.29442970822281167,0.034482758620689655,0.026525198938992044,0.6445623342175066
0.2966934763181412,0.03395889186773905,0.024575513851653262,0.6447721179624665
0.28950863213811423,0.03231518370960602,0.025232403718459494,0.6529437804338203
0.29177837354781055,0.030831099195710455,0.026362823949955316,0.6510277033065237
0.29817534490431685,0.03115264797507788,0.028037383177570093,0.6426346239430352
0.2976827094474153,0.03253119429590018,0.026737967914438502,0.643048128342246
0.3035398230088496,0.02831858407079646,0.024778761061946902,0.643362831858407
0.30164371390493117,0.030208796090626388,0.023989338071968014,0.6441581519324745
0.2974043114826221,0.03255609326880774,0.02287725472943247,0.6471623405191377
0.29540383757251226,0.0321285140562249,0.0249888442659527,0.6474788041053101
0.3018197958277852,0.029738126941855306,0.023524189968930315,0.6449178872614292
0.3047576301615799,0.03007181328545781,0.02244165170556553,0.6427289048473968
0.29928952042628776,0.027531083481349913,0.021758436944937832,0.6514209591474245
0.3017699115044248,0.024336283185840708,0.023008849557522124,0.6508849557522124
0.29445676274944566,0.02394678492239468,0.023059866962305987,0.6585365853658537
0.2982766239505082,0.025187803800265134,0.024304021210782147,0.6522315510384445
0.29442970822281167,0.026525198938992044,0.021662245800176835,0.6573828470380194
0.30133333333333334,0.025777777777777778,0.020444444444444446,0.6524444444444445
0.2976827094474153,0.027629233511586453,0.0213903743315508,0.6532976827094474
0.29409131602506716,0.02730528200537153,0.022829006266786033,0.6557743957027753
0.2965914121292607,0.03098716246126605,0.02213368747233289,0.6502877379371403
0.29800443458980047,0.03370288248337029,0.021729490022172948,0.6465631929046564
0.2953229398663697,0.030734966592427616,0.020489977728285078,0.6534521158129176
0.29651162790697677,0.029069767441860465,0.022361359570661897,0.6520572450805009
0.29458740017746227,0.029724933451641525,0.02040816326530612,0.65527950310559
0.2993744414655943,0.032171581769437,0.021447721179624665,0.6470062555853441
0.29736959429335713,0.029424877396344182,0.02229157378510923,0.6509139545251895
0.30266666666666664,0.029333333333333333,0.024888888888888887,0.6431111111111111
0.3045230631437528,0.026421854008060904,0.024630541871921183,0.6444245409762651
0.30304386750223816,0.02864816472694718,0.024619516562220233,0.6436884512085944
0.296164139161463,0.027653880463871544,0.024977698483496878,0.6512042818911686
0.2977303070761015,0.029372496662216287,0.022696929238985315,0.650200267022697
0.30159453302961275,0.030068337129840545,0.0214123006833713,0.6469248291571754
0.30084935181046046,0.028162717925793473,0.021457308895842648,0.6495306213679034
0.2956140350877193,0.02850877192982456,0.02280701754385965,0.6530701754385965
0.29644444444444445,0.024888888888888887,0.024444444444444446,0.6542222222222223
0.2982766239505082,0.024745912505523642,0.024745912505523642,0.6522315510384445
0.3009838998211091,0.02728085867620751,0.024150268336314847,0.6475849731663685
0.2931110136024572,0.02676612549363756,0.02457218078104432,0.6555506801228609
0.29499561018437226,0.026777875329236173,0.02370500438981563,0.654521510096576
0.2907644719399028,0.0273972602739726,0.022536456031816175,0.6593018117543085
0.28948545861297537,0.026845637583892617,0.02371364653243848,0.6599552572706935
0.285650623885918,0.023618538324420676,0.023172905525846704,0.6675579322638147
0.2864120781527531,0.024422735346358793,0.021314387211367674,0.6678507992895204
0.2764336917562724,0.026881720430107527,0.021953405017921146,0.6747311827956989
0.27349290780141844,0.0274822695035461,0.020390070921985817,0.6786347517730497
0.2828193832599119,0.025991189427312777,0.019383259911894272,0.6718061674008811
0.2775055679287305,0.026726057906458798,0.01737193763919822,0.6783964365256124
0.2787825319805911,0.0282311424790472,0.0176444640494045,0.6753418614909572
0.27385707944962273,0.02929427430093209,0.019973368841544607,0.6768752774079005
0.27543314082629944,0.028876055086628164,0.019991115059973346,0.6756996890270991
0.2700892857142857,0.028125,0.019642857142857142,0.6821428571428572
0.27212094264117387,0.026233881725211204,0.0213428190306803,0.6803023566029346
0.2666959578207381,0.027680140597539545,0.02240773286467487,0.6832161687170475
0.26531511679153813,0.027324812692816218,0.021595416483032173,0.6857646540326134
0.26362428001772265,0.027913159060700046,0.02303943287549845,0.6854231280460789
0.26561125769569044,0.026824978012313105,0.022867194371152155,0.6846965699208444
0.2658000896458987,0.02734199910354101,0.021963245181532944,0.6848946660690274
0.2682926829268293,0.02616407982261641,0.01951219512195122,0.6860310421286031
0.26804123711340205,0.02510085163603765,0.021515015688032272,0.685342895562528
0.27163781624500666,0.024411895250776743,0.02174877940523746,0.6822015090989791
0.2732119058196357,0.02310084406930253,0.021768103065304308,0.6819191470457574
0.27066666666666667,0.022222222222222223,0.02266666666666667,0.6844444444444444
0.27079646017699116,0.023008849557522124,0.02079646017699115,0.6853982300884955
0.27770419426048565,0.022516556291390728,0.02163355408388521,0.6781456953642384
0.27667109340416113,0.023461708720672863,0.025232403718459494,0.6746347941567065
0.2853333333333333,0.022222222222222223,0.026222222222222223,0.6662222222222223
0.28130590339892664,0.02101967799642218,0.024597495527728087,0.6730769230769231
0.28476232785428696,0.02310084406930253,0.023989338071968014,0.6681474900044425
0.2851476421330983,0.020273248126928163,0.022917584839136182,0.6716615249008374
0.28558797524314766,0.021662245800176835,0.023430592396109638,0.6693191865605659
0.2801762114537445,0.024229074889867842,0.024229074889867842,0.6713656387665198
0.2732506643046944,0.02612931798051373,0.022143489813994686,0.6784765279007972
0.2707501109631602,0.027075011096316024,0.02130492676431425,0.6808699511762095
0.27706013363028953,0.026280623608017816,0.02093541202672606,0.6757238307349666
0.2758467023172905,0.026737967914438502,0.022281639928698752,0.6751336898395722
0.2750333778371162,0.0262572318647085,0.02403204272363151,0.6746773475745438
0.2764520486267447,0.02656461053579469,0.020711391265195857,0.6762719495722648
0.27649154051647373,0.02804986642920748,0.019590382902938557,0.6758682101513802
0.2742653606411398,0.02804986642920748,0.02315227070347284,0.6745325022261799
0.2727678571428571,0.02857142857142857,0.022321428571428572,0.6763392857142857
0.27144120247568526,0.02961980548187445,0.022988505747126436,0.6759504862953138
0.2668141592920354,0.027876106194690265,0.024778761061946902,0.6805309734513274
0.26159387663214767,0.027915353444394417,0.023863124718595228,0.6866276452048626
0.2611973392461197,0.026607538802660754,0.025277161862527715,0.6869179600886918
0.26166148378498444,0.03065304309195913,0.024433585073300755,0.6832518880497557
0.2675301473872264,0.03305046895935686,0.02590442161679321,0.6735149620366235
0.2638146167557932,0.03342245989304813,0.027183600713012478,0.6755793226381461
0.258266309204647,0.032171581769437,0.028150134048257374,0.6814119749776586
0.2632281013783904,0.028901734104046242,0.02845709204090707,0.6794130724766563
0.2622005323868678,0.02839396628216504,0.02883762200532387,0.6805678793256433
0.2627381479840496,0.028356225077536552,0.02924235711120957,0.6796632698272043
0.25881302989736726,0.029451137884872823,0.03168228469433289,0.6800535475234271
0.2649420160570919,0.028545941123996433,0.03345227475468332,0.6730597680642284
0.2655491839435377,0.030436700485222762,0.031318923687692984,0.6726951918835465
0.2683578104138852,0.03204272363150868,0.03159768580329328,0.6680017801513128
0.2698624056813138,0.032845095428317796,0.03195739014647137,0.665335108743897
0.26791277258566976,0.03159768580329328,0.027592345349354695,0.6728971962616822
0.2702702702702703,0.034116083296411165,0.02525476295968099,0.6703588834736376
0.2696728558797524,0.034482758620689655,0.025198938992042442,0.6706454465075155
0.2648888888888889,0.03288888888888889,0.02666666666666667,0.6755555555555556
0.2700892857142857,0.033928571428571426,0.027678571428571427,0.6683035714285714
0.2694907616043263,0.03199639477242001,0.02794051374493015,0.6705723298783236
0.26865008880994673,0.03063943161634103,0.02930728241563055,0.6714031971580817
0.26666666666666666,0.03155555555555556,0.027555555555555555,0.6742222222222222
0.2688363798484173,0.028533214444939812,0.03031654034774855,0.6723138653588944
0.27119396360408343,0.028406569019085663,0.027075011096316024,0.6733244562805148
0.2747349823321555,0.027385159010600707,0.026943462897526502,0.6709363957597173
0.27706013363028953,0.028062360801781736,0.025389755011135856,0.6694877505567929
0.2736935341009743,0.030558015943312665,0.02612931798051373,0.6696191319751993
0.27219730941704035,0.02780269058295964,0.025112107623318385,0.6748878923766816
0.2746858168761221,0.03096947935368043,0.026481149012567325,0.6678635547576302
0.26972804279982165,0.03209986625055729,0.026749888542131076,0.67142220240749
0.26264848218213815,0.032116146062472505,0.025516937967443906,0.6797184337879455
0.2676991150442478,0.030530973451327433,0.02566371681415929,0.6761061946902654
0.2624209575429088,0.027551942186088526,0.023938572719060525,0.6860885275519422
0.26717557251908397,0.024247867085765602,0.022900763358778626,0.6856757970363718
0.2643524699599466,0.022696929238985315,0.024477080551846907,0.6884735202492211
0.2581069237510955,0.02147239263803681,0.022787028921998246,0.6976336546888694
0.26150442477876107,0.02079646017699115,0.02256637168141593,0.6951327433628318
0.2719181130396084,0.02358700489541611,0.022251891410769914,0.6822429906542056
0.2702338129496403,0.025179856115107913,0.02158273381294964,0.6830035971223022
0.26856380613606046,0.026233881725211204,0.017785682525566917,0.6874166296131614
0.2730102267674522,0.025344597598932858,0.0164517563361494,0.6851934192974656
0.27887571365832237,0.025472112428634168,0.017127799736495388,0.6785243741765481
0.2729693741677763,0.02663115845539281,0.017310252996005325,0.6830892143808256
0.27163781624500666,0.02796271637816245,0.020417221482467822,0.6799822458943631
0.2730496453900709,0.027925531914893616,0.020390070921985817,0.6786347517730497
0.27123893805309734,0.025221238938053097,0.020353982300884955,0.6831858407079646
0.2694185530403906,0.022636484687083888,0.0230803373280071,0.6848646249445184
0.27163781624500666,0.022192632046160676,0.024855747891699954,0.6813138038171327
0.2724046140195209,0.021739130434782608,0.025288376220053237,0.6805678793256433
0.27052489905787347,0.02243158366980709,0.024674742036787798,0.6823687752355316
0.2700892857142857,0.024553571428571428,0.02544642857142857,0.6799107142857143
0.2695690413368514,0.023746701846965697,0.027704485488126648,0.6789797713280563
0.26271561256081377,0.02476780185758514,0.026094648385670056,0.686421937195931
0.262719298245614,0.02543859649122807,0.027192982456140352,0.6846491228070175
0.2703306523681859,0.02546916890080429,0.02546916890080429,0.6787310098302055
0.26948775055679286,0.024498886414253896,0.024498886414253896,0.6815144766146993
0.26516157591854805,0.025232403718459494,0.025675077467906152,0.6839309428950863
0.2646017699115044,0.026991150442477876,0.02743362831858407,0.6809734513274336
0.26294820717131473,0.027003098716246128,0.027445772465692783,0.6826029216467463
0.2652425456163774,0.02848242100578549,0.027147307521139297,0.6791277258566978
0.2732506643046944,0.024800708591674048,0.025243578387953942,0.6767050487156776
0.27417218543046357,0.02384105960264901,0.027373068432671083,0.6746136865342164
0.2855245683930943,0.02213368747233289,0.027888446215139442,0.6644532979194334
0.29161118508655126,0.022636484687083888,0.02885042166000888,0.656901908566356
0.2857142857142857,0.022251891410769914,0.027592345349354695,0.6644414775255897
0.2931494661921708,0.022686832740213523,0.027135231316725978,0.6570284697508897
0.28654188948306597,0.023618538324420676,0.027183600713012478,0.6626559714795008
0.28565082185695245,0.023545091070635273,0.02621057307863172,0.6645935139937805
0.2862238074008025,0.024074899687917966,0.024966562639322336,0.6647347302719572
0.286288521661456,0.021438142027690933,0.022331397945511387,0.6699419383653417
0.28456735057983945,0.021409455842997322,0.0231935771632471,0.6708296164139161
0.2780008924587238,0.020080321285140562,0.02320392681838465,0.678714859437751
0.283922973578146,0.018360949395432154,0.025078369905956112,0.6726377071204658
0.28458844133099825,0.01882661996497373,0.023204903677758317,0.6733800350262698
0.28174603174603174,0.018518518518518517,0.024250440917107582,0.6754850088183422
0.28558875219683655,0.01845342706502636,0.025043936731107205,0.6709138840070299
0.2810137839039573,0.020008892841262782,0.02578923966207203,0.6731880835927079
0.28462572837292693,0.020170327207530255,0.02689376961004034,0.6683101748095025
0.2804279982166741,0.018724921979491754,0.025858225590726706,0.6749888542131074
0.28354881854658937,0.0231832367365136,0.026749888542131076,0.6665180561747659
0.2785714285714286,0.023660714285714285,0.026785714285714284,0.6709821428571429
0.28118113706478626,0.022036139268400177,0.027324812692816218,0.6694579109739973
