C,D,Oc,Od
0.0,0.0,0.0,1.0
0.0,0.5,0.0,0.5
0.0,0.2857142857142857,0.14285714285714285,0.5714285714285714
0.0,0.3333333333333333,0.08333333333333333,0.5833333333333334
0.0,0.25,0.1,0.65
0.0,0.25,0.125,0.625
0.020833333333333332,0.20833333333333334,0.10416666666666667,0.6666666666666666
0.014705882352941176,0.23529411764705882,0.11764705882352941,0.6323529411764706
0.02127659574468085,0.2127659574468085,0.11702127659574468,0.648936170212766
0.025,0.25833333333333336,0.14166666666666666,0.575
0.019736842105263157,0.26973684210526316,0.14473684210526316,0.5657894736842105
0.020100502512562814,0.2964824120603015,0.1407035175879397,0.542713567839196
0.02390438247011952,0.26294820717131473,0.16733067729083664,0.545816733067729
0.03164556962025317,0.2626582278481013,0.16772151898734178,0.5379746835443038
0.04450261780104712,0.25392670157068065,0.15706806282722513,0.5445026178010471
0.04719101123595506,0.2539325842696629,0.15730337078651685,0.5415730337078651
0.05273069679849341,0.2580037664783427,0.160075329566855,0.5291902071563088
0.059967585089141004,0.2593192868719611,0.16369529983792544,0.5170178282009724
0.0667574931880109,0.26021798365122617,0.1566757493188011,0.5163487738419619
0.06933019976498238,0.2573443008225617,0.16568742655699178,0.5076380728554641
0.07349896480331262,0.2536231884057971,0.16045548654244307,0.5124223602484472
0.07713248638838476,0.26406533575317603,0.1569872958257713,0.5018148820326679
0.0781758957654723,0.26465798045602607,0.16042345276872963,0.496742671009772
0.08491281273692192,0.2585291887793783,0.1683093252463988,0.488248673237301
0.08647906657515443,0.2560054907343857,0.1633493479752917,0.49416609471516815
0.09659090909090909,0.25063131313131315,0.16351010101010102,0.48926767676767674
0.10253388332351208,0.24808485562757807,0.16087212728344136,0.48850913376546845
0.10312151616499443,0.2463768115942029,0.16443701226309923,0.48606465997770343
0.10748155953635406,0.24077976817702845,0.16859852476290832,0.48314014752370915
0.10914603335017686,0.23496715512885297,0.17129863567458312,0.4845881758463871
0.10588235294117647,0.23284313725490197,0.17009803921568628,0.49117647058823527
0.11195087387812942,0.23429381199811053,0.17383089277279168,0.47992442135096836
0.1096144914073386,0.2322340919647004,0.1774268462610311,0.48072457036692984
0.11380255941499086,0.2303473491773309,0.1846435100548446,0.47120658135283366
0.11609977324263039,0.22403628117913832,0.1873015873015873,0.472562358276644
0.1181453410610789,0.2224699063753901,0.18724921979491752,0.4721355327686135
0.11790780141843972,0.22606382978723405,0.1870567375886525,0.46897163120567376
0.11806167400881057,0.22246696035242292,0.19515418502202644,0.4643171806167401
0.11831726555652936,0.21998247151621383,0.19062226117440842,0.47107800175284836
0.12147887323943662,0.22227112676056338,0.19190140845070422,0.46434859154929575
0.11803422553751645,0.2242211496270294,0.19131197893813076,0.46643264589732336
0.12570929725010913,0.22130074203404626,0.189873417721519,0.46311654299432564
0.13271604938271606,0.2204585537918871,0.1917989417989418,0.455026455026455
0.13415168785620343,0.21744848750548004,0.19465146865409907,0.4537483559842174
0.13738441215323646,0.22413033905768384,0.19154557463672392,0.4469396741523558
0.1405639913232104,0.22212581344902385,0.19436008676789587,0.4429501084598699
0.13660245183887915,0.22197898423817863,0.19921190893169877,0.44220665499124345
0.13392070484581498,0.22599118942731278,0.19295154185022026,0.44713656387665196
0.13348115299334812,0.22261640798226165,0.19866962305986696,0.4452328159645233
0.13990321161460625,0.22041355037395513,0.20061592608886933,0.4390673119225693
0.13989408649602825,0.22330097087378642,0.20167696381288613,0.4351279788172992
0.13940193491644678,0.22691292875989447,0.202726473175022,0.4309586631486368
0.13887660327288812,0.22644847412649272,0.205218929677134,0.4294559929234852
0.14102564102564102,0.22281167108753316,0.20468611847922194,0.43147656940760387
0.14184081814139618,0.21742996887505558,0.21164962205424634,0.4290795909293019
0.14304812834224598,0.22237076648841356,0.20766488413547238,0.4269162210338681
0.1403973509933775,0.22869757174392935,0.20618101545253864,0.42472406181015454
0.14153846153846153,0.22153846153846155,0.2087912087912088,0.42813186813186815
0.14665485157288435,0.22197607443509082,0.2051395657953035,0.4262295081967213
0.14127546501328608,0.22453498671390612,0.20992028343666963,0.4242692648361382
0.14184081814139618,0.223654957759004,0.21298354824366386,0.42152067585593594
0.14285714285714285,0.21581476627348187,0.2166885102664919,0.42463958060288337
0.13999108337048596,0.21622826571555953,0.22469906375390103,0.4190815871600535
0.1391957578435705,0.21696862571807335,0.22359699513919576,0.4202386212991604
0.13523131672597866,0.2215302491103203,0.22464412811387902,0.41859430604982206
0.13918439716312056,0.2225177304964539,0.22429078014184398,0.41400709219858156
0.14095153401511784,0.22098710538016897,0.22409959982214317,0.41396176078257
0.14475431606905712,0.2182381584772023,0.2244355909694555,0.4125719344842851
0.14493392070484581,0.21585903083700442,0.22334801762114537,0.41585903083700443
0.14656690140845072,0.21214788732394366,0.22535211267605634,0.4159330985915493
0.15377932232841007,0.21329278887923545,0.2211120764552563,0.4118158123370982
0.15175789942145082,0.21717846016911438,0.22118380062305296,0.4098798397863818
0.15371024734982333,0.21157243816254417,0.22217314487632508,0.4125441696113074
0.15678524374176547,0.21826965305226176,0.22178304787000439,0.4031620553359684
0.15842894969108562,0.21624007060900266,0.21932921447484555,0.4060017652250662
0.16527472527472528,0.21670329670329672,0.21714285714285714,0.40087912087912086
0.16541685046316718,0.21746801940891045,0.21835024261138067,0.3987648875165417
0.1646693297825122,0.2228140257434532,0.21482467820683532,0.39769196626719927
0.16337285902503293,0.2261747913921827,0.21739130434782608,0.3930610452349583
0.16223288268643699,0.21849105974705627,0.21849105974705627,0.4007849978194505
0.16179677278674226,0.21979938944614041,0.22154382904491932,0.396860008722198
0.1624119718309859,0.21566901408450703,0.21875,0.40316901408450706
0.16372462488967343,0.21270962047661077,0.22462488967343336,0.3989408649602824
0.16049933125278645,0.21533660276415514,0.22380740080249667,0.40035666518056173
0.16386182462356066,0.21036315323294952,0.22187776793622674,0.4038972542072631
0.15984147952443858,0.20915896081021576,0.22060766182298547,0.4103918978423602
0.16394167034909413,0.20592134334953602,0.2200618647812638,0.41007512152010606
0.1625441696113074,0.2058303886925795,0.2230565371024735,0.4085689045936396
0.1642124051762606,0.20214190093708165,0.22400713966979027,0.40963855421686746
0.16703393565447333,0.2005288673424416,0.2260907888937858,0.40634640810929923
0.17068889863975428,0.20491443615620886,0.22992540587977184,0.394471259324265
0.17203352448169387,0.20599911777679752,0.22805469783855314,0.39391265990295543
0.17368187859991138,0.204696499778467,0.22419140451927339,0.39743021710234827
0.17807606263982104,0.2058165548098434,0.22371364653243847,0.39239373601789707
0.17842876165113183,0.2072791833111407,0.2272525521526853,0.3870395028850422
0.1886214442013129,0.2013129102844639,0.21969365426695842,0.3903719912472648
0.1893569844789357,0.2057649667405765,0.21862527716186253,0.38625277161862526
0.19196822594880847,0.20741394527802295,0.21624007060900266,0.3843777581641659
0.1891772987241531,0.21161460624725034,0.21513418389793224,0.3840739111306643
0.19461606354810237,0.2122683142100618,0.21270962047661077,0.38040600176522504
0.19604395604395605,0.20967032967032967,0.22197802197802197,0.3723076923076923
0.1927497789566755,0.20380194518125552,0.22458001768346597,0.378868258178603
0.19343389529724933,0.20718722271517304,0.22582076308784382,0.3735581188997338
0.19167773351040282,0.20495794599380257,0.22399291722000886,0.3793714032757857
0.1922735346358792,0.20381882770870338,0.22380106571936056,0.38010657193605685
0.19555555555555557,0.20444444444444446,0.22355555555555556,0.37644444444444447
0.2015810276679842,0.20641194554238032,0.22178304787000439,0.3702239789196311
0.19326628771316134,0.2090074333187582,0.2186270222999563,0.37909925666812416
0.20105355575065847,0.208955223880597,0.21334503950834066,0.37664618086040386
0.19717688575209527,0.2112924569916189,0.21305690339655933,0.37847375385972654
0.20175438596491227,0.21271929824561403,0.20614035087719298,0.3793859649122807
0.19507908611599298,0.21309314586994726,0.2148506151142355,0.37697715289982425
0.2040636042402827,0.21333922261484098,0.21201413427561838,0.370583038869258
0.2046757829730922,0.21261579179532422,0.21041023378914867,0.3722981914424349
0.20577777777777778,0.21422222222222223,0.2111111111111111,0.3688888888888889
0.20599911777679752,0.21085134539038378,0.21349801499779444,0.36965152183502425
0.20657894736842106,0.2074561403508772,0.21535087719298246,0.3706140350877193
0.20669898633759365,0.20846187747906567,0.2128691053327457,0.371970030850595
0.20930232558139536,0.21237384817902588,0.21061869240895129,0.3677051338306275
0.21555555555555556,0.2071111111111111,0.21644444444444444,0.36088888888888887
0.22306660706303086,0.2101028162717926,0.21054984354045597,0.3562807331247206
0.22085349758029035,0.21073471183457984,0.21777386713594368,0.3506379234491861
0.21936056838365897,0.2100355239786856,0.21269982238010657,0.35790408525754885
0.22256637168141594,0.2088495575221239,0.2079646017699115,0.3606194690265487
0.22911169744942833,0.20492524186455585,0.20360598065083554,0.3623570800351803
0.23005729396209784,0.20273248126928162,0.2000881445570736,0.36712208021154696
0.23209549071618038,0.20291777188328913,0.20335985853227231,0.3616268788682582
0.23612334801762114,0.1986784140969163,0.20176211453744494,0.3634361233480176
0.23097463284379172,0.19804183355585225,0.20115709835336004,0.369826435246996
0.233085988651244,0.19991270187690965,0.19991270187690965,0.3670886075949367
0.2323943661971831,0.19762323943661972,0.20290492957746478,0.3670774647887324
0.22865988500663423,0.20035382574082264,0.21229544449358692,0.35869084475895624
0.2238871749669458,0.20846187747906567,0.20978404583516969,0.35786690171881885
0.22659010600706714,0.20715547703180212,0.21333922261484098,0.35291519434628976
0.23134328358208955,0.2067603160667252,0.20939420544337137,0.35250219490781387
0.23121387283236994,0.21031569586482882,0.21031569586482882,0.34815473543797243
0.2326297273526825,0.21416007036059806,0.20668425681618294,0.3465259454705365
0.2272525521526853,0.21438082556591212,0.20328450954283178,0.3550821127385708
0.2268538832821413,0.21588415971917507,0.20359806932865293,0.3536638876700307
0.22451669595782073,0.21704745166959577,0.2060632688927944,0.3523725834797891
0.22817899867080194,0.2153300841825432,0.20203810367744793,0.35445281346920693
0.22713074520303436,0.213743864346274,0.21151271753681392,0.3476126729138777
0.22874944370271474,0.2131731197151758,0.205607476635514,0.35246995994659547
0.22855879752431477,0.21175950486295314,0.20512820512820512,0.35455349248452694
0.23182624113475178,0.21010638297872342,0.20079787234042554,0.35726950354609927
0.23032200357781754,0.20080500894454384,0.20617173524150267,0.362701252236136
0.2310405643738977,0.1984126984126984,0.20458553791887124,0.36596119929453264
0.22874944370271474,0.20471740097908322,0.20160213618157544,0.3649310191366266
0.23604395604395603,0.20087912087912088,0.2057142857142857,0.35736263736263735
0.2336572438162544,0.20362190812720848,0.2053886925795053,0.3573321554770318
0.23392857142857143,0.20625,0.21026785714285715,0.3495535714285714
0.23145268769435806,0.2132385606397157,0.20524211461572633,0.3500666370501999
0.23039215686274508,0.2103386809269162,0.2054367201426025,0.3538324420677362
0.2235397452788757,0.20641194554238032,0.2134387351778656,0.35660957400087834
0.23001776198934282,0.1993783303730018,0.2135879218472469,0.35701598579040855
0.23009623797025372,0.19816272965879264,0.21084864391951005,0.36089238845144356
0.22814025743453173,0.19928983577452286,0.20861074123391035,0.36395916555703506
0.22339955849889626,0.2022075055187638,0.20662251655629138,0.36777041942604854
0.22036874451273047,0.20149253731343283,0.21466198419666374,0.36347673397717295
0.22085349758029035,0.20633523977122745,0.21601407831060274,0.35679718433787944
0.2175824175824176,0.20747252747252748,0.2175824175824176,0.35736263736263735
0.21662245800176835,0.20910698496905394,0.21883289124668434,0.35543766578249336
0.21576398062527521,0.20915896081021576,0.2170849845882871,0.3579920739762219
0.21923937360178972,0.2152125279642058,0.2134228187919463,0.35212527964205814
0.21596452328159646,0.2133037694013304,0.2155210643015521,0.3552106430155211
0.21858407079646017,0.2075221238938053,0.21902654867256638,0.3548672566371681
0.2155902004454343,0.20623608017817371,0.21959910913140313,0.3585746102449889
0.21545253863134659,0.21324503311258278,0.21898454746136867,0.352317880794702
0.21013215859030837,0.21013215859030837,0.22555066079295155,0.3541850220264317
0.20792951541850221,0.20748898678414096,0.22422907488986785,0.360352422907489
0.20573951434878587,0.20794701986754968,0.21898454746136867,0.3673289183222958
0.21031569586482882,0.20186749666518453,0.22098710538016897,0.3668297020898177
0.2073651907058308,0.2073651907058308,0.21788689171416045,0.367382726874178
0.20721112076455256,0.21242397914856648,0.2145960034752389,0.365768896611642
0.20468611847922194,0.21043324491600354,0.21396993810786913,0.3709106984969054
0.20662251655629138,0.21280353200883,0.22207505518763798,0.35849889624724063
0.20566121185316233,0.21008403361344538,0.22379478107032286,0.36045997346306946
0.2043152796125055,0.20783795684720388,0.23161602818141788,0.35623073535887273
0.20459566946531155,0.2063632346442775,0.23022536456031817,0.3588157313300928
0.21286031042128603,0.2039911308203991,0.23015521064301553,0.3529933481152993
0.2072032014228546,0.2085371276122721,0.23121387283236994,0.3530457981325033
0.21541850220264316,0.20704845814977973,0.2211453744493392,0.3563876651982379
0.21598939929328623,0.20803886925795054,0.21996466431095407,0.35600706713780916
0.21855486173059768,0.2065120428189117,0.21320249776984834,0.3617305976806423
0.22075055187637968,0.2088300220750552,0.2141280353200883,0.3562913907284768
0.22306322350845947,0.21148708815672307,0.21772039180765806,0.3477292965271594
0.22192866578599735,0.2166446499339498,0.21224130339057684,0.349185380889476
0.21976074435090828,0.21754541426672575,0.2104563579973416,0.35223748338502436
0.21365248226950354,0.21897163120567376,0.212322695035461,0.3550531914893617
0.21646746347941567,0.22000885347498894,0.21115537848605578,0.3523683045595396
0.2105028927458834,0.22207387627948375,0.21584334668446817,0.3515798842901647
0.21324503311258278,0.21456953642384105,0.21898454746136867,0.35320088300220753
0.21419068736141908,0.21685144124168515,0.21729490022172948,0.3516629711751663
0.21472937000887313,0.21251109139307897,0.21561668145519078,0.35714285714285715
0.21469676848162905,0.2182381584772023,0.217352810978309,0.34971226206285966
0.213215859030837,0.21365638766519823,0.21806167400881057,0.35506607929515416
0.21327433628318584,0.21858407079646017,0.21902654867256638,0.3491150442477876
0.21579876434245365,0.22197705207413945,0.2122683142100618,0.3499558693733451
0.2190137716570413,0.21679253665037762,0.21190581963571745,0.3522878720568636
0.22183098591549297,0.2147887323943662,0.21522887323943662,0.34815140845070425
0.2213368747233289,0.21425409473218238,0.2129260734838424,0.3514829570606463
0.22773593265396544,0.20824102791315907,0.21710234824988922,0.34692069118298624
0.22458001768346597,0.20645446507515472,0.21883289124668434,0.35013262599469497
0.22321031569586483,0.20809248554913296,0.21831925300133392,0.3503779457536683
0.22654867256637168,0.21017699115044247,0.215929203539823,0.3473451327433628
0.2269315673289183,0.20706401766004415,0.22030905077262694,0.3456953642384106
0.23331840573219884,0.19928347514554412,0.21764442454097627,0.3497536945812808
0.23479804704837995,0.2010652463382157,0.21260541500221927,0.35153129161118507
0.22972380534853135,0.20561157387110915,0.21613327487943884,0.34853134590092066
0.23485183547103053,0.1977001326846528,0.21892967713401149,0.3485183547103052
0.24046140195208518,0.19698314108251996,0.22182786157941436,0.34072759538598046
0.2411504424778761,0.18672566371681415,0.2252212389380531,0.34690265486725663
0.23601937472479084,0.19726992514310876,0.22016732716864817,0.3465433729634522
0.23801220575414123,0.1965998256320837,0.2210113339145597,0.34437663469921537
0.23994697304463103,0.20150243040212107,0.2205037560760053,0.3380468404772426
0.24063464081092992,0.19876597620096959,0.2269722344645218,0.33362714852357866
0.2418645558487247,0.19656992084432717,0.23131046613896217,0.3302550571679859
0.24145486415425066,0.19237510955302367,0.23356704645048204,0.33260297984224363
0.23311258278145697,0.19602649006622516,0.23841059602649006,0.33245033112582784
0.2363556338028169,0.19586267605633803,0.22931338028169015,0.33846830985915494
0.2395787626151821,0.1970162351908732,0.23036419482229048,0.33304080737165426
0.23971693940734187,0.19371959310039805,0.23617868199911543,0.33038478549314465
0.23893805309734514,0.19513274336283185,0.2327433628318584,0.3331858407079646
0.23857644991212654,0.19551845342706503,0.23550087873462214,0.3304042179261863
0.2379903040987219,0.20141031291317762,0.2384310268840899,0.32216835610401057
0.23757628596338273,0.2009590235396687,0.23626852659110723,0.32519616390584133
0.23114247904719895,0.20335244816938686,0.23070136744596384,0.33480370533745035
0.2270509977827051,0.2,0.2319290465631929,0.341019955654102
0.2336156932679447,0.20329915292019615,0.231832367365136,0.3312527864467231
0.22745270567531897,0.19665640123185218,0.24153101627804663,0.33435987681478224
0.2267313630348478,0.2046757829730922,0.23511248345831495,0.333480370533745
0.2280933509467195,0.20123293703214443,0.2404227212681638,0.33025099075297226
0.23090665475658775,0.2027690933452434,0.24073246985261276,0.32559178204555606
0.2357080035180299,0.19920844327176782,0.23614775725593667,0.3289357959542656
0.2445916114790287,0.19955849889624724,0.23487858719646798,0.32097130242825606
0.2436235708003518,0.19349164467897978,0.24010554089709762,0.3227792436235708
0.2454585733274258,0.1843154630039876,0.24280017722640673,0.3274257864421799
0.24169986719787517,0.18592297476759628,0.2505533421868083,0.32182381584772024
0.24249215598386373,0.183325862841775,0.25011205737337516,0.3240699238009861
0.24357838795394154,0.183348095659876,0.24800708591674048,0.325066430469442
0.24174372523117568,0.18361955085865259,0.2527520915896081,0.32188463232056364
0.23927465723131358,0.18752764263600177,0.24900486510393632,0.32419283502874835
0.23725055432372505,0.18403547671840353,0.2443458980044346,0.3343680709534368
0.23506151142355008,0.18189806678383127,0.24472759226713534,0.3383128295254833
0.2302573203194321,0.18145519077196096,0.24489795918367346,0.3433895297249335
0.22987994664295242,0.17963539350822588,0.24766562916851934,0.34281903068030234
0.22849580943978826,0.1799735333039259,0.254962505513895,0.3365681517423908
0.22984942426926483,0.17847652790079716,0.25686448184233834,0.33480956598759964
0.23276633840644584,0.18039391226499552,0.25693822739480754,0.3299015219337511
0.22759538598047915,0.18544809228039041,0.25820763087843834,0.3287488908606921
0.2294792586054722,0.18402471315092675,0.2616946160635481,0.324801412180053
0.22961657117672984,0.18466284706919348,0.2635522256500661,0.32216835610401057
0.22962313759859773,0.19325153374233128,0.2607361963190184,0.31638913234005256
0.23187108325872874,0.19561324977618622,0.26544315129811996,0.3070725156669651
0.23222124670763827,0.19534679543459174,0.26294995610184374,0.3094820017559263
0.2337317397078353,0.19389110225763612,0.2642762284196547,0.30810092961487384
0.23480176211453743,0.19383259911894274,0.2647577092511013,0.3066079295154185
0.23685373398144058,0.19619973486522316,0.2624834290764472,0.3044631020768891
0.2398409893992933,0.19257950530035337,0.2619257950530035,0.30565371024734983
0.23868131868131867,0.19472527472527473,0.2663736263736264,0.30021978021978024
0.23786620026235242,0.1954525579361609,0.2658504591167468,0.30083078268473984
0.24050632911392406,0.19423832387603668,0.2697512003491925,0.2955041466608468
0.25353356890459366,0.19257950530035337,0.2667844522968198,0.2871024734982332
0.25355239786856126,0.19316163410301954,0.2655417406749556,0.2877442273534636
0.25287356321839083,0.1940760389036251,0.259946949602122,0.29310344827586204
0.24395604395604395,0.19648351648351647,0.26681318681318683,0.2927472527472528
0.25198587819947044,0.19814651368049427,0.2669902912621359,0.2828773168578994
0.25132978723404253,0.19104609929078015,0.2703900709219858,0.2872340425531915
0.2562858403176004,0.1980591089545655,0.26643140714600794,0.2792236435818262
0.25728155339805825,0.19505736981465135,0.26301853486319504,0.2846425419240953
0.25254762959680993,0.1993797075764289,0.2627381479840496,0.28533451484271155
0.24867256637168142,0.20176991150442478,0.26415929203539823,0.2853982300884956
0.25342768686421935,0.19460415745245466,0.2680229986731535,0.2839451570101725
0.2533097969991174,0.19638128861429832,0.2674315975286849,0.2828773168578994
0.2577777777777778,0.19377777777777777,0.2693333333333333,0.2791111111111111
0.2624834290764472,0.18824569155987628,0.2664604507291206,0.2828104286345559
0.2636484687083888,0.18908122503328895,0.2663115845539281,0.2809587217043941
0.2637604579480405,0.18538088947600176,0.2637604579480405,0.2870981946279172
0.26065934065934065,0.18461538461538463,0.26593406593406593,0.2887912087912088
0.2592267135325132,0.18673110720562391,0.2688927943760984,0.2851493848857645
0.26179875333926983,0.1861086375779163,0.27292965271593944,0.27916295636687444
0.2605042016806723,0.18575851393188855,0.2724458204334365,0.2812914639540027
0.2599118942731278,0.18502202643171806,0.27224669603524226,0.2828193832599119
0.26325088339222613,0.19213780918727916,0.27208480565371024,0.27252650176678445
0.26587301587301587,0.18738977072310406,0.27733686067019403,0.26940035273368607
0.26425099425541315,0.18868758285461776,0.275740167918692,0.27132125497127707
0.26343847179031543,0.18169702354509107,0.2785428698356286,0.2763216348289649
0.2604303908651735,0.18050065876152832,0.28194993412384717,0.277119016249451
0.2553191489361702,0.18528368794326242,0.27881205673758863,0.28058510638297873
0.25578350065473593,0.18638149279790484,0.2736796158882584,0.28415539065910084
0.25022341376228774,0.1863270777479893,0.2752457551385165,0.28820375335120646
0.2487847989394609,0.19001325673884226,0.27264692885550157,0.28855501546619533
0.2444933920704846,0.18854625550660792,0.2748898678414097,0.2920704845814978
0.24658138509042787,0.18262020291133657,0.28363475959417733,0.2871636524040582
0.23604395604395603,0.1832967032967033,0.2874725274725275,0.29318681318681317
0.23868131868131867,0.18373626373626373,0.290989010989011,0.2865934065934066
0.23345101500441306,0.18270079435127978,0.28949691085613416,0.294351279788173
0.23583260680034873,0.17567567567567569,0.2872711421098518,0.3012205754141238
0.2343612334801762,0.1762114537444934,0.2938325991189427,0.2955947136563877
0.2340898976412995,0.17668001780151313,0.2919448153093013,0.29728526924788606
0.24185631414547076,0.17715305667112896,0.286925479696564,0.2940651494868362
0.24758135444151275,0.17941952506596306,0.2858399296394019,0.28715919085312225
0.23971693940734187,0.18310482087571872,0.28969482529854046,0.2874834144183989
0.2421564295183385,0.1811754308440124,0.28722934158197083,0.2894387980556783
0.23885209713024283,0.1805739514348786,0.2913907284768212,0.2891832229580574
0.23792645104120513,0.18564466105449712,0.2897651750110766,0.28666371289322107
0.2402482269503546,0.18528368794326242,0.2894503546099291,0.2850177304964539
0.24162257495590828,0.19268077601410935,0.2843915343915344,0.281305114638448
0.23943661971830985,0.1875,0.2891725352112676,0.28389084507042256
0.24469964664310953,0.1881625441696113,0.2756183745583039,0.2915194346289753
0.24569916188795765,0.18085575650639613,0.28098808998676666,0.29245699161887956
0.24223874070835155,0.18189768255356362,0.28071709663314387,0.295146480104941
0.24495171202809482,0.18964003511852504,0.2774363476733977,0.28797190517998245
0.24966681474900043,0.1896934695690804,0.27587738782763216,0.28476232785428696
0.253671562082777,0.19003115264797507,0.27369826435246997,0.2825990209167779
0.2517699115044248,0.1831858407079646,0.27831858407079646,0.2867256637168142
0.24867256637168142,0.18451327433628317,0.2778761061946903,0.28893805309734516
0.24701195219123506,0.17972554227534307,0.27622841965471445,0.2970340858787074
0.250996015936255,0.17397078353253653,0.27578574590526783,0.29924745462594066
0.24425795053003532,0.1771201413427562,0.2769434628975265,0.30167844522968196
0.24121050289274587,0.17757009345794392,0.2817089452603471,0.29951045838896306
0.24033391915641475,0.17135325131810195,0.28163444639718804,0.30667838312829526
0.2434936038817821,0.1693868548742832,0.2818703131892369,0.30524922805469784
0.2484689413823272,0.1679790026246719,0.2782152230971129,0.30533683289588803
0.248,0.16666666666666666,0.2782222222222222,0.3071111111111111
0.25055041831792163,0.1695288419198591,0.27917217084984586,0.3007485689123734
0.2577502214348981,0.1682905225863596,0.27767936226749335,0.2962798937112489
0.2578090629124505,0.16673999120105587,0.27936647602287723,0.29608446986361636
0.2585125448028674,0.1689068100358423,0.2818100358422939,0.2907706093189964
0.258688957325121,0.17201935767707874,0.27716673999120106,0.2921249450065992
0.25690115761353516,0.1745325022261799,0.27916295636687444,0.2894033837934105
0.2588183421516755,0.17680776014109348,0.27204585537918874,0.2923280423280423
0.25548726953467954,0.18129938542581212,0.2752414398595259,0.28797190517998245
0.25526315789473686,0.1824561403508772,0.27456140350877195,0.28771929824561404
0.2561188811188811,0.18138111888111888,0.2757867132867133,0.2867132867132867
0.252863436123348,0.1828193832599119,0.27444933920704845,0.28986784140969163
0.2618310482087572,0.18045112781954886,0.2764263600176913,0.2812914639540027
0.2631578947368421,0.18529795563288387,0.2749021313614615,0.2766420182688125
0.2626041209995616,0.1845681718544498,0.27312582200789126,0.27970188513809735
0.2614779186707477,0.1875819851333625,0.27066025360734586,0.28027984258854394
0.2688219663418955,0.18556244464127547,0.26926483613817537,0.2763507528786537
0.26545936395759717,0.1868374558303887,0.26855123674911663,0.2791519434628975
0.26297117516629714,0.1835920177383592,0.2713968957871397,0.282039911308204
0.2666372851476421,0.18157778757161747,0.2785368003525782,0.2732481269281622
0.27523343708314807,0.17518897287683416,0.272565584704313,0.27701200533570475
0.2736098852603707,0.1796116504854369,0.2722859664607237,0.2744924977934687
0.27236315086782376,0.17935024477080552,0.26924788607031597,0.27903871829105475
0.26724890829694326,0.18908296943231442,0.2698689956331878,0.27379912663755457
0.2695191883546537,0.18879576532862816,0.2651080723423026,0.27657697397441555
0.2621489077128845,0.18992420864913062,0.270619705751226,0.2773071778867588
0.2630884293884734,0.19313682358117026,0.2701275846898372,0.2736471623405191
0.2671688081524147,0.18874612317235268,0.2729286663712893,0.2711564023039433
0.26557666813963765,0.18824569155987628,0.27132125497127707,0.27485638532920903
0.2699602999558888,0.1905602117335686,0.26687251874724305,0.2726069695632995
0.27204585537918874,0.1931216931216931,0.27028218694885364,0.26455026455026454
0.2657777777777778,0.19244444444444445,0.2728888888888889,0.2688888888888889
0.27029438001784123,0.19223907225691347,0.2671721677074041,0.27029438001784123
0.27453580901856767,0.1909814323607427,0.2639257294429708,0.27055702917771884
0.2683790965456156,0.1979627989371125,0.26439326837909655,0.26926483613817537
0.27629233511586454,0.1925133689839572,0.2647058823529412,0.26648841354723707
0.2761061946902655,0.19911504424778761,0.2584070796460177,0.2663716814159292
0.27004405286343613,0.19823788546255505,0.2616740088105727,0.27004405286343613
0.2706866197183099,0.19630281690140844,0.2636443661971831,0.26936619718309857
0.271015761821366,0.19746059544658495,0.266199649737303,0.26532399299474607
0.28010586678429644,0.19982355535950597,0.2567269519188355,0.26334362593736216
0.27814864263462397,0.19893190921228304,0.2612372051624388,0.2616822429906542
0.2838680926916221,0.19607843137254902,0.2517825311942959,0.26827094474153296
0.27593818984547464,0.19955849889624724,0.2565121412803532,0.26799116997792494
0.2772146319964742,0.1978845306302336,0.25253415601586604,0.2723666813574262
0.27472527472527475,0.20087912087912088,0.24967032967032968,0.27472527472527475
0.27807486631016043,0.19875222816399288,0.2535650623885918,0.2696078431372549
0.28596646072374227,0.19373345101500442,0.2502206531332745,0.27007943512797883
0.27417218543046357,0.19426048565121412,0.25695364238410595,0.27461368653421636
0.26631625054752517,0.1988611476127902,0.25799386771791505,0.2768287341217696
0.2638580931263858,0.20709534368070953,0.25764966740576495,0.2713968957871397
0.2695690413368514,0.20448548812664907,0.2541776605101143,0.2717678100263852
0.2790286975717439,0.20176600441501102,0.2560706401766004,0.2631346578366446
0.28191489361702127,0.19592198581560283,0.2553191489361702,0.26684397163120566
0.2770448548812665,0.1996481970096746,0.25725593667546176,0.26605101143359716
0.27493380406001766,0.20476610767872905,0.25507502206531335,0.26522506619594
0.27989371124889284,0.20194862710363154,0.25155004428697963,0.26660761736049604
0.28413610251878035,0.19885108263367213,0.2487847989394609,0.2682280159080866
0.29130052724077327,0.19024604569420034,0.2530755711775044,0.26537785588752194
0.2903795233892321,0.1977052074139453,0.2409532215357458,0.2709620476610768
0.29422143802382,0.19717688575209527,0.23467137185707984,0.27393030436700483
0.2911894273127753,0.1986784140969163,0.23524229074889869,0.2748898678414097
0.29282254513430206,0.19418758256274768,0.23205636283575518,0.2809335094671951
0.29750223015165034,0.1895628902765388,0.23951828724353255,0.2734165923282783
0.2933097031457687,0.19361984935755427,0.23925564909171468,0.2738147984049623
0.29302736098852605,0.19858781994704325,0.23389232127096204,0.2744924977934687
0.2985927880386983,0.19700967458223395,0.22427440633245382,0.2801231310466139
0.2985468956406869,0.19594892118009688,0.22677234698370763,0.27873183619550856
0.2970471573380344,0.19700308505949757,0.22873512560599382,0.2772146319964742
0.29525483304042177,0.19815465729349738,0.23154657293497363,0.2750439367311072
0.29491673970201576,0.2007011393514461,0.23006134969325154,0.2743207712532866
0.2850838481906443,0.20741394527802295,0.22815533980582525,0.2793468667255075
0.2870452528837622,0.20629991126885536,0.22759538598047915,0.2790594498669033
0.284,0.2111111111111111,0.22311111111111112,0.2817777777777778
0.28779840848806365,0.21618037135278514,0.21883289124668434,0.27718832891246686
0.28465238303454304,0.2195015303891561,0.22212505465675558,0.2737210319195453
0.2861593235425011,0.21495327102803738,0.21984868713840677,0.27903871829105475
0.2793468667255075,0.2294792586054722,0.2202118270079435,0.2709620476610768
0.2775564409030544,0.23107569721115537,0.217352810978309,0.2740150509074812
0.27140335392762577,0.23124448367166814,0.2210944395410415,0.2762577228596646
0.272207563764292,0.23922603342128407,0.21503957783641162,0.27352682497801234
0.2678809418036428,0.2416703687250111,0.21279431363838294,0.27765437583296315
0.2656940760389036,0.24005305039787797,0.21529619805481875,0.27895667550839964
0.2624175824175824,0.23824175824175825,0.21406593406593408,0.28527472527472525
0.26100352112676056,0.24031690140845072,0.2169894366197183,0.28169014084507044
0.2566915313734094,0.23738481790258886,0.2198332602018429,0.28609039052215884
0.2545054945054945,0.23516483516483516,0.22505494505494505,0.28527472527472525
0.2546501328609389,0.23117803365810452,0.2316209034543844,0.28255093002657217
0.25693822739480754,0.2341092211280215,0.23187108325872874,0.27708146821844226
0.25365853658536586,0.23725055432372505,0.23458980044345898,0.2745011086474501
0.24867957746478872,0.238556338028169,0.2323943661971831,0.28036971830985913
0.2514438027543314,0.2416703687250111,0.2296756996890271,0.2772101288316304
0.24515845070422534,0.238556338028169,0.23503521126760563,0.28125
0.25121412803532006,0.2370860927152318,0.23664459161147902,0.2750551876379691
0.2599826388888889,0.2322048611111111,0.2387152777777778,0.2690972222222222
0.259094942324756,0.22981366459627328,0.2391304347826087,0.271960958296362
0.2583222370173103,0.22991566799822458,0.237017310252996,0.2747447847314691
0.26019503546099293,0.22872340425531915,0.23714539007092197,0.27393617021276595
0.26425099425541315,0.2337604949182501,0.23155103844454264,0.27043747238179405
0.25906277630415564,0.242263483642794,0.22634836427939875,0.2723253757736516
0.25556544968833483,0.2471059661620659,0.22217275155832591,0.27515583259127335
0.25935711140466755,0.2399823866138265,0.22324966974900926,0.2774108322324967
0.25955555555555554,0.2457777777777778,0.2222222222222222,0.27244444444444443
0.2680229986731535,0.24546660769570985,0.22069880583812473,0.26581158779301195
0.26146384479717816,0.24382716049382716,0.2208994708994709,0.27380952380952384
0.25920994229915667,0.24500665778961384,0.22192632046160674,0.27385707944962273
0.2580071174377224,0.24555160142348753,0.21930604982206406,0.27713523131672596
0.2519788918205805,0.24538258575197888,0.22735268249780125,0.2752858399296394
0.24945006599208094,0.2410910690717114,0.22921249450065992,0.28024637043554773
0.25253415601586604,0.24371970030850595,0.2238871749669458,0.27985896870868227
0.25319805910895454,0.2474636082928981,0.22320247022496692,0.27613586237318044
0.2553097345132743,0.24601769911504426,0.22256637168141594,0.2761061946902655
0.2537912578055308,0.24264049955396966,0.22613737734165923,0.2774308652988403
0.254207263064659,0.245792736935341,0.22807794508414525,0.27192205491585475
0.2534459759893286,0.24944419742107604,0.22409959982214317,0.2730102267674522
0.25387682764731945,0.2534337616304829,0.22374833850243686,0.26894107221976077
0.25807860262008736,0.25065502183406113,0.22270742358078602,0.2685589519650655
0.26356925749023014,0.25271385149804604,0.21493703864524533,0.2687798523664785
0.2604671661524901,0.250771264874394,0.21639488761568973,0.2723666813574262
0.2599293909973522,0.25198587819947044,0.2175639894086496,0.2705207413945278
0.2675438596491228,0.24605263157894736,0.21359649122807017,0.27280701754385966
0.2636881296539641,0.24967148488830487,0.21331581252737625,0.2733245729303548
0.26343612334801764,0.25418502202643173,0.20792951541850221,0.27444933920704845
0.2650814619110524,0.2509907529722589,0.20783795684720388,0.2760898282694848
0.2628797886393659,0.2523117569352708,0.20959929546455305,0.2752091589608102
0.26297273526824977,0.2537379067722076,0.2106420404573439,0.2726473175021988
0.2620932277924362,0.2546174142480211,0.2106420404573439,0.2726473175021988
0.26631625054752517,0.2483574244415243,0.21156373193166886,0.27376259307928164
0.26480990274093724,0.2480106100795756,0.21352785145888595,0.27365163572060125
0.26044874615046193,0.25296964364276286,0.21249450065992082,0.2740871095468544
0.25859030837004404,0.24933920704845816,0.22378854625550662,0.2682819383259912
0.255124291321413,0.2494548626253816,0.22416048844308767,0.27126035761011774
0.26257722859664606,0.235657546337158,0.2290379523389232,0.2727272727272727
0.26187305814469597,0.237017310252996,0.23213493120284065,0.26897470039946736
0.2542894852617686,0.23493180818301804,0.2353717553893533,0.2754069511658601
0.25570175438596493,0.2412280701754386,0.22894736842105262,0.2741228070175439
0.26464014304872596,0.23960661600357622,0.22798390701832813,0.2677693339293697
0.2621951219512195,0.2343205574912892,0.22430313588850173,0.27918118466898956
0.264783759929391,0.22727272727272727,0.2294792586054722,0.27846425419240955
0.2643728222996516,0.22865853658536586,0.23693379790940766,0.2700348432055749
0.2608695652173913,0.22924901185770752,0.23847167325428195,0.27140974967061926
0.2644736842105263,0.23508771929824562,0.23596491228070177,0.2644736842105263
0.26436781609195403,0.23916887709991158,0.2396109637488948,0.2568523430592396
0.26318082788671027,0.2374727668845316,0.24226579520697167,0.2570806100217865
0.26033421284080915,0.23966578715919085,0.24406332453825857,0.2559366754617414
0.2620202911336568,0.23599470666078518,0.24437582708425232,0.2576091751213057
0.26601855943437913,0.2350861688024746,0.23994697304463103,0.25894829871851527
0.2595217006200177,0.2395925597874225,0.2395925597874225,0.2612931798051373
0.26341248900615655,0.23702726473175023,0.23790677220756376,0.2616534740545295
0.26174496644295303,0.23982102908277406,0.2425055928411633,0.25592841163310964
0.2602197802197802,0.23648351648351648,0.2443956043956044,0.2589010989010989
0.25979744605900484,0.23293703214442976,0.24790841039189784,0.25935711140466755
0.25813544415127526,0.2357080035180299,0.24758135444151275,0.25857519788918204
0.2556093268807743,0.2344918609766828,0.2507699076110867,0.2591289045314562
0.25634178905206945,0.2358700489541611,0.2514463729417,0.25634178905206945
0.2611209964412811,0.23220640569395018,0.2580071174377224,0.24866548042704625
0.257736516357206,0.24314765694076038,0.253315649867374,0.2458001768346596
0.2681318681318681,0.23604395604395603,0.24615384615384617,0.24967032967032968
0.27220503756076003,0.24083075563411402,0.2346442775077331,0.25231992929739283
0.27240618101545255,0.24415011037527592,0.23399558498896247,0.24944812362030905
0.2707597173144876,0.23674911660777384,0.23719081272084805,0.25530035335689044
0.2660831509846827,0.23544857768052516,0.23719912472647703,0.2612691466083151
0.27075184702303345,0.2390265102129509,0.2312038244241634,0.2590178183398522
0.2624113475177305,0.24202127659574468,0.23182624113475178,0.2637411347517731
0.262532981530343,0.2405452946350044,0.2343887423043096,0.262532981530343
0.25983208130799823,0.24436588599204595,0.2350861688024746,0.2607158638974812
0.2567032967032967,0.24615384615384617,0.23604395604395603,0.2610989010989011
0.2582781456953642,0.24988962472406182,0.2335540838852097,0.2582781456953642
0.2639193336256028,0.2516440157825515,0.22797018851380974,0.256466462078036
0.26860413914575076,0.24834874504623514,0.2311756935270806,0.2518714222809335
0.2669902912621359,0.24845542806707854,0.23168578993821712,0.2528684907325684
0.2720491443615621,0.24572180781044317,0.2277314611671786,0.2544975866608161
0.2747156605424322,0.24759405074365703,0.22484689413823272,0.25284339457567806
0.2736888497135302,0.24812692816218598,0.23182018510356986,0.24636403702071397
0.27445772465692786,0.2456839309428951,0.2266489597166888,0.25320938468348825
0.2681191640729213,0.24232992441084927,0.22987994664295242,0.259670964873277
0.27168141592920353,0.24336283185840707,0.22699115044247786,0.2579646017699115
0.2720491443615621,0.24045634050021938,0.22948661693725317,0.2580078982009653
0.26906222611744085,0.23751095530236635,0.23444347063978965,0.2589833479404032
0.2644959857270294,0.23862622658340768,0.23059768064228367,0.2662801070472792
0.2653421633554084,0.23576158940397351,0.23222958057395143,0.26666666666666666
0.27047366091190794,0.23461708720672864,0.23461708720672864,0.2602921646746348
0.27463863337713534,0.22820849759088918,0.23653088042049936,0.2606219886114761
0.2769162605228179,0.2259636685866194,0.23482498892334958,0.26229508196721313
0.2776553547818422,0.23226090788893786,0.23358307624504188,0.25650066108417807
0.2769162605228179,0.2361541869738591,0.22684980062029242,0.26007975188303056
0.28304405874499333,0.23230974632843793,0.22607921673342235,0.2585669781931464
0.28205128205128205,0.23430592396109637,0.21839080459770116,0.26525198938992045
0.2873665480427046,0.2362099644128114,0.22330960854092527,0.2531138790035587
0.2835820895522388,0.23485513608428446,0.22519754170324846,0.25636523266022826
0.2808641975308642,0.24338624338624337,0.2261904761904762,0.2495590828924162
0.2750110180696342,0.24371970030850595,0.22917584839136185,0.25209343323049804
