C,D,Oc,Od
0,0,0,0
0.0,1.0,0.0,0.0
0.0,1.0,0.0,0.0
0.5,0.5,0.0,0.0
1.0,0.0,0.0,0.0
0.6666666666666666,0.0,0.3333333333333333,0.0
0.75,0.0,0.25,0.0
0.5,0.0,0.16666666666666666,0.3333333333333333
0.4444444444444444,0.1111111111111111,0.1111111111111111,0.3333333333333333
0.4166666666666667,0.08333333333333333,0.08333333333333333,0.4166666666666667
0.2857142857142857,0.2857142857142857,0.0,0.42857142857142855
0.4375,0.1875,0.0625,0.3125
0.5,0.1111111111111111,0.0,0.3888888888888889
0.5714285714285714,0.09523809523809523,0.0,0.3333333333333333
0.625,0.041666666666666664,0.041666666666666664,0.2916666666666667
0.5483870967741935,0.0967741935483871,0.03225806451612903,0.3225806451612903
0.5757575757575758,0.09090909090909091,0.030303030303030304,0.30303030303030304
0.5714285714285714,0.07142857142857142,0.023809523809523808,0.3333333333333333
0.5961538461538461,0.057692307692307696,0.019230769230769232,0.3269230769230769
0.5882352941176471,0.058823529411764705,0.029411764705882353,0.3235294117647059
0.5882352941176471,0.047058823529411764,0.023529411764705882,0.3411764705882353
0.6116504854368932,0.038834951456310676,0.02912621359223301,0.32038834951456313
0.6015625,0.0390625,0.0234375,0.3359375
0.6118421052631579,0.019736842105263157,0.019736842105263157,0.34868421052631576
0.6086956521739131,0.021739130434782608,0.021739130434782608,0.34782608695652173
0.6,0.03636363636363636,0.022727272727272728,0.3409090909090909
0.6183206106870229,0.03435114503816794,0.015267175572519083,0.3320610687022901
0.6171617161716172,0.0297029702970297,0.0165016501650165,0.33663366336633666
0.6235632183908046,0.022988505747126436,0.022988505747126436,0.33045977011494254
0.628361858190709,0.022004889975550123,0.019559902200488997,0.33007334963325186
0.6263498920086393,0.02591792656587473,0.017278617710583154,0.3304535637149028
0.6456692913385826,0.021653543307086614,0.01968503937007874,0.31299212598425197
0.6504347826086957,0.017391304347826087,0.017391304347826087,0.31478260869565217
0.6486068111455109,0.017027863777089782,0.015479876160990712,0.3188854489164087
0.6493688639551192,0.021037868162692847,0.014025245441795231,0.3155680224403927
0.6560102301790282,0.023017902813299233,0.015345268542199489,0.30562659846547313
0.6566626650660264,0.027611044417767107,0.014405762304921969,0.3013205282112845
0.6721672167216721,0.0231023102310231,0.0121012101210121,0.29262926292629265
0.6786427145708582,0.028942115768463075,0.013972055888223553,0.27844311377245506
0.6761992619926199,0.02952029520295203,0.015682656826568265,0.2785977859778598
0.6757912745936698,0.029940119760479042,0.01710863986313088,0.2771599657827203
0.6792452830188679,0.026729559748427674,0.01650943396226415,0.2775157232704403
0.6798825256975036,0.024229074889867842,0.016152716593245228,0.27973568281938327
0.684894053315106,0.022556390977443608,0.016404647983595352,0.2761449077238551
0.6817301484828922,0.019367333763718526,0.01872175597159458,0.2801807617817947
0.6796056685150955,0.017868145409735057,0.02033271719038817,0.28219346888478125
0.6765389082462253,0.02148664343786295,0.02264808362369338,0.27932636469221833
0.6777408637873754,0.020487264673311186,0.024363233665559248,0.27740863787375414
0.6752136752136753,0.020833333333333332,0.02564102564102564,0.2783119658119658
0.6751958224543081,0.021409921671018278,0.02402088772845953,0.2793733681462141
0.6807768924302788,0.02141434262948207,0.0249003984063745,0.2729083665338645
0.6731423020883924,0.023312287518212724,0.02525497814473045,0.2782904322486644
0.6735280038295836,0.023934897079942556,0.027285782671134514,0.2752513164193394
0.6773743016759777,0.023743016759776536,0.028398510242085662,0.2704841713221601
0.6761598530087276,0.022508038585209004,0.02756086357372531,0.27377124483233806
0.6789734353894642,0.024313372354795137,0.0270148581719946,0.26969833408374605
0.6752021563342318,0.026954177897574125,0.02830188679245283,0.2695417789757412
0.6746880570409982,0.026292335115864526,0.029411764705882353,0.2696078431372549
0.6692032229185317,0.02775290957923008,0.03222918531781558,0.27081468218442256
0.6668147490004442,0.027543314082629944,0.03243003109729009,0.2732119058196357
0.6614837849844514,0.027099067081297203,0.03198578409595735,0.2794313638382941
0.6697490092470277,0.028181417877586965,0.032144429766622636,0.26992514310876264
0.6668141592920354,0.028761061946902654,0.030973451327433628,0.2734513274336283
0.6690265486725664,0.02831858407079646,0.030530973451327433,0.2721238938053097
0.6645879732739421,0.03162583518930958,0.030289532293986638,0.2734966592427617
0.6626878868258178,0.03094606542882405,0.028735632183908046,0.27763041556145
0.6607460035523979,0.03197158081705151,0.02708703374777975,0.2801953818827709
0.6580587711487088,0.031611754229741766,0.026714158504007122,0.2836153161175423
0.6608007039155301,0.034755829300483945,0.025516937967443906,0.278926528816542
0.6617581436858545,0.03480589022757698,0.025881302989736725,0.27755466309683174
0.6603518267929634,0.034280559314388816,0.02931889941362201,0.27604871447902574
0.6614837849844514,0.030208796090626388,0.03109729009329187,0.2772101288316304
0.6538461538461539,0.029069767441860465,0.02996422182468694,0.28711985688729874
0.6537260151717983,0.0285586791610888,0.029451137884872823,0.28826416778224007
0.6597160603371783,0.027950310559006212,0.027506654835847383,0.28482697426796805
0.650687971593431,0.031069684864624945,0.027075011096316024,0.29116733244562804
0.6496447602131439,0.03108348134991119,0.02708703374777975,0.2921847246891652
0.6400701446733889,0.032003507233669445,0.03156510302498904,0.29636124506795264
0.6378928729526339,0.03231518370960602,0.029659141212926073,0.300132802124834
0.6375275938189845,0.032229580573951436,0.031346578366445915,0.2988962472406181
0.6399113082039911,0.03148558758314856,0.029711751662971176,0.29889135254988913
0.6440754039497307,0.02917414721723519,0.03141831238779174,0.29533213644524237
0.6414841305319624,0.028162717925793473,0.030397854269110416,0.29995529727313364
0.6459544032185963,0.029056772463120252,0.03173893607510058,0.2932498882431828
0.6457960644007156,0.025491949910554562,0.03443649373881932,0.29427549194991054
0.6382884869872077,0.024261138067931187,0.032642258491398325,0.30480811645346273
0.6463306808134395,0.028735632183908046,0.03404067197170645,0.29089301503094606
0.6398040961709706,0.028495102404274265,0.03383793410507569,0.2978628673196794
0.643048128342246,0.03074866310160428,0.035204991087344026,0.2909982174688057
0.6295464750785811,0.032330489447687474,0.03412662775033678,0.3039964077233947
0.6318827708703375,0.03285968028419183,0.03463587921847247,0.3006216696269982
0.6291685193419297,0.032458870609159626,0.03912850155624722,0.2992441084926634
0.6241640659830584,0.030762371823450735,0.04057066428889879,0.30450289790459206
0.6248880931065354,0.02999104744852283,0.043867502238137866,0.30125335720680396
0.630338078291815,0.03069395017793594,0.04181494661921708,0.297153024911032
0.6273458445040214,0.02993744414655943,0.04334226988382484,0.2993744414655943
0.6229802513464991,0.031867145421903054,0.04398563734290844,0.3011669658886894
0.6266786034019696,0.03088630259623993,0.045658012533572066,0.29677708146821846
0.625,0.028268551236749116,0.04107773851590106,0.30565371024734983
0.6210148181409969,0.02918724741805119,0.0431073192635833,0.3066906151773687
0.6208277703604806,0.02848242100578549,0.04138851802403204,0.30930129060970185
0.6211849192100538,0.031867145421903054,0.041741472172351884,0.3052064631956912
0.6173719376391982,0.031180400890868598,0.04053452115812917,0.310913140311804
0.6101618705035972,0.03462230215827338,0.04091726618705036,0.3142985611510791
0.6062780269058295,0.03228699551569507,0.03811659192825112,0.3233183856502242
0.6154879140555058,0.03088630259623993,0.03625783348254252,0.3173679498657117
0.6084257206208425,0.03237250554323725,0.039467849223946784,0.3197339246119734
0.6094516272848863,0.030762371823450735,0.03611234953187695,0.323673651359786
0.6133630289532294,0.03429844097995546,0.03518930957683741,0.31714922048997773
0.6182795698924731,0.03449820788530466,0.035842293906810034,0.31137992831541217
0.6146253925527142,0.036787797218483624,0.0354419021982952,0.31314490803050693
0.6191744340878829,0.03772747447847315,0.03506435863293387,0.30803373280071017
0.6184327693677649,0.0365093499554764,0.03383793410507569,0.311219946571683
0.6129464285714286,0.03616071428571429,0.032589285714285716,0.3183035714285714
0.6075892857142857,0.0375,0.033035714285714286,0.321875
0.6001776988005331,0.03598400710795202,0.034207019102621056,0.32963127498889383
0.6057522123893805,0.034070796460176994,0.032300884955752215,0.32787610619469026
0.6083516483516483,0.03296703296703297,0.032527472527472526,0.3261538461538461
0.5992954645530604,0.03478643769264641,0.032144429766622636,0.3337736679876706
0.6096802841918295,0.034191829484902306,0.03463587921847247,0.32149200710479575
0.6008948545861298,0.03445190156599553,0.03713646532438479,0.3275167785234899
0.609982332155477,0.03356890459363958,0.036219081272084806,0.3202296819787986
0.5943562610229277,0.034832451499118164,0.03791887125220458,0.33289241622574955
0.5948695267580717,0.03582485625829279,0.03582485625829279,0.3334807607253428
0.5958965209634255,0.034344335414808205,0.03568242640499554,0.33407671721677074
0.6009700176366843,0.03659611992945326,0.033950617283950615,0.32848324514991184
0.5928730512249443,0.03474387527839644,0.0334075723830735,0.33897550111358576
0.5976702508960573,0.03539426523297491,0.03270609318996416,0.3342293906810036
0.5951957295373665,0.03558718861209965,0.03469750889679715,0.33451957295373663
0.5929919137466307,0.03459119496855346,0.03459119496855346,0.33782569631626236
0.5953221535745807,0.03618711385701677,0.03309796999117388,0.3353927625772286
0.592379264510412,0.03810367744793974,0.033673017279574655,0.3358440407620735
0.5957446808510638,0.037677304964539006,0.034131205673758866,0.3324468085106383
0.5929715302491103,0.03825622775800712,0.03336298932384341,0.33540925266903915
0.5878707392651615,0.038955289951305885,0.034528552456839307,0.3386454183266932
0.5900621118012422,0.03992901508429459,0.035048802129547474,0.3349600709849157
0.5824324324324325,0.041891891891891894,0.03648648648648649,0.33918918918918917
0.5854529228023204,0.03792949576082106,0.037037037037037035,0.3395805443998215
0.5857142857142857,0.04017857142857143,0.0375,0.3366071428571429
0.5889186773905273,0.03842716711349419,0.03798033958891868,0.33467381590705986
0.5893177737881508,0.0381508078994614,0.03859964093357271,0.3339317773788151
0.5886775762936753,0.039805395842547546,0.0362671384343211,0.335249889429456
0.5909700491729996,0.04112650871703174,0.03442109968708091,0.3334823424228878
0.5868290482634191,0.042399639152007215,0.03473161930536761,0.33603969327920613
0.589181940098346,0.0424675905230219,0.03442109968708091,0.3339293696915512
0.5919821826280623,0.04543429844097996,0.0334075723830735,0.3291759465478842
0.5890168290522586,0.04428697962798937,0.032329495128432244,0.33436669619131976
0.5842245989304813,0.04634581105169341,0.03297682709447415,0.33645276292335113
0.584871679423683,0.042323277802791534,0.03601981089599279,0.3367852318775326
0.5882616487455197,0.039874551971326166,0.035842293906810034,0.33602150537634407
0.5875503806538289,0.041648007165248545,0.03537841468875952,0.335423197492163
0.5796972395369546,0.04363312555654497,0.035173642030276044,0.3414959928762244
0.582109479305741,0.042723631508678236,0.03426791277258567,0.3408989764129951
0.5848214285714286,0.04241071428571429,0.03705357142857143,0.3357142857142857
0.5861148197596796,0.044058744993324434,0.036048064085447265,0.33377837116154874
0.5823293172690763,0.040160642570281124,0.036590807675145026,0.34091923248549755
0.5846290537538872,0.04042647712127943,0.03642825410928476,0.3385162150155486
0.5793258426966292,0.04044943820224719,0.035955056179775284,0.3442696629213483
0.5797491039426523,0.03718637992831541,0.03808243727598566,0.3449820788530466
0.581989247311828,0.03942652329749104,0.035842293906810034,0.34274193548387094
0.5856179775280899,0.038202247191011236,0.033707865168539325,0.34247191011235956
0.5838176128743854,0.038891372373714796,0.03352704514975414,0.3437639696021457
0.5805309734513274,0.03805309734513274,0.03185840707964602,0.3495575221238938
0.5775089605734767,0.038978494623655914,0.03181003584229391,0.3517025089605735
0.5796321220278151,0.03947958725886048,0.03230148048452221,0.34858681022880217
0.5767172167707404,0.038804638715432646,0.032114183764495985,0.35236396074933096
0.5800536672629696,0.038461538461538464,0.03398926654740608,0.34749552772808584
0.5812611012433393,0.035523978685612786,0.03818827708703375,0.3450266429840142
0.5762181493071077,0.03352704514975414,0.03933839964237819,0.35091640590075995
0.5723742277140336,0.03574580759046778,0.040158870255957636,0.351721094439541
0.5718144979738856,0.038271049076992344,0.04322377307519135,0.34669067987393065
0.5671441360787824,0.04073410922112802,0.043867502238137866,0.34825425246195163
0.5669920141969832,0.0417036379769299,0.04303460514640639,0.3482697426796806
0.5604203152364273,0.04159369527145359,0.04203152364273205,0.35595446584938706
0.5558546433378196,0.04306864064602961,0.040376850605652756,0.360699865410498
0.5662759242560865,0.04238052299368801,0.03832281334535618,0.3530207394048693
0.5602328705776982,0.04254366323331841,0.03940886699507389,0.35781459919390957
0.5633614939973322,0.041351711871943087,0.039573143619386394,0.35571365051133835
0.5656430796617713,0.04005340453938585,0.036048064085447265,0.3582554517133956
0.5730286738351255,0.038978494623655914,0.034050179211469536,0.3539426523297491
0.5767690253671562,0.03827325322652426,0.03471295060080107,0.35024477080551847
0.5805877114870882,0.03784505788067676,0.033392698130008905,0.3481745325022262
0.574400723654455,0.03844414292175486,0.03573043871551334,0.3514246947082768
0.5683741648106905,0.037416481069042315,0.037416481069042315,0.3567928730512249
0.5620535714285714,0.03660714285714286,0.03660714285714286,0.36473214285714284
0.5622507753655295,0.03766061143110323,0.0358883473637572,0.3642002658396101
0.5658188308790718,0.03480589022757698,0.035698348951361,0.3636769299419902
0.5580573951434878,0.03620309050772627,0.03664459161147903,0.3690949227373068
0.5576668139637649,0.03711886875828546,0.03932832523199293,0.3658859920459567
0.5569050832208727,0.038236617183985605,0.04093567251461988,0.3639226270805218
0.5549621717846017,0.03693813974187806,0.04183355585224744,0.36626613262127283
0.5612472160356348,0.033853006681514475,0.04142538975501114,0.36347438752783967
0.5531820204717401,0.03337783711615487,0.044058744993324434,0.3693813974187806
0.5518469069870939,0.03426791277258567,0.04361370716510903,0.3702714730752114
0.5457001350742908,0.035119315623592974,0.041422782530391715,0.37775776677172446
0.5459001782531194,0.03832442067736185,0.0392156862745098,0.37655971479500894
0.5464382326420198,0.0387736699729486,0.04147880973850315,0.37330928764652843
0.5427807486631016,0.0427807486631016,0.040998217468805706,0.37344028520499106
0.5410563692853972,0.03683976919662672,0.03817132711939636,0.38393253439857966
0.5433707865168539,0.03550561797752809,0.039550561797752806,0.38157303370786516
0.5397830018083183,0.0379746835443038,0.04023508137432188,0.3820072332730561
0.5360641139804097,0.03784505788067676,0.04007123775601069,0.38601959038290296
0.5392200806813088,0.03451367099955177,0.04168534289556253,0.38458090542357687
0.5375055481580115,0.03462050599201065,0.04172214824678207,0.38615179760319573
0.5354924578527063,0.035048802129547474,0.0417036379769299,0.3877551020408163
0.5311240483654277,0.03716972682489924,0.039856695029108824,0.39184952978056425
0.5384271671134941,0.034405719392314564,0.0388739946380697,0.38829311885612156
0.5298042704626335,0.03603202846975089,0.0400355871886121,0.39412811387900354
0.5275908479138627,0.034993270524899055,0.042171377299237325,0.3952445042620009
0.5277407900577008,0.03550821127385708,0.03994673768308921,0.3968042609853529
0.5319438151336656,0.03352967829632986,0.03579519710013593,0.3987313094698686
0.5381866904868244,0.03439035283608754,0.033497096918267084,0.3939258597588209
0.5339848956019547,0.03598400710795202,0.03331852509995557,0.3967125721901377
0.5347498893315626,0.035856573705179286,0.03497122620628597,0.3944223107569721
0.5288376220053239,0.034161490683229816,0.03637976929902396,0.40062111801242234
0.533244087460955,0.03435966086568496,0.035698348951361,0.3966979027219991
0.5433318365514145,0.03547373147732375,0.0345756623259991,0.3866187696452627
0.541280353200883,0.03443708609271523,0.030463576158940398,0.3938189845474614
0.536,0.036444444444444446,0.03111111111111111,0.39644444444444443
0.533932584269663,0.037303370786516854,0.03191011235955056,0.39685393258426965
0.5374331550802139,0.034759358288770054,0.031194295900178252,0.3966131907308378
0.535635236830456,0.03497122620628597,0.029659141212926073,0.399734395750332
0.5276916260522818,0.033673017279574655,0.02968542312804608,0.40894993354009745
0.5341670388566324,0.036176864671728454,0.02992407324698526,0.39973202322465384
0.5264092321349312,0.036395916555703504,0.03462050599201065,0.40257434531735464
0.5228381374722838,0.03414634146341464,0.03636363636363636,0.4066518847006652
0.5203034359660865,0.031236055332440876,0.035698348951361,0.41276215975011155
0.5181323662737988,0.03218495013599275,0.03535811423390753,0.414324569356301
0.521797153024911,0.029804270462633453,0.03469750889679715,0.41370106761565834
0.52152466367713,0.030044843049327353,0.034080717488789235,0.41434977578475335
0.5223015165031222,0.027653880463871544,0.03479036574487065,0.4152542372881356
0.5214887018165707,0.02525476295968099,0.034559149313247675,0.41869738591050065
0.5203761755485894,0.025974025974025976,0.036274070756829375,0.4173757277205553
0.5133689839572193,0.029411764705882353,0.035204991087344026,0.42201426024955435
0.5156529516994633,0.03130590339892665,0.0353309481216458,0.41771019677996424
0.5145674585387718,0.03003137606454505,0.031376064545047065,0.424025100851636
0.5098654708520179,0.028699551569506727,0.03183856502242152,0.4295964125560538
0.5100671140939598,0.029082774049217,0.03131991051454139,0.42953020134228187
0.5102862254025045,0.03041144901610018,0.02996422182468694,0.4293381037567084
0.5105428443248093,0.03050695379093764,0.03050695379093764,0.4284432480933154
0.5113788487282463,0.02989736724676484,0.02989736724676484,0.42882641677822403
0.5024719101123596,0.031011235955056178,0.03056179775280899,0.43595505617977526
0.502452073116362,0.03209986625055729,0.028979045920642,0.4364690147124387
0.49844651575676874,0.03195739014647137,0.028406569019085663,0.4411895250776742
0.4988774135608442,0.0327795240233498,0.02918724741805119,0.4391558149977548
0.49379982285208146,0.031443755535872454,0.027900797165633304,0.44685562444641275
0.4904401956425078,0.031124944419742107,0.026678523788350377,0.45175633614939975
0.4948499776085983,0.03000447828034035,0.025526197939991044,0.4496193461710703
0.4919857524487979,0.03250222617987533,0.026714158504007122,0.44879786286731965
0.4917225950782998,0.03087248322147651,0.02774049217002237,0.44966442953020136
0.4900662251655629,0.031788079470198675,0.029580573951434878,0.4485651214128035
0.489237668161435,0.03228699551569507,0.028699551569506727,0.4497757847533632
0.4837983798379838,0.03285328532853286,0.0279027902790279,0.45544554455445546
0.47884187082405344,0.03162583518930958,0.029844097995545656,0.45968819599109134
0.4817813765182186,0.031938821412505626,0.030589293747188485,0.4556905083220873
0.4789048473967684,0.03007181328545781,0.0296229802513465,0.4614003590664273
0.47912966252220246,0.028419182948490232,0.03197158081705151,0.4604795737122558
0.47989276139410186,0.026362823949955316,0.031724754244861486,0.46201966041108133
0.47282368537339814,0.026513477684489615,0.030048608042421564,0.4706142288996907
0.4733994589720469,0.026149684400360685,0.029305680793507663,0.4711451758340848
0.4731182795698925,0.025985663082437275,0.030017921146953404,0.47087813620071683
0.4744718309859155,0.02596830985915493,0.028169014084507043,0.47139084507042256
0.4672897196261682,0.02848242100578549,0.027147307521139297,0.477080551846907
0.4701159678858162,0.03166815343443354,0.028545941123996433,0.4696699375557538
0.46557085739671256,0.033762772101288314,0.02576632607729898,0.47490004442470013
0.46847246891651867,0.03152753108348135,0.02575488454706927,0.47424511545293074
0.45932584269662924,0.029662921348314608,0.027415730337078652,0.48359550561797754
0.4604026845637584,0.030425055928411632,0.028187919463087248,0.4809843400447427
0.4575342465753425,0.031050228310502283,0.026027397260273973,0.4853881278538813
0.4579397210976158,0.029239766081871343,0.02564102564102564,0.48717948717948717
0.45774021352313166,0.03113879003558719,0.026245551601423486,0.48487544483985767
0.45466607695709865,0.030959752321981424,0.025210084033613446,0.4891640866873065
0.46813285457809695,0.027827648114901255,0.025134649910233394,0.4789048473967684
0.4695960940967599,0.028406569019085663,0.024855747891699954,0.4771415889924545
0.471115091804747,0.027765338110165697,0.026421854008060904,0.47469771607702643
0.46990637539010255,0.026749888542131076,0.026749888542131076,0.47659384752563533
0.46785714285714286,0.027678571428571427,0.026785714285714284,0.47767857142857145
0.4665485157288436,0.028356225077536552,0.027470093043863535,0.4776251661497563
0.4712134632418069,0.027900797165633304,0.025686448184233834,0.47519929140832595
0.4646374216651746,0.02909579230080573,0.02730528200537153,0.4789615040286482
0.4602678571428571,0.03214285714285714,0.029017857142857144,0.4785714285714286
0.46433318564466103,0.03234381922906513,0.028356225077536552,0.4749667700487373
0.46084200995925756,0.033499320959710276,0.028519692168401993,0.47713897691263013
0.4616419919246299,0.034993270524899055,0.0300583221175415,0.47330641543292956
0.4646823633940471,0.03509551310528654,0.03065304309195913,0.46956908040870726
0.4629053753887161,0.0346512661039538,0.028876055086628164,0.4735673034207019
0.4602896007020623,0.03290917068889864,0.029398859148749453,0.4774023694602896
0.45936395759717313,0.03180212014134275,0.02959363957597173,0.4792402826855124
0.4567627494456763,0.02926829268292683,0.027937915742793792,0.4860310421286031
0.45478723404255317,0.031471631205673756,0.028812056737588652,0.4849290780141844
0.45719329214474846,0.032215357458075904,0.027802294792586054,0.48278905560458957
0.45054945054945056,0.03296703296703297,0.028131868131868132,0.48835164835164835
0.45131169408626054,0.03334815473543797,0.030680302356602934,0.48465984882169855
0.45135495335406484,0.03109729009329187,0.03065304309195913,0.48689471346068414
0.44924309884238645,0.03428317008014248,0.02983081032947462,0.4866429207479964
0.4530066815144766,0.03518930957683741,0.028062360801781736,0.48374164810690423
0.45155555555555554,0.035111111111111114,0.028444444444444446,0.48488888888888887
0.45275414240931483,0.034482758620689655,0.028660994178235557,0.48410210479175997
0.45071047957371224,0.03241563055062167,0.028419182948490232,0.48845470692717585
0.4509366636931311,0.031222123104371096,0.030776092774308653,0.4870651204281891
0.44793974302171025,0.03145768719539211,0.03145768719539211,0.48914488258750555
0.45042240995998223,0.0329035126722988,0.03156958648288128,0.4851044908848377
0.44026845637583895,0.03803131991051454,0.03355704697986577,0.48814317673378077
0.4444935869084476,0.0362671384343211,0.03449800973020787,0.48474126492702346
0.4455888938647559,0.034482758620689655,0.03537841468875952,0.4845499328257949
0.4407087687414811,0.03452975920036347,0.03680145388459791,0.4879600181735575
0.4464928057553957,0.03237410071942446,0.03507194244604316,0.48606115107913667
0.4479963980189104,0.031067086897793788,0.03286807744259343,0.4880684376407024
0.43897026187305815,0.032845095428317796,0.032845095428317796,0.49533954727030627
0.44385026737967914,0.03431372549019608,0.03074866310160428,0.4910873440285205
0.4430493273542601,0.03228699551569507,0.03183856502242152,0.4928251121076233
0.44513001322168355,0.03437637725870427,0.03217276333186426,0.4883208461877479
0.43985796715490455,0.033288948069241014,0.033288948069241014,0.4935641367066134
0.4436997319034853,0.03306523681858802,0.03306523681858802,0.49016979445933867
0.43982102908277404,0.03445190156599553,0.031767337807606266,0.49395973154362416
0.4435053380782918,0.03469750889679715,0.03069395017793594,0.49110320284697506
0.44609164420485176,0.03638814016172507,0.03009883198562444,0.48742138364779874
0.44375,0.03482142857142857,0.02857142857142857,0.4928571428571429
0.4388261851015801,0.033860045146726865,0.026636568848758466,0.5006772009029345
0.4364123159303882,0.03614457831325301,0.028112449799196786,0.499330655957162
0.43940714908456846,0.03574542284219703,0.02746294681778553,0.497384481255449
0.43708016121809223,0.035826242722794444,0.02821316614420063,0.49888042991491266
0.44097995545657015,0.033853006681514475,0.026726057906458798,0.49844097995545655
0.4452846975088968,0.032473309608540925,0.02491103202846975,0.4973309608540925
0.43973214285714285,0.03125,0.025892857142857145,0.503125
0.4445939883355765,0.03050695379093764,0.024674742036787798,0.500224315836698
0.44728577837595335,0.029161058770749215,0.02557200538358008,0.4979811574697174
0.4520123839009288,0.026536930561698365,0.026536930561698365,0.49491375497567447
0.4452296819787986,0.028268551236749116,0.028268551236749116,0.49823321554770317
0.4484605087014726,0.028112449799196786,0.02677376171352075,0.4966532797858099
0.45417970496200266,0.029950827000447027,0.02592758158247653,0.48994188645507375
0.4500671742051052,0.03000447828034035,0.025078369905956112,0.4948499776085983
0.4488434163701068,0.030249110320284697,0.024466192170818506,0.49644128113879005
0.4473684210526316,0.03166815343443354,0.027207850133809098,0.4937555753791258
0.4480578139114724,0.03297199638663053,0.025293586269196026,0.493676603432701
0.449685534591195,0.03234501347708895,0.026954177897574125,0.49101527403414197
0.45055432372505544,0.030598669623059866,0.026607538802660754,0.49223946784922396
0.4526129317980514,0.032329495128432244,0.02878653675819309,0.4862710363153233
0.45135495335406484,0.03065304309195913,0.028431808085295423,0.48956019546868057
0.4502664298401421,0.03019538188277087,0.02664298401420959,0.4928952042628774
0.4448414470745869,0.028584189370254576,0.02813756141134435,0.4984368021438142
0.45161290322580644,0.026513477684489615,0.02695536897923111,0.4949182501104728
0.45236013986013984,0.030157342657342656,0.026223776223776224,0.49125874125874125
0.4497991967871486,0.031236055332440876,0.026327532351628737,0.4926372155287818
0.45462555066079297,0.03171806167400881,0.026872246696035242,0.486784140969163
0.4473684210526316,0.03389830508474576,0.025869759143621766,0.4928635147190009
0.4463251670378619,0.03518930957683741,0.025389755011135856,0.4930957683741648
0.4467429577464789,0.03433098591549296,0.02464788732394366,0.4942781690140845
0.45075421472937,0.032830523513753325,0.023957409050576754,0.49245785270629994
0.4508233199821985,0.032487761459724075,0.02358700489541611,0.4931019136626613
0.44286349488661625,0.03334815473543797,0.024899955535793685,0.4988883948421521
0.4439441692931112,0.031067086897793788,0.024313372354795137,0.5006753714542999
0.4373047746541722,0.03302097278000892,0.024096385542168676,0.5055778670236502
0.4373033707865169,0.03191011235955056,0.024719101123595506,0.5060674157303371
0.4350908285334515,0.03145768719539211,0.02525476295968099,0.5081967213114754
0.43478260869565216,0.028107158541941152,0.025472112428634168,0.5116381203337725
0.4430604982206406,0.03113879003558719,0.023576512455516015,0.5022241992882562
0.4400356665180562,0.03120820329915292,0.023629068212215783,0.5051270619705751
0.4455935251798561,0.03102517985611511,0.023830935251798562,0.4995503597122302
0.44549125168236875,0.03050695379093764,0.021982951996410947,0.5020188425302826
0.44260830728003575,0.02813756141134435,0.021438142027690933,0.507815989280929
0.44058744993324434,0.027592345349354695,0.021361815754339118,0.5104583889630618
0.43822222222222224,0.02711111111111111,0.021333333333333333,0.5133333333333333
0.4448888888888889,0.025333333333333333,0.023555555555555555,0.5062222222222222
0.43912264995523725,0.02730528200537153,0.024619516562220233,0.508952551477171
0.43487957181088316,0.02230151650312221,0.02408563782337199,0.5187332738626227
0.4315037929495761,0.02186523873270861,0.02186523873270861,0.5247657295850067
0.42825311942959,0.023172905525846704,0.0213903743315508,0.5271836007130125
0.4224215246636771,0.023318385650224215,0.021524663677130046,0.5327354260089686
0.42741208295761945,0.02569882777276826,0.02254283137962128,0.524346257889991
0.42231075697211157,0.027888446215139442,0.023019034971226208,0.5267817618415228
0.4192256341789052,0.027592345349354695,0.02403204272363151,0.5291499777481086
0.4196389255834434,0.02686041391457508,0.02553940995156319,0.5279612505504183
0.4103918978423602,0.026420079260237782,0.025979744605900485,0.5372082782915015
0.41213202497769846,0.028099910793933987,0.026761819803746655,0.5330062444246209
0.4029451137884873,0.029451137884872823,0.029451137884872823,0.5381526104417671
0.40269662921348315,0.029213483146067417,0.02696629213483146,0.541123595505618
0.40540540540540543,0.02924235711120957,0.026140894993354008,0.539211342490031
0.3999108337048596,0.03031654034774855,0.02630405706642889,0.543468568880963
0.3946547884187082,0.030289532293986638,0.027171492204899776,0.5478841870824054
0.40729212983548246,0.029346376167185415,0.030680302356602934,0.5326811916407292
0.39785905441570024,0.028545941123996433,0.03256021409455843,0.5410347903657449
0.3929219600725953,0.029491833030852996,0.030852994555353903,0.5467332123411979
0.39649753030983387,0.030983385720700495,0.030085316569375842,0.5424337674000899
0.38670829616413915,0.029884032114183764,0.032114183764495985,0.5512934879571811
0.38608156028368795,0.028368794326241134,0.03102836879432624,0.5545212765957447
0.38643462739848283,0.02677376171352075,0.02900490852298081,0.5577867023650156
0.39157427937915745,0.025720620842572064,0.02926829268292683,0.5534368070953437
0.3887147335423197,0.026869682042095836,0.03179579041648007,0.5526197939991043
0.39470139200718457,0.027391109115401886,0.03188145487202514,0.5460260440053885
0.398576512455516,0.027135231316725978,0.029359430604982206,0.5449288256227758
0.40548915449313855,0.02478972996901284,0.03187250996015936,0.5378486055776892
0.4067871308946673,0.027765535478184222,0.03129131776112825,0.5341560158660202
0.40187332738626225,0.029884032114183764,0.032114183764495985,0.5361284567350579
0.3967756381549485,0.03000447828034035,0.03358710255261979,0.5396327810120913
0.4000892060660125,0.03166815343443354,0.0352363960749331,0.5330062444246209
0.3953180212014134,0.03224381625441696,0.03356890459363958,0.5388692579505301
0.40142095914742454,0.03330373001776199,0.03463587921847247,0.5306394316163411
0.39822616407982264,0.032815964523281595,0.03414634146341464,0.5348115299334811
0.39759036144578314,0.035252119589468986,0.037037037037037035,0.5301204819277109
0.39646017699115044,0.034070796460176994,0.03584070796460177,0.5336283185840708
0.4002689376961004,0.03496190049305244,0.03227252353204841,0.5324966382787988
0.4050802139037433,0.0338680926916221,0.03253119429590018,0.5285204991087344
0.40465532676812893,0.03267681289167413,0.03178155774395703,0.5308863025962399
0.40331987438313144,0.033647375504710635,0.029609690444145357,0.5334230596680125
0.3986725663716814,0.033628318584070796,0.03008849557522124,0.5376106194690266
0.40118128123580193,0.03044070876874148,0.029077691958200817,0.5393003180372558
0.3959910913140312,0.030289532293986638,0.027616926503340758,0.5461024498886414
0.3905272564789991,0.0290437890974084,0.027256478999106343,0.5531724754244861
0.385499557913351,0.028735632183908046,0.027851458885941646,0.5579133510167993
0.39120781527531084,0.02930728241563055,0.028419182948490232,0.5510657193605684
0.39031971580817054,0.02930728241563055,0.02975133214920071,0.5506216696269982
0.386796632698272,0.02968542312804608,0.028356225077536552,0.5551617190961453
0.3902877697841727,0.03147482014388489,0.025179856115107913,0.5530575539568345
0.38666065795403337,0.0337990085624155,0.025236593059936908,0.5543037404236142
0.39268400176289114,0.03349493168796827,0.025561921551344204,0.5482591449977964
0.39381720430107525,0.033602150537634407,0.026881720430107527,0.5456989247311828
0.4071776694727514,0.03145768719539211,0.02702702702702703,0.5343376163048295
0.4081814139617608,0.030680302356602934,0.028901734104046242,0.53223654957759
0.40840035746201964,0.028596961572832886,0.02680965147453083,0.5361930294906166
0.400355871886121,0.027135231316725978,0.02802491103202847,0.5444839857651246
0.40221729490022173,0.025720620842572064,0.027937915742793792,0.5441241685144124
0.40558510638297873,0.02526595744680851,0.024379432624113476,0.5447695035460993
0.4103815439219166,0.025732031943212066,0.026619343389529725,0.5372670807453416
0.4126842340330505,0.02456453774006253,0.026351049575703438,0.5364001786511836
0.4090098126672614,0.02230151650312221,0.024977698483496878,0.5437109723461195
0.39653641207815277,0.023978685612788632,0.02664298401420959,0.5528419182948491
0.3979591836734694,0.023513753327417924,0.024401064773735583,0.5541259982253771
0.4045495093666369,0.0231935771632471,0.023639607493309546,0.5486173059768065
0.4035242290748899,0.02378854625550661,0.024229074889867842,0.5484581497797357
0.3949468085106383,0.024822695035460994,0.027039007092198582,0.5531914893617021
0.39769196626719927,0.02574345317354638,0.027518863737239236,0.5490457168220151
0.39037433155080214,0.026737967914438502,0.025846702317290554,0.5570409982174688
0.39037433155080214,0.025846702317290554,0.027183600713012478,0.5565953654188949
0.3928730512249443,0.023608017817371936,0.026726057906458798,0.5567928730512249
0.3887411347517731,0.02171985815602837,0.028812056737588652,0.56072695035461
0.38918677390527256,0.022341376228775692,0.028150134048257374,0.5603217158176944
0.38844797178130513,0.023368606701940034,0.027336860670194002,0.5608465608465608
0.3878005342831701,0.021816562778272486,0.02894033837934105,0.5614425645592164
0.39149689991142606,0.021700620017714792,0.02878653675819309,0.5580159433126661
0.3982222222222222,0.02311111111111111,0.02711111111111111,0.5515555555555556
0.39447907390917186,0.02404274265360641,0.025378450578806767,0.556099732858415
0.397931654676259,0.023830935251798562,0.025629496402877698,0.5526079136690647
0.39077887197851385,0.023724261414503133,0.025067144136078783,0.5604297224709042
0.3998215082552432,0.025435073627844713,0.024096385542168676,0.5506470325747435
0.39348591549295775,0.02596830985915493,0.025088028169014086,0.5554577464788732
0.39562890276538804,0.02408563782337199,0.0231935771632471,0.5570918822479929
0.39452423698384204,0.02154398563734291,0.0210951526032316,0.5628366247755835
0.3935226264418811,0.023513753327417924,0.019077196095829637,0.5638864241348713
0.39331280246370437,0.024637043554773426,0.020237571491421028,0.5618125824901012
0.3947602131438721,0.023534635879218474,0.022202486678507993,0.5595026642984015
0.39357429718875503,0.022311468094600623,0.019187862561356538,0.5649263721552878
0.39601769911504425,0.02256637168141593,0.021238938053097345,0.5601769911504425
0.38752783964365256,0.025389755011135856,0.02182628062360802,0.5652561247216036
0.39198218262806234,0.024053452115812918,0.023608017817371936,0.5603563474387527
0.3894316163410302,0.025310834813499113,0.027531083481349913,0.5577264653641207
0.3886443661971831,0.02640845070422535,0.025088028169014086,0.5598591549295775
0.39461883408071746,0.02914798206278027,0.025560538116591928,0.5506726457399103
0.38716814159292035,0.03008849557522124,0.02566371681415929,0.5570796460176991
0.38824577025823687,0.028495102404274265,0.026714158504007122,0.5565449688334817
0.38269402319357715,0.028991971454058876,0.02631578947368421,0.5619982158786797
0.372972972972973,0.031081081081081083,0.026126126126126126,0.5698198198198198
0.37305469097376615,0.030680302356602934,0.027567807914628723,0.5686971987550022
0.3758270842523158,0.033083370092633436,0.026025584472871635,0.565063961182179
0.3688888888888889,0.03244444444444444,0.026222222222222223,0.5724444444444444
0.3715415019762846,0.03162055335968379,0.026350461133069828,0.5704874835309618
0.3684210526315789,0.03184431667403804,0.02697921273772667,0.5727554179566563
0.3668275559455902,0.030715225976305396,0.02720491443615621,0.5752523036419482
0.36177777777777775,0.030666666666666665,0.028888888888888888,0.5786666666666667
0.36088888888888887,0.03111111111111111,0.02666666666666667,0.5813333333333334
0.3635959056519804,0.02848242100578549,0.027592345349354695,0.5803293279928794
0.3617021276595745,0.0274822695035461,0.025709219858156027,0.5851063829787234
0.36160714285714285,0.02544642857142857,0.024553571428571428,0.5883928571428572
0.36627906976744184,0.025491949910554562,0.022361359570661897,0.5858676207513417
0.3687002652519894,0.025198938992042442,0.021220159151193633,0.5848806366047745
0.36384129846708746,0.02660054102795311,0.023895401262398558,0.5856627592425608
0.3679750223015165,0.02631578947368421,0.024977698483496878,0.5807314897413024
0.36578829834747656,0.027690933452434122,0.027244305493523895,0.5792764627065654
0.36420302760463047,0.02715939447907391,0.025823686553873553,0.5828138913624221
0.3614457831325301,0.027666220437304774,0.025881302989736725,0.5850066934404283
0.3641160949868074,0.028144239226033423,0.026824978012313105,0.5809146877748461
0.3598585322723254,0.028735632183908046,0.026525198938992044,0.5848806366047745
0.35286343612334803,0.029955947136563875,0.02643171806167401,0.5907488986784141
0.3464991023339318,0.0296229802513465,0.026929982046678635,0.5969479353680431
0.35054347826086957,0.028532608695652172,0.028532608695652172,0.592391304347826
0.3494293239683933,0.028533801580333626,0.0276558384547849,0.5943810359964882
0.3441385435168739,0.03152753108348135,0.027531083481349913,0.5968028419182948
0.34581105169340465,0.03074866310160428,0.024955436720142603,0.5984848484848485
0.3412343470483005,0.03175313059033989,0.024150268336314847,0.6028622540250447
0.33511586452762926,0.03208556149732621,0.02540106951871658,0.607397504456328
0.3365983971504898,0.03250222617987533,0.02894033837934105,0.6019590382902938
0.3378674857393594,0.031592803861342694,0.028082492321193506,0.6024572180781045
0.3392148213498015,0.02999558888398765,0.0282311424790472,0.6025584472871637
0.3327449249779347,0.03089143865842895,0.028684907325684024,0.6076787290379524
0.3339253996447602,0.03285968028419183,0.027531083481349913,0.605683836589698
0.3342245989304813,0.03342245989304813,0.02807486631016043,0.6042780748663101
0.33807829181494664,0.03336298932384341,0.028469750889679714,0.6000889679715302
0.3331860362350862,0.03225806451612903,0.029164825452938577,0.6053910737958462
0.337958818263205,0.03267681289167413,0.03043867502238138,0.5989256938227395
0.33511348464619495,0.030707610146862484,0.02848242100578549,0.6056964842011571
0.33303769401330374,0.02926829268292683,0.028824833702882482,0.6088691796008869
0.3333333333333333,0.027555555555555555,0.03155555555555556,0.6075555555555555
0.32631107126848946,0.02823845809054236,0.03003137606454505,0.6154190945764231
0.32463511720477667,0.02786377708978328,0.03140203449800973,0.6160990712074303
0.3277606687197536,0.026396832380114386,0.03343598768147822,0.6124065112186537
0.32007073386383733,0.025198938992042442,0.03536693191865606,0.6193633952254642
0.32073774179037334,0.02699055330634278,0.03283850652271705,0.6194331983805668
0.32275368797496645,0.02682163611980331,0.029503799731783638,0.6209208761734466
0.32079646017699115,0.02566371681415929,0.030973451327433628,0.6225663716814159
0.3205298013245033,0.02384105960264901,0.030463576158940398,0.6251655629139072
0.31765232974910396,0.025537634408602152,0.03225806451612903,0.6245519713261649
0.3197158081705151,0.02575488454706927,0.03063943161634103,0.6238898756660746
0.3133393017009848,0.023276633840644583,0.02954341987466428,0.6338406445837064
