C,D,Oc,Od
1.0,0.0,0.0,0.0
0.5,0.0,0.0,0.5
0.3333333333333333,0.0,0.0,0.6666666666666666
0.25,0.0,0.25,0.5
0.2,0.0,0.4,0.4
0.2,0.0,0.6,0.2
0.2,0.0,0.6,0.2
0.16666666666666666,0.0,0.5,0.3333333333333333
0.16666666666666666,0.0,0.5,0.3333333333333333
0.3333333333333333,0.0,0.5,0.16666666666666666
0.2,0.0,0.6,0.2
0.16666666666666666,0.0,0.6666666666666666,0.16666666666666666
0.14285714285714285,0.14285714285714285,0.5714285714285714,0.14285714285714285
0.14285714285714285,0.14285714285714285,0.42857142857142855,0.2857142857142857
0.1111111111111111,0.1111111111111111,0.3333333333333333,0.4444444444444444
0.1,0.1,0.4,0.4
0.08333333333333333,0.08333333333333333,0.3333333333333333,0.5
0.14285714285714285,0.07142857142857142,0.2857142857142857,0.5
0.06666666666666667,0.06666666666666667,0.26666666666666666,0.6
0.125,0.0625,0.25,0.5625
0.16666666666666666,0.0,0.2777777777777778,0.5555555555555556
0.2857142857142857,0.0,0.23809523809523808,0.47619047619047616
0.3333333333333333,0.037037037037037035,0.1111111111111111,0.5185185185185185
0.43333333333333335,0.0,0.1,0.4666666666666667
0.4722222222222222,0.0,0.05555555555555555,0.4722222222222222
0.4146341463414634,0.024390243902439025,0.07317073170731707,0.4878048780487805
0.4489795918367347,0.02040816326530612,0.08163265306122448,0.4489795918367347
0.4461538461538462,0.0,0.06153846153846154,0.49230769230769234
0.4342105263157895,0.0,0.05263157894736842,0.5131578947368421
0.46808510638297873,0.0,0.0425531914893617,0.48936170212765956
0.48148148148148145,0.0,0.027777777777777776,0.49074074074074076
0.5038759689922481,0.007751937984496124,0.023255813953488372,0.46511627906976744
0.5279503105590062,0.012422360248447204,0.024844720496894408,0.43478260869565216
0.5294117647058824,0.0106951871657754,0.0213903743315508,0.4385026737967914
0.5406698564593302,0.004784688995215311,0.019138755980861243,0.4354066985645933
0.5404255319148936,0.00425531914893617,0.02127659574468085,0.4340425531914894
0.5451127819548872,0.0037593984962406013,0.02631578947368421,0.424812030075188
0.5454545454545454,0.006734006734006734,0.02356902356902357,0.42424242424242425
0.5740181268882175,0.012084592145015106,0.02416918429003021,0.38972809667673713
0.5961538461538461,0.01098901098901099,0.02197802197802198,0.3708791208791209
0.5969773299748111,0.015113350125944584,0.020151133501259445,0.3677581863979849
0.6004566210045662,0.0136986301369863,0.0182648401826484,0.3675799086757991
0.5929978118161926,0.010940919037199124,0.0175054704595186,0.3785557986870897
0.5949612403100775,0.011627906976744186,0.01744186046511628,0.375968992248062
0.5831873905429071,0.010507880910683012,0.01926444833625219,0.38704028021015763
0.5802861685214626,0.011128775834658187,0.017488076311605722,0.39109697933227344
0.5759878419452887,0.015197568389057751,0.016717325227963525,0.39209726443769
0.5761772853185596,0.018005540166204988,0.015235457063711912,0.39058171745152354
0.5703422053231939,0.020278833967046894,0.01394169835234474,0.39543726235741444
0.5772833723653396,0.01756440281030445,0.01288056206088993,0.39227166276346603
0.5730088495575221,0.018805309734513276,0.015486725663716814,0.3926991150442478
0.5823834196891192,0.01865284974093264,0.015544041450777202,0.38341968911917096
0.5787401574803149,0.017716535433070866,0.015748031496062992,0.38779527559055116
0.5764482431149098,0.019943019943019943,0.011396011396011397,0.3922127255460589
0.5854545454545454,0.02090909090909091,0.011818181818181818,0.38181818181818183
0.5841242450388265,0.01639344262295082,0.011216566005176877,0.3882657463330457
0.5793780687397708,0.019639934533551555,0.013911620294599018,0.38707037643207853
0.5886126704089816,0.02165196471531676,0.01603849238171612,0.3736968724939856
0.5804248861911988,0.023520485584218515,0.01896813353566009,0.37708649468892264
0.5829596412556054,0.02765321375186846,0.01868460388639761,0.37070254110612855
0.5843591600289645,0.028240405503258507,0.018102824040550327,0.36929761042722664
0.5875785066294487,0.02930914166085136,0.01465457083042568,0.3684577808792743
0.5977393617021277,0.025930851063829786,0.015292553191489361,0.36103723404255317
0.5988446726572529,0.025673940949935817,0.014120667522464698,0.3613607188703466
0.5992601726263872,0.02527743526510481,0.014796547472256474,0.36066584463625156
0.598904443091905,0.026171637248934874,0.017650639074863056,0.357273280584297
0.5853510895883777,0.027239709443099273,0.017554479418886198,0.3698547215496368
0.6007005253940455,0.023934617629889084,0.017513134851138354,0.35785172212492705
0.5971988795518207,0.022408963585434174,0.017366946778711485,0.3630252100840336
0.5942668136714443,0.020948180815876516,0.016538037486218304,0.36824696802646084
0.6043360433604336,0.02113821138211382,0.01842818428184282,0.35609756097560974
0.5998956703182056,0.02138758476786646,0.018257694314032343,0.3604590505998957
0.606076210092688,0.021627188465499485,0.016477857878475798,0.35581874356333676
0.6156186612576064,0.02079107505070994,0.017748478701825558,0.345841784989858
0.6137931034482759,0.02019704433497537,0.017733990147783252,0.3482758620689655
0.6191169335274139,0.022804463852498787,0.019408054342552158,0.3386705482775352
0.6189794945159752,0.025274201239866477,0.02241297091082499,0.3333333333333333
0.6098823529411764,0.02588235294117647,0.020705882352941178,0.34352941176470586
0.6247672253258846,0.02653631284916201,0.02094972067039106,0.32774674115456237
0.6202938475665748,0.027089072543617997,0.021120293847566574,0.3314967860422406
0.6142595978062158,0.028793418647166363,0.02010968921389397,0.33683729433272397
0.6153846153846154,0.029411764705882353,0.019909502262443438,0.3352941176470588
0.616681455190772,0.025732031943212066,0.019077196095829637,0.3385093167701863
0.6141060197663971,0.025157232704402517,0.021114106019766397,0.33962264150943394
0.6101694915254238,0.025423728813559324,0.022747546833184657,0.3416592328278323
0.6163773920783266,0.02403204272363151,0.02091677792612372,0.3386737872719181
0.613203367301728,0.022153300841825433,0.021710234824988923,0.3429330970314577
0.6172674677347575,0.020471740097908322,0.023141967067200713,0.3391188251001335
0.6117281208351844,0.02132385606397157,0.02665482007996446,0.3402932030208796
0.6097777777777778,0.022222222222222223,0.025333333333333333,0.3426666666666667
0.6094858156028369,0.02349290780141844,0.02526595744680851,0.34175531914893614
0.6042133572389063,0.025549081129538322,0.027790228597041687,0.3424473330345137
0.6044543429844098,0.026280623608017816,0.027616926503340758,0.34164810690423164
0.605533244087461,0.027219991075412762,0.027219991075412762,0.34002677376171353
0.6024844720496895,0.02839396628216504,0.026175687666370896,0.3429458740017746
0.6093333333333333,0.02711111111111111,0.026222222222222223,0.3373333333333333
0.6053097345132743,0.028761061946902654,0.024778761061946902,0.3411504424778761
0.6050756901157613,0.02715939447907391,0.024487978628673197,0.3432769367764915
0.6038239217429969,0.02401067140951534,0.023566029346376166,0.3485993775011116
0.6064113980409617,0.02404274265360641,0.02404274265360641,0.3455031166518255
0.6044642857142857,0.026339285714285714,0.027678571428571427,0.34151785714285715
0.5992892047978676,0.027543314082629944,0.03109729009329187,0.34207019102621056
0.5937362152624615,0.026025584472871635,0.030436700485222762,0.3498014997794442
0.5926254997778765,0.02665482007996446,0.033762772101288314,0.3469569080408707
0.5915996425379804,0.023681858802502235,0.035299374441465595,0.3494191242180518
0.5857332742578644,0.0256978289765175,0.03721754541426672,0.35135135135135137
0.5810451727192205,0.027015057573073518,0.0354295837023915,0.3565101860053144
0.58285461776403,0.02695536897923111,0.034025629695095004,0.3561643835616438
0.5832963127498889,0.027099067081297203,0.03109729009329187,0.358507330075522
0.5851721094439541,0.026919682259488084,0.03265666372462489,0.3552515445719329
0.5742309407044137,0.02808738296923763,0.034329023629068214,0.36335265269728045
0.5708609271523178,0.02913907284768212,0.03443708609271523,0.3655629139072848
0.5756768752774079,0.030181979582778518,0.03550821127385708,0.3586329338659565
0.5735359856951274,0.03263299061242736,0.030844881537773806,0.36298614215467145
0.5747178329571107,0.033408577878103835,0.031151241534988713,0.3607223476297968
0.568018018018018,0.034684684684684684,0.03423423423423423,0.3630630630630631
0.5692514567458539,0.035410129986553115,0.03675481846705513,0.35858359480053786
0.5671575189647479,0.03391343150379295,0.03792949576082106,0.3609995537706381
0.5643652561247215,0.03518930957683741,0.03608017817371938,0.3643652561247216
0.552199022656597,0.03509551310528654,0.037760995113282986,0.3749444691248334
0.5541740674955595,0.03596802841918295,0.03507992895204263,0.3747779751332149
0.5525484889490302,0.03563373928732522,0.03698691926026162,0.37483085250338294
0.54986642920748,0.0365093499554764,0.03873552983081033,0.3748886910062333
0.5533894550287993,0.03544528134692069,0.03721754541426672,0.37394771821001327
0.552,0.034666666666666665,0.03866666666666667,0.37466666666666665
0.5638297872340425,0.034131205673758866,0.0398936170212766,0.362145390070922
0.5605038236617184,0.03418803418803419,0.038686459739091315,0.3666216824111561
0.5634813817855541,0.03454463885150292,0.038582323912068194,0.3633916554508748
0.5583482944344704,0.03411131059245961,0.03590664272890485,0.37163375224416517
0.5681614349775784,0.03228699551569507,0.03497757847533632,0.36457399103139015
0.5599643334819439,0.03299152920196166,0.03566651805617477,0.37137761925991974
0.5561521252796421,0.030425055928411632,0.038926174496644296,0.374496644295302
0.5587188612099644,0.03202846975088968,0.03870106761565836,0.37055160142348753
0.562140645731977,0.0291906236178682,0.03803626713843432,0.37063246351172047
0.5692377086152458,0.02886783942264321,0.035182679296346414,0.36671177266576455
0.5709188224799286,0.02631578947368421,0.03345227475468332,0.36931311329170385
0.5748314606741574,0.027865168539325844,0.032359550561797755,0.3649438202247191
0.5709123757904245,0.028906955736224028,0.03116531165311653,0.3690153568202349
0.5741563055062167,0.02975133214920071,0.03197158081705151,0.3641207815275311
0.5706642888987963,0.029424877396344182,0.03343736067766384,0.36647347302719574
0.5731868131868132,0.029010989010989013,0.03208791208791209,0.3657142857142857
0.5697104677060134,0.028953229398663696,0.03296213808463252,0.3683741648106904
0.566621803499327,0.0300583221175415,0.031852848811126065,0.3714670255720054
0.5704131497112395,0.027543314082629944,0.03109729009329187,0.3709462461128387
0.5690876882196634,0.027900797165633304,0.031443755535872454,0.37156775907883083
0.5740822644847413,0.026094648385670056,0.03228659885006634,0.36753648827952234
0.5693135935397039,0.02826379542395693,0.029161058770749215,0.37326155226558994
0.5731173380035026,0.02714535901926445,0.02933450087565674,0.37040280210157617
0.5745245466607696,0.02786377708978328,0.03007518796992481,0.36753648827952234
0.5746466431095406,0.02871024734982332,0.02959363957597173,0.3670494699646643
0.5706064630367419,0.029216467463479414,0.03098716246126605,0.3691899070385126
0.5632854578096947,0.02827648114901257,0.03411131059245961,0.374326750448833
0.5701017249004865,0.03051747014595312,0.03494029190623618,0.36444051304732417
0.5652561247216036,0.03162583518930958,0.03474387527839644,0.3683741648106904
0.5618279569892473,0.03181003584229391,0.033154121863799284,0.3732078853046595
0.5602868668758404,0.031376064545047065,0.03227252353204841,0.3760645450470641
0.5529933481152993,0.03237250554323725,0.032815964523281595,0.38181818181818183
0.552158273381295,0.029676258992805755,0.03507194244604316,0.3830935251798561
0.5519247985675918,0.03043867502238138,0.03446732318710832,0.38316920322291853
0.5462633451957295,0.030249110320284697,0.037366548042704624,0.3861209964412811
0.5401165396683102,0.03272075302554908,0.033168982519049754,0.393993724787091
0.5424865831842576,0.03264758497316637,0.03175313059033989,0.39311270125223613
0.5369458128078818,0.03134796238244514,0.032691446484549934,0.39901477832512317
0.5353309481216458,0.03175313059033989,0.03175313059033989,0.4011627906976744
0.5421686746987951,0.03034359660865685,0.031236055332440876,0.3962516733601071
0.5443760984182777,0.027680140597539545,0.03251318101933216,0.3954305799648506
0.5349354695149088,0.02848242100578549,0.03471295060080107,0.40186915887850466
0.5398230088495575,0.02920353982300885,0.033185840707964605,0.39778761061946905
0.5318769505127062,0.029424877396344182,0.03388319215336603,0.4048149799375836
0.5296198054818745,0.03050397877984085,0.03050397877984085,0.4093722369584439
0.5286284953395473,0.031069684864624945,0.02929427430093209,0.4110075454948957
0.5265743635551585,0.030817329164805715,0.03126395712371594,0.41134435015631976
0.5246338215712384,0.029738126941855306,0.02796271637816245,0.4176653351087439
0.5255896751223854,0.029372496662216287,0.02892745883400089,0.4161103693813974
0.5310283687943262,0.030141843971631204,0.028368794326241134,0.4104609929078014
0.5344597598932859,0.029346376167185415,0.026678523788350377,0.4095153401511783
0.5339892665474061,0.03175313059033989,0.02817531305903399,0.40608228980322003
0.5358894337940259,0.028533214444939812,0.025858225590726706,0.40971912617030765
0.5311808934099955,0.03051747014595312,0.02476780185758514,0.41353383458646614
0.5288165420149582,0.03255609326880774,0.025076990761108666,0.4135503739551254
0.53223654957759,0.028901734104046242,0.025344597598932858,0.41351711871943087
0.5351493848857645,0.028558875219683654,0.025043936731107205,0.4112478031634446
0.5392857142857143,0.027678571428571427,0.025892857142857145,0.40714285714285714
0.5380507343124166,0.029372496662216287,0.0267022696929239,0.40587449933244324
0.5302013422818792,0.03087248322147651,0.029082774049217,0.4098434004474273
0.525732031943212,0.032830523513753325,0.027950310559006212,0.4134871339840284
0.5260811413285778,0.032545697726259475,0.028533214444939812,0.41283994650022293
0.5234689316048279,0.031291908806437195,0.029950827000447027,0.4152883325882879
0.5308035714285714,0.032589285714285716,0.02857142857142857,0.4080357142857143
0.5234061524743647,0.032545697726259475,0.024966562639322336,0.4190815871600535
0.5232974910394266,0.03136200716845878,0.027329749103942653,0.41801075268817206
0.5196078431372549,0.03163992869875223,0.027183600713012478,0.4215686274509804
0.5195432586736934,0.030742204655248132,0.029424681598594644,0.42028985507246375
0.5215077605321508,0.03237250554323725,0.03370288248337029,0.4124168514412417
0.5232558139534884,0.029516994633273702,0.03309481216457961,0.4141323792486583
0.5189141076991545,0.027592345349354695,0.03337783711615487,0.420115709835336
0.5211958946898706,0.02320392681838465,0.031236055332440876,0.4243641231593039
0.5159010600706714,0.026060070671378093,0.030918727915194347,0.42712014134275617
0.5195903829029386,0.023597506678539625,0.02983081032947462,0.4269813000890472
0.5136465324384788,0.024161073825503355,0.029082774049217,0.4331096196868009
0.5194003527336861,0.02204585537918871,0.027336860670194002,0.4312169312169312
0.5138516532618409,0.02546916890080429,0.02993744414655943,0.4307417336907953
0.5122603655818101,0.026749888542131076,0.029424877396344182,0.43156486847971465
0.510356985456148,0.026443367122080213,0.030850594975760245,0.43234905244601146
0.5124444444444445,0.02711111111111111,0.03111111111111111,0.42933333333333334
0.505955006616674,0.027790030877812087,0.03484781649757389,0.43140714600794
0.503779457536683,0.02845709204090707,0.03201422854602046,0.4357492218763895
0.5066021126760564,0.026848591549295774,0.03169014084507042,0.43485915492957744
0.5006634232640425,0.026536930561698365,0.034055727554179564,0.4387439186200796
0.5017761989342806,0.02797513321492007,0.034191829484902306,0.436056838365897
0.49933184855233853,0.025835189309576838,0.0334075723830735,0.4414253897550111
0.5093002657218778,0.025686448184233834,0.03188662533215235,0.43312666076173606
0.5057726465364121,0.02575488454706927,0.03197158081705151,0.43650088809946713
0.5062056737588653,0.026595744680851064,0.03324468085106383,0.43395390070921985
0.5051316376617582,0.027219991075412762,0.03480589022757698,0.43284248103525214
0.5011195700850873,0.026869682042095836,0.03537841468875952,0.4366323331840573
0.5116487455197133,0.028225806451612902,0.03136200716845878,0.42876344086021506
0.507356219349086,0.03120820329915292,0.028979045920642,0.43245653143111906
0.5024696901661428,0.03188145487202514,0.02918724741805119,0.4364616075437809
0.504050405040504,0.029252925292529253,0.027002700270027002,0.4396939693969397
0.5037760995113283,0.028431808085295423,0.02798756108396268,0.4398045313194136
0.5073693613220187,0.02590442161679321,0.02813756141134435,0.4385886556498437
0.505338078291815,0.027135231316725978,0.02891459074733096,0.4386120996441281
0.5,0.0285204991087344,0.0285204991087344,0.44295900178253117
0.49911504424778763,0.028761061946902654,0.02920353982300885,0.4429203539823009
0.5046979865771812,0.028635346756152126,0.02774049217002237,0.4389261744966443
0.5008960573476703,0.0264336917562724,0.02867383512544803,0.44399641577060933
0.500886524822695,0.02526595744680851,0.028812056737588652,0.4450354609929078
0.5035304501323918,0.0264783759929391,0.028684907325684024,0.44130626654898497
0.49667994687915007,0.0283311199645861,0.029216467463479414,0.4457724656927844
0.49112688553682343,0.03327417923691216,0.029724933451641525,0.4458740017746229
0.4902654867256637,0.034955752212389384,0.03185840707964602,0.4429203539823009
0.48921832884097033,0.032794249775381853,0.03009883198562444,0.44788858939802334
0.4909584086799277,0.03481012658227848,0.030289330922242313,0.44394213381555153
0.4927927927927928,0.033783783783783786,0.02882882882882883,0.4445945945945946
0.4900900900900901,0.036036036036036036,0.027477477477477478,0.4463963963963964
0.48986942818550205,0.03692030616839262,0.028365601080594327,0.444844664565511
0.4910071942446043,0.0368705035971223,0.02877697841726619,0.4433453237410072
0.4873501997336884,0.036395916555703504,0.02796271637816245,0.4482911673324456
0.49221876389506447,0.032458870609159626,0.027567807914628723,0.4477545575811472
0.48973214285714284,0.03125,0.029910714285714287,0.44910714285714287
0.4810352521195895,0.029451137884872823,0.03168228469433289,0.4578313253012048
0.47398843930635837,0.03023566029346376,0.03601600711427301,0.45975989328590483
0.475177304964539,0.031471631205673756,0.038120567375886524,0.45523049645390073
0.4776251661497563,0.031014621178555603,0.0358883473637572,0.4554718653079309
0.4741340530814215,0.032388663967611336,0.03508771929824561,0.45838956365272154
0.47108540925266906,0.03202846975088968,0.03469750889679715,0.4621886120996441
0.47373107747105964,0.03294746215494212,0.03428317008014248,0.45903829029385573
0.4733780760626398,0.032662192393736016,0.0348993288590604,0.4590604026845638
0.4798567591763653,0.03312444046553268,0.03581020590868397,0.4512085944494181
0.4804270462633452,0.03158362989323844,0.03069395017793594,0.45729537366548045
0.47932414406402846,0.03379279679857715,0.03023566029346376,0.45664739884393063
0.4826820603907638,0.03241563055062167,0.03019538188277087,0.4547069271758437
0.47785651018600533,0.033215234720992026,0.030558015943312665,0.45837023914969
0.4764862466725821,0.031055900621118012,0.030612244897959183,0.4618456078083407
0.4800177619893428,0.02975133214920071,0.02975133214920071,0.4604795737122558
0.48415885765283356,0.03034359660865685,0.02989736724676484,0.4556001784917448
0.4777777777777778,0.03288888888888889,0.03244444444444444,0.4568888888888889
0.482247191011236,0.03460674157303371,0.031011235955056178,0.4521348314606742
0.48144876325088337,0.03356890459363958,0.030918727915194347,0.4540636042402827
0.48398576512455516,0.03291814946619217,0.03113879003558719,0.45195729537366547
0.47349505840071876,0.03504043126684636,0.03234501347708895,0.4591194968553459
0.4802690582959641,0.033183856502242155,0.033632286995515695,0.452914798206278
0.4792979297929793,0.0333033303330333,0.032403240324032405,0.454995499549955
0.47249334516415264,0.03593611357586513,0.03327417923691216,0.4582963620230701
0.4787234042553192,0.03368794326241135,0.03368794326241135,0.45390070921985815
0.4801072865444792,0.03352704514975414,0.030844881537773806,0.45552078676799285
0.4695149087672452,0.03649310191366266,0.03204272363150868,0.46194926568758343
0.47281639928698754,0.034759358288770054,0.03253119429590018,0.45989304812834225
0.46606741573033705,0.0350561797752809,0.03325842696629214,0.46561797752808987
0.4667565139263252,0.034141958670260555,0.03234501347708895,0.4667565139263252
0.4638580931263858,0.03370288248337029,0.031929046563192905,0.470509977827051
0.46639964396973743,0.032487761459724075,0.03204272363150868,0.4690698709390298
0.4703014184397163,0.03324468085106383,0.03280141843971631,0.46365248226950356
0.476423487544484,0.03291814946619217,0.03158362989323844,0.45907473309608543
0.47335140018066846,0.03432700993676603,0.02935862691960253,0.46296296296296297
0.4763169544046038,0.035413899955732624,0.03098716246126605,0.4572819831783975
0.4802336028751123,0.034141958670260555,0.03099730458221024,0.4546271338724169
0.480658070253446,0.03023566029346376,0.03156958648288128,0.457536682970209
0.4877067501117568,0.03263299061242736,0.03173893607510058,0.44792132320071526
0.4806306306306306,0.03018018018018018,0.02837837837837838,0.4608108108108108
0.481300089047195,0.030276046304541407,0.027604630454140695,0.4608192341941229
0.4774049217002237,0.028635346756152126,0.028635346756152126,0.465324384787472
0.47583148558758315,0.0270509977827051,0.028381374722838137,0.4687361419068736
0.481998199819982,0.026102610261026102,0.029252925292529253,0.46264626462646263
0.4807607253427687,0.02476780185758514,0.03007518796992481,0.46439628482972134
0.48365427675772504,0.021495745633676667,0.026869682042095836,0.46798029556650245
0.4853202846975089,0.021352313167259787,0.026245551601423486,0.46708185053380785
0.4766977363515313,0.02174877940523746,0.02663115845539281,0.47492232578783844
0.4704837993786063,0.0230803373280071,0.027518863737239236,0.47891699955614736
0.4739652870493992,0.020471740097908322,0.0267022696929239,0.4788607031597686
0.4740840035746202,0.021894548704200177,0.026362823949955316,0.4776586237712243
0.48139946855624444,0.021257750221434897,0.02745792736935341,0.46988485385296724
0.4854368932038835,0.02118270079435128,0.02912621359223301,0.4642541924095322
0.4865350089766607,0.02199281867145422,0.03096947935368043,0.4605026929982047
0.48129788192879674,0.022082018927444796,0.028841820639927896,0.4677782785038306
0.4827433628318584,0.023451327433628318,0.026991150442477876,0.4668141592920354
0.4753223654957759,0.02401067140951534,0.031124944419742107,0.46954201867496664
0.4715960324616772,0.022993688007213707,0.030207394048692517,0.47520288548241657
0.47087594486438417,0.02267674522009782,0.028901734104046242,0.4775455758114718
0.4648888888888889,0.022222222222222223,0.030222222222222223,0.4826666666666667
0.4630367419212041,0.02213368747233289,0.03098716246126605,0.48384240814519697
0.46417445482866043,0.023141967067200713,0.030262572318647086,0.48242100578549174
0.4531868131868132,0.02241758241758242,0.02989010989010989,0.4945054945054945
0.4603316898251905,0.0210667861945316,0.030927835051546393,0.48767368892873153
0.4589870013446885,0.02330793366203496,0.030927835051546393,0.48677722994173017
0.4577246569278442,0.023461708720672863,0.033200531208499334,0.4856131031429836
0.4528888888888889,0.02311111111111111,0.033777777777777775,0.4902222222222222
0.4525416104363473,0.02384165542060279,0.03283850652271705,0.4907782276203329
0.4508849557522124,0.024778761061946902,0.034070796460176994,0.4902654867256637
0.4437975817286162,0.02373488580385132,0.03537841468875952,0.49708911777877296
0.4429649356413671,0.023968042609853527,0.03683976919662672,0.49622725255215266
0.4447403462050599,0.02174877940523746,0.039502885042166,0.4940079893475366
0.4428697962798937,0.021700620017714792,0.03808680248007086,0.4973427812223206
0.4372791519434629,0.024734982332155476,0.0353356890459364,0.5026501766784452
0.4435626102292769,0.026455026455026454,0.036155202821869487,0.49382716049382713
0.43788819875776397,0.02883762200532387,0.031055900621118012,0.5022182786157942
0.4362176628010705,0.028991971454058876,0.03300624442462088,0.5017841213202497
0.42914438502673796,0.02807486631016043,0.03297682709447415,0.5098039215686274
0.4313459801264679,0.025293586269196026,0.03568202348690153,0.5076784101174345
0.431026684758028,0.029850746268656716,0.03482587064676617,0.5042966983265491
0.43225233229675697,0.030208796090626388,0.03331852509995557,0.504220346512661
0.43237150586113615,0.029305680793507663,0.031109107303877368,0.5072137060414789
0.4319290465631929,0.028824833702882482,0.03015521064301552,0.509090909090909
0.4348210340256297,0.03049049933716306,0.0273972602739726,0.5072912063632347
0.4327094474153298,0.03342245989304813,0.026292335115864526,0.5075757575757576
0.42397137745974955,0.03577817531305903,0.0259391771019678,0.5143112701252236
0.42402826855123676,0.03356890459363958,0.02561837455830389,0.5167844522968198
0.42812777284826975,0.03371783496007098,0.025288376220053237,0.5128660159716061
0.41985752448797864,0.031166518254674976,0.024487978628673197,0.5244879786286732
0.42711564023039433,0.03145768719539211,0.026140894993354008,0.5152857775808596
0.4344335414808207,0.028991971454058876,0.026761819803746655,0.5098126672613738
0.4272404614019521,0.02839396628216504,0.027506654835847383,0.5168589174800355
0.424,0.028888888888888888,0.028,0.5191111111111111
0.4307828394515701,0.03007518796992481,0.028748341441839895,0.5103936311366651
0.42456608811748997,0.03159768580329328,0.029372496662216287,0.5144637294170005
0.421616793211255,0.03394372487717731,0.030370701205895488,0.5140687807056722
0.41541850220264315,0.03171806167400881,0.029515418502202642,0.5233480176211454
0.42208370436331255,0.030276046304541407,0.029385574354407838,0.5182546749777382
0.4255129348795718,0.031222123104371096,0.027653880463871544,0.5156110615521855
0.42041908158716007,0.032545697726259475,0.02630405706642889,0.5207311636201516
0.4234354194407457,0.033732800710164226,0.026187305814469597,0.5166444740346205
0.4163355408388521,0.032229580573951436,0.025165562913907286,0.5262693156732892
0.41830357142857144,0.03214285714285714,0.024553571428571428,0.525
0.41759218125277653,0.033762772101288314,0.02221235006663705,0.5264326965792981
0.4240422721268164,0.03302509907529723,0.02157639806252752,0.5213562307353589
0.4224290780141844,0.03368794326241135,0.02127659574468085,0.5226063829787234
0.4133928571428571,0.033482142857142856,0.022321428571428572,0.5308035714285714
0.4167040862146385,0.030983385720700495,0.022002694207453974,0.530309833857207
0.41659192825112107,0.029596412556053813,0.022869955156950672,0.5309417040358745
0.41429840142095914,0.02930728241563055,0.024422735346358793,0.5319715808170515
0.4079005770084332,0.028406569019085663,0.023968042609853527,0.5397248113626276
0.4145583666222814,0.02885042166000888,0.023968042609853527,0.5326231691078562
0.41291759465478844,0.028953229398663696,0.026280623608017816,0.53184855233853
0.41959910913140314,0.026726057906458798,0.025389755011135856,0.5282850779510022
0.4110075454948957,0.02574345317354638,0.02574345317354638,0.5375055481580115
0.40693025322079074,0.02576632607729898,0.02621057307863172,0.5410928476232786
0.4052491103202847,0.027580071174377226,0.02802491103202847,0.5391459074733096
0.3977924944812362,0.0282560706401766,0.02869757174392936,0.5452538631346578
0.39659803043867503,0.03133393017009848,0.02864816472694718,0.5434198746642793
0.40089285714285716,0.029017857142857144,0.027232142857142858,0.5428571428571428
0.3963360142984808,0.032171581769437,0.02770330652368186,0.5437890974084003
0.39535921463632306,0.031236055332440876,0.02677376171352075,0.5466309683177153
0.39814814814814814,0.030864197530864196,0.026455026455026454,0.5445326278659612
0.39964633068081346,0.034924845269672856,0.028293545534924844,0.5371352785145889
0.39510022271714923,0.03518930957683741,0.029844097995545656,0.5398663697104678
0.3971248876909254,0.03504043126684636,0.030548068283917342,0.5372866127583109
0.4013452914798206,0.03587443946188341,0.030493273542600896,0.532286995515695
0.40035826242722794,0.035826242722794444,0.02910882221227049,0.5347066726377071
0.39902352418996895,0.03417665335108744,0.027518863737239236,0.5392809587217043
0.4042647712127943,0.034207019102621056,0.027543314082629944,0.5339848956019547
0.4025800711743772,0.036476868327402136,0.02402135231316726,0.5369217081850534
0.39431616341030196,0.037300177619893425,0.02486678507992895,0.5435168738898757
0.3975210270030987,0.03629924745462594,0.023019034971226208,0.5431606905710491
0.40026833631484793,0.03488372093023256,0.02370304114490161,0.5411449016100179
0.40762331838565025,0.033632286995515695,0.02242152466367713,0.536322869955157
0.41139804096170973,0.031611754229741766,0.02404274265360641,0.5329474621549422
0.4074237737516571,0.027839151568714096,0.02562969509500663,0.5391073795846222
0.4077367718986216,0.028012449977767896,0.026678523788350377,0.5375722543352601
0.4074074074074074,0.0285586791610888,0.025881302989736725,0.5381526104417671
0.39767129422301833,0.028660994178235557,0.027317510076130765,0.5463502015226153
0.3987427031881455,0.030534351145038167,0.030085316569375842,0.5406376290974405
0.39982190560997327,0.028495102404274265,0.02626892252894034,0.5454140694568121
0.3947841726618705,0.02922661870503597,0.028327338129496404,0.5476618705035972
0.40160284951024044,0.028495102404274265,0.02626892252894034,0.543633125556545
0.4018901890189019,0.027002700270027002,0.024752475247524754,0.5463546354635463
0.4064602960969044,0.023777478689995513,0.02288021534320323,0.5468820098698968
0.41276215975011155,0.022757697456492636,0.02320392681838465,0.5412762159750112
0.4105960264900662,0.024724061810154525,0.022958057395143488,0.5417218543046357
0.4136263736263736,0.024615384615384615,0.023296703296703296,0.5384615384615384
0.4093333333333333,0.02311111111111111,0.02311111111111111,0.5444444444444444
0.4158547387068202,0.022143489813994686,0.023472099202834367,0.5385296722763507
0.4133037694013304,0.02394678492239468,0.02261640798226164,0.5401330376940133
0.41220698805838124,0.022114108801415303,0.021671826625386997,0.5440070765148165
0.42028343666961915,0.020814880425155006,0.021700620017714792,0.5372010628875111
0.42425588627276767,0.0173256330519769,0.020435362061306087,0.5379831186139493
0.41971454058876,0.01873327386262266,0.022747546833184657,0.5388046387154326
0.4185430463576159,0.018543046357615896,0.024724061810154525,0.5381898454746137
0.4212161562361296,0.019529516200621395,0.02529960053262317,0.5339547270306259
0.4234828496042216,0.021108179419525065,0.025505716798592787,0.5299032541776605
0.4249443207126949,0.021380846325167038,0.025389755011135856,0.5282850779510022
0.42023172905525846,0.0213903743315508,0.023618538324420676,0.5347593582887701
0.42697632871817776,0.022331397945511387,0.023224653863331845,0.527467619472979
0.4263181613339342,0.026137899954934655,0.02298332582244254,0.5245606128886886
0.42641843971631205,0.025709219858156027,0.02127659574468085,0.526595744680851
0.4281855020261144,0.023863124718595228,0.020711391265195857,0.5272399819900946
0.4313465783664459,0.025165562913907286,0.018984547461368653,0.5245033112582781
0.43234905244601146,0.025561921551344204,0.01851035698545615,0.5235786690171882
0.42417582417582417,0.025494505494505496,0.018461538461538463,0.5318681318681319
0.42539964476021314,0.028419182948490232,0.019982238010657193,0.5261989342806395
0.42126157917953244,0.029554477282752536,0.019850022055580063,0.529333921482135
0.4195428059166293,0.02734199910354101,0.01882563872702824,0.5342895562528014
0.42299156679982247,0.024855747891699954,0.01908566355969818,0.5330670217487794
0.4215686274509804,0.02540106951871658,0.022281639928698752,0.5307486631016043
0.4247787610619469,0.024336283185840708,0.023451327433628318,0.5274336283185841
0.41733333333333333,0.025777777777777778,0.023555555555555555,0.5333333333333333
0.41845878136200715,0.026881720430107527,0.0228494623655914,0.5318100358422939
0.4176021553659632,0.025145936237090254,0.022900763358778626,0.5343511450381679
0.41942703670546105,0.024619516562220233,0.021933751119068933,0.5340196956132498
0.419482229047828,0.02413339183852567,0.02457218078104432,0.5318121983326021
0.42157303370786514,0.02696629213483146,0.024719101123595506,0.5267415730337078
0.4150355871886121,0.02402135231316726,0.024466192170818506,0.5364768683274022
0.41899689303151355,0.0230803373280071,0.024855747891699954,0.5330670217487794
0.42514438027543316,0.021768103065304308,0.025322079075966238,0.5277654375832963
0.42528735632183906,0.01900972590627763,0.026083112290008842,0.5296198054818745
0.4266136162687887,0.018125552608311227,0.026525198938992044,0.5287356321839081
0.41791703442188877,0.019858781994704325,0.02824360105913504,0.5339805825242718
0.4168504631671813,0.0211733568592854,0.027348919276576972,0.5346272606969563
0.41281936351411924,0.021963245181532944,0.026445540116539667,0.5387718511878081
0.4232142857142857,0.02142857142857143,0.027232142857142858,0.528125
0.41840818141396174,0.0213428190306803,0.02845709204090707,0.5317919075144508
0.418876404494382,0.021573033707865168,0.029662921348314608,0.5298876404494383
0.4184491978609626,0.020499108734402853,0.031194295900178252,0.5298573975044564
0.4145583666222814,0.02130492676431425,0.03062583222370173,0.5335108743897026
0.4157054125998225,0.02129547471162378,0.031055900621118012,0.5319432120674357
0.41098317094774134,0.021700620017714792,0.032329495128432244,0.5349867139061116
0.412677304964539,0.022163120567375887,0.03280141843971631,0.5323581560283688
0.406486006219458,0.02132385606397157,0.03065304309195913,0.5415370946246113
0.40570664288898795,0.020954079358002677,0.029870708872046365,0.543468568880963
0.4101545253863135,0.02207505518763797,0.0282560706401766,0.539514348785872
0.40676457498887403,0.019581664441477527,0.02848242100578549,0.5451713395638629
0.40669642857142857,0.020535714285714286,0.026785714285714284,0.5459821428571429
0.40870724122612173,0.021768103065304308,0.02665482007996446,0.5428698356286095
0.40622182146077546,0.023444544634806132,0.028403967538322812,0.5419296663660956
0.40516473731077474,0.024487978628673197,0.029385574354407838,0.5409617097061442
0.39373601789709173,0.026845637583892617,0.030425055928411632,0.548993288590604
0.40017905102954343,0.02775290957923008,0.02999104744852283,0.5420769919427036
0.398669623059867,0.026607538802660754,0.028381374722838137,0.5463414634146342
0.39730337078651684,0.028764044943820226,0.02651685393258427,0.5474157303370787
0.39556541019955654,0.029711751662971176,0.024390243902439025,0.5503325942350332
0.39426048565121413,0.030022075055187638,0.025165562913907286,0.5505518763796909
0.38881491344873503,0.03062583222370173,0.02574345317354638,0.5548158011540169
0.3888143176733781,0.03131991051454139,0.027293064876957495,0.5525727069351231
0.38648409893992935,0.03180212014134275,0.028268551236749116,0.5534452296819788
0.3767921146953405,0.03136200716845878,0.027329749103942653,0.5645161290322581
0.3764652840396754,0.032461677186654644,0.027051397655545536,0.5640216411181245
0.37841468875951634,0.03045230631437528,0.02821316614420063,0.5629198387819078
0.38266666666666665,0.028,0.028,0.5613333333333334
0.38660245183887915,0.027583187390542906,0.027583187390542906,0.558231173380035
0.37997317836388017,0.027268663388466695,0.027268663388466695,0.5654894948591864
0.3780541981341626,0.029320302087960905,0.024877832074633496,0.567747667703243
0.3827104907699235,0.030166591625393965,0.02341287708239532,0.5637100405222872
0.38230008984725966,0.029200359389038633,0.022461814914645103,0.5660377358490566
0.37809824245155477,0.02929247408742677,0.020279405137449302,0.5723298783235692
0.380550621669627,0.027531083481349913,0.020426287744227355,0.5714920071047958
0.37849844513549535,0.025322079075966238,0.02132385606397157,0.5748556197245669
0.3753315649867374,0.025198938992042442,0.023872679045092837,0.5755968169761273
0.37511071744907,0.024800708591674048,0.026572187776793623,0.5735163861824624
0.3734093900833699,0.02457218078104432,0.02413339183852567,0.5778850372970601
0.3733867378727192,0.024477080551846907,0.022696929238985315,0.5794392523364486
0.3716577540106952,0.025846702317290554,0.022727272727272728,0.5797682709447415
0.37185251798561153,0.02697841726618705,0.023830935251798562,0.5773381294964028
0.376779359430605,0.026245551601423486,0.022686832740213523,0.574288256227758
0.37688219663418954,0.026572187776793623,0.024800708591674048,0.5717449069973428
0.36807095343680707,0.025720620842572064,0.025720620842572064,0.5804878048780487
0.3739402052655065,0.022757697456492636,0.025881302989736725,0.5774207942882642
0.3718347401155042,0.02265659706796979,0.024433585073300755,0.5810750777432252
0.3738898756660746,0.023534635879218474,0.023090586145648313,0.5794849023090586
0.375055090348171,0.0251211987659762,0.021595416483032173,0.5782282944028206
0.3642413487133984,0.027506654835847383,0.023957409050576754,0.5842945874001775
0.3644030181979583,0.02663115845539281,0.024411895250776743,0.5845539280958721
0.3650863978732831,0.027913159060700046,0.024811696942844484,0.5821887461231724
0.3697893321380547,0.029134917077543704,0.025997310623038995,0.5750784401613627
0.3732078853046595,0.02867383512544803,0.025537634408602152,0.5725806451612904
0.37723214285714285,0.028125,0.027678571428571427,0.5669642857142857
0.37156775907883083,0.026572187776793623,0.02878653675819309,0.5730735163861824
0.38080495356037153,0.02786377708978328,0.026536930561698365,0.5647943387881469
0.3830734966592428,0.027171492204899776,0.026726057906458798,0.5630289532293986
0.3896218117854002,0.025945470536499562,0.025945470536499562,0.5584872471416007
0.3937777777777778,0.024444444444444446,0.026222222222222223,0.5555555555555556
0.3879082082965578,0.02471315092674316,0.026037069726390114,0.5613415710503089
0.3842386464826358,0.02404274265360641,0.027604630454140695,0.5641139804096171
0.37394397510004446,0.023566029346376166,0.029346376167185415,0.5731436193863939
0.3775915306572563,0.023820026466696075,0.0282311424790472,0.5703573003970004
0.37836624775583483,0.02378815080789946,0.02917414721723519,0.5686714542190305
0.3756708407871199,0.024597495527728087,0.029516994633273702,0.5702146690518783
0.37389380530973454,0.02654867256637168,0.027876106194690265,0.5716814159292035
0.3729343456900402,0.02590442161679321,0.02590442161679321,0.5752568110763734
0.3669642857142857,0.02857142857142857,0.028125,0.5763392857142857
0.3662971175166297,0.02926829268292683,0.03015521064301552,0.5742793791574279
0.3694690265486726,0.028761061946902654,0.029646017699115044,0.5721238938053097
0.3738898756660746,0.02886323268206039,0.02797513321492007,0.5692717584369449
0.375,0.027580071174377226,0.029359430604982206,0.5680604982206405
0.37898936170212766,0.028368794326241134,0.028812056737588652,0.5638297872340425
0.38571428571428573,0.025892857142857145,0.027678571428571427,0.5607142857142857
0.3846499102333932,0.026481149012567325,0.027378815080789945,0.5614901256732495
0.3886404293381038,0.024150268336314847,0.02728085867620751,0.5599284436493739
0.37853356890459366,0.02429328621908127,0.026060070671378093,0.571113074204947
0.3835860838537021,0.028545941123996433,0.025869759143621766,0.5619982158786797
0.3803763440860215,0.02867383512544803,0.025985663082437275,0.5649641577060932
0.3859255939040789,0.029583146571044376,0.02689376961004034,0.5575974899148364
0.38567005749668287,0.029632905793896505,0.027421494913754976,0.5572755417956656
0.39124609200535954,0.029030817329164807,0.026351049575703438,0.5533720410897722
0.3925399644760213,0.026198934280639432,0.025310834813499113,0.5559502664298401
0.3949579831932773,0.02565236620964175,0.02344095532950022,0.5559486952675807
0.3865168539325843,0.02606741573033708,0.023820224719101123,0.5635955056179776
0.38046387154326494,0.028545941123996433,0.022747546833184657,0.568242640499554
