C,D,Oc,Od
1.0,0.0,0.0,0.0
0.5,0.5,0.0,0.0
0.3333333333333333,0.3333333333333333,0.0,0.3333333333333333
0.4,0.4,0.0,0.2
0.4,0.4,0.0,0.2
0.3333333333333333,0.16666666666666666,0.0,0.5
0.4444444444444444,0.1111111111111111,0.1111111111111111,0.3333333333333333
0.45454545454545453,0.18181818181818182,0.18181818181818182,0.18181818181818182
0.5333333333333333,0.2,0.13333333333333333,0.13333333333333333
0.6190476190476191,0.19047619047619047,0.09523809523809523,0.09523809523809523
0.72,0.12,0.08,0.08
0.7352941176470589,0.11764705882352941,0.08823529411764706,0.058823529411764705
0.717948717948718,0.1282051282051282,0.10256410256410256,0.05128205128205128
0.7551020408163265,0.10204081632653061,0.08163265306122448,0.061224489795918366
0.7758620689655172,0.05172413793103448,0.08620689655172414,0.08620689655172414
0.803030303030303,0.030303030303030304,0.06060606060606061,0.10606060606060606
0.8266666666666667,0.02666666666666667,0.04,0.10666666666666667
0.8723404255319149,0.02127659574468085,0.02127659574468085,0.0851063829787234
0.8613861386138614,0.019801980198019802,0.019801980198019802,0.09900990099009901
0.865546218487395,0.025210084033613446,0.01680672268907563,0.09243697478991597
0.8592592592592593,0.02962962962962963,0.037037037037037035,0.07407407407407407
0.8709677419354839,0.025806451612903226,0.03870967741935484,0.06451612903225806
0.8791208791208791,0.016483516483516484,0.038461538461538464,0.06593406593406594
0.8823529411764706,0.014705882352941176,0.03431372549019608,0.06862745098039216
0.8793103448275862,0.008620689655172414,0.04310344827586207,0.06896551724137931
0.8884615384615384,0.011538461538461539,0.04230769230769231,0.057692307692307696
0.8880866425992779,0.018050541516245487,0.039711191335740074,0.05415162454873646
0.8987341772151899,0.015822784810126583,0.028481012658227847,0.056962025316455694
0.9042253521126761,0.01971830985915493,0.02535211267605634,0.05070422535211268
0.8941798941798942,0.026455026455026454,0.023809523809523808,0.05555555555555555
0.8968824940047961,0.019184652278177457,0.026378896882494004,0.05755395683453238
0.9014989293361885,0.019271948608137045,0.02569593147751606,0.05353319057815846
0.9080234833659491,0.019569471624266144,0.019569471624266144,0.05283757338551859
0.9095744680851063,0.02127659574468085,0.014184397163120567,0.0549645390070922
0.9109375,0.021875,0.0109375,0.05625
0.9106145251396648,0.025139664804469275,0.0111731843575419,0.05307262569832402
0.9080310880829016,0.02461139896373057,0.012953367875647668,0.054404145077720206
0.9045893719806763,0.022946859903381644,0.014492753623188406,0.057971014492753624
0.9036281179138322,0.022675736961451247,0.015873015873015872,0.05782312925170068
0.9025974025974026,0.0183982683982684,0.015151515151515152,0.06385281385281386
0.902020202020202,0.01717171717171717,0.015151515151515152,0.06565656565656566
0.8943798449612403,0.01744186046511628,0.016472868217054265,0.07170542635658915
0.8884758364312267,0.020446096654275093,0.02137546468401487,0.06970260223048327
0.8837622005323869,0.023070097604259095,0.023070097604259095,0.07009760425909495
0.8786324786324786,0.023931623931623933,0.02564102564102564,0.07179487179487179
0.8702791461412152,0.025451559934318555,0.028735632183908046,0.0755336617405583
0.8634945397815913,0.02574102964118565,0.030421216848673948,0.08034321372854915
0.8578947368421053,0.02406015037593985,0.030827067669172932,0.08721804511278196
0.8572458543619322,0.023071377072819033,0.032444124008651765,0.08723864455659697
0.8567375886524823,0.02127659574468085,0.03475177304964539,0.08723404255319149
0.8591836734693877,0.023809523809523808,0.03537414965986395,0.08163265306122448
0.8570474281897128,0.025384101536406144,0.032732130928523714,0.08483633934535738
0.8524173027989822,0.02480916030534351,0.03307888040712468,0.08969465648854962
0.8517369727047146,0.02295285359801489,0.03225806451612903,0.09305210918114144
0.8547418967587035,0.0234093637454982,0.030612244897959183,0.09123649459783914
0.8488372093023255,0.026744186046511628,0.03662790697674419,0.0877906976744186
0.8480225988700565,0.02655367231638418,0.03898305084745763,0.08644067796610169
0.8462395543175487,0.026740947075208913,0.038440111420612814,0.08857938718662953
0.8448464912280702,0.030153508771929825,0.03837719298245614,0.08662280701754387
0.8563772775991425,0.027331189710610933,0.03536977491961415,0.08092175777063237
0.8576567317574512,0.02672147995889003,0.03494347379239465,0.08067831449126413
0.8563451776649746,0.028934010152284265,0.03350253807106599,0.08121827411167512
0.8603848051307351,0.026147015293537246,0.03206709422792304,0.08140108534780464
0.8583899127061105,0.025703200775945685,0.03297769156159069,0.08292919495635305
0.8573493975903614,0.026024096385542168,0.03469879518072289,0.0819277108433735
0.8558809855880986,0.027429102742910275,0.03533240353324035,0.08135750813575081
0.8554160855416085,0.027429102742910275,0.03765690376569038,0.0794979079497908
0.8534007352941176,0.027573529411764705,0.034926470588235295,0.08409926470588236
0.8617553433378808,0.027285129604365622,0.03274215552523874,0.07821737153251478
0.8494817485353763,0.030193780982424517,0.035601622352410996,0.0847228481297882
0.8439461883408071,0.03094170403587444,0.03632286995515695,0.08878923766816144
0.8364779874213837,0.03324348607367475,0.03908355795148248,0.09119496855345911
0.8369905956112853,0.032243618450515,0.04254366323331841,0.08822212270488132
0.832,0.03244444444444444,0.042222222222222223,0.09333333333333334
0.82688028482421,0.03159768580329328,0.046283934134401426,0.09523809523809523
0.8285334514842712,0.03234381922906513,0.044306601683650866,0.09481612760301285
0.8297777777777777,0.03288888888888889,0.04577777777777778,0.09155555555555556
0.8290861159929701,0.03251318101933216,0.04701230228471002,0.0913884007029877
0.8191536748329621,0.03474387527839644,0.049888641425389756,0.09621380846325167
0.8163265306122449,0.03593611357586513,0.050576752440106475,0.09716060337178349
0.8100533807829181,0.036476868327402136,0.05382562277580071,0.099644128113879
0.8139637649138312,0.034909412284577994,0.05214317277949625,0.09898365002209457
0.8076923076923077,0.038461538461538464,0.05172413793103448,0.10212201591511937
0.8084358523725835,0.03998242530755712,0.05140597539543058,0.10017574692442882
0.807212822796082,0.04229741763134461,0.05253784505788068,0.09795191451469279
0.8101769911504425,0.0415929203539823,0.05265486725663717,0.09557522123893805
0.8093126385809313,0.040798226164079826,0.05232815964523282,0.0975609756097561
0.8081343943412909,0.042440318302387266,0.05349248452696728,0.09593280282935455
0.8075221238938053,0.04424778761061947,0.05309734513274336,0.09513274336283185
0.8109783089862771,0.043382027445772464,0.05267817618415228,0.09296148738379814
0.8118279569892473,0.042114695340501794,0.0528673835125448,0.0931899641577061
0.8051372896368467,0.0420726306465899,0.05270150575730735,0.10008857395925598
0.807347670250896,0.04121863799283154,0.051075268817204304,0.1003584229390681
0.8023203926818384,0.04596162427487729,0.050870147255689425,0.10084783578759482
0.800718132854578,0.0466786355475763,0.048922800718132854,0.10368043087971275
0.7987477638640429,0.046511627906976744,0.048747763864042934,0.10599284436493739
0.7955974842767296,0.047619047619047616,0.04851752021563342,0.1082659478885894
0.7924444444444444,0.04711111111111111,0.04844444444444444,0.112
0.7922597864768683,0.0449288256227758,0.05115658362989324,0.11165480427046263
0.7876224398931434,0.04541406945681211,0.052983081032947466,0.11398040961709706
0.7817371937639198,0.044543429844097995,0.053452115812917596,0.12026726057906459
0.7743086529884032,0.04906333630686887,0.05530776092774309,0.12132024977698483
0.7753655294638901,0.046964997784669914,0.056712450155073105,0.12095702259636686
0.7791273054430949,0.04228520017993702,0.05623031938821413,0.12235717498875394
0.7734657039711191,0.042418772563176894,0.057310469314079425,0.12680505415162455
0.7713004484304933,0.04080717488789238,0.05739910313901345,0.1304932735426009
0.7708055184690699,0.04005340453938585,0.05518469069870939,0.13395638629283488
0.7715305667112896,0.040160642570281124,0.053993752788933515,0.13431503792949576
0.7725265017667845,0.04151943462897526,0.05123674911660778,0.13471731448763252
0.7676547515257193,0.042284219703574544,0.05143853530950305,0.13862249346120314
0.7655417406749556,0.04262877442273535,0.053730017761989345,0.1380994671403197
0.7669472751439964,0.04164820558263181,0.05095259193619849,0.14045192733717324
0.7755102040816326,0.03904170363797693,0.05013309671694765,0.13531499556344276
0.7714539795464651,0.03868385949310805,0.04802134281903068,0.14184081814139618
0.7627948375611927,0.040498442367601244,0.051179350244770806,0.14552736982643524
0.7688195991091314,0.0400890868596882,0.049888641425389756,0.14120267260579064
0.7778768956289027,0.03746654772524532,0.04727921498661909,0.13737734165923282
0.7730277655354781,0.0379021595416483,0.045394446892904367,0.14367562802996914
0.7700794351279788,0.038393645189761696,0.04501323918799647,0.14651368049426303
0.7612533097969991,0.03971756398940865,0.0498676081200353,0.14916151809355693
0.7588652482269503,0.040780141843971635,0.050088652482269506,0.1502659574468085
0.7572512271307452,0.04105310129406515,0.050870147255689425,0.15082552431950022
0.7620106761565836,0.03914590747330961,0.050711743772241996,0.14813167259786478
0.7595725734639359,0.0396260017809439,0.05431878895814782,0.1464826357969724
0.7515391380826737,0.04133685136323659,0.05452946350043975,0.15259454705364994
0.7542932628797886,0.04227212681638045,0.054601497137824744,0.14883311316600617
0.7469933184855234,0.04498886414253898,0.05434298440979955,0.15367483296213807
0.7489968791796701,0.04592064199732501,0.05349977708426215,0.15158270173874275
0.7489986648865153,0.04672897196261682,0.0529595015576324,0.15131286159323543
0.7462488967343336,0.047219770520741396,0.048984995586937335,0.15754633715798763
0.7503314184710561,0.048608042421564294,0.05125939019001326,0.14980114891736632
0.7471315092674315,0.05030891438658429,0.05207413945278023,0.15048543689320387
0.744092732946946,0.05171645118145341,0.051270619705751225,0.15292019616584931
0.7432188065099458,0.05108499095840868,0.05108499095840868,0.1546112115732369
0.7436241610738255,0.05011185682326622,0.049664429530201344,0.15659955257270694
0.7406757349714788,0.04870557261956999,0.05221588415971917,0.1584028082492321
0.7367718986216096,0.04802134281903068,0.052912405513561585,0.16229435304579815
0.7451067615658363,0.045373665480427046,0.05115658362989324,0.1583629893238434
0.7370806890299184,0.04805077062556664,0.05485040797824116,0.1600181323662738
0.7363431151241535,0.05011286681715576,0.053724604966139955,0.1598194130925508
0.7424854194706146,0.0462090623598026,0.05518169582772544,0.15612382234185734
0.7414414414414414,0.046396396396396394,0.05540540540540541,0.15675675675675677
0.7395786642761094,0.04482294935006723,0.053339309726580006,0.1622590766472434
0.7430493273542601,0.04394618834080718,0.051121076233183856,0.1618834080717489
0.741834451901566,0.04519015659955257,0.04787472035794183,0.1651006711409396
0.7423094070441373,0.04770396790013375,0.04814979937583593,0.161836825679893
0.7324384787472036,0.04832214765100671,0.04832214765100671,0.17091722595078299
0.739169271996427,0.0482358195623046,0.048682447521214825,0.1639124609200536
0.7389951089373055,0.05113383726100489,0.04979991107158737,0.16007114273010226
0.7311636201515826,0.054837271511368704,0.04814979937583593,0.16584930896121267
0.7295373665480427,0.054270462633451956,0.04715302491103203,0.16903914590747332
0.7306833407771326,0.056721750781598926,0.04600267976775346,0.16659222867351497
0.7305443094916779,0.057579847053531266,0.048582995951417005,0.1632928475033738
0.732078853046595,0.05869175627240143,0.04883512544802868,0.1603942652329749
0.7266636891469406,0.05895489057615007,0.049575703439035286,0.16480571683787404
0.7257850508624503,0.059708093763821316,0.047766475011057054,0.1667403803626714
0.7223946784922395,0.06119733924611973,0.04745011086474501,0.16895787139689578
0.7243219208537127,0.05824811027123166,0.044019564250778125,0.17341040462427745
0.7270306258322237,0.05459387483355526,0.040390590324012425,0.1779849090102086
0.7295008912655971,0.05169340463458111,0.040998217468805706,0.17780748663101603
0.7310924369747899,0.0508624502432552,0.040689960194604156,0.17735515258735074
0.7300044189129474,0.047724259832081305,0.038886433937251434,0.18338488731771985
0.730700976042591,0.04525288376220053,0.03904170363797693,0.1850044365572316
0.7228116710875332,0.04597701149425287,0.042440318302387266,0.1887709991158267
0.7184163701067615,0.04715302491103203,0.04181494661921708,0.19261565836298933
0.7228163992869875,0.045454545454545456,0.0427807486631016,0.1889483065953654
0.7283516483516483,0.04263736263736264,0.04087912087912088,0.18813186813186814
0.7325066430469442,0.03941541186891054,0.038529672276350756,0.18954827280779452
0.732620320855615,0.03877005347593583,0.0374331550802139,0.19117647058823528
0.7280316344463972,0.03866432337434095,0.03734622144112478,0.19595782073813708
0.7259488084730803,0.03971756398940865,0.03618711385701677,0.19814651368049427
0.7260334212840809,0.03825857519788918,0.036939313984168866,0.19876868953386104
0.7273936170212766,0.038120567375886524,0.037677304964539006,0.19680851063829788
0.7265108072342302,0.04102337891486546,0.038376709307454786,0.1940891045434495
0.7231313578062805,0.040689960194604156,0.0367094206103494,0.19946926138876603
0.7180400890868597,0.03830734966592428,0.037416481069042315,0.20623608017817371
0.7189973614775725,0.03825857519788918,0.036499560246262094,0.20624450307827616
0.7178460169114375,0.03871829105473965,0.03649310191366266,0.20694259012016022
0.7120605251446372,0.03693813974187806,0.039163328882955054,0.2118380062305296
0.7085561497326203,0.03609625668449198,0.039661319073083776,0.21568627450980393
0.7105030891438658,0.03751103265666372,0.037069726390114736,0.2149161518093557
0.7073813708260105,0.03427065026362039,0.03734622144112478,0.22100175746924428
0.7098793026374609,0.03442109968708091,0.03665623603039785,0.21904336164506036
0.7059344552701505,0.0354295837023915,0.034986713906111605,0.22364924712134632
0.7056990204808549,0.034728406055209264,0.03428317008014248,0.2252894033837934
0.7030141843971631,0.03546099290780142,0.03546099290780142,0.22606382978723405
0.6967541129390841,0.03646064917741218,0.03379279679857715,0.23299244108492664
0.6964125560538117,0.034080717488789235,0.03452914798206278,0.23497757847533632
0.6940497335701599,0.035523978685612786,0.037300177619893425,0.23312611012433393
0.6866460996033495,0.03525782282944028,0.03922432789775231,0.2388717496694579
0.6873065015479877,0.03449800973020787,0.03759398496240601,0.24060150375939848
0.6766917293233082,0.03538257408226449,0.04157452454666077,0.24635117204776646
0.6738178633975481,0.03633975481611208,0.04159369527145359,0.24824868651488616
0.6682819383259911,0.035682819383259914,0.042731277533039645,0.2533039647577093
0.6713594368675759,0.03519577650681918,0.0409150901891773,0.25252969643642764
0.668903803131991,0.03758389261744966,0.038926174496644296,0.254586129753915
0.6690171881886293,0.0374614367562803,0.04363155575143235,0.249889819303658
0.6671146953405018,0.03539426523297491,0.04525089605734767,0.2522401433691756
0.6648983200707339,0.03669319186560566,0.04288240495137047,0.25552608311229
0.6628267611874169,0.03633141338059371,0.04209127159946832,0.25875055383252105
0.6537444933920705,0.03612334801762115,0.04449339207048458,0.26563876651982377
0.6543594306049823,0.037366548042704624,0.04403914590747331,0.26423487544483987
0.6442564559216385,0.04096170970614425,0.04630454140694568,0.2684772929652716
0.644325290437891,0.04334226988382484,0.0451295799821269,0.26720285969615726
0.6509769094138543,0.043516873889875664,0.04262877442273535,0.26287744227353466
0.6571044374719857,0.0421335723890632,0.039444195428059166,0.261317794710892
0.6635346756152125,0.03982102908277405,0.039373601789709174,0.25727069351230425
0.6619217081850534,0.03914590747330961,0.037811387900355875,0.2611209964412811
0.6550335570469799,0.042058165548098436,0.03534675615212528,0.2675615212527964
0.6526548672566371,0.03761061946902655,0.035398230088495575,0.2743362831858407
0.6499110320284698,0.035142348754448396,0.03425266903914591,0.28069395017793597
0.6392489941886456,0.03442109968708091,0.037103263299061245,0.2892266428252123
0.6460176991150443,0.033628318584070796,0.036283185840707964,0.28407079646017697
0.6470588235294118,0.030983385720700495,0.03367759317467445,0.2882801975752133
0.6515083295812697,0.03061683926159388,0.031967582170193604,0.2859072489869428
0.6453900709219859,0.027925531914893616,0.03102836879432624,0.29565602836879434
0.6419098143236074,0.027851458885941646,0.03183023872679045,0.2984084880636605
0.6375,0.027678571428571427,0.03080357142857143,0.3040178571428571
0.643652561247216,0.027171492204899776,0.03162583518930958,0.2975501113585746
0.6407982261640798,0.029711751662971176,0.03237250554323725,0.29711751662971175
0.6464826357969724,0.02983081032947462,0.02983081032947462,0.29385574354407834
0.6339165545087483,0.029609690444145357,0.03095558546433378,0.30551816958277256
0.6422836752899197,0.03166815343443354,0.029884032114183764,0.296164139161463
0.6396960214573089,0.030844881537773806,0.029950827000447027,0.2995082700044703
0.6371402877697842,0.03012589928057554,0.03282374100719424,0.29991007194244607
0.6385379061371841,0.032490974729241874,0.032490974729241874,0.2964801444043321
0.6313446126447017,0.030721282279608193,0.03383793410507569,0.3040961709706144
0.625615763546798,0.032243618450515,0.03358710255261979,0.30855351545006715
0.625,0.030017921146953404,0.03449820788530466,0.31048387096774194
0.6269180184129768,0.02761946514686541,0.037264357737834285,0.30819815870232353
0.6247763864042933,0.029069767441860465,0.03711985688729875,0.3090339892665474
0.6218861209964412,0.029359430604982206,0.036476868327402136,0.3122775800711744
0.6140744060959211,0.030927835051546393,0.035410129986553115,0.31958762886597936
0.6112099644128114,0.03069395017793594,0.035142348754448396,0.32295373665480426
0.6048780487804878,0.031042128603104215,0.03414634146341464,0.32993348115299337
0.6059661620658949,0.030721282279608193,0.031611754229741766,0.3317008014247551
0.6061007957559682,0.03050397877984085,0.03183023872679045,0.33156498673740054
0.6100266193433895,0.030612244897959183,0.03194321206743567,0.32741792369121564
0.6088674275680421,0.033362598770851626,0.030728709394205442,0.3270412642669008
0.6016949152542372,0.03300624442462088,0.030776092774308653,0.3345227475468332
0.6027397260273972,0.031816173221387536,0.031816173221387536,0.3336279275298277
0.6013392857142857,0.030357142857142857,0.033482142857142856,0.33482142857142855
0.5996425379803396,0.02993744414655943,0.03306523681858802,0.33735478105451294
0.6024734982332155,0.027385159010600707,0.03268551236749117,0.3374558303886926
0.594449418084154,0.02864816472694718,0.02999104744852283,0.346911369740376
0.5977827050997783,0.02616407982261641,0.027494456762749447,0.3485587583148559
0.5948467347845402,0.02665482007996446,0.02665482007996446,0.35184362505553085
0.5973509933774834,0.0282560706401766,0.02781456953642384,0.3465783664459161
0.5891748003549245,0.02883762200532387,0.029724933451641525,0.35226264418811004
0.5855496453900709,0.03102836879432624,0.03102836879432624,0.3523936170212766
0.5760532150776053,0.03237250554323725,0.03148558758314856,0.3600886917960089
0.5762637362637363,0.03208791208791209,0.03428571428571429,0.35736263736263735
0.5734513274336284,0.036283185840707964,0.035398230088495575,0.3548672566371681
0.5693462897526502,0.037985865724381625,0.03666077738515901,0.35600706713780916
0.5674232309746329,0.03649310191366266,0.036048064085447265,0.36003560302625726
0.5637082601054482,0.03734622144112478,0.03734622144112478,0.3615992970123023
0.5591872791519434,0.03445229681978799,0.03975265017667844,0.3666077738515901
0.5567282321899736,0.03825857519788918,0.04221635883905013,0.3627968337730871
0.5520602569782898,0.03987594151528578,0.03943287549844927,0.3686309260079752
0.5568028738212842,0.03637180062864841,0.03951504265828469,0.3673102828917827
0.5612932195779075,0.03322855859901212,0.038616973506960035,0.3668612483161203
0.5554060116644235,0.034993270524899055,0.037236428891879766,0.3723642889187977
0.5498025449758666,0.03378674857393594,0.036858271171566474,0.379552435278631
0.552925413130862,0.030817329164805715,0.03841000446627959,0.3778472532380527
0.5487750556792873,0.031180400890868598,0.04053452115812917,0.37951002227171493
0.548704200178731,0.03127792672028597,0.03708668453976765,0.3829311885612154
0.5416483032172763,0.03261348611723226,0.04010577346848832,0.3856324371970031
0.5381205673758865,0.034131205673758866,0.040780141843971635,0.386968085106383
0.532179316466933,0.03506435863293387,0.039502885042166,0.3932534398579672
0.5387736699729486,0.0351668169522092,0.03787195671776375,0.38818755635707847
0.5463129496402878,0.03462230215827338,0.03732014388489208,0.3817446043165468
0.5421310744538564,0.03611234953187695,0.03878733838609006,0.38296923762817653
0.5456570155902004,0.03697104677060133,0.037416481069042315,0.3799554565701559
0.551184622261958,0.03799731783638802,0.0348681269557443,0.3759499329459097
0.5535006605019815,0.041391457507705856,0.035667107001321,0.36944077498899164
0.5497567448031845,0.04290137107474569,0.03538257408226449,0.37195931003980537
0.5443602318323674,0.04413731609451627,0.036558181007579134,0.37494427106553724
0.5456163773920784,0.042723631508678236,0.035603026257231864,0.37605696484201157
0.5431494661921709,0.04181494661921708,0.036476868327402136,0.37855871886120995
0.5403477485510477,0.041462327240303166,0.034774855104770394,0.38341506910387874
0.540097474523704,0.04209127159946832,0.0358883473637572,0.3819229065130704
0.5328014184397163,0.04521276595744681,0.03900709219858156,0.3829787234042553
0.5370866845397676,0.0451295799821269,0.035299374441465595,0.38248436103663985
0.5426425099425541,0.04197967300044189,0.0344675209898365,0.3809102960671675
0.5388414907947912,0.04355635383924562,0.03367759317467445,0.38392456219128873
0.5466252220248667,0.04218472468916518,0.034191829484902306,0.37699822380106573
0.5377150419056022,0.04146449051610057,0.035288928098809,0.3855315394794883
0.5353490440195643,0.041351711871943087,0.032458870609159626,0.39084037349933304
0.5348115299334811,0.04478935698447894,0.03148558758314856,0.38891352549889135
0.5379125780553078,0.040588760035682424,0.03166815343443354,0.3898305084745763
0.5384957721406319,0.03693813974187806,0.03204272363150868,0.3925233644859813
0.5318866253321524,0.03587245349867139,0.03100088573959256,0.4012400354295837
0.5383928571428571,0.03526785714285714,0.032589285714285716,0.39375
0.5453736654804271,0.035142348754448396,0.03336298932384341,0.3861209964412811
0.5416116248348745,0.03786878027300748,0.03742844561867019,0.38309114927344784
0.5381850853548967,0.03863432165318958,0.03998203054806829,0.3831985624438455
0.5316169828364951,0.04290876242095754,0.03974706413730804,0.3857271906052394
0.5343203230148048,0.03992821893225662,0.03633916554508748,0.38941229250785103
0.5306122448979592,0.041259982253771074,0.03371783496007098,0.3944099378881988
0.5362190812720848,0.04107773851590106,0.02959363957597173,0.3931095406360424
0.5368653421633555,0.04105960264900662,0.02869757174392936,0.3933774834437086
0.5402247191011236,0.04,0.028764044943820226,0.39101123595505616
0.5351111111111111,0.03688888888888889,0.028,0.4
0.535810205908684,0.03894359892569382,0.02730528200537153,0.39794091316025065
0.5326521545979565,0.03909373611728121,0.02621057307863172,0.4020435362061306
0.5275310834813499,0.03907637655417407,0.026198934280639432,0.4071936056838366
0.5306487695749441,0.03982102908277405,0.027293064876957495,0.4022371364653244
0.5265033407572383,0.03697104677060133,0.029844097995545656,0.4066815144766147
0.5301151461470328,0.034100974313551816,0.031443755535872454,0.40434012400354297
0.5281097830898628,0.03231518370960602,0.03275785745905268,0.4068171757414785
0.5288632326820604,0.03108348134991119,0.03019538188277087,0.4098579040852576
0.5271111111111111,0.03244444444444444,0.03422222222222222,0.4062222222222222
0.5290465631929047,0.03325942350332594,0.03370288248337029,0.4039911308203991
0.5230769230769231,0.03212669683257918,0.033936651583710405,0.4108597285067873
0.518699910952805,0.031611754229741766,0.03294746215494212,0.41674087266251114
0.5287305122494432,0.028953229398663696,0.03429844097995546,0.40801781737193765
0.5286539315859617,0.02798756108396268,0.03642825410928476,0.40693025322079074
0.529567519858782,0.028684907325684024,0.037069726390114736,0.40467784642541926
0.5288419198590929,0.02774108322324967,0.0361074416556583,0.40730955526199913
0.5240830755634114,0.026513477684489615,0.03623508616880247,0.41316836058329653
0.520035226772347,0.02553940995156319,0.034346103038309116,0.4200792602377807
0.512042818911686,0.027653880463871544,0.03568242640499554,0.42462087421944694
0.5093085106382979,0.026595744680851064,0.0350177304964539,0.42907801418439717
0.5085638998682477,0.027228809837505488,0.03557312252964427,0.42863416776460256
0.5054848617814831,0.028960070206230804,0.035980693286529176,0.42957437472575694
0.5002239140170175,0.03090013434841021,0.034482758620689655,0.4343931930138827
0.5015562472209871,0.030680302356602934,0.03646064917741218,0.43130280124499776
0.4968888888888889,0.030666666666666665,0.03288888888888889,0.43955555555555553
0.5024368630926008,0.030128489144882586,0.034116083296411165,0.43331856446610545
0.5028672254080282,0.030877812086457873,0.03440670489633877,0.4318482576091751
0.49507168458781364,0.03046594982078853,0.03718637992831541,0.43727598566308246
0.49270879363676534,0.03049049933716306,0.03800265134776845,0.43879805567830316
0.49843119677274766,0.030927835051546393,0.035410129986553115,0.43523083818915287
0.5002227171492205,0.03162583518930958,0.035634743875278395,0.43251670378619156
0.5011008366358433,0.032144429766622636,0.03830911492734478,0.4284456186701893
0.49800796812749004,0.03054448871181939,0.036741921204072596,0.434705621956618
0.5002199736031676,0.030796304443466784,0.03739551253849538,0.4315882094148702
0.49757602468047596,0.031732040546496254,0.03922432789775231,0.43146760687527547
0.49955436720142604,0.030303030303030304,0.036541889483065956,0.4336007130124777
0.5,0.03188662533215235,0.03587245349867139,0.4322409211691763
0.5002205558006175,0.031760035288928096,0.035288928098809,0.43273048081164533
0.5013333333333333,0.030222222222222223,0.036,0.43244444444444446
0.5046728971962616,0.030262572318647086,0.037383177570093455,0.42768135291499776
0.501323918799647,0.03089143865842895,0.03795233892321271,0.4298323036187114
0.49955595026642985,0.03152753108348135,0.03507992895204263,0.43383658969804617
0.4968888888888889,0.030666666666666665,0.03688888888888889,0.43555555555555553
0.49550763701707096,0.03099730458221024,0.03773584905660377,0.435759209344115
0.5004488330341114,0.03141831238779174,0.0381508078994614,0.42998204667863554
0.4924309884238646,0.031166518254674976,0.037399821905609976,0.4390026714158504
0.48300220750551875,0.033112582781456956,0.037969094922737305,0.445916114790287
0.48428508189464364,0.03408587870739265,0.03939796370075255,0.44223107569721115
0.4862222222222222,0.034666666666666665,0.03688888888888889,0.44222222222222224
0.4829749103942652,0.03539426523297491,0.03853046594982079,0.44310035842293904
0.4853982300884956,0.034513274336283185,0.03716814159292035,0.4429203539823009
0.4869179600886918,0.03503325942350333,0.03458980044345898,0.4434589800443459
0.48265124555160144,0.03603202846975089,0.03202846975088968,0.44928825622775803
0.48672964462438145,0.03553756185335133,0.033738191632928474,0.44399460188933876
0.4872369010300045,0.03672189879086431,0.03403493058665472,0.44200626959247646
0.48110271231658513,0.03868385949310805,0.03468208092485549,0.4455313472654513
0.47477477477477475,0.03873873873873874,0.03198198198198198,0.4545045045045045
0.47245857590685175,0.0380653828929691,0.03090013434841021,0.4585759068517689
0.4677708146821844,0.03625783348254252,0.02775290957923008,0.468218442256043
0.4702512119876598,0.03349493168796827,0.027765535478184222,0.46848832084618774
0.46633972358448506,0.034329023629068214,0.028979045920642,0.4703522068658047
0.4668446817979528,0.03382287494437027,0.027147307521139297,0.4721851357365376
0.46954201867496664,0.03334815473543797,0.025344597598932858,0.47176522899066253
0.4631346578366446,0.030022075055187638,0.026490066225165563,0.4803532008830022
0.4597495527728086,0.0259391771019678,0.028622540250447227,0.4856887298747764
0.46396396396396394,0.025675675675675677,0.03063063063063063,0.4797297297297297
0.4637616718541574,0.028012449977767896,0.028012449977767896,0.4802134281903068
0.4621923937360179,0.02953020134228188,0.028635346756152126,0.4796420581655481
0.47032772364924713,0.02878653675819309,0.030115146147032774,0.470770593445527
0.4619831036016007,0.032458870609159626,0.02845709204090707,0.47710093374833257
0.45276292335115864,0.03342245989304813,0.02807486631016043,0.4857397504456328
0.4583145561063542,0.03334835511491663,0.02658855340243353,0.48174853537629564
0.4484605087014726,0.035252119589468986,0.025881302989736725,0.49040606871932174
0.44568121104185215,0.032056990204808546,0.02626892252894034,0.4959928762243989
0.447508896797153,0.03202846975088968,0.023131672597864767,0.4973309608540925
0.4430436740207114,0.03376857271499325,0.02341287708239532,0.49977487618190003
0.44107142857142856,0.03214285714285714,0.024107142857142858,0.5026785714285714
0.4418811002661934,0.03149955634427684,0.021739130434782608,0.5048802129547472
0.44059622972380535,0.03024989039894783,0.023235423060061378,0.5059184568171854
0.44201605709188224,0.029438001784121322,0.023639607493309546,0.5049063336306869
0.4400352733686067,0.03130511463844797,0.024691358024691357,0.503968253968254
0.4438573315719947,0.03258476442095993,0.026420079260237782,0.49713782474680757
0.4434087882822903,0.03417665335108744,0.027518863737239236,0.49489569462938304
0.4431718061674009,0.03480176211453744,0.028634361233480177,0.4933920704845815
0.446113074204947,0.03224381625441696,0.030035335689045935,0.4916077738515901
0.4412028725314183,0.03411131059245961,0.03052064631956912,0.49416517055655296
0.4437555358724535,0.031443755535872454,0.032329495128432244,0.4924712134632418
0.43927304964539005,0.031471631205673756,0.03324468085106383,0.49601063829787234
0.43672014260249553,0.03609625668449198,0.03253119429590018,0.4946524064171123
0.4393530997304582,0.034141958670260555,0.03369272237196765,0.49281221922731355
0.4390026714158504,0.031166518254674976,0.034728406055209264,0.4951024042742654
0.4369747899159664,0.0291906236178682,0.03449800973020787,0.49933657673595755
0.4335540838852097,0.029580573951434878,0.033554083885209716,0.5033112582781457
0.43352601156069365,0.028012449977767896,0.03601600711427301,0.5024455313472654
0.4327768014059754,0.02592267135325132,0.03471001757469244,0.5065905096660809
0.4337674000898069,0.02828917826672654,0.03367759317467445,0.5042658284687921
0.4298520842671448,0.029583146571044376,0.03451367099955177,0.5060510981622591
0.43072824156305506,0.028419182948490232,0.034191829484902306,0.5066607460035524
0.41778373547810543,0.030831099195710455,0.03306523681858802,0.5183199285075961
0.41864555848724716,0.02990325417766051,0.029463500439753737,0.5219876868953386
0.42170818505338076,0.02891459074733096,0.030249110320284697,0.5191281138790036
0.4174800354924579,0.027506654835847383,0.029281277728482696,0.525732031943212
0.41921204072598495,0.027003098716246128,0.02877379371403276,0.5250110668437362
0.4126278345931525,0.02845709204090707,0.029791018230324588,0.5291240551356158
0.4024767801857585,0.03051747014595312,0.03007518796992481,0.5369305616983635
0.40275923453493545,0.02848242100578549,0.032932799287939477,0.5358255451713395
0.40730837789661317,0.03074866310160428,0.03431372549019608,0.5276292335115864
0.4014241210502893,0.029817534490431688,0.035603026257231864,0.5331553182020472
0.4015957446808511,0.031471631205673756,0.031914893617021274,0.5350177304964538
0.40434012400354297,0.02967227635075288,0.03631532329495128,0.5296722763507529
0.40318302387267907,0.03138815207780725,0.03757736516357206,0.5278514588859416
0.40713028169014087,0.030369718309859156,0.03697183098591549,0.5255281690140845
0.40160284951024044,0.032056990204808546,0.03695458593054319,0.5293855743544078
0.40707964601769914,0.03008849557522124,0.036283185840707964,0.5265486725663717
0.4168524297815426,0.029424877396344182,0.03388319215336603,0.5198395006687472
0.4125165271044513,0.027324812692816218,0.031732040546496254,0.5284266196562363
0.40913081650570676,0.026777875329236173,0.03204565408252853,0.5320456540825286
0.397887323943662,0.030369718309859156,0.03169014084507042,0.5400528169014085
0.3997349823321555,0.03224381625441696,0.03136042402826855,0.536660777385159
0.40467625899280574,0.030575539568345324,0.028327338129496404,0.5364208633093526
0.40293855743544077,0.02983081032947462,0.02894033837934105,0.5382902938557436
0.40720961281708945,0.028037383177570093,0.029817534490431688,0.5349354695149088
0.4116331096196868,0.025950782997762864,0.030425055928411632,0.5319910514541387
0.4132083891120036,0.0285586791610888,0.02989736724676484,0.5283355644801427
0.41493592576226246,0.029164825452938577,0.026071586389748123,0.5298276623950509
0.4144736842105263,0.028070175438596492,0.02631578947368421,0.531140350877193
0.41076991544281266,0.03159768580329328,0.025367156208277702,0.5322652425456164
0.40456340500219395,0.028521281263712155,0.025010969723562967,0.5419043440105309
0.4012483281319661,0.03120820329915292,0.02719572001783326,0.5403477485510477
0.40233497979344407,0.03143242029636282,0.027391109115401886,0.5388414907947912
0.3980496453900709,0.030141843971631204,0.026595744680851064,0.5452127659574468
0.402753108348135,0.02886323268206039,0.02575488454706927,0.5426287744227354
0.4059318282425852,0.027888446215139442,0.025232403718459494,0.5409473218238159
0.4041246160596753,0.028082492321193506,0.025449758666081616,0.5423431329530496
0.4055727554179567,0.02697921273772667,0.026094648385670056,0.5413533834586466
0.40558510638297873,0.027925531914893616,0.02526595744680851,0.5412234042553191
0.39955555555555555,0.028444444444444446,0.026222222222222223,0.5457777777777778
0.39955357142857145,0.029464285714285714,0.024107142857142858,0.546875
0.3956960913482653,0.029863855950812472,0.027228809837505488,0.5472112428634168
0.39274657231313576,0.02830605926581159,0.026536930561698365,0.5524104378593543
0.3943287549844927,0.02658396101019052,0.02924235711120957,0.5498449268941072
0.39122649955237243,0.02685765443151298,0.02730528200537153,0.554610564010743
0.3836168307967771,0.02820053715308863,0.025514771709937333,0.562667860340197
0.38560070671378094,0.027385159010600707,0.023409893992932862,0.5636042402826855
0.3895933537385221,0.02579798863139484,0.023174464363795364,0.5614341932662877
0.3910341766533511,0.026187305814469597,0.024855747891699954,0.5579227696404794
0.3805270209915141,0.02813756141134435,0.0241179097811523,0.5672175078159892
0.37920353982300886,0.02920353982300885,0.026991150442477876,0.5646017699115045
0.3805309734513274,0.02743362831858407,0.02654867256637168,0.5654867256637168
0.38355555555555554,0.025777777777777778,0.026222222222222223,0.5644444444444444
0.38219663418954825,0.029229406554472984,0.026572187776793623,0.5620017714791852
0.3710972346119536,0.030776092774308653,0.028545941123996433,0.5695807314897413
0.37643932683790965,0.033215234720992026,0.02745792736935341,0.562887511071745
0.3809099018733274,0.03389830508474576,0.027653880463871544,0.5575379125780553
0.3847854931446263,0.034055727554179564,0.029632905793896505,0.5515258735072976
0.3876651982378855,0.033480176211453744,0.026872246696035242,0.5519823788546255
0.38994265549183943,0.03352448169386855,0.030877812086457873,0.5456550507278342
0.39456085599643337,0.03343736067766384,0.03299152920196166,0.5390102541239411
0.3956191327670988,0.033080017881090745,0.033974072418417524,0.5373267769333929
0.39740724184175236,0.03442109968708091,0.03263299061242736,0.5355386678587394
0.39875111507582517,0.03612845673505798,0.03166815343443354,0.5334522747546833
0.39867549668874175,0.03443708609271523,0.030022075055187638,0.5368653421633555
0.396260017809439,0.031611754229741766,0.02983081032947462,0.5422974176313446
0.4051418439716312,0.03368794326241135,0.030141843971631204,0.5310283687943262
0.4077367718986216,0.03334815473543797,0.031124944419742107,0.5277901289461983
0.4000886132033673,0.03322995126273815,0.027470093043863535,0.539211342490031
0.39973202322465384,0.03528360875390799,0.02813756141134435,0.5368468066100938
0.3962014134275618,0.03268551236749117,0.02871024734982332,0.5424028268551236
0.3918258551754776,0.03331852509995557,0.027543314082629944,0.5473123056419369
0.39646799116997794,0.031346578366445915,0.02869757174392936,0.5434878587196468
0.4030115146147033,0.030115146147032774,0.0283436669619132,0.5385296722763507
0.4010600706713781,0.02871024734982332,0.026943462897526502,0.5432862190812721
0.3999116217410517,0.0273972602739726,0.026071586389748123,0.5466195315952276
0.40555058191584603,0.02730528200537153,0.025067144136078783,0.5420769919427036
0.4019607843137255,0.027183600713012478,0.025846702317290554,0.5450089126559715
0.39180255619215515,0.029528426619656236,0.02908770383428823,0.5495813133539004
0.38864241348713396,0.029724933451641525,0.030612244897959183,0.5510204081632653
0.3951327433628319,0.028761061946902654,0.03008849557522124,0.5460176991150443
0.38999557326250556,0.03010181496237273,0.03098716246126605,0.5489154493138557
0.3927320490367776,0.03064798598949212,0.03064798598949212,0.5459719789842382
0.3912852112676056,0.030369718309859156,0.030809859154929578,0.5475352112676056
0.3917071018967799,0.031318923687692984,0.031318923687692984,0.5456550507278342
0.39091718610863757,0.02894033837934105,0.031611754229741766,0.5485307212822796
0.39840989399293286,0.030477031802120143,0.028268551236749116,0.5428445229681979
0.3863939528679413,0.03023566029346376,0.029791018230324588,0.5535793686082704
0.38967343336275373,0.028684907325684024,0.02912621359223301,0.5525154457193292
0.3897777777777778,0.02666666666666667,0.028888888888888888,0.5546666666666666
0.3920071845532106,0.02784014369106421,0.02828917826672654,0.5518634934889987
0.384304932735426,0.029596412556053813,0.028251121076233184,0.557847533632287
0.3871256146624944,0.028609745194456863,0.027268663388466695,0.556995976754582
0.3908199643493761,0.027629233511586453,0.026737967914438502,0.5548128342245989
0.39443462897526504,0.028268551236749116,0.026943462897526502,0.5503533568904594
0.39284116331096197,0.026398210290827742,0.029082774049217,0.5516778523489932
0.3893844781445138,0.028099910793933987,0.031222123104371096,0.5512934879571811
0.38152077807250223,0.029177718832891247,0.033156498673740056,0.5561450044208665
0.384070796460177,0.029646017699115044,0.032300884955752215,0.5539823008849557
0.3885893980233603,0.03099730458221024,0.03324348607367475,0.5471698113207547
0.37997317836388017,0.03263299061242736,0.03442109968708091,0.5529727313366115
0.3741103202846975,0.029359430604982206,0.033807829181494664,0.5627224199288257
0.3848190644307149,0.03000882612533098,0.03177405119152692,0.5533980582524272
0.38571428571428573,0.029017857142857144,0.033482142857142856,0.5517857142857143
0.3878091872791519,0.027385159010600707,0.03180212014134275,0.5530035335689046
0.39355123674911663,0.028268551236749116,0.03401060070671378,0.5441696113074205
0.39096094778411583,0.02720491443615621,0.03290917068889864,0.5489249670908293
0.3915156871409633,0.03049049933716306,0.03225806451612903,0.5457357490057446
0.392,0.028888888888888888,0.03244444444444444,0.5466666666666666
0.3926189417518897,0.02845709204090707,0.03201422854602046,0.5469097376611828
0.38801966919982117,0.030397854269110416,0.03173893607510058,0.5498435404559678
0.39149689991142606,0.03188662533215235,0.03100088573959256,0.545615589016829
