C,D,Oc,Od
0.0,1.0,0.0,0.0
0.0,0.5,0.5,0.0
0.0,0.3333333333333333,0.3333333333333333,0.3333333333333333
0.0,0.5,0.25,0.25
0.0,0.5,0.25,0.25
0.0,0.4,0.2,0.4
0.0,0.3333333333333333,0.3333333333333333,0.3333333333333333
0.2857142857142857,0.2857142857142857,0.2857142857142857,0.14285714285714285
0.4444444444444444,0.2222222222222222,0.2222222222222222,0.1111111111111111
0.5454545454545454,0.18181818181818182,0.18181818181818182,0.09090909090909091
0.5714285714285714,0.14285714285714285,0.14285714285714285,0.14285714285714285
0.6111111111111112,0.16666666666666666,0.1111111111111111,0.1111111111111111
0.6086956521739131,0.13043478260869565,0.08695652173913043,0.17391304347826086
0.6551724137931034,0.06896551724137931,0.034482758620689655,0.2413793103448276
0.7222222222222222,0.05555555555555555,0.027777777777777776,0.19444444444444445
0.7954545454545454,0.045454545454545456,0.0,0.1590909090909091
0.8181818181818182,0.03636363636363636,0.0,0.14545454545454545
0.803030303030303,0.07575757575757576,0.030303030303030304,0.09090909090909091
0.8108108108108109,0.06756756756756757,0.04054054054054054,0.08108108108108109
0.7906976744186046,0.06976744186046512,0.03488372093023256,0.10465116279069768
0.801980198019802,0.07920792079207921,0.0297029702970297,0.0891089108910891
0.8482142857142857,0.0625,0.026785714285714284,0.0625
0.84375,0.078125,0.0234375,0.0546875
0.8391608391608392,0.07692307692307693,0.027972027972027972,0.055944055944055944
0.8466257668711656,0.07975460122699386,0.024539877300613498,0.049079754601226995
0.8486486486486486,0.07567567567567568,0.016216216216216217,0.05945945945945946
0.8663594470046083,0.07373271889400922,0.009216589861751152,0.05069124423963134
0.8739495798319328,0.06722689075630252,0.012605042016806723,0.046218487394957986
0.8716981132075472,0.06037735849056604,0.01509433962264151,0.052830188679245285
0.8653198653198653,0.05723905723905724,0.013468013468013467,0.06397306397306397
0.8520710059171598,0.05621301775147929,0.020710059171597635,0.07100591715976332
0.8461538461538461,0.04774535809018567,0.015915119363395226,0.09018567639257294
0.8463356973995272,0.04728132387706856,0.016548463356973995,0.08983451536643026
0.8387755102040816,0.04081632653061224,0.014285714285714285,0.10612244897959183
0.8201438848920863,0.0341726618705036,0.019784172661870502,0.12589928057553956
0.8045234248788369,0.03715670436187399,0.014539579967689823,0.14378029079159935
0.8029197080291971,0.035036496350364967,0.01167883211678832,0.15036496350364964
0.8010403120936281,0.033810143042912875,0.013003901170351105,0.15214564369310793
0.7940161104718066,0.0333716915995397,0.01380897583429229,0.15880322209436135
0.7758444216990789,0.03480040941658137,0.01330603889457523,0.17604912998976457
0.7769516728624535,0.032527881040892194,0.013940520446096654,0.17657992565055763
0.7676419965576592,0.03098106712564544,0.016351118760757316,0.18502581755593803
0.7584846093133386,0.02920284135753749,0.01578531965272297,0.19652722967640096
0.7639296187683284,0.027126099706744868,0.017595307917888565,0.19134897360703812
0.7554794520547945,0.028082191780821917,0.018493150684931507,0.19794520547945205
0.7429876060013046,0.028049575994781473,0.021526418786692758,0.20743639921722112
0.736284289276808,0.02493765586034913,0.02369077306733167,0.21508728179551123
0.7414201183431952,0.023668639053254437,0.022485207100591716,0.21242603550295858
0.7413303013075612,0.02160318362706083,0.0244457077885162,0.21262080727686186
0.7348277747402953,0.022963367960634227,0.023510114816839803,0.21869874248223073
0.7293934681181959,0.024883359253499222,0.024883359253499222,0.2208398133748056
0.71875,0.027281746031746032,0.023313492063492064,0.23065476190476192
0.709819247679531,0.02784562774792379,0.02344894968246214,0.23888617489008304
0.7086124401913876,0.02966507177033493,0.023444976076555026,0.23827751196172248
0.7036516853932584,0.032303370786516857,0.02153558052434457,0.24250936329588016
0.700590640617901,0.03452975920036347,0.02407996365288505,0.24079963652885053
0.6925507900677201,0.03431151241534989,0.02618510158013544,0.24695259593679458
0.689608636977058,0.03553756185335133,0.026540710751237068,0.2483130904183536
0.6868823000898473,0.03459119496855346,0.024707996406109614,0.25381850853548965
0.6809843400447427,0.036241610738255034,0.02371364653243848,0.25906040268456376
0.6788418708240535,0.03474387527839644,0.025389755011135856,0.26102449888641427
0.6738063364569389,0.036590807675145026,0.026327532351628737,0.26327532351628735
0.6737683089214381,0.036395916555703504,0.027518863737239236,0.2623169107856192
0.6745011086474502,0.03636363636363636,0.0270509977827051,0.2620842572062084
0.6766917293233082,0.03449800973020787,0.028748341441839895,0.26006191950464397
0.6702127659574468,0.034131205673758866,0.02925531914893617,0.26640070921985815
0.6705461056401074,0.03625783348254252,0.03357206803939123,0.25962399283795884
0.6741071428571429,0.03660714285714286,0.033928571428571426,0.25535714285714284
0.6616003576218149,0.0348681269557443,0.033974072418417524,0.26955744300402323
0.6638543516873889,0.037300177619893425,0.03463587921847247,0.2642095914742451
0.664599025254763,0.03898980948161276,0.03322995126273815,0.2631812140008861
0.6579876434245366,0.04060017652250662,0.03398058252427184,0.2674315975286849
0.6568364611260054,0.040214477211796246,0.03351206434316354,0.26943699731903487
0.6597067969791204,0.03864948911594847,0.034207019102621056,0.2674366948023101
0.6604110813226095,0.03753351206434316,0.03395889186773905,0.2680965147453083
0.6633972358448507,0.03744984395898351,0.03522068658047258,0.2639322336156933
0.6585257548845471,0.03907637655417407,0.03596802841918295,0.2664298401420959
0.6513477684489616,0.04197967300044189,0.0344675209898365,0.27220503756076003
0.6613119143239625,0.043284248103525214,0.037037037037037035,0.2583668005354752
0.6523873270861222,0.041499330655957165,0.038375725122713075,0.2677376171352075
0.6503122212310437,0.040588760035682424,0.038804638715432646,0.27029438001784123
0.6527403414195867,0.039532794249775384,0.03773584905660377,0.26999101527403413
0.6559139784946236,0.035842293906810034,0.038978494623655914,0.2692652329749104
0.6517256835499776,0.03496190049305244,0.03765127745405648,0.2756611385029135
0.6569637259292431,0.033139274518584866,0.035826242722794444,0.27407075682937754
0.6543921916592724,0.034161490683229816,0.03637976929902396,0.27506654835847383
0.651650312221231,0.034344335414808205,0.03791257805530776,0.276092774308653
0.6539145907473309,0.036476868327402136,0.03959074733096085,0.27001779359430605
0.6484410302756439,0.036601897876186174,0.04021690013556258,0.27474017171260734
0.641116526362428,0.03898980948161276,0.03987594151528578,0.2800177226406735
0.6426008968609865,0.04125560538116592,0.03991031390134529,0.27623318385650225
0.641299510458389,0.03649310191366266,0.037828215398308856,0.28437917222963954
0.6389748121961998,0.034909412284577994,0.0415377817057004,0.2845779938135219
0.6330680813439434,0.03404067197170645,0.042440318302387266,0.29045092838196285
0.62751228226887,0.03439035283608754,0.04242965609647164,0.2956677087985708
0.6329338659565025,0.03462050599201065,0.040834442964935644,0.29161118508655126
0.6353517364203027,0.03383793410507569,0.04229741763134461,0.28851291184327693
0.6326077298978232,0.033762772101288314,0.03998223011994669,0.2936472678809418
0.6309683177153057,0.03435966086568496,0.04105310129406515,0.2936189201249442
0.6198752228163993,0.036541889483065956,0.044563279857397504,0.29901960784313725
0.6248337028824834,0.03503325942350333,0.042572062084257206,0.2975609756097561
0.6185840707964602,0.034513274336283185,0.04247787610619469,0.30442477876106194
0.624113475177305,0.03546099290780142,0.0425531914893617,0.2978723404255319
0.6241640659830584,0.036558181007579134,0.04057066428889879,0.29870708872046364
0.6283303730017762,0.03285968028419183,0.03996447602131439,0.2988454706927176
0.6212255772646537,0.03330373001776199,0.04085257548845471,0.3046181172291297
0.6209354120267261,0.033853006681514475,0.03830734966592428,0.3069042316258352
0.629896443043674,0.03376857271499325,0.03782080144079244,0.2985141828005403
0.6289893617021277,0.03590425531914894,0.03546099290780142,0.299645390070922
0.6248337028824834,0.03636363636363636,0.03458980044345898,0.3042128603104213
0.6263297872340425,0.03368794326241135,0.03324468085106383,0.3067375886524823
0.6198125836680054,0.03391343150379295,0.03391343150379295,0.31236055332440876
0.6180124223602484,0.03460514640638864,0.03371783496007098,0.3136645962732919
0.6158344579397211,0.03418803418803419,0.03283850652271705,0.31713900134952766
0.616206589492431,0.03428317008014248,0.030721282279608193,0.3187889581478183
0.6207354895879486,0.03322995126273815,0.028356225077536552,0.3176783340717767
0.620096959012781,0.03393565447333627,0.027765535478184222,0.31820185103569854
0.6240568131380382,0.033732800710164226,0.027518863737239236,0.3146915224145584
0.6288751107174491,0.034986713906111605,0.026572187776793623,0.3095659875996457
0.6236702127659575,0.03324468085106383,0.027925531914893616,0.3151595744680851
0.6303191489361702,0.03235815602836879,0.027039007092198582,0.3102836879432624
0.6162738995108937,0.0329035126722988,0.025344597598932858,0.3254779902178746
0.6169744942832014,0.034740545294635,0.025065963060686015,0.3232189973614776
0.622182942996023,0.0344675209898365,0.026071586389748123,0.3172779496243924
0.6125055041831792,0.03742844561867019,0.02509907529722589,0.3249669749009247
0.6098852603706972,0.03574580759046778,0.024271844660194174,0.3300970873786408
0.6119402985074627,0.03511852502194908,0.023266022827041263,0.329675153643547
0.614190687361419,0.03592017738359202,0.024390243902439025,0.3254988913525499
0.6120194432169687,0.03623508616880247,0.024745912505523642,0.32699955810870523
0.6166445329791943,0.034528552456839307,0.02390438247011952,0.32492253209384686
0.6096256684491979,0.03609625668449198,0.024509803921568627,0.32976827094474154
0.6157989228007181,0.031867145421903054,0.025134649910233394,0.3271992818671454
0.6097130242825607,0.029580573951434878,0.025165562913907286,0.3355408388520971
0.6120917917034422,0.02824360105913504,0.026037069726390114,0.33362753751103263
0.6129317980513729,0.027900797165633304,0.026572187776793623,0.33259521700620015
0.6136767317939609,0.026198934280639432,0.026198934280639432,0.3339253996447602
0.6117440841367222,0.025416301489921123,0.026292725679228746,0.33654688869412797
0.6080781180648025,0.02663115845539281,0.027518863737239236,0.33777185974256546
0.6072856508218569,0.025322079075966238,0.02665482007996446,0.34073745002221234
0.6078865750996899,0.02525476295968099,0.027913159060700046,0.3389455028799291
0.6086956521739131,0.023756163155535633,0.029583146571044376,0.33796503809950695
0.6047985513807153,0.026708918062471707,0.030330466274332276,0.33816206428248075
0.5951957295373665,0.028469750889679714,0.02891459074733096,0.3474199288256228
0.5977011494252874,0.03094606542882405,0.028735632183908046,0.34261715296198053
0.5995535714285715,0.03125,0.030357142857142857,0.33883928571428573
0.5933572710951526,0.0296229802513465,0.03231597845601436,0.34470377019748655
0.5975286849073257,0.02736098852603707,0.030450132391879964,0.3446601941747573
0.5964912280701754,0.027890238416554206,0.031938821412505626,0.34367971210076476
0.5921638468388246,0.028495102404274265,0.031611754229741766,0.3477292965271594
0.5965608465608465,0.03130511463844797,0.031746031746031744,0.3403880070546737
0.5943186861961829,0.033732800710164226,0.029738126941855306,0.3422103861517976
0.5874777975133215,0.03463587921847247,0.02930728241563055,0.34857904085257546
0.5862222222222222,0.03244444444444444,0.032,0.34933333333333333
0.5820035460992907,0.031914893617021274,0.030141843971631204,0.35593971631205673
0.5844040762073549,0.03145768719539211,0.03145768719539211,0.3526805494018609
0.5805443998215083,0.03168228469433289,0.03168228469433289,0.35609103078982596
0.5753791257805531,0.031222123104371096,0.030776092774308653,0.3626226583407672
0.5774021352313167,0.029804270462633453,0.03291814946619217,0.35987544483985767
0.5741239892183289,0.032794249775381853,0.03459119496855346,0.3584905660377358
0.5839677563815495,0.03537841468875952,0.032243618450515,0.348410210479176
0.5844385499557914,0.03359858532272325,0.03183023872679045,0.35013262599469497
0.5801324503311258,0.03487858719646799,0.031346578366445915,0.3536423841059603
0.5840747330960854,0.035142348754448396,0.03158362989323844,0.34919928825622776
0.5749005744586831,0.03667697746354397,0.03137428192664605,0.35704816615112683
0.5776205218929678,0.03715170278637771,0.03272888102609465,0.35249889429455994
0.5749551166965888,0.03949730700179533,0.03321364452423698,0.3523339317773788
0.5742485419470614,0.04127411395244504,0.03275011215791835,0.35172723194257516
0.57847533632287,0.04304932735426009,0.03273542600896861,0.34573991031390133
0.5732142857142857,0.044196428571428574,0.032589285714285716,0.35
0.571875,0.04241071428571429,0.032589285714285716,0.353125
0.5659955257270693,0.042953020134228186,0.03400447427293065,0.35704697986577183
0.5572755417956656,0.042459088898717384,0.03715170278637771,0.36311366651923926
0.5609430604982206,0.0449288256227758,0.03558718861209965,0.3585409252669039
0.5638766519823789,0.044933920704845816,0.03436123348017621,0.3568281938325991
0.5614973262032086,0.04322638146167558,0.035650623885918005,0.35962566844919786
0.5585224744103249,0.04183355585224744,0.037383177570093455,0.3622607921673342
0.5522586359610274,0.042515500442869794,0.03454384410983171,0.37068201948627105
0.5473123056419369,0.043980453131941356,0.03642825410928476,0.37227898711683693
0.5428571428571428,0.04330357142857143,0.03660714285714286,0.37723214285714285
0.5459023734885804,0.039856695029108824,0.03134796238244514,0.38289296909986564
0.547136563876652,0.039647577092511016,0.03436123348017621,0.3788546255506608
0.5388716126166149,0.04042647712127943,0.037760995113282986,0.3829409151488227
0.5374331550802139,0.04144385026737968,0.0338680926916221,0.3872549019607843
0.5343612334801762,0.04185022026431718,0.03436123348017621,0.3894273127753304
0.536837376460018,0.0440251572327044,0.032794249775381853,0.3863432165318958
0.5426149040606872,0.041499330655957165,0.03034359660865685,0.3855421686746988
0.5421903052064632,0.04039497307001795,0.0296229802513465,0.3877917414721723
0.5325842696629214,0.041797752808988765,0.028314606741573035,0.39730337078651684
0.5365205843293492,0.0398406374501992,0.029216467463479414,0.3944223107569721
0.5388739946380697,0.0420017873100983,0.030831099195710455,0.38829311885612156
0.5475453339230429,0.03936311366651924,0.03228659885006634,0.38080495356037153
0.5425909494232476,0.04081632653061224,0.029724933451641525,0.38686779059449866
0.5409617097061442,0.04140694568121104,0.032056990204808546,0.38557435440783616
0.533958891867739,0.03932082216264522,0.035299374441465595,0.3914209115281501
0.5384615384615384,0.038461538461538464,0.03488372093023256,0.3881932021466905
0.5391073795846222,0.03535130357931949,0.033583738400353516,0.39195757843570483
0.5323645970937912,0.03830911492734478,0.03126376045794804,0.3980625275209159
0.5340406719717065,0.04155614500442087,0.03138815207780725,0.39301503094606544
0.5345438441098317,0.043401240035429584,0.02967227635075288,0.39238263950398583
0.531763660595291,0.04264771212794314,0.03109729009329187,0.394491337183474
0.5271593944790739,0.041852181656277826,0.03294746215494212,0.39804096170970615
0.5294117647058824,0.04157452454666077,0.03272888102609465,0.39628482972136225
0.5268530847758545,0.03905903240124279,0.030181979582778518,0.40390590324012426
0.5263624280017722,0.03633141338059371,0.030571555161719097,0.40673460345591494
0.5197841726618705,0.03462230215827338,0.03192446043165468,0.4136690647482014
0.5163164953062137,0.035762181493071074,0.03173893607510058,0.4161823871256147
0.5205540661304736,0.035746201966041107,0.0290437890974084,0.41465594280607687
0.5140436914846188,0.034329023629068214,0.030762371823450735,0.4208649130628622
0.5115146147032772,0.03277236492471213,0.02967227635075288,0.42604074402125774
0.5096629213483146,0.03460674157303371,0.032359550561797755,0.42337078651685395
0.5026642984014209,0.037300177619893425,0.03152753108348135,0.42850799289520425
0.5004416961130742,0.037102473498233215,0.03136042402826855,0.43109540636042404
0.4946236559139785,0.03718637992831541,0.03136200716845878,0.4368279569892473
0.4915405164737311,0.0365093499554764,0.03250222617987533,0.43944790739091716
0.5046979865771812,0.035794183445190156,0.032662192393736016,0.4268456375838926
0.500672344240251,0.03585835948005379,0.03227252353204841,0.4311967727476468
0.49269588313413015,0.036741921204072596,0.03098716246126605,0.4395750332005312
0.49889819303658,0.03613926840017629,0.027324812692816218,0.4376377258704275
0.492,0.03688888888888889,0.027555555555555555,0.44355555555555554
0.49276672694394213,0.036618444846292945,0.026220614828209764,0.44439421338155516
0.48986942818550205,0.036470058532192706,0.02656461053579469,0.44709590274651057
0.482545293857711,0.034025629695095004,0.025187803800265134,0.4582412726469289
0.48440285204991085,0.03342245989304813,0.022727272727272728,0.4594474153297683
0.489047831917747,0.03263299061242736,0.023692445239159587,0.4546267322306661
0.4833850243686309,0.034559149313247675,0.02525476295968099,0.4568010633584404
0.48542402826855124,0.0357773851590106,0.02561837455830389,0.4531802120141343
0.47671840354767187,0.03636363636363636,0.025277161862527715,0.4616407982261641
0.471722928540114,0.03682595352915388,0.0263042525208242,0.46514686540990796
0.4650645304850912,0.03649310191366266,0.027592345349354695,0.47085002225189143
0.45720620842572063,0.03592017738359202,0.02926829268292683,0.4776053215077605
0.4535855697316322,0.0343158820941487,0.03167619885613726,0.4804223493180818
0.45329181494661924,0.03202846975088968,0.033807829181494664,0.48087188612099646
0.4574753804834378,0.03043867502238138,0.03760071620411817,0.4744852282900627
0.4606841403820524,0.029764549089293647,0.03553976010661928,0.47401155042203463
0.4618834080717489,0.029596412556053813,0.033183856502242155,0.47533632286995514
0.4593623709025595,0.028738212842388863,0.03143242029636282,0.4804669959586888
0.4613321412606169,0.029503799731783638,0.03218596334376397,0.4769780956638355
0.4659848821698533,0.028012449977767896,0.030680302356602934,0.4753223654957759
0.4656556645851918,0.027653880463871544,0.031222123104371096,0.47546833184656556
0.46150422785936807,0.02848242100578549,0.030262572318647086,0.4797507788161994
0.45434494927216584,0.030436700485222762,0.0282311424790472,0.4869872077635642
0.4578900709219858,0.0274822695035461,0.026595744680851064,0.488031914893617
0.4544638851502916,0.028712427097353072,0.02602063705697622,0.4908030506953791
0.45680687471732245,0.02668475802804161,0.024423337856173677,0.4920850293984622
0.4615730337078652,0.027415730337078652,0.02651685393258427,0.4844943820224719
0.46040925266903915,0.027580071174377226,0.025800711743772242,0.4862099644128114
0.4654561558901683,0.02967227635075288,0.023914968999114262,0.48095659875996455
0.4615044247787611,0.030973451327433628,0.026106194690265486,0.4814159292035398
0.45883400089007564,0.030262572318647086,0.0267022696929239,0.4842011570983534
0.4640176600441501,0.030463576158940398,0.0282560706401766,0.47726269315673286
0.4582222222222222,0.03288888888888889,0.028,0.48088888888888887
0.4561637739207833,0.03426791277258567,0.02892745883400089,0.48064085447263016
0.45154086645824026,0.03305046895935686,0.030370701205895488,0.48503796337650734
0.44603033006244425,0.03612845673505798,0.028099910793933987,0.4897413024085638
0.4436997319034853,0.03753351206434316,0.02993744414655943,0.48882931188561213
0.44554455445544555,0.037803780378037805,0.0306030603060306,0.48604860486048607
0.4466755912539045,0.03391343150379295,0.03302097278000892,0.48639000446229363
0.4450816056462285,0.03352448169386855,0.032642258491398325,0.48875165416850463
0.44499326448136506,0.03322855859901212,0.0327795240233498,0.48899865289627303
0.4391651865008881,0.03108348134991119,0.03463587921847247,0.49511545293072823
0.4428697962798937,0.03365810451727192,0.03454384410983171,0.48892825509300264
0.44320712694877507,0.032071269487750555,0.03296213808463252,0.49175946547884186
0.43219954648526077,0.031292517006802724,0.030385487528344673,0.5061224489795918
0.43418727915194344,0.03180212014134275,0.030918727915194347,0.5030918727915195
0.43373493975903615,0.03257474341811691,0.030789825970548863,0.502900490852298
0.43090507726269317,0.03090507726269316,0.03090507726269316,0.5072847682119205
0.4309809143364403,0.027075011096316024,0.030181979582778518,0.5117620949844651
0.43975100044464205,0.024455313472654512,0.03201422854602046,0.503779457536683
0.4467991169977925,0.02384105960264901,0.031788079470198675,0.4975717439293598
0.44310035842293904,0.023297491039426525,0.03181003584229391,0.5017921146953405
0.4392523364485981,0.0258121940364931,0.027592345349354695,0.507343124165554
0.4448888888888889,0.024888888888888887,0.026222222222222223,0.504
0.4383561643835616,0.025187803800265134,0.026071586389748123,0.5103844454264251
0.437083148065807,0.026233881725211204,0.02712316585148955,0.5095598043574923
0.4293357111012037,0.023629068212215783,0.02808738296923763,0.5189478377173429
0.42685638061360603,0.023121387283236993,0.02712316585148955,0.5228990662516674
0.42920353982300885,0.023893805309734513,0.026106194690265486,0.5207964601769911
0.42486583184257604,0.023255813953488372,0.024150268336314847,0.5277280858676208
0.4228395061728395,0.022486772486772486,0.024691358024691357,0.5299823633156967
0.4224099599822143,0.0213428190306803,0.024455313472654512,0.5317919075144508
0.4180364282541093,0.02221235006663705,0.02621057307863172,0.5335406486006219
0.41959910913140314,0.022271714922048998,0.025389755011135856,0.532739420935412
0.42850799289520425,0.021758436944937832,0.023978685612788632,0.5257548845470693
0.4247001332741004,0.02310084406930253,0.023989338071968014,0.528209684584629
0.4220549158547387,0.024357838795394153,0.025686448184233834,0.5279007971656333
0.4155614500442087,0.026083112290008842,0.02564102564102564,0.5327144120247569
0.4209127159946832,0.02658396101019052,0.026140894993354008,0.5263624280017722
0.4154329295648273,0.02826379542395693,0.02602063705697622,0.5302826379542396
0.41495076096687555,0.02864816472694718,0.02685765443151298,0.5295434198746642
0.41932624113475175,0.02969858156028369,0.027039007092198582,0.523936170212766
0.4164079822616408,0.028381374722838137,0.02926829268292683,0.5259423503325943
0.41767068273092367,0.027666220437304774,0.03034359660865685,0.5243195002231147
0.40874609549308344,0.02989736724676484,0.02900490852298081,0.5323516287371709
0.40982142857142856,0.02857142857142857,0.029910714285714287,0.5316964285714286
0.40588760035682425,0.028991971454058876,0.030330062444246207,0.5347903657448706
0.4018650088809947,0.03108348134991119,0.03063943161634103,0.5364120781527532
0.4079646017699115,0.030530973451327433,0.03008849557522124,0.5314159292035399
0.42084257206208425,0.0270509977827051,0.031042128603104215,0.5210643015521065
0.4223907225691347,0.029884032114183764,0.031222123104371096,0.5165031222123104
0.41655480984340043,0.031767337807606266,0.032214765100671144,0.5194630872483221
0.42023172905525846,0.030303030303030304,0.03253119429590018,0.5169340463458111
0.4143744454303461,0.030612244897959183,0.031055900621118012,0.5239574090505768
0.4212147887323944,0.030369718309859156,0.02948943661971831,0.5189260563380281
0.4170742552245442,0.030680302356602934,0.03023566029346376,0.5220097821253891
0.42309407044137315,0.028979045920642,0.02808738296923763,0.5198395006687472
0.41841752346893163,0.028162717925793473,0.027715690657130084,0.5257040679481448
0.41839893852277754,0.02786377708978328,0.02830605926581159,0.5254312251216275
0.41941228851291185,0.02894033837934105,0.025378450578806767,0.5262689225289403
0.40991589198760514,0.027888446215139442,0.025675077467906152,0.5365205843293492
0.41007512152010606,0.02828104286345559,0.023862129916040652,0.5377817057003977
0.4145261293179805,0.029229406554472984,0.023472099202834367,0.5327723649247121
0.40806380150642446,0.02702702702702703,0.02303943287549845,0.54186973859105
0.401330376940133,0.026607538802660754,0.02394678492239468,0.5481152993348115
0.39568345323741005,0.028327338129496404,0.024280575539568347,0.5517086330935251
0.39403383793410507,0.02983081032947462,0.024933214603739984,0.5512021371326803
0.39193976970770594,0.031443755535872454,0.025686448184233834,0.5509300265721878
0.3924107142857143,0.032589285714285716,0.025,0.55
0.39525514771709935,0.03088630259623993,0.025962399283795883,0.5478961504028648
0.38856889676561807,0.03145768719539211,0.027470093043863535,0.5525033229951263
0.3887147335423197,0.02821316614420063,0.026869682042095836,0.5562024182713838
0.3951219512195122,0.024390243902439025,0.028824833702882482,0.5516629711751663
0.39053516143299427,0.022998673153471916,0.030959752321981424,0.5555064130915525
0.38262806236080177,0.023162583518930958,0.028953229398663696,0.5652561247216036
0.38373626373626374,0.024175824175824177,0.03076923076923077,0.5613186813186813
0.3795233892321271,0.026037069726390114,0.028684907325684024,0.5657546337157988
0.3821029082774049,0.02774049217002237,0.02774049217002237,0.5624161073825503
0.3814387211367673,0.03063943161634103,0.02664298401420959,0.5612788632326821
0.3790791238265534,0.028162717925793473,0.02548055431381314,0.56727760393384
0.3780871127076785,0.030534351145038167,0.02469690166142793,0.5666816344858554
0.37783711615487314,0.030262572318647086,0.0262572318647085,0.5656430796617713
0.3720620842572062,0.02926829268292683,0.02616407982261641,0.5725055432372506
0.36432049579459935,0.029216467463479414,0.025675077467906152,0.580787959274015
0.3695652173913043,0.03149955634427684,0.025288376220053237,0.5736468500443656
0.3710747456877488,0.03007518796992481,0.026094648385670056,0.5727554179566563
0.3644777434993389,0.02996914940502424,0.026884089907448214,0.5786690171881886
0.3635959056519804,0.030262572318647086,0.0262572318647085,0.579884290164664
0.3633141338059371,0.02968542312804608,0.02525476295968099,0.5817456801063359
0.36757481018311744,0.029477445288075034,0.029030817329164807,0.5739169271996427
0.36698070883804396,0.03095558546433378,0.026917900403768506,0.5751458052938537
0.3667405764966741,0.03015521064301552,0.026607538802660754,0.5764966740576497
0.3626760563380282,0.03169014084507042,0.02772887323943662,0.5779049295774648
0.36238328145842597,0.03334815473543797,0.028012449977767896,0.5762561138283682
0.36080178173719374,0.0334075723830735,0.027171492204899776,0.578619153674833
0.3594858156028369,0.031471631205673756,0.027925531914893616,0.5811170212765957
0.3537078651685393,0.03056179775280899,0.028314606741573035,0.5874157303370786
0.35515258735072974,0.02830605926581159,0.028748341441839895,0.5877930119416187
0.3552278820375335,0.0290437890974084,0.028596961572832886,0.5871313672922251
0.356,0.03111111111111111,0.02666666666666667,0.5862222222222222
0.3585903083700441,0.03171806167400881,0.025991189427312777,0.5837004405286343
0.35062056737588654,0.03102836879432624,0.027039007092198582,0.5913120567375887
0.352156514006225,0.0329035126722988,0.027567807914628723,0.5873721654068474
0.36088888888888887,0.030222222222222223,0.024,0.5848888888888889
0.3541480820695807,0.029884032114183764,0.02631578947368421,0.5896520963425513
0.3514829570606463,0.03010181496237273,0.02611775121735281,0.5922974767596282
0.3513274336283186,0.028761061946902654,0.026991150442477876,0.5929203539823009
0.34690265486725663,0.028761061946902654,0.027876106194690265,0.5964601769911504
0.34286991506481895,0.029950827000447027,0.029950827000447027,0.597228430934287
0.3364569388665774,0.02989736724676484,0.0285586791610888,0.6050870147255689
0.3294590970049173,0.027715690657130084,0.029056772463120252,0.6137684398748323
0.33125833703868385,0.027567807914628723,0.03023566029346376,0.6109381947532236
0.32610619469026547,0.02920353982300885,0.02831858407079646,0.6163716814159292
0.3289065958388668,0.02877379371403276,0.0283311199645861,0.6139884904825144
0.3260965883916704,0.027913159060700046,0.02658396101019052,0.6194062915374391
0.3216814159292035,0.02920353982300885,0.024778761061946902,0.6243362831858407
0.3210202286719437,0.029023746701846966,0.027704485488126648,0.6222515391380826
0.3256637168141593,0.030530973451327433,0.02831858407079646,0.6154867256637168
0.32259488084730803,0.0353045013239188,0.03177405119152692,0.6103265666372463
0.3212869105332746,0.03261348611723226,0.03305420890260027,0.6130453944468929
0.3254779902178746,0.031124944419742107,0.03023566029346376,0.6131614050689195
0.32098765432098764,0.03130511463844797,0.03042328042328042,0.6172839506172839
0.3163941670349094,0.032699955810870526,0.03137428192664605,0.6195315952275741
0.31755860238832373,0.03184431667403804,0.0291906236178682,0.6214064573197701
0.32196634189548273,0.030558015943312665,0.0283436669619132,0.6191319751992914
0.3140569395017794,0.028469750889679714,0.02891459074733096,0.62855871886121
0.3172779496243924,0.027839151568714096,0.029164825452938577,0.6257180733539549
0.322609472743521,0.02770330652368186,0.030831099195710455,0.6188561215370867
0.31462660185594343,0.025187803800265134,0.028722934158197082,0.6314626601855944
0.3103448275862069,0.026869682042095836,0.028660994178235557,0.6341244961934617
0.30473637176050045,0.02680965147453083,0.02770330652368186,0.6407506702412868
0.30473637176050045,0.0290437890974084,0.026362823949955316,0.6398570151921358
0.30492676431424764,0.02929427430093209,0.02663115845539281,0.6391478029294274
0.3159315931593159,0.030153015301530153,0.025652565256525654,0.6282628262826283
0.30102724430549355,0.029477445288075034,0.025457793657882984,0.6440375167485485
0.2986203827325323,0.03115264797507788,0.0267022696929239,0.6435246995994659
0.29626334519572955,0.032473309608540925,0.027580071174377226,0.6436832740213523
0.2938577110030932,0.028722934158197082,0.02695536897923111,0.6504639858594786
0.2927807486631016,0.0285204991087344,0.024509803921568627,0.6541889483065954
0.29695885509839,0.028622540250447227,0.026386404293381037,0.6480322003577818
0.29289810322011467,0.027790030877812087,0.02690780767534186,0.6524040582267313
0.2905793896505971,0.03228659885006634,0.02786377708978328,0.6492702344095533
0.286925479696564,0.03435966086568496,0.027666220437304774,0.6510486390004462
0.2876284055381867,0.03439035283608754,0.02813756141134435,0.6498436802143814
0.2839285714285714,0.033482142857142856,0.028125,0.6544642857142857
0.288021534320323,0.03454463885150292,0.02602063705697622,0.6514131897711979
0.2903368794326241,0.03679078014184397,0.026595744680851064,0.6462765957446809
0.28230088495575223,0.03716814159292035,0.02654867256637168,0.6539823008849558
0.28304405874499333,0.03382287494437027,0.024477080551846907,0.6586559857587895
0.2808888888888889,0.03333333333333333,0.024888888888888887,0.6608888888888889
0.2828418230563003,0.034405719392314564,0.021447721179624665,0.6613047363717605
0.27755466309683174,0.03346720214190094,0.0214190093708166,0.6675591253904507
0.27626285203397405,0.03173893607510058,0.021457308895842648,0.6705409029950827
0.27540106951871657,0.03163992869875223,0.01871657754010695,0.6742424242424242
0.2699468085106383,0.03235815602836879,0.020390070921985817,0.6773049645390071
0.2744747429593205,0.03531515422440769,0.02101028162717926,0.6691998211890925
0.2707231040564374,0.03262786596119929,0.021164021164021163,0.6754850088183422
0.26425099425541315,0.034909412284577994,0.02209456473707468,0.6787450287229342
0.2678890876565295,0.03488372093023256,0.01967799642218247,0.6775491949910555
0.26485037963376507,0.0321572130415364,0.01965163019205002,0.6833407771326485
0.2692307692307692,0.027728085867620753,0.020572450805008944,0.682468694096601
0.27268663388466696,0.02637460885113992,0.019222172552525705,0.6817165847116674
0.27004030452306316,0.027317510076130765,0.019256605463502014,0.6833855799373041
0.2762455516014235,0.028469750889679714,0.019572953736654804,0.675711743772242
0.2730528200537153,0.024171888988361683,0.019247985675917637,0.6835273052820053
0.2719572001783326,0.024074899687917966,0.01961658493089612,0.6843513152028533
0.2752414398595259,0.0228270412642669,0.020632133450395083,0.6812993854258121
0.2790594498669033,0.023957409050576754,0.022182786157941437,0.6748003549245786
0.2759538598047915,0.023070097604259095,0.022182786157941437,0.678793256433008
0.27320954907161804,0.022546419098143235,0.023430592396109638,0.6808134394341291
0.2729286663712893,0.023925564909171467,0.02525476295968099,0.6778910057598582
0.275740167918692,0.022978347326557666,0.024745912505523642,0.6765355722492267
0.2782492184010719,0.025457793657882984,0.022778025904421618,0.6735149620366235
0.2667560321715818,0.027256478999106343,0.022788203753351208,0.6831992850759607
0.27532351628737173,0.0285586791610888,0.022311468094600623,0.6738063364569389
0.2750551876379691,0.0282560706401766,0.02163355408388521,0.6750551876379691
0.27333038478549315,0.02830605926581159,0.022556390977443608,0.6758071649712517
0.2702823845809054,0.029134917077543704,0.02285970416853429,0.6777229941730166
0.27029438001784123,0.028545941123996433,0.021855486173059768,0.6793041926851026
0.276092774308653,0.027207850133809098,0.024531668153434435,0.6721677074041035
0.27708703374777977,0.02664298401420959,0.022202486678507993,0.6740674955595026
0.26728723404255317,0.026152482269503546,0.023936170212765957,0.6826241134751773
0.26181980374665476,0.028545941123996433,0.02230151650312221,0.6873327386262266
0.2715994683207798,0.02525476295968099,0.023482498892334957,0.6796632698272043
0.268609865470852,0.025560538116591928,0.02376681614349776,0.6820627802690583
0.2725255215268531,0.0230803373280071,0.0230803373280071,0.6813138038171327
0.2687224669603524,0.02026431718061674,0.024669603524229075,0.6863436123348018
0.2652790079716563,0.02037201062887511,0.02612931798051373,0.6882196634189548
0.26605101143359716,0.019349164467897976,0.025945470536499562,0.6886543535620053
0.26687388987566607,0.019094138543516874,0.025310834813499113,0.6887211367673179
0.26909569798068483,0.018437225636523266,0.02502194907813872,0.6874451273046532
0.26734875444839856,0.018683274021352312,0.023131672597864767,0.6908362989323843
0.261968085106383,0.020390070921985817,0.02171985815602837,0.6959219858156028
0.2612137203166227,0.021108179419525065,0.02198768689533861,0.6956904133685137
0.2636001769128704,0.020344980097302078,0.023883237505528527,0.692171605484299
0.2602739726027397,0.0207688908528502,0.022978347326557666,0.6959787892178524
0.25078510542844323,0.024226110363391656,0.02512337371018394,0.6998654104979811
0.2540106951871658,0.024955436720142603,0.02807486631016043,0.6929590017825312
0.2515418502202643,0.02378854625550661,0.029515418502202642,0.6951541850220264
0.2530013339261894,0.028012449977767896,0.028901734104046242,0.6900844819919965
0.2502218278615794,0.030168589174800354,0.027062999112688554,0.6925465838509317
0.25266429840142096,0.03285968028419183,0.027531083481349913,0.6869449378330373
0.25278148642634624,0.032932799287939477,0.02848242100578549,0.6858032932799288
0.25022261798753337,0.031166518254674976,0.02983081032947462,0.688780053428317
0.25892857142857145,0.03169642857142857,0.029910714285714287,0.6794642857142857
0.25443262411347517,0.03280141843971631,0.0274822695035461,0.6852836879432624
0.24788982674366947,0.03331852509995557,0.028876055086628164,0.6899155930697468
0.24758135444151275,0.031222515391380826,0.030782761653474055,0.6904133685136323
0.24822695035460993,0.03102836879432624,0.031914893617021274,0.6888297872340425
0.24524966858152894,0.03225806451612903,0.033583738400353516,0.6889085285019885
0.244097995545657,0.03296213808463252,0.030734966592427616,0.6922048997772828
0.24136403897254208,0.033215234720992026,0.03277236492471213,0.6926483613817538
0.24107142857142858,0.03169642857142857,0.032589285714285716,0.6946428571428571
0.24078187472234563,0.03198578409595735,0.03331852509995557,0.6939138160817414
0.2426702751465945,0.032927379341452415,0.03247631935047361,0.6919260261614795
0.2409211691762622,0.02878653675819309,0.02967227635075288,0.7006200177147919
0.23811639271434917,0.028431808085295423,0.03154153709462461,0.7019102621057308
0.24478009773434029,0.028876055086628164,0.030208796090626388,0.6961350510884051
0.24319500223114682,0.02900490852298081,0.03034359660865685,0.6974564926372155
0.24491600353669318,0.02961980548187445,0.028293545534924844,0.6971706454465075
0.2498890368397692,0.03062583222370173,0.0230803373280071,0.6964047936085219
0.24733096085409254,0.02802491103202847,0.024466192170818506,0.7001779359430605
0.24844995571302037,0.027900797165633304,0.025243578387953942,0.6984056687333924
0.24607329842931938,0.027923211169284468,0.02443280977312391,0.7015706806282722
0.24899955535793686,0.028901734104046242,0.026678523788350377,0.6954201867496665
0.24503311258278146,0.0282560706401766,0.026048565121412803,0.7006622516556291
0.2546833184656557,0.028991971454058876,0.026761819803746655,0.6895628902765388
0.2526595744680851,0.0274822695035461,0.027039007092198582,0.6928191489361702
0.2556291390728477,0.02781456953642384,0.026048565121412803,0.6905077262693157
0.2566021126760563,0.02992957746478873,0.025528169014084508,0.6879401408450704
0.2541019955654102,0.031929046563192905,0.027937915742793792,0.6860310421286031
0.2517921146953405,0.03136200716845878,0.027329749103942653,0.6895161290322581
0.2561247216035635,0.028507795100222718,0.028062360801781736,0.6873051224944321
0.25781603987313095,0.028998640688717717,0.02718622564567286,0.6859990937924785
0.25022222222222223,0.02666666666666667,0.026222222222222223,0.6968888888888889
0.26065719360568385,0.02708703374777975,0.02486678507992895,0.6873889875666075
0.26195699868363315,0.028960070206230804,0.02720491443615621,0.6818780166739798
0.26441881100266196,0.02839396628216504,0.027950310559006212,0.6792369121561668
0.26541554959785524,0.028596961572832886,0.026362823949955316,0.6796246648793566
0.2688888888888889,0.026222222222222223,0.025777777777777778,0.6791111111111111
0.2728857890148213,0.024847428073234524,0.024847428073234524,0.6774193548387096
0.27155555555555555,0.025777777777777778,0.026222222222222223,0.6764444444444444
0.27224435590969454,0.02434705621956618,0.027445772465692783,0.6759628154050464
0.26855123674911663,0.02429328621908127,0.02429328621908127,0.6828621908127208
0.2723595505617977,0.02606741573033708,0.02247191011235955,0.6791011235955056
0.2711189739053516,0.026094648385670056,0.021229544449358692,0.6815568332596197
0.2745702952842662,0.025561921551344204,0.021154693697664168,0.6787130894667255
0.26512455516014233,0.02491103202846975,0.023576512455516015,0.6863879003558719
0.26477121279431365,0.02621057307863172,0.02221235006663705,0.6868058640604175
0.2663115845539281,0.027518863737239236,0.02174877940523746,0.6844207723035952
0.26640070921985815,0.024379432624113476,0.025709219858156027,0.6835106382978723
0.2664604507291206,0.024745912505523642,0.024304021210782147,0.6844896155545735
0.26308784383318545,0.024401064773735583,0.023513753327417924,0.6889973380656611
0.2751346499102334,0.02423698384201077,0.024685816876122084,0.6759425493716338
0.269757174392936,0.024282560706401765,0.026048565121412803,0.6799116997792495
0.2697986577181208,0.024608501118568233,0.027293064876957495,0.6782997762863535
0.2710074791025077,0.026396832380114386,0.029036515618125824,0.673559172899252
0.26728723404255317,0.026152482269503546,0.0274822695035461,0.6790780141843972
0.2683035714285714,0.027232142857142858,0.02544642857142857,0.6790178571428571
0.2677861246133451,0.026071586389748123,0.02828104286345559,0.6778612461334512
0.26380910296067167,0.027839151568714096,0.027839151568714096,0.6805125939019001
0.2665482007996446,0.02621057307863172,0.02798756108396268,0.679253665037761
0.27042628774422733,0.025310834813499113,0.027531083481349913,0.6767317939609236
0.2711864406779661,0.024977698483496878,0.028099910793933987,0.6757359500446031
