C,D,Oc,Od
0.0,0.0,1.0,0.0
0.0,0.0,0.75,0.25
0.0,0.0,0.8333333333333334,0.16666666666666666
0.0,0.0,0.5,0.5
0.0,0.0,0.2727272727272727,0.7272727272727273
0.0,0.0,0.2,0.8
0.0,0.0,0.16129032258064516,0.8387096774193549
0.0,0.0,0.19047619047619047,0.8095238095238095
0.01639344262295082,0.0,0.16393442622950818,0.819672131147541
0.060240963855421686,0.012048192771084338,0.1566265060240964,0.7710843373493976
0.08571428571428572,0.02857142857142857,0.19047619047619047,0.6952380952380952
0.09774436090225563,0.03759398496240601,0.18045112781954886,0.6842105263157895
0.10650887573964497,0.03550295857988166,0.16568047337278108,0.6923076923076923
0.10900473933649289,0.03317535545023697,0.16113744075829384,0.6966824644549763
0.10505836575875487,0.0311284046692607,0.1556420233463035,0.708171206225681
0.11400651465798045,0.03908794788273615,0.1465798045602606,0.7003257328990228
0.1,0.04594594594594595,0.15135135135135136,0.7027027027027027
0.11212814645308924,0.059496567505720827,0.15102974828375287,0.6773455377574371
0.12103174603174603,0.06746031746031746,0.17063492063492064,0.6408730158730159
0.13628899835796388,0.0722495894909688,0.16420361247947454,0.6272577996715928
0.15474452554744525,0.07883211678832117,0.16934306569343066,0.5970802919708029
0.15938303341902313,0.08354755784061697,0.16709511568123395,0.589974293059126
0.17031070195627157,0.08975834292289989,0.16455696202531644,0.5753739930955121
0.1817258883248731,0.08934010152284264,0.17258883248730963,0.5563451776649746
0.19639468690702086,0.08918406072106262,0.174573055028463,0.5398481973434535
0.2040280210157618,0.09281961471103327,0.17162872154115585,0.531523642732049
0.2014218009478673,0.09557661927330174,0.1769352290679305,0.5260663507109005
0.2020573108008817,0.09992652461425422,0.1778104335047759,0.5202057310800882
0.21715452688904016,0.10279101429543908,0.18311776718856365,0.49693669162695714
0.21946564885496184,0.11068702290076336,0.18384223918575063,0.4860050890585242
0.2224231464737794,0.11271850512356842,0.19107896323086196,0.47377938517179025
0.22427745664739884,0.11271676300578035,0.18901734104046242,0.47398843930635837
0.22552731206057328,0.1141157382368848,0.18658734451054623,0.4737696051919957
0.22478991596638656,0.11659663865546219,0.19275210084033614,0.46586134453781514
0.23041940373926226,0.11824153612935827,0.19403739262253664,0.4573016675088428
0.2290448343079922,0.12475633528265107,0.18908382066276802,0.4571150097465887
0.23124115148655025,0.12505899008966492,0.18640868334119867,0.4572911750825861
0.23059042305904232,0.12133891213389121,0.19386331938633194,0.45420734542073454
0.2341485507246377,0.12817028985507245,0.1933876811594203,0.44429347826086957
0.24091520861372812,0.12202781516375057,0.1848362494392104,0.4522207267833109
0.23692445239159587,0.12337952615109522,0.1904336164506035,0.4492624050067054
0.23472099202834368,0.12798937112488928,0.19087688219663418,0.44641275465013286
0.2328767123287671,0.12859036676977464,0.1873619089703933,0.45117101193106496
0.2382639503985828,0.12843224092116917,0.18954827280779452,0.4437555358724535
0.23573309920983318,0.1264266900790167,0.18964003511852504,0.4482001755926251
0.2401592215833702,0.12958867757629366,0.19062361786819992,0.43962848297213625
0.2361541869738591,0.13114754098360656,0.18520159503766062,0.4474966770048737
0.24307417336907952,0.13404825737265416,0.18230563002680966,0.44057193923145666
0.2436235708003518,0.13676341248900617,0.1851363236587511,0.43447669305189096
0.2436750998668442,0.13715046604527298,0.18508655126498003,0.4340878828229028
0.24598214285714284,0.13616071428571427,0.18794642857142857,0.4299107142857143
0.2479010163499779,0.13389306230667256,0.1798497569597879,0.4383561643835616
0.24512411347517732,0.1325354609929078,0.18085106382978725,0.44148936170212766
0.24593763724198506,0.1339481774264383,0.18401405357927098,0.43610013175230566
0.2504424778761062,0.13097345132743363,0.17787610619469027,0.4407079646017699
0.247682119205298,0.13421633554083887,0.17439293598233996,0.44370860927152317
0.24514134275618374,0.13913427561837455,0.17579505300353357,0.43992932862190814
0.25,0.13394415357766143,0.17713787085514834,0.4389179755671902
0.2443458980044346,0.1343680709534368,0.1787139689578714,0.4425720620842572
0.24933333333333332,0.14266666666666666,0.17466666666666666,0.43333333333333335
0.24312333629103816,0.14108251996450755,0.17480035492457852,0.4409937888198758
0.24501550731058927,0.14045192733717324,0.17323881258307489,0.4412937527691626
0.2439772229522558,0.1410424879544459,0.1765221200175208,0.4384581690757775
0.24029982363315697,0.13624338624338625,0.1763668430335097,0.4470899470899471
0.24295774647887325,0.13776408450704225,0.17341549295774647,0.445862676056338
0.2434589800443459,0.1343680709534368,0.17339246119733925,0.44878048780487806
0.2413178984861977,0.13357079252003562,0.1745325022261799,0.4505788067675868
0.24114746750336172,0.13222770058269834,0.17391304347826086,0.45271178843567905
0.23843416370106763,0.13300711743772242,0.17259786476868327,0.4559608540925267
0.2410873440285205,0.13101604278074866,0.17379679144385027,0.45409982174688057
0.24433585073300756,0.12972012438916036,0.17636605952909817,0.4495779653487339
0.24632516703786192,0.12828507795100222,0.17238307349665924,0.4530066815144766
0.24546660769570985,0.12693498452012383,0.17249004865103937,0.4551083591331269
0.2476983779044279,0.12845243314335816,0.16790881192459448,0.45594037702761947
0.2515638963360143,0.1255585344057194,0.16845397676496873,0.4544235924932976
0.2518847006651885,0.12549889135254988,0.17073170731707318,0.4518847006651885
0.25121412803532006,0.12494481236203091,0.1717439293598234,0.4520971302428256
0.25447227191413235,0.12656529516994633,0.16592128801431127,0.45304114490161
0.25320371188687585,0.12196199734865223,0.17101193106495802,0.4538223596995139
0.25620567375886527,0.12189716312056738,0.16843971631205673,0.45345744680851063
0.2598844957796535,0.11195024433585073,0.17192358951577077,0.45624167036872504
0.2534957149300857,0.11050969778980604,0.17095173658096527,0.465042850699143
0.25549692172383465,0.113896218117854,0.17370272647317503,0.4569041336851363
0.2565352237483385,0.10855117412494461,0.17368187859991138,0.46123172352680547
0.2567989300044583,0.11012037449843959,0.17967008470798038,0.4534106107891217
0.2636484687083888,0.1083000443852641,0.18286728806036395,0.44518419884598315
0.2585125448028674,0.10797491039426524,0.1814516129032258,0.4520609318996416
0.26547884187082404,0.10824053452115813,0.18173719376391984,0.444543429844098
0.27280858676207514,0.10465116279069768,0.18604651162790697,0.4364937388193202
0.2702099151406878,0.11031710585082626,0.17954443948191157,0.43992853952657435
0.2722838137472284,0.11086474501108648,0.18403547671840353,0.4328159645232816
0.2723253757736516,0.11140583554376658,0.1856763925729443,0.4305923961096375
0.2680320569902048,0.10952804986642921,0.19056099732858414,0.43187889581478184
0.27292965271593944,0.10774710596616206,0.19145146927871773,0.42787177203918075
0.27821869488536155,0.1111111111111111,0.18209876543209877,0.42857142857142855
0.281305114638448,0.10934744268077601,0.17989417989417988,0.4294532627865961
0.2819599109131403,0.11447661469933185,0.17193763919821825,0.4316258351893096
0.28418708240534524,0.11581291759465479,0.17238307349665924,0.42761692650334077
0.28679413072476656,0.11649622054246332,0.16896398399288573,0.4277456647398844
0.29052258635961026,0.11603188662533215,0.16651904340124005,0.4269264836138175
0.28950863213811423,0.11598052235502435,0.16777335104028332,0.4267374944665781
0.28615794143744455,0.1188997338065661,0.1650399290150843,0.42990239574090505
0.2918681318681319,0.12087912087912088,0.16,0.42725274725274726
0.2968056787932564,0.11756876663708962,0.160603371783496,0.42502218278615794
0.29506008010680906,0.11303960836671118,0.16510903426791276,0.42679127725856697
0.29870708872046364,0.11324119482835489,0.16049933125278645,0.427552385198395
0.29906542056074764,0.11570983533600356,0.16377392078326658,0.4214508233199822
0.30674305861613044,0.11767298369325695,0.1599823710885853,0.41560158660202734
0.30643015521064304,0.11929046563192905,0.15875831485587583,0.4155210643015521
0.31191847585290206,0.1227292866637129,0.15418697385910501,0.41116526362428
0.3041575492341357,0.11991247264770241,0.1562363238512035,0.4196936542669584
0.3076923076923077,0.12024756852343059,0.15384615384615385,0.4182139699381079
0.30940919037199127,0.11903719912472648,0.15317286652078774,0.41838074398249453
0.31370826010544817,0.1195079086115993,0.15641476274165203,0.4103690685413005
0.311922569291685,0.12098548174219094,0.1517817861856577,0.41531016278046634
0.3099467140319716,0.11989342806394317,0.15630550621669628,0.413854351687389
0.3107869142351901,0.12245800176834659,0.15428824049513704,0.4124668435013263
0.31393298059964725,0.12345679012345678,0.14991181657848324,0.4126984126984127
0.31205357142857143,0.12276785714285714,0.15044642857142856,0.4147321428571429
0.302841918294849,0.12300177619893428,0.1438721136767318,0.4302841918294849
0.31216931216931215,0.12610229276895943,0.13932980599647266,0.42239858906525574
0.3123893805309734,0.1256637168141593,0.1331858407079646,0.42876106194690267
0.31154014918824047,0.1254936375603335,0.13251426064063185,0.4304519526107942
0.3137516688918558,0.12505562972852693,0.1277258566978193,0.43346684468179797
0.3138392857142857,0.125,0.12589285714285714,0.43526785714285715
0.3093239063190455,0.12593901900132567,0.12505523641184269,0.4396818382677861
0.3093652907234798,0.11673324456280515,0.12516644474034622,0.44873501997336884
0.31555555555555553,0.11688888888888889,0.12133333333333333,0.44622222222222224
0.3172992056487202,0.12003530450132392,0.12312444836716681,0.43954104148278905
0.3236331569664903,0.11552028218694885,0.12522045855379188,0.43562610229276894
0.31902654867256636,0.11769911504424779,0.12743362831858407,0.4358407079646018
0.3250222617987533,0.11620658949243098,0.12154942119323241,0.43722172751558325
0.32773851590106007,0.12014134275618374,0.12058303886925795,0.43153710247349825
0.32461873638344224,0.11677559912854031,0.12156862745098039,0.43703703703703706
0.3273286467486819,0.11511423550087874,0.11862917398945519,0.4389279437609842
0.32952045754509457,0.11350637923449186,0.11570611526616806,0.4412670479542455
0.3352322524101665,0.11349693251533742,0.1165644171779141,0.43470639789658194
0.3358507330075522,0.11283873833851621,0.1159484673478454,0.4353620613060862
0.33273942093541203,0.111358574610245,0.11848552338530066,0.4374164810690423
0.3343763969602146,0.10996870809119356,0.11309789897183728,0.4425569959767546
0.3256738842244808,0.11356606274856386,0.11533362792752982,0.44542642509942554
0.3274021352313167,0.11610320284697509,0.11254448398576512,0.44395017793594305
0.3244798583444002,0.11465250110668437,0.11730854360336432,0.4435590969455511
0.32376325088339225,0.11219081272084806,0.12190812720848057,0.44213780918727913
0.32833847509916264,0.10885852798589687,0.12163948876156898,0.4411635081533715
0.325642141924249,0.10709621245102308,0.12233347845015237,0.4449281671745755
0.3324584426946632,0.10454943132108487,0.12073490813648294,0.442257217847769
0.3274879438842613,0.1060938185006576,0.1170539237176677,0.44936431389741344
0.32565352237483386,0.10456357997341603,0.12140008861320337,0.44838280903854677
0.32475598935226263,0.10869565217391304,0.12023070097604259,0.44631765749778174
0.3225520602569783,0.10899424014178112,0.12007089056269384,0.44838280903854677
0.3193950177935943,0.10765124555160142,0.12099644128113879,0.45195729537366547
0.32098765432098764,0.10537918871252204,0.12301587301587301,0.4506172839506173
0.3177242888402626,0.10897155361050329,0.12472647702407003,0.4485776805251641
0.31927175843694494,0.11012433392539965,0.12566607460035523,0.44493783303730017
0.31404593639575973,0.10909893992932862,0.125,0.45185512367491165
0.3116710875331565,0.11361626878868258,0.1246684350132626,0.4500442086648983
0.31008440693025324,0.1159484673478454,0.12438916037316748,0.4495779653487339
0.31447661469933186,0.11358574610244988,0.12561247216035634,0.4463251670378619
0.31117021276595747,0.1174645390070922,0.11923758865248227,0.4521276595744681
0.31706244503078274,0.113896218117854,0.11785400175901495,0.45118733509234826
0.3208791208791209,0.11472527472527473,0.11428571428571428,0.4501098901098901
0.3210202286719437,0.11521547933157432,0.11785400175901495,0.44591029023746703
0.32365875109938436,0.11609498680738786,0.11917326297273527,0.4410729991204925
0.3263858093126386,0.11751662971175167,0.11618625277161862,0.43991130820399116
0.3235551663747811,0.1212784588441331,0.11339754816112084,0.44176882661996497
0.32272325375773653,0.121131741821397,0.11361626878868258,0.4425287356321839
0.3271686481726112,0.1215323645970938,0.11272567151034786,0.4385733157199472
0.33274414494034465,0.1175430844012373,0.11356606274856386,0.43614670790985416
0.3321663019693654,0.11903719912472648,0.112472647702407,0.4363238512035011
0.32420494699646646,0.12234982332155477,0.11395759717314488,0.43948763250883394
0.32338530066815147,0.12249443207126949,0.11224944320712694,0.4418708240534521
0.32371225577264656,0.11767317939609236,0.11456483126110124,0.44404973357015987
0.3243482103402563,0.11621741051701281,0.11179849756959788,0.447635881573133
0.32210065645514224,0.11728665207877462,0.11597374179431072,0.4446389496717724
0.32558139534883723,0.11671785870996051,0.11364633611232997,0.4440544098288723
0.32963620230700974,0.11756876663708962,0.1095829636202307,0.44321206743566993
0.3238560639715682,0.1181697023545091,0.10884051532652154,0.4491337183474012
0.325,0.12321428571428572,0.11294642857142857,0.4388392857142857
0.31945059813912274,0.11829862649534781,0.11608329641116526,0.4461674789543642
0.33024282560706403,0.11567328918322296,0.11611479028697572,0.43796909492273733
0.33480565371024734,0.11616607773851591,0.11704946996466431,0.43197879858657245
0.33540925266903915,0.11209964412811388,0.11699288256227758,0.4354982206405694
0.3343722172751558,0.10952804986642921,0.11798753339269813,0.43811219946571683
0.3339261894175189,0.11116051578479325,0.1200533570475767,0.43485993775011117
0.3320175438596491,0.1162280701754386,0.12149122807017544,0.43026315789473685
0.3303808680248007,0.11558901682905226,0.1204605845881311,0.43356953055801595
0.3270163067430586,0.11767298369325695,0.11811370647862494,0.4371970030850595
0.32588699080157685,0.11914148050810337,0.11695137976346912,0.43802014892685065
0.33026315789473687,0.12017543859649123,0.11710526315789474,0.4324561403508772
0.32861565678903143,0.11941618752764263,0.11941618752764263,0.4325519681556833
0.33200531208499334,0.11553784860557768,0.12306330234617087,0.4293935369632581
0.32890070921985815,0.11790780141843972,0.1196808510638298,0.43351063829787234
0.33100436681222706,0.11921397379912664,0.11703056768558952,0.43275109170305676
0.32322781988408383,0.12304948729380294,0.1212661613909942,0.43245653143111906
0.3285904846598488,0.11871943085815918,0.1249444197421076,0.4277456647398844
0.32848324514991184,0.11728395061728394,0.12962962962962962,0.4246031746031746
0.33585746102449887,0.11536748329621381,0.12605790645879733,0.42271714922049
0.33849557522123896,0.11902654867256637,0.12654867256637167,0.415929203539823
0.3374072457442165,0.11479703186381493,0.12701876909646442,0.42077695329550413
0.3371732388125831,0.11564023039432876,0.12494461674789543,0.42224191404519273
0.3364156759136944,0.11360634081902246,0.1210920299427565,0.4288859533245266
0.3386173491853809,0.11492734478203434,0.11580801409070894,0.43064729194187584
0.33758802816901406,0.11355633802816902,0.12059859154929578,0.4282570422535211
0.33421052631578946,0.11447368421052631,0.12324561403508771,0.4280701754385965
0.33688415446071907,0.11096316023080337,0.11939636040834443,0.43275632490013316
0.33613445378151263,0.11410880141530297,0.12206988058381248,0.42768686421937196
0.33362483602973325,0.11674682990817666,0.1215566243987757,0.42807170966331437
0.3302387267904509,0.1206896551724138,0.12245800176834659,0.4266136162687887
0.33421868083222667,0.11199645861000443,0.11863656485170429,0.4351482957060646
0.332306338028169,0.11487676056338028,0.11707746478873239,0.4357394366197183
0.33069828722002637,0.11198945981554677,0.11857707509881422,0.43873517786561267
0.3331850533807829,0.10987544483985764,0.11476868327402136,0.44217081850533807
0.3287731685789938,0.11165048543689321,0.117828773168579,0.441747572815534
0.3295053003533569,0.11130742049469965,0.12190812720848057,0.4372791519434629
0.32994250331711633,0.11145510835913312,0.12295444493586909,0.4356479433878815
0.3367211665930181,0.11444984533804684,0.12063632346442775,0.4281926646045073
0.33716305788775963,0.11135660627485638,0.12063632346442775,0.4308440123729563
0.3415929203539823,0.11592920353982301,0.1172566371681416,0.4252212389380531
0.3401420959147424,0.1172291296625222,0.11456483126110124,0.4280639431616341
0.3417777777777778,0.11733333333333333,0.11288888888888889,0.428
0.3388937664618086,0.1237928007023705,0.11106233538191396,0.42625109745390694
0.3333333333333333,0.12285336856010567,0.11492734478203434,0.4288859533245266
0.33642384105960266,0.11832229580573951,0.11214128035320088,0.433112582781457
0.3367211665930181,0.11842686699072029,0.11533362792752982,0.4295183384887318
0.34,0.12044444444444445,0.11066666666666666,0.4288888888888889
0.3321492007104796,0.12211367673179396,0.11323268206039076,0.4325044404973357
0.33597534125935713,0.1215323645970938,0.1083223249669749,0.4341699691765742
0.3305160142348754,0.11877224199288257,0.11120996441281139,0.4395017793594306
0.3362714852357867,0.11767298369325695,0.1132657558395769,0.43278977523137946
0.3355408388520971,0.11434878587196468,0.11169977924944813,0.4384105960264901
0.33229813664596275,0.11668145519077196,0.11091393078970718,0.4401064773735581
0.33082039911308203,0.11751662971175167,0.1073170731707317,0.4443458980044346
0.3349536014140521,0.11356606274856386,0.10826336721166593,0.4432169686257181
0.3275709219858156,0.11125886524822695,0.1099290780141844,0.4512411347517731
0.3281045751633987,0.11198257080610022,0.10893246187363835,0.45098039215686275
0.3314360770577933,0.1085814360770578,0.11295971978984239,0.44702276707530647
0.33010136624063463,0.11018069634200088,0.10973997355663288,0.4499779638607316
0.3252747252747253,0.11516483516483517,0.10681318681318681,0.45274725274725275
0.32380114386273645,0.11922569291684998,0.10382754069511659,0.45314562252529694
0.3191677733510403,0.11819389110225764,0.10756972111553785,0.45506861443116425
0.32333480370533746,0.11821790913101014,0.10674900749889722,0.4516982796647552
0.3157199471598415,0.11624834874504623,0.10920299427564949,0.4588287098194628
0.3191677733510403,0.11907923860115095,0.10447100486941124,0.4572819831783975
0.31266490765171506,0.11741424802110818,0.1059806508355321,0.46394019349164467
0.31882145998240985,0.11433597185576078,0.1077396657871592,0.45910290237467016
0.3171923589515771,0.11550422034651266,0.10750777432252333,0.4597956463793869
0.31762114537444935,0.11629955947136564,0.1026431718061674,0.46343612334801765
0.3172992056487202,0.11518093556928509,0.10370697263901148,0.4638128861429832
0.325540361711513,0.11601235112483459,0.10719011910013233,0.45125716806352006
0.3311229000884173,0.11671087533156499,0.10610079575596817,0.44606542882404954
0.3258628417749888,0.11922904527117885,0.10129986553115194,0.4536082474226804
0.33245266402465873,0.11536767943637165,0.10127697049757815,0.45090268604139144
0.33010136624063463,0.11502864698104892,0.10224768620537682,0.4526223005729396
0.33070521243977224,0.11607533946561542,0.1011826544021025,0.4520367936925099
0.3309703145768719,0.11431103234381923,0.0979175897208684,0.4568010633584404
0.3315626383355467,0.11553784860557768,0.09871624612660469,0.4541832669322709
0.34007919049714036,0.1073471183457985,0.10162780466344039,0.4509458864936208
0.34049079754601225,0.10823838737949168,0.1021034180543383,0.44916739702015773
0.341688654353562,0.10378188214599825,0.10422163588390501,0.45030782761653476
0.3445527015057573,0.10451727192205491,0.10496014171833482,0.44596988485385297
0.35059236507240016,0.09872751206669592,0.10794207985958754,0.44273804300131636
0.35234305923961096,0.09946949602122016,0.10963748894783377,0.4385499557913351
0.3539003966505068,0.09651828999559277,0.10929925077126487,0.4402820625826355
0.35578201151971645,0.09525919361984936,0.1076650420912716,0.4412937527691626
0.3572371315442147,0.10030796304443466,0.10514738231412231,0.4373075230972283
0.35714285714285715,0.09421560035056968,0.1091148115687993,0.4395267309377739
0.3531483927785117,0.09731395860854249,0.10744165565830031,0.4420959929546455
0.34299516908212563,0.09969257795344752,0.10452349582784365,0.45278875713658323
0.34759594177326864,0.10013233348037054,0.10057344508160565,0.4516982796647552
0.34526967285587973,0.09549071618037135,0.10123784261715296,0.45800176834659595
0.34424778761061947,0.09336283185840707,0.10132743362831859,0.46106194690265484
0.3379464285714286,0.09241071428571429,0.103125,0.46651785714285715
0.33968113374667847,0.09255978742249779,0.10584588131089459,0.46191319751992915
0.34384717903154155,0.09373611728120836,0.10306530430919592,0.4593513993780542
0.3442256042972247,0.08683974932855863,0.10161145926589078,0.4673231871083259
0.34111943587483473,0.09078889378580873,0.10312913177611283,0.4649625385632437
0.3430721558211598,0.08897742363877822,0.09915891987605135,0.46879150066401065
0.3465433729634522,0.08762659621312198,0.0977542932628798,0.468075737560546
0.3412026726057906,0.0930957683741648,0.09844097995545657,0.46726057906458796
0.34449339207048457,0.09030837004405286,0.09779735682819383,0.46740088105726874
0.3431718061674009,0.09118942731277534,0.0960352422907489,0.46960352422907486
0.34177215189873417,0.0894805761676124,0.09690091663029245,0.471846355303361
0.3365638766519824,0.0881057268722467,0.1,0.4753303964757709
0.33848190644307147,0.08781994704324801,0.10150044130626655,0.47219770520741394
0.3343680709534368,0.09046563192904657,0.09667405764966741,0.47849223946784925
0.3370386838594931,0.0871498443752779,0.09604268563806136,0.4797687861271676
0.340999557717824,0.08668730650154799,0.09420610349402919,0.47810703228659884
0.3342082239720035,0.08398950131233596,0.09536307961504811,0.4864391951006124
0.3355263157894737,0.08640350877192983,0.09385964912280702,0.4842105263157895
0.3328900709219858,0.08377659574468085,0.09884751773049645,0.4844858156028369
0.32786885245901637,0.08462560921577315,0.10057598582188747,0.486929552503323
0.33274100399822304,0.08707241226121723,0.09995557529986672,0.48023100844069305
0.3349429323968393,0.08121158911325724,0.09701492537313433,0.4868305531167691
0.329675153643547,0.08252853380158033,0.09438103599648814,0.4934152765583846
0.3436669619131975,0.08015943312666077,0.09654561558901682,0.4796279893711249
0.34469026548672566,0.084070796460177,0.09690265486725663,0.4743362831858407
0.3433230498016748,0.08109299250771265,0.09651828999559277,0.47906566769501985
0.33667684256432623,0.08286088094199738,0.09768861753161796,0.4827736589620584
0.3361270401411557,0.08248786943096603,0.09880899867666519,0.4825760917512131
0.34140969162995594,0.0841409691629956,0.0960352422907489,0.47841409691629955
0.34066901408450706,0.08582746478873239,0.0977112676056338,0.47579225352112675
0.3389010989010989,0.08483516483516483,0.09846153846153846,0.4778021978021978
0.338562091503268,0.0840958605664488,0.09934640522875816,0.47799564270152506
0.3370141342756184,0.08524734982332155,0.09849823321554771,0.4792402826855124
0.3358274647887324,0.08494718309859155,0.09639084507042253,0.4828345070422535
0.334938704028021,0.08669001751313485,0.0989492119089317,0.47942206654991243
0.3383259911894273,0.0841409691629956,0.09515418502202644,0.48237885462555063
0.33729111697449426,0.0839929639401935,0.09938434476693052,0.4793315743183817
0.3395061728395062,0.08156966490299823,0.09303350970017636,0.4858906525573192
0.3306948109058927,0.08179419525065963,0.09498680738786279,0.4925241864555849
0.3271604938271605,0.08156966490299823,0.09523809523809523,0.49603174603174605
0.3290636042402827,0.08083038869257951,0.09363957597173145,0.49646643109540634
0.33113746157224416,0.08168642951251646,0.09574000878348704,0.4914361001317523
0.33114035087719296,0.07719298245614035,0.09605263157894736,0.4956140350877193
0.34069818824569154,0.08042421564295184,0.09102960671674767,0.48784798939460894
0.3444639718804921,0.0843585237258348,0.08963093145869948,0.48154657293497366
0.34593152512227654,0.082258781680747,0.0920409070698088,0.4797687861271676
0.3385024368630926,0.08551174124944617,0.09171466548515729,0.48427115640230395
0.3401511783014673,0.08314806580702534,0.09115162294353046,0.48554913294797686
0.3318544809228039,0.0834072759538598,0.08873114463176575,0.49600709849157054
0.33392461197339246,0.0802660753880266,0.08957871396895788,0.49623059866962305
0.3267543859649123,0.08157894736842106,0.08859649122807017,0.5030701754385964
0.3302671922908454,0.08147174770039421,0.09154621112571178,0.4967148488830486
0.33230904302019315,0.08252853380158033,0.08735733099209833,0.4978050921861282
0.33186813186813185,0.08527472527472528,0.0865934065934066,0.49626373626373627
0.33628710677891005,0.08373947718210013,0.09038546743464776,0.48958794860434207
0.33643617021276595,0.08377659574468085,0.08776595744680851,0.4920212765957447
0.33303964757709253,0.08458149779735682,0.09030837004405286,0.4920704845814978
0.3331866197183099,0.08670774647887323,0.09110915492957747,0.48899647887323944
0.3336294980008885,0.08218569524655708,0.09151488227454464,0.4926699244780098
0.3298059964726631,0.08509700176366843,0.09259259259259259,0.49250440917107585
0.32350352112676056,0.08846830985915492,0.0897887323943662,0.4982394366197183
0.3206958073148974,0.09054415700267618,0.09099018733273863,0.4977698483496878
0.3286031042128603,0.08647450110864745,0.08824833702882483,0.49667405764966743
0.3315484158857653,0.08478357875948238,0.09236947791164658,0.49129852744310576
0.3337736679876706,0.08542492294143549,0.09291061206516953,0.48789079700572435
0.3234513274336283,0.08805309734513274,0.0915929203539823,0.49690265486725665
0.3259423503325942,0.0860310421286031,0.09268292682926829,0.4953436807095344
0.32667554371948515,0.09098979138925876,0.09054593874833555,0.4917887261429206
0.33070866141732286,0.09361329833770779,0.08880139982502187,0.4868766404199475
0.3336291038154392,0.09183673469387756,0.08695652173913043,0.48757763975155277
0.32765399737876805,0.09305373525557012,0.08693752730449979,0.4923547400611621
0.3320035460992908,0.09042553191489362,0.08554964539007093,0.4920212765957447
0.3358340688437776,0.08870255957634599,0.08473080317740513,0.4907325684024713
0.3371732388125831,0.09260079751883031,0.08329641116526362,0.486929552503323
0.3392148213498015,0.09131010145566829,0.08425231583590649,0.48522276135862374
0.3368606701940035,0.09038800705467372,0.08465608465608465,0.4880952380952381
0.3297966401414677,0.09460654288240496,0.08311229000884174,0.49248452696728556
0.3262008733624454,0.09388646288209607,0.08471615720524017,0.49519650655021835
0.32092198581560283,0.09397163120567376,0.08289007092198582,0.5022163120567376
0.3243719700308506,0.09122961657117673,0.08550022036139268,0.49889819303658
0.32270916334661354,0.0934041611332448,0.0818946436476317,0.50199203187251
0.32182381584772024,0.09251881363435148,0.08587870739265162,0.4997786631252767
0.3162995594713656,0.09251101321585903,0.09251101321585903,0.4986784140969163
0.3208955223880597,0.09218612818261633,0.09043020193151888,0.49648814749780507
0.32381370826010547,0.08875219683655536,0.09182776801405976,0.4956063268892794
0.32342657342657344,0.09396853146853147,0.0930944055944056,0.48951048951048953
0.3191865605658709,0.09283819628647215,0.09106984969053934,0.4969053934571176
0.31904551480335835,0.09279717189571365,0.09235528060097216,0.4958020326999558
0.31690140845070425,0.09242957746478873,0.09154929577464789,0.49911971830985913
0.31463628396143734,0.09333917616126206,0.0950920245398773,0.49693251533742333
0.31124944419742107,0.09293019119608716,0.09604268563806136,0.4997776789684304
0.3173286774334352,0.09515495416848538,0.09733740724574422,0.4901789611523352
0.3149711239449134,0.09506885828520657,0.09995557529986672,0.49000444247001335
0.3150684931506849,0.09191338930623066,0.09898365002209457,0.49403446752098984
0.3157661647475642,0.0912311780336581,0.09787422497785651,0.4951284322409212
0.3224813022437307,0.08578970523537176,0.0950285965684118,0.4967003959524857
0.32211538461538464,0.08522727272727272,0.09833916083916083,0.4943181818181818
0.32001755926251096,0.08428446005267778,0.09174714661984197,0.5039508340649693
0.31998219848687137,0.08544726301735647,0.09167779261237205,0.5028927458834
0.3180616740088106,0.08722466960352424,0.08986784140969163,0.5048458149779735
0.3181219833260202,0.0868802106186924,0.09565598946906538,0.499341816586222
0.30966034406704895,0.0846934274371416,0.09219232465813851,0.513453903837671
0.3204787234042553,0.08554964539007093,0.09086879432624113,0.5031028368794326
0.31352549889135256,0.0860310421286031,0.09534368070953436,0.50509977827051
0.31862312444836716,0.08340688437775816,0.09532215357458076,0.5026478375992939
0.3180414644905161,0.08645787384208205,0.09439788266431408,0.5011027790030878
0.3258278145695364,0.0869757174392936,0.09536423841059603,0.49183222958057393
0.32180851063829785,0.0851063829787234,0.09663120567375887,0.49645390070921985
0.3273127753303965,0.08370044052863436,0.09691629955947137,0.4920704845814978
0.3312555654496883,0.08281389136242208,0.09572573463935886,0.4902048085485307
0.3305383936451898,0.08120035304501325,0.09046778464254192,0.4977934686672551
0.3248575186321789,0.08417360806663744,0.08899605436212188,0.5019728189390618
0.31946902654867254,0.08893805309734513,0.09646017699115045,0.49513274336283186
0.32660228270412645,0.08779631255487269,0.09394205443371378,0.4916593503072871
0.3299781181619256,0.0862144420131291,0.09146608315098469,0.4923413566739606
0.33067021748779407,0.08743897026187306,0.09187749667110519,0.49001331557922767
0.33274021352313166,0.0898576512455516,0.08585409252669039,0.4915480427046263
0.3382157123834887,0.08788282290279627,0.08033732800710164,0.4935641367066134
0.32904656319290465,0.09046563192904657,0.07937915742793791,0.5011086474501109
0.3281802120141343,0.09363957597173145,0.08171378091872791,0.49646643109540634
0.32948490230905864,0.09236234458259325,0.08037300177619894,0.4977797513321492
0.325530035335689,0.0896643109540636,0.08613074204946997,0.4986749116607774
0.3277606687197536,0.08534975802903652,0.08710954685437748,0.4997800263968324
0.33200707338638374,0.08841732979664015,0.08576480990274093,0.4938107869142352
0.3296557811120918,0.088261253309797,0.08384819064430715,0.4982347749338041
0.327032967032967,0.08879120879120879,0.08395604395604396,0.5002197802197802
0.3148636763412489,0.0901495162708883,0.08443271767810026,0.5105540897097626
0.3197158081705151,0.08836589698046181,0.07904085257548846,0.5128774422735346
0.3105263157894737,0.09078947368421053,0.08070175438596491,0.5179824561403509
0.3101153504880213,0.0865128660159716,0.08695652173913043,0.5164152617568767
0.3114247904719894,0.08381120423467137,0.08689898544331716,0.5178650198500221
0.3084730803177405,0.088261253309797,0.09090909090909091,0.5123565754633715
0.310359964881475,0.08691834942932397,0.08779631255487269,0.5149253731343284
0.31070956368444247,0.08065226972234464,0.08638166593212869,0.5222565006610842
0.31355181576616475,0.08060230292294066,0.08635961027457928,0.5194862710363153
0.31217162872154114,0.08056042031523643,0.0893169877408056,0.5179509632224168
0.3094606542882405,0.08267020335985853,0.09151193633952255,0.5163572060123784
0.3084358523725835,0.07996485061511424,0.0883128295254833,0.523286467486819
0.31205985915492956,0.08054577464788733,0.08846830985915492,0.5189260563380281
0.31119037004012484,0.07935800267498885,0.08872046366473473,0.5207311636201516
0.32202643171806167,0.08061674008810572,0.08942731277533039,0.5079295154185022
0.32226648959716686,0.0787959274015051,0.08322266489597167,0.5157149181053563
0.3161147902869757,0.0781456953642384,0.08962472406181016,0.5161147902869757
0.3130242825607064,0.07902869757174392,0.08874172185430464,0.519205298013245
0.31685789938217124,0.08031774051191527,0.08781994704324801,0.5150044130626655
0.3254177660510114,0.08047493403693931,0.08443271767810026,0.509674582233949
0.3327386262265834,0.08117752007136485,0.08340767172167707,0.5026761819803747
0.3280562884784521,0.08047493403693931,0.08355321020228672,0.5079155672823219
0.33098591549295775,0.07922535211267606,0.08318661971830986,0.5066021126760564
0.3252747252747253,0.08087912087912089,0.0865934065934066,0.5072527472527473
0.3283450704225352,0.0801056338028169,0.08714788732394366,0.5044014084507042
0.3283647523016221,0.08154318281455503,0.08680403331871986,0.503288031565103
0.3259127337488869,0.08682101513802315,0.0854853072128228,0.5017809439002672
0.32829181494661924,0.08451957295373666,0.08540925266903915,0.501779359430605
0.3261348611723226,0.08197443807844866,0.08505949757602468,0.5068312031732041
0.32407407407407407,0.08156966490299823,0.08686067019400352,0.5074955908289241
0.32059727711901626,0.07949055775142731,0.08871321914800176,0.5111989459815547
0.32,0.07912087912087912,0.09274725274725275,0.5081318681318682
0.31901840490797545,0.08106923751095531,0.09027169149868536,0.5096406660823839
0.32484635645302895,0.08384547848990342,0.08955223880597014,0.5017559262510974
0.3212709620476611,0.08164165931156223,0.08428949691085613,0.5127978817299206
0.31736263736263737,0.07956043956043957,0.08219780219780219,0.5208791208791209
0.31938325991189426,0.0801762114537445,0.0801762114537445,0.5202643171806167
0.32671081677704195,0.07549668874172186,0.0772626931567329,0.5205298013245033
0.33024282560706403,0.07549668874172186,0.07549668874172186,0.5187637969094923
0.33691275167785234,0.07874720357941835,0.07293064876957495,0.5114093959731544
0.33318525099955576,0.0790759662372279,0.0693025322079076,0.5184362505553087
0.3236459709379128,0.08146191105239982,0.07441655658300309,0.5204755614266843
0.32728881026094647,0.08182220256523662,0.07518796992481203,0.5157010172490049
0.3264042459088899,0.08491817779743477,0.07430340557275542,0.51437417072092
0.32691466083150983,0.08446389496717724,0.07221006564551423,0.5164113785557987
0.3326010544815466,0.08479789103690685,0.07117750439367311,0.5114235500878734
0.33549502810203197,0.08430609597924774,0.0730652831820147,0.5071335927367056
0.3306948109058927,0.0822339489885664,0.07387862796833773,0.5131926121372031
0.328941589811155,0.08432147562582346,0.07685551163812034,0.5098814229249012
0.3290579389650597,0.08447589562140646,0.07651481645289694,0.5099513489606369
0.3296557811120918,0.0820829655781112,0.0736981465136805,0.5145631067961165
0.32103645147123405,0.08080808080808081,0.07290294246815986,0.5252525252525253
0.3261253309796999,0.08428949691085613,0.07149161518093557,0.5180935569285083
0.3252747252747253,0.08131868131868132,0.07120879120879121,0.5221978021978022
0.33185250999555754,0.07952021323856064,0.06885828520657486,0.519768991559307
0.3367211665930181,0.07865665046398586,0.07026071586389748,0.5143614670790986
0.3377600708277999,0.0787959274015051,0.07304116865869854,0.5104028331119964
0.3297777777777778,0.07777777777777778,0.068,0.5244444444444445
0.3380593708462561,0.07842268498006202,0.06380150642445724,0.5197164377492246
0.33856502242152464,0.07309417040358744,0.06502242152466367,0.5233183856502243
0.3356735410267661,0.07371654234313295,0.06625713032031592,0.524352786309785
0.3362598770851624,0.07989464442493416,0.06760316066725197,0.5162423178226514
0.3358274647887324,0.07834507042253522,0.06954225352112677,0.5162852112676056
0.3331868131868132,0.0734065934065934,0.07208791208791208,0.5213186813186813
0.3273207215134184,0.075230972283326,0.07347118345798505,0.5239771227452705
0.3305122494432071,0.07394209354120267,0.0775055679287305,0.5180400890868597
0.3317201935767708,0.07787065552133744,0.08007039155301364,0.5103387593488782
0.32239467849223946,0.08070953436807095,0.07937915742793791,0.5175166297117516
0.3219597550306212,0.07961504811898512,0.0778652668416448,0.5205599300087489
0.3221089942401418,0.08196721311475409,0.07886575099689853,0.5170580416482056
0.31739707835325365,0.08366533864541832,0.08056662239929172,0.5183709606020362
0.3079295154185022,0.08325991189427313,0.08237885462555065,0.526431718061674
0.31148262208534977,0.08578970523537176,0.07919049714034315,0.5235371755389353
0.3067833698030635,0.08927789934354485,0.0800875273522976,0.523851203501094
0.3093652907234798,0.09054593874833555,0.07856191744340879,0.5215268530847759
0.3071808510638298,0.08687943262411348,0.08200354609929078,0.523936170212766
0.30229479258605474,0.08296557811120918,0.08031774051191527,0.5344218887908209
0.2989872302950242,0.08586525759577279,0.08234258036107442,0.5328049317481286
0.2975978647686833,0.0849644128113879,0.08407473309608542,0.5333629893238434
0.2968056787932564,0.08385093167701864,0.08695652173913043,0.5323868677905945
0.29634522236900046,0.0845442536327609,0.09070893879348305,0.5284015852047557
0.3049645390070922,0.08466312056737589,0.08554964539007093,0.524822695035461
0.30432881504153914,0.08570179274158286,0.08132925229558373,0.5286401399212942
0.30599647266313934,0.08774250440917107,0.0837742504409171,0.5224867724867724
0.3046944198405669,0.08768821966341896,0.08148804251550044,0.5261293179805138
0.2998673153471915,0.0875718708536046,0.08536045997346307,0.5272003538257408
0.29804270462633453,0.08718861209964412,0.08407473309608542,0.530693950177936
0.2958553791887125,0.08597883597883597,0.08289241622574955,0.5352733686067019
0.2946859903381642,0.09134826526130874,0.08607817303469477,0.5278875713658322
0.29498000888494,0.09018214127054643,0.0866281652598845,0.528209684584629
0.2938577110030932,0.09147149801148917,0.0830755634114008,0.5315952275740168
0.28741721854304636,0.09315673289183223,0.08520971302428255,0.5342163355408388
0.286281429201588,0.09307454786060873,0.0846934274371416,0.5359505955006617
0.2904363155575143,0.09211106214191274,0.07888937858087264,0.5385632437197003
0.28292682926829266,0.09401330376940133,0.07982261640798226,0.5432372505543237
0.2831509846827133,0.09102844638949671,0.08490153172866521,0.5409190371991247
0.2900662251655629,0.09094922737306843,0.08079470198675497,0.5381898454746137
0.28484054172127565,0.09086937527304499,0.08344255133245959,0.5408475316732198
0.28389084507042256,0.08934859154929578,0.08142605633802817,0.5453345070422535
0.2793072824156306,0.09014209591474245,0.0852575488454707,0.5452930728241563
0.2846458424989001,0.086229652441707,0.08842938847338319,0.5406951165860097
0.2843224092116918,0.08503100088573959,0.08591674047829938,0.5447298494242693
0.28244610646722396,0.0840299164100308,0.08842938847338319,0.5450945886493621
0.28565101860053144,0.08503100088573959,0.08370239149689991,0.545615589016829
0.2780960775672102,0.08373732921992066,0.08550022036139268,0.5526663728514765
0.2791005291005291,0.08333333333333333,0.08686067019400352,0.550705467372134
0.2756183745583039,0.08480565371024736,0.08568904593639576,0.553886925795053
0.2822222222222222,0.07644444444444444,0.08622222222222223,0.5551111111111111
0.28285968028419184,0.07859680284191829,0.08614564831261101,0.5523978685612788
0.2809335094671951,0.07926023778071334,0.08278291501541171,0.5570233377366799
0.27602799650043747,0.07961504811898512,0.08005249343832022,0.5643044619422573
0.27864467231386536,0.07579135086937137,0.08203299152920196,0.5635309852875613
0.285336856010568,0.07485689123734038,0.08102157639806253,0.5587846763540291
0.27296819787985865,0.07420494699646643,0.0803886925795053,0.5724381625441696
0.2713347921225383,0.07789934354485777,0.08140043763676148,0.5693654266958424
0.2720491443615621,0.07810443176831944,0.08249232119350593,0.5673541026766126
0.28024637043554773,0.0774307083150022,0.08007039155301364,0.5622525296964365
0.28036971830985913,0.07878521126760564,0.07878521126760564,0.5620598591549296
0.2838254737769943,0.08021154693697664,0.08241516086381666,0.5535478184222125
0.29238221047996477,0.08146191105239982,0.08014090708938794,0.5460149713782475
