R,A,S,N
0.0,1.0,0.0,0.0
0.0,0.75,0.0,0.25
0.0,0.6666666666666666,0.0,0.3333333333333333
0.14285714285714285,0.5,0.0,0.35714285714285715
0.1111111111111111,0.4444444444444444,0.0,0.4444444444444444
0.19230769230769232,0.4230769230769231,0.0,0.38461538461538464
0.20588235294117646,0.4117647058823529,0.0,0.38235294117647056
0.23404255319148937,0.3829787234042553,0.0425531914893617,0.3404255319148936
0.2459016393442623,0.3770491803278688,0.06557377049180328,0.3114754098360656
0.2916666666666667,0.3611111111111111,0.06944444444444445,0.2777777777777778
0.3010752688172043,0.3548387096774194,0.06451612903225806,0.27956989247311825
0.3,0.3333333333333333,0.075,0.2916666666666667
0.32142857142857145,0.32142857142857145,0.08571428571428572,0.2714285714285714
0.3446327683615819,0.3050847457627119,0.07344632768361582,0.2768361581920904
0.3492822966507177,0.2727272727272727,0.08133971291866028,0.2966507177033493
0.3420074349442379,0.275092936802974,0.09293680297397769,0.2899628252788104
0.3503184713375796,0.27070063694267515,0.11146496815286625,0.267515923566879
0.3672922252010724,0.26273458445040215,0.1126005361930295,0.257372654155496
0.3776223776223776,0.24708624708624707,0.11655011655011654,0.25874125874125875
0.38866396761133604,0.2408906882591093,0.1194331983805668,0.25101214574898784
0.38421052631578945,0.22807017543859648,0.13157894736842105,0.256140350877193
0.3987441130298273,0.2260596546310832,0.12872841444270017,0.24646781789638933
0.41632088520055327,0.2143845089903181,0.12171507607192254,0.2475795297372061
0.42391304347826086,0.2113526570048309,0.11835748792270531,0.2463768115942029
0.4310722100656455,0.21334792122538293,0.11269146608315099,0.24288840262582057
0.42828282828282827,0.198989898989899,0.11414141414141414,0.2585858585858586
0.4298978644382544,0.1894150417827298,0.116991643454039,0.26369545032497677
0.4247863247863248,0.19145299145299147,0.1188034188034188,0.26495726495726496
0.4281098546042003,0.19709208400646203,0.12035541195476575,0.2544426494345719
0.4391736801836266,0.188982402448355,0.11629686304514154,0.25554705432287683
0.4360632183908046,0.1896551724137931,0.11997126436781609,0.2543103448275862
0.438957475994513,0.18106995884773663,0.12002743484224966,0.2599451303155007
0.45114754098360654,0.16983606557377048,0.12131147540983607,0.2577049180327869
0.4578979717271051,0.16410571604179472,0.11432083589428396,0.2636754763368162
0.4587478057343476,0.1585722644821533,0.1117612638970158,0.27091866588648333
0.4621380846325167,0.15701559020044542,0.10746102449888642,0.2733853006681514
0.4637139807897545,0.15581643543223053,0.10618996798292422,0.2742796157950907
0.47001034126163393,0.1499482936918304,0.10082730093071354,0.2792140641158221
0.4717741935483871,0.14969758064516128,0.09526209677419355,0.28326612903225806
0.47699158832261257,0.14794656110836218,0.09104403760514597,0.2840178129638793
0.4759179780639008,0.1430615164520744,0.0882212684787792,0.29279923700524557
0.4784037558685446,0.14178403755868543,0.08544600938967137,0.2943661971830986
0.4804651162790698,0.1413953488372093,0.08139534883720931,0.29674418604651165
0.4874486535828389,0.1378366042902784,0.07895937927886809,0.2957553628480146
0.4897025171624714,0.1368421052631579,0.07414187643020595,0.2993135011441648
0.4839002267573696,0.13877551020408163,0.08072562358276644,0.2965986394557823
0.4764679515912147,0.14343343792021515,0.07978484984311968,0.30031376064545046
0.4791011235955056,0.14292134831460673,0.08089887640449438,0.29707865168539327
0.4803220035778175,0.1440071556350626,0.07871198568872988,0.29695885509839
0.4745838956365272,0.14754835807467387,0.08142150247413406,0.2964462438146649
0.47829977628635345,0.14899328859060404,0.07785234899328859,0.2948545861297539
0.4776449756529438,0.14962372731297033,0.07835325365205843,0.29437804338202744
0.4870996441281139,0.14813167259786478,0.07384341637010676,0.29092526690391457
0.49307726663689144,0.14247431889236267,0.07056721750781599,0.29388119696292986
0.48986029743127535,0.15141955835962145,0.06804867057232988,0.2906714736367733
0.49487750556792875,0.14743875278396437,0.06993318485523385,0.28775055679287304
0.5028799291094374,0.1431103234381923,0.06956136464333186,0.28444838280903856
0.5033527045149754,0.14438980777827448,0.06705409029950828,0.2852033974072418
0.5095259193619849,0.1435533894550288,0.0664599025254763,0.28046078865750995
0.5177462289263531,0.1401952085181899,0.0616681455190772,0.2803904170363798
0.5258467023172906,0.14215686274509803,0.06283422459893048,0.26916221033868093
0.531277926720286,0.13941018766756033,0.06344950848972297,0.2658623771224307
0.5345827755466309,0.14011601963409193,0.06291834002677377,0.26238286479250333
0.5404688191065901,0.13976116762494473,0.06015037593984962,0.25961963732861565
0.5420393559928444,0.13729874776386405,0.06037567084078712,0.26028622540250446
0.5377777777777778,0.1391111111111111,0.06266666666666666,0.2604444444444444
0.5293072824156305,0.13987566607460036,0.06438721136767318,0.2664298401420959
0.5421146953405018,0.13709677419354838,0.062275985663082435,0.2585125448028674
0.5389408099688473,0.13796172674677348,0.06008010680907877,0.2630173564753004
0.5419094576423129,0.13491707754370239,0.061855670103092786,0.261317794710892
0.5474485228290062,0.13384064458370637,0.05863921217547001,0.26007162041181736
0.5537988581466843,0.13350900307422048,0.054457619675010976,0.25823451910408435
0.5542328042328042,0.1353615520282187,0.05599647266313933,0.25440917107583777
0.5583554376657824,0.134394341290893,0.05526083112290009,0.2519893899204244
0.5697368421052632,0.12938596491228072,0.052192982456140354,0.24868421052631579
0.570983533600356,0.1295060080106809,0.050734312416555405,0.24877614597240766
0.5735163861824624,0.12843224092116917,0.047829937998228524,0.25022143489813997
0.5772968197879859,0.12897526501766785,0.04770318021201413,0.24602473498233215
0.5765686704695042,0.12812637121544537,0.051338306274681875,0.24396665204036858
0.5787852112676056,0.12764084507042253,0.05149647887323944,0.2420774647887324
0.5809146877748461,0.12884784520668427,0.05452946350043975,0.2357080035180299
0.5862527716186253,0.11929046563192905,0.05543237250554324,0.23902439024390243
0.5770786516853933,0.11865168539325843,0.05887640449438202,0.2453932584269663
0.5790166812993854,0.1189640035118525,0.05970149253731343,0.24231782265144863
0.5857648099027409,0.11671087533156499,0.05702917771883289,0.24049513704686118
0.5905861456483126,0.11634103019538189,0.05772646536412078,0.2353463587921847
0.588209219858156,0.11569148936170212,0.057624113475177305,0.23847517730496454
0.5868794326241135,0.12234042553191489,0.0549645390070922,0.23581560283687944
0.5918277680140598,0.1225834797891037,0.05360281195079086,0.23198594024604569
0.581343943412909,0.1237842617152962,0.04907161803713528,0.2458001768346596
0.5869275233437083,0.12538906180524678,0.04979991107158737,0.23788350377945755
0.5879241956809167,0.12163948876156898,0.05200528867342442,0.2384310268840899
0.5757709251101322,0.1299559471365639,0.053744493392070485,0.24052863436123348
0.5766359244620114,0.12955643390426,0.05577514273166447,0.23803249890206413
0.5839610101905184,0.1284891448825875,0.05316792202038104,0.23438192290651308
0.5761648745519713,0.13127240143369176,0.0528673835125448,0.23969534050179211
0.5729632945389436,0.13115487914055507,0.052372426141450316,0.24350940017905104
0.5794143744454303,0.12732919254658384,0.05235137533274179,0.240905057675244
0.5808014090708938,0.12505504183179217,0.05328049317481286,0.2408630559225011
0.5802742149491376,0.12870411322423705,0.0513047324192835,0.23971693940734187
0.5905685323931247,0.13133539003966505,0.0493609519612164,0.22873512560599382
0.5894039735099338,0.13024282560706402,0.05077262693156733,0.22958057395143489
0.5912927587738783,0.12749888938249668,0.051088405153265216,0.23011994669035984
0.5951541850220264,0.1237885462555066,0.05286343612334802,0.22819383259911893
0.5916924436588599,0.12726469288555015,0.05788775961113566,0.22315510384445428
0.594606542882405,0.12245800176834659,0.05791335101679929,0.22502210433244915
0.5999107939339875,0.12087421944692239,0.056199821587867974,0.22301516503122212
0.5939849624060151,0.12295444493586909,0.05572755417956656,0.22733303847854933
0.5993775011116051,0.11916407292129835,0.055135615829257446,0.22632281013783903
0.6010661928031986,0.11861394935584185,0.0519768991559307,0.22834295868502888
0.6021220159151194,0.11361626878868258,0.050397877984084884,0.2338638373121132
0.6083667111704495,0.11170449488206498,0.044058744993324434,0.2358700489541611
0.6071428571428571,0.10934744268077601,0.043209876543209874,0.24029982363315697
0.6111607142857143,0.1125,0.044196428571428574,0.23214285714285715
0.6024844720496895,0.10913930789707187,0.04791481810115351,0.24046140195208518
0.6110619469026549,0.10663716814159292,0.047345132743362835,0.23495575221238937
0.6145470383275261,0.10540069686411149,0.04965156794425087,0.2304006968641115
0.6183574879227053,0.10013175230566534,0.051822573561704,0.22968818620992534
0.620353982300885,0.10132743362831859,0.048672566371681415,0.22964601769911505
0.6149425287356322,0.10123784261715296,0.04730327144120248,0.23651635720601238
0.611378555798687,0.10240700218818381,0.04857768052516411,0.23763676148796498
0.6119270137961726,0.102803738317757,0.04717400979083222,0.23809523809523808
0.6162587412587412,0.10314685314685315,0.048513986013986016,0.23208041958041958
0.611646234676007,0.1042031523642732,0.050350262697022766,0.23380035026269702
0.6071744906997343,0.10673162090345438,0.05270150575730735,0.233392382639504
0.6112825033054209,0.10401057734684883,0.05376817981489643,0.23093873953283384
0.609271523178808,0.10684326710816777,0.052538631346578366,0.23134657836644593
0.6119205298013245,0.10816777041942605,0.052097130242825605,0.22781456953642384
0.6106904231625835,0.10779510022271716,0.05211581291759466,0.22939866369710468
0.6132743362831858,0.10575221238938053,0.05132743362831858,0.22964601769911505
0.6072534276868642,0.10880141530296329,0.05395842547545334,0.22998673153471916
0.6016987036209209,0.11309789897183728,0.051408135896289675,0.23379526151095217
0.6040925266903915,0.10898576512455516,0.0547153024911032,0.23220640569395018
0.6050531914893617,0.10682624113475177,0.05585106382978723,0.2322695035460993
0.6139493558418481,0.09906708129720124,0.056419369169258105,0.2305641936916926
0.6136464333185645,0.10101905183872396,0.057155516171909615,0.22817899867080194
0.6132572431957858,0.09789288849868305,0.05926251097453907,0.2295873573309921
0.6130030959752322,0.09818664307828394,0.05749668288367979,0.23131357806280406
0.616504854368932,0.10061782877316858,0.057811120917917035,0.22506619593998234
0.6177125055629729,0.10146862483311081,0.054294615042278595,0.22652425456163774
0.6211920529801325,0.10066225165562914,0.052980132450331126,0.2251655629139073
0.614975631369074,0.10190518387239698,0.05582631812140009,0.22729286663712894
0.6160949868073878,0.10554089709762533,0.055408970976253295,0.22295514511873352
0.6132621272808189,0.1045838896306186,0.05473965287049399,0.22741433021806853
0.6179725542275343,0.10314298362107127,0.049136786188579015,0.2297476759628154
0.6179475788538428,0.1039537983118614,0.050644158151932475,0.22745446468236338
0.6188579017264276,0.10402833111996458,0.05267817618415228,0.2244355909694555
0.6107916850950906,0.1096859796550199,0.05572755417956656,0.22379478107032286
0.6084070796460177,0.11017699115044248,0.05707964601769912,0.2243362831858407
0.6121105748135147,0.104870557261957,0.055287406757349715,0.2277314611671786
0.6207050423917894,0.09861668897813476,0.05533244087460955,0.2253458277554663
0.6254401408450704,0.0977112676056338,0.05677816901408451,0.22007042253521128
0.6299559471365639,0.1,0.057709251101321586,0.21233480176211453
0.6308636562911004,0.09951775537045156,0.05611573871109163,0.2135028496273564
0.6267605633802817,0.0994718309859155,0.061619718309859156,0.21214788732394366
0.62703654777631,0.0964332892998679,0.06428885953324527,0.21224130339057684
0.6258234519104084,0.09617918313570488,0.06455862977602109,0.2134387351778656
0.6290109890109891,0.09318681318681318,0.0654945054945055,0.2123076923076923
0.6296133567662566,0.09402460456942004,0.0641476274165202,0.21221441124780316
0.6353566681435534,0.09392999556933983,0.06335844040762073,0.20735489587948605
0.6338846669646848,0.09566383549396514,0.062136790344211,0.20831470719713902
0.6286472148541115,0.09637488947833775,0.06321839080459771,0.21175950486295314
0.6355555555555555,0.09288888888888888,0.06622222222222222,0.20533333333333334
0.6390611160318866,0.08901682905225863,0.06465899025686449,0.20726306465899025
0.6408791208791209,0.08703296703296703,0.06637362637362637,0.2057142857142857
0.637604579480405,0.08630559225011009,0.06825187142228094,0.20783795684720388
0.6392208942009738,0.08853474988933156,0.06949977866312528,0.20274457724656927
0.6425419240953222,0.088261253309797,0.06972639011473963,0.1994704324801412
0.642226148409894,0.09010600706713781,0.06846289752650177,0.19920494699646643
0.6429199648197009,0.08663148636763413,0.0681618293755497,0.2022867194371152
0.6416518650088809,0.08880994671403197,0.07104795737122557,0.19849023090586146
0.6399286987522281,0.09046345811051694,0.06996434937611408,0.19964349376114082
0.6447309915518008,0.09115162294353046,0.06847487772343264,0.1956425077812361
0.6433007985803016,0.09050576752440107,0.06433007985803017,0.20186335403726707
0.644748455428067,0.08649602824360106,0.06751985878199471,0.20123565754633715
0.6393078970718722,0.08873114463176575,0.06965394853593611,0.2023070097604259
0.6462555066079295,0.08766519823788546,0.06651982378854626,0.19955947136563876
0.6465863453815262,0.08969210174029452,0.06470325747434182,0.1990182954038376
0.6492077464788732,0.0897887323943662,0.06205985915492958,0.198943661971831
0.651060070671378,0.0892226148409894,0.060954063604240286,0.19876325088339222
0.6484821821381435,0.08974923009238892,0.05851297844258689,0.20325560932688078
0.6446389496717724,0.08708971553610503,0.059956236323851206,0.20831509846827134
0.6455584872471416,0.08795074758135445,0.059366754617414245,0.20712401055408972
0.6492637215528781,0.08478357875948238,0.05800981704596162,0.20794288264167782
0.6515418502202643,0.08546255506607929,0.05682819383259912,0.20616740088105726
0.6544085068675233,0.08817013735046522,0.05316792202038104,0.2042534337616305
0.6548828988068935,0.0905877154220062,0.05170128148475475,0.20282810428634557
0.6561387900355872,0.08852313167259787,0.05204626334519573,0.20329181494661921
0.6560142032845095,0.0923213493120284,0.052374611628939194,0.19928983577452286
0.648851590106007,0.09540636042402827,0.05609540636042403,0.19964664310954064
0.6540326134861172,0.09343323049801674,0.05597179374173645,0.19656236227412957
0.6539654408506868,0.09481612760301285,0.05582631812140009,0.19539211342490032
0.658300308234258,0.09423161602818142,0.05372082782915016,0.19374724790841039
0.6693156732891832,0.08962472406181016,0.053863134657836646,0.18719646799116998
0.6591211717709721,0.09187749667110519,0.0559254327563249,0.19307589880159787
0.6582558654271802,0.09384683488269145,0.05533421868083223,0.19256308100929614
0.6585148955091151,0.09337483325922633,0.05380168963983993,0.19430858159181857
0.6653439153439153,0.09082892416225749,0.05423280423280423,0.18959435626102292
0.6727353463587922,0.08925399644760214,0.052397868561278864,0.18561278863232683
0.6712268314210061,0.09090909090909091,0.052515445719329215,0.1853486319505737
0.6657801418439716,0.09352836879432624,0.05230496453900709,0.18838652482269502
0.6644649933949802,0.09423161602818142,0.05107881990312638,0.190224570673712
0.670509977827051,0.09268292682926829,0.050997782705099776,0.18580931263858094
0.6731448763250883,0.09054770318021202,0.05256183745583039,0.18374558303886926
0.6752212389380531,0.08849557522123894,0.04911504424778761,0.18716814159292036
0.6801762114537445,0.0881057268722467,0.04713656387665198,0.18458149779735683
0.6725978647686833,0.09252669039145907,0.04848754448398576,0.18638790035587188
0.6697736351531292,0.09720372836218376,0.05015534842432313,0.18286728806036395
0.6730004418912947,0.10163499779054352,0.04595669465311533,0.1794078656650464
0.6669591926283458,0.10179903466432647,0.050460728389644584,0.1807810443176832
0.6718129686810763,0.10189677988531098,0.050286722540802825,0.17600352889280987
0.6699029126213593,0.10061782877316858,0.05207413945278023,0.17740511915269197
0.6709307454786061,0.09836788707543008,0.05249228054697839,0.17820908689898543
0.6722173531989483,0.09947414548641542,0.051709027169149865,0.1765994741454864
0.6756637168141593,0.10044247787610619,0.049557522123893805,0.1743362831858407
0.6687089715536105,0.10109409190371992,0.052078774617067836,0.17811816192560176
0.6766388033435987,0.09590849098108227,0.05279366476022877,0.17465904091509019
0.6750663129973474,0.09416445623342175,0.053934571175950484,0.1768346595932803
0.6779586449626045,0.09590849098108227,0.051473823141223056,0.17465904091509019
0.6715555555555556,0.096,0.052444444444444446,0.18
0.6741523557904007,0.09819462791721709,0.052840158520475564,0.17481285777190664
0.6687143483984204,0.09960508995173321,0.05221588415971917,0.17946467749012726
0.6653404067197171,0.10212201591511937,0.053934571175950484,0.1786030061892131
0.6679982245894364,0.10031069684864626,0.04660452729693742,0.18508655126498003
0.6745325022261799,0.09572573463935886,0.04719501335707925,0.182546749777382
0.6731620903454384,0.09698848538529672,0.04472984942426927,0.18511957484499558
0.6738938053097345,0.09469026548672567,0.04601769911504425,0.18539823008849557
0.6797877045555064,0.09155241043785936,0.04555506413091552,0.18310482087571872
0.6837719298245614,0.09035087719298246,0.04692982456140351,0.17894736842105263
0.6808322266489597,0.0903054448871182,0.04957945993802568,0.17928286852589642
0.6729920564872022,0.09311562224183584,0.04854368932038835,0.1853486319505737
0.6759628154050464,0.09074811863656485,0.04957945993802568,0.183709606020363
0.6853582554517134,0.08678237650200267,0.05028927458834001,0.17757009345794392
0.6783523225241017,0.0880806310254163,0.05433829973707274,0.1792287467134093
0.6758314855875831,0.08780487804878048,0.054988913525498895,0.18137472283813746
0.6816380449141347,0.08542492294143549,0.05636283575517393,0.17657419638925584
0.6869220607661823,0.08146191105239982,0.05856450902686042,0.17305151915455746
0.6856143419326629,0.08570179274158286,0.055094009619588984,0.17358985570616528
0.6882716049382716,0.08112874779541446,0.05555555555555555,0.17504409171075838
0.688386524822695,0.08111702127659574,0.05540780141843971,0.1750886524822695
0.6986001749781278,0.07961504811898512,0.0542432195975503,0.16754155730533685
0.7016994633273703,0.07647584973166369,0.055008944543828264,0.16681574239713776
0.7019102621057308,0.073745002221235,0.05553087516659263,0.1688138605064416
0.7022321428571429,0.07321428571428572,0.05758928571428571,0.1669642857142857
0.6970770593445527,0.07617360496014172,0.05757307351638618,0.1691762621789194
0.6951111111111111,0.0791111111111111,0.057777777777777775,0.168
0.7018934390136504,0.07573756054601496,0.05372082782915016,0.1686481726111845
0.7039502885042166,0.07944962272525521,0.05193075898801598,0.1646693297825122
0.7003977021652673,0.08351745470614229,0.05170128148475475,0.1643835616438356
0.6902030008826125,0.08384819064430715,0.05472197705207414,0.17122683142100617
0.6948252985404688,0.08403361344537816,0.05263157894736842,0.1685095090667846
0.6922054915854738,0.08281665190434012,0.05491585473870682,0.17006200177147918
0.6858523725834798,0.08260105448154657,0.05799648506151142,0.1735500878734622
0.6873623954205196,0.08102157639806253,0.05636283575517393,0.17525319242624396
0.6866520787746171,0.07833698030634573,0.05776805251641138,0.1772428884026258
0.6847922192749779,0.08001768346595933,0.05791335101679929,0.17727674624226347
0.6839309428950863,0.0787959274015051,0.05533421868083223,0.18193891102257637
0.678429642699603,0.07984119982355536,0.05822673136303485,0.1835024261138068
0.6774622892635315,0.08163265306122448,0.05323868677905945,0.18766637089618457
0.6764576939938624,0.08768084173608066,0.053485313459009205,0.1823761508110478
0.6797529775033083,0.08601676224084694,0.05337450374944861,0.18085575650639613
0.6829375549692173,0.08619173262972735,0.05321020228671944,0.17766051011433598
0.6842338352524358,0.08193091231178033,0.05713020372010629,0.1767050487156776
0.6807017543859649,0.08201754385964913,0.05745614035087719,0.17982456140350878
0.6837909654561559,0.08193091231178033,0.0566873339238264,0.17759078830823738
0.6913634370889961,0.079351161771153,0.06006137658921526,0.16922402455063568
0.6956711849584609,0.07564494971578486,0.059903804110188016,0.16878006121556624
0.6934046345811051,0.07887700534759358,0.057932263814616754,0.1697860962566845
0.691659272404614,0.07630878438331855,0.05944986690328305,0.1725820763087844
0.6936339522546419,0.07559681697612732,0.05658709106984969,0.17418213969938107
0.6973859105006646,0.07753655294638902,0.05316792202038104,0.17190961453256534
0.6947879858657244,0.07950530035335689,0.05079505300353357,0.17491166077738515
0.6905908096280088,0.08227571115973742,0.05514223194748359,0.17199124726477025
0.7019315188762072,0.07638279192273925,0.051360842844600525,0.17032484635645304
0.6933216168717048,0.07688927943760984,0.054481546572934976,0.17530755711775045
0.6995555555555556,0.07644444444444444,0.05511111111111111,0.1688888888888889
0.7032772364924712,0.07573073516386182,0.05137289636846767,0.1696191319751993
0.7035087719298245,0.07675438596491228,0.05175438596491228,0.16798245614035087
0.7026548672566372,0.07831858407079646,0.05265486725663717,0.1663716814159292
0.7036547776309996,0.07485689123734038,0.05680317040951123,0.16468516072214884
0.7082965578111209,0.07193292144748456,0.05560458958517211,0.1641659311562224
0.7118415128320577,0.07113912651958577,0.056731202161188654,0.16028815848716793
0.7145390070921985,0.07225177304964539,0.05319148936170213,0.1600177304964539
0.713784021071115,0.07506584723441616,0.053555750658472345,0.1575943810359965
0.720971302428256,0.07240618101545254,0.05474613686534217,0.15187637969094922
0.7293962097840458,0.07051564565888056,0.05332745702952843,0.14676068752754517
0.7273930304367004,0.07278341420379356,0.0529333921482135,0.14689016321129245
0.7263858093126386,0.07450110864745012,0.05454545454545454,0.14456762749445676
0.724015922158337,0.06855373728438743,0.058823529411764705,0.14860681114551083
0.723701440419031,0.06809253601047577,0.05499781754692274,0.1532082060235705
0.7259849490925188,0.06772908366533864,0.0566622399291722,0.14962372731297033
0.7265834076717217,0.0655664585191793,0.05307760927743087,0.15477252453166815
0.7204395604395605,0.06461538461538462,0.05406593406593407,0.16087912087912087
0.7197170645446508,0.06631299734748011,0.05083996463306808,0.16312997347480107
0.7197368421052631,0.06798245614035088,0.05087719298245614,0.16140350877192983
0.7158687943262412,0.07092198581560284,0.05230496453900709,0.16090425531914893
0.7092198581560284,0.07535460992907801,0.05230496453900709,0.16312056737588654
0.7166517457475381,0.07162041181736795,0.05371530886302596,0.15801253357206804
0.7265108072342302,0.07146007940008822,0.04764005293339215,0.15438906043228937
0.7238772787905736,0.07425522454424188,0.046242774566473986,0.15562472209871053
0.7330960854092526,0.07829181494661921,0.042704626334519574,0.14590747330960854
0.7362395420519595,0.07485689123734038,0.04095112285336856,0.14795244385733158
0.7416122004357298,0.07494553376906318,0.0383442265795207,0.1450980392156863
0.7381479840496233,0.07487815684536996,0.03943287549844927,0.14754098360655737
0.7402309058614565,0.07504440497335702,0.03907637655417407,0.14564831261101244
0.7366563740626378,0.07631230701367446,0.038376709307454786,0.14865460961623292
0.7342995169082126,0.07422046552481334,0.03820816864295125,0.15327184892402285
0.7356984478935699,0.07494456762749446,0.03458980044345898,0.1547671840354767
0.7406263784737539,0.07498897220996913,0.033083370092633436,0.1513012792236436
0.7321036451471234,0.07992973210364515,0.03645147123407993,0.15151515151515152
0.7339168490153173,0.08183807439824946,0.037199124726477024,0.14704595185995623
0.7311780336581045,0.08237378210806023,0.03941541186891054,0.1470327723649247
0.7322306660706303,0.08046490835940992,0.04112650871703174,0.14617791685292802
0.737928007023705,0.08121158911325724,0.041264266900790166,0.1395961369622476
0.736331569664903,0.0837742504409171,0.03880070546737213,0.14109347442680775
0.7385504668741663,0.08359270787016451,0.037349933303690526,0.14050689195197866
0.7464664310954063,0.07729681978798586,0.0357773851590106,0.14045936395759717
0.7330097087378641,0.07855251544571933,0.038834951456310676,0.1496028243601059
0.7419497132774592,0.07675341861490957,0.03617115130127922,0.145125716806352
0.7355040142729705,0.07939339875111508,0.037020517395182875,0.1480820695807315
0.7382847038019452,0.08267020335985853,0.03757736516357206,0.14146772767462423
0.7350088183421517,0.08421516754850088,0.036155202821869487,0.14462081128747795
0.7378129117259552,0.07992973210364515,0.034255599472990776,0.14800175669740886
0.7408388520971303,0.07947019867549669,0.033112582781456956,0.14657836644591613
0.7437252311756936,0.07793923381770146,0.03346543372963452,0.1448701012769705
0.7461093819475323,0.07336594041796354,0.032458870609159626,0.1480658070253446
0.7458001768346596,0.07471264367816093,0.03227232537577365,0.14721485411140584
0.7441552712836348,0.0776356418173798,0.031318923687692984,0.14689016321129245
0.7435897435897436,0.07736516357206012,0.03359858532272325,0.14544650751547303
0.7382314122305323,0.0774307083150022,0.033875934887813465,0.150461944566652
0.733567046450482,0.07800175284837861,0.034618755477651184,0.15381244522348816
0.7346306943830163,0.07563025210084033,0.03936311366651924,0.15037593984962405
0.7367032967032967,0.07428571428571429,0.041758241758241756,0.14725274725274726
0.7389010989010989,0.06901098901098901,0.04395604395604396,0.14813186813186813
0.741019955654102,0.06740576496674058,0.04611973392461197,0.14545454545454545
0.7370272647317502,0.06684256816182937,0.048372911169744945,0.14775725593667546
0.7438380281690141,0.06382042253521127,0.047975352112676055,0.1443661971830986
0.745374449339207,0.06299559471365639,0.04713656387665198,0.1444933920704846
0.7443379790940766,0.06576655052264808,0.04921602787456446,0.1406794425087108
0.7393406593406593,0.06681318681318682,0.05010989010989011,0.14373626373626375
0.7471264367816092,0.06321839080459771,0.050397877984084884,0.13925729442970822
0.7524229074889868,0.06255506607929516,0.04889867841409692,0.13612334801762113
0.749113475177305,0.061170212765957445,0.05230496453900709,0.1374113475177305
0.7466902030008826,0.06443071491615181,0.05030891438658429,0.13857016769638128
0.7466725820763088,0.06521739130434782,0.04791481810115351,0.1401952085181899
0.7445868316394167,0.06760936809544851,0.049491825011047284,0.1383119752540875
0.7447847314691523,0.06968486462494451,0.05104305370616955,0.13448735019973368
0.7465478841870824,0.06770601336302895,0.049443207126948774,0.13630289532293988
0.7457105147382315,0.06599208095028597,0.049714034315882095,0.13858336999560053
0.7453250222617988,0.06723063223508459,0.04808548530721282,0.13935886019590382
0.748788012340238,0.06698986337593654,0.04671661524900837,0.1375055090348171
0.7471162377994676,0.06699201419698314,0.05013309671694765,0.13575865128660158
0.7504448398576512,0.0653914590747331,0.04937722419928826,0.1347864768683274
0.7574411372723234,0.06574855619724566,0.0519768991559307,0.12483340737450022
0.748898678414097,0.07092511013215859,0.051541850220264314,0.12863436123348018
0.7559125390450692,0.06827309236947791,0.05042391789379741,0.1253904506916555
0.7562582345191041,0.0663153271848924,0.050505050505050504,0.12692138779095302
0.7550571679859279,0.06288478452066842,0.04925241864555849,0.13280562884784522
0.7518697756269248,0.06423229212494501,0.05411350637923449,0.12978442586889574
0.7527448397013614,0.06324110671936758,0.05401844532279315,0.12999560825647782
0.755137735024049,0.06165282028858767,0.052907739396589416,0.13030170529077395
0.7537444933920705,0.06431718061674009,0.05066079295154185,0.13127753303964756
0.756043956043956,0.06285714285714286,0.04835164835164835,0.13274725274725274
0.7472527472527473,0.06769230769230769,0.05142857142857143,0.13362637362637364
0.7450199203187251,0.06772908366533864,0.053563523683045594,0.13368747233289066
0.7466666666666667,0.07022222222222223,0.052444444444444446,0.13066666666666665
0.7459052678176185,0.07127047366091191,0.05267817618415228,0.1301460823373174
0.7442067736185384,0.07442067736185383,0.05392156862745098,0.12745098039215685
0.744866754041066,0.07601572739187418,0.05286151157710791,0.12625600698995196
0.7420071047957372,0.07948490230905861,0.049289520426287745,0.12921847246891652
0.7493321460373998,0.0761353517364203,0.047640249332146035,0.12689225289403383
0.7494466578131916,0.07569721115537849,0.046923417441345726,0.1279327135900841
0.7430340557275542,0.08093763821318001,0.04643962848297214,0.12958867757629366
0.75,0.07876106194690266,0.04469026548672567,0.12654867256637167
0.7536945812807881,0.08016121809225257,0.041648007165248545,0.1244961934617107
0.7594880847308032,0.07722859664607237,0.03795233892321271,0.12533097969991175
0.7532351628737171,0.0821062025881303,0.04060687193217314,0.12405176260597947
0.7576158940397351,0.08123620309050773,0.038410596026490065,0.12273730684326711
0.7544091710758377,0.07936507936507936,0.03747795414462081,0.12874779541446207
0.7541776605101144,0.08003518029903255,0.036499560246262094,0.12928759894459102
0.7580431908329661,0.07360070515645659,0.0370207139709123,0.13133539003966505
0.761968085106383,0.07358156028368794,0.037677304964539006,0.12677304964539007
0.7630646589902569,0.07573073516386182,0.03454384410983171,0.1266607617360496
0.7579868708971553,0.07702407002188184,0.03326039387308534,0.13172866520787746
0.7620096959012781,0.07712648743940062,0.03437637725870427,0.12648743940061702
0.7646536412078153,0.07726465364120781,0.03197158081705151,0.1261101243339254
0.76499333629498,0.07552199022656597,0.03287427809862283,0.12661039537983118
0.768624014022787,0.0740578439964943,0.03286590709903593,0.12445223488168274
0.7699736611062336,0.07594381035996488,0.033801580333625986,0.1202809482001756
0.7619893428063943,0.0763765541740675,0.03507992895204263,0.12655417406749556
0.7649667405764967,0.07538802660753881,0.03592017738359202,0.1237250554323725
0.7627043747238179,0.07335395492708793,0.035793194874060984,0.12814847547503314
0.7655081390233172,0.07435107787065552,0.032996040475142985,0.1271447426308843
0.7669603524229075,0.07004405286343612,0.03480176211453744,0.12819383259911896
0.7713004484304933,0.06995515695067264,0.034080717488789235,0.12466367713004484
0.7723035952063915,0.07057256990679095,0.03417665335108744,0.12294718153573014
0.7721854304635761,0.07196467991169977,0.03399558498896247,0.12185430463576159
0.7721238938053098,0.06858407079646017,0.03761061946902655,0.12168141592920353
0.7711376715360779,0.0681717574147853,0.03718459495351926,0.12350597609561753
0.768249780123131,0.06860158311345646,0.03737906772207564,0.12576956904133685
0.7631111111111111,0.06666666666666667,0.03911111111111111,0.13111111111111112
0.7619047619047619,0.06746031746031746,0.03791887125220458,0.13271604938271606
0.7640845070422535,0.06602112676056338,0.037852112676056336,0.13204225352112675
0.7670030715225976,0.06537955243527863,0.03817463799912242,0.12944273804300133
0.766107678729038,0.06619593998234775,0.0410414827890556,0.1266548984995587
0.7580431908329661,0.06610841780520053,0.042309387395328336,0.13353900396650506
0.7594880847308032,0.06266548984995587,0.0441306266548985,0.13371579876434245
0.76,0.06088888888888889,0.044,0.1351111111111111
0.7643703378674858,0.05792014041246161,0.0443176831943835,0.13339183852566916
0.762402088772846,0.06135770234986945,0.04308093994778068,0.13315926892950392
0.7577777777777778,0.06222222222222222,0.04622222222222222,0.13377777777777777
0.7551557700745941,0.058797718297498906,0.051338306274681875,0.13470820535322509
0.752087912087912,0.06065934065934066,0.05186813186813187,0.13538461538461538
0.7561946902654867,0.05707964601769912,0.05132743362831858,0.13539823008849558
0.7571240683910565,0.05830775975449364,0.04778605874616396,0.13678211310828584
0.7558190601668863,0.060166886253842776,0.049187527448397016,0.13482652613087395
0.756993006993007,0.059877622377622376,0.047639860139860137,0.1354895104895105
0.755839576906126,0.06478624944909651,0.049801674746584396,0.12957249889819303
0.7593886462882096,0.06331877729257641,0.04759825327510917,0.1296943231441048
0.7543008381120423,0.06396118217909132,0.049404499338332596,0.13233348037053375
0.7526501766784452,0.0627208480565371,0.04991166077738516,0.13471731448763252
0.7534186149095721,0.06043228936921041,0.05116894574327305,0.1349801499779444
0.7562472599736958,0.05523893029373082,0.052170100832968,0.13634370889960543
0.7550839964633068,0.05570291777188329,0.05305039787798409,0.1361626878868258
0.7515364354697103,0.05794556628621598,0.05267778753292362,0.13784021071115013
0.7571301247771836,0.057932263814616754,0.05124777183600713,0.13368983957219252
0.7550660792951542,0.06035242290748899,0.051541850220264314,0.13303964757709252
0.7565905096660809,0.058875219683655534,0.05184534270650264,0.13268892794376097
0.7478954364200265,0.05981391227292867,0.05316792202038104,0.13912272928666372
0.7459483136224266,0.059570740254051686,0.05300043802014893,0.14148050810337276
0.7433201927288655,0.060008760402978534,0.051248357424441525,0.14542268944371442
0.7467306015693113,0.06364428945074106,0.047079337401918046,0.14254577157802964
0.74614367562803,0.06346408109299251,0.04847950639048039,0.14191273688849715
0.7474568774878373,0.0654577620521893,0.04909332153914197,0.13799203892083148
0.751873071837814,0.06831203173204055,0.048920229175848394,0.13089466725429705
0.7498904949627683,0.06701708278580815,0.05081033727551467,0.1322820849759089
0.742121615623613,0.06968486462494451,0.052374611628939194,0.13581890812250333
0.7428065515714918,0.06684373616644533,0.05090748118636565,0.1394422310756972
0.742135578201152,0.07000443066016837,0.047851129818342934,0.14000886132033674
0.7382847038019452,0.07117595048629531,0.05172413793103448,0.138815207780725
0.7414634146341463,0.06873614190687362,0.049223946784922396,0.14057649667405764
0.7493392070484581,0.06828193832599119,0.04757709251101322,0.13480176211453745
0.7517574692442882,0.06898066783831283,0.048769771528998244,0.1304920913884007
0.7540035587188612,0.06895017793594306,0.046708185053380785,0.13033807829181496
0.7545414266725742,0.06513070447496677,0.04652193176783341,0.1338059370846256
0.7562388591800356,0.06550802139037433,0.04411764705882353,0.13413547237076648
0.7533512064343163,0.06255585344057193,0.04602323503127793,0.1380697050938338
0.7566021126760564,0.06205985915492958,0.045774647887323945,0.13556338028169015
0.7597173144876325,0.06139575971731449,0.044169611307420496,0.13471731448763252
0.7639616055846422,0.06195462478184991,0.04363001745200698,0.13045375218150088
0.7581291759465479,0.06325167037861916,0.044097995545657014,0.13452115812917595
0.7513227513227513,0.06746031746031746,0.041005291005291,0.1402116402116402
0.75054704595186,0.0687089715536105,0.04070021881838074,0.1400437636761488
0.7557319223985891,0.06569664902998236,0.03791887125220458,0.140652557319224
0.7583148558758315,0.06696230598669622,0.03503325942350333,0.13968957871396895
0.7591369440774989,0.06120651695288419,0.036988110964332896,0.142668428005284
0.7589089309282886,0.05983282006159261,0.03695556533216014,0.14430268367795865
0.7583296312749889,0.06086183918258552,0.037316748111950244,0.14349178143047533
0.7552199022656597,0.06219458018658374,0.03909373611728121,0.14349178143047533
0.7573886193206881,0.06352007057785619,0.0388178209086899,0.14027348919276578
0.7554663096831772,0.06291834002677377,0.04105310129406515,0.14056224899598393
0.7501105705440071,0.0654577620521893,0.045112781954887216,0.1393188854489164
0.7472283813747228,0.06518847006651884,0.041685144124168516,0.1458980044345898
0.7446428571428572,0.06830357142857142,0.04375,0.14330357142857142
0.7508896797153025,0.06761565836298933,0.04225978647686833,0.13923487544483987
0.7502187226596675,0.0699912510936133,0.0415573053368329,0.13823272090988625
0.7498893315626384,0.0681717574147853,0.04293935369632581,0.13899955732625055
0.7474703035635724,0.0686317641882974,0.04663440387153542,0.1372635283765948
0.7544091710758377,0.06437389770723104,0.04673721340388007,0.13447971781305115
0.7491228070175439,0.06710526315789474,0.04956140350877193,0.13421052631578947
0.74447391688771,0.0645446507515473,0.05128205128205128,0.13969938107869143
0.7408871321914801,0.06719367588932806,0.05006587615283267,0.14185331576635923
0.7395740905057675,0.06743566992014197,0.04924578527062999,0.14374445430346053
0.7401505090748118,0.06994245241257194,0.051350154935812305,0.1385568835768039
0.7389770723104057,0.07098765432098765,0.051587301587301584,0.1384479717813051
0.7386313465783665,0.07196467991169977,0.04900662251655629,0.1403973509933775
0.7427055702917772,0.0680813439434129,0.04995579133510168,0.13925729442970822
0.7432492253209385,0.06728640991589199,0.051350154935812305,0.13811420982735723
0.7485638532920902,0.06716747680070703,0.05037560760053027,0.13389306230667256
0.748788012340238,0.06787130894667254,0.04847950639048039,0.13486117232260908
0.7432252332296757,0.0693025322079076,0.050199911150599734,0.13727232341181697
0.7462087421944692,0.06735057983942908,0.0504014272970562,0.1360392506690455
0.7522007042253521,0.06338028169014084,0.04929577464788732,0.13512323943661972
0.7553798858146684,0.061923583662714096,0.05006587615283267,0.1326306543697848
0.7604949182501105,0.05700397702165267,0.05125939019001326,0.1312417145382236
0.7575354609929078,0.06294326241134751,0.04875886524822695,0.13076241134751773
0.7589246364037021,0.05861613045394447,0.050683120317320404,0.13177611282503304
0.7572559366754618,0.0584872471416007,0.05408970976253298,0.13016710642040458
0.7612592916484477,0.05640577175338872,0.055094009619588984,0.12724092697857456
0.7613636363636364,0.05638111888111888,0.056818181818181816,0.12543706293706294
0.765618077093487,0.05494018608772707,0.05361098803721755,0.12583074878156844
0.7659480862296525,0.05675318961724593,0.05675318961724593,0.1205455345358557
0.7664750110570544,0.057054400707651484,0.057054400707651484,0.11941618752764263
0.7699427060379022,0.05905685323931247,0.05509034817100044,0.11591009255178493
0.7741228070175439,0.060526315789473685,0.05570175438596491,0.10964912280701754
0.7702222222222223,0.060444444444444446,0.056,0.11333333333333333
0.770593445527015,0.06510186005314438,0.053144375553587246,0.11116031886625333
0.7691292875989446,0.06464379947229551,0.051451187335092345,0.11477572559366754
0.770170082860881,0.06541648495420846,0.05146096816397732,0.11295246402093327
0.7704194260485652,0.06710816777041943,0.051655629139072845,0.11081677704194261
0.7705724508050089,0.06350626118067978,0.0518783542039356,0.11404293381037567
0.7717584369449378,0.06216696269982238,0.052397868561278864,0.11367673179396093
0.7673903411608329,0.06424457244129375,0.05183872396987151,0.11652636242800177
0.7686205376817982,0.06434552666372852,0.05200528867342442,0.11502864698104892
0.7732919254658385,0.06033717834960071,0.05013309671694765,0.11623779946761313
0.7647317502198768,0.06156552330694811,0.054969217238346524,0.11873350923482849
0.7586660816147434,0.06186924089512944,0.05660377358490566,0.12286090390522159
0.7616304829419583,0.06513070447496677,0.05582631812140009,0.11741249446167479
0.7568523430592397,0.0645446507515473,0.052166224580017684,0.12643678160919541
0.7555456965394853,0.06566104702750665,0.052795031055900624,0.12599822537710736
0.761820592134335,0.06760936809544851,0.05037560760053027,0.12019443216968625
0.7594318686196183,0.06879715934309809,0.047936085219707054,0.12383488681757657
0.7642384105960265,0.06799116997792494,0.04900662251655629,0.11876379690949228
