R,A,S,N
0.0,0.0,1.0,0.0
0.0,0.0,1.0,0.0
0.5,0.0,0.5,0.0
1.0,0.0,0.0,0.0
0.6666666666666666,0.0,0.0,0.3333333333333333
0.5,0.0,0.16666666666666666,0.3333333333333333
0.5,0.0,0.25,0.25
0.4166666666666667,0.0,0.3333333333333333,0.25
0.3333333333333333,0.0,0.4,0.26666666666666666
0.21052631578947367,0.15789473684210525,0.3684210526315789,0.2631578947368421
0.19047619047619047,0.19047619047619047,0.3333333333333333,0.2857142857142857
0.19230769230769232,0.19230769230769232,0.3076923076923077,0.3076923076923077
0.21875,0.15625,0.3125,0.3125
0.2972972972972973,0.13513513513513514,0.2702702702702703,0.2972972972972973
0.29545454545454547,0.22727272727272727,0.20454545454545456,0.2727272727272727
0.31666666666666665,0.2,0.21666666666666667,0.26666666666666666
0.3076923076923077,0.16666666666666666,0.19230769230769232,0.3333333333333333
0.3020833333333333,0.16666666666666666,0.20833333333333334,0.3229166666666667
0.3140495867768595,0.1487603305785124,0.19008264462809918,0.34710743801652894
0.3150684931506849,0.14383561643835616,0.1780821917808219,0.363013698630137
0.3333333333333333,0.12365591397849462,0.1935483870967742,0.34946236559139787
0.33640552995391704,0.1152073732718894,0.17511520737327188,0.37327188940092165
0.3688212927756654,0.12167300380228137,0.13688212927756654,0.3726235741444867
0.3667711598746082,0.11912225705329153,0.14106583072100312,0.3730407523510972
0.39509536784741145,0.1226158038147139,0.1226158038147139,0.35967302452316074
0.39588100686498856,0.11670480549199085,0.11670480549199085,0.3707093821510298
0.38976377952755903,0.11220472440944881,0.1141732283464567,0.3838582677165354
0.39862542955326463,0.09965635738831616,0.12199312714776632,0.3797250859106529
0.3966565349544073,0.09422492401215805,0.12310030395136778,0.3860182370820669
0.40136986301369865,0.08767123287671233,0.12465753424657534,0.3863013698630137
0.39172749391727496,0.08637469586374696,0.12773722627737227,0.39416058394160586
0.39444444444444443,0.08777777777777777,0.12555555555555556,0.39222222222222225
0.3977619532044761,0.08952187182095625,0.1190233977619532,0.3936927772126144
0.40500463392029656,0.08341056533827618,0.11862835959221502,0.39295644114921224
0.409366869037294,0.0823937554206418,0.11535125758889853,0.39288811795316564
0.422866092404072,0.07830853563038372,0.11041503523884104,0.3884103367267032
0.4203216374269006,0.08187134502923976,0.10818713450292397,0.3896198830409357
0.42247799593771157,0.07921462423832092,0.11103588354773189,0.38727149627623564
0.42036553524804177,0.08093994778067885,0.11161879895561358,0.3870757180156658
0.4198895027624309,0.07796193984039287,0.10681399631675875,0.3953345610804174
0.4149377593360996,0.07765263781861292,0.1013633669235329,0.4060462359217546
0.4179443498012493,0.07893242475865986,0.097671777399205,0.40545144804088584
0.4151047409040794,0.08158765159867695,0.0970231532524807,0.40628445424476295
0.4172469201928227,0.07659346545259775,0.09801821103374397,0.40814140332083554
0.4135962636222107,0.07317073170731707,0.09859885832900882,0.4146341463414634
0.42036290322580644,0.07560483870967742,0.09979838709677419,0.40423387096774194
0.41847826086956524,0.07806324110671936,0.09337944664031621,0.41007905138339923
0.4176039119804401,0.07628361858190709,0.08606356968215159,0.42004889975550125
0.42816365366317793,0.0746907706945766,0.08563273073263558,0.4115128449096099
0.4301728164409155,0.07146193367585241,0.08080336291452592,0.4175618869687062
0.42343173431734316,0.07380073800738007,0.08302583025830258,0.41974169741697415
0.42968036529680365,0.07488584474885844,0.08401826484018265,0.41141552511415524
0.43437077131258456,0.07036535859269283,0.08299503834009923,0.41226883175462337
0.43534675615212526,0.07203579418344519,0.08053691275167785,0.4120805369127517
0.4393736017897092,0.07203579418344519,0.07785234899328859,0.41073825503355704
0.4481680071492404,0.06881143878462913,0.08087578194816801,0.40214477211796246
0.444,0.07466666666666667,0.08222222222222222,0.39911111111111114
0.45264562027567806,0.07247665629168519,0.07692307692307693,0.3979546465095598
0.45661896243291594,0.06887298747763863,0.07915921288014312,0.3953488372093023
0.4694244604316547,0.06474820143884892,0.07913669064748201,0.38669064748201437
0.4659498207885305,0.06854838709677419,0.07885304659498207,0.3866487455197133
0.4737777777777778,0.06444444444444444,0.0791111111111111,0.38266666666666665
0.4709328526363227,0.0626408292023434,0.08156827399729608,0.38485804416403785
0.4712087912087912,0.06285714285714286,0.07868131868131868,0.3872527472527473
0.4774855104770397,0.0637539010254124,0.07891217119928667,0.37984841729826124
0.48063380281690143,0.06470070422535211,0.07790492957746478,0.3767605633802817
0.4816777041942605,0.06666666666666667,0.07682119205298013,0.3748344370860927
0.4809058614564831,0.0674955595026643,0.07682060390763766,0.3747779751332149
0.48845470692717585,0.0652753108348135,0.07904085257548846,0.3672291296625222
0.49132176234979974,0.06319537160658656,0.0792167334223409,0.36626613262127283
0.48566387295985886,0.06307895897662108,0.08160564622849581,0.36965152183502425
0.4870766488413547,0.06194295900178253,0.08377896613190731,0.3672014260249554
0.49337455830388693,0.06051236749116608,0.0812720848056537,0.36484098939929327
0.4854586129753915,0.06442953020134229,0.08232662192393736,0.36778523489932885
0.4930085701398286,0.06630581867388363,0.07758231844835363,0.3631032927379341
0.5044964028776978,0.06339928057553956,0.07284172661870504,0.35926258992805754
0.5011116051578479,0.06136060471320587,0.07381058248110271,0.3637172076478435
0.502869757174393,0.06225165562913907,0.07196467991169977,0.3629139072847682
0.5114739629302736,0.057811120917917035,0.07016769638128861,0.36054721977052073
0.5130013221683561,0.059497576024680476,0.07271925958572058,0.3547818422212428
0.5057420494699647,0.05962897526501767,0.07420494699646643,0.36042402826855124
0.5081533715293081,0.061260467166152494,0.06963420008814455,0.3609519612163949
0.5075622775800712,0.06628113879003558,0.06761565836298933,0.3585409252669039
0.5108455068614431,0.06551571491810536,0.07127047366091191,0.3523683045595396
0.5108263367211666,0.06716747680070703,0.07026071586389748,0.3517454706142289
0.5193591455273698,0.07031597685803294,0.06631063640409435,0.3440142412105029
0.5151650312221231,0.06735057983942908,0.06601248884924175,0.3514719000892061
0.5236607142857143,0.06875,0.06383928571428571,0.34375
0.5205173951828724,0.07136485280999108,0.06378233719892953,0.34433541480820695
0.5221318879855466,0.06323396567299007,0.06639566395663957,0.34823848238482386
0.5334224598930482,0.059714795008912656,0.06461675579322639,0.3422459893048128
0.5342831700801425,0.060552092609082814,0.06233303650934995,0.3428317008014248
0.5412234042553191,0.061170212765957445,0.05851063829787234,0.3390957446808511
0.5354924578527063,0.06078083407275954,0.058118899733806566,0.3456078083407276
0.5393858477970628,0.06230529595015576,0.05696484201157098,0.3413440142412105
0.5432263814616756,0.06372549019607843,0.05570409982174688,0.3373440285204991
0.5504220346512662,0.06574855619724566,0.053753887161261664,0.33007552199022655
0.550373955125385,0.06159260888693357,0.052353717553893536,0.33567971843378797
0.5482300884955752,0.060619469026548675,0.05265486725663717,0.33849557522123896
0.5515714918105357,0.06241699867197875,0.05179282868525897,0.33421868083222667
0.5429599640125956,0.06342780026990553,0.054880791722896984,0.33873144399460187
0.5474387527839644,0.06414253897550111,0.05389755011135858,0.33452115812917593
0.5552120141342756,0.06537102473498234,0.05123674911660778,0.3281802120141343
0.5526548672566372,0.06592920353982301,0.050442477876106194,0.3309734513274336
0.5524229074889868,0.06960352422907488,0.051982378854625554,0.32599118942731276
0.5500667556742324,0.06898086337338674,0.0529595015576324,0.3279928793947485
0.5526197939991043,0.07075682937751904,0.05373936408419167,0.322884012539185
0.5551617190961453,0.0717766947275144,0.05361098803721755,0.31945059813912274
0.5527240773286467,0.07205623901581722,0.054042179261862916,0.3211775043936731
0.5571743929359824,0.07152317880794702,0.05121412803532009,0.3200883002207506
0.5533421868083223,0.0765825586542718,0.051350154935812305,0.3187250996015936
0.5572893446277307,0.07489968791796701,0.05037895675434686,0.3174320106999554
0.5572755417956656,0.07430340557275542,0.04997788589119859,0.31844316674038037
0.5607476635514018,0.07165109034267912,0.050734312416555405,0.3168669336893636
0.56,0.06888888888888889,0.05422222222222222,0.3168888888888889
0.5659388646288209,0.06943231441048035,0.051965065502183404,0.31266375545851527
0.5651984300043611,0.07152202354993459,0.05364151766245094,0.30963802878325336
0.5637494446912483,0.07152376721457131,0.05553087516659263,0.30919591292758775
0.56021409455843,0.07270294380017842,0.056645851917930416,0.31043710972346117
0.5587840858292356,0.06928922664282522,0.05945462673223067,0.31247206079570855
0.5687140963323023,0.07070260715863898,0.05788775961113566,0.3026955368979231
0.568950177935943,0.07072953736654804,0.055604982206405695,0.3047153024911032
0.5701676963812886,0.07237422771403354,0.05383936451897617,0.3036187113857017
0.5733924611973392,0.07361419068736141,0.05321507760532151,0.29977827050997785
0.5834797891036907,0.0672231985940246,0.05052724077328647,0.29876977152899825
0.5869947275922671,0.06985940246045694,0.04964850615114236,0.29349736379613356
0.5906642728904847,0.06283662477558348,0.04937163375224417,0.2971274685816876
0.5951541850220264,0.06299559471365639,0.05110132158590308,0.2907488986784141
0.5987544483985765,0.06316725978647687,0.04893238434163701,0.2891459074733096
0.5966460723742277,0.06443071491615181,0.05030891438658429,0.2886142983230362
0.6072679509632224,0.06260945709281962,0.04509632224168126,0.2850262697022767
0.6152474364690147,0.0606330806954971,0.045474810521622826,0.27864467231386536
0.616166077738516,0.05874558303886926,0.045936395759717315,0.2791519434628975
0.6198675496688741,0.059602649006622516,0.045916114790286976,0.27461368653421636
0.6229435304579813,0.05691418408181414,0.048910626945309024,0.2712316585148955
0.6260017809439002,0.0578806767586821,0.04719501335707925,0.26892252894033836
0.6287610619469026,0.05707964601769912,0.04380530973451328,0.270353982300885
0.6338652482269503,0.05851063829787234,0.04299645390070922,0.2646276595744681
0.633214920071048,0.05905861456483126,0.043072824156305506,0.26465364120781526
0.6409915891987605,0.05533421868083223,0.043824701195219126,0.2598494909251881
0.6423519009725907,0.054376657824933686,0.04509283819628647,0.2581786030061892
0.6469026548672566,0.05530973451327434,0.04424778761061947,0.2535398230088496
0.6473707467962881,0.05567830313742819,0.04639858594785683,0.25055236411842685
0.6465669014084507,0.06205985915492958,0.04225352112676056,0.24911971830985916
0.6536758193091231,0.05934455270150576,0.03897254207263064,0.24800708591674048
0.6598939929328622,0.061837455830388695,0.03842756183745583,0.2398409893992933
0.6600353669319187,0.060123784261715295,0.03934571175950486,0.24049513704686118
0.6594331266607617,0.05757307351638618,0.037643932683790966,0.24534986713906112
0.657606313020605,0.057430951337132836,0.037264357737834285,0.2476983779044279
0.6656374062637848,0.05778561976179974,0.038376709307454786,0.23820026466696073
0.6641725352112676,0.05369718309859155,0.03917253521126761,0.24295774647887325
0.6575099689853788,0.057598582188746125,0.03898980948161276,0.2459016393442623
0.659452296819788,0.05697879858657244,0.038869257950530034,0.24469964664310953
0.6556792873051225,0.05968819599109131,0.04187082405345212,0.24276169265033407
0.6529332736229287,0.059113300492610835,0.043439319301388266,0.2445141065830721
0.6560706401766004,0.060044150110375276,0.04370860927152318,0.2401766004415011
0.6552185548617306,0.059322033898305086,0.04192685102586976,0.24353256021409456
0.6551418439716312,0.0598404255319149,0.0398936170212766,0.24512411347517732
0.6493794326241135,0.06205673758865248,0.04343971631205674,0.24512411347517732
0.6535223748338502,0.06424457244129375,0.0412051395657953,0.2410279131590607
0.6547933157431838,0.06068601583113457,0.044415127528583995,0.24010554089709762
0.6535223748338502,0.05848471422241914,0.04209127159946832,0.2459016393442623
0.6519607843137255,0.06016042780748663,0.040998217468805706,0.24688057040998218
0.6604856512141281,0.06181015452538632,0.039735099337748346,0.2379690949227373
0.6590609916630101,0.06450197455024133,0.03861342694164107,0.2378236068451075
0.6529360210341806,0.06222611744084137,0.03987730061349693,0.24496056091148116
0.6567627494456763,0.06075388026607539,0.03813747228381375,0.2443458980044346
0.6687306501547987,0.057054400707651484,0.038920831490490936,0.23529411764705882
0.6711409395973155,0.05727069351230425,0.04161073825503356,0.22997762863534676
0.6580472581364244,0.058849754792688364,0.04413731609451627,0.23896567097637092
0.6547144754316069,0.05887560867640549,0.04293935369632581,0.2434705621956618
0.6517857142857143,0.054910714285714285,0.04375,0.24955357142857143
0.6637401229148375,0.050921861281826165,0.04433713784021071,0.24100087796312555
0.662269129287599,0.054969217238346524,0.040457343887423045,0.2423043095866315
0.6631625054752519,0.056504599211563734,0.040735873850197106,0.2395970214629873
0.6571936056838366,0.053730017761989345,0.04573712255772647,0.2433392539964476
0.6602112676056338,0.058098591549295774,0.04181338028169014,0.23987676056338028
0.6555066079295154,0.05991189427312775,0.04317180616740088,0.24140969162995596
0.6575704225352113,0.061619718309859156,0.043133802816901406,0.23767605633802816
0.6644649933949802,0.059885512989872304,0.04271246147071774,0.23293703214442976
0.6637207247017234,0.05567830313742819,0.043747238179407864,0.23685373398144058
0.6635802469135802,0.057760141093474424,0.0427689594356261,0.23589065255731922
0.6576256113828368,0.057358826144953315,0.04535349044019564,0.23966207203201423
0.6548089591567853,0.05709266578831796,0.046991655687307864,0.24110671936758893
0.6604609929078015,0.05540780141843971,0.04698581560283688,0.23714539007092197
0.6608965823346649,0.056369285397248114,0.04571682201509099,0.237017310252996
0.6648936170212766,0.057180851063829786,0.0425531914893617,0.23537234042553193
0.6690454950936664,0.056199821587867974,0.0423728813559322,0.23238180196253344
0.6753880266075388,0.05543237250554324,0.042572062084257206,0.22660753880266074
0.6736794986571173,0.05863921217547001,0.04118173679498657,0.22649955237242614
0.6717014660151044,0.05819635717458907,0.043536206130608615,0.22656597067969791
0.6677046263345195,0.054270462633451956,0.04581850533807829,0.23220640569395018
0.6733690795352993,0.054066130473637175,0.0451295799821269,0.22743521000893654
0.6768481629039398,0.05223550243470562,0.04293935369632581,0.22797698096502877
0.6794363716424483,0.054601497137824744,0.03830911492734478,0.22765301629238222
0.6812304948729381,0.05617476593847526,0.03700401248328132,0.2255907267053054
0.6842338352524358,0.053144375553587246,0.03897254207263064,0.22364924712134632
0.6860310421286031,0.05365853658536585,0.03725055432372506,0.22305986696230598
0.6893805309734513,0.05530973451327434,0.034513274336283185,0.22079646017699114
0.6928571428571428,0.05803571428571429,0.03526785714285714,0.2138392857142857
0.6907865168539326,0.059775280898876404,0.03460674157303371,0.21483146067415732
0.6909413854351687,0.053730017761989345,0.03596802841918295,0.21936056838365897
0.6925795053003534,0.05123674911660778,0.036219081272084806,0.21996466431095407
0.6967684816290394,0.05267817618415228,0.033643204957945996,0.21691013722886232
0.6960391633288829,0.05028927458834001,0.03471295060080107,0.21895861148197596
0.6919014084507042,0.050616197183098594,0.03917253521126761,0.21830985915492956
0.6853178155774395,0.051924798567591766,0.03983885407341092,0.22291853178155774
0.6936776491540516,0.05209260908281389,0.037399821905609976,0.21682991985752448
0.6911957950065704,0.05168637757336837,0.036355672360928605,0.22076215505913271
0.6974088713219148,0.05138339920948617,0.03689064558629776,0.21431708388230128
0.7031181379007466,0.04743083003952569,0.03732981993851559,0.21212121212121213
0.7057777777777777,0.049777777777777775,0.037333333333333336,0.2071111111111111
0.7066134043497558,0.04660452729693742,0.03817132711939636,0.20861074123391035
0.7128273413226809,0.04438526409232135,0.039502885042166,0.20328450954283178
0.7161091549295775,0.04401408450704225,0.03697183098591549,0.20290492957746478
0.7165354330708661,0.047244094488188976,0.0363079615048119,0.199912510936133
0.7173238812583075,0.04873726185201595,0.03766061143110323,0.19627824545857334
0.7180969319697643,0.04713205869275233,0.0377945753668297,0.19697643397065362
0.7208684093929996,0.05050952591936198,0.03721754541426672,0.19140451927337174
0.7238906320035858,0.052891080233079334,0.03675481846705513,0.1864634692962797
0.7252410166520596,0.05346187554776512,0.03680981595092025,0.18448729184925505
0.7240316901408451,0.05501760563380282,0.03917253521126761,0.1817781690140845
0.7262273330384785,0.05307386112339673,0.039805395842547546,0.18089340999557718
0.72472647702407,0.05470459518599562,0.03938730853391685,0.1811816192560175
0.7182417582417583,0.054945054945054944,0.041758241758241756,0.18505494505494505
0.7212041884816754,0.053228621291448515,0.04057591623036649,0.1849912739965096
0.7200532386867791,0.05456965394853593,0.04214729370008873,0.18322981366459629
0.7188737351517818,0.05763308402991641,0.04223493180818302,0.18125824901011878
0.7181738366988587,0.056189640035118525,0.043898156277436345,0.18173836698858647
0.7170062001771479,0.058015943312666074,0.04162976085031001,0.183348095659876
0.7152317880794702,0.05607064017660044,0.045474613686534215,0.18322295805739514
0.7187637969094923,0.05783664459161148,0.04415011037527594,0.17924944812362031
0.7193292144748455,0.05736981465136805,0.04148278905560459,0.18181818181818182
0.7154904571682201,0.06125166444740346,0.040390590324012425,0.18286728806036395
0.713215859030837,0.06255506607929516,0.03832599118942731,0.18590308370044054
0.717391304347826,0.06299911268855368,0.0385980479148181,0.18101153504880213
0.7190560997328584,0.06366874443455031,0.037399821905609976,0.1798753339269813
0.7214854111405835,0.05968169761273209,0.03669319186560566,0.18213969938107868
0.7214063195371606,0.06275033377837116,0.03693813974187806,0.17890520694259013
0.7260889088459811,0.061517736865738665,0.03771890435563539,0.1746744499326448
0.7283568904593639,0.06007067137809187,0.03666077738515901,0.17491166077738515
0.7243816254416962,0.061837455830388695,0.037985865724381625,0.17579505300353357
0.7238772787905736,0.06047132058692752,0.04046242774566474,0.17518897287683416
0.720620842572062,0.06075388026607539,0.041685144124168516,0.17694013303769401
0.7225177304964538,0.06205673758865248,0.040780141843971635,0.17464539007092197
0.7132024977698483,0.059322033898305086,0.043710972346119537,0.18376449598572703
0.7087765957446809,0.0625,0.04210992907801418,0.18661347517730498
0.7144748455428067,0.05913503971756399,0.038834951456310676,0.18755516328331862
0.7170559717937417,0.05729396209784046,0.04010577346848832,0.1855442926399295
0.7164700742682394,0.05897771952817824,0.03844473569244211,0.18610747051114024
0.7171717171717171,0.06104523495827844,0.03908651734738691,0.18269653052261747
0.7187776793622674,0.060673162090345435,0.03808680248007086,0.1824623560673162
0.7230088495575221,0.058849557522123896,0.03982300884955752,0.17831858407079645
0.7234230260255845,0.05690339655932951,0.03925893250992501,0.18041464490516101
0.7228381374722838,0.05898004434589801,0.039467849223946784,0.1787139689578714
0.7276350752878654,0.05358724534986714,0.038529672276350756,0.18024800708591673
0.7311072056239016,0.05228471001757469,0.03998242530755712,0.1766256590509666
0.7277140335392762,0.05383936451897617,0.0410414827890556,0.17740511915269197
0.719840919133893,0.052585064074237735,0.04330534688466637,0.18426866990720284
0.7200176366843033,0.05026455026455026,0.04365079365079365,0.18606701940035272
0.7241532976827094,0.05303030303030303,0.0427807486631016,0.1800356506238859
0.7239236573457613,0.052374611628939194,0.043941411451398134,0.17976031957390146
0.7278368794326241,0.05230496453900709,0.04343971631205674,0.17641843971631205
0.7338352524357838,0.0491585473870682,0.04428697962798937,0.17271922054915856
0.7343336275375111,0.05030891438658429,0.04457193292144748,0.1707855251544572
0.7269519188354654,0.05381561535068372,0.043670048522276135,0.17556241729157476
0.7353711790393013,0.05240174672489083,0.04323144104803493,0.16899563318777291
0.7410358565737052,0.054891544931385566,0.03939796370075255,0.1646746347941567
0.7418635755684352,0.054837271511368704,0.03611234953187695,0.1671868033883192
0.7421944692239072,0.05307760927743087,0.03746654772524532,0.1672613737734166
0.7452454666076958,0.05395842547545334,0.038920831490490936,0.16187527642636002
0.7472283813747228,0.05543237250554324,0.04124168514412417,0.15609756097560976
0.7521064301552106,0.054988913525498895,0.040354767184035474,0.152549889135255
0.7561837455830389,0.053003533568904596,0.04240282685512368,0.14840989399293286
0.7571998227735932,0.051395657953035,0.04209127159946832,0.14931324767390342
0.7600886917960089,0.05232815964523282,0.041685144124168516,0.1458980044345898
0.7588183421516755,0.05555555555555555,0.04056437389770723,0.14506172839506173
0.7530701754385964,0.05350877192982456,0.043859649122807015,0.14956140350877192
0.7494456762749445,0.05232815964523282,0.043458980044345896,0.1547671840354767
0.752858399296394,0.048812664907651716,0.04353562005277045,0.1547933157431838
0.7532122286220647,0.04563579973416039,0.043420469649977846,0.15773150199379707
0.7574411372723234,0.047534429142603286,0.043536206130608615,0.1514882274544647
0.7610619469026548,0.04336283185840708,0.04292035398230089,0.15265486725663716
0.7585601404741001,0.04477611940298507,0.04258121158911326,0.15408252853380158
0.7595604395604396,0.04527472527472527,0.041758241758241756,0.1534065934065934
0.75,0.050788091068301226,0.043345008756567424,0.15586690017513136
0.745934065934066,0.05186813186813187,0.04483516483516484,0.15736263736263736
0.7494446912483341,0.04975566414926699,0.04309195912927588,0.15770768547312305
0.7528837622005324,0.05102040816326531,0.03948535936113576,0.15661047027506655
0.7564949361514751,0.04711580801409071,0.03830911492734478,0.15808014090708938
0.7616511318242344,0.04704837993786063,0.03772747447847315,0.15357301375943186
0.7688219663418955,0.04650132860938884,0.03587245349867139,0.1488042515500443
0.7715422006186479,0.04551480335837384,0.035793194874060984,0.14714980114891738
0.768270944741533,0.04500891265597148,0.03787878787878788,0.14884135472370766
0.7726063829787234,0.044326241134751775,0.03723404255319149,0.14583333333333334
0.7746354396818382,0.04330534688466637,0.03932832523199293,0.14273088820150243
0.7729872415310163,0.04487461504619446,0.03915530136383634,0.14298284205895292
0.7766051011433597,0.047053649956024624,0.03869832893579595,0.1376429199648197
0.772202486678508,0.04884547069271759,0.040408525754884544,0.13854351687388988
0.7794183445190157,0.04697986577181208,0.040268456375838924,0.13333333333333333
0.7847769028871391,0.04330708661417323,0.03937007874015748,0.1325459317585302
0.785430463576159,0.04282560706401766,0.039735099337748346,0.13200883002207506
0.7822222222222223,0.042666666666666665,0.03866666666666667,0.13644444444444445
0.7788120567375887,0.047429078014184396,0.03900709219858156,0.1347517730496454
0.7838553153947949,0.04455227172474636,0.03925893250992501,0.13233348037053375
0.7784642541924095,0.041924095322153576,0.03927625772285966,0.14033539276257723
0.7748460861917327,0.04353562005277045,0.04133685136323659,0.14028144239226034
0.7743499338915822,0.044072278536800354,0.04010577346848832,0.14147201410312912
0.7788120567375887,0.03945035460992908,0.041223404255319146,0.14051418439716312
0.7832599118942731,0.038766519823788544,0.04229074889867841,0.1356828193832599
0.7844178840194777,0.035413899955732624,0.03939796370075255,0.1407702523240372
0.7792494481236203,0.039293598233995586,0.037969094922737305,0.1434878587196468
0.7734340293203021,0.03953798311861395,0.03998223011994669,0.14704575744113726
0.7690253671562083,0.040943480195816645,0.04227859368046284,0.14775255896751224
0.7712014134275619,0.04107773851590106,0.04063604240282685,0.14708480565371024
0.7749889916336415,0.03963011889035667,0.03786878027300748,0.14751210920299426
0.7724844167408726,0.04007123775601069,0.03873552983081033,0.14870881567230632
0.769162605228179,0.043863535666814356,0.03766061143110323,0.14931324767390342
0.7699194270367055,0.04073410922112802,0.03983885407341092,0.1495076096687556
0.7673505019642077,0.04277608031427324,0.04146660846791794,0.14840680925360106
0.7622252131000449,0.04306864064602961,0.04127411395244504,0.15343203230148048
0.7599645704162976,0.04384410983170948,0.04472984942426927,0.15146147032772364
0.7758771929824562,0.042105263157894736,0.04298245614035088,0.13903508771929823
0.7742653606411398,0.0427426536064114,0.04229741763134461,0.14069456812110417
0.7747546833184656,0.04192685102586976,0.043264942016057094,0.1400535236396075
0.7747228381374723,0.040354767184035474,0.04478935698447894,0.1401330376940133
0.7792035398230088,0.0420353982300885,0.04336283185840708,0.13539823008849558
0.7752759381898455,0.0423841059602649,0.04105960264900662,0.141280353200883
0.769704975781594,0.04051078819903126,0.041831792162043156,0.14795244385733158
0.7724656927844179,0.0398406374501992,0.04426737494466578,0.14342629482071714
0.7693654266958424,0.04113785557986871,0.04070021881838074,0.1487964989059081
0.7762237762237763,0.04195804195804196,0.039335664335664336,0.14248251748251747
0.7777777777777778,0.041005291005291,0.039241622574955906,0.1419753086419753
0.7757174392935983,0.0423841059602649,0.04150110375275938,0.1403973509933775
0.7770360480640854,0.04494882064975523,0.04227859368046284,0.13573653760569648
0.7744661921708185,0.04581850533807829,0.04225978647686833,0.13745551601423486
0.773593265396544,0.046964997784669914,0.044306601683650866,0.13513513513513514
0.7719453021614469,0.04808116453462726,0.04543449492721659,0.1345390383767093
0.7739938080495357,0.04909332153914197,0.04290137107474569,0.13401149933657674
0.7762455516014235,0.04804270462633452,0.041370106761565835,0.13434163701067617
0.7783185840707965,0.046902654867256637,0.03893805309734513,0.13584070796460176
0.7819884083816317,0.049041462327240305,0.038341506910387874,0.13062862238074008
0.7798490901020861,0.05059920106524634,0.03772747447847315,0.1318242343541944
0.7854945054945055,0.04967032967032967,0.04,0.12483516483516484
0.7778757161745262,0.05156456588805641,0.040546496253856326,0.13001322168356105
0.7827616534740546,0.051011433597185574,0.04309586631486367,0.12313104661389622
0.7837004405286344,0.05110132158590308,0.04229074889867841,0.12290748898678414
0.783975210270031,0.04957945993802568,0.04293935369632581,0.12350597609561753
0.7849557522123893,0.047787610619469026,0.04469026548672567,0.12256637168141593
0.7900088417329797,0.04862953138815208,0.040229885057471264,0.121131741821397
0.7884530630233583,0.04627589246364037,0.040546496253856326,0.124724548259145
0.792149866190901,0.04460303300624442,0.040588760035682424,0.12265834076717216
0.7916299559471366,0.04581497797356828,0.04140969162995595,0.1211453744493392
0.7915194346289752,0.045936395759717315,0.04107773851590106,0.12146643109540636
0.7955752212389381,0.046460176991150445,0.03849557522123894,0.11946902654867257
0.792520035618878,0.0458593054318789,0.04096170970614425,0.12065894924309885
0.7950639048038783,0.045835169678272364,0.03966505068312032,0.11943587483472895
0.7939876215738285,0.04730327144120248,0.03801945181255526,0.1206896551724138
0.7955654101995565,0.04478935698447894,0.03592017738359202,0.1237250554323725
0.7922192749778957,0.046861184792219276,0.03138815207780725,0.12953138815207782
0.7908322207387628,0.04984423676012461,0.03159768580329328,0.1277258566978193
0.7864120781527532,0.050621669626998225,0.03285968028419183,0.13010657193605685
0.7830523513753327,0.05368234250221828,0.0323868677905945,0.13087843833185447
0.7885209713024283,0.051655629139072845,0.03090507726269316,0.12891832229580574
0.7905643738977073,0.050705467372134036,0.026895943562610228,0.1318342151675485
0.79567519858782,0.04942630185348632,0.026037069726390114,0.12886142983230361
0.8008003557136505,0.04757670075589151,0.029346376167185415,0.12227656736327257
0.8,0.047787610619469026,0.031415929203539826,0.12079646017699115
0.7996430165104864,0.05220883534136546,0.0321285140562249,0.11601963409192324
0.8020372010628876,0.050487156775907885,0.033215234720992026,0.11426040744021258
0.804251550044287,0.050487156775907885,0.03587245349867139,0.10938883968113375
0.8081830180378354,0.0475142982842059,0.03695556533216014,0.1073471183457985
0.8141476274165202,0.04437609841827768,0.03427065026362039,0.10720562390158173
0.8142981691368788,0.043591979075850044,0.03051438535309503,0.11159546643417612
0.81280353200883,0.047240618101545256,0.02913907284768212,0.11081677704194261
0.8101545253863135,0.046799116997792496,0.029580573951434878,0.11346578366445915
0.8185483870967742,0.04390681003584229,0.028225806451612902,0.10931899641577061
0.8161572052401747,0.0462882096069869,0.03056768558951965,0.10698689956331878
0.8133802816901409,0.047975352112676055,0.029049295774647887,0.10959507042253522
0.8147822261328641,0.04575450945886494,0.029916410030796304,0.1095468543774747
0.812807881773399,0.0483654276757725,0.03179579041648007,0.1070309001343484
0.8091637010676157,0.04715302491103203,0.03558718861209965,0.10809608540925267
0.8097969991173875,0.04810238305383936,0.03662842012356576,0.10547219770520741
0.8140257434531736,0.04704837993786063,0.03417665335108744,0.10474922325787839
0.8144736842105263,0.04736842105263158,0.034210526315789476,0.10394736842105264
0.8180604982206405,0.04581850533807829,0.037366548042704624,0.09875444839857651
0.8181818181818182,0.04523281596452328,0.03547671840354767,0.10110864745011086
0.8106796116504854,0.04677846425419241,0.03795233892321271,0.10458958517210945
0.811453744493392,0.046255506607929514,0.03832599118942731,0.10396475770925111
0.8087382969237629,0.04993312527864467,0.038341506910387874,0.10298707088720464
0.8114035087719298,0.04912280701754386,0.04254385964912281,0.0969298245614035
0.8137082601054482,0.0492091388400703,0.043497363796133566,0.09358523725834798
0.8151932474455797,0.04886717014660151,0.04175921812527766,0.09418036428254109
0.8168207837956847,0.04931748128577719,0.04095112285336856,0.09291061206516953
0.8174182139699381,0.04862953138815208,0.03934571175950486,0.09460654288240496
0.8203646064917741,0.048465984882169855,0.0377945753668297,0.09337483325922633
0.8198158702323542,0.04997807978956598,0.03814116615519509,0.0920648838228847
0.8212389380530973,0.05,0.0415929203539823,0.08716814159292036
0.817013735046522,0.048294195835179445,0.0407620735489588,0.09392999556933983
0.8197443807844865,0.04759806081974438,0.04098721903922433,0.09167033935654473
0.8180204172214824,0.04704837993786063,0.03994673768308921,0.09498446515756769
0.8168383340797134,0.050156739811912224,0.03851321092700403,0.09449171518137035
0.8190224570673712,0.05328049317481286,0.03830911492734478,0.08938793483047115
0.8159645232815964,0.05188470066518847,0.040354767184035474,0.0917960088691796
0.81427304964539,0.05540780141843971,0.040780141843971635,0.08953900709219859
0.8089086859688196,0.053452115812917596,0.042761692650334075,0.09487750556792873
0.8086802480070859,0.05447298494242692,0.03985828166519043,0.09698848538529672
0.8114285714285714,0.05318681318681319,0.04043956043956044,0.09494505494505495
0.8118681318681319,0.05318681318681319,0.04087912087912088,0.09406593406593407
0.8084070796460177,0.05398230088495575,0.04469026548672567,0.09292035398230089
0.8119205298013245,0.052980132450331126,0.04282560706401766,0.0922737306843267
0.8088630259623992,0.052372426141450316,0.044762757385854966,0.09400179051029543
0.8094816127603013,0.05050952591936198,0.04474966770048737,0.09525919361984936
0.812972012438916,0.04975566414926699,0.041314971123944916,0.09595735228787206
0.8117803365810452,0.0491585473870682,0.042515500442869794,0.09654561558901682
0.8167770419426048,0.04900662251655629,0.04105960264900662,0.09315673289183223
0.8224092116917626,0.045172719220549155,0.03897254207263064,0.09344552701505757
0.8203991130820399,0.04478935698447894,0.03902439024390244,0.09578713968957872
0.8245458573327425,0.04474966770048737,0.03677447939743022,0.09392999556933983
0.8257408226448474,0.04467049977885891,0.03494029190623618,0.0946483856700575
0.8218874612317235,0.04474966770048737,0.034559149313247675,0.09880372175454143
0.8220264317180617,0.04537444933920705,0.033920704845814977,0.0986784140969163
0.8201058201058201,0.048500881834215165,0.03527336860670194,0.09611992945326278
0.8256798930004459,0.045474810521622826,0.034329023629068214,0.09451627284886313
0.8278291501541172,0.043593130779392336,0.03478643769264641,0.09379128137384413
0.8235035211267606,0.04357394366197183,0.03433098591549296,0.09859154929577464
0.825347066726377,0.04567845947156292,0.035826242722794444,0.09314823107926556
0.829105473965287,0.044058744993324434,0.032932799287939477,0.09390298175344905
0.8290636042402827,0.0446113074204947,0.03224381625441696,0.09408127208480566
0.8260485651214128,0.04370860927152318,0.032671081677704196,0.09757174392935983
0.831410825199645,0.040372670807453416,0.0323868677905945,0.09582963620230701
0.8351254480286738,0.04121863799283154,0.03225806451612903,0.0913978494623656
0.8313570487483531,0.041282389108476064,0.032059727711901624,0.09530083443126922
0.8359788359788359,0.04144620811287478,0.03262786596119929,0.08994708994708994
0.832449160035367,0.041998231653404064,0.032714412024756855,0.09283819628647215
0.835676625659051,0.03866432337434095,0.03031634446397188,0.09534270650263621
0.8353306702174877,0.03861517976031957,0.031069684864624945,0.09498446515756769
0.8370239149689991,0.04118689105403012,0.027900797165633304,0.09388839681133747
0.8343666961913198,0.046058458813108945,0.02745792736935341,0.09211691762621789
0.8300132802124834,0.046038069942452416,0.029216467463479414,0.09473218238158478
0.8378256963162624,0.04672057502246182,0.026504941599281222,0.0889487870619946
0.8358929354980255,0.04738920579201404,0.027643703378674857,0.08907415533128565
0.8388392857142857,0.04776785714285714,0.030357142857142857,0.08303571428571428
0.8424081451969898,0.04869411243913236,0.033200531208499334,0.07569721115537849
0.8382997370727432,0.04688869412795793,0.033304119193689745,0.08150744960560911
0.8360583296509059,0.04639858594785683,0.035793194874060984,0.08174988952717631
0.8375165125495376,0.046235138705416116,0.0361074416556583,0.08014090708938794
0.8358407079646017,0.04336283185840708,0.03849557522123894,0.08230088495575222
0.8338488731771984,0.04330534688466637,0.03800265134776845,0.08484312859036677
0.8328187031318923,0.04278782531980591,0.03970004411116013,0.0846934274371416
0.8305383936451898,0.04501323918799647,0.040158870255957636,0.08428949691085613
0.8337019018133569,0.04467049977885891,0.03847854931446263,0.08314904909332153
0.829300483941927,0.04399472063352398,0.039595248570171576,0.08710954685437748
0.822466960352423,0.04581497797356828,0.042731277533039645,0.08898678414096917
0.8288605367355917,0.04575450945886494,0.04135503739551254,0.0840299164100308
0.8255813953488372,0.04830053667262969,0.04203935599284436,0.08407871198568873
0.8259521700620017,0.047829937998228524,0.04162976085031001,0.0845881310894597
0.8210665491405905,0.048920229175848394,0.044072278536800354,0.08594094314676069
0.8210202286719437,0.047493403693931395,0.04353562005277045,0.08795074758135445
0.8214442013129103,0.05076586433260394,0.043326039387308536,0.08446389496717724
0.8178633975481612,0.050788091068301226,0.043782837127845885,0.08756567425569177
0.8135818908122503,0.05459387483355526,0.04349755881047492,0.08832667554371948
0.8162090345438441,0.05004428697962799,0.045172719220549155,0.08857395925597875
0.8173797970886635,0.05205116894574327,0.048963387737097484,0.08160564622849581
0.8218213814342279,0.049714034315882095,0.049714034315882095,0.07875054993400792
0.8193832599118943,0.046255506607929514,0.051982378854625554,0.08237885462555065
0.8253333333333334,0.04533333333333334,0.04933333333333333,0.08
0.822380106571936,0.04440497335701599,0.051953818827708706,0.08126110124333925
0.8215398308856253,0.044058744993324434,0.050734312416555405,0.08366711170449488
0.8230361871138571,0.0441306266548985,0.048984995586937335,0.08384819064430715
0.8237362637362637,0.04263736263736264,0.05054945054945055,0.08307692307692308
0.820298769771529,0.04481546572934974,0.05228471001757469,0.08260105448154657
0.8234258036107441,0.04227212681638045,0.05107881990312638,0.083223249669749
0.8197879858657244,0.044169611307420496,0.05035335689045936,0.08568904593639576
0.8175407668576465,0.04627589246364037,0.0493609519612164,0.0868223887174967
0.8189845474613686,0.047240618101545256,0.04856512141280353,0.08520971302428255
0.8198840838163174,0.04502897904592064,0.05037895675434686,0.08470798038341507
0.8190774742498881,0.04567845947156292,0.050156739811912224,0.08508732646663682
0.8281527531083481,0.04573712255772647,0.04218472468916518,0.08392539964476022
0.8305913739439751,0.04357492218763895,0.041796353935082256,0.0840373499333037
0.8314056939501779,0.04314946619217082,0.04314946619217082,0.08229537366548043
0.8387673068334077,0.04644930772666369,0.03974988834301027,0.07503349709691827
0.8385531539479488,0.044993383325981476,0.038376709307454786,0.0780767534186149
0.8410097431355181,0.046944198405668734,0.03941541186891054,0.07263064658990256
0.8442586889573251,0.04399472063352398,0.0387153541575011,0.0730312362516498
0.838737949167397,0.046012269938650305,0.042068361086765996,0.07318141980718668
0.8357615894039735,0.04856512141280353,0.04105960264900662,0.07461368653421634
0.8315555555555556,0.049777777777777775,0.04133333333333333,0.07733333333333334
0.8281938325991189,0.04977973568281938,0.046255506607929514,0.07577092511013216
0.8265895953757225,0.05246776345042241,0.04535349044019564,0.0755891507336594
0.8283185840707965,0.05265486725663717,0.04424778761061947,0.0747787610619469
0.8330388692579506,0.054770318021201414,0.04151943462897526,0.0706713780918728
0.8352575488454707,0.0541740674955595,0.04129662522202487,0.06927175843694494
0.8403176003528893,0.05249228054697839,0.04102337891486546,0.06616674018526687
0.8459161147902869,0.051655629139072845,0.040176600441501106,0.06225165562913907
0.8449577965348734,0.054198134162594405,0.03998223011994669,0.06086183918258552
0.8446302816901409,0.0528169014084507,0.04225352112676056,0.06029929577464789
0.846699158174568,0.05183872396987151,0.0407620735489588,0.06070004430660168
0.8469026548672567,0.05265486725663717,0.03938053097345133,0.061061946902654866
0.8459495351925631,0.054006197432492256,0.03939796370075255,0.06064630367419212
0.8506205673758865,0.051418439716312055,0.041223404255319146,0.05673758865248227
0.8494242692648362,0.048715677590788306,0.042515500442869794,0.05934455270150576
0.8461538461538461,0.04802134281903068,0.0426856380613606,0.06313917296576256
0.8443458980044346,0.04567627494456763,0.04212860310421286,0.06784922394678493
0.8378496503496503,0.045454545454545456,0.04632867132867133,0.07036713286713286
0.83311199645861,0.046038069942452416,0.05002213368747233,0.07082779991146525
0.8397181858212242,0.043593130779392336,0.048436811977102597,0.06825187142228094
0.8366711170449488,0.040498442367601244,0.0520694259012016,0.07076101468624833
0.8304250559284116,0.03982102908277405,0.05548098434004474,0.07427293064876958
0.8337742504409171,0.039241622574955906,0.053791887125220456,0.07319223985890652
0.8322295805739515,0.04194260485651214,0.051655629139072845,0.07417218543046358
0.8283681636282793,0.04224099599822143,0.05113383726100489,0.07825700311249444
0.8306808134394341,0.041998231653404064,0.05083996463306808,0.07648099027409372
0.8325253415601587,0.041427941824592335,0.0493609519612164,0.07668576465403261
