R,A,S,N
0,0,0,0
0.0,0.0,1.0,0.0
0.5,0.0,0.5,0.0
0.5714285714285714,0.0,0.42857142857142855,0.0
0.42857142857142855,0.14285714285714285,0.42857142857142855,0.0
0.38095238095238093,0.19047619047619047,0.3333333333333333,0.09523809523809523
0.4166666666666667,0.19444444444444445,0.3055555555555556,0.08333333333333333
0.37735849056603776,0.16981132075471697,0.32075471698113206,0.1320754716981132
0.34177215189873417,0.189873417721519,0.3037974683544304,0.16455696202531644
0.3392857142857143,0.16071428571428573,0.32142857142857145,0.17857142857142858
0.3181818181818182,0.17532467532467533,0.3116883116883117,0.19480519480519481
0.33,0.185,0.285,0.2
0.3146067415730337,0.1797752808988764,0.30711610486891383,0.19850187265917604
0.32558139534883723,0.1686046511627907,0.311046511627907,0.19476744186046513
0.3411764705882353,0.16470588235294117,0.30117647058823527,0.19294117647058823
0.33661417322834647,0.17125984251968504,0.297244094488189,0.19488188976377951
0.3201320132013201,0.16666666666666666,0.30363036303630364,0.20957095709570958
0.3229901269393512,0.1692524682651622,0.2947813822284908,0.21297602256699577
0.3199513381995134,0.17274939172749393,0.28832116788321166,0.21897810218978103
0.2992623814541623,0.18967334035827185,0.28240252897787144,0.22866174920969443
0.29829545454545453,0.19128787878787878,0.2831439393939394,0.22727272727272727
0.29456066945606696,0.2083682008368201,0.27615062761506276,0.22092050209205022
0.2929061784897025,0.2204424103737605,0.26849733028222733,0.21815408085430968
0.29395604395604397,0.2287087912087912,0.260989010989011,0.21634615384615385
0.2886662492172824,0.23794614902943018,0.25046963055729493,0.2229179711959925
0.2810111699000588,0.24338624338624337,0.25455614344503236,0.2210464432686655
0.29009304871373837,0.2501368363437329,0.2435686918445539,0.21620142309797483
0.2920124481327801,0.25778008298755184,0.2391078838174274,0.21109958506224066
0.2903386454183267,0.2549800796812749,0.24252988047808766,0.21215139442231076
0.28967495219885275,0.255736137667304,0.24091778202676864,0.21367112810707456
0.29929742388758784,0.25526932084309134,0.23793911007025761,0.20749414519906323
0.29471733086190915,0.2632066728452271,0.23772011121408712,0.20435588507877664
0.2877959927140255,0.26821493624772313,0.2354280510018215,0.20856102003642987
0.2940117064385412,0.26474561008554703,0.23773075191355245,0.2035119315623593
0.2901646639964397,0.2639074321317312,0.24121050289274587,0.20471740097908322
0.28152753108348133,0.27175843694493784,0.23712255772646537,0.20959147424511546
0.28711547035220686,0.2746321890325457,0.23495318769505127,0.20329915292019615
0.2826183104820876,0.27333038478549315,0.24148606811145512,0.20256523662096418
0.27833698030634574,0.2700218818380744,0.24814004376367615,0.20350109409190373
0.2810978308986277,0.27224435590969454,0.24479858344400177,0.20185922974767595
0.28501988510826337,0.275740167918692,0.24083075563411402,0.19840919133893062
0.2871067789100576,0.2751439964554719,0.23393885688967656,0.20381036774479397
0.2833260008798944,0.2872855257369116,0.23053233611966564,0.19885613726352838
0.2891725352112676,0.29005281690140844,0.21786971830985916,0.20290492957746478
0.2913907284768212,0.2865342163355408,0.22560706401766004,0.19646799116997793
0.29516200621393696,0.2862849533954727,0.2205947625388371,0.1979582778517532
0.29651162790697677,0.2889087656529517,0.2204830053667263,0.19409660107334525
0.2999558888398765,0.2858403176003529,0.21746801940891045,0.19673577415086016
0.2968542312804608,0.28400531679220203,0.2193176783340718,0.1998227735932654
0.2903795233892321,0.2846425419240953,0.2228596646072374,0.20211827007943514
0.2912234042553192,0.28856382978723405,0.22340425531914893,0.19680851063829788
0.29282254513430206,0.29238221047996477,0.22060766182298547,0.19418758256274768
0.2966064345526664,0.2899955927721463,0.21903922432789774,0.19435874834728956
0.2909817858729454,0.29631274988893824,0.21545979564637938,0.197245668591737
0.2965271593944791,0.2898486197684773,0.21549421193232413,0.1981300089047195
0.29396209784045835,0.2895548699867783,0.21419127368884971,0.20229175848391362
0.2922874671340929,0.28965819456617004,0.21297107800175286,0.20508326029798424
0.2919418758256275,0.2848965213562307,0.21532364597093792,0.20783795684720388
0.2820401046207498,0.2842197035745423,0.21839581517000872,0.2153443766346992
0.28269484808454426,0.28357551739321885,0.22280933509467196,0.21092029942756496
0.2854609929078014,0.2828014184397163,0.21897163120567376,0.2127659574468085
0.2929602098819414,0.2824661128115435,0.2195015303891561,0.20507214691735898
0.2921249450065992,0.28244610646722396,0.22041355037395513,0.20501539815222172
0.2932396839332748,0.28226514486391574,0.22168568920105355,0.20280948200175591
0.2967372134038801,0.2795414462081129,0.22178130511463845,0.2019400352733686
0.29525483304042177,0.28075571177504394,0.21968365553602812,0.20430579964850615
0.3024390243902439,0.2727272727272727,0.21773835920177384,0.20709534368070953
0.301460823373174,0.2718016821602479,0.21248339973439576,0.21425409473218238
0.3058144695960941,0.2694185530403906,0.21127385707944962,0.2134931202840657
0.3088429388473383,0.267927848658161,0.21381434227892654,0.20941487021557414
0.3030436700485223,0.2655491839435377,0.21835024261138067,0.21305690339655933
0.3070484581497797,0.2647577092511013,0.2145374449339207,0.21365638766519823
0.3001768346595933,0.26834659593280286,0.21927497789566755,0.21220159151193635
0.3098281181137065,0.26487439400617013,0.21859850154252974,0.20669898633759365
0.30304386750223816,0.26768128916741274,0.220680393912265,0.20859444941808417
0.30185348631950576,0.263901147396293,0.2149161518093557,0.21932921447484555
0.3032714412024757,0.2656940760389036,0.21087533156498675,0.22015915119363394
0.2997792494481236,0.2653421633554084,0.20618101545253864,0.22869757174392935
0.3062583222370173,0.25876608965823344,0.20461606746560143,0.2303595206391478
0.30465320456540823,0.25636523266022826,0.20851624231782265,0.23046532045654083
0.309010989010989,0.2602197802197802,0.2043956043956044,0.22637362637362637
0.3043286219081272,0.26369257950530034,0.20008833922261485,0.2318904593639576
0.3084029916410031,0.26616805983282005,0.19973603167619886,0.225692916849978
0.3100741386829481,0.25861317051897076,0.19973833406018315,0.23157435673789795
0.3098159509202454,0.2567922874671341,0.19544259421560034,0.23794916739702016
0.30250990752972257,0.2567151034786438,0.20167327168648172,0.23910171730515192
0.3023566029346376,0.2543352601156069,0.20453534904401957,0.2387727879057359
0.30127922364358184,0.25584472871636527,0.20335244816938686,0.23952359947066607
0.3014121800529568,0.2524271844660194,0.20167696381288613,0.2444836716681377
0.30604203152364273,0.2508756567425569,0.19964973730297722,0.2434325744308231
0.30629432624113473,0.25443262411347517,0.19946808510638298,0.2398049645390071
0.30978499341816584,0.25362000877577884,0.19569986836331724,0.24089512944273805
0.3018951079770824,0.25738210665491407,0.19612163948876157,0.24460114587924195
0.3044240035041612,0.25711782742006134,0.19491896627244854,0.24353920280332894
0.3010610079575597,0.2568523430592396,0.1989389920424403,0.24314765694076038
0.30910683012259194,0.2521891418563923,0.20052539404553416,0.2381786339754816
0.3170947741364039,0.25066430469441986,0.20017714791851196,0.2320637732506643
0.3118374558303887,0.25220848056537104,0.19920494699646643,0.23674911660777384
0.3185880250223414,0.25067024128686327,0.1966041108132261,0.23413762287756926
0.3163941670349094,0.25187803800265135,0.1917808219178082,0.23994697304463103
0.31776112825033054,0.24812692816218598,0.1890700749228735,0.24504186866460997
0.3172992056487202,0.2471315092674316,0.18667255075022066,0.24889673433362755
0.30928288605367354,0.24725032996040475,0.1869775626924769,0.2564892212934448
0.31310894596988487,0.24977856510186006,0.18644818423383525,0.25066430469441986
0.31115028646981047,0.24724548259145,0.19083296606434552,0.250771264874394
0.30962897526501765,0.2504416961130742,0.18904593639575973,0.2508833922261484
0.3172866520787746,0.24901531728665208,0.18336980306345732,0.25032822757111595
0.3172019357677079,0.24725032996040475,0.18521777386713595,0.2503299604047514
0.314298362107127,0.24833997343957503,0.19123505976095617,0.24612660469234174
0.3136563876651982,0.24140969162995596,0.18722466960352424,0.2577092511013216
0.31581272084805656,0.23674911660777384,0.1868374558303887,0.26060070671378094
0.3076241134751773,0.24157801418439717,0.1875,0.2632978723404255
0.3132476739034116,0.23393885688967656,0.18741692512184316,0.2653965440850687
0.3168056164984642,0.23036419482229048,0.18692408951294429,0.26590609916630104
0.30799648506151145,0.23550087873462214,0.19463971880492092,0.2618629173989455
0.3020372010628875,0.23604960141718334,0.1975199291408326,0.26439326837909655
0.3032570422535211,0.24295774647887325,0.19454225352112675,0.2592429577464789
0.30148992112182293,0.24145486415425066,0.1971954425942156,0.2598597721297108
0.29973474801061006,0.24358974358974358,0.1940760389036251,0.2625994694960212
0.30172033524481695,0.24128804587560654,0.19541243934715483,0.2615791795324217
0.30004399472063353,0.2410910690717114,0.19401671799384074,0.2648482182138143
0.2983521248915872,0.24501300954032956,0.19601040763226366,0.2606244579358196
0.29691629955947135,0.2444933920704846,0.19691629955947137,0.2616740088105727
0.29690265486725664,0.24292035398230089,0.19380530973451326,0.2663716814159292
0.29290718038528896,0.23861646234676007,0.19964973730297722,0.26882661996497376
0.2920353982300885,0.2398230088495575,0.19734513274336282,0.27079646017699116
0.29476462824461064,0.2402111746590409,0.19665640123185218,0.2683677958644963
0.2987241531016278,0.2402111746590409,0.19621645402551693,0.2648482182138143
0.29845474613686535,0.247682119205298,0.19072847682119207,0.2631346578366446
0.3010989010989011,0.24395604395604395,0.18857142857142858,0.2663736263736264
0.3077260755048288,0.2414398595258999,0.18920105355575065,0.26163301141352063
0.3051663747810858,0.23642732049036777,0.19527145359019266,0.2631348511383538
0.30864745011086475,0.24478935698447893,0.19246119733924613,0.2541019955654102
0.3132372214941022,0.2437745740498034,0.1834862385321101,0.2595019659239843
0.31266490765171506,0.24318381706244502,0.18557607739665788,0.25857519788918204
0.3168706293706294,0.2478146853146853,0.17875874125874125,0.25655594405594406
0.3133539003966505,0.24151608638166594,0.18245923314235346,0.2626707800793301
0.31014621178555607,0.23969871510855117,0.18387239698715108,0.2662826761187417
0.31076923076923074,0.2408791208791209,0.181978021978022,0.2663736263736264
0.31117021276595747,0.24468085106382978,0.18129432624113476,0.262854609929078
0.3114247904719894,0.24437582708425232,0.1795324217026908,0.2646669607410675
0.3128916741271262,0.25604297224709044,0.17860340196956132,0.25246195165622204
0.3175438596491228,0.25043859649122807,0.1793859649122807,0.25263157894736843
0.316622691292876,0.25285839929639403,0.18117854001759015,0.24934036939313983
0.31457687195392114,0.2521045635799734,0.18254319893664156,0.2507753655294639
0.3107394366197183,0.25044014084507044,0.1813380281690141,0.2574823943661972
0.3113456464379947,0.24318381706244502,0.18073878627968337,0.2647317502198769
0.3129605548331166,0.24100563502384048,0.18162115301257042,0.26441265713047246
0.3148636763412489,0.24450307827616535,0.18425681618293754,0.2563764291996482
0.317703768624014,0.2432077125328659,0.17703768624014024,0.26205083260297984
0.31601920558707985,0.24356176342208644,0.17634220864251418,0.26407682234831953
0.3154892496709083,0.24440544098288722,0.17595436594997807,0.2641509433962264
0.3132108486439195,0.23972003499562555,0.18285214348206474,0.2642169728783902
0.3085436033643205,0.23550243470562196,0.18548030101814963,0.27047366091190794
0.3169761273209549,0.22723253757736517,0.1847922192749779,0.27099911582670205
0.3116710875331565,0.23253757736516356,0.1931918656056587,0.2625994694960212
0.31784305129329243,0.23191582639193337,0.19158263919333626,0.25865848312143797
0.31674008810572685,0.22731277533039648,0.1920704845814978,0.26387665198237886
0.30830741892492225,0.23322967569968903,0.1919147045757441,0.2665482007996446
0.3092920353982301,0.23407079646017698,0.1911504424778761,0.26548672566371684
0.31101321585903086,0.23612334801762114,0.18986784140969162,0.2629955947136564
0.29982440737489024,0.2392449517120281,0.19315188762071994,0.2677787532923617
0.3040035195776507,0.23185217773867137,0.1957765068191817,0.2683677958644963
0.2985532661113547,0.23191582639193337,0.19772029811486191,0.2718106093818501
0.3060133630289532,0.23207126948775056,0.2,0.2619153674832962
0.30873956960913485,0.22397891963109354,0.2002635046113307,0.26701800614844096
0.30863656291100394,0.22928540113985094,0.1968434896975011,0.265234546251644
0.311613475177305,0.22118794326241134,0.19680851063829788,0.2703900709219858
0.3090909090909091,0.22749445676274946,0.19157427937915744,0.27184035476718404
0.30346947738252084,0.2261747913921827,0.1963109354413702,0.2740447957839262
0.3058252427184466,0.23124448367166814,0.19329214474845544,0.26963812886142985
0.3034300791556728,0.23218997361477572,0.19261213720316622,0.2717678100263852
0.3055922501100837,0.2285336856010568,0.19462791721708497,0.2712461470717745
0.3060778312199388,0.22955837341495408,0.1954525579361609,0.26891123742894624
0.3039086517347387,0.2274923144488362,0.19367588932806323,0.27492314448836186
0.2990325417766051,0.227792436235708,0.1961301671064204,0.2770448548812665
0.30250990752972257,0.23601937472479084,0.1924262439453985,0.26904447380008806
0.3021015761821366,0.23686514886164622,0.19264448336252188,0.2683887915936953
0.30127922364358184,0.23378914865460962,0.19232465813850905,0.2726069695632995
0.3054704595185996,0.23107221006564552,0.19037199124726478,0.27308533916849015
0.30556773345024113,0.22753178430512933,0.18982902235861465,0.2770714598860149
0.30881057268722467,0.2286343612334802,0.19030837004405288,0.27224669603524226
0.307152259763054,0.22817025010969724,0.19043440105309345,0.27424308907415534
0.3028169014084507,0.2244718309859155,0.19190140845070422,0.28080985915492956
0.30184534270650265,0.22583479789103691,0.19112478031634447,0.281195079086116
0.29819144243493606,0.2258491398323776,0.19364799294221438,0.282311424790472
0.3001322168356104,0.22741295724988983,0.19435874834728956,0.2780960775672102
0.29336283185840706,0.2261061946902655,0.1995575221238938,0.2809734513274336
0.2970950704225352,0.23151408450704225,0.19410211267605634,0.2772887323943662
0.29513274336283185,0.23805309734513275,0.19734513274336282,0.26946902654867255
0.3022747156605424,0.24234470691163604,0.1942257217847769,0.26115485564304464
0.3039258932509925,0.24040582267313632,0.19276576973974416,0.26290251433612705
0.3099955966534566,0.2430647291941876,0.18670189343901364,0.26023778071334214
0.3050397877984085,0.2458001768346596,0.1878868258178603,0.2612732095490716
0.3086859688195991,0.24365256124721604,0.1955456570155902,0.25211581291759466
0.30877812086457873,0.24702249669166298,0.19364799294221438,0.2505513895015439
0.30157342657342656,0.2504370629370629,0.19143356643356643,0.25655594405594406
0.3041556145004421,0.2480106100795756,0.1896551724137931,0.2581786030061892
0.3010048055919616,0.2503276539973788,0.18261249453910006,0.26605504587155965
0.3028824833702882,0.25277161862527714,0.18625277161862527,0.25809312638580933
0.3104503716659379,0.2540445999125492,0.17971141233056406,0.25579361609094886
0.30806100217864923,0.25838779956427016,0.17603485838779956,0.257516339869281
0.310935441370224,0.25384277558190604,0.17962231005709267,0.25559947299077734
0.31007067137809186,0.25574204946996465,0.18021201413427562,0.2539752650176678
0.30577427821522307,0.26202974628171477,0.18810148731408574,0.2440944881889764
0.31704095112285335,0.24922941435490972,0.18494055482166447,0.24878907970057243
0.3120035304501324,0.2546337157987643,0.18667255075022066,0.24669020300088262
0.31443755535872453,0.26173604960141716,0.18644818423383525,0.23737821080602303
0.3151167915381225,0.2613486117232261,0.17981489643014545,0.24371970030850595
0.3156012516763523,0.2637460885113992,0.17657577112203846,0.2440768886902101
0.31397945511389014,0.2719964269763287,0.17284502009825814,0.241179097811523
0.318342151675485,0.2707231040564374,0.164021164021164,0.24691358024691357
0.32461873638344224,0.27450980392156865,0.15904139433551198,0.24183006535947713
0.32690622261174407,0.26730937773882557,0.15556529360210342,0.2502191060473269
0.3257443082311734,0.27408056042031526,0.15367775831873906,0.24649737302977234
0.3274647887323944,0.2689260563380282,0.15889084507042253,0.24471830985915494
0.33244916003536695,0.26746242263483644,0.15649867374005305,0.24358974358974358
0.3406884377758164,0.26963812886142985,0.1553398058252427,0.23433362753751102
0.3415384615384615,0.26285714285714284,0.15516483516483517,0.24043956043956044
0.3378734622144112,0.26142355008787344,0.1594903339191564,0.24121265377855888
0.33775419982316535,0.25906277630415564,0.16047745358090185,0.2427055702917772
0.3421750663129973,0.259946949602122,0.16268788682581786,0.23519009725906279
0.345374449339207,0.25859030837004404,0.1581497797356828,0.23788546255506607
0.34399649430324275,0.2581069237510955,0.15425065731814197,0.24364592462751972
0.33581762384918895,0.2626041209995616,0.1569487067075844,0.24462954844366505
0.33687002652519893,0.25862068965517243,0.16091954022988506,0.24358974358974358
0.33960612691466086,0.2577680525164114,0.16105032822757112,0.24157549234135667
0.3415710503089144,0.2502206531332745,0.16107678729037953,0.2471315092674316
0.34313295304958313,0.24879333040807372,0.15928038613426942,0.24879333040807372
0.34915705412599823,0.2453416149068323,0.1592724046140195,0.24622892635314997
0.3487858719646799,0.24856512141280354,0.16026490066225166,0.2423841059602649
0.3522878720568636,0.24655708573967125,0.15948467347845402,0.2416703687250111
0.3591549295774648,0.24471830985915494,0.1544894366197183,0.24163732394366197
0.36443276390713975,0.24178712220762155,0.15724923346473937,0.23653088042049936
0.3592788038698329,0.24626209322779244,0.15743183817062445,0.23702726473175023
0.3527080581241744,0.24438573315719947,0.1571994715984148,0.24570673712021135
0.3561643835616438,0.2479010163499779,0.15333627927529828,0.24259832081307997
0.3562860950688583,0.24833407374500222,0.1572634384717903,0.23811639271434917
0.35086168802474593,0.25806451612903225,0.15775519222271323,0.23331860362350862
0.35771276595744683,0.2557624113475177,0.15913120567375885,0.22739361702127658
0.34882691456396636,0.26117751217352814,0.16246126604692343,0.22753430721558213
0.3492970123022847,0.2592267135325132,0.1608084358523726,0.23066783831282953
0.35320088300220753,0.25342163355408387,0.1598233995584989,0.2335540838852097
0.3483443708609272,0.2503311258278146,0.15805739514348785,0.24326710816777042
0.34484285081894644,0.25542275343072157,0.15360779105799027,0.24612660469234174
0.3429824561403509,0.2535087719298246,0.15745614035087718,0.24605263157894736
0.34543069523393094,0.25623087013554874,0.15435067774376912,0.2439877568867512
0.34279379157427936,0.25631929046563195,0.15521064301552107,0.24567627494456762
0.34965034965034963,0.2504370629370629,0.15603146853146854,0.24388111888111888
0.35404814004376367,0.249890590809628,0.15711159737417943,0.23894967177242887
0.35827464788732394,0.25044014084507044,0.15316901408450703,0.2381161971830986
0.35499557913351015,0.2493368700265252,0.15959328028293546,0.23607427055702918
0.35701676963812884,0.24669020300088262,0.1641659311562224,0.2321270962047661
0.35685752330226367,0.24545051043053706,0.164225477141589,0.2334664891256103
0.3540564373897707,0.24691358024691357,0.16490299823633156,0.23412698412698413
0.3520566121185316,0.25121627598407786,0.16187527642636002,0.23485183547103053
0.35190873189995614,0.250987275120667,0.16586222027204914,0.23124177270732776
0.35676625659050965,0.2460456942003515,0.1577328646748682,0.23945518453427064
0.3572365544381286,0.2505465675557499,0.16222125054656755,0.22999562745955401
0.35294117647058826,0.24582967515364354,0.16374012291483758,0.23748902546093065
0.35499557913351015,0.2493368700265252,0.16445623342175067,0.23121131741821396
0.3584574934268186,0.24802804557405783,0.16170026292725678,0.2318141980718668
0.35386631716906947,0.2516382699868938,0.16339012669287897,0.23110528615115772
0.35168738898756663,0.2508880994671403,0.16740674955595028,0.23001776198934282
0.34885764499121263,0.2530755711775044,0.1634446397188049,0.23462214411247803
0.35595446584938706,0.2517513134851138,0.1606830122591944,0.23161120840630472
0.3519163763066202,0.25653310104529614,0.15722996515679444,0.2343205574912892
0.3482697426796806,0.25687666370896184,0.1601597160603372,0.23469387755102042
0.35250219490781387,0.2559262510974539,0.1575943810359965,0.23397717295873574
0.35989492119089317,0.2504378283712785,0.15236427320490367,0.2373029772329247
0.3594228246611281,0.25229558373414956,0.15478793178836905,0.2334936598163533
0.3560739436619718,0.2535211267605634,0.15536971830985916,0.23503521126760563
0.36387782204515273,0.25143868968570166,0.15626383355467022,0.22841965471447542
0.3689887640449438,0.2507865168539326,0.15235955056179776,0.22786516853932584
0.3745037494486105,0.2479047198941332,0.15438906043228937,0.22320247022496692
0.37226596675415574,0.2484689413823272,0.15266841644794402,0.22659667541557305
0.37682441397611677,0.25254312251216277,0.14772224679345422,0.22291021671826625
0.37159190853122254,0.24538258575197888,0.14951627088830255,0.23350923482849603
0.37455985915492956,0.24691901408450703,0.14612676056338028,0.2323943661971831
0.37617135207496655,0.2525658188308791,0.142347166443552,0.2289156626506024
0.3812664907651715,0.2484608619173263,0.13984168865435356,0.23043095866314864
0.38005272407732865,0.2513181019332162,0.14147627416520211,0.22715289982425307
0.37434094903339193,0.24736379613356765,0.14455184534270651,0.23374340949033393
0.38974134151687856,0.23980710214818063,0.1446733888645331,0.22577816747040771
0.3941541186891054,0.23472099202834368,0.14481842338352524,0.2263064658990257
0.3902759526938239,0.23302671922908455,0.15199299167761718,0.22470433639947437
0.3896445809565599,0.23211935059236508,0.15445370776656428,0.22378236068451074
0.3878360511238431,0.23182018510356986,0.15513442044953724,0.22520934332304982
0.38796133567662566,0.23418277680140598,0.15685413005272408,0.22100175746924428
0.388913330400352,0.23493180818301804,0.15882094148702156,0.21733391992960846
0.39155555555555555,0.2328888888888889,0.16177777777777777,0.2137777777777778
0.39373601789709173,0.23355704697986576,0.16017897091722594,0.21252796420581654
0.39741878059635066,0.2358700489541611,0.15398308856252782,0.21272808188696038
0.4044150110375276,0.23222958057395143,0.15496688741721854,0.20838852097130242
0.40202553940995156,0.23557904007045355,0.15015411712901805,0.21224130339057684
0.41034633932485753,0.23103901797457255,0.15300306882946077,0.20561157387110915
0.4146234676007005,0.23117338003502627,0.15061295971978983,0.20359019264448336
0.413215859030837,0.22731277533039648,0.15462555066079295,0.20484581497797358
0.41094091903719915,0.22713347921225382,0.15536105032822758,0.20656455142231947
0.41323400525854515,0.22743207712532865,0.1551270815074496,0.2042068361086766
0.41843971631205673,0.22562056737588654,0.14937943262411346,0.20656028368794327
0.4232292124945007,0.2234931808183018,0.15002199736031677,0.20325560932688078
0.4158241758241758,0.22813186813186814,0.1498901098901099,0.20615384615384616
0.41984056687333926,0.2254207263064659,0.15101860053144375,0.20372010628875112
0.42454905411350635,0.22437307523097227,0.15090189177298724,0.2001759788825341
0.4248452696728559,0.22413793103448276,0.14809902740937222,0.20291777188328913
0.42025766326077296,0.22345624167036873,0.14837849844513548,0.2079075966237228
0.42363877822045154,0.22000885347498894,0.1460823373173971,0.21027003098716246
0.43326039387308535,0.21444201312910285,0.14573304157549233,0.20656455142231947
0.43032967032967034,0.21670329670329672,0.14505494505494507,0.2079120879120879
0.43058616130453947,0.21551344204495373,0.15337152930806522,0.2005288673424416
0.4320281566212055,0.2168939727232732,0.1513418389793225,0.19973603167619886
0.4394141145139814,0.21260541500221927,0.14957833999112294,0.19840213049267644
0.4329942503317116,0.21406457319770014,0.14993365767359576,0.20300751879699247
0.4295837023914969,0.21523472099202834,0.14924712134632417,0.20593445527015058
0.42857142857142855,0.21274725274725276,0.1534065934065934,0.20527472527472526
0.42794568550153306,0.21550591327201052,0.15111695137976347,0.20543144984669295
0.42176573426573427,0.2202797202797203,0.1520979020979021,0.20585664335664336
0.4217988480283562,0.21843154630039877,0.15197164377492248,0.20779796189632255
0.42581211589113255,0.20983318700614575,0.15100965759438104,0.21334503950834066
0.42850877192982456,0.2074561403508772,0.1530701754385965,0.21096491228070174
0.42945874001774625,0.2067435669920142,0.15971606033717836,0.20408163265306123
0.4289520426287744,0.20603907637655416,0.16207815275310836,0.20293072824156305
0.4242957746478873,0.20642605633802816,0.16329225352112675,0.20598591549295775
0.4310421286031042,0.2057649667405765,0.15432372505543238,0.2088691796008869
0.4340369393139842,0.20492524186455585,0.15787159190853123,0.20316622691292877
0.43146760687527547,0.1978845306302336,0.1604230938739533,0.21022476862053768
0.4308440123729563,0.20061864781263808,0.16217410517012815,0.2063632346442775
0.43273048081164533,0.20026466696074108,0.16541685046316718,0.2015880017644464
0.42964269960299956,0.2046757829730922,0.16806352007057784,0.19761799735333038
0.43327480245829675,0.20456540825285338,0.16681299385425813,0.19534679543459174
0.42920158800176444,0.20599911777679752,0.16806352007057784,0.19673577415086016
0.43554773427188737,0.19665640123185218,0.16937967443906732,0.19841619005719313
0.43741765480895917,0.19411506368028106,0.16908212560386474,0.19938515590689504
0.44165565830030823,0.19859092910612064,0.16512549537648613,0.19462791721708497
0.4414494034467521,0.19575784357048165,0.16305788775961114,0.19973486522315512
0.4394403148229121,0.20026235242675994,0.16134674245736774,0.19895059029296022
0.4425363276089828,0.20035226772346984,0.15984147952443858,0.19726992514310876
0.4343612334801762,0.2066079295154185,0.1590308370044053,0.2
0.44121532364597094,0.20035226772346984,0.15808014090708938,0.20035226772346984
0.4418912947414936,0.19664162615996464,0.16084843128590368,0.20061864781263808
0.4398066783831283,0.19727592267135324,0.1625659050966608,0.20035149384885764
0.45225464190981435,0.19849690539345713,0.15561450044208666,0.19363395225464192
0.45198237885462555,0.20352422907488987,0.14845814977973568,0.1960352422907489
0.44680851063829785,0.20345744680851063,0.149822695035461,0.1999113475177305
0.4444935869084476,0.19991154356479435,0.15081822202565237,0.20477664750110572
0.4451327433628319,0.1995575221238938,0.14424778761061946,0.21106194690265487
0.4511443661971831,0.19762323943661972,0.14392605633802816,0.207306338028169
0.45614808285588365,0.19171441163508154,0.14499779638607316,0.20713970912296165
0.45454545454545453,0.1942350332594235,0.1467849223946785,0.20443458980044346
0.45980565371024734,0.19081272084805653,0.1435512367491166,0.2058303886925795
0.46416083916083917,0.1853146853146853,0.14291958041958042,0.2076048951048951
0.46505494505494505,0.18153846153846154,0.14593406593406594,0.20747252747252748
0.4588287098194628,0.18538088947600176,0.1444297666226332,0.21136063408190225
0.45518453427065025,0.1937609841827768,0.1366432337434095,0.21441124780316345
0.453416149068323,0.19343389529724933,0.14108251996450755,0.21206743566992015
0.4606007836308228,0.19198955158902917,0.14061819764910752,0.2067914671310405
0.45353982300884954,0.18938053097345134,0.14203539823008848,0.2150442477876106
0.4470272686633885,0.18998658918194009,0.14170764416629414,0.2212784979883773
0.4446404940449934,0.1901191001323335,0.14644905161005733,0.21879135421261578
0.44121532364597094,0.18934390136503743,0.14795244385733158,0.22148833113166005
0.4401237295625276,0.19045514803358374,0.14935925762262484,0.2200618647812638
0.44537444933920706,0.18854625550660792,0.14537444933920704,0.22070484581497798
0.4469496021220159,0.1839080459770115,0.14412024756852343,0.22502210433244915
0.4433713784021071,0.18129938542581212,0.14618086040386305,0.22914837576821773
0.4434169969176574,0.1805372082782915,0.14398943196829592,0.23205636283575518
0.437225636523266,0.18129938542581212,0.14574187884108866,0.23573309920983318
0.437636761487965,0.18161925601750548,0.14573304157549233,0.2350109409190372
0.44056562085726914,0.17675651789659744,0.1449403446752099,0.23773751657092354
0.4337244676227727,0.18339852238157323,0.1429813124728379,0.23989569752281617
0.43309859154929575,0.18441901408450703,0.14568661971830985,0.2367957746478873
0.4377474703035636,0.18169819621645403,0.14430268367795865,0.23625164980202376
0.4424778761061947,0.18097345132743362,0.14469026548672567,0.23185840707964603
0.44109831709477415,0.183348095659876,0.13994685562444642,0.23560673162090345
0.43628318584070797,0.181858407079646,0.14292035398230088,0.23893805309734514
0.440990990990991,0.17927927927927928,0.1427927927927928,0.23693693693693693
0.4384170742552245,0.17696754112939084,0.14228546020453534,0.24232992441084927
0.4339788732394366,0.1738556338028169,0.14568661971830985,0.24647887323943662
0.4336283185840708,0.17831858407079645,0.14646017699115044,0.2415929203539823
0.4318381706244503,0.17326297273526825,0.14907651715039577,0.24582233948988566
0.4295242329924411,0.17341040462427745,0.14851044908848376,0.24855491329479767
0.4307692307692308,0.17450549450549452,0.14241758241758243,0.2523076923076923
0.42982842058952925,0.17289925208974924,0.1460624725032996,0.2512098548174219
0.4264049955396967,0.17528991971454058,0.1512042818911686,0.24710080285459413
0.4261565836298932,0.17259786476868327,0.15080071174377224,0.25044483985765126
0.4316674038036267,0.17072091994692615,0.14772224679345422,0.24988942945599293
0.4264448336252189,0.1703152364273205,0.14973730297723292,0.2535026269702277
0.4269911504424779,0.16946902654867257,0.1486725663716814,0.25486725663716814
0.42762284196547146,0.17485613103142983,0.14873837981407703,0.24878264718902168
0.43051890941073,0.1772207563764292,0.14995602462620933,0.2423043095866315
0.4307557885539537,0.17780690257754478,0.15028396679772826,0.24115334207077327
0.4359086918349429,0.17164179104477612,0.14837576821773485,0.2440737489025461
0.42977403633141337,0.17722640673460346,0.1435533894550288,0.24944616747895437
0.42926186291739893,0.17618629173989456,0.14762741652021089,0.2469244288224956
0.4258205689277899,0.17549234135667396,0.15317286652078774,0.24551422319474836
0.4273088820150243,0.17454706142288998,0.15775519222271323,0.2403888643393725
0.42630884293884735,0.17509898812142544,0.1548614166300044,0.24373075230972283
0.42358657243816256,0.17446996466431094,0.15415194346289754,0.247791519434629
0.4243362831858407,0.17212389380530974,0.1508849557522124,0.25265486725663716
0.42595078299776284,0.1704697986577181,0.15391498881431767,0.24966442953020135
0.42990654205607476,0.16866933689363595,0.14730752113929685,0.25411659991099245
0.4293935369632581,0.17352810978308986,0.14696768481629038,0.2501106684373617
0.43008381120423467,0.1689457432730481,0.1521835024261138,0.24878694309660343
0.41762621789193977,0.17493356953055803,0.15854738706820196,0.24889282550930025
0.4228395061728395,0.1675485008818342,0.16005291005291006,0.2495590828924162
0.4135206321334504,0.17120280948200176,0.16154521510096576,0.2537313432835821
0.4136722173531989,0.17440841367221735,0.1551270815074496,0.2567922874671341
0.4117647058823529,0.17647058823529413,0.15745245466607696,0.254312251216276
0.4139145750770586,0.17613386173491855,0.1563188022897402,0.2536327608982827
0.414323374340949,0.1766256590509666,0.15641476274165203,0.2526362038664323
0.418523372651813,0.17693315858453473,0.14941022280471822,0.25513324595893405
0.42089026002644336,0.17805200528867343,0.1498457470251212,0.251211987659762
0.41699691765741964,0.17657419638925584,0.15323645970937913,0.2531924262439454
0.41243934715483016,0.18217909131010146,0.15483017203352448,0.2505513895015439
0.40411265087170317,0.18775145283862316,0.15377738042020564,0.25435851586946806
0.3994720633523977,0.1891772987241531,0.15266168059832821,0.258688957325121
0.4052491103202847,0.18282918149466193,0.15480427046263345,0.2571174377224199
0.40732568402471314,0.1822594880847308,0.1562224183583407,0.25419240953221534
0.4094488188976378,0.18503937007874016,0.15266841644794402,0.25284339457567806
0.412303664921466,0.18280977312390925,0.1487783595113438,0.256108202443281
0.414021164021164,0.18430335097001763,0.1472663139329806,0.25440917107583777
0.4201235657546337,0.17917034421888792,0.146954986760812,0.25375110326566636
0.41648007165248546,0.18360949395432155,0.15181370353784146,0.24809673085535155
0.4161191414805081,0.18528252299605782,0.1533070521243977,0.24529128339903636
0.41733333333333333,0.18088888888888888,0.15511111111111112,0.24666666666666667
0.4176600441501104,0.17969094922737308,0.15011037527593818,0.2525386313465784
0.4251313485113835,0.17469352014010509,0.14929947460595447,0.2508756567425569
0.42625109745390694,0.17295873573309922,0.1479367866549605,0.2528533801580334
0.419698314108252,0.17923691215616683,0.14729370008873113,0.25377107364685003
0.41005291005291006,0.17416225749559083,0.15564373897707232,0.2601410934744268
0.42276785714285714,0.171875,0.15401785714285715,0.2513392857142857
0.4227859368046284,0.17445482866043613,0.15353805073431243,0.24922118380062305
0.43323049801674746,0.16791538122520935,0.1507271925958572,0.24812692816218598
0.42744410346339323,0.1731696624287593,0.15300306882946077,0.24638316527838666
0.43308468626590607,0.16981132075471697,0.15050460728389645,0.24659938569548048
0.43083700440528633,0.16740088105726872,0.1515418502202643,0.25022026431718064
0.43422789265288164,0.16190057193136823,0.15222173339199296,0.25164980202375714
0.43895989422653153,0.1635081533715293,0.14764213309828117,0.249889819303658
0.4390673119225693,0.1583809942806863,0.14870215574131104,0.25384953805543337
0.4396818382677861,0.15642951833848873,0.15333627927529828,0.25055236411842685
0.44271758436944936,0.16207815275310836,0.15452930728241562,0.24067495559502664
0.43657042869641294,0.1657917760279965,0.15310586176727908,0.24453193350831146
0.4357298474945534,0.16296296296296298,0.15468409586056645,0.2466230936819172
0.43769129864451245,0.16528202885876694,0.15041539134236992,0.2466112811543507
0.4328489652135623,0.16732716864817263,0.14707177454865697,0.2527520915896081
0.4290150842945874,0.16237799467613132,0.15173025732031944,0.25687666370896184
0.4299559471365639,0.1656387665198238,0.14625550660792952,0.2581497797356828
0.4321959755030621,0.16404199475065617,0.14566929133858267,0.25809273840769903
0.43176831943835015,0.16630100921456778,0.14523913997367266,0.2566915313734094
0.435377150419056,0.16188795765328629,0.1415968239964711,0.2611380679311866
0.43433895297249336,0.15882874889086068,0.14330079858030167,0.26353149955634425
0.4375,0.15734265734265734,0.14466783216783216,0.26048951048951047
0.442146942366916,0.15310162780466344,0.14034315882094148,0.2644082710074791
0.4419840566873339,0.1545615589016829,0.13994685562444642,0.26350752878653677
0.4337879454465464,0.15794104707435108,0.13902331720193578,0.2692476902771667
0.43485915492957744,0.15845070422535212,0.14084507042253522,0.2658450704225352
0.44142167617376044,0.15664765247915752,0.14041246160596754,0.2615182097411145
0.4383561643835616,0.16129032258064516,0.13389306230667256,0.2664604507291206
0.4382661996497373,0.16024518388791595,0.13704028021015763,0.26444833625218916
0.434878587196468,0.16335540838852097,0.13951434878587196,0.26225165562913905
0.4385425812115891,0.16549604916593502,0.1356453028972783,0.2603160667251975
0.4386042402826855,0.1696113074204947,0.13471731448763252,0.2570671378091873
0.43755496921723835,0.1723834652594547,0.13896218117854,0.2510993843447669
0.43309859154929575,0.1698943661971831,0.14084507042253522,0.25616197183098594
0.44220665499124345,0.1725043782837128,0.13966725043782838,0.2456217162872154
0.4426229508196721,0.17058041648205582,0.13602126716880816,0.2507753655294639
0.43978826643140717,0.1733568592853992,0.13674459638288486,0.25011027790030876
0.4363155575143235,0.16747465843984133,0.14191273688849715,0.25429704715733803
0.43940061701189953,0.16835610401057735,0.1375055090348171,0.254737769942706
0.4445916114790287,0.16467991169977925,0.1368653421633554,0.25386313465783666
0.4447893569844789,0.15875831485587583,0.13303769401330376,0.2634146341463415
0.43780433820274456,0.16334661354581673,0.13501549358123063,0.2638335546702081
0.4424083769633508,0.1631762652705061,0.1343804537521815,0.2600349040139616
0.4350307287093942,0.16286215978928886,0.1382791922739245,0.26382791922739246
0.4423415492957746,0.16285211267605634,0.14040492957746478,0.25440140845070425
0.4470432480141218,0.16063548102383055,0.14254192409532215,0.2497793468667255
0.4475186649099693,0.1585419411506368,0.1427316644707949,0.25120772946859904
0.4442493415276558,0.15803336259877085,0.14047410008779632,0.257243195785777
0.44881537773804203,0.15958873491282968,0.13857845328565044,0.2530174340634779
0.4444444444444444,0.16153502900490851,0.14145470771976795,0.2525658188308791
0.45035778175313057,0.15831842576028624,0.13998211091234347,0.2513416815742397
0.4518647007805724,0.1569817866435386,0.1396357328707719,0.2515177797051171
0.447032967032967,0.16307692307692306,0.14285714285714285,0.24703296703296704
0.44882587505538324,0.16703588834736377,0.14178112538768275,0.24235711120957024
0.4452880750334971,0.16346583296114336,0.1415810629745422,0.24966502903081733
0.4467231386535889,0.161836825679893,0.14177440927329468,0.24966562639322337
0.44502847130968026,0.1616294349540079,0.14673674989049496,0.24660534384581692
0.44434667839859215,0.16410030796304442,0.14430268367795865,0.24725032996040475
0.4410075121520106,0.1657092355280601,0.14626601855943439,0.24701723376049492
0.4361607142857143,0.16830357142857144,0.15044642857142856,0.2450892857142857
0.4350307287093942,0.16856892010535557,0.15364354697102722,0.242756804214223
0.4374453193350831,0.16754155730533685,0.14785651793525809,0.24715660542432197
0.4263803680981595,0.17484662576687116,0.15030674846625766,0.24846625766871167
0.4224062772449869,0.16826503923278116,0.15605928509154315,0.25326939843068874
0.4266136162687887,0.16843501326259946,0.15782493368700265,0.2471264367816092
0.4260070052539405,0.1668126094570928,0.15718038528896672,0.25
0.4300176056338028,0.16285211267605634,0.15316901408450703,0.2539612676056338
0.42755870624723086,0.16703588834736377,0.14709791758972088,0.2583074878156845
0.42913385826771655,0.16885389326334208,0.14216972878390202,0.25984251968503935
0.4322409211691763,0.16341895482728078,0.1403897254207263,0.26395039858281666
0.431758530183727,0.16447944006999124,0.13823272090988625,0.2655293088363955
0.42756804214223004,0.16769095697980685,0.13871817383669885,0.2660228270412643
0.4286983562860951,0.16836961350510884,0.13949355841848068,0.26343847179031543
0.42689295039164493,0.170147954743255,0.1362053959965187,0.26675369886858136
0.43016014234875444,0.17259786476868327,0.1338967971530249,0.26334519572953735
0.4306732055283103,0.17432010699955416,0.13687026304057068,0.25813642443156487
0.4277533039647577,0.1726872246696035,0.1370044052863436,0.26255506607929513
0.4297082228116711,0.17197170645446508,0.13837312113174183,0.259946949602122
0.42724458204334365,0.1742591773551526,0.1375497567448032,0.26094648385670055
0.43006993006993005,0.17613636363636365,0.14073426573426573,0.2530594405594406
0.431657848324515,0.17372134038800705,0.14109347442680775,0.2535273368606702
0.42668428005284015,0.17525319242624396,0.14090708938793484,0.2571554381329811
0.42749445676274944,0.17827050997782706,0.13880266075388026,0.25543237250554324
0.42560706401766,0.17483443708609273,0.141280353200883,0.2582781456953642
0.42757417102966844,0.17801047120418848,0.13699825479930192,0.25741710296684117
