R,A,S,N
0.0,0.0,1.0,0.0
0.0,0.6666666666666666,0.3333333333333333,0.0
0.0,0.5,0.16666666666666666,0.3333333333333333
0.0,0.5454545454545454,0.18181818181818182,0.2727272727272727
0.0,0.5,0.1,0.4
0.0,0.4166666666666667,0.16666666666666666,0.4166666666666667
0.0,0.43548387096774194,0.14516129032258066,0.41935483870967744
0.0,0.42168674698795183,0.1686746987951807,0.40963855421686746
0.0,0.4180327868852459,0.18032786885245902,0.4016393442622951
0.012048192771084338,0.42168674698795183,0.1927710843373494,0.37349397590361444
0.0091324200913242,0.4155251141552511,0.1872146118721461,0.3881278538812785
0.014035087719298246,0.38596491228070173,0.20701754385964913,0.3929824561403509
0.016,0.4026666666666667,0.20266666666666666,0.37866666666666665
0.015350877192982455,0.3881578947368421,0.21271929824561403,0.38377192982456143
0.014184397163120567,0.37943262411347517,0.22872340425531915,0.3776595744680851
0.01897810218978102,0.3883211678832117,0.23357664233576642,0.35912408759124087
0.0175,0.37875,0.24,0.36375
0.027339642481598318,0.3659305993690852,0.2334384858044164,0.3732912723449001
0.02583732057416268,0.36363636363636365,0.24114832535885167,0.369377990430622
0.02418682235195997,0.36447039199332776,0.24520433694745622,0.36613844870725604
0.02617801047120419,0.3470456245325355,0.25355272999252054,0.37322363500373973
0.031506849315068496,0.3493150684931507,0.24794520547945206,0.37123287671232874
0.034161490683229816,0.3409937888198758,0.2496894409937888,0.37515527950310557
0.037606837606837605,0.3378917378917379,0.2547008547008547,0.3698005698005698
0.04017139796464917,0.3256561328334226,0.25281199785752545,0.38136047134440276
0.03940149625935162,0.3256857855361596,0.25486284289276806,0.3800498753117207
0.041465766634522665,0.3244937319189971,0.26036644165863065,0.37367405978784957
0.04345772319319792,0.3230987246102976,0.2555503070382617,0.3778932451582428
0.04185832566697332,0.3233670653173873,0.25666973321067155,0.3781048758049678
0.04805077062556664,0.32456935630099726,0.25657298277425206,0.37080689029918407
0.05213903743315508,0.32219251336898397,0.2535650623885918,0.3721033868092692
0.05081749889527176,0.32037118868758285,0.24922669023420238,0.379584622182943
0.0528169014084507,0.3305457746478873,0.24515845070422534,0.3714788732394366
0.05822673136303485,0.33039258932509924,0.2479047198941332,0.3634759594177327
0.05817540766857646,0.3261348611723226,0.24856765094755398,0.36712208021154696
0.05866784296426996,0.3330392589325099,0.24040582267313632,0.3678870754300838
0.061837455830388695,0.33127208480565373,0.23763250883392226,0.36925795053003535
0.06282952548330405,0.3299648506151142,0.24340949033391915,0.36379613356766255
0.0659000442282176,0.3370190181335692,0.23971693940734187,0.3573639982308713
0.06566769501983252,0.33274570295284267,0.23931247245482593,0.3622741295724989
0.07089715536105033,0.33172866520787747,0.23982494529540482,0.3575492341356674
0.07529722589167767,0.3293703214442977,0.23645970937912814,0.35887274328489654
0.0781456953642384,0.3280353200883002,0.23134657836644593,0.36247240618101545
0.0777972027972028,0.3243006993006993,0.23339160839160839,0.36451048951048953
0.07927369353410098,0.32152347209920284,0.23693534100974314,0.3622674933569531
0.0811529933481153,0.3206208425720621,0.23902439024390243,0.35920177383592017
0.08077260755048288,0.3173836698858648,0.23836698858647937,0.36347673397717295
0.08325952170062002,0.3184233835252436,0.2391496899911426,0.3591674047829938
0.08728070175438596,0.3157894736842105,0.23157894736842105,0.3653508771929825
0.08522727272727272,0.3133741258741259,0.23907342657342656,0.36232517482517484
0.08734009704455227,0.3105425672695192,0.24040582267313632,0.36171151301279225
0.0839929639401935,0.31090589270008795,0.24406332453825857,0.36103781882145997
0.08850726552179657,0.3143989431968296,0.23690004403346543,0.3601937472479084
0.09279717189571365,0.3031374281926646,0.23862129916040653,0.3654441007512152
0.0967741935483871,0.3055555555555556,0.22804659498207885,0.3696236559139785
0.09411239964317573,0.3046387154326494,0.23862622658340768,0.3626226583407672
0.09318681318681318,0.2997802197802198,0.24351648351648353,0.3635164835164835
0.0963323022536456,0.30092797171895713,0.2421564295183385,0.3605832965090588
0.09824561403508772,0.29473684210526313,0.25,0.3570175438596491
0.097228332600088,0.2978442586889573,0.25208974923009236,0.3528376594808623
0.09534270650263621,0.30360281195079086,0.24868189806678384,0.3523725834797891
0.09644444444444444,0.29777777777777775,0.2564444444444444,0.34933333333333333
0.10127697049757815,0.3020695728753853,0.24922941435490972,0.3474240422721268
0.10634573304157549,0.30065645514223194,0.24463894967177244,0.34835886214442013
0.10628019323671498,0.30039525691699603,0.24593763724198506,0.34738691260430393
0.1133746678476528,0.2962798937112489,0.2466784765279008,0.3436669619131975
0.11401952085181899,0.2905944986690328,0.24134871339840283,0.35403726708074534
0.11610650371017023,0.2898297686599738,0.2409428197293758,0.3531209079004801
0.11692307692307692,0.2953846153846154,0.23868131868131867,0.34901098901098904
0.1169284467713787,0.2988656195462478,0.23472949389179756,0.3494764397905759
0.11860670194003527,0.2962962962962963,0.2345679012345679,0.3505291005291005
0.12125220458553791,0.2848324514991182,0.23853615520282187,0.35537918871252205
0.12285336856010567,0.28445618670189343,0.23690004403346543,0.35579040070453544
0.12445223488168274,0.2909728308501315,0.2283085013146363,0.35626643295354954
0.12300177619893428,0.28907637655417406,0.2322380106571936,0.35568383658969804
0.12389380530973451,0.28893805309734516,0.22743362831858407,0.3597345132743363
0.121131741821397,0.28779840848806365,0.23076923076923078,0.3603006189213086
0.11996458610004426,0.28065515714918104,0.2337317397078353,0.3656485170429394
0.12056737588652482,0.28191489361702127,0.2300531914893617,0.3674645390070922
0.12455673758865249,0.2841312056737589,0.22783687943262412,0.36347517730496454
0.12180052956751986,0.2850838481906443,0.22859664607237423,0.3645189761694616
0.12538631346578366,0.28211920529801326,0.22869757174392935,0.3637969094922737
0.12992125984251968,0.27602799650043747,0.23140857392825898,0.3626421697287839
0.12749003984063745,0.28065515714918104,0.23019034971226207,0.3616644532979194
0.1262178919397697,0.2785651018600531,0.233392382639504,0.3618246235606732
0.12808098591549297,0.2706866197183099,0.2363556338028169,0.3648767605633803
0.1310828583954406,0.2753178430512933,0.23060061376589217,0.36299868478737396
0.13203367301727958,0.27337173238812584,0.22817899867080194,0.36641559592379264
0.13327487943884261,0.2748794388426129,0.22490135905304692,0.3669443226654976
0.13442044953724108,0.2754517408550022,0.21551344204495373,0.374614367562803
0.1345646437994723,0.2748460861917326,0.21899736147757257,0.37159190853122254
0.1370223978919631,0.27580149319279756,0.2178304787000439,0.36934563021519545
0.13509933774834437,0.27240618101545255,0.2185430463576159,0.3739514348785872
0.13942093541202671,0.27527839643652563,0.2155902004454343,0.36971046770601335
0.1390728476821192,0.27770419426048565,0.21236203090507727,0.3708609271523179
0.13652326602282705,0.26909569798068483,0.21817383669885865,0.3762071992976295
0.13858336999560053,0.2745270567531896,0.22041355037395513,0.3664760228772547
0.13584070796460176,0.2672566371681416,0.22035398230088496,0.3765486725663717
0.1356828193832599,0.2647577092511013,0.22422907488986785,0.37533039647577093
0.1387434554973822,0.262652705061082,0.21858638743455497,0.3800174520069808
0.13963764913831198,0.2646928855501547,0.2205037560760053,0.37516570923552806
0.13969938107869143,0.26834659593280286,0.20999115826702033,0.3819628647214854
0.13984168865435356,0.27088830255057167,0.2022867194371152,0.38698328935795956
0.14323258869908015,0.26850635129215944,0.20061322820849758,0.3876478318002628
0.14913448735019974,0.2667554371948513,0.1970705725699068,0.3870395028850422
0.1514209591474245,0.26243339253996445,0.19404973357015987,0.39209591474245115
0.1478530323151837,0.26516157591854805,0.19698981850376274,0.38999557326250556
0.147239263803681,0.2572304995617879,0.2011393514460999,0.3943908851884312
0.14813167259786478,0.2584519572953737,0.19483985765124556,0.398576512455516
0.15334207077326342,0.2616863259065094,0.19222367846221058,0.39274792485801663
0.15078671328671328,0.25874125874125875,0.19405594405594406,0.3964160839160839
0.14855875831485588,0.2647450110864745,0.19201773835920177,0.3946784922394678
0.15602836879432624,0.262854609929078,0.18528368794326242,0.3958333333333333
0.15612734409071086,0.2533798517226341,0.19406890536415178,0.3964238988225033
0.15669014084507044,0.24955985915492956,0.1949823943661972,0.3987676056338028
0.16407292129835482,0.2521120497999111,0.1858603823921743,0.3979546465095598
0.16666666666666666,0.25573192239858905,0.18474426807760141,0.39285714285714285
0.1657917760279965,0.2567804024496938,0.18285214348206474,0.39457567804024496
0.16407292129835482,0.2618941751889729,0.18008003557136504,0.39395286794130724
0.1718544498027181,0.25734327049539674,0.17930732135028496,0.3914949583516002
0.17235345581802275,0.2615923009623797,0.18022747156605423,0.3858267716535433
0.17923691215616683,0.25510204081632654,0.17524401064773737,0.3904170363797693
0.18296943231441049,0.2519650655021834,0.17336244541484716,0.39170305676855893
0.18385256691531374,0.25142606406318563,0.17332163229486616,0.3913997367266345
0.1864332603938731,0.25470459518599564,0.16936542669584245,0.38949671772428884
0.18711656441717792,0.2537248028045574,0.17090271691498685,0.38825591586327785
0.1863217886891714,0.2503288031565103,0.16834721613327489,0.3950021920210434
0.18518518518518517,0.24749455337690632,0.16993464052287582,0.39738562091503266
0.18436250555308753,0.2492225677476677,0.1701466015104398,0.39626832518880495
0.18785999113867966,0.24767390341160833,0.17235268054940187,0.39211342490031015
0.18959435626102292,0.25,0.17063492063492064,0.3897707231040564
0.18885448916408668,0.25210084033613445,0.17249004865103937,0.3865546218487395
0.18736287845546293,0.2566915313734094,0.1671785870996051,0.3887670030715226
0.18946436476316955,0.26117751217352814,0.16423196104471005,0.3851261620185923
0.19014084507042253,0.25088028169014087,0.1698943661971831,0.3890845070422535
0.19,0.24782608695652175,0.17478260869565218,0.3873913043478261
0.18893805309734513,0.2513274336283186,0.17743362831858406,0.3823008849557522
0.19030990833697076,0.24836316019205587,0.18114360541248364,0.38018332605848976
0.18623124448367168,0.2502206531332745,0.18314210061782876,0.38040600176522504
0.18747262374069207,0.24791940429259746,0.18528252299605782,0.3793254489706526
0.1864555848724714,0.24010554089709762,0.1917326297273527,0.3817062445030783
0.1933069132540731,0.23513870541611626,0.18670189343901364,0.384852487890797
0.1917326297273527,0.23834652594547054,0.1882145998240985,0.3817062445030783
0.19313682358117026,0.23933128024637043,0.1900571931368236,0.37747470303563574
0.19007532122286222,0.23748338502436864,0.18697385910500663,0.3854674346477625
0.18714222809335096,0.23734037868780272,0.18405988551298988,0.39145750770585647
0.18872113676731794,0.23357015985790408,0.18605683836589698,0.391651865008881
0.18785745710514737,0.23625164980202376,0.19093708754949407,0.3849538055433348
0.1933069132540731,0.23513870541611626,0.1928665785997358,0.37868780273007485
0.19500438212094653,0.22743207712532865,0.1971954425942156,0.3803680981595092
0.19347730277655356,0.23226090788893786,0.19656236227412957,0.377699427060379
0.19522968197879859,0.23409893992932862,0.196113074204947,0.3745583038869258
0.19343389529724933,0.23469387755102042,0.1947648624667258,0.37710736468500444
0.19421306444541866,0.23323103901797457,0.19377466023673828,0.3787812362998685
0.19514348785871966,0.22737306843267108,0.1969094922737307,0.3805739514348786
0.19576719576719576,0.22178130511463845,0.19929453262786595,0.38315696649029984
0.19674295774647887,0.2169894366197183,0.20246478873239437,0.38380281690140844
0.19346289752650175,0.22128975265017667,0.2045053003533569,0.38074204946996465
0.20141031291317762,0.22124283825473778,0.1996474217717056,0.377699427060379
0.1989389920424403,0.21573828470380194,0.20424403183023873,0.381078691423519
0.1960088691796009,0.21596452328159646,0.20133037694013303,0.38669623059866964
0.196,0.212,0.208,0.384
0.1963109354413702,0.21651295564339043,0.2015810276679842,0.38559508124725517
0.1961386573058359,0.21544537077665643,0.20359806932865293,0.3848179025888548
0.19410211267605634,0.21963028169014084,0.19850352112676056,0.38776408450704225
0.1949823943661972,0.2244718309859155,0.20158450704225353,0.3789612676056338
0.18951965065502183,0.22270742358078602,0.20436681222707423,0.3834061135371179
0.19154557463672392,0.21840598855129897,0.2043152796125055,0.3857331571994716
0.19364799294221438,0.2161446846052051,0.2046757829730922,0.3855315394794883
0.1994704324801412,0.21668137687555164,0.19902912621359223,0.3848190644307149
0.19552572706935123,0.22595078299776286,0.19776286353467562,0.3807606263982103
0.19815465729349738,0.22451669595782073,0.19551845342706503,0.38181019332161686
0.1988536155202822,0.21604938271604937,0.19797178130511464,0.3871252204585538
0.2051056338028169,0.20818661971830985,0.2011443661971831,0.3855633802816901
0.2067435669920142,0.2080745341614907,0.20452528837622005,0.38065661047027505
0.20335985853227231,0.20645446507515472,0.20512820512820512,0.3850574712643678
0.20999115826702033,0.20733863837312114,0.20247568523430592,0.3801945181255526
0.21390845070422534,0.20774647887323944,0.20202464788732394,0.37632042253521125
0.21870882740447958,0.2090469916556873,0.19279754062362758,0.3794466403162055
0.21830985915492956,0.21522887323943662,0.19762323943661972,0.36883802816901406
0.21685689201053557,0.21334503950834066,0.20061457418788411,0.3691834942932397
0.21727633318642575,0.2150727192595857,0.19479947113265755,0.372851476421331
0.2247141600703606,0.20712401055408972,0.18865435356200527,0.37950747581354444
0.22850877192982455,0.20877192982456141,0.1899122807017544,0.37280701754385964
0.2373107747105966,0.20302760463045413,0.1834372217275156,0.37622439893143367
0.23945518453427064,0.21045694200351495,0.17750439367311072,0.37258347978910367
0.24424778761061947,0.21283185840707963,0.1831858407079646,0.3597345132743363
0.24561403508771928,0.21052631578947367,0.18157894736842106,0.362280701754386
0.24154804270462635,0.20685053380782917,0.18727758007117437,0.3643238434163701
0.24418093983311376,0.20421607378129117,0.19587176108915239,0.3557312252964427
0.24351648351648353,0.20395604395604397,0.19824175824175824,0.35428571428571426
0.24450307827616535,0.20800351802990324,0.1961301671064204,0.351363236587511
0.2458442694663167,0.21653543307086615,0.19247594050743658,0.3451443569553806
0.24923480542195015,0.2125054656755575,0.19588981198076083,0.3423699169217315
0.24593048834139902,0.21293444786625604,0.194456665200176,0.3466783985921689
0.24471830985915494,0.21170774647887325,0.19630281690140844,0.3472711267605634
0.24613345117101193,0.21564295183384888,0.19531595227574017,0.34290764471939905
0.23671497584541062,0.21739130434782608,0.19675010979358806,0.34914361001317523
0.23175021987686895,0.22427440633245382,0.19525065963060687,0.34872471416007034
0.23558118899733807,0.21694764862466726,0.19520851818988466,0.35226264418811004
0.23457330415754923,0.21969365426695842,0.19299781181619255,0.3527352297592998
0.2336244541484716,0.21790393013100437,0.18777292576419213,0.36069868995633186
0.23434077967586509,0.21769601401664476,0.18484450284713097,0.3631187034603592
0.23407079646017698,0.21548672566371682,0.18584070796460178,0.36460176991150445
0.23445190156599552,0.21297539149888142,0.18702460850111857,0.3655480984340045
0.23985890652557318,0.2138447971781305,0.18386243386243387,0.36243386243386244
0.24007060900264784,0.21359223300970873,0.1849073256840247,0.3614298323036187
0.23811639271434917,0.21545979564637938,0.1896934695690804,0.35673034207019105
0.23975319524019392,0.21727633318642575,0.19171441163508154,0.35125605993829884
0.24261138067931187,0.2152624614027349,0.18967798853109838,0.35244816938685486
0.23874669020300088,0.22197705207413945,0.1879964695498676,0.35127978817299205
0.24713656387665198,0.22555066079295155,0.18237885462555067,0.3449339207048458
0.240625,0.22455357142857144,0.184375,0.35044642857142855
0.24735449735449735,0.222663139329806,0.18253968253968253,0.3474426807760141
0.248894783377542,0.21794871794871795,0.1825817860300619,0.3505747126436782
0.24978089395267308,0.21209465381244522,0.18843120070113936,0.3496932515337423
0.2526362038664323,0.21616871704745166,0.18936731107205623,0.34182776801405973
0.2544404973357016,0.21403197158081705,0.1847246891651865,0.34680284191829486
0.25730735163861823,0.20770593445527016,0.18423383525243578,0.3507528786536758
0.2558550596553248,0.21166593018117544,0.18692001767565178,0.345558992487848
0.2495644599303136,0.21385017421602787,0.19033101045296166,0.3462543554006969
0.2484526967285588,0.22015915119363394,0.1883289124668435,0.34305923961096374
0.25552608311229,0.21971706454465076,0.18213969938107868,0.34261715296198053
0.249889819303658,0.2234464521815778,0.17937417364477742,0.3472895548699868
0.25852146967684814,0.21912350597609562,0.18238158477202301,0.3399734395750332
0.2623674911660777,0.22173144876325088,0.17800353356890458,0.3378975265017668
0.2595352915387988,0.22490135905304692,0.17623849188952215,0.3393248575186322
0.25891677675033026,0.22721268163804492,0.17657419638925584,0.337296345222369
0.26191517271534764,0.22125054656755574,0.17533887188456493,0.3414954088325317
0.26100352112676056,0.22711267605633803,0.17473591549295775,0.3371478873239437
0.26264848218213815,0.225692916849978,0.1737791465024197,0.33787945446546414
0.27140974967061926,0.22090469916556874,0.1725955204216074,0.33509003074220467
0.26823940585408473,0.22411533420707733,0.1764962865880297,0.33114897335080823
0.26458973233874505,0.21632294866169371,0.1799034664326459,0.3391838525669153
0.2690798081116441,0.21674662014827736,0.18578281726995202,0.32839075447012644
0.2730465320456541,0.21466198419666374,0.18920105355575065,0.3230904302019315
0.2753371030882993,0.2092214006089604,0.18877772944758592,0.3266637668551544
0.2734132268086995,0.20905459387483355,0.18908122503328895,0.328450954283178
0.2775831873905429,0.2075306479859895,0.18914185639229422,0.3257443082311734
0.2833260008798944,0.20281566212054553,0.18609766827980642,0.3277606687197536
0.290150842945874,0.20585625554569653,0.17834960070984915,0.3256433007985803
0.292693661971831,0.20642605633802816,0.18089788732394366,0.3199823943661972
0.2938325991189427,0.2105726872246696,0.17577092511013215,0.3198237885462555
0.29702089817696753,0.2040907069808804,0.17563361493997331,0.32325477990217877
0.298021978021978,0.2057142857142857,0.1767032967032967,0.31956043956043956
0.2992957746478873,0.2068661971830986,0.1800176056338028,0.31382042253521125
0.3025618374558304,0.20759717314487633,0.17491166077738515,0.31492932862190814
0.2994250331711632,0.20610349402919062,0.17470145953118088,0.31977001326846527
0.29854046881910656,0.20787262273330384,0.1742591773551526,0.31932773109243695
0.2975352112676056,0.20422535211267606,0.17781690140845072,0.3204225352112676
0.3007452871547567,0.20517316966242877,0.17580008768084174,0.31828145550197284
0.30534688466637205,0.20813079982324348,0.17101193106495802,0.31551038444542645
0.3118374558303887,0.21068904593639576,0.16651943462897525,0.31095406360424027
0.31023830538393643,0.21094439541041482,0.1646072374227714,0.3142100617828773
0.3144599303135889,0.20993031358885017,0.16637630662020905,0.30923344947735193
0.31741821396993813,0.20866489832007074,0.16755083996463307,0.3063660477453581
0.3139484040227372,0.2090074333187582,0.1705290773939659,0.3065150852645387
0.31060272767267927,0.20721513418389792,0.1680598328200616,0.3141223053233612
0.307487815684537,0.20159503766061143,0.17190961453256534,0.3190075321222862
0.3102237823606845,0.20184291355857834,0.16673979815708645,0.3211935059236507
0.31562774363476737,0.20280948200175591,0.16154521510096576,0.32001755926251096
0.32355555555555554,0.19644444444444445,0.1582222222222222,0.3217777777777778
0.3251101321585903,0.1986784140969163,0.1590308370044053,0.31718061674008813
0.3241106719367589,0.1985068072024594,0.1585419411506368,0.3188405797101449
0.323943661971831,0.1954225352112676,0.1624119718309859,0.3182218309859155
0.3207215134183898,0.19313682358117026,0.16190057193136823,0.32424109106907173
0.32063074901445465,0.19667104686815592,0.16075339465615418,0.3219448094612352
0.3285340314136126,0.19851657940663175,0.15095986038394416,0.3219895287958115
0.33057130396860007,0.19624945486262538,0.14871347579590058,0.32446576537287397
0.33113746157224416,0.19411506368028106,0.14888010540184454,0.3258673693456302
0.33509467195068254,0.19682959048877147,0.14619110523998238,0.32188463232056364
0.33436259373621524,0.20291133656815175,0.1446846052051169,0.3180414644905161
0.33624836029733274,0.19895059029296022,0.14779186707477043,0.3170091823349366
0.33792796798577146,0.20142285460204534,0.14717652289906624,0.31347265451311696
0.33406981882456915,0.19840919133893062,0.14847547503314185,0.31904551480335835
0.3333333333333333,0.19726992514310876,0.14883311316600617,0.32056362835755176
0.3402932030208796,0.19768991559306975,0.14304753442914261,0.31896934695690804
0.3416776460254721,0.19543258673693456,0.14317083882301274,0.3197189284145806
0.35475352112676056,0.19014084507042253,0.14128521126760563,0.31382042253521125
0.35356200527704484,0.1838170624450308,0.14643799472295516,0.31618293755496923
0.349628982976866,0.18943692710606722,0.14709733740724573,0.313836752509821
0.3572060123784262,0.1839080459770115,0.14633068081343945,0.3125552608311229
0.35736263736263735,0.18285714285714286,0.14417582417582417,0.3156043956043956
0.3588157313300928,0.17764030048608043,0.14714980114891738,0.3163941670349094
0.3545816733067729,0.18105356352368304,0.14342629482071714,0.3209384683488269
0.35530336097773896,0.18070711479703186,0.14753382802269752,0.31645569620253167
0.3562610229276896,0.17945326278659612,0.1437389770723104,0.3205467372134039
0.35369068541300525,0.18409490333919157,0.14586994727592267,0.3163444639718805
0.3485513608428446,0.18481123792800702,0.1466198419666374,0.32001755926251096
0.35956043956043954,0.17802197802197803,0.1410989010989011,0.3213186813186813
0.37048458149779734,0.1841409691629956,0.13656387665198239,0.30881057268722467
0.36774479397430215,0.18741692512184316,0.13247673903411608,0.3123615418697386
0.37544014084507044,0.18485915492957747,0.13160211267605634,0.30809859154929575
0.3707617789520035,0.1919859092910612,0.13033905768383972,0.30691325407309555
0.37019018133569215,0.18841220698805838,0.13445378151260504,0.3069438301636444
0.37028824833702884,0.1893569844789357,0.13569844789356986,0.3046563192904656
0.3775915306572563,0.19144243493603882,0.13145125716806352,0.2995147772386414
0.37488829311885613,0.19436997319034852,0.13092046470062557,0.2998212689901698
0.3769911504424779,0.19469026548672566,0.13274336283185842,0.29557522123893804
0.373568281938326,0.18898678414096917,0.1356828193832599,0.30176211453744495
0.37784588441330996,0.19614711033274956,0.13222416812609458,0.29378283712784586
0.3802197802197802,0.1978021978021978,0.130989010989011,0.290989010989011
0.3835736129314111,0.19397116644823068,0.13717780690257755,0.2852774137177807
0.3932233615693268,0.18680338831921534,0.1355327686134641,0.2844404814979938
0.3890845070422535,0.19058098591549297,0.136443661971831,0.28389084507042256
0.4,0.18488888888888888,0.13555555555555557,0.27955555555555556
0.3991130820399113,0.18536585365853658,0.14057649667405764,0.2749445676274945
0.3963011889035667,0.18273888154997797,0.14398943196829592,0.2769704975781594
0.39088092076139885,0.18503762726870296,0.14209827357237717,0.281983178397521
0.39199296084469865,0.18873735151781787,0.14342278926528818,0.27584689837219534
0.3932038834951456,0.18711385701676964,0.1412180052956752,0.27846425419240955
0.4,0.18859649122807018,0.13815789473684212,0.27324561403508774
0.4,0.18672566371681415,0.14115044247787611,0.2721238938053097
0.4052028218694885,0.18253968253968253,0.140652557319224,0.2716049382716049
0.4026726057906459,0.18396436525612472,0.13942093541202671,0.2739420935412027
0.40017706949977866,0.18503762726870296,0.14032757857459052,0.27445772465692786
0.4026315789473684,0.18333333333333332,0.14342105263157895,0.2706140350877193
0.3974358974358974,0.1874447391688771,0.14588859416445624,0.2692307692307692
0.3968531468531469,0.18706293706293706,0.14816433566433568,0.2679195804195804
0.39492430988423866,0.19100623330365094,0.1460373998219056,0.2680320569902048
0.40307692307692305,0.1912087912087912,0.14241758241758243,0.2632967032967033
0.4013186813186813,0.19296703296703296,0.14505494505494507,0.26065934065934065
0.3968253968253968,0.1948853615520282,0.14638447971781304,0.2619047619047619
0.3985859478568272,0.1948740609809987,0.14096332302253645,0.26557666813963765
0.3936077057793345,0.19220665499124343,0.13879159369527144,0.2753940455341506
0.39424778761061946,0.1920353982300885,0.13672566371681416,0.27699115044247785
0.39956140350877195,0.19035087719298247,0.1368421052631579,0.27324561403508774
0.39744718309859156,0.19190140845070422,0.13908450704225353,0.2715669014084507
0.4050464807436919,0.18725099601593626,0.13501549358123063,0.2726870296591412
0.41184268669907204,0.18250110472823686,0.13433495360141406,0.27132125497127707
0.4037516748548459,0.18535060294774452,0.13488164359088878,0.2760160786065208
0.4062776304155615,0.1909814323607427,0.1304155614500442,0.2723253757736516
0.4135503739551254,0.18389793224813022,0.1315442146942367,0.2710074791025077
0.41688424717145345,0.18407310704960836,0.1288076588337685,0.27023498694516973
0.4114560559685177,0.1853957149103629,0.1294271972015741,0.2737210319195453
0.4108492663405958,0.18541574032903513,0.13205869275233437,0.27167630057803466
0.4113257243195786,0.18349429323968394,0.1334503950834065,0.271729587357331
0.412677304964539,0.1799645390070922,0.1356382978723404,0.2717198581560284
0.4131308619919607,0.1799910674408218,0.13756141134435015,0.26931665922286735
0.4247121346324181,0.1744906997342781,0.13330380868024802,0.2674933569530558
0.421792618629174,0.1726713532513181,0.13224956063268892,0.273286467486819
0.4095957352287872,0.1776988005330964,0.14304753442914261,0.2696579298089738
0.41259357111404665,0.17745486569793043,0.14002642007926025,0.26992514310876264
0.41626373626373625,0.17098901098901098,0.14505494505494507,0.2676923076923077
0.4100656455142232,0.16936542669584245,0.1474835886214442,0.27308533916849015
0.4124071647007427,0.1673219746614242,0.1472258628221931,0.27304499781564
0.41535087719298247,0.1675438596491228,0.14605263157894738,0.2710526315789474
0.4172214824678207,0.1673324456280515,0.14558366622281402,0.2698624056813138
0.41830357142857144,0.17142857142857143,0.1419642857142857,0.2683035714285714
0.4142295940637276,0.1719773024879965,0.1422959406372763,0.27149716281099956
0.41226121723678366,0.17281208351843624,0.14171479342514437,0.2732119058196357
0.41406593406593406,0.16923076923076924,0.14505494505494507,0.27164835164835166
0.409150901891773,0.16849978002639684,0.15002199736031677,0.27232732072151344
0.4071460079400088,0.16806352007057784,0.14733127481252756,0.2774591971768858
0.3974358974358974,0.17285587975243147,0.15340406719717065,0.27630415561450045
0.3925601750547046,0.16980306345733043,0.15798687089715535,0.27964989059080964
0.39136183340678715,0.16615249008373734,0.15645658880564126,0.2860290877038343
0.40141467727674623,0.16666666666666666,0.15428824049513704,0.27763041556145
0.3984272608125819,0.16863259065093927,0.15902140672782875,0.27391874180865006
0.4026431718061674,0.16387665198237886,0.15859030837004406,0.2748898678414097
0.40061565523306947,0.16710642040457344,0.15699208443271767,0.2752858399296394
0.40123729562527616,0.16217410517012815,0.15554573574900574,0.28104286345558993
0.3986044483209769,0.1718273004797209,0.1587440034888792,0.270824247710423
0.39876215738284704,0.17374005305039789,0.15340406719717065,0.27409372236958446
0.40361711513012793,0.17600352889280987,0.14953683281870314,0.27084252315835905
0.4052980132450331,0.18013245033112582,0.14437086092715232,0.27019867549668874
0.40334654337296344,0.17745486569793043,0.1453104359313078,0.27388815499779834
0.4056813138038171,0.17842876165113183,0.14824678206835332,0.26764314247669774
0.4006170118995152,0.17276333186425738,0.1502864698104892,0.27633318642573823
0.3940734188412207,0.17823971693940735,0.14949137549756744,0.2781954887218045
0.40248778320746337,0.17814304753442914,0.14882274544646823,0.2705464238116393
0.40783615316117544,0.176313446126447,0.1495992876224399,0.26625111308993765
0.4027109750765195,0.17927415828596416,0.14954088325317008,0.2684739833843463
0.4098005203816132,0.17996530789245446,0.1487424111014744,0.26149176062445795
0.4060579455662862,0.17866549604916593,0.15320456540825286,0.262071992976295
0.41586327782646804,0.1757230499561788,0.15249780893952672,0.25591586327782645
0.4136263736263736,0.17758241758241758,0.15384615384615385,0.2549450549450549
0.4108251996450754,0.17923691215616683,0.15394853593611357,0.2559893522626442
0.4129662522202487,0.17939609236234458,0.15541740674955595,0.2522202486678508
0.4183583406884378,0.18446601941747573,0.1496028243601059,0.24757281553398058
0.41887125220458554,0.18386243386243387,0.1490299823633157,0.2482363315696649
0.41677704194260484,0.1814569536423841,0.15275938189845475,0.24900662251655628
0.4211224038886434,0.1811754308440124,0.14935925762262484,0.2483429076447194
0.41924095322153576,0.1849073256840247,0.15357458075904679,0.24227714033539277
0.42480211081794195,0.18117854001759015,0.15523306948109059,0.23878627968337732
0.42694663167104113,0.18110236220472442,0.15704286964129482,0.23490813648293962
0.42292314526876945,0.18036428254109285,0.1581519324744558,0.23856063971568192
0.4224175824175824,0.1824175824175824,0.15384615384615385,0.2413186813186813
0.41832669322709165,0.18326693227091634,0.15405046480743692,0.24435590969455512
0.42587719298245613,0.18289473684210528,0.15350877192982457,0.23771929824561402
0.4225229157573112,0.18507202095154954,0.15626364033173287,0.23614142295940638
0.4173989455184534,0.18453427065026362,0.15641476274165203,0.24165202108963094
0.41985068072024595,0.1875274483970136,0.1497584541062802,0.24286341677646026
0.4161545215100966,0.18700614574187885,0.15057067603160668,0.2462686567164179
0.41318681318681316,0.18725274725274726,0.15252747252747254,0.24703296703296704
0.4149122807017544,0.18289473684210528,0.156140350877193,0.24605263157894736
0.4168485377564382,0.17546922741161064,0.1545176778699258,0.25316455696202533
0.4111111111111111,0.1751111111111111,0.15911111111111112,0.25466666666666665
0.4058226731363035,0.1768857520952801,0.15924128804587562,0.2580502867225408
0.4047936085219707,0.17887261429205503,0.15756768752774078,0.25876608965823344
0.40597539543058,0.18453427065026362,0.15333919156414763,0.2561511423550088
0.4066666666666667,0.18533333333333332,0.15688888888888888,0.2511111111111111
0.410706450197455,0.18429135585783238,0.15620886353663888,0.24879333040807372
0.41500221926320463,0.1877496671105193,0.15268530847758544,0.24456280514869064
0.4060846560846561,0.1966490299823633,0.15299823633156967,0.24426807760141092
0.3991971454058876,0.19669937555753791,0.14852809991079394,0.25557537912578054
0.38762071992976294,0.199297629499561,0.14837576821773485,0.2647058823529412
0.3936311366651924,0.19548872180451127,0.14285714285714285,0.2680229986731535
0.39920774647887325,0.19190140845070422,0.1430457746478873,0.2658450704225352
0.3992963940193492,0.19261213720316622,0.1424802110817942,0.26561125769569044
0.4041994750656168,0.1889763779527559,0.13867016622922135,0.26815398075240593
0.3996447602131439,0.19271758436944939,0.14209591474245115,0.2655417406749556
0.4060846560846561,0.1917989417989418,0.14153439153439154,0.2605820105820106
0.40657894736842104,0.19210526315789472,0.1394736842105263,0.2618421052631579
0.40554821664464996,0.19374724790841039,0.1431087626596213,0.2575957727873184
0.4022787028921998,0.19281332164767748,0.14680105170902716,0.2581069237510955
0.4004366812227074,0.18995633187772926,0.15021834061135372,0.2593886462882096
0.4077669902912621,0.18932038834951456,0.14386584289496912,0.25904677846425417
0.4044795783926219,0.19060166886253843,0.14712340799297322,0.2577953447518665
0.40847531673219745,0.18435998252512015,0.14941022280471822,0.2577544779379642
0.4157848324514991,0.18959435626102292,0.13977072310405644,0.25485008818342153
0.4060980998674326,0.1917808219178082,0.14759169244365886,0.2545293857711003
0.4148936170212766,0.1879432624113475,0.1453900709219858,0.25177304964539005
0.4189307624890447,0.1827344434706398,0.1485539000876424,0.24978089395267308
0.4123348017621145,0.18722466960352424,0.1502202643171806,0.25022026431718064
0.418389793224813,0.18565772107347117,0.14782226132864057,0.24813022437307522
0.4154867256637168,0.1831858407079646,0.15221238938053097,0.2491150442477876
0.4135964912280702,0.1881578947368421,0.15087719298245614,0.24736842105263157
0.41644562334217505,0.1887709991158267,0.14898320070733864,0.2458001768346596
0.4195100612423447,0.18503937007874016,0.14391951006124235,0.2515310586176728
0.4206103494029191,0.18752764263600177,0.14551083591331268,0.24635117204776646
0.4185739436619718,0.18838028169014084,0.1505281690140845,0.2425176056338028
0.42344706911636043,0.18853893263342084,0.15091863517060367,0.23709536307961504
0.418086500655308,0.18829183049366535,0.15683704674530363,0.236784622105723
0.4185739436619718,0.1892605633802817,0.1624119718309859,0.22975352112676056
0.4150197628458498,0.18840579710144928,0.16161616161616163,0.2349582784365393
0.41853315766359245,0.18401405357927098,0.15590689503732982,0.24154589371980675
0.42369121561668144,0.17657497781721385,0.14995563442768411,0.24977817213842057
0.42613636363636365,0.17832167832167833,0.145979020979021,0.24956293706293706
0.4288859533245266,0.17965653896961692,0.1457507705856451,0.24570673712021135
0.42863455589924876,0.1789659743703049,0.14405656208572692,0.2483429076447194
0.4230600613765892,0.183691363437089,0.14818062253397632,0.24506795265234546
0.42657952069716776,0.1803921568627451,0.14727668845315905,0.2457516339869281
0.42649647887323944,0.1800176056338028,0.14920774647887325,0.2442781690140845
0.4234154929577465,0.18221830985915494,0.14964788732394366,0.24471830985915494
0.4201754385964912,0.18201754385964913,0.14956140350877192,0.2482456140350877
0.41555555555555557,0.18444444444444444,0.1511111111111111,0.24888888888888888
0.41292012221737234,0.18463553033609778,0.1532082060235705,0.2492361414229594
0.41228851291184326,0.19011576135351738,0.1522707034728406,0.24532502226179875
0.4030905077262693,0.1902869757174393,0.15364238410596026,0.25298013245033113
0.4111160123511248,0.18835465372739302,0.1517423908248787,0.24878694309660343
0.4163014899211218,0.1796669588080631,0.1520595968448729,0.25197195442594217
0.42498900131984163,0.1847778266608007,0.13858336999560053,0.25164980202375714
0.4308300395256917,0.18489240228370662,0.14404918752744839,0.24022837066315328
0.43103448275862066,0.19496021220159152,0.134394341290893,0.2396109637488948
0.43321616871704743,0.19112478031634447,0.13927943760984182,0.23637961335676624
0.4394932284840542,0.1926605504587156,0.13761467889908258,0.23023154215814767
0.44282560706401763,0.19249448123620308,0.1337748344370861,0.23090507726269316
0.43989431968295906,0.18934390136503743,0.13606340819022458,0.23469837076177896
0.43102688408990747,0.19303657999118554,0.1370647862494491,0.2388717496694579
0.43495575221238936,0.18849557522123894,0.13495575221238937,0.2415929203539823
0.43876651982378856,0.19030837004405288,0.1356828193832599,0.23524229074889869
0.43124165554072097,0.19359145527369825,0.1312861593235425,0.24388072986203826
0.43822222222222224,0.1942222222222222,0.12844444444444444,0.2391111111111111
0.43677649154051645,0.19456812110418523,0.13045414069456812,0.2382012466607302
0.4370629370629371,0.19361888111888112,0.13024475524475523,0.23907342657342656
0.43686309260079753,0.19184758529020823,0.1329198050509526,0.23836951705804166
0.43132108486439197,0.18810148731408574,0.1347331583552056,0.2458442694663167
0.43038528896672507,0.18520140105078808,0.14054290718038528,0.24387040280210157
0.42982072584171405,0.18714473108876256,0.14385658067337123,0.23917796239615216
0.4365148861646235,0.18476357267950963,0.1361646234676007,0.2425569176882662
0.4359649122807018,0.181140350877193,0.13859649122807016,0.2442982456140351
0.4392605633802817,0.17913732394366197,0.1368838028169014,0.24471830985915494
0.4415929203539823,0.17920353982300885,0.1336283185840708,0.24557522123893805
0.4402820625826355,0.17805200528867343,0.13574261789334507,0.24592331423534597
0.4407079646017699,0.16902654867256636,0.13761061946902656,0.25265486725663716
0.43917435221783047,0.16776460254721123,0.14097496706192358,0.2520860781730347
0.4364763169544046,0.17264276228419656,0.14652501106684374,0.24435590969455512
0.4353982300884956,0.17876106194690267,0.14424778761061946,0.2415929203539823
0.4391418563922942,0.17994746059544658,0.14316987740805603,0.23774080560420316
0.43136383829409153,0.18480675255442025,0.1408262994224789,0.24300310972900932
0.4324681038275407,0.18301803783545975,0.14298284205895292,0.24153101627804663
0.43244444444444446,0.18533333333333332,0.1431111111111111,0.2391111111111111
0.4333627537511033,0.1822594880847308,0.13945278022947927,0.24492497793468668
0.42680776014109345,0.17989417989417988,0.14638447971781304,0.24691358024691357
0.4225721784776903,0.18022747156605423,0.14916885389326334,0.24803149606299213
0.4248681898066784,0.18057996485061512,0.14235500878734622,0.2521968365553603
0.43077601410934746,0.1781305114638448,0.1424162257495591,0.24867724867724866
0.4275043936731107,0.179701230228471,0.14762741652021089,0.2451669595782074
0.4203793559770622,0.18129686810763124,0.14689016321129245,0.2514336127040141
0.41415929203539825,0.18672566371681415,0.14734513274336283,0.2517699115044248
0.4194690265486726,0.18761061946902655,0.14646017699115044,0.24646017699115044
0.416187527642636,0.19195046439628483,0.1468376824413976,0.24502432551968156
0.4209599295464553,0.18626155878467635,0.15015411712901805,0.2426243945398503
0.42498900131984163,0.18609766827980642,0.1482622085349758,0.24065112186537616
0.4301454385191714,0.1877479065667695,0.14499779638607316,0.2371088585279859
0.42920353982300885,0.18716814159292036,0.14469026548672567,0.23893805309734514
0.43371378402107114,0.1861281826163301,0.14705882352941177,0.233099209833187
0.4447415329768271,0.18805704099821746,0.13992869875222816,0.22727272727272727
0.44234984655852694,0.19289785181937746,0.14116615519508988,0.2235861464270057
0.4464993394980185,0.18846323205636284,0.13958608542492293,0.22545134302069572
0.4457092819614711,0.18826619964973731,0.13747810858143608,0.22854640980735552
0.4482300884955752,0.18495575221238938,0.13495575221238937,0.23185840707964603
0.45164113785557986,0.18161925601750548,0.1387308533916849,0.22800875273522975
0.45474711623779945,0.17701863354037267,0.14241348713398402,0.22582076308784382
0.46041574524546663,0.18000884564352057,0.13887660327288812,0.22069880583812473
0.4619445666520018,0.18125824901011878,0.139463264408271,0.21733391992960846
0.4609549308344489,0.17893797411869702,0.14368585452922802,0.21642124051762607
0.45249668581528946,0.18294299602297834,0.14317277949624393,0.2213875386654883
0.44960903562119897,0.17810599478714162,0.14552562988705472,0.22675933970460468
0.44776119402985076,0.18217734855136083,0.14969271290605796,0.22036874451273047
0.4486438417074255,0.17963539350822588,0.1511783014673188,0.22054246331702979
0.44724061810154525,0.18896247240618103,0.1479028697571744,0.21589403973509932
0.4506172839506173,0.19268077601410935,0.15123456790123457,0.2054673721340388
0.4620476610767873,0.18887908208296558,0.147396293027361,0.20167696381288613
0.46238938053097345,0.18584070796460178,0.14778761061946902,0.20398230088495575
