R,A,S,N
0.0,0.0,0.0,1.0
0.0,0.0,0.0,1.0
0.0,0.0,0.2222222222222222,0.7777777777777778
0.05555555555555555,0.0,0.2222222222222222,0.7222222222222222
0.09090909090909091,0.0,0.24242424242424243,0.6666666666666666
0.07407407407407407,0.018518518518518517,0.24074074074074073,0.6666666666666666
0.11764705882352941,0.047058823529411764,0.2235294117647059,0.611764705882353
0.14285714285714285,0.03968253968253968,0.23809523809523808,0.5793650793650794
0.15384615384615385,0.054945054945054944,0.23626373626373626,0.554945054945055
0.16260162601626016,0.07317073170731707,0.23577235772357724,0.5284552845528455
0.18072289156626506,0.0963855421686747,0.22289156626506024,0.5
0.1845102505694761,0.11389521640091116,0.22323462414578588,0.4783599088838269
0.20503597122302158,0.1223021582733813,0.22302158273381295,0.44964028776978415
0.20821114369501467,0.1348973607038123,0.218475073313783,0.43841642228739003
0.21301775147928995,0.13964497041420118,0.2331360946745562,0.41420118343195267
0.22319688109161792,0.13937621832358674,0.23684210526315788,0.40058479532163743
0.22548197820620286,0.13914501257334452,0.2363788767812238,0.3989941324392288
0.23227206946454415,0.14399421128798842,0.2337192474674385,0.39001447178002896
0.22774193548387098,0.14838709677419354,0.24451612903225806,0.3793548387096774
0.23090379008746356,0.15393586005830903,0.24723032069970846,0.36793002915451894
0.22502685284640173,0.1552094522019334,0.24865735767991407,0.3711063372717508
0.2241112828438949,0.14940752189592993,0.24781040700669757,0.3786707882534776
0.2188715953307393,0.14980544747081712,0.25,0.38132295719844356
0.2142520056630486,0.14771118452100046,0.2586125530910807,0.37942425672487023
0.20920502092050208,0.1515574151557415,0.25755462575546256,0.3816829381682938
0.21112115732368897,0.14783001808318263,0.265370705244123,0.3756781193490054
0.20861074123391035,0.14691522414558367,0.26897470039946736,0.3754993342210386
0.21272808188696038,0.1375166889185581,0.27592345349354697,0.37383177570093457
0.2072192513368984,0.1394830659536542,0.2727272727272727,0.3805704099821747
0.2057142857142857,0.14373626373626375,0.2764835164835165,0.3740659340659341
0.2111692844677138,0.13961605584642234,0.27530541012216403,0.3739092495636998
0.21416007036059806,0.14511873350923482,0.2678100263852243,0.3729111697449428
0.21980886185925283,0.1424847958297133,0.26542137271937444,0.3722849695916594
0.21580817051509768,0.14031971580817051,0.2713143872113677,0.3725577264653641
0.2091677792612372,0.14374721851357367,0.2665776591010236,0.38050734312416556
0.2069420035149385,0.14279437609841827,0.27460456942003514,0.37565905096660807
0.20585664335664336,0.14466783216783216,0.2727272727272727,0.3767482517482518
0.2072310405643739,0.1455026455026455,0.2724867724867725,0.3747795414462081
0.20647419072615922,0.14741907261592302,0.268591426071741,0.3775153105861767
0.19982433025911286,0.1497584541062802,0.27931488801054016,0.37110232762406675
0.19903551074090312,0.1446733888645331,0.2757562472599737,0.38053485313459007
0.19859092910612064,0.1453104359313078,0.27829150154117127,0.37780713342140027
0.20324134910205868,0.14761279018834866,0.278580814717477,0.37056504599211565
0.20123565754633715,0.14474845542806708,0.2740511915269197,0.37996469549867606
0.20367936925098554,0.14892685063512923,0.26938239159001315,0.3780113885238721
0.20604997807978956,0.1464270056992547,0.27356422621657167,0.37395879000438403
0.2040280210157618,0.15017513134851138,0.27408056042031526,0.37171628721541156
0.2027690933452434,0.1460473425636445,0.2755694506476105,0.37561411344350154
0.2,0.15022222222222223,0.2697777777777778,0.38
0.20359019264448336,0.14667250437828372,0.26970227670753066,0.38003502626970226
0.21333922261484098,0.14575971731448764,0.2659010600706714,0.375
0.2160737812911726,0.14404918752744839,0.26262626262626265,0.37725076855511636
0.2145374449339207,0.14845814977973568,0.2621145374449339,0.3748898678414097
0.21343349536014142,0.1506849315068493,0.25673884224480775,0.3791427308882015
0.21251109139307897,0.15527950310559005,0.2653061224489796,0.36690328305235137
0.20698805838124723,0.15833701901813357,0.26669615214506853,0.36797877045555066
0.2072310405643739,0.15520282186948853,0.27380952380952384,0.3637566137566138
0.21380846325167038,0.155456570155902,0.266815144766147,0.36391982182628063
0.21702690780767533,0.15791795324217026,0.2690780767534186,0.35597706219673575
0.21535087719298246,0.1618421052631579,0.2649122807017544,0.35789473684210527
0.21608484312859036,0.15775519222271323,0.27220503756076003,0.35395492708793636
0.21842105263157896,0.16140350877192983,0.26666666666666666,0.35350877192982455
0.21825396825396826,0.16137566137566137,0.263668430335097,0.3567019400352734
0.22319859402460457,0.16124780316344464,0.2609841827768014,0.3545694200351494
0.225177304964539,0.16090425531914893,0.2526595744680851,0.3612588652482269
0.2180781044317683,0.16498464238701185,0.2566915313734094,0.36024572180781045
0.21340388007054673,0.1697530864197531,0.2517636684303351,0.36507936507936506
0.21754385964912282,0.16535087719298244,0.2574561403508772,0.35964912280701755
0.21649029982363316,0.1662257495590829,0.25396825396825395,0.36331569664902996
0.22236842105263158,0.16622807017543859,0.24912280701754386,0.362280701754386
0.22395833333333334,0.16102430555555555,0.24522569444444445,0.3697916666666667
0.22649006622516557,0.16114790286975716,0.24900662251655628,0.363355408388521
0.2296756996890271,0.16303864948911595,0.25188804975566415,0.3553976010661928
0.22717343818261249,0.16426387068588905,0.25207514198339886,0.3564875491480996
0.22456140350877193,0.1675438596491228,0.25570175438596493,0.35219298245614034
0.22054246331702979,0.17252112049799911,0.2534459759893286,0.3534904401956425
0.22246891651865008,0.1705150976909414,0.2562166962699822,0.35079928952042627
0.22315140845070422,0.16637323943661972,0.25264084507042256,0.3578345070422535
0.22417582417582418,0.1665934065934066,0.24703296703296704,0.3621978021978022
0.22844444444444445,0.1688888888888889,0.24755555555555556,0.3551111111111111
0.22640673460345592,0.1692512184315463,0.2512184315463004,0.3531236154186974
0.22880983750548967,0.16908212560386474,0.2507685551163812,0.3513394817742644
0.2222222222222222,0.17022222222222222,0.2511111111111111,0.35644444444444445
0.22168780061215565,0.17271534761696547,0.25273283777874944,0.3528640139921294
0.2145374449339207,0.18325991189427313,0.25242290748898677,0.3497797356828194
0.21916010498687663,0.1762904636920385,0.25021872265966755,0.3543307086614173
0.21814159292035398,0.17964601769911503,0.2491150442477876,0.3530973451327434
0.21409691629955946,0.17973568281938326,0.2515418502202643,0.35462555066079293
0.21949078138718173,0.17822651448639157,0.24714661984196665,0.35513608428446003
0.21794871794871795,0.1755083996463307,0.2484526967285588,0.35809018567639256
0.2151394422310757,0.17972554227534307,0.24479858344400177,0.36033643204957944
0.2171806167400881,0.17973568281938326,0.24713656387665198,0.35594713656387666
0.22787610619469026,0.17920353982300885,0.2424778761061947,0.3504424778761062
0.22650709219858156,0.17907801418439717,0.24556737588652483,0.34884751773049644
0.22632281013783903,0.17696754112939084,0.2498888394842152,0.3468208092485549
0.22687224669603523,0.1762114537444934,0.2497797356828194,0.347136563876652
0.2367957746478873,0.1742957746478873,0.24955985915492956,0.33934859154929575
0.23103901797457255,0.17448487505480054,0.25471284524331433,0.3397632617273126
0.235216240070609,0.176522506619594,0.25375110326566636,0.33451015004413065
0.2414398595258999,0.17383669885864794,0.2532923617208077,0.33143107989464443
0.23648351648351648,0.17978021978021977,0.2571428571428571,0.3265934065934066
0.24100087796312555,0.17954345917471468,0.25768217734855137,0.3217734855136084
0.23975588491717523,0.1843940714908457,0.25544899738448124,0.3204010462074978
0.24063464081092992,0.18245923314235346,0.2560599382988101,0.3208461877479066
0.2411841532433609,0.18589464518937746,0.2533739660426643,0.3195472355245973
0.24408413672217352,0.18448729184925505,0.2532865907099036,0.31814198071866784
0.2451669595782074,0.18409490333919157,0.2526362038664323,0.3181019332161687
0.2572178477690289,0.18460192475940507,0.24715660542432197,0.3110236220472441
0.2563764291996482,0.18733509234828497,0.24890061565523308,0.3073878627968338
0.2596491228070175,0.1868421052631579,0.25043859649122807,0.3030701754385965
0.2534036012296882,0.19411506368028106,0.2490118577075099,0.30346947738252084
0.2575558475689882,0.18484450284713097,0.2527376259307928,0.30486202365308807
0.25917735515258733,0.18841220698805838,0.2529854046881911,0.2994250331711632
0.25692916849978004,0.1900571931368236,0.2564892212934448,0.2965244170699516
0.2565121412803532,0.19249448123620308,0.2556291390728477,0.295364238410596
0.2607937200174444,0.19537723506323593,0.25425207152202356,0.2895769733972961
0.2607361963190184,0.19763365468886943,0.25503943908851884,0.28659070990359337
0.2620415377817057,0.20194432169686258,0.25187803800265135,0.28413610251878035
0.26269315673289184,0.20176600441501102,0.25342163355408387,0.28211920529801326
0.25764966740576495,0.2039911308203991,0.25543237250554324,0.28292682926829266
0.2598597721297108,0.2046450482033304,0.254601226993865,0.28089395267309375
0.26325088339222613,0.20141342756183744,0.2583922261484099,0.2769434628975265
0.26171529619805484,0.20159151193633953,0.25862068965517243,0.2780725022104332
0.2598494909251881,0.19698981850376274,0.2633908809207614,0.27976980965028775
0.26795945350374617,0.1978845306302336,0.25694138386954607,0.2772146319964742
0.27224669603524226,0.1986784140969163,0.24625550660792953,0.2828193832599119
0.2708516242317823,0.1971027216856892,0.2440737489025461,0.28797190517998245
0.2721658579620644,0.19629466254962505,0.24922805469783854,0.282311424790472
0.27613586237318044,0.2015880017644464,0.24437582708425232,0.2779003087781209
0.27550130775937226,0.1970357454228422,0.24934612031386225,0.2781168265039233
0.2738938053097345,0.19424778761061948,0.25265486725663716,0.27920353982300883
0.2751111111111111,0.19333333333333333,0.25555555555555554,0.276
0.26672496720594663,0.20026235242675994,0.2531700918233494,0.279842588543944
0.2701401050788091,0.19658493870402802,0.2517513134851138,0.28152364273204905
0.271015761821366,0.19833625218914186,0.2526269702276708,0.27802101576182137
0.2787746170678337,0.1925601750547046,0.25164113785557984,0.27702407002188184
0.28027984258854394,0.1915172715347617,0.25623087013554874,0.2719720157411456
0.2854020979020979,0.18444055944055945,0.2556818181818182,0.2744755244755245
0.28104286345558993,0.18205921343349535,0.25762262483429077,0.27927529827662395
0.2845814977973568,0.17841409691629956,0.2616740088105727,0.2753303964757709
0.28483516483516486,0.1824175824175824,0.2589010989010989,0.27384615384615385
0.293569844789357,0.18004434589800444,0.24966740576496674,0.27671840354767185
0.28666371289322107,0.18298626495347806,0.25919361984935757,0.2711564023039433
0.29819144243493606,0.18526687251874724,0.25319805910895454,0.26334362593736216
0.30065934065934063,0.1898901098901099,0.25362637362637364,0.2558241758241758
0.2938076416337286,0.19367588932806323,0.25120772946859904,0.26130873956960915
0.28995633187772923,0.18908296943231442,0.25109170305676853,0.2698689956331878
0.29398762157382846,0.1878868258178603,0.2515473032714412,0.26657824933687
0.2874564459930314,0.19207317073170732,0.2495644599303136,0.27090592334494773
0.2871636524040582,0.19673577415086016,0.2439347154830172,0.2721658579620644
0.2917391304347826,0.19478260869565217,0.2417391304347826,0.2717391304347826
0.2908695652173913,0.19652173913043477,0.24347826086956523,0.2691304347826087
0.2844638949671772,0.1938730853391685,0.24638949671772428,0.27527352297593
0.2858403176003529,0.19629466254962505,0.2474636082928981,0.27040141155712394
0.28307692307692306,0.19296703296703296,0.25362637362637364,0.2703296703296703
0.27884187082405343,0.1933184855233853,0.2516703786191537,0.27616926503340755
0.28152364273204905,0.19089316987740806,0.2526269702276708,0.27495621716287216
0.28060097216084845,0.18471056120194432,0.25939019001325675,0.2752982766239505
0.2861552028218695,0.17989417989417988,0.2535273368606702,0.2804232804232804
0.28803156510302497,0.1819377466023674,0.25252082419991234,0.2775098640946953
0.286784140969163,0.18105726872246697,0.252863436123348,0.27929515418502204
0.2891408634976014,0.17880505887483647,0.2546881814217183,0.2773658962058439
0.28015734265734266,0.1743881118881119,0.25655594405594406,0.2888986013986014
0.2787028921998247,0.1765994741454864,0.26468010517090274,0.28001752848378614
0.2766695576756288,0.1782307025151778,0.2632263660017346,0.2818733738074588
0.2808249232119351,0.17858709960508995,0.2602018429135586,0.2803861342694164
0.2894736842105263,0.17763157894736842,0.25043859649122807,0.2824561403508772
0.28818827708703376,0.1780639431616341,0.24467140319715808,0.28907637655417406
0.28533568904593637,0.18065371024734983,0.2393992932862191,0.2946113074204947
0.2801231310466139,0.18425681618293754,0.24274406332453827,0.2928759894459103
0.2795936395759717,0.18418727915194347,0.23895759717314488,0.29726148409893993
0.28264680105170903,0.18404907975460122,0.23751095530236635,0.2957931638913234
0.28339191564147626,0.18760984182776802,0.23813708260105448,0.29086115992970124
0.28363475959417733,0.18703131892368768,0.24040582267313632,0.28892809880899867
0.28996447602131437,0.18650088809946713,0.23090586145648312,0.2926287744227353
0.2895548699867783,0.1881886293521375,0.2243278977523138,0.2979286029087704
0.28019323671497587,0.1976284584980237,0.22397891963109354,0.2981993851559069
0.27587738782763216,0.19768991559306975,0.22567747667703242,0.30075521990226567
0.26935123042505593,0.2,0.22371364653243847,0.3069351230425056
0.2736471623405191,0.1970963484381874,0.22921249450065992,0.30004399472063353
0.27232732072151344,0.18961724593048834,0.23053233611966564,0.3075230972283326
0.2777777777777778,0.19047619047619047,0.23015873015873015,0.30158730158730157
0.2827616534740545,0.1917326297273527,0.22911169744942833,0.2963940193491645
0.2819266460450729,0.19133893062306673,0.2350861688024746,0.29164825452938575
0.28471001757469244,0.1937609841827768,0.23506151142355008,0.28646748681898065
0.2774336283185841,0.1986725663716814,0.2323008849557522,0.2915929203539823
0.28111209179170343,0.19461606354810237,0.2325684024713151,0.29170344218887906
0.2793271359008411,0.19389110225763612,0.23328906595838866,0.29349269588313415
0.2893692104102338,0.19541243934715483,0.22849580943978826,0.2867225408028231
0.28884986830553117,0.19666374012291485,0.23002633889376647,0.2844600526777875
0.2932396839332748,0.1957857769973661,0.22519754170324846,0.2857769973661106
0.2964426877470356,0.19499341238471674,0.22485726833552921,0.28370663153271847
0.29766622633201234,0.19815059445178335,0.22060766182298547,0.28357551739321885
0.2922473867595819,0.20121951219512196,0.2225609756097561,0.28397212543554007
0.3010610079575597,0.1962864721485411,0.21927497789566755,0.2833775419982317
0.3042142230026339,0.1922739244951712,0.228270412642669,0.2752414398595259
0.3077258838934963,0.19336534264513314,0.22610213880401572,0.2728066346573549
0.30278019113814075,0.19635099913119028,0.22545612510860122,0.27541268462206775
0.29937722419928825,0.19172597864768684,0.22909252669039146,0.27980427046263345
0.30039525691699603,0.19279754062362758,0.22573561703996486,0.2810715854194115
0.30167844522968196,0.19346289752650175,0.2248233215547703,0.28003533568904593
0.3011135857461025,0.19821826280623608,0.22494432071269488,0.2757238307349666
0.291906236178682,0.20123839009287925,0.23219814241486067,0.27465723131357805
0.288135593220339,0.2016057091882248,0.23148974130240857,0.27876895628902765
0.29673202614379085,0.20435729847494552,0.23311546840958605,0.2657952069716776
0.29280070237050043,0.208955223880597,0.228270412642669,0.26997366110623355
0.2876712328767123,0.21034025629695094,0.2266902342023862,0.2752982766239505
0.2904929577464789,0.20906690140845072,0.2249119718309859,0.2755281690140845
0.2970561998215879,0.2065120428189117,0.2225691347011597,0.27386262265834077
0.2968681076312307,0.20952801058667844,0.22717247463608292,0.26643140714600794
0.2944542253521127,0.21346830985915494,0.22799295774647887,0.2640845070422535
0.29398762157382846,0.21175950486295314,0.22723253757736517,0.26702033598585323
0.2990409764603313,0.2092414995640802,0.22885789014821273,0.26285963382737576
0.2899955927721463,0.2128691053327457,0.22785368003525783,0.26928162185985016
0.30026338893766463,0.20763827919227393,0.22651448639157157,0.2655838454784899
0.29732103645147123,0.2090469916556873,0.23100570926657882,0.26262626262626265
0.29706927175843695,0.21758436944937834,0.2322380106571936,0.2531083481349911
0.28990662516674076,0.21520675855935972,0.23654957759004003,0.2583370386838595
0.2872340425531915,0.2176418439716312,0.22916666666666666,0.26595744680851063
0.28400531679220203,0.2153300841825432,0.2352680549401861,0.2653965440850687
0.294351279788173,0.21403353927625773,0.22197705207413945,0.26963812886142985
0.29261862917398945,0.21221441124780316,0.22363796133567662,0.27152899824253074
0.29091706888986396,0.21412900394910048,0.22114962702939886,0.2738043001316367
0.29310344827586204,0.22236958443854996,0.21175950486295314,0.27276746242263483
0.2884191985909291,0.22104799647732276,0.21180096873623955,0.27873183619550856
0.28590192644483364,0.22110332749562173,0.21672504378283713,0.27626970227670755
0.2869718309859155,0.22139084507042253,0.22095070422535212,0.2706866197183099
0.2871547566856642,0.2227093380096449,0.22051731696624288,0.26961858833844804
0.2890556045895852,0.22859664607237423,0.21624007060900266,0.26610767872903796
0.2851476421330983,0.23314235345967388,0.2150727192595857,0.2666372851476421
0.2838964458095656,0.23255813953488372,0.209741114523914,0.2738043001316367
0.2924778761061947,0.22566371681415928,0.21194690265486726,0.26991150442477874
0.2888986013986014,0.23470279720279721,0.2097902097902098,0.2666083916083916
0.2901668129938543,0.23266022827041263,0.21334503950834066,0.26382791922739246
0.29359430604982206,0.22597864768683273,0.2157473309608541,0.2646797153024911
0.28104286345558993,0.23243482103402563,0.22359699513919576,0.2629253203711887
0.28295254833040423,0.2438488576449912,0.21045694200351495,0.2627416520210896
0.28255093002657217,0.2395925597874225,0.21656333038086803,0.2612931798051373
0.2800702370500439,0.23968393327480245,0.21553994732221246,0.2647058823529412
0.27931488801054016,0.2450592885375494,0.21563460693895475,0.25999121651295565
0.2774363476733977,0.242756804214223,0.21729587357330993,0.26251097453906935
0.28407079646017697,0.24336283185840707,0.21415929203539824,0.2584070796460177
0.29321663019693656,0.24026258205689277,0.21181619256017506,0.25470459518599564
0.2864651773981603,0.2413491020586947,0.2172579938677179,0.25492772667542707
0.282792352156514,0.24588706091596266,0.21431747443308136,0.25700311249444197
0.2813333333333333,0.252,0.2088888888888889,0.2577777777777778
0.28033658104517273,0.2524357838795394,0.2121346324180691,0.2550930026572188
0.2803532008830022,0.25342163355408387,0.21059602649006623,0.2556291390728477
0.27925531914893614,0.25310283687943264,0.21187943262411346,0.2557624113475177
0.2778023925564909,0.2472308373947718,0.2153300841825432,0.25963668586619404
0.27636203866432335,0.2548330404217926,0.21616871704745166,0.2526362038664323
0.27399103139013453,0.25291479820627805,0.2219730941704036,0.25112107623318386
0.2736471623405191,0.2503299604047514,0.22613286405631325,0.2498900131984162
0.2759825327510917,0.25021834061135373,0.2205240174672489,0.25327510917030566
0.27126035761011774,0.25556040122110774,0.22590492804186654,0.24727431312690798
0.2749003984063745,0.2545374059318282,0.22797698096502877,0.24258521469676847
0.2727272727272727,0.25375110326566636,0.22859664607237423,0.24492497793468668
0.27225130890052357,0.2543630017452007,0.23167539267015708,0.24171029668411867
0.2756043956043956,0.24747252747252746,0.23824175824175825,0.23868131868131867
0.2728077945084145,0.24933569530558017,0.23737821080602303,0.24047829937998227
0.26865671641791045,0.2510974539069359,0.23617208077260754,0.2440737489025461
0.27340008707009145,0.2507618632999565,0.2303003918154114,0.2455376578145407
0.27816901408450706,0.24779929577464788,0.22579225352112675,0.2482394366197183
0.27549668874172184,0.25121412803532006,0.22472406181015453,0.24856512141280354
0.27611940298507465,0.2546093064091308,0.228270412642669,0.24100087796312555
0.27324312527280664,0.2527280663465735,0.22828459188127456,0.24574421649934527
0.2794894366197183,0.25440140845070425,0.22535211267605634,0.24075704225352113
0.26951591801133884,0.255124291321413,0.2285215874400349,0.24683820322721325
0.26815398075240593,0.26115485564304464,0.22703412073490814,0.2436570428696413
0.26929902395740907,0.26175687666370895,0.22626441881100265,0.24267968056787934
0.27132805628847845,0.25813544415127526,0.22427440633245382,0.24626209322779244
0.27292672224659936,0.258446687143484,0.2242211496270294,0.24440544098288722
0.2721238938053097,0.25663716814159293,0.2243362831858407,0.24690265486725663
0.27677390921110623,0.24856765094755398,0.2265315116791538,0.24812692816218598
0.2788546255506608,0.25066079295154187,0.21762114537444935,0.252863436123348
0.2802631578947368,0.25087719298245614,0.22412280701754386,0.24473684210526317
0.27680140597539543,0.2513181019332162,0.22495606326889278,0.2469244288224956
0.2785428698356286,0.25410928476232786,0.22345624167036873,0.24389160373167482
0.2772146319964742,0.2600264433671221,0.21947994711326577,0.24327897752313796
0.2742857142857143,0.2571428571428571,0.22329670329670329,0.24527472527472527
0.2731643356643357,0.25917832167832167,0.22596153846153846,0.2416958041958042
0.28080985915492956,0.25,0.22579225352112675,0.24339788732394366
0.28244610646722396,0.2503299604047514,0.2234931808183018,0.24373075230972283
0.2803861342694164,0.250987275120667,0.22465993856954805,0.24396665204036858
0.2766330556773345,0.25252082419991234,0.2222709338009645,0.24857518632178868
0.2790286975717439,0.25474613686534214,0.21810154525386313,0.24812362030905077
0.27966841186736474,0.25218150087260033,0.22469458987783594,0.24345549738219896
0.2828104286345559,0.24480777728678746,0.2205037560760053,0.25187803800265135
0.28324468085106386,0.24335106382978725,0.21675531914893617,0.2566489361702128
0.28339191564147626,0.242091388400703,0.21660808435852372,0.257908611599297
0.28111209179170343,0.23874669020300088,0.21932921447484555,0.26081200353045014
0.2795085563843791,0.2369460289600702,0.21851689337428698,0.2650285212812637
0.28149779735682817,0.23215859030837005,0.21894273127753303,0.2674008810572687
0.28320911880754057,0.2354230600613766,0.21964050854888206,0.2617273125822008
0.27495621716287216,0.23774080560420316,0.2149737302977233,0.2723292469352014
0.2813588850174216,0.2347560975609756,0.21297909407665505,0.27090592334494773
0.28753852928225454,0.23293703214442976,0.20783795684720388,0.2716864817261119
0.28427065026362036,0.23813708260105448,0.21309314586994726,0.26449912126537783
0.2843956043956044,0.2334065934065934,0.20967032967032967,0.2725274725274725
0.2848888888888889,0.23466666666666666,0.21022222222222223,0.2702222222222222
0.28363475959417733,0.23378914865460962,0.21482134980149978,0.26775474194971327
0.2779482683033757,0.23498465585269618,0.21306444541867603,0.2740026304252521
0.28104286345558993,0.23155103844454264,0.2129916040653999,0.27441449403446755
0.28024369016536116,0.23063533507397738,0.22019147084421237,0.2689295039164491
0.2782222222222222,0.2311111111111111,0.21733333333333332,0.2733333333333333
0.27701808557565066,0.22981914424349362,0.21570357300397,0.2774591971768858
0.276558384547849,0.22651448639157157,0.21992976294995611,0.27699736611062337
0.2831858407079646,0.2247787610619469,0.21991150442477875,0.2721238938053097
0.2810170977641385,0.22051731696624288,0.2244629548443665,0.2740026304252521
0.2870249017038008,0.2219309742245522,0.21887287024901703,0.27217125382262997
0.28979045920642,0.22291573785109228,0.21622826571555953,0.2710655372269282
0.2916666666666667,0.2219298245614035,0.21929824561403508,0.26710526315789473
0.29668411867364747,0.22207678883071552,0.21553228621291448,0.26570680628272253
0.29590488771466317,0.22457067371202113,0.2175253192426244,0.2619991193306913
0.2925860547219771,0.2237422771403354,0.2144748455428067,0.26919682259488087
0.28896672504378285,0.2224168126094571,0.2171628721541156,0.2714535901926445
0.2909011373578303,0.22397200349956256,0.21916010498687663,0.2659667541557305
0.29102167182662536,0.22733303847854933,0.21716054842989826,0.26448474126492705
0.2801418439716312,0.23182624113475178,0.22118794326241134,0.26684397163120566
0.2734513274336283,0.23495575221238937,0.22256637168141594,0.26902654867256637
0.2807641048422923,0.23234118169702356,0.21945801865837405,0.2674366948023101
0.2757709251101322,0.23392070484581498,0.21762114537444935,0.27268722466960355
0.28063241106719367,0.23276240667545015,0.21870882740447958,0.2678963548528766
0.28047703180212014,0.2310070671378092,0.22393992932862192,0.26457597173144876
0.2804395604395604,0.2320879120879121,0.22329670329670329,0.2641758241758242
0.27580149319279756,0.24242424242424243,0.2222222222222222,0.2595520421607378
0.2772887323943662,0.23723591549295775,0.2266725352112676,0.25880281690140844
0.2813738441215324,0.23029502421840597,0.22457067371202113,0.2637604579480405
0.28293545534924847,0.23121131741821396,0.22988505747126436,0.25596816976127323
0.27580149319279756,0.230566534914361,0.22793148880105402,0.26570048309178745
0.2711487088156723,0.2341941228851291,0.22796081923419412,0.26669634906500445
0.27333038478549315,0.23706324635117204,0.22644847412649272,0.2631578947368421
0.27042628774422733,0.2344582593250444,0.2291296625222025,0.26598579040852577
0.26857142857142857,0.2347252747252747,0.23296703296703297,0.26373626373626374
0.26516157591854805,0.24214254094732182,0.234174413457282,0.25852146967684814
0.2659902955447728,0.24525805028672254,0.24261138067931187,0.24614027348919276
0.26513477684489617,0.24304021210782148,0.24083075563411402,0.2509942554131684
0.266489597166888,0.23992917220008853,0.2412571934484285,0.25232403718459495
0.2662565905096661,0.23725834797891038,0.24648506151142355,0.25
0.26830337571240687,0.23498465585269618,0.24682156948706707,0.2498903989478299
0.2644736842105263,0.24035087719298245,0.2442982456140351,0.25087719298245614
0.2635522256500661,0.24107536359629794,0.24548259144997797,0.249889819303658
0.2633654688869413,0.2397020157756354,0.24802804557405783,0.24890446976336547
0.2701174423662462,0.23836450630709005,0.24401913875598086,0.2474989125706829
0.27076923076923076,0.24703296703296704,0.23824175824175825,0.24395604395604395
0.26616805983282005,0.24373075230972283,0.2353717553893533,0.2547294324681038
0.2660270388137811,0.24291321412996075,0.24073266463148713,0.25032708242477103
0.2698689956331878,0.2406113537117904,0.23755458515283842,0.2519650655021834
0.26943462897526504,0.23807420494699646,0.23630742049469966,0.25618374558303886
0.27631578947368424,0.2355263157894737,0.23728070175438595,0.25087719298245614
0.2667836770513383,0.24572180781044317,0.2343132953049583,0.2531812198332602
0.27324561403508774,0.24078947368421053,0.23728070175438595,0.24868421052631579
0.2726069695632995,0.2439347154830172,0.2373180414644905,0.24614027348919276
0.2754069511658601,0.2388913330400352,0.2424109106907171,0.2432908051033876
0.284326710816777,0.23973509933774834,0.23885209713024283,0.2370860927152318
0.28164695575996496,0.23302671922908455,0.23740692071835304,0.24791940429259746
0.2866578599735799,0.23645970937912814,0.23469837076177896,0.242184059885513
0.28450578806767585,0.22974176313446126,0.2382012466607302,0.2475512021371327
0.2828773168578994,0.23124448367166814,0.23698146513680493,0.24889673433362755
0.28058510638297873,0.23537234042553193,0.23315602836879432,0.250886524822695
0.28031634446397186,0.23110720562390158,0.23637961335676624,0.2521968365553603
0.2775330396475771,0.23215859030837005,0.2356828193832599,0.25462555066079295
0.28389084507042256,0.23371478873239437,0.23767605633802816,0.24471830985915494
0.27966475518306133,0.2364358182620203,0.23908248786943095,0.24481693868548743
0.2790286975717439,0.2370860927152318,0.23752759381898456,0.24635761589403973
0.28350970017636684,0.23677248677248677,0.23589065255731922,0.24382716049382716
0.28112626484821823,0.23933128024637043,0.2380114386273647,0.24153101627804663
0.273286467486819,0.2398945518453427,0.23945518453427064,0.24736379613356765
0.2710526315789474,0.2442982456140351,0.24035087719298245,0.2442982456140351
0.2682602921646746,0.23727312970340858,0.24479858344400177,0.249667994687915
0.2627381479840496,0.2357111209570226,0.24368630926007975,0.25786442179884805
0.26096491228070173,0.23728070175438595,0.24342105263157895,0.25833333333333336
0.2613835376532399,0.2381786339754816,0.24737302977232925,0.2530647985989492
0.2558037669732808,0.23740692071835304,0.2527376259307928,0.25405168637757336
0.2521968365553603,0.242091388400703,0.24956063268892795,0.2561511423550088
0.2518813634351483,0.2403718459495352,0.2536520584329349,0.2540947321823816
0.25643300798580304,0.23380656610470274,0.2559893522626442,0.25377107364685003
0.2534337616304829,0.23881258307487815,0.25742135578201153,0.25033229951262737
0.25228360156589824,0.23749456285341453,0.25271857329273595,0.2575032622879513
0.2594713656387665,0.2409691629955947,0.24845814977973568,0.2511013215859031
0.25817706061927603,0.2420409943305713,0.24814653292629743,0.2516354121238552
0.2581786030061892,0.24491600353669318,0.24314765694076038,0.2537577365163572
0.2589676290463692,0.24059492563429571,0.25021872265966755,0.25021872265966755
0.26019503546099293,0.2398049645390071,0.24335106382978725,0.2566489361702128
0.2607158638974812,0.23641184268669907,0.24083075563411402,0.2620415377817057
0.25728155339805825,0.2321270962047661,0.2436010591350397,0.2669902912621359
0.25894829871851527,0.22889969067609367,0.24348210340256296,0.26866990720282813
0.2581069237510955,0.22962313759859773,0.24408413672217352,0.26818580192813324
0.2579646017699115,0.22831858407079647,0.24778761061946902,0.265929203539823
0.26176858776946765,0.2300923889133304,0.2410910690717114,0.26704795424549055
0.2541557305336833,0.23140857392825898,0.24190726159230097,0.27252843394575677
0.2552724077328647,0.23550087873462214,0.23813708260105448,0.2710896309314587
0.25375110326566636,0.23433362753751102,0.23654015887025595,0.27537511032656664
0.25166444740346205,0.23124722592099423,0.23746116289391922,0.2796271637816245
0.2512184315463004,0.23349579087284006,0.2370403190075321,0.27824545857332744
0.24749017896115233,0.23352247926669575,0.23701440419030992,0.281972937581842
0.24469964664310953,0.2314487632508834,0.23409893992932862,0.28975265017667845
0.24140930839495434,0.23140495867768596,0.23618964767290127,0.29099608525445847
0.2465934065934066,0.22857142857142856,0.22989010989010988,0.29494505494505496
0.24867957746478872,0.22887323943661972,0.2306338028169014,0.2918133802816901
0.24801412180052956,0.2263901147396293,0.22815533980582525,0.2974404236540159
0.23788546255506607,0.22995594713656387,0.23612334801762114,0.2960352422907489
0.24150110375275938,0.22560706401766004,0.23841059602649006,0.2944812362030905
0.24014178112538767,0.22729286663712894,0.2419140451927337,0.2906513070447497
0.23669159700835898,0.22965244170699517,0.24065112186537616,0.2930048394192697
0.23900488671701467,0.2199022656597068,0.24389160373167482,0.29720124389160374
0.24690265486725663,0.21946902654867256,0.24646017699115044,0.28716814159292037
0.24098504837291118,0.22383465259454705,0.24582233948988566,0.28935795954265614
0.24508519003931847,0.21712538226299694,0.2472695500218436,0.290519877675841
0.24538258575197888,0.218117854001759,0.24318381706244502,0.29331574318381703
0.24176313446126446,0.21816562778272486,0.2408726625111309,0.2991985752448798
0.23866138265081463,0.22413033905768384,0.24394539850286218,0.29326287978863935
0.23891084760649978,0.22178304787000439,0.23978919631093545,0.2995169082125604
0.2418645558487247,0.2185576077396658,0.23790677220756376,0.3016710642040457
0.24428822495606328,0.2218804920913884,0.23242530755711774,0.30140597539543057
0.24715660542432197,0.2178477690288714,0.23534558180227472,0.2996500437445319
0.2474989125706829,0.22096563723357981,0.23618964767290127,0.29534580252283604
0.2479047198941332,0.22805469783855314,0.23555359505955006,0.28848698720776356
0.25044404973357015,0.22602131438721138,0.23401420959147423,0.2895204262877442
0.2518747243052492,0.22981914424349362,0.2399647110719012,0.278341420379356
0.24583698510078877,0.23356704645048204,0.24101665205959685,0.27957931638913236
0.24590888987173817,0.23087129588677577,0.2419283502874834,0.2812914639540027
0.24638949671772428,0.2301969365426696,0.23719912472647703,0.2862144420131291
0.23907342657342656,0.23251748251748253,0.2416958041958042,0.2867132867132867
0.24211908931698775,0.22723292469352013,0.2447460595446585,0.28590192644483364
0.24231782265144863,0.23046532045654083,0.23748902546093065,0.2897278314310799
0.2413793103448276,0.22900088417329797,0.23563218390804597,0.29398762157382846
0.24683267802533856,0.22935779816513763,0.23722149410222804,0.28658802970729574
0.24313551815766166,0.2382639503985828,0.22763507528786536,0.29096545615589015
0.24900662251655628,0.23664459161147902,0.22869757174392935,0.28565121412803535
0.249667994687915,0.22841965471447542,0.23638778220451528,0.2855245683930943
0.24292555507183283,0.2285589899869395,0.24161950370047888,0.2868959512407488
0.2497801231310466,0.22383465259454705,0.2418645558487247,0.28452066842568163
0.24945295404814005,0.22450765864332603,0.24770240700218818,0.27833698030634574
0.250330542089026,0.2234464521815778,0.250330542089026,0.27589246364037023
0.25273283777874944,0.219938784433756,0.2505465675557499,0.27678181023174464
0.2564102564102564,0.22502210433244915,0.246684350132626,0.2718832891246684
0.25021949078138717,0.22651448639157157,0.24846356453028973,0.27480245829675154
0.25207152202354993,0.23026602703881377,0.2459659834278238,0.27169646750981247
0.25076586433260395,0.2288840262582057,0.24463894967177244,0.27571115973741794
0.24736842105263157,0.22894736842105262,0.24605263157894736,0.2776315789473684
0.24711623779946762,0.2302573203194321,0.2466725820763088,0.2759538598047915
0.24689716312056736,0.23625886524822695,0.24822695035460993,0.26861702127659576
0.2537444933920705,0.2365638766519824,0.24361233480176211,0.26607929515418505
0.24879333040807372,0.2378236068451075,0.24835454146555508,0.2650285212812637
0.25165271044513,0.2379903040987219,0.24548259144997797,0.26487439400617013
0.2518681318681319,0.2413186813186813,0.2378021978021978,0.269010989010989
0.24700665188470067,0.24478935698447893,0.2376940133037694,0.270509977827051
0.2454905411350638,0.24813022437307522,0.2336119665640123,0.27276726792784867
0.24211908931698775,0.2526269702276708,0.23467600700525393,0.27057793345008757
0.23539745278875715,0.25691699604743085,0.23671497584541062,0.2709705753184014
0.23447676943117673,0.2613981762917933,0.23100303951367782,0.27312201476335213
0.2446524064171123,0.2638146167557932,0.23083778966131907,0.2606951871657754
0.2450592885375494,0.25735617039964864,0.23232323232323232,0.2652613087395696
0.24581497797356827,0.252863436123348,0.2277533039647577,0.273568281938326
0.24315975286849073,0.2563989408649603,0.23300970873786409,0.2674315975286849
0.24377224199288255,0.2571174377224199,0.23087188612099643,0.2682384341637011
0.24435590969455512,0.25763612217795484,0.23284639220894202,0.26516157591854805
0.2478031634446397,0.2543936731107206,0.23066783831282953,0.2671353251318102
0.24944714727996462,0.25519681556833257,0.23175586023883238,0.2636001769128704
0.24867957746478872,0.25440140845070425,0.2319542253521127,0.2649647887323944
0.24570673712021135,0.2514310876265962,0.23557904007045355,0.2672831351827389
0.25510204081632654,0.2511091393078971,0.22626441881100265,0.2675244010647737
0.2522163120567376,0.25132978723404253,0.22562056737588654,0.2708333333333333
0.24800354924578527,0.25865128660159714,0.22271517302573204,0.2706299911268855
0.24479858344400177,0.2527667109340416,0.22841965471447542,0.2740150509074812
0.2512184315463004,0.24988923349579087,0.2255206025697829,0.27337173238812584
0.2547545333923043,0.24502432551968156,0.22821760283060594,0.27200353825740825
0.2568523430592396,0.23474801061007958,0.23253757736516356,0.27586206896551724
0.2566137566137566,0.23059964726631393,0.23544973544973544,0.27733686067019403
0.2592756183745583,0.23454063604240283,0.22968197879858657,0.2765017667844523
0.25696594427244585,0.23131357806280406,0.23396727111897392,0.27775320654577623
0.25937362152624616,0.2329069254521394,0.2329069254521394,0.27481252756947505
0.2668428005284016,0.2280933509467195,0.23557904007045355,0.26948480845442535
0.26173604960141716,0.23073516386182463,0.23604960141718334,0.27147918511957486
0.26522506619594,0.23433362753751102,0.23609885260370697,0.26434245366284204
0.26413427561837455,0.23409893992932862,0.23719081272084805,0.26457597173144876
0.27055702917771884,0.23121131741821396,0.23076923076923078,0.26746242263483644
0.27065026362038663,0.23857644991212654,0.22451669595782073,0.2662565905096661
0.269806338028169,0.2319542253521127,0.22799295774647887,0.27024647887323944
0.27292672224659936,0.2277314611671786,0.2387011847301448,0.2606406318560772
0.27232732072151344,0.22525296964364278,0.23757149142102948,0.2648482182138143
0.2732406602953953,0.22284969591659426,0.23284100781928757,0.2710686359687228
0.2658959537572254,0.22409959982214317,0.23921742996887504,0.27078701645175635
0.2740026304252521,0.21876370013152127,0.23936869793950022,0.26786497150372646
0.27626970227670755,0.2171628721541156,0.23861646234676007,0.2679509632224168
0.2757255936675462,0.21503957783641162,0.24406332453825857,0.26517150395778366
0.26952253458277553,0.22088353413654618,0.24854975457385095,0.26104417670682734
0.26445916114790285,0.22207505518763798,0.2525386313465784,0.2609271523178808
0.2594880847308032,0.22330097087378642,0.2616946160635481,0.25551632833186233
0.26866990720282813,0.2147591692443659,0.2620415377817057,0.2545293857711003
0.2687555163283319,0.2144748455428067,0.25904677846425417,0.25772285966460723
0.26681318681318683,0.21186813186813186,0.2641758241758242,0.2571428571428571
0.2676056338028169,0.2112676056338028,0.26276408450704225,0.258362676056338
0.2672831351827389,0.2073976221928666,0.26420079260237783,0.2611184500220167
0.2625994694960212,0.21087533156498675,0.26702033598585323,0.2595048629531388
0.2681191640729213,0.2120942641173855,0.26411738550466873,0.25566918630502444
0.2643269657929809,0.2070191026210573,0.2696579298089738,0.258996001776988
0.2613835376532399,0.2097197898423818,0.2732049036777583,0.25569176882662
0.2675438596491228,0.20394736842105263,0.26973684210526316,0.25877192982456143
0.2670780079330101,0.20141031291317762,0.27148523578669015,0.2600264433671221
0.2724485326325011,0.20061322820849758,0.26631625054752517,0.2606219886114761
0.2712765957446808,0.20656028368794327,0.2637411347517731,0.25842198581560283
0.2751439964554719,0.20824102791315907,0.25963668586619404,0.256978289765175
0.27168141592920353,0.21150442477876105,0.2650442477876106,0.2517699115044248
0.27144120247568526,0.21529619805481875,0.26215738284703805,0.251105216622458
0.27589246364037023,0.21419127368884971,0.2631115028646981,0.24680475980608196
0.2741295724988982,0.2150727192595857,0.255178492728074,0.255619215513442
0.2713903743315508,0.21390374331550802,0.2553475935828877,0.25935828877005346
0.2720070422535211,0.21522887323943662,0.2522007042253521,0.2605633802816901
0.27672679278486584,0.21073471183457984,0.2503299604047514,0.2622085349758029
0.27248441674087265,0.2163846838824577,0.2475512021371327,0.26357969723953695
0.27933450087565675,0.21453590192644484,0.24299474605954466,0.2631348511383538
0.27527352297593,0.20831509846827134,0.24551422319474836,0.2708971553610503
0.2730465320456541,0.21334503950834066,0.24100087796312555,0.2726075504828797
