R,A,S,N
0.0,1.0,0.0,0.0
0.0,1.0,0.0,0.0
0.0,1.0,0.0,0.0
0.0,0.75,0.25,0.0
0.2,0.6,0.2,0.0
0.2,0.4,0.2,0.2
0.2,0.4,0.2,0.2
0.16666666666666666,0.5,0.16666666666666666,0.16666666666666666
0.16666666666666666,0.5,0.16666666666666666,0.16666666666666666
0.3333333333333333,0.3333333333333333,0.16666666666666666,0.16666666666666666
0.4,0.4,0.2,0.0
0.3333333333333333,0.5,0.16666666666666666,0.0
0.2857142857142857,0.42857142857142855,0.14285714285714285,0.14285714285714285
0.42857142857142855,0.2857142857142857,0.14285714285714285,0.14285714285714285
0.4444444444444444,0.3333333333333333,0.1111111111111111,0.1111111111111111
0.4,0.3,0.1,0.2
0.5,0.3333333333333333,0.08333333333333333,0.08333333333333333
0.5714285714285714,0.2857142857142857,0.07142857142857142,0.07142857142857142
0.6,0.2,0.13333333333333333,0.06666666666666667
0.5625,0.1875,0.1875,0.0625
0.6111111111111112,0.1111111111111111,0.16666666666666666,0.1111111111111111
0.6190476190476191,0.09523809523809523,0.14285714285714285,0.14285714285714285
0.7407407407407407,0.1111111111111111,0.07407407407407407,0.07407407407407407
0.7666666666666667,0.03333333333333333,0.1,0.1
0.7777777777777778,0.027777777777777776,0.1111111111111111,0.08333333333333333
0.8292682926829268,0.024390243902439025,0.0975609756097561,0.04878048780487805
0.7959183673469388,0.02040816326530612,0.10204081632653061,0.08163265306122448
0.8153846153846154,0.015384615384615385,0.07692307692307693,0.09230769230769231
0.868421052631579,0.013157894736842105,0.02631578947368421,0.09210526315789473
0.851063829787234,0.02127659574468085,0.02127659574468085,0.10638297872340426
0.8518518518518519,0.018518518518518517,0.018518518518518517,0.1111111111111111
0.8372093023255814,0.015503875968992248,0.023255813953488372,0.12403100775193798
0.8198757763975155,0.012422360248447204,0.031055900621118012,0.13664596273291926
0.8235294117647058,0.0053475935828877,0.03208556149732621,0.13903743315508021
0.8277511961722488,0.004784688995215311,0.023923444976076555,0.14354066985645933
0.8297872340425532,0.00425531914893617,0.02127659574468085,0.14468085106382977
0.8233082706766918,0.015037593984962405,0.018796992481203006,0.14285714285714285
0.8148148148148148,0.013468013468013467,0.016835016835016835,0.15488215488215487
0.7945619335347432,0.015105740181268883,0.021148036253776436,0.1691842900302115
0.7884615384615384,0.016483516483516484,0.019230769230769232,0.17582417582417584
0.7783375314861462,0.017632241813602016,0.020151133501259445,0.18387909319899245
0.773972602739726,0.0182648401826484,0.02054794520547945,0.1872146118721461
0.7768052516411379,0.0175054704595186,0.02188183807439825,0.1838074398249453
0.7596899224806202,0.01937984496124031,0.02131782945736434,0.1996124031007752
0.7705779334500875,0.024518388791593695,0.021015761821366025,0.18388791593695272
0.7710651828298887,0.022257551669316374,0.017488076311605722,0.1891891891891892
0.770516717325228,0.0243161094224924,0.016717325227963525,0.1884498480243161
0.7645429362880887,0.0221606648199446,0.015235457063711912,0.19806094182825484
0.7655259822560203,0.025348542458808618,0.016476552598225603,0.1926489226869455
0.775175644028103,0.0234192037470726,0.0117096018735363,0.18969555035128804
0.7665929203539823,0.029867256637168143,0.011061946902654867,0.19247787610619468
0.7647668393782383,0.029015544041450778,0.010362694300518135,0.19585492227979276
0.7568897637795275,0.027559055118110236,0.008858267716535433,0.20669291338582677
0.761633428300095,0.027540360873694207,0.012345679012345678,0.19848053181386516
0.7581818181818182,0.024545454545454544,0.015454545454545455,0.2018181818181818
0.7601380500431406,0.021570319240724764,0.015530629853321829,0.20276100086281276
0.7577741407528642,0.0220949263502455,0.015548281505728314,0.20458265139116202
0.7586206896551724,0.020850040096230954,0.01603849238171612,0.20449077786688052
0.7541729893778453,0.023520485584218515,0.01669195751138088,0.20561456752655538
0.7526158445440957,0.021674140508221227,0.020179372197309416,0.2055306427503737
0.7487328023171614,0.02389572773352643,0.01955104996379435,0.20782041998551773
0.749476622470342,0.021632937892533146,0.019539427773900907,0.209351011863224
0.7539893617021277,0.020611702127659573,0.01795212765957447,0.2074468085106383
0.7541720154043645,0.02053915275994865,0.018613607188703467,0.20667522464698332
0.7589395807644883,0.01972872996300863,0.017879161528976572,0.2034525277435265
0.7522824102251978,0.02130249543517955,0.018259281801582473,0.20815581253804016
0.7512106537530266,0.025423728813559324,0.020581113801452784,0.20278450363196127
0.7478108581436077,0.02568593111500292,0.020431990659661413,0.20607122008172796
0.7518207282913165,0.025210084033613446,0.0196078431372549,0.20336134453781513
0.7436604189636163,0.024807056229327454,0.021499448732083794,0.21003307607497243
0.7468834688346884,0.025474254742547425,0.020596205962059622,0.2070460704607046
0.7506520605112155,0.02764736567553469,0.0198226395409494,0.20187793427230047
0.7466529351184346,0.02729145211122554,0.018022657054582905,0.20803295571575695
0.7469574036511156,0.027890466531440162,0.016227180527383367,0.20892494929006086
0.7541871921182266,0.026108374384236452,0.017241379310344827,0.20246305418719213
0.7540029112081513,0.024745269286754003,0.017952450266860747,0.20329936923823386
0.7510729613733905,0.02575107296137339,0.01859799713876967,0.20457796852646637
0.7581176470588236,0.026823529411764704,0.01788235294117647,0.1971764705882353
0.7518621973929237,0.027932960893854747,0.01722532588454376,0.20297951582867785
0.751147842056933,0.02938475665748393,0.016069788797061526,0.2033976124885216
0.7586837294332724,0.031078610603290677,0.015539305301645339,0.19469835466179158
0.7669683257918553,0.02986425339366516,0.01493212669683258,0.18823529411764706
0.769299023957409,0.027950310559006212,0.01419698314108252,0.18855368234250222
0.7672955974842768,0.027852650494159928,0.014824797843665768,0.19002695417789758
0.7671721677074042,0.027653880463871544,0.0191793041926851,0.18599464763603926
0.7676902536715621,0.027592345349354695,0.016911437472185136,0.1878059635068981
0.769162605228179,0.028356225077536552,0.016836508639787327,0.18564466105449712
0.7614597240765465,0.027592345349354695,0.01824655095683133,0.19270137961726747
0.754775655264327,0.03154153709462461,0.019991115059973346,0.19369169258107508
0.7555555555555555,0.029333333333333333,0.019555555555555555,0.19555555555555557
0.7539893617021277,0.030141843971631204,0.019060283687943262,0.19680851063829788
0.7507844016136261,0.03003137606454505,0.021515015688032272,0.1976692066337965
0.7469933184855234,0.028953229398663696,0.02093541202672606,0.20311804008908685
0.749665327978581,0.03168228469433289,0.020972780008924587,0.19767960731816153
0.7555456965394853,0.0323868677905945,0.01818988464951198,0.19387755102040816
0.7591111111111111,0.03244444444444444,0.016888888888888887,0.19155555555555556
0.7548672566371681,0.032300884955752215,0.01902654867256637,0.19380530973451326
0.7546749777382012,0.03383793410507569,0.01914514692787177,0.1923419412288513
0.7563361493997333,0.03334815473543797,0.019119608714984436,0.19119608714984437
0.7515583259127337,0.03250222617987533,0.01914514692787177,0.19679430097951914
0.7473214285714286,0.034375,0.01830357142857143,0.2
0.7498889382496668,0.034207019102621056,0.0173256330519769,0.19857840959573522
0.7520952801058668,0.03440670489633877,0.018526687251874726,0.19497132774591971
0.7476677032430031,0.03553976010661928,0.018658374055975122,0.19813416259440247
0.7470956210902592,0.03485254691689008,0.01831992850759607,0.19973190348525469
0.7478954364200265,0.03544528134692069,0.01993797075764289,0.19672131147540983
0.7418069087688219,0.03675819309123118,0.021700620017714792,0.19973427812223207
0.7406098099867433,0.03844454264250994,0.019443216968625717,0.20150243040212107
0.7454464682363394,0.033762772101288314,0.021768103065304308,0.19902265659706797
0.7418358340688438,0.03442188879082083,0.02206531332744925,0.20167696381288613
0.7472135532768613,0.03522068658047258,0.022737405260811413,0.19482835488185465
0.741280353200883,0.03620309050772627,0.024724061810154525,0.1977924944812362
0.7403462050599201,0.03595206391478029,0.023968042609853527,0.19973368841544606
0.7384890478319177,0.03799731783638802,0.027268663388466695,0.19624497094322754
0.7422121896162528,0.04018058690744921,0.02799097065462754,0.18961625282167044
0.7405405405405405,0.04009009009009009,0.027927927927927927,0.19144144144144143
0.7436127297176154,0.039444195428059166,0.026445540116539667,0.19049753473778575
0.7394020526550648,0.038375725122713075,0.025435073627844713,0.19678714859437751
0.7389755011135858,0.039198218262806235,0.023608017817371936,0.19821826280623608
0.7423367392270103,0.037760995113282986,0.023989338071968014,0.1959129275877388
0.7415630550621669,0.03818827708703375,0.02575488454706927,0.19449378330373002
0.749210645015787,0.035182679296346414,0.02525935949481281,0.19034731619305367
0.7444345503116652,0.03784505788067676,0.02804986642920748,0.18967052537845058
0.7434647762516615,0.03898980948161276,0.027913159060700046,0.1896322552060257
0.7435555555555555,0.03955555555555555,0.028,0.18888888888888888
0.7398049645390071,0.040336879432624116,0.02526595744680851,0.1945921985815603
0.7426900584795322,0.04003598740440846,0.024291497975708502,0.19298245614035087
0.7397936294302377,0.038582323912068194,0.026917900403768506,0.19470614625392552
0.748653500897666,0.037253141831238776,0.026929982046678635,0.1871633752244165
0.7542600896860987,0.03632286995515695,0.0242152466367713,0.1852017937219731
0.7543468568880963,0.03700401248328132,0.024520731163620153,0.18412839946500223
0.7512304250559284,0.0407158836689038,0.022818791946308724,0.18523489932885906
0.7508896797153025,0.03959074733096085,0.021352313167259787,0.18816725978647686
0.7545333923042902,0.03715170278637771,0.020344980097302078,0.18796992481203006
0.7559765448804691,0.03924221921515562,0.018042399639152006,0.18673883626522328
0.7618198037466548,0.0352363960749331,0.018287243532560213,0.18465655664585193
0.7573033707865169,0.0350561797752809,0.016179775280898877,0.19146067415730336
0.7601626016260162,0.03568202348690153,0.016711833785004515,0.1874435411020777
0.7593250444049734,0.03507992895204263,0.018206039076376555,0.18738898756660746
0.7570218457423094,0.03299152920196166,0.019170753455193937,0.190815871600535
0.7564835164835165,0.03032967032967033,0.021538461538461538,0.19164835164835164
0.7590200445434299,0.032516703786191536,0.021380846325167038,0.1870824053452116
0.7644683714670256,0.03319874383131449,0.02063705697622252,0.1816958277254374
0.7609951132829853,0.03287427809862283,0.02087960906263883,0.185250999555753
0.7573073516386183,0.032329495128432244,0.021257750221434897,0.18910540301151463
0.7576293675364882,0.03228659885006634,0.01901813356921716,0.19106590004422822
0.7577388963660835,0.03409600717810678,0.01973979362943024,0.18842530282637954
0.76138353765324,0.03327495621716287,0.021015761821366025,0.18432574430823118
0.7580716497125166,0.03361344537815126,0.023883237505528527,0.18443166740380362
0.7614840989399293,0.03445229681978799,0.023409893992932862,0.18065371024734983
0.7627268702965914,0.033200531208499334,0.025675077467906152,0.1783975210270031
0.7562836624775583,0.03500897666068223,0.02872531418312388,0.17998204667863554
0.7585139318885449,0.03361344537815126,0.03007518796992481,0.17779743476337903
0.7608017817371938,0.033853006681514475,0.030289532293986638,0.17505567928730512
0.7612007168458781,0.035842293906810034,0.03046594982078853,0.1724910394265233
0.7610936799641417,0.033617212012550426,0.02868668758404303,0.1766024204392649
0.7587583148558759,0.032815964523281595,0.027937915742793792,0.18048780487804877
0.7585431654676259,0.03192446043165468,0.027428057553956834,0.1821043165467626
0.7627573858549687,0.03267681289167413,0.026410026857654433,0.17815577439570277
0.7646797153024911,0.03425266903914591,0.025800711743772242,0.17526690391459074
0.764679515912147,0.03272075302554908,0.025549081129538322,0.17705064993276556
0.7732558139534884,0.02996422182468694,0.022808586762075134,0.17397137745974955
0.7716077026421854,0.03134796238244514,0.02328705776981639,0.17375727720555306
0.7634168157423972,0.03130590339892665,0.024150268336314847,0.18112701252236135
0.7679607318161535,0.03302097278000892,0.024542614904060688,0.17447568049977688
0.7675746924428822,0.03251318101933216,0.024165202108963092,0.1757469244288225
0.7757009345794392,0.03204272363150868,0.024922118380062305,0.16733422340898976
0.7654867256637168,0.034513274336283185,0.024336283185840708,0.1756637168141593
0.7641551493535443,0.03744984395898351,0.026749888542131076,0.17164511814534106
0.7705570291777188,0.03536693191865606,0.027851458885941646,0.16622458001768348
0.7638703950288505,0.03772747447847315,0.027075011096316024,0.17132711939636042
0.7650736936132202,0.03573023671281822,0.030370701205895488,0.1688253684680661
0.7687527740790058,0.032401242787394584,0.02885042166000888,0.16999556147359077
0.7699154428126391,0.032487761459724075,0.02848242100578549,0.16911437472185137
0.7664007092198581,0.03324468085106383,0.028368794326241134,0.17198581560283688
0.7638950644730992,0.029346376167185415,0.028901734104046242,0.17785682525566918
0.7589445438282647,0.03041144901610018,0.02817531305903399,0.18246869409660108
0.7668301382077575,0.029870708872046365,0.02541239411502452,0.17788675880517166
0.7678018575851393,0.030959752321981424,0.024325519681556832,0.17691287041132242
0.7668279806423229,0.030356357237131544,0.02331720193576771,0.17949846018477783
0.7652289906625167,0.027567807914628723,0.023121387283236993,0.1840818141396176
0.7623022847100176,0.028558875219683654,0.022847100175746926,0.18629173989455183
0.7616071428571428,0.029464285714285714,0.022767857142857142,0.1861607142857143
0.7668001780151313,0.030262572318647086,0.022251891410769914,0.1806853582554517
0.7642058165548098,0.029082774049217,0.021029082774049218,0.18568232662192394
0.769299023957409,0.029281277728482696,0.022182786157941437,0.17923691215616683
0.7663843067320553,0.028979045920642,0.022737405260811413,0.1818992420864913
0.7653106839517211,0.027715690657130084,0.022798390701832812,0.18417523468931604
0.7647321428571429,0.029017857142857144,0.022321428571428572,0.18392857142857144
0.7686134641105662,0.02808738296923763,0.0231832367365136,0.18011591618368256
0.7701612903225806,0.030017921146953404,0.025089605734767026,0.17473118279569894
0.7691622103386809,0.026292335115864526,0.025846702317290554,0.178698752228164
0.769433465085639,0.026350461133069828,0.02678963548528766,0.17742643829600352
0.7640798226164079,0.027937915742793792,0.027494456762749447,0.18048780487804877
0.766994633273703,0.0259391771019678,0.025044722719141325,0.18202146690518783
0.7668001780151313,0.027147307521139297,0.025367156208277702,0.1806853582554517
0.7688531905399375,0.025881302989736725,0.027666220437304774,0.17759928603302097
0.7712014134275619,0.024734982332155476,0.02561837455830389,0.1784452296819788
0.7724844167408726,0.024487978628673197,0.02626892252894034,0.1767586821015138
0.7731543624161074,0.025950782997762864,0.026845637583892617,0.17404921700223713
0.7777777777777778,0.023809523809523808,0.026455026455026454,0.17195767195767195
0.775692582663092,0.02546916890080429,0.02680965147453083,0.17202859696157283
0.7739634418189925,0.026749888542131076,0.02719572001783326,0.17209094962104324
0.7721463199647421,0.029528426619656236,0.02600264433671221,0.17232260907888938
0.7702222222222223,0.030222222222222223,0.025777777777777778,0.17377777777777778
0.7701808557565064,0.0282311424790472,0.027790030877812087,0.17379797088663432
0.7701200533570476,0.029346376167185415,0.02712316585148955,0.17341040462427745
0.7689260563380281,0.030369718309859156,0.027288732394366196,0.17341549295774647
0.7744360902255639,0.029632905793896505,0.02697921273772667,0.16895179124281293
0.7717584369449378,0.028419182948490232,0.02886323268206039,0.17095914742451154
0.7732739420935412,0.028062360801781736,0.031180400890868598,0.16748329621380847
0.7745792736935341,0.025686448184233834,0.03100088573959256,0.1687333923826395
0.7753108348134992,0.02664298401420959,0.03108348134991119,0.1669626998223801
0.7717198581560284,0.0274822695035461,0.03235815602836879,0.16843971631205673
0.7719767960731816,0.02900490852298081,0.03168228469433289,0.16733601070950468
0.7720555306762203,0.03179579041648007,0.03134796238244514,0.16480071652485445
0.7759856630824373,0.030913978494623656,0.029121863799283155,0.1639784946236559
0.7779759251003121,0.03209986625055729,0.028533214444939812,0.1613909942041908
0.780871127076785,0.03322855859901212,0.02784014369106421,0.15806017063313876
0.7875787578757876,0.032403240324032405,0.024752475247524754,0.15526552655265527
0.7943136383829409,0.03198578409595735,0.02665482007996446,0.14704575744113726
0.7905314872711031,0.030370701205895488,0.026797677534613668,0.15230013398838768
0.7855871886120996,0.03291814946619217,0.026690391459074734,0.15480427046263345
0.7914438502673797,0.03163992869875223,0.027183600713012478,0.1497326203208556
0.7902654867256638,0.03274336283185841,0.02831858407079646,0.1486725663716814
0.7910514541387025,0.03445190156599553,0.02505592841163311,0.14944071588366892
0.7903225806451613,0.03449820788530466,0.025537634408602152,0.1496415770609319
0.7947695035460993,0.031471631205673756,0.025709219858156027,0.14804964539007093
0.7925860547219771,0.03000882612533098,0.02383053839364519,0.15357458075904679
0.7888446215139442,0.03142983621071271,0.02611775121735281,0.15360779105799027
0.7839396628216504,0.035048802129547474,0.02839396628216504,0.1526175687666371
0.779646017699115,0.03716814159292035,0.02654867256637168,0.15663716814159293
0.7825696316262354,0.035489667565139264,0.027852650494159928,0.1540880503144654
0.7843580470162749,0.03616636528028933,0.028933092224231464,0.15054249547920434
0.7873873873873873,0.033783783783783786,0.026126126126126126,0.1527027027027027
0.7891891891891892,0.036036036036036036,0.025675675675675677,0.1490990990990991
0.7874831157136425,0.03692030616839262,0.025664115263394866,0.14993246285457001
0.7927158273381295,0.03776978417266187,0.025629496402877698,0.14388489208633093
0.7922769640479361,0.03905903240124279,0.0230803373280071,0.14558366622281402
0.7927967985771454,0.037349933303690526,0.021787461093819474,0.1480658070253446
0.7866071428571428,0.039285714285714285,0.023660714285714285,0.15044642857142856
0.7929495760821063,0.037037037037037035,0.024096385542168676,0.1459170013386881
0.791907514450867,0.039573143619386394,0.025344597598932858,0.1431747443308137
0.7845744680851063,0.0425531914893617,0.0274822695035461,0.1453900709219858
0.7828976517501107,0.04209127159946832,0.02658396101019052,0.1484271156402304
0.7885739991003149,0.04228520017993702,0.026090868196131354,0.14304993252361672
0.7891459074733096,0.042704626334519574,0.024466192170818506,0.1436832740213523
0.7929652715939448,0.04007123775601069,0.025823686553873553,0.14113980409617097
0.7946308724832215,0.036241610738255034,0.027293064876957495,0.141834451901566
0.7976723366159355,0.03849597135183527,0.02685765443151298,0.1369740376007162
0.7998220640569395,0.036476868327402136,0.02491103202846975,0.1387900355871886
0.7932414406402846,0.03823921742996887,0.02712316585148955,0.141396176078257
0.7948490230905861,0.03685612788632327,0.02797513321492007,0.14031971580817051
0.7936226749335695,0.03631532329495128,0.02878653675819309,0.14127546501328608
0.7892635314995563,0.037267080745341616,0.027506654835847383,0.14596273291925466
0.7904085257548845,0.03685612788632327,0.027531083481349913,0.14520426287744229
0.7951807228915663,0.03748326639892905,0.029451137884872823,0.13788487282463185
0.7902222222222223,0.03822222222222222,0.032,0.13955555555555554
0.7914606741573034,0.039550561797752806,0.03056179775280899,0.13842696629213483
0.7950530035335689,0.037102473498233215,0.030477031802120143,0.13736749116607774
0.7962633451957295,0.03870106761565836,0.029359430604982206,0.1356761565836299
0.7964959568733153,0.04177897574123989,0.029200359389038633,0.13252470799640612
0.794170403587444,0.042600896860986545,0.028251121076233184,0.1349775784753363
0.7983798379837984,0.041404140414041404,0.026552655265526554,0.13366336633663367
0.7999112688553682,0.04525288376220053,0.025288376220053237,0.129547471162378
0.7960992907801419,0.051418439716312055,0.023936170212765957,0.12854609929078015
0.8024139472507823,0.04604380867232901,0.022798390701832812,0.12874385337505587
0.8055184690698709,0.047619047619047616,0.020471740097908322,0.12639074321317312
0.8141711229946524,0.044563279857397504,0.02094474153297683,0.12032085561497326
0.8103370786516854,0.04943820224719101,0.021123595505617977,0.11910112359550562
0.8144654088050315,0.04537286612758311,0.02021563342318059,0.11994609164420485
0.8119733924611974,0.04478935698447894,0.019955654101995565,0.12328159645232815
0.812194036493102,0.04316866933689364,0.01913662661326213,0.12550066755674233
0.8120567375886525,0.044326241134751775,0.01950354609929078,0.12411347517730496
0.8149466192170819,0.04403914590747331,0.01912811387900356,0.12188612099644128
0.8130081300813008,0.045618789521228546,0.01942186088527552,0.12195121951219512
0.814962372731297,0.043824701195219126,0.02036299247454626,0.12084993359893759
0.8126684636118598,0.043575920934411504,0.021114106019766397,0.12264150943396226
0.8181413961760783,0.041351711871943087,0.020898176967541128,0.11960871498443752
0.8171658471166742,0.04067948144836835,0.02056325435851587,0.12159141707644167
0.8211711711711712,0.04054054054054054,0.01981981981981982,0.11846846846846847
0.8236865538735529,0.03873552983081033,0.0213713268032057,0.11620658949243098
0.8304250559284116,0.03758389261744966,0.021029082774049218,0.11096196868008948
0.8332594235033259,0.03725055432372506,0.01951219512195122,0.10997782705099779
0.8249324932493249,0.036003600360036005,0.022952295229522954,0.11611161116111611
0.8270676691729323,0.03361344537815126,0.022556390977443608,0.1167624944714728
0.8356471115091805,0.03134796238244514,0.019704433497536946,0.11330049261083744
0.8345195729537367,0.03202846975088968,0.01912811387900356,0.11432384341637011
0.8393253439857967,0.032845095428317796,0.020861074123391034,0.10696848646249445
0.835774522858411,0.033288948069241014,0.022636484687083888,0.1083000443852641
0.8384512683578104,0.03337783711615487,0.022251891410769914,0.1059190031152648
0.8395889186773905,0.031724754244861486,0.02100089365504915,0.10768543342269883
0.8392382639503986,0.03100088573959256,0.022143489813994686,0.10761736049601417
0.8380406001765225,0.030450132391879964,0.025154457193292144,0.10635481023830538
0.8348294434470377,0.02917414721723519,0.025583482944344704,0.11041292639138241
0.8386660657954034,0.02929247408742677,0.025236593059936908,0.106804867057233
0.8446902654867257,0.026991150442477876,0.023451327433628318,0.10486725663716814
0.8412627834593153,0.029346376167185415,0.023566029346376166,0.10582481102712317
0.8367899008115419,0.029756537421100092,0.024346257889990983,0.109107303877367
0.8399288572698977,0.03201422854602046,0.024455313472654512,0.1036016007114273
0.8382222222222222,0.03244444444444444,0.024444444444444446,0.10488888888888889
0.8397521027003099,0.033200531208499334,0.02434705621956618,0.10270030987162461
0.8366711170449488,0.032932799287939477,0.02403204272363151,0.10636404094348019
0.8448351648351649,0.03164835164835165,0.02197802197802198,0.10153846153846154
0.8484984311967727,0.031376064545047065,0.020618556701030927,0.09950694755714926
0.848050201703272,0.03047960555804572,0.02285970416853429,0.09861048857014791
0.8459495351925631,0.03142983621071271,0.02390438247011952,0.09871624612660469
0.8408888888888889,0.030666666666666665,0.02666666666666667,0.10177777777777777
0.8457040035987404,0.029689608636977057,0.026540710751237068,0.09806567701304543
0.852212389380531,0.028761061946902654,0.023893805309734513,0.09513274336283185
0.8526645768025078,0.026869682042095836,0.024630541871921183,0.09583519928347514
0.8557478916999556,0.02574345317354638,0.024411895250776743,0.09409675987572126
0.8553040390590324,0.02663115845539281,0.026187305814469597,0.09187749667110519
0.8560673162090345,0.025686448184233834,0.027900797165633304,0.09034543844109831
0.8551236749116607,0.02871024734982332,0.02959363957597173,0.08657243816254417
0.8527336860670194,0.030864197530864196,0.029982363315696647,0.08641975308641975
0.8535936113575865,0.03149955634427684,0.027950310559006212,0.08695652173913043
0.8501338090990187,0.03479036574487065,0.027653880463871544,0.08742194469223907
0.8502673796791443,0.03431372549019608,0.0285204991087344,0.08689839572192513
0.8541102077687444,0.032520325203252036,0.028003613369467027,0.08536585365853659
0.8548168249660787,0.03075531433740389,0.030303030303030304,0.08412483039348712
0.8556197245668592,0.03065304309195913,0.028876055086628164,0.08485117725455353
0.8561767357980162,0.032010820559062216,0.026149684400360685,0.08566275924256087
0.8554323725055433,0.03148558758314856,0.025277161862527715,0.08780487804878048
0.861246133451171,0.029164825452938577,0.026071586389748123,0.08351745470614229
0.8605169340463458,0.0285204991087344,0.024509803921568627,0.08645276292335116
0.8591234347048301,0.02996422182468694,0.025044722719141325,0.08586762075134168
0.8604240282685512,0.03180212014134275,0.02561837455830389,0.08215547703180212
0.8580301685891748,0.0323868677905945,0.024844720496894408,0.08473824312333629
0.865093499554764,0.02804986642920748,0.024933214603739984,0.0819234194122885
0.8644217988480284,0.026140894993354008,0.023925564909171467,0.08551174124944617
0.8648528099910794,0.026761819803746655,0.021409455842997322,0.08697591436217662
0.8691215616681455,0.027950310559006212,0.019077196095829637,0.08385093167701864
0.8697777777777778,0.028444444444444446,0.019555555555555555,0.08222222222222222
0.8726227333038479,0.028748341441839895,0.020787262273330383,0.07784166298098187
0.8696039163328882,0.027592345349354695,0.023141967067200713,0.0796617712505563
0.8655649843680214,0.027690933452434122,0.025457793657882984,0.08128628852166146
0.866079295154185,0.027753303964757708,0.025991189427312777,0.0801762114537445
0.8677649154051648,0.02804986642920748,0.02315227070347284,0.08103294746215495
0.8697591436217663,0.028099910793933987,0.02096342551293488,0.08117752007136485
0.8653588943379402,0.028533214444939812,0.021845742309407043,0.08426214890771289
0.8632933865956502,0.028406569019085663,0.0230803373280071,0.085219707057257
0.8679911699779249,0.026490066225165563,0.02207505518763797,0.08344370860927153
0.8700892857142857,0.024553571428571428,0.021875,0.08348214285714285
0.8640604175921812,0.023989338071968014,0.02265659706796979,0.08929364726788094
0.86481726111845,0.02509907529722589,0.021136063408190225,0.08894760017613386
0.8648049645390071,0.024822695035460994,0.02304964539007092,0.08732269503546099
0.8642857142857143,0.026785714285714284,0.020982142857142855,0.08794642857142858
0.8688819039066008,0.028738212842388863,0.021104625056129322,0.081275258194881
0.8686098654708521,0.027354260089686097,0.023318385650224215,0.08071748878923767
0.8681172291296625,0.027531083481349913,0.02486678507992895,0.07948490230905861
0.8664003550821128,0.027518863737239236,0.024411895250776743,0.08166888592987129
0.8641810918774967,0.027075011096316024,0.023968042609853527,0.08477585441633377
0.866815144766147,0.025835189309576838,0.024498886414253896,0.08285077951002227
0.8650334075723831,0.026280623608017816,0.02182628062360802,0.08685968819599109
0.8664003550821128,0.02574345317354638,0.02130492676431425,0.08655126498002663
0.8667258996001777,0.02621057307863172,0.02221235006663705,0.08485117725455353
0.8656583629893239,0.025355871886120998,0.023131672597864767,0.08585409252669039
0.8626931567328918,0.024282560706401765,0.02384105960264901,0.08918322295805739
0.8585496866606983,0.025962399283795883,0.024171888988361683,0.09131602506714413
0.8584821428571429,0.023660714285714285,0.023660714285714285,0.09419642857142857
0.8516532618409294,0.02680965147453083,0.024128686327077747,0.09740840035746202
0.854975457385096,0.025435073627844713,0.02320392681838465,0.0963855421686747
0.855379188712522,0.023809523809523808,0.02292768959435626,0.09788359788359788
0.8563218390804598,0.02564102564102564,0.021662245800176835,0.09637488947833775
0.8605790645879733,0.026280623608017816,0.01915367483296214,0.09398663697104677
0.8584905660377359,0.027403414195867025,0.018867924528301886,0.09523809523809523
0.8596412556053812,0.026905829596412557,0.01883408071748879,0.09461883408071749
0.8593819973130318,0.026421854008060904,0.01701746529332736,0.09717868338557993
0.8637372392365734,0.024855747891699954,0.017310252996005325,0.09409675987572126
0.8596179475788538,0.024433585073300755,0.019102621057307864,0.09684584629053754
0.8638790035587188,0.025800711743772242,0.018683274021352312,0.09163701067615658
0.8663410301953819,0.026198934280639432,0.018650088809946713,0.08880994671403197
0.868083222664896,0.025675077467906152,0.017264276228419653,0.08897742363877822
0.8680679785330948,0.024597495527728087,0.01699463327370304,0.09033989266547406
0.8681614349775785,0.02466367713004484,0.016591928251121078,0.09058295964125561
0.8642030276046304,0.025823686553873553,0.017809439002671415,0.09216384683882457
0.8647812638091029,0.025187803800265134,0.019885108263367212,0.0901458241272647
0.8648288128056915,0.02401067140951534,0.021787461093819474,0.08937305469097377
0.8670236501561803,0.02320392681838465,0.02186523873270861,0.08790718429272647
0.8683385579937304,0.024630541871921183,0.02104791759964174,0.08598298253470667
0.8621463852716659,0.024247867085765602,0.02020655590480467,0.0933991917377638
0.8637577916295637,0.022707034728406055,0.020480854853072127,0.09305431878895815
0.8633093525179856,0.022482014388489208,0.021133093525179857,0.09307553956834533
0.8615316117542298,0.021816562778272486,0.020926090828138913,0.09572573463935886
0.855985598559856,0.022952295229522954,0.022502250225022502,0.09855985598559856
0.857783759533423,0.02332884701659937,0.02332884701659937,0.0955585464333782
0.858545292280232,0.024096385542168676,0.022757697456492636,0.09460062472110665
0.8560706401766004,0.026490066225165563,0.02119205298013245,0.09624724061810154
0.8571428571428571,0.026813186813186812,0.021538461538461538,0.0945054945054945
0.8555555555555555,0.02666666666666667,0.02311111111111111,0.09466666666666666
0.8596102745792737,0.027015057573073518,0.019929140832595216,0.09344552701505757
0.8611973392461197,0.025720620842572064,0.020842572062084258,0.09223946784922395
0.8620079610791685,0.023883237505528527,0.021671826625386997,0.09243697478991597
0.8600531443755536,0.021257750221434897,0.022586359610274578,0.09610274579273693
0.8645046645935139,0.019102621057307864,0.02265659706796979,0.09373611728120836
0.8612845673505798,0.0231935771632471,0.023639607493309546,0.09188224799286351
0.8635761589403973,0.02384105960264901,0.024282560706401765,0.08830022075055188
0.8597425654682646,0.0230803373280071,0.02663115845539281,0.09054593874833555
0.8632365875109939,0.021108179419525065,0.025505716798592787,0.0901495162708883
0.8645879732739421,0.021380846325167038,0.024053452115812918,0.08997772828507795
0.8658645276292335,0.020499108734402853,0.022727272727272728,0.09090909090909091
0.8633318445734703,0.02054488610987048,0.022778025904421618,0.0933452434122376
0.864803965750338,0.02118071203244705,0.02298332582244254,0.09103199639477241
0.8670212765957447,0.02127659574468085,0.023936170212765957,0.08776595744680851
0.8707789284106259,0.01981089599279604,0.0225123818099955,0.08689779378658262
0.873289183222958,0.020309050772626933,0.02119205298013245,0.08520971302428255
0.875275451740855,0.019391802556192154,0.021154693697664168,0.08417805200528868
0.8742857142857143,0.02065934065934066,0.02065934065934066,0.0843956043956044
0.8707815275310835,0.020426287744227355,0.024422735346358793,0.08436944937833037
0.8751654168504631,0.020732245258050286,0.024702249669166298,0.07940008822232025
0.8767368892873151,0.020618556701030927,0.023756163155535633,0.07888839085611833
0.8757212605415002,0.01775410563692854,0.024855747891699954,0.08166888592987129
0.8729946524064172,0.0196078431372549,0.022281639928698752,0.08511586452762923
0.8716814159292036,0.019469026548672566,0.025221238938053097,0.0836283185840708
0.8693333333333333,0.020444444444444446,0.026222222222222223,0.084
0.8709677419354839,0.01971326164874552,0.028225806451612902,0.08109318996415771
0.8702290076335878,0.021104625056129322,0.02828917826672654,0.08037718904355635
0.8755595344673232,0.021486123545210387,0.025514771709937333,0.0774395702775291
0.8762615182097411,0.02106186924089513,0.025449758666081616,0.07722685388328214
0.8719101123595505,0.02202247191011236,0.02651685393258427,0.07955056179775281
0.8758896797153025,0.02224199288256228,0.02402135231316726,0.07784697508896797
0.8757212605415002,0.023524189968930315,0.02574345317354638,0.07501109631602308
0.8742780986228343,0.023545091070635273,0.02576632607729898,0.07641048422923145
0.8770999115826702,0.022546419098143235,0.025198938992042442,0.07515473032714412
0.8748894783377542,0.020778072502210435,0.026525198938992044,0.07780725022104333
0.8751103265666372,0.02206531332744925,0.027802294792586054,0.07502206531332745
0.8747243052492281,0.022055580061755623,0.02867225408028231,0.07454786060873402
0.8767368892873151,0.021515015688032272,0.029134917077543704,0.07261317794710892
0.8767857142857143,0.021875,0.028125,0.07321428571428572
0.8808359270787016,0.02267674522009782,0.02712316585148955,0.06936416184971098
0.8795505617977528,0.024269662921348314,0.025617977528089888,0.07056179775280899
0.8805704099821747,0.025846702317290554,0.02406417112299465,0.06951871657754011
0.8823790501553485,0.02796271637816245,0.026187305814469597,0.06347092765201953
0.8837622005323869,0.026619343389529725,0.024844720496894408,0.064773735581189
0.8782108060230293,0.027015057573073518,0.025243578387953942,0.06953055801594331
0.8785460992907801,0.0274822695035461,0.02526595744680851,0.06870567375886524
0.8796090626388272,0.025322079075966238,0.024433585073300755,0.07063527321190582
0.8796255015604102,0.025858225590726706,0.02541239411502452,0.06910387873383861
0.8821192052980132,0.024724061810154525,0.026490066225165563,0.06666666666666667
0.8874054294615042,0.02403204272363151,0.025367156208277702,0.06319537160658656
0.8910714285714286,0.026339285714285714,0.024107142857142858,0.05848214285714286
0.8924922256774767,0.025322079075966238,0.023545091070635273,0.05864060417592181
0.890892696122633,0.02750225428313796,0.026149684400360685,0.05545536519386835
0.8864648263579697,0.02894033837934105,0.02715939447907391,0.057435440783615316
0.8841163310961969,0.03087248322147651,0.029082774049217,0.05592841163310962
0.8782452999104745,0.03133393017009848,0.02954341987466428,0.06087735004476276
0.8793791574279379,0.03015521064301552,0.030598669623059866,0.0598669623059867
0.8737078651685394,0.03056179775280899,0.03280898876404494,0.06292134831460675
0.8736141906873615,0.02926829268292683,0.030598669623059866,0.06651884700665188
0.8710816777041943,0.02913907284768212,0.032229580573951436,0.06754966887417219
0.8664003550821128,0.029738126941855306,0.032401242787394584,0.07146027518863737
0.8639821029082774,0.032214765100671144,0.029977628635346757,0.0738255033557047
0.8639575971731449,0.03180212014134275,0.030918727915194347,0.07332155477031801
0.8651433691756273,0.03225806451612903,0.02956989247311828,0.07302867383512544
0.8651938683498648,0.030207394048692517,0.031559963931469794,0.07303877366997295
0.8638602776533811,0.03090013434841021,0.032691446484549934,0.07254814151365875
0.8648888888888889,0.029777777777777778,0.030222222222222223,0.07511111111111111
0.8655866900175131,0.028896672504378284,0.02933450087565674,0.07618213660245184
0.8627626285203397,0.029503799731783638,0.028609745194456863,0.07912382655341976
0.8671701466015105,0.028431808085295423,0.027099067081297203,0.07729897823189694
0.8671769473210266,0.029266096352994146,0.02656461053579469,0.0769923457901846
0.8674752920035939,0.02830188679245283,0.026504941599281222,0.07771787960467205
0.871563767462821,0.02794051374493015,0.02433528616493916,0.0761604326273096
0.8734458259325044,0.026198934280639432,0.023978685612788632,0.0763765541740675
0.8751665926254998,0.02621057307863172,0.024433585073300755,0.07418924922256774
0.874447391688771,0.026083112290008842,0.023872679045092837,0.07559681697612732
0.8764393268379097,0.027015057573073518,0.021257750221434897,0.07528786536758193
0.8824045634050022,0.025449758666081616,0.019306713470820535,0.07283896445809565
0.8838451268357811,0.024922118380062305,0.01913662661326213,0.07209612817089453
0.8836898395721925,0.02406417112299465,0.01871657754010695,0.07352941176470588
0.8817446043165468,0.022482014388489208,0.02068345323741007,0.07508992805755396
0.8812277580071174,0.02179715302491103,0.02001779359430605,0.07695729537366548
0.8808680248007086,0.019929140832595216,0.021700620017714792,0.0775022143489814
0.88470066518847,0.020399113082039913,0.019955654101995565,0.07494456762749446
0.8857652833556448,0.0214190093708166,0.020080321285140562,0.07273538598839803
0.8898267436694802,0.020435362061306087,0.019546868058640605,0.07019102621057308
0.8898756660746003,0.020870337477797513,0.019982238010657193,0.06927175843694494
0.8915821947994711,0.020273248126928163,0.021595416483032173,0.06654914059056853
0.8855368234250222,0.022626441881100266,0.023957409050576754,0.06787932564330079
0.8881491344873502,0.022192632046160676,0.02529960053262317,0.06435863293386596
0.8861320336730173,0.023482498892334957,0.02525476295968099,0.06513070447496677
0.8803227252353205,0.023756163155535633,0.02734199910354101,0.06857911250560286
0.8772401433691757,0.023745519713261647,0.027329749103942653,0.07168458781362007
0.8785714285714286,0.023660714285714285,0.026785714285714284,0.07098214285714285
0.87511071744907,0.024357838795394153,0.029229406554472984,0.07130203720106289
0.8761609907120743,0.02344095532950022,0.02786377708978328,0.0725342768686422
0.8810690423162584,0.021380846325167038,0.027171492204899776,0.07037861915367483
0.8843447669305189,0.01978891820580475,0.027704485488126648,0.0681618293755497
0.8848888888888888,0.019555555555555555,0.027555555555555555,0.068
0.8848190644307149,0.02294792586054722,0.027802294792586054,0.06443071491615181
0.8788958147818343,0.023597506678539625,0.030276046304541407,0.06723063223508459
0.8795020008892841,0.02401067140951534,0.02712316585148955,0.06936416184971098
0.8760476400529333,0.025143361270401413,0.02646669607410675,0.07234230260255844
0.8770197486535009,0.025134649910233394,0.027827648114901255,0.07001795332136446
0.877906976744186,0.027728085867620753,0.025491949910554562,0.06887298747763863
0.879646017699115,0.026106194690265486,0.026106194690265486,0.06814159292035399
0.8816435908887896,0.025457793657882984,0.023671281822242072,0.06922733363108531
0.8830357142857143,0.027678571428571427,0.022321428571428572,0.06696428571428571
0.8811529933481153,0.028381374722838137,0.023059866962305987,0.06740576496674058
0.8853982300884956,0.02831858407079646,0.02256637168141593,0.06371681415929203
0.8841030195381883,0.02575488454706927,0.02575488454706927,0.06438721136767318
0.8825622775800712,0.023576512455516015,0.02491103202846975,0.06895017793594306
0.8812056737588653,0.024379432624113476,0.02526595744680851,0.06914893617021277
0.884375,0.02142857142857143,0.026339285714285714,0.06785714285714285
0.8868940754039497,0.02199281867145422,0.02333931777378815,0.0677737881508079
0.8886404293381037,0.02146690518783542,0.022808586762075134,0.06708407871198568
0.890017667844523,0.021643109540636044,0.023851590106007067,0.06448763250883392
0.8831400535236396,0.024977698483496878,0.02631578947368421,0.0655664585191793
0.8862007168458781,0.025089605734767026,0.0246415770609319,0.06406810035842293
0.8874943971313313,0.023756163155535633,0.02285970416853429,0.06588973554459883
0.8854489164086687,0.025210084033613446,0.02344095532950022,0.0659000442282176
