R,A,S,N
1.0,0.0,0.0,0.0
1.0,0.0,0.0,0.0
1.0,0.0,0.0,0.0
0.95,0.0,0.0,0.05
0.896551724137931,0.0,0.034482758620689655,0.06896551724137931
0.8378378378378378,0.0,0.02702702702702703,0.13513513513513514
0.803921568627451,0.0,0.0196078431372549,0.17647058823529413
0.7941176470588235,0.014705882352941176,0.014705882352941176,0.17647058823529413
0.7471264367816092,0.022988505747126436,0.011494252873563218,0.21839080459770116
0.7435897435897436,0.03418803418803419,0.008547008547008548,0.21367521367521367
0.7278911564625851,0.04081632653061224,0.006802721088435374,0.22448979591836735
0.7351351351351352,0.04864864864864865,0.010810810810810811,0.20540540540540542
0.695067264573991,0.05829596412556054,0.017937219730941704,0.22869955156950672
0.6857142857142857,0.06428571428571428,0.02857142857142857,0.22142857142857142
0.656891495601173,0.07917888563049853,0.03812316715542522,0.22580645161290322
0.6220095693779905,0.09330143540669857,0.045454545454545456,0.23923444976076555
0.604,0.096,0.054,0.246
0.5807560137457045,0.1013745704467354,0.058419243986254296,0.25945017182130586
0.5420420420420421,0.10960960960960961,0.07057057057057058,0.2777777777777778
0.5130208333333334,0.12239583333333333,0.07161458333333333,0.29296875
0.5074626865671642,0.12743972445464982,0.08036739380022963,0.2847301951779564
0.4892966360856269,0.12844036697247707,0.09276248725790011,0.28950050968399593
0.4789762340036563,0.1316270566727605,0.08775137111517367,0.3016453382084095
0.44884488448844884,0.13448844884488448,0.09570957095709572,0.320957095709571
0.4387832699619772,0.1376425855513308,0.09429657794676806,0.32927756653992396
0.41307371349095967,0.1404728789986092,0.09735744089012517,0.34909596662030595
0.3975356679636835,0.14007782101167315,0.10116731517509728,0.36121919584954604
0.38404907975460123,0.13987730061349693,0.10429447852760736,0.3717791411042945
0.37242192103712435,0.15085444902769593,0.10783736004714202,0.3688862698880377
0.3625632377740304,0.15964024732996066,0.1045531197301855,0.3732433951658235
0.35714285714285715,0.16044776119402984,0.10554371002132196,0.376865671641791
0.3530020703933747,0.16097308488612835,0.10455486542443064,0.38146997929606624
0.3523809523809524,0.16090225563909774,0.09924812030075188,0.387468671679198
0.3419765166340509,0.17025440313111545,0.10469667318982387,0.3830724070450098
0.33832046332046334,0.17133204633204632,0.10666023166023166,0.38368725868725867
0.328436018957346,0.17677725118483412,0.11090047393364928,0.38388625592417064
0.3167210060549604,0.17559385188635304,0.11271541686073591,0.39496972519795065
0.32083333333333336,0.18101851851851852,0.1125,0.38564814814814813
0.3199095022624434,0.18280542986425338,0.11176470588235295,0.38552036199095024
0.31992687385740404,0.18510054844606946,0.11288848263254113,0.3820840950639854
0.3179765130984643,0.1878952122854562,0.1093044263775971,0.38482384823848237
0.315742397137746,0.1909660107334526,0.11180679785330948,0.3814847942754919
0.3128916741271262,0.19292748433303492,0.11324977618621307,0.3809310653536258
0.30762371823450735,0.1939366919304503,0.11457868925546144,0.38386090057958094
0.3125278644672314,0.1912617030762372,0.1154703522068658,0.3807400802496656
0.3180414644905161,0.18482576091751213,0.11468901632112924,0.38244375827084254
0.31876379690949225,0.18852097130242826,0.11125827814569536,0.38145695364238413
0.3175946547884187,0.18930957683741648,0.11046770601336303,0.38262806236080177
0.3225806451612903,0.19089703932832522,0.11533362792752982,0.3711886875828546
0.3221089942401418,0.1896322552060257,0.11342490031014621,0.3748338502436863
0.3297394429469901,0.1931716082659479,0.10646900269541779,0.3706199460916442
0.32772364924712133,0.19530558015943314,0.10628875110717449,0.37068201948627105
0.3271604938271605,0.19223985890652556,0.10626102292768959,0.37433862433862436
0.32010699955416855,0.19572001783325904,0.10744538564422648,0.37672759696834596
0.32505543237250556,0.19955654101995565,0.10376940133037695,0.3716186252771619
0.31866666666666665,0.20533333333333334,0.10488888888888889,0.3711111111111111
0.32991529201961656,0.19794917521176994,0.10209540793580027,0.3700401248328132
0.33392461197339246,0.19467849223946784,0.1033259423503326,0.36807095343680707
0.3337754199823165,0.19496021220159152,0.10433244916003537,0.36693191865605657
0.3340669014084507,0.19278169014084506,0.10167253521126761,0.3714788732394366
0.3358440407620735,0.19184758529020823,0.10146211785556047,0.3708462560921577
0.3392461197339246,0.18980044345898003,0.09933481152993348,0.3716186252771619
0.3477100933748333,0.1840818141396176,0.10182303245887062,0.36638506002667853
0.35093167701863354,0.18411712511091394,0.09893522626441881,0.3660159716060337
0.3503779457536683,0.1845264562027568,0.0987105380168964,0.36638506002667853
0.3438053097345133,0.18230088495575222,0.10088495575221239,0.3730088495575221
0.3485458612975392,0.17986577181208055,0.10022371364653244,0.3713646532438479
0.3463414634146341,0.17960088691796008,0.0975609756097561,0.3764966740576497
0.3466135458167331,0.17884019477644975,0.09783089862771138,0.3767153607791058
0.3482849604221636,0.18073878627968337,0.09762532981530343,0.3733509234828496
0.35375055481580114,0.1810918774966711,0.09365290723479805,0.3715046604527297
0.35114840989399293,0.18021201413427562,0.09849823321554771,0.37014134275618377
0.3489399293286219,0.1775618374558304,0.09982332155477032,0.3736749116607774
0.3481943825234062,0.17565760142666073,0.09763709317877842,0.3785109228711547
0.3528368794326241,0.1702127659574468,0.09618794326241134,0.3807624113475177
0.3510022271714922,0.17371937639198218,0.09220489977728286,0.3830734966592428
0.34970969182670836,0.17463153193389908,0.09066547565877624,0.38499330058061637
0.34926306386779815,0.1737382760160786,0.0884323358642251,0.3885663242518982
0.3487957181088314,0.16993755575379127,0.08697591436217662,0.3942908117752007
0.3448275862068966,0.17374005305039789,0.08930150309460655,0.392130857648099
0.3548958794860434,0.17146654851572884,0.09038546743464776,0.38325210456358
0.34596738651388276,0.17849272807404143,0.09255178492728074,0.3829881004847951
0.351721094439541,0.176522506619594,0.09752868490732568,0.37422771403353927
0.35581188997338065,0.1730257320319432,0.09316770186335403,0.3779946761313221
0.35267857142857145,0.16919642857142858,0.09375,0.384375
0.3600705156456589,0.17144116350815336,0.09255178492728074,0.375936535918907
0.363716814159292,0.16681415929203539,0.09247787610619469,0.3769911504424779
0.3651635720601238,0.16799292661361626,0.08885941644562334,0.3779840848806366
0.37372392365734575,0.1646693297825122,0.09010208610741234,0.3715046604527297
0.3706972639011474,0.16328331862312445,0.08781994704324801,0.37819947043248014
0.376817981489643,0.16791538122520935,0.08461877479065667,0.37064786249449094
0.37865367581930914,0.17006200177147918,0.08281665190434012,0.36846767050487156
0.37915742793791574,0.1720620842572062,0.08647450110864745,0.3623059866962306
0.3853615520282187,0.1662257495590829,0.08289241622574955,0.3655202821869489
0.3894316163410302,0.16785079928952043,0.08703374777975133,0.35568383658969804
0.3944099378881988,0.16725820763087842,0.08473824312333629,0.3535936113575865
0.4019434628975265,0.16696113074204946,0.08171378091872791,0.3493816254416961
0.39549270879363674,0.16349977905435262,0.08616880247459124,0.3548387096774194
0.39788266431407143,0.16365240405822673,0.08513453903837671,0.3533303925893251
0.39937527889335117,0.1642124051762606,0.07630522088353414,0.36010709504685406
0.40982142857142856,0.16428571428571428,0.07232142857142858,0.3535714285714286
0.402493321460374,0.16028495102404275,0.07836153161175423,0.358860195903829
0.40338379341050756,0.15672306322350846,0.07658058771148708,0.3633125556544969
0.40870724122612173,0.15859617947578855,0.07641048422923145,0.3562860950688583
0.4149122807017544,0.15789473684210525,0.07456140350877193,0.3526315789473684
0.41641070645019745,0.15401491882404564,0.07722685388328214,0.3523475208424748
0.4213532513181019,0.1586115992970123,0.07469244288224956,0.3453427065026362
0.4220061864781264,0.15952275740167918,0.07733097657976137,0.34114007954043307
0.42693156732891835,0.15894039735099338,0.07858719646799117,0.3355408388520971
0.42172949002217297,0.15920177383592019,0.07937915742793791,0.33968957871396893
0.41707209199469264,0.15877930119416186,0.08359133126934984,0.34055727554179566
0.41818992420864914,0.1533660276415515,0.08292465448060633,0.34551939366919304
0.4233348234242289,0.1510952168082253,0.08404112650871703,0.34152883325882877
0.42065602836879434,0.15070921985815602,0.08333333333333333,0.3453014184397163
0.4180437695399732,0.14917373827601607,0.08173291648057168,0.35104957570343903
0.427487728692548,0.14725568942436412,0.08076751450245426,0.3444890673806337
0.42521083000443854,0.14691522414558367,0.08033732800710164,0.34753661784287615
0.42711564023039433,0.14665485157288435,0.08418254319893664,0.3420469649977847
0.4304694419840567,0.14658990256864482,0.08281665190434012,0.34012400354295835
0.43395390070921985,0.1453900709219858,0.08200354609929078,0.33865248226950356
0.4416629414394278,0.1434957532409477,0.08404112650871703,0.33080017881090745
0.43657042869641294,0.1399825021872266,0.08617672790901137,0.33727034120734906
0.43894830659536543,0.1412655971479501,0.08511586452762923,0.33467023172905525
0.4400532859680284,0.14342806394316163,0.08747779751332149,0.32904085257548843
0.4348404255319149,0.13874113475177305,0.0899822695035461,0.33643617021276595
0.4365079365079365,0.1419753086419753,0.09038800705467372,0.33112874779541446
0.4410596026490066,0.1403973509933775,0.0847682119205298,0.3337748344370861
0.4404031551270815,0.13803680981595093,0.08413672217353199,0.3374233128834356
0.4412024756852343,0.13660477453580902,0.08709106984969053,0.33510167992926615
0.43805704099821746,0.14037433155080214,0.09046345811051694,0.33110516934046347
0.4384344766930519,0.1437994722955145,0.08970976253298153,0.3280562884784521
0.44001751313485116,0.14141856392294222,0.09063047285464099,0.3279334500875657
0.43520566121185317,0.14551083591331268,0.08934099955771782,0.32994250331711633
0.4415127528583993,0.1455584872471416,0.09058927000879508,0.322339489885664
0.4418604651162791,0.14436156208863538,0.09170688898639755,0.32207108380868804
0.4378619153674833,0.14788418708240533,0.09175946547884187,0.3224944320712695
0.4443478260869565,0.14782608695652175,0.09130434782608696,0.3165217391304348
0.4532215357458076,0.14518976169461606,0.08737864077669903,0.3142100617828773
0.45987654320987653,0.1424162257495591,0.08950617283950617,0.3082010582010582
0.4619831036016007,0.1382836816362828,0.08981769675411294,0.30991551800800354
0.46146993318485524,0.14298440979955457,0.08908685968819599,0.30645879732739423
0.462706565430996,0.13845466726217062,0.09111210361768647,0.3077266636891469
0.458719646799117,0.1403973509933775,0.08918322295805739,0.31169977924944814
0.4655248133509003,0.1370223978919631,0.09003074220465525,0.30742204655248134
0.46916299559471364,0.13920704845814977,0.09383259911894273,0.29779735682819386
0.4731277533039648,0.13171806167400882,0.0973568281938326,0.29779735682819386
0.47480106100795755,0.13085764809902742,0.09814323607427056,0.29619805481874445
0.46815008726003493,0.12870855148342059,0.09947643979057591,0.3036649214659686
0.4768416409351566,0.12262902514336127,0.09704455227172475,0.3034847816497574
0.4734042553191489,0.11879432624113476,0.09485815602836879,0.3129432624113475
0.47117903930131005,0.12008733624454149,0.09388646288209607,0.3148471615720524
0.4692005242463958,0.11751856705985146,0.09392747924858016,0.3193534294451726
0.4682645361739902,0.11628939192188194,0.10563692853972481,0.309809143364403
0.46640141467727675,0.11582670203359859,0.10654288240495137,0.3112290008841733
0.4690925032880316,0.11354669004822446,0.10477860587461639,0.3125822007891276
0.46449051610057346,0.11777679752977503,0.10366122629025143,0.31407146007940007
0.4607583774250441,0.11596119929453262,0.10670194003527336,0.3165784832451499
0.4587719298245614,0.11842105263157894,0.10789473684210527,0.31491228070175437
0.46271929824561403,0.11447368421052631,0.10614035087719298,0.31666666666666665
0.4658493870402802,0.11952714535901926,0.10464098073555167,0.30998248686514884
0.46890163211292457,0.11865902073224525,0.1027790030877812,0.30966034406704895
0.4714160070360598,0.11961301671064203,0.10422163588390501,0.30474934036939316
0.4745912505523641,0.1175430844012373,0.09412284577993814,0.31374281926646047
0.484,0.11244444444444444,0.09155555555555556,0.312
0.48552338530066813,0.11358574610244988,0.08953229398663697,0.31135857461024496
0.4856385329209015,0.11400795404330534,0.0897039328325232,0.31064958020327
0.4863915715539947,0.11237928007023705,0.09218612818261633,0.3090430201931519
0.49184662847069194,0.11414720141031291,0.09034817100044072,0.30365799911855446
0.48957871396895786,0.11263858093126386,0.09356984478935698,0.3042128603104213
0.49313855688357683,0.11376715360779106,0.0903054448871182,0.30278884462151395
0.49451994739149496,0.11442349846558526,0.0916264796142043,0.29943007452871545
0.49732620320855614,0.11363636363636363,0.09313725490196079,0.29590017825311943
0.5015384615384615,0.11120879120879121,0.09362637362637363,0.2936263736263736
0.5068919519786572,0.11116051578479325,0.09070698088039128,0.2912405513561583
0.50111557340473,0.107095046854083,0.09593931280678268,0.2958500669344043
0.502208480565371,0.10865724381625441,0.09673144876325088,0.2924028268551237
0.5128660159716061,0.1064773735581189,0.09627329192546584,0.28438331854480925
0.5211267605633803,0.10607394366197183,0.09419014084507042,0.27860915492957744
0.5192139737991266,0.1091703056768559,0.09301310043668122,0.2786026200873362
0.524822695035461,0.11125886524822695,0.08953900709219859,0.27437943262411346
0.5245683930942895,0.11509517485613104,0.08455068614431165,0.27578574590526783
0.5225863596102746,0.112488928255093,0.08547387068201949,0.27945084145261295
0.525709219858156,0.11081560283687943,0.08200354609929078,0.28147163120567376
0.5299600532623169,0.1083000443852641,0.08566355969818021,0.2760763426542388
0.5292321116928447,0.10907504363001745,0.08987783595113438,0.2718150087260035
0.5334212840809147,0.1077396657871592,0.09102902374670185,0.2678100263852243
0.5329500221141088,0.11189739053516143,0.09111012826183104,0.26404245908889873
0.5355239786856127,0.10346358792184725,0.08792184724689166,0.2730905861456483
0.5284697508896797,0.10364768683274021,0.08674377224199288,0.28113879003558717
0.5330084182543199,0.10943730615861763,0.08462560921577315,0.2729286663712893
0.5388716126166149,0.10972900932918703,0.08396268325188805,0.2674366948023101
0.5387665198237885,0.1013215859030837,0.08898678414096917,0.2709251101321586
0.5401844532279315,0.103645147123408,0.09046991655687307,0.26570048309178745
0.5409190371991247,0.10240700218818381,0.08840262582056893,0.26827133479212256
0.5492643780650914,0.09808292465448061,0.08604547481052162,0.26660722246990637
0.5467784642541924,0.09841129744042365,0.08737864077669903,0.2674315975286849
0.550711743772242,0.09741992882562278,0.08585409252669039,0.26601423487544484
0.5502413339183853,0.09784993418165862,0.08380868802106187,0.26810004387889425
0.5494940607127144,0.09766827980642323,0.0818301803783546,0.2710074791025077
0.5533894550287993,0.09968985378821445,0.07842268498006202,0.26849800620292424
0.5491329479768786,0.09826589595375723,0.08181413961760782,0.27078701645175635
0.5491405905685324,0.10092551784927281,0.07888937858087264,0.27104451300132215
0.5473359753412593,0.10215763980625275,0.08058124174372523,0.26992514310876264
0.5496894409937888,0.10425909494232476,0.07675244010647737,0.26929902395740907
0.5492577597840755,0.10526315789473684,0.07917228969860549,0.2663067926225821
0.5530035335689046,0.10512367491166077,0.08083038869257951,0.26104240282685515
0.5580376697328077,0.10424879544459045,0.07665352606219886,0.261060008760403
0.5509300265721878,0.10318866253321524,0.07927369353410098,0.26660761736049604
0.5560478511298184,0.10412051395657954,0.07709348692955251,0.2627381479840496
0.5505272407732865,0.1023725834797891,0.07908611599297012,0.2680140597539543
0.5514059753954306,0.1054481546572935,0.07952548330404217,0.26362038664323373
0.5559502664298401,0.10346358792184725,0.08214920071047957,0.25843694493783304
0.5575811471765229,0.10004446420631392,0.082258781680747,0.26011560693641617
0.562444641275465,0.0983170947741364,0.08237378210806023,0.25686448184233834
0.56656346749226,0.10084033613445378,0.08182220256523662,0.25077399380804954
0.5730735163861824,0.09521700620017715,0.08148804251550044,0.25022143489813997
0.5712377560106857,0.10195903829029386,0.08103294746215495,0.24577025823686555
0.5745807590467784,0.10238305383936452,0.07678729037952339,0.24624889673433362
0.5738938053097346,0.10707964601769912,0.07610619469026549,0.24292035398230089
0.5729442970822282,0.10786914235190097,0.07869142351900972,0.24049513704686118
0.5675318961724594,0.10690717113946327,0.0796304443466784,0.24593048834139902
0.5686789151356081,0.10761154855643044,0.07742782152230972,0.2462817147856518
0.5726269315673289,0.10860927152317881,0.07637969094922738,0.2423841059602649
0.5793650793650794,0.10846560846560846,0.07583774250440917,0.23633156966490299
0.5824514991181657,0.1111111111111111,0.07451499118165784,0.23192239858906524
0.5927224901359053,0.10653222270933801,0.06970626918018413,0.23103901797457255
0.588962472406181,0.1055187637969095,0.0706401766004415,0.23487858719646798
0.5934744268077602,0.10670194003527336,0.07054673721340388,0.2292768959435626
0.6017621145374449,0.1052863436123348,0.07092511013215859,0.22202643171806166
0.5932802829354553,0.10256410256410256,0.07294429708222812,0.23121131741821396
0.5920994229915668,0.10119840213049268,0.07678650687971593,0.22991566799822458
0.5917652212001752,0.0994305738063951,0.07621550591327202,0.2325886990801577
0.5881834215167548,0.10141093474426807,0.08068783068783068,0.22971781305114639
0.5875109938434476,0.10202286719437115,0.08311345646437995,0.22735268249780125
0.5847902097902098,0.10358391608391608,0.08391608391608392,0.2277097902097902
0.584375,0.10223214285714285,0.08526785714285715,0.228125
0.5884444444444444,0.10088888888888889,0.07955555555555556,0.2311111111111111
0.592788038698329,0.0980650835532102,0.07519788918205805,0.2339489885664028
0.5940550133096717,0.09804791481810116,0.07542147293700088,0.23247559893522626
0.5925925925925926,0.0992063492063492,0.07848324514991181,0.22971781305114639
0.5914447839371454,0.09515495416848538,0.0798777826276735,0.23352247926669575
0.5914687774846086,0.09146877748460862,0.08047493403693931,0.23658751099384345
0.5944272445820433,0.08934099955771782,0.07872622733303848,0.23750552852720036
0.6014047410008779,0.08647936786654961,0.07857769973661106,0.23353819139596138
0.6059135039717564,0.08296557811120918,0.07987643424536628,0.23124448367166814
0.6106155218554862,0.0816235504014273,0.07983942908117753,0.227921498661909
0.6090750436300174,0.08027923211169284,0.08071553228621292,0.2299301919720768
0.6097240473061761,0.08103372755146737,0.08015768725361366,0.2290845378887429
0.6013129102844639,0.08446389496717724,0.08665207877461707,0.2275711159737418
0.5975232198142415,0.08624502432551968,0.08889871738168952,0.22733303847854933
0.5960176991150442,0.09026548672566372,0.08805309734513274,0.22566371681415928
0.5965456155890169,0.09521700620017715,0.08768821966341896,0.22054915854738708
0.59834278238116,0.09725250763192324,0.0867858700392499,0.21761883994766681
0.5987762237762237,0.10008741258741259,0.08741258741258741,0.21372377622377622
0.6057268722466961,0.09251101321585903,0.08854625550660793,0.213215859030837
0.6105308964316797,0.09312445604873804,0.08746736292428199,0.20887728459530025
0.6111111111111112,0.09215167548500881,0.0837742504409171,0.21296296296296297
0.6125493637560333,0.0903905221588416,0.08205353225098727,0.2150065818341378
0.6055531070956368,0.09431467606875275,0.08109299250771265,0.21903922432789774
0.6107174490699734,0.08945969884853854,0.08104517271922054,0.2187776793622675
0.6054030115146147,0.09388839681133747,0.07971656333038087,0.22099202834366696
0.6019460415745246,0.09155241043785936,0.08182220256523662,0.22467934542237947
0.6089828269484808,0.09291061206516953,0.083223249669749,0.21488331131660063
0.6059397163120568,0.09840425531914894,0.08023049645390071,0.2154255319148936
0.6030501089324619,0.09803921568627451,0.08191721132897603,0.2169934640522876
0.5973509933774834,0.1011037527593819,0.07991169977924945,0.22163355408388521
0.6012433392539964,0.09857904085257549,0.07815275310834814,0.22202486678507993
0.6092920353982301,0.09823008849557523,0.08008849557522124,0.21238938053097345
0.6071115013169447,0.09745390693590869,0.08121158911325724,0.21422300263388938
0.6054964539007093,0.09840425531914894,0.08067375886524823,0.2154255319148936
0.6086956521739131,0.10115350488021295,0.08385093167701864,0.20629991126885536
0.6096471639124609,0.10004466279589103,0.07949977668602054,0.2108083966056275
0.6095196121639489,0.1000440722785368,0.08109299250771265,0.2093433230498017
0.6113058720420683,0.09903593339176162,0.08019281332164768,0.20946538124452235
0.6170970614425646,0.097506678539626,0.07747105966162066,0.20792520035618878
0.6213592233009708,0.09179170344218888,0.08164165931156223,0.20520741394527803
0.623950508174989,0.08882015024304021,0.08042421564295184,0.206805125939019
0.6178033658104517,0.09211691762621789,0.07705934455270151,0.21302037201062887
0.6167478954364201,0.09082853345148427,0.07886575099689853,0.21355782011519717
0.6139964788732394,0.09022887323943662,0.07790492957746478,0.21786971830985916
0.6157965194109772,0.08746095493083444,0.0821062025881303,0.214636323070058
0.6156914893617021,0.09042553191489362,0.08156028368794327,0.212322695035461
0.6152826855123675,0.09010600706713781,0.0799469964664311,0.2146643109540636
0.6168888888888889,0.08977777777777778,0.076,0.21733333333333332
0.6134941912421805,0.0902591599642538,0.07640750670241286,0.21983914209115282
0.6214064573197701,0.08668730650154799,0.07651481645289694,0.21539141972578504
0.6214664310954063,0.08480565371024736,0.07553003533568904,0.21819787985865724
0.6153508771929824,0.09078947368421053,0.07368421052631578,0.22017543859649122
0.6121105748135147,0.08907415533128565,0.0750329091706889,0.22378236068451074
0.6163716814159292,0.08672566371681416,0.07610619469026549,0.22079646017699114
0.6155555555555555,0.08,0.07733333333333334,0.22711111111111112
0.6174408413672218,0.08150744960560911,0.07449605609114812,0.22655565293602103
0.6126482213438735,0.08080808080808081,0.07422046552481334,0.23232323232323232
0.6114035087719298,0.08289473684210526,0.07192982456140351,0.2337719298245614
0.6138790035587188,0.08051601423487545,0.07295373665480427,0.2326512455516014
0.6119733924611973,0.08647450110864745,0.07228381374722838,0.22926829268292684
0.612153708668454,0.08936550491510277,0.06970509383378017,0.2287756925826631
0.6123996431757359,0.08831400535236396,0.07225691347011597,0.22702943800178413
0.6179725542275343,0.08853474988933156,0.07215582115980522,0.2213368747233289
0.6133682830930537,0.08737439930100481,0.07514198339886413,0.22411533420707733
0.6252189141856392,0.08537653239929947,0.07486865148861646,0.21453590192644484
0.6188162544169611,0.08657243816254417,0.07553003533568904,0.21908127208480566
0.6208260105448155,0.0812829525483304,0.07776801405975395,0.22012302284710017
0.6273127753303964,0.07709251101321586,0.07885462555066079,0.21674008810572687
0.6277533039647577,0.07753303964757709,0.07885462555066079,0.21585903083700442
0.6368444248567651,0.0749228735125606,0.0749228735125606,0.21330982811811372
0.6416261599646487,0.07158638974812197,0.07909854175872735,0.207688908528502
0.6429518338488732,0.07070260715863898,0.07865665046398586,0.207688908528502
0.6427304964539007,0.07136524822695035,0.07624113475177305,0.20966312056737588
0.6464646464646465,0.06938954765041722,0.07158541941150637,0.21256038647342995
0.6464690496948562,0.06756756756756757,0.07628596338273758,0.20967741935483872
0.6425419240953222,0.07016769638128861,0.07590467784642542,0.2113857016769638
0.641718334809566,0.070859167404783,0.07484499557130203,0.21257750221434898
0.6487549148099607,0.06989951944080385,0.07426823940585409,0.20707732634338138
0.6484929078014184,0.0700354609929078,0.07801418439716312,0.20345744680851063
0.6481236203090508,0.06931567328918323,0.07593818984547461,0.20662251655629138
0.6457597173144877,0.06978798586572438,0.07906360424028269,0.2053886925795053
0.6419426048565121,0.0706401766004415,0.07770419426048565,0.2097130242825607
0.6475770925110133,0.07136563876651983,0.07312775330396476,0.20792951541850221
0.645916114790287,0.07240618101545254,0.06754966887417219,0.2141280353200883
0.6436781609195402,0.07382847038019452,0.06675508399646331,0.21573828470380194
0.6463894967177243,0.07045951859956236,0.0687089715536105,0.21444201312910285
0.6515679442508711,0.06794425087108014,0.06620209059233449,0.21428571428571427
0.6547884187082406,0.06815144766146994,0.06770601336302895,0.20935412026726058
0.6551422319474836,0.06608315098468272,0.06652078774617068,0.212253829321663
0.6634146341463415,0.06740576496674058,0.06518847006651884,0.2039911308203991
0.6666666666666666,0.06428885953324527,0.06164685160722149,0.2073976221928666
0.6676950198325253,0.06302335830762451,0.06302335830762451,0.20625826355222565
0.673568281938326,0.06211453744493392,0.06563876651982378,0.1986784140969163
0.6706349206349206,0.06525573192239859,0.06746031746031746,0.1966490299823633
0.6631016042780749,0.06283422459893048,0.07219251336898395,0.2018716577540107
0.6619406291537439,0.06335844040762073,0.07399202481169695,0.2007089056269384
0.6651962946625496,0.06572562858403176,0.07013674459638289,0.19894133215703572
0.6596306068601583,0.06596306068601583,0.06904133685136324,0.20536499560246263
0.6676963812886143,0.06443071491615181,0.0706090026478376,0.19726390114739628
0.6679982245894364,0.06613404349755882,0.06790945406125166,0.1979582778517532
0.6783185840707965,0.06592920353982301,0.06504424778761062,0.19070796460176992
0.677846425419241,0.06398940864960283,0.06840247131509268,0.18976169461606354
0.6778169014084507,0.06382042253521127,0.06998239436619719,0.18838028169014084
0.687032967032967,0.06285714285714286,0.06901098901098901,0.1810989010989011
0.6926464112725671,0.06120651695288419,0.06737120211360634,0.1787758696609423
0.6865079365079365,0.06569664902998236,0.06525573192239859,0.18253968253968253
0.6846767050487157,0.06775907883082374,0.06643046944198405,0.18113374667847654
0.6806422836752899,0.0695807314897413,0.06601248884924175,0.18376449598572703
0.684931506849315,0.0684931506849315,0.06672558550596554,0.1798497569597879
0.6859285399205999,0.06572562858403176,0.06837229819144243,0.1799735333039259
0.6863616170590848,0.06885828520657486,0.06530430919591293,0.17947578853842736
0.6817781690140845,0.07130281690140845,0.06778169014084508,0.17913732394366197
0.6774901272487933,0.07371654234313295,0.06625713032031592,0.18253620008775778
0.6763157894736842,0.07543859649122807,0.06359649122807018,0.18464912280701753
0.6721022476862054,0.07800793301013663,0.06302335830762451,0.1868664609960335
0.6759504862953138,0.07206012378426171,0.0658709106984969,0.1861184792219275
0.6738366988586479,0.07111501316944688,0.06453028972783142,0.19051799824407376
0.6738461538461539,0.0698901098901099,0.06505494505494505,0.1912087912087912
0.6748466257668712,0.07099035933391762,0.06485539000876424,0.18930762489044697
0.6747040771591407,0.07145988601490574,0.0661990355107409,0.18763700131521263
0.6742857142857143,0.06945054945054945,0.0654945054945055,0.19076923076923077
0.676056338028169,0.06998239436619719,0.06338028169014084,0.19058098591549297
0.673068529026626,0.07289393278044522,0.06547359231776517,0.18856394587516367
0.6777777777777778,0.07111111111111111,0.064,0.18711111111111112
0.6816777041942604,0.06931567328918323,0.06181015452538632,0.18719646799116998
0.676612549363756,0.07196138657305835,0.060114085125054846,0.19131197893813076
0.6880247459125055,0.07158638974812197,0.05877154220061865,0.18161732213875387
0.6847442680776014,0.07804232804232804,0.05555555555555555,0.18165784832451498
0.6855263157894737,0.08333333333333333,0.05394736842105263,0.17719298245614035
0.6908212560386473,0.07905138339920949,0.05401844532279315,0.17610891523935002
0.6936339522546419,0.07382847038019452,0.054376657824933686,0.1781609195402299
0.6996890270990671,0.07507774322523322,0.053753887161261664,0.17147934251443803
0.7011847301448003,0.07547169811320754,0.05221588415971917,0.17112768758227292
0.6955368979231109,0.0764471939902784,0.05612019443216969,0.171895713654441
0.6909171075837742,0.07495590828924162,0.0582010582010582,0.17592592592592593
0.6917657419638925,0.07793923381770146,0.057683839718185824,0.17261118450022017
0.6928133216476775,0.07975460122699386,0.05652936021034181,0.17090271691498685
0.6947648624667259,0.080301685891748,0.055900621118012424,0.16903283052351376
0.6980965028773793,0.0787959274015051,0.05533421868083223,0.16777335104028332
0.6987686895338611,0.08003518029903255,0.051890941072999124,0.1693051890941073
0.7034120734908137,0.07830271216097988,0.05074365704286964,0.16754155730533685
0.7006145741878841,0.07901668129938542,0.04916593503072871,0.17120280948200176
0.7001755926251098,0.07989464442493416,0.05004389815627744,0.16988586479367868
0.6950416849495392,0.08249232119350593,0.050460728389644584,0.17200526546731024
0.7062999112688554,0.07542147293700088,0.046583850931677016,0.17169476486246674
0.7070572569906791,0.07678650687971593,0.0461606746560142,0.16999556147359077
0.7073600705156456,0.0753635962979286,0.04495372410753636,0.17232260907888938
0.7040771591407278,0.079351161771153,0.04559403770276195,0.1709776413853573
0.7054433713784021,0.07594381035996488,0.048287971905179985,0.17032484635645304
0.6998677831643896,0.07888937858087264,0.04847950639048039,0.17276333186425738
0.7015384615384616,0.07736263736263736,0.04879120879120879,0.1723076923076923
0.6978704525288376,0.07675244010647737,0.05013309671694765,0.17524401064773737
0.7026071586389748,0.07247017233760494,0.04993371630578878,0.17498895271763146
0.7097203728362184,0.06968486462494451,0.05104305370616955,0.16955170883266754
0.706430155210643,0.06784922394678493,0.04966740576496674,0.17605321507760532
0.7114123305640577,0.0664626147791867,0.04722343681679055,0.17490161783996502
0.7079449622725256,0.06657789613848203,0.04837993786063027,0.17709720372836218
0.7151060070671378,0.06581272084805653,0.04372791519434629,0.17535335689045936
0.7207763564181738,0.06440229378032643,0.0458756065284517,0.1689457432730481
0.7180616740088106,0.06519823788546256,0.04801762114537445,0.16872246696035242
0.7125880281690141,0.06690140845070422,0.04973591549295775,0.17077464788732394
0.7199297629499561,0.06760316066725197,0.050921861281826165,0.16154521510096576
0.7168063520070578,0.06396118217909132,0.05161005734450816,0.16762240846934273
0.7166813768755517,0.0617828773168579,0.0529567519858782,0.16857899382171226
0.7172566371681416,0.061946902654867256,0.05088495575221239,0.16991150442477876
0.7168648172611185,0.06384852487890796,0.05372082782915016,0.16556583003082342
0.7140319715808171,0.06394316163410302,0.051953818827708706,0.1700710479573712
0.7129750982961992,0.06509392747924858,0.05504587155963303,0.16688510266491918
0.7181978798586572,0.06316254416961131,0.05874558303886926,0.1598939929328622
0.7125220458553791,0.06084656084656084,0.059964726631393295,0.16666666666666666
0.7112488928255093,0.061558901682905225,0.06023029229406555,0.16696191319751993
0.7057785619761799,0.0599911777679753,0.05910895456550507,0.17512130569033965
0.7044052863436123,0.06035242290748899,0.05814977973568282,0.17709251101321585
0.7074139452780229,0.06090026478375993,0.05560458958517211,0.176081200353045
0.7123834886817576,0.06169551708832668,0.052818464269862406,0.17310252996005326
0.7097495527728086,0.06305903398926654,0.055456171735241505,0.17173524150268335
0.7046263345195729,0.06405693950177936,0.05604982206405694,0.17526690391459074
0.7111992945326279,0.06437389770723104,0.05555555555555555,0.16887125220458554
0.7098353360035603,0.06942590120160214,0.0529595015576324,0.16777926123720516
0.7124614707177455,0.06869220607661823,0.05239982386613826,0.166446499339498
0.7125274725274725,0.06945054945054945,0.052307692307692305,0.1657142857142857
0.714095744680851,0.0678191489361702,0.054078014184397165,0.16400709219858156
0.7212174680194089,0.06969563299514778,0.048963387737097484,0.16012351124834584
0.7117750439367311,0.07601054481546574,0.0531634446397188,0.15905096660808435
0.7153641207815276,0.07504440497335702,0.05595026642984014,0.15364120781527532
0.7150372643577378,0.07452871547566857,0.05392371766768961,0.156510302498904
0.7068432671081678,0.07637969094922738,0.05607064017660044,0.16070640176600443
0.7098901098901099,0.07472527472527472,0.05758241758241758,0.1578021978021978
0.714605734767025,0.07571684587813621,0.06003584229390681,0.1496415770609319
0.7096631205673759,0.07712765957446809,0.06382978723404255,0.14937943262411346
0.7049910873440285,0.08065953654188948,0.06283422459893048,0.15151515151515152
0.7109236234458259,0.0763765541740675,0.06483126110124333,0.14786856127886322
0.7071774548656979,0.07793923381770146,0.06472919418758256,0.15015411712901805
0.7109443954104149,0.07722859664607237,0.06266548984995587,0.14916151809355693
0.7123893805309734,0.07964601769911504,0.06283185840707965,0.14513274336283186
0.7114003590664273,0.07944344703770198,0.06193895870736086,0.14721723518850988
0.7173333333333334,0.07466666666666667,0.06222222222222222,0.14577777777777778
0.7178697183098591,0.07482394366197183,0.0625,0.144806338028169
0.711335676625659,0.07644991212653779,0.06458699472759227,0.14762741652021089
0.7105726872246696,0.07929515418502203,0.06431718061674009,0.1458149779735683
0.7106194690265487,0.07876106194690266,0.06504424778761062,0.14557522123893804
0.7111404667547336,0.08014090708938794,0.06560986349625715,0.1431087626596213
0.7129547471162379,0.08118899733806566,0.0616681455190772,0.14418811002661935
0.7113676731793961,0.07992895204262877,0.06216696269982238,0.14653641207815277
0.7099373321396598,0.0801253357206804,0.06535362578334826,0.14458370635631154
0.7074679628811312,0.07865665046398586,0.06451612903225806,0.14935925762262484
0.7084984588287098,0.07837956847203875,0.06560986349625715,0.14751210920299426
0.7053923717667689,0.07628233231039018,0.06444541867601929,0.15387987724682156
0.7105841018884497,0.07553798858146685,0.06236275801493193,0.15151515151515152
0.7079490557751428,0.07509881422924901,0.061484409310496264,0.155467720685112
0.7169977924944813,0.07196467991169977,0.06136865342163356,0.14966887417218544
0.7095070422535211,0.0721830985915493,0.06778169014084508,0.1505281690140845
0.7079098541758727,0.07114449845338047,0.06981882456915599,0.15112682280159082
0.7169230769230769,0.07296703296703297,0.06681318681318682,0.1432967032967033
0.7156819191470457,0.073745002221235,0.06663705019991115,0.14393602843180808
0.7179261862917399,0.07381370826010544,0.06502636203866433,0.14323374340949033
0.7176314626601856,0.07423773751657092,0.06981882456915599,0.1383119752540875
0.720704845814978,0.07444933920704846,0.06607929515418502,0.13876651982378854
0.7271523178807947,0.0728476821192053,0.06578366445916115,0.13421633554083887
0.7260213143872114,0.07149200710479574,0.06705150976909414,0.13543516873889877
0.7220517316966243,0.07365190705830776,0.06444541867601929,0.13985094256904868
0.7235736399823087,0.07209199469261389,0.06015037593984962,0.14418398938522778
0.7268292682926829,0.06962305986696231,0.05942350332594235,0.14412416851441243
0.7243362831858408,0.07079646017699115,0.06327433628318584,0.1415929203539823
0.7229285401139851,0.07145988601490574,0.06225339763261727,0.1433581762384919
0.7204776647501105,0.07386112339672711,0.06413091552410438,0.14153029632905795
0.7203874944958168,0.07309555261999119,0.06913254073095552,0.13738441215323646
0.7174009790832221,0.07654650645304852,0.06809078771695594,0.13796172674677348
0.7197003085059498,0.07844865579550463,0.06875275451740855,0.13309828118113706
0.718804920913884,0.07469244288224956,0.07293497363796134,0.1335676625659051
0.7220996912218791,0.070577856197618,0.07190119100132333,0.13542126157917952
0.7175639894086496,0.06928508384819064,0.0736981465136805,0.13945278022947927
0.7177886758805172,0.07088720463664734,0.07400802496656264,0.13731609451627286
0.7231040564373897,0.0701058201058201,0.07495590828924162,0.1318342151675485
0.7259786476868327,0.0645017793594306,0.07873665480427046,0.1307829181494662
0.7235268054940186,0.06468763845813026,0.0815241470979176,0.13026140894993354
0.7286856127886323,0.06216696269982238,0.08081705150976909,0.1283303730017762
0.7356730342070191,0.060417592181252776,0.08040870724122612,0.123500666370502
0.745680106335844,0.057598582188746125,0.07532122286220647,0.12140008861320337
0.7365638766519824,0.05859030837004405,0.07577092511013216,0.1290748898678414
0.7424645390070922,0.057624113475177305,0.07579787234042554,0.12411347517730496
0.7403339191564148,0.058875219683655534,0.07513181019332162,0.1256590509666081
0.7405618964003512,0.05926251097453907,0.07769973661106233,0.12247585601404741
0.7383669885864794,0.06189640035118525,0.07726075504828797,0.12247585601404741
0.7373782108060231,0.06465899025686449,0.07573073516386182,0.12223206377325066
0.7375109553023663,0.06266432953549518,0.07581069237510955,0.12401402278702892
0.7358906525573192,0.06481481481481481,0.07275132275132275,0.12654320987654322
0.7387862796833773,0.06376429199648197,0.0712401055408971,0.12620932277924363
0.7394366197183099,0.061619718309859156,0.07086267605633803,0.12808098591549297
0.7400263042525208,0.06137658921525647,0.07145988601490574,0.12713722051731696
0.7369584438549955,0.0592396109637489,0.07515473032714412,0.1286472148541114
0.7441137272323411,0.05864060417592181,0.07107952021323856,0.12616614837849843
0.7403803626713843,0.058823529411764705,0.07209199469261389,0.12870411322423705
0.7420774647887324,0.05677816901408451,0.07482394366197183,0.12632042253521128
0.7409532215357458,0.057811120917917035,0.07590467784642542,0.12533097969991175
0.7320872274143302,0.06186025812194036,0.07699154428126391,0.1290609701824655
0.7338319401671799,0.06335239771227452,0.07347118345798505,0.1293444786625605
0.7367032967032967,0.06373626373626373,0.07120879120879121,0.12835164835164836
0.7365875109938435,0.06596306068601583,0.0743183817062445,0.12313104661389622
0.734982332155477,0.06581272084805653,0.07508833922261485,0.12411660777385158
0.7349023090586145,0.06971580817051509,0.07282415630550622,0.12255772646536411
0.7339857651245552,0.0693950177935943,0.07161921708185054,0.125
0.7307523097228332,0.07127144742630884,0.07567091948966125,0.12230532336119665
0.7318557149065623,0.07257714037375054,0.07692307692307693,0.11864406779661017
0.7250329960404751,0.07611086669599648,0.07611086669599648,0.1227452705675319
0.722492266902342,0.07733097657976137,0.07688908528501988,0.1232876712328767
0.7244405440982887,0.07371654234313295,0.0785432207108381,0.12329969284774024
0.7243337702053299,0.07470511140235911,0.07951070336391437,0.12145041502839668
0.7242437527400263,0.07584392810170977,0.07803594914511179,0.12187637001315213
0.7273930304367004,0.07234230260255844,0.0776356418173798,0.12262902514336127
0.7260393873085339,0.07264770240700219,0.07789934354485777,0.12341356673960613
0.724561403508772,0.07412280701754385,0.07982456140350877,0.12149122807017544
0.7278341420379356,0.07454786060873402,0.07675341861490957,0.12086457873842082
0.725699067909454,0.07456724367509987,0.07767421216156237,0.1220594762538837
0.7302776553547818,0.06963420008814455,0.07139709122961657,0.12869105332745703
0.7324503311258278,0.06931567328918323,0.0684326710816777,0.12980132450331125
0.7307692307692307,0.07427055702917772,0.0680813439434129,0.1268788682581786
0.7339489885664028,0.07343887423043095,0.06464379947229551,0.1279683377308707
0.7324503311258278,0.07461368653421634,0.06754966887417219,0.12538631346578366
0.735024048972453,0.07170966331438566,0.06777437691298645,0.1254919108001749
