R,A,S,N
0,0,0,0
0.0,0.0,0.0,1.0
0.0,0.3333333333333333,0.0,0.6666666666666666
0.3333333333333333,0.0,0.0,0.6666666666666666
0.3333333333333333,0.1111111111111111,0.0,0.5555555555555556
0.3076923076923077,0.07692307692307693,0.07692307692307693,0.5384615384615384
0.2727272727272727,0.045454545454545456,0.045454545454545456,0.6363636363636364
0.28125,0.0625,0.03125,0.625
0.358974358974359,0.05128205128205128,0.02564102564102564,0.5641025641025641
0.40816326530612246,0.02040816326530612,0.02040816326530612,0.5510204081632653
0.3968253968253968,0.015873015873015872,0.031746031746031744,0.5555555555555556
0.42105263157894735,0.013157894736842105,0.013157894736842105,0.5526315789473685
0.39325842696629215,0.02247191011235955,0.0,0.5842696629213483
0.38317757009345793,0.037383177570093455,0.0,0.5794392523364486
0.37209302325581395,0.023255813953488372,0.0,0.6046511627906976
0.389937106918239,0.025157232704402517,0.0,0.5849056603773585
0.4,0.02564102564102564,0.0,0.5743589743589743
0.42857142857142855,0.008658008658008658,0.0,0.5627705627705628
0.42805755395683454,0.01079136690647482,0.0035971223021582736,0.5575539568345323
0.44336569579288027,0.006472491909385114,0.012944983818770227,0.5372168284789643
0.4585635359116022,0.0027624309392265192,0.013812154696132596,0.5248618784530387
0.477751756440281,0.00702576112412178,0.01639344262295082,0.49882903981264637
0.47764227642276424,0.016260162601626018,0.018292682926829267,0.4878048780487805
0.5043630017452007,0.012216404886561954,0.019197207678883072,0.4642233856893543
0.5179968701095462,0.01564945226917058,0.017214397496087636,0.4491392801251956
0.5297450424929179,0.018413597733711047,0.0169971671388102,0.4348441926345609
0.5229007633587787,0.01653944020356234,0.019083969465648856,0.44147582697201015
0.5244040862656073,0.01362088535754824,0.018161180476730987,0.4438138479001135
0.5129802699896158,0.014537902388369679,0.01557632398753894,0.4569055036344756
0.5185185185185185,0.015194681861348529,0.011396011396011397,0.45489078822412155
0.5207413945278023,0.01235657546337158,0.01059135039717564,0.4563106796116505
0.5195020746887967,0.014107883817427386,0.011618257261410789,0.45477178423236514
0.5225505443234837,0.019440124416796267,0.00933125972006221,0.44867807153965783
0.5260837619397501,0.016164584864070537,0.009551800146950772,0.4481998530492285
0.5260597637248089,0.018068102849200834,0.009728978457261988,0.4461431549687283
0.5284974093264249,0.017487046632124352,0.009067357512953367,0.44494818652849744
0.5295581829495956,0.015556938394523958,0.009956440572495333,0.44492843808338517
0.5242130750605327,0.012711864406779662,0.012106537530266344,0.4509685230024213
0.5279680365296804,0.0136986301369863,0.011986301369863013,0.4463470319634703
0.5268400664084117,0.01383508577753182,0.01383508577753182,0.44548976203652463
0.5303837953091685,0.01279317697228145,0.01652452025586354,0.44029850746268656
0.5205836373110996,0.015112037519541427,0.020844189682126108,0.44346013548723295
0.518350930115636,0.014580191050779286,0.020613373554550025,0.4464555052790347
0.5230844793713163,0.01719056974459725,0.0206286836935167,0.43909626719056977
0.521887159533074,0.021400778210116732,0.02188715953307393,0.4348249027237354
0.5187648456057007,0.022327790973871733,0.01852731591448931,0.44038004750593823
0.5273327049952875,0.025918944392082942,0.019792648444863337,0.42695570216776624
0.5298823529411765,0.024941176470588234,0.01976470588235294,0.4254117647058824
0.5182616736014795,0.026352288488210817,0.020804438280166437,0.4345815996301433
0.5249772933696639,0.02815622161671208,0.01907356948228883,0.42779291553133514
0.5246350364963503,0.029653284671532845,0.02052919708029197,0.4251824817518248
0.5142212189616253,0.030248306997742665,0.023927765237020317,0.43160270880361173
0.5167037861915368,0.032516703786191536,0.024944320712694878,0.4258351893095768
0.5110815602836879,0.03235815602836879,0.026152482269503546,0.4304078014184397
0.5165178571428571,0.032589285714285716,0.025,0.42589285714285713
0.5224274406332454,0.030782761653474055,0.026385224274406333,0.4204045734388742
0.5217777777777778,0.03333333333333333,0.02666666666666667,0.4182222222222222
0.5287659200702679,0.034255599472990776,0.025032938076416336,0.411945542380325
0.5204936095196122,0.03613926840017629,0.025561921551344204,0.4178052005288673
0.5170250896057348,0.033602150537634407,0.025985663082437275,0.42338709677419356
0.5238519839500668,0.03209986625055729,0.024966562639322336,0.4190815871600535
0.5267379679144385,0.03431372549019608,0.024509803921568627,0.4144385026737968
0.5274822695035462,0.034574468085106384,0.025709219858156027,0.4122340425531915
0.518699910952805,0.037399821905609976,0.026714158504007122,0.41718610863757793
0.5171492204899777,0.039198218262806235,0.025389755011135856,0.4182628062360802
0.517454706142289,0.03800265134776845,0.02562969509500663,0.4189129474149359
0.5175901495162709,0.036939313984168866,0.024186455584872472,0.4212840809146878
0.5170278637770898,0.038920831490490936,0.026094648385670056,0.4179566563467492
0.5171339563862928,0.037828215398308856,0.0267022696929239,0.4183355585224744
0.5176103432902363,0.03923316986179224,0.02719572001783326,0.4159607668301382
0.5205479452054794,0.0410958904109589,0.02828104286345559,0.41007512152010606
0.5167106420404574,0.04221635883905013,0.028144239226033423,0.4129287598944591
0.5198041833555852,0.040498442367601244,0.029372496662216287,0.41032487761459724
0.518813634351483,0.04205400619743249,0.029216467463479414,0.40991589198760514
0.519137703475583,0.04135503739551254,0.030796304443466784,0.4087109546854377
0.5254010695187166,0.040998217468805706,0.029411764705882353,0.40418894830659535
0.5242504409171076,0.042328042328042326,0.029541446208112873,0.4038800705467372
0.5222617987533392,0.03873552983081033,0.028495102404274265,0.41050756901157615
0.5233437083148066,0.039573143619386394,0.02845709204090707,0.40862605602489993
0.5214887018165707,0.03987594151528578,0.028356225077536552,0.410279131590607
0.516718680338832,0.04101649576460098,0.028533214444939812,0.4137316094516273
0.5135615829257448,0.04224099599822143,0.029346376167185415,0.4148510449088484
0.5152317880794702,0.04370860927152318,0.02913907284768212,0.4119205298013245
0.5232198142414861,0.044228217602830605,0.029632905793896505,0.4029190623617868
0.5148690634709276,0.04704837993786063,0.030181979582778518,0.4079005770084332
0.5164152617568767,0.04525288376220053,0.030612244897959183,0.4077196095829636
0.5125335720680394,0.046553267681289166,0.03088630259623993,0.41002685765443153
0.5194109772423026,0.04596162427487729,0.031236055332440876,0.4033913431503793
0.5166889185580774,0.04806408544726302,0.03159768580329328,0.40364931019136624
0.5227775320654577,0.04820875718708536,0.03184431667403804,0.39716939407341884
0.5217582417582417,0.04879120879120879,0.02857142857142857,0.40087912087912086
0.5155971479500892,0.04768270944741533,0.029411764705882353,0.40730837789661317
0.517825311942959,0.05303030303030303,0.030303030303030304,0.3988413547237077
0.5119208277103013,0.05668016194331984,0.03013945119208277,0.401259559154296
0.50787224471435,0.05668016194331984,0.029689608636977057,0.4057579847053531
0.5123239436619719,0.055897887323943664,0.029049295774647887,0.4027288732394366
0.5175477565526433,0.05775211017325633,0.02798756108396268,0.3967125721901377
0.519910514541387,0.05548098434004474,0.028187919463087248,0.396420581655481
0.5138392857142857,0.05714285714285714,0.028125,0.40089285714285716
0.5164444444444445,0.05555555555555555,0.027555555555555555,0.40044444444444444
0.5159550561797753,0.05213483146067416,0.027415730337078652,0.4044943820224719
0.5213523131672598,0.05115658362989324,0.02891459074733096,0.398576512455516
0.517454706142289,0.05170128148475475,0.02828104286345559,0.40256296950950066
0.518189884649512,0.04924578527062999,0.027506654835847383,0.40505767524401065
0.5286539315859617,0.046645935139937804,0.02798756108396268,0.3967125721901377
0.5269784172661871,0.047661870503597124,0.03012589928057554,0.3952338129496403
0.5231316725978647,0.0498220640569395,0.030249110320284697,0.39679715302491103
0.5318961724593049,0.05103387593488781,0.028156621205455347,0.388913330400352
0.5249562171628721,0.05516637478108581,0.03152364273204904,0.388353765323993
0.5219683655536028,0.05755711775043937,0.031195079086115993,0.38927943760984185
0.5275938189845475,0.052980132450331126,0.030022075055187638,0.3894039735099338
0.5380168963983993,0.05157847932414406,0.028901734104046242,0.3815028901734104
0.535029004908523,0.052655064703257475,0.03034359660865685,0.3819723337795627
0.5401943462897526,0.053886925795053005,0.028268551236749116,0.37765017667844525
0.5426048565121413,0.05474613686534217,0.02869757174392936,0.3739514348785872
0.5408299866131191,0.055778670236501564,0.026327532351628737,0.37706381079875056
0.5327102803738317,0.05562972852692479,0.0267022696929239,0.38495772140631956
0.5386323268206039,0.052397868561278864,0.026198934280639432,0.3827708703374778
0.5313472654513117,0.05602489995553579,0.026678523788350377,0.38594931080480216
0.5314031180400891,0.05924276169265033,0.029398663697104678,0.3799554565701559
0.5314437555358724,0.05845881310894597,0.03100088573959256,0.37909654561558903
0.5349248452696729,0.05570291777188329,0.03094606542882405,0.3784261715296198
0.535921463632307,0.05667112896028559,0.028112449799196786,0.37929495760821064
0.5353309481216458,0.057245080500894455,0.026386404293381037,0.3810375670840787
0.5271044513001322,0.05332745702952843,0.027765535478184222,0.39180255619215515
0.5327433628318584,0.05088495575221239,0.02920353982300885,0.38716814159292035
0.5338046840477243,0.047724259832081305,0.030048608042421564,0.3884224480777729
0.5370288248337028,0.04656319290465632,0.028381374722838137,0.38802660753880264
0.5319805910895457,0.04631671812968681,0.031318923687692984,0.39038376709307454
0.5391766268260292,0.046923417441345726,0.03187250996015936,0.38202744577246567
0.5398582816651905,0.047829937998228524,0.03100088573959256,0.38131089459698847
0.5522788203753352,0.049597855227882036,0.02993744414655943,0.3681858802502234
0.5454142667257421,0.04873726185201595,0.028799291094373063,0.3770491803278688
0.5398745519713262,0.04704301075268817,0.029121863799283155,0.3839605734767025
0.5396544085068675,0.04563579973416039,0.02702702702702703,0.3876827647319451
0.5443207126948775,0.04899777282850779,0.028953229398663696,0.377728285077951
0.5429461504227859,0.047619047619047616,0.029372496662216287,0.38006230529595014
0.5433244916003537,0.048187444739168875,0.030061892130857647,0.3784261715296198
0.537719298245614,0.05,0.031140350877192982,0.381140350877193
0.5443262411347518,0.05186170212765957,0.030141843971631204,0.37367021276595747
0.5407440212577502,0.050487156775907885,0.030115146147032774,0.37865367581930914
0.5441964285714286,0.04732142857142857,0.029910714285714287,0.37857142857142856
0.5496659242761692,0.044543429844097995,0.030289532293986638,0.3755011135857461
0.5400806090461263,0.047021943573667714,0.03134796238244514,0.38154948499776087
0.5386666666666666,0.04888888888888889,0.030666666666666665,0.38177777777777777
0.5334811529933481,0.050110864745011086,0.03237250554323725,0.38403547671840355
0.5224544241885283,0.0542463317029791,0.03334815473543797,0.38995108937305467
0.5207394048692516,0.05320108205590622,0.0351668169522092,0.390892696122633
0.5282935455349248,0.05481874447391689,0.034924845269672856,0.3819628647214854
0.5323581560283688,0.05540780141843971,0.034131205673758866,0.37810283687943264
0.5350799289520426,0.05550621669626998,0.03685612788632327,0.3725577264653641
0.5345132743362832,0.05663716814159292,0.03584070796460177,0.3730088495575221
0.5341061078912172,0.05572893446277307,0.036558181007579134,0.37360677663843067
0.5403617115130128,0.05205116894574327,0.03396559329510366,0.37362152624614026
0.5361419068736142,0.05144124168514413,0.03237250554323725,0.38004434589800445
0.5325257963212203,0.05518169582772544,0.03140421713772992,0.38088829071332436
0.5348115299334811,0.05321507760532151,0.03325942350332594,0.3787139689578714
0.536045997346307,0.05218929677134011,0.03140203449800973,0.3803626713843432
0.5403587443946188,0.05336322869955157,0.03094170403587444,0.37533632286995516
0.5422282120395328,0.05435759209344115,0.03099730458221024,0.3724168912848158
0.5450089126559715,0.05481283422459893,0.029857397504456328,0.37032085561497324
0.5427675772503359,0.05373936408419167,0.03000447828034035,0.3734885803851321
0.5506607929515418,0.05286343612334802,0.027753303964757708,0.36872246696035244
0.5595604395604395,0.04835164835164835,0.02945054945054945,0.3626373626373626
0.5609430604982206,0.04804270462633452,0.027580071174377226,0.3634341637010676
0.5535478184222125,0.049801674746584396,0.026884089907448214,0.36976641692375495
0.556599552572707,0.049664429530201344,0.024608501118568233,0.3691275167785235
0.5618878005342832,0.04942119323241318,0.025378450578806767,0.3633125556544969
0.565584704313028,0.04579813250333482,0.023566029346376166,0.365051133837261
0.5747853592408495,0.04518752824220515,0.024401265250790782,0.35562584726615454
0.5832591273374889,0.0458593054318789,0.022707034728406055,0.3481745325022262
0.5843984133979727,0.04715733803437638,0.02379903040987219,0.34464521815777877
0.5863134657836645,0.045474613686534215,0.02384105960264901,0.3443708609271523
0.5939982347749339,0.047219770520741396,0.023389232127096204,0.3353927625772286
0.5943437914273089,0.04551480335837384,0.02209456473707468,0.3380468404772426
0.5874280655157149,0.05002213368747233,0.019477644975652943,0.3430721558211598
0.5873440285204992,0.05213903743315508,0.019162210338680926,0.3413547237076649
0.5910500664599025,0.05183872396987151,0.01993797075764289,0.3371732388125831
0.5900178253119429,0.04946524064171123,0.022727272727272728,0.33778966131907306
0.5972407654650645,0.0520694259012016,0.024922118380062305,0.3257676902536716
0.5934163701067615,0.04759786476868327,0.02802491103202847,0.3309608540925267
0.5956598759964571,0.0491585473870682,0.02612931798051373,0.32905225863596105
0.6037651277454057,0.04975347377857463,0.024204392649036306,0.32227700582698343
0.5977426636568849,0.05282167042889391,0.02708803611738149,0.32234762979683973
0.6023080337328007,0.05415002219263205,0.02663115845539281,0.3169107856191744
0.6046923417441346,0.05090748118636565,0.025232403718459494,0.3191677733510403
0.598757212605415,0.052374611628939194,0.026187305814469597,0.32268086995117623
0.6068262411347518,0.051418439716312055,0.025709219858156027,0.31604609929078015
0.6033792796798577,0.050689195197865716,0.026233881725211204,0.31969764339706536
0.6059928443649374,0.05366726296958855,0.02817531305903399,0.31216457960644006
0.6057906458797327,0.054788418708240534,0.028953229398663696,0.31046770601336304
0.606425702811245,0.05800981704596162,0.02989736724676484,0.30566711289602855
0.604212373848179,0.060991663010092144,0.028082492321193506,0.30671347082053535
0.6025697828976517,0.06424457244129375,0.027913159060700046,0.30527248560035447
0.607583774250441,0.06481481481481481,0.030864197530864196,0.2967372134038801
0.6095950704225352,0.06382042253521127,0.03169014084507042,0.2948943661971831
0.6179078014184397,0.06028368794326241,0.03324468085106383,0.28856382978723405
0.6171352074966533,0.05800981704596162,0.03435966086568496,0.29049531459170014
0.6200268216361198,0.057219490388913725,0.03352704514975414,0.2892266428252123
0.6220053238686779,0.05456965394853593,0.03327417923691216,0.290150842945874
0.6232142857142857,0.05089285714285714,0.034375,0.29151785714285716
0.623841059602649,0.05077262693156733,0.03532008830022075,0.2900662251655629
0.629579982126899,0.04691689008042895,0.035299374441465595,0.28820375335120646
0.6325892857142857,0.04598214285714286,0.03616071428571429,0.28526785714285713
0.6342117016525235,0.04778919160339437,0.03305046895935686,0.28494863778472534
0.6352201257861635,0.044923629829290206,0.034141958670260555,0.2857142857142857
0.6305506216696269,0.04396092362344583,0.03374777975133215,0.291740674955595
0.6299107142857143,0.044196428571428574,0.030357142857142857,0.2955357142857143
0.6298932384341637,0.04759786476868327,0.03158362989323844,0.29092526690391457
0.6354029062087186,0.046235138705416116,0.028181417877586965,0.2901805372082783
0.636849132176235,0.04183355585224744,0.028037383177570093,0.2932799287939475
0.6412754650132861,0.04561558901682905,0.027900797165633304,0.28520814880425155
0.637089618456078,0.04702750665483585,0.02839396628216504,0.28748890860692106
0.6429506765604539,0.05106940200785683,0.027062418158009603,0.2789175032736796
0.6454183266932271,0.05267817618415228,0.025675077467906152,0.27622841965471445
0.6507582515611061,0.05352363960749331,0.023639607493309546,0.272078501338091
0.6468253968253969,0.05114638447971781,0.02601410934744268,0.2760141093474427
0.6444640494044993,0.04852227613586237,0.02646669607410675,0.28054697838553155
0.6448306595365418,0.05213903743315508,0.027629233511586453,0.27540106951871657
0.6455809780170481,0.05114401076716016,0.02736653207716465,0.2759084791386272
0.6464063886424135,0.04924578527062999,0.026619343389529725,0.2777284826974268
0.6488413547237076,0.04768270944741533,0.026292335115864526,0.27718360071301246
0.6511730854360337,0.04293935369632581,0.02434705621956618,0.2815405046480744
0.6499333629498001,0.04175921812527766,0.02576632607729898,0.2825410928476233
0.6474561008554706,0.04007203962179198,0.025664115263394866,0.28680774425934263
0.6545776205218929,0.0362671384343211,0.026536930561698365,0.2826183104820876
0.654650645304851,0.037383177570093455,0.027592345349354695,0.2803738317757009
0.6533333333333333,0.035555555555555556,0.02711111111111111,0.284
0.6604527296937417,0.033732800710164226,0.027075011096316024,0.27873945849977805
0.6629858657243817,0.03401060070671378,0.030477031802120143,0.27252650176678445
0.6633928571428571,0.03526785714285714,0.029464285714285714,0.271875
0.665629168519342,0.03423743886171632,0.028901734104046242,0.2712316585148955
0.6620903454384411,0.03720106288751107,0.029229406554472984,0.27147918511957486
0.658859920459567,0.03667697746354397,0.03049049933716306,0.273972602739726
0.6622458001768347,0.036251105216622455,0.032714412024756855,0.268788682581786
0.6578131916777336,0.03762726870296591,0.03408587870739265,0.27047366091190794
0.649402390438247,0.03629924745462594,0.04072598494909252,0.2735723771580345
0.6572454015253477,0.037236428891879766,0.03992821893225662,0.26558995065051594
0.6565255731922398,0.037037037037037035,0.040123456790123455,0.26631393298059963
0.6536238328145842,0.036905291240551356,0.03912850155624722,0.2703423743886172
0.6543921916592724,0.03948535936113576,0.03682342502218278,0.26929902395740907
0.658311345646438,0.04001759014951627,0.03518029903254178,0.26649076517150394
0.6628010704727921,0.037020517395182875,0.03568242640499554,0.2644959857270294
0.6657730116175157,0.035746201966041107,0.03663985701519214,0.26184092940125114
0.6622222222222223,0.035555555555555556,0.035111111111111114,0.26711111111111113
0.6588973554459884,0.04168534289556253,0.033617212012550426,0.2658000896458987
0.6648793565683646,0.03842716711349419,0.032171581769437,0.2645218945487042
0.6663693131132917,0.037020517395182875,0.03166815343443354,0.2649420160570919
0.6712389380530973,0.03982300884955752,0.03008849557522124,0.2588495575221239
0.6754617414248021,0.040457343887423045,0.028144239226033423,0.2559366754617414
0.6747680070702607,0.03844454264250994,0.02828104286345559,0.25850640742377373
0.6731534719150818,0.038920831490490936,0.027421494913754976,0.2605042016806723
0.6706666666666666,0.03777777777777778,0.026222222222222223,0.2653333333333333
0.6648888888888889,0.037333333333333336,0.024888888888888887,0.2728888888888889
0.6651725683549977,0.037203047960555805,0.023756163155535633,0.2738682205289108
0.6731640979147778,0.035811423390752495,0.022665457842248413,0.26835902085222124
0.6716947648624667,0.03460514640638864,0.02085181898846495,0.27284826974267967
0.6723985890652557,0.034832451499118164,0.021604938271604937,0.27116402116402116
0.6672558550596553,0.03535130357931949,0.022978347326557666,0.27441449403446755
0.6599029554477283,0.03749448610498456,0.02337891486546096,0.2792236435818262
0.6592427616926503,0.037416481069042315,0.023608017817371936,0.2797327394209354
0.6512661039537984,0.03909373611728121,0.024877832074633496,0.28476232785428696
0.6574487065120428,0.0383586083853702,0.024977698483496878,0.2792149866190901
0.6581883087907184,0.038821954484605084,0.024096385542168676,0.2788933511825078
0.6538461538461539,0.038461538461538464,0.020572450805008944,0.28711985688729874
0.6515151515151515,0.034759358288770054,0.02094474153297683,0.2927807486631016
0.652077807250221,0.038461538461538464,0.023430592396109638,0.28603006189213087
0.6578131916777336,0.03762726870296591,0.02390438247011952,0.28065515714918104
0.6654772524531668,0.03389830508474576,0.0231935771632471,0.2774308652988403
0.6701940035273368,0.033950617283950615,0.020282186948853614,0.27557319223985893
0.6632877919788454,0.03613926840017629,0.02247686205376818,0.2780960775672102
0.6638655462184874,0.03582485625829279,0.022998673153471916,0.2773109243697479
0.6697695035460993,0.03590425531914894,0.022606382978723406,0.2717198581560284
0.6640070921985816,0.03900709219858156,0.020833333333333332,0.27615248226950356
0.6635388739946381,0.0420017873100983,0.024575513851653262,0.26988382484361034
0.6612903225806451,0.04077060931899642,0.023745519713261647,0.27419354838709675
0.6700710479573713,0.03818827708703375,0.02575488454706927,0.26598579040852577
0.6749777382012466,0.03561887800534283,0.024933214603739984,0.26447016918967053
0.6737683089214381,0.03861517976031957,0.02574345317354638,0.26187305814469597
0.6708185053380783,0.03959074733096085,0.024466192170818506,0.26512455516014233
0.670812972012439,0.03864948911594847,0.02265659706796979,0.2678809418036428
0.6706989247311828,0.03718637992831541,0.025985663082437275,0.2661290322580645
0.6746560142032845,0.03506435863293387,0.023968042609853527,0.2663115845539281
0.674469964664311,0.037102473498233215,0.02517667844522968,0.26325088339222613
0.6796288113124171,0.03667697746354397,0.02562969509500663,0.25806451612903225
0.6800529567519858,0.038834951456310676,0.02471315092674316,0.2563989408649603
0.6820580474934037,0.03913808267370272,0.027264731750219876,0.2515391380826737
0.6838365896980462,0.03818827708703375,0.02708703374777975,0.2508880994671403
0.6894437144108629,0.037669732807709154,0.024967148488830485,0.24791940429259746
0.6918018412976764,0.03682595352915388,0.02498903989478299,0.24638316527838666
0.6888986397542782,0.03554190434401053,0.029398859148749453,0.2461605967529618
0.6906126046716615,0.03613926840017629,0.02864698104892023,0.24460114587924195
0.6961400359066428,0.03680430879712747,0.02872531418312388,0.23833034111310591
0.6900532859680284,0.03818827708703375,0.027531083481349913,0.24422735346358793
0.6841633019291162,0.04127411395244504,0.02736653207716465,0.24719605204127412
0.6898251904975348,0.041237113402061855,0.027790228597041687,0.24114746750336172
0.6912028725314183,0.04308797127468582,0.026032315978456014,0.23967684021543986
0.703853046594982,0.04390681003584229,0.023745519713261647,0.22849462365591397
0.7076854731230564,0.0422034651266104,0.023545091070635273,0.22656597067969791
0.7090584560464078,0.04373047746541722,0.0249888442659527,0.2222222222222222
0.7014260249554367,0.04367201426024955,0.02807486631016043,0.2268270944741533
0.699294532627866,0.042328042328042326,0.028659611992945325,0.22971781305114639
0.6998239436619719,0.04445422535211268,0.029049295774647887,0.2266725352112676
0.7000895255147717,0.043867502238137866,0.02909579230080573,0.2269471799462847
0.6973044631020769,0.044631020768890854,0.02828104286345559,0.22978347326557666
0.7020713970912296,0.04363155575143235,0.02864698104892023,0.2256500661084178
0.7015590200445434,0.04365256124721604,0.028953229398663696,0.22583518930957683
0.7082593250444049,0.044849023090586145,0.028419182948490232,0.21847246891651864
0.7140335392762577,0.040158870255957636,0.027802294792586054,0.21800529567519858
0.7222969941677883,0.03813369223867205,0.02736653207716465,0.21220278151637506
0.7176733780760627,0.040268456375838924,0.02371364653243848,0.21834451901565996
0.7225663716814159,0.0415929203539823,0.023451327433628318,0.21238938053097345
0.7228430934286991,0.04336164506034868,0.024586499776486366,0.20920876173446581
0.7135231316725978,0.042704626334519574,0.024466192170818506,0.21930604982206406
0.7113082039911308,0.042572062084257206,0.024390243902439025,0.22172949002217296
0.7096204766107679,0.0441306266548985,0.023389232127096204,0.2228596646072374
0.7048963387737097,0.04543449492721659,0.024261138067931187,0.22540802823114248
0.7063810798750558,0.04551539491298527,0.024096385542168676,0.22400713966979027
0.6990595611285266,0.04612628750559785,0.025526197939991044,0.22928795342588446
0.6995139195757843,0.04684047724259832,0.02342023862129916,0.23022536456031817
0.7007978723404256,0.04698581560283688,0.02349290780141844,0.22872340425531915
0.696942844483828,0.05006645990252548,0.024368630926007974,0.22862206468763846
0.6958831341301461,0.048251438689685705,0.02390438247011952,0.2319610447100487
0.7058823529411765,0.05004389815627744,0.02370500438981563,0.22036874451273047
0.7046563192904657,0.05232815964523282,0.023059866962305987,0.21995565410199558
0.7052255471192497,0.05448861098704779,0.022778025904421618,0.21750781598928093
0.709420610349403,0.0513047324192835,0.019902697921273773,0.2193719593100398
0.7053849577214063,0.0516243880729862,0.020471740097908322,0.22251891410769917
0.7077543702375616,0.049305244285073956,0.022411474675033616,0.22052891080233078
0.7132125497127707,0.04904993371630579,0.021652673442333185,0.21608484312859036
0.7074041034790366,0.04950936663693131,0.02408563782337199,0.21900089206066012
0.70509977827051,0.048337028824833705,0.02350332594235033,0.22305986696230598
0.7063773250664305,0.04650132860938884,0.023472099202834367,0.22364924712134632
0.7043941411451398,0.0461606746560142,0.027518863737239236,0.22192632046160674
0.7089618456078084,0.04702750665483585,0.027062999112688554,0.21694764862466726
0.7,0.04933333333333333,0.028888888888888888,0.22177777777777777
0.6989389920424404,0.04907161803713528,0.028293545534924844,0.22369584438549955
0.6988485385296723,0.04650132860938884,0.027900797165633304,0.2267493356953056
0.6966094231616028,0.044033465433729636,0.029942756494936152,0.2294143549097314
0.7034934497816594,0.04148471615720524,0.030131004366812226,0.22489082969432314
0.7031662269129287,0.04221635883905013,0.030343007915567283,0.22427440633245382
0.705648720211827,0.04148278905560459,0.03089143865842895,0.22197705207413945
0.7027385159010601,0.04151943462897526,0.02959363957597173,0.22614840989399293
0.7089618456078084,0.03992901508429459,0.029724933451641525,0.22138420585625554
0.7145390070921985,0.038120567375886524,0.02969858156028369,0.2176418439716312
0.7217043941411452,0.040390590324012425,0.02929427430093209,0.20861074123391035
0.7235164835164836,0.03956043956043956,0.026373626373626374,0.21054945054945054
0.7264653641207816,0.03907637655417407,0.02930728241563055,0.20515097690941386
0.7338097364895042,0.036176864671728454,0.028584189370254576,0.20142920946851273
0.7334811529933482,0.03325942350332594,0.0270509977827051,0.20620842572062084
0.7353071144498453,0.03093239063190455,0.029606716747680072,0.20415377817057004
0.7344782034346103,0.029502421840598855,0.029942756494936152,0.20607661822985468
0.7367483296213808,0.027171492204899776,0.031180400890868598,0.20489977728285078
0.7296460176991151,0.02831858407079646,0.033185840707964605,0.2088495575221239
0.7270703472840605,0.02894033837934105,0.03250222617987533,0.21148708815672307
0.733127481252757,0.029113365681517425,0.029554477282752536,0.20820467578297308
0.7331261101243339,0.02797513321492007,0.028419182948490232,0.21047957371225579
0.7292129835482437,0.03023566029346376,0.029346376167185415,0.21120497999110716
0.7288968289414918,0.030817329164805715,0.029030817329164807,0.21125502456453774
0.7358407079646018,0.03008849557522124,0.02654867256637168,0.2075221238938053
0.7359823399558499,0.02869757174392936,0.022958057395143488,0.21236203090507727
0.7390146471371505,0.027518863737239236,0.023524189968930315,0.20994229915667997
0.7430093209054593,0.02796271637816245,0.022636484687083888,0.20639147802929428
0.7473214285714286,0.029464285714285714,0.020535714285714286,0.20267857142857143
0.751105216622458,0.03183023872679045,0.019451812555260833,0.1976127320954907
0.7479248580166011,0.03363914373088685,0.02053298383573613,0.19790301441677588
0.7418358340688438,0.03751103265666372,0.02118270079435128,0.1994704324801412
0.7442164993452641,0.03841117415975556,0.023134002618943692,0.19423832387603668
0.7510004446420632,0.039573143619386394,0.022232103156958647,0.1871943085815918
0.7607064017660045,0.037969094922737305,0.022516556291390728,0.17880794701986755
0.7634836427939876,0.03580901856763926,0.022546419098143235,0.1781609195402299
0.761101243339254,0.03685612788632327,0.023534635879218474,0.17850799289520428
0.7628091872791519,0.03445229681978799,0.023851590106007067,0.178886925795053
0.7682060390763765,0.03330373001776199,0.02264653641207815,0.17584369449378331
0.7667548500881834,0.03306878306878307,0.023368606701940034,0.17680776014109348
0.7662682602921647,0.03098716246126605,0.02478972996901284,0.17795484727755645
0.7683839718185821,0.033905768383971815,0.028181417877586965,0.1695288419198591
0.7627948375611927,0.03693813974187806,0.028037383177570093,0.17222963951935916
0.7643142476697736,0.03861517976031957,0.02885042166000888,0.16822015090989792
0.7718360071301248,0.0392156862745098,0.027629233511586453,0.16131907308377896
0.7774846086191732,0.03737906772207564,0.026824978012313105,0.158311345646438
0.7756552643269657,0.0368725011106175,0.029764549089293647,0.15770768547312305
0.7707685473123056,0.04042647712127943,0.03065304309195913,0.1581519324744558
0.7710467706013363,0.04187082405345212,0.029844097995545656,0.15723830734966593
0.774622892635315,0.04303460514640639,0.027506654835847383,0.15483584738243122
0.7745274527452746,0.041404140414041404,0.0288028802880288,0.15526552655265527
0.7749326145552561,0.0426774483378257,0.029200359389038633,0.1531895777178796
0.7762742444745151,0.04330175913396482,0.026612539467749212,0.15381145692377085
0.7731586082241302,0.0447356529597831,0.02711251694532309,0.15499322187076367
0.7737030411449016,0.04382826475849732,0.026386404293381037,0.15608228980322003
0.7712127943136384,0.04486894713460684,0.02665482007996446,0.1572634384717903
0.7736516357206012,0.041998231653404064,0.026525198938992044,0.15782493368700265
0.7727472527472528,0.041758241758241756,0.029010989010989013,0.1564835164835165
0.7741792369121562,0.03992901508429459,0.027950310559006212,0.15794143744454303
0.7757467677218012,0.03878733838609006,0.028979045920642,0.15648684797146678
0.7800263968323801,0.0365156181258249,0.029916410030796304,0.1535415750109987
0.7819614711033275,0.040280210157618214,0.03239929947460595,0.14535901926444833
0.7837958818263205,0.04028648164726947,0.03088630259623993,0.1450313339301701
0.7860608734009704,0.03925893250992501,0.035288928098809,0.13939126599029555
0.7900797165633304,0.038529672276350756,0.037643932683790966,0.1337466784765279
0.7934397163120568,0.03945035460992908,0.0350177304964539,0.1320921985815603
0.7949753252579632,0.038582323912068194,0.03409600717810678,0.13234634365186182
0.8014184397163121,0.03856382978723404,0.031471631205673756,0.12854609929078015
0.7993840739111306,0.03695556533216014,0.030796304443466784,0.1328640563132424
0.7956366874443455,0.034728406055209264,0.03294746215494212,0.13668744434550312
0.7937777777777778,0.03333333333333333,0.032,0.1408888888888889
0.8013245033112583,0.03090507726269316,0.033112582781456956,0.1346578366445916
0.8030438675022381,0.03178155774395703,0.03222918531781558,0.13294538943598927
0.8031042128603104,0.03370288248337029,0.032815964523281595,0.1303769401330377
0.8046840477242598,0.03535130357931949,0.030048608042421564,0.12991604065399912
0.8075723830734967,0.03296213808463252,0.028507795100222718,0.1309576837416481
0.8054683998207082,0.037203047960555805,0.02734199910354101,0.12998655311519497
0.8100088573959257,0.037643932683790966,0.026572187776793623,0.12577502214348982
0.8054818744473917,0.038903625110521665,0.027851458885941646,0.127763041556145
0.8071748878923767,0.03991031390134529,0.025112107623318385,0.12780269058295965
0.8103989242492156,0.03989242492155984,0.022411474675033616,0.12729717615419095
0.8138815207780725,0.040229885057471264,0.022104332449160036,0.1237842617152962
0.8106666666666666,0.042222222222222223,0.022222222222222223,0.12488888888888888
0.8108228980322003,0.04203935599284436,0.025044722719141325,0.12209302325581395
0.8154867256637168,0.0420353982300885,0.024778761061946902,0.11769911504424779
0.8209821428571429,0.039732142857142855,0.026339285714285714,0.11294642857142857
0.8162162162162162,0.04369369369369369,0.027927927927927927,0.11216216216216217
0.8147982062780269,0.04618834080717489,0.027354260089686097,0.11165919282511211
0.8170840787119857,0.04606440071556351,0.02728085867620751,0.10957066189624329
0.8206497552291945,0.047619047619047616,0.025367156208277702,0.10636404094348019
0.82,0.050222222222222224,0.026222222222222223,0.10355555555555555
0.8258750553832521,0.047408063801506424,0.02525476295968099,0.10146211785556047
0.8220264317180617,0.04933920704845815,0.025991189427312777,0.1026431718061674
0.8234242288779615,0.04693786320965579,0.024586499776486366,0.1050514081358963
0.824669603524229,0.04757709251101322,0.024669603524229075,0.10308370044052863
0.8233480176211454,0.04669603524229075,0.025110132158590308,0.10484581497797357
0.8229895104895105,0.048513986013986016,0.0236013986013986,0.1048951048951049
0.8245770258236865,0.04808548530721282,0.024933214603739984,0.10240427426536064
0.8197596795727636,0.051179350244770806,0.0267022696929239,0.10235870048954161
0.8209414870215574,0.047954245490541135,0.025516937967443906,0.10558732952045755
0.8242585214696768,0.049136786188579015,0.02434705621956618,0.10225763612217796
0.8286219081272085,0.046819787985865724,0.02429328621908127,0.10026501766784453
0.8314159292035398,0.04424778761061947,0.023451327433628318,0.10088495575221239
0.8303886925795053,0.0446113074204947,0.02561837455830389,0.09938162544169611
0.8261455525606469,0.044923629829290206,0.026504941599281222,0.10242587601078167
0.828405017921147,0.04390681003584229,0.026881720430107527,0.10080645161290322
0.8300884955752212,0.04469026548672567,0.02654867256637168,0.09867256637168141
0.8318544809228039,0.04259094942324756,0.023957409050576754,0.10159716060337179
0.8273092369477911,0.04194556001784917,0.028112449799196786,0.10263275323516287
0.8231079265562025,0.04209583519928348,0.03090013434841021,0.1038961038961039
0.827846975088968,0.03870106761565836,0.02891459074733096,0.1045373665480427
0.8206835330670218,0.039502885042166,0.03062583222370173,0.10918774966711052
0.822429906542056,0.035603026257231864,0.02892745883400089,0.11303960836671118
0.821508255243195,0.038821954484605084,0.028112449799196786,0.11155734047300313
0.82271714922049,0.03830734966592428,0.028507795100222718,0.11046770601336303
0.821236559139785,0.038978494623655914,0.030017921146953404,0.10976702508960573
0.8256798930004459,0.03744984395898351,0.029424877396344182,0.10744538564422648
0.8286343612334802,0.03612334801762115,0.027312775330396475,0.10792951541850221
0.833926981300089,0.03428317008014248,0.027604630454140695,0.10418521816562779
0.8308856252781487,0.03382287494437027,0.030707610146862484,0.1045838896306186
0.8322841726618705,0.03282374100719424,0.02922661870503597,0.10566546762589928
0.8381834215167548,0.03218694885361552,0.027777777777777776,0.10185185185185185
0.8419182948490231,0.02975133214920071,0.02708703374777975,0.10124333925399645
0.8407473309608541,0.029359430604982206,0.027135231316725978,0.10275800711743772
0.8386524822695035,0.0274822695035461,0.028812056737588652,0.10505319148936171
0.8415710503089144,0.0264783759929391,0.03089143865842895,0.10105913503971757
0.8362989323843416,0.027135231316725978,0.03202846975088968,0.1045373665480427
0.8339991122947181,0.02574345317354638,0.03417665335108744,0.10608078118064802
0.836961350510884,0.02798756108396268,0.03243003109729009,0.10262105730786317
0.835920177383592,0.028824833702882482,0.03237250554323725,0.10288248337028826
0.8414526129317981,0.029229406554472984,0.031443755535872454,0.09787422497785651
0.840160284951024,0.027604630454140695,0.030721282279608193,0.10151380231522707
0.8459483526268923,0.029385574354407838,0.030721282279608193,0.09394479073909172
0.8490981082270127,0.027276726792784867,0.028596568411790584,0.0950285965684118
0.8450578806767587,0.029385574354407838,0.027604630454140695,0.09795191451469279
0.8450200982581509,0.02992407324698526,0.026351049575703438,0.09870477891916034
0.8468104222821204,0.028751123090745734,0.02605570530098832,0.09838274932614555
0.8467670504871567,0.02967227635075288,0.0283436669619132,0.09521700620017715
0.8498217468805704,0.02807486631016043,0.02807486631016043,0.09402852049910873
0.8570163789287295,0.027003098716246128,0.025232403718459494,0.09074811863656485
0.8535286284953395,0.026187305814469597,0.028406569019085663,0.09187749667110519
0.8490901020861075,0.026187305814469597,0.03062583222370173,0.09409675987572126
0.8464637421665174,0.025962399283795883,0.03222918531781558,0.09534467323187108
0.8469433288710397,0.02900490852298081,0.030789825970548863,0.09326193663543061
0.8415710503089144,0.028684907325684024,0.03574580759046778,0.0939982347749338
0.844097995545657,0.027171492204899776,0.032516703786191536,0.09621380846325167
0.8471537427162708,0.02734199910354101,0.03047960555804572,0.09502465262214253
0.8513453903837671,0.026025584472871635,0.02999558888398765,0.09263343625937362
0.8503340757238307,0.026280623608017816,0.032071269487750555,0.09131403118040089
0.8506867523260966,0.027913159060700046,0.03190075321222862,0.08949933540097474
0.8472468916518651,0.02797513321492007,0.03330373001776199,0.09147424511545293
0.8487695749440716,0.02953020134228188,0.03131991051454139,0.09038031319910514
0.8453427065026362,0.02899824253075571,0.031195079086115993,0.09446397188049209
0.8408888888888889,0.03244444444444444,0.03288888888888889,0.09377777777777778
0.8393485915492958,0.03477112676056338,0.03301056338028169,0.09286971830985916
0.8399288572698977,0.036905291240551356,0.03379279679857715,0.08937305469097377
0.8459483526268923,0.0365093499554764,0.03428317008014248,0.08325912733748887
0.8488731771984092,0.035793194874060984,0.03225806451612903,0.0830755634114008
0.8521158129175946,0.03518930957683741,0.03429844097995546,0.07839643652561247
0.8539526574363555,0.034836980794997766,0.033497096918267084,0.07771326485037963
0.8556928508384819,0.03398058252427184,0.03265666372462489,0.07766990291262135
0.8606853020739405,0.032010820559062216,0.032912533814247066,0.07439134355275022
0.8642857142857143,0.033035714285714286,0.032589285714285716,0.07008928571428572
0.8655649843680214,0.0321572130415364,0.0321572130415364,0.07012058954890577
0.8652734548688306,0.03334815473543797,0.031124944419742107,0.07025344597598933
0.8645132346343651,0.033647375504710635,0.03095558546433378,0.0708838043965904
0.863677130044843,0.03183856502242152,0.030493273542600896,0.07399103139013453
0.8549176680017802,0.03426791277258567,0.03426791277258567,0.07654650645304852
0.8537777777777777,0.03155555555555556,0.035111111111111114,0.07955555555555556
0.8607764390896921,0.03034359660865685,0.031236055332440876,0.07764390896921017
0.855565371024735,0.030477031802120143,0.03356890459363958,0.0803886925795053
0.8508189464364763,0.03275785745905268,0.03497122620628597,0.08145196989818504
0.8487282463186078,0.03435966086568496,0.03435966086568496,0.0825524319500223
0.8509977827050997,0.03370288248337029,0.03370288248337029,0.08159645232815965
0.8528622540250447,0.03398926654740608,0.03309481216457961,0.08005366726296959
