R,A,S,N
0.0,1.0,0.0,0.0
0.0,0.6666666666666666,0.0,0.3333333333333333
0.25,0.5,0.0,0.25
0.5,0.3333333333333333,0.0,0.16666666666666666
0.3333333333333333,0.5,0.0,0.16666666666666666
0.2857142857142857,0.5714285714285714,0.0,0.14285714285714285
0.14285714285714285,0.7142857142857143,0.0,0.14285714285714285
0.125,0.75,0.125,0.0
0.25,0.625,0.125,0.0
0.25,0.5,0.25,0.0
0.3333333333333333,0.3333333333333333,0.3333333333333333,0.0
0.4166666666666667,0.25,0.3333333333333333,0.0
0.5,0.21428571428571427,0.2857142857142857,0.0
0.6470588235294118,0.17647058823529413,0.17647058823529413,0.0
0.7142857142857143,0.14285714285714285,0.14285714285714285,0.0
0.7037037037037037,0.18518518518518517,0.1111111111111111,0.0
0.7058823529411765,0.11764705882352941,0.11764705882352941,0.058823529411764705
0.7317073170731707,0.0975609756097561,0.0975609756097561,0.07317073170731707
0.7115384615384616,0.07692307692307693,0.07692307692307693,0.1346153846153846
0.7049180327868853,0.06557377049180328,0.08196721311475409,0.14754098360655737
0.7391304347826086,0.043478260869565216,0.07246376811594203,0.14492753623188406
0.7528089887640449,0.033707865168539325,0.0449438202247191,0.16853932584269662
0.7383177570093458,0.028037383177570093,0.04672897196261682,0.18691588785046728
0.7280701754385965,0.03508771929824561,0.043859649122807015,0.19298245614035087
0.7338129496402878,0.02877697841726619,0.03597122302158273,0.2014388489208633
0.7300613496932515,0.018404907975460124,0.03067484662576687,0.22085889570552147
0.7087912087912088,0.016483516483516484,0.027472527472527472,0.24725274725274726
0.7177033492822966,0.014354066985645933,0.019138755980861243,0.24880382775119617
0.7236842105263158,0.013157894736842105,0.021929824561403508,0.2412280701754386
0.7137404580152672,0.011450381679389313,0.019083969465648856,0.25572519083969464
0.6946308724832215,0.013422818791946308,0.016778523489932886,0.2751677852348993
0.7039274924471299,0.015105740181268883,0.00906344410876133,0.2719033232628399
0.6821917808219178,0.01643835616438356,0.00821917808219178,0.29315068493150687
0.6666666666666666,0.021897810218978103,0.009732360097323601,0.30170316301703165
0.6530172413793104,0.028017241379310345,0.008620689655172414,0.3103448275862069
0.638996138996139,0.04054054054054054,0.009652509652509652,0.3108108108108108
0.631762652705061,0.03664921465968586,0.010471204188481676,0.32111692844677137
0.6199376947040498,0.03426791277258567,0.00778816199376947,0.338006230529595
0.620253164556962,0.03375527426160337,0.008438818565400843,0.33755274261603374
0.6152832674571805,0.030303030303030304,0.007905138339920948,0.3465085638998682
0.5943627450980392,0.029411764705882353,0.004901960784313725,0.3713235294117647
0.5936794582392777,0.024830699774266364,0.004514672686230248,0.37697516930022573
0.5798319327731093,0.023109243697478993,0.0063025210084033615,0.3907563025210084
0.5715667311411993,0.02321083172147002,0.007736943907156673,0.39748549323017407
0.5698427382053654,0.020351526364477335,0.009250693802035153,0.4005550416281221
0.5608465608465608,0.020282186948853614,0.010582010582010581,0.40828924162257496
0.5630743525480367,0.020050125313283207,0.01086048454469507,0.40601503759398494
0.5644268774703557,0.02292490118577075,0.009486166007905139,0.4031620553359684
0.555640828856485,0.022256331542594012,0.012279355333844973,0.409823484267076
0.5489766081871345,0.021929824561403508,0.014619883040935672,0.4144736842105263
0.5418410041841004,0.02092050209205021,0.013249651324965132,0.42398884239888424
0.541969596827495,0.020489094514210177,0.014540647719762063,0.4230006609385327
0.5270780856423174,0.022670025188916875,0.01700251889168766,0.4332493702770781
0.5118685331710287,0.023128423615337797,0.018259281801582473,0.44674376141205113
0.5133876600698487,0.020954598370197905,0.015133876600698487,0.45052386495925495
0.50390625,0.022879464285714284,0.016183035714285716,0.45703125
0.49089935760171305,0.025160599571734475,0.018201284796573874,0.4657387580299786
0.4910759816420194,0.022437531871494134,0.018867924528301886,0.4676185619581846
0.49368367862556845,0.023749368367862556,0.017180394138453764,0.4653865588681152
0.4869650762420069,0.023610427939006393,0.01721593703885883,0.4722085587801279
0.4811776061776062,0.023166023166023165,0.017374517374517374,0.4782818532818533
0.47980997624703087,0.022327790973871733,0.018052256532066508,0.47980997624703087
0.4748134328358209,0.024253731343283583,0.02005597014925373,0.4808768656716418
0.484375,0.027573529411764705,0.017003676470588234,0.4710477941176471
0.48188904172397984,0.0307198532783127,0.016964695093993582,0.47042640990371387
0.4778032036613272,0.031121281464530894,0.017391304347826087,0.47368421052631576
0.4783588818755636,0.029305680793507663,0.01848512173128945,0.4738503155996393
0.47725204731574156,0.028662420382165606,0.01910828025477707,0.4749772520473157
0.48319709355131696,0.02815622161671208,0.019981834695731154,0.46866485013623976
0.4779929577464789,0.027288732394366196,0.02068661971830986,0.47403169014084506
0.4798387096774194,0.027329749103942653,0.023297491039426525,0.46953405017921146
0.4853982300884956,0.028761061946902654,0.02256637168141593,0.4632743362831858
0.4864504664593514,0.03331852509995557,0.024433585073300755,0.45579742336739226
0.48427115640230395,0.03677447939743022,0.024368630926007974,0.4545857332742579
0.4788546255506608,0.03832599118942731,0.024669603524229075,0.4581497797356828
0.4864384170742552,0.035126722987994664,0.02401067140951534,0.4544241885282348
0.47726269315673286,0.03576158940397351,0.02384105960264901,0.4631346578366446
0.475,0.03482142857142857,0.025892857142857145,0.4642857142857143
0.4819919964428635,0.03201422854602046,0.02712316585148955,0.4588706091596265
0.4833407374500222,0.03243003109729009,0.027099067081297203,0.4571301643713905
0.4854586129753915,0.032662192393736016,0.02505592841163311,0.45682326621923935
0.48938992042440316,0.03359858532272325,0.023872679045092837,0.4531388152077807
0.4905745062836625,0.033662477558348294,0.02378815080789946,0.4519748653500898
0.4871679423683026,0.033318325078793336,0.0225123818099955,0.4570013507429086
0.5013392857142858,0.033482142857142856,0.021875,0.4433035714285714
0.49423247559893524,0.03194321206743567,0.022626441881100266,0.45119787045252885
0.49577965348733893,0.03198578409595735,0.019546868058640605,0.4526876943580631
0.4993282579489476,0.03358710255261979,0.019704433497536946,0.4473802060008957
0.4928762243989314,0.035173642030276044,0.0213713268032057,0.4505788067675868
0.5057777777777778,0.036444444444444446,0.019555555555555555,0.43822222222222224
0.5011008366358433,0.03478643769264641,0.020695728753852928,0.4434169969176574
0.5019902697921274,0.03582485625829279,0.021229544449358692,0.44095532950022115
0.5022241992882562,0.037366548042704624,0.023131672597864767,0.4372775800711744
0.49601417183348095,0.03720106288751107,0.023472099202834367,0.4433126660761736
0.5080142475512022,0.03695458593054319,0.023597506678539625,0.43143365983971504
0.5081104778605875,0.03682595352915388,0.024550635686102586,0.43051293292415604
0.5062388591800356,0.039661319073083776,0.023618538324420676,0.4304812834224599
0.5008857395925598,0.03808680248007086,0.024357838795394153,0.4366696191319752
0.5055728934462773,0.03700401248328132,0.024966562639322336,0.43245653143111906
0.4979793444095195,0.039964077233947015,0.025145936237090254,0.4369106421194432
0.5046728971962616,0.03960836671117045,0.02403204272363151,0.43168669336893634
0.5,0.03804834377797672,0.023276633840644583,0.4386750223813787
0.5116487455197133,0.03718637992831541,0.023297491039426525,0.42786738351254483
0.5106477373558119,0.03948535936113576,0.023070097604259095,0.42679680567879325
0.512184315463004,0.03943287549844927,0.023925564909171467,0.4244572441293753
0.5123674911660777,0.04151943462897526,0.02429328621908127,0.4218197879858657
0.5040106951871658,0.040998217468805706,0.02406417112299465,0.43092691622103385
0.5097087378640777,0.03927625772285966,0.023389232127096204,0.4276257722859665
0.5118942731277533,0.04185022026431718,0.02555066079295154,0.42070484581497797
0.5128318584070797,0.04247787610619469,0.02743362831858407,0.4172566371681416
0.5101950354609929,0.041666666666666664,0.026152482269503546,0.4219858156028369
0.5190771960958296,0.040372670807453416,0.030612244897959183,0.40993788819875776
0.5236818588025023,0.041108132260947276,0.031724754244861486,0.403485254691689
0.5175321793164669,0.040834442964935644,0.032845095428317796,0.40878828229027964
0.522202486678508,0.04218472468916518,0.03152753108348135,0.40408525754884544
0.5246195165622203,0.044315129811996416,0.02909579230080573,0.40196956132497763
0.5239786856127886,0.04262877442273535,0.02708703374777975,0.40630550621669625
0.5276292335115864,0.040106951871657755,0.027183600713012478,0.4050802139037433
0.5274921770227984,0.041573535985695124,0.027715690657130084,0.4032185963343764
0.5232142857142857,0.04107142857142857,0.02544642857142857,0.41026785714285713
0.5272485600354453,0.03943287549844927,0.023925564909171467,0.409392999556934
0.5287817938420348,0.03971441320838911,0.0249888442659527,0.40651494868362337
0.5258928571428572,0.04107142857142857,0.027678571428571427,0.40535714285714286
0.5291741472172352,0.043536804308797125,0.027378815080789945,0.3999102333931777
0.5232815964523282,0.04567627494456763,0.0270509977827051,0.4039911308203991
0.5246776345042241,0.04357492218763895,0.025344597598932858,0.4064028457092041
0.5283608753907995,0.04198302813756141,0.02456453774006253,0.4050915587315766
0.5405647691618108,0.043030031376064544,0.023756163155535633,0.392649036306589
0.5326521545979565,0.0444247001332741,0.02221235006663705,0.4007107952021324
0.5341061078912172,0.04458314757021846,0.0231832367365136,0.3981275078020508
0.533303730017762,0.044849023090586145,0.019982238010657193,0.4018650088809947
0.5372670807453416,0.04480922803904171,0.019964507542147295,0.3979591836734694
0.5404804270462633,0.04848754448398576,0.02090747330960854,0.39012455516014233
0.5416479063484917,0.05042773525438991,0.01981089599279604,0.3881134624043224
0.5416481069042316,0.04899777282850779,0.02093541202672606,0.38841870824053454
0.5512820512820513,0.04774535809018567,0.023430592396109638,0.3775419982316534
0.5483156028368794,0.05053191489361702,0.02349290780141844,0.3776595744680851
0.5518319928507596,0.04870420017873101,0.022341376228775692,0.3771224307417337
0.5537777777777778,0.048,0.02311111111111111,0.3751111111111111
0.5505567928730513,0.0467706013363029,0.023608017817371936,0.37906458797327397
0.5453736654804271,0.04848754448398576,0.025800711743772242,0.38033807829181493
0.5481580115401686,0.048823790501553485,0.02529960053262317,0.37771859742565467
0.5415002219263204,0.047936085219707054,0.023968042609853527,0.38659565024411896
0.54405784003615,0.047446904654315405,0.021690013556258474,0.3868052417532761
0.5435555555555556,0.04666666666666667,0.022222222222222223,0.38755555555555554
0.5509115162294353,0.044019564250778125,0.020008892841262782,0.3850600266785238
0.5511741249446167,0.042977403633141335,0.0203810367744794,0.3854674346477625
0.5585505965532479,0.039770216526734424,0.02342023862129916,0.37825894829871853
0.5532768613464111,0.04190815871600535,0.02541239411502452,0.3794025858225591
0.5545735749005745,0.03844454264250994,0.02562969509500663,0.38135218736190896
0.5623046002679768,0.03841000446627959,0.025011165698972757,0.37427422956677087
0.5542328042328042,0.03747795414462081,0.02292768959435626,0.3853615520282187
0.5615044247787611,0.03716814159292035,0.02079646017699115,0.3805309734513274
0.5558510638297872,0.03900709219858156,0.02171985815602837,0.38342198581560283
0.5641711229946524,0.03877005347593583,0.021836007130124777,0.375222816399287
0.5697263901147396,0.038834951456310676,0.02294792586054722,0.3684907325684025
0.5661047027506655,0.0385980479148181,0.023513753327417924,0.3717834960070985
0.5599467140319716,0.03641207815275311,0.02486678507992895,0.37877442273534634
0.561662198391421,0.034405719392314564,0.025915996425379804,0.3780160857908847
0.5640911121036177,0.036176864671728454,0.02456453774006253,0.37516748548459133
0.5637406263784738,0.03396559329510366,0.025143361270401413,0.37715041905602115
0.5578806767586821,0.03561887800534283,0.02715939447907391,0.37934105075690117
0.5595344673231871,0.03491495076096687,0.025514771709937333,0.3800358102059087
0.5575730735163862,0.038529672276350756,0.024800708591674048,0.37909654561558903
0.5625835189309577,0.0378619153674833,0.024944320712694878,0.37461024498886414
0.5688195991091314,0.039198218262806235,0.021380846325167038,0.3706013363028953
0.5709849157054127,0.03992901508429459,0.022182786157941437,0.36690328305235137
0.5733452593917711,0.03980322003577817,0.024150268336314847,0.362701252236136
0.5804571940833707,0.03675481846705513,0.025549081129538322,0.35723890632003585
0.5851254480286738,0.03718637992831541,0.025985663082437275,0.3517025089605735
0.5850826261723984,0.036176864671728454,0.026351049575703438,0.3523894595801697
0.5898825654923215,0.03387533875338753,0.026196928635953028,0.35004516711833783
0.5836314847942755,0.03488372093023256,0.024150268336314847,0.3573345259391771
0.5846702317290553,0.03342245989304813,0.02540106951871658,0.35650623885918004
0.5952804986642921,0.03294746215494212,0.02404274265360641,0.3477292965271594
0.5932504440497336,0.03197158081705151,0.023090586145648313,0.35168738898756663
0.5964444444444444,0.03288888888888889,0.02311111111111111,0.34755555555555556
0.6032243618450515,0.033139274518584866,0.02373488580385132,0.3399014778325123
0.6010661928031986,0.03509551310528654,0.025322079075966238,0.3385162150155486
0.6039735099337749,0.032229580573951436,0.027373068432671083,0.33642384105960266
0.6099195710455764,0.03351206434316354,0.027256478999106343,0.3293118856121537
0.6140969162995594,0.03127753303964758,0.028193832599118944,0.326431718061674
0.616785079928952,0.03152753108348135,0.02664298401420959,0.325044404973357
0.6182553956834532,0.03282374100719424,0.025629496402877698,0.3232913669064748
0.6201793721973095,0.03273542600896861,0.025560538116591928,0.32152466367713006
0.6287878787878788,0.031194295900178252,0.026292335115864526,0.3137254901960784
0.6333630686886709,0.030330062444246207,0.025423728813559324,0.31088314005352363
0.6279275298276624,0.03049049933716306,0.02342023862129916,0.3181617322138754
0.629973474801061,0.030061892130857647,0.022104332449160036,0.3178603006189213
0.6299422478898268,0.028431808085295423,0.023989338071968014,0.3176366059529098
0.6287477954144621,0.031746031746031744,0.02292768959435626,0.3165784832451499
0.6302408563782337,0.03166815343443354,0.02230151650312221,0.3157894736842105
0.6345646437994723,0.030782761653474055,0.020668425681618294,0.31398416886543534
0.6326803205699021,0.03294746215494212,0.020926090828138913,0.3134461264470169
0.6384205856255546,0.032830523513753325,0.02040816326530612,0.308340727595386
0.6354723707664884,0.034759358288770054,0.020053475935828877,0.30971479500891264
0.6353935082258781,0.035126722987994664,0.020453534904401955,0.30902623388172523
0.6364448414470746,0.033497096918267084,0.0241179097811523,0.30594015185350604
0.6397156819191471,0.03109729009329187,0.025322079075966238,0.3038649489115948
0.6418979409131602,0.03312444046553268,0.026410026857654433,0.29856759176365266
0.6498436802143814,0.03305046895935686,0.026797677534613668,0.29030817329164804
0.6495347806823216,0.034116083296411165,0.0256978289765175,0.2906513070447497
0.6455471865307931,0.03234381922906513,0.024368630926007974,0.2977403633141338
0.6465095598043575,0.035571365051133834,0.024899955535793685,0.29301911960871496
0.6498661909009813,0.03256021409455843,0.025869759143621766,0.29170383586083853
0.6495347806823216,0.03322995126273815,0.02968542312804608,0.2875498449268941
0.6520963425512935,0.03300624442462088,0.029438001784121322,0.2854594112399643
0.6493039964077234,0.03502469690166143,0.02828917826672654,0.28738212842388866
0.6546985815602837,0.0350177304964539,0.026152482269503546,0.2841312056737589
0.6503742844561867,0.035667107001321,0.02509907529722589,0.2888595332452664
0.6505970809376382,0.03538257408226449,0.025210084033613446,0.2888102609464839
0.6519629466254963,0.036612262902514334,0.02646669607410675,0.28495809439788267
0.6516703786191537,0.0378619153674833,0.026726057906458798,0.2837416481069042
0.6487088156723063,0.04007123775601069,0.02626892252894034,0.28495102404274264
0.661504424778761,0.03761061946902655,0.02743362831858407,0.2734513274336283
0.6597528684907326,0.037069726390114736,0.029567519858781994,0.2736098852603707
0.664423508299686,0.03768506056527591,0.028712427097353072,0.2691790040376851
0.6619531595227574,0.03844454264250994,0.031816173221387536,0.2677861246133451
0.6665172568354998,0.03854773644105782,0.030927835051546393,0.264007171671896
0.6642761093679964,0.03854773644105782,0.029134917077543704,0.26804123711340205
0.6638392857142857,0.0375,0.028125,0.27053571428571427
0.6712818222420723,0.03930326038410004,0.029030817329164807,0.2603841000446628
0.6772180115916183,0.038341506910387874,0.028533214444939812,0.25590726705305394
0.6763925729442971,0.038903625110521665,0.028735632183908046,0.25596816976127323
0.6824264049955397,0.039250669045495096,0.028545941123996433,0.24977698483496877
0.6815371024734982,0.037985865724381625,0.030035335689045935,0.2504416961130742
0.684,0.03688888888888889,0.029777777777777778,0.24933333333333332
0.6869991095280499,0.035173642030276044,0.029385574354407838,0.24844167408726625
0.6922733363108531,0.03394372487717731,0.029477445288075034,0.2443054935238946
0.6871681415929204,0.03584070796460177,0.02920353982300885,0.24778761061946902
0.689316048278945,0.03352704514975414,0.028609745194456863,0.248547161376844
0.6884805020170327,0.03272075302554908,0.027790228597041687,0.2510085163603765
0.6963327370304114,0.03354203935599284,0.025491949910554562,0.24463327370304114
0.6945438282647585,0.03756708407871199,0.0259391771019678,0.24194991055456172
0.6898086337338674,0.03871829105473965,0.0267022696929239,0.24477080551846908
0.691117984975696,0.03844454264250994,0.0273972602739726,0.24304021210782148
0.6843286933093848,0.03951504265828469,0.02918724741805119,0.2469690166142793
0.6862393545495293,0.039444195428059166,0.03047960555804572,0.24383684446436577
0.6901785714285714,0.03660714285714286,0.030357142857142857,0.24285714285714285
0.6912751677852349,0.038926174496644296,0.02774049217002237,0.24205816554809845
0.6949078138718174,0.03775241439859526,0.026777875329236173,0.2405618964003512
0.6928922664282521,0.04112650871703174,0.02682163611980331,0.23915958873491283
0.6954787234042553,0.041666666666666664,0.026152482269503546,0.23670212765957446
0.7008433200177541,0.03994673768308921,0.02663115845539281,0.23257878384376388
0.6988005330964016,0.040870724122612175,0.02621057307863172,0.23411816970235452
0.6956521739130435,0.04168534289556253,0.026445540116539667,0.23621694307485433
0.7000887311446318,0.0385980479148181,0.025288376220053237,0.2360248447204969
0.7026907807675342,0.037935597706219674,0.027348919276576972,0.23202470224966917
0.7036541889483066,0.03832442067736185,0.0285204991087344,0.22950089126559714
0.7012758468983722,0.03739551253849538,0.029476462824461064,0.23185217773867137
0.7066134043497558,0.03595206391478029,0.02885042166000888,0.22858411007545495
0.7123715944618133,0.03796337650736936,0.027244305493523895,0.22242072353729345
0.7136524822695035,0.03723404255319149,0.028368794326241134,0.22074468085106383
0.7127096204766108,0.037069726390114736,0.02559576345984113,0.22462488967343336
0.7133956386292835,0.03827325322652426,0.024477080551846907,0.22385402759234535
0.7204636647347302,0.03744984395898351,0.024074899687917966,0.21801159161836825
0.7238772787905736,0.03646064917741218,0.02267674522009782,0.2169853268119164
0.7198768689533861,0.03605980650835532,0.025505716798592787,0.2185576077396658
0.7238307349665924,0.03697104677060133,0.023162583518930958,0.21603563474387527
0.7309915518008003,0.035126722987994664,0.02401067140951534,0.20987105380168963
0.7294170004450379,0.036048064085447265,0.02358700489541611,0.2109479305740988
0.7238307349665924,0.03652561247216036,0.024053452115812918,0.2155902004454343
0.7303571428571428,0.03794642857142857,0.021875,0.20982142857142858
0.7313499111900533,0.03818827708703375,0.021758436944937832,0.20870337477797513
0.7428825622775801,0.03558718861209965,0.020462633451957295,0.20106761565836298
0.7397868561278863,0.03641207815275311,0.020870337477797513,0.20293072824156305
0.7360428762840554,0.038856632425189816,0.02188476998660116,0.20321572130415363
0.7434647762516615,0.03677447939743022,0.022153300841825433,0.19760744350908285
0.7425786442179885,0.03898980948161276,0.02303943287549845,0.19539211342490032
0.7422541535698248,0.039964077233947015,0.025145936237090254,0.19263583295913786
0.7457551385165326,0.03842716711349419,0.025022341376228777,0.19079535299374442
0.7533452274754683,0.036574487065120426,0.023639607493309546,0.1864406779661017
0.7555358724534986,0.03675819309123118,0.023914968999114262,0.1837909654561559
0.7564674397859055,0.03568242640499554,0.023639607493309546,0.18421052631578946
0.7527740790057701,0.03683976919662672,0.02174877940523746,0.18863737239236572
0.7529670329670329,0.03736263736263736,0.02197802197802198,0.18769230769230769
0.75022143489814,0.03941541186891054,0.024357838795394153,0.18600531443755536
0.7543237250554323,0.040798226164079826,0.02261640798226164,0.18226164079822615
0.7515638963360143,0.0388739946380697,0.022341376228775692,0.1872207327971403
0.7498881431767338,0.03758389261744966,0.02505592841163311,0.18747203579418345
0.7531362007168458,0.036290322580645164,0.024193548387096774,0.1863799283154122
0.7598770851624231,0.038191395961369626,0.0228270412642669,0.1791044776119403
0.7577916295636687,0.03829029385574354,0.02226179875333927,0.18165627782724844
0.7590200445434299,0.03652561247216036,0.022271714922048998,0.1821826280623608
0.758359340169416,0.036558181007579134,0.02139991083370486,0.18368256798930005
0.759375,0.03482142857142857,0.017857142857142856,0.18794642857142857
0.7652561247216035,0.03429844097995546,0.017817371937639197,0.18262806236080179
0.7659384752563531,0.03522068658047258,0.01560410164957646,0.18323673651359787
0.7712765957446809,0.034131205673758866,0.01551418439716312,0.17907801418439717
0.7665335108743897,0.03417665335108744,0.014647137150466045,0.1846426986240568
0.76650420912716,0.033673017279574655,0.017722640673460344,0.18210013291980506
0.7745846430175124,0.030085316569375842,0.018859452177817693,0.17647058823529413
0.7775784753363228,0.029596412556053813,0.018385650224215247,0.17443946188340806
0.770593445527015,0.03100088573959256,0.01771479185119575,0.18069087688219662
0.7739938080495357,0.03007518796992481,0.01813356921716055,0.17779743476337903
0.7723394701392007,0.03143242029636282,0.020655590480466997,0.17557251908396945
0.7706013363028953,0.03429844097995546,0.020489977728285078,0.17461024498886416
0.7726669615214506,0.034055727554179564,0.019902697921273773,0.17337461300309598
0.7724471830985915,0.03169014084507042,0.01936619718309859,0.17649647887323944
0.7751869775626925,0.03167619885613726,0.01671799384073911,0.17641882974043116
0.7741648106904232,0.03296213808463252,0.017817371937639197,0.17505567928730512
0.7780229479258606,0.032215357458075904,0.019417475728155338,0.1703442188879082
0.7703834288232702,0.03349493168796827,0.021154693697664168,0.1749669457910974
0.7772364924712135,0.030558015943312665,0.021257750221434897,0.17094774136403898
0.7810443176831944,0.028082492321193506,0.020623080298376482,0.17025010969723564
0.7802829354553492,0.03050397877984085,0.019451812555260833,0.16976127320954906
0.7762516614975631,0.03322995126273815,0.0203810367744794,0.17013735046521933
0.7742653606411398,0.032056990204808546,0.02226179875333927,0.1714158504007124
0.7829388119696293,0.02992407324698526,0.019205002233139794,0.16793211255024565
0.7888143176733781,0.02953020134228188,0.019686800894854587,0.16196868008948545
0.7900088417329797,0.028735632183908046,0.01768346595932803,0.16357206012378425
0.7836153161175423,0.02894033837934105,0.021816562778272486,0.16562778272484416
0.7880676758682101,0.02715939447907391,0.023597506678539625,0.1611754229741763
0.7854286983562861,0.02665482007996446,0.023545091070635273,0.16437139049311417
0.77960088691796,0.027937915742793792,0.02350332594235033,0.16895787139689578
0.7817861856577211,0.028596568411790584,0.026396832380114386,0.16322041355037395
0.785303231518371,0.0283311199645861,0.02611775121735281,0.16024789729969013
0.7821869488536155,0.026895943562610228,0.0291005291005291,0.16181657848324515
0.7881729920564872,0.02736098852603707,0.028684907325684024,0.1557811120917917
0.7875555555555556,0.024444444444444446,0.02666666666666667,0.16133333333333333
0.7948375611927013,0.0267022696929239,0.024477080551846907,0.15398308856252782
0.7938693913816082,0.027543314082629944,0.025322079075966238,0.15326521545979566
0.7906666666666666,0.027555555555555555,0.02666666666666667,0.15511111111111112
0.795837023914969,0.0283436669619132,0.027015057573073518,0.1488042515500443
0.7924778761061947,0.03274336283185841,0.027876106194690265,0.14690265486725665
0.788041053101294,0.03302097278000892,0.02677376171352075,0.15216421240517625
0.7927807486631016,0.03163992869875223,0.027183600713012478,0.1483957219251337
0.7916481563749445,0.03198578409595735,0.02665482007996446,0.14971123944913373
0.793551276309897,0.03179579041648007,0.02821316614420063,0.1464397671294223
0.8005284015852048,0.030823425803610745,0.02906208718626156,0.13958608542492293
0.8017699115044248,0.033185840707964605,0.027876106194690265,0.13716814159292035
0.802772808586762,0.03309481216457961,0.026833631484794274,0.13729874776386405
0.8028545941123997,0.03479036574487065,0.02631578947368421,0.1360392506690455
0.8095024652622143,0.03451367099955177,0.024204392649036306,0.13177947108919766
0.8150442477876106,0.033185840707964605,0.024336283185840708,0.12743362831858407
0.8193091231178034,0.034986713906111605,0.023914968999114262,0.12178919397697077
0.8198398576512456,0.035142348754448396,0.023576512455516015,0.12144128113879003
0.8256227758007118,0.03291814946619217,0.022686832740213523,0.11877224199288257
0.8278291501541172,0.03346543372963452,0.021136063408190225,0.11756935270805813
0.8314855875831486,0.03503325942350333,0.01951219512195122,0.1139689578713969
0.8327402135231317,0.033807829181494664,0.018683274021352312,0.11476868327402136
0.8334805653710248,0.03136042402826855,0.022084805653710248,0.11307420494699646
0.833112582781457,0.030022075055187638,0.02119205298013245,0.11567328918322296
0.830948121645796,0.026833631484794274,0.02101967799642218,0.12119856887298748
0.8305913739439751,0.027567807914628723,0.020898176967541128,0.12094264117385504
0.8328924162257496,0.02821869488536155,0.020282186948853614,0.11860670194003527
0.8348868175765646,0.02574345317354638,0.020861074123391034,0.118508655126498
0.8359858532272325,0.023872679045092837,0.023430592396109638,0.11671087533156499
0.827846975088968,0.023576512455516015,0.025800711743772242,0.12277580071174377
0.8332592263228101,0.0213428190306803,0.026678523788350377,0.11871943085815918
0.8285968028419183,0.022202486678507993,0.02886323268206039,0.12033747779751332
0.8347326557666814,0.021652673442333185,0.02828104286345559,0.11533362792752982
0.8308103294746215,0.02226179875333927,0.02894033837934105,0.11798753339269813
0.8306666666666667,0.022222222222222223,0.030666666666666665,0.11644444444444445
0.8390134529147982,0.021076233183856503,0.02914798206278027,0.11076233183856503
0.8316166592028661,0.020600089565606806,0.02821316614420063,0.11957008508732647
0.8348214285714286,0.024107142857142858,0.025892857142857145,0.11517857142857142
0.8410507569011576,0.023597506678539625,0.02404274265360641,0.11130899376669635
0.8394515701017249,0.026094648385670056,0.02476780185758514,0.1096859796550199
0.8438053097345133,0.025221238938053097,0.023008849557522124,0.1079646017699115
0.847971466785555,0.023629068212215783,0.020954079358002677,0.10744538564422648
0.8442982456140351,0.02587719298245614,0.02236842105263158,0.1074561403508772
0.8439434129089302,0.023872679045092837,0.02431476569407604,0.10786914235190097
0.8461195361284567,0.02408563782337199,0.022747546833184657,0.10704727921498662
0.84472049689441,0.025732031943212066,0.021739130434782608,0.10780834072759539
0.8420820467578297,0.02690780767534186,0.0211733568592854,0.10983678870754301
0.8402498884426596,0.0285586791610888,0.020080321285140562,0.1111111111111111
0.8438612099644128,0.02802491103202847,0.02001779359430605,0.10809608540925267
0.844097995545657,0.026280623608017816,0.02271714922048998,0.10690423162583519
0.8451208594449419,0.02730528200537153,0.022829006266786033,0.10474485228290063
0.8455031166518254,0.024933214603739984,0.02226179875333927,0.10730186999109528
0.8420353982300885,0.02743362831858407,0.023451327433628318,0.10707964601769912
0.8403923316986179,0.03165403477485511,0.02229157378510923,0.10566205974141775
0.8333333333333334,0.03280141843971631,0.022606382978723406,0.11125886524822695
0.8419642857142857,0.030357142857142857,0.023660714285714285,0.10401785714285715
0.8396811337466785,0.032329495128432244,0.021700620017714792,0.10628875110717449
0.8376940133037694,0.03237250554323725,0.022172949002217297,0.10776053215077605
0.8423127463863338,0.032413491020586944,0.022339027595269383,0.1029347349978099
0.8413120567375887,0.03368794326241135,0.02304964539007092,0.10195035460992907
0.8387953941541186,0.03277236492471213,0.024800708591674048,0.10363153232949512
0.8373947718210013,0.033673017279574655,0.024368630926007974,0.10456357997341603
0.8348095659875997,0.03365810451727192,0.025243578387953942,0.10628875110717449
0.837219730941704,0.034080717488789235,0.025112107623318385,0.10358744394618834
0.8425760286225402,0.03220035778175313,0.023255813953488372,0.10196779964221825
0.8450266429840142,0.02975133214920071,0.023090586145648313,0.10213143872113677
0.8488063660477454,0.03094606542882405,0.022104332449160036,0.09814323607427056
0.8497547926883638,0.03120820329915292,0.02229157378510923,0.09674543022737406
0.8510922871154704,0.029424877396344182,0.021845742309407043,0.09763709317877842
0.855935971542908,0.028901734104046242,0.020453534904401955,0.09470875944864385
0.8562555456965395,0.030168589174800354,0.019077196095829637,0.09449866903283052
0.8591928251121076,0.029596412556053813,0.01883408071748879,0.09237668161434978
0.8618391825855175,0.029320302087960905,0.019546868058640605,0.08929364726788094
0.8621766280107047,0.03166815343443354,0.018287243532560213,0.08786797502230152
0.8600967883853937,0.03255609326880774,0.02111746590409151,0.086229652441707
0.859796550199027,0.03228659885006634,0.022998673153471916,0.08491817779743477
0.8589973142345568,0.03178155774395703,0.024171888988361683,0.08504923903312445
0.8595152603231598,0.03321364452423698,0.02423698384201077,0.08303411131059246
0.8565683646112601,0.03351206434316354,0.025022341376228777,0.08489722966934764
0.8570151921358355,0.03306523681858802,0.02546916890080429,0.08445040214477212
0.8540829986613119,0.03435966086568496,0.025435073627844713,0.08612226684515842
0.8541574032903513,0.036905291240551356,0.024455313472654512,0.08448199199644287
0.8594713656387665,0.03656387665198238,0.022466960352422908,0.08149779735682819
0.8546020453534905,0.0377945753668297,0.023566029346376166,0.0840373499333037
0.8597106532222709,0.03594914511179308,0.020604997807978958,0.08373520385795703
0.8611357586512866,0.03327417923691216,0.021739130434782608,0.08385093167701864
0.8603723404255319,0.031914893617021274,0.02171985815602837,0.08599290780141844
0.8603104212860311,0.031929046563192905,0.021286031042128603,0.08647450110864745
0.8640176600441501,0.033554083885209716,0.02075055187637969,0.08167770419426049
0.8661069376933275,0.033583738400353516,0.0207688908528502,0.07954043305346885
0.8597203428055932,0.03337843933243121,0.023004059539918808,0.08389715832205684
0.8612975391498882,0.032214765100671144,0.02371364653243848,0.08277404921700224
0.8636161705908485,0.03243003109729009,0.021768103065304308,0.08218569524655708
0.8618361836183618,0.029252925292529253,0.023852385238523854,0.08505850585058505
0.8626839054837272,0.027641551493535442,0.02541239411502452,0.08426214890771289
0.8602581219403649,0.0267022696929239,0.024477080551846907,0.08856252781486426
0.8577777777777778,0.027555555555555555,0.024888888888888887,0.08977777777777778
0.8565042467590523,0.030844881537773806,0.024139472507822977,0.08851139919535092
0.8580357142857142,0.03080357142857143,0.022767857142857142,0.08839285714285715
0.8595706618962433,0.03264758497316637,0.020572450805008944,0.0872093023255814
0.8635761589403973,0.030463576158940398,0.018101545253863136,0.08785871964679912
0.8658698539176627,0.03010181496237273,0.02036299247454626,0.08366533864541832
0.8648049645390071,0.02969858156028369,0.020390070921985817,0.0851063829787234
0.8667258996001777,0.028431808085295423,0.018658374055975122,0.08618391825855176
0.8687802730074857,0.028621752531924262,0.017173051519154558,0.08542492294143549
0.8700665188470067,0.030598669623059866,0.016407982261640797,0.08292682926829269
0.872435325602141,0.029884032114183764,0.017395182872435324,0.08028545941123996
0.8682926829268293,0.031042128603104215,0.017738359201773836,0.08292682926829269
0.8712121212121212,0.03074866310160428,0.01871657754010695,0.07932263814616755
0.8751648351648351,0.02857142857142857,0.018461538461538463,0.0778021978021978
0.875716174526223,0.028206258263552227,0.01762891141472014,0.07844865579550463
0.8722172751558326,0.027604630454140695,0.017809439002671415,0.0823686553873553
0.8727678571428571,0.02544642857142857,0.01830357142857143,0.08348214285714285
0.8735632183908046,0.027409372236958444,0.018125552608311227,0.08090185676392574
0.8734009704455227,0.02646669607410675,0.01808557565063961,0.08204675782973092
0.8708961845607809,0.027506654835847383,0.018633540372670808,0.08296362023070097
0.8723877278790574,0.02712316585148955,0.01956425077812361,0.08092485549132948
0.8707088720463665,0.026749888542131076,0.018279090503789567,0.08426214890771289
0.8693309384822632,0.029636281993713515,0.01796138302649304,0.08307139649753031
0.8743853375055879,0.028609745194456863,0.018775145283862316,0.07822977201609298
0.8728963684676705,0.02967227635075288,0.019929140832595216,0.0775022143489814
0.8741166077738516,0.02959363957597173,0.01987632508833922,0.07641342756183746
0.874777183600713,0.028966131907308377,0.0196078431372549,0.0766488413547237
0.8760513501549358,0.0283311199645861,0.017264276228419653,0.07835325365205843
0.8742806551571491,0.0283311199645861,0.019477644975652943,0.07791057990261177
0.8759964570416298,0.0283436669619132,0.02037201062887511,0.07528786536758193
0.8741007194244604,0.02787769784172662,0.020233812949640287,0.07778776978417266
0.878692927484333,0.02730528200537153,0.020143240823634737,0.0738585496866607
0.8793410507569012,0.025823686553873553,0.020926090828138913,0.07390917186108638
0.882168458781362,0.025537634408602152,0.021057347670250897,0.07123655913978495
0.8829268292682927,0.02483370288248337,0.023059866962305987,0.06917960088691796
0.884323358642251,0.023671281822242072,0.02054488610987048,0.07146047342563644
0.8847699866011612,0.023224653863331845,0.020991514068780706,0.07101384546672622
0.8842199374161824,0.02548055431381314,0.018328118015198926,0.07197139025480555
0.8847352024922118,0.024477080551846907,0.016911437472185136,0.07387627948375612
0.8844109831709478,0.026572187776793623,0.017271922054915855,0.07174490699734277
0.8798758865248227,0.028368794326241134,0.018173758865248225,0.07358156028368794
0.8771073646850044,0.029724933451641525,0.01730257320319432,0.07586512866015972
0.8744454303460515,0.030168589174800354,0.02129547471162378,0.0740905057675244
0.8694309660344067,0.032642258491398325,0.024261138067931187,0.07366563740626378
0.8741197183098591,0.032570422535211266,0.022887323943661973,0.07042253521126761
0.8767245215843347,0.03204272363150868,0.024477080551846907,0.06675567423230974
0.8714096332302254,0.032699955810870526,0.024304021210782147,0.07158638974812197
0.8745567375886525,0.03324468085106383,0.023936170212765957,0.06826241134751773
0.875,0.033482142857142856,0.023660714285714285,0.06785714285714285
0.87855871886121,0.03202846975088968,0.024466192170818506,0.06494661921708185
0.88,0.029333333333333333,0.024888888888888887,0.06577777777777778
0.8745583038869258,0.030477031802120143,0.02429328621908127,0.0706713780918728
0.8756684491978609,0.028966131907308377,0.02540106951871658,0.06996434937611408
0.8797327394209354,0.029398663697104678,0.026280623608017816,0.0645879732739421
0.8829550511793502,0.0267022696929239,0.0262572318647085,0.06408544726301736
0.8818827708703375,0.02708703374777975,0.02664298401420959,0.06438721136767318
0.8799643016510487,0.027219991075412762,0.0249888442659527,0.0678268630075859
0.8791500664010624,0.02877379371403276,0.02478972996901284,0.06728640991589199
0.8780053428317008,0.02804986642920748,0.023597506678539625,0.07034728406055209
0.8726708074534162,0.02883762200532387,0.023513753327417924,0.07497781721384206
0.8767184035476718,0.03015521064301552,0.023059866962305987,0.07006651884700665
0.8765597147950089,0.03074866310160428,0.024509803921568627,0.06818181818181818
0.8745598591549296,0.032130281690140844,0.02464788732394366,0.06866197183098592
0.8751654168504631,0.030436700485222762,0.026025584472871635,0.06837229819144243
0.8772707133362871,0.031014621178555603,0.02259636685866194,0.06911829862649535
0.8795074758135444,0.029463500439753737,0.021547933157431837,0.06948109058927
0.8771073646850044,0.03149955634427684,0.02085181898846495,0.07054125998225377
0.8816725978647687,0.03113879003558719,0.02179715302491103,0.0653914590747331
0.8839364518976169,0.03000882612533098,0.021624007060900265,0.06443071491615181
0.8824049513704686,0.03227232537577365,0.021220159151193633,0.0641025641025641
0.8813932980599647,0.03306878306878307,0.020282186948853614,0.06525573192239859
0.8867502238137869,0.03178155774395703,0.018352730528200537,0.06311548791405551
0.8856121537086684,0.03261840929401251,0.017873100983020553,0.06389633601429848
0.8890368397691967,0.032845095428317796,0.016422547714158898,0.06169551708832668
0.8824312333629104,0.034161490683229816,0.01730257320319432,0.06610470275066549
0.8851232394366197,0.02992957746478873,0.016725352112676055,0.0682218309859155
0.8832599118942731,0.032158590308370046,0.017180616740088105,0.06740088105726873
0.8809310653536258,0.03222918531781558,0.017457475380483437,0.0693822739480752
0.883668903803132,0.032214765100671144,0.017002237136465325,0.06711409395973154
0.8858939802336029,0.03009883198562444,0.015723270440251572,0.06828391734052111
0.888295505117935,0.03115264797507788,0.01602136181575434,0.06453048509123276
0.8877005347593583,0.031194295900178252,0.01693404634581105,0.06417112299465241
0.8917225950782998,0.03087248322147651,0.017002237136465325,0.06040268456375839
0.8876651982378855,0.033480176211453744,0.01629955947136564,0.06255506607929516
0.887527352297593,0.03282275711159737,0.01575492341356674,0.06389496717724288
0.8854860186418109,0.032401242787394584,0.01775410563692854,0.06435863293386596
0.8808035714285715,0.033928571428571426,0.019196428571428573,0.06607142857142857
0.8793103448275862,0.032714412024756855,0.022104332449160036,0.0658709106984969
0.876779359430605,0.03158362989323844,0.023131672597864767,0.06850533807829182
0.8752783964365256,0.028507795100222718,0.024944320712694878,0.07126948775055679
0.8796625222024866,0.026198934280639432,0.023978685612788632,0.07015985790408526
0.8789356984478935,0.026607538802660754,0.023059866962305987,0.07139689578713969
0.8831341301460823,0.025675077467906152,0.023461708720672863,0.06772908366533864
0.8826643140714601,0.025584472871636524,0.02293780326422585,0.06881340979267754
0.8836379848417298,0.02630405706642889,0.02139991083370486,0.06865804725813643
0.8783542039355993,0.0259391771019678,0.022361359570661897,0.07334525939177101
0.8788418708240534,0.025389755011135856,0.023608017817371936,0.07216035634743875
