R,A,S,N
1.0,0.0,0.0,0.0
1.0,0.0,0.0,0.0
1.0,0.0,0.0,0.0
0.8823529411764706,0.0,0.0,0.11764705882352941
0.8518518518518519,0.0,0.0,0.14814814814814814
0.7777777777777778,0.06666666666666667,0.0,0.15555555555555556
0.7580645161290323,0.0967741935483871,0.0,0.14516129032258066
0.7647058823529411,0.07058823529411765,0.0,0.16470588235294117
0.743801652892562,0.09090909090909091,0.0,0.1652892561983471
0.7272727272727273,0.08484848484848485,0.012121212121212121,0.17575757575757575
0.7162162162162162,0.07207207207207207,0.013513513513513514,0.1981981981981982
0.6679245283018868,0.06415094339622641,0.026415094339622643,0.24150943396226415
0.6409495548961425,0.05934718100890208,0.026706231454005934,0.27299703264094954
0.6120481927710844,0.05783132530120482,0.01927710843373494,0.3108433734939759
0.6027397260273972,0.05675146771037182,0.021526418786692758,0.31898238747553814
0.5870646766169154,0.06301824212271974,0.02321724709784411,0.32669983416252074
0.5656565656565656,0.07215007215007214,0.031746031746031744,0.33044733044733043
0.5522012578616352,0.07169811320754717,0.03773584905660377,0.3383647798742138
0.5334088335220838,0.07474518686296716,0.044167610419026046,0.347678369195923
0.5427974947807933,0.07828810020876827,0.04175365344467641,0.33716075156576203
0.5325670498084292,0.08045977011494253,0.0421455938697318,0.3448275862068966
0.5253333333333333,0.08622222222222223,0.04,0.34844444444444445
0.520764119601329,0.09302325581395349,0.04235880398671096,0.3438538205980066
0.5070202808112324,0.10218408736349453,0.0452418096723869,0.3455538221528861
0.5087847730600292,0.10248901903367497,0.04904831625183016,0.3396778916544656
0.4921928038017651,0.11337406653088934,0.05363204344874406,0.3408010862186015
0.49222797927461137,0.11398963730569948,0.06088082901554404,0.3329015544041451
0.48656898656898656,0.12026862026862027,0.06105006105006105,0.3321123321123321
0.48498845265588914,0.12124711316397228,0.06351039260969978,0.3302540415704388
0.481941309255079,0.12584650112866816,0.06602708803611738,0.3261851015801354
0.47766884531590414,0.13017429193899782,0.06971677559912855,0.3224400871459695
0.480595427963849,0.13078149920255183,0.07230196703880915,0.31632110579479
0.4877425944841675,0.12819203268641471,0.06843718079673136,0.31562819203268644
0.49073610415623437,0.12919379068602904,0.07060590886329494,0.30946419629444166
0.4928676832267585,0.12690605017215936,0.06935563207083129,0.3108706345302509
0.4932950191570881,0.13218390804597702,0.07279693486590039,0.3017241379310345
0.4898823529411765,0.13505882352941176,0.0743529411764706,0.30070588235294116
0.49281409364858597,0.13676402410755678,0.07417709782104775,0.29624478442280944
0.4860666971219735,0.135678391959799,0.0749200548195523,0.3033348560986752
0.4875283446712018,0.13696145124716552,0.07437641723356009,0.30113378684807257
0.4913949275362319,0.1431159420289855,0.06748188405797101,0.2980072463768116
0.48591864103710325,0.14930710773357175,0.06392489941886455,0.30084935181046046
0.4841305319624497,0.14930710773357175,0.06168976307554761,0.3048725972284309
0.4871111111111111,0.15066666666666667,0.06222222222222222,0.3
0.4744042365401589,0.15842894969108562,0.0648720211827008,0.30229479258605474
0.4786666666666667,0.15511111111111112,0.064,0.3022222222222222
0.4734982332155477,0.15503533568904593,0.06802120141342756,0.3034452296819788
0.46965699208443273,0.15391380826737028,0.06552330694810905,0.31090589270008795
0.46901098901098903,0.15076923076923077,0.06505494505494505,0.3151648351648352
0.4669312169312169,0.15299823633156967,0.06437389770723104,0.31569664902998235
0.46836555360281196,0.15377855887521968,0.0641476274165202,0.31370826010544817
0.4748677248677249,0.15520282186948853,0.06437389770723104,0.3055555555555556
0.46970367094206106,0.15170278637770898,0.0659000442282176,0.3126934984520124
0.47235736399823086,0.14949137549756744,0.06501547987616099,0.3131357806280407
0.46954986760812,0.1531332744924978,0.06531332744924978,0.3120035304501324
0.47540983606557374,0.15108551174124946,0.06291537439078422,0.31058927780239254
0.4750223015165031,0.15655664585191792,0.06244424620874219,0.30597680642283676
0.4771528998242531,0.15729349736379614,0.06370826010544815,0.30184534270650265
0.47608503100088573,0.15854738706820196,0.06465899025686449,0.30070859167404784
0.4815627743634767,0.15364354697102722,0.06760316066725197,0.2971905179982441
0.482039911308204,0.15521064301552107,0.06696230598669622,0.2957871396895787
0.48146513680494263,0.15754633715798763,0.06398940864960283,0.2969991173874669
0.481810115350488,0.15661047027506655,0.06654835847382432,0.2950310559006211
0.4907325684024713,0.1531332744924978,0.0706090026478376,0.2855251544571933
0.4874283193647993,0.15394794883105425,0.0670489633877371,0.29157476841640934
0.48567650947553986,0.15469369766416924,0.06566769501983252,0.29396209784045835
0.49229414354909734,0.14971378247468076,0.06560986349625715,0.29238221047996477
0.48081164534627263,0.15350683722981914,0.0670489633877371,0.29863255403617117
0.4789103690685413,0.15992970123022848,0.06678383128295255,0.29437609841827767
0.4766977363515313,0.15756768752774078,0.06790945406125166,0.29782512205947625
0.48519664162615994,0.15466195315952275,0.06407423773751657,0.29606716747680073
0.48470066518847005,0.1516629711751663,0.06297117516629712,0.3006651884700665
0.4803705337450375,0.1552712836347596,0.06352007057785619,0.30083811204234673
0.48227571115973744,0.15536105032822758,0.06301969365426696,0.29934354485776804
0.48498233215547704,0.15680212014134276,0.05962897526501767,0.29858657243816256
0.4918032786885246,0.15418697385910501,0.05892778023925565,0.29508196721311475
0.4911738746690203,0.15357458075904679,0.05825242718446602,0.2969991173874669
0.4932975871313673,0.1483467381590706,0.06166219839142091,0.2966934763181412
0.5002197802197802,0.14725274725274726,0.06593406593406594,0.2865934065934066
0.5055432372505543,0.14811529933481152,0.0647450110864745,0.28159645232815966
0.5026690391459074,0.1436832740213523,0.0645017793594306,0.2891459074733096
0.5048458149779735,0.14052863436123347,0.06211453744493392,0.29251101321585904
0.5044563279857398,0.1412655971479501,0.06194295900178253,0.29233511586452765
0.5048500881834215,0.14329805996472664,0.06040564373897707,0.2914462081128748
0.5085789705235372,0.1416630004399472,0.05675318961724593,0.2930048394192697
0.5055383252104564,0.1382365972529907,0.057598582188746125,0.29862649534780683
0.5008912655971479,0.14215686274509803,0.059269162210338684,0.2976827094474153
0.5006628369421122,0.14228899690676095,0.06009721608484313,0.2969509500662837
0.4823477493380406,0.14916151809355693,0.05825242718446602,0.31023830538393643
0.491158267020336,0.14765694076038904,0.0592396109637489,0.3019451812555261
0.4978108581436077,0.14579684763572678,0.05516637478108581,0.30122591943957966
0.4962505513895015,0.14292015880017644,0.054697838553153945,0.30613145125716806
0.49846692947875604,0.1410424879544459,0.05300043802014893,0.30749014454664914
0.4986725663716814,0.14424778761061946,0.05265486725663717,0.30442477876106194
0.5013286093888397,0.14526129317980513,0.05137289636846767,0.3020372010628875
0.5006628369421122,0.14361467079098542,0.04993371630578878,0.3057887759611136
0.4971453667105841,0.13965744400527008,0.05357927097057532,0.3096179183135705
0.49912663755458514,0.1388646288209607,0.05414847161572053,0.3078602620087336
0.4991258741258741,0.13898601398601398,0.05506993006993007,0.3068181818181818
0.5,0.14035087719298245,0.054385964912280704,0.30526315789473685
0.49667994687915007,0.14431164231961044,0.05887560867640549,0.300132802124834
0.4986725663716814,0.14469026548672567,0.0584070796460177,0.2982300884955752
0.4951838879159369,0.14623467600700527,0.0617338003502627,0.2968476357267951
0.48739495798319327,0.14551083591331268,0.06457319770013269,0.3025210084033613
0.49170775437023756,0.1425369789332138,0.06633796503809951,0.29941730165844915
0.4946524064171123,0.14527629233511585,0.06105169340463458,0.29901960784313725
0.4923009238891333,0.1469423669159701,0.06379234491860977,0.29696436427628686
0.4956063268892794,0.13971880492091387,0.06370826010544815,0.30096660808435854
0.4951111111111111,0.14533333333333334,0.06133333333333333,0.2982222222222222
0.49242424242424243,0.15196078431372548,0.06461675579322639,0.2909982174688057
0.4953683281870313,0.1557123952359947,0.06307895897662108,0.2858403176003529
0.49206349206349204,0.15520282186948853,0.06746031746031746,0.28527336860670194
0.49601063829787234,0.14671985815602837,0.06826241134751773,0.28900709219858156
0.4909572121746802,0.1521835024261138,0.06969563299514778,0.2871636524040582
0.497125165855816,0.15214506855373727,0.06766917293233082,0.2830605926581159
0.48664038545773103,0.15243101182654403,0.06657906263688129,0.2943495400788436
0.48300220750551875,0.15849889624724062,0.06357615894039735,0.29492273730684326
0.488556338028169,0.15404929577464788,0.0625,0.2948943661971831
0.4828797190517998,0.16022827041264268,0.06189640035118525,0.29499561018437226
0.48047914818101156,0.1601597160603372,0.06388642413487133,0.29547471162378
0.47810703228659884,0.1609907120743034,0.06324635117204777,0.29765590446705
0.47315140845070425,0.16153169014084506,0.0664612676056338,0.2988556338028169
0.47924858016601135,0.15683704674530363,0.06596767147225863,0.2979467016164264
0.48,0.15288888888888888,0.06533333333333333,0.30177777777777776
0.48778320746334963,0.1519324744557974,0.05864060417592181,0.30164371390493117
0.4887813462384514,0.15002199736031677,0.06379234491860977,0.2974043114826221
0.4891832229580574,0.1509933774834437,0.06534216335540839,0.2944812362030905
0.49105974705625816,0.14914958569559528,0.06585259485390318,0.29393807239424335
0.49157054125998223,0.14862466725820764,0.06344276841171251,0.2963620230700976
0.4933920704845815,0.1444933920704846,0.06696035242290749,0.29515418502202645
0.49511545293072823,0.14698046181172292,0.06616341030195382,0.291740674955595
0.4982363315696649,0.14462081128747795,0.06393298059964726,0.2932098765432099
0.5039335664335665,0.14248251748251747,0.062062937062937064,0.291520979020979
0.49644444444444447,0.14355555555555555,0.06355555555555556,0.29644444444444445
0.49364313897413414,0.13941253836036827,0.06356861025865848,0.3033757124068391
0.4960387323943662,0.14128521126760563,0.0625,0.3001760563380282
0.4991119005328597,0.14520426287744229,0.0630550621669627,0.2926287744227353
0.5134420449537241,0.14587924195680918,0.05993829881004848,0.28074041427941826
0.5140350877192983,0.14385964912280702,0.06096491228070176,0.28114035087719297
0.5167400881057269,0.1444933920704846,0.06079295154185022,0.2779735682819383
0.5212626041209996,0.1446733888645331,0.06225339763261727,0.2718106093818501
0.5226572811262649,0.1491421029476463,0.05895292564892213,0.2692476902771667
0.5289919714540589,0.1440677966101695,0.05976806422836753,0.2671721677074041
0.5286596119929453,0.140652557319224,0.06172839506172839,0.2689594356261023
0.530782761653474,0.1376429199648197,0.058927000879507474,0.2726473175021988
0.5283185840707965,0.14513274336283186,0.05619469026548673,0.270353982300885
0.5273522975929978,0.14398249452954048,0.05470459518599562,0.2739606126914661
0.5368003525782283,0.14455707360070516,0.05332745702952843,0.26531511679153813
0.5382585751978892,0.14072119613016712,0.055848724714160074,0.26517150395778366
0.545213939126599,0.13586237318041464,0.05734450816056462,0.2615791795324217
0.5389036251105217,0.13351016799292661,0.0614500442086649,0.2661361626878868
0.5381244522348817,0.13190184049079753,0.06529360210341806,0.26468010517090274
0.5367256637168142,0.13185840707964602,0.06725663716814159,0.26415929203539823
0.5349758029036515,0.13242410910690716,0.06995160580730313,0.26264848218213815
0.5342163355408388,0.13289183222958056,0.06534216335540839,0.2675496688741722
0.5388692579505301,0.13780918727915195,0.06448763250883392,0.2588339222614841
0.5390102541239411,0.1355327686134641,0.06241640659830584,0.2630405706642889
0.5337152930806522,0.1361833406787131,0.061260467166152494,0.26884089907448216
0.5411712901805372,0.1325407309555262,0.05900484368119771,0.2672831351827389
0.5392070484581498,0.1290748898678414,0.05947136563876652,0.27224669603524226
0.5373790677220757,0.1297273526824978,0.058927000879507474,0.27396657871591906
0.5399122807017543,0.1307017543859649,0.05701754385964912,0.2723684210526316
0.5338645418326693,0.13191677733510404,0.06020362992474546,0.2740150509074812
0.5350799289520426,0.1283303730017762,0.058170515097690945,0.2784191829484902
0.5403973509933775,0.12891832229580574,0.05783664459161148,0.2728476821192053
0.5474290780141844,0.1276595744680851,0.0549645390070922,0.2699468085106383
0.5461270670147955,0.12489120974760662,0.05613577023498695,0.27284595300261094
0.5473359753412593,0.12989872302950242,0.054601497137824744,0.26816380449141347
0.5486725663716814,0.1314159292035398,0.05486725663716814,0.2650442477876106
0.5492957746478874,0.12940140845070422,0.051056338028169015,0.27024647887323944
0.5513851653261841,0.12957998212689903,0.050491510277033066,0.2685433422698838
0.5504627589246364,0.1370647862494491,0.050683120317320404,0.2617893345085941
0.5507760532150776,0.1361419068736142,0.05454545454545454,0.25853658536585367
0.5533894550287993,0.13513513513513514,0.05449712007089056,0.256978289765175
0.5553107095636844,0.1375055090348171,0.05200528867342442,0.255178492728074
0.5568281938325991,0.13876651982378854,0.051541850220264314,0.252863436123348
0.5584299732381802,0.13559322033898305,0.05129348795718109,0.2546833184656557
0.557369814651368,0.13768755516328332,0.050750220653133275,0.25419240953221534
0.5639097744360902,0.13578062804068997,0.053516143299425036,0.24679345422379478
0.5669603524229075,0.13480176211453745,0.05638766519823789,0.24185022026431718
0.5616438356164384,0.13610251878038002,0.057445868316394165,0.24480777728678746
0.5600350569675723,0.13058720420683612,0.06134969325153374,0.24802804557405783
0.5590969455511288,0.1323594510845507,0.06241699867197875,0.24612660469234174
0.556390977443609,0.14064573197700134,0.05661211853162318,0.24635117204776646
0.5508326029798423,0.14241893076248904,0.05915863277826468,0.24758983347940403
0.5550699300699301,0.14029720279720279,0.06118881118881119,0.24344405594405594
0.5589403973509933,0.1368653421633554,0.060927152317880796,0.24326710816777042
0.549183943537715,0.141155712395236,0.05955006616674018,0.25011027790030876
0.5567879325643301,0.14285714285714285,0.06033717834960071,0.24001774622892635
0.552491103202847,0.1436832740213523,0.0645017793594306,0.2393238434163701
0.5486450466459352,0.14482452243447358,0.0639715681919147,0.2425588627276766
0.5510477039679001,0.14712438698172092,0.06241640659830584,0.23941150245207313
0.5563943161634103,0.14520426287744229,0.058170515097690945,0.24023090586145648
0.5501113585746102,0.15011135857461025,0.062360801781737196,0.2374164810690423
0.5567375886524822,0.14849290780141844,0.06382978723404255,0.23093971631205673
0.5500661667401853,0.14865460961623292,0.061755624172915746,0.23952359947066607
0.5578111209179171,0.14386584289496912,0.06222418358340689,0.23609885260370697
0.5584472871636524,0.14689016321129245,0.06307895897662108,0.23158359064843406
0.5539823008849557,0.14646017699115044,0.06327433628318584,0.23628318584070795
0.5537444933920704,0.14493392070484581,0.06519823788546256,0.23612334801762114
0.5623893805309734,0.14469026548672567,0.06371681415929203,0.22920353982300884
0.5621956617972554,0.14209827357237717,0.059318282425852145,0.23638778220451528
0.5679718433787946,0.13814342278926528,0.06027276726792785,0.2336119665640123
0.5647163120567376,0.14317375886524822,0.05806737588652482,0.23404255319148937
0.5636042402826855,0.1431095406360424,0.055212014134275615,0.23807420494699646
0.5632939115199299,0.14586070959264127,0.05694261936049058,0.23390275952693823
0.5672695191883547,0.14424349360388178,0.05778561976179974,0.23070136744596384
0.5667107001321003,0.13870541611624834,0.059885512989872304,0.23469837076177896
0.5755839576906127,0.13177611282503304,0.060379021595416485,0.23226090788893786
0.5739514348785872,0.1315673289183223,0.060044150110375276,0.23443708609271524
0.572121746801941,0.1310101455668284,0.06043228936921041,0.2364358182620203
0.5721807810443177,0.1303203159280386,0.060552874067573495,0.2369460289600702
0.5721153846153846,0.13286713286713286,0.062062937062937064,0.23295454545454544
0.5729396209784046,0.13486117232260908,0.05861613045394447,0.23358307624504188
0.5726872246696035,0.13259911894273127,0.05638766519823789,0.23832599118942732
0.5738636363636364,0.131993006993007,0.05812937062937063,0.23601398601398602
0.5702370500438981,0.13388937664618086,0.05750658472344162,0.23836698858647937
0.572121746801941,0.13189236876929863,0.05513895015438906,0.24084693427437143
0.5745328118209474,0.12777053455019557,0.05910473707083876,0.23859191655801826
0.572949002217295,0.1286031042128603,0.0598669623059867,0.2385809312638581
0.5727472527472528,0.13186813186813187,0.06197802197802198,0.2334065934065934
0.5714285714285714,0.13406593406593406,0.06065934065934066,0.23384615384615384
0.5683229813664596,0.12866015971606035,0.06610470275066549,0.23691215616681455
0.5768206039076377,0.12522202486678508,0.06394316163410302,0.23401420959147423
0.5793194874060981,0.1254971277065842,0.06407423773751657,0.23110914714980116
0.5799107142857143,0.12410714285714286,0.06294642857142857,0.2330357142857143
0.5797613787008395,0.1241714538223597,0.06319045514803358,0.2328767123287671
0.5711751662971175,0.12638580931263857,0.06696230598669622,0.23547671840354767
0.5717449069973428,0.12887511071744906,0.06598759964570416,0.233392382639504
0.5767195767195767,0.13227513227513227,0.068342151675485,0.222663139329806
0.5746268656716418,0.1321334503950834,0.06716417910447761,0.22607550482879718
0.578062804068996,0.12693498452012383,0.06855373728438743,0.22644847412649272
0.5789934354485777,0.12647702407002187,0.0700218818380744,0.22450765864332603
0.5781527531083481,0.12966252220248667,0.06838365896980461,0.22380106571936056
0.5821224130339058,0.13033905768383972,0.071334214002642,0.2162043152796125
0.5924627519719544,0.1266432953549518,0.06792287467134094,0.21297107800175286
0.5845132743362832,0.12654867256637167,0.06902654867256637,0.21991150442477875
0.5929515418502203,0.12466960352422908,0.06916299559471366,0.213215859030837
0.5957540911101282,0.11985846970367094,0.06943830163644406,0.21494913754975675
0.5958965209634255,0.12221231043710973,0.06467439785905442,0.21721677074041035
0.5988651243998254,0.11959842863378438,0.06547359231776517,0.21606285464862504
0.59094942324756,0.12244897959183673,0.06743566992014197,0.2191659272404614
0.5915555555555555,0.12177777777777778,0.06488888888888888,0.22177777777777777
0.5969230769230769,0.11868131868131868,0.06637362637362637,0.21802197802197804
0.5901060070671378,0.12234982332155477,0.06890459363957598,0.21863957597173145
0.5886524822695035,0.12810283687943264,0.06693262411347518,0.21631205673758866
0.5906277630415562,0.1273209549071618,0.0658709106984969,0.21618037135278514
0.5963908450704225,0.11971830985915492,0.06778169014084508,0.21610915492957747
0.5948200175592625,0.11764705882352941,0.06672519754170325,0.22080772607550483
0.5970744680851063,0.11436170212765957,0.0673758865248227,0.22118794326241134
0.5999113867966327,0.11209570225963669,0.06468763845813026,0.22330527248560036
0.6007975188303057,0.1129818342933097,0.06335844040762073,0.22286220646876384
0.603881782090869,0.1129245699161888,0.06572562858403176,0.21746801940891045
0.5975449364313897,0.11617711530030689,0.06839105655414292,0.21788689171416045
0.6024464831804281,0.10834425513324596,0.0672782874617737,0.2219309742245522
0.5959821428571429,0.11160714285714286,0.06964285714285715,0.22276785714285716
0.5977162933684673,0.11242863416776461,0.0663153271848924,0.2235397452788757
0.6029733275032794,0.10756449497157848,0.06821163095758635,0.22125054656755574
0.5983935742971888,0.11244979919678715,0.06738063364569388,0.2217759928603302
0.6018641810918774,0.10874389702618731,0.06524633821571238,0.2241455836662228
0.6046819787985865,0.1073321554770318,0.06978798586572438,0.21819787985865724
0.6004424778761062,0.10929203539823008,0.07035398230088495,0.21991150442477875
0.601237842617153,0.11140583554376658,0.0694076038903625,0.21794871794871795
0.6005291005291006,0.11552028218694885,0.06437389770723104,0.21957671957671956
0.6027457927369353,0.11736049601417184,0.06023029229406555,0.21966341895482727
0.6000887705281847,0.12028406569019086,0.05903240124278739,0.2205947625388371
0.5966754155730534,0.12292213473315836,0.06167979002624672,0.21872265966754156
0.6011458792419568,0.125605993829881,0.06434552666372852,0.20890260026443366
0.606491774121832,0.1267229879946643,0.06313917296576256,0.20364606491774123
0.6158999553372041,0.12594908441268424,0.059401518535060295,0.19874944171505135
0.6116504854368932,0.12797881729920565,0.057811120917917035,0.20255957634598412
0.6183172655565293,0.12226117440841368,0.058720420683610865,0.2007011393514461
0.6112091791703442,0.12577228596646073,0.058693733451015,0.20432480141218004
0.6153846153846154,0.123342175066313,0.058355437665782495,0.20291777188328913
0.617208077260755,0.12247585601404741,0.05575065847234416,0.20456540825285338
0.6120460584588131,0.12178919397697077,0.05580159433126661,0.21036315323294952
0.616637323943662,0.12015845070422536,0.05501760563380282,0.20818661971830985
0.6133451171011931,0.1241714538223597,0.057445868316394165,0.20503756076005303
0.616710875331565,0.12024756852343059,0.058797524314765696,0.20424403183023873
0.6147359076786507,0.12383488681757657,0.05992010652463382,0.20150909897913893
0.6100573445081605,0.12615791795324216,0.06043228936921041,0.20335244816938686
0.613556338028169,0.12279929577464789,0.061179577464788734,0.20246478873239437
0.616130453944469,0.12340237990304098,0.05993829881004848,0.2005288673424416
0.6164139161462979,0.12132024977698483,0.05976806422836753,0.2024977698483497
0.6159964648696421,0.11533362792752982,0.06053910737958462,0.20813079982324348
0.6180026869682043,0.11598746081504702,0.05821764442454098,0.2077922077922078
0.6242800177226406,0.1129818342933097,0.05804164820558263,0.204696499778467
0.6228571428571429,0.11208791208791209,0.05934065934065934,0.2057142857142857
0.621071270473661,0.11420982735723771,0.06020362992474546,0.20451527224435592
0.6215978928884986,0.11764705882352941,0.05794556628621598,0.20280948200175591
0.6207046541974771,0.11526750761200522,0.058286211396259245,0.20574162679425836
0.6251097453906936,0.11720807726075505,0.05706760316066725,0.20061457418788411
0.6242290748898679,0.11938325991189427,0.05682819383259912,0.19955947136563876
0.6247240618101545,0.11788079470198676,0.05827814569536424,0.19911699779249448
0.6260945709281961,0.11690017513134851,0.05604203152364273,0.2009632224168126
0.6275711159737418,0.11728665207877462,0.05514223194748359,0.2
0.6276408450704225,0.11443661971830986,0.053257042253521125,0.20466549295774647
0.628911414720141,0.11370647862494491,0.054649625385632436,0.20273248126928162
0.6325088339222615,0.11086572438162544,0.04902826855123675,0.20759717314487633
0.6337466784765279,0.11160318866253321,0.048715677590788306,0.20593445527015058
0.6365638766519823,0.10969162995594714,0.05066079295154185,0.20308370044052865
0.640017667844523,0.10777385159010601,0.04902826855123675,0.20318021201413428
0.6360424028268551,0.10954063604240283,0.05079505300353357,0.20362190812720848
0.6392935982339956,0.10905077262693157,0.05077262693156733,0.20088300220750552
0.6413333333333333,0.11066666666666666,0.052,0.196
0.637089618456078,0.1095829636202307,0.05235137533274179,0.20097604259094942
0.6342000881445571,0.11018069634200088,0.05641251652710445,0.19920669898633758
0.6331858407079646,0.1084070796460177,0.058849557522123896,0.1995575221238938
0.6422872340425532,0.10460992907801418,0.05585106382978723,0.1972517730496454
0.6433260393873085,0.10459518599562363,0.05645514223194748,0.19562363238512034
0.6522697223446452,0.1004847950639048,0.05244601145879242,0.19479947113265755
0.6430457746478874,0.10255281690140845,0.055897887323943664,0.19850352112676056
0.6419698314108252,0.10159716060337179,0.055900621118012424,0.2005323868677906
0.6400881057268722,0.10044052863436123,0.05859030837004405,0.20088105726872246
0.6517347386912604,0.09705753184014053,0.05577514273166447,0.19543258673693456
0.6521931767833408,0.0979175897208684,0.052724856003544526,0.19716437749224636
0.6556583003082342,0.09907529722589167,0.05372082782915016,0.19154557463672392
0.6507029876977153,0.10105448154657294,0.05360281195079086,0.19463971880492092
0.6472902097902098,0.10314685314685315,0.05419580419580419,0.19536713286713286
0.6542718016821603,0.10092961487383798,0.05223550243470562,0.19256308100929614
0.6553846153846153,0.10197802197802198,0.05098901098901099,0.19164835164835164
0.6585365853658537,0.09667405764966741,0.05055432372505543,0.1942350332594235
0.6638840070298769,0.09050966608084358,0.048330404217926184,0.19727592267135324
0.6568627450980392,0.08778966131907308,0.05035650623885918,0.20499108734402852
0.6545936395759717,0.08789752650176678,0.0534452296819788,0.2040636042402827
0.6517103509551311,0.09062638827187916,0.05286539315859618,0.2047978676143936
0.6481316725978647,0.09341637010676157,0.055604982206405695,0.20284697508896798
0.6502441189525078,0.09187749667110519,0.05503772747447847,0.20284065690190856
0.6518289995592772,0.08946672542970471,0.05905685323931247,0.1996474217717056
0.6562091503267974,0.08583877995642701,0.05664488017429194,0.20130718954248367
0.6508849557522124,0.09026548672566372,0.05353982300884956,0.20530973451327433
0.647656940760389,0.08664898320070734,0.05702917771883289,0.20866489832007074
0.6455190771960958,0.09139307897071872,0.05678793256433008,0.20629991126885536
0.6488888888888888,0.09377777777777778,0.05555555555555555,0.20177777777777778
0.6522687609075044,0.09162303664921466,0.053228621291448515,0.20287958115183247
0.6470325747434181,0.09236947791164658,0.053993752788933515,0.2066041945560018
0.6489778164419313,0.09308394954327968,0.04871683340582862,0.2092214006089604
0.6472678809418037,0.09151488227454464,0.04975566414926699,0.21146157263438473
0.6485776805251641,0.09015317286652079,0.052954048140043765,0.20831509846827134
0.6449211908931699,0.09106830122591944,0.053415061295971976,0.2105954465849387
0.6437806509139545,0.09094962104324565,0.0521622826571556,0.21310744538564422
0.6453028972783144,0.09394205443371378,0.05179982440737489,0.208955223880597
0.6474978050921861,0.09438103599648814,0.05311676909569798,0.20500438981562774
0.6449756529437805,0.09428950863213811,0.05533421868083223,0.20540061974324922
0.6456416995181778,0.09154621112571178,0.05606657906263688,0.2067455102934735
0.645147123407993,0.09046991655687307,0.05665349143610013,0.20772946859903382
0.6437692646411273,0.09070893879348305,0.055041831792162044,0.21047996477322764
0.6445414847161572,0.09082969432314411,0.053711790393013104,0.2109170305676856
0.6470066518847006,0.09135254988913526,0.05232815964523282,0.20931263858093127
0.649737302977233,0.09106830122591944,0.05647985989492119,0.20271453590192645
0.6472148541114059,0.09018567639257294,0.05747126436781609,0.20512820512820512
0.6516703786191537,0.08775055679287305,0.054788418708240534,0.20579064587973275
0.6506453048509123,0.09256786826880285,0.05785491766800178,0.19893190921228304
0.6451327433628319,0.09115044247787611,0.058849557522123896,0.20486725663716815
0.6505494505494506,0.09010989010989011,0.05978021978021978,0.19956043956043956
0.6485765124555161,0.08896797153024912,0.06405693950177936,0.19839857651245552
0.6481726111845002,0.08982826948480846,0.06296785557023338,0.19903126376045796
0.645458534444932,0.09477841158402808,0.060114085125054846,0.19964896884598507
0.6452181577787571,0.09431467606875275,0.06081974438078449,0.1996474217717056
0.6494936151475121,0.09731395860854249,0.057243505063848524,0.19594892118009688
0.6516556291390728,0.09845474613686535,0.05607064017660044,0.19381898454746138
0.6505494505494506,0.09802197802197803,0.056703296703296706,0.19472527472527473
0.6504854368932039,0.09443954104148279,0.06045895851721095,0.19461606354810237
0.6421937195931003,0.09995577178239717,0.059708093763821316,0.19814241486068113
0.6428885953324527,0.0977542932628798,0.06340819022457067,0.19594892118009688
0.6443367122080211,0.10136624063464081,0.061260467166152494,0.19303657999118554
0.6405835543766578,0.10123784261715296,0.0645446507515473,0.19363395225464192
0.6424507658643326,0.10459518599562363,0.061706783369803064,0.1912472647702407
0.6409915891987605,0.10270030987162461,0.061531651173085435,0.19477644975652944
0.6393805309734514,0.10619469026548672,0.058849557522123896,0.19557522123893806
0.6440528634361233,0.11101321585903083,0.05859030837004405,0.18634361233480176
0.6439628482972136,0.11189739053516143,0.05572755417956656,0.18841220698805838
0.6460996033494931,0.1132657558395769,0.054649625385632436,0.1859850154252975
0.6480912681000439,0.11101360245721807,0.05440982887231242,0.18648530057042562
0.6488888888888888,0.10933333333333334,0.058222222222222224,0.18355555555555556
0.6357586512866016,0.11490683229813664,0.058118899733806566,0.1912156166814552
0.6384955752212389,0.11061946902654868,0.05530973451327434,0.19557522123893806
0.6419098143236074,0.11361626878868258,0.054376657824933686,0.1900972590627763
0.6458149779735682,0.11409691629955947,0.05726872246696035,0.1828193832599119
0.6486964206805126,0.11444984533804684,0.05656208572691118,0.1802916482545294
0.6542669584245077,0.11553610503282276,0.054266958424507655,0.17592997811816194
0.6537273930304367,0.11733568592853992,0.055580061755624174,0.1733568592853992
0.651601579640193,0.1184730144800351,0.055726195699868364,0.17419921017990347
0.6505918456817186,0.1183691363437089,0.057430951337132836,0.17360806663743972
0.6531868131868132,0.1178021978021978,0.05450549450549451,0.17450549450549452
0.6471880492091389,0.1225834797891037,0.05536028119507909,0.17486818980667837
0.6566901408450704,0.11751760563380281,0.051056338028169015,0.17473591549295775
0.6609498680738787,0.113896218117854,0.052770448548812667,0.1723834652594547
0.6637010676156584,0.11565836298932385,0.05382562277580071,0.16681494661921709
0.6592625499777877,0.11505997334517992,0.05908485117725455,0.16659262549977788
0.6539138082673702,0.12049252418645559,0.05716798592788039,0.16842568161829374
0.6509598603839442,0.1199825479930192,0.058900523560209424,0.17015706806282724
0.6445916114790287,0.12185430463576159,0.059602649006622516,0.1739514348785872
0.648,0.12177777777777778,0.05688888888888889,0.17333333333333334
0.6450902686041391,0.1202113606340819,0.0603258476442096,0.17437252311756934
0.6503496503496503,0.11057692307692307,0.05856643356643357,0.180506993006993
0.6538969616908851,0.10920299427564949,0.057683839718185824,0.17921620431527963
0.6523851590106007,0.11263250883392226,0.05918727915194346,0.17579505300353357
0.6564012318521777,0.10778706555213374,0.05983282006159261,0.1759788825340959
0.6596398770311814,0.10628019323671498,0.05533596837944664,0.178743961352657
0.6528451698279665,0.11557123952359948,0.05778561976179974,0.17379797088663432
0.6647551830613145,0.11248345831495368,0.05381561535068372,0.1689457432730481
0.6606986899563319,0.11048034934497816,0.05764192139737991,0.17117903930131004
0.6561247216035635,0.11403118040089087,0.058351893095768374,0.1714922048997773
0.6557666813963765,0.11886875828546177,0.0547945205479452,0.17057003977021654
0.652917946467749,0.11715664765247916,0.05397103992979377,0.17595436594997807
0.6553994732221247,0.11676909569798069,0.053555750658472345,0.1742756804214223
0.6546096162329069,0.11689457432730481,0.05161005734450816,0.1768857520952801
0.6616871704745168,0.109402460456942,0.05140597539543058,0.17750439367311072
0.6608007039155301,0.11042674879014518,0.05015398152221733,0.17861856577210736
0.6671081677704195,0.11169977924944813,0.047240618101545256,0.1739514348785872
0.6647627416520211,0.11555360281195079,0.04745166959578207,0.17223198594024605
0.6647627416520211,0.11555360281195079,0.04789103690685413,0.171792618629174
0.6653491436100132,0.11769872639437857,0.04567413263065437,0.1712779973649539
0.6690171881886293,0.11370647862494491,0.045835169678272364,0.17144116350815336
0.6645935139937805,0.11505997334517992,0.04620168813860506,0.17414482452243446
0.6606751424813678,0.1170539237176677,0.049539675580885574,0.17273125822007893
0.6647702407002188,0.11334792122538294,0.052078774617067836,0.16980306345733043
0.6662269129287599,0.11037818821459983,0.05321020228671944,0.17018469656992086
0.6674008810572687,0.1013215859030837,0.05462555066079295,0.17665198237885463
0.6665213600697472,0.1041848299912816,0.05405405405405406,0.17523975588491716
0.6623950508174989,0.10030932390631904,0.059213433495360145,0.1780821917808219
0.6657742079428827,0.0999553770638108,0.05800981704596162,0.17626059794734494
0.6628470691934774,0.10356985456148082,0.05905685323931247,0.1745262230057294
0.6646180860403863,0.10184372256365233,0.061018437225636525,0.17251975417032483
0.6660808435852372,0.10017574692442882,0.06370826010544815,0.17003514938488576
0.6607617360496014,0.10363153232949512,0.06643046944198405,0.1691762621789194
0.6623665480427047,0.10498220640569395,0.06494661921708185,0.16770462633451957
0.6637246248896734,0.10414827890556046,0.06398940864960283,0.16813768755516328
0.6631486367634125,0.1077396657871592,0.06376429199648197,0.16534740545294635
0.654650645304851,0.11214953271028037,0.06364040943480195,0.16955941255006676
0.6553398058252428,0.10944395410414828,0.06840247131509268,0.16681376875551632
0.6599910992434357,0.1068090787716956,0.06764574988874054,0.16555407209612816
0.663444639718805,0.10456942003514938,0.06942003514938488,0.1625659050966608
0.6663705019991115,0.10750777432252333,0.0670812972012439,0.15904042647712127
0.6638468388245771,0.10952804986642921,0.06455921638468388,0.1620658949243099
0.6601161232693167,0.11121036176864672,0.06565430995980348,0.16301920500223313
0.6674127126230975,0.10564010743061773,0.06535362578334826,0.16159355416293644
0.6792951541850221,0.1052863436123348,0.06519823788546256,0.1502202643171806
0.6827647319450598,0.10500664599025254,0.06202924235711121,0.15019937970757644
0.6896703296703297,0.10417582417582417,0.06021978021978022,0.14593406593406594
0.6840949033391915,0.1054481546572935,0.058875219683655534,0.1515817223198594
0.6841171251109139,0.10736468500443656,0.05856255545696539,0.14995563442768411
0.6798592788038699,0.10729991204925242,0.059366754617414245,0.1534740545294635
0.6814551907719609,0.11002661934338953,0.05767524401064774,0.15084294587400177
0.6876675603217158,0.10813226094727435,0.05585344057193923,0.1483467381590706
0.6886917960088692,0.10376940133037695,0.05365853658536585,0.15388026607538802
0.6868327402135231,0.10587188612099645,0.05382562277580071,0.1534697508896797
0.6851851851851852,0.10758377425044091,0.05114638447971781,0.15608465608465608
0.6797703180212014,0.10821554770318022,0.052120141342756186,0.1598939929328622
0.6863957597173145,0.10600706713780919,0.04946996466431095,0.15812720848056538
0.6845578530576331,0.10646722393312802,0.050593928728552576,0.1583809942806863
0.6877208480565371,0.1073321554770318,0.046819787985865724,0.15812720848056538
0.6911437472185136,0.1081441922563418,0.04717400979083222,0.15353805073431243
0.6900044033465433,0.1083223249669749,0.048436811977102597,0.15323645970937913
0.686421937195931,0.11057054400707651,0.04953560371517028,0.1534719150818222
0.6865079365079365,0.11243386243386243,0.04673721340388007,0.15432098765432098
0.6823374340949033,0.11423550087873462,0.04789103690685413,0.1555360281195079
0.6829702089817696,0.11338372610048911,0.04979991107158737,0.15384615384615385
0.6733156028368794,0.1174645390070922,0.04964539007092199,0.1595744680851064
0.6703296703296703,0.1178021978021978,0.04967032967032967,0.1621978021978022
0.6717791411042945,0.1200701139351446,0.04995617879053462,0.15819456617002628
0.6739894551845342,0.1195079086115993,0.0492091388400703,0.15729349736379614
0.6662192393736018,0.11767337807606264,0.050559284116331094,0.16554809843400448
0.6707855251544572,0.11076787290379524,0.04942630185348632,0.16902030008826124
0.6716222125054657,0.11281154350677744,0.047660690861390465,0.16790555312636643
0.6676923076923077,0.11252747252747253,0.04791208791208791,0.17186813186813188
0.6725820763087844,0.11047027506654836,0.04835847382431233,0.16858917480035493
0.6734784540204354,0.10884051532652154,0.05153265215459796,0.16614837849844513
0.66651904340124,0.11116031886625333,0.05181576616474756,0.1705048715677591
0.6665188470066519,0.11441241685144124,0.04789356984478936,0.17117516629711751
0.6729339746392654,0.10975076519457805,0.04897245299519021,0.16834280717096634
0.6762778505897772,0.10965487112276102,0.049366535605067714,0.16470074268239407
0.6780943900267141,0.10774710596616206,0.05031166518254675,0.163846838824577
0.6724214254094733,0.1102257636122178,0.05312084993359894,0.16423196104471005
0.6768128916741272,0.10787824529991047,0.05416293643688451,0.1611459265890779
0.6798226164079822,0.10776053215077605,0.05232815964523282,0.16008869179600888
0.680672268907563,0.10482087571870853,0.054400707651481646,0.1601061477222468
0.6813186813186813,0.10153846153846154,0.05406593406593407,0.16307692307692306
0.6858152894387981,0.09898365002209457,0.0552364118426867,0.15996464869642069
0.6774766770324301,0.10350955131052865,0.056419369169258105,0.1625944024877832
0.6747146619841967,0.10228270412642669,0.05794556628621598,0.16505706760316066
0.6772486772486772,0.10670194003527336,0.05511463844797178,0.1609347442680776
0.6704795424549054,0.10778706555213374,0.055433347998240214,0.16630004399472062
0.6681494661921709,0.11076512455516015,0.05249110320284697,0.16859430604982206
0.6672527472527473,0.11076923076923077,0.053626373626373625,0.16835164835164834
0.6651943462897526,0.11351590106007067,0.053003533568904596,0.1682862190812721
0.6693051890941073,0.10729991204925242,0.051451187335092345,0.17194371152154794
0.6696113074204947,0.1073321554770318,0.05035335689045936,0.17270318021201414
0.6796246648793566,0.10768543342269883,0.04825737265415549,0.1644325290437891
0.6763285024154589,0.11067193675889328,0.0461133069828722,0.16688625384277558
0.6752961825362,0.11189118034225537,0.046511627906976744,0.16630100921456778
0.6693156732891832,0.11655629139072848,0.04415011037527594,0.16997792494481237
0.6793791574279379,0.11840354767184036,0.04301552106430155,0.15920177383592019
0.6895796847635727,0.11295971978984239,0.04159369527145359,0.15586690017513136
0.6895017793594306,0.11254448398576512,0.042704626334519574,0.1552491103202847
0.6820377689942907,0.11594202898550725,0.043478260869565216,0.1585419411506368
0.6895951240748803,0.11362646930779277,0.04222899434044406,0.1545494122768829
0.6865934065934066,0.11252747252747253,0.04527472527472527,0.1556043956043956
0.685388328214129,0.10881965774462483,0.046511627906976744,0.15928038613426942
0.6894599303135889,0.10757839721254356,0.04573170731707317,0.15722996515679444
0.691762621789194,0.10983170947741364,0.04561558901682905,0.15279007971656333
0.6973451327433628,0.10530973451327434,0.04424778761061947,0.15309734513274337
0.6930171277997365,0.11023276240667546,0.04259991216512956,0.1541501976284585
0.6886917960088692,0.1082039911308204,0.04434589800443459,0.15875831485587583
0.6852343059239611,0.11096374889478337,0.04288240495137047,0.16091954022988506
0.6824353920280333,0.10950503723171266,0.04248795444590451,0.16557161629434955
0.6859756097560976,0.10670731707317073,0.04486062717770035,0.16245644599303136
0.6851687388987566,0.10523978685612789,0.04573712255772647,0.163854351687389
0.6915598762704375,0.10561201944321696,0.044631020768890854,0.1581970835174547
0.6900175131348512,0.10157618213660245,0.046847635726795095,0.1615586690017513
0.692171605484299,0.10039805395842548,0.04555506413091552,0.16187527642636002
0.6911894273127753,0.09955947136563877,0.04537444933920705,0.16387665198237886
0.6898208824814329,0.10048055919615553,0.04237658366098733,0.1673219746614242
0.6902150065818341,0.10355419043440105,0.041246160596752963,0.16498464238701185
