C_R,C_A,C_S,C_N,D_R,D_A,D_S,D_N,Oc_R,Oc_A,Oc_S,Oc_N,Od_R,Od_A,Od_S,Od_N
0.0,0.0,0.0,0.0,0.0,0.0,0.0,1.0,0.0,0.0,0.0,0.0,0.0,0.0,0.0,0.0
0.0,0.0,0.0,0.0,0.0,0.0,0.0,0.5,0.5,0.0,0.0,0.0,0.0,0.0,0.0,0.0
0.0,0.0,0.3333333333333333,0.0,0.0,0.0,0.0,0.3333333333333333,0.0,0.0,0.0,0.0,0.0,0.0,0.3333333333333333,0.0
0.0,0.0,0.25,0.0,0.0,0.0,0.0,0.25,0.0,0.0,0.0,0.0,0.0,0.25,0.25,0.0
0.0,0.0,0.2,0.0,0.2,0.0,0.0,0.2,0.0,0.0,0.0,0.0,0.0,0.2,0.2,0.0
0.0,0.0,0.0,0.0,0.2,0.0,0.0,0.2,0.0,0.0,0.0,0.0,0.0,0.4,0.2,0.0
0.0,0.2,0.0,0.0,0.0,0.0,0.0,0.2,0.0,0.0,0.0,0.0,0.0,0.4,0.2,0.0
0.0,0.2,0.0,0.0,0.0,0.0,0.0,0.4,0.0,0.0,0.0,0.2,0.0,0.0,0.2,0.0
0.0,0.16666666666666666,0.0,0.0,0.16666666666666666,0.0,0.0,0.3333333333333333,0.0,0.0,0.0,0.16666666666666666,0.0,0.0,0.16666666666666666,0.0
0.0,0.2857142857142857,0.0,0.0,0.14285714285714285,0.0,0.0,0.14285714285714285,0.0,0.0,0.0,0.14285714285714285,0.0,0.0,0.2857142857142857,0.0
0.0,0.2857142857142857,0.0,0.0,0.14285714285714285,0.0,0.0,0.0,0.0,0.0,0.0,0.0,0.2857142857142857,0.0,0.14285714285714285,0.14285714285714285
0.0,0.16666666666666666,0.0,0.0,0.16666666666666666,0.0,0.0,0.0,0.0,0.0,0.0,0.0,0.3333333333333333,0.0,0.16666666666666666,0.16666666666666666
0.0,0.125,0.0,0.0,0.25,0.0,0.0,0.0,0.0,0.0,0.0,0.0,0.375,0.0,0.125,0.125
0.0,0.2222222222222222,0.0,0.0,0.1111111111111111,0.0,0.1111111111111111,0.0,0.1111111111111111,0.0,0.0,0.0,0.2222222222222222,0.0,0.1111111111111111,0.1111111111111111
0.0,0.18181818181818182,0.0,0.0,0.09090909090909091,0.0,0.09090909090909091,0.0,0.09090909090909091,0.09090909090909091,0.0,0.0,0.2727272727272727,0.0,0.09090909090909091,0.09090909090909091
0.0,0.16666666666666666,0.0,0.0,0.08333333333333333,0.0,0.0,0.08333333333333333,0.08333333333333333,0.08333333333333333,0.0,0.0,0.3333333333333333,0.0,0.08333333333333333,0.08333333333333333
0.0,0.15384615384615385,0.0,0.0,0.15384615384615385,0.0,0.0,0.15384615384615385,0.07692307692307693,0.07692307692307693,0.0,0.0,0.23076923076923078,0.0,0.07692307692307693,0.07692307692307693
0.0,0.13333333333333333,0.0,0.0,0.13333333333333333,0.06666666666666667,0.0,0.13333333333333333,0.0,0.06666666666666667,0.0,0.0,0.26666666666666666,0.06666666666666667,0.06666666666666667,0.06666666666666667
0.058823529411764705,0.11764705882352941,0.0,0.0,0.11764705882352941,0.058823529411764705,0.0,0.11764705882352941,0.0,0.058823529411764705,0.0,0.0,0.35294117647058826,0.0,0.058823529411764705,0.058823529411764705
0.05263157894736842,0.05263157894736842,0.0,0.0,0.10526315789473684,0.10526315789473684,0.0,0.10526315789473684,0.0,0.0,0.0,0.0,0.47368421052631576,0.0,0.0,0.10526315789473684
0.08333333333333333,0.0,0.0,0.0,0.08333333333333333,0.041666666666666664,0.0,0.08333333333333333,0.0,0.0,0.0,0.0,0.625,0.0,0.0,0.08333333333333333
0.10344827586206896,0.0,0.0,0.0,0.06896551724137931,0.034482758620689655,0.0,0.06896551724137931,0.0,0.0,0.0,0.0,0.6206896551724138,0.0,0.034482758620689655,0.06896551724137931
0.125,0.0,0.0,0.0,0.03125,0.09375,0.0,0.0625,0.0,0.0,0.0,0.0,0.5625,0.03125,0.03125,0.0625
0.1951219512195122,0.0,0.0,0.0,0.024390243902439025,0.07317073170731707,0.0,0.04878048780487805,0.0,0.0,0.0,0.0,0.5609756097560976,0.024390243902439025,0.024390243902439025,0.04878048780487805
0.19148936170212766,0.02127659574468085,0.02127659574468085,0.02127659574468085,0.02127659574468085,0.02127659574468085,0.02127659574468085,0.0425531914893617,0.0,0.0,0.0,0.0,0.574468085106383,0.02127659574468085,0.0,0.0425531914893617
0.17857142857142858,0.017857142857142856,0.017857142857142856,0.017857142857142856,0.017857142857142856,0.017857142857142856,0.017857142857142856,0.017857142857142856,0.0,0.017857142857142856,0.017857142857142856,0.0,0.5714285714285714,0.05357142857142857,0.0,0.03571428571428571
0.18032786885245902,0.03278688524590164,0.01639344262295082,0.03278688524590164,0.01639344262295082,0.04918032786885246,0.01639344262295082,0.01639344262295082,0.01639344262295082,0.01639344262295082,0.01639344262295082,0.01639344262295082,0.5245901639344263,0.01639344262295082,0.0,0.03278688524590164
0.15151515151515152,0.030303030303030304,0.015151515151515152,0.030303030303030304,0.015151515151515152,0.06060606060606061,0.030303030303030304,0.015151515151515152,0.030303030303030304,0.015151515151515152,0.06060606060606061,0.015151515151515152,0.4393939393939394,0.030303030303030304,0.0,0.06060606060606061
0.1506849315068493,0.0273972602739726,0.0273972602739726,0.0273972602739726,0.0273972602739726,0.0410958904109589,0.0273972602739726,0.0273972602739726,0.0410958904109589,0.0273972602739726,0.0410958904109589,0.0136986301369863,0.4246575342465753,0.0273972602739726,0.0,0.0684931506849315
0.14666666666666667,0.02666666666666667,0.02666666666666667,0.04,0.02666666666666667,0.04,0.04,0.02666666666666667,0.04,0.013333333333333334,0.02666666666666667,0.013333333333333334,0.44,0.02666666666666667,0.013333333333333334,0.05333333333333334
0.15853658536585366,0.024390243902439025,0.04878048780487805,0.036585365853658534,0.024390243902439025,0.024390243902439025,0.024390243902439025,0.024390243902439025,0.024390243902439025,0.024390243902439025,0.012195121951219513,0.024390243902439025,0.4268292682926829,0.036585365853658534,0.024390243902439025,0.06097560975609756
0.16129032258064516,0.010752688172043012,0.03225806451612903,0.03225806451612903,0.03225806451612903,0.043010752688172046,0.021505376344086023,0.021505376344086023,0.0,0.03225806451612903,0.021505376344086023,0.021505376344086023,0.4838709677419355,0.021505376344086023,0.021505376344086023,0.043010752688172046
0.17647058823529413,0.00980392156862745,0.029411764705882353,0.058823529411764705,0.029411764705882353,0.029411764705882353,0.049019607843137254,0.0196078431372549,0.0,0.0392156862745098,0.0,0.0196078431372549,0.46078431372549017,0.0196078431372549,0.0196078431372549,0.0392156862745098
0.20168067226890757,0.008403361344537815,0.04201680672268908,0.05042016806722689,0.025210084033613446,0.025210084033613446,0.03361344537815126,0.01680672268907563,0.0,0.03361344537815126,0.0,0.03361344537815126,0.453781512605042,0.01680672268907563,0.01680672268907563,0.04201680672268908
0.22058823529411764,0.007352941176470588,0.022058823529411766,0.051470588235294115,0.029411764705882353,0.014705882352941176,0.022058823529411766,0.022058823529411766,0.0,0.029411764705882353,0.014705882352941176,0.03676470588235294,0.47058823529411764,0.022058823529411766,0.007352941176470588,0.029411764705882353
0.21768707482993196,0.0,0.027210884353741496,0.06802721088435375,0.027210884353741496,0.02040816326530612,0.013605442176870748,0.027210884353741496,0.0,0.02040816326530612,0.013605442176870748,0.04081632653061224,0.46938775510204084,0.027210884353741496,0.006802721088435374,0.02040816326530612
0.20359281437125748,0.005988023952095809,0.023952095808383235,0.0718562874251497,0.017964071856287425,0.011976047904191617,0.017964071856287425,0.023952095808383235,0.0,0.023952095808383235,0.023952095808383235,0.04790419161676647,0.4491017964071856,0.023952095808383235,0.023952095808383235,0.029940119760479042
0.20320855614973263,0.0213903743315508,0.026737967914438502,0.06951871657754011,0.0213903743315508,0.0106951871657754,0.0213903743315508,0.026737967914438502,0.0,0.026737967914438502,0.0213903743315508,0.03208556149732621,0.44385026737967914,0.026737967914438502,0.026737967914438502,0.0213903743315508
0.22325581395348837,0.018604651162790697,0.018604651162790697,0.08837209302325581,0.013953488372093023,0.018604651162790697,0.018604651162790697,0.023255813953488372,0.004651162790697674,0.009302325581395349,0.018604651162790697,0.027906976744186046,0.44651162790697674,0.027906976744186046,0.023255813953488372,0.018604651162790697
0.25311203319502074,0.016597510373443983,0.012448132780082987,0.07883817427385892,0.012448132780082987,0.008298755186721992,0.016597510373443983,0.03319502074688797,0.008298755186721992,0.02074688796680498,0.008298755186721992,0.029045643153526972,0.42738589211618255,0.024896265560165973,0.03319502074688797,0.016597510373443983
0.24,0.02909090909090909,0.01090909090909091,0.07636363636363637,0.01818181818181818,0.01090909090909091,0.01818181818181818,0.02181818181818182,0.007272727272727273,0.02181818181818182,0.01818181818181818,0.025454545454545455,0.4290909090909091,0.02181818181818182,0.03636363636363636,0.014545454545454545
0.2508250825082508,0.0231023102310231,0.0165016501650165,0.07590759075907591,0.0165016501650165,0.006600660066006601,0.0165016501650165,0.026402640264026403,0.0033003300330033004,0.0231023102310231,0.019801980198019802,0.0297029702970297,0.41914191419141916,0.0297029702970297,0.026402640264026403,0.0165016501650165
0.2694610778443114,0.014970059880239521,0.017964071856287425,0.08982035928143713,0.017964071856287425,0.005988023952095809,0.020958083832335328,0.029940119760479042,0.005988023952095809,0.020958083832335328,0.023952095808383235,0.029940119760479042,0.3712574850299401,0.029940119760479042,0.02694610778443114,0.023952095808383235
0.29333333333333333,0.010666666666666666,0.016,0.104,0.010666666666666666,0.008,0.024,0.02666666666666667,0.008,0.016,0.021333333333333333,0.024,0.35733333333333334,0.024,0.032,0.024
0.29024390243902437,0.00975609756097561,0.014634146341463415,0.1073170731707317,0.00975609756097561,0.007317073170731708,0.01951219512195122,0.03414634146341464,0.014634146341463415,0.01951219512195122,0.024390243902439025,0.01951219512195122,0.348780487804878,0.024390243902439025,0.02926829268292683,0.026829268292682926
0.29130434782608694,0.010869565217391304,0.017391304347826087,0.09565217391304348,0.010869565217391304,0.017391304347826087,0.02391304347826087,0.030434782608695653,0.017391304347826087,0.013043478260869565,0.02391304347826087,0.015217391304347827,0.35434782608695653,0.02391304347826087,0.02608695652173913,0.02826086956521739
0.2966601178781925,0.011787819253438114,0.01768172888015717,0.10412573673870335,0.011787819253438114,0.019646365422396856,0.019646365422396856,0.025540275049115914,0.015717092337917484,0.015717092337917484,0.023575638506876228,0.015717092337917484,0.3516699410609037,0.021611001964636542,0.019646365422396856,0.029469548133595286
0.28622540250447226,0.008944543828264758,0.01967799642218247,0.11806797853309481,0.012522361359570662,0.023255813953488372,0.01967799642218247,0.01967799642218247,0.014311270125223614,0.014311270125223614,0.01967799642218247,0.016100178890876567,0.35778175313059035,0.025044722719141325,0.01967799642218247,0.025044722719141325
0.28688524590163933,0.006557377049180328,0.019672131147540985,0.12950819672131147,0.018032786885245903,0.021311475409836064,0.021311475409836064,0.019672131147540985,0.009836065573770493,0.019672131147540985,0.018032786885245903,0.022950819672131147,0.33934426229508197,0.02459016393442623,0.018032786885245903,0.02459016393442623
0.2773613193403298,0.010494752623688156,0.017991004497751123,0.12593703148425786,0.022488755622188907,0.017991004497751123,0.013493253373313344,0.0239880059970015,0.0074962518740629685,0.020989505247376312,0.020989505247376312,0.029985007496251874,0.3343328335832084,0.031484257871064465,0.01649175412293853,0.02848575712143928
0.27871148459383754,0.011204481792717087,0.01680672268907563,0.12464985994397759,0.0196078431372549,0.02100840336134454,0.015406162464985995,0.025210084033613446,0.018207282913165267,0.02100840336134454,0.0196078431372549,0.03221288515406162,0.32212885154061627,0.03081232492997199,0.015406162464985995,0.028011204481792718
0.2727272727272727,0.01038961038961039,0.02077922077922078,0.12207792207792208,0.01818181818181818,0.024675324675324677,0.01818181818181818,0.024675324675324677,0.01818181818181818,0.025974025974025976,0.02207792207792208,0.033766233766233764,0.2987012987012987,0.03896103896103896,0.02207792207792208,0.02857142857142857
0.26277372262773724,0.015815085158150853,0.019464720194647202,0.13381995133819952,0.01824817518248175,0.0267639902676399,0.02068126520681265,0.029197080291970802,0.0170316301703163,0.023114355231143552,0.01824817518248175,0.029197080291970802,0.291970802919708,0.0413625304136253,0.024330900243309004,0.027980535279805353
0.2747747747747748,0.016891891891891893,0.018018018018018018,0.12387387387387387,0.018018018018018018,0.030405405405405407,0.02027027027027027,0.02927927927927928,0.019144144144144143,0.0259009009009009,0.021396396396396396,0.0259009009009009,0.2916666666666667,0.04054054054054054,0.019144144144144143,0.024774774774774775
0.26750261233019856,0.013584117032392894,0.02089864158829676,0.12330198537095088,0.018808777429467086,0.02089864158829676,0.022988505747126436,0.03761755485893417,0.018808777429467086,0.02821316614420063,0.01671891327063741,0.024033437826541274,0.30303030303030304,0.03657262277951933,0.02089864158829676,0.02612330198537095
0.26435643564356437,0.01782178217821782,0.019801980198019802,0.12574257425742574,0.020792079207920793,0.02178217821782178,0.02178217821782178,0.033663366336633666,0.01782178217821782,0.028712871287128714,0.016831683168316833,0.02277227722772277,0.298019801980198,0.03663366336633663,0.019801980198019802,0.033663366336633666
0.2622798887859129,0.024096385542168676,0.022242817423540315,0.12696941612604262,0.022242817423540315,0.014828544949026877,0.019462465245597776,0.029657089898053754,0.018535681186283594,0.027803521779425393,0.014828544949026877,0.021316033364226137,0.30676552363299353,0.037998146431881374,0.016682113067655237,0.03429101019462465
0.26353149955634425,0.02129547471162378,0.026619343389529725,0.11978704525288376,0.024844720496894408,0.01774622892635315,0.019520851818988466,0.031055900621118012,0.01685891748003549,0.030168589174800354,0.01774622892635315,0.01774622892635315,0.30168589174800353,0.038154392191659274,0.02129547471162378,0.03194321206743567
0.2472939217318901,0.02414654454621149,0.02497918401332223,0.12406328059950042,0.030807660283097418,0.01665278934221482,0.02331390507910075,0.02997502081598668,0.018318068276436304,0.02997502081598668,0.022481265611990008,0.02414654454621149,0.2980849292256453,0.03746877601998335,0.018318068276436304,0.02997502081598668
0.22552166934189405,0.02247191011235955,0.024077046548956663,0.13402889245585875,0.028089887640449437,0.02247191011235955,0.02247191011235955,0.026484751203852328,0.02086677367576244,0.033707865168539325,0.026484751203852328,0.03210272873194221,0.2953451043338684,0.03210272873194221,0.021669341894060994,0.03210272873194221
0.22543792840822544,0.02361005331302361,0.024371667936024372,0.13404417364813404,0.02817974105102818,0.022086824067022087,0.019801980198019802,0.027418126428027417,0.02361005331302361,0.03808073115003808,0.027418126428027417,0.030464584920030464,0.2955064737242955,0.03274942878903275,0.01904036557501904,0.02817974105102818
0.22498173849525202,0.022644265887509132,0.027757487216946677,0.13221329437545654,0.026296566837107377,0.019722425127830533,0.018991964937910884,0.029218407596785977,0.020452885317750184,0.03798392987582177,0.02191380569758948,0.03360116873630387,0.30168005843681517,0.03433162892622352,0.02191380569758948,0.026296566837107377
0.21413721413721415,0.02286902286902287,0.02356202356202356,0.14483714483714483,0.028413028413028413,0.016632016632016633,0.021483021483021482,0.02356202356202356,0.019404019404019403,0.033264033264033266,0.024255024255024255,0.028413028413028413,0.3146223146223146,0.035343035343035345,0.022176022176022176,0.02702702702702703
0.2052139037433155,0.02339572192513369,0.02072192513368984,0.1537433155080214,0.02606951871657754,0.02072192513368984,0.022727272727272728,0.024732620320855617,0.022727272727272728,0.032754010695187165,0.024732620320855617,0.027406417112299464,0.3048128342245989,0.03542780748663102,0.02406417112299465,0.03074866310160428
0.1998706338939198,0.021345407503234153,0.02069857697283312,0.15265200517464425,0.027166882276843468,0.028460543337645538,0.0278137128072445,0.023932729624838292,0.0258732212160414,0.031047865459249677,0.023932729624838292,0.025226390685640362,0.30595084087968955,0.03492884864165589,0.022639068564036222,0.028460543337645538
0.1930043722673329,0.022485946283572766,0.022485946283572766,0.15677701436602123,0.024359775140537165,0.026858213616489695,0.028107432854465958,0.026858213616489695,0.02560899437851343,0.03185509056839475,0.0231105559025609,0.024359775140537165,0.29793878825733916,0.03872579637726421,0.027482823235477825,0.029981261711430358
0.18730933496034166,0.024405125076266018,0.018913971934106162,0.150091519219036,0.021964612568639415,0.026235509456985967,0.03050640634533252,0.027455765710799267,0.02989627821842587,0.02989627821842587,0.024405125076266018,0.03050640634533252,0.3050640634533252,0.03965832824893228,0.026845637583892617,0.026845637583892617
0.19796040791841632,0.022795440911817635,0.02399520095980804,0.14337132573485303,0.022795440911817635,0.03239352129574085,0.02579484103179364,0.027594481103779243,0.028194361127774445,0.03179364127174565,0.02579484103179364,0.029394121175764846,0.2897420515896821,0.038992201559688064,0.026394721055788842,0.032993401319736056
0.18946121965660154,0.02427471876850207,0.02427471876850207,0.1492007104795737,0.023090586145648313,0.02901124925991711,0.023682652457075192,0.02664298401420959,0.03137951450562463,0.03078744819419775,0.02664298401420959,0.03137951450562463,0.28596802841918295,0.03907637655417407,0.027235050325636473,0.037892243931320305
0.18438914027149322,0.021493212669683258,0.02997737556561086,0.14479638009049775,0.02319004524886878,0.030542986425339366,0.024886877828054297,0.026583710407239818,0.028846153846153848,0.03167420814479638,0.026583710407239818,0.02997737556561086,0.2986425339366516,0.03676470588235294,0.02319004524886878,0.038461538461538464
0.18050139275766017,0.019498607242339833,0.024512534818941504,0.14874651810584957,0.02395543175487465,0.028969359331476322,0.022841225626740947,0.027855153203342618,0.029526462395543174,0.03454038997214485,0.025069637883008356,0.030083565459610027,0.29916434540389975,0.04289693593314763,0.024512534818941504,0.03732590529247911
0.18078175895765472,0.021715526601520086,0.025515743756786103,0.14386536373507058,0.02062975027144408,0.028773072747014114,0.0249728555917481,0.030944625407166124,0.024429967426710098,0.03854505971769816,0.02823018458197611,0.02985884907709012,0.3007600434310532,0.04234527687296417,0.02225841476655809,0.03637350705754615
0.18776595744680852,0.022340425531914895,0.023936170212765957,0.14361702127659576,0.021808510638297873,0.03031914893617021,0.026063829787234042,0.03138297872340425,0.026063829787234042,0.035106382978723406,0.027659574468085105,0.02553191489361702,0.29521276595744683,0.0398936170212766,0.021808510638297873,0.04148936170212766
0.18234064785788923,0.024033437826541274,0.02612330198537095,0.13688610240334378,0.02089864158829676,0.03187042842215256,0.02664576802507837,0.030303030303030304,0.02821316614420063,0.03239289446185998,0.029258098223615466,0.02821316614420063,0.30094043887147337,0.03814002089864159,0.022988505747126436,0.04075235109717868
0.18529862174578868,0.026033690658499236,0.02399183256763655,0.13374170495150586,0.021949974476773864,0.030117406840224605,0.02909647779479326,0.031138335885655948,0.02858601327207759,0.03215926493108729,0.027054619703930576,0.03215926493108729,0.2986217457886677,0.03828483920367534,0.02092904543134252,0.0408371618172537
0.17661943319838055,0.024291497975708502,0.02783400809716599,0.13309716599190283,0.025303643724696356,0.029352226720647773,0.028846153846153848,0.030364372469635626,0.029352226720647773,0.03289473684210526,0.02479757085020243,0.03441295546558704,0.298582995951417,0.04200404858299595,0.020242914979757085,0.04200404858299595
0.17314487632508835,0.02624936900555275,0.027763755678950026,0.12973245835436648,0.02675416456335184,0.030792529025744572,0.027763755678950026,0.03028773346794548,0.03028773346794548,0.03281171125694094,0.027763755678950026,0.0353356890459364,0.29883897021706207,0.0408884401817264,0.01867743563856638,0.042907622412922765
0.17352503718393653,0.027268220128904314,0.025780862667327716,0.12890431333663857,0.026276648487853247,0.031234506693108576,0.025780862667327716,0.035696579077838374,0.02825979176995538,0.03173029251363411,0.02875557759048091,0.039167079821517105,0.29846306395637084,0.03867129400099157,0.017848289538919187,0.042637580565195836
0.17601170160897123,0.026328620185275476,0.021940516821062895,0.1340809361287177,0.023890784982935155,0.02925402242808386,0.028766455387615797,0.035592393954168695,0.028278888347147733,0.028766455387615797,0.030716723549488054,0.040468064358849344,0.29741589468551927,0.035592393954168695,0.018527547537786446,0.04436860068259386
0.17163814180929096,0.02444987775061125,0.0234718826405868,0.1334963325183374,0.026405867970660146,0.03129584352078239,0.033251833740831294,0.03667481662591687,0.029339853300733496,0.03374083129584352,0.03374083129584352,0.03569682151589242,0.29584352078239606,0.030317848410757946,0.020048899755501223,0.04058679706601467
0.16486220472440946,0.024606299212598427,0.020177165354330708,0.1328740157480315,0.028543307086614175,0.029035433070866142,0.03543307086614173,0.04133858267716536,0.03051181102362205,0.031496062992125984,0.03051181102362205,0.04133858267716536,0.2937992125984252,0.03346456692913386,0.02066929133858268,0.04133858267716536
0.17421259842519685,0.021653543307086614,0.024114173228346455,0.1309055118110236,0.025590551181102362,0.03198818897637795,0.0344488188976378,0.036909448818897635,0.027559055118110236,0.031003937007874016,0.03248031496062992,0.040354330708661415,0.29281496062992124,0.03248031496062992,0.021653543307086614,0.041830708661417325
0.17635564240351734,0.019052271617000488,0.0268685881778212,0.126038104543234,0.02784562774792379,0.030288226673180263,0.033707865168539325,0.038104543234000976,0.025403028822667317,0.03224230581338544,0.03224230581338544,0.038104543234000976,0.29262335124572547,0.03419638495359062,0.02149487054225696,0.045432340009770394
0.1765285996055227,0.02021696252465483,0.029585798816568046,0.1203155818540434,0.03007889546351085,0.03155818540433925,0.03353057199211045,0.03796844181459566,0.02465483234714004,0.034023668639053255,0.03353057199211045,0.03698224852071006,0.28994082840236685,0.03106508875739645,0.02465483234714004,0.045364891518737675
0.17733268197361993,0.020029311187103077,0.030776746458231558,0.11773326819736199,0.030288226673180263,0.030288226673180263,0.03517342452369321,0.03321934538348803,0.027357107962872496,0.03663898387884709,0.030776746458231558,0.03321934538348803,0.29311187103077674,0.033707865168539325,0.024425989252564728,0.04592085979482169
0.17709849587578846,0.021348859776807377,0.029597282872392043,0.11887433284813198,0.028626880155264434,0.02911208151382824,0.036875303250849104,0.033478893740902474,0.024745269286754003,0.038330907326540514,0.030082484230955848,0.034934497816593885,0.29742843279961184,0.03056768558951965,0.022319262493934983,0.046579330422125184
0.17395577395577397,0.02506142506142506,0.028992628992628992,0.11597051597051597,0.026044226044226043,0.03341523341523341,0.03488943488943489,0.03292383292383293,0.025552825552825554,0.03587223587223587,0.02702702702702703,0.03538083538083538,0.3041769041769042,0.0343980343980344,0.020147420147420148,0.046191646191646195
0.1646131099063578,0.025628388368654508,0.02858551010349926,0.1153277476589453,0.027106949236076885,0.036471168063085264,0.032035485460818136,0.031542631838344014,0.027106949236076885,0.03548546081813701,0.028092656481025137,0.03449975357318876,0.3055692459339576,0.03696402168555939,0.022178413011335635,0.04879250862493839
0.1603727317312408,0.026974006866110838,0.027954879843060325,0.11329082883766552,0.025993133889161354,0.033840117704757235,0.03285924472780775,0.026483570377636097,0.02550269740068661,0.04315841098577734,0.032368808239333004,0.030407062285434036,0.3060323688082393,0.04119666503187837,0.024521824423737126,0.04904364884747425
0.15501968503937008,0.028051181102362203,0.027559055118110236,0.11318897637795275,0.027066929133858268,0.03887795275590551,0.03346456692913386,0.027559055118110236,0.0265748031496063,0.045275590551181105,0.03198818897637795,0.03248031496062992,0.30413385826771655,0.04133858267716536,0.02214566929133858,0.045275590551181105
0.15476190476190477,0.025793650793650792,0.028273809523809524,0.10912698412698413,0.02628968253968254,0.04017857142857143,0.032242063492063495,0.029265873015873016,0.026785714285714284,0.0441468253968254,0.034722222222222224,0.03125,0.30357142857142855,0.0496031746031746,0.02132936507936508,0.04265873015873016
0.16013882002974714,0.029251363411006447,0.024293505205751114,0.11155180961824492,0.022806147744174516,0.039167079821517105,0.029747149231531978,0.03222607833415964,0.02528507684680218,0.04462072384729797,0.03371343579573624,0.03024293505205751,0.30441249380267726,0.047595438770451165,0.022310361923648984,0.042637580565195836
0.15464942814520138,0.0313276976628543,0.025857782197911485,0.11039283938339135,0.025857782197911485,0.03679761312779711,0.029338637493784188,0.028841372451516658,0.030333167578319244,0.04027846842366982,0.033316757831924414,0.030830432620586774,0.31576330183988066,0.043262058677274985,0.02536051715564396,0.03779214321233217
0.16149679960610536,0.03348104382077794,0.026587887740029542,0.10438207779419005,0.0241260462826194,0.03938946331856229,0.03052683407188577,0.029542097488921712,0.03151157065484983,0.04086656819300837,0.03249630723781388,0.03249630723781388,0.3121614967996061,0.03988183161004431,0.0241260462826194,0.03692762186115214
0.15830491962981003,0.03360935216755967,0.025328787140769606,0.10521188504627374,0.027277155382367267,0.039454456892352656,0.028738431563565515,0.03019970774476376,0.029712615684364344,0.038480272771553824,0.03263516804676084,0.03507062834875792,0.3127131027764247,0.039454456892352656,0.02679006332196785,0.037018996590355575
0.15652600588812562,0.03140333660451423,0.02649656526005888,0.10402355250245339,0.028949950932286556,0.03729146221786065,0.03042198233562316,0.030912659470068694,0.029440628066732092,0.04170755642787046,0.033366045142296366,0.0323846908734053,0.3066732090284593,0.03925417075564279,0.029440628066732092,0.04170755642787046
0.1549364613880743,0.03128054740957967,0.03274682306940371,0.09775171065493646,0.030303030303030304,0.03421309872922776,0.030303030303030304,0.033235581622678395,0.030303030303030304,0.043010752688172046,0.029814271749755622,0.030791788856304986,0.3098729227761486,0.036656891495601175,0.03274682306940371,0.042033235581622676
0.15071183112420225,0.031418753068237604,0.03289150711831124,0.09474717722140402,0.03043691703485518,0.03829160530191458,0.02847324496809033,0.031418753068237604,0.027491408934707903,0.04221894943544428,0.030927835051546393,0.031909671084928815,0.32204221894943547,0.033382425135002454,0.03240058910162003,0.041237113402061855
0.1513671875,0.033203125,0.0322265625,0.08740234375,0.03173828125,0.04150390625,0.02978515625,0.0361328125,0.029296875,0.04052734375,0.02783203125,0.03466796875,0.31591796875,0.03515625,0.029296875,0.0439453125
0.15484515484515485,0.029470529470529472,0.026973026973026972,0.08641358641358642,0.030969030969030968,0.037462537462537464,0.033466533466533464,0.032467532467532464,0.029470529470529472,0.038461538461538464,0.028471528471528472,0.03896103896103896,0.32017982017982016,0.036463536463536464,0.028971028971028972,0.04695304695304695
0.1595427435387674,0.030318091451292245,0.028330019880715707,0.08200795228628231,0.029324055666003976,0.03876739562624255,0.03330019880715706,0.03330019880715706,0.030318091451292245,0.039761431411530816,0.030815109343936383,0.039761431411530816,0.31312127236580517,0.033797216699801194,0.030815109343936383,0.04671968190854871
0.159,0.0335,0.0265,0.0775,0.032,0.0385,0.033,0.036,0.03,0.038,0.0315,0.041,0.3205,0.034,0.0265,0.0425
0.16194331983805668,0.03289473684210526,0.027327935222672066,0.07894736842105263,0.03188259109311741,0.039979757085020245,0.03188259109311741,0.04251012145748988,0.029352226720647773,0.038461538461538464,0.03289473684210526,0.04048582995951417,0.3041497975708502,0.03744939271255061,0.025809716599190284,0.04402834008097166
0.16127401415571285,0.03640040444893832,0.028311425682507583,0.07633973710819009,0.03488372093023256,0.042467138523761376,0.032355915065722954,0.03943377148634985,0.03185035389282103,0.03185035389282103,0.029828109201213347,0.041456016177957536,0.3134479271991911,0.038928210313447925,0.02275025278058645,0.03842264914054601
0.15337734890807517,0.0340274250888776,0.027932960893854747,0.07668867445403758,0.03809040121889284,0.04012188928390046,0.03148806500761808,0.03961401726764855,0.029964448958862366,0.02691721686135094,0.03047232097511427,0.0446927374301676,0.3209751142712037,0.04367699339766379,0.026409344845099034,0.03555104113763331
0.1545,0.0335,0.024,0.076,0.033,0.038,0.0295,0.041,0.0295,0.028,0.0315,0.0485,0.327,0.0385,0.0325,0.035
0.1478481012658228,0.03291139240506329,0.02278481012658228,0.0779746835443038,0.034430379746835445,0.03848101265822785,0.029367088607594936,0.0410126582278481,0.030886075949367087,0.030886075949367087,0.028354430379746835,0.04911392405063291,0.3281012658227848,0.035949367088607596,0.034936708860759495,0.0369620253164557
0.1430761369443025,0.03168114460909555,0.021972406745017884,0.08329075114971896,0.0342360756259581,0.036280020439448134,0.032703117015840576,0.04445579969340828,0.02963719979560552,0.030148185998978026,0.032192130812468064,0.04752171691364333,0.3300970873786408,0.03474706182933061,0.030659172202350538,0.03730199284619315
0.14038657171922686,0.030010172939979655,0.025940996948118005,0.08036622583926754,0.031027466937945065,0.03763987792472025,0.02797558494404883,0.04018311291963377,0.028484231943031537,0.028484231943031537,0.0340793489318413,0.05035605289928789,0.34486266531027465,0.028484231943031537,0.0340793489318413,0.03763987792472025
0.13360530341662416,0.030596634370219276,0.02447730749617542,0.08414074451810301,0.030086690464048955,0.035696073431922486,0.02855685874553799,0.041815400305966345,0.031106578276389598,0.025497195308516064,0.034166241713411524,0.04895461499235084,0.34931157572667004,0.030596634370219276,0.03314635390107088,0.0382457929627741
0.12912912912912913,0.02702702702702703,0.026526526526526525,0.0890890890890891,0.02952952952952953,0.032532532532532535,0.02902902902902903,0.037037037037037035,0.03453453453453453,0.024524524524524523,0.03003003003003003,0.046546546546546545,0.35835835835835833,0.03303303303303303,0.03453453453453453,0.03853853853853854
0.1338701560140916,0.026170105686965275,0.026170105686965275,0.09109209864116759,0.03271263210870659,0.03120281831907398,0.029693004529441368,0.03069954705586311,0.035228988424760944,0.024660291897332664,0.028183190739808756,0.043281328636134875,0.36285858077503774,0.03623553095118269,0.03170608958228485,0.03623553095118269
0.13753723932472692,0.025819265143992055,0.024826216484607744,0.09235352532274081,0.02830188679245283,0.02929493545183714,0.03028798411122145,0.03227408142999007,0.03574975173783516,0.02730883813306852,0.026812313803376366,0.047666335650446874,0.3570009930486594,0.038728897715988087,0.028798411122144985,0.03723932472691162
0.14171656686626746,0.02594810379241517,0.023952095808383235,0.09481037924151696,0.02844311377245509,0.03093812375249501,0.03143712574850299,0.02844311377245509,0.03592814371257485,0.029940119760479042,0.02844311377245509,0.04940119760479042,0.34530938123752497,0.03942115768463074,0.027944111776447105,0.03792415169660679
0.14628057913130305,0.02745881178232651,0.029955067398901646,0.09385921118322517,0.026460309535696454,0.02945581627558662,0.03195207189216176,0.029955067398901646,0.03344982526210684,0.027958062905641536,0.029955067398901646,0.0454318522216675,0.344982526210684,0.040439340988517224,0.026460309535696454,0.03594608087868198
0.1492094861660079,0.030632411067193676,0.03409090909090909,0.09436758893280632,0.022233201581027668,0.02816205533596838,0.030632411067193676,0.030632411067193676,0.03804347826086957,0.03260869565217391,0.029644268774703556,0.045454545454545456,0.33152173913043476,0.04100790513833992,0.025197628458498024,0.036561264822134384
0.14975124378109453,0.02935323383084577,0.034328358208955224,0.09601990049751244,0.023383084577114428,0.03134328358208955,0.029850746268656716,0.023880597014925373,0.03681592039800995,0.03333333333333333,0.027860696517412936,0.0472636815920398,0.32686567164179103,0.042786069651741296,0.02736318407960199,0.03980099502487562
0.15137844611528822,0.03258145363408521,0.033583959899749376,0.0912280701754386,0.02406015037593985,0.039097744360902256,0.02857142857142857,0.02556390977443609,0.036591478696741855,0.03558897243107769,0.028070175438596492,0.04461152882205514,0.3213032581453634,0.04160401002506266,0.028070175438596492,0.0380952380952381
0.1562809099901088,0.03066271018793274,0.03066271018793274,0.08011869436201781,0.025717111770524232,0.03956478733926805,0.03115727002967359,0.029179030662710187,0.03758654797230465,0.037091988130563795,0.025717111770524232,0.0410484668644906,0.3229475766567755,0.040553907022749754,0.03016815034619189,0.04154302670623145
0.15177234148776836,0.02945581627558662,0.02895656515227159,0.0783824263604593,0.02945581627558662,0.038941587618572145,0.032950574138791815,0.02745881178232651,0.036445332001997004,0.03744383424862706,0.02745881178232651,0.04143784323514728,0.3325012481278083,0.03594608087868198,0.02745881178232651,0.04393409885172242
0.15910224438902743,0.030922693266832918,0.02743142144638404,0.0773067331670823,0.02942643391521197,0.0344139650872818,0.032418952618453865,0.026932668329177057,0.029925187032418952,0.03940149625935162,0.02593516209476309,0.0399002493765586,0.33615960099750625,0.03541147132169576,0.030922693266832918,0.044389027431421445
0.14917951268025859,0.029338637493784188,0.0278468423669816,0.08403779214321233,0.03281949278965689,0.03779214321233217,0.03232222774738936,0.025857782197911485,0.035305818000994534,0.03580308304326206,0.026852312282446545,0.037294878170064646,0.33316757831924415,0.036300348085529587,0.0313276976628543,0.04475385380407757
0.1491575817641229,0.02576808721506442,0.026759167492566897,0.08473736372646185,0.03369672943508424,0.040634291377601585,0.02923686818632309,0.026759167492566897,0.037165510406342916,0.038156590683845394,0.02576808721506442,0.036669970267591674,0.33696729435084244,0.03766105054509415,0.02923686818632309,0.04162537165510406
0.14831573655103067,0.02815485168426345,0.026143790849673203,0.08999497234791352,0.03217697335344394,0.04122674710910005,0.030668677727501256,0.029160382101558573,0.033685268979386625,0.033685268979386625,0.029663147310206132,0.03117144293614882,0.33986928104575165,0.038210155857214684,0.029160382101558573,0.038712921065862244
0.15159045725646123,0.029324055666003976,0.027833001988071572,0.08648111332007952,0.03230616302186879,0.039761431411530816,0.030815109343936383,0.03330019880715706,0.03330019880715706,0.032803180914512925,0.031312127236580514,0.032803180914512925,0.3364811133200795,0.037276341948310136,0.027833001988071572,0.036779324055666
0.14676616915422885,0.03034825870646766,0.02736318407960199,0.08606965174129354,0.034328358208955224,0.045771144278606964,0.03631840796019901,0.030845771144278607,0.030845771144278607,0.03582089552238806,0.03034825870646766,0.03383084577114428,0.3283582089552239,0.03731343283582089,0.027860696517412936,0.03781094527363184
0.14328358208955225,0.0263681592039801,0.025373134328358207,0.0880597014925373,0.03333333333333333,0.046766169154228855,0.031840796019900496,0.028855721393034824,0.03631840796019901,0.03781094527363184,0.028855721393034824,0.03482587064676617,0.33681592039800995,0.03582089552238806,0.027860696517412936,0.03781094527363184
0.14397649363369247,0.02497551420176298,0.02595494613124388,0.0901077375122429,0.03281096963761019,0.042605288932419196,0.02693437806072478,0.030362389813907934,0.03623898139079334,0.040156709108716944,0.02840352595494613,0.03819784524975514,0.3437806072477963,0.034769833496571985,0.02693437806072478,0.03379040156709109
0.1473170731707317,0.02878048780487805,0.027804878048780488,0.09170731707317073,0.02926829268292683,0.04097560975609756,0.02829268292682927,0.03170731707317073,0.03024390243902439,0.03853658536585366,0.026829268292682926,0.03414634146341464,0.3473170731707317,0.036585365853658534,0.027804878048780488,0.032682926829268294
0.14349112426035504,0.029585798816568046,0.027120315581854043,0.09763313609467456,0.027613412228796843,0.03648915187376726,0.027613412228796843,0.029092702169625246,0.028599605522682446,0.041913214990138066,0.03106508875739645,0.03205128205128205,0.3530571992110454,0.034023668639053255,0.029092702169625246,0.03155818540433925
0.14602861371484954,0.030587074494326592,0.028120374938332512,0.1050814010853478,0.02713369511593488,0.03453379378391712,0.026640355204736062,0.030587074494326592,0.0246669955599408,0.038480513073507645,0.031080414405525406,0.03453379378391712,0.34731129748396644,0.03453379378391712,0.030587074494326592,0.030093734583127776
0.1495601173020528,0.029814271749755622,0.03128054740957967,0.10410557184750734,0.024926686217008796,0.03372434017595308,0.024926686217008796,0.029814271749755622,0.02737047898338221,0.03470185728250244,0.030303030303030304,0.03567937438905181,0.34457478005865105,0.03519061583577713,0.030791788856304986,0.033235581622678395
0.1489465948064674,0.02939735423811857,0.029887310142087214,0.10044096031357178,0.02253797158255757,0.03135717785399314,0.028417442430181284,0.02792748652621264,0.02792748652621264,0.035276825085742286,0.027437530622243998,0.03576678098971093,0.3512983831455169,0.039196472317491425,0.03184713375796178,0.03233708966193043
0.1552579365079365,0.02976190476190476,0.03422619047619048,0.09821428571428571,0.023313492063492064,0.028273809523809524,0.02976190476190476,0.033234126984126984,0.025793650793650792,0.03422619047619048,0.028273809523809524,0.03422619047619048,0.3382936507936508,0.04117063492063492,0.030753968253968252,0.03521825396825397
0.1515601783060921,0.032194155522535906,0.03268945022288262,0.09014363546310054,0.026250619118375434,0.02674591381872214,0.02922238732045567,0.033680039623576026,0.02922238732045567,0.033680039623576026,0.030212976721149084,0.03516592372461615,0.34076275383853394,0.04011887072808321,0.03467062902426944,0.033680039623576026
0.15575396825396826,0.03273809523809524,0.03125,0.08878968253968254,0.025297619047619048,0.025793650793650792,0.029265873015873016,0.036210317460317464,0.030257936507936508,0.029265873015873016,0.03422619047619048,0.03521825396825397,0.3427579365079365,0.040674603174603176,0.03273809523809524,0.02976190476190476
0.1593984962406015,0.02857142857142857,0.03007518796992481,0.08471177944862156,0.02606516290726817,0.026566416040100252,0.03007518796992481,0.036591478696741855,0.030576441102756893,0.03107769423558897,0.03759398496240601,0.03609022556390978,0.34385964912280703,0.039097744360902256,0.03107769423558897,0.02857142857142857
0.1593625498007968,0.029880478087649404,0.035358565737051796,0.08764940239043825,0.026892430278884463,0.022410358565737053,0.030378486055776893,0.03386454183266932,0.035358565737051796,0.026892430278884463,0.036354581673306775,0.03934262948207171,0.33117529880478086,0.044820717131474105,0.030876494023904383,0.029382470119521914
0.16069651741293534,0.02935323383084577,0.031840796019900496,0.08557213930348259,0.028855721393034824,0.027860696517412936,0.03134328358208955,0.03333333333333333,0.03233830845771144,0.029850746268656716,0.03631840796019901,0.04079601990049751,0.3243781094527363,0.04378109452736319,0.03283582089552239,0.030845771144278607
0.16292974588938713,0.025411061285500747,0.029397110114598904,0.08719481813652218,0.030393622321873443,0.025411061285500747,0.030393622321873443,0.03487792725460887,0.03487792725460887,0.03388141504733433,0.03687095166915795,0.04484304932735426,0.3173891380169407,0.043348281016442454,0.029895366218236172,0.03288490284005979
