C,D,Oc,Od
0.0,0.0,1.0,0.0
0.0,0.0,0.6666666666666666,0.3333333333333333
0.0,0.0,0.5,0.5
0.0,0.0,0.5416666666666666,0.4583333333333333
0.05,0.05,0.475,0.425
0.06451612903225806,0.04838709677419355,0.5,0.3870967741935484
0.07142857142857142,0.05102040816326531,0.5,0.37755102040816324
0.08461538461538462,0.05384615384615385,0.47692307692307695,0.38461538461538464
0.08762886597938144,0.05154639175257732,0.4896907216494845,0.3711340206185567
0.10566037735849057,0.06415094339622641,0.4830188679245283,0.3471698113207547
0.11570247933884298,0.07162534435261708,0.4820936639118457,0.3305785123966942
0.12761506276150628,0.0899581589958159,0.4602510460251046,0.32217573221757323
0.12131147540983607,0.10163934426229508,0.4639344262295082,0.31311475409836065
0.13202614379084968,0.11241830065359477,0.44052287581699345,0.3150326797385621
0.1414141414141414,0.12682379349046016,0.43097643097643096,0.30078563411896747
0.14829268292682926,0.13560975609756099,0.42829268292682926,0.28780487804878047
0.1542952460383653,0.14011676396997497,0.4303586321934946,0.27522935779816515
0.1587183308494784,0.15350223546944858,0.4195230998509687,0.26825633383010433
0.1569806279225117,0.15030060120240482,0.43286573146292584,0.25985303941215765
0.15893630179344465,0.1564625850340136,0.4260977118119975,0.2585034013605442
0.1598173515981735,0.1678082191780822,0.4223744292237443,0.25
0.16772486772486772,0.16613756613756614,0.41904761904761906,0.24708994708994708
0.1760280842527583,0.17552657973921765,0.41223671013039115,0.2362086258776329
0.17678227360308285,0.18159922928709055,0.41184971098265893,0.22976878612716764
0.19318712085860942,0.17545496966868876,0.4087727484834344,0.2225851609892674
0.19400921658986175,0.18387096774193548,0.40138248847926267,0.2207373271889401
0.19456812110418523,0.17898486197684774,0.40828138913624223,0.21816562778272486
0.1966341895482728,0.1762621789193977,0.41275465013286095,0.21434898139946856
0.1947019867549669,0.17924944812362031,0.411037527593819,0.21501103752759382
0.19397697077059345,0.18290522586359612,0.4092116917626218,0.21390611160318868
0.1925438596491228,0.18289473684210528,0.4070175438596491,0.21754385964912282
0.19982316534040673,0.1852343059239611,0.400972590627763,0.21396993810786913
0.2051168945743273,0.1839435377150419,0.3974415527128363,0.21349801499779444
0.20458553791887124,0.18430335097001763,0.3977072310405644,0.21340388007054673
0.20527472527472526,0.1832967032967033,0.3986813186813187,0.21274725274725276
0.20615796519410978,0.18384649709950915,0.394020526550647,0.21597501115573406
0.20943562610229277,0.18121693121693122,0.39285714285714285,0.21649029982363316
0.20500438981562774,0.18832309043020193,0.38893766461808604,0.2177348551360843
0.20860781730346947,0.18796662274923145,0.37856829161176986,0.22485726833552921
0.20607661822985468,0.18626155878467635,0.380449141347424,0.22721268163804492
0.2062171628721541,0.18388791593695272,0.37959719789842383,0.23029772329246936
0.20593445527015058,0.17980513728963685,0.38396811337466785,0.23029229406554472
0.20619469026548673,0.1836283185840708,0.381858407079646,0.22831858407079647
0.20210896309314588,0.18629173989455183,0.37917398945518455,0.23242530755711774
0.20381036774479397,0.18608772707133364,0.38325210456358,0.22684980062029242
0.21391076115485563,0.19028871391076116,0.37226596675415574,0.22353455818022747
0.21626373626373627,0.1832967032967033,0.3723076923076923,0.22813186813186814
0.21204072598494908,0.18902169101372288,0.37273129703408586,0.22620628596724215
0.22236842105263158,0.18421052631578946,0.3653508771929825,0.22807017543859648
0.21957671957671956,0.19047619047619047,0.36948853615520283,0.2204585537918871
0.2141280353200883,0.18852097130242826,0.36644591611479027,0.23090507726269316
0.2201062887511072,0.1824623560673162,0.36935341009743133,0.22807794508414525
0.223654957759004,0.1858603823921743,0.3668297020898177,0.223654957759004
0.2234931808183018,0.18653761548614167,0.36427628684557856,0.225692916849978
0.22324159021406728,0.18872870249017037,0.36304062909567497,0.22498907820008737
0.2173721340388007,0.19091710758377425,0.36904761904761907,0.222663139329806
0.22715289982425307,0.18760984182776802,0.36379613356766255,0.22144112478031636
0.2276923076923077,0.18769230769230769,0.3648351648351648,0.21978021978021978
0.2315882874889086,0.17613132209405502,0.3673469387755102,0.22493345164152617
0.23302263648468707,0.1739902352418997,0.36395916555703506,0.22902796271637815
0.2325684024713151,0.17740511915269197,0.36893203883495146,0.2210944395410415
0.2307017543859649,0.18728070175438596,0.3675438596491228,0.21447368421052632
0.23186470850022253,0.18157543391188252,0.3733867378727192,0.2131731197151758
0.2375933245498463,0.18269653052261747,0.3658322353974528,0.21387790953008345
0.23302671922908455,0.18878668418747263,0.36268068331143233,0.21550591327201052
0.2369460289600702,0.1899956121105748,0.3571741992101799,0.21588415971917507
0.2378021978021978,0.19472527472527473,0.3516483516483517,0.21582417582417582
0.24124343257443082,0.1957092819614711,0.3480735551663748,0.2149737302977233
0.250992501102779,0.1940891045434495,0.34053815615350685,0.21438023820026467
0.2432077125328659,0.19588080631025417,0.33917616126205086,0.22173531989482909
0.24891209747606616,0.19451697127937337,0.3394255874673629,0.21714534377719757
0.25208974923009236,0.1957765068191817,0.33875934887813464,0.2133743950725913
0.24502432551968156,0.19858469703670942,0.33746130030959753,0.21892967713401149
0.25274243089074155,0.19877139096094779,0.33260201842913556,0.21588415971917507
0.25164113785557984,0.19956236323851204,0.325164113785558,0.2236323851203501
0.24844444444444444,0.20177777777777778,0.3248888888888889,0.2248888888888889
0.23963334788302051,0.20122217372326495,0.32693147097337405,0.23221300742034046
0.25,0.20202464788732394,0.320862676056338,0.22711267605633803
0.24845814977973568,0.2026431718061674,0.32422907488986785,0.22466960352422907
0.2471315092674316,0.20344218887908208,0.32215357458075905,0.22727272727272727
0.2490118577075099,0.20377689942907334,0.31796223100570925,0.22924901185770752
0.25274243089074155,0.20579201404124617,0.31592803861342694,0.22553751645458534
0.24611973392461198,0.20798226164079822,0.3228381374722838,0.22305986696230598
0.23878627968337732,0.21767810026385223,0.32189973614775724,0.22163588390501318
0.24514991181657847,0.21604938271604937,0.31569664902998235,0.22310405643738976
0.2514210756449497,0.21119370354175776,0.31613467424573677,0.22125054656755574
0.25066904549509367,0.21632471008028545,0.3086529884032114,0.22435325602140946
0.25253415601586604,0.2128691053327457,0.30586161304539444,0.22873512560599382
0.24879120879120878,0.21054945054945054,0.309010989010989,0.23164835164835165
0.2524401064773736,0.2067435669920142,0.30922803904170365,0.2315882874889086
0.2511091393078971,0.21206743566992015,0.30479148181011534,0.23203194321206744
0.25847644209599296,0.21224130339057684,0.3055922501100837,0.22369000440334655
0.25626620570440795,0.21348314606741572,0.29775280898876405,0.23249783923941228
0.2613835376532399,0.21628721541155868,0.28765323992994746,0.23467600700525393
0.2625223613595707,0.21422182468694095,0.2938282647584973,0.22942754919499106
0.2639437856829161,0.2147562582345191,0.29117259552042163,0.23012736056214317
0.26031042128603105,0.21197339246119734,0.29889135254988913,0.22882483370288248
0.258688957325121,0.21777386713594368,0.28948526176858774,0.23405191377034756
0.2563540753724803,0.21779141104294478,0.2900964066608238,0.2357581069237511
0.2595352915387988,0.210872424375274,0.2954844366505918,0.2341078474353354
0.26058489742470536,0.214316892186818,0.2837189000436491,0.2413793103448276
0.25803610744165567,0.21356230735358872,0.2862175253192426,0.242184059885513
0.2621657167908812,0.2117492327926348,0.28233231039017975,0.24375274002630426
0.25782282944028206,0.21110621419127368,0.2847069193477303,0.24636403702071397
0.2599118942731278,0.20616740088105726,0.2828193832599119,0.2511013215859031
0.2606219886114761,0.20630749014454666,0.28383705650459923,0.24923346473937802
0.26840017628911417,0.19920669898633758,0.28074041427941826,0.25165271044513
0.26983435047951176,0.1965998256320837,0.2877070619006103,0.24585876198779424
0.2745525971191619,0.19598428633784373,0.281972937581842,0.24749017896115233
0.2777292576419214,0.19694323144104803,0.2847161572052402,0.2406113537117904
0.2808738296923763,0.19884083816317433,0.27819884083816315,0.24208649130628623
0.2864120781527531,0.19271758436944939,0.28596802841918295,0.23490230905861456
0.2854625550660793,0.19295154185022026,0.2872246696035242,0.2343612334801762
0.28804587560652845,0.19320688134097927,0.28407587119541244,0.23467137185707984
0.28872312417727075,0.19218955682316805,0.2786309784993418,0.24045634050021938
0.2871024734982332,0.19346289752650175,0.28136042402826855,0.23807420494699646
0.28407587119541244,0.19541243934715483,0.2792236435818262,0.24128804587560654
0.2925764192139738,0.19912663755458515,0.2786026200873362,0.22969432314410482
0.29117259552042163,0.19148001756697408,0.27931488801054016,0.23803249890206413
0.2937554969217238,0.19217238346525944,0.2832014072119613,0.23087071240105542
0.28996447602131437,0.19493783303730017,0.28285968028419184,0.2322380106571936
0.29030837004405285,0.19383259911894274,0.27973568281938327,0.23612334801762114
0.2899122807017544,0.19035087719298247,0.2850877192982456,0.23464912280701755
0.2902938557435441,0.19145146927871773,0.27960819234194123,0.23864648263579696
0.2826761187416925,0.19627824545857334,0.27957465662383696,0.24147097917589722
0.2814159292035398,0.19734513274336282,0.2778761061946903,0.24336283185840707
0.2817089452603471,0.20338228749443701,0.27770360480640854,0.2372051624388073
0.279842588543944,0.20594665500655882,0.2824661128115435,0.23174464363795366
0.2783866725120561,0.210872424375274,0.28452433143358175,0.22621657167908812
0.28189390618149934,0.2117492327926348,0.28540113985094256,0.2209557211749233
0.28734622144112476,0.21133567662565905,0.2781195079086116,0.22319859402460457
0.2921646746347942,0.21159805223550243,0.27622841965471445,0.22000885347498894
0.28558989986939487,0.21462777535916414,0.2786242925555072,0.22115803221593383
0.2921249450065992,0.21205455345358556,0.27496700395952484,0.22085349758029035
0.2931110136024572,0.20666959192628345,0.2759982448442299,0.2242211496270294
0.28820200261210277,0.21027427078798433,0.2751414888985633,0.22638223770134958
0.2903225806451613,0.2109851787271142,0.2724498692240628,0.2262423714036617
0.29078947368421054,0.2074561403508772,0.2771929824561403,0.22456140350877193
0.2937803264225849,0.19894133215703572,0.27966475518306133,0.22761358623731803
0.2974290780141844,0.20079787234042554,0.2721631205673759,0.2296099290780142
0.2915015411712902,0.2043152796125055,0.2650814619110524,0.23910171730515192
0.2848990342405619,0.2032484635645303,0.2721685689201054,0.23968393327480245
0.28558718861209964,0.20284697508896798,0.2709074733096085,0.24065836298932383
0.2890148212728858,0.20444638186573671,0.2680906713164778,0.23844812554489975
0.28824049513704686,0.20512820512820512,0.27144120247568526,0.23519009725906279
0.286281429201588,0.20644022937803264,0.2779003087781209,0.22937803264225848
0.291906236178682,0.20300751879699247,0.2781954887218045,0.226890756302521
0.2931937172774869,0.1993891797556719,0.27356020942408377,0.2338568935427574
0.2911392405063291,0.2034046268005238,0.2723701440419031,0.233085988651244
0.29540481400437635,0.19824945295404814,0.2735229759299781,0.23282275711159736
0.2962798937112489,0.19973427812223207,0.275022143489814,0.22896368467670505
0.29673202614379085,0.20043572984749455,0.2736383442265795,0.22919389978213509
0.2945084145261293,0.20637732506643047,0.27147918511957486,0.22763507528786536
0.2982917214191853,0.20543144984669295,0.2728865527814279,0.2233902759526938
0.290616854908775,0.20894874022589052,0.27541268462206775,0.22502172024326672
0.2900564481111594,0.21016066000868433,0.2748588797221016,0.22492401215805471
0.2836411609498681,0.218117854001759,0.2704485488126649,0.227792436235708
0.28502202643171803,0.21585903083700442,0.27268722466960355,0.226431718061674
0.2871024734982332,0.21819787985865724,0.2707597173144876,0.22393992932862192
0.28345765686704694,0.21763931548924967,0.2738043001316367,0.2250987275120667
0.2857142857142857,0.21954425942156003,0.27169149868536374,0.22304995617879053
0.28797190517998245,0.21992976294995611,0.27480245829675154,0.21729587357330993
0.27989487516425754,0.22120017520805957,0.2768287341217696,0.22207621550591328
0.2883082373782108,0.22099202834366696,0.26970770593445526,0.22099202834366696
0.28975265017667845,0.2230565371024735,0.26325088339222613,0.22393992932862192
0.2905494505494505,0.21626373626373627,0.25274725274725274,0.24043956043956044
0.2849604221635884,0.22119613016710643,0.25769569041336854,0.23614775725593667
0.29378283712784586,0.2136602451838879,0.2526269702276708,0.23992994746059546
0.287521815008726,0.2194589877835951,0.2547993019197208,0.23821989528795812
0.2913732394366197,0.21390845070422534,0.25132042253521125,0.24339788732394366
0.28923076923076924,0.21494505494505495,0.2501098901098901,0.24571428571428572
0.29091706888986396,0.21369021500658184,0.24747696358051777,0.2479157525230364
0.29190371991247266,0.21050328227571116,0.2525164113785558,0.24507658643326038
0.2981993851559069,0.21387790953008345,0.24593763724198506,0.2419850680720246
0.2984084880636605,0.21264367816091953,0.2519893899204244,0.2369584438549956
0.29155555555555557,0.216,0.25377777777777777,0.23866666666666667
0.2939885914874945,0.21895568231680562,0.2544975866608161,0.23255813953488372
0.2937803264225849,0.22011468901632114,0.2514336127040141,0.23467137185707984
0.29658792650918636,0.2226596675415573,0.25021872265966755,0.23053368328958881
0.301056338028169,0.21963028169014084,0.2482394366197183,0.23107394366197184
0.30293730819815873,0.21657167908811925,0.24506795265234546,0.2354230600613766
0.30816505706760317,0.22036874451273047,0.2462686567164179,0.22519754170324846
0.31100266193433895,0.22182786157941436,0.240905057675244,0.22626441881100265
0.3086745926904447,0.22236900044033464,0.24614707177454867,0.22280933509467196
0.3070136744596383,0.2227613586237318,0.24878694309660343,0.22143802382002647
0.3064373897707231,0.21957671957671956,0.2517636684303351,0.2222222222222222
0.29912663755458513,0.22707423580786026,0.24934497816593887,0.2244541484716157
0.29666958808063104,0.22699386503067484,0.2563540753724803,0.21998247151621383
0.29507475813544415,0.2260334212840809,0.2563764291996482,0.22251539138082674
0.299469964664311,0.2234982332155477,0.25353356890459366,0.2234982332155477
0.30087719298245613,0.218859649122807,0.24912280701754386,0.23114035087719298
0.30062724014336917,0.21818996415770608,0.24910394265232974,0.23207885304659498
0.3025618374558304,0.2230565371024735,0.24690812720848057,0.22747349823321555
0.30369718309859156,0.22007042253521128,0.24559859154929578,0.2306338028169014
0.2968136185072021,0.22391968572675688,0.2439982540375382,0.23526844172850284
0.29494505494505496,0.22373626373626374,0.2465934065934066,0.2347252747252747
0.29261862917398945,0.22847100175746923,0.24868189806678384,0.23022847100175747
0.3004424778761062,0.22964601769911505,0.24336283185840707,0.22654867256637168
0.30070859167404784,0.2267493356953056,0.24446412754650132,0.22807794508414525
0.30606860158311344,0.23043095866314864,0.24010554089709762,0.2233948988566403
0.3149049093321539,0.2260061919504644,0.24148606811145512,0.21760283060592658
0.31008771929824563,0.22236842105263158,0.24605263157894736,0.22149122807017543
0.30796460176991153,0.2234513274336283,0.24646017699115044,0.22212389380530972
0.30776014109347444,0.21869488536155202,0.2508818342151676,0.222663139329806
0.30299032541776605,0.22251539138082674,0.2497801231310466,0.2247141600703606
0.3013820775746768,0.2224699063753901,0.25323227819884087,0.22291573785109228
0.2948661693725318,0.22641509433962265,0.24923211935059236,0.22948661693725317
0.3019867549668874,0.2185430463576159,0.24856512141280354,0.23090507726269316
0.30144800351031154,0.22114962702939886,0.2448442299254059,0.23255813953488372
0.30164371390493117,0.21634828964904487,0.24877832074633496,0.23322967569968903
0.3008849557522124,0.22123893805309736,0.2482300884955752,0.22964601769911505
0.3004405286343612,0.2251101321585903,0.23920704845814977,0.23524229074889869
0.30272407732864676,0.22759226713532513,0.23637961335676624,0.23330404217926187
0.3046153846153846,0.2276923076923077,0.23648351648351648,0.2312087912087912
0.2982917214191853,0.2325886990801577,0.2378449408672799,0.23127463863337713
0.28803156510302497,0.22884699693117053,0.2476983779044279,0.2354230600613766
0.2832369942196532,0.23299244108492664,0.24544241885282347,0.2383281458425967
0.28692170818505336,0.23576512455516013,0.24377224199288255,0.23354092526690393
0.2901805372082783,0.23293703214442976,0.23381770145310435,0.2430647291941876
0.28735632183908044,0.23740053050397877,0.23032714412024757,0.24491600353669318
0.2896703296703297,0.23032967032967033,0.23736263736263735,0.24263736263736263
0.2930658525948539,0.22764936764064544,0.2381160052333188,0.24116877453118185
0.29907773386034253,0.22793148880105402,0.2318840579710145,0.24110671936758893
0.3019366197183099,0.22535211267605634,0.23283450704225353,0.23987676056338028
0.30448154657293497,0.22231985940246046,0.23242530755711774,0.24077328646748683
0.3031774051191527,0.22241835834068843,0.23036187113857018,0.2440423654015887
0.29871851524524967,0.2284577993813522,0.23110914714980116,0.241714538223597
0.299390774586597,0.22236727589208008,0.2362924281984334,0.24194952132288947
0.2977332170880558,0.21970357454228423,0.23714036617262424,0.24542284219703575
0.2975352112676056,0.21919014084507044,0.2381161971830986,0.24515845070422534
0.2960352422907489,0.21894273127753303,0.23348017621145375,0.2515418502202643
0.3033072236727589,0.21105308964316796,0.2288946910356832,0.25674499564838993
0.3041351711871943,0.21831925300133392,0.2218763895064473,0.25566918630502444
0.29871851524524967,0.2205037560760053,0.22403888643393724,0.25673884224480775
0.29780701754385963,0.2236842105263158,0.2206140350877193,0.2578947368421053
0.2943495400788436,0.23039859833552342,0.2172579938677179,0.25799386771791505
0.2949671772428884,0.23413566739606126,0.2074398249452954,0.2634573304157549
0.3009198423127464,0.23302671922908455,0.2102496714848883,0.2558037669732808
0.30219298245614035,0.22850877192982455,0.2118421052631579,0.2574561403508772
0.3053866203301477,0.22893136403127715,0.20807993049522155,0.2576020851433536
0.3001760563380282,0.2306338028169014,0.2108274647887324,0.258362676056338
0.29946761313220943,0.23691215616681455,0.2054125998225377,0.25820763087843834
0.29476462824461064,0.23405191377034756,0.20589529256489222,0.2652881654201496
0.29978213507625273,0.23311546840958605,0.19738562091503267,0.26971677559912854
0.3085387323943662,0.22711267605633803,0.19674295774647887,0.2676056338028169
0.31117957746478875,0.21610915492957747,0.19982394366197184,0.272887323943662
0.3108581436077058,0.21234676007005254,0.2031523642732049,0.2736427320490368
0.3034300791556728,0.21459982409850484,0.20140721196130168,0.2805628847845207
0.30456171735241505,0.21779964221824688,0.20214669051878353,0.27549194991055453
0.3107989464442493,0.22080772607550483,0.20237050043898155,0.2660228270412643
0.3059340659340659,0.22417582417582418,0.2021978021978022,0.2676923076923077
0.3064091308165057,0.22388059701492538,0.20456540825285338,0.26514486391571557
0.31097560975609756,0.22081881533101044,0.1990418118466899,0.2691637630662021
0.30603258476442097,0.22324966974900926,0.202113606340819,0.26860413914575076
0.3031374281926646,0.22492266902342023,0.2010605391073796,0.2708793636765356
0.30026338893766463,0.2273924495171203,0.20500438981562774,0.26733977172958734
0.30105170902716916,0.22480280455740578,0.20990359333917616,0.2642418930762489
0.2969090117544623,0.22768828907270353,0.21201567261645624,0.26338702655637786
0.2940133037694013,0.23015521064301553,0.2088691796008869,0.26696230598669624
0.29164825452938575,0.2359699513919576,0.21166593018117544,0.2607158638974812
0.29303547963206306,0.23740692071835304,0.2076215505913272,0.2619360490582567
0.2968056787932564,0.2377994676131322,0.21251109139307897,0.2528837622005324
0.28986784140969163,0.2422907488986784,0.2105726872246696,0.25726872246696036
0.287598944591029,0.24318381706244502,0.2088830255057168,0.26033421284080915
0.2848939929328622,0.2411660777385159,0.2146643109540636,0.2592756183745583
0.29056437389770723,0.23721340388007053,0.2138447971781305,0.2583774250440917
0.2867808519982433,0.2393500219587176,0.21563460693895475,0.25823451910408435
0.2869757174392936,0.23576158940397351,0.21986754966887417,0.25739514348785875
0.2804395604395604,0.23868131868131867,0.22153846153846155,0.25934065934065936
0.27456140350877195,0.24166666666666667,0.22543859649122808,0.25833333333333336
0.27384076990376205,0.2410323709536308,0.23009623797025372,0.2550306211723535
0.2768686421937196,0.23573639982308714,0.23573639982308714,0.2516585581601061
0.27702407002188184,0.24332603938730854,0.2336980306345733,0.24595185995623634
0.2799646174259177,0.24060150375939848,0.23175586023883238,0.2476780185758514
0.2804186655037069,0.22982991713911904,0.23680767553423462,0.2529437418229394
0.2726477024070022,0.23938730853391685,0.23194748358862144,0.25601750547045954
0.2721238938053097,0.2420353982300885,0.23185840707964603,0.25398230088495577
0.27472527472527475,0.2443956043956044,0.22373626373626374,0.2571428571428571
0.27359721618094823,0.24880382775119617,0.2240104393214441,0.2535885167464115
0.2779991146525011,0.24214254094732182,0.2222222222222222,0.25763612217795484
0.2779012894619831,0.23743886171631837,0.223654957759004,0.26100489106269453
0.2807794508414526,0.2382639503985828,0.22143489813994685,0.2595217006200177
0.27768014059753954,0.2398945518453427,0.22319859402460457,0.2592267135325132
0.2761061946902655,0.23893805309734514,0.21902654867256638,0.265929203539823
0.2697921273772667,0.24325519681556834,0.22335249889429457,0.2636001769128704
0.2709251101321586,0.2365638766519824,0.2277533039647577,0.2647577092511013
0.27144742630884294,0.22921249450065992,0.2300923889133304,0.2692476902771667
0.2760898282694848,0.22501100836635843,0.23249669749009247,0.2664024658740643
0.27770419426048565,0.2260485651214128,0.23002207505518762,0.2662251655629139
0.27304347826086955,0.22695652173913045,0.22652173913043477,0.2734782608695652
0.26843267108167773,0.2260485651214128,0.2282560706401766,0.2772626931567329
0.26513477684489617,0.22492266902342023,0.23773751657092354,0.27220503756076003
0.26380910296067167,0.2191780821917808,0.241714538223597,0.2752982766239505
0.2605820105820106,0.22134038800705466,0.24029982363315697,0.2777777777777778
0.2607158638974812,0.21741051701281486,0.23862129916040653,0.2832523199292974
0.25799386771791505,0.21813403416557162,0.2439772229522558,0.27989487516425754
0.2517605633802817,0.21830985915492956,0.24471830985915494,0.2852112676056338
0.25360734586794925,0.21425448185395715,0.24486226497595104,0.28727590730214253
0.25254762959680993,0.21355782011519717,0.24856003544528135,0.28533451484271155
0.2523158359064843,0.22055580061755625,0.24084693427437143,0.286281429201588
0.2561029738126942,0.21748779405237462,0.23879272081668887,0.28761651131824234
0.25970017636684306,0.21825396825396826,0.23589065255731922,0.2861552028218695
0.2597864768683274,0.21352313167259787,0.23576512455516013,0.29092526690391457
0.2572062084257206,0.21818181818181817,0.24168514412416853,0.28292682926829266
0.2649420160570919,0.21141837644959857,0.23996431757359502,0.2836752899197145
0.2720816688859299,0.2108300044385264,0.23746116289391922,0.2796271637816245
0.26950043821209463,0.21603856266432953,0.2353198948290973,0.2791411042944785
0.2677234698370762,0.2162043152796125,0.23601937472479084,0.2800528401585205
0.2703180212014134,0.22084805653710246,0.24072438162544169,0.2681095406360424
0.26722246599385696,0.21763931548924967,0.2461605967529618,0.26897762176393153
0.2721297107800175,0.22304995617879053,0.2388255915863278,0.2659947414548642
0.27167630057803466,0.2249888839484215,0.23788350377945755,0.26545131169408626
0.2795414462081129,0.2222222222222222,0.23589065255731922,0.2623456790123457
0.2824156305506217,0.22246891651865008,0.2357904085257549,0.25932504440497334
0.2824561403508772,0.22017543859649122,0.2442982456140351,0.2530701754385965
0.28433098591549294,0.22227112676056338,0.24295774647887325,0.25044014084507044
0.28344370860927154,0.2194260485651214,0.24150110375275938,0.2556291390728477
0.28114035087719297,0.21578947368421053,0.24298245614035088,0.2600877192982456
0.27982456140350875,0.21403508771929824,0.24605263157894736,0.2600877192982456
0.27553237722729246,0.21642764015645372,0.24641460234680573,0.2616253802694481
0.282141290039491,0.21676173760421238,0.2505484861781483,0.2505484861781483
0.2778021978021978,0.21274725274725276,0.24747252747252746,0.261978021978022
0.2823788546255507,0.213215859030837,0.24008810572687225,0.2643171806167401
0.27043747238179405,0.21210782147591692,0.2465753424657534,0.2708793636765356
0.27388815499779834,0.20783795684720388,0.24922941435490972,0.26904447380008806
0.2743362831858407,0.20929203539823008,0.2420353982300885,0.2743362831858407
0.2745183887915937,0.2084063047285464,0.24518388791593695,0.27189141856392296
0.2774846086191733,0.21240105540897097,0.2436235708003518,0.26649076517150394
0.28108581436077057,0.20796847635726795,0.2491243432574431,0.2618213660245184
0.2768959435626102,0.20767195767195767,0.2482363315696649,0.2671957671957672
0.27672679278486584,0.214694236691597,0.24681038275406952,0.26176858776946765
0.2781921895568232,0.21412900394910048,0.23826239578762615,0.26941641070645017
0.27430093209054596,0.20994229915667997,0.2436750998668442,0.2720816688859299
0.27264692885550157,0.21034025629695094,0.2421564295183385,0.27485638532920903
0.2731685789938217,0.21712268314210062,0.2436010591350397,0.26610767872903796
0.27763041556145,0.21441202475685234,0.24447391688771,0.2634836427939876
0.27616534740545295,0.2185576077396658,0.24274406332453827,0.262532981530343
0.27065026362038663,0.21660808435852372,0.24428822495606328,0.26845342706502634
0.2695536897923111,0.2209456473707468,0.24304021210782148,0.2664604507291206
0.27336244541484717,0.21921397379912663,0.24017467248908297,0.26724890829694326
0.2683355292050944,0.21826965305226176,0.24549846288976723,0.2678963548528766
0.2727668845315904,0.22004357298474944,0.24313725490196078,0.26405228758169935
0.27104451300132215,0.21947994711326577,0.24195680916703394,0.2675187307183781
0.27093380096448927,0.21964050854888206,0.24419114423498467,0.265234546251644
0.2729693741677763,0.21526853084775854,0.24456280514869064,0.2671992898357745
0.26963812886142985,0.2113857016769638,0.24889673433362755,0.27007943512797883
0.27814864263462397,0.210057854917668,0.24388072986203826,0.26791277258566976
0.2764731945059814,0.20912715994683206,0.24457244129375277,0.26982720425343376
0.2707597173144876,0.21554770318021202,0.24823321554770317,0.26545936395759717
0.27015057573073514,0.22054915854738708,0.24844995571302037,0.2608503100088574
0.2732481269281622,0.2146319964742177,0.24856765094755398,0.2635522256500661
0.27224435590969454,0.22000885347498894,0.24922532093846836,0.25852146967684814
0.2639683238011439,0.22085349758029035,0.25692916849978004,0.25824901011878576
0.271729587357331,0.21905179982440737,0.2510974539069359,0.2581211589113257
0.27240618101545255,0.21677704194260486,0.25518763796909494,0.2556291390728477
0.27264692885550157,0.2200618647812638,0.2483429076447194,0.25894829871851527
0.26532399299474607,0.21453590192644484,0.2565674255691769,0.2635726795096322
0.2631348511383538,0.21672504378283713,0.2561295971978984,0.2640105078809107
0.26687251874724305,0.21879135421261578,0.25363917071018965,0.2606969563299515
0.26587301587301587,0.2156084656084656,0.25970017636684306,0.2588183421516755
0.25587583148558757,0.2146341463414634,0.2665188470066519,0.26297117516629714
0.25505716798592787,0.21899736147757257,0.2594547053649956,0.26649076517150394
0.25539409951563186,0.2162043152796125,0.2637604579480405,0.2646411272567151
0.25879732739420935,0.2178173719376392,0.2592427616926503,0.2641425389755011
0.26123348017621145,0.2185022026431718,0.2577092511013216,0.26255506607929513
0.2629003558718861,0.21841637010676157,0.25756227758007116,0.2611209964412811
0.25768217734855137,0.21466198419666374,0.2655838454784899,0.262071992976295
0.2602921646746348,0.22000885347498894,0.2625055334218681,0.25719344842850816
0.26625111308993765,0.22039180765805877,0.26179875333926983,0.25155832591273375
0.26997366110623355,0.21949078138718173,0.26251097453906935,0.24802458296751537
0.2719298245614035,0.21578947368421053,0.26359649122807016,0.24868421052631579
0.2710606721955478,0.2130074203404627,0.26320384111741596,0.2527280663465735
0.272887323943662,0.21434859154929578,0.26188380281690143,0.25088028169014087
0.2701525054466231,0.21612200435729848,0.257516339869281,0.25620915032679736
0.2721685689201054,0.21466198419666374,0.2594381035996488,0.2537313432835821
0.27325322652425454,0.2109479305740988,0.262572318647085,0.25322652425456166
0.2765864332603939,0.21400437636761488,0.2577680525164114,0.25164113785557984
0.26906222611744085,0.21603856266432953,0.2572304995617879,0.25766871165644173
0.27276707530647987,0.21409807355516638,0.260507880910683,0.2526269702276708
0.2741228070175439,0.20964912280701756,0.26228070175438595,0.25394736842105264
0.2704126426690079,0.2115891132572432,0.2603160667251975,0.25768217734855137
0.2684417285028372,0.21780881711043212,0.25578350065473593,0.25796595373199477
0.26468010517090274,0.21954425942156003,0.25503943908851884,0.2607361963190184
0.2623239436619718,0.2205105633802817,0.2535211267605634,0.2636443661971831
0.2670780079330101,0.21551344204495373,0.25738210665491407,0.2600264433671221
0.27034120734908135,0.20909886264216973,0.25984251968503935,0.26071741032370954
0.2701275846898372,0.20765508139023317,0.2608886933567972,0.26132864056313243
0.272212543554007,0.2077526132404181,0.2656794425087108,0.25435540069686413
0.27009222661396576,0.20509442248572685,0.26877470355731226,0.2560386473429952
0.26959247648902823,0.20152261531571877,0.27183161665920286,0.25705329153605017
0.26480836236933797,0.21341463414634146,0.2700348432055749,0.25174216027874563
0.26884089907448216,0.20846187747906567,0.26928162185985016,0.25341560158660204
0.2674315975286849,0.2118270079435128,0.26963812886142985,0.2511032656663725
0.26544021024967146,0.20805957074025405,0.27639071397284276,0.2501095050372317
0.2668416447944007,0.205161854768154,0.2769028871391076,0.2510936132983377
0.2694663167104112,0.20122484689413822,0.279090113735783,0.25021872265966755
0.26513477684489617,0.20238621299160406,0.2801590808661069,0.25231992929739283
0.2693484914735461,0.20026235242675994,0.279842588543944,0.2505465675557499
0.27510917030567683,0.2,0.27729257641921395,0.24759825327510918
0.2756521739130435,0.19782608695652174,0.27695652173913043,0.24956521739130436
0.27393030436700483,0.1980591089545655,0.2779003087781209,0.25011027790030876
0.2736098852603707,0.1915269196822595,0.2850838481906443,0.2497793468667255
0.2683887915936953,0.19220665499124343,0.28546409807355516,0.2539404553415061
0.26654975887768523,0.19508987286277948,0.2810170977641385,0.25734327049539674
0.2620842572062084,0.19689578713968958,0.2824833702882483,0.25853658536585367
0.2579505300353357,0.20229681978798586,0.28180212014134276,0.2579505300353357
0.256021409455843,0.20606601248884923,0.27386262265834077,0.264049955396967
0.2536010475774771,0.21213443910955915,0.2710606721955478,0.26320384111741596
0.2536520584329349,0.2098273572377158,0.27224435590969454,0.2642762284196547
0.25817706061927603,0.20497165285651983,0.2660270388137811,0.270824247710423
0.2609841827768014,0.20518453427065025,0.2697715289982425,0.2640597539543058
0.2650814619110524,0.2047556142668428,0.2646411272567151,0.2655217965653897
0.2626441881100266,0.20585625554569653,0.26619343389529726,0.2653061224489796
0.26654975887768523,0.21131082858395442,0.2599736957474792,0.2621657167908812
0.2634338138925295,0.20969855832241152,0.25731760594145914,0.26955002184359983
0.26382237701349587,0.20548541575968654,0.26077492381367,0.2699172834131476
0.2652425456163774,0.2060525144637294,0.262572318647085,0.2661326212728082
0.2649122807017544,0.2013157894736842,0.2692982456140351,0.2644736842105263
0.2614779186707477,0.2120682116309576,0.2693484914735461,0.2571053782247486
0.2624175824175824,0.21626373626373627,0.2681318681318681,0.2531868131868132
0.25530035335689044,0.2146643109540636,0.27252650176678445,0.2575088339222615
0.25843188786684185,0.21594393342093737,0.2680683311432326,0.2575558475689882
0.2589010989010989,0.21714285714285714,0.2672527472527473,0.2567032967032967
0.25573192239858905,0.22001763668430335,0.2641093474426808,0.2601410934744268
0.25280646609788954,0.224517287831163,0.2626852267624607,0.2599910193084867
0.24512411347517732,0.23049645390070922,0.2655141843971631,0.25886524822695034
0.25263157894736843,0.21710526315789475,0.2679824561403509,0.26228070175438595
0.2505513895015439,0.21438023820026467,0.27437141596823994,0.2606969563299515
0.24778761061946902,0.21460176991150443,0.27256637168141595,0.2650442477876106
0.25384953805543337,0.21821381434227893,0.2652881654201496,0.26264848218213815
0.2507726269315673,0.22251655629139072,0.2671081677704194,0.2596026490066225
0.2479157525230364,0.21939447125932426,0.2676612549363756,0.2650285212812637
0.2520971302428256,0.2141280353200883,0.26445916114790285,0.2693156732891832
0.24769433465085638,0.21299956082564778,0.2648221343873518,0.27448397013614406
0.24601063829787234,0.21675531914893617,0.25620567375886527,0.28102836879432624
0.24858264282599216,0.2136938508504143,0.2594853903183602,0.2782381160052333
0.2512056115738711,0.2104340201665936,0.25515124945199474,0.28320911880754057
0.24625550660792953,0.2145374449339207,0.25242290748898677,0.286784140969163
0.2447427293064877,0.21610738255033557,0.25100671140939596,0.28814317673378076
0.2467134092900964,0.2112182296231376,0.2567922874671341,0.2852760736196319
0.24989078200087375,0.2162516382699869,0.25076452599388377,0.28309305373525556
0.24659938569548048,0.21851689337428698,0.25010969723562965,0.2847740236946029
0.25011027790030876,0.2192324658138509,0.24922805469783854,0.2814292015880018
0.2535087719298246,0.21447368421052632,0.24517543859649124,0.2868421052631579
0.25011027790030876,0.21702690780767533,0.2399647110719012,0.29289810322011467
0.24966974900924702,0.22016732716864817,0.24394539850286218,0.2862175253192426
0.2560813799203892,0.21760283060592658,0.23927465723131358,0.28704113224237066
0.250987275120667,0.21369021500658184,0.24528301886792453,0.2900394910048267
0.24978204010462074,0.2122929380993897,0.24760244115082825,0.2903225806451613
0.24934152765583845,0.21378402107111502,0.24187884108867427,0.29499561018437226
0.25320371188687585,0.20813079982324348,0.23817940786566505,0.30048608042421565
0.2514336127040141,0.2086457873842082,0.2373180414644905,0.3026025584472872
0.25043630017452007,0.21029668411867364,0.23909249563699825,0.30017452006980805
0.25320371188687585,0.20592134334953602,0.24392399469730447,0.2969509500662837
0.2545454545454545,0.2008869179600887,0.2443458980044346,0.3002217294900222
0.2610989010989011,0.1912087912087912,0.24703296703296704,0.30065934065934063
0.25843694493783304,0.19760213143872113,0.24511545293072823,0.2988454706927176
0.2601484068092536,0.2007856831078132,0.2426887821911829,0.2963771278917503
0.25507502206531335,0.20079435127978817,0.24492497793468668,0.2992056487202118
0.26269315673289184,0.19514348785871966,0.24282560706401765,0.2993377483443709
0.25914499779638606,0.20185103569854562,0.24107536359629794,0.2979286029087704
0.2616740088105727,0.2,0.24493392070484582,0.2933920704845815
0.25983208130799823,0.20503756076005303,0.24701723376049492,0.28811312417145385
0.2647317502198769,0.20052770448548812,0.24406332453825857,0.2906772207563764
0.265359477124183,0.1991285403050109,0.24923747276688454,0.28627450980392155
0.26469307792773183,0.19721375707444494,0.25163256421419244,0.28646060078363084
0.2672527472527473,0.19692307692307692,0.24967032967032968,0.28615384615384615
0.2707231040564374,0.2001763668430335,0.2508818342151676,0.27821869488536155
0.2773626373626374,0.20307692307692307,0.24571428571428572,0.27384615384615385
0.27881205673758863,0.2025709219858156,0.24601063829787234,0.2726063829787234
0.277851166886834,0.2056362835755174,0.24394539850286218,0.27256715103478646
0.28408091468777485,0.20052770448548812,0.24494283201407213,0.2704485488126649
0.28691423519009723,0.20335985853227231,0.24049513704686118,0.2692307692307692
0.2847740236946029,0.20096533567354102,0.24879333040807372,0.26546731022378234
0.27883340698188247,0.2010605391073796,0.25187803800265135,0.2682280159080866
0.2789982425307557,0.20826010544815465,0.2460456942003515,0.2666959578207381
0.2838964458095656,0.20272049144361562,0.24703817463799913,0.2663448881088197
0.2813321647677476,0.20595968448729185,0.24802804557405783,0.26468010517090274
0.283436669619132,0.21036315323294952,0.2475642161204606,0.25863596102745795
0.2808888888888889,0.20622222222222222,0.25422222222222224,0.25866666666666666
0.2857773851590106,0.2067137809187279,0.25176678445229683,0.25574204946996465
0.2857142857142857,0.20679012345679013,0.25044091710758376,0.2570546737213404
0.28251318101933215,0.210896309314587,0.2460456942003515,0.26054481546572933
0.2830105633802817,0.21566901408450703,0.24295774647887325,0.258362676056338
0.28792569659442724,0.21450685537372843,0.24148606811145512,0.2560813799203892
0.2941952506596306,0.21416007036059806,0.23658751099384345,0.25505716798592787
0.2935739436619718,0.2169894366197183,0.2367957746478873,0.25264084507042256
0.28741197183098594,0.22007042253521128,0.23547535211267606,0.25704225352112675
0.286215978928885,0.21553994732221246,0.23134328358208955,0.266900790166813
0.28927789934354486,0.2223194748358862,0.2336980306345733,0.25470459518599564
0.2856519843000436,0.226777147841256,0.23331879633667685,0.25425207152202356
0.2831858407079646,0.22787610619469026,0.23672566371681417,0.252212389380531
0.28496273564226215,0.22709338009644892,0.23279263480929416,0.25515124945199474
0.2923076923076923,0.21846153846153846,0.2334065934065934,0.2558241758241758
0.28809837505489677,0.2222222222222222,0.2318840579710145,0.2577953447518665
0.2873001776198934,0.22202486678507993,0.22513321492007105,0.2655417406749556
0.287659200702679,0.22134387351778656,0.22441809398331136,0.2665788317962231
0.289899431569742,0.22125054656755574,0.22125054656755574,0.2675994752951465
0.29481546572934975,0.22056239015817222,0.22100175746924428,0.26362038664323373
0.28406569019085665,0.2210386151797603,0.2237017310252996,0.27119396360408343
0.2812637121544537,0.21632294866169371,0.23036419482229048,0.2720491443615621
0.2802631578947368,0.21666666666666667,0.23596491228070177,0.26710526315789473
0.27957465662383696,0.22463447053610988,0.23216659282233051,0.26362428001772265
0.28239929947460596,0.22110332749562173,0.23248686514886166,0.2640105078809107
0.2794568550153307,0.22207621550591328,0.23083661848445028,0.26763031099430573
0.27627494456762747,0.22172949002217296,0.23325942350332593,0.2687361419068736
0.2761487964989059,0.2288840262582057,0.2350109409190372,0.25995623632385123
0.2697777777777778,0.23244444444444445,0.23822222222222222,0.25955555555555554
0.26705048715677593,0.22719220549158547,0.24180690876882197,0.26395039858281666
0.26380910296067167,0.2328767123287671,0.2421564295183385,0.26115775519222273
0.2649647887323944,0.2262323943661972,0.2438380281690141,0.2649647887323944
0.2578090629124505,0.2322921249450066,0.24285085789705235,0.26704795424549055
0.2615791795324217,0.2333480370533745,0.24172915747684165,0.26334362593736216
0.2560106856634016,0.2350845948352627,0.2435440783615316,0.2653606411398041
0.25549692172383465,0.2326297273526825,0.24802110817941952,0.2638522427440633
0.2524989135158627,0.23728813559322035,0.24641460234680573,0.26379834854411127
