C,D,Oc,Od
1.0,0.0,0.0,0.0
0.6666666666666666,0.0,0.3333333333333333,0.0
0.45454545454545453,0.18181818181818182,0.36363636363636365,0.0
0.42105263157894735,0.15789473684210525,0.42105263157894735,0.0
0.4482758620689655,0.20689655172413793,0.3103448275862069,0.034482758620689655
0.4,0.25,0.325,0.025
0.421875,0.25,0.3125,0.015625
0.42391304347826086,0.22826086956521738,0.32608695652173914,0.021739130434782608
0.42857142857142855,0.2222222222222222,0.31746031746031744,0.031746031746031744
0.4161849710982659,0.2254335260115607,0.31213872832369943,0.046242774566473986
0.3974358974358974,0.24786324786324787,0.29914529914529914,0.05555555555555555
0.3554817275747508,0.26245847176079734,0.31893687707641194,0.06312292358803986
0.35714285714285715,0.2774725274725275,0.3021978021978022,0.06318681318681318
0.3436807095343681,0.28159645232815966,0.29933481152993346,0.07538802660753881
0.344106463878327,0.27566539923954375,0.2984790874524715,0.0817490494296578
0.348993288590604,0.27684563758389263,0.27181208053691275,0.10234899328859061
0.3463203463203463,0.2813852813852814,0.2582972582972583,0.113997113997114
0.3493064312736444,0.2812105926860025,0.2484237074401009,0.1210592686002522
0.3446327683615819,0.28926553672316385,0.23163841807909605,0.1344632768361582
0.3421588594704684,0.28818737270875766,0.2240325865580448,0.14562118126272913
0.3547486033519553,0.29236499068901306,0.20949720670391062,0.14338919925512103
0.35598980458793544,0.2735768903993203,0.21580288870008496,0.1546304163126593
0.3496124031007752,0.27364341085271315,0.21705426356589147,0.15968992248062017
0.3487179487179487,0.27985347985347986,0.210989010989011,0.16043956043956045
0.35729094678645473,0.27988942639944714,0.19972356599861782,0.1630960608154803
0.3584534731323722,0.2857142857142857,0.19724770642201836,0.15858453473132372
0.3572778827977316,0.2904851921865154,0.19218651543793322,0.1600504095778198
0.3559928443649374,0.2868217054263566,0.19439475253428742,0.16279069767441862
0.3567383918459796,0.2887882219705549,0.19592298980747452,0.15855039637599094
0.35980551053484605,0.2825499729875743,0.19394921663965425,0.16369529983792544
0.36116910229645094,0.28549060542797494,0.1951983298538622,0.1581419624217119
0.3562753036437247,0.2889676113360324,0.18927125506072875,0.16548582995951416
0.3578843302026693,0.28225407810182895,0.19377162629757785,0.16608996539792387
0.36015325670498083,0.2849616858237548,0.1867816091954023,0.16810344827586207
0.3635938231165185,0.2788956481048198,0.19092185306504444,0.1665886757136172
0.36989444699403395,0.27673244607618175,0.18678292794860027,0.16659017898118403
0.3605227579990987,0.2821090581342947,0.1892744479495268,0.16809373591707977
0.35784313725490197,0.27941176470588236,0.18983957219251338,0.17290552584670232
0.35129017655047534,0.28564961521050247,0.19284744228157538,0.1702127659574468
0.3553276861346411,0.2799821667409719,0.19527418635755683,0.16941596076683013
0.3548387096774194,0.27927529827662395,0.1926646045072912,0.17322138753866548
0.3607285650821857,0.2785428698356286,0.1905819635717459,0.1701466015104398
0.3643956043956044,0.2773626373626374,0.19032967032967033,0.16791208791208792
0.3681657848324515,0.27645502645502645,0.19091710758377425,0.1644620811287478
0.36138175376439324,0.27236492471213464,0.19884853852967227,0.16740478299379982
0.3657117278424351,0.27439570277529096,0.19337511190689347,0.1665174574753805
0.36387782204515273,0.2740150509074812,0.19964586100044268,0.16246126604692343
0.3725318121983326,0.27555945590171127,0.19262834576568671,0.15928038613426942
0.36876640419947504,0.2694663167104112,0.20166229221347332,0.16010498687664043
0.3661848445028471,0.2724485326325011,0.19973718791064388,0.1616294349540079
0.3638754932047348,0.27049539675580886,0.20078912757562473,0.16483998246383166
0.35376532399299476,0.27057793345008757,0.21015761821366025,0.16549912434325745
0.3467137185707984,0.2734891927657697,0.2112924569916189,0.16850463167181298
0.3415798611111111,0.2669270833333333,0.2209201388888889,0.17057291666666666
0.3416776460254721,0.26613965744400525,0.2235397452788757,0.1686429512516469
0.33552055993000873,0.27077865266841644,0.22090988626421698,0.17279090113735784
0.32727272727272727,0.2745011086474501,0.22084257206208427,0.17738359201773837
0.32636727434415297,0.26856380613606046,0.2285460204535349,0.17652289906625165
0.32717678100263853,0.2598944591029024,0.22867194371152155,0.18425681618293754
0.32833847509916264,0.25782282944028206,0.22829440282062582,0.1855442926399295
0.33362483602973325,0.25666812418014867,0.22387407083515523,0.18583296895496285
0.33641160949868076,0.25065963060686014,0.2260334212840809,0.1868953386103782
0.3410480349344978,0.24541484716157205,0.22532751091703057,0.18820960698689956
0.3542402826855124,0.24514134275618374,0.21333922261484098,0.1872791519434629
0.35611038107752957,0.2448532632501095,0.2102496714848883,0.18878668418747263
0.3556928508384819,0.24669020300088262,0.20741394527802295,0.19020300088261252
0.35977212971078004,0.24452234881682736,0.20990359333917616,0.18580192813321647
0.35692171605484296,0.24325519681556834,0.20610349402919062,0.19371959310039805
0.353045013239188,0.24492497793468668,0.2113857016769638,0.19064430714916153
0.35188431200701137,0.2427695004382121,0.21253286590709902,0.19281332164767748
0.3543516873889876,0.23978685612788633,0.21092362344582594,0.19493783303730017
0.3534596738651388,0.24063464081092992,0.20758043190832967,0.1983252534156016
0.35849889624724063,0.23311258278145697,0.2119205298013245,0.19646799116997793
0.36279275298276625,0.2337604949182501,0.21254971277065843,0.19089703932832522
0.3588054457619675,0.22968818620992534,0.21739130434782608,0.19411506368028106
0.3544137022397892,0.2349582784365393,0.21431708388230128,0.1963109354413702
0.3543411194358748,0.23270163067430585,0.2146319964742177,0.1983252534156016
0.35641817379797086,0.23202470224966917,0.20996912218791355,0.2015880017644464
0.3501103752759382,0.23752759381898456,0.20927152317880796,0.20309050772626933
0.3479804704837994,0.2365734576120728,0.21571238348868177,0.19973368841544606
0.3499333036905291,0.24455313472654513,0.21031569586482882,0.19519786571809694
0.3513035793194874,0.23331860362350862,0.21166593018117544,0.20371188687582856
0.3523936170212766,0.23625886524822695,0.20833333333333334,0.20301418439716312
0.35761298815269854,0.23168056164984643,0.2088635366388767,0.20184291355857834
0.3678211310828584,0.22577816747040771,0.21569487067075843,0.19070583077597544
0.36976641692375495,0.21992066989863376,0.21859850154252974,0.19171441163508154
0.373220640569395,0.22019572953736655,0.21708185053380782,0.1895017793594306
0.36891054030115145,0.22143489813994685,0.21434898139946856,0.19530558015943314
0.3634759594177327,0.22143802382002647,0.21746801940891045,0.19761799735333038
0.36080666374397197,0.22490135905304692,0.21569487067075843,0.1985971065322227
0.35959056519804183,0.22652425456163774,0.21806853582554517,0.19581664441477525
0.3545694200351494,0.23022847100175747,0.21704745166959577,0.19815465729349738
0.3614939973321476,0.22143174744330812,0.22098710538016897,0.19608714984437528
0.3669603524229075,0.22070484581497798,0.22026431718061673,0.1920704845814978
0.3609154929577465,0.22755281690140844,0.22931338028169015,0.18221830985915494
0.36045494313210846,0.23009623797025372,0.2230971128608924,0.18635170603674542
0.35435830048182215,0.2360928602715725,0.22426631625054752,0.18528252299605782
0.3430206957287539,0.24746807573756055,0.21796565389696168,0.19154557463672392
0.34726545131169406,0.23921742996887504,0.2218763895064473,0.19164072921298356
0.3381770145310436,0.24394539850286218,0.22280933509467196,0.1950682518714223
0.3403601229688186,0.2406675450153711,0.22266139657444006,0.1963109354413702
0.33494505494505494,0.23868131868131867,0.23076923076923078,0.1956043956043956
0.3321554770318021,0.2411660777385159,0.232773851590106,0.19390459363957596
0.3287971905179982,0.24100087796312555,0.23573309920983318,0.19446883230904302
0.3309951775537045,0.2341078474353354,0.235861464270057,0.19903551074090312
0.33773087071240104,0.22559366754617413,0.2339489885664028,0.202726473175022
0.33691275167785234,0.22774049217002237,0.2371364653243848,0.1982102908277405
0.3377659574468085,0.22296099290780141,0.24379432624113476,0.19547872340425532
0.3356828193832599,0.21938325991189428,0.24185022026431718,0.20308370044052865
0.3330388692579505,0.21598939929328623,0.24734982332155478,0.20362190812720848
0.33658536585365856,0.2155210643015521,0.24567627494456762,0.20221729490022172
0.3325971731448763,0.21113074204946997,0.24867491166077738,0.20759717314487633
0.33775419982316535,0.21441202475685234,0.24358974358974358,0.20424403183023873
0.3298059964726631,0.21428571428571427,0.2429453262786596,0.21296296296296297
0.32498902064119456,0.21651295564339043,0.2490118577075099,0.20948616600790515
0.3343571741992102,0.21544537077665643,0.24089512944273805,0.20930232558139536
0.33451641526175685,0.21073646850044367,0.24267968056787934,0.21206743566992015
0.33774834437086093,0.21280353200883,0.24150110375275938,0.20794701986754968
0.33013100436681225,0.21484716157205241,0.24497816593886462,0.21004366812227074
0.33451171011931063,0.21122403888643393,0.24304021210782148,0.21122403888643393
0.3241106719367589,0.21563460693895475,0.2393500219587176,0.22090469916556874
0.3265755839576906,0.22124283825473778,0.23446452181577787,0.21771705597179375
0.33141592920353985,0.2150442477876106,0.2398230088495575,0.21371681415929203
0.329500221141088,0.2127377266696152,0.2419283502874834,0.21583370190181336
0.32418069087688217,0.2178919397697077,0.23870682019486272,0.21922054915854738
0.32445414847161574,0.2205240174672489,0.237117903930131,0.21790393013100437
0.3300798580301686,0.21872227151730259,0.23336291038154391,0.2178349600709849
0.32980132450331123,0.21810154525386313,0.23885209713024283,0.21324503311258278
0.3308237378210806,0.21966341895482727,0.2382639503985828,0.2112488928255093
0.3305531167690957,0.218612818261633,0.23748902546093065,0.21334503950834066
0.32786885245901637,0.2193176783340718,0.24014178112538767,0.21267168808152415
0.32639503985828167,0.22364924712134632,0.2395925597874225,0.21036315323294952
0.34582775546630967,0.21151271753681392,0.23739402052655065,0.20526550647032574
0.3462044756472137,0.21632294866169371,0.2360684510750329,0.20140412461605967
0.3377366798767063,0.22104799647732276,0.23601937472479084,0.2051959489211801
0.3382867132867133,0.2229020979020979,0.23776223776223776,0.20104895104895104
0.33523475208424747,0.21895568231680562,0.2479157525230364,0.19789381307591047
0.3292307692307692,0.22197802197802197,0.2479120879120879,0.20087912087912088
0.3204010462074978,0.22493461203138623,0.25414123801220573,0.2005231037489102
0.3146513680494263,0.22992056487202117,0.25198587819947044,0.20344218887908208
0.31555555555555553,0.23377777777777778,0.24622222222222223,0.20444444444444446
0.30810092961487384,0.2337317397078353,0.2527667109340416,0.20540061974324922
0.3051663747810858,0.2351138353765324,0.25,0.2097197898423818
0.30478700043917434,0.2349582784365393,0.25252525252525254,0.20772946859903382
0.2989827509951349,0.23617868199911543,0.25254312251216277,0.21229544449358692
0.2963290579389651,0.23662096417514375,0.25254312251216277,0.21450685537372843
0.29797535211267606,0.230193661971831,0.25,0.22183098591549297
0.2925974594831362,0.2264564169951818,0.25317564607971965,0.22777047744196233
0.2923280423280423,0.22663139329805995,0.25044091710758376,0.23059964726631393
0.2858411007545495,0.22636484687083888,0.25122059476253883,0.2365734576120728
0.28221132411948285,0.22871154703522067,0.2501114578689255,0.23896567097637092
0.2865934065934066,0.2276923076923077,0.2443956043956044,0.2413186813186813
0.284452296819788,0.23056537102473498,0.24249116607773852,0.24249116607773852
0.2873001776198934,0.22868561278863234,0.23978685612788633,0.24422735346358793
0.291958041958042,0.23164335664335664,0.23776223776223776,0.23863636363636365
0.29463500439753737,0.23043095866314864,0.23878627968337732,0.23614775725593667
0.2981366459627329,0.22404614019520852,0.23957409050576753,0.23824312333629105
0.3013698630136986,0.2275740167918692,0.2342023862129916,0.23685373398144058
0.3092105263157895,0.22543859649122808,0.23114035087719298,0.23421052631578948
0.30776014109347444,0.2257495590828924,0.23324514991181658,0.23324514991181658
0.31208499335989376,0.2266489597166888,0.23019034971226207,0.23107569721115537
0.30742049469964666,0.22703180212014135,0.23233215547703182,0.2332155477031802
0.31046613896218117,0.22207563764291996,0.23306948109058928,0.2343887423043096
0.304251550044287,0.2267493356953056,0.23604960141718334,0.2329495128432241
0.30738434163701067,0.22953736654804271,0.23443060498220641,0.22864768683274023
0.30977777777777776,0.22711111111111112,0.23377777777777778,0.22933333333333333
0.30819815870232353,0.2244629548443665,0.23936869793950022,0.22797018851380974
0.30394328754984495,0.22507753655294638,0.2419140451927337,0.22906513070447496
0.30576330840299165,0.22921249450065992,0.24153101627804663,0.2234931808183018
0.30499561787905344,0.2283085013146363,0.2388255915863278,0.22787028921998248
0.30622222222222223,0.2311111111111111,0.23822222222222222,0.22444444444444445
0.30207872622733306,0.23794781070322865,0.2335249889429456,0.22644847412649272
0.3019366197183099,0.23107394366197184,0.23591549295774647,0.23107394366197184
0.3013274336283186,0.2336283185840708,0.23141592920353982,0.2336283185840708
0.3020044543429844,0.23919821826280624,0.2267260579064588,0.23207126948775056
0.3,0.23612334801762114,0.23039647577092512,0.23348017621145375
0.29853398489560196,0.24078187472234563,0.2310084406930253,0.2296756996890271
0.300087489063867,0.23665791776027997,0.2357830271216098,0.2274715660542432
0.3002645502645503,0.23500881834215168,0.2328042328042328,0.23192239858906524
0.3004405286343612,0.23612334801762114,0.23876651982378855,0.22466960352422907
0.29907773386034253,0.2393500219587176,0.2318840579710145,0.22968818620992534
0.30533333333333335,0.23555555555555555,0.22977777777777778,0.22933333333333333
0.3075221238938053,0.23672566371681417,0.22831858407079647,0.22743362831858407
0.30630233583076244,0.2384310268840899,0.23093873953283384,0.2243278977523138
0.30782684739833843,0.23917796239615216,0.22824661128115434,0.22474857892435504
0.30851063829787234,0.23670212765957446,0.22429078014184398,0.23049645390070922
0.30170529077393965,0.24180148666375165,0.2264975951027547,0.22999562745955401
0.3070796460176991,0.23407079646017698,0.22964601769911505,0.22920353982300884
0.3055922501100837,0.23381770145310435,0.22721268163804492,0.23337736679876706
0.2962313759859772,0.2331288343558282,0.23049956178790534,0.2401402278702892
0.3041351711871943,0.22765673632725655,0.22899066251667408,0.23921742996887504
0.30474934036939316,0.23218997361477572,0.2233948988566403,0.23966578715919085
0.3053811659192825,0.2327354260089686,0.2304932735426009,0.23139013452914797
0.3125,0.23404255319148937,0.22118794326241134,0.2322695035460993
0.31448763250883394,0.2248233215547703,0.22747349823321555,0.2332155477031802
0.30782684739833843,0.23480542195015303,0.2264975951027547,0.23087013554875382
0.304635761589404,0.24194260485651214,0.22428256070640176,0.22913907284768212
0.3155339805825243,0.24580759046778464,0.21050308914386584,0.22815533980582525
0.31422222222222224,0.24,0.21511111111111111,0.23066666666666666
0.32007073386383733,0.2338638373121132,0.21529619805481875,0.23076923076923078
0.31687968267959454,0.2353459673865139,0.21903922432789774,0.22873512560599382
0.31487134757959007,0.23724378543392935,0.2245965983427824,0.22328826864369822
0.3153034300791557,0.23966578715919085,0.22207563764291996,0.22295514511873352
0.3188405797101449,0.23715415019762845,0.2178304787000439,0.2261747913921827
0.32622222222222225,0.2391111111111111,0.216,0.21866666666666668
0.3274336283185841,0.23672566371681417,0.21814159292035398,0.2176991150442478
0.33391992960844696,0.2344918609766828,0.21425428948526176,0.21733391992960846
0.33728070175438596,0.2324561403508772,0.20877192982456141,0.22149122807017543
0.34035087719298246,0.23684210526315788,0.21096491228070174,0.2118421052631579
0.34355828220858897,0.2388255915863278,0.20245398773006135,0.2151621384750219
0.3460526315789474,0.22850877192982455,0.20350877192982456,0.2219298245614035
0.33524734982332155,0.232773851590106,0.2067137809187279,0.2252650176678445
0.336115992970123,0.23418277680140598,0.2016695957820738,0.22803163444639718
0.3301141352063213,0.23573309920983318,0.20588235294117646,0.228270412642669
0.3394656154183092,0.23127463863337713,0.20061322820849758,0.22864651773981604
0.3471915081822203,0.22379478107032286,0.20300751879699247,0.2260061919504644
0.34342105263157896,0.23157894736842105,0.19780701754385965,0.22719298245614036
0.34933920704845817,0.22378854625550662,0.19691629955947137,0.22995594713656387
0.3519503546099291,0.22384751773049646,0.19592198581560283,0.22828014184397163
0.3489583333333333,0.2261284722222222,0.2013888888888889,0.22352430555555555
0.346035917652212,0.22558037669732808,0.20543144984669295,0.22295225580376699
0.3438874230430959,0.22075637642919965,0.2075637642919965,0.227792436235708
0.3430335097001764,0.22486772486772486,0.20414462081128748,0.2279541446208113
0.3414203793559771,0.22893692104102337,0.2086457873842082,0.22099691221879136
0.34375,0.230193661971831,0.20598591549295775,0.22007042253521128
0.33777185974256546,0.2334664891256103,0.20772303595206393,0.2210386151797603
0.33919929608446986,0.22701275846898372,0.2089749230092389,0.22481302243730752
0.3426418439716312,0.23093971631205673,0.2052304964539007,0.22118794326241134
0.3385024368630926,0.2303943287549845,0.20381036774479397,0.22729286663712894
0.3419894366197183,0.22579225352112675,0.20950704225352113,0.2227112676056338
0.33775419982316535,0.22855879752431477,0.20601237842617154,0.22767462422634838
0.33845478489903424,0.23573309920983318,0.20588235294117646,0.21992976294995611
0.33480176211453744,0.23920704845814977,0.20440528634361232,0.22158590308370044
0.33761061946902654,0.2407079646017699,0.1986725663716814,0.22300884955752212
0.3452855245683931,0.23683045595396193,0.2058432934926959,0.21204072598494908
0.3409893992932862,0.23674911660777384,0.20892226148409895,0.21333922261484098
0.3452855245683931,0.234174413457282,0.2098273572377158,0.2107127047366091
0.34472185720543147,0.23215067893123084,0.2076215505913272,0.21550591327201052
0.3410886742756804,0.23661106233538193,0.21290605794556627,0.20939420544337137
0.34347442680776014,0.23324514991181658,0.21693121693121692,0.20634920634920634
0.3456953642384106,0.22781456953642384,0.21810154525386313,0.20838852097130242
0.3478454020435362,0.2296756996890271,0.2136828076410484,0.20879609062638826
0.34901098901098904,0.22813186813186814,0.21802197802197804,0.20483516483516484
0.3515178178618566,0.23273207215134184,0.21029476462824462,0.20545534535855697
0.34132519616390583,0.23408892763731473,0.21795989537925023,0.2066259808195292
0.3419894366197183,0.23371478873239437,0.21830985915492956,0.20598591549295775
0.33775419982316535,0.23430592396109637,0.22148541114058357,0.20645446507515472
0.3419552827707146,0.23016220955721176,0.21876370013152127,0.2091188075405524
0.3383458646616541,0.23219814241486067,0.22335249889429457,0.20610349402919062
0.3365553602811951,0.22759226713532513,0.21616871704745166,0.21968365553602812
0.3363108530594015,0.22956677087985708,0.21795444394819116,0.21616793211255025
0.33888645330995176,0.23323103901797457,0.2121876370013152,0.21569487067075843
0.3426695842450766,0.23544857768052516,0.20612691466083152,0.21575492341356675
0.34111943587483473,0.2353459673865139,0.20405464962538564,0.21947994711326577
0.3394047090182141,0.23367392270102177,0.20835184362505554,0.21856952465570859
0.3387521968365554,0.23110720562390158,0.2126537785588752,0.21748681898066785
0.3395390070921986,0.22916666666666666,0.2127659574468085,0.21852836879432624
0.3445527015057573,0.233392382639504,0.2108060230292294,0.2112488928255093
0.3421985815602837,0.2375886524822695,0.2074468085106383,0.2127659574468085
0.347326557666814,0.23552806009721608,0.20459566946531155,0.21254971277065843
0.3390804597701149,0.23916887709991158,0.20645446507515472,0.21529619805481875
0.3413990321161461,0.24153101627804663,0.20633523977122745,0.21073471183457984
0.33406593406593404,0.23824175824175825,0.2123076923076923,0.2153846153846154
0.3287549844926894,0.2516614975631369,0.20381036774479397,0.2157731501993797
0.33524481693868546,0.24658138509042787,0.20291133656815175,0.2152624614027349
0.32867132867132864,0.2395104895104895,0.21197552447552448,0.21984265734265734
0.32833847509916264,0.23490524460114587,0.21330982811811372,0.2234464521815778
0.3302671922908454,0.23653088042049936,0.21419185282522996,0.21901007446342532
0.3317201935767708,0.23757149142102948,0.20545534535855697,0.22525296964364278
0.3339230429013711,0.23529411764705882,0.20698805838124723,0.22379478107032286
0.3314235345967387,0.23975319524019392,0.20185103569854562,0.2269722344645218
0.33157199471598414,0.23866138265081463,0.19594892118009688,0.23381770145310435
0.33569844789356984,0.2385809312638581,0.1960088691796009,0.22971175166297117
0.3347940403155127,0.23444347063978965,0.19631901840490798,0.23444347063978965
0.33968113374667847,0.23073516386182463,0.19929140832595216,0.23029229406554472
0.3390652557319224,0.23500881834215168,0.19753086419753085,0.22839506172839505
0.3423026025584473,0.22540802823114248,0.19497132774591971,0.2373180414644905
0.3418165862220272,0.2250987275120667,0.19657744624835455,0.23650724001755155
0.3371529308065227,0.22829440282062582,0.19876597620096959,0.2357866901718819
0.3349324029655473,0.23201046663759267,0.19755778456170955,0.23549934583515045
0.33067375886524825,0.2322695035460993,0.20611702127659576,0.23093971631205673
0.3289299867899604,0.23469837076177896,0.20783795684720388,0.2285336856010568
0.33187006145741876,0.23748902546093065,0.1997366110623354,0.2309043020193152
0.33230904302019315,0.24363476733977174,0.20456540825285338,0.21949078138718173
0.33112874779541446,0.24162257495590828,0.20502645502645503,0.2222222222222222
0.3365810451727192,0.24224977856510185,0.20637732506643047,0.21479185119574845
0.3390501319261214,0.24010554089709762,0.20580474934036938,0.21503957783641162
0.3302550571679859,0.2418645558487247,0.2075637642919965,0.22031662269129287
0.3300798580301686,0.23957409050576753,0.21073646850044367,0.21960958296362024
0.33406787130894666,0.23402379903040987,0.20493609519612163,0.2269722344645218
0.3301183691363437,0.23805348531345902,0.20385795703638754,0.22797018851380974
0.32936507936507936,0.23192239858906524,0.20767195767195767,0.2310405643738977
0.3370044052863436,0.22290748898678414,0.20616740088105726,0.23392070484581498
0.3362910381543922,0.22138420585625554,0.20763087843833186,0.23469387755102042
0.3280071016422548,0.22148246782068354,0.20861074123391035,0.24189968930315137
0.32686369651521835,0.2258491398323776,0.20776356418173797,0.23952359947066607
0.33510874389702616,0.22325787838437638,0.20195295162006213,0.2396804260985353
0.33655111891180345,0.22071083808688022,0.20491443615620886,0.2378236068451075
0.34158197083517455,0.2209456473707468,0.20326999558108705,0.2342023862129916
0.3479609929078014,0.2149822695035461,0.20434397163120568,0.2327127659574468
0.3446153846153846,0.21582417582417582,0.19648351648351647,0.24307692307692308
0.3515798842901647,0.210057854917668,0.19804183355585225,0.24032042723631508
0.3512911843276937,0.20747996438112198,0.19902048085485308,0.24220837043633126
0.34684883208461875,0.21066549140590568,0.2005288673424416,0.24195680916703394
0.35413899955732625,0.21027003098716246,0.19787516600265603,0.23771580345285526
0.34591747146619845,0.21202809482001755,0.20017559262510976,0.24187884108867427
0.34114007954043307,0.21166593018117544,0.20150243040212107,0.24569155987627045
0.3358208955223881,0.20588235294117646,0.21071115013169447,0.247585601404741
0.33480565371024734,0.2045053003533569,0.21333922261484098,0.24734982332155478
0.3436952714535902,0.19746059544658495,0.21453590192644484,0.24430823117338005
0.33554376657824936,0.1976127320954907,0.21927497789566755,0.2475685234305924
0.3377366798767063,0.2038749449581682,0.2144429766622633,0.24394539850286218
0.3426048565121413,0.20750551876379691,0.21059602649006623,0.2392935982339956
0.34208185053380785,0.2041814946619217,0.2117437722419929,0.24199288256227758
0.3378854625550661,0.2092511013215859,0.2118942731277533,0.2409691629955947
0.33303964757709253,0.21277533039647578,0.2092511013215859,0.24493392070484582
0.3410683012259194,0.21147110332749564,0.2053415061295972,0.24211908931698775
0.34305923961096374,0.20866489832007074,0.20822281167108753,0.24005305039787797
0.337275514673675,0.2084975908891809,0.20981165133596144,0.24441524310118265
0.3303886925795053,0.20803886925795054,0.2124558303886926,0.24911660777385158
0.33230904302019315,0.2054433713784021,0.2151009657594381,0.24714661984196665
0.3292307692307692,0.2079120879120879,0.21406593406593408,0.24879120879120878
0.3298199385155907,0.20114185331576637,0.21256038647342995,0.256477821695213
0.3288710397144132,0.19812583668005354,0.2182061579651941,0.25479696564033916
0.3299244108492663,0.19608714984437528,0.223654957759004,0.25033348154735435
0.33027121609798776,0.20253718285214348,0.22178477690288714,0.24540682414698162
0.32876106194690263,0.20353982300884957,0.22389380530973452,0.24380530973451328
0.33171163202122955,0.1968155683325962,0.22865988500663423,0.24281291463954002
0.33097969991173876,0.1994704324801412,0.22550750220653135,0.2440423654015887
0.3337777777777778,0.19822222222222222,0.23244444444444445,0.23555555555555555
0.3373386737872719,0.20293724966622162,0.22830440587449932,0.2314196706720071
0.3389158219479947,0.2005288673424416,0.2265315116791538,0.23402379903040987
0.34078947368421053,0.19649122807017544,0.23640350877192984,0.22631578947368422
0.3434878587196468,0.19911699779249448,0.23178807947019867,0.22560706401766004
0.33465959328028294,0.20689655172413793,0.23563218390804597,0.22281167108753316
0.3415492957746479,0.20334507042253522,0.22887323943661972,0.2262323943661972
0.3457777777777778,0.19866666666666666,0.22755555555555557,0.228
0.3490607252075142,0.1983398864132809,0.22848405417212755,0.22411533420707733
0.34880636604774534,0.19805481874447392,0.23342175066312998,0.21971706454465076
0.3409290096406661,0.2002629272567923,0.2331288343558282,0.22567922874671342
0.3447518664909969,0.1963109354413702,0.233201581027668,0.22573561703996486
0.35030728709394204,0.19271290605794555,0.23002633889376647,0.22695346795434593
0.34639084507042256,0.19586267605633803,0.2323943661971831,0.22535211267605634
0.33941281138790036,0.2001779359430605,0.23798932384341637,0.22241992882562278
0.34740545294635006,0.19832893579595426,0.23614775725593667,0.218117854001759
0.35362061306086184,0.19413593958240782,0.23678365171035096,0.21545979564637938
0.3519823788546256,0.19779735682819383,0.23612334801762114,0.21409691629955946
0.34720992028343667,0.19309123117803365,0.24047829937998227,0.21922054915854738
0.3482849604221636,0.19129287598944592,0.24450307827616535,0.21591908531222515
0.3447518664909969,0.19235836627140976,0.24242424242424243,0.2204655248133509
0.3445709281961471,0.19527145359019266,0.2434325744308231,0.21672504378283713
0.3520385795703639,0.1955282770714599,0.23147742218325296,0.2209557211749233
0.3517454706142289,0.1948740609809987,0.23022536456031817,0.22315510384445428
0.35425011125945705,0.19270137961726747,0.23319982198486872,0.21984868713840677
0.34929078014184395,0.19104609929078015,0.23182624113475178,0.22783687943262412
0.35247349823321555,0.18992932862190812,0.23498233215547704,0.2226148409893993
0.35890652557319225,0.18342151675485008,0.22663139329805995,0.2310405643738977
0.3663584324086306,0.18670189343901364,0.2166446499339498,0.23029502421840597
0.35824175824175825,0.19076923076923077,0.21186813186813186,0.23912087912087912
0.35679930039352864,0.19239177962396153,0.2125054656755575,0.23830345430695235
0.35595446584938706,0.1987740805604203,0.21541155866900175,0.22985989492119088
0.35312225153913807,0.19920844327176782,0.2154793315743184,0.23218997361477572
0.3549382716049383,0.1948853615520282,0.21208112874779542,0.23809523809523808
0.3526315789473684,0.19078947368421054,0.21228070175438596,0.2442982456140351
0.35356200527704484,0.1943711521547933,0.2154793315743184,0.23658751099384345
0.3514460999123576,0.19807186678352323,0.21691498685363717,0.23356704645048204
0.3518189884649512,0.20275066548358472,0.2160603371783496,0.22937000887311446
0.3463241806908769,0.19884853852967227,0.21257750221434898,0.24224977856510185
0.3415384615384615,0.20395604395604397,0.21142857142857144,0.24307692307692308
0.3407992973210365,0.19938515590689504,0.21387790953008345,0.24593763724198506
0.3422103861517976,0.1979582778517532,0.21216156236129605,0.24766977363515313
0.34182776801405973,0.20298769771529,0.20826010544815465,0.2469244288224956
0.33511111111111114,0.20355555555555555,0.21511111111111111,0.24622222222222223
0.3368560105680317,0.20343461030383092,0.21224130339057684,0.24746807573756055
0.34080914687774844,0.20492524186455585,0.2088830255057168,0.24538258575197888
0.33875934887813464,0.20413550373955125,0.21381434227892654,0.2432908051033876
0.343791427308882,0.2010605391073796,0.2191780821917808,0.2359699513919576
0.3483195111305107,0.19467481449148843,0.2234831951113051,0.23352247926669575
0.3485183547103052,0.19991154356479435,0.2260061919504644,0.22556390977443608
0.3535443602318324,0.19750334373606776,0.22068658047258136,0.2282657155595185
0.34552666372851476,0.20758043190832967,0.22300572939620977,0.2238871749669458
0.34450816056462286,0.20996912218791355,0.22805469783855314,0.21746801940891045
0.33831940167179936,0.21997360316761988,0.22701275846898372,0.214694236691597
0.33039258932509924,0.22099691221879136,0.22937803264225848,0.2192324658138509
0.32954545454545453,0.2229020979020979,0.22552447552447552,0.22202797202797203
0.32774591971768857,0.2218791354212616,0.22937803264225848,0.22099691221879136
0.32498902064119456,0.2204655248133509,0.23364075537988582,0.22090469916556874
0.33421750663129973,0.21927497789566755,0.22944297082228116,0.21706454465075153
0.330989010989011,0.22285714285714286,0.23648351648351648,0.20967032967032967
0.32683790965456155,0.23073516386182463,0.23560673162090345,0.20682019486271036
0.33170731707317075,0.2261640798226164,0.23503325942350334,0.20709534368070953
0.33245614035087717,0.23157894736842105,0.23333333333333334,0.2026315789473684
0.33887915936952717,0.2276707530647986,0.2276707530647986,0.20577933450087565
0.3331856446610545,0.22463447053610988,0.230837394771821,0.21134249003101463
0.3302591128678085,0.22485726833552921,0.23583662714097497,0.2090469916556873
0.33758802816901406,0.22359154929577466,0.2367957746478873,0.20202464788732394
0.33524734982332155,0.2226148409893993,0.23851590106007067,0.20362190812720848
0.34212840809146877,0.21723834652594548,0.24318381706244502,0.19744942832014073
0.3368888888888889,0.21866666666666668,0.24177777777777779,0.20266666666666666
0.3347978910369069,0.21660808435852372,0.24736379613356765,0.20123022847100175
0.338737949167397,0.21691498685363717,0.2397020157756354,0.2046450482033304
0.3373333333333333,0.21777777777777776,0.2431111111111111,0.20177777777777778
0.3368606701940035,0.21693121693121692,0.24514991181657847,0.20105820105820105
0.33655111891180345,0.21720052654673103,0.25010969723562965,0.1961386573058359
0.34392935982339956,0.22030905077262694,0.23973509933774834,0.19602649006622516
0.3461706783369803,0.2236323851203501,0.23676148796498905,0.19343544857768052
0.3387809187279152,0.22570671378091872,0.24072438162544169,0.19478798586572438
0.3390425999121651,0.22529644268774704,0.23583662714097497,0.19982433025911286
0.343046357615894,0.22075055187637968,0.2326710816777042,0.20353200883002207
0.347326557666814,0.21829429960229785,0.22624834290764473,0.20813079982324348
0.3399122807017544,0.2219298245614035,0.22763157894736843,0.21052631578947367
0.3348194382523406,0.22202407489968792,0.23004904146232724,0.21310744538564422
0.341688654353562,0.21459982409850484,0.23526824978012312,0.20844327176781002
0.3383325981473313,0.2090868989854433,0.24128804587560654,0.2112924569916189
0.3281733746130031,0.21229544449358692,0.24635117204776646,0.21318000884564353
0.3314360770577933,0.21409807355516638,0.24211908931698775,0.21234676007005254
0.3305457746478873,0.21346830985915494,0.2420774647887324,0.21390845070422534
0.3253333333333333,0.21688888888888888,0.24933333333333332,0.20844444444444443
0.3277533039647577,0.21762114537444935,0.24581497797356827,0.20881057268722467
0.3303964757709251,0.21674008810572687,0.24008810572687225,0.21277533039647578
0.3309951775537045,0.2209557211749233,0.2389302937308198,0.2091188075405524
0.34147424511545293,0.21403197158081705,0.2322380106571936,0.21225577264653642
0.3305531167690957,0.2212467076382792,0.23836698858647937,0.20983318700614575
0.33624836029733274,0.2195015303891561,0.23611718408395277,0.20813292522955837
0.3378674857393594,0.21588415971917507,0.24177270732777534,0.20447564721369021
0.3328906595838867,0.21691013722886232,0.24391323594510844,0.20628596724214254
0.33259619637328613,0.21760283060592658,0.23927465723131358,0.21052631578947367
0.33244916003536695,0.21485411140583555,0.23651635720601238,0.21618037135278514
0.3358440407620735,0.2210899424014178,0.23305272485600353,0.21001329198050508
0.33917616126205086,0.22042068361086767,0.2326906222611744,0.2077125328659071
0.33831940167179936,0.22217333919929608,0.2331720193576771,0.20633523977122745
0.34197802197802196,0.2246153846153846,0.22989010989010988,0.20351648351648352
0.33883192153366026,0.2171199286669639,0.2362906821221578,0.207757467677218
0.34027470093043866,0.2193176783340718,0.2410279131590607,0.1993797075764289
0.33791574279379155,0.22350332594235034,0.24168514412416853,0.19689578713968958
0.33260008798944124,0.23405191377034756,0.23757149142102948,0.1957765068191817
0.33185840707964603,0.23495575221238937,0.23893805309734514,0.19424778761061948
0.3402288732394366,0.2319542253521127,0.23547535211267606,0.19234154929577466
0.3386103781882146,0.23175021987686895,0.23043095866314864,0.19920844327176782
0.33849557522123896,0.22654867256637168,0.2327433628318584,0.20221238938053096
0.33422579205711733,0.2253458277554663,0.24051762605979474,0.1999107541276216
0.34171075837742504,0.22486772486772486,0.23544973544973544,0.19797178130511464
0.34290764471939905,0.2213875386654883,0.23729562527618206,0.19840919133893062
0.33980582524271846,0.2237422771403354,0.23654015887025595,0.19991173874669022
0.3400702987697715,0.22451669595782073,0.23637961335676624,0.19903339191564148
0.34111943587483473,0.22300572939620977,0.2388717496694579,0.19700308505949757
0.333480370533745,0.22011468901632114,0.24569916188795765,0.2007057785619762
0.3321507760532151,0.2164079822616408,0.24611973392461198,0.20532150776053215
0.32266666666666666,0.2222222222222222,0.24844444444444444,0.20666666666666667
0.3224669603524229,0.22026431718061673,0.25066079295154187,0.2066079295154185
0.32367149758454106,0.2204655248133509,0.24593763724198506,0.20992534036012298
0.3271441202475685,0.22104332449160036,0.24447391688771,0.20733863837312114
0.3254281949934124,0.21739130434782608,0.24286341677646026,0.21431708388230128
0.3212709620476611,0.2175639894086496,0.2418358340688438,0.21932921447484555
0.3163992869875223,0.21880570409982175,0.24376114081996436,0.22103386809269163
0.32074633496223903,0.2199022656597068,0.24211461572634385,0.21723678365171034
0.3220114689016321,0.21746801940891045,0.24261138067931187,0.21790913101014556
0.314611671785871,0.21544537077665643,0.24440544098288722,0.22553751645458534
0.3159768580329328,0.2136181575433912,0.24699599465954605,0.22340898976412996
0.32043956043956046,0.21186813186813186,0.24923076923076923,0.21846153846153846
0.31879633667684254,0.21107719145224596,0.24247710423026603,0.22764936764064544
0.3202702702702703,0.21486486486486486,0.24414414414414415,0.22072072072072071
0.31836195508586523,0.22148833113166005,0.24174372523117568,0.21840598855129897
0.3182616330114135,0.21553994732221246,0.24714661984196665,0.21905179982440737
0.32112550245645377,0.22376060741402412,0.23849933005806165,0.21661456007146046
0.31288614298323036,0.2263901147396293,0.23962930273609886,0.2210944395410415
0.32169686257180735,0.22448077772867875,0.2359699513919576,0.21785240830755634
0.3245382585751979,0.2260334212840809,0.2343887423043096,0.21503957783641162
0.32845744680851063,0.22562056737588654,0.2322695035460993,0.21365248226950354
0.325066430469442,0.22320637732506643,0.233392382639504,0.2183348095659876
0.3198433420365535,0.22932985204525674,0.22845953002610966,0.22236727589208008
0.32171226831421007,0.22859664607237423,0.23168578993821712,0.21800529567519858
0.3264589732338745,0.22860903905221588,0.2343132953049583,0.21061869240895129
0.32705779334500873,0.22504378283712784,0.23774080560420316,0.21015761821366025
0.32136524822695034,0.2322695035460993,0.2375886524822695,0.20877659574468085
0.3208461877479066,0.2388717496694579,0.23314235345967388,0.20713970912296165
0.32313829787234044,0.23448581560283688,0.23670212765957446,0.20567375886524822
0.3248126928162186,0.22741295724988983,0.2362274129572499,0.2115469369766417
0.31977252843394577,0.23140857392825898,0.23490813648293962,0.21391076115485563
0.3274257864421799,0.22507753655294638,0.2352680549401861,0.21222862206468765
0.3284896521356231,0.23205636283575518,0.23029502421840597,0.20915896081021576
0.33215859030837,0.22070484581497798,0.22951541850220264,0.21762114537444935
0.3393885688967656,0.2259636685866194,0.22419140451927339,0.2104563579973416
0.34292035398230086,0.22168141592920354,0.22256637168141594,0.21283185840707963
0.33495145631067963,0.22418358340688438,0.2263901147396293,0.2144748455428067
0.3339253996447602,0.2211367673179396,0.22824156305506216,0.216696269982238
0.33067021748779407,0.23479804704837995,0.2237017310252996,0.2108300044385264
0.33141592920353985,0.23849557522123893,0.22300884955752212,0.20707964601769913
0.3355585224744103,0.2358700489541611,0.22296395193591456,0.205607476635514
0.33863134657836647,0.22163355408388521,0.2304635761589404,0.20927152317880796
0.33700926334362596,0.2227613586237318,0.22893692104102337,0.2112924569916189
0.3363148479427549,0.22137745974955278,0.22898032200357782,0.2133273703041145
0.3295154185022026,0.2185022026431718,0.23612334801762114,0.21585903083700442
0.32940148536478814,0.21756225425950196,0.23722149410222804,0.21581476627348187
0.3245382585751979,0.2167985927880387,0.2405452946350044,0.218117854001759
0.325530035335689,0.2151060070671378,0.23630742049469966,0.2230565371024735
0.320053715308863,0.21575649059982094,0.2394807520143241,0.22470904207699194
0.3231574356737898,0.21151330135194069,0.24552987352812908,0.21979938944614041
0.32375055285272003,0.21450685537372843,0.24325519681556834,0.2184873949579832
0.325530035335689,0.21598939929328623,0.24381625441696114,0.2146643109540636
0.3344962930658526,0.21631051024858264,0.2363715656345399,0.21282163105102486
0.32266549758877683,0.22139412538360367,0.24068391056554142,0.21525646646207802
0.32879120879120877,0.21846153846153846,0.24,0.21274725274725276
0.3252212389380531,0.22389380530973452,0.23628318584070795,0.21460176991150443
0.325354609929078,0.22606382978723405,0.23315602836879432,0.2154255319148936
0.3250992501102779,0.2267313630348478,0.23378914865460962,0.21438023820026467
0.32966064345526663,0.2238871749669458,0.23490524460114587,0.2115469369766417
0.3350877192982456,0.21710526315789475,0.23596491228070177,0.2118421052631579
0.32953049583150507,0.21939447125932426,0.2395787626151821,0.2114962702939886
0.32516703786191536,0.222271714922049,0.24142538975501113,0.2111358574610245
0.3174955595026643,0.22380106571936056,0.238898756660746,0.21980461811722912
0.31946902654867254,0.2168141592920354,0.24557522123893805,0.21814159292035398
0.3244916003536693,0.21883289124668434,0.2409372236958444,0.21573828470380194
0.3192426243945399,0.2162043152796125,0.24614707177454867,0.21840598855129897
