C_R,C_A,C_S,C_N,D_R,D_A,D_S,D_N,Oc_R,Oc_A,Oc_S,Oc_N,Od_R,Od_A,Od_S,Od_N
0.0,0.0,0.0,0.0,0.0,0.0,0.0,0.0,0.0,0.0,0.0,0.0,1.0,0.0,0.0,0.0
0.0,0.0,0.0,0.0,0.0,0.0,0.0,0.0,0.0,0.5,0.0,0.0,0.5,0.0,0.0,0.0
0.0,0.0,0.0,0.0,0.0,0.0,0.0,0.0,0.0,0.5,0.0,0.0,0.5,0.0,0.0,0.0
0.0,0.0,0.0,0.3333333333333333,0.0,0.0,0.0,0.0,0.0,0.3333333333333333,0.0,0.0,0.3333333333333333,0.0,0.0,0.0
0.0,0.0,0.0,0.3333333333333333,0.0,0.0,0.0,0.0,0.0,0.3333333333333333,0.0,0.0,0.3333333333333333,0.0,0.0,0.0
0.0,0.0,0.0,0.3333333333333333,0.0,0.0,0.0,0.0,0.0,0.16666666666666666,0.0,0.0,0.3333333333333333,0.0,0.16666666666666666,0.0
0.0,0.0,0.0,0.25,0.0,0.125,0.0,0.0,0.0,0.125,0.0,0.0,0.375,0.0,0.125,0.0
0.0,0.0,0.0,0.2727272727272727,0.0,0.09090909090909091,0.0,0.0,0.0,0.09090909090909091,0.0,0.0,0.36363636363636365,0.0,0.18181818181818182,0.0
0.0,0.0,0.0,0.35714285714285715,0.07142857142857142,0.07142857142857142,0.0,0.0,0.0,0.07142857142857142,0.0,0.0,0.35714285714285715,0.0,0.07142857142857142,0.0
0.0,0.0,0.0,0.35294117647058826,0.058823529411764705,0.058823529411764705,0.0,0.0,0.0,0.058823529411764705,0.0,0.0,0.4117647058823529,0.0,0.058823529411764705,0.0
0.0,0.0,0.0,0.34782608695652173,0.043478260869565216,0.043478260869565216,0.0,0.0,0.0,0.043478260869565216,0.0,0.0,0.4782608695652174,0.0,0.043478260869565216,0.0
0.0,0.0,0.0,0.2903225806451613,0.03225806451612903,0.03225806451612903,0.0,0.0,0.0,0.03225806451612903,0.0,0.0,0.5483870967741935,0.03225806451612903,0.03225806451612903,0.0
0.0,0.025,0.0,0.275,0.025,0.025,0.025,0.0,0.0,0.0,0.0,0.0,0.575,0.025,0.025,0.0
0.0,0.041666666666666664,0.0,0.2916666666666667,0.0,0.020833333333333332,0.020833333333333332,0.0,0.0,0.020833333333333332,0.0,0.0,0.5833333333333334,0.0,0.020833333333333332,0.0
0.0,0.05263157894736842,0.0,0.3157894736842105,0.0,0.017543859649122806,0.017543859649122806,0.0,0.0,0.017543859649122806,0.0,0.0,0.5614035087719298,0.0,0.017543859649122806,0.0
0.0,0.041666666666666664,0.013888888888888888,0.3055555555555556,0.0,0.027777777777777776,0.013888888888888888,0.0,0.0,0.013888888888888888,0.0,0.0,0.5694444444444444,0.0,0.013888888888888888,0.0
0.0,0.037037037037037035,0.012345679012345678,0.32098765432098764,0.0,0.024691358024691357,0.012345679012345678,0.0,0.0,0.0,0.0,0.0,0.5802469135802469,0.0,0.012345679012345678,0.0
0.0,0.030303030303030304,0.010101010101010102,0.3434343434343434,0.0,0.020202020202020204,0.010101010101010102,0.0,0.0,0.0,0.0,0.0,0.5757575757575758,0.0,0.010101010101010102,0.0
0.0,0.025210084033613446,0.008403361344537815,0.33613445378151263,0.0,0.025210084033613446,0.008403361344537815,0.0,0.0,0.0,0.0,0.0,0.5882352941176471,0.0,0.008403361344537815,0.0
0.0,0.02054794520547945,0.00684931506849315,0.3356164383561644,0.0,0.02054794520547945,0.00684931506849315,0.00684931506849315,0.0,0.0,0.0,0.0,0.5958904109589042,0.0,0.00684931506849315,0.0
0.0,0.01875,0.00625,0.31875,0.0,0.0125,0.00625,0.00625,0.00625,0.0,0.0,0.0,0.61875,0.0,0.00625,0.0
0.0,0.016304347826086956,0.005434782608695652,0.31521739130434784,0.0,0.010869565217391304,0.005434782608695652,0.005434782608695652,0.0,0.005434782608695652,0.0,0.0,0.6304347826086957,0.0,0.005434782608695652,0.0
0.0,0.009216589861751152,0.004608294930875576,0.3317972350230415,0.0,0.009216589861751152,0.004608294930875576,0.004608294930875576,0.0,0.004608294930875576,0.0,0.004608294930875576,0.6175115207373272,0.0,0.009216589861751152,0.0
0.0,0.008658008658008658,0.004329004329004329,0.33766233766233766,0.004329004329004329,0.004329004329004329,0.004329004329004329,0.004329004329004329,0.004329004329004329,0.004329004329004329,0.0,0.008658008658008658,0.6060606060606061,0.0,0.008658008658008658,0.0
0.003787878787878788,0.007575757575757576,0.003787878787878788,0.3484848484848485,0.003787878787878788,0.003787878787878788,0.0,0.003787878787878788,0.003787878787878788,0.003787878787878788,0.0,0.007575757575757576,0.6022727272727273,0.0,0.007575757575757576,0.0
0.003436426116838488,0.010309278350515464,0.003436426116838488,0.3161512027491409,0.006872852233676976,0.0,0.003436426116838488,0.0,0.006872852233676976,0.003436426116838488,0.0,0.010309278350515464,0.6288659793814433,0.0,0.006872852233676976,0.0
0.006369426751592357,0.012738853503184714,0.0031847133757961785,0.30254777070063693,0.006369426751592357,0.0,0.0031847133757961785,0.0,0.006369426751592357,0.006369426751592357,0.0,0.009554140127388535,0.6305732484076433,0.006369426751592357,0.006369426751592357,0.0
0.011594202898550725,0.008695652173913044,0.002898550724637681,0.3188405797101449,0.008695652173913044,0.0,0.005797101449275362,0.002898550724637681,0.002898550724637681,0.005797101449275362,0.0,0.008695652173913044,0.6115942028985507,0.005797101449275362,0.002898550724637681,0.002898550724637681
0.01282051282051282,0.007692307692307693,0.005128205128205128,0.3230769230769231,0.007692307692307693,0.002564102564102564,0.005128205128205128,0.002564102564102564,0.002564102564102564,0.005128205128205128,0.0,0.007692307692307693,0.6076923076923076,0.002564102564102564,0.005128205128205128,0.002564102564102564
0.023474178403755867,0.007042253521126761,0.002347417840375587,0.31220657276995306,0.007042253521126761,0.002347417840375587,0.004694835680751174,0.002347417840375587,0.007042253521126761,0.004694835680751174,0.0,0.004694835680751174,0.6126760563380281,0.002347417840375587,0.004694835680751174,0.002347417840375587
0.023605150214592276,0.004291845493562232,0.004291845493562232,0.3197424892703863,0.004291845493562232,0.002145922746781116,0.004291845493562232,0.0,0.006437768240343348,0.004291845493562232,0.0,0.004291845493562232,0.6137339055793991,0.002145922746781116,0.002145922746781116,0.004291845493562232
0.03024193548387097,0.004032258064516129,0.004032258064516129,0.3245967741935484,0.004032258064516129,0.0020161290322580645,0.006048387096774193,0.0,0.006048387096774193,0.006048387096774193,0.0,0.004032258064516129,0.5987903225806451,0.0020161290322580645,0.0020161290322580645,0.006048387096774193
0.034545454545454546,0.005454545454545455,0.0036363636363636364,0.3490909090909091,0.0018181818181818182,0.0018181818181818182,0.007272727272727273,0.0,0.007272727272727273,0.005454545454545455,0.0,0.0036363636363636364,0.5709090909090909,0.0,0.0018181818181818182,0.007272727272727273
0.0392156862745098,0.004901960784313725,0.0032679738562091504,0.3562091503267974,0.0016339869281045752,0.0,0.006535947712418301,0.0,0.006535947712418301,0.004901960784313725,0.0016339869281045752,0.004901960784313725,0.5604575163398693,0.0,0.0016339869281045752,0.008169934640522876
0.038580246913580245,0.004629629629629629,0.0030864197530864196,0.3487654320987654,0.0015432098765432098,0.0,0.006172839506172839,0.0015432098765432098,0.006172839506172839,0.0030864197530864196,0.0015432098765432098,0.006172839506172839,0.5648148148148148,0.0015432098765432098,0.0030864197530864196,0.009259259259259259
0.03730272596843615,0.00430416068866571,0.0028694404591104736,0.35581061692969873,0.0014347202295552368,0.0028694404591104736,0.007173601147776184,0.0,0.005738880918220947,0.0028694404591104736,0.0028694404591104736,0.007173601147776184,0.5523672883787661,0.0028694404591104736,0.00430416068866571,0.010043041606886656
0.038978494623655914,0.005376344086021506,0.002688172043010753,0.353494623655914,0.0013440860215053765,0.004032258064516129,0.006720430107526882,0.0,0.004032258064516129,0.002688172043010753,0.002688172043010753,0.008064516129032258,0.5510752688172043,0.002688172043010753,0.005376344086021506,0.010752688172043012
0.04182509505703422,0.005069708491761723,0.0025348542458808617,0.35361216730038025,0.0038022813688212928,0.0038022813688212928,0.005069708491761723,0.0025348542458808617,0.005069708491761723,0.0025348542458808617,0.0025348542458808617,0.0063371356147021544,0.5513307984790875,0.0038022813688212928,0.0025348542458808617,0.0076045627376425855
0.04389086595492289,0.004744958481613286,0.002372479240806643,0.3582443653618031,0.004744958481613286,0.004744958481613286,0.005931198102016607,0.002372479240806643,0.0035587188612099642,0.0035587188612099642,0.0035587188612099642,0.005931198102016607,0.5432977461447213,0.0035587188612099642,0.002372479240806643,0.0071174377224199285
0.042505592841163314,0.0044742729306487695,0.0022371364653243847,0.37360178970917224,0.005592841163310962,0.005592841163310962,0.005592841163310962,0.0022371364653243847,0.003355704697986577,0.0022371364653243847,0.003355704697986577,0.005592841163310962,0.529082774049217,0.0044742729306487695,0.003355704697986577,0.006711409395973154
0.042105263157894736,0.003157894736842105,0.004210526315789474,0.3705263157894737,0.003157894736842105,0.00631578947368421,0.003157894736842105,0.005263157894736842,0.003157894736842105,0.002105263157894737,0.004210526315789474,0.00631578947368421,0.5294736842105263,0.005263157894736842,0.004210526315789474,0.007368421052631579
0.04020100502512563,0.004020100502512563,0.006030150753768844,0.38090452261306534,0.003015075376884422,0.005025125628140704,0.003015075376884422,0.005025125628140704,0.005025125628140704,0.0020100502512562816,0.004020100502512563,0.005025125628140704,0.5206030150753769,0.004020100502512563,0.005025125628140704,0.007035175879396985
0.04130643611911623,0.004803073967339097,0.004803073967339097,0.3794428434197887,0.002881844380403458,0.004803073967339097,0.002881844380403458,0.004803073967339097,0.004803073967339097,0.0019212295869356388,0.004803073967339097,0.005763688760806916,0.521613832853026,0.004803073967339097,0.0038424591738712775,0.0067243035542747355
0.04561717352415027,0.004472271914132379,0.007155635062611807,0.3810375670840787,0.0026833631484794273,0.006261180679785331,0.0026833631484794273,0.006261180679785331,0.005366726296958855,0.0017889087656529517,0.004472271914132379,0.005366726296958855,0.5125223613595706,0.0026833631484794273,0.004472271914132379,0.007155635062611807
0.04401408450704225,0.00528169014084507,0.007042253521126761,0.38116197183098594,0.0035211267605633804,0.006161971830985915,0.0017605633802816902,0.006161971830985915,0.007042253521126761,0.0017605633802816902,0.0044014084507042256,0.00528169014084507,0.5123239436619719,0.0035211267605633804,0.0044014084507042256,0.006161971830985915
0.049586776859504134,0.0049586776859504135,0.006611570247933884,0.384297520661157,0.0024793388429752068,0.005785123966942148,0.003305785123966942,0.005785123966942148,0.00743801652892562,0.001652892561983471,0.0049586776859504135,0.005785123966942148,0.5016528925619834,0.0049586776859504135,0.004132231404958678,0.006611570247933884
0.048722044728434506,0.004792332268370607,0.005591054313099041,0.38498402555910544,0.003194888178913738,0.004792332268370607,0.003194888178913738,0.004792332268370607,0.00718849840255591,0.001597444089456869,0.005591054313099041,0.006389776357827476,0.5039936102236422,0.003993610223642172,0.003993610223642172,0.00718849840255591
0.045066045066045064,0.006216006216006216,0.004662004662004662,0.39083139083139085,0.004662004662004662,0.004662004662004662,0.003885003885003885,0.003885003885003885,0.00777000777000777,0.003885003885003885,0.005439005439005439,0.006216006216006216,0.4926184926184926,0.005439005439005439,0.006993006993006993,0.00777000777000777
0.04582409460458241,0.005912786400591279,0.0029563932002956393,0.37915742793791574,0.004434589800443459,0.005173688100517369,0.003695491500369549,0.004434589800443459,0.0066518847006651885,0.0029563932002956393,0.005912786400591279,0.008130081300813009,0.5048041389504804,0.005912786400591279,0.005912786400591279,0.008130081300813009
0.045586107091172216,0.00723589001447178,0.002894356005788712,0.37988422575976843,0.005065123010130246,0.005065123010130246,0.004341534008683068,0.004341534008683068,0.005788712011577424,0.00361794500723589,0.005788712011577424,0.00723589001447178,0.5014471780028944,0.00723589001447178,0.00723589001447178,0.00723589001447178
0.0445993031358885,0.0062717770034843206,0.0027874564459930314,0.38118466898954706,0.004181184668989547,0.006968641114982578,0.004181184668989547,0.004878048780487805,0.004878048780487805,0.004181184668989547,0.005574912891986063,0.007665505226480836,0.5010452961672474,0.008362369337979094,0.005574912891986063,0.007665505226480836
0.04594594594594595,0.00472972972972973,0.004054054054054054,0.37364864864864866,0.00472972972972973,0.006756756756756757,0.004054054054054054,0.006081081081081081,0.005405405405405406,0.004054054054054054,0.006081081081081081,0.008108108108108109,0.5,0.00945945945945946,0.006081081081081081,0.010810810810810811
0.043676662320730114,0.003911342894393742,0.003911342894393742,0.3833116036505867,0.0045632333767926985,0.00651890482398957,0.003911342894393742,0.007170795306388526,0.005215123859191656,0.003911342894393742,0.005867014341590613,0.00847457627118644,0.4941329856584094,0.009126466753585397,0.005215123859191656,0.01108213820078227
0.04625407166123779,0.004560260586319218,0.003908794788273616,0.38697068403908796,0.005211726384364821,0.008469055374592834,0.003257328990228013,0.006514657980456026,0.004560260586319218,0.003908794788273616,0.005211726384364821,0.010423452768729642,0.48534201954397393,0.009120521172638436,0.005863192182410423,0.010423452768729642
0.04956085319949812,0.0056461731493099125,0.0037641154328732747,0.37766624843161856,0.005018820577164366,0.0075282308657465494,0.0037641154328732747,0.006273525721455458,0.00439146800501882,0.0037641154328732747,0.006900878293601004,0.00878293601003764,0.4887076537013802,0.010037641154328732,0.006900878293601004,0.011292346298619825
0.05308114704087859,0.005491153142159854,0.004270896888346553,0.3849908480780964,0.004881025015253203,0.007321537522879805,0.0036607687614399025,0.007931665649786455,0.0036607687614399025,0.0036607687614399025,0.005491153142159854,0.007321537522879805,0.4795607077486272,0.009762050030506406,0.006711409395973154,0.012202562538133009
0.053782505910165486,0.0065011820330969266,0.004137115839243499,0.37056737588652483,0.004728132387706856,0.008865248226950355,0.005319148936170213,0.0065011820330969266,0.0035460992907801418,0.004137115839243499,0.004728132387706856,0.0070921985815602835,0.49113475177304966,0.01004728132387707,0.0065011820330969266,0.012411347517730497
0.051341890315052506,0.005834305717619603,0.004084014002333722,0.367561260210035,0.005250875145857643,0.008168028004667444,0.005250875145857643,0.007584597432905484,0.003500583430571762,0.004084014002333722,0.005250875145857643,0.008751458576429404,0.4959159859976663,0.010501750291715286,0.005250875145857643,0.011668611435239206
0.05194805194805195,0.006211180124223602,0.00564652738565782,0.36645962732919257,0.005081874647092038,0.007340485601355167,0.003952569169960474,0.007905138339920948,0.003952569169960474,0.004517221908526256,0.005081874647092038,0.007905138339920948,0.5008469791078487,0.009599096555618294,0.004517221908526256,0.009034443817052512
0.052950910093767234,0.004964147821290678,0.005515719801434087,0.36458907887479314,0.003861003861003861,0.007170435741864313,0.004964147821290678,0.00827357970215113,0.003861003861003861,0.003309431880860452,0.006067291781577496,0.007170435741864313,0.504688361831219,0.009376723662437948,0.00441257584114727,0.00882515168229454
0.05140692640692641,0.00487012987012987,0.005411255411255411,0.36363636363636365,0.0027056277056277055,0.007575757575757576,0.00487012987012987,0.008658008658008658,0.003787878787878788,0.003787878787878788,0.005411255411255411,0.00974025974025974,0.5032467532467533,0.010281385281385282,0.005411255411255411,0.0091991341991342
0.051678209909429944,0.005860415556739478,0.005860415556739478,0.3617474693660096,0.0031965903036760787,0.009057005860415556,0.004794885455514118,0.009589770911028236,0.004794885455514118,0.0037293553542887587,0.005860415556739478,0.008524240809802876,0.5018646776771444,0.009057005860415556,0.005327650506126798,0.009057005860415556
0.05210526315789474,0.004736842105263158,0.00631578947368421,0.36157894736842106,0.0036842105263157894,0.008421052631578947,0.004210526315789474,0.008421052631578947,0.004210526315789474,0.003157894736842105,0.00631578947368421,0.007368421052631579,0.5052631578947369,0.009473684210526316,0.005789473684210527,0.008947368421052631
0.05128205128205128,0.004709576138147566,0.00837257980115123,0.358451072736787,0.0031397174254317113,0.007849293563579277,0.004186289900575615,0.007849293563579277,0.003663003663003663,0.004186289900575615,0.007849293563579277,0.007849293563579277,0.5065410779696494,0.009419152276295133,0.0057561486132914706,0.008895866038723181
0.048767967145790556,0.00513347022587269,0.008726899383983572,0.3603696098562628,0.003080082135523614,0.006673511293634497,0.004106776180698152,0.006673511293634497,0.003080082135523614,0.004106776180698152,0.007186858316221766,0.0077002053388090345,0.5082135523613963,0.009240246406570842,0.006673511293634497,0.01026694045174538
0.04833084205281515,0.004484304932735426,0.008470353761833582,0.3572496263079223,0.003986048829098156,0.0064773293472845045,0.005480817140009965,0.006975585450921774,0.004484304932735426,0.004484304932735426,0.0064773293472845045,0.008470353761833582,0.5092177379172895,0.007972097658196313,0.0064773293472845045,0.01096163428001993
0.048144433299899696,0.0050150451354062184,0.008525576730190571,0.3565697091273822,0.004012036108324975,0.006519558676028084,0.006018054162487462,0.006519558676028084,0.004513540621865597,0.004513540621865597,0.006018054162487462,0.00802407221664995,0.5115346038114343,0.007522567703109328,0.006018054162487462,0.01053159478435306
0.04940711462450593,0.005928853754940711,0.007411067193675889,0.3532608695652174,0.003458498023715415,0.005434782608695652,0.006422924901185771,0.005928853754940711,0.004446640316205534,0.006422924901185771,0.006422924901185771,0.007411067193675889,0.5133399209486166,0.008399209486166008,0.00691699604743083,0.009387351778656126
0.05186621425109064,0.0067862336403296175,0.007270964614638876,0.34852157052835675,0.0033931168201648087,0.0058167716917111,0.0058167716917111,0.007270964614638876,0.004362578768783325,0.007270964614638876,0.006301502666020358,0.007755695588948134,0.5104217159476491,0.010179350460494426,0.0067862336403296175,0.010179350460494426
0.05285920230658337,0.006246996636232581,0.0076886112445939455,0.3493512734262374,0.005285920230658337,0.005766458433445459,0.005766458433445459,0.008169149447381067,0.0038443056222969728,0.007208073041806823,0.007208073041806823,0.0076886112445939455,0.509851033157136,0.008649687650168188,0.005766458433445459,0.008649687650168188
0.05502392344497608,0.006220095693779904,0.006220095693779904,0.3497607655502392,0.005741626794258373,0.005263157894736842,0.0066985645933014355,0.007655502392344498,0.0028708133971291866,0.007177033492822967,0.006220095693779904,0.010047846889952153,0.5095693779904307,0.008133971291866028,0.00430622009569378,0.00909090909090909
0.05552918841955387,0.005220692928334125,0.006169909824394874,0.34504034171808257,0.005695301376364499,0.005695301376364499,0.006169909824394874,0.00854295206454675,0.0033222591362126247,0.005220692928334125,0.006169909824394874,0.009492168960607499,0.5130517323208353,0.007593735168485999,0.005220692928334125,0.011865211200759373
0.05471698113207547,0.005188679245283019,0.005660377358490566,0.3452830188679245,0.005660377358490566,0.007075471698113208,0.007547169811320755,0.008018867924528302,0.0033018867924528303,0.005188679245283019,0.005660377358490566,0.010849056603773584,0.5099056603773585,0.008490566037735849,0.005188679245283019,0.012264150943396227
0.056621431913897985,0.005147402901263453,0.006551240056153486,0.3336452971455311,0.006551240056153486,0.006551240056153486,0.0070191857744501636,0.007955077211043519,0.003275620028076743,0.004679457182966776,0.006551240056153486,0.010762751520823585,0.5156761815629387,0.008890968647636874,0.006083294337856809,0.014038371548900327
0.06036499766027141,0.005615348619560131,0.005615348619560131,0.3345811885821245,0.0070191857744501636,0.0070191857744501636,0.0070191857744501636,0.0070191857744501636,0.003743565746373421,0.005147402901263453,0.006083294337856809,0.008890968647636874,0.5128685072531586,0.009358914365933552,0.005147402901263453,0.014506317267197005
0.061711079943899017,0.004675081813931743,0.0065451145395044414,0.324450677886863,0.006077606358111267,0.006077606358111267,0.0074801309022907905,0.0074801309022907905,0.0032725572697522207,0.005142589995324918,0.005610098176718092,0.008415147265077139,0.5236091631603553,0.008882655446470314,0.0065451145395044414,0.014025245441795231
0.06479779411764706,0.004595588235294118,0.0059742647058823525,0.32306985294117646,0.0055147058823529415,0.0055147058823529415,0.007352941176470588,0.009650735294117647,0.0027573529411764708,0.006893382352941176,0.004595588235294118,0.007352941176470588,0.5206801470588235,0.008731617647058824,0.0059742647058823525,0.016544117647058824
0.06725417439703155,0.003246753246753247,0.006957328385899814,0.3186456400742115,0.0055658627087198514,0.00510204081632653,0.006957328385899814,0.012523191094619666,0.004174397031539889,0.0074211502782931356,0.00510204081632653,0.0074211502782931356,0.5190166975881262,0.00974025974025974,0.004174397031539889,0.016697588126159554
0.06563354603463993,0.0027347310847766638,0.005013673655423883,0.31631722880583407,0.005925250683682771,0.0054694621695533276,0.006381039197812215,0.012306289881494986,0.005925250683682771,0.009571558796718322,0.004557885141294439,0.009115770282588878,0.5205104831358249,0.010483135824977211,0.0036463081130355514,0.016408386508659983
0.06235776058261265,0.0027309968138370506,0.005917159763313609,0.31634046426945833,0.004551661356395084,0.006827492034592627,0.006827492034592627,0.012289485662266727,0.005006827492034593,0.00864815657715066,0.005006827492034593,0.008192990441511151,0.5238962221210742,0.010468821119708694,0.0036413290851160674,0.01729631315430132
0.0596475372797108,0.0027112516945323093,0.005422503389064619,0.31269769543605963,0.004970628106642567,0.006778129236330773,0.006778129236330773,0.012200632625395391,0.005422503389064619,0.00858563036601898,0.0072300045187528245,0.0076818798011748755,0.52643470402169,0.010845006778129237,0.004066877541798464,0.01852688657930411
0.06645851917930419,0.0026761819803746653,0.005798394290811775,0.3157894736842105,0.005798394290811775,0.006690454950936664,0.006690454950936664,0.012934879571810883,0.0044603033006244425,0.008920606601248885,0.007136485280999108,0.008920606601248885,0.5133809099018734,0.010704727921498661,0.004906333630686887,0.01873327386262266
0.06761565836298933,0.003113879003558719,0.006227758007117438,0.3113879003558719,0.0066725978647686835,0.004893238434163701,0.006227758007117438,0.01112099644128114,0.004448398576512456,0.00800711743772242,0.0071174377224199285,0.009341637010676156,0.5151245551601423,0.01201067615658363,0.005338078291814947,0.021352313167259787
0.0625826355222565,0.0035257822829440283,0.006610841780520053,0.3142353459673865,0.006610841780520053,0.0057293962097840455,0.00617011899515205,0.012780960775672102,0.004847950639048039,0.008373732921992068,0.006610841780520053,0.011018069634200088,0.5156456588805641,0.010136624063464082,0.004847950639048039,0.020273248126928163
0.06324635117204777,0.0035382574082264487,0.006634232640424591,0.30959752321981426,0.006634232640424591,0.007518796992481203,0.005307386112339673,0.011941618752764263,0.005307386112339673,0.008403361344537815,0.007076514816452897,0.011499336576735958,0.5192392746572313,0.009287925696594427,0.005307386112339673,0.019460415745245468
0.06052514463729417,0.0035603026257231864,0.006230529595015576,0.30663106364040943,0.006675567423230975,0.007120605251446373,0.006230529595015576,0.012016021361815754,0.0053404539385847796,0.00801068090787717,0.006230529595015576,0.012461059190031152,0.522919448153093,0.009790832220738763,0.005785491766800178,0.020471740097908322
0.0625281151596941,0.003598740440845704,0.006747638326585695,0.3094916779127305,0.005398110661268556,0.007647323436797121,0.005398110661268556,0.012595591542959963,0.004948268106162843,0.00899685110211426,0.007197480881691408,0.012595591542959963,0.5209176788124157,0.009446693657219974,0.005398110661268556,0.017094017094017096
0.06082289803220036,0.004472271914132379,0.007602862254025045,0.30500894454382826,0.005813953488372093,0.00849731663685152,0.005366726296958855,0.0129695885509839,0.005366726296958855,0.00849731663685152,0.007602862254025045,0.012075134168157423,0.5237030411449016,0.009391771019677997,0.006261180679785331,0.016547406082289804
0.05848214285714286,0.004464285714285714,0.007142857142857143,0.3044642857142857,0.005357142857142857,0.008035714285714285,0.004464285714285714,0.012946428571428572,0.004910714285714286,0.009375,0.00625,0.012053571428571429,0.528125,0.008035714285714285,0.006696428571428571,0.019196428571428573
0.06606741573033707,0.0044943820224719105,0.0071910112359550565,0.30202247191011233,0.006741573033707865,0.0071910112359550565,0.0044943820224719105,0.012134831460674157,0.004943820224719101,0.010786516853932584,0.0071910112359550565,0.011235955056179775,0.5244943820224719,0.0071910112359550565,0.005842696629213483,0.017977528089887642
0.06149732620320856,0.004010695187165776,0.006238859180035651,0.3052584670231729,0.006238859180035651,0.007575757575757576,0.004901960784313725,0.013368983957219251,0.004901960784313725,0.012477718360071301,0.0071301247771836,0.012923351158645277,0.5222816399286988,0.0071301247771836,0.0071301247771836,0.01693404634581105
0.06569664902998236,0.004409171075837742,0.006172839506172839,0.3082010582010582,0.003968253968253968,0.007495590828924162,0.0048500881834215165,0.014109347442680775,0.0048500881834215165,0.013227513227513227,0.007495590828924162,0.012345679012345678,0.5185185185185185,0.006613756613756613,0.007495590828924162,0.01455026455026455
0.06693440428380187,0.00535475234270415,0.006247211066488175,0.3078982597054886,0.0031236055332440876,0.00892458723784025,0.004016064257028112,0.013833110218652387,0.0049085229808121375,0.012940651494868362,0.006247211066488175,0.012048192771084338,0.5185185185185185,0.006693440428380187,0.007585899152164213,0.014725568942436412
0.06881143878462913,0.006255585344057194,0.006255585344057194,0.305183199285076,0.002680965147453083,0.00938337801608579,0.004021447721179625,0.013404825737265416,0.004468275245755138,0.01161751563896336,0.004915102770330653,0.011170688114387846,0.5236818588025023,0.006255585344057194,0.006255585344057194,0.015638963360142984
0.0738585496866607,0.007609668755595345,0.007162041181736795,0.30393912264995526,0.003133393017009848,0.007162041181736795,0.0035810205908683975,0.011638316920322292,0.004923903312444047,0.011190689346463742,0.004923903312444047,0.011638316920322292,0.5214861235452104,0.006714413607878245,0.005819158460161146,0.01521933751119069
0.07341092211280215,0.007162041181736795,0.007609668755595345,0.30304386750223816,0.003133393017009848,0.006714413607878245,0.0040286481647269475,0.010295434198746643,0.004923903312444047,0.01387645478961504,0.005819158460161146,0.010295434198746643,0.5201432408236347,0.007162041181736795,0.006266786034019696,0.01611459265890779
0.07671840354767184,0.006208425720620843,0.00753880266075388,0.30376940133037694,0.0031042128603104213,0.005764966740576497,0.004878048780487805,0.010643015521064302,0.003991130820399113,0.012860310421286032,0.006208425720620843,0.008869179600886918,0.5175166297117516,0.00975609756097561,0.005321507760532151,0.016851441241685146
0.0757238307349666,0.0062360801781737195,0.008463251670378619,0.2975501113585746,0.004008908685968819,0.0066815144766146995,0.004899777282850779,0.010690423162583519,0.0031180400890868597,0.013808463251670379,0.0062360801781737195,0.008463251670378619,0.5229398663697105,0.008908685968819599,0.004008908685968819,0.01826280623608018
0.07307351638618247,0.007971656333038087,0.007528786536758193,0.2976085031000886,0.00354295837023915,0.007528786536758193,0.005314437555358724,0.010628875110717449,0.00354295837023915,0.013286093888396812,0.005314437555358724,0.009300265721877768,0.5239149689991143,0.009300265721877768,0.0044286979627989375,0.01771479185119575
0.07430340557275542,0.007518796992481203,0.006191950464396285,0.30163644405130474,0.003980539584254755,0.005749668288367979,0.005749668288367979,0.009730207872622734,0.003980539584254755,0.013268465280849183,0.004422821760283061,0.010614772224679346,0.5218929677134011,0.008845643520566122,0.003980539584254755,0.01813356921716055
0.07506702412868632,0.00804289544235925,0.00580875781948168,0.2998212689901698,0.004468275245755138,0.00580875781948168,0.006255585344057194,0.01161751563896336,0.004915102770330653,0.013404825737265416,0.004021447721179625,0.00938337801608579,0.5183199285075961,0.009830205540661306,0.005361930294906166,0.017873100983020553
0.07804878048780488,0.007982261640798226,0.004878048780487805,0.2926829268292683,0.004878048780487805,0.005764966740576497,0.005764966740576497,0.01197339246119734,0.003991130820399113,0.012416851441241685,0.005321507760532151,0.01197339246119734,0.5223946784922394,0.010199556541019957,0.0066518847006651885,0.01507760532150776
0.07845744680851063,0.005319148936170213,0.004875886524822695,0.29388297872340424,0.004432624113475178,0.006648936170212766,0.00576241134751773,0.011968085106382979,0.00576241134751773,0.012854609929078014,0.004875886524822695,0.01152482269503546,0.5208333333333334,0.010195035460992909,0.007978723404255319,0.014627659574468085
0.07456724367509987,0.005770084332001775,0.005770084332001775,0.29027962716378164,0.004882379050155349,0.00887705281846427,0.006213936972924989,0.011984021304926764,0.006213936972924989,0.01287172658677319,0.004438526409232135,0.011096316023080338,0.521970705725699,0.010652463382157125,0.010208610741233911,0.014203284509542832
0.07503349709691827,0.006252791424743189,0.006252791424743189,0.28896828941491737,0.004912907548012505,0.009379187137114784,0.005359535506922733,0.00982581509602501,0.005359535506922733,0.013398838767306834,0.006699419383653417,0.00982581509602501,0.5243412237606074,0.011612326931665922,0.009379187137114784,0.013398838767306834
0.07876106194690266,0.007079646017699115,0.006194690265486726,0.2911504424778761,0.005752212389380531,0.009734513274336283,0.005309734513274336,0.009292035398230088,0.005309734513274336,0.012831858407079646,0.007079646017699115,0.009734513274336283,0.5199115044247787,0.010619469026548672,0.009292035398230088,0.011946902654867256
0.07846633972358448,0.006687472135532769,0.006241640659830584,0.2857779759251003,0.006687472135532769,0.00980829246544806,0.004458314757021846,0.008024966562639322,0.0057958091841284,0.014266607222469906,0.007579135086937138,0.008916629514043692,0.5269728042799822,0.010254123941150245,0.008024966562639322,0.012037449843958983
0.080393032603841,0.004912907548012505,0.007592675301473872,0.2867351496203662,0.005806163465832961,0.00982581509602501,0.005359535506922733,0.007592675301473872,0.005359535506922733,0.014292094685127288,0.007592675301473872,0.009379187137114784,0.5270209915140688,0.010719071013845467,0.007146047342563644,0.01027244305493524
0.08024966562639323,0.005349977708426215,0.006687472135532769,0.2880071333036112,0.005349977708426215,0.008916629514043692,0.0057958091841284,0.008916629514043692,0.006241640659830584,0.014266607222469906,0.008024966562639322,0.008916629514043692,0.5238519839500668,0.011145786892554615,0.006241640659830584,0.012037449843958983
0.08026905829596413,0.004932735426008968,0.006278026905829596,0.28878923766816145,0.005829596412556054,0.008968609865470852,0.006726457399103139,0.009417040358744395,0.007174887892376682,0.015246636771300448,0.007174887892376682,0.007623318385650224,0.5233183856502243,0.01031390134529148,0.006726457399103139,0.011210762331838564
0.08169642857142857,0.004910714285714286,0.004910714285714286,0.2875,0.005803571428571429,0.010267857142857143,0.007589285714285714,0.008482142857142856,0.00625,0.015625,0.006696428571428571,0.008035714285714285,0.5227678571428571,0.009821428571428571,0.007589285714285714,0.012053571428571429
0.08114132857779759,0.005349977708426215,0.004458314757021846,0.28488631297369593,0.007133303611234953,0.009362460989745877,0.007579135086937138,0.009362460989745877,0.0057958091841284,0.013820775746767721,0.007579135086937138,0.008916629514043692,0.5274186357556844,0.00980829246544806,0.0057958091841284,0.0115916183682568
0.0767172167707404,0.0053523639607493305,0.0053523639607493305,0.2903657448706512,0.007136485280999108,0.00936663693131133,0.007582515611061552,0.009812667261373774,0.006244424620874219,0.014719000892060661,0.007582515611061552,0.00847457627118644,0.5272078501338091,0.008920606601248885,0.004906333630686887,0.010258697591436218
0.08088888888888889,0.005333333333333333,0.004888888888888889,0.28844444444444445,0.0071111111111111115,0.008,0.007555555555555556,0.009333333333333334,0.0057777777777777775,0.014222222222222223,0.008,0.008,0.5275555555555556,0.009777777777777778,0.004888888888888889,0.010222222222222223
0.0800711743772242,0.005338078291814947,0.004448398576512456,0.2931494661921708,0.0071174377224199285,0.0071174377224199285,0.0071174377224199285,0.00800711743772242,0.004893238434163701,0.013345195729537367,0.007562277580071174,0.00800711743772242,0.5289145907473309,0.009341637010676156,0.005782918149466192,0.009786476868327402
0.08407473309608542,0.0066725978647686835,0.004893238434163701,0.28870106761565834,0.005782918149466192,0.006227758007117438,0.0066725978647686835,0.008896797153024912,0.004893238434163701,0.013790035587188613,0.007562277580071174,0.00800711743772242,0.5311387900355872,0.008896797153024912,0.005338078291814947,0.008451957295373666
0.08459483526268922,0.007123775601068566,0.005342831700801425,0.2871772039180766,0.00578806767586821,0.007123775601068566,0.008014247551202136,0.009795191451469279,0.004452359750667854,0.013802315227070348,0.008014247551202136,0.008459483526268923,0.5293855743544078,0.008014247551202136,0.005342831700801425,0.007569011576135352
0.08296164139161463,0.006690454950936664,0.006690454950936664,0.284121320249777,0.006244424620874219,0.007136485280999108,0.006690454950936664,0.009812667261373774,0.0053523639607493305,0.012934879571810883,0.007136485280999108,0.008028545941123996,0.5356824264049955,0.008028545941123996,0.0044603033006244425,0.008028545941123996
0.085040071237756,0.007123775601068566,0.008014247551202136,0.2778272484416741,0.006233303650934996,0.008904719501335707,0.006233303650934996,0.009795191451469279,0.006233303650934996,0.012466607301869992,0.007123775601068566,0.008904719501335707,0.5360641139804097,0.008014247551202136,0.004007123775601068,0.008014247551202136
0.08709245198749442,0.007592675301473872,0.006699419383653417,0.28584189370254576,0.006699419383653417,0.008485931219294328,0.006252791424743189,0.009379187137114784,0.006252791424743189,0.012952210808396605,0.007146047342563644,0.009379187137114784,0.5261277355962484,0.008485931219294328,0.0031263957123715946,0.008485931219294328
0.08596881959910913,0.0066815144766146995,0.0066815144766146995,0.2828507795100223,0.0066815144766146995,0.008463251670378619,0.0066815144766146995,0.010244988864142539,0.0075723830734966595,0.012026726057906459,0.0075723830734966595,0.010244988864142539,0.5291759465478841,0.008017817371937639,0.0026726057906458797,0.008463251670378619
0.08913525498891353,0.0066518847006651885,0.0066518847006651885,0.28070953436807095,0.0066518847006651885,0.008425720620842573,0.007095343680709534,0.009312638580931265,0.007095343680709534,0.01197339246119734,0.0066518847006651885,0.00975609756097561,0.5272727272727272,0.011529933481152993,0.0026607538802660754,0.008425720620842573
0.08614564831261101,0.005772646536412078,0.007104795737122558,0.2775310834813499,0.006216696269982238,0.007992895204262877,0.007548845470692718,0.009769094138543518,0.007104795737122558,0.011545293072824156,0.007104795737122558,0.008880994671403197,0.5337477797513321,0.012433392539964476,0.0026642984014209592,0.008436944937833037
0.08626056024899956,0.005780346820809248,0.00755891507336594,0.2734548688305914,0.007114273010226767,0.008003557136505114,0.008003557136505114,0.010226767452200978,0.00755891507336594,0.01067140951534015,0.00755891507336594,0.009782125389061804,0.5353490440195643,0.010226767452200978,0.004001778568252557,0.008448199199644287
0.08822232024702249,0.00529333921482135,0.007940008822232024,0.27393030436700483,0.0066166740185266875,0.00882223202470225,0.007940008822232024,0.0105866784296427,0.0070577856197618,0.011027790030877812,0.0070577856197618,0.009263343625937363,0.5328628142920159,0.012792236435818262,0.0030877812086457872,0.007498897220996913
0.08896797153024912,0.005338078291814947,0.008451957295373666,0.27179715302491103,0.0066725978647686835,0.00800711743772242,0.00800711743772242,0.009786476868327402,0.0066725978647686835,0.010231316725978648,0.0066725978647686835,0.008896797153024912,0.5373665480427047,0.011565836298932384,0.004448398576512456,0.0071174377224199285
0.09159626500666963,0.005335704757670075,0.004891062694530902,0.26411738550466873,0.005780346820809248,0.008003557136505114,0.00755891507336594,0.010226767452200978,0.006669630947087594,0.011116051578479324,0.008892841262783458,0.011116051578479324,0.5402401067140952,0.01067140951534015,0.004891062694530902,0.008892841262783458
0.09070698088039128,0.004446420631391729,0.004446420631391729,0.2667852378835038,0.006224988883948421,0.008448199199644287,0.00755891507336594,0.009782125389061804,0.007114273010226767,0.011560693641618497,0.009337483325922631,0.012449977767896843,0.5366829702089818,0.011116051578479324,0.004446420631391729,0.008892841262783458
0.0928157072735386,0.004462293618920125,0.004016064257028112,0.26952253458277553,0.0049085229808121375,0.0071396697902722,0.009370816599732263,0.009817045961624275,0.0071396697902722,0.009817045961624275,0.009817045961624275,0.011601963409192326,0.5341365461847389,0.009817045961624275,0.004462293618920125,0.011155734047300312
0.09404388714733543,0.0044782803403493054,0.004030452306314375,0.264666368114644,0.0049261083743842365,0.007165248544558889,0.008956560680698611,0.010300044782803403,0.007165248544558889,0.009852216748768473,0.008956560680698611,0.009852216748768473,0.541424093148231,0.009404388714733543,0.0044782803403493054,0.010300044782803403
0.09497964721845319,0.005879692446856626,0.004070556309362279,0.26142017186793304,0.004975124378109453,0.007688828584350972,0.008593396653098146,0.010402532790592492,0.007236544549977386,0.011307100859339666,0.009497964721845319,0.009950248756218905,0.5364088647670737,0.008593396653098146,0.0067842605156037995,0.012211668928086838
0.09240337627721013,0.007996446023989337,0.00444247001332741,0.26254997778764994,0.003998223011994669,0.009329187027987561,0.007552199022656597,0.010217681030653044,0.0053309640159928924,0.011550422034651266,0.009329187027987561,0.00888494002665482,0.5388716126166149,0.009329187027987561,0.006663705019991115,0.011550422034651266
0.08886933567971843,0.007919049714034315,0.004399472063352398,0.2595688517377915,0.003959524857017158,0.010118785745710514,0.008358996920369555,0.009238891333040036,0.004839419269687638,0.010558732952045754,0.008358996920369555,0.009678838539375276,0.5494940607127144,0.008358996920369555,0.005279366476022877,0.010998680158380994
0.08880994671403197,0.007992895204262877,0.003552397868561279,0.26243339253996445,0.004440497335701598,0.011545293072824156,0.008880994671403197,0.009325044404973356,0.003996447602131439,0.011101243339253997,0.007548845470692718,0.008880994671403197,0.5461811722912966,0.007548845470692718,0.005772646536412078,0.011989342806394316
0.09217625899280575,0.006744604316546762,0.0049460431654676255,0.25944244604316546,0.00539568345323741,0.012140287769784174,0.008992805755395683,0.009442446043165468,0.005845323741007194,0.011241007194244604,0.007643884892086331,0.008992805755395683,0.5449640287769785,0.007643884892086331,0.0049460431654676255,0.009442446043165468
