C_R,C_A,C_S,C_N,D_R,D_A,D_S,D_N,Oc_R,Oc_A,Oc_S,Oc_N,Od_R,Od_A,Od_S,Od_N
0.0,0.0,0.0,1.0,0.0,0.0,0.0,0.0,0.0,0.0,0.0,0.0,0.0,0.0,0.0,0.0
0.0,0.3333333333333333,0.0,0.3333333333333333,0.0,0.0,0.0,0.3333333333333333,0.0,0.0,0.0,0.0,0.0,0.0,0.0,0.0
0.0,0.2857142857142857,0.0,0.2857142857142857,0.0,0.0,0.0,0.2857142857142857,0.0,0.0,0.0,0.0,0.0,0.0,0.14285714285714285,0.0
0.0,0.2222222222222222,0.0,0.2222222222222222,0.0,0.0,0.0,0.2222222222222222,0.0,0.07407407407407407,0.07407407407407407,0.0,0.0,0.037037037037037035,0.14814814814814814,0.0
0.0,0.19230769230769232,0.038461538461538464,0.11538461538461539,0.0,0.0,0.038461538461538464,0.19230769230769232,0.0,0.07692307692307693,0.11538461538461539,0.0,0.0,0.038461538461538464,0.15384615384615385,0.038461538461538464
0.0,0.20430107526881722,0.043010752688172046,0.08602150537634409,0.0,0.0,0.043010752688172046,0.15053763440860216,0.021505376344086023,0.053763440860215055,0.11827956989247312,0.0,0.0,0.043010752688172046,0.17204301075268819,0.06451612903225806
0.0,0.17123287671232876,0.0410958904109589,0.07534246575342465,0.00684931506849315,0.0136986301369863,0.04794520547945205,0.13013698630136986,0.02054794520547945,0.0547945205479452,0.1095890410958904,0.0,0.0,0.0547945205479452,0.1917808219178082,0.0821917808219178
0.0,0.16587677725118483,0.04265402843601896,0.05687203791469194,0.009478672985781991,0.018957345971563982,0.061611374407582936,0.13270142180094788,0.03317535545023697,0.061611374407582936,0.10426540284360189,0.004739336492890996,0.0,0.06635071090047394,0.17061611374407584,0.07109004739336493
0.006734006734006734,0.15824915824915825,0.05387205387205387,0.04713804713804714,0.013468013468013467,0.013468013468013467,0.05387205387205387,0.12121212121212122,0.037037037037037035,0.05723905723905724,0.1111111111111111,0.010101010101010102,0.026936026936026935,0.06734006734006734,0.15824915824915825,0.06397306397306397
0.007371007371007371,0.14742014742014742,0.05405405405405406,0.044226044226044224,0.012285012285012284,0.012285012285012284,0.044226044226044224,0.12285012285012285,0.044226044226044224,0.06633906633906633,0.11547911547911548,0.022113022113022112,0.029484029484029485,0.06633906633906633,0.14987714987714987,0.06142506142506143
0.0111731843575419,0.14711359404096835,0.04283054003724395,0.037243947858473,0.0148975791433892,0.0148975791433892,0.0335195530726257,0.11731843575418995,0.040968342644320296,0.08193668528864059,0.12476722532588454,0.027932960893854747,0.0335195530726257,0.074487895716946,0.13594040968342644,0.061452513966480445
0.020618556701030927,0.14285714285714285,0.036818851251840944,0.027982326951399118,0.01914580265095729,0.023564064801178203,0.03829160530191458,0.10014727540500737,0.039764359351988215,0.08247422680412371,0.12665684830633284,0.036818851251840944,0.039764359351988215,0.0662739322533137,0.13991163475699558,0.05891016200294551
0.023781212841854936,0.1450653983353151,0.03804994054696789,0.029726516052318668,0.030915576694411414,0.028537455410225922,0.04042806183115339,0.093935790725327,0.04994054696789536,0.07609988109393578,0.1272294887039239,0.04042806183115339,0.034482758620689655,0.05826397146254459,0.13436385255648037,0.04875148632580262
0.03313840155945419,0.13060428849902533,0.03508771929824561,0.030214424951267055,0.04678362573099415,0.028265107212475632,0.04483430799220273,0.08674463937621832,0.05360623781676413,0.07309941520467836,0.1286549707602339,0.04678362573099415,0.031189083820662766,0.05263157894736842,0.13157894736842105,0.04678362573099415
0.03986981285598047,0.12205044751830757,0.03498779495524817,0.026037428803905614,0.05044751830756713,0.029292107404393815,0.04963384865744508,0.080553295362083,0.05777054515866558,0.07485760781122865,0.12530512611879577,0.047192839707078924,0.03417412530512612,0.05207485760781123,0.1277461350691619,0.04800650935720097
0.04775086505190312,0.11833910034602076,0.035986159169550176,0.03044982698961938,0.061591695501730104,0.03044982698961938,0.04982698961937716,0.08166089965397924,0.05397923875432526,0.07197231833910035,0.11764705882352941,0.04775086505190312,0.03529411764705882,0.05190311418685121,0.12041522491349481,0.04498269896193772
0.05757575757575758,0.10909090909090909,0.03575757575757576,0.03393939393939394,0.062424242424242424,0.02909090909090909,0.048484848484848485,0.07939393939393939,0.05272727272727273,0.0696969696969697,0.11757575757575757,0.0503030303030303,0.03636363636363636,0.05515151515151515,0.11878787878787879,0.04363636363636364
0.06554712892741062,0.1056338028169014,0.03683640303358613,0.029794149512459372,0.06229685807150596,0.029794149512459372,0.047128927410617555,0.08125677139761647,0.048212351029252434,0.07204767063921994,0.11484290357529794,0.05308775731310943,0.03412784398699892,0.05850487540628386,0.11375947995666305,0.047128927410617555
0.07000993048659385,0.09880834160873883,0.041211519364448855,0.03128103277060576,0.06703078450844091,0.03227408142999007,0.04816285998013903,0.07845084409136048,0.0506454816285998,0.07100297914597815,0.10377358490566038,0.05014895729890765,0.038232373386295926,0.0605759682224429,0.10824230387288977,0.05014895729890765
0.07093184979137691,0.09689383402874363,0.045433472415391744,0.0315252665739453,0.07185906351414001,0.03616133518776078,0.050533147890588784,0.07695873898933704,0.05146036161335188,0.06675938803894298,0.10060268891979601,0.050533147890588784,0.04172461752433936,0.05748725081131201,0.10199350950394066,0.049142327306444133
0.06885964912280702,0.09342105263157895,0.04912280701754386,0.031140350877192982,0.07412280701754385,0.04078947368421053,0.05526315789473684,0.07280701754385965,0.05307017543859649,0.062280701754385964,0.0969298245614035,0.05087719298245614,0.04868421052631579,0.05307017543859649,0.10043859649122808,0.04912280701754386
0.06349873843566022,0.09083263246425567,0.051303616484440706,0.03322119428090833,0.07695542472666106,0.04163162321278385,0.058452481076534904,0.06980656013456686,0.05550883095037847,0.06307821698906645,0.08915054667788057,0.052565180824222034,0.05088309503784693,0.052565180824222034,0.09714045416316232,0.053406223717409586
0.06357670221493027,0.08941755537325677,0.052502050861361775,0.03527481542247744,0.07752255947497949,0.04019688269073011,0.06152584085315833,0.06972928630024611,0.05578342904019688,0.06275635767022149,0.08654634946677604,0.05045118949958983,0.054552912223133715,0.05619360131255127,0.09105824446267433,0.05291222313371616
0.06663974151857835,0.08562197092084006,0.05573505654281099,0.03836833602584814,0.07390953150242327,0.04159935379644588,0.060177705977382874,0.06865912762520193,0.05977382875605816,0.061389337641357025,0.08279483037156704,0.05331179321486268,0.0537156704361874,0.05694668820678514,0.0864297253634895,0.05492730210016155
0.0681635926222935,0.08340016038492382,0.053327987169206094,0.04290296712109062,0.07497995188452286,0.04210104250200481,0.06134723336006415,0.06455493183640738,0.06054530874097835,0.06295108259823577,0.08139534883720931,0.05292702485966319,0.05693664795509222,0.057738572574178026,0.08299919807538092,0.053728949478749
0.0692,0.0804,0.0516,0.044,0.0732,0.04,0.0608,0.0648,0.0616,0.0656,0.0796,0.056,0.0552,0.06,0.0852,0.0528
0.0672,0.0756,0.0512,0.0464,0.0728,0.0416,0.062,0.0644,0.062,0.0632,0.08,0.0612,0.0576,0.0624,0.0804,0.052
0.066,0.0752,0.0524,0.0488,0.07,0.0404,0.0628,0.0652,0.0624,0.0652,0.08,0.0624,0.0568,0.0636,0.0764,0.0524
0.0676,0.0716,0.0524,0.048,0.0724,0.0408,0.0628,0.0632,0.0608,0.0676,0.08,0.0584,0.0572,0.064,0.0788,0.0544
0.0648,0.0688,0.0552,0.052,0.0724,0.0456,0.0624,0.0656,0.0636,0.0664,0.0772,0.058,0.0572,0.0636,0.0724,0.0548
0.0624,0.0664,0.0548,0.0536,0.0716,0.0492,0.0616,0.0696,0.0596,0.0684,0.0748,0.0568,0.0576,0.066,0.0716,0.056
0.0668,0.0656,0.0552,0.054,0.0716,0.0528,0.058,0.0692,0.0592,0.0676,0.0732,0.0572,0.0592,0.0636,0.072,0.0548
0.06522609043617447,0.06442577030812324,0.05402160864345738,0.055222088835534214,0.06882753101240496,0.05682272909163665,0.0584233693477391,0.06842737094837935,0.058823529411764705,0.06602641056422569,0.07202881152460984,0.05722288915566227,0.05962384953981593,0.06362545018007203,0.07362945178071229,0.057623049219687875
0.0632,0.0668,0.0588,0.0548,0.0696,0.0596,0.0548,0.0704,0.0572,0.0644,0.0704,0.0596,0.0576,0.0636,0.07,0.0592
0.0616,0.0656,0.0564,0.0576,0.068,0.0576,0.0552,0.0688,0.0568,0.0672,0.0696,0.06,0.06,0.0672,0.0688,0.0596
0.0656,0.0664,0.056,0.0568,0.0672,0.058,0.0556,0.0712,0.056,0.0672,0.0664,0.0576,0.0604,0.0704,0.0688,0.0564
0.0664,0.0664,0.0548,0.0568,0.0632,0.062,0.0544,0.0708,0.058,0.068,0.0676,0.0564,0.0608,0.07,0.0664,0.058
0.0684,0.0676,0.054,0.0568,0.0628,0.0628,0.0556,0.0712,0.0576,0.0676,0.0652,0.0568,0.0628,0.0672,0.0668,0.0568
0.0696,0.0692,0.0576,0.0588,0.0576,0.0632,0.0556,0.0732,0.058,0.0648,0.0676,0.0572,0.0604,0.0652,0.0656,0.0564
0.0672,0.0676,0.0592,0.0548,0.0588,0.0636,0.0504,0.0716,0.0576,0.064,0.0696,0.0576,0.0636,0.0676,0.066,0.0608
0.07,0.068,0.0612,0.0544,0.0608,0.0624,0.0476,0.0712,0.0572,0.0628,0.0692,0.0516,0.0632,0.0684,0.0712,0.0608
0.068,0.0676,0.062,0.052,0.0652,0.062,0.0492,0.0676,0.0572,0.0592,0.0716,0.0532,0.0632,0.0664,0.0732,0.0624
0.0728,0.0692,0.0628,0.054,0.062,0.064,0.0484,0.0664,0.0572,0.0592,0.0704,0.0508,0.0616,0.0688,0.072,0.0604
0.0728,0.0696,0.062,0.0556,0.0608,0.0644,0.0512,0.0636,0.0592,0.0616,0.0672,0.0512,0.0624,0.0656,0.0716,0.0612
0.072,0.0676,0.0604,0.0552,0.0612,0.066,0.0512,0.0624,0.062,0.0628,0.064,0.0488,0.0632,0.0664,0.0728,0.064
0.072,0.0656,0.0616,0.0564,0.0616,0.0624,0.054,0.0616,0.0644,0.0612,0.0592,0.0516,0.064,0.0648,0.0744,0.0652
0.0736,0.0676,0.0572,0.056,0.0616,0.0612,0.0524,0.0576,0.0648,0.0636,0.0596,0.0556,0.07,0.0656,0.0724,0.0612
0.0704,0.0676,0.0532,0.0592,0.0632,0.0652,0.0504,0.0588,0.0656,0.0644,0.06,0.0552,0.0664,0.064,0.0752,0.0612
0.072,0.0672,0.0548,0.0572,0.0612,0.0672,0.0496,0.0572,0.0652,0.0632,0.06,0.0564,0.0704,0.0644,0.0736,0.0604
0.072,0.0628,0.06,0.0572,0.0624,0.068,0.0524,0.058,0.0624,0.064,0.0624,0.0548,0.0692,0.062,0.074,0.0584
0.0748,0.0588,0.0616,0.0584,0.0624,0.0696,0.0476,0.058,0.0604,0.0644,0.0628,0.0588,0.0724,0.06,0.072,0.058
0.0728,0.0628,0.0604,0.0616,0.064,0.0664,0.048,0.0576,0.0588,0.064,0.0652,0.0596,0.0712,0.06,0.0708,0.0568
0.0724,0.0588,0.0612,0.0644,0.0628,0.0656,0.0496,0.054,0.0588,0.0644,0.0688,0.0592,0.072,0.0628,0.0692,0.056
0.0708,0.0588,0.062,0.0704,0.06,0.0616,0.0496,0.0528,0.0588,0.066,0.0712,0.0596,0.0696,0.0664,0.068,0.0544
0.0744,0.0584,0.0604,0.068,0.0572,0.064,0.0512,0.052,0.056,0.0668,0.0688,0.0592,0.0704,0.0684,0.068,0.0568
0.0732,0.058,0.058,0.0672,0.0584,0.0624,0.0508,0.0536,0.0588,0.07,0.068,0.0588,0.074,0.0648,0.0684,0.0556
0.0736,0.0596,0.0576,0.0604,0.0624,0.0588,0.0504,0.0572,0.0572,0.0716,0.0664,0.0608,0.07,0.068,0.07,0.056
0.0732,0.06,0.0592,0.0604,0.062,0.0592,0.0496,0.0576,0.0552,0.0712,0.0636,0.0576,0.0744,0.07,0.0684,0.0584
0.0676,0.062,0.0612,0.06,0.0644,0.0628,0.0496,0.0588,0.0572,0.0684,0.0636,0.0544,0.072,0.0708,0.0676,0.0596
0.0672,0.0624,0.0588,0.0568,0.066,0.0608,0.0508,0.0584,0.0568,0.0664,0.0672,0.0564,0.0704,0.0696,0.0712,0.0608
0.0704,0.0616,0.0568,0.058,0.0616,0.0624,0.056,0.0576,0.0564,0.066,0.066,0.0576,0.0716,0.0688,0.0704,0.0588
0.07,0.0584,0.0564,0.0608,0.0644,0.0636,0.0572,0.056,0.0584,0.0652,0.064,0.0616,0.068,0.0696,0.07,0.0564
0.0696,0.0604,0.0552,0.062,0.0688,0.0644,0.0552,0.0552,0.0616,0.0668,0.064,0.0612,0.0636,0.068,0.0672,0.0568
0.0672,0.0612,0.0568,0.0612,0.0684,0.0636,0.0568,0.0524,0.06,0.0692,0.0684,0.0596,0.0624,0.0652,0.0696,0.058
0.0652,0.0612,0.058,0.0628,0.066,0.064,0.058,0.0552,0.0612,0.0716,0.0684,0.0544,0.0644,0.0656,0.068,0.056
0.066,0.0588,0.0584,0.0628,0.0636,0.0672,0.0596,0.0576,0.0588,0.0688,0.0668,0.0568,0.066,0.064,0.0668,0.058
0.068,0.06,0.0564,0.0616,0.0644,0.064,0.0612,0.0596,0.0604,0.0668,0.068,0.0548,0.0692,0.062,0.0644,0.0592
0.0704,0.0596,0.0596,0.0632,0.064,0.0628,0.0584,0.0604,0.0584,0.07,0.0668,0.0568,0.068,0.0624,0.062,0.0572
0.0684,0.0604,0.0612,0.064,0.0632,0.0624,0.0576,0.062,0.0596,0.0704,0.0632,0.0584,0.0724,0.0596,0.0612,0.056
0.0664,0.0568,0.0648,0.0664,0.0632,0.0588,0.0572,0.064,0.0624,0.0684,0.0636,0.0584,0.0696,0.0616,0.0632,0.0552
0.0684,0.0568,0.0616,0.0636,0.066,0.0608,0.0588,0.0596,0.064,0.0668,0.0608,0.0608,0.0708,0.0636,0.0632,0.0544
0.0684,0.0556,0.0592,0.06,0.0652,0.0612,0.0592,0.0592,0.0636,0.0692,0.0612,0.0676,0.0688,0.064,0.0612,0.0564
0.0704,0.0544,0.0572,0.0608,0.0656,0.0596,0.058,0.0596,0.0604,0.0708,0.0608,0.0676,0.0712,0.0668,0.0604,0.0564
0.0704,0.0568,0.0564,0.0576,0.0664,0.0596,0.0596,0.0616,0.058,0.068,0.0608,0.0652,0.0716,0.066,0.0636,0.0584
0.0692,0.0568,0.058,0.0584,0.0664,0.062,0.0616,0.0608,0.0568,0.0656,0.06,0.068,0.0704,0.0624,0.0648,0.0588
0.0692,0.0544,0.0612,0.0624,0.0632,0.0632,0.058,0.0604,0.0584,0.0628,0.058,0.0708,0.0696,0.062,0.0672,0.0592
0.0696,0.056,0.058,0.0604,0.0628,0.068,0.058,0.0628,0.0572,0.0632,0.0572,0.0708,0.0664,0.0628,0.0692,0.0576
0.068,0.0536,0.0588,0.0592,0.0628,0.0684,0.0564,0.0648,0.06,0.0636,0.0596,0.0712,0.0684,0.0624,0.0676,0.0552
0.0692,0.0516,0.0588,0.062,0.0664,0.0692,0.0564,0.0616,0.0592,0.0616,0.0576,0.07,0.0668,0.0632,0.0684,0.058
0.0688,0.0536,0.0576,0.0608,0.0648,0.0708,0.054,0.0636,0.0584,0.0612,0.0608,0.0708,0.064,0.0636,0.0668,0.0604
0.0692,0.0552,0.06,0.0648,0.0676,0.0688,0.0548,0.0652,0.0568,0.0628,0.058,0.07,0.0616,0.0608,0.0652,0.0592
0.0716,0.0572,0.0596,0.062,0.0664,0.0688,0.0584,0.0628,0.0596,0.0628,0.0616,0.0672,0.06,0.0592,0.0672,0.0556
0.0688,0.0564,0.0592,0.0636,0.0676,0.0696,0.0608,0.0632,0.0596,0.0592,0.0596,0.0672,0.0592,0.0584,0.0716,0.056
0.0696,0.0544,0.0628,0.064,0.0684,0.0636,0.0616,0.066,0.0548,0.0568,0.0592,0.0664,0.0636,0.0604,0.0704,0.058
0.0704,0.0548,0.0636,0.0608,0.0692,0.066,0.062,0.0664,0.0548,0.056,0.06,0.066,0.064,0.0628,0.0672,0.056
0.0736,0.056,0.0612,0.0588,0.068,0.07,0.0596,0.0656,0.0572,0.0544,0.0612,0.066,0.0644,0.0628,0.0652,0.056
0.0732,0.0564,0.0576,0.0596,0.0672,0.0728,0.0552,0.066,0.0596,0.0544,0.062,0.0656,0.068,0.0636,0.0624,0.0564
0.0708,0.0552,0.0556,0.0576,0.0696,0.0756,0.056,0.064,0.0604,0.056,0.0652,0.0628,0.0676,0.0636,0.0616,0.0584
0.0684,0.0568,0.0556,0.062,0.07,0.074,0.0576,0.0612,0.06,0.0548,0.0664,0.0652,0.0668,0.0636,0.06,0.0576
0.0672,0.0592,0.056,0.0608,0.0716,0.0724,0.0596,0.062,0.06,0.0552,0.0616,0.064,0.0652,0.0652,0.064,0.056
0.0632,0.06,0.0576,0.0624,0.0712,0.0736,0.0572,0.0624,0.0596,0.0556,0.0616,0.0636,0.068,0.0648,0.062,0.0572
0.0632,0.0608,0.0568,0.06,0.0728,0.0752,0.0556,0.0616,0.0628,0.0584,0.0628,0.0612,0.0688,0.062,0.062,0.056
0.0644,0.0588,0.0588,0.062,0.0744,0.0764,0.054,0.064,0.0628,0.0624,0.062,0.058,0.0688,0.0592,0.0564,0.0576
0.0656,0.0596,0.058,0.0672,0.0728,0.0744,0.0544,0.068,0.062,0.0584,0.0616,0.0576,0.0696,0.0592,0.0544,0.0572
0.0648,0.0576,0.054,0.0688,0.0724,0.0736,0.0532,0.0692,0.064,0.056,0.0608,0.0596,0.0668,0.058,0.0596,0.0616
0.0652,0.0596,0.0556,0.0672,0.07,0.0728,0.0536,0.0672,0.0648,0.0556,0.064,0.0592,0.064,0.0576,0.0628,0.0608
0.0664,0.0596,0.0572,0.064,0.072,0.0748,0.0576,0.0648,0.0636,0.0544,0.064,0.0604,0.0636,0.0552,0.062,0.0604
0.0664,0.0612,0.058,0.0628,0.0708,0.0748,0.0568,0.0668,0.0624,0.0548,0.0656,0.058,0.064,0.0544,0.062,0.0612
0.0644,0.0644,0.056,0.0656,0.068,0.0744,0.0556,0.0668,0.0608,0.058,0.0668,0.0596,0.0644,0.0552,0.0608,0.0592
0.0656,0.064,0.0576,0.0656,0.066,0.0776,0.054,0.0664,0.0624,0.0564,0.068,0.062,0.0644,0.0544,0.0592,0.0564
0.0664,0.0628,0.0552,0.0612,0.066,0.0796,0.0544,0.0672,0.0604,0.0556,0.068,0.064,0.0632,0.058,0.0584,0.0596
0.0656,0.062,0.06,0.06,0.0636,0.0768,0.0524,0.0664,0.0584,0.058,0.0708,0.0644,0.062,0.0604,0.0596,0.0596
0.0652,0.06,0.0596,0.0592,0.0648,0.0756,0.0524,0.0644,0.058,0.0592,0.0704,0.0624,0.0608,0.0596,0.0676,0.0608
0.066,0.0616,0.0588,0.0596,0.0656,0.0728,0.0524,0.062,0.058,0.0608,0.0676,0.0644,0.0596,0.0624,0.0656,0.0628
0.064,0.0604,0.0568,0.0628,0.0636,0.072,0.0564,0.0596,0.0588,0.0612,0.0672,0.0644,0.062,0.0644,0.0644,0.062
0.0688,0.0544,0.0548,0.0644,0.0624,0.0728,0.058,0.0604,0.0552,0.0624,0.0656,0.0664,0.0592,0.066,0.0624,0.0668
0.0692,0.052,0.0536,0.0672,0.0588,0.066,0.06,0.0608,0.0564,0.0656,0.0648,0.0676,0.0596,0.0692,0.0624,0.0668
0.0656,0.0536,0.0592,0.0628,0.0596,0.0676,0.0596,0.062,0.058,0.0612,0.0684,0.0672,0.0584,0.0648,0.0632,0.0688
0.066,0.0544,0.0604,0.064,0.0616,0.0688,0.0612,0.0628,0.0564,0.0604,0.064,0.0668,0.0576,0.0632,0.0624,0.07
0.0648,0.0548,0.062,0.0676,0.0628,0.0656,0.0616,0.0608,0.058,0.062,0.062,0.0668,0.0552,0.0664,0.06,0.0696
0.0648,0.0544,0.0628,0.0668,0.0652,0.0656,0.0608,0.0616,0.0576,0.0608,0.062,0.066,0.0552,0.066,0.0576,0.0728
0.0644,0.0548,0.0648,0.0668,0.0684,0.0632,0.0616,0.0612,0.0556,0.06,0.0636,0.0636,0.0588,0.0656,0.0572,0.0704
0.0656,0.054,0.0616,0.0644,0.0676,0.0656,0.0632,0.06,0.054,0.0604,0.0648,0.064,0.0592,0.0648,0.0636,0.0672
0.0664,0.0524,0.0616,0.066,0.0664,0.0648,0.062,0.0612,0.0516,0.0596,0.0656,0.0644,0.0568,0.068,0.0648,0.0684
0.0644,0.0544,0.0596,0.0612,0.0668,0.0644,0.0632,0.066,0.0504,0.062,0.066,0.0632,0.0584,0.0692,0.064,0.0668
0.0644,0.0572,0.0584,0.0616,0.0636,0.0644,0.064,0.0652,0.054,0.0584,0.0668,0.0672,0.0572,0.0684,0.064,0.0652
0.064,0.0588,0.0596,0.0616,0.064,0.066,0.062,0.0612,0.0564,0.0608,0.0644,0.0644,0.0576,0.0672,0.0652,0.0668
0.062,0.0624,0.062,0.0604,0.0656,0.064,0.0668,0.0616,0.0548,0.0612,0.0644,0.0632,0.056,0.066,0.066,0.0636
0.0656,0.06,0.062,0.0596,0.0636,0.0632,0.0636,0.0636,0.0556,0.0628,0.0668,0.0632,0.0564,0.066,0.0668,0.0612
0.0628,0.0612,0.0604,0.0616,0.0628,0.0624,0.0632,0.0608,0.0556,0.0636,0.066,0.068,0.0564,0.0656,0.0652,0.0644
0.0628,0.0584,0.0676,0.0608,0.0628,0.0628,0.06,0.0636,0.0524,0.0644,0.066,0.0688,0.0572,0.0672,0.0644,0.0608
0.0628,0.0612,0.068,0.0628,0.0632,0.062,0.0612,0.0652,0.05,0.064,0.0644,0.0672,0.0568,0.0688,0.0648,0.0576
0.0632,0.0608,0.0672,0.066,0.0596,0.0596,0.0624,0.0608,0.054,0.064,0.066,0.072,0.054,0.0716,0.0656,0.0532
0.0616,0.0616,0.0688,0.068,0.0604,0.0584,0.066,0.0608,0.0544,0.0652,0.0664,0.0664,0.0528,0.0692,0.068,0.052
0.0596,0.0604,0.0684,0.0688,0.0636,0.0624,0.0664,0.0568,0.0556,0.0648,0.0668,0.0648,0.0516,0.0688,0.0668,0.0544
0.062,0.06,0.0656,0.0676,0.064,0.0636,0.0656,0.0592,0.0564,0.0632,0.0688,0.0632,0.0556,0.066,0.0668,0.0524
0.064,0.0596,0.0668,0.068,0.0656,0.0656,0.0612,0.0584,0.0544,0.0624,0.0672,0.062,0.0564,0.0676,0.0652,0.0556
0.0624,0.0572,0.0676,0.0684,0.0656,0.0676,0.0632,0.0584,0.0532,0.0612,0.068,0.0628,0.0556,0.066,0.0644,0.0584
0.06,0.0604,0.0684,0.0704,0.0608,0.0672,0.064,0.058,0.0536,0.0616,0.0696,0.0616,0.0536,0.066,0.0668,0.058
0.0632,0.0584,0.0696,0.0692,0.0592,0.064,0.0608,0.0596,0.0572,0.0624,0.0676,0.0624,0.0572,0.0644,0.0664,0.0584
0.0664,0.0572,0.068,0.0676,0.0572,0.0648,0.0632,0.0624,0.056,0.0636,0.0668,0.0652,0.0532,0.0624,0.0672,0.0588
0.0664,0.0572,0.066,0.0664,0.0572,0.0676,0.0632,0.0644,0.056,0.0616,0.0676,0.0668,0.0536,0.0632,0.0672,0.0556
0.0668,0.062,0.0628,0.0688,0.058,0.064,0.06,0.0628,0.0596,0.0596,0.068,0.0636,0.054,0.0636,0.0692,0.0572
0.066,0.0624,0.0648,0.0676,0.0584,0.0624,0.0632,0.0616,0.0592,0.06,0.0636,0.0648,0.0532,0.0672,0.0684,0.0572
0.068,0.0632,0.0632,0.0668,0.06,0.0624,0.066,0.0584,0.0588,0.0644,0.0648,0.0636,0.0556,0.0656,0.0652,0.054
0.07,0.064,0.064,0.0712,0.06,0.0604,0.0656,0.058,0.0552,0.066,0.066,0.0596,0.0568,0.0652,0.064,0.054
0.0732,0.0632,0.0644,0.0684,0.0592,0.0584,0.0636,0.0596,0.0608,0.0688,0.0628,0.0604,0.0556,0.0624,0.0636,0.0556
0.0716,0.0576,0.062,0.0712,0.0612,0.058,0.0664,0.0592,0.064,0.07,0.0636,0.0604,0.0564,0.0604,0.0632,0.0548
0.0696,0.0556,0.0616,0.0692,0.0604,0.0596,0.0664,0.0584,0.0632,0.072,0.0604,0.0616,0.06,0.056,0.0664,0.0596
0.0736,0.0568,0.0624,0.0692,0.058,0.058,0.0648,0.0604,0.066,0.074,0.0588,0.0612,0.0596,0.0556,0.0668,0.0548
0.0724,0.0572,0.0664,0.0672,0.0556,0.0588,0.0668,0.0596,0.0644,0.0704,0.0628,0.06,0.06,0.0584,0.066,0.054
0.0724,0.0584,0.0664,0.0652,0.0544,0.0588,0.0676,0.0564,0.062,0.0712,0.0656,0.06,0.062,0.0628,0.064,0.0528
0.0672,0.0596,0.0676,0.0676,0.0556,0.0612,0.0664,0.058,0.0616,0.07,0.066,0.0604,0.0608,0.0636,0.062,0.0524
0.0636,0.064,0.068,0.0664,0.0552,0.064,0.0628,0.0572,0.0616,0.0704,0.0664,0.0592,0.058,0.0684,0.0604,0.0544
0.0628,0.0668,0.0696,0.0652,0.0564,0.064,0.0624,0.0604,0.0624,0.0672,0.064,0.0576,0.0584,0.0708,0.0576,0.0544
0.0644,0.0636,0.0664,0.0636,0.0576,0.0692,0.0608,0.0564,0.0668,0.0648,0.0656,0.0616,0.06,0.068,0.0564,0.0548
0.0644,0.064,0.0656,0.0644,0.0592,0.0708,0.0548,0.058,0.0668,0.0648,0.0648,0.0636,0.0588,0.066,0.06,0.054
0.066,0.064,0.0628,0.064,0.0572,0.07,0.0552,0.0604,0.0652,0.066,0.0632,0.0672,0.058,0.0628,0.0616,0.0564
0.0636,0.0604,0.0604,0.0636,0.0572,0.0732,0.0548,0.062,0.066,0.0656,0.0636,0.0648,0.056,0.0668,0.0648,0.0572
0.06,0.0624,0.0612,0.0624,0.0584,0.0732,0.0572,0.0636,0.0652,0.0628,0.0636,0.0648,0.0568,0.0684,0.0632,0.0568
0.06,0.0616,0.0592,0.062,0.0572,0.07,0.06,0.0688,0.0668,0.0636,0.0636,0.064,0.0552,0.0692,0.064,0.0548
0.0612,0.0596,0.0576,0.0624,0.06,0.0676,0.0632,0.0688,0.0628,0.0676,0.0644,0.0656,0.054,0.0708,0.0612,0.0532
0.0608,0.0608,0.058,0.0624,0.064,0.0668,0.0628,0.0652,0.064,0.0668,0.0668,0.0644,0.0548,0.0688,0.0604,0.0532
0.0612,0.0596,0.0596,0.0616,0.064,0.0676,0.0636,0.0636,0.0652,0.0656,0.0676,0.0676,0.0516,0.066,0.0616,0.054
0.0608,0.0596,0.0604,0.0624,0.0604,0.0684,0.064,0.066,0.0676,0.066,0.0652,0.0696,0.0468,0.0632,0.0628,0.0568
0.0608,0.0572,0.0584,0.0612,0.0588,0.0688,0.0648,0.066,0.0664,0.0664,0.0628,0.0684,0.0532,0.0636,0.0636,0.0596
0.0632,0.056,0.06,0.0616,0.0592,0.066,0.0624,0.0688,0.0684,0.0684,0.0612,0.0668,0.0556,0.06,0.0616,0.0608
0.0624,0.0576,0.0624,0.062,0.0604,0.0676,0.0596,0.0692,0.0648,0.066,0.0612,0.0668,0.058,0.0596,0.0624,0.06
0.06,0.0564,0.0636,0.0632,0.0628,0.0656,0.062,0.07,0.0672,0.066,0.0604,0.0664,0.0572,0.06,0.0596,0.0596
0.06,0.0612,0.0616,0.06,0.0628,0.0628,0.0632,0.072,0.0648,0.0668,0.0616,0.0648,0.0588,0.0596,0.0584,0.0616
0.0612,0.064,0.0616,0.0584,0.0596,0.0652,0.06,0.072,0.0672,0.0616,0.0628,0.062,0.0628,0.0632,0.0572,0.0612
0.0616,0.0672,0.0596,0.0588,0.0624,0.0644,0.0612,0.0736,0.07,0.0608,0.0636,0.0636,0.0592,0.0604,0.0564,0.0572
0.062,0.0676,0.0596,0.0548,0.0612,0.0628,0.0668,0.0732,0.0708,0.0584,0.0636,0.0628,0.062,0.0616,0.0552,0.0576
0.0632,0.0684,0.058,0.0564,0.0604,0.0648,0.0652,0.0688,0.0688,0.0596,0.0664,0.062,0.0648,0.0616,0.0556,0.056
0.066,0.0648,0.0564,0.0576,0.0608,0.0676,0.064,0.0692,0.0684,0.0592,0.0688,0.0624,0.0656,0.06,0.056,0.0532
0.0684,0.064,0.0536,0.0588,0.0628,0.0668,0.0608,0.0708,0.066,0.0608,0.0676,0.0652,0.066,0.0612,0.0552,0.052
0.0668,0.0652,0.0508,0.062,0.0668,0.0664,0.0604,0.0712,0.0664,0.0604,0.0672,0.0628,0.0664,0.0588,0.0548,0.0536
0.066,0.0652,0.0524,0.062,0.0644,0.0692,0.0612,0.0724,0.066,0.0592,0.0672,0.0652,0.0644,0.0568,0.0556,0.0528
0.0684,0.0652,0.0524,0.0616,0.066,0.068,0.0608,0.072,0.0664,0.0572,0.0628,0.0668,0.068,0.0588,0.0516,0.054
0.072,0.0648,0.0552,0.0616,0.0652,0.066,0.0584,0.0732,0.0608,0.0584,0.0612,0.062,0.0664,0.064,0.0524,0.0584
0.0728,0.0644,0.0564,0.0608,0.0656,0.0632,0.0596,0.0756,0.0616,0.0612,0.0596,0.0592,0.068,0.0632,0.0528,0.056
0.0712,0.0636,0.058,0.06,0.0672,0.0612,0.064,0.0756,0.0592,0.058,0.0592,0.0588,0.0676,0.064,0.0536,0.0588
0.0676,0.0624,0.0536,0.0596,0.0656,0.062,0.0612,0.076,0.0576,0.0576,0.0612,0.06,0.0692,0.0672,0.0552,0.064
0.0656,0.0628,0.0548,0.0588,0.064,0.0624,0.0612,0.0772,0.058,0.0572,0.0596,0.0592,0.0708,0.0648,0.0588,0.0648
0.064,0.0612,0.052,0.0588,0.064,0.0636,0.0592,0.0756,0.0572,0.0556,0.0588,0.0644,0.0752,0.0632,0.0632,0.064
0.0628,0.062,0.05,0.0584,0.0604,0.0648,0.0584,0.076,0.058,0.0572,0.0616,0.0636,0.072,0.0652,0.0632,0.0664
0.0636,0.0604,0.0532,0.0608,0.0604,0.062,0.0584,0.0752,0.0576,0.0604,0.06,0.0612,0.0716,0.0676,0.0632,0.0644
0.0652,0.0592,0.0524,0.0608,0.0608,0.06,0.0544,0.0764,0.0568,0.0612,0.0616,0.0628,0.0712,0.0692,0.0632,0.0648
0.064,0.0608,0.0516,0.0592,0.0596,0.0596,0.0564,0.0772,0.0596,0.0596,0.0664,0.0612,0.0712,0.0644,0.0652,0.064
0.0648,0.0616,0.0504,0.0608,0.06,0.06,0.0564,0.0736,0.0632,0.0584,0.068,0.0636,0.0688,0.064,0.0652,0.0612
0.0648,0.06,0.0496,0.0652,0.0568,0.0612,0.0572,0.0756,0.0644,0.0572,0.0676,0.0628,0.0664,0.0648,0.066,0.0604
0.066,0.0616,0.0468,0.0648,0.0596,0.0604,0.0612,0.0732,0.0648,0.0584,0.0644,0.0648,0.0672,0.0616,0.0668,0.0584
0.0656,0.0628,0.0472,0.062,0.0616,0.0612,0.0632,0.0748,0.0652,0.06,0.0624,0.0616,0.066,0.0628,0.0656,0.058
0.0672,0.0616,0.0504,0.0616,0.0612,0.0604,0.0608,0.0752,0.0668,0.0564,0.0628,0.0592,0.068,0.0648,0.0672,0.0564
0.07,0.0604,0.0524,0.064,0.0608,0.0636,0.0636,0.0724,0.0656,0.0548,0.0632,0.0596,0.064,0.0636,0.0628,0.0592
0.0732,0.0584,0.0508,0.0652,0.0588,0.064,0.0636,0.0708,0.0648,0.0548,0.062,0.0592,0.0632,0.0644,0.0656,0.0612
0.0748,0.0608,0.0488,0.0668,0.056,0.0604,0.0632,0.0716,0.062,0.058,0.0632,0.058,0.0632,0.068,0.0652,0.06
0.0772,0.0616,0.0512,0.0688,0.0568,0.0616,0.0636,0.0696,0.0612,0.0604,0.0624,0.0544,0.062,0.0672,0.0644,0.0576
0.074,0.0608,0.0532,0.0688,0.0556,0.0632,0.064,0.066,0.0588,0.0604,0.062,0.0552,0.0624,0.0692,0.0668,0.0596
0.0704,0.0656,0.0512,0.0684,0.056,0.0636,0.0604,0.0672,0.0584,0.0608,0.0632,0.056,0.0636,0.0692,0.0664,0.0596
0.0732,0.0652,0.0516,0.0692,0.0548,0.064,0.0612,0.0684,0.0584,0.0632,0.0592,0.0552,0.0628,0.0692,0.0648,0.0596
0.0748,0.0632,0.0536,0.0684,0.052,0.0684,0.0656,0.07,0.056,0.062,0.0588,0.0548,0.06,0.0672,0.066,0.0592
0.0744,0.0612,0.0544,0.0688,0.0476,0.0692,0.068,0.0692,0.0568,0.064,0.0556,0.0552,0.0596,0.066,0.0656,0.0644
0.074,0.0628,0.0604,0.0668,0.0496,0.0668,0.068,0.0688,0.0564,0.0624,0.0536,0.0532,0.0584,0.0664,0.0676,0.0648
0.074,0.062,0.0592,0.0652,0.0524,0.0672,0.0696,0.0684,0.0584,0.0656,0.0516,0.0524,0.056,0.0696,0.0668,0.0616
0.0728,0.0624,0.0564,0.0656,0.0552,0.0692,0.0676,0.0708,0.058,0.0648,0.0524,0.0524,0.0572,0.0692,0.066,0.06
0.0704,0.0628,0.0576,0.0652,0.0528,0.0668,0.0676,0.0708,0.0616,0.0656,0.0512,0.0516,0.0588,0.0688,0.0684,0.06
0.0668,0.0656,0.056,0.0648,0.0532,0.0628,0.068,0.0684,0.0612,0.0696,0.0556,0.05,0.058,0.0668,0.0672,0.066
0.064,0.062,0.0556,0.0644,0.0512,0.0628,0.0624,0.0692,0.0644,0.0684,0.0568,0.0536,0.0592,0.0696,0.0696,0.0668
0.064,0.0592,0.0588,0.0712,0.0496,0.0616,0.062,0.0696,0.0632,0.0648,0.0564,0.0528,0.0588,0.0692,0.0712,0.0676
0.0652,0.0568,0.06,0.0672,0.0524,0.0636,0.06,0.0696,0.0624,0.0628,0.0548,0.05,0.0612,0.074,0.0736,0.0664
0.0644,0.0572,0.0628,0.0684,0.0532,0.0652,0.0636,0.0696,0.0616,0.0608,0.0548,0.05,0.062,0.0728,0.068,0.0656
0.062,0.0536,0.0608,0.0708,0.0572,0.0644,0.0668,0.0676,0.0564,0.0656,0.0544,0.0488,0.0632,0.0736,0.068,0.0668
0.0628,0.054,0.0656,0.0724,0.0572,0.0636,0.0648,0.0652,0.0568,0.0648,0.054,0.0492,0.064,0.0732,0.0672,0.0652
0.064,0.0552,0.0684,0.0712,0.0572,0.0644,0.0644,0.0632,0.0588,0.0656,0.0528,0.0524,0.0636,0.0744,0.062,0.0624
0.0652,0.0524,0.0672,0.0676,0.058,0.062,0.064,0.06,0.06,0.0652,0.0552,0.0552,0.0648,0.0736,0.0632,0.0664
0.062,0.0528,0.0668,0.0708,0.0588,0.0604,0.0596,0.0608,0.0612,0.0656,0.0536,0.0564,0.0672,0.0712,0.0664,0.0664
0.0652,0.0496,0.0644,0.0724,0.0592,0.0616,0.058,0.0608,0.0616,0.0632,0.0564,0.058,0.068,0.0716,0.0652,0.0648
0.0688,0.0516,0.0644,0.0736,0.0592,0.0612,0.0588,0.0604,0.0584,0.0624,0.0564,0.0604,0.068,0.0684,0.0636,0.0644
0.0676,0.0504,0.0636,0.0732,0.0604,0.0592,0.0632,0.0604,0.0588,0.064,0.0564,0.0624,0.068,0.07,0.0604,0.062
0.0668,0.0536,0.0652,0.0736,0.0652,0.0616,0.062,0.0616,0.0592,0.0608,0.0548,0.0588,0.0668,0.0668,0.0604,0.0628
0.0668,0.0544,0.0648,0.074,0.0668,0.0604,0.0572,0.0624,0.0604,0.062,0.0556,0.06,0.0656,0.064,0.0636,0.062
0.0664,0.0508,0.066,0.0728,0.0656,0.0588,0.0608,0.0624,0.062,0.0588,0.0568,0.058,0.0644,0.0676,0.068,0.0608
0.0668,0.0544,0.066,0.072,0.0692,0.06,0.0604,0.0636,0.0616,0.0576,0.054,0.0572,0.0612,0.0672,0.0696,0.0592
0.0624,0.0576,0.0656,0.072,0.0708,0.0616,0.0604,0.062,0.0604,0.058,0.0556,0.056,0.0596,0.0692,0.0696,0.0592
0.0632,0.0592,0.0644,0.0708,0.0684,0.0624,0.0584,0.062,0.0592,0.058,0.0564,0.0584,0.0616,0.068,0.0708,0.0588
0.062,0.0612,0.0648,0.0696,0.0676,0.0636,0.0596,0.0612,0.06,0.058,0.0604,0.0576,0.062,0.0672,0.0688,0.0564
0.0604,0.0644,0.0628,0.0668,0.0664,0.062,0.0616,0.0616,0.0624,0.0588,0.0576,0.0564,0.0612,0.068,0.0692,0.0604
0.0596,0.0628,0.0636,0.0676,0.0648,0.0608,0.0616,0.0628,0.06,0.0608,0.0596,0.0564,0.0604,0.068,0.0692,0.062
0.06,0.062,0.0632,0.0692,0.0608,0.0604,0.0644,0.0636,0.0616,0.0636,0.0556,0.0584,0.06,0.0684,0.0696,0.0592
0.0616,0.0604,0.0632,0.0644,0.0636,0.0636,0.0652,0.0608,0.0608,0.0644,0.0556,0.0596,0.0604,0.0688,0.0708,0.0568
0.06,0.058,0.0616,0.0668,0.0624,0.0644,0.0672,0.062,0.0636,0.0648,0.0564,0.0596,0.0608,0.0684,0.0676,0.0564
0.0612,0.0552,0.062,0.0712,0.0628,0.064,0.0648,0.06,0.0648,0.066,0.054,0.058,0.0588,0.068,0.072,0.0572
0.0592,0.056,0.0628,0.072,0.0592,0.0632,0.0636,0.062,0.0636,0.068,0.058,0.0548,0.0592,0.07,0.0712,0.0572
0.0632,0.0556,0.0592,0.0716,0.0596,0.0608,0.0652,0.0604,0.0652,0.068,0.0608,0.0568,0.0596,0.0704,0.0672,0.0564
0.0668,0.056,0.06,0.0708,0.0604,0.0576,0.0608,0.06,0.0664,0.07,0.0612,0.0572,0.0616,0.0696,0.0668,0.0548
0.0684,0.0552,0.0612,0.0692,0.0624,0.058,0.0568,0.0588,0.0656,0.0704,0.0624,0.0572,0.0628,0.0704,0.068,0.0532
0.0676,0.0556,0.0628,0.0636,0.0632,0.0564,0.0588,0.06,0.0648,0.0736,0.0644,0.0548,0.0632,0.0688,0.0736,0.0488
0.0708,0.0548,0.0612,0.0632,0.062,0.0596,0.0556,0.0604,0.0664,0.0728,0.0648,0.0548,0.0628,0.068,0.074,0.0488
0.0712,0.0552,0.064,0.0632,0.0624,0.0588,0.0556,0.06,0.0652,0.0732,0.0612,0.0548,0.0628,0.0668,0.0752,0.0504
0.0708,0.0524,0.0652,0.0628,0.0628,0.0596,0.0556,0.0616,0.0672,0.07,0.06,0.0532,0.0632,0.0664,0.0728,0.0564
0.0684,0.052,0.064,0.0612,0.0596,0.062,0.0576,0.062,0.0664,0.0708,0.0596,0.0524,0.0644,0.0684,0.0724,0.0588
0.0692,0.054,0.064,0.0592,0.0588,0.0612,0.0592,0.06,0.0688,0.0676,0.06,0.054,0.068,0.064,0.0696,0.0624
0.0688,0.0532,0.064,0.064,0.0556,0.06,0.0608,0.062,0.0692,0.0668,0.0592,0.0556,0.0644,0.0656,0.07,0.0608
0.0684,0.0556,0.0636,0.0628,0.0572,0.0584,0.0624,0.0588,0.068,0.0692,0.0604,0.0584,0.0628,0.0656,0.068,0.0604
0.0692,0.0584,0.0628,0.0604,0.0592,0.0576,0.0628,0.0592,0.0656,0.0732,0.0604,0.0556,0.0592,0.0676,0.0696,0.0592
0.0708,0.0628,0.0612,0.0568,0.062,0.0568,0.0612,0.0608,0.062,0.074,0.064,0.0576,0.0612,0.0652,0.0652,0.0584
0.0708,0.0624,0.0636,0.058,0.0624,0.0548,0.0624,0.058,0.0632,0.0716,0.064,0.0596,0.0628,0.0644,0.0632,0.0588
0.072,0.0608,0.0632,0.0592,0.06,0.0564,0.0608,0.0564,0.0652,0.0716,0.0632,0.0612,0.0624,0.0644,0.0624,0.0608
0.0708,0.0584,0.0648,0.0636,0.0608,0.0604,0.0576,0.0588,0.0664,0.0708,0.0628,0.0596,0.0604,0.064,0.0624,0.0584
0.0696,0.0584,0.066,0.0632,0.062,0.064,0.0556,0.0572,0.0664,0.068,0.0648,0.06,0.0608,0.0596,0.0612,0.0632
0.0704,0.0592,0.0648,0.0648,0.0668,0.066,0.056,0.0584,0.0644,0.0672,0.0656,0.06,0.0584,0.0576,0.0588,0.0616
0.0652,0.0576,0.0652,0.0644,0.0668,0.0684,0.0544,0.0568,0.0648,0.0732,0.0644,0.0636,0.0592,0.0568,0.0592,0.06
0.0636,0.0604,0.0652,0.0652,0.0652,0.0656,0.0532,0.0552,0.0624,0.0716,0.0652,0.0608,0.0604,0.0572,0.0604,0.0684
0.064,0.062,0.0664,0.0612,0.0664,0.0676,0.054,0.0572,0.0632,0.0708,0.064,0.058,0.0596,0.0584,0.0588,0.0684
0.0656,0.066,0.0608,0.0592,0.064,0.0652,0.0552,0.06,0.0648,0.072,0.064,0.0588,0.058,0.0584,0.06,0.068
0.062,0.066,0.06,0.0596,0.0648,0.0636,0.0544,0.0604,0.0636,0.0688,0.068,0.064,0.06,0.0584,0.0588,0.0676
0.0596,0.0684,0.062,0.0628,0.0604,0.0588,0.0552,0.0608,0.066,0.0688,0.0668,0.064,0.0592,0.0612,0.0568,0.0692
0.0572,0.068,0.0612,0.0648,0.06,0.062,0.0552,0.06,0.066,0.0652,0.0656,0.0624,0.058,0.0668,0.0564,0.0712
0.06,0.0696,0.0592,0.064,0.0584,0.062,0.056,0.0604,0.0648,0.0672,0.0636,0.0616,0.0596,0.0656,0.0564,0.0716
0.0608,0.0708,0.06,0.0612,0.0584,0.0612,0.0584,0.0616,0.0676,0.0644,0.0636,0.0636,0.058,0.0628,0.0552,0.0724
0.0592,0.0692,0.0588,0.0616,0.0592,0.064,0.0572,0.0608,0.0668,0.0692,0.0624,0.0628,0.0604,0.0612,0.0564,0.0708
0.0608,0.068,0.0572,0.0624,0.0588,0.0636,0.0552,0.0652,0.0636,0.0672,0.0636,0.062,0.062,0.066,0.0572,0.0672
0.0624,0.0672,0.0596,0.0636,0.0592,0.0628,0.0584,0.0688,0.0612,0.0616,0.0636,0.0604,0.0632,0.0648,0.0584,0.0648
0.0628,0.066,0.0592,0.0628,0.0608,0.0632,0.0584,0.0664,0.0636,0.0664,0.0636,0.0608,0.064,0.064,0.0568,0.0612
0.0616,0.0648,0.0596,0.0616,0.062,0.062,0.0588,0.0644,0.0632,0.066,0.062,0.0612,0.064,0.0664,0.0592,0.0632
0.0576,0.0692,0.0596,0.0616,0.0616,0.0604,0.0556,0.066,0.0652,0.0656,0.064,0.0616,0.066,0.0648,0.0572,0.064
0.0564,0.0688,0.0568,0.0636,0.0608,0.0596,0.0624,0.0644,0.0676,0.0648,0.0628,0.062,0.0604,0.0684,0.0592,0.062
0.0536,0.068,0.0596,0.0612,0.0596,0.0628,0.062,0.0648,0.0652,0.0668,0.0624,0.0636,0.0568,0.0692,0.0596,0.0648
0.0536,0.0668,0.06,0.062,0.0624,0.0608,0.0644,0.0656,0.062,0.0684,0.0648,0.0632,0.0584,0.0692,0.056,0.0624
0.0544,0.0668,0.0592,0.0648,0.0632,0.0608,0.0672,0.0684,0.0608,0.0656,0.0604,0.0624,0.056,0.0672,0.0572,0.0656
0.0584,0.0656,0.0568,0.0652,0.0616,0.0616,0.0684,0.0632,0.06,0.0632,0.06,0.0608,0.0576,0.0692,0.0616,0.0668
0.062,0.0664,0.0572,0.0668,0.06,0.0616,0.0664,0.0648,0.0584,0.0636,0.06,0.0592,0.058,0.0672,0.0624,0.066
0.0632,0.0652,0.0588,0.0676,0.058,0.0628,0.0676,0.0616,0.0576,0.0672,0.0604,0.0584,0.056,0.0684,0.062,0.0652
0.0616,0.0668,0.0548,0.0664,0.06,0.0644,0.0684,0.0624,0.0592,0.0664,0.0564,0.0588,0.0564,0.0708,0.0616,0.0656
0.06,0.064,0.0548,0.0648,0.0612,0.0656,0.0704,0.0604,0.06,0.0644,0.0568,0.0588,0.0552,0.0732,0.0624,0.068
0.0596,0.0636,0.0584,0.0652,0.0604,0.0676,0.074,0.0612,0.0616,0.0624,0.054,0.058,0.0532,0.0712,0.062,0.0676
0.0588,0.0624,0.0608,0.0656,0.0596,0.0684,0.068,0.0604,0.064,0.0676,0.0548,0.058,0.0548,0.0696,0.0584,0.0688
0.0592,0.0596,0.058,0.0664,0.0608,0.0688,0.0644,0.0648,0.0624,0.0664,0.056,0.0572,0.0552,0.074,0.0568,0.07
0.0636,0.06,0.0556,0.068,0.0612,0.0688,0.0668,0.0636,0.0628,0.0636,0.056,0.0564,0.054,0.0736,0.0564,0.0696
0.0628,0.0596,0.0584,0.066,0.062,0.0696,0.0668,0.066,0.0608,0.0644,0.0552,0.0568,0.0536,0.0744,0.0544,0.0692
0.0636,0.0624,0.06,0.0636,0.0632,0.066,0.0672,0.0664,0.0584,0.0616,0.0536,0.0576,0.0584,0.0748,0.0536,0.0696
0.0668,0.062,0.0596,0.0652,0.0636,0.0632,0.0628,0.0652,0.0588,0.0628,0.0552,0.06,0.0576,0.0708,0.0548,0.0716
0.0652,0.062,0.056,0.0628,0.0656,0.0628,0.0624,0.0656,0.06,0.0632,0.0544,0.0612,0.0576,0.0708,0.0576,0.0728
0.0696,0.064,0.0568,0.0608,0.062,0.0596,0.062,0.066,0.0604,0.0608,0.058,0.062,0.058,0.0704,0.058,0.0716
0.072,0.0672,0.0564,0.058,0.0636,0.0568,0.0664,0.0672,0.0596,0.0564,0.058,0.0592,0.058,0.0676,0.06,0.0736
0.0732,0.0684,0.0556,0.0576,0.0624,0.0612,0.0656,0.0632,0.0604,0.0552,0.0568,0.0548,0.0624,0.0692,0.0628,0.0712
0.0688,0.066,0.0588,0.0604,0.0664,0.0588,0.0688,0.06,0.0572,0.0584,0.0556,0.0552,0.0644,0.0692,0.0604,0.0716
0.0628,0.064,0.0588,0.0632,0.0648,0.06,0.0684,0.0624,0.0572,0.0572,0.0576,0.0572,0.0652,0.0708,0.058,0.0724
0.0656,0.0624,0.0616,0.0632,0.0612,0.0596,0.0664,0.0588,0.054,0.0576,0.0596,0.0592,0.064,0.072,0.0616,0.0732
0.0668,0.0604,0.0636,0.0632,0.0632,0.0588,0.064,0.0572,0.0556,0.0588,0.0564,0.06,0.0676,0.0712,0.0604,0.0728
0.068,0.058,0.0616,0.0612,0.0608,0.0636,0.0652,0.0604,0.0576,0.0584,0.058,0.0636,0.0644,0.068,0.0584,0.0728
0.0676,0.0592,0.0628,0.0596,0.058,0.062,0.066,0.0588,0.0604,0.06,0.062,0.0632,0.0652,0.0648,0.0596,0.0708
0.0664,0.0568,0.0636,0.0588,0.0576,0.0632,0.0668,0.06,0.0588,0.0604,0.0664,0.0628,0.0648,0.0656,0.0608,0.0672
0.0692,0.0592,0.0636,0.0612,0.0548,0.064,0.0664,0.0564,0.0568,0.056,0.0696,0.062,0.0648,0.0648,0.064,0.0672
0.0692,0.0608,0.0632,0.0632,0.054,0.0632,0.0664,0.0584,0.0584,0.056,0.0704,0.0612,0.0644,0.0624,0.062,0.0668
0.0692,0.0628,0.064,0.0608,0.056,0.0596,0.0688,0.0584,0.06,0.058,0.0712,0.0612,0.0624,0.06,0.0608,0.0668
0.0668,0.0652,0.066,0.0628,0.0568,0.058,0.0672,0.0584,0.0576,0.06,0.072,0.0588,0.0604,0.0612,0.0608,0.068
0.0692,0.062,0.0632,0.0636,0.0564,0.0572,0.0668,0.0568,0.0612,0.062,0.0712,0.0568,0.0616,0.0632,0.0628,0.066
0.0648,0.0596,0.064,0.064,0.056,0.06,0.0696,0.0564,0.0572,0.0616,0.0684,0.0576,0.0644,0.0672,0.0628,0.0664
0.0668,0.0628,0.064,0.0656,0.0556,0.0608,0.0692,0.0548,0.0564,0.0596,0.0644,0.0592,0.0664,0.066,0.0616,0.0668
0.0696,0.0652,0.066,0.0656,0.0528,0.0604,0.0668,0.054,0.056,0.058,0.0672,0.0588,0.0668,0.0636,0.0612,0.068
0.072,0.0628,0.0636,0.0644,0.0576,0.0624,0.0648,0.0532,0.0548,0.0552,0.0676,0.0588,0.0692,0.062,0.0604,0.0712
0.0736,0.0588,0.0644,0.0632,0.0572,0.0608,0.0656,0.0576,0.0524,0.054,0.0716,0.0572,0.0692,0.0608,0.0628,0.0708
0.0712,0.0604,0.066,0.0652,0.058,0.0636,0.0628,0.0596,0.0524,0.0576,0.0692,0.056,0.0716,0.056,0.0624,0.068
0.0696,0.0596,0.0652,0.0648,0.0584,0.062,0.06,0.062,0.0516,0.0564,0.0704,0.056,0.0752,0.056,0.0656,0.0672
0.068,0.0592,0.0628,0.0644,0.058,0.06,0.0612,0.062,0.052,0.058,0.0716,0.0556,0.0732,0.06,0.0676,0.0664
0.0672,0.0604,0.0632,0.0672,0.0588,0.0576,0.0592,0.0612,0.0536,0.0612,0.0672,0.0572,0.0712,0.0612,0.0728,0.0608
0.0676,0.062,0.0612,0.0664,0.0592,0.0584,0.0612,0.0616,0.054,0.0616,0.0672,0.0588,0.0708,0.0596,0.0696,0.0608
0.0692,0.0632,0.0592,0.0636,0.0576,0.0584,0.0624,0.0616,0.0556,0.0676,0.0644,0.0572,0.0716,0.0576,0.0688,0.062
0.07,0.0572,0.0584,0.0648,0.0608,0.06,0.0636,0.062,0.0588,0.0664,0.066,0.0564,0.07,0.0592,0.066,0.0604
0.068,0.0576,0.0564,0.066,0.0632,0.0612,0.0652,0.0612,0.058,0.0628,0.068,0.0588,0.0684,0.06,0.0628,0.0624
0.0672,0.0568,0.0576,0.068,0.0596,0.06,0.0668,0.0608,0.0568,0.0596,0.0676,0.0612,0.0724,0.0588,0.064,0.0628
0.0704,0.058,0.06,0.0636,0.0636,0.0588,0.0688,0.0584,0.0568,0.0576,0.0656,0.06,0.072,0.0624,0.0644,0.0596
0.0748,0.06,0.0616,0.0596,0.0664,0.0592,0.0684,0.0588,0.0584,0.0544,0.0628,0.0624,0.0716,0.0612,0.0628,0.0576
0.0756,0.062,0.0668,0.0604,0.0668,0.0588,0.0648,0.0584,0.06,0.0548,0.0636,0.0668,0.0676,0.0572,0.0616,0.0548
0.0748,0.0612,0.0632,0.058,0.0668,0.0576,0.066,0.0584,0.0612,0.0564,0.0652,0.068,0.0688,0.0552,0.0628,0.0564
0.0744,0.0608,0.0632,0.0604,0.066,0.0612,0.0656,0.0596,0.0596,0.0556,0.0684,0.0676,0.0676,0.0556,0.0608,0.0536
0.0752,0.062,0.0636,0.0604,0.0644,0.0616,0.068,0.0584,0.0564,0.0568,0.068,0.066,0.0676,0.0556,0.0616,0.0544
0.08,0.0596,0.0652,0.0628,0.0636,0.0624,0.0668,0.0616,0.0544,0.052,0.066,0.0616,0.0668,0.0564,0.0624,0.0584
0.0768,0.06,0.0632,0.066,0.064,0.0612,0.0656,0.06,0.0564,0.0504,0.0652,0.0624,0.068,0.0556,0.0664,0.0588
0.0756,0.0616,0.0636,0.0628,0.0616,0.0616,0.0688,0.0612,0.0576,0.0488,0.0648,0.0656,0.0672,0.0544,0.0652,0.0596
0.072,0.06,0.0636,0.064,0.0608,0.0604,0.066,0.062,0.0584,0.0504,0.0656,0.0664,0.0664,0.0552,0.0668,0.062
0.0712,0.0588,0.0628,0.064,0.0664,0.0584,0.0636,0.0624,0.0584,0.0528,0.0668,0.0652,0.066,0.056,0.066,0.0612
0.0668,0.0584,0.0656,0.0664,0.0684,0.0556,0.0648,0.0636,0.0556,0.0536,0.0684,0.0648,0.0608,0.0576,0.066,0.0636
0.0664,0.06,0.0628,0.066,0.0632,0.056,0.068,0.062,0.06,0.054,0.0652,0.0672,0.0648,0.0552,0.0664,0.0628
0.0644,0.0588,0.0644,0.0692,0.0676,0.0544,0.0632,0.0628,0.06,0.0524,0.0652,0.0668,0.0636,0.06,0.0652,0.062
0.0644,0.0608,0.0652,0.0696,0.0656,0.0576,0.0628,0.0616,0.0644,0.0504,0.0608,0.0656,0.0644,0.0592,0.0652,0.0624
0.0612,0.0588,0.0688,0.07,0.0624,0.0596,0.062,0.0592,0.0664,0.0508,0.06,0.066,0.0624,0.0632,0.0652,0.064
0.06,0.0568,0.0688,0.0684,0.062,0.0584,0.0652,0.056,0.0668,0.0532,0.0604,0.0656,0.0612,0.0648,0.0676,0.0648
0.0628,0.0576,0.0728,0.0688,0.062,0.0592,0.062,0.0544,0.0668,0.0528,0.0584,0.068,0.058,0.0628,0.0668,0.0668
0.0668,0.0572,0.072,0.0712,0.0636,0.0576,0.062,0.054,0.0648,0.0528,0.0584,0.0648,0.058,0.064,0.0696,0.0632
0.0668,0.0568,0.0748,0.0724,0.064,0.0544,0.0616,0.0548,0.0612,0.0556,0.0624,0.0652,0.0544,0.066,0.0664,0.0632
0.064,0.0564,0.0724,0.0772,0.0632,0.0572,0.0616,0.0568,0.0608,0.0568,0.0624,0.0656,0.0532,0.0648,0.0664,0.0612
0.0648,0.0548,0.0708,0.0772,0.0628,0.06,0.0612,0.0556,0.0624,0.0564,0.0628,0.064,0.0544,0.0664,0.0628,0.0636
0.0636,0.0568,0.0728,0.072,0.062,0.058,0.0616,0.0584,0.0648,0.0584,0.0636,0.0636,0.0552,0.0668,0.0592,0.0632
0.0596,0.0576,0.0724,0.0736,0.0644,0.0608,0.058,0.058,0.0612,0.0612,0.0652,0.062,0.0588,0.0648,0.0584,0.064
