C_R,C_A,C_S,C_N,D_R,D_A,D_S,D_N,Oc_R,Oc_A,Oc_S,Oc_N,Od_R,Od_A,Od_S,Od_N
0.0,0.0,0.0,1.0,0.0,0.0,0.0,0.0,0.0,0.0,0.0,0.0,0.0,0.0,0.0,0.0
0.0,0.0,0.0,0.5,0.0,0.0,0.0,0.0,0.5,0.0,0.0,0.0,0.0,0.0,0.0,0.0
0.0,0.0,0.0,0.375,0.0,0.0,0.0,0.0,0.375,0.0,0.0,0.0,0.0,0.0,0.0,0.25
0.0,0.0,0.14285714285714285,0.42857142857142855,0.0,0.0,0.0,0.0,0.14285714285714285,0.0,0.0,0.0,0.0,0.0,0.0,0.2857142857142857
0.0,0.05263157894736842,0.05263157894736842,0.3684210526315789,0.0,0.0,0.0,0.0,0.15789473684210525,0.0,0.0,0.0,0.0,0.0,0.0,0.3684210526315789
0.0,0.037037037037037035,0.037037037037037035,0.37037037037037035,0.0,0.0,0.0,0.0,0.14814814814814814,0.0,0.0,0.0,0.0,0.0,0.0,0.4074074074074074
0.0,0.04878048780487805,0.024390243902439025,0.43902439024390244,0.0,0.0,0.0,0.024390243902439025,0.0975609756097561,0.0,0.0,0.0,0.0,0.0,0.0,0.36585365853658536
0.0,0.03389830508474576,0.01694915254237288,0.4067796610169492,0.01694915254237288,0.0,0.0,0.05084745762711865,0.11864406779661017,0.0,0.0,0.0,0.0,0.0,0.0,0.3559322033898305
0.0125,0.0375,0.0125,0.45,0.0125,0.0,0.0,0.0375,0.1,0.0,0.0,0.0,0.0125,0.0,0.0,0.325
0.02040816326530612,0.02040816326530612,0.02040816326530612,0.42857142857142855,0.02040816326530612,0.0,0.0,0.05102040816326531,0.09183673469387756,0.0,0.0,0.0,0.01020408163265306,0.0,0.0,0.336734693877551
0.016,0.016,0.016,0.464,0.024,0.0,0.008,0.056,0.08,0.0,0.0,0.0,0.016,0.0,0.0,0.304
0.019230769230769232,0.019230769230769232,0.019230769230769232,0.46153846153846156,0.03205128205128205,0.0,0.00641025641025641,0.057692307692307696,0.07051282051282051,0.0,0.0,0.0,0.019230769230769232,0.0,0.0,0.2948717948717949
0.024875621890547265,0.01990049751243781,0.024875621890547265,0.4427860696517413,0.029850746268656716,0.0,0.004975124378109453,0.06467661691542288,0.06965174129353234,0.0,0.0,0.0,0.029850746268656716,0.0,0.0,0.2885572139303483
0.02564102564102564,0.01282051282051282,0.03418803418803419,0.4230769230769231,0.02564102564102564,0.0,0.008547008547008548,0.05982905982905983,0.07264957264957266,0.0,0.0,0.0,0.04700854700854701,0.0,0.0,0.2905982905982906
0.027586206896551724,0.010344827586206896,0.04827586206896552,0.4068965517241379,0.027586206896551724,0.0,0.006896551724137931,0.06896551724137931,0.06206896551724138,0.0,0.017241379310344827,0.0,0.05862068965517241,0.0,0.0,0.2655172413793103
0.036011080332409975,0.0110803324099723,0.0443213296398892,0.3961218836565097,0.0332409972299169,0.0,0.008310249307479225,0.07479224376731301,0.06371191135734072,0.0,0.0110803324099723,0.0,0.0664819944598338,0.0,0.0,0.2548476454293629
0.04018912529550828,0.01182033096926714,0.0425531914893617,0.39243498817966904,0.030732860520094562,0.0,0.009456264775413711,0.08037825059101655,0.05673758865248227,0.0,0.014184397163120567,0.0,0.08274231678486997,0.0,0.002364066193853428,0.2364066193853428
0.044573643410852716,0.011627906976744186,0.044573643410852716,0.39147286821705424,0.03682170542635659,0.0,0.011627906976744186,0.08139534883720931,0.050387596899224806,0.0,0.009689922480620155,0.0,0.09108527131782945,0.0,0.005813953488372093,0.22093023255813954
0.04835924006908463,0.013816925734024179,0.04317789291882556,0.39378238341968913,0.03454231433506045,0.0,0.010362694300518135,0.08290155440414508,0.044905008635578586,0.0034542314335060447,0.008635578583765112,0.0,0.1001727115716753,0.0017271157167530224,0.0051813471502590676,0.20898100172711573
0.05429864253393665,0.010558069381598794,0.043740573152337855,0.4072398190045249,0.033182503770739065,0.0,0.007541478129713424,0.08446455505279035,0.04072398190045249,0.006033182503770739,0.007541478129713424,0.0,0.11010558069381599,0.0015082956259426848,0.004524886877828055,0.1885369532428356
0.05444887118193891,0.009296148738379814,0.03851261620185923,0.39575033200531207,0.03718459495351926,0.0026560424966799467,0.00796812749003984,0.07835325365205843,0.043824701195219126,0.009296148738379814,0.006640106241699867,0.0,0.12084993359893759,0.0013280212483399733,0.00398406374501992,0.1899070385126162
0.05734767025089606,0.009557945041816009,0.037037037037037035,0.3859020310633214,0.035842293906810034,0.0023894862604540022,0.007168458781362007,0.08721624850657109,0.04540023894862605,0.010752688172043012,0.008363201911589008,0.0,0.12425328554360812,0.0011947431302270011,0.0047789725209080045,0.1827956989247312
0.0611587982832618,0.009656652360515022,0.033261802575107295,0.3959227467811159,0.03111587982832618,0.002145922746781116,0.0075107296137339056,0.08476394849785408,0.03969957081545064,0.012875536480686695,0.0075107296137339056,0.003218884120171674,0.1351931330472103,0.001072961373390558,0.004291845493562232,0.17060085836909872
0.06147934678194044,0.008645533141210375,0.03170028818443804,0.39385206532180594,0.03073967339097022,0.005763688760806916,0.0067243035542747355,0.08645533141210375,0.03842459173871278,0.01440922190201729,0.0067243035542747355,0.002881844380403458,0.14217098943323728,0.0,0.005763688760806916,0.1642651296829971
0.06551724137931035,0.008620689655172414,0.03189655172413793,0.38189655172413794,0.026724137931034484,0.006896551724137931,0.006896551724137931,0.09655172413793103,0.034482758620689655,0.020689655172413793,0.005172413793103448,0.002586206896551724,0.15086206896551724,0.0008620689655172414,0.006896551724137931,0.15344827586206897
0.05669291338582677,0.010236220472440945,0.03228346456692913,0.38031496062992126,0.02204724409448819,0.007874015748031496,0.007086614173228346,0.1078740157480315,0.03228346456692913,0.023622047244094488,0.006299212598425197,0.0015748031496062992,0.15511811023622046,0.0007874015748031496,0.007086614173228346,0.14881889763779527
0.05722460658082976,0.01072961373390558,0.02861230329041488,0.3655221745350501,0.022889842632331903,0.01072961373390558,0.00715307582260372,0.10872675250357654,0.031473533619456366,0.027181688125894134,0.006437768240343348,0.004291845493562232,0.15951359084406294,0.0,0.007868383404864092,0.15164520743919885
0.05832241153342071,0.00851900393184797,0.03014416775884666,0.3656618610747051,0.02162516382699869,0.010484927916120577,0.00655307994757536,0.11336828309305373,0.026867627785058978,0.03014416775884666,0.007208387942332897,0.0045871559633027525,0.16972477064220184,0.000655307994757536,0.009174311926605505,0.13695937090432503
0.05875227135069655,0.01029678982434888,0.029678982434887948,0.3579648697758934,0.021804966686856452,0.009085402786190187,0.0060569351907934586,0.11932162325863113,0.02604482132041187,0.030890369473046637,0.007874015748031496,0.0060569351907934586,0.17141126589945488,0.0006056935190793458,0.009691096305269533,0.13446396123561477
0.06130483689538808,0.013498312710911136,0.029808773903262094,0.3543307086614173,0.021934758155230598,0.010123734533183352,0.007311586051743532,0.12092238470191226,0.02530933633295838,0.028683914510686165,0.006749156355455568,0.007311586051743532,0.17379077615298089,0.0005624296962879641,0.012373453318335208,0.12598425196850394
0.06197478991596639,0.01365546218487395,0.027836134453781514,0.3487394957983193,0.022584033613445378,0.012605042016806723,0.006827731092436975,0.12762605042016806,0.022058823529411766,0.031512605042016806,0.006827731092436975,0.008403361344537815,0.1717436974789916,0.0005252100840336134,0.014180672268907563,0.12289915966386554
0.06414141414141414,0.012121212121212121,0.02727272727272727,0.3429292929292929,0.023737373737373738,0.01616161616161616,0.004545454545454545,0.12777777777777777,0.018686868686868686,0.03383838383838384,0.007070707070707071,0.007575757575757576,0.17777777777777778,0.00101010101010101,0.013636363636363636,0.12171717171717172
0.06397306397306397,0.012025012025012025,0.025974025974025976,0.3439153439153439,0.022126022126022125,0.016354016354016353,0.003848003848003848,0.1265031265031265,0.01924001924001924,0.03318903318903319,0.007215007215007215,0.010101010101010102,0.18326118326118326,0.001443001443001443,0.012506012506012507,0.11832611832611832
0.06629055007052186,0.010813352139163141,0.02679830747531735,0.3464974141984015,0.022096850023507288,0.019275975552421252,0.004701457451810061,0.12552891396332863,0.017865538316878232,0.031969910672308414,0.00846262341325811,0.009873060648801129,0.1847672778561354,0.0018805829807240243,0.013634226610249177,0.10954395862717442
0.06086956521739131,0.010526315789473684,0.02608695652173913,0.3574370709382151,0.02288329519450801,0.019221967963386728,0.004118993135011442,0.12906178489702516,0.018306636155606407,0.032951945080091534,0.008237986270022883,0.011899313501144164,0.177116704805492,0.002288329519450801,0.014187643020594966,0.10480549199084668
0.06367713004484304,0.009865470852017937,0.025560538116591928,0.35515695067264574,0.02242152466367713,0.021076233183856503,0.004035874439461884,0.13183856502242153,0.018385650224215247,0.03228699551569507,0.008520179372197309,0.01210762331838565,0.1757847533632287,0.003139013452914798,0.01390134529147982,0.10224215246636771
0.06160714285714286,0.009821428571428571,0.025892857142857145,0.3549107142857143,0.022767857142857142,0.022321428571428572,0.0035714285714285713,0.12901785714285716,0.015178571428571428,0.03125,0.008035714285714285,0.012053571428571429,0.18214285714285713,0.004464285714285714,0.014732142857142857,0.10223214285714285
0.06280406899601947,0.009730207872622734,0.023883237505528527,0.3516143299425033,0.022556390977443608,0.020344980097302078,0.0035382574082264487,0.13003095975232198,0.016364440513047324,0.03184431667403804,0.007076514816452897,0.011941618752764263,0.18531623175586023,0.003980539584254755,0.015037593984962405,0.10393631136665192
0.0640176600441501,0.010154525386313467,0.025165562913907286,0.35496688741721855,0.018543046357615896,0.02207505518763797,0.003532008830022075,0.1293598233995585,0.016335540838852098,0.033112582781456956,0.0075055187637969095,0.012803532008830023,0.17836644591611478,0.005298013245033113,0.01545253863134658,0.10331125827814569
0.06313917296576256,0.011116051578479324,0.026233881725211204,0.3539350822587817,0.01956425077812361,0.022232103156958647,0.0035571365051133837,0.1267229879946643,0.01823032458870609,0.031124944419742107,0.00755891507336594,0.014228546020453535,0.1791907514450867,0.005780346820809248,0.0164517563361494,0.10093374833259226
0.06327985739750445,0.00980392156862745,0.02540106951871658,0.35427807486631013,0.0196078431372549,0.022281639928698752,0.0035650623885918,0.12789661319073084,0.018270944741532978,0.03074866310160428,0.008021390374331552,0.0142602495543672,0.1804812834224599,0.007575757575757576,0.014705882352941176,0.09982174688057041
0.06546572934973638,0.010105448154657293,0.022847100175746926,0.3615992970123023,0.018014059753954304,0.019332161687170474,0.0035149384885764497,0.11555360281195079,0.018892794376098417,0.031195079086115993,0.008787346221441126,0.014059753954305799,0.18980667838312829,0.008787346221441126,0.014499121265377855,0.09753954305799649
0.06263882718791648,0.011994669035984007,0.023545091070635273,0.3611728120835184,0.0173256330519769,0.019102621057307864,0.003553976010661928,0.11728120835184362,0.018658374055975122,0.028431808085295423,0.009773434029320302,0.014660151043980453,0.19102621057307864,0.009329187027987561,0.014215904042647711,0.09729009329187029
0.06698986337593654,0.011458792419568091,0.022917584839136182,0.3596297928602909,0.016747465843984136,0.019391802556192154,0.0035257822829440283,0.11987659762009696,0.017188188629352136,0.027765535478184222,0.00881445570736007,0.012780960775672102,0.19083296606434552,0.010577346848832084,0.014103129131776113,0.09739973556632878
0.07347118345798505,0.012758468983721953,0.02155741311042675,0.3572371315442147,0.01891772987241531,0.01935767707875055,0.0030796304443466782,0.11834579850417949,0.014958205015398152,0.028156621205455347,0.009238891333040036,0.013638363396392433,0.18433787945446548,0.010558732952045754,0.015398152221733392,0.09898812142542895
0.0706713780918728,0.012367491166077738,0.02120141342756184,0.3590989399293286,0.02120141342756184,0.017226148409893994,0.0035335689045936395,0.11528268551236749,0.015459363957597174,0.02871024734982332,0.009717314487632508,0.012809187279151944,0.18286219081272084,0.013692579505300354,0.015017667844522967,0.10114840989399293
0.07313829787234043,0.012854609929078014,0.01950354609929078,0.3532801418439716,0.020833333333333332,0.018173758865248225,0.003989361702127659,0.1174645390070922,0.015957446808510637,0.031914893617021274,0.009308510638297872,0.011968085106382979,0.1879432624113475,0.01374113475177305,0.014627659574468085,0.09530141843971632
0.07526408450704225,0.013644366197183098,0.021566901408450703,0.34639084507042256,0.018045774647887324,0.018485915492957746,0.0044014084507042256,0.11751760563380281,0.016285211267605633,0.03301056338028169,0.008802816901408451,0.012764084507042254,0.1892605633802817,0.014084507042253521,0.014524647887323943,0.09595070422535211
0.07624113475177305,0.014184397163120567,0.017287234042553192,0.34929078014184395,0.018173758865248225,0.020833333333333332,0.005319148936170213,0.11923758865248227,0.016843971631205674,0.030141843971631204,0.008865248226950355,0.014184397163120567,0.1870567375886525,0.01374113475177305,0.014184397163120567,0.09441489361702128
0.07352941176470588,0.014705882352941176,0.019162210338680926,0.3431372549019608,0.016488413547237075,0.020053475935828877,0.005793226381461676,0.11541889483065954,0.017379679144385027,0.030303030303030304,0.008912655971479501,0.013368983957219251,0.19162210338680927,0.016042780748663103,0.014705882352941176,0.09937611408199644
0.07196801421590404,0.016437139049311416,0.016881386050644157,0.3385162150155486,0.015992892047978675,0.02087960906263883,0.0053309640159928924,0.11728120835184362,0.01776988005330964,0.03154153709462461,0.00888494002665482,0.014215904042647711,0.19857840959573522,0.01776988005330964,0.014215904042647711,0.09373611728120836
0.0743183817062445,0.016270888302550572,0.01802990325417766,0.33729111697449426,0.016710642040457344,0.021547933157431837,0.005716798592788039,0.11301671064204045,0.01802990325417766,0.0316622691292876,0.008795074758135445,0.014951627088830254,0.1948109058927001,0.019349164467897976,0.014072119613016711,0.09542656112576957
0.07433318758198514,0.015741145605596852,0.016615653694796676,0.3384346305203323,0.016615653694796676,0.02229995627459554,0.008307826847398338,0.11499781372977701,0.017927415828596416,0.03235679930039353,0.010056843025797988,0.017052907739396588,0.18933100131176214,0.021425448185395716,0.012680367293397464,0.09182334936598163
0.07328918322295806,0.018543046357615896,0.017218543046357615,0.33818984547461367,0.01456953642384106,0.02207505518763797,0.009271523178807948,0.106401766004415,0.018101545253863136,0.032229580573951436,0.010596026490066225,0.01545253863134658,0.1947019867549669,0.02119205298013245,0.013245033112582781,0.09492273730684327
0.07548012505582849,0.01786511835640911,0.018758374274229567,0.3296114336757481,0.01563197856185797,0.02456453774006253,0.00982581509602501,0.10853059401518535,0.01786511835640911,0.030817329164805715,0.010719071013845467,0.015185350602947744,0.1942831621259491,0.021438142027690933,0.014292094685127288,0.09513175524787852
0.0755813953488372,0.018336314847942754,0.018336314847942754,0.3224508050089445,0.01520572450805009,0.02728085867620751,0.009391771019677997,0.10554561717352415,0.019230769230769232,0.030858676207513418,0.011627906976744186,0.016100178890876567,0.19991055456171736,0.018783542039355994,0.013416815742397137,0.09794275491949911
0.07494456762749446,0.017738359201773836,0.01862527716186253,0.3237250554323725,0.014190687361419069,0.02616407982261641,0.011529933481152993,0.10776053215077605,0.01862527716186253,0.031929046563192905,0.011529933481152993,0.015964523281596452,0.2,0.017738359201773836,0.012416851441241685,0.09711751662971176
0.07753303964757709,0.015418502202643172,0.01894273127753304,0.32819383259911894,0.012334801762114538,0.023348017621145373,0.011894273127753305,0.11101321585903083,0.018502202643171806,0.03436123348017621,0.012334801762114538,0.014537444933920705,0.2,0.016740088105726872,0.01145374449339207,0.0933920704845815
0.07488986784140969,0.015418502202643172,0.017180616740088105,0.3295154185022026,0.011894273127753305,0.02290748898678414,0.011013215859030838,0.10969162995594714,0.018061674008810574,0.033920704845814977,0.01145374449339207,0.014977973568281937,0.20792951541850221,0.016740088105726872,0.012334801762114538,0.0920704845814978
0.0732777534006143,0.01491882404563405,0.017551557700745943,0.33655111891180345,0.01184730144800351,0.02413339183852567,0.009653356735410267,0.1057481351469943,0.017112768758227294,0.035103115401491886,0.01228609039052216,0.016673979815708645,0.2053532250987275,0.016673979815708645,0.01228609039052216,0.09082931110136025
0.07570422535211267,0.014084507042253521,0.015404929577464789,0.332306338028169,0.011003521126760563,0.022887323943661973,0.011443661971830986,0.10695422535211267,0.016725352112676055,0.035651408450704226,0.01232394366197183,0.01716549295774648,0.2068661971830986,0.01716549295774648,0.011003521126760563,0.09330985915492958
0.0743362831858407,0.014601769911504425,0.015486725663716814,0.3349557522123894,0.011061946902654867,0.023451327433628318,0.011504424778761062,0.10530973451327434,0.01504424778761062,0.03805309734513274,0.012831858407079646,0.018584070796460177,0.20575221238938052,0.016371681415929203,0.010619469026548672,0.0920353982300885
0.07236842105263158,0.015350877192982455,0.015789473684210527,0.3307017543859649,0.010964912280701754,0.021929824561403508,0.011403508771929825,0.10877192982456141,0.014912280701754385,0.03684210526315789,0.013157894736842105,0.017982456140350878,0.21052631578947367,0.016228070175438595,0.010087719298245614,0.09298245614035087
0.07394366197183098,0.01716549295774648,0.017605633802816902,0.3358274647887324,0.013204225352112676,0.021566901408450703,0.01056338028169014,0.11047535211267606,0.014964788732394365,0.03697183098591549,0.011443661971830986,0.018485915492957746,0.20466549295774647,0.01716549295774648,0.011003521126760563,0.08494718309859155
0.0758043190832966,0.01630674305861613,0.01762891141472014,0.3323049801674747,0.013221683561040106,0.022036139268400177,0.012780960775672102,0.10356985456148082,0.015866020273248127,0.0374614367562803,0.011458792419568091,0.01895107977082415,0.20669898633759365,0.017188188629352136,0.013221683561040106,0.08550022036139268
0.0741553312856516,0.016673979815708645,0.017112768758227294,0.33040807371654235,0.013163668275559455,0.02150065818341378,0.012724879333040808,0.10794207985958754,0.017112768758227294,0.036419482229047825,0.010092145677928916,0.018867924528301886,0.20842474769635805,0.018429135585783237,0.013602457218078104,0.08336989907854322
0.07237422771403354,0.018976169461606355,0.01676963812886143,0.3380406001765225,0.011032656663724626,0.020741394527802295,0.01235657546337158,0.10679611650485436,0.016328331862312445,0.03486319505736982,0.009708737864077669,0.02030008826125331,0.20653133274492497,0.018534863195057368,0.013680494263018535,0.08296557811120918
0.07508833922261485,0.016342756183745585,0.01678445229681979,0.33524734982332155,0.01060070671378092,0.022526501766784453,0.013692579505300354,0.10600706713780919,0.017226148409893994,0.036219081272084806,0.01060070671378092,0.018992932862190812,0.20759717314487633,0.016342756183745585,0.013250883392226149,0.08348056537102473
0.07630878438331855,0.015971606033717833,0.01685891748003549,0.32919254658385094,0.011091393078970719,0.023070097604259095,0.012866015971606033,0.10381543921916593,0.01818988464951198,0.037267080745341616,0.011091393078970719,0.019520851818988466,0.2067435669920142,0.01685891748003549,0.013753327417923691,0.08740017746228926
0.076,0.016888888888888887,0.016444444444444446,0.336,0.011555555555555555,0.022222222222222223,0.011111111111111112,0.10577777777777778,0.017333333333333333,0.03777777777777778,0.010222222222222223,0.018666666666666668,0.208,0.014222222222222223,0.013333333333333334,0.08444444444444445
0.07469244288224956,0.01845342706502636,0.01625659050966608,0.3312829525483304,0.012302284710017574,0.02328646748681898,0.01054481546572935,0.10325131810193322,0.016695957820738138,0.03690685413005272,0.010984182776801407,0.01977152899824253,0.21441124780316345,0.014499121265377855,0.012741652021089631,0.08391915641476275
0.0741553312856516,0.018867924528301886,0.017551557700745943,0.3299692847740237,0.01184730144800351,0.02457218078104432,0.010092145677928916,0.09916630100921457,0.017551557700745943,0.03773584905660377,0.010092145677928916,0.018429135585783237,0.21588415971917507,0.013163668275559455,0.014041246160596753,0.0868802106186924
0.07567804024496938,0.017935258092738406,0.016185476815398076,0.32502187226596674,0.010498687664041995,0.02537182852143482,0.010936132983377077,0.09973753280839895,0.018810148731408575,0.03937007874015748,0.010498687664041995,0.019247594050743656,0.21828521434820647,0.012248468941382326,0.013123359580052493,0.08705161854768154
0.07969723953695458,0.020035618878005344,0.015583259127337488,0.3223508459483526,0.01157613535173642,0.025823686553873553,0.009349955476402494,0.10017809439002671,0.0182546749777382,0.03784505788067676,0.01157613535173642,0.021816562778272486,0.21682991985752448,0.013357079252003561,0.013357079252003561,0.0823686553873553
0.08459483526268922,0.019590382902938557,0.015583259127337488,0.3272484416740873,0.012021371326803205,0.025378450578806767,0.009795191451469279,0.0943900267141585,0.016918967052537846,0.03829029385574354,0.012021371326803205,0.022707034728406055,0.21460373998219057,0.012911843276936777,0.012911843276936777,0.08103294746215495
0.08141592920353982,0.01991150442477876,0.014601769911504425,0.33008849557522124,0.011946902654867256,0.026106194690265486,0.009734513274336283,0.09513274336283185,0.016814159292035398,0.03672566371681416,0.011061946902654867,0.025221238938053097,0.22212389380530972,0.012389380530973451,0.011061946902654867,0.07566371681415929
0.0796812749003984,0.01859229747675963,0.013280212483399735,0.3284639220894201,0.013280212483399735,0.02656042496679947,0.008410801239486499,0.09650287737937141,0.01593625498007968,0.03629924745462594,0.011066843736166445,0.02478972996901284,0.22310756972111553,0.012837538733953076,0.011509517485613104,0.0796812749003984
0.08256477821695213,0.017127799736495388,0.013614404918752744,0.328941589811155,0.013175230566534914,0.026350461133069828,0.00922266139657444,0.09090909090909091,0.014931927975406236,0.037768994290733424,0.00966183574879227,0.024154589371980676,0.22573561703996486,0.014053579270970576,0.011857707509881422,0.07992973210364515
0.08711111111111111,0.013777777777777778,0.014222222222222223,0.328,0.012444444444444444,0.028,0.008444444444444444,0.09022222222222222,0.014666666666666666,0.03688888888888889,0.008888888888888889,0.024444444444444446,0.22844444444444445,0.014666666666666666,0.012444444444444444,0.07733333333333334
0.08685968819599109,0.012472160356347439,0.013808463251670379,0.32026726057906457,0.011135857461024499,0.03162583518930958,0.0075723830734966595,0.08953229398663697,0.014699331848552339,0.03652561247216036,0.012917594654788419,0.023162583518930958,0.23429844097995545,0.015144766146993319,0.011581291759465479,0.07839643652561247
0.08758169934640522,0.013507625272331155,0.014814814814814815,0.3250544662309368,0.011328976034858388,0.03137254901960784,0.00784313725490196,0.08845315904139434,0.014814814814814815,0.03224400871459695,0.012200435729847494,0.024400871459694988,0.23355119825708062,0.01568627450980392,0.010021786492374727,0.07712418300653595
0.08778120864578738,0.013674459638288486,0.015880017644464048,0.3202470224966917,0.009263343625937363,0.03440670489633877,0.0070577856197618,0.09263343625937362,0.012351124834583149,0.030877812086457873,0.011910013233348038,0.025584472871636524,0.23467137185707984,0.014556682840758712,0.0105866784296427,0.07851786501985002
0.09326880774307084,0.012758468983721953,0.01671799384073911,0.3176418829740431,0.009678838539375276,0.028596568411790584,0.007039155301363837,0.09282886053673559,0.011438627364716234,0.03255609326880774,0.011438627364716234,0.025516937967443906,0.23625164980202376,0.014518257809062912,0.011438627364716234,0.07831060272767268
0.091674047829938,0.011071744906997343,0.015057573073516387,0.32152347209920284,0.00974313551815766,0.02878653675819309,0.0070859167404783,0.09078830823737821,0.010186005314437556,0.032329495128432244,0.011957484499557131,0.027900797165633304,0.2382639503985828,0.013286093888396812,0.012843224092116917,0.0775022143489814
0.09211106214191274,0.011899515204936095,0.013662406346408109,0.31732040546496254,0.011458792419568091,0.030850594975760245,0.006610841780520053,0.08946672542970471,0.00881445570736007,0.03129131776112825,0.012780960775672102,0.02908770383428823,0.24063464081092992,0.013221683561040106,0.012780960775672102,0.07800793301013663
0.09648732770120054,0.012449977767896843,0.012449977767896843,0.31658514895509116,0.01067140951534015,0.03156958648288128,0.005780346820809248,0.08981769675411294,0.009782125389061804,0.030680302356602934,0.013783903957314362,0.026678523788350377,0.2387727879057359,0.012449977767896843,0.013783903957314362,0.07825700311249444
0.09441489361702128,0.011968085106382979,0.012854609929078014,0.31693262411347517,0.011081560283687944,0.02969858156028369,0.00576241134751773,0.08599290780141844,0.008865248226950355,0.0350177304964539,0.012411347517730497,0.027039007092198582,0.24512411347517732,0.012854609929078014,0.011968085106382979,0.07801418439716312
0.09650287737937141,0.013722886232846392,0.01416555998229305,0.3050022133687472,0.01195219123505976,0.03098716246126605,0.005312084993359893,0.08233731739707835,0.009738822487826471,0.03408587870739265,0.01195219123505976,0.029216467463479414,0.25320938468348825,0.011509517485613104,0.013280212483399735,0.07702523240371846
0.09486166007905138,0.016249451032059728,0.014053579270970576,0.30346947738252084,0.012736056214317084,0.031181379007465964,0.004830917874396135,0.08388230127360562,0.00878348704435661,0.032059727711901624,0.011857707509881422,0.026350461133069828,0.2595520421607378,0.011418533157663592,0.016249451032059728,0.07246376811594203
0.09461235216819974,0.01445466491458607,0.015330705212439772,0.3057380639509417,0.011826544021024968,0.029347349978098992,0.005256241787122208,0.08278580814717477,0.009198423127463863,0.029347349978098992,0.011388523872098117,0.02715724923346474,0.25930792816469556,0.01357862461673237,0.015330705212439772,0.07533946561541831
0.10123239436619719,0.013644366197183098,0.014524647887323943,0.3045774647887324,0.011443661971830986,0.03125,0.0048415492957746475,0.07966549295774648,0.008362676056338027,0.02948943661971831,0.01232394366197183,0.02948943661971831,0.2535211267605634,0.014524647887323943,0.014084507042253521,0.07702464788732394
0.10305676855895196,0.014410480349344978,0.016157205240174673,0.3087336244541485,0.010480349344978166,0.02925764192139738,0.005240174672489083,0.07860262008733625,0.008733624454148471,0.03056768558951965,0.011790393013100437,0.03187772925764192,0.25109170305676853,0.014847161572052401,0.014410480349344978,0.07074235807860262
0.10129406514948684,0.012940651494868362,0.01606425702811245,0.31369924141008476,0.0107095046854083,0.02900490852298081,0.004462293618920125,0.07273538598839803,0.008478357875948238,0.0321285140562249,0.013386880856760375,0.03034359660865685,0.2565818830879072,0.014725568942436412,0.014725568942436412,0.06871932173136992
0.09986684420772303,0.014203284509542832,0.015978695073235686,0.3146915224145584,0.011096316023080338,0.030181979582778518,0.004438526409232135,0.07323568575233022,0.008433200177541057,0.03195739014647137,0.013315579227696404,0.031069684864624945,0.25255215268530845,0.015534842432312472,0.014647137150466045,0.06879715934309809
0.1017911751856706,0.012232415902140673,0.015727391874180863,0.31236347750109217,0.010484927916120577,0.02927042376583661,0.005679335954565312,0.07164700742682394,0.008300567933595456,0.03363914373088685,0.01310615989515072,0.028833551769331587,0.2564438619484491,0.014853647881170816,0.01616426387068589,0.06946264744429882
0.10568031704095113,0.013210039630118891,0.01453104359313078,0.32144429766622634,0.010568031704095112,0.029502421840598855,0.0066050198150594455,0.07089387934830471,0.010127697049757816,0.032144429766622636,0.013650374284456186,0.027300748568912372,0.24966974900924702,0.013650374284456186,0.014971378247468076,0.06605019815059446
0.10596616206589493,0.012911843276936777,0.014247551202137132,0.3196794300979519,0.011130899376669634,0.02804986642920748,0.006678539626001781,0.07257346393588603,0.01157613535173642,0.02983081032947462,0.013357079252003561,0.02715939447907391,0.2497773820124666,0.01647373107747106,0.015583259127337488,0.06500445235975066
0.10612065169528842,0.012769704975781594,0.013210039630118891,0.3139586085424923,0.012769704975781594,0.03126376045794804,0.007045354469396741,0.07089387934830471,0.012769704975781594,0.028621752531924262,0.012329370321444297,0.026420079260237782,0.2562747688243065,0.017613386173491855,0.013650374284456186,0.06428885953324527
0.11037818821459983,0.012313104661389622,0.012313104661389622,0.31398416886543534,0.011873350923482849,0.03210202286719437,0.007475813544415127,0.06860158311345646,0.014072119613016711,0.028583992963940194,0.012313104661389622,0.026824978012313105,0.2546174142480211,0.018469656992084433,0.014511873350923483,0.06156552330694811
0.10914714980114892,0.012814847547503314,0.011931064958020326,0.3177198409191339,0.011931064958020326,0.032699955810870526,0.008395934600088379,0.06937693327441449,0.014582412726469289,0.028722934158197082,0.010605391073795847,0.025187803800265134,0.2527618205921343,0.017675651789659744,0.0136986301369863,0.0627485638532921
0.10279965004374453,0.013123359580052493,0.011811023622047244,0.31714785651793526,0.012248468941382326,0.033245844269466314,0.0074365704286964126,0.06649168853893263,0.012248468941382326,0.03062117235345582,0.010498687664041995,0.02799650043744532,0.25984251968503935,0.019247594050743656,0.01399825021872266,0.06124234470691164
0.10589277802392556,0.01329198050509526,0.00974745237040319,0.31501993797075767,0.01284891448825875,0.030571555161719097,0.007089056269384138,0.0664599025254763,0.01284891448825875,0.03322995126273815,0.011076650420912717,0.02924235711120957,0.25476295968099244,0.023925564909171467,0.011962782454585734,0.06202924235711121
0.10484581497797357,0.01277533039647577,0.00881057268722467,0.3136563876651982,0.012334801762114538,0.03303964757709251,0.007488986784140969,0.06696035242290749,0.013656387665198238,0.02907488986784141,0.011013215859030838,0.029955947136563875,0.2581497797356828,0.02290748898678414,0.011013215859030838,0.06431718061674009
0.10575221238938053,0.012389380530973451,0.008849557522123894,0.31150442477876106,0.011946902654867256,0.033185840707964605,0.00752212389380531,0.062389380530973454,0.012389380530973451,0.027876106194690265,0.011504424778761062,0.029646017699115044,0.2650442477876106,0.024778761061946902,0.010619469026548672,0.06460176991150443
0.10159716060337179,0.011091393078970719,0.008873114463176575,0.31588287488908606,0.01064773735581189,0.03327417923691216,0.0075421472937000885,0.06255545696539486,0.012422360248447204,0.02883762200532387,0.011535048802129548,0.02883762200532387,0.26441881100266196,0.026619343389529725,0.011091393078970719,0.064773735581189
0.10577777777777778,0.010222222222222223,0.009333333333333334,0.31377777777777777,0.011111111111111112,0.03333333333333333,0.007555555555555556,0.064,0.012888888888888889,0.02711111111111111,0.011555555555555555,0.028888888888888888,0.2604444444444444,0.028888888888888888,0.010222222222222223,0.06488888888888888
0.10993377483443709,0.009271523178807948,0.010596026490066225,0.30242825607064017,0.010596026490066225,0.03487858719646799,0.008388520971302429,0.06269315673289183,0.01456953642384106,0.03090507726269316,0.012803532008830023,0.02869757174392936,0.2596026490066225,0.02913907284768212,0.009713024282560706,0.06578366445916115
0.1090589270008795,0.008795074758135445,0.009674582233948988,0.3034300791556728,0.008795074758135445,0.032541776605101144,0.010114335971855761,0.06464379947229551,0.012752858399296393,0.032981530343007916,0.012313104661389622,0.03386103781882146,0.2594547053649956,0.029023746701846966,0.009674582233948988,0.06288478452066842
0.1066257130320316,0.008775778850372971,0.011408512505484861,0.30057042562527425,0.010092145677928916,0.0298376480912681,0.010092145677928916,0.06625713032031592,0.011408512505484861,0.03247038174637999,0.011408512505484861,0.035103115401491886,0.2602018429135586,0.0298376480912681,0.009653356735410267,0.06625713032031592
0.10861917326297274,0.009674582233948988,0.010114335971855761,0.29771328056288476,0.009674582233948988,0.030782761653474055,0.010554089709762533,0.06552330694810905,0.013632365875109938,0.032981530343007916,0.010554089709762533,0.032541776605101144,0.2612137203166227,0.031222515391380826,0.010114335971855761,0.06508355321020229
0.1087626596213122,0.010127697049757816,0.010127697049757816,0.29766622633201234,0.00836635843240863,0.03038309114927345,0.011448701012769706,0.06516952884191986,0.014090708938793483,0.030823425803610745,0.010127697049757816,0.03258476442095993,0.26067811536767943,0.03258476442095993,0.009687362395420519,0.06737120211360634
0.11013215859030837,0.011894273127753305,0.009251101321585903,0.2920704845814978,0.007048458149779736,0.03171806167400881,0.011013215859030838,0.06431718061674009,0.01629955947136564,0.030837004405286344,0.00881057268722467,0.03303964757709251,0.26607929515418505,0.03259911894273128,0.008370044052863436,0.06651982378854626
0.10786914235190097,0.01237842617152962,0.009725906277630416,0.2957559681697613,0.006631299734748011,0.03580901856763926,0.010167992926613616,0.0610079575596817,0.016799292661361626,0.033156498673740056,0.008841732979664015,0.03050397877984085,0.2661361626878868,0.03183023872679045,0.008841732979664015,0.0645446507515473
0.10419426048565121,0.013245033112582781,0.008388520971302429,0.2913907284768212,0.006622516556291391,0.03532008830022075,0.010154525386313467,0.0631346578366446,0.017218543046357615,0.031346578366445915,0.007947019867549669,0.03399558498896247,0.2728476821192053,0.031788079470198675,0.008830022075055188,0.06357615894039735
0.10180696342000882,0.013221683561040106,0.008373732921992068,0.29396209784045835,0.0057293962097840455,0.03349493168796827,0.010136624063464082,0.06434552666372852,0.017188188629352136,0.03393565447333627,0.007933010136624064,0.03261348611723226,0.27148523578669015,0.030409872190392245,0.009255178492728075,0.06610841780520053
0.09955555555555555,0.013333333333333334,0.009333333333333334,0.29288888888888887,0.004888888888888889,0.035555555555555556,0.010666666666666666,0.06444444444444444,0.016888888888888887,0.03244444444444444,0.007555555555555556,0.03422222222222222,0.2742222222222222,0.03244444444444444,0.008444444444444444,0.06311111111111112
0.09995635093845483,0.013967699694456569,0.00960279353993889,0.28939327804452203,0.004801396769969445,0.034482758620689655,0.010475774770842427,0.06591008293321693,0.017023134002618942,0.030117852466171977,0.006547359231776516,0.03622872108249672,0.2745525971191619,0.034919249236141425,0.008729812309035356,0.06329113924050633
0.10159716060337179,0.013309671694764862,0.007985803016858917,0.2883762200532387,0.003992901508429458,0.03460514640638864,0.009316770186335404,0.06654835847382432,0.01730257320319432,0.031055900621118012,0.0075421472937000885,0.03771073646850044,0.27684117125110913,0.032830523513753325,0.008429458740017746,0.06255545696539486
0.10179903466432647,0.013163668275559455,0.007898200965335674,0.28609039052215884,0.00614304519526108,0.03203159280386134,0.008336989907854322,0.06581834137779728,0.017112768758227294,0.03290917068889864,0.007459412022817025,0.03905221588415972,0.2768758227292672,0.03290917068889864,0.009214567792891619,0.06318560772268539
0.10437859354268023,0.01238390092879257,0.007518796992481203,0.28659885006634234,0.006634232640424591,0.03184431667403804,0.00796107916850951,0.06678460858027421,0.016364440513047324,0.03272888102609465,0.008845643520566122,0.03715170278637771,0.2773109243697479,0.03361344537815126,0.008403361344537815,0.06147722246793454
0.10582010582010581,0.013227513227513227,0.007054673721340388,0.2857142857142857,0.007495590828924162,0.03350970017636684,0.00837742504409171,0.06966490299823633,0.01675485008818342,0.033950617283950615,0.00837742504409171,0.033950617283950615,0.27557319223985893,0.03218694885361552,0.00837742504409171,0.059964726631393295
0.10856134157105031,0.01500441306266549,0.00706090026478376,0.2850838481906443,0.007502206531332745,0.03309796999117388,0.009708737864077669,0.06310679611650485,0.016328331862312445,0.03309796999117388,0.0088261253309797,0.03442188879082083,0.2740511915269197,0.03486319505736982,0.009267431597528684,0.06001765225066196
0.10909893992932862,0.014575971731448763,0.007508833922261484,0.2787102473498233,0.008392226148409895,0.03356890459363958,0.0088339222614841,0.061837455830388695,0.016342756183745585,0.03180212014134275,0.007508833922261484,0.03401060070671378,0.28091872791519434,0.0353356890459364,0.009717314487632508,0.061837455830388695
0.10616740088105726,0.014096916299559472,0.007929515418502203,0.2801762114537445,0.008370044052863436,0.03171806167400881,0.007929515418502203,0.06475770925110132,0.015418502202643172,0.03127753303964758,0.007048458149779736,0.03480176211453744,0.28149779735682817,0.03700440528634361,0.010572687224669603,0.061233480176211455
0.10447100486941124,0.013280212483399735,0.00796812749003984,0.28508189464364764,0.00796812749003984,0.033200531208499334,0.008410801239486499,0.05887560867640549,0.014608233731739707,0.034528552456839307,0.006640106241699867,0.033200531208499334,0.28508189464364764,0.034528552456839307,0.010624169986719787,0.061531651173085435
0.10115350488021295,0.012422360248447204,0.009760425909494233,0.28660159716060335,0.01064773735581189,0.030612244897959183,0.007985803016858917,0.05856255545696539,0.015971606033717833,0.034161490683229816,0.0075421472937000885,0.03460514640638864,0.28615794143744455,0.03682342502218278,0.008429458740017746,0.05856255545696539
0.10246262093227793,0.013192612137203167,0.010554089709762533,0.27924362357080035,0.012313104661389622,0.0316622691292876,0.007036059806508356,0.054969217238346524,0.017150395778364115,0.03518029903254178,0.0079155672823219,0.03518029903254178,0.2884784520668426,0.03605980650835532,0.010114335971855761,0.0584872471416007
0.10635481023830538,0.01412180052956752,0.01147396293027361,0.28111209179170343,0.01059135039717564,0.029567519858781994,0.00617828773168579,0.05560458958517211,0.0176522506619594,0.0353045013239188,0.00706090026478376,0.03486319505736982,0.2872903795233892,0.03795233892321271,0.0088261253309797,0.056045895851721095
0.10229276895943562,0.013668430335097001,0.011904761904761904,0.28174603174603174,0.010141093474426807,0.030864197530864196,0.00837742504409171,0.05335097001763668,0.017195767195767195,0.034832451499118164,0.007495590828924162,0.03306878306878307,0.28835978835978837,0.03791887125220458,0.009259259259259259,0.05952380952380952
0.10402833111996458,0.012837538733953076,0.011066843736166445,0.28508189464364764,0.011066843736166445,0.03142983621071271,0.008853474988933156,0.05312084993359894,0.015493581230633024,0.035856573705179286,0.007525453740593183,0.03275785745905268,0.2868525896414343,0.038069942452412575,0.009296148738379814,0.0566622399291722
0.10637362637362638,0.013186813186813187,0.01098901098901099,0.2795604395604396,0.00967032967032967,0.03032967032967033,0.008791208791208791,0.05318681318681319,0.015384615384615385,0.03560439560439561,0.008351648351648353,0.032527472527472526,0.2936263736263736,0.037802197802197804,0.008351648351648353,0.056263736263736264
