C_R,C_A,C_S,C_N,D_R,D_A,D_S,D_N,Oc_R,Oc_A,Oc_S,Oc_N,Od_R,Od_A,Od_S,Od_N
0.0,0.0,0.0,0.0,0.0,0.0,0.0,0.0,0.0,0.0,1.0,0.0,0.0,0.0,0.0,0.0
0.0,0.0,0.0,0.0,0.0,0.0,0.3333333333333333,0.0,0.0,0.0,0.6666666666666666,0.0,0.0,0.0,0.0,0.0
0.0,0.0,0.0,0.0,0.0,0.0,0.14285714285714285,0.0,0.14285714285714285,0.0,0.5714285714285714,0.14285714285714285,0.0,0.0,0.0,0.0
0.0,0.0,0.034482758620689655,0.0,0.0,0.0,0.13793103448275862,0.0,0.13793103448275862,0.0,0.4827586206896552,0.13793103448275862,0.0,0.06896551724137931,0.0,0.0
0.0,0.0,0.0,0.037037037037037035,0.0,0.0,0.14814814814814814,0.037037037037037035,0.1111111111111111,0.018518518518518517,0.42592592592592593,0.1111111111111111,0.037037037037037035,0.07407407407407407,0.0,0.0
0.0,0.02197802197802198,0.0,0.08791208791208792,0.0,0.0,0.12087912087912088,0.04395604395604396,0.07692307692307693,0.01098901098901099,0.38461538461538464,0.10989010989010989,0.04395604395604396,0.06593406593406594,0.01098901098901099,0.02197802197802198
0.0,0.020689655172413793,0.0,0.10344827586206896,0.0,0.0,0.10344827586206896,0.05517241379310345,0.07586206896551724,0.006896551724137931,0.3586206896551724,0.10344827586206896,0.041379310344827586,0.07586206896551724,0.020689655172413793,0.034482758620689655
0.004651162790697674,0.013953488372093023,0.0,0.10697674418604651,0.03255813953488372,0.0,0.09767441860465116,0.07441860465116279,0.05116279069767442,0.013953488372093023,0.3116279069767442,0.10232558139534884,0.046511627906976744,0.07906976744186046,0.013953488372093023,0.05116279069767442
0.0032679738562091504,0.013071895424836602,0.00980392156862745,0.10784313725490197,0.0457516339869281,0.0032679738562091504,0.06535947712418301,0.09477124183006536,0.032679738562091505,0.013071895424836602,0.2908496732026144,0.0915032679738562,0.049019607843137254,0.0915032679738562,0.02287581699346405,0.06535947712418301
0.009708737864077669,0.012135922330097087,0.021844660194174758,0.0970873786407767,0.06310679611650485,0.007281553398058253,0.06067961165048544,0.10922330097087378,0.024271844660194174,0.009708737864077669,0.24029126213592233,0.09223300970873786,0.05825242718446602,0.0970873786407767,0.03155339805825243,0.06553398058252427
0.01125703564727955,0.0150093808630394,0.02626641651031895,0.1050656660412758,0.07129455909943715,0.01125703564727955,0.0525328330206379,0.1125703564727955,0.01876172607879925,0.013133208255159476,0.21951219512195122,0.09568480300187618,0.058161350844277676,0.0900562851782364,0.0375234521575985,0.06191369606003752
0.01649175412293853,0.01649175412293853,0.029985007496251874,0.11094452773613193,0.07196401799100449,0.017991004497751123,0.043478260869565216,0.10794602698650675,0.0239880059970015,0.01649175412293853,0.19640179910044978,0.0944527736131934,0.05847076461769116,0.08395802098950525,0.044977511244377814,0.06596701649175413
0.019417475728155338,0.023058252427184466,0.03640776699029126,0.11529126213592233,0.07524271844660194,0.021844660194174758,0.03519417475728155,0.10194174757281553,0.027912621359223302,0.01699029126213592,0.17718446601941748,0.08737864077669903,0.06796116504854369,0.08373786407766991,0.043689320388349516,0.06674757281553398
0.020958083832335328,0.0249500998003992,0.03792415169660679,0.11077844311377245,0.08083832335329341,0.020958083832335328,0.03792415169660679,0.09880239520958084,0.028942115768463075,0.018962075848303395,0.16167664670658682,0.08582834331337326,0.07285429141716566,0.07784431137724551,0.05289421157684631,0.06786427145708583
0.024390243902439025,0.02607232968881413,0.04205214465937763,0.11690496215306981,0.0832632464255677,0.02607232968881413,0.03532380151387721,0.09335576114381834,0.02943650126156434,0.021026072329688814,0.14802354920100924,0.08242220353238015,0.0782169890664424,0.07317073170731707,0.05298570227081581,0.0672834314550042
0.028077753779697623,0.027357811375089993,0.043916486681065514,0.11591072714182865,0.08351331893448524,0.032397408207343416,0.03095752339812815,0.08999280057595392,0.032397408207343416,0.02159827213822894,0.14326853851691865,0.08423326133909287,0.07487401007919367,0.07055435565154787,0.05183585313174946,0.06911447084233262
0.02875399361022364,0.033226837060702875,0.0523961661341853,0.12140575079872204,0.07795527156549521,0.03194888178913738,0.030031948881789138,0.08562300319488818,0.03386581469648562,0.02619808306709265,0.136741214057508,0.0817891373801917,0.068370607028754,0.07348242811501597,0.04792332268370607,0.07028753993610223
0.03624856156501726,0.039125431530494824,0.0523590333716916,0.12658227848101267,0.07767548906789414,0.03164556962025317,0.03164556962025317,0.08285385500575373,0.03855005753739931,0.02474108170310702,0.1237054085155351,0.07652474108170311,0.0661680092059839,0.0713463751438435,0.05178365937859609,0.06904487917146145
0.03641160949868074,0.04327176781002638,0.055408970976253295,0.12401055408970976,0.079155672823219,0.03324538258575198,0.030606860158311346,0.08337730870712401,0.04116094986807388,0.024274406332453827,0.11715039577836411,0.07546174142480211,0.06121372031662269,0.0712401055408971,0.056464379947229554,0.06754617414248021
0.03515625,0.044921875,0.0615234375,0.123046875,0.07861328125,0.033203125,0.03271484375,0.07763671875,0.0458984375,0.0302734375,0.1142578125,0.0751953125,0.0556640625,0.06689453125,0.06201171875,0.06298828125
0.04209065679925995,0.045328399629972246,0.0666049953746531,0.12072155411655874,0.07493061979648474,0.03469010175763182,0.036077705827937095,0.07816836262719704,0.04671600370027752,0.032377428307123035,0.10638297872340426,0.07261794634597594,0.05689176688251619,0.06521739130434782,0.06059204440333025,0.06059204440333025
0.04633715798764342,0.04501323918799647,0.07016769638128861,0.11518093556928509,0.06928508384819064,0.03795233892321271,0.03927625772285966,0.0736981465136805,0.048984995586937335,0.0410414827890556,0.1001765225066196,0.07193292144748456,0.05560458958517211,0.06619593998234775,0.058693733451015,0.06045895851721095
0.04739737621667372,0.04612780363944139,0.07575116377486246,0.11553110452814219,0.06347862886161659,0.039356749894202285,0.04104951333051206,0.06898011002962336,0.05501481168006771,0.04104951333051206,0.10071942446043165,0.07067287346593314,0.052475666525603044,0.0664409648751587,0.05628438425730004,0.059669911129919595
0.04889071487263763,0.04437140509449466,0.07559572719802794,0.11010682004930156,0.06450287592440428,0.04026294165981923,0.0447822514379622,0.06450287592440428,0.05505341002465078,0.04272801972062449,0.09778142974527526,0.07641741988496302,0.051766639276910435,0.0657354149548069,0.05587510271158587,0.06162695152013147
0.04758064516129032,0.04798387096774193,0.07741935483870968,0.11048387096774194,0.05887096774193548,0.039919354838709675,0.045564516129032256,0.06451612903225806,0.055645161290322584,0.044758064516129036,0.09435483870967742,0.07298387096774193,0.05403225806451613,0.06693548387096775,0.055645161290322584,0.06330645161290323
0.05048076923076923,0.049679487179487176,0.07131410256410256,0.11017628205128205,0.058493589743589744,0.04046474358974359,0.046474358974358976,0.06370192307692307,0.057692307692307696,0.04366987179487179,0.09615384615384616,0.07211538461538461,0.05048076923076923,0.06490384615384616,0.056490384615384616,0.06770833333333333
0.051220488195278115,0.052420968387354945,0.07202881152460984,0.10644257703081232,0.05802320928371348,0.04241696678671469,0.047619047619047616,0.06362545018007203,0.054821928771508606,0.0468187274909964,0.0936374549819928,0.06882753101240496,0.04841936774709884,0.06762705082032813,0.05922368947579031,0.06682673069227692
0.05488782051282051,0.05448717948717949,0.07211538461538461,0.10216346153846154,0.058493589743589744,0.04246794871794872,0.05008012820512821,0.06610576923076923,0.06049679487179487,0.04567307692307692,0.09054487179487179,0.07011217948717949,0.046875,0.06330128205128205,0.057291666666666664,0.06490384615384616
0.05726872246696035,0.05606728073688426,0.07128554265118142,0.09251101321585903,0.05847016419703644,0.04485382458950741,0.048858630356427714,0.06607929515418502,0.06367641169403283,0.04725670804965959,0.08650380456547857,0.06888265919102923,0.051261513816579896,0.06327593111734081,0.05566680016019223,0.06808169803764517
0.06047256708049659,0.059271125350420506,0.06607929515418502,0.0881057268722467,0.056868241890268324,0.04445334401281538,0.052062474969963954,0.06207448938726472,0.06607929515418502,0.048057669203043656,0.08770524629555466,0.07008410092110533,0.05366439727673208,0.06407689227072487,0.05726872246696035,0.06367641169403283
0.0625,0.06169871794871795,0.06650641025641026,0.0889423076923077,0.05929487179487179,0.045272435897435896,0.051682692307692304,0.059695512820512824,0.06450320512820513,0.05048076923076923,0.08453525641025642,0.06810897435897435,0.054086538461538464,0.06049679487179487,0.05929487179487179,0.06290064102564102
0.06212424849699399,0.06372745490981964,0.06412825651302605,0.0877755511022044,0.06492985971943888,0.04649298597194389,0.052104208416833664,0.059719438877755514,0.0625250501002004,0.051703406813627256,0.08296593186372746,0.06773547094188377,0.05771543086172345,0.05531062124248497,0.059719438877755514,0.061322645290581165
0.06162464985994398,0.06722689075630252,0.06282513005202081,0.0860344137655062,0.05962384953981593,0.04721888755502201,0.052420968387354945,0.06162464985994398,0.06082432973189276,0.05282112845138055,0.08403361344537816,0.06562625050020009,0.061224489795918366,0.05722288915566227,0.0584233693477391,0.061224489795918366
0.06255012028869286,0.07097032878909383,0.06094627105052125,0.08340016038492382,0.06134723336006415,0.04611066559743384,0.0545308740978348,0.06214915797914996,0.06214915797914996,0.054931836407377706,0.08460304731355253,0.06776263031275061,0.05573376102646351,0.05693664795509222,0.05653568564554932,0.05934242181234964
0.06244995996797438,0.06805444355484387,0.06365092073658928,0.08126501200960769,0.05844675740592474,0.051641313050440354,0.053242594075260205,0.059647718174539635,0.05844675740592474,0.05604483586869496,0.08286629303442754,0.0688550840672538,0.05684547638110488,0.0588470776621297,0.05804643714971978,0.06164931945556445
0.062474969963956746,0.06688025630756908,0.06527833400080096,0.08009611533840609,0.05726872246696035,0.05446535843011614,0.050861033239887866,0.062474969963956746,0.060072086503804564,0.05726872246696035,0.08009611533840609,0.06968362034441329,0.060072086503804564,0.05726872246696035,0.05486583900680817,0.06087304765718863
0.06042416966786715,0.06322529011604641,0.06762705082032813,0.0744297719087635,0.05802320928371348,0.05562224889955982,0.04961984793917567,0.06442577030812324,0.060024009603841535,0.05802320928371348,0.08003201280512205,0.07242897158863545,0.05962384953981593,0.056422569027611044,0.05922368947579031,0.06082432973189276
0.06370192307692307,0.06129807692307692,0.07011217948717949,0.07091346153846154,0.06049679487179487,0.05368589743589743,0.050881410256410256,0.06290064102564102,0.056490384615384616,0.06129807692307692,0.08133012820512821,0.07091346153846154,0.060897435897435896,0.05488782051282051,0.057692307692307696,0.0625
0.06129807692307692,0.06169871794871795,0.06971153846153846,0.06971153846153846,0.06330128205128205,0.05328525641025641,0.049679487179487176,0.06290064102564102,0.05608974358974359,0.060897435897435896,0.07892628205128205,0.07211538461538461,0.060897435897435896,0.057692307692307696,0.05889423076923077,0.06290064102564102
0.060024009603841535,0.05922368947579031,0.07242897158863545,0.06762705082032813,0.062424969987995196,0.05442176870748299,0.052420968387354945,0.062424969987995196,0.0584233693477391,0.062424969987995196,0.07963185274109644,0.07202881152460984,0.057623049219687875,0.06042416966786715,0.05802320928371348,0.06042416966786715
0.06490384615384616,0.05568910256410257,0.07131410256410256,0.06810897435897435,0.06129807692307692,0.052884615384615384,0.05248397435897436,0.06290064102564102,0.060897435897435896,0.06490384615384616,0.07852564102564102,0.06971153846153846,0.05809294871794872,0.058493589743589744,0.059695512820512824,0.06009615384615385
0.0664265706282513,0.055222088835534214,0.07122849139655862,0.07082833133253301,0.062424969987995196,0.0508203281312525,0.053621448579431776,0.05962384953981593,0.06402561024409764,0.062424969987995196,0.07803121248499399,0.07042817126850741,0.05962384953981593,0.05962384953981593,0.057623049219687875,0.05802320928371348
0.0700280112044818,0.05282112845138055,0.07162865146058424,0.0700280112044818,0.06362545018007203,0.052420968387354945,0.05402160864345738,0.061224489795918366,0.06082432973189276,0.06322529011604641,0.0784313725490196,0.0700280112044818,0.05802320928371348,0.05962384953981593,0.05962384953981593,0.05442176870748299
0.06882753101240496,0.054821928771508606,0.0740296118447379,0.0700280112044818,0.062424969987995196,0.05042016806722689,0.055222088835534214,0.06362545018007203,0.06202480992396959,0.061224489795918366,0.07763105242096839,0.07122849139655862,0.05442176870748299,0.05962384953981593,0.05962384953981593,0.054821928771508606
0.06602641056422569,0.05562224889955982,0.0744297719087635,0.06802721088435375,0.06362545018007203,0.05202080832332933,0.053621448579431776,0.062424969987995196,0.06282513005202081,0.06322529011604641,0.07643057222889156,0.07042817126850741,0.056022408963585436,0.05802320928371348,0.05962384953981593,0.057623049219687875
0.0656525220176141,0.0600480384307446,0.0656525220176141,0.06765412329863892,0.06365092073658928,0.053242594075260205,0.05404323458767014,0.06485188150520416,0.06204963971176942,0.059247397918334666,0.07285828662930344,0.07205764611689351,0.057245796637309845,0.057646116893514815,0.061248999199359486,0.06285028022417935
0.0644,0.06,0.0632,0.0664,0.0648,0.0512,0.0552,0.0688,0.0632,0.0624,0.07,0.0716,0.0632,0.0556,0.06,0.06
0.06330128205128205,0.06169871794871795,0.06530448717948718,0.06650641025641026,0.06690705128205128,0.05128205128205128,0.056490384615384616,0.06610576923076923,0.06169871794871795,0.06330128205128205,0.06810897435897435,0.07131410256410256,0.060897435897435896,0.05568910256410257,0.059695512820512824,0.06169871794871795
0.060521042084168336,0.05691382765531062,0.06372745490981964,0.06813627254509018,0.07054108216432865,0.05410821643286573,0.05691382765531062,0.06412825651302605,0.06172344689378757,0.06332665330661323,0.06613226452905811,0.07214428857715431,0.06172344689378757,0.05731462925851703,0.058917835671342685,0.06372745490981964
0.05922368947579031,0.056422569027611044,0.06162464985994398,0.06762705082032813,0.07122849139655862,0.05002000800320128,0.053621448579431776,0.06362545018007203,0.06442577030812324,0.06682673069227692,0.06522609043617447,0.07122849139655862,0.06202480992396959,0.05922368947579031,0.06202480992396959,0.06562625050020009
0.060072086503804564,0.05766920304365238,0.06407689227072487,0.06768121746095314,0.0724869843812575,0.051661994393271925,0.052062474969963954,0.06487785342410893,0.06367641169403283,0.07048458149779736,0.0644773728474169,0.06848217861433721,0.05766920304365238,0.05887064477372848,0.05847016419703644,0.06728073688426112
0.0616,0.0584,0.0624,0.066,0.072,0.052,0.0536,0.0628,0.0648,0.0716,0.064,0.0692,0.0572,0.058,0.0592,0.0672
0.059671605927112535,0.059271125350420506,0.06567881457749299,0.06688025630756908,0.07488986784140969,0.05366439727673208,0.05486583900680817,0.059671605927112535,0.06647977573087706,0.06848217861433721,0.06567881457749299,0.06607929515418502,0.05246295554665599,0.05887064477372848,0.06087304765718863,0.06647977573087706
0.059271125350420506,0.06407689227072487,0.06607929515418502,0.06728073688426112,0.07208650380456548,0.05366439727673208,0.059671605927112535,0.05806968362034441,0.06567881457749299,0.0644773728474169,0.06487785342410893,0.06607929515418502,0.050861033239887866,0.06207448938726472,0.05847016419703644,0.06728073688426112
0.0588470776621297,0.06365092073658928,0.06525220176140913,0.06605284227381905,0.07125700560448359,0.05084067253803042,0.059247397918334666,0.0600480384307446,0.0656525220176141,0.06605284227381905,0.06485188150520416,0.0688550840672538,0.05204163330664532,0.06204963971176942,0.059647718174539635,0.0656525220176141
0.056490384615384616,0.06530448717948718,0.0625,0.06610576923076923,0.07011217948717949,0.05368589743589743,0.05488782051282051,0.060897435897435896,0.06650641025641026,0.06891025641025642,0.06610576923076923,0.06810897435897435,0.04887820512820513,0.059695512820512824,0.06370192307692307,0.06810897435897435
0.055644515612489995,0.0688550840672538,0.06244995996797438,0.0632506004803843,0.06925540432345877,0.05244195356285028,0.055644515612489995,0.06084867894315452,0.0644515612489992,0.07245796637309848,0.06485188150520416,0.06645316253002402,0.04803843074459568,0.06405124099279423,0.06365092073658928,0.06765412329863892
0.055644515612489995,0.07005604483586869,0.06485188150520416,0.0644515612489992,0.0656525220176141,0.05404323458767014,0.053642914331465175,0.06244995996797438,0.06485188150520416,0.0732586068855084,0.06365092073658928,0.06725380304243395,0.04723779023218575,0.06365092073658928,0.06244995996797438,0.06685348278622898
0.05802320928371348,0.06722689075630252,0.06562625050020009,0.06362545018007203,0.06082432973189276,0.05682272909163665,0.054821928771508606,0.06202480992396959,0.06442577030812324,0.0740296118447379,0.06282513005202081,0.06802721088435375,0.04721888755502201,0.06562625050020009,0.06402561024409764,0.06482593037214886
0.05568910256410257,0.0673076923076923,0.06169871794871795,0.06570512820512821,0.062099358974358976,0.05608974358974359,0.055288461538461536,0.0625,0.0673076923076923,0.07211538461538461,0.062099358974358976,0.07171474358974358,0.04487179487179487,0.06690705128205128,0.06169871794871795,0.06690705128205128
0.05404323458767014,0.06605284227381905,0.061248999199359486,0.06485188150520416,0.06485188150520416,0.0544435548438751,0.057245796637309845,0.061248999199359486,0.0632506004803843,0.07285828662930344,0.06485188150520416,0.07165732586068856,0.0488390712570056,0.06485188150520416,0.0632506004803843,0.06645316253002402
0.051240992794235385,0.06365092073658928,0.06244995996797438,0.06725380304243395,0.06525220176140913,0.053242594075260205,0.0588470776621297,0.06244995996797438,0.06204963971176942,0.07085668534827862,0.0656525220176141,0.06805444355484387,0.05044035228182546,0.06645316253002402,0.06285028022417935,0.06925540432345877
0.052420968387354945,0.06322529011604641,0.06042416966786715,0.0700280112044818,0.06522609043617447,0.053621448579431776,0.05962384953981593,0.06162464985994398,0.06282513005202081,0.06882753101240496,0.06402561024409764,0.06882753101240496,0.052420968387354945,0.06362545018007203,0.06282513005202081,0.07042817126850741
0.05084067253803042,0.06685348278622898,0.0588470776621297,0.0688550840672538,0.0644515612489992,0.055644515612489995,0.06204963971176942,0.06044835868694956,0.06285028022417935,0.06725380304243395,0.06164931945556445,0.07005604483586869,0.053642914331465175,0.06725380304243395,0.06244995996797438,0.06685348278622898
0.05204163330664532,0.06725380304243395,0.06405124099279423,0.06725380304243395,0.0656525220176141,0.05484387510008006,0.059247397918334666,0.059247397918334666,0.06285028022417935,0.0656525220176141,0.0588470776621297,0.07085668534827862,0.0544435548438751,0.06605284227381905,0.0644515612489992,0.06725380304243395
0.050861033239887866,0.06848217861433721,0.06087304765718863,0.06487785342410893,0.06647977573087706,0.05566680016019223,0.06047256708049659,0.05766920304365238,0.06567881457749299,0.06487785342410893,0.05847016419703644,0.07048458149779736,0.05726872246696035,0.06567881457749299,0.06287545054064878,0.06928313976772127
0.05048076923076923,0.0673076923076923,0.05929487179487179,0.062099358974358976,0.06810897435897435,0.059695512820512824,0.060897435897435896,0.056490384615384616,0.06370192307692307,0.06931089743589744,0.05929487179487179,0.06850961538461539,0.054086538461538464,0.06650641025641026,0.06330128205128205,0.07091346153846154
0.0508,0.0672,0.0604,0.0628,0.068,0.0592,0.0596,0.0604,0.0656,0.07,0.0604,0.0676,0.052,0.0624,0.0632,0.0704
0.05042016806722689,0.06562625050020009,0.05722288915566227,0.06362545018007203,0.0664265706282513,0.062424969987995196,0.05802320928371348,0.06082432973189276,0.06722689075630252,0.06762705082032813,0.06282513005202081,0.0664265706282513,0.05402160864345738,0.06042416966786715,0.06482593037214886,0.07202881152460984
0.05202080832332933,0.06402561024409764,0.05962384953981593,0.06442577030812324,0.06402561024409764,0.06402561024409764,0.06082432973189276,0.056022408963585436,0.06802721088435375,0.06722689075630252,0.06482593037214886,0.06282513005202081,0.052420968387354945,0.06362545018007203,0.0664265706282513,0.06962785114045618
0.05202080832332933,0.06042416966786715,0.06202480992396959,0.06282513005202081,0.06482593037214886,0.062424969987995196,0.06082432973189276,0.056422569027611044,0.07082833133253301,0.0700280112044818,0.058823529411764705,0.06282513005202081,0.05682272909163665,0.06282513005202081,0.06802721088435375,0.06802721088435375
0.05404323458767014,0.0600480384307446,0.06285028022417935,0.06044835868694956,0.06365092073658928,0.0644515612489992,0.0600480384307446,0.057646116893514815,0.06765412329863892,0.07205764611689351,0.061248999199359486,0.06044835868694956,0.05804643714971978,0.06044835868694956,0.0688550840672538,0.06805444355484387
0.0556,0.058,0.0644,0.062,0.0604,0.0644,0.0564,0.0604,0.0688,0.0688,0.0632,0.062,0.0604,0.0632,0.0684,0.0636
0.05322128851540616,0.05562224889955982,0.06442577030812324,0.06402561024409764,0.06202480992396959,0.06362545018007203,0.05802320928371348,0.05922368947579031,0.06762705082032813,0.06722689075630252,0.06322529011604641,0.06402561024409764,0.06162464985994398,0.06402561024409764,0.0700280112044818,0.06202480992396959
0.050861033239887866,0.05766920304365238,0.06207448938726472,0.06407689227072487,0.06367641169403283,0.06607929515418502,0.059671605927112535,0.06207448938726472,0.06848217861433721,0.06688025630756908,0.06527833400080096,0.06127352823388066,0.06127352823388066,0.062474969963956746,0.06688025630756908,0.06127352823388066
0.0528,0.058,0.0616,0.064,0.0628,0.0692,0.0612,0.0628,0.0656,0.0656,0.068,0.06,0.0584,0.0624,0.0644,0.0632
0.05562224889955982,0.06042416966786715,0.05962384953981593,0.06362545018007203,0.057623049219687875,0.06922769107643058,0.05802320928371348,0.06282513005202081,0.06482593037214886,0.06402561024409764,0.07202881152460984,0.06402561024409764,0.05682272909163665,0.06322529011604641,0.06322529011604641,0.06482593037214886
0.055222088835534214,0.056422569027611044,0.06282513005202081,0.06282513005202081,0.05962384953981593,0.0664265706282513,0.05562224889955982,0.061224489795918366,0.06562625050020009,0.06042416966786715,0.07122849139655862,0.06922769107643058,0.05802320928371348,0.06522609043617447,0.06682673069227692,0.06322529011604641
0.056868241890268324,0.05486583900680817,0.06487785342410893,0.06407689227072487,0.05766920304365238,0.06647977573087706,0.05446535843011614,0.06327593111734081,0.06207448938726472,0.05847016419703644,0.07328794553464157,0.06888265919102923,0.059671605927112535,0.06607929515418502,0.06768121746095314,0.06127352823388066
0.056422569027611044,0.054821928771508606,0.0664265706282513,0.06602641056422569,0.05722288915566227,0.06282513005202081,0.05282112845138055,0.06442577030812324,0.058823529411764705,0.05962384953981593,0.07282913165266107,0.06682673069227692,0.06162464985994398,0.06402561024409764,0.06802721088435375,0.06722689075630252
0.05644515612489992,0.05844675740592474,0.061248999199359486,0.0656525220176141,0.05684547638110488,0.06244995996797438,0.05644515612489992,0.06084867894315452,0.059247397918334666,0.059247397918334666,0.07205764611689351,0.06605284227381905,0.06084867894315452,0.06685348278622898,0.06925540432345877,0.06805444355484387
0.05974338412189254,0.05653568564554932,0.060144346431435444,0.06295108259823577,0.058941459502806735,0.061748195669607056,0.05693664795509222,0.05934242181234964,0.058941459502806735,0.060144346431435444,0.07056936647955092,0.0681635926222935,0.06134723336006415,0.06856455493183641,0.06856455493183641,0.0673616680032077
0.06042416966786715,0.05402160864345738,0.05922368947579031,0.06362545018007203,0.06162464985994398,0.061224489795918366,0.05802320928371348,0.05682272909163665,0.06042416966786715,0.05722288915566227,0.06922769107643058,0.06842737094837935,0.062424969987995196,0.06842737094837935,0.0700280112044818,0.06882753101240496
0.060897435897435896,0.054086538461538464,0.062099358974358976,0.0641025641025641,0.062099358974358976,0.058493589743589744,0.06129807692307692,0.05889423076923077,0.05929487179487179,0.058493589743589744,0.06931089743589744,0.06610576923076923,0.058493589743589744,0.06690705128205128,0.06931089743589744,0.07011217948717949
0.05929487179487179,0.056490384615384616,0.06450320512820513,0.06530448717948718,0.0625,0.058493589743589744,0.060897435897435896,0.057291666666666664,0.05809294871794872,0.05929487179487179,0.06891025641025642,0.06610576923076923,0.05889423076923077,0.07011217948717949,0.06570512820512821,0.06810897435897435
0.05689102564102564,0.051682692307692304,0.06650641025641026,0.06810897435897435,0.06450320512820513,0.05929487179487179,0.05929487179487179,0.05608974358974359,0.06049679487179487,0.058493589743589744,0.07171474358974358,0.06650641025641026,0.057291666666666664,0.06971153846153846,0.06490384615384616,0.06850961538461539
0.057738572574178026,0.05292702485966319,0.06776263031275061,0.06896551724137931,0.060144346431435444,0.06094627105052125,0.05974338412189254,0.05693664795509222,0.06455493183640738,0.057337610264635124,0.07377706495589414,0.06655974338412189,0.053728949478749,0.0681635926222935,0.06214915797914996,0.06856455493183641
0.056,0.0532,0.0676,0.0688,0.0608,0.064,0.0584,0.0588,0.0664,0.0572,0.0684,0.064,0.0588,0.0676,0.0632,0.0668
0.0528,0.0536,0.0664,0.0656,0.0596,0.0648,0.0576,0.0608,0.0652,0.0556,0.0724,0.0652,0.0592,0.07,0.0632,0.068
0.05246295554665599,0.05246295554665599,0.06527833400080096,0.06888265919102923,0.06047256708049659,0.06367641169403283,0.05806968362034441,0.062474969963956746,0.06367641169403283,0.05566680016019223,0.07168602322787344,0.06487785342410893,0.05806968362034441,0.06728073688426112,0.06527833400080096,0.06968362034441329
0.05606728073688426,0.05366439727673208,0.059271125350420506,0.07008410092110533,0.059271125350420506,0.06487785342410893,0.05766920304365238,0.06567881457749299,0.06808169803764517,0.056868241890268324,0.07408890668802563,0.06567881457749299,0.052062474969963954,0.06728073688426112,0.06367641169403283,0.06567881457749299
0.05682272909163665,0.057623049219687875,0.05802320928371348,0.06482593037214886,0.055222088835534214,0.06842737094837935,0.061224489795918366,0.06482593037214886,0.06282513005202081,0.057623049219687875,0.07523009203681473,0.06882753101240496,0.051220488195278115,0.06962785114045618,0.06482593037214886,0.06282513005202081
0.0600480384307446,0.059647718174539635,0.05844675740592474,0.0632506004803843,0.05484387510008006,0.06965572457966374,0.057245796637309845,0.06685348278622898,0.06204963971176942,0.06164931945556445,0.07245796637309848,0.06605284227381905,0.05244195356285028,0.06645316253002402,0.0656525220176141,0.0632506004803843
0.059647718174539635,0.06204963971176942,0.05684547638110488,0.0644515612489992,0.059247397918334666,0.06805444355484387,0.053642914331465175,0.0656525220176141,0.06204963971176942,0.06285028022417935,0.06965572457966374,0.06685348278622898,0.051641313050440354,0.06685348278622898,0.07045636509207366,0.0600480384307446
0.06164931945556445,0.06244995996797438,0.057245796637309845,0.06365092073658928,0.06084867894315452,0.06605284227381905,0.05244195356285028,0.06685348278622898,0.059247397918334666,0.061248999199359486,0.06845476381104884,0.0656525220176141,0.053642914331465175,0.06645316253002402,0.07045636509207366,0.06365092073658928
0.0584,0.0616,0.0536,0.0628,0.0636,0.0688,0.0516,0.0676,0.0584,0.0612,0.0716,0.066,0.0532,0.0716,0.0676,0.0624
0.056,0.0648,0.0532,0.0608,0.0672,0.0716,0.0528,0.0664,0.056,0.0592,0.07,0.0644,0.0524,0.0716,0.0712,0.0624
0.059647718174539635,0.06365092073658928,0.055644515612489995,0.0600480384307446,0.06645316253002402,0.07245796637309848,0.055244195356285025,0.06485188150520416,0.05684547638110488,0.0600480384307446,0.06765412329863892,0.06605284227381905,0.05204163330664532,0.0688550840672538,0.0688550840672538,0.06164931945556445
0.059695512820512824,0.060897435897435896,0.059695512820512824,0.06290064102564102,0.06530448717948718,0.07291666666666667,0.054086538461538464,0.06610576923076923,0.057291666666666664,0.05929487179487179,0.06690705128205128,0.06530448717948718,0.055288461538461536,0.0673076923076923,0.06570512820512821,0.06129807692307692
0.057623049219687875,0.06162464985994398,0.057623049219687875,0.06482593037214886,0.06602641056422569,0.07202881152460984,0.055222088835534214,0.06522609043617447,0.0584233693477391,0.058823529411764705,0.06722689075630252,0.06402561024409764,0.05282112845138055,0.06682673069227692,0.0700280112044818,0.06162464985994398
0.05962384953981593,0.062424969987995196,0.056022408963585436,0.06562625050020009,0.06682673069227692,0.06802721088435375,0.057623049219687875,0.06402561024409764,0.06482593037214886,0.05682272909163665,0.06762705082032813,0.06442577030812324,0.0508203281312525,0.06362545018007203,0.06962785114045618,0.06202480992396959
0.0632,0.0608,0.0572,0.0676,0.0692,0.0688,0.056,0.0616,0.066,0.054,0.0672,0.0624,0.0516,0.0616,0.0688,0.064
0.05962384953981593,0.06202480992396959,0.05962384953981593,0.06282513005202081,0.07082833133253301,0.06882753101240496,0.05802320928371348,0.062424969987995196,0.0664265706282513,0.05282112845138055,0.06842737094837935,0.06202480992396959,0.05162064825930372,0.06522609043617447,0.06522609043617447,0.06402561024409764
0.0624,0.0628,0.0576,0.0656,0.0704,0.0672,0.0588,0.0628,0.0644,0.0552,0.0684,0.0644,0.0504,0.0672,0.058,0.0644
0.06162464985994398,0.060024009603841535,0.05722288915566227,0.06402561024409764,0.07162865146058424,0.06522609043617447,0.06202480992396959,0.06202480992396959,0.06482593037214886,0.05442176870748299,0.07042817126850741,0.06362545018007203,0.04841936774709884,0.06882753101240496,0.05962384953981593,0.06602641056422569
0.0612,0.0588,0.0568,0.0608,0.0704,0.0664,0.0648,0.062,0.0628,0.0544,0.0724,0.0664,0.0484,0.0688,0.0628,0.0628
0.06082432973189276,0.05802320928371348,0.05802320928371348,0.05922368947579031,0.06842737094837935,0.06682673069227692,0.0664265706282513,0.05922368947579031,0.062424969987995196,0.060024009603841535,0.07523009203681473,0.06402561024409764,0.04801920768307323,0.06802721088435375,0.06442577030812324,0.06082432973189276
0.060024009603841535,0.06082432973189276,0.061224489795918366,0.05722288915566227,0.06922769107643058,0.06402561024409764,0.06682673069227692,0.05922368947579031,0.061224489795918366,0.06082432973189276,0.07523009203681473,0.06402561024409764,0.0468187274909964,0.06682673069227692,0.06682673069227692,0.05962384953981593
0.05922368947579031,0.05922368947579031,0.06402561024409764,0.0584233693477391,0.0700280112044818,0.06482593037214886,0.06842737094837935,0.0584233693477391,0.060024009603841535,0.05922368947579031,0.07162865146058424,0.06042416966786715,0.04881952781112445,0.0664265706282513,0.06882753101240496,0.06202480992396959
0.059647718174539635,0.057646116893514815,0.06244995996797438,0.06164931945556445,0.06965572457966374,0.0632506004803843,0.06645316253002402,0.05844675740592474,0.06204963971176942,0.0600480384307446,0.07165732586068856,0.06285028022417935,0.05044035228182546,0.06285028022417935,0.07005604483586869,0.06084867894315452
0.0588,0.0576,0.0652,0.064,0.066,0.0632,0.0656,0.0628,0.0656,0.0592,0.0724,0.062,0.048,0.0592,0.0704,0.06
0.0584233693477391,0.05922368947579031,0.06602641056422569,0.06522609043617447,0.06562625050020009,0.06362545018007203,0.06682673069227692,0.06562625050020009,0.06602641056422569,0.05722288915566227,0.06922769107643058,0.061224489795918366,0.04601840736294518,0.05802320928371348,0.06882753101240496,0.06282513005202081
0.0588470776621297,0.06044835868694956,0.06725380304243395,0.06525220176140913,0.0632506004803843,0.0600480384307446,0.06285028022417935,0.06605284227381905,0.06525220176140913,0.057646116893514815,0.07045636509207366,0.06365092073658928,0.04683746997598078,0.05804643714971978,0.07165732586068856,0.06244995996797438
0.05847016419703644,0.06127352823388066,0.06808169803764517,0.06327593111734081,0.06327593111734081,0.06047256708049659,0.06407689227072487,0.0644773728474169,0.06167400881057269,0.05766920304365238,0.07328794553464157,0.06327593111734081,0.0460552663195835,0.06127352823388066,0.07328794553464157,0.060072086503804564
0.059247397918334666,0.06244995996797438,0.06365092073658928,0.0644515612489992,0.0656525220176141,0.059647718174539635,0.06365092073658928,0.0656525220176141,0.06365092073658928,0.0600480384307446,0.07245796637309848,0.06204963971176942,0.04523618895116093,0.0632506004803843,0.06965572457966374,0.059247397918334666
0.0536,0.066,0.0628,0.0664,0.0636,0.0588,0.068,0.064,0.0612,0.0628,0.0696,0.0684,0.0444,0.0624,0.0696,0.0584
0.051240992794235385,0.06725380304243395,0.06244995996797438,0.06405124099279423,0.0644515612489992,0.06204963971176942,0.0688550840672538,0.06485188150520416,0.06365092073658928,0.0632506004803843,0.06925540432345877,0.06525220176140913,0.04483586869495596,0.06285028022417935,0.06725380304243395,0.05844675740592474
0.04923939151321057,0.06685348278622898,0.06285028022417935,0.06605284227381905,0.07085668534827862,0.0644515612489992,0.0632506004803843,0.0632506004803843,0.06285028022417935,0.0644515612489992,0.06685348278622898,0.0656525220176141,0.04843875100080064,0.06365092073658928,0.06605284227381905,0.055244195356285025
0.04969939879759519,0.06773547094188377,0.06452905811623247,0.06412825651302605,0.07094188376753507,0.06693386773547094,0.0657314629258517,0.0625250501002004,0.05851703406813627,0.06773547094188377,0.06412825651302605,0.06412825651302605,0.0468937875751503,0.06212424849699399,0.06733466933867735,0.05691382765531062
0.05284227381905524,0.06485188150520416,0.06365092073658928,0.0632506004803843,0.06965572457966374,0.06485188150520416,0.06765412329863892,0.06485188150520416,0.05644515612489992,0.06725380304243395,0.0632506004803843,0.0632506004803843,0.047638110488390714,0.061248999199359486,0.06965572457966374,0.059647718174539635
0.0488,0.0656,0.0632,0.0652,0.0716,0.0604,0.0664,0.0628,0.0564,0.0664,0.0648,0.0648,0.0488,0.064,0.0688,0.062
0.0508203281312525,0.06802721088435375,0.06682673069227692,0.06602641056422569,0.06922769107643058,0.05922368947579031,0.06842737094837935,0.06042416966786715,0.054821928771508606,0.06962785114045618,0.06042416966786715,0.06042416966786715,0.05322128851540616,0.06602641056422569,0.06482593037214886,0.06162464985994398
0.050861033239887866,0.06768121746095314,0.07008410092110533,0.06327593111734081,0.06728073688426112,0.05847016419703644,0.06808169803764517,0.06167400881057269,0.05726872246696035,0.06888265919102923,0.06047256708049659,0.060072086503804564,0.048858630356427714,0.06607929515418502,0.06728073688426112,0.06367641169403283
0.0536,0.0696,0.0704,0.062,0.0656,0.0608,0.0732,0.06,0.0588,0.0652,0.0612,0.0604,0.0488,0.0624,0.0668,0.0612
0.05566680016019223,0.06848217861433721,0.07208650380456548,0.06327593111734081,0.06407689227072487,0.060072086503804564,0.07328794553464157,0.059271125350420506,0.05566680016019223,0.06607929515418502,0.06087304765718863,0.056868241890268324,0.04925911093311974,0.0644773728474169,0.06768121746095314,0.06287545054064878
0.05484387510008006,0.06965572457966374,0.07045636509207366,0.06204963971176942,0.06645316253002402,0.06044835868694956,0.07285828662930344,0.05844675740592474,0.05484387510008006,0.0656525220176141,0.06164931945556445,0.05404323458767014,0.05284227381905524,0.06244995996797438,0.06965572457966374,0.06365092073658928
0.05486583900680817,0.06728073688426112,0.06968362034441329,0.06407689227072487,0.06287545054064878,0.06287545054064878,0.07168602322787344,0.059671605927112535,0.05446535843011614,0.06527833400080096,0.06407689227072487,0.056868241890268324,0.05286343612334802,0.059671605927112535,0.0724869843812575,0.06127352823388066
0.05844675740592474,0.06244995996797438,0.06965572457966374,0.06164931945556445,0.06485188150520416,0.06244995996797438,0.07165732586068856,0.057245796637309845,0.05604483586869496,0.0656525220176141,0.06405124099279423,0.05644515612489992,0.051641313050440354,0.0644515612489992,0.07165732586068856,0.06164931945556445
0.059247397918334666,0.06164931945556445,0.06805444355484387,0.06244995996797438,0.06285028022417935,0.06645316253002402,0.06925540432345877,0.057245796637309845,0.053642914331465175,0.06485188150520416,0.06645316253002402,0.05804643714971978,0.049639711769415534,0.06645316253002402,0.07205764611689351,0.06164931945556445
0.0616,0.062,0.068,0.0624,0.0612,0.0684,0.0708,0.0588,0.0548,0.0648,0.0632,0.0572,0.0488,0.0636,0.072,0.0624
0.06202480992396959,0.06082432973189276,0.06562625050020009,0.0664265706282513,0.062424969987995196,0.0664265706282513,0.06802721088435375,0.06402561024409764,0.053621448579431776,0.061224489795918366,0.06282513005202081,0.060024009603841535,0.04721888755502201,0.06442577030812324,0.07523009203681473,0.05962384953981593
0.06044835868694956,0.0600480384307446,0.07165732586068856,0.06685348278622898,0.057245796637309845,0.06845476381104884,0.06725380304243395,0.06365092073658928,0.055244195356285025,0.057646116893514815,0.06244995996797438,0.06285028022417935,0.04643714971977582,0.0644515612489992,0.07365892714171338,0.06164931945556445
0.05804643714971978,0.0600480384307446,0.06765412329863892,0.07045636509207366,0.05404323458767014,0.0656525220176141,0.06605284227381905,0.06244995996797438,0.055244195356285025,0.05844675740592474,0.06365092073658928,0.06525220176140913,0.04843875100080064,0.06805444355484387,0.0732586068855084,0.0632506004803843
0.05644515612489992,0.061248999199359486,0.06965572457966374,0.06925540432345877,0.05604483586869496,0.06405124099279423,0.06044835868694956,0.061248999199359486,0.055644515612489995,0.06365092073658928,0.06365092073658928,0.06164931945556445,0.051240992794235385,0.06805444355484387,0.07485988791032826,0.06285028022417935
0.05562224889955982,0.06202480992396959,0.0700280112044818,0.06722689075630252,0.053621448579431776,0.06362545018007203,0.06282513005202081,0.06362545018007203,0.05682272909163665,0.062424969987995196,0.06362545018007203,0.06362545018007203,0.05002000800320128,0.06922769107643058,0.07643057222889156,0.05922368947579031
0.05689102564102564,0.06049679487179487,0.06971153846153846,0.06570512820512821,0.052884615384615384,0.06450320512820513,0.06450320512820513,0.06450320512820513,0.06009615384615385,0.060897435897435896,0.06290064102564102,0.06450320512820513,0.048477564102564104,0.06850961538461539,0.07572115384615384,0.059695512820512824
0.0584,0.0628,0.0724,0.0688,0.0508,0.0624,0.0628,0.064,0.0568,0.0604,0.0628,0.0616,0.0508,0.0688,0.074,0.0624
0.06082432973189276,0.062424969987995196,0.07122849139655862,0.0664265706282513,0.053621448579431776,0.0664265706282513,0.05802320928371348,0.06362545018007203,0.053621448579431776,0.06082432973189276,0.062424969987995196,0.06282513005202081,0.053621448579431776,0.06842737094837935,0.0744297719087635,0.061224489795918366
0.05802320928371348,0.06162464985994398,0.07322929171668667,0.0664265706282513,0.05202080832332933,0.06842737094837935,0.05922368947579031,0.06322529011604641,0.05202080832332933,0.06042416966786715,0.06522609043617447,0.06082432973189276,0.05322128851540616,0.06762705082032813,0.0744297719087635,0.06402561024409764
0.056422569027611044,0.06202480992396959,0.07282913165266107,0.06802721088435375,0.05282112845138055,0.06922769107643058,0.06402561024409764,0.06162464985994398,0.05402160864345738,0.05802320928371348,0.062424969987995196,0.056422569027611044,0.055222088835534214,0.07082833133253301,0.07563025210084033,0.06042416966786715
