C_R,C_A,C_S,C_N,D_R,D_A,D_S,D_N,Oc_R,Oc_A,Oc_S,Oc_N,Od_R,Od_A,Od_S,Od_N
0.0,0.0,0.0,1.0,0.0,0.0,0.0,0.0,0.0,0.0,0.0,0.0,0.0,0.0,0.0,0.0
0.0,0.0,0.0,0.75,0.0,0.0,0.0,0.0,0.0,0.0,0.0,0.0,0.0,0.0,0.25,0.0
0.0,0.0,0.0,0.6,0.0,0.0,0.0,0.0,0.0,0.0,0.2,0.0,0.0,0.0,0.2,0.0
0.0,0.0,0.0,0.5555555555555556,0.0,0.2222222222222222,0.0,0.0,0.0,0.0,0.1111111111111111,0.0,0.0,0.0,0.1111111111111111,0.0
0.07142857142857142,0.0,0.0,0.6428571428571429,0.0,0.14285714285714285,0.0,0.0,0.0,0.0,0.07142857142857142,0.0,0.0,0.0,0.07142857142857142,0.0
0.05,0.0,0.0,0.7,0.0,0.1,0.0,0.0,0.0,0.0,0.05,0.0,0.0,0.0,0.05,0.05
0.045454545454545456,0.0,0.0,0.6818181818181818,0.0,0.045454545454545456,0.0,0.045454545454545456,0.0,0.0,0.09090909090909091,0.0,0.0,0.0,0.045454545454545456,0.045454545454545456
0.08333333333333333,0.0,0.0,0.6666666666666666,0.0,0.041666666666666664,0.0,0.041666666666666664,0.0,0.0,0.08333333333333333,0.0,0.0,0.0,0.041666666666666664,0.041666666666666664
0.06666666666666667,0.0,0.0,0.6666666666666666,0.0,0.03333333333333333,0.0,0.06666666666666667,0.0,0.0,0.06666666666666667,0.0,0.0,0.0,0.03333333333333333,0.06666666666666667
0.07142857142857142,0.0,0.0,0.6428571428571429,0.0,0.023809523809523808,0.047619047619047616,0.09523809523809523,0.0,0.0,0.047619047619047616,0.0,0.0,0.0,0.023809523809523808,0.047619047619047616
0.08695652173913043,0.0,0.0,0.6521739130434783,0.0,0.021739130434782608,0.043478260869565216,0.08695652173913043,0.0,0.0,0.043478260869565216,0.0,0.0,0.021739130434782608,0.0,0.043478260869565216
0.1,0.0,0.0,0.66,0.0,0.02,0.04,0.08,0.0,0.0,0.04,0.0,0.0,0.02,0.0,0.04
0.09523809523809523,0.0,0.0,0.6666666666666666,0.0,0.031746031746031744,0.031746031746031744,0.1111111111111111,0.0,0.0,0.015873015873015872,0.0,0.0,0.015873015873015872,0.0,0.031746031746031744
0.10975609756097561,0.0,0.012195121951219513,0.6707317073170732,0.0,0.036585365853658534,0.024390243902439025,0.0975609756097561,0.0,0.0,0.012195121951219513,0.0,0.0,0.012195121951219513,0.0,0.024390243902439025
0.13402061855670103,0.0,0.020618556701030927,0.6494845360824743,0.0,0.030927835051546393,0.020618556701030927,0.09278350515463918,0.0,0.010309278350515464,0.010309278350515464,0.0,0.0,0.010309278350515464,0.0,0.020618556701030927
0.15841584158415842,0.009900990099009901,0.019801980198019802,0.6435643564356436,0.0,0.019801980198019802,0.009900990099009901,0.07920792079207921,0.0,0.009900990099009901,0.009900990099009901,0.0,0.0,0.009900990099009901,0.009900990099009901,0.019801980198019802
0.1968503937007874,0.007874015748031496,0.023622047244094488,0.6456692913385826,0.0,0.015748031496062992,0.007874015748031496,0.05511811023622047,0.0,0.007874015748031496,0.015748031496062992,0.0,0.0,0.007874015748031496,0.0,0.015748031496062992
0.24161073825503357,0.0,0.020134228187919462,0.6442953020134228,0.0,0.013422818791946308,0.006711409395973154,0.040268456375838924,0.0,0.006711409395973154,0.006711409395973154,0.0,0.0,0.006711409395973154,0.0,0.013422818791946308
0.24858757062146894,0.0,0.01694915254237288,0.6440677966101694,0.0,0.011299435028248588,0.005649717514124294,0.04519774011299435,0.0,0.005649717514124294,0.005649717514124294,0.0,0.0,0.005649717514124294,0.0,0.011299435028248588
0.2561576354679803,0.0,0.009852216748768473,0.6403940886699507,0.0,0.009852216748768473,0.0049261083743842365,0.04433497536945813,0.0,0.009852216748768473,0.0049261083743842365,0.0,0.0,0.0049261083743842365,0.0049261083743842365,0.009852216748768473
0.2772727272727273,0.0,0.00909090909090909,0.6227272727272727,0.004545454545454545,0.004545454545454545,0.004545454545454545,0.03636363636363636,0.0,0.00909090909090909,0.00909090909090909,0.0,0.0,0.004545454545454545,0.00909090909090909,0.00909090909090909
0.276,0.004,0.012,0.628,0.0,0.004,0.004,0.032,0.0,0.008,0.008,0.0,0.0,0.004,0.008,0.012
0.2971014492753623,0.007246376811594203,0.010869565217391304,0.6014492753623188,0.0036231884057971015,0.0036231884057971015,0.0036231884057971015,0.025362318840579712,0.0036231884057971015,0.010869565217391304,0.010869565217391304,0.0,0.0,0.0036231884057971015,0.0036231884057971015,0.014492753623188406
0.3312883435582822,0.003067484662576687,0.006134969325153374,0.5674846625766872,0.003067484662576687,0.003067484662576687,0.006134969325153374,0.027607361963190184,0.003067484662576687,0.009202453987730062,0.009202453987730062,0.0,0.003067484662576687,0.006134969325153374,0.003067484662576687,0.018404907975460124
0.33421052631578946,0.005263157894736842,0.005263157894736842,0.5631578947368421,0.002631578947368421,0.005263157894736842,0.005263157894736842,0.02631578947368421,0.002631578947368421,0.010526315789473684,0.007894736842105263,0.002631578947368421,0.002631578947368421,0.005263157894736842,0.002631578947368421,0.018421052631578946
0.3629976580796253,0.00468384074941452,0.00468384074941452,0.5456674473067916,0.00234192037470726,0.00468384074941452,0.00468384074941452,0.0234192037470726,0.00234192037470726,0.00702576112412178,0.00702576112412178,0.00234192037470726,0.00468384074941452,0.00468384074941452,0.00234192037470726,0.01639344262295082
0.3646055437100213,0.006396588486140725,0.008528784648187633,0.5437100213219617,0.0021321961620469083,0.006396588486140725,0.0021321961620469083,0.019189765458422176,0.0021321961620469083,0.006396588486140725,0.006396588486140725,0.0021321961620469083,0.006396588486140725,0.0042643923240938165,0.0021321961620469083,0.017057569296375266
0.38653846153846155,0.0038461538461538464,0.009615384615384616,0.5365384615384615,0.0019230769230769232,0.0057692307692307696,0.0019230769230769232,0.009615384615384616,0.0019230769230769232,0.0057692307692307696,0.0038461538461538464,0.0038461538461538464,0.0057692307692307696,0.0057692307692307696,0.0019230769230769232,0.015384615384615385
0.3875,0.0017857142857142857,0.008928571428571428,0.5375,0.0017857142857142857,0.008928571428571428,0.0,0.008928571428571428,0.0035714285714285713,0.005357142857142857,0.0035714285714285713,0.0017857142857142857,0.007142857142857143,0.0035714285714285713,0.0017857142857142857,0.017857142857142856
0.4029126213592233,0.0016181229773462784,0.008090614886731391,0.5161812297734628,0.0,0.009708737864077669,0.0016181229773462784,0.008090614886731391,0.003236245954692557,0.0048543689320388345,0.003236245954692557,0.003236245954692557,0.012944983818770227,0.003236245954692557,0.0016181229773462784,0.019417475728155338
0.39060205580029367,0.002936857562408223,0.00881057268722467,0.5139500734214391,0.0,0.011747430249632892,0.0014684287812041115,0.00881057268722467,0.0014684287812041115,0.004405286343612335,0.004405286343612335,0.004405286343612335,0.01762114537444934,0.007342143906020558,0.0014684287812041115,0.020558002936857563
0.40705563093622793,0.0027137042062415195,0.008141112618724558,0.5020352781546812,0.0013568521031207597,0.010854816824966078,0.0013568521031207597,0.0067842605156037995,0.0013568521031207597,0.004070556309362279,0.005427408412483039,0.0027137042062415195,0.0203527815468114,0.008141112618724558,0.0013568521031207597,0.016282225237449117
0.41478696741854637,0.002506265664160401,0.006265664160401002,0.48872180451127817,0.0012531328320802004,0.010025062656641603,0.0012531328320802004,0.010025062656641603,0.005012531328320802,0.005012531328320802,0.0037593984962406013,0.002506265664160401,0.022556390977443608,0.007518796992481203,0.0037593984962406013,0.015037593984962405
0.424971363115693,0.003436426116838488,0.004581901489117984,0.47766323024054985,0.0,0.008018327605956471,0.001145475372279496,0.008018327605956471,0.004581901489117984,0.0057273768613974796,0.0057273768613974796,0.002290950744558992,0.025200458190148912,0.010309278350515464,0.002290950744558992,0.016036655211912942
0.4486081370449679,0.0053533190578158455,0.004282655246252677,0.4593147751605996,0.0,0.0053533190578158455,0.0010706638115631692,0.008565310492505354,0.004282655246252677,0.0053533190578158455,0.004282655246252677,0.0032119914346895075,0.02462526766595289,0.007494646680942184,0.0032119914346895075,0.014989293361884369
0.45174129353233833,0.004975124378109453,0.0029850746268656717,0.44975124378109455,0.0009950248756218905,0.006965174129353234,0.0009950248756218905,0.007960199004975124,0.004975124378109453,0.005970149253731343,0.0029850746268656717,0.004975124378109453,0.025870646766169153,0.008955223880597015,0.0029850746268656717,0.01691542288557214
0.46654275092936803,0.0037174721189591076,0.0027881040892193307,0.4349442379182156,0.0018587360594795538,0.006505576208178439,0.0018587360594795538,0.006505576208178439,0.0055762081784386614,0.0055762081784386614,0.0037174721189591076,0.0055762081784386614,0.028810408921933085,0.007434944237918215,0.0037174721189591076,0.01486988847583643
0.47522123893805307,0.0035398230088495575,0.002654867256637168,0.4300884955752212,0.002654867256637168,0.006194690265486726,0.0008849557522123894,0.007079646017699115,0.004424778761061947,0.005309734513274336,0.0017699115044247787,0.006194690265486726,0.02566371681415929,0.007079646017699115,0.004424778761061947,0.016814159292035398
0.4966442953020134,0.003355704697986577,0.0016778523489932886,0.4110738255033557,0.003355704697986577,0.00587248322147651,0.0008389261744966443,0.0041946308724832215,0.00587248322147651,0.00587248322147651,0.0016778523489932886,0.007550335570469799,0.026006711409395974,0.0050335570469798654,0.0050335570469798654,0.015939597315436243
0.4988216810683425,0.003142183817753339,0.0015710919088766694,0.40926944226237233,0.003927729772191673,0.0054988216810683424,0.0007855459544383347,0.002356637863315004,0.004713275726630008,0.006284367635506678,0.002356637863315004,0.007069913589945012,0.02670856245090338,0.0054988216810683424,0.007855459544383346,0.014139827179890024
0.5037707390648567,0.0030165912518853697,0.0030165912518853697,0.40271493212669685,0.005279034690799397,0.006787330316742082,0.0007541478129713424,0.0030165912518853697,0.004524886877828055,0.004524886877828055,0.0015082956259426848,0.008295625942684766,0.029411764705882353,0.0030165912518853697,0.007541478129713424,0.01282051282051282
0.5082437275985663,0.002150537634408602,0.002867383512544803,0.3949820788530466,0.005734767025089606,0.007168458781362007,0.0007168458781362007,0.004301075268817204,0.005734767025089606,0.004301075268817204,0.002150537634408602,0.007885304659498209,0.030107526881720432,0.002867383512544803,0.007168458781362007,0.013620071684587814
0.4975643702157272,0.0027835768963117608,0.003479471120389701,0.4036186499652053,0.0048712595685455815,0.0055671537926235215,0.0048712595685455815,0.0041753653444676405,0.006263048016701462,0.0048712595685455815,0.0041753653444676405,0.009046624913013222,0.026443980514961725,0.0020876826722338203,0.006263048016701462,0.013917884481558803
0.5009810333551341,0.002616088947024199,0.005232177894048398,0.40156965336821454,0.003924133420536298,0.004578155657292348,0.005232177894048398,0.003924133420536298,0.005232177894048398,0.003924133420536298,0.003924133420536298,0.008502289077828646,0.026814911706998037,0.001962066710268149,0.005232177894048398,0.016350555918901243
0.4984207201516109,0.003158559696778269,0.007580543272267846,0.3973468098547063,0.00505369551484523,0.005685407454200884,0.005685407454200884,0.003158559696778269,0.004421983575489577,0.00505369551484523,0.002526847757422615,0.007580543272267846,0.02969046114971573,0.0012634238787113076,0.006317119393556538,0.017056222362602652
0.5003073140749846,0.0043023970497848806,0.006760909649661954,0.39213275968039335,0.0043023970497848806,0.004917025199754148,0.007375537799631223,0.0036877688998156115,0.004917025199754148,0.004917025199754148,0.0018438844499078057,0.009834050399508297,0.03011677934849416,0.001229256299938537,0.007375537799631223,0.015980331899200985
0.4939467312348668,0.003026634382566586,0.006658595641646489,0.3904358353510896,0.006053268765133172,0.006053268765133172,0.006053268765133172,0.006658595641646489,0.0036319612590799033,0.006053268765133172,0.0036319612590799033,0.00847457627118644,0.033292978208232446,0.0018159806295399517,0.00847457627118644,0.015738498789346248
0.5139372822299652,0.0023228803716608595,0.005807200929152149,0.37514518002322883,0.005226480836236934,0.006387921022067364,0.005807200929152149,0.008130081300813009,0.0029036004645760743,0.006968641114982578,0.0029036004645760743,0.006968641114982578,0.032520325203252036,0.0029036004645760743,0.008130081300813009,0.013937282229965157
0.5039863325740319,0.003986332574031891,0.004555808656036446,0.3809794988610478,0.0056947608200455585,0.008542141230068337,0.00683371298405467,0.009111617312072893,0.003416856492027335,0.006264236902050114,0.0028473804100227792,0.006264236902050114,0.033599088838268794,0.0028473804100227792,0.007403189066059226,0.01366742596810934
0.5131578947368421,0.004934210526315789,0.004934210526315789,0.36403508771929827,0.006030701754385965,0.008223684210526315,0.006578947368421052,0.008771929824561403,0.0027412280701754384,0.006578947368421052,0.003289473684210526,0.008223684210526315,0.0356359649122807,0.0027412280701754384,0.008223684210526315,0.015899122807017545
0.5109919571045577,0.005361930294906166,0.006434316353887399,0.36300268096514743,0.006434316353887399,0.009115281501340482,0.005361930294906166,0.009115281501340482,0.0037533512064343165,0.006434316353887399,0.0037533512064343165,0.008579088471849867,0.033780160857908845,0.0032171581769436996,0.009115281501340482,0.015549597855227882
0.5168954593453009,0.004751847940865892,0.007391763463569166,0.3611404435058078,0.007391763463569166,0.006863780359028511,0.005279831045406547,0.00897571277719113,0.004223864836325237,0.005807814149947202,0.003695881731784583,0.00791974656810982,0.03273495248152059,0.003695881731784583,0.00791974656810982,0.015311510031678986
0.5251024590163934,0.0030737704918032786,0.00665983606557377,0.35911885245901637,0.00665983606557377,0.007684426229508197,0.0056352459016393444,0.007172131147540984,0.004098360655737705,0.006147540983606557,0.0025614754098360654,0.007172131147540984,0.031762295081967214,0.0056352459016393444,0.008709016393442622,0.012807377049180328
0.5073047858942066,0.004030226700251889,0.007556675062972292,0.3707808564231738,0.006045340050377834,0.007556675062972292,0.006045340050377834,0.008060453400503778,0.003526448362720403,0.00654911838790932,0.003526448362720403,0.008564231738035265,0.03224181360201511,0.006045340050377834,0.008564231738035265,0.013602015113350126
0.5123395853899309,0.004442250740375123,0.007897334649555774,0.36623889437314905,0.004935834155972359,0.007403751233958539,0.007897334649555774,0.005429417571569595,0.0034550839091806516,0.005429417571569595,0.0029615004935834156,0.00839091806515301,0.035538005923000986,0.005923000987166831,0.00839091806515301,0.01332675222112537
0.5067372473532242,0.004331087584215592,0.008180943214629451,0.3652550529355149,0.0052935514918190565,0.007218479307025986,0.008180943214629451,0.006256015399422521,0.0038498556304138597,0.007218479307025986,0.003368623676612127,0.009143407122232916,0.0370548604427334,0.006256015399422521,0.009624639076034648,0.01203079884504331
0.5031055900621118,0.005255613951266125,0.009555661729574774,0.3621595795508839,0.005733397037744864,0.008122312470138558,0.006688963210702341,0.00716674629718108,0.003822264691829909,0.008122312470138558,0.005733397037744864,0.01098901098901099,0.03774486383182035,0.005733397037744864,0.009077878643096034,0.01098901098901099
0.5146364494806421,0.004721435316336166,0.008970727101038715,0.3593012275731822,0.0056657223796034,0.006137865911237016,0.007082152974504249,0.0066100094428706326,0.0033050047214353163,0.0084985835694051,0.0066100094428706326,0.008970727101038715,0.03588290840415486,0.0066100094428706326,0.0066100094428706326,0.010387157695939566
0.5158878504672897,0.0051401869158878505,0.009345794392523364,0.352803738317757,0.0051401869158878505,0.006074766355140187,0.006074766355140187,0.006074766355140187,0.003738317757009346,0.009813084112149532,0.007009345794392523,0.009813084112149532,0.035981308411214954,0.00794392523364486,0.008411214953271028,0.01074766355140187
0.5099032703823123,0.0055274067250115156,0.009212344541685858,0.3583602026715799,0.0055274067250115156,0.007369875633348687,0.0055274067250115156,0.006448641179180101,0.004606172270842929,0.011054813450023031,0.006909258406264394,0.009672961768770152,0.03454629203132197,0.00783049286043298,0.007369875633348687,0.010133578995854445
0.5158912943344081,0.0055274067250115156,0.010133578995854445,0.35099032703823124,0.005988023952095809,0.006909258406264394,0.006448641179180101,0.006448641179180101,0.0032243205895900505,0.01243666513127591,0.00783049286043298,0.011054813450023031,0.035006909258406264,0.007369875633348687,0.005988023952095809,0.008751727314601566
0.5192569098323516,0.006343452650657001,0.008608971454463071,0.3475305845038514,0.005437245129134572,0.006343452650657001,0.0058903488898957865,0.006796556411418215,0.0031717263253285004,0.013140009062075216,0.007249660172179429,0.011327594019030359,0.03352967829632986,0.008608971454463071,0.006343452650657001,0.01042138649750793
0.5223413762287757,0.006702412868632708,0.008936550491510277,0.34226988382484363,0.0071492403932082215,0.00580875781948168,0.006702412868632708,0.0071492403932082215,0.002680965147453083,0.014745308310991957,0.004915102770330653,0.013404825737265416,0.03038427167113494,0.008489722966934763,0.006702412868632708,0.01161751563896336
0.5166666666666667,0.0076576576576576575,0.008558558558558558,0.34054054054054056,0.008108108108108109,0.0045045045045045045,0.006756756756756757,0.0076576576576576575,0.002702702702702703,0.014864864864864866,0.004954954954954955,0.014414414414414415,0.03288288288288288,0.009009009009009009,0.006756756756756757,0.013963963963963964
0.5235531628532974,0.006280843427545985,0.00762673844773441,0.33467922835352176,0.008972633467922835,0.00762673844773441,0.005383580080753701,0.00762673844773441,0.004486316733961417,0.01525347689546882,0.004037685060565276,0.013458950201884253,0.03275011215791835,0.008075370121130552,0.006280843427545985,0.013907581875280395
0.5203359858532273,0.006631299734748011,0.008399646330680813,0.3364279398762157,0.009725906277630416,0.007515473032714412,0.004420866489832007,0.007957559681697613,0.0035366931918656055,0.014588859416445624,0.004420866489832007,0.011936339522546418,0.03536693191865606,0.007515473032714412,0.00618921308576481,0.015030946065428824
0.5184198845983133,0.006213936972924989,0.005770084332001775,0.33777185974256546,0.00887705281846427,0.007101642254771416,0.005770084332001775,0.008433200177541057,0.003550821127385708,0.016422547714158898,0.004882379050155349,0.012427873945849977,0.03595206391478029,0.007989347536617843,0.006657789613848202,0.013759431868619618
0.5219902265659707,0.006219458018658374,0.0053309640159928924,0.33140826299422477,0.009773434029320302,0.007107952021323856,0.00444247001332741,0.007996446023989337,0.003553976010661928,0.016881386050644157,0.00444247001332741,0.012438916037316748,0.03864948911594847,0.00888494002665482,0.007107952021323856,0.013771657041314972
0.5140311804008909,0.005790645879732739,0.0062360801781737195,0.33273942093541203,0.009354120267260579,0.0071269487750556795,0.004008908685968819,0.0075723830734966595,0.004008908685968819,0.016926503340757237,0.004454342984409799,0.014699331848552339,0.0400890868596882,0.009354120267260579,0.0075723830734966595,0.016035634743875277
0.52007136485281,0.0053523639607493305,0.007136485280999108,0.3238180196253345,0.00936663693131133,0.008028545941123996,0.0044603033006244425,0.00847457627118644,0.0044603033006244425,0.016057091882247992,0.004906333630686887,0.014272970561998216,0.040588760035682424,0.010258697591436218,0.008028545941123996,0.014719000892060661
0.5080935251798561,0.006744604316546762,0.006744604316546762,0.33093525179856115,0.008992805755395683,0.007643884892086331,0.0044964028776978415,0.007643884892086331,0.0044964028776978415,0.015737410071942445,0.0049460431654676255,0.015287769784172662,0.044064748201438846,0.010341726618705036,0.008093525179856115,0.015737410071942445
0.5057829181494662,0.005782918149466192,0.0071174377224199285,0.3349644128113879,0.008896797153024912,0.00800711743772242,0.0026690391459074734,0.008896797153024912,0.004448398576512456,0.01601423487544484,0.005782918149466192,0.013345195729537367,0.04314946619217082,0.01112099644128114,0.008451957295373666,0.015569395017793594
0.5048629531388152,0.005747126436781609,0.007515473032714412,0.3306808134394341,0.009283819628647215,0.007515473032714412,0.002652519893899204,0.009283819628647215,0.004420866489832007,0.015473032714412025,0.005305039787798408,0.01282051282051282,0.046419098143236075,0.011052166224580018,0.010167992926613616,0.016799292661361626
0.49398127507802053,0.00490414623272403,0.006687472135532769,0.3343736067766384,0.008470798038341507,0.006687472135532769,0.003120820329915292,0.011145786892554615,0.0057958091841284,0.016941596076683014,0.00490414623272403,0.01560410164957646,0.04681230494872938,0.012929112795363353,0.008916629514043692,0.018724921979491754
0.5002213368747234,0.005312084993359893,0.00796812749003984,0.3253652058432935,0.00796812749003984,0.007082779991146525,0.0035413899955732625,0.009738822487826471,0.006640106241699867,0.019034971226206288,0.004869411243913236,0.016821602478972998,0.048251438689685705,0.01239486498450642,0.00796812749003984,0.016821602478972998
0.4935755427558706,0.006202924235711121,0.00664599025254763,0.331856446610545,0.007089056269384138,0.007975188303057155,0.0031014621178555605,0.010633584404076208,0.006202924235711121,0.01993797075764289,0.004873726185201595,0.017279574656623838,0.047851129818342934,0.01284891448825875,0.007089056269384138,0.016836508639787327
0.4986559139784946,0.005824372759856631,0.005824372759856631,0.3275089605734767,0.006720430107526882,0.008512544802867384,0.0031362007168458782,0.00985663082437276,0.008064516129032258,0.021505376344086023,0.004480286738351254,0.01478494623655914,0.04883512544802868,0.012544802867383513,0.007168458781362007,0.016577060931899642
0.49261744966442955,0.006263982102908278,0.0058165548098434005,0.3302013422818792,0.006263982102908278,0.009395973154362415,0.0035794183445190158,0.01029082774049217,0.008053691275167786,0.02058165548098434,0.004026845637583893,0.014317673378076063,0.05011185682326622,0.012975391498881432,0.008948545861297539,0.016554809843400447
0.5002219263204616,0.005770084332001775,0.004438526409232135,0.3244562805148691,0.007545494895694629,0.009320905459387484,0.003550821127385708,0.010652463382157125,0.007989347536617843,0.022636484687083888,0.003550821127385708,0.015534842432312472,0.045272969374167776,0.012427873945849977,0.009320905459387484,0.017310252996005325
0.5019885108263368,0.004860804242156429,0.0061864781263809105,0.32655766681396375,0.007512152010605391,0.007954043305346884,0.003977021652673442,0.010163499779054353,0.007954043305346884,0.02342023862129916,0.003535130357931949,0.0136986301369863,0.04418912947414936,0.013256738842244807,0.008395934600088379,0.016349977905435263
0.5046895935685574,0.0044662795891022775,0.006699419383653417,0.3264850379633765,0.0080393032603841,0.008932559178204555,0.004912907548012505,0.01027244305493524,0.006699419383653417,0.022331397945511387,0.0026797677534613666,0.013845466726217061,0.04108977221974096,0.013398838767306834,0.009379187137114784,0.0160786065207682
0.5121735281097831,0.004426737494466578,0.00619743249225321,0.3231518370960602,0.008410801239486499,0.00796812749003984,0.00398406374501992,0.01018149623727313,0.00619743249225321,0.021691013722886232,0.0026560424966799467,0.013280212483399735,0.041168658698539175,0.014608233731739707,0.008410801239486499,0.015493581230633024
0.5068736141906873,0.004878048780487805,0.006208425720620843,0.3259423503325942,0.008869179600886918,0.007982261640798226,0.004878048780487805,0.012416851441241685,0.005764966740576497,0.01818181818181818,0.0026607538802660754,0.014190687361419069,0.04434589800443459,0.014190687361419069,0.008425720620842573,0.014190687361419069
0.4991111111111111,0.004,0.006666666666666667,0.3257777777777778,0.009333333333333334,0.008888888888888889,0.005333333333333333,0.011111111111111112,0.006222222222222222,0.020444444444444446,0.003111111111111111,0.014666666666666666,0.04711111111111111,0.014666666666666666,0.009333333333333334,0.014222222222222223
0.5015479876160991,0.0035382574082264487,0.006191950464396285,0.32419283502874835,0.008403361344537815,0.009287925696594427,0.006634232640424591,0.011499336576735958,0.006634232640424591,0.017691287041132243,0.003980539584254755,0.015037593984962405,0.04820875718708536,0.014153029632905795,0.008845643520566122,0.014153029632905795
0.5026501766784452,0.0035335689045936395,0.006183745583038869,0.31890459363957596,0.008392226148409895,0.008392226148409895,0.006183745583038869,0.012809187279151944,0.0066254416961130744,0.017226148409893994,0.004858657243816254,0.015901060070671377,0.04946996466431095,0.015017667844522967,0.008392226148409895,0.015459363957597174
0.5015702108568865,0.005383580080753701,0.005832211754149843,0.32077164647824136,0.00762673844773441,0.008972633467922835,0.006280843427545985,0.013458950201884253,0.007178106774338268,0.017496635262449527,0.004037685060565276,0.01570210856886496,0.05024674742036788,0.013907581875280395,0.008524001794526694,0.01301031852848811
0.5,0.005314437555358724,0.005314437555358724,0.3259521700620018,0.007528786536758193,0.007971656333038087,0.0070859167404783,0.012843224092116917,0.0070859167404783,0.01550044286979628,0.005314437555358724,0.016386182462356066,0.05093002657218778,0.012843224092116917,0.0070859167404783,0.012843224092116917
0.4995547640249332,0.00578806767586821,0.005342831700801425,0.323686553873553,0.007569011576135352,0.008014247551202136,0.005342831700801425,0.013802315227070348,0.007569011576135352,0.013802315227070348,0.006233303650934996,0.017809439002671415,0.053428317008014245,0.01157613535173642,0.006678539626001781,0.013802315227070348
0.5006729475100942,0.005383580080753701,0.005383580080753701,0.3212202781516375,0.006280843427545985,0.008524001794526694,0.00493494840735756,0.013458950201884253,0.00762673844773441,0.014356213548676536,0.006280843427545985,0.01794526693584567,0.054284432480933155,0.011664423508299685,0.008972633467922835,0.01301031852848811
0.4953354064860062,0.0053309640159928924,0.006219458018658374,0.3265215459795646,0.006219458018658374,0.007996446023989337,0.004886717014660151,0.01332741003998223,0.007107952021323856,0.01332741003998223,0.007107952021323856,0.016881386050644157,0.056863616170590846,0.011994669035984007,0.007107952021323856,0.013771657041314972
0.4977836879432624,0.0062056737588652485,0.0062056737588652485,0.31870567375886527,0.006648936170212766,0.008421985815602837,0.004875886524822695,0.01374113475177305,0.0070921985815602835,0.015957446808510637,0.006648936170212766,0.017287234042553192,0.05452127659574468,0.014184397163120567,0.008865248226950355,0.012854609929078014
0.4973544973544973,0.005291005291005291,0.005731922398589065,0.31746031746031744,0.007495590828924162,0.00837742504409171,0.004409171075837742,0.015432098765432098,0.007054673721340388,0.015432098765432098,0.005291005291005291,0.017195767195767195,0.056878306878306875,0.01455026455026455,0.00837742504409171,0.013668430335097001
0.5006553079947575,0.005679335954565312,0.005679335954565312,0.31716906946264745,0.007426823940585408,0.010484927916120577,0.00436871996505024,0.014853647881170816,0.007863695937090432,0.01616426387068589,0.004805591961555264,0.015727391874180863,0.0563564875491481,0.013543031891655745,0.007863695937090432,0.011358671909130624
0.48984098939929327,0.006183745583038869,0.006183745583038869,0.31890459363957596,0.007950530035335688,0.009275618374558304,0.00441696113074205,0.015017667844522967,0.0088339222614841,0.017226148409893994,0.00441696113074205,0.015901060070671377,0.05962897526501767,0.015017667844522967,0.0088339222614841,0.012367491166077738
0.488898756660746,0.006216696269982238,0.005772646536412078,0.3174955595026643,0.007104795737122558,0.011101243339253997,0.005772646536412078,0.014653641207815276,0.008436944937833037,0.015985790408525755,0.004884547069271759,0.016429840142095916,0.06172291296625222,0.014653641207815276,0.007992895204262877,0.012877442273534635
0.48257372654155495,0.006255585344057194,0.004915102770330653,0.32082216264521896,0.006255585344057194,0.011170688114387846,0.004915102770330653,0.01653261840929401,0.009830205540661306,0.0160857908847185,0.00580875781948168,0.01653261840929401,0.06300268096514745,0.01385165326184093,0.010277033065236819,0.011170688114387846
0.4915405164737311,0.006233303650934996,0.004452359750667854,0.3138913624220837,0.005342831700801425,0.011130899376669634,0.004452359750667854,0.016028495102404273,0.010240427426536063,0.017809439002671415,0.00578806767586821,0.014692787177203919,0.06144256455921639,0.01647373107747106,0.009349955476402494,0.011130899376669634
0.4911660777385159,0.0066254416961130744,0.004858657243816254,0.30742049469964666,0.004858657243816254,0.010159010600706713,0.005742049469964664,0.016342756183745585,0.009717314487632508,0.018109540636042403,0.006183745583038869,0.014575971731448763,0.06404593639575971,0.018992932862190812,0.0088339222614841,0.012367491166077738
0.49140590568532394,0.007933010136624064,0.00617011899515205,0.3098281181137065,0.004407227853680035,0.010136624063464082,0.006610841780520053,0.017188188629352136,0.009255178492728075,0.015866020273248127,0.00617011899515205,0.014103129131776113,0.0639048038783605,0.015866020273248127,0.008373732921992068,0.012780960775672102
0.4867139061116032,0.00841452612931798,0.006200177147918512,0.3100088573959256,0.00487156775907883,0.010628875110717449,0.007528786536758193,0.017271922054915855,0.008857395925597875,0.016386182462356066,0.00487156775907883,0.01550044286979628,0.06687333923826395,0.01550044286979628,0.007528786536758193,0.012843224092116917
0.49052446011458795,0.009695901278096077,0.008373732921992068,0.3098281181137065,0.004407227853680035,0.011458792419568091,0.00749228735125606,0.01630674305861613,0.007051564565888057,0.015425297487880123,0.005288673424416042,0.014543851917144116,0.06478624944909651,0.014103129131776113,0.007933010136624064,0.012780960775672102
0.48088888888888887,0.009777777777777778,0.008888888888888889,0.31377777777777777,0.005333333333333333,0.011111111111111112,0.0071111111111111115,0.016,0.006222222222222222,0.016,0.006222222222222222,0.016,0.06844444444444445,0.013777777777777778,0.008444444444444444,0.012
0.48021108179419525,0.008355321020228672,0.009674582233948988,0.3087071240105541,0.005277044854881266,0.010993843447669306,0.006596306068601583,0.0158311345646438,0.007475813544415127,0.0158311345646438,0.006596306068601583,0.015391380826737027,0.07299912049252419,0.015391380826737027,0.0079155672823219,0.012752858399296393
0.47518998658918193,0.008046490835940992,0.008940545373267769,0.30800178810907464,0.0049172999552972736,0.012963790791238265,0.007152436298614216,0.015645954403218598,0.007599463567277604,0.016540008940545373,0.006258381761287439,0.016092981671881983,0.07465355386678588,0.016987036209208762,0.008940545373267769,0.012069736253911488
0.48104693140794225,0.007220216606498195,0.00947653429602888,0.3037003610108303,0.005415162454873646,0.013086642599277979,0.007220216606498195,0.014891696750902527,0.007220216606498195,0.016245487364620937,0.005415162454873646,0.0157942238267148,0.07671480144404332,0.016245487364620937,0.00947653429602888,0.010830324909747292
0.4846734784540204,0.007107952021323856,0.007552199022656597,0.3034207019102621,0.005775211017325633,0.013771657041314972,0.008440693025322079,0.015104398045313194,0.007996446023989337,0.016437139049311416,0.005775211017325633,0.015548645046645935,0.07552199022656597,0.016437139049311416,0.007996446023989337,0.008440693025322079
0.4930957683741648,0.0071269487750556795,0.0066815144766146995,0.2975501113585746,0.005345211581291759,0.012917594654788419,0.008017817371937639,0.014253897550111359,0.0075723830734966595,0.01648106904231626,0.005790645879732739,0.014253897550111359,0.07616926503340757,0.018708240534521157,0.0071269487750556795,0.008908685968819599
0.48374164810690423,0.0071269487750556795,0.008908685968819599,0.30334075723830733,0.0062360801781737195,0.013363028953229399,0.0066815144766146995,0.015590200445434299,0.008017817371937639,0.01737193763919822,0.005790645879732739,0.013808463251670379,0.07438752783964366,0.017817371937639197,0.0066815144766146995,0.011135857461024499
0.47876106194690266,0.00752212389380531,0.008407079646017699,0.3048672566371681,0.00752212389380531,0.012831858407079646,0.007079646017699115,0.016371681415929203,0.00752212389380531,0.01902654867256637,0.006194690265486726,0.011504424778761062,0.0747787610619469,0.018141592920353982,0.007964601769911504,0.011504424778761062
0.48158011540168666,0.007101642254771416,0.009764758100310697,0.30048823790501555,0.007989347536617843,0.014203284509542832,0.006657789613848202,0.015534842432312472,0.006657789613848202,0.020417221482467822,0.006213936972924989,0.010652463382157125,0.0754549489569463,0.019529516200621395,0.007545494895694629,0.010208610741233911
0.47674418604651164,0.007602862254025045,0.010286225402504472,0.3023255813953488,0.008944543828264758,0.013416815742397137,0.005366726296958855,0.016100178890876567,0.006261180679785331,0.01967799642218247,0.007155635062611807,0.010286225402504472,0.07871198568872988,0.01967799642218247,0.007602862254025045,0.009838998211091235
0.4735673034207019,0.008440693025322079,0.00888494002665482,0.3047534429142603,0.007996446023989337,0.015992892047978675,0.004886717014660151,0.015992892047978675,0.007552199022656597,0.02087960906263883,0.007107952021323856,0.010661928031985785,0.07685473123056419,0.018658374055975122,0.007996446023989337,0.009773434029320302
0.47370766488413546,0.008912655971479501,0.00980392156862745,0.3052584670231729,0.008467023172905526,0.017379679144385027,0.004901960784313725,0.015151515151515152,0.0071301247771836,0.020053475935828877,0.008021390374331552,0.012923351158645277,0.07130124777183601,0.017379679144385027,0.008467023172905526,0.011140819964349376
0.4750785810507409,0.009429726088908847,0.009878760664571173,0.3089357880556803,0.007633587786259542,0.015267175572519083,0.004939380332285586,0.015267175572519083,0.005388414907947912,0.018410417602155366,0.00898069151324652,0.012123933542882801,0.07004939380332285,0.018859452177817693,0.007633587786259542,0.012123933542882801
0.47139689578713967,0.009312638580931265,0.00753880266075388,0.3161862527716186,0.006208425720620843,0.014190687361419069,0.004878048780487805,0.012860310421286032,0.004434589800443459,0.01818181818181818,0.008869179600886918,0.013303769401330377,0.07272727272727272,0.01862527716186253,0.007982261640798226,0.013303769401330377
0.47446236559139787,0.00985663082437276,0.008512544802867384,0.3086917562724014,0.005824372759856631,0.012544802867383513,0.00492831541218638,0.013440860215053764,0.0031362007168458782,0.01881720430107527,0.007168458781362007,0.015232974910394265,0.07571684587813621,0.020161290322580645,0.008064516129032258,0.013440860215053764
0.4734278122232064,0.011514614703277236,0.007971656333038087,0.31089459698848537,0.005757307351638618,0.011514614703277236,0.005757307351638618,0.013286093888396812,0.002657218777679362,0.01904340124003543,0.0070859167404783,0.015943312666076175,0.07484499557130203,0.01948627103631532,0.007971656333038087,0.012843224092116917
0.4775055679287305,0.012026726057906459,0.0071269487750556795,0.3091314031180401,0.004008908685968819,0.011135857461024499,0.0071269487750556795,0.012472160356347439,0.0022271714922048997,0.01826280623608018,0.0075723830734966595,0.01648106904231626,0.07616926503340757,0.019599109131403118,0.0062360801781737195,0.012917594654788419
0.47856827220503756,0.01104728236853734,0.007512152010605391,0.30799823243482105,0.004418912947414936,0.012814847547503314,0.0061864781263809105,0.011489173663278833,0.0026513477684489617,0.01855943437914273,0.008395934600088379,0.016349977905435263,0.0760053026955369,0.019885108263367212,0.0057445868316394165,0.012372956252761821
0.48156374944469127,0.011106175033318524,0.007996446023989337,0.3043091959129276,0.003998223011994669,0.011106175033318524,0.006219458018658374,0.01332741003998223,0.003109729009329187,0.01821412705464238,0.00888494002665482,0.015992892047978675,0.07552199022656597,0.019546868058640605,0.005775211017325633,0.01332741003998223
0.4745308310991957,0.008936550491510277,0.008489722966934763,0.3065236818588025,0.004468275245755138,0.010723860589812333,0.005361930294906166,0.01519213583556747,0.0035746201966041107,0.01876675603217158,0.008936550491510277,0.01519213583556747,0.08087578194816801,0.01966041108132261,0.006255585344057194,0.012511170688114389
0.47198941332157035,0.0070577856197618,0.00882223202470225,0.31010145566828407,0.004411116012351125,0.009263343625937363,0.0061755624172915745,0.015438906043228937,0.0030877812086457872,0.01808557565063961,0.008381120423467137,0.014997794441993825,0.08425231583590649,0.018967798853109837,0.0061755624172915745,0.012792236435818262
0.47108167770419423,0.005739514348785872,0.0075055187637969095,0.31037527593818987,0.004415011037527594,0.010154525386313467,0.005739514348785872,0.01545253863134658,0.0030905077262693157,0.019426048565121413,0.008388520971302429,0.01545253863134658,0.08211920529801324,0.019867549668874173,0.006181015452538631,0.015011037527593819
0.47153024911032027,0.006227758007117438,0.006227758007117438,0.30916370106761565,0.00400355871886121,0.008451957295373666,0.0066725978647686835,0.013790035587188613,0.0035587188612099642,0.018683274021352312,0.0071174377224199285,0.015569395017793594,0.08585409252669039,0.02179715302491103,0.005782918149466192,0.015569395017793594
0.4715629198387819,0.006717420510523959,0.007165248544558889,0.30676220331392745,0.0044782803403493054,0.009404388714733543,0.006717420510523959,0.014778325123152709,0.0035826242722794446,0.017465293327362293,0.006717420510523959,0.014330497089117778,0.08822212270488132,0.019256605463502014,0.006269592476489028,0.016569637259292433
0.474034620505992,0.006657789613848202,0.007101642254771416,0.3044829116733245,0.005326231691078562,0.009320905459387484,0.006657789613848202,0.015090989791389259,0.003550821127385708,0.01775410563692854,0.006657789613848202,0.013759431868619618,0.08788282290279627,0.019973368841544607,0.006657789613848202,0.015090989791389259
0.46322869955156953,0.0053811659192825115,0.007174887892376682,0.30807174887892375,0.0053811659192825115,0.008520179372197309,0.007623318385650224,0.017040358744394617,0.003587443946188341,0.01748878923766816,0.006726457399103139,0.014349775784753363,0.09237668161434978,0.02242152466367713,0.006278026905829596,0.014349775784753363
0.46260017809439,0.006233303650934996,0.007123775601068566,0.3076580587711487,0.004897595725734639,0.008459483526268923,0.007569011576135352,0.015583259127337488,0.004007123775601068,0.017809439002671415,0.008014247551202136,0.013802315227070348,0.09260908281389137,0.02315227070347284,0.007123775601068566,0.013357079252003561
0.46938775510204084,0.0048802129547471165,0.00709849157054126,0.3039041703637977,0.0048802129547471165,0.008429458740017746,0.00709849157054126,0.01685891748003549,0.0048802129547471165,0.01730257320319432,0.007985803016858917,0.015084294587400177,0.09139307897071872,0.021739130434782608,0.006654835847382431,0.012422360248447204
0.4614027348919277,0.00529333921482135,0.007940008822232024,0.30966034406704895,0.004852227613586237,0.009263343625937363,0.0066166740185266875,0.015880017644464048,0.004852227613586237,0.015880017644464048,0.007940008822232024,0.012351124834583149,0.09483899426554919,0.022055580061755623,0.007940008822232024,0.013233348037053375
