C_R,C_A,C_S,C_N,D_R,D_A,D_S,D_N,Oc_R,Oc_A,Oc_S,Oc_N,Od_R,Od_A,Od_S,Od_N
0.0,0.0,0.0,0.0,0.0,0.0,0.0,0.0,0.0,0.0,0.0,1.0,0.0,0.0,0.0,0.0
0.0,0.0,0.0,0.0,0.0,0.0,0.0,0.0,0.0,0.0,0.6666666666666666,0.3333333333333333,0.0,0.0,0.0,0.0
0.3333333333333333,0.0,0.0,0.0,0.0,0.0,0.0,0.0,0.0,0.0,0.3333333333333333,0.3333333333333333,0.0,0.0,0.0,0.0
0.25,0.0,0.0,0.0,0.16666666666666666,0.0,0.0,0.0,0.0,0.0,0.3333333333333333,0.25,0.0,0.0,0.0,0.0
0.35294117647058826,0.0,0.0,0.0,0.11764705882352941,0.0,0.11764705882352941,0.0,0.0,0.0,0.23529411764705882,0.17647058823529413,0.0,0.0,0.0,0.0
0.34615384615384615,0.0,0.0,0.0,0.07692307692307693,0.07692307692307693,0.07692307692307693,0.0,0.0,0.0,0.2692307692307692,0.15384615384615385,0.0,0.0,0.0,0.0
0.3055555555555556,0.0,0.0,0.08333333333333333,0.05555555555555555,0.05555555555555555,0.1111111111111111,0.0,0.0,0.0,0.2222222222222222,0.16666666666666666,0.0,0.0,0.0,0.0
0.2608695652173913,0.0,0.0,0.08695652173913043,0.06521739130434782,0.08695652173913043,0.08695652173913043,0.0,0.043478260869565216,0.0,0.1956521739130435,0.17391304347826086,0.0,0.0,0.0,0.0
0.25,0.0,0.0,0.0625,0.109375,0.046875,0.09375,0.0,0.046875,0.0,0.1875,0.203125,0.0,0.0,0.0,0.0
0.23529411764705882,0.0,0.0,0.07058823529411765,0.12941176470588237,0.047058823529411764,0.08235294117647059,0.0,0.047058823529411764,0.0,0.16470588235294117,0.2,0.0,0.0,0.023529411764705882,0.0
0.24545454545454545,0.0,0.0,0.06363636363636363,0.13636363636363635,0.07272727272727272,0.06363636363636363,0.01818181818181818,0.05454545454545454,0.0,0.14545454545454545,0.18181818181818182,0.0,0.0,0.01818181818181818,0.0
0.26573426573426573,0.006993006993006993,0.0,0.06993006993006994,0.13986013986013987,0.07692307692307693,0.06293706293706294,0.02097902097902098,0.055944055944055944,0.0,0.11188811188811189,0.13986013986013987,0.0,0.013986013986013986,0.027972027972027972,0.006993006993006993
0.2542372881355932,0.02824858757062147,0.0,0.06779661016949153,0.12429378531073447,0.0847457627118644,0.06779661016949153,0.03389830508474576,0.05649717514124294,0.0,0.0903954802259887,0.14124293785310735,0.0,0.01694915254237288,0.02824858757062147,0.005649717514124294
0.2616822429906542,0.03271028037383177,0.0,0.0794392523364486,0.102803738317757,0.0794392523364486,0.0794392523364486,0.03271028037383177,0.06542056074766354,0.0,0.07476635514018691,0.14018691588785046,0.004672897196261682,0.014018691588785047,0.028037383177570093,0.004672897196261682
0.2631578947368421,0.04048582995951417,0.0,0.08097165991902834,0.10931174089068826,0.07692307692307693,0.0931174089068826,0.032388663967611336,0.06477732793522267,0.0,0.07692307692307693,0.10931174089068826,0.008097165991902834,0.016194331983805668,0.024291497975708502,0.004048582995951417
0.2465753424657534,0.0547945205479452,0.0,0.0958904109589041,0.09931506849315068,0.0684931506849315,0.08904109589041095,0.030821917808219176,0.0547945205479452,0.0,0.0684931506849315,0.11301369863013698,0.010273972602739725,0.0136986301369863,0.04794520547945205,0.00684931506849315
0.239067055393586,0.04956268221574344,0.0029154518950437317,0.09329446064139942,0.09912536443148688,0.06705539358600583,0.08746355685131195,0.03206997084548105,0.05830903790087463,0.0,0.0728862973760933,0.11078717201166181,0.0058309037900874635,0.008746355685131196,0.06705539358600583,0.0058309037900874635
0.21588089330024815,0.06947890818858561,0.004962779156327543,0.10918114143920596,0.09429280397022333,0.07692307692307693,0.0794044665012407,0.034739454094292806,0.04962779156327544,0.0,0.062034739454094295,0.10421836228287841,0.007444168734491315,0.007444168734491315,0.07444168734491315,0.009925558312655087
0.22083333333333333,0.08125,0.00625,0.10625,0.09375,0.06875,0.09375,0.04375,0.04375,0.0,0.06041666666666667,0.10208333333333333,0.010416666666666666,0.004166666666666667,0.058333333333333334,0.00625
0.22382671480144403,0.09205776173285199,0.007220216606498195,0.10469314079422383,0.09025270758122744,0.061371841155234655,0.09566787003610108,0.032490974729241874,0.04332129963898917,0.0018050541516245488,0.06498194945848375,0.10830324909747292,0.007220216606498195,0.0018050541516245488,0.05956678700361011,0.005415162454873646
0.2272,0.0896,0.008,0.0976,0.0912,0.0656,0.096,0.0336,0.0416,0.0016,0.0672,0.0992,0.0112,0.0016,0.064,0.0048
0.21739130434782608,0.08985507246376812,0.010144927536231883,0.10579710144927536,0.09855072463768116,0.06521739130434782,0.09420289855072464,0.04492753623188406,0.0391304347826087,0.0014492753623188406,0.06376811594202898,0.07971014492753623,0.015942028985507246,0.0,0.06666666666666667,0.007246376811594203
0.22095959595959597,0.09343434343434344,0.015151515151515152,0.10732323232323232,0.08964646464646464,0.059343434343434344,0.09343434343434344,0.03787878787878788,0.04924242424242424,0.0025252525252525255,0.059343434343434344,0.08207070707070707,0.021464646464646464,0.0,0.06060606060606061,0.007575757575757576
0.2190366972477064,0.09518348623853211,0.0194954128440367,0.10435779816513761,0.08944954128440367,0.06077981651376147,0.09403669724770643,0.040137614678899085,0.05389908256880734,0.0022935779816513763,0.05733944954128441,0.0779816513761468,0.021788990825688075,0.0,0.05963302752293578,0.0045871559633027525
0.2201058201058201,0.11005291005291006,0.015873015873015872,0.10582010582010581,0.09206349206349207,0.0582010582010582,0.08994708994708994,0.0380952380952381,0.050793650793650794,0.005291005291005291,0.056084656084656084,0.06878306878306878,0.02433862433862434,0.0,0.056084656084656084,0.008465608465608466
0.2222222222222222,0.10619469026548672,0.01966568338249754,0.10914454277286136,0.09144542772861357,0.05309734513274336,0.09537856440511308,0.03736479842674533,0.049164208456243856,0.003933136676499509,0.05211406096361849,0.0776794493608653,0.02753195673549656,0.0009832841691248771,0.04523107177974434,0.008849557522123894
0.21814848762603117,0.11090742438130156,0.01833180568285976,0.10540788267644363,0.09165902841429881,0.054078826764436295,0.08065994500458296,0.034830430797433545,0.05224564619615032,0.005499541704857928,0.05316223648029331,0.07424381301558204,0.035747021081576534,0.002749770852428964,0.051329055912007336,0.010999083409715857
0.20512820512820512,0.11052166224580018,0.01768346595932803,0.1184792219274978,0.09106984969053934,0.053934571175950484,0.07957559681697612,0.027409372236958444,0.05305039787798409,0.009725906277630416,0.060123784261715295,0.07250221043324491,0.040671971706454466,0.0035366931918656055,0.046861184792219276,0.009725906277630416
0.2131979695431472,0.12351945854483926,0.01692047377326565,0.11082910321489002,0.08460236886632826,0.05668358714043993,0.08037225042301184,0.02284263959390863,0.043993231810490696,0.009306260575296108,0.05922165820642978,0.07021996615905245,0.047377326565143825,0.00338409475465313,0.047377326565143825,0.01015228426395939
0.21364009860312244,0.1265406737880033,0.014790468364831553,0.1076417419884963,0.08052588331963846,0.04437140509449466,0.08463434675431389,0.025472473294987676,0.05834018077239113,0.007395234182415777,0.05587510271158587,0.06820049301561217,0.049301561216105176,0.004108463434675432,0.04683648315529992,0.012325390304026294
0.211433046202036,0.1284259984338293,0.01644479248238058,0.11119812059514488,0.08065779169929523,0.04541895066562255,0.08065779169929523,0.025841816758026624,0.047768206734534066,0.008613938919342208,0.05403288958496476,0.06264682850430697,0.06342991386061081,0.004698512137823023,0.047768206734534066,0.01096319498825372
0.20956719817767655,0.1275626423690205,0.015186028853454821,0.12148823082763857,0.07972665148063782,0.04935459377372817,0.07668944570994685,0.019741837509491267,0.0425208807896735,0.009111617312072893,0.05315110098709187,0.05998481397114654,0.07137433561123765,0.005315110098709187,0.04403948367501898,0.015186028853454821
0.21635687732342007,0.12490706319702602,0.015613382899628252,0.12788104089219332,0.07509293680297398,0.04758364312267658,0.07360594795539034,0.020817843866171002,0.0379182156133829,0.011895910780669145,0.05055762081784387,0.05947955390334572,0.07434944237918216,0.0044609665427509295,0.04684014869888476,0.012639405204460967
0.2136627906976744,0.12863372093023256,0.013808139534883721,0.13517441860465115,0.07049418604651163,0.04796511627906977,0.06831395348837209,0.020348837209302327,0.03924418604651163,0.013808139534883721,0.05377906976744186,0.055232558139534885,0.07630813953488372,0.005087209302325582,0.046511627906976744,0.011627906976744186
0.21642857142857144,0.12214285714285714,0.014285714285714285,0.13214285714285715,0.07142857142857142,0.05142857142857143,0.06642857142857143,0.020714285714285713,0.04285714285714286,0.012857142857142857,0.05357142857142857,0.05714285714285714,0.07642857142857143,0.005,0.04642857142857143,0.010714285714285714
0.22018348623853212,0.12279463655610445,0.012702893436838392,0.12985179957657023,0.07268877911079746,0.051517290049400144,0.06280875088214538,0.02117148906139732,0.04022582921665491,0.015525758645024701,0.056457304163726185,0.04940014114326041,0.08045165843330981,0.004234297812279464,0.043754410726887794,0.016231474947071278
0.2214435879467414,0.1289418360196216,0.011913104414856343,0.1296426068675543,0.07147862648913805,0.0539593552908199,0.06517168885774352,0.023826208829712685,0.04414856341976174,0.0161177295024527,0.051156271899089,0.04555010511562719,0.07708479327259986,0.00350385423966363,0.035739313244569026,0.020322354590049056
0.22746478873239437,0.13028169014084506,0.01267605633802817,0.13380281690140844,0.07464788732394366,0.05070422535211268,0.06056338028169014,0.02676056338028169,0.03943661971830986,0.01619718309859155,0.047183098591549295,0.03943661971830986,0.08380281690140845,0.0035211267605633804,0.035211267605633804,0.018309859154929577
0.23492286115007013,0.11991584852734923,0.014726507713884993,0.14375876577840113,0.06872370266479663,0.052594670406732116,0.061711079943899017,0.028050490883590462,0.0364656381486676,0.015427769985974754,0.043478260869565216,0.03716690042075736,0.08274894810659186,0.004207573632538569,0.03506311360448808,0.021037868162692847
0.24930167597765363,0.10963687150837989,0.011871508379888268,0.14175977653631286,0.06354748603351955,0.05377094972067039,0.06005586592178771,0.030726256983240222,0.034916201117318434,0.015363128491620111,0.0467877094972067,0.0335195530726257,0.09008379888268156,0.0034916201117318434,0.037011173184357544,0.018156424581005588
0.24435318275154005,0.11293634496919917,0.010951403148528405,0.1430527036276523,0.06091718001368925,0.04722792607802875,0.059548254620123205,0.02943189596167009,0.03490759753593429,0.01574264202600958,0.043121149897330596,0.043121149897330596,0.09308692676249145,0.004791238877481177,0.03696098562628337,0.019849418206707735
0.24792243767313019,0.10803324099722991,0.0110803324099723,0.15443213296398892,0.05124653739612189,0.045706371191135735,0.05678670360110803,0.029085872576177285,0.03393351800554017,0.015235457063711912,0.04362880886426593,0.038781163434903045,0.10249307479224377,0.00554016620498615,0.03462603878116344,0.02146814404432133
0.25223983459682975,0.09786354238456237,0.01171605789110958,0.14610613370089592,0.048242591316333565,0.0461750516884907,0.057201929703652656,0.028256374913852515,0.03445899379738112,0.014472777394900068,0.04755341144038594,0.03859407305306685,0.11853893866299105,0.004824259131633356,0.030323914541695383,0.02343211578221916
0.2477815699658703,0.09283276450511946,0.011604095563139932,0.14812286689419796,0.04641638225255973,0.041638225255972695,0.05324232081911263,0.030034129692832763,0.039590443686006824,0.019795221843003412,0.04641638225255973,0.03617747440273038,0.13174061433447098,0.0034129692832764505,0.025938566552901023,0.025255972696245733
0.2563226247436774,0.08817498291182502,0.012303485987696514,0.15926179084073822,0.039644565960355434,0.039644565960355434,0.048530416951469584,0.03212576896787423,0.032809295967190705,0.021189336978810664,0.04442925495557074,0.0355434039644566,0.13602187286397813,0.003417634996582365,0.025974025974025976,0.02460697197539303
0.2549420586230402,0.08861622358554874,0.011588275391956374,0.169052488070893,0.032719836400818,0.04226312201772325,0.04294478527607362,0.03612815269256987,0.032038173142467624,0.014314928425357873,0.04158145875937287,0.04158145875937287,0.14246762099522836,0.0027266530334014998,0.0190865712338105,0.02794819359236537
0.2692565304755526,0.07769591426657736,0.010046885465505693,0.17481580709979908,0.029470864032150032,0.03884795713328868,0.04018754186202277,0.03549899531145345,0.03014065639651708,0.01406563965170797,0.043536503683858,0.04085733422638982,0.15137307434695244,0.0020093770931011385,0.016075016744809108,0.026121902210314803
0.2745490981963928,0.07949231796927188,0.012692050768203072,0.17835671342685372,0.028724114896459586,0.041416165664662656,0.035404141616566465,0.03206412825651302,0.028056112224448898,0.012024048096192385,0.03807615230460922,0.03473613894455578,0.1569806279225117,0.002004008016032064,0.018036072144288578,0.02738810955243821
0.27796383121232415,0.06898861352980576,0.012056262558606833,0.17548559946416611,0.025452109845947757,0.042866711319490956,0.03281982585398526,0.033489618218352314,0.029470864032150032,0.012726054922973878,0.0361687876758205,0.030810448760884127,0.17548559946416611,0.0013395847287340924,0.01406563965170797,0.030810448760884127
0.2877076411960133,0.06843853820598006,0.0106312292358804,0.173421926910299,0.022591362126245847,0.0425249169435216,0.03322259136212625,0.03521594684385382,0.022591362126245847,0.015946843853820596,0.036544850498338874,0.02857142857142857,0.17940199335548174,0.00132890365448505,0.015946843853820596,0.025913621262458473
0.3000656598818122,0.06631648063033486,0.011162179908076166,0.175311884438608,0.021011162179908074,0.03479973736047275,0.034143138542350626,0.036769533814839134,0.026263952724885097,0.01247537754432042,0.0334865397242285,0.02298095863427446,0.1818778726198293,0.0013131976362442547,0.01772816808929744,0.024294156270518712
0.29673202614379085,0.06470588235294118,0.006535947712418301,0.17777777777777778,0.018300653594771243,0.03333333333333333,0.02679738562091503,0.036601307189542485,0.02875816993464052,0.013725490196078431,0.036601307189542485,0.021568627450980392,0.19281045751633988,0.00196078431372549,0.0196078431372549,0.024183006535947713
0.30876494023904383,0.05909694555112882,0.005312084993359893,0.17397078353253653,0.019256308100929615,0.029880478087649404,0.027224435590969456,0.039176626826029216,0.02656042496679947,0.014608233731739707,0.03652058432934927,0.020584329349269587,0.19389110225763612,0.00398406374501992,0.021248339973439574,0.0199203187250996
0.3143989431968296,0.05085865257595773,0.0066050198150594455,0.17965653896961692,0.016512549537648614,0.03236459709379128,0.02906208718626156,0.03830911492734478,0.025759577278731835,0.013870541611624834,0.03368560105680317,0.017173051519154558,0.1928665785997358,0.005284015852047556,0.023778071334214,0.019815059445178335
0.31877444589308995,0.044980443285528034,0.005215123859191656,0.1694915254237288,0.016297262059973925,0.031942633637548894,0.029335071707953065,0.04106910039113429,0.02216427640156454,0.01303780964797914,0.03455019556714472,0.020860495436766623,0.21121251629726207,0.0045632333767926985,0.02216427640156454,0.014341590612777053
0.3300589390962672,0.03798297314996726,0.0032743942370661427,0.17681728880157171,0.015717092337917484,0.028814669286182055,0.029469548133595286,0.03994760969220694,0.02226588081204977,0.01309757694826457,0.034053700065487885,0.019646365422396856,0.2082514734774067,0.005239030779305829,0.020301244269810084,0.015062213490504257
0.3283387622149837,0.03973941368078176,0.004560260586319218,0.1778501628664495,0.01498371335504886,0.029315960912052116,0.02736156351791531,0.035830618892508145,0.02214983713355049,0.011074918566775244,0.031270358306188926,0.020195439739413682,0.21628664495114006,0.003257328990228013,0.024104234527687295,0.013680781758957655
0.3328998699609883,0.029258777633289986,0.005201560468140442,0.18205461638491546,0.014304291287386216,0.02600780234070221,0.02600780234070221,0.033810143042912875,0.020156046814044214,0.011053315994798439,0.032509752925877766,0.015604681404421327,0.23146944083224968,0.006501950585175552,0.020156046814044214,0.013003901170351105
0.337890625,0.029947916666666668,0.0032552083333333335,0.18098958333333334,0.013020833333333334,0.026041666666666668,0.025390625,0.029947916666666668,0.020182291666666668,0.010416666666666666,0.029296875,0.018229166666666668,0.234375,0.005859375,0.01953125,0.015625
0.34307992202729043,0.024041585445094216,0.005198180636777128,0.18518518518518517,0.012345679012345678,0.02599090318388564,0.021442495126705652,0.029889538661468484,0.02079272254710851,0.009746588693957114,0.023391812865497075,0.018193632228719947,0.24236517218973358,0.005847953216374269,0.016244314489928524,0.016244314489928524
0.34935064935064936,0.024675324675324677,0.004545454545454545,0.18181818181818182,0.01038961038961039,0.022727272727272728,0.02207792207792208,0.03051948051948052,0.01883116883116883,0.01103896103896104,0.02142857142857143,0.015584415584415584,0.2474025974025974,0.006493506493506494,0.014285714285714285,0.01883116883116883
0.3391472868217054,0.021963824289405683,0.003875968992248062,0.1834625322997416,0.011627906976744186,0.025839793281653745,0.02648578811369509,0.03229974160206718,0.01614987080103359,0.010981912144702842,0.016795865633074936,0.012919896640826873,0.2558139534883721,0.005813953488372093,0.014857881136950904,0.021963824289405683
0.3571893298633702,0.020169160702667534,0.00520494469746259,0.18347430058555628,0.01236174365647365,0.024072869225764477,0.022121014964216004,0.031229668184775537,0.015614834092387769,0.011060507482108002,0.01626545217957059,0.014313597918022121,0.2524398178269356,0.004554326610279766,0.01040988939492518,0.01951854261548471
0.35974025974025975,0.01753246753246753,0.005194805194805195,0.18376623376623377,0.011688311688311689,0.01948051948051948,0.02207792207792208,0.02922077922077922,0.015584415584415584,0.00974025974025974,0.014935064935064935,0.014935064935064935,0.261038961038961,0.005194805194805195,0.012337662337662338,0.01753246753246753
0.357096981374438,0.015414258188824663,0.006422607578676943,0.17662170841361594,0.012845215157353885,0.012202954399486191,0.020552344251766216,0.028259473346178548,0.017341040462427744,0.014129736673089274,0.011560693641618497,0.01605651894669236,0.2761721258831085,0.005780346820809248,0.012202954399486191,0.017341040462427744
0.36287732819524726,0.016698779704560053,0.006422607578676943,0.16634553628773283,0.015414258188824663,0.009633911368015413,0.023121387283236993,0.02119460500963391,0.014771997430956968,0.014129736673089274,0.010918432883750802,0.017341040462427744,0.28837508028259473,0.005780346820809248,0.009633911368015413,0.017341040462427744
0.37122671804752727,0.01605651894669236,0.008349389852280027,0.170199100834939,0.014771997430956968,0.009633911368015413,0.01991008349389852,0.02119460500963391,0.011560693641618497,0.012202954399486191,0.007707129094412331,0.014771997430956968,0.2980089916506101,0.0032113037893384713,0.008349389852280027,0.012845215157353885
0.37626262626262624,0.018308080808080808,0.006944444444444444,0.1717171717171717,0.010732323232323232,0.008838383838383838,0.021464646464646464,0.02335858585858586,0.00946969696969697,0.011994949494949494,0.006313131313131313,0.012626262626262626,0.3023989898989899,0.0025252525252525255,0.006944444444444444,0.010101010101010102
0.38369905956112854,0.015047021943573668,0.008150470219435737,0.17053291536050158,0.00877742946708464,0.008150470219435737,0.0219435736677116,0.02006269592476489,0.009404388714733543,0.01128526645768025,0.006269592476489028,0.012539184952978056,0.30031347962382443,0.00438871473354232,0.00877742946708464,0.010658307210031349
0.3757802746566791,0.011860174781523096,0.008739076154806492,0.17790262172284643,0.00686641697877653,0.008739076154806492,0.019975031210986267,0.023096129837702872,0.00686641697877653,0.00686641697877653,0.006242197253433208,0.011235955056179775,0.3096129837702871,0.004369538077403246,0.008739076154806492,0.013108614232209739
0.37184343434343436,0.008207070707070708,0.011994949494949494,0.17424242424242425,0.008207070707070708,0.010732323232323232,0.023989898989898988,0.01893939393939394,0.007575757575757576,0.008207070707070708,0.006944444444444444,0.008838383838383838,0.32196969696969696,0.003787878787878788,0.004419191919191919,0.010101010101010102
0.3738140417457306,0.008855154965211892,0.008855154965211892,0.1739405439595193,0.007590132827324478,0.010120177103099304,0.02403542061986085,0.015180265654648957,0.006325110689437065,0.010752688172043012,0.008855154965211892,0.010120177103099304,0.32384566729917774,0.003795066413662239,0.004427577482605946,0.009487666034155597
0.3751568381430364,0.009410288582183186,0.00878293601003764,0.17189460476787954,0.0056461731493099125,0.012547051442910916,0.01944792973651192,0.016938519447929738,0.0037641154328732747,0.010037641154328732,0.0075282308657465494,0.009410288582183186,0.3318695106649937,0.002509410288582183,0.006900878293601004,0.008155583437892095
0.37398373983739835,0.0075046904315197,0.006253908692933083,0.1713570981863665,0.005628517823639775,0.011882426516572859,0.017510944340212633,0.013758599124452783,0.0050031269543464665,0.008130081300813009,0.0075046904315197,0.011882426516572859,0.3439649781113196,0.0025015634771732333,0.0075046904315197,0.005628517823639775
0.376720901126408,0.008135168961201502,0.0037546933667083854,0.16645807259073842,0.006257822277847309,0.008135168961201502,0.02002503128911139,0.012515644555694618,0.005632040050062578,0.008760951188986232,0.009386733416770964,0.011889862327909888,0.34668335419274093,0.0012515644555694619,0.00688360450563204,0.007509386733416771
0.38847117794486213,0.008771929824561403,0.0018796992481203006,0.15977443609022557,0.006265664160401002,0.008145363408521303,0.013784461152882205,0.011904761904761904,0.005639097744360902,0.009398496240601503,0.007518796992481203,0.011904761904761904,0.3508771929824561,0.0012531328320802004,0.008145363408521303,0.006265664160401002
0.3857232310582342,0.005009392611145898,0.0031308703819661866,0.15842204132748905,0.006261740763932373,0.007514088916718848,0.015028177833437696,0.010644959298685034,0.005635566687539136,0.010644959298685034,0.0068879148403256105,0.010644959298685034,0.3606762680025047,0.0006261740763932373,0.008766437069505322,0.004383218534752661
0.3834066624764299,0.0043997485857950975,0.0031426775612822125,0.16530483972344437,0.006285355122564425,0.008170961659333752,0.013827781269641735,0.011313639220615965,0.006285355122564425,0.011942174732872407,0.008799497171590195,0.010685103708359522,0.35449402891263354,0.001257071024512885,0.00754242614707731,0.0031426775612822125
0.38691588785046727,0.003738317757009346,0.004361370716510903,0.16199376947040497,0.004984423676012461,0.00809968847352025,0.013084112149532711,0.01059190031152648,0.00809968847352025,0.00809968847352025,0.006853582554517134,0.011214953271028037,0.3613707165109034,0.0024922118380062306,0.005607476635514018,0.0024922118380062306
0.39203484754200374,0.0031113876789047915,0.00373366521468575,0.15992532669570628,0.004978220286247666,0.009334163036714374,0.01120099564405725,0.009334163036714374,0.006845052893590542,0.008711885500933417,0.005600497822028625,0.011823273179838207,0.3658991910392035,0.002489110143123833,0.00373366521468575,0.0012445550715619166
0.38747675139491633,0.0024798512089274642,0.0024798512089274642,0.16119032858028517,0.0043397396156230625,0.009919404835709857,0.011159330440173589,0.008679479231246125,0.005579665220086794,0.009299442033477991,0.006199628022318661,0.011779293242405457,0.3744575325480471,0.0030998140111593306,0.0012399256044637321,0.0006199628022318661
0.3951219512195122,0.0024390243902439024,0.0024390243902439024,0.15548780487804878,0.0012195121951219512,0.009146341463414634,0.012195121951219513,0.007317073170731708,0.006097560975609756,0.006707317073170732,0.006097560975609756,0.011585365853658536,0.37682926829268293,0.003658536585365854,0.003048780487804878,0.0006097560975609756
0.39765721331689274,0.0018495684340320592,0.002466091245376079,0.15413070283600494,0.0018495684340320592,0.008631319358816275,0.008014796547472256,0.007398273736128237,0.005548705302096177,0.006165228113440197,0.006165228113440197,0.010480887792848335,0.38286066584463624,0.0036991368680641184,0.002466091245376079,0.0006165228113440197
0.3915407854984894,0.002416918429003021,0.0030211480362537764,0.15347432024169183,0.002416918429003021,0.00785498489425982,0.009667673716012085,0.006646525679758308,0.004833836858006042,0.01027190332326284,0.005438066465256798,0.010876132930513595,0.38187311178247735,0.0036253776435045317,0.0030211480362537764,0.0030211480362537764
0.3852708460133901,0.0018259281801582471,0.0036518563603164943,0.15276932440657334,0.0018259281801582471,0.006086427267194157,0.007303712720632989,0.006695069993913573,0.00426049908703591,0.007912355447352405,0.004869141813755326,0.009738283627510651,0.3950091296409008,0.005477784540474742,0.002434570906877663,0.004869141813755326
0.38909541511771994,0.0006195786864931846,0.0030978934324659233,0.15055762081784388,0.0018587360594795538,0.006815365551425031,0.006815365551425031,0.00929368029739777,0.004956629491945477,0.00929368029739777,0.004337050805452293,0.0080545229244114,0.3965303593556382,0.0030978934324659233,0.0018587360594795538,0.0037174721189591076
0.39227895392278955,0.0006226650062266501,0.00311332503113325,0.1444582814445828,0.0012453300124533001,0.00684931506849315,0.0062266500622665,0.00933997509339975,0.0049813200498132005,0.011830635118306352,0.0024906600249066002,0.008717310087173101,0.39975093399750933,0.0049813200498132005,0.0012453300124533001,0.0018679950186799503
0.3846633416458853,0.0018703241895261845,0.004364089775561097,0.14713216957605985,0.0012468827930174563,0.00685785536159601,0.00685785536159601,0.006234413965087282,0.004987531172069825,0.00997506234413965,0.0018703241895261845,0.008104738154613466,0.4071072319201995,0.003740648379052369,0.003117206982543641,0.0018703241895261845
0.38646153846153847,0.0018461538461538461,0.006153846153846154,0.14584615384615385,0.0018461538461538461,0.00676923076923077,0.004923076923076923,0.006153846153846154,0.004923076923076923,0.0073846153846153844,0.0006153846153846154,0.00676923076923077,0.40984615384615386,0.004923076923076923,0.0036923076923076922,0.0018461538461538461
0.39309509388249547,0.0030284675953967293,0.007874015748031496,0.14597213809812234,0.0012113870381586917,0.005451241671714113,0.004239854633555421,0.005451241671714113,0.0036341611144760752,0.0072683222289521504,0.0018170805572380376,0.005451241671714113,0.40520896426408237,0.004845548152634767,0.0036341611144760752,0.0018170805572380376
0.38898971566848156,0.003629764065335753,0.007259528130671506,0.14579552329098608,0.0012099213551119178,0.004234724742891712,0.0024198427102238356,0.003629764065335753,0.0030248033877797943,0.007259528130671506,0.0012099213551119178,0.0024198427102238356,0.4192377495462795,0.004234724742891712,0.004234724742891712,0.0012099213551119178
0.38855054811205847,0.0018270401948842874,0.0060901339829476245,0.14555420219244825,0.0018270401948842874,0.0030450669914738123,0.0018270401948842874,0.0048721071863581,0.0048721071863581,0.0097442143727162,0.0006090133982947625,0.00243605359317905,0.4177831912302071,0.004263093788063338,0.0054811205846528625,0.001218026796589525
0.3834862385321101,0.0024464831804281344,0.003669724770642202,0.14801223241590214,0.001834862385321101,0.001834862385321101,0.0012232415902140672,0.005504587155963303,0.0030581039755351682,0.009785932721712538,0.001834862385321101,0.0030581039755351682,0.42385321100917434,0.0030581039755351682,0.005504587155963303,0.001834862385321101
0.38878732480195005,0.0030469226081657527,0.0042656916514320535,0.14381474710542352,0.004875076173065204,0.0018281535648994515,0.001218769043266301,0.006093845216331505,0.002437538086532602,0.007921998781230956,0.0018281535648994515,0.0042656916514320535,0.42169408897014016,0.002437538086532602,0.004875076173065204,0.0006093845216331506
0.3921808185705559,0.004276114844227245,0.0036652412950519244,0.14050091631032377,0.006719609040928528,0.0018326206475259622,0.0006108735491753207,0.005497861942577886,0.0030543677458766036,0.009773976786805132,0.002443494196701283,0.0036652412950519244,0.41783750763591937,0.0006108735491753207,0.006108735491753207,0.0012217470983506415
0.38517618469015796,0.00425273390036452,0.00425273390036452,0.14641555285540706,0.00425273390036452,0.002430133657351154,0.001215066828675577,0.002430133657351154,0.001215066828675577,0.007290400972053463,0.0018226002430133657,0.002430133657351154,0.4307411907654921,0.001215066828675577,0.00425273390036452,0.0006075334143377885
0.3861027190332326,0.002416918429003021,0.0030211480362537764,0.14924471299093656,0.0030211480362537764,0.0030211480362537764,0.0012084592145015106,0.0030211480362537764,0.0018126888217522659,0.0072507552870090634,0.002416918429003021,0.002416918429003021,0.4259818731117825,0.0018126888217522659,0.005438066465256798,0.0018126888217522659
0.38998211091234347,0.0035778175313059034,0.002385211687537269,0.1490757304710793,0.0017889087656529517,0.0029815146094215863,0.0011926058437686344,0.0011926058437686344,0.0011926058437686344,0.005366726296958855,0.002385211687537269,0.0029815146094215863,0.42695289206917114,0.0011926058437686344,0.005366726296958855,0.002385211687537269
0.39428231089934485,0.0023823704586063135,0.0011911852293031567,0.13817748659916618,0.001786777843954735,0.0029779630732578916,0.001786777843954735,0.0005955926146515784,0.0011911852293031567,0.005955926146515783,0.001786777843954735,0.0023823704586063135,0.4341870160810006,0.0029779630732578916,0.004764740917212627,0.00357355568790947
0.40336134453781514,0.003001200480192077,0.0012004801920768306,0.13085234093637454,0.0024009603841536613,0.001800720288115246,0.001800720288115246,0.0006002400960384153,0.0024009603841536613,0.003601440576230492,0.003001200480192077,0.001800720288115246,0.43577430972388953,0.001800720288115246,0.003601440576230492,0.003001200480192077
0.39185140802875973,0.004793289394847214,0.0011983223487118035,0.13001797483523067,0.002396644697423607,0.0011983223487118035,0.0017974835230677051,0.0005991611743559018,0.002396644697423607,0.0017974835230677051,0.0029958058717795086,0.0017974835230677051,0.4463750748951468,0.0029958058717795086,0.0029958058717795086,0.004793289394847214
0.3884197828709288,0.0036188178528347406,0.0012062726176115801,0.13268998793727382,0.0012062726176115801,0.0006031363088057901,0.0018094089264173703,0.0018094089264173703,0.0024125452352231603,0.0012062726176115801,0.0036188178528347406,0.0018094089264173703,0.44752714113389624,0.0030156815440289505,0.0024125452352231603,0.0066344993968636915
0.37922705314009664,0.004227053140096618,0.0018115942028985507,0.125,0.0024154589371980675,0.0018115942028985507,0.0018115942028985507,0.0012077294685990338,0.0018115942028985507,0.0012077294685990338,0.0024154589371980675,0.0006038647342995169,0.46618357487922707,0.0030193236714975845,0.0012077294685990338,0.006038647342995169
0.378070701018574,0.004793289394847214,0.0017974835230677051,0.11923307369682444,0.002396644697423607,0.002396644697423607,0.0017974835230677051,0.0011983223487118035,0.0011983223487118035,0.0005991611743559018,0.0035949670461354103,0.002396644697423607,0.4721390053924506,0.0035949670461354103,0.0,0.004793289394847214
0.37334933973589435,0.004201680672268907,0.001800720288115246,0.12605042016806722,0.004201680672268907,0.003001200480192077,0.0006002400960384153,0.0024009603841536613,0.0024009603841536613,0.0006002400960384153,0.003001200480192077,0.0006002400960384153,0.4651860744297719,0.006602641056422569,0.0012004801920768306,0.004801920768307323
0.36561743341404357,0.00423728813559322,0.0018159806295399517,0.12469733656174334,0.00423728813559322,0.002421307506053269,0.0006053268765133172,0.0018159806295399517,0.002421307506053269,0.0018159806295399517,0.0012106537530266344,0.003026634382566586,0.4745762711864407,0.006053268765133172,0.0012106537530266344,0.00423728813559322
0.3800850030358227,0.004250151791135397,0.0006071645415907711,0.12143290831815422,0.004250151791135397,0.0024286581663630845,0.0018214936247723133,0.0006071645415907711,0.0018214936247723133,0.0036429872495446266,0.0012143290831815423,0.0036429872495446266,0.46387370977534914,0.0036429872495446266,0.0012143290831815423,0.00546448087431694
0.37272727272727274,0.0048484848484848485,0.0018181818181818182,0.12545454545454546,0.004242424242424243,0.0018181818181818182,0.0012121212121212121,0.0006060606060606061,0.0024242424242424242,0.0018181818181818182,0.0030303030303030303,0.0030303030303030303,0.46060606060606063,0.005454545454545455,0.0018181818181818182,0.00909090909090909
0.3708807669263032,0.004194128220491312,0.0005991611743559018,0.12162971839424805,0.004793289394847214,0.0029958058717795086,0.0005991611743559018,0.0005991611743559018,0.0017974835230677051,0.002396644697423607,0.002396644697423607,0.0035949670461354103,0.46974236069502695,0.0035949670461354103,0.0035949670461354103,0.006590772917914919
0.37589928057553956,0.004196642685851319,0.001199040767386091,0.12290167865707434,0.0035971223021582736,0.002997601918465228,0.0,0.0005995203836930455,0.001199040767386091,0.002997601918465228,0.001199040767386091,0.002997601918465228,0.4676258992805755,0.0035971223021582736,0.002398081534772182,0.006594724220623501
0.38221153846153844,0.002403846153846154,0.0006009615384615385,0.11658653846153846,0.002403846153846154,0.002403846153846154,0.0006009615384615385,0.0006009615384615385,0.0006009615384615385,0.003605769230769231,0.0006009615384615385,0.004206730769230769,0.4735576923076923,0.003605769230769231,0.001201923076923077,0.004807692307692308
0.38686131386861317,0.0030413625304136255,0.0012165450121654502,0.10766423357664233,0.0024330900243309003,0.0030413625304136255,0.0006082725060827251,0.0006082725060827251,0.0006082725060827251,0.0018248175182481751,0.0018248175182481751,0.004866180048661801,0.4781021897810219,0.0018248175182481751,0.0,0.005474452554744526
0.3904646952323476,0.0018105009052504525,0.0012070006035003018,0.10500905250452625,0.0018105009052504525,0.0030175015087507543,0.0018105009052504525,0.0006035003017501509,0.0006035003017501509,0.0018105009052504525,0.0012070006035003018,0.003621001810500905,0.48098974049487025,0.0012070006035003018,0.0006035003017501509,0.004224502112251056
0.38966565349544074,0.0012158054711246201,0.0012158054711246201,0.10638297872340426,0.0024316109422492403,0.0024316109422492403,0.0012158054711246201,0.0006079027355623101,0.0012158054711246201,0.0006079027355623101,0.00182370820668693,0.00364741641337386,0.4790273556231003,0.00182370820668693,0.00182370820668693,0.004863221884498481
0.38286399041342123,0.0011983223487118035,0.002396644697423607,0.09706411024565609,0.0017974835230677051,0.002396644697423607,0.0011983223487118035,0.0005991611743559018,0.0011983223487118035,0.0029958058717795086,0.0011983223487118035,0.002396644697423607,0.49310964649490713,0.002396644697423607,0.0017974835230677051,0.005392450569203115
0.3690260133091349,0.0012099213551119178,0.0018148820326678765,0.09195402298850575,0.0018148820326678765,0.0024198427102238356,0.0024198427102238356,0.0006049606775559589,0.0006049606775559589,0.0024198427102238356,0.0012099213551119178,0.004234724742891712,0.5099818511796733,0.0030248033877797943,0.0024198427102238356,0.004839685420447671
0.37852760736196317,0.001226993865030675,0.0018404907975460123,0.09079754601226994,0.0018404907975460123,0.00245398773006135,0.0018404907975460123,0.0006134969325153375,0.001226993865030675,0.0018404907975460123,0.0018404907975460123,0.003067484662576687,0.5061349693251533,0.0018404907975460123,0.0018404907975460123,0.003067484662576687
0.38109756097560976,0.0006097560975609756,0.00426829268292683,0.08353658536585366,0.001829268292682927,0.0024390243902439024,0.001829268292682927,0.0006097560975609756,0.0012195121951219512,0.0024390243902439024,0.0024390243902439024,0.006097560975609756,0.5048780487804878,0.0024390243902439024,0.001829268292682927,0.0024390243902439024
0.3803945745992602,0.0,0.0006165228113440197,0.08754623921085081,0.0018495684340320592,0.0030826140567200987,0.0018495684340320592,0.0006165228113440197,0.0012330456226880395,0.0030826140567200987,0.0030826140567200987,0.005548705302096177,0.5024660912453761,0.0030826140567200987,0.002466091245376079,0.0030826140567200987
0.37217815741305676,0.0018303843807199512,0.0006101281269066504,0.08541793776693106,0.0006101281269066504,0.0024405125076266015,0.0024405125076266015,0.0006101281269066504,0.0024405125076266015,0.0036607687614399025,0.004270896888346553,0.0024405125076266015,0.5118974984746797,0.0036607687614399025,0.0024405125076266015,0.003050640634533252
0.37371910789632307,0.0006027727546714888,0.0,0.08800482218203737,0.0,0.0018083182640144665,0.004219409282700422,0.0012055455093429777,0.0024110910186859553,0.003616636528028933,0.0024110910186859553,0.006027727546714889,0.5045207956600362,0.004822182037371911,0.0030138637733574444,0.003616636528028933
0.3830694275274056,0.0,0.0,0.08099878197320341,0.001218026796589525,0.001218026796589525,0.00243605359317905,0.001218026796589525,0.00243605359317905,0.0030450669914738123,0.004263093788063338,0.0048721071863581,0.5036540803897686,0.0048721071863581,0.0018270401948842874,0.0048721071863581
0.38349514563106796,0.0006067961165048543,0.0006067961165048543,0.08434466019417476,0.003033980582524272,0.0012135922330097086,0.0018203883495145632,0.0018203883495145632,0.0024271844660194173,0.003033980582524272,0.0036407766990291263,0.007281553398058253,0.4945388349514563,0.003033980582524272,0.0024271844660194173,0.006674757281553398
0.38971906754333535,0.0017931858936043037,0.0,0.08069336521219367,0.002390914524805738,0.002988643156007173,0.001195457262402869,0.002988643156007173,0.0017931858936043037,0.0017931858936043037,0.0041841004184100415,0.005977286312014346,0.49013747758517634,0.002390914524805738,0.002988643156007173,0.008965929468021518
0.38276069921639544,0.0012055455093429777,0.0,0.07836045810729356,0.0024110910186859553,0.0024110910186859553,0.0012055455093429777,0.003616636528028933,0.0018083182640144665,0.0030138637733574444,0.0030138637733574444,0.006630500301386378,0.49909584086799275,0.0030138637733574444,0.0024110910186859553,0.009041591320072333
0.3954599761051374,0.0011947431302270011,0.0005973715651135006,0.07347670250896057,0.0023894862604540022,0.0035842293906810036,0.0017921146953405018,0.0035842293906810036,0.0017921146953405018,0.0011947431302270011,0.002986857825567503,0.0047789725209080045,0.49522102747909197,0.0017921146953405018,0.0023894862604540022,0.007765830346475508
0.3855421686746988,0.0018072289156626507,0.0006024096385542169,0.06686746987951807,0.0036144578313253013,0.0036144578313253013,0.0030120481927710845,0.0018072289156626507,0.0018072289156626507,0.0012048192771084338,0.0030120481927710845,0.006626506024096385,0.5108433734939759,0.0006024096385542169,0.0024096385542168677,0.006626506024096385
0.3790175864160097,0.001212856276531231,0.0006064281382656155,0.07095209217707701,0.0036385688295936932,0.002425712553062462,0.0036385688295936932,0.0036385688295936932,0.0018192844147968466,0.001212856276531231,0.0030321406913280777,0.004244996967859308,0.5166767738023045,0.0006064281382656155,0.001212856276531231,0.006064281382656155
0.38265615524560337,0.002425712553062462,0.0006064281382656155,0.06549423893268648,0.0006064281382656155,0.002425712553062462,0.0030321406913280777,0.002425712553062462,0.0036385688295936932,0.001212856276531231,0.0030321406913280777,0.004851425106124924,0.5172832019405701,0.0006064281382656155,0.0030321406913280777,0.0066707095209217705
