C_R,C_A,C_S,C_N,D_R,D_A,D_S,D_N,Oc_R,Oc_A,Oc_S,Oc_N,Od_R,Od_A,Od_S,Od_N
0.0,0.0,0.0,0.0,0.0,1.0,0.0,0.0,0.0,0.0,0.0,0.0,0.0,0.0,0.0,0.0
0.0,0.6666666666666666,0.0,0.0,0.0,0.3333333333333333,0.0,0.0,0.0,0.0,0.0,0.0,0.0,0.0,0.0,0.0
0.0,0.0,0.0,0.5,0.0,0.5,0.0,0.0,0.0,0.0,0.0,0.0,0.0,0.0,0.0,0.0
0.0,0.0,0.0,0.4,0.0,0.4,0.2,0.0,0.0,0.0,0.0,0.0,0.0,0.0,0.0,0.0
0.0,0.0,0.0,0.2857142857142857,0.0,0.42857142857142855,0.2857142857142857,0.0,0.0,0.0,0.0,0.0,0.0,0.0,0.0,0.0
0.0,0.0,0.0,0.125,0.0,0.625,0.25,0.0,0.0,0.0,0.0,0.0,0.0,0.0,0.0,0.0
0.0,0.0,0.0,0.0,0.0,0.625,0.375,0.0,0.0,0.0,0.0,0.0,0.0,0.0,0.0,0.0
0.0,0.0,0.0,0.0,0.0,0.5,0.4,0.0,0.1,0.0,0.0,0.0,0.0,0.0,0.0,0.0
0.0,0.0,0.0,0.0,0.0,0.5333333333333333,0.3333333333333333,0.0,0.13333333333333333,0.0,0.0,0.0,0.0,0.0,0.0,0.0
0.0,0.0,0.0,0.058823529411764705,0.0,0.5294117647058824,0.35294117647058826,0.0,0.058823529411764705,0.0,0.0,0.0,0.0,0.0,0.0,0.0
0.0,0.0,0.05,0.0,0.0,0.5,0.35,0.0,0.05,0.0,0.0,0.0,0.0,0.05,0.0,0.0
0.0,0.0,0.045454545454545456,0.0,0.0,0.5,0.22727272727272727,0.0,0.09090909090909091,0.0,0.0,0.0,0.09090909090909091,0.045454545454545456,0.0,0.0
0.0,0.0,0.0,0.0,0.0,0.44,0.16,0.0,0.12,0.0,0.08,0.0,0.12,0.08,0.0,0.0
0.0,0.0,0.0,0.0,0.0,0.3333333333333333,0.2222222222222222,0.0,0.1111111111111111,0.0,0.07407407407407407,0.0,0.07407407407407407,0.1111111111111111,0.0,0.07407407407407407
0.0,0.0,0.0,0.0,0.0,0.40625,0.125,0.0,0.15625,0.0,0.03125,0.0,0.09375,0.125,0.0,0.0625
0.0,0.0,0.0,0.0,0.0,0.42105263157894735,0.21052631578947367,0.0,0.15789473684210525,0.0,0.0,0.0,0.05263157894736842,0.10526315789473684,0.0,0.05263157894736842
0.0,0.0,0.0,0.0,0.0,0.5,0.1,0.0,0.15,0.0,0.0,0.0,0.125,0.05,0.0,0.075
0.0,0.0,0.0,0.0,0.0,0.5333333333333333,0.1111111111111111,0.0,0.13333333333333333,0.0,0.0,0.0,0.1111111111111111,0.044444444444444446,0.0,0.06666666666666667
0.0,0.0,0.0,0.0,0.0,0.46153846153846156,0.07692307692307693,0.0,0.19230769230769232,0.0,0.0,0.019230769230769232,0.11538461538461539,0.038461538461538464,0.0,0.09615384615384616
0.0,0.03225806451612903,0.0,0.0,0.0,0.5161290322580645,0.0967741935483871,0.0,0.08064516129032258,0.0,0.0,0.03225806451612903,0.14516129032258066,0.03225806451612903,0.0,0.06451612903225806
0.0,0.04477611940298507,0.0,0.0,0.0,0.582089552238806,0.1044776119402985,0.0,0.1044776119402985,0.0,0.0,0.029850746268656716,0.05970149253731343,0.014925373134328358,0.0,0.05970149253731343
0.0,0.05333333333333334,0.0,0.0,0.0,0.5466666666666666,0.12,0.0,0.14666666666666667,0.0,0.0,0.013333333333333334,0.06666666666666667,0.013333333333333334,0.0,0.04
0.0,0.06097560975609756,0.0,0.0,0.0,0.5365853658536586,0.10975609756097561,0.012195121951219513,0.10975609756097561,0.0,0.0,0.024390243902439025,0.06097560975609756,0.012195121951219513,0.012195121951219513,0.06097560975609756
0.0,0.06315789473684211,0.0,0.0,0.0,0.5368421052631579,0.06315789473684211,0.0,0.11578947368421053,0.0,0.021052631578947368,0.031578947368421054,0.07368421052631578,0.010526315789473684,0.021052631578947368,0.06315789473684211
0.0,0.02912621359223301,0.0,0.0,0.009708737864077669,0.5533980582524272,0.05825242718446602,0.009708737864077669,0.14563106796116504,0.0,0.009708737864077669,0.02912621359223301,0.07766990291262135,0.009708737864077669,0.02912621359223301,0.038834951456310676
0.009174311926605505,0.027522935779816515,0.009174311926605505,0.0,0.009174311926605505,0.5688073394495413,0.06422018348623854,0.009174311926605505,0.11009174311926606,0.0,0.01834862385321101,0.027522935779816515,0.06422018348623854,0.01834862385321101,0.027522935779816515,0.03669724770642202
0.008849557522123894,0.017699115044247787,0.017699115044247787,0.0,0.008849557522123894,0.584070796460177,0.07079646017699115,0.008849557522123894,0.11504424778761062,0.0,0.0,0.017699115044247787,0.04424778761061947,0.017699115044247787,0.035398230088495575,0.05309734513274336
0.008333333333333333,0.025,0.041666666666666664,0.0,0.0,0.5666666666666667,0.041666666666666664,0.008333333333333333,0.125,0.0,0.0,0.016666666666666666,0.041666666666666664,0.03333333333333333,0.041666666666666664,0.05
0.015267175572519083,0.015267175572519083,0.03816793893129771,0.0,0.0,0.5343511450381679,0.04580152671755725,0.015267175572519083,0.12213740458015267,0.0,0.0,0.022900763358778626,0.061068702290076333,0.03816793893129771,0.04580152671755725,0.04580152671755725
0.006993006993006993,0.027972027972027972,0.04895104895104895,0.0,0.0,0.5524475524475524,0.04895104895104895,0.013986013986013986,0.13986013986013987,0.006993006993006993,0.0,0.013986013986013986,0.04195804195804196,0.027972027972027972,0.027972027972027972,0.04195804195804196
0.01910828025477707,0.03821656050955414,0.03821656050955414,0.0,0.0,0.5159235668789809,0.044585987261146494,0.0,0.12101910828025478,0.012738853503184714,0.0,0.025477707006369428,0.050955414012738856,0.03821656050955414,0.03821656050955414,0.05732484076433121
0.01764705882352941,0.06470588235294118,0.047058823529411764,0.0058823529411764705,0.0,0.49411764705882355,0.041176470588235294,0.0,0.1,0.01764705882352941,0.0,0.01764705882352941,0.052941176470588235,0.052941176470588235,0.03529411764705882,0.052941176470588235
0.03333333333333333,0.06111111111111111,0.05,0.0,0.011111111111111112,0.45555555555555555,0.03888888888888889,0.0,0.10555555555555556,0.016666666666666666,0.0,0.022222222222222223,0.05,0.06111111111111111,0.03333333333333333,0.06111111111111111
0.04591836734693878,0.05612244897959184,0.04591836734693878,0.01020408163265306,0.025510204081632654,0.3877551020408163,0.05612244897959184,0.0,0.11224489795918367,0.01020408163265306,0.0,0.030612244897959183,0.03571428571428571,0.061224489795918366,0.05102040816326531,0.07142857142857142
0.04245283018867924,0.04245283018867924,0.06132075471698113,0.0047169811320754715,0.03773584905660377,0.3915094339622642,0.04245283018867924,0.0,0.08962264150943396,0.014150943396226415,0.0,0.0330188679245283,0.04245283018867924,0.06132075471698113,0.0330188679245283,0.10377358490566038
0.044642857142857144,0.049107142857142856,0.05803571428571429,0.004464285714285714,0.044642857142857144,0.38839285714285715,0.04017857142857143,0.0,0.10714285714285714,0.008928571428571428,0.004464285714285714,0.022321428571428572,0.05357142857142857,0.05803571428571429,0.022321428571428572,0.09375
0.03614457831325301,0.04417670682730924,0.0642570281124498,0.008032128514056224,0.03614457831325301,0.3855421686746988,0.03614457831325301,0.0,0.10441767068273092,0.008032128514056224,0.004016064257028112,0.012048192771084338,0.07228915662650602,0.07228915662650602,0.028112449799196786,0.08835341365461848
0.04247104247104247,0.03861003861003861,0.06563706563706563,0.007722007722007722,0.03861003861003861,0.3938223938223938,0.03474903474903475,0.0,0.11583011583011583,0.007722007722007722,0.0,0.007722007722007722,0.06563706563706563,0.07722007722007722,0.03474903474903475,0.0694980694980695
0.043010752688172046,0.03942652329749104,0.06810035842293907,0.007168458781362007,0.03942652329749104,0.41935483870967744,0.025089605734767026,0.0035842293906810036,0.10752688172043011,0.014336917562724014,0.0,0.014336917562724014,0.05017921146953405,0.08243727598566308,0.03225806451612903,0.053763440860215055
0.040268456375838924,0.04697986577181208,0.08389261744966443,0.013422818791946308,0.040268456375838924,0.3825503355704698,0.030201342281879196,0.006711409395973154,0.1040268456375839,0.013422818791946308,0.0,0.010067114093959731,0.07046979865771812,0.0738255033557047,0.03691275167785235,0.04697986577181208
0.03821656050955414,0.03503184713375796,0.08917197452229299,0.01592356687898089,0.050955414012738856,0.37898089171974525,0.025477707006369428,0.0,0.09554140127388536,0.01910828025477707,0.0,0.009554140127388535,0.07643312101910828,0.07006369426751592,0.04777070063694268,0.04777070063694268
0.02932551319648094,0.02932551319648094,0.08211143695014662,0.017595307917888565,0.05571847507331378,0.375366568914956,0.02932551319648094,0.0,0.08211143695014662,0.017595307917888565,0.0,0.02346041055718475,0.07331378299120235,0.09090909090909091,0.04398826979472141,0.04985337243401759
0.02997275204359673,0.04087193460490463,0.0681198910081744,0.01634877384196185,0.04632152588555858,0.3569482288828338,0.04087193460490463,0.0,0.07356948228882834,0.01634877384196185,0.0,0.021798365122615803,0.09809264305177112,0.09809264305177112,0.0326975476839237,0.05994550408719346
0.02570694087403599,0.038560411311053984,0.07197943444730077,0.02570694087403599,0.043701799485861184,0.3496143958868895,0.04884318766066838,0.0,0.06683804627249357,0.02056555269922879,0.005141388174807198,0.02056555269922879,0.09768637532133675,0.09254498714652956,0.030848329048843187,0.061696658097686374
0.0215311004784689,0.03827751196172249,0.07416267942583732,0.028708133971291867,0.04784688995215311,0.35167464114832536,0.050239234449760764,0.0023923444976076554,0.05741626794258373,0.01674641148325359,0.007177033492822967,0.023923444976076555,0.09569377990430622,0.09569377990430622,0.04066985645933014,0.04784688995215311
0.020785219399538105,0.046189376443418015,0.07390300230946882,0.03233256351039261,0.053117782909930716,0.3071593533487298,0.05542725173210162,0.006928406466512702,0.06004618937644342,0.013856812933025405,0.009237875288683603,0.023094688221709007,0.10161662817551963,0.10392609699769054,0.03926096997690531,0.053117782909930716
0.02795698924731183,0.04946236559139785,0.060215053763440864,0.030107526881720432,0.060215053763440864,0.27956989247311825,0.06236559139784946,0.004301075268817204,0.06451612903225806,0.017204301075268817,0.010752688172043012,0.021505376344086023,0.11612903225806452,0.1053763440860215,0.04086021505376344,0.04946236559139785
0.031914893617021274,0.04893617021276596,0.06808510638297872,0.03404255319148936,0.06170212765957447,0.29148936170212764,0.0574468085106383,0.00425531914893617,0.06595744680851064,0.014893617021276596,0.01276595744680851,0.019148936170212766,0.11063829787234042,0.0851063829787234,0.04680851063829787,0.04680851063829787
0.034482758620689655,0.04462474645030426,0.06490872210953347,0.028397565922920892,0.07302231237322515,0.29411764705882354,0.06490872210953347,0.004056795131845842,0.05273833671399594,0.02434077079107505,0.014198782961460446,0.02636916835699797,0.09330628803245436,0.08924949290060852,0.04665314401622718,0.04462474645030426
0.031007751937984496,0.050387596899224806,0.060077519379844964,0.03875968992248062,0.07364341085271318,0.28294573643410853,0.06782945736434108,0.005813953488372093,0.050387596899224806,0.01744186046511628,0.01744186046511628,0.03488372093023256,0.09302325581395349,0.09496124031007752,0.040697674418604654,0.040697674418604654
0.02882882882882883,0.05765765765765766,0.06126126126126126,0.03963963963963964,0.06666666666666667,0.27387387387387385,0.06846846846846846,0.007207207207207207,0.055855855855855854,0.018018018018018018,0.012612612612612612,0.03423423423423423,0.09549549549549549,0.0972972972972973,0.04684684684684685,0.036036036036036036
0.026690391459074734,0.05516014234875445,0.06227758007117438,0.04092526690391459,0.06583629893238434,0.2597864768683274,0.06583629893238434,0.005338078291814947,0.05871886120996441,0.019572953736654804,0.010676156583629894,0.03914590747330961,0.10320284697508897,0.099644128113879,0.0498220640569395,0.037366548042704624
0.04060913705583756,0.06598984771573604,0.06091370558375635,0.03553299492385787,0.0676818950930626,0.24873096446700507,0.06091370558375635,0.00676818950930626,0.0727580372250423,0.01692047377326565,0.01353637901861252,0.049069373942470386,0.09475465313028765,0.08121827411167512,0.050761421319796954,0.0338409475465313
0.03409090909090909,0.06655844155844155,0.05357142857142857,0.03409090909090909,0.07305194805194805,0.25162337662337664,0.048701298701298704,0.006493506493506494,0.06818181818181818,0.017857142857142856,0.01461038961038961,0.05519480519480519,0.09577922077922078,0.08116883116883117,0.056818181818181816,0.04220779220779221
0.03662420382165605,0.0732484076433121,0.06528662420382166,0.03821656050955414,0.06687898089171974,0.2515923566878981,0.042993630573248405,0.009554140127388535,0.06528662420382166,0.01751592356687898,0.012738853503184714,0.042993630573248405,0.09713375796178345,0.07484076433121019,0.06050955414012739,0.044585987261146494
0.04265402843601896,0.07424960505529225,0.06635071090047394,0.030015797788309637,0.07898894154818326,0.2401263823064771,0.044233807266982623,0.01263823064770932,0.06951026856240126,0.011058451816745656,0.011058451816745656,0.03949447077409163,0.0995260663507109,0.07582938388625593,0.06003159557661927,0.044233807266982623
0.0426179604261796,0.0684931506849315,0.0624048706240487,0.0365296803652968,0.0745814307458143,0.2237442922374429,0.045662100456621,0.0228310502283105,0.0730593607305936,0.0121765601217656,0.0030441400304414,0.0380517503805175,0.1050228310502283,0.0821917808219178,0.060882800608828,0.0487062404870624
0.048104956268221574,0.06268221574344024,0.05830903790087463,0.030612244897959183,0.07871720116618076,0.20408163265306123,0.05539358600583091,0.026239067055393587,0.08163265306122448,0.016034985422740525,0.0058309037900874635,0.033527696793002916,0.11224489795918367,0.07580174927113703,0.05393586005830904,0.056851311953352766
0.061196105702364396,0.04728789986091794,0.054242002781641166,0.02920723226703755,0.06954102920723226,0.20027816411682892,0.05702364394993046,0.02642559109874826,0.08066759388038942,0.015299026425591099,0.005563282336578581,0.03337969401947149,0.11126564673157163,0.09040333796940195,0.059805285118219746,0.0584144645340751
0.06509695290858726,0.04155124653739612,0.05678670360110803,0.030470914127423823,0.06371191135734072,0.1883656509695291,0.06371191135734072,0.03185595567867036,0.07756232686980609,0.0110803324099723,0.00554016620498615,0.0332409972299169,0.12465373961218837,0.09279778393351801,0.04986149584487535,0.06371191135734072
0.07017543859649122,0.043184885290148446,0.058029689608636977,0.033738191632928474,0.059379217273954114,0.1902834008097166,0.05668016194331984,0.02699055330634278,0.06747638326585695,0.012145748987854251,0.005398110661268556,0.03643724696356275,0.1349527665317139,0.09041835357624832,0.05263157894736842,0.0620782726045884
0.0648508430609598,0.05058365758754864,0.0609597924773022,0.0324254215304799,0.04669260700389105,0.19974059662775617,0.057068741893644616,0.03501945525291829,0.06744487678339818,0.01297016861219196,0.0012970168612191958,0.040207522697795074,0.14267185473411154,0.08430609597924774,0.04539559014267185,0.058365758754863814
0.06598984771573604,0.0532994923857868,0.05710659898477157,0.03299492385786802,0.044416243654822336,0.1967005076142132,0.05710659898477157,0.02918781725888325,0.07741116751269035,0.015228426395939087,0.0,0.048223350253807105,0.13071065989847716,0.0901015228426396,0.04568527918781726,0.05583756345177665
0.06809583858764187,0.05296343001261034,0.06557377049180328,0.029003783102143757,0.044136191677175286,0.19798234552332913,0.05422446406052964,0.025220680958385876,0.07061790668348046,0.015132408575031526,0.0025220680958385876,0.05044136191677175,0.12610340479192939,0.09205548549810845,0.044136191677175286,0.0617906683480454
0.07475490196078431,0.05759803921568627,0.06985294117647059,0.028186274509803922,0.04044117647058824,0.20465686274509803,0.058823529411764705,0.02696078431372549,0.06740196078431372,0.012254901960784314,0.0024509803921568627,0.04779411764705882,0.125,0.08700980392156862,0.04411764705882353,0.05269607843137255
0.08711656441717791,0.05766871165644172,0.05521472392638037,0.033128834355828224,0.033128834355828224,0.19386503067484662,0.053987730061349694,0.02822085889570552,0.0736196319018405,0.015950920245398775,0.006134969325153374,0.049079754601226995,0.1312883435582822,0.07975460122699386,0.04539877300613497,0.05644171779141104
0.08393285371702638,0.05755395683453238,0.05635491606714628,0.03237410071942446,0.03237410071942446,0.21103117505995203,0.049160671462829736,0.025179856115107913,0.07194244604316546,0.017985611510791366,0.007194244604316547,0.05155875299760192,0.12470023980815348,0.08633093525179857,0.03117505995203837,0.06115107913669065
0.08795180722891566,0.05421686746987952,0.06265060240963856,0.03975903614457831,0.03132530120481928,0.20240963855421687,0.04578313253012048,0.016867469879518072,0.07590361445783132,0.012048192771084338,0.00963855421686747,0.05542168674698795,0.12289156626506025,0.0855421686746988,0.03132530120481928,0.06626506024096386
0.07345971563981042,0.06042654028436019,0.05924170616113744,0.037914691943127965,0.031990521327014215,0.19549763033175355,0.054502369668246446,0.015402843601895734,0.06872037914691943,0.015402843601895734,0.01066350710900474,0.0533175355450237,0.13033175355450238,0.09834123222748815,0.026066350710900472,0.06872037914691943
0.06534422403733955,0.07234539089848308,0.058343057176196034,0.044340723453908985,0.026837806301050177,0.20070011668611434,0.059509918319719954,0.015169194865810968,0.07117852975495916,0.011668611435239206,0.008168028004667444,0.042007001166861145,0.1295215869311552,0.10151691948658109,0.03500583430571762,0.058343057176196034
0.06480446927374302,0.06927374301675977,0.054748603351955305,0.054748603351955305,0.02569832402234637,0.19441340782122904,0.048044692737430165,0.01564245810055866,0.07039106145251396,0.017877094972067038,0.013407821229050279,0.04357541899441341,0.1318435754189944,0.10837988826815642,0.027932960893854747,0.05921787709497207
0.07464324917672886,0.06805708013172337,0.054884742041712405,0.05378704720087816,0.026344676180021953,0.19209659714599342,0.050493962678375415,0.014270032930845226,0.06915477497255763,0.018660812294182216,0.007683863885839737,0.043907793633369926,0.14270032930845225,0.10647639956092206,0.019758507135016465,0.0570801317233809
0.07306434023991276,0.06324972737186478,0.05561613958560523,0.05670665212649945,0.023991275899672846,0.19083969465648856,0.05343511450381679,0.015267175572519083,0.07742639040348964,0.018538713195201745,0.013086150490730643,0.04471101417666303,0.11995637949836423,0.11777535441657579,0.018538713195201745,0.05779716466739367
0.07809110629067245,0.057483731019522775,0.05422993492407809,0.05314533622559653,0.02386117136659436,0.2017353579175705,0.057483731019522775,0.01193058568329718,0.07483731019522777,0.021691973969631236,0.010845986984815618,0.046637744034707156,0.12689804772234273,0.11171366594360087,0.01193058568329718,0.057483731019522775
0.08090614886731391,0.05825242718446602,0.05609492988133765,0.0593311758360302,0.017259978425026967,0.20604099244875945,0.05609492988133765,0.009708737864077669,0.05501618122977346,0.022653721682847898,0.008629989212513484,0.04422869471413161,0.14023732470334413,0.10787486515641856,0.014023732470334413,0.06364617044228695
0.08839190628328009,0.058572949946751864,0.05750798722044728,0.058572949946751864,0.021299254526091587,0.2066027689030884,0.055378061767838126,0.01597444089456869,0.04579339723109691,0.027689030883919063,0.006389776357827476,0.04472843450479233,0.13205537806176784,0.11182108626198083,0.013844515441959531,0.055378061767838126
0.09253417455310199,0.05573080967402734,0.06309148264984227,0.05783385909568875,0.024185068349106203,0.19873817034700317,0.04942166140904311,0.014721345951629864,0.052576235541535225,0.024185068349106203,0.007360672975814932,0.046267087276550996,0.13354363827549948,0.10199789695057834,0.016824395373291272,0.060988433228180865
0.09005235602094241,0.050261780104712044,0.06492146596858639,0.07329842931937172,0.024083769633507852,0.18848167539267016,0.049214659685863874,0.014659685863874346,0.04502617801047121,0.030366492146596858,0.005235602094240838,0.04293193717277487,0.13298429319371727,0.10785340314136126,0.019895287958115182,0.060732984293193716
0.09368421052631579,0.04736842105263158,0.07368421052631578,0.07578947368421053,0.02526315789473684,0.18526315789473685,0.05368421052631579,0.017894736842105262,0.04736842105263158,0.03368421052631579,0.005263157894736842,0.04421052631578947,0.12105263157894737,0.10105263157894737,0.02,0.05473684210526316
0.09697601668404589,0.05005213764337852,0.0740354535974974,0.07507820646506778,0.027111574556830033,0.18665276329509906,0.043795620437956206,0.023983315954118872,0.051094890510948905,0.028154327424400417,0.005213764337851929,0.043795620437956206,0.1251303441084463,0.09384775808133472,0.021897810218978103,0.053180396246089674
0.08717948717948718,0.048205128205128206,0.06153846153846154,0.07897435897435898,0.03076923076923077,0.1835897435897436,0.046153846153846156,0.024615384615384615,0.05641025641025641,0.03487179487179487,0.008205128205128205,0.04512820512820513,0.13333333333333333,0.09025641025641026,0.022564102564102566,0.048205128205128206
0.09081632653061225,0.05408163265306123,0.0653061224489796,0.08673469387755102,0.03163265306122449,0.17244897959183675,0.05,0.02857142857142857,0.05204081632653061,0.026530612244897958,0.00816326530612245,0.04285714285714286,0.12857142857142856,0.08673469387755102,0.025510204081632654,0.05
0.08841463414634146,0.054878048780487805,0.06097560975609756,0.08739837398373984,0.026422764227642278,0.17378048780487804,0.046747967479674794,0.03353658536585366,0.057926829268292686,0.028455284552845527,0.012195121951219513,0.04369918699186992,0.11686991869918699,0.08739837398373984,0.026422764227642278,0.054878048780487805
0.09908998988877654,0.05965621840242669,0.05864509605662285,0.09605662285136501,0.022244691607684528,0.1769464105156724,0.055611729019211326,0.025278058645096056,0.03943377148634985,0.020222446916076844,0.011122345803842264,0.043478260869565216,0.1172901921132457,0.08695652173913043,0.027300303336703743,0.06066734074823053
0.0980980980980981,0.05105105105105105,0.06406406406406406,0.08408408408408409,0.02702702702702703,0.17217217217217218,0.05205205205205205,0.02902902902902903,0.036036036036036036,0.018018018018018018,0.01701701701701702,0.04104104104104104,0.12512512512512514,0.08608608608608609,0.031031031031031032,0.06806806806806807
0.10742971887550201,0.04216867469879518,0.06626506024096386,0.08634538152610442,0.023092369477911646,0.16967871485943775,0.0572289156626506,0.029116465863453816,0.045180722891566265,0.015060240963855422,0.018072289156626505,0.040160642570281124,0.11746987951807229,0.0823293172690763,0.03112449799196787,0.06927710843373494
0.10756972111553785,0.04282868525896414,0.054780876494023904,0.09362549800796813,0.027888446215139442,0.1693227091633466,0.0647410358565737,0.029880478087649404,0.05079681274900399,0.01195219123505976,0.017928286852589643,0.04083665338645418,0.11055776892430279,0.07669322709163347,0.03286852589641434,0.06772908366533864
0.11852589641434264,0.0398406374501992,0.049800796812749,0.09362549800796813,0.025896414342629483,0.16633466135458166,0.05776892430278884,0.03187250996015936,0.04880478087649402,0.014940239043824702,0.018924302788844622,0.0398406374501992,0.12151394422310757,0.07768924302788845,0.02888446215139442,0.06573705179282868
0.12087912087912088,0.03796203796203796,0.054945054945054944,0.08191808191808192,0.02197802197802198,0.17382617382617382,0.061938061938061936,0.03196803196803197,0.04695304695304695,0.017982017982017984,0.015984015984015984,0.03596403596403597,0.11188811188811189,0.08291708291708291,0.029970029970029972,0.07292707292707293
0.1251212415130941,0.038797284190106696,0.055286129970902036,0.08244422890397672,0.027158098933074686,0.16391852570320078,0.06207565470417071,0.040737148399612025,0.04849660523763336,0.01842870999030068,0.012609117361784675,0.030067895247332686,0.10863239573229874,0.07662463627546072,0.031037827352085354,0.07856450048496605
0.126953125,0.0478515625,0.048828125,0.0869140625,0.029296875,0.1572265625,0.0576171875,0.0439453125,0.0458984375,0.01953125,0.013671875,0.03125,0.10546875,0.0751953125,0.0322265625,0.078125
0.1257197696737044,0.04702495201535509,0.04798464491362764,0.09309021113243762,0.02783109404990403,0.13915547024952016,0.06333973128598848,0.04318618042226487,0.04702495201535509,0.02399232245681382,0.01727447216890595,0.029750479846449136,0.10844529750479846,0.06525911708253358,0.036468330134357005,0.08445297504798464
0.13295880149812733,0.05056179775280899,0.047752808988764044,0.08614232209737828,0.02902621722846442,0.1441947565543071,0.060861423220973786,0.047752808988764044,0.04119850187265917,0.026217228464419477,0.018726591760299626,0.0299625468164794,0.11329588014981273,0.05805243445692884,0.03464419475655431,0.07865168539325842
0.11452513966480447,0.055865921787709494,0.048417132216014895,0.0856610800744879,0.027001862197392923,0.1452513966480447,0.06238361266294227,0.04189944134078212,0.038175046554934824,0.035381750465549346,0.019553072625698324,0.0335195530726257,0.11080074487895716,0.06517690875232775,0.0335195530726257,0.08286778398510242
0.12107208872458411,0.059149722735674676,0.04436229205175601,0.08040665434380777,0.024029574861367836,0.15157116451016636,0.06007393715341959,0.03974121996303143,0.03789279112754159,0.031423290203327174,0.022181146025878003,0.02865064695009242,0.11460258780036968,0.06839186691312385,0.029574861367837338,0.08687615526802218
0.12660550458715597,0.060550458715596334,0.047706422018348627,0.08073394495412844,0.024770642201834864,0.16238532110091744,0.060550458715596334,0.043119266055045874,0.03486238532110092,0.03577981651376147,0.012844036697247707,0.023853211009174313,0.11376146788990826,0.05504587155963303,0.030275229357798167,0.0871559633027523
0.13674418604651162,0.053023255813953486,0.05488372093023256,0.07813953488372093,0.020465116279069766,0.17116279069767443,0.0586046511627907,0.04372093023255814,0.04093023255813953,0.035348837209302326,0.013023255813953489,0.022325581395348838,0.11069767441860465,0.04930232558139535,0.02883720930232558,0.0827906976744186
0.13295880149812733,0.052434456928838954,0.06928838951310862,0.08052434456928839,0.02247191011235955,0.1704119850187266,0.05898876404494382,0.03464419475655431,0.040262172284644196,0.03277153558052434,0.014044943820224719,0.025280898876404494,0.10486891385767791,0.054307116104868915,0.023408239700374533,0.08333333333333333
0.12754158964879853,0.054528650646950096,0.06377079482439926,0.0822550831792976,0.024953789279112754,0.1709796672828096,0.06469500924214418,0.033271719038817,0.04251386321626617,0.04251386321626617,0.012939001848428836,0.025878003696857672,0.10351201478743069,0.05268022181146026,0.013863216266173753,0.08410351201478743
0.1322314049586777,0.051423324150596875,0.06887052341597796,0.0844811753902663,0.024793388429752067,0.1689623507805326,0.05876951331496786,0.04040404040404041,0.0440771349862259,0.03856749311294766,0.014692378328741965,0.023875114784205693,0.09917355371900827,0.048668503213957756,0.008264462809917356,0.09274563820018365
0.14418604651162792,0.06046511627906977,0.06883720930232558,0.07441860465116279,0.025116279069767444,0.17488372093023255,0.05767441860465116,0.04372093023255814,0.05023255813953489,0.037209302325581395,0.012093023255813953,0.014883720930232559,0.09395348837209302,0.04744186046511628,0.008372093023255815,0.08651162790697674
0.13957759412304868,0.06611570247933884,0.0743801652892562,0.06244260789715335,0.03213957759412305,0.1763085399449036,0.05876951331496786,0.04499540863177227,0.051423324150596875,0.03397612488521579,0.011937557392102846,0.013774104683195593,0.08631772268135904,0.051423324150596875,0.008264462809917356,0.0881542699724518
0.13155473781048757,0.07359705611775529,0.07451701931922723,0.05979760809567617,0.022999080036798528,0.18859245630174792,0.062557497700092,0.045078196872125116,0.04231830726770929,0.03955841766329347,0.012879484820607176,0.011959521619135235,0.08739650413983441,0.04967801287948482,0.012879484820607176,0.08463661453541858
0.13157894736842105,0.08439201451905626,0.0662431941923775,0.05716878402903811,0.024500907441016333,0.17785843920145192,0.06715063520871144,0.05898366606170599,0.038112522686025406,0.038112522686025406,0.013611615245009074,0.014519056261343012,0.08439201451905626,0.04900181488203267,0.008166969147005444,0.08620689655172414
0.13122171945701358,0.08597285067873303,0.06334841628959276,0.05701357466063348,0.019909502262443438,0.17285067873303167,0.07058823529411765,0.056108597285067875,0.04253393665158371,0.03619909502262444,0.013574660633484163,0.013574660633484163,0.08778280542986425,0.05520361990950226,0.008144796380090498,0.08597285067873303
0.11482820976491863,0.09132007233273057,0.0650994575045208,0.05786618444846293,0.0189873417721519,0.17450271247739602,0.07323688969258589,0.05063291139240506,0.0461121157323689,0.03616636528028933,0.011754068716094032,0.014466546112115732,0.08951175406871609,0.059674502712477394,0.009041591320072333,0.0867992766726944
0.1111111111111111,0.0993676603432701,0.05600722673893405,0.05871725383920506,0.018066847335140017,0.16982836495031617,0.06865401987353206,0.04697380307136405,0.053297199638663056,0.03884372177055104,0.014453477868112014,0.012646793134598013,0.0921409214092141,0.06413730803974707,0.011743450767841012,0.08401084010840108
0.12029384756657484,0.09182736455463728,0.05876951331496786,0.06795224977043159,0.02203856749311295,0.16620752984389348,0.07162534435261708,0.05601469237832874,0.04591368227731864,0.03489439853076217,0.018365472910927456,0.015610651974288337,0.08631772268135904,0.05417814508723599,0.014692378328741965,0.07529843893480258
0.105742935278031,0.0902461257976299,0.06563354603463993,0.07657247037374658,0.024612579762989972,0.16773017319963537,0.07657247037374658,0.05742935278030994,0.04740200546946217,0.027347310847766638,0.019143117593436645,0.020054694621695533,0.0820419325432999,0.05195989061075661,0.01276207839562443,0.07474931631722881
0.10382513661202186,0.08287795992714025,0.0546448087431694,0.06830601092896176,0.028233151183970857,0.16757741347905283,0.07923497267759563,0.05919854280510018,0.05009107468123861,0.0273224043715847,0.02459016393442623,0.022768670309653915,0.08561020036429873,0.05373406193078324,0.01092896174863388,0.08105646630236794
0.11274060494958753,0.08249312557286893,0.054078826764436295,0.06599450045829514,0.022914757103574702,0.16315307057745188,0.08157653528872594,0.05957836846929423,0.05041246562786435,0.03024747937671861,0.027497708524289642,0.01924839596700275,0.08524289642529789,0.05682859761686526,0.013748854262144821,0.07424381301558204
0.10658016682113068,0.06950880444856349,0.05375347544022243,0.07228915662650602,0.026876737720111215,0.1566265060240964,0.07414272474513438,0.06672845227062095,0.04819277108433735,0.033364226135310475,0.029657089898053754,0.025023169601482854,0.0871177015755329,0.05468025949953661,0.015755329008341055,0.07970342910101946
0.09918107370336669,0.07006369426751592,0.056414922656960874,0.07279344858962693,0.028207461328480437,0.1610555050045496,0.07370336669699727,0.056414922656960874,0.051865332120109194,0.030937215650591446,0.025477707006369428,0.029117379435850774,0.08280254777070063,0.06005459508644222,0.014558689717925387,0.08735213830755233
0.10235507246376811,0.07336956521739131,0.06159420289855073,0.06974637681159421,0.030797101449275364,0.15579710144927536,0.07518115942028986,0.057971014492753624,0.04891304347826087,0.03351449275362319,0.024456521739130436,0.028079710144927536,0.07608695652173914,0.06159420289855073,0.010869565217391304,0.08967391304347826
0.1018935978358882,0.0757439134355275,0.05590622182146077,0.06402164111812443,0.032461677186654644,0.15689810640216412,0.06943192064923355,0.05229936880072137,0.05320108205590622,0.0369702434625789,0.025247971145175834,0.027051397655545536,0.0829576194770063,0.062218214607754736,0.009918845807033363,0.09377817853922453
0.10474485228290063,0.06714413607878246,0.05550581915846016,0.05819158460161146,0.03581020590868397,0.1557743957027753,0.07251566696508505,0.052820053715308866,0.05819158460161146,0.046553267681289166,0.02685765443151298,0.025962399283795883,0.08952551477170993,0.05819158460161146,0.009847806624888093,0.08236347358997315
0.10479573712255773,0.06660746003552398,0.0586145648312611,0.06571936056838366,0.035523978685612786,0.16163410301953818,0.0674955595026643,0.04440497335701599,0.0541740674955595,0.03641207815275311,0.028419182948490232,0.028419182948490232,0.08969804618117229,0.05950266429840142,0.008880994671403197,0.08969804618117229
0.1055956678700361,0.06046931407942238,0.06407942238267147,0.05776173285198556,0.036101083032490974,0.1615523465703971,0.06949458483754513,0.04332129963898917,0.05956678700361011,0.04422382671480144,0.02888086642599278,0.02527075812274368,0.09476534296028881,0.05415162454873646,0.009025270758122744,0.08574007220216606
0.11855203619909502,0.05429864253393665,0.06877828054298643,0.05248868778280543,0.03167420814479638,0.15565610859728507,0.06515837104072399,0.04343891402714932,0.058823529411764705,0.051583710407239816,0.02895927601809955,0.02895927601809955,0.09864253393665158,0.05248868778280543,0.00904977375565611,0.08144796380090498
0.12454545454545454,0.05181818181818182,0.06909090909090909,0.05,0.03,0.1618181818181818,0.06363636363636363,0.04363636363636364,0.053636363636363635,0.06454545454545454,0.03,0.031818181818181815,0.09727272727272727,0.042727272727272725,0.006363636363636364,0.07909090909090909
0.11764705882352941,0.06244343891402715,0.06877828054298643,0.05067873303167421,0.02986425339366516,0.1755656108597285,0.056108597285067875,0.044343891402714934,0.051583710407239816,0.06063348416289593,0.034389140271493215,0.03076923076923077,0.09502262443438914,0.0416289592760181,0.007239819004524887,0.07330316742081448
0.12228260869565218,0.059782608695652176,0.06884057971014493,0.04800724637681159,0.030797101449275364,0.16757246376811594,0.057065217391304345,0.043478260869565216,0.049818840579710144,0.06159420289855073,0.03260869565217391,0.035326086956521736,0.09510869565217392,0.044384057971014496,0.007246376811594203,0.07608695652173914
0.12981199641897942,0.06445837063563116,0.07341092211280215,0.044762757385854966,0.02864816472694718,0.1727842435094002,0.051029543419874666,0.04207699194270367,0.050134288272157566,0.051029543419874666,0.02864816472694718,0.03133393017009848,0.10384959713518353,0.03939122649955237,0.009847806624888093,0.07878245299910475
0.13012477718360071,0.05525846702317291,0.0766488413547237,0.0392156862745098,0.0338680926916221,0.16755793226381463,0.045454545454545456,0.049019607843137254,0.049019607843137254,0.04723707664884135,0.026737967914438502,0.0338680926916221,0.10427807486631016,0.0481283422459893,0.0142602495543672,0.07932263814616755
0.13047363717605004,0.05361930294906166,0.07953529937444147,0.03127792672028597,0.040214477211796246,0.1671134941912422,0.0420017873100983,0.04647006255585344,0.05272564789991063,0.050044682752457555,0.03038427167113494,0.03038427167113494,0.10813226094727435,0.05361930294906166,0.010723860589812333,0.07327971403038427
0.13805309734513274,0.049557522123893805,0.08053097345132744,0.034513274336283185,0.03716814159292035,0.168141592920354,0.04247787610619469,0.05221238938053097,0.049557522123893805,0.05221238938053097,0.03185840707964602,0.02831858407079646,0.09557522123893805,0.049557522123893805,0.010619469026548672,0.07964601769911504
0.13523131672597866,0.05338078291814947,0.0800711743772242,0.028469750889679714,0.033807829181494664,0.16370106761565836,0.04092526690391459,0.05249110320284697,0.04893238434163701,0.046263345195729534,0.03291814946619217,0.028469750889679714,0.10231316725978648,0.06227758007117438,0.013345195729537367,0.07740213523131673
0.12709620476610767,0.06354810238305383,0.08737864077669903,0.03000882612533098,0.03265666372462489,0.16593115622241836,0.04236540158870256,0.06266548984995587,0.038834951456310676,0.04236540158870256,0.03177405119152692,0.03000882612533098,0.09532215357458076,0.06001765225066196,0.01500441306266549,0.07502206531332745
0.13668430335097,0.059964726631393295,0.09523809523809523,0.02292768959435626,0.02821869488536155,0.16137566137566137,0.031746031746031744,0.06525573192239859,0.042328042328042326,0.04585537918871252,0.027336860670194002,0.0291005291005291,0.10052910052910052,0.05731922398589065,0.013227513227513227,0.08289241622574955
0.12914485165794065,0.06719022687609075,0.09162303664921466,0.02617801047120419,0.028795811518324606,0.15794066317626526,0.027050610820244327,0.060209424083769635,0.038394415357766144,0.055846422338568937,0.03577661431064572,0.03315881326352531,0.09075043630017451,0.055846422338568937,0.015706806282722512,0.08638743455497382
0.13588850174216027,0.07142857142857142,0.08797909407665505,0.023519163763066203,0.032229965156794424,0.1602787456445993,0.029616724738675958,0.06010452961672474,0.03832752613240418,0.050522648083623695,0.029616724738675958,0.03048780487804878,0.09407665505226481,0.05574912891986063,0.014808362369337979,0.08536585365853659
0.1395961369622476,0.07287093942054433,0.09043020193151888,0.027216856892010536,0.03424056189640035,0.14925373134328357,0.029850746268656716,0.056189640035118525,0.038630377524143986,0.05443371378402107,0.02897278314310799,0.028094820017559263,0.08955223880597014,0.05443371378402107,0.015803336259877086,0.09043020193151888
0.129973474801061,0.0671971706454465,0.08311229000884174,0.02564102564102564,0.03359858532272325,0.16534040671971706,0.03359858532272325,0.05481874447391689,0.04155614500442087,0.0610079575596817,0.030061892130857647,0.029177718832891247,0.08222811671087533,0.0618921308576481,0.016799292661361626,0.08399646330680813
0.12034632034632034,0.06147186147186147,0.08051948051948052,0.027705627705627706,0.03636363636363636,0.17142857142857143,0.0354978354978355,0.05541125541125541,0.03722943722943723,0.05714285714285714,0.02857142857142857,0.030303030303030304,0.08658008658008658,0.0632034632034632,0.01818181818181818,0.09004329004329005
0.12020905923344948,0.06533101045296168,0.07229965156794425,0.027874564459930314,0.0313588850174216,0.16898954703832753,0.033101045296167246,0.06097560975609756,0.042682926829268296,0.05313588850174216,0.033101045296167246,0.03484320557491289,0.08013937282229965,0.06358885017421603,0.020905923344947737,0.09146341463414634
0.13544415127528583,0.06684256816182937,0.06156552330694811,0.025505716798592787,0.02990325417766051,0.16182937554969218,0.03342128408091469,0.06772207563764292,0.03518029903254178,0.05364995602462621,0.029023746701846966,0.0316622691292876,0.08619173262972735,0.052770448548812667,0.022867194371152155,0.10642040457343888
0.13584574934268187,0.06748466257668712,0.06134969325153374,0.028921998247151623,0.028045574057843997,0.16476774758983348,0.03418054338299737,0.07274320771253287,0.03155127081507449,0.05346187554776512,0.029798422436459245,0.02366345311130587,0.08238387379491674,0.057843996494303246,0.019281332164767746,0.10867659947414549
0.14147627416520211,0.06678383128295255,0.056239015817223195,0.030755711775043937,0.02899824253075571,0.1608084358523726,0.03163444639718805,0.06854130052724078,0.03866432337434095,0.050966608084358524,0.023725834797891036,0.026362038664323375,0.09314586994727592,0.054481546572934976,0.014938488576449912,0.11247803163444639
0.1467248908296943,0.06812227074235808,0.05851528384279476,0.029694323144104803,0.029694323144104803,0.15458515283842794,0.03056768558951965,0.07336244541484715,0.03842794759825328,0.045414847161572056,0.026200873362445413,0.02445414847161572,0.08296943231441048,0.056768558951965066,0.01222707423580786,0.1222707423580786
0.14408973252804141,0.07765314926660914,0.05263157894736842,0.03192407247627265,0.027610008628127698,0.15012942191544434,0.027610008628127698,0.07765314926660914,0.03882657463330457,0.04055220017256255,0.027610008628127698,0.01984469370146678,0.08628127696289906,0.061259706643658325,0.010353753235547885,0.12597066436583262
0.13793103448275862,0.075,0.056896551724137934,0.03189655172413793,0.02586206896551724,0.14913793103448275,0.03362068965517241,0.07327586206896551,0.034482758620689655,0.039655172413793106,0.03189655172413793,0.025,0.10172413793103448,0.05775862068965517,0.01206896551724138,0.11379310344827587
