C_R,C_A,C_S,C_N,D_R,D_A,D_S,D_N,Oc_R,Oc_A,Oc_S,Oc_N,Od_R,Od_A,Od_S,Od_N
0.0,0.0,0.0,0.0,0.0,0.0,0.0,0.0,0.0,0.0,0.0,0.0,0.0,0.0,0.0,1.0
0.0,0.0,0.0,0.0,0.0,0.0,0.0,0.0,0.0,0.0,0.3333333333333333,0.0,0.0,0.0,0.0,0.6666666666666666
0.0,0.0,0.0,0.0,0.0,0.14285714285714285,0.0,0.0,0.0,0.0,0.42857142857142855,0.0,0.0,0.0,0.0,0.42857142857142855
0.06666666666666667,0.0,0.0,0.0,0.06666666666666667,0.13333333333333333,0.0,0.0,0.0,0.0,0.26666666666666666,0.0,0.06666666666666667,0.06666666666666667,0.0,0.3333333333333333
0.07407407407407407,0.037037037037037035,0.0,0.037037037037037035,0.12962962962962962,0.05555555555555555,0.0,0.0,0.0,0.0,0.2037037037037037,0.0,0.05555555555555555,0.07407407407407407,0.0,0.3333333333333333
0.07608695652173914,0.03260869565217391,0.0,0.03260869565217391,0.14130434782608695,0.043478260869565216,0.010869565217391304,0.0,0.0,0.0,0.1956521739130435,0.021739130434782608,0.043478260869565216,0.07608695652173914,0.021739130434782608,0.30434782608695654
0.06993006993006994,0.04895104895104895,0.0,0.027972027972027972,0.1258741258741259,0.03496503496503497,0.006993006993006993,0.02097902097902098,0.0,0.013986013986013986,0.23076923076923078,0.02097902097902098,0.055944055944055944,0.07692307692307693,0.02097902097902098,0.24475524475524477
0.08333333333333333,0.06018518518518518,0.0,0.023148148148148147,0.1527777777777778,0.032407407407407406,0.013888888888888888,0.018518518518518517,0.0,0.023148148148148147,0.22685185185185186,0.018518518518518517,0.05092592592592592,0.07407407407407407,0.018518518518518517,0.2037037037037037
0.06818181818181818,0.07792207792207792,0.003246753246753247,0.025974025974025976,0.16233766233766234,0.022727272727272728,0.022727272727272728,0.032467532467532464,0.00974025974025974,0.025974025974025976,0.2077922077922078,0.022727272727272728,0.05844155844155844,0.07792207792207792,0.01948051948051948,0.16233766233766234
0.08029197080291971,0.0851581508515815,0.0072992700729927005,0.019464720194647202,0.15328467153284672,0.021897810218978103,0.0267639902676399,0.0364963503649635,0.0072992700729927005,0.0364963503649635,0.20681265206812652,0.021897810218978103,0.06326034063260341,0.07785888077858881,0.012165450121654502,0.1435523114355231
0.06297709923664122,0.10687022900763359,0.015267175572519083,0.019083969465648856,0.1431297709923664,0.022900763358778626,0.03435114503816794,0.04580152671755725,0.013358778625954198,0.05152671755725191,0.17748091603053434,0.022900763358778626,0.06870229007633588,0.07824427480916031,0.011450381679389313,0.12595419847328243
0.062402496099843996,0.0998439937597504,0.0249609984399376,0.015600624024960999,0.14040561622464898,0.0187207488299532,0.0374414976599064,0.056162246489859596,0.0109204368174727,0.0530421216848674,0.16536661466458658,0.029641185647425898,0.0811232449297972,0.08268330733229329,0.0124804992199688,0.10920436817472699
0.06307490144546649,0.09067017082785808,0.024967148488830485,0.017082785808147174,0.14060446780551905,0.022339027595269383,0.04204993429697766,0.06044678055190539,0.01576872536136662,0.04730617608409987,0.15243101182654403,0.04467805519053877,0.08541392904073587,0.08672798948751642,0.01576872536136662,0.09067017082785808
0.056433408577878104,0.08803611738148984,0.03160270880361174,0.02144469525959368,0.1309255079006772,0.023702031602708805,0.050790067720090294,0.06433408577878104,0.014672686230248307,0.05191873589164785,0.14672686230248308,0.046275395033860044,0.08916478555304741,0.08916478555304741,0.01580135440180587,0.07900677200902935
0.05288932419196866,0.08227228207639568,0.034280117531831536,0.024485798237022526,0.11949069539666993,0.025465230166503428,0.04603330068560235,0.06660137120470128,0.01762977473065622,0.050930460333006855,0.14005876591576885,0.05288932419196866,0.0910871694417238,0.0969637610186092,0.01860920666013712,0.08031341821743389
0.04055220017256255,0.08369283865401209,0.03537532355478861,0.025021570319240724,0.11734253666954271,0.026747195858498704,0.05349439171699741,0.06988783433994823,0.028472821397756688,0.05004314063848145,0.13201035375323555,0.05349439171699741,0.09577221742881795,0.09232096635030199,0.0181190681622088,0.07765314926660914
0.035686578743211794,0.08223429014740109,0.03801396431342126,0.02482544608223429,0.12024825446082234,0.026377036462373934,0.05663304887509697,0.07370054305663305,0.030256012412723042,0.047323506594259115,0.13343677269200932,0.04965089216446858,0.09231962761830877,0.09076803723816912,0.023273855702094646,0.07525213343677269
0.03553660270078181,0.0824449182658138,0.037668798862828715,0.02700781805259417,0.12651030561478321,0.02771855010660981,0.06041222459132907,0.07391613361762615,0.03553660270078181,0.04193319118692253,0.12864250177683015,0.047619047619047616,0.09026297085998579,0.0867093105899076,0.0255863539445629,0.07249466950959488
0.03322475570032573,0.08208469055374593,0.03452768729641694,0.025407166123778503,0.13094462540716612,0.031270358306188926,0.06644951140065146,0.07100977198697069,0.038436482084690554,0.04364820846905537,0.1276872964169381,0.03973941368078176,0.09250814332247558,0.08338762214983714,0.03061889250814332,0.06905537459283388
0.03349282296650718,0.07595693779904306,0.03588516746411483,0.028708133971291867,0.1339712918660287,0.038875598086124404,0.07057416267942583,0.07535885167464115,0.042464114832535885,0.038875598086124404,0.12320574162679426,0.03648325358851675,0.09090909090909091,0.07236842105263158,0.03708133971291866,0.06578947368421052
0.035753575357535754,0.07425742574257425,0.03685368536853685,0.027502750275027504,0.12926292629262925,0.043454345434543455,0.07590759075907591,0.0704070407040704,0.041254125412541254,0.0407040704070407,0.12156215621562157,0.034653465346534656,0.0924092409240924,0.06765676567656766,0.043454345434543455,0.06490649064906491
0.035641547861507125,0.06975560081466395,0.04175152749490835,0.032586558044806514,0.12525458248472504,0.04735234215885947,0.08197556008146639,0.06975560081466395,0.04175152749490835,0.04175152749490835,0.1125254582484725,0.03615071283095723,0.09114052953156823,0.06822810590631365,0.04531568228105906,0.059063136456211814
0.038991916310033285,0.06799809795530196,0.047075606276747506,0.03471231573941987,0.11935330480266286,0.04945316214931051,0.07893485496909178,0.06990014265335236,0.043747028055159294,0.04089396100808369,0.10556348074179743,0.03851640513552068,0.09462672372800761,0.060865430337612936,0.052781740370898715,0.056585829766999524
0.041910770617395225,0.0626408292023434,0.04686795853988283,0.03605227579990987,0.11536728255971158,0.050473186119873815,0.07931500675980171,0.06849932401982875,0.04371338440739072,0.043262730959891846,0.10274898602974313,0.03875619648490311,0.09508787742226228,0.061739522307345654,0.058134294727354666,0.055430374042361424
0.04428202923473775,0.06319862424763542,0.05374032674118659,0.03912295786758384,0.11521926053310404,0.051590713671539126,0.07566638005159071,0.06835769561478934,0.04471195184866724,0.03998280309544282,0.09802235597592433,0.037403267411865865,0.09544282029234738,0.05932932072226999,0.05717970765262253,0.05674978503869303
0.049023680930619026,0.06522642293311176,0.053593685085168256,0.04320731200664728,0.11009555463232239,0.04943913585375987,0.07228915662650602,0.0656418778562526,0.04985459077690071,0.041130037390943085,0.0922309929372663,0.03739094308267553,0.09680099709181554,0.059410054009140005,0.05899459908599917,0.055670959700872456
0.0496742671009772,0.06555374592833876,0.05618892508143322,0.04560260586319218,0.10627035830618893,0.050895765472312705,0.07043973941368079,0.06392508143322476,0.05171009771986971,0.039902280130293157,0.08672638436482084,0.04071661237785016,0.09731270358306189,0.056596091205211724,0.05863192182410423,0.05985342019543974
0.05229283990345937,0.06878519710378117,0.059935639581657284,0.04585679806918745,0.10136765888978279,0.053901850362027354,0.06958970233306516,0.06436041834271923,0.04706355591311343,0.04344328238133548,0.08447304907481899,0.042638777152051485,0.08930008045052293,0.05913113435237329,0.05711987127916331,0.06074014481094127
0.0528,0.0656,0.0584,0.0464,0.1,0.0512,0.0676,0.0644,0.0496,0.048,0.0832,0.046,0.0892,0.0612,0.0612,0.0552
0.0504,0.064,0.0572,0.0492,0.0972,0.0552,0.0696,0.0604,0.0528,0.0476,0.0804,0.0488,0.0868,0.0624,0.0612,0.0568
0.052,0.0668,0.0568,0.05,0.0952,0.0572,0.0692,0.0588,0.052,0.0524,0.0792,0.052,0.0816,0.0636,0.0584,0.0548
0.0544,0.064,0.0572,0.0516,0.0928,0.0616,0.068,0.0604,0.0488,0.0512,0.0764,0.0508,0.0788,0.07,0.0596,0.0544
0.0568,0.0668,0.0568,0.0548,0.0868,0.0592,0.0676,0.0608,0.0492,0.0516,0.074,0.0524,0.0768,0.0724,0.06,0.054
0.0552,0.0668,0.0528,0.0564,0.0884,0.0596,0.0652,0.0604,0.052,0.054,0.0756,0.0524,0.0732,0.0712,0.0596,0.0572
0.0572,0.0672,0.0572,0.0592,0.0912,0.0592,0.0604,0.0568,0.0532,0.0512,0.076,0.0536,0.0732,0.0688,0.058,0.0576
0.056,0.064,0.0564,0.0588,0.0888,0.0624,0.06,0.0596,0.0552,0.0484,0.0736,0.0568,0.0736,0.068,0.058,0.0604
0.0576,0.0644,0.0576,0.0552,0.0892,0.0624,0.0632,0.0612,0.0532,0.05,0.07,0.0564,0.0704,0.068,0.0584,0.0628
0.0604,0.068,0.0568,0.058,0.0868,0.0608,0.0632,0.0592,0.0524,0.0492,0.0672,0.0548,0.072,0.0672,0.06,0.064
0.06,0.0668,0.054,0.0592,0.082,0.0632,0.0624,0.06,0.0528,0.0488,0.0712,0.058,0.072,0.0676,0.058,0.064
0.0572,0.0668,0.056,0.0564,0.0812,0.0624,0.0688,0.0612,0.0528,0.0496,0.0712,0.056,0.0692,0.0688,0.0576,0.0648
0.056,0.0668,0.0572,0.056,0.08,0.0628,0.0688,0.0648,0.0504,0.0488,0.0712,0.0572,0.0672,0.0692,0.0568,0.0668
0.0596,0.0664,0.0568,0.0544,0.0772,0.0628,0.0652,0.0644,0.0516,0.046,0.072,0.0608,0.0676,0.0684,0.06,0.0668
0.0636,0.0636,0.0556,0.056,0.0736,0.062,0.0624,0.0656,0.0548,0.0512,0.0708,0.0596,0.0676,0.066,0.0592,0.0684
0.0636,0.066,0.0548,0.0568,0.0688,0.0604,0.0672,0.0644,0.0572,0.0524,0.0704,0.0604,0.0676,0.0668,0.0568,0.0664
0.064,0.066,0.056,0.058,0.0664,0.0572,0.0664,0.0632,0.0576,0.0552,0.0712,0.062,0.064,0.0636,0.0596,0.0696
0.0644,0.0644,0.0596,0.0588,0.07,0.0552,0.068,0.064,0.0596,0.0524,0.0716,0.0596,0.0624,0.0628,0.0592,0.068
0.0636,0.0644,0.0608,0.0624,0.0716,0.0552,0.0684,0.0632,0.058,0.0528,0.072,0.0588,0.0628,0.0676,0.0532,0.0652
0.0664,0.0656,0.064,0.0648,0.0712,0.0544,0.0656,0.0612,0.0532,0.0528,0.0732,0.0564,0.0628,0.068,0.0552,0.0652
0.0648,0.0684,0.0632,0.0588,0.0716,0.0572,0.0652,0.06,0.0524,0.0532,0.0768,0.0552,0.0644,0.066,0.0564,0.0664
0.0652,0.066,0.0664,0.0616,0.0728,0.06,0.0648,0.056,0.0552,0.054,0.078,0.0528,0.0636,0.0648,0.0564,0.0624
0.064,0.0636,0.0632,0.0628,0.0716,0.06,0.0628,0.0568,0.0612,0.0536,0.0784,0.0544,0.0636,0.0676,0.0568,0.0596
0.0668,0.0616,0.062,0.0628,0.0716,0.0588,0.06,0.0576,0.062,0.0572,0.0792,0.0576,0.0624,0.0664,0.058,0.056
0.0648,0.062,0.0612,0.0632,0.0696,0.0592,0.062,0.0596,0.0572,0.0576,0.0768,0.0612,0.0644,0.068,0.0592,0.054
0.0672,0.0648,0.0592,0.0632,0.0672,0.058,0.06,0.0608,0.0536,0.0564,0.078,0.0632,0.0624,0.0664,0.0628,0.0568
0.0712,0.0672,0.0572,0.0628,0.0684,0.058,0.06,0.0616,0.052,0.056,0.0768,0.0616,0.0628,0.0636,0.0616,0.0592
0.0728,0.0692,0.0564,0.066,0.0688,0.06,0.0632,0.062,0.0492,0.058,0.0704,0.0612,0.06,0.0612,0.062,0.0596
0.074,0.0704,0.0572,0.0684,0.0648,0.0616,0.0644,0.0604,0.0532,0.0584,0.0672,0.0592,0.062,0.0628,0.0592,0.0568
0.0752,0.0676,0.0568,0.0712,0.0624,0.0632,0.0616,0.0632,0.0532,0.056,0.068,0.0608,0.0616,0.0592,0.0612,0.0588
0.0724,0.0684,0.0548,0.0676,0.062,0.0628,0.0616,0.066,0.0536,0.0564,0.072,0.0612,0.0624,0.0596,0.0636,0.0556
0.0756,0.0664,0.0528,0.0644,0.0592,0.0648,0.066,0.0636,0.058,0.0572,0.0684,0.06,0.0644,0.0596,0.0632,0.0564
0.0724,0.0648,0.054,0.0664,0.062,0.0608,0.068,0.0616,0.056,0.0572,0.0688,0.0636,0.0648,0.0604,0.0632,0.056
0.0732,0.0712,0.0536,0.0668,0.0584,0.0592,0.0692,0.0632,0.0548,0.0604,0.0636,0.0624,0.0636,0.0632,0.0604,0.0568
0.0716,0.0716,0.0568,0.0632,0.0592,0.0592,0.0736,0.0652,0.0548,0.0604,0.0656,0.0596,0.0608,0.0636,0.058,0.0568
0.0684,0.0684,0.058,0.064,0.0572,0.062,0.0688,0.0656,0.056,0.064,0.0664,0.0612,0.0588,0.0644,0.06,0.0568
0.0704,0.0696,0.0596,0.06,0.0592,0.0636,0.0648,0.0616,0.0556,0.0644,0.068,0.0596,0.06,0.0652,0.0596,0.0588
0.0664,0.0724,0.06,0.0584,0.058,0.0624,0.066,0.0588,0.0576,0.0652,0.068,0.062,0.0596,0.0676,0.0576,0.06
0.07,0.0736,0.058,0.0584,0.0596,0.0592,0.0656,0.0556,0.0572,0.066,0.0664,0.0628,0.0616,0.068,0.0592,0.0588
0.07,0.0728,0.0568,0.06,0.0588,0.0608,0.0664,0.0548,0.0572,0.0664,0.0684,0.0616,0.062,0.0632,0.0592,0.0616
0.0712,0.0716,0.0584,0.0592,0.056,0.0608,0.0644,0.0544,0.058,0.068,0.0712,0.0632,0.064,0.0604,0.0572,0.062
0.0692,0.0744,0.0608,0.0604,0.0552,0.0608,0.0676,0.056,0.0588,0.0656,0.0684,0.0632,0.0616,0.0596,0.0556,0.0628
0.0684,0.0696,0.0636,0.0616,0.0536,0.0632,0.066,0.0556,0.0564,0.0664,0.0692,0.0636,0.0668,0.0588,0.0556,0.0616
0.0684,0.0688,0.0664,0.0624,0.0508,0.0624,0.0636,0.0584,0.0572,0.0648,0.0664,0.0652,0.0684,0.0624,0.0528,0.0616
0.0708,0.068,0.0648,0.0648,0.0524,0.0592,0.0612,0.0604,0.0564,0.0656,0.0636,0.0676,0.0688,0.0628,0.0548,0.0588
0.0704,0.0632,0.066,0.0644,0.0524,0.0596,0.0588,0.0632,0.058,0.0656,0.0624,0.0668,0.0676,0.0644,0.0584,0.0588
0.0688,0.0596,0.0644,0.062,0.0552,0.0628,0.0568,0.0596,0.06,0.0676,0.0612,0.0684,0.0664,0.0684,0.0568,0.062
0.07,0.0608,0.064,0.062,0.0572,0.0676,0.0572,0.0592,0.0596,0.0676,0.0572,0.066,0.0656,0.0648,0.0592,0.062
0.0668,0.0592,0.0628,0.0656,0.0576,0.0668,0.0584,0.0604,0.0608,0.066,0.0576,0.0652,0.066,0.0652,0.0616,0.06
0.0648,0.0592,0.0624,0.0676,0.0576,0.0628,0.06,0.0628,0.0612,0.0664,0.0572,0.0668,0.0628,0.0628,0.0628,0.0628
0.062,0.0588,0.062,0.0676,0.0588,0.0628,0.0596,0.0604,0.0616,0.066,0.0568,0.0676,0.0644,0.0632,0.0648,0.0636
0.0596,0.054,0.0628,0.066,0.0584,0.0624,0.0604,0.0624,0.0612,0.0672,0.0592,0.0672,0.0688,0.0596,0.0664,0.0644
0.0592,0.0564,0.0596,0.0676,0.0584,0.062,0.0612,0.0652,0.0596,0.07,0.0596,0.0696,0.0696,0.0588,0.062,0.0612
0.0612,0.0564,0.0612,0.0676,0.0616,0.0612,0.062,0.0636,0.0616,0.0668,0.058,0.0684,0.0676,0.0608,0.0596,0.0624
0.0604,0.054,0.062,0.07,0.062,0.0624,0.0604,0.062,0.0644,0.0688,0.0556,0.0696,0.0652,0.0596,0.0592,0.0644
0.06,0.0552,0.064,0.0712,0.0604,0.0596,0.0564,0.064,0.0644,0.0716,0.0524,0.0704,0.0648,0.0592,0.0636,0.0628
0.06,0.0596,0.0636,0.068,0.0608,0.0604,0.0572,0.0656,0.066,0.0672,0.05,0.0708,0.0628,0.0604,0.0632,0.0644
0.058,0.0596,0.0648,0.0668,0.0608,0.0632,0.06,0.062,0.0704,0.064,0.052,0.0672,0.0616,0.0616,0.0644,0.0636
0.0608,0.0588,0.0644,0.0664,0.0624,0.0644,0.0652,0.0672,0.068,0.0596,0.0528,0.066,0.0592,0.0604,0.0612,0.0632
0.062,0.0592,0.062,0.066,0.0612,0.0628,0.064,0.0652,0.068,0.0608,0.0544,0.0652,0.058,0.0608,0.0624,0.068
0.062,0.0604,0.0612,0.066,0.0584,0.0652,0.0612,0.064,0.066,0.06,0.0556,0.0648,0.0656,0.0608,0.0636,0.0652
0.0624,0.0592,0.0628,0.0692,0.0584,0.07,0.0608,0.0628,0.0636,0.0616,0.0536,0.062,0.066,0.062,0.0624,0.0632
0.0656,0.056,0.0636,0.064,0.0588,0.0704,0.06,0.0656,0.066,0.0584,0.056,0.0596,0.0652,0.0616,0.0656,0.0636
0.0668,0.0572,0.064,0.0636,0.0564,0.0724,0.0592,0.0668,0.068,0.058,0.0596,0.06,0.0628,0.0604,0.0628,0.062
0.0628,0.056,0.0648,0.0652,0.0596,0.0728,0.0588,0.0648,0.0692,0.056,0.0616,0.0632,0.0612,0.06,0.0632,0.0608
0.0604,0.0592,0.0624,0.0668,0.0584,0.0712,0.0592,0.066,0.0656,0.0548,0.0612,0.0652,0.0624,0.0628,0.0612,0.0632
0.0592,0.0588,0.0604,0.0676,0.0596,0.0724,0.0572,0.0644,0.0688,0.0556,0.0624,0.0664,0.0628,0.0628,0.0608,0.0608
0.0628,0.0568,0.0612,0.0692,0.058,0.0712,0.0588,0.064,0.066,0.0532,0.0628,0.068,0.0648,0.0632,0.0604,0.0596
0.0648,0.0576,0.0616,0.0684,0.06,0.0712,0.0548,0.0636,0.0616,0.0536,0.0596,0.0712,0.0648,0.0628,0.0624,0.062
0.0636,0.0568,0.06,0.0708,0.0576,0.0736,0.0556,0.0616,0.06,0.0516,0.0604,0.072,0.0672,0.0608,0.0652,0.0632
0.0636,0.0564,0.0608,0.0728,0.054,0.0728,0.054,0.06,0.0616,0.0536,0.06,0.0776,0.0636,0.0604,0.0632,0.0656
0.0636,0.0576,0.062,0.0716,0.0536,0.0724,0.0544,0.0592,0.06,0.0508,0.0592,0.082,0.064,0.0628,0.0624,0.0644
0.0624,0.0632,0.0604,0.072,0.054,0.0704,0.0568,0.0584,0.058,0.0532,0.0588,0.0804,0.0608,0.0656,0.0648,0.0608
0.064,0.0592,0.06,0.0704,0.0572,0.0708,0.0592,0.0576,0.0608,0.054,0.06,0.0748,0.0588,0.0676,0.0656,0.06
0.062,0.0576,0.0556,0.0752,0.0572,0.0708,0.0588,0.0568,0.06,0.0564,0.06,0.0736,0.0616,0.068,0.068,0.0584
0.0612,0.062,0.06,0.0728,0.0552,0.0732,0.058,0.0552,0.0596,0.0592,0.0588,0.0728,0.0604,0.0652,0.0724,0.054
0.064,0.0616,0.0596,0.0724,0.054,0.0696,0.0588,0.0552,0.0596,0.0584,0.0616,0.0748,0.0592,0.0668,0.0684,0.056
0.0624,0.0636,0.0596,0.0708,0.0528,0.0704,0.0584,0.0532,0.06,0.06,0.0616,0.076,0.062,0.0644,0.0708,0.054
0.0612,0.0676,0.062,0.0708,0.058,0.0712,0.0572,0.0552,0.058,0.0592,0.0596,0.076,0.0576,0.0652,0.0668,0.0544
0.0612,0.0664,0.0624,0.0692,0.0608,0.0696,0.054,0.056,0.0596,0.0552,0.0588,0.0792,0.0584,0.0636,0.0696,0.056
0.0612,0.066,0.0612,0.0692,0.058,0.0708,0.056,0.0564,0.0604,0.0552,0.0604,0.078,0.0556,0.0624,0.0724,0.0568
0.0592,0.0652,0.0616,0.0712,0.056,0.0708,0.0548,0.058,0.0612,0.0548,0.0612,0.0732,0.0572,0.0668,0.0712,0.0576
0.06,0.0628,0.0608,0.0708,0.0532,0.0712,0.0548,0.058,0.0612,0.0552,0.0624,0.0756,0.0588,0.0684,0.0692,0.0576
0.0616,0.0636,0.0564,0.0672,0.054,0.0704,0.056,0.0584,0.0624,0.0572,0.062,0.0776,0.0576,0.0696,0.0696,0.0564
0.062,0.064,0.0552,0.07,0.0588,0.0664,0.0588,0.06,0.0576,0.058,0.0632,0.0748,0.0544,0.072,0.07,0.0548
0.058,0.0668,0.0556,0.0704,0.0564,0.0664,0.0624,0.0664,0.0564,0.056,0.0628,0.0756,0.0556,0.07,0.0688,0.0524
0.0556,0.0684,0.056,0.0672,0.0572,0.066,0.0684,0.0656,0.0544,0.0576,0.0632,0.0752,0.0532,0.0688,0.0716,0.0516
0.0584,0.0648,0.0568,0.0628,0.062,0.064,0.0672,0.0656,0.0556,0.0564,0.066,0.0752,0.0528,0.0664,0.0724,0.0536
0.0612,0.062,0.056,0.0636,0.0564,0.0684,0.0692,0.0656,0.058,0.056,0.0664,0.0772,0.0512,0.0668,0.0692,0.0528
0.0604,0.0592,0.0572,0.0648,0.0556,0.0736,0.0668,0.064,0.0584,0.058,0.0644,0.0768,0.0564,0.064,0.066,0.0544
0.0592,0.0584,0.0568,0.0648,0.0584,0.0704,0.0636,0.0632,0.0612,0.0588,0.0684,0.078,0.0528,0.0628,0.0676,0.0556
0.0568,0.0604,0.0612,0.0656,0.0596,0.0688,0.064,0.0632,0.0588,0.0604,0.068,0.0764,0.0524,0.0644,0.0652,0.0548
0.0576,0.0628,0.064,0.0664,0.0608,0.0712,0.0636,0.0652,0.0584,0.0576,0.0616,0.0776,0.05,0.0624,0.064,0.0568
0.0576,0.0616,0.0612,0.0644,0.0616,0.072,0.0632,0.0648,0.058,0.0588,0.0608,0.0776,0.052,0.0648,0.062,0.0596
0.0616,0.058,0.0576,0.064,0.062,0.0704,0.0644,0.0656,0.0596,0.0592,0.06,0.0788,0.0524,0.064,0.062,0.0604
0.0616,0.0612,0.056,0.0628,0.0652,0.0696,0.0604,0.0672,0.0608,0.06,0.0624,0.0768,0.0532,0.0588,0.0628,0.0612
0.0616,0.06,0.056,0.0672,0.0652,0.0672,0.0604,0.0648,0.0616,0.0588,0.064,0.0748,0.0536,0.0612,0.062,0.0616
0.0588,0.0608,0.0544,0.0656,0.0672,0.0652,0.0636,0.0612,0.064,0.0604,0.0624,0.078,0.0532,0.0632,0.0632,0.0588
0.0592,0.06,0.0552,0.0652,0.0688,0.0672,0.0676,0.0596,0.06,0.0624,0.0608,0.0756,0.0564,0.0596,0.0652,0.0572
0.0544,0.0624,0.0576,0.066,0.068,0.0648,0.0708,0.0576,0.0584,0.0628,0.0652,0.0752,0.0576,0.0596,0.0612,0.0584
0.0556,0.0596,0.0576,0.0648,0.0692,0.0636,0.0664,0.0564,0.0596,0.0612,0.068,0.0792,0.058,0.062,0.0624,0.0564
0.0544,0.0592,0.0556,0.0644,0.0704,0.064,0.068,0.0568,0.0584,0.0592,0.0684,0.0784,0.0584,0.0644,0.0624,0.0576
0.0544,0.0576,0.0552,0.0616,0.072,0.0656,0.068,0.0576,0.0612,0.0596,0.0668,0.0752,0.0612,0.0664,0.0616,0.056
0.056,0.0564,0.056,0.0624,0.0724,0.0644,0.066,0.0596,0.06,0.06,0.0668,0.0732,0.0608,0.0676,0.0628,0.0556
0.0572,0.056,0.0568,0.0628,0.0696,0.0628,0.0628,0.0624,0.0604,0.058,0.0692,0.072,0.062,0.066,0.0648,0.0572
0.056,0.0564,0.0616,0.0652,0.0676,0.064,0.0608,0.0628,0.0604,0.0604,0.0696,0.0736,0.062,0.0624,0.064,0.0532
0.0576,0.0556,0.0636,0.0644,0.0668,0.0632,0.0628,0.066,0.0588,0.0616,0.0692,0.0724,0.0632,0.0624,0.0628,0.0496
0.0596,0.0576,0.0612,0.0648,0.064,0.0664,0.062,0.0652,0.0588,0.062,0.0704,0.0712,0.0584,0.064,0.0612,0.0532
0.0592,0.0556,0.0616,0.0668,0.0632,0.0636,0.064,0.0672,0.06,0.0588,0.0688,0.068,0.056,0.0672,0.064,0.056
0.0596,0.0556,0.0632,0.0656,0.064,0.0616,0.0652,0.0696,0.0584,0.0604,0.0688,0.0696,0.0544,0.066,0.0648,0.0532
0.0596,0.0536,0.062,0.0664,0.0616,0.0644,0.0648,0.0696,0.0592,0.0604,0.068,0.068,0.0548,0.0688,0.0648,0.054
0.058,0.0516,0.0624,0.0632,0.058,0.0668,0.064,0.07,0.058,0.0624,0.0672,0.0692,0.056,0.07,0.0652,0.058
0.0584,0.0508,0.0644,0.0628,0.0596,0.066,0.0644,0.072,0.0576,0.0616,0.0684,0.0692,0.0564,0.0672,0.068,0.0532
0.058,0.0516,0.0624,0.0628,0.064,0.0632,0.0644,0.0724,0.0576,0.0616,0.0696,0.0704,0.0584,0.0628,0.0652,0.0556
0.0576,0.054,0.0648,0.0624,0.0612,0.0632,0.0604,0.0728,0.0596,0.0636,0.0668,0.0684,0.0608,0.0632,0.0652,0.056
0.0564,0.0528,0.068,0.0624,0.06,0.06,0.0616,0.072,0.0616,0.0652,0.0696,0.066,0.0632,0.0616,0.0644,0.0552
0.058,0.054,0.0644,0.0668,0.058,0.0572,0.06,0.072,0.0608,0.064,0.0716,0.068,0.064,0.0588,0.0652,0.0572
0.06,0.0564,0.0628,0.0648,0.0568,0.0592,0.0592,0.0704,0.0608,0.0652,0.0704,0.0684,0.0604,0.06,0.0688,0.0564
0.058,0.0544,0.0616,0.0624,0.056,0.062,0.0604,0.0712,0.0648,0.068,0.0712,0.066,0.06,0.0596,0.068,0.0564
0.0572,0.056,0.0604,0.0652,0.0592,0.0608,0.062,0.0684,0.066,0.0668,0.0668,0.0648,0.0604,0.0604,0.07,0.0556
0.0536,0.058,0.0604,0.0668,0.0644,0.0572,0.0652,0.0684,0.066,0.068,0.0656,0.0624,0.062,0.058,0.0684,0.0556
0.054,0.06,0.0632,0.0676,0.0656,0.0548,0.0652,0.0672,0.0632,0.0648,0.0644,0.06,0.0644,0.0604,0.0672,0.058
0.0576,0.0636,0.0628,0.0696,0.0624,0.054,0.0644,0.0652,0.0628,0.0676,0.0612,0.0572,0.066,0.0612,0.0648,0.0596
0.0596,0.062,0.062,0.068,0.0648,0.0544,0.06,0.0652,0.066,0.07,0.0612,0.058,0.0648,0.0616,0.0656,0.0568
0.056,0.0624,0.0584,0.072,0.0644,0.0548,0.0584,0.068,0.068,0.0684,0.0584,0.0608,0.068,0.06,0.0656,0.0564
0.0556,0.0648,0.058,0.0716,0.0652,0.056,0.0576,0.0692,0.0652,0.07,0.0524,0.0612,0.0636,0.064,0.0652,0.0604
0.0584,0.0632,0.0584,0.0716,0.062,0.0572,0.0588,0.0708,0.066,0.0704,0.0524,0.0596,0.0632,0.062,0.0668,0.0592
0.0596,0.0648,0.062,0.0716,0.0648,0.058,0.0592,0.0684,0.0644,0.068,0.052,0.0568,0.0628,0.0596,0.0664,0.0616
0.0608,0.0664,0.0624,0.0708,0.0612,0.0568,0.0596,0.064,0.062,0.0708,0.0548,0.0556,0.0656,0.0584,0.0664,0.0644
0.0628,0.0664,0.0604,0.0684,0.0572,0.0568,0.062,0.0676,0.0608,0.068,0.0548,0.0564,0.0668,0.0588,0.064,0.0688
0.062,0.0664,0.06,0.0676,0.0576,0.056,0.0612,0.0696,0.06,0.0664,0.0536,0.0576,0.0684,0.0596,0.0644,0.0696
0.0632,0.0648,0.0616,0.0676,0.0548,0.0604,0.0648,0.068,0.062,0.0644,0.054,0.0608,0.0664,0.0608,0.0612,0.0652
0.0612,0.0636,0.058,0.0696,0.0556,0.0592,0.0656,0.0724,0.0584,0.0644,0.0532,0.0632,0.0688,0.0652,0.0612,0.0604
0.0612,0.0632,0.0564,0.0668,0.0556,0.0572,0.0668,0.0712,0.0556,0.064,0.0556,0.066,0.0648,0.0648,0.0664,0.0644
0.0636,0.062,0.0612,0.066,0.056,0.0584,0.0664,0.0708,0.0564,0.0648,0.0576,0.0612,0.0632,0.0628,0.0664,0.0632
0.0644,0.0588,0.0608,0.068,0.0588,0.06,0.0648,0.0716,0.0536,0.0616,0.0612,0.0616,0.0632,0.0624,0.0672,0.062
0.0656,0.0588,0.0608,0.0656,0.0596,0.0624,0.064,0.072,0.0548,0.0604,0.0628,0.0624,0.062,0.0608,0.0656,0.0624
0.0668,0.0576,0.064,0.066,0.058,0.06,0.062,0.0748,0.0552,0.0632,0.0608,0.0608,0.0636,0.0608,0.0672,0.0592
0.0668,0.06,0.0628,0.0664,0.0552,0.0612,0.0608,0.0736,0.0564,0.0636,0.0608,0.062,0.0644,0.0588,0.0652,0.062
0.07,0.0588,0.06,0.0656,0.0552,0.0632,0.0596,0.0708,0.056,0.0644,0.0616,0.0612,0.0664,0.0592,0.0628,0.0652
0.072,0.0612,0.0596,0.0656,0.0536,0.0652,0.0592,0.0696,0.0572,0.0652,0.064,0.0592,0.0644,0.0608,0.062,0.0612
0.0728,0.0612,0.0584,0.0636,0.056,0.0652,0.0604,0.068,0.0576,0.0676,0.0612,0.0608,0.0656,0.0616,0.0584,0.0616
0.072,0.0644,0.0616,0.0612,0.0544,0.066,0.0624,0.068,0.0556,0.0676,0.0608,0.0608,0.0616,0.0604,0.0588,0.0644
0.0704,0.0624,0.0624,0.0568,0.0528,0.0732,0.0624,0.0704,0.0584,0.068,0.0596,0.0604,0.064,0.06,0.0576,0.0612
0.0692,0.0632,0.0624,0.0556,0.0544,0.0772,0.0604,0.0684,0.0584,0.068,0.0592,0.0612,0.0636,0.0576,0.0596,0.0616
0.0696,0.0636,0.0604,0.0516,0.0588,0.076,0.0584,0.0696,0.0588,0.0664,0.0616,0.0596,0.0656,0.0564,0.0608,0.0628
0.0692,0.0644,0.0604,0.052,0.058,0.0768,0.0576,0.0648,0.0596,0.0656,0.0656,0.0604,0.066,0.0564,0.0628,0.0604
0.0668,0.0636,0.062,0.0528,0.0568,0.0752,0.058,0.0664,0.0568,0.0648,0.0668,0.0616,0.0684,0.0596,0.0604,0.06
0.0652,0.064,0.0608,0.0552,0.0596,0.076,0.056,0.0648,0.0564,0.064,0.068,0.0576,0.0676,0.0644,0.058,0.0624
0.0648,0.0632,0.0612,0.0556,0.0616,0.0728,0.0584,0.066,0.0572,0.0624,0.068,0.0608,0.0664,0.0628,0.0564,0.0624
0.066,0.0636,0.0596,0.0556,0.062,0.0732,0.0568,0.07,0.06,0.064,0.0644,0.0632,0.0648,0.0604,0.056,0.0604
0.0668,0.0656,0.0604,0.0548,0.0636,0.0716,0.0584,0.07,0.0588,0.0624,0.0652,0.0632,0.0648,0.0588,0.0544,0.0612
0.0664,0.0612,0.0596,0.0548,0.0632,0.072,0.06,0.0696,0.0588,0.062,0.0644,0.0636,0.0628,0.0612,0.0584,0.062
0.0704,0.0612,0.06,0.0556,0.066,0.0704,0.0608,0.0696,0.06,0.0596,0.0636,0.0644,0.0592,0.0596,0.0568,0.0628
0.072,0.066,0.058,0.0568,0.0668,0.072,0.06,0.0688,0.0576,0.0592,0.0624,0.0644,0.0588,0.0612,0.0528,0.0632
0.0684,0.0648,0.0604,0.0572,0.0668,0.0708,0.0588,0.0672,0.0604,0.0556,0.062,0.0656,0.0612,0.062,0.0548,0.064
0.0652,0.064,0.0612,0.0584,0.0664,0.0656,0.0584,0.0692,0.06,0.058,0.0612,0.0644,0.062,0.0644,0.0588,0.0628
0.0668,0.0664,0.06,0.058,0.0656,0.064,0.0544,0.068,0.0608,0.0596,0.0632,0.0624,0.0596,0.0688,0.06,0.0624
0.068,0.068,0.0592,0.06,0.064,0.0628,0.0576,0.0664,0.0556,0.06,0.0624,0.0616,0.0608,0.0704,0.0568,0.0664
0.0676,0.0664,0.062,0.0588,0.064,0.062,0.0588,0.068,0.0564,0.0604,0.0588,0.0596,0.0596,0.0708,0.0596,0.0672
0.068,0.0676,0.0652,0.0576,0.0624,0.0648,0.0588,0.0684,0.0588,0.0568,0.0592,0.0584,0.058,0.0704,0.0612,0.0644
0.0696,0.064,0.0616,0.0616,0.0636,0.0624,0.0604,0.0688,0.0648,0.054,0.0584,0.0576,0.0576,0.0692,0.0612,0.0652
0.0684,0.0604,0.0604,0.0604,0.0628,0.0652,0.0588,0.0704,0.066,0.054,0.0592,0.0608,0.0564,0.0684,0.0616,0.0668
0.0716,0.0632,0.0636,0.0616,0.0636,0.062,0.0564,0.0668,0.0636,0.0552,0.0572,0.062,0.0576,0.0676,0.0628,0.0652
0.07,0.0612,0.0664,0.0632,0.0628,0.0644,0.052,0.0676,0.0616,0.0572,0.0556,0.0632,0.0564,0.07,0.0608,0.0676
0.07,0.0564,0.066,0.0652,0.066,0.064,0.0528,0.064,0.0636,0.0596,0.056,0.0616,0.0564,0.0684,0.0612,0.0688
0.0692,0.058,0.0652,0.0676,0.0676,0.0636,0.0528,0.06,0.0648,0.056,0.0564,0.0636,0.056,0.0676,0.062,0.0696
0.0672,0.0584,0.0672,0.0672,0.0652,0.0624,0.054,0.0604,0.0624,0.0564,0.0576,0.0644,0.0576,0.0668,0.0624,0.0704
0.0656,0.0588,0.0676,0.0668,0.0636,0.0636,0.0552,0.0676,0.0636,0.056,0.0576,0.0664,0.0576,0.0644,0.06,0.0656
0.0632,0.06,0.0672,0.0676,0.0632,0.06,0.0568,0.0624,0.0676,0.0608,0.0548,0.0684,0.058,0.0644,0.0616,0.064
0.0648,0.0596,0.0668,0.0712,0.0628,0.0608,0.0588,0.0596,0.0672,0.0588,0.0564,0.068,0.0564,0.0696,0.0584,0.0608
0.0648,0.0616,0.0648,0.0684,0.0656,0.0632,0.058,0.0584,0.07,0.06,0.0556,0.066,0.0564,0.0692,0.0576,0.0604
0.0664,0.0616,0.0636,0.0676,0.0616,0.066,0.0564,0.0564,0.0704,0.0584,0.0596,0.0636,0.0596,0.0704,0.0588,0.0596
0.0632,0.0612,0.0604,0.0692,0.0608,0.068,0.0596,0.0584,0.0684,0.0612,0.0592,0.0628,0.0604,0.0696,0.0592,0.0584
0.06,0.06,0.0632,0.0692,0.06,0.0704,0.0616,0.0588,0.0692,0.058,0.058,0.0616,0.0608,0.0696,0.0616,0.058
0.0588,0.064,0.0648,0.07,0.0604,0.0688,0.0608,0.0592,0.0684,0.0592,0.058,0.0588,0.0608,0.068,0.0612,0.0588
0.0528,0.0684,0.0628,0.0664,0.0632,0.0696,0.06,0.062,0.0676,0.0564,0.0588,0.0608,0.0608,0.0692,0.0624,0.0588
0.054,0.0652,0.062,0.0644,0.0628,0.0696,0.0584,0.0608,0.0692,0.0584,0.0632,0.0592,0.06,0.0736,0.0616,0.0576
0.0528,0.0656,0.0644,0.0604,0.0664,0.0688,0.062,0.0592,0.0648,0.06,0.0628,0.0628,0.062,0.072,0.0596,0.0564
0.0552,0.066,0.0628,0.0596,0.066,0.0696,0.0588,0.0592,0.0664,0.0584,0.0628,0.064,0.0684,0.0676,0.0572,0.058
0.0548,0.064,0.062,0.0596,0.07,0.0684,0.0604,0.06,0.064,0.0568,0.0624,0.0664,0.0656,0.0664,0.0576,0.0616
0.0544,0.0652,0.0608,0.0596,0.0692,0.0692,0.0584,0.056,0.066,0.0608,0.0628,0.0672,0.0656,0.0668,0.0576,0.0604
0.0564,0.068,0.058,0.0596,0.072,0.0688,0.06,0.0552,0.0644,0.0596,0.0608,0.068,0.0664,0.0688,0.0576,0.0564
0.0576,0.0656,0.0568,0.062,0.0716,0.066,0.0588,0.0584,0.0656,0.0608,0.0624,0.0672,0.0692,0.0652,0.0552,0.0576
0.0576,0.064,0.0548,0.0636,0.0716,0.064,0.0576,0.0604,0.0624,0.0616,0.0652,0.0672,0.0712,0.064,0.0572,0.0576
0.0564,0.0636,0.0516,0.0632,0.0668,0.0624,0.0592,0.0656,0.064,0.0608,0.0664,0.0668,0.0736,0.0624,0.0596,0.0576
0.0592,0.0632,0.0536,0.0604,0.0672,0.0632,0.0596,0.066,0.0636,0.0584,0.0672,0.0656,0.0732,0.0636,0.0592,0.0568
0.0604,0.0632,0.0564,0.0616,0.0672,0.0616,0.0596,0.066,0.06,0.0568,0.0636,0.0644,0.0744,0.0656,0.06,0.0592
0.0564,0.0636,0.0604,0.0624,0.0644,0.0608,0.0572,0.0648,0.0616,0.0564,0.0652,0.0644,0.0756,0.0624,0.0628,0.0616
0.0592,0.0636,0.0636,0.0624,0.0656,0.0584,0.0544,0.0628,0.0628,0.058,0.064,0.0644,0.0696,0.064,0.0648,0.0624
0.0632,0.0604,0.0632,0.064,0.0668,0.058,0.0572,0.0592,0.0632,0.0544,0.0656,0.0672,0.0648,0.066,0.0636,0.0632
0.0648,0.0604,0.0616,0.0652,0.0692,0.0564,0.06,0.0588,0.0624,0.0512,0.0648,0.0668,0.0668,0.0656,0.0632,0.0628
0.0644,0.0564,0.0648,0.064,0.0692,0.0588,0.0632,0.0596,0.0608,0.052,0.0624,0.064,0.0684,0.0656,0.0632,0.0632
0.0616,0.0564,0.0652,0.062,0.0664,0.06,0.0632,0.0584,0.0616,0.056,0.0664,0.0608,0.0688,0.064,0.0632,0.066
0.0608,0.0576,0.0648,0.0608,0.0652,0.0604,0.0648,0.0608,0.0604,0.0532,0.0672,0.06,0.068,0.0656,0.0644,0.066
0.0608,0.0588,0.0668,0.0608,0.0652,0.06,0.064,0.0608,0.0584,0.0524,0.0688,0.064,0.0644,0.066,0.0656,0.0632
0.0588,0.062,0.0688,0.0608,0.0636,0.0624,0.0648,0.0612,0.0608,0.05,0.0696,0.0616,0.0628,0.0664,0.0628,0.0636
0.058,0.06,0.0696,0.0572,0.0616,0.0624,0.066,0.0608,0.0636,0.0536,0.0696,0.0632,0.0612,0.0648,0.0652,0.0632
0.0588,0.0596,0.0652,0.0552,0.0612,0.0608,0.0688,0.0632,0.0644,0.0516,0.0712,0.0592,0.06,0.068,0.0672,0.0656
0.0592,0.0584,0.0636,0.0612,0.0592,0.0588,0.0696,0.0608,0.064,0.054,0.0704,0.0592,0.0604,0.0696,0.0672,0.0644
0.0572,0.0608,0.0644,0.0588,0.0576,0.0596,0.0676,0.064,0.0656,0.054,0.0692,0.0604,0.062,0.068,0.0656,0.0652
0.0552,0.062,0.0648,0.0608,0.058,0.0596,0.0704,0.064,0.0636,0.0544,0.0664,0.062,0.0624,0.0668,0.0652,0.0644
0.0528,0.0616,0.0664,0.0644,0.0572,0.0576,0.0756,0.0628,0.0604,0.0512,0.0656,0.0612,0.0632,0.07,0.0636,0.0664
0.054,0.0636,0.0692,0.0636,0.06,0.0588,0.0752,0.0616,0.0612,0.0508,0.0668,0.0596,0.0588,0.066,0.0656,0.0652
0.0532,0.0656,0.0676,0.0628,0.062,0.0556,0.0772,0.066,0.0608,0.0544,0.0656,0.058,0.058,0.0648,0.0644,0.064
0.0536,0.0652,0.0672,0.0628,0.0608,0.056,0.0724,0.0684,0.0624,0.0548,0.0668,0.0608,0.0596,0.0616,0.0648,0.0628
0.0564,0.062,0.0688,0.0616,0.0584,0.0588,0.0708,0.0672,0.0644,0.0564,0.066,0.0584,0.0576,0.0648,0.068,0.0604
0.054,0.0636,0.07,0.0624,0.0572,0.0568,0.0656,0.0664,0.0648,0.0576,0.066,0.0604,0.0592,0.0652,0.0684,0.0624
0.054,0.064,0.0676,0.064,0.058,0.0588,0.0632,0.062,0.0644,0.058,0.0664,0.0652,0.0584,0.0636,0.0676,0.0648
0.054,0.0652,0.0664,0.0612,0.06,0.0612,0.0664,0.0592,0.0676,0.0592,0.066,0.0644,0.0576,0.06,0.0684,0.0632
0.056,0.066,0.0652,0.0604,0.0596,0.062,0.0672,0.0576,0.0648,0.0584,0.0688,0.0656,0.0564,0.0584,0.0696,0.064
0.0536,0.0672,0.066,0.0628,0.0632,0.0624,0.0668,0.0588,0.0628,0.0584,0.068,0.0644,0.0564,0.0548,0.0688,0.0656
0.056,0.0668,0.0664,0.0636,0.0644,0.0604,0.0652,0.0564,0.0648,0.0596,0.0672,0.064,0.0548,0.0588,0.0704,0.0612
0.0564,0.0664,0.066,0.0664,0.0644,0.0628,0.066,0.056,0.0644,0.0596,0.0676,0.0652,0.052,0.058,0.07,0.0588
0.058,0.0668,0.0628,0.0656,0.0636,0.0648,0.0644,0.0552,0.0668,0.0584,0.066,0.068,0.0536,0.0576,0.0704,0.058
0.0556,0.0672,0.0652,0.0632,0.0652,0.0628,0.0656,0.0576,0.0712,0.0596,0.0668,0.0652,0.056,0.0572,0.0692,0.0524
0.0556,0.0644,0.0624,0.0632,0.0672,0.0644,0.066,0.0588,0.0736,0.0568,0.0632,0.068,0.0552,0.0572,0.0712,0.0528
0.0572,0.0636,0.0632,0.058,0.07,0.0636,0.0652,0.06,0.0708,0.0564,0.062,0.0676,0.0552,0.0564,0.0764,0.0544
0.0576,0.062,0.06,0.0588,0.068,0.0652,0.0652,0.0568,0.0712,0.0604,0.0632,0.0676,0.0524,0.0592,0.0748,0.0576
0.0612,0.062,0.0584,0.0584,0.0648,0.0684,0.0656,0.0572,0.0764,0.056,0.0588,0.0676,0.054,0.0624,0.0716,0.0572
0.058,0.0632,0.0584,0.0596,0.0656,0.0684,0.0656,0.0584,0.0796,0.0556,0.0604,0.0696,0.054,0.0572,0.0692,0.0572
0.0604,0.064,0.0592,0.056,0.0652,0.0704,0.0664,0.0632,0.076,0.0548,0.0588,0.0708,0.0512,0.056,0.0676,0.06
0.0636,0.0656,0.0604,0.0572,0.0656,0.0704,0.0668,0.0644,0.0764,0.0524,0.0576,0.0708,0.0508,0.0516,0.066,0.0604
0.0576,0.0648,0.062,0.0576,0.0672,0.0692,0.0672,0.068,0.0756,0.0544,0.06,0.0684,0.05,0.0512,0.0664,0.0604
0.0588,0.0656,0.0628,0.0576,0.0668,0.0688,0.0696,0.0668,0.074,0.0524,0.0604,0.0664,0.0492,0.0516,0.068,0.0612
0.0588,0.0652,0.0636,0.0612,0.0684,0.0688,0.0708,0.0668,0.0708,0.0532,0.064,0.0656,0.0484,0.0528,0.0616,0.06
0.0544,0.0676,0.0616,0.0616,0.0656,0.0704,0.0692,0.0648,0.072,0.0544,0.0648,0.0676,0.0504,0.0532,0.062,0.0604
0.056,0.0676,0.0644,0.0632,0.064,0.0684,0.068,0.0624,0.068,0.0524,0.0652,0.0692,0.0528,0.0536,0.0652,0.0596
0.0552,0.0684,0.062,0.0632,0.0636,0.0752,0.0648,0.062,0.0688,0.0524,0.0628,0.0672,0.0576,0.0528,0.0656,0.0584
0.0544,0.068,0.062,0.062,0.0684,0.076,0.0596,0.06,0.0676,0.052,0.0648,0.0636,0.0604,0.0516,0.068,0.0616
0.0572,0.0676,0.0612,0.0624,0.0672,0.0716,0.0592,0.0628,0.0664,0.0564,0.064,0.0644,0.0624,0.0568,0.0612,0.0592
0.0584,0.0672,0.0616,0.0612,0.0684,0.0728,0.058,0.0636,0.0684,0.062,0.062,0.0616,0.0612,0.0572,0.0596,0.0568
0.0572,0.0676,0.0652,0.0584,0.0652,0.0692,0.0572,0.0636,0.068,0.066,0.0608,0.0608,0.0612,0.058,0.062,0.0596
0.0532,0.0688,0.0632,0.06,0.066,0.0672,0.0568,0.062,0.068,0.0672,0.0604,0.062,0.0608,0.0616,0.064,0.0588
0.0544,0.0652,0.062,0.0608,0.064,0.0664,0.0572,0.06,0.0712,0.0696,0.0596,0.062,0.0576,0.064,0.0652,0.0608
0.0568,0.0596,0.066,0.06,0.0632,0.0668,0.0592,0.0612,0.0708,0.0704,0.0592,0.064,0.0556,0.0636,0.064,0.0596
0.0584,0.0604,0.0656,0.0608,0.0624,0.0644,0.0556,0.0644,0.0724,0.0712,0.0576,0.0636,0.0556,0.0628,0.0644,0.0604
0.0584,0.0572,0.0624,0.0644,0.06,0.0644,0.0576,0.0632,0.0724,0.07,0.0548,0.0648,0.056,0.064,0.0656,0.0648
0.0616,0.0552,0.06,0.0656,0.0592,0.064,0.056,0.0648,0.0684,0.0704,0.058,0.0664,0.0568,0.0648,0.066,0.0628
0.0664,0.0532,0.0604,0.0648,0.0592,0.0668,0.056,0.0664,0.0676,0.0672,0.0552,0.0652,0.0608,0.0632,0.0632,0.0644
0.0636,0.0544,0.0616,0.0652,0.0596,0.0644,0.0548,0.0652,0.0664,0.0664,0.0548,0.0672,0.0608,0.0688,0.0632,0.0636
0.0604,0.0548,0.0612,0.0644,0.062,0.0648,0.0548,0.0624,0.0668,0.0644,0.0564,0.0676,0.0652,0.0712,0.0632,0.0604
0.06,0.0584,0.0628,0.0636,0.06,0.0636,0.0556,0.0624,0.0648,0.0604,0.06,0.0684,0.0644,0.0732,0.0648,0.0576
0.0584,0.0596,0.062,0.0632,0.0608,0.0668,0.0568,0.0612,0.064,0.0596,0.0636,0.0676,0.0656,0.0708,0.0668,0.0532
0.054,0.058,0.062,0.062,0.0628,0.0664,0.0608,0.0596,0.0616,0.056,0.0608,0.0692,0.0648,0.0748,0.0684,0.0588
0.0528,0.0572,0.062,0.0624,0.0632,0.0656,0.0596,0.0584,0.06,0.0596,0.0612,0.0692,0.0692,0.0724,0.0676,0.0596
0.0528,0.0604,0.0628,0.0616,0.0632,0.0692,0.0592,0.0572,0.0604,0.0616,0.06,0.0648,0.07,0.0716,0.0668,0.0584
0.0548,0.0604,0.0624,0.0608,0.0628,0.0656,0.058,0.0612,0.0656,0.0608,0.0556,0.062,0.0676,0.0728,0.0664,0.0632
0.0556,0.0604,0.0644,0.0612,0.064,0.0668,0.0568,0.062,0.0632,0.0608,0.0532,0.0636,0.068,0.072,0.066,0.062
0.0556,0.0608,0.0648,0.0596,0.0592,0.0668,0.0572,0.0596,0.0668,0.0616,0.0548,0.064,0.0676,0.0736,0.066,0.062
0.0552,0.0604,0.0656,0.0612,0.062,0.0684,0.0588,0.0596,0.0672,0.0636,0.0512,0.0668,0.0672,0.0692,0.0632,0.0604
0.054,0.0604,0.0616,0.0648,0.0656,0.0652,0.0596,0.0604,0.068,0.064,0.05,0.0676,0.0676,0.0688,0.0624,0.06
0.054,0.0596,0.062,0.0644,0.0668,0.0672,0.0616,0.0604,0.0648,0.0656,0.0536,0.0644,0.0656,0.0668,0.062,0.0612
0.0564,0.0576,0.0604,0.0636,0.0696,0.0632,0.0636,0.0612,0.0624,0.0712,0.052,0.06,0.0664,0.066,0.062,0.0644
0.0564,0.06,0.0608,0.0656,0.0704,0.0592,0.0624,0.062,0.0636,0.0712,0.0528,0.0568,0.0656,0.0668,0.064,0.0624
0.0552,0.0592,0.0604,0.068,0.0736,0.0568,0.0624,0.0612,0.0624,0.0716,0.0516,0.058,0.0684,0.0652,0.064,0.062
0.0548,0.0584,0.0596,0.0704,0.0724,0.0564,0.062,0.062,0.0624,0.0688,0.054,0.0568,0.0672,0.066,0.0676,0.0612
0.0556,0.0576,0.0592,0.0704,0.07,0.0584,0.0616,0.0608,0.0632,0.0692,0.054,0.058,0.0672,0.0668,0.066,0.062
0.0572,0.0572,0.06,0.0664,0.0676,0.0616,0.0628,0.0596,0.066,0.0664,0.0564,0.0568,0.0692,0.0648,0.066,0.062
0.0572,0.0604,0.0568,0.0668,0.0708,0.0608,0.0596,0.0596,0.0636,0.0664,0.0576,0.0584,0.0676,0.064,0.066,0.0644
0.0592,0.0616,0.0604,0.0656,0.0692,0.064,0.0584,0.0572,0.0632,0.064,0.0576,0.0576,0.0664,0.0636,0.0672,0.0648
0.0624,0.058,0.062,0.0664,0.07,0.0644,0.0572,0.0548,0.0616,0.0636,0.058,0.06,0.0648,0.0628,0.07,0.064
0.0628,0.0568,0.064,0.0632,0.07,0.0616,0.0588,0.0556,0.0636,0.062,0.0588,0.0588,0.062,0.0628,0.0696,0.0696
0.062,0.0616,0.064,0.0604,0.0696,0.064,0.0596,0.0564,0.0624,0.066,0.0592,0.0608,0.0588,0.0652,0.0632,0.0668
0.0616,0.0608,0.0628,0.0608,0.0696,0.062,0.0624,0.0568,0.0632,0.0688,0.0604,0.0628,0.0572,0.0644,0.0616,0.0648
0.058,0.0608,0.062,0.0632,0.068,0.0616,0.0612,0.0564,0.064,0.0668,0.0588,0.0656,0.0596,0.0672,0.06,0.0668
0.0568,0.0616,0.0632,0.062,0.0708,0.0644,0.0604,0.0596,0.0608,0.0652,0.0596,0.0668,0.0572,0.0684,0.0572,0.066
0.056,0.0624,0.0636,0.0588,0.0716,0.0664,0.0632,0.058,0.0616,0.0652,0.062,0.0648,0.056,0.07,0.056,0.0644
0.0548,0.0636,0.0644,0.06,0.0676,0.0632,0.0644,0.0572,0.06,0.0664,0.0652,0.0648,0.0564,0.068,0.0588,0.0652
0.0576,0.0632,0.0652,0.0608,0.0652,0.064,0.066,0.058,0.0628,0.0644,0.062,0.0668,0.0552,0.07,0.0552,0.0636
0.0584,0.0628,0.068,0.062,0.0668,0.0664,0.0676,0.0568,0.0612,0.066,0.0556,0.0644,0.0552,0.0688,0.0552,0.0648
0.0572,0.0648,0.066,0.0628,0.0668,0.0676,0.0656,0.0576,0.0628,0.0636,0.0556,0.0632,0.056,0.0732,0.052,0.0652
0.0596,0.064,0.0652,0.062,0.0648,0.0664,0.068,0.054,0.0604,0.0632,0.0556,0.0644,0.0572,0.074,0.056,0.0652
0.0612,0.0644,0.0624,0.0624,0.0656,0.0644,0.0676,0.0532,0.0608,0.0592,0.0568,0.0632,0.0596,0.0732,0.0576,0.0684
0.062,0.0628,0.0592,0.0648,0.0644,0.0616,0.0676,0.0552,0.0636,0.058,0.0552,0.0664,0.0584,0.072,0.0616,0.0672
0.062,0.0652,0.0588,0.066,0.0604,0.0636,0.0688,0.0572,0.0648,0.0588,0.0568,0.068,0.0572,0.0668,0.062,0.0636
0.0636,0.0644,0.062,0.064,0.0608,0.0616,0.0728,0.0564,0.0652,0.0604,0.0584,0.0672,0.0568,0.0656,0.0628,0.058
0.0636,0.0616,0.064,0.066,0.0604,0.0616,0.0712,0.0572,0.0632,0.06,0.0568,0.0644,0.0584,0.0668,0.0664,0.0584
0.0632,0.0608,0.064,0.0652,0.0576,0.0636,0.0696,0.058,0.0636,0.0612,0.0572,0.0612,0.0628,0.066,0.0668,0.0592
0.066,0.0604,0.0644,0.0656,0.0584,0.0676,0.0716,0.0556,0.062,0.0596,0.0596,0.0628,0.0608,0.0624,0.064,0.0592
0.0636,0.0596,0.0632,0.0636,0.0584,0.0652,0.0708,0.0604,0.0636,0.0596,0.0596,0.0612,0.064,0.0616,0.064,0.0616
0.0608,0.058,0.0628,0.0644,0.0604,0.0604,0.0672,0.0624,0.0644,0.0624,0.06,0.062,0.0648,0.064,0.0596,0.0664
0.0596,0.06,0.0612,0.0608,0.0588,0.0612,0.064,0.066,0.0624,0.0644,0.0584,0.0652,0.0636,0.066,0.0592,0.0692
0.0556,0.0592,0.0616,0.0608,0.06,0.0632,0.0636,0.066,0.0608,0.0612,0.0596,0.0636,0.0648,0.0672,0.0604,0.0724
0.0564,0.0592,0.0604,0.0584,0.0596,0.0636,0.0628,0.0688,0.0608,0.0596,0.06,0.0648,0.066,0.0648,0.0584,0.0764
0.06,0.0612,0.056,0.0616,0.0604,0.0632,0.0644,0.0684,0.0604,0.06,0.0592,0.0628,0.0636,0.0616,0.0604,0.0768
0.0568,0.0608,0.0572,0.062,0.0612,0.0624,0.0616,0.0664,0.0596,0.064,0.062,0.0624,0.0636,0.0652,0.0616,0.0732
0.0576,0.0588,0.0592,0.0596,0.0632,0.0616,0.0616,0.0656,0.0616,0.0616,0.0628,0.0624,0.0636,0.0648,0.0664,0.0696
0.0556,0.0612,0.0588,0.0604,0.0604,0.0624,0.0628,0.064,0.066,0.0588,0.0636,0.0608,0.0596,0.0668,0.0684,0.0704
0.058,0.0608,0.058,0.0588,0.0612,0.0636,0.0608,0.0624,0.0664,0.0572,0.0632,0.0628,0.0616,0.0656,0.0704,0.0692
0.0572,0.062,0.0612,0.0604,0.062,0.0636,0.0608,0.0636,0.0668,0.0588,0.0636,0.0608,0.0596,0.0644,0.0672,0.068
0.0552,0.0596,0.0632,0.062,0.0672,0.0644,0.0616,0.0656,0.0656,0.0596,0.0644,0.0588,0.0548,0.0636,0.066,0.0684
0.0576,0.0616,0.0628,0.0628,0.066,0.0676,0.0612,0.0644,0.0644,0.0608,0.0584,0.06,0.0556,0.0628,0.0668,0.0672
0.0576,0.0632,0.058,0.0624,0.0688,0.066,0.0608,0.064,0.0656,0.0644,0.0548,0.0596,0.0568,0.0628,0.0676,0.0676
0.0584,0.0656,0.0548,0.0644,0.0668,0.066,0.0644,0.0612,0.0676,0.0632,0.058,0.062,0.0564,0.0596,0.0664,0.0652
