C_R,C_A,C_S,C_N,D_R,D_A,D_S,D_N,Oc_R,Oc_A,Oc_S,Oc_N,Od_R,Od_A,Od_S,Od_N
0.0,0.0,0.0,0.0,0.0,0.0,0.0,0.0,0.0,0.0,0.0,0.0,1.0,0.0,0.0,0.0
0.0,0.0,0.0,0.0,0.0,0.0,0.0,0.0,0.0,0.0,0.0,0.0,0.6666666666666666,0.3333333333333333,0.0,0.0
0.0,0.0,0.0,0.0,0.0,0.0,0.0,0.14285714285714285,0.0,0.0,0.0,0.14285714285714285,0.42857142857142855,0.2857142857142857,0.0,0.0
0.0,0.06666666666666667,0.0,0.0,0.0,0.0,0.0,0.06666666666666667,0.06666666666666667,0.0,0.0,0.2,0.3333333333333333,0.2,0.06666666666666667,0.0
0.03636363636363636,0.07272727272727272,0.01818181818181818,0.0,0.0,0.0,0.0,0.05454545454545454,0.03636363636363636,0.0,0.0,0.21818181818181817,0.32727272727272727,0.2,0.03636363636363636,0.0
0.054945054945054944,0.07692307692307693,0.01098901098901099,0.0,0.0,0.02197802197802198,0.02197802197802198,0.054945054945054944,0.06593406593406594,0.03296703296703297,0.0,0.18681318681318682,0.25274725274725274,0.18681318681318682,0.03296703296703297,0.0
0.06756756756756757,0.07432432432432433,0.006756756756756757,0.013513513513513514,0.0,0.02702702702702703,0.02702702702702703,0.04054054054054054,0.07432432432432433,0.02702702702702703,0.0,0.19594594594594594,0.23648648648648649,0.1891891891891892,0.02027027027027027,0.0
0.06222222222222222,0.05333333333333334,0.013333333333333334,0.022222222222222223,0.008888888888888889,0.035555555555555556,0.03111111111111111,0.035555555555555556,0.08,0.022222222222222223,0.0,0.21333333333333335,0.20444444444444446,0.18666666666666668,0.017777777777777778,0.013333333333333334
0.06521739130434782,0.046583850931677016,0.009316770186335404,0.031055900621118012,0.009316770186335404,0.034161490683229816,0.046583850931677016,0.043478260869565216,0.07142857142857142,0.024844720496894408,0.009316770186335404,0.19875776397515527,0.17391304347826086,0.18633540372670807,0.024844720496894408,0.024844720496894408
0.06682027649769585,0.04608294930875576,0.0069124423963133645,0.03456221198156682,0.01152073732718894,0.029953917050691243,0.052995391705069124,0.05069124423963134,0.07373271889400922,0.02304147465437788,0.009216589861751152,0.20276497695852536,0.16359447004608296,0.16820276497695852,0.02304147465437788,0.03686635944700461
0.07473309608540925,0.0498220640569395,0.008896797153024912,0.03914590747330961,0.012455516014234875,0.021352313167259787,0.0498220640569395,0.051601423487544484,0.0800711743772242,0.017793594306049824,0.021352313167259787,0.18861209964412812,0.1494661921708185,0.1619217081850534,0.026690391459074734,0.046263345195729534
0.08416547788873038,0.047075606276747506,0.008559201141226819,0.039942938659058486,0.021398002853067047,0.024251069900142655,0.04136947218259629,0.04992867332382311,0.07845934379457917,0.019971469329529243,0.025677603423680456,0.1797432239657632,0.1383737517831669,0.15549215406562053,0.03281027104136947,0.052781740370898715
0.08333333333333333,0.04342723004694836,0.008215962441314555,0.04225352112676056,0.02112676056338028,0.028169014084507043,0.045774647887323945,0.046948356807511735,0.07981220657276995,0.03051643192488263,0.03051643192488263,0.1619718309859155,0.12910798122065728,0.13849765258215962,0.04225352112676056,0.06807511737089202
0.08605341246290801,0.04451038575667656,0.01483679525222552,0.04451038575667656,0.02274975272007913,0.03066271018793274,0.04846686449060336,0.04253214638971316,0.0722057368941642,0.03461918892185954,0.032640949554896145,0.1543026706231454,0.12660731948565776,0.13155291790306628,0.04549950544015826,0.06824925816023739
0.09375,0.04054054054054054,0.02027027027027027,0.04391891891891892,0.022804054054054054,0.028716216216216218,0.04391891891891892,0.04391891891891892,0.07432432432432433,0.04391891891891892,0.032939189189189186,0.13935810810810811,0.12162162162162163,0.12753378378378377,0.048986486486486486,0.07347972972972973
0.0963944076526858,0.039735099337748346,0.019867549668874173,0.05224429727740986,0.0235467255334805,0.034584253127299486,0.039735099337748346,0.03679175864606328,0.07652685798381163,0.049300956585724795,0.029433406916850625,0.13245033112582782,0.11699779249448124,0.12141280353200883,0.05739514348785872,0.07358351729212656
0.09576547231270359,0.04495114006514658,0.023452768729641693,0.053420195439739415,0.02736156351791531,0.03778501628664495,0.033876221498371335,0.03452768729641694,0.0781758957654723,0.05537459283387622,0.028013029315960912,0.12247557003257328,0.11465798045602606,0.11791530944625407,0.06123778501628664,0.07100977198697069
0.09364161849710982,0.05491329479768786,0.027745664739884393,0.055491329479768786,0.027745664739884393,0.03872832369942197,0.03757225433526012,0.03236994219653179,0.07225433526011561,0.05433526011560694,0.03468208092485549,0.1161849710982659,0.1069364161849711,0.11329479768786127,0.06705202312138728,0.06705202312138728
0.09262166405023547,0.05285190999476714,0.035583464154892726,0.05442176870748299,0.0282574568288854,0.03924646781789639,0.038199895342752484,0.03506017791732077,0.06541077969649398,0.054945054945054944,0.03663003663003663,0.10570381998953428,0.10256410256410256,0.11669283097854527,0.07378335949764521,0.06802721088435375
0.08820709491850431,0.058485139022051776,0.039309683604985615,0.05752636625119847,0.030201342281879196,0.0364333652924257,0.0364333652924257,0.03307766059443912,0.0666347075743049,0.05177372962607862,0.038350910834132314,0.09923298178331735,0.1040268456375839,0.1184084372003835,0.07526366251198466,0.0666347075743049
0.08783783783783784,0.05765765765765766,0.04099099099099099,0.06036036036036036,0.03018018018018018,0.036936936936936934,0.03783783783783784,0.03018018018018018,0.06711711711711711,0.0518018018018018,0.04369369369369369,0.09279279279279279,0.1009009009009009,0.11621621621621622,0.07657657657657657,0.06891891891891892
0.0839431769263883,0.05854498493327594,0.04175634954799828,0.060266896254842876,0.03357727077055531,0.03659061558329746,0.04089539388721481,0.030994403788204908,0.06500215238915195,0.05380972879896685,0.045200172191132156,0.08695652173913043,0.09857942315970727,0.11450710288420146,0.07576409814894533,0.07361170899698666
0.07891440501043841,0.060960334029227556,0.04718162839248434,0.06221294363256785,0.03423799582463465,0.037160751565762005,0.04175365344467641,0.03507306889352818,0.06471816283924843,0.056784968684759914,0.044676409185803755,0.08559498956158663,0.09645093945720251,0.11022964509394571,0.07849686847599165,0.06555323590814197
0.07824662023760753,0.05735354362965998,0.05161818926669398,0.06267922982384269,0.039328144203195414,0.039328144203195414,0.04383449405981155,0.03850880786562884,0.06554690700532569,0.05366653011061041,0.0454731667349447,0.08521097910692339,0.0909463334698894,0.10405571487095452,0.0766079475624744,0.06759524784924212
0.07996768982229402,0.0561389337641357,0.05452342487883683,0.06340872374798061,0.0444264943457189,0.03796445880452343,0.048869143780290794,0.04240710823909531,0.06462035541195477,0.0561389337641357,0.0444264943457189,0.08117932148626818,0.08723747980613894,0.09935379644588045,0.07552504038772213,0.06381260096930533
0.07658380112269447,0.056134723336006415,0.0545308740978348,0.05974338412189254,0.04330392943063352,0.03889334402566159,0.05052125100240577,0.04290296712109062,0.06776263031275061,0.057738572574178026,0.04611066559743384,0.08139534883720931,0.08580593424218123,0.09703287890938252,0.07457898957497995,0.0669607056936648
0.07723089235694278,0.056422569027611044,0.05322128851540616,0.060024009603841535,0.044017607042817125,0.041216486594637856,0.05402160864345738,0.044017607042817125,0.0700280112044818,0.060024009603841535,0.04921968787515006,0.07723089235694278,0.08083233293317327,0.09563825530212085,0.07162865146058424,0.06522609043617447
0.076,0.0592,0.052,0.0568,0.0444,0.0444,0.0548,0.0472,0.0676,0.0608,0.0528,0.0772,0.0784,0.0952,0.0696,0.0636
0.0736,0.0592,0.0544,0.0596,0.0492,0.0448,0.058,0.0512,0.0692,0.0612,0.0552,0.0756,0.0712,0.0928,0.0656,0.0592
0.0688,0.0624,0.058,0.06,0.0484,0.0436,0.0616,0.0508,0.0684,0.0628,0.0556,0.0776,0.0692,0.0892,0.0632,0.0604
0.0656,0.0604,0.0576,0.0616,0.0496,0.0456,0.0608,0.054,0.0672,0.0644,0.0568,0.078,0.068,0.0864,0.0644,0.0596
0.066,0.062,0.0592,0.0576,0.05,0.0476,0.0624,0.0528,0.0684,0.066,0.0564,0.0744,0.0656,0.0864,0.066,0.0592
0.066,0.0628,0.0588,0.058,0.0492,0.048,0.062,0.0532,0.0688,0.068,0.0556,0.0728,0.0664,0.0872,0.0656,0.0576
0.0656,0.0648,0.0576,0.0584,0.0528,0.0504,0.0624,0.0504,0.0688,0.0704,0.0568,0.0704,0.0644,0.0864,0.064,0.0564
0.0672,0.0616,0.0584,0.0592,0.056,0.0524,0.0624,0.0552,0.066,0.0712,0.0576,0.0684,0.0624,0.0836,0.062,0.0564
0.0684,0.0592,0.0632,0.0596,0.0576,0.0524,0.0596,0.0572,0.0672,0.0736,0.0548,0.066,0.06,0.0816,0.0636,0.056
0.0676,0.0604,0.0608,0.0624,0.0576,0.0524,0.0592,0.056,0.066,0.0704,0.0552,0.0656,0.0624,0.078,0.0668,0.0592
0.0676,0.0624,0.0592,0.062,0.06,0.0532,0.0656,0.056,0.0648,0.0684,0.052,0.0652,0.062,0.0756,0.0676,0.0584
0.0708,0.0664,0.0576,0.064,0.0568,0.0568,0.068,0.0544,0.0632,0.0688,0.0524,0.0604,0.062,0.0732,0.0668,0.0584
0.0708,0.0672,0.0596,0.0632,0.0576,0.0564,0.0664,0.0528,0.0652,0.0684,0.0572,0.06,0.0584,0.0724,0.0668,0.0576
0.0676,0.066,0.06,0.062,0.0588,0.0576,0.0664,0.0572,0.0632,0.0672,0.0576,0.0624,0.058,0.0732,0.0664,0.0564
0.0664,0.0696,0.0592,0.0632,0.0596,0.0564,0.0656,0.0548,0.0616,0.0676,0.0576,0.0624,0.062,0.0708,0.066,0.0572
0.066,0.0712,0.058,0.0648,0.0608,0.0572,0.0628,0.0596,0.0628,0.07,0.0532,0.0652,0.0608,0.0696,0.0628,0.0552
0.0656,0.0708,0.0576,0.064,0.0604,0.0608,0.062,0.058,0.0644,0.0708,0.0548,0.0648,0.0616,0.0668,0.0612,0.0564
0.0664,0.0676,0.064,0.0604,0.0608,0.058,0.0636,0.06,0.0644,0.0684,0.0508,0.0676,0.0616,0.0672,0.0628,0.0564
0.068,0.07,0.0672,0.062,0.0616,0.056,0.0604,0.06,0.0648,0.0696,0.052,0.0632,0.062,0.0652,0.0628,0.0552
0.068,0.0664,0.0656,0.0628,0.0644,0.0592,0.0636,0.0564,0.066,0.0696,0.0536,0.0648,0.0596,0.0628,0.0636,0.0536
0.0664,0.0676,0.064,0.0612,0.0596,0.0596,0.062,0.0576,0.0672,0.0704,0.0552,0.0648,0.064,0.0628,0.0628,0.0548
0.0668,0.0672,0.0644,0.0612,0.0624,0.0628,0.0608,0.0568,0.0676,0.0728,0.0536,0.0628,0.06,0.0632,0.0628,0.0548
0.0632,0.0692,0.066,0.0624,0.0616,0.062,0.0616,0.0548,0.0676,0.0736,0.0572,0.058,0.06,0.0624,0.0652,0.0552
0.0668,0.0696,0.0644,0.0612,0.0588,0.0588,0.062,0.0548,0.0672,0.0716,0.056,0.06,0.0592,0.0676,0.0652,0.0568
0.0668,0.072,0.066,0.0588,0.0568,0.0572,0.0592,0.0556,0.0676,0.0704,0.0552,0.0624,0.0616,0.0672,0.0664,0.0568
0.0652,0.0716,0.0632,0.0592,0.0548,0.0564,0.0596,0.0588,0.0672,0.0728,0.0544,0.062,0.0652,0.0664,0.0668,0.0564
0.068,0.0692,0.0596,0.0612,0.0564,0.0556,0.0588,0.056,0.0664,0.0724,0.0628,0.0628,0.0644,0.0648,0.0656,0.056
0.0628,0.0716,0.06,0.0616,0.0588,0.0584,0.0588,0.056,0.064,0.0716,0.066,0.0608,0.06,0.068,0.0632,0.0584
0.0648,0.0728,0.0612,0.0668,0.0616,0.058,0.0572,0.056,0.0636,0.0676,0.0652,0.06,0.0608,0.0672,0.06,0.0572
0.0636,0.0736,0.0588,0.0664,0.0644,0.0584,0.0596,0.0568,0.0648,0.068,0.0604,0.0604,0.0604,0.066,0.0612,0.0572
0.0632,0.0732,0.0624,0.0668,0.0644,0.058,0.058,0.0572,0.0652,0.0648,0.0636,0.06,0.06,0.066,0.06,0.0572
0.0652,0.0724,0.0684,0.0668,0.0636,0.0576,0.056,0.0552,0.066,0.0632,0.0608,0.0596,0.06,0.0644,0.062,0.0588
0.0648,0.0712,0.0704,0.066,0.0604,0.0588,0.0564,0.0528,0.0676,0.0608,0.0592,0.0632,0.0592,0.066,0.064,0.0592
0.0648,0.068,0.0728,0.0608,0.0648,0.0584,0.0564,0.0572,0.0664,0.058,0.0608,0.0632,0.0584,0.0652,0.0652,0.0596
0.0668,0.066,0.0708,0.064,0.0664,0.058,0.0576,0.0568,0.064,0.058,0.0604,0.0632,0.0592,0.0672,0.0636,0.058
0.0692,0.0696,0.0732,0.0624,0.0636,0.06,0.0596,0.06,0.0608,0.0552,0.0588,0.0632,0.06,0.0672,0.0612,0.056
0.0708,0.0716,0.0704,0.0592,0.0624,0.0596,0.0564,0.0624,0.0624,0.0564,0.0628,0.0612,0.058,0.07,0.0632,0.0532
0.0728,0.0708,0.0708,0.0608,0.0656,0.0628,0.0536,0.0624,0.0644,0.0572,0.0624,0.0596,0.0508,0.0712,0.062,0.0528
0.0724,0.07,0.0728,0.0596,0.0684,0.0628,0.0556,0.062,0.0644,0.0576,0.0572,0.0616,0.0512,0.0656,0.064,0.0548
0.0728,0.0708,0.0728,0.0612,0.0676,0.0628,0.0536,0.0648,0.0652,0.0548,0.052,0.0624,0.054,0.0652,0.0628,0.0572
0.0724,0.0704,0.068,0.0628,0.0672,0.062,0.0584,0.0648,0.0644,0.0548,0.054,0.0632,0.054,0.0636,0.0632,0.0568
0.0692,0.0732,0.0648,0.0628,0.0672,0.0628,0.0592,0.0644,0.0648,0.0572,0.0552,0.0616,0.0588,0.0604,0.06,0.0584
0.0664,0.068,0.0644,0.0624,0.0664,0.0632,0.0588,0.0636,0.066,0.0548,0.056,0.0644,0.0628,0.06,0.0648,0.058
0.064,0.0672,0.0664,0.0652,0.0636,0.0636,0.0568,0.0656,0.0668,0.0556,0.0568,0.0628,0.0664,0.0604,0.062,0.0568
0.0616,0.068,0.0672,0.064,0.066,0.0644,0.0544,0.0648,0.068,0.0552,0.0552,0.0628,0.0696,0.0596,0.0624,0.0568
0.062,0.072,0.066,0.0612,0.0676,0.0604,0.0576,0.062,0.0708,0.0548,0.0544,0.0648,0.0668,0.06,0.0604,0.0592
0.0624,0.0732,0.062,0.0624,0.0664,0.0564,0.056,0.0636,0.0736,0.0564,0.0588,0.066,0.0624,0.0612,0.0592,0.06
0.0636,0.0732,0.0644,0.0632,0.0652,0.0492,0.0568,0.0636,0.0736,0.056,0.064,0.0676,0.0632,0.06,0.0592,0.0572
0.0612,0.074,0.0612,0.0624,0.0624,0.0504,0.0588,0.0644,0.0744,0.0604,0.0624,0.0676,0.0616,0.0612,0.06,0.0576
0.0624,0.0708,0.0616,0.062,0.0636,0.0476,0.0588,0.0676,0.076,0.0592,0.0632,0.0708,0.0596,0.0628,0.0576,0.0564
0.06,0.0696,0.0624,0.0616,0.066,0.0476,0.0592,0.0672,0.0768,0.058,0.0604,0.0696,0.0588,0.0612,0.0584,0.0632
0.0612,0.0688,0.062,0.0628,0.0632,0.0488,0.0572,0.0648,0.0752,0.0596,0.0596,0.0696,0.0636,0.0628,0.0572,0.0636
0.0616,0.0652,0.0612,0.064,0.062,0.0504,0.0596,0.0668,0.074,0.0584,0.0612,0.072,0.06,0.0628,0.0564,0.0644
0.062,0.0656,0.0612,0.0668,0.0612,0.048,0.06,0.0656,0.0756,0.0612,0.0628,0.07,0.06,0.0592,0.0572,0.0636
0.0624,0.064,0.06,0.07,0.0596,0.048,0.0576,0.0676,0.076,0.0628,0.0628,0.0684,0.0596,0.058,0.06,0.0632
0.0588,0.0632,0.0576,0.0736,0.06,0.0468,0.0612,0.0668,0.0764,0.0656,0.0592,0.0712,0.06,0.0584,0.0584,0.0628
0.0592,0.0628,0.056,0.0748,0.06,0.0496,0.062,0.0636,0.074,0.0664,0.0608,0.0704,0.062,0.0592,0.056,0.0632
0.0568,0.0628,0.054,0.078,0.0612,0.0456,0.0632,0.0612,0.078,0.0684,0.0628,0.0704,0.0628,0.06,0.0572,0.0576
0.0548,0.066,0.0528,0.0736,0.064,0.0488,0.0652,0.06,0.0776,0.0648,0.0612,0.068,0.0616,0.0604,0.062,0.0592
0.0524,0.0664,0.0516,0.0696,0.0676,0.0524,0.0612,0.06,0.0808,0.0688,0.0608,0.0664,0.0604,0.0576,0.0644,0.0596
0.0528,0.0652,0.0536,0.0716,0.0668,0.05,0.0632,0.0584,0.082,0.0692,0.0584,0.066,0.0604,0.0556,0.0628,0.064
0.0536,0.0684,0.0552,0.0704,0.0644,0.0488,0.0624,0.064,0.0804,0.07,0.0596,0.0632,0.0612,0.058,0.0604,0.06
0.0556,0.0692,0.0548,0.0708,0.064,0.0484,0.062,0.0676,0.0764,0.0672,0.0568,0.0624,0.064,0.056,0.0624,0.0624
0.0556,0.0672,0.056,0.0676,0.068,0.0532,0.0592,0.0664,0.0748,0.066,0.058,0.0636,0.0676,0.0548,0.0604,0.0616
0.056,0.0688,0.0568,0.0696,0.062,0.0528,0.0588,0.0712,0.0732,0.0652,0.0584,0.0636,0.0664,0.0544,0.0604,0.0624
0.058,0.0684,0.0616,0.0656,0.0604,0.0532,0.0584,0.0708,0.0712,0.0644,0.0604,0.0644,0.0664,0.0516,0.0612,0.064
0.0632,0.0668,0.06,0.066,0.0596,0.052,0.0568,0.068,0.0716,0.0628,0.062,0.0636,0.068,0.0528,0.0632,0.0636
0.066,0.068,0.0568,0.0676,0.0592,0.0528,0.0568,0.068,0.0704,0.062,0.064,0.06,0.0708,0.0492,0.0612,0.0672
0.0644,0.066,0.0572,0.0688,0.0592,0.054,0.0596,0.0656,0.0708,0.0644,0.06,0.0604,0.0704,0.0508,0.0608,0.0676
0.0636,0.068,0.0568,0.0684,0.0612,0.0536,0.0592,0.0624,0.0748,0.0628,0.056,0.0616,0.0712,0.0524,0.0588,0.0692
0.0648,0.0668,0.0572,0.0708,0.0576,0.0516,0.0592,0.0628,0.0724,0.0612,0.0576,0.0652,0.0712,0.0528,0.0592,0.0696
0.0648,0.0696,0.0604,0.072,0.0552,0.0532,0.0564,0.0624,0.0684,0.0636,0.0564,0.064,0.0744,0.0504,0.0604,0.0684
0.0604,0.0704,0.0624,0.0708,0.058,0.0532,0.0552,0.0608,0.0696,0.0604,0.058,0.066,0.0748,0.0512,0.062,0.0668
0.062,0.0708,0.0644,0.0704,0.06,0.0552,0.0564,0.0612,0.0672,0.0584,0.06,0.0632,0.0708,0.0544,0.0612,0.0644
0.0624,0.0704,0.0644,0.0724,0.0572,0.0532,0.0604,0.0632,0.0656,0.0596,0.0588,0.064,0.0704,0.0536,0.0612,0.0632
0.0616,0.0692,0.0608,0.0736,0.0564,0.0528,0.0604,0.0624,0.0628,0.062,0.0612,0.0652,0.0712,0.054,0.0652,0.0612
0.0588,0.0688,0.0636,0.0696,0.058,0.056,0.0632,0.0632,0.0636,0.0656,0.0572,0.0648,0.0652,0.0572,0.0644,0.0608
0.0556,0.068,0.0644,0.068,0.0568,0.0556,0.0624,0.0644,0.0676,0.0664,0.0544,0.0612,0.0648,0.0596,0.0692,0.0616
0.0576,0.0684,0.0648,0.066,0.0552,0.058,0.0652,0.0632,0.0656,0.0676,0.0564,0.0592,0.0664,0.058,0.0672,0.0612
0.0564,0.0684,0.0608,0.0664,0.0556,0.0604,0.0644,0.0656,0.0632,0.0664,0.0572,0.0584,0.0712,0.0572,0.0668,0.0616
0.0588,0.0676,0.0592,0.0668,0.0556,0.0584,0.0632,0.0644,0.0676,0.0684,0.0608,0.0596,0.0704,0.056,0.064,0.0592
0.0548,0.0688,0.0588,0.0648,0.0588,0.0612,0.068,0.0648,0.0648,0.0688,0.0596,0.056,0.0708,0.0548,0.0652,0.06
0.0544,0.0692,0.062,0.0664,0.0556,0.062,0.0664,0.0624,0.0648,0.0656,0.0596,0.0584,0.0716,0.0572,0.0648,0.0596
0.0544,0.068,0.0616,0.0656,0.0592,0.0572,0.0644,0.0632,0.064,0.0644,0.0584,0.0584,0.07,0.0608,0.0692,0.0612
0.058,0.0664,0.062,0.0676,0.0564,0.0572,0.0652,0.0592,0.0644,0.0624,0.0584,0.0576,0.0712,0.062,0.0712,0.0608
0.0584,0.0628,0.0612,0.0668,0.0588,0.0572,0.0636,0.06,0.0664,0.0636,0.06,0.058,0.072,0.0604,0.0724,0.0584
0.0544,0.0644,0.0608,0.0672,0.0584,0.06,0.0608,0.064,0.0668,0.066,0.0592,0.062,0.07,0.0588,0.0688,0.0584
0.0548,0.0644,0.0596,0.068,0.0576,0.06,0.0632,0.0648,0.068,0.0644,0.0568,0.0584,0.0692,0.0596,0.07,0.0612
0.0552,0.0628,0.06,0.0672,0.0572,0.06,0.0644,0.0632,0.068,0.0664,0.0584,0.0564,0.0704,0.0624,0.0712,0.0568
0.0604,0.0648,0.0592,0.068,0.0576,0.0604,0.0616,0.064,0.0648,0.0664,0.058,0.0552,0.07,0.0656,0.0708,0.0532
0.0596,0.0608,0.06,0.066,0.058,0.0584,0.0644,0.0672,0.068,0.0648,0.06,0.054,0.0668,0.0684,0.0724,0.0512
0.0624,0.0576,0.06,0.0676,0.0588,0.0572,0.064,0.0696,0.0676,0.0656,0.0608,0.0528,0.0672,0.0668,0.0688,0.0532
0.0652,0.0588,0.0616,0.0688,0.0572,0.0568,0.064,0.066,0.0668,0.0628,0.0592,0.0532,0.0656,0.07,0.07,0.054
0.066,0.0572,0.0652,0.0672,0.0588,0.0556,0.0656,0.0644,0.0688,0.0612,0.0584,0.0528,0.0644,0.0692,0.07,0.0552
0.066,0.0584,0.066,0.0676,0.0616,0.0544,0.0616,0.0644,0.0668,0.0616,0.0592,0.0532,0.064,0.0676,0.072,0.0556
0.0644,0.0556,0.0656,0.0696,0.0632,0.054,0.062,0.0652,0.0688,0.0608,0.0572,0.0556,0.0632,0.0664,0.072,0.0564
0.066,0.0524,0.0632,0.066,0.0628,0.0528,0.0624,0.0652,0.0704,0.064,0.0592,0.0568,0.062,0.0624,0.0776,0.0568
0.062,0.05,0.0616,0.066,0.0664,0.0532,0.0628,0.0632,0.0712,0.0652,0.058,0.06,0.0616,0.064,0.0752,0.0596
0.0628,0.054,0.0624,0.0684,0.066,0.0568,0.064,0.0632,0.0688,0.0664,0.0596,0.0568,0.0592,0.0604,0.0728,0.0584
0.0596,0.0532,0.0656,0.0648,0.0688,0.0592,0.0652,0.0632,0.0676,0.0656,0.06,0.0532,0.0612,0.0628,0.0724,0.0576
0.0612,0.0528,0.0672,0.0648,0.07,0.0592,0.0648,0.0604,0.0656,0.066,0.0612,0.054,0.0616,0.0628,0.0712,0.0572
0.0604,0.0564,0.066,0.0656,0.0656,0.0592,0.0644,0.0592,0.068,0.0664,0.0624,0.0548,0.064,0.0588,0.0712,0.0576
0.0612,0.0564,0.066,0.0636,0.066,0.0548,0.0648,0.062,0.0668,0.0684,0.0612,0.0528,0.0668,0.0604,0.0704,0.0584
0.0608,0.0576,0.0632,0.0636,0.0692,0.0564,0.0656,0.0604,0.0676,0.0676,0.06,0.0548,0.0652,0.0628,0.072,0.0532
0.0616,0.0588,0.062,0.0592,0.0696,0.0576,0.0668,0.0608,0.068,0.0648,0.0564,0.0544,0.0692,0.064,0.0692,0.0576
0.0608,0.0584,0.0608,0.0612,0.0708,0.0592,0.0636,0.0628,0.0668,0.064,0.0556,0.0548,0.066,0.0696,0.0704,0.0552
0.0604,0.058,0.064,0.066,0.0704,0.058,0.0648,0.062,0.0684,0.0624,0.0584,0.0552,0.0632,0.0696,0.0672,0.052
0.0608,0.0616,0.0652,0.0704,0.068,0.0608,0.0644,0.0616,0.0672,0.0616,0.0604,0.0556,0.0616,0.0648,0.0648,0.0512
0.0608,0.0604,0.0636,0.0708,0.0664,0.062,0.0656,0.0616,0.0688,0.0608,0.0596,0.0564,0.0636,0.0648,0.0636,0.0512
0.062,0.0576,0.066,0.0712,0.066,0.062,0.0668,0.0664,0.0648,0.0588,0.0572,0.056,0.0652,0.0612,0.0632,0.0556
0.0612,0.0592,0.0628,0.0708,0.0636,0.0616,0.0676,0.0644,0.0636,0.0576,0.0588,0.0584,0.0664,0.062,0.0656,0.0564
0.0596,0.0568,0.0612,0.0696,0.064,0.064,0.0672,0.0648,0.0624,0.0588,0.0604,0.0604,0.0676,0.0608,0.0648,0.0576
0.0616,0.058,0.064,0.0672,0.062,0.0672,0.0616,0.0644,0.0596,0.0616,0.0596,0.0592,0.0676,0.0608,0.0672,0.0584
0.0676,0.06,0.0656,0.0648,0.0616,0.068,0.0592,0.0652,0.058,0.0588,0.0608,0.0556,0.0656,0.064,0.064,0.0612
0.064,0.058,0.0696,0.066,0.0632,0.0676,0.06,0.0636,0.0576,0.0612,0.0608,0.052,0.0688,0.0664,0.0612,0.06
0.0628,0.0584,0.066,0.0656,0.0664,0.0688,0.058,0.0644,0.06,0.0612,0.0596,0.0532,0.0684,0.064,0.062,0.0612
0.0636,0.0584,0.0636,0.0636,0.068,0.0664,0.0568,0.0668,0.0568,0.0624,0.0596,0.0548,0.0656,0.066,0.0676,0.06
0.0644,0.0644,0.0628,0.0628,0.066,0.0608,0.0528,0.0676,0.0568,0.0668,0.06,0.054,0.0664,0.0644,0.068,0.062
0.0652,0.0668,0.066,0.0656,0.0632,0.0656,0.0532,0.0664,0.0572,0.064,0.0568,0.0528,0.0656,0.064,0.0668,0.0608
0.062,0.0656,0.0672,0.0676,0.064,0.068,0.0568,0.0672,0.056,0.0632,0.0564,0.0524,0.0628,0.0656,0.0644,0.0608
0.0608,0.068,0.0644,0.066,0.064,0.0688,0.0588,0.0644,0.0556,0.0672,0.0568,0.0504,0.0608,0.0656,0.0664,0.062
0.0608,0.0684,0.0648,0.066,0.0644,0.0696,0.0568,0.0628,0.0552,0.0664,0.0568,0.0524,0.0612,0.0632,0.0652,0.066
0.0616,0.0652,0.0612,0.0632,0.0668,0.0704,0.0552,0.0616,0.0572,0.0704,0.0556,0.0532,0.0624,0.0624,0.0648,0.0688
0.0624,0.0636,0.0608,0.0644,0.0672,0.0688,0.058,0.0592,0.0588,0.07,0.0568,0.0528,0.0656,0.064,0.0632,0.0644
0.0608,0.0628,0.0612,0.0644,0.066,0.0648,0.0584,0.0592,0.0604,0.0688,0.058,0.0528,0.0668,0.068,0.0636,0.064
0.0644,0.0596,0.0624,0.0676,0.0616,0.0624,0.0596,0.0588,0.0612,0.0696,0.0556,0.0548,0.0648,0.0704,0.0628,0.0644
0.0652,0.0608,0.0668,0.0636,0.0604,0.0636,0.0604,0.0564,0.0624,0.0688,0.0588,0.0532,0.0648,0.0688,0.0628,0.0632
0.0624,0.0624,0.0652,0.0656,0.0596,0.0648,0.0596,0.056,0.0644,0.0704,0.0584,0.0548,0.062,0.0692,0.062,0.0632
0.0624,0.0648,0.064,0.064,0.0608,0.0632,0.0624,0.0584,0.0612,0.07,0.0564,0.0528,0.0624,0.07,0.0644,0.0628
0.0604,0.0656,0.0672,0.0652,0.0612,0.06,0.0596,0.06,0.0648,0.07,0.0544,0.052,0.0636,0.0676,0.0616,0.0668
0.062,0.066,0.0672,0.0672,0.0592,0.0632,0.062,0.06,0.066,0.0692,0.0536,0.0556,0.0616,0.0632,0.0628,0.0612
0.0608,0.066,0.066,0.064,0.0608,0.0676,0.0632,0.0624,0.0664,0.0676,0.0564,0.0548,0.058,0.0612,0.0632,0.0616
0.0624,0.0628,0.0668,0.0636,0.0624,0.0688,0.0624,0.0636,0.0644,0.0652,0.0556,0.056,0.0592,0.0624,0.0624,0.062
0.0584,0.062,0.07,0.066,0.0632,0.0692,0.0628,0.0636,0.0636,0.0672,0.054,0.0564,0.056,0.062,0.066,0.0596
0.0584,0.0596,0.0676,0.066,0.0596,0.068,0.0644,0.062,0.0648,0.068,0.056,0.0592,0.0584,0.062,0.0676,0.0584
0.0616,0.0604,0.0676,0.0616,0.0588,0.0696,0.0648,0.0604,0.0632,0.07,0.0552,0.0604,0.0584,0.0652,0.0636,0.0592
0.062,0.058,0.0684,0.062,0.0536,0.0696,0.0632,0.0616,0.0628,0.0684,0.0576,0.062,0.0612,0.066,0.0652,0.0584
0.0624,0.0568,0.0632,0.0648,0.054,0.0704,0.0648,0.0616,0.0644,0.07,0.0588,0.0596,0.062,0.0628,0.0644,0.06
0.0608,0.056,0.064,0.0664,0.0536,0.068,0.0668,0.0616,0.0632,0.0692,0.0592,0.0592,0.0672,0.0608,0.0624,0.0616
0.0592,0.0552,0.066,0.0644,0.0548,0.0676,0.0664,0.0616,0.0608,0.0696,0.0588,0.0592,0.0672,0.0628,0.0648,0.0616
0.0596,0.0564,0.0648,0.0632,0.0592,0.0664,0.0636,0.0608,0.062,0.0716,0.0592,0.0568,0.0656,0.0648,0.0644,0.0616
0.0608,0.0544,0.0668,0.0608,0.0608,0.0648,0.0672,0.0588,0.0616,0.0724,0.058,0.0608,0.0644,0.0616,0.062,0.0648
0.0608,0.0564,0.0652,0.0604,0.0628,0.0632,0.0644,0.0592,0.0588,0.0724,0.0548,0.0604,0.0676,0.064,0.0648,0.0648
0.0592,0.0568,0.0668,0.0612,0.062,0.0608,0.0624,0.0588,0.0572,0.0652,0.0588,0.064,0.0684,0.0664,0.0668,0.0652
0.0596,0.0588,0.0672,0.0632,0.0628,0.0588,0.0636,0.0568,0.058,0.0636,0.0592,0.0616,0.0688,0.066,0.0656,0.0664
0.0612,0.0572,0.0688,0.0652,0.0624,0.0572,0.064,0.0564,0.0576,0.0628,0.0584,0.062,0.0668,0.0652,0.0676,0.0672
0.0596,0.0564,0.068,0.0644,0.0612,0.0572,0.0616,0.0572,0.0576,0.0636,0.0576,0.0652,0.0636,0.0676,0.0692,0.07
0.062,0.054,0.0684,0.0652,0.0624,0.0588,0.0612,0.0568,0.0576,0.0628,0.0564,0.0668,0.0656,0.068,0.0636,0.0704
0.0604,0.0556,0.0672,0.0636,0.0656,0.0604,0.0608,0.0556,0.0592,0.0644,0.0576,0.0648,0.0644,0.0656,0.064,0.0708
0.0616,0.0556,0.0664,0.0604,0.0672,0.0604,0.06,0.0568,0.0572,0.068,0.0576,0.0672,0.064,0.064,0.0636,0.07
0.0608,0.0572,0.0692,0.062,0.0676,0.0596,0.0596,0.054,0.0568,0.0652,0.0604,0.0652,0.0632,0.0616,0.064,0.0736
0.0624,0.058,0.0656,0.0604,0.0664,0.0616,0.0572,0.0564,0.0588,0.068,0.0616,0.0636,0.064,0.0608,0.0624,0.0728
0.0616,0.058,0.0636,0.06,0.0684,0.062,0.0572,0.058,0.0616,0.0664,0.0612,0.0608,0.0652,0.0596,0.0628,0.0736
0.062,0.0592,0.0616,0.0604,0.066,0.062,0.0576,0.06,0.0604,0.0676,0.0608,0.0608,0.0668,0.0596,0.0632,0.072
0.0608,0.0604,0.06,0.0596,0.0696,0.0592,0.0632,0.0588,0.0596,0.0664,0.0644,0.0596,0.0624,0.0568,0.0652,0.074
0.0612,0.06,0.0604,0.0608,0.0712,0.0596,0.062,0.06,0.0576,0.0672,0.0652,0.0612,0.0588,0.056,0.0656,0.0732
0.06,0.0604,0.0592,0.0604,0.0712,0.0612,0.0616,0.0608,0.0592,0.0652,0.0652,0.0624,0.0584,0.0584,0.0632,0.0732
0.06,0.0612,0.0636,0.0612,0.0668,0.0608,0.0624,0.0628,0.0588,0.0664,0.066,0.0616,0.0556,0.0608,0.062,0.07
0.06,0.0572,0.0628,0.0624,0.0696,0.064,0.0628,0.0608,0.0576,0.0668,0.0664,0.0628,0.0576,0.058,0.0616,0.0696
0.0596,0.0548,0.0656,0.0636,0.0712,0.0636,0.0596,0.0596,0.0572,0.0636,0.0684,0.064,0.0568,0.0568,0.0652,0.0704
0.058,0.056,0.0632,0.062,0.07,0.064,0.0568,0.0604,0.06,0.0636,0.0724,0.0604,0.0548,0.0584,0.0708,0.0692
0.058,0.0524,0.0644,0.0652,0.0692,0.0628,0.0536,0.06,0.0572,0.0644,0.072,0.0664,0.0548,0.0572,0.0692,0.0732
0.0612,0.0544,0.064,0.062,0.0696,0.0604,0.0544,0.0608,0.0592,0.0636,0.072,0.0676,0.054,0.058,0.0656,0.0732
0.0624,0.0536,0.064,0.0628,0.0688,0.0596,0.054,0.0588,0.0612,0.0632,0.0716,0.0676,0.0548,0.0576,0.0696,0.0704
0.06,0.0564,0.0652,0.0652,0.0688,0.0604,0.0544,0.0576,0.06,0.0632,0.072,0.0672,0.0572,0.0548,0.07,0.0676
0.0628,0.0552,0.0656,0.064,0.068,0.0624,0.0508,0.0632,0.0632,0.0636,0.07,0.0684,0.056,0.0536,0.0696,0.0636
0.062,0.06,0.064,0.062,0.0688,0.0616,0.0512,0.0632,0.0608,0.0604,0.07,0.0732,0.0588,0.0508,0.0692,0.064
0.0624,0.064,0.0656,0.0616,0.0672,0.0608,0.0504,0.0652,0.0624,0.0584,0.0648,0.0736,0.0596,0.0544,0.0692,0.0604
0.0632,0.0624,0.068,0.0616,0.0688,0.0568,0.0524,0.0648,0.0612,0.0568,0.0676,0.0732,0.062,0.0536,0.068,0.0596
0.066,0.0628,0.0644,0.0636,0.0668,0.0568,0.0544,0.0648,0.0632,0.0508,0.0672,0.072,0.064,0.058,0.0664,0.0588
0.0648,0.0596,0.0648,0.068,0.0628,0.0584,0.0532,0.0652,0.0632,0.0548,0.0716,0.0736,0.0644,0.0548,0.0636,0.0572
0.0624,0.0652,0.0644,0.0664,0.0644,0.0604,0.0548,0.0672,0.062,0.0556,0.0688,0.0712,0.064,0.0524,0.0636,0.0572
0.062,0.0636,0.0612,0.0668,0.0628,0.0612,0.056,0.0692,0.0596,0.0564,0.0696,0.0732,0.0664,0.0564,0.0604,0.0552
0.0612,0.0612,0.06,0.0676,0.0656,0.0596,0.058,0.0704,0.0608,0.0592,0.068,0.0712,0.0652,0.0544,0.0612,0.0564
0.064,0.0584,0.0608,0.0652,0.0656,0.058,0.0584,0.0732,0.0564,0.0584,0.0672,0.0708,0.0652,0.0576,0.0624,0.0584
0.0632,0.062,0.06,0.0692,0.0644,0.058,0.058,0.0736,0.0544,0.0596,0.0636,0.0688,0.0628,0.0588,0.0608,0.0628
0.0608,0.064,0.058,0.0688,0.0644,0.0616,0.0596,0.0672,0.0576,0.0564,0.0664,0.0704,0.0616,0.06,0.06,0.0632
0.0576,0.064,0.0584,0.066,0.0656,0.0612,0.06,0.0668,0.0592,0.0568,0.0716,0.0676,0.0636,0.058,0.0604,0.0632
0.0556,0.0632,0.0572,0.066,0.068,0.0644,0.0596,0.066,0.0572,0.0532,0.0696,0.0676,0.0644,0.0604,0.0592,0.0684
0.054,0.0628,0.0572,0.0668,0.0656,0.0648,0.0608,0.068,0.0556,0.0516,0.0712,0.068,0.0632,0.0596,0.0592,0.0716
0.0536,0.0592,0.0596,0.0684,0.0652,0.0652,0.0604,0.0692,0.052,0.052,0.0696,0.0688,0.0684,0.0592,0.062,0.0672
0.0524,0.06,0.056,0.0688,0.0624,0.0676,0.0636,0.066,0.0544,0.0528,0.0696,0.0712,0.0692,0.0604,0.06,0.0656
0.052,0.0616,0.0544,0.0684,0.064,0.0656,0.0644,0.0656,0.0532,0.0544,0.0684,0.0728,0.0676,0.0584,0.0628,0.0664
0.05,0.062,0.0544,0.0652,0.0644,0.068,0.0668,0.0656,0.0528,0.0556,0.0672,0.0724,0.0672,0.0588,0.062,0.0676
0.0516,0.0572,0.0564,0.0676,0.064,0.0644,0.0712,0.0644,0.0544,0.054,0.0684,0.0672,0.0712,0.0608,0.0628,0.0644
0.0492,0.0548,0.0584,0.0668,0.0612,0.0636,0.0736,0.0644,0.0564,0.0572,0.0684,0.064,0.0708,0.0616,0.0652,0.0644
0.0536,0.0556,0.0604,0.0648,0.0592,0.0616,0.072,0.0652,0.0556,0.0576,0.0652,0.0648,0.0756,0.0604,0.0636,0.0648
0.056,0.0556,0.064,0.062,0.058,0.0632,0.07,0.0636,0.0576,0.0576,0.0656,0.0624,0.0744,0.0628,0.0632,0.064
0.0576,0.0596,0.06,0.0652,0.058,0.0664,0.0696,0.0608,0.0604,0.0556,0.0628,0.0604,0.0752,0.0628,0.0588,0.0668
0.0584,0.0592,0.0644,0.0688,0.0572,0.0612,0.068,0.0616,0.0612,0.0572,0.0592,0.0616,0.0756,0.0608,0.0568,0.0688
0.056,0.0592,0.0664,0.0676,0.0592,0.0592,0.0676,0.0616,0.064,0.0576,0.0572,0.0616,0.0732,0.0644,0.0572,0.068
0.0568,0.0568,0.0644,0.0728,0.0596,0.0584,0.0624,0.0652,0.0628,0.0572,0.0556,0.0632,0.0708,0.0672,0.0576,0.0692
0.0524,0.056,0.062,0.0732,0.062,0.0572,0.0624,0.0648,0.066,0.0592,0.0552,0.0604,0.0732,0.066,0.0596,0.0704
0.0528,0.0568,0.062,0.0696,0.062,0.0576,0.0628,0.0632,0.0652,0.0588,0.0548,0.0616,0.0776,0.066,0.058,0.0712
0.0544,0.0568,0.0608,0.072,0.0592,0.0564,0.0636,0.06,0.066,0.0632,0.0564,0.062,0.0752,0.0672,0.0552,0.0716
0.058,0.0592,0.0576,0.0668,0.0608,0.058,0.064,0.0624,0.0668,0.0628,0.0556,0.0608,0.07,0.0708,0.056,0.0704
0.0552,0.0596,0.0592,0.068,0.0596,0.0596,0.066,0.062,0.0688,0.0592,0.0552,0.064,0.0688,0.0676,0.0556,0.0716
0.0576,0.06,0.0604,0.0728,0.0572,0.0588,0.0684,0.06,0.0684,0.0548,0.0572,0.0636,0.0656,0.0692,0.0564,0.0696
0.0572,0.0612,0.0624,0.0724,0.056,0.0612,0.0672,0.058,0.0668,0.056,0.0568,0.062,0.0664,0.0688,0.06,0.0676
0.0588,0.0616,0.064,0.0716,0.0584,0.0616,0.0676,0.0608,0.0696,0.0568,0.0552,0.058,0.0644,0.0668,0.0608,0.064
0.0608,0.062,0.0632,0.0712,0.0584,0.0612,0.0648,0.0632,0.0632,0.0572,0.0592,0.0588,0.0612,0.068,0.0612,0.0664
0.062,0.062,0.064,0.0696,0.0608,0.062,0.0648,0.0644,0.0648,0.0584,0.0588,0.06,0.0588,0.0624,0.0624,0.0648
0.0624,0.06,0.0656,0.0692,0.0576,0.0624,0.0636,0.0656,0.0652,0.062,0.0604,0.058,0.0592,0.0604,0.062,0.0664
0.0616,0.0612,0.064,0.068,0.0568,0.0612,0.0692,0.06,0.0652,0.0604,0.0608,0.0588,0.0616,0.062,0.0596,0.0696
0.0624,0.0588,0.0648,0.0688,0.0584,0.0624,0.0692,0.0616,0.0648,0.0592,0.0624,0.058,0.0604,0.0608,0.0612,0.0668
0.0624,0.0596,0.0668,0.0652,0.0572,0.0628,0.0688,0.0656,0.062,0.0624,0.0624,0.0552,0.0616,0.0612,0.0584,0.0684
0.0632,0.062,0.0664,0.0676,0.056,0.0628,0.0668,0.0672,0.0568,0.066,0.0612,0.0544,0.062,0.0636,0.0584,0.0656
0.0644,0.062,0.0704,0.0628,0.0568,0.066,0.0664,0.0668,0.0572,0.0648,0.0616,0.0536,0.0596,0.0604,0.0604,0.0668
0.0668,0.0636,0.0664,0.0624,0.0604,0.0688,0.0636,0.0684,0.0584,0.0672,0.0616,0.0524,0.0596,0.0608,0.058,0.0616
0.0684,0.0612,0.0644,0.0644,0.0608,0.0668,0.0632,0.0664,0.0584,0.0664,0.06,0.0528,0.06,0.0624,0.0608,0.0636
0.0656,0.0628,0.0648,0.0604,0.0632,0.0676,0.0636,0.0652,0.06,0.0664,0.0592,0.054,0.06,0.0624,0.0644,0.0604
0.0664,0.0628,0.064,0.0644,0.062,0.0664,0.062,0.0644,0.0596,0.0648,0.0588,0.056,0.0592,0.0608,0.0704,0.058
0.066,0.064,0.062,0.062,0.0668,0.0648,0.0644,0.0624,0.064,0.0652,0.0616,0.0556,0.0588,0.0572,0.0672,0.058
0.0612,0.0652,0.0632,0.0612,0.0688,0.0644,0.0644,0.0632,0.0628,0.0624,0.0592,0.0568,0.0628,0.0596,0.0672,0.0576
0.0596,0.0628,0.0652,0.0584,0.0672,0.064,0.0672,0.0628,0.0668,0.064,0.0612,0.0564,0.062,0.058,0.0672,0.0572
0.0592,0.062,0.066,0.0612,0.066,0.0636,0.0644,0.064,0.0648,0.062,0.0632,0.0556,0.064,0.058,0.0692,0.0568
0.0596,0.0628,0.0656,0.062,0.0636,0.0632,0.064,0.0668,0.0652,0.06,0.0616,0.0568,0.068,0.0568,0.0684,0.0556
0.0608,0.0628,0.0652,0.0648,0.0612,0.0628,0.0632,0.0668,0.0656,0.0588,0.0624,0.0572,0.066,0.06,0.066,0.0564
0.0616,0.0576,0.0656,0.0624,0.0588,0.0628,0.0632,0.0672,0.0672,0.0624,0.062,0.0584,0.0684,0.06,0.0644,0.058
0.0596,0.0608,0.0656,0.062,0.0592,0.0648,0.0616,0.0676,0.0672,0.0628,0.0612,0.0576,0.0652,0.0572,0.0692,0.0584
0.062,0.0608,0.0624,0.0608,0.062,0.066,0.0624,0.0652,0.0672,0.0628,0.0608,0.0584,0.066,0.056,0.0688,0.0584
0.0656,0.0628,0.0628,0.06,0.0608,0.0664,0.0624,0.0652,0.0668,0.0612,0.0612,0.0588,0.0688,0.0592,0.0652,0.0528
0.066,0.0632,0.0624,0.06,0.0596,0.0656,0.0612,0.0648,0.0672,0.0624,0.0624,0.0592,0.0676,0.06,0.0668,0.0516
0.0652,0.0604,0.0656,0.0604,0.0604,0.0648,0.0616,0.066,0.0664,0.0632,0.0604,0.0616,0.0676,0.0584,0.0672,0.0508
0.066,0.0604,0.0632,0.062,0.0592,0.066,0.0608,0.0624,0.0632,0.0648,0.058,0.0644,0.0688,0.0584,0.068,0.0544
0.068,0.0628,0.0624,0.0612,0.0564,0.0676,0.0584,0.062,0.064,0.0636,0.0624,0.0628,0.0648,0.0592,0.0688,0.0556
0.066,0.0632,0.0632,0.0596,0.0556,0.0664,0.058,0.0628,0.064,0.062,0.0616,0.0632,0.0652,0.0616,0.07,0.0576
0.0632,0.0628,0.0624,0.0568,0.0604,0.064,0.0608,0.06,0.0628,0.0644,0.0624,0.0636,0.0628,0.0648,0.07,0.0588
0.0628,0.0616,0.0628,0.0568,0.0604,0.06,0.0576,0.0632,0.0628,0.0676,0.0656,0.0624,0.0604,0.0684,0.0696,0.058
0.0636,0.0596,0.0624,0.0592,0.06,0.0568,0.062,0.0612,0.0636,0.0676,0.0632,0.062,0.0604,0.0692,0.0708,0.0584
0.062,0.0604,0.0664,0.0608,0.0584,0.0576,0.0616,0.0604,0.0616,0.066,0.064,0.06,0.0628,0.0668,0.072,0.0592
0.0608,0.0656,0.0628,0.06,0.0592,0.0568,0.06,0.0608,0.064,0.0672,0.0624,0.0568,0.0636,0.0664,0.072,0.0616
0.06,0.0636,0.0636,0.0632,0.0604,0.056,0.0608,0.0568,0.0616,0.0652,0.0648,0.0576,0.0644,0.0656,0.0732,0.0632
0.0628,0.0644,0.0648,0.0636,0.06,0.056,0.06,0.0564,0.0652,0.0652,0.0616,0.0576,0.0624,0.0656,0.072,0.0624
0.062,0.0672,0.0636,0.062,0.0616,0.0568,0.0624,0.0568,0.0672,0.0668,0.0632,0.056,0.0608,0.0624,0.07,0.0612
0.062,0.0652,0.0644,0.0588,0.0624,0.0608,0.0628,0.0548,0.0636,0.0676,0.0652,0.0552,0.0616,0.062,0.0716,0.062
0.0624,0.064,0.0624,0.0628,0.0632,0.0604,0.0664,0.054,0.0648,0.066,0.0612,0.0532,0.0612,0.0636,0.0724,0.062
0.0648,0.0672,0.0628,0.0632,0.0632,0.0608,0.062,0.0548,0.0632,0.066,0.06,0.0524,0.0596,0.0652,0.0728,0.062
0.0644,0.0664,0.0604,0.0604,0.0652,0.0608,0.0636,0.0568,0.0628,0.0668,0.0584,0.0528,0.0592,0.0632,0.0732,0.0656
0.0632,0.0624,0.0612,0.0584,0.0648,0.062,0.0644,0.0588,0.0604,0.0656,0.0596,0.052,0.0624,0.0672,0.072,0.0656
0.0644,0.0624,0.06,0.058,0.0624,0.0596,0.0664,0.0616,0.0588,0.0644,0.0612,0.0516,0.0624,0.0672,0.0736,0.066
0.0644,0.064,0.0572,0.06,0.0572,0.0624,0.0656,0.06,0.0572,0.0692,0.0624,0.0508,0.0588,0.0688,0.0744,0.0676
0.0656,0.0616,0.0596,0.0636,0.0608,0.0608,0.0628,0.0604,0.0576,0.0684,0.0632,0.0528,0.0584,0.066,0.0712,0.0672
0.0636,0.0576,0.0592,0.064,0.0596,0.06,0.0632,0.0596,0.0632,0.07,0.0624,0.056,0.0556,0.0668,0.068,0.0712
0.0616,0.0596,0.0584,0.0664,0.062,0.0592,0.0648,0.0592,0.0644,0.0732,0.0616,0.0564,0.056,0.0656,0.066,0.0656
0.0628,0.0604,0.06,0.0616,0.0608,0.0608,0.066,0.0576,0.064,0.0712,0.064,0.0564,0.058,0.066,0.0644,0.066
0.0624,0.0596,0.0608,0.06,0.0608,0.06,0.0652,0.0568,0.0652,0.0672,0.0656,0.0592,0.0584,0.0668,0.0644,0.0676
0.0616,0.0616,0.062,0.06,0.0624,0.058,0.0668,0.0584,0.0656,0.0664,0.0652,0.0568,0.0592,0.068,0.0636,0.0644
0.0616,0.0596,0.0656,0.0596,0.0652,0.0576,0.0664,0.0568,0.0652,0.068,0.0644,0.0604,0.0612,0.0668,0.0592,0.0624
0.064,0.0596,0.0692,0.0608,0.064,0.0576,0.0648,0.0584,0.0608,0.0696,0.0616,0.06,0.0596,0.0656,0.0588,0.0656
0.068,0.0604,0.0664,0.0628,0.0644,0.0552,0.0648,0.0548,0.062,0.0708,0.0604,0.0608,0.0612,0.0648,0.0572,0.066
0.0704,0.0592,0.0624,0.0636,0.0628,0.0544,0.064,0.0584,0.064,0.0712,0.0616,0.0572,0.0612,0.0652,0.058,0.0664
0.0728,0.0596,0.0604,0.0636,0.0648,0.0544,0.06,0.0584,0.0648,0.0732,0.0612,0.0572,0.0644,0.0644,0.0568,0.064
0.0744,0.0608,0.0588,0.0624,0.0668,0.0548,0.062,0.0616,0.0624,0.0688,0.0648,0.0564,0.06,0.0652,0.0584,0.0624
0.0744,0.0596,0.0588,0.0616,0.0664,0.0556,0.0624,0.0592,0.0608,0.0708,0.064,0.056,0.0628,0.0632,0.0624,0.062
0.0704,0.0556,0.0608,0.0612,0.068,0.0568,0.062,0.0576,0.0612,0.0668,0.0672,0.0604,0.0644,0.062,0.0664,0.0592
0.0692,0.0588,0.0608,0.0656,0.0644,0.0564,0.0656,0.0576,0.058,0.0644,0.0672,0.0588,0.0672,0.062,0.0636,0.0604
0.0696,0.0604,0.0604,0.0656,0.0612,0.0564,0.0676,0.0552,0.06,0.0652,0.0684,0.058,0.0668,0.0612,0.0648,0.0592
0.0684,0.0616,0.0596,0.064,0.0608,0.0568,0.0668,0.0568,0.0628,0.0668,0.0668,0.0564,0.0644,0.0628,0.0656,0.0596
0.0704,0.0616,0.0624,0.0604,0.0616,0.0576,0.0684,0.0568,0.0624,0.0656,0.0628,0.0592,0.0636,0.0636,0.0644,0.0592
0.068,0.0588,0.0616,0.0592,0.066,0.0564,0.0684,0.056,0.0632,0.0656,0.0632,0.0636,0.0652,0.0616,0.064,0.0592
0.0696,0.0612,0.0616,0.0608,0.0692,0.058,0.0664,0.0588,0.0568,0.064,0.0588,0.064,0.0692,0.0612,0.0624,0.058
0.0692,0.0596,0.0588,0.0624,0.0668,0.0564,0.0656,0.0604,0.0584,0.064,0.06,0.0632,0.0704,0.0608,0.062,0.062
0.0692,0.0672,0.0644,0.0632,0.0664,0.0564,0.062,0.0592,0.054,0.0628,0.06,0.0668,0.0684,0.058,0.0636,0.0584
0.0676,0.0672,0.0616,0.0628,0.0668,0.0584,0.064,0.0608,0.0564,0.0632,0.0584,0.0664,0.0676,0.058,0.0612,0.0596
0.068,0.0696,0.0604,0.0632,0.0668,0.0576,0.066,0.06,0.056,0.0648,0.0588,0.0692,0.0672,0.0536,0.0588,0.06
0.0652,0.0736,0.0556,0.066,0.0664,0.0604,0.0676,0.0592,0.0556,0.0628,0.0616,0.0704,0.0664,0.05,0.0588,0.0604
0.0644,0.0724,0.0548,0.0684,0.0664,0.0652,0.0632,0.0608,0.06,0.0632,0.062,0.0672,0.0652,0.05,0.0588,0.058
0.0672,0.074,0.0568,0.0652,0.0636,0.0672,0.0604,0.0608,0.0584,0.0644,0.0624,0.0664,0.0648,0.0504,0.058,0.06
0.066,0.0728,0.0576,0.064,0.0632,0.0664,0.0576,0.0612,0.06,0.0648,0.0632,0.066,0.0628,0.0516,0.0576,0.0652
0.0664,0.0712,0.0568,0.0616,0.06,0.0684,0.0572,0.0628,0.0624,0.0652,0.0632,0.0696,0.0608,0.0532,0.0588,0.0624
0.068,0.0712,0.0564,0.064,0.0584,0.0696,0.0568,0.0644,0.0604,0.0628,0.0596,0.0672,0.0636,0.0588,0.0552,0.0636
0.0692,0.07,0.056,0.0644,0.056,0.0696,0.06,0.0644,0.06,0.062,0.064,0.0676,0.064,0.0564,0.0544,0.062
0.07,0.072,0.0568,0.0632,0.058,0.068,0.0608,0.0632,0.0604,0.0628,0.06,0.0672,0.0644,0.0568,0.0544,0.062
0.0672,0.0692,0.056,0.0644,0.0616,0.062,0.0568,0.0608,0.0632,0.0676,0.0636,0.0672,0.0632,0.0616,0.0568,0.0588
0.0696,0.0668,0.054,0.0644,0.0648,0.0628,0.058,0.0608,0.0652,0.0668,0.0644,0.0636,0.0608,0.0616,0.0588,0.0576
0.0676,0.0676,0.0548,0.0624,0.0656,0.0596,0.0572,0.0628,0.0652,0.0608,0.0652,0.0632,0.066,0.0628,0.0604,0.0588
0.0652,0.072,0.0556,0.0612,0.0676,0.0576,0.0592,0.0608,0.0644,0.0612,0.064,0.0612,0.0688,0.0612,0.0608,0.0592
0.0656,0.0728,0.056,0.0616,0.07,0.056,0.0568,0.0592,0.0668,0.0608,0.0632,0.0624,0.0684,0.0596,0.0632,0.0576
0.0652,0.0708,0.0508,0.0608,0.0688,0.0568,0.0552,0.06,0.0672,0.06,0.064,0.06,0.0704,0.0656,0.0628,0.0616
0.0672,0.068,0.0492,0.062,0.068,0.0584,0.058,0.0632,0.0624,0.0588,0.0644,0.0608,0.0692,0.0684,0.06,0.062
0.0648,0.066,0.0508,0.0648,0.0612,0.06,0.0584,0.062,0.0608,0.0652,0.066,0.0576,0.0684,0.0716,0.062,0.0604
0.0652,0.0632,0.0532,0.0648,0.0644,0.0576,0.056,0.0616,0.0576,0.066,0.066,0.0572,0.0656,0.0748,0.0616,0.0652
0.0684,0.0596,0.0536,0.0608,0.062,0.06,0.0564,0.0616,0.0616,0.0676,0.064,0.06,0.064,0.0748,0.0636,0.062
0.0688,0.056,0.0544,0.0608,0.064,0.064,0.0564,0.0648,0.0636,0.0648,0.0632,0.0612,0.0636,0.0704,0.0628,0.0612
0.0676,0.054,0.0544,0.0612,0.0612,0.0644,0.0596,0.066,0.0612,0.0672,0.0624,0.0616,0.0636,0.0692,0.0632,0.0632
0.0664,0.0556,0.0528,0.0612,0.0624,0.0644,0.0588,0.0624,0.0596,0.0704,0.0644,0.0584,0.064,0.0716,0.0632,0.0644
0.064,0.0556,0.0508,0.0644,0.0624,0.0608,0.0588,0.0624,0.0592,0.0664,0.0664,0.0584,0.0672,0.0736,0.0656,0.064
0.0632,0.056,0.052,0.068,0.0656,0.0604,0.0564,0.064,0.0588,0.0648,0.0704,0.0592,0.062,0.0716,0.0656,0.062
0.0628,0.0544,0.0544,0.0684,0.0684,0.0592,0.0544,0.0644,0.0588,0.0664,0.0684,0.0588,0.0632,0.0716,0.0644,0.062
0.0624,0.0564,0.054,0.0688,0.0664,0.06,0.056,0.0596,0.0564,0.066,0.0696,0.058,0.0664,0.0716,0.0632,0.0652
0.0624,0.0584,0.0544,0.0712,0.0672,0.0624,0.056,0.06,0.0556,0.0636,0.0664,0.0556,0.0664,0.0684,0.0648,0.0672
0.0612,0.0604,0.0544,0.0668,0.0684,0.06,0.0564,0.0596,0.0588,0.0624,0.068,0.0544,0.0672,0.068,0.0656,0.0684
0.0652,0.0576,0.0552,0.0692,0.0684,0.06,0.0584,0.062,0.056,0.0644,0.068,0.054,0.0668,0.0672,0.0604,0.0672
0.064,0.0576,0.0568,0.0684,0.0696,0.0572,0.0604,0.0612,0.056,0.0616,0.0704,0.0544,0.0664,0.0672,0.0592,0.0696
0.0636,0.0544,0.054,0.0644,0.0724,0.0592,0.0612,0.0624,0.0556,0.0608,0.07,0.052,0.0668,0.068,0.0628,0.0724
0.0604,0.0524,0.0572,0.0656,0.0708,0.0564,0.0596,0.0636,0.0584,0.0608,0.0716,0.0576,0.0656,0.0664,0.0628,0.0708
0.062,0.0536,0.0564,0.0668,0.068,0.0564,0.0592,0.064,0.06,0.0632,0.0676,0.0584,0.0656,0.0644,0.0644,0.07
0.0584,0.0528,0.0584,0.0672,0.0696,0.0568,0.0576,0.066,0.06,0.064,0.0652,0.0568,0.0664,0.0672,0.0652,0.0684
