C_R,C_A,C_S,C_N,D_R,D_A,D_S,D_N,Oc_R,Oc_A,Oc_S,Oc_N,Od_R,Od_A,Od_S,Od_N
0,0,0,0,0,0,0,0,0,0,0,0,0,0,0,0
0.0,0.0,0.0,0.0,0.0,0.0,0.0,0.0,0.0,0.0,0.0,0.0,0.0,0.0,0.0,1.0
0.0,0.0,0.0,0.0,0.0,0.0,0.0,0.0,0.0,0.0,0.3333333333333333,0.0,0.0,0.0,0.0,0.6666666666666666
0.0,0.0,0.0,0.0,0.0,0.25,0.0,0.0,0.0,0.0,0.0,0.0,0.0,0.0,0.0,0.75
0.0,0.0,0.0,0.0,0.0,0.25,0.0,0.0,0.0,0.0,0.0,0.125,0.0,0.0,0.0,0.625
0.0,0.0,0.0,0.0,0.0,0.25,0.0,0.0,0.0,0.0,0.0,0.08333333333333333,0.0,0.0,0.0,0.6666666666666666
0.0,0.0,0.0,0.0,0.0,0.2,0.0,0.0,0.0,0.0,0.0,0.0,0.0,0.0,0.06666666666666667,0.7333333333333333
0.05555555555555555,0.0,0.0,0.0,0.0,0.16666666666666666,0.0,0.0,0.0,0.0,0.0,0.0,0.0,0.0,0.05555555555555555,0.7222222222222222
0.04,0.0,0.04,0.0,0.0,0.12,0.0,0.0,0.0,0.0,0.0,0.0,0.0,0.0,0.04,0.76
0.038461538461538464,0.0,0.0,0.0,0.0,0.11538461538461539,0.038461538461538464,0.0,0.0,0.0,0.0,0.0,0.0,0.0,0.0,0.8076923076923077
0.029411764705882353,0.0,0.0,0.0,0.0,0.08823529411764706,0.029411764705882353,0.058823529411764705,0.0,0.0,0.0,0.0,0.0,0.0,0.0,0.7941176470588235
0.047619047619047616,0.0,0.0,0.0,0.0,0.14285714285714285,0.023809523809523808,0.07142857142857142,0.0,0.0,0.0,0.0,0.0,0.0,0.0,0.7142857142857143
0.044444444444444446,0.0,0.0,0.0,0.0,0.17777777777777778,0.0,0.06666666666666667,0.0,0.0,0.0,0.0,0.0,0.0,0.0,0.7111111111111111
0.1016949152542373,0.0,0.0,0.0,0.0,0.2033898305084746,0.0,0.0847457627118644,0.01694915254237288,0.0,0.0,0.0,0.0,0.0,0.0,0.5932203389830508
0.1527777777777778,0.0,0.013888888888888888,0.0,0.0,0.18055555555555555,0.0,0.09722222222222222,0.013888888888888888,0.0,0.0,0.0,0.0,0.0,0.0,0.5416666666666666
0.1566265060240964,0.0,0.012048192771084338,0.0,0.0,0.20481927710843373,0.0,0.08433734939759036,0.012048192771084338,0.012048192771084338,0.0,0.0,0.0,0.0,0.0,0.5180722891566265
0.19101123595505617,0.0,0.011235955056179775,0.0,0.0,0.21348314606741572,0.0,0.06741573033707865,0.011235955056179775,0.011235955056179775,0.0,0.011235955056179775,0.0,0.0,0.0,0.48314606741573035
0.22727272727272727,0.0,0.00909090909090909,0.01818181818181818,0.0,0.2,0.0,0.06363636363636363,0.00909090909090909,0.00909090909090909,0.0,0.01818181818181818,0.0,0.0,0.0,0.44545454545454544
0.2857142857142857,0.0,0.007518796992481203,0.015037593984962405,0.0,0.18796992481203006,0.0,0.10526315789473684,0.007518796992481203,0.007518796992481203,0.0,0.03007518796992481,0.0,0.0,0.0,0.3533834586466165
0.3312883435582822,0.0,0.012269938650306749,0.024539877300613498,0.0,0.17177914110429449,0.0,0.09815950920245399,0.012269938650306749,0.006134969325153374,0.0,0.03067484662576687,0.0,0.0,0.0,0.3128834355828221
0.3380952380952381,0.004761904761904762,0.01904761904761905,0.02857142857142857,0.0,0.14761904761904762,0.0,0.1,0.009523809523809525,0.009523809523809525,0.0,0.023809523809523808,0.0,0.0,0.004761904761904762,0.3142857142857143
0.356,0.008,0.028,0.048,0.004,0.128,0.004,0.084,0.016,0.012,0.0,0.02,0.0,0.0,0.004,0.288
0.3576158940397351,0.013245033112582781,0.026490066225165563,0.06622516556291391,0.0033112582781456954,0.1291390728476821,0.006622516556291391,0.08278145695364239,0.019867549668874173,0.009933774834437087,0.0,0.023178807947019868,0.0,0.0033112582781456954,0.0033112582781456954,0.25496688741721857
0.36416184971098264,0.02601156069364162,0.02023121387283237,0.07225433526011561,0.005780346820809248,0.13005780346820808,0.008670520231213872,0.08092485549132948,0.02023121387283237,0.011560693641618497,0.0,0.02601156069364162,0.0,0.005780346820809248,0.008670520231213872,0.21965317919075145
0.3804878048780488,0.02195121951219512,0.01951219512195122,0.07804878048780488,0.004878048780487805,0.11951219512195121,0.004878048780487805,0.08536585365853659,0.01951219512195122,0.012195121951219513,0.004878048780487805,0.02926829268292683,0.0,0.012195121951219513,0.00975609756097561,0.1975609756097561
0.39232409381663114,0.019189765458422176,0.021321961620469083,0.08742004264392324,0.0042643923240938165,0.11300639658848614,0.0042643923240938165,0.08315565031982942,0.023454157782515993,0.017057569296375266,0.0021321961620469083,0.029850746268656716,0.0,0.010660980810234541,0.008528784648187633,0.18336886993603413
0.39233576642335766,0.016423357664233577,0.021897810218978103,0.08941605839416059,0.005474452554744526,0.11861313868613138,0.005474452554744526,0.07846715328467153,0.021897810218978103,0.021897810218978103,0.0036496350364963502,0.03102189781021898,0.0,0.0072992700729927005,0.010948905109489052,0.17518248175182483
0.4022082018927445,0.017350157728706624,0.01892744479495268,0.08517350157728706,0.00473186119873817,0.11198738170347003,0.00473186119873817,0.0804416403785489,0.025236593059936908,0.02050473186119874,0.0031545741324921135,0.031545741324921134,0.0,0.011041009463722398,0.011041009463722398,0.1719242902208202
0.40502793296089384,0.01675977653631285,0.019553072625698324,0.09217877094972067,0.00558659217877095,0.10754189944134078,0.004189944134078212,0.07402234636871509,0.027932960893854747,0.025139664804469275,0.002793296089385475,0.030726256983240222,0.0,0.012569832402234637,0.009776536312849162,0.16620111731843576
0.415,0.0175,0.01625,0.0975,0.0075,0.10375,0.00375,0.07,0.02625,0.0275,0.00375,0.02875,0.0025,0.01375,0.01,0.15625
0.4214780600461894,0.015011547344110854,0.012702078521939953,0.09930715935334873,0.009237875288683603,0.10277136258660508,0.004618937644341801,0.07621247113163972,0.018475750577367205,0.026558891454965358,0.006928406466512702,0.03002309468822171,0.0,0.015011547344110854,0.011547344110854504,0.15011547344110854
0.4181438998957247,0.017726798748696558,0.014598540145985401,0.10114702815432743,0.008342022940563087,0.10636079249217935,0.006256517205422315,0.0740354535974974,0.013555787278415016,0.03232533889468196,0.009384775808133473,0.026068821689259645,0.0010427528675703858,0.01564129301355579,0.010427528675703858,0.14494264859228362
0.41579448144624165,0.01807802093244529,0.017126546146527116,0.09419600380589914,0.009514747859181731,0.09990485252140818,0.006660323501427212,0.07992388201712655,0.017126546146527116,0.035204567078972404,0.009514747859181731,0.02759276879162702,0.0019029495718363464,0.017126546146527116,0.009514747859181731,0.14081826831588962
0.4203767123287671,0.016267123287671232,0.01797945205479452,0.10273972602739725,0.008561643835616438,0.0916095890410959,0.0059931506849315065,0.08047945205479452,0.017123287671232876,0.03595890410958904,0.01113013698630137,0.025684931506849314,0.0025684931506849314,0.02054794520547945,0.009417808219178082,0.13356164383561644
0.4278996865203762,0.014890282131661442,0.019592476489028215,0.09952978056426333,0.007836990595611285,0.09796238244514106,0.0054858934169279,0.07523510971786834,0.017241379310344827,0.0384012539184953,0.012539184952978056,0.02664576802507837,0.0023510971786833857,0.02115987460815047,0.008620689655172414,0.12460815047021943
0.4263005780346821,0.014450867052023121,0.01878612716763006,0.09898843930635838,0.008670520231213872,0.09754335260115607,0.005780346820809248,0.07514450867052024,0.02023121387283237,0.03901734104046243,0.011560693641618497,0.02384393063583815,0.004335260115606936,0.02023121387283237,0.007947976878612716,0.12716763005780346
0.4392712550607287,0.014844804318488529,0.016194331983805668,0.09716599190283401,0.008771929824561403,0.09379217273954116,0.007422402159244264,0.07422402159244265,0.016869095816464237,0.0398110661268556,0.012145748987854251,0.022267206477732792,0.006072874493927126,0.018893387314439947,0.006747638326585695,0.12550607287449392
0.42857142857142855,0.014603174603174604,0.018412698412698412,0.09587301587301587,0.008253968253968255,0.09523809523809523,0.008888888888888889,0.07428571428571429,0.017142857142857144,0.0419047619047619,0.012063492063492064,0.022857142857142857,0.0044444444444444444,0.022222222222222223,0.009523809523809525,0.12571428571428572
0.4233128834355828,0.01411042944785276,0.018404907975460124,0.0950920245398773,0.009202453987730062,0.09325153374233129,0.0098159509202454,0.0785276073619632,0.0196319018404908,0.04294478527607362,0.013496932515337423,0.022085889570552148,0.004294478527607362,0.023312883435582823,0.0098159509202454,0.12269938650306748
0.42012873025160913,0.014628437682855471,0.018724400234055003,0.09186658864833236,0.0076067875950848445,0.09069631363370392,0.011117612638970159,0.08016383850204799,0.017554125219426564,0.046811000585137506,0.012873025160912814,0.022235225277940317,0.005851375073142188,0.02633118782913985,0.010532475131655939,0.12287887653598596
0.42075892857142855,0.015625,0.020647321428571428,0.08984375,0.006696428571428571,0.08426339285714286,0.011160714285714286,0.08035714285714286,0.021205357142857144,0.04631696428571429,0.01171875,0.021205357142857144,0.006138392857142857,0.027901785714285716,0.009486607142857142,0.12667410714285715
0.41179653679653677,0.016233766233766232,0.020562770562770564,0.09090909090909091,0.005952380952380952,0.08387445887445888,0.011363636363636364,0.0817099567099567,0.01948051948051948,0.05411255411255411,0.011904761904761904,0.023268398268398268,0.007575757575757576,0.02867965367965368,0.010281385281385282,0.12229437229437229
0.4184360435007768,0.01294665976178146,0.016571724495080268,0.08803728638011393,0.005696530295183843,0.08130502330398758,0.010875194199896427,0.09062661833247022,0.02019678922837908,0.05385810460901087,0.012428793371310202,0.022268254790264112,0.00983946141895391,0.027446918694976695,0.010875194199896427,0.11859140341791817
0.41289023162134947,0.014098690835850957,0.016112789526686808,0.09264853977844914,0.006042296072507553,0.08056394763343404,0.009566968781470292,0.09415911379657603,0.022658610271903322,0.05387713997985901,0.013091641490433032,0.0216515609264854,0.013091641490433032,0.029707955689828803,0.00906344410876133,0.1107754279959718
0.4143968871595331,0.013132295719844358,0.015077821011673152,0.0938715953307393,0.005836575875486381,0.07587548638132295,0.00924124513618677,0.09046692607003891,0.021400778210116732,0.05155642023346303,0.013132295719844358,0.02188715953307393,0.01556420233463035,0.032101167315175094,0.010214007782101167,0.11624513618677043
0.4056110318592487,0.01378982406086543,0.015691868758915834,0.0903471231573942,0.007608178792201617,0.07513076557299096,0.009985734664764621,0.0903471231573942,0.019495958155016643,0.05611031859248693,0.01331431288635283,0.020922491678554447,0.020446980504041846,0.03471231573941987,0.010936757013789824,0.11554921540656206
0.4069325735992403,0.014719848053181387,0.01566951566951567,0.0892687559354226,0.007597340930674264,0.07454890788224122,0.008547008547008548,0.09211775878442545,0.019943019943019943,0.055080721747388414,0.014719848053181387,0.019943019943019943,0.020892687559354226,0.03418803418803419,0.010921177587844255,0.11490978157644824
0.40046728971962614,0.013551401869158878,0.01542056074766355,0.08971962616822429,0.005607476635514018,0.07196261682242991,0.009345794392523364,0.09158878504672897,0.020093457943925235,0.05841121495327103,0.014953271028037384,0.018691588785046728,0.028037383177570093,0.03411214953271028,0.010280373831775701,0.11775700934579439
0.3916819012797075,0.013254113345521023,0.015082266910420476,0.09597806215722121,0.005027422303473492,0.07175502742230347,0.010511882998171846,0.09597806215722121,0.018738574040219377,0.058043875685557585,0.015539305301645339,0.01736745886654479,0.029250457038391225,0.03610603290676417,0.009597806215722121,0.11608775137111517
0.3925790196976638,0.013284470911589555,0.015574896930829134,0.09161704076958314,0.005955107650022904,0.076042143838754,0.011452130096197893,0.09390746678882272,0.01694915254237288,0.055886394869445716,0.016491067338524967,0.015116811726981219,0.03252404947320202,0.03389830508474576,0.00961978928080623,0.11910215300045808
0.3935632183908046,0.012873563218390805,0.014712643678160919,0.09655172413793103,0.005517241379310344,0.0735632183908046,0.009655172413793104,0.09563218390804598,0.015632183908045976,0.05241379310344828,0.019310344827586208,0.016091954022988506,0.03310344827586207,0.034482758620689655,0.009655172413793104,0.11724137931034483
0.39150296939241663,0.012334399269072635,0.01827318410232983,0.09639104613978985,0.00548195523069895,0.07400639561443581,0.010050251256281407,0.09365006852444038,0.015532206486980357,0.05299223389675651,0.019186843307446324,0.01507537688442211,0.03471904979442668,0.03471904979442668,0.011420740063956145,0.11466423024211969
0.3908675799086758,0.011872146118721462,0.019178082191780823,0.0954337899543379,0.0073059360730593605,0.07351598173515982,0.0073059360730593605,0.09406392694063927,0.016894977168949773,0.055251141552511415,0.019178082191780823,0.014611872146118721,0.03424657534246575,0.03333333333333333,0.0091324200913242,0.1178082191780822
0.39070183281180154,0.0116227089852481,0.02101028162717926,0.09655789003129191,0.007599463567277604,0.07197139025480555,0.007152436298614216,0.08851139919535092,0.015645954403218598,0.05543138131426017,0.018775145283862316,0.013410818059901655,0.041573535985695124,0.033974072418417524,0.009834599910594547,0.11622708985248101
0.386796632698272,0.011519716437749225,0.02259636685866194,0.09614532565352238,0.00974745237040319,0.06911829862649535,0.007532122286220647,0.0872840053167922,0.017279574656623838,0.056712450155073105,0.017279574656623838,0.014621178555604785,0.047851129818342934,0.030571555161719097,0.011076650420912717,0.11386796632698272
0.3845470692717584,0.012433392539964476,0.021314387211367674,0.09769094138543517,0.009769094138543518,0.06616341030195382,0.007992895204262877,0.08925399644760214,0.018206039076376555,0.0541740674955595,0.016429840142095916,0.014653641207815276,0.049289520426287745,0.03108348134991119,0.011989342806394316,0.11500888099467141
0.3938584779706275,0.01335113484646195,0.022696929238985315,0.09701824655095684,0.010235870048954161,0.06453048509123276,0.00801068090787717,0.08767245215843347,0.019581664441477527,0.0534045393858478,0.016466399643969738,0.01335113484646195,0.050734312416555405,0.03115264797507788,0.009345794392523364,0.10858923008455719
0.39225289403383795,0.012911843276936777,0.02315227070347284,0.09483526268922529,0.01068566340160285,0.06544968833481746,0.008014247551202136,0.08771148708815672,0.020926090828138913,0.05209260908281389,0.015583259127337488,0.015583259127337488,0.05520926090828139,0.02894033837934105,0.008014247551202136,0.10863757791629564
0.4001778568252557,0.013783903957314362,0.01956425077812361,0.09693196976433971,0.011116051578479324,0.061805246776345045,0.007114273010226767,0.08937305469097377,0.018674966651845263,0.05024455313472655,0.0164517563361494,0.012894619831036016,0.057803468208092484,0.026678523788350377,0.008448199199644287,0.10893730546909737
0.395925597874225,0.015057573073516387,0.018600531443755536,0.09698848538529672,0.012400354295837024,0.062444641275465014,0.0070859167404783,0.08857395925597875,0.01904340124003543,0.050487156775907885,0.01550044286979628,0.014614703277236492,0.05845881310894597,0.02967227635075288,0.009300265721877768,0.10584588131089459
0.401965163019205,0.013845466726217061,0.018758374274229567,0.09959803483698079,0.013398838767306834,0.059401518535060295,0.008485931219294328,0.08753907994640464,0.02009825815096025,0.04644930772666369,0.015185350602947744,0.015185350602947744,0.05850826261723984,0.02813756141134435,0.008932559178204555,0.1045109423849933
0.40150509074811863,0.013722886232846392,0.017706949977866312,0.10048694112439133,0.014608233731739707,0.05843293492695883,0.008853474988933156,0.08897742363877822,0.01814962372731297,0.05046480743691899,0.015050907481186366,0.013722886232846392,0.06285967242142541,0.027445772465692783,0.008410801239486499,0.099601593625498
0.4011499336576736,0.013710747456877488,0.01680672268907563,0.09774436090225563,0.015037593984962405,0.0583812472357364,0.008845643520566122,0.08845643520566121,0.019460415745245468,0.047766475011057054,0.01592215833701902,0.0145953118089341,0.06634232640424591,0.02830605926581159,0.007518796992481203,0.09995577178239717
0.4028331119964586,0.015493581230633024,0.01637892872952634,0.09827357237715803,0.013280212483399735,0.05843293492695883,0.007082779991146525,0.08455068614431165,0.02080566622399292,0.049136786188579015,0.015050907481186366,0.016821602478972998,0.06684373616644533,0.0283311199645861,0.00796812749003984,0.09871624612660469
0.40159928920479787,0.016881386050644157,0.015104398045313194,0.1008440693025322,0.01332741003998223,0.05819635717458907,0.00888494002665482,0.08307418924922257,0.021768103065304308,0.047534429142603286,0.015104398045313194,0.015104398045313194,0.06752554420257663,0.028431808085295423,0.007996446023989337,0.0986228342958685
0.3942350332594235,0.01507760532150776,0.015964523281596452,0.09623059866962307,0.014634146341463415,0.05942350332594235,0.007982261640798226,0.08425720620842572,0.02261640798226164,0.048337028824833705,0.01507760532150776,0.01729490022172949,0.07095343680709534,0.031042128603104215,0.00753880266075388,0.09933481152993348
0.3986784140969163,0.01629955947136564,0.01629955947136564,0.09647577092511013,0.014537444933920705,0.05638766519823789,0.006607929515418502,0.08237885462555065,0.023348017621145373,0.046255506607929514,0.015859030837004406,0.014977973568281937,0.07885462555066079,0.028634361233480177,0.007488986784140969,0.09691629955947137
0.39617607825700313,0.01600711427301023,0.016896398399288574,0.09648732770120054,0.014228546020453535,0.052912405513561585,0.006669630947087594,0.08270342374388617,0.02401067140951534,0.04579813250333482,0.01823032458870609,0.01600711427301023,0.08092485549132948,0.02845709204090707,0.008448199199644287,0.09604268563806136
0.3980365908076752,0.014725568942436412,0.015171798304328426,0.0963855421686747,0.015171798304328426,0.05176260597947345,0.008032128514056224,0.08032128514056225,0.022757697456492636,0.0464078536367693,0.0178491744756805,0.015618027666220438,0.08701472556894244,0.02900490852298081,0.008478357875948238,0.09326193663543061
0.3991989319092123,0.014686248331108143,0.016466399643969738,0.09434801958166444,0.01557632398753894,0.04895416110369381,0.008455718736092568,0.07832665776591011,0.02091677792612372,0.04494882064975523,0.018691588785046728,0.016466399643969738,0.08989764129951046,0.02848242100578549,0.009790832220738763,0.09479305740987984
0.392,0.015111111111111112,0.016444444444444446,0.09733333333333333,0.014666666666666666,0.04577777777777778,0.007555555555555556,0.08088888888888889,0.021333333333333333,0.043111111111111114,0.01911111111111111,0.016,0.09866666666666667,0.028444444444444446,0.009777777777777778,0.09377777777777778
0.39715048975957257,0.014247551202137132,0.013802315227070348,0.09884238646482636,0.013357079252003561,0.04630454140694568,0.008459483526268923,0.07880676758682101,0.020926090828138913,0.04363312555654497,0.019590382902938557,0.016918967052537846,0.09928762243989314,0.02983081032947462,0.010240427426536063,0.0886019590382903
0.39723584485064645,0.013374944271065538,0.01560410164957646,0.10209540793580027,0.012037449843958983,0.047258136424431565,0.008916629514043692,0.0806954971020954,0.020954079358002677,0.04413731609451627,0.018279090503789567,0.01560410164957646,0.09719126170307624,0.032545697726259475,0.01069995541685243,0.08337048595630851
0.40070921985815605,0.013297872340425532,0.01551418439716312,0.09840425531914894,0.013297872340425532,0.04521276595744681,0.008865248226950355,0.07845744680851063,0.02127659574468085,0.04521276595744681,0.018173758865248225,0.014184397163120567,0.10195035460992907,0.031914893617021274,0.01152482269503546,0.08200354609929078
0.39633347883020514,0.013094718463553033,0.016150152771715408,0.09777389786119599,0.012658227848101266,0.04757747708424269,0.009166302924487123,0.0785683107813182,0.02400698384984723,0.046268005237887384,0.01789611523352248,0.014840680925360105,0.10388476647752073,0.030990833697075514,0.011348756001745963,0.07944129201222173
0.4014178112538768,0.011962782454585734,0.015064244572441293,0.0979175897208684,0.011076650420912717,0.04519273371732388,0.008418254319893664,0.07709348692955251,0.02303943287549845,0.04652193176783341,0.017722640673460344,0.013735046521931768,0.11253876827647319,0.02924235711120957,0.011519716437749225,0.07753655294638902
0.4070441373160945,0.012037449843958983,0.014266607222469906,0.09719126170307624,0.01069995541685243,0.043691484618814086,0.009362460989745877,0.07445385644226482,0.02229157378510923,0.04190815871600535,0.020062416406598307,0.016049933125278644,0.11190370040124833,0.028533214444939812,0.012483281319661168,0.0780205082478823
0.4097345132743363,0.011061946902654867,0.014601769911504425,0.09955752212389381,0.009734513274336283,0.04380530973451328,0.009292035398230088,0.07610619469026549,0.02168141592920354,0.0420353982300885,0.01902654867256637,0.01592920353982301,0.11371681415929204,0.027876106194690265,0.012389380530973451,0.07345132743362832
0.4118942731277533,0.011013215859030838,0.014977973568281937,0.09559471365638766,0.011013215859030838,0.04449339207048458,0.009251101321585903,0.07400881057268723,0.02026431718061674,0.04317180616740088,0.01894273127753304,0.016740088105726872,0.11850220264317181,0.025110132158590308,0.012334801762114538,0.07268722466960352
0.40240641711229946,0.0106951871657754,0.0142602495543672,0.09848484848484848,0.0106951871657754,0.0427807486631016,0.010249554367201427,0.07754010695187166,0.020499108734402853,0.04322638146167558,0.017825311942959002,0.01693404634581105,0.12210338680926916,0.026292335115864526,0.013368983957219251,0.07263814616755793
0.40080071174377224,0.01112099644128114,0.013790035587188613,0.099644128113879,0.010676156583629894,0.04848754448398576,0.009341637010676156,0.07562277580071175,0.020462633451957295,0.04225978647686833,0.017793594306049824,0.016459074733096084,0.12677935943060498,0.023576512455516015,0.012455516014234875,0.07072953736654804
0.4042838018741633,0.009817045961624275,0.0142793395805444,0.09683177153056671,0.011601963409192326,0.049085229808121376,0.008032128514056224,0.07273538598839803,0.019187862561356538,0.04239178937974119,0.016956715751896476,0.01606425702811245,0.12672913877733155,0.025881302989736725,0.013833110218652387,0.07228915662650602
0.4005270092226614,0.00834431269213878,0.015371102327624066,0.09749670619235837,0.010540184453227932,0.04787000439174352,0.010101010101010102,0.06938954765041722,0.020641194554238032,0.039964866051822576,0.018006148440931048,0.016249451032059728,0.1326306543697848,0.02678963548528766,0.014053579270970576,0.07202459376372419
0.40961709706144256,0.008904719501335707,0.016028495102404273,0.09483526268922529,0.008904719501335707,0.04719501335707925,0.010240427426536063,0.06901157613535173,0.01914514692787177,0.03873552983081033,0.0182546749777382,0.017809439002671415,0.12822796081923418,0.024933214603739984,0.014692787177203919,0.07346393588601959
0.4074074074074074,0.010582010582010581,0.015873015873015872,0.09656084656084656,0.009259259259259259,0.043209876543209874,0.010141093474426807,0.06525573192239859,0.01895943562610229,0.039241622574955906,0.019400352733686066,0.019400352733686066,0.1318342151675485,0.024250440917107582,0.011904761904761904,0.07671957671957672
0.4056437389770723,0.01146384479717813,0.015432098765432098,0.09611992945326278,0.00837742504409171,0.04409171075837742,0.011022927689594356,0.06569664902998236,0.01763668430335097,0.039241622574955906,0.01763668430335097,0.019400352733686066,0.1353615520282187,0.024250440917107582,0.011904761904761904,0.07671957671957672
0.40550133096716945,0.01064773735581189,0.013753327417923691,0.1002661934338953,0.009316770186335404,0.04791481810115351,0.011535048802129548,0.064773735581189,0.01774622892635315,0.03948535936113576,0.019077196095829637,0.018633540372670808,0.1326530612244898,0.024401064773735583,0.011535048802129548,0.07275953859804792
0.4147424511545293,0.011101243339253997,0.014209591474245116,0.0994671403197158,0.008880994671403197,0.0452930728241563,0.010213143872113677,0.06039076376554174,0.017317939609236235,0.04085257548845471,0.019538188277087035,0.016873889875666074,0.13454706927175844,0.023090586145648313,0.011989342806394316,0.07149200710479574
0.41341030195381884,0.012877442273534635,0.016429840142095916,0.10124333925399645,0.007104795737122558,0.044849023090586145,0.011989342806394316,0.06127886323268206,0.015097690941385435,0.03774422735346359,0.017761989342806393,0.019094138543516874,0.13676731793960922,0.02264653641207815,0.012877442273534635,0.06882770870337478
0.41186970102632753,0.012940651494868362,0.015171798304328426,0.10263275323516287,0.006693440428380187,0.04506916555109326,0.014725568942436412,0.058902275769745646,0.0142793395805444,0.038375725122713075,0.0178491744756805,0.01963409192324855,0.13877733154841587,0.020526550647032574,0.013833110218652387,0.06871932173136992
0.4133805937084626,0.012405848471422242,0.015064244572441293,0.1023482498892335,0.007532122286220647,0.043420469649977846,0.015064244572441293,0.061586176340274704,0.013735046521931768,0.03810367744793974,0.01860877270713336,0.01993797075764289,0.14266725742135578,0.01905183872396987,0.01284891448825875,0.06424457244129375
0.4107460035523979,0.010213143872113677,0.015097690941385435,0.10346358792184725,0.008880994671403197,0.043516873889875664,0.013765541740674956,0.0608348134991119,0.013765541740674956,0.038632326820603906,0.019538188277087035,0.020870337477797513,0.14209591474245115,0.019982238010657193,0.012877442273534635,0.06571936056838366
0.4066130473637176,0.01161751563896336,0.014298480786416443,0.10232350312779268,0.010723860589812333,0.04334226988382484,0.012064343163538873,0.058534405719392314,0.014745308310991957,0.040214477211796246,0.01876675603217158,0.02100089365504915,0.14298480786416443,0.02323503127792672,0.014745308310991957,0.06478999106344951
0.4118942731277533,0.011013215859030838,0.014096916299559472,0.10616740088105726,0.010572687224669603,0.039647577092511016,0.01145374449339207,0.05682819383259912,0.015418502202643172,0.03788546255506608,0.018502202643171806,0.020704845814977973,0.14933920704845816,0.022466960352422908,0.01277533039647577,0.061233480176211455
0.4145583666222814,0.010652463382157125,0.01287172658677319,0.1083000443852641,0.010208610741233911,0.039502885042166,0.01154016866400355,0.05459387483355526,0.015978695073235686,0.03817132711939636,0.016866400355082113,0.02130492676431425,0.15046604527296936,0.022192632046160676,0.012427873945849977,0.060363959165557035
0.4191111111111111,0.011111111111111112,0.011555555555555555,0.10444444444444445,0.011111111111111112,0.03866666666666667,0.010666666666666666,0.05333333333333334,0.013777777777777778,0.037333333333333336,0.016888888888888887,0.020888888888888887,0.15511111111111112,0.02266666666666667,0.012444444444444444,0.06088888888888889
0.4210760337927968,0.011116051578479324,0.012449977767896843,0.10671409515340151,0.009782125389061804,0.039573143619386394,0.009782125389061804,0.050689195197865716,0.014228546020453535,0.03601600711427301,0.01600711427301023,0.020898176967541128,0.15873721654068476,0.021787461093819474,0.01200533570475767,0.05913739439751001
0.41714285714285715,0.00967032967032967,0.013186813186813187,0.10373626373626374,0.01098901098901099,0.04043956043956044,0.01010989010989011,0.05142857142857143,0.014945054945054945,0.035164835164835165,0.017582417582417582,0.0210989010989011,0.16307692307692306,0.02241758241758242,0.01098901098901099,0.058021978021978025
0.4134871339840284,0.01020408163265306,0.013753327417923691,0.10381543921916593,0.012866015971606033,0.0385980479148181,0.009760425909494233,0.048802129547471165,0.015527950310559006,0.035048802129547474,0.01685891748003549,0.019520851818988466,0.1681455190771961,0.023513753327417924,0.011978704525288377,0.058118899733806566
0.4190815871600535,0.010254123941150245,0.012929112795363353,0.10566205974141775,0.01069995541685243,0.036558181007579134,0.00980829246544806,0.05037895675434686,0.01560410164957646,0.03522068658047258,0.017387427552385197,0.018279090503789567,0.1676326348640214,0.02229157378510923,0.0115916183682568,0.056620597414177444
0.42390331244404655,0.009847806624888093,0.011638316920322292,0.10698299015219337,0.009847806624888093,0.03178155774395703,0.009400179051029543,0.050581915846016116,0.017009847806624886,0.03536257833482542,0.01521933751119069,0.020143240823634737,0.1656222023276634,0.023724261414503133,0.01342882721575649,0.05550581915846016
0.42234089897641297,0.008900756564307966,0.010680907877169559,0.11125945705384958,0.008900756564307966,0.03204272363150868,0.0075656430796617715,0.049399198931909215,0.01602136181575434,0.035603026257231864,0.015131286159323543,0.018691588785046728,0.16911437472185137,0.025367156208277702,0.01557632398753894,0.0534045393858478
0.4237063246351172,0.009730207872622734,0.010614772224679346,0.11057054400707651,0.00796107916850951,0.030959752321981424,0.007518796992481203,0.04732419283502875,0.01680672268907563,0.0362671384343211,0.01592215833701902,0.01901813356921716,0.16806722689075632,0.026094648385670056,0.014153029632905795,0.055285272003538256
0.4295183384887318,0.009279717189571365,0.010163499779054353,0.10782147591692444,0.008395934600088379,0.029606716747680072,0.007512152010605391,0.048608042421564294,0.016791869200176758,0.03623508616880247,0.015466195315952275,0.021210782147591693,0.1657092355280601,0.026071586389748123,0.013256738842244807,0.054352629253203714
0.43260188087774293,0.010747872816838333,0.012539184952978056,0.1070309001343484,0.009404388714733543,0.026421854008060904,0.007165248544558889,0.0483654276757725,0.01701746529332736,0.035826242722794444,0.01522615315718764,0.02104791759964174,0.16659202866099418,0.02283922973578146,0.012539184952978056,0.05463502015226153
0.4384649316277018,0.011027790030877812,0.012351124834583149,0.10454344949272165,0.011027790030877812,0.026025584472871635,0.0070577856197618,0.04278782531980591,0.015438906043228937,0.03484781649757389,0.013674459638288486,0.020291133656815175,0.1693868548742832,0.023820026466696075,0.012351124834583149,0.05690339655932951
0.4293960923623446,0.009769094138543518,0.012433392539964476,0.10923623445825932,0.011101243339253997,0.025310834813499113,0.0066607460035523975,0.0452930728241563,0.016429840142095916,0.03330373001776199,0.011989342806394316,0.019094138543516874,0.1771758436944938,0.023978685612788632,0.011545293072824156,0.05728241563055062
0.43902439024390244,0.00975609756097561,0.012860310421286032,0.10687361419068736,0.009312638580931265,0.027937915742793792,0.0066518847006651885,0.04567627494456763,0.016407982261640797,0.031929046563192905,0.011529933481152993,0.021729490022172948,0.17250554323725056,0.02350332594235033,0.00975609756097561,0.05454545454545454
0.436056838365897,0.010213143872113677,0.011101243339253997,0.10568383658969804,0.007548845470692718,0.03019538188277087,0.006216696269982238,0.04573712255772647,0.015985790408525755,0.03152753108348135,0.011545293072824156,0.019982238010657193,0.1816163410301954,0.023534635879218474,0.010657193605683837,0.052397868561278864
0.43805309734513276,0.009734513274336283,0.011946902654867256,0.10398230088495575,0.00752212389380531,0.026991150442477876,0.00663716814159292,0.04424778761061947,0.015486725663716814,0.032300884955752215,0.010619469026548672,0.020353982300884955,0.184070796460177,0.025221238938053097,0.010176991150442478,0.05265486725663717
0.43881667413715825,0.010757507844016136,0.01165396683101748,0.10623038995965935,0.010757507844016136,0.029134917077543704,0.0062752129090094125,0.04482294935006723,0.01523980277902286,0.031376064545047065,0.009861048857014791,0.020170327207530255,0.1828776333482743,0.023756163155535633,0.00941281936351412,0.04885701479157328
0.4357737834283209,0.01052170100832968,0.010960105217010083,0.10653222270933801,0.009644892590968873,0.029373081981587022,0.00657606313020605,0.04471722928540114,0.014028934677772907,0.03156510302498904,0.010960105217010083,0.021481806225339763,0.19026742656729503,0.023235423060061378,0.008768084173608066,0.04559403770276195
0.43889384478144516,0.01159678858162355,0.01159678858162355,0.09901873327386262,0.010704727921498661,0.03166815343443354,0.007582515611061552,0.04014272970561998,0.014272970561998216,0.03479036574487065,0.010704727921498661,0.0191793041926851,0.18911685994647637,0.0231935771632471,0.010704727921498661,0.04683318465655665
0.4351279788172992,0.011915269196822596,0.01235657546337158,0.0997352162400706,0.011032656663724626,0.030450132391879964,0.00794351279788173,0.04280670785525154,0.01412180052956752,0.03442188879082083,0.0088261253309797,0.020741394527802295,0.18976169461606354,0.024271844660194174,0.011032656663724626,0.045454545454545456
0.43610013175230566,0.010979358805445762,0.012296881862099254,0.10144927536231885,0.00966183574879227,0.032498902064119456,0.00834431269213878,0.04479578392621871,0.014492753623188406,0.03337725076855512,0.00834431269213878,0.020202020202020204,0.19148001756697408,0.023276240667545016,0.010101010101010102,0.04259991216512956
0.4369230769230769,0.011428571428571429,0.012307692307692308,0.09934065934065935,0.011428571428571429,0.02989010989010989,0.011428571428571429,0.04483516483516484,0.015384615384615385,0.03208791208791209,0.007912087912087912,0.018901098901098902,0.18813186813186814,0.025054945054945054,0.01054945054945055,0.044395604395604395
0.43222958057395144,0.010596026490066225,0.013245033112582781,0.10066225165562914,0.010596026490066225,0.031788079470198675,0.012362030905077263,0.045916114790286976,0.01456953642384106,0.03487858719646799,0.006622516556291391,0.018984547461368653,0.19072847682119207,0.024724061810154525,0.008388520971302429,0.04370860927152318
0.43008381120423467,0.0105866784296427,0.013233348037053375,0.0992501102779003,0.011468901632112925,0.029554477282752536,0.011910013233348038,0.04808116453462726,0.014997794441993825,0.032642258491398325,0.0066166740185266875,0.020291133656815175,0.19144243493603882,0.025143361270401413,0.009263343625937363,0.04543449492721659
0.42768686421937196,0.011057054400707651,0.014153029632905795,0.09818664307828394,0.010614772224679346,0.028748341441839895,0.014153029632905795,0.04643962848297214,0.014153029632905795,0.030959752321981424,0.006191950464396285,0.019460415745245468,0.19548872180451127,0.026536930561698365,0.008845643520566122,0.04732419283502875
0.43013578624616733,0.010074463425317565,0.016206745510293472,0.09636443276390715,0.011826544021024968,0.026719229084537888,0.01401664476565922,0.04686815593517302,0.012264564169951819,0.032413491020586944,0.006132282084975909,0.02058694699956198,0.1962330267192291,0.02715724923346474,0.009198423127463863,0.043802014892685065
0.4326115775519222,0.009279717189571365,0.017675651789659744,0.09544851966416261,0.010605391073795847,0.025187803800265134,0.016349977905435263,0.043747238179407864,0.011489173663278833,0.03225806451612903,0.007070260715863898,0.0207688908528502,0.19575784357048165,0.0273972602739726,0.009721608484312859,0.044631020768890854
0.4310421286031042,0.00975609756097561,0.01818181818181818,0.09445676274944567,0.00975609756097561,0.0270509977827051,0.015964523281596452,0.04301552106430155,0.012860310421286032,0.03325942350332594,0.0066518847006651885,0.02261640798226164,0.19866962305986696,0.025720620842572064,0.008869179600886918,0.04212860310421286
0.4263018534863195,0.010150044130626656,0.01676963812886143,0.09664607237422772,0.01059135039717564,0.027802294792586054,0.01500441306266549,0.04280670785525154,0.01412180052956752,0.032215357458075904,0.00706090026478376,0.02383053839364519,0.19858781994704325,0.025154457193292144,0.008384819064430714,0.04457193292144748
0.42512293249888244,0.009834599910594547,0.016987036209208762,0.09924005364327224,0.008940545373267769,0.027715690657130084,0.014304872597228431,0.039785426911041574,0.012516763522574878,0.031291908806437195,0.008046490835940992,0.02592758158247653,0.20205632543585159,0.028162717925793473,0.007152436298614216,0.042914617791685296
0.422360248447205,0.008429458740017746,0.01818988464951198,0.09849157054125998,0.009760425909494233,0.027506654835847383,0.01419698314108252,0.03992901508429459,0.013309671694764862,0.031055900621118012,0.0075421472937000885,0.027950310559006212,0.2085181898846495,0.027506654835847383,0.006654835847382431,0.0385980479148181
0.4258605472197705,0.007502206531332745,0.017210944395410415,0.09796999117387467,0.01059135039717564,0.025154457193292144,0.016328331862312445,0.037069726390114736,0.01323918799646955,0.02912621359223301,0.007502206531332745,0.026919682259488084,0.21315092674315975,0.02559576345984113,0.00617828773168579,0.04060017652250662
0.42504409171075835,0.00837742504409171,0.01763668430335097,0.10361552028218694,0.009700176366843033,0.02513227513227513,0.017195767195767195,0.03791887125220458,0.012786596119929453,0.03042328042328042,0.006613756613756613,0.025573192239858905,0.20590828924162258,0.026455026455026454,0.004409171075837742,0.043209876543209874
0.4251760563380282,0.008362676056338027,0.017605633802816902,0.09551056338028169,0.011883802816901408,0.02464788732394366,0.01716549295774648,0.03873239436619718,0.014964788732394365,0.028169014084507043,0.006161971830985915,0.02464788732394366,0.2125880281690141,0.026848591549295774,0.003961267605633803,0.04357394366197183
0.42362344582593253,0.007104795737122558,0.015985790408525755,0.10257548845470693,0.011989342806394316,0.022202486678507993,0.017761989342806393,0.03907637655417407,0.014209591474245116,0.027531083481349913,0.0066607460035523975,0.02486678507992895,0.2135879218472469,0.02708703374777975,0.003996447602131439,0.041740674955595025
0.41941228851291185,0.007569011576135352,0.014247551202137132,0.09839715048975957,0.013357079252003561,0.0213713268032057,0.017364203027604632,0.039180765805877114,0.013357079252003561,0.02804986642920748,0.007569011576135352,0.024933214603739984,0.21994657168299198,0.02804986642920748,0.004452359750667854,0.0427426536064114
0.42567269519188355,0.009263343625937363,0.0141155712395236,0.09836788707543008,0.012351124834583149,0.022055580061755623,0.015880017644464048,0.03705337450374945,0.013674459638288486,0.027790030877812087,0.0070577856197618,0.02690780767534186,0.21570357300397,0.02646669607410675,0.005734450816056462,0.04190560211733568
0.4216549295774648,0.01056338028169014,0.013644366197183098,0.0994718309859155,0.01232394366197183,0.023767605633802816,0.014084507042253521,0.03829225352112676,0.012764084507042254,0.02772887323943662,0.008802816901408451,0.02420774647887324,0.21875,0.023767605633802816,0.007042253521126761,0.043133802816901406
0.42067415730337077,0.010337078651685393,0.01303370786516854,0.10292134831460674,0.012584269662921348,0.021573033707865168,0.01303370786516854,0.03910112359550562,0.01303370786516854,0.028314606741573035,0.008988764044943821,0.02202247191011236,0.22202247191011237,0.024269662921348314,0.006292134831460674,0.041797752808988765
0.41932624113475175,0.008865248226950355,0.014184397163120567,0.1077127659574468,0.011968085106382979,0.02304964539007092,0.013297872340425532,0.038120567375886524,0.011968085106382979,0.027039007092198582,0.007978723404255319,0.020833333333333332,0.22340425531914893,0.023936170212765957,0.005319148936170213,0.04299645390070922
0.41975308641975306,0.00837742504409171,0.014109347442680775,0.10670194003527336,0.01146384479717813,0.02292768959435626,0.012345679012345678,0.03880070546737213,0.012345679012345678,0.023809523809523808,0.007495590828924162,0.022486772486772486,0.22883597883597884,0.02292768959435626,0.006613756613756613,0.041005291005291
0.4226033421284081,0.007036059806508356,0.012313104661389622,0.10246262093227793,0.010993843447669306,0.021108179419525065,0.010554089709762533,0.03825857519788918,0.012313104661389622,0.025945470536499562,0.008355321020228672,0.025065963060686015,0.22955145118733508,0.021547933157431837,0.007475813544415127,0.044415127528583995
