C_R,C_A,C_S,C_N,D_R,D_A,D_S,D_N,Oc_R,Oc_A,Oc_S,Oc_N,Od_R,Od_A,Od_S,Od_N
0.0,0.0,0.0,0.0,0.0,0.0,0.0,0.0,0.0,0.0,0.0,0.0,0.0,1.0,0.0,0.0
0.0,0.0,0.0,0.0,0.0,0.0,0.0,0.0,0.0,0.0,0.0,0.0,0.0,0.5,0.5,0.0
0.0,0.0,0.0,0.0,0.0,0.0,0.0,0.0,0.0,0.0,0.3333333333333333,0.0,0.0,0.3333333333333333,0.3333333333333333,0.0
0.0,0.0,0.0,0.0,0.0,0.0,0.0,0.0,0.0,0.0,0.25,0.25,0.0,0.25,0.25,0.0
0.0,0.0,0.0,0.0,0.0,0.0,0.0,0.0,0.2,0.0,0.2,0.2,0.0,0.2,0.2,0.0
0.0,0.0,0.0,0.0,0.0,0.0,0.0,0.0,0.125,0.0,0.25,0.25,0.0,0.125,0.25,0.0
0.0,0.0,0.0,0.0,0.0,0.0,0.0,0.0,0.1111111111111111,0.0,0.2222222222222222,0.2222222222222222,0.0,0.1111111111111111,0.2222222222222222,0.1111111111111111
0.0,0.0,0.0,0.0,0.0,0.0,0.0,0.0,0.1111111111111111,0.0,0.2222222222222222,0.2222222222222222,0.0,0.1111111111111111,0.2222222222222222,0.1111111111111111
0.0,0.0,0.0,0.0,0.0,0.0,0.0,0.0,0.1111111111111111,0.0,0.2222222222222222,0.2222222222222222,0.0,0.0,0.3333333333333333,0.1111111111111111
0.0,0.0,0.0,0.2,0.0,0.0,0.0,0.0,0.1,0.0,0.2,0.1,0.0,0.0,0.3,0.1
0.0,0.0,0.0,0.16666666666666666,0.0,0.0,0.0,0.0,0.0,0.0,0.3333333333333333,0.08333333333333333,0.0,0.0,0.25,0.16666666666666666
0.0,0.0,0.0,0.18181818181818182,0.0,0.0,0.0,0.0,0.0,0.0,0.2727272727272727,0.09090909090909091,0.0,0.0,0.2727272727272727,0.18181818181818182
0.0,0.0,0.0,0.2857142857142857,0.0,0.0,0.07142857142857142,0.0,0.0,0.0,0.21428571428571427,0.07142857142857142,0.0,0.0,0.21428571428571427,0.14285714285714285
0.0,0.0,0.0,0.4,0.0,0.0,0.0,0.0,0.0,0.06666666666666667,0.13333333333333333,0.06666666666666667,0.0,0.0,0.2,0.13333333333333333
0.0,0.0,0.0,0.35714285714285715,0.0,0.0,0.0,0.0,0.0,0.14285714285714285,0.14285714285714285,0.07142857142857142,0.0,0.0,0.21428571428571427,0.07142857142857142
0.0,0.0,0.0,0.3333333333333333,0.0,0.0,0.0,0.0,0.0,0.2,0.2,0.06666666666666667,0.0,0.0,0.13333333333333333,0.06666666666666667
0.0,0.0,0.0,0.38095238095238093,0.0,0.0,0.0,0.0,0.0,0.19047619047619047,0.14285714285714285,0.047619047619047616,0.0,0.047619047619047616,0.14285714285714285,0.047619047619047616
0.0,0.0,0.0,0.4782608695652174,0.0,0.0,0.0,0.0,0.0,0.13043478260869565,0.13043478260869565,0.0,0.0,0.08695652173913043,0.13043478260869565,0.043478260869565216
0.0,0.0,0.0,0.5,0.0,0.0,0.0,0.0,0.0,0.14285714285714285,0.10714285714285714,0.03571428571428571,0.0,0.07142857142857142,0.10714285714285714,0.03571428571428571
0.0,0.0,0.0,0.4642857142857143,0.03571428571428571,0.0,0.0,0.0,0.0,0.14285714285714285,0.10714285714285714,0.03571428571428571,0.0,0.03571428571428571,0.10714285714285714,0.07142857142857142
0.0,0.0,0.0,0.47058823529411764,0.058823529411764705,0.0,0.029411764705882353,0.0,0.0,0.14705882352941177,0.11764705882352941,0.058823529411764705,0.0,0.029411764705882353,0.058823529411764705,0.029411764705882353
0.0,0.0,0.0,0.5588235294117647,0.058823529411764705,0.0,0.058823529411764705,0.0,0.0,0.058823529411764705,0.11764705882352941,0.029411764705882353,0.0,0.058823529411764705,0.029411764705882353,0.029411764705882353
0.0,0.0,0.0,0.6511627906976745,0.023255813953488372,0.0,0.046511627906976744,0.0,0.0,0.046511627906976744,0.09302325581395349,0.023255813953488372,0.0,0.046511627906976744,0.046511627906976744,0.023255813953488372
0.0,0.0,0.0,0.72,0.02,0.02,0.04,0.0,0.0,0.04,0.06,0.02,0.0,0.02,0.04,0.02
0.0,0.0,0.0,0.7627118644067796,0.01694915254237288,0.0,0.05084745762711865,0.0,0.0,0.03389830508474576,0.05084745762711865,0.03389830508474576,0.0,0.01694915254237288,0.03389830508474576,0.0
0.0,0.0,0.0,0.7761194029850746,0.014925373134328358,0.0,0.04477611940298507,0.0,0.0,0.029850746268656716,0.05970149253731343,0.029850746268656716,0.0,0.014925373134328358,0.029850746268656716,0.0
0.0,0.0,0.0,0.7466666666666667,0.013333333333333334,0.0,0.04,0.0,0.0,0.02666666666666667,0.05333333333333334,0.04,0.0,0.013333333333333334,0.02666666666666667,0.04
0.0,0.0,0.0,0.7294117647058823,0.0,0.0,0.023529411764705882,0.023529411764705882,0.0,0.03529411764705882,0.047058823529411764,0.047058823529411764,0.0,0.011764705882352941,0.03529411764705882,0.047058823529411764
0.0,0.0,0.0,0.7722772277227723,0.0,0.0,0.019801980198019802,0.019801980198019802,0.0,0.019801980198019802,0.039603960396039604,0.04950495049504951,0.0,0.009900990099009901,0.0297029702970297,0.039603960396039604
0.0,0.0,0.0,0.7711864406779662,0.0,0.0,0.03389830508474576,0.01694915254237288,0.00847457627118644,0.025423728813559324,0.03389830508474576,0.0423728813559322,0.0,0.00847457627118644,0.01694915254237288,0.0423728813559322
0.007936507936507936,0.0,0.0,0.7857142857142857,0.0,0.0,0.023809523809523808,0.015873015873015872,0.007936507936507936,0.023809523809523808,0.023809523809523808,0.03968253968253968,0.0,0.007936507936507936,0.015873015873015872,0.047619047619047616
0.006666666666666667,0.0,0.0,0.82,0.0,0.0,0.013333333333333334,0.02,0.006666666666666667,0.013333333333333334,0.02,0.04666666666666667,0.0,0.006666666666666667,0.013333333333333334,0.03333333333333333
0.005847953216374269,0.0,0.005847953216374269,0.8245614035087719,0.005847953216374269,0.0,0.011695906432748537,0.017543859649122806,0.011695906432748537,0.017543859649122806,0.017543859649122806,0.03508771929824561,0.0,0.005847953216374269,0.011695906432748537,0.029239766081871343
0.004901960784313725,0.0,0.004901960784313725,0.8382352941176471,0.00980392156862745,0.0,0.00980392156862745,0.00980392156862745,0.014705882352941176,0.0196078431372549,0.00980392156862745,0.029411764705882353,0.0,0.004901960784313725,0.00980392156862745,0.03431372549019608
0.004405286343612335,0.0,0.00881057268722467,0.8502202643171806,0.004405286343612335,0.004405286343612335,0.00881057268722467,0.01762114537444934,0.013215859030837005,0.01762114537444934,0.004405286343612335,0.02643171806167401,0.0,0.004405286343612335,0.00881057268722467,0.02643171806167401
0.0038461538461538464,0.0,0.011538461538461539,0.8423076923076923,0.007692307692307693,0.007692307692307693,0.0038461538461538464,0.019230769230769232,0.007692307692307693,0.015384615384615385,0.007692307692307693,0.026923076923076925,0.0038461538461538464,0.0038461538461538464,0.007692307692307693,0.03076923076923077
0.010452961672473868,0.0,0.010452961672473868,0.8432055749128919,0.006968641114982578,0.006968641114982578,0.003484320557491289,0.017421602787456445,0.006968641114982578,0.017421602787456445,0.006968641114982578,0.020905923344947737,0.006968641114982578,0.003484320557491289,0.010452961672473868,0.027874564459930314
0.00964630225080386,0.0,0.003215434083601286,0.8488745980707395,0.006430868167202572,0.00964630225080386,0.003215434083601286,0.012861736334405145,0.00964630225080386,0.01607717041800643,0.003215434083601286,0.022508038585209004,0.00964630225080386,0.003215434083601286,0.01607717041800643,0.02572347266881029
0.011904761904761904,0.0,0.005952380952380952,0.8452380952380952,0.005952380952380952,0.008928571428571428,0.002976190476190476,0.01488095238095238,0.008928571428571428,0.01488095238095238,0.008928571428571428,0.020833333333333332,0.01488095238095238,0.002976190476190476,0.011904761904761904,0.020833333333333332
0.01652892561983471,0.0027548209366391185,0.008264462809917356,0.837465564738292,0.005509641873278237,0.008264462809917356,0.0027548209366391185,0.01652892561983471,0.011019283746556474,0.024793388429752067,0.008264462809917356,0.01928374655647383,0.013774104683195593,0.0027548209366391185,0.008264462809917356,0.013774104683195593
0.017587939698492462,0.002512562814070352,0.007537688442211055,0.8442211055276382,0.005025125628140704,0.010050251256281407,0.005025125628140704,0.01507537688442211,0.010050251256281407,0.020100502512562814,0.007537688442211055,0.017587939698492462,0.01507537688442211,0.002512562814070352,0.007537688442211055,0.01256281407035176
0.018518518518518517,0.0023148148148148147,0.004629629629629629,0.8495370370370371,0.004629629629629629,0.011574074074074073,0.006944444444444444,0.013888888888888888,0.009259259259259259,0.020833333333333332,0.006944444444444444,0.020833333333333332,0.011574074074074073,0.004629629629629629,0.004629629629629629,0.009259259259259259
0.01948051948051948,0.006493506493506494,0.006493506493506494,0.8506493506493507,0.004329004329004329,0.010822510822510822,0.006493506493506494,0.010822510822510822,0.008658008658008658,0.01948051948051948,0.004329004329004329,0.01948051948051948,0.015151515151515152,0.0021645021645021645,0.004329004329004329,0.010822510822510822
0.018518518518518517,0.00411522633744856,0.00205761316872428,0.8518518518518519,0.00823045267489712,0.012345679012345678,0.00411522633744856,0.012345679012345678,0.00823045267489712,0.018518518518518517,0.00411522633744856,0.024691358024691357,0.01646090534979424,0.00205761316872428,0.00411522633744856,0.00823045267489712
0.01893939393939394,0.005681818181818182,0.001893939393939394,0.8541666666666666,0.005681818181818182,0.013257575757575758,0.003787878787878788,0.013257575757575758,0.007575757575757576,0.017045454545454544,0.003787878787878788,0.020833333333333332,0.01893939393939394,0.0,0.003787878787878788,0.011363636363636364
0.016605166051660517,0.005535055350553505,0.0036900369003690036,0.8505535055350554,0.01107011070110701,0.014760147601476014,0.0036900369003690036,0.012915129151291513,0.007380073800738007,0.016605166051660517,0.0018450184501845018,0.02029520295202952,0.01845018450184502,0.0018450184501845018,0.0036900369003690036,0.01107011070110701
0.01384083044982699,0.0034602076124567475,0.005190311418685121,0.8494809688581315,0.010380622837370242,0.01384083044982699,0.0034602076124567475,0.010380622837370242,0.00865051903114187,0.015570934256055362,0.0017301038062283738,0.02249134948096886,0.020761245674740483,0.0034602076124567475,0.0034602076124567475,0.01384083044982699
0.014802631578947368,0.003289473684210526,0.004934210526315789,0.8618421052631579,0.011513157894736841,0.009868421052631578,0.006578947368421052,0.009868421052631578,0.006578947368421052,0.011513157894736841,0.001644736842105263,0.02138157894736842,0.01644736842105263,0.003289473684210526,0.003289473684210526,0.013157894736842105
0.017080745341614908,0.003105590062111801,0.003105590062111801,0.8586956521739131,0.009316770186335404,0.013975155279503106,0.006211180124223602,0.010869565217391304,0.006211180124223602,0.010869565217391304,0.0015527950310559005,0.021739130434782608,0.013975155279503106,0.004658385093167702,0.003105590062111801,0.015527950310559006
0.01903367496339678,0.0029282576866764276,0.0029282576866764276,0.8506588579795022,0.008784773060029283,0.013177159590043924,0.007320644216691069,0.007320644216691069,0.005856515373352855,0.014641288433382138,0.0029282576866764276,0.024890190336749635,0.013177159590043924,0.005856515373352855,0.005856515373352855,0.014641288433382138
0.020804438280166437,0.0027739251040221915,0.004160887656033287,0.855755894590846,0.006934812760055479,0.015256588072122053,0.006934812760055479,0.008321775312066574,0.005547850208044383,0.012482662968099861,0.0027739251040221915,0.023578363384188627,0.012482662968099861,0.005547850208044383,0.005547850208044383,0.011095700416088766
0.023076923076923078,0.005128205128205128,0.0038461538461538464,0.8564102564102564,0.007692307692307693,0.014102564102564103,0.00641025641025641,0.010256410256410256,0.002564102564102564,0.010256410256410256,0.001282051282051282,0.020512820512820513,0.014102564102564103,0.00641025641025641,0.00641025641025641,0.011538461538461539
0.019583843329253364,0.0036719706242350062,0.004895960832313341,0.8616891064871481,0.0073439412484700125,0.012239902080783354,0.006119951040391677,0.009791921664626682,0.0036719706242350062,0.011015911872705019,0.0012239902080783353,0.022031823745410038,0.01591187270501836,0.004895960832313341,0.006119951040391677,0.009791921664626682
0.025,0.004545454545454545,0.004545454545454545,0.8477272727272728,0.007954545454545454,0.014772727272727272,0.004545454545454545,0.007954545454545454,0.0022727272727272726,0.013636363636363636,0.0011363636363636363,0.020454545454545454,0.020454545454545454,0.005681818181818182,0.005681818181818182,0.013636363636363636
0.025583982202447165,0.006674082313681869,0.0055617352614015575,0.8431590656284761,0.00778642936596218,0.014460511679644048,0.0033370411568409346,0.008898776418242492,0.0033370411568409346,0.014460511679644048,0.0011123470522803114,0.02224694104560623,0.018909899888765295,0.006674082313681869,0.0033370411568409346,0.014460511679644048
0.02415966386554622,0.007352941176470588,0.004201680672268907,0.8434873949579832,0.007352941176470588,0.011554621848739496,0.005252100840336135,0.009453781512605041,0.005252100840336135,0.01365546218487395,0.0021008403361344537,0.022058823529411766,0.023109243697478993,0.005252100840336135,0.0031512605042016808,0.012605042016806723
0.02584493041749503,0.005964214711729622,0.005964214711729622,0.8389662027833003,0.006958250497017893,0.015904572564612324,0.003976143141153081,0.008946322067594433,0.004970178926441352,0.011928429423459244,0.003976143141153081,0.020874751491053677,0.02286282306163022,0.006958250497017893,0.002982107355864811,0.012922465208747515
0.026923076923076925,0.006730769230769231,0.0057692307692307696,0.8326923076923077,0.007692307692307693,0.016346153846153847,0.004807692307692308,0.006730769230769231,0.007692307692307693,0.010576923076923078,0.006730769230769231,0.020192307692307693,0.02403846153846154,0.0057692307692307696,0.0028846153846153848,0.014423076923076924
0.026581118240146653,0.005499541704857928,0.005499541704857928,0.842346471127406,0.007332722273143905,0.017415215398716773,0.006416131989000917,0.00458295142071494,0.006416131989000917,0.01008249312557287,0.006416131989000917,0.02016498625114574,0.021081576535288724,0.006416131989000917,0.0009165902841429881,0.012832263978001834
0.02475685234305924,0.005305039787798408,0.005305039787798408,0.8461538461538461,0.007957559681697613,0.016799292661361626,0.00618921308576481,0.00618921308576481,0.007073386383731211,0.007957559681697613,0.00618921308576481,0.01856763925729443,0.020335985853227233,0.00618921308576481,0.0008841732979664014,0.014146772767462422
0.026338147833474938,0.004248088360237893,0.00594732370433305,0.848768054375531,0.006796941376380629,0.016992353440951572,0.00594732370433305,0.0076465590484282074,0.0076465590484282074,0.008496176720475786,0.005097706032285472,0.01784197111299915,0.018691588785046728,0.005097706032285472,0.0016992353440951572,0.012744265080713678
0.027597402597402596,0.00487012987012987,0.005681818181818182,0.8425324675324676,0.006493506493506494,0.015422077922077922,0.006493506493506494,0.008928571428571428,0.007305194805194805,0.008928571428571428,0.005681818181818182,0.01948051948051948,0.020292207792207792,0.00487012987012987,0.0016233766233766235,0.013798701298701298
0.02702702702702703,0.003861003861003861,0.005405405405405406,0.8525096525096525,0.0069498069498069494,0.013899613899613899,0.006177606177606178,0.007722007722007722,0.007722007722007722,0.009266409266409266,0.006177606177606178,0.016216216216216217,0.01776061776061776,0.003088803088803089,0.0007722007722007722,0.015444015444015444
0.028931750741839762,0.0051928783382789315,0.00370919881305638,0.8531157270029673,0.005934718100890208,0.01483679525222552,0.005934718100890208,0.0066765578635014835,0.0066765578635014835,0.00741839762611276,0.0066765578635014835,0.015578635014836795,0.017062314540059347,0.0051928783382789315,0.002225519287833828,0.01483679525222552
0.030920590302178495,0.004216444132115249,0.0035137034434293743,0.8468025298664793,0.004919184820801124,0.015460295151089248,0.006324666198172874,0.007027406886858749,0.006324666198172874,0.008432888264230498,0.006324666198172874,0.018271257905832748,0.018973998594518624,0.007027406886858749,0.0021082220660576245,0.013352073085031623
0.026458616010854818,0.0027137042062415195,0.005427408412483039,0.8534599728629579,0.005427408412483039,0.014246947082767978,0.005427408412483039,0.008141112618724558,0.007462686567164179,0.008141112618724558,0.006105834464043419,0.018995929443690638,0.016960651289009497,0.006105834464043419,0.0013568521031207597,0.013568521031207599
0.0258732212160414,0.00258732212160414,0.005821474773609315,0.8428201811125485,0.0071151358344113845,0.012289780077619664,0.00646830530401035,0.010996119016817595,0.007761966364812419,0.00646830530401035,0.0071151358344113845,0.02199223803363519,0.02069857697283312,0.005821474773609315,0.00129366106080207,0.014877102199223804
0.023213194868662187,0.0018326206475259622,0.006719609040928528,0.8430054978619426,0.007330482590103849,0.011606597434331093,0.006719609040928528,0.012217470983506415,0.006108735491753207,0.00916310323762981,0.005497861942577886,0.020769700671960906,0.020769700671960906,0.00794135613927917,0.002443494196701283,0.014660965180207697
0.022485207100591716,0.0017751479289940828,0.00650887573964497,0.8420118343195266,0.00650887573964497,0.010650887573964497,0.007100591715976331,0.011834319526627219,0.005917159763313609,0.010059171597633136,0.0035502958579881655,0.021893491124260357,0.023668639053254437,0.008284023668639054,0.002366863905325444,0.015384615384615385
0.02143260011280316,0.0022560631697687537,0.00676818950930626,0.8465877044557247,0.006204173716864072,0.01071630005640158,0.00676818950930626,0.011280315848843767,0.006204173716864072,0.01015228426395939,0.0045121263395375075,0.02143260011280316,0.023688663282571912,0.006204173716864072,0.0028200789622109417,0.012972363226170333
0.022172949002217297,0.003880266075388027,0.007760532150776054,0.843680709534368,0.005543237250554324,0.011086474501108648,0.008869179600886918,0.009977827050997782,0.005543237250554324,0.011086474501108648,0.004434589800443459,0.019401330376940133,0.024944567627494457,0.007206208425720621,0.0033259423503325942,0.011086474501108648
0.019556025369978858,0.0047568710359408035,0.007399577167019027,0.8398520084566596,0.005285412262156448,0.010570824524312896,0.008985200845665961,0.011627906976744186,0.0047568710359408035,0.012156448202959831,0.0047568710359408035,0.0200845665961945,0.02536997885835095,0.006871035940803382,0.004228329809725159,0.013742071881606765
0.02420185375901133,0.005149330587023687,0.008238928939237899,0.8331616889804325,0.005149330587023687,0.013388259526261586,0.008238928939237899,0.010813594232749742,0.003604531410916581,0.012873326467559218,0.004634397528321318,0.01905252317198764,0.026776519052523172,0.007723995880535531,0.0025746652935118436,0.014418125643666324
0.021629778672032193,0.004024144869215292,0.008048289738430584,0.8350100603621731,0.005533199195171026,0.01358148893360161,0.008048289738430584,0.009557344064386318,0.0030181086519114686,0.012072434607645875,0.005030181086519115,0.019617706237424547,0.028672032193158954,0.008048289738430584,0.0035211267605633804,0.014587525150905433
0.019461077844311378,0.003992015968063872,0.008483033932135729,0.8278443113772455,0.0054890219560878245,0.014471057884231538,0.008483033932135729,0.010479041916167664,0.00249500998003992,0.01347305389221557,0.0054890219560878245,0.022954091816367265,0.031936127744510975,0.0074850299401197605,0.003493013972055888,0.013972055888223553
0.018455560951918408,0.003399708596406022,0.00825643516270034,0.8319572608062166,0.005342399222923749,0.014084507042253521,0.007770762506070908,0.010199125789218067,0.001942690626517727,0.014084507042253521,0.003399708596406022,0.021855269548324428,0.03302574065080136,0.009713453132588635,0.0029140359397765905,0.013598834385624089
0.019971469329529243,0.0042796005706134095,0.008559201141226819,0.8278649548264384,0.006657156443176415,0.015216357584403234,0.006657156443176415,0.009985734664764621,0.0019020446980504042,0.01378982406086543,0.0038040893961008085,0.019495958155016643,0.03376129339039467,0.011412268188302425,0.0028530670470756064,0.01378982406086543
0.02043726235741445,0.0042775665399239545,0.00903041825095057,0.8198669201520913,0.006178707224334601,0.016159695817490494,0.005703422053231939,0.010456273764258554,0.0019011406844106464,0.013783269961977186,0.0042775665399239545,0.022338403041825095,0.03564638783269962,0.01188212927756654,0.003326996197718631,0.014733840304182509
0.018301267010793053,0.00328484279680901,0.008446738620366025,0.8207414359455655,0.006100422336931018,0.01689347724073205,0.005631159080244017,0.010793054903801032,0.0014077897700610043,0.01360863444392304,0.004692632566870014,0.02111684655091506,0.03754106053496011,0.012670107930549039,0.00328484279680901,0.015485687470671047
0.019471488178025034,0.004172461752433936,0.008344923504867872,0.8117756142790913,0.007417709782104775,0.019471488178025034,0.005099675475197033,0.010199350950394067,0.0009272137227630969,0.012980992118683357,0.005099675475197033,0.02132591562355123,0.039870190078813164,0.014371812702828002,0.0018544274455261937,0.01761706073249884
0.01990740740740741,0.005092592592592593,0.008333333333333333,0.8106481481481481,0.006944444444444444,0.018518518518518517,0.005092592592592593,0.010185185185185186,0.000925925925925926,0.013888888888888888,0.004629629629629629,0.022685185185185187,0.037037037037037035,0.01574074074074074,0.000925925925925926,0.019444444444444445
0.02082390221819828,0.005432322317790856,0.009053870529651425,0.8012675418741512,0.004526935264825713,0.019918515165233137,0.004979628791308284,0.010864644635581712,0.001358080579447714,0.01403349932095971,0.005885015844273427,0.023540063377093707,0.04210049796287913,0.015391579900407425,0.001358080579447714,0.019465821638750568
0.021599264705882353,0.00505514705882353,0.009650735294117647,0.8033088235294118,0.00505514705882353,0.021139705882352942,0.004595588235294118,0.011948529411764705,0.002297794117647059,0.01011029411764706,0.0055147058823529415,0.022058823529411766,0.04181985294117647,0.015165441176470588,0.0013786764705882354,0.019301470588235295
0.02254283137962128,0.004959422903516681,0.009017132551848512,0.7966636609558161,0.004959422903516681,0.024346257889990983,0.0040577096483318306,0.010820559062218215,0.002705139765554554,0.009918845807033363,0.005410279531109108,0.022091974752028856,0.04733994589720469,0.016230838593327322,0.001352569882777277,0.0175834084761046
0.02296262944619541,0.00585321927059883,0.00810445745159838,0.7937865826204412,0.00495272399819901,0.024313372354795137,0.004502476361999099,0.009004952723998198,0.0018009905447996398,0.012606933813597478,0.005402971634398919,0.021611886537595677,0.05042773525438991,0.01530841963079694,0.0018009905447996398,0.017559657811796487
0.022032374100719423,0.0044964028776978415,0.007643884892086331,0.7972122302158273,0.0044964028776978415,0.022931654676258992,0.0044964028776978415,0.01079136690647482,0.003147482014388489,0.01393884892086331,0.0049460431654676255,0.02068345323741007,0.049910071942446045,0.015287769784172662,0.0022482014388489208,0.015737410071942445
0.023618538324420676,0.004901960784313725,0.008021390374331552,0.7896613190730838,0.004901960784313725,0.024955436720142603,0.005793226381461676,0.010249554367201427,0.004010695187165776,0.0142602495543672,0.004456327985739751,0.01871657754010695,0.05258467023172905,0.016042780748663103,0.0017825311942959,0.016042780748663103
0.02358700489541611,0.004895416110369382,0.008900756564307966,0.7908322207387628,0.004005340453938585,0.025367156208277702,0.006230529595015576,0.009790832220738763,0.0035603026257231864,0.013796172674677348,0.0053404539385847796,0.018691588785046728,0.05028927458834001,0.016466399643969738,0.0017801513128615932,0.016466399643969738
0.02540106951871658,0.0053475935828877,0.008021390374331552,0.7865418894830659,0.004456327985739751,0.022727272727272728,0.008021390374331552,0.00980392156862745,0.0031194295900178253,0.014705882352941176,0.004901960784313725,0.020499108734402853,0.05169340463458111,0.0142602495543672,0.0031194295900178253,0.017379679144385027
0.025881302989736725,0.004462293618920125,0.008032128514056224,0.783578759482374,0.004462293618920125,0.02320392681838465,0.007585899152164213,0.009370816599732263,0.004462293618920125,0.015618027666220438,0.0049085229808121375,0.023650156180276664,0.049531459170013385,0.0142793395805444,0.0031236055332440876,0.0178491744756805
0.025491949910554562,0.004919499105545617,0.008050089445438283,0.7768336314847942,0.004472271914132379,0.024150268336314847,0.007155635062611807,0.008944543828264758,0.004919499105545617,0.015652951699463326,0.005366726296958855,0.024150268336314847,0.0518783542039356,0.01520572450805009,0.0035778175313059034,0.019230769230769232
0.026881720430107527,0.005824372759856631,0.008064516129032258,0.7764336917562724,0.0035842293906810036,0.023297491039426525,0.0062724014336917565,0.009408602150537635,0.005376344086021506,0.013888888888888888,0.005824372759856631,0.022401433691756272,0.053315412186379925,0.01478494623655914,0.004480286738351254,0.020161290322580645
0.027592345349354695,0.005785491766800178,0.008455718736092568,0.7734757454383623,0.004450378282153983,0.022696929238985315,0.007120605251446373,0.009790832220738763,0.005785491766800178,0.012461059190031152,0.006675567423230975,0.021361815754339118,0.052514463729417,0.016911437472185136,0.004450378282153983,0.020471740097908322
0.02796271637816245,0.004882379050155349,0.007989347536617843,0.7687527740790058,0.004882379050155349,0.02130492676431425,0.007989347536617843,0.010652463382157125,0.005326231691078562,0.013759431868619618,0.007101642254771416,0.019973368841544607,0.05459387483355526,0.015978695073235686,0.005770084332001775,0.0230803373280071
0.030022075055187638,0.004415011037527594,0.008388520971302429,0.7642384105960265,0.006622516556291391,0.02384105960264901,0.0075055187637969095,0.011037527593818985,0.006181015452538631,0.013245033112582781,0.00706401766004415,0.02119205298013245,0.052538631346578366,0.016335540838852098,0.006181015452538631,0.02119205298013245
0.024955436720142603,0.004010695187165776,0.008467023172905526,0.7633689839572193,0.007575757575757576,0.024955436720142603,0.0066844919786096255,0.011140819964349376,0.0066844919786096255,0.012032085561497326,0.0071301247771836,0.02094474153297683,0.053475935828877004,0.016488413547237075,0.0066844919786096255,0.02540106951871658
0.025514771709937333,0.0040286481647269475,0.011190689346463742,0.7587287376902417,0.008057296329453895,0.024619516562220233,0.005371530886302597,0.01342882721575649,0.007609668755595345,0.01342882721575649,0.006714413607878245,0.021486123545210387,0.05505819158460161,0.01521933751119069,0.005819158460161146,0.023724261414503133
0.02602063705697622,0.004486316733961417,0.011215791834903545,0.7581875280394796,0.00762673844773441,0.024226110363391656,0.005832211754149843,0.013458950201884253,0.005832211754149843,0.013458950201884253,0.006280843427545985,0.021085688649618663,0.05832211754149843,0.01525347689546882,0.005383580080753701,0.02332884701659937
0.029252925292529253,0.0036003600360036,0.010351035103510351,0.7515751575157515,0.00765076507650765,0.026552655265526554,0.0049504950495049506,0.01665166516651665,0.0063006300630063005,0.012151215121512151,0.0054005400540054005,0.01935193519351935,0.0612061206120612,0.0153015301530153,0.0067506750675067504,0.022952295229522954
0.030589293747188485,0.00449842555105713,0.0103463787674314,0.7480881691408007,0.006297795771479982,0.026540710751237068,0.004948268106162843,0.013945119208277103,0.006747638326585695,0.013045434098065677,0.005847953216374269,0.021592442645074223,0.05982905982905983,0.015744489428699954,0.007197480881691408,0.024741340530814216
0.028403967538322812,0.004959422903516681,0.009918845807033363,0.7488728584310189,0.005410279531109108,0.02750225428313796,0.004508566275924256,0.015329125338142471,0.0063119927862939585,0.012173128944995492,0.005861136158701533,0.018034265103697024,0.06311992786293959,0.016230838593327322,0.006762849413886384,0.02660054102795311
0.028966131907308377,0.0053475935828877,0.010249554367201427,0.7437611408199644,0.005793226381461676,0.027629233511586453,0.004456327985739751,0.01693404634581105,0.006238859180035651,0.012923351158645277,0.0053475935828877,0.015597147950089126,0.06550802139037433,0.01871657754010695,0.006238859180035651,0.026292335115864526
0.0296229802513465,0.004937163375224416,0.011220825852782765,0.7419210053859964,0.005385996409335727,0.026481149012567325,0.004937163375224416,0.017055655296229804,0.006732495511669659,0.013913824057450628,0.004488330341113106,0.01526032315978456,0.07001795332136446,0.017504488330341114,0.0062836624775583485,0.02423698384201077
0.030356357237131544,0.004399472063352398,0.011438627364716234,0.7435107787065552,0.004399472063352398,0.026396832380114386,0.005279366476022877,0.01759788825340959,0.005279366476022877,0.010998680158380994,0.0061592608886933565,0.014958205015398152,0.07215134183897932,0.01715794104707435,0.0061592608886933565,0.02375714914210295
0.03327417923691216,0.0044365572315882874,0.009760425909494233,0.7426796805678794,0.0026619343389529724,0.024844720496894408,0.005323868677905945,0.01685891748003549,0.005767524401064774,0.011091393078970719,0.00709849157054126,0.016415261756876662,0.07275953859804792,0.01774622892635315,0.005767524401064774,0.023513753327417924
0.03278688524590164,0.004430660168365086,0.0101905183872397,0.740363314133806,0.003544528134692069,0.024368630926007974,0.0057598582188746125,0.017279574656623838,0.006202924235711121,0.01329198050509526,0.006202924235711121,0.016836508639787327,0.07443509082853345,0.015064244572441293,0.006202924235711121,0.02303943287549845
0.034329023629068214,0.004458314757021846,0.012037449843958983,0.7387427552385198,0.0035666518056174765,0.0231832367365136,0.0057958091841284,0.017387427552385197,0.0057958091841284,0.014712438698172091,0.006687472135532769,0.017387427552385197,0.07177886758805171,0.01560410164957646,0.0057958091841284,0.022737405260811413
0.0346378767431399,0.003598740440845704,0.011246063877642825,0.7296446243814665,0.00449842555105713,0.02384165542060279,0.006297795771479982,0.020242914979757085,0.004948268106162843,0.017543859649122806,0.006747638326585695,0.018893387314439947,0.07377417903733693,0.016194331983805668,0.006297795771479982,0.021592442645074223
0.037399821905609976,0.004007123775601068,0.01068566340160285,0.7288512911843277,0.004452359750667854,0.023597506678539625,0.006233303650934996,0.019590382902938557,0.004452359750667854,0.017364203027604632,0.006233303650934996,0.01914514692787177,0.07390917186108638,0.01647373107747106,0.006678539626001781,0.020926090828138913
0.036048064085447265,0.004895416110369382,0.010235870048954161,0.7222963951935915,0.004895416110369382,0.02358700489541611,0.005785491766800178,0.020026702269692925,0.004895416110369382,0.018691588785046728,0.0075656430796617715,0.01824655095683133,0.0787716955941255,0.016911437472185136,0.006230529595015576,0.02091677792612372
0.0378619153674833,0.005345211581291759,0.009354120267260579,0.7175946547884187,0.004454342984409799,0.024053452115812918,0.005345211581291759,0.0200445434298441,0.004899777282850779,0.01737193763919822,0.008017817371937639,0.01826280623608018,0.08195991091314031,0.016035634743875277,0.0066815144766146995,0.02271714922048998
0.03672566371681416,0.005752212389380531,0.009292035398230088,0.718141592920354,0.0048672566371681415,0.023008849557522124,0.004424778761061947,0.01902654867256637,0.005309734513274336,0.018584070796460177,0.008407079646017699,0.01902654867256637,0.0831858407079646,0.01592920353982301,0.007079646017699115,0.021238938053097345
0.037828215398308856,0.00801068090787717,0.009345794392523364,0.7067200712060525,0.004005340453938585,0.021806853582554516,0.004450378282153983,0.018691588785046728,0.005785491766800178,0.019581664441477527,0.0075656430796617715,0.020471740097908322,0.08856252781486426,0.01824655095683133,0.006675567423230975,0.022251891410769914
0.03662349263063868,0.008932559178204555,0.008485931219294328,0.7070120589548906,0.003573023671281822,0.02188476998660116,0.004912907548012505,0.018758374274229567,0.005359535506922733,0.02054488610987048,0.0080393032603841,0.02188476998660116,0.08709245198749442,0.017418490397498883,0.007592675301473872,0.02188476998660116
0.039805395842547546,0.010172490048651039,0.008403361344537815,0.6957098628925255,0.0030959752321981426,0.022998673153471916,0.005307386112339673,0.019460415745245468,0.005307386112339673,0.020787262273330383,0.00796107916850951,0.022998673153471916,0.09111012826183104,0.017249004865103935,0.007076514816452897,0.022556390977443608
0.04077060931899642,0.009408602150537635,0.0076164874551971325,0.692652329749104,0.0031362007168458782,0.020161290322580645,0.0062724014336917565,0.01971326164874552,0.006720430107526882,0.021057347670250897,0.008064516129032258,0.023297491039426525,0.09274193548387097,0.01747311827956989,0.008064516129032258,0.0228494623655914
0.04111405835543767,0.009283819628647215,0.007073386383731211,0.6936339522546419,0.0035366931918656055,0.01989389920424403,0.004862953138815208,0.020778072502210435,0.007073386383731211,0.021220159151193633,0.007515473032714412,0.022546419098143235,0.09239610963748895,0.016799292661361626,0.008399646330680813,0.023872679045092837
0.04028331119964586,0.008410801239486499,0.00796812749003984,0.6865869853917662,0.004426737494466578,0.023461708720672863,0.004869411243913236,0.019034971226206288,0.007082779991146525,0.017706949977866312,0.007525453740593183,0.023461708720672863,0.1018149623727313,0.01637892872952634,0.008410801239486499,0.02257636122177955
0.04044444444444444,0.008888888888888889,0.008,0.6862222222222222,0.0035555555555555557,0.024,0.005333333333333333,0.020888888888888887,0.008444444444444444,0.017333333333333333,0.007555555555555556,0.024,0.10088888888888889,0.013333333333333334,0.0071111111111111115,0.024
0.038891372373714796,0.008940545373267769,0.008493518104604381,0.6839517210549844,0.004023245417970496,0.02592758158247653,0.005364327223960662,0.021457308895842648,0.007599463567277604,0.016987036209208762,0.007599463567277604,0.02548055431381314,0.09924005364327224,0.014304872597228431,0.007152436298614216,0.024586499776486366
0.03712086917157085,0.008148483476686284,0.006790402897238569,0.6885468537799909,0.004979628791308284,0.026256224535989137,0.004526935264825713,0.019465821638750568,0.006790402897238569,0.019918515165233137,0.006337709370755998,0.023540063377093707,0.10140334993209597,0.015844273426889995,0.007695789950203712,0.022634676324128564
0.03974706413730804,0.008130081300813009,0.008130081300813009,0.6851851851851852,0.004968383017163505,0.024841915085817526,0.006323396567299007,0.018970189701897018,0.006323396567299007,0.01942186088527552,0.006323396567299007,0.023035230352303523,0.1007226738934056,0.017163504968383016,0.008581752484191508,0.022131887985546522
0.04114490161001789,0.008050089445438283,0.007155635062611807,0.6775491949910555,0.005366726296958855,0.026833631484794274,0.006261180679785331,0.020125223613595707,0.005813953488372093,0.020125223613595707,0.005813953488372093,0.02191413237924866,0.10644007155635063,0.018336314847942754,0.00849731663685152,0.020572450805008944
0.0400890868596882,0.0075723830734966595,0.0066815144766146995,0.6752783964365257,0.0062360801781737195,0.027616926503340758,0.0062360801781737195,0.02093541202672606,0.0062360801781737195,0.018708240534521157,0.0062360801781737195,0.02182628062360802,0.1091314031180401,0.017817371937639197,0.008908685968819599,0.020489977728285078
0.04023245417970496,0.006705409029950827,0.007152436298614216,0.6669646848457756,0.00581135449262405,0.027268663388466695,0.006705409029950827,0.02101028162717926,0.006705409029950827,0.021457308895842648,0.006705409029950827,0.021457308895842648,0.11533303531515422,0.018775145283862316,0.008493518104604381,0.019222172552525705
0.04301552106430155,0.005764966740576497,0.005764966740576497,0.6629711751662971,0.005764966740576497,0.024390243902439025,0.007095343680709534,0.02350332594235033,0.0066518847006651885,0.023059866962305987,0.0066518847006651885,0.02394678492239468,0.11707317073170732,0.01951219512195122,0.0066518847006651885,0.01818181818181818
0.044722719141323794,0.007155635062611807,0.005366726296958855,0.6542933810375671,0.004919499105545617,0.025491949910554562,0.007155635062611807,0.024597495527728087,0.006708407871198569,0.02191413237924866,0.006261180679785331,0.020572450805008944,0.12656529516994633,0.02101967799642218,0.007155635062611807,0.016100178890876567
0.047408063801506424,0.007975188303057155,0.006202924235711121,0.6517501107665042,0.004873726185201595,0.023482498892334957,0.00664599025254763,0.021267168808152416,0.007975188303057155,0.020824102791315906,0.00664599025254763,0.02303943287549845,0.128046078865751,0.020824102791315906,0.007089056269384138,0.01595037660611431
0.04778605874616396,0.00789127575624726,0.006137658921525646,0.6527838667251206,0.004822446295484437,0.023235423060061378,0.006137658921525646,0.020604997807978958,0.0070144673388864535,0.02104340201665936,0.0070144673388864535,0.020604997807978958,0.1302060499780798,0.02104340201665936,0.0070144673388864535,0.016659359929855327
0.05011185682326622,0.008948545861297539,0.0071588366890380315,0.6501118568232662,0.004026845637583893,0.021476510067114093,0.005369127516778523,0.02058165548098434,0.006711409395973154,0.020134228187919462,0.005369127516778523,0.019686800894854587,0.13467561521252797,0.02192393736017897,0.0071588366890380315,0.016554809843400447
0.05310129406514949,0.010263275323516287,0.006247211066488175,0.6452476572958501,0.004016064257028112,0.02186523873270861,0.0049085229808121375,0.01963409192324855,0.005800981704596163,0.018741633199464525,0.00535475234270415,0.018741633199464525,0.13877733154841587,0.022757697456492636,0.006693440428380187,0.0178491744756805
0.05357142857142857,0.009821428571428571,0.005803571428571429,0.6482142857142857,0.005357142857142857,0.02142857142857143,0.004464285714285714,0.01875,0.004464285714285714,0.020089285714285716,0.005803571428571429,0.01875,0.1392857142857143,0.020982142857142855,0.00625,0.016964285714285713
0.05422222222222222,0.009777777777777778,0.004,0.6457777777777778,0.0044444444444444444,0.021777777777777778,0.004,0.019555555555555555,0.005333333333333333,0.01911111111111111,0.006666666666666667,0.017333333333333333,0.14577777777777778,0.019555555555555555,0.0057777777777777775,0.016888888888888887
0.051362215274676194,0.009379187137114784,0.0044662795891022775,0.6444841447074587,0.004912907548012505,0.020991514068780706,0.00401965163019205,0.02009825815096025,0.005359535506922733,0.02009825815096025,0.006699419383653417,0.018758374274229567,0.14694059848146493,0.01831174631531934,0.006699419383653417,0.017418490397498883
0.050666666666666665,0.008888888888888889,0.0044444444444444444,0.64,0.0057777777777777775,0.020444444444444446,0.004,0.02,0.0057777777777777775,0.02,0.0071111111111111115,0.018666666666666668,0.14755555555555555,0.020444444444444446,0.006666666666666667,0.019555555555555555
0.0520694259012016,0.008455718736092568,0.004450378282153983,0.634623943035158,0.006230529595015576,0.019581664441477527,0.0035603026257231864,0.017356475300400534,0.0053404539385847796,0.021806853582554516,0.007120605251446373,0.01913662661326213,0.15620827770360482,0.019581664441477527,0.007120605251446373,0.017356475300400534
0.04815481548154815,0.00765076507650765,0.0031503150315031502,0.6422142214221422,0.0058505850585058505,0.01935193519351935,0.0054005400540054005,0.017101710171017102,0.004500450045004501,0.02115211521152115,0.0067506750675067504,0.02025202520252025,0.15886588658865886,0.01575157515751575,0.00765076507650765,0.016201620162016202
0.04569653948535936,0.00709849157054126,0.0026619343389529724,0.6464063886424135,0.005767524401064774,0.018633540372670808,0.0044365572315882874,0.01774622892635315,0.0048802129547471165,0.019520851818988466,0.006211180124223602,0.019077196095829637,0.15882874889086068,0.019077196095829637,0.006654835847382431,0.01730257320319432
0.050997782705099776,0.007982261640798226,0.0031042128603104213,0.6368070953436807,0.007982261640798226,0.01818181818181818,0.004878048780487805,0.016407982261640797,0.004878048780487805,0.01818181818181818,0.0066518847006651885,0.020842572062084258,0.16363636363636364,0.01729490022172949,0.005764966740576497,0.016407982261640797
