C_R,C_A,C_S,C_N,D_R,D_A,D_S,D_N,Oc_R,Oc_A,Oc_S,Oc_N,Od_R,Od_A,Od_S,Od_N
0.0,0.0,0.0,0.0,1.0,0.0,0.0,0.0,0.0,0.0,0.0,0.0,0.0,0.0,0.0,0.0
0.0,0.5,0.0,0.0,0.5,0.0,0.0,0.0,0.0,0.0,0.0,0.0,0.0,0.0,0.0,0.0
0.0,0.4444444444444444,0.0,0.0,0.3333333333333333,0.0,0.0,0.0,0.0,0.0,0.0,0.0,0.0,0.0,0.2222222222222222,0.0
0.0,0.36363636363636365,0.0,0.0,0.2727272727272727,0.0,0.0,0.0,0.0,0.09090909090909091,0.0,0.0,0.0,0.0,0.2727272727272727,0.0
0.0,0.4375,0.0,0.0,0.125,0.0,0.0,0.0,0.0,0.125,0.0,0.0,0.0,0.0,0.3125,0.0
0.08695652173913043,0.391304347826087,0.0,0.0,0.13043478260869565,0.0,0.0,0.043478260869565216,0.0,0.13043478260869565,0.0,0.0,0.0,0.0,0.21739130434782608,0.0
0.15151515151515152,0.3939393939393939,0.0,0.0,0.09090909090909091,0.0,0.0,0.030303030303030304,0.0,0.06060606060606061,0.0,0.0,0.0,0.0,0.2727272727272727,0.0
0.19047619047619047,0.38095238095238093,0.0,0.0,0.07142857142857142,0.0,0.0,0.07142857142857142,0.0,0.047619047619047616,0.0,0.0,0.0,0.0,0.23809523809523808,0.0
0.2631578947368421,0.3508771929824561,0.0,0.017543859649122806,0.08771929824561403,0.0,0.0,0.07017543859649122,0.0,0.05263157894736842,0.0,0.0,0.0,0.0,0.15789473684210525,0.0
0.2077922077922078,0.35064935064935066,0.0,0.025974025974025976,0.07792207792207792,0.0,0.0,0.07792207792207792,0.0,0.06493506493506493,0.025974025974025976,0.0,0.0,0.0,0.16883116883116883,0.0
0.2571428571428571,0.3238095238095238,0.0,0.02857142857142857,0.02857142857142857,0.0,0.0,0.08571428571428572,0.0,0.05714285714285714,0.01904761904761905,0.0,0.009523809523809525,0.0,0.19047619047619047,0.0
0.2781954887218045,0.3007518796992481,0.0,0.022556390977443608,0.03007518796992481,0.0,0.0,0.10526315789473684,0.007518796992481203,0.06015037593984962,0.03007518796992481,0.0,0.015037593984962405,0.0,0.15037593984962405,0.0
0.2865853658536585,0.2682926829268293,0.0,0.018292682926829267,0.024390243902439025,0.0,0.006097560975609756,0.10975609756097561,0.006097560975609756,0.06097560975609756,0.03048780487804878,0.0,0.024390243902439025,0.0,0.16463414634146342,0.0
0.28019323671497587,0.2318840579710145,0.00966183574879227,0.024154589371980676,0.028985507246376812,0.0,0.00966183574879227,0.11594202898550725,0.004830917874396135,0.06763285024154589,0.03864734299516908,0.0,0.033816425120772944,0.0,0.15458937198067632,0.0
0.2681992337164751,0.19540229885057472,0.019157088122605363,0.03065134099616858,0.038314176245210725,0.0,0.011494252873563218,0.1111111111111111,0.0038314176245210726,0.06896551724137931,0.034482758620689655,0.0,0.05363984674329502,0.007662835249042145,0.15708812260536398,0.0
0.247557003257329,0.1758957654723127,0.02280130293159609,0.03908794788273615,0.04234527687296417,0.0,0.016286644951140065,0.09446254071661238,0.003257328990228013,0.0781758957654723,0.04234527687296417,0.0,0.06514657980456026,0.006514657980456026,0.16612377850162866,0.0
0.2361111111111111,0.1638888888888889,0.030555555555555555,0.041666666666666664,0.058333333333333334,0.0,0.011111111111111112,0.08611111111111111,0.002777777777777778,0.08333333333333333,0.04722222222222222,0.0,0.07777777777777778,0.008333333333333333,0.1527777777777778,0.0
0.20952380952380953,0.1523809523809524,0.03333333333333333,0.05238095238095238,0.05952380952380952,0.0,0.014285714285714285,0.09761904761904762,0.002380952380952381,0.0761904761904762,0.05,0.0,0.08571428571428572,0.014285714285714285,0.1523809523809524,0.0
0.20040899795501022,0.15337423312883436,0.03885480572597137,0.05521472392638037,0.05725971370143149,0.002044989775051125,0.016359918200409,0.09611451942740286,0.0081799591002045,0.06339468302658487,0.05930470347648262,0.0,0.09611451942740286,0.014314928425357873,0.1390593047034765,0.0
0.18466898954703834,0.13414634146341464,0.047038327526132406,0.06794425087108014,0.05400696864111498,0.005226480836236934,0.017421602787456445,0.10278745644599303,0.008710801393728223,0.06097560975609756,0.050522648083623695,0.0,0.10278745644599303,0.013937282229965157,0.14982578397212543,0.0
0.17329093799682035,0.13513513513513514,0.0492845786963434,0.07313195548489666,0.058823529411764705,0.0047694753577106515,0.022257551669316374,0.10174880763116058,0.006359300476947536,0.06200317965023847,0.05087440381558029,0.001589825119236884,0.11128775834658187,0.012718600953895072,0.13513513513513514,0.001589825119236884
0.15994623655913978,0.12903225806451613,0.053763440860215055,0.08064516129032258,0.06048387096774194,0.004032258064516129,0.024193548387096774,0.10215053763440861,0.006720430107526882,0.056451612903225805,0.04704301075268817,0.005376344086021506,0.12365591397849462,0.010752688172043012,0.13440860215053763,0.0013440860215053765
0.1508313539192399,0.12351543942992874,0.052256532066508314,0.0855106888361045,0.057007125890736345,0.0035629453681710215,0.023752969121140142,0.10095011876484561,0.00831353919239905,0.057007125890736345,0.047505938242280284,0.004750593824228029,0.13539192399049882,0.013064133016627079,0.13539192399049882,0.0011876484560570072
0.13874066168623267,0.12166488794023479,0.04909284951974386,0.09071504802561366,0.054429028815368194,0.004268943436499467,0.02774813233724653,0.11205976520811099,0.008537886872998933,0.05016008537886873,0.04909284951974386,0.004268943436499467,0.144076840981857,0.016008537886873,0.12700106723585913,0.0021344717182497333
0.1351094196003806,0.12178877259752617,0.048525214081826834,0.0922930542340628,0.056137012369172214,0.003805899143672693,0.028544243577545196,0.1065651760228354,0.006660323501427212,0.046622264509990484,0.05137963843958135,0.0028544243577545195,0.15128449096098953,0.02093244529019981,0.12559467174119887,0.0019029495718363464
0.1231696813092162,0.11627906976744186,0.05167958656330749,0.09560723514211886,0.050818260120585705,0.004306632213608958,0.03273040482342808,0.09905254091300603,0.00516795865633075,0.04306632213608958,0.05254091300602928,0.004306632213608958,0.1739879414298019,0.024978466838931956,0.11886304909560723,0.0034453057708871662
0.11984126984126985,0.11587301587301588,0.05634920634920635,0.09761904761904762,0.05,0.006349206349206349,0.03333333333333333,0.09761904761904762,0.004761904761904762,0.0380952380952381,0.049206349206349205,0.003968253968253968,0.1865079365079365,0.025396825396825397,0.11031746031746031,0.004761904761904762
0.11815561959654179,0.10951008645533142,0.05547550432276657,0.10158501440922191,0.053314121037463975,0.008645533141210375,0.032420749279538905,0.09726224783861671,0.0036023054755043226,0.03674351585014409,0.05187319884726225,0.0036023054755043226,0.18804034582132564,0.027377521613832854,0.10878962536023054,0.0036023054755043226
0.12151394422310757,0.1049136786188579,0.057104913678618856,0.09827357237715803,0.04780876494023904,0.009296148738379814,0.03386454183266932,0.09561752988047809,0.0033200531208499337,0.03187250996015936,0.05245683930942895,0.0026560424966799467,0.20318725099601595,0.027224435590969456,0.10690571049136786,0.00398406374501992
0.11180124223602485,0.10869565217391304,0.052795031055900624,0.10559006211180125,0.04906832298136646,0.011180124223602485,0.034161490683229816,0.09378881987577639,0.0037267080745341614,0.03291925465838509,0.055279503105590065,0.003105590062111801,0.19627329192546583,0.034161490683229816,0.10372670807453416,0.0037267080745341614
0.11059640995946729,0.1117544875506659,0.05442964678633468,0.10191082802547771,0.049797336421540245,0.011001737116386797,0.0335842501447597,0.08801389693109438,0.0028951939779965257,0.02895193977996526,0.05848291835552982,0.0028951939779965257,0.2032426172553561,0.03763752171395483,0.1013317892298784,0.003474232773595831
0.1075208913649025,0.11309192200557103,0.052924791086350974,0.1064066852367688,0.04401114206128134,0.013370473537604457,0.036211699164345405,0.08133704735376045,0.0038997214484679664,0.025069637883008356,0.06518105849582173,0.0038997214484679664,0.20111420612813372,0.03899721448467967,0.10250696378830083,0.004456824512534819
0.10570824524312897,0.11733615221987315,0.051268498942917545,0.10782241014799154,0.04439746300211417,0.014799154334038054,0.03276955602536998,0.08192389006342495,0.0047568710359408035,0.023255813953488372,0.06342494714587738,0.005813953488372093,0.20454545454545456,0.03805496828752643,0.09936575052854123,0.0047568710359408035
0.1071607411116675,0.11667501251877817,0.05207811717576365,0.11016524787180772,0.04456685027541312,0.014521782674011016,0.03505257886830245,0.07911867801702553,0.005007511266900351,0.022533800701051578,0.06760140210315473,0.005007511266900351,0.1957936905358037,0.03805708562844266,0.09964947421131698,0.007010515773660491
0.1087378640776699,0.11553398058252427,0.04951456310679612,0.10776699029126213,0.04563106796116505,0.016019417475728156,0.03446601941747573,0.07766990291262135,0.005339805825242718,0.021844660194174758,0.06699029126213592,0.005339805825242718,0.1966019417475728,0.04320388349514563,0.09660194174757282,0.008737864077669903
0.11379800853485064,0.11000474158368895,0.04504504504504504,0.10573731626363206,0.044570886676149835,0.015647226173541962,0.03698435277382646,0.07918444760550024,0.00474158368895211,0.022285443338074917,0.07254623044096728,0.00474158368895211,0.19487908961593173,0.04220009483167378,0.09577999051683263,0.011853959222380275
0.11029411764705882,0.1056985294117647,0.04733455882352941,0.10615808823529412,0.04457720588235294,0.014705882352941176,0.03860294117647059,0.08088235294117647,0.0059742647058823525,0.02389705882352941,0.07536764705882353,0.006893382352941176,0.19301470588235295,0.04136029411764706,0.09512867647058823,0.01011029411764706
0.10934664246823957,0.10617059891107078,0.04401088929219601,0.10163339382940109,0.04764065335753176,0.01678765880217786,0.03901996370235935,0.07758620689655173,0.006805807622504537,0.0249546279491833,0.08166969147005444,0.007259528130671506,0.19192377495462795,0.04083484573502722,0.0925589836660617,0.011796733212341199
0.10717529518619437,0.1030881017257039,0.04904632152588556,0.10217983651226158,0.0485921889191644,0.015440508628519528,0.04268846503178928,0.07493188010899182,0.007720254314259764,0.02633969118982743,0.08356039963669391,0.005903723887375113,0.18256130790190736,0.04268846503178928,0.09355131698455948,0.014532243415077202
0.10976702508960573,0.10304659498207885,0.044802867383512544,0.1039426523297491,0.05017921146953405,0.014336917562724014,0.044802867383512544,0.07571684587813621,0.008512544802867384,0.024193548387096774,0.08019713261648745,0.005824372759856631,0.18593189964157705,0.04435483870967742,0.09050179211469533,0.013888888888888888
0.11140819964349376,0.10249554367201426,0.04411764705882353,0.10695187165775401,0.05258467023172905,0.013814616755793227,0.04634581105169341,0.07575757575757576,0.008467023172905526,0.027183600713012478,0.07754010695187166,0.008021390374331552,0.18226381461675578,0.044563279857397504,0.08422459893048129,0.0142602495543672
0.11372723234118169,0.09906708129720124,0.04575744113727232,0.1008440693025322,0.051088405153265216,0.016437139049311416,0.04575744113727232,0.07507774322523322,0.010661928031985785,0.028431808085295423,0.07818747223456242,0.009329187027987561,0.18436250555308753,0.043980453131941356,0.08307418924922257,0.014215904042647711
0.11288180610889774,0.09207613988490483,0.04426737494466578,0.10092961487383798,0.05223550243470562,0.01859229747675963,0.044710048694112436,0.07746790615316512,0.01018149623727313,0.03010181496237273,0.0796812749003984,0.009296148738379814,0.1814962372731297,0.043824701195219126,0.08720672864099159,0.015050907481186366
0.11071428571428571,0.09375,0.044642857142857144,0.10446428571428572,0.048660714285714286,0.020535714285714286,0.045089285714285714,0.07544642857142857,0.012053571428571429,0.029910714285714287,0.07678571428571429,0.009821428571428571,0.184375,0.044196428571428574,0.08169642857142857,0.017857142857142856
0.10910690717113947,0.09678838539375274,0.04135503739551254,0.10030796304443466,0.04663440387153542,0.01935767707875055,0.04575450945886494,0.08007039155301364,0.012318521777386713,0.032996040475142985,0.07875054993400792,0.010118785745710514,0.1825780906291245,0.04179498460184778,0.08315002199736031,0.01891772987241531
0.10957683741648107,0.09487750556792873,0.04498886414253898,0.10289532293986638,0.049443207126948774,0.019599109131403118,0.04721603563474387,0.07973273942093541,0.011581291759465479,0.03162583518930958,0.07839643652561247,0.010244988864142539,0.18307349665924277,0.035634743875278395,0.08195991091314031,0.01915367483296214
0.11106175033318526,0.0986228342958685,0.040870724122612175,0.09906708129720124,0.04620168813860506,0.020435362061306087,0.046645935139937804,0.0790759662372279,0.014660151043980453,0.033762772101288314,0.07418924922256774,0.010661928031985785,0.18702798756108396,0.03642825410928476,0.0812972012438916,0.019991115059973346
0.11254448398576512,0.09564056939501779,0.04181494661921708,0.10275800711743772,0.0449288256227758,0.017793594306049824,0.04581850533807829,0.07873665480427046,0.013345195729537367,0.03336298932384341,0.07339857651245552,0.01201067615658363,0.19083629893238435,0.037366548042704624,0.07873665480427046,0.02090747330960854
0.1127886323268206,0.09591474245115453,0.046181172291296625,0.10079928952042629,0.044849023090586145,0.017317939609236235,0.04884547069271759,0.0763765541740675,0.014209591474245116,0.034191829484902306,0.07326820603907638,0.011545293072824156,0.18960923623445827,0.03685612788632327,0.07859680284191829,0.018650088809946713
0.11545293072824156,0.09458259325044405,0.040408525754884544,0.10079928952042629,0.044849023090586145,0.017761989342806393,0.04884547069271759,0.0763765541740675,0.013765541740674956,0.03241563055062167,0.07104795737122557,0.011989342806394316,0.18872113676731794,0.03907637655417407,0.08259325044404973,0.021314387211367674
0.1163202122954445,0.09332153914197258,0.040689960194604156,0.1017249004865104,0.04688191065900044,0.01813356921716055,0.04688191065900044,0.07209199469261389,0.015037593984962405,0.034055727554179564,0.07032286598850067,0.013268465280849183,0.18664307828394516,0.039805395842547546,0.08359133126934984,0.021229544449358692
0.11647475642161205,0.09743135518157661,0.03454384410983171,0.10496014171833482,0.04428697962798937,0.016386182462356066,0.05004428697962799,0.0704162976085031,0.016386182462356066,0.031443755535872454,0.07307351638618247,0.015057573073516387,0.18556244464127547,0.04118689105403012,0.08148804251550044,0.021257750221434897
0.1184792219274978,0.09416445623342175,0.036251105216622455,0.10565870910698497,0.04155614500442087,0.016799292661361626,0.04774535809018567,0.06852343059239611,0.017241379310344827,0.030061892130857647,0.07515473032714412,0.014146772767462422,0.1909814323607427,0.03934571175950486,0.08134394341290893,0.022546419098143235
0.11736263736263736,0.09274725274725275,0.037802197802197804,0.10241758241758242,0.04131868131868132,0.01802197802197802,0.047472527472527476,0.06813186813186813,0.016703296703296705,0.032527472527472526,0.08043956043956044,0.012747252747252748,0.18637362637362637,0.04,0.08483516483516483,0.0210989010989011
0.11912087912087913,0.08703296703296703,0.03868131868131868,0.10197802197802198,0.04131868131868132,0.0210989010989011,0.047472527472527476,0.06901098901098901,0.017582417582417582,0.03296703296703297,0.08,0.013626373626373627,0.18725274725274726,0.03956043956043956,0.08131868131868132,0.02197802197802198
0.12102196324518154,0.08606006275212909,0.03809950694755715,0.09905871806364859,0.04168534289556253,0.021515015688032272,0.04885701479157328,0.06409681757059614,0.016136261766024205,0.03585835948005379,0.07530255490811295,0.014343343792021516,0.19542805916629313,0.03765127745405648,0.08068130883012102,0.024204392649036306
0.11892130857648099,0.08664898320070734,0.03713527851458886,0.10035366931918656,0.042440318302387266,0.021220159151193633,0.04553492484526967,0.06542882404951371,0.016799292661361626,0.036251105216622455,0.07515473032714412,0.013262599469496022,0.19805481874447392,0.03757736516357206,0.07957559681697612,0.02564102564102564
0.11642319610447101,0.08543603364320496,0.03629924745462594,0.10092961487383798,0.041168658698539175,0.023461708720672863,0.0451527224435591,0.0681717574147853,0.017264276228419653,0.03497122620628597,0.0765825586542718,0.014608233731739707,0.19964586100044268,0.036741921204072596,0.0796812749003984,0.023461708720672863
0.11607142857142858,0.08348214285714285,0.038392857142857145,0.10535714285714286,0.04107142857142857,0.024553571428571428,0.046875,0.06919642857142858,0.016517857142857143,0.03125,0.07455357142857143,0.014285714285714285,0.19776785714285713,0.038392857142857145,0.07857142857142857,0.023660714285714285
0.11641391614629795,0.08385370205173952,0.040588760035682424,0.09812667261373774,0.043710972346119537,0.0231935771632471,0.0463871543264942,0.06645851917930419,0.01650312221231044,0.03389830508474576,0.07270294380017842,0.015165031222123104,0.20517395182872436,0.03791257805530776,0.07448706512042819,0.025423728813559324
0.1147396293027361,0.0820829655781112,0.0410414827890556,0.09929390997352162,0.04457193292144748,0.026037069726390114,0.04677846425419241,0.06840247131509268,0.016328331862312445,0.03309796999117388,0.07016769638128861,0.016328331862312445,0.2082965578111209,0.03574580759046778,0.07458075904677847,0.022506619593998235
0.11263250883392226,0.08436395759717315,0.03931095406360424,0.10203180212014135,0.045936395759717315,0.026943462897526502,0.045053003533568906,0.06404593639575971,0.015459363957597174,0.03401060070671378,0.07022968197879859,0.018109540636042403,0.20848056537102475,0.03666077738515901,0.07243816254416961,0.02429328621908127
0.11749116607773852,0.0803886925795053,0.03975265017667844,0.10203180212014135,0.04284452296819788,0.026060070671378093,0.04284452296819788,0.06492932862190813,0.015901060070671377,0.0357773851590106,0.0706713780918728,0.015901060070671377,0.20848056537102475,0.037985865724381625,0.07332155477031801,0.02561837455830389
0.11756817165847117,0.0813589628967367,0.03933839964237819,0.09521680822530175,0.04380867232901207,0.02637460885113992,0.04604380867232901,0.06347787215020116,0.01743406347787215,0.03755029056772463,0.0697362539114886,0.016540008940545373,0.2101028162717926,0.038891372373714796,0.07286544479213232,0.023692445239159587
0.11603188662533215,0.0775022143489814,0.04030115146147033,0.09654561558901682,0.04428697962798937,0.024357838795394153,0.047829937998228524,0.06554472984942426,0.01948627103631532,0.034986713906111605,0.070859167404783,0.015943312666076175,0.21257750221434898,0.03941541186891054,0.07174490699734277,0.022586359610274578
0.11468094600624722,0.08165997322623829,0.0392681838464971,0.10040160642570281,0.04060687193217314,0.023650156180276664,0.0464078536367693,0.06291834002677377,0.01963409192324855,0.03257474341811691,0.06738063364569388,0.01651048639000446,0.21909861668897815,0.04194556001784917,0.07095046854082998,0.022311468094600623
0.1127953633526527,0.0806954971020954,0.03967900133749443,0.10075791350869372,0.04012483281319661,0.024074899687917966,0.04458314757021846,0.05974141774409273,0.019170753455193937,0.032545697726259475,0.06687472135532768,0.016049933125278644,0.22603655818100757,0.04235399019170753,0.0722246990637539,0.02229157378510923
0.11274509803921569,0.07397504456327986,0.04233511586452763,0.1051693404634581,0.039661319073083776,0.024955436720142603,0.04144385026737968,0.062388591800356503,0.0196078431372549,0.0338680926916221,0.06684491978609626,0.015597147950089126,0.22459893048128343,0.04500891265597148,0.06951871657754011,0.022281639928698752
0.11533362792752982,0.07158638974812197,0.04507291206363235,0.10649580203269995,0.039770216526734424,0.02342023862129916,0.0415377817057004,0.0627485638532921,0.01855943437914273,0.034025629695095004,0.06672558550596554,0.014582412726469289,0.2284577993813522,0.04197967300044189,0.06760936809544851,0.02209456473707468
0.11468901632112924,0.07190119100132333,0.044993383325981476,0.10454344949272165,0.03573003970004411,0.02646669607410675,0.04102337891486546,0.061314512571680635,0.0176444640494045,0.03440670489633877,0.06572562858403176,0.016762240846934274,0.23467137185707984,0.04058226731363035,0.06881340979267754,0.020732245258050286
0.11762114537444934,0.06960352422907488,0.042731277533039645,0.1092511013215859,0.04008810572687225,0.027753303964757708,0.04052863436123348,0.05726872246696035,0.01762114537444934,0.030837004405286344,0.06872246696035242,0.01629955947136564,0.23127753303964757,0.04008810572687225,0.06872246696035242,0.02158590308370044
0.12288512911843277,0.06901157613535173,0.04140694568121104,0.10329474621549421,0.03784505788067676,0.02715939447907391,0.0396260017809439,0.057435440783615316,0.017364203027604632,0.031166518254674976,0.06856634016028496,0.017809439002671415,0.23597506678539626,0.041852181656277826,0.06767586821015138,0.020926090828138913
0.12533215234720993,0.0704162976085031,0.03985828166519043,0.10318866253321524,0.03941541186891054,0.025243578387953942,0.03985828166519043,0.0566873339238264,0.01682905225863596,0.03365810451727192,0.070859167404783,0.018600531443755536,0.233392382639504,0.04074402125775022,0.06598759964570416,0.019929140832595216
0.12301587301587301,0.0701058201058201,0.040123456790123455,0.10537918871252204,0.03968253968253968,0.024250440917107582,0.03659611992945326,0.05952380952380952,0.017195767195767195,0.034832451499118164,0.07054673721340388,0.01984126984126984,0.23500881834215168,0.040123456790123455,0.062169312169312166,0.021604938271604937
0.12887511071744906,0.07174490699734277,0.04030115146147033,0.10761736049601417,0.038529672276350756,0.024800708591674048,0.03808680248007086,0.05890168290522586,0.017271922054915855,0.03454384410983171,0.070859167404783,0.01771479185119575,0.22763507528786536,0.03897254207263064,0.062444641275465014,0.021700620017714792
0.12743362831858407,0.06814159292035399,0.03982300884955752,0.11150442477876106,0.03761061946902655,0.023893805309734513,0.03805309734513274,0.05752212389380531,0.01902654867256637,0.033628318584070796,0.07256637168141593,0.017699115044247787,0.22654867256637168,0.04115044247787611,0.06327433628318584,0.022123893805309734
0.1300742034046268,0.06765604539502401,0.04015713662156264,0.11479703186381493,0.03535573985159319,0.02531645569620253,0.03972064600611087,0.05936272370144042,0.017459624618070713,0.034046268005237884,0.07158446093408992,0.01920558707987778,0.2247926669576604,0.0405936272370144,0.05892623308598865,0.020951549541684853
0.12615384615384614,0.07032967032967033,0.03956043956043956,0.11296703296703296,0.033846153846153845,0.025494505494505496,0.03868131868131868,0.058021978021978025,0.017582417582417582,0.03604395604395604,0.07208791208791208,0.01802197802197802,0.2334065934065934,0.03956043956043956,0.056703296703296706,0.021538461538461538
0.13058720420683612,0.07142857142857142,0.03856266432953549,0.11437335670464505,0.034618755477651184,0.02497808939526731,0.03768624014022787,0.05740578439964943,0.017528483786152498,0.035056967572304996,0.07230499561787905,0.019281332164767746,0.22787028921998248,0.04119193689745837,0.05346187554776512,0.02366345311130587
0.12874779541446207,0.07231040564373897,0.03659611992945326,0.11155202821869488,0.03571428571428571,0.024250440917107582,0.03527336860670194,0.05952380952380952,0.018518518518518517,0.036155202821869487,0.06966490299823633,0.01984126984126984,0.2345679012345679,0.0427689594356261,0.05114638447971781,0.023368606701940034
0.1307218309859155,0.07042253521126761,0.03873239436619718,0.11091549295774648,0.03433098591549296,0.026848591549295774,0.03433098591549296,0.061179577464788734,0.020246478873239437,0.03653169014084507,0.0682218309859155,0.018485915492957746,0.2319542253521127,0.04181338028169014,0.050616197183098594,0.02464788732394366
0.1334214002642008,0.06869220607661823,0.04051078819903126,0.11316600616468515,0.03346543372963452,0.025979744605900485,0.034346103038309116,0.06164685160722149,0.02289740202553941,0.03742844561867019,0.06737120211360634,0.016292382210479964,0.23513870541611626,0.039189784236019376,0.047556142668428,0.02289740202553941
0.13442044953724108,0.07051564565888056,0.03878360511238431,0.10709563684442486,0.03525782282944028,0.02600264433671221,0.036579991185544294,0.062141912736888495,0.021595416483032173,0.0374614367562803,0.06610841780520053,0.016747465843984136,0.2362274129572499,0.04010577346848832,0.049801674746584396,0.021154693697664168
0.13146167557932265,0.06862745098039216,0.034759358288770054,0.11140819964349376,0.036541889483065956,0.029857397504456328,0.040106951871657755,0.06327985739750445,0.021836007130124777,0.03609625668449198,0.06684491978609626,0.017825311942959002,0.23306595365418895,0.03787878787878788,0.04679144385026738,0.023618538324420676
0.13321570357300397,0.06528451698279665,0.03484781649757389,0.10983678870754301,0.032201146890163214,0.02690780767534186,0.04014115571239524,0.061755624172915746,0.021614468460520512,0.037935597706219674,0.0670489633877371,0.016762240846934274,0.24040582267313632,0.0388178209086899,0.04808116453462726,0.025143361270401413
0.1354120267260579,0.05790645879732739,0.03429844097995546,0.10957683741648107,0.033853006681514475,0.025835189309576838,0.040979955456570155,0.05968819599109131,0.022271714922048998,0.04053452115812917,0.06369710467706013,0.018708240534521157,0.2467706013363029,0.037416481069042315,0.04855233853006682,0.024498886414253896
0.13791574279379157,0.06252771618625277,0.03458980044345898,0.10776053215077605,0.03458980044345898,0.026607538802660754,0.04124168514412417,0.05631929046563193,0.023059866962305987,0.04212860310421286,0.06075388026607539,0.01951219512195122,0.23902439024390243,0.03902439024390244,0.04878048780487805,0.02616407982261641
0.1394422310756972,0.05976095617529881,0.035413899955732624,0.11066843736166446,0.03142983621071271,0.025675077467906152,0.03939796370075255,0.055776892430278883,0.021248339973439574,0.04249667994687915,0.05843293492695883,0.019034971226206288,0.2456839309428951,0.03939796370075255,0.049136786188579015,0.027003098716246128
0.1378854625550661,0.059030837004405284,0.03524229074889868,0.11233480176211454,0.03259911894273128,0.02555066079295154,0.04008810572687225,0.05814977973568282,0.020704845814977973,0.04185022026431718,0.05726872246696035,0.018061674008810574,0.2431718061674009,0.04229074889867841,0.04757709251101322,0.028193832599118944
0.13527851458885942,0.0605658709106985,0.033156498673740056,0.11626878868258178,0.03050397877984085,0.02564102564102564,0.03580901856763926,0.0592396109637489,0.021220159151193633,0.04111405835543767,0.05658709106984969,0.01989389920424403,0.248894783377542,0.042440318302387266,0.046861184792219276,0.026525198938992044
0.13929684023141967,0.06319537160658656,0.03426791277258567,0.11615487316421896,0.03204272363150868,0.027147307521139297,0.032487761459724075,0.05829995549621718,0.021806853582554516,0.03960836671117045,0.05384957721406319,0.02091677792612372,0.24388072986203826,0.04361370716510903,0.044058744993324434,0.029372496662216287
0.13759431868619618,0.06080781180648025,0.03195739014647137,0.1114070128717266,0.03151353750554816,0.027075011096316024,0.03506435863293387,0.06080781180648025,0.02174877940523746,0.039502885042166,0.05193075898801598,0.020417221482467822,0.2507767421216156,0.04438526409232135,0.044829116733244564,0.030181979582778518
0.13575865128660158,0.05989352262644188,0.03682342502218278,0.11047027506654836,0.030612244897959183,0.02883762200532387,0.03371783496007098,0.06033717834960071,0.023070097604259095,0.0385980479148181,0.05456965394853593,0.021739130434782608,0.2511091393078971,0.043478260869565216,0.04259094942324756,0.02839396628216504
0.1349206349206349,0.0582010582010582,0.037037037037037035,0.10537918871252204,0.03306878306878307,0.026895943562610228,0.030864197530864196,0.062169312169312166,0.023809523809523808,0.03747795414462081,0.05599647266313933,0.023809523809523808,0.25485008818342153,0.0445326278659612,0.04365079365079365,0.027336860670194002
0.13650374284456188,0.059445178335535004,0.038749449581682076,0.10744165565830031,0.03258476442095993,0.03038309114927345,0.031704095112285335,0.05900484368119771,0.02289740202553941,0.033905768383971815,0.05328049317481286,0.023778071334214,0.2518714222809335,0.04579480405107882,0.04447380008806693,0.028181417877586965
0.13638382940915147,0.05864060417592181,0.04042647712127943,0.10928476232785429,0.03065304309195913,0.028431808085295423,0.03109729009329187,0.05952909817858729,0.024433585073300755,0.03287427809862283,0.054198134162594405,0.023545091070635273,0.25633051976899157,0.043980453131941356,0.04264771212794314,0.027543314082629944
0.13727232341181697,0.056863616170590846,0.03909373611728121,0.11150599733451799,0.03065304309195913,0.03198578409595735,0.028431808085295423,0.059973345179920035,0.024433585073300755,0.03243003109729009,0.054642381163927146,0.02665482007996446,0.2501110617503332,0.043980453131941356,0.04042647712127943,0.03154153709462461
0.13640389725420726,0.05491585473870682,0.03941541186891054,0.11426040744021258,0.032329495128432244,0.031443755535872454,0.027015057573073518,0.0566873339238264,0.025243578387953942,0.034986713906111605,0.053144375553587246,0.026572187776793623,0.25066430469441986,0.046944198405668734,0.03941541186891054,0.030558015943312665
0.13694975544686527,0.05558025789239662,0.039573143619386394,0.11560693641618497,0.03156958648288128,0.031124944419742107,0.027567807914628723,0.057358826144953315,0.023566029346376166,0.036905291240551356,0.05469097376611828,0.028012449977767896,0.24722098710538018,0.0493552690084482,0.03646064917741218,0.02845709204090707
0.14140521431727796,0.05170128148475475,0.03844454264250994,0.11886875828546177,0.028722934158197082,0.033583738400353516,0.027839151568714096,0.05612019443216969,0.025187803800265134,0.03667697746354397,0.05391073795846222,0.03093239063190455,0.24392399469730447,0.04639858594785683,0.03623508616880247,0.030048608042421564
0.144136078782453,0.049239033124440466,0.04118173679498657,0.11101163831692032,0.02820053715308863,0.03267681289167413,0.02820053715308863,0.05729632945389436,0.024619516562220233,0.03715308863025962,0.051924798567591766,0.03133393017009848,0.24709042076991944,0.048791405550581916,0.03894359892569382,0.02820053715308863
0.13950398582816653,0.046058458813108945,0.042515500442869794,0.11160318866253321,0.027015057573073518,0.032329495128432244,0.027015057573073518,0.05713020372010629,0.022586359610274578,0.038529672276350756,0.05004428697962799,0.031443755535872454,0.2550930026572188,0.05093002657218778,0.03897254207263064,0.029229406554472984
0.14323374340949033,0.04525483304042179,0.04481546572934974,0.11379613356766256,0.025483304042179262,0.0351493848857645,0.028558875219683654,0.056239015817223195,0.022847100175746926,0.03910369068541301,0.054042179261862916,0.02899824253075571,0.2460456942003515,0.04745166959578207,0.03866432337434095,0.03031634446397188
0.14646017699115044,0.04336283185840708,0.0420353982300885,0.11283185840707964,0.024778761061946902,0.03584070796460177,0.02743362831858407,0.05796460176991151,0.024336283185840708,0.04026548672566372,0.05707964601769912,0.027876106194690265,0.24734513274336284,0.04513274336283186,0.036283185840707964,0.030973451327433628
0.14241210502892745,0.04494882064975523,0.04227859368046284,0.11214953271028037,0.025367156208277702,0.03649310191366266,0.030707610146862484,0.05785491766800178,0.023141967067200713,0.040498442367601244,0.05518469069870939,0.0267022696929239,0.24655095683133066,0.045838896306186025,0.03515798842901647,0.03471295060080107
0.14140521431727796,0.04507291206363235,0.04242156429518339,0.10914714980114892,0.026513477684489615,0.035793194874060984,0.028722934158197082,0.053468846663720725,0.023862129916040652,0.03932832523199293,0.0552364118426867,0.02695536897923111,0.25983208130799823,0.04551480335837384,0.03225806451612903,0.0344675209898365
0.14292035398230088,0.04469026548672567,0.04513274336283186,0.11238938053097346,0.02743362831858407,0.03938053097345133,0.027876106194690265,0.05,0.02256637168141593,0.04026548672566372,0.05619469026548673,0.026106194690265486,0.2535398230088496,0.046902654867256637,0.034070796460176994,0.030530973451327433
0.14323490524460114,0.04275011018069634,0.043190832966064345,0.11635081533715293,0.027324812692816218,0.03613926840017629,0.028206258263552227,0.0502423975319524,0.023358307624504186,0.03922432789775231,0.05376817981489643,0.02379903040987219,0.25782282944028206,0.04759806081974438,0.03525782282944028,0.031732040546496254
0.13999108337048596,0.04279982166740972,0.04235399019170753,0.115916183682568,0.028979045920642,0.03522068658047258,0.02630405706642889,0.04859563085153812,0.024074899687917966,0.03967900133749443,0.054837271511368704,0.0231832367365136,0.2630405706642889,0.04592064199732501,0.034774855104770394,0.034329023629068214
0.14279379157427938,0.042572062084257206,0.040798226164079826,0.11751662971175167,0.0270509977827051,0.032815964523281595,0.025277161862527715,0.050110864745011086,0.023059866962305987,0.04124168514412417,0.05321507760532151,0.024390243902439025,0.25942350332594233,0.050110864745011086,0.03592017738359202,0.03370288248337029
0.14266784452296818,0.04063604240282685,0.03931095406360424,0.11395759717314488,0.02561837455830389,0.03401060070671378,0.026060070671378093,0.05123674911660778,0.022084805653710248,0.04328621908127209,0.054770318021201414,0.023409893992932862,0.2623674911660777,0.05079505300353357,0.03445229681978799,0.0353356890459364
0.14489522960321,0.04279982166740972,0.038341506910387874,0.11948283548818546,0.02630405706642889,0.034329023629068214,0.027641551493535442,0.04859563085153812,0.02050824788230049,0.04413731609451627,0.0521622826571556,0.024520731163620153,0.25902808738296923,0.04859563085153812,0.034329023629068214,0.034329023629068214
0.1459265890778872,0.044315129811996416,0.03491495076096687,0.12309758281110117,0.026410026857654433,0.03625783348254252,0.02775290957923008,0.045210384959713516,0.018800358102059087,0.045658012533572066,0.052820053715308866,0.025514771709937333,0.25514771709937334,0.048791405550581916,0.03401969561324977,0.03536257833482542
0.14646017699115044,0.04424778761061947,0.034955752212389384,0.12123893805309735,0.026106194690265486,0.036283185840707964,0.025221238938053097,0.046902654867256637,0.01991150442477876,0.047345132743362835,0.049557522123893805,0.023451327433628318,0.2584070796460177,0.049557522123893805,0.033185840707964605,0.03716814159292035
0.14475431606905712,0.043824701195219126,0.033643204957945996,0.11642319610447101,0.02434705621956618,0.038069942452412575,0.025675077467906152,0.043382027445772464,0.021691013722886232,0.049136786188579015,0.05090748118636565,0.02213368747233289,0.26294820717131473,0.05002213368747233,0.03275785745905268,0.04028331119964586
0.14518257809062912,0.044434667839859214,0.03167619885613726,0.1227452705675319,0.025516937967443906,0.03827540695116586,0.026836779586449627,0.04267487901451826,0.01891772987241531,0.048834139903211615,0.051473823141223056,0.02331720193576771,0.26044874615046193,0.047954245490541135,0.031236251649802024,0.040475142982842056
0.14508233199821985,0.04494882064975523,0.027147307521139297,0.11659991099243436,0.0258121940364931,0.037828215398308856,0.027592345349354695,0.047619047619047616,0.01913662661326213,0.04806408544726302,0.04895416110369381,0.022251891410769914,0.2719181130396084,0.047619047619047616,0.03159768580329328,0.037828215398308856
0.14304812834224598,0.04144385026737968,0.024509803921568627,0.11764705882352941,0.029411764705882353,0.03787878787878788,0.02807486631016043,0.0481283422459893,0.020053475935828877,0.0481283422459893,0.05035650623885918,0.02094474153297683,0.2758467023172905,0.045454545454545456,0.03163992869875223,0.0374331550802139
0.1390960947784116,0.04168494953927161,0.025449758666081616,0.11671785870996051,0.031592803861342694,0.035980693286529176,0.028082492321193506,0.04782799473453269,0.020184291355857833,0.045634050021939446,0.05397103992979377,0.022378236068451074,0.2795085563843791,0.04168494953927161,0.03203159280386134,0.03817463799912242
0.14026548672566372,0.04026548672566372,0.02566371681415929,0.1172566371681416,0.034955752212389384,0.035398230088495575,0.03008849557522124,0.05,0.019469026548672566,0.04469026548672567,0.05265486725663717,0.024336283185840708,0.2756637168141593,0.04026548672566372,0.03008849557522124,0.03893805309734513
0.14260485651214128,0.04150110375275938,0.024724061810154525,0.11920529801324503,0.03708609271523179,0.03620309050772627,0.02869757174392936,0.04944812362030905,0.019426048565121413,0.04194260485651214,0.05033112582781457,0.022958057395143488,0.27549668874172184,0.04282560706401766,0.032229580573951436,0.03532008830022075
0.14260407440212577,0.04295837023914969,0.023472099202834367,0.11514614703277236,0.034100974313551816,0.03897254207263064,0.027015057573073518,0.05181576616474756,0.018600531443755536,0.043401240035429584,0.05225863596102746,0.023029229406554472,0.2736935341009743,0.04162976085031001,0.03587245349867139,0.0354295837023915
0.14482452243447358,0.04486894713460684,0.02265659706796979,0.11417147934251444,0.03243003109729009,0.03953798311861395,0.025322079075966238,0.04931141714793425,0.015992892047978675,0.04264771212794314,0.05286539315859618,0.023989338071968014,0.2807641048422923,0.03953798311861395,0.03509551310528654,0.03598400710795202
0.14204045734388743,0.04309586631486367,0.024626209322779244,0.11477572559366754,0.029463500439753737,0.03913808267370272,0.028583992963940194,0.04925241864555849,0.016270888302550572,0.044415127528583995,0.05408970976253298,0.025505716798592787,0.27924362357080035,0.040897097625329816,0.034740545294635,0.03386103781882146
0.14272930648769575,0.04429530201342282,0.024608501118568233,0.11543624161073826,0.03087248322147651,0.042058165548098436,0.028187919463087248,0.046085011185682326,0.01476510067114094,0.0447427293064877,0.05503355704697987,0.025503355704697986,0.27427293064876956,0.039373601789709174,0.03400447427293065,0.03803131991051454
0.1460473425636445,0.04242965609647164,0.025011165698972757,0.1062974542206342,0.030817329164805715,0.04242965609647164,0.026797677534613668,0.04689593568557392,0.01563197856185797,0.04421616793211255,0.05448861098704779,0.027244305493523895,0.27735596248325145,0.0401965163019205,0.03394372487717731,0.0401965163019205
0.14463176574977818,0.040372670807453416,0.024401064773735583,0.1064773735581189,0.030168589174800354,0.04214729370008873,0.024844720496894408,0.04480922803904171,0.016415261756876662,0.04569653948535936,0.05102040816326531,0.027506654835847383,0.28970718722271516,0.03948535936113576,0.034161490683229816,0.038154392191659274
0.14578689255461436,0.043245653143111906,0.0231832367365136,0.11056620597414177,0.029870708872046365,0.04101649576460098,0.024966562639322336,0.04502897904592064,0.017387427552385197,0.04279982166740972,0.051270619705751225,0.02630405706642889,0.28756130182790907,0.038341506910387874,0.03299152920196166,0.03967900133749443
0.13990321161460625,0.04267487901451826,0.02287725472943247,0.10998680158380994,0.03167619885613726,0.04179498460184778,0.025516937967443906,0.04355477342718874,0.01759788825340959,0.044434667839859214,0.05015398152221733,0.027716673999120107,0.29168499780026397,0.0387153541575011,0.031236251649802024,0.040475142982842056
0.14279379157427938,0.04611973392461197,0.022172949002217297,0.10909090909090909,0.03325942350332594,0.040798226164079826,0.02616407982261641,0.040354767184035474,0.015964523281596452,0.04567627494456763,0.05188470066518847,0.029711751662971176,0.2891352549889135,0.03813747228381375,0.028381374722838137,0.040354767184035474
0.14386584289496912,0.0498676081200353,0.018976169461606355,0.11032656663724624,0.03265666372462489,0.03751103265666372,0.027802294792586054,0.04324801412180053,0.01500441306266549,0.043689320388349516,0.05119152691968226,0.02912621359223301,0.28596646072374227,0.03927625772285966,0.03000882612533098,0.04148278905560459
