C_R,C_A,C_S,C_N,D_R,D_A,D_S,D_N,Oc_R,Oc_A,Oc_S,Oc_N,Od_R,Od_A,Od_S,Od_N
0.0,0.0,0.0,0.0,0.0,0.0,0.0,0.0,0.0,0.0,1.0,0.0,0.0,0.0,0.0,0.0
0.0,0.0,0.0,0.0,0.0,0.0,0.0,0.0,0.0,0.0,0.5,0.5,0.0,0.0,0.0,0.0
0.0,0.0,0.0,0.0,0.0,0.0,0.0,0.1111111111111111,0.0,0.0,0.4444444444444444,0.4444444444444444,0.0,0.0,0.0,0.0
0.0,0.0,0.0,0.05555555555555555,0.0,0.0,0.0,0.1111111111111111,0.0,0.0,0.3888888888888889,0.4444444444444444,0.0,0.0,0.0,0.0
0.0,0.0,0.0,0.03225806451612903,0.06451612903225806,0.0,0.0,0.0967741935483871,0.06451612903225806,0.0,0.3548387096774194,0.3870967741935484,0.0,0.0,0.0,0.0
0.0,0.017857142857142856,0.0,0.07142857142857142,0.03571428571428571,0.03571428571428571,0.0,0.08928571428571429,0.017857142857142856,0.0,0.32142857142857145,0.375,0.0,0.0,0.0,0.03571428571428571
0.047619047619047616,0.023809523809523808,0.0,0.05952380952380952,0.047619047619047616,0.011904761904761904,0.0,0.09523809523809523,0.011904761904761904,0.0,0.2857142857142857,0.3333333333333333,0.0,0.0,0.047619047619047616,0.03571428571428571
0.046875,0.015625,0.03125,0.046875,0.0703125,0.015625,0.0,0.0546875,0.0078125,0.0,0.3046875,0.3125,0.0078125,0.0,0.046875,0.0390625
0.05,0.011111111111111112,0.05,0.044444444444444446,0.08333333333333333,0.016666666666666666,0.011111111111111112,0.06666666666666667,0.016666666666666666,0.0,0.2777777777777778,0.2777777777777778,0.0,0.0,0.044444444444444446,0.05
0.03614457831325301,0.008032128514056224,0.060240963855421686,0.04417670682730924,0.08032128514056225,0.020080321285140562,0.020080321285140562,0.07630522088353414,0.0321285140562249,0.008032128514056224,0.23694779116465864,0.26104417670682734,0.004016064257028112,0.004016064257028112,0.05220883534136546,0.05622489959839357
0.04984423676012461,0.006230529595015576,0.06542056074766354,0.04672897196261682,0.08722741433021806,0.037383177570093455,0.018691588785046728,0.08099688473520249,0.059190031152647975,0.006230529595015576,0.205607476635514,0.21495327102803738,0.012461059190031152,0.006230529595015576,0.056074766355140186,0.04672897196261682
0.054245283018867926,0.018867924528301886,0.08254716981132075,0.04245283018867924,0.07547169811320754,0.04716981132075472,0.014150943396226415,0.08018867924528301,0.05188679245283019,0.0047169811320754715,0.1792452830188679,0.20754716981132076,0.0047169811320754715,0.014150943396226415,0.07783018867924528,0.04481132075471698
0.05018587360594796,0.03345724907063197,0.09293680297397769,0.03717472118959108,0.09107806691449814,0.05204460966542751,0.024163568773234202,0.0724907063197026,0.04275092936802974,0.0037174721189591076,0.15055762081784388,0.19330855018587362,0.013011152416356878,0.03345724907063197,0.06319702602230483,0.046468401486988845
0.045655375552282766,0.05154639175257732,0.09572901325478646,0.036818851251840944,0.09278350515463918,0.05743740795287187,0.027982326951399118,0.07069219440353461,0.035346097201767304,0.004418262150220913,0.13107511045655376,0.16642120765832105,0.007363770250368188,0.055964653902798235,0.06774668630338733,0.053019145802650956
0.047785547785547784,0.05827505827505827,0.10023310023310024,0.04312354312354312,0.09673659673659674,0.05827505827505827,0.03146853146853147,0.05710955710955711,0.03263403263403263,0.013986013986013986,0.12237762237762238,0.14801864801864803,0.008158508158508158,0.06060606060606061,0.0675990675990676,0.053613053613053616
0.038910505836575876,0.0651750972762646,0.10116731517509728,0.04377431906614786,0.09533073929961089,0.0622568093385214,0.03501945525291829,0.05642023346303502,0.038910505836575876,0.01556420233463035,0.11575875486381323,0.13424124513618677,0.011673151750972763,0.06906614785992218,0.06420233463035019,0.05252918287937743
0.03613445378151261,0.07899159663865546,0.11176470588235295,0.05042016806722689,0.09915966386554621,0.05798319327731093,0.03529411764705882,0.0546218487394958,0.04201680672268908,0.015966386554621848,0.11176470588235295,0.11512605042016806,0.009243697478991597,0.07226890756302522,0.06386554621848739,0.0453781512605042
0.03524229074889868,0.08002936857562408,0.11600587371512482,0.04919236417033774,0.10352422907488987,0.05800293685756241,0.03671071953010279,0.049926578560939794,0.04919236417033774,0.016886930983847283,0.10719530102790015,0.10205580029368576,0.010279001468428781,0.07342143906020558,0.06754772393538913,0.044787077826725405
0.0399737876802097,0.08650065530799476,0.11467889908256881,0.047182175622542594,0.0982961992136304,0.04980340760157274,0.04128440366972477,0.05111402359108781,0.05504587155963303,0.024246395806028834,0.10484927916120576,0.09501965923984272,0.009829619921363041,0.0655307994757536,0.0727391874180865,0.043905635648754916
0.0351728320194057,0.08489993935718618,0.11885991510006064,0.04244996967859309,0.09520921770770163,0.0545785324439054,0.04730139478471801,0.04608853850818678,0.05518496058217101,0.02971497877501516,0.10491206791995149,0.08126137052759248,0.013947847180109158,0.0661006670709521,0.07944208611279563,0.04487568223165555
0.031818181818181815,0.08693181818181818,0.11193181818181819,0.03465909090909091,0.09772727272727273,0.04715909090909091,0.05227272727272727,0.04943181818181818,0.06306818181818181,0.03295454545454545,0.10909090909090909,0.07215909090909091,0.020454545454545454,0.06875,0.07954545454545454,0.042045454545454546
0.027434104357181282,0.0849919311457773,0.11403980634749865,0.03442711135018827,0.09413663259817107,0.04195804195804196,0.055944055944055944,0.04410973641742873,0.07154384077461,0.03550295857988166,0.10758472296933835,0.07477138246369015,0.01828940290478752,0.06939214631522324,0.08122646584185046,0.04464766003227542
0.03028773346794548,0.08934881373043917,0.10853104492680464,0.034326097930338216,0.08632004038364463,0.04543160020191822,0.05350832912670368,0.043917213528520946,0.07723372034326098,0.03937405350832913,0.10903584048460374,0.07168096920747097,0.017163048965169108,0.06814740030287733,0.07824331145885917,0.04745078243311459
0.029640427599611274,0.08843537414965986,0.11321671525753159,0.03741496598639456,0.08114674441205054,0.04616132167152575,0.052478134110787174,0.04227405247813411,0.08211856171039844,0.043245869776482024,0.1054421768707483,0.06802721088435375,0.018950437317784258,0.06705539358600583,0.07968901846452867,0.04470359572400389
0.03031716417910448,0.09188432835820895,0.11613805970149253,0.041044776119402986,0.07555970149253731,0.04291044776119403,0.05457089552238806,0.042444029850746266,0.09001865671641791,0.043843283582089554,0.10121268656716417,0.06343283582089553,0.015391791044776119,0.06809701492537314,0.07742537313432836,0.0457089552238806
0.03502469690166143,0.0898069151324652,0.11270767849124383,0.03816793893129771,0.0709474629546475,0.042209250112258644,0.05657835653345308,0.04265828468792097,0.09699146834306241,0.0466995958688819,0.09968567579703637,0.060170633138751685,0.017512348450830714,0.06780422092501123,0.07992815446789403,0.0431073192635833
0.03484781649757389,0.0952801058667843,0.10983678870754301,0.04146449051610057,0.07146007940008822,0.04146449051610057,0.05822673136303485,0.04455227172474636,0.09572121746801941,0.0458756065284517,0.10013233348037054,0.056021173356859286,0.018526687251874726,0.06484340538156154,0.07895897662108513,0.04278782531980591
0.03577586206896552,0.1,0.10301724137931034,0.041379310344827586,0.06982758620689655,0.04482758620689655,0.0603448275862069,0.04224137931034483,0.09310344827586207,0.04827586206896552,0.0978448275862069,0.05603448275862069,0.019827586206896553,0.06551724137931035,0.08103448275862069,0.040948275862068964
0.032119914346895075,0.10364025695931478,0.10406852248394004,0.038115631691648826,0.06980728051391863,0.041113490364025694,0.06252676659528908,0.041541755888650965,0.09507494646680942,0.04753747323340471,0.09593147751605996,0.0569593147751606,0.021413276231263382,0.06552462526766595,0.08265524625267666,0.04197002141327623
0.030945315811784654,0.10512929207291224,0.11148791860958034,0.03815175922000848,0.07036880033912675,0.04027130139889784,0.06316235693090293,0.03984739296311997,0.08859686307757525,0.05129292072912251,0.09198813056379822,0.05510809665112336,0.022043238660449344,0.06316235693090293,0.08647732089868589,0.041966935142009325
0.030277185501066096,0.1091684434968017,0.11215351812366738,0.039232409381663114,0.07078891257995736,0.04221748400852878,0.06865671641791045,0.04093816631130064,0.088272921108742,0.04776119402985075,0.09125799573560768,0.05159914712153518,0.019189765458422176,0.057569296375266525,0.08742004264392324,0.04349680170575693
0.031209918768704575,0.1115861479264643,0.11970927746900385,0.03762291577597264,0.06968790081231295,0.0367678495083369,0.06797776827704147,0.03762291577597264,0.0867892261650278,0.046173578452330055,0.09149209063702438,0.05173150919196238,0.0235143223599829,0.05857203933304831,0.08507909362975631,0.04446344591705857
0.03065134099616858,0.10898254576415496,0.11962537249893572,0.037462750106428265,0.070242656449553,0.03959131545338442,0.070242656449553,0.038314176245210725,0.09025117071094083,0.04469987228607918,0.09067688378033206,0.05236270753512133,0.020434227330779056,0.05449127288207748,0.08641975308641975,0.04555129842486164
0.03059923501912452,0.11049723756906077,0.12239694007649808,0.037399065023374416,0.07607309817254569,0.040798980025499365,0.07054823629409265,0.03527411814704633,0.08712282192945177,0.044623884402889925,0.09349766255843604,0.04717382065448364,0.01827454313642159,0.05609859753506162,0.08754781130471738,0.04207394815129622
0.03419164204305614,0.11481637821865766,0.1198818066694808,0.0375685943436049,0.07724778387505277,0.04390037990713381,0.07007176023638666,0.03208104685521317,0.08780075981426762,0.04263402279442803,0.09455466441536513,0.04178978471929084,0.018573237653018153,0.050232165470662726,0.09075559307724779,0.04390037990713381
0.030238500851788756,0.1201022146507666,0.12180579216354344,0.03833049403747871,0.075809199318569,0.04557069846678024,0.07282793867120954,0.03492333901192504,0.08475298126064736,0.04131175468483816,0.09284497444633731,0.04131175468483816,0.01788756388415673,0.04386712095400341,0.09369676320272573,0.04471890971039182
0.030534351145038167,0.1263782866836302,0.12256149279050042,0.041560644614079725,0.07633587786259542,0.043256997455470736,0.07421543681085666,0.031806615776081425,0.08057675996607294,0.03816793893129771,0.09287531806615776,0.04410517387616624,0.016115351993214587,0.04198473282442748,0.09754028837998303,0.04198473282442748
0.030534351145038167,0.13146734520780323,0.12001696352841391,0.04410517387616624,0.07506361323155217,0.03859202714164546,0.07506361323155217,0.029686174724342665,0.0818490245971162,0.0364715860899067,0.09329940627650551,0.04792196776929601,0.017387616624257845,0.043256997455470736,0.09584393553859202,0.039440203562340966
0.030277185501066096,0.1300639658848614,0.12110874200426439,0.04392324093816631,0.07078891257995736,0.03880597014925373,0.0767590618336887,0.03710021321961621,0.08102345415778252,0.03582089552238806,0.09040511727078891,0.045202558635394456,0.014925373134328358,0.04307036247334755,0.09850746268656717,0.04221748400852878
0.028789161727349702,0.12828111769686706,0.11896697713801863,0.04360711261642676,0.08128704487722269,0.04022015241320914,0.08044030482641829,0.03767993226079593,0.07832345469940728,0.03471634208298052,0.0850973751058425,0.04699407281964437,0.015664690939881456,0.03895004233700254,0.09864521591871296,0.04233700254022015
0.02861952861952862,0.12962962962962962,0.12457912457912458,0.04377104377104377,0.08417508417508418,0.041245791245791245,0.07912457912457913,0.039141414141414144,0.07744107744107744,0.031144781144781145,0.08585858585858586,0.04671717171717172,0.015993265993265993,0.03493265993265993,0.09764309764309764,0.03998316498316498
0.02851153039832285,0.13039832285115305,0.12872117400419286,0.041928721174004195,0.08637316561844864,0.04109014675052411,0.07672955974842767,0.03731656184486373,0.08427672955974842,0.03270440251572327,0.08176100628930817,0.0440251572327044,0.013836477987421384,0.034381551362683435,0.09979035639412998,0.03815513626834382
0.030290281867900715,0.12957509465713082,0.13167858645351282,0.04291123264619268,0.08413967185527976,0.04122843920908709,0.0740429112326462,0.0370214556163231,0.08161548169962138,0.0344972654606647,0.08287757677745057,0.040387042490534285,0.015565839293226757,0.0370214556163231,0.10138830458561211,0.0357593605384939
0.027176220806794056,0.13121019108280255,0.12441613588110403,0.04416135881104034,0.0870488322717622,0.04373673036093418,0.07728237791932059,0.03397027600849257,0.08322717622080679,0.03397027600849257,0.08492569002123142,0.03906581740976645,0.01740976645435244,0.03694267515923567,0.09936305732484077,0.036093418259023353
0.026811897779639715,0.1365731043150398,0.12987012987012986,0.04189359028068706,0.08713866778382907,0.043150397989107664,0.0795978215333054,0.04105571847507331,0.07875994972769167,0.03309593632174277,0.08881441139505655,0.0427314620863008,0.01508169250104734,0.03602848764139087,0.09007121910347717,0.02932551319648094
0.028329809725158563,0.13742071881606766,0.13023255813953488,0.043551797040169135,0.0879492600422833,0.04143763213530655,0.07610993657505286,0.03805496828752643,0.07949260042283299,0.032135306553911204,0.09048625792811839,0.04566596194503171,0.013107822410147992,0.03636363636363636,0.08921775898520085,0.03044397463002114
0.02566259991586033,0.1363062684055532,0.12494741270509045,0.040387042490534285,0.08540176693310896,0.03996634413125789,0.08119478334034497,0.03912494741270509,0.08456037021455616,0.03323517038283551,0.08792595708876735,0.047959612957509466,0.015565839293226757,0.0344972654606647,0.08876735380732015,0.0344972654606647
0.026105263157894736,0.13726315789473684,0.12631578947368421,0.04252631578947368,0.08463157894736842,0.04042105263157895,0.09010526315789473,0.039578947368421054,0.07831578947368421,0.03326315789473684,0.08589473684210526,0.04421052631578947,0.01431578947368421,0.03494736842105263,0.0871578947368421,0.03494736842105263
0.023608768971332208,0.13743676222596965,0.12099494097807757,0.04173693086003373,0.08094435075885328,0.04384485666104553,0.09654300168634064,0.04173693086003373,0.08052276559865093,0.03456998313659359,0.0872681281618887,0.04131534569983136,0.016441821247892074,0.03499156829679595,0.08684654300168634,0.031197301854974706
0.024421052631578948,0.13936842105263159,0.11831578947368421,0.03621052631578947,0.08294736842105263,0.04336842105263158,0.09768421052631579,0.040842105263157895,0.08,0.03621052631578947,0.0871578947368421,0.039578947368421054,0.016842105263157894,0.04,0.08757894736842105,0.029473684210526315
0.025167785234899327,0.1401006711409396,0.11493288590604027,0.03481543624161074,0.087248322147651,0.041526845637583895,0.09563758389261745,0.03733221476510067,0.08053691275167785,0.03942953020134228,0.08431208053691275,0.04572147651006712,0.013422818791946308,0.040268456375838924,0.08976510067114093,0.02978187919463087
0.028499580888516344,0.13788767812238056,0.11190276613579211,0.03520536462699078,0.08633696563285834,0.04107292539815591,0.09681475272422464,0.03730092204526404,0.07753562447611065,0.039815590947191955,0.07963118189438391,0.04610226320201174,0.016764459346186086,0.041911148365465216,0.09262363788767812,0.030595138306789605
0.030814689742507388,0.1346559729843816,0.11312790206838329,0.038834951456310676,0.08526804558885606,0.03545799915576193,0.09624314056563951,0.03376952300548755,0.08231321232587589,0.04094554664415365,0.08273533136344449,0.046010975094976786,0.018995356690586745,0.04010130856901646,0.089489235964542,0.03123680878007598
0.027789473684210527,0.13642105263157894,0.11410526315789474,0.03915789473684211,0.08463157894736842,0.03873684210526316,0.09768421052631579,0.031578947368421054,0.08547368421052631,0.04126315789473684,0.08463157894736842,0.043789473684210524,0.016,0.04126315789473684,0.08926315789473684,0.028210526315789474
0.02644836272040302,0.13476070528967254,0.11838790931989925,0.04030226700251889,0.08312342569269521,0.042821158690176324,0.09697732997481108,0.028967254408060455,0.08354324097397145,0.04324097397145256,0.08144416456759027,0.044920235096557515,0.015113350125944584,0.04114189756507137,0.09109991603694374,0.027707808564231738
0.03018867924528302,0.1329140461215933,0.11949685534591195,0.03857442348008386,0.08469601677148847,0.042348008385744235,0.0989517819706499,0.031446540880503145,0.0779874213836478,0.0440251572327044,0.07882599580712789,0.041928721174004195,0.013836477987421384,0.045283018867924525,0.09266247379454927,0.026834381551362682
0.031197301854974706,0.13490725126475547,0.1163575042158516,0.03625632377740304,0.09106239460370995,0.03962900505902192,0.09865092748735245,0.03035413153456998,0.07546374367622259,0.04258010118043845,0.08220910623946037,0.04131534569983136,0.013490725126475547,0.04426644182124789,0.09232715008431704,0.02993254637436762
0.03107937841243175,0.13229735405291895,0.1129777404451911,0.03359932801343973,0.09617807643847123,0.04283914321713566,0.09659806803863923,0.027299454010919783,0.07517849643007139,0.04115917681646367,0.08819823603527929,0.04115917681646367,0.015959680806383873,0.04283914321713566,0.09281814363712726,0.02981940361192776
0.027276542173730593,0.1292488459924465,0.10952580780528745,0.03776751993285774,0.09777591271506504,0.044481745698699116,0.09567771716323961,0.030214015946286196,0.07595467897608058,0.04280318925723878,0.08854385228703315,0.04280318925723878,0.01049097775912715,0.03944607637431809,0.09483843894250944,0.0331514897188418
0.031184155077960386,0.12895069532237674,0.1125158027812895,0.03497682258744206,0.09734513274336283,0.045512010113780026,0.09776654024441635,0.025705857564264644,0.07163927517909818,0.04298356510745891,0.0876527602191319,0.044669195111672985,0.011378002528445006,0.03961230509903076,0.09734513274336283,0.03076274757690687
0.030569514237855946,0.12897822445561138,0.11055276381909548,0.038525963149078725,0.09547738693467336,0.05150753768844221,0.09631490787269682,0.02386934673366834,0.0728643216080402,0.042294807370184255,0.08752093802345058,0.046063651591289785,0.012144053601340033,0.039782244556113906,0.09505862646566164,0.02847571189279732
0.028174936921783012,0.13162321278385197,0.11732548359966358,0.034482758620689655,0.095878889823381,0.050462573591253154,0.095878889823381,0.024390243902439025,0.07317073170731707,0.04415475189234651,0.08662741799831791,0.04205214465937763,0.014297729184188394,0.03784693019343986,0.09629941126997477,0.027333894028595457
0.029190992493744787,0.13261050875729774,0.11551292743953294,0.03669724770642202,0.09382819015846539,0.045871559633027525,0.09174311926605505,0.02585487906588824,0.07381150959132611,0.045871559633027525,0.08381984987489574,0.043786488740617184,0.016680567139282735,0.03711426188490409,0.09966638865721435,0.02793994995829858
0.030827702702702704,0.13640202702702703,0.11697635135135136,0.036317567567567564,0.09163851351351351,0.04054054054054054,0.08699324324324324,0.02787162162162162,0.0777027027027027,0.044763513513513514,0.08657094594594594,0.04560810810810811,0.013513513513513514,0.03800675675675676,0.09543918918918919,0.030827702702702704
0.030508474576271188,0.13644067796610168,0.11228813559322035,0.03474576271186441,0.09152542372881356,0.03728813559322034,0.08940677966101696,0.02923728813559322,0.08305084745762711,0.04745762711864407,0.08813559322033898,0.043220338983050846,0.013559322033898305,0.036440677966101696,0.09533898305084745,0.03135593220338983
0.028068705488060328,0.14327607875994972,0.11269375785504818,0.03435274403016338,0.08630079597821533,0.04105571847507331,0.09174696271470464,0.028906577293674067,0.0795978215333054,0.04775869291998324,0.08881441139505655,0.041474654377880185,0.01466275659824047,0.03225806451612903,0.09593632174277336,0.03309593632174277
0.028930817610062894,0.14088050314465408,0.11530398322851153,0.03480083857442348,0.07966457023060797,0.04150943396226415,0.09769392033542977,0.02851153039832285,0.08259958071278826,0.04737945492662474,0.0880503144654088,0.0440251572327044,0.0129979035639413,0.033542976939203356,0.0909853249475891,0.03312368972746331
0.027707808564231738,0.13811922753988246,0.11251049538203191,0.03400503778337532,0.08102434928631402,0.04240134340890008,0.09613769941225861,0.03232577665827036,0.08480268681780016,0.044920235096557515,0.09193954659949623,0.04324097397145256,0.014693534844668345,0.03316540722082284,0.09109991603694374,0.03190596137699412
0.028281975517095822,0.13845504432249894,0.11734909244406923,0.03123680878007598,0.07893626002532714,0.04178978471929084,0.09117771211481637,0.03292528493035036,0.08569016462642465,0.04263402279442803,0.09371042634022794,0.04432249894470241,0.014352047277332207,0.03123680878007598,0.09371042634022794,0.03419164204305614
0.02532714225411566,0.14267623469818488,0.12283663993246095,0.034613761080624736,0.0751371886872098,0.0375685943436049,0.09455466441536513,0.02912621359223301,0.08695652173913043,0.046010975094976786,0.09286618826509076,0.038412832418742084,0.01561840439003799,0.031658927817644573,0.09286618826509076,0.03376952300548755
0.02267954640907182,0.14573708525829485,0.12137757244855103,0.03821923561528769,0.07685846283074338,0.03989920201595968,0.0986980260394792,0.029399412011759767,0.08357832843343133,0.041999160016799666,0.09029819403611927,0.03863922721545569,0.01385972280554389,0.03107937841243175,0.09659806803863923,0.03107937841243175
0.02137468566638726,0.1437552388935457,0.11944677284157586,0.03101424979044426,0.08172673931265717,0.04358759430008382,0.09555741827326068,0.03227158424140821,0.08717518860016764,0.039396479463537304,0.08885163453478626,0.041492036881810565,0.012573344509639563,0.03269069572506287,0.09681475272422464,0.03227158424140821
0.02269861286254729,0.13829340058848255,0.1210592686002522,0.031525851197982346,0.07986548970155527,0.04455653635981505,0.09331651954602774,0.031105506515342583,0.09121479613282892,0.044136191677175286,0.08532997057587222,0.0403530895334174,0.01639344262295082,0.031946195880622114,0.09583858764186633,0.032366540563261874
0.0194585448392555,0.1455160744500846,0.1218274111675127,0.031302876480541454,0.08206429780033841,0.046531302876480544,0.09094754653130288,0.03003384094754653,0.09137055837563451,0.043993231810490696,0.08883248730964467,0.03934010152284264,0.014805414551607445,0.032148900169204735,0.0892554991539763,0.03257191201353638
0.022878535773710483,0.1447587354409318,0.1218801996672213,0.032029950083194675,0.0819467554076539,0.04742096505823627,0.08860232945091515,0.029950083194675542,0.08985024958402663,0.04076539101497504,0.0894342762063228,0.039101497504159734,0.016638935108153077,0.03119800332778702,0.08777038269550749,0.03577371048252912
0.022043238660449344,0.14921576939381093,0.11996608732513778,0.03009749894022891,0.0877490462060195,0.04281475201356507,0.09241203899957609,0.028825773632895294,0.09241203899957609,0.04154302670623145,0.08902077151335312,0.03603221704111912,0.01483679525222552,0.03391267486222976,0.08435777871979652,0.0347604917337855
0.02324598478444632,0.15384615384615385,0.12299239222316145,0.026627218934911243,0.08326289095519865,0.04353338968723584,0.09213863060016907,0.027895181741335588,0.09129332206255283,0.04015215553677092,0.08664412510566356,0.036770921386306,0.011834319526627219,0.03761622992392223,0.08537616229923922,0.036770921386306
0.023608768971332208,0.1551433389544688,0.1218381112984823,0.02866779089376054,0.08431703204047218,0.04300168634064081,0.09527824620573355,0.0290893760539629,0.0906408094435076,0.04426644182124789,0.07967959527824621,0.03625632377740304,0.011804384485666104,0.03625632377740304,0.08895446880269814,0.031197301854974706
0.02097315436241611,0.1476510067114094,0.12583892617449666,0.026845637583892617,0.08305369127516779,0.04488255033557047,0.09479865771812081,0.03229865771812081,0.09060402684563758,0.04614093959731544,0.08305369127516779,0.033976510067114093,0.012164429530201342,0.03481543624161074,0.0910234899328859,0.031879194630872486
0.021437578814627996,0.14627994955863807,0.12526271542664985,0.027742749054224466,0.08575031525851198,0.0403530895334174,0.08953341740226986,0.03026481715006305,0.09331651954602774,0.04833963850357293,0.08490962589323245,0.03656998738965952,0.013451029844472467,0.03530895334174023,0.09247583018074822,0.029003783102143757
0.022120200333889815,0.14732888146911519,0.12646076794657762,0.02963272120200334,0.08722871452420701,0.03964941569282137,0.08806343906510851,0.031302170283806344,0.08764607679465776,0.045909849749582635,0.08096828046744574,0.04006677796327212,0.014190317195325543,0.034223706176961605,0.09140233722871452,0.03380634390651085
0.024207011686143573,0.14440734557595994,0.12604340567612687,0.027545909849749584,0.09140233722871452,0.040901502504173626,0.08555926544240401,0.03171953255425709,0.08764607679465776,0.045909849749582635,0.08138564273789649,0.040901502504173626,0.011686143572621035,0.03672787979966611,0.08889816360601002,0.035058430717863104
0.026061370323665407,0.14165615804960066,0.12274064733081126,0.0273224043715847,0.09289617486338798,0.0403530895334174,0.08869272803699033,0.029003783102143757,0.09121479613282892,0.04329550231189575,0.08028583438419504,0.04119377889869693,0.013451029844472467,0.03614964270701976,0.08995376208490963,0.03572929802437999
0.024706867671691793,0.1390284757118928,0.12185929648241206,0.03015075376884422,0.0942211055276382,0.038525963149078725,0.08584589614740369,0.031407035175879394,0.09380234505862646,0.04187604690117253,0.0829145728643216,0.04103852596314908,0.01675041876046901,0.0364321608040201,0.08668341708542714,0.0347571189279732
0.0259958071278826,0.14171907756813418,0.1148846960167715,0.029769392033542976,0.09182389937106918,0.03731656184486373,0.08721174004192872,0.03270440251572327,0.09140461215932914,0.039412997903563944,0.07966457023060797,0.039832285115303984,0.02180293501048218,0.03857442348008386,0.09224318658280922,0.03563941299790356
0.02897942041159177,0.13943721125577488,0.1129777404451911,0.02645947081058379,0.09071818563628728,0.04073918521629567,0.08819823603527929,0.03233935321293574,0.09491810163796724,0.03863922721545569,0.08315833683326333,0.03863922721545569,0.023519529609407813,0.034019319613607726,0.09071818563628728,0.036539269214615706
0.02780117944397641,0.14279696714406065,0.11331086773378264,0.02906486941870261,0.08930075821398484,0.039174389216512215,0.08424599831508003,0.031171019376579612,0.09267059814658804,0.040859309182813816,0.08256107834877843,0.04465037910699242,0.020219039595619208,0.03327716933445661,0.09267059814658804,0.03622577927548441
0.024288107202680067,0.14782244556113902,0.11180904522613065,0.028894472361809045,0.08961474036850921,0.0414572864321608,0.08668341708542714,0.032244556113902846,0.09296482412060302,0.04020100502512563,0.08082077051926298,0.042294807370184255,0.020938023450586266,0.032244556113902846,0.09212730318257957,0.03559463986599665
0.02137468566638726,0.15171835708298406,0.10729253981559095,0.03478625314333613,0.09136630343671416,0.04442581726739313,0.08717518860016764,0.03143336127409891,0.08968985750209556,0.03730092204526404,0.08214585079631181,0.041911148365465216,0.02179379715004191,0.029756915339480303,0.09304274937133278,0.03478625314333613
0.020727580372250424,0.15016920473773265,0.11040609137055837,0.0338409475465313,0.09137055837563451,0.04272419627749577,0.08333333333333333,0.032148900169204735,0.09390862944162437,0.03468697123519458,0.0850253807106599,0.04145516074450085,0.01649746192893401,0.03257191201353638,0.09729272419627749,0.0338409475465313
0.01936026936026936,0.1473063973063973,0.11405723905723905,0.03535353535353535,0.09301346801346802,0.039141414141414144,0.08417508417508418,0.03198653198653199,0.09132996632996633,0.03409090909090909,0.08712121212121213,0.039141414141414144,0.016414141414141416,0.03409090909090909,0.09806397306397306,0.03535353535353535
0.02342116269343371,0.15140108741112504,0.11543287327478043,0.03094939355918026,0.08741112505227938,0.040568799665411964,0.08448347971560016,0.03304056879966541,0.0945211208699289,0.03220409870347135,0.0861564199079883,0.03805938937682978,0.014219991635299039,0.03596821413634463,0.09744876620660811,0.034713508992053534
0.020502092050209204,0.15481171548117154,0.11464435146443515,0.03305439330543933,0.08326359832635984,0.042677824267782424,0.08828451882845188,0.031799163179916316,0.09288702928870293,0.03096234309623431,0.08493723849372385,0.037238493723849374,0.01715481171548117,0.03305439330543933,0.10376569037656903,0.03096234309623431
0.0212588578574406,0.14589412255106293,0.11671529804085036,0.03167986661108795,0.08920383493122135,0.04710295956648604,0.08878699458107545,0.030846185910796166,0.0921217173822426,0.03334722801167153,0.0850354314297624,0.03668195081283868,0.01625677365568987,0.03668195081283868,0.09837432263443101,0.030012505210504376
0.022783761391880698,0.14250207125103562,0.11391880695940348,0.03106876553438277,0.08989229494614748,0.04515327257663629,0.09154929577464789,0.03231151615575808,0.08989229494614748,0.0343827671913836,0.08823529411764706,0.035211267605633804,0.01739850869925435,0.03811101905550953,0.09776304888152444,0.029826014913007456
0.025533696107157805,0.1398074508162411,0.11511092507325241,0.03390539974884889,0.08999581414817916,0.043532858936793636,0.09334449560485558,0.037672666387609875,0.08748430305567183,0.033068229384679786,0.08622854750941816,0.039347007115948095,0.01506906655504395,0.03599832565927166,0.0950188363331938,0.02888237756383424
0.028547439126784216,0.1330814441645676,0.117968094038623,0.033585222502099076,0.08144416456759027,0.039882451721242655,0.09613769941225861,0.036943744752308987,0.08858102434928632,0.03484466834592779,0.08858102434928632,0.03946263643996641,0.016792611251049538,0.036523929471032744,0.09949622166246852,0.028127623845507977
0.030910609857978277,0.12823725981620718,0.11570593149540517,0.03592314118629908,0.08020050125313283,0.03926482873851295,0.09314954051796157,0.036758563074352546,0.09273182957393483,0.03216374269005848,0.0935672514619883,0.03926482873851295,0.01796157059314954,0.03759398496240601,0.10066833751044277,0.025898078529657476
0.030290281867900715,0.13504417332772403,0.11485065208245687,0.034917963819941104,0.07656710138830458,0.04080774084981069,0.09255363904080774,0.03912494741270509,0.09129154396297855,0.03197307530500631,0.08918805216659655,0.03786285233487589,0.01851072780816155,0.04122843920908709,0.09718132099284812,0.02860748843079512
0.03309593632174277,0.1365731043150398,0.11353162966066192,0.04398826979472141,0.08043569333891915,0.038542103058232094,0.08671973188102221,0.03770423125261835,0.09258483452031839,0.03309593632174277,0.08881441139505655,0.03896103896103896,0.015919564306661083,0.03602848764139087,0.093841642228739,0.03016338500209468
0.0364321608040201,0.13944723618090452,0.1159966499162479,0.03685092127303183,0.0829145728643216,0.038525963149078725,0.08835845896147404,0.04271356783919598,0.09170854271356783,0.03098827470686767,0.08793969849246232,0.036013400335008376,0.015494137353433836,0.03433835845896147,0.09254606365159129,0.029731993299832497
0.033375580904098014,0.1394169835234474,0.11533586818757921,0.04013519222644698,0.08365019011406843,0.03760033798056612,0.09083227714406422,0.0409801436417406,0.09378960709759189,0.03633291085762569,0.08956485002112378,0.037177862272919304,0.016476552598225603,0.030418250950570342,0.08914237431347698,0.02577101816645543
0.029448885149347917,0.1400925536390408,0.11863693731594446,0.038704249053428695,0.08413967185527976,0.038704249053428695,0.09213294068153134,0.036600757257046694,0.09129154396297855,0.0340765671013883,0.09549852755574254,0.032393773664282706,0.016827934371055953,0.02902818679007152,0.09255363904080774,0.029869583508624318
0.02654867256637168,0.14201432785503582,0.1167298777918247,0.04087652760219132,0.0876527602191319,0.03750526759376317,0.09186683522966708,0.03497682258744206,0.08933839022334597,0.033291192583227984,0.0965023177412558,0.03286978508217446,0.01685630004214075,0.03076274757690687,0.09355246523388117,0.028655710071639275
0.026526315789473683,0.1423157894736842,0.11452631578947368,0.04168421052631579,0.08673684210526315,0.03873684210526316,0.09515789473684211,0.03494736842105263,0.09136842105263158,0.030736842105263156,0.09515789473684211,0.029052631578947368,0.01726315789473684,0.029473684210526315,0.09473684210526316,0.031578947368421054
0.025,0.14541666666666667,0.11125,0.042083333333333334,0.09208333333333334,0.03625,0.0925,0.034166666666666665,0.09166666666666666,0.030416666666666668,0.09625,0.029583333333333333,0.015416666666666667,0.028333333333333332,0.09791666666666667,0.03166666666666667
0.02875,0.15041666666666667,0.11166666666666666,0.043333333333333335,0.0925,0.03333333333333333,0.08916666666666667,0.03375,0.09333333333333334,0.029166666666666667,0.09791666666666667,0.034583333333333334,0.015,0.02125,0.0975,0.028333333333333332
0.030710980227177113,0.14850652082456878,0.1081194783340345,0.044173327724021876,0.09297433740008414,0.0353386621792175,0.09129154396297855,0.032393773664282706,0.09171224232225494,0.03197307530500631,0.09423643247791334,0.0361800588977703,0.015145140933950358,0.019352124526714348,0.09886411442995373,0.02902818679007152
0.03208333333333333,0.15083333333333335,0.10625,0.04625,0.08958333333333333,0.0325,0.09125,0.029166666666666667,0.08625,0.035416666666666666,0.09625,0.03791666666666667,0.01625,0.020416666666666666,0.09708333333333333,0.0325
0.030723905723905723,0.14856902356902357,0.11069023569023569,0.04755892255892256,0.09301346801346802,0.03156565656565657,0.08922558922558922,0.031144781144781145,0.08838383838383838,0.03324915824915825,0.09301346801346802,0.03409090909090909,0.015572390572390573,0.023989898989898988,0.09595959595959595,0.03324915824915825
0.03121045972163644,0.14803880219316745,0.11176718684099536,0.044706874736398144,0.0915225643188528,0.03331927456769296,0.08941374947279629,0.03205398566005905,0.08350906790383804,0.03458456347532687,0.09278785322648671,0.03289751159848165,0.013074652045550401,0.026149304091100802,0.10037958667229017,0.03458456347532687
0.02869198312236287,0.15232067510548522,0.11265822784810127,0.038818565400843885,0.08987341772151898,0.03375527426160337,0.08945147679324894,0.036286919831223625,0.08565400843881857,0.035864978902953586,0.09156118143459915,0.029535864978902954,0.017721518987341773,0.027848101265822784,0.09873417721518987,0.031223628691983123
0.028413910093299407,0.15521628498727735,0.10983884648006785,0.037743850720949955,0.08821034775233248,0.03435114503816794,0.09117896522476675,0.03435114503816794,0.08608990670059373,0.031382527565733676,0.09541984732824428,0.030110262934690414,0.015691263782866838,0.030110262934690414,0.09881255301102629,0.03307888040712468
0.028234302570585755,0.15465655288664137,0.10619469026548672,0.03750526759376317,0.09355246523388117,0.03413400758533502,0.09060261272650653,0.03286978508217446,0.08807416772018542,0.0337126000842815,0.0943952802359882,0.031184155077960386,0.01390644753476612,0.034555415086388534,0.09818794774546986,0.028234302570585755
0.028846153846153848,0.1496655518394649,0.10994983277591973,0.03804347826086957,0.09448160535117058,0.0338628762541806,0.09155518394648829,0.0338628762541806,0.08737458193979933,0.03469899665551839,0.0907190635451505,0.032190635451505016,0.015468227424749164,0.03302675585284281,0.09615384615384616,0.030100334448160536
0.025295109612141653,0.14966273187183812,0.11256323777403035,0.03541315345699832,0.09443507588532883,0.03288364249578415,0.0948566610455312,0.03541315345699832,0.08558178752107926,0.03499156829679595,0.09190556492411467,0.03330522765598651,0.017284991568296795,0.03204047217537943,0.09527824620573355,0.0290893760539629
0.02433906840117499,0.14855224506924045,0.11246328157784305,0.03566932438103231,0.09651699538396978,0.0331514897188418,0.09651699538396978,0.03734788082249266,0.08560637851447755,0.03441040704993705,0.08938313050776332,0.03273185060847671,0.015107007973143098,0.03357112882920688,0.09399916072177927,0.03063365505665128
0.026017624842635333,0.1443558539655896,0.11498111624003357,0.03399076793957197,0.0994544691565254,0.031053294167016365,0.09525807805287453,0.03566932438103231,0.0839278220730172,0.03273185060847671,0.08896349139739823,0.03357112882920688,0.01594628619387327,0.03566932438103231,0.09735627360469996,0.031053294167016365
0.028523489932885907,0.1455536912751678,0.11996644295302013,0.031459731543624164,0.09479865771812081,0.03313758389261745,0.09144295302013423,0.03271812080536913,0.08137583892617449,0.03607382550335571,0.09354026845637584,0.03481543624161074,0.015939597315436243,0.03355704697986577,0.09605704697986577,0.03104026845637584
0.0332072299285414,0.15216477511559479,0.12021857923497267,0.029003783102143757,0.09079445145018916,0.03488860865910046,0.08532997057587222,0.032366540563261874,0.08490962589323245,0.03488860865910046,0.0949978982765868,0.03488860865910046,0.015552753257671291,0.031525851197982346,0.0949978982765868,0.03026481715006305
0.02978187919463087,0.15016778523489932,0.11786912751677853,0.02978187919463087,0.09186241610738255,0.03649328859060403,0.08557046979865772,0.028942953020134228,0.087248322147651,0.03565436241610738,0.09270134228187919,0.03271812080536913,0.01761744966442953,0.033976510067114093,0.09815436241610738,0.031459731543624164
0.029707112970711297,0.15104602510460252,0.12259414225941423,0.033891213389121336,0.08912133891213389,0.030543933054393305,0.08535564853556485,0.029707112970711297,0.08410041841004184,0.03682008368200837,0.09246861924686192,0.03221757322175732,0.01799163179916318,0.0397489539748954,0.09330543933054393,0.03138075313807531
0.02824620573355818,0.15134907251264756,0.12141652613827993,0.0366779089376054,0.0893760539629005,0.030775716694772345,0.08979763912310287,0.02866779089376054,0.08305227655986509,0.0366779089376054,0.09569983136593592,0.02866779089376054,0.016863406408094434,0.03625632377740304,0.0948566610455312,0.031618887015177066
0.026526315789473683,0.15326315789473685,0.12421052631578948,0.037894736842105266,0.08842105263157894,0.03242105263157895,0.088,0.02863157894736842,0.08294736842105263,0.03747368421052632,0.09389473684210527,0.030736842105263156,0.014736842105263158,0.03663157894736842,0.09347368421052632,0.030736842105263156
0.023089840470193114,0.15533165407220823,0.1255247691015953,0.03736356003358522,0.08774139378673383,0.03484466834592779,0.08606213266162889,0.03232577665827036,0.08228379513014274,0.036523929471032744,0.08858102434928632,0.035684298908480266,0.013853904282115869,0.03736356003358522,0.09445843828715365,0.028967254408060455
0.022708158116063918,0.15349032800672835,0.1261564339781329,0.0336417157275021,0.08830950378469302,0.0336417157275021,0.0870479394449117,0.03153910849453322,0.08074011774600505,0.03868797308662742,0.08620689655172414,0.037426408746846086,0.015138772077375946,0.03868797308662742,0.09503784693019345,0.03153910849453322
0.023450586264656615,0.15326633165829145,0.12185929648241206,0.0364321608040201,0.08626465661641541,0.036013400335008376,0.08500837520938023,0.036013400335008376,0.08040201005025126,0.038525963149078725,0.09045226130653267,0.036013400335008376,0.016331658291457288,0.0364321608040201,0.09547738693467336,0.028056951423785594
0.019831223628691982,0.150210970464135,0.12236286919831224,0.035864978902953586,0.08607594936708861,0.03459915611814346,0.08987341772151898,0.03755274261603375,0.08185654008438818,0.03670886075949367,0.08987341772151898,0.0379746835443038,0.016033755274261603,0.038818565400843885,0.09620253164556962,0.026160337552742614
0.021839563208735827,0.1482570348593028,0.12053758924821503,0.03359932801343973,0.08357832843343133,0.03317933641327173,0.08567828643427132,0.03317933641327173,0.08483830323393532,0.039479210415791686,0.09281814363712726,0.04367912641747165,0.015119697606047878,0.0373792524149517,0.09827803443931121,0.028559428811423773
