C_R,C_A,C_S,C_N,D_R,D_A,D_S,D_N,Oc_R,Oc_A,Oc_S,Oc_N,Od_R,Od_A,Od_S,Od_N
0.0,0.0,0.0,0.0,0.0,0.0,0.0,0.0,0.0,0.0,1.0,0.0,0.0,0.0,0.0,0.0
0.5,0.0,0.0,0.0,0.0,0.0,0.0,0.0,0.0,0.0,0.5,0.0,0.0,0.0,0.0,0.0
0.25,0.0,0.0,0.0,0.0,0.0,0.0,0.0,0.0,0.0,0.25,0.0,0.0,0.5,0.0,0.0
0.42857142857142855,0.0,0.0,0.0,0.0,0.0,0.0,0.0,0.0,0.0,0.14285714285714285,0.0,0.0,0.42857142857142855,0.0,0.0
0.4444444444444444,0.0,0.0,0.0,0.0,0.0,0.0,0.0,0.0,0.0,0.1111111111111111,0.0,0.1111111111111111,0.3333333333333333,0.0,0.0
0.46153846153846156,0.0,0.0,0.0,0.0,0.07692307692307693,0.0,0.0,0.0,0.0,0.07692307692307693,0.0,0.07692307692307693,0.3076923076923077,0.0,0.0
0.4,0.0,0.0,0.05,0.0,0.05,0.0,0.0,0.0,0.0,0.15,0.0,0.05,0.3,0.0,0.0
0.43333333333333335,0.0,0.0,0.03333333333333333,0.0,0.03333333333333333,0.0,0.0,0.0,0.0,0.13333333333333333,0.0,0.06666666666666667,0.3,0.0,0.0
0.4,0.0,0.0,0.044444444444444446,0.0,0.044444444444444446,0.0,0.0,0.0,0.0,0.06666666666666667,0.0,0.13333333333333333,0.3111111111111111,0.0,0.0
0.410958904109589,0.0,0.0,0.0547945205479452,0.0,0.0410958904109589,0.0,0.0,0.0,0.0,0.0547945205479452,0.0136986301369863,0.1506849315068493,0.273972602739726,0.0,0.0
0.4,0.0,0.0,0.06363636363636363,0.0,0.045454545454545456,0.0,0.0,0.0,0.0,0.02727272727272727,0.01818181818181818,0.17272727272727273,0.2545454545454545,0.0,0.01818181818181818
0.4,0.0,0.0,0.0625,0.00625,0.04375,0.0,0.0,0.0,0.0,0.01875,0.025,0.2125,0.20625,0.0,0.025
0.3761904761904762,0.0,0.0,0.0761904761904762,0.004761904761904762,0.02857142857142857,0.004761904761904762,0.009523809523809525,0.0,0.004761904761904762,0.023809523809523808,0.03333333333333333,0.22857142857142856,0.1761904761904762,0.004761904761904762,0.02857142857142857
0.35661764705882354,0.0,0.0,0.08088235294117647,0.007352941176470588,0.03676470588235294,0.003676470588235294,0.014705882352941176,0.0,0.003676470588235294,0.01838235294117647,0.04044117647058824,0.23897058823529413,0.15808823529411764,0.003676470588235294,0.03676470588235294
0.3560830860534125,0.0,0.0,0.08902077151335312,0.005934718100890208,0.04747774480712166,0.002967359050445104,0.017804154302670624,0.0,0.002967359050445104,0.017804154302670624,0.04154302670623145,0.228486646884273,0.142433234421365,0.005934718100890208,0.04154302670623145
0.3404255319148936,0.004728132387706856,0.0,0.0851063829787234,0.004728132387706856,0.054373522458628844,0.004728132387706856,0.016548463356973995,0.0,0.002364066193853428,0.01182033096926714,0.05200945626477541,0.2293144208037825,0.14657210401891252,0.004728132387706856,0.0425531914893617
0.3405511811023622,0.005905511811023622,0.0,0.08070866141732283,0.003937007874015748,0.06496062992125984,0.001968503937007874,0.017716535433070866,0.0,0.001968503937007874,0.013779527559055118,0.0531496062992126,0.2263779527559055,0.1377952755905512,0.005905511811023622,0.045275590551181105
0.33112582781456956,0.004966887417218543,0.0,0.08112582781456953,0.0033112582781456954,0.07119205298013245,0.0016556291390728477,0.02152317880794702,0.0,0.0016556291390728477,0.013245033112582781,0.061258278145695365,0.22682119205298013,0.1291390728476821,0.006622516556291391,0.046357615894039736
0.32324621733149933,0.0041265474552957355,0.002751031636863824,0.08253094910591471,0.002751031636863824,0.07565337001375516,0.0,0.01925722145804677,0.0,0.001375515818431912,0.012379642365887207,0.06740027510316368,0.24484181568088034,0.11004126547455295,0.008253094910591471,0.0453920220082531
0.3177142857142857,0.006857142857142857,0.0034285714285714284,0.08342857142857144,0.0034285714285714284,0.07314285714285715,0.0,0.018285714285714287,0.0,0.001142857142857143,0.009142857142857144,0.06628571428571428,0.248,0.11314285714285714,0.010285714285714285,0.045714285714285714
0.30844793713163066,0.007858546168958742,0.003929273084479371,0.08546168958742632,0.0029469548133595285,0.07858546168958742,0.0,0.019646365422396856,0.0009823182711198428,0.0019646365422396855,0.007858546168958742,0.0756385068762279,0.24656188605108054,0.1031434184675835,0.010805500982318271,0.04616895874263261
0.3025064822817632,0.010371650821089023,0.0025929127052722557,0.0847018150388937,0.0025929127052722557,0.08210890233362143,0.001728608470181504,0.01901469317199654,0.000864304235090752,0.001728608470181504,0.006050129645635264,0.07346585998271392,0.2480553154710458,0.10544511668107173,0.010371650821089023,0.04840103716508211
0.3006885998469778,0.010711553175210406,0.00306044376434583,0.09181331293037491,0.0022953328232593728,0.08339709257842387,0.001530221882172915,0.019127773527161437,0.0,0.001530221882172915,0.005355776587605203,0.07345065034429993,0.24636572302983933,0.10252486610558531,0.008416220351951033,0.04973221117061974
0.29936753338018274,0.009135628952916374,0.0028109627547434997,0.09346451159522136,0.0028109627547434997,0.08081517919887561,0.0021082220660576245,0.020379479971890373,0.0,0.0021082220660576245,0.0035137034434293743,0.07870695713281799,0.2466619817287421,0.09838369641602249,0.008432888264230498,0.05130007027406887
0.30402010050251255,0.008793969849246231,0.00314070351758794,0.0942211055276382,0.00314070351758794,0.08668341708542714,0.0018844221105527637,0.022613065326633167,0.000628140703517588,0.002512562814070352,0.005653266331658292,0.0728643216080402,0.23806532663316582,0.0986180904522613,0.00628140703517588,0.05087939698492462
0.30318840579710143,0.008695652173913044,0.002318840579710145,0.09913043478260869,0.0034782608695652175,0.08463768115942029,0.002318840579710145,0.025507246376811593,0.0017391304347826088,0.002898550724637681,0.00463768115942029,0.07304347826086957,0.24057971014492754,0.0944927536231884,0.0052173913043478265,0.04811594202898551
0.3047619047619048,0.0068783068783068784,0.003703703703703704,0.09841269841269841,0.0031746031746031746,0.08783068783068783,0.0026455026455026454,0.027513227513227514,0.0015873015873015873,0.003703703703703704,0.005291005291005291,0.07354497354497354,0.23597883597883598,0.08783068783068783,0.004761904761904762,0.05238095238095238
0.30479960415635826,0.005937654626422563,0.004948045522018802,0.10192973775358734,0.004948045522018802,0.0900544285007422,0.0019792182088075212,0.030183077684314694,0.002474022761009401,0.0054428500742206825,0.007422068283028204,0.07174666006927263,0.22513607125185553,0.08560118753092529,0.0054428500742206825,0.05195447798119743
0.3045977011494253,0.005747126436781609,0.005747126436781609,0.1082375478927203,0.006226053639846743,0.09195402298850575,0.0023946360153256703,0.031609195402298854,0.0028735632183908046,0.004789272030651341,0.006226053639846743,0.06992337164750957,0.21791187739463602,0.0828544061302682,0.006226053639846743,0.05268199233716475
0.2992599444958372,0.005087881591119334,0.005550416281221091,0.10407030527289547,0.0064754856614246065,0.09574468085106383,0.002312673450508788,0.03469010175763182,0.002312673450508788,0.005087881591119334,0.0064754856614246065,0.07076780758556891,0.22201665124884365,0.08048103607770583,0.0064754856614246065,0.05319148936170213
0.29701627486437615,0.004972875226039783,0.005877034358047016,0.11301989150090416,0.005877034358047016,0.09764918625678119,0.0027124773960217,0.03616636528028933,0.0027124773960217,0.004972875226039783,0.006329113924050633,0.06735985533453888,0.2147377938517179,0.08318264014466546,0.006329113924050633,0.05108499095840868
0.29349269588313415,0.005312084993359893,0.008410801239486499,0.11066843736166446,0.005754758742806552,0.09827357237715803,0.0026560424966799467,0.0398406374501992,0.003098716246126605,0.005312084993359893,0.00398406374501992,0.06994245241257194,0.217352810978309,0.07923860115095174,0.00619743249225321,0.05046480743691899
0.2950310559006211,0.0044365572315882874,0.009760425909494233,0.11180124223602485,0.005323868677905945,0.09627329192546584,0.0022182786157941437,0.0385980479148181,0.003105590062111801,0.005767524401064774,0.0026619343389529724,0.06876663708961846,0.21650399290150843,0.08118899733806566,0.006654835847382431,0.051907719609582965
0.29779735682819386,0.0052863436123348016,0.01013215859030837,0.11497797356828193,0.005726872246696035,0.0986784140969163,0.0022026431718061676,0.03700440528634361,0.003524229074889868,0.0052863436123348016,0.0022026431718061676,0.06740088105726873,0.21233480176211453,0.0828193832599119,0.005726872246696035,0.04889867841409692
0.2968818620992534,0.006587615283267457,0.010979358805445762,0.11242863416776461,0.005709266578831796,0.09530083443126922,0.0021958717610891525,0.03732981993851559,0.004391743522178305,0.006587615283267457,0.001756697408871322,0.06719367588932806,0.21563460693895475,0.08124725516029864,0.006148440931049627,0.04962670180061485
0.2946113074204947,0.007950530035335688,0.010159010600706713,0.1157243816254417,0.005742049469964664,0.09982332155477032,0.00265017667844523,0.036219081272084806,0.003975265017667844,0.007950530035335688,0.002208480565371025,0.0636042402826855,0.21157243816254417,0.0803886925795053,0.0066254416961130744,0.05079505300353357
0.29292929292929293,0.00834431269213878,0.00922266139657444,0.11286780851998243,0.006587615283267457,0.09969257795344752,0.002635046113306983,0.037768994290733424,0.003952569169960474,0.00834431269213878,0.0021958717610891525,0.06455862977602109,0.21080368906455862,0.08168642951251646,0.007905138339920948,0.050505050505050504
0.28923076923076924,0.0074725274725274725,0.009230769230769232,0.11252747252747253,0.0074725274725274725,0.09758241758241758,0.0026373626373626374,0.037802197802197804,0.005714285714285714,0.01054945054945055,0.003956043956043956,0.06461538461538462,0.2145054945054945,0.07956043956043957,0.008791208791208791,0.04835164835164835
0.29476462824461064,0.007039155301363837,0.009678838539375276,0.11306643202815662,0.0061592608886933565,0.0963484381874175,0.0030796304443466782,0.03607567091948966,0.004839419269687638,0.012758468983721953,0.003959524857017158,0.06071271447426309,0.214694236691597,0.08095028596568411,0.007919049714034315,0.047954245490541135
0.29445676274944566,0.00753880266075388,0.008869179600886918,0.1139689578713969,0.0066518847006651885,0.09490022172949002,0.003547671840354767,0.037694013303769404,0.003991130820399113,0.013303769401330377,0.004878048780487805,0.06119733924611973,0.21596452328159646,0.07716186252771619,0.008425720620842573,0.04745011086474501
0.2923145268769436,0.007996446023989337,0.009773434029320302,0.11639271434917814,0.006219458018658374,0.09684584629053754,0.003998223011994669,0.037760995113282986,0.00444247001332741,0.013771657041314972,0.006663705019991115,0.06219458018658374,0.21101732563305198,0.07729897823189694,0.008440693025322079,0.04486894713460684
0.29263992948435436,0.008373732921992068,0.011018069634200088,0.1123843102688409,0.00617011899515205,0.10268840899074483,0.003966505068312032,0.0374614367562803,0.0057293962097840455,0.014543851917144116,0.0057293962097840455,0.061260467166152494,0.2128691053327457,0.0744821507271926,0.007933010136624064,0.04275011018069634
0.29524232992441085,0.008892841262783458,0.011560693641618497,0.11027123165851489,0.008003557136505114,0.09515340151178302,0.0035571365051133837,0.0377945753668297,0.007114273010226767,0.01600711427301023,0.004446420631391729,0.059582036460649176,0.2120942641173855,0.07469986660738105,0.008448199199644287,0.04713205869275233
0.29203152364273205,0.0074430823117338,0.012259194395796848,0.1063922942206655,0.008318739054290718,0.09676007005253941,0.0035026269702276708,0.03940455341506129,0.008318739054290718,0.01576182136602452,0.0035026269702276708,0.06304728546409807,0.21628721541155868,0.07574430823117338,0.0074430823117338,0.043782837127845885
0.2915194346289753,0.007950530035335688,0.011484098939929329,0.10644876325088339,0.007950530035335688,0.09319787985865724,0.003975265017667844,0.04063604240282685,0.008392226148409895,0.01678445229681979,0.0030918727915194345,0.06139575971731449,0.21598939929328623,0.07862190812720848,0.007508833922261484,0.045053003533568906
0.29452954048140045,0.006564551422319475,0.0087527352297593,0.10415754923413567,0.00700218818380744,0.09540481400437636,0.004814004376367615,0.03938730853391685,0.0087527352297593,0.019693654266958426,0.00262582056892779,0.0687089715536105,0.21400437636761488,0.07352297592997811,0.00700218818380744,0.045076586433260395
0.29649356413670663,0.006657789613848202,0.009320905459387484,0.09809143364403018,0.005770084332001775,0.09587217043941411,0.005326231691078562,0.040390590324012425,0.009764758100310697,0.01908566355969818,0.0039946737683089215,0.06879715934309809,0.2134931202840657,0.07634265423879272,0.008433200177541057,0.04216600088770528
0.29354553492484525,0.006631299734748011,0.009283819628647215,0.09770114942528736,0.007073386383731211,0.09372236958443855,0.004420866489832007,0.040229885057471264,0.009283819628647215,0.019451812555260833,0.004862953138815208,0.07117595048629531,0.21662245800176835,0.07250221043324491,0.008841732979664015,0.044650751547303275
0.2935739436619718,0.007042253521126761,0.010123239436619719,0.0977112676056338,0.007042253521126761,0.09595070422535211,0.0035211267605633804,0.0409330985915493,0.009683098591549295,0.018926056338028168,0.00528169014084507,0.06998239436619719,0.21522887323943662,0.07086267605633803,0.008802816901408451,0.04533450704225352
0.2937554969217238,0.009234828496042216,0.009674582233948988,0.09586631486367635,0.009234828496042216,0.0932277924362357,0.003518029903254178,0.04221635883905013,0.010114335971855761,0.021547933157431837,0.006156552330694811,0.06684256816182937,0.21372031662269128,0.07343887423043095,0.0079155672823219,0.04353562005277045
0.29164825452938575,0.008837825894829872,0.01104728236853734,0.09721608484312859,0.009279717189571365,0.09368095448519664,0.0061864781263809105,0.04330534688466637,0.011489173663278833,0.021210782147591693,0.006628369421122404,0.06628369421122404,0.2063632346442775,0.07467962881131242,0.006628369421122404,0.04551480335837384
0.2938053097345133,0.008849557522123894,0.011061946902654867,0.09336283185840707,0.008849557522123894,0.09424778761061947,0.005309734513274336,0.0415929203539823,0.011946902654867256,0.02168141592920354,0.00663716814159292,0.06902654867256637,0.20575221238938052,0.07566371681415929,0.007079646017699115,0.04513274336283186
0.30125335720680396,0.009847806624888093,0.010743061772605193,0.09086839749328558,0.009847806624888093,0.09489704565801253,0.004923903312444047,0.03939122649955237,0.01342882721575649,0.022829006266786033,0.006714413607878245,0.06356311548791406,0.20769919427036707,0.0720680393912265,0.007609668755595345,0.044315129811996416
0.29398762157382846,0.009725906277630416,0.011494252873563218,0.09328028293545534,0.009725906277630416,0.08930150309460655,0.003978779840848806,0.038903625110521665,0.01282051282051282,0.022104332449160036,0.00618921308576481,0.0694076038903625,0.21441202475685234,0.07117595048629531,0.007515473032714412,0.04597701149425287
0.2980981866430783,0.010172490048651039,0.010614772224679346,0.09199469261388767,0.009287925696594427,0.09199469261388767,0.003980539584254755,0.0362671384343211,0.012826183104820876,0.020787262273330383,0.005749668288367979,0.0654577620521893,0.22291021671826625,0.06899601946041574,0.006634232640424591,0.044228217602830605
0.297273526824978,0.010114335971855761,0.011433597185576077,0.09410729991204925,0.010114335971855761,0.0853122251539138,0.00395778364116095,0.03605980650835532,0.014072119613016711,0.02198768689533861,0.006156552330694811,0.06948109058927,0.21899736147757257,0.07211961301671065,0.006596306068601583,0.04221635883905013
0.2951833848873177,0.009279717189571365,0.011489173663278833,0.09191338930623066,0.009721608484312859,0.08616880247459124,0.003977021652673442,0.034909412284577994,0.0136986301369863,0.021210782147591693,0.0061864781263809105,0.06716747680070703,0.22536456031816174,0.07423773751657092,0.0061864781263809105,0.04330534688466637
0.2932924156071898,0.010083296799649276,0.013590530469092503,0.09469530907496712,0.009644892590968873,0.08811924594476107,0.00526085050416484,0.03024989039894783,0.01446733888645331,0.021920210434020166,0.005699254712845244,0.06707584392810172,0.2227093380096449,0.07409031126698816,0.006137658921525646,0.04296361245067953
0.28928884986830555,0.011852502194907815,0.012730465320456541,0.09262510974539069,0.007901668129938543,0.09086918349429324,0.0052677787532923615,0.031167690956979806,0.014047410008779631,0.021949078138718173,0.006145741878841089,0.06672519754170325,0.22783143107989465,0.0733099209833187,0.006145741878841089,0.04214223002633889
0.29730921923246584,0.013233348037053375,0.012351124834583149,0.09263343625937362,0.00882223202470225,0.09131010145566829,0.0061755624172915745,0.031318923687692984,0.0141155712395236,0.020732245258050286,0.005734450816056462,0.06396118217909132,0.22452580502867225,0.070577856197618,0.0066166740185266875,0.04058226731363035
0.2996469549867608,0.01235657546337158,0.01235657546337158,0.09443954104148279,0.008384819064430714,0.08914386584289496,0.00617828773168579,0.032215357458075904,0.01412180052956752,0.021624007060900265,0.00617828773168579,0.061341571050308914,0.22241835834068843,0.07149161518093557,0.00617828773168579,0.041924095322153576
0.2985658409387223,0.012603215993046502,0.012168622338113864,0.09256844850065189,0.009995654063450673,0.08822251195132551,0.005215123859191656,0.03302911777488049,0.012168622338113864,0.02216427640156454,0.007822685788787484,0.06388526727509779,0.22294654498044328,0.07170795306388526,0.006084311169056932,0.04085180356366797
0.30223390275952694,0.01357862461673237,0.012702584318878668,0.09110819097678494,0.009198423127463863,0.08585194918966273,0.0056942619360490585,0.0337275514673675,0.010074463425317565,0.022777047744196234,0.007446342531756461,0.06438896189224705,0.21944809461235218,0.07095926412614981,0.0056942619360490585,0.045116075339465614
0.2966064345526664,0.013662406346408109,0.013662406346408109,0.09431467606875275,0.009255178492728075,0.0877038342882327,0.0057293962097840455,0.03437637725870427,0.008373732921992068,0.02379903040987219,0.007933010136624064,0.0639048038783605,0.21771705597179375,0.0753635962979286,0.004407227853680035,0.043190832966064345
0.2961825362000878,0.013163668275559455,0.013163668275559455,0.09477841158402808,0.007898200965335674,0.08380868802106187,0.005704256252742431,0.03378674857393594,0.009214567792891619,0.022378236068451074,0.008775778850372971,0.06186924089512944,0.22378236068451074,0.07722685388328214,0.004826678367705134,0.0434401053093462
0.29404031551270815,0.013146362839614373,0.012708150744960562,0.09421560035056968,0.007887817703768623,0.08720420683610867,0.006573181419807186,0.03549517966695881,0.009640666082383873,0.022348816827344433,0.009640666082383873,0.060473269062226116,0.22042068361086767,0.07668711656441718,0.004820333041191937,0.044697633654688866
0.2894387980556783,0.012372956252761821,0.014582412726469289,0.0963323022536456,0.007070260715863898,0.08837825894829872,0.006628369421122404,0.03623508616880247,0.01104728236853734,0.022536456031816175,0.009279717189571365,0.06098099867432612,0.22271321254971277,0.07335395492708793,0.006628369421122404,0.04242156429518339
0.2914260328742781,0.01288316303864949,0.013771657041314972,0.09462461128387384,0.007107952021323856,0.08485117725455353,0.007552199022656597,0.03598400710795202,0.01288316303864949,0.023545091070635273,0.011550422034651266,0.06130608618391826,0.22212350066637052,0.07152376721457131,0.006663705019991115,0.0422034651266104
0.2906318082788671,0.012200435729847494,0.01437908496732026,0.09891067538126362,0.00784313725490196,0.08888888888888889,0.008278867102396514,0.034858387799564274,0.013507625272331155,0.023965141612200435,0.010893246187363835,0.06143790849673202,0.21437908496732025,0.07276688453159041,0.006535947712418301,0.040522875816993466
0.2841409691629956,0.012334801762114538,0.01629955947136564,0.10440528634361233,0.006167400881057269,0.08986784140969163,0.009691629955947136,0.03303964757709251,0.01629955947136564,0.02555066079295154,0.012334801762114538,0.06387665198237885,0.21013215859030837,0.06563876651982378,0.006607929515418502,0.04361233480176212
0.28533451484271155,0.0101905183872397,0.016836508639787327,0.10677891005759858,0.007532122286220647,0.08949933540097474,0.010633584404076208,0.034116083296411165,0.016836508639787327,0.023482498892334957,0.010633584404076208,0.06424457244129375,0.20381036774479397,0.0669029685423128,0.007089056269384138,0.0460788657509969
0.28234265734265734,0.010052447552447552,0.017045454545454544,0.10139860139860139,0.008304195804195804,0.08872377622377622,0.009615384615384616,0.03583916083916084,0.017045454545454544,0.0236013986013986,0.0118006993006993,0.06381118881118882,0.21241258741258742,0.06993006993006994,0.00743006993006993,0.040646853146853144
0.28771316134674246,0.010931351114997814,0.014866637516397026,0.10231744643637954,0.007870572802798426,0.08701355487538259,0.009619588981198076,0.034980323567993,0.015741145605596852,0.022737210319195452,0.012243113248797552,0.06340183646698731,0.21075644949715786,0.06777437691298645,0.007433318758198513,0.04459991254919108
0.28370663153271847,0.011857707509881422,0.015371102327624066,0.10452349582784365,0.007905138339920948,0.08519982433025912,0.010540184453227932,0.03820816864295125,0.014931927975406236,0.023715415019762844,0.012296881862099254,0.061484409310496264,0.21124286341677645,0.06851119894598155,0.007465963987703118,0.043039086517347384
0.28147163120567376,0.012411347517730497,0.015070921985815602,0.1023936170212766,0.0070921985815602835,0.08865248226950355,0.00975177304964539,0.0350177304964539,0.015957446808510637,0.025709219858156027,0.008865248226950355,0.06338652482269504,0.21631205673758866,0.0678191489361702,0.006648936170212766,0.04343971631205674
0.2742782152230971,0.013560804899387576,0.01531058617672791,0.10542432195975503,0.0074365704286964126,0.08705161854768154,0.009186351706036745,0.03587051618547681,0.017497812773403325,0.024934383202099737,0.009623797025371828,0.0647419072615923,0.21391076115485563,0.06911636045494313,0.00699912510936133,0.04505686789151356
0.2749890877346137,0.013967699694456569,0.01571366215626364,0.1069402007856831,0.008293321693583587,0.08686163247490179,0.008729812309035356,0.030990833697075514,0.01789611523352248,0.026625927542557836,0.00960279353993889,0.06154517677869926,0.21824530772588388,0.0650371017023134,0.008293321693583587,0.046268005237887384
0.28258967629046366,0.01399825021872266,0.01706036745406824,0.10192475940507437,0.007874015748031496,0.09055118110236221,0.010498687664041995,0.031496062992125984,0.01837270341207349,0.024934383202099737,0.009623797025371828,0.06036745406824147,0.2121609798775153,0.0647419072615923,0.009186351706036745,0.04461942257217848
0.27674624226348365,0.013704686118479222,0.01900972590627763,0.10477453580901856,0.009283819628647215,0.08841732979664015,0.010167992926613616,0.032714412024756855,0.015030946065428824,0.025198938992042442,0.011494252873563218,0.06321839080459771,0.21352785145888595,0.0645446507515473,0.007957559681697613,0.04420866489832007
0.2768959435626102,0.012345679012345678,0.018518518518518517,0.10890652557319223,0.01146384479717813,0.08597883597883597,0.009700176366843033,0.030864197530864196,0.01455026455026455,0.02513227513227513,0.011022927689594356,0.06481481481481481,0.21075837742504408,0.06349206349206349,0.007936507936507936,0.047619047619047616
0.2696335078534031,0.014834205933682374,0.017015706806282723,0.11474694589877836,0.011343804537521814,0.08900523560209424,0.010471204188481676,0.028795811518324606,0.014397905759162303,0.02443280977312391,0.010471204188481676,0.06631762652705062,0.21029668411867364,0.06457242582897033,0.007417102966841187,0.0462478184991274
0.2736013986013986,0.014423076923076924,0.015734265734265736,0.11101398601398602,0.0118006993006993,0.08872377622377622,0.01048951048951049,0.030157342657342656,0.01486013986013986,0.025349650349650348,0.010926573426573426,0.06555944055944056,0.20935314685314685,0.06512237762237762,0.007867132867132868,0.04501748251748252
0.2712906057945566,0.013608428446005268,0.01624231782265145,0.11194029850746269,0.012291483757682178,0.08911325724319578,0.01009657594381036,0.029411764705882353,0.016681299385425813,0.024582967515364356,0.01141352063213345,0.06584723441615452,0.21246707638279191,0.0636523266022827,0.008340649692712906,0.04302019315188762
0.2726870296591412,0.012837538733953076,0.015493581230633024,0.1111111111111111,0.012837538733953076,0.0903054448871182,0.008853474988933156,0.029216467463479414,0.015493581230633024,0.02656042496679947,0.012837538733953076,0.06684373616644533,0.20495794599380257,0.06728640991589199,0.00796812749003984,0.044710048694112436
0.2739244951712028,0.014047410008779631,0.015803336259877086,0.10798946444249341,0.013169446883230905,0.08911325724319578,0.009218612818261633,0.02897278314310799,0.016681299385425813,0.02633889376646181,0.013169446883230905,0.06453028972783142,0.21027216856892011,0.06672519754170325,0.007901668129938543,0.04214223002633889
0.2755281690140845,0.012764084507042254,0.015404929577464789,0.10607394366197183,0.01232394366197183,0.09110915492957747,0.008802816901408451,0.028609154929577465,0.018045774647887324,0.027288732394366196,0.012764084507042254,0.06382042253521127,0.2108274647887324,0.06866197183098592,0.007042253521126761,0.0409330985915493
0.26950043821209463,0.012269938650306749,0.01621384750219106,0.11042944785276074,0.012269938650306749,0.08545135845749342,0.008764241893076249,0.025854513584574933,0.018843120070113933,0.02716914986853637,0.011393514460999123,0.06310254163014899,0.21954425942156003,0.0705521472392638,0.009202453987730062,0.03943908851884312
0.2688363798484173,0.012929112795363353,0.016941596076683014,0.10878288007133304,0.0115916183682568,0.08872046366473473,0.009362460989745877,0.027641551493535442,0.016941596076683014,0.027641551493535442,0.012929112795363353,0.06107891217119929,0.21622826571555953,0.06954971020954079,0.009362460989745877,0.041462327240303166
0.26897762176393153,0.013163668275559455,0.015357612988152698,0.11232996928477403,0.010969723562966213,0.08600263273365512,0.009653356735410267,0.02676612549363756,0.017112768758227294,0.027643703378674857,0.01228609039052216,0.05704256252742431,0.2198332602018429,0.07064501974550241,0.010530934620447565,0.04168494953927161
0.26900844819919967,0.013339261894175189,0.01600711427301023,0.11204979991107158,0.012894619831036016,0.08492663405958203,0.009782125389061804,0.027567807914628723,0.017341040462427744,0.029346376167185415,0.01067140951534015,0.057358826144953315,0.2223210315695865,0.06936416184971098,0.011116051578479324,0.036905291240551356
0.2683790965456156,0.011071744906997343,0.017271922054915855,0.11027457927369354,0.010628875110717449,0.08680248007085917,0.00974313551815766,0.02745792736935341,0.017271922054915855,0.030558015943312665,0.010628875110717449,0.05845881310894597,0.22364924712134632,0.07218777679362268,0.011071744906997343,0.03454384410983171
0.26702033598585323,0.011052166224580018,0.017241379310344827,0.11361626878868258,0.011936339522546418,0.08576480990274093,0.009725906277630416,0.02961980548187445,0.016357206012378427,0.028293545534924844,0.009725906277630416,0.05702917771883289,0.22546419098143236,0.07338638373121131,0.010610079575596816,0.033156498673740056
0.262532981530343,0.011433597185576077,0.018909410729991204,0.12225153913808268,0.010554089709762533,0.08443271767810026,0.008795074758135445,0.027704485488126648,0.0158311345646438,0.030343007915567283,0.010993843447669306,0.055408970976253295,0.22691292875989447,0.07299912049252419,0.010554089709762533,0.030343007915567283
0.26631393298059963,0.011022927689594356,0.01895943562610229,0.11684303350970017,0.011904761904761904,0.0837742504409171,0.00837742504409171,0.027336860670194002,0.015873015873015872,0.0291005291005291,0.010141093474426807,0.0564373897707231,0.22839506172839505,0.07495590828924162,0.009700176366843033,0.030864197530864196
0.26547884187082404,0.009799554565701559,0.01915367483296214,0.12293986636971047,0.011581291759465479,0.08552338530066815,0.008908685968819599,0.028953229398663696,0.014699331848552339,0.029844097995545656,0.010244988864142539,0.057015590200445436,0.22717149220489977,0.06859688195991091,0.012026726057906459,0.028062360801781736
0.260507880910683,0.009632224168126095,0.01882661996497373,0.11646234676007006,0.012259194395796848,0.08887915936952714,0.009194395796847636,0.02714535901926445,0.0148861646234676,0.03152364273204904,0.008756567425569177,0.05691768826619965,0.23642732049036777,0.06873905429071804,0.011821366024518389,0.028021015761821366
0.2588495575221239,0.012389380530973451,0.01902654867256637,0.11902654867256637,0.011504424778761062,0.09292035398230089,0.011061946902654867,0.02743362831858407,0.014601769911504425,0.03008849557522124,0.008849557522123894,0.05353982300884956,0.2323008849557522,0.06858407079646017,0.011946902654867256,0.027876106194690265
0.24877614597240766,0.01290609701824655,0.01824655095683133,0.11971517578994215,0.012016021361815754,0.09123275478415666,0.012016021361815754,0.029817534490431688,0.01602136181575434,0.03159768580329328,0.00801068090787717,0.05651980418335559,0.2372051624388073,0.06764574988874054,0.011125945705384957,0.027147307521139297
0.25309187279151946,0.009275618374558304,0.015901060070671377,0.12190812720848057,0.011484098939929329,0.09187279151943463,0.011042402826855124,0.026501766784452298,0.015459363957597174,0.03136042402826855,0.007950530035335688,0.055212014134275615,0.24381625441696114,0.06669611307420495,0.01060070671378092,0.02782685512367491
0.2580787959274015,0.009296148738379814,0.017264276228419653,0.1217352810978309,0.011509517485613104,0.08986277113767153,0.01018149623727313,0.023461708720672863,0.013722886232846392,0.03142983621071271,0.008853474988933156,0.05267817618415228,0.2474546259406817,0.06463036741921203,0.011509517485613104,0.0283311199645861
0.26176858776946765,0.008798944126704795,0.01671799384073911,0.11878574571051474,0.011438627364716234,0.08930928288605368,0.009238891333040036,0.024197096348438186,0.014518257809062912,0.03255609326880774,0.008798944126704795,0.05015398152221733,0.24505059392872855,0.06907171139463264,0.012758468983721953,0.026836779586449627
0.2689594356261023,0.008818342151675485,0.015432098765432098,0.11331569664902998,0.011022927689594356,0.08818342151675485,0.008818342151675485,0.02292768959435626,0.013668430335097001,0.033950617283950615,0.010582010582010581,0.048500881834215165,0.24603174603174602,0.06966490299823633,0.012786596119929453,0.027336860670194002
0.26564551422319477,0.009190371991247264,0.01575492341356674,0.11859956236323851,0.010065645514223195,0.087527352297593,0.0087527352297593,0.022757111597374178,0.01225382932166302,0.03413566739606127,0.014442013129102845,0.05076586433260394,0.23982494529540482,0.0700218818380744,0.01225382932166302,0.02800875273522976
0.2678100263852243,0.008795074758135445,0.01759014951627089,0.113896218117854,0.0079155672823219,0.08575197889182058,0.008355321020228672,0.023746701846965697,0.011873350923482849,0.034740545294635,0.013192612137203167,0.051451187335092345,0.2436235708003518,0.06860158311345646,0.013192612137203167,0.029463500439753737
0.262621789193977,0.00841452612931798,0.017271922054915855,0.1133746678476528,0.007971656333038087,0.08281665190434012,0.008857395925597875,0.022586359610274578,0.012843224092116917,0.034986713906111605,0.012843224092116917,0.05225863596102746,0.25022143489813997,0.06731620903454384,0.0141718334809566,0.031443755535872454
0.265666372462489,0.008384819064430714,0.01588702559576346,0.11032656663724624,0.008384819064430714,0.08605472197705208,0.009267431597528684,0.022506619593998235,0.011915269196822596,0.03353927625772286,0.012797881729920565,0.0498676081200353,0.2497793468667255,0.07105030891438659,0.01323918799646955,0.03133274492497794
0.2565905096660808,0.008347978910369069,0.015377855887521968,0.11731107205623902,0.010105448154657293,0.08875219683655536,0.00922671353251318,0.022847100175746926,0.011862917398945518,0.028558875219683654,0.011423550087873463,0.05140597539543058,0.2548330404217926,0.06942003514938488,0.013620386643233744,0.03031634446397188
0.26153846153846155,0.008351648351648353,0.015384615384615385,0.11384615384615385,0.008351648351648353,0.09010989010989011,0.01054945054945055,0.02197802197802198,0.012747252747252748,0.02857142857142857,0.00967032967032967,0.05098901098901099,0.2518681318681319,0.06857142857142857,0.014505494505494506,0.03296703296703297
0.25961963732861565,0.00796107916850951,0.014153029632905795,0.11455108359133127,0.010172490048651039,0.08536045997346307,0.010172490048651039,0.021229544449358692,0.013710747456877488,0.02830605926581159,0.010614772224679346,0.04997788589119859,0.2574082264484741,0.06988058381247236,0.013710747456877488,0.033171163202122954
0.258362676056338,0.007922535211267605,0.012764084507042254,0.10519366197183098,0.009242957746478873,0.09198943661971831,0.011443661971830986,0.022887323943661973,0.011883802816901408,0.029049295774647887,0.010123239436619719,0.04973591549295775,0.2632042253521127,0.0682218309859155,0.012764084507042254,0.035211267605633804
0.25155555555555553,0.008,0.012888888888888889,0.10711111111111112,0.007555555555555556,0.09333333333333334,0.011555555555555555,0.025333333333333333,0.012444444444444444,0.028,0.009777777777777778,0.050222222222222224,0.26666666666666666,0.068,0.012444444444444444,0.035111111111111114
0.2576091751213057,0.00882223202470225,0.012792236435818262,0.10895456550507278,0.0066166740185266875,0.08998676665196295,0.012351124834583149,0.02646669607410675,0.011910013233348038,0.029113365681517425,0.011468901632112925,0.049845610939567714,0.2602558447287164,0.06837229819144243,0.012351124834583149,0.033083370092633436
0.2515418502202643,0.00881057268722467,0.015859030837004406,0.1092511013215859,0.007488986784140969,0.09030837004405286,0.011894273127753305,0.024229074889867842,0.011894273127753305,0.028634361233480177,0.012334801762114538,0.05286343612334802,0.25859030837004404,0.06872246696035242,0.01277533039647577,0.03480176211453744
0.25846153846153846,0.008791208791208791,0.014945054945054945,0.10945054945054945,0.007912087912087912,0.08967032967032967,0.01098901098901099,0.025494505494505496,0.012747252747252748,0.02945054945054945,0.011428571428571429,0.04879120879120879,0.25758241758241757,0.06725274725274726,0.012307692307692308,0.03472527472527472
0.2551693796744391,0.009238891333040036,0.014958205015398152,0.10998680158380994,0.007479102507699076,0.09194896612406511,0.010558732952045754,0.026836779586449627,0.010998680158380994,0.030796304443466784,0.010558732952045754,0.047954245490541135,0.25736911570611526,0.0686317641882974,0.012758468983721953,0.034755829300483945
0.25519681556833257,0.007076514816452897,0.013710747456877488,0.11278195488721804,0.007518796992481203,0.0871295886775763,0.010172490048651039,0.0291906236178682,0.010172490048651039,0.03272888102609465,0.009730207872622734,0.04820875718708536,0.2618310482087572,0.06678460858027421,0.012826183104820876,0.03494029190623618
0.2563764291996482,0.0079155672823219,0.014072119613016711,0.11125769569041337,0.008355321020228672,0.08575197889182058,0.007036059806508356,0.030782761653474055,0.009234828496042216,0.03342128408091469,0.007036059806508356,0.048812664907651716,0.2642919964819701,0.06552330694810905,0.012752858399296393,0.03737906772207564
0.26123348017621145,0.007929515418502203,0.014096916299559472,0.1066079295154185,0.00881057268722467,0.08105726872246696,0.007048458149779736,0.029515418502202642,0.009691629955947136,0.03656387665198238,0.007488986784140969,0.050220264317180616,0.2647577092511013,0.06563876651982378,0.012334801762114538,0.03700440528634361
0.26294995610184374,0.007901668129938543,0.012730465320456541,0.10623353819139596,0.010974539069359086,0.08252853380158033,0.007023705004389816,0.028533801580333626,0.010535557506584723,0.03424056189640035,0.006145741878841089,0.050921861281826165,0.2642669007901668,0.0649692712906058,0.013608428446005268,0.036435469710272166
0.26151095216808223,0.009387572641931158,0.013410818059901655,0.1086276262852034,0.010728654447921324,0.08180599016540009,0.006705409029950827,0.029056772463120252,0.009834599910594547,0.03531515422440769,0.005364327223960662,0.04962002682163612,0.26061689763075546,0.06884219937416182,0.013857845328565042,0.03531515422440769
0.25934065934065936,0.008791208791208791,0.014505494505494506,0.10901098901098902,0.012307692307692308,0.08483516483516483,0.0074725274725274725,0.02989010989010989,0.00967032967032967,0.033846153846153845,0.005714285714285714,0.047032967032967034,0.2654945054945055,0.0654945054945055,0.014505494505494506,0.03208791208791209
0.25838176128743856,0.009387572641931158,0.013857845328565042,0.10549843540455968,0.014304872597228431,0.08314707197139025,0.006705409029950827,0.028162717925793473,0.009834599910594547,0.03620920876173447,0.004470272686633884,0.052302190433616454,0.2668752793920429,0.0657130084935181,0.015645954403218598,0.029503799731783638
0.2623169107856192,0.011096316023080338,0.015534842432312472,0.1051930758988016,0.012427873945849977,0.08078118064802485,0.007545494895694629,0.027075011096316024,0.009320905459387484,0.039502885042166,0.004882379050155349,0.05015534842432313,0.2685308477585442,0.05992010652463382,0.015090989791389259,0.03062583222370173
0.2671922908453789,0.010512483574244415,0.014892685063512922,0.10643889618922471,0.012264564169951819,0.07971966710468681,0.00788436268068331,0.02890932982917214,0.009636443276390714,0.03591765221200175,0.004380201489268506,0.04949627682873412,0.2689443714410863,0.060008760402978534,0.013140604467805518,0.030661410424879545
0.25876608965823344,0.01154016866400355,0.014203284509542832,0.10341766533510874,0.013315579227696404,0.07811806480248558,0.008433200177541057,0.029738126941855306,0.008433200177541057,0.039502885042166,0.004438526409232135,0.04971149578339991,0.27652019529516203,0.05814469596094097,0.013759431868619618,0.03195739014647137
0.258996001776988,0.010661928031985785,0.01332741003998223,0.10350955131052865,0.01332741003998223,0.07818747223456242,0.00888494002665482,0.028876055086628164,0.00888494002665482,0.04309195912927588,0.0053309640159928924,0.047534429142603286,0.2785428698356286,0.05775211017325633,0.014215904042647711,0.028876055086628164
0.25278148642634624,0.009790832220738763,0.012461059190031152,0.1032487761459724,0.01290609701824655,0.0792167334223409,0.008455718736092568,0.03159768580329328,0.008455718736092568,0.04361370716510903,0.004895416110369382,0.04806408544726302,0.28304405874499333,0.06052514463729417,0.01335113484646195,0.027592345349354695
0.2504432624113475,0.00975177304964539,0.013297872340425532,0.10106382978723404,0.012854609929078014,0.08244680851063829,0.008421985815602837,0.03102836879432624,0.007978723404255319,0.041223404255319146,0.004432624113475178,0.05274822695035461,0.28679078014184395,0.05895390070921986,0.010638297872340425,0.027925531914893616
0.24580759046778464,0.009708737864077669,0.01323918799646955,0.10238305383936452,0.011915269196822596,0.08120035304501325,0.008384819064430714,0.032215357458075904,0.007502206531332745,0.04324801412180053,0.0048543689320388345,0.05560458958517211,0.2850838481906443,0.058693733451015,0.01059135039717564,0.029567519858781994
0.2496732026143791,0.010021786492374727,0.012200435729847494,0.09891067538126362,0.010021786492374727,0.08148148148148149,0.008714596949891068,0.03137254901960784,0.009150326797385621,0.044880174291938996,0.005664488017429194,0.058387799564270156,0.281917211328976,0.05925925925925926,0.01045751633986928,0.027886710239651415
0.2443956043956044,0.01054945054945055,0.012747252747252748,0.10329670329670329,0.009230769230769232,0.0843956043956044,0.008791208791208791,0.03208791208791209,0.011428571428571429,0.0421978021978022,0.004835164835164835,0.056703296703296706,0.28527472527472525,0.05714285714285714,0.00967032967032967,0.027252747252747254
