C_R,C_A,C_S,C_N,D_R,D_A,D_S,D_N,Oc_R,Oc_A,Oc_S,Oc_N,Od_R,Od_A,Od_S,Od_N
0.0,0.0,0.0,0.0,0.0,0.0,0.0,0.0,0.0,0.0,0.0,0.0,0.0,0.0,0.0,1.0
0.0,0.0,0.0,0.0,0.0,0.0,0.0,0.0,0.0,0.0,0.0,0.0,0.0,0.0,0.0,1.0
0.0,0.0,0.0,0.0,0.0,0.0,0.0,0.0,0.0,0.0,0.5,0.0,0.0,0.0,0.0,0.5
0.0,0.0,0.0,0.0,0.0,0.0,0.0,0.0,0.0,0.0,0.0,0.0,0.3333333333333333,0.0,0.0,0.6666666666666666
0.0,0.0,0.0,0.0,0.0,0.0,0.0,0.0,0.0,0.0,0.0,0.0,0.3333333333333333,0.0,0.0,0.6666666666666666
0.0,0.0,0.0,0.0,0.3333333333333333,0.0,0.0,0.0,0.0,0.0,0.0,0.0,0.3333333333333333,0.0,0.0,0.3333333333333333
0.0,0.0,0.0,0.0,0.2222222222222222,0.0,0.0,0.0,0.0,0.0,0.0,0.0,0.5555555555555556,0.0,0.0,0.2222222222222222
0.0,0.0,0.0,0.0,0.3,0.0,0.0,0.0,0.0,0.1,0.0,0.0,0.4,0.0,0.0,0.2
0.0,0.0,0.0,0.125,0.1875,0.0,0.0,0.0,0.0,0.0625,0.0,0.0,0.5,0.0,0.0,0.125
0.0,0.0,0.0,0.12,0.12,0.0,0.0,0.0,0.04,0.08,0.0,0.0,0.48,0.0,0.0,0.16
0.0,0.0,0.0,0.15625,0.09375,0.0,0.0,0.0,0.03125,0.09375,0.0,0.0,0.4375,0.03125,0.0,0.15625
0.0,0.0,0.0,0.20930232558139536,0.06976744186046512,0.0,0.0,0.0,0.023255813953488372,0.09302325581395349,0.0,0.0,0.4418604651162791,0.023255813953488372,0.023255813953488372,0.11627906976744186
0.031746031746031744,0.0,0.0,0.20634920634920634,0.047619047619047616,0.0,0.0,0.0,0.015873015873015872,0.1111111111111111,0.0,0.0,0.47619047619047616,0.015873015873015872,0.015873015873015872,0.07936507936507936
0.025974025974025976,0.0,0.012987012987012988,0.23376623376623376,0.03896103896103896,0.0,0.0,0.0,0.0,0.1038961038961039,0.0,0.0,0.4805194805194805,0.012987012987012988,0.0,0.09090909090909091
0.031578947368421054,0.0,0.010526315789473684,0.24210526315789474,0.042105263157894736,0.0,0.0,0.0,0.0,0.11578947368421053,0.0,0.0,0.4631578947368421,0.021052631578947368,0.0,0.07368421052631578
0.035398230088495575,0.0,0.008849557522123894,0.25663716814159293,0.035398230088495575,0.0,0.0,0.0,0.0,0.12389380530973451,0.0,0.0,0.4424778761061947,0.02654867256637168,0.0,0.07079646017699115
0.05,0.0,0.007142857142857143,0.25,0.03571428571428571,0.0,0.0,0.0,0.0,0.12142857142857143,0.0,0.0,0.45714285714285713,0.014285714285714285,0.014285714285714285,0.05
0.06707317073170732,0.0,0.006097560975609756,0.23170731707317074,0.036585365853658534,0.0,0.0,0.0,0.0,0.12804878048780488,0.0,0.0,0.43902439024390244,0.012195121951219513,0.018292682926829267,0.06097560975609756
0.08994708994708994,0.0,0.010582010582010581,0.26455026455026454,0.031746031746031744,0.0,0.0,0.0,0.0,0.1164021164021164,0.0,0.0,0.4074074074074074,0.010582010582010581,0.021164021164021163,0.047619047619047616
0.09569377990430622,0.0,0.009569377990430622,0.24880382775119617,0.03349282296650718,0.0,0.004784688995215311,0.0,0.0,0.10526315789473684,0.0,0.0,0.4258373205741627,0.014354066985645933,0.019138755980861243,0.0430622009569378
0.1346938775510204,0.0,0.012244897959183673,0.24081632653061225,0.04081632653061224,0.00816326530612245,0.004081632653061225,0.0,0.0,0.09795918367346938,0.0,0.0,0.3877551020408163,0.012244897959183673,0.0163265306122449,0.044897959183673466
0.14814814814814814,0.0,0.018518518518518517,0.24444444444444444,0.040740740740740744,0.007407407407407408,0.003703703703703704,0.003703703703703704,0.0,0.08888888888888889,0.0,0.0,0.37407407407407406,0.011111111111111112,0.014814814814814815,0.044444444444444446
0.15333333333333332,0.0,0.016666666666666666,0.23,0.04666666666666667,0.006666666666666667,0.0033333333333333335,0.0033333333333333335,0.0,0.09333333333333334,0.0,0.0,0.37333333333333335,0.013333333333333334,0.013333333333333334,0.04666666666666667
0.16158536585365854,0.003048780487804878,0.018292682926829267,0.23170731707317074,0.04573170731707317,0.009146341463414634,0.003048780487804878,0.003048780487804878,0.0,0.08841463414634146,0.0,0.003048780487804878,0.35365853658536583,0.012195121951219513,0.018292682926829267,0.04878048780487805
0.16753926701570682,0.005235602094240838,0.01832460732984293,0.22774869109947643,0.04712041884816754,0.005235602094240838,0.002617801047120419,0.002617801047120419,0.002617801047120419,0.09162303664921466,0.0,0.002617801047120419,0.3481675392670157,0.013089005235602094,0.01832460732984293,0.04712041884816754
0.18765432098765433,0.0049382716049382715,0.019753086419753086,0.21728395061728395,0.04938271604938271,0.007407407407407408,0.0,0.0,0.0024691358024691358,0.08641975308641975,0.0024691358024691358,0.0024691358024691358,0.3432098765432099,0.012345679012345678,0.01728395061728395,0.04691358024691358
0.20353982300884957,0.004424778761061947,0.024336283185840708,0.19911504424778761,0.046460176991150445,0.004424778761061947,0.004424778761061947,0.0,0.0022123893805309734,0.08185840707964602,0.004424778761061947,0.00663716814159292,0.334070796460177,0.01327433628318584,0.017699115044247787,0.05309734513274336
0.20892494929006086,0.004056795131845842,0.02636916835699797,0.19675456389452334,0.04462474645030426,0.002028397565922921,0.008113590263691683,0.002028397565922921,0.002028397565922921,0.07505070993914807,0.002028397565922921,0.008113590263691683,0.3265720081135903,0.014198782961460446,0.02434077079107505,0.05476673427991886
0.2188679245283019,0.0037735849056603774,0.024528301886792454,0.19433962264150945,0.04150943396226415,0.0,0.007547169811320755,0.0037735849056603774,0.0018867924528301887,0.08113207547169811,0.0018867924528301887,0.005660377358490566,0.32075471698113206,0.01509433962264151,0.03018867924528302,0.04905660377358491
0.22727272727272727,0.005244755244755245,0.02972027972027972,0.1958041958041958,0.043706293706293704,0.0,0.008741258741258742,0.0034965034965034965,0.0017482517482517483,0.07692307692307693,0.0034965034965034965,0.005244755244755245,0.3076923076923077,0.012237762237762238,0.033216783216783216,0.045454545454545456
0.23444976076555024,0.003189792663476874,0.028708133971291867,0.19138755980861244,0.04784688995215311,0.003189792663476874,0.012759170653907496,0.004784688995215311,0.001594896331738437,0.0733652312599681,0.003189792663476874,0.004784688995215311,0.2934609250398724,0.014354066985645933,0.03508771929824561,0.04784688995215311
0.2403560830860534,0.005934718100890208,0.03115727002967359,0.1795252225519288,0.04599406528189911,0.002967359050445104,0.008902077151335312,0.005934718100890208,0.002967359050445104,0.07566765578635015,0.005934718100890208,0.005934718100890208,0.2952522255192878,0.017804154302670624,0.028189910979228485,0.04747774480712166
0.2534246575342466,0.005479452054794521,0.028767123287671233,0.1780821917808219,0.043835616438356165,0.0027397260273972603,0.009589041095890411,0.00684931506849315,0.0027397260273972603,0.06712328767123288,0.00410958904109589,0.00684931506849315,0.28904109589041094,0.023287671232876714,0.03287671232876712,0.045205479452054796
0.2538265306122449,0.00510204081632653,0.02806122448979592,0.1875,0.04081632653061224,0.003826530612244898,0.01020408163265306,0.00510204081632653,0.002551020408163265,0.06505102040816327,0.00510204081632653,0.006377551020408163,0.2755102040816326,0.026785714285714284,0.03826530612244898,0.04591836734693878
0.2618483412322275,0.005924170616113744,0.030805687203791468,0.18838862559241706,0.04739336492890995,0.004739336492890996,0.011848341232227487,0.004739336492890996,0.001184834123222749,0.06042654028436019,0.0071090047393364926,0.004739336492890996,0.26066350710900477,0.02132701421800948,0.04265402843601896,0.0462085308056872
0.2754098360655738,0.006557377049180328,0.029508196721311476,0.1814207650273224,0.041530054644808745,0.004371584699453552,0.014207650273224045,0.004371584699453552,0.001092896174863388,0.05792349726775956,0.008743169398907104,0.00546448087431694,0.25901639344262295,0.020765027322404372,0.040437158469945354,0.04918032786885246
0.2826530612244898,0.007142857142857143,0.026530612244897958,0.17959183673469387,0.03775510204081633,0.004081632653061225,0.015306122448979591,0.004081632653061225,0.0010204081632653062,0.05918367346938776,0.006122448979591836,0.006122448979591836,0.25816326530612244,0.022448979591836733,0.04081632653061224,0.04897959183673469
0.2868217054263566,0.006782945736434108,0.025193798449612403,0.1744186046511628,0.0377906976744186,0.0029069767441860465,0.016472868217054265,0.003875968992248062,0.0029069767441860465,0.05329457364341085,0.005813953488372093,0.0048449612403100775,0.2606589147286822,0.027131782945736434,0.040697674418604654,0.050387596899224806
0.29609929078014185,0.0062056737588652485,0.024822695035460994,0.17287234042553193,0.031914893617021274,0.0026595744680851063,0.015070921985815602,0.0035460992907801418,0.0035460992907801418,0.054078014184397165,0.004432624113475178,0.005319148936170213,0.25886524822695034,0.026595744680851064,0.04343971631205674,0.05053191489361702
0.3071729957805907,0.005063291139240506,0.024472573839662448,0.16624472573839663,0.031223628691983123,0.0033755274261603376,0.016033755274261603,0.0016877637130801688,0.0033755274261603376,0.05063291139240506,0.006751054852320675,0.00590717299578059,0.2607594936708861,0.026160337552742614,0.04556962025316456,0.04556962025316456
0.30931174089068825,0.0032388663967611335,0.025101214574898785,0.16680161943319838,0.03319838056680162,0.004048582995951417,0.01700404858299595,0.0032388663967611335,0.0024291497975708503,0.04777327935222672,0.005668016194331984,0.0072874493927125505,0.2591093117408907,0.025101214574898785,0.046153846153846156,0.044534412955465584
0.319910514541387,0.002982848620432513,0.02535421327367636,0.1610738255033557,0.035048471290082026,0.0037285607755406414,0.015659955257270694,0.002982848620432513,0.0022371364653243847,0.0395227442207308,0.006711409395973154,0.007457121551081283,0.2513049962714392,0.027591349739000747,0.054436987322893364,0.04399701715137957
0.32083333333333336,0.002777777777777778,0.02638888888888889,0.16597222222222222,0.030555555555555555,0.003472222222222222,0.015277777777777777,0.005555555555555556,0.004166666666666667,0.03888888888888889,0.00625,0.008333333333333333,0.24791666666666667,0.027083333333333334,0.05277777777777778,0.04375
0.3175542406311637,0.0039447731755424065,0.026298487836949377,0.17094017094017094,0.030900723208415515,0.003287310979618672,0.014464168310322156,0.0046022353714661405,0.0046022353714661405,0.0381328073635766,0.007232084155161078,0.006574621959237344,0.24720578566732412,0.027613412228796843,0.05325443786982249,0.04339250493096647
0.3264150943396226,0.0037735849056603774,0.026415094339622643,0.16855345911949685,0.029559748427672956,0.00440251572327044,0.013836477987421384,0.006289308176100629,0.006289308176100629,0.038364779874213835,0.00880503144654088,0.006289308176100629,0.23836477987421384,0.028930817610062894,0.05220125786163522,0.04150943396226415
0.33214709371293,0.004744958481613286,0.026690391459074734,0.1601423487544484,0.02965599051008304,0.005338078291814947,0.01482799525504152,0.006524317912218268,0.006524317912218268,0.03202846975088968,0.010083036773428233,0.006524317912218268,0.23962040332147094,0.029062870699881376,0.05219454329774614,0.04389086595492289
0.3389355742296919,0.0061624649859943975,0.028011204481792718,0.1535014005602241,0.02689075630252101,0.0067226890756302525,0.014565826330532213,0.007282913165266107,0.00784313725490196,0.03361344537815126,0.009523809523809525,0.0061624649859943975,0.24033613445378152,0.030252100840336135,0.04873949579831933,0.04145658263305322
0.34210526315789475,0.00644468313641246,0.02953813104189044,0.1573576799140709,0.025241675617615467,0.005907626208378088,0.014500537056928034,0.008592910848549946,0.008055853920515575,0.03276047261009667,0.009129967776584319,0.007518796992481203,0.23415682062298604,0.03168635875402793,0.047261009667024706,0.0397422126745435
0.3488729508196721,0.006147540983606557,0.02971311475409836,0.1572745901639344,0.024077868852459015,0.0056352459016393444,0.013831967213114754,0.010245901639344262,0.00819672131147541,0.031762295081967214,0.00819672131147541,0.00819672131147541,0.2351434426229508,0.030225409836065573,0.04456967213114754,0.03790983606557377
0.348019801980198,0.007425742574257425,0.027722772277227723,0.1603960396039604,0.02277227722772277,0.005445544554455445,0.015346534653465346,0.010396039603960397,0.006930693069306931,0.028712871287128714,0.009900990099009901,0.00891089108910891,0.24108910891089108,0.028712871287128714,0.04257425742574258,0.03564356435643564
0.3471894189891356,0.00803023145961266,0.02550779404818139,0.15824279641001418,0.024090694378837978,0.0051960321209258385,0.015115729806329713,0.01086443079829948,0.006613131790269249,0.02975909305621162,0.008502598016060462,0.011809163911195087,0.24563060935285783,0.028814359943316013,0.0396787907416155,0.03495512517713746
0.34766697163769444,0.006861848124428179,0.02607502287282708,0.16010978956999086,0.02333028362305581,0.004574565416285453,0.015096065873741994,0.010978956999085087,0.00777676120768527,0.029734675205855442,0.00869167429094236,0.011893870082342177,0.2442817932296432,0.028362305580969808,0.04025617566331199,0.0343092406221409
0.35120399818264425,0.007723761926397092,0.026351658337119492,0.16083598364379828,0.023625624716038164,0.004997728305315766,0.012721490231712857,0.010449795547478418,0.008632439800090867,0.030895047705588367,0.010449795547478418,0.010449795547478418,0.24034529759200363,0.029077691958200817,0.039527487505679235,0.03271240345297592
0.3548818546589389,0.007579135086937138,0.02719572001783326,0.15425769059295585,0.021845742309407043,0.00490414623272403,0.014266607222469906,0.012037449843958983,0.009362460989745877,0.029870708872046365,0.010254123941150245,0.01069995541685243,0.2456531431119037,0.02719572001783326,0.04012483281319661,0.029870708872046365
0.34498009730207874,0.007518796992481203,0.02565236620964175,0.15568332596196374,0.022556390977443608,0.005307386112339673,0.014153029632905795,0.01238390092879257,0.011057054400707651,0.029632905793896505,0.010172490048651039,0.011057054400707651,0.2547545333923043,0.027421494913754976,0.03847854931446263,0.0291906236178682
0.34554280670785525,0.008384819064430714,0.025154457193292144,0.1557811120917917,0.02030008826125331,0.00617828773168579,0.01412180052956752,0.012797881729920565,0.009708737864077669,0.02736098852603707,0.009708737864077669,0.011915269196822596,0.25728155339805825,0.027802294792586054,0.038393645189761696,0.029567519858781994
0.34799824021117465,0.008358996920369555,0.026836779586449627,0.15794104707435108,0.019797624285085788,0.007039155301363837,0.011878574571051475,0.013638363396392433,0.008798944126704795,0.029036515618125824,0.008358996920369555,0.011878574571051475,0.25208974923009236,0.028156621205455347,0.03915530136383634,0.029036515618125824
0.350597609561753,0.010624169986719787,0.02478972996901284,0.1575918548030102,0.019034971226206288,0.004426737494466578,0.013280212483399735,0.01416555998229305,0.008410801239486499,0.0283311199645861,0.007525453740593183,0.012837538733953076,0.24878264718902168,0.029216467463479414,0.04161133244798584,0.02877379371403276
0.3524663677130045,0.010762331838565023,0.023318385650224215,0.15426008968609867,0.020179372197309416,0.004035874439461884,0.012556053811659192,0.013452914798206279,0.008071748878923767,0.028699551569506727,0.007623318385650224,0.013004484304932735,0.2533632286995516,0.028699551569506727,0.039013452914798206,0.030493273542600896
0.35898576512455516,0.010676156583629894,0.02224199288256228,0.15480427046263345,0.02001779359430605,0.004893238434163701,0.013790035587188613,0.013790035587188613,0.00800711743772242,0.027135231316725978,0.008451957295373666,0.011565836298932384,0.25044483985765126,0.026690391459074734,0.03603202846975089,0.032473309608540925
0.36130742049469966,0.011484098939929329,0.023409893992932862,0.15282685512367492,0.018109540636042403,0.005742049469964664,0.012809187279151944,0.013250883392226149,0.009717314487632508,0.02561837455830389,0.008392226148409895,0.013250883392226149,0.2495583038869258,0.026501766784452298,0.0353356890459364,0.03268551236749117
0.36525612472160357,0.012472160356347439,0.023162583518930958,0.15278396436525613,0.017817371937639197,0.0066815144766146995,0.012917594654788419,0.013808463251670379,0.008908685968819599,0.027171492204899776,0.010244988864142539,0.012917594654788419,0.24810690423162585,0.024498886414253896,0.03474387527839644,0.028507795100222718
0.36387782204515273,0.01195219123505976,0.02257636122177955,0.1522797698096503,0.015050907481186366,0.006640106241699867,0.013722886232846392,0.01416555998229305,0.009296148738379814,0.027888446215139442,0.01018149623727313,0.013280212483399735,0.25232403718459495,0.025232403718459494,0.033200531208499334,0.0283311199645861
0.36797877045555066,0.01238390092879257,0.02565236620964175,0.1534719150818222,0.014153029632905795,0.004865103936311367,0.015037593984962405,0.015037593984962405,0.008845643520566122,0.02697921273772667,0.009287925696594427,0.013268465280849183,0.24944714727996462,0.02476780185758514,0.03184431667403804,0.02697921273772667
0.372843874391862,0.010614772224679346,0.024325519681556832,0.14860681114551083,0.014153029632905795,0.006191950464396285,0.0145953118089341,0.0145953118089341,0.010172490048651039,0.027421494913754976,0.007518796992481203,0.011941618752764263,0.25254312251216277,0.022556390977443608,0.03272888102609465,0.0291906236178682
0.37092511013215856,0.01145374449339207,0.023348017621145373,0.1524229074889868,0.014096916299559472,0.006167400881057269,0.01277533039647577,0.014096916299559472,0.010572687224669603,0.028193832599118944,0.007929515418502203,0.011013215859030838,0.2550660792951542,0.022026431718061675,0.03127753303964758,0.028634361233480177
0.3740088105726872,0.01013215859030837,0.023348017621145373,0.1502202643171806,0.013215859030837005,0.005726872246696035,0.013215859030837005,0.014977973568281937,0.01145374449339207,0.027312775330396475,0.01013215859030837,0.01013215859030837,0.25903083700440527,0.02026431718061674,0.029955947136563875,0.026872246696035242
0.3759431868619618,0.010652463382157125,0.023968042609853527,0.14869063470927651,0.013315579227696404,0.005770084332001775,0.011984021304926764,0.015978695073235686,0.011984021304926764,0.027518863737239236,0.010208610741233911,0.010208610741233911,0.2600976475810031,0.018197958277851752,0.02574345317354638,0.029738126941855306
0.37735849056603776,0.009653356735410267,0.022378236068451074,0.1509433962264151,0.012724879333040808,0.005265467310223783,0.010969723562966213,0.017990346643264588,0.01184730144800351,0.02676612549363756,0.010530934620447565,0.009214567792891619,0.2606406318560772,0.017551557700745943,0.02676612549363756,0.029398859148749453
0.3812694185530404,0.009764758100310697,0.022636484687083888,0.15401686640035508,0.01154016866400355,0.006657789613848202,0.01154016866400355,0.017310252996005325,0.009764758100310697,0.026187305814469597,0.010208610741233911,0.010208610741233911,0.25876608965823344,0.017310252996005325,0.02574345317354638,0.027075011096316024
0.38078448655795505,0.011458792419568091,0.020713970912296167,0.15557514323490523,0.011899515204936095,0.00749228735125606,0.010577346848832084,0.015866020273248127,0.010577346848832084,0.027765535478184222,0.009695901278096077,0.011018069634200088,0.25870427501101806,0.016747465843984136,0.025561921551344204,0.025561921551344204
0.37159190853122254,0.012313104661389622,0.021108179419525065,0.15435356200527706,0.014072119613016711,0.007475813544415127,0.010993843447669306,0.01759014951627089,0.010114335971855761,0.026385224274406333,0.008795074758135445,0.011873350923482849,0.2647317502198769,0.016710642040457344,0.026824978012313105,0.025065963060686015
0.3712389380530973,0.012831858407079646,0.02079646017699115,0.15265486725663716,0.015486725663716814,0.00752212389380531,0.010619469026548672,0.017256637168141593,0.011061946902654867,0.02920353982300885,0.007964601769911504,0.011504424778761062,0.26327433628318586,0.017256637168141593,0.02654867256637168,0.024778761061946902
0.36570155902004453,0.013808463251670379,0.0200445434298441,0.155456570155902,0.015144766146993319,0.008017817371937639,0.008908685968819599,0.01737193763919822,0.010244988864142539,0.028953229398663696,0.008908685968819599,0.010690423162583519,0.27037861915367484,0.01648106904231626,0.025389755011135856,0.024498886414253896
0.3675176056338028,0.014084507042253521,0.018485915492957746,0.15977112676056338,0.014524647887323943,0.007922535211267605,0.010123239436619719,0.019806338028169015,0.009683098591549295,0.027288732394366196,0.010123239436619719,0.01056338028169014,0.2689260563380282,0.014084507042253521,0.02420774647887324,0.022887323943661973
0.3655202821869489,0.015873015873015872,0.018518518518518517,0.15608465608465608,0.014991181657848324,0.009259259259259259,0.008818342151675485,0.02072310405643739,0.009259259259259259,0.026455026455026454,0.011022927689594356,0.012786596119929453,0.27204585537918874,0.013668430335097001,0.02292768959435626,0.02204585537918871
0.36367634124890064,0.013632365875109938,0.017150395778364115,0.15611257695690414,0.014951627088830254,0.008795074758135445,0.008795074758135445,0.018909410729991204,0.009234828496042216,0.028583992963940194,0.009674582233948988,0.012313104661389622,0.2801231310466139,0.013632365875109938,0.024626209322779244,0.01978891820580475
0.3706169551708833,0.013315579227696404,0.01775410563692854,0.15446071904127828,0.014203284509542832,0.009320905459387484,0.008433200177541057,0.017310252996005325,0.009320905459387484,0.027075011096316024,0.009764758100310697,0.011984021304926764,0.2800710164225477,0.013315579227696404,0.023524189968930315,0.019529516200621395
0.367790594498669,0.013309671694764862,0.01774622892635315,0.15705412599822538,0.014640638864241348,0.009760425909494233,0.008429458740017746,0.01730257320319432,0.01064773735581189,0.026175687666370896,0.011091393078970719,0.012866015971606033,0.27861579414374443,0.013309671694764862,0.02129547471162378,0.019964507542147295
0.36767943637164247,0.013650374284456186,0.017173051519154558,0.1576398062527521,0.013650374284456186,0.009247027741083224,0.010127697049757816,0.01805372082782915,0.011889035667107,0.02553940995156319,0.012329370321444297,0.011889035667107,0.27917217084984586,0.012329370321444297,0.019374724790841038,0.02025539409951563
0.3718861209964413,0.012900355871886121,0.018683274021352312,0.1552491103202847,0.013345195729537367,0.00800711743772242,0.011565836298932384,0.020462633451957295,0.013345195729537367,0.02491103202846975,0.01112099644128114,0.01201067615658363,0.2775800711743772,0.01112099644128114,0.019572953736654804,0.018238434163701068
0.3673651359786001,0.013820775746767721,0.018279090503789567,0.15648684797146678,0.012483281319661168,0.008470798038341507,0.00980829246544806,0.020062416406598307,0.013374944271065538,0.024966562639322336,0.01069995541685243,0.012483281319661168,0.28131966116807844,0.01069995541685243,0.019170753455193937,0.02050824788230049
0.3707617789520035,0.013210039630118891,0.017173051519154558,0.15852047556142668,0.012769704975781594,0.007926023778071334,0.010568031704095112,0.01893439013650374,0.013210039630118891,0.026420079260237782,0.010568031704095112,0.012329370321444297,0.2769704975781594,0.010127697049757816,0.018494055482166448,0.022016732716864818
0.3696808510638298,0.011968085106382979,0.015957446808510637,0.1573581560283688,0.01374113475177305,0.008421985815602837,0.00975177304964539,0.01773049645390071,0.014184397163120567,0.026152482269503546,0.008865248226950355,0.013297872340425532,0.28058510638297873,0.011081560283687944,0.018617021276595744,0.022606382978723406
0.35929203539823007,0.011946902654867256,0.01592920353982301,0.1592920353982301,0.015486725663716814,0.009734513274336283,0.009734513274336283,0.015486725663716814,0.012831858407079646,0.026106194690265486,0.009734513274336283,0.01415929203539823,0.2907079646017699,0.011504424778761062,0.017699115044247787,0.020353982300884955
0.36174911660777387,0.012367491166077738,0.016342756183745585,0.1603356890459364,0.015017667844522967,0.009275618374558304,0.0088339222614841,0.016342756183745585,0.012367491166077738,0.030477031802120143,0.008392226148409895,0.014575971731448763,0.2857773851590106,0.012809187279151944,0.015901060070671377,0.019434628975265017
0.3571115973741794,0.012691466083150985,0.01663019693654267,0.15929978118161925,0.014442013129102845,0.00962800875273523,0.0087527352297593,0.01575492341356674,0.014442013129102845,0.02888402625820569,0.00787746170678337,0.01400437636761488,0.29146608315098466,0.01312910284463895,0.016192560175054705,0.019693654266958426
0.3572060123784262,0.01237842617152962,0.015473032714412025,0.15782493368700265,0.013704686118479222,0.009283819628647215,0.009283819628647215,0.01768346595932803,0.015473032714412025,0.030061892130857647,0.007957559681697613,0.013262599469496022,0.29354553492484525,0.013262599469496022,0.016799292661361626,0.016799292661361626
0.35558522474410326,0.01290609701824655,0.014241210502892745,0.1570983533600356,0.014241210502892745,0.00801068090787717,0.008900756564307966,0.01913662661326213,0.015131286159323543,0.029817534490431688,0.009345794392523364,0.012016021361815754,0.2946150422785937,0.014686248331108143,0.017356475300400534,0.016911437472185136
0.3560371517027864,0.013710747456877488,0.0145953118089341,0.15966386554621848,0.013710747456877488,0.00796107916850951,0.010172490048651039,0.01813356921716055,0.014153029632905795,0.03007518796992481,0.008403361344537815,0.010614772224679346,0.29854046881910656,0.013268465280849183,0.01592215833701902,0.015037593984962405
0.3622222222222222,0.013333333333333334,0.015555555555555555,0.1537777777777778,0.013333333333333334,0.007555555555555556,0.011111111111111112,0.01911111111111111,0.013777777777777778,0.028888888888888888,0.008444444444444444,0.011555555555555555,0.296,0.014666666666666666,0.015555555555555555,0.015111111111111112
0.36274944567627493,0.01197339246119734,0.016407982261640797,0.1556541019955654,0.014190687361419069,0.007982261640798226,0.011086474501108648,0.020399113082039913,0.012860310421286032,0.029711751662971176,0.007982261640798226,0.010643015521064302,0.293569844789357,0.015521064301552107,0.014634146341463415,0.014634146341463415
0.3576803895528995,0.01239486498450642,0.014608233731739707,0.15626383355467022,0.01239486498450642,0.006640106241699867,0.010624169986719787,0.0199203187250996,0.01416555998229305,0.029659141212926073,0.008410801239486499,0.01239486498450642,0.30278884462151395,0.015050907481186366,0.012837538733953076,0.01416555998229305
0.3597154290795909,0.01200533570475767,0.013339261894175189,0.16051578479324144,0.011560693641618497,0.006224988883948421,0.010226767452200978,0.0213428190306803,0.01200533570475767,0.02712316585148955,0.008448199199644287,0.012449977767896843,0.30013339261894173,0.0164517563361494,0.012449977767896843,0.01600711427301023
0.3599290780141844,0.014184397163120567,0.013297872340425532,0.16134751773049646,0.012854609929078014,0.006648936170212766,0.010638297872340425,0.01950354609929078,0.01152482269503546,0.02925531914893617,0.008421985815602837,0.01152482269503546,0.29609929078014185,0.015957446808510637,0.012411347517730497,0.016400709219858155
0.35490973139586085,0.013650374284456186,0.01453104359313078,0.16072214883311317,0.013650374284456186,0.006164685160722149,0.011008366358432409,0.018494055482166448,0.010568031704095112,0.028181417877586965,0.008806693086745927,0.010568031704095112,0.3003082342580361,0.01805372082782915,0.013650374284456186,0.01673271686481726
0.3562913907284768,0.013686534216335542,0.01456953642384106,0.15849889624724062,0.0141280353200883,0.005298013245033113,0.009271523178807948,0.018984547461368653,0.010596026490066225,0.0282560706401766,0.009713024282560706,0.011037527593818985,0.30772626931567326,0.017660044150110375,0.011479028697571744,0.012803532008830023
0.3599290780141844,0.014627659574468085,0.015070921985815602,0.15469858156028368,0.012411347517730497,0.0070921985815602835,0.00975177304964539,0.018173758865248225,0.011081560283687944,0.02526595744680851,0.00975177304964539,0.011081560283687944,0.3120567375886525,0.016843971631205674,0.010195035460992909,0.011968085106382979
0.3554083885209713,0.0141280353200883,0.01456953642384106,0.16114790286975716,0.011479028697571744,0.0075055187637969095,0.008830022075055188,0.016777041942604858,0.009713024282560706,0.0282560706401766,0.011920529801324504,0.010154525386313467,0.30993377483443707,0.017218543046357615,0.008830022075055188,0.0141280353200883
0.35145888594164454,0.015030946065428824,0.013262599469496022,0.15649867374005305,0.011494252873563218,0.009283819628647215,0.009283819628647215,0.01900972590627763,0.009725906277630416,0.029177718832891247,0.011052166224580018,0.011052166224580018,0.3103448275862069,0.016799292661361626,0.010167992926613616,0.016357206012378427
0.35504014272970563,0.015165031222123104,0.01159678858162355,0.15075825156110614,0.012042818911685994,0.010258697591436218,0.010258697591436218,0.0191793041926851,0.00847457627118644,0.032114183764495985,0.009812667261373774,0.010258697591436218,0.31043710972346117,0.01694915254237288,0.012042818911685994,0.015611061552185548
0.3533801580333626,0.014486391571553995,0.010535557506584723,0.15013169446883232,0.01141352063213345,0.010974539069359086,0.00877963125548727,0.017998244073748903,0.009218612818261633,0.031167690956979806,0.009218612818261633,0.010535557506584723,0.31913959613696224,0.015364354697102721,0.011852502194907815,0.015803336259877086
0.3405958203646065,0.014673188083592708,0.011560693641618497,0.151622943530458,0.009782125389061804,0.011560693641618497,0.009782125389061804,0.017785682525566917,0.008892841262783458,0.03201422854602046,0.010226767452200978,0.011116051578479324,0.3241440640284571,0.01600711427301023,0.012449977767896843,0.017785682525566917
0.3445527015057573,0.012843224092116917,0.013286093888396812,0.15544729849424269,0.010186005314437556,0.010628875110717449,0.011071744906997343,0.01771479185119575,0.00841452612931798,0.0283436669619132,0.010186005314437556,0.011957484499557131,0.31930912311780335,0.01550044286979628,0.012400354295837024,0.01815766164747564
0.35437972432192083,0.012894619831036016,0.013339261894175189,0.14851044908848376,0.011560693641618497,0.011560693641618497,0.008892841262783458,0.01511783014673188,0.009782125389061804,0.026678523788350377,0.011560693641618497,0.014673188083592708,0.31658514895509116,0.014673188083592708,0.011560693641618497,0.01823032458870609
0.3487544483985765,0.012455516014234875,0.011565836298932384,0.15080071174377224,0.01112099644128114,0.009786476868327402,0.008896797153024912,0.015124555160142349,0.009341637010676156,0.027580071174377226,0.010676156583629894,0.016459074733096084,0.3220640569395018,0.015569395017793594,0.01112099644128114,0.018683274021352312
0.34821034025629694,0.01104728236853734,0.011931064958020326,0.1515687140963323,0.01104728236853734,0.010163499779054353,0.007954043305346884,0.015024304021210782,0.010163499779054353,0.029164825452938577,0.01104728236853734,0.015908086610693768,0.3239063190455148,0.014582412726469289,0.010605391073795847,0.017675651789659744
0.3488681757656458,0.01154016866400355,0.01287172658677319,0.15046604527296936,0.010208610741233911,0.008433200177541057,0.009320905459387484,0.016422547714158898,0.01287172658677319,0.02885042166000888,0.011096316023080338,0.015534842432312472,0.316023080337328,0.015534842432312472,0.012427873945849977,0.019529516200621395
0.3493488998652896,0.013022002694207453,0.013920071845532105,0.1522227211495285,0.010327795240233499,0.009878760664571173,0.008531656937584195,0.014369106421194431,0.01122586439155815,0.026044005388414906,0.010327795240233499,0.014818140996856757,0.31836551414458913,0.016165244723843737,0.01347103726986978,0.01796138302649304
0.352549889135255,0.013747228381374724,0.013747228381374724,0.15033259423503326,0.010643015521064302,0.008869179600886918,0.009312638580931265,0.013747228381374724,0.010643015521064302,0.02616407982261641,0.011086474501108648,0.014190687361419069,0.3197339246119734,0.015521064301552107,0.011529933481152993,0.01818181818181818
0.35638297872340424,0.01374113475177305,0.015070921985815602,0.14937943262411346,0.010195035460992909,0.008421985815602837,0.009308510638297872,0.01551418439716312,0.011081560283687944,0.02526595744680851,0.01152482269503546,0.014627659574468085,0.3151595744680851,0.015070921985815602,0.010638297872340425,0.018617021276595744
0.353486319505737,0.01147396293027361,0.015445719329214475,0.15092674315975288,0.01235657546337158,0.009267431597528684,0.010150044130626656,0.015445719329214475,0.011032656663724626,0.0264783759929391,0.009708737864077669,0.01500441306266549,0.31332744924977934,0.016328331862312445,0.01147396293027361,0.018093556928508385
0.34748010610079577,0.011052166224580018,0.014146772767462422,0.15738284703801944,0.013262599469496022,0.01237842617152962,0.009725906277630416,0.016357206012378427,0.010167992926613616,0.02431476569407604,0.010167992926613616,0.015473032714412025,0.3116710875331565,0.015473032714412025,0.011936339522546418,0.01900972590627763
0.3444493198771391,0.01184730144800351,0.014041246160596753,0.15796401930671347,0.013602457218078104,0.01184730144800351,0.008775778850372971,0.015796401930671347,0.008336989907854322,0.023255813953488372,0.013602457218078104,0.016235190873189996,0.31154014918824047,0.017990346643264588,0.01184730144800351,0.018867924528301886
0.34503950834064967,0.010535557506584723,0.015803336259877086,0.1584723441615452,0.013608428446005268,0.012291483757682178,0.01009657594381036,0.01755926251097454,0.007462686567164179,0.0228270412642669,0.013608428446005268,0.015803336259877086,0.3090430201931519,0.01755926251097454,0.010974539069359086,0.019315188762071993
0.3414203793559771,0.010145566828407587,0.015880017644464048,0.16453462726069695,0.013674459638288486,0.011910013233348038,0.010145566828407587,0.014556682840758712,0.007940008822232024,0.023820026466696075,0.012792236435818262,0.0141155712395236,0.3109836788707543,0.018526687251874726,0.010145566828407587,0.01940891045434495
0.34450816056462286,0.010145566828407587,0.015880017644464048,0.16012351124834584,0.013233348037053375,0.012351124834583149,0.011468901632112925,0.014997794441993825,0.008381120423467137,0.023820026466696075,0.011468901632112925,0.013674459638288486,0.31363034847816496,0.018967798853109837,0.009263343625937363,0.01808557565063961
0.3453173546382601,0.009320905459387484,0.015978695073235686,0.15934309809143365,0.012427873945849977,0.013759431868619618,0.011096316023080338,0.015090989791389259,0.007545494895694629,0.022636484687083888,0.009320905459387484,0.013759431868619618,0.3186861961828673,0.018197958277851752,0.009764758100310697,0.01775410563692854
0.35031000885739594,0.010628875110717449,0.01550044286979628,0.15544729849424269,0.012400354295837024,0.013286093888396812,0.011957484499557131,0.015943312666076175,0.009300265721877768,0.022143489813994686,0.0070859167404783,0.015943312666076175,0.31620903454384414,0.017271922054915855,0.010628875110717449,0.015943312666076175
0.34249003101462117,0.0101905183872397,0.01639344262295082,0.15684536996012405,0.011962782454585734,0.011962782454585734,0.011519716437749225,0.01639344262295082,0.0101905183872397,0.02303943287549845,0.007975188303057155,0.016836508639787327,0.31679220203810365,0.01860877270713336,0.011519716437749225,0.017279574656623838
0.33989501312335957,0.009623797025371828,0.015748031496062992,0.15660542432195976,0.012248468941382326,0.01399825021872266,0.01268591426071741,0.01706036745406824,0.010498687664041995,0.022747156605424323,0.008748906386701663,0.017935258092738406,0.31583552055993,0.017497812773403325,0.011373578302712161,0.017497812773403325
0.3417441345728198,0.008853474988933156,0.014608233731739707,0.15582115980522354,0.011509517485613104,0.013722886232846392,0.013722886232846392,0.01814962372731297,0.010624169986719787,0.02080566622399292,0.009296148738379814,0.01814962372731297,0.31739707835325365,0.01859229747675963,0.010624169986719787,0.01637892872952634
0.34853852967227633,0.008857395925597875,0.015057573073516387,0.1545615589016829,0.011071744906997343,0.01550044286979628,0.011514614703277236,0.017271922054915855,0.010186005314437556,0.01904340124003543,0.009300265721877768,0.015943312666076175,0.3175376439326838,0.01815766164747564,0.011514614703277236,0.015943312666076175
0.34152883325882877,0.009387572641931158,0.014304872597228431,0.15601251676352257,0.010728654447921324,0.016092981671881983,0.011175681716584712,0.015198927134555208,0.0116227089852481,0.022351363433169423,0.009834599910594547,0.015645954403218598,0.32275368797496645,0.01743406347787215,0.010728654447921324,0.015198927134555208
0.3448123620309051,0.010154525386313467,0.015894039735099338,0.1554083885209713,0.010596026490066225,0.016777041942604858,0.011920529801324504,0.01545253863134658,0.011479028697571744,0.02119205298013245,0.009271523178807948,0.0141280353200883,0.32097130242825606,0.017218543046357615,0.010596026490066225,0.0141280353200883
0.34834968777876896,0.008920606601248885,0.01694915254237288,0.14852809991079394,0.011150758251561105,0.015611061552185548,0.013826940231935772,0.01650312221231044,0.009812667261373774,0.023639607493309546,0.008920606601248885,0.012934879571810883,0.32292595896520965,0.01784121320249777,0.011150758251561105,0.012934879571810883
0.3440142412105029,0.010235870048954161,0.01824655095683133,0.14908767245215843,0.010680907877169559,0.017801513128615932,0.01335113484646195,0.015131286159323543,0.009345794392523364,0.022251891410769914,0.008900756564307966,0.01290609701824655,0.32532265242545616,0.018691588785046728,0.009790832220738763,0.014241210502892745
0.3477292965271594,0.009349955476402494,0.016028495102404273,0.1522707034728406,0.011130899376669634,0.016918967052537846,0.013802315227070348,0.012021371326803205,0.009795191451469279,0.025823686553873553,0.008014247551202136,0.012911843276936777,0.323686553873553,0.017809439002671415,0.008904719501335707,0.013802315227070348
0.35218165627782727,0.009795191451469279,0.013802315227070348,0.1460373998219056,0.010240427426536063,0.014247551202137132,0.014247551202137132,0.01157613535173642,0.009349955476402494,0.02626892252894034,0.008459483526268923,0.013802315227070348,0.3268032056990205,0.01914514692787177,0.009349955476402494,0.014692787177203919
0.3436669619131975,0.00841452612931798,0.015057573073516387,0.1488042515500443,0.011071744906997343,0.013728963684676704,0.013728963684676704,0.011514614703277236,0.010186005314437556,0.023914968999114262,0.008857395925597875,0.012843224092116917,0.3365810451727192,0.017271922054915855,0.010628875110717449,0.013728963684676704
0.3511248345831495,0.009704455227172474,0.015438906043228937,0.14600794000882222,0.011468901632112925,0.0141155712395236,0.014556682840758712,0.011910013233348038,0.00882223202470225,0.024702249669166298,0.008381120423467137,0.013674459638288486,0.3286281429201588,0.01808557565063961,0.010145566828407587,0.013233348037053375
0.34902309058614567,0.008436944937833037,0.015097690941385435,0.14653641207815277,0.011989342806394316,0.013321492007104795,0.013321492007104795,0.011989342806394316,0.007548845470692718,0.020426287744227355,0.008436944937833037,0.014209591474245116,0.3392539964476021,0.016873889875666074,0.011545293072824156,0.011989342806394316
0.3527839643652561,0.008463251670378619,0.011581291759465479,0.14342984409799556,0.010690423162583519,0.013808463251670379,0.012917594654788419,0.012026726057906459,0.008908685968819599,0.02182628062360802,0.008908685968819599,0.015144766146993319,0.3363028953229399,0.01648106904231626,0.013808463251670379,0.012917594654788419
0.3489813994685562,0.00841452612931798,0.011957484499557131,0.13950398582816653,0.00974313551815766,0.012400354295837024,0.012843224092116917,0.011957484499557131,0.011071744906997343,0.021257750221434897,0.010186005314437556,0.014614703277236492,0.3432240921169176,0.016386182462356066,0.015057573073516387,0.012400354295837024
