C_R,C_A,C_S,C_N,D_R,D_A,D_S,D_N,Oc_R,Oc_A,Oc_S,Oc_N,Od_R,Od_A,Od_S,Od_N
0.0,0.0,0.0,0.0,0.0,0.0,0.0,0.0,0.0,0.0,0.0,0.0,1.0,0.0,0.0,0.0
0.25,0.0,0.0,0.0,0.0,0.0,0.0,0.0,0.0,0.0,0.0,0.0,0.75,0.0,0.0,0.0
0.2857142857142857,0.14285714285714285,0.0,0.0,0.0,0.0,0.0,0.0,0.0,0.0,0.0,0.14285714285714285,0.42857142857142855,0.0,0.0,0.0
0.18181818181818182,0.09090909090909091,0.0,0.0,0.0,0.0,0.0,0.09090909090909091,0.0,0.0,0.0,0.09090909090909091,0.5454545454545454,0.0,0.0,0.0
0.25,0.0,0.125,0.0,0.0,0.0,0.0,0.0625,0.0,0.0,0.0,0.0625,0.5,0.0,0.0,0.0
0.2727272727272727,0.0,0.13636363636363635,0.0,0.0,0.045454545454545456,0.0,0.045454545454545456,0.0,0.0,0.0,0.045454545454545456,0.45454545454545453,0.0,0.0,0.0
0.22580645161290322,0.0,0.16129032258064516,0.0,0.06451612903225806,0.03225806451612903,0.0,0.03225806451612903,0.0,0.0,0.0,0.03225806451612903,0.45161290322580644,0.0,0.0,0.0
0.23684210526315788,0.0,0.15789473684210525,0.0,0.05263157894736842,0.07894736842105263,0.0,0.02631578947368421,0.0,0.0,0.0,0.02631578947368421,0.42105263157894735,0.0,0.0,0.0
0.2127659574468085,0.0,0.14893617021276595,0.0,0.06382978723404255,0.0851063829787234,0.0,0.02127659574468085,0.0,0.0,0.0,0.02127659574468085,0.44680851063829785,0.0,0.0,0.0
0.25,0.0,0.1323529411764706,0.0,0.058823529411764705,0.10294117647058823,0.0,0.014705882352941176,0.0,0.0,0.0,0.014705882352941176,0.4264705882352941,0.0,0.0,0.0
0.25,0.010416666666666666,0.11458333333333333,0.0,0.041666666666666664,0.07291666666666667,0.0,0.020833333333333332,0.020833333333333332,0.0,0.0,0.010416666666666666,0.4375,0.020833333333333332,0.0,0.0
0.2601626016260163,0.008130081300813009,0.11382113821138211,0.0,0.04065040650406504,0.08130081300813008,0.0,0.016260162601626018,0.016260162601626018,0.0,0.0,0.016260162601626018,0.43089430894308944,0.016260162601626018,0.0,0.0
0.2896551724137931,0.0,0.0896551724137931,0.006896551724137931,0.034482758620689655,0.10344827586206896,0.013793103448275862,0.020689655172413793,0.020689655172413793,0.006896551724137931,0.0,0.020689655172413793,0.3724137931034483,0.020689655172413793,0.0,0.0
0.31976744186046513,0.0,0.09302325581395349,0.005813953488372093,0.029069767441860465,0.10465116279069768,0.011627906976744186,0.01744186046511628,0.011627906976744186,0.005813953488372093,0.0,0.023255813953488372,0.36046511627906974,0.01744186046511628,0.0,0.0
0.30434782608695654,0.0,0.0966183574879227,0.00966183574879227,0.028985507246376812,0.11594202898550725,0.014492753623188406,0.01932367149758454,0.014492753623188406,0.004830917874396135,0.004830917874396135,0.01932367149758454,0.357487922705314,0.00966183574879227,0.0,0.0
0.3045267489711934,0.0,0.08641975308641975,0.00823045267489712,0.0411522633744856,0.12345679012345678,0.012345679012345678,0.024691358024691357,0.01646090534979424,0.00411522633744856,0.00823045267489712,0.01646090534979424,0.3497942386831276,0.00411522633744856,0.0,0.0
0.3079710144927536,0.0,0.07608695652173914,0.007246376811594203,0.05434782608695652,0.13405797101449277,0.010869565217391304,0.03260869565217391,0.010869565217391304,0.010869565217391304,0.010869565217391304,0.010869565217391304,0.32971014492753625,0.0036231884057971015,0.0,0.0
0.32710280373831774,0.0,0.06853582554517133,0.009345794392523364,0.04672897196261682,0.11526479750778816,0.009345794392523364,0.028037383177570093,0.012461059190031152,0.01557632398753894,0.009345794392523364,0.006230529595015576,0.34890965732087226,0.0,0.0,0.003115264797507788
0.3194444444444444,0.002777777777777778,0.06944444444444445,0.013888888888888888,0.03888888888888889,0.09722222222222222,0.008333333333333333,0.03333333333333333,0.008333333333333333,0.019444444444444445,0.008333333333333333,0.005555555555555556,0.36944444444444446,0.0,0.0,0.005555555555555556
0.3192488262910798,0.002347417840375587,0.06338028169014084,0.014084507042253521,0.04225352112676056,0.09859154929577464,0.004694835680751174,0.03286384976525822,0.009389671361502348,0.02112676056338028,0.007042253521126761,0.004694835680751174,0.3685446009389671,0.0,0.002347417840375587,0.009389671361502348
0.3311546840958606,0.0,0.06100217864923747,0.010893246187363835,0.04139433551198257,0.10021786492374728,0.004357298474945534,0.037037037037037035,0.006535947712418301,0.02178649237472767,0.013071895424836602,0.002178649237472767,0.355119825708061,0.0,0.006535947712418301,0.008714596949891068
0.3231939163498099,0.0,0.051330798479087454,0.013307984790874524,0.03612167300380228,0.09315589353612168,0.0038022813688212928,0.034220532319391636,0.0076045627376425855,0.019011406844106463,0.011406844106463879,0.0019011406844106464,0.3916349809885932,0.0,0.005703422053231939,0.0076045627376425855
0.31092436974789917,0.0,0.043697478991596636,0.013445378151260505,0.03865546218487395,0.08907563025210084,0.0033613445378151263,0.030252100840336135,0.008403361344537815,0.021848739495798318,0.015126050420168067,0.0067226890756302525,0.4050420168067227,0.0016806722689075631,0.005042016806722689,0.0067226890756302525
0.3219584569732938,0.0,0.040059347181008904,0.011869436201780416,0.03857566765578635,0.08902077151335312,0.002967359050445104,0.03857566765578635,0.008902077151335312,0.020771513353115726,0.013353115727002967,0.00741839762611276,0.39317507418397624,0.001483679525222552,0.005934718100890208,0.005934718100890208
0.32472826086956524,0.001358695652173913,0.033967391304347824,0.010869565217391304,0.03940217391304348,0.08831521739130435,0.002717391304347826,0.042119565217391304,0.006793478260869565,0.014945652173913044,0.012228260869565218,0.009510869565217392,0.3953804347826087,0.001358695652173913,0.008152173913043478,0.008152173913043478
0.3256997455470738,0.002544529262086514,0.03307888040712468,0.010178117048346057,0.03816793893129771,0.09033078880407125,0.003816793893129771,0.044529262086514,0.007633587786259542,0.015267175572519083,0.008905852417302799,0.010178117048346057,0.39185750636132316,0.001272264631043257,0.008905852417302799,0.007633587786259542
0.32325581395348835,0.002325581395348837,0.03372093023255814,0.0069767441860465115,0.040697674418604654,0.08837209302325581,0.004651162790697674,0.05232558139534884,0.009302325581395349,0.01627906976744186,0.00813953488372093,0.00813953488372093,0.38953488372093026,0.0034883720930232558,0.0069767441860465115,0.005813953488372093
0.31919406150583246,0.003181336161187699,0.027571580063626724,0.007423117709437964,0.03817603393425239,0.08907741251325557,0.005302226935312832,0.05408271474019088,0.009544008483563097,0.016967126193001062,0.009544008483563097,0.007423117709437964,0.3934252386002121,0.0042417815482502655,0.007423117709437964,0.007423117709437964
0.31414634146341464,0.003902439024390244,0.025365853658536587,0.006829268292682927,0.0351219512195122,0.08682926829268292,0.003902439024390244,0.06146341463414634,0.007804878048780488,0.01951219512195122,0.007804878048780488,0.00878048780487805,0.3960975609756098,0.007804878048780488,0.007804878048780488,0.006829268292682927
0.32407407407407407,0.003703703703703704,0.020370370370370372,0.009259259259259259,0.03333333333333333,0.08703703703703704,0.003703703703703704,0.06388888888888888,0.008333333333333333,0.016666666666666666,0.005555555555555556,0.012037037037037037,0.38796296296296295,0.008333333333333333,0.007407407407407408,0.008333333333333333
0.3240033927056828,0.002544529262086514,0.02205258693808312,0.01441899915182358,0.032230703986429174,0.08312128922815945,0.0033927056827820186,0.06276505513146735,0.010178117048346057,0.016963528413910092,0.005089058524173028,0.011874469889737066,0.38676844783715014,0.008481764206955046,0.006785411365564037,0.009329940627650551
0.32792207792207795,0.003246753246753247,0.01948051948051948,0.016233766233766232,0.028409090909090908,0.0836038961038961,0.00487012987012987,0.06168831168831169,0.012175324675324676,0.01948051948051948,0.00487012987012987,0.012175324675324676,0.38392857142857145,0.005681818181818182,0.008116883116883116,0.008116883116883116
0.3220466516177577,0.005267118133935289,0.021068472535741158,0.01730624529721595,0.025583145221971408,0.0797592174567344,0.004514672686230248,0.06320541760722348,0.010534236267870579,0.018811136192626036,0.003762227238525207,0.013544018058690745,0.3912716328066215,0.006019563581640331,0.008276899924755455,0.009029345372460496
0.3186416184971098,0.005780346820809248,0.02023121387283237,0.019508670520231215,0.024566473988439308,0.08526011560693642,0.005780346820809248,0.05997109826589595,0.011560693641618497,0.020953757225433526,0.005780346820809248,0.01083815028901734,0.38511560693641617,0.0050578034682080926,0.007947976878612716,0.01300578034682081
0.31393775372124494,0.0040595399188092015,0.018267929634641408,0.023004059539918808,0.02571041948579161,0.08728010825439783,0.006089309878213802,0.05548037889039242,0.010148849797023005,0.02165087956698241,0.005412719891745603,0.010825439783491205,0.3876860622462788,0.005412719891745603,0.008119079837618403,0.016914749661705007
0.3070404172099087,0.003259452411994785,0.016297262059973925,0.02216427640156454,0.027379400260756193,0.08930899608865711,0.005867014341590613,0.05541069100391134,0.010430247718383311,0.024119947848761408,0.007170795306388526,0.01108213820078227,0.3859191655801825,0.007822685788787484,0.009126466753585397,0.017601043024771838
0.30617283950617286,0.0030864197530864196,0.016666666666666666,0.024074074074074074,0.029012345679012345,0.08580246913580247,0.008024691358024692,0.05864197530864197,0.010493827160493827,0.025308641975308643,0.009259259259259259,0.010493827160493827,0.37839506172839504,0.009876543209876543,0.009259259259259259,0.015432098765432098
0.3038507821901324,0.0030084235860409147,0.016245487364620937,0.028279181708784597,0.027677496991576414,0.08303249097472924,0.01022864019253911,0.06257521058965103,0.009025270758122744,0.027677496991576414,0.006618531889290012,0.012033694344163659,0.3724428399518652,0.009626955475330927,0.011432009626955475,0.016245487364620937
0.29976717112922,0.002328288707799767,0.014551804423748545,0.030267753201396973,0.027357392316647265,0.08149010477299184,0.010477299185098952,0.0640279394644936,0.007566938300349243,0.02619324796274738,0.008149010477299184,0.011059371362048894,0.380093131548312,0.009313154831199068,0.010477299185098952,0.016880093131548313
0.30161380077907624,0.0038953811908736783,0.014468558708959377,0.0333889816360601,0.027267668336115748,0.0790205898720089,0.01001669449081803,0.06232609905397885,0.006121313299944352,0.02671118530884808,0.0077907623817473565,0.011129660545353366,0.3795214245965498,0.010573177518085699,0.008903728436282694,0.01725097384529772
0.3044189852700491,0.004909983633387889,0.014184397163120567,0.03491543917075832,0.02673213311511184,0.07801418439716312,0.009274413529732678,0.06328423349699945,0.006546644844517185,0.025095471903982543,0.006546644844517185,0.012002182214948172,0.375886524822695,0.011456628477905073,0.00872885979268958,0.01800327332242226
0.29608355091383814,0.006266318537859008,0.012010443864229765,0.03498694516971279,0.025065274151436032,0.07780678851174935,0.00835509138381201,0.06736292428198433,0.006266318537859008,0.026631853785900782,0.007832898172323759,0.011488250652741514,0.3796344647519582,0.012532637075718016,0.009921671018276762,0.017754569190600523
0.3014818599897803,0.005109862033725089,0.012263668880940215,0.03576903423607562,0.021461420541645376,0.0746039856923863,0.008686765457332652,0.07000510986203373,0.0061318344404701075,0.025038323965252938,0.007664793050587634,0.009708737864077669,0.3811957077158917,0.013796627491057742,0.009708737864077669,0.017373530914665303
0.3130262506191184,0.005943536404160475,0.01188707280832095,0.0396235760277365,0.022288261515601784,0.06983655274888559,0.007429420505200594,0.0703318474492323,0.0064388311045071814,0.02526002971768202,0.0079247152055473,0.010401188707280832,0.3680039623576028,0.01337295690936107,0.008915304606240713,0.019316493313521546
0.3112391930835735,0.0067243035542747355,0.011527377521613832,0.037463976945244955,0.022094140249759846,0.06772334293948126,0.007684918347742555,0.069164265129683,0.006243996157540826,0.028338136407300672,0.007684918347742555,0.011527377521613832,0.36839577329490875,0.013448607108549471,0.010086455331412104,0.020653218059558116
0.3168224299065421,0.00794392523364486,0.011214953271028037,0.038317757009345796,0.022429906542056073,0.06542056074766354,0.008878504672897197,0.06588785046728972,0.006074766355140187,0.027570093457943926,0.007009345794392523,0.011682242990654205,0.36728971962616824,0.014953271028037384,0.009813084112149532,0.018691588785046728
0.31088560885608857,0.009686346863468635,0.009686346863468635,0.03966789667896679,0.022601476014760147,0.06549815498154982,0.010608856088560886,0.06872693726937269,0.006918819188191882,0.0272140221402214,0.006918819188191882,0.011531365313653136,0.3671586715867159,0.014760147601476014,0.008763837638376383,0.01937269372693727
0.3099361896080219,0.010027347310847767,0.009571558796718322,0.03919781221513218,0.020054694621695533,0.06381039197812215,0.012306289881494986,0.06973564266180492,0.006381039197812215,0.027347310847766638,0.005013673655423883,0.010938924339106655,0.37192342752962626,0.014585232452142206,0.008659981768459436,0.020510483135824976
0.30869761153672826,0.010365029292474088,0.010815682739972961,0.03830554303740424,0.022082018927444796,0.0626408292023434,0.011266336187471835,0.067598017124831,0.005858494817485353,0.02794051374493015,0.005407841369986481,0.011716989634970707,0.36863452005407843,0.01622352410995944,0.011716989634970707,0.020730058584948176
0.3172690763052209,0.011601963409192326,0.011601963409192326,0.038375725122713075,0.020526550647032574,0.06157965194109773,0.011155734047300312,0.06604194556001784,0.00535475234270415,0.02989736724676484,0.00535475234270415,0.012048192771084338,0.3614457831325301,0.01651048639000446,0.011155734047300312,0.020080321285140562
0.31616341030195383,0.010657193605683837,0.011989342806394316,0.035523978685612786,0.020870337477797513,0.0630550621669627,0.011989342806394316,0.06793960923623446,0.003552397868561279,0.03063943161634103,0.0066607460035523975,0.013765541740674956,0.3592362344582593,0.016429840142095916,0.010657193605683837,0.020870337477797513
0.3147410358565737,0.010624169986719787,0.011509517485613104,0.03718459495351926,0.021248339973439574,0.06020362992474546,0.011066843736166445,0.06463036741921203,0.004869411243913236,0.03142983621071271,0.007525453740593183,0.012837538733953076,0.3629924745462594,0.01814962372731297,0.011066843736166445,0.0199203187250996
0.3116423196104471,0.008853474988933156,0.01239486498450642,0.03851261620185923,0.021248339973439574,0.05976095617529881,0.011509517485613104,0.06285967242142541,0.006640106241699867,0.033200531208499334,0.007082779991146525,0.013280212483399735,0.3665338645418327,0.017706949977866312,0.010624169986719787,0.01814962372731297
0.3206618962432916,0.008944543828264758,0.012075134168157423,0.040697674418604654,0.02146690518783542,0.05858676207513417,0.012075134168157423,0.06350626118067978,0.007602862254025045,0.03041144901610018,0.005366726296958855,0.012075134168157423,0.36404293381037567,0.01520572450805009,0.00849731663685152,0.018783542039355994
0.3167037861915368,0.008908685968819599,0.012026726057906459,0.04142538975501114,0.022271714922048998,0.05434298440979955,0.010690423162583519,0.06770601336302895,0.008017817371937639,0.031180400890868598,0.005790645879732739,0.012472160356347439,0.3648106904231626,0.015144766146993319,0.008908685968819599,0.019599109131403118
0.3193950177935943,0.007562277580071174,0.010676156583629894,0.04314946619217082,0.02001779359430605,0.05382562277580071,0.012455516014234875,0.06405693950177936,0.008896797153024912,0.029359430604982206,0.006227758007117438,0.014234875444839857,0.36565836298932386,0.014679715302491103,0.007562277580071174,0.02224199288256228
0.3182834152883326,0.007152436298614216,0.012516763522574878,0.042914617791685296,0.018775145283862316,0.05453732677693339,0.013410818059901655,0.06347787215020116,0.008940545373267769,0.028609745194456863,0.006705409029950827,0.012963790791238265,0.3683504693786321,0.015198927134555208,0.008046490835940992,0.02011622708985248
0.31793960923623443,0.0066607460035523975,0.013321492007104795,0.04262877442273535,0.017761989342806393,0.05728241563055062,0.014209591474245116,0.06616341030195382,0.009769094138543518,0.02886323268206039,0.007548845470692718,0.012433392539964476,0.36456483126110123,0.014653641207815276,0.008436944937833037,0.017761989342806393
0.31235955056179776,0.005842696629213483,0.014382022471910113,0.04584269662921348,0.018426966292134833,0.054831460674157305,0.014831460674157304,0.06606741573033707,0.011235955056179775,0.025617977528089888,0.008089887640449439,0.011685393258426966,0.3680898876404494,0.014831460674157304,0.008988764044943821,0.01887640449438202
0.31410825199645076,0.006211180124223602,0.014640638864241348,0.049689440993788817,0.018633540372670808,0.05102040816326531,0.013753327417923691,0.0616681455190772,0.009760425909494233,0.026619343389529725,0.008873114463176575,0.012422360248447204,0.367790594498669,0.014640638864241348,0.01020408163265306,0.019964507542147295
0.315625,0.004910714285714286,0.014285714285714285,0.049553571428571426,0.01830357142857143,0.048214285714285716,0.014285714285714285,0.06160714285714286,0.010714285714285714,0.026785714285714284,0.008035714285714285,0.011607142857142858,0.37008928571428573,0.014732142857142857,0.012053571428571429,0.019196428571428573
0.317960088691796,0.005321507760532151,0.013747228381374724,0.05144124168514413,0.019068736141906874,0.049223946784922396,0.012860310421286032,0.06208425720620843,0.010643015521064302,0.02616407982261641,0.00975609756097561,0.012860310421286032,0.36097560975609755,0.013303769401330377,0.012416851441241685,0.022172949002217297
0.3125,0.007535460992907801,0.015070921985815602,0.0549645390070922,0.019060283687943262,0.04964539007092199,0.012854609929078014,0.06338652482269504,0.010195035460992909,0.024379432624113476,0.008865248226950355,0.011968085106382979,0.3603723404255319,0.015070921985815602,0.01152482269503546,0.022606382978723406
0.31224944320712694,0.0071269487750556795,0.016035634743875277,0.055233853006681516,0.01915367483296214,0.05077951002227171,0.012472160356347439,0.06503340757238307,0.011135857461024499,0.024053452115812918,0.008908685968819599,0.013363028953229399,0.35723830734966594,0.015144766146993319,0.011135857461024499,0.02093541202672606
0.3184684684684685,0.006756756756756757,0.014864864864864866,0.0545045045045045,0.02117117117117117,0.046396396396396394,0.012612612612612612,0.06126126126126126,0.00945945945945946,0.022972972972972974,0.00945945945945946,0.013513513513513514,0.36036036036036034,0.014864864864864866,0.011711711711711712,0.021621621621621623
0.3231597845601436,0.006732495511669659,0.013913824057450628,0.05430879712746858,0.02064631956912029,0.04533213644524237,0.012567324955116697,0.05745062836624776,0.011220825852782765,0.02333931777378815,0.008976660682226212,0.013016157989228007,0.3653500897666068,0.013464991023339317,0.011669658886894075,0.018850987432675045
0.3247216035634744,0.0066815144766146995,0.012026726057906459,0.056570155902004454,0.017817371937639197,0.04365256124721604,0.014699331848552339,0.06102449888641425,0.008908685968819599,0.024944320712694878,0.008017817371937639,0.012472160356347439,0.3648106904231626,0.013808463251670379,0.012472160356347439,0.01737193763919822
0.3274021352313167,0.005782918149466192,0.013345195729537367,0.0547153024911032,0.016903914590747332,0.04359430604982206,0.015569395017793594,0.05871886120996441,0.009786476868327402,0.025800711743772242,0.0066725978647686835,0.012455516014234875,0.3665480427046263,0.012900355871886121,0.01201067615658363,0.017793594306049824
0.3263392857142857,0.00625,0.012946428571428572,0.055357142857142855,0.016964285714285713,0.038839285714285715,0.016517857142857143,0.05892857142857143,0.009821428571428571,0.025892857142857145,0.006696428571428571,0.0125,0.3691964285714286,0.014285714285714285,0.012946428571428572,0.016517857142857143
0.3303769401330377,0.0066518847006651885,0.012860310421286032,0.05809312638580931,0.01862527716186253,0.03636363636363636,0.01818181818181818,0.05631929046563193,0.00975609756097561,0.0270509977827051,0.007095343680709534,0.012416851441241685,0.36097560975609755,0.014634146341463415,0.012860310421286032,0.017738359201773836
0.32831858407079645,0.005309734513274336,0.012831858407079646,0.05929203539823009,0.020353982300884955,0.03584070796460177,0.01902654867256637,0.058849557522123896,0.008407079646017699,0.026106194690265486,0.007079646017699115,0.012389380530973451,0.36238938053097347,0.01415929203539823,0.012831858407079646,0.016814159292035398
0.3244562805148691,0.005770084332001775,0.012427873945849977,0.05992010652463382,0.02174877940523746,0.036395916555703504,0.018641810918774968,0.05770084332001776,0.009764758100310697,0.026187305814469597,0.007101642254771416,0.014647137150466045,0.3595206391478029,0.014647137150466045,0.013759431868619618,0.017310252996005325
0.32268086995117623,0.006657789613848202,0.011096316023080338,0.06213936972924989,0.02174877940523746,0.03683976919662672,0.018641810918774968,0.05858854860186418,0.010652463382157125,0.024411895250776743,0.007545494895694629,0.013315579227696404,0.361739902352419,0.014647137150466045,0.01287172658677319,0.016422547714158898
0.3290293855743544,0.006233303650934996,0.01068566340160285,0.06455921638468388,0.020035618878005344,0.03561887800534283,0.0182546749777382,0.06010685663401603,0.010240427426536063,0.02404274265360641,0.009349955476402494,0.014692787177203919,0.3575244879786287,0.012911843276936777,0.012021371326803205,0.014692787177203919
0.33110218652387324,0.006693440428380187,0.011601963409192326,0.06157965194109773,0.020972780008924587,0.03391343150379295,0.01740294511378849,0.06113342257920571,0.010263275323516287,0.022757697456492636,0.008032128514056224,0.01606425702811245,0.36010709504685406,0.012940651494868362,0.011155734047300312,0.0142793395805444
0.3310931899641577,0.0076164874551971325,0.011200716845878136,0.06048387096774194,0.01971326164874552,0.033602150537634407,0.016577060931899642,0.06093189964157706,0.008512544802867384,0.022401433691756272,0.0076164874551971325,0.016129032258064516,0.36155913978494625,0.013888888888888888,0.012544802867383513,0.016129032258064516
0.3331854480922804,0.008873114463176575,0.011535048802129548,0.0616681455190772,0.018633540372670808,0.03327417923691216,0.01818988464951198,0.058118899733806566,0.01020408163265306,0.022626441881100266,0.006211180124223602,0.01685891748003549,0.3598047914818101,0.013309671694764862,0.011091393078970719,0.016415261756876662
0.3357271095152603,0.009874326750448833,0.011669658886894075,0.06014362657091562,0.018850987432675045,0.031867145421903054,0.0210951526032316,0.057899461400359065,0.008976660682226212,0.02378815080789946,0.006732495511669659,0.01615798922800718,0.35502692998204666,0.01481149012567325,0.010771992818671455,0.01660682226211849
0.3363309352517986,0.01079136690647482,0.011690647482014389,0.06025179856115108,0.015737410071942445,0.029676258992805755,0.022032374100719423,0.05665467625899281,0.009442446043165468,0.022032374100719423,0.009442446043165468,0.017985611510791366,0.35701438848920863,0.014838129496402877,0.009442446043165468,0.016636690647482015
0.3371937639198218,0.012026726057906459,0.010690423162583519,0.05968819599109131,0.014699331848552339,0.029398663697104678,0.020489977728285078,0.057015590200445436,0.010244988864142539,0.02182628062360802,0.009354120267260579,0.017817371937639197,0.3616926503340757,0.015144766146993319,0.008017817371937639,0.014699331848552339
0.3331858407079646,0.01327433628318584,0.011061946902654867,0.06283185840707965,0.013716814159292035,0.03008849557522124,0.02168141592920354,0.05619469026548673,0.009734513274336283,0.02256637168141593,0.008849557522123894,0.017256637168141593,0.36460176991150445,0.013716814159292035,0.007079646017699115,0.01415929203539823
0.3300927971718957,0.015466195315952275,0.010605391073795847,0.06628369421122404,0.014582412726469289,0.03137428192664605,0.022536456031816175,0.05788775961113566,0.008395934600088379,0.02209456473707468,0.007954043305346884,0.016349977905435263,0.36146707909854175,0.014582412726469289,0.007512152010605391,0.012814847547503314
0.32974910394265233,0.01478494623655914,0.010304659498207885,0.06630824372759857,0.013888888888888888,0.033602150537634407,0.021953405017921146,0.056899641577060935,0.009408602150537635,0.0246415770609319,0.008960573476702509,0.017025089605734768,0.3579749103942652,0.014336917562724014,0.008064516129032258,0.012096774193548387
0.3282850779510022,0.013363028953229399,0.011581291759465479,0.06369710467706013,0.013363028953229399,0.032516703786191536,0.022271714922048998,0.056570155902004454,0.009799554565701559,0.026280623608017816,0.008908685968819599,0.016926503340757237,0.3616926503340757,0.013808463251670379,0.008908685968819599,0.012026726057906459
0.33138489208633093,0.013489208633093525,0.01079136690647482,0.06699640287769784,0.012140287769784174,0.03372302158273381,0.022032374100719423,0.052158273381294966,0.011690647482014389,0.026079136690647483,0.010341726618705036,0.017985611510791366,0.3579136690647482,0.013489208633093525,0.0085431654676259,0.011241007194244604
0.32297297297297295,0.013063063063063063,0.010810810810810811,0.07162162162162163,0.013063063063063063,0.03558558558558558,0.022072072072072072,0.052702702702702706,0.01036036036036036,0.025675675675675677,0.01036036036036036,0.016216216216216217,0.36171171171171174,0.013963963963963964,0.00990990990990991,0.00990990990990991
0.32863436123348017,0.01145374449339207,0.010572687224669603,0.07048458149779736,0.01277533039647577,0.035682819383259914,0.02026431718061674,0.05286343612334802,0.011013215859030838,0.025110132158590308,0.01013215859030837,0.018502202643171806,0.360352422907489,0.013215859030837005,0.01013215859030837,0.00881057268722467
0.3253119429590018,0.0106951871657754,0.012032085561497326,0.06862745098039216,0.013814616755793227,0.03431372549019608,0.020053475935828877,0.05525846702317291,0.011140819964349376,0.026292335115864526,0.008912655971479501,0.016042780748663103,0.3649732620320856,0.013368983957219251,0.011140819964349376,0.008021390374331552
0.33082039911308203,0.010643015521064302,0.012860310421286032,0.06385809312638581,0.013747228381374724,0.03370288248337029,0.019955654101995565,0.05454545454545454,0.012416851441241685,0.02616407982261641,0.008425720620842573,0.01818181818181818,0.3623059866962306,0.012416851441241685,0.010199556541019957,0.00975609756097561
0.3255093002657219,0.011957484499557131,0.013286093888396812,0.06864481842338352,0.013728963684676704,0.03100088573959256,0.019929140832595216,0.053144375553587246,0.011514614703277236,0.02612931798051373,0.008857395925597875,0.015943312666076175,0.3662533215234721,0.013728963684676704,0.00974313551815766,0.010628875110717449
0.32686369651521835,0.012351124834583149,0.014556682840758712,0.07234230260255844,0.012351124834583149,0.032201146890163214,0.018967798853109837,0.05337450374944861,0.011027790030877812,0.025584472871636524,0.009263343625937363,0.014997794441993825,0.36215262461402736,0.014556682840758712,0.0070577856197618,0.012351124834583149
0.31893095768374163,0.012026726057906459,0.014253897550111359,0.07305122494432072,0.012026726057906459,0.030289532293986638,0.019599109131403118,0.05389755011135858,0.012026726057906459,0.028507795100222718,0.012472160356347439,0.014253897550111359,0.3621380846325167,0.01648106904231626,0.0075723830734966595,0.012472160356347439
0.3204272363150868,0.012016021361815754,0.015131286159323543,0.07432131731197152,0.011125945705384957,0.029372496662216287,0.017356475300400534,0.050734312416555405,0.012016021361815754,0.024477080551846907,0.01290609701824655,0.01557632398753894,0.36626613262127283,0.01602136181575434,0.010680907877169559,0.011570983533600357
0.32460035523978686,0.011101243339253997,0.015097690941385435,0.07593250444049733,0.011545293072824156,0.02886323268206039,0.015541740674955595,0.047513321492007106,0.013321492007104795,0.02708703374777975,0.014653641207815276,0.014653641207815276,0.3592362344582593,0.015541740674955595,0.011545293072824156,0.013765541740674956
0.32239467849223946,0.011086474501108648,0.014190687361419069,0.07671840354767184,0.011529933481152993,0.029711751662971176,0.01729490022172949,0.049223946784922396,0.013303769401330377,0.025720620842572064,0.014190687361419069,0.015521064301552107,0.3565410199556541,0.015521064301552107,0.012860310421286032,0.014190687361419069
0.32026431718061676,0.010572687224669603,0.014537444933920705,0.07488986784140969,0.011894273127753305,0.02907488986784141,0.014977973568281937,0.04977973568281938,0.013656387665198238,0.024229074889867842,0.013656387665198238,0.014977973568281937,0.3669603524229075,0.014096916299559472,0.01145374449339207,0.014977973568281937
0.3218390804597701,0.009725906277630416,0.013704686118479222,0.07603890362511052,0.011052166224580018,0.030061892130857647,0.016357206012378427,0.046419098143236075,0.015473032714412025,0.023872679045092837,0.01282051282051282,0.014146772767462422,0.36693191865605657,0.013704686118479222,0.011052166224580018,0.016799292661361626
0.32169686257180735,0.010605391073795847,0.012814847547503314,0.07688908528501988,0.01104728236853734,0.02695536897923111,0.015466195315952275,0.048608042421564294,0.016349977905435263,0.021210782147591693,0.011489173663278833,0.014140521431727796,0.36942112240388864,0.014140521431727796,0.011931064958020326,0.01723376049491825
0.32419283502874835,0.010614772224679346,0.011941618752764263,0.07695709862892526,0.010614772224679346,0.02565236620964175,0.015479876160990712,0.048651039363113664,0.01592215833701902,0.020787262273330383,0.011057054400707651,0.013710747456877488,0.37195931003980537,0.012826183104820876,0.011499336576735958,0.01813356921716055
0.32891832229580575,0.011037527593818985,0.012362030905077263,0.07637969094922738,0.009271523178807948,0.026048565121412803,0.01456953642384106,0.046357615894039736,0.013686534216335542,0.019426048565121413,0.011920529801324504,0.012803532008830023,0.37439293598233997,0.012362030905077263,0.011920529801324504,0.018543046357615896
0.3225098727512067,0.009653356735410267,0.01228609039052216,0.07898200965335674,0.008775778850372971,0.025888547608600262,0.01491882404563405,0.0451952610794208,0.017112768758227294,0.019306713470820535,0.012724879333040808,0.014041246160596753,0.3734093900833699,0.013163668275559455,0.01184730144800351,0.020184291355857833
0.3249113475177305,0.010638297872340425,0.011968085106382979,0.07668439716312057,0.008865248226950355,0.024379432624113476,0.014627659574468085,0.0425531914893617,0.018617021276595744,0.01950354609929078,0.014184397163120567,0.012411347517730497,0.3776595744680851,0.01374113475177305,0.011968085106382979,0.017287234042553192
0.322237017310253,0.009764758100310697,0.01287172658677319,0.08078118064802485,0.009320905459387484,0.0230803373280071,0.012427873945849977,0.040390590324012425,0.018197958277851752,0.019973368841544607,0.01287172658677319,0.01287172658677319,0.38260097647581004,0.01287172658677319,0.012427873945849977,0.017310252996005325
0.3144239226033421,0.009674582233948988,0.013632365875109938,0.08091468777484609,0.009234828496042216,0.023746701846965697,0.013192612137203167,0.03869832893579595,0.017150395778364115,0.022427440633245383,0.012313104661389622,0.014511873350923483,0.38830255057167984,0.011873350923482849,0.012752858399296393,0.017150395778364115
0.31524663677130044,0.010762331838565023,0.012556053811659192,0.08520179372197309,0.009417040358744395,0.023318385650224215,0.01390134529147982,0.03991031390134529,0.016143497757847534,0.019730941704035873,0.013452914798206279,0.013452914798206279,0.3883408071748879,0.011210762331838564,0.011659192825112108,0.01569506726457399
0.3155339805825243,0.011032656663724626,0.01235657546337158,0.08473080317740513,0.0088261253309797,0.023389232127096204,0.013680494263018535,0.0410414827890556,0.015445719329214475,0.020741394527802295,0.01323918799646955,0.014563106796116505,0.3852603706972639,0.01147396293027361,0.01147396293027361,0.017210944395410415
0.3206958073148974,0.012934879571810883,0.011150758251561105,0.0847457627118644,0.008920606601248885,0.0231935771632471,0.012934879571810883,0.03969669937555754,0.014272970561998216,0.01873327386262266,0.013826940231935772,0.013380909901873328,0.3835860838537021,0.01159678858162355,0.012488849241748439,0.01784121320249777
0.3177198409191339,0.0136986301369863,0.010163499779054353,0.08351745470614229,0.009279717189571365,0.021210782147591693,0.011489173663278833,0.03932832523199293,0.015024304021210782,0.017675651789659744,0.014140521431727796,0.014140521431727796,0.3910737958462218,0.011931064958020326,0.012372956252761821,0.01723376049491825
0.3192341941228851,0.012466607301869992,0.009349955476402494,0.08281389136242208,0.009349955476402494,0.020480854853072127,0.013357079252003561,0.04007123775601069,0.015138023152270703,0.0182546749777382,0.012911843276936777,0.012911843276936777,0.3931433659839715,0.01157613535173642,0.01157613535173642,0.017364203027604632
0.32075471698113206,0.013163668275559455,0.011408512505484861,0.07898200965335674,0.009653356735410267,0.020623080298376482,0.01491882404563405,0.03949100482667837,0.015357612988152698,0.019745502413339184,0.014041246160596753,0.013163668275559455,0.38657305835892936,0.01184730144800351,0.012724879333040808,0.017551557700745943
0.320729537366548,0.012455516014234875,0.011565836298932384,0.07740213523131673,0.01112099644128114,0.01912811387900356,0.014679715302491103,0.03914590747330961,0.013345195729537367,0.019572953736654804,0.014234875444839857,0.012900355871886121,0.3932384341637011,0.012455516014234875,0.012455516014234875,0.015569395017793594
0.3287243532560214,0.014719000892060661,0.012488849241748439,0.07627118644067797,0.01159678858162355,0.01784121320249777,0.015165031222123104,0.03791257805530776,0.013826940231935772,0.0191793041926851,0.012488849241748439,0.015165031222123104,0.3858162355040143,0.012488849241748439,0.01159678858162355,0.014719000892060661
0.31984161900571934,0.014958205015398152,0.013198416190057193,0.07259128904531456,0.010558732952045754,0.01715794104707435,0.01583809942806863,0.03783545974483062,0.014958205015398152,0.02067751869775627,0.012318521777386713,0.014518257809062912,0.39771227452705676,0.011438627364716234,0.011878574571051475,0.014518257809062912
0.32166592822330525,0.015507310589277802,0.012405848471422242,0.07266282676118742,0.011519716437749225,0.017279574656623838,0.01595037660611431,0.03810367744793974,0.01595037660611431,0.02259636685866194,0.011962782454585734,0.017279574656623838,0.39078422684980063,0.010633584404076208,0.010633584404076208,0.015064244572441293
0.323943661971831,0.014964788732394365,0.01056338028169014,0.07350352112676056,0.01056338028169014,0.01716549295774648,0.014964788732394365,0.03433098591549296,0.014964788732394365,0.023767605633802816,0.014084507042253521,0.015404929577464789,0.39744718309859156,0.01056338028169014,0.009683098591549295,0.014084507042253521
0.32672831351827386,0.013210039630118891,0.010127697049757816,0.07485689123734038,0.009687362395420519,0.016292382210479964,0.013650374284456186,0.034346103038309116,0.014090708938793483,0.02157639806252752,0.013210039630118891,0.016292382210479964,0.40334654337296344,0.008806693086745927,0.009687362395420519,0.014090708938793483
0.32336119665640123,0.013638363396392433,0.010998680158380994,0.07655081390233172,0.009238891333040036,0.01803783545974483,0.014078310602727673,0.03343598768147822,0.013198416190057193,0.02199736031676199,0.011878574571051475,0.01671799384073911,0.4003519577650682,0.010558732952045754,0.010998680158380994,0.014958205015398152
0.31938325991189426,0.01277533039647577,0.01145374449339207,0.07797356828193833,0.009251101321585903,0.01894273127753304,0.013656387665198238,0.029515418502202642,0.014096916299559472,0.022466960352422908,0.009251101321585903,0.016740088105726872,0.405726872246696,0.01145374449339207,0.01145374449339207,0.015859030837004406
0.328450954283178,0.012427873945849977,0.01154016866400355,0.07412339103417666,0.00887705281846427,0.020417221482467822,0.014647137150466045,0.028406569019085663,0.014647137150466045,0.02174877940523746,0.009764758100310697,0.016866400355082113,0.4016866400355082,0.01154016866400355,0.009764758100310697,0.015090989791389259
0.3215878679750223,0.012042818911685994,0.012042818911685994,0.07627118644067797,0.011150758251561105,0.02007136485280999,0.013826940231935772,0.027207850133809098,0.014272970561998216,0.020517395182872437,0.009812667261373774,0.014272970561998216,0.4130240856378234,0.013380909901873328,0.008920606601248885,0.01159678858162355
0.3290748898678414,0.013215859030837005,0.01145374449339207,0.07136563876651983,0.01145374449339207,0.02158590308370044,0.014096916299559472,0.028193832599118944,0.013656387665198238,0.01894273127753304,0.00881057268722467,0.013656387665198238,0.4083700440528634,0.01277533039647577,0.009691629955947136,0.013656387665198238
0.3280212483399734,0.01195219123505976,0.011509517485613104,0.07569721115537849,0.01195219123505976,0.01859229747675963,0.013280212483399735,0.027888446215139442,0.013722886232846392,0.01859229747675963,0.008853474988933156,0.013722886232846392,0.40903054448871184,0.013280212483399735,0.011509517485613104,0.01239486498450642
0.3308435852372584,0.011423550087873463,0.011423550087873463,0.07161687170474516,0.011423550087873463,0.018014059753954304,0.013181019332161687,0.028119507908611598,0.013181019332161687,0.01845342706502636,0.010105448154657293,0.014059753954305799,0.414323374340949,0.011862917398945518,0.010105448154657293,0.011862917398945518
0.3271604938271605,0.010582010582010581,0.01146384479717813,0.07142857142857142,0.010582010582010581,0.02072310405643739,0.012786596119929453,0.026455026455026454,0.012786596119929453,0.017195767195767195,0.009259259259259259,0.014991181657848324,0.41798941798941797,0.012345679012345678,0.011022927689594356,0.013227513227513227
0.3295053003533569,0.011042402826855124,0.012809187279151944,0.07243816254416961,0.010159010600706713,0.01987632508833922,0.011925795053003533,0.026060070671378093,0.013250883392226149,0.015901060070671377,0.009275618374558304,0.015459363957597174,0.4134275618374558,0.012367491166077738,0.011925795053003533,0.014575971731448763
0.32994250331711633,0.009730207872622734,0.013710747456877488,0.07209199469261389,0.011057054400707651,0.018575851393188854,0.010614772224679346,0.02697921273772667,0.01238390092879257,0.01592215833701902,0.008403361344537815,0.0145953118089341,0.41397611676249446,0.012826183104820876,0.01238390092879257,0.01680672268907563
0.3280141843971631,0.010195035460992909,0.013297872340425532,0.07358156028368794,0.011968085106382979,0.0199468085106383,0.009308510638297872,0.027039007092198582,0.012854609929078014,0.015070921985815602,0.008865248226950355,0.01374113475177305,0.4122340425531915,0.014184397163120567,0.01152482269503546,0.018173758865248225
0.3353819139596137,0.01009657594381036,0.014047410008779631,0.07550482879719052,0.012291483757682178,0.021071115013169446,0.01009657594381036,0.02502194907813872,0.012291483757682178,0.014486391571553995,0.009218612818261633,0.015803336259877086,0.4043020193151888,0.013169446883230905,0.01009657594381036,0.017120280948200176
0.33467023172905525,0.0106951871657754,0.012032085561497326,0.07352941176470588,0.012032085561497326,0.0213903743315508,0.011140819964349376,0.023618538324420676,0.011586452762923352,0.013368983957219251,0.008467023172905526,0.014705882352941176,0.41488413547237074,0.013814616755793227,0.007575757575757576,0.016488413547237075
