C_R,C_A,C_S,C_N,D_R,D_A,D_S,D_N,Oc_R,Oc_A,Oc_S,Oc_N,Od_R,Od_A,Od_S,Od_N
0.0,0.0,0.0,0.0,0.0,0.0,0.0,0.0,0.0,0.0,1.0,0.0,0.0,0.0,0.0,0.0
0.0,0.0,0.6666666666666666,0.0,0.0,0.0,0.0,0.0,0.0,0.0,0.3333333333333333,0.0,0.0,0.0,0.0,0.0
0.0,0.0,0.5,0.0,0.25,0.0,0.0,0.0,0.0,0.0,0.25,0.0,0.0,0.0,0.0,0.0
0.0,0.0,0.42857142857142855,0.14285714285714285,0.21428571428571427,0.0,0.0,0.0,0.0,0.0,0.21428571428571427,0.0,0.0,0.0,0.0,0.0
0.0,0.0,0.3333333333333333,0.16666666666666666,0.20833333333333334,0.0,0.0,0.0,0.0,0.0,0.20833333333333334,0.0,0.0,0.0,0.0,0.08333333333333333
0.0,0.02857142857142857,0.22857142857142856,0.2,0.2571428571428571,0.0,0.0,0.0,0.0,0.0,0.17142857142857143,0.02857142857142857,0.0,0.0,0.0,0.08571428571428572
0.0,0.03773584905660377,0.18867924528301888,0.16981132075471697,0.2641509433962264,0.0,0.0,0.0,0.0,0.0,0.18867924528301888,0.07547169811320754,0.0,0.0,0.0,0.07547169811320754
0.0,0.03896103896103896,0.16883116883116883,0.22077922077922077,0.23376623376623376,0.0,0.0,0.0,0.0,0.0,0.16883116883116883,0.09090909090909091,0.0,0.0,0.025974025974025976,0.05194805194805195
0.0,0.04310344827586207,0.16379310344827586,0.19827586206896552,0.22413793103448276,0.0,0.017241379310344827,0.0,0.0,0.0,0.14655172413793102,0.12931034482758622,0.0,0.0,0.02586206896551724,0.05172413793103448
0.0,0.03636363636363636,0.14545454545454545,0.21212121212121213,0.20606060606060606,0.0,0.01818181818181818,0.0,0.0,0.0,0.12121212121212122,0.15757575757575756,0.0,0.0,0.030303030303030304,0.07272727272727272
0.0,0.04807692307692308,0.12980769230769232,0.23557692307692307,0.1875,0.0,0.019230769230769232,0.0,0.0,0.0,0.11538461538461539,0.14423076923076922,0.009615384615384616,0.0,0.02403846153846154,0.08653846153846154
0.0,0.05319148936170213,0.1347517730496454,0.22340425531914893,0.18085106382978725,0.0,0.014184397163120567,0.0,0.0,0.0,0.11347517730496454,0.14893617021276595,0.010638297872340425,0.0,0.031914893617021274,0.08865248226950355
0.0,0.05093833780160858,0.13404825737265416,0.21715817694369974,0.17962466487935658,0.0,0.0160857908847185,0.0,0.0,0.0,0.10723860589812333,0.15013404825737264,0.010723860589812333,0.005361930294906166,0.03485254691689008,0.0938337801608579
0.004246284501061571,0.05307855626326964,0.12951167728237792,0.21231422505307856,0.18259023354564755,0.0,0.012738853503184714,0.0,0.0,0.0,0.10828025477707007,0.15286624203821655,0.008492569002123142,0.0021231422505307855,0.03184713375796178,0.10191082802547771
0.005263157894736842,0.05964912280701754,0.13333333333333333,0.20526315789473684,0.17894736842105263,0.0,0.010526315789473684,0.0,0.0,0.0,0.10350877192982456,0.156140350877193,0.010526315789473684,0.005263157894736842,0.02982456140350877,0.10175438596491228
0.00872093023255814,0.061046511627906974,0.1438953488372093,0.20784883720930233,0.1686046511627907,0.0014534883720930232,0.010174418604651164,0.0,0.0014534883720930232,0.0,0.1002906976744186,0.1555232558139535,0.010174418604651164,0.007267441860465116,0.03488372093023256,0.08866279069767442
0.01098901098901099,0.05860805860805861,0.15506715506715507,0.20024420024420025,0.1575091575091575,0.002442002442002442,0.01221001221001221,0.001221001221001221,0.001221001221001221,0.0,0.10744810744810745,0.15506715506715507,0.009768009768009768,0.008547008547008548,0.03418803418803419,0.08547008547008547
0.013569937369519834,0.060542797494780795,0.1544885177453027,0.20146137787056367,0.1524008350730689,0.003131524008350731,0.010438413361169102,0.0010438413361169101,0.0010438413361169101,0.0,0.10855949895615867,0.15657620041753653,0.010438413361169102,0.009394572025052192,0.03653444676409186,0.08037578288100208
0.021062271062271064,0.05860805860805861,0.16117216117216118,0.1858974358974359,0.15384615384615385,0.004578754578754579,0.011904761904761904,0.0018315018315018315,0.0009157509157509158,0.0,0.10805860805860806,0.16025641025641027,0.013736263736263736,0.009157509157509158,0.03388278388278388,0.07509157509157509
0.023405972558514933,0.05407586763518967,0.1606133979015335,0.19047619047619047,0.14527845036319612,0.007263922518159807,0.012106537530266344,0.002421307506053269,0.002421307506053269,0.0,0.10653753026634383,0.16142050040355124,0.013720742534301856,0.009685230024213076,0.03631961259079903,0.07425343018563357
0.032424465733235076,0.05232129697862933,0.16728076639646278,0.184966838614591,0.15401621223286663,0.007369196757553427,0.010316875460574797,0.0029476787030213707,0.0058953574060427415,0.0,0.10390567428150331,0.14738393515106854,0.016212232866617538,0.011790714812085483,0.03168754605747973,0.07148120854826824
0.03753351206434316,0.05227882037533512,0.1675603217158177,0.1836461126005362,0.14812332439678283,0.006032171581769437,0.012064343163538873,0.003351206434316354,0.005361930294906166,0.0013404825737265416,0.10388739946380697,0.1487935656836461,0.015415549597855228,0.0160857908847185,0.03284182305630027,0.06568364611260054
0.04004929143561306,0.04867529266789895,0.1725200246457178,0.1866913123844732,0.14171287738755392,0.0061614294516327784,0.01170671595810228,0.0061614294516327784,0.005545286506469501,0.0012322858903265558,0.10844115834873691,0.1398644485520641,0.017868145409735057,0.020948860135551448,0.030191004313000615,0.06223043746149107
0.04655172413793104,0.04252873563218391,0.16896551724137931,0.1879310344827586,0.1425287356321839,0.00632183908045977,0.011494252873563218,0.008045977011494253,0.005172413793103448,0.0022988505747126436,0.10229885057471265,0.1385057471264368,0.01954022988505747,0.028160919540229885,0.03045977011494253,0.05919540229885058
0.047933884297520664,0.048484848484848485,0.16363636363636364,0.19008264462809918,0.14104683195592285,0.006611570247933884,0.012672176308539946,0.008264462809917356,0.006611570247933884,0.004407713498622589,0.09641873278236915,0.13553719008264462,0.01928374655647383,0.02809917355371901,0.03360881542699724,0.05730027548209366
0.05246589716684155,0.04669464847848898,0.16107030430220357,0.18415529905561384,0.14480587618048268,0.007869884575026232,0.013641133263378805,0.01049317943336831,0.008394543546694649,0.0036726128016789086,0.09863588667366212,0.1311647429171039,0.016789087093389297,0.028856243441762856,0.03305351521511018,0.05823714585519412
0.06002034587995931,0.04577822990844354,0.15971515768056968,0.18769074262461852,0.14038657171922686,0.009155645981688708,0.014750762970498474,0.01271617497456765,0.007121057985757884,0.004577822990844354,0.09511698880976602,0.12563580874872837,0.01780264496439471,0.0335707019328586,0.03153611393692777,0.05442522889114954
0.06095143706640238,0.04013875123885035,0.16501486620416253,0.18434093161546086,0.14122893954410307,0.008919722497522299,0.011892963330029732,0.014866204162537165,0.009415262636273538,0.005450941526263627,0.09663032705649158,0.12091179385530228,0.017839444995044598,0.03617443012884044,0.031714568880079286,0.05450941526263627
0.06044487427466151,0.044003868471953575,0.16199226305609285,0.18520309477756286,0.140715667311412,0.009671179883945842,0.013056092843326886,0.014990328820116054,0.00918762088974855,0.005319148936170213,0.09381044487427466,0.11895551257253385,0.017891682785299807,0.03868471953578337,0.031431334622823985,0.054642166344294
0.0635673624288425,0.04601518026565465,0.15749525616698293,0.18311195445920303,0.13851992409867173,0.010910815939278937,0.013282732447817837,0.017552182163187855,0.009962049335863378,0.006641366223908918,0.0944022770398482,0.11907020872865275,0.017552182163187855,0.03795066413662239,0.029411764705882353,0.05455407969639469
0.06273234200743494,0.04228624535315985,0.1575278810408922,0.18355018587360594,0.13986988847583642,0.012081784386617101,0.016263940520446097,0.016728624535315983,0.00929368029739777,0.006970260223048327,0.08921933085501858,0.11384758364312268,0.01812267657992565,0.04321561338289963,0.032992565055762084,0.055297397769516726
0.07120181405895691,0.042630385487528344,0.1523809523809524,0.181859410430839,0.1346938775510204,0.013605442176870748,0.0163265306122449,0.018594104308390022,0.009523809523809525,0.008616780045351474,0.08843537414965986,0.11201814058956916,0.019501133786848073,0.04671201814058957,0.031746031746031744,0.05215419501133787
0.06943192064923355,0.04283137962128043,0.15103697024346258,0.1776375112714157,0.13480613165013525,0.012623985572587917,0.0175834084761046,0.014878268710550046,0.012173128944995492,0.009467989179440937,0.08881875563570785,0.11181244364292155,0.020739404869251576,0.046438232642019836,0.03381424706943192,0.05590622182146077
0.06690615177368657,0.04041311180960934,0.14234396048495734,0.1778176919622811,0.13605747642568478,0.013022002694207453,0.018410417602155366,0.014818140996856757,0.013920071845532105,0.010776829815895825,0.08845981140547822,0.11450381679389313,0.021104625056129322,0.05029187247418051,0.03322855859901212,0.057925460260440056
0.06983985765124555,0.04403914590747331,0.14145907473309607,0.17660142348754448,0.12722419928825623,0.01201067615658363,0.020462633451957295,0.015124555160142349,0.014234875444839857,0.011565836298932384,0.08674377224199288,0.11432384341637011,0.02402135231316726,0.05204626334519573,0.03558718861209965,0.0547153024911032
0.06844444444444445,0.043111111111111114,0.13422222222222221,0.18044444444444444,0.12933333333333333,0.012,0.020888888888888887,0.013777777777777778,0.015111111111111112,0.010222222222222223,0.08666666666666667,0.11244444444444444,0.025777777777777778,0.05377777777777778,0.037333333333333336,0.05644444444444444
0.06881143878462913,0.0451295799821269,0.1322609472743521,0.17828418230563003,0.12779267202859695,0.012064343163538873,0.020554066130473638,0.013404825737265416,0.017873100983020553,0.009830205540661306,0.08221626452189455,0.11528150134048257,0.025022341376228777,0.05361930294906166,0.040214477211796246,0.057640750670241284
0.07092511013215859,0.04229074889867841,0.1290748898678414,0.18061674008810572,0.12511013215859032,0.011894273127753305,0.021145374449339206,0.014537444933920705,0.017180616740088105,0.011013215859030838,0.08458149779735682,0.11541850220264317,0.027753303964757708,0.055947136563876655,0.039647577092511016,0.05286343612334802
0.07014467338886453,0.04384042086804033,0.12889083735203857,0.17623849188952215,0.12187637001315213,0.0131521262604121,0.018851380973257344,0.01578255151249452,0.015344147303814117,0.010083296799649276,0.08636562911003946,0.1183691363437089,0.02893467777290662,0.0530469092503288,0.04164839982463832,0.057430951337132836
0.07190412782956059,0.044829116733244564,0.12738570794496226,0.1810918774966711,0.12028406569019086,0.01287172658677319,0.019973368841544607,0.015090989791389259,0.015090989791389259,0.009764758100310697,0.08566355969818021,0.11762094984465157,0.029738126941855306,0.05148690634709276,0.04305370616955171,0.05415002219263205
0.07111692844677138,0.0462478184991274,0.12696335078534032,0.18106457242582896,0.11780104712041885,0.013961605584642234,0.02137870855148342,0.014397905759162303,0.015270506108202443,0.009598603839441536,0.08071553228621292,0.1169284467713787,0.030977312390924956,0.058027923211169286,0.04144851657940663,0.05410122164048865
0.07315998237108859,0.04759806081974438,0.12825033054208904,0.17893345085940943,0.11370647862494491,0.014103129131776113,0.021595416483032173,0.015866020273248127,0.013221683561040106,0.009695901278096077,0.08329660643455267,0.11723226090788894,0.03481710004407228,0.05509034817100044,0.04098721903922433,0.05244601145879242
0.07305336832895888,0.048118985126859144,0.13035870516185477,0.17541557305336833,0.11767279090113736,0.016185476815398076,0.021872265966754154,0.01706036745406824,0.01268591426071741,0.010498687664041995,0.08530183727034121,0.10454943132108487,0.0336832895888014,0.05468066491688539,0.0415573053368329,0.05730533683289589
0.07526408450704225,0.04665492957746479,0.13028169014084506,0.1698943661971831,0.1192781690140845,0.018045774647887324,0.021566901408450703,0.019806338028169015,0.01232394366197183,0.011443661971830986,0.08142605633802817,0.10695422535211267,0.03389084507042254,0.05545774647887324,0.040492957746478875,0.05721830985915493
0.07360070515645659,0.048038783605112385,0.13397972675187308,0.17144116350815336,0.1128250330542089,0.019391802556192154,0.024239753195240195,0.021154693697664168,0.013662406346408109,0.011458792419568091,0.07933010136624064,0.10753635962979285,0.03261348611723226,0.050683120317320404,0.04186866460996033,0.05817540766857646
0.07120743034055728,0.04555506413091552,0.12958867757629366,0.17116320212295444,0.1163202122954445,0.01901813356921716,0.027421494913754976,0.022556390977443608,0.015037593984962405,0.010172490048651039,0.07872622733303848,0.10305174701459531,0.03582485625829279,0.05484298982750995,0.04113224237063246,0.0583812472357364
0.07009760425909495,0.04835847382431233,0.1264418811002662,0.17125110913930788,0.11047027506654836,0.021739130434782608,0.029724933451641525,0.02129547471162378,0.015527950310559006,0.011978704525288377,0.08074534161490683,0.10204081632653061,0.03371783496007098,0.05545696539485359,0.04259094942324756,0.05856255545696539
0.06966490299823633,0.04938271604938271,0.12389770723104056,0.17372134038800705,0.11155202821869488,0.02204585537918871,0.029541446208112873,0.022486772486772486,0.01455026455026455,0.012786596119929453,0.07539682539682539,0.10141093474426807,0.03262786596119929,0.0582010582010582,0.04365079365079365,0.059082892416225746
0.07304116865869854,0.05002213368747233,0.12306330234617087,0.1730854360336432,0.11243913235945109,0.021248339973439574,0.029659141212926073,0.02213368747233289,0.01814962372731297,0.012837538733953076,0.07127047366091191,0.09871624612660469,0.03408587870739265,0.05533421868083223,0.044710048694112436,0.06020362992474546
0.0755891507336594,0.048910626945309024,0.12094264117385504,0.16496220542463316,0.10760337927967986,0.02267674522009782,0.03023566029346376,0.023566029346376166,0.017785682525566917,0.011560693641618497,0.0755891507336594,0.10093374833259226,0.03646064917741218,0.0609159626500667,0.04668741662961316,0.05558025789239662
0.07275132275132275,0.05026455026455026,0.12213403880070546,0.1644620811287478,0.10846560846560846,0.022486772486772486,0.029982363315696647,0.024691358024691357,0.019400352733686066,0.011904761904761904,0.07583774250440917,0.09656084656084656,0.034832451499118164,0.06261022927689594,0.04585537918871252,0.057760141093474424
0.06982872200263504,0.050505050505050504,0.11769872639437857,0.16469038208168643,0.10935441370223979,0.021958717610891524,0.030303030303030304,0.024154589371980676,0.020202020202020204,0.012296881862099254,0.07729468599033816,0.09881422924901186,0.03513394817742644,0.06104523495827844,0.0461133069828722,0.06060606060606061
0.07199297629499561,0.04741000877963126,0.1189640035118525,0.16286215978928886,0.10228270412642669,0.023266022827041263,0.029411764705882353,0.02502194907813872,0.023266022827041263,0.012730465320456541,0.07594381035996488,0.10184372256365233,0.03906935908691835,0.05794556628621598,0.04960491659350307,0.058384547848990345
0.07312775330396476,0.04757709251101322,0.11938325991189427,0.15991189427312774,0.10484581497797357,0.02555066079295154,0.027753303964757708,0.025110132158590308,0.022026431718061675,0.014096916299559472,0.07665198237885462,0.1026431718061674,0.04140969162995595,0.05638766519823789,0.04801762114537445,0.055506607929515416
0.0760773966578716,0.047493403693931395,0.11961301671064203,0.1644678979771328,0.10070360598065084,0.029463500439753737,0.028144239226033423,0.024186455584872472,0.02198768689533861,0.014072119613016711,0.07255936675461741,0.09454705364995603,0.04353562005277045,0.05408970976253298,0.0505716798592788,0.0584872471416007
0.07811806480248558,0.047936085219707054,0.118508655126498,0.16067465601420328,0.10297381269418553,0.030181979582778518,0.027075011096316024,0.024411895250776743,0.02174877940523746,0.013759431868619618,0.07279183311140701,0.09587217043941411,0.04216600088770528,0.05148690634709276,0.05148690634709276,0.06080781180648025
0.07549668874172186,0.046357615894039736,0.1152317880794702,0.16114790286975716,0.10331125827814569,0.0282560706401766,0.02869757174392936,0.024724061810154525,0.022958057395143488,0.015894039735099338,0.06931567328918323,0.09624724061810154,0.046357615894039736,0.052980132450331126,0.052980132450331126,0.060044150110375276
0.07872988255763376,0.0469769464984776,0.11222270552414093,0.16267942583732056,0.10047846889952153,0.030882992605480643,0.028708133971291867,0.024793388429752067,0.021313614615050023,0.01783384080034798,0.06785558938668987,0.09525880817746847,0.048281861678990866,0.05263157894736842,0.05132666376685516,0.06002609830361026
0.08,0.047472527472527476,0.11252747252747253,0.16,0.0967032967032967,0.03164835164835165,0.028131868131868132,0.025054945054945054,0.02197802197802198,0.02021978021978022,0.06945054945054945,0.09494505494505495,0.046153846153846156,0.054945054945054944,0.05054945054945055,0.06021978021978022
0.08024691358024691,0.048500881834215165,0.11684303350970017,0.15255731922398588,0.10361552028218694,0.03130511463844797,0.029541446208112873,0.02513227513227513,0.02292768959435626,0.02072310405643739,0.06657848324514991,0.09215167548500881,0.04365079365079365,0.05291005291005291,0.05291005291005291,0.06040564373897707
0.08121158911325724,0.04916593503072871,0.11369622475856014,0.15408252853380158,0.10711150131694469,0.030728709394205442,0.028533801580333626,0.025460930640913083,0.021949078138718173,0.02019315188762072,0.06584723441615452,0.08823529411764706,0.04916593503072871,0.053555750658472345,0.0504828797190518,0.06057945566286216
0.08056662239929172,0.04957945993802568,0.1111111111111111,0.15582115980522354,0.10447100486941124,0.029659141212926073,0.03098716246126605,0.0283311199645861,0.021691013722886232,0.019477644975652943,0.06463036741921203,0.08632138114209828,0.04869411243913236,0.0566622399291722,0.05046480743691899,0.061531651173085435
0.08373520385795703,0.04997807978956598,0.10828583954405963,0.15037264357737834,0.10039456378781236,0.027181060938185005,0.03024989039894783,0.030688294607628234,0.021920210434020166,0.01972818939061815,0.06795265234546252,0.08768084173608066,0.052170100832968,0.05392371766768961,0.05480052608505041,0.060938185006576065
0.0812829525483304,0.0531634446397188,0.11072056239015818,0.15246045694200352,0.09666080843585237,0.028558875219683654,0.029437609841827767,0.029876977152899824,0.02240773286467487,0.01977152899824253,0.06634446397188049,0.08479789103690685,0.05008787346221441,0.056678383128295255,0.054042179261862916,0.06370826010544815
0.08329641116526362,0.048294195835179445,0.11165263624280018,0.15108551174124946,0.09880372175454143,0.027470093043863535,0.02968542312804608,0.03190075321222862,0.02259636685866194,0.02259636685866194,0.06380150642445724,0.08595480726628267,0.04962339388568897,0.05361098803721755,0.05981391227292867,0.05981391227292867
0.08318505338078291,0.05204626334519573,0.10409252669039146,0.15258007117437722,0.10142348754448399,0.028469750889679714,0.029804270462633453,0.03202846975088968,0.02491103202846975,0.023131672597864767,0.06361209964412812,0.08051601423487545,0.04893238434163701,0.0547153024911032,0.060498220640569395,0.06005338078291815
0.08028231142479048,0.050727834142037936,0.10454344949272165,0.1521835024261138,0.10189677988531098,0.02999558888398765,0.0282311424790472,0.029113365681517425,0.026025584472871635,0.024261138067931187,0.06440229378032643,0.08292898103220114,0.04808116453462726,0.05822673136303485,0.05955006616674018,0.05955006616674018
0.08028231142479048,0.04852227613586237,0.10454344949272165,0.15350683722981914,0.10013233348037054,0.030436700485222762,0.029113365681517425,0.032642258491398325,0.024261138067931187,0.02337891486546096,0.06528451698279665,0.08425231583590649,0.04808116453462726,0.05866784296426996,0.05690339655932951,0.0599911777679753
0.07712532865907099,0.051709027169149865,0.10517090271691498,0.15249780893952672,0.09903593339176162,0.03155127081507449,0.029798422436459245,0.03286590709903593,0.02497808939526731,0.025416301489921123,0.06573181419807186,0.08326029798422437,0.04995617879053462,0.05696757230499562,0.056091148115687994,0.057843996494303246
0.07859313938341293,0.049066435084672164,0.10377768128528007,0.1498046026921407,0.0972644376899696,0.0316977854971776,0.029092488059053408,0.03300043421623969,0.0243161094224924,0.0243161094224924,0.0633955709943552,0.08423795049934868,0.054277029960920535,0.061658706035605734,0.057750759878419454,0.057750759878419454
0.07810443176831944,0.050021939447125935,0.1039929793769197,0.15269855199648968,0.09653356735410268,0.03334795963141729,0.02720491443615621,0.036419482229047825,0.02369460289600702,0.02676612549363756,0.06143045195261079,0.08161474330846863,0.05309346204475647,0.06274681878016675,0.05835892935498026,0.05397103992979377
0.0762749445676275,0.04878048780487805,0.1015521064301552,0.15077605321507762,0.10110864745011086,0.032815964523281595,0.027494456762749447,0.03458980044345898,0.022172949002217297,0.0270509977827051,0.06164079822616408,0.082039911308204,0.05277161862527716,0.06341463414634146,0.05898004434589801,0.05853658536585366
0.07563025210084033,0.04643962848297214,0.09862892525431226,0.1525873507297656,0.1021671826625387,0.03184431667403804,0.028748341441839895,0.03582485625829279,0.021229544449358692,0.027421494913754976,0.06457319770013269,0.08270676691729323,0.05307386112339673,0.06501547987616099,0.057054400707651484,0.057054400707651484
0.07452871547566857,0.04559403770276195,0.10127137220517317,0.15475668566418238,0.09601052170100834,0.03244191144234985,0.0263042525208242,0.03770276194651469,0.023235423060061378,0.03156510302498904,0.06400701446733889,0.08373520385795703,0.05436212187637001,0.06444541867601929,0.055677334502411226,0.05436212187637001
0.07973568281938326,0.04405286343612335,0.09955947136563877,0.15418502202643172,0.0973568281938326,0.03524229074889868,0.024669603524229075,0.038766519823788544,0.023348017621145373,0.03171806167400881,0.061233480176211455,0.0841409691629956,0.051982378854625554,0.06431718061674009,0.05418502202643172,0.055506607929515416
0.07989464442493416,0.04258121158911326,0.09789288849868305,0.1549604916593503,0.09920983318700614,0.03511852502194908,0.024143985952589993,0.03731343283582089,0.02370500438981563,0.03292361720807726,0.06453028972783142,0.08472344161545214,0.05267778753292362,0.0649692712906058,0.051360842844600525,0.053994732221246705
0.07760532150776053,0.042572062084257206,0.09977827050997783,0.1623059866962306,0.09578713968957872,0.03503325942350333,0.022172949002217297,0.03813747228381375,0.02616407982261641,0.03458980044345898,0.06430155210643015,0.08381374722838138,0.05232815964523282,0.06297117516629712,0.05321507760532151,0.049223946784922396
0.07702464788732394,0.04225352112676056,0.0994718309859155,0.15845070422535212,0.09551056338028169,0.03433098591549296,0.02244718309859155,0.03697183098591549,0.026848591549295774,0.035211267605633804,0.06602112676056338,0.0818661971830986,0.05545774647887324,0.06470070422535211,0.05237676056338028,0.051056338028169015
0.07752956636005257,0.04248795444590451,0.09592641261498029,0.1616294349540079,0.09636443276390715,0.032413491020586944,0.022339027595269383,0.03723171265878231,0.026719229084537888,0.03723171265878231,0.06657906263688129,0.08015768725361366,0.05606657906263688,0.06307490144546649,0.05168637757336837,0.052562417871222074
0.07956043956043957,0.04,0.09230769230769231,0.15824175824175823,0.09494505494505495,0.03208791208791209,0.02241758241758242,0.03824175824175824,0.027692307692307693,0.03604395604395604,0.06901098901098901,0.08263736263736264,0.05758241758241758,0.06153846153846154,0.05318681318681319,0.05450549450549451
0.07760141093474426,0.03968253968253968,0.09347442680776014,0.15784832451499117,0.09215167548500881,0.03130511463844797,0.023809523809523808,0.04144620811287478,0.026895943562610228,0.03439153439153439,0.06790123456790123,0.08465608465608465,0.0564373897707231,0.06437389770723104,0.051587301587301584,0.0564373897707231
0.08105726872246696,0.039647577092511016,0.09295154185022027,0.15638766519823788,0.0933920704845815,0.03127753303964758,0.024229074889867842,0.04052863436123348,0.02643171806167401,0.03480176211453744,0.06916299559471366,0.08502202643171806,0.05682819383259912,0.06211453744493392,0.04977973568281938,0.05638766519823789
0.08126110124333925,0.04129662522202487,0.08969804618117229,0.16163410301953818,0.08836589698046181,0.03063943161634103,0.024422735346358793,0.04085257548845471,0.03197158081705151,0.03463587921847247,0.06349911190053285,0.08214920071047957,0.05461811722912966,0.06438721136767318,0.051953818827708706,0.0586145648312611
0.08421516754850088,0.04188712522045855,0.08950617283950617,0.15873015873015872,0.09038800705467372,0.03130511463844797,0.02292768959435626,0.040123456790123455,0.029982363315696647,0.033950617283950615,0.06084656084656084,0.082010582010582,0.05864197530864197,0.06525573192239859,0.05246913580246913,0.057760141093474424
0.0851721094439541,0.03971756398940865,0.08737864077669903,0.15489849955869373,0.09090909090909091,0.03265666372462489,0.02559576345984113,0.037069726390114736,0.03265666372462489,0.03442188879082083,0.06090026478375993,0.08120035304501325,0.06222418358340689,0.06619593998234775,0.05207413945278023,0.05692850838481906
0.0840958605664488,0.040958605664488015,0.08888888888888889,0.14684095860566448,0.08976034858387799,0.03442265795206972,0.027450980392156862,0.038779956427015254,0.030501089324618737,0.03529411764705882,0.06056644880174292,0.08191721132897603,0.06492374727668845,0.06666666666666667,0.0514161220043573,0.05751633986928104
0.0821917808219178,0.04242156429518339,0.08926204153778171,0.15333627927529828,0.08793636765355722,0.03314184710561202,0.026071586389748123,0.03932832523199293,0.03225806451612903,0.0344675209898365,0.06009721608484313,0.0764471939902784,0.06672558550596554,0.06760936809544851,0.05125939019001326,0.057445868316394165
0.08384819064430715,0.04280670785525154,0.08693733451015004,0.14783759929390997,0.08781994704324801,0.03574580759046778,0.02736098852603707,0.0410414827890556,0.03398058252427184,0.03574580759046778,0.058693733451015,0.07502206531332745,0.06751985878199471,0.06972639011473963,0.0498676081200353,0.056045895851721095
0.0877577885037297,0.040807371654234315,0.08556384379113646,0.1474330846862659,0.0868802106186924,0.036419482229047825,0.02676612549363756,0.040807371654234315,0.03378674857393594,0.03817463799912242,0.05792014041246161,0.07634927599824484,0.06888986397542782,0.06801228609039052,0.050021939447125935,0.05440982887231242
0.08207630878438332,0.041259982253771074,0.08518189884649512,0.1468500443655723,0.09183673469387756,0.03637976929902396,0.026619343389529725,0.03948535936113576,0.035048802129547474,0.037267080745341616,0.06255545696539486,0.07675244010647737,0.06921029281277728,0.06787932564330079,0.04924578527062999,0.05235137533274179
0.08832531700918234,0.041101880192391776,0.080017490161784,0.15435067774376912,0.08963707914298208,0.034980323567993,0.026672496720594664,0.03979011805859204,0.03541757761259292,0.03979011805859204,0.05902929602098819,0.07302142544818539,0.0695233930913861,0.06908613904678618,0.04678618277219064,0.052470485351989504
0.08886933567971843,0.04135503739551254,0.08051033875934888,0.15794104707435108,0.08754949406071272,0.0343158820941487,0.025956885173779146,0.03915530136383634,0.03563572371315442,0.03695556533216014,0.05807303123625165,0.07567091948966125,0.07039155301363836,0.0664320281566212,0.04575450945886494,0.055433347998240214
0.09428950863213811,0.04072598494909252,0.0796812749003984,0.1575918548030102,0.08720672864099159,0.033643204957945996,0.0283311199645861,0.0398406374501992,0.036741921204072596,0.035856573705179286,0.05754758742806552,0.06994245241257194,0.07259849490925188,0.06551571491810536,0.044710048694112436,0.055776892430278883
0.09102902374670185,0.04309586631486367,0.08179419525065963,0.158311345646438,0.08575197889182058,0.032541776605101144,0.027704485488126648,0.03913808267370272,0.03605980650835532,0.03562005277044855,0.05716798592788039,0.07299912049252419,0.0712401055408971,0.06640281442392261,0.047053649956024624,0.05408970976253298
0.09351565946184384,0.04190560211733568,0.08425231583590649,0.1583590648434054,0.08204675782973092,0.032642258491398325,0.030877812086457873,0.03749448610498456,0.03970004411116013,0.033083370092633436,0.054256726951918834,0.07366563740626378,0.07498897220996913,0.06660785178650198,0.043670048522276135,0.0529333921482135
0.09547069271758436,0.038632326820603906,0.08658969804618118,0.16119005328596803,0.08392539964476022,0.02975133214920071,0.03108348134991119,0.037300177619893425,0.037300177619893425,0.03463587921847247,0.05150976909413854,0.0719360568383659,0.07593250444049733,0.06838365896980461,0.04396092362344583,0.052397868561278864
0.09387395328338476,0.041427941824592335,0.08550022036139268,0.15425297487880124,0.08417805200528868,0.030409872190392245,0.031732040546496254,0.0379021595416483,0.040546496253856326,0.0370207139709123,0.05156456588805641,0.0740414279418246,0.07712648743940062,0.062141912736888495,0.04495372410753636,0.05332745702952843
0.08936355710549258,0.042720139494333044,0.08979947689625109,0.15126416739319964,0.08238884045335658,0.02877070619006103,0.03138622493461203,0.03836094158674804,0.04010462074978204,0.03792502179598954,0.05492589363557106,0.07585004359197908,0.07585004359197908,0.06364428945074106,0.043156059285091544,0.05448997384481256
0.08865248226950355,0.041666666666666664,0.08776595744680851,0.15469858156028368,0.08599290780141844,0.02925531914893617,0.034131205673758866,0.038120567375886524,0.041666666666666664,0.03679078014184397,0.05629432624113475,0.0749113475177305,0.07934397163120567,0.060726950354609927,0.03900709219858156,0.050975177304964536
0.09054770318021202,0.04107773851590106,0.08613074204946997,0.15591872791519434,0.08657243816254417,0.02959363957597173,0.03180212014134275,0.037544169611307424,0.038869257950530034,0.037102473498233215,0.05830388692579505,0.07420494699646643,0.0803886925795053,0.0627208480565371,0.04107773851590106,0.04814487632508834
0.09118942731277534,0.04185022026431718,0.0907488986784141,0.1568281938325991,0.08502202643171806,0.029515418502202642,0.032158590308370046,0.040969162995594714,0.03788546255506608,0.03524229074889868,0.059030837004405284,0.07092511013215859,0.07797356828193833,0.06167400881057269,0.042731277533039645,0.046255506607929514
0.09548839246605344,0.04204993429697766,0.08716600963644328,0.16338151554971528,0.08278580814717477,0.030223390275952694,0.030223390275952694,0.04117389399912396,0.038545773105562856,0.0337275514673675,0.059570740254051686,0.0718353044240035,0.07577748576434516,0.059570740254051686,0.04117389399912396,0.04730617608409987
0.09496466431095406,0.04107773851590106,0.09187279151943463,0.16166077738515902,0.08303886925795052,0.029151943462897525,0.030035335689045935,0.04151943462897526,0.038869257950530034,0.03445229681978799,0.06051236749116608,0.06890459363957598,0.07553003533568904,0.05918727915194346,0.04240282685512368,0.046819787985865724
0.09615384615384616,0.043706293706293704,0.08916083916083917,0.15996503496503497,0.07998251748251749,0.02972027972027972,0.030594405594405596,0.040646853146853144,0.03715034965034965,0.036276223776223776,0.059877622377622376,0.07080419580419581,0.07692307692307693,0.05725524475524475,0.042395104895104896,0.04938811188811189
0.09647979139504563,0.04389395914819644,0.08865710560625815,0.16036505867014342,0.07822685788787484,0.030421555845284658,0.030856149500217298,0.041720990873533245,0.035202086049543675,0.03650586701434159,0.060843111690569315,0.07127335940895263,0.07605388961321165,0.05823554976097349,0.04302477183833116,0.048239895697522815
0.0943231441048035,0.049344978165938864,0.08864628820960699,0.1633187772925764,0.0777292576419214,0.029694323144104803,0.03187772925764192,0.04148471615720524,0.03449781659388646,0.03537117903930131,0.05851528384279476,0.07205240174672489,0.07510917030567686,0.05589519650655022,0.04192139737991266,0.05021834061135371
0.09368095448519664,0.049491825011047284,0.08926204153778171,0.16836058329650905,0.07688908528501988,0.03049049933716306,0.029164825452938577,0.04330534688466637,0.0344675209898365,0.034025629695095004,0.05567830313742819,0.07247017233760494,0.07291206363234644,0.0552364118426867,0.04242156429518339,0.05214317277949625
0.09544851966416261,0.04639858594785683,0.08837825894829872,0.16836058329650905,0.07954043305346885,0.03049049933716306,0.028722934158197082,0.044631020768890854,0.033583738400353516,0.03314184710561202,0.05788775961113566,0.07247017233760494,0.07556341140079541,0.054352629253203714,0.03932832523199293,0.05170128148475475
0.0950920245398773,0.04557405784399649,0.08588957055214724,0.17002629272567923,0.08238387379491674,0.031113058720420684,0.029798422436459245,0.044697633654688866,0.03418054338299737,0.031989482909728306,0.05740578439964943,0.07274320771253287,0.07537248028045573,0.05258545135845749,0.03768624014022787,0.05346187554776512
0.09666080843585237,0.04261862917398945,0.08567662565905097,0.16915641476274165,0.08084358523725835,0.0320738137082601,0.02680140597539543,0.046133567662565905,0.03602811950790861,0.03383128295254833,0.05755711775043937,0.07425307557117751,0.07952548330404217,0.05140597539543058,0.03734622144112478,0.05008787346221441
0.09352836879432624,0.04210992907801418,0.08554964539007093,0.16489361702127658,0.08156028368794327,0.03368794326241135,0.026595744680851064,0.04698581560283688,0.03634751773049645,0.0350177304964539,0.05851063829787234,0.07358156028368794,0.07934397163120567,0.05585106382978723,0.03723404255319149,0.04920212765957447
0.09473684210526316,0.04473684210526316,0.08114035087719298,0.16710526315789473,0.08114035087719298,0.032017543859649125,0.028070175438596492,0.04342105263157895,0.03684210526315789,0.035526315789473684,0.056578947368421055,0.07368421052631578,0.08114035087719298,0.05482456140350877,0.038157894736842106,0.05087719298245614
0.09576345984112974,0.0441306266548985,0.07766990291262135,0.1676963812886143,0.07855251544571933,0.03353927625772286,0.03089143865842895,0.047219770520741396,0.037069726390114736,0.03398058252427184,0.06001765225066196,0.06751985878199471,0.08296557811120918,0.054280670785525155,0.03618711385701677,0.052515445719329215
0.09876543209876543,0.04409171075837742,0.08068783068783068,0.16887125220458554,0.0736331569664903,0.03350970017636684,0.030864197530864196,0.047619047619047616,0.03659611992945326,0.030864197530864196,0.06305114638447971,0.06701940035273368,0.08289241622574955,0.05291005291005291,0.037037037037037035,0.051587301587301584
0.095112285336856,0.04447380008806693,0.08014090708938794,0.1682078379568472,0.07749889916336415,0.033905768383971815,0.031704095112285335,0.0479964773227653,0.041831792162043156,0.030823425803610745,0.059885512989872304,0.06472919418758256,0.08586525759577279,0.05328049317481286,0.03478643769264641,0.04975781594011449
0.0922266139657444,0.04435660957400088,0.07817303469477382,0.1725955204216074,0.07861220904699165,0.03732981993851559,0.03293807641633729,0.048748353096179184,0.04216073781291173,0.029424681598594644,0.061484409310496264,0.061923583662714096,0.0878348704435661,0.04830917874396135,0.03469477382520861,0.049187527448397016
0.09319787985865724,0.045053003533568906,0.08745583038869258,0.17181978798586572,0.07818021201413428,0.0357773851590106,0.03224381625441696,0.045936395759717315,0.04063604240282685,0.02782685512367491,0.060954063604240286,0.06316254416961131,0.08348056537102473,0.05167844522968198,0.03136042402826855,0.05123674911660778
0.09607756721022477,0.043190832966064345,0.0877038342882327,0.16923754958131335,0.07888937858087264,0.03349493168796827,0.030409872190392245,0.043190832966064345,0.045394446892904367,0.029528426619656236,0.062141912736888495,0.060379021595416485,0.0868223887174967,0.050683120317320404,0.03217276333186426,0.050683120317320404
0.0921577315019938,0.04253433761630483,0.08329641116526362,0.17235268054940187,0.08019494904740807,0.03322995126273815,0.034116083296411165,0.04519273371732388,0.046964997784669914,0.02924235711120957,0.057598582188746125,0.05892778023925565,0.08772707133362871,0.051395657953035,0.03145768719539211,0.05361098803721755
0.09359823399558499,0.04105960264900662,0.08388520971302428,0.1686534216335541,0.07991169977924945,0.03399558498896247,0.031788079470198675,0.04282560706401766,0.046799116997792496,0.03090507726269316,0.060044150110375276,0.060927152317880796,0.0869757174392936,0.052980132450331126,0.03090507726269316,0.05474613686534217
0.09551310528653932,0.040870724122612175,0.0812972012438916,0.17592181252776543,0.073745002221235,0.0346512661039538,0.03198578409595735,0.040870724122612175,0.04842292314526877,0.03154153709462461,0.06308307418924922,0.05908485117725455,0.08485117725455353,0.050644158151932475,0.03198578409595735,0.05553087516659263
0.09800443458980045,0.04434589800443459,0.0811529933481153,0.18093126385809313,0.07937915742793791,0.037694013303769404,0.028824833702882482,0.03902439024390244,0.043458980044345896,0.03458980044345898,0.06031042128603104,0.05321507760532151,0.08425720620842572,0.050110864745011086,0.03325942350332594,0.05144124168514413
0.10346320346320347,0.048051948051948054,0.0748917748917749,0.17705627705627705,0.07792207792207792,0.03636363636363636,0.02987012987012987,0.04112554112554113,0.04242424242424243,0.032467532467532464,0.05844155844155844,0.05714285714285714,0.08311688311688312,0.04935064935064935,0.03333333333333333,0.05497835497835498
0.10062056737588652,0.047872340425531915,0.07890070921985816,0.17863475177304963,0.07934397163120567,0.037677304964539006,0.030141843971631204,0.041666666666666664,0.0425531914893617,0.03324468085106383,0.0549645390070922,0.05452127659574468,0.08111702127659574,0.051418439716312055,0.03324468085106383,0.054078014184397165
0.10192475940507437,0.046806649168853895,0.07699037620297462,0.17716535433070865,0.07961504811898512,0.04286964129483815,0.03062117235345582,0.0389326334208224,0.04374453193350831,0.031496062992125984,0.05905511811023622,0.051618547681539804,0.07917760279965004,0.050306211723534555,0.0363079615048119,0.05336832895888014
0.10624169986719788,0.046038069942452416,0.07569721115537849,0.18238158477202301,0.0787959274015051,0.0451527224435591,0.03231518370960602,0.03939796370075255,0.043382027445772464,0.03054448871181939,0.056219566179725546,0.05267817618415228,0.07746790615316512,0.04869411243913236,0.03497122620628597,0.05002213368747233
0.10761736049601417,0.043401240035429584,0.07263064658990256,0.18556244464127547,0.07661647475642161,0.04295837023914969,0.029229406554472984,0.04118689105403012,0.043401240035429584,0.032329495128432244,0.05890168290522586,0.05181576616474756,0.07794508414526129,0.046944198405668734,0.03454384410983171,0.05491585473870682
0.11002227171492204,0.042316258351893093,0.06993318485523385,0.18040089086859687,0.07661469933184856,0.044097995545657014,0.029844097995545656,0.04543429844097996,0.04187082405345212,0.030734966592427616,0.057015590200445436,0.05434298440979955,0.08062360801781737,0.04855233853006682,0.033853006681514475,0.05434298440979955
0.1073149364870784,0.04161191414805081,0.07490144546649145,0.1800262812089356,0.07446342531756461,0.04555409548839247,0.029347349978098992,0.04424003504161191,0.04467805519053877,0.030223390275952694,0.05562855891371003,0.056504599211563734,0.07840560665790626,0.04993429697766097,0.033289531318440646,0.05387647831800263
0.10350955131052865,0.04042647712127943,0.07418924922256774,0.17636605952909817,0.07729897823189694,0.04575744113727232,0.03154153709462461,0.047090182141270545,0.0444247001332741,0.029320302087960905,0.05242114615726344,0.05553087516659263,0.0812972012438916,0.0519768991559307,0.0368725011106175,0.0519768991559307
0.10692102928127772,0.040372670807453416,0.07054125998225377,0.18145519077196096,0.0740905057675244,0.04702750665483585,0.030612244897959183,0.04614019520851819,0.04569653948535936,0.030168589174800354,0.05412599822537711,0.05146406388642413,0.08518189884649512,0.05013309671694765,0.03460514640638864,0.05146406388642413
