C_R,C_A,C_S,C_N,D_R,D_A,D_S,D_N,Oc_R,Oc_A,Oc_S,Oc_N,Od_R,Od_A,Od_S,Od_N
1.0,0.0,0.0,0.0,0.0,0.0,0.0,0.0,0.0,0.0,0.0,0.0,0.0,0.0,0.0,0.0
0.5,0.0,0.0,0.0,0.0,0.5,0.0,0.0,0.0,0.0,0.0,0.0,0.0,0.0,0.0,0.0
0.3333333333333333,0.0,0.0,0.0,0.16666666666666666,0.5,0.0,0.0,0.0,0.0,0.0,0.0,0.0,0.0,0.0,0.0
0.36363636363636365,0.0,0.09090909090909091,0.0,0.09090909090909091,0.45454545454545453,0.0,0.0,0.0,0.0,0.0,0.0,0.0,0.0,0.0,0.0
0.4444444444444444,0.0,0.1111111111111111,0.0,0.05555555555555555,0.3888888888888889,0.0,0.0,0.0,0.0,0.0,0.0,0.0,0.0,0.0,0.0
0.41379310344827586,0.10344827586206896,0.034482758620689655,0.0,0.0,0.3793103448275862,0.0,0.0,0.0,0.06896551724137931,0.0,0.0,0.0,0.0,0.0,0.0
0.375,0.1,0.05,0.0,0.0,0.35,0.0,0.05,0.0,0.075,0.0,0.0,0.0,0.0,0.0,0.0
0.4067796610169492,0.06779661016949153,0.03389830508474576,0.0,0.0,0.3898305084745763,0.01694915254237288,0.03389830508474576,0.0,0.05084745762711865,0.0,0.0,0.0,0.0,0.0,0.0
0.4594594594594595,0.04054054054054054,0.04054054054054054,0.0,0.0,0.3783783783783784,0.0,0.04054054054054054,0.0,0.013513513513513514,0.013513513513513514,0.0,0.0,0.0,0.013513513513513514,0.0
0.4444444444444444,0.050505050505050504,0.050505050505050504,0.0,0.0,0.36363636363636365,0.0,0.04040404040404041,0.0,0.020202020202020204,0.010101010101010102,0.020202020202020204,0.0,0.0,0.0,0.0
0.44360902255639095,0.05263157894736842,0.05263157894736842,0.0,0.0,0.3383458646616541,0.0,0.07518796992481203,0.0,0.015037593984962405,0.007518796992481203,0.015037593984962405,0.0,0.0,0.0,0.0
0.4260355029585799,0.047337278106508875,0.03550295857988166,0.0,0.0,0.33136094674556216,0.005917159763313609,0.08875739644970414,0.0,0.011834319526627219,0.005917159763313609,0.023668639053254437,0.023668639053254437,0.0,0.0,0.0
0.4097560975609756,0.03414634146341464,0.02926829268292683,0.0,0.004878048780487805,0.3121951219512195,0.004878048780487805,0.12682926829268293,0.0,0.00975609756097561,0.004878048780487805,0.03414634146341464,0.02926829268292683,0.0,0.0,0.0
0.41015625,0.02734375,0.02734375,0.00390625,0.01171875,0.29296875,0.0078125,0.12890625,0.0,0.015625,0.0,0.04296875,0.03125,0.0,0.0,0.0
0.4098360655737705,0.03278688524590164,0.022950819672131147,0.003278688524590164,0.003278688524590164,0.29508196721311475,0.006557377049180328,0.1180327868852459,0.0,0.013114754098360656,0.0,0.04918032786885246,0.04262295081967213,0.0,0.003278688524590164,0.0
0.40668523676880225,0.033426183844011144,0.016713091922005572,0.002785515320334262,0.002785515320334262,0.2618384401114206,0.005571030640668524,0.12534818941504178,0.0,0.016713091922005572,0.0,0.052924791086350974,0.06406685236768803,0.005571030640668524,0.002785515320334262,0.002785515320334262
0.3933649289099526,0.03317535545023697,0.02132701421800948,0.004739336492890996,0.002369668246445498,0.24170616113744076,0.004739336492890996,0.13507109004739337,0.0,0.018957345971563982,0.0,0.061611374407582936,0.06872037914691943,0.0071090047393364926,0.004739336492890996,0.002369668246445498
0.3752535496957404,0.04056795131845842,0.014198782961460446,0.006085192697768763,0.002028397565922921,0.23123732251521298,0.004056795131845842,0.13995943204868155,0.0,0.02636916835699797,0.0,0.06288032454361055,0.08316430020283976,0.006085192697768763,0.006085192697768763,0.002028397565922921
0.38392857142857145,0.033928571428571426,0.014285714285714285,0.007142857142857143,0.0017857142857142857,0.2125,0.0035714285714285713,0.1357142857142857,0.0,0.033928571428571426,0.0,0.0625,0.09107142857142857,0.008928571428571428,0.008928571428571428,0.0017857142857142857
0.37770897832817335,0.03715170278637771,0.015479876160990712,0.010835913312693499,0.0,0.19349845201238391,0.0030959752321981426,0.14396284829721362,0.0,0.04024767801857585,0.0,0.06346749226006192,0.09752321981424149,0.009287925696594427,0.006191950464396285,0.0015479876160990713
0.37228260869565216,0.036684782608695655,0.014945652173913044,0.014945652173913044,0.0,0.18342391304347827,0.002717391304347826,0.13994565217391305,0.001358695652173913,0.036684782608695655,0.001358695652173913,0.06521739130434782,0.11820652173913043,0.006793478260869565,0.004076086956521739,0.001358695652173913
0.3563766388557807,0.04052443384982122,0.017878426698450536,0.021454112038140644,0.0,0.17878426698450536,0.0011918951132300357,0.14064362336114422,0.0011918951132300357,0.03933253873659118,0.0011918951132300357,0.06555423122765197,0.12157330154946365,0.009535160905840286,0.003575685339690107,0.0011918951132300357
0.3650107991360691,0.04103671706263499,0.014038876889848811,0.029157667386609073,0.0010799136069114472,0.15226781857451405,0.0010799136069114472,0.13390928725701945,0.0021598272138228943,0.04103671706263499,0.0010799136069114472,0.07019438444924406,0.1263498920086393,0.009719222462203024,0.0021598272138228943,0.009719222462203024
0.36151603498542273,0.04470359572400389,0.013605442176870748,0.03206997084548105,0.003887269193391642,0.1457725947521866,0.0009718172983479105,0.12633624878522837,0.001943634596695821,0.0456754130223518,0.0029154518950437317,0.06802721088435375,0.13022351797862003,0.008746355685131196,0.003887269193391642,0.009718172983479106
0.365036231884058,0.051630434782608696,0.014492753623188406,0.03351449275362319,0.0036231884057971015,0.13677536231884058,0.0009057971014492754,0.12228260869565218,0.0018115942028985507,0.043478260869565216,0.002717391304347826,0.06521739130434782,0.1331521739130435,0.008152173913043478,0.0036231884057971015,0.01358695652173913
0.3589329021827001,0.05092966855295069,0.012934518997574777,0.03556992724333064,0.002425222312045271,0.13257881972514146,0.002425222312045271,0.12611156022635409,0.0032336297493936943,0.043654001616814875,0.002425222312045271,0.07033144704931285,0.13581244947453516,0.005658852061438965,0.004850444624090542,0.012126111560226353
0.35918674698795183,0.054969879518072286,0.011295180722891566,0.0391566265060241,0.002259036144578313,0.1280120481927711,0.0030120481927710845,0.12274096385542169,0.0037650602409638554,0.04743975903614458,0.0030120481927710845,0.06325301204819277,0.13855421686746988,0.00677710843373494,0.0037650602409638554,0.012801204819277108
0.3652609006433167,0.06290207290922087,0.012151536812008578,0.040028591851322376,0.0014295925661186562,0.12151536812008577,0.0028591851322373124,0.11865618298784847,0.0028591851322373124,0.04932094353109364,0.0035739814152966403,0.061472480343102216,0.13724088634739098,0.007862759113652609,0.0035739814152966403,0.009292351679771264
0.36327345309381237,0.06320691949434465,0.011310711909514305,0.04590818363273453,0.0006653359946773121,0.10844976713240187,0.00332667997338656,0.12242182302062542,0.0026613439787092482,0.057218895542248835,0.003992015968063872,0.06121091151031271,0.13506320691949433,0.007984031936127744,0.0026613439787092482,0.010645375914836993
0.3552795031055901,0.07018633540372671,0.010559006211180125,0.04906832298136646,0.0012422360248447205,0.11118012422360249,0.0037267080745341614,0.11925465838509317,0.0018633540372670807,0.0546583850931677,0.003105590062111801,0.05652173913043478,0.13975155279503104,0.009937888198757764,0.004347826086956522,0.009316770186335404
0.3513986013986014,0.07167832167832168,0.01048951048951049,0.055944055944055944,0.0017482517482517483,0.10314685314685315,0.0034965034965034965,0.11771561771561771,0.002331002331002331,0.05419580419580419,0.002913752913752914,0.06118881118881119,0.1386946386946387,0.01048951048951049,0.004662004662004662,0.009906759906759906
0.35820076796489303,0.06856829402084476,0.01151947339550192,0.055403181568842566,0.0021941854086670325,0.10312671420735052,0.0032912781130005485,0.11025781678551838,0.0021941854086670325,0.05211190345584202,0.004388370817334065,0.060888645090510146,0.1398793198025233,0.012068019747668678,0.004388370817334065,0.01151947339550192
0.3557692307692308,0.06997863247863248,0.009615384615384616,0.05822649572649573,0.002670940170940171,0.09722222222222222,0.003205128205128205,0.10790598290598291,0.002136752136752137,0.052884615384615384,0.004273504273504274,0.06143162393162393,0.14636752136752137,0.013354700854700854,0.0037393162393162395,0.011217948717948718
0.3465447154471545,0.0741869918699187,0.010670731707317074,0.05538617886178862,0.003556910569105691,0.1016260162601626,0.0040650406504065045,0.10467479674796748,0.002540650406504065,0.056402439024390245,0.003556910569105691,0.057926829268292686,0.14939024390243902,0.013211382113821139,0.003048780487804878,0.013211382113821139
0.3445,0.0715,0.0105,0.052,0.005,0.103,0.004,0.1055,0.003,0.0585,0.0025,0.0605,0.15,0.0125,0.003,0.014
0.33236574746008707,0.07160135462022255,0.009675858732462506,0.05660377358490566,0.005805515239477504,0.09966134494436381,0.004837929366231253,0.10836961780358007,0.0024189646831156266,0.05757135945815191,0.002902757619738752,0.05805515239477504,0.15820029027576196,0.012094823415578132,0.0038703434929850023,0.015965166908563134
0.32813975448536353,0.07365439093484419,0.0113314447592068,0.05240793201133145,0.0066100094428706326,0.0967894239848914,0.004721435316336166,0.10764872521246459,0.0033050047214353163,0.06043437204910293,0.0033050047214353163,0.056185080264400375,0.15722379603399433,0.01794145420207743,0.00424929178470255,0.016052880075542966
0.32243205895900506,0.07692307692307693,0.010594196222938737,0.04744357438968217,0.006909258406264394,0.09488714877936434,0.006909258406264394,0.10317825886688162,0.0036849378166743437,0.06080147397512667,0.0032243205895900505,0.05619530170428374,0.1685859051128512,0.016121602947950252,0.004145555043758637,0.017964071856287425
0.3209428830462375,0.07978241160471441,0.009066183136899365,0.04941069809610154,0.008159564823209429,0.08975521305530372,0.007252946509519492,0.1056210335448776,0.004986400725294651,0.061650045330915684,0.004079782411604714,0.056210335448776065,0.16681776971894832,0.014959202175883953,0.003626473254759746,0.017679057116953764
0.32576101771921856,0.07723761926397092,0.00817810086324398,0.04861426624261699,0.00817810086324398,0.08905043162199,0.0068150840527033164,0.10586097228532486,0.005452067242162653,0.059064061790095414,0.00408905043162199,0.05770104497955475,0.16810540663334847,0.013630168105406633,0.0031803725579282144,0.019082235347569285
0.333630289532294,0.07839643652561247,0.008908685968819599,0.049443207126948774,0.008017817371937639,0.08775055679287305,0.0062360801781737195,0.09977728285077951,0.0062360801781737195,0.061915367483296214,0.0035634743875278397,0.05434298440979955,0.1621380846325167,0.014699331848552339,0.004008908685968819,0.02093541202672606
0.3336267605633803,0.0761443661971831,0.008802816901408451,0.05193661971830986,0.008362676056338027,0.08362676056338028,0.005721830985915493,0.09859154929577464,0.007042253521126761,0.06338028169014084,0.003961267605633803,0.04929577464788732,0.16857394366197184,0.014524647887323943,0.0048415492957746475,0.021566901408450703
0.33406981882456915,0.07909854175872735,0.010163499779054353,0.04684047724259832,0.009721608484312859,0.08395934600088378,0.0057445868316394165,0.10030932390631904,0.006628369421122404,0.062306672558550595,0.004860804242156429,0.05214317277949625,0.1652673442333186,0.016349977905435263,0.004860804242156429,0.017675651789659744
0.3299648506151142,0.07820738137082602,0.010984182776801407,0.04569420035149385,0.00922671353251318,0.08347978910369068,0.0057117750439367315,0.09929701230228472,0.005272407732864675,0.06282952548330405,0.0048330404217926184,0.05228471001757469,0.17135325131810195,0.015817223198594025,0.0048330404217926184,0.020210896309314587
0.3265124555160142,0.07562277580071175,0.011565836298932384,0.050266903914590745,0.00800711743772242,0.08629893238434164,0.005782918149466192,0.09875444839857651,0.005338078291814947,0.061832740213523134,0.004448398576512456,0.052935943060498224,0.17037366548042704,0.018238434163701068,0.005782918149466192,0.018238434163701068
0.3243006993006993,0.07517482517482517,0.0118006993006993,0.050699300699300696,0.008741258741258742,0.08347902097902098,0.005681818181818182,0.09921328671328672,0.004807692307692308,0.062062937062937064,0.005244755244755245,0.051573426573426576,0.17482517482517482,0.019230769230769232,0.006118881118881119,0.017045454545454544
0.3289241622574956,0.07054673721340388,0.01146384479717813,0.04982363315696649,0.008818342151675485,0.08421516754850088,0.005731922398589065,0.10008818342151675,0.005291005291005291,0.06128747795414462,0.0048500881834215165,0.05423280423280423,0.17372134038800705,0.018077601410934743,0.005731922398589065,0.017195767195767195
0.3284116331096197,0.07114093959731543,0.010738255033557046,0.050559284116331094,0.008501118568232663,0.08769574944071588,0.0058165548098434005,0.09753914988814318,0.0058165548098434005,0.06129753914988814,0.0035794183445190158,0.053691275167785234,0.1749440715883669,0.0174496644295302,0.0044742729306487695,0.018344519015659956
0.33066666666666666,0.06622222222222222,0.009333333333333334,0.052444444444444446,0.0071111111111111115,0.08844444444444445,0.0071111111111111115,0.09688888888888889,0.0057777777777777775,0.064,0.0044444444444444444,0.05288888888888889,0.17377777777777778,0.018666666666666668,0.0035555555555555557,0.018666666666666668
0.3339222614840989,0.061837455830388695,0.009717314487632508,0.0534452296819788,0.007508833922261484,0.0892226148409894,0.0066254416961130744,0.0980565371024735,0.00530035335689046,0.06537102473498234,0.004858657243816254,0.05079505300353357,0.17358657243816256,0.018551236749116608,0.004858657243816254,0.016342756183745585
0.334664891256103,0.06080781180648025,0.010652463382157125,0.05459387483355526,0.00887705281846427,0.08300044385264092,0.006213936972924989,0.0985352862849534,0.006213936972924989,0.06524633821571238,0.004438526409232135,0.05059920106524634,0.1775410563692854,0.01908566355969818,0.002663115845539281,0.016866400355082113
0.3292415607189829,0.060938185006576065,0.01183691363437089,0.056992547128452434,0.008329679964927663,0.08461201227531784,0.006137658921525646,0.09513371328364752,0.007452871547566856,0.06707584392810172,0.00394563787812363,0.04910127137220517,0.17580008768084174,0.020604997807978958,0.0035072336694432268,0.019289785181937746
0.3218442256042972,0.05819158460161146,0.010743061772605193,0.05729632945389436,0.008952551477170993,0.08907788719785138,0.004923903312444047,0.09713518352730528,0.007609668755595345,0.06490599820948971,0.0040286481647269475,0.051477170993733216,0.17905102954341987,0.021038495971351837,0.0035810205908683975,0.020143240823634737
0.323673651359786,0.057066428889879624,0.008470798038341507,0.056620597414177444,0.008024966562639322,0.08872046366473473,0.004458314757021846,0.09451627284886313,0.008024966562639322,0.06865804725813643,0.0035666518056174765,0.05171645118145341,0.18056174765938476,0.021845742309407043,0.0035666518056174765,0.02050824788230049
0.3200883002207506,0.05518763796909492,0.008830022075055188,0.05518763796909492,0.008830022075055188,0.08520971302428255,0.00706401766004415,0.09757174392935983,0.009271523178807948,0.06710816777041943,0.003532008830022075,0.052980132450331126,0.18233995584988963,0.022516556291390728,0.003973509933774834,0.020309050772626933
0.3168360583296509,0.05391073795846222,0.009279717189571365,0.05877154220061865,0.007512152010605391,0.08661069376933274,0.006628369421122404,0.0963323022536456,0.008837825894829872,0.06805125939019001,0.003535130357931949,0.05037560760053027,0.1864781263809103,0.021652673442333185,0.004418912947414936,0.0207688908528502
0.3241590214067278,0.05198776758409786,0.010048055919615552,0.05897771952817824,0.007426823940585408,0.08387942332896461,0.00655307994757536,0.0926168632590651,0.009174311926605505,0.06771515945827872,0.003931847968545216,0.049366535605067714,0.1874180865006553,0.022717343818261248,0.00436871996505024,0.019659239842726082
0.32134931202840655,0.05104305370616955,0.010652463382157125,0.05947625388371061,0.008433200177541057,0.0821127385707945,0.006657789613848202,0.09365290723479805,0.00887705281846427,0.06746560142032845,0.0039946737683089215,0.05015534842432313,0.18819351975144252,0.022192632046160676,0.004882379050155349,0.020861074123391034
0.3177570093457944,0.050734312416555405,0.010235870048954161,0.06008010680907877,0.009345794392523364,0.08366711170449488,0.006675567423230975,0.09212283044058744,0.008455718736092568,0.06764574988874054,0.004450378282153983,0.0516243880729862,0.18914107699154428,0.02358700489541611,0.004895416110369382,0.019581664441477527
0.3192426243945399,0.05151915455746367,0.011008366358432409,0.06516952884191986,0.009247027741083224,0.08190224570673713,0.005724350506384853,0.09335094671950682,0.00836635843240863,0.06781153676794363,0.0048436811977102595,0.04579480405107882,0.18802289740202555,0.022457067371202115,0.005284015852047556,0.02025539409951563
0.3153034300791557,0.047053649956024624,0.010993843447669306,0.06464379947229551,0.008795074758135445,0.08883025505716799,0.00395778364116095,0.09234828496042216,0.009234828496042216,0.06596306068601583,0.00395778364116095,0.048812664907651716,0.18909410729991205,0.02198768689533861,0.006156552330694811,0.022867194371152155
0.3157199471598415,0.0479964773227653,0.011448701012769706,0.06605019815059446,0.010127697049757816,0.0841039189784236,0.0048436811977102595,0.09114927344782034,0.007926023778071334,0.06384852487890796,0.0035226772346983706,0.0488771466314399,0.19374724790841039,0.02025539409951563,0.007485689123734038,0.02289740202553941
0.31984161900571934,0.047074351077870655,0.011438627364716234,0.06379234491860977,0.010558732952045754,0.08490981082270127,0.007479102507699076,0.09238891333040035,0.009238891333040036,0.06159260888693357,0.0035195776506819184,0.048834139903211615,0.1891772987241531,0.02067751869775627,0.007919049714034315,0.02155741311042675
0.3117854001759015,0.047053649956024624,0.011873350923482849,0.06728232189973615,0.010554089709762533,0.08267370272647317,0.007475813544415127,0.09102902374670185,0.010993843447669306,0.06112576956904134,0.003518029903254178,0.052330694810905895,0.19129287598944592,0.020668425681618294,0.008355321020228672,0.02198768689533861
0.310935441370224,0.050505050505050504,0.011857707509881422,0.06982872200263504,0.011418533157663592,0.08344312692138779,0.007465963987703118,0.09134826526130874,0.010101010101010102,0.060166886253842776,0.0030742204655248135,0.052261747913921824,0.18620992534036013,0.021958717610891524,0.007905138339920948,0.021519543258673692
0.3180026281208936,0.04949627682873412,0.010950503723171266,0.067455102934735,0.012702584318878668,0.08015768725361366,0.006132282084975909,0.09198423127463863,0.010074463425317565,0.057380639509417436,0.0030661410424879547,0.04818221638195357,0.19404292597459483,0.02102496714848883,0.006570302233902759,0.022777047744196234
0.32133333333333336,0.04711111111111111,0.012,0.06933333333333333,0.012,0.08044444444444444,0.006666666666666667,0.088,0.008888888888888889,0.056,0.004,0.04888888888888889,0.19644444444444445,0.018222222222222223,0.006222222222222222,0.024444444444444446
0.3183035714285714,0.045535714285714284,0.012053571428571429,0.06875,0.011607142857142858,0.07723214285714286,0.00625,0.08973214285714286,0.00625,0.06205357142857143,0.005357142857142857,0.049107142857142856,0.19776785714285713,0.019196428571428573,0.005803571428571429,0.025
0.3225950782997763,0.04563758389261745,0.012527964205816556,0.06621923937360179,0.011185682326621925,0.07740492170022371,0.0058165548098434005,0.08903803131991052,0.006263982102908278,0.06129753914988814,0.006711409395973154,0.05011185682326622,0.19642058165548099,0.017897091722595078,0.0058165548098434005,0.02505592841163311
0.3204272363150868,0.04316866933689364,0.011570983533600357,0.06497552291944815,0.012016021361815754,0.0787716955941255,0.005785491766800178,0.09256786826880285,0.006230529595015576,0.06230529595015576,0.007120605251446373,0.050734312416555405,0.19715175789942144,0.017801513128615932,0.0053404539385847796,0.02403204272363151
0.3205298013245033,0.0423841059602649,0.010154525386313467,0.06622516556291391,0.012803532008830023,0.07549668874172186,0.005739514348785872,0.09536423841059603,0.00706401766004415,0.05695364238410596,0.00706401766004415,0.053863134657836646,0.19823399558498897,0.016777041942604858,0.006181015452538631,0.025165562913907286
0.3193717277486911,0.04232111692844677,0.009162303664921465,0.06544502617801047,0.012652705061082025,0.07897033158813263,0.005235602094240838,0.09424083769633508,0.007417102966841187,0.05759162303664921,0.008289703315881327,0.05366492146596859,0.1967713787085515,0.016579406631762654,0.006108202443280977,0.02617801047120419
0.3141223053233612,0.039595248570171576,0.007919049714034315,0.06687197536295644,0.013198416190057193,0.0774307083150022,0.005279366476022877,0.09678838539375274,0.007039155301363837,0.056313242410910694,0.007479102507699076,0.055433347998240214,0.19753629564452266,0.01803783545974483,0.007479102507699076,0.029476462824461064
0.3146417445482866,0.040498442367601244,0.008455718736092568,0.06764574988874054,0.014686248331108143,0.07209612817089453,0.0053404539385847796,0.09701824655095684,0.007120605251446373,0.05874499332443257,0.006675567423230975,0.054294615042278595,0.19492656875834447,0.018691588785046728,0.008455718736092568,0.030707610146862484
0.31318923687692984,0.03573003970004411,0.008381120423467137,0.0674900749889722,0.013674459638288486,0.07278341420379356,0.00529333921482135,0.09263343625937362,0.007498897220996913,0.05690339655932951,0.0061755624172915745,0.05734450816056462,0.20247022496691663,0.01940891045434495,0.010145566828407587,0.030877812086457873
0.31459170013386883,0.03614457831325301,0.007585899152164213,0.06961178045515395,0.01249442213297635,0.07273538598839803,0.005800981704596163,0.09058456046407853,0.008032128514056224,0.05800981704596162,0.006247211066488175,0.058902275769745646,0.2003569834895136,0.019187862561356538,0.009370816599732263,0.03034359660865685
0.3069395017793594,0.03425266903914591,0.006227758007117438,0.07161921708185054,0.012455516014234875,0.07295373665480427,0.006227758007117438,0.08407473309608542,0.008451957295373666,0.05738434163701068,0.0066725978647686835,0.06005338078291815,0.2117437722419929,0.020462633451957295,0.009341637010676156,0.03113879003558719
0.3076580587711487,0.031611754229741766,0.00578806767586821,0.07168299198575245,0.012911843276936777,0.07479964381121995,0.008014247551202136,0.0881567230632235,0.008014247551202136,0.054764024933214604,0.006233303650934996,0.05832591273374889,0.21104185218165628,0.020035618878005344,0.009795191451469279,0.031166518254674976
0.315929203539823,0.033185840707964605,0.005752212389380531,0.07035398230088495,0.011946902654867256,0.0743362831858407,0.007079646017699115,0.0831858407079646,0.007079646017699115,0.05486725663716814,0.00663716814159292,0.05575221238938053,0.21371681415929203,0.02079646017699115,0.008407079646017699,0.030973451327433628
0.3131941359395824,0.03287427809862283,0.006663705019991115,0.06974677920924034,0.013771657041314972,0.07641048422923145,0.008440693025322079,0.08262994224788983,0.006663705019991115,0.053753887161261664,0.008440693025322079,0.056419369169258105,0.2132385606397157,0.019991115059973346,0.007552199022656597,0.030208796090626388
0.3089466725429705,0.030409872190392245,0.007051564565888057,0.07095636844424857,0.012780960775672102,0.07756721022476862,0.00749228735125606,0.08153371529308065,0.006610841780520053,0.05685323931247246,0.007933010136624064,0.05729396209784046,0.2128691053327457,0.021595416483032173,0.007051564565888057,0.03305420890260027
0.30772626931567326,0.02781456953642384,0.007947019867549669,0.07373068432671082,0.011920529801324504,0.07417218543046358,0.008830022075055188,0.08167770419426049,0.006622516556291391,0.053421633554083886,0.007947019867549669,0.05827814569536424,0.21766004415011037,0.02075055187637969,0.00706401766004415,0.03443708609271523
0.30826737027264733,0.028144239226033423,0.008355321020228672,0.07475813544415127,0.013192612137203167,0.07211961301671065,0.008795074758135445,0.07827616534740545,0.006156552330694811,0.055408970976253295,0.0079155672823219,0.055848724714160074,0.21899736147757257,0.020228671943711522,0.0079155672823219,0.03562005277044855
0.3109430604982206,0.025355871886120998,0.008451957295373666,0.07295373665480427,0.014234875444839857,0.07206405693950178,0.009786476868327402,0.07873665480427046,0.007562277580071174,0.05604982206405694,0.009341637010676156,0.055604982206405695,0.2148576512455516,0.02090747330960854,0.00800711743772242,0.035142348754448396
0.31222123104371097,0.022747546833184657,0.008920606601248885,0.07270294380017842,0.014719000892060661,0.0735950044603033,0.00936663693131133,0.07850133809099019,0.007136485280999108,0.05396966993755575,0.009812667261373774,0.056645851917930416,0.21810883140053525,0.02007136485280999,0.007582515611061552,0.03389830508474576
0.3163668275559456,0.021939447125932425,0.009214567792891619,0.0767880649407635,0.01228609039052216,0.07371654234313295,0.007459412022817025,0.0767880649407635,0.007898200965335674,0.054848617814831066,0.010092145677928916,0.05397103992979377,0.21632294866169371,0.02150065818341378,0.007898200965335674,0.03290917068889864
0.3107989464442493,0.020632133450395083,0.010535557506584723,0.07638279192273925,0.012730465320456541,0.07462686567164178,0.006145741878841089,0.07550482879719052,0.008340649692712906,0.05970149253731343,0.009657594381035996,0.05575065847234416,0.21685689201053557,0.020632133450395083,0.009657594381035996,0.03204565408252853
0.3097463284379172,0.018691588785046728,0.009790832220738763,0.0774365821094793,0.012461059190031152,0.07565643079661771,0.006230529595015576,0.07298620382732532,0.008455718736092568,0.05696484201157098,0.009790832220738763,0.05829995549621718,0.21851357365376056,0.022696929238985315,0.010235870048954161,0.03204272363150868
0.3170194003527337,0.02072310405643739,0.010141093474426807,0.07495590828924162,0.01146384479717813,0.07716049382716049,0.006613756613756613,0.0701058201058201,0.007936507936507936,0.05731922398589065,0.010141093474426807,0.05731922398589065,0.21164021164021163,0.024250440917107582,0.009700176366843033,0.03350970017636684
0.3217931646693298,0.02130492676431425,0.01154016866400355,0.07456724367509987,0.010208610741233911,0.07146027518863737,0.007545494895694629,0.06879715934309809,0.007545494895694629,0.055481580115401684,0.011096316023080338,0.056369285397248114,0.2134931202840657,0.0230803373280071,0.00887705281846427,0.03683976919662672
0.3227628149435274,0.01954821894005213,0.011294526498696786,0.07211120764552563,0.010425716768027803,0.07124239791485665,0.007384882710686359,0.06907037358818419,0.007384882710686359,0.05560382276281494,0.011294526498696786,0.05647263249348393,0.2154648132059079,0.023457862728062554,0.009122502172024326,0.03735881841876629
0.3254177660510114,0.020668425681618294,0.011433597185576077,0.0712401055408971,0.010554089709762533,0.06948109058927,0.007036059806508356,0.06684256816182937,0.009674582233948988,0.055848724714160074,0.010993843447669306,0.05672823218997362,0.2119613016710642,0.026385224274406333,0.010114335971855761,0.03562005277044855
0.3285024154589372,0.018884497145366712,0.010540184453227932,0.07246376811594203,0.011418533157663592,0.06807202459376373,0.007026789635485288,0.06807202459376373,0.00922266139657444,0.05489679402722881,0.00922266139657444,0.05533596837944664,0.21519543258673693,0.027228809837505488,0.00966183574879227,0.034255599472990776
0.332,0.020444444444444446,0.010222222222222223,0.072,0.012,0.06533333333333333,0.0071111111111111115,0.06755555555555555,0.008444444444444444,0.05422222222222222,0.009333333333333334,0.05422222222222222,0.216,0.028,0.009777777777777778,0.03333333333333333
0.33274414494034465,0.0207688908528502,0.01104728236853734,0.07247017233760494,0.01104728236853734,0.06451612903225806,0.007070260715863898,0.06407423773751657,0.008395934600088379,0.05788775961113566,0.009279717189571365,0.054352629253203714,0.21343349536014142,0.028722934158197082,0.008395934600088379,0.035793194874060984
0.33170731707317075,0.021729490022172948,0.00975609756097561,0.07361419068736141,0.011086474501108648,0.06208425720620843,0.007982261640798226,0.06119733924611973,0.008425720620842573,0.06075388026607539,0.008869179600886918,0.05277161862527716,0.21596452328159646,0.028381374722838137,0.007982261640798226,0.037694013303769404
0.3305567733450241,0.021481806225339763,0.00920648838228847,0.07452871547566857,0.011398509425690487,0.06663743971942131,0.008329679964927663,0.06356861025865848,0.007452871547566856,0.05611573871109163,0.00920648838228847,0.051731696624287594,0.21525646646207802,0.027181060938185005,0.008768084173608066,0.03857957036387549
0.3349536014140521,0.02342023862129916,0.007954043305346884,0.07379584622182943,0.010605391073795847,0.06628369421122404,0.009279717189571365,0.06053910737958462,0.007954043305346884,0.054352629253203714,0.008837825894829872,0.05081749889527176,0.2191780821917808,0.026071586389748123,0.008395934600088379,0.037560760053026956
0.34182776801405973,0.01977152899824253,0.010105448154657293,0.07513181019332162,0.008787346221441126,0.06766256590509666,0.008787346221441126,0.06107205623901582,0.008787346221441126,0.056678383128295255,0.00922671353251318,0.0492091388400703,0.21441124780316345,0.025483304042179262,0.008787346221441126,0.03427065026362039
0.3386034255599473,0.01756697408871322,0.010979358805445762,0.07553798858146685,0.007905138339920948,0.06368028107158542,0.00834431269213878,0.061923583662714096,0.00834431269213878,0.057971014492753624,0.00878348704435661,0.04743083003952569,0.22266139657444006,0.028107158541941152,0.007905138339920948,0.034255599472990776
0.335978835978836,0.01763668430335097,0.011022927689594356,0.07760141093474426,0.00837742504409171,0.06569664902998236,0.00837742504409171,0.06128747795414462,0.008818342151675485,0.05202821869488536,0.009259259259259259,0.04894179894179894,0.222663139329806,0.029541446208112873,0.007936507936507936,0.034832451499118164
0.3348076072534277,0.01680672268907563,0.010614772224679346,0.07916850950906679,0.008403361344537815,0.062361786819991154,0.009287925696594427,0.06457319770013269,0.009287925696594427,0.05263157894736842,0.008403361344537815,0.047766475011057054,0.22644847412649272,0.028748341441839895,0.00796107916850951,0.03272888102609465
0.3340669014084507,0.018045774647887324,0.011883802816901408,0.08054577464788733,0.007922535211267605,0.061619718309859156,0.009242957746478873,0.0625,0.009242957746478873,0.053257042253521125,0.009242957746478873,0.047975352112676055,0.2244718309859155,0.029049295774647887,0.007922535211267605,0.03301056338028169
0.3375936535918907,0.01762891141472014,0.010136624063464082,0.08065226972234464,0.007933010136624064,0.060379021595416485,0.00881445570736007,0.062141912736888495,0.009695901278096077,0.055531070956368445,0.007051564565888057,0.045394446892904367,0.2265315116791538,0.03129131776112825,0.00749228735125606,0.031732040546496254
0.33391838525669154,0.018429135585783237,0.010092145677928916,0.08205353225098727,0.007898200965335674,0.06186924089512944,0.008775778850372971,0.06318560772268539,0.009214567792891619,0.05792014041246161,0.007898200965335674,0.0434401053093462,0.22553751645458534,0.028521281263712155,0.008775778850372971,0.03247038174637999
0.3253119429590018,0.01693404634581105,0.00980392156862745,0.08155080213903744,0.008912655971479501,0.06194295900178253,0.0106951871657754,0.06417112299465241,0.00980392156862745,0.057932263814616754,0.008912655971479501,0.0427807486631016,0.23083778966131907,0.026737967914438502,0.008021390374331552,0.035650623885918005
0.32837778749453433,0.016615653694796676,0.009619588981198076,0.0804547442063839,0.00874508089199825,0.059903804110188016,0.011805859204197638,0.06034105815478793,0.010056843025797988,0.059466550065588104,0.010056843025797988,0.04285089637079143,0.23174464363795366,0.026672496720594664,0.008307826847398338,0.034980323567993
0.32438380281690143,0.014524647887323943,0.011443661971830986,0.08538732394366197,0.009242957746478873,0.061179577464788734,0.01056338028169014,0.06073943661971831,0.010123239436619719,0.06073943661971831,0.009242957746478873,0.040492957746478875,0.22843309859154928,0.02948943661971831,0.009242957746478873,0.03477112676056338
0.33022636484687085,0.015090989791389259,0.011984021304926764,0.08477585441633377,0.007101642254771416,0.05992010652463382,0.010652463382157125,0.06347092765201953,0.009320905459387484,0.05903240124278739,0.008433200177541057,0.037283621837549935,0.2334664891256103,0.02929427430093209,0.00887705281846427,0.031069684864624945
0.32904085257548843,0.013765541740674956,0.011545293072824156,0.09103019538188277,0.005772646536412078,0.05905861456483126,0.011545293072824156,0.06261101243339254,0.008880994671403197,0.056838365896980464,0.008436944937833037,0.037300177619893425,0.2366785079928952,0.02930728241563055,0.007104795737122558,0.03108348134991119
0.3241317898486198,0.015138023152270703,0.010240427426536063,0.08949243098842387,0.005342831700801425,0.05832591273374889,0.012466607301869992,0.06455921638468388,0.009795191451469279,0.05654496883348174,0.008014247551202136,0.03784505788067676,0.2382012466607302,0.031611754229741766,0.00578806767586821,0.03250222617987533
0.3315696649029982,0.015432098765432098,0.008818342151675485,0.0890652557319224,0.004409171075837742,0.057760141093474424,0.012786596119929453,0.06261022927689594,0.009700176366843033,0.0582010582010582,0.007495590828924162,0.039241622574955906,0.2328042328042328,0.02821869488536155,0.006172839506172839,0.03571428571428571
0.33466666666666667,0.016444444444444446,0.010666666666666666,0.08488888888888889,0.005333333333333333,0.05688888888888889,0.012444444444444444,0.06177777777777778,0.010222222222222223,0.057777777777777775,0.007555555555555556,0.03688888888888889,0.23422222222222222,0.028888888888888888,0.006666666666666667,0.034666666666666665
0.3377600708277999,0.015493581230633024,0.009738822487826471,0.0903054448871182,0.004426737494466578,0.05887560867640549,0.011066843736166445,0.0619743249225321,0.010624169986719787,0.05754758742806552,0.007525453740593183,0.035856573705179286,0.23019034971226207,0.027445772465692783,0.007082779991146525,0.03408587870739265
0.3433895297249335,0.014640638864241348,0.01064773735581189,0.08740017746228926,0.003105590062111801,0.059006211180124224,0.01064773735581189,0.06078083407275954,0.009316770186335404,0.05723158828748891,0.0075421472937000885,0.03682342502218278,0.23203194321206744,0.026619343389529725,0.00709849157054126,0.03371783496007098
0.3398402839396628,0.012866015971606033,0.01064773735581189,0.09006211180124224,0.005323868677905945,0.06033717834960071,0.009760425909494233,0.0616681455190772,0.01020408163265306,0.055013309671694766,0.007985803016858917,0.034161490683229816,0.23247559893522626,0.026619343389529725,0.0075421472937000885,0.0354924578527063
0.3436807095343681,0.01507760532150776,0.009312638580931265,0.09002217294900222,0.005321507760532151,0.05898004434589801,0.008869179600886918,0.05720620842572062,0.011086474501108648,0.0541019955654102,0.008425720620842573,0.031929046563192905,0.23680709534368072,0.02350332594235033,0.007095343680709534,0.038580931263858094
0.3423580786026201,0.01572052401746725,0.008733624454148471,0.09170305676855896,0.00611353711790393,0.06026200873362445,0.00960698689956332,0.05458515283842795,0.010480349344978166,0.05283842794759825,0.007860262008733625,0.034934497816593885,0.23930131004366811,0.02314410480349345,0.005676855895196507,0.03668122270742358
0.3411816970235451,0.015104398045313194,0.007996446023989337,0.09373611728120836,0.006663705019991115,0.0639715681919147,0.009773434029320302,0.056863616170590846,0.010217681030653044,0.05153265215459796,0.007107952021323856,0.03065304309195913,0.2372278987116837,0.024877832074633496,0.005775211017325633,0.037316748111950244
0.33495145631067963,0.01500441306266549,0.008384819064430714,0.09223300970873786,0.00529567519858782,0.06443071491615181,0.01147396293027361,0.05825242718446602,0.01059135039717564,0.052515445719329215,0.007502206531332745,0.030450132391879964,0.24051191526919682,0.026037069726390114,0.005736981465136805,0.03662842012356576
0.3333333333333333,0.015432098765432098,0.007495590828924162,0.09215167548500881,0.005731922398589065,0.06261022927689594,0.011022927689594356,0.05731922398589065,0.010582010582010581,0.053791887125220456,0.007495590828924162,0.03130511463844797,0.24338624338624337,0.02513227513227513,0.006613756613756613,0.03659611992945326
0.32983377077865267,0.016185476815398076,0.008311461067366578,0.09405074365704287,0.006561679790026247,0.05993000874890639,0.011373578302712161,0.05861767279090114,0.009623797025371828,0.05468066491688539,0.008311461067366578,0.033245844269466314,0.2388451443569554,0.024934383202099737,0.006124234470691163,0.03937007874015748
0.3384750991626267,0.015425297487880123,0.00749228735125606,0.09607756721022477,0.00749228735125606,0.05641251652710445,0.010136624063464082,0.05597179374173645,0.010136624063464082,0.05376817981489643,0.007051564565888057,0.03129131776112825,0.24107536359629794,0.0246804759806082,0.007051564565888057,0.0374614367562803
0.3429068755439513,0.015230635335073977,0.0073977371627502175,0.09442993907745866,0.007832898172323759,0.05918189730200174,0.009138381201044387,0.05483028720626632,0.010879025239338555,0.05308964316797215,0.007832898172323759,0.03350739773716275,0.2349869451697128,0.024804177545691905,0.006962576153176675,0.03698868581375109
0.343046357615894,0.01545253863134658,0.009271523178807948,0.09359823399558499,0.0075055187637969095,0.059602649006622516,0.011037527593818985,0.052097130242825605,0.010154525386313467,0.05077262693156733,0.008830022075055188,0.03399558498896247,0.23752759381898456,0.025165562913907286,0.007947019867549669,0.03399558498896247
0.34447866256049275,0.01583809942806863,0.010998680158380994,0.09106907171139464,0.008358996920369555,0.05587329520457545,0.013638363396392433,0.05367355917289925,0.008358996920369555,0.04839419269687637,0.007039155301363837,0.03563572371315442,0.23845138583369996,0.025076990761108666,0.008358996920369555,0.034755829300483945
0.3416122004357299,0.01568627450980392,0.011328976034858388,0.0906318082788671,0.009150326797385621,0.054466230936819175,0.014814814814814815,0.05228758169934641,0.007407407407407408,0.048366013071895426,0.007407407407407408,0.03616557734204793,0.24139433551198258,0.02483660130718954,0.008278867102396514,0.03616557734204793
0.3352397712274527,0.01583809942806863,0.010998680158380994,0.09194896612406511,0.008358996920369555,0.05763308402991641,0.01583809942806863,0.05191377034755829,0.008358996920369555,0.049714034315882095,0.007479102507699076,0.0365156181258249,0.2424109106907171,0.02375714914210295,0.007919049714034315,0.03607567091948966
0.333628710677891,0.01595037660611431,0.011962782454585734,0.0872840053167922,0.007975188303057155,0.05892778023925565,0.015507310589277802,0.051395657953035,0.008418254319893664,0.046964997784669914,0.008861320336730172,0.03677447939743022,0.24368630926007975,0.0256978289765175,0.008418254319893664,0.038546743464776254
0.3318719859710653,0.016659359929855327,0.011398509425690487,0.08548882069267864,0.00789127575624726,0.057430951337132836,0.01578255151249452,0.05085488820692679,0.008768084173608066,0.049539675580885574,0.0070144673388864535,0.04208680403331872,0.24331433581762385,0.024112231477422183,0.010083296799649276,0.03770276194651469
0.3299825174825175,0.016171328671328672,0.01048951048951049,0.08916083916083917,0.008741258741258742,0.05419580419580419,0.015297202797202798,0.053758741258741256,0.008741258741258742,0.051573426573426576,0.006555944055944056,0.043706293706293704,0.23776223776223776,0.02666083916083916,0.01048951048951049,0.03671328671328671
0.32691466083150983,0.016192560175054705,0.009190371991247264,0.08577680525164114,0.00962800875273523,0.05514223194748359,0.015317286652078774,0.052954048140043765,0.009190371991247264,0.04945295404814004,0.007439824945295405,0.044201312910284465,0.2437636761487965,0.027571115973741796,0.010065645514223195,0.037199124726477024
