C_R,C_A,C_S,C_N,D_R,D_A,D_S,D_N,Oc_R,Oc_A,Oc_S,Oc_N,Od_R,Od_A,Od_S,Od_N
0.0,0.0,0.0,0.0,0.0,0.0,0.0,0.0,0.0,0.0,0.0,0.0,0.0,0.0,0.0,1.0
0.0,0.0,0.0,0.0,0.0,0.0,0.0,0.0,0.5,0.0,0.0,0.0,0.0,0.0,0.0,0.5
0.0,0.0,0.0,0.0,0.0,0.0,0.0,0.0,0.5,0.0,0.0,0.0,0.0,0.0,0.0,0.5
0.0,0.0,0.0,0.0,0.0,0.0,0.2,0.0,0.4,0.0,0.0,0.0,0.0,0.0,0.0,0.4
0.0,0.0,0.0,0.2222222222222222,0.0,0.0,0.2222222222222222,0.0,0.3333333333333333,0.0,0.0,0.0,0.0,0.0,0.0,0.2222222222222222
0.0,0.0,0.0,0.15384615384615385,0.0,0.0,0.23076923076923078,0.0,0.23076923076923078,0.0,0.0,0.07692307692307693,0.0,0.0,0.0,0.3076923076923077
0.0,0.0,0.0,0.25,0.125,0.0,0.1875,0.0,0.125,0.0,0.0,0.0625,0.0,0.0,0.0,0.25
0.0,0.05,0.0,0.25,0.1,0.0,0.2,0.0,0.1,0.0,0.0,0.05,0.0,0.0,0.0,0.25
0.0,0.037037037037037035,0.0,0.4074074074074074,0.1111111111111111,0.0,0.14814814814814814,0.0,0.07407407407407407,0.0,0.0,0.0,0.0,0.0,0.0,0.2222222222222222
0.0,0.02631578947368421,0.0,0.4473684210526316,0.07894736842105263,0.02631578947368421,0.13157894736842105,0.0,0.05263157894736842,0.0,0.0,0.0,0.0,0.0,0.0,0.23684210526315788
0.020833333333333332,0.020833333333333332,0.020833333333333332,0.4166666666666667,0.08333333333333333,0.020833333333333332,0.125,0.0,0.0625,0.0,0.020833333333333332,0.0,0.0,0.0,0.0,0.20833333333333334
0.031746031746031744,0.031746031746031744,0.015873015873015872,0.3968253968253968,0.07936507936507936,0.015873015873015872,0.12698412698412698,0.0,0.047619047619047616,0.0,0.015873015873015872,0.0,0.0,0.0,0.0,0.23809523809523808
0.0379746835443038,0.02531645569620253,0.012658227848101266,0.43037974683544306,0.08860759493670886,0.02531645569620253,0.12658227848101267,0.0,0.0379746835443038,0.012658227848101266,0.012658227848101266,0.0,0.0,0.0,0.0,0.189873417721519
0.05,0.04,0.01,0.43,0.11,0.03,0.11,0.0,0.04,0.01,0.01,0.0,0.0,0.0,0.0,0.16
0.05785123966942149,0.03305785123966942,0.008264462809917356,0.47107438016528924,0.09917355371900827,0.03305785123966942,0.11570247933884298,0.0,0.024793388429752067,0.0,0.008264462809917356,0.0,0.0,0.0,0.0,0.1487603305785124
0.050955414012738856,0.01910828025477707,0.006369426751592357,0.47770700636942676,0.09554140127388536,0.03184713375796178,0.10191082802547771,0.0,0.025477707006369428,0.006369426751592357,0.006369426751592357,0.0,0.012738853503184714,0.006369426751592357,0.0,0.1592356687898089
0.04712041884816754,0.020942408376963352,0.010471204188481676,0.4869109947643979,0.10471204188481675,0.031413612565445025,0.08900523560209424,0.0,0.015706806282722512,0.005235602094240838,0.005235602094240838,0.0,0.010471204188481676,0.010471204188481676,0.005235602094240838,0.15706806282722513
0.039301310043668124,0.017467248908296942,0.008733624454148471,0.5327510917030568,0.10480349344978165,0.039301310043668124,0.08296943231441048,0.0,0.004366812227074236,0.004366812227074236,0.004366812227074236,0.0,0.008733624454148471,0.008733624454148471,0.0,0.14410480349344978
0.044444444444444446,0.025925925925925925,0.007407407407407408,0.5370370370370371,0.0962962962962963,0.037037037037037035,0.07407407407407407,0.0,0.003703703703703704,0.007407407407407408,0.007407407407407408,0.0,0.014814814814814815,0.007407407407407408,0.007407407407407408,0.12962962962962962
0.044444444444444446,0.031746031746031744,0.009523809523809525,0.5492063492063493,0.07301587301587302,0.04126984126984127,0.07301587301587302,0.0,0.009523809523809525,0.009523809523809525,0.006349206349206349,0.006349206349206349,0.015873015873015872,0.009523809523809525,0.0031746031746031746,0.11746031746031746
0.03361344537815126,0.03361344537815126,0.011204481792717087,0.5350140056022409,0.0700280112044818,0.047619047619047616,0.08123249299719888,0.0,0.011204481792717087,0.008403361344537815,0.0056022408963585435,0.011204481792717087,0.01680672268907563,0.008403361344537815,0.0028011204481792717,0.12324929971988796
0.03349282296650718,0.03588516746411483,0.011961722488038277,0.5430622009569378,0.07177033492822966,0.05263157894736842,0.07416267942583732,0.0023923444976076554,0.011961722488038277,0.004784688995215311,0.009569377990430622,0.011961722488038277,0.0215311004784689,0.007177033492822967,0.007177033492822967,0.10047846889952153
0.041666666666666664,0.029166666666666667,0.0125,0.5458333333333333,0.06875,0.052083333333333336,0.06041666666666667,0.004166666666666667,0.010416666666666666,0.004166666666666667,0.016666666666666666,0.014583333333333334,0.025,0.010416666666666666,0.010416666666666666,0.09375
0.03838771593090211,0.023032629558541268,0.01727447216890595,0.5489443378119002,0.0690978886756238,0.05758157389635317,0.06333973128598848,0.003838771593090211,0.007677543186180422,0.003838771593090211,0.015355086372360844,0.013435700575815739,0.026871401151631478,0.009596928982725527,0.011516314779270634,0.09021113243761997
0.04208754208754209,0.026936026936026935,0.011784511784511785,0.5488215488215489,0.0723905723905724,0.05555555555555555,0.058922558922558925,0.005050505050505051,0.008417508417508417,0.006734006734006734,0.015151515151515152,0.016835016835016835,0.030303030303030304,0.008417508417508417,0.011784511784511785,0.08080808080808081
0.04524886877828054,0.02262443438914027,0.015082956259426848,0.555052790346908,0.0693815987933635,0.05279034690799397,0.05279034690799397,0.004524886877828055,0.010558069381598794,0.006033182503770739,0.015082956259426848,0.02262443438914027,0.03469079939668175,0.006033182503770739,0.006033182503770739,0.08144796380090498
0.04206241519674356,0.025780189959294438,0.017639077340569877,0.5658073270013568,0.06512890094979647,0.051560379918588875,0.051560379918588875,0.005427408412483039,0.010854816824966078,0.005427408412483039,0.017639077340569877,0.023066485753052916,0.032564450474898234,0.008141112618724558,0.005427408412483039,0.07191316146540028
0.049937578027465665,0.026217228464419477,0.0149812734082397,0.5705368289637952,0.056179775280898875,0.049937578027465665,0.049937578027465665,0.004993757802746567,0.008739076154806492,0.006242197253433208,0.018726591760299626,0.02372034956304619,0.03745318352059925,0.011235955056179775,0.003745318352059925,0.06741573033707865
0.053409090909090906,0.020454545454545454,0.02159090909090909,0.5681818181818182,0.05113636363636364,0.05113636363636364,0.048863636363636366,0.0022727272727272726,0.010227272727272727,0.005681818181818182,0.014772727272727272,0.025,0.04090909090909091,0.014772727272727272,0.006818181818181818,0.06477272727272727
0.053830227743271224,0.017598343685300208,0.025879917184265012,0.5641821946169773,0.046583850931677016,0.053830227743271224,0.049689440993788817,0.002070393374741201,0.010351966873706004,0.006211180124223602,0.015527950310559006,0.022774327122153208,0.044513457556935816,0.016563146997929608,0.007246376811594203,0.06314699792960662
0.05425631431244153,0.019644527595884004,0.025257249766136577,0.5650140318054256,0.037418147801683815,0.05893358278765201,0.04864359214218896,0.0037418147801683817,0.013096351730589336,0.00841908325537886,0.01403180542563143,0.021515434985968196,0.04490177736202058,0.018709073900841908,0.00841908325537886,0.057998129092609915
0.05231037489102005,0.01918047079337402,0.026155187445510025,0.5666957279860506,0.03487358326068003,0.05492589363557106,0.04969485614646905,0.0026155187445510027,0.011333914559721011,0.010462074978204011,0.013949433304272014,0.024411508282476024,0.05056669572798605,0.01918047079337402,0.00959023539668701,0.05405405405405406
0.06169871794871795,0.020833333333333332,0.028846153846153848,0.5512820512820513,0.03926282051282051,0.05689102564102564,0.047275641025641024,0.003205128205128205,0.009615384615384616,0.01282051282051282,0.014423076923076924,0.021634615384615384,0.05689102564102564,0.017628205128205128,0.009615384615384616,0.04807692307692308
0.05692883895131086,0.024719101123595506,0.02696629213483146,0.5453183520599251,0.041947565543071164,0.05393258426966292,0.044194756554307116,0.003745318352059925,0.010486891385767791,0.009737827715355805,0.0149812734082397,0.02397003745318352,0.06367041198501873,0.018726591760299626,0.012734082397003745,0.04794007490636704
0.06047819971870605,0.02461322081575246,0.027426160337552744,0.5436005625879043,0.040787623066104076,0.052039381153305204,0.03867791842475387,0.005625879043600563,0.009845288326300985,0.009142053445850914,0.014064697609001406,0.02390998593530239,0.07032348804500703,0.02180028129395218,0.011954992967651195,0.04571026722925457
0.061815840309079204,0.025112685125563427,0.028332260141661302,0.5338055376690277,0.03992273019961365,0.056020605280103025,0.0360592401802962,0.005795235028976175,0.008370895041854474,0.01159047005795235,0.015453960077269801,0.023824855119124275,0.07405022537025113,0.021249195106245976,0.01159047005795235,0.04700579523502898
0.06527093596059114,0.021551724137931036,0.03078817733990148,0.5221674876847291,0.038177339901477834,0.05788177339901478,0.034482758620689655,0.005541871921182266,0.009852216748768473,0.012315270935960592,0.017857142857142856,0.02832512315270936,0.07881773399014778,0.01847290640394089,0.013546798029556651,0.04495073891625616
0.06744186046511629,0.020348837209302327,0.029651162790697676,0.5203488372093024,0.0377906976744186,0.05930232558139535,0.035465116279069765,0.006395348837209302,0.009302325581395349,0.012209302325581395,0.018604651162790697,0.02616279069767442,0.08313953488372093,0.020930232558139535,0.012209302325581395,0.040697674418604654
0.07091010608598548,0.020100502512562814,0.03238414293690676,0.5086543830262423,0.03238414293690676,0.06253489670575098,0.03350083752093802,0.007816862088218872,0.011725293132328308,0.013958682300390842,0.02065884980457845,0.029034059184812954,0.0876605248464545,0.02121719709659408,0.01060859854829704,0.03685092127303183
0.07255008121277748,0.017325392528424473,0.03789929615592853,0.49864645370871685,0.03302652950730915,0.0660530590146183,0.03302652950730915,0.009204114780725501,0.010828370330265295,0.01353546291283162,0.021115322144017325,0.027612344342176503,0.09420682187330806,0.02165674066053059,0.009204114780725501,0.03410936654033568
0.07579717720857292,0.0167276529012023,0.03920543648719289,0.4976476738107684,0.03293256664924203,0.06429691583899634,0.03188708834291688,0.009409304756926294,0.012545739675901725,0.012545739675901725,0.020909566126502875,0.030318870883429168,0.09409304756926294,0.020909566126502875,0.009409304756926294,0.03136434918975431
0.07905544147843943,0.013347022587268994,0.04158110882956879,0.49229979466119095,0.029774127310061602,0.0646817248459959,0.03131416837782341,0.008213552361396304,0.012320328542094456,0.013860369609856264,0.02002053388090349,0.029260780287474333,0.09856262833675565,0.024640657084188913,0.010780287474332649,0.030287474332648872
0.0775,0.013,0.0445,0.4855,0.028,0.0635,0.0305,0.009,0.013,0.0135,0.0225,0.029,0.1035,0.0235,0.011,0.0325
0.0771484375,0.01220703125,0.0458984375,0.48291015625,0.02880859375,0.060546875,0.03173828125,0.00927734375,0.0126953125,0.01416015625,0.021484375,0.03076171875,0.10400390625,0.0244140625,0.01025390625,0.03369140625
0.07360774818401937,0.012590799031476998,0.04648910411622276,0.47796610169491527,0.02857142857142857,0.061501210653753025,0.03389830508474576,0.009685230024213076,0.015012106537530266,0.014527845036319613,0.020823244552058112,0.03002421307506053,0.10460048426150122,0.025181598062953996,0.011138014527845037,0.03438256658595642
0.07975460122699386,0.011326097215667769,0.04719207173194903,0.4752241623407268,0.02595563945257197,0.06606890042472864,0.03067484662576687,0.009438414346389807,0.015101462954223691,0.016989145823501653,0.020292590844738084,0.02973100519112789,0.10335063709296838,0.02784332232184993,0.008966493629070316,0.03209060877772534
0.07913330193122939,0.010833725859632595,0.044747998115873766,0.47856806406029206,0.0263777673104098,0.0645313235986811,0.03155911446066886,0.009891662741403674,0.015544041450777202,0.017899199246349504,0.02072538860103627,0.02826189354686764,0.10504003768252473,0.027790861987753178,0.008478568064060292,0.030617051342439944
0.08183079056865465,0.012020342117429497,0.047619047619047616,0.4664817383263985,0.026352288488210817,0.06888580674988443,0.02912621359223301,0.011095700416088766,0.016643550624133148,0.017105871474803514,0.0212667591308368,0.03005085529357374,0.10124826629680998,0.030513176144244106,0.00878409616273694,0.030975496994914472
0.08287795992714025,0.012295081967213115,0.045081967213114756,0.4704007285974499,0.026411657559198543,0.06693989071038252,0.027777777777777776,0.010018214936247723,0.015938069216757743,0.017759562841530054,0.021402550091074682,0.027777777777777776,0.10245901639344263,0.03233151183970856,0.009562841530054645,0.030965391621129327
0.082483781278962,0.013438368860055607,0.0458758109360519,0.47080630213160335,0.025486561631139944,0.06487488415199258,0.027340129749768304,0.011121408711770158,0.015291936978683966,0.018072289156626505,0.018999073215940687,0.029657089898053754,0.10240963855421686,0.033827618164967564,0.008341056533827619,0.0319740500463392
0.08581918311151905,0.014685635612666361,0.04589261128958238,0.46994033960532355,0.022487379531895366,0.06746213859568609,0.0289123451124369,0.011473152822395595,0.015603487838458009,0.017439192290041303,0.016521340064249657,0.03212482790270767,0.10188159706287288,0.033501606241395136,0.0073428178063331805,0.0289123451124369
0.07907817442385902,0.015815634884771803,0.043831902394939,0.4704021690013556,0.023045639403524627,0.06642566651604158,0.027564392227745142,0.01174875734297334,0.01717126073203796,0.01762313601446001,0.01762313601446001,0.03524627202892002,0.1070944419340262,0.03253502033438771,0.0076818798011748755,0.02711251694532309
0.08490566037735849,0.016172506738544475,0.042228212039532795,0.46316262353998205,0.02425876010781671,0.0673854447439353,0.027852650494159928,0.011680143755615454,0.019766397124887692,0.01931716082659479,0.016172506738544475,0.032794249775381853,0.10646900269541779,0.03369272237196765,0.0071877807726864335,0.026954177897574125
0.08835341365461848,0.016956715751896476,0.04105310129406515,0.4578313253012048,0.020972780008924587,0.06738063364569388,0.02900490852298081,0.011601963409192326,0.020972780008924587,0.02186523873270861,0.016956715751896476,0.02989736724676484,0.10932619366354306,0.03391343150379295,0.008478357875948238,0.025435073627844713
0.08794642857142858,0.017857142857142856,0.04196428571428571,0.453125,0.020982142857142855,0.06785714285714285,0.029017857142857144,0.013392857142857142,0.020089285714285716,0.02142857142857143,0.01830357142857143,0.03169642857142857,0.10848214285714286,0.03482142857142857,0.008482142857142856,0.024553571428571428
0.0842671447781264,0.01748095024652622,0.03989242492155984,0.46077991931869117,0.01882563872702824,0.06588973554459883,0.027790228597041687,0.013895114298520844,0.020618556701030927,0.020170327207530255,0.019722097714029583,0.03047960555804572,0.11385029134917078,0.033168982519049754,0.006723442402510085,0.026445540116539667
0.08747779751332149,0.016429840142095916,0.04262877442273535,0.45515097690941386,0.018650088809946713,0.06882770870337478,0.025310834813499113,0.013765541740674956,0.019538188277087035,0.022202486678507993,0.019538188277087035,0.03108348134991119,0.11367673179396093,0.03463587921847247,0.0053285968028419185,0.02575488454706927
0.08882907133243607,0.016150740242261104,0.04172274562584118,0.4499775684163302,0.019291161956034097,0.06639748766262898,0.026469268730372364,0.01704800358905339,0.01973979362943024,0.02243158366980709,0.02063705697622252,0.03140421713772992,0.11664423508299686,0.03319874383131449,0.00493494840735756,0.02512337371018394
0.08488888888888889,0.016,0.04,0.4537777777777778,0.018666666666666668,0.06666666666666667,0.025333333333333333,0.016,0.020444444444444446,0.023555555555555555,0.018666666666666668,0.030222222222222223,0.12,0.03422222222222222,0.005333333333333333,0.026222222222222223
0.09070698088039128,0.0164517563361494,0.04046242774566474,0.447309915518008,0.01956425077812361,0.06447309915518008,0.02578923966207203,0.017341040462427744,0.020898176967541128,0.024899955535793685,0.019119608714984436,0.029346376167185415,0.11738550466874166,0.03423743886171632,0.00755891507336594,0.024455313472654512
0.09106907171139464,0.014518257809062912,0.0409150901891773,0.45446546414430267,0.020237571491421028,0.06731192256929168,0.024197096348438186,0.01671799384073911,0.01935767707875055,0.025076990761108666,0.01891772987241531,0.028156621205455347,0.11262648482182139,0.03255609326880774,0.007479102507699076,0.026396832380114386
0.09090909090909091,0.013747228381374724,0.040798226164079826,0.45365853658536587,0.01951219512195122,0.06607538802660753,0.02261640798226164,0.015964523281596452,0.020399113082039913,0.024390243902439025,0.01862527716186253,0.0270509977827051,0.11441241685144124,0.03458980044345898,0.008869179600886918,0.028381374722838137
0.0933869526362824,0.012957998212689902,0.035746201966041107,0.45621090259159963,0.019213583556747096,0.06300268096514745,0.02323503127792672,0.01519213583556747,0.020554066130473638,0.024128686327077747,0.020554066130473638,0.028596961572832886,0.11706881143878463,0.03261840929401251,0.00804289544235925,0.029490616621983913
0.09653024911032028,0.012900355871886121,0.03692170818505338,0.45062277580071175,0.016459074733096084,0.06227758007117438,0.025355871886120998,0.017348754448398576,0.021352313167259787,0.024466192170818506,0.018238434163701068,0.029359430604982206,0.11743772241992882,0.032473309608540925,0.00800711743772242,0.030249110320284697
0.09932885906040269,0.012527964205816556,0.040268456375838924,0.44474272930648767,0.016554809843400447,0.06353467561521253,0.023266219239373602,0.018344519015659956,0.021476510067114093,0.024161073825503355,0.017897091722595078,0.025950782997762864,0.12304250559284116,0.03400447427293065,0.006711409395973154,0.028187919463087248
0.09883198562443846,0.012129380053908356,0.03908355795148248,0.44878706199460916,0.016621743036837375,0.06154537286612758,0.021114106019766397,0.018867924528301886,0.021114106019766397,0.023809523809523808,0.017969451931716084,0.026954177897574125,0.12084456424079065,0.03638814016172507,0.008086253369272238,0.027852650494159928
0.09521700620017715,0.012400354295837024,0.03941541186891054,0.44729849424269263,0.01815766164747564,0.06200177147918512,0.02037201062887511,0.019929140832595216,0.02037201062887511,0.022143489813994686,0.01904340124003543,0.027015057573073518,0.1266607617360496,0.03587245349867139,0.00841452612931798,0.025686448184233834
0.09534368070953436,0.013303769401330377,0.03813747228381375,0.4465631929046563,0.017738359201773836,0.06208425720620843,0.01862527716186253,0.020399113082039913,0.022172949002217297,0.021286031042128603,0.016851441241685146,0.027937915742793792,0.12815964523281598,0.03636363636363636,0.008425720620842573,0.026607538802660754
0.10079928952042629,0.015541740674955595,0.03774422735346359,0.4342806394316163,0.019538188277087035,0.06216696269982238,0.020870337477797513,0.019538188277087035,0.021758436944937832,0.020870337477797513,0.017317939609236235,0.02797513321492007,0.1327708703374778,0.03330373001776199,0.009325044404973356,0.026198934280639432
0.10044444444444445,0.015111111111111112,0.035555555555555556,0.4351111111111111,0.018666666666666668,0.06533333333333333,0.020888888888888887,0.01911111111111111,0.020888888888888887,0.022222222222222223,0.016888888888888887,0.025333333333333333,0.13466666666666666,0.03422222222222222,0.010222222222222223,0.025333333333333333
0.10416666666666667,0.016400709219858155,0.034131205673758866,0.4321808510638298,0.018173758865248225,0.06471631205673758,0.020390070921985817,0.019060283687943262,0.020390070921985817,0.02127659574468085,0.017287234042553192,0.026152482269503546,0.1325354609929078,0.03590425531914894,0.01152482269503546,0.025709219858156027
0.10460992907801418,0.016400709219858155,0.03235815602836879,0.43927304964539005,0.018173758865248225,0.06161347517730496,0.0199468085106383,0.015957446808510637,0.018617021276595744,0.02171985815602837,0.016843971631205674,0.026152482269503546,0.1347517730496454,0.03324468085106383,0.012854609929078014,0.0274822695035461
0.10198675496688742,0.017660044150110375,0.03090507726269316,0.43752759381898454,0.018984547461368653,0.06136865342163356,0.019867549668874173,0.017660044150110375,0.017660044150110375,0.02163355408388521,0.016777041942604858,0.026490066225165563,0.13598233995584988,0.03532008830022075,0.013245033112582781,0.026931567328918323
0.10519247985675918,0.017905102954341987,0.03088630259623993,0.44001790510295435,0.019247985675917637,0.05863921217547001,0.017009847806624886,0.018352730528200537,0.017009847806624886,0.021486123545210387,0.01656222023276634,0.02909579230080573,0.13831692032229184,0.03491495076096687,0.012085944494180842,0.023276633840644583
0.10674408217954444,0.014292094685127288,0.030817329164805715,0.4359088878963823,0.01831174631531934,0.05582849486377847,0.0160786065207682,0.01831174631531934,0.018758374274229567,0.019205002233139794,0.01563197856185797,0.03126395712371594,0.14515408664582402,0.036176864671728454,0.013845466726217061,0.023671281822242072
0.10585585585585586,0.011711711711711712,0.03198198198198198,0.4355855855855856,0.01936936936936937,0.054954954954954956,0.017117117117117116,0.018018018018018018,0.01891891891891892,0.018468468468468467,0.015765765765765764,0.03063063063063063,0.14774774774774774,0.03558558558558558,0.012162162162162163,0.026126126126126126
0.10711111111111112,0.011555555555555555,0.030666666666666665,0.42933333333333334,0.018666666666666668,0.05422222222222222,0.018222222222222223,0.018666666666666668,0.021333333333333333,0.017777777777777778,0.016,0.032,0.14755555555555555,0.034666666666666665,0.013777777777777778,0.028444444444444446
0.10904255319148937,0.012411347517730497,0.031914893617021274,0.4233156028368794,0.018173758865248225,0.05452127659574468,0.017287234042553192,0.01950354609929078,0.0199468085106383,0.01950354609929078,0.013297872340425532,0.031471631205673756,0.15115248226950354,0.03723404255319149,0.012854609929078014,0.028368794326241134
0.11278195488721804,0.012826183104820876,0.03007518796992481,0.42636001769128706,0.017691287041132243,0.05263157894736842,0.019460415745245468,0.019460415745245468,0.018575851393188854,0.019902697921273773,0.013268465280849183,0.0291906236178682,0.14860681114551083,0.039805395842547546,0.011499336576735958,0.02786377708978328
0.1111111111111111,0.01239486498450642,0.03098716246126605,0.4249667994687915,0.017264276228419653,0.051350154935812305,0.02213368747233289,0.0199203187250996,0.019034971226206288,0.021248339973439574,0.01195219123505976,0.03010181496237273,0.1478530323151837,0.041168658698539175,0.010624169986719787,0.027888446215139442
0.11440107671601615,0.010767160161507403,0.03095558546433378,0.4199192462987887,0.01525347689546882,0.049349484073575596,0.021534320323014805,0.02063705697622252,0.01973979362943024,0.02063705697622252,0.014356213548676536,0.02826379542395693,0.15208613728129206,0.04262000897263347,0.011664423508299685,0.02781516375056079
0.11387900355871886,0.010676156583629894,0.03113879003558719,0.41725978647686834,0.014234875444839857,0.0498220640569395,0.02090747330960854,0.02224199288256228,0.018683274021352312,0.023576512455516015,0.014234875444839857,0.028469750889679714,0.1512455516014235,0.04448398576512456,0.01201067615658363,0.027135231316725978
0.1120460584588131,0.010186005314437556,0.031443755535872454,0.40744021257750224,0.015943312666076175,0.049601417183348095,0.022143489813994686,0.023914968999114262,0.01904340124003543,0.024357838795394153,0.014614703277236492,0.0283436669619132,0.15544729849424269,0.04384410983170948,0.013728963684676704,0.027900797165633304
0.10921348314606742,0.010786516853932584,0.029662921348314608,0.4107865168539326,0.015730337078651686,0.04808988764044944,0.02247191011235955,0.024719101123595506,0.02202247191011236,0.02292134831460674,0.013932584269662922,0.027415730337078652,0.15730337078651685,0.04089887640449438,0.015280898876404495,0.028764044943820226
0.11509517485613104,0.011066843736166445,0.02877379371403276,0.4019477644975653,0.01859229747675963,0.0451527224435591,0.021248339973439574,0.025232403718459494,0.02257636122177955,0.02611775121735281,0.013280212483399735,0.0283311199645861,0.1615759185480301,0.04028331119964586,0.015050907481186366,0.025675077467906152
0.1111111111111111,0.010752688172043012,0.029121863799283155,0.403673835125448,0.020161290322580645,0.04435483870967742,0.02060931899641577,0.0264336917562724,0.0228494623655914,0.025985663082437275,0.013440860215053764,0.0264336917562724,0.16756272401433692,0.03763440860215054,0.016129032258064516,0.023745519713261647
0.11106155218554861,0.010258697591436218,0.027653880463871544,0.40811775200713646,0.02096342551293488,0.04460303300624442,0.019625334522747548,0.025423728813559324,0.021409455842997322,0.025869759143621766,0.012934879571810883,0.02631578947368421,0.16815343443354147,0.036574487065120426,0.0191793041926851,0.021855486173059768
0.11314031180400891,0.010244988864142539,0.028062360801781736,0.40400890868596884,0.020489977728285078,0.044543429844097995,0.019599109131403118,0.024053452115812918,0.01915367483296214,0.027616926503340758,0.012472160356347439,0.025835189309576838,0.1706013363028953,0.035634743875278395,0.019599109131403118,0.024944320712694878
0.10809608540925267,0.01112099644128114,0.028469750889679714,0.40569395017793597,0.02001779359430605,0.045373665480427046,0.02001779359430605,0.023576512455516015,0.02090747330960854,0.027135231316725978,0.01112099644128114,0.025800711743772242,0.175711743772242,0.032473309608540925,0.019572953736654804,0.02491103202846975
0.11001788908765653,0.011627906976744186,0.026833631484794274,0.40474060822898034,0.020572450805008944,0.048747763864042934,0.019230769230769232,0.020572450805008944,0.02101967799642218,0.026386404293381037,0.01073345259391771,0.027728085867620753,0.17576028622540252,0.03264758497316637,0.01967799642218247,0.02370304114490161
0.11214539007092199,0.010638297872340425,0.026152482269503546,0.41134751773049644,0.018173758865248225,0.04920212765957447,0.014627659574468085,0.02304964539007092,0.02127659574468085,0.02526595744680851,0.010195035460992909,0.026152482269503546,0.17819148936170212,0.031914893617021274,0.018173758865248225,0.02349290780141844
0.11450044208664899,0.011494252873563218,0.027409372236958444,0.40671971706454463,0.017241379310344827,0.04730327144120248,0.014588859416445624,0.02475685234305924,0.022104332449160036,0.02431476569407604,0.010610079575596816,0.02431476569407604,0.1825817860300619,0.03050397877984085,0.01900972590627763,0.022546419098143235
0.12,0.010666666666666666,0.02666666666666667,0.40444444444444444,0.018222222222222223,0.04666666666666667,0.016444444444444446,0.024444444444444446,0.021333333333333333,0.02266666666666667,0.010666666666666666,0.025333333333333333,0.18355555555555556,0.028888888888888888,0.017333333333333333,0.02266666666666667
0.12212389380530973,0.009734513274336283,0.025221238938053097,0.4088495575221239,0.017699115044247787,0.04513274336283186,0.014601769911504425,0.023008849557522124,0.02079646017699115,0.018141592920353982,0.011061946902654867,0.02654867256637168,0.184070796460177,0.02920353982300885,0.019469026548672566,0.024336283185840708
0.12252093433230499,0.010577346848832084,0.024239753195240195,0.4067871308946673,0.016747465843984136,0.04275011018069634,0.01498457470251212,0.023358307624504186,0.020273248126928163,0.01851035698545615,0.011018069634200088,0.028206258263552227,0.1877479065667695,0.030409872190392245,0.01851035698545615,0.023358307624504186
0.12304948729380294,0.00980829246544806,0.025858225590726706,0.4065983058403923,0.019170753455193937,0.04190815871600535,0.014266607222469906,0.021845742309407043,0.02050824788230049,0.020062416406598307,0.00980829246544806,0.02719572001783326,0.18992420864913062,0.029870708872046365,0.016941596076683014,0.0231832367365136
0.12185251798561152,0.009442446043165468,0.02473021582733813,0.4172661870503597,0.01753597122302158,0.044064748201438846,0.01393884892086331,0.019784172661870502,0.019784172661870502,0.020233812949640287,0.011241007194244604,0.022931654676258992,0.18974820143884893,0.027428057553956834,0.015287769784172662,0.02473021582733813
0.1273209549071618,0.011936339522546418,0.02475685234305924,0.41335101679929265,0.016357206012378427,0.04332449160035367,0.013262599469496022,0.019451812555260833,0.01989389920424403,0.020335985853227233,0.010610079575596816,0.01989389920424403,0.19363395225464192,0.028293545534924844,0.014588859416445624,0.022988505747126436
0.13142857142857142,0.011868131868131869,0.02197802197802198,0.4145054945054945,0.015824175824175824,0.04483516483516484,0.012747252747252748,0.02065934065934066,0.0210989010989011,0.01978021978021978,0.01010989010989011,0.01934065934065934,0.1920879120879121,0.026373626373626374,0.014945054945054945,0.02241758241758242
0.1329198050509526,0.011076650420912717,0.01993797075764289,0.41515285777580857,0.015507310589277802,0.043420469649977846,0.011519716437749225,0.023925564909171467,0.020824102791315906,0.01905183872396987,0.00930438635356668,0.018165706690296855,0.19361984935755427,0.027470093043863535,0.014621178555604785,0.023482498892334957
0.1331858407079646,0.011946902654867256,0.01991150442477876,0.4207964601769911,0.015486725663716814,0.03982300884955752,0.010619469026548672,0.02256637168141593,0.023008849557522124,0.01902654867256637,0.009292035398230088,0.018584070796460177,0.19070796460176992,0.02743362831858407,0.014601769911504425,0.023008849557522124
0.13342257920571174,0.012940651494868362,0.020080321285140562,0.41276215975011155,0.01651048639000446,0.0428380187416332,0.011155734047300312,0.023650156180276664,0.0214190093708166,0.018295403837572513,0.008478357875948238,0.01740294511378849,0.19500223114680945,0.0285586791610888,0.015171798304328426,0.022311468094600623
0.12931798051372898,0.012843224092116917,0.01904340124003543,0.41851195748449954,0.016386182462356066,0.03985828166519043,0.013286093888396812,0.024357838795394153,0.021257750221434897,0.020814880425155006,0.008857395925597875,0.01771479185119575,0.1899911426040744,0.0283436669619132,0.014614703277236492,0.024800708591674048
0.12644701691896706,0.012021371326803205,0.017364203027604632,0.41852181656277826,0.014692787177203919,0.040516473731077474,0.012021371326803205,0.028495102404274265,0.0213713268032057,0.020480854853072127,0.008459483526268923,0.0182546749777382,0.1923419412288513,0.029385574354407838,0.014692787177203919,0.024933214603739984
0.1317418213969938,0.011936339522546418,0.01900972590627763,0.4151193633952255,0.014588859416445624,0.03669319186560566,0.013262599469496022,0.026083112290008842,0.019451812555260833,0.022104332449160036,0.008841732979664015,0.019451812555260833,0.1900972590627763,0.03183023872679045,0.014146772767462422,0.02564102564102564
0.13494505494505493,0.011428571428571429,0.01934065934065934,0.4096703296703297,0.013626373626373627,0.03472527472527472,0.014065934065934066,0.028131868131868132,0.02065934065934066,0.022857142857142857,0.008791208791208791,0.018461538461538463,0.19428571428571428,0.03076923076923077,0.013626373626373627,0.024615384615384615
0.13690739920248116,0.011076650420912717,0.01993797075764289,0.412051395657953,0.014621178555604785,0.034559149313247675,0.01284891448825875,0.02658396101019052,0.0203810367744794,0.021267168808152416,0.00974745237040319,0.01905183872396987,0.19716437749224636,0.02702702702702703,0.01329198050509526,0.023482498892334957
0.13676731793960922,0.011989342806394316,0.017761989342806393,0.4067495559502664,0.015985790408525755,0.035523978685612786,0.012877442273534635,0.02708703374777975,0.018650088809946713,0.021314387211367674,0.009325044404973356,0.021314387211367674,0.20204262877442272,0.02486678507992895,0.012877442273534635,0.02486678507992895
0.14260249554367202,0.012032085561497326,0.020053475935828877,0.39750445632798576,0.014705882352941176,0.036541889483065956,0.013368983957219251,0.027629233511586453,0.018270944741532978,0.022727272727272728,0.00980392156862745,0.0213903743315508,0.20098039215686275,0.023618538324420676,0.013814616755793227,0.024955436720142603
0.13762681958535508,0.011910013233348038,0.018526687251874726,0.40097044552271727,0.015438906043228937,0.035288928098809,0.013674459638288486,0.027348919276576972,0.01940891045434495,0.024261138067931187,0.0105866784296427,0.019850022055580063,0.20291133656815175,0.025143361270401413,0.013674459638288486,0.02337891486546096
0.1394830659536542,0.012477718360071301,0.01871657754010695,0.4001782531194296,0.014705882352941176,0.035650623885918005,0.013368983957219251,0.026292335115864526,0.0196078431372549,0.022727272727272728,0.00980392156862745,0.020053475935828877,0.20231729055258468,0.027183600713012478,0.013814616755793227,0.023618538324420676
0.1429207479964381,0.012911843276936777,0.0182546749777382,0.3967052537845058,0.013802315227070348,0.0365093499554764,0.012911843276936777,0.02626892252894034,0.019590382902938557,0.02226179875333927,0.008459483526268923,0.019590382902938557,0.20436331255565449,0.028495102404274265,0.014247551202137132,0.022707034728406055
0.13893805309734514,0.01415929203539823,0.01902654867256637,0.4,0.013716814159292035,0.034955752212389384,0.013716814159292035,0.026106194690265486,0.01902654867256637,0.02256637168141593,0.009292035398230088,0.02168141592920354,0.20265486725663717,0.02831858407079646,0.01327433628318584,0.02256637168141593
0.13972842750766534,0.01401664476565922,0.018396846254927726,0.3968462549277267,0.013140604467805518,0.0337275514673675,0.01401664476565922,0.02759526938239159,0.019272886552781428,0.023653088042049936,0.010074463425317565,0.021901007446342532,0.2014892685063513,0.029347349978098992,0.01401664476565922,0.022777047744196234
0.14151365875503807,0.014778325123152709,0.018808777429467086,0.40214957456336764,0.012091356918943126,0.03493058665472459,0.013434841021047918,0.025526197939991044,0.017465293327362293,0.021495745633676667,0.008956560680698611,0.021495745633676667,0.20017913121361397,0.029556650246305417,0.014330497089117778,0.02328705776981639
0.1440035666518056,0.014712438698172091,0.01961658493089612,0.4016941596076683,0.012483281319661168,0.03343736067766384,0.013374944271065538,0.024520731163620153,0.016049933125278644,0.02229157378510923,0.00980829246544806,0.022737405260811413,0.20017833259028087,0.027641551493535442,0.013820775746767721,0.023629068212215783
0.141718334809566,0.01682905225863596,0.015943312666076175,0.39991142604074403,0.013728963684676704,0.03277236492471213,0.014614703277236492,0.02612931798051373,0.01550044286979628,0.022143489813994686,0.009300265721877768,0.022586359610274578,0.20062001771479185,0.02878653675819309,0.015057573073516387,0.024357838795394153
0.14177777777777778,0.016,0.015111111111111112,0.4022222222222222,0.012888888888888889,0.030666666666666665,0.013777777777777778,0.027555555555555555,0.016444444444444446,0.022222222222222223,0.010222222222222223,0.02311111111111111,0.2,0.028,0.016444444444444446,0.023555555555555555
0.1487935656836461,0.014745308310991957,0.015638963360142984,0.40214477211796246,0.01161751563896336,0.031724754244861486,0.01385165326184093,0.025915996425379804,0.01653261840929401,0.021447721179624665,0.008936550491510277,0.022788203753351208,0.20062555853440572,0.025915996425379804,0.015638963360142984,0.023681858802502235
0.14521158129175946,0.011581291759465479,0.017817371937639197,0.4026726057906459,0.010244988864142539,0.032516703786191536,0.014699331848552339,0.025389755011135856,0.015590200445434299,0.021380846325167038,0.008017817371937639,0.02271714922048998,0.2044543429844098,0.024053452115812918,0.017817371937639197,0.025835189309576838
0.1468094600624721,0.011601963409192326,0.016956715751896476,0.3958054439982151,0.009817045961624275,0.0321285140562249,0.012940651494868362,0.02677376171352075,0.01651048639000446,0.0214190093708166,0.0071396697902722,0.024096385542168676,0.20838911200356983,0.022757697456492636,0.01740294511378849,0.029451137884872823
0.14625550660792952,0.010572687224669603,0.01629955947136564,0.3969162995594714,0.009691629955947136,0.03524229074889868,0.01277533039647577,0.02555066079295154,0.01894273127753304,0.021145374449339206,0.007929515418502203,0.023348017621145373,0.20748898678414096,0.02158590308370044,0.017180616740088105,0.02907488986784141
0.14266607222469907,0.01069995541685243,0.01560410164957646,0.3994650022291574,0.008470798038341507,0.03566651805617477,0.0115916183682568,0.024520731163620153,0.019170753455193937,0.020954079358002677,0.008916629514043692,0.027641551493535442,0.2113241194828355,0.022737405260811413,0.014712438698172091,0.025858225590726706
0.14184397163120568,0.010638297872340425,0.014627659574468085,0.4046985815602837,0.008865248226950355,0.034574468085106384,0.01152482269503546,0.022163120567375887,0.01950354609929078,0.020390070921985817,0.008865248226950355,0.026152482269503546,0.21320921985815602,0.02304964539007092,0.015070921985815602,0.024822695035460994
0.1393188854489164,0.01238390092879257,0.015479876160990712,0.39761167624944715,0.00796107916850951,0.03538257408226449,0.011057054400707651,0.02344095532950022,0.017691287041132243,0.022556390977443608,0.010614772224679346,0.0291906236178682,0.21494913754975675,0.021671826625386997,0.01592215833701902,0.02476780185758514
0.1394422310756972,0.012837538733953076,0.015493581230633024,0.3904382470119522,0.008853474988933156,0.03629924745462594,0.01195219123505976,0.02656042496679947,0.01814962372731297,0.02036299247454626,0.01018149623727313,0.03054448871181939,0.2151394422310757,0.021248339973439574,0.01593625498007968,0.02656042496679947
0.13557820115197164,0.013735046521931768,0.015507310589277802,0.39211342490031015,0.008861320336730172,0.034559149313247675,0.011519716437749225,0.026140894993354008,0.01639344262295082,0.021710234824988923,0.008418254319893664,0.028799291094373063,0.22374833850243686,0.022153300841825433,0.015064244572441293,0.0256978289765175
0.14203539823008848,0.012831858407079646,0.013716814159292035,0.39601769911504425,0.008849557522123894,0.034513274336283185,0.011061946902654867,0.023451327433628318,0.01504424778761062,0.02168141592920354,0.009734513274336283,0.029646017699115044,0.215929203539823,0.023893805309734513,0.01504424778761062,0.02654867256637168
0.14279398762157383,0.013704686118479222,0.014146772767462422,0.39080459770114945,0.007957559681697613,0.03404067197170645,0.010610079575596816,0.023872679045092837,0.014146772767462422,0.021662245800176835,0.009283819628647215,0.029177718832891247,0.22546419098143236,0.022546419098143235,0.014588859416445624,0.025198938992042442
0.1416555998229305,0.015493581230633024,0.013722886232846392,0.39530765825586545,0.007525453740593183,0.03231518370960602,0.009738822487826471,0.02257636122177955,0.014608233731739707,0.021248339973439574,0.008410801239486499,0.027445772465692783,0.23107569721115537,0.021248339973439574,0.013722886232846392,0.02390438247011952
0.14342806394316163,0.015985790408525755,0.015097690941385435,0.3956483126110124,0.007992895204262877,0.02975133214920071,0.007992895204262877,0.022202486678507993,0.014653641207815276,0.019538188277087035,0.008880994671403197,0.028419182948490232,0.23179396092362345,0.02264653641207815,0.013765541740674956,0.022202486678507993
0.14387846291331546,0.013404825737265416,0.0160857908847185,0.40035746201966044,0.00804289544235925,0.03038427167113494,0.0071492403932082215,0.022341376228775692,0.013404825737265416,0.020554066130473638,0.008489722966934763,0.026362823949955316,0.2292225201072386,0.02546916890080429,0.012064343163538873,0.022788203753351208
0.14513981358189082,0.01287172658677319,0.01775410563692854,0.3954727030625832,0.00887705281846427,0.03062583222370173,0.006657789613848202,0.024411895250776743,0.011984021304926764,0.019529516200621395,0.00887705281846427,0.027075011096316024,0.2334664891256103,0.023524189968930315,0.01287172658677319,0.020861074123391034
