C_R,C_A,C_S,C_N,D_R,D_A,D_S,D_N,Oc_R,Oc_A,Oc_S,Oc_N,Od_R,Od_A,Od_S,Od_N
0.0,0.0,0.0,0.0,1.0,0.0,0.0,0.0,0.0,0.0,0.0,0.0,0.0,0.0,0.0,0.0
0.0,0.0,0.0,0.0,0.6666666666666666,0.0,0.0,0.0,0.0,0.0,0.0,0.0,0.0,0.0,0.0,0.3333333333333333
0.0,0.0,0.0,0.0,0.3333333333333333,0.0,0.0,0.0,0.0,0.0,0.0,0.0,0.0,0.0,0.3333333333333333,0.3333333333333333
0.0,0.0,0.0,0.25,0.25,0.0,0.0,0.0,0.0,0.0,0.0,0.0,0.0,0.0,0.25,0.25
0.0,0.0,0.0,0.0,0.2857142857142857,0.0,0.0,0.0,0.2857142857142857,0.0,0.0,0.0,0.0,0.0,0.2857142857142857,0.14285714285714285
0.0,0.0,0.0,0.14285714285714285,0.2857142857142857,0.0,0.0,0.0,0.21428571428571427,0.0,0.0,0.0,0.07142857142857142,0.0,0.14285714285714285,0.14285714285714285
0.0,0.0,0.0,0.1,0.2,0.0,0.05,0.0,0.3,0.0,0.0,0.0,0.05,0.0,0.1,0.2
0.0,0.0,0.0,0.07692307692307693,0.15384615384615385,0.0,0.038461538461538464,0.07692307692307693,0.3076923076923077,0.0,0.0,0.0,0.07692307692307693,0.0,0.07692307692307693,0.19230769230769232
0.0,0.0,0.0,0.13513513513513514,0.10810810810810811,0.0,0.05405405405405406,0.05405405405405406,0.2972972972972973,0.0,0.0,0.0,0.08108108108108109,0.0,0.10810810810810811,0.16216216216216217
0.0,0.0,0.0,0.06818181818181818,0.09090909090909091,0.0,0.06818181818181818,0.06818181818181818,0.3409090909090909,0.022727272727272728,0.0,0.0,0.06818181818181818,0.0,0.13636363636363635,0.13636363636363635
0.0,0.0,0.0,0.08771929824561403,0.10526315789473684,0.0,0.05263157894736842,0.07017543859649122,0.2982456140350877,0.017543859649122806,0.0,0.0,0.07017543859649122,0.017543859649122806,0.12280701754385964,0.15789473684210525
0.0,0.0,0.0,0.08974358974358974,0.11538461538461539,0.0,0.05128205128205128,0.08974358974358974,0.2564102564102564,0.02564102564102564,0.0,0.0,0.05128205128205128,0.0,0.1282051282051282,0.19230769230769232
0.0,0.0,0.0,0.10714285714285714,0.125,0.0,0.05357142857142857,0.08928571428571429,0.24107142857142858,0.026785714285714284,0.008928571428571428,0.0,0.044642857142857144,0.0,0.10714285714285714,0.19642857142857142
0.0,0.0,0.0,0.08888888888888889,0.11851851851851852,0.0,0.05925925925925926,0.08888888888888889,0.24444444444444444,0.05925925925925926,0.014814814814814815,0.0,0.05185185185185185,0.0,0.0962962962962963,0.17777777777777778
0.0,0.0,0.0,0.09202453987730061,0.08588957055214724,0.0,0.06748466257668712,0.11042944785276074,0.2331288343558282,0.05521472392638037,0.018404907975460124,0.0,0.049079754601226995,0.0,0.09815950920245399,0.1901840490797546
0.0,0.0,0.0,0.10101010101010101,0.09090909090909091,0.005050505050505051,0.06565656565656566,0.10606060606060606,0.2222222222222222,0.08080808080808081,0.020202020202020204,0.0,0.050505050505050504,0.0,0.07575757575757576,0.18181818181818182
0.0,0.0,0.0,0.09795918367346938,0.07755102040816327,0.004081632653061225,0.06938775510204082,0.09795918367346938,0.20408163265306123,0.10612244897959183,0.024489795918367346,0.0,0.044897959183673466,0.0,0.08571428571428572,0.18775510204081633
0.0,0.0034965034965034965,0.0,0.10139860139860139,0.08041958041958042,0.006993006993006993,0.06293706293706294,0.1048951048951049,0.1993006993006993,0.10839160839160839,0.027972027972027972,0.0034965034965034965,0.045454545454545456,0.0,0.08741258741258741,0.16783216783216784
0.006006006006006006,0.0,0.0,0.10510510510510511,0.06606606606606606,0.009009009009009009,0.08108108108108109,0.0960960960960961,0.1831831831831832,0.12312312312312312,0.036036036036036036,0.003003003003003003,0.03903903903903904,0.006006006006006006,0.08108108108108109,0.16516516516516516
0.00510204081632653,0.0,0.0,0.10204081632653061,0.0663265306122449,0.01020408163265306,0.08673469387755102,0.09948979591836735,0.17346938775510204,0.1326530612244898,0.04081632653061224,0.00510204081632653,0.04081632653061224,0.00510204081632653,0.07653061224489796,0.1556122448979592
0.002173913043478261,0.0,0.0,0.10434782608695652,0.06739130434782609,0.008695652173913044,0.08260869565217391,0.10652173913043478,0.1608695652173913,0.1391304347826087,0.043478260869565216,0.008695652173913044,0.04565217391304348,0.006521739130434782,0.06739130434782609,0.1565217391304348
0.0037243947858473,0.00186219739292365,0.00186219739292365,0.1154562383612663,0.0633147113594041,0.01303538175046555,0.08007448789571694,0.1042830540037244,0.1601489757914339,0.13594040968342644,0.03910614525139665,0.01303538175046555,0.054003724394785846,0.00931098696461825,0.05772811918063315,0.14711359404096835
0.008,0.0016,0.0016,0.1152,0.0608,0.0176,0.08,0.0976,0.1488,0.1312,0.0432,0.0128,0.048,0.0096,0.056,0.168
0.011034482758620689,0.002758620689655172,0.002758620689655172,0.12275862068965518,0.05931034482758621,0.01793103448275862,0.08137931034482758,0.0896551724137931,0.13793103448275862,0.1393103448275862,0.044137931034482755,0.011034482758620689,0.0496551724137931,0.008275862068965517,0.05517241379310345,0.16689655172413792
0.013221153846153846,0.008413461538461538,0.003605769230769231,0.11899038461538461,0.05889423076923077,0.018028846153846152,0.08413461538461539,0.08413461538461539,0.1346153846153846,0.13581730769230768,0.04326923076923077,0.010817307692307692,0.046875,0.009615384615384616,0.057692307692307696,0.171875
0.010905125408942203,0.011995637949836423,0.0054525627044711015,0.11886586695747,0.05997818974918211,0.016357688113413305,0.07415485278080698,0.08505997818974918,0.13740458015267176,0.13740458015267176,0.04252998909487459,0.014176663031624863,0.04689203925845147,0.009814612868047983,0.05452562704471101,0.17448200654307525
0.014084507042253521,0.014084507042253521,0.006036217303822937,0.12173038229376258,0.05331991951710262,0.01609657947686117,0.07142857142857142,0.08651911468812877,0.1358148893360161,0.13480885311871227,0.04225352112676056,0.015090543259557344,0.04225352112676056,0.014084507042253521,0.05331991951710262,0.1790744466800805
0.013888888888888888,0.014814814814814815,0.006481481481481481,0.11666666666666667,0.05277777777777778,0.018518518518518517,0.07037037037037037,0.08796296296296297,0.13055555555555556,0.13148148148148148,0.04537037037037037,0.016666666666666666,0.041666666666666664,0.018518518518518517,0.053703703703703705,0.18055555555555555
0.015037593984962405,0.015037593984962405,0.006683375104427736,0.11528822055137844,0.05179615705931495,0.020050125313283207,0.07101086048454469,0.08939014202172096,0.1261487050960735,0.1336675020885547,0.04594820384294068,0.018379281537176273,0.040100250626566414,0.01921470342522974,0.045112781954887216,0.1871345029239766
0.01452599388379205,0.01834862385321101,0.005351681957186544,0.12155963302752294,0.046636085626911315,0.023700305810397553,0.0672782874617737,0.0863914373088685,0.12538226299694188,0.13379204892966362,0.04128440366972477,0.022935779816513763,0.03746177370030581,0.024464831804281346,0.040519877675840976,0.19036697247706422
0.017421602787456445,0.018815331010452963,0.008362369337979094,0.12473867595818815,0.04390243902439024,0.02578397212543554,0.0627177700348432,0.08989547038327526,0.12752613240418118,0.13588850174216027,0.0397212543554007,0.024390243902439025,0.037630662020905925,0.020905923344947737,0.041811846689895474,0.18048780487804877
0.019205298013245033,0.02185430463576159,0.008609271523178808,0.1152317880794702,0.04304635761589404,0.025827814569536423,0.06291390728476821,0.08675496688741721,0.1337748344370861,0.13973509933774833,0.039735099337748346,0.026490066225165563,0.03708609271523179,0.019205298013245033,0.04370860927152318,0.17682119205298014
0.023442319555829736,0.024059222702035782,0.00987045033929673,0.11104256631708821,0.04441702652683529,0.0283775447254781,0.06045650832819247,0.09006785934608266,0.12584824182603332,0.1295496607032696,0.040715607649599014,0.025909932140653916,0.03948180135718692,0.020974706971005553,0.04256631708821715,0.18322023442319557
0.021932424422050976,0.026081802015411975,0.01007705986959099,0.11203319502074689,0.03971547125074096,0.03141671606401897,0.05986959098992294,0.09306461173681091,0.12092471843509188,0.13100177830468288,0.03793716656787196,0.023710729104919975,0.03734439834024896,0.024303497332542976,0.048014226437462955,0.1825726141078838
0.027267668336115748,0.02615470228158041,0.011686143572621035,0.11630495269894268,0.04062326099053979,0.0333889816360601,0.06121313299944352,0.09404563160823595,0.1196438508625487,0.13244296048970505,0.037840845854201444,0.022815804117974403,0.036171396772398445,0.023928770172509738,0.042292710072342796,0.17417918753478018
0.027243589743589744,0.029914529914529916,0.013354700854700854,0.11752136752136752,0.04113247863247863,0.03205128205128205,0.05822649572649573,0.09241452991452992,0.1111111111111111,0.13408119658119658,0.0405982905982906,0.02403846153846154,0.038995726495726496,0.025106837606837608,0.04487179487179487,0.16933760683760685
0.02880658436213992,0.029320987654320986,0.012345679012345678,0.1198559670781893,0.040123456790123455,0.030349794238683128,0.05915637860082305,0.0941358024691358,0.1095679012345679,0.13065843621399176,0.03806584362139918,0.0257201646090535,0.040123456790123455,0.026748971193415638,0.042695473251028807,0.17232510288065844
0.030454318522216674,0.02945581627558662,0.01347978032950574,0.12581128307538691,0.036944583125312035,0.03145282076884673,0.06040938592111832,0.09985022466300549,0.10683974038941588,0.12581128307538691,0.03744383424862706,0.02496255616575137,0.038442336495257114,0.028457314028956564,0.040938592111832255,0.1692461308037943
0.028949950932286556,0.02747791952894995,0.01422963689892051,0.12904808635917567,0.03729146221786065,0.0323846908734053,0.05937193326790972,0.10353287536800786,0.10500490677134446,0.1280667320902846,0.03680078508341511,0.02551521099116781,0.03876349362119725,0.02747791952894995,0.040235525024533855,0.16584887144259078
0.03025936599423631,0.02881844380403458,0.014889529298751201,0.12968299711815562,0.03554274735830932,0.034101825168107586,0.05523535062439962,0.1037463976945245,0.10278578290105668,0.12776176753121998,0.036983669548511046,0.029779058597502402,0.03842459173871278,0.02881844380403458,0.03890489913544669,0.1642651296829971
0.030602636534839925,0.02824858757062147,0.014124293785310734,0.128060263653484,0.0371939736346516,0.03531073446327684,0.05508474576271186,0.10922787193973635,0.10028248587570622,0.1275894538606403,0.0371939736346516,0.031073446327683617,0.038135593220338986,0.027306967984934087,0.03954802259887006,0.16101694915254236
0.0327790973871734,0.027078384798099764,0.015676959619952493,0.12826603325415678,0.03752969121140143,0.03515439429928741,0.05558194774346793,0.10878859857482186,0.0997624703087886,0.12399049881235154,0.03895486935866983,0.033729216152019,0.035629453681710214,0.02992874109263658,0.039429928741092635,0.15771971496437054
0.03256880733944954,0.031192660550458717,0.015137614678899083,0.12477064220183487,0.037155963302752296,0.034403669724770644,0.05137614678899083,0.10917431192660551,0.09587155963302753,0.12568807339449542,0.04220183486238532,0.035321100917431195,0.03944954128440367,0.031192660550458717,0.03853211009174312,0.1559633027522936
0.032479414455626715,0.027904849039341262,0.013723696248856358,0.12305580969807868,0.04117108874656908,0.035681610247026534,0.05215004574565416,0.11344922232387923,0.09652333028362306,0.12351326623970722,0.039341262580054895,0.036139066788655076,0.03888380603842635,0.03202195791399817,0.03888380603842635,0.15507776761207684
0.03209764918625678,0.02667269439421338,0.014014466546112115,0.12658227848101267,0.039783001808318265,0.03616636528028933,0.04972875226039783,0.11482820976491863,0.09403254972875226,0.12477396021699819,0.039783001808318265,0.0352622061482821,0.042495479204339964,0.033905967450271246,0.039783001808318265,0.15009041591320071
0.03199639477242001,0.025236593059936908,0.01622352410995944,0.12978819287967552,0.04371338440739072,0.03605227579990987,0.050473186119873815,0.11762054979720594,0.09058134294727355,0.12122577737719693,0.034249662009914375,0.03470031545741325,0.04416403785488959,0.032897701667417754,0.03785488958990536,0.15322217214961695
0.031559963931469794,0.02660054102795311,0.017132551848512173,0.12939585211902616,0.043733092876465283,0.03381424706943192,0.0563570784490532,0.12128043282236249,0.09062218214607755,0.11406672678088368,0.0369702434625789,0.034715960324616775,0.04238052299368801,0.032461677186654644,0.0387736699729486,0.15013525698827773
0.03047960555804572,0.02734199910354101,0.016584491259524877,0.13088301210219633,0.043030031376064544,0.0340654415060511,0.053339309726580006,0.12505602868668758,0.08337068579112505,0.11429852084267145,0.03809950694755715,0.03809950694755715,0.04168534289556253,0.03227252353204841,0.03989242492155984,0.15150156880322727
0.03192446043165468,0.026528776978417268,0.01753597122302158,0.13084532374100719,0.043615107913669064,0.03327338129496403,0.05710431654676259,0.11870503597122302,0.08453237410071943,0.11870503597122302,0.03642086330935252,0.03732014388489208,0.041816546762589925,0.03192446043165468,0.03911870503597122,0.1506294964028777
0.031545741324921134,0.025236593059936908,0.016674177557458314,0.13068949977467328,0.0473186119873817,0.03334835511491663,0.05633168093735917,0.11401532221721496,0.08156827399729608,0.11852185669220369,0.03334835511491663,0.036953582694907616,0.04281207751239297,0.034249662009914375,0.04146011716989635,0.15592609283461017
0.034265103697024346,0.02479711451758341,0.017132551848512173,0.12939585211902616,0.047790802524797116,0.03381424706943192,0.05500450856627592,0.11902614968440037,0.08070333633904418,0.11045987376014428,0.0351668169522092,0.0351668169522092,0.045987376014427414,0.034265103697024346,0.04192966636609558,0.1550946798917944
0.03523035230352303,0.023938572719060525,0.017163504968383016,0.13053297199638664,0.04832881662149955,0.03342366757000903,0.051942186088527555,0.12285456187895212,0.08175248419150859,0.1120144534778681,0.032520325203252036,0.037037037037037035,0.04607046070460705,0.03839205058717254,0.03929539295392954,0.14950316169828365
0.035182679296346414,0.02616147947677041,0.01849345963013081,0.12359043752819125,0.04961659900766802,0.03563373928732522,0.05232295895354082,0.11862877762742445,0.08389715832205684,0.11276499774470004,0.031574199368516014,0.03382949932341001,0.04330175913396482,0.03969327920613441,0.044654939106901215,0.15065403698691926
0.03875278396436525,0.027171492204899776,0.01915367483296214,0.12650334075723832,0.051224944320712694,0.0334075723830735,0.05256124721603563,0.11581291759465479,0.08285077951002227,0.1086859688195991,0.030734966592427616,0.03697104677060133,0.04053452115812917,0.040979955456570155,0.044097995545657014,0.15055679287305124
0.04067948144836835,0.02682163611980331,0.02101028162717926,0.12203844434510505,0.05453732677693339,0.0348681269557443,0.048278945015645953,0.11890925346446134,0.08180599016540009,0.10818059901654001,0.029950827000447027,0.035762181493071074,0.04023245417970496,0.04023245417970496,0.044702726866338846,0.15198927134555207
0.0424675905230219,0.028162717925793473,0.0232454179704962,0.12114438980777828,0.05096110862762628,0.03620920876173447,0.04783191774698257,0.12114438980777828,0.07912382655341976,0.10594546267322306,0.029056772463120252,0.03665623603039785,0.03799731783638802,0.038891372373714796,0.047384890478319175,0.15377738042020564
0.042152466367713005,0.02914798206278027,0.025112107623318385,0.11928251121076233,0.05246636771300448,0.03542600896860987,0.050672645739910316,0.11569506726457399,0.08161434977578476,0.10269058295964126,0.029596412556053813,0.03542600896860987,0.04394618834080718,0.03991031390134529,0.04618834080717489,0.15067264573991032
0.043654365436543656,0.0297029702970297,0.026552655265526554,0.11701170117011701,0.049054905490549056,0.03555355535553555,0.052655265526552655,0.1152115211521152,0.07605760576057606,0.1035103510351035,0.0306030603060306,0.0369036903690369,0.046804680468046804,0.0405040504050405,0.04635463546354635,0.14986498649864988
0.04290876242095754,0.028906955736224028,0.028906955736224028,0.11607949412827462,0.05013550135501355,0.03568202348690153,0.051490514905149054,0.11336946702800361,0.07723577235772358,0.1043360433604336,0.02935862691960253,0.04019873532068654,0.044715447154471545,0.04019873532068654,0.044715447154471545,0.15176151761517614
0.047619047619047616,0.027403414195867025,0.029200359389038633,0.11994609164420485,0.048966756513926325,0.03369272237196765,0.04851752021563342,0.11185983827493262,0.07816711590296496,0.10332434860736747,0.029200359389038633,0.03908355795148248,0.04582210242587601,0.04043126684636118,0.04672057502246182,0.1500449236298293
0.04616763783056925,0.029134917077543704,0.033168982519049754,0.11878081577767817,0.051098162259076645,0.03496190049305244,0.05064993276557597,0.11160914388166741,0.07888839085611833,0.10309278350515463,0.02734199910354101,0.03854773644105782,0.04482294935006723,0.039444195428059166,0.04571940833706858,0.14657104437471985
0.046105640107430616,0.03043867502238138,0.03222918531781558,0.11683079677708147,0.051029543419874666,0.03581020590868397,0.051029543419874666,0.11056401074306177,0.0774395702775291,0.10608773500447627,0.02775290957923008,0.04118173679498657,0.046553267681289166,0.04118173679498657,0.04297224709042077,0.14279319606087734
0.04768331084120558,0.027890238416554206,0.03283850652271705,0.11965811965811966,0.05128205128205128,0.03553756185335133,0.04768331084120558,0.10886189833558255,0.0796221322537112,0.09896536212325686,0.029239766081871343,0.04003598740440846,0.04948268106162843,0.04183535762483131,0.04678362573099415,0.14260008996851103
0.047382671480144405,0.027978339350180504,0.03294223826714802,0.12093862815884476,0.05054151624548736,0.0351985559566787,0.050992779783393505,0.1092057761732852,0.08032490974729242,0.09611913357400723,0.030685920577617327,0.04151624548736462,0.04693140794223827,0.04151624548736462,0.04693140794223827,0.1407942238267148
0.05143112701252236,0.02728085867620751,0.029069767441860465,0.12119856887298748,0.050983899821109124,0.03577817531305903,0.048747763864042934,0.11359570661896243,0.07692307692307693,0.09481216457960644,0.03130590339892665,0.04159212880143113,0.046511627906976744,0.04114490161001789,0.05008944543828265,0.13953488372093023
0.05652759084791386,0.029161058770749215,0.02826379542395693,0.12427097353073127,0.049349484073575596,0.0354419021982952,0.04800358905338717,0.11484970838941229,0.0762673844773441,0.09107222969941678,0.03319874383131449,0.042171377299237325,0.042171377299237325,0.0408254822790489,0.04979811574697174,0.1386271870794078
0.05595344673231871,0.02820053715308863,0.02864816472694718,0.12578334825425247,0.050581915846016116,0.03715308863025962,0.048343777976723366,0.11101163831692032,0.0738585496866607,0.08818263205013428,0.03222918531781558,0.046105640107430616,0.046105640107430616,0.04028648164726947,0.048343777976723366,0.13921217547000894
0.056369285397248114,0.027075011096316024,0.029738126941855306,0.12649800266311584,0.04749223257878384,0.036395916555703504,0.04749223257878384,0.11540168664003551,0.0723479804704838,0.08965823346648913,0.03151353750554816,0.04704837993786063,0.04837993786063027,0.03905903240124279,0.04837993786063027,0.13715046604527298
0.05550541516245487,0.027978339350180504,0.027978339350180504,0.12409747292418773,0.048736462093862815,0.037454873646209384,0.04828519855595668,0.1069494584837545,0.07671480144404332,0.08754512635379061,0.030685920577617327,0.04963898916967509,0.050090252707581225,0.03925992779783394,0.05054151624548736,0.1385379061371841
0.053531264057579846,0.028789923526765633,0.027890238416554206,0.12325686009896536,0.048133153396311294,0.03958614484930274,0.05038236617183985,0.1111111111111111,0.0724246513720198,0.08726945569050833,0.033288349077822764,0.04993252361673414,0.05083220872694557,0.037786774628879895,0.049032838506522715,0.13675213675213677
0.054249547920433995,0.031193490054249547,0.028481012658227847,0.1274864376130199,0.0461121157323689,0.0379746835443038,0.051989150090415916,0.10940325497287523,0.07414104882459313,0.08499095840867993,0.031193490054249547,0.045207956600361664,0.051537070524412296,0.04023508137432188,0.04701627486437613,0.13878842676311032
0.05530776092774309,0.030330062444246207,0.028991971454058876,0.12622658340767173,0.04683318465655665,0.03969669937555754,0.052185548617305975,0.11106155218554861,0.07091882247992863,0.0847457627118644,0.029884032114183764,0.04727921498661909,0.05307760927743087,0.043264942016057094,0.04817127564674398,0.1320249776984835
0.052348993288590606,0.031767337807606266,0.028187919463087248,0.1261744966442953,0.04876957494407159,0.0407158836689038,0.052348993288590606,0.11364653243847875,0.07248322147651007,0.08411633109619687,0.03087248322147651,0.046532438478747204,0.049217002237136466,0.04563758389261745,0.04563758389261745,0.13154362416107382
0.050997782705099776,0.03414634146341464,0.029711751662971176,0.1197339246119734,0.05055432372505543,0.04124168514412417,0.04966740576496674,0.1139689578713969,0.07139689578713969,0.08514412416851441,0.03015521064301552,0.04390243902439024,0.050997782705099776,0.04567627494456763,0.04656319290465632,0.1361419068736142
0.052372426141450316,0.02954341987466428,0.03357206803939123,0.11817367949865712,0.05371530886302596,0.04118173679498657,0.045658012533572066,0.11324977618621307,0.06982990152193375,0.0863921217547001,0.03088630259623993,0.043867502238137866,0.049239033124440466,0.043419874664279316,0.050134288272157566,0.1387645478961504
0.054041983028137563,0.030370701205895488,0.033497096918267084,0.1174631531933899,0.055381866904868245,0.04332291201429209,0.049575703439035286,0.11299687360428763,0.06967396158999553,0.08441268423403304,0.03171058508262617,0.04198302813756141,0.04912907548012506,0.04332291201429209,0.04600267976775346,0.13711478338543992
0.055,0.03090909090909091,0.03363636363636364,0.12136363636363637,0.053636363636363635,0.041363636363636366,0.04909090909090909,0.11045454545454546,0.07318181818181818,0.07909090909090909,0.03,0.04181818181818182,0.053636363636363635,0.042272727272727274,0.05,0.13454545454545455
0.05503355704697987,0.028187919463087248,0.0348993288590604,0.12170022371364653,0.053243847874720356,0.038926174496644296,0.050559284116331094,0.11051454138702461,0.07069351230425056,0.08008948545861297,0.028635346756152126,0.043400447427293064,0.05548098434004474,0.042505592841163314,0.04787472035794183,0.138255033557047
0.05256064690026954,0.030548068283917342,0.035489667565139264,0.12309074573225516,0.05345911949685535,0.03863432165318958,0.04941599281221923,0.11410601976639713,0.06828391734052111,0.08310871518418689,0.029200359389038633,0.040880503144654086,0.053009883198562445,0.0431266846361186,0.04582210242587601,0.13926325247079965
0.05029187247418051,0.028738212842388863,0.03547373147732375,0.1207903008531657,0.0570273911091154,0.039964077233947015,0.04939380332285586,0.11585092052088011,0.06780422092501123,0.08172429277054333,0.02694207453973956,0.039964077233947015,0.05388414907947912,0.04445442299057027,0.048495734171531205,0.13920071845532106
0.050666666666666665,0.024444444444444446,0.036444444444444446,0.11911111111111111,0.05466666666666667,0.04,0.04711111111111111,0.11688888888888889,0.06755555555555555,0.08933333333333333,0.028888888888888888,0.04044444444444444,0.05333333333333334,0.043555555555555556,0.04933333333333333,0.13822222222222222
0.04937722419928826,0.025800711743772242,0.033807829181494664,0.11877224199288257,0.05516014234875445,0.04048042704626335,0.050711743772241996,0.10987544483985764,0.06850533807829182,0.08896797153024912,0.030249110320284697,0.04403914590747331,0.0498220640569395,0.04181494661921708,0.04937722419928826,0.14323843416370108
0.04742729306487696,0.02774049217002237,0.03445190156599553,0.11677852348993288,0.052796420581655484,0.03982102908277405,0.052796420581655484,0.10782997762863535,0.06845637583892618,0.08859060402684564,0.032214765100671144,0.04519015659955257,0.049217002237136466,0.043400447427293064,0.052348993288590606,0.14093959731543623
0.04584269662921348,0.03191011235955056,0.03460674157303371,0.11595505617977528,0.05303370786516854,0.041797752808988765,0.051235955056179776,0.10651685393258427,0.06786516853932584,0.08719101123595506,0.03191011235955056,0.04269662921348315,0.0498876404494382,0.0449438202247191,0.052584269662921346,0.14202247191011236
0.04236540158870256,0.03177405119152692,0.03265666372462489,0.11827007943512798,0.05163283318623124,0.03927625772285966,0.05339805825242718,0.10767872903795234,0.06884377758164166,0.08296557811120918,0.03177405119152692,0.043689320388349516,0.048984995586937335,0.04501323918799647,0.05119152691968226,0.15048543689320387
0.04359550561797753,0.03146067415730337,0.03460674157303371,0.12,0.04943820224719101,0.03910112359550562,0.052584269662921346,0.10561797752808989,0.07101123595505618,0.08089887640449438,0.036853932584269666,0.041797752808988765,0.05213483146067416,0.04808988764044944,0.04853932584269663,0.14426966292134832
0.047064096817570594,0.03047960555804572,0.033617212012550426,0.11922904527117885,0.0502017032720753,0.043030031376064544,0.05199462124607799,0.10129986553115194,0.06768265351860152,0.08068130883012102,0.035410129986553115,0.04258180188256387,0.053339309726580006,0.047064096817570594,0.04796055580457194,0.14836396234872254
0.043710972346119537,0.03166815343443354,0.032114183764495985,0.12444246208742195,0.04950936663693131,0.043264942016057094,0.052185548617305975,0.10392506690454952,0.06779661016949153,0.07850133809099019,0.037020517395182875,0.043264942016057094,0.054861730597680645,0.04504906333630687,0.047725245316681535,0.14495985727029437
0.04581497797356828,0.03039647577092511,0.032158590308370046,0.1211453744493392,0.04977973568281938,0.04405286343612335,0.05330396475770925,0.10484581497797357,0.06872246696035242,0.07753303964757709,0.03480176211453744,0.04537444933920705,0.05506607929515418,0.04449339207048458,0.04713656387665198,0.14537444933920704
0.045454545454545456,0.029252925292529253,0.030153015301530153,0.12286228622862286,0.04995499549954995,0.046804680468046804,0.05310531053105311,0.10216021602160216,0.07065706570657065,0.0747074707470747,0.03735373537353735,0.04635463546354635,0.058055805580558055,0.04410441044104411,0.04590459045904591,0.14311431143114312
0.04535349044019564,0.03023566029346376,0.028901734104046242,0.12049799911071588,0.05246776345042241,0.046242774566473986,0.05157847932414406,0.1004891062694531,0.07025344597598933,0.07603379279679857,0.03601600711427301,0.04757670075589151,0.061805246776345045,0.04357492218763895,0.046242774566473986,0.14273010226767452
0.044444444444444446,0.029777777777777778,0.029333333333333333,0.11866666666666667,0.05288888888888889,0.044,0.04933333333333333,0.10488888888888889,0.07111111111111111,0.0791111111111111,0.03822222222222222,0.04488888888888889,0.06222222222222222,0.04488888888888889,0.04577777777777778,0.14044444444444446
0.047661870503597124,0.03147482014388489,0.03012589928057554,0.11735611510791367,0.055305755395683456,0.044064748201438846,0.049910071942446045,0.10611510791366907,0.07014388489208633,0.07598920863309352,0.03911870503597122,0.044514388489208634,0.06025179856115108,0.04226618705035971,0.044964028776978415,0.14073741007194246
0.048747763864042934,0.03175313059033989,0.029069767441860465,0.12119856887298748,0.05858676207513417,0.04338103756708408,0.049194991055456175,0.1050983899821109,0.06976744186046512,0.0742397137745975,0.03935599284436494,0.040697674418604654,0.06216457960644007,0.04293381037567084,0.04561717352415027,0.1381932021466905
0.048660714285714286,0.03125,0.029017857142857144,0.11696428571428572,0.06160714285714286,0.045535714285714284,0.05089285714285714,0.10625,0.06964285714285715,0.075,0.038392857142857145,0.04285714285714286,0.059375,0.044642857142857144,0.04330357142857143,0.13660714285714284
0.05024674742036788,0.03050695379093764,0.02736653207716465,0.12068192014356213,0.060116644235083,0.04486316733961418,0.052489905787348586,0.10812023328847016,0.06998654104979811,0.07312696276357111,0.03813369223867205,0.04306864064602961,0.06101390758187528,0.04486316733961418,0.043965903992821895,0.13144908030506955
0.05218173639226271,0.029689608636977057,0.02834008097165992,0.11695906432748537,0.06387764282501125,0.04003598740440846,0.04948268106162843,0.10706252811515969,0.06657669815564553,0.07557354925775979,0.04093567251461988,0.04183535762483131,0.06387764282501125,0.04543409806567701,0.044084570400359874,0.13405308142150246
0.05343511450381679,0.030983385720700495,0.026044005388414906,0.11989223170184105,0.06466097889537495,0.040862146385271664,0.05298607992815447,0.10776829815895823,0.05927256398742703,0.07723394701392007,0.041311180960933995,0.04041311180960934,0.06196677144140099,0.04804669959586888,0.04445442299057027,0.13066906151773686
0.05108499095840868,0.03164556962025317,0.026220614828209764,0.1274864376130199,0.0628390596745027,0.03842676311030741,0.051537070524412296,0.11075949367088607,0.060126582278481014,0.07414104882459313,0.042495479204339964,0.039783001808318265,0.060126582278481014,0.048824593128390596,0.04746835443037975,0.12703435804701627
0.05330964015992892,0.03154153709462461,0.027543314082629944,0.13060861839182586,0.060417592181252776,0.03909373611728121,0.04931141714793425,0.10706352732119058,0.05908485117725455,0.07774322523322967,0.0444247001332741,0.04042647712127943,0.06219458018658374,0.04531319413593958,0.04575744113727232,0.12616614837849843
0.05074090704984284,0.03143242029636282,0.026493039964077234,0.12887292321508756,0.06061966771441401,0.040862146385271664,0.05029187247418051,0.10911540188594522,0.057925460260440056,0.07453973955994611,0.0431073192635833,0.04041311180960934,0.06286484059272564,0.047597665020206556,0.04580152671755725,0.1293219577907499
0.050604567845947156,0.032243618450515,0.028660994178235557,0.12897447380206,0.05866547245857591,0.04254366323331841,0.048813255709807435,0.10837438423645321,0.05642633228840126,0.0747872816838334,0.04075235109717868,0.04120017913121361,0.06448723690103,0.04926108374384237,0.0438871473354232,0.1303179579041648
0.05163897620116749,0.03367759317467445,0.026493039964077234,0.12707678491243826,0.06241580601706331,0.042209250112258644,0.05074090704984284,0.11180960933991918,0.05388414907947912,0.07139649753030983,0.04041311180960934,0.038616973506960035,0.06645711719802425,0.051189941625505164,0.04176021553659632,0.13022002694207455
0.05093833780160858,0.035746201966041107,0.027256478999106343,0.12109025915996426,0.06255585344057193,0.04691689008042895,0.05138516532618409,0.10857908847184987,0.05317247542448615,0.07104557640750671,0.040214477211796246,0.0420017873100983,0.06300268096514745,0.054959785522788206,0.04423592493297587,0.12689901697944594
0.05256064690026954,0.035489667565139264,0.028751123090745734,0.11904761904761904,0.057951482479784364,0.046271338724168914,0.04941599281221923,0.1082659478885894,0.05435759209344115,0.07502246181491465,0.03863432165318958,0.0431266846361186,0.0651392632524708,0.055705300988319856,0.04806828391734052,0.12219227313566937
0.05150976909413854,0.03641207815275311,0.026198934280639432,0.12211367673179396,0.0608348134991119,0.046181172291296625,0.050621669626998225,0.10790408525754884,0.05106571936056838,0.07460035523978685,0.04129662522202487,0.04396092362344583,0.0652753108348135,0.05595026642984014,0.044849023090586145,0.12122557726465365
0.05387052965142598,0.03576278859212313,0.026256224535989137,0.11634223630602082,0.06292440018107741,0.04436396559529199,0.05115436849253056,0.10819375282933454,0.04934359438660027,0.07333635129017656,0.039837030330466275,0.04526935264825713,0.06654594839293798,0.057944771389769126,0.047532820280669984,0.1213218650973291
0.052395879982086876,0.0380653828929691,0.025526197939991044,0.12046574115539632,0.06493506493506493,0.04657411553963278,0.04926108374384237,0.10837438423645321,0.04746977160770264,0.07210031347962383,0.03940886699507389,0.043439319301388266,0.06806986117330945,0.05956112852664577,0.048813255709807435,0.11553963278101209
0.050266903914590745,0.037366548042704624,0.026245551601423486,0.12366548042704627,0.06672597864768683,0.051601423487544484,0.0498220640569395,0.10631672597864769,0.046708185053380785,0.0711743772241993,0.03825622775800712,0.046263345195729534,0.06672597864768683,0.05871886120996441,0.04804270462633452,0.11209964412811388
0.050581915846016116,0.03581020590868397,0.024619516562220233,0.12041181736794987,0.067591763652641,0.050134288272157566,0.049686660698299016,0.10519247985675918,0.048791405550581916,0.07251566696508505,0.03894359892569382,0.047448522829006266,0.06803939122649955,0.05953446732318711,0.049686660698299016,0.11101163831692032
0.05197132616487455,0.033154121863799284,0.025537634408602152,0.11827956989247312,0.06899641577060932,0.051075268817204304,0.04973118279569892,0.1003584229390681,0.04525089605734767,0.07706093189964158,0.03853046594982079,0.04659498207885305,0.0721326164874552,0.059587813620071685,0.05152329749103943,0.11021505376344086
0.04946524064171123,0.034759358288770054,0.02540106951871658,0.11363636363636363,0.07040998217468805,0.05570409982174688,0.04679144385026738,0.10427807486631016,0.045454545454545456,0.07754010695187166,0.039661319073083776,0.04367201426024955,0.07174688057040998,0.062388591800356503,0.04946524064171123,0.10962566844919786
0.049443207126948774,0.032516703786191536,0.027171492204899776,0.11759465478841871,0.06993318485523385,0.0556792873051225,0.045879732739420934,0.10289532293986638,0.044543429844097995,0.0779510022271715,0.0400890868596882,0.04721603563474387,0.07216035634743875,0.061915367483296214,0.05033407572383074,0.10467706013363029
0.04943820224719101,0.033707865168539325,0.02696629213483146,0.11865168539325843,0.06651685393258427,0.054831460674157305,0.04808988764044944,0.10426966292134832,0.046741573033707864,0.07685393258426966,0.04224719101123595,0.04808988764044944,0.0696629213483146,0.062022471910112356,0.04853932584269663,0.10337078651685393
0.04845222072678331,0.03319874383131449,0.02781516375056079,0.11754149842978914,0.06819201435621355,0.0515926424405563,0.0462090623598026,0.10273665320771647,0.04755495737999103,0.08120233288470166,0.04351727231942575,0.048900852400179454,0.0708838043965904,0.06280843427545985,0.04979811574697174,0.09959623149394348
0.04742729306487696,0.032214765100671144,0.02774049217002237,0.11767337807606264,0.06487695749440715,0.05503355704697987,0.04742729306487696,0.10380313199105146,0.04563758389261745,0.08322147651006712,0.042505592841163314,0.04876957494407159,0.07248322147651007,0.06174496644295302,0.049217002237136466,0.10022371364653244
0.04888888888888889,0.03333333333333333,0.028444444444444446,0.116,0.06355555555555556,0.05511111111111111,0.04666666666666667,0.10488888888888889,0.04133333333333333,0.08533333333333333,0.042666666666666665,0.04933333333333333,0.07422222222222222,0.06177777777777778,0.04933333333333333,0.09911111111111111
0.05013309671694765,0.03327417923691216,0.02883762200532387,0.1126885536823425,0.06299911268855368,0.05545696539485359,0.04525288376220053,0.10559006211180125,0.038154392191659274,0.08518189884649512,0.04569653948535936,0.05013309671694765,0.07497781721384206,0.064773735581189,0.04924578527062999,0.09760425909494233
0.05102040816326531,0.035048802129547474,0.031055900621118012,0.11535048802129548,0.06433007985803017,0.05235137533274179,0.04525288376220053,0.10292812777284827,0.03948535936113576,0.08562555456965394,0.04525288376220053,0.055013309671694766,0.0740905057675244,0.05989352262644188,0.049689440993788817,0.09361135758651287
0.05176260597947345,0.035252119589468986,0.030789825970548863,0.11512717536813923,0.06381079875055778,0.0535475234270415,0.04506916555109326,0.10531012940651495,0.04194556001784917,0.08076751450245426,0.04551539491298527,0.054439982150825524,0.07362784471218206,0.06247211066488175,0.04819277108433735,0.09236947791164658
0.05211141060197664,0.03324348607367475,0.029649595687331536,0.11141060197663971,0.06154537286612758,0.051662174303683736,0.04672057502246182,0.10467205750224619,0.0426774483378257,0.08310871518418689,0.04582210242587601,0.05750224618149147,0.07097933513027853,0.062443845462713386,0.04986522911051213,0.09658580413297395
0.05389755011135858,0.03429844097995546,0.030289532293986638,0.10957683741648107,0.06369710467706013,0.051670378619153676,0.044097995545657014,0.10512249443207126,0.04187082405345212,0.07884187082405346,0.044543429844097995,0.05746102449888642,0.07394209354120267,0.06146993318485523,0.051224944320712694,0.09799554565701558
0.053516143299425036,0.03538257408226449,0.030959752321981424,0.11057054400707651,0.06413091552410438,0.05042016806722689,0.043343653250773995,0.10305174701459531,0.04157452454666077,0.08314904909332153,0.0437859354268023,0.059708093763821316,0.07386112339672711,0.06015037593984962,0.04997788589119859,0.09641751437417072
0.05527865881286815,0.034435885817852285,0.03307657453556864,0.1169007702763933,0.06071590394200272,0.05029451744449479,0.045310376076121435,0.09968282736746716,0.04032623470774807,0.08155867693701857,0.04712279111916629,0.05890348889895786,0.07385591300407793,0.05527865881286815,0.048482102401449935,0.09877661984594473
0.05578047683310841,0.033288349077822764,0.030589293747188485,0.11830859199280253,0.0620782726045884,0.051731893837157,0.04678362573099415,0.10121457489878542,0.03958614484930274,0.07872244714349977,0.04543409806567701,0.0553306342780027,0.07332433648223122,0.05263157894736842,0.04993252361673414,0.10526315789473684
0.057925460260440056,0.030983385720700495,0.032330489447687474,0.11585092052088011,0.06196677144140099,0.05163897620116749,0.04445442299057027,0.09968567579703637,0.04445442299057027,0.0794791198922317,0.04400538841490795,0.0552312528064661,0.0776829815895824,0.051189941625505164,0.05388414907947912,0.09923664122137404
0.06064690026954178,0.030548068283917342,0.03099730458221024,0.11275831087151841,0.0664869721473495,0.05121293800539083,0.0444743935309973,0.09793351302785265,0.042228212039532795,0.08086253369272237,0.04716981132075472,0.05660377358490566,0.07726864330637916,0.05211141060197664,0.05211141060197664,0.09658580413297395
0.06371681415929203,0.030530973451327433,0.030530973451327433,0.11592920353982301,0.0668141592920354,0.05353982300884956,0.04380530973451328,0.09867256637168141,0.03938053097345133,0.07876106194690266,0.046460176991150445,0.05353982300884956,0.07876106194690266,0.05353982300884956,0.048672566371681415,0.09734513274336283
0.059608540925266906,0.03069395017793594,0.032473309608540925,0.11165480427046263,0.06628113879003558,0.054270462633451956,0.04448398576512456,0.10409252669039146,0.03603202846975089,0.07962633451957295,0.04804270462633452,0.05249110320284697,0.07829181494661921,0.05115658362989324,0.04804270462633452,0.10275800711743772
0.06090461262875056,0.032243618450515,0.033139274518584866,0.11195700850873265,0.06314375279892522,0.05463502015226153,0.04254366323331841,0.09941782355575458,0.035826242722794444,0.08150470219435736,0.04612628750559785,0.05463502015226153,0.08060904612628751,0.05373936408419167,0.052395879982086876,0.09717868338557993
0.0625,0.030575539568345324,0.03147482014388489,0.11465827338129496,0.06205035971223022,0.053057553956834536,0.043615107913669064,0.10206834532374101,0.03462230215827338,0.07913669064748201,0.042715827338129495,0.05575539568345324,0.08363309352517985,0.05485611510791367,0.051258992805755396,0.09802158273381295
0.06061966771441401,0.028738212842388863,0.0345756623259991,0.11585092052088011,0.06196677144140099,0.05298607992815447,0.04580152671755725,0.1001347103726987,0.03143242029636282,0.081275258194881,0.042209250112258644,0.0552312528064661,0.08172429277054333,0.05298607992815447,0.05074090704984284,0.1037269869779973
0.06303084488153778,0.030397854269110416,0.035762181493071074,0.11533303531515422,0.06258381761287439,0.053196244970943225,0.04380867232901207,0.09611086276262852,0.03218596334376397,0.08270004470272686,0.04514975413500223,0.05677246312025033,0.07688869021010282,0.054090299508270004,0.048725972284309346,0.10326329906124274
