C_R,C_A,C_S,C_N,D_R,D_A,D_S,D_N,Oc_R,Oc_A,Oc_S,Oc_N,Od_R,Od_A,Od_S,Od_N
1.0,0.0,0.0,0.0,0.0,0.0,0.0,0.0,0.0,0.0,0.0,0.0,0.0,0.0,0.0,0.0
0.6666666666666666,0.3333333333333333,0.0,0.0,0.0,0.0,0.0,0.0,0.0,0.0,0.0,0.0,0.0,0.0,0.0,0.0
0.6,0.2,0.0,0.0,0.0,0.2,0.0,0.0,0.0,0.0,0.0,0.0,0.0,0.0,0.0,0.0
0.42857142857142855,0.14285714285714285,0.0,0.2857142857142857,0.0,0.14285714285714285,0.0,0.0,0.0,0.0,0.0,0.0,0.0,0.0,0.0,0.0
0.4,0.1,0.0,0.3,0.1,0.1,0.0,0.0,0.0,0.0,0.0,0.0,0.0,0.0,0.0,0.0
0.46153846153846156,0.07692307692307693,0.0,0.23076923076923078,0.07692307692307693,0.07692307692307693,0.0,0.0,0.0,0.0,0.0,0.07692307692307693,0.0,0.0,0.0,0.0
0.5294117647058824,0.058823529411764705,0.0,0.17647058823529413,0.058823529411764705,0.058823529411764705,0.0,0.0,0.0,0.0,0.058823529411764705,0.058823529411764705,0.0,0.0,0.0,0.0
0.6521739130434783,0.0,0.0,0.17391304347826086,0.043478260869565216,0.043478260869565216,0.0,0.0,0.0,0.0,0.0,0.043478260869565216,0.0,0.043478260869565216,0.0,0.0
0.6551724137931034,0.034482758620689655,0.0,0.1724137931034483,0.034482758620689655,0.034482758620689655,0.0,0.0,0.0,0.0,0.0,0.034482758620689655,0.0,0.034482758620689655,0.0,0.0
0.6585365853658537,0.024390243902439025,0.024390243902439025,0.17073170731707318,0.0,0.024390243902439025,0.0,0.0,0.0,0.0,0.024390243902439025,0.04878048780487805,0.0,0.024390243902439025,0.0,0.0
0.6956521739130435,0.021739130434782608,0.0,0.15217391304347827,0.0,0.043478260869565216,0.0,0.0,0.0,0.0,0.021739130434782608,0.043478260869565216,0.0,0.021739130434782608,0.0,0.0
0.6666666666666666,0.016666666666666666,0.0,0.2,0.0,0.03333333333333333,0.0,0.0,0.0,0.0,0.016666666666666666,0.03333333333333333,0.0,0.03333333333333333,0.0,0.0
0.64,0.02666666666666667,0.0,0.22666666666666666,0.0,0.02666666666666667,0.0,0.0,0.0,0.0,0.013333333333333334,0.02666666666666667,0.0,0.02666666666666667,0.013333333333333334,0.0
0.6222222222222222,0.011111111111111112,0.011111111111111112,0.26666666666666666,0.0,0.022222222222222223,0.0,0.011111111111111112,0.0,0.0,0.011111111111111112,0.011111111111111112,0.0,0.022222222222222223,0.011111111111111112,0.0
0.5925925925925926,0.009259259259259259,0.009259259259259259,0.28703703703703703,0.0,0.018518518518518517,0.0,0.009259259259259259,0.009259259259259259,0.0,0.009259259259259259,0.009259259259259259,0.0,0.018518518518518517,0.027777777777777776,0.0
0.6115702479338843,0.008264462809917356,0.008264462809917356,0.2975206611570248,0.008264462809917356,0.01652892561983471,0.0,0.008264462809917356,0.008264462809917356,0.0,0.008264462809917356,0.0,0.0,0.01652892561983471,0.008264462809917356,0.0
0.5928571428571429,0.007142857142857143,0.014285714285714285,0.32142857142857145,0.007142857142857143,0.014285714285714285,0.0,0.0,0.007142857142857143,0.0,0.007142857142857143,0.0,0.0,0.014285714285714285,0.014285714285714285,0.0
0.5813953488372093,0.005813953488372093,0.011627906976744186,0.3430232558139535,0.005813953488372093,0.011627906976744186,0.0,0.0,0.005813953488372093,0.0,0.005813953488372093,0.0,0.0,0.011627906976744186,0.01744186046511628,0.0
0.5608465608465608,0.005291005291005291,0.015873015873015872,0.3492063492063492,0.005291005291005291,0.015873015873015872,0.0,0.005291005291005291,0.005291005291005291,0.0,0.005291005291005291,0.005291005291005291,0.0,0.010582010582010581,0.015873015873015872,0.0
0.5588235294117647,0.00980392156862745,0.014705882352941176,0.35294117647058826,0.004901960784313725,0.014705882352941176,0.0,0.004901960784313725,0.004901960784313725,0.0,0.004901960784313725,0.0,0.0,0.014705882352941176,0.014705882352941176,0.0
0.5689655172413793,0.008620689655172414,0.01293103448275862,0.3448275862068966,0.004310344827586207,0.01293103448275862,0.0,0.004310344827586207,0.004310344827586207,0.0,0.004310344827586207,0.004310344827586207,0.0,0.01293103448275862,0.017241379310344827,0.0
0.5697674418604651,0.007751937984496124,0.011627906976744186,0.3449612403100775,0.003875968992248062,0.011627906976744186,0.0,0.003875968992248062,0.007751937984496124,0.0,0.003875968992248062,0.003875968992248062,0.0,0.015503875968992248,0.015503875968992248,0.0
0.5724137931034483,0.006896551724137931,0.006896551724137931,0.3413793103448276,0.006896551724137931,0.010344827586206896,0.0,0.010344827586206896,0.006896551724137931,0.0,0.0034482758620689655,0.0034482758620689655,0.0,0.013793103448275862,0.017241379310344827,0.0
0.5514018691588785,0.003115264797507788,0.006230529595015576,0.3613707165109034,0.006230529595015576,0.01557632398753894,0.0,0.018691588785046728,0.006230529595015576,0.0,0.0,0.006230529595015576,0.0,0.009345794392523364,0.01557632398753894,0.0
0.5480225988700564,0.0,0.011299435028248588,0.3672316384180791,0.005649717514124294,0.01694915254237288,0.0,0.014124293785310734,0.005649717514124294,0.0,0.0,0.005649717514124294,0.0,0.00847457627118644,0.01694915254237288,0.0
0.5661375661375662,0.0,0.010582010582010581,0.35714285714285715,0.005291005291005291,0.015873015873015872,0.0,0.010582010582010581,0.005291005291005291,0.0,0.0,0.0026455026455026454,0.0026455026455026454,0.005291005291005291,0.015873015873015872,0.0026455026455026454
0.5654205607476636,0.0,0.009345794392523364,0.3644859813084112,0.004672897196261682,0.014018691588785047,0.0,0.011682242990654205,0.004672897196261682,0.0,0.0,0.002336448598130841,0.004672897196261682,0.007009345794392523,0.009345794392523364,0.002336448598130841
0.5701559020044543,0.0022271714922048997,0.008908685968819599,0.3518930957683742,0.004454342984409799,0.015590200445434299,0.0,0.013363028953229399,0.004454342984409799,0.0,0.0,0.0022271714922048997,0.004454342984409799,0.0066815144766146995,0.013363028953229399,0.0022271714922048997
0.5752032520325203,0.0020325203252032522,0.008130081300813009,0.3516260162601626,0.0020325203252032522,0.014227642276422764,0.0,0.01016260162601626,0.0040650406504065045,0.0040650406504065045,0.0020325203252032522,0.0020325203252032522,0.0040650406504065045,0.006097560975609756,0.012195121951219513,0.0020325203252032522
0.5841035120147874,0.0018484288354898336,0.009242144177449169,0.3419593345656192,0.0018484288354898336,0.012939001848428836,0.0,0.009242144177449169,0.0036968576709796672,0.005545286506469501,0.0018484288354898336,0.0036968576709796672,0.0036968576709796672,0.005545286506469501,0.011090573012939002,0.0036968576709796672
0.5877342419080068,0.0017035775127768314,0.010221465076660987,0.3475298126064736,0.0,0.01192504258943782,0.0,0.0068143100511073255,0.0034071550255536627,0.0034071550255536627,0.0017035775127768314,0.0034071550255536627,0.0034071550255536627,0.0068143100511073255,0.010221465076660987,0.0017035775127768314
0.5700934579439252,0.001557632398753894,0.00778816199376947,0.35669781931464173,0.001557632398753894,0.012461059190031152,0.001557632398753894,0.00778816199376947,0.004672897196261682,0.003115264797507788,0.003115264797507788,0.009345794392523364,0.003115264797507788,0.00778816199376947,0.00778816199376947,0.001557632398753894
0.5867052023121387,0.002890173410404624,0.0072254335260115606,0.34104046242774566,0.001445086705202312,0.011560693641618497,0.001445086705202312,0.005780346820809248,0.005780346820809248,0.002890173410404624,0.004335260115606936,0.008670520231213872,0.002890173410404624,0.0072254335260115606,0.0072254335260115606,0.002890173410404624
0.5882352941176471,0.00267379679144385,0.0066844919786096255,0.3409090909090909,0.004010695187165776,0.008021390374331552,0.00267379679144385,0.0066844919786096255,0.0053475935828877,0.00267379679144385,0.004010695187165776,0.009358288770053475,0.00267379679144385,0.0053475935828877,0.008021390374331552,0.00267379679144385
0.5948275862068966,0.003694581280788177,0.006157635467980296,0.3374384236453202,0.0024630541871921183,0.009852216748768473,0.0024630541871921183,0.008620689655172414,0.0049261083743842365,0.0024630541871921183,0.0024630541871921183,0.008620689655172414,0.0012315270935960591,0.0049261083743842365,0.007389162561576354,0.0024630541871921183
0.5934959349593496,0.0011614401858304297,0.005807200929152149,0.3403019744483159,0.003484320557491289,0.010452961672473868,0.0023228803716608595,0.008130081300813009,0.004645760743321719,0.003484320557491289,0.0011614401858304297,0.008130081300813009,0.003484320557491289,0.003484320557491289,0.006968641114982578,0.003484320557491289
0.5905680600214362,0.0010718113612004287,0.004287245444801715,0.34190782422293675,0.004287245444801715,0.011789924973204717,0.0021436227224008574,0.011789924973204717,0.004287245444801715,0.003215434083601286,0.0021436227224008574,0.007502679528403001,0.0021436227224008574,0.004287245444801715,0.004287245444801715,0.004287245444801715
0.5933062880324543,0.0010141987829614604,0.0030425963488843813,0.3438133874239351,0.005070993914807302,0.012170385395537525,0.0030425963488843813,0.008113590263691683,0.0030425963488843813,0.004056795131845842,0.0030425963488843813,0.005070993914807302,0.004056795131845842,0.005070993914807302,0.0010141987829614604,0.005070993914807302
0.5943127962085308,0.0018957345971563982,0.002843601895734597,0.34218009478672984,0.0037914691943127963,0.011374407582938388,0.002843601895734597,0.007582938388625593,0.0037914691943127963,0.0037914691943127963,0.002843601895734597,0.002843601895734597,0.0037914691943127963,0.006635071090047393,0.002843601895734597,0.006635071090047393
0.5980735551663747,0.0017513134851138354,0.0043782837127845885,0.3423817863397548,0.0035026269702276708,0.009632224168126095,0.002626970227670753,0.0070052539404553416,0.002626970227670753,0.0035026269702276708,0.0035026269702276708,0.0017513134851138354,0.005253940455341506,0.006129597197898424,0.0017513134851138354,0.006129597197898424
0.5927750410509032,0.0016420361247947454,0.0049261083743842365,0.3440065681444992,0.004105090311986864,0.009852216748768473,0.0049261083743842365,0.006568144499178982,0.003284072249589491,0.004105090311986864,0.0024630541871921183,0.0016420361247947454,0.0049261083743842365,0.007389162561576354,0.0008210180623973727,0.006568144499178982
0.5949656750572082,0.0015255530129672007,0.005339435545385202,0.34248665141113654,0.0038138825324180014,0.009153318077803204,0.004576659038901602,0.005339435545385202,0.0030511060259344014,0.0038138825324180014,0.002288329519450801,0.0015255530129672007,0.008390541571319604,0.007627765064836003,0.0,0.006102212051868803
0.591304347826087,0.002173913043478261,0.005797101449275362,0.3492753623188406,0.002898550724637681,0.007246376811594203,0.004347826086956522,0.006521739130434782,0.002898550724637681,0.004347826086956522,0.002898550724637681,0.0007246376811594203,0.009420289855072464,0.005797101449275362,0.0,0.004347826086956522
0.5915687629578438,0.0027643400138217,0.006219765031098825,0.3469246717346234,0.0034554250172771253,0.007601935038009675,0.0034554250172771253,0.006910850034554251,0.002073255010366275,0.0034554250172771253,0.0027643400138217,0.000691085003455425,0.009675190048375951,0.006910850034554251,0.000691085003455425,0.0048375950241879755
0.5955786736020806,0.002600780234070221,0.005851755526657998,0.34655396618985695,0.002600780234070221,0.007152145643693108,0.002600780234070221,0.005851755526657998,0.0019505851755526658,0.003250975292587776,0.003250975292587776,0.0013003901170351106,0.00975292587776333,0.005201560468140442,0.0006501950585175553,0.005851755526657998
0.5986394557823129,0.0024737167594310453,0.004947433518862091,0.3364254792826221,0.0037105751391465678,0.006802721088435374,0.0037105751391465678,0.004947433518862091,0.0018552875695732839,0.0037105751391465678,0.0024737167594310453,0.0018552875695732839,0.011750154607297465,0.00927643784786642,0.0012368583797155227,0.006184291898577613
0.5996483001172332,0.0029308323563892145,0.004689331770222743,0.3347010550996483,0.004103165298944901,0.006447831184056272,0.004689331770222743,0.004689331770222743,0.0029308323563892145,0.004103165298944901,0.0023446658851113715,0.0023446658851113715,0.00996483001172333,0.0076201641266119575,0.0017584994138335288,0.007033997655334115
0.5963821368004523,0.002826455624646693,0.0045223289994347085,0.33408705483323914,0.0045223289994347085,0.006218202374222725,0.0045223289994347085,0.005652911249293386,0.00395703787450537,0.0045223289994347085,0.002826455624646693,0.0022611644997173543,0.010175240248728096,0.006218202374222725,0.0016958733747880158,0.009609949123798756
0.5995623632385121,0.0032822757111597373,0.00437636761487965,0.32439824945295404,0.004923413566739606,0.006017505470459519,0.00437636761487965,0.007111597374179431,0.00437636761487965,0.00437636761487965,0.002735229759299781,0.0032822757111597373,0.011487964989059081,0.007111597374179431,0.002735229759299781,0.009846827133479213
0.5996843766438716,0.0026301946344029457,0.004734350341925302,0.3203577064702788,0.0052603892688058915,0.00631246712256707,0.003682272488164124,0.007364544976328248,0.003682272488164124,0.0052603892688058915,0.003156233561283535,0.003156233561283535,0.011572856391372961,0.007890583903208837,0.003156233561283535,0.01209889531825355
0.5909090909090909,0.003575076608784474,0.003575076608784474,0.3237997957099081,0.005107252298263534,0.007150153217568948,0.002553626149131767,0.007150153217568948,0.0040858018386108275,0.0056179775280898875,0.0030643513789581204,0.003575076608784474,0.012768130745658836,0.009193054136874362,0.003575076608784474,0.014300306435137897
0.5961251862891207,0.003477396920019871,0.003477396920019871,0.31992051664182813,0.004967709885742673,0.006954793840039742,0.0024838549428713363,0.006954793840039742,0.003477396920019871,0.006458022851465474,0.0029806259314456036,0.0024838549428713363,0.012916045702930949,0.009438648782911079,0.003477396920019871,0.014406358668653751
0.5929160601649685,0.004366812227074236,0.002911208151382824,0.32168850072780203,0.0048520135856380394,0.00727802037845706,0.002911208151382824,0.006307617661329452,0.003396409509946628,0.006792819019893256,0.004366812227074236,0.0024260067928190197,0.015041242115477924,0.010189228529839884,0.003396409509946628,0.011159631246967491
0.5952718676122931,0.004728132387706856,0.0018912529550827422,0.32056737588652484,0.0037825059101654845,0.008037825059101654,0.002364066193853428,0.006146572104018913,0.003309692671394799,0.0070921985815602835,0.005200945626477541,0.0028368794326241137,0.015130023640661938,0.008983451536643027,0.0028368794326241137,0.01182033096926714
0.5879671832269827,0.004557885141294439,0.0022789425706472195,0.3236098450319052,0.004557885141294439,0.008204193254329991,0.0018231540565177757,0.0068368277119416595,0.0031905195989061076,0.007748404740200547,0.004102096627164996,0.0036463081130355514,0.016864175022789425,0.009571558796718322,0.0031905195989061076,0.011850501367365542
0.5885558583106267,0.004541326067211626,0.0027247956403269754,0.32107175295186197,0.004087193460490463,0.008174386920980926,0.002270663033605813,0.007720254314259764,0.003178928247048138,0.007720254314259764,0.004087193460490463,0.0036330608537693005,0.01634877384196185,0.01044504995458674,0.003178928247048138,0.01226158038147139
0.5805429864253394,0.004072398190045249,0.003167420814479638,0.3244343891402715,0.004977375565610859,0.008144796380090498,0.0009049773755656109,0.007692307692307693,0.003167420814479638,0.007239819004524887,0.004977375565610859,0.004524886877828055,0.017194570135746608,0.012217194570135747,0.0036199095022624436,0.013122171945701358
0.5831842576028623,0.004919499105545617,0.0026833631484794273,0.32021466905187834,0.006708407871198569,0.008050089445438283,0.0013416815742397137,0.008050089445438283,0.0031305903398926656,0.006261180679785331,0.004025044722719142,0.004472271914132379,0.018783542039355994,0.012075134168157423,0.0031305903398926656,0.0129695885509839
0.58038513210927,0.006269592476489028,0.0035826242722794446,0.31571876399462606,0.006717420510523959,0.006717420510523959,0.0013434841021047917,0.00850873264666368,0.004030452306314375,0.00761307657859382,0.0044782803403493054,0.006269592476489028,0.019256605463502014,0.012091356918943126,0.0035826242722794446,0.013434841021047918
0.5736911570611527,0.005719313682358117,0.0030796304443466782,0.32380114386273645,0.006599208095028597,0.007039155301363837,0.0017597888253409592,0.009238891333040036,0.0030796304443466782,0.007479102507699076,0.004399472063352398,0.007039155301363837,0.019797624285085788,0.010998680158380994,0.0026396832380114386,0.013638363396392433
0.5713008493518105,0.00581135449262405,0.003576218149307108,0.32320071524362987,0.006705409029950827,0.007599463567277604,0.001788109074653554,0.009834599910594547,0.002235136343316942,0.007152436298614216,0.004023245417970496,0.006705409029950827,0.02056325435851587,0.0116227089852481,0.003576218149307108,0.014304872597228431
0.5764388489208633,0.00539568345323741,0.002697841726618705,0.31744604316546765,0.006294964028776978,0.007643884892086331,0.003147482014388489,0.008992805755395683,0.0035971223021582736,0.006294964028776978,0.0049460431654676255,0.006744604316546762,0.021133093525179857,0.011241007194244604,0.0035971223021582736,0.014388489208633094
0.5646379386939138,0.004886717014660151,0.0026654820079964462,0.3247445579742337,0.007552199022656597,0.007107952021323856,0.0026654820079964462,0.00888494002665482,0.003998223011994669,0.007107952021323856,0.0053309640159928924,0.007552199022656597,0.02132385606397157,0.011994669035984007,0.00444247001332741,0.015104398045313194
0.563188022897402,0.005724350506384853,0.002642007926023778,0.3192426243945399,0.009687362395420519,0.008806693086745927,0.0030823425803610744,0.009687362395420519,0.0048436811977102595,0.007926023778071334,0.006164685160722149,0.0066050198150594455,0.021136063408190225,0.011889035667107,0.003963011889035667,0.015411712901805373
0.5658776239392586,0.005359535506922733,0.0026797677534613666,0.32201875837427424,0.00982581509602501,0.008932559178204555,0.00401965163019205,0.0080393032603841,0.00401965163019205,0.007146047342563644,0.006699419383653417,0.007146047342563644,0.02054488610987048,0.010719071013845467,0.00401965163019205,0.012952210808396605
0.5659955257270693,0.004921700223713647,0.0026845637583892616,0.319910514541387,0.009395973154362415,0.008501118568232663,0.006263982102908278,0.008948545861297539,0.004026845637583893,0.005369127516778523,0.006711409395973154,0.007606263982102908,0.01923937360178971,0.012080536912751677,0.004921700223713647,0.013422818791946308
0.5532386867790594,0.003992901508429458,0.0026619343389529724,0.32608695652173914,0.009760425909494233,0.007985803016858917,0.006211180124223602,0.007985803016858917,0.005323868677905945,0.00709849157054126,0.006654835847382431,0.009760425909494233,0.02085181898846495,0.012866015971606033,0.005767524401064774,0.013753327417923691
0.5565870910698497,0.0035366931918656055,0.002652519893899204,0.3240495137046861,0.010610079575596816,0.008399646330680813,0.00618921308576481,0.008399646330680813,0.004862953138815208,0.006631299734748011,0.00618921308576481,0.009283819628647215,0.020778072502210435,0.01237842617152962,0.005305039787798408,0.014146772767462422
0.55420054200542,0.0040650406504065045,0.0040650406504065045,0.32475158084914185,0.00993676603432701,0.0076784101174345075,0.006323396567299007,0.007226738934056007,0.004968383017163505,0.006323396567299007,0.005871725383920506,0.009033423667570008,0.023938572719060525,0.012195121951219513,0.004968383017163505,0.014453477868112014
0.5543087971274686,0.004039497307001795,0.004039497307001795,0.3249551166965889,0.009874326750448833,0.008976660682226212,0.005385996409335727,0.00807899461400359,0.0058348294434470375,0.0062836624775583485,0.0062836624775583485,0.008976660682226212,0.02244165170556553,0.011669658886894075,0.004488330341113106,0.01436265709156194
0.5504220346512662,0.003998223011994669,0.003998223011994669,0.33007552199022655,0.008440693025322079,0.009773434029320302,0.004886717014660151,0.006663705019991115,0.006219458018658374,0.006663705019991115,0.004886717014660151,0.007996446023989337,0.023545091070635273,0.014215904042647711,0.00444247001332741,0.013771657041314972
0.5566414926699245,0.004886717014660151,0.003998223011994669,0.31896934695690804,0.008440693025322079,0.008440693025322079,0.00444247001332741,0.007107952021323856,0.005775211017325633,0.006219458018658374,0.0053309640159928924,0.008440693025322079,0.024433585073300755,0.01776988005330964,0.00444247001332741,0.014660151043980453
0.5546067415730337,0.005393258426966292,0.0035955056179775282,0.31910112359550563,0.00853932584269663,0.008988764044943821,0.005393258426966292,0.007640449438202248,0.006292134831460674,0.006292134831460674,0.004943820224719101,0.00853932584269663,0.024719101123595506,0.016179775280898877,0.004943820224719101,0.014831460674157304
0.5555555555555556,0.00449842555105713,0.003598740440845704,0.31713900134952766,0.007647323436797121,0.008547008547008548,0.005847953216374269,0.007197480881691408,0.006747638326585695,0.007197480881691408,0.004948268106162843,0.008547008547008548,0.024291497975708502,0.016644174538911382,0.005847953216374269,0.015744489428699954
0.560251798561151,0.0035971223021582736,0.0040467625899280575,0.31789568345323743,0.006744604316546762,0.007194244604316547,0.00539568345323741,0.007643884892086331,0.006744604316546762,0.008093525179856115,0.0040467625899280575,0.0085431654676259,0.022931654676258992,0.01393884892086331,0.005845323741007194,0.0170863309352518
0.5561545372866128,0.004941599281221923,0.004043126684636119,0.3194070080862534,0.0071877807726864335,0.008086253369272238,0.004043126684636119,0.0071877807726864335,0.0071877807726864335,0.0071877807726864335,0.004492362982929021,0.008535489667565139,0.02425876010781671,0.014375561545372867,0.005840071877807727,0.017070979335130278
0.5510295434198746,0.004923903312444047,0.0040286481647269475,0.3213965980304387,0.007609668755595345,0.008504923903312443,0.004476275738585497,0.008057296329453895,0.006714413607878245,0.007609668755595345,0.0040286481647269475,0.008057296329453895,0.025067144136078783,0.01521933751119069,0.005819158460161146,0.017457475380483437
0.557238307349666,0.004454342984409799,0.004008908685968819,0.3158129175946548,0.0075723830734966595,0.0075723830734966595,0.005345211581291759,0.0071269487750556795,0.005345211581291759,0.0075723830734966595,0.004008908685968819,0.008017817371937639,0.025835189309576838,0.016926503340757237,0.0062360801781737195,0.016926503340757237
0.5607685433422699,0.006255585344057194,0.004021447721179625,0.31322609472743523,0.007596067917783735,0.007596067917783735,0.00580875781948168,0.006702412868632708,0.004468275245755138,0.006255585344057194,0.004468275245755138,0.0071492403932082215,0.027256478999106343,0.01519213583556747,0.00580875781948168,0.01742627345844504
0.5573916927199642,0.007592675301473872,0.0044662795891022775,0.3162125949084413,0.0080393032603841,0.007146047342563644,0.005359535506922733,0.007592675301473872,0.0031263957123715946,0.005806163465832961,0.00401965163019205,0.007146047342563644,0.02813756141134435,0.017418490397498883,0.004912907548012505,0.01563197856185797
0.5505767524401065,0.007985803016858917,0.0048802129547471165,0.3203194321206744,0.00709849157054126,0.006211180124223602,0.005323868677905945,0.008873114463176575,0.0026619343389529724,0.005323868677905945,0.003992901508429458,0.007985803016858917,0.029724933451641525,0.019077196095829637,0.0044365572315882874,0.015527950310559006
0.556390977443609,0.00796107916850951,0.004422821760283061,0.31844316674038037,0.005749668288367979,0.006634232640424591,0.006634232640424591,0.007518796992481203,0.0035382574082264487,0.005749668288367979,0.0035382574082264487,0.006634232640424591,0.029632905793896505,0.01901813356921716,0.004422821760283061,0.013710747456877488
0.5526663728514765,0.007933010136624064,0.005288673424416042,0.31643895989422655,0.005288673424416042,0.00749228735125606,0.00617011899515205,0.00881445570736007,0.005288673424416042,0.007051564565888057,0.003966505068312032,0.007933010136624064,0.027324812692816218,0.018069634200088145,0.00617011899515205,0.014103129131776113
0.5500446827524575,0.006702412868632708,0.005361930294906166,0.31814119749776587,0.005361930294906166,0.00804289544235925,0.006255585344057194,0.0071492403932082215,0.004468275245755138,0.006702412868632708,0.005361930294906166,0.00804289544235925,0.028596961572832886,0.019213583556747096,0.006255585344057194,0.014298480786416443
0.5484875444839857,0.006227758007117438,0.004448398576512456,0.320729537366548,0.004448398576512456,0.007562277580071174,0.005782918149466192,0.0071174377224199285,0.004893238434163701,0.0071174377224199285,0.0035587188612099642,0.0071174377224199285,0.02891459074733096,0.02090747330960854,0.0071174377224199285,0.015569395017793594
0.5533894550287993,0.007089056269384138,0.003544528134692069,0.31501993797075767,0.006202924235711121,0.007089056269384138,0.005316792202038104,0.007975188303057155,0.003987594151528578,0.007532122286220647,0.003987594151528578,0.007975188303057155,0.027913159060700046,0.01949490474080638,0.007089056269384138,0.01639344262295082
0.5479513732552904,0.005402971634398919,0.0027014858171994596,0.3214768122467357,0.00585321927059883,0.007203962179198559,0.005402971634398919,0.007203962179198559,0.004502476361999099,0.007203962179198559,0.004502476361999099,0.007203962179198559,0.028365601080594327,0.01936064835659613,0.008554705087798289,0.017109410175596577
0.5439461883408072,0.004932735426008968,0.0026905829596412557,0.32286995515695066,0.006278026905829596,0.006726457399103139,0.005829596412556054,0.007174887892376682,0.004484304932735426,0.008071748878923767,0.004484304932735426,0.006726457399103139,0.029596412556053813,0.020179372197309416,0.008520179372197309,0.01748878923766816
0.5411140583554377,0.004862953138815208,0.003094606542882405,0.3218390804597701,0.005747126436781609,0.007073386383731211,0.007515473032714412,0.007073386383731211,0.005305039787798408,0.005747126436781609,0.005747126436781609,0.006631299734748011,0.029177718832891247,0.021662245800176835,0.009725906277630416,0.01768346595932803
0.5424865831842576,0.005366726296958855,0.0035778175313059034,0.31976744186046513,0.005366726296958855,0.008050089445438283,0.007155635062611807,0.006708407871198569,0.005813953488372093,0.005366726296958855,0.005813953488372093,0.007155635062611807,0.02996422182468694,0.02101967799642218,0.009391771019677997,0.01699463327370304
0.5427937915742794,0.005321507760532151,0.003547671840354767,0.3210643015521064,0.005321507760532151,0.00753880266075388,0.00753880266075388,0.006208425720620843,0.006208425720620843,0.003991130820399113,0.004878048780487805,0.008425720620842573,0.03015521064301552,0.020842572062084258,0.009312638580931265,0.016851441241685146
0.5349044019564251,0.00755891507336594,0.0022232103156958646,0.32281013783903956,0.005780346820809248,0.005335704757670075,0.007114273010226767,0.00755891507336594,0.00755891507336594,0.004446420631391729,0.005335704757670075,0.009782125389061804,0.032458870609159626,0.0213428190306803,0.009337483325922631,0.0164517563361494
0.5424403183023873,0.007073386383731211,0.0022104332449160036,0.3103448275862069,0.005747126436781609,0.005305039787798408,0.007073386383731211,0.008399646330680813,0.007515473032714412,0.007073386383731211,0.004862953138815208,0.009283819628647215,0.032714412024756855,0.023430592396109638,0.009283819628647215,0.017241379310344827
0.5439681838267786,0.0057445868316394165,0.0026513477684489617,0.30534688466637205,0.0057445868316394165,0.005302695536897923,0.007512152010605391,0.008837825894829872,0.008395934600088379,0.007512152010605391,0.005302695536897923,0.010163499779054353,0.034025629695095004,0.024745912505523642,0.007954043305346884,0.016791869200176758
0.5388046387154326,0.005798394290811775,0.0022301516503122213,0.30820695807314896,0.006244424620874219,0.0053523639607493305,0.006244424620874219,0.010258697591436218,0.00847457627118644,0.009812667261373774,0.0044603033006244425,0.01159678858162355,0.03389830508474576,0.024531668153434435,0.008028545941123996,0.016057091882247992
0.5309576837416481,0.005345211581291759,0.0022271714922048997,0.3149220489977728,0.0062360801781737195,0.004454342984409799,0.0066815144766146995,0.010244988864142539,0.009354120267260579,0.009799554565701559,0.004899777282850779,0.013808463251670379,0.03429844097995546,0.025835189309576838,0.0066815144766146995,0.014253897550111359
0.5413533834586466,0.004422821760283061,0.0026536930561698365,0.30959752321981426,0.005749668288367979,0.004422821760283061,0.006634232640424591,0.009287925696594427,0.009730207872622734,0.009730207872622734,0.004422821760283061,0.0145953118089341,0.0362671384343211,0.021671826625386997,0.005749668288367979,0.013710747456877488
0.53739982190561,0.004452359750667854,0.0026714158504007124,0.3067675868210151,0.006233303650934996,0.005342831700801425,0.007569011576135352,0.009795191451469279,0.010240427426536063,0.009795191451469279,0.004007123775601068,0.015138023152270703,0.03829029385574354,0.02226179875333927,0.005342831700801425,0.014692787177203919
0.5392506690454951,0.005798394290811775,0.0026761819803746653,0.30419268510258696,0.006244424620874219,0.006244424620874219,0.007582515611061552,0.00936663693131133,0.009812667261373774,0.008920606601248885,0.004906333630686887,0.013826940231935772,0.03969669937555754,0.02230151650312221,0.004906333630686887,0.014272970561998216
0.5382892969099866,0.005373936408419167,0.0035826242722794446,0.30273175100761307,0.005821764442454098,0.006717420510523959,0.007165248544558889,0.011195700850873265,0.008956560680698611,0.00806090461262875,0.0049261083743842365,0.012987012987012988,0.04478280340349306,0.020600089565606806,0.0049261083743842365,0.013882669055082848
0.5316399286987522,0.005793226381461676,0.004456327985739751,0.2999108734402852,0.0071301247771836,0.008467023172905526,0.0071301247771836,0.013368983957219251,0.008021390374331552,0.009358288770053475,0.004010695187165776,0.011586452762923352,0.05080213903743316,0.020053475935828877,0.0035650623885918,0.014705882352941176
0.5306213679034422,0.00581135449262405,0.0049172999552972736,0.30308448815377736,0.005364327223960662,0.008046490835940992,0.008493518104604381,0.014751899865891819,0.007599463567277604,0.008940545373267769,0.003576218149307108,0.0116227089852481,0.05006705409029951,0.019669199821189094,0.0031291908806437194,0.014304872597228431
0.5399290150842946,0.0048802129547471165,0.00354924578527063,0.29946761313220943,0.0048802129547471165,0.0075421472937000885,0.009316770186335404,0.014640638864241348,0.00709849157054126,0.009760425909494233,0.003105590062111801,0.011091393078970719,0.048802129547471165,0.019964507542147295,0.0026619343389529724,0.013309671694764862
0.5410497981157469,0.00493494840735756,0.0031404217137729925,0.2934051144010767,0.004486316733961417,0.008524001794526694,0.008524001794526694,0.01525347689546882,0.00762673844773441,0.008972633467922835,0.0031404217137729925,0.01256168685509197,0.05204127411395244,0.019291161956034097,0.003589053387169134,0.013458950201884253
0.5447227191413238,0.004919499105545617,0.0035778175313059034,0.29159212880143115,0.0035778175313059034,0.009391771019677997,0.008050089445438283,0.016100178890876567,0.008050089445438283,0.008050089445438283,0.0031305903398926656,0.012522361359570662,0.0518783542039356,0.01967799642218247,0.0031305903398926656,0.011627906976744186
0.5424107142857143,0.004910714285714286,0.0035714285714285713,0.29375,0.003125,0.009821428571428571,0.008482142857142856,0.013839285714285714,0.008928571428571428,0.008482142857142856,0.003125,0.013392857142857142,0.05089285714285714,0.020535714285714286,0.0026785714285714286,0.012053571428571429
0.5361419068736142,0.004434589800443459,0.003547671840354767,0.2869179600886918,0.003547671840354767,0.00975609756097561,0.00975609756097561,0.015964523281596452,0.00975609756097561,0.00975609756097561,0.004434589800443459,0.01507760532150776,0.056762749445676275,0.01862527716186253,0.0022172949002217295,0.013303769401330377
0.533303730017762,0.004884547069271759,0.003552397868561279,0.28818827708703376,0.004440497335701598,0.011101243339253997,0.009325044404973356,0.015097690941385435,0.011545293072824156,0.010657193605683837,0.003996447602131439,0.015541740674955595,0.0586145648312611,0.017317939609236235,0.0017761989342806395,0.010657193605683837
0.5302893309222423,0.0045207956600361665,0.00406871609403255,0.2879746835443038,0.004972875226039783,0.009945750452079566,0.0108499095840868,0.01763110307414105,0.009945750452079566,0.010397830018083183,0.003616636528028933,0.015822784810126583,0.060126582278481014,0.015822784810126583,0.0022603978300180833,0.011754068716094032
0.5264797507788161,0.004005340453938585,0.004450378282153983,0.2932799287939475,0.004895416110369382,0.010235870048954161,0.010680907877169559,0.018691588785046728,0.009790832220738763,0.011125945705384957,0.0035603026257231864,0.014241210502892745,0.05785491766800178,0.016466399643969738,0.0022251891410769915,0.012016021361815754
0.5265743635551585,0.005359535506922733,0.0044662795891022775,0.2912014292094685,0.005806163465832961,0.011165698972755694,0.01027244305493524,0.02009825815096025,0.008932559178204555,0.010719071013845467,0.003573023671281822,0.014292094685127288,0.058061634658329614,0.015185350602947744,0.003573023671281822,0.010719071013845467
0.5299600532623169,0.005770084332001775,0.005326231691078562,0.28450954283177987,0.005770084332001775,0.01154016866400355,0.010652463382157125,0.020417221482467822,0.007545494895694629,0.010208610741233911,0.003550821127385708,0.014647137150466045,0.05770084332001776,0.017310252996005325,0.002663115845539281,0.012427873945849977
0.5212337952615109,0.0049172999552972736,0.006258381761287439,0.29235583370585605,0.005364327223960662,0.011175681716584712,0.009834599910594547,0.02011622708985248,0.007152436298614216,0.010728654447921324,0.004023245417970496,0.015198927134555208,0.059901654000894054,0.01743406347787215,0.002682163611980331,0.0116227089852481
0.5213143872113677,0.005772646536412078,0.0066607460035523975,0.28996447602131437,0.005772646536412078,0.011545293072824156,0.008880994671403197,0.018650088809946713,0.007992895204262877,0.010657193605683837,0.003996447602131439,0.016429840142095916,0.06172291296625222,0.017761989342806393,0.003552397868561279,0.009325044404973356
0.5183199285075961,0.006255585344057194,0.007596067917783735,0.2931188561215371,0.006702412868632708,0.012064343163538873,0.00804289544235925,0.016979445933869526,0.0071492403932082215,0.011170688114387846,0.004468275245755138,0.01742627345844504,0.0612153708668454,0.016979445933869526,0.003127792672028597,0.00938337801608579
0.5168141592920354,0.0048672566371681415,0.00752212389380531,0.29557522123893804,0.00752212389380531,0.011946902654867256,0.007964601769911504,0.017256637168141593,0.006194690265486726,0.011946902654867256,0.0048672566371681415,0.016371681415929203,0.06504424778761062,0.014601769911504425,0.0022123893805309734,0.009292035398230088
0.5128888888888888,0.004,0.007555555555555556,0.29733333333333334,0.007555555555555556,0.010222222222222223,0.007555555555555556,0.016888888888888887,0.007555555555555556,0.009333333333333334,0.0057777777777777775,0.016,0.068,0.015555555555555555,0.0026666666666666666,0.011111111111111112
0.5135495335406486,0.00444247001332741,0.007552199022656597,0.2918702798756108,0.008440693025322079,0.01288316303864949,0.007107952021323856,0.015992892047978675,0.004886717014660151,0.009773434029320302,0.005775211017325633,0.01776988005330964,0.07152376721457131,0.013771657041314972,0.003998223011994669,0.010661928031985785
0.517641804376954,0.004912907548012505,0.006699419383653417,0.2827154979901742,0.007592675301473872,0.012505582849486378,0.006252791424743189,0.015185350602947744,0.004912907548012505,0.010719071013845467,0.005806163465832961,0.01786511835640911,0.07548012505582849,0.015185350602947744,0.0044662795891022775,0.01205895489057615
0.5129003558718861,0.004893238434163701,0.006227758007117438,0.29048042704626337,0.00800711743772242,0.013345195729537367,0.005338078291814947,0.01601423487544484,0.005338078291814947,0.009786476868327402,0.005338078291814947,0.017793594306049824,0.07562277580071175,0.014679715302491103,0.0035587188612099642,0.010676156583629894
0.513262599469496,0.003978779840848806,0.006631299734748011,0.2891246684350133,0.005747126436781609,0.011494252873563218,0.004862953138815208,0.01768346595932803,0.005747126436781609,0.008841732979664015,0.004862953138815208,0.01768346595932803,0.08355437665782493,0.013704686118479222,0.002652519893899204,0.010167992926613616
0.5134770889487871,0.005390835579514825,0.006289308176100629,0.2884097035040431,0.005840071877807727,0.009883198562443846,0.005390835579514825,0.017070979335130278,0.006289308176100629,0.008984725965858042,0.004941599281221923,0.017969451931716084,0.08355795148247978,0.012578616352201259,0.0017969451931716084,0.012129380053908356
0.5118145341061079,0.005349977708426215,0.007579135086937138,0.29023629068212214,0.0057958091841284,0.010254123941150245,0.005349977708426215,0.018279090503789567,0.00490414623272403,0.009362460989745877,0.00490414623272403,0.01560410164957646,0.08203299152920196,0.014266607222469906,0.0017833259028087382,0.012483281319661168
0.5094086021505376,0.005376344086021506,0.0076164874551971325,0.289426523297491,0.0062724014336917565,0.010304659498207885,0.005376344086021506,0.017921146953405017,0.004480286738351254,0.00985663082437276,0.00492831541218638,0.01478494623655914,0.08557347670250896,0.013888888888888888,0.002240143369175627,0.012544802867383513
0.5086016762240847,0.005734450816056462,0.007940008822232024,0.2853992059991178,0.0070577856197618,0.010145566828407587,0.004852227613586237,0.0176444640494045,0.00529333921482135,0.010145566828407587,0.004411116012351125,0.014997794441993825,0.08954565505072784,0.011027790030877812,0.0030877812086457872,0.0141155712395236
0.5055530875166593,0.0053309640159928924,0.006663705019991115,0.28431808085295424,0.006663705019991115,0.009773434029320302,0.0053309640159928924,0.016881386050644157,0.006219458018658374,0.010217681030653044,0.00444247001332741,0.014660151043980453,0.09462461128387384,0.011994669035984007,0.003553976010661928,0.013771657041314972
0.5100044464206314,0.004001778568252557,0.006669630947087594,0.2832369942196532,0.006669630947087594,0.008892841262783458,0.004891062694530902,0.01600711427301023,0.006224988883948421,0.01067140951534015,0.004446420631391729,0.014673188083592708,0.09470875944864385,0.011116051578479324,0.004001778568252557,0.013783903957314362
0.5121293800539084,0.004043126684636119,0.006289308176100629,0.279874213836478,0.005390835579514825,0.008535489667565139,0.004941599281221923,0.017070979335130278,0.006738544474393531,0.010332434860736747,0.004043126684636119,0.014375561545372867,0.09793351302785265,0.011230907457322551,0.004941599281221923,0.012129380053908356
0.5060187249219795,0.004458314757021846,0.006687472135532769,0.2804279982166741,0.006241640659830584,0.008024966562639322,0.004458314757021846,0.017387427552385197,0.006687472135532769,0.0115916183682568,0.004458314757021846,0.015158270173874276,0.09808292465448061,0.012483281319661168,0.005349977708426215,0.012483281319661168
0.5006651884700665,0.004878048780487805,0.007982261640798226,0.27849223946784923,0.005764966740576497,0.008425720620842573,0.003991130820399113,0.01729490022172949,0.00753880266075388,0.011086474501108648,0.004878048780487805,0.015964523281596452,0.10199556541019955,0.012860310421286032,0.005764966740576497,0.012416851441241685
0.4986559139784946,0.005376344086021506,0.008512544802867384,0.2746415770609319,0.0076164874551971325,0.0076164874551971325,0.005376344086021506,0.01747311827956989,0.0062724014336917565,0.010752688172043012,0.00492831541218638,0.016129032258064516,0.10618279569892473,0.012096774193548387,0.005824372759856631,0.012544802867383513
