C_R,C_A,C_S,C_N,D_R,D_A,D_S,D_N,Oc_R,Oc_A,Oc_S,Oc_N,Od_R,Od_A,Od_S,Od_N
1.0,0.0,0.0,0.0,0.0,0.0,0.0,0.0,0.0,0.0,0.0,0.0,0.0,0.0,0.0,0.0
0.3333333333333333,0.0,0.0,0.0,0.0,0.0,0.0,0.0,0.0,0.0,0.0,0.6666666666666666,0.0,0.0,0.0,0.0
0.16666666666666666,0.0,0.0,0.0,0.0,0.0,0.0,0.0,0.0,0.0,0.0,0.5,0.0,0.0,0.3333333333333333,0.0
0.2222222222222222,0.0,0.0,0.1111111111111111,0.0,0.0,0.0,0.0,0.0,0.0,0.0,0.4444444444444444,0.0,0.0,0.2222222222222222,0.0
0.2,0.0,0.06666666666666667,0.13333333333333333,0.0,0.0,0.0,0.0,0.0,0.0,0.0,0.4,0.0,0.0,0.2,0.0
0.19047619047619047,0.0,0.047619047619047616,0.09523809523809523,0.0,0.0,0.047619047619047616,0.0,0.0,0.0,0.0,0.42857142857142855,0.0,0.047619047619047616,0.14285714285714285,0.0
0.14814814814814814,0.0,0.07407407407407407,0.1111111111111111,0.0,0.0,0.037037037037037035,0.0,0.0,0.0,0.0,0.48148148148148145,0.0,0.037037037037037035,0.1111111111111111,0.0
0.16129032258064516,0.0,0.03225806451612903,0.0967741935483871,0.0,0.0,0.03225806451612903,0.0,0.0,0.03225806451612903,0.0,0.5483870967741935,0.0,0.03225806451612903,0.06451612903225806,0.0
0.1956521739130435,0.0,0.021739130434782608,0.13043478260869565,0.0,0.0,0.043478260869565216,0.0,0.0,0.021739130434782608,0.0,0.4782608695652174,0.0,0.021739130434782608,0.08695652173913043,0.0
0.2028985507246377,0.0,0.014492753623188406,0.15942028985507245,0.0,0.0,0.028985507246376812,0.0,0.0,0.028985507246376812,0.0,0.4492753623188406,0.0,0.028985507246376812,0.08695652173913043,0.0
0.2,0.0,0.010526315789473684,0.17894736842105263,0.0,0.0,0.031578947368421054,0.0,0.0,0.031578947368421054,0.010526315789473684,0.3894736842105263,0.0,0.031578947368421054,0.10526315789473684,0.010526315789473684
0.19117647058823528,0.0,0.007352941176470588,0.20588235294117646,0.0,0.0,0.022058823529411766,0.0,0.0,0.03676470588235294,0.022058823529411766,0.3897058823529412,0.0,0.022058823529411766,0.09558823529411764,0.007352941176470588
0.1797752808988764,0.0,0.0056179775280898875,0.2303370786516854,0.0,0.0,0.033707865168539325,0.0,0.0,0.0449438202247191,0.02247191011235955,0.33146067415730335,0.011235955056179775,0.02247191011235955,0.10112359550561797,0.016853932584269662
0.16203703703703703,0.009259259259259259,0.004629629629629629,0.2222222222222222,0.0,0.0,0.027777777777777776,0.0,0.0,0.05092592592592592,0.023148148148148147,0.32407407407407407,0.018518518518518517,0.027777777777777776,0.1111111111111111,0.018518518518518517
0.1717557251908397,0.007633587786259542,0.003816793893129771,0.22137404580152673,0.0,0.0,0.022900763358778626,0.0,0.0,0.05343511450381679,0.026717557251908396,0.3282442748091603,0.015267175572519083,0.030534351145038167,0.09923664122137404,0.019083969465648856
0.15359477124183007,0.00980392156862745,0.006535947712418301,0.24183006535947713,0.0,0.0,0.016339869281045753,0.0032679738562091504,0.0,0.06535947712418301,0.029411764705882353,0.3104575163398693,0.0196078431372549,0.032679738562091505,0.09477124183006536,0.016339869281045753
0.16020671834625322,0.00516795865633075,0.0103359173126615,0.24806201550387597,0.0,0.00516795865633075,0.015503875968992248,0.007751937984496124,0.0,0.06459948320413436,0.03617571059431524,0.26098191214470284,0.028423772609819122,0.03617571059431524,0.10594315245478036,0.015503875968992248
0.160676532769556,0.004228329809725159,0.012684989429175475,0.27061310782241016,0.0,0.0021141649048625794,0.012684989429175475,0.006342494714587738,0.0,0.0507399577167019,0.040169133192389,0.23890063424947147,0.040169133192389,0.04439746300211417,0.10570824524312897,0.010570824524312896
0.1586452762923351,0.0071301247771836,0.016042780748663103,0.2709447415329768,0.0017825311942959,0.0053475935828877,0.008912655971479501,0.0053475935828877,0.0035650623885918,0.053475935828877004,0.0427807486631016,0.23707664884135474,0.040998217468805706,0.040998217468805706,0.0962566844919786,0.0106951871657754
0.15241057542768274,0.01088646967340591,0.01866251944012442,0.26594090202177295,0.003110419906687403,0.007776049766718507,0.006220839813374806,0.006220839813374806,0.003110419906687403,0.05754276827371695,0.04510108864696734,0.2317262830482115,0.03732503888024884,0.04665629860031104,0.09642301710730948,0.01088646967340591
0.1546811397557666,0.010854816824966078,0.018995929443690638,0.26865671641791045,0.0027137042062415195,0.010854816824966078,0.009497964721845319,0.0067842605156037995,0.004070556309362279,0.054274084124830396,0.04477611940298507,0.21709633649932158,0.03934871099050204,0.048846675712347354,0.09633649932157395,0.012211668928086838
0.15776986951364175,0.010676156583629894,0.018979833926453145,0.2538552787663108,0.002372479240806643,0.013048635824436536,0.011862396204033215,0.009489916963226572,0.005931198102016607,0.05812574139976275,0.04863582443653618,0.20759193357058126,0.04151838671411625,0.042704626334519574,0.1055753262158956,0.011862396204033215
0.15970772442588727,0.011482254697286013,0.020876826722338204,0.25260960334029225,0.0020876826722338203,0.012526096033402923,0.010438413361169102,0.012526096033402923,0.007306889352818371,0.06263048016701461,0.05323590814196242,0.20146137787056367,0.04279749478079332,0.03966597077244259,0.09707724425887265,0.013569937369519834
0.15311909262759923,0.012287334593572778,0.021739130434782608,0.2448015122873346,0.003780718336483932,0.014177693761814745,0.008506616257088847,0.015122873345935728,0.007561436672967864,0.0671077504725898,0.052930056710775046,0.19659735349716445,0.045368620037807186,0.043478260869565216,0.09924385633270322,0.014177693761814745
0.15306980656013458,0.01345668629100084,0.022708158116063918,0.2413793103448276,0.002523128679562658,0.017661900756938603,0.007569386038687973,0.012615643397813289,0.010933557611438183,0.06896551724137931,0.05382674516400336,0.1791421362489487,0.04709840201850295,0.045416316232127836,0.10933557611438183,0.014297729184188394
0.16552771450265755,0.017463933181473046,0.02201974183750949,0.22247532270311313,0.002277904328018223,0.019741837509491267,0.00683371298405467,0.012908124525436599,0.012148823082763858,0.06985573272589218,0.05011389521640091,0.16780561883067577,0.053910402429764616,0.04783599088838269,0.11465451784358391,0.01442672741078208
0.16830294530154277,0.019635343618513323,0.023842917251051893,0.21598877980364656,0.0021037868162692847,0.020336605890603085,0.007713884992987377,0.014726507713884993,0.011921458625525946,0.07012622720897616,0.051893408134642355,0.16690042075736325,0.056802244039270686,0.046984572230014024,0.10799438990182328,0.014726507713884993
0.1791907514450867,0.016698779704560053,0.024405908798972382,0.2113037893384714,0.002569043031470777,0.020552344251766216,0.007707129094412331,0.016698779704560053,0.010918432883750802,0.07193320488118175,0.047527296082209375,0.16184971098265896,0.05908798972382787,0.048811817597944764,0.10468850353243417,0.01605651894669236
0.18313253012048192,0.01746987951807229,0.028313253012048192,0.20240963855421687,0.0036144578313253013,0.02108433734939759,0.007228915662650603,0.015060240963855422,0.014457831325301205,0.07108433734939759,0.04759036144578313,0.1608433734939759,0.058433734939759036,0.04819277108433735,0.10662650602409639,0.014457831325301205
0.18304323413812465,0.016844469399213923,0.030881527231892195,0.19988770353733856,0.003368893879842785,0.022459292532285232,0.007860752386299831,0.015160022459292532,0.015721504772599662,0.072992700729927,0.04435710275126333,0.154407636159461,0.05614823133071308,0.05165637282425604,0.11005053340819765,0.015160022459292532
0.184,0.017066666666666667,0.034666666666666665,0.1984,0.0032,0.024533333333333334,0.008,0.011733333333333333,0.0176,0.07146666666666666,0.0448,0.15573333333333333,0.056,0.047466666666666664,0.112,0.013333333333333334
0.17707267144319344,0.01586489252814739,0.035312180143295804,0.20368474923234392,0.004605936540429887,0.022517911975435005,0.007676560900716479,0.0127942681678608,0.01791197543500512,0.07625383828045036,0.04247697031729785,0.15148413510747186,0.057318321392016376,0.052200614124872056,0.10951893551688843,0.01330603889457523
0.18199900546991546,0.016907011437095974,0.034808552958727,0.20387866732968674,0.004972650422675286,0.023371456986573842,0.007956240676280457,0.012928891098955743,0.0174042764793635,0.07260069617105917,0.04226752859273993,0.14669318746892093,0.05718547986076579,0.051218299353555444,0.1113873694679264,0.014420686225758329
0.177063339731286,0.015355086372360844,0.0345489443378119,0.20201535508637236,0.006238003838771593,0.022552783109404992,0.008157389635316698,0.011516314779270634,0.01871401151631478,0.07389635316698656,0.04126679462571977,0.14059500959692897,0.059021113243762,0.053742802303262956,0.1199616122840691,0.015355086372360844
0.18729255571360834,0.015173067804646752,0.03508771929824561,0.19867235656709342,0.006638217164532954,0.02275960170697013,0.00948316737790422,0.012328117591275486,0.01944049312470365,0.07444286391654813,0.036510194404931244,0.14035087719298245,0.05737316263632053,0.05310573731626363,0.1161688003793267,0.015173067804646752
0.1810912511759172,0.017403574788334902,0.03527751646284102,0.20178739416745062,0.0070555032925682035,0.02492944496707432,0.011288805268109126,0.01317027281279398,0.020696142991533398,0.07102539981185324,0.03527751646284102,0.13781749764816556,0.05409219190968956,0.053621825023518345,0.11947318908748825,0.01599247412982126
0.1812730627306273,0.018911439114391145,0.03643911439114391,0.2011070110701107,0.006918819188191882,0.024446494464944648,0.01107011070110701,0.010608856088560886,0.018911439114391145,0.0724169741697417,0.03459409594095941,0.13238007380073802,0.06273062730627306,0.05488929889298893,0.11854243542435425,0.014760147601476014
0.1811958010041077,0.016887266088544045,0.035600182565038795,0.2053856686444546,0.00730260155180283,0.02510269283432223,0.010953902327704245,0.011410314924691922,0.018712916476494753,0.0689183021451392,0.03423094477407576,0.13509812870835236,0.0629849383842994,0.054313099041533544,0.11684162482884528,0.015061615700593337
0.18491921005385997,0.017953321364452424,0.035457809694793535,0.20960502692998204,0.009425493716337522,0.02333931777378815,0.011220825852782765,0.009874326750448833,0.017953321364452424,0.06463195691202872,0.03321364452423698,0.12836624775583483,0.06418312387791741,0.05385996409335727,0.1189407540394973,0.017055655296229804
0.18319253001333927,0.019119608714984436,0.03379279679857715,0.20764784348599377,0.010226767452200978,0.02401067140951534,0.011560693641618497,0.011560693641618497,0.020898176967541128,0.06402845709204091,0.03201422854602046,0.12716763005780346,0.06803023566029347,0.053357047576700754,0.11560693641618497,0.017785682525566917
0.1775410563692854,0.019529516200621395,0.036395916555703504,0.20816688859298713,0.01154016866400355,0.024411895250776743,0.01287172658677319,0.011984021304926764,0.020417221482467822,0.06480248557478917,0.032401242787394584,0.1287172658677319,0.06569019085663559,0.052374611628939194,0.11451398135818908,0.018641810918774968
0.18258551754775657,0.019546868058640605,0.03642825410928476,0.20968458462905376,0.011106175033318524,0.023989338071968014,0.01332741003998223,0.012438916037316748,0.02087960906263883,0.06130608618391826,0.029764549089293647,0.1288316303864949,0.06530430919591293,0.050199911150599734,0.11639271434917814,0.01821412705464238
0.18755555555555556,0.019555555555555555,0.036444444444444446,0.20533333333333334,0.011555555555555555,0.024,0.015111111111111112,0.010666666666666666,0.020888888888888887,0.059555555555555556,0.03288888888888889,0.12577777777777777,0.06666666666666667,0.052444444444444446,0.11333333333333333,0.018222222222222223
0.18395390070921985,0.019060283687943262,0.03324468085106383,0.2078900709219858,0.011081560283687944,0.026152482269503546,0.013297872340425532,0.011968085106382979,0.020833333333333332,0.05806737588652482,0.031914893617021274,0.12721631205673758,0.06959219858156028,0.05319148936170213,0.11303191489361702,0.01950354609929078
0.18389793224813022,0.01935767707875055,0.032996040475142985,0.20985481742190937,0.011878574571051475,0.027716673999120107,0.015398152221733392,0.011878574571051475,0.019797624285085788,0.05983282006159261,0.032116146062472505,0.1205455345358557,0.06995160580730313,0.05367355917289925,0.11262648482182139,0.01847778266608007
0.18418727915194347,0.019434628975265017,0.03180212014134275,0.2124558303886926,0.01060070671378092,0.026943462897526502,0.017226148409893994,0.012809187279151944,0.018992932862190812,0.06139575971731449,0.030918727915194347,0.12234982332155477,0.07022968197879859,0.052120141342756186,0.10954063604240283,0.018992932862190812
0.18575851393188855,0.019460415745245468,0.03361344537815126,0.20654577620521894,0.010614772224679346,0.02830605926581159,0.018575851393188854,0.013268465280849183,0.019902697921273773,0.05749668288367979,0.033171163202122954,0.11941618752764263,0.07164971251658558,0.0513047324192835,0.11057054400707651,0.020344980097302078
0.18760907504363003,0.01963350785340314,0.034904013961605584,0.2054973821989529,0.010907504363001745,0.029232111692844676,0.017452006980802792,0.013525305410122163,0.02050610820244328,0.055846422338568937,0.03228621291448516,0.11780104712041885,0.06980802792321117,0.05279232111692845,0.11169284467713787,0.02050610820244328
0.1823425022182786,0.02085181898846495,0.03593611357586513,0.20718722271517304,0.01020408163265306,0.029281277728482696,0.01730257320319432,0.012422360248447204,0.018633540372670808,0.05545696539485359,0.03460514640638864,0.11712511091393078,0.07275953859804792,0.05634427684117125,0.10869565217391304,0.02085181898846495
0.18738977072310406,0.018518518518518517,0.03659611992945326,0.20855379188712522,0.010582010582010581,0.029541446208112873,0.016313932980599646,0.015432098765432098,0.01984126984126984,0.05335097001763668,0.03659611992945326,0.11375661375661375,0.06878306878306878,0.05555555555555555,0.10758377425044091,0.021604938271604937
0.18189884649511978,0.01818988464951198,0.0354924578527063,0.2085181898846495,0.009760425909494233,0.031055900621118012,0.015971606033717833,0.01774622892635315,0.019964507542147295,0.05235137533274179,0.037267080745341616,0.1095829636202307,0.07497781721384206,0.05456965394853593,0.10780834072759539,0.024844720496894408
0.18923687692986327,0.016762240846934274,0.03617115130127922,0.2051168945743273,0.009263343625937363,0.030877812086457873,0.016321129245699163,0.016321129245699163,0.020291133656815175,0.056021173356859286,0.03705337450374945,0.10630789589766211,0.07895897662108513,0.050727834142037936,0.105866784296427,0.024702249669166298
0.19254658385093168,0.019520851818988466,0.03637976929902396,0.20275066548358472,0.009760425909494233,0.032830523513753325,0.01685891748003549,0.01730257320319432,0.018633540372670808,0.055013309671694766,0.03460514640638864,0.1064773735581189,0.0771960958296362,0.05013309671694765,0.10559006211180125,0.024401064773735583
0.19134701159678857,0.01873327386262266,0.03791257805530776,0.2016057091882248,0.010258697591436218,0.03300624442462088,0.01650312221231044,0.01650312221231044,0.015611061552185548,0.056199821587867974,0.03479036574487065,0.1079393398751115,0.08073148974130241,0.04906333630686887,0.1048171275646744,0.024977698483496878
0.2016092981671882,0.01743406347787215,0.03933839964237819,0.19445686186857397,0.009387572641931158,0.03173893607510058,0.018328118015198926,0.014751899865891819,0.018775145283862316,0.05632543585158695,0.0348681269557443,0.10639248994188645,0.08314707197139025,0.045596781403665625,0.10326329906124274,0.024586499776486366
0.19697643397065362,0.017785682525566917,0.03868385949310805,0.19475322365495776,0.011116051578479324,0.03379279679857715,0.01823032458870609,0.01600711427301023,0.017785682525566917,0.052912405513561585,0.03379279679857715,0.10582481102712317,0.08448199199644287,0.04757670075589151,0.10760337927967986,0.02267674522009782
0.20239149689991143,0.01771479185119575,0.04030115146147033,0.19441984056687334,0.010628875110717449,0.034986713906111605,0.015943312666076175,0.01550044286979628,0.01771479185119575,0.053144375553587246,0.03454384410983171,0.10584588131089459,0.08148804251550044,0.04472984942426927,0.10673162090345438,0.023914968999114262
0.20324134910205868,0.02014892685063513,0.03898379325448971,0.19667104686815592,0.010074463425317565,0.03723171265878231,0.017082785808147174,0.02014892685063513,0.016644765659220323,0.05037231712658782,0.0337275514673675,0.10249671484888305,0.08103372755146737,0.04643013578624617,0.1029347349978099,0.022777047744196234
0.20097173144876326,0.020318021201413426,0.037102473498233215,0.20229681978798586,0.010159010600706713,0.037102473498233215,0.018109540636042403,0.018992932862190812,0.016342756183745585,0.04991166077738516,0.03445229681978799,0.10159010600706714,0.0812720848056537,0.0446113074204947,0.10203180212014135,0.024734982332155476
0.20293072824156305,0.019094138543516874,0.03952042628774423,0.20603907637655416,0.010657193605683837,0.03685612788632327,0.015097690941385435,0.021314387211367674,0.015985790408525755,0.05106571936056838,0.03197158081705151,0.10346358792184725,0.07859680284191829,0.03996447602131439,0.10124333925399645,0.026198934280639432
0.19982316534040673,0.01900972590627763,0.038461538461538464,0.20822281167108753,0.009283819628647215,0.03580901856763926,0.015915119363395226,0.022546419098143235,0.017241379310344827,0.05305039787798409,0.030061892130857647,0.10212201591511937,0.07957559681697612,0.04111405835543767,0.10212201591511937,0.02564102564102564
0.19910913140311803,0.017817371937639197,0.04187082405345212,0.2017817371937639,0.009799554565701559,0.03518930957683741,0.01648106904231626,0.021380846325167038,0.016035634743875277,0.05033407572383074,0.03162583518930958,0.10200445434298441,0.08418708240534521,0.042316258351893093,0.10244988864142539,0.027616926503340758
0.2033898305084746,0.017395182872435324,0.03969669937555754,0.20071364852809992,0.012042818911685994,0.03389830508474576,0.01694915254237288,0.024531668153434435,0.017395182872435324,0.049955396966993755,0.029438001784121322,0.09545049063336307,0.08608385370205174,0.04504906333630687,0.10035682426404996,0.027653880463871544
0.20594762538837105,0.015978695073235686,0.039502885042166,0.20017754105636928,0.013759431868619618,0.032401242787394584,0.014647137150466045,0.023524189968930315,0.01908566355969818,0.04971149578339991,0.03062583222370173,0.09409675987572126,0.08566355969818021,0.045272969374167776,0.1020861074123391,0.027518863737239236
0.203125,0.01607142857142857,0.03794642857142857,0.21160714285714285,0.012946428571428572,0.03169642857142857,0.015625,0.022321428571428572,0.019642857142857142,0.05089285714285714,0.02857142857142857,0.090625,0.08928571428571429,0.044196428571428574,0.09866071428571428,0.026785714285714284
0.2017857142857143,0.01607142857142857,0.038839285714285715,0.20982142857142858,0.012053571428571429,0.033928571428571426,0.015178571428571428,0.024107142857142858,0.019196428571428573,0.05178571428571429,0.030357142857142857,0.09241071428571429,0.0875,0.045535714285714284,0.09508928571428571,0.026339285714285714
0.20308370044052865,0.015418502202643172,0.03656387665198238,0.20704845814977973,0.013215859030837005,0.03259911894273128,0.016740088105726872,0.024669603524229075,0.019383259911894272,0.05110132158590308,0.028193832599118944,0.09515418502202644,0.086784140969163,0.046255506607929514,0.0986784140969163,0.025110132158590308
0.20835184362505554,0.016437139049311416,0.03553976010661928,0.20213238560639715,0.014215904042647711,0.03287427809862283,0.016881386050644157,0.025322079075966238,0.019102621057307864,0.05153265215459796,0.029764549089293647,0.09373611728120836,0.0888494002665482,0.0444247001332741,0.09551310528653932,0.025322079075966238
0.21034025629695094,0.01723376049491825,0.03800265134776845,0.2072470172337605,0.016791869200176758,0.033583738400353516,0.017675651789659744,0.025187803800265134,0.018117543084401236,0.05081749889527176,0.027839151568714096,0.08837825894829872,0.08705258506407423,0.044631020768890854,0.09235528060097216,0.024745912505523642
0.21352785145888595,0.01768346595932803,0.040229885057471264,0.20247568523430592,0.017241379310344827,0.03227232537577365,0.015030946065428824,0.027409372236958444,0.01856763925729443,0.04862953138815208,0.028735632183908046,0.08753315649867374,0.09106984969053934,0.04420866489832007,0.09106984969053934,0.02431476569407604
0.2172566371681416,0.016371681415929203,0.03938053097345133,0.20619469026548673,0.01592920353982301,0.029646017699115044,0.016814159292035398,0.02743362831858407,0.018584070796460177,0.048672566371681415,0.027876106194690265,0.08893805309734513,0.0915929203539823,0.045575221238938056,0.08716814159292036,0.02256637168141593
0.21415929203539824,0.016814159292035398,0.04026548672566372,0.20353982300884957,0.017699115044247787,0.03185840707964602,0.015486725663716814,0.02743362831858407,0.017699115044247787,0.046460176991150445,0.028761061946902654,0.09115044247787611,0.09557522123893805,0.04469026548672567,0.084070796460177,0.024336283185840708
0.21911111111111112,0.018666666666666668,0.03866666666666667,0.2031111111111111,0.016,0.033777777777777775,0.016,0.028888888888888888,0.016444444444444446,0.04488888888888889,0.030222222222222223,0.08933333333333333,0.0951111111111111,0.04577777777777778,0.08177777777777778,0.022222222222222223
0.22492266902342023,0.017675651789659744,0.03623508616880247,0.207688908528502,0.015908086610693768,0.0344675209898365,0.014582412726469289,0.02828104286345559,0.015908086610693768,0.044631020768890854,0.030048608042421564,0.08572691117984976,0.09765797613787008,0.04728236853733982,0.07733097657976137,0.021652673442333185
0.22403169014084506,0.018485915492957746,0.03653169014084507,0.20290492957746478,0.014524647887323943,0.032130281690140844,0.017605633802816902,0.029049295774647887,0.015404929577464789,0.04533450704225352,0.028169014084507043,0.08934859154929578,0.10167253521126761,0.047975352112676055,0.07570422535211267,0.02112676056338028
0.21887461231723526,0.017722640673460344,0.03633141338059371,0.20735489587948605,0.013735046521931768,0.031014621178555603,0.01595037660611431,0.028799291094373063,0.015064244572441293,0.04563579973416039,0.030571555161719097,0.08551174124944617,0.10412051395657954,0.05006645990252548,0.076650420912716,0.02259636685866194
0.22031662269129287,0.019349164467897976,0.03518029903254178,0.20800351802990324,0.013632365875109938,0.028144239226033423,0.016270888302550572,0.030343007915567283,0.015391380826737027,0.04177660510114336,0.028144239226033423,0.08883025505716799,0.10642040457343888,0.047053649956024624,0.07519788918205805,0.025945470536499562
0.22310405643738976,0.018518518518518517,0.037037037037037035,0.20282186948853614,0.013668430335097001,0.03042328042328042,0.016313932980599646,0.03042328042328042,0.014991181657848324,0.0427689594356261,0.029982363315696647,0.08994708994708994,0.10317460317460317,0.05026455026455026,0.07098765432098765,0.025573192239858905
0.21662245800176835,0.01856763925729443,0.038903625110521665,0.20822281167108753,0.013262599469496022,0.030061892130857647,0.015030946065428824,0.03183023872679045,0.015030946065428824,0.042440318302387266,0.029177718832891247,0.08620689655172414,0.10831122900088418,0.04995579133510168,0.07029177718832891,0.026083112290008842
0.21375055090348172,0.020273248126928163,0.036579991185544294,0.20493609519612163,0.013662406346408109,0.02996914940502424,0.014543851917144116,0.03349493168796827,0.01498457470251212,0.044072278536800354,0.031732040546496254,0.0885852798589687,0.10356985456148082,0.05420890260026443,0.06963420008814455,0.02600264433671221
0.21284080914687775,0.019349164467897976,0.036499560246262094,0.2075637642919965,0.013192612137203167,0.029463500439753737,0.0158311345646438,0.03210202286719437,0.014072119613016711,0.04573438874230431,0.032541776605101144,0.08311345646437995,0.11213720316622691,0.052330694810905895,0.06552330694810905,0.027704485488126648
0.21829429960229785,0.018117543084401236,0.03711886875828546,0.19885108263367213,0.014582412726469289,0.029164825452938577,0.014582412726469289,0.03225806451612903,0.014140521431727796,0.04639858594785683,0.029164825452938577,0.08528501988510827,0.1171011931064958,0.054352629253203714,0.06363234644277507,0.02695536897923111
0.22506738544474394,0.018867924528301886,0.03728661275831087,0.20485175202156333,0.014375561545372867,0.026504941599281222,0.012578616352201259,0.032794249775381853,0.013477088948787063,0.04806828391734052,0.029200359389038633,0.08176100628930817,0.11545372866127583,0.05480682839173405,0.062443845462713386,0.022461814914645103
0.2293249888243183,0.018775145283862316,0.03665623603039785,0.2087617344658024,0.013857845328565042,0.02592758158247653,0.012069736253911488,0.030397854269110416,0.015198927134555208,0.04604380867232901,0.027268663388466695,0.07778274474742959,0.11756817165847117,0.052302190433616454,0.06258381761287439,0.02548055431381314
0.23234118169702356,0.019991115059973346,0.03864948911594847,0.20346512661039537,0.013771657041314972,0.02621057307863172,0.011994669035984007,0.02665482007996446,0.014660151043980453,0.04486894713460684,0.02665482007996446,0.07863171923589515,0.11950244335850733,0.05553087516659263,0.05952909817858729,0.027543314082629944
0.23511248345831495,0.020732245258050286,0.03617115130127922,0.20379355977062197,0.013233348037053375,0.027348919276576972,0.013674459638288486,0.029554477282752536,0.014556682840758712,0.04808116453462726,0.025143361270401413,0.07675341861490957,0.11424790471989413,0.05778561976179974,0.056021173356859286,0.027790030877812087
0.2305641936916926,0.02221235006663705,0.037760995113282986,0.2003553976010662,0.01288316303864949,0.027099067081297203,0.01288316303864949,0.03198578409595735,0.01332741003998223,0.047534429142603286,0.027099067081297203,0.07818747223456242,0.11550422034651266,0.05819635717458907,0.05819635717458907,0.02621057307863172
0.23014804845222073,0.024226110363391656,0.0408254822790489,0.19650067294751009,0.014356213548676536,0.02736653207716465,0.013907581875280395,0.03409600717810678,0.01525347689546882,0.04845222072678331,0.026917900403768506,0.0708838043965904,0.11978465679676985,0.05563032750112158,0.0547330641543293,0.026917900403768506
0.23149394347240915,0.02557200538358008,0.040376850605652756,0.19560340960071781,0.014356213548676536,0.02736653207716465,0.013458950201884253,0.0354419021982952,0.01525347689546882,0.049349484073575596,0.028712427097353072,0.07447285778375953,0.11843876177658143,0.054284432480933155,0.05069537909376402,0.02512337371018394
0.2359402460456942,0.025043936731107205,0.03910369068541301,0.1999121265377856,0.014059753954305799,0.02899824253075571,0.014059753954305799,0.037785588752196834,0.017135325131810195,0.04569420035149385,0.028119507908611598,0.06898066783831283,0.12082601054481547,0.05272407732864675,0.04745166959578207,0.024165202108963092
0.23002207505518762,0.024282560706401765,0.04061810154525387,0.19955849889624724,0.013686534216335542,0.02869757174392936,0.012803532008830023,0.03620309050772627,0.017660044150110375,0.04856512141280353,0.02781456953642384,0.06799116997792494,0.12891832229580574,0.053421633554083886,0.04370860927152318,0.026048565121412803
0.22838137472283815,0.02394678492239468,0.038580931263858094,0.1982261640798226,0.014634146341463415,0.03015521064301552,0.012860310421286032,0.03592017738359202,0.01507760532150776,0.050997782705099776,0.02616407982261641,0.07139689578713969,0.12815964523281598,0.05232815964523282,0.04478935698447894,0.028381374722838137
0.2336119665640123,0.027276726792784867,0.039595248570171576,0.19313682358117026,0.01627804663440387,0.028156621205455347,0.010558732952045754,0.03739551253849538,0.015398152221733392,0.051473823141223056,0.025516937967443906,0.06819181698196217,0.12582490101187857,0.051473823141223056,0.04487461504619446,0.031236251649802024
0.23350923482849603,0.028144239226033423,0.0395778364116095,0.19569041336851364,0.017150395778364115,0.027704485488126648,0.012313104661389622,0.03518029903254178,0.016270888302550572,0.05013192612137203,0.025945470536499562,0.06640281442392261,0.12752858399296393,0.048812664907651716,0.04309586631486367,0.032541776605101144
0.22961657117672984,0.028206258263552227,0.0379021595416483,0.19435874834728956,0.016747465843984136,0.028206258263552227,0.013662406346408109,0.0379021595416483,0.019391802556192154,0.0502423975319524,0.025561921551344204,0.06478624944909651,0.13001322168356105,0.04847950639048039,0.04363155575143235,0.03129131776112825
0.23539823008849559,0.026991150442477876,0.03761061946902655,0.1929203539823009,0.016814159292035398,0.027876106194690265,0.01415929203539823,0.033628318584070796,0.01991150442477876,0.04601769911504425,0.024778761061946902,0.06504424778761062,0.13451327433628318,0.049557522123893805,0.04292035398230089,0.03185840707964602
0.23045822102425875,0.024707996406109614,0.03863432165318958,0.1949685534591195,0.015723270440251572,0.027403414195867025,0.013477088948787063,0.038185085354896675,0.020664869721473494,0.047619047619047616,0.025157232704402517,0.0664869721473495,0.13701707097933513,0.050314465408805034,0.03908355795148248,0.03009883198562444
0.23625886524822695,0.024822695035460994,0.03945035460992908,0.18971631205673758,0.015957446808510637,0.023936170212765957,0.015957446808510637,0.037677304964539006,0.0199468085106383,0.04831560283687943,0.024822695035460994,0.0678191489361702,0.13652482269503546,0.04964539007092199,0.040780141843971635,0.028368794326241134
0.23760607414024118,0.02456453774006253,0.036176864671728454,0.18937025457793658,0.01563197856185797,0.02456453774006253,0.01652523447967843,0.03707012058954891,0.02188476998660116,0.04421616793211255,0.027244305493523895,0.06744082179544439,0.1415810629745422,0.05046895935685574,0.03796337650736936,0.027690933452434122
0.23387450636243967,0.025888547608600262,0.036858271171566474,0.19262834576568671,0.014041246160596753,0.02413339183852567,0.018429135585783237,0.03817463799912242,0.022378236068451074,0.04826678367705134,0.025888547608600262,0.06932865291794647,0.13953488372093023,0.04870557261956999,0.036419482229047825,0.025449758666081616
0.2333480370533745,0.026025584472871635,0.03617115130127922,0.19188354653727394,0.013674459638288486,0.022496691662990738,0.018526687251874726,0.03617115130127922,0.0211733568592854,0.04808116453462726,0.02690780767534186,0.07013674459638289,0.13762681958535508,0.05205116894574327,0.0388178209086899,0.02690780767534186
0.23165340406719717,0.027851458885941646,0.036251105216622455,0.1945181255526083,0.015473032714412025,0.027409372236958444,0.020778072502210435,0.03404067197170645,0.018125552608311227,0.04553492484526967,0.028293545534924844,0.06631299734748011,0.13793103448275862,0.05128205128205128,0.03801945181255526,0.026525198938992044
0.23714539007092197,0.0274822695035461,0.03546099290780142,0.19370567375886524,0.016400709219858155,0.028368794326241134,0.0199468085106383,0.03235815602836879,0.0199468085106383,0.044326241134751775,0.0274822695035461,0.06427304964539007,0.14051418439716312,0.050088652482269506,0.03634751773049645,0.026152482269503546
0.23698146513680493,0.028684907325684024,0.03353927625772286,0.19285083848190646,0.01676963812886143,0.02736098852603707,0.019417475728155338,0.032215357458075904,0.019858781994704325,0.04501323918799647,0.0264783759929391,0.06310679611650485,0.1416593115622242,0.052515445719329215,0.03618711385701677,0.02736098852603707
0.23080337328007103,0.028406569019085663,0.033288948069241014,0.19928983577452286,0.01775410563692854,0.027075011096316024,0.020861074123391034,0.032401242787394584,0.019529516200621395,0.04438526409232135,0.02574345317354638,0.06657789613848203,0.13759431868619618,0.05193075898801598,0.037283621837549935,0.027075011096316024
0.2345462516440158,0.02761946514686541,0.032003507233669445,0.19640508548882069,0.01841297676457694,0.027181060938185005,0.020604997807978958,0.032003507233669445,0.018851380973257344,0.04559403770276195,0.02367382726874178,0.06181499342393687,0.1433581762384919,0.052170100832968,0.03682595352915388,0.02893467777290662
0.2375886524822695,0.0274822695035461,0.02969858156028369,0.19680851063829788,0.020833333333333332,0.02925531914893617,0.020390070921985817,0.030585106382978722,0.018173758865248225,0.0425531914893617,0.022606382978723406,0.06338652482269504,0.14804964539007093,0.047429078014184396,0.03679078014184397,0.028368794326241134
0.2458575906851769,0.027317510076130765,0.03090013434841021,0.1889834303627407,0.020600089565606806,0.02910882221227049,0.020152261531571878,0.03134796238244514,0.018808777429467086,0.04209583519928348,0.02373488580385132,0.06090461262875056,0.1477832512315271,0.048813255709807435,0.036274070756829375,0.027317510076130765
0.24276169265033407,0.027171492204899776,0.032071269487750555,0.19465478841870823,0.02093541202672606,0.030734966592427616,0.01915367483296214,0.031180400890868598,0.01648106904231626,0.042316258351893093,0.021380846325167038,0.060579064587973276,0.1492204899777283,0.049443207126948774,0.03429844097995546,0.027616926503340758
0.23938053097345133,0.026106194690265486,0.029646017699115044,0.2,0.018584070796460177,0.028761061946902654,0.023008849557522124,0.03274336283185841,0.017256637168141593,0.04336283185840708,0.022123893805309734,0.06283185840707965,0.14469026548672567,0.049557522123893805,0.034070796460176994,0.027876106194690265
0.2395104895104895,0.025786713286713288,0.033216783216783216,0.19755244755244755,0.018793706293706292,0.02666083916083916,0.024475524475524476,0.03365384615384615,0.01791958041958042,0.041520979020979024,0.019667832167832168,0.0625,0.145979020979021,0.049825174825174824,0.034527972027972025,0.028409090909090908
0.23402379903040987,0.02379903040987219,0.03305420890260027,0.20141031291317762,0.01851035698545615,0.02864698104892023,0.023358307624504186,0.031732040546496254,0.018069634200088145,0.044072278536800354,0.019391802556192154,0.06478624944909651,0.14631996474217718,0.050683120317320404,0.035698545614808286,0.026443367122080213
0.23273207215134184,0.025516937967443906,0.032996040475142985,0.19973603167619886,0.01803783545974483,0.026396832380114386,0.02375714914210295,0.03343598768147822,0.01891772987241531,0.04223493180818302,0.02067751869775627,0.0664320281566212,0.14782226132864057,0.048834139903211615,0.03607567091948966,0.026396832380114386
0.23961521644075207,0.027547004809794492,0.031045037166593792,0.19414079580236118,0.01880192391779624,0.026672496720594664,0.023611718408395276,0.03235679930039353,0.0174901617839965,0.04503716659379099,0.020550940096195888,0.0695233930913861,0.14516834280717097,0.04984696108439003,0.034105815478793176,0.024486226497595104
0.23070136744596384,0.025584472871636524,0.0282311424790472,0.19761799735333038,0.018967798853109837,0.02690780767534186,0.02337891486546096,0.030877812086457873,0.018526687251874726,0.0458756065284517,0.021614468460520512,0.06881340979267754,0.14953683281870314,0.05205116894574327,0.033083370092633436,0.0282311424790472
0.237928007023705,0.025460930640913083,0.029411764705882353,0.199297629499561,0.018437225636523266,0.025899912203687446,0.024582967515364356,0.03204565408252853,0.01887620719929763,0.04433713784021071,0.02151009657594381,0.0697980684811238,0.1453028972783143,0.0504828797190518,0.031167690956979806,0.025460930640913083
0.2314487632508834,0.026943462897526502,0.02871024734982332,0.19832155477031801,0.018992932862190812,0.02561837455830389,0.024734982332155476,0.030918727915194347,0.01678445229681979,0.0446113074204947,0.022526501766784453,0.06978798586572438,0.1515017667844523,0.053003533568904596,0.02959363957597173,0.026501766784452298
0.2346002621231979,0.027522935779816515,0.02927042376583661,0.19790301441677588,0.019659239842726082,0.025775447793796417,0.024027959807776323,0.03363914373088685,0.01616426387068589,0.045434687636522496,0.02053298383573613,0.06596767147225863,0.1529051987767584,0.05242463958060288,0.027959807776321538,0.02621231979030144
0.23860115095174855,0.027445772465692783,0.027888446215139442,0.19698981850376274,0.0199203187250996,0.027003098716246128,0.023461708720672863,0.033643204957945996,0.014608233731739707,0.04780876494023904,0.0199203187250996,0.06241699867197875,0.15183709606020362,0.05312084993359894,0.03054448871181939,0.02478972996901284
0.23838737949167396,0.027607361963190184,0.028045574057843997,0.19982471516213848,0.01971954425942156,0.02716914986853637,0.02366345311130587,0.031989482909728306,0.013584574934268186,0.047765118317265556,0.01971954425942156,0.0635407537248028,0.1516213847502191,0.050394390885188434,0.03155127081507449,0.025416301489921123
0.2394678492239468,0.028381374722838137,0.0270509977827051,0.2039911308203991,0.019955654101995565,0.027494456762749447,0.02350332594235033,0.032815964523281595,0.014190687361419069,0.04390243902439024,0.021729490022172948,0.06297117516629712,0.15121951219512195,0.04745011086474501,0.031042128603104215,0.02483370288248337
0.2404227212681638,0.02774108322324967,0.025979744605900485,0.2043152796125055,0.022457067371202115,0.027300748568912372,0.023337736679876705,0.03258476442095993,0.014090708938793483,0.04579480405107882,0.023337736679876705,0.0607661822985469,0.14839277851166888,0.0479964773227653,0.02774108322324967,0.02774108322324967
0.2398753894080997,0.029817534490431688,0.0258121940364931,0.20204717400979083,0.022251891410769914,0.028037383177570093,0.0258121940364931,0.03204272363150868,0.014686248331108143,0.04539385847797063,0.023141967067200713,0.06008010680907877,0.15086782376502003,0.04717400979083222,0.0262572318647085,0.0267022696929239
0.23662096417514375,0.0291906236178682,0.027421494913754976,0.20168067226890757,0.022114108801415303,0.026536930561698365,0.02786377708978328,0.03494029190623618,0.014153029632905795,0.04467049977885891,0.022556390977443608,0.06103494029190624,0.15214506855373727,0.04599734630694383,0.02697921273772667,0.026094648385670056
0.23309608540925267,0.029359430604982206,0.029804270462633453,0.20151245551601424,0.02224199288256228,0.02891459074733096,0.02802491103202847,0.03336298932384341,0.012900355871886121,0.042704626334519574,0.022686832740213523,0.06272241992882563,0.15080071174377224,0.04937722419928826,0.027135231316725978,0.025355871886120998
0.23015873015873015,0.03042328042328042,0.028659611992945325,0.20502645502645503,0.022486772486772486,0.0291005291005291,0.027336860670194002,0.03439153439153439,0.013668430335097001,0.042328042328042326,0.024691358024691357,0.06305114638447971,0.14947089947089948,0.047619047619047616,0.027336860670194002,0.024250440917107582
0.24035087719298245,0.030263157894736843,0.02894736842105263,0.19298245614035087,0.02324561403508772,0.03070175438596491,0.02587719298245614,0.03333333333333333,0.017543859649122806,0.04473684210526316,0.02631578947368421,0.05921052631578947,0.15,0.04649122807017544,0.02543859649122807,0.02456140350877193
0.24324324324324326,0.02702702702702703,0.02968542312804608,0.19140451927337174,0.02525476295968099,0.030571555161719097,0.0256978289765175,0.034116083296411165,0.017279574656623838,0.04164820558263181,0.026140894993354008,0.06114311032343819,0.14931324767390342,0.04563579973416039,0.026140894993354008,0.0256978289765175
0.24154589371980675,0.025472112428634168,0.028107158541941152,0.19543258673693456,0.025472112428634168,0.029424681598594644,0.025472112428634168,0.03337725076855512,0.01844532279314888,0.043039086517347384,0.025911286780852,0.058410188844971456,0.14888010540184454,0.04655248133509003,0.025911286780852,0.02854633289415898
0.23776223776223776,0.024475524475524476,0.026223776223776224,0.194493006993007,0.026223776223776224,0.027972027972027972,0.024475524475524476,0.032342657342657344,0.01791958041958042,0.04195804195804196,0.024912587412587412,0.05944055944055944,0.15603146853146854,0.049825174825174824,0.026223776223776224,0.02972027972027972
