C_R,C_A,C_S,C_N,D_R,D_A,D_S,D_N,Oc_R,Oc_A,Oc_S,Oc_N,Od_R,Od_A,Od_S,Od_N
0.0,0.0,0.0,0.0,0.0,0.0,0.0,0.0,0.0,0.0,0.0,0.0,0.0,1.0,0.0,0.0
0.0,0.0,0.0,0.0,0.0,0.0,0.0,0.0,0.3333333333333333,0.0,0.0,0.0,0.0,0.6666666666666666,0.0,0.0
0.0,0.0,0.0,0.0,0.25,0.0,0.0,0.0,0.25,0.0,0.0,0.0,0.0,0.5,0.0,0.0
0.0,0.0,0.0,0.0,0.16666666666666666,0.0,0.0,0.0,0.16666666666666666,0.0,0.0,0.0,0.0,0.3333333333333333,0.0,0.3333333333333333
0.0,0.0,0.0,0.0,0.2,0.0,0.0,0.0,0.2,0.0,0.0,0.0,0.0,0.4,0.0,0.2
0.0,0.0,0.0,0.0,0.14285714285714285,0.0,0.0,0.0,0.14285714285714285,0.0,0.0,0.0,0.2857142857142857,0.2857142857142857,0.0,0.14285714285714285
0.0,0.0,0.0,0.0,0.0,0.0,0.125,0.0,0.25,0.0,0.0,0.0,0.25,0.25,0.0,0.125
0.0,0.0,0.0,0.0,0.0,0.0,0.1111111111111111,0.0,0.2222222222222222,0.0,0.0,0.0,0.3333333333333333,0.2222222222222222,0.0,0.1111111111111111
0.0,0.0,0.0,0.0,0.0,0.0,0.09090909090909091,0.09090909090909091,0.09090909090909091,0.0,0.0,0.0,0.45454545454545453,0.18181818181818182,0.0,0.09090909090909091
0.0,0.0,0.0,0.0,0.0,0.0,0.06666666666666667,0.2,0.06666666666666667,0.0,0.0,0.0,0.5333333333333333,0.13333333333333333,0.0,0.0
0.0,0.0,0.0,0.0,0.0,0.0,0.0,0.17647058823529413,0.058823529411764705,0.0,0.0,0.0,0.6470588235294118,0.058823529411764705,0.058823529411764705,0.0
0.0,0.0,0.0,0.0,0.0,0.0,0.0,0.13043478260869565,0.0,0.0,0.0,0.043478260869565216,0.7391304347826086,0.043478260869565216,0.043478260869565216,0.0
0.0,0.034482758620689655,0.0,0.0,0.0,0.0,0.0,0.06896551724137931,0.0,0.0,0.0,0.034482758620689655,0.7586206896551724,0.06896551724137931,0.034482758620689655,0.0
0.0,0.03125,0.0,0.0,0.0,0.0,0.0,0.0625,0.0,0.0,0.0,0.03125,0.8125,0.03125,0.03125,0.0
0.0,0.024390243902439025,0.0,0.0,0.0,0.0,0.0,0.04878048780487805,0.024390243902439025,0.0,0.0,0.024390243902439025,0.8292682926829268,0.024390243902439025,0.024390243902439025,0.0
0.0,0.020833333333333332,0.0,0.0,0.0,0.020833333333333332,0.0,0.041666666666666664,0.020833333333333332,0.0,0.0,0.041666666666666664,0.8125,0.020833333333333332,0.020833333333333332,0.0
0.0,0.01818181818181818,0.0,0.0,0.0,0.01818181818181818,0.0,0.01818181818181818,0.01818181818181818,0.0,0.0,0.05454545454545454,0.8363636363636363,0.01818181818181818,0.01818181818181818,0.0
0.0,0.030303030303030304,0.0,0.0,0.0,0.015151515151515152,0.0,0.030303030303030304,0.015151515151515152,0.0,0.0,0.015151515151515152,0.8636363636363636,0.015151515151515152,0.015151515151515152,0.0
0.0,0.01282051282051282,0.0,0.0,0.0,0.01282051282051282,0.01282051282051282,0.02564102564102564,0.0,0.0,0.0,0.02564102564102564,0.8846153846153846,0.01282051282051282,0.01282051282051282,0.0
0.0,0.011494252873563218,0.0,0.0,0.0,0.0,0.011494252873563218,0.034482758620689655,0.0,0.0,0.0,0.022988505747126436,0.8850574712643678,0.011494252873563218,0.022988505747126436,0.0
0.0,0.01020408163265306,0.0,0.01020408163265306,0.0,0.01020408163265306,0.01020408163265306,0.07142857142857142,0.0,0.0,0.0,0.02040816326530612,0.8469387755102041,0.01020408163265306,0.01020408163265306,0.0
0.0,0.00847457627118644,0.0,0.01694915254237288,0.0,0.01694915254237288,0.00847457627118644,0.05084745762711865,0.0,0.0,0.0,0.025423728813559324,0.847457627118644,0.01694915254237288,0.00847457627118644,0.0
0.0,0.007633587786259542,0.007633587786259542,0.030534351145038167,0.0,0.015267175572519083,0.007633587786259542,0.061068702290076333,0.0,0.0,0.0,0.022900763358778626,0.8244274809160306,0.015267175572519083,0.007633587786259542,0.0
0.0,0.0,0.01282051282051282,0.05128205128205128,0.0,0.01282051282051282,0.00641025641025641,0.057692307692307696,0.0,0.00641025641025641,0.0,0.02564102564102564,0.8076923076923077,0.01282051282051282,0.00641025641025641,0.0
0.005681818181818182,0.0,0.011363636363636364,0.07386363636363637,0.0,0.011363636363636364,0.005681818181818182,0.056818181818181816,0.0,0.005681818181818182,0.005681818181818182,0.017045454545454544,0.7840909090909091,0.017045454545454544,0.005681818181818182,0.0
0.014925373134328358,0.0,0.009950248756218905,0.1044776119402985,0.0,0.009950248756218905,0.004975124378109453,0.04975124378109453,0.0,0.004975124378109453,0.004975124378109453,0.01990049751243781,0.746268656716418,0.01990049751243781,0.009950248756218905,0.0
0.017543859649122806,0.0,0.017543859649122806,0.12719298245614036,0.0,0.008771929824561403,0.0043859649122807015,0.04824561403508772,0.0043859649122807015,0.0043859649122807015,0.0043859649122807015,0.021929824561403508,0.7105263157894737,0.017543859649122806,0.008771929824561403,0.0043859649122807015
0.015503875968992248,0.0,0.01937984496124031,0.1511627906976744,0.0,0.011627906976744186,0.003875968992248062,0.03875968992248062,0.0,0.003875968992248062,0.007751937984496124,0.023255813953488372,0.686046511627907,0.023255813953488372,0.011627906976744186,0.003875968992248062
0.013422818791946308,0.0,0.016778523489932886,0.174496644295302,0.0,0.010067114093959731,0.006711409395973154,0.040268456375838924,0.0,0.003355704697986577,0.006711409395973154,0.020134228187919462,0.6711409395973155,0.020134228187919462,0.013422818791946308,0.003355704697986577
0.011494252873563218,0.0,0.014367816091954023,0.19827586206896552,0.0028735632183908046,0.008620689655172414,0.005747126436781609,0.040229885057471264,0.0028735632183908046,0.0028735632183908046,0.0028735632183908046,0.020114942528735632,0.6551724137931034,0.017241379310344827,0.014367816091954023,0.0028735632183908046
0.010230179028132993,0.0,0.015345268542199489,0.21483375959079284,0.0025575447570332483,0.0025575447570332483,0.005115089514066497,0.03324808184143223,0.0025575447570332483,0.0025575447570332483,0.0025575447570332483,0.02557544757033248,0.6547314578005116,0.015345268542199489,0.010230179028132993,0.0025575447570332483
0.008888888888888889,0.0,0.011111111111111112,0.2311111111111111,0.0022222222222222222,0.0022222222222222222,0.0044444444444444444,0.03777777777777778,0.0044444444444444444,0.0022222222222222222,0.0022222222222222222,0.024444444444444446,0.64,0.013333333333333334,0.008888888888888889,0.006666666666666667
0.008016032064128256,0.002004008016032064,0.01002004008016032,0.22845691382765532,0.004008016032064128,0.002004008016032064,0.004008016032064128,0.036072144288577156,0.008016032064128256,0.002004008016032064,0.002004008016032064,0.02004008016032064,0.6452905811623246,0.014028056112224449,0.006012024048096192,0.008016032064128256
0.00922509225092251,0.0018450184501845018,0.00922509225092251,0.23800738007380073,0.0036900369003690036,0.0018450184501845018,0.007380073800738007,0.03505535055350553,0.007380073800738007,0.0036900369003690036,0.0018450184501845018,0.014760147601476014,0.6346863468634686,0.016605166051660517,0.005535055350553505,0.00922509225092251
0.009724473257698542,0.0016207455429497568,0.008103727714748784,0.2479740680713128,0.004862236628849271,0.0016207455429497568,0.006482982171799027,0.03079416531604538,0.008103727714748784,0.0016207455429497568,0.0016207455429497568,0.011345218800648298,0.6256077795786061,0.022690437601296597,0.004862236628849271,0.012965964343598054
0.010189228529839884,0.001455604075691412,0.010189228529839884,0.26346433770014555,0.00727802037845706,0.001455604075691412,0.002911208151382824,0.027656477438136828,0.00727802037845706,0.001455604075691412,0.002911208151382824,0.011644832605531296,0.6128093158660844,0.021834061135371178,0.002911208151382824,0.01455604075691412
0.010596026490066225,0.0013245033112582781,0.010596026490066225,0.26887417218543047,0.005298013245033113,0.0,0.0026490066225165563,0.02781456953642384,0.003973509933774834,0.0013245033112582781,0.0026490066225165563,0.01456953642384106,0.6105960264900663,0.022516556291390728,0.003973509933774834,0.013245033112582781
0.007434944237918215,0.0012391573729863693,0.009913258983890954,0.26765799256505574,0.0037174721189591076,0.0,0.0024783147459727386,0.027261462205700124,0.004956629491945477,0.0037174721189591076,0.0024783147459727386,0.011152416356877323,0.6232961586121437,0.01858736059479554,0.0024783147459727386,0.013630731102850062
0.010404624277456647,0.0023121387283236996,0.006936416184971098,0.27167630057803466,0.003468208092485549,0.0,0.003468208092485549,0.024277456647398842,0.004624277456647399,0.0023121387283236996,0.0023121387283236996,0.011560693641618497,0.623121387283237,0.017341040462427744,0.0023121387283236996,0.013872832369942197
0.009635974304068522,0.0032119914346895075,0.0053533190578158455,0.2880085653104925,0.006423982869379015,0.0010706638115631692,0.0032119914346895075,0.021413276231263382,0.0032119914346895075,0.0021413276231263384,0.0021413276231263384,0.010706638115631691,0.6102783725910065,0.019271948608137045,0.0021413276231263384,0.011777301927194861
0.009036144578313253,0.0030120481927710845,0.007028112449799197,0.30522088353413657,0.0050200803212851405,0.001004016064257028,0.002008032128514056,0.023092369477911646,0.002008032128514056,0.0030120481927710845,0.002008032128514056,0.010040160642570281,0.5963855421686747,0.01706827309236948,0.002008032128514056,0.012048192771084338
0.006422018348623854,0.003669724770642202,0.009174311926605505,0.3100917431192661,0.005504587155963303,0.0009174311926605505,0.001834862385321101,0.01926605504587156,0.001834862385321101,0.003669724770642202,0.001834862385321101,0.009174311926605505,0.5944954128440367,0.015596330275229359,0.0027522935779816515,0.013761467889908258
0.005141388174807198,0.004284490145672665,0.007712082262210797,0.31876606683804626,0.004284490145672665,0.000856898029134533,0.003427592116538132,0.01970865467009426,0.002570694087403599,0.005141388174807198,0.001713796058269066,0.00856898029134533,0.586975149957155,0.01713796058269066,0.001713796058269066,0.011996572407883462
0.005654281098546042,0.004846526655896607,0.008885298869143781,0.3198707592891761,0.004038772213247173,0.0024232633279483036,0.0032310177705977385,0.020193861066235864,0.0016155088852988692,0.004846526655896607,0.0024232633279483036,0.012116316639741519,0.5775444264943457,0.017770597738287562,0.0032310177705977385,0.011308562197092083
0.007587253414264037,0.004552352048558422,0.007587253414264037,0.3315629742033384,0.0037936267071320183,0.004552352048558422,0.0030349013657056147,0.01896813353566009,0.0030349013657056147,0.005311077389984826,0.0030349013657056147,0.012898330804248861,0.563732928679818,0.014415781487101669,0.0030349013657056147,0.012898330804248861
0.006437768240343348,0.004291845493562232,0.00715307582260372,0.32761087267525035,0.00357653791130186,0.005007153075822604,0.004291845493562232,0.01859799713876967,0.004291845493562232,0.005007153075822604,0.002861230329041488,0.012160228898426323,0.5686695278969958,0.01430615164520744,0.002145922746781116,0.013590844062947067
0.006743088334457181,0.005394470667565745,0.006743088334457181,0.3337828725556305,0.004045853000674309,0.007417397167902899,0.004045853000674309,0.01820633850303439,0.0033715441672285905,0.006068779501011463,0.0026972353337828725,0.012137559002022926,0.5610249494268374,0.014160485502360081,0.0026972353337828725,0.011463250168577209
0.006548788474132285,0.0045841519318926,0.006548788474132285,0.32612966601178783,0.005239030779305829,0.0045841519318926,0.0045841519318926,0.01768172888015717,0.003929273084479371,0.003929273084479371,0.0032743942370661427,0.011787819253438114,0.5723641126391618,0.016371971185330715,0.0026195153896529143,0.009823182711198428
0.007471980074719801,0.0043586550435865505,0.007471980074719801,0.33250311332503113,0.0062266500622665,0.0043586550435865505,0.0037359900373599006,0.0161892901618929,0.0037359900373599006,0.0043586550435865505,0.0037359900373599006,0.012453300124533,0.566002490660025,0.014943960149439602,0.0018679950186799503,0.010585305105853052
0.007067137809187279,0.00530035335689046,0.0076560659599528855,0.3380447585394582,0.00530035335689046,0.00530035335689046,0.004122497055359246,0.01707891637220259,0.004122497055359246,0.00530035335689046,0.004122497055359246,0.011778563015312132,0.5577149587750294,0.014723203769140165,0.002355712603062426,0.010011778563015312
0.007403189066059226,0.0056947608200455585,0.00683371298405467,0.33940774487471526,0.0056947608200455585,0.005125284738041002,0.003986332574031891,0.01651480637813212,0.004555808656036446,0.0056947608200455585,0.003416856492027335,0.011389521640091117,0.5569476082004556,0.015375854214123007,0.003416856492027335,0.008542141230068337
0.007621121393576484,0.007621121393576484,0.007621121393576484,0.3364180729450191,0.0065323897659227,0.004354926510615134,0.0027218290691344584,0.015786608600979857,0.004899292324442025,0.004899292324442025,0.0027218290691344584,0.009254218835057159,0.5590636908002178,0.016875340228633642,0.003810560696788242,0.00979858464888405
0.006279434850863423,0.00837257980115123,0.006802721088435374,0.3396127681841968,0.006802721088435374,0.004709576138147566,0.0031397174254317113,0.016221873364730507,0.003663003663003663,0.004709576138147566,0.0031397174254317113,0.01098901098901099,0.5531135531135531,0.01674515960230246,0.003663003663003663,0.012035583464154892
0.0066462167689161555,0.007668711656441718,0.007668711656441718,0.34049079754601225,0.005112474437627812,0.00408997955010225,0.00408997955010225,0.015337423312883436,0.003067484662576687,0.005623721881390593,0.0035787321063394683,0.010224948875255624,0.5557259713701431,0.015848670756646217,0.0035787321063394683,0.011247443762781187
0.0063850687622789785,0.0068762278978389,0.007858546168958742,0.33644400785854617,0.004911591355599214,0.003929273084479371,0.004911591355599214,0.015225933202357564,0.002455795677799607,0.004911591355599214,0.0029469548133595285,0.008840864440078585,0.56286836935167,0.016208251473477406,0.003929273084479371,0.011296660117878193
0.00671462829736211,0.007673860911270983,0.007194244604316547,0.3290167865707434,0.0057553956834532375,0.004316546762589928,0.004316546762589928,0.018225419664268584,0.0019184652278177458,0.0057553956834532375,0.003357314148681055,0.008633093525179856,0.5616306954436451,0.01870503597122302,0.005275779376498801,0.011510791366906475
0.006597549481621112,0.008482563619227144,0.008011310084825637,0.3289349670122526,0.005655042412818096,0.0051837888784165885,0.003770028275212064,0.017907634307257305,0.001885014137606032,0.005655042412818096,0.0051837888784165885,0.009896324222431668,0.562205466540999,0.015080113100848256,0.005655042412818096,0.009896324222431668
0.0069605568445475635,0.007424593967517401,0.0069605568445475635,0.3331786542923434,0.005568445475638051,0.005568445475638051,0.004176334106728539,0.018561484918793503,0.0027842227378190253,0.0064965197215777265,0.004640371229698376,0.00974477958236659,0.5591647331786543,0.014385150812064965,0.004640371229698376,0.00974477958236659
0.0054694621695533276,0.006381039197812215,0.0068368277119416595,0.33728350045578853,0.005925250683682771,0.0054694621695533276,0.0036463081130355514,0.017775752051048314,0.0027347310847766638,0.0068368277119416595,0.004102096627164996,0.008659981768459436,0.5601640838650866,0.014129443938012761,0.004557885141294439,0.010027347310847767
0.006255585344057194,0.006255585344057194,0.006702412868632708,0.33467381590705986,0.005361930294906166,0.004468275245755138,0.004468275245755138,0.015638963360142984,0.0035746201966041107,0.0071492403932082215,0.004021447721179625,0.008936550491510277,0.5630026809651475,0.01385165326184093,0.004915102770330653,0.010723860589812333
0.006269592476489028,0.006269592476489028,0.005821764442454098,0.33497536945812806,0.006269592476489028,0.0044782803403493054,0.0044782803403493054,0.01522615315718764,0.0035826242722794446,0.005373936408419167,0.004030452306314375,0.009404388714733543,0.5647111509180475,0.013882669055082848,0.0049261083743842365,0.010300044782803403
0.009874326750448833,0.0062836624775583485,0.004488330341113106,0.32809694793536803,0.006732495511669659,0.004039497307001795,0.005385996409335727,0.01615798922800718,0.004488330341113106,0.00763016157989228,0.003590664272890485,0.008976660682226212,0.5673249551166966,0.01436265709156194,0.0031418312387791743,0.009425493716337522
0.01152482269503546,0.007535460992907801,0.004875886524822695,0.32136524822695034,0.006648936170212766,0.004875886524822695,0.004432624113475178,0.016400709219858155,0.004875886524822695,0.007978723404255319,0.0035460992907801418,0.007978723404255319,0.5722517730496454,0.014184397163120567,0.0031028368794326243,0.008421985815602837
0.012021371326803205,0.008014247551202136,0.004007123775601068,0.3138913624220837,0.008014247551202136,0.005342831700801425,0.004452359750667854,0.017809439002671415,0.005342831700801425,0.007123775601068566,0.003561887800534283,0.007123775601068566,0.5765805877114871,0.014247551202137132,0.003116651825467498,0.009349955476402494
0.013802315227070348,0.007569011576135352,0.004897595725734639,0.3054318788958148,0.008459483526268923,0.004007123775601068,0.005342831700801425,0.019590382902938557,0.007123775601068566,0.007123775601068566,0.004897595725734639,0.008459483526268923,0.57479964381122,0.014692787177203919,0.003561887800534283,0.010240427426536063
0.013315579227696404,0.00887705281846427,0.005326231691078562,0.30048823790501555,0.009764758100310697,0.003550821127385708,0.006213936972924989,0.01908566355969818,0.007101642254771416,0.007545494895694629,0.004438526409232135,0.00887705281846427,0.5739014647137151,0.015978695073235686,0.0039946737683089215,0.01154016866400355
0.014686248331108143,0.008900756564307966,0.004895416110369382,0.30351579884290164,0.009345794392523364,0.004450378282153983,0.006230529595015576,0.01824655095683133,0.00801068090787717,0.0075656430796617715,0.0053404539385847796,0.009345794392523364,0.57543391188251,0.014241210502892745,0.0022251891410769915,0.0075656430796617715
0.015618027666220438,0.009370816599732263,0.005800981704596163,0.29808121374386437,0.009370816599732263,0.004462293618920125,0.006693440428380187,0.019187862561356538,0.008032128514056224,0.006693440428380187,0.0049085229808121375,0.0107095046854083,0.5765283355644801,0.0142793395805444,0.0022311468094600626,0.008032128514056224
0.01557632398753894,0.010235870048954161,0.006230529595015576,0.29951045838896306,0.00801068090787717,0.004895416110369382,0.007120605251446373,0.017801513128615932,0.007120605251446373,0.007120605251446373,0.004450378282153983,0.012016021361815754,0.57543391188251,0.014686248331108143,0.0013351134846461949,0.008455718736092568
0.01557632398753894,0.009345794392523364,0.006230529595015576,0.3030707610146863,0.0075656430796617715,0.004895416110369382,0.0075656430796617715,0.01824655095683133,0.006230529595015576,0.009790832220738763,0.004895416110369382,0.010680907877169559,0.570983533600356,0.014241210502892745,0.0017801513128615932,0.008900756564307966
0.01795096322241681,0.010070052539404553,0.006567425569176883,0.29816112084063046,0.010945709281961471,0.005253940455341506,0.00788091068301226,0.017513134851138354,0.005691768826619965,0.009194395796847636,0.004816112084063047,0.011821366024518389,0.569614711033275,0.013134851138353765,0.0021891418563922942,0.009194395796847636
0.017364203027604632,0.01068566340160285,0.006678539626001781,0.3009795191451469,0.010240427426536063,0.00578806767586821,0.007569011576135352,0.017364203027604632,0.005342831700801425,0.009795191451469279,0.004897595725734639,0.011130899376669634,0.5672306322350846,0.012911843276936777,0.003116651825467498,0.008904719501335707
0.016057091882247992,0.00936663693131133,0.007136485280999108,0.29571810883140054,0.010704727921498661,0.006244424620874219,0.008920606601248885,0.01784121320249777,0.0053523639607493305,0.010258697591436218,0.0044603033006244425,0.011150758251561105,0.5727029438001784,0.01159678858162355,0.0031222123104371097,0.00936663693131133
0.01951219512195122,0.007982261640798226,0.007982261640798226,0.2966740576496674,0.00975609756097561,0.006208425720620843,0.008425720620842573,0.016407982261640797,0.005764966740576497,0.010199556541019957,0.004878048780487805,0.011529933481152993,0.5711751662971175,0.010199556541019957,0.003547671840354767,0.00975609756097561
0.02064631956912029,0.00718132854578097,0.008527827648114902,0.2926391382405745,0.008976660682226212,0.0062836624775583485,0.00718132854578097,0.01570915619389587,0.00718132854578097,0.011220825852782765,0.004488330341113106,0.013016157989228007,0.5731597845601436,0.009425493716337522,0.004488330341113106,0.009874326750448833
0.01849345963013081,0.006314839873703203,0.007668019846639603,0.2927379341452413,0.010374379792512404,0.007216959855660803,0.007216959855660803,0.016238159675236806,0.008119079837618403,0.012178619756427604,0.0045105999097880016,0.009472259810554804,0.5741993685160126,0.010825439783491205,0.0045105999097880016,0.009923319801533603
0.01808557565063961,0.0066166740185266875,0.0070577856197618,0.2871636524040582,0.010145566828407587,0.008381120423467137,0.007940008822232024,0.015438906043228937,0.0070577856197618,0.012792236435818262,0.004411116012351125,0.0105866784296427,0.5787384208204676,0.0105866784296427,0.003970004411116012,0.011027790030877812
0.020650263620386643,0.007469244288224956,0.007029876977152899,0.28954305799648505,0.01054481546572935,0.008787346221441126,0.007029876977152899,0.014059753954305799,0.007029876977152899,0.011423550087873463,0.0048330404217926184,0.012302284710017574,0.5742530755711776,0.010105448154657293,0.0035149384885764497,0.011423550087873463
0.02130492676431425,0.008433200177541057,0.007545494895694629,0.2809587217043941,0.009320905459387484,0.008433200177541057,0.005770084332001775,0.015090989791389259,0.006213936972924989,0.010652463382157125,0.004438526409232135,0.01287172658677319,0.5832223701731025,0.011096316023080338,0.0031069684864624943,0.01154016866400355
0.022331397945511387,0.009379187137114784,0.007146047342563644,0.28584189370254576,0.008485931219294328,0.008485931219294328,0.005359535506922733,0.015185350602947744,0.006699419383653417,0.011165698972755694,0.00401965163019205,0.013398838767306834,0.5779365788298347,0.01027244305493524,0.0031263957123715946,0.011165698972755694
0.020842572062084258,0.009312638580931265,0.006208425720620843,0.2838137472283814,0.008425720620842573,0.008869179600886918,0.005764966740576497,0.014190687361419069,0.007095343680709534,0.011529933481152993,0.003991130820399113,0.013747228381374724,0.5835920177383592,0.009312638580931265,0.0026607538802660754,0.010643015521064302
0.02320392681838465,0.012048192771084338,0.0049085229808121375,0.2838018741633199,0.008032128514056224,0.008478357875948238,0.0049085229808121375,0.013833110218652387,0.007585899152164213,0.011601963409192326,0.004016064257028112,0.013386880856760375,0.5800981704596162,0.0107095046854083,0.0031236055332440876,0.010263275323516287
0.026501766784452298,0.011484098939929329,0.004858657243816254,0.2765017667844523,0.008392226148409895,0.007950530035335688,0.00530035335689046,0.013250883392226149,0.007508833922261484,0.011925795053003533,0.004858657243816254,0.012809187279151944,0.5856890459363958,0.0088339222614841,0.0035335689045936395,0.01060070671378092
0.02697921273772667,0.010614772224679346,0.005749668288367979,0.2768686421937196,0.00796107916850951,0.008403361344537815,0.005749668288367979,0.013268465280849183,0.007518796992481203,0.01238390092879257,0.004422821760283061,0.011941618752764263,0.5860238832375055,0.009730207872622734,0.004422821760283061,0.00796107916850951
0.027244305493523895,0.00982581509602501,0.006252791424743189,0.276462706565431,0.008485931219294328,0.0080393032603841,0.006699419383653417,0.012505582849486378,0.006699419383653417,0.012952210808396605,0.004912907548012505,0.010719071013845467,0.5859758820902189,0.010719071013845467,0.005359535506922733,0.007146047342563644
0.02891459074733096,0.009786476868327402,0.006227758007117438,0.2802491103202847,0.007562277580071174,0.00800711743772242,0.0066725978647686835,0.012455516014234875,0.0066725978647686835,0.013345195729537367,0.005338078291814947,0.010676156583629894,0.5809608540925267,0.010676156583629894,0.004893238434163701,0.007562277580071174
0.029541446208112873,0.010582010582010581,0.007054673721340388,0.27998236331569665,0.00837742504409171,0.007936507936507936,0.006613756613756613,0.012786596119929453,0.007054673721340388,0.013227513227513227,0.005291005291005291,0.010582010582010581,0.5771604938271605,0.010141093474426807,0.006172839506172839,0.007495590828924162
0.030959752321981424,0.011057054400707651,0.006634232640424591,0.27333038478549315,0.006634232640424591,0.009287925696594427,0.007518796992481203,0.011941618752764263,0.007518796992481203,0.013710747456877488,0.005307386112339673,0.011057054400707651,0.5820433436532507,0.010172490048651039,0.006191950464396285,0.006634232640424591
0.03167619885613726,0.010998680158380994,0.0061592608886933565,0.269687637483502,0.0061592608886933565,0.009238891333040036,0.007479102507699076,0.012318521777386713,0.007039155301363837,0.014518257809062912,0.005719313682358117,0.009678838539375276,0.5846898372195336,0.011438627364716234,0.007039155301363837,0.0061592608886933565
0.03374777975133215,0.012433392539964476,0.0053285968028419185,0.26243339253996445,0.005772646536412078,0.010657193605683837,0.0066607460035523975,0.012433392539964476,0.006216696269982238,0.015097690941385435,0.0066607460035523975,0.008880994671403197,0.5883658969804618,0.012877442273534635,0.006216696269982238,0.006216696269982238
0.03050695379093764,0.011664423508299685,0.00493494840735756,0.2602063705697622,0.006280843427545985,0.01031852848811126,0.006729475100942127,0.01256168685509197,0.006729475100942127,0.016150740242261104,0.006729475100942127,0.008972633467922835,0.5908479138627187,0.013907581875280395,0.007178106774338268,0.006280843427545985
0.0285204991087344,0.011140819964349376,0.005793226381461676,0.2606951871657754,0.0066844919786096255,0.0106951871657754,0.0066844919786096255,0.012032085561497326,0.0066844919786096255,0.016488413547237075,0.005793226381461676,0.009358288770053475,0.5913547237076648,0.013814616755793227,0.007575757575757576,0.0066844919786096255
0.028799291094373063,0.011962782454585734,0.004873726185201595,0.25254762959680993,0.005316792202038104,0.0101905183872397,0.007089056269384138,0.012405848471422242,0.007089056269384138,0.017279574656623838,0.00664599025254763,0.008861320336730172,0.5959237926451041,0.014178112538768276,0.007975188303057155,0.008861320336730172
0.029910714285714287,0.010267857142857143,0.004910714285714286,0.259375,0.004910714285714286,0.009375,0.008035714285714285,0.010714285714285714,0.006696428571428571,0.016964285714285713,0.007142857142857143,0.009821428571428571,0.5892857142857143,0.014732142857142857,0.008482142857142856,0.009375
0.02961980548187445,0.008841732979664015,0.004862953138815208,0.2564102564102564,0.007515473032714412,0.011494252873563218,0.007073386383731211,0.008841732979664015,0.00618921308576481,0.015915119363395226,0.007957559681697613,0.010610079575596816,0.5906277630415562,0.015915119363395226,0.008841732979664015,0.009283819628647215
0.03094606542882405,0.008399646330680813,0.005305039787798408,0.2493368700265252,0.007515473032714412,0.013262599469496022,0.007073386383731211,0.007957559681697613,0.007073386383731211,0.016799292661361626,0.006631299734748011,0.011936339522546418,0.5941644562334217,0.015915119363395226,0.009283819628647215,0.008399646330680813
0.031069684864624945,0.00887705281846427,0.005326231691078562,0.24944518419884598,0.006657789613848202,0.010652463382157125,0.007101642254771416,0.007545494895694629,0.007989347536617843,0.016866400355082113,0.005770084332001775,0.011096316023080338,0.5969818020417221,0.016866400355082113,0.007989347536617843,0.009764758100310697
0.029863855950812472,0.00878348704435661,0.004830917874396135,0.24242424242424243,0.006587615283267457,0.011418533157663592,0.007026789635485288,0.006587615283267457,0.00878348704435661,0.017127799736495388,0.005270092226613966,0.00878348704435661,0.6082564778216952,0.01668862538427756,0.007026789635485288,0.010540184453227932
0.028469750889679714,0.007562277580071174,0.004893238434163701,0.23843416370106763,0.0066725978647686835,0.01112099644128114,0.0066725978647686835,0.006227758007117438,0.009341637010676156,0.01601423487544484,0.004893238434163701,0.008896797153024912,0.6169928825622776,0.016459074733096084,0.00800711743772242,0.009341637010676156
0.031180400890868598,0.0066815144766146995,0.004899777282850779,0.23875278396436525,0.008463251670378619,0.009799554565701559,0.0071269487750556795,0.0071269487750556795,0.0075723830734966595,0.014699331848552339,0.005345211581291759,0.008463251670378619,0.6173719376391982,0.01648106904231626,0.0075723830734966595,0.008463251670378619
0.033928571428571426,0.005803571428571429,0.005357142857142857,0.24196428571428572,0.008035714285714285,0.011607142857142858,0.007142857142857143,0.007142857142857143,0.007589285714285714,0.014732142857142857,0.005803571428571429,0.008035714285714285,0.6116071428571429,0.016517857142857143,0.007142857142857143,0.007589285714285714
0.03093239063190455,0.0061864781263809105,0.004860804242156429,0.24436588599204595,0.008837825894829872,0.012814847547503314,0.007070260715863898,0.007512152010605391,0.007954043305346884,0.014140521431727796,0.005302695536897923,0.007954043305346884,0.6115775519222272,0.016349977905435263,0.0061864781263809105,0.007954043305346884
0.027531083481349913,0.006216696269982238,0.005772646536412078,0.2468916518650089,0.008436944937833037,0.012433392539964476,0.007104795737122558,0.008880994671403197,0.007992895204262877,0.012433392539964476,0.003996447602131439,0.008436944937833037,0.6154529307282416,0.014653641207815276,0.006216696269982238,0.007548845470692718
0.03113879003558719,0.005338078291814947,0.004893238434163701,0.24644128113879005,0.00800711743772242,0.012455516014234875,0.006227758007117438,0.009786476868327402,0.00800711743772242,0.01201067615658363,0.0035587188612099642,0.007562277580071174,0.6156583629893239,0.015124555160142349,0.005782918149466192,0.00800711743772242
0.032458870609159626,0.005780346820809248,0.005335704757670075,0.24544241885282347,0.007114273010226767,0.010226767452200978,0.006669630947087594,0.009337483325922631,0.009337483325922631,0.011560693641618497,0.004001778568252557,0.008892841262783458,0.6158292574477545,0.014228546020453535,0.006224988883948421,0.00755891507336594
0.03445190156599553,0.0058165548098434005,0.005369127516778523,0.24608501118568232,0.0058165548098434005,0.009843400447427294,0.008053691275167786,0.009395973154362415,0.008948545861297539,0.011633109619686801,0.003131991051454139,0.008948545861297539,0.6138702460850112,0.014317673378076063,0.0071588366890380315,0.0071588366890380315
0.03471295060080107,0.004005340453938585,0.005785491766800178,0.24877614597240766,0.004895416110369382,0.009790832220738763,0.006675567423230975,0.008900756564307966,0.006675567423230975,0.012016021361815754,0.0035603026257231864,0.008900756564307966,0.6159323542501113,0.014241210502892745,0.008455718736092568,0.006675567423230975
0.034203420342034205,0.0036003600360036,0.0058505850585058505,0.24572457245724572,0.0049504950495049506,0.009450945094509451,0.0063006300630063005,0.009450945094509451,0.0072007200720072,0.011701170117011701,0.0027002700270027003,0.008550855085508551,0.6210621062106211,0.01485148514851485,0.008550855085508551,0.0058505850585058505
0.03584070796460177,0.0035398230088495575,0.005752212389380531,0.24513274336283186,0.0048672566371681415,0.009734513274336283,0.005752212389380531,0.009734513274336283,0.00752212389380531,0.010619469026548672,0.0035398230088495575,0.009734513274336283,0.6221238938053097,0.01327433628318584,0.007079646017699115,0.005752212389380531
0.038839285714285715,0.0035714285714285713,0.005357142857142857,0.23973214285714287,0.006696428571428571,0.009821428571428571,0.00625,0.008928571428571428,0.008482142857142856,0.009821428571428571,0.0035714285714285713,0.009375,0.6227678571428571,0.012053571428571429,0.007589285714285714,0.007142857142857143
0.03992901508429459,0.003992901508429458,0.006211180124223602,0.240905057675244,0.0075421472937000885,0.011535048802129548,0.006654835847382431,0.008873114463176575,0.007985803016858917,0.009760425909494233,0.0044365572315882874,0.008429458740017746,0.6157941437444543,0.012866015971606033,0.007985803016858917,0.00709849157054126
0.041796353935082256,0.004446420631391729,0.005335704757670075,0.2432192085371276,0.007114273010226767,0.012894619831036016,0.006224988883948421,0.009782125389061804,0.00755891507336594,0.009337483325922631,0.0035571365051133837,0.008448199199644287,0.6109381947532236,0.014673188083592708,0.00755891507336594,0.007114273010226767
0.04242156429518339,0.004860804242156429,0.005302695536897923,0.23685373398144058,0.007954043305346884,0.012372956252761821,0.0057445868316394165,0.008837825894829872,0.007954043305346884,0.009279717189571365,0.003535130357931949,0.007954043305346884,0.6199734865223155,0.014140521431727796,0.0061864781263809105,0.006628369421122404
0.04666666666666667,0.004,0.006222222222222222,0.23466666666666666,0.008,0.012,0.0057777777777777775,0.009333333333333334,0.007555555555555556,0.010222222222222223,0.0035555555555555557,0.008888888888888889,0.6146666666666667,0.013333333333333334,0.006222222222222222,0.008888888888888889
0.044315129811996416,0.0040286481647269475,0.007162041181736795,0.2341092211280215,0.008504923903312443,0.011638316920322292,0.005371530886302597,0.011190689346463742,0.007162041181736795,0.011638316920322292,0.004476275738585497,0.008504923903312443,0.6150402864816473,0.012981199641897942,0.005819158460161146,0.008057296329453895
0.04939380332285586,0.004041311180960934,0.00673551863493489,0.23349797934440952,0.008531656937584195,0.010327795240233499,0.006286484059272564,0.010327795240233499,0.00673551863493489,0.010776829815895825,0.004939380332285586,0.008531656937584195,0.6120341266277504,0.013022002694207453,0.006286484059272564,0.008531656937584195
0.049597855227882036,0.0035746201966041107,0.00580875781948168,0.22832886505808758,0.00938337801608579,0.010723860589812333,0.005361930294906166,0.00938337801608579,0.0071492403932082215,0.01161751563896336,0.005361930294906166,0.008936550491510277,0.6184092940125112,0.01161751563896336,0.00580875781948168,0.008936550491510277
0.04997748761819001,0.0036019810895992796,0.00585321927059883,0.22917604682575415,0.010805943268797838,0.010805943268797838,0.00585321927059883,0.00990544799639802,0.00675371454299865,0.010355695632597929,0.005402971634398919,0.00990544799639802,0.615038271049077,0.00990544799639802,0.006303466906798739,0.010355695632597929
0.051890941072999124,0.00395778364116095,0.005277044854881266,0.22823218997361477,0.009674582233948988,0.010114335971855761,0.005716798592788039,0.010554089709762533,0.007036059806508356,0.010114335971855761,0.005716798592788039,0.010993843447669306,0.6152154793315743,0.009234828496042216,0.006156552330694811,0.010114335971855761
0.05115658362989324,0.004448398576512456,0.006227758007117438,0.22864768683274023,0.010231316725978648,0.010231316725978648,0.005338078291814947,0.011565836298932384,0.006227758007117438,0.010231316725978648,0.006227758007117438,0.01201067615658363,0.6112099644128114,0.009786476868327402,0.0066725978647686835,0.009786476868327402
0.05175438596491228,0.004824561403508772,0.0061403508771929825,0.2267543859649123,0.010964912280701754,0.010526315789473684,0.0043859649122807015,0.011403508771929825,0.005263157894736842,0.011403508771929825,0.006578947368421052,0.013157894736842105,0.6105263157894737,0.009649122807017544,0.0061403508771929825,0.010526315789473684
0.050666666666666665,0.0044444444444444444,0.004888888888888889,0.2262222222222222,0.011111111111111112,0.008888888888888889,0.004888888888888889,0.010666666666666666,0.005333333333333333,0.010666666666666666,0.006222222222222222,0.014222222222222223,0.6155555555555555,0.010222222222222223,0.005333333333333333,0.010666666666666666
0.050442477876106194,0.004424778761061947,0.003982300884955752,0.2243362831858407,0.010176991150442478,0.008849557522123894,0.005752212389380531,0.010619469026548672,0.005752212389380531,0.011504424778761062,0.005752212389380531,0.012831858407079646,0.6176991150442478,0.010619469026548672,0.006194690265486726,0.011061946902654867
0.05102040816326531,0.0048802129547471165,0.0044365572315882874,0.2267080745341615,0.011535048802129548,0.008873114463176575,0.005323868677905945,0.008873114463176575,0.005323868677905945,0.012866015971606033,0.006654835847382431,0.012866015971606033,0.6144631765749778,0.009760425909494233,0.006211180124223602,0.01020408163265306
0.04953560371517028,0.005307386112339673,0.004422821760283061,0.22910216718266255,0.011499336576735958,0.008403361344537815,0.004865103936311367,0.009287925696594427,0.005749668288367979,0.012826183104820876,0.006634232640424591,0.01238390092879257,0.6174259177355153,0.00796107916850951,0.004865103936311367,0.009730207872622734
0.04986642920747997,0.006233303650934996,0.004007123775601068,0.22484416740872662,0.011130899376669634,0.008459483526268923,0.005342831700801425,0.009349955476402494,0.006678539626001781,0.014692787177203919,0.006678539626001781,0.011130899376669634,0.6184327693677649,0.008014247551202136,0.004007123775601068,0.011130899376669634
0.05394736842105263,0.0061403508771929825,0.0030701754385964912,0.22543859649122808,0.010087719298245614,0.007456140350877193,0.006578947368421052,0.009649122807017544,0.007456140350877193,0.014473684210526316,0.007017543859649123,0.010526315789473684,0.6153508771929824,0.006578947368421052,0.004824561403508772,0.011403508771929825
0.05474613686534217,0.006622516556291391,0.003532008830022075,0.22030905077262694,0.007947019867549669,0.0075055187637969095,0.006622516556291391,0.010154525386313467,0.00706401766004415,0.012362030905077263,0.005739514348785872,0.009713024282560706,0.6260485651214128,0.0075055187637969095,0.003973509933774834,0.010154525386313467
0.05558025789239662,0.006669630947087594,0.004001778568252557,0.22321031569586483,0.008003557136505114,0.008003557136505114,0.006224988883948421,0.01067140951534015,0.00755891507336594,0.01511783014673188,0.004891062694530902,0.01200533570475767,0.6180524677634505,0.007114273010226767,0.004001778568252557,0.008892841262783458
0.060619469026548675,0.00663716814159292,0.004424778761061947,0.21814159292035398,0.007079646017699115,0.008407079646017699,0.007079646017699115,0.011061946902654867,0.009292035398230088,0.016371681415929203,0.005752212389380531,0.012831858407079646,0.6092920353982301,0.008407079646017699,0.003982300884955752,0.010619469026548672
0.06230802983764809,0.007459412022817025,0.004826678367705134,0.2198332602018429,0.006581834137779728,0.008336989907854322,0.007020623080298377,0.011408512505484861,0.008775778850372971,0.015357612988152698,0.007020623080298377,0.013602457218078104,0.6037735849056604,0.009214567792891619,0.004387889425186486,0.010092145677928916
0.06051236749116608,0.007508833922261484,0.00441696113074205,0.21068904593639576,0.007067137809187279,0.009717314487632508,0.007508833922261484,0.012367491166077738,0.009275618374558304,0.015017667844522967,0.0066254416961130744,0.013692579505300354,0.6104240282685512,0.011484098939929329,0.00530035335689046,0.008392226148409895
0.06040564373897707,0.007936507936507936,0.005731922398589065,0.21296296296296297,0.007054673721340388,0.010141093474426807,0.007054673721340388,0.011904761904761904,0.00837742504409171,0.01455026455026455,0.006172839506172839,0.013668430335097001,0.6097883597883598,0.011904761904761904,0.005291005291005291,0.007054673721340388
0.06258381761287439,0.008493518104604381,0.00581135449262405,0.20339740724184174,0.008046490835940992,0.010281627179257935,0.007152436298614216,0.012963790791238265,0.008493518104604381,0.013410818059901655,0.00581135449262405,0.012516763522574878,0.6168976307554761,0.010281627179257935,0.00581135449262405,0.008046490835940992
