C_R,C_A,C_S,C_N,D_R,D_A,D_S,D_N,Oc_R,Oc_A,Oc_S,Oc_N,Od_R,Od_A,Od_S,Od_N
0.0,0.0,0.0,0.0,0.0,0.0,0.0,1.0,0.0,0.0,0.0,0.0,0.0,0.0,0.0,0.0
0.0,0.0,0.0,0.0,0.5,0.0,0.0,0.5,0.0,0.0,0.0,0.0,0.0,0.0,0.0,0.0
0.0,0.0,0.2,0.0,0.4,0.0,0.0,0.4,0.0,0.0,0.0,0.0,0.0,0.0,0.0,0.0
0.0,0.0,0.2222222222222222,0.1111111111111111,0.3333333333333333,0.0,0.0,0.3333333333333333,0.0,0.0,0.0,0.0,0.0,0.0,0.0,0.0
0.0,0.0,0.14814814814814814,0.1111111111111111,0.3333333333333333,0.0,0.0,0.37037037037037035,0.0,0.0,0.0,0.0,0.0,0.0,0.037037037037037035,0.0
0.0,0.0,0.10256410256410256,0.07692307692307693,0.3333333333333333,0.0,0.0,0.41025641025641024,0.0,0.0,0.0,0.02564102564102564,0.0,0.0,0.05128205128205128,0.0
0.0,0.0,0.14754098360655737,0.09836065573770492,0.3114754098360656,0.01639344262295082,0.0,0.39344262295081966,0.0,0.0,0.0,0.01639344262295082,0.0,0.0,0.01639344262295082,0.0
0.0,0.0,0.14634146341463414,0.10975609756097561,0.2926829268292683,0.012195121951219513,0.0,0.36585365853658536,0.0,0.0,0.0,0.012195121951219513,0.024390243902439025,0.0,0.024390243902439025,0.012195121951219513
0.0,0.0,0.15454545454545454,0.12727272727272726,0.3,0.00909090909090909,0.0,0.33636363636363636,0.0,0.0,0.0,0.00909090909090909,0.02727272727272727,0.0,0.02727272727272727,0.00909090909090909
0.0,0.0,0.15723270440251572,0.1509433962264151,0.27672955974842767,0.006289308176100629,0.0,0.3270440251572327,0.0,0.0,0.0,0.012578616352201259,0.018867924528301886,0.0,0.0440251572327044,0.006289308176100629
0.0,0.0,0.15422885572139303,0.13432835820895522,0.26865671641791045,0.004975124378109453,0.0,0.31840796019900497,0.0,0.0,0.004975124378109453,0.014925373134328358,0.03482587064676617,0.0,0.05970149253731343,0.004975124378109453
0.0037593984962406013,0.0,0.15037593984962405,0.13533834586466165,0.24812030075187969,0.007518796992481203,0.0037593984962406013,0.31954887218045114,0.0,0.0,0.007518796992481203,0.011278195488721804,0.045112781954887216,0.0037593984962406013,0.05639097744360902,0.007518796992481203
0.0061162079510703364,0.0030581039755351682,0.15902140672782875,0.1529051987767584,0.24464831804281345,0.0061162079510703364,0.0061162079510703364,0.26605504587155965,0.0030581039755351682,0.0,0.009174311926605505,0.01529051987767584,0.05504587155963303,0.0030581039755351682,0.06422018348623854,0.0061162079510703364
0.007281553398058253,0.0024271844660194173,0.1650485436893204,0.1553398058252427,0.24514563106796117,0.0048543689320388345,0.009708737864077669,0.24514563106796117,0.0024271844660194173,0.0,0.009708737864077669,0.014563106796116505,0.06067961165048544,0.0048543689320388345,0.06310679611650485,0.009708737864077669
0.012024048096192385,0.0,0.1523046092184369,0.1523046092184369,0.23246492985971945,0.008016032064128256,0.012024048096192385,0.23647294589178355,0.002004008016032064,0.002004008016032064,0.01603206412825651,0.02004008016032064,0.06613226452905811,0.006012024048096192,0.07014028056112225,0.012024048096192385
0.0165016501650165,0.0033003300330033004,0.15841584158415842,0.15181518151815182,0.21287128712871287,0.00825082508250825,0.0165016501650165,0.22937293729372937,0.0016501650165016502,0.0016501650165016502,0.018151815181518153,0.024752475247524754,0.07425742574257425,0.006600660066006601,0.06105610561056106,0.01485148514851485
0.0221606648199446,0.0110803324099723,0.14681440443213298,0.1592797783933518,0.20914127423822715,0.00554016620498615,0.019390581717451522,0.2146814404432133,0.0013850415512465374,0.0013850415512465374,0.024930747922437674,0.024930747922437674,0.07894736842105263,0.006925207756232687,0.05955678670360111,0.013850415512465374
0.03391812865497076,0.011695906432748537,0.1415204678362573,0.16374269005847952,0.1976608187134503,0.005847953216374269,0.022222222222222223,0.19883040935672514,0.0011695906432748538,0.0011695906432748538,0.028070175438596492,0.03391812865497076,0.0783625730994152,0.005847953216374269,0.05847953216374269,0.017543859649122806
0.04056795131845842,0.014198782961460446,0.13184584178498987,0.15821501014198783,0.19776876267748478,0.009127789046653144,0.02129817444219067,0.1896551724137931,0.0030425963488843813,0.0010141987829614604,0.030425963488843813,0.033468559837728194,0.08012170385395538,0.005070993914807302,0.061866125760649086,0.02231237322515213
0.04869251577998197,0.016230838593327322,0.11722272317403065,0.15960324616771868,0.19026149684400362,0.010820559062218215,0.023444544634806132,0.17853922452660054,0.002705139765554554,0.0018034265103697023,0.03606853020739405,0.031559963931469794,0.09287646528403967,0.005410279531109108,0.062218214607754736,0.02254283137962128
0.05433070866141732,0.01811023622047244,0.11968503937007874,0.15826771653543306,0.17795275590551182,0.01653543307086614,0.024409448818897637,0.15905511811023623,0.002362204724409449,0.0015748031496062992,0.04015748031496063,0.03385826771653543,0.0984251968503937,0.006299212598425197,0.06771653543307087,0.02125984251968504
0.0569164265129683,0.021613832853025938,0.11095100864553314,0.15922190201729106,0.16786743515850144,0.0223342939481268,0.02377521613832853,0.15129682997118155,0.002161383285302594,0.001440922190201729,0.04106628242074928,0.03602305475504323,0.10086455331412104,0.010806916426512969,0.06772334293948126,0.025936599423631124
0.062082777036048066,0.020026702269692925,0.10013351134846461,0.16355140186915887,0.16488651535380508,0.028037383177570093,0.02069425901201602,0.15086782376502003,0.0026702269692923898,0.0020026702269692926,0.042723631508678236,0.04072096128170895,0.10146862483311081,0.011348464619492658,0.062082777036048066,0.0267022696929239
0.06281094527363185,0.021144278606965175,0.09701492537313433,0.1654228855721393,0.1654228855721393,0.033582089552238806,0.023009950248756218,0.14427860696517414,0.0024875621890547263,0.003109452736318408,0.043532338308457715,0.04228855721393035,0.09888059701492537,0.013059701492537313,0.05845771144278607,0.025497512437810944
0.06455399061032864,0.02464788732394366,0.0886150234741784,0.16490610328638497,0.16901408450704225,0.03990610328638498,0.02640845070422535,0.13262910798122066,0.004107981220657277,0.0035211267605633804,0.045774647887323945,0.04401408450704225,0.09800469483568075,0.011737089201877934,0.058098591549295774,0.024061032863849766
0.06370126304228446,0.02800658978583196,0.08237232289950576,0.16474464579901152,0.15980230642504117,0.04503020318506315,0.027457440966501923,0.12685337726523888,0.004393190554640308,0.0032948929159802307,0.04503020318506315,0.046677649643053265,0.10598572213069742,0.011532125205930808,0.058209774848984076,0.026908292147171883
0.06434872859366891,0.03009859885832901,0.08406850025947069,0.15879605604566685,0.16398546964193045,0.04566683964711987,0.0316554229372081,0.1209133367929424,0.0036325895173845357,0.005708354955889984,0.0467047223663726,0.04929942916450441,0.09963674104826155,0.011416709911779968,0.05864037363777893,0.02542812662169175
0.06574923547400612,0.03160040774719674,0.07849133537206932,0.1559633027522936,0.1671763506625892,0.04943934760448522,0.03567787971457696,0.11365953109072376,0.004077471967380225,0.006625891946992864,0.04943934760448522,0.04485219164118247,0.1019367991845056,0.011722731906218144,0.058613659531090725,0.024974515800203875
0.06656804733727811,0.03106508875739645,0.07544378698224852,0.15433925049309666,0.16222879684418146,0.05128205128205128,0.03747534516765286,0.11587771203155818,0.0034516765285996054,0.006903353057199211,0.04980276134122288,0.048323471400394474,0.09812623274161736,0.013806706114398421,0.05719921104536489,0.028106508875739646
0.06408417025346724,0.032520325203252036,0.07747489239598278,0.15399330463892874,0.15925394548063126,0.04925872788139646,0.043041606886657105,0.11621233859397417,0.0028694404591104736,0.007173601147776184,0.04925872788139646,0.05308464849354376,0.09516977522716404,0.012434241989478718,0.05834528933524629,0.02582496413199426
0.0706880301602262,0.033930254476908575,0.07492931196983978,0.15221489161168708,0.16069745523091422,0.0471253534401508,0.04241281809613572,0.11357210179076344,0.004241281809613572,0.007540056550424128,0.049010367577756835,0.05560791705937795,0.08906691800188501,0.012252591894439209,0.057492931196983975,0.029217719132893498
0.0697459584295612,0.03418013856812933,0.07020785219399538,0.14595842956120092,0.15935334872979215,0.045727482678983834,0.046189376443418015,0.11085450346420324,0.004157043879907622,0.009237875288683603,0.051270207852193994,0.058660508083140876,0.09191685912240184,0.013856812933025405,0.058660508083140876,0.03002309468822171
0.0710728836577637,0.033952014486192846,0.06971480307831598,0.14938886373924853,0.15255771842462654,0.047080126754187414,0.05070167496604799,0.11272068809416025,0.004526935264825713,0.009959257582616569,0.05160706201901313,0.05613399728383884,0.08782254413761884,0.01810774105930285,0.05568130375735627,0.028972385694884563
0.07319263583295914,0.03412662775033678,0.06780422092501123,0.14818140996856757,0.1522227211495285,0.046250561293219576,0.04580152671755725,0.10417602155365963,0.006286484059272564,0.013022002694207453,0.05343511450381679,0.058823529411764705,0.08756174225415357,0.018410417602155366,0.05927256398742703,0.03143242029636282
0.07082779991146525,0.03275785745905268,0.06861443116423196,0.15449313855688357,0.15449313855688357,0.046923417441345726,0.045595396193005754,0.1018149623727313,0.006640106241699867,0.01416555998229305,0.053563523683045594,0.05754758742806552,0.08455068614431165,0.019034971226206288,0.05843293492695883,0.03054448871181939
0.07241226121723679,0.033762772101288314,0.07019102621057308,0.1528209684584629,0.15015548645046645,0.047090182141270545,0.04264771212794314,0.10439804531319413,0.006219458018658374,0.01288316303864949,0.053753887161261664,0.056863616170590846,0.08573967125721901,0.02087960906263883,0.05819635717458907,0.03198578409595735
0.0719964664310954,0.03312720848056537,0.06978798586572438,0.15503533568904593,0.1515017667844523,0.045053003533568906,0.04284452296819788,0.10379858657243816,0.007067137809187279,0.012809187279151944,0.053003533568904596,0.05742049469964664,0.08524734982332155,0.022968197879858657,0.05830388692579505,0.030035335689045935
0.07364685004436557,0.03327417923691216,0.06787932564330079,0.15394853593611357,0.14862466725820764,0.04525288376220053,0.04614019520851819,0.10204081632653061,0.00709849157054126,0.013753327417923691,0.050576752440106475,0.05723158828748891,0.08695652173913043,0.024844720496894408,0.05989352262644188,0.02883762200532387
0.07317073170731707,0.03547671840354767,0.07139689578713969,0.15432372505543238,0.14368070953436807,0.04567627494456763,0.04212860310421286,0.10066518847006652,0.007095343680709534,0.013747228381374724,0.05232815964523282,0.06075388026607539,0.08292682926829269,0.024390243902439025,0.06075388026607539,0.03148558758314856
0.07260869565217391,0.034782608695652174,0.07173913043478261,0.15956521739130436,0.14130434782608695,0.04652173913043478,0.04,0.09956521739130435,0.006956521739130435,0.01391304347826087,0.05304347826086957,0.058695652173913045,0.08478260869565217,0.026956521739130435,0.057391304347826085,0.03217391304347826
0.07695729537366548,0.036476868327402136,0.07250889679715303,0.15080071174377224,0.13923487544483987,0.046263345195729534,0.04359430604982206,0.09741992882562278,0.00800711743772242,0.01601423487544484,0.056494661921708184,0.06094306049822064,0.08051601423487545,0.026690391459074734,0.05693950177935943,0.03113879003558719
0.07822222222222222,0.03688888888888889,0.07333333333333333,0.15244444444444444,0.14266666666666666,0.04711111111111111,0.044444444444444446,0.09777777777777778,0.008,0.013333333333333334,0.051555555555555556,0.06,0.07822222222222222,0.02711111111111111,0.057777777777777775,0.03111111111111111
0.07685512367491167,0.0353356890459364,0.06934628975265017,0.15282685512367492,0.14266784452296818,0.044169611307420496,0.045936395759717315,0.0980565371024735,0.007508833922261484,0.013250883392226149,0.0534452296819788,0.062279151943462896,0.0812720848056537,0.029151943462897525,0.05653710247349823,0.03136042402826855
0.07563025210084033,0.03449800973020787,0.07032286598850067,0.15170278637770898,0.1393188854489164,0.045112781954887216,0.048651039363113664,0.09907120743034056,0.008403361344537815,0.013268465280849183,0.05218929677134011,0.06147722246793454,0.08314904909332153,0.02786377708978328,0.057054400707651484,0.03228659885006634
0.07862190812720848,0.03489399293286219,0.0715547703180212,0.15591872791519434,0.142226148409894,0.04372791519434629,0.04770318021201413,0.10026501766784453,0.009275618374558304,0.013692579505300354,0.05123674911660778,0.05918727915194346,0.0799469964664311,0.026943462897526502,0.053886925795053005,0.030918727915194347
0.07843996494303243,0.03418054338299737,0.07186678352322524,0.15556529360210342,0.13935144609991235,0.04557405784399649,0.046012269938650305,0.0985977212971078,0.008764241893076249,0.013584574934268186,0.05390008764241893,0.0635407537248028,0.07975460122699386,0.026292725679228746,0.054776511831726556,0.029798422436459245
0.08428949691085613,0.03309796999117388,0.07105030891438659,0.15048543689320387,0.1407766990291262,0.0441306266548985,0.04633715798764342,0.0997352162400706,0.009708737864077669,0.014563106796116505,0.050750220653133275,0.06266548984995587,0.07722859664607237,0.026919682259488084,0.05692850838481906,0.03133274492497794
0.08541392904073587,0.03416557161629435,0.07052124397722295,0.1533070521243977,0.1392904073587385,0.045992115637319315,0.04686815593517302,0.09855453350854139,0.010074463425317565,0.016206745510293472,0.04949627682873412,0.06263688129653965,0.07621550591327202,0.026281208935611037,0.053438458169075775,0.03153745072273324
0.08612226684515842,0.03346720214190094,0.07407407407407407,0.15885765283355643,0.13609995537706382,0.04730031236055333,0.04506916555109326,0.09817045961624275,0.012048192771084338,0.01740294511378849,0.04819277108433735,0.0642570281124498,0.071396697902722,0.025881302989736725,0.051316376617581434,0.03034359660865685
0.08689898544331716,0.03617115130127922,0.07719453021614468,0.15438906043228937,0.13586237318041464,0.049404499338332596,0.0458756065284517,0.09969122187913543,0.011910013233348038,0.0141155712395236,0.043228936921041024,0.06484340538156154,0.07366563740626378,0.024702249669166298,0.05337450374944861,0.02867225408028231
0.0815241470979176,0.034559149313247675,0.07576428887904298,0.15241470979175897,0.13690739920248116,0.05050952591936198,0.047851129818342934,0.09658839167035889,0.012405848471422242,0.014178112538768276,0.04474966770048737,0.0664599025254763,0.07354895879486044,0.02525476295968099,0.05449712007089056,0.03278688524590164
0.08687943262411348,0.03634751773049645,0.0749113475177305,0.1529255319148936,0.13652482269503546,0.05053191489361702,0.051418439716312055,0.0899822695035461,0.012411347517730497,0.012854609929078014,0.043882978723404256,0.0673758865248227,0.0726950354609929,0.02304964539007092,0.053634751773049646,0.034574468085106384
0.09110915492957747,0.03433098591549296,0.07262323943661972,0.15096830985915494,0.1382042253521127,0.04973591549295775,0.04753521126760563,0.09419014084507042,0.01232394366197183,0.014084507042253521,0.043133802816901406,0.06470070422535211,0.07174295774647887,0.023767605633802816,0.05545774647887324,0.03609154929577465
0.0896643109540636,0.03401060070671378,0.07243816254416961,0.14664310954063603,0.1356007067137809,0.05123674911660778,0.04902826855123675,0.09540636042402827,0.011925795053003533,0.014575971731448763,0.04328621908127209,0.06537102473498234,0.07464664310954064,0.023851590106007067,0.0534452296819788,0.038869257950530034
0.09183222958057395,0.03487858719646799,0.07328918322295806,0.14260485651214128,0.13509933774834437,0.05033112582781457,0.04856512141280353,0.09624724061810154,0.012362030905077263,0.013245033112582781,0.04326710816777042,0.06975717439293598,0.07505518763796909,0.023399558498896248,0.054304635761589407,0.03576158940397351
0.09536307961504811,0.03455818022747156,0.07174103237095363,0.1426071741032371,0.13123359580052493,0.048118985126859144,0.05249343832020997,0.09186351706036745,0.01399825021872266,0.015748031496062992,0.04111986001749781,0.06824146981627296,0.0752405949256343,0.02537182852143482,0.05380577427821522,0.03849518810148731
0.09350307287093942,0.03292361720807726,0.07243195785776997,0.14705882352941177,0.1273046532045654,0.05179982440737489,0.056189640035118525,0.08867427568042142,0.014925373134328358,0.017120280948200176,0.04038630377524144,0.06540825285338016,0.0733099209833187,0.027216856892010536,0.053994732221246705,0.03775241439859526
0.09438103599648814,0.033801580333625986,0.07462686567164178,0.14705882352941177,0.12071992976294996,0.05179982440737489,0.05575065847234416,0.08604038630377524,0.017120280948200176,0.01755926251097454,0.04038630377524144,0.07023705004389816,0.07111501316944688,0.0276558384547849,0.05311676909569798,0.038630377524143986
0.09673144876325088,0.03180212014134275,0.0706713780918728,0.14708480565371024,0.1166077738515901,0.052120141342756186,0.05565371024734982,0.08657243816254417,0.017226148409893994,0.018992932862190812,0.04019434628975265,0.0715547703180212,0.07597173144876325,0.02782685512367491,0.052120141342756186,0.038869257950530034
0.09443954104148279,0.03353927625772286,0.07413945278022947,0.14651368049426303,0.11297440423654016,0.054280670785525155,0.05560458958517211,0.08737864077669903,0.017210944395410415,0.018534863195057368,0.04060017652250662,0.06751985878199471,0.07766990291262135,0.028684907325684024,0.054280670785525155,0.03662842012356576
0.09719789842381786,0.03458844133099825,0.07311733800350263,0.14929947460595447,0.11427320490367776,0.04947460595446585,0.05472854640980736,0.0862521891418564,0.01795096322241681,0.01532399299474606,0.037215411558669004,0.07049036777583187,0.07924693520140105,0.02714535901926445,0.05297723292469352,0.040718038528896675
0.09408127208480566,0.03666077738515901,0.07729681978798586,0.1519434628975265,0.11219081272084806,0.04991166077738516,0.053886925795053005,0.08524734982332155,0.020318021201413426,0.015459363957597174,0.037102473498233215,0.06669611307420495,0.07862190812720848,0.026943462897526502,0.053886925795053005,0.03975265017667844
0.09624724061810154,0.03620309050772627,0.07505518763796909,0.15187637969094922,0.1130242825607064,0.04900662251655629,0.05121412803532009,0.0869757174392936,0.018984547461368653,0.01545253863134658,0.03664459161147903,0.07152317880794702,0.07770419426048565,0.025607064017660046,0.052097130242825605,0.0423841059602649
0.09575863576738085,0.038478355924792304,0.08089199825098382,0.1530389156099694,0.10931351114997814,0.050284215128989944,0.04897245299519021,0.08919982509838216,0.019676432006996064,0.017052907739396588,0.034980323567993,0.069960647135986,0.080017490161784,0.023174464363795364,0.048535198950590296,0.040664626147791864
0.09574468085106383,0.040780141843971635,0.07712765957446809,0.15824468085106383,0.10682624113475177,0.04831560283687943,0.05186170212765957,0.08909574468085106,0.022163120567375887,0.018173758865248225,0.034574468085106384,0.06604609929078015,0.08067375886524823,0.020390070921985817,0.04565602836879433,0.044326241134751775
0.09010208610741234,0.040390590324012425,0.079005770084332,0.15889924545051043,0.1051930758988016,0.047936085219707054,0.05193075898801598,0.08965823346648913,0.022636484687083888,0.018197958277851752,0.03506435863293387,0.06790945406125166,0.0821127385707945,0.020417221482467822,0.044829116733244564,0.04571682201509099
0.09090909090909091,0.037768994290733424,0.07465963987703118,0.16512955643390426,0.10276679841897234,0.05006587615283267,0.04830917874396135,0.09003074220465525,0.024154589371980676,0.020641194554238032,0.036012296881862096,0.06455862977602109,0.08388230127360562,0.019762845849802372,0.04787000439174352,0.043478260869565216
0.09585376727596968,0.041462327240303166,0.07356219349086046,0.15737851092287117,0.10209540793580027,0.04993312527864467,0.04859563085153812,0.09184128399465002,0.0231832367365136,0.019170753455193937,0.03343736067766384,0.06509139545251895,0.0806954971020954,0.0231832367365136,0.04770396790013375,0.04681230494872938
0.09373611728120836,0.041314971123944916,0.07063527321190582,0.1581519324744558,0.10128831630386495,0.04975566414926699,0.050199911150599734,0.08707241226121723,0.02310084406930253,0.02132385606397157,0.03331852509995557,0.06574855619724566,0.08529542425588628,0.021768103065304308,0.04886717014660151,0.04842292314526877
0.09836788707543008,0.03970004411116013,0.07101896779885311,0.16012351124834584,0.09880899867666519,0.05116894574327305,0.049404499338332596,0.08645787384208205,0.024702249669166298,0.019850022055580063,0.03396559329510366,0.06440229378032643,0.0886634318482576,0.01808557565063961,0.050727834142037936,0.04455227172474636
0.09938162544169611,0.03666077738515901,0.06934628975265017,0.1607773851590106,0.09938162544169611,0.05256183745583039,0.04946996466431095,0.08524734982332155,0.02429328621908127,0.02075971731448763,0.03268551236749117,0.06404593639575971,0.09054770318021202,0.017226148409893994,0.05035335689045936,0.04726148409893993
0.09540636042402827,0.0357773851590106,0.07376325088339222,0.16431095406360424,0.09938162544169611,0.04902826855123675,0.04991166077738516,0.08613074204946997,0.026060070671378093,0.022084805653710248,0.030918727915194347,0.061837455830388695,0.08657243816254417,0.018551236749116608,0.0534452296819788,0.046819787985865724
0.09991158267020336,0.033156498673740056,0.07206012378426171,0.16224580017683465,0.09725906277630415,0.046861184792219276,0.04730327144120248,0.08399646330680813,0.027851458885941646,0.022546419098143235,0.033156498673740056,0.0605658709106985,0.09018567639257294,0.019451812555260833,0.052608311229000886,0.05083996463306808
0.09960334949316879,0.02864698104892023,0.07139709122961657,0.1626267078007933,0.09651828999559277,0.04627589246364037,0.04671661524900837,0.08550022036139268,0.0246804759806082,0.021595416483032173,0.03525782282944028,0.0639048038783605,0.09122961657117673,0.01895107977082415,0.05597179374173645,0.05112384310268841
0.10213143872113677,0.03019538188277087,0.0719360568383659,0.16163410301953818,0.09724689165186501,0.046181172291296625,0.046181172291296625,0.0830373001776199,0.025310834813499113,0.019094138543516874,0.03507992895204263,0.06349911190053285,0.09635879218472469,0.018650088809946713,0.05284191829484902,0.050621669626998225
0.09830960854092527,0.03113879003558719,0.06983985765124555,0.16281138790035588,0.09875444839857651,0.04403914590747331,0.0498220640569395,0.08540925266903915,0.025800711743772242,0.02001779359430605,0.03425266903914591,0.0645017793594306,0.09208185053380782,0.02001779359430605,0.055604982206405695,0.04759786476868327
0.0998240985048373,0.030343007915567283,0.0743183817062445,0.16710642040457344,0.09894459102902374,0.04309586631486367,0.048372911169744945,0.08619173262972735,0.023746701846965697,0.020228671943711522,0.030782761653474055,0.06288478452066842,0.09146877748460862,0.021108179419525065,0.052770448548812667,0.048812664907651716
0.09973753280839895,0.02974628171478565,0.06911636045494313,0.16229221347331582,0.09930008748906387,0.04505686789151356,0.050306211723534555,0.08486439195100612,0.02799650043744532,0.02099737532808399,0.03237095363079615,0.06342957130358705,0.09273840769903761,0.02230971128608924,0.05336832895888014,0.04636920384951881
0.10013291980505096,0.03190075321222862,0.06468763845813026,0.17013735046521933,0.10057598582188747,0.043863535666814356,0.04962339388568897,0.08285334514842711,0.02924235711120957,0.021710234824988923,0.03234381922906513,0.06291537439078422,0.09038546743464776,0.020824102791315906,0.05095259193619849,0.047851129818342934
0.10088105726872247,0.032158590308370046,0.06784140969162995,0.17004405286343613,0.1013215859030837,0.04801762114537445,0.050220264317180616,0.08061674008810572,0.029955947136563875,0.019383259911894272,0.029515418502202642,0.059030837004405284,0.08854625550660793,0.020704845814977973,0.05330396475770925,0.048458149779735685
0.09390083369899078,0.030276437033786747,0.06537955243527863,0.17770952172005267,0.10355419043440105,0.046511627906976744,0.05089951733216323,0.08029837648091268,0.029398859148749453,0.019745502413339184,0.030276437033786747,0.060114085125054846,0.09214567792891619,0.019306713470820535,0.051338306274681875,0.04914436156208864
0.09544851966416261,0.03093239063190455,0.06539991162174105,0.17101193106495802,0.10075121520106053,0.047724259832081305,0.04904993371630579,0.08086610693769333,0.029606716747680072,0.022978347326557666,0.03137428192664605,0.059213433495360145,0.0897039328325232,0.0207688908528502,0.05391073795846222,0.05125939019001326
0.09460654288240496,0.02961980548187445,0.06675508399646331,0.17506631299734748,0.09770114942528736,0.046861184792219276,0.05083996463306808,0.07427055702917772,0.028293545534924844,0.022988505747126436,0.029177718832891247,0.0627763041556145,0.09328028293545534,0.022104332449160036,0.054376657824933686,0.05128205128205128
0.09545049063336307,0.028991971454058876,0.06155218554861731,0.17172167707404104,0.1008028545941124,0.049955396966993755,0.047725245316681535,0.07627118644067797,0.027653880463871544,0.021409455842997322,0.03166815343443354,0.06645851917930419,0.09322033898305085,0.02230151650312221,0.054415700267618196,0.0504014272970562
0.09823008849557523,0.02920353982300885,0.06548672566371681,0.17212389380530974,0.1,0.04911504424778761,0.050442477876106194,0.0747787610619469,0.024778761061946902,0.02168141592920354,0.03008849557522124,0.06504424778761062,0.09424778761061947,0.023451327433628318,0.05353982300884956,0.047787610619469026
0.09574468085106383,0.03102836879432624,0.06560283687943262,0.17109929078014185,0.10106382978723404,0.04964539007092199,0.04920212765957447,0.07801418439716312,0.026152482269503546,0.022163120567375887,0.02969858156028369,0.06294326241134751,0.09308510638297872,0.022163120567375887,0.05274822695035461,0.04964539007092199
0.09398331137461573,0.032498902064119456,0.06280193236714976,0.1712779973649539,0.10408432147562582,0.05006587615283267,0.049187527448397016,0.07949055775142731,0.025472112428634168,0.025032938076416336,0.030303030303030304,0.06411945542380325,0.08959156785243742,0.021080368906455864,0.052261747913921824,0.048748353096179184
0.09299250771264875,0.03261348611723226,0.0639048038783605,0.16571176729836934,0.10092551784927281,0.049801674746584396,0.050683120317320404,0.07933010136624064,0.0251211987659762,0.02600264433671221,0.031732040546496254,0.06478624944909651,0.08902600264433672,0.021154693697664168,0.055531070956368445,0.050683120317320404
0.09178743961352658,0.03469477382520861,0.059727711901624944,0.16820377689942909,0.10144927536231885,0.04830917874396135,0.050505050505050504,0.07949055775142731,0.023715415019762844,0.028107158541941152,0.031181379007465964,0.061923583662714096,0.09003074220465525,0.022837066315327184,0.05884936319718929,0.049187527448397016
0.09030837004405286,0.03480176211453744,0.06079295154185022,0.1696035242290749,0.09823788546255506,0.04757709251101322,0.04977973568281938,0.08061674008810572,0.024669603524229075,0.025991189427312777,0.029955947136563875,0.06475770925110132,0.09515418502202644,0.02026431718061674,0.05859030837004405,0.04889867841409692
0.09102960671674767,0.03314184710561202,0.05788775961113566,0.172779496243924,0.09809986743261158,0.04993371630578878,0.047724259832081305,0.07954043305346885,0.02209456473707468,0.029606716747680072,0.030048608042421564,0.06628369421122404,0.0963323022536456,0.021652673442333185,0.05391073795846222,0.04993371630578878
0.09022222222222222,0.03288888888888889,0.05733333333333333,0.16622222222222222,0.09866666666666667,0.051555555555555556,0.04666666666666667,0.08088888888888889,0.021777777777777778,0.03244444444444444,0.03111111111111111,0.064,0.09333333333333334,0.02266666666666667,0.057777777777777775,0.052444444444444446
0.08421516754850088,0.03042328042328042,0.062169312169312166,0.17857142857142858,0.09964726631393298,0.05423280423280423,0.0445326278659612,0.07848324514991181,0.023368606701940034,0.031746031746031744,0.03130511463844797,0.06040564373897707,0.09479717813051146,0.021164021164021163,0.056878306878306875,0.04805996472663139
0.08676599474145487,0.029798422436459245,0.05652936021034181,0.17353198948290974,0.09903593339176162,0.05521472392638037,0.04425942156003506,0.07931638913234006,0.022787028921998246,0.03155127081507449,0.03067484662576687,0.06617002629272568,0.09772129710780017,0.01971954425942156,0.05565293602103418,0.05127081507449606
0.08949933540097474,0.030128489144882586,0.057598582188746125,0.17058041648205582,0.10323438192290652,0.056712450155073105,0.04164820558263181,0.07975188303057155,0.024368630926007974,0.034116083296411165,0.028799291094373063,0.06513070447496677,0.09836065573770492,0.01993797075764289,0.05183872396987151,0.048294195835179445
0.0868421052631579,0.02850877192982456,0.05745614035087719,0.1736842105263158,0.09824561403508772,0.056140350877192984,0.04298245614035088,0.07763157894736843,0.02412280701754386,0.03289473684210526,0.03070175438596491,0.06491228070175438,0.10219298245614035,0.02324561403508772,0.04956140350877193,0.05087719298245614
0.08873114463176575,0.027506654835847383,0.05634427684117125,0.1668145519077196,0.09982253771073647,0.05634427684117125,0.04303460514640639,0.07852706299911269,0.024401064773735583,0.03194321206743567,0.030612244897959183,0.06521739130434782,0.10070984915705412,0.023070097604259095,0.05146406388642413,0.05545696539485359
0.08632778264680105,0.027607361963190184,0.05346187554776512,0.17046450482033304,0.09815950920245399,0.05828220858895705,0.04382120946538125,0.07493426818580193,0.02716914986853637,0.03549517966695881,0.031989482909728306,0.06091148115687993,0.10122699386503067,0.022348816827344433,0.05127081507449606,0.05652936021034181
0.0880920761398849,0.02656042496679947,0.054006197432492256,0.1699867197875166,0.09738822487826472,0.05799026117751217,0.04736609119079239,0.07613988490482515,0.02877379371403276,0.03098716246126605,0.029659141212926073,0.06108897742363878,0.09783089862771138,0.025675077467906152,0.05090748118636565,0.05754758742806552
0.08923884514435695,0.02799650043744532,0.05380577427821522,0.17235345581802275,0.09580052493438321,0.05861767279090114,0.044181977252843396,0.07655293088363954,0.02712160979877515,0.0310586176727909,0.027559055118110236,0.06080489938757655,0.10148731408573929,0.024496937882764653,0.05074365704286964,0.05818022747156605
0.08785871964679912,0.026490066225165563,0.05739514348785872,0.17439293598233996,0.09757174392935983,0.059602649006622516,0.045474613686534215,0.07593818984547461,0.030463576158940398,0.030022075055187638,0.025165562913907286,0.05695364238410596,0.10154525386313466,0.025165562913907286,0.05077262693156733,0.05518763796909492
0.08753315649867374,0.028293545534924844,0.05570291777188329,0.1755083996463307,0.09681697612732096,0.060123784261715295,0.04553492484526967,0.07559681697612732,0.03183023872679045,0.030061892130857647,0.026083112290008842,0.05614500442086649,0.10300618921308577,0.022988505747126436,0.05128205128205128,0.05349248452696728
0.08443271767810026,0.030782761653474055,0.05672823218997362,0.17985927880386984,0.09278803869832894,0.0584872471416007,0.047053649956024624,0.07563764291996482,0.03430079155672823,0.029463500439753737,0.025945470536499562,0.055848724714160074,0.10466138962181179,0.025065963060686015,0.047493403693931395,0.051451187335092345
0.08680248007085917,0.034100974313551816,0.05358724534986714,0.17891939769707707,0.09344552701505757,0.0562444641275465,0.04738706820194863,0.07263064658990256,0.0354295837023915,0.03100088573959256,0.024800708591674048,0.05491585473870682,0.10274579273693533,0.02745792736935341,0.04650132860938884,0.054030115146147036
0.08495575221238938,0.033185840707964605,0.05707964601769912,0.18097345132743362,0.0920353982300885,0.05796460176991151,0.047345132743362835,0.07345132743362832,0.035398230088495575,0.029646017699115044,0.025221238938053097,0.05221238938053097,0.10530973451327434,0.024778761061946902,0.04601769911504425,0.05442477876106195
0.08640350877192983,0.031140350877192982,0.05307017543859649,0.18728070175438596,0.09342105263157895,0.05701754385964912,0.04429824561403509,0.07236842105263158,0.035964912280701755,0.02894736842105263,0.02324561403508772,0.05350877192982456,0.10657894736842105,0.02631578947368421,0.04473684210526316,0.05570175438596491
0.08779631255487269,0.030728709394205442,0.05487269534679543,0.18129938542581212,0.09569798068481124,0.05443371378402107,0.04170324846356453,0.07199297629499561,0.038630377524143986,0.027216856892010536,0.022388059701492536,0.0553116769095698,0.10842844600526778,0.025899912203687446,0.04477611940298507,0.058823529411764705
0.08959156785243742,0.030303030303030304,0.05138339920948617,0.18796662274923145,0.09310496267018006,0.056214317083882304,0.04259991216512956,0.07378129117259552,0.03864734299516908,0.024593763724198508,0.024154589371980676,0.05006587615283267,0.1080368906455863,0.025911286780852,0.046991655687307864,0.05665349143610013
0.09409675987572126,0.030181979582778518,0.047936085219707054,0.1877496671105193,0.09454061251664447,0.056813138038171326,0.03861517976031957,0.07146027518863737,0.03772747447847315,0.023968042609853527,0.027075011096316024,0.052374611628939194,0.11007545494895694,0.02885042166000888,0.04438526409232135,0.05415002219263205
0.09515418502202644,0.03039647577092511,0.04801762114537445,0.18898678414096917,0.09251101321585903,0.05638766519823789,0.04052863436123348,0.07092511013215859,0.040969162995594714,0.02555066079295154,0.026872246696035242,0.05066079295154185,0.11145374449339207,0.029515418502202642,0.04229074889867841,0.04977973568281938
0.09688888888888889,0.030666666666666665,0.04933333333333333,0.18533333333333332,0.09066666666666667,0.056,0.03777777777777778,0.07288888888888889,0.04044444444444444,0.025777777777777778,0.02666666666666667,0.051111111111111114,0.11288888888888889,0.03422222222222222,0.04133333333333333,0.048
0.09815950920245399,0.031113058720420684,0.049079754601226995,0.18886941279579317,0.08676599474145487,0.056091148115687994,0.04075372480280456,0.07099035933391762,0.04163014899211218,0.025416301489921123,0.02716914986853637,0.04864154250657318,0.10867659947414549,0.03549517966695881,0.04294478527607362,0.04820333041191937
0.09639084507042253,0.03169014084507042,0.051056338028169015,0.18838028169014084,0.08362676056338028,0.05457746478873239,0.04137323943661972,0.07042253521126761,0.04181338028169014,0.026848591549295774,0.026848591549295774,0.050616197183098594,0.10871478873239436,0.03873239436619718,0.04225352112676056,0.04665492957746479
0.09242957746478873,0.02992957746478873,0.04973591549295775,0.1857394366197183,0.08450704225352113,0.058098591549295774,0.04181338028169014,0.07042253521126761,0.04225352112676056,0.026848591549295774,0.02596830985915493,0.050616197183098594,0.11443661971830986,0.03477112676056338,0.04401408450704225,0.04841549295774648
0.0919790758500436,0.03138622493461203,0.05231037489102005,0.18352223190932868,0.08413251961639058,0.06015693112467306,0.04141238012205754,0.07541412380122058,0.04054054054054054,0.025719267654751524,0.025719267654751524,0.05056669572798605,0.10941586748038361,0.03443766346992153,0.042284219703574544,0.05100261551874455
0.09394205443371378,0.03204565408252853,0.053555750658472345,0.17954345917471468,0.08340649692712906,0.061018437225636525,0.04258121158911326,0.07506584723441616,0.040825285338015806,0.026777875329236173,0.025899912203687446,0.048726953467954345,0.11106233538191396,0.036435469710272166,0.040825285338015806,0.048287971905179985
0.09154621112571178,0.033289531318440646,0.04774419623302672,0.18309242225142355,0.08147174770039421,0.058694699956197985,0.04161191414805081,0.07446342531756461,0.040735873850197106,0.02759526938239159,0.02847130968024529,0.05037231712658782,0.10775295663600526,0.039859833552343404,0.04248795444590451,0.05081033727551467
0.09356984478935698,0.032815964523281595,0.05277161862527716,0.17738359201773837,0.07937915742793791,0.05720620842572062,0.04212860310421286,0.07450110864745012,0.04212860310421286,0.028824833702882482,0.029711751662971176,0.05055432372505543,0.11042128603104213,0.03636363636363636,0.04434589800443459,0.04789356984478936
0.08784965034965035,0.033216783216783216,0.05244755244755245,0.17482517482517482,0.08522727272727272,0.05944055944055944,0.04195804195804196,0.07823426573426573,0.040646853146853144,0.028409090909090908,0.027534965034965036,0.0472027972027972,0.11407342657342658,0.03671328671328671,0.041520979020979024,0.050699300699300696
0.08751665926254998,0.03287427809862283,0.051088405153265216,0.1745890715237672,0.08618391825855176,0.05864060417592181,0.0444247001332741,0.07685473123056419,0.04175921812527766,0.027543314082629944,0.03154153709462461,0.04575744113727232,0.11461572634384717,0.033762772101288314,0.043980453131941356,0.04886717014660151
0.08732269503546099,0.03368794326241135,0.04831560283687943,0.1724290780141844,0.08244680851063829,0.057624113475177305,0.047429078014184396,0.07358156028368794,0.03856382978723404,0.027925531914893616,0.028812056737588652,0.04875886524822695,0.11835106382978723,0.03900709219858156,0.04698581560283688,0.04875886524822695
0.0837742504409171,0.03571428571428571,0.04894179894179894,0.17416225749559083,0.08112874779541446,0.0582010582010582,0.04805996472663139,0.07275132275132275,0.043209876543209874,0.028659611992945325,0.02821869488536155,0.04805996472663139,0.11507936507936507,0.03791887125220458,0.045414462081128745,0.050705467372134036
0.08418708240534521,0.03296213808463252,0.04855233853006682,0.17015590200445435,0.08374164810690424,0.05746102449888642,0.0467706013363029,0.07394209354120267,0.04320712694877506,0.029844097995545656,0.027616926503340758,0.049443207126948774,0.11804008908685969,0.03875278396436525,0.042761692650334075,0.05256124721603563
0.08582746478873239,0.032570422535211266,0.04621478873239437,0.16857394366197184,0.08142605633802817,0.05765845070422535,0.0488556338028169,0.07702464788732394,0.04357394366197183,0.02992957746478873,0.02640845070422535,0.04973591549295775,0.12455985915492958,0.03697183098591549,0.03961267605633803,0.051056338028169015
0.08485117725455353,0.03287427809862283,0.04842292314526877,0.16570413149711238,0.07952021323856064,0.05864060417592181,0.04797867614393603,0.07418924922256774,0.04486894713460684,0.03198578409595735,0.02576632607729898,0.04931141714793425,0.12972012438916036,0.0368725011106175,0.03909373611728121,0.050199911150599734
0.08606921029281278,0.031055900621118012,0.049689440993788817,0.1601597160603372,0.07808340727595386,0.05678793256433008,0.046583850931677016,0.07453416149068323,0.0417036379769299,0.032830523513753325,0.029281277728482696,0.05146406388642413,0.12999112688553682,0.03682342502218278,0.04081632653061224,0.05412599822537711
0.09062638827187916,0.03198578409595735,0.04931141714793425,0.1581519324744558,0.07729897823189694,0.05553087516659263,0.04797867614393603,0.07418924922256774,0.04175921812527766,0.03154153709462461,0.02576632607729898,0.05153265215459796,0.13060861839182586,0.0368725011106175,0.0422034651266104,0.054642381163927146
0.09288888888888888,0.029777777777777778,0.050222222222222224,0.15733333333333333,0.07422222222222222,0.05422222222222222,0.04666666666666667,0.07111111111111111,0.042666666666666665,0.03333333333333333,0.025777777777777778,0.04933333333333333,0.1391111111111111,0.03688888888888889,0.04,0.05644444444444444
0.09477413640389726,0.030115146147032774,0.04827280779450841,0.1563330380868025,0.07307351638618247,0.05580159433126661,0.04827280779450841,0.0704162976085031,0.0420726306465899,0.03277236492471213,0.024800708591674048,0.05491585473870682,0.1337466784765279,0.03808680248007086,0.03808680248007086,0.05845881310894597
