C_R,C_A,C_S,C_N,D_R,D_A,D_S,D_N,Oc_R,Oc_A,Oc_S,Oc_N,Od_R,Od_A,Od_S,Od_N
0.0,0.0,1.0,0.0,0.0,0.0,0.0,0.0,0.0,0.0,0.0,0.0,0.0,0.0,0.0,0.0
0.0,0.3333333333333333,0.6666666666666666,0.0,0.0,0.0,0.0,0.0,0.0,0.0,0.0,0.0,0.0,0.0,0.0,0.0
0.0,0.3076923076923077,0.38461538461538464,0.0,0.0,0.0,0.15384615384615385,0.15384615384615385,0.0,0.0,0.0,0.0,0.0,0.0,0.0,0.0
0.0,0.2857142857142857,0.2857142857142857,0.0,0.0,0.07142857142857142,0.14285714285714285,0.21428571428571427,0.0,0.0,0.0,0.0,0.0,0.0,0.0,0.0
0.03773584905660377,0.2830188679245283,0.20754716981132076,0.0,0.0,0.03773584905660377,0.18867924528301888,0.20754716981132076,0.0,0.0,0.03773584905660377,0.0,0.0,0.0,0.0,0.0
0.033707865168539325,0.25842696629213485,0.1797752808988764,0.011235955056179775,0.0,0.06741573033707865,0.19101123595505617,0.19101123595505617,0.0,0.0,0.0449438202247191,0.0,0.0,0.0,0.02247191011235955,0.0
0.04081632653061224,0.21768707482993196,0.1564625850340136,0.013605442176870748,0.013605442176870748,0.06802721088435375,0.17687074829931973,0.21768707482993196,0.0,0.0,0.05442176870748299,0.0,0.0,0.013605442176870748,0.027210884353741496,0.0
0.044642857142857144,0.1875,0.15625,0.017857142857142856,0.03571428571428571,0.08928571428571429,0.16071428571428573,0.17410714285714285,0.0,0.0,0.0625,0.0,0.0,0.026785714285714284,0.044642857142857144,0.0
0.04361370716510903,0.1557632398753894,0.13707165109034267,0.012461059190031152,0.04672897196261682,0.08411214953271028,0.14641744548286603,0.16199376947040497,0.003115264797507788,0.012461059190031152,0.09657320872274143,0.006230529595015576,0.006230529595015576,0.03426791277258567,0.037383177570093455,0.01557632398753894
0.0518018018018018,0.1373873873873874,0.13288288288288289,0.015765765765765764,0.05405405405405406,0.08108108108108109,0.13963963963963963,0.13288288288288289,0.009009009009009009,0.01126126126126126,0.10585585585585586,0.01126126126126126,0.01126126126126126,0.033783783783783786,0.0472972972972973,0.024774774774774775
0.051457975986277875,0.1320754716981132,0.1269296740994854,0.025728987993138937,0.05317324185248713,0.08576329331046312,0.1269296740994854,0.11320754716981132,0.010291595197255575,0.008576329331046312,0.12006861063464837,0.018867924528301886,0.015437392795883362,0.029159519725557463,0.051457975986277875,0.030874785591766724
0.05756358768406961,0.11914323962516733,0.12315930388219545,0.025435073627844713,0.050870147255689425,0.08701472556894244,0.11780455153949129,0.09772423025435073,0.022757697456492636,0.014725568942436412,0.12449799196787148,0.024096385542168676,0.020080321285140562,0.028112449799196786,0.04685408299866131,0.040160642570281124
0.05787781350482315,0.10289389067524116,0.10610932475884244,0.03858520900321544,0.04715969989281887,0.08896034297963558,0.10718113612004287,0.09217577706323687,0.03215434083601286,0.021436227224008574,0.12540192926045016,0.03536977491961415,0.028938906752411574,0.03322615219721329,0.03965702036441586,0.04287245444801715
0.0627208480565371,0.10159010600706714,0.09098939929328621,0.037985865724381625,0.04858657243816254,0.07950530035335689,0.10247349823321555,0.08392226148409894,0.03180212014134275,0.027385159010600707,0.13074204946996468,0.04240282685512368,0.037985865724381625,0.037102473498233215,0.038869257950530034,0.045936395759717315
0.06661732050333087,0.09770540340488527,0.09104367135455219,0.03997039230199852,0.053293856402664694,0.07475943745373798,0.09844559585492228,0.07549962990377498,0.03256846780162842,0.027387120651369355,0.13545521835677277,0.047372316802368614,0.03774981495188749,0.03997039230199852,0.03552923760177646,0.046632124352331605
0.06637168141592921,0.08849557522123894,0.0865992414664981,0.03666245259165613,0.05815423514538559,0.06826801517067003,0.10176991150442478,0.07332490518331226,0.0347661188369153,0.03666245259165613,0.13400758533501897,0.051833122629582805,0.03792667509481669,0.039190897597977246,0.0347661188369153,0.05120101137800253
0.0686436024162548,0.07907742998352553,0.08786381109280615,0.036792970895112576,0.058209774848984076,0.06260296540362438,0.10323997803404723,0.06589785831960461,0.036792970895112576,0.04173531026908292,0.13289401427786932,0.054914881933003847,0.040087863811092805,0.03789126853377265,0.040087863811092805,0.05326743547501373
0.061710398445092324,0.07482993197278912,0.08649173955296405,0.037900874635568516,0.061224489795918366,0.06025267249757046,0.10495626822157435,0.05879494655004859,0.03984450923226433,0.04616132167152575,0.12536443148688048,0.05539358600583091,0.04178814382896016,0.04081632653061224,0.05150631681243926,0.052964042759961125
0.06052514463729417,0.06987093902981753,0.08633733867378728,0.042723631508678236,0.06008010680907877,0.059190031152647975,0.1054739652870494,0.05829995549621718,0.039163328882955054,0.047619047619047616,0.12016021361815754,0.056074766355140186,0.040498442367601244,0.044058744993324434,0.051179350244770806,0.05874499332443257
0.062103929024081114,0.06801858893113646,0.08745247148288973,0.044359949302915085,0.05492184199408534,0.061681453316434307,0.10181664554288128,0.059146599070553446,0.03886776510350655,0.05154203633291086,0.11153358681875793,0.05787917194761301,0.03971271651880017,0.045627376425855515,0.05407689057879172,0.06125897760878749
0.059689288634505316,0.06582174979558462,0.08994276369582993,0.05028618152085037,0.05846279640228945,0.06173344235486509,0.10220768601798855,0.05560098119378577,0.040474243663123466,0.04987735077677841,0.1026165167620605,0.06091578086672118,0.03883892068683565,0.04456255110384301,0.05723630417007359,0.06173344235486509
0.059178743961352656,0.06884057971014493,0.08856682769726248,0.04790660225442834,0.055958132045088566,0.06239935587761675,0.0966183574879227,0.055152979066022546,0.040257648953301126,0.04911433172302738,0.10466988727858294,0.0640096618357488,0.039452495974235106,0.04468599033816425,0.05877616747181964,0.0644122383252818
0.06049679487179487,0.06770833333333333,0.08453525641025642,0.05048076923076923,0.05568910256410257,0.06129807692307692,0.09455128205128205,0.050881410256410256,0.042067307692307696,0.050881410256410256,0.10376602564102565,0.06169871794871795,0.041666666666666664,0.04607371794871795,0.06330128205128205,0.06490384615384616
0.0596,0.064,0.0844,0.0528,0.056,0.0596,0.0932,0.05,0.044,0.0536,0.1016,0.0604,0.0444,0.0504,0.0624,0.0636
0.0596,0.0688,0.08,0.0504,0.0584,0.0596,0.0864,0.0524,0.0464,0.0564,0.096,0.0596,0.0472,0.054,0.06,0.0648
0.0612,0.072,0.0776,0.0532,0.0552,0.058,0.0856,0.0568,0.0456,0.0556,0.0924,0.0572,0.0496,0.0572,0.0592,0.0636
0.0656,0.0728,0.074,0.0524,0.056,0.0576,0.088,0.058,0.0496,0.0548,0.0876,0.0592,0.048,0.054,0.0632,0.0592
0.064,0.0732,0.0776,0.0532,0.0548,0.0564,0.0856,0.0552,0.0492,0.0572,0.0852,0.0632,0.0476,0.0544,0.0644,0.0588
0.0592,0.0736,0.0756,0.0516,0.0556,0.0556,0.0856,0.0576,0.0484,0.06,0.0848,0.0628,0.0492,0.0584,0.0636,0.0584
0.0596,0.074,0.0776,0.052,0.0576,0.056,0.0808,0.0556,0.0464,0.058,0.0856,0.0644,0.052,0.0584,0.062,0.06
0.0584,0.0736,0.0788,0.0528,0.0552,0.0592,0.0736,0.06,0.0468,0.0564,0.0812,0.0688,0.0548,0.0572,0.0612,0.062
0.0592,0.0704,0.0784,0.052,0.0588,0.0588,0.0716,0.0616,0.0524,0.0572,0.0808,0.0648,0.0528,0.0564,0.0628,0.062
0.0584,0.0676,0.0768,0.0548,0.0624,0.0596,0.0748,0.0608,0.0552,0.0544,0.0768,0.0652,0.0504,0.0556,0.0656,0.0616
0.0596,0.0688,0.076,0.058,0.0612,0.06,0.0756,0.0592,0.0572,0.0572,0.07,0.066,0.0508,0.054,0.0672,0.0592
0.058,0.0688,0.0748,0.0584,0.06,0.0592,0.0752,0.0568,0.0576,0.0604,0.07,0.0668,0.054,0.056,0.0636,0.0604
0.0564,0.0692,0.0716,0.0608,0.0576,0.0568,0.0748,0.0532,0.0604,0.0636,0.0716,0.0684,0.054,0.058,0.0632,0.0604
0.0552,0.07,0.0732,0.0572,0.054,0.0572,0.0792,0.0552,0.0596,0.0612,0.0716,0.0676,0.0572,0.056,0.0632,0.0624
0.0572,0.0704,0.072,0.0544,0.0552,0.0572,0.078,0.0588,0.0584,0.0596,0.0732,0.0692,0.0584,0.0552,0.0628,0.06
0.062,0.0728,0.0688,0.0536,0.0548,0.0576,0.072,0.0588,0.0608,0.0652,0.0696,0.068,0.054,0.0572,0.0628,0.062
0.0632,0.074,0.0688,0.0568,0.0536,0.0588,0.0704,0.054,0.06,0.0672,0.0704,0.0668,0.052,0.0588,0.064,0.0612
0.0636,0.0716,0.0676,0.0564,0.0528,0.0588,0.07,0.0536,0.0584,0.064,0.0712,0.0684,0.0516,0.0588,0.0668,0.0664
0.0628,0.0692,0.0656,0.0604,0.0544,0.0572,0.0688,0.0572,0.0596,0.0644,0.072,0.0652,0.052,0.0604,0.0656,0.0652
0.0612,0.0672,0.0644,0.06,0.0548,0.0592,0.07,0.0596,0.0656,0.0648,0.0712,0.0656,0.05,0.0596,0.0624,0.0644
0.0604,0.0672,0.0644,0.062,0.058,0.0604,0.0676,0.0608,0.0636,0.066,0.0712,0.0648,0.046,0.0596,0.0656,0.0624
0.0576,0.0684,0.0644,0.0612,0.062,0.0584,0.0648,0.0616,0.0668,0.062,0.0712,0.0632,0.0484,0.0628,0.066,0.0612
0.058,0.0676,0.0628,0.0604,0.062,0.0632,0.0644,0.06,0.0604,0.0616,0.0716,0.0684,0.0508,0.0616,0.0648,0.0624
0.056,0.0688,0.0632,0.0616,0.062,0.0648,0.062,0.062,0.062,0.0584,0.0724,0.068,0.0524,0.0644,0.0616,0.0604
0.0592,0.0688,0.0632,0.0612,0.0628,0.0632,0.062,0.0632,0.0604,0.06,0.0756,0.0644,0.0568,0.0636,0.0588,0.0568
0.0636,0.0664,0.0604,0.0636,0.0596,0.0628,0.0588,0.0664,0.062,0.0612,0.0728,0.0632,0.0572,0.064,0.0596,0.0584
0.0644,0.064,0.06,0.064,0.0572,0.0588,0.0596,0.0672,0.0612,0.0632,0.0724,0.064,0.0568,0.0656,0.0612,0.0604
0.0672,0.0628,0.0608,0.0624,0.0608,0.0584,0.06,0.0636,0.0612,0.0604,0.0724,0.0612,0.0588,0.0664,0.062,0.0616
0.0664,0.062,0.0616,0.06,0.0588,0.0592,0.06,0.0636,0.062,0.0608,0.0716,0.064,0.0556,0.0648,0.0628,0.0668
0.0636,0.0608,0.0612,0.0604,0.0612,0.0604,0.0616,0.0652,0.0612,0.0588,0.0676,0.0652,0.0616,0.064,0.0612,0.066
0.0648,0.0624,0.0604,0.0632,0.0656,0.06,0.0636,0.0644,0.06,0.0604,0.068,0.0588,0.0592,0.0648,0.0588,0.0656
0.0672,0.0616,0.0612,0.064,0.0672,0.0612,0.0616,0.0648,0.0596,0.0596,0.068,0.056,0.062,0.0608,0.0588,0.0664
0.0636,0.062,0.0592,0.0596,0.0684,0.0592,0.064,0.0672,0.0596,0.0596,0.0692,0.0596,0.0632,0.0616,0.0572,0.0668
0.0652,0.0612,0.0616,0.0612,0.0672,0.0604,0.0624,0.0664,0.0604,0.0584,0.0684,0.0584,0.0664,0.0592,0.0596,0.0636
0.0624,0.0572,0.062,0.0656,0.0656,0.0608,0.0596,0.0676,0.0616,0.0612,0.0676,0.0616,0.0664,0.0584,0.0612,0.0612
0.0648,0.0592,0.0608,0.07,0.0636,0.0568,0.0584,0.0664,0.062,0.0624,0.0688,0.062,0.0672,0.0588,0.0596,0.0592
0.0676,0.058,0.0604,0.0672,0.0644,0.0552,0.0576,0.0708,0.0604,0.0608,0.068,0.0636,0.0672,0.0572,0.0588,0.0628
0.0708,0.0588,0.0608,0.0676,0.0608,0.0588,0.0548,0.068,0.0604,0.06,0.068,0.0632,0.0692,0.0592,0.0556,0.064
0.072,0.0568,0.0608,0.07,0.058,0.0596,0.0544,0.0712,0.0596,0.0596,0.0668,0.0628,0.0704,0.0612,0.0552,0.0616
0.07,0.058,0.0632,0.0676,0.0564,0.0624,0.0548,0.0724,0.058,0.0568,0.068,0.06,0.07,0.0636,0.0576,0.0612
0.0676,0.058,0.0616,0.0692,0.0568,0.062,0.0568,0.0736,0.0584,0.0584,0.066,0.0592,0.0684,0.0644,0.0592,0.0604
0.0708,0.0584,0.0632,0.068,0.054,0.0632,0.0596,0.0724,0.0584,0.06,0.0632,0.06,0.0684,0.0636,0.0604,0.0564
0.0724,0.0576,0.0664,0.068,0.0544,0.0608,0.0604,0.0684,0.0652,0.0584,0.062,0.06,0.0688,0.0608,0.0592,0.0572
0.072,0.0576,0.0644,0.068,0.0556,0.0648,0.0656,0.0676,0.0628,0.0588,0.0588,0.06,0.066,0.0592,0.0608,0.058
0.0728,0.0596,0.0648,0.0676,0.0552,0.0652,0.0656,0.068,0.0624,0.0628,0.0576,0.0604,0.0624,0.0564,0.0584,0.0608
0.076,0.0584,0.066,0.0652,0.056,0.0648,0.0652,0.0668,0.0624,0.0612,0.0584,0.0612,0.0644,0.0556,0.0608,0.0576
0.072,0.0572,0.062,0.0664,0.0564,0.066,0.0664,0.0648,0.0628,0.0604,0.0604,0.0624,0.0608,0.06,0.0604,0.0616
0.0712,0.0576,0.06,0.066,0.0548,0.0644,0.0688,0.0636,0.068,0.0592,0.0564,0.0664,0.0608,0.0604,0.062,0.0604
0.0716,0.0596,0.0608,0.0656,0.056,0.0664,0.0668,0.0636,0.0684,0.0572,0.058,0.0668,0.0588,0.0612,0.0588,0.0604
0.0712,0.0628,0.0616,0.0648,0.0568,0.0632,0.0688,0.0676,0.0668,0.054,0.0588,0.0688,0.0568,0.0596,0.0588,0.0596
0.074,0.0604,0.0608,0.068,0.056,0.0604,0.0688,0.0624,0.0664,0.056,0.06,0.0656,0.0564,0.0628,0.0596,0.0624
0.0736,0.0604,0.0592,0.0692,0.0576,0.06,0.0696,0.0632,0.0616,0.0532,0.058,0.0688,0.058,0.0632,0.0596,0.0648
0.0712,0.0588,0.062,0.068,0.0592,0.0572,0.0672,0.0644,0.066,0.0516,0.0548,0.0692,0.0568,0.0644,0.062,0.0672
0.0688,0.0588,0.0592,0.0684,0.0592,0.0584,0.068,0.0628,0.0648,0.0564,0.0544,0.0708,0.0564,0.066,0.0608,0.0668
0.07,0.0616,0.0576,0.0672,0.0588,0.0568,0.066,0.0648,0.0668,0.0584,0.056,0.068,0.0576,0.0652,0.0604,0.0648
0.0696,0.0596,0.06,0.0684,0.062,0.0576,0.0664,0.0668,0.0636,0.062,0.054,0.0656,0.0556,0.064,0.0632,0.0616
0.0676,0.0584,0.0616,0.066,0.0644,0.0584,0.0664,0.0692,0.0636,0.0632,0.0556,0.0628,0.0552,0.0632,0.0648,0.0596
0.0676,0.0564,0.0616,0.0684,0.068,0.0576,0.068,0.0652,0.0656,0.0616,0.056,0.0628,0.0556,0.0624,0.0624,0.0608
0.0656,0.0588,0.0644,0.0704,0.0656,0.0588,0.062,0.0648,0.066,0.0604,0.056,0.0608,0.0548,0.0664,0.0632,0.062
0.0604,0.0596,0.0624,0.07,0.0664,0.0592,0.0628,0.0632,0.0684,0.0572,0.0564,0.0624,0.0576,0.07,0.0616,0.0624
0.0632,0.0628,0.0612,0.0696,0.0644,0.0576,0.0588,0.0656,0.0688,0.0572,0.0572,0.062,0.0592,0.0688,0.0592,0.0644
0.0632,0.0648,0.0584,0.0736,0.0636,0.0564,0.058,0.0632,0.0704,0.0576,0.0576,0.0592,0.058,0.0696,0.0608,0.0656
0.0636,0.0632,0.0584,0.0764,0.062,0.0588,0.0612,0.0604,0.0668,0.056,0.0628,0.06,0.0588,0.0664,0.0604,0.0648
0.0648,0.064,0.0588,0.0752,0.0656,0.056,0.0588,0.0608,0.0684,0.0572,0.062,0.062,0.0588,0.0644,0.0608,0.0624
0.064,0.0628,0.064,0.0744,0.0672,0.0568,0.0568,0.0616,0.072,0.0548,0.06,0.0632,0.0564,0.0632,0.058,0.0648
0.0656,0.0628,0.0624,0.0744,0.068,0.0576,0.0576,0.0648,0.0688,0.0544,0.0596,0.0644,0.0576,0.064,0.0516,0.0664
0.0656,0.0636,0.0628,0.0728,0.0672,0.062,0.056,0.0628,0.0672,0.06,0.0572,0.0656,0.0604,0.0616,0.0472,0.068
0.0632,0.0656,0.0636,0.0732,0.0656,0.0656,0.0556,0.0616,0.0676,0.0576,0.0572,0.0648,0.0608,0.0604,0.0504,0.0672
0.0604,0.0656,0.064,0.0696,0.0664,0.0608,0.0556,0.0632,0.0708,0.0572,0.0564,0.064,0.0636,0.0588,0.0564,0.0672
0.0584,0.0632,0.0688,0.064,0.0644,0.0584,0.0548,0.0632,0.07,0.058,0.0592,0.0636,0.0668,0.0616,0.0592,0.0664
0.058,0.0636,0.0708,0.0636,0.064,0.0616,0.0544,0.0628,0.07,0.054,0.0556,0.068,0.0648,0.0644,0.0584,0.066
0.0616,0.0624,0.0704,0.0664,0.0676,0.0596,0.0536,0.062,0.0692,0.0544,0.0556,0.0668,0.0616,0.0624,0.0596,0.0668
0.0628,0.0632,0.0664,0.0656,0.0688,0.0592,0.0536,0.062,0.068,0.0544,0.0548,0.066,0.0636,0.0652,0.0588,0.0676
0.0636,0.0636,0.0664,0.0608,0.0692,0.0608,0.0576,0.0588,0.0668,0.0556,0.0576,0.0656,0.0636,0.0632,0.0592,0.0676
0.0636,0.0584,0.0652,0.0592,0.0676,0.0604,0.0592,0.0608,0.0644,0.0584,0.0596,0.064,0.0668,0.0636,0.0608,0.068
0.058,0.0568,0.0648,0.0596,0.0656,0.0608,0.0608,0.0632,0.0668,0.0596,0.0604,0.0636,0.066,0.0624,0.062,0.0696
0.0592,0.0564,0.0652,0.0612,0.0656,0.0608,0.0596,0.0648,0.0672,0.0572,0.0624,0.0644,0.0656,0.0608,0.0604,0.0692
0.0604,0.0584,0.068,0.0628,0.0648,0.0616,0.0612,0.0624,0.068,0.0556,0.058,0.0596,0.068,0.0616,0.0584,0.0712
0.058,0.0604,0.068,0.0632,0.0632,0.0612,0.0612,0.0648,0.0668,0.0568,0.0572,0.058,0.0692,0.0608,0.0596,0.0716
0.0596,0.0632,0.0684,0.0636,0.062,0.0596,0.0608,0.0636,0.0656,0.0556,0.0596,0.0628,0.0668,0.0588,0.0576,0.0724
0.0608,0.0636,0.0692,0.064,0.062,0.0596,0.0612,0.062,0.0664,0.0572,0.058,0.0676,0.0656,0.0596,0.0548,0.0684
0.0616,0.0628,0.068,0.0616,0.0632,0.0608,0.0636,0.0596,0.0644,0.0596,0.054,0.0672,0.0688,0.0608,0.0536,0.0704
0.0628,0.0624,0.0668,0.062,0.0624,0.0624,0.0612,0.0596,0.0664,0.0616,0.0544,0.0668,0.0676,0.06,0.0548,0.0688
0.0628,0.0612,0.068,0.064,0.0608,0.058,0.0644,0.0612,0.068,0.0616,0.0532,0.0664,0.0692,0.0588,0.0548,0.0676
0.0648,0.0632,0.0672,0.0608,0.064,0.0556,0.0616,0.062,0.0672,0.0636,0.054,0.0668,0.068,0.058,0.0544,0.0688
0.064,0.0632,0.0672,0.0612,0.0624,0.0572,0.0624,0.0616,0.0672,0.0652,0.0552,0.068,0.0648,0.0576,0.058,0.0648
0.0628,0.064,0.0688,0.0632,0.0632,0.056,0.0624,0.062,0.0668,0.0636,0.0608,0.0636,0.0668,0.0608,0.0544,0.0608
0.0616,0.06,0.0692,0.0644,0.0652,0.0552,0.0632,0.0648,0.0632,0.0684,0.0596,0.0636,0.0652,0.0608,0.054,0.0616
0.0592,0.0572,0.07,0.0648,0.066,0.0548,0.0648,0.0624,0.064,0.072,0.0612,0.0624,0.062,0.0636,0.0536,0.062
0.0652,0.0576,0.0668,0.0648,0.0668,0.0556,0.0632,0.0628,0.0624,0.07,0.0616,0.0624,0.0596,0.0632,0.056,0.062
0.0656,0.0592,0.0688,0.066,0.0676,0.0564,0.0616,0.062,0.0624,0.0692,0.0572,0.066,0.0592,0.0632,0.058,0.0576
0.0652,0.0588,0.0688,0.0652,0.068,0.0544,0.0628,0.0624,0.0648,0.07,0.0564,0.0668,0.058,0.0616,0.06,0.0568
0.062,0.0568,0.0668,0.0648,0.0676,0.0556,0.0636,0.0648,0.064,0.0672,0.06,0.064,0.0604,0.062,0.0608,0.0596
0.064,0.0584,0.0644,0.066,0.0688,0.0564,0.06,0.0664,0.0672,0.064,0.0592,0.0632,0.0604,0.0632,0.058,0.0604
0.064,0.0604,0.062,0.0664,0.0668,0.0564,0.0576,0.0676,0.0672,0.0648,0.0608,0.0648,0.0604,0.064,0.0572,0.0596
0.0648,0.0584,0.0628,0.0672,0.066,0.0568,0.058,0.0668,0.0668,0.0648,0.0612,0.0628,0.06,0.0644,0.0604,0.0588
0.0656,0.0588,0.0624,0.0656,0.068,0.0572,0.0556,0.0676,0.068,0.0636,0.0604,0.0636,0.0616,0.0632,0.0608,0.058
0.0672,0.0616,0.0656,0.0644,0.0672,0.056,0.0536,0.0652,0.0656,0.0632,0.0616,0.0636,0.064,0.062,0.0608,0.0584
0.0656,0.0624,0.0628,0.0656,0.066,0.0596,0.052,0.0644,0.0672,0.0624,0.0612,0.066,0.0648,0.06,0.062,0.058
0.0668,0.0608,0.0592,0.0668,0.0632,0.06,0.0524,0.0624,0.0656,0.0632,0.0632,0.0644,0.0692,0.0612,0.0616,0.06
0.0688,0.06,0.058,0.0664,0.0652,0.0596,0.0556,0.0608,0.0676,0.064,0.0644,0.064,0.0664,0.0632,0.0604,0.0556
0.07,0.058,0.0612,0.0684,0.0648,0.06,0.0576,0.058,0.0656,0.0644,0.0632,0.0632,0.0656,0.0628,0.0616,0.0556
0.0692,0.0576,0.0608,0.0684,0.0616,0.0624,0.0612,0.058,0.0656,0.0684,0.0636,0.06,0.0624,0.0624,0.062,0.0564
0.0704,0.056,0.0604,0.0704,0.062,0.066,0.0624,0.0588,0.0632,0.0664,0.0644,0.0568,0.0648,0.0612,0.0628,0.054
0.0728,0.054,0.0604,0.0684,0.0616,0.066,0.0696,0.0612,0.0616,0.0664,0.0636,0.0568,0.0608,0.06,0.0632,0.0536
0.072,0.054,0.062,0.072,0.0608,0.0664,0.068,0.062,0.0608,0.0624,0.062,0.0564,0.062,0.0624,0.062,0.0548
0.074,0.0556,0.0628,0.072,0.0588,0.0624,0.0692,0.0624,0.064,0.0616,0.0572,0.0528,0.064,0.0592,0.0644,0.0596
0.0772,0.0548,0.0616,0.0696,0.0616,0.0636,0.066,0.0632,0.0652,0.064,0.0564,0.052,0.0648,0.0576,0.0596,0.0628
0.0768,0.0536,0.0608,0.0696,0.0652,0.0628,0.0672,0.0608,0.064,0.0652,0.0588,0.0548,0.064,0.0564,0.0572,0.0628
0.0732,0.0532,0.0592,0.0684,0.0704,0.0632,0.0668,0.0636,0.066,0.0664,0.0568,0.0564,0.0616,0.0552,0.0584,0.0612
0.0724,0.0532,0.0612,0.0684,0.0684,0.066,0.0648,0.058,0.0644,0.0664,0.0584,0.0576,0.0604,0.0588,0.0604,0.0612
0.0692,0.0552,0.0584,0.0684,0.0676,0.0652,0.0688,0.0608,0.064,0.066,0.064,0.056,0.06,0.0596,0.0576,0.0592
0.072,0.0552,0.0596,0.0704,0.0656,0.0644,0.0664,0.0612,0.062,0.066,0.0612,0.056,0.062,0.062,0.0572,0.0588
0.0716,0.0576,0.0592,0.0672,0.0632,0.0652,0.068,0.0592,0.0624,0.0672,0.064,0.0556,0.0604,0.062,0.0564,0.0608
0.0704,0.0596,0.058,0.0676,0.062,0.0664,0.0644,0.0596,0.0616,0.0636,0.0648,0.0564,0.0644,0.0632,0.0584,0.0596
0.072,0.0596,0.0608,0.066,0.0608,0.0664,0.0652,0.0608,0.0612,0.0636,0.0664,0.0568,0.0644,0.0624,0.054,0.0596
0.0704,0.0584,0.062,0.0656,0.0628,0.066,0.0628,0.062,0.0612,0.066,0.066,0.0576,0.0644,0.0596,0.0524,0.0628
0.0696,0.0608,0.0592,0.064,0.064,0.0688,0.062,0.0656,0.0624,0.0644,0.0664,0.058,0.0604,0.0596,0.054,0.0608
0.0684,0.0636,0.0576,0.0664,0.0636,0.0672,0.0616,0.0652,0.0632,0.0648,0.0684,0.0584,0.0596,0.0568,0.054,0.0612
0.0712,0.0616,0.0584,0.0668,0.0692,0.0664,0.064,0.064,0.064,0.064,0.0684,0.0564,0.058,0.0568,0.0528,0.058
0.07,0.0624,0.058,0.0708,0.0664,0.0676,0.0632,0.0632,0.0644,0.0636,0.0696,0.0564,0.0596,0.0564,0.0528,0.0556
0.0668,0.0652,0.058,0.0696,0.0668,0.0676,0.0656,0.0604,0.0624,0.07,0.0688,0.056,0.0584,0.0576,0.0512,0.0556
0.0688,0.0664,0.058,0.0688,0.066,0.07,0.0624,0.0636,0.0592,0.0684,0.0716,0.056,0.0536,0.0616,0.052,0.0536
0.0684,0.066,0.0576,0.0672,0.0648,0.0692,0.0608,0.06,0.0612,0.0692,0.0744,0.056,0.054,0.064,0.0532,0.054
0.0676,0.066,0.0572,0.0652,0.0688,0.068,0.0608,0.0632,0.058,0.0676,0.07,0.0552,0.0544,0.0636,0.054,0.0604
0.0716,0.0648,0.0576,0.0604,0.0712,0.0664,0.0588,0.0632,0.0572,0.0696,0.07,0.058,0.0532,0.0652,0.0528,0.06
0.0712,0.064,0.0604,0.06,0.0696,0.07,0.0576,0.0644,0.0568,0.066,0.066,0.0596,0.054,0.0676,0.0544,0.0584
0.07,0.0616,0.0584,0.0596,0.0716,0.0696,0.0612,0.0624,0.0556,0.0676,0.0656,0.0608,0.056,0.0656,0.0556,0.0588
0.07,0.0608,0.0612,0.0604,0.072,0.066,0.0612,0.0624,0.0576,0.0644,0.0664,0.0608,0.0564,0.0688,0.0532,0.0584
0.072,0.0596,0.0612,0.0588,0.0712,0.0644,0.0588,0.0632,0.0568,0.0656,0.064,0.0628,0.0576,0.0688,0.0552,0.06
0.0708,0.0612,0.0588,0.0556,0.0696,0.0676,0.0608,0.0644,0.056,0.066,0.0652,0.0624,0.0572,0.0696,0.0552,0.0596
0.0716,0.0604,0.0596,0.0548,0.0648,0.0676,0.0596,0.0644,0.0592,0.0676,0.0656,0.064,0.0564,0.0696,0.0568,0.058
0.0692,0.0596,0.056,0.0576,0.0648,0.0684,0.0572,0.064,0.0624,0.0664,0.0688,0.0608,0.0592,0.072,0.0572,0.0564
0.0684,0.0588,0.0564,0.0568,0.0648,0.0696,0.0608,0.0628,0.0636,0.0664,0.0712,0.0616,0.0576,0.0696,0.0564,0.0552
0.0688,0.0584,0.0572,0.0596,0.0644,0.07,0.0584,0.0612,0.0604,0.0676,0.0692,0.0636,0.0604,0.0692,0.0556,0.056
0.0724,0.058,0.0584,0.06,0.0624,0.0704,0.056,0.0632,0.0616,0.066,0.0688,0.0636,0.0592,0.0664,0.0536,0.06
0.0728,0.0588,0.058,0.058,0.0616,0.0676,0.0548,0.0644,0.0608,0.066,0.0684,0.0644,0.062,0.0656,0.056,0.0608
0.0736,0.0616,0.0576,0.0584,0.0612,0.066,0.0572,0.064,0.0584,0.0676,0.0664,0.062,0.0632,0.0668,0.054,0.062
0.0732,0.062,0.0536,0.06,0.062,0.0672,0.0552,0.0628,0.0592,0.0672,0.0676,0.0612,0.0628,0.0684,0.056,0.0616
0.0696,0.0632,0.0552,0.06,0.0612,0.0648,0.0548,0.064,0.0596,0.0684,0.0652,0.0592,0.066,0.0692,0.056,0.0636
0.0676,0.0612,0.0568,0.0624,0.0604,0.0636,0.0568,0.0652,0.0588,0.066,0.0644,0.0592,0.0652,0.0668,0.0592,0.0664
0.068,0.06,0.0588,0.0648,0.0624,0.0696,0.0556,0.0636,0.0568,0.064,0.0616,0.06,0.0624,0.066,0.058,0.0684
0.0656,0.0612,0.0584,0.0652,0.064,0.0704,0.0568,0.0632,0.0604,0.0608,0.0628,0.0604,0.0604,0.0644,0.0592,0.0668
0.0656,0.0592,0.06,0.0648,0.0644,0.0712,0.0536,0.0608,0.06,0.0628,0.06,0.064,0.0616,0.0648,0.0584,0.0688
0.064,0.058,0.0604,0.0648,0.0608,0.0732,0.0548,0.0652,0.06,0.0656,0.0624,0.064,0.0628,0.0612,0.0564,0.0664
0.0632,0.0604,0.0608,0.064,0.0584,0.0704,0.0584,0.0644,0.0572,0.066,0.0604,0.0668,0.0624,0.0612,0.0576,0.0684
0.0628,0.0636,0.06,0.0644,0.0604,0.0696,0.0592,0.0652,0.056,0.0676,0.0616,0.0672,0.058,0.0596,0.0552,0.0696
0.0636,0.066,0.0588,0.0648,0.0596,0.0676,0.0616,0.0644,0.0552,0.068,0.062,0.0668,0.0564,0.0604,0.056,0.0688
0.0616,0.0632,0.058,0.0616,0.0572,0.0688,0.0612,0.0648,0.058,0.0688,0.0612,0.0696,0.058,0.0568,0.0616,0.0696
0.0644,0.0648,0.0564,0.0596,0.0592,0.0688,0.0628,0.0632,0.058,0.0668,0.0608,0.0656,0.0568,0.058,0.0632,0.0716
0.0656,0.0644,0.056,0.0624,0.064,0.0664,0.0624,0.06,0.0576,0.0668,0.0588,0.0664,0.0568,0.0576,0.064,0.0708
0.066,0.0648,0.056,0.0616,0.0632,0.0684,0.0608,0.0576,0.06,0.0672,0.0584,0.0652,0.0564,0.0608,0.0644,0.0692
0.0656,0.064,0.056,0.062,0.0668,0.0652,0.0628,0.0596,0.0596,0.068,0.0576,0.064,0.06,0.062,0.0632,0.0636
0.0648,0.0612,0.0524,0.0632,0.066,0.066,0.0648,0.0636,0.0624,0.0652,0.0568,0.066,0.0592,0.0604,0.0616,0.0664
0.0656,0.0612,0.0536,0.0652,0.066,0.0672,0.066,0.0612,0.0576,0.0644,0.0584,0.0612,0.0608,0.0584,0.0644,0.0688
0.0652,0.0576,0.0516,0.0648,0.0632,0.0676,0.0716,0.0596,0.0552,0.0628,0.0592,0.064,0.066,0.0588,0.062,0.0708
0.0644,0.056,0.0528,0.0672,0.0664,0.0672,0.0724,0.0572,0.056,0.058,0.058,0.0656,0.064,0.06,0.062,0.0728
0.0672,0.0564,0.0528,0.0668,0.064,0.0712,0.0692,0.056,0.058,0.0596,0.0572,0.0612,0.064,0.058,0.0636,0.0748
0.0688,0.0592,0.0516,0.0672,0.062,0.0692,0.0676,0.0564,0.0596,0.0604,0.0592,0.062,0.0624,0.0576,0.0612,0.0756
0.0664,0.0592,0.0532,0.0684,0.0604,0.0668,0.0688,0.0572,0.0568,0.0644,0.0624,0.0664,0.064,0.0544,0.0624,0.0688
0.0672,0.0616,0.052,0.0684,0.062,0.0676,0.0676,0.0592,0.0556,0.0632,0.0596,0.066,0.0628,0.0556,0.0636,0.068
0.0684,0.06,0.0564,0.0692,0.06,0.0656,0.07,0.0572,0.0548,0.0624,0.0584,0.0672,0.0612,0.058,0.0628,0.0684
0.0704,0.06,0.0504,0.0676,0.0616,0.0668,0.0692,0.0624,0.0572,0.0624,0.0616,0.064,0.0572,0.0584,0.0648,0.066
0.0692,0.0596,0.052,0.0656,0.0644,0.0692,0.0716,0.0608,0.0564,0.0576,0.0656,0.0672,0.0572,0.0548,0.0628,0.066
0.068,0.0592,0.0512,0.0668,0.0632,0.0684,0.0684,0.058,0.0588,0.06,0.0648,0.0656,0.0584,0.0572,0.0648,0.0672
0.0692,0.0576,0.0532,0.0676,0.062,0.066,0.0688,0.056,0.0576,0.0628,0.066,0.0696,0.0592,0.056,0.0644,0.064
0.0672,0.0608,0.0548,0.0684,0.0616,0.0664,0.0664,0.0564,0.0592,0.062,0.0668,0.0724,0.0604,0.0548,0.0604,0.062
0.0656,0.0632,0.0544,0.0656,0.0604,0.0664,0.0672,0.056,0.062,0.0604,0.0696,0.0692,0.0604,0.0556,0.0612,0.0628
0.0644,0.0612,0.0568,0.0664,0.0584,0.0676,0.064,0.0584,0.062,0.0632,0.0676,0.0676,0.0612,0.058,0.062,0.0612
0.0676,0.0604,0.0544,0.0696,0.0548,0.0716,0.0628,0.0576,0.0624,0.0604,0.0668,0.068,0.0624,0.0564,0.0624,0.0624
0.0688,0.0588,0.0556,0.0676,0.0576,0.07,0.0628,0.0592,0.0588,0.0616,0.0668,0.0696,0.064,0.0568,0.0624,0.0596
0.0672,0.0572,0.058,0.0692,0.0524,0.0732,0.0612,0.0584,0.06,0.0628,0.0684,0.068,0.0648,0.0568,0.0628,0.0596
0.0644,0.062,0.0556,0.0664,0.054,0.0732,0.06,0.0616,0.0596,0.066,0.0704,0.0696,0.0656,0.0532,0.06,0.0584
0.0632,0.0636,0.0532,0.066,0.0524,0.072,0.0636,0.0628,0.0608,0.066,0.068,0.0716,0.0704,0.0508,0.0556,0.06
0.06,0.066,0.054,0.0672,0.0528,0.0692,0.0608,0.0584,0.0608,0.0684,0.0668,0.0728,0.0736,0.0532,0.0528,0.0632
0.0568,0.0648,0.0576,0.0692,0.054,0.0672,0.0584,0.0588,0.0608,0.0708,0.0608,0.0704,0.0736,0.058,0.054,0.0648
0.0604,0.0636,0.0568,0.0664,0.0548,0.0644,0.0576,0.0568,0.0596,0.0708,0.066,0.07,0.0712,0.0588,0.0584,0.0644
0.0612,0.0648,0.058,0.0684,0.058,0.0628,0.0572,0.0596,0.0568,0.0644,0.0652,0.0708,0.0664,0.0592,0.0588,0.0684
0.0604,0.066,0.0584,0.07,0.0596,0.0612,0.0564,0.0588,0.0564,0.0664,0.064,0.074,0.0632,0.0592,0.0608,0.0652
0.0596,0.0668,0.0596,0.0716,0.0588,0.0604,0.0548,0.0588,0.058,0.066,0.0616,0.0732,0.0676,0.06,0.0576,0.0656
0.0628,0.064,0.06,0.0712,0.0592,0.0572,0.0564,0.0604,0.0584,0.0656,0.0624,0.0716,0.068,0.0624,0.0572,0.0632
0.064,0.0616,0.0596,0.0728,0.0604,0.0576,0.056,0.0596,0.0608,0.0644,0.0624,0.0712,0.0696,0.0632,0.0556,0.0612
0.0668,0.0628,0.0576,0.074,0.0604,0.0532,0.0568,0.0604,0.0612,0.0608,0.066,0.0688,0.07,0.0636,0.056,0.0616
0.068,0.062,0.0584,0.0732,0.0604,0.0544,0.0568,0.06,0.0616,0.0644,0.0628,0.0636,0.0724,0.0648,0.0552,0.062
0.0688,0.0608,0.0608,0.0712,0.0624,0.0564,0.0576,0.0596,0.062,0.0592,0.0652,0.066,0.0708,0.0636,0.0556,0.06
0.068,0.0588,0.0584,0.0728,0.0628,0.0524,0.0604,0.0604,0.0628,0.0588,0.0672,0.068,0.0708,0.0644,0.0584,0.0556
0.0668,0.0596,0.058,0.0684,0.0668,0.0568,0.0572,0.0644,0.0612,0.0592,0.068,0.064,0.07,0.0652,0.0596,0.0548
0.0636,0.0612,0.06,0.0664,0.064,0.0608,0.0584,0.0628,0.0644,0.0556,0.0696,0.064,0.0696,0.0656,0.0576,0.0564
0.0644,0.0568,0.0612,0.0624,0.0644,0.0608,0.0628,0.062,0.0672,0.0564,0.066,0.0664,0.0708,0.0636,0.062,0.0528
0.0636,0.058,0.0628,0.0624,0.0616,0.0612,0.064,0.0604,0.0664,0.06,0.0672,0.0692,0.0692,0.0604,0.0604,0.0532
0.0624,0.06,0.0616,0.0608,0.0616,0.0652,0.066,0.0628,0.0668,0.0592,0.0648,0.07,0.068,0.0576,0.0584,0.0548
0.0628,0.0608,0.0604,0.0616,0.0632,0.0668,0.068,0.064,0.0672,0.0604,0.064,0.0656,0.066,0.0568,0.0568,0.0556
0.0608,0.0608,0.0584,0.0588,0.0616,0.0664,0.066,0.0676,0.0684,0.0632,0.066,0.068,0.0648,0.0572,0.0548,0.0572
0.062,0.0604,0.0592,0.0616,0.0588,0.0636,0.0688,0.0656,0.0704,0.0564,0.0636,0.0684,0.0644,0.0588,0.0568,0.0612
0.0596,0.0632,0.064,0.0608,0.058,0.0628,0.0644,0.066,0.072,0.0556,0.0648,0.0664,0.0636,0.058,0.058,0.0628
0.0592,0.0628,0.0652,0.0632,0.0604,0.0624,0.0644,0.0644,0.0688,0.0548,0.066,0.064,0.0632,0.0596,0.0608,0.0608
0.0596,0.0584,0.064,0.06,0.062,0.0652,0.0656,0.0616,0.0664,0.0568,0.0668,0.0628,0.0684,0.0608,0.0616,0.06
0.0604,0.0548,0.0644,0.0608,0.0628,0.0624,0.07,0.06,0.068,0.0564,0.0672,0.0616,0.0668,0.064,0.06,0.0604
0.0584,0.0548,0.0628,0.0604,0.062,0.0608,0.0708,0.0592,0.0672,0.0588,0.0688,0.0612,0.0656,0.0668,0.0616,0.0608
0.0556,0.0548,0.06,0.0612,0.0648,0.0616,0.0704,0.0564,0.064,0.0604,0.0704,0.0616,0.066,0.0676,0.064,0.0612
0.056,0.0524,0.06,0.0604,0.062,0.06,0.0684,0.0588,0.0644,0.0612,0.0696,0.0616,0.0724,0.0628,0.0672,0.0628
0.056,0.0508,0.0608,0.062,0.0632,0.0616,0.068,0.0572,0.0612,0.062,0.0676,0.0644,0.0692,0.0616,0.0684,0.066
0.0544,0.05,0.0624,0.0632,0.0628,0.0604,0.0644,0.06,0.0592,0.0612,0.0664,0.0688,0.0696,0.0628,0.068,0.0664
0.0552,0.0532,0.0616,0.0632,0.0624,0.0652,0.0612,0.0552,0.0616,0.062,0.0648,0.0676,0.0704,0.062,0.0692,0.0652
0.0552,0.0548,0.06,0.0636,0.0624,0.0616,0.0624,0.0552,0.0624,0.0604,0.0664,0.0676,0.0664,0.0624,0.0708,0.0684
0.0548,0.0552,0.0624,0.0616,0.0612,0.064,0.0652,0.0564,0.0616,0.062,0.0656,0.0684,0.064,0.0604,0.0704,0.0668
0.0608,0.0572,0.0604,0.0636,0.0584,0.0656,0.064,0.0564,0.0636,0.0624,0.0648,0.0664,0.0616,0.06,0.068,0.0668
0.0596,0.056,0.06,0.0652,0.062,0.0668,0.0616,0.0568,0.0628,0.0612,0.0656,0.0668,0.0612,0.0588,0.0688,0.0668
0.062,0.056,0.0576,0.0624,0.0624,0.0696,0.064,0.0576,0.0636,0.0596,0.0632,0.068,0.0616,0.0588,0.0664,0.0672
0.062,0.0532,0.0608,0.0632,0.0628,0.066,0.0624,0.0612,0.0604,0.0624,0.0608,0.0688,0.0608,0.0576,0.0676,0.07
0.0604,0.0556,0.0636,0.0596,0.062,0.0688,0.0604,0.0612,0.0616,0.062,0.0612,0.0688,0.0604,0.058,0.066,0.0704
0.06,0.054,0.0656,0.0624,0.06,0.0732,0.0584,0.0592,0.0628,0.0648,0.0608,0.0676,0.0592,0.0548,0.0664,0.0708
0.0604,0.056,0.068,0.0624,0.0608,0.0732,0.0548,0.0644,0.0632,0.0656,0.0584,0.0664,0.0576,0.0548,0.064,0.07
0.0616,0.0524,0.0664,0.06,0.0616,0.07,0.0536,0.064,0.066,0.0656,0.0612,0.0676,0.0632,0.054,0.0648,0.068
0.0628,0.05,0.0648,0.0612,0.064,0.0724,0.0568,0.062,0.0644,0.0644,0.0636,0.0628,0.0628,0.0564,0.0656,0.066
0.062,0.052,0.0624,0.0564,0.0628,0.0724,0.0564,0.0608,0.0668,0.068,0.0652,0.062,0.064,0.0556,0.0668,0.0664
0.0556,0.0576,0.0608,0.0552,0.0624,0.0712,0.0608,0.0596,0.0696,0.0652,0.066,0.0628,0.0636,0.0536,0.0684,0.0676
0.0564,0.058,0.0612,0.056,0.0632,0.0716,0.0596,0.0584,0.0724,0.0652,0.0672,0.0576,0.0604,0.0556,0.068,0.0692
0.0548,0.058,0.0644,0.054,0.0608,0.0696,0.0584,0.0576,0.0712,0.0668,0.0692,0.0596,0.0632,0.0572,0.0676,0.0676
0.056,0.0584,0.0656,0.054,0.0632,0.068,0.056,0.054,0.0712,0.0644,0.0696,0.0612,0.06,0.0592,0.0704,0.0688
0.0584,0.0592,0.062,0.0572,0.0644,0.0688,0.056,0.0524,0.0668,0.0664,0.0668,0.0612,0.0624,0.0608,0.0712,0.066
0.0584,0.0576,0.0612,0.058,0.0632,0.0712,0.0548,0.0516,0.0672,0.068,0.0652,0.0632,0.0632,0.0588,0.0716,0.0668
0.0572,0.0584,0.0636,0.0576,0.0624,0.0696,0.0584,0.052,0.0708,0.0688,0.0636,0.0604,0.0624,0.06,0.068,0.0668
0.058,0.0596,0.064,0.0576,0.0604,0.068,0.0604,0.056,0.07,0.0656,0.0592,0.0628,0.0612,0.0596,0.0684,0.0692
0.0592,0.0564,0.0624,0.0596,0.0604,0.068,0.058,0.058,0.0688,0.0672,0.058,0.0612,0.0628,0.0648,0.0632,0.072
0.0588,0.0596,0.0636,0.0596,0.0588,0.068,0.0548,0.0592,0.0696,0.0656,0.0568,0.0608,0.0652,0.0644,0.0664,0.0688
0.0588,0.0608,0.0616,0.0584,0.0612,0.0648,0.0564,0.0596,0.0696,0.0624,0.0556,0.0616,0.0692,0.0652,0.0652,0.0696
0.0568,0.062,0.0632,0.0592,0.0612,0.0652,0.056,0.0608,0.0696,0.062,0.0548,0.0636,0.0704,0.0616,0.0664,0.0672
0.0544,0.062,0.068,0.0616,0.06,0.0608,0.0564,0.0596,0.07,0.0644,0.0572,0.0624,0.0716,0.0604,0.0644,0.0668
0.0544,0.062,0.0676,0.0628,0.0604,0.0616,0.0528,0.0628,0.0696,0.0648,0.0568,0.0604,0.0728,0.0628,0.0632,0.0652
0.0544,0.0672,0.068,0.06,0.0596,0.0624,0.0576,0.0624,0.0708,0.0612,0.0556,0.0596,0.0704,0.0652,0.0628,0.0628
0.0552,0.0676,0.066,0.0616,0.062,0.0596,0.0572,0.062,0.0684,0.0624,0.0576,0.0624,0.072,0.0612,0.0608,0.064
0.0548,0.068,0.0652,0.058,0.0628,0.0608,0.0564,0.0628,0.066,0.0612,0.0596,0.0604,0.0708,0.0644,0.0608,0.068
0.0524,0.0664,0.064,0.0556,0.0652,0.0596,0.0604,0.0588,0.0688,0.0628,0.0616,0.0636,0.0684,0.0652,0.0596,0.0676
0.0548,0.0664,0.0624,0.0564,0.0644,0.0588,0.06,0.0572,0.068,0.0612,0.0588,0.066,0.0684,0.0672,0.0616,0.0684
0.0576,0.0644,0.0616,0.0568,0.0672,0.058,0.0604,0.056,0.0672,0.0568,0.0584,0.0672,0.0704,0.0632,0.0644,0.0704
0.0592,0.0616,0.0608,0.0616,0.066,0.06,0.0596,0.0576,0.0672,0.0536,0.0584,0.062,0.0712,0.064,0.0708,0.0664
0.0548,0.0608,0.0632,0.0604,0.0652,0.0608,0.062,0.0556,0.0664,0.0564,0.06,0.0636,0.072,0.0624,0.07,0.0664
0.054,0.0632,0.064,0.062,0.0656,0.0624,0.0596,0.0572,0.0644,0.056,0.0604,0.0624,0.0684,0.0636,0.072,0.0648
0.0556,0.0596,0.0684,0.066,0.0652,0.0664,0.058,0.0584,0.0628,0.0552,0.0584,0.0604,0.0672,0.0652,0.07,0.0632
0.0544,0.0596,0.068,0.0652,0.0656,0.0668,0.0548,0.0612,0.0628,0.0564,0.0616,0.06,0.0672,0.0648,0.0724,0.0592
0.054,0.0572,0.0676,0.0656,0.0676,0.0644,0.0564,0.0608,0.0668,0.0568,0.0596,0.0604,0.0668,0.0652,0.0716,0.0592
0.0524,0.0572,0.0688,0.0664,0.0684,0.0616,0.0596,0.0596,0.0656,0.0592,0.0592,0.0604,0.0668,0.0612,0.0728,0.0608
0.0572,0.0556,0.0672,0.0636,0.066,0.0612,0.0604,0.0572,0.064,0.0608,0.0632,0.0624,0.0684,0.0612,0.0704,0.0612
0.0572,0.0544,0.0656,0.062,0.0668,0.064,0.062,0.0572,0.062,0.0644,0.0632,0.0596,0.0676,0.0608,0.0704,0.0628
0.0608,0.056,0.0668,0.0644,0.0676,0.0616,0.062,0.0572,0.0616,0.0628,0.06,0.0628,0.0636,0.0592,0.0716,0.062
0.0652,0.0576,0.0644,0.0644,0.0648,0.0648,0.06,0.0588,0.0628,0.0624,0.0616,0.0624,0.0624,0.06,0.0656,0.0628
0.0644,0.0584,0.0636,0.0644,0.0628,0.0644,0.0636,0.0596,0.0648,0.0624,0.0624,0.064,0.0604,0.0604,0.0628,0.0616
0.0608,0.0596,0.0636,0.062,0.0644,0.0664,0.064,0.0604,0.0616,0.0608,0.0648,0.0664,0.0588,0.0624,0.0592,0.0648
0.062,0.0592,0.0664,0.062,0.0624,0.0664,0.0608,0.062,0.06,0.0636,0.0652,0.0636,0.0548,0.0652,0.0652,0.0612
0.0616,0.0608,0.0648,0.0632,0.0616,0.0644,0.0604,0.062,0.0644,0.062,0.0656,0.064,0.0552,0.066,0.0628,0.0612
0.0604,0.0572,0.0676,0.0656,0.058,0.062,0.0608,0.0604,0.0664,0.0596,0.0652,0.0648,0.058,0.0656,0.0648,0.0636
0.0624,0.06,0.0676,0.0644,0.0544,0.0596,0.0584,0.0592,0.0676,0.0608,0.0648,0.0624,0.0624,0.0668,0.0652,0.064
0.0612,0.0612,0.0668,0.0628,0.0564,0.0584,0.0564,0.0592,0.0672,0.0644,0.0688,0.0636,0.062,0.0648,0.0644,0.0624
0.0608,0.0612,0.0684,0.0656,0.0592,0.0548,0.0584,0.0604,0.0684,0.0628,0.0688,0.0612,0.0592,0.0664,0.0624,0.062
0.0616,0.0616,0.0696,0.0644,0.0608,0.0572,0.0552,0.0592,0.0692,0.0628,0.07,0.0636,0.0592,0.0648,0.0612,0.0596
0.0608,0.062,0.0684,0.0656,0.0612,0.0592,0.0548,0.0568,0.0692,0.0644,0.068,0.0644,0.0612,0.062,0.0604,0.0616
0.062,0.0608,0.0696,0.0668,0.0616,0.0588,0.0572,0.0568,0.0676,0.0624,0.0672,0.0692,0.0612,0.0632,0.0552,0.0604
0.064,0.0592,0.0688,0.0672,0.0636,0.0592,0.0592,0.0548,0.0672,0.0644,0.0668,0.0664,0.0604,0.0628,0.0552,0.0608
0.064,0.0576,0.0652,0.07,0.0636,0.06,0.062,0.0544,0.0652,0.0616,0.0668,0.0692,0.0604,0.0616,0.0564,0.062
0.0632,0.0564,0.0676,0.0708,0.0648,0.0596,0.0632,0.0552,0.0644,0.0632,0.0644,0.0716,0.0588,0.0628,0.0544,0.0596
0.0628,0.0564,0.0652,0.074,0.0604,0.0608,0.0624,0.0536,0.0648,0.0628,0.0636,0.0728,0.0584,0.0664,0.0516,0.064
0.0596,0.0568,0.0652,0.0696,0.0584,0.0604,0.0628,0.06,0.0656,0.0636,0.0672,0.0728,0.0564,0.066,0.0528,0.0628
0.0568,0.0584,0.0672,0.0708,0.0556,0.06,0.0596,0.0604,0.0636,0.0608,0.0688,0.0736,0.0588,0.068,0.0516,0.066
0.0556,0.058,0.068,0.0728,0.0572,0.0624,0.0608,0.0564,0.0604,0.0636,0.066,0.0756,0.0624,0.064,0.0524,0.0644
0.0548,0.0572,0.07,0.0716,0.0572,0.0656,0.062,0.0592,0.058,0.0656,0.0652,0.0752,0.0608,0.0588,0.0524,0.0664
0.0524,0.0556,0.0692,0.0748,0.0588,0.0668,0.0632,0.0608,0.058,0.0648,0.0624,0.0756,0.0588,0.0576,0.0552,0.066
0.0528,0.0556,0.0692,0.0716,0.0596,0.0644,0.062,0.0636,0.0588,0.0636,0.0612,0.0748,0.0564,0.0612,0.0588,0.0664
0.054,0.056,0.0656,0.0728,0.062,0.064,0.0628,0.062,0.0596,0.0628,0.0608,0.0756,0.0552,0.0644,0.0592,0.0632
0.0548,0.0592,0.064,0.0696,0.06,0.0624,0.0644,0.0612,0.0604,0.062,0.0616,0.074,0.056,0.0664,0.06,0.064
0.0552,0.0572,0.0628,0.0708,0.058,0.0628,0.0648,0.0628,0.0676,0.0596,0.0612,0.074,0.056,0.0632,0.0616,0.0624
0.0564,0.0544,0.062,0.0684,0.0572,0.0668,0.0632,0.0676,0.0672,0.0596,0.0616,0.0712,0.056,0.0628,0.0644,0.0612
0.058,0.0556,0.0632,0.0688,0.0564,0.0672,0.0656,0.0652,0.0684,0.0612,0.0596,0.0684,0.0544,0.0636,0.0632,0.0612
0.0584,0.0568,0.066,0.0668,0.0528,0.068,0.0656,0.068,0.0664,0.062,0.0588,0.068,0.0524,0.0644,0.0648,0.0608
0.058,0.0564,0.0628,0.0672,0.0536,0.0704,0.0632,0.0672,0.0616,0.0636,0.0592,0.0668,0.0544,0.0684,0.0648,0.0624
0.0592,0.0564,0.062,0.0684,0.0564,0.0696,0.0616,0.066,0.0652,0.0628,0.0604,0.0664,0.054,0.0672,0.0632,0.0612
0.0568,0.0592,0.0564,0.0704,0.0572,0.0668,0.06,0.0652,0.0676,0.0636,0.0616,0.0688,0.0548,0.066,0.0616,0.064
0.0572,0.0596,0.056,0.0712,0.0584,0.0688,0.062,0.0632,0.0656,0.0648,0.0592,0.0684,0.056,0.0672,0.0576,0.0648
0.0588,0.0608,0.0528,0.0728,0.0552,0.0696,0.0632,0.0648,0.0636,0.064,0.0584,0.0664,0.0576,0.0696,0.0564,0.066
0.0648,0.0612,0.0512,0.074,0.058,0.068,0.0636,0.062,0.0644,0.0644,0.0556,0.0696,0.0564,0.0692,0.0552,0.0624
0.0628,0.0592,0.0536,0.0756,0.0576,0.0672,0.0676,0.0604,0.0668,0.0648,0.0572,0.0676,0.0556,0.0684,0.0548,0.0608
0.0624,0.0552,0.0568,0.0768,0.0572,0.064,0.0692,0.06,0.066,0.0632,0.0536,0.0668,0.0568,0.0704,0.0588,0.0628
0.0572,0.0536,0.0572,0.0764,0.0572,0.0656,0.0668,0.062,0.0664,0.062,0.0572,0.066,0.0576,0.0712,0.0592,0.0644
0.0568,0.0544,0.0592,0.0732,0.0592,0.0636,0.0672,0.06,0.068,0.0608,0.0604,0.0668,0.058,0.0688,0.056,0.0676
0.0604,0.0568,0.0572,0.0724,0.0628,0.0612,0.064,0.0616,0.0672,0.0628,0.062,0.0676,0.0576,0.0648,0.0564,0.0652
0.0572,0.058,0.058,0.0728,0.0604,0.0608,0.0656,0.064,0.07,0.0612,0.0572,0.068,0.0592,0.066,0.0576,0.064
0.0568,0.0592,0.056,0.0724,0.058,0.0612,0.0664,0.064,0.0696,0.0688,0.0568,0.0676,0.0592,0.0624,0.0612,0.0604
0.0576,0.0616,0.0564,0.0704,0.0552,0.0596,0.0684,0.066,0.0716,0.0668,0.0552,0.0696,0.0572,0.062,0.0608,0.0616
0.0588,0.0616,0.0552,0.0688,0.0552,0.0592,0.0676,0.066,0.0676,0.0668,0.0564,0.0684,0.0612,0.0628,0.0608,0.0636
0.06,0.0628,0.0564,0.0692,0.0556,0.06,0.068,0.0668,0.0652,0.0648,0.0592,0.0692,0.0568,0.0636,0.0584,0.064
0.0632,0.0616,0.06,0.0656,0.0568,0.06,0.0688,0.0656,0.0644,0.0664,0.0592,0.0648,0.0564,0.0632,0.06,0.064
0.066,0.0612,0.0584,0.068,0.0596,0.06,0.0708,0.0612,0.0624,0.0624,0.0596,0.0656,0.0568,0.0652,0.0584,0.0644
0.0664,0.0596,0.06,0.0676,0.058,0.0588,0.0676,0.0636,0.0636,0.0628,0.0592,0.062,0.0596,0.0684,0.0584,0.0644
0.0624,0.062,0.0612,0.0672,0.062,0.0588,0.07,0.0616,0.0664,0.0588,0.06,0.0616,0.0612,0.068,0.056,0.0628
0.0616,0.062,0.0632,0.0648,0.058,0.0588,0.0704,0.0608,0.0664,0.0584,0.0624,0.0632,0.0608,0.068,0.058,0.0632
0.0624,0.0596,0.064,0.0652,0.0576,0.0612,0.0688,0.0592,0.0672,0.0616,0.0604,0.0624,0.0624,0.0644,0.0604,0.0632
0.0636,0.0584,0.0628,0.0628,0.0576,0.0652,0.0704,0.0576,0.0664,0.062,0.0632,0.0624,0.0624,0.064,0.06,0.0612
0.0632,0.0596,0.058,0.0644,0.0576,0.0664,0.0692,0.058,0.0652,0.0636,0.0648,0.0604,0.0596,0.0644,0.0604,0.0652
0.0624,0.0628,0.056,0.0624,0.0568,0.0676,0.0696,0.0572,0.0644,0.0652,0.0664,0.0608,0.0592,0.0632,0.0624,0.0636
0.0584,0.0656,0.0568,0.0632,0.0556,0.0664,0.07,0.054,0.0636,0.0656,0.0664,0.0612,0.0616,0.0644,0.0644,0.0628
0.0608,0.0644,0.0596,0.0644,0.0536,0.0672,0.0644,0.0548,0.0632,0.064,0.0664,0.0608,0.0616,0.0672,0.066,0.0616
0.0588,0.068,0.0628,0.0668,0.056,0.0668,0.064,0.0544,0.066,0.0624,0.0644,0.0596,0.0616,0.0664,0.064,0.058
0.0568,0.066,0.062,0.0672,0.056,0.0668,0.0628,0.0544,0.062,0.0616,0.0628,0.0604,0.066,0.0696,0.0668,0.0588
0.0588,0.0652,0.0592,0.0656,0.0604,0.0656,0.0612,0.0564,0.0616,0.062,0.062,0.06,0.064,0.0704,0.0692,0.0584
0.0576,0.0616,0.0592,0.0644,0.06,0.0648,0.0588,0.0592,0.0632,0.068,0.064,0.0604,0.0604,0.0712,0.0692,0.058
0.058,0.0664,0.0584,0.064,0.0612,0.0624,0.058,0.0584,0.0696,0.0672,0.064,0.0572,0.0576,0.0688,0.0704,0.0584
0.0568,0.066,0.0576,0.0644,0.0616,0.0632,0.058,0.0588,0.0696,0.066,0.064,0.054,0.0584,0.0704,0.0708,0.0604
0.0568,0.0684,0.0604,0.0676,0.0604,0.0652,0.0584,0.0596,0.0648,0.0664,0.0644,0.0516,0.0568,0.068,0.0716,0.0596
0.058,0.0664,0.0628,0.0672,0.0664,0.0688,0.0572,0.0596,0.064,0.0648,0.0624,0.0488,0.0584,0.0668,0.0712,0.0572
0.0584,0.0652,0.0636,0.0652,0.0636,0.0672,0.0572,0.0608,0.0624,0.0652,0.0668,0.0484,0.0572,0.0684,0.0704,0.06
0.0596,0.0664,0.0648,0.062,0.0636,0.0652,0.0576,0.0616,0.0624,0.0672,0.0684,0.05,0.0568,0.0676,0.0692,0.0576
0.0588,0.0644,0.0652,0.064,0.0632,0.0664,0.058,0.0592,0.0628,0.0624,0.0692,0.05,0.058,0.0676,0.0696,0.0612
