C_R,C_A,C_S,C_N,D_R,D_A,D_S,D_N,Oc_R,Oc_A,Oc_S,Oc_N,Od_R,Od_A,Od_S,Od_N
0.0,0.0,0.0,0.0,0.0,0.0,0.0,0.0,0.0,1.0,0.0,0.0,0.0,0.0,0.0,0.0
0.0,0.0,0.0,0.0,0.0,0.0,0.0,0.5,0.0,0.5,0.0,0.0,0.0,0.0,0.0,0.0
0.0,0.0,0.0,0.0,0.0,0.0,0.0,0.16666666666666666,0.0,0.6666666666666666,0.0,0.16666666666666666,0.0,0.0,0.0,0.0
0.09090909090909091,0.0,0.0,0.0,0.0,0.0,0.0,0.09090909090909091,0.0,0.6363636363636364,0.0,0.18181818181818182,0.0,0.0,0.0,0.0
0.07692307692307693,0.0,0.0,0.0,0.0,0.07692307692307693,0.0,0.07692307692307693,0.0,0.6153846153846154,0.0,0.15384615384615385,0.0,0.0,0.0,0.0
0.058823529411764705,0.058823529411764705,0.0,0.0,0.0,0.058823529411764705,0.0,0.058823529411764705,0.0,0.6470588235294118,0.0,0.11764705882352941,0.0,0.0,0.0,0.0
0.09090909090909091,0.0,0.0,0.0,0.0,0.045454545454545456,0.0,0.09090909090909091,0.0,0.6818181818181818,0.0,0.045454545454545456,0.0,0.0,0.045454545454545456,0.0
0.1724137931034483,0.0,0.0,0.0,0.0,0.034482758620689655,0.0,0.13793103448275862,0.0,0.5862068965517241,0.0,0.034482758620689655,0.0,0.0,0.034482758620689655,0.0
0.14634146341463414,0.0,0.04878048780487805,0.024390243902439025,0.0,0.024390243902439025,0.0,0.14634146341463414,0.0,0.5609756097560976,0.0,0.024390243902439025,0.0,0.0,0.024390243902439025,0.0
0.16981132075471697,0.018867924528301886,0.018867924528301886,0.03773584905660377,0.0,0.03773584905660377,0.0,0.1509433962264151,0.0,0.5283018867924528,0.0,0.018867924528301886,0.0,0.0,0.018867924528301886,0.0
0.22388059701492538,0.014925373134328358,0.029850746268656716,0.04477611940298507,0.014925373134328358,0.014925373134328358,0.0,0.16417910447761194,0.0,0.44776119402985076,0.0,0.029850746268656716,0.0,0.0,0.014925373134328358,0.0
0.23333333333333334,0.011111111111111112,0.022222222222222223,0.044444444444444446,0.011111111111111112,0.011111111111111112,0.011111111111111112,0.18888888888888888,0.0,0.4222222222222222,0.0,0.03333333333333333,0.0,0.0,0.011111111111111112,0.0
0.25892857142857145,0.008928571428571428,0.03571428571428571,0.03571428571428571,0.017857142857142856,0.008928571428571428,0.017857142857142856,0.20535714285714285,0.0,0.36607142857142855,0.0,0.03571428571428571,0.0,0.0,0.008928571428571428,0.0
0.2846715328467153,0.014598540145985401,0.021897810218978103,0.043795620437956206,0.0072992700729927005,0.021897810218978103,0.021897810218978103,0.20437956204379562,0.0,0.3284671532846715,0.0,0.043795620437956206,0.0,0.0,0.0072992700729927005,0.0
0.3392857142857143,0.023809523809523808,0.017857142857142856,0.05952380952380952,0.011904761904761904,0.011904761904761904,0.017857142857142856,0.17857142857142858,0.0,0.27976190476190477,0.005952380952380952,0.047619047619047616,0.0,0.0,0.005952380952380952,0.0
0.375,0.02403846153846154,0.019230769230769232,0.057692307692307696,0.009615384615384616,0.014423076923076924,0.009615384615384616,0.15384615384615385,0.0,0.25961538461538464,0.004807692307692308,0.07211538461538461,0.0,0.0,0.0,0.0
0.4107883817427386,0.016597510373443983,0.012448132780082987,0.05394190871369295,0.008298755186721992,0.016597510373443983,0.004149377593360996,0.14522821576763487,0.0,0.22821576763485477,0.012448132780082987,0.08298755186721991,0.0,0.0,0.0,0.008298755186721992
0.4205298013245033,0.013245033112582781,0.0033112582781456954,0.06291390728476821,0.009933774834437087,0.023178807947019868,0.006622516556291391,0.13245033112582782,0.0,0.20198675496688742,0.009933774834437087,0.08940397350993377,0.006622516556291391,0.0033112582781456954,0.0033112582781456954,0.013245033112582781
0.4277456647398844,0.011560693641618497,0.002890173410404624,0.06069364161849711,0.008670520231213872,0.02023121387283237,0.005780346820809248,0.15028901734104047,0.0,0.18208092485549132,0.011560693641618497,0.08670520231213873,0.011560693641618497,0.002890173410404624,0.002890173410404624,0.014450867052023121
0.4339152119700748,0.007481296758104738,0.0,0.06733167082294264,0.007481296758104738,0.017456359102244388,0.004987531172069825,0.1371571072319202,0.0,0.17955112219451372,0.007481296758104738,0.10224438902743142,0.012468827930174564,0.0024937655860349127,0.004987531172069825,0.014962593516209476
0.46808510638297873,0.006382978723404255,0.0,0.06382978723404255,0.006382978723404255,0.014893617021276596,0.0,0.1276595744680851,0.0,0.1595744680851064,0.006382978723404255,0.10212765957446808,0.014893617021276596,0.002127659574468085,0.00851063829787234,0.019148936170212766
0.47992700729927007,0.0072992700729927005,0.0,0.06386861313868614,0.0072992700729927005,0.010948905109489052,0.0018248175182481751,0.12043795620437957,0.0,0.14233576642335766,0.005474452554744526,0.10583941605839416,0.021897810218978103,0.0018248175182481751,0.010948905109489052,0.020072992700729927
0.4967637540453074,0.006472491909385114,0.003236245954692557,0.05825242718446602,0.0048543689320388345,0.014563106796116505,0.0016181229773462784,0.10679611650485436,0.003236245954692557,0.13268608414239483,0.0048543689320388345,0.10517799352750809,0.025889967637540454,0.0,0.008090614886731391,0.02750809061488673
0.5240793201133145,0.00424929178470255,0.00424929178470255,0.05807365439093484,0.00424929178470255,0.0113314447592068,0.00141643059490085,0.10198300283286119,0.0028328611898017,0.12039660056657224,0.00424929178470255,0.09631728045325778,0.028328611898016998,0.00141643059490085,0.0084985835694051,0.028328611898016998
0.5298602287166455,0.005082592121982211,0.0025412960609911056,0.054637865311308764,0.0038119440914866584,0.008894536213468869,0.0025412960609911056,0.09783989834815757,0.0025412960609911056,0.11689961880559085,0.005082592121982211,0.09911054637865312,0.03430749682337993,0.0012706480304955528,0.0063532401524777635,0.029224904701397714
0.530933633295838,0.0044994375703037125,0.0022497187851518562,0.052868391451068614,0.003374578177727784,0.008998875140607425,0.003374578177727784,0.1046119235095613,0.0022497187851518562,0.11136107986501688,0.0022497187851518562,0.10123734533183353,0.03374578177727784,0.0011248593925759281,0.006749156355455568,0.030371203599550055
0.5274043433298863,0.005170630816959669,0.0031023784901758012,0.04963805584281282,0.0031023784901758012,0.009307135470527405,0.0031023784901758012,0.09927611168562564,0.0031023784901758012,0.11375387797311272,0.002068252326783868,0.10341261633919338,0.03929679420889348,0.002068252326783868,0.005170630816959669,0.031023784901758014
0.5357474466109564,0.004642525533890436,0.002785515320334262,0.04921077065923862,0.002785515320334262,0.009285051067780872,0.0018570102135561746,0.09656453110492108,0.003714020427112349,0.1095636025998143,0.002785515320334262,0.10770659238625813,0.03714020427112349,0.002785515320334262,0.004642525533890436,0.028783658310120707
0.5402883799830365,0.005937234944868533,0.004240882103477523,0.05089058524173028,0.0033927056827820186,0.009329940627650551,0.002544529262086514,0.090754877014419,0.004240882103477523,0.10602205258693809,0.005089058524173028,0.10262934690415607,0.03816793893129771,0.002544529262086514,0.004240882103477523,0.029686174724342665
0.5443833464257659,0.007069913589945012,0.003927729772191673,0.04556166535742341,0.004713275726630008,0.00864100549882168,0.002356637863315004,0.09269442262372349,0.0054988216810683424,0.10290652003142184,0.003927729772191673,0.10133542812254517,0.04006284367635507,0.0015710919088766694,0.003927729772191673,0.031421838177533384
0.5349172066234701,0.005759539236861051,0.004319654427645789,0.04679625629949604,0.005039596832253419,0.010079193664506839,0.0021598272138228943,0.09287257019438445,0.004319654427645789,0.10511159107271419,0.005039596832253419,0.10007199424046076,0.04607631389488841,0.0021598272138228943,0.003599712023038157,0.03167746580273578
0.5302927161334241,0.008168822328114363,0.004765146358066712,0.04833219877467665,0.0034036759700476512,0.010891763104152484,0.0034036759700476512,0.09189925119128659,0.0040844111640571815,0.10415248468345814,0.0040844111640571815,0.09734513274336283,0.051735874744724304,0.0034036759700476512,0.0034036759700476512,0.03063308373042886
0.5255663430420712,0.007119741100323625,0.004530744336569579,0.04789644012944984,0.003883495145631068,0.012297734627831715,0.003236245954692557,0.09385113268608414,0.003883495145631068,0.1029126213592233,0.003883495145631068,0.09385113268608414,0.05631067961165048,0.004530744336569579,0.003883495145631068,0.032362459546925564
0.5191722458916616,0.005477784540474742,0.004869141813755326,0.04625684723067559,0.00426049908703591,0.011564211807668898,0.0030432136335970784,0.09373097991479001,0.0030432136335970784,0.09555690809494827,0.004869141813755326,0.09920876445526476,0.06816798539257456,0.005477784540474742,0.0036518563603164943,0.03164942178940962
0.5132794457274826,0.005196304849884526,0.004618937644341801,0.05196304849884527,0.005773672055427252,0.012702078521939953,0.002886836027713626,0.08891454965357967,0.002886836027713626,0.09526558891454966,0.005196304849884526,0.09988452655889145,0.06928406466512702,0.006351039260969977,0.002886836027713626,0.032909930715935336
0.5096045197740113,0.005649717514124294,0.005084745762711864,0.0576271186440678,0.005649717514124294,0.012994350282485875,0.0022598870056497176,0.08418079096045197,0.0039548022598870055,0.09661016949152543,0.005649717514124294,0.096045197740113,0.07231638418079096,0.005649717514124294,0.0039548022598870055,0.0327683615819209
0.5077831454643049,0.004830917874396135,0.005367686527106817,0.05850778314546431,0.005367686527106817,0.013955984970477724,0.00322061191626409,0.07997852925389157,0.003757380568974772,0.09286097691894793,0.005904455179817499,0.10305958132045089,0.0762211486849168,0.004830917874396135,0.0042941492216854536,0.030059044551798177
0.4966057441253264,0.005221932114882507,0.005221932114882507,0.06005221932114883,0.0036553524804177544,0.012010443864229765,0.004699738903394256,0.0793733681462141,0.003133159268929504,0.09660574412532637,0.006788511749347258,0.10757180156657964,0.0804177545691906,0.005744125326370757,0.004177545691906005,0.028720626631853787
0.4944331983805668,0.005566801619433198,0.005566801619433198,0.061234817813765184,0.004554655870445344,0.012651821862348178,0.00354251012145749,0.07945344129554656,0.00354251012145749,0.09058704453441295,0.006578947368421052,0.11082995951417005,0.08248987854251012,0.006072874493927126,0.00354251012145749,0.029352226720647773
0.4881188118811881,0.007425742574257425,0.004455445544554455,0.05891089108910891,0.004455445544554455,0.012376237623762377,0.0034653465346534654,0.0797029702970297,0.004455445544554455,0.09108910891089109,0.005940594059405941,0.1103960396039604,0.08811881188118811,0.006930693069306931,0.0039603960396039604,0.030198019801980197
0.4871421639980592,0.005822416302765648,0.0038816108685104317,0.05482775351770985,0.005337214944201844,0.014070839398350316,0.0038816108685104317,0.07617661329451722,0.0038816108685104317,0.09073265405143134,0.005822416302765648,0.11353711790393013,0.09073265405143134,0.00727802037845706,0.004366812227074236,0.032508491023774864
0.4788257940327238,0.008180943214629451,0.004812319538017324,0.0548604427333975,0.0052935514918190565,0.013474494706448507,0.004331087584215592,0.07651588065447545,0.004812319538017324,0.09576515880654475,0.006737247353224254,0.10779595765158806,0.09384023099133783,0.008180943214629451,0.0038498556304138597,0.032723772858517804
0.4774011299435028,0.00847457627118644,0.005178907721280603,0.0583804143126177,0.004708097928436911,0.014124293785310734,0.004708097928436911,0.07532956685499058,0.005649717514124294,0.0908662900188324,0.006120527306967985,0.1059322033898305,0.09839924670433145,0.008945386064030132,0.003295668549905838,0.03248587570621469
0.47960618846694797,0.007032348804500703,0.005625879043600563,0.057665260196905765,0.0032817627754336614,0.015002344116268168,0.005157055789967183,0.07219878105954056,0.005157055789967183,0.09095171120487576,0.004219409282700422,0.11017346460384435,0.09845288326300984,0.008907641819034223,0.0032817627754336614,0.033286451007969994
0.47665279704114655,0.008321775312066574,0.006010171058714748,0.05547850208044383,0.0036985668053629217,0.016181229773462782,0.004160887656033287,0.06796116504854369,0.005085529357374018,0.08784096162736939,0.006472491909385114,0.11003236245954692,0.10309754969949145,0.009708737864077669,0.004160887656033287,0.03513638465094776
0.4758842443729904,0.007349563619660083,0.007349563619660083,0.05558107487367937,0.004134129536058797,0.01423977951309141,0.004134129536058797,0.06844281120808451,0.004593477262287551,0.09049150206706477,0.006430868167202572,0.11024345429490125,0.09875976113918236,0.01240238860817639,0.005512172714745062,0.034451079467156635
0.4724517906336088,0.008264462809917356,0.006427915518824609,0.052800734618916434,0.0032139577594123047,0.014692378328741965,0.005968778696051423,0.07024793388429752,0.005050505050505051,0.0913682277318641,0.006887052341597796,0.10835629017447199,0.10284664830119375,0.012396694214876033,0.005509641873278237,0.03351698806244261
0.47198177676537584,0.008200455580865604,0.00683371298405467,0.05603644646924829,0.0031890660592255125,0.01275626423690205,0.005466970387243736,0.0683371298405467,0.004555808656036446,0.09111617312072894,0.00683371298405467,0.10797266514806378,0.10250569476082004,0.01184510250569476,0.005466970387243736,0.03690205011389522
0.4710706150341686,0.007289293849658315,0.007289293849658315,0.05603644646924829,0.004100227790432802,0.01275626423690205,0.005011389521640091,0.07015945330296128,0.004555808656036446,0.09202733485193622,0.007289293849658315,0.10341685649202734,0.10387243735763098,0.01184510250569476,0.005466970387243736,0.03781321184510251
0.47650709219858156,0.007535460992907801,0.0070921985815602835,0.057180851063829786,0.003989361702127659,0.012411347517730497,0.00576241134751773,0.06604609929078015,0.005319148936170213,0.08865248226950355,0.007535460992907801,0.10062056737588652,0.10150709219858156,0.011968085106382979,0.0070921985815602835,0.040780141843971635
0.47487772343263673,0.008448199199644287,0.00755891507336594,0.053357047576700754,0.004446420631391729,0.011560693641618497,0.006669630947087594,0.0658070253445976,0.005335704757670075,0.09026233881725211,0.008003557136505114,0.09737661182747888,0.10538016896398399,0.011560693641618497,0.008003557136505114,0.041351711871943087
0.4806131650135257,0.008115419296663661,0.007213706041478809,0.04959422903516682,0.004959422903516681,0.01127141568981064,0.005861136158701533,0.06627592425608657,0.005861136158701533,0.08926961226330027,0.008115419296663661,0.10324616771866546,0.1018935978358882,0.011722272317403066,0.007664562669071236,0.03832281334535618
0.48336252189141854,0.008318739054290718,0.0074430823117338,0.04947460595446585,0.004816112084063047,0.014010507880910683,0.005691768826619965,0.06348511383537653,0.006129597197898424,0.08887915936952714,0.0074430823117338,0.0989492119089317,0.10157618213660245,0.014448336252189142,0.006567425569176883,0.03940455341506129
0.4788546255506608,0.008370044052863436,0.00881057268722467,0.05066079295154185,0.0052863436123348016,0.013656387665198238,0.005726872246696035,0.06696035242290749,0.006167400881057269,0.08590308370044053,0.007488986784140969,0.10308370044052863,0.10352422907488987,0.013215859030837005,0.005726872246696035,0.03656387665198238
0.4708480565371025,0.007950530035335688,0.009717314487632508,0.052120141342756186,0.006183745583038869,0.015459363957597174,0.005742049469964664,0.06537102473498234,0.007067137809187279,0.0892226148409894,0.007508833922261484,0.10379858657243816,0.10203180212014135,0.014575971731448763,0.005742049469964664,0.03666077738515901
0.4665492957746479,0.008362676056338027,0.007922535211267605,0.05149647887323944,0.006602112676056338,0.014964788732394365,0.006602112676056338,0.06558098591549295,0.008802816901408451,0.08890845070422536,0.009242957746478873,0.10167253521126761,0.1056338028169014,0.014524647887323943,0.005721830985915493,0.037411971830985914
0.46996466431095407,0.009717314487632508,0.008392226148409895,0.052120141342756186,0.0066254416961130744,0.013692579505300354,0.0066254416961130744,0.06448763250883392,0.008392226148409895,0.09143109540636042,0.010159010600706713,0.09761484098939929,0.10512367491166077,0.014134275618374558,0.00530035335689046,0.036219081272084806
0.4735907678650688,0.00887705281846427,0.007545494895694629,0.05015534842432313,0.007545494895694629,0.013315579227696404,0.006657789613848202,0.06435863293386596,0.008433200177541057,0.0887705281846427,0.00887705281846427,0.10164225477141589,0.10297381269418553,0.014647137150466045,0.006213936972924989,0.036395916555703504
0.46596398770311814,0.006587615283267457,0.00834431269213878,0.054457619675010976,0.00922266139657444,0.012296881862099254,0.005709266578831796,0.06499780412823891,0.007465963987703118,0.08300395256916997,0.010540184453227932,0.10408432147562582,0.10759771629336846,0.014931927975406236,0.007465963987703118,0.03732981993851559
0.4704063604240283,0.0066254416961130744,0.009275618374558304,0.053003533568904596,0.007950530035335688,0.012809187279151944,0.005742049469964664,0.06404593639575971,0.007067137809187279,0.08480565371024736,0.009717314487632508,0.10291519434628975,0.10821554770318022,0.015017667844522967,0.007067137809187279,0.0353356890459364
0.46924428822495606,0.006590509666080844,0.00922671353251318,0.05052724077328647,0.007029876977152899,0.012302284710017574,0.0057117750439367315,0.06370826010544815,0.007029876977152899,0.08963093145869948,0.009666080843585237,0.10369068541300527,0.11072056239015818,0.014499121265377855,0.006151142355008787,0.03427065026362039
0.4719501335707925,0.007123775601068566,0.01068566340160285,0.04942119323241318,0.007569011576135352,0.014692787177203919,0.007123775601068566,0.0609973285841496,0.006678539626001781,0.08904719501335707,0.008459483526268923,0.09973285841495994,0.10863757791629564,0.014692787177203919,0.007569011576135352,0.03561887800534283
0.4728888888888889,0.0071111111111111115,0.010666666666666666,0.051555555555555556,0.007555555555555556,0.015555555555555555,0.007555555555555556,0.058222222222222224,0.007555555555555556,0.09066666666666667,0.007555555555555556,0.09333333333333334,0.112,0.014666666666666666,0.008888888888888889,0.03422222222222222
0.47961420429636126,0.0070144673388864535,0.009644892590968873,0.0526085050416484,0.0070144673388864535,0.01709776413853573,0.007452871547566856,0.05786935554581324,0.00789127575624726,0.08636562911003946,0.008329679964927663,0.0925032880315651,0.11266988163086365,0.014028934677772907,0.007452871547566856,0.03244191144234985
0.4746584398413398,0.00749228735125606,0.009695901278096077,0.05112384310268841,0.007933010136624064,0.01762891141472014,0.006610841780520053,0.060379021595416485,0.008373732921992068,0.09034817100044072,0.008373732921992068,0.08946672542970471,0.11370647862494491,0.01630674305861613,0.007051564565888057,0.030850594975760245
0.4824522434473567,0.00888494002665482,0.007996446023989337,0.050644158151932475,0.007996446023989337,0.016437139049311416,0.007107952021323856,0.05775211017325633,0.00888494002665482,0.09240337627721013,0.007107952021323856,0.0866281652598845,0.11461572634384717,0.015992892047978675,0.006219458018658374,0.028876055086628164
0.4744784731469152,0.007101642254771416,0.00887705281846427,0.05326231691078562,0.007989347536617843,0.01775410563692854,0.007545494895694629,0.05858854860186418,0.00887705281846427,0.09098979138925876,0.007989347536617843,0.08433200177541056,0.12072791833111407,0.017310252996005325,0.007101642254771416,0.027075011096316024
0.481216457960644,0.008944543828264758,0.008944543828264758,0.05008944543828265,0.008050089445438283,0.01744186046511628,0.007155635062611807,0.059481216457960645,0.008944543828264758,0.09033989266547406,0.007602862254025045,0.08228980322003578,0.12209302325581395,0.016547406082289804,0.006708407871198569,0.024150268336314847
0.4755276156264032,0.008082622361921869,0.008531656937584195,0.051189941625505164,0.008531656937584195,0.018859452177817693,0.007633587786259542,0.060170633138751685,0.009429726088908847,0.08845981140547822,0.007184553210597216,0.08396946564885496,0.12483161203412663,0.01796138302649304,0.00673551863493489,0.022900763358778626
0.48023100844069305,0.007552199022656597,0.00888494002665482,0.04931141714793425,0.00888494002665482,0.01776988005330964,0.007107952021323856,0.0639715681919147,0.009773434029320302,0.08618391825855176,0.007552199022656597,0.08307418924922257,0.12261217236783652,0.01821412705464238,0.005775211017325633,0.02310084406930253
0.4724548259144998,0.009255178492728075,0.009695901278096077,0.050683120317320404,0.00881445570736007,0.01762891141472014,0.00617011899515205,0.0639048038783605,0.00881445570736007,0.08373732921992066,0.00749228735125606,0.0877038342882327,0.12604671661524902,0.01851035698545615,0.004407227853680035,0.0246804759806082
0.4744103248776146,0.009790832220738763,0.009345794392523364,0.052514463729417,0.0075656430796617715,0.017356475300400534,0.006230529595015576,0.06408544726301736,0.0075656430796617715,0.08767245215843347,0.00801068090787717,0.08455718736092568,0.12238540275923454,0.01824655095683133,0.004895416110369382,0.025367156208277702
0.4763169544046038,0.011066843736166445,0.009738822487826471,0.054006197432492256,0.00619743249225321,0.01859229747675963,0.00619743249225321,0.06064630367419212,0.00796812749003984,0.08676405489154493,0.008853474988933156,0.08233731739707835,0.12217795484727756,0.019034971226206288,0.005312084993359893,0.02478972996901284
0.47317073170731705,0.010643015521064302,0.008869179600886918,0.056762749445676275,0.006208425720620843,0.019068736141906874,0.006208425720620843,0.0598669623059867,0.00753880266075388,0.08736141906873614,0.008869179600886918,0.082039911308204,0.12106430155210643,0.021286031042128603,0.005321507760532151,0.025720620842572064
0.46439628482972134,0.010172490048651039,0.008845643520566122,0.057938965059708095,0.007076514816452897,0.020787262273330383,0.004422821760283061,0.05926581158779301,0.007518796992481203,0.08845643520566121,0.00796107916850951,0.08359133126934984,0.12693498452012383,0.020787262273330383,0.004422821760283061,0.027421494913754976
0.46150422785936807,0.009345794392523364,0.009345794392523364,0.05785491766800178,0.00801068090787717,0.02358700489541611,0.004450378282153983,0.05874499332443257,0.0075656430796617715,0.08856252781486426,0.0075656430796617715,0.08277703604806408,0.12327547841566533,0.024922118380062305,0.005785491766800178,0.0267022696929239
0.46150402864816475,0.010743061772605193,0.009847806624888093,0.05774395702775291,0.008952551477170993,0.022381378692927483,0.006266786034019696,0.05550581915846016,0.007609668755595345,0.08683974932855863,0.006714413607878245,0.0801253357206804,0.12891674127126232,0.025514771709937333,0.006266786034019696,0.025067144136078783
0.46898705934850515,0.00892458723784025,0.009817045961624275,0.05979473449352968,0.008032128514056224,0.0214190093708166,0.006247211066488175,0.0535475234270415,0.007585899152164213,0.08969210174029452,0.0071396697902722,0.07541276215975011,0.1285140562248996,0.0249888442659527,0.005800981704596163,0.024096385542168676
0.4693156732891832,0.009271523178807948,0.011037527593818985,0.060044150110375276,0.0075055187637969095,0.023399558498896248,0.004856512141280353,0.052097130242825605,0.006622516556291391,0.09006622516556291,0.00706401766004415,0.07373068432671082,0.13333333333333333,0.02163355408388521,0.004856512141280353,0.025165562913907286
0.46433318564466103,0.0101905183872397,0.0101905183872397,0.06070004430660168,0.007089056269384138,0.023925564909171467,0.004873726185201595,0.057155516171909615,0.00664599025254763,0.09038546743464776,0.008418254319893664,0.07133362871067789,0.13203367301727958,0.023925564909171467,0.005316792202038104,0.023482498892334957
0.46403197158081705,0.009325044404973356,0.009325044404973356,0.06394316163410302,0.007548845470692718,0.023090586145648313,0.004884547069271759,0.05905861456483126,0.0066607460035523975,0.08747779751332149,0.007992895204262877,0.07060390763765542,0.1341030195381883,0.021314387211367674,0.0053285968028419185,0.025310834813499113
0.4655326768128917,0.009400179051029543,0.008952551477170993,0.06401074306177261,0.007609668755595345,0.023724261414503133,0.005819158460161146,0.06132497761862131,0.006266786034019696,0.08504923903312445,0.008057296329453895,0.0702775290957923,0.13070725156669652,0.023276633840644583,0.005819158460161146,0.024171888988361683
0.4632743362831858,0.009292035398230088,0.008849557522123894,0.060619469026548675,0.008407079646017699,0.024778761061946902,0.006194690265486726,0.061504424778761065,0.006194690265486726,0.084070796460177,0.00752212389380531,0.07035398230088495,0.13185840707964602,0.02566371681415929,0.005309734513274336,0.026106194690265486
0.45414266725742136,0.010633584404076208,0.00974745237040319,0.06291537439078422,0.007532122286220647,0.02658396101019052,0.007089056269384138,0.06247230837394772,0.006202924235711121,0.0815241470979176,0.007975188303057155,0.07399202481169695,0.13247673903411608,0.02525476295968099,0.0057598582188746125,0.0256978289765175
0.452212389380531,0.009292035398230088,0.010619469026548672,0.062389380530973454,0.008407079646017699,0.026991150442477876,0.00752212389380531,0.0584070796460177,0.00752212389380531,0.08185840707964602,0.00752212389380531,0.07079646017699115,0.13495575221238937,0.026991150442477876,0.0048672566371681415,0.029646017699115044
0.44596988485385297,0.009300265721877768,0.010628875110717449,0.06200177147918512,0.008857395925597875,0.026572187776793623,0.007528786536758193,0.05845881310894597,0.008857395925597875,0.08370239149689991,0.007528786536758193,0.070859167404783,0.13773250664304695,0.02967227635075288,0.0044286979627989375,0.027900797165633304
0.4533690316822847,0.007585899152164213,0.011601963409192326,0.06113342257920571,0.0107095046854083,0.028112449799196786,0.0071396697902722,0.058902275769745646,0.009370816599732263,0.08389112003569835,0.005800981704596163,0.06871932173136992,0.13476126729138777,0.027219991075412762,0.0049085229808121375,0.02677376171352075
0.4505104305370617,0.007545494895694629,0.012427873945849977,0.05947625388371061,0.011096316023080338,0.028406569019085663,0.007545494895694629,0.05903240124278739,0.00887705281846427,0.08477585441633377,0.005770084332001775,0.06746560142032845,0.13670661340434975,0.02796271637816245,0.005326231691078562,0.027075011096316024
0.45275414240931483,0.00806090461262875,0.010747872816838333,0.06180026869682042,0.011195700850873265,0.03000447828034035,0.006269592476489028,0.059113300492610835,0.008956560680698611,0.0864308105687416,0.005821764442454098,0.06583072100313479,0.13166144200626959,0.026869682042095836,0.006717420510523959,0.027765338110165697
0.4447907390917186,0.008459483526268923,0.01068566340160285,0.06277827248441674,0.01068566340160285,0.032056990204808546,0.006233303650934996,0.0578806767586821,0.008459483526268923,0.08637577916295637,0.00578806767586821,0.06901157613535173,0.13624220837043632,0.02715939447907391,0.006233303650934996,0.02715939447907391
0.44696969696969696,0.008467023172905526,0.008912655971479501,0.06372549019607843,0.011140819964349376,0.03208556149732621,0.004901960784313725,0.0570409982174688,0.008021390374331552,0.09046345811051694,0.006238859180035651,0.06907308377896614,0.1354723707664884,0.02540106951871658,0.0053475935828877,0.026737967914438502
0.44310035842293904,0.008960573476702509,0.009408602150537635,0.0667562724014337,0.012096774193548387,0.033154121863799284,0.005824372759856631,0.05510752688172043,0.008512544802867384,0.09094982078853046,0.005824372759856631,0.0667562724014337,0.13754480286738352,0.023745519713261647,0.00492831541218638,0.027329749103942653
0.4481236203090508,0.008830022075055188,0.009271523178807948,0.06710816777041943,0.011479028697571744,0.031346578366445915,0.004856512141280353,0.052538631346578366,0.009271523178807948,0.08918322295805739,0.004856512141280353,0.06799116997792494,0.1381898454746137,0.02384105960264901,0.006181015452538631,0.026931567328918323
0.45499108734402854,0.008912655971479501,0.008467023172905526,0.06729055258467023,0.012477718360071301,0.03208556149732621,0.004010695187165776,0.05525846702317291,0.007575757575757576,0.08377896613190731,0.005793226381461676,0.06729055258467023,0.13859180035650623,0.022281639928698752,0.0053475935828877,0.025846702317290554
0.446524064171123,0.008021390374331552,0.008021390374331552,0.07130124777183601,0.011586452762923352,0.031194295900178252,0.0035650623885918,0.05748663101604278,0.008467023172905526,0.08377896613190731,0.0066844919786096255,0.06283422459893048,0.14349376114081996,0.02406417112299465,0.006238859180035651,0.026737967914438502
0.444543429844098,0.008908685968819599,0.0066815144766146995,0.07305122494432072,0.012026726057906459,0.03162583518930958,0.004454342984409799,0.05746102449888642,0.009354120267260579,0.08685968819599109,0.005790645879732739,0.062360801781737196,0.14209354120267262,0.023608017817371936,0.005345211581291759,0.025835189309576838
0.4532438478747204,0.008053691275167786,0.0071588366890380315,0.07248322147651007,0.010738255033557046,0.03087248322147651,0.004921700223713647,0.05771812080536913,0.009395973154362415,0.08187919463087248,0.005369127516778523,0.06040268456375839,0.1436241610738255,0.02371364653243848,0.005369127516778523,0.02505592841163311
0.445868316394167,0.008837825894829872,0.007070260715863898,0.0764471939902784,0.010605391073795847,0.032699955810870526,0.003977021652673442,0.05788775961113566,0.007954043305346884,0.08351745470614229,0.004860804242156429,0.05965532479010163,0.14405656208572692,0.024304021210782147,0.005302695536897923,0.02695536897923111
0.44835164835164837,0.01054945054945055,0.007912087912087912,0.07296703296703297,0.01010989010989011,0.032527472527472526,0.005274725274725275,0.05450549450549451,0.009230769230769232,0.08307692307692308,0.004835164835164835,0.05934065934065934,0.1432967032967033,0.024615384615384615,0.005714285714285714,0.027692307692307693
0.4465547703180212,0.009275618374558304,0.007508833922261484,0.07464664310954064,0.011042402826855124,0.0353356890459364,0.00530035335689046,0.0534452296819788,0.009717314487632508,0.08171378091872791,0.00441696113074205,0.05830388692579505,0.14266784452296818,0.024734982332155476,0.006183745583038869,0.029151943462897525
0.4508849557522124,0.010619469026548672,0.007079646017699115,0.07256637168141593,0.011504424778761062,0.033628318584070796,0.0048672566371681415,0.05486725663716814,0.009292035398230088,0.08141592920353982,0.0048672566371681415,0.059734513274336286,0.14292035398230088,0.023008849557522124,0.005752212389380531,0.026991150442477876
0.4461064672239331,0.010558732952045754,0.007039155301363837,0.07655081390233172,0.010998680158380994,0.0343158820941487,0.003959524857017158,0.055433347998240214,0.008358996920369555,0.0840299164100308,0.005279366476022877,0.062032556093268805,0.14122305323361198,0.024637043554773426,0.005279366476022877,0.024197096348438186
0.4480633802816901,0.008362676056338027,0.007482394366197183,0.07350352112676056,0.011003521126760563,0.03345070422535211,0.0048415492957746475,0.056338028169014086,0.009683098591549295,0.07922535211267606,0.00528169014084507,0.06029929577464789,0.14524647887323944,0.025088028169014086,0.006161971830985915,0.02596830985915493
0.4450307827616535,0.009234828496042216,0.007036059806508356,0.07519788918205805,0.010554089709762533,0.03430079155672823,0.0043975373790677225,0.055848724714160074,0.010993843447669306,0.0773966578715919,0.004837291116974494,0.056288478452066845,0.15083553210202286,0.025505716798592787,0.005716798592788039,0.026824978012313105
0.4514692787177204,0.009795191451469279,0.006678539626001781,0.08103294746215495,0.009795191451469279,0.033392698130008905,0.00578806767586821,0.05387355298308103,0.010240427426536063,0.07658058771148708,0.004897595725734639,0.054764024933214604,0.1429207479964381,0.026714158504007122,0.005342831700801425,0.026714158504007122
0.4577936578829835,0.00982581509602501,0.006252791424743189,0.07771326485037963,0.008485931219294328,0.03394372487717731,0.006699419383653417,0.051362215274676194,0.010719071013845467,0.08083966056275123,0.004912907548012505,0.05225547119249665,0.14381420276909335,0.0241179097811523,0.005806163465832961,0.025457793657882984
0.4554411106135244,0.010300044782803403,0.007165248544558889,0.0819525302283923,0.00761307657859382,0.032243618450515,0.005821764442454098,0.05329153605015674,0.010747872816838333,0.07926556202418271,0.0049261083743842365,0.05194805194805195,0.14375279892521273,0.02373488580385132,0.006717420510523959,0.025078369905956112
0.45614808285588365,0.010136624063464082,0.007933010136624064,0.08153371529308065,0.005288673424416042,0.03393565447333627,0.004407227853680035,0.05200528867342442,0.010577346848832084,0.08065226972234464,0.0057293962097840455,0.05112384310268841,0.14235345967386515,0.023358307624504186,0.007933010136624064,0.026884089907448214
0.45494505494505494,0.01010989010989011,0.0074725274725274725,0.07824175824175825,0.005714285714285714,0.03340659340659341,0.0035164835164835165,0.052307692307692305,0.01054945054945055,0.08263736263736264,0.006593406593406593,0.05054945054945055,0.1476923076923077,0.02065934065934066,0.008351648351648353,0.027252747252747254
0.4596162427487729,0.0107095046854083,0.0071396697902722,0.07541276215975011,0.00535475234270415,0.03346720214190094,0.0035698348951361,0.049531459170013385,0.010263275323516287,0.08165997322623829,0.007585899152164213,0.05042391789379741,0.14859437751004015,0.01963409192324855,0.009370816599732263,0.027666220437304774
0.44628469113697405,0.011190689346463742,0.007609668755595345,0.0792300805729633,0.005371530886302597,0.03491495076096687,0.0040286481647269475,0.052820053715308866,0.010295434198746643,0.0801253357206804,0.006714413607878245,0.047896150402864816,0.1557743957027753,0.021486123545210387,0.008504923903312443,0.02775290957923008
0.4532438478747204,0.010738255033557046,0.008501118568232663,0.07874720357941835,0.004921700223713647,0.032214765100671144,0.0035794183445190158,0.05011185682326622,0.008948545861297539,0.07740492170022371,0.007606263982102908,0.0447427293064877,0.15659955257270694,0.023266219239373602,0.009395973154362415,0.029977628635346757
0.4505347593582888,0.011140819964349376,0.0071301247771836,0.08288770053475936,0.006238859180035651,0.03431372549019608,0.0053475935828877,0.04679144385026738,0.009358288770053475,0.07531194295900179,0.0066844919786096255,0.04500891265597148,0.15775401069518716,0.0213903743315508,0.008467023172905526,0.03163992869875223
0.44321206743566993,0.011535048802129548,0.007985803016858917,0.08606921029281278,0.0044365572315882874,0.03460514640638864,0.006211180124223602,0.04614019520851819,0.009760425909494233,0.07542147293700088,0.005767524401064774,0.04614019520851819,0.15971606033717836,0.022626441881100266,0.009760425909494233,0.030612244897959183
0.43895989422653153,0.011018069634200088,0.008373732921992068,0.0885852798589687,0.003966505068312032,0.03217276333186426,0.00749228735125606,0.04759806081974438,0.009255178492728075,0.07315998237108859,0.005288673424416042,0.04715733803437638,0.1621859850154253,0.0246804759806082,0.009695901278096077,0.030409872190392245
0.43791427308882014,0.009721608484312859,0.007954043305346884,0.0905877154220062,0.005302695536897923,0.03093239063190455,0.007512152010605391,0.049491825011047284,0.008395934600088379,0.07291206363234644,0.005302695536897923,0.0481661511268228,0.16173221387538667,0.023862129916040652,0.009721608484312859,0.03049049933716306
0.4443458980044346,0.008869179600886918,0.006208425720620843,0.09090909090909091,0.005321507760532151,0.03015521064301552,0.00753880266075388,0.05055432372505543,0.008425720620842573,0.07228381374722838,0.004434589800443459,0.04478935698447894,0.16496674057649668,0.02261640798226164,0.00975609756097561,0.028824833702882482
0.4416221033868093,0.008467023172905526,0.0071301247771836,0.08868092691622104,0.0053475935828877,0.029411764705882353,0.0066844919786096255,0.04857397504456328,0.008912655971479501,0.07040998217468805,0.004010695187165776,0.044563279857397504,0.17201426024955438,0.024955436720142603,0.008467023172905526,0.03074866310160428
0.4449358690844759,0.00796107916850951,0.007076514816452897,0.08668730650154799,0.006191950464396285,0.02830605926581159,0.006634232640424591,0.04732419283502875,0.008845643520566122,0.07076514816452897,0.0035382574082264487,0.0437859354268023,0.17204776647501105,0.027421494913754976,0.008403361344537815,0.03007518796992481
0.44248567650947557,0.007051564565888057,0.006610841780520053,0.08638166593212869,0.00749228735125606,0.026443367122080213,0.00749228735125606,0.04627589246364037,0.00881445570736007,0.06787130894667254,0.004847950639048039,0.044072278536800354,0.1767298369325694,0.02864698104892023,0.007933010136624064,0.030850594975760245
0.44213780918727913,0.007067137809187279,0.007508833922261484,0.09054770318021202,0.007067137809187279,0.02561837455830389,0.007067137809187279,0.046819787985865724,0.009717314487632508,0.06448763250883392,0.004858657243816254,0.037544169611307424,0.18197879858657243,0.028268551236749116,0.007508833922261484,0.03180212014134275
0.43331856446610545,0.007532122286220647,0.007532122286220647,0.09127159946832078,0.006202924235711121,0.027470093043863535,0.007532122286220647,0.04873726185201595,0.00974745237040319,0.06734603455914931,0.004873726185201595,0.03898980948161276,0.18254319893664156,0.027913159060700046,0.007089056269384138,0.03190075321222862
0.44371152154793314,0.007475813544415127,0.007475813544415127,0.08883025505716799,0.005716798592788039,0.027704485488126648,0.0079155672823219,0.04397537379067722,0.007036059806508356,0.06640281442392261,0.0043975373790677225,0.034740545294635,0.1838170624450308,0.029023746701846966,0.007475813544415127,0.03430079155672823
0.43960484957341717,0.008082622361921869,0.007633587786259542,0.0880107768298159,0.00449034575662326,0.026493039964077234,0.008082622361921869,0.042209250112258644,0.007184553210597216,0.0691513246519982,0.004041311180960934,0.03637180062864841,0.19083969465648856,0.028738212842388863,0.007184553210597216,0.03188145487202514
0.44389807778274476,0.007152436298614216,0.008493518104604381,0.08851139919535092,0.00581135449262405,0.027268663388466695,0.007152436298614216,0.04336164506034868,0.007599463567277604,0.06526598122485472,0.004470272686633884,0.03799731783638802,0.1859633437639696,0.028162717925793473,0.006258381761287439,0.03263299061242736
0.4418502202643172,0.007488986784140969,0.009691629955947136,0.0881057268722467,0.006607929515418502,0.026872246696035242,0.006167400881057269,0.04361233480176212,0.007048458149779736,0.06387665198237885,0.004845814977973568,0.033920704845814977,0.19427312775330396,0.025991189427312777,0.006167400881057269,0.033480176211453744
0.4330813694975545,0.007114273010226767,0.009337483325922631,0.09426411738550466,0.008003557136505114,0.02712316585148955,0.007114273010226767,0.04357492218763895,0.005780346820809248,0.06269453090262339,0.005335704757670075,0.03201422854602046,0.19519786571809694,0.026233881725211204,0.006669630947087594,0.03646064917741218
0.4389380530973451,0.007079646017699115,0.008849557522123894,0.09292035398230089,0.007964601769911504,0.026991150442477876,0.007079646017699115,0.04115044247787611,0.006194690265486726,0.06371681415929203,0.00663716814159292,0.033185840707964605,0.1911504424778761,0.027876106194690265,0.006194690265486726,0.034070796460176994
0.4391651865008881,0.007104795737122558,0.008880994671403197,0.0905861456483126,0.007992895204262877,0.028419182948490232,0.008880994671403197,0.043516873889875664,0.006216696269982238,0.06438721136767318,0.005772646536412078,0.03197158081705151,0.1869449378330373,0.02886323268206039,0.006216696269982238,0.03507992895204263
