C_R,C_A,C_S,C_N,D_R,D_A,D_S,D_N,Oc_R,Oc_A,Oc_S,Oc_N,Od_R,Od_A,Od_S,Od_N
0.0,0.0,0.0,0.0,0.0,0.0,0.0,0.0,0.0,0.0,0.0,0.0,0.0,1.0,0.0,0.0
0.0,0.0,0.0,0.0,0.0,0.0,0.0,0.0,0.0,0.0,0.0,0.0,0.4,0.6,0.0,0.0
0.0,0.0,0.0,0.0,0.0,0.0,0.125,0.0,0.0,0.0,0.0,0.0,0.375,0.5,0.0,0.0
0.0,0.0,0.0,0.0,0.0,0.0,0.25,0.0,0.0,0.0,0.0,0.0,0.3125,0.4375,0.0,0.0
0.0,0.0,0.0,0.0,0.0,0.07692307692307693,0.23076923076923078,0.0,0.0,0.0,0.0,0.0,0.3076923076923077,0.38461538461538464,0.0,0.0
0.0,0.0,0.0,0.0,0.0,0.07317073170731707,0.21951219512195122,0.04878048780487805,0.07317073170731707,0.0,0.0,0.0,0.1951219512195122,0.3902439024390244,0.0,0.0
0.0,0.0,0.0,0.0,0.0,0.07462686567164178,0.208955223880597,0.07462686567164178,0.07462686567164178,0.0,0.0,0.0,0.19402985074626866,0.373134328358209,0.0,0.0
0.0,0.0,0.0,0.0,0.0,0.07,0.23,0.09,0.09,0.01,0.0,0.0,0.18,0.31,0.02,0.0
0.0,0.0,0.0,0.0,0.0,0.07142857142857142,0.24285714285714285,0.1,0.09285714285714286,0.014285714285714285,0.0,0.0,0.17142857142857143,0.29285714285714287,0.014285714285714285,0.0
0.004975124378109453,0.0,0.0,0.0,0.009950248756218905,0.0845771144278607,0.22885572139303484,0.09950248756218906,0.1044776119402985,0.014925373134328358,0.0,0.0,0.16417910447761194,0.263681592039801,0.024875621890547265,0.0
0.0037313432835820895,0.0,0.0,0.0,0.011194029850746268,0.09328358208955224,0.22014925373134328,0.09701492537313433,0.11567164179104478,0.018656716417910446,0.0,0.0,0.16417910447761194,0.2537313432835821,0.022388059701492536,0.0
0.0058823529411764705,0.0,0.0,0.0,0.008823529411764706,0.08823529411764706,0.2088235294117647,0.10882352941176471,0.13529411764705881,0.020588235294117647,0.0029411764705882353,0.0,0.15,0.2411764705882353,0.026470588235294117,0.0029411764705882353
0.0023923444976076554,0.0,0.0,0.0,0.009569377990430622,0.09569377990430622,0.215311004784689,0.11483253588516747,0.13636363636363635,0.023923444976076555,0.0023923444976076554,0.004784688995215311,0.13636363636363635,0.22488038277511962,0.028708133971291867,0.004784688995215311
0.0019267822736030828,0.0038535645472061657,0.0,0.0,0.017341040462427744,0.10211946050096339,0.2023121387283237,0.10597302504816955,0.13872832369942195,0.030828516377649325,0.0019267822736030828,0.0038535645472061657,0.12909441233140656,0.2254335260115607,0.03275529865125241,0.0038535645472061657
0.003236245954692557,0.006472491909385114,0.0,0.0,0.022653721682847898,0.0970873786407767,0.19093851132686085,0.12135922330097088,0.13268608414239483,0.03559870550161812,0.0048543689320388345,0.003236245954692557,0.127831715210356,0.215210355987055,0.03398058252427184,0.0048543689320388345
0.0068212824010914054,0.008185538881309686,0.0,0.0,0.0286493860845839,0.10641200545702592,0.1800818553888131,0.11732605729877217,0.13369713506139155,0.04229195088676671,0.005457025920873124,0.004092769440654843,0.12141882673942701,0.20054570259208732,0.03956343792633015,0.005457025920873124
0.009205983889528193,0.01380897583429229,0.0,0.0,0.03222094361334868,0.11622554660529344,0.1714614499424626,0.11047180667433831,0.13118527042577677,0.04602991944764097,0.006904487917146145,0.0034522439585730723,0.11967779056386652,0.19217491369390102,0.04372842347525892,0.0034522439585730723
0.0069721115537848604,0.01693227091633466,0.0,0.0,0.029880478087649404,0.11055776892430279,0.16235059760956175,0.11752988047808766,0.13645418326693226,0.05677290836653386,0.00796812749003984,0.00298804780876494,0.11354581673306773,0.18725099601593626,0.04880478087649402,0.00199203187250996
0.006008583690987125,0.019742489270386267,0.0,0.0,0.0351931330472103,0.11587982832618025,0.14678111587982834,0.11759656652360514,0.13390557939914163,0.06094420600858369,0.007725321888412017,0.004291845493562232,0.11158798283261803,0.18283261802575107,0.055793991416309016,0.0017167381974248926
0.007003891050583658,0.02178988326848249,0.0,0.0015564202334630351,0.04124513618677043,0.11284046692607004,0.14085603112840467,0.11673151750972763,0.1377431906614786,0.06303501945525292,0.010116731517509728,0.0038910505836575876,0.10894941634241245,0.16964980544747083,0.060700389105058365,0.0038910505836575876
0.008253094910591471,0.024759284731774415,0.0020632737276478678,0.0020632737276478678,0.04126547455295736,0.1155433287482806,0.1279229711141678,0.12173314993122421,0.13342503438789546,0.06533700137551582,0.012379642365887207,0.0041265474552957355,0.10866574965612105,0.156121045392022,0.07083906464924347,0.005502063273727648
0.009445843828715366,0.02959697732997481,0.001889168765743073,0.0031486146095717885,0.04408060453400504,0.11460957178841309,0.12216624685138538,0.12720403022670027,0.12594458438287154,0.0654911838790932,0.01700251889168766,0.004408060453400504,0.10516372795969774,0.14609571788413098,0.07745591939546599,0.006297229219143577
0.00994733762434172,0.030427150380339378,0.004095962551199532,0.003510825043885313,0.04856641310708017,0.11117612638970158,0.11936805149210064,0.1299005266237566,0.12521942656524282,0.06963136337039204,0.018724400234055003,0.004095962551199532,0.10122878876535986,0.13575190169689877,0.08133411351667642,0.007021650087770626
0.010845986984815618,0.031995661605206074,0.004880694143167028,0.0032537960954446853,0.048264642082429504,0.11442516268980477,0.11550976138828634,0.13232104121475055,0.12635574837310196,0.06941431670281996,0.020065075921908895,0.005422993492407809,0.0992407809110629,0.12689804772234273,0.08351409978308026,0.007592190889370932
0.013347570742124934,0.03523758675920982,0.005339028296849973,0.0037373198077949813,0.05178857447944474,0.11318739989321944,0.11425520555258943,0.12546716497597438,0.12600106780565937,0.07314468766684463,0.020822210357714897,0.0069407367859049655,0.09450080085424453,0.1211959423384944,0.08756006406833956,0.007474639615589963
0.015768056968463885,0.03306205493387589,0.005595116988809766,0.003560528992878942,0.055442522889114956,0.11241098677517802,0.10834181078331638,0.11953204476093592,0.13275686673448628,0.07731434384537131,0.02288911495422177,0.007121057985757884,0.0935910478128179,0.11393692777212615,0.08952187182095625,0.009155645981688708
0.018924302788844622,0.03436254980079681,0.00597609561752988,0.00298804780876494,0.05976095617529881,0.10956175298804781,0.10557768924302789,0.11802788844621515,0.13047808764940239,0.07569721115537849,0.026892430278884463,0.00796812749003984,0.08814741035856574,0.11354581673306773,0.09113545816733068,0.010956175298804782
0.01984511132623427,0.030009680542110357,0.0062923523717328175,0.002904162633107454,0.06292352371732816,0.11084220716360116,0.1079380445304937,0.12052274927395934,0.12729912875121008,0.07938044530493708,0.026137463697967087,0.01016456921587609,0.08954501452081316,0.10551790900290416,0.09002904162633107,0.010648596321393998
0.018984337921214997,0.03464641670621737,0.007593735168485999,0.0028476506881822496,0.06312292358803986,0.10821072615092549,0.10488846701471286,0.11627906976744186,0.12766967252017086,0.08495491219743712,0.029425723777883245,0.011390602752728999,0.08875177978168011,0.10488846701471286,0.08590412909349786,0.01044138585666825
0.019498607242339833,0.033426183844011144,0.008356545961002786,0.002321262766945218,0.06592386258124419,0.10631383472609099,0.10817084493964717,0.116991643454039,0.12209842154131847,0.08588672237697308,0.03203342618384401,0.011142061281337047,0.08913649025069638,0.1021355617455896,0.08588672237697308,0.010677808727948004
0.019634703196347032,0.0365296803652968,0.01141552511415525,0.0031963470319634705,0.06438356164383562,0.1045662100456621,0.10730593607305935,0.11004566210045662,0.12054794520547946,0.08767123287671233,0.03744292237442922,0.01141552511415525,0.08721461187214612,0.1,0.08904109589041095,0.009589041095890411
0.021038495971351837,0.03536257833482542,0.010743061772605193,0.003133393017009848,0.0684870188003581,0.10429722470904208,0.10832587287376902,0.11280214861235452,0.12175470008952552,0.08504923903312445,0.03804834377797672,0.012533572068039392,0.08325872873769025,0.09892569382273948,0.0863921217547001,0.009847806624888093
0.02179715302491103,0.03603202846975089,0.009786476868327402,0.004448398576512456,0.06806049822064057,0.10498220640569395,0.10498220640569395,0.10720640569395018,0.12411032028469751,0.08274021352313167,0.03914590747330961,0.01112099644128114,0.08896797153024912,0.099644128113879,0.08852313167259787,0.008451957295373666
0.02182628062360802,0.0378619153674833,0.012472160356347439,0.005345211581291759,0.06770601336302895,0.10378619153674833,0.10378619153674833,0.11358574610244988,0.12472160356347439,0.0757238307349666,0.04053452115812917,0.013808463251670379,0.08864142538975502,0.10022271714922049,0.08240534521158129,0.0075723830734966595
0.023399558498896248,0.038852097130242826,0.01456953642384106,0.005739514348785872,0.06799116997792494,0.10066225165562914,0.10198675496688742,0.11125827814569536,0.12538631346578366,0.0781456953642384,0.037969094922737305,0.01456953642384106,0.08520971302428255,0.09933774834437085,0.08653421633554084,0.008388520971302429
0.023266022827041263,0.03511852502194908,0.013169446883230905,0.006145741878841089,0.0649692712906058,0.10623353819139596,0.1044776119402985,0.11369622475856014,0.1264266900790167,0.07594381035996488,0.041264266900790166,0.014486391571553995,0.08691834942932397,0.09569798068481124,0.08340649692712906,0.00877963125548727
0.02695536897923111,0.03844454264250994,0.013256738842244807,0.007070260715863898,0.06805125939019001,0.10517012814847547,0.10517012814847547,0.10561201944321696,0.1241714538223597,0.07467962881131242,0.04021210782147592,0.015024304021210782,0.08705258506407423,0.0963323022536456,0.08484312859036677,0.007954043305346884
0.02525476295968099,0.038546743464776254,0.01329198050509526,0.007532122286220647,0.07133362871067789,0.1076650420912716,0.10367744793974303,0.1076650420912716,0.12140008861320337,0.07089056269384138,0.043420469649977846,0.014178112538768276,0.08595480726628267,0.09525919361984936,0.08285334514842711,0.011076650420912717
0.025154457193292144,0.03795233892321271,0.014563106796116505,0.007502206531332745,0.07105030891438659,0.10458958517210945,0.10767872903795234,0.10458958517210945,0.1204766107678729,0.07016769638128861,0.04236540158870256,0.01412180052956752,0.08428949691085613,0.09752868490732568,0.0851721094439541,0.012797881729920565
0.027518863737239236,0.039502885042166,0.014203284509542832,0.007545494895694629,0.07323568575233022,0.10874389702618731,0.10430537061695518,0.1051930758988016,0.12427873945849978,0.07367953839325345,0.03905903240124279,0.014203284509542832,0.08166888592987129,0.09454061251664447,0.08166888592987129,0.010652463382157125
0.026533275337103087,0.03610265332753371,0.013919095258808177,0.008264462809917356,0.07698999565028274,0.10874293170943888,0.1017833840800348,0.1056981296215746,0.12614180078294912,0.07177033492822966,0.039582427142235754,0.01478903871248369,0.08525445846020009,0.09047411918225315,0.0830795998260113,0.01087429317094389
0.028293545534924844,0.040229885057471264,0.013262599469496022,0.007515473032714412,0.07515473032714412,0.10698496905393456,0.10035366931918656,0.10521662245800177,0.12245800176834659,0.07294429708222812,0.03934571175950486,0.015030946065428824,0.08532272325375774,0.09283819628647215,0.08178603006189213,0.013262599469496022
0.02948943661971831,0.035211267605633804,0.016285211267605633,0.007042253521126761,0.07086267605633803,0.10651408450704225,0.10431338028169014,0.10695422535211267,0.12764084507042253,0.0682218309859155,0.03873239436619718,0.016725352112676055,0.08626760563380281,0.08846830985915492,0.08274647887323944,0.014524647887323943
0.033362598770851626,0.03511852502194908,0.01755926251097454,0.007023705004389816,0.07199297629499561,0.10316066725197541,0.10359964881474978,0.1093064091308165,0.1237928007023705,0.06892010535557506,0.03950834064969271,0.01624231782265145,0.08384547848990342,0.08735733099209833,0.08296751536435469,0.01624231782265145
0.03301056338028169,0.035211267605633804,0.016285211267605633,0.008362676056338027,0.0721830985915493,0.10651408450704225,0.10123239436619719,0.10915492957746478,0.12235915492957747,0.06734154929577464,0.04005281690140845,0.015404929577464789,0.08582746478873239,0.08890845070422536,0.07966549295774648,0.018485915492957746
0.03305420890260027,0.03481710004407228,0.017188188629352136,0.010136624063464082,0.07139709122961657,0.10489202291758484,0.10312913177611283,0.10753635962979285,0.11943587483472895,0.06478624944909651,0.03966505068312032,0.015425297487880123,0.0885852798589687,0.08814455707360071,0.08241516086381666,0.019391802556192154
0.03237250554323725,0.03414634146341464,0.017738359201773836,0.01197339246119734,0.07494456762749446,0.10687361419068736,0.09933481152993348,0.10421286031042129,0.12239467849223946,0.06607538802660753,0.041685144124168516,0.016851441241685146,0.09002217294900222,0.082039911308204,0.08159645232815965,0.017738359201773836
0.032158590308370046,0.03656387665198238,0.018502202643171806,0.012334801762114538,0.06916299559471366,0.10969162995594714,0.09823788546255506,0.1066079295154185,0.12070484581497798,0.06563876651982378,0.04229074889867841,0.017180616740088105,0.0907488986784141,0.08105726872246696,0.0828193832599119,0.01629955947136564
0.03486319505736982,0.0353045013239188,0.018976169461606355,0.013680494263018535,0.06796116504854369,0.11341571050308914,0.09796999117387467,0.10061782877316858,0.12003530450132392,0.06928508384819064,0.04148278905560459,0.0176522506619594,0.08693733451015004,0.08340688437775816,0.08120035304501325,0.017210944395410415
0.03663985701519214,0.03351206434316354,0.01876675603217158,0.014298480786416443,0.06925826630920465,0.11215370866845398,0.09249329758713137,0.1063449508489723,0.12511170688114387,0.06881143878462913,0.04244861483467382,0.015638963360142984,0.08668453976764968,0.0777479892761394,0.08266309204647006,0.01742627345844504
0.037935597706219674,0.03352448169386855,0.01808557565063961,0.014556682840758712,0.06969563299514778,0.10895456550507278,0.0917512130569034,0.10542567269519189,0.12351124834583149,0.06969563299514778,0.04543449492721659,0.017203352448169385,0.08822232024702249,0.07719453021614468,0.08072342302602559,0.01808557565063961
0.04216600088770528,0.033288948069241014,0.018197958277851752,0.016866400355082113,0.07190412782956059,0.10696848646249445,0.08566355969818021,0.10874389702618731,0.12294718153573014,0.06613404349755882,0.047936085219707054,0.015978695073235686,0.08699511762094984,0.0723479804704838,0.08477585441633377,0.01908566355969818
0.04177660510114336,0.030782761653474055,0.018909410729991204,0.020228671943711522,0.07036059806508356,0.10466138962181179,0.08751099384344767,0.10729991204925242,0.1248900615655233,0.06860158311345646,0.044854881266490766,0.0158311345646438,0.08839050131926121,0.07475813544415127,0.0822339489885664,0.018909410729991204
0.04294478527607362,0.03155127081507449,0.019281332164767746,0.021034180543382998,0.07186678352322524,0.10780017528483786,0.0845749342681858,0.10429447852760736,0.12576687116564417,0.06660823838737949,0.04294478527607362,0.015775635407537247,0.08676599474145487,0.07493426818580193,0.08238387379491674,0.02147239263803681
0.043190832966064345,0.03305420890260027,0.01983252534156016,0.021154693697664168,0.06875275451740855,0.10973997355663288,0.08241516086381666,0.10312913177611283,0.125165271044513,0.06654914059056853,0.043190832966064345,0.018069634200088145,0.08329660643455267,0.07756721022476862,0.08285588364918467,0.022036139268400177
0.03700401248328132,0.03343736067766384,0.018279090503789567,0.020954079358002677,0.06732055283102988,0.10878288007133304,0.08515381185911726,0.10075791350869372,0.13241194828354882,0.06598305840392332,0.04458314757021846,0.018724921979491754,0.08738296923762817,0.07445385644226482,0.08247882300490414,0.02229157378510923
0.037416481069042315,0.0334075723830735,0.0200445434298441,0.022271714922048998,0.06859688195991091,0.11180400890868597,0.08908685968819599,0.10334075723830735,0.13051224944320713,0.06369710467706013,0.042316258351893093,0.019599109131403118,0.08329621380846325,0.07082405345211581,0.08374164810690424,0.0200445434298441
0.04028331119964586,0.034528552456839307,0.02036299247454626,0.021248339973439574,0.0681717574147853,0.11155378486055777,0.0849933598937583,0.1049136786188579,0.13191677733510404,0.0619743249225321,0.041168658698539175,0.019034971226206288,0.08277999114652501,0.07259849490925188,0.0849933598937583,0.019477644975652943
0.04014115571239524,0.032201146890163214,0.020291133656815175,0.021614468460520512,0.070577856197618,0.11071901191001324,0.08425231583590649,0.10322011468901632,0.13542126157917952,0.06307895897662108,0.043228936921041024,0.017203352448169385,0.08160564622849581,0.070577856197618,0.08645787384208205,0.01940891045434495
0.04187082405345212,0.03296213808463252,0.0200445434298441,0.022271714922048998,0.07082405345211581,0.11046770601336303,0.08374164810690424,0.10066815144766147,0.13897550111358575,0.05924276169265033,0.04498886414253898,0.01648106904231626,0.0801781737193764,0.07305122494432072,0.08552338530066815,0.018708240534521157
0.043497363796133566,0.0351493848857645,0.01757469244288225,0.025043936731107205,0.07425307557117751,0.11072056239015818,0.0843585237258348,0.10193321616871705,0.13796133567662566,0.06195079086115993,0.04481546572934974,0.01625659050966608,0.07908611599297012,0.06634446397188049,0.08216168717047452,0.018892794376098417
0.04107773851590106,0.0357773851590106,0.017226148409893994,0.023851590106007067,0.07332155477031801,0.11439929328621908,0.08392226148409894,0.10114840989399293,0.13780918727915195,0.0627208480565371,0.03842756183745583,0.015017667844522967,0.08392226148409894,0.06890459363957598,0.08303886925795052,0.019434628975265017
0.0415377817057004,0.03623508616880247,0.01723376049491825,0.021210782147591693,0.0760053026955369,0.1104728236853734,0.08484312859036677,0.09942554131683606,0.137870083959346,0.06628369421122404,0.04197967300044189,0.016349977905435263,0.07909854175872735,0.06981882456915599,0.08395934600088378,0.017675651789659744
0.042731277533039645,0.03788546255506608,0.019383259911894272,0.022026431718061675,0.07356828193832599,0.11145374449339207,0.08766519823788546,0.10088105726872247,0.13171806167400882,0.06696035242290749,0.038766519823788544,0.01629955947136564,0.08193832599118943,0.06740088105726873,0.08370044052863436,0.01762114537444934
0.04343971631205674,0.03856382978723404,0.01950354609929078,0.024379432624113476,0.07535460992907801,0.10948581560283688,0.08466312056737589,0.09884751773049645,0.13164893617021275,0.0625,0.041223404255319146,0.017287234042553192,0.08776595744680851,0.06427304964539007,0.08333333333333333,0.01773049645390071
0.04472984942426927,0.03720106288751107,0.01904340124003543,0.025686448184233834,0.07661647475642161,0.11160318866253321,0.08370239149689991,0.09477413640389726,0.1337466784765279,0.06200177147918512,0.04295837023914969,0.018600531443755536,0.08724534986713905,0.0637732506643047,0.08148804251550044,0.01682905225863596
0.04140694568121104,0.03383793410507569,0.020926090828138913,0.027604630454140695,0.07390917186108638,0.11487088156723063,0.0881567230632235,0.09661620658949244,0.12733748886910062,0.06455921638468388,0.03784505788067676,0.016028495102404273,0.091273374888691,0.06544968833481746,0.08370436331255565,0.01647373107747106
0.043228936921041024,0.033083370092633436,0.020291133656815175,0.0282311424790472,0.07498897220996913,0.11248345831495368,0.08513453903837671,0.09880899867666519,0.1274812527569475,0.06881340979267754,0.04014115571239524,0.017203352448169385,0.08645787384208205,0.06484340538156154,0.08248786943096603,0.016321129245699163
0.04551480335837384,0.03225806451612903,0.019443216968625717,0.0273972602739726,0.0764471939902784,0.1095890410958904,0.08616880247459124,0.09721608484312859,0.12638091029606716,0.06539991162174105,0.0410958904109589,0.017675651789659744,0.08926204153778171,0.06407423773751657,0.08440123729562528,0.017675651789659744
0.043936731107205626,0.03602811950790861,0.019332161687170474,0.02680140597539543,0.07249560632688928,0.11115992970123023,0.08743409490333919,0.09182776801405976,0.13312829525483305,0.06678383128295255,0.04086115992970123,0.017135325131810195,0.09094903339191564,0.06195079086115993,0.08216168717047452,0.018014059753954304
0.048513986013986016,0.035402097902097904,0.020104895104895104,0.027097902097902096,0.07517482517482517,0.10882867132867133,0.0895979020979021,0.08479020979020979,0.12893356643356643,0.06512237762237762,0.04020979020979021,0.018793706293706292,0.09047202797202797,0.06293706293706294,0.08610139860139861,0.01791958041958042
0.04997807978956598,0.035072336694432264,0.01841297676457694,0.02761946514686541,0.07628233231039018,0.11223147742218326,0.08724243752740027,0.08811924594476107,0.12845243314335816,0.06181499342393687,0.04164839982463832,0.020604997807978958,0.09031126698816308,0.06269180184129768,0.079351161771153,0.020166593599298552
0.050576752440106475,0.035048802129547474,0.019520851818988466,0.030612244897959183,0.07675244010647737,0.11224489795918367,0.08917480035492457,0.08207630878438332,0.13176574977817213,0.061224489795918366,0.03904170363797693,0.019077196095829637,0.08961845607808341,0.06299911268855368,0.08074534161490683,0.019520851818988466
0.04973591549295775,0.035211267605633804,0.022007042253521125,0.02992957746478873,0.07570422535211267,0.11267605633802817,0.08670774647887323,0.08450704225352113,0.12808098591549297,0.05941901408450704,0.03697183098591549,0.021566901408450703,0.09242957746478873,0.06073943661971831,0.08230633802816902,0.022007042253521125
0.051890941072999124,0.03737906772207564,0.021547933157431837,0.027264731750219876,0.0760773966578716,0.11169744942832015,0.08839050131926121,0.08883025505716799,0.12401055408970976,0.059366754617414245,0.036939313984168866,0.022427440633245383,0.08883025505716799,0.06376429199648197,0.07959542656112577,0.02198768689533861
0.049404499338332596,0.03705337450374945,0.02293780326422585,0.029113365681517425,0.07543008381120424,0.11380679311865902,0.08778120864578738,0.09131010145566829,0.11910013233348037,0.0599911777679753,0.03617115130127922,0.023820026466696075,0.08998676665196295,0.06528451698279665,0.07851786501985002,0.020291133656815175
0.05110132158590308,0.03612334801762115,0.024229074889867842,0.029515418502202642,0.07665198237885462,0.11409691629955947,0.086784140969163,0.086784140969163,0.12070484581497798,0.06167400881057269,0.039207048458149776,0.024669603524229075,0.0907488986784141,0.06255506607929516,0.07356828193832599,0.02158590308370044
0.051655629139072845,0.03487858719646799,0.02384105960264901,0.030463576158940398,0.07461368653421634,0.10772626931567329,0.0847682119205298,0.08565121412803532,0.11920529801324503,0.06225165562913907,0.04326710816777042,0.02384105960264901,0.09006622516556291,0.06666666666666667,0.07902869757174392,0.02207505518763797
0.053438458169075775,0.037669732807709154,0.022777047744196234,0.029785370127025843,0.07271134472185721,0.10600087604029786,0.08322382829610162,0.08453788874288218,0.11651335961454228,0.06219886114761279,0.04424003504161191,0.025843188786684186,0.09067017082785808,0.06482698204117389,0.08190976784932107,0.023653088042049936
0.05540780141843971,0.038120567375886524,0.02304964539007092,0.031471631205673756,0.07446808510638298,0.10416666666666667,0.08156028368794327,0.08289007092198582,0.1148049645390071,0.05939716312056738,0.047429078014184396,0.028368794326241134,0.09131205673758866,0.06338652482269504,0.08244680851063829,0.02171985815602837
0.05720620842572062,0.03725055432372506,0.024390243902439025,0.03237250554323725,0.07583148558758315,0.09933481152993348,0.07849223946784922,0.08425720620842572,0.11263858093126386,0.06208425720620843,0.04745011086474501,0.0270509977827051,0.09135254988913526,0.06252771618625277,0.08647450110864745,0.021286031042128603
0.05758241758241758,0.03912087912087912,0.024615384615384615,0.03604395604395604,0.06945054945054945,0.0989010989010989,0.07428571428571429,0.08571428571428572,0.11296703296703296,0.0632967032967033,0.047472527472527476,0.026373626373626374,0.09318681318681318,0.0632967032967033,0.08615384615384615,0.021538461538461538
0.058170515097690945,0.037300177619893425,0.021314387211367674,0.03596802841918295,0.0741563055062167,0.10079928952042629,0.07593250444049733,0.08259325044404973,0.11367673179396093,0.06127886323268206,0.04840142095914742,0.02575488454706927,0.09191829484902309,0.06483126110124333,0.0852575488454707,0.02264653641207815
0.061805246776345045,0.03823921742996887,0.0213428190306803,0.03646064917741218,0.07158737216540685,0.09782125389061805,0.07425522454424188,0.07914628723877279,0.11471765228990663,0.06402845709204091,0.04713205869275233,0.02578923966207203,0.08937305469097377,0.06536238328145842,0.08981769675411294,0.023121387283236993
0.0627208480565371,0.03975265017667844,0.023409893992932862,0.03931095406360424,0.07287985865724382,0.09628975265017668,0.0719964664310954,0.07729681978798586,0.10954063604240283,0.0636042402826855,0.046819787985865724,0.02959363957597173,0.09143109540636042,0.06713780918727916,0.08303886925795052,0.02517667844522968
0.06424457244129375,0.0407620735489588,0.021710234824988923,0.03766061143110323,0.07044749667700487,0.09525919361984936,0.07354895879486044,0.07620735489587949,0.1076650420912716,0.061586176340274704,0.04918032786885246,0.030128489144882586,0.08861320336730173,0.06911829862649535,0.08905626938413824,0.024811696942844484
0.06517935258092739,0.0415573053368329,0.021434820647419073,0.03805774278215223,0.07130358705161854,0.09361329833770779,0.07042869641294838,0.07655293088363954,0.10673665791776028,0.06036745406824147,0.050306211723534555,0.02930883639545057,0.09011373578302712,0.06911636045494313,0.08967629046369203,0.026246719160104987
0.06843940714908457,0.041848299912816043,0.022231909328683522,0.03792502179598954,0.06974716652136007,0.0928509154315606,0.07192676547515257,0.07454228421970358,0.10636442894507411,0.05972101133391456,0.05143853530950305,0.03095030514385353,0.08587619877942458,0.06800348735832606,0.08979947689625109,0.02833478639930253
0.06485539000876424,0.03987730061349693,0.02147239263803681,0.03724802804557406,0.06967572304995617,0.09377738825591586,0.0740578439964943,0.07668711656441718,0.10385626643295355,0.060473269062226116,0.05521472392638037,0.031989482909728306,0.08895705521472393,0.06573181419807186,0.0880806310254163,0.028045574057843997
0.06772908366533864,0.03762726870296591,0.02036299247454626,0.035856573705179286,0.07082779991146525,0.09827357237715803,0.07348384240814519,0.07746790615316512,0.09915891987605135,0.05976095617529881,0.055776892430278883,0.03408587870739265,0.08720672864099159,0.0681717574147853,0.08853474988933156,0.025675077467906152
0.06601683650863979,0.03943287549844927,0.01993797075764289,0.0358883473637572,0.06778910057598582,0.09260079751883031,0.07266282676118742,0.08019494904740807,0.10057598582188747,0.06202924235711121,0.056269384138236594,0.03190075321222862,0.08949933540097474,0.06734603455914931,0.0921577315019938,0.0256978289765175
0.06760936809544851,0.04021210782147592,0.018117543084401236,0.03667697746354397,0.06760936809544851,0.09544851966416261,0.07467962881131242,0.07556341140079541,0.10075121520106053,0.06451612903225806,0.05567830313742819,0.03049049933716306,0.08926204153778171,0.06407423773751657,0.09191338930623066,0.0273972602739726
0.06628369421122404,0.043747238179407864,0.019885108263367212,0.03800265134776845,0.06981882456915599,0.08926204153778171,0.07158638974812197,0.07379584622182943,0.09721608484312859,0.06672558550596554,0.05612019443216969,0.02828104286345559,0.0897039328325232,0.07026071586389748,0.09235528060097216,0.02695536897923111
0.06684256816182937,0.04221635883905013,0.01759014951627089,0.03518029903254178,0.06992084432717678,0.08883025505716799,0.06728232189973615,0.07563764291996482,0.0980650835532102,0.06860158311345646,0.055848724714160074,0.027264731750219876,0.09366754617414248,0.06992084432717678,0.09542656112576957,0.027704485488126648
0.06728640991589199,0.04249667994687915,0.01859229747675963,0.035413899955732624,0.06905710491367861,0.09296148738379814,0.06949977866312528,0.07215582115980522,0.10048694112439133,0.06551571491810536,0.05444887118193891,0.027445772465692783,0.09251881363435148,0.06418769366976539,0.09694555112881806,0.03098716246126605
0.06640454346876365,0.04106596767147226,0.020096111839231105,0.037570991699432066,0.06771515945827872,0.09436435124508519,0.07077326343381389,0.07383136740934906,0.10353866317169069,0.06640454346876365,0.05548274355613805,0.027522935779816515,0.08868501529051988,0.06509392747924858,0.09174311926605505,0.029707295762341632
0.0684326710816777,0.04105960264900662,0.02119205298013245,0.03664459161147903,0.06931567328918323,0.09536423841059603,0.06975717439293598,0.07108167770419425,0.10022075055187638,0.06799116997792494,0.05518763796909492,0.025607064017660046,0.0922737306843267,0.06181015452538632,0.09183222958057395,0.032229580573951436
0.06790123456790123,0.03968253968253968,0.02292768959435626,0.03835978835978836,0.0701058201058201,0.09611992945326278,0.068342151675485,0.068342151675485,0.10052910052910052,0.06437389770723104,0.05511463844797178,0.026895943562610228,0.08950617283950617,0.06525573192239859,0.09303350970017636,0.03350970017636684
0.06855373728438743,0.03715170278637771,0.021671826625386997,0.044228217602830605,0.07032286598850067,0.08934099955771782,0.06811145510835913,0.06855373728438743,0.10084033613445378,0.06413091552410438,0.05484298982750995,0.025210084033613446,0.09420610349402919,0.06722689075630252,0.0946483856700575,0.030959752321981424
0.07127047366091191,0.03851261620185923,0.02390438247011952,0.044710048694112436,0.07171314741035857,0.08942009738822487,0.06551571491810536,0.06684373616644533,0.09915891987605135,0.06285967242142541,0.05799026117751217,0.02434705621956618,0.09207613988490483,0.06772908366533864,0.09296148738379814,0.03098716246126605
0.07484499557130203,0.03587245349867139,0.023029229406554472,0.04650132860938884,0.07484499557130203,0.09211691762621789,0.06510186005314438,0.06775907883082374,0.09654561558901682,0.06200177147918512,0.05845881310894597,0.025243578387953942,0.09610274579273693,0.062444641275465014,0.08990256864481842,0.029229406554472984
0.0735873850197109,0.03898379325448971,0.023653088042049936,0.04467805519053877,0.0683311432325887,0.08935611038107753,0.0657030223390276,0.07052124397722295,0.09417433201927289,0.06219886114761279,0.06176084099868594,0.026281208935611037,0.09724047306176084,0.06657906263688129,0.08366184844502847,0.033289531318440646
0.07793923381770146,0.0361074416556583,0.023778071334214,0.046235138705416116,0.07045354469396742,0.09467195068251871,0.06605019815059446,0.0722148833113166,0.09026860413914575,0.06296785557023338,0.06296785557023338,0.02509907529722589,0.09379128137384413,0.06560986349625715,0.07661822985468957,0.03522677234698371
0.0764525993883792,0.035386631716906945,0.023154215814766274,0.04674530362603757,0.07033639143730887,0.08955875928352992,0.06509392747924858,0.07077326343381389,0.09436435124508519,0.06422018348623854,0.06290956749672345,0.027522935779816515,0.09480122324159021,0.06378331148973351,0.07863695937090433,0.036260375709917
0.07742496737712048,0.039147455415398,0.023923444976076555,0.04480208786428882,0.06698564593301436,0.08829926054806438,0.06872553284036538,0.06829056111352762,0.09177903436276642,0.06394084384515007,0.06394084384515007,0.026968247063940843,0.0939538929969552,0.06568073075250108,0.08264462809917356,0.03349282296650718
0.07862190812720848,0.037102473498233215,0.02429328621908127,0.04328621908127209,0.06492932862190813,0.0896643109540636,0.06846289752650177,0.06802120141342756,0.09143109540636042,0.06492932862190813,0.0627208480565371,0.02959363957597173,0.09540636042402827,0.06537102473498234,0.0799469964664311,0.036219081272084806
0.08149779735682819,0.03788546255506608,0.02158590308370044,0.04185022026431718,0.06167400881057269,0.09030837004405286,0.06960352422907488,0.06784140969162995,0.09118942731277534,0.06519823788546256,0.06519823788546256,0.03259911894273128,0.0933920704845815,0.06607929515418502,0.0801762114537445,0.033920704845814977
0.08498458828709819,0.03830911492734478,0.020695728753852928,0.044033465433729636,0.06384852487890796,0.09158960810215765,0.06693086745926904,0.06693086745926904,0.08674592690444738,0.06913254073095552,0.06605019815059446,0.03258476442095993,0.08982826948480846,0.06296785557023338,0.07970057243505063,0.035667107001321
0.0840669014084507,0.037852112676056336,0.02112676056338028,0.0448943661971831,0.06514084507042253,0.09286971830985916,0.06866197183098592,0.06866197183098592,0.08450704225352113,0.0664612676056338,0.0664612676056338,0.03477112676056338,0.09198943661971831,0.06073943661971831,0.07790492957746478,0.03389084507042254
0.08340611353711791,0.037991266375545854,0.02314410480349345,0.04104803493449782,0.06375545851528384,0.09606986899563319,0.07205240174672489,0.06637554585152838,0.0816593886462882,0.06506550218340611,0.06593886462882097,0.034934497816593885,0.0925764192139738,0.06419213973799126,0.08034934497816594,0.0314410480349345
0.083223249669749,0.039189784236019376,0.024658740642888595,0.04095112285336856,0.06296785557023338,0.09335094671950682,0.06825187142228094,0.06825187142228094,0.07970057243505063,0.06825187142228094,0.06649053280493175,0.036988110964332896,0.09423161602818142,0.06340819022457067,0.07793923381770146,0.032144429766622636
0.08047493403693931,0.04001759014951627,0.025505716798592787,0.040457343887423045,0.06156552330694811,0.09278803869832894,0.07167985927880387,0.06684256816182937,0.08047493403693931,0.06376429199648197,0.06552330694810905,0.03781882145998241,0.09498680738786279,0.06112576956904134,0.0839929639401935,0.032981530343007916
0.08190976784932107,0.03723171265878231,0.02715724923346474,0.04029785370127026,0.0639509417433202,0.09505037231712658,0.07402540516863776,0.06263688129653965,0.07928164695575997,0.06132282084975909,0.06701708278580815,0.03898379325448971,0.09242225142356549,0.06219886114761279,0.08409986859395532,0.032413491020586944
0.08080808080808081,0.03689064558629776,0.027228809837505488,0.04084321475625823,0.06280193236714976,0.09969257795344752,0.07509881422924901,0.061923583662714096,0.08036890645586298,0.059727711901624944,0.0663153271848924,0.037768994290733424,0.09705753184014053,0.060166886253842776,0.08256477821695213,0.030742204655248132
0.08153371529308065,0.035698545614808286,0.02908770383428823,0.041427941824592335,0.06522697223446453,0.09828118113706479,0.07139709122961657,0.059497576024680476,0.08241516086381666,0.05861613045394447,0.06831203173204055,0.0374614367562803,0.09475539885412076,0.06081974438078449,0.08461877479065667,0.030850594975760245
0.07561188811188811,0.03671328671328671,0.028409090909090908,0.04195804195804196,0.06468531468531469,0.09746503496503496,0.07080419580419581,0.06075174825174825,0.07954545454545454,0.05856643356643357,0.07080419580419581,0.03802447552447553,0.09965034965034965,0.06075174825174825,0.08522727272727272,0.031031468531468532
0.07878521126760564,0.03653169014084507,0.028169014084507043,0.042693661971830985,0.06514084507042253,0.09683098591549295,0.07394366197183098,0.06073943661971831,0.08494718309859155,0.05941901408450704,0.0682218309859155,0.03609154929577465,0.09507042253521127,0.05985915492957746,0.08318661971830986,0.030369718309859156
0.07611086669599648,0.03607567091948966,0.027276726792784867,0.04223493180818302,0.06511218653761548,0.09898812142542895,0.07435107787065552,0.06027276726792785,0.08095028596568411,0.05895292564892213,0.06819181698196217,0.03783545974483062,0.09370875494940607,0.06379234491860977,0.08666959964804223,0.029476462824461064
0.07763157894736843,0.03464912280701754,0.031140350877192982,0.04429824561403509,0.060087719298245613,0.09605263157894736,0.07631578947368421,0.058771929824561406,0.0824561403508772,0.058333333333333334,0.0662280701754386,0.03728070175438596,0.09517543859649123,0.06271929824561404,0.08947368421052632,0.029385964912280703
0.07668711656441718,0.03724802804557406,0.028921998247151623,0.04382120946538125,0.06091148115687993,0.09640666082383874,0.07493426818580193,0.05740578439964943,0.08326029798422437,0.05915863277826468,0.06836108676599474,0.03724802804557406,0.09290096406660824,0.060473269062226116,0.09202453987730061,0.030236634531113058
0.0791111111111111,0.04088888888888889,0.030222222222222223,0.043111111111111114,0.06488888888888888,0.09377777777777778,0.07155555555555555,0.06,0.0791111111111111,0.059111111111111114,0.06622222222222222,0.036444444444444446,0.09288888888888888,0.06088888888888889,0.09111111111111111,0.030666666666666665
0.07940008822232025,0.043228936921041024,0.02867225408028231,0.04543449492721659,0.06219673577415086,0.08998676665196295,0.07278341420379356,0.0599911777679753,0.07719453021614468,0.05734450816056462,0.06396118217909132,0.03573003970004411,0.09660344067048963,0.061314512571680635,0.09439788266431408,0.031760035288928096
0.07483296213808463,0.044097995545657014,0.025835189309576838,0.04498886414253898,0.06325167037861916,0.08730512249443208,0.0757238307349666,0.058351893095768374,0.08062360801781737,0.055233853006681516,0.06636971046770601,0.03608017817371938,0.09977728285077951,0.06146993318485523,0.09398663697104677,0.032071269487750555
0.07861220904699165,0.039525691699604744,0.02678963548528766,0.04435660957400088,0.06411945542380325,0.08563899868247694,0.07685551163812034,0.059727711901624944,0.08080808080808081,0.05401844532279315,0.06543697848045674,0.03732981993851559,0.0992534036012297,0.059727711901624944,0.09266578831796222,0.03513394817742644
0.07746478873239436,0.0409330985915493,0.029049295774647887,0.04621478873239437,0.06338028169014084,0.08362676056338028,0.07570422535211267,0.05897887323943662,0.0801056338028169,0.053257042253521125,0.06558098591549295,0.03433098591549296,0.10079225352112677,0.06294014084507042,0.09330985915492958,0.03433098591549296
0.07702582368655388,0.04229741763134461,0.029385574354407838,0.04630454140694568,0.06277827248441674,0.08058771148708815,0.07524487978628673,0.059216384683882455,0.08014247551202137,0.05431878895814782,0.06366874443455031,0.032056990204808546,0.09839715048975957,0.06945681211041853,0.09305431878895815,0.036064113980409616
0.07841409691629955,0.04229074889867841,0.02643171806167401,0.04801762114537445,0.06299559471365639,0.08193832599118943,0.0722466960352423,0.06035242290748899,0.07753303964757709,0.05418502202643172,0.06607929515418502,0.03127753303964758,0.09823788546255506,0.06784140969162995,0.09559471365638766,0.03656387665198238
0.0794351279788173,0.043689320388349516,0.0264783759929391,0.04942630185348632,0.061341571050308914,0.08075904677846425,0.07325684024713151,0.05692850838481906,0.07855251544571933,0.05692850838481906,0.06619593998234775,0.03353927625772286,0.09885260370697264,0.06398940864960283,0.0939982347749338,0.03662842012356576
0.07719453021614468,0.04455227172474636,0.0282311424790472,0.049845610939567714,0.061314512571680635,0.08160564622849581,0.0776356418173798,0.055580061755624174,0.0776356418173798,0.05778561976179974,0.06572562858403176,0.03573003970004411,0.09572121746801941,0.06572562858403176,0.0917512130569034,0.03396559329510366
0.0784743533537922,0.041209995615957916,0.030688294607628234,0.05085488820692679,0.06225339763261727,0.08110477860587462,0.07715914072775099,0.057430951337132836,0.07452871547566857,0.05786935554581324,0.06663743971942131,0.033757124068391056,0.09688733011836914,0.06313020604997809,0.09031126698816308,0.03770276194651469
0.07760141093474426,0.043209876543209874,0.031746031746031744,0.04805996472663139,0.06393298059964726,0.08509700176366843,0.07804232804232804,0.05555555555555555,0.07142857142857142,0.05952380952380952,0.06922398589065255,0.03262786596119929,0.09567901234567901,0.0582010582010582,0.09171075837742504,0.03835978835978836
