C_R,C_A,C_S,C_N,D_R,D_A,D_S,D_N,Oc_R,Oc_A,Oc_S,Oc_N,Od_R,Od_A,Od_S,Od_N
0.0,0.0,0.0,1.0,0.0,0.0,0.0,0.0,0.0,0.0,0.0,0.0,0.0,0.0,0.0,0.0
0.0,0.0,0.0,0.5,0.0,0.0,0.0,0.0,0.0,0.5,0.0,0.0,0.0,0.0,0.0,0.0
0.0,0.0,0.0,0.4,0.0,0.0,0.0,0.0,0.0,0.2,0.0,0.0,0.0,0.4,0.0,0.0
0.0,0.0,0.0,0.3,0.0,0.2,0.0,0.0,0.0,0.2,0.0,0.0,0.0,0.3,0.0,0.0
0.0,0.0,0.0,0.3076923076923077,0.0,0.23076923076923078,0.0,0.0,0.0,0.15384615384615385,0.0,0.0,0.0,0.3076923076923077,0.0,0.0
0.0,0.0,0.0,0.3157894736842105,0.0,0.21052631578947367,0.0,0.0,0.0,0.15789473684210525,0.0,0.0,0.0,0.3157894736842105,0.0,0.0
0.0,0.0,0.0,0.32142857142857145,0.0,0.17857142857142858,0.0,0.0,0.0,0.17857142857142858,0.0,0.0,0.0,0.32142857142857145,0.0,0.0
0.0,0.0,0.0,0.35714285714285715,0.023809523809523808,0.19047619047619047,0.0,0.0,0.0,0.11904761904761904,0.0,0.0,0.0,0.30952380952380953,0.0,0.0
0.0,0.01818181818181818,0.0,0.4,0.01818181818181818,0.18181818181818182,0.0,0.0,0.0,0.09090909090909091,0.0,0.0,0.0,0.2909090909090909,0.0,0.0
0.0,0.015151515151515152,0.0,0.4090909090909091,0.015151515151515152,0.22727272727272727,0.0,0.0,0.0,0.07575757575757576,0.0,0.0,0.0,0.25757575757575757,0.0,0.0
0.0,0.011363636363636364,0.0,0.4318181818181818,0.022727272727272728,0.19318181818181818,0.0,0.0,0.0,0.09090909090909091,0.0,0.0,0.022727272727272728,0.22727272727272727,0.0,0.0
0.0,0.0,0.0,0.41346153846153844,0.009615384615384616,0.18269230769230768,0.0,0.0,0.0,0.10576923076923077,0.0,0.019230769230769232,0.028846153846153848,0.2403846153846154,0.0,0.0
0.0,0.0,0.016129032258064516,0.3870967741935484,0.008064516129032258,0.20967741935483872,0.0,0.0,0.0,0.0967741935483871,0.0,0.008064516129032258,0.04032258064516129,0.23387096774193547,0.0,0.0
0.012738853503184714,0.0,0.006369426751592357,0.39490445859872614,0.006369426751592357,0.18471337579617833,0.0,0.0,0.0,0.10828025477707007,0.0,0.012738853503184714,0.050955414012738856,0.2229299363057325,0.0,0.0
0.022099447513812154,0.0,0.0,0.3812154696132597,0.0055248618784530384,0.19889502762430938,0.0,0.0,0.011049723756906077,0.09392265193370165,0.0,0.022099447513812154,0.06629834254143646,0.19337016574585636,0.0,0.0055248618784530384
0.03333333333333333,0.0,0.0,0.36666666666666664,0.004761904761904762,0.19047619047619047,0.004761904761904762,0.0,0.009523809523809525,0.10952380952380952,0.0,0.02857142857142857,0.0761904761904762,0.17142857142857143,0.0,0.004761904761904762
0.0390625,0.0,0.0,0.359375,0.0,0.17578125,0.00390625,0.00390625,0.00390625,0.12109375,0.0,0.03125,0.09375,0.16015625,0.0,0.0078125
0.046511627906976744,0.0033222591362126247,0.0,0.36212624584717606,0.0033222591362126247,0.16611295681063123,0.006644518272425249,0.0033222591362126247,0.006644518272425249,0.12624584717607973,0.0,0.03322259136212625,0.09966777408637874,0.1362126245847176,0.0,0.006644518272425249
0.0718232044198895,0.0027624309392265192,0.0,0.356353591160221,0.0027624309392265192,0.14917127071823205,0.0027624309392265192,0.0027624309392265192,0.008287292817679558,0.11049723756906077,0.0,0.03591160220994475,0.11049723756906077,0.13812154696132597,0.0027624309392265192,0.0055248618784530384
0.09226932668329177,0.004987531172069825,0.0,0.3516209476309227,0.0024937655860349127,0.1371571072319202,0.0024937655860349127,0.0024937655860349127,0.007481296758104738,0.10224438902743142,0.0024937655860349127,0.03740648379052369,0.12468827930174564,0.11970074812967581,0.0024937655860349127,0.00997506234413965
0.09977827050997783,0.004434589800443459,0.0,0.3392461197339246,0.004434589800443459,0.13968957871396895,0.0022172949002217295,0.004434589800443459,0.0066518847006651885,0.11086474501108648,0.0022172949002217295,0.03547671840354767,0.12195121951219512,0.11751662971175167,0.0022172949002217295,0.008869179600886918
0.1,0.005555555555555556,0.0,0.34629629629629627,0.003703703703703704,0.13333333333333333,0.001851851851851852,0.011111111111111112,0.007407407407407408,0.1037037037037037,0.001851851851851852,0.02962962962962963,0.13333333333333333,0.10925925925925926,0.003703703703703704,0.009259259259259259
0.11336717428087986,0.00676818950930626,0.001692047377326565,0.32148900169204736,0.001692047377326565,0.11844331641285956,0.00338409475465313,0.01353637901861252,0.005076142131979695,0.1116751269035533,0.001692047377326565,0.032148900169204735,0.15397631133671744,0.09813874788494077,0.005076142131979695,0.011844331641285956
0.11177347242921014,0.005961251862891207,0.0014903129657228018,0.31296572280178836,0.0014903129657228018,0.11475409836065574,0.004470938897168405,0.014903129657228018,0.004470938897168405,0.11475409836065574,0.0029806259314456036,0.03576751117734724,0.17138599105812222,0.08792846497764531,0.004470938897168405,0.010432190760059613
0.1214574898785425,0.005398110661268556,0.002699055330634278,0.3049932523616734,0.001349527665317139,0.11605937921727395,0.004048582995951417,0.016194331983805668,0.005398110661268556,0.10931174089068826,0.004048582995951417,0.04183535762483131,0.17273954116059378,0.08097165991902834,0.004048582995951417,0.009446693657219974
0.11860174781523096,0.006242197253433208,0.0012484394506866417,0.3083645443196005,0.0012484394506866417,0.11610486891385768,0.003745318352059925,0.017478152309612985,0.006242197253433208,0.10736579275905118,0.004993757802746567,0.03745318352059925,0.1797752808988764,0.07240948813982521,0.004993757802746567,0.01373283395755306
0.1292517006802721,0.0045351473922902496,0.0011337868480725624,0.29931972789115646,0.0022675736961451248,0.09977324263038549,0.003401360544217687,0.02040816326530612,0.0045351473922902496,0.11337868480725624,0.0045351473922902496,0.04195011337868481,0.18480725623582767,0.07482993197278912,0.0045351473922902496,0.011337868480725623
0.13650465356773525,0.004136504653567736,0.001034126163391934,0.2957600827300931,0.001034126163391934,0.09927611168562564,0.0031023784901758012,0.020682523267838676,0.004136504653567736,0.10754912099276112,0.004136504653567736,0.04343329886246122,0.18821096173733196,0.07135470527404343,0.005170630816959669,0.014477766287487074
0.1368421052631579,0.0028708133971291866,0.0009569377990430622,0.3004784688995215,0.0019138755980861245,0.09282296650717703,0.004784688995215311,0.021052631578947368,0.003827751196172249,0.11100478468899522,0.0028708133971291866,0.04019138755980861,0.19043062200956937,0.07272727272727272,0.003827751196172249,0.013397129186602871
0.14388489208633093,0.0044964028776978415,0.0008992805755395684,0.2949640287769784,0.0017985611510791368,0.08992805755395683,0.00539568345323741,0.022482014388489208,0.0035971223021582736,0.10971223021582734,0.002697841726618705,0.0341726618705036,0.1960431654676259,0.07464028776978417,0.0044964028776978415,0.01079136690647482
0.1482098251457119,0.006661115736885929,0.0008326394671107411,0.27893422148209823,0.0016652789342214821,0.08742714404662781,0.004995836802664446,0.02331390507910075,0.004163197335553705,0.11407160699417153,0.002497918401332223,0.038301415487094086,0.20233139050791007,0.07160699417152373,0.004163197335553705,0.010824313072439634
0.15502686108979277,0.0061396776669224865,0.0015349194167306216,0.2686108979278588,0.0015349194167306216,0.08749040675364543,0.004604758250191865,0.02686108979278588,0.0030698388334612432,0.10821181887950883,0.0023023791250959325,0.039140445126630855,0.20721412125863392,0.0713737528779739,0.005372217958557176,0.011511895625479662
0.15752461322081576,0.006329113924050633,0.0014064697609001407,0.25316455696202533,0.002109704641350211,0.08790436005625879,0.006329113924050633,0.026019690576652602,0.0035161744022503515,0.10618846694796062,0.002109704641350211,0.03867791842475387,0.21870604781997188,0.07313642756680731,0.004922644163150493,0.011954992967651195
0.15079365079365079,0.007275132275132275,0.001984126984126984,0.24735449735449735,0.0026455026455026454,0.08928571428571429,0.007275132275132275,0.027116402116402115,0.003968253968253968,0.10383597883597884,0.0026455026455026454,0.041005291005291,0.22883597883597884,0.06812169312169312,0.005952380952380952,0.011904761904761904
0.15498154981549817,0.007380073800738007,0.0018450184501845018,0.24477244772447723,0.0024600246002460025,0.09225092250922509,0.006765067650676507,0.03075030750307503,0.0036900369003690036,0.1033210332103321,0.0036900369003690036,0.037515375153751536,0.22878228782287824,0.06211562115621156,0.007995079950799507,0.011685116851168511
0.16060961313012895,0.007033997655334115,0.0029308323563892145,0.2391559202813599,0.0011723329425556857,0.08968347010550996,0.006447831184056272,0.02813599062133646,0.0029308323563892145,0.10550996483001172,0.004103165298944901,0.03634232121922626,0.23446658851113716,0.06213364595545135,0.008206330597889801,0.011137162954279016
0.15892954669579465,0.006007646095030038,0.0038230475150191155,0.2342981977061715,0.0010922992900054614,0.08410704533042053,0.004915346805024577,0.02949208083014746,0.0032768978700163844,0.10868377935554342,0.002730748225013654,0.03823047515019115,0.24085199344620425,0.06499180775532495,0.008738394320043691,0.009830693610049153
0.16113744075829384,0.005792522380200105,0.00421274354923644,0.23854660347551343,0.00210637177461822,0.08109531332280147,0.004739336492890996,0.03264876250658241,0.003686150605581885,0.10163243812532911,0.00210637177461822,0.03738809899947341,0.2401263823064771,0.06635071090047394,0.009478672985781991,0.008952080042127435
0.15865865865865866,0.0055055055055055055,0.0055055055055055055,0.23673673673673673,0.004004004004004004,0.08408408408408409,0.0055055055055055055,0.03203203203203203,0.0045045045045045045,0.0995995995995996,0.0025025025025025025,0.03853853853853854,0.23873873873873874,0.06256256256256257,0.01001001001001001,0.011511511511511512
0.16110019646365423,0.0054027504911591355,0.0063850687622789785,0.2411591355599214,0.0044204322200392925,0.08349705304518663,0.0063850687622789785,0.02848722986247544,0.0044204322200392925,0.0962671905697446,0.002455795677799607,0.04027504911591356,0.23722986247544203,0.061394891944990176,0.01031434184675835,0.010805500982318271
0.162482235907153,0.006158218853623875,0.005210800568450971,0.24774988157271435,0.004263382283278067,0.08005684509711038,0.008053055423969682,0.030317385125532923,0.006158218853623875,0.09805779251539555,0.0023685457129322598,0.039317858834675506,0.22927522501184272,0.0611084793936523,0.009000473709142587,0.010421601136901942
0.16036866359447005,0.0069124423963133645,0.005529953917050691,0.2447004608294931,0.004147465437788019,0.0792626728110599,0.00783410138248848,0.029493087557603687,0.0069124423963133645,0.10092165898617511,0.0032258064516129032,0.03917050691244239,0.22672811059907835,0.06313364055299539,0.00783410138248848,0.013824884792626729
0.16137684398748323,0.008046490835940992,0.007152436298614216,0.23960661600357622,0.004023245417970496,0.0773357174787662,0.008046490835940992,0.029950827000447027,0.008046490835940992,0.10102816271792579,0.004023245417970496,0.03665623603039785,0.2288779615556549,0.06705409029950828,0.006705409029950827,0.012069736253911488
0.1635304659498208,0.009408602150537635,0.008512544802867384,0.239247311827957,0.004480286738351254,0.0739247311827957,0.0076164874551971325,0.03046594982078853,0.007168458781362007,0.0967741935483871,0.004032258064516129,0.03853046594982079,0.23118279569892472,0.06586021505376344,0.006720430107526882,0.012544802867383513
0.16651825467497774,0.008904719501335707,0.008459483526268923,0.2346393588601959,0.004897595725734639,0.07569011576135352,0.008014247551202136,0.033392698130008905,0.007123775601068566,0.09528049866429207,0.003561887800534283,0.0396260017809439,0.22662511130899377,0.06812110418521816,0.007569011576135352,0.01157613535173642
0.16659262549977788,0.010217681030653044,0.009773434029320302,0.23856063971568192,0.0053309640159928924,0.07507774322523322,0.007552199022656597,0.03287427809862283,0.005775211017325633,0.09151488227454464,0.005775211017325633,0.03864948911594847,0.2243447356730342,0.06752554420257663,0.008440693025322079,0.011994669035984007
0.16771300448430493,0.009865470852017937,0.009417040358744395,0.23452914798206279,0.0053811659192825115,0.07802690582959641,0.006726457399103139,0.033632286995515695,0.005829596412556054,0.09013452914798206,0.006726457399103139,0.039013452914798206,0.22511210762331837,0.06591928251121076,0.008071748878923767,0.01390134529147982
0.16644474034620507,0.011984021304926764,0.009764758100310697,0.23479804704837995,0.005326231691078562,0.07634265423879272,0.006213936972924989,0.032845095428317796,0.006657789613848202,0.09365290723479805,0.007101642254771416,0.03994673768308921,0.2201509098979139,0.06613404349755882,0.007989347536617843,0.014647137150466045
0.16073018699910951,0.014692787177203919,0.008904719501335707,0.23864648263579696,0.00578806767586821,0.07836153161175423,0.006233303650934996,0.03250222617987533,0.008014247551202136,0.09216384683882457,0.00578806767586821,0.03695458593054319,0.2195013357079252,0.06634016028495103,0.008904719501335707,0.01647373107747106
0.16201859229747675,0.01195219123505976,0.00796812749003984,0.24302788844621515,0.005754758742806552,0.0787959274015051,0.005312084993359893,0.03408587870739265,0.007525453740593183,0.08764940239043825,0.00619743249225321,0.035856573705179286,0.22355024347056218,0.06463036741921203,0.008410801239486499,0.017264276228419653
0.15855855855855855,0.012162162162162163,0.008108108108108109,0.2391891891891892,0.004954954954954955,0.07477477477477477,0.006306306306306306,0.03333333333333333,0.007207207207207207,0.08873873873873873,0.007207207207207207,0.038288288288288286,0.22477477477477478,0.06846846846846846,0.008558558558558558,0.01936936936936937
0.16233183856502242,0.010762331838565023,0.008071748878923767,0.22780269058295965,0.005829596412556054,0.07668161434977579,0.007174887892376682,0.03632286995515695,0.006726457399103139,0.08430493273542601,0.008071748878923767,0.03542600896860987,0.23139013452914797,0.07040358744394619,0.008520179372197309,0.020179372197309416
0.15913120567375885,0.00975177304964539,0.007978723404255319,0.23625886524822695,0.005319148936170213,0.07668439716312057,0.0070921985815602835,0.037677304964539006,0.006648936170212766,0.0851063829787234,0.0070921985815602835,0.03546099290780142,0.22872340425531915,0.06515957446808511,0.008865248226950355,0.02304964539007092
0.15841142347166443,0.0107095046854083,0.006693440428380187,0.24141008478357875,0.006247211066488175,0.07273538598839803,0.006247211066488175,0.03168228469433289,0.008478357875948238,0.08389112003569835,0.007585899152164213,0.036590807675145026,0.22757697456492637,0.06961178045515395,0.009817045961624275,0.022311468094600623
0.16275984077841663,0.010614772224679346,0.00796107916850951,0.2410437859354268,0.005749668288367979,0.0734188412206988,0.005749668288367979,0.029632905793896505,0.00796107916850951,0.08093763821318001,0.007518796992481203,0.03538257408226449,0.22777532065457762,0.06988058381247236,0.011057054400707651,0.022556390977443608
0.16371681415929204,0.009734513274336283,0.007964601769911504,0.2424778761061947,0.006194690265486726,0.0743362831858407,0.00752212389380531,0.03008849557522124,0.007964601769911504,0.07920353982300884,0.007079646017699115,0.035398230088495575,0.22256637168141594,0.07168141592920355,0.012831858407079646,0.021238938053097345
0.16049382716049382,0.010141093474426807,0.007936507936507936,0.24338624338624337,0.006613756613756613,0.07275132275132275,0.007936507936507936,0.03306878306878307,0.00837742504409171,0.08068783068783068,0.005291005291005291,0.03791887125220458,0.2204585537918871,0.0718694885361552,0.013668430335097001,0.019400352733686066
0.16429840142095914,0.010213143872113677,0.006216696269982238,0.24156305506216696,0.006216696269982238,0.07149200710479574,0.008880994671403197,0.03197158081705151,0.007992895204262877,0.07992895204262877,0.006216696269982238,0.03907637655417407,0.22291296625222023,0.07104795737122557,0.011989342806394316,0.019982238010657193
0.16037316748111952,0.010661928031985785,0.006219458018658374,0.2372278987116837,0.006219458018658374,0.07285650821856952,0.00888494002665482,0.029764549089293647,0.007107952021323856,0.0812972012438916,0.006219458018658374,0.03909373611728121,0.2305641936916926,0.07019102621057308,0.01332741003998223,0.019991115059973346
0.16014394961763384,0.0103463787674314,0.007197480881691408,0.24651372019793072,0.006747638326585695,0.07107512370670266,0.0103463787674314,0.03013945119208277,0.00899685110211426,0.07692307692307693,0.006747638326585695,0.04048582995951417,0.22402159244264508,0.07017543859649122,0.011695906432748537,0.018443544759334234
0.16280107047279216,0.00936663693131133,0.006690454950936664,0.24442462087421946,0.005798394290811775,0.06690454950936664,0.010704727921498661,0.031222123104371096,0.008920606601248885,0.08251561106155218,0.006244424620874219,0.043264942016057094,0.2225691347011597,0.07091882247992863,0.011150758251561105,0.01650312221231044
0.16405900759946357,0.009387572641931158,0.005364327223960662,0.24631202503352703,0.006705409029950827,0.06705409029950828,0.009834599910594547,0.029950827000447027,0.008493518104604381,0.08270004470272686,0.006258381761287439,0.04112650871703174,0.2248547161376844,0.06928922664282522,0.010728654447921324,0.017881090746535537
0.16289391921881935,0.008433200177541057,0.005326231691078562,0.2521083000443853,0.005326231691078562,0.06435863293386596,0.010208610741233911,0.028406569019085663,0.008433200177541057,0.07767421216156237,0.006657789613848202,0.040390590324012425,0.22769640479360853,0.07279183311140701,0.010208610741233911,0.01908566355969818
0.16592724046140195,0.008873114463176575,0.006654835847382431,0.24977817213842057,0.005323868677905945,0.062111801242236024,0.01020408163265306,0.027950310559006212,0.0075421472937000885,0.07852706299911269,0.00709849157054126,0.03904170363797693,0.22626441881100265,0.07453416149068323,0.011091393078970719,0.019077196095829637
0.170080142475512,0.008459483526268923,0.00578806767586821,0.2466607301869991,0.005342831700801425,0.0609973285841496,0.01068566340160285,0.02626892252894034,0.008014247551202136,0.0761353517364203,0.007123775601068566,0.04007123775601069,0.23107747105966162,0.07034728406055209,0.012021371326803205,0.020926090828138913
0.16748548459133542,0.008932559178204555,0.005359535506922733,0.24564537740062528,0.006252791424743189,0.06297454220634212,0.010719071013845467,0.027690933452434122,0.006699419383653417,0.07815989280928987,0.007146047342563644,0.03974988834301027,0.23179991067440822,0.06833407771326486,0.010719071013845467,0.022331397945511387
0.16314863676341249,0.0079155672823219,0.005277044854881266,0.24670184696569922,0.005716798592788039,0.06068601583113457,0.011433597185576077,0.029463500439753737,0.005716798592788039,0.07783641160949868,0.006156552330694811,0.0395778364116095,0.23658751099384345,0.06728232189973615,0.010993843447669306,0.025505716798592787
0.1603942652329749,0.0076164874551971325,0.005824372759856631,0.24910394265232974,0.005376344086021506,0.06272401433691756,0.010752688172043012,0.02867383512544803,0.0076164874551971325,0.07616487455197132,0.008064516129032258,0.036738351254480286,0.23879928315412186,0.06720430107526881,0.012096774193548387,0.0228494623655914
0.16489832007073385,0.006631299734748011,0.005305039787798408,0.2484526967285588,0.006631299734748011,0.0614500442086649,0.010610079575596816,0.027851458885941646,0.007515473032714412,0.08001768346595933,0.007515473032714412,0.034924845269672856,0.2396109637488948,0.06321839080459771,0.011494252873563218,0.023872679045092837
0.16651865008880995,0.007104795737122558,0.007548845470692718,0.2455595026642984,0.0066607460035523975,0.055062166962699825,0.010657193605683837,0.03063943161634103,0.007992895204262877,0.07726465364120781,0.007548845470692718,0.03330373001776199,0.2464476021314387,0.06349911190053285,0.010657193605683837,0.023534635879218474
0.1662941439427805,0.010281627179257935,0.007152436298614216,0.25033527045149756,0.006258381761287439,0.05543138131426017,0.0116227089852481,0.030397854269110416,0.008046490835940992,0.07644166294143943,0.008046490835940992,0.0348681269557443,0.240500670540903,0.06168976307554761,0.010281627179257935,0.022351363433169423
0.1673324456280515,0.011096316023080338,0.006657789613848202,0.24766977363515313,0.005326231691078562,0.056369285397248114,0.011096316023080338,0.029738126941855306,0.006657789613848202,0.07944962272525521,0.008433200177541057,0.031069684864624945,0.2436750998668442,0.06213936972924989,0.011096316023080338,0.022192632046160676
0.16725820763087842,0.011091393078970719,0.006211180124223602,0.2453416149068323,0.006654835847382431,0.05634427684117125,0.011535048802129548,0.029281277728482696,0.007985803016858917,0.07542147293700088,0.009316770186335404,0.030168589174800354,0.24755989352262645,0.06078083407275954,0.01064773735581189,0.024401064773735583
0.1701466015104398,0.009773434029320302,0.007107952021323856,0.24389160373167482,0.007552199022656597,0.05508662816525989,0.010661928031985785,0.028431808085295423,0.009329187027987561,0.07641048422923145,0.009773434029320302,0.03198578409595735,0.2425588627276766,0.06086183918258552,0.010217681030653044,0.02621057307863172
0.17183348095659876,0.00974313551815766,0.00841452612931798,0.24977856510186006,0.007528786536758193,0.05181576616474756,0.011957484499557131,0.02878653675819309,0.00841452612931798,0.07705934455270151,0.012400354295837024,0.03100088573959256,0.24047829937998227,0.05713020372010629,0.010186005314437556,0.023472099202834367
0.1675485008818342,0.008818342151675485,0.009259259259259259,0.2526455026455027,0.008818342151675485,0.05291005291005291,0.012345679012345678,0.03042328042328042,0.00837742504409171,0.07539682539682539,0.012345679012345678,0.031746031746031744,0.2447089947089947,0.05511463844797178,0.009259259259259259,0.020282186948853614
0.17103509551310528,0.00888494002665482,0.00888494002665482,0.25055530875166593,0.008440693025322079,0.050199911150599734,0.011994669035984007,0.028876055086628164,0.008440693025322079,0.07818747223456242,0.012438916037316748,0.03287427809862283,0.24478009773434029,0.05508662816525989,0.007552199022656597,0.021768103065304308
0.17518897287683416,0.008448199199644287,0.009337483325922631,0.24722098710538018,0.00755891507336594,0.050689195197865716,0.01200533570475767,0.028901734104046242,0.008892841262783458,0.07870164517563362,0.011560693641618497,0.03468208092485549,0.24099599822143175,0.05469097376611828,0.007114273010226767,0.02401067140951534
0.18361955085865259,0.008806693086745927,0.009687362395420519,0.24658740642888596,0.007485689123734038,0.05151915455746367,0.012329370321444297,0.029942756494936152,0.008806693086745927,0.07749889916336415,0.011448701012769706,0.03258476442095993,0.23469837076177896,0.052840158520475564,0.0066050198150594455,0.02553940995156319
0.1811722912966252,0.008436944937833037,0.010657193605683837,0.24289520426287745,0.007548845470692718,0.05106571936056838,0.012433392539964476,0.02930728241563055,0.009325044404973356,0.07593250444049733,0.009769094138543518,0.03330373001776199,0.2424511545293073,0.05461811722912966,0.007548845470692718,0.023534635879218474
0.1791044776119403,0.008340649692712906,0.010535557506584723,0.2462686567164179,0.006584723441615452,0.04960491659350307,0.013169446883230905,0.02897278314310799,0.00877963125548727,0.07594381035996488,0.009218612818261633,0.03511852502194908,0.24231782265144863,0.05575065847234416,0.008340649692712906,0.021949078138718173
0.17869718309859156,0.008362676056338027,0.009683098591549295,0.24471830985915494,0.007042253521126761,0.04929577464788732,0.01232394366197183,0.030369718309859156,0.008802816901408451,0.07966549295774648,0.008802816901408451,0.037411971830985914,0.24119718309859156,0.05193661971830986,0.009242957746478873,0.02244718309859155
0.1763931548924967,0.008336989907854322,0.010969723562966213,0.2461605967529618,0.007020623080298377,0.04782799473453269,0.01184730144800351,0.028082492321193506,0.008336989907854322,0.07985958753839403,0.009214567792891619,0.03554190434401053,0.24440544098288722,0.05309346204475647,0.010969723562966213,0.021939447125932425
0.17109929078014185,0.008421985815602837,0.010638297872340425,0.24423758865248227,0.007978723404255319,0.04609929078014184,0.012411347517730497,0.02925531914893617,0.008865248226950355,0.07579787234042554,0.010195035460992909,0.03634751773049645,0.25443262411347517,0.051418439716312055,0.011081560283687944,0.02171985815602837
0.17311971517578995,0.008455718736092568,0.011125945705384957,0.24877614597240766,0.007120605251446373,0.049399198931909215,0.01335113484646195,0.028037383177570093,0.00801068090787717,0.07165109034267912,0.009345794392523364,0.035603026257231864,0.25100133511348466,0.0534045393858478,0.011125945705384957,0.020471740097908322
0.17443946188340806,0.008071748878923767,0.013452914798206279,0.24977578475336323,0.007174887892376682,0.04887892376681614,0.013004484304932735,0.026457399103139014,0.007623318385650224,0.06995515695067264,0.008071748878923767,0.033632286995515695,0.2547085201793722,0.05291479820627803,0.011210762331838564,0.02062780269058296
0.1730257320319432,0.008873114463176575,0.015527950310559006,0.24889086069210292,0.006654835847382431,0.04791481810115351,0.013753327417923691,0.024844720496894408,0.009316770186335404,0.06832298136645963,0.0075421472937000885,0.03371783496007098,0.25554569653948533,0.05456965394853593,0.01020408163265306,0.02129547471162378
0.17360496014171833,0.00841452612931798,0.015057573073516387,0.25155004428697963,0.0070859167404783,0.048715677590788306,0.013286093888396812,0.022143489813994686,0.011957484499557131,0.06908768821966342,0.0070859167404783,0.03587245349867139,0.25022143489813997,0.05535872453498671,0.00974313551815766,0.020814880425155006
0.17058041648205582,0.006202924235711121,0.017722640673460344,0.2512184315463004,0.007975188303057155,0.051395657953035,0.011962782454585734,0.023482498892334957,0.010633584404076208,0.06734603455914931,0.007975188303057155,0.04031900753212229,0.24988923349579087,0.05095259193619849,0.00974745237040319,0.02259636685866194
0.17838078291814946,0.004448398576512456,0.016459074733096084,0.2491103202846975,0.00800711743772242,0.050266903914590745,0.010676156583629894,0.024466192170818506,0.01112099644128114,0.06494661921708185,0.007562277580071174,0.04048042704626335,0.25355871886120995,0.05115658362989324,0.008896797153024912,0.020462633451957295
0.1839332748024583,0.0052677787532923615,0.014486391571553995,0.2515364354697103,0.007462686567164179,0.05223880597014925,0.010974539069359086,0.022388059701492536,0.011852502194907815,0.061457418788410885,0.007462686567164179,0.03994732221246708,0.24846356453028973,0.05179982440737489,0.008340649692712906,0.022388059701492536
0.17800353356890458,0.006183745583038869,0.013692579505300354,0.25353356890459366,0.008392226148409895,0.04991166077738516,0.010159010600706713,0.022968197879858657,0.011925795053003533,0.06316254416961131,0.007508833922261484,0.038869257950530034,0.2508833922261484,0.05653710247349823,0.006183745583038869,0.022084805653710248
0.17912428129146396,0.007076514816452897,0.01238390092879257,0.24502432551968156,0.007518796992481203,0.05174701459531181,0.010172490048651039,0.022998673153471916,0.011057054400707651,0.06280406899601947,0.007076514816452897,0.040689960194604156,0.25961963732861565,0.055285272003538256,0.005749668288367979,0.021671826625386997
0.1799292661361627,0.007073386383731211,0.011936339522546418,0.2475685234305924,0.00618921308576481,0.05083996463306808,0.010167992926613616,0.022546419098143235,0.011936339522546418,0.0627763041556145,0.007515473032714412,0.04155614500442087,0.2595048629531388,0.054376657824933686,0.005305039787798408,0.020778072502210435
0.17975022301516502,0.008920606601248885,0.010704727921498661,0.24665477252453166,0.006244424620874219,0.04950936663693131,0.010704727921498661,0.02408563782337199,0.01159678858162355,0.06289027653880463,0.007136485280999108,0.040588760035682424,0.2586975914362177,0.05530776092774309,0.005798394290811775,0.021409455842997322
0.1767050487156776,0.008857395925597875,0.011514614703277236,0.25686448184233834,0.006643046944198406,0.05093002657218778,0.011071744906997343,0.023914968999114262,0.011514614703277236,0.06023029229406555,0.006200177147918512,0.03985828166519043,0.2546501328609389,0.053144375553587246,0.005757307351638618,0.022143489813994686
0.17951002227171492,0.008463251670378619,0.010690423162583519,0.2543429844097996,0.0071269487750556795,0.05033407572383074,0.012026726057906459,0.023608017817371936,0.010690423162583519,0.058797327394209356,0.005790645879732739,0.039198218262806235,0.25879732739420935,0.05033407572383074,0.005790645879732739,0.024498886414253896
0.17964601769911503,0.00752212389380531,0.008849557522123894,0.2579646017699115,0.007964601769911504,0.05353982300884956,0.011061946902654867,0.023451327433628318,0.009734513274336283,0.060619469026548675,0.005752212389380531,0.035398230088495575,0.25486725663716814,0.05398230088495575,0.005309734513274336,0.024336283185840708
0.18141980718667836,0.007449605609114811,0.009202453987730062,0.25503943908851884,0.008326029798422436,0.050394390885188434,0.010517090271691499,0.022787028921998246,0.009202453987730062,0.06529360210341806,0.006134969325153374,0.035056967572304996,0.25503943908851884,0.05258545135845749,0.0056967572304995615,0.025854513584574933
0.17949846018477783,0.007039155301363837,0.008358996920369555,0.25164980202375714,0.009238891333040036,0.05191377034755829,0.011438627364716234,0.025516937967443906,0.009238891333040036,0.062032556093268805,0.006599208095028597,0.03343598768147822,0.2639683238011439,0.051473823141223056,0.005279366476022877,0.02331720193576771
0.17969094922737308,0.00706401766004415,0.009271523178807948,0.2467991169977925,0.009271523178807948,0.05121412803532009,0.011920529801324504,0.027373068432671083,0.008830022075055188,0.06225165562913907,0.006622516556291391,0.03443708609271523,0.26887417218543047,0.05033112582781457,0.004415011037527594,0.02163355408388521
0.18238434163701067,0.0066725978647686835,0.009341637010676156,0.2548932384341637,0.010676156583629894,0.04848754448398576,0.01201067615658363,0.026245551601423486,0.0066725978647686835,0.06316725978647687,0.006227758007117438,0.030249110320284697,0.2695729537366548,0.050711743772241996,0.004448398576512456,0.018238434163701068
0.18705357142857143,0.007142857142857143,0.010267857142857143,0.253125,0.009375,0.04598214285714286,0.011607142857142858,0.025,0.006696428571428571,0.06383928571428571,0.006696428571428571,0.032589285714285716,0.2669642857142857,0.05089285714285714,0.0035714285714285713,0.019196428571428573
0.18852097130242826,0.006181015452538631,0.008830022075055188,0.2556291390728477,0.010596026490066225,0.046799116997792496,0.011037527593818985,0.024724061810154525,0.006622516556291391,0.060927152317880796,0.006622516556291391,0.030463576158940398,0.27196467991169976,0.04812362030905077,0.004415011037527594,0.018543046357615896
0.19234116623150566,0.006527415143603133,0.008703220191470844,0.2506527415143603,0.010879025239338555,0.04699738903394256,0.010443864229765013,0.025239338555265448,0.005657093124456049,0.057876414273281114,0.005657093124456049,0.028720626631853787,0.2789382071366406,0.048302872062663184,0.0039164490861618795,0.019147084421235857
0.18905693950177935,0.005338078291814947,0.009341637010676156,0.24866548042704625,0.01112099644128114,0.0449288256227758,0.010676156583629894,0.025355871886120998,0.007562277580071174,0.05827402135231317,0.0066725978647686835,0.032473309608540925,0.27713523131672596,0.051601423487544484,0.004448398576512456,0.017348754448398576
0.18924922256774768,0.0053309640159928924,0.008440693025322079,0.25233229675699687,0.010661928031985785,0.04531319413593958,0.012438916037316748,0.023545091070635273,0.007552199022656597,0.05775211017325633,0.006663705019991115,0.03243003109729009,0.27676588183029766,0.04931141714793425,0.004886717014660151,0.0173256330519769
0.18629173989455183,0.005272407732864675,0.008787346221441126,0.2548330404217926,0.01054481546572935,0.043936731107205626,0.01054481546572935,0.02460456942003515,0.006590509666080844,0.05843585237258348,0.006151142355008787,0.030755711775043937,0.2772407732864675,0.05184534270650264,0.006151142355008787,0.018014059753954304
0.1936619718309859,0.00528169014084507,0.009683098591549295,0.24867957746478872,0.010123239436619719,0.04445422535211268,0.010123239436619719,0.023327464788732395,0.006602112676056338,0.05545774647887324,0.005721830985915493,0.02992957746478873,0.28213028169014087,0.050616197183098594,0.006161971830985915,0.018045774647887324
0.19549867608120036,0.005736981465136805,0.01059135039717564,0.2533097969991174,0.010150044130626656,0.04148278905560459,0.01147396293027361,0.021624007060900265,0.006619593998234775,0.05472197705207414,0.005736981465136805,0.03089143865842895,0.27714033539276256,0.05163283318623124,0.006619593998234775,0.01676963812886143
0.20097388224878265,0.005312084993359893,0.009738822487826471,0.2536520584329349,0.009738822487826471,0.04293935369632581,0.011066843736166445,0.02257636122177955,0.007082779991146525,0.05267817618415228,0.005312084993359893,0.02877379371403276,0.27667109340416113,0.05002213368747233,0.00619743249225321,0.017264276228419653
0.19929140832595216,0.005314437555358724,0.009300265721877768,0.2555358724534987,0.00841452612931798,0.04030115146147033,0.010186005314437556,0.01904340124003543,0.00841452612931798,0.05491585473870682,0.005314437555358724,0.030558015943312665,0.2812223206377325,0.050487156775907885,0.005314437555358724,0.016386182462356066
0.19391802556192156,0.0057293962097840455,0.009255178492728075,0.25738210665491407,0.00881445570736007,0.04098721903922433,0.010136624063464082,0.017188188629352136,0.008373732921992068,0.054649625385632436,0.005288673424416042,0.029528426619656236,0.2838254737769943,0.05156456588805641,0.004847950639048039,0.01851035698545615
0.19573901464713714,0.005326231691078562,0.010652463382157125,0.2596537949400799,0.00887705281846427,0.03905903240124279,0.010652463382157125,0.01908566355969818,0.009320905459387484,0.05326231691078562,0.005326231691078562,0.02663115845539281,0.28140257434531735,0.05326231691078562,0.004438526409232135,0.017310252996005325
0.20302087960906265,0.005775211017325633,0.009773434029320302,0.25366503776099514,0.009773434029320302,0.03909373611728121,0.010661928031985785,0.019991115059973346,0.010217681030653044,0.05330964015992892,0.00444247001332741,0.027099067081297203,0.27898711683696137,0.050644158151932475,0.00444247001332741,0.019102621057307864
0.20318725099601595,0.00619743249225321,0.008853474988933156,0.2580787959274015,0.01018149623727313,0.03939796370075255,0.009296148738379814,0.019034971226206288,0.01018149623727313,0.05223550243470562,0.005312084993359893,0.025675077467906152,0.2771137671536078,0.05002213368747233,0.005312084993359893,0.0199203187250996
0.19938515590689504,0.006587615283267457,0.00878348704435661,0.26130873956960915,0.010979358805445762,0.039525691699604744,0.00878348704435661,0.01668862538427756,0.00966183574879227,0.05357927097057532,0.004391743522178305,0.02766798418972332,0.27931488801054016,0.04787000439174352,0.006148440931049627,0.01932367149758454
0.20203359858532272,0.006631299734748011,0.008841732979664015,0.26171529619805484,0.010167992926613616,0.03713527851458886,0.008841732979664015,0.01856763925729443,0.008399646330680813,0.04995579133510168,0.003978779840848806,0.026967285587975242,0.28160919540229884,0.04951370468611848,0.007073386383731211,0.01856763925729443
0.2013215859030837,0.007929515418502203,0.008370044052863436,0.26255506607929513,0.01145374449339207,0.035682819383259914,0.007929515418502203,0.02026431718061674,0.010572687224669603,0.04977973568281938,0.004405286343612335,0.02643171806167401,0.28193832599118945,0.04713656387665198,0.006607929515418502,0.01762114537444934
0.19920844327176782,0.009234828496042216,0.0079155672823219,0.26077396657871593,0.010114335971855761,0.03605980650835532,0.006596306068601583,0.019349164467897976,0.010554089709762533,0.052330694810905895,0.0043975373790677225,0.028583992963940194,0.2832014072119613,0.047493403693931395,0.005716798592788039,0.018469656992084433
0.19859402460456943,0.01054481546572935,0.007908611599297012,0.26054481546572933,0.010105448154657293,0.038224956063268895,0.006590509666080844,0.019332161687170474,0.00922671353251318,0.05184534270650264,0.003954305799648506,0.03031634446397188,0.27943760984182775,0.048330404217926184,0.005272407732864675,0.01977152899824253
0.1900352733686067,0.011022927689594356,0.008818342151675485,0.25925925925925924,0.010582010582010581,0.03527336860670194,0.006613756613756613,0.021164021164021163,0.009259259259259259,0.05202821869488536,0.003968253968253968,0.031746031746031744,0.28527336860670194,0.04894179894179894,0.006613756613756613,0.019400352733686066
0.18992932862190812,0.011042402826855124,0.007950530035335688,0.2579505300353357,0.01060070671378092,0.0353356890459364,0.007067137809187279,0.021643109540636044,0.007508833922261484,0.05167844522968198,0.0035335689045936395,0.03136042402826855,0.29063604240282687,0.04991166077738516,0.005742049469964664,0.018109540636042403
0.1901813356921716,0.010614772224679346,0.006634232640424591,0.25917735515258733,0.011941618752764263,0.03759398496240601,0.006634232640424591,0.021229544449358692,0.006634232640424591,0.048651039363113664,0.003980539584254755,0.03272888102609465,0.28792569659442724,0.04953560371517028,0.007076514816452897,0.019460415745245468
0.19130048823790502,0.010652463382157125,0.007101642254771416,0.2623169107856192,0.01154016866400355,0.036395916555703504,0.005770084332001775,0.022636484687083888,0.006213936972924989,0.04704837993786063,0.0039946737683089215,0.032845095428317796,0.28539724811362627,0.04971149578339991,0.007545494895694629,0.019529516200621395
0.20185922974767595,0.010624169986719787,0.007082779991146525,0.2558654271801682,0.01195219123505976,0.035413899955732624,0.00619743249225321,0.02257636122177955,0.007082779991146525,0.04736609119079239,0.004426737494466578,0.035413899955732624,0.2810978308986277,0.04869411243913236,0.007082779991146525,0.017264276228419653
0.2013157894736842,0.009210526315789473,0.006578947368421052,0.25263157894736843,0.013596491228070176,0.038157894736842106,0.0061403508771929825,0.02368421052631579,0.007456140350877193,0.0456140350877193,0.0043859649122807015,0.03508771929824561,0.2850877192982456,0.04649122807017544,0.008333333333333333,0.016228070175438595
0.20362190812720848,0.011042402826855124,0.0066254416961130744,0.25485865724381623,0.012809187279151944,0.037102473498233215,0.006183745583038869,0.022084805653710248,0.0066254416961130744,0.04240282685512368,0.004858657243816254,0.03312720848056537,0.286660777385159,0.04549469964664311,0.009275618374558304,0.017226148409893994
0.20334507042253522,0.010123239436619719,0.007482394366197183,0.24691901408450703,0.011443661971830986,0.03829225352112676,0.006161971830985915,0.02112676056338028,0.006602112676056338,0.04445422535211268,0.006161971830985915,0.03433098591549296,0.28565140845070425,0.04841549295774648,0.010123239436619719,0.01936619718309859
0.20317320405464961,0.010136624063464082,0.007051564565888057,0.24504186866460997,0.011018069634200088,0.0379021595416483,0.006610841780520053,0.019391802556192154,0.007051564565888057,0.04451300132216836,0.005288673424416042,0.03261348611723226,0.2908770383428823,0.049801674746584396,0.008373732921992068,0.021154693697664168
0.20496894409937888,0.01064773735581189,0.00709849157054126,0.25377107364685003,0.011091393078970719,0.03637976929902396,0.006654835847382431,0.018633540372670808,0.0075421472937000885,0.04614019520851819,0.006211180124223602,0.031055900621118012,0.2821650399290151,0.048802129547471165,0.008873114463176575,0.019964507542147295
