C_R,C_A,C_S,C_N,D_R,D_A,D_S,D_N,Oc_R,Oc_A,Oc_S,Oc_N,Od_R,Od_A,Od_S,Od_N
0.0,0.0,1.0,0.0,0.0,0.0,0.0,0.0,0.0,0.0,0.0,0.0,0.0,0.0,0.0,0.0
0.0,0.0,0.5,0.0,0.5,0.0,0.0,0.0,0.0,0.0,0.0,0.0,0.0,0.0,0.0,0.0
0.0,0.0,0.3333333333333333,0.0,0.3333333333333333,0.0,0.0,0.0,0.0,0.3333333333333333,0.0,0.0,0.0,0.0,0.0,0.0
0.0,0.0,0.25,0.0,0.25,0.0,0.0,0.0,0.0,0.25,0.0,0.25,0.0,0.0,0.0,0.0
0.2,0.0,0.2,0.0,0.2,0.0,0.0,0.0,0.0,0.2,0.0,0.2,0.0,0.0,0.0,0.0
0.2857142857142857,0.0,0.14285714285714285,0.0,0.14285714285714285,0.0,0.0,0.0,0.0,0.14285714285714285,0.0,0.14285714285714285,0.0,0.0,0.0,0.14285714285714285
0.375,0.0,0.0,0.125,0.0,0.0,0.0,0.0,0.0,0.25,0.0,0.125,0.0,0.0,0.0,0.125
0.4444444444444444,0.0,0.0,0.0,0.0,0.0,0.0,0.0,0.0,0.3333333333333333,0.0,0.1111111111111111,0.0,0.0,0.0,0.1111111111111111
0.45454545454545453,0.0,0.0,0.0,0.0,0.0,0.0,0.0,0.0,0.2727272727272727,0.0,0.09090909090909091,0.0,0.0,0.09090909090909091,0.09090909090909091
0.46153846153846156,0.0,0.0,0.0,0.0,0.0,0.0,0.0,0.07692307692307693,0.23076923076923078,0.0,0.07692307692307693,0.0,0.0,0.07692307692307693,0.07692307692307693
0.5555555555555556,0.0,0.0,0.0,0.0,0.0,0.05555555555555555,0.0,0.05555555555555555,0.16666666666666666,0.0,0.05555555555555555,0.0,0.0,0.05555555555555555,0.05555555555555555
0.6666666666666666,0.0,0.0,0.08333333333333333,0.0,0.0,0.041666666666666664,0.0,0.041666666666666664,0.08333333333333333,0.0,0.041666666666666664,0.0,0.0,0.0,0.041666666666666664
0.7142857142857143,0.0,0.0,0.07142857142857142,0.0,0.03571428571428571,0.03571428571428571,0.0,0.0,0.07142857142857142,0.0,0.03571428571428571,0.0,0.0,0.0,0.03571428571428571
0.7777777777777778,0.0,0.0,0.08333333333333333,0.0,0.0,0.027777777777777776,0.0,0.027777777777777776,0.027777777777777776,0.0,0.027777777777777776,0.0,0.0,0.0,0.027777777777777776
0.8095238095238095,0.0,0.0,0.09523809523809523,0.0,0.0,0.023809523809523808,0.0,0.023809523809523808,0.0,0.023809523809523808,0.023809523809523808,0.0,0.0,0.0,0.0
0.7592592592592593,0.0,0.0,0.12962962962962962,0.0,0.0,0.018518518518518517,0.0,0.018518518518518517,0.018518518518518517,0.018518518518518517,0.018518518518518517,0.0,0.0,0.0,0.018518518518518517
0.7333333333333333,0.0,0.0,0.18333333333333332,0.0,0.0,0.0,0.0,0.016666666666666666,0.0,0.016666666666666666,0.03333333333333333,0.0,0.0,0.0,0.016666666666666666
0.7105263157894737,0.0,0.0,0.21052631578947367,0.013157894736842105,0.0,0.0,0.013157894736842105,0.0,0.0,0.013157894736842105,0.02631578947368421,0.0,0.0,0.0,0.013157894736842105
0.7666666666666667,0.0,0.0,0.18888888888888888,0.011111111111111112,0.0,0.011111111111111112,0.0,0.0,0.0,0.0,0.011111111111111112,0.0,0.0,0.0,0.011111111111111112
0.7596153846153846,0.0,0.0,0.18269230769230768,0.009615384615384616,0.009615384615384616,0.009615384615384616,0.0,0.0,0.0,0.0,0.009615384615384616,0.0,0.009615384615384616,0.0,0.009615384615384616
0.7333333333333333,0.0,0.0,0.21666666666666667,0.008333333333333333,0.008333333333333333,0.008333333333333333,0.0,0.0,0.0,0.0,0.008333333333333333,0.0,0.008333333333333333,0.0,0.008333333333333333
0.704225352112676,0.0,0.0,0.23943661971830985,0.007042253521126761,0.007042253521126761,0.0,0.0,0.0,0.007042253521126761,0.007042253521126761,0.007042253521126761,0.0,0.007042253521126761,0.007042253521126761,0.007042253521126761
0.6842105263157895,0.0,0.0,0.24561403508771928,0.011695906432748537,0.005847953216374269,0.0,0.0,0.0,0.017543859649122806,0.005847953216374269,0.005847953216374269,0.0,0.011695906432748537,0.005847953216374269,0.005847953216374269
0.6666666666666666,0.0,0.0,0.25252525252525254,0.010101010101010102,0.005050505050505051,0.0,0.005050505050505051,0.005050505050505051,0.025252525252525252,0.0,0.005050505050505051,0.0,0.015151515151515152,0.005050505050505051,0.005050505050505051
0.6150442477876106,0.0,0.0,0.26991150442477874,0.01327433628318584,0.022123893805309734,0.004424778761061947,0.004424778761061947,0.004424778761061947,0.02654867256637168,0.0,0.004424778761061947,0.008849557522123894,0.01327433628318584,0.004424778761061947,0.008849557522123894
0.6244897959183674,0.0,0.0,0.27755102040816326,0.004081632653061225,0.00816326530612245,0.00816326530612245,0.004081632653061225,0.0,0.02857142857142857,0.0,0.004081632653061225,0.012244897959183673,0.012244897959183673,0.012244897959183673,0.004081632653061225
0.6153846153846154,0.0,0.003663003663003663,0.27106227106227104,0.003663003663003663,0.003663003663003663,0.007326007326007326,0.003663003663003663,0.0,0.029304029304029304,0.003663003663003663,0.014652014652014652,0.014652014652014652,0.014652014652014652,0.01098901098901099,0.003663003663003663
0.6190476190476191,0.0,0.0031746031746031746,0.2698412698412698,0.0031746031746031746,0.006349206349206349,0.006349206349206349,0.0031746031746031746,0.0,0.02857142857142857,0.0031746031746031746,0.012698412698412698,0.022222222222222223,0.012698412698412698,0.006349206349206349,0.0031746031746031746
0.6129032258064516,0.002932551319648094,0.005865102639296188,0.2785923753665689,0.002932551319648094,0.002932551319648094,0.008797653958944282,0.0,0.0,0.017595307917888565,0.002932551319648094,0.011730205278592375,0.02346041055718475,0.01466275659824047,0.005865102639296188,0.008797653958944282
0.615,0.0025,0.005,0.265,0.0025,0.0025,0.0125,0.0025,0.0,0.0175,0.005,0.0125,0.03,0.0125,0.005,0.01
0.5900900900900901,0.0022522522522522522,0.0045045045045045045,0.2927927927927928,0.0045045045045045045,0.0045045045045045045,0.013513513513513514,0.0022522522522522522,0.0,0.015765765765765764,0.009009009009009009,0.01126126126126126,0.02927927927927928,0.01126126126126126,0.0022522522522522522,0.006756756756756757
0.5995850622406639,0.002074688796680498,0.004149377593360996,0.2925311203319502,0.004149377593360996,0.004149377593360996,0.012448132780082987,0.002074688796680498,0.0,0.014522821576763486,0.008298755186721992,0.01037344398340249,0.024896265560165973,0.006224066390041493,0.006224066390041493,0.008298755186721992
0.6044776119402985,0.0018656716417910447,0.0018656716417910447,0.291044776119403,0.005597014925373134,0.0018656716417910447,0.011194029850746268,0.0018656716417910447,0.0,0.014925373134328358,0.007462686567164179,0.009328358208955223,0.027985074626865673,0.005597014925373134,0.007462686567164179,0.007462686567164179
0.5975609756097561,0.0,0.0017421602787456446,0.2979094076655052,0.003484320557491289,0.0017421602787456446,0.010452961672473868,0.003484320557491289,0.0,0.0156794425087108,0.005226480836236934,0.008710801393728223,0.0313588850174216,0.005226480836236934,0.008710801393728223,0.008710801393728223
0.6056782334384858,0.0,0.00473186119873817,0.2870662460567823,0.00473186119873817,0.0015772870662460567,0.00946372239747634,0.006309148264984227,0.0,0.011041009463722398,0.00473186119873817,0.006309148264984227,0.03627760252365931,0.00473186119873817,0.006309148264984227,0.011041009463722398
0.6002928257686676,0.0,0.0029282576866764276,0.29282576866764276,0.005856515373352855,0.0029282576866764276,0.010248901903367497,0.005856515373352855,0.0,0.007320644216691069,0.005856515373352855,0.005856515373352855,0.03806734992679356,0.005856515373352855,0.004392386530014641,0.01171303074670571
0.595945945945946,0.0013513513513513514,0.002702702702702703,0.2851351351351351,0.005405405405405406,0.004054054054054054,0.00945945945945946,0.00945945945945946,0.0,0.012162162162162163,0.005405405405405406,0.006756756756756757,0.03783783783783784,0.005405405405405406,0.005405405405405406,0.013513513513513514
0.578544061302682,0.002554278416347382,0.0038314176245210726,0.28735632183908044,0.006385696040868455,0.0038314176245210726,0.010217113665389528,0.011494252873563218,0.0,0.011494252873563218,0.005108556832694764,0.007662835249042145,0.04725415070242656,0.005108556832694764,0.005108556832694764,0.0140485312899106
0.5892215568862276,0.004790419161676647,0.003592814371257485,0.28023952095808385,0.003592814371257485,0.005988023952095809,0.00718562874251497,0.009580838323353293,0.0011976047904191617,0.010778443113772455,0.005988023952095809,0.008383233532934131,0.04790419161676647,0.004790419161676647,0.005988023952095809,0.010778443113772455
0.5938189845474614,0.004415011037527594,0.0033112582781456954,0.2792494481236203,0.002207505518763797,0.005518763796909493,0.004415011037527594,0.008830022075055188,0.0011037527593818985,0.011037527593818985,0.005518763796909493,0.008830022075055188,0.04966887417218543,0.004415011037527594,0.005518763796909493,0.012141280353200883
0.6027542372881356,0.005296610169491525,0.00423728813559322,0.2722457627118644,0.00211864406779661,0.00423728813559322,0.00423728813559322,0.006355932203389831,0.00211864406779661,0.013771186440677966,0.005296610169491525,0.01059322033898305,0.04766949152542373,0.005296610169491525,0.00423728813559322,0.009533898305084746
0.6059701492537314,0.003980099502487562,0.001990049751243781,0.272636815920398,0.0029850746268656717,0.003980099502487562,0.003980099502487562,0.005970149253731343,0.0,0.012935323383084577,0.004975124378109453,0.007960199004975124,0.050746268656716415,0.005970149253731343,0.004975124378109453,0.010945273631840797
0.6140186915887851,0.003738317757009346,0.001869158878504673,0.2738317757009346,0.002803738317757009,0.005607476635514018,0.004672897196261682,0.005607476635514018,0.0,0.013084112149532711,0.004672897196261682,0.007476635514018692,0.04579439252336449,0.004672897196261682,0.003738317757009346,0.008411214953271028
0.6137992831541219,0.0035842293906810036,0.002688172043010753,0.27419354838709675,0.0017921146953405018,0.005376344086021506,0.004480286738351254,0.005376344086021506,0.0,0.011648745519713262,0.005376344086021506,0.00985663082437276,0.047491039426523295,0.0035842293906810036,0.002688172043010753,0.008064516129032258
0.6078925272879933,0.0033585222502099076,0.0025188916876574307,0.2770780856423174,0.0025188916876574307,0.008396305625524769,0.005037783375314861,0.005877413937867338,0.0008396305625524769,0.011754827875734676,0.005037783375314861,0.009235936188077247,0.04617968094038623,0.0033585222502099076,0.0025188916876574307,0.008396305625524769
0.6103174603174604,0.0031746031746031746,0.003968253968253968,0.2753968253968254,0.0015873015873015873,0.007142857142857143,0.004761904761904762,0.007142857142857143,0.0007936507936507937,0.012698412698412698,0.003968253968253968,0.011904761904761904,0.04285714285714286,0.0015873015873015873,0.002380952380952381,0.010317460317460317
0.6148036253776435,0.0030211480362537764,0.0030211480362537764,0.2673716012084592,0.0007552870090634441,0.006797583081570997,0.006042296072507553,0.008308157099697885,0.0007552870090634441,0.013595166163141994,0.0037764350453172208,0.012084592145015106,0.04229607250755287,0.0022658610271903325,0.0030211480362537764,0.012084592145015106
0.6236786469344608,0.0021141649048625794,0.0028188865398167725,0.26356589147286824,0.0007047216349541931,0.007751937984496124,0.005637773079633545,0.007751937984496124,0.0007047216349541931,0.012684989429175475,0.0035236081747709656,0.01127554615926709,0.0408738548273432,0.0021141649048625794,0.0035236081747709656,0.01127554615926709
0.6083106267029973,0.0034059945504087193,0.004087193460490463,0.2677111716621253,0.0020435967302452314,0.011580381471389645,0.005449591280653951,0.008855585831062671,0.0006811989100817438,0.01226158038147139,0.004768392370572207,0.011580381471389645,0.042915531335149866,0.0027247956403269754,0.0027247956403269754,0.010899182561307902
0.6147327249022164,0.001955671447196871,0.003911342894393742,0.26792698826597133,0.001955671447196871,0.009778357235984355,0.0045632333767926985,0.007822685788787484,0.002607561929595828,0.012385919165580182,0.003911342894393742,0.01108213820078227,0.0423728813559322,0.0045632333767926985,0.001955671447196871,0.00847457627118644
0.620261031696706,0.002486016159105034,0.0037290242386575512,0.2604101926662523,0.0018645121193287756,0.009322560596643879,0.00435052827843381,0.010565568676196395,0.002486016159105034,0.012430080795525171,0.004972032318210068,0.011187072715972654,0.041019266625233065,0.00435052827843381,0.0037290242386575512,0.006836544437538844
0.6193586698337292,0.0029691211401425177,0.0035629453681710215,0.2684085510688836,0.0017814726840855108,0.010095011876484561,0.004156769596199525,0.010095011876484561,0.0023752969121140144,0.010095011876484561,0.0035629453681710215,0.011876484560570071,0.03978622327790974,0.0035629453681710215,0.0035629453681710215,0.004750593824228029
0.6244212962962963,0.0028935185185185184,0.003472222222222222,0.27314814814814814,0.001736111111111111,0.009837962962962963,0.004050925925925926,0.009837962962962963,0.001736111111111111,0.009259259259259259,0.003472222222222222,0.009837962962962963,0.03587962962962963,0.003472222222222222,0.003472222222222222,0.003472222222222222
0.6174496644295302,0.002796420581655481,0.002796420581655481,0.2779642058165548,0.0016778523489932886,0.01174496644295302,0.003355704697986577,0.007829977628635347,0.0022371364653243847,0.008948545861297539,0.002796420581655481,0.009507829977628635,0.03970917225950783,0.0044742729306487695,0.003355704697986577,0.003355704697986577
0.6209634727368978,0.0021175224986765486,0.0031762837480148226,0.27421916357861303,0.0010587612493382743,0.013234515616728428,0.0031762837480148226,0.008470089994706194,0.0026469031233456856,0.008999470619375331,0.0026469031233456856,0.01111699311805188,0.03811540497617787,0.004764425622022234,0.0021175224986765486,0.0031762837480148226
0.6212198872373142,0.0020502306509482316,0.005125576627370579,0.27575602255253717,0.0015376729882111738,0.012813941568426449,0.0035879036391594054,0.008200922603792926,0.0015376729882111738,0.008200922603792926,0.0015376729882111738,0.010763710917478216,0.036391594054331115,0.0046130189646335215,0.0025627883136852894,0.004100461301896463
0.6170318725099602,0.00249003984063745,0.0049800796812749,0.28386454183266935,0.00199203187250996,0.01245019920318725,0.00298804780876494,0.00846613545816733,0.00199203187250996,0.00846613545816733,0.00249003984063745,0.0099601593625498,0.03137450199203187,0.005478087649402391,0.00249003984063745,0.0034860557768924302
0.616205725376031,0.0038816108685104317,0.005822416302765648,0.2814167879670063,0.0024260067928190197,0.011644832605531296,0.002911208151382824,0.008733624454148471,0.003396409509946628,0.008733624454148471,0.003396409509946628,0.008248423095584668,0.032508491023774864,0.0048520135856380394,0.0024260067928190197,0.003396409509946628
0.6056470588235294,0.0032941176470588237,0.0051764705882352945,0.2851764705882353,0.0037647058823529413,0.010823529411764706,0.002823529411764706,0.010352941176470589,0.0032941176470588237,0.010823529411764706,0.0032941176470588237,0.00988235294117647,0.03247058823529412,0.006588235294117647,0.0032941176470588237,0.0032941176470588237
0.6065727699530516,0.004694835680751174,0.004694835680751174,0.284037558685446,0.004225352112676056,0.0107981220657277,0.004225352112676056,0.009389671361502348,0.003755868544600939,0.0107981220657277,0.0028169014084507044,0.010328638497652582,0.03145539906103286,0.006572769953051643,0.0028169014084507044,0.0028169014084507044
0.6139066788655078,0.005032021957913998,0.004574565416285453,0.2767612076852699,0.004117108874656907,0.010064043915827997,0.005032021957913998,0.009149130832570906,0.004117108874656907,0.010978956999085087,0.0022872827081427266,0.010064043915827997,0.032479414455626715,0.006404391582799634,0.0022872827081427266,0.0027447392497712718
0.6150022593764121,0.004970628106642567,0.004066877541798464,0.27519204699502936,0.0036150022593764122,0.009941256213285133,0.004970628106642567,0.009489380930863081,0.004518752824220515,0.010393131495707185,0.0027112516945323093,0.00903750564844103,0.033438770899231814,0.00587437867148667,0.0036150022593764122,0.0031631269769543608
0.605979473449353,0.00535475234270415,0.00535475234270415,0.2744310575635877,0.004016064257028112,0.010263275323516287,0.00535475234270415,0.009817045961624275,0.005800981704596163,0.012048192771084338,0.004016064257028112,0.008478357875948238,0.03480589022757698,0.006247211066488175,0.0035698348951361,0.004462293618920125
0.6035398230088496,0.005752212389380531,0.005309734513274336,0.2752212389380531,0.005309734513274336,0.010176991150442478,0.006194690265486726,0.008849557522123894,0.005752212389380531,0.012389380530973451,0.004424778761061947,0.007964601769911504,0.034955752212389384,0.005752212389380531,0.004424778761061947,0.003982300884955752
0.6064690026954178,0.006289308176100629,0.004941599281221923,0.27088948787061995,0.006289308176100629,0.012129380053908356,0.005390835579514825,0.0076370170709793355,0.004941599281221923,0.012129380053908356,0.004492362982929021,0.0076370170709793355,0.034141958670260555,0.0071877807726864335,0.004043126684636119,0.005390835579514825
0.6012405848471423,0.00664599025254763,0.004873726185201595,0.2724856003544528,0.007089056269384138,0.011519716437749225,0.0057598582188746125,0.007089056269384138,0.006202924235711121,0.01284891448825875,0.004873726185201595,0.008861320336730172,0.033673017279574655,0.007089056269384138,0.004873726185201595,0.004873726185201595
0.6022371364653244,0.004921700223713647,0.006711409395973154,0.2702460850111857,0.006711409395973154,0.011185682326621925,0.005369127516778523,0.008053691275167786,0.0071588366890380315,0.013422818791946308,0.0044742729306487695,0.008948545861297539,0.03445190156599553,0.007606263982102908,0.0044742729306487695,0.004026845637583893
0.6044444444444445,0.004,0.0057777777777777775,0.26622222222222225,0.006666666666666667,0.009777777777777778,0.005333333333333333,0.008,0.007555555555555556,0.013777777777777778,0.004888888888888889,0.008444444444444444,0.03866666666666667,0.006666666666666667,0.004,0.0057777777777777775
0.609982332155477,0.0035335689045936395,0.006183745583038869,0.26325088339222613,0.007508833922261484,0.010159010600706713,0.005742049469964664,0.007508833922261484,0.0088339222614841,0.013692579505300354,0.00441696113074205,0.007508833922261484,0.0353356890459364,0.006183745583038869,0.003975265017667844,0.006183745583038869
0.614089499335401,0.004430660168365086,0.006202924235711121,0.25875055383252105,0.008418254319893664,0.008861320336730172,0.00664599025254763,0.006202924235711121,0.008861320336730172,0.011962782454585734,0.005316792202038104,0.007089056269384138,0.03544528134692069,0.005316792202038104,0.005316792202038104,0.007089056269384138
0.6068111455108359,0.004865103936311367,0.006191950464396285,0.25785050862450243,0.008403361344537815,0.008845643520566122,0.006191950464396285,0.007076514816452897,0.010172490048651039,0.011057054400707651,0.005307386112339673,0.009287925696594427,0.0367094206103494,0.006634232640424591,0.005307386112339673,0.009287925696594427
0.6026607538802661,0.005321507760532151,0.00753880266075388,0.25631929046563195,0.00753880266075388,0.008869179600886918,0.005764966740576497,0.00753880266075388,0.010643015521064302,0.011086474501108648,0.005764966740576497,0.00975609756097561,0.03902439024390244,0.00753880266075388,0.006208425720620843,0.008425720620842573
0.6034635879218473,0.005772646536412078,0.007104795737122558,0.2531083481349911,0.008880994671403197,0.009325044404973356,0.0053285968028419185,0.008880994671403197,0.010657193605683837,0.011101243339253997,0.004884547069271759,0.010213143872113677,0.038632326820603906,0.009325044404973356,0.005772646536412078,0.007548845470692718
0.6003568242640499,0.0044603033006244425,0.006690454950936664,0.25735950044603034,0.00847457627118644,0.009812667261373774,0.005798394290811775,0.008028545941123996,0.011150758251561105,0.012042818911685994,0.0053523639607493305,0.009812667261373774,0.0352363960749331,0.010258697591436218,0.007136485280999108,0.008028545941123996
0.5978211529732184,0.0040853381752156154,0.005901044030866999,0.25011348161597824,0.009986382206082615,0.009986382206082615,0.005901044030866999,0.008624602814344077,0.011348161597821153,0.015887426236949616,0.004993191103041307,0.009986382206082615,0.03949160236041761,0.009986382206082615,0.006354970494779845,0.009532455742169769
0.5930543187889582,0.003561887800534283,0.00578806767586821,0.25066785396260016,0.009349955476402494,0.009349955476402494,0.006233303650934996,0.01068566340160285,0.012021371326803205,0.015583259127337488,0.00578806767586821,0.01068566340160285,0.04007123775601069,0.009795191451469279,0.006678539626001781,0.01068566340160285
0.5941573033707865,0.004044943820224719,0.005842696629213483,0.24808988764044942,0.00943820224719101,0.00943820224719101,0.005842696629213483,0.012134831460674157,0.012584269662921348,0.015730337078651686,0.005393258426966292,0.011235955056179775,0.038651685393258424,0.011235955056179775,0.006741573033707865,0.00943820224719101
0.5940460081190798,0.0045105999097880016,0.005863779882724403,0.2489851150202977,0.009472259810554804,0.009923319801533603,0.005863779882724403,0.011727559765448805,0.011727559765448805,0.013982859720342805,0.005412719891745603,0.010374379792512404,0.040144339197113216,0.011727559765448805,0.006314839873703203,0.009923319801533603
0.5847533632286995,0.0053811659192825115,0.004932735426008968,0.2533632286995516,0.008520179372197309,0.01031390134529148,0.005829596412556054,0.01210762331838565,0.010762331838565023,0.014349775784753363,0.006278026905829596,0.010762331838565023,0.042600896860986545,0.012556053811659192,0.006278026905829596,0.011210762331838564
0.5771632471008028,0.004906333630686887,0.005798394290811775,0.2582515611061552,0.008920606601248885,0.012042818911685994,0.0053523639607493305,0.012488849241748439,0.011150758251561105,0.012934879571810883,0.005798394290811775,0.011150758251561105,0.045495093666369314,0.013380909901873328,0.003568242640499554,0.01159678858162355
0.5842245989304813,0.004456327985739751,0.0066844919786096255,0.2535650623885918,0.008467023172905526,0.012032085561497326,0.006238859180035651,0.012032085561497326,0.010249554367201427,0.012923351158645277,0.0053475935828877,0.008467023172905526,0.04634581105169341,0.013368983957219251,0.004456327985739751,0.011140819964349376
0.585676625659051,0.0057117750439367315,0.006590509666080844,0.2469244288224956,0.007908611599297012,0.013181019332161687,0.007029876977152899,0.011862917398945518,0.010984182776801407,0.012302284710017574,0.006151142355008787,0.00922671353251318,0.046133567662565905,0.013181019332161687,0.0048330404217926184,0.012302284710017574
0.5841758241758241,0.005714285714285714,0.007912087912087912,0.250989010989011,0.006593406593406593,0.014945054945054945,0.005274725274725275,0.013626373626373627,0.01010989010989011,0.011868131868131869,0.006593406593406593,0.01010989010989011,0.04659340659340659,0.012747252747252748,0.004395604395604396,0.008351648351648353
0.581343943412909,0.00618921308576481,0.008399646330680813,0.251105216622458,0.00618921308576481,0.013262599469496022,0.005747126436781609,0.014146772767462422,0.011052166224580018,0.011936339522546418,0.006631299734748011,0.010167992926613616,0.046419098143236075,0.014146772767462422,0.003978779840848806,0.009283819628647215
0.5868691380080393,0.006699419383653417,0.0080393032603841,0.24609200535953552,0.006252791424743189,0.012505582849486378,0.0080393032603841,0.012952210808396605,0.01027244305493524,0.012505582849486378,0.005806163465832961,0.011612326931665922,0.04644930772666369,0.013845466726217061,0.00401965163019205,0.0080393032603841
0.5905017921146953,0.007168458781362007,0.009408602150537635,0.2446236559139785,0.005376344086021506,0.012992831541218637,0.007168458781362007,0.013440860215053764,0.008512544802867384,0.012544802867383513,0.005824372759856631,0.010752688172043012,0.04614695340501792,0.012992831541218637,0.004480286738351254,0.008064516129032258
0.5907678650687972,0.006657789613848202,0.009320905459387484,0.24101198402130491,0.007101642254771416,0.013315579227696404,0.007101642254771416,0.015534842432312472,0.007545494895694629,0.01287172658677319,0.005326231691078562,0.010208610741233911,0.047936085219707054,0.013315579227696404,0.0039946737683089215,0.007989347536617843
0.5966162065894924,0.00578806767586821,0.010240427426536063,0.23909171861086376,0.007123775601068566,0.011130899376669634,0.007569011576135352,0.015138023152270703,0.006678539626001781,0.012911843276936777,0.004007123775601068,0.009795191451469279,0.05031166518254675,0.013357079252003561,0.003116651825467498,0.007123775601068566
0.5953446732318711,0.005819158460161146,0.009400179051029543,0.24082363473589974,0.006714413607878245,0.009400179051029543,0.006714413607878245,0.01432408236347359,0.005371530886302597,0.01432408236347359,0.004923903312444047,0.009400179051029543,0.050581915846016116,0.01477170993733214,0.0040286481647269475,0.008057296329453895
0.5968099246787771,0.0057598582188746125,0.007975188303057155,0.2405848471422242,0.006202924235711121,0.00930438635356668,0.007089056269384138,0.016836508639787327,0.003987594151528578,0.01329198050509526,0.003987594151528578,0.00974745237040319,0.05316792202038104,0.014178112538768276,0.003987594151528578,0.007089056269384138
0.5916370106761566,0.005338078291814947,0.008451957295373666,0.24243772241992884,0.005338078291814947,0.008896797153024912,0.008451957295373666,0.017348754448398576,0.004448398576512456,0.014234875444839857,0.004448398576512456,0.008451957295373666,0.05382562277580071,0.01601423487544484,0.00400355871886121,0.0066725978647686835
0.588706091596265,0.005335704757670075,0.009337483325922631,0.24855491329479767,0.006224988883948421,0.008003557136505114,0.009337483325922631,0.015562472209871054,0.004446420631391729,0.012894619831036016,0.004001778568252557,0.008448199199644287,0.053357047576700754,0.01511783014673188,0.004891062694530902,0.005780346820809248
0.5947136563876652,0.0052863436123348016,0.009251101321585903,0.2444933920704846,0.004845814977973568,0.008370044052863436,0.00881057268722467,0.014977973568281937,0.0052863436123348016,0.013215859030837005,0.003964757709251102,0.007929515418502203,0.051541850220264314,0.015859030837004406,0.004405286343612335,0.007048458149779736
0.5879218472468917,0.004884547069271759,0.008880994671403197,0.2464476021314387,0.004884547069271759,0.010213143872113677,0.008436944937833037,0.015985790408525755,0.006216696269982238,0.012877442273534635,0.003996447602131439,0.006216696269982238,0.0541740674955595,0.016429840142095916,0.004884547069271759,0.007548845470692718
0.5870624723083739,0.005316792202038104,0.008861320336730172,0.2419140451927337,0.003987594151528578,0.010633584404076208,0.008418254319893664,0.01595037660611431,0.006202924235711121,0.011962782454585734,0.003987594151528578,0.008418254319893664,0.05848471422241914,0.01595037660611431,0.004430660168365086,0.008418254319893664
0.586329338659565,0.004438526409232135,0.00887705281846427,0.2401242787394585,0.006213936972924989,0.010652463382157125,0.007989347536617843,0.014203284509542832,0.005326231691078562,0.011984021304926764,0.004438526409232135,0.010652463382157125,0.06125166444740346,0.016422547714158898,0.004438526409232135,0.006657789613848202
0.5944986690328306,0.003992901508429458,0.0075421472937000885,0.23513753327417924,0.006211180124223602,0.01064773735581189,0.0075421472937000885,0.015084294587400177,0.005767524401064774,0.013753327417923691,0.0048802129547471165,0.008429458740017746,0.059006211180124224,0.015527950310559006,0.005323868677905945,0.006654835847382431
0.5814159292035398,0.005309734513274336,0.00752212389380531,0.2398230088495575,0.005309734513274336,0.011061946902654867,0.007079646017699115,0.01592920353982301,0.005752212389380531,0.014601769911504425,0.0048672566371681415,0.009292035398230088,0.06327433628318584,0.01592920353982301,0.006194690265486726,0.00663716814159292
0.5829977628635347,0.0071588366890380315,0.007606263982102908,0.232662192393736,0.005369127516778523,0.010738255033557046,0.007606263982102908,0.01476510067114094,0.0071588366890380315,0.014317673378076063,0.004921700223713647,0.009395973154362415,0.06308724832214765,0.016554809843400447,0.0071588366890380315,0.008501118568232663
0.5770925110132159,0.007929515418502203,0.006607929515418502,0.23524229074889869,0.004845814977973568,0.00881057268722467,0.009251101321585903,0.014537444933920705,0.007929515418502203,0.015418502202643172,0.0052863436123348016,0.011013215859030838,0.06431718061674009,0.015418502202643172,0.007048458149779736,0.009251101321585903
0.5739830129637908,0.008940545373267769,0.006258381761287439,0.23558337058560572,0.0049172999552972736,0.008940545373267769,0.0116227089852481,0.016540008940545373,0.007599463567277604,0.016092981671881983,0.006258381761287439,0.0116227089852481,0.06437192668752793,0.012963790791238265,0.006258381761287439,0.008046490835940992
0.573549257759784,0.007647323436797121,0.005847953216374269,0.23436797121007646,0.00449842555105713,0.0103463787674314,0.011246063877642825,0.015294646873594242,0.008547008547008548,0.013945119208277103,0.005847953216374269,0.01349527665317139,0.06747638326585695,0.012595591542959963,0.006297795771479982,0.00899685110211426
0.5781179648806843,0.00810445745159838,0.00675371454299865,0.2264745610085547,0.004502476361999099,0.00945520036019811,0.00945520036019811,0.01620891490319676,0.00810445745159838,0.01530841963079694,0.00585321927059883,0.013057181449797388,0.06933813597478614,0.012606933813597478,0.00675371454299865,0.00990544799639802
0.5775330396475771,0.007488986784140969,0.007048458149779736,0.22422907488986785,0.0052863436123348016,0.011013215859030838,0.00881057268722467,0.016740088105726872,0.007488986784140969,0.015859030837004406,0.005726872246696035,0.011894273127753305,0.07048458149779736,0.013215859030837005,0.007929515418502203,0.009251101321585903
0.5713652482269503,0.009308510638297872,0.0070921985815602835,0.2247340425531915,0.004432624113475178,0.010195035460992909,0.007978723404255319,0.018617021276595744,0.007535460992907801,0.016843971631205674,0.0070921985815602835,0.010638297872340425,0.07180851063829788,0.012854609929078014,0.008865248226950355,0.010638297872340425
0.5609215773150199,0.00930438635356668,0.007975188303057155,0.22817899867080194,0.004430660168365086,0.00930438635356668,0.007975188303057155,0.0203810367744794,0.007089056269384138,0.016836508639787327,0.007532122286220647,0.01329198050509526,0.07133362871067789,0.014621178555604785,0.008418254319893664,0.012405848471422242
0.5592691622103387,0.008912655971479501,0.008467023172905526,0.22994652406417113,0.0053475935828877,0.008912655971479501,0.008021390374331552,0.0196078431372549,0.007575757575757576,0.015597147950089126,0.0071301247771836,0.011140819964349376,0.07531194295900179,0.013368983957219251,0.008467023172905526,0.012923351158645277
0.5609536662168241,0.008547008547008548,0.007197480881691408,0.2276203328834908,0.004948268106162843,0.008547008547008548,0.007197480881691408,0.018443544759334234,0.008547008547008548,0.015744489428699954,0.007647323436797121,0.011695906432748537,0.07692307692307693,0.014394961763382817,0.008097165991902834,0.01349527665317139
0.568733153638814,0.008535489667565139,0.0071877807726864335,0.2223719676549865,0.005390835579514825,0.008535489667565139,0.0076370170709793355,0.017969451931716084,0.0071877807726864335,0.014824797843665768,0.0071877807726864335,0.011230907457322551,0.07861635220125786,0.013477088948787063,0.008086253369272238,0.01302785265049416
0.5679676985195155,0.00762673844773441,0.006280843427545985,0.21848362494392104,0.006280843427545985,0.008524001794526694,0.007178106774338268,0.01704800358905339,0.006729475100942127,0.01570210856886496,0.00762673844773441,0.010767160161507403,0.08209959623149395,0.014804845222072678,0.008075370121130552,0.014804845222072678
0.5672175078159892,0.007592675301473872,0.007146047342563644,0.2108083966056275,0.005806163465832961,0.01027244305493524,0.006699419383653417,0.019205002233139794,0.007592675301473872,0.016971862438588656,0.007146047342563644,0.011165698972755694,0.08351942831621259,0.01563197856185797,0.006699419383653417,0.01652523447967843
0.5600714604734256,0.009379187137114784,0.007592675301473872,0.21348816435908888,0.006699419383653417,0.00982581509602501,0.005806163465832961,0.017418490397498883,0.009379187137114784,0.01831174631531934,0.007592675301473872,0.01027244305493524,0.08485931219294328,0.01563197856185797,0.007592675301473872,0.0160786065207682
0.5595716198125836,0.008478357875948238,0.006693440428380187,0.213743864346274,0.008032128514056224,0.010263275323516287,0.00535475234270415,0.01740294511378849,0.00892458723784025,0.0178491744756805,0.0071396697902722,0.010263275323516287,0.08433734939759036,0.01651048639000446,0.008032128514056224,0.01740294511378849
0.555506018724922,0.00980829246544806,0.007133303611234953,0.21578243423985732,0.008024966562639322,0.01069995541685243,0.004458314757021846,0.01560410164957646,0.00980829246544806,0.017387427552385197,0.007579135086937138,0.012037449843958983,0.08604547481052162,0.01560410164957646,0.008024966562639322,0.01649576460098083
0.5485157288435977,0.011519716437749225,0.007089056269384138,0.2153300841825432,0.007532122286220647,0.011076650420912717,0.004430660168365086,0.013735046521931768,0.00930438635356668,0.01993797075764289,0.007089056269384138,0.01284891448825875,0.0921577315019938,0.015064244572441293,0.007975188303057155,0.01639344262295082
0.5491329479768786,0.01200533570475767,0.006669630947087594,0.2120942641173855,0.00755891507336594,0.011560693641618497,0.004446420631391729,0.013783903957314362,0.010226767452200978,0.020453534904401955,0.00755891507336594,0.012449977767896843,0.09159626500666963,0.01511783014673188,0.00755891507336594,0.017785682525566917
0.5511111111111111,0.010666666666666666,0.008,0.2111111111111111,0.0071111111111111115,0.012888888888888889,0.0035555555555555557,0.012,0.009333333333333334,0.021777777777777778,0.0071111111111111115,0.012888888888888889,0.08888888888888889,0.016888888888888887,0.008444444444444444,0.018222222222222223
0.5501342882721576,0.010743061772605193,0.008504923903312443,0.2126230975828111,0.007609668755595345,0.01342882721575649,0.005819158460161146,0.010295434198746643,0.008057296329453895,0.020590868397493287,0.006714413607878245,0.011190689346463742,0.09086839749328558,0.01611459265890779,0.007162041181736795,0.020143240823634737
0.5437109723461195,0.00847457627118644,0.00936663693131133,0.211864406779661,0.007582515611061552,0.010704727921498661,0.006244424620874219,0.009812667261373774,0.00847457627118644,0.020517395182872437,0.007136485280999108,0.010258697591436218,0.10124888492417485,0.015611061552185548,0.00847457627118644,0.020517395182872437
0.5430346051464063,0.0075421472937000885,0.009760425909494233,0.2178349600709849,0.0075421472937000885,0.009760425909494233,0.00709849157054126,0.009760425909494233,0.0075421472937000885,0.019520851818988466,0.00709849157054126,0.009760425909494233,0.09804791481810116,0.016415261756876662,0.009316770186335404,0.019964507542147295
0.5422597864768683,0.00800711743772242,0.010231316725978648,0.2197508896797153,0.007562277580071174,0.009341637010676156,0.0071174377224199285,0.009341637010676156,0.0071174377224199285,0.019572953736654804,0.0071174377224199285,0.008451957295373666,0.09741992882562278,0.017348754448398576,0.008896797153024912,0.020462633451957295
0.5452115812917595,0.0071269487750556795,0.008908685968819599,0.221826280623608,0.0071269487750556795,0.0071269487750556795,0.0066815144766146995,0.008463251670378619,0.005790645879732739,0.021380846325167038,0.0071269487750556795,0.009354120267260579,0.09844097995545657,0.015590200445434299,0.010244988864142539,0.019599109131403118
0.5514935354436024,0.007133303611234953,0.009362460989745877,0.22202407489968792,0.005349977708426215,0.006687472135532769,0.005349977708426215,0.008470798038341507,0.006241640659830584,0.020954079358002677,0.007133303611234953,0.008470798038341507,0.09674543022737406,0.016049933125278644,0.00980829246544806,0.018724921979491754
0.549183943537715,0.007940008822232024,0.009704455227172474,0.22055580061755625,0.005734450816056462,0.008381120423467137,0.004411116012351125,0.009704455227172474,0.005734450816056462,0.018967798853109837,0.007498897220996913,0.0105866784296427,0.09836788707543008,0.014997794441993825,0.010145566828407587,0.01808557565063961
0.5466666666666666,0.008444444444444444,0.009777777777777778,0.22,0.004888888888888889,0.008,0.0044444444444444444,0.010666666666666666,0.007555555555555556,0.019555555555555555,0.008444444444444444,0.011555555555555555,0.09777777777777778,0.012888888888888889,0.010666666666666666,0.018666666666666668
0.5479573712255773,0.007992895204262877,0.008880994671403197,0.22158081705150978,0.003552397868561279,0.008880994671403197,0.003996447602131439,0.011101243339253997,0.008436944937833037,0.019094138543516874,0.008436944937833037,0.011989342806394316,0.09724689165186501,0.011989342806394316,0.010213143872113677,0.018650088809946713
0.5503772747447847,0.006213936972924989,0.00887705281846427,0.21881935197514424,0.004438526409232135,0.00887705281846427,0.0039946737683089215,0.011984021304926764,0.00887705281846427,0.017310252996005325,0.007545494895694629,0.013315579227696404,0.0985352862849534,0.014647137150466045,0.010208610741233911,0.015978695073235686
0.554806828391734,0.006289308176100629,0.0076370170709793355,0.22147349505840072,0.004941599281221923,0.009433962264150943,0.0035938903863432167,0.011680143755615454,0.008086253369272238,0.016621743036837375,0.0071877807726864335,0.012578616352201259,0.09748427672955975,0.013477088948787063,0.009883198562443846,0.014824797843665768
0.5457825890843482,0.005863779882724403,0.007216959855660803,0.22417681551646368,0.005412719891745603,0.011276499774470004,0.0036084799278304014,0.012178619756427604,0.006765899864682003,0.01849345963013081,0.005863779882724403,0.012178619756427604,0.10329273793414524,0.012629679747406405,0.009923319801533603,0.015336039693279206
0.5518634934889987,0.00449034575662326,0.007184553210597216,0.21823080377189044,0.006286484059272564,0.01122586439155815,0.004041311180960934,0.01347103726986978,0.00673551863493489,0.01706331387516839,0.005388414907947912,0.01122586439155815,0.10417602155365963,0.013022002694207453,0.008531656937584195,0.01706331387516839
0.5478105451295799,0.004021447721179625,0.007596067917783735,0.2193923145665773,0.006255585344057194,0.011170688114387846,0.004468275245755138,0.01385165326184093,0.006255585344057194,0.01653261840929401,0.006255585344057194,0.010277033065236819,0.10723860589812333,0.012957998212689902,0.00804289544235925,0.017873100983020553
0.543138131426017,0.002682163611980331,0.007599463567277604,0.22172552525704067,0.006258381761287439,0.011175681716584712,0.003576218149307108,0.014751899865891819,0.006258381761287439,0.018775145283862316,0.005364327223960662,0.007599463567277604,0.11086276262852034,0.015198927134555208,0.007152436298614216,0.017881090746535537
0.5442812639074321,0.0026702269692923898,0.0075656430796617715,0.22563417890520696,0.006675567423230975,0.011570983533600357,0.003115264797507788,0.015131286159323543,0.0053404539385847796,0.017356475300400534,0.004450378282153983,0.0075656430796617715,0.10992434356920339,0.01335113484646195,0.007120605251446373,0.01824655095683133
0.54181654676259,0.0044964028776978415,0.007194244604316547,0.2302158273381295,0.007643884892086331,0.012140287769784174,0.003147482014388489,0.01618705035971223,0.0049460431654676255,0.016636690647482015,0.0049460431654676255,0.007643884892086331,0.10746402877697842,0.013039568345323741,0.005845323741007194,0.016636690647482015
0.5414808206958073,0.004014272970561998,0.008028545941123996,0.22524531668153436,0.007136485280999108,0.01159678858162355,0.0031222123104371097,0.015611061552185548,0.0044603033006244425,0.016057091882247992,0.005798394290811775,0.007582515611061552,0.11239964317573595,0.012934879571810883,0.005798394290811775,0.01873327386262266
