C_R,C_A,C_S,C_N,D_R,D_A,D_S,D_N,Oc_R,Oc_A,Oc_S,Oc_N,Od_R,Od_A,Od_S,Od_N
0.0,0.0,0.0,0.0,0.0,0.0,0.0,0.0,0.0,0.0,1.0,0.0,0.0,0.0,0.0,0.0
0.0,0.0,0.0,0.0,0.0,0.0,0.0,0.0,0.0,0.0,1.0,0.0,0.0,0.0,0.0,0.0
0.0,0.0,0.0,0.6666666666666666,0.0,0.0,0.0,0.0,0.0,0.0,0.3333333333333333,0.0,0.0,0.0,0.0,0.0
0.25,0.0,0.0,0.5,0.0,0.0,0.0,0.0,0.0,0.0,0.25,0.0,0.0,0.0,0.0,0.0
0.0,0.0,0.0,0.5,0.0,0.25,0.0,0.0,0.0,0.0,0.25,0.0,0.0,0.0,0.0,0.0
0.0,0.0,0.0,0.0,0.0,0.25,0.0,0.0,0.0,0.25,0.25,0.25,0.0,0.0,0.0,0.0
0.0,0.2,0.0,0.0,0.0,0.2,0.0,0.0,0.0,0.2,0.2,0.2,0.0,0.0,0.0,0.0
0.16666666666666666,0.16666666666666666,0.0,0.0,0.0,0.16666666666666666,0.0,0.0,0.0,0.16666666666666666,0.16666666666666666,0.16666666666666666,0.0,0.0,0.0,0.0
0.14285714285714285,0.14285714285714285,0.0,0.0,0.0,0.14285714285714285,0.14285714285714285,0.0,0.0,0.14285714285714285,0.14285714285714285,0.14285714285714285,0.0,0.0,0.0,0.0
0.25,0.125,0.0,0.0,0.0,0.125,0.125,0.0,0.0,0.125,0.125,0.125,0.0,0.0,0.0,0.0
0.125,0.125,0.0,0.0,0.0,0.125,0.125,0.0,0.0,0.125,0.125,0.125,0.0,0.125,0.0,0.0
0.1111111111111111,0.1111111111111111,0.0,0.0,0.0,0.1111111111111111,0.1111111111111111,0.0,0.0,0.1111111111111111,0.1111111111111111,0.1111111111111111,0.0,0.2222222222222222,0.0,0.0
0.18181818181818182,0.09090909090909091,0.0,0.0,0.0,0.09090909090909091,0.09090909090909091,0.0,0.0,0.09090909090909091,0.09090909090909091,0.09090909090909091,0.0,0.18181818181818182,0.0,0.09090909090909091
0.09090909090909091,0.09090909090909091,0.0,0.18181818181818182,0.0,0.0,0.09090909090909091,0.0,0.0,0.09090909090909091,0.09090909090909091,0.09090909090909091,0.0,0.18181818181818182,0.0,0.09090909090909091
0.07692307692307693,0.07692307692307693,0.0,0.23076923076923078,0.0,0.0,0.07692307692307693,0.0,0.07692307692307693,0.07692307692307693,0.07692307692307693,0.0,0.0,0.23076923076923078,0.0,0.07692307692307693
0.08333333333333333,0.08333333333333333,0.0,0.3333333333333333,0.0,0.0,0.08333333333333333,0.0,0.0,0.0,0.08333333333333333,0.0,0.0,0.25,0.0,0.08333333333333333
0.0,0.07692307692307693,0.0,0.46153846153846156,0.07692307692307693,0.0,0.07692307692307693,0.0,0.0,0.0,0.07692307692307693,0.0,0.0,0.15384615384615385,0.0,0.07692307692307693
0.0,0.0625,0.0,0.5625,0.0625,0.0,0.0625,0.0,0.0,0.0,0.0625,0.0,0.0,0.125,0.0,0.0625
0.0,0.05263157894736842,0.0,0.5789473684210527,0.05263157894736842,0.0,0.05263157894736842,0.0,0.0,0.0,0.10526315789473684,0.0,0.0,0.10526315789473684,0.0,0.05263157894736842
0.0,0.047619047619047616,0.0,0.6666666666666666,0.047619047619047616,0.0,0.047619047619047616,0.0,0.0,0.0,0.047619047619047616,0.0,0.0,0.09523809523809523,0.0,0.047619047619047616
0.0,0.047619047619047616,0.0,0.6190476190476191,0.09523809523809523,0.047619047619047616,0.047619047619047616,0.0,0.0,0.0,0.0,0.0,0.0,0.09523809523809523,0.0,0.047619047619047616
0.0,0.041666666666666664,0.0,0.6666666666666666,0.08333333333333333,0.0,0.08333333333333333,0.0,0.0,0.0,0.0,0.0,0.0,0.08333333333333333,0.0,0.041666666666666664
0.0,0.03571428571428571,0.0,0.7142857142857143,0.07142857142857142,0.0,0.07142857142857142,0.0,0.0,0.0,0.0,0.0,0.0,0.07142857142857142,0.0,0.03571428571428571
0.0,0.030303030303030304,0.0,0.7272727272727273,0.06060606060606061,0.030303030303030304,0.06060606060606061,0.0,0.0,0.0,0.0,0.0,0.0,0.06060606060606061,0.0,0.030303030303030304
0.0,0.023255813953488372,0.0,0.813953488372093,0.046511627906976744,0.023255813953488372,0.046511627906976744,0.0,0.0,0.0,0.0,0.0,0.0,0.023255813953488372,0.0,0.023255813953488372
0.0,0.02040816326530612,0.0,0.8163265306122449,0.02040816326530612,0.02040816326530612,0.04081632653061224,0.02040816326530612,0.0,0.0,0.0,0.0,0.0,0.02040816326530612,0.02040816326530612,0.02040816326530612
0.0,0.017241379310344827,0.0,0.8275862068965517,0.017241379310344827,0.017241379310344827,0.034482758620689655,0.017241379310344827,0.0,0.0,0.0,0.0,0.034482758620689655,0.017241379310344827,0.0,0.017241379310344827
0.0,0.015625,0.0,0.796875,0.015625,0.015625,0.03125,0.015625,0.0,0.0,0.0,0.0,0.078125,0.015625,0.0,0.015625
0.0125,0.0125,0.0,0.8125,0.0125,0.0125,0.025,0.025,0.0,0.0,0.0,0.0,0.0625,0.0125,0.0,0.0125
0.011111111111111112,0.011111111111111112,0.0,0.8222222222222222,0.011111111111111112,0.011111111111111112,0.022222222222222223,0.022222222222222223,0.0,0.0,0.0,0.0,0.06666666666666667,0.011111111111111112,0.0,0.011111111111111112
0.01020408163265306,0.0,0.0,0.8469387755102041,0.01020408163265306,0.01020408163265306,0.02040816326530612,0.01020408163265306,0.0,0.0,0.0,0.01020408163265306,0.061224489795918366,0.01020408163265306,0.0,0.01020408163265306
0.008130081300813009,0.0,0.0,0.8373983739837398,0.008130081300813009,0.008130081300813009,0.016260162601626018,0.008130081300813009,0.008130081300813009,0.0,0.0,0.008130081300813009,0.08130081300813008,0.008130081300813009,0.0,0.008130081300813009
0.013888888888888888,0.006944444444444444,0.006944444444444444,0.8125,0.006944444444444444,0.006944444444444444,0.006944444444444444,0.013888888888888888,0.013888888888888888,0.0,0.0,0.006944444444444444,0.08333333333333333,0.006944444444444444,0.006944444444444444,0.006944444444444444
0.017857142857142856,0.011904761904761904,0.005952380952380952,0.8154761904761905,0.0,0.005952380952380952,0.005952380952380952,0.011904761904761904,0.011904761904761904,0.0,0.0,0.011904761904761904,0.08333333333333333,0.005952380952380952,0.005952380952380952,0.005952380952380952
0.030303030303030304,0.010101010101010102,0.005050505050505051,0.8181818181818182,0.0,0.005050505050505051,0.005050505050505051,0.020202020202020204,0.010101010101010102,0.0,0.0,0.010101010101010102,0.0707070707070707,0.005050505050505051,0.005050505050505051,0.005050505050505051
0.04017857142857143,0.008928571428571428,0.004464285714285714,0.7991071428571429,0.0,0.004464285714285714,0.004464285714285714,0.022321428571428572,0.008928571428571428,0.0,0.0,0.013392857142857142,0.08482142857142858,0.004464285714285714,0.004464285714285714,0.0
0.045627376425855515,0.0076045627376425855,0.0038022813688212928,0.7908745247148289,0.0,0.0076045627376425855,0.0038022813688212928,0.022813688212927757,0.0076045627376425855,0.0,0.0,0.0076045627376425855,0.09125475285171103,0.0076045627376425855,0.0038022813688212928,0.0
0.04697986577181208,0.003355704697986577,0.006711409395973154,0.7818791946308725,0.0,0.006711409395973154,0.0,0.026845637583892617,0.010067114093959731,0.0,0.0,0.006711409395973154,0.10067114093959731,0.006711409395973154,0.003355704697986577,0.0
0.04129793510324484,0.0029498525073746312,0.011799410029498525,0.7964601769911505,0.0,0.0058997050147492625,0.0,0.02359882005899705,0.008849557522123894,0.0,0.0,0.0058997050147492625,0.09734513274336283,0.0029498525073746312,0.0029498525073746312,0.0
0.04199475065616798,0.0026246719160104987,0.010498687664041995,0.7742782152230971,0.0026246719160104987,0.007874015748031496,0.0,0.023622047244094488,0.010498687664041995,0.0,0.0,0.010498687664041995,0.10761154855643044,0.005249343832020997,0.0026246719160104987,0.0
0.04576659038901602,0.002288329519450801,0.009153318077803204,0.7848970251716247,0.002288329519450801,0.004576659038901602,0.002288329519450801,0.020594965675057208,0.009153318077803204,0.0,0.0,0.006864988558352402,0.10755148741418764,0.002288329519450801,0.002288329519450801,0.0
0.056112224448897796,0.004008016032064128,0.008016032064128256,0.7695390781563126,0.002004008016032064,0.004008016032064128,0.006012024048096192,0.022044088176352707,0.008016032064128256,0.0,0.0,0.008016032064128256,0.10420841683366733,0.002004008016032064,0.004008016032064128,0.002004008016032064
0.059813084112149535,0.003738317757009346,0.009345794392523364,0.7570093457943925,0.001869158878504673,0.005607476635514018,0.003738317757009346,0.022429906542056073,0.007476635514018692,0.0,0.001869158878504673,0.009345794392523364,0.11214953271028037,0.001869158878504673,0.001869158878504673,0.001869158878504673
0.06765676567656766,0.0033003300330033004,0.009900990099009901,0.7442244224422442,0.0033003300330033004,0.0016501650165016502,0.0049504950495049506,0.018151815181518153,0.0049504950495049506,0.0016501650165016502,0.0,0.01155115511551155,0.12211221122112212,0.0033003300330033004,0.0016501650165016502,0.0016501650165016502
0.06537890044576523,0.0014858841010401188,0.007429420505200594,0.7206537890044576,0.005943536404160475,0.004457652303120356,0.005943536404160475,0.019316493313521546,0.005943536404160475,0.0014858841010401188,0.0,0.01337295690936107,0.13818722139673106,0.004457652303120356,0.0029717682020802376,0.0029717682020802376
0.07776261937244201,0.001364256480218281,0.0068212824010914054,0.7053206002728513,0.005457025920873124,0.005457025920873124,0.005457025920873124,0.017735334242837655,0.004092769440654843,0.002728512960436562,0.0,0.01227830832196453,0.14051841746248295,0.0068212824010914054,0.004092769440654843,0.004092769440654843
0.08050314465408805,0.0012578616352201257,0.005031446540880503,0.6993710691823899,0.0025157232704402514,0.007547169811320755,0.005031446540880503,0.01509433962264151,0.0025157232704402514,0.0025157232704402514,0.0,0.011320754716981131,0.1509433962264151,0.005031446540880503,0.006289308176100629,0.005031446540880503
0.07710011507479862,0.0034522439585730723,0.0023014959723820483,0.6985040276179517,0.0034522439585730723,0.004602991944764097,0.0034522439585730723,0.01380897583429229,0.0034522439585730723,0.0023014959723820483,0.0,0.011507479861910242,0.1611047180667434,0.005753739930955121,0.004602991944764097,0.004602991944764097
0.07473684210526316,0.003157894736842105,0.0010526315789473684,0.6894736842105263,0.003157894736842105,0.004210526315789474,0.0010526315789473684,0.01368421052631579,0.003157894736842105,0.002105263157894737,0.0,0.010526315789473684,0.17684210526315788,0.005263157894736842,0.005263157894736842,0.00631578947368421
0.06595538312318137,0.002909796314258002,0.0019398642095053346,0.6915615906886518,0.0038797284190106693,0.0038797284190106693,0.0,0.013579049466537343,0.0038797284190106693,0.0038797284190106693,0.0,0.01066925315227934,0.17943743937924345,0.005819592628516004,0.004849660523763337,0.007759456838021339
0.06962025316455696,0.003616636528028933,0.0018083182640144665,0.6772151898734177,0.0027124773960217,0.003616636528028933,0.0009041591320072332,0.011754068716094032,0.003616636528028933,0.006329113924050633,0.0,0.009945750452079566,0.19258589511754068,0.0054249547920434,0.0045207956600361665,0.006329113924050633
0.07589658048373644,0.003336113427856547,0.003336113427856547,0.6697247706422018,0.003336113427856547,0.004170141784820684,0.0025020850708924102,0.010008340283569641,0.004170141784820684,0.005838198498748957,0.0016680567139282735,0.007506255212677231,0.1926605504587156,0.0050041701417848205,0.0050041701417848205,0.005838198498748957
0.07398753894080996,0.003115264797507788,0.004672897196261682,0.6690031152647975,0.002336448598130841,0.004672897196261682,0.004672897196261682,0.010903426791277258,0.003115264797507788,0.004672897196261682,0.001557632398753894,0.00778816199376947,0.19314641744548286,0.004672897196261682,0.004672897196261682,0.007009345794392523
0.07518248175182482,0.00291970802919708,0.00583941605839416,0.6656934306569343,0.0021897810218978104,0.004379562043795621,0.004379562043795621,0.010948905109489052,0.00291970802919708,0.0036496350364963502,0.00145985401459854,0.010218978102189781,0.19635036496350364,0.004379562043795621,0.00291970802919708,0.006569343065693431
0.07192254495159059,0.0027662517289073307,0.004149377593360996,0.6708160442600276,0.003457814661134163,0.004840940525587829,0.004149377593360996,0.009681881051175657,0.004149377593360996,0.004149377593360996,0.0006915629322268327,0.011065006915629323,0.19363762102351315,0.004149377593360996,0.003457814661134163,0.006915629322268326
0.07687296416938111,0.0026058631921824105,0.003908794788273616,0.6664495114006515,0.003908794788273616,0.004560260586319218,0.003908794788273616,0.009771986970684038,0.004560260586319218,0.004560260586319218,0.0006514657980456026,0.011074918566775244,0.19087947882736156,0.004560260586319218,0.003908794788273616,0.007817589576547232
0.07706422018348624,0.0024464831804281344,0.004281345565749235,0.6593272171253822,0.003669724770642202,0.0061162079510703364,0.003669724770642202,0.011620795107033639,0.0030581039755351682,0.004281345565749235,0.0006116207951070336,0.011620795107033639,0.19755351681957187,0.003669724770642202,0.003669724770642202,0.007339449541284404
0.08119158878504673,0.0040887850467289715,0.0040887850467289715,0.6594626168224299,0.005257009345794392,0.005257009345794392,0.004672897196261682,0.010514018691588784,0.0040887850467289715,0.0040887850467289715,0.0011682242990654205,0.009929906542056074,0.19100467289719625,0.0040887850467289715,0.0035046728971962616,0.007593457943925234
0.07773459189339256,0.00555247084952804,0.004441976679622432,0.6612992781787895,0.00555247084952804,0.006107717934480844,0.004441976679622432,0.01110494169905608,0.003886729594669628,0.003886729594669628,0.001110494169905608,0.010549694614103275,0.19044975013881177,0.004441976679622432,0.002220988339811216,0.007218212104386452
0.07799145299145299,0.005876068376068376,0.004807692307692308,0.6613247863247863,0.004273504273504274,0.00641025641025641,0.005341880341880342,0.011217948717948718,0.004273504273504274,0.0037393162393162395,0.0010683760683760685,0.01014957264957265,0.18856837606837606,0.004807692307692308,0.003205128205128205,0.006944444444444444
0.081377151799687,0.004694835680751174,0.005216484089723527,0.6609285341679708,0.005216484089723527,0.005738132498695879,0.004173187271778821,0.0099113197704747,0.004694835680751174,0.0036515388628064684,0.0026082420448617634,0.0099113197704747,0.18675013041210226,0.005216484089723527,0.003129890453834116,0.006781429316640584
0.0882800608828006,0.0045662100456621,0.004058853373921867,0.6580416032470827,0.0060882800608828,0.005580923389142567,0.0035514967021816335,0.008625063419583967,0.007102993404363267,0.0035514967021816335,0.0020294266869609334,0.009639776763064434,0.18366311516996447,0.0050735667174023336,0.0030441400304414,0.007102993404363267
0.08522167487684729,0.00541871921182266,0.0049261083743842365,0.6536945812807882,0.007389162561576354,0.00541871921182266,0.002955665024630542,0.00935960591133005,0.005911330049261084,0.0049261083743842365,0.0019704433497536944,0.011822660098522168,0.18423645320197043,0.005911330049261084,0.002955665024630542,0.007881773399014778
0.08953771289537713,0.00535279805352798,0.004379562043795621,0.6506082725060828,0.006812652068126521,0.00535279805352798,0.00291970802919708,0.010218978102189781,0.007785888077858881,0.004866180048661801,0.0019464720194647203,0.010218978102189781,0.1834549878345499,0.00583941605839416,0.0038929440389294406,0.006812652068126521
0.09138257575757576,0.004261363636363636,0.004261363636363636,0.6505681818181818,0.00615530303030303,0.005208333333333333,0.0033143939393939395,0.008996212121212122,0.008522727272727272,0.005681818181818182,0.002840909090909091,0.00946969696969697,0.18323863636363635,0.004734848484848485,0.003787878787878788,0.007575757575757576
0.0863275781614559,0.004666355576294913,0.004666355576294913,0.6542230517965469,0.007466168922071862,0.005132991133924405,0.0027998133457769483,0.008399440037330844,0.006999533364442371,0.006066262249183388,0.0023331777881474567,0.011665888940737284,0.18245450303313113,0.005132991133924405,0.003733084461035931,0.007932804479701353
0.08822170900692841,0.004618937644341801,0.005080831408775982,0.6508083140877599,0.006928406466512702,0.004618937644341801,0.003695150115473441,0.007852193995381063,0.005080831408775982,0.007390300230946882,0.002771362586605081,0.010623556581986143,0.18429561200923789,0.006928406466512702,0.003695150115473441,0.007390300230946882
0.08873563218390805,0.004137931034482759,0.005057471264367816,0.6542528735632184,0.006436781609195402,0.005057471264367816,0.0036781609195402297,0.006896551724137931,0.005057471264367816,0.0073563218390804595,0.0022988505747126436,0.011494252873563218,0.1793103448275862,0.008735632183908045,0.0036781609195402297,0.007816091954022988
0.08941605839416059,0.0031934306569343066,0.004105839416058394,0.6551094890510949,0.005930656934306569,0.005930656934306569,0.0036496350364963502,0.007755474452554745,0.004562043795620438,0.008211678832116789,0.002737226277372263,0.01322992700729927,0.17837591240875914,0.006843065693430657,0.002737226277372263,0.008211678832116789
0.08905967450271247,0.0027124773960217,0.00406871609403255,0.6582278481012658,0.006329113924050633,0.005877034358047016,0.0031645569620253164,0.0076853526220614825,0.00406871609403255,0.008589511754068717,0.0031645569620253164,0.014014466546112115,0.17766726943942135,0.0054249547920434,0.0022603978300180833,0.0076853526220614825
0.08355916892502259,0.0031616982836495033,0.004516711833785004,0.6607949412827462,0.006323396567299007,0.006775067750677507,0.0031616982836495033,0.0076784101174345075,0.0036133694670280035,0.009033423667570008,0.0040650406504065045,0.013550135501355014,0.17795844625112917,0.004968383017163505,0.0031616982836495033,0.0076784101174345075
0.08697591436217662,0.004014272970561998,0.004906333630686887,0.6462979482604817,0.005798394290811775,0.007136485280999108,0.003568242640499554,0.006690454950936664,0.004014272970561998,0.012042818911685994,0.0044603033006244425,0.014719000892060661,0.1824264049955397,0.0053523639607493305,0.004014272970561998,0.007582515611061552
0.08292682926829269,0.004434589800443459,0.005321507760532151,0.6425720620842572,0.005764966740576497,0.008425720620842573,0.003991130820399113,0.007095343680709534,0.003991130820399113,0.011529933481152993,0.004878048780487805,0.015521064301552107,0.18492239467849225,0.005764966740576497,0.003547671840354767,0.009312638580931265
0.08168761220825853,0.004488330341113106,0.004937163375224416,0.6427289048473968,0.0062836624775583485,0.008976660682226212,0.003590664272890485,0.006732495511669659,0.004488330341113106,0.012567324955116697,0.005385996409335727,0.01526032315978456,0.18402154398563733,0.0058348294434470375,0.003590664272890485,0.009425493716337522
0.0841452612931798,0.005314437555358724,0.0044286979627989375,0.6377325066430469,0.005757307351638618,0.007971656333038087,0.002657218777679362,0.006643046944198406,0.00487156775907883,0.012400354295837024,0.005757307351638618,0.01682905225863596,0.18733392382639505,0.00487156775907883,0.003100088573959256,0.010186005314437556
0.0854853072128228,0.005342831700801425,0.004897595725734639,0.6304541406945681,0.007123775601068566,0.007123775601068566,0.0017809439002671415,0.007569011576135352,0.00578806767586821,0.012911843276936777,0.005342831700801425,0.016918967052537846,0.188780053428317,0.006678539626001781,0.003116651825467498,0.01068566340160285
0.08724534986713905,0.005314437555358724,0.005757307351638618,0.62533215234721,0.007971656333038087,0.006200177147918512,0.0022143489813994687,0.0070859167404783,0.005314437555358724,0.012400354295837024,0.006643046944198406,0.01815766164747564,0.19087688219663418,0.006643046944198406,0.003100088573959256,0.00974313551815766
0.08573967125721901,0.0053309640159928924,0.005775211017325633,0.6228342958685029,0.007107952021323856,0.006219458018658374,0.0013327410039982231,0.009329187027987561,0.006219458018658374,0.01288316303864949,0.006219458018658374,0.018658374055975122,0.19369169258107508,0.0053309640159928924,0.003109729009329187,0.010217681030653044
0.08882015024304021,0.007070260715863898,0.005302695536897923,0.6182059213433495,0.007070260715863898,0.006628369421122404,0.0017675651789659744,0.009721608484312859,0.0057445868316394165,0.012814847547503314,0.004860804242156429,0.019001325673884226,0.19222271321254972,0.0057445868316394165,0.0030932390631904553,0.011931064958020326
0.09152086137281291,0.00762673844773441,0.00493494840735756,0.6114849708389413,0.00762673844773441,0.006280843427545985,0.0026917900403768506,0.00762673844773441,0.005383580080753701,0.013907581875280395,0.004037685060565276,0.01794526693584567,0.19739793629430238,0.007178106774338268,0.003589053387169134,0.010767160161507403
0.09351230425055929,0.008053691275167786,0.004921700223713647,0.6058165548098434,0.008053691275167786,0.0071588366890380315,0.0026845637583892616,0.008501118568232663,0.005369127516778523,0.012527964205816556,0.0035794183445190158,0.018344519015659956,0.19955257270693513,0.008053691275167786,0.004026845637583893,0.009843400447427294
0.09458259325044405,0.007992895204262877,0.0053285968028419185,0.6003552397868561,0.007548845470692718,0.007992895204262877,0.003108348134991119,0.008436944937833037,0.005772646536412078,0.012877442273534635,0.003552397868561279,0.018206039076376555,0.20293072824156305,0.007992895204262877,0.003996447602131439,0.009325044404973356
0.09320905459387484,0.005770084332001775,0.005770084332001775,0.5992010652463382,0.006213936972924989,0.009764758100310697,0.002663115845539281,0.009320905459387484,0.005770084332001775,0.013759431868619618,0.0039946737683089215,0.018641810918774968,0.20372836218375498,0.007989347536617843,0.004438526409232135,0.009764758100310697
0.09098979138925876,0.004882379050155349,0.005770084332001775,0.6005326231691078,0.007101642254771416,0.010208610741233911,0.0031069684864624943,0.007989347536617843,0.005770084332001775,0.01287172658677319,0.003550821127385708,0.01908566355969818,0.20683533067021748,0.007545494895694629,0.0039946737683089215,0.009764758100310697
0.09260908281389137,0.00578806767586821,0.005342831700801425,0.6006233303650935,0.008014247551202136,0.010240427426536063,0.003561887800534283,0.008904719501335707,0.005342831700801425,0.013357079252003561,0.004007123775601068,0.01914514692787177,0.20258236865538737,0.006678539626001781,0.004452359750667854,0.009349955476402494
0.09400179051029543,0.006266786034019696,0.005819158460161146,0.594449418084154,0.008952551477170993,0.010743061772605193,0.003133393017009848,0.008952551477170993,0.005819158460161146,0.012533572068039392,0.004923903312444047,0.018352730528200537,0.20411817367949867,0.008057296329453895,0.0040286481647269475,0.009847806624888093
0.09272404614019521,0.0048802129547471165,0.005323868677905945,0.5940550133096717,0.009760425909494233,0.011091393078970719,0.0044365572315882874,0.01020408163265306,0.006211180124223602,0.011978704525288377,0.0048802129547471165,0.01730257320319432,0.20496894409937888,0.009760425909494233,0.003992901508429458,0.008429458740017746
0.08973789426921368,0.006219458018658374,0.0053309640159928924,0.591737005775211,0.010217681030653044,0.008440693025322079,0.004886717014660151,0.011106175033318524,0.007996446023989337,0.011106175033318524,0.004886717014660151,0.01821412705464238,0.20568636161705908,0.010217681030653044,0.00444247001332741,0.009773434029320302
0.0887809187279152,0.0066254416961130744,0.00530035335689046,0.5892226148409894,0.011042402826855124,0.009717314487632508,0.004858657243816254,0.011042402826855124,0.007067137809187279,0.011042402826855124,0.00441696113074205,0.018551236749116608,0.20759717314487633,0.009717314487632508,0.004858657243816254,0.010159010600706713
0.09099058718063649,0.006723442402510085,0.004930524428507396,0.5800089645898701,0.010309278350515464,0.00941281936351412,0.005378753922008068,0.01165396683101748,0.007171671896010758,0.012102196324518153,0.005378753922008068,0.020618556701030927,0.20708202599731063,0.01165396683101748,0.005378753922008068,0.011205737337516808
0.09086859688195992,0.0071269487750556795,0.005345211581291759,0.5750556792873052,0.009799554565701559,0.011135857461024499,0.004454342984409799,0.012917594654788419,0.0075723830734966595,0.012026726057906459,0.005790645879732739,0.02093541202672606,0.20801781737193764,0.012472160356347439,0.004899777282850779,0.011581291759465479
0.09107222969941678,0.006729475100942127,0.005383580080753701,0.5679676985195155,0.01031852848811126,0.012113055181695828,0.004486316733961417,0.011664423508299685,0.007178106774338268,0.013907581875280395,0.00493494840735756,0.018842530282637954,0.21444593988335575,0.013458950201884253,0.005832211754149843,0.011664423508299685
0.0952808988764045,0.005842696629213483,0.006292134831460674,0.5631460674157304,0.00853932584269663,0.010786516853932584,0.004943820224719101,0.01348314606741573,0.008089887640449439,0.014382022471910113,0.005393258426966292,0.021573033707865168,0.21213483146067416,0.012584269662921348,0.005393258426966292,0.012134831460674157
0.09401330376940133,0.007095343680709534,0.007095343680709534,0.5614190687361419,0.007982261640798226,0.008869179600886918,0.004434589800443459,0.014634146341463415,0.007095343680709534,0.013747228381374724,0.006208425720620843,0.021286031042128603,0.21685144124168515,0.012416851441241685,0.004434589800443459,0.012416851441241685
0.09661620658949244,0.007569011576135352,0.006233303650934996,0.5525378450578807,0.008904719501335707,0.008904719501335707,0.004007123775601068,0.015138023152270703,0.007123775601068566,0.013357079252003561,0.00578806767586821,0.023597506678539625,0.21994657168299198,0.012466607301869992,0.004452359750667854,0.013357079252003561
0.09474629546475079,0.00673551863493489,0.004041311180960934,0.5550067355186349,0.009429726088908847,0.008531656937584195,0.003592276605298608,0.016165244723843737,0.00673551863493489,0.013920071845532105,0.00673551863493489,0.022900763358778626,0.22002694207453974,0.01122586439155815,0.0058374494836102376,0.014369106421194431
0.09888143176733781,0.006711409395973154,0.0044742729306487695,0.5534675615212528,0.008501118568232663,0.0071588366890380315,0.004026845637583893,0.015659955257270694,0.0058165548098434005,0.013422818791946308,0.0071588366890380315,0.021029082774049218,0.22058165548098435,0.011633109619686801,0.006711409395973154,0.01476510067114094
0.09700491729995529,0.00581135449262405,0.00581135449262405,0.5493965131873044,0.008046490835940992,0.006258381761287439,0.004023245417970496,0.013410818059901655,0.005364327223960662,0.013857845328565042,0.007599463567277604,0.023692445239159587,0.22753687974966472,0.0116227089852481,0.006705409029950827,0.013857845328565042
0.10022271714922049,0.0066815144766146995,0.005790645879732739,0.5416481069042316,0.008463251670378619,0.005345211581291759,0.004454342984409799,0.012472160356347439,0.005345211581291759,0.014253897550111359,0.0071269487750556795,0.02182628062360802,0.23162583518930957,0.012917594654788419,0.0071269487750556795,0.014699331848552339
0.09869310500225327,0.006309148264984227,0.0067598017124831005,0.5457413249211357,0.0067598017124831005,0.005858494817485353,0.004506534474988734,0.012618296529968454,0.005407841369986481,0.015322217214961695,0.007210455159981974,0.019378098242451555,0.22893195132942767,0.01216764308246958,0.0076611086074808476,0.016674177557458314
0.10300044782803404,0.00806090461262875,0.006717420510523959,0.5441110613524407,0.007165248544558889,0.0049261083743842365,0.0035826242722794446,0.011195700850873265,0.006269592476489028,0.011643528884908196,0.006269592476489028,0.017913121361397222,0.2328705776981639,0.010747872816838333,0.009404388714733543,0.0161218092252575
0.10715893741557857,0.007203962179198559,0.007203962179198559,0.534894191805493,0.007203962179198559,0.006303466906798739,0.00405222872579919,0.0135074290859973,0.005402971634398919,0.013057181449797388,0.007203962179198559,0.017559657811796487,0.23322827555155334,0.01125619090499775,0.00945520036019811,0.01530841963079694
0.10810810810810811,0.0076576576576576575,0.008558558558558558,0.527027027027027,0.006306306306306306,0.006756756756756757,0.004054054054054054,0.013963963963963964,0.005855855855855856,0.012612612612612612,0.005405405405405406,0.018018018018018018,0.23738738738738738,0.011711711711711712,0.00945945945945946,0.017117117117117116
0.10821733273462057,0.00673551863493489,0.009429726088908847,0.5294117647058824,0.00673551863493489,0.00673551863493489,0.004041311180960934,0.014369106421194431,0.006286484059272564,0.012123933542882801,0.004041311180960934,0.017512348450830714,0.23439604849573417,0.01347103726986978,0.009429726088908847,0.01706331387516839
0.1093044263775971,0.006323396567299007,0.009485094850948509,0.528003613369467,0.006775067750677507,0.006775067750677507,0.0036133694670280035,0.014001806684733513,0.006323396567299007,0.012195121951219513,0.0040650406504065045,0.016711833785004515,0.23532068654019875,0.014001806684733513,0.008581752484191508,0.018518518518518517
0.10744920993227991,0.007223476297968397,0.010835214446952596,0.5255079006772009,0.007674943566591422,0.006320541760722348,0.0036117381489841984,0.014898419864559819,0.004966139954853273,0.011738148984198645,0.0036117381489841984,0.018961625282167043,0.23702031602708803,0.01309255079006772,0.008577878103837472,0.01851015801354402
0.1078167115902965,0.0076370170709793355,0.011230907457322551,0.5256064690026954,0.0071877807726864335,0.006738544474393531,0.0035938903863432167,0.014375561545372867,0.005840071877807727,0.01078167115902965,0.004043126684636119,0.01752021563342318,0.23539982030548068,0.013477088948787063,0.009433962264150943,0.01931716082659479
0.10620258813029898,0.007585899152164213,0.010263275323516287,0.5216421240517626,0.007585899152164213,0.006693440428380187,0.0035698348951361,0.015171798304328426,0.005800981704596163,0.011601963409192326,0.004016064257028112,0.018741633199464525,0.24007139669790273,0.013386880856760375,0.00892458723784025,0.018741633199464525
0.10986042323277803,0.00810445745159838,0.009004952723998198,0.5168842863574966,0.007203962179198559,0.006303466906798739,0.0031517334533993696,0.01575866726699685,0.00585321927059883,0.012156686177397569,0.00405222872579919,0.01575866726699685,0.24493471409275103,0.012606933813597478,0.008554705087798289,0.01981089599279604
0.10690121786197564,0.008119079837618403,0.009472259810554804,0.5250338294993234,0.006765899864682003,0.008119079837618403,0.0040595399188092015,0.017140279657194408,0.005412719891745603,0.012629679747406405,0.0045105999097880016,0.013982859720342805,0.2413170951736581,0.011276499774470004,0.006765899864682003,0.01849345963013081
0.10977777777777778,0.008,0.008,0.5155555555555555,0.0071111111111111115,0.008444444444444444,0.0044444444444444444,0.017777777777777778,0.006222222222222222,0.010666666666666666,0.0044444444444444444,0.013333333333333334,0.24844444444444444,0.012444444444444444,0.0071111111111111115,0.018222222222222223
0.10706352732119058,0.007996446023989337,0.007107952021323856,0.5188804975566415,0.007107952021323856,0.008440693025322079,0.003998223011994669,0.0173256330519769,0.006663705019991115,0.011106175033318524,0.0053309640159928924,0.014215904042647711,0.24833407374500222,0.012438916037316748,0.0053309640159928924,0.018658374055975122
0.1130242825607064,0.008388520971302429,0.0075055187637969095,0.5099337748344371,0.00706401766004415,0.008830022075055188,0.003532008830022075,0.017218543046357615,0.006622516556291391,0.012362030905077263,0.005298013245033113,0.015011037527593819,0.2503311258278146,0.011037527593818985,0.005298013245033113,0.018543046357615896
0.1172047766475011,0.00796107916850951,0.006634232640424591,0.5077399380804953,0.006191950464396285,0.008845643520566122,0.0030959752321981426,0.01813356921716055,0.006634232640424591,0.011941618752764263,0.004865103936311367,0.015479876160990712,0.25077399380804954,0.011057054400707651,0.005307386112339673,0.01813356921716055
0.11524822695035461,0.007978723404255319,0.00576241134751773,0.5106382978723404,0.0070921985815602835,0.010638297872340425,0.0031028368794326243,0.01773049645390071,0.005319148936170213,0.012411347517730497,0.004432624113475178,0.01551418439716312,0.25132978723404253,0.011081560283687944,0.004875886524822695,0.016843971631205674
0.11125945705384958,0.008455718736092568,0.0053404539385847796,0.507343124165554,0.007120605251446373,0.009790832220738763,0.0035603026257231864,0.01913662661326213,0.004895416110369382,0.012461059190031152,0.004450378282153983,0.014241210502892745,0.25634178905206945,0.011125945705384957,0.0053404539385847796,0.01913662661326213
0.11423390752493201,0.008159564823209429,0.005439709882139619,0.5018132366273799,0.0077062556663644605,0.009066183136899365,0.004079782411604714,0.01813236627379873,0.004533091568449683,0.012239347234814143,0.0058930190389845875,0.014959202175883953,0.257026291931097,0.012692656391659111,0.005439709882139619,0.0185856754306437
0.1069182389937107,0.008984725965858042,0.005840071877807727,0.5121293800539084,0.0071877807726864335,0.008535489667565139,0.004043126684636119,0.01752021563342318,0.004941599281221923,0.011230907457322551,0.006289308176100629,0.015723270440251572,0.25651392632524705,0.011680143755615454,0.004492362982929021,0.017969451931716084
0.11155555555555556,0.008444444444444444,0.0057777777777777775,0.5031111111111111,0.0071111111111111115,0.011111111111111112,0.0035555555555555557,0.017777777777777778,0.004888888888888889,0.009777777777777778,0.006222222222222222,0.015111111111111112,0.26,0.012,0.005333333333333333,0.018222222222222223
0.11219512195121951,0.00975609756097561,0.005764966740576497,0.5011086474501109,0.007095343680709534,0.010643015521064302,0.003991130820399113,0.016407982261640797,0.0031042128603104213,0.010643015521064302,0.0066518847006651885,0.016407982261640797,0.258980044345898,0.012860310421286032,0.005764966740576497,0.01862527716186253
0.11409395973154363,0.010738255033557046,0.0058165548098434005,0.4961968680089485,0.007606263982102908,0.01029082774049217,0.004921700223713647,0.016554809843400447,0.003131991051454139,0.011185682326621925,0.006263982102908278,0.013422818791946308,0.26532438478747206,0.012527964205816556,0.005369127516778523,0.016554809843400447
0.1134020618556701,0.011205737337516808,0.0062752129090094125,0.4863290004482295,0.008068130883012102,0.010309278350515464,0.004930524428507396,0.016136261766024205,0.0031376064545047063,0.009861048857014791,0.007171671896010758,0.014791573285522188,0.27610936799641417,0.010757507844016136,0.0044822949350067235,0.01703272075302555
0.10711111111111112,0.011555555555555555,0.006222222222222222,0.49466666666666664,0.008,0.008888888888888889,0.005333333333333333,0.016444444444444446,0.0035555555555555557,0.010222222222222223,0.005333333333333333,0.014222222222222223,0.2777777777777778,0.011555555555555555,0.004888888888888889,0.014222222222222223
0.10804802134281903,0.011560693641618497,0.006669630947087594,0.4948866162738995,0.00755891507336594,0.009337483325922631,0.005780346820809248,0.0164517563361494,0.004001778568252557,0.010226767452200978,0.004001778568252557,0.014228546020453535,0.2756780791462872,0.014228546020453535,0.004001778568252557,0.013339261894175189
0.10894596988485385,0.011071744906997343,0.005757307351638618,0.4920283436669619,0.0070859167404783,0.009300265721877768,0.005757307351638618,0.01771479185119575,0.00487156775907883,0.010628875110717449,0.0044286979627989375,0.013286093888396812,0.2759078830823738,0.015057573073516387,0.0044286979627989375,0.013728963684676704
0.11379928315412187,0.010752688172043012,0.005376344086021506,0.4852150537634409,0.005376344086021506,0.010304659498207885,0.0062724014336917565,0.017025089605734768,0.004032258064516129,0.012544802867383513,0.004480286738351254,0.013888888888888888,0.2768817204301075,0.016577060931899642,0.004032258064516129,0.013440860215053764
0.11468094600624722,0.009817045961624275,0.0049085229808121375,0.4796965640339134,0.006693440428380187,0.0107095046854083,0.006247211066488175,0.016956715751896476,0.004016064257028112,0.011601963409192326,0.004016064257028112,0.013386880856760375,0.28112449799196787,0.019187862561356538,0.00535475234270415,0.011601963409192326
0.10768543342269883,0.00938337801608579,0.004915102770330653,0.4812332439678284,0.005361930294906166,0.01161751563896336,0.0071492403932082215,0.01831992850759607,0.004021447721179625,0.012064343163538873,0.004468275245755138,0.012511170688114389,0.2855227882037534,0.01876675603217158,0.004915102770330653,0.012064343163538873
0.11324119482835489,0.009362460989745877,0.00490414623272403,0.47525635309852876,0.004458314757021846,0.01069995541685243,0.007133303611234953,0.016941596076683014,0.004458314757021846,0.0115916183682568,0.004458314757021846,0.012037449843958983,0.29068212215782435,0.019170753455193937,0.004458314757021846,0.011145786892554615
0.11259457053849577,0.008900756564307966,0.004895416110369382,0.465954606141522,0.004005340453938585,0.010235870048954161,0.008900756564307966,0.01602136181575434,0.005785491766800178,0.012016021361815754,0.0053404539385847796,0.014241210502892745,0.2937249666221629,0.018691588785046728,0.004895416110369382,0.013796172674677348
0.10978308986277113,0.008853474988933156,0.006640106241699867,0.4674634794156706,0.00398406374501992,0.009738822487826471,0.007525453740593183,0.014608233731739707,0.005754758742806552,0.013280212483399735,0.004869411243913236,0.013722886232846392,0.3010181496237273,0.01637892872952634,0.0035413899955732625,0.012837538733953076
0.11456483126110124,0.007992895204262877,0.007104795737122558,0.4658081705150977,0.003996447602131439,0.010213143872113677,0.007548845470692718,0.016873889875666074,0.0053285968028419185,0.012877442273534635,0.0053285968028419185,0.014209591474245116,0.2966252220248668,0.015541740674955595,0.004440497335701598,0.011545293072824156
0.11086276262852034,0.006258381761287439,0.008493518104604381,0.4617791685292803,0.004023245417970496,0.010728654447921324,0.007152436298614216,0.016987036209208762,0.005364327223960662,0.012516763522574878,0.005364327223960662,0.014304872597228431,0.30308448815377736,0.015645954403218598,0.0049172999552972736,0.012516763522574878
0.11717352415026834,0.005813953488372093,0.00849731663685152,0.45796064400715564,0.004025044722719142,0.011627906976744186,0.008050089445438283,0.016100178890876567,0.005366726296958855,0.011180679785330949,0.004472271914132379,0.014311270125223614,0.3041144901610018,0.015652951699463326,0.004472271914132379,0.011180679785330949
0.11531611754229741,0.007123775601068566,0.007569011576135352,0.46260017809439,0.004452359750667854,0.011130899376669634,0.008014247551202136,0.016028495102404273,0.005342831700801425,0.009795191451469279,0.004452359750667854,0.012466607301869992,0.304986642920748,0.015583259127337488,0.003561887800534283,0.01157613535173642
0.11526479750778816,0.005785491766800178,0.008455718736092568,0.46417445482866043,0.004895416110369382,0.011570983533600357,0.0075656430796617715,0.013796172674677348,0.007120605251446373,0.010680907877169559,0.004450378282153983,0.011125945705384957,0.30262572318647085,0.01602136181575434,0.0035603026257231864,0.01290609701824655
0.11871943085815918,0.005335704757670075,0.008003557136505114,0.46109381947532235,0.006669630947087594,0.013783903957314362,0.008448199199644287,0.01511783014673188,0.006224988883948421,0.010226767452200978,0.0035571365051133837,0.012449977767896843,0.2965762561138284,0.016896398399288574,0.004446420631391729,0.012449977767896843
0.11879432624113476,0.005319148936170213,0.0070921985815602835,0.4516843971631206,0.0062056737588652485,0.014627659574468085,0.008865248226950355,0.01551418439716312,0.0062056737588652485,0.010195035460992909,0.004432624113475178,0.012411347517730497,0.300531914893617,0.0199468085106383,0.004875886524822695,0.013297872340425532
0.12449438202247191,0.004943820224719101,0.005842696629213483,0.4395505617977528,0.006292134831460674,0.013932584269662922,0.008089887640449439,0.01348314606741573,0.005842696629213483,0.01303370786516854,0.004943820224719101,0.01303370786516854,0.3051685393258427,0.020674157303370785,0.0044943820224719105,0.016179775280898877
0.12516763522574878,0.004023245417970496,0.00581135449262405,0.44747429593205185,0.006258381761287439,0.013410818059901655,0.008046490835940992,0.013857845328565042,0.004023245417970496,0.013410818059901655,0.003576218149307108,0.012963790791238265,0.3035315154224408,0.02011622708985248,0.004470272686633884,0.013857845328565042
