C_R,C_A,C_S,C_N,D_R,D_A,D_S,D_N,Oc_R,Oc_A,Oc_S,Oc_N,Od_R,Od_A,Od_S,Od_N
1.0,0.0,0.0,0.0,0.0,0.0,0.0,0.0,0.0,0.0,0.0,0.0,0.0,0.0,0.0,0.0
0.6666666666666666,0.3333333333333333,0.0,0.0,0.0,0.0,0.0,0.0,0.0,0.0,0.0,0.0,0.0,0.0,0.0,0.0
0.75,0.25,0.0,0.0,0.0,0.0,0.0,0.0,0.0,0.0,0.0,0.0,0.0,0.0,0.0,0.0
0.6666666666666666,0.16666666666666666,0.0,0.0,0.0,0.0,0.0,0.16666666666666666,0.0,0.0,0.0,0.0,0.0,0.0,0.0,0.0
0.75,0.0,0.0,0.0,0.0,0.0,0.0,0.25,0.0,0.0,0.0,0.0,0.0,0.0,0.0,0.0
0.7272727272727273,0.0,0.0,0.0,0.0,0.0,0.0,0.18181818181818182,0.0,0.09090909090909091,0.0,0.0,0.0,0.0,0.0,0.0
0.6428571428571429,0.0,0.0,0.0,0.07142857142857142,0.0,0.0,0.14285714285714285,0.0,0.07142857142857142,0.0,0.0,0.0,0.0,0.07142857142857142,0.0
0.75,0.0,0.0,0.0,0.125,0.0,0.0,0.0625,0.0,0.0,0.0,0.0,0.0,0.0,0.0625,0.0
0.7368421052631579,0.0,0.0,0.0,0.10526315789473684,0.0,0.0,0.05263157894736842,0.0,0.0,0.0,0.0,0.0,0.05263157894736842,0.05263157894736842,0.0
0.6842105263157895,0.0,0.0,0.0,0.10526315789473684,0.0,0.0,0.05263157894736842,0.0,0.0,0.0,0.0,0.05263157894736842,0.05263157894736842,0.05263157894736842,0.0
0.6818181818181818,0.0,0.045454545454545456,0.0,0.09090909090909091,0.0,0.0,0.045454545454545456,0.0,0.0,0.0,0.0,0.045454545454545456,0.045454545454545456,0.045454545454545456,0.0
0.7857142857142857,0.0,0.07142857142857142,0.0,0.07142857142857142,0.0,0.0,0.03571428571428571,0.0,0.0,0.0,0.0,0.03571428571428571,0.0,0.0,0.0
0.7878787878787878,0.0,0.06060606060606061,0.0,0.06060606060606061,0.0,0.0,0.0,0.0,0.0,0.0,0.030303030303030304,0.030303030303030304,0.0,0.030303030303030304,0.0
0.8372093023255814,0.0,0.046511627906976744,0.0,0.023255813953488372,0.0,0.0,0.0,0.0,0.0,0.0,0.023255813953488372,0.023255813953488372,0.0,0.023255813953488372,0.023255813953488372
0.8,0.0,0.06,0.0,0.02,0.02,0.0,0.0,0.0,0.0,0.0,0.02,0.02,0.02,0.02,0.02
0.8360655737704918,0.0,0.04918032786885246,0.0,0.01639344262295082,0.01639344262295082,0.0,0.0,0.0,0.0,0.0,0.01639344262295082,0.01639344262295082,0.0,0.01639344262295082,0.03278688524590164
0.8840579710144928,0.0,0.043478260869565216,0.0,0.014492753623188406,0.0,0.0,0.0,0.0,0.0,0.0,0.014492753623188406,0.014492753623188406,0.0,0.014492753623188406,0.014492753623188406
0.8902439024390244,0.0,0.036585365853658534,0.0,0.012195121951219513,0.0,0.0,0.012195121951219513,0.0,0.0,0.0,0.024390243902439025,0.0,0.0,0.012195121951219513,0.012195121951219513
0.8969072164948454,0.0,0.041237113402061855,0.0,0.010309278350515464,0.0,0.0,0.010309278350515464,0.0,0.0,0.0,0.020618556701030927,0.0,0.0,0.010309278350515464,0.010309278350515464
0.918918918918919,0.0,0.036036036036036036,0.0,0.0,0.0,0.0,0.009009009009009009,0.0,0.0,0.0,0.018018018018018018,0.0,0.0,0.009009009009009009,0.009009009009009009
0.9051094890510949,0.0,0.029197080291970802,0.0,0.0072992700729927005,0.0,0.021897810218978103,0.0072992700729927005,0.0,0.0,0.0,0.014598540145985401,0.0,0.0,0.0072992700729927005,0.0072992700729927005
0.9050632911392406,0.0,0.0189873417721519,0.0,0.006329113924050633,0.0,0.02531645569620253,0.0189873417721519,0.006329113924050633,0.0,0.0,0.006329113924050633,0.0,0.0,0.006329113924050633,0.006329113924050633
0.9130434782608695,0.0,0.016304347826086956,0.0,0.010869565217391304,0.0,0.021739130434782608,0.010869565217391304,0.0,0.0,0.0,0.005434782608695652,0.0,0.010869565217391304,0.005434782608695652,0.005434782608695652
0.9113300492610837,0.0,0.009852216748768473,0.0,0.009852216748768473,0.0,0.019704433497536946,0.009852216748768473,0.0,0.0049261083743842365,0.0,0.009852216748768473,0.0,0.014778325123152709,0.0049261083743842365,0.0049261083743842365
0.915929203539823,0.0,0.008849557522123894,0.0,0.008849557522123894,0.004424778761061947,0.01327433628318584,0.008849557522123894,0.0,0.004424778761061947,0.0,0.01327433628318584,0.0,0.01327433628318584,0.004424778761061947,0.004424778761061947
0.926530612244898,0.0,0.004081632653061225,0.0,0.012244897959183673,0.004081632653061225,0.012244897959183673,0.004081632653061225,0.0,0.004081632653061225,0.0,0.012244897959183673,0.0,0.0163265306122449,0.004081632653061225,0.0
0.9216417910447762,0.0,0.0037313432835820895,0.0,0.011194029850746268,0.0037313432835820895,0.011194029850746268,0.0037313432835820895,0.0,0.0037313432835820895,0.0,0.011194029850746268,0.007462686567164179,0.014925373134328358,0.007462686567164179,0.0
0.9255663430420712,0.003236245954692557,0.003236245954692557,0.0,0.009708737864077669,0.006472491909385114,0.009708737864077669,0.003236245954692557,0.0,0.0,0.0,0.009708737864077669,0.012944983818770227,0.009708737864077669,0.006472491909385114,0.0
0.9230769230769231,0.0,0.003076923076923077,0.0,0.009230769230769232,0.006153846153846154,0.009230769230769232,0.003076923076923077,0.0,0.0,0.0,0.006153846153846154,0.018461538461538463,0.012307692307692308,0.006153846153846154,0.003076923076923077
0.9035812672176309,0.005509641873278237,0.0027548209366391185,0.0,0.011019283746556474,0.005509641873278237,0.008264462809917356,0.0,0.0,0.0,0.0,0.008264462809917356,0.027548209366391185,0.011019283746556474,0.011019283746556474,0.005509641873278237
0.8959390862944162,0.007614213197969543,0.0025380710659898475,0.0,0.007614213197969543,0.005076142131979695,0.007614213197969543,0.0,0.0,0.0,0.0,0.01015228426395939,0.03553299492385787,0.007614213197969543,0.012690355329949238,0.007614213197969543
0.8909090909090909,0.006818181818181818,0.004545454545454545,0.0,0.004545454545454545,0.004545454545454545,0.006818181818181818,0.004545454545454545,0.0,0.0,0.0,0.00909090909090909,0.04090909090909091,0.006818181818181818,0.013636363636363636,0.006818181818181818
0.8638211382113821,0.006097560975609756,0.008130081300813009,0.0040650406504065045,0.0020325203252032522,0.0040650406504065045,0.006097560975609756,0.0040650406504065045,0.0020325203252032522,0.0040650406504065045,0.0,0.006097560975609756,0.054878048780487805,0.01016260162601626,0.014227642276422764,0.01016260162601626
0.8601532567049809,0.007662835249042145,0.007662835249042145,0.0038314176245210726,0.0038314176245210726,0.0038314176245210726,0.005747126436781609,0.0019157088122605363,0.0019157088122605363,0.0019157088122605363,0.0019157088122605363,0.005747126436781609,0.06513409961685823,0.007662835249042145,0.011494252873563218,0.009578544061302681
0.8591065292096219,0.006872852233676976,0.006872852233676976,0.003436426116838488,0.005154639175257732,0.005154639175257732,0.003436426116838488,0.003436426116838488,0.001718213058419244,0.001718213058419244,0.003436426116838488,0.005154639175257732,0.07388316151202749,0.003436426116838488,0.00859106529209622,0.00859106529209622
0.8528,0.0064,0.008,0.0016,0.0032,0.0048,0.0032,0.0032,0.0016,0.0016,0.0032,0.0064,0.0832,0.0064,0.008,0.0064
0.8350217076700435,0.00723589001447178,0.00723589001447178,0.002894356005788712,0.004341534008683068,0.002894356005788712,0.002894356005788712,0.00723589001447178,0.001447178002894356,0.001447178002894356,0.002894356005788712,0.005788712011577424,0.09985528219971057,0.004341534008683068,0.00723589001447178,0.00723589001447178
0.8279132791327913,0.008130081300813009,0.006775067750677507,0.0040650406504065045,0.0040650406504065045,0.0027100271002710027,0.0027100271002710027,0.006775067750677507,0.0040650406504065045,0.0027100271002710027,0.0027100271002710027,0.008130081300813009,0.0975609756097561,0.005420054200542005,0.006775067750677507,0.009485094850948509
0.8214731585518102,0.006242197253433208,0.006242197253433208,0.003745318352059925,0.003745318352059925,0.003745318352059925,0.003745318352059925,0.004993757802746567,0.003745318352059925,0.0024968789013732834,0.0024968789013732834,0.00749063670411985,0.1111111111111111,0.004993757802746567,0.00749063670411985,0.006242197253433208
0.8187066974595842,0.005773672055427252,0.008083140877598153,0.003464203233256351,0.003464203233256351,0.003464203233256351,0.005773672055427252,0.005773672055427252,0.003464203233256351,0.003464203233256351,0.0023094688221709007,0.006928406466512702,0.10969976905311778,0.004618937644341801,0.006928406466512702,0.008083140877598153
0.8159311087190527,0.005382131324004306,0.008611410118406888,0.002152852529601722,0.004305705059203444,0.0032292787944025836,0.005382131324004306,0.006458557588805167,0.0032292787944025836,0.0032292787944025836,0.002152852529601722,0.005382131324004306,0.11302475780409042,0.005382131324004306,0.008611410118406888,0.007534983853606028
0.807035175879397,0.005025125628140704,0.007035175879396985,0.0020100502512562816,0.004020100502512563,0.006030150753768844,0.005025125628140704,0.003015075376884422,0.004020100502512563,0.0020100502512562816,0.003015075376884422,0.003015075376884422,0.12663316582914572,0.005025125628140704,0.007035175879396985,0.010050251256281407
0.8098859315589354,0.004752851711026616,0.006653992395437262,0.0009505703422053232,0.0038022813688212928,0.005703422053231939,0.004752851711026616,0.0028517110266159697,0.0028517110266159697,0.0009505703422053232,0.005703422053231939,0.0038022813688212928,0.12832699619771862,0.004752851711026616,0.0076045627376425855,0.006653992395437262
0.8012820512820513,0.005494505494505495,0.00641025641025641,0.0018315018315018315,0.0027472527472527475,0.007326007326007326,0.004578754578754579,0.0027472527472527475,0.0027472527472527475,0.0009157509157509158,0.005494505494505495,0.003663003663003663,0.1346153846153846,0.00641025641025641,0.007326007326007326,0.00641025641025641
0.8,0.005194805194805195,0.006060606060606061,0.0017316017316017316,0.003463203463203463,0.006060606060606061,0.005194805194805195,0.0025974025974025974,0.0008658008658008658,0.0017316017316017316,0.005194805194805195,0.0025974025974025974,0.13852813852813853,0.006926406926406926,0.007792207792207792,0.006060606060606061
0.7965116279069767,0.004152823920265781,0.005813953488372093,0.0016611295681063123,0.004152823920265781,0.007475083056478406,0.005813953488372093,0.0033222591362126247,0.0008305647840531562,0.0016611295681063123,0.0033222591362126247,0.0024916943521594683,0.14285714285714285,0.008305647840531562,0.007475083056478406,0.004152823920265781
0.7995426829268293,0.004573170731707317,0.006097560975609756,0.003048780487804878,0.003048780487804878,0.007621951219512195,0.005335365853658537,0.0038109756097560975,0.0,0.001524390243902439,0.003048780487804878,0.0022865853658536584,0.1410060975609756,0.007621951219512195,0.006097560975609756,0.005335365853658537
0.7962016070124178,0.005113221329437546,0.006574141709276844,0.004382761139517896,0.002191380569758948,0.008035062089116142,0.005843681519357195,0.003652300949598247,0.0,0.002191380569758948,0.003652300949598247,0.005843681519357195,0.13805697589481372,0.008035062089116142,0.005843681519357195,0.004382761139517896
0.7856145251396648,0.004189944134078212,0.004888268156424581,0.004888268156424581,0.002094972067039106,0.007681564245810056,0.00558659217877095,0.002793296089385475,0.0013966480446927375,0.002094972067039106,0.004189944134078212,0.006284916201117319,0.15293296089385475,0.006284916201117319,0.00558659217877095,0.0034916201117318434
0.7811244979919679,0.004016064257028112,0.00535475234270415,0.006024096385542169,0.0013386880856760374,0.008032128514056224,0.00535475234270415,0.004016064257028112,0.0013386880856760374,0.0033467202141900937,0.0033467202141900937,0.00535475234270415,0.15595716198125836,0.00535475234270415,0.006024096385542169,0.004016064257028112
0.7720105124835742,0.005913272010512484,0.003942181340341655,0.006570302233902759,0.001314060446780552,0.008541392904073587,0.005913272010512484,0.003942181340341655,0.0019710906701708277,0.002628120893561104,0.0032851511169513796,0.0045992115637319315,0.1636005256241787,0.005256241787122208,0.005256241787122208,0.005256241787122208
0.7707286432160804,0.005653266331658292,0.0043969849246231155,0.006909547738693468,0.002512562814070352,0.010678391959798994,0.00628140703517588,0.0037688442211055275,0.00314070351758794,0.002512562814070352,0.00314070351758794,0.0037688442211055275,0.1614321608040201,0.006909547738693468,0.0043969849246231155,0.0037688442211055275
0.7677811550151976,0.0060790273556231,0.00425531914893617,0.007902735562310031,0.00303951367781155,0.00851063829787234,0.00547112462006079,0.00303951367781155,0.00364741641337386,0.0024316109422492403,0.00303951367781155,0.00364741641337386,0.16778115501519758,0.006686930091185411,0.00364741641337386,0.00303951367781155
0.7650849443468073,0.006444053895723492,0.0035149384885764497,0.00995899238429994,0.0029291154071470417,0.008787346221441126,0.005272407732864675,0.0023432923257176333,0.0035149384885764497,0.0029291154071470417,0.004100761570005858,0.0035149384885764497,0.1698886936145284,0.005272407732864675,0.004100761570005858,0.0023432923257176333
0.7685714285714286,0.005142857142857143,0.0034285714285714284,0.009142857142857144,0.004,0.008,0.004571428571428572,0.002857142857142857,0.004,0.002857142857142857,0.004,0.002285714285714286,0.1697142857142857,0.005142857142857143,0.004571428571428572,0.0017142857142857142
0.7602436323366556,0.005537098560354375,0.003875968992248062,0.01107419712070875,0.0049833887043189366,0.006644518272425249,0.004429678848283499,0.0033222591362126247,0.003875968992248062,0.0033222591362126247,0.003875968992248062,0.0016611295681063123,0.1744186046511628,0.005537098560354375,0.0049833887043189366,0.0022148394241417496
0.7551799345692476,0.004907306434023991,0.0054525627044711015,0.011995637949836423,0.004907306434023991,0.0059978189749182115,0.0054525627044711015,0.003271537622682661,0.003816793893129771,0.003816793893129771,0.004362050163576881,0.0016357688113413304,0.17611777535441658,0.0054525627044711015,0.0054525627044711015,0.0021810250817884407
0.749211356466877,0.0057833859095688745,0.005257623554153523,0.011566771819137749,0.004206098843322818,0.0057833859095688745,0.0057833859095688745,0.0031545741324921135,0.003680336487907466,0.0031545741324921135,0.005257623554153523,0.002103049421661409,0.1808622502628812,0.005257623554153523,0.005257623554153523,0.003680336487907466
0.748696558915537,0.005213764337851929,0.005735140771637122,0.011991657977059436,0.0031282586027111575,0.007820646506777894,0.0046923879040667365,0.0031282586027111575,0.0031282586027111575,0.0036496350364963502,0.005213764337851929,0.0026068821689259644,0.17987486965589156,0.006256517205422315,0.005213764337851929,0.0036496350364963502
0.742973939703628,0.005620848237097598,0.004087889626980072,0.010730710270822688,0.004087889626980072,0.007664793050587634,0.005620848237097598,0.0030659172202350538,0.0030659172202350538,0.004087889626980072,0.005109862033725089,0.004087889626980072,0.1829330608073582,0.007153806847215125,0.005109862033725089,0.004598875830352581
0.7435638566380616,0.004543160020191822,0.004543160020191822,0.011610297829379102,0.005047955577990914,0.008076728924785462,0.006057546693589096,0.003028773346794548,0.003028773346794548,0.004038364462392731,0.005047955577990914,0.005047955577990914,0.17970721857647654,0.00757193336698637,0.004543160020191822,0.004543160020191822
0.7376407244248654,0.004894762604013705,0.004405286343612335,0.014684287812041116,0.005873715124816446,0.00783162016642193,0.005873715124816446,0.0024473813020068525,0.002936857562408223,0.003915810083210965,0.005873715124816446,0.004894762604013705,0.18208516886930984,0.008321096426823299,0.004405286343612335,0.003915810083210965
0.7412553905126976,0.004791566842357451,0.0028749401054144704,0.014374700527072353,0.005749880210828941,0.007666506947771922,0.005270723526593196,0.004791566842357451,0.0023957834211787254,0.004312410158121706,0.005270723526593196,0.005270723526593196,0.17920459990416868,0.008624820316243412,0.003833253473885961,0.004312410158121706
0.7349282296650718,0.004784688995215311,0.0028708133971291866,0.014354066985645933,0.005741626794258373,0.006220095693779904,0.005741626794258373,0.00430622009569378,0.00430622009569378,0.00430622009569378,0.005263157894736842,0.005741626794258373,0.18373205741626794,0.00909090909090909,0.0033492822966507177,0.005263157894736842
0.7271442035815269,0.0051837888784165885,0.003298774740810556,0.014608859566446749,0.006126295947219604,0.0051837888784165885,0.005655042412818096,0.00471253534401508,0.006597549481621112,0.00471253534401508,0.004241281809613572,0.00706880301602262,0.1885014137606032,0.008482563619227144,0.003770028275212064,0.00471253534401508
0.7229539040451552,0.005644402634054563,0.003292568203198495,0.016933207902163686,0.0051740357478833494,0.005644402634054563,0.00658513640639699,0.0051740357478833494,0.0070555032925682035,0.0061147695202257765,0.0042333019755409216,0.008936970837253057,0.18673565380997179,0.008466603951081843,0.0028222013170272815,0.0042333019755409216
0.7243619489559164,0.005104408352668214,0.0027842227378190253,0.017633410672853827,0.005568445475638051,0.0064965197215777265,0.0064965197215777265,0.0060324825986078886,0.00788863109048724,0.0064965197215777265,0.0037122969837587007,0.007424593967517401,0.18561484918793503,0.008352668213457077,0.0032482598607888632,0.0027842227378190253
0.7226851851851852,0.005092592592592593,0.0023148148148148147,0.01898148148148148,0.005092592592592593,0.0060185185185185185,0.0060185185185185185,0.0060185185185185185,0.006481481481481481,0.004629629629629629,0.004166666666666667,0.006944444444444444,0.18796296296296297,0.008796296296296297,0.004166666666666667,0.004629629629629629
0.7201112140871178,0.0037071362372567192,0.0037071362372567192,0.022706209453197405,0.004633920296570899,0.004633920296570899,0.0074142724745134385,0.006950880444856348,0.006950880444856348,0.004633920296570899,0.005097312326227989,0.0074142724745134385,0.18535681186283595,0.008341056533827619,0.0037071362372567192,0.004633920296570899
0.7216400911161731,0.0036446469248291574,0.0036446469248291574,0.0214123006833713,0.005011389521640091,0.005011389521640091,0.00683371298405467,0.008200455580865604,0.00592255125284738,0.00683371298405467,0.005011389521640091,0.007744874715261959,0.18405466970387244,0.00683371298405467,0.0036446469248291574,0.004555808656036446
0.7254545454545455,0.004090909090909091,0.003181818181818182,0.021363636363636362,0.005454545454545455,0.004545454545454545,0.006363636363636364,0.008181818181818182,0.005909090909090909,0.006818181818181818,0.005454545454545455,0.007272727272727273,0.1809090909090909,0.006818181818181818,0.0036363636363636364,0.004545454545454545
0.7246312025033527,0.003576218149307108,0.004023245417970496,0.022798390701832812,0.0049172999552972736,0.004470272686633884,0.005364327223960662,0.007599463567277604,0.004023245417970496,0.007152436298614216,0.005364327223960662,0.008046490835940992,0.18417523468931604,0.006705409029950827,0.003576218149307108,0.003576218149307108
0.7212822796081924,0.004452359750667854,0.003561887800534283,0.02315227070347284,0.004897595725734639,0.004897595725734639,0.00578806767586821,0.008459483526268923,0.004452359750667854,0.006233303650934996,0.005342831700801425,0.007123775601068566,0.18699910952804988,0.007123775601068566,0.003561887800534283,0.0026714158504007124
0.7223456241670368,0.006663705019991115,0.003109729009329187,0.02265659706796979,0.006219458018658374,0.0053309640159928924,0.0053309640159928924,0.007996446023989337,0.005775211017325633,0.0053309640159928924,0.004886717014660151,0.007552199022656597,0.18258551754775657,0.007107952021323856,0.003998223011994669,0.003109729009329187
0.7194690265486726,0.00663716814159292,0.002654867256637168,0.023451327433628318,0.006194690265486726,0.005752212389380531,0.0035398230088495575,0.008407079646017699,0.006194690265486726,0.006194690265486726,0.0048672566371681415,0.00752212389380531,0.18539823008849557,0.00663716814159292,0.003982300884955752,0.003097345132743363
0.7183348095659876,0.006200177147918512,0.00354295837023915,0.026572187776793623,0.005757307351638618,0.00487156775907883,0.0044286979627989375,0.009300265721877768,0.006643046944198406,0.006200177147918512,0.0044286979627989375,0.008857395925597875,0.18113374667847654,0.005757307351638618,0.00487156775907883,0.003100088573959256
0.7108647450110864,0.006208425720620843,0.003547671840354767,0.024390243902439025,0.005764966740576497,0.004878048780487805,0.004878048780487805,0.00975609756097561,0.0066518847006651885,0.0066518847006651885,0.005321507760532151,0.007982261640798226,0.18802660753880265,0.005321507760532151,0.006208425720620843,0.003547671840354767
0.7065789473684211,0.005701754385964913,0.0043859649122807015,0.02456140350877193,0.005701754385964913,0.004824561403508772,0.005701754385964913,0.010087719298245614,0.006578947368421052,0.007017543859649123,0.005701754385964913,0.008333333333333333,0.1868421052631579,0.0061403508771929825,0.007456140350877193,0.0043859649122807015
0.7082965578111209,0.00706090026478376,0.00441306266548985,0.024271844660194174,0.005736981465136805,0.0048543689320388345,0.005736981465136805,0.009708737864077669,0.00617828773168579,0.007502206531332745,0.00617828773168579,0.009708737864077669,0.1822594880847308,0.006619593998234775,0.007502206531332745,0.003971756398940865
0.7000891265597148,0.007575757575757576,0.0035650623885918,0.024955436720142603,0.006238859180035651,0.0035650623885918,0.0066844919786096255,0.010249554367201427,0.0066844919786096255,0.008467023172905526,0.0066844919786096255,0.009358288770053475,0.1876114081996435,0.0071301247771836,0.0071301247771836,0.004010695187165776
0.7005277044854882,0.007036059806508356,0.00395778364116095,0.026824978012313105,0.007036059806508356,0.004837291116974494,0.006596306068601583,0.010993843447669306,0.006596306068601583,0.009234828496042216,0.006596306068601583,0.008795074758135445,0.18293755496921724,0.0079155672823219,0.006596306068601583,0.003518029903254178
0.6976639712488769,0.0076370170709793355,0.0035938903863432167,0.029200359389038633,0.0076370170709793355,0.004941599281221923,0.0076370170709793355,0.011230907457322551,0.0071877807726864335,0.0071877807726864335,0.006738544474393531,0.008984725965858042,0.18283917340521114,0.006738544474393531,0.006289308176100629,0.004492362982929021
0.6969968623935455,0.008516360376512775,0.004034065441506051,0.02734199910354101,0.00761990138951143,0.004930524428507396,0.008068130883012102,0.010757507844016136,0.00761990138951143,0.006723442402510085,0.007171671896010758,0.008516360376512775,0.184670551322277,0.007171671896010758,0.004930524428507396,0.004930524428507396
0.6907953529937444,0.007596067917783735,0.004468275245755138,0.02680965147453083,0.007596067917783735,0.004468275245755138,0.00804289544235925,0.00938337801608579,0.0071492403932082215,0.006702412868632708,0.006702412868632708,0.008489722966934763,0.1966041108132261,0.007596067917783735,0.004468275245755138,0.003127792672028597
0.6932377966860725,0.00850873264666368,0.005373936408419167,0.02418271383788625,0.006717420510523959,0.0044782803403493054,0.00806090461262875,0.009404388714733543,0.006269592476489028,0.00761307657859382,0.00761307657859382,0.00850873264666368,0.1961486789072996,0.006717420510523959,0.004030452306314375,0.003134796238244514
0.6959399823477493,0.010150044130626656,0.00794351279788173,0.02736098852603707,0.00617828773168579,0.00441306266548985,0.00706090026478376,0.010150044130626656,0.006619593998234775,0.00794351279788173,0.006619593998234775,0.00794351279788173,0.18711385701676964,0.00706090026478376,0.003089143865842895,0.00441306266548985
0.6906028368794326,0.010638297872340425,0.007978723404255319,0.028812056737588652,0.0062056737588652485,0.004875886524822695,0.008421985815602837,0.00975177304964539,0.0070921985815602835,0.007535460992907801,0.0062056737588652485,0.010638297872340425,0.1879432624113475,0.006648936170212766,0.0026595744680851063,0.003989361702127659
0.6955941255006676,0.009345794392523364,0.0075656430796617715,0.03204272363150868,0.006230529595015576,0.0075656430796617715,0.00801068090787717,0.009790832220738763,0.006675567423230975,0.006675567423230975,0.0053404539385847796,0.011125945705384957,0.1811303960836671,0.006230529595015576,0.0026702269692923898,0.004005340453938585
0.6981300089047195,0.008014247551202136,0.007123775601068566,0.02983081032947462,0.005342831700801425,0.007569011576135352,0.006233303650934996,0.009349955476402494,0.006233303650934996,0.006233303650934996,0.005342831700801425,0.011130899376669634,0.1861086375779163,0.00578806767586821,0.0026714158504007124,0.004897595725734639
0.7030973451327434,0.007079646017699115,0.007964601769911504,0.030973451327433628,0.005752212389380531,0.00752212389380531,0.005752212389380531,0.009292035398230088,0.005309734513274336,0.006194690265486726,0.0048672566371681415,0.009292035398230088,0.1831858407079646,0.005752212389380531,0.002654867256637168,0.005309734513274336
0.69826435246996,0.006230529595015576,0.0075656430796617715,0.032932799287939477,0.005785491766800178,0.008455718736092568,0.004895416110369382,0.008455718736092568,0.004005340453938585,0.006675567423230975,0.006230529595015576,0.009790832220738763,0.18691588785046728,0.004450378282153983,0.003115264797507788,0.006230529595015576
0.6958831341301461,0.005754758742806552,0.006640106241699867,0.034528552456839307,0.00619743249225321,0.007525453740593183,0.004426737494466578,0.008410801239486499,0.00398406374501992,0.005312084993359893,0.005754758742806552,0.011066843736166445,0.18813634351482958,0.00619743249225321,0.00398406374501992,0.00619743249225321
0.6908362989323843,0.0066725978647686835,0.004893238434163701,0.0400355871886121,0.005782918149466192,0.007562277580071174,0.00400355871886121,0.00800711743772242,0.0035587188612099642,0.004448398576512456,0.005338078291814947,0.009786476868327402,0.19172597864768684,0.0066725978647686835,0.004448398576512456,0.006227758007117438
0.6948775055679287,0.0062360801781737195,0.004899777282850779,0.037416481069042315,0.004899777282850779,0.008017817371937639,0.004899777282850779,0.0075723830734966595,0.004008908685968819,0.004454342984409799,0.005345211581291759,0.009799554565701559,0.18975501113585747,0.0062360801781737195,0.004899777282850779,0.0066815144766146995
0.692171605484299,0.005307386112339673,0.004865103936311367,0.03759398496240601,0.004865103936311367,0.007076514816452897,0.004422821760283061,0.00796107916850951,0.003980539584254755,0.004865103936311367,0.005307386112339673,0.010614772224679346,0.18973905351614329,0.007518796992481203,0.004865103936311367,0.008845643520566122
0.6932377966860725,0.005373936408419167,0.004030452306314375,0.03672189879086431,0.004030452306314375,0.005821764442454098,0.0044782803403493054,0.008956560680698611,0.0035826242722794446,0.0049261083743842365,0.005821764442454098,0.010747872816838333,0.19122257053291536,0.008956560680698611,0.0044782803403493054,0.00761307657859382
0.6940133037694013,0.006208425720620843,0.004878048780487805,0.03414634146341464,0.003991130820399113,0.005321507760532151,0.005321507760532151,0.008869179600886918,0.0026607538802660754,0.004878048780487805,0.005764966740576497,0.010199556541019957,0.1902439024390244,0.010199556541019957,0.004878048780487805,0.008425720620842573
0.6877748460861918,0.006156552330694811,0.005277044854881266,0.02990325417766051,0.004837291116974494,0.005277044854881266,0.006596306068601583,0.010114335971855761,0.0030782761653474055,0.004837291116974494,0.005716798592788039,0.012313104661389622,0.19217238346525944,0.010554089709762533,0.005277044854881266,0.010114335971855761
0.6841403820524211,0.006219458018658374,0.0053309640159928924,0.03287427809862283,0.005775211017325633,0.005775211017325633,0.007107952021323856,0.009773434029320302,0.003553976010661928,0.00444247001332741,0.006219458018658374,0.011994669035984007,0.19013771657041315,0.011550422034651266,0.004886717014660151,0.010217681030653044
0.6832460732984293,0.006108202443280977,0.004799301919720768,0.03577661431064572,0.006544502617801047,0.006544502617801047,0.005671902268760907,0.010034904013961605,0.0030541012216404886,0.004799301919720768,0.006108202443280977,0.012216404886561954,0.18891797556719023,0.010907504363001745,0.004799301919720768,0.010471204188481676
0.6822222222222222,0.0044444444444444444,0.004,0.035555555555555556,0.006666666666666667,0.0071111111111111115,0.0057777777777777775,0.008,0.004,0.004888888888888889,0.006222222222222222,0.011555555555555555,0.19466666666666665,0.010222222222222223,0.0044444444444444444,0.010222222222222223
0.6827007943512798,0.003971756398940865,0.003971756398940865,0.03574580759046778,0.005736981465136805,0.00706090026478376,0.00529567519858782,0.0088261253309797,0.00529567519858782,0.00529567519858782,0.006619593998234775,0.01147396293027361,0.19064430714916153,0.011032656663724626,0.00529567519858782,0.011032656663724626
0.681049822064057,0.0035587188612099642,0.00400355871886121,0.03336298932384341,0.0066725978647686835,0.0066725978647686835,0.004893238434163701,0.009341637010676156,0.005782918149466192,0.006227758007117438,0.0071174377224199285,0.012900355871886121,0.19217081850533807,0.01112099644128114,0.004448398576512456,0.010676156583629894
0.6792369121561668,0.0026619343389529724,0.00354924578527063,0.035048802129547474,0.00709849157054126,0.0075421472937000885,0.005323868677905945,0.009316770186335404,0.006654835847382431,0.005767524401064774,0.007985803016858917,0.012866015971606033,0.1898846495119787,0.01064773735581189,0.0044365572315882874,0.011978704525288377
0.6795555555555556,0.0022222222222222222,0.003111111111111111,0.03777777777777778,0.007555555555555556,0.008,0.0057777777777777775,0.009777777777777778,0.007555555555555556,0.0071111111111111115,0.008444444444444444,0.012888888888888889,0.18622222222222223,0.009777777777777778,0.0035555555555555557,0.010666666666666666
0.6757359500446031,0.0022301516503122213,0.0026761819803746653,0.03969669937555754,0.007136485280999108,0.008920606601248885,0.006244424620874219,0.009812667261373774,0.00847457627118644,0.007136485280999108,0.00936663693131133,0.012488849241748439,0.18376449598572703,0.00936663693131133,0.004906333630686887,0.012042818911685994
0.669029685423128,0.002215330084182543,0.003544528134692069,0.04209127159946832,0.007532122286220647,0.007089056269384138,0.0057598582188746125,0.011962782454585734,0.007975188303057155,0.007975188303057155,0.00930438635356668,0.011076650420912717,0.18874612317235268,0.008418254319893664,0.005316792202038104,0.011962782454585734
0.6727515583259127,0.002226179875333927,0.004007123775601068,0.04229741763134461,0.007569011576135352,0.006678539626001781,0.004897595725734639,0.01068566340160285,0.007569011576135352,0.008014247551202136,0.008459483526268923,0.008459483526268923,0.188780053428317,0.008904719501335707,0.006233303650934996,0.012466607301869992
0.6702222222222223,0.004,0.005333333333333333,0.04088888888888889,0.006666666666666667,0.007555555555555556,0.0057777777777777775,0.011555555555555555,0.008,0.008,0.008444444444444444,0.006666666666666667,0.18933333333333333,0.008888888888888889,0.006666666666666667,0.012
0.6620842572062084,0.004434589800443459,0.003991130820399113,0.04390243902439024,0.007095343680709534,0.007095343680709534,0.0066518847006651885,0.01197339246119734,0.007982261640798226,0.008425720620842573,0.008425720620842573,0.007095343680709534,0.19334811529933482,0.007982261640798226,0.0066518847006651885,0.012860310421286032
0.6641459074733096,0.005338078291814947,0.005338078291814947,0.03959074733096085,0.0066725978647686835,0.007562277580071174,0.007562277580071174,0.01112099644128114,0.007562277580071174,0.009786476868327402,0.00800711743772242,0.00800711743772242,0.19217081850533807,0.00800711743772242,0.0066725978647686835,0.012455516014234875
0.6564885496183206,0.004939380332285586,0.005388414907947912,0.04041311180960934,0.00673551863493489,0.009878760664571173,0.007184553210597216,0.011674898967220475,0.008082622361921869,0.011674898967220475,0.007633587786259542,0.009429726088908847,0.1917377638078132,0.008531656937584195,0.00673551863493489,0.01347103726986978
0.6496872207327972,0.004915102770330653,0.006255585344057194,0.04155495978552279,0.005361930294906166,0.011170688114387846,0.0071492403932082215,0.011170688114387846,0.006702412868632708,0.012064343163538873,0.007596067917783735,0.00938337801608579,0.19481680071492405,0.00938337801608579,0.0071492403932082215,0.015638963360142984
0.6487695749440716,0.0044742729306487695,0.0058165548098434005,0.042058165548098436,0.005369127516778523,0.013422818791946308,0.0071588366890380315,0.010738255033557046,0.006711409395973154,0.012080536912751677,0.007606263982102908,0.009843400447427294,0.19686800894854586,0.009395973154362415,0.0058165548098434005,0.013870246085011185
0.651318730442557,0.0031291908806437194,0.006258381761287439,0.04336164506034868,0.006258381761287439,0.010728654447921324,0.007152436298614216,0.011175681716584712,0.006705409029950827,0.010281627179257935,0.007152436298614216,0.009834599910594547,0.19713902548055431,0.009387572641931158,0.00581135449262405,0.014304872597228431
0.6493794326241135,0.003989361702127659,0.006648936170212766,0.04210992907801418,0.0070921985815602835,0.012411347517730497,0.0070921985815602835,0.011081560283687944,0.0062056737588652485,0.008865248226950355,0.0062056737588652485,0.010195035460992909,0.19680851063829788,0.010195035460992909,0.0062056737588652485,0.01551418439716312
0.644174538911381,0.00449842555105713,0.007197480881691408,0.042735042735042736,0.006297795771479982,0.01349527665317139,0.006747638326585695,0.011246063877642825,0.006297795771479982,0.006297795771479982,0.007197480881691408,0.009446693657219974,0.20242914979757085,0.010796221322537112,0.005847953216374269,0.015294646873594242
0.6456938866577421,0.004462293618920125,0.006693440428380187,0.04194556001784917,0.006693440428380187,0.012940651494868362,0.006247211066488175,0.0107095046854083,0.007585899152164213,0.006247211066488175,0.007585899152164213,0.009370816599732263,0.20080321285140562,0.012048192771084338,0.006693440428380187,0.0142793395805444
0.6432384341637011,0.004448398576512456,0.006227758007117438,0.04403914590747331,0.0071174377224199285,0.012455516014234875,0.005338078291814947,0.01112099644128114,0.0066725978647686835,0.005782918149466192,0.007562277580071174,0.010231316725978648,0.2041814946619217,0.01201067615658363,0.0071174377224199285,0.012455516014234875
0.6498422712933754,0.00405588102748986,0.004957187922487607,0.04371338440739072,0.007210455159981974,0.01216764308246958,0.005858494817485353,0.011716989634970707,0.007210455159981974,0.004957187922487607,0.007210455159981974,0.009914375844975214,0.20099143758449753,0.012618296529968454,0.0067598017124831005,0.010815682739972961
0.6505643340857787,0.004966139954853273,0.004514672686230248,0.04334085778781038,0.007674943566591422,0.009932279909706547,0.007674943566591422,0.009480812641083521,0.006320541760722348,0.004966139954853273,0.005869074492099322,0.007223476297968397,0.2076749435665914,0.012641083521444696,0.005417607223476298,0.011738148984198645
0.6512042818911686,0.003568242640499554,0.0044603033006244425,0.04415700267618198,0.008028545941123996,0.011150758251561105,0.007582515611061552,0.00847457627118644,0.006244424620874219,0.0044603033006244425,0.006244424620874219,0.007136485280999108,0.2087421944692239,0.012488849241748439,0.0053523639607493305,0.010704727921498661
0.6513802315227071,0.004007123775601068,0.004897595725734639,0.04630454140694568,0.007569011576135352,0.012021371326803205,0.007569011576135352,0.010240427426536063,0.006678539626001781,0.004452359750667854,0.006233303650934996,0.004007123775601068,0.20792520035618878,0.012466607301869992,0.004452359750667854,0.009795191451469279
0.651487826871055,0.0040577096483318306,0.004959422903516681,0.046889089269612265,0.008115419296663661,0.009918845807033363,0.008115419296663661,0.010820559062218215,0.005410279531109108,0.0036068530207394047,0.005861136158701533,0.005410279531109108,0.21009918845807032,0.012173128944995492,0.0040577096483318306,0.009017132551848512
0.6511318242343542,0.003550821127385708,0.005770084332001775,0.05059920106524634,0.008433200177541057,0.010208610741233911,0.00887705281846427,0.008433200177541057,0.006213936972924989,0.0039946737683089215,0.006213936972924989,0.004882379050155349,0.20594762538837105,0.01287172658677319,0.003550821127385708,0.009320905459387484
0.6534040671971706,0.0035366931918656055,0.00618921308576481,0.052166224580017684,0.007515473032714412,0.010610079575596816,0.008399646330680813,0.007957559681697613,0.005747126436781609,0.0035366931918656055,0.005747126436781609,0.005305039787798408,0.20247568523430592,0.013262599469496022,0.003978779840848806,0.010167992926613616
0.6544733362714852,0.0035257822829440283,0.0057293962097840455,0.049801674746584396,0.007051564565888057,0.011018069634200088,0.008373732921992068,0.007051564565888057,0.00617011899515205,0.004407227853680035,0.00617011899515205,0.004407227853680035,0.20493609519612163,0.0123402379903041,0.003966505068312032,0.010577346848832084
0.65527950310559,0.0044365572315882874,0.0048802129547471165,0.04791481810115351,0.0075421472937000885,0.009316770186335404,0.00709849157054126,0.008873114463176575,0.005767524401064774,0.003992901508429458,0.005767524401064774,0.005323868677905945,0.2067435669920142,0.011535048802129548,0.0044365572315882874,0.011091393078970719
0.6543921916592724,0.0044365572315882874,0.0048802129547471165,0.044365572315882874,0.0075421472937000885,0.009760425909494233,0.006211180124223602,0.008873114463176575,0.006211180124223602,0.00354924578527063,0.00709849157054126,0.005323868677905945,0.20896184560780834,0.011978704525288377,0.0044365572315882874,0.011978704525288377
0.6529516994633273,0.004472271914132379,0.007155635062611807,0.04203935599284436,0.008050089445438283,0.011180679785330949,0.006261180679785331,0.008050089445438283,0.006261180679785331,0.0035778175313059034,0.007155635062611807,0.006261180679785331,0.21064400715563505,0.011180679785330949,0.0035778175313059034,0.011180679785330949
0.6548200799644602,0.00444247001332741,0.006663705019991115,0.04486894713460684,0.008440693025322079,0.011106175033318524,0.006219458018658374,0.00888494002665482,0.0053309640159928924,0.003553976010661928,0.006663705019991115,0.006219458018658374,0.20746334962239005,0.010661928031985785,0.003998223011994669,0.010661928031985785
0.6527345486883059,0.004001778568252557,0.006224988883948421,0.044464206313917294,0.008892841262783458,0.01067140951534015,0.006224988883948421,0.008892841262783458,0.005335704757670075,0.004001778568252557,0.00755891507336594,0.007114273010226767,0.20987105380168963,0.01067140951534015,0.004891062694530902,0.008448199199644287
0.6452476572958501,0.0049085229808121375,0.006247211066488175,0.04417670682730924,0.009370816599732263,0.010263275323516287,0.008032128514056224,0.00892458723784025,0.004462293618920125,0.004462293618920125,0.008478357875948238,0.006247211066488175,0.214190093708166,0.010263275323516287,0.00535475234270415,0.009370816599732263
0.6469542018674966,0.005335704757670075,0.006224988883948421,0.04313028012449978,0.008892841262783458,0.009782125389061804,0.008448199199644287,0.008003557136505114,0.004001778568252557,0.004001778568252557,0.008003557136505114,0.008003557136505114,0.21431747443308136,0.009337483325922631,0.005335704757670075,0.010226767452200978
0.6505068312031732,0.004407227853680035,0.006610841780520053,0.045394446892904367,0.00749228735125606,0.010136624063464082,0.007051564565888057,0.00749228735125606,0.0035257822829440283,0.003966505068312032,0.007051564565888057,0.007933010136624064,0.2124283825473777,0.010136624063464082,0.0057293962097840455,0.010136624063464082
0.6486607142857143,0.004910714285714286,0.00625,0.044642857142857144,0.007589285714285714,0.010267857142857143,0.006696428571428571,0.007589285714285714,0.004464285714285714,0.004464285714285714,0.007142857142857143,0.00625,0.21473214285714284,0.010714285714285714,0.005357142857142857,0.010267857142857143
