C_R,C_A,C_S,C_N,D_R,D_A,D_S,D_N,Oc_R,Oc_A,Oc_S,Oc_N,Od_R,Od_A,Od_S,Od_N
0.0,0.0,0.0,0.0,1.0,0.0,0.0,0.0,0.0,0.0,0.0,0.0,0.0,0.0,0.0,0.0
0.0,0.0,0.5,0.0,0.5,0.0,0.0,0.0,0.0,0.0,0.0,0.0,0.0,0.0,0.0,0.0
0.0,0.0,0.3333333333333333,0.0,0.3333333333333333,0.0,0.0,0.0,0.0,0.3333333333333333,0.0,0.0,0.0,0.0,0.0,0.0
0.0,0.3333333333333333,0.0,0.0,0.3333333333333333,0.0,0.0,0.0,0.0,0.3333333333333333,0.0,0.0,0.0,0.0,0.0,0.0
0.0,0.0,0.0,0.0,0.25,0.0,0.0,0.0,0.0,0.25,0.0,0.0,0.5,0.0,0.0,0.0
0.0,0.0,0.0,0.0,0.16666666666666666,0.0,0.0,0.0,0.0,0.16666666666666666,0.0,0.0,0.5,0.16666666666666666,0.0,0.0
0.0,0.0,0.0,0.0,0.2857142857142857,0.0,0.0,0.0,0.0,0.0,0.0,0.0,0.5714285714285714,0.14285714285714285,0.0,0.0
0.0,0.0,0.0,0.0,0.2,0.0,0.0,0.0,0.0,0.1,0.0,0.0,0.6,0.1,0.0,0.0
0.0,0.0,0.0,0.0,0.14285714285714285,0.0,0.0,0.0,0.0,0.07142857142857142,0.0,0.0,0.7142857142857143,0.07142857142857142,0.0,0.0
0.0,0.0,0.0,0.0,0.09523809523809523,0.0,0.0,0.0,0.0,0.047619047619047616,0.0,0.047619047619047616,0.7619047619047619,0.047619047619047616,0.0,0.0
0.0,0.0,0.0,0.0,0.03333333333333333,0.0,0.0,0.0,0.0,0.03333333333333333,0.0,0.1,0.7666666666666667,0.03333333333333333,0.03333333333333333,0.0
0.0,0.0,0.0,0.023809523809523808,0.023809523809523808,0.0,0.0,0.0,0.0,0.023809523809523808,0.0,0.11904761904761904,0.7619047619047619,0.023809523809523808,0.023809523809523808,0.0
0.0,0.0,0.0,0.017857142857142856,0.017857142857142856,0.0,0.0,0.0,0.0,0.017857142857142856,0.0,0.125,0.8035714285714286,0.0,0.017857142857142856,0.0
0.014705882352941176,0.0,0.0,0.014705882352941176,0.014705882352941176,0.0,0.0,0.0,0.0,0.014705882352941176,0.0,0.10294117647058823,0.8235294117647058,0.0,0.014705882352941176,0.0
0.021739130434782608,0.0,0.010869565217391304,0.010869565217391304,0.010869565217391304,0.010869565217391304,0.0,0.0,0.0,0.010869565217391304,0.021739130434782608,0.06521739130434782,0.8260869565217391,0.0,0.010869565217391304,0.0
0.03508771929824561,0.0,0.008771929824561403,0.0,0.008771929824561403,0.017543859649122806,0.0,0.0,0.0,0.008771929824561403,0.017543859649122806,0.05263157894736842,0.8421052631578947,0.0,0.008771929824561403,0.0
0.0425531914893617,0.0,0.0,0.0,0.0070921985815602835,0.02127659574468085,0.0,0.0,0.0,0.0070921985815602835,0.014184397163120567,0.04964539007092199,0.8439716312056738,0.0070921985815602835,0.0070921985815602835,0.0
0.06521739130434782,0.0,0.010869565217391304,0.010869565217391304,0.010869565217391304,0.016304347826086956,0.0,0.0,0.0,0.0,0.010869565217391304,0.04891304347826087,0.8097826086956522,0.010869565217391304,0.005434782608695652,0.0
0.08333333333333333,0.0,0.009259259259259259,0.004629629629629629,0.004629629629629629,0.023148148148148147,0.0,0.0,0.013888888888888888,0.0,0.009259259259259259,0.041666666666666664,0.7962962962962963,0.009259259259259259,0.004629629629629629,0.0
0.09811320754716982,0.0,0.0037735849056603774,0.0037735849056603774,0.007547169811320755,0.022641509433962263,0.0,0.0,0.011320754716981131,0.0,0.007547169811320755,0.04905660377358491,0.7811320754716982,0.011320754716981131,0.0037735849056603774,0.0
0.11428571428571428,0.0,0.0031746031746031746,0.006349206349206349,0.006349206349206349,0.025396825396825397,0.0,0.0,0.009523809523809525,0.0,0.012698412698412698,0.02857142857142857,0.7746031746031746,0.012698412698412698,0.0031746031746031746,0.0031746031746031746
0.13333333333333333,0.0026666666666666666,0.0026666666666666666,0.005333333333333333,0.005333333333333333,0.02666666666666667,0.0,0.0,0.010666666666666666,0.0,0.005333333333333333,0.02666666666666667,0.768,0.013333333333333334,0.0,0.0
0.13870246085011187,0.0044742729306487695,0.0,0.006711409395973154,0.0044742729306487695,0.026845637583892617,0.0,0.0,0.006711409395973154,0.0,0.0044742729306487695,0.020134228187919462,0.7740492170022372,0.013422818791946308,0.0,0.0
0.15414258188824662,0.005780346820809248,0.0,0.005780346820809248,0.005780346820809248,0.02697495183044316,0.0019267822736030828,0.0,0.005780346820809248,0.0,0.0038535645472061657,0.02119460500963391,0.7552986512524085,0.01348747591522158,0.0,0.0
0.17152658662092624,0.005145797598627788,0.0,0.005145797598627788,0.00686106346483705,0.029159519725557463,0.003430531732418525,0.0,0.00686106346483705,0.0,0.005145797598627788,0.02058319039451115,0.7324185248713551,0.0137221269296741,0.0,0.0
0.17359050445103857,0.005934718100890208,0.0,0.00741839762611276,0.004451038575667656,0.02373887240356083,0.005934718100890208,0.0,0.005934718100890208,0.0,0.005934718100890208,0.02225519287833828,0.7299703264094956,0.01483679525222552,0.0,0.0
0.18543046357615894,0.005298013245033113,0.0013245033112582781,0.011920529801324504,0.007947019867549669,0.02119205298013245,0.006622516556291391,0.0,0.006622516556291391,0.0026490066225165563,0.006622516556291391,0.018543046357615896,0.7125827814569536,0.013245033112582781,0.0,0.0
0.18301435406698566,0.004784688995215311,0.0011961722488038277,0.01555023923444976,0.008373205741626795,0.02033492822966507,0.004784688995215311,0.0,0.005980861244019139,0.0023923444976076554,0.005980861244019139,0.02033492822966507,0.7117224880382775,0.013157894736842105,0.0023923444976076554,0.0
0.19099890230515917,0.0043907793633369925,0.0010976948408342481,0.019758507135016465,0.006586169045005488,0.019758507135016465,0.0043907793633369925,0.0010976948408342481,0.0043907793633369925,0.0021953896816684962,0.007683863885839737,0.019758507135016465,0.7047200878155873,0.010976948408342482,0.0021953896816684962,0.0
0.1898989898989899,0.00404040404040404,0.00101010101010101,0.01919191919191919,0.006060606060606061,0.01919191919191919,0.005050505050505051,0.00101010101010101,0.005050505050505051,0.0030303030303030303,0.010101010101010102,0.01919191919191919,0.7,0.013131313131313131,0.00202020202020202,0.00202020202020202
0.18155893536121673,0.0038022813688212928,0.0009505703422053232,0.016159695817490494,0.005703422053231939,0.021863117870722433,0.004752851711026616,0.0009505703422053232,0.005703422053231939,0.0019011406844106464,0.012357414448669201,0.01806083650190114,0.7062737642585551,0.015209125475285171,0.0019011406844106464,0.0028517110266159697
0.1898846495119787,0.006211180124223602,0.001774622892635315,0.015971606033717833,0.007985803016858917,0.019520851818988466,0.005323868677905945,0.001774622892635315,0.00709849157054126,0.001774622892635315,0.01064773735581189,0.018633540372670808,0.6938775510204082,0.01419698314108252,0.001774622892635315,0.00354924578527063
0.1855840927920464,0.006628003314001657,0.004142502071251036,0.01739850869925435,0.009113504556752278,0.02236951118475559,0.00579950289975145,0.0016570008285004142,0.006628003314001657,0.0016570008285004142,0.008285004142502071,0.020712510356255178,0.6909693454846727,0.014084507042253521,0.0016570008285004142,0.0033140016570008283
0.18925233644859812,0.006230529595015576,0.003894080996884735,0.020249221183800622,0.010903426791277258,0.022585669781931463,0.003894080996884735,0.001557632398753894,0.006230529595015576,0.001557632398753894,0.00778816199376947,0.01791277258566978,0.6939252336448598,0.010903426791277258,0.000778816199376947,0.002336448598130841
0.18877551020408162,0.0058309037900874635,0.0036443148688046646,0.02040816326530612,0.01020408163265306,0.021865889212827987,0.0036443148688046646,0.0014577259475218659,0.006559766763848397,0.0014577259475218659,0.008017492711370262,0.016763848396501458,0.6960641399416909,0.010932944606413994,0.002186588921282799,0.002186588921282799
0.1941340782122905,0.006284916201117319,0.004189944134078212,0.01675977653631285,0.01047486033519553,0.024441340782122904,0.0034916201117318434,0.002793296089385475,0.004189944134078212,0.0013966480446927375,0.007681564245810056,0.015363128491620111,0.6927374301675978,0.011871508379888268,0.0013966480446927375,0.002793296089385475
0.19425901201602136,0.007343124165554072,0.0033377837116154874,0.014686248331108143,0.011348464619492658,0.021361815754339118,0.0033377837116154874,0.0026702269692923898,0.004672897196261682,0.0020026702269692926,0.010013351134846462,0.016688918558077435,0.6889185580774366,0.01335113484646195,0.0020026702269692926,0.004005340453938585
0.1883780332056194,0.007662835249042145,0.0031928480204342275,0.016602809706257982,0.013409961685823755,0.019157088122605363,0.0038314176245210726,0.0038314176245210726,0.0038314176245210726,0.0019157088122605363,0.01277139208173691,0.016602809706257982,0.6877394636015326,0.013409961685823755,0.0031928480204342275,0.004469987228607918
0.19402074435631483,0.006711409395973154,0.0036607687614399025,0.01525320317266626,0.012812690665039659,0.021354484441732765,0.004881025015253203,0.003050640634533252,0.004270896888346553,0.0024405125076266015,0.012812690665039659,0.01586333129957291,0.6778523489932886,0.01464307504575961,0.005491153142159854,0.004881025015253203
0.20153211549793754,0.0076605774896876845,0.0035356511490866236,0.01767825574543312,0.012374779021803181,0.019446081319976428,0.005303476723629935,0.0035356511490866236,0.0041249263406010605,0.002357100766057749,0.012374779021803181,0.016499705362404242,0.6694166175604007,0.01473187978786093,0.004714201532115498,0.004714201532115498
0.20327498588368154,0.007340485601355167,0.003952569169960474,0.018068887634105024,0.01355166572557877,0.020327498588368152,0.005081874647092038,0.0033879164313946925,0.004517221908526256,0.002258610954263128,0.01355166572557877,0.015245623941276116,0.6668548842461886,0.014116318464144552,0.003952569169960474,0.004517221908526256
0.20521172638436483,0.008143322475570033,0.003257328990228013,0.018458197611292075,0.011943539630836048,0.019543973941368076,0.004343105320304018,0.003257328990228013,0.005971769815418024,0.0027144408251900108,0.014657980456026058,0.014657980456026058,0.6634093376764386,0.016286644951140065,0.003800217155266015,0.004343105320304018
0.2129678439641539,0.007380073800738007,0.0031628887717448603,0.022667369530838165,0.012651555086979441,0.018977332630469163,0.004217185028993147,0.0036900369003690036,0.004744333157617291,0.004217185028993147,0.013705851344227728,0.0158144438587243,0.6499736425935688,0.016341591987348445,0.004217185028993147,0.005271481286241434
0.21677614957049016,0.008590197069226882,0.004547751389590703,0.022738756947953513,0.014653865588681153,0.019201616978271854,0.007074279939363315,0.004547751389590703,0.00606366851945427,0.005053057099545225,0.014653865588681153,0.01667508842849924,0.6346639717028802,0.014653865588681153,0.005053057099545225,0.005053057099545225
0.21453287197231835,0.007414730598121601,0.003954522985664854,0.025210084033613446,0.015818091942659415,0.022244191794364803,0.008403361344537815,0.004448838358872961,0.005437469105289174,0.006426099851705388,0.014335145823035097,0.018783984181908058,0.6233316856154226,0.01730103806228374,0.005437469105289174,0.006920415224913495
0.21161228406909788,0.007677543186180422,0.003838771593090211,0.02783109404990403,0.014875239923224568,0.021593090211132437,0.008157389635316698,0.004318618042226488,0.00527831094049904,0.007677543186180422,0.016314779270633396,0.016794625719769675,0.6209213051823417,0.01871401151631478,0.00527831094049904,0.009117082533589251
0.21062441752096925,0.007921714818266543,0.004193849021435228,0.02702702702702703,0.014911463187325256,0.02050326188257223,0.009319664492078284,0.004659832246039142,0.0060577819198508855,0.007455731593662628,0.01537744641192917,0.02050326188257223,0.6164958061509785,0.020037278657968314,0.005591798695246971,0.009319664492078284
0.21280515891294335,0.008751727314601566,0.0036849378166743437,0.02947950253339475,0.018424689083371717,0.019806540764624597,0.010594196222938737,0.006448641179180101,0.006909258406264394,0.006909258406264394,0.016121602947950252,0.019806540764624597,0.6066328880700138,0.018885306310456013,0.005988023952095809,0.008751727314601566
0.211485870556062,0.008204193254329991,0.0031905195989061076,0.02871467639015497,0.019143117593436645,0.021422060164083864,0.011850501367365542,0.0068368277119416595,0.008204193254329991,0.007292616226071103,0.014585232452142206,0.019143117593436645,0.6030082041932543,0.020510483135824976,0.0068368277119416595,0.009571558796718322
0.21463852716659182,0.008082622361921869,0.003143242029636282,0.028738212842388863,0.018859452177817693,0.02155365963179165,0.011674898967220475,0.006286484059272564,0.008531656937584195,0.007184553210597216,0.015267175572519083,0.018410417602155366,0.5999101930848675,0.020655590480466997,0.007184553210597216,0.009878760664571173
0.21386762719495722,0.010355695632597929,0.0036019810895992796,0.029266096352994146,0.01981089599279604,0.01981089599279604,0.012156686177397569,0.005402971634398919,0.00945520036019811,0.007203962179198559,0.016659162539396668,0.01891040072039622,0.5956776226924808,0.020261143628995948,0.00675371454299865,0.010805943268797838
0.21494505494505495,0.01054945054945055,0.003076923076923077,0.03120879120879121,0.02065934065934066,0.02197802197802198,0.01098901098901099,0.007912087912087912,0.009230769230769232,0.008351648351648353,0.017142857142857144,0.02065934065934066,0.5854945054945055,0.02021978021978022,0.006593406593406593,0.01098901098901099
0.2178349600709849,0.01064773735581189,0.0022182786157941437,0.03149955634427684,0.022626441881100266,0.021739130434782608,0.01020408163265306,0.0075421472937000885,0.011091393078970719,0.0075421472937000885,0.016415261756876662,0.02129547471162378,0.580301685891748,0.018633540372670808,0.00709849157054126,0.013309671694764862
0.2208994708994709,0.011022927689594356,0.002204585537918871,0.029982363315696647,0.022486772486772486,0.020282186948853614,0.010141093474426807,0.008818342151675485,0.011904761904761904,0.006613756613756613,0.01675485008818342,0.02292768959435626,0.5767195767195767,0.018077601410934743,0.007054673721340388,0.014109347442680775
0.21645402551693796,0.010998680158380994,0.0026396832380114386,0.032996040475142985,0.02067751869775627,0.019797624285085788,0.012758468983721953,0.009238891333040036,0.014078310602727673,0.007919049714034315,0.01671799384073911,0.02155741311042675,0.5745710514738231,0.01715794104707435,0.008798944126704795,0.013638363396392433
0.2178304787000439,0.00834431269213878,0.002635046113306983,0.030742204655248132,0.021958717610891524,0.01668862538427756,0.012736056214317084,0.00878348704435661,0.016249451032059728,0.00922266139657444,0.01756697408871322,0.022397891963109356,0.5766359244620114,0.016249451032059728,0.007905138339920948,0.014053579270970576
0.21842105263157896,0.011403508771929825,0.002631578947368421,0.030263157894736843,0.021929824561403508,0.017105263157894738,0.013157894736842105,0.008333333333333333,0.014473684210526316,0.010087719298245614,0.018859649122807017,0.02236842105263158,0.5719298245614035,0.017543859649122806,0.007894736842105263,0.013596491228070176
0.214694236691597,0.010558732952045754,0.0026396832380114386,0.029036515618125824,0.02375714914210295,0.01671799384073911,0.011438627364716234,0.008358996920369555,0.01671799384073911,0.011438627364716234,0.02111746590409151,0.02375714914210295,0.5736911570611527,0.01715794104707435,0.004839419269687638,0.014078310602727673
0.2164079822616408,0.010199556541019957,0.0026607538802660754,0.028824833702882482,0.022172949002217297,0.016407982261640797,0.011086474501108648,0.00975609756097561,0.017738359201773836,0.013747228381374724,0.021286031042128603,0.02350332594235033,0.5685144124168514,0.019068736141906874,0.005321507760532151,0.013303769401330377
0.21946902654867256,0.011061946902654867,0.002654867256637168,0.02566371681415929,0.023008849557522124,0.017256637168141593,0.010176991150442478,0.011061946902654867,0.019469026548672566,0.01415929203539823,0.022123893805309734,0.02168141592920354,0.5610619469026549,0.017699115044247787,0.00663716814159292,0.016814159292035398
0.21365638766519823,0.01013215859030837,0.0030837004405286344,0.02555066079295154,0.025110132158590308,0.01762114537444934,0.01013215859030837,0.01145374449339207,0.020704845814977973,0.014977973568281937,0.022026431718061675,0.021145374449339206,0.5634361233480176,0.017180616740088105,0.006167400881057269,0.01762114537444934
0.21119929453262787,0.010141093474426807,0.004409171075837742,0.023809523809523808,0.02513227513227513,0.021164021164021163,0.010582010582010581,0.01146384479717813,0.02072310405643739,0.01675485008818342,0.021164021164021163,0.021604938271604937,0.5599647266313933,0.01763668430335097,0.007054673721340388,0.017195767195767195
0.20813079982324348,0.011931064958020326,0.005302695536897923,0.026071586389748123,0.02695536897923111,0.022536456031816175,0.010605391073795847,0.01104728236853734,0.019885108263367212,0.01723376049491825,0.021210782147591693,0.022978347326557666,0.554131683605833,0.018117543084401236,0.007954043305346884,0.015908086610693768
0.208642514185945,0.012221737232649499,0.005674378000872981,0.026189436927106065,0.027062418158009603,0.020951549541684853,0.009166302924487123,0.01178524661719773,0.01964207769532955,0.016586643387167175,0.023134002618943692,0.022261021388040158,0.5543430816237451,0.017023134002618942,0.009166302924487123,0.016150152771715408
0.20512820512820512,0.011936339522546418,0.005305039787798408,0.027851458885941646,0.026083112290008842,0.021662245800176835,0.009725906277630416,0.011494252873563218,0.020335985853227233,0.016357206012378427,0.02475685234305924,0.02431476569407604,0.5503978779840849,0.01768346595932803,0.010167992926613616,0.016799292661361626
0.2001767565178966,0.011489173663278833,0.0061864781263809105,0.027839151568714096,0.025187803800265134,0.022536456031816175,0.010605391073795847,0.0136986301369863,0.019001325673884226,0.016791869200176758,0.024745912505523642,0.026513477684489615,0.5519222271321255,0.015908086610693768,0.01104728236853734,0.016349977905435263
0.1959310039805396,0.01238390092879257,0.005749668288367979,0.027421494913754976,0.022556390977443608,0.020344980097302078,0.011499336576735958,0.014153029632905795,0.018575851393188854,0.01592215833701902,0.023883237505528527,0.029632905793896505,0.5524104378593543,0.01680672268907563,0.012826183104820876,0.019902697921273773
0.19876597620096959,0.011458792419568091,0.007051564565888057,0.028206258263552227,0.024239753195240195,0.01851035698545615,0.011899515204936095,0.01630674305861613,0.01851035698545615,0.014543851917144116,0.02247686205376818,0.028206258263552227,0.5486998677831644,0.01851035698545615,0.014103129131776113,0.01851035698545615
0.20079787234042554,0.01152482269503546,0.00576241134751773,0.02925531914893617,0.024379432624113476,0.018173758865248225,0.012411347517730497,0.016843971631205674,0.018173758865248225,0.014184397163120567,0.02349290780141844,0.03102836879432624,0.5438829787234043,0.018173758865248225,0.014184397163120567,0.01773049645390071
0.19893664155959237,0.01284891448825875,0.00664599025254763,0.027470093043863535,0.024811696942844484,0.017722640673460344,0.01284891448825875,0.01595037660611431,0.017279574656623838,0.01329198050509526,0.024368630926007974,0.030128489144882586,0.5480726628267611,0.01949490474080638,0.014178112538768276,0.01595037660611431
0.20273248126928162,0.013221683561040106,0.007051564565888057,0.030409872190392245,0.0251211987659762,0.016747465843984136,0.01498457470251212,0.015425297487880123,0.01630674305861613,0.01498457470251212,0.0251211987659762,0.030409872190392245,0.5412075804319083,0.018069634200088145,0.013662406346408109,0.014543851917144116
0.2067435669920142,0.013309671694764862,0.00709849157054126,0.030168589174800354,0.024844720496894408,0.016415261756876662,0.01730257320319432,0.015971606033717833,0.01730257320319432,0.015971606033717833,0.025732031943212066,0.029724933451641525,0.5332741792369121,0.01818988464951198,0.01419698314108252,0.013753327417923691
0.1991208791208791,0.011428571428571429,0.0074725274725274725,0.029010989010989013,0.024175824175824177,0.016703296703296705,0.017142857142857144,0.015384615384615385,0.016263736263736263,0.017582417582417582,0.024615384615384615,0.03076923076923077,0.5441758241758242,0.01802197802197802,0.014505494505494506,0.013626373626373627
0.19638128861429832,0.012797881729920565,0.00794351279788173,0.03000882612533098,0.021624007060900265,0.018976169461606355,0.018534863195057368,0.01588702559576346,0.017210944395410415,0.01676963812886143,0.025154457193292144,0.032215357458075904,0.5397175639894086,0.019417475728155338,0.01412180052956752,0.01323918799646955
0.19329560296038312,0.011754462342185459,0.00827165868524162,0.029168480626904657,0.02133217239878102,0.02046147148454506,0.01697866782760122,0.01654331737048324,0.01872006965607314,0.01828471919895516,0.026556377884196777,0.031780583369612536,0.5372224640835873,0.02133217239878102,0.01567261645624728,0.012625163256421419
0.18984547461368653,0.013245033112582781,0.009713024282560706,0.0282560706401766,0.02075055187637969,0.02075055187637969,0.017218543046357615,0.017218543046357615,0.017660044150110375,0.017218543046357615,0.02781456953642384,0.033554083885209716,0.5359823399558499,0.023399558498896248,0.015011037527593819,0.012362030905077263
0.1928888888888889,0.014222222222222223,0.009333333333333334,0.024444444444444446,0.02266666666666667,0.020888888888888887,0.016888888888888887,0.017777777777777778,0.01911111111111111,0.018666666666666668,0.028444444444444446,0.032,0.5302222222222223,0.02266666666666667,0.015555555555555555,0.014222222222222223
0.19383259911894274,0.014096916299559472,0.009691629955947136,0.024669603524229075,0.022466960352422908,0.019823788546255508,0.015418502202643172,0.01762114537444934,0.02026431718061674,0.02026431718061674,0.028193832599118944,0.03171806167400881,0.5277533039647577,0.024669603524229075,0.01762114537444934,0.011894273127753305
0.19672855879752432,0.015030946065428824,0.009725906277630416,0.02431476569407604,0.022988505747126436,0.019451812555260833,0.014588859416445624,0.01900972590627763,0.019451812555260833,0.01900972590627763,0.026525198938992044,0.03050397877984085,0.5287356321839081,0.022988505747126436,0.01900972590627763,0.011936339522546418
0.19171441163508154,0.01498457470251212,0.009695901278096077,0.02996914940502424,0.023358307624504186,0.019391802556192154,0.013662406346408109,0.021154693697664168,0.01851035698545615,0.01762891141472014,0.028206258263552227,0.03217276333186426,0.5231379462318202,0.0246804759806082,0.01895107977082415,0.012780960775672102
0.187638950644731,0.0164517563361494,0.01067140951534015,0.029791018230324588,0.026678523788350377,0.021787461093819474,0.014228546020453535,0.020453534904401955,0.016896398399288574,0.020008892841262782,0.02712316585148955,0.030680302356602934,0.5197865718096932,0.025344597598932858,0.019119608714984436,0.013339261894175189
0.18838652482269502,0.01551418439716312,0.01152482269503546,0.027925531914893616,0.028368794326241134,0.02171985815602837,0.015070921985815602,0.020390070921985817,0.01950354609929078,0.020833333333333332,0.027039007092198582,0.030585106382978722,0.512854609929078,0.027039007092198582,0.018617021276595744,0.014627659574468085
0.18902169101372288,0.01637892872952634,0.01018149623727313,0.027445772465692783,0.0283311199645861,0.02478972996901284,0.01416555998229305,0.02036299247454626,0.021691013722886232,0.0199203187250996,0.02434705621956618,0.027445772465692783,0.5157149181053563,0.027888446215139442,0.016821602478972998,0.015493581230633024
0.1820580474934037,0.01759014951627089,0.010993843447669306,0.025945470536499562,0.027264731750219876,0.024626209322779244,0.013192612137203167,0.01978891820580475,0.020668425681618294,0.021547933157431837,0.023746701846965697,0.03210202286719437,0.5180299032541776,0.030343007915567283,0.018469656992084433,0.013632365875109938
0.17965653896961692,0.019815059445178335,0.011889035667107,0.026420079260237782,0.028181417877586965,0.024658740642888595,0.012769704975781594,0.02025539409951563,0.02025539409951563,0.02157639806252752,0.026420079260237782,0.03038309114927345,0.5143108762659622,0.028621752531924262,0.02025539409951563,0.01453104359313078
0.17033450704225353,0.018485915492957746,0.011883802816901408,0.02596830985915493,0.029049295774647887,0.026848591549295774,0.013644366197183098,0.02244718309859155,0.020246478873239437,0.02068661971830986,0.02772887323943662,0.030369718309859156,0.5158450704225352,0.02992957746478873,0.019806338028169015,0.016725352112676055
0.16856892010535557,0.019754170324846356,0.01141352063213345,0.0276558384547849,0.030728709394205442,0.025899912203687446,0.014047410008779631,0.024582967515364356,0.02019315188762072,0.02019315188762072,0.02633889376646181,0.0324846356453029,0.5118525021949079,0.028533801580333626,0.02019315188762072,0.01755926251097454
0.16498464238701185,0.02106186924089513,0.011408512505484861,0.028960070206230804,0.028521281263712155,0.02676612549363756,0.014041246160596753,0.025888547608600262,0.020184291355857833,0.020184291355857833,0.02632733655111891,0.0298376480912681,0.5129442738043001,0.030276437033786747,0.019745502413339184,0.018867924528301886
0.16666666666666666,0.02,0.012,0.028444444444444446,0.03288888888888889,0.02711111111111111,0.014666666666666666,0.024888888888888887,0.020888888888888887,0.021333333333333333,0.024888888888888887,0.029777777777777778,0.5088888888888888,0.032,0.017333333333333333,0.018222222222222223
0.1658579620644023,0.018967798853109837,0.011027790030877812,0.029113365681517425,0.032201146890163214,0.02690780767534186,0.0141155712395236,0.025143361270401413,0.022055580061755623,0.020732245258050286,0.024261138067931187,0.029554477282752536,0.5125716806352008,0.032201146890163214,0.016762240846934274,0.018526687251874726
0.16086381665932128,0.01762891141472014,0.009255178492728075,0.03129131776112825,0.03349493168796827,0.02864698104892023,0.013662406346408109,0.025561921551344204,0.024239753195240195,0.021154693697664168,0.02379903040987219,0.029528426619656236,0.5138827677390921,0.02996914940502424,0.016747465843984136,0.020273248126928163
0.1604230938739533,0.01895107977082415,0.011458792419568091,0.02996914940502424,0.03261348611723226,0.02864698104892023,0.013662406346408109,0.02600264433671221,0.022917584839136182,0.022917584839136182,0.024239753195240195,0.029528426619656236,0.5121198765976201,0.02908770383428823,0.017188188629352136,0.020273248126928163
0.1615720524017467,0.017903930131004366,0.011790393013100437,0.0314410480349345,0.03187772925764192,0.029694323144104803,0.013537117903930132,0.024017467248908297,0.024017467248908297,0.024890829694323144,0.022707423580786028,0.028384279475982533,0.5117903930131005,0.02925764192139738,0.017903930131004366,0.01921397379912664
0.1620309050772627,0.018543046357615896,0.011920529801324504,0.030463576158940398,0.033554083885209716,0.03090507726269316,0.01456953642384106,0.023399558498896248,0.024282560706401765,0.025165562913907286,0.024282560706401765,0.03090507726269316,0.5050772626931568,0.027373068432671083,0.018543046357615896,0.018984547461368653
0.16051011433597184,0.01802990325417766,0.010554089709762533,0.029463500439753737,0.03342128408091469,0.030343007915567283,0.015391380826737027,0.025505716798592787,0.022427440633245383,0.022867194371152155,0.025505716798592787,0.030782761653474055,0.5079155672823219,0.029023746701846966,0.018469656992084433,0.01978891820580475
0.15924128804587562,0.020291133656815175,0.00882223202470225,0.029554477282752536,0.033083370092633436,0.0282311424790472,0.015438906043228937,0.02646669607410675,0.023820026466696075,0.022055580061755623,0.02690780767534186,0.03352448169386855,0.5072783414203793,0.031318923687692984,0.014997794441993825,0.018967798853109837
0.16371681415929204,0.01991150442477876,0.008849557522123894,0.027876106194690265,0.032300884955752215,0.025221238938053097,0.017256637168141593,0.026991150442477876,0.023451327433628318,0.023893805309734513,0.026991150442477876,0.032300884955752215,0.5035398230088496,0.030530973451327433,0.01592920353982301,0.021238938053097345
0.1654867256637168,0.01991150442477876,0.007964601769911504,0.026106194690265486,0.03185840707964602,0.023451327433628318,0.01592920353982301,0.025221238938053097,0.02168141592920354,0.02566371681415929,0.030530973451327433,0.03274336283185841,0.5057522123893805,0.030973451327433628,0.013716814159292035,0.023008849557522124
0.16563055062166962,0.019982238010657193,0.009325044404973356,0.02708703374777975,0.03063943161634103,0.023090586145648313,0.018650088809946713,0.023090586145648313,0.019538188277087035,0.026198934280639432,0.03063943161634103,0.03507992895204263,0.5048845470692718,0.03108348134991119,0.012877442273534635,0.022202486678507993
0.1639702667249672,0.020550940096195888,0.010494097070397902,0.024486226497595104,0.031919545255793616,0.024048972452995192,0.018364669873196328,0.02229995627459554,0.020988194140795804,0.02710975076519458,0.030170529077393964,0.03454306952339309,0.5072146917358985,0.030170529077393964,0.010931351114997814,0.022737210319195452
0.1689337428696797,0.020184291355857833,0.013163668275559455,0.025449758666081616,0.03290917068889864,0.02457218078104432,0.017990346643264588,0.022378236068451074,0.019306713470820535,0.025888547608600262,0.030276437033786747,0.03334795963141729,0.500658183413778,0.031154014918824045,0.01184730144800351,0.021939447125932425
0.16483516483516483,0.02197802197802198,0.011868131868131869,0.026813186813186812,0.03296703296703297,0.025054945054945054,0.016263736263736263,0.022857142857142857,0.01978021978021978,0.026813186813186812,0.03164835164835165,0.033846153846153845,0.498021978021978,0.033846153846153845,0.01098901098901099,0.02241758241758242
0.1693051890941073,0.019349164467897976,0.011873350923482849,0.027704485488126648,0.031222515391380826,0.023746701846965697,0.0158311345646438,0.022867194371152155,0.022427440633245383,0.028144239226033423,0.030343007915567283,0.032981530343007916,0.49560246262093227,0.03605980650835532,0.010114335971855761,0.022427440633245383
0.16958041958041958,0.019667832167832168,0.012237762237762238,0.029283216783216784,0.03146853146853147,0.0236013986013986,0.017482517482517484,0.023164335664335664,0.020104895104895104,0.027972027972027972,0.030157342657342656,0.03190559440559441,0.49475524475524474,0.036276223776223776,0.01048951048951049,0.021853146853146852
0.16993755575379127,0.02007136485280999,0.013380909901873328,0.028099910793933987,0.03166815343443354,0.022747546833184657,0.01650312221231044,0.024977698483496878,0.0191793041926851,0.027207850133809098,0.031222123104371096,0.029438001784121322,0.4977698483496878,0.034344335414808205,0.010258697591436218,0.0231935771632471
0.17180616740088106,0.020704845814977973,0.010572687224669603,0.028634361233480177,0.03171806167400881,0.02378854625550661,0.017180616740088105,0.024669603524229075,0.019823788546255508,0.028634361233480177,0.03303964757709251,0.03171806167400881,0.49251101321585905,0.03436123348017621,0.00881057268722467,0.022026431718061675
0.17595048629531387,0.01989389920424403,0.011494252873563218,0.028735632183908046,0.03050397877984085,0.02564102564102564,0.01856763925729443,0.023872679045092837,0.022104332449160036,0.027851458885941646,0.02961980548187445,0.03094606542882405,0.49292661361626877,0.03050397877984085,0.010167992926613616,0.021220159151193633
0.17549234135667396,0.020568927789934355,0.011816192560175055,0.028446389496717725,0.03150984682713348,0.02450765864332604,0.016192560175054705,0.02450765864332604,0.02538293216630197,0.02888402625820569,0.031072210065645513,0.030634573304157548,0.4884026258205689,0.03194748358862144,0.010065645514223195,0.020568927789934355
0.1733800350262697,0.020577933450087564,0.012697022767075307,0.027583187390542906,0.03064798598949212,0.02583187390542907,0.01532399299474606,0.028896672504378284,0.02583187390542907,0.0297723292469352,0.031085814360770576,0.0319614711033275,0.48467600700525393,0.031085814360770576,0.009632224168126095,0.021015761821366025
0.1709363957597173,0.02120141342756184,0.014134275618374558,0.02517667844522968,0.03312720848056537,0.026060070671378093,0.014575971731448763,0.027385159010600707,0.02517667844522968,0.02782685512367491,0.02959363957597173,0.03401060070671378,0.48939929328621906,0.02871024734982332,0.011484098939929329,0.02120141342756184
0.1756637168141593,0.01991150442477876,0.01327433628318584,0.025221238938053097,0.03716814159292035,0.02831858407079646,0.012389380530973451,0.026991150442477876,0.023893805309734513,0.027876106194690265,0.027876106194690265,0.03274336283185841,0.4823008849557522,0.03185840707964602,0.011946902654867256,0.02256637168141593
0.17631462660185596,0.018117543084401236,0.013256738842244807,0.02695536897923111,0.03932832523199293,0.02695536897923111,0.009279717189571365,0.0273972602739726,0.02695536897923111,0.028722934158197082,0.029606716747680072,0.03049049933716306,0.4869642068051259,0.02695536897923111,0.012372956252761821,0.020326999558108707
0.1729490022172949,0.01729490022172949,0.014634146341463415,0.026607538802660754,0.03680709534368071,0.02926829268292683,0.007982261640798226,0.027494456762749447,0.0270509977827051,0.03015521064301552,0.027494456762749447,0.029711751662971176,0.49002217294900224,0.028824833702882482,0.012416851441241685,0.021286031042128603
0.17025010969723564,0.016235190873189996,0.013602457218078104,0.028082492321193506,0.03949100482667837,0.0298376480912681,0.008336989907854322,0.029398859148749453,0.02676612549363756,0.03247038174637999,0.025449758666081616,0.0298376480912681,0.4874945151382185,0.029398859148749453,0.01228609039052216,0.02106186924089513
0.16916299559471365,0.015859030837004406,0.01277533039647577,0.028193832599118944,0.04008810572687225,0.03039647577092511,0.008370044052863436,0.030837004405286344,0.028634361233480177,0.03039647577092511,0.023348017621145373,0.02907488986784141,0.4881057268722467,0.03039647577092511,0.012334801762114538,0.022026431718061675
0.16533687943262412,0.016843971631205674,0.014184397163120567,0.030585106382978722,0.038120567375886524,0.02969858156028369,0.00975177304964539,0.030585106382978722,0.027925531914893616,0.03102836879432624,0.02304964539007092,0.030585106382978722,0.48936170212765956,0.030141843971631204,0.011081560283687944,0.02171985815602837
0.17015706806282724,0.01832460732984293,0.013961605584642234,0.031413612565445025,0.03446771378708551,0.030104712041884817,0.009598603839441536,0.031413612565445025,0.0274869109947644,0.031413612565445025,0.02268760907504363,0.029668411867364748,0.48472949389179754,0.030977312390924956,0.012216404886561954,0.02137870855148342
0.1646072374227714,0.017210944395410415,0.013680494263018535,0.03309796999117388,0.0353045013239188,0.0264783759929391,0.0088261253309797,0.030450132391879964,0.0264783759929391,0.030450132391879964,0.02383053839364519,0.029567519858781994,0.4960282436010591,0.03133274492497794,0.01235657546337158,0.02030008826125331
0.16659321286910533,0.020273248126928163,0.014543851917144116,0.03305420890260027,0.0370207139709123,0.02600264433671221,0.008373732921992068,0.02864698104892023,0.02600264433671221,0.03349493168796827,0.023358307624504186,0.028206258263552227,0.4878801234023799,0.03129131776112825,0.014543851917144116,0.020713970912296167
0.17002629272567923,0.021910604732690624,0.013146362839614373,0.033304119193689745,0.03593339176161262,0.028045574057843997,0.007887817703768623,0.027607361963190184,0.02673093777388256,0.03286590709903593,0.02147239263803681,0.027607361963190184,0.4886064855390009,0.030236634531113058,0.013146362839614373,0.02147239263803681
0.16951379763469118,0.02102496714848883,0.01401664476565922,0.035479632063074903,0.037669732807709154,0.026719229084537888,0.00788436268068331,0.02890932982917214,0.024967148488830485,0.03153745072273324,0.022339027595269383,0.02759526938239159,0.48751642575558474,0.029347349978098992,0.01357862461673237,0.021901007446342532
0.17300131061598953,0.019222367846221056,0.013979903888160769,0.03363914373088685,0.03844473569244211,0.027959807776321538,0.007426823940585408,0.03014416775884666,0.024027959807776323,0.02708606378331149,0.022280471821756225,0.027522935779816515,0.48842289209261686,0.03058103975535168,0.014416775884665793,0.021843599825251202
0.17146654851572884,0.01860877270713336,0.01284891448825875,0.033673017279574655,0.035002215330084185,0.028356225077536552,0.007089056269384138,0.030128489144882586,0.02658396101019052,0.026140894993354008,0.024368630926007974,0.027913159060700046,0.4882587505538325,0.03190075321222862,0.014621178555604785,0.02303943287549845
0.16400709219858156,0.018173758865248225,0.014627659574468085,0.0350177304964539,0.034574468085106384,0.03102836879432624,0.007535460992907801,0.03102836879432624,0.027925531914893616,0.026152482269503546,0.02526595744680851,0.0274822695035461,0.48891843971631205,0.030141843971631204,0.013297872340425532,0.024822695035460994
0.163854351687389,0.019538188277087035,0.013765541740674956,0.03685612788632327,0.03641207815275311,0.03152753108348135,0.007992895204262877,0.02708703374777975,0.02708703374777975,0.025310834813499113,0.02708703374777975,0.02575488454706927,0.48623445825932504,0.02886323268206039,0.016429840142095916,0.026198934280639432
0.16153169014084506,0.019806338028169015,0.014524647887323943,0.03829225352112676,0.03653169014084507,0.030809859154929578,0.007482394366197183,0.025528169014084508,0.029049295774647887,0.025088028169014086,0.027288732394366196,0.025088028169014086,0.48723591549295775,0.029049295774647887,0.01584507042253521,0.026848591549295774
0.16805251641137856,0.01925601750547046,0.016192560175054705,0.036761487964989056,0.035448577680525166,0.029321663019693654,0.009190371991247264,0.02538293216630197,0.02800875273522976,0.02363238512035011,0.029321663019693654,0.027133479212253828,0.47833698030634575,0.030634573304157548,0.017943107221006564,0.02538293216630197
0.16899563318777291,0.01921397379912664,0.01572052401746725,0.037991266375545854,0.03187772925764192,0.030131004366812226,0.008733624454148471,0.02794759825327511,0.026637554585152837,0.021834061135371178,0.03056768558951965,0.026637554585152837,0.48078602620087335,0.028820960698689956,0.018777292576419215,0.025327510917030567
0.16134751773049646,0.020390070921985817,0.01374113475177305,0.04210992907801418,0.031471631205673756,0.02969858156028369,0.010638297872340425,0.026595744680851064,0.026152482269503546,0.02171985815602837,0.030585106382978722,0.0274822695035461,0.4867021276595745,0.02925531914893617,0.01773049645390071,0.024379432624113476
0.1637892872952634,0.021248339973439574,0.01416555998229305,0.0398406374501992,0.034528552456839307,0.03142983621071271,0.01239486498450642,0.025232403718459494,0.02611775121735281,0.021248339973439574,0.03010181496237273,0.0283311199645861,0.47808764940239046,0.029659141212926073,0.019477644975652943,0.02434705621956618
0.15803452855245684,0.025232403718459494,0.012837538733953076,0.038955289951305885,0.03408587870739265,0.03142983621071271,0.013280212483399735,0.025675077467906152,0.02656042496679947,0.02478972996901284,0.03010181496237273,0.02611775121735281,0.4763169544046038,0.03142983621071271,0.021248339973439574,0.02390438247011952
0.15357458075904679,0.02294792586054722,0.01323918799646955,0.038834951456310676,0.03486319505736982,0.03265666372462489,0.011915269196822596,0.026919682259488084,0.02559576345984113,0.02471315092674316,0.03177405119152692,0.02471315092674316,0.4823477493380406,0.026919682259488084,0.02294792586054722,0.026037069726390114
0.15214506855373727,0.024325519681556832,0.012826183104820876,0.04024767801857585,0.0362671384343211,0.03361344537815126,0.01238390092879257,0.02697921273772667,0.02565236620964175,0.024325519681556832,0.03184431667403804,0.02344095532950022,0.4789915966386555,0.028748341441839895,0.021671826625386997,0.026536930561698365
0.14842381786339756,0.024518388791593695,0.01576182136602452,0.03984238178633975,0.03809106830122592,0.03415061295971979,0.013572679509632224,0.028896672504378284,0.024518388791593695,0.02583187390542907,0.0319614711033275,0.023642732049036778,0.4763572679509632,0.025394045534150613,0.021453590192644482,0.027583187390542906
