C_R,C_A,C_S,C_N,D_R,D_A,D_S,D_N,Oc_R,Oc_A,Oc_S,Oc_N,Od_R,Od_A,Od_S,Od_N
0.0,0.0,0.0,0.0,0.0,0.0,0.0,0.0,0.0,0.0,1.0,0.0,0.0,0.0,0.0,0.0
0.0,0.0,0.0,0.0,0.0,0.0,0.0,0.5,0.0,0.0,0.5,0.0,0.0,0.0,0.0,0.0
0.0,0.0,0.0,0.0,0.0,0.0,0.0,0.3333333333333333,0.0,0.0,0.3333333333333333,0.0,0.3333333333333333,0.0,0.0,0.0
0.0,0.0,0.0,0.0,0.0,0.0,0.0,0.5,0.0,0.0,0.1,0.0,0.4,0.0,0.0,0.0
0.0,0.0,0.0,0.0,0.0,0.0,0.0,0.375,0.0,0.0,0.0625,0.125,0.375,0.0,0.0625,0.0
0.0,0.0,0.0,0.0,0.0,0.0,0.0,0.37037037037037035,0.0,0.0,0.07407407407407407,0.07407407407407407,0.4074074074074074,0.0,0.07407407407407407,0.0
0.0,0.0,0.023255813953488372,0.0,0.0,0.0,0.0,0.3488372093023256,0.0,0.0,0.046511627906976744,0.09302325581395349,0.4186046511627907,0.0,0.06976744186046512,0.0
0.03225806451612903,0.0,0.016129032258064516,0.0,0.0,0.0,0.0,0.4032258064516129,0.0,0.0,0.016129032258064516,0.0967741935483871,0.3870967741935484,0.0,0.04838709677419355,0.0
0.043010752688172046,0.0,0.010752688172043012,0.0,0.0,0.0,0.0,0.3870967741935484,0.0,0.0,0.010752688172043012,0.08602150537634409,0.40860215053763443,0.0,0.053763440860215055,0.0
0.04032258064516129,0.0,0.024193548387096774,0.0,0.0,0.0,0.0,0.3790322580645161,0.0,0.0,0.008064516129032258,0.10483870967741936,0.3951612903225806,0.0,0.04838709677419355,0.0
0.05333333333333334,0.0,0.02666666666666667,0.0,0.0,0.0,0.0,0.4066666666666667,0.0,0.0,0.006666666666666667,0.1,0.3466666666666667,0.0,0.06,0.0
0.08205128205128205,0.0,0.02564102564102564,0.0,0.0,0.0,0.0,0.38461538461538464,0.0,0.0,0.005128205128205128,0.09743589743589744,0.3435897435897436,0.0,0.06153846153846154,0.0
0.08571428571428572,0.0,0.024489795918367346,0.0,0.0,0.0,0.0,0.39591836734693875,0.0,0.00816326530612245,0.004081632653061225,0.09387755102040816,0.3469387755102041,0.0,0.04081632653061224,0.0
0.10714285714285714,0.0,0.022727272727272728,0.0,0.0,0.0,0.0,0.38636363636363635,0.0,0.00974025974025974,0.003246753246753247,0.09090909090909091,0.33766233766233766,0.0,0.03896103896103896,0.003246753246753247
0.10187667560321716,0.0,0.024128686327077747,0.0,0.0,0.005361930294906166,0.002680965147453083,0.38337801608579086,0.0,0.010723860589812333,0.005361930294906166,0.08042895442359249,0.3378016085790885,0.002680965147453083,0.040214477211796246,0.005361930294906166
0.09719222462203024,0.0021598272138228943,0.023758099352051837,0.0,0.0,0.0064794816414686825,0.004319654427645789,0.38876889848812096,0.004319654427645789,0.01511879049676026,0.01079913606911447,0.07775377969762419,0.326133909287257,0.0021598272138228943,0.03455723542116631,0.0064794816414686825
0.08791208791208792,0.009157509157509158,0.027472527472527472,0.0,0.0,0.007326007326007326,0.003663003663003663,0.40293040293040294,0.0018315018315018315,0.020146520146520148,0.01098901098901099,0.0695970695970696,0.31868131868131866,0.0018315018315018315,0.03296703296703297,0.005494505494505495
0.09404388714733543,0.01567398119122257,0.03134796238244514,0.0,0.0,0.006269592476489028,0.003134796238244514,0.3949843260188088,0.006269592476489028,0.0219435736677116,0.012539184952978056,0.05956112852664577,0.31191222570532917,0.0,0.03761755485893417,0.004702194357366771
0.10068027210884353,0.014965986394557823,0.034013605442176874,0.0013605442176870747,0.0027210884353741495,0.005442176870748299,0.004081632653061225,0.38639455782312926,0.004081632653061225,0.027210884353741496,0.012244897959183673,0.06258503401360545,0.29931972789115646,0.0,0.0380952380952381,0.006802721088435374
0.1063321385902031,0.015531660692951015,0.038231780167264036,0.0,0.0035842293906810036,0.007168458781362007,0.0023894862604540022,0.36798088410991636,0.0047789725209080045,0.02867383512544803,0.015531660692951015,0.053763440860215055,0.3106332138590203,0.0011947431302270011,0.038231780167264036,0.005973715651135006
0.10920770877944326,0.016059957173447537,0.035331905781584586,0.0,0.0032119914346895075,0.008565310492505354,0.0032119914346895075,0.3618843683083512,0.0032119914346895075,0.027837259100642397,0.018201284796573874,0.05460385438972163,0.3083511777301927,0.0021413276231263384,0.04068522483940043,0.007494646680942184
0.11423039690222653,0.016456921587608905,0.04065827686350436,0.001936108422071636,0.001936108422071636,0.007744433688286544,0.002904162633107454,0.35721200387221685,0.002904162633107454,0.031945788964181994,0.01452081316553727,0.046466602129719266,0.31364956437560504,0.001936108422071636,0.03872216844143272,0.006776379477250726
0.11130587204206836,0.015775635407537247,0.044697633654688866,0.0026292725679228747,0.0035056967572304996,0.007887817703768623,0.0035056967572304996,0.3496932515337423,0.0035056967572304996,0.03418054338299737,0.014899211218229623,0.04294478527607362,0.3172655565293602,0.0017528483786152498,0.03768624014022787,0.008764241893076249
0.10980392156862745,0.014901960784313726,0.04392156862745098,0.004705882352941176,0.00392156862745098,0.00784313725490196,0.003137254901960784,0.35137254901960785,0.00392156862745098,0.042352941176470586,0.014901960784313726,0.03607843137254902,0.31607843137254904,0.003137254901960784,0.03686274509803922,0.007058823529411765
0.11127167630057803,0.015173410404624277,0.0476878612716763,0.0072254335260115606,0.0036127167630057803,0.0072254335260115606,0.004335260115606936,0.342485549132948,0.004335260115606936,0.04841040462427745,0.014450867052023121,0.03757225433526012,0.3078034682080925,0.002890173410404624,0.03901734104046243,0.006502890173410405
0.10869565217391304,0.014492753623188406,0.04940711462450593,0.007246376811594203,0.002635046113306983,0.007246376811594203,0.003952569169960474,0.3353096179183136,0.005270092226613966,0.05006587615283267,0.015151515151515152,0.03689064558629776,0.31488801054018445,0.00461133069828722,0.037549407114624504,0.006587615283267457
0.10681399631675875,0.013505217925107428,0.05279312461632903,0.009821976672805401,0.0024554941682013503,0.008594229588704727,0.004297114794352364,0.33210558624923264,0.0055248618784530384,0.058931860036832415,0.01596071209330878,0.03621853898096992,0.3050951503990178,0.0055248618784530384,0.03560466543891958,0.006752608962553714
0.10325156873930405,0.014831717056474614,0.05419281232173417,0.012549914432401598,0.0017113519680547634,0.008556759840273816,0.003993154592127781,0.33371363377067886,0.005704506560182544,0.061038220193953226,0.01654306902452938,0.03479749001711352,0.2977752424415288,0.007986309184255563,0.03536794067313177,0.007986309184255563
0.09420682187330806,0.014618299945858148,0.05793178126691933,0.016242555495397944,0.0010828370330265296,0.008662696264212236,0.005414185165132647,0.33243096913914455,0.006497022198159177,0.06551164049810504,0.017325392528424473,0.033567948023822416,0.29128316188413644,0.009204114780725501,0.03735787763941527,0.008662696264212236
0.09597523219814241,0.012899896800825593,0.06243550051599587,0.0196078431372549,0.0015479876160990713,0.007739938080495356,0.006707946336429308,0.3302373581011352,0.006707946336429308,0.0696594427244582,0.01805985552115583,0.030959752321981424,0.27966976264189886,0.011867905056759546,0.03560371517027864,0.010319917440660475
0.09004975124378109,0.011442786069651741,0.06567164179104477,0.021890547263681594,0.001990049751243781,0.006965174129353234,0.006467661691542288,0.3333333333333333,0.006467661691542288,0.06716417910447761,0.020398009950248756,0.03582089552238806,0.26965174129353237,0.015422885572139304,0.03731343283582089,0.009950248756218905
0.09177820267686425,0.011472275334608031,0.06405353728489484,0.026290630975143402,0.0019120458891013384,0.006692160611854685,0.006692160611854685,0.3303059273422562,0.006692160611854685,0.07026768642447419,0.021510516252390057,0.03489483747609943,0.26290630975143403,0.01768642447418738,0.038718929254302106,0.008126195028680689
0.08946877912395154,0.012115563839701771,0.07129543336439888,0.027958993476234855,0.0013979496738117428,0.0060577819198508855,0.0060577819198508855,0.3191985088536813,0.007921714818266543,0.07269338303821063,0.0195712954333644,0.03727865796831314,0.26048462255358806,0.02096924510717614,0.03867660764212488,0.008853681267474371
0.0871580899397311,0.013908205841446454,0.06861381548446917,0.031988873435326845,0.0018544274455261937,0.007417709782104775,0.006490496059341678,0.3138618451553083,0.007881316643486324,0.0737134909596662,0.019935095039406582,0.037552155771905425,0.2619378766805749,0.019935095039406582,0.03894297635605007,0.00880853036624942
0.08552036199095023,0.012669683257918552,0.06832579185520361,0.03484162895927602,0.0022624434389140274,0.00904977375565611,0.006787330316742082,0.31266968325791855,0.007239819004524887,0.07194570135746606,0.020361990950226245,0.037104072398190045,0.25972850678733034,0.02081447963800905,0.04072398190045249,0.009954751131221719
0.08351942831621259,0.013398838767306834,0.06744082179544439,0.03662349263063868,0.0026797677534613666,0.0080393032603841,0.007592675301473872,0.31263957123715946,0.009379187137114784,0.07280035730236713,0.02054488610987048,0.03707012058954891,0.2572577043322912,0.021438142027690933,0.038856632425189816,0.010719071013845467
0.09038546743464776,0.01284891448825875,0.06335844040762073,0.03544528134692069,0.0031014621178555605,0.008418254319893664,0.007532122286220647,0.3030571555161719,0.011519716437749225,0.07221976074435091,0.021267168808152416,0.03721754541426672,0.26451041205139564,0.021267168808152416,0.03766061143110323,0.0101905183872397
0.09143364403018198,0.012427873945849977,0.06569019085663559,0.03595206391478029,0.005770084332001775,0.007989347536617843,0.006657789613848202,0.2969374167776298,0.011984021304926764,0.07101642254771416,0.022636484687083888,0.036395916555703504,0.2658677319130049,0.020861074123391034,0.037283621837549935,0.011096316023080338
0.09046563192904657,0.012416851441241685,0.06385809312638581,0.03636363636363636,0.007095343680709534,0.008869179600886918,0.0066518847006651885,0.3028824833702882,0.01197339246119734,0.06962305986696231,0.021729490022172948,0.03592017738359202,0.2598669623059867,0.021729490022172948,0.03813747228381375,0.012416851441241685
0.09175531914893617,0.01374113475177305,0.061170212765957445,0.0398936170212766,0.00576241134751773,0.009308510638297872,0.0070921985815602835,0.2983156028368794,0.01152482269503546,0.07136524822695035,0.020833333333333332,0.03679078014184397,0.26108156028368795,0.02304964539007092,0.03723404255319149,0.011081560283687944
0.08737864077669903,0.014563106796116505,0.06045895851721095,0.03971756398940865,0.00706090026478376,0.010150044130626656,0.00794351279788173,0.3031774051191527,0.011915269196822596,0.07237422771403354,0.02030008826125331,0.03618711385701677,0.25419240953221534,0.02471315092674316,0.03662842012356576,0.01323918799646955
0.08865248226950355,0.014184397163120567,0.057180851063829786,0.04343971631205674,0.0062056737588652485,0.011081560283687944,0.008865248226950355,0.30186170212765956,0.012854609929078014,0.07047872340425532,0.0199468085106383,0.03235815602836879,0.2553191489361702,0.027039007092198582,0.038120567375886524,0.012411347517730497
0.090625,0.015625,0.05178571428571429,0.04375,0.008035714285714285,0.009375,0.008482142857142856,0.303125,0.011607142857142858,0.06741071428571428,0.020535714285714286,0.033035714285714286,0.25892857142857145,0.026339285714285714,0.0375,0.013839285714285714
0.08776595744680851,0.015957446808510637,0.04964539007092199,0.04343971631205674,0.007978723404255319,0.01152482269503546,0.008421985815602837,0.30230496453900707,0.01152482269503546,0.06648936170212766,0.020833333333333332,0.03679078014184397,0.26152482269503546,0.027039007092198582,0.03280141843971631,0.015957446808510637
0.09202994275649494,0.017173051519154558,0.048436811977102597,0.04711580801409071,0.007926023778071334,0.011008366358432409,0.00836635843240863,0.3020695728753853,0.011008366358432409,0.06693086745926904,0.01893439013650374,0.03830911492734478,0.2518714222809335,0.028621752531924262,0.032144429766622636,0.01805372082782915
0.0917960088691796,0.015521064301552107,0.04656319290465632,0.04611973392461197,0.008869179600886918,0.011086474501108648,0.009312638580931265,0.29623059866962304,0.010199556541019957,0.06917960088691796,0.019068736141906874,0.037694013303769404,0.25853658536585367,0.03325942350332594,0.030598669623059866,0.015964523281596452
0.0912280701754386,0.013596491228070176,0.04473684210526316,0.04780701754385965,0.009210526315789473,0.011842105263157895,0.009210526315789473,0.29035087719298247,0.011403508771929825,0.07017543859649122,0.0206140350877193,0.03684210526315789,0.2600877192982456,0.035526315789473684,0.032017543859649125,0.015350877192982455
0.091674047829938,0.013728963684676704,0.04384410983170948,0.0491585473870682,0.008857395925597875,0.013286093888396812,0.010628875110717449,0.28520814880425155,0.012400354295837024,0.07218777679362268,0.021257750221434897,0.03631532329495128,0.26395039858281666,0.03365810451727192,0.030115146147032774,0.013728963684676704
0.09002217294900222,0.013303769401330377,0.04301552106430155,0.050997782705099776,0.009312638580931265,0.014634146341463415,0.010199556541019957,0.2860310421286031,0.01197339246119734,0.07317073170731707,0.020399113082039913,0.03547671840354767,0.25853658536585367,0.03680709534368071,0.031042128603104215,0.01507760532150776
0.08732269503546099,0.014627659574468085,0.041223404255319146,0.051418439716312055,0.008865248226950355,0.01374113475177305,0.009308510638297872,0.2845744680851064,0.012411347517730497,0.0749113475177305,0.0199468085106383,0.034574468085106384,0.26152482269503546,0.03945035460992908,0.030141843971631204,0.015957446808510637
0.08962472406181016,0.015011037527593819,0.04105960264900662,0.052980132450331126,0.008388520971302429,0.013686534216335542,0.010596026490066225,0.28211920529801326,0.013245033112582781,0.07505518763796909,0.018543046357615896,0.03487858719646799,0.26048565121412803,0.039735099337748346,0.029580573951434878,0.015011037527593819
0.09158960810215765,0.014090708938793483,0.03830911492734478,0.05416116248348745,0.008806693086745927,0.014090708938793483,0.010127697049757816,0.28225451343020697,0.013650374284456186,0.07573756054601496,0.01805372082782915,0.034346103038309116,0.2571554381329811,0.041391457507705856,0.029502421840598855,0.01673271686481726
0.09230096237970253,0.01531058617672791,0.03587051618547681,0.05555555555555555,0.008311461067366578,0.014435695538057743,0.010061242344706912,0.28083989501312334,0.01399825021872266,0.07611548556430446,0.017497812773403325,0.03762029746281715,0.25809273840769903,0.03980752405949256,0.028871391076115485,0.01531058617672791
0.09660344067048963,0.015880017644464048,0.032642258491398325,0.0599911777679753,0.00882223202470225,0.014997794441993825,0.009704455227172474,0.28010586678429644,0.012351124834583149,0.07675341861490957,0.01808557565063961,0.03396559329510366,0.25584472871636527,0.04058226731363035,0.027790030877812087,0.015880017644464048
0.10140474100087796,0.015803336259877086,0.03160667251975417,0.05662862159789289,0.008340649692712906,0.01624231782265145,0.009218612818261633,0.2778753292361721,0.01141352063213345,0.07682177348551361,0.019315188762071993,0.03292361720807726,0.2585601404741001,0.038191395961369626,0.028094820017559263,0.01755926251097454
0.09778761061946903,0.01592920353982301,0.032300884955752215,0.059734513274336286,0.007079646017699115,0.015486725663716814,0.009292035398230088,0.2774336283185841,0.011504424778761062,0.07699115044247788,0.016814159292035398,0.030973451327433628,0.26415929203539823,0.03938053097345133,0.02566371681415929,0.019469026548672566
0.10127137220517317,0.014905743095133712,0.032003507233669445,0.06269180184129768,0.006137658921525646,0.016220955721174924,0.00920648838228847,0.27312582200789126,0.011398509425690487,0.0775975449364314,0.01709776413853573,0.030688294607628234,0.2634809294169224,0.03638754932047348,0.026742656729504603,0.02104340201665936
0.09681757059614522,0.01523980277902286,0.030927835051546393,0.06275212909009413,0.006723442402510085,0.016136261766024205,0.008964589870013447,0.28103989242492156,0.01165396683101748,0.07664724338861498,0.015688032272523533,0.03003137606454505,0.26535186015239803,0.03809950694755715,0.026445540116539667,0.01748095024652622
0.09893522626441881,0.015527950310559006,0.030168589174800354,0.06521739130434782,0.00709849157054126,0.015084294587400177,0.009316770186335404,0.2759538598047915,0.012866015971606033,0.07630878438331855,0.015527950310559006,0.031055900621118012,0.2653061224489796,0.038154392191659274,0.023957409050576754,0.019520851818988466
0.09846153846153846,0.015824175824175824,0.02857142857142857,0.06725274725274726,0.007912087912087912,0.016703296703296705,0.008351648351648353,0.2703296703296703,0.014505494505494506,0.07736263736263736,0.014505494505494506,0.032527472527472526,0.26065934065934065,0.04087912087912088,0.024615384615384615,0.021538461538461538
0.09234135667396061,0.017943107221006564,0.027571115973741796,0.06783369803063458,0.009190371991247264,0.01575492341356674,0.008315098468271335,0.262144420131291,0.01487964989059081,0.07702407002188184,0.01487964989059081,0.03326039387308534,0.2687089715536105,0.04201312910284464,0.026695842450765863,0.021444201312910284
0.09223946784922395,0.01818181818181818,0.025720620842572064,0.06651884700665188,0.008869179600886918,0.015521064301552107,0.007095343680709534,0.2687361419068736,0.016407982261640797,0.07893569844789357,0.016407982261640797,0.03636363636363636,0.26252771618625276,0.040798226164079826,0.02350332594235033,0.022172949002217297
0.0925438596491228,0.015789473684210527,0.02543859649122807,0.06535087719298245,0.007894736842105263,0.014473684210526316,0.008771929824561403,0.2618421052631579,0.017543859649122806,0.0793859649122807,0.017105263157894738,0.035526315789473684,0.268859649122807,0.04473684210526316,0.02236842105263158,0.02236842105263158
0.09078830823737821,0.0141718334809566,0.02745792736935341,0.06997342781222321,0.007971656333038087,0.01550044286979628,0.00841452612931798,0.262621789193977,0.01904340124003543,0.07971656333038087,0.016386182462356066,0.03587245349867139,0.2657218777679362,0.0420726306465899,0.01948627103631532,0.024800708591674048
0.09269785745518146,0.014429383471797114,0.027547004809794492,0.0695233930913861,0.00874508089199825,0.014866637516397026,0.008307826847398338,0.2588543944031482,0.020988194140795804,0.07914298207258418,0.015741145605596852,0.036729339746392656,0.26672496720594663,0.04197638828159161,0.018364669873196328,0.025360734586794928
0.09477413640389726,0.0141718334809566,0.02878653675819309,0.07174490699734277,0.008857395925597875,0.0141718334809566,0.00974313551815766,0.2533215234720992,0.021257750221434897,0.0775022143489814,0.016386182462356066,0.0354295837023915,0.2652790079716563,0.04162976085031001,0.018600531443755536,0.0283436669619132
0.09705753184014053,0.014492753623188406,0.02766798418972332,0.07158541941150637,0.00878348704435661,0.012736056214317084,0.010101010101010102,0.2560386473429952,0.01932367149758454,0.08036890645586298,0.014931927975406236,0.03337725076855512,0.26570048309178745,0.043478260869565216,0.017127799736495388,0.027228809837505488
0.09777777777777778,0.012888888888888889,0.028,0.07555555555555556,0.008888888888888889,0.013777777777777778,0.010222222222222223,0.24933333333333332,0.021333333333333333,0.0768888888888889,0.016444444444444446,0.03422222222222222,0.26622222222222225,0.044444444444444446,0.018666666666666668,0.025333333333333333
0.09828118113706479,0.013662406346408109,0.027324812692816218,0.07360070515645659,0.009255178492728075,0.015425297487880123,0.009695901278096077,0.24063464081092992,0.022036139268400177,0.08109299250771265,0.01762891141472014,0.03393565447333627,0.26840017628911417,0.04363155575143235,0.01983252534156016,0.025561921551344204
0.09885260370697264,0.01412180052956752,0.027802294792586054,0.0736981465136805,0.009708737864077669,0.014563106796116505,0.009708737864077669,0.24007060900264784,0.02206531332744925,0.08031774051191527,0.015445719329214475,0.03486319505736982,0.2669902912621359,0.04589585172109444,0.019417475728155338,0.0264783759929391
0.0977542932628798,0.01453104359313078,0.02906208718626156,0.07573756054601496,0.008806693086745927,0.014971378247468076,0.009687362395420519,0.23690004403346543,0.019815059445178335,0.08278291501541171,0.014971378247468076,0.034346103038309116,0.27036547776309994,0.04447380008806693,0.01805372082782915,0.02774108322324967
0.09881422924901186,0.015810276679841896,0.027228809837505488,0.06938954765041722,0.011418533157663592,0.014492753623188406,0.010540184453227932,0.2349582784365393,0.019762845849802372,0.08168642951251646,0.017127799736495388,0.034255599472990776,0.27492314448836186,0.04259991216512956,0.018006148440931048,0.028985507246376812
0.10004466279589103,0.017418490397498883,0.027244305493523895,0.07190710138454667,0.010719071013845467,0.015185350602947744,0.011165698972755694,0.23224653863331846,0.02009825815096025,0.07860652076820009,0.01563197856185797,0.03260384100044663,0.27780259044216166,0.04242965609647164,0.0160786065207682,0.030817329164805715
0.09490333919156414,0.01625659050966608,0.030755711775043937,0.07688927943760984,0.010984182776801407,0.015377855887521968,0.010105448154657293,0.22803163444639718,0.020650263620386643,0.08260105448154657,0.015377855887521968,0.03427065026362039,0.27548330404217924,0.04130052724077329,0.016695957820738138,0.03031634446397188
0.09837505489679403,0.01668862538427756,0.032498902064119456,0.07597716293368467,0.011418533157663592,0.014053579270970576,0.00878348704435661,0.22397891963109354,0.020202020202020204,0.07992973210364515,0.014492753623188406,0.03732981993851559,0.2753623188405797,0.04216073781291173,0.016249451032059728,0.032498902064119456
0.10008857395925598,0.016386182462356066,0.030558015943312665,0.07971656333038087,0.011071744906997343,0.0141718334809566,0.010186005314437556,0.22054915854738708,0.021257750221434897,0.08104517271922054,0.012400354295837024,0.03631532329495128,0.2745792736935341,0.04428697962798937,0.0141718334809566,0.033215234720992026
0.10127137220517317,0.016220955721174924,0.02893467777290662,0.08110477860587462,0.01052170100832968,0.01446733888645331,0.010960105217010083,0.21701008329679966,0.01972818939061815,0.08241999123191583,0.011398509425690487,0.03770276194651469,0.2801402893467777,0.04340201665935993,0.012713722051731697,0.032003507233669445
0.10088495575221239,0.014601769911504425,0.030530973451327433,0.08008849557522124,0.011504424778761062,0.015486725663716814,0.011061946902654867,0.21061946902654868,0.01902654867256637,0.0831858407079646,0.010619469026548672,0.03716814159292035,0.28716814159292037,0.04336283185840708,0.012389380530973451,0.032300884955752215
0.1024390243902439,0.013303769401330377,0.028381374722838137,0.07538802660753881,0.011529933481152993,0.01507760532150776,0.011086474501108648,0.21507760532150777,0.020399113082039913,0.082039911308204,0.011086474501108648,0.03592017738359202,0.2847006651884701,0.04567627494456763,0.013303769401330377,0.03458980044345898
0.09828118113706479,0.013221683561040106,0.026884089907448214,0.07933010136624064,0.012780960775672102,0.015866020273248127,0.010136624063464082,0.2119876597620097,0.01983252534156016,0.08197443807844866,0.011458792419568091,0.03481710004407228,0.2869105332745703,0.04627589246364037,0.015425297487880123,0.03481710004407228
0.09653356735410268,0.012724879333040808,0.028521281263712155,0.07985958753839403,0.014041246160596753,0.017551557700745943,0.009653356735410267,0.2114962702939886,0.020184291355857833,0.0785432207108381,0.01184730144800351,0.036858271171566474,0.28960070206230804,0.04212373848179026,0.01491882404563405,0.03554190434401053
0.09623797025371829,0.01268591426071741,0.028871391076115485,0.08092738407699038,0.013123359580052493,0.01968503937007874,0.012248468941382326,0.21391076115485563,0.02099737532808399,0.07917760279965004,0.009186351706036745,0.03499562554680665,0.2852143482064742,0.04068241469816273,0.016622922134733157,0.03543307086614173
0.09797891036906854,0.013181019332161687,0.02899824253075571,0.07908611599297012,0.013181019332161687,0.01977152899824253,0.011862917398945518,0.21133567662565905,0.0210896309314587,0.08347978910369068,0.008347978910369069,0.03427065026362039,0.28471001757469244,0.04130052724077329,0.01625659050966608,0.0351493848857645
0.1013845466726217,0.012505582849486378,0.029030817329164807,0.07949977668602054,0.013845466726217061,0.02054488610987048,0.010719071013845467,0.21482804823581955,0.02054488610987048,0.07905314872711032,0.009379187137114784,0.03305046895935686,0.286288521661456,0.03930326038410004,0.01563197856185797,0.03439035283608754
0.10017574692442882,0.013620386643233744,0.027680140597539545,0.08084358523725835,0.013181019332161687,0.01977152899824253,0.010105448154657293,0.21133567662565905,0.0210896309314587,0.07688927943760984,0.00922671353251318,0.0351493848857645,0.28734622144112476,0.03954305799648506,0.015817223198594025,0.038224956063268895
0.09804791481810116,0.012866015971606033,0.027062999112688554,0.08695652173913043,0.015084294587400177,0.021739130434782608,0.01064773735581189,0.20496894409937888,0.02129547471162378,0.07941437444543034,0.008873114463176575,0.034161490683229816,0.28793256433007985,0.0385980479148181,0.015971606033717833,0.03637976929902396
0.09868421052631579,0.013157894736842105,0.02631578947368421,0.08508771929824561,0.014912280701754385,0.02236842105263158,0.010964912280701754,0.2057017543859649,0.018859649122807017,0.07894736842105263,0.009210526315789473,0.034210526315789476,0.29385964912280704,0.034210526315789476,0.016228070175438595,0.03728070175438596
0.10317460317460317,0.014109347442680775,0.023809523809523808,0.08597883597883597,0.015432098765432098,0.022486772486772486,0.009700176366843033,0.2006172839506173,0.01984126984126984,0.07804232804232804,0.009700176366843033,0.03571428571428571,0.28835978835978837,0.040123456790123455,0.015432098765432098,0.03747795414462081
0.1018149623727313,0.014608233731739707,0.02478972996901284,0.08145196989818504,0.014608233731739707,0.02434705621956618,0.009738822487826471,0.19964586100044268,0.019477644975652943,0.08100929614873838,0.009296148738379814,0.035856573705179286,0.28906595838866755,0.0398406374501992,0.015493581230633024,0.038955289951305885
0.10092961487383798,0.013722886232846392,0.02656042496679947,0.08100929614873838,0.01637892872952634,0.02611775121735281,0.009738822487826471,0.19566179725542276,0.02036299247454626,0.07746790615316512,0.009296148738379814,0.038069942452412575,0.2926073483842408,0.03629924745462594,0.014608233731739707,0.041168658698539175
0.10305174701459531,0.015479876160990712,0.026094648385670056,0.0800530738611234,0.01680672268907563,0.02476780185758514,0.011057054400707651,0.18885448916408668,0.021229544449358692,0.0804953560371517,0.011057054400707651,0.03803626713843432,0.2936753648827952,0.03361344537815126,0.0145953118089341,0.04113224237063246
0.10659000442282177,0.015479876160990712,0.02565236620964175,0.07872622733303848,0.01592215833701902,0.023883237505528527,0.010614772224679346,0.18885448916408668,0.019902697921273773,0.07916850950906679,0.011057054400707651,0.03847854931446263,0.29411764705882354,0.03582485625829279,0.014153029632905795,0.04157452454666077
0.1092511013215859,0.014096916299559472,0.025110132158590308,0.07533039647577093,0.016740088105726872,0.02555066079295154,0.012334801762114538,0.18986784140969162,0.01762114537444934,0.07797356828193833,0.012334801762114538,0.04185022026431718,0.28502202643171803,0.03612334801762115,0.01629955947136564,0.04449339207048458
0.1113556338028169,0.014964788732394365,0.025088028169014086,0.07482394366197183,0.016285211267605633,0.025088028169014086,0.011003521126760563,0.19190140845070422,0.016725352112676055,0.08054577464788733,0.011003521126760563,0.0409330985915493,0.28257042253521125,0.03697183098591549,0.014524647887323943,0.04621478873239437
0.10878112712975098,0.01616426387068589,0.023154215814766274,0.07951070336391437,0.015727391874180863,0.02621231979030144,0.009174311926605505,0.19528178243774574,0.01834862385321101,0.08169506334643949,0.011358671909130624,0.039318479685452164,0.27916120576671033,0.0345128877238969,0.014853647881170816,0.04674530362603757
0.11613475177304965,0.016843971631205674,0.02304964539007092,0.0797872340425532,0.014627659574468085,0.025709219858156027,0.00975177304964539,0.18838652482269502,0.016400709219858155,0.07446808510638298,0.011081560283687944,0.040780141843971635,0.2828014184397163,0.03280141843971631,0.015957446808510637,0.051418439716312055
0.11492204899777284,0.0200445434298441,0.024944320712694878,0.0801781737193764,0.014253897550111359,0.024498886414253896,0.009354120267260579,0.1870824053452116,0.01737193763919822,0.07661469933184856,0.011135857461024499,0.04187082405345212,0.27928730512249444,0.03296213808463252,0.015590200445434299,0.049888641425389756
0.11680784663397235,0.021845742309407043,0.024520731163620153,0.0806954971020954,0.013374944271065538,0.024966562639322336,0.009362460989745877,0.1845742309407044,0.017387427552385197,0.0722246990637539,0.011145786892554615,0.04279982166740972,0.28176549264378065,0.03299152920196166,0.01649576460098083,0.049041462327240305
0.1157613535173642,0.021816562778272486,0.024933214603739984,0.08147818343722173,0.014692787177203919,0.028495102404274265,0.009795191451469279,0.1834372217275156,0.015583259127337488,0.07034728406055209,0.009795191451469279,0.04096170970614425,0.28539626001780943,0.030721282279608193,0.016028495102404273,0.05075690115761353
0.11494252873563218,0.020778072502210435,0.027409372236958444,0.08355437665782493,0.013262599469496022,0.028293545534924844,0.009725906277630416,0.1786030061892131,0.014588859416445624,0.0694076038903625,0.009725906277630416,0.04553492484526967,0.2891246684350133,0.03050397877984085,0.016357206012378427,0.048187444739168875
0.10998680158380994,0.02199736031676199,0.02375714914210295,0.0840299164100308,0.012758468983721953,0.027716673999120107,0.010118785745710514,0.17993840739111305,0.014958205015398152,0.06907171139463264,0.010118785745710514,0.045314562252529694,0.29564452265728114,0.032116146062472505,0.014078310602727673,0.04839419269687637
0.1111111111111111,0.02178649237472767,0.025272331154684097,0.08758169934640522,0.011764705882352941,0.027886710239651415,0.01045751633986928,0.17777777777777778,0.013507625272331155,0.06623093681917211,0.01045751633986928,0.044880174291938996,0.2949891067538126,0.033115468409586055,0.01437908496732026,0.048801742919389976
0.11494252873563218,0.020335985853227233,0.023430592396109638,0.08974358974358974,0.01237842617152962,0.03183023872679045,0.010167992926613616,0.17152961980548187,0.013704686118479222,0.06763925729442971,0.009725906277630416,0.044650751547303275,0.2922192749778957,0.033156498673740056,0.015915119363395226,0.04862953138815208
0.1198054818744474,0.019451812555260833,0.02475685234305924,0.08930150309460655,0.01237842617152962,0.03183023872679045,0.009283819628647215,0.17064544650751548,0.01237842617152962,0.0671971706454465,0.009283819628647215,0.04332449160035367,0.29442970822281167,0.03227232537577365,0.014146772767462422,0.04951370468611848
0.11648351648351649,0.018901098901098902,0.023296703296703296,0.09274725274725275,0.012307692307692308,0.02945054945054945,0.008791208791208791,0.17054945054945056,0.012747252747252748,0.06373626373626373,0.008791208791208791,0.04659340659340659,0.30153846153846153,0.03296703296703297,0.011868131868131869,0.04923076923076923
0.11419753086419752,0.019400352733686066,0.023368606701940034,0.09215167548500881,0.011904761904761904,0.029541446208112873,0.010141093474426807,0.16225749559082892,0.01455026455026455,0.06525573192239859,0.00837742504409171,0.047619047619047616,0.304673721340388,0.034832451499118164,0.012786596119929453,0.04894179894179894
0.11691762621789194,0.01815766164747564,0.023914968999114262,0.09300265721877768,0.013286093888396812,0.03277236492471213,0.008857395925597875,0.16341895482728078,0.0141718334809566,0.06731620903454384,0.011071744906997343,0.04295837023914969,0.29982285208148807,0.034100974313551816,0.012843224092116917,0.04738706820194863
0.11971830985915492,0.018045774647887324,0.02244718309859155,0.09330985915492958,0.01232394366197183,0.032130281690140844,0.009242957746478873,0.1624119718309859,0.013204225352112676,0.06954225352112677,0.010123239436619719,0.04533450704225352,0.292693661971831,0.03477112676056338,0.014964788732394365,0.04973591549295775
0.12071992976294996,0.01887620719929763,0.023266022827041263,0.09086918349429324,0.011852502194907815,0.03292361720807726,0.00877963125548727,0.16022827041264268,0.013608428446005268,0.07155399473222125,0.010535557506584723,0.046093064091308165,0.2919227392449517,0.03555750658472344,0.014925373134328358,0.048287971905179985
0.12087421944692239,0.0191793041926851,0.021409455842997322,0.09232827832292596,0.012042818911685994,0.03389830508474576,0.009812667261373774,0.1543264942016057,0.013826940231935772,0.07091882247992863,0.00936663693131133,0.049955396966993755,0.2943800178412132,0.03300624442462088,0.016057091882247992,0.04861730597680642
0.12250332889480692,0.018197958277851752,0.020861074123391034,0.09320905459387484,0.010652463382157125,0.03550821127385708,0.010652463382157125,0.15712383488681758,0.011984021304926764,0.07190412782956059,0.009320905459387484,0.04837993786063027,0.29383044829116733,0.03151353750554816,0.015534842432312472,0.048823790501553485
0.12704014115571238,0.016762240846934274,0.020732245258050286,0.09219232465813851,0.013233348037053375,0.03573003970004411,0.009704455227172474,0.15703573003970003,0.012351124834583149,0.07013674459638289,0.011468901632112925,0.04852227613586237,0.29289810322011467,0.029554477282752536,0.014556682840758712,0.04808116453462726
0.12736056214317085,0.016249451032059728,0.021519543258673692,0.09486166007905138,0.013175230566534914,0.034255599472990776,0.00878348704435661,0.1510759771629337,0.011857707509881422,0.07290294246815986,0.012296881862099254,0.05006587615283267,0.29292929292929293,0.029863855950812472,0.012736056214317084,0.05006587615283267
0.12428884026258205,0.017943107221006564,0.021444201312910284,0.09846827133479212,0.013566739606126914,0.03326039387308534,0.008315098468271335,0.150109409190372,0.010940919037199124,0.07264770240700219,0.011378555798687089,0.04945295404814004,0.29409190371991245,0.029321663019693654,0.013566739606126914,0.051203501094091906
0.12891832229580574,0.018984547461368653,0.020309050772626933,0.09757174392935983,0.0141280353200883,0.032671081677704196,0.008388520971302429,0.14260485651214128,0.011479028697571744,0.0728476821192053,0.012362030905077263,0.051655629139072845,0.29271523178807946,0.029580573951434878,0.013686534216335542,0.052097130242825605
0.12703296703296704,0.016263736263736263,0.02065934065934066,0.10021978021978022,0.012747252747252748,0.03340659340659341,0.008351648351648353,0.14153846153846153,0.01010989010989011,0.07120879120879121,0.011868131868131869,0.055384615384615386,0.29846153846153844,0.03032967032967033,0.012307692307692308,0.05010989010989011
0.12744227353463589,0.016429840142095916,0.020426287744227355,0.09902309058614565,0.010657193605683837,0.035523978685612786,0.008880994671403197,0.14342806394316163,0.010213143872113677,0.06793960923623446,0.012433392539964476,0.056838365896980464,0.29618117229129665,0.02975133214920071,0.012433392539964476,0.052397868561278864
0.13003095975232198,0.017691287041132243,0.021229544449358692,0.10084033613445378,0.010614772224679346,0.03361344537815126,0.008845643520566122,0.14241486068111456,0.010614772224679346,0.06678460858027421,0.011057054400707651,0.05749668288367979,0.29544449358690844,0.030959752321981424,0.011057054400707651,0.0513047324192835
0.1290748898678414,0.018061674008810574,0.019383259911894272,0.10308370044052863,0.010572687224669603,0.03303964757709251,0.007048458149779736,0.13964757709251102,0.01145374449339207,0.07048458149779736,0.011894273127753305,0.055506607929515416,0.29691629955947135,0.02907488986784141,0.011013215859030838,0.053744493392070485
0.12964601769911505,0.016814159292035398,0.018141592920353982,0.10398230088495575,0.009734513274336283,0.033628318584070796,0.006194690265486726,0.13451327433628318,0.011504424778761062,0.07699115044247788,0.011504424778761062,0.05486725663716814,0.3013274336283186,0.027876106194690265,0.011946902654867256,0.05132743362831858
0.12622222222222224,0.016888888888888887,0.017777777777777778,0.10311111111111111,0.009777777777777778,0.03333333333333333,0.006666666666666667,0.13866666666666666,0.013333333333333334,0.07377777777777778,0.010666666666666666,0.05644444444444444,0.30444444444444446,0.024444444444444446,0.012,0.052444444444444446
0.1320507214691736,0.014866637516397026,0.015741145605596852,0.10843900306077832,0.010056843025797988,0.03235679930039353,0.007433318758198513,0.1364232619151727,0.01355487538259729,0.07302142544818539,0.011368605159597726,0.05465675557498907,0.2995190205509401,0.024048972452995192,0.01355487538259729,0.052907739396589416
0.13590084108012396,0.013722886232846392,0.013722886232846392,0.10756972111553785,0.009738822487826471,0.03187250996015936,0.007082779991146525,0.13678618857901725,0.015050907481186366,0.06684373616644533,0.011509517485613104,0.05887560867640549,0.29880478087649404,0.02478972996901284,0.012837538733953076,0.054891544931385566
0.1345390383767093,0.012792236435818262,0.012792236435818262,0.10630789589766211,0.011027790030877812,0.032642258491398325,0.007940008822232024,0.1349801499779444,0.013674459638288486,0.0674900749889722,0.009704455227172474,0.05734450816056462,0.30480811645346273,0.02646669607410675,0.012351124834583149,0.05513895015438906
0.1363435148295706,0.013722886232846392,0.011509517485613104,0.10402833111996458,0.010624169986719787,0.03054448871181939,0.008410801239486499,0.1385568835768039,0.015050907481186366,0.0650730411686587,0.010624169986719787,0.05444887118193891,0.3094289508632138,0.027445772465692783,0.011066843736166445,0.05312084993359894
0.13544415127528583,0.014511873350923483,0.014511873350923483,0.10290237467018469,0.011433597185576077,0.030782761653474055,0.009234828496042216,0.13896218117854,0.016270888302550572,0.06596306068601583,0.010554089709762533,0.0505716798592788,0.3095866314863676,0.029463500439753737,0.009234828496042216,0.0505716798592788
0.13920704845814977,0.013656387665198238,0.015418502202643172,0.10176211453744494,0.01013215859030837,0.030837004405286344,0.009251101321585903,0.13832599118942732,0.014977973568281937,0.06519823788546256,0.010572687224669603,0.05506607929515418,0.307488986784141,0.028193832599118944,0.010572687224669603,0.04933920704845815
0.13771657041314972,0.014660151043980453,0.014215904042647711,0.10573078631719236,0.009773434029320302,0.029320302087960905,0.010661928031985785,0.135495335406486,0.014660151043980453,0.06219458018658374,0.00888494002665482,0.05286539315859618,0.3140826299422479,0.028876055086628164,0.011106175033318524,0.04975566414926699
0.14392935982339955,0.015011037527593819,0.01545253863134658,0.10286975717439294,0.009271523178807948,0.030463576158940398,0.011037527593818985,0.13245033112582782,0.01545253863134658,0.059602649006622516,0.007947019867549669,0.053421633554083886,0.3121412803532009,0.029580573951434878,0.011037527593818985,0.05033112582781457
0.14839277851166888,0.014971378247468076,0.014971378247468076,0.10700132100396301,0.009247027741083224,0.032144429766622636,0.012769704975781594,0.12857771906649054,0.015852047556142668,0.057683839718185824,0.009247027741083224,0.05195948921180097,0.3104359313077939,0.02774108322324967,0.011008366358432409,0.0479964773227653
0.1470327723649247,0.01550044286979628,0.015057573073516387,0.10673162090345438,0.009300265721877768,0.0283436669619132,0.012400354295837024,0.13197519929140833,0.016386182462356066,0.0562444641275465,0.00841452612931798,0.050487156775907885,0.316651904340124,0.0283436669619132,0.010628875110717449,0.04650132860938884
