C_R,C_A,C_S,C_N,D_R,D_A,D_S,D_N,Oc_R,Oc_A,Oc_S,Oc_N,Od_R,Od_A,Od_S,Od_N
0.0,0.0,0.0,0.0,0.0,0.0,0.0,0.0,0.0,0.0,0.0,0.0,0.0,0.0,0.0,1.0
0.0,0.0,0.0,0.0,0.0,0.0,0.0,0.0,0.0,0.5,0.0,0.0,0.0,0.0,0.0,0.5
0.0,0.2,0.0,0.0,0.0,0.0,0.0,0.0,0.0,0.4,0.0,0.0,0.0,0.0,0.0,0.4
0.0,0.15,0.0,0.0,0.0,0.0,0.0,0.0,0.0,0.35,0.0,0.0,0.1,0.0,0.0,0.4
0.0,0.17142857142857143,0.0,0.0,0.0,0.0,0.0,0.0,0.0,0.4,0.0,0.0,0.11428571428571428,0.05714285714285714,0.0,0.2571428571428571
0.0,0.13559322033898305,0.0,0.0,0.0,0.0,0.0,0.0,0.0,0.423728813559322,0.03389830508474576,0.0,0.1016949152542373,0.06779661016949153,0.0,0.23728813559322035
0.0,0.13978494623655913,0.0,0.0,0.0,0.0,0.0,0.0,0.010752688172043012,0.41935483870967744,0.03225806451612903,0.0,0.11827956989247312,0.07526881720430108,0.0,0.20430107526881722
0.0,0.13533834586466165,0.0,0.0,0.0,0.0,0.007518796992481203,0.0,0.007518796992481203,0.39849624060150374,0.03007518796992481,0.0,0.11278195488721804,0.09022556390977443,0.0,0.21804511278195488
0.0,0.14207650273224043,0.0,0.0,0.0,0.0,0.00546448087431694,0.0,0.01092896174863388,0.366120218579235,0.02185792349726776,0.01092896174863388,0.11475409836065574,0.10382513661202186,0.0,0.22404371584699453
0.0,0.14227642276422764,0.0,0.0,0.0,0.0,0.008130081300813009,0.0,0.016260162601626018,0.33739837398373984,0.036585365853658534,0.016260162601626018,0.12195121951219512,0.13008130081300814,0.0,0.1910569105691057
0.0,0.1365079365079365,0.0,0.0,0.0,0.0,0.012698412698412698,0.0,0.015873015873015872,0.3047619047619048,0.044444444444444446,0.025396825396825397,0.12380952380952381,0.14603174603174604,0.0,0.19047619047619047
0.0,0.13216957605985039,0.0,0.0,0.0,0.0024937655860349127,0.014962593516209476,0.0,0.017456359102244388,0.30423940149625933,0.059850374064837904,0.032418952618453865,0.10723192019950124,0.14214463840399003,0.0,0.18703241895261846
0.0,0.12043010752688173,0.002150537634408602,0.0,0.004301075268817204,0.002150537634408602,0.01935483870967742,0.0,0.01935483870967742,0.27741935483870966,0.06881720430107527,0.03870967741935484,0.10967741935483871,0.15913978494623657,0.0,0.17849462365591398
0.0,0.11942959001782531,0.0017825311942959,0.0,0.0035650623885918,0.0017825311942959,0.0285204991087344,0.0,0.03208556149732621,0.2549019607843137,0.0766488413547237,0.04634581105169341,0.11051693404634581,0.14260249554367202,0.0,0.18181818181818182
0.0015455950540958269,0.11591962905718702,0.0015455950540958269,0.0030911901081916537,0.010819165378670788,0.0015455950540958269,0.03400309119010819,0.0,0.027820710973724884,0.23647604327666152,0.08191653786707882,0.05100463678516229,0.10819165378670788,0.1561051004636785,0.0,0.17001545595054096
0.0026109660574412533,0.11488250652741515,0.0013054830287206266,0.0026109660574412533,0.010443864229765013,0.0039164490861618795,0.031331592689295036,0.0,0.030026109660574413,0.22845953002610966,0.08877284595300261,0.05352480417754569,0.11488250652741515,0.15535248041775457,0.0013054830287206266,0.16057441253263707
0.0011210762331838565,0.10986547085201794,0.0011210762331838565,0.002242152466367713,0.014573991031390135,0.008968609865470852,0.033632286995515695,0.0,0.033632286995515695,0.23094170403587444,0.09080717488789238,0.05493273542600897,0.1031390134529148,0.16143497757847533,0.0011210762331838565,0.15246636771300448
0.0019880715705765406,0.10934393638170974,0.0009940357852882703,0.0009940357852882703,0.015904572564612324,0.011928429423459244,0.036779324055666,0.0,0.030815109343936383,0.2286282306163022,0.09542743538767395,0.05467196819085487,0.11232604373757456,0.1540755467196819,0.0009940357852882703,0.14512922465208747
0.0017331022530329288,0.11091854419410745,0.0017331022530329288,0.0017331022530329288,0.02079722703639515,0.014731369150779897,0.03466204506065858,0.0017331022530329288,0.033795493934142114,0.21837088388214904,0.10138648180242635,0.060658578856152515,0.11265164644714037,0.14991334488734837,0.0025996533795493936,0.13258232235701906
0.0015455950540958269,0.10896445131375579,0.005409582689335394,0.00231839258114374,0.02241112828438949,0.020865533230293665,0.02936630602782071,0.0038639876352395673,0.03632148377125193,0.2187017001545595,0.10510046367851623,0.05564142194744977,0.1151468315301391,0.14219474497681608,0.00231839258114374,0.12982998454404945
0.0034411562284927736,0.10736407432897453,0.006194081211286993,0.0041293874741913286,0.025464556090846524,0.02339986235375086,0.02752924982794219,0.0027529249827942187,0.031658637302133516,0.21610461114934618,0.11355815554026152,0.05437026841018582,0.11355815554026152,0.1445285615966965,0.0020646937370956643,0.12388162422573985
0.003804692454026633,0.10209258084971465,0.007609384908053266,0.0057070386810399495,0.03170577045022194,0.02599873176918199,0.031071655041217502,0.0031705770450221942,0.03551046290424857,0.20545339251743816,0.11794546607482562,0.054533925174381735,0.10906785034876347,0.14331008243500318,0.0025364616360177552,0.12048192771084337
0.004725339633786178,0.0980507974010632,0.005906674542232723,0.0070880094506792675,0.032486709982279975,0.027170702894270527,0.029533372711163616,0.004134672179562906,0.03721204961606615,0.21264028352037803,0.11695215593620792,0.05611340815121087,0.11340815121086828,0.13998818665091553,0.002362669816893089,0.11222681630242173
0.006159014557670772,0.09966405375139978,0.007278835386338186,0.007838745800671893,0.030795072788353865,0.029115341545352745,0.027995520716685332,0.005039193729003359,0.0335946248600224,0.21780515117581187,0.1187010078387458,0.054871220604703244,0.11310190369540873,0.1366181410974244,0.004479283314669653,0.10694288913773796
0.008038585209003215,0.09860664523043944,0.006430868167202572,0.00857449088960343,0.03215434083601286,0.03644158628081458,0.03322615219721329,0.007502679528403001,0.030010718113612004,0.21918542336548769,0.11468381564844587,0.05519828510182208,0.1120042872454448,0.1345123258306538,0.0037513397642015005,0.09967845659163987
0.007716049382716049,0.09619341563786009,0.00720164609053498,0.009259259259259259,0.030864197530864196,0.03909465020576132,0.029320987654320986,0.00874485596707819,0.029320987654320986,0.22376543209876543,0.1095679012345679,0.05401234567901234,0.11213991769547325,0.13734567901234568,0.006687242798353909,0.09876543209876543
0.007541478129713424,0.08848667672197084,0.008044243338360985,0.00904977375565611,0.033182503770739065,0.04122674710910005,0.027652086475615886,0.011060834590246356,0.03117144293614882,0.21920563097033685,0.10457516339869281,0.05429864253393665,0.11814982403217697,0.138763197586727,0.00904977375565611,0.09854198089492207
0.00918762088974855,0.08655705996131528,0.008704061895551257,0.00918762088974855,0.029497098646034815,0.041586073500967116,0.030947775628626693,0.010638297872340425,0.024661508704061894,0.22292069632495165,0.10735009671179883,0.05270793036750483,0.11847195357833655,0.14168278529980657,0.008704061895551257,0.09719535783365571
0.010854176498348278,0.08352996696554979,0.010382255781028787,0.012269938650306749,0.03067484662576687,0.04152902312411515,0.03067484662576687,0.010382255781028787,0.02595563945257197,0.22321849929211893,0.10429447852760736,0.05002359603586597,0.12081170363378953,0.14299197734780558,0.008966493629070316,0.09344030202925908
0.010687732342007435,0.07992565055762081,0.00929368029739777,0.011152416356877323,0.032527881040892194,0.04553903345724907,0.032063197026022304,0.010223048327137546,0.025557620817843865,0.2258364312267658,0.10408921933085502,0.04972118959107807,0.11895910780669144,0.1407992565055762,0.00929368029739777,0.09433085501858736
0.010854816824966078,0.0777928539122569,0.011307100859339666,0.010854816824966078,0.033921302578018994,0.045228403437358664,0.033921302578018994,0.009950248756218905,0.026232473993668022,0.2234283129805518,0.0945273631840796,0.05336951605608322,0.12256897331524197,0.1451831750339213,0.009497964721845319,0.0913613749434645
0.011353315168029064,0.07674841053587647,0.009536784741144414,0.010899182561307902,0.0326975476839237,0.047229791099000905,0.031335149863760216,0.011353315168029064,0.022252497729336965,0.22343324250681199,0.10127157129881925,0.0522252497729337,0.1262488646684832,0.14532243415077203,0.008174386920980926,0.08991825613079019
0.013477088948787063,0.07637017070979335,0.012129380053908356,0.012578616352201259,0.03234501347708895,0.050314465408805034,0.03189577717879605,0.01302785265049416,0.023809523809523808,0.21159029649595687,0.09074573225516622,0.05615453728661276,0.1289308176100629,0.14330637915543576,0.011230907457322551,0.09209344115004492
0.015370705244122965,0.07459312839059674,0.011301989150090416,0.011754068716094032,0.028933092224231464,0.051537070524412296,0.033905967450271246,0.013562386980108499,0.021247739602169982,0.21835443037974683,0.0867992766726944,0.057414104882459314,0.1333634719710669,0.1442133815551537,0.011301989150090416,0.08634719710669078
0.016304347826086956,0.07246376811594203,0.01177536231884058,0.01177536231884058,0.028532608695652172,0.052083333333333336,0.025362318840579712,0.014492753623188406,0.021286231884057972,0.22327898550724637,0.07789855072463768,0.06068840579710145,0.13722826086956522,0.14673913043478262,0.014039855072463768,0.08605072463768115
0.01775147928994083,0.06417842512517069,0.012289485662266727,0.011834319526627219,0.02594446973145198,0.05598543468365953,0.028220300409649523,0.014110150204824761,0.019116977696859355,0.22439690487027766,0.07692307692307693,0.061902594446973144,0.1401911697769686,0.14337733272644515,0.014110150204824761,0.08966772872098316
0.019492293744333637,0.06029011786038078,0.013599274705349048,0.01314596554850408,0.02629193109700816,0.05349048050770626,0.02357207615593835,0.014959202175883953,0.0185856754306437,0.22846781504986402,0.07388939256572982,0.061650045330915684,0.142792384406165,0.1486854034451496,0.014505893019038985,0.08658204895738894
0.021495745633676667,0.0600089565606807,0.014778325123152709,0.012091356918943126,0.02418271383788625,0.05642633228840126,0.0219435736677116,0.0161218092252575,0.019704433497536946,0.22928795342588446,0.06762203313927452,0.06359158083296014,0.141961486789073,0.14912673533363188,0.0161218092252575,0.08553515450067174
0.023820224719101123,0.05438202247191011,0.012584269662921348,0.01348314606741573,0.02202247191011236,0.05887640449438202,0.01752808988764045,0.01662921348314607,0.01887640449438202,0.2346067415730337,0.06651685393258427,0.06696629213483146,0.14382022471910114,0.15056179775280898,0.014382022471910113,0.08494382022471911
0.026481149012567325,0.05251346499102334,0.012118491921005385,0.01436265709156194,0.02378815080789946,0.05834829443447038,0.01615798922800718,0.018850987432675045,0.018402154398563735,0.2374326750448833,0.06328545780969479,0.06238779174147217,0.15080789946140036,0.14766606822262118,0.013913824057450628,0.08348294434470377
0.028584189370254576,0.05091558731576597,0.013845466726217061,0.014292094685127288,0.023224653863331845,0.06029477445288075,0.014738722644037517,0.017418490397498883,0.018758374274229567,0.23715944618133095,0.06342117016525234,0.062081286288521664,0.1558731576596695,0.14694059848146493,0.011165698972755694,0.08128628852166146
0.030844881537773806,0.04783191774698257,0.014304872597228431,0.016540008940545373,0.019669199821189094,0.059901654000894054,0.016540008940545373,0.01743406347787215,0.018775145283862316,0.23379526151095217,0.05945462673223067,0.06258381761287439,0.16092981671881984,0.14886008046490837,0.012516763522574878,0.08001788109074653
0.03198578409595735,0.04620168813860506,0.016437139049311416,0.019102621057307864,0.020435362061306087,0.05952909817858729,0.015548645046645935,0.01776988005330964,0.019102621057307864,0.2394491337183474,0.051088405153265216,0.06308307418924922,0.16570413149711238,0.1452687694358063,0.009329187027987561,0.07996446023989338
0.0334075723830735,0.04543429844097996,0.017817371937639197,0.02093541202672606,0.01648106904231626,0.058797327394209356,0.014253897550111359,0.019599109131403118,0.018708240534521157,0.23162583518930957,0.053452115812917596,0.060133630289532294,0.1714922048997773,0.14788418708240533,0.010244988864142539,0.07973273942093541
0.03622540250447227,0.04293381037567084,0.016547406082289804,0.02146690518783542,0.019230769230769232,0.056797853309481214,0.012522361359570662,0.018336314847942754,0.017889087656529516,0.23658318425760286,0.04785330948121646,0.06305903398926654,0.17262969588550983,0.15026833631484796,0.008050089445438283,0.07960644007155634
0.037020517395182875,0.03612845673505798,0.015165031222123104,0.02230151650312221,0.01873327386262266,0.05798394290811775,0.011150758251561105,0.0191793041926851,0.020517395182872437,0.24219446922390722,0.0504014272970562,0.060660124888492414,0.17707404103479035,0.14674397859054417,0.004906333630686887,0.07983942908117753
0.04196113074204947,0.03445229681978799,0.015459363957597174,0.022084805653710248,0.017226148409893994,0.06051236749116608,0.009717314487632508,0.018992932862190812,0.019434628975265017,0.24072438162544169,0.04151943462897526,0.06448763250883392,0.18021201413427562,0.14708480565371024,0.004858657243816254,0.0812720848056537
0.04326710816777042,0.033554083885209716,0.016335540838852098,0.023399558498896248,0.017660044150110375,0.059602649006622516,0.008830022075055188,0.019426048565121413,0.02384105960264901,0.23222958057395143,0.04326710816777042,0.0631346578366446,0.1836644591611479,0.1479028697571744,0.0030905077262693157,0.08079470198675497
0.043516873889875664,0.03197158081705151,0.017317939609236235,0.025310834813499113,0.014653641207815276,0.06039076376554174,0.008436944937833037,0.019538188277087035,0.02575488454706927,0.2366785079928952,0.03641207815275311,0.06127886323268206,0.1878330373001776,0.1492007104795737,0.003108348134991119,0.07859680284191829
0.041998231653404064,0.029177718832891247,0.017241379310344827,0.026083112290008842,0.014588859416445624,0.060123784261715295,0.007957559681697613,0.022546419098143235,0.026083112290008842,0.22988505747126436,0.03801945181255526,0.06631299734748011,0.19230769230769232,0.14456233421750664,0.0022104332449160036,0.08090185676392574
0.044483209768861755,0.03009158307893589,0.0170082860880942,0.02529437418229394,0.015263846489315308,0.05974705625817706,0.01003052769297863,0.0226777147841256,0.026166593981683386,0.22590492804186654,0.033144352376798955,0.0641081552551243,0.19886611426079373,0.14653292629742695,0.0013083296990841692,0.0793720017444396
0.04637809187279152,0.02871024734982332,0.015901060070671377,0.023851590106007067,0.01678445229681979,0.05918727915194346,0.007950530035335688,0.024734982332155476,0.02561837455830389,0.22924028268551236,0.030477031802120143,0.0627208480565371,0.20141342756183744,0.14487632508833923,0.0030918727915194345,0.07906360424028269
0.04801762114537445,0.02907488986784141,0.015859030837004406,0.025110132158590308,0.018061674008810574,0.06167400881057269,0.006607929515418502,0.024229074889867842,0.027312775330396475,0.22334801762114537,0.02555066079295154,0.06299559471365639,0.2026431718061674,0.14273127753303966,0.0030837004405286344,0.08370044052863436
0.04770240700218818,0.028446389496717725,0.015317286652078774,0.027571115973741796,0.016192560175054705,0.06389496717724288,0.00700218818380744,0.024070021881838075,0.027571115973741796,0.21925601750547047,0.02450765864332604,0.06695842450765864,0.20525164113785557,0.1409190371991247,0.00350109409190372,0.08183807439824946
0.04931748128577719,0.02553940995156319,0.01453104359313078,0.029942756494936152,0.016292382210479964,0.06252752091589608,0.006164685160722149,0.024658740642888595,0.022457067371202115,0.22148833113166005,0.022016732716864818,0.06472919418758256,0.21136063408190225,0.14090708938793484,0.003963011889035667,0.0841039189784236
0.050284215128989944,0.025360734586794928,0.013117621337997376,0.03235679930039353,0.016615653694796676,0.06121556624398776,0.004372540445999125,0.024486226497595104,0.020988194140795804,0.2164407520769567,0.023174464363795364,0.06383909051158723,0.21469173589855706,0.14516834280717097,0.0034980323567993005,0.08439003060778312
0.05242463958060288,0.025338575797291395,0.011795543905635648,0.035386631716906945,0.01310615989515072,0.0581039755351682,0.00436871996505024,0.02490170380078637,0.023591087811271297,0.21756225425950196,0.019222367846221056,0.06509392747924858,0.22236784622105724,0.13543031891655744,0.00436871996505024,0.08693752730449979
0.05361813426329556,0.023539668700959023,0.008282476024411508,0.036181342632955533,0.013949433304272014,0.05448997384481256,0.003923278116826504,0.026155187445510025,0.02005231037489102,0.2175239755884917,0.018744551002615517,0.06669572798605057,0.2262423714036617,0.13862249346120314,0.0034873583260680036,0.08849171752397558
0.05620915032679739,0.020479302832244008,0.006535947712418301,0.03616557734204793,0.013071895424836602,0.054466230936819175,0.00522875816993464,0.025272331154684097,0.023965141612200435,0.2169934640522876,0.01917211328976035,0.06710239651416122,0.23137254901960785,0.13115468409586056,0.0030501089324618735,0.08976034858387799
0.05327510917030567,0.02052401746724891,0.00611353711790393,0.03580786026200873,0.011790393013100437,0.05589519650655022,0.005240174672489083,0.027074235807860263,0.01834061135371179,0.21572052401746725,0.01921397379912664,0.06812227074235808,0.2336244541484716,0.13449781659388646,0.004366812227074236,0.09039301310043668
0.054277029960920535,0.020842379504993486,0.005644811115935736,0.03560573165436387,0.008684324793747287,0.055145462440295265,0.0034737299174989146,0.029526704298740773,0.0182370820668693,0.21710811984368214,0.017368649587494574,0.06643508467216674,0.23881893182805036,0.13330438558402083,0.005210594876248371,0.09031697785497178
0.05555555555555555,0.017497812773403325,0.00699912510936133,0.03543307086614173,0.008748906386701663,0.0542432195975503,0.003499562554680665,0.02712160979877515,0.016622922134733157,0.21828521434820647,0.017497812773403325,0.0673665791776028,0.2436570428696413,0.13167104111986003,0.004811898512685914,0.09098862642169729
0.05512489233419466,0.017226528854435832,0.008613264427217916,0.037037037037037035,0.0103359173126615,0.05211024978466839,0.004306632213608958,0.028423772609819122,0.01808785529715762,0.21102497846683893,0.014642549526270457,0.07278208440999138,0.2467700258397933,0.1335055986218777,0.004737295434969853,0.08527131782945736
0.057933419801124084,0.01729355814958928,0.008214440121054907,0.03631647211413749,0.01124081279723303,0.05361003026372676,0.005620406398616515,0.028102031993082578,0.01599654128837008,0.21141374837872892,0.013834846519671422,0.06917423259835712,0.24859489840034588,0.13056636402939906,0.005188067444876783,0.08690012970168612
0.06006914433880726,0.013828867761452032,0.009075194468452896,0.037165082108902334,0.00864304235090752,0.056179775280898875,0.004753673292999135,0.027657735522904063,0.016853932584269662,0.20872947277441659,0.012532411408815903,0.07087294727744166,0.2536732929991357,0.12878133102852204,0.005185825410544511,0.08599827139152982
0.06056644880174292,0.012636165577342049,0.007407407407407408,0.03965141612200436,0.00784313725490196,0.05315904139433551,0.004793028322440087,0.02701525054466231,0.018736383442265796,0.20958605664488017,0.010021786492374727,0.06753812636165578,0.2596949891067538,0.13071895424836602,0.00522875816993464,0.08540305010893247
0.06340183646698731,0.013117621337997376,0.006121556624398776,0.038915609969392216,0.007870572802798426,0.052470485351989504,0.004372540445999125,0.03060778312199388,0.014866637516397026,0.20813292522955837,0.008307826847398338,0.07127240926978574,0.2584171403585483,0.13117621337997376,0.005247048535198951,0.08570179274158286
0.0650759219088937,0.013015184381778741,0.006941431670281995,0.0420824295010846,0.00737527114967462,0.05336225596529284,0.0039045553145336228,0.030802603036876357,0.014316702819956615,0.20911062906724512,0.006941431670281995,0.07114967462039046,0.26073752711496745,0.12754880694143167,0.006073752711496746,0.08156182212581345
0.06637931034482758,0.009913793103448277,0.005603448275862069,0.04482758620689655,0.009051724137931035,0.05301724137931035,0.0047413793103448275,0.03103448275862069,0.014655172413793103,0.2043103448275862,0.006896551724137931,0.06810344827586207,0.2655172413793103,0.1267241379310345,0.005172413793103448,0.08405172413793104
0.06555269922879177,0.00985432733504713,0.004712939160239932,0.04712939160239932,0.009425878320479864,0.054841473864610114,0.003427592116538132,0.03470437017994859,0.01456726649528706,0.19965724078834618,0.005998286203941731,0.06341045415595545,0.26735218508997427,0.13153384747215083,0.003427592116538132,0.0844044558697515
0.06761412575366063,0.0103359173126615,0.0030146425495262705,0.04823428079242033,0.007751937984496124,0.05770887166236004,0.003875968992248062,0.034453057708871665,0.013781223083548665,0.2037037037037037,0.004306632213608958,0.059431524547803614,0.2743324720068906,0.12747631352282515,0.0030146425495262705,0.08096468561584841
0.06789069171648164,0.009393680614859094,0.004269854824935952,0.04782237403928266,0.009393680614859094,0.05636208368915457,0.0034158838599487617,0.032450896669513236,0.013663535439795047,0.20666097352690008,0.0064047822374039285,0.060204953031596925,0.26857386848847137,0.12852263023057217,0.0025619128949615714,0.08240819812126388
0.06922072268175881,0.0087070091423596,0.0043535045711798,0.047017849368741836,0.012189812799303439,0.054854157596865474,0.00478885502829778,0.032651284283848496,0.013060513713539399,0.20243796255986068,0.00391815411406182,0.055724858511101434,0.27731824118415327,0.12886373530692208,0.0021767522855899,0.0827165868524162
0.06866952789699571,0.008583690987124463,0.005150214592274678,0.046781115879828326,0.013733905579399141,0.055793991416309016,0.004721030042918455,0.032188841201716736,0.012875536480686695,0.20214592274678111,0.005150214592274678,0.05407725321888412,0.28025751072961375,0.12446351931330472,0.002145922746781116,0.08326180257510729
0.06975736568457538,0.009532062391681109,0.004332755632582322,0.04549393414211438,0.014731369150779897,0.055025996533795495,0.005199306759098787,0.030329289428076257,0.01386481802426343,0.20753899480069324,0.004332755632582322,0.053292894280762566,0.2785961871750433,0.12391681109185441,0.002166377816291161,0.0818890814558059
0.07431551499348109,0.008257279443720122,0.003042155584528466,0.047805302042590175,0.01477618426770969,0.05302042590178183,0.006084311169056932,0.03129074315514994,0.012168622338113864,0.20121686223381138,0.003911342894393742,0.055627987831377665,0.2850934376358105,0.12038244241634072,0.003476749239461104,0.07953063885267275
0.07688984881209503,0.007775377969762419,0.004751619870410367,0.04967602591792657,0.014254859611231102,0.05572354211663067,0.00734341252699784,0.03153347732181425,0.01079913606911447,0.20086393088552915,0.0034557235421166306,0.04838012958963283,0.28466522678185746,0.11619870410367171,0.004751619870410367,0.08293736501079914
0.07635893011216566,0.006902502157031924,0.0056082830025884385,0.04831751509922347,0.013805004314063849,0.056082830025884385,0.006902502157031924,0.03451251078515962,0.00819672131147541,0.2006039689387403,0.004745470232959448,0.04788610871440897,0.28602243313201037,0.12036238136324418,0.004745470232959448,0.07894736842105263
0.07969151670951156,0.00728363324764353,0.005998286203941731,0.04755784061696658,0.013281919451585262,0.056555269922879174,0.008140531276778063,0.03513281919451585,0.008997429305912597,0.1953727506426735,0.005141388174807198,0.04884318766066838,0.28834618680377033,0.11610968294772922,0.005141388174807198,0.07840616966580977
0.07993124194241513,0.006446067898581865,0.004727116458960034,0.047271164589600345,0.015040825096691019,0.05758487322733133,0.006875805758487323,0.033949290932531156,0.00730554361839278,0.19467125053717232,0.003867640739149119,0.047271164589600345,0.289213579716373,0.11989686291362268,0.004727116458960034,0.0812204555221315
0.07960413080895008,0.0068846815834767644,0.0034423407917383822,0.04647160068846816,0.01333907056798623,0.05938037865748709,0.0068846815834767644,0.03571428571428571,0.009036144578313253,0.1944922547332186,0.0034423407917383822,0.04475043029259897,0.2921686746987952,0.11876075731497418,0.00387263339070568,0.08175559380378658
0.07758620689655173,0.007327586206896552,0.0034482758620689655,0.04913793103448276,0.014224137931034483,0.05775862068965517,0.007758620689655172,0.03577586206896552,0.009482758620689655,0.19137931034482758,0.004310344827586207,0.046120689655172416,0.2956896551724138,0.11508620689655172,0.004310344827586207,0.08060344827586206
0.07965367965367966,0.006493506493506494,0.003463203463203463,0.04935064935064935,0.013852813852813853,0.05411255411255411,0.005194805194805195,0.0380952380952381,0.009956709956709957,0.18787878787878787,0.004761904761904762,0.045021645021645025,0.3025974025974026,0.11341991341991342,0.003896103896103896,0.08225108225108226
0.08126603934987169,0.00641573994867408,0.0029940119760479044,0.04576561163387511,0.014970059880239521,0.058169375534645,0.00427715996578272,0.036783575705731396,0.0106928999144568,0.1881950384944397,0.004704875962360992,0.04491017964071856,0.3011120615911035,0.11334473909324208,0.003421727972626176,0.08297690333618478
0.07785467128027682,0.006055363321799308,0.0034602076124567475,0.04671280276816609,0.013408304498269897,0.05536332179930796,0.003027681660899654,0.03806228373702422,0.013408304498269897,0.1894463667820069,0.0038927335640138406,0.044550173010380625,0.30190311418685123,0.111159169550173,0.004325259515570935,0.08737024221453288
0.07708871662360034,0.0068906115417743325,0.0034453057708871662,0.04866494401378122,0.015073212747631352,0.05727820844099914,0.002153316106804479,0.037037037037037035,0.013350559862187769,0.18992248062015504,0.0030146425495262705,0.04220499569336779,0.3040482342807924,0.10895779500430663,0.004306632213608958,0.08656330749354005
0.07846481876332623,0.005970149253731343,0.0029850746268656717,0.04818763326226013,0.01535181236673774,0.05415778251599147,0.0029850746268656717,0.03368869936034115,0.013219616204690832,0.1931769722814499,0.00255863539445629,0.04392324093816631,0.30575692963752665,0.10660980810234541,0.003837953091684435,0.08912579957356077
0.07927617406290392,0.004308487720809996,0.003877638948728996,0.046100818612666954,0.015079707022834985,0.05687203791469194,0.003015941404566997,0.03188280913399397,0.012925463162429988,0.18569582076691082,0.0025850926324859974,0.04739336492890995,0.3162429987074537,0.0999569151227919,0.003877638948728996,0.09090909090909091
0.08056872037914692,0.004308487720809996,0.0025850926324859974,0.046531667384747954,0.013787160706591986,0.052563550193881946,0.003015941404566997,0.03188280913399397,0.012925463162429988,0.18138733304610083,0.0025850926324859974,0.046531667384747954,0.32313657906074966,0.10426540284360189,0.004308487720809996,0.08961654459284792
0.08108108108108109,0.00429000429000429,0.002574002574002574,0.045474045474045474,0.014586014586014585,0.05190905190905191,0.002574002574002574,0.03131703131703132,0.012012012012012012,0.18103818103818103,0.00429000429000429,0.045903045903045905,0.32947232947232946,0.10038610038610038,0.003861003861003861,0.08923208923208924
0.08165019338203695,0.006016330038676407,0.001289213579716373,0.04254404813064031,0.017619252256123763,0.05242801890846584,0.0030081650193382035,0.0335195530726257,0.010313708637730984,0.18134937688010314,0.005156854318865492,0.04426299957026214,0.3270305113880533,0.09969918349806618,0.004727116458960034,0.0893854748603352
0.07963839862247095,0.006887645286267757,0.0017219113215669393,0.04304778303917348,0.016358157554885924,0.05380972879896685,0.003013344812742144,0.03142488161859664,0.01076194575979337,0.17950925527335343,0.0034438226431338786,0.04433921653034869,0.3301764959104606,0.09814894532931553,0.005596211795092553,0.09212225570383126
0.0791522491349481,0.007785467128027681,0.0025951557093425604,0.04368512110726644,0.016868512110726645,0.05536332179930796,0.0034602076124567475,0.03200692041522491,0.007785467128027681,0.17214532871972318,0.0038927335640138406,0.047145328719723184,0.33088235294117646,0.0990484429065744,0.006487889273356401,0.09169550173010381
0.07842287694974004,0.006932409012131715,0.0025996533795493936,0.043327556325823226,0.01386481802426343,0.05415944540727903,0.0030329289428076256,0.03292894280762565,0.009098786828422877,0.17807625649913345,0.0034662045060658577,0.04462738301559792,0.33405545927209707,0.09792027729636049,0.00389948006932409,0.09358752166377816
0.07937877480586712,0.007765314926660914,0.0030198446937014668,0.04141501294219154,0.015530629853321829,0.056082830025884385,0.003451251078515962,0.034943917169974116,0.0090595340811044,0.1712683347713546,0.0025884383088869713,0.04616048317515099,0.3382226056945643,0.09706643658326143,0.003451251078515962,0.090595340811044
0.07626392459297343,0.007712082262210797,0.004284490145672665,0.04284490145672665,0.015424164524421594,0.05784061696658098,0.002570694087403599,0.03427592116538132,0.008140531276778063,0.1700942587832048,0.003427592116538132,0.04712939160239932,0.3389031705227078,0.09682947729220223,0.002570694087403599,0.09168808911739502
0.07876712328767123,0.008561643835616438,0.004708904109589041,0.04580479452054795,0.014982876712328766,0.05821917808219178,0.004280821917808219,0.033818493150684935,0.00898972602739726,0.16695205479452055,0.004708904109589041,0.045376712328767124,0.3420376712328767,0.09460616438356165,0.0012842465753424657,0.08690068493150685
0.0815450643776824,0.008583690987124463,0.005579399141630901,0.04463519313304721,0.014163090128755365,0.05836909871244635,0.0038626609442060085,0.03175965665236052,0.00815450643776824,0.17124463519313304,0.0038626609442060085,0.045493562231759654,0.3463519313304721,0.09012875536480687,0.0008583690987124463,0.08540772532188841
0.07918263090676884,0.009365687526607066,0.004257130693912303,0.04257130693912303,0.0140485312899106,0.05661983822903363,0.0038314176245210726,0.031928480204342274,0.009365687526607066,0.1728395061728395,0.002554278416347382,0.04257130693912303,0.34908471690080883,0.09493401447424436,0.001277139208173691,0.08556832694763729
0.08401551055579491,0.008186126669538992,0.003015941404566997,0.04480827229642396,0.012494614390348987,0.05385609651012495,0.004739336492890996,0.03015941404566997,0.01034037052994399,0.17018526497199482,0.0034467901766479965,0.043946574752261956,0.35286514433433863,0.09306333476949591,0.0012925463162429987,0.08358466178371392
0.086377309840997,0.00730554361839278,0.001289213579716373,0.04941985388912763,0.01289213579716373,0.05242801890846584,0.002578427159432746,0.03094112591319295,0.011602922217447357,0.1654490760636012,0.0021486892995272885,0.04340352385045122,0.36012032660077353,0.09153416415986249,0.001289213579716373,0.0812204555221315
0.08658379768538363,0.008144020574367767,0.0004286326618088298,0.05057865409344192,0.012858979854264894,0.05443634804972139,0.0017145306472353193,0.031290184312044576,0.011144449207029576,0.1594513501928847,0.0017145306472353193,0.044577796828118306,0.3660522931847407,0.08744106300900129,0.0012858979854264896,0.08229747106729533
0.08818493150684932,0.006421232876712328,0.0017123287671232876,0.0488013698630137,0.014126712328767123,0.05351027397260274,0.0012842465753424657,0.03125,0.011986301369863013,0.1583904109589041,0.0017123287671232876,0.04238013698630137,0.367722602739726,0.09032534246575342,0.0008561643835616438,0.08133561643835617
0.08769689229459345,0.007662835249042145,0.0017028522775649213,0.04725415070242656,0.01319710515112814,0.05278842060451256,0.0021285653469561515,0.032354193273733504,0.011919965942954448,0.1558109833971903,0.0017028522775649213,0.04299702000851426,0.36951894423158793,0.0885483184333759,0.0017028522775649213,0.08301404853128991
0.08543357539513029,0.006834686031610423,0.0008543357539513029,0.04656129859034601,0.01196070055531824,0.049551473729175566,0.0025630072618539087,0.031610422896198205,0.013669372063220846,0.15634344297308841,0.0025630072618539087,0.04228961982058949,0.3780435711234515,0.0897052541648868,0.0025630072618539087,0.07945322511747116
0.08662092624356775,0.007289879931389366,0.002144082332761578,0.04759862778730703,0.01072041166380789,0.04888507718696398,0.002144082332761578,0.03216123499142367,0.011578044596912522,0.15608919382504288,0.001286449399656947,0.04416809605488851,0.38078902229845624,0.0879073756432247,0.003001715265866209,0.07761578044596913
0.0870488322717622,0.008492569002123142,0.0029723991507431,0.04416135881104034,0.011040339702760084,0.04628450106157112,0.0025477707006369425,0.03227176220806794,0.0118895966029724,0.15498938428874734,0.0016985138004246285,0.04203821656050955,0.3813163481953291,0.0870488322717622,0.004246284501061571,0.08195329087048832
0.08703071672354949,0.008959044368600682,0.002559726962457338,0.043515358361774746,0.00938566552901024,0.04607508532423208,0.005119453924914676,0.030716723549488054,0.013225255972696246,0.15102389078498293,0.0021331058020477816,0.04223549488054607,0.3869453924914676,0.08703071672354949,0.004266211604095563,0.07977815699658702
0.08639863130881095,0.008982035928143712,0.003849443969204448,0.04362703165098375,0.0106928999144568,0.045337895637296836,0.0051325919589392645,0.029940119760479042,0.013259195893926433,0.1544054747647562,0.003421727972626176,0.043199315654405476,0.38922155688622756,0.08468776732249786,0.004704875962360992,0.07313943541488452
0.090595340811044,0.006902502157031924,0.0030198446937014668,0.04357204486626402,0.00992234685073339,0.04702329594477998,0.004314063848144953,0.028904227782571183,0.012942191544434857,0.15056082830025885,0.0025884383088869713,0.040120793787748056,0.39473684210526316,0.08283002588438308,0.005176876617773943,0.07679033649698015
0.09134406263592866,0.005654632448890822,0.003044802087864289,0.045237059591126574,0.010439321444106133,0.04654197477163984,0.0039147455415398,0.03218790778599391,0.012614180078294911,0.15137016093953892,0.0017398869073510222,0.039147455415398,0.3962592431491953,0.08003479773814702,0.004349717268377556,0.07612005219660722
0.08915559365623661,0.004714959279897128,0.002571795970852979,0.04372053150450064,0.011144449207029576,0.04972138876982426,0.0038576939562794685,0.031718816973853405,0.012858979854264894,0.15002143163309045,0.0012858979854264896,0.039862837548221175,0.4007715387912559,0.07843977711101587,0.005143591941705958,0.07501071581654523
0.08985879332477535,0.006418485237483954,0.002995293110825845,0.047068891741549,0.008557980316645272,0.04878048780487805,0.004706889174154899,0.03123662815575524,0.012836970474967908,0.14291827128797605,0.0012836970474967907,0.04065040650406504,0.40350877192982454,0.07531022678647839,0.006418485237483954,0.07744972186563971
0.09094809094809095,0.007293007293007293,0.00429000429000429,0.047619047619047616,0.008151008151008152,0.049764049764049766,0.005577005577005577,0.032175032175032175,0.014157014157014158,0.13985413985413986,0.000858000858000858,0.04118404118404118,0.4041184041184041,0.07207207207207207,0.005148005148005148,0.07679107679107679
0.09075268817204302,0.006021505376344086,0.004301075268817204,0.04774193548387097,0.007741935483870968,0.046021505376344085,0.005161290322580645,0.03096774193548387,0.013333333333333334,0.14021505376344087,0.0012903225806451613,0.04043010752688172,0.4129032258064516,0.07096774193548387,0.004731182795698925,0.07741935483870968
0.09241203899957609,0.00635862653666808,0.005086901229334464,0.04959728698601102,0.00847816871555744,0.04662992793556592,0.00423908435777872,0.030945315811784654,0.012293344637558287,0.13437897414158542,0.00211954217888936,0.03815175922000848,0.4150063586265367,0.07164052564646037,0.00423908435777872,0.07842306061890632
0.09369676320272573,0.00596252129471891,0.0038330494037478705,0.048977853492333905,0.008517887563884156,0.04557069846678024,0.0034071550255536627,0.030238500851788756,0.011499148211243612,0.13500851788756388,0.002129471890971039,0.03747870528109029,0.42078364565587734,0.06942078364565588,0.004684838160136286,0.07879045996592846
0.09420289855072464,0.0068201193520886615,0.0038363171355498722,0.05029838022165388,0.0076726342710997444,0.04731457800511509,0.0025575447570332483,0.03111679454390452,0.011082693947144074,0.13213981244671782,0.0025575447570332483,0.03665814151747655,0.42327365728900257,0.06862745098039216,0.004262574595055414,0.07757885763000852
0.09560723514211886,0.00516795865633075,0.004306632213608958,0.04909560723514212,0.008613264427217916,0.04608096468561585,0.0034453057708871662,0.0305770887166236,0.0103359173126615,0.12876830318690785,0.0034453057708871662,0.03617571059431524,0.4272179155900086,0.06632213608957795,0.006459948320413436,0.07838070628768304
0.0944206008583691,0.0038626609442060085,0.004721030042918455,0.04763948497854077,0.007296137339055794,0.04592274678111588,0.0038626609442060085,0.030042918454935622,0.01072961373390558,0.13304721030042918,0.0030042918454935624,0.0351931330472103,0.4369098712446352,0.06566523605150215,0.004291845493562232,0.07339055793991417
0.09368376430690971,0.00635862653666808,0.00423908435777872,0.04747774480712166,0.0072064434082238235,0.04705383637134379,0.003391267486222976,0.03052140737600678,0.0105977108944468,0.12759643916913946,0.003391267486222976,0.03899957609156422,0.44086477320898687,0.06231454005934718,0.003391267486222976,0.07291225095379399
0.09168443496801706,0.005970149253731343,0.0042643923240938165,0.049466950959488276,0.00767590618336887,0.04776119402985075,0.00255863539445629,0.030277185501066096,0.01023454157782516,0.1279317697228145,0.0021321961620469083,0.03582089552238806,0.44818763326226013,0.06055437100213219,0.003411513859275053,0.07206823027718551
0.09203238176395398,0.0051129100979974435,0.004686834256497656,0.04942479761397529,0.005965061780997018,0.04772049424797614,0.0025564550489987218,0.0293992330634853,0.011077971878994461,0.12313591819343843,0.002982530890498509,0.03792074989348104,0.45249254367277375,0.05837239028547082,0.0034086067319982955,0.07371112057946315
0.09102564102564102,0.005128205128205128,0.004273504273504274,0.050854700854700854,0.005128205128205128,0.04957264957264957,0.002136752136752137,0.02905982905982906,0.009829059829059829,0.12350427350427351,0.002564102564102564,0.03803418803418803,0.4534188034188034,0.06068376068376068,0.005128205128205128,0.06965811965811966
0.0903691132795927,0.004242681374628765,0.004666949512091642,0.05218498090793382,0.008061094611794654,0.05006364022061943,0.0012728044123886295,0.029698769622401356,0.01103097157403479,0.12431056427662282,0.004242681374628765,0.03648705982180738,0.4518455663979635,0.0560033941450997,0.005091217649554518,0.07042851081883751
0.09110350727117195,0.00427715996578272,0.0029940119760479044,0.05517536355859709,0.009409751924721984,0.04790419161676647,0.001710863986313088,0.02951240376390077,0.010265183917878529,0.12147134302822926,0.0029940119760479044,0.03721129170230967,0.4568006843455945,0.057741659538066724,0.004704875962360992,0.06672369546621043
0.08893617021276595,0.004680851063829788,0.002127659574468085,0.0574468085106383,0.011914893617021277,0.04808510638297872,0.000425531914893617,0.029361702127659574,0.011063829787234043,0.12085106382978723,0.00425531914893617,0.03787234042553191,0.46,0.05574468085106383,0.0029787234042553193,0.06425531914893617
0.09009393680614859,0.004696840307429547,0.0034158838599487617,0.05550811272416738,0.012809564474807857,0.04824935952177626,0.0012809564474807857,0.02860802732707088,0.01067463706233988,0.11870196413321947,0.0029888983774551663,0.035012809564474806,0.4637062339880444,0.057643040136635355,0.003842869342442357,0.0627668659265585
0.08912579957356077,0.003411513859275053,0.0021321961620469083,0.056716417910447764,0.012366737739872069,0.049466950959488276,0.0008528784648187633,0.02814498933901919,0.011513859275053304,0.11641791044776119,0.00255863539445629,0.03582089552238806,0.46780383795309166,0.056716417910447764,0.00511727078891258,0.06183368869936034
