C_R,C_A,C_S,C_N,D_R,D_A,D_S,D_N,Oc_R,Oc_A,Oc_S,Oc_N,Od_R,Od_A,Od_S,Od_N
1.0,0.0,0.0,0.0,0.0,0.0,0.0,0.0,0.0,0.0,0.0,0.0,0.0,0.0,0.0,0.0
0.5,0.0,0.0,0.0,0.0,0.0,0.0,0.5,0.0,0.0,0.0,0.0,0.0,0.0,0.0,0.0
0.0,0.0,0.0,0.0,0.0,0.0,0.0,0.6666666666666666,0.0,0.3333333333333333,0.0,0.0,0.0,0.0,0.0,0.0
0.0,0.0,0.0,0.0,0.0,0.0,0.0,0.6,0.0,0.4,0.0,0.0,0.0,0.0,0.0,0.0
0.0,0.0,0.0,0.0,0.0,0.0,0.2,0.6,0.0,0.2,0.0,0.0,0.0,0.0,0.0,0.0
0.0,0.0,0.14285714285714285,0.0,0.0,0.0,0.14285714285714285,0.42857142857142855,0.0,0.2857142857142857,0.0,0.0,0.0,0.0,0.0,0.0
0.0,0.0,0.2,0.0,0.0,0.0,0.1,0.4,0.0,0.2,0.0,0.1,0.0,0.0,0.0,0.0
0.0,0.0,0.18181818181818182,0.0,0.0,0.0,0.09090909090909091,0.18181818181818182,0.0,0.18181818181818182,0.0,0.18181818181818182,0.18181818181818182,0.0,0.0,0.0
0.0,0.0,0.1875,0.0,0.0,0.0,0.0625,0.125,0.0,0.3125,0.0,0.25,0.0625,0.0,0.0,0.0
0.0,0.0,0.13636363636363635,0.0,0.0,0.0,0.045454545454545456,0.13636363636363635,0.0,0.22727272727272727,0.045454545454545456,0.3181818181818182,0.09090909090909091,0.0,0.0,0.0
0.0,0.0,0.15151515151515152,0.0,0.0,0.0,0.06060606060606061,0.12121212121212122,0.0,0.18181818181818182,0.06060606060606061,0.30303030303030304,0.06060606060606061,0.06060606060606061,0.0,0.0
0.0,0.0,0.18181818181818182,0.0,0.0,0.0,0.06818181818181818,0.13636363636363635,0.0,0.1590909090909091,0.045454545454545456,0.25,0.09090909090909091,0.06818181818181818,0.0,0.0
0.0,0.0,0.20689655172413793,0.034482758620689655,0.0,0.0,0.06896551724137931,0.10344827586206896,0.0,0.13793103448275862,0.05172413793103448,0.22413793103448276,0.10344827586206896,0.06896551724137931,0.0,0.0
0.0,0.0,0.19767441860465115,0.046511627906976744,0.0,0.0,0.06976744186046512,0.08139534883720931,0.0,0.12790697674418605,0.046511627906976744,0.20930232558139536,0.12790697674418605,0.08139534883720931,0.011627906976744186,0.0
0.0,0.0,0.19298245614035087,0.07017543859649122,0.0,0.0,0.07894736842105263,0.05263157894736842,0.0,0.14035087719298245,0.03508771929824561,0.21052631578947367,0.14035087719298245,0.06140350877192982,0.017543859649122806,0.0
0.0,0.0,0.189873417721519,0.0759493670886076,0.0,0.0,0.08227848101265822,0.056962025316455694,0.0,0.16455696202531644,0.03164556962025317,0.17088607594936708,0.1518987341772152,0.06329113924050633,0.012658227848101266,0.0
0.009389671361502348,0.0,0.18779342723004694,0.08450704225352113,0.0,0.0,0.09389671361502347,0.06103286384976526,0.0,0.15492957746478872,0.03755868544600939,0.15492957746478872,0.13145539906103287,0.06103286384976526,0.023474178403755867,0.0
0.015151515151515152,0.003787878787878788,0.17424242424242425,0.11742424242424243,0.0,0.003787878787878788,0.0946969696969697,0.05303030303030303,0.0,0.1553030303030303,0.045454545454545456,0.13257575757575757,0.13257575757575757,0.04924242424242424,0.022727272727272728,0.0
0.012578616352201259,0.012578616352201259,0.16981132075471697,0.11635220125786164,0.0,0.006289308176100629,0.09119496855345911,0.059748427672955975,0.0,0.1540880503144654,0.0440251572327044,0.14150943396226415,0.1289308176100629,0.0440251572327044,0.018867924528301886,0.0
0.012594458438287154,0.017632241813602016,0.14609571788413098,0.1309823677581864,0.0025188916876574307,0.007556675062972292,0.10327455919395466,0.06297229219143577,0.0,0.14609571788413098,0.04030226700251889,0.14105793450881612,0.12594458438287154,0.04030226700251889,0.022670025188916875,0.0
0.011881188118811881,0.015841584158415842,0.13465346534653466,0.13465346534653466,0.0039603960396039604,0.009900990099009901,0.09108910891089109,0.06930693069306931,0.0,0.15643564356435644,0.039603960396039604,0.14257425742574256,0.12277227722772277,0.04356435643564356,0.023762376237623763,0.0
0.010135135135135136,0.018581081081081082,0.1266891891891892,0.14527027027027026,0.008445945945945946,0.011824324324324325,0.08952702702702703,0.05912162162162162,0.0,0.15878378378378377,0.04391891891891892,0.14864864864864866,0.11824324324324324,0.03885135135135135,0.02195945945945946,0.0
0.011510791366906475,0.017266187050359712,0.11798561151079137,0.14676258992805755,0.010071942446043165,0.012949640287769784,0.08489208633093526,0.060431654676258995,0.0,0.15683453237410072,0.04460431654676259,0.14676258992805755,0.12086330935251799,0.04460431654676259,0.02158273381294964,0.0028776978417266188
0.011194029850746268,0.017412935323383085,0.11194029850746269,0.14676616915422885,0.008706467661691543,0.018656716417910446,0.07960199004975124,0.05845771144278607,0.0,0.15671641791044777,0.048507462686567165,0.14303482587064675,0.12313432835820895,0.048507462686567165,0.022388059701492536,0.004975124378109453
0.009793253536452665,0.017410228509249184,0.10663764961915125,0.1501632208922742,0.01088139281828074,0.018498367791077257,0.08269858541893363,0.05767138193688792,0.0,0.15451577801958652,0.04570184983677911,0.14798694232861806,0.12078346028291621,0.04461371055495103,0.026115342763873776,0.006528835690968444
0.00862895493767977,0.020134228187919462,0.0977948226270374,0.14956855225311602,0.010546500479386385,0.023969319271332695,0.08341323106423777,0.05656759348034516,0.0028763183125599234,0.1486097794822627,0.05081495685522531,0.13806327900287632,0.12464046021093,0.05177372962607862,0.024928092042186004,0.007670182166826462
0.008539709649871904,0.017079419299743808,0.09991460290350128,0.14944491887275832,0.009393680614859094,0.02305721605465414,0.08710503842869342,0.053800170794193,0.0025619128949615714,0.15542271562766866,0.04696840307429547,0.13919726729291204,0.11699402220324509,0.05636208368915457,0.025619128949615714,0.008539709649871904
0.008448540706605223,0.016897081413210446,0.09293394777265745,0.15591397849462366,0.010752688172043012,0.021505376344086023,0.0944700460829493,0.05683563748079877,0.0038402457757296467,0.15591397849462366,0.047619047619047616,0.13287250384024576,0.10675883256528418,0.0629800307219662,0.023809523809523808,0.008448540706605223
0.009866102889358703,0.015503875968992248,0.08597603946441155,0.15081042988019733,0.010570824524312896,0.021141649048625793,0.10288935870331219,0.0507399577167019,0.004228329809725159,0.15644820295983086,0.05003523608174771,0.1346018322762509,0.1113460183227625,0.0613107822410148,0.023960535588442564,0.010570824524312896
0.009721322099805573,0.015554115359688918,0.07582631237848347,0.15165262475696695,0.008425145819831496,0.02268308489954634,0.10563836681788723,0.047310434219053794,0.005184705119896306,0.16396629941672067,0.0492546986390149,0.1322099805573558,0.11341542449773169,0.06221646143875567,0.02462734931950745,0.012313674659753726
0.008604794099569761,0.014751075599262446,0.07928703134603565,0.15488629379225569,0.008604794099569761,0.023970497848801474,0.09895513214505225,0.0528580208973571,0.005531653349723417,0.15918869084204057,0.04855562384757222,0.1309157959434542,0.11124769514443761,0.06207744314689613,0.02642901044867855,0.014136447449293177
0.008111239860950173,0.015643105446118192,0.07705677867902665,0.15585168018539977,0.009269988412514484,0.02433371958285052,0.093279258400927,0.05272305909617613,0.006373117033603708,0.16743916570104286,0.05098493626882966,0.13035921205098494,0.10660486674391657,0.05793742757821553,0.027230590961761298,0.016801853997682505
0.007662835249042145,0.016420361247947456,0.07279693486590039,0.16091954022988506,0.0120415982484948,0.019157088122605363,0.09469074986316366,0.052545155993431854,0.006568144499178982,0.16803503010399562,0.04980842911877394,0.1319102353585112,0.10454296661193213,0.060755336617405585,0.026272577996715927,0.015873015873015872
0.00792393026941363,0.01584786053882726,0.06497622820919176,0.16904384574749076,0.012150026413100899,0.021130480718436345,0.10301109350237718,0.050184891706286316,0.006867406233491812,0.1722134178552562,0.04754358161648178,0.13153724247226625,0.098256735340729,0.060221870047543584,0.024300052826201797,0.014791336502905442
0.008478802992518703,0.016957605985037406,0.06134663341645885,0.17057356608478802,0.015461346633416459,0.020448877805486283,0.10224438902743142,0.050374064837905234,0.00798004987531172,0.171072319201995,0.04638403990024938,0.13067331670822943,0.1002493765586035,0.06084788029925187,0.02144638403990025,0.015461346633416459
0.008341511285574092,0.015701668302257114,0.06182531894013739,0.1678115799803729,0.01619234543670265,0.019627085377821395,0.10549558390578999,0.05053974484789009,0.009322865554465163,0.17075564278704614,0.04612365063788027,0.13002944062806673,0.0986261040235525,0.058390578999018644,0.025024533856722278,0.01619234543670265
0.007981220657276996,0.015492957746478873,0.06056338028169014,0.1751173708920188,0.018779342723004695,0.018779342723004695,0.10422535211267606,0.05070422535211268,0.00892018779342723,0.1676056338028169,0.047417840375586856,0.12769953051643193,0.09671361502347418,0.06009389671361502,0.022535211267605635,0.01737089201877934
0.007501172058134084,0.015002344116268168,0.06094702297233943,0.18190342240975152,0.02062822315986873,0.01969057665260197,0.10782934833567745,0.048288795124238164,0.008438818565400843,0.1617440225035162,0.04781997187060478,0.12705110173464604,0.09563994374120956,0.05532114392873887,0.02437880918893577,0.017815283638068447
0.00602688919796013,0.013444598980064905,0.05702364394993046,0.1798794622160408,0.020398701900788133,0.019935095039406582,0.11265646731571627,0.052387575336114975,0.011126564673157162,0.1571627260083449,0.04775150672229949,0.12517385257301808,0.10106629578117757,0.05377839592025962,0.02364394993045897,0.01854427445526194
0.009954751131221719,0.011312217194570135,0.0579185520361991,0.18371040723981902,0.02262443438914027,0.019909502262443438,0.11538461538461539,0.048868778280542986,0.014027149321266969,0.15656108597285068,0.04751131221719457,0.12081447963800905,0.09773755656108597,0.05339366515837104,0.02262443438914027,0.01764705882352941
0.010309278350515464,0.010757507844016136,0.057821604661586735,0.18691169878978037,0.021515015688032272,0.022411474675033616,0.11250560286866876,0.04840878529807261,0.014791573285522188,0.15194979829672792,0.04392649036306589,0.12460779919318692,0.09681757059614522,0.055580457194083374,0.021963245181532944,0.019722097714029583
0.010355695632597929,0.010805943268797838,0.0544799639801891,0.18415128320576318,0.02341287708239532,0.02296262944619541,0.11436289959477713,0.04997748761819001,0.013957676722197209,0.1535344439441693,0.044574515983791085,0.12336785231877533,0.09635299414678072,0.05538045925258892,0.021611886537595677,0.020711391265195857
0.010719071013845467,0.00982581509602501,0.053595355069227336,0.186243858865565,0.023671281822242072,0.02009825815096025,0.1094238499330058,0.051362215274676194,0.016971862438588656,0.15453327378293882,0.04332291201429209,0.125502456453774,0.09557838320678874,0.05448861098704779,0.023224653863331845,0.021438142027690933
0.012016021361815754,0.012016021361815754,0.05785491766800178,0.1833555852247441,0.02403204272363151,0.021806853582554516,0.11125945705384958,0.05028927458834001,0.01824655095683133,0.14864263462394303,0.04539385847797063,0.12149532710280374,0.09345794392523364,0.054294615042278595,0.023141967067200713,0.022696929238985315
0.012595591542959963,0.01349527665317139,0.05713000449842555,0.1862348178137652,0.024741340530814216,0.022042285200179937,0.10796221322537113,0.048582995951417005,0.019343229869545658,0.14619883040935672,0.04093567251461988,0.12595591542959964,0.09896536212325686,0.04993252361673414,0.022042285200179937,0.02384165542060279
0.014184397163120567,0.01374113475177305,0.057624113475177305,0.18351063829787234,0.027039007092198582,0.022606382978723406,0.11170212765957446,0.05186170212765957,0.018173758865248225,0.14627659574468085,0.040336879432624116,0.12189716312056738,0.09618794326241134,0.051418439716312055,0.0199468085106383,0.02349290780141844
0.015597147950089126,0.015151515151515152,0.058823529411764705,0.18983957219251338,0.025846702317290554,0.021836007130124777,0.10650623885918004,0.04679144385026738,0.017825311942959002,0.14527629233511585,0.040998217468805706,0.12254901960784313,0.09759358288770054,0.05035650623885918,0.0213903743315508,0.023618538324420676
0.015957446808510637,0.01773049645390071,0.05939716312056738,0.19104609929078015,0.025709219858156027,0.02526595744680851,0.10283687943262411,0.04964539007092199,0.017287234042553192,0.1427304964539007,0.03856382978723404,0.12455673758865249,0.10195035460992907,0.044326241134751775,0.020390070921985817,0.022606382978723406
0.015411712901805373,0.016292382210479964,0.0607661822985469,0.1933069132540731,0.027300748568912372,0.02157639806252752,0.10435931307793923,0.047556142668428,0.017613386173491855,0.14222809335094672,0.04007045354469397,0.11845002201673271,0.10523998238661382,0.043593130779392336,0.022016732716864818,0.024218405988551298
0.015562472209871054,0.017785682525566917,0.05602489995553579,0.19475322365495776,0.028901734104046242,0.02401067140951534,0.10271231658514896,0.04979991107158737,0.018674966651845263,0.13872832369942195,0.03868385949310805,0.11783014673188083,0.10538016896398399,0.04490884837705647,0.023121387283236993,0.023121387283236993
0.014705882352941176,0.020499108734402853,0.05837789661319073,0.19786096256684493,0.031194295900178252,0.024509803921568627,0.0962566844919786,0.04768270944741533,0.0196078431372549,0.13680926916221034,0.03787878787878788,0.12121212121212122,0.10026737967914438,0.045454545454545456,0.022727272727272728,0.024955436720142603
0.016143497757847534,0.017937219730941704,0.05739910313901345,0.19641255605381167,0.02914798206278027,0.026905829596412557,0.09820627802690583,0.051121076233183856,0.021524663677130046,0.13408071748878925,0.03497757847533632,0.11659192825112108,0.10538116591928251,0.04663677130044843,0.022869955156950672,0.02466367713004484
0.01768346595932803,0.01989389920424403,0.05481874447391689,0.1927497789566755,0.027409372236958444,0.02564102564102564,0.09946949602122016,0.05172413793103448,0.022546419098143235,0.1361626878868258,0.03801945181255526,0.11715296198054818,0.10167992926613616,0.046419098143236075,0.022988505747126436,0.02564102564102564
0.018443544759334234,0.01979307242465137,0.05443094916779127,0.19253261358524518,0.027890238416554206,0.027440395861448492,0.09761583445793973,0.051731893837157,0.024741340530814216,0.13540260908681961,0.038686459739091315,0.11201079622132254,0.10616284300494827,0.04543409806567701,0.024741340530814216,0.022941970310391364
0.020833333333333332,0.01950354609929078,0.05540780141843971,0.18927304964539007,0.026595744680851064,0.031471631205673756,0.10372340425531915,0.04920212765957447,0.027039007092198582,0.12898936170212766,0.03590425531914894,0.11436170212765957,0.10904255319148937,0.04476950354609929,0.020833333333333332,0.02304964539007092
0.020143240823634737,0.019247985675917637,0.05953446732318711,0.19068934646374217,0.023724261414503133,0.02999104744852283,0.09444941808415398,0.051029543419874666,0.025067144136078783,0.13160250671441362,0.03581020590868397,0.11414503133393017,0.11369740376007162,0.045658012533572066,0.021486123545210387,0.023724261414503133
0.021816562778272486,0.019590382902938557,0.058771148708815675,0.18699910952804988,0.02404274265360641,0.03383793410507569,0.091273374888691,0.04853072128227961,0.024487978628673197,0.13223508459483527,0.03695458593054319,0.11308993766696349,0.11798753339269813,0.044968833481745324,0.022707034728406055,0.022707034728406055
0.0191793041926851,0.01873327386262266,0.058429973238180194,0.1926851025869759,0.026761819803746655,0.036574487065120426,0.08831400535236396,0.047725245316681535,0.024977698483496878,0.12845673505798394,0.034344335414808205,0.1159678858162355,0.1159678858162355,0.04415700267618198,0.024531668153434435,0.0231935771632471
0.020982142857142855,0.023214285714285715,0.054017857142857145,0.190625,0.024553571428571428,0.03571428571428571,0.08705357142857142,0.045535714285714284,0.024553571428571428,0.12767857142857142,0.04107142857142857,0.11383928571428571,0.12053571428571429,0.04241071428571429,0.024107142857142858,0.024107142857142858
0.022466960352422908,0.023348017621145373,0.057709251101321586,0.1960352422907489,0.024669603524229075,0.032158590308370046,0.08370044052863436,0.04361233480176212,0.025110132158590308,0.12863436123348018,0.04317180616740088,0.10837004405286343,0.11806167400881057,0.04449339207048458,0.02290748898678414,0.02555066079295154
0.0249888442659527,0.02186523873270861,0.054439982150825524,0.2003569834895136,0.024096385542168676,0.030789825970548863,0.08478357875948238,0.043284248103525214,0.0249888442659527,0.12717536813922356,0.03971441320838911,0.11155734047300313,0.12003569834895136,0.0428380187416332,0.022757697456492636,0.026327532351628737
0.024282560706401765,0.02207505518763797,0.04900662251655629,0.19735099337748344,0.022516556291390728,0.03487858719646799,0.0869757174392936,0.04370860927152318,0.025165562913907286,0.12671081677704193,0.037527593818984545,0.10816777041942605,0.12362030905077263,0.04282560706401766,0.025165562913907286,0.030022075055187638
0.025154457193292144,0.02206531332744925,0.04810238305383936,0.19858781994704325,0.02118270079435128,0.032215357458075904,0.08914386584289496,0.04501323918799647,0.02471315092674316,0.12797881729920565,0.03795233892321271,0.10944395410414828,0.12312444836716681,0.04060017652250662,0.025154457193292144,0.029567519858781994
0.024542614904060688,0.020972780008924587,0.047746541722445336,0.2030343596608657,0.02186523873270861,0.03168228469433289,0.08790718429272647,0.04462293618920125,0.024542614904060688,0.13029897367246765,0.038375725122713075,0.10932619366354306,0.12048192771084337,0.04194556001784917,0.022311468094600623,0.03034359660865685
0.025745257452574527,0.02168021680216802,0.04652213188798555,0.2073170731707317,0.022583559168925023,0.03387533875338753,0.08626919602529359,0.045167118337850046,0.02710027100271003,0.12782294489611562,0.03839205058717254,0.1052393857271906,0.12330623306233063,0.04065040650406504,0.02032520325203252,0.028003613369467027
0.025846702317290554,0.022727272727272728,0.04634581105169341,0.20588235294117646,0.022727272727272728,0.03342245989304813,0.08823529411764706,0.04679144385026738,0.026737967914438502,0.12210338680926916,0.03609625668449198,0.10739750445632798,0.12611408199643495,0.039661319073083776,0.022281639928698752,0.027629233511586453
0.02775290957923008,0.023276633840644583,0.043419874664279316,0.20277529095792302,0.025067144136078783,0.03357206803939123,0.08952551477170993,0.047896150402864816,0.02685765443151298,0.11862130707251567,0.03581020590868397,0.11056401074306177,0.12667860340196957,0.04207699194270367,0.020143240823634737,0.025962399283795883
0.026607538802660754,0.021729490022172948,0.04390243902439024,0.2057649667405765,0.021729490022172948,0.031929046563192905,0.08824833702882483,0.04478935698447894,0.027494456762749447,0.12638580931263857,0.03813747228381375,0.1073170731707317,0.12682926829268293,0.041685144124168516,0.021729490022172948,0.025720620842572064
0.02663115845539281,0.020861074123391034,0.044829116733244564,0.20594762538837105,0.023524189968930315,0.032845095428317796,0.08699511762094984,0.045272969374167776,0.027075011096316024,0.12339103417665336,0.03550821127385708,0.10652463382157124,0.12605415002219264,0.04349755881047492,0.024855747891699954,0.026187305814469597
0.027147307521139297,0.022251891410769914,0.04183355585224744,0.20694259012016022,0.022251891410769914,0.029372496662216287,0.08411214953271028,0.04672897196261682,0.027592345349354695,0.12550066755674233,0.036048064085447265,0.1081441922563418,0.1295060080106809,0.04138851802403204,0.024922118380062305,0.0262572318647085
0.02685765443151298,0.023276633840644583,0.04162936436884512,0.21396598030438674,0.021933751119068933,0.02909579230080573,0.08415398388540735,0.047000895255147716,0.02775290957923008,0.12175470008952552,0.03401969561324977,0.10966875559534467,0.12623097582811102,0.04118173679498657,0.025514771709937333,0.025962399283795883
0.025709219858156027,0.022606382978723406,0.04343971631205674,0.2025709219858156,0.023936170212765957,0.03102836879432624,0.08776595744680851,0.04210992907801418,0.027925531914893616,0.125,0.03546099290780142,0.11037234042553191,0.13164893617021275,0.03856382978723404,0.02526595744680851,0.026595744680851064
0.02883762200532387,0.023513753327417924,0.043478260869565216,0.21162377994676132,0.02040816326530612,0.031055900621118012,0.08296362023070097,0.04303460514640639,0.026619343389529725,0.11845607808340727,0.03460514640638864,0.1095829636202307,0.13620230700976044,0.03682342502218278,0.025732031943212066,0.027062999112688554
0.027039007092198582,0.022163120567375887,0.041223404255319146,0.21143617021276595,0.01950354609929078,0.03102836879432624,0.08244680851063829,0.04654255319148936,0.02526595744680851,0.12367021276595745,0.031914893617021274,0.10948581560283688,0.13918439716312056,0.03723404255319149,0.02304964539007092,0.028812056737588652
0.026536930561698365,0.02476780185758514,0.038920831490490936,0.20787262273330384,0.017249004865103935,0.034055727554179564,0.08447589562140646,0.047766475011057054,0.02565236620964175,0.1172047766475011,0.033171163202122954,0.10659000442282177,0.14418398938522778,0.0362671384343211,0.023883237505528527,0.03140203449800973
0.027062999112688554,0.023513753327417924,0.03593611357586513,0.20496894409937888,0.015971606033717833,0.034161490683229816,0.08518189884649512,0.04614019520851819,0.025288376220053237,0.11801242236024845,0.0354924578527063,0.10913930789707187,0.1468500443655723,0.03593611357586513,0.025732031943212066,0.030612244897959183
0.024745912505523642,0.024304021210782147,0.035793194874060984,0.20415377817057004,0.015466195315952275,0.033583738400353516,0.0826336721166593,0.04728236853733982,0.024304021210782147,0.11931064958020327,0.03623508616880247,0.10826336721166593,0.14980114891736632,0.034909412284577994,0.0273972602739726,0.031816173221387536
0.025607064017660046,0.025607064017660046,0.039293598233995586,0.20573951434878587,0.01456953642384106,0.031346578366445915,0.08123620309050773,0.0423841059602649,0.025607064017660046,0.11876379690949228,0.03708609271523179,0.10860927152317881,0.15408388520971303,0.033554083885209716,0.026931567328918323,0.029580573951434878
0.030035335689045935,0.026501766784452298,0.03975265017667844,0.20803886925795054,0.014134275618374558,0.03224381625441696,0.07862190812720848,0.04372791519434629,0.026060070671378093,0.12102473498233215,0.0353356890459364,0.10424028268551237,0.1501766784452297,0.03356890459363958,0.026501766784452298,0.030035335689045935
0.03098716246126605,0.02656042496679947,0.0398406374501992,0.20805666223992916,0.012837538733953076,0.033643204957945996,0.07923860115095174,0.04161133244798584,0.02478972996901284,0.11907923860115095,0.03497122620628597,0.1018149623727313,0.1531651173085436,0.03408587870739265,0.027888446215139442,0.03142983621071271
0.032473309608540925,0.027135231316725978,0.04092526690391459,0.21530249110320285,0.013345195729537367,0.033807829181494664,0.0791814946619217,0.04225978647686833,0.024466192170818506,0.11877224199288257,0.03202846975088968,0.10008896797153025,0.1472419928825623,0.03291814946619217,0.02802491103202847,0.03202846975088968
0.034131205673758866,0.027039007092198582,0.0398936170212766,0.21143617021276595,0.01551418439716312,0.0350177304964539,0.07712765957446809,0.04565602836879433,0.02526595744680851,0.11657801418439716,0.03102836879432624,0.09973404255319149,0.15070921985815602,0.031471631205673756,0.027039007092198582,0.03235815602836879
0.03235815602836879,0.027039007092198582,0.03679078014184397,0.21365248226950354,0.016843971631205674,0.031471631205673756,0.07845744680851063,0.043882978723404256,0.0274822695035461,0.11923758865248227,0.030141843971631204,0.09707446808510638,0.1600177304964539,0.02925531914893617,0.025709219858156027,0.030585106382978722
0.03258476442095993,0.02686041391457508,0.038749449581682076,0.21488331131660063,0.014971378247468076,0.03038309114927345,0.07661822985468957,0.043593130779392336,0.02774108322324967,0.11536767943637165,0.029942756494936152,0.09335094671950682,0.1668868339938353,0.03038309114927345,0.027300748568912372,0.03038309114927345
0.033112582781456956,0.026048565121412803,0.038852097130242826,0.21059602649006623,0.01545253863134658,0.030463576158940398,0.07373068432671082,0.038410596026490065,0.027373068432671083,0.11920529801324503,0.03399558498896247,0.09801324503311258,0.16600441501103752,0.03090507726269316,0.026490066225165563,0.031346578366445915
0.03297682709447415,0.026737967914438502,0.0374331550802139,0.21122994652406418,0.014705882352941176,0.03342245989304813,0.07174688057040998,0.040106951871657755,0.029411764705882353,0.1140819964349376,0.034759358288770054,0.09803921568627451,0.16488413547237077,0.03253119429590018,0.025846702317290554,0.03208556149732621
0.03685612788632327,0.02486678507992895,0.038632326820603906,0.2033747779751332,0.015985790408525755,0.03374777975133215,0.0674955595026643,0.040408525754884544,0.02930728241563055,0.11456483126110124,0.034191829484902306,0.09724689165186501,0.16873889875666073,0.03374777975133215,0.02664298401420959,0.034191829484902306
0.03558718861209965,0.02224199288256228,0.03914590747330961,0.2050711743772242,0.014679715302491103,0.03425266903914591,0.07072953736654804,0.04092526690391459,0.03158362989323844,0.1152135231316726,0.035142348754448396,0.09430604982206406,0.1650355871886121,0.036476868327402136,0.02491103202846975,0.03469750889679715
0.03748326639892905,0.02186523873270861,0.03792949576082106,0.2030343596608657,0.015618027666220438,0.0321285140562249,0.07452030343596609,0.043284248103525214,0.03480589022757698,0.11021865238732709,0.03435966086568496,0.08746095493083444,0.16956715751896476,0.03748326639892905,0.025435073627844713,0.03480589022757698
0.03870106761565836,0.022686832740213523,0.036476868327402136,0.20329181494661921,0.015569395017793594,0.035142348754448396,0.07250889679715303,0.042704626334519574,0.03202846975088968,0.10765124555160142,0.03914590747330961,0.08674377224199288,0.17126334519572953,0.037366548042704624,0.02402135231316726,0.03469750889679715
0.04115044247787611,0.023008849557522124,0.03584070796460177,0.20530973451327433,0.01592920353982301,0.03716814159292035,0.06858407079646017,0.04380530973451328,0.032300884955752215,0.10442477876106195,0.04070796460176991,0.08539823008849558,0.16946902654867257,0.03893805309734513,0.023893805309734513,0.034070796460176994
0.04611973392461197,0.02350332594235033,0.03547671840354767,0.20221729490022172,0.01729490022172949,0.03414634146341464,0.06607538802660753,0.04567627494456763,0.032815964523281595,0.10376940133037695,0.03680709534368071,0.08470066518847007,0.17028824833702882,0.042572062084257206,0.02394678492239468,0.03458980044345898
0.04791481810115351,0.022626441881100266,0.032830523513753325,0.1974267968056788,0.018633540372670808,0.03593611357586513,0.06566104702750665,0.04525288376220053,0.031055900621118012,0.10603371783496007,0.038154392191659274,0.08518189884649512,0.1730257320319432,0.03948535936113576,0.023957409050576754,0.03682342502218278
0.04663440387153542,0.02243730752309723,0.031236251649802024,0.19401671799384074,0.01847778266608007,0.03915530136383634,0.06555213374395072,0.04179498460184778,0.032116146062472505,0.10910690717113947,0.03915530136383634,0.08534975802903652,0.172459304883414,0.0409150901891773,0.026396832380114386,0.03519577650681918
0.04571682201509099,0.023524189968930315,0.030181979582778518,0.19973368841544606,0.01908566355969818,0.036395916555703504,0.06835330670217488,0.040390590324012425,0.030181979582778518,0.10430537061695518,0.040390590324012425,0.0887705281846427,0.17709720372836218,0.03817132711939636,0.024855747891699954,0.032845095428317796
0.047975352112676055,0.02420774647887324,0.03169014084507042,0.20598591549295775,0.02068661971830986,0.037852112676056336,0.06778169014084508,0.037411971830985914,0.02992957746478873,0.10387323943661972,0.037411971830985914,0.08450704225352113,0.17517605633802816,0.03609154929577465,0.025528169014084508,0.03389084507042254
0.04835847382431233,0.023513753327417924,0.032830523513753325,0.20629991126885536,0.02085181898846495,0.03682342502218278,0.06521739130434782,0.03992901508429459,0.031055900621118012,0.10470275066548358,0.03682342502218278,0.07941437444543034,0.17613132209405502,0.0354924578527063,0.025732031943212066,0.03682342502218278
0.04820875718708536,0.024325519681556832,0.03228659885006634,0.20300751879699247,0.02476780185758514,0.03582485625829279,0.06634232640424591,0.042459088898717384,0.029632905793896505,0.1021671826625387,0.034055727554179564,0.08491817779743477,0.17647058823529413,0.0362671384343211,0.026094648385670056,0.033171163202122954
0.04895416110369381,0.021361815754339118,0.032932799287939477,0.19982198486871383,0.02403204272363151,0.036048064085447265,0.06853582554517133,0.044058744993324434,0.03115264797507788,0.102803738317757,0.035603026257231864,0.08233199821984868,0.1838006230529595,0.032932799287939477,0.025367156208277702,0.030262572318647086
0.0461606746560142,0.023524189968930315,0.030181979582778518,0.1966267199289836,0.023524189968930315,0.037283621837549935,0.06968486462494451,0.043941411451398134,0.031069684864624945,0.10608078118064802,0.03550821127385708,0.08122503328894808,0.18597425654682645,0.032845095428317796,0.0230803373280071,0.033288948069241014
0.05013309671694765,0.025288376220053237,0.030168589174800354,0.19343389529724933,0.022626441881100266,0.03637976929902396,0.06566104702750665,0.04569653948535936,0.031055900621118012,0.1002661934338953,0.03371783496007098,0.08473824312333629,0.19343389529724933,0.0323868677905945,0.023070097604259095,0.03194321206743567
0.05302695536897923,0.027839151568714096,0.027839151568714096,0.19664162615996464,0.022978347326557666,0.034909412284577994,0.06495802032699956,0.04684047724259832,0.03049049933716306,0.09854175872735307,0.032699955810870526,0.08395934600088378,0.19089703932832522,0.033583738400353516,0.022536456031816175,0.03225806451612903
0.052886734244160426,0.02996914940502424,0.02908770383428823,0.19171441163508154,0.0246804759806082,0.0370207139709123,0.06698986337593654,0.04715733803437638,0.030409872190392245,0.09960334949316879,0.030850594975760245,0.08461877479065667,0.1886293521375055,0.03393565447333627,0.02247686205376818,0.02996914940502424
0.05263157894736842,0.03166815343443354,0.030330062444246207,0.19090098126672614,0.02230151650312221,0.03969669937555754,0.06645851917930419,0.0463871543264942,0.029438001784121322,0.10035682426404996,0.028545941123996433,0.07850133809099019,0.19446922390722568,0.03345227475468332,0.02230151650312221,0.03256021409455843
0.056189640035118525,0.029850746268656716,0.02897278314310799,0.19139596136962247,0.0228270412642669,0.04477611940298507,0.06321334503950835,0.043898156277436345,0.02897278314310799,0.09789288849868305,0.029850746268656716,0.07945566286215978,0.1935908691834943,0.03204565408252853,0.024582967515364356,0.0324846356453029
0.057958091841284,0.03031654034774855,0.029870708872046365,0.19259919750334373,0.02229157378510923,0.045474810521622826,0.061970575122603656,0.04057066428889879,0.028533214444939812,0.10031208203299152,0.03031654034774855,0.08024966562639323,0.19572001783325904,0.028533214444939812,0.023629068212215783,0.03165403477485511
0.05942350332594235,0.02926829268292683,0.030598669623059866,0.1893569844789357,0.021286031042128603,0.048337028824833705,0.06385809312638581,0.038580931263858094,0.026607538802660754,0.09268292682926829,0.03015521064301552,0.07849223946784922,0.20221729490022172,0.028824833702882482,0.02483370288248337,0.03547671840354767
0.06199821587867975,0.029884032114183764,0.028991971454058876,0.18599464763603926,0.01873327386262266,0.04861730597680642,0.06244424620874219,0.0383586083853702,0.025869759143621766,0.0936663693131133,0.028545941123996433,0.08117752007136485,0.2065120428189117,0.029438001784121322,0.023639607493309546,0.03612845673505798
0.06455921638468388,0.030276046304541407,0.02804986642920748,0.19145146927871773,0.017809439002671415,0.04986642920747997,0.06233303650934995,0.036064113980409616,0.025823686553873553,0.09082813891362422,0.02983081032947462,0.07836153161175423,0.20302760463045413,0.028495102404274265,0.02404274265360641,0.039180765805877114
0.06468763845813026,0.02702702702702703,0.02658396101019052,0.1891891891891892,0.01993797075764289,0.04918032786885246,0.06380150642445724,0.034559149313247675,0.027913159060700046,0.09570225963668587,0.02968542312804608,0.07709348692955251,0.20248116969428445,0.027913159060700046,0.024811696942844484,0.03943287549844927
0.06252771618625277,0.027937915742793792,0.02483370288248337,0.18314855875831484,0.019955654101995565,0.04789356984478936,0.06430155210643015,0.03370288248337029,0.02926829268292683,0.09667405764966741,0.031042128603104215,0.07671840354767184,0.21019955654101996,0.03015521064301552,0.021729490022172948,0.03991130820399113
0.06105169340463458,0.02807486631016043,0.024509803921568627,0.18538324420677363,0.019162210338680926,0.049910873440285206,0.06060606060606061,0.035650623885918005,0.028966131907308377,0.09581105169340463,0.0338680926916221,0.07085561497326204,0.2103386809269162,0.03253119429590018,0.021836007130124777,0.04144385026737968
0.06392489941886455,0.027715690657130084,0.024139472507822977,0.1823871256146625,0.02011622708985248,0.04917299955297273,0.05945462673223067,0.03799731783638802,0.028162717925793473,0.09521680822530175,0.03173893607510058,0.07063030844881538,0.21457308895842647,0.03218596334376397,0.021457308895842648,0.04112650871703174
0.06732055283102988,0.029870708872046365,0.024520731163620153,0.18234507356219348,0.019170753455193937,0.049487293802942485,0.05974141774409273,0.038341506910387874,0.02808738296923763,0.0954079358002675,0.029870708872046365,0.07044137316094516,0.207757467677218,0.03343736067766384,0.02139991083370486,0.04279982166740972
0.06850533807829182,0.030249110320284697,0.02402135231316726,0.1846085409252669,0.02179715302491103,0.050266903914590745,0.0547153024911032,0.03870106761565836,0.02491103202846975,0.0947508896797153,0.03336298932384341,0.06895017793594306,0.21218861209964412,0.032473309608540925,0.02001779359430605,0.04048042704626335
0.071334214002642,0.03038309114927345,0.027300748568912372,0.18714222809335096,0.02157639806252752,0.05063848524878908,0.055041831792162044,0.036988110964332896,0.024218405988551298,0.09158960810215765,0.032144429766622636,0.06869220607661823,0.21136063408190225,0.034346103038309116,0.02025539409951563,0.036988110964332896
0.06861443116423196,0.0283311199645861,0.02656042496679947,0.18725099601593626,0.02213368747233289,0.051350154935812305,0.05267817618415228,0.03718459495351926,0.02611775121735281,0.09074811863656485,0.03142983621071271,0.06640106241699867,0.21691013722886232,0.03497122620628597,0.021248339973439574,0.038069942452412575
0.06836461126005362,0.03038427167113494,0.02680965147453083,0.1863270777479893,0.021894548704200177,0.05138516532618409,0.049151027703306524,0.0388739946380697,0.024128686327077747,0.09249329758713137,0.02993744414655943,0.06970509383378017,0.2158176943699732,0.035746201966041107,0.021894548704200177,0.03708668453976765
0.06711111111111111,0.030666666666666665,0.02666666666666667,0.1902222222222222,0.020444444444444446,0.05333333333333334,0.04844444444444444,0.03822222222222222,0.02311111111111111,0.09244444444444444,0.03155555555555556,0.068,0.21422222222222223,0.03822222222222222,0.023555555555555555,0.033777777777777775
0.06637168141592921,0.031415929203539826,0.026106194690265486,0.19247787610619468,0.019469026548672566,0.05575221238938053,0.04601769911504425,0.04026548672566372,0.023008849557522124,0.09115044247787611,0.031415929203539826,0.06504424778761062,0.2168141592920354,0.03893805309734513,0.023451327433628318,0.032300884955752215
0.07040998217468805,0.03208556149732621,0.026292335115864526,0.19028520499108734,0.020053475935828877,0.05392156862745098,0.04857397504456328,0.040998217468805706,0.020499108734402853,0.08912655971479501,0.031194295900178252,0.0659536541889483,0.21657754010695188,0.040106951871657755,0.023172905525846704,0.03074866310160428
0.06882591093117409,0.030589293747188485,0.026090868196131354,0.19253261358524518,0.0206927575348628,0.051731893837157,0.04948268106162843,0.0449842555105713,0.01799370220422852,0.08771929824561403,0.0310391363022942,0.06342780026990553,0.22087269455690509,0.038236617183985605,0.025191183085919926,0.030589293747188485
0.07054125998225377,0.02883762200532387,0.025732031943212066,0.19520851818988466,0.02040816326530612,0.050576752440106475,0.05235137533274179,0.043478260869565216,0.01685891748003549,0.08695652173913043,0.030168589174800354,0.06299911268855368,0.22315882874889087,0.038154392191659274,0.025288376220053237,0.029281277728482696
0.07035398230088495,0.029646017699115044,0.026106194690265486,0.1986725663716814,0.01991150442477876,0.05221238938053097,0.04911504424778761,0.0415929203539823,0.017256637168141593,0.07920353982300884,0.02831858407079646,0.06504424778761062,0.22831858407079647,0.0415929203539823,0.023893805309734513,0.028761061946902654
0.07101896779885311,0.027790030877812087,0.026025584472871635,0.19717688575209527,0.020291133656815175,0.05116894574327305,0.05205116894574327,0.044993383325981476,0.015880017644464048,0.08160564622849581,0.025584472871636524,0.06484340538156154,0.2258491398323776,0.04058226731363035,0.023820026466696075,0.031318923687692984
0.06853020739404869,0.026149684400360685,0.02750225428313796,0.19477006311992787,0.02164111812443643,0.0527502254283138,0.04824165915238954,0.04102795311091073,0.016230838593327322,0.08340847610459874,0.028403967538322812,0.06447249774571687,0.2321911632100992,0.04102795311091073,0.022993688007213707,0.030658250676284943
0.07244444444444445,0.02666666666666667,0.027555555555555555,0.18977777777777777,0.021777777777777778,0.05288888888888889,0.04711111111111111,0.041777777777777775,0.015111111111111112,0.084,0.028444444444444446,0.06444444444444444,0.23422222222222222,0.04088888888888889,0.022222222222222223,0.030666666666666665
0.07080035180299032,0.028144239226033423,0.028144239226033423,0.19129287598944592,0.024626209322779244,0.05364995602462621,0.04573438874230431,0.04353562005277045,0.0158311345646438,0.08047493403693931,0.029023746701846966,0.0633245382585752,0.23131046613896217,0.0395778364116095,0.023746701846965697,0.030782761653474055
0.06946902654867257,0.02831858407079646,0.02743362831858407,0.1929203539823009,0.025221238938053097,0.05221238938053097,0.046460176991150445,0.04070796460176991,0.018141592920353982,0.07831858407079646,0.02831858407079646,0.06592920353982301,0.22920353982300884,0.04115044247787611,0.023451327433628318,0.03274336283185841
0.0673758865248227,0.028368794326241134,0.026152482269503546,0.19636524822695037,0.02171985815602837,0.05274822695035461,0.041666666666666664,0.040780141843971635,0.016843971631205674,0.07801418439716312,0.026152482269503546,0.06382978723404255,0.2393617021276596,0.040780141843971635,0.024822695035460994,0.0350177304964539
0.06793960923623446,0.02708703374777975,0.02575488454706927,0.19316163410301954,0.02264653641207815,0.05328596802841918,0.04218472468916518,0.04218472468916518,0.015985790408525755,0.07593250444049733,0.02797513321492007,0.06483126110124333,0.24289520426287745,0.04129662522202487,0.023090586145648313,0.03374777975133215
0.06942003514938488,0.026362038664323375,0.024165202108963092,0.18804920913884007,0.02328646748681898,0.054481546572934976,0.0421792618629174,0.04437609841827768,0.017135325131810195,0.07513181019332162,0.027240773286467488,0.06458699472759227,0.24428822495606328,0.04086115992970123,0.02328646748681898,0.0351493848857645
0.07107952021323856,0.024877832074633496,0.024433585073300755,0.185250999555753,0.02621057307863172,0.054198134162594405,0.04042647712127943,0.04264771212794314,0.019102621057307864,0.07996446023989338,0.027099067081297203,0.06441581519324745,0.23767214571301643,0.040870724122612175,0.025322079075966238,0.03642825410928476
