C_R,C_A,C_S,C_N,D_R,D_A,D_S,D_N,Oc_R,Oc_A,Oc_S,Oc_N,Od_R,Od_A,Od_S,Od_N
0.0,0.0,0.0,0.0,0.0,0.0,1.0,0.0,0.0,0.0,0.0,0.0,0.0,0.0,0.0,0.0
0.0,0.0,0.0,0.0,0.0,0.0,0.3333333333333333,0.0,0.0,0.0,0.0,0.0,0.0,0.0,0.0,0.6666666666666666
0.0,0.0,0.0,0.0,0.0,0.0,0.25,0.0,0.0,0.0,0.0,0.0,0.25,0.0,0.0,0.5
0.0,0.0,0.0,0.0,0.0,0.0,0.26666666666666666,0.0,0.0,0.0,0.0,0.13333333333333333,0.2,0.0,0.0,0.4
0.0,0.0,0.0,0.0,0.0,0.0,0.30434782608695654,0.0,0.0,0.0,0.0,0.17391304347826086,0.13043478260869565,0.0,0.0,0.391304347826087
0.0,0.0,0.0,0.0,0.0,0.0,0.358974358974359,0.0,0.0,0.0,0.0,0.23076923076923078,0.07692307692307693,0.0,0.0,0.3333333333333333
0.0,0.0,0.0,0.0,0.0,0.0,0.3114754098360656,0.0,0.01639344262295082,0.0,0.0,0.29508196721311475,0.08196721311475409,0.0,0.0,0.29508196721311475
0.0,0.0,0.0,0.0,0.0,0.021505376344086023,0.3225806451612903,0.0,0.021505376344086023,0.0,0.0,0.25806451612903225,0.0967741935483871,0.0,0.0,0.27956989247311825
0.0,0.0,0.0,0.0,0.0,0.02127659574468085,0.28368794326241137,0.0,0.028368794326241134,0.0,0.0,0.2553191489361702,0.14184397163120568,0.0,0.0,0.2695035460992908
0.0,0.0,0.0,0.0,0.0,0.036458333333333336,0.24479166666666666,0.010416666666666666,0.03125,0.0,0.0,0.2864583333333333,0.15104166666666666,0.010416666666666666,0.0,0.22916666666666666
0.0,0.0,0.0,0.0,0.003875968992248062,0.03875968992248062,0.2558139534883721,0.015503875968992248,0.01937984496124031,0.0,0.0,0.3023255813953488,0.16279069767441862,0.011627906976744186,0.0,0.18992248062015504
0.0,0.0,0.0,0.0,0.006097560975609756,0.04573170731707317,0.2621951219512195,0.018292682926829267,0.021341463414634148,0.0,0.0,0.3201219512195122,0.1524390243902439,0.009146341463414634,0.0,0.16463414634146342
0.004807692307692308,0.0,0.0,0.0,0.01201923076923077,0.06009615384615385,0.25240384615384615,0.019230769230769232,0.026442307692307692,0.0,0.0,0.3125,0.14903846153846154,0.009615384615384616,0.0,0.15384615384615385
0.007575757575757576,0.0,0.001893939393939394,0.0,0.013257575757575758,0.06818181818181818,0.24242424242424243,0.020833333333333332,0.022727272727272728,0.001893939393939394,0.0,0.3106060606060606,0.16098484848484848,0.011363636363636364,0.0,0.13825757575757575
0.010719754977029096,0.0015313935681470138,0.0030627871362940277,0.0015313935681470138,0.01225114854517611,0.07503828483920368,0.23583460949464014,0.02450229709035222,0.02450229709035222,0.0015313935681470138,0.0,0.30474732006125577,0.15926493108728942,0.016845329249617153,0.0015313935681470138,0.12710566615620214
0.012836970474967908,0.0,0.0025673940949935813,0.0025673940949935813,0.014120667522464698,0.07188703465982028,0.2246469833119384,0.021822849807445442,0.021822849807445442,0.006418485237483954,0.0,0.30937098844672656,0.16559691912708602,0.023106546854942234,0.0025673940949935813,0.12066752246469833
0.017543859649122806,0.0,0.0021929824561403508,0.0021929824561403508,0.015350877192982455,0.08114035087719298,0.21271929824561403,0.020833333333333332,0.01864035087719298,0.010964912280701754,0.0,0.3081140350877193,0.16885964912280702,0.02631578947368421,0.003289473684210526,0.1118421052631579
0.019029495718363463,0.0019029495718363464,0.0028544243577545195,0.0028544243577545195,0.015223596574690771,0.08372978116079924,0.20742150333016174,0.016175071360608945,0.014272121788772598,0.016175071360608945,0.0019029495718363464,0.3073263558515699,0.17221693625118933,0.028544243577545196,0.0009514747859181732,0.10941960038058991
0.027661357921207042,0.002514668901927913,0.005029337803855826,0.005029337803855826,0.01173512154233026,0.08968985750209556,0.21039396479463537,0.020117351215423303,0.014249790444258172,0.019279128248113998,0.005029337803855826,0.2958927074601844,0.16848281642917015,0.025984911986588432,0.0,0.0989103101424979
0.030873493975903613,0.002259036144578313,0.0030120481927710845,0.005271084337349397,0.012048192771084338,0.08960843373493976,0.19653614457831325,0.01581325301204819,0.01581325301204819,0.023343373493975902,0.007530120481927711,0.2914156626506024,0.18072289156626506,0.030120481927710843,0.0007530120481927711,0.09487951807228916
0.030927835051546393,0.0013745704467353953,0.0027491408934707906,0.007560137457044674,0.013058419243986255,0.09415807560137457,0.19037800687285222,0.016494845360824743,0.015120274914089347,0.024054982817869417,0.006872852233676976,0.2852233676975945,0.18900343642611683,0.026804123711340205,0.002061855670103093,0.09415807560137457
0.032237673830594185,0.0018963337547408343,0.0018963337547408343,0.00695322376738306,0.012642225031605562,0.0979772439949431,0.18331226295828065,0.01390644753476612,0.015170670037926675,0.02718078381795196,0.00695322376738306,0.2838179519595449,0.1934260429835651,0.028445006321112517,0.0012642225031605564,0.09292035398230089
0.033593281343731254,0.001799640071985603,0.002999400119976005,0.0065986802639472104,0.01259748050389922,0.09658068386322735,0.16556688662267546,0.014397120575884824,0.020395920815836834,0.028794241151769647,0.008398320335932814,0.29514097180563886,0.19556088782243553,0.026994601079784044,0.005398920215956809,0.08518296340731854
0.03167420814479638,0.0016968325791855204,0.003393665158371041,0.008484162895927601,0.013574660633484163,0.09558823529411764,0.16176470588235295,0.014705882352941176,0.02262443438914027,0.033936651583710405,0.006221719457013574,0.2861990950226244,0.20531674208144796,0.027149321266968326,0.003959276018099547,0.083710407239819
0.03311965811965812,0.003205128205128205,0.005876068376068376,0.007478632478632479,0.014423076923076924,0.09668803418803419,0.15544871794871795,0.013354700854700854,0.026175213675213676,0.035256410256410256,0.007478632478632479,0.28044871794871795,0.20726495726495728,0.026175213675213676,0.005876068376068376,0.08173076923076923
0.03428571428571429,0.004675324675324675,0.005194805194805195,0.007792207792207792,0.017662337662337664,0.09662337662337663,0.14597402597402598,0.015064935064935066,0.023896103896103898,0.03428571428571429,0.007272727272727273,0.27740259740259743,0.21246753246753247,0.03168831168831169,0.007272727272727273,0.07844155844155844
0.03197969543147208,0.005076142131979695,0.005583756345177665,0.007106598984771574,0.015228426395939087,0.09187817258883249,0.14416243654822336,0.011675126903553299,0.024873096446700507,0.03553299492385787,0.008121827411167513,0.2796954314720812,0.21878172588832487,0.03299492385786802,0.007614213197969543,0.07969543147208122
0.028175976272862086,0.005931784478497282,0.006920415224913495,0.007414730598121601,0.020266930301532378,0.09639149777558081,0.1453287197231834,0.010380622837370242,0.022738507167572912,0.03509639149777558,0.008403361344537815,0.2842313395946614,0.22046465645081562,0.03064755313890262,0.007414730598121601,0.07019278299555116
0.029282576866764276,0.007808687164470474,0.007808687164470474,0.008296730112249878,0.01708150317227916,0.09321620302586628,0.14494875549048317,0.010736944851146901,0.02440214738897023,0.038555392874572963,0.00634455832113226,0.28208882381649586,0.2225475841874085,0.031234748657881894,0.006832601268911664,0.06881405563689605
0.029158699808795412,0.007170172084130019,0.00621414913957935,0.009560229445506692,0.01577437858508604,0.09703632887189292,0.14005736137667305,0.01338432122370937,0.022944550669216062,0.04254302103250478,0.005258126195028681,0.2815487571701721,0.2208413001912046,0.03154875717017208,0.007170172084130019,0.06978967495219886
0.029787234042553193,0.006146572104018913,0.006146572104018913,0.011347517730496455,0.01702127659574468,0.09645390070921986,0.13333333333333333,0.012293144208037825,0.02458628841607565,0.0425531914893617,0.004728132387706856,0.2822695035460993,0.22884160756501182,0.030732860520094562,0.005673758865248227,0.06808510638297872
0.029712163416898793,0.0064995357474466105,0.0064995357474466105,0.010677808727948004,0.017177344475394613,0.10074280408542247,0.1327762302692665,0.012534818941504178,0.02321262766945218,0.04085422469823584,0.0064995357474466105,0.27901578458681525,0.22934076137418755,0.031569173630454965,0.0064995357474466105,0.06638811513463325
0.03228825456247075,0.005147402901263453,0.004679457182966776,0.010294805802526907,0.018249883013570427,0.10107627515208235,0.12026204960224614,0.014974262985493684,0.024801123069723912,0.04305100608329434,0.004679457182966776,0.28310715956948995,0.22976134768366868,0.03275620028076743,0.0070191857744501636,0.06785212915301825
0.03499766682221185,0.005132991133924405,0.004666355576294913,0.008399440037330844,0.01773215118992067,0.10405972935137657,0.11525898273448437,0.015398973401773215,0.02379841343910406,0.042463835744283716,0.006532897806812879,0.27718152123191786,0.2384507699486701,0.03173121791880541,0.009332711152589827,0.0648623425104993
0.03515263644773358,0.0032377428307123032,0.006012950971322849,0.009250693802035153,0.018038852913968548,0.10777058279370953,0.11193339500462535,0.015263644773358002,0.024051803885291396,0.04440333024976873,0.006938020351526364,0.2798334875115634,0.22987974098057354,0.02960222016651249,0.01156336725254394,0.06706753006475485
0.035414725069897485,0.005125815470643057,0.005591798695246971,0.010251630941286114,0.017707362534948742,0.1043802423112768,0.10997204100652376,0.01537744641192917,0.023299161230195712,0.04706430568499534,0.008387698042870456,0.2786579683131407,0.23159366262814537,0.031220876048462257,0.010717614165890028,0.06523765144454799
0.03791030975496995,0.004160887656033287,0.006010171058714748,0.012020342117429497,0.018030513176144243,0.10309754969949145,0.11188164586222839,0.018030513176144243,0.02311604253351826,0.044382801664355064,0.010171058714748035,0.26490984743411927,0.23439667128987518,0.03282478039759593,0.0106333795654184,0.06842348589921406
0.038372630605640314,0.0036985668053629217,0.00785945446139621,0.013407304669440592,0.018955154877484975,0.10263522884882108,0.10309754969949145,0.018030513176144243,0.0212667591308368,0.04854368932038835,0.01155802126675913,0.2750809061488673,0.2302357836338419,0.032362459546925564,0.009246417013407305,0.06564956079519187
0.03959012575687005,0.0032603632976245926,0.008383791336748951,0.015370284117373078,0.014904517931998137,0.10340009315323707,0.10246856078248719,0.017233348858872847,0.019562179785747556,0.04611085235211924,0.014438751746623195,0.272007452258966,0.2375407545412203,0.03213786679087098,0.008849557522123894,0.0647414997671169
0.041474654377880185,0.0027649769585253456,0.00967741935483871,0.017050691244239632,0.016589861751152075,0.10783410138248847,0.0967741935483871,0.017511520737327188,0.022119815668202765,0.04884792626728111,0.012442396313364055,0.2672811059907834,0.22995391705069124,0.035023041474654376,0.008755760368663594,0.06589861751152074
0.040968342644320296,0.002793296089385475,0.009776536312849162,0.01675977653631285,0.0186219739292365,0.10148975791433892,0.09590316573556797,0.015828677839851025,0.0186219739292365,0.051675977653631286,0.012569832402234637,0.2644320297951583,0.2383612662942272,0.034916201117318434,0.009776536312849162,0.06750465549348231
0.041241890639481,0.003243744207599629,0.011584800741427247,0.019462465245597776,0.019462465245597776,0.10287303058387395,0.08943466172381835,0.015291936978683966,0.017608897126969416,0.05421686746987952,0.010194624652455977,0.26737720111214086,0.23540315106580167,0.033364226135310475,0.009731232622798888,0.06950880444856349
0.04189944134078212,0.004655493482309125,0.010707635009310988,0.02094972067039106,0.02094972067039106,0.10195530726256984,0.0893854748603352,0.014432029795158287,0.01722532588454376,0.049348230912476726,0.010242085661080074,0.2676908752327747,0.24162011173184358,0.03445065176908752,0.008379888268156424,0.06610800744878957
0.04197761194029851,0.004197761194029851,0.01166044776119403,0.0228544776119403,0.020522388059701493,0.1044776119402985,0.08255597014925373,0.013059701492537313,0.016791044776119403,0.04897388059701493,0.013059701492537313,0.27425373134328357,0.23180970149253732,0.03591417910447761,0.008395522388059701,0.06949626865671642
0.04289667896678967,0.004612546125461255,0.013837638376383764,0.023062730627306273,0.02029520295202952,0.1014760147601476,0.08071955719557196,0.014760147601476014,0.017988929889298892,0.05119926199261993,0.012915129151291513,0.26476014760147604,0.238929889298893,0.03551660516605166,0.008763837638376383,0.06826568265682657
0.04613233923578751,0.0060577819198508855,0.0130475302889096,0.023765144454799627,0.02190121155638397,0.1048462255358807,0.07315936626281454,0.014911463187325256,0.019105312208760484,0.05265610438024231,0.012581547064305684,0.2637465051258155,0.23625349487418454,0.032618825722273995,0.008853681267474371,0.07036346691519105
0.044393592677345536,0.006864988558352402,0.013272311212814645,0.022425629290617848,0.020137299771167048,0.10617848970251716,0.07185354691075514,0.016018306636155607,0.019221967963386728,0.0540045766590389,0.010983981693363844,0.25720823798627,0.23844393592677346,0.037528604118993135,0.008237986270022883,0.07322654462242563
0.042298850574712644,0.005977011494252874,0.015172413793103448,0.022068965517241378,0.01885057471264368,0.10574712643678161,0.06804597701149426,0.015632183908045976,0.01885057471264368,0.05379310344827586,0.009195402298850575,0.26298850574712646,0.2413793103448276,0.037241379310344824,0.008735632183908045,0.07402298850574712
0.04396112910689495,0.007403979639055993,0.016196205460434984,0.02313743637204998,0.017121702915316984,0.1045812124016659,0.06432207311429894,0.017584451642757983,0.01850994909763998,0.05599259602036094,0.00925497454881999,0.26191577973160574,0.24109208699676077,0.037482646922720964,0.008792225821378992,0.07265155020823692
0.04803695150115474,0.007852193995381063,0.017090069284064664,0.022632794457274827,0.018475750577367205,0.10392609699769054,0.06836027713625865,0.016166281755196306,0.017090069284064664,0.05635103926096998,0.009699769053117783,0.2540415704387991,0.23556581986143188,0.03879907621247113,0.009237875288683603,0.0766743648960739
0.04855703160787907,0.009161704076958314,0.016491067338524967,0.022904260192395786,0.01694915254237288,0.10673385249656436,0.06000916170407696,0.01694915254237288,0.015574896930829134,0.0554283096655978,0.00961978928080623,0.255153458543289,0.23820430600091616,0.04260192395785616,0.008245533669262483,0.07741639945029775
0.04501607717041801,0.008268259072117593,0.016536518144235186,0.021129995406522738,0.016536518144235186,0.1065686724850712,0.06476802939825448,0.017455213596692696,0.016995865870463943,0.05558107487367937,0.008268259072117593,0.2498851630684428,0.24345429490124024,0.044097381717960495,0.009186954524575103,0.07625172255397336
0.04345857854232685,0.009053870529651425,0.016749660479855138,0.023540063377093707,0.014486192847442281,0.11136260751471254,0.05975554549569941,0.016749660479855138,0.015391579900407425,0.057039384336803986,0.009053870529651425,0.24852874603893163,0.2426437301946582,0.045722046174739704,0.007243096423721141,0.07922136713444998
0.04281767955801105,0.008287292817679558,0.01565377532228361,0.023480662983425413,0.013351749539594844,0.10497237569060773,0.0649171270718232,0.019337016574585635,0.01427255985267035,0.05755064456721915,0.006445672191528545,0.2440147329650092,0.24769797421731124,0.049263351749539594,0.008287292817679558,0.07965009208103131
0.04260192395785616,0.010535959688502062,0.015116811726981219,0.0233623453962437,0.015574896930829134,0.10627576729271644,0.06000916170407696,0.02015574896930829,0.013742556115437472,0.05771873568483738,0.007787448465414567,0.24278515803939532,0.2505726065048099,0.04764086120018323,0.007787448465414567,0.07833256985799358
0.04717853839037928,0.009250693802035153,0.01572617946345976,0.02358926919518964,0.01341350601295097,0.10823311748381129,0.058279370952821465,0.018963922294172063,0.012488436632747455,0.059666975023126734,0.009250693802035153,0.2400555041628122,0.2479185938945421,0.04856614246068455,0.006938020351526364,0.08048103607770583
0.04524680073126142,0.010511882998171846,0.016453382084095063,0.02376599634369287,0.013254113345521023,0.11151736745886655,0.062157221206581355,0.02102376599634369,0.011425959780621572,0.05621572212065813,0.006855575868372943,0.2390310786106033,0.24954296160877515,0.047074954296160876,0.008226691042047532,0.07769652650822668
0.0399632521819017,0.010105649977032614,0.017455213596692696,0.02572347266881029,0.013780431786862656,0.10381258612769867,0.06109324758842444,0.023426734037666513,0.01240238860817639,0.05420303169499311,0.008268259072117593,0.24437299035369775,0.2535599448782728,0.04685346807533303,0.010105649977032614,0.07487367937528709
0.037122969837587005,0.008816705336426913,0.014385150812064965,0.027378190255220418,0.013921113689095127,0.10440835266821345,0.05846867749419954,0.023665893271461718,0.014385150812064965,0.0617169373549884,0.008352668213457077,0.23758700696055685,0.25614849187935035,0.05243619489559165,0.008816705336426913,0.07238979118329467
0.04024051803885292,0.00971322849213691,0.014338575393154487,0.02960222016651249,0.012950971322849213,0.10545790934320073,0.06059204440333025,0.024051803885291396,0.012950971322849213,0.05735430157261795,0.009250693802035153,0.242368177613321,0.24421831637372804,0.05226641998149861,0.00786308973172988,0.07678075855689177
0.03821362799263352,0.009668508287292817,0.013812154696132596,0.027624309392265192,0.012430939226519336,0.10497237569060773,0.05985267034990792,0.02578268876611418,0.014732965009208104,0.06031307550644567,0.007826887661141806,0.23895027624309392,0.24631675874769798,0.05432780847145488,0.008287292817679558,0.07688766114180479
0.03751736915238536,0.008337193144974525,0.01667438628994905,0.026401111625752663,0.012505789717461788,0.10375173691523853,0.058823529411764705,0.02825382121352478,0.014821676702176934,0.058360352014821676,0.008337193144974525,0.2348309402501158,0.25011579434923575,0.053728578045391384,0.006484483557202408,0.0810560444650301
0.039888682745825604,0.006493506493506494,0.013914656771799629,0.027829313543599257,0.015769944341372914,0.10064935064935066,0.05983302411873841,0.02829313543599258,0.014842300556586271,0.060760667903525044,0.007884972170686457,0.23747680890538034,0.24489795918367346,0.05519480519480519,0.0055658627087198514,0.08070500927643785
0.04055299539170507,0.005990783410138249,0.015207373271889401,0.02857142857142857,0.013824884792626729,0.10368663594470046,0.05806451612903226,0.026728110599078342,0.015207373271889401,0.06175115207373272,0.0064516129032258064,0.23824884792626727,0.2488479262672811,0.052534562211981564,0.005069124423963134,0.0792626728110599
0.041189931350114416,0.005491990846681922,0.012814645308924484,0.02562929061784897,0.013272311212814645,0.10389016018306636,0.058581235697940506,0.02700228832951945,0.012356979405034324,0.06636155606407322,0.006864988558352402,0.2402745995423341,0.24576659038901602,0.05537757437070938,0.004576659038901602,0.08054919908466819
0.03860294117647059,0.00505514705882353,0.013786764705882353,0.02849264705882353,0.012408088235294117,0.10615808823529412,0.05652573529411765,0.030330882352941176,0.011488970588235295,0.06341911764705882,0.006893382352941176,0.23621323529411764,0.24770220588235295,0.05238970588235294,0.00505514705882353,0.08547794117647059
0.03746002740977615,0.0045682960255824575,0.01416171767930562,0.0269529465509365,0.012334399269072635,0.10826861580630424,0.05162174508908177,0.031064412973960714,0.013248058474189127,0.06898126998629511,0.006852444038373686,0.24120603015075376,0.24577432617633624,0.048880767473732295,0.003654636820465966,0.08497030607583371
0.03839037927844589,0.0037002775208140612,0.01341350601295097,0.02682701202590194,0.01156336725254394,0.11100832562442182,0.0545790934320074,0.02682701202590194,0.013876040703052728,0.0666049953746531,0.0074005550416281225,0.23820536540240517,0.2511563367252544,0.04764107308048104,0.004162812210915819,0.08464384828862165
0.0390625,0.0055147058823529415,0.011948529411764705,0.028952205882352942,0.01011029411764706,0.11259191176470588,0.04457720588235294,0.028952205882352942,0.012408088235294117,0.06571691176470588,0.006893382352941176,0.23943014705882354,0.2532169117647059,0.04963235294117647,0.0055147058823529415,0.08547794117647059
0.040399455288243305,0.006808896958692692,0.013163867453472538,0.029505220154335,0.01270994098955969,0.10712664548343169,0.044938719927371765,0.029505220154335,0.013617793917385384,0.06763504312301408,0.009078529278256923,0.23694961416250568,0.2519291874716296,0.050385837494325916,0.004539264639128461,0.0817067635043123
0.041337668369716675,0.007895959126799815,0.010682768230376219,0.03204830469112866,0.011611704598235021,0.1096144914073386,0.043195541105434276,0.030654900139340455,0.012076172782164421,0.06827682303762192,0.0074314909428704135,0.2368787738039944,0.25359962842545286,0.048304691128657685,0.00557361820715281,0.08081746400371574
0.03974121996303143,0.009704251386321626,0.011090573012939002,0.033271719038817,0.013401109057301294,0.1122920517560074,0.04066543438077634,0.034195933456561925,0.013401109057301294,0.06561922365988909,0.0073937153419593345,0.23197781885397412,0.2513863216266174,0.04713493530499076,0.0046210720887245845,0.08410351201478743
0.03955841766329347,0.011039558417663294,0.011959521619135235,0.03403863845446182,0.014259429622815088,0.11361545538178473,0.037258509659613616,0.03173873045078197,0.012879484820607176,0.06853725850965961,0.00919963201471941,0.23873045078196872,0.24563017479300828,0.045998160073597055,0.004139834406623735,0.08141674333026679
0.04141739530602853,0.009664058904739991,0.01058444546709618,0.030832949838932353,0.014265991716520939,0.11044638748274276,0.03819604233778187,0.03451449608835711,0.014726184997699034,0.06948918545789232,0.008283479061205707,0.22457432121491025,0.25264611136677406,0.04601932811780948,0.0041417395306028535,0.09019788311090658
0.03835489833641405,0.010628465804066543,0.012476894639556377,0.030961182994454713,0.012939001848428836,0.10582255083179297,0.0355822550831793,0.03650646950092421,0.015711645101663587,0.0711645101663586,0.010166358595194085,0.23105360443622922,0.2592421441774492,0.04205175600739371,0.0036968576709796672,0.08364140480591498
0.035549399815327794,0.009695290858725761,0.0110803324099723,0.030470914127423823,0.009695290858725761,0.11311172668513389,0.03647276084949215,0.034164358264081256,0.01662049861495845,0.0729455216989843,0.008771929824561403,0.2299168975069252,0.25530932594644506,0.046168051708217916,0.003693444136657433,0.08633425669436749
0.03650646950092421,0.009242144177449169,0.012476894639556377,0.02865064695009242,0.007855822550831794,0.11460258780036968,0.03188539741219963,0.03188539741219963,0.0166358595194085,0.07347504621072089,0.006469500924214418,0.22874306839186692,0.26571164510166356,0.04621072088724584,0.004158964879852125,0.0854898336414048
0.03759743237047226,0.010087116001834021,0.012838147638697846,0.0307198532783127,0.007336084364970197,0.1178358551123338,0.031178358551123338,0.03209536909674461,0.017881705639614855,0.07336084364970197,0.007336084364970197,0.22191655204034846,0.27051811095827605,0.0453920220082531,0.0041265474552957355,0.07977991746905089
0.03727565577542568,0.01058444546709618,0.014726184997699034,0.02991256327657616,0.007363092498849517,0.1150483202945237,0.02761159687068569,0.0354348826507133,0.016566958122411414,0.07455131155085136,0.008283479061205707,0.22273354809019788,0.27059364933271973,0.04141739530602853,0.0050621260929590425,0.08283479061205706
0.041326067211625794,0.01044504995458674,0.01407811080835604,0.02861035422343324,0.00862851952770209,0.11353315168029064,0.025885558583106268,0.0340599455040872,0.017711171662125342,0.0776566757493188,0.00862851952770209,0.21934604904632152,0.2693006357856494,0.04223433242506812,0.004541326067211626,0.08401453224341508
0.041997200186654225,0.011199253383107793,0.012599160055996267,0.029398040130657957,0.007932804479701353,0.10872608492767148,0.028464769015398975,0.03359776014932338,0.018198786747550162,0.08212785814279049,0.009332711152589827,0.22118525431637892,0.2641157256182921,0.03966402239850677,0.006066262249183388,0.08539430704619692
0.043020594965675056,0.009610983981693364,0.012356979405034324,0.02700228832951945,0.010068649885583524,0.11533180778032037,0.02654462242562929,0.032951945080091534,0.018764302059496567,0.07871853546910755,0.008695652173913044,0.2091533180778032,0.2764302059496567,0.039816933638443935,0.005491990846681922,0.08604118993135011
0.043020594965675056,0.011441647597254004,0.015560640732265447,0.02700228832951945,0.009610983981693364,0.105720823798627,0.02562929061784897,0.033409610983981694,0.020137299771167048,0.08421052631578947,0.008695652173913044,0.21098398169336385,0.26407322654462245,0.04576659038901602,0.005949656750572082,0.08878718535469107
0.04189435336976321,0.01092896174863388,0.014571948998178506,0.025500910746812388,0.01092896174863388,0.10701275045537341,0.025500910746812388,0.03551912568306011,0.020036429872495445,0.08287795992714025,0.006830601092896175,0.20947176684881602,0.26639344262295084,0.042805100182149364,0.006375227686703097,0.09335154826958106
0.04323827046918123,0.00919963201471941,0.013799448022079117,0.027598896044158234,0.008739650413983441,0.1062557497700092,0.02483900643974241,0.034958601655933765,0.019779208831646734,0.08095676172953081,0.007359705611775529,0.21205151793928242,0.26816927322907086,0.04415823367065318,0.005979760809567618,0.09291628334866606
0.04495912806539509,0.007720254314259764,0.01407811080835604,0.025885558583106268,0.009082652134423252,0.10263396911898275,0.02089009990917348,0.035422343324250684,0.019981834695731154,0.08446866485013624,0.009536784741144414,0.2061762034514078,0.279291553133515,0.043596730245231606,0.006811989100817439,0.08946412352406903
0.04367606915377616,0.00818926296633303,0.015013648771610554,0.024112829845313922,0.010464058234758872,0.10464058234758872,0.0186533212010919,0.036851683348498636,0.019563239308462238,0.08416742493175614,0.00818926296633303,0.2010919017288444,0.2816196542311192,0.047315741583257506,0.0077343039126478615,0.08871701546860783
0.0426497277676951,0.009981851179673321,0.014972776769509982,0.024500907441016333,0.009074410163339383,0.10617059891107078,0.018602540834845735,0.03856624319419238,0.017241379310344827,0.0852994555353902,0.007259528130671506,0.19509981851179672,0.2831215970961887,0.044918330308529944,0.008620689655172414,0.09392014519056262
0.04145785876993166,0.008656036446469248,0.015489749430523917,0.026879271070615034,0.009111617312072893,0.10432801822323462,0.015945330296127564,0.03735763097949886,0.01867881548974943,0.0847380410022779,0.009567198177676537,0.1927107061503417,0.28792710706150343,0.04783599088838269,0.006378132118451025,0.0929384965831435
0.03765880217785844,0.008620689655172414,0.015426497277676952,0.02631578947368421,0.009981851179673321,0.10435571687840291,0.014519056261343012,0.03539019963702359,0.018602540834845735,0.08348457350272233,0.010435571687840291,0.1882940108892922,0.29900181488203265,0.04945553539019964,0.004990925589836661,0.09346642468239565
0.039269406392694065,0.0073059360730593605,0.014611872146118721,0.025570776255707764,0.009589041095890411,0.10776255707762557,0.010502283105022832,0.034703196347031964,0.0182648401826484,0.08310502283105023,0.010958904109589041,0.19452054794520549,0.29817351598173514,0.0502283105022831,0.00410958904109589,0.091324200913242
0.041589648798521256,0.00878003696857671,0.012939001848428836,0.027726432532347505,0.009242144177449169,0.10767097966728281,0.009242144177449169,0.04066543438077634,0.019870609981515713,0.0854898336414048,0.009242144177449169,0.19085027726432532,0.2934380776340111,0.04713493530499076,0.0046210720887245845,0.09149722735674677
0.04320145520691223,0.009549795361527967,0.01273306048203729,0.02819463392451114,0.010004547521600727,0.10277398817644384,0.010914051841746248,0.04229195088676671,0.019099590723055934,0.08640291041382446,0.009095043201455207,0.19054115507048658,0.2928603910868577,0.04638472032742155,0.005457025920873124,0.0904956798544793
0.04619565217391304,0.011322463768115942,0.011322463768115942,0.030797101449275364,0.010416666666666666,0.10235507246376811,0.009510869565217392,0.036684782608695655,0.018568840579710144,0.08831521739130435,0.008152173913043478,0.18795289855072464,0.29438405797101447,0.04619565217391304,0.004981884057971014,0.09284420289855072
0.04662973222530009,0.011542012927054479,0.01061865189289012,0.029547553093259463,0.010156971375807941,0.09787626962142197,0.008771929824561403,0.03785780240073869,0.018467220683287166,0.09325946445060018,0.007386888273314866,0.18651892890120036,0.2982456140350877,0.04755309325946445,0.006463527239150508,0.08910433979686057
0.045934772622875514,0.012861736334405145,0.011943040881947635,0.03123564538355535,0.010105649977032614,0.10151584749655489,0.0078089113458888375,0.03353238401469913,0.017914561322921452,0.09508497932935232,0.0078089113458888375,0.18833256775378962,0.29536058796508957,0.04777216352779054,0.0059715204409738175,0.08681672025723473
0.043478260869565216,0.012814645308924484,0.010526315789473684,0.032036613272311214,0.009153318077803204,0.10434782608695652,0.008237986270022883,0.036155606407322655,0.020137299771167048,0.09336384439359267,0.007780320366132723,0.1908466819221968,0.28787185354691075,0.04851258581235698,0.007322654462242563,0.0874141876430206
0.04377564979480164,0.013223894208846329,0.012311901504787962,0.03602371181030552,0.010487916096671226,0.10487916096671226,0.006839945280437756,0.03784769721842225,0.02051983584131327,0.08800729594163247,0.006839945280437756,0.18057455540355677,0.2954856361149111,0.04833561331509348,0.009119927040583675,0.08572731418148655
0.04036281179138322,0.013151927437641724,0.012698412698412698,0.031746031746031744,0.009070294784580499,0.10204081632653061,0.006349206349206349,0.03945578231292517,0.021315192743764172,0.09342403628117914,0.007709750566893424,0.18775510204081633,0.29569160997732424,0.04671201814058957,0.00816326530612245,0.08435374149659863
0.042495479204339964,0.014466546112115732,0.011301989150090416,0.030289330922242313,0.011754068716094032,0.10397830018083183,0.006781193490054249,0.037070524412296565,0.018083182640144666,0.08634719710669078,0.009041591320072333,0.18806509945750452,0.304249547920434,0.045660036166365284,0.009041591320072333,0.081374321880651
0.04337899543378995,0.014155251141552512,0.012328767123287671,0.032420091324200914,0.013242009132420091,0.09908675799086758,0.005936073059360731,0.03515981735159817,0.02054794520547945,0.08949771689497717,0.00821917808219178,0.1917808219178082,0.29634703196347034,0.04474885844748858,0.009589041095890411,0.08356164383561644
0.04642694583522986,0.014110150204824761,0.013199817933545745,0.030040964952207556,0.011834319526627219,0.10104688211197087,0.004551661356395084,0.035958124715521164,0.021392808375056895,0.08739189804278562,0.00864815657715066,0.18161128812016386,0.3063268092853892,0.04369594902139281,0.009558488848429678,0.08420573509330906
0.045040946314831666,0.014558689717925387,0.012283894449499545,0.030482256596906277,0.014558689717925387,0.09463148316651501,0.007279344858962694,0.036851683348498636,0.024112829845313922,0.08962693357597816,0.00818926296633303,0.1797088262056415,0.3075523202911738,0.041401273885350316,0.009099181073703366,0.08462238398544131
0.04535043518094366,0.013742556115437472,0.011910215300045808,0.029317453046266605,0.01603298213467705,0.09390746678882272,0.006871278057718736,0.03893724232707284,0.024278515803939534,0.09070087036188731,0.007787448465414567,0.18185982592762254,0.30737517178195145,0.03939532753092075,0.008245533669262483,0.0842876775080165
0.047509225092250924,0.01107011070110701,0.012915129151291513,0.030904059040590407,0.017527675276752766,0.09824723247232472,0.005996309963099631,0.03920664206642067,0.0235239852398524,0.08440959409594095,0.006457564575645757,0.17804428044280443,0.3076568265682657,0.04151291512915129,0.008763837638376383,0.08625461254612546
0.04772831574116567,0.010555300596603947,0.013767783386874713,0.03304268012849931,0.016521340064249657,0.09775126204681046,0.007801743919229004,0.03900871959614502,0.02294630564479119,0.08581918311151905,0.006883891693437357,0.18357044515832951,0.3070215695273061,0.04038549793483249,0.0073428178063331805,0.07985314364387333
0.051128512206356516,0.009212344541685858,0.010133578995854445,0.030861354214647627,0.01704283740211884,0.09488714877936434,0.008291110087517274,0.0391524643021649,0.027176416397973285,0.08383233532934131,0.006909258406264394,0.18240442192538,0.30492860432980196,0.041916167664670656,0.008291110087517274,0.08383233532934131
0.052995391705069124,0.008294930875576038,0.01152073732718894,0.029493087557603687,0.016589861751152075,0.08755760368663594,0.00783410138248848,0.03870967741935484,0.025806451612903226,0.08847926267281106,0.0064516129032258064,0.18018433179723503,0.30783410138248846,0.041935483870967745,0.008755760368663594,0.08755760368663594
0.049225159525979945,0.009571558796718322,0.01276207839562443,0.0300820419325433,0.015952597994530537,0.0902461257976299,0.008659981768459436,0.03509571558796718,0.025979945305378303,0.08249772105742935,0.0054694621695533276,0.18824065633546036,0.3108477666362808,0.038742023701002735,0.008204193254329991,0.08842297174111212
0.05418943533697632,0.008652094717668488,0.012295081967213115,0.029143897996357013,0.018670309653916212,0.08743169398907104,0.009562841530054645,0.033697632058287796,0.02459016393442623,0.08697632058287796,0.004553734061930784,0.1871584699453552,0.31010928961748635,0.03642987249544627,0.00819672131147541,0.0883424408014572
0.05415328132170721,0.008719596145020651,0.011932078935291418,0.0289123451124369,0.021110601193207894,0.08581918311151905,0.010096374483708122,0.03396053235429096,0.022487379531895366,0.08536025699862322,0.005507113354749885,0.18770078017439193,0.3152822395594309,0.033501606241395136,0.007801743919229004,0.08765488756310234
0.05656108597285068,0.00904977375565611,0.013122171945701358,0.02986425339366516,0.01764705882352941,0.08552036199095023,0.01085972850678733,0.0334841628959276,0.019004524886877826,0.08190045248868778,0.004977375565610859,0.18914027149321266,0.3176470588235294,0.033936651583710405,0.007239819004524887,0.09004524886877828
0.053064958828911254,0.010064043915827997,0.012808783165599268,0.03110704483074108,0.01555352241537054,0.0827996340347667,0.010978956999085087,0.03385178408051235,0.016925892040256175,0.0827996340347667,0.0036596523330283625,0.19350411710887466,0.3197621225983532,0.03385178408051235,0.008234217749313814,0.09103385178408051
0.053832116788321165,0.011405109489051095,0.010036496350364963,0.03239051094890511,0.01551094890510949,0.0812043795620438,0.011861313868613138,0.03239051094890511,0.015967153284671534,0.0770985401459854,0.0036496350364963502,0.19388686131386862,0.32071167883211676,0.03695255474452555,0.011405109489051095,0.09169708029197081
0.053449063499314754,0.009136592051164915,0.010050251256281407,0.03334856098675194,0.015989036089538604,0.07903152124257652,0.011420740063956145,0.03060758337140247,0.016902695294655094,0.0749200548195523,0.0031978072179077205,0.19872087711283692,0.32800365463682046,0.03746002740977615,0.010050251256281407,0.0877112836911832
0.05298913043478261,0.009057971014492754,0.009057971014492754,0.03306159420289855,0.017663043478260868,0.0756340579710145,0.01177536231884058,0.030797101449275364,0.016304347826086956,0.06838768115942029,0.002717391304347826,0.19927536231884058,0.3342391304347826,0.04030797101449275,0.01177536231884058,0.08695652173913043
0.05466237942122187,0.008268259072117593,0.00964630225080386,0.033991731740927886,0.01607717041800643,0.07257694074414332,0.012861736334405145,0.032613688562241616,0.015617822691777675,0.06798346348185577,0.0018373909049150207,0.19935691318327975,0.3408360128617363,0.040422599908130456,0.011943040881947635,0.08130454754248967
0.05486968449931413,0.009144947416552356,0.010516689529035207,0.03292181069958848,0.012802926383173296,0.07544581618655692,0.013717421124828532,0.03429355281207133,0.015546410608139003,0.06401463191586648,0.002286236854138089,0.2011888431641518,0.3292181069958848,0.0411522633744856,0.013260173754000914,0.08962048468221308
0.053514739229024944,0.009977324263038548,0.010430839002267574,0.033560090702947847,0.010884353741496598,0.07891156462585033,0.013605442176870748,0.036734693877551024,0.012244897959183673,0.0707482993197279,0.004081632653061225,0.2,0.32653061224489793,0.041723356009070296,0.014058956916099773,0.08299319727891157
0.057534246575342465,0.008675799086757991,0.010958904109589041,0.03424657534246575,0.010502283105022832,0.07579908675799087,0.013242009132420091,0.03744292237442922,0.012785388127853882,0.06757990867579909,0.00502283105022831,0.20273972602739726,0.3287671232876712,0.03881278538812785,0.015525114155251141,0.08036529680365297
0.058363970588235295,0.009191176470588236,0.011029411764705883,0.03768382352941176,0.012408088235294117,0.07996323529411764,0.013786764705882353,0.034926470588235295,0.011488970588235295,0.0666360294117647,0.0059742647058823525,0.1957720588235294,0.328125,0.0390625,0.015165441176470588,0.08042279411764706
0.06060606060606061,0.0073461891643709825,0.011937557392102846,0.03948576675849403,0.012855831037649219,0.07713498622589532,0.015610651974288337,0.03535353535353535,0.011019283746556474,0.06106519742883379,0.007805325987144169,0.19467401285583102,0.3282828282828283,0.04132231404958678,0.016069788797061526,0.07943067033976126
0.058688674919761576,0.007794589637780834,0.011004126547455296,0.03897294818890417,0.014213663457129757,0.07840440165061899,0.015589179275561669,0.03484640073360844,0.011004126547455296,0.061898211829436035,0.0068775790921595595,0.19073819348922513,0.33012379642365886,0.04401650618982118,0.016047684548372305,0.07977991746905089
0.05625290562529056,0.010227801022780102,0.011622501162250116,0.03951650395165039,0.014411901441190145,0.07763830776383078,0.01906090190609019,0.03579730357973036,0.01301720130172013,0.05950720595072059,0.006508600650860065,0.18735471873547188,0.3333333333333333,0.04370060437006044,0.014876801487680148,0.07717340771734077
0.0566986739826246,0.009144947416552356,0.009602194787379973,0.037494284407864654,0.015546410608139003,0.07636031092821216,0.020118884316415182,0.037037037037037035,0.01188843164151806,0.05898491083676269,0.005029721079103796,0.19204389574759945,0.3310470964791952,0.04481024234110654,0.014631915866483767,0.07956104252400549
0.05995423340961099,0.010068649885583524,0.008695652173913044,0.032951945080091534,0.017391304347826087,0.07688787185354691,0.019221967963386728,0.038901601830663615,0.012814645308924484,0.05995423340961099,0.005491990846681922,0.18947368421052632,0.3345537757437071,0.044851258581235696,0.011441647597254004,0.07734553775743708
0.06209751609935603,0.00827966881324747,0.009659613615455382,0.03219871205151794,0.017479300827966882,0.07773689052437903,0.019319227230910764,0.035878564857405704,0.012419503219871205,0.06301747930082796,0.004599816007359705,0.1890524379024839,0.3344066237350506,0.042778288868445265,0.011039558417663294,0.08003679852805888
0.05966039467645709,0.007801743919229004,0.008260670032124828,0.033501606241395136,0.015603487838458009,0.08031206975676916,0.019274896741624598,0.03900871959614502,0.01330885727397889,0.060578246902248736,0.005966039467645709,0.18999541073887105,0.3414410279944929,0.04359798072510326,0.011473152822395595,0.07021569527306104
0.06370302474793767,0.007332722273143905,0.008707607699358386,0.034372135655362054,0.016498625114573784,0.07745187901008249,0.017873510540788267,0.03666361136571952,0.013290559120073327,0.05774518790100825,0.008249312557286892,0.18698441796516957,0.34234647112740607,0.0462878093492209,0.008707607699358386,0.07378551787351054
0.06498855835240275,0.008237986270022883,0.008237986270022883,0.033409610983981694,0.017848970251716247,0.07597254004576659,0.015102974828375287,0.037070938215102975,0.013272311212814645,0.057665903890160186,0.007780320366132723,0.18443935926773455,0.3469107551487414,0.0471395881006865,0.008237986270022883,0.07368421052631578
