C_R,C_A,C_S,C_N,D_R,D_A,D_S,D_N,Oc_R,Oc_A,Oc_S,Oc_N,Od_R,Od_A,Od_S,Od_N
0.0,0.0,0.0,0.0,0.0,0.0,0.0,0.0,0.0,1.0,0.0,0.0,0.0,0.0,0.0,0.0
0.0,0.0,1.0,0.0,0.0,0.0,0.0,0.0,0.0,0.0,0.0,0.0,0.0,0.0,0.0,0.0
0.0,0.0,0.3333333333333333,0.0,0.0,0.0,0.0,0.0,0.0,0.0,0.0,0.0,0.6666666666666666,0.0,0.0,0.0
0.0,0.0,0.4,0.0,0.2,0.0,0.0,0.0,0.0,0.0,0.0,0.0,0.4,0.0,0.0,0.0
0.0,0.0,0.3333333333333333,0.0,0.3333333333333333,0.0,0.0,0.0,0.16666666666666666,0.0,0.0,0.0,0.16666666666666666,0.0,0.0,0.0
0.0,0.0,0.2222222222222222,0.0,0.3333333333333333,0.0,0.0,0.0,0.1111111111111111,0.0,0.0,0.0,0.2222222222222222,0.1111111111111111,0.0,0.0
0.0,0.0,0.18181818181818182,0.0,0.2727272727272727,0.0,0.0,0.0,0.18181818181818182,0.18181818181818182,0.0,0.0,0.09090909090909091,0.09090909090909091,0.0,0.0
0.0,0.0,0.1875,0.0,0.1875,0.0,0.125,0.0,0.0625,0.1875,0.0,0.0,0.125,0.125,0.0,0.0
0.045454545454545456,0.0,0.13636363636363635,0.0,0.13636363636363635,0.0,0.09090909090909091,0.0,0.045454545454545456,0.22727272727272727,0.0,0.0,0.13636363636363635,0.18181818181818182,0.0,0.0
0.0,0.0,0.10714285714285714,0.0,0.10714285714285714,0.0,0.07142857142857142,0.0,0.03571428571428571,0.2857142857142857,0.0,0.0,0.14285714285714285,0.25,0.0,0.0
0.0,0.0,0.0975609756097561,0.0,0.0975609756097561,0.0,0.07317073170731707,0.0,0.024390243902439025,0.2926829268292683,0.0,0.0,0.17073170731707318,0.24390243902439024,0.0,0.0
0.0,0.0,0.11764705882352941,0.0,0.0784313725490196,0.0,0.058823529411764705,0.0,0.0196078431372549,0.29411764705882354,0.0,0.0,0.1568627450980392,0.27450980392156865,0.0,0.0
0.0,0.0,0.0847457627118644,0.0,0.0847457627118644,0.0,0.05084745762711865,0.0,0.01694915254237288,0.2542372881355932,0.0,0.0,0.22033898305084745,0.288135593220339,0.0,0.0
0.0,0.0,0.08695652173913043,0.0,0.08695652173913043,0.0,0.043478260869565216,0.0,0.014492753623188406,0.2608695652173913,0.0,0.0,0.2463768115942029,0.2608695652173913,0.0,0.0
0.0,0.0,0.1,0.0,0.0875,0.0,0.05,0.0,0.0125,0.25,0.0,0.0,0.2625,0.2375,0.0,0.0
0.010869565217391304,0.0,0.11956521739130435,0.0,0.09782608695652174,0.0,0.043478260869565216,0.0,0.021739130434782608,0.21739130434782608,0.0,0.0,0.2717391304347826,0.21739130434782608,0.0,0.0
0.009009009009009009,0.0,0.11711711711711711,0.0,0.0990990990990991,0.0,0.04504504504504504,0.0,0.009009009009009009,0.21621621621621623,0.009009009009009009,0.0,0.2882882882882883,0.2072072072072072,0.0,0.0
0.0,0.0,0.12857142857142856,0.0,0.1,0.0,0.04285714285714286,0.0,0.014285714285714285,0.20714285714285716,0.02142857142857143,0.0,0.30714285714285716,0.17857142857142858,0.0,0.0
0.0,0.0,0.1320754716981132,0.0,0.10062893081761007,0.0,0.0440251572327044,0.0,0.018867924528301886,0.18238993710691823,0.018867924528301886,0.0,0.34591194968553457,0.15723270440251572,0.0,0.0
0.005319148936170213,0.0,0.12234042553191489,0.0,0.09042553191489362,0.0,0.047872340425531915,0.0,0.010638297872340425,0.1702127659574468,0.02127659574468085,0.0,0.3723404255319149,0.14893617021276595,0.005319148936170213,0.005319148936170213
0.013953488372093023,0.0,0.12558139534883722,0.0,0.07906976744186046,0.0,0.03255813953488372,0.0,0.013953488372093023,0.15348837209302327,0.018604651162790697,0.0,0.3953488372093023,0.15813953488372093,0.004651162790697674,0.004651162790697674
0.024193548387096774,0.0,0.10080645161290322,0.004032258064516129,0.0846774193548387,0.0,0.04032258064516129,0.004032258064516129,0.012096774193548387,0.16532258064516128,0.012096774193548387,0.0,0.3951612903225806,0.14919354838709678,0.004032258064516129,0.004032258064516129
0.03146853146853147,0.0,0.0979020979020979,0.0034965034965034965,0.08741258741258741,0.0,0.027972027972027972,0.0034965034965034965,0.01048951048951049,0.17482517482517482,0.017482517482517484,0.0,0.4020979020979021,0.13286713286713286,0.006993006993006993,0.0034965034965034965
0.036036036036036036,0.003003003003003003,0.08708708708708708,0.006006006006006006,0.07207207207207207,0.0,0.03903903903903904,0.003003003003003003,0.009009009009009009,0.1891891891891892,0.015015015015015015,0.003003003003003003,0.4114114114114114,0.11711711711711711,0.009009009009009009,0.0
0.041666666666666664,0.005555555555555556,0.09166666666666666,0.005555555555555556,0.058333333333333334,0.0,0.03333333333333333,0.002777777777777778,0.008333333333333333,0.20277777777777778,0.013888888888888888,0.002777777777777778,0.42777777777777776,0.1,0.005555555555555556,0.0
0.04589371980676329,0.004830917874396135,0.0893719806763285,0.007246376811594203,0.06038647342995169,0.0024154589371980675,0.026570048309178744,0.0024154589371980675,0.007246376811594203,0.1932367149758454,0.012077294685990338,0.004830917874396135,0.43719806763285024,0.09420289855072464,0.012077294685990338,0.0
0.05664488017429194,0.006535947712418301,0.06753812636165578,0.015250544662309368,0.05010893246187364,0.002178649237472767,0.030501089324618737,0.002178649237472767,0.006535947712418301,0.18736383442265794,0.015250544662309368,0.004357298474945534,0.4466230936819172,0.09803921568627451,0.010893246187363835,0.0
0.07142857142857142,0.009398496240601503,0.06390977443609022,0.020676691729323307,0.05075187969924812,0.0018796992481203006,0.03007518796992481,0.0018796992481203006,0.009398496240601503,0.20488721804511278,0.013157894736842105,0.0037593984962406013,0.4191729323308271,0.09022556390977443,0.007518796992481203,0.0018796992481203006
0.08221476510067115,0.010067114093959731,0.06040268456375839,0.020134228187919462,0.04530201342281879,0.003355704697986577,0.026845637583892617,0.0050335570469798654,0.006711409395973154,0.2063758389261745,0.010067114093959731,0.006711409395973154,0.4161073825503356,0.09060402684563758,0.008389261744966443,0.0016778523489932886
0.08742331288343558,0.007668711656441718,0.05521472392638037,0.019938650306748466,0.046012269938650305,0.0015337423312883436,0.02607361963190184,0.007668711656441718,0.006134969325153374,0.21932515337423314,0.007668711656441718,0.006134969325153374,0.4110429447852761,0.09049079754601227,0.007668711656441718,0.0
0.09483960948396095,0.00697350069735007,0.04881450488145049,0.026499302649930265,0.043235704323570434,0.0041841004184100415,0.023709902370990237,0.005578800557880056,0.00697350069735007,0.20920502092050208,0.008368200836820083,0.008368200836820083,0.41143654114365413,0.09344490934449093,0.008368200836820083,0.0
0.1034047919293821,0.007566204287515763,0.05044136191677175,0.034047919293820936,0.03909205548549811,0.0025220680958385876,0.021437578814627996,0.006305170239596469,0.006305170239596469,0.2030264817150063,0.006305170239596469,0.006305170239596469,0.4085750315258512,0.09457755359394704,0.01008827238335435,0.0
0.1128084606345476,0.008225616921269096,0.0564042303172738,0.04700352526439483,0.03407755581668625,0.0023501762632197414,0.021151586368977675,0.004700352526439483,0.005875440658049354,0.19858989424206816,0.010575793184488837,0.005875440658049354,0.3936545240893067,0.08930669800235018,0.009400705052878966,0.0
0.12004287245444802,0.010718113612004287,0.05680600214362272,0.05466237942122187,0.031082529474812434,0.0021436227224008574,0.022508038585209004,0.0053590568060021436,0.007502679528403001,0.18863879957127547,0.00857449088960343,0.006430868167202572,0.3858520900321543,0.09003215434083602,0.00857449088960343,0.0010718113612004287
0.1205179282868526,0.0099601593625498,0.04880478087649402,0.06374501992031872,0.03187250996015936,0.00199203187250996,0.022908366533864542,0.00597609561752988,0.0069721115537848604,0.18625498007968128,0.00796812749003984,0.0069721115537848604,0.38645418326693226,0.09063745019920319,0.00796812749003984,0.00099601593625498
0.11770157553290084,0.009267840593141797,0.05097312326227989,0.07228915662650602,0.033364226135310475,0.004633920296570899,0.020389249304911955,0.006487488415199258,0.005560704355885079,0.18164967562557924,0.010194624652455977,0.005560704355885079,0.3827618164967563,0.08619091751621873,0.009267840593141797,0.0037071362372567192
0.11996572407883462,0.009425878320479864,0.04541559554413025,0.07540702656383891,0.031705227077977724,0.005141388174807198,0.022279348757497857,0.010282776349614395,0.007712082262210797,0.17994858611825193,0.009425878320479864,0.007712082262210797,0.37532133676092544,0.08483290488431877,0.009425878320479864,0.005998286203941731
0.12143439282803586,0.011409942950285249,0.04645476772616137,0.08149959250203749,0.034229828850855744,0.0057049714751426246,0.019559902200488997,0.011409942950285249,0.008964955175224124,0.17359413202933985,0.010594947025264874,0.009779951100244499,0.3691931540342298,0.08312958435207823,0.008149959250203748,0.004889975550122249
0.1195065535851966,0.01079414032382421,0.04857363145720894,0.08095605242868158,0.03469545104086353,0.006939090208172706,0.017733230531996914,0.015420200462606014,0.009252120277563608,0.17501927525057825,0.01079414032382421,0.009252120277563608,0.3646877409406322,0.08404009252120277,0.009252120277563608,0.0030840400925212026
0.12336719883889695,0.012336719883889695,0.04934687953555878,0.08345428156748912,0.036284470246734396,0.006531204644412192,0.018142235123367198,0.015965166908563134,0.01088534107402032,0.1683599419448476,0.011611030478955007,0.009433962264150943,0.35921625544267055,0.08272859216255443,0.008708272859216255,0.00362844702467344
0.11744266851980542,0.014593467685892982,0.04933981931897151,0.08964558721334259,0.037526059763724806,0.006949270326615705,0.018068102849200834,0.020152883947185545,0.010423905489923557,0.17095205003474634,0.008339124391938846,0.009034051424600417,0.3558026407227241,0.08130646282140375,0.006949270326615705,0.0034746351633078527
0.1152832674571805,0.013175230566534914,0.04808959156785244,0.09288537549407115,0.034255599472990776,0.008563899868247694,0.01844532279314888,0.017786561264822136,0.010540184453227932,0.16205533596837945,0.010540184453227932,0.009881422924901186,0.3590250329380764,0.08695652173913043,0.008563899868247694,0.003952569169960474
0.11619047619047619,0.012063492063492064,0.04634920634920635,0.09333333333333334,0.03111111111111111,0.008888888888888889,0.020317460317460317,0.017777777777777778,0.011428571428571429,0.1568253968253968,0.010158730158730159,0.010793650793650795,0.3638095238095238,0.08761904761904762,0.009523809523809525,0.0038095238095238095
0.10529519172245892,0.012172854534388313,0.04321363359707851,0.10590383444917834,0.029214850882531954,0.00852099817407182,0.02130249543517955,0.01704199634814364,0.012172854534388313,0.15398660986001217,0.009129640900791236,0.010955569080949483,0.36640292148508824,0.0894704808277541,0.010346926354230066,0.004869141813755326
0.10745742806811509,0.013505578391074574,0.040516735173223725,0.10452143276570758,0.030534351145038167,0.007633587786259542,0.018790369935408103,0.01644157369348209,0.013505578391074574,0.14973576042278333,0.008807985907222548,0.012331180270111567,0.3658250146799765,0.09336465061655902,0.011156782149148562,0.005871990604815032
0.10801781737193764,0.012249443207126948,0.0378619153674833,0.11080178173719377,0.03173719376391982,0.0066815144766146995,0.01893095768374165,0.018374164810690423,0.013919821826280624,0.14142538975501115,0.009465478841870824,0.012806236080178173,0.3741648106904232,0.08685968819599109,0.010579064587973273,0.006124721603563474
0.10152008686210641,0.01248642779587405,0.03908794788273615,0.11074918566775244,0.02823018458197611,0.00760043431053203,0.02008686210640608,0.02225841476655809,0.01520086862106406,0.14169381107491857,0.009229098805646038,0.013572204125950055,0.3718783930510315,0.08686210640608034,0.01248642779587405,0.007057546145494028
0.10575916230366492,0.014136125654450262,0.039790575916230364,0.11465968586387434,0.027225130890052355,0.005759162303664921,0.018848167539267015,0.024083769633507852,0.012565445026178011,0.13979057591623037,0.009947643979057591,0.014136125654450262,0.362303664921466,0.08848167539267016,0.012041884816753926,0.010471204188481676
0.10282776349614396,0.013367609254498715,0.037017994858611826,0.11722365038560412,0.02570694087403599,0.006169665809768638,0.018508997429305913,0.02313624678663239,0.012853470437017995,0.13419023136246785,0.008740359897172237,0.012853470437017995,0.3737789203084833,0.0910025706940874,0.010796915167095116,0.011825192802056555
0.10045431600201918,0.013124684502776375,0.03634528016153458,0.12165572942958101,0.024734982332155476,0.005552751135790005,0.017163048965169108,0.02523977788995457,0.012115093387178193,0.13831398283695104,0.009086320040383645,0.01463907117617365,0.3710247349823322,0.08884401817264008,0.010095911155981827,0.011610297829379102
0.1012909632571996,0.015392254220456803,0.035253227408143,0.12015888778550149,0.02730883813306852,0.007447864945382324,0.01737835153922542,0.023833167825223437,0.010427010923535254,0.13306852035749753,0.00893743793445879,0.011916583912611719,0.3714001986097319,0.09384309831181728,0.011916583912611719,0.010427010923535254
0.10227823557925352,0.013572467280659235,0.036839554047503636,0.1211827435773146,0.0232670867668444,0.0067862336403296175,0.014541929229277752,0.024721279689772176,0.011148812409112942,0.13087736306349976,0.009209888511875909,0.012118274357731459,0.37081919534658264,0.09694619486185167,0.013572467280659235,0.012118274357731459
0.10209923664122138,0.013358778625954198,0.03721374045801527,0.12786259541984732,0.02385496183206107,0.006202290076335878,0.015744274809160304,0.025286259541984733,0.01049618320610687,0.125,0.008587786259541985,0.012404580152671756,0.3735687022900763,0.09541984732824428,0.011450381679389313,0.011450381679389313
0.10172655156322911,0.014465702286514233,0.03453103126458236,0.13205786280914605,0.020998600093327113,0.006532897806812879,0.01679888007466169,0.02426504899673355,0.012599160055996267,0.11805879608026132,0.007932804479701353,0.012132524498366775,0.38077461502566495,0.09426038264115726,0.011199253383107793,0.011665888940737284
0.0986046511627907,0.013953488372093023,0.035813953488372095,0.13023255813953488,0.01953488372093023,0.0065116279069767444,0.017209302325581394,0.024651162790697675,0.014883720930232559,0.11813953488372093,0.007906976744186046,0.013023255813953489,0.37813953488372093,0.09767441860465116,0.009767441860465116,0.013953488372093023
0.09592215013901761,0.012048192771084338,0.0366079703429101,0.1283595922150139,0.019925857275254866,0.006950880444856348,0.016218721037998145,0.024559777571825765,0.013438368860055607,0.11770157553290084,0.010194624652455977,0.014365152919369786,0.3818350324374421,0.0968489341983318,0.010658016682113068,0.014365152919369786
0.0981114693689544,0.011976047904191617,0.03454629203132197,0.1317365269461078,0.017964071856287425,0.009672961768770152,0.015200368493781667,0.022570244127130355,0.014739751266697375,0.11469368954398894,0.009212344541685858,0.014739751266697375,0.3790879778903731,0.0985720865960387,0.012897282358360202,0.01427913403961308
0.09550301344459898,0.012517385257301807,0.03523412146499768,0.13444598980064906,0.020398701900788133,0.00927213722763097,0.01483541956420955,0.021789522484932777,0.015299026425591099,0.11312007417709782,0.00880853036624942,0.015299026425591099,0.3750579508576727,0.10060268891979601,0.013444598980064905,0.014371812702828002
0.09626900046061723,0.011976047904191617,0.03546752648549056,0.13311837862736067,0.019345923537540305,0.010594196222938737,0.015200368493781667,0.02349147858129894,0.016582220175034548,0.10870566559189314,0.009212344541685858,0.01566098572086596,0.3786273606632888,0.09903270382312299,0.011515430677107323,0.015200368493781667
0.092188919164396,0.011353315168029064,0.035876475930971846,0.13033605812897367,0.018165304268846504,0.011353315168029064,0.01589464123524069,0.024977293369663943,0.01634877384196185,0.10990009082652134,0.009082652134423252,0.014532243415077202,0.3801089918256131,0.10172570390554042,0.01044504995458674,0.017711171662125342
0.09128065395095368,0.011353315168029064,0.03496821071752952,0.13260672116257946,0.018165304268846504,0.010899182561307902,0.015440508628519528,0.024977293369663943,0.017711171662125342,0.1044504995458674,0.00862851952770209,0.015440508628519528,0.3814713896457766,0.1044504995458674,0.009536784741144414,0.018619436875567667
0.0924908424908425,0.01098901098901099,0.034340659340659344,0.13415750915750915,0.018315018315018316,0.010531135531135532,0.014652014652014652,0.026556776556776556,0.015567765567765568,0.10393772893772894,0.007783882783882784,0.016483516483516484,0.3814102564102564,0.10347985347985347,0.009157509157509158,0.020146520146520148
0.09510991475998205,0.011215791834903545,0.031852848811126065,0.13055181695827725,0.01794526693584567,0.00986989681471512,0.01570210856886496,0.02602063705697622,0.01794526693584567,0.10228802153432032,0.007178106774338268,0.01794526693584567,0.38806639748766264,0.09825033647375504,0.010767160161507403,0.019291161956034097
0.09372156505914468,0.012283894449499545,0.03230209281164695,0.13830755232029118,0.018198362147406732,0.011828935395814377,0.017288444040036398,0.0272975432211101,0.01637852593266606,0.10191082802547771,0.0077343039126478615,0.0186533212010919,0.3835304822565969,0.09508644222020018,0.00818926296633303,0.017288444040036398
0.09352189781021898,0.01322992700729927,0.032846715328467155,0.13093065693430658,0.017335766423357664,0.010948905109489052,0.019616788321167884,0.026916058394160582,0.01824817518248175,0.09717153284671533,0.006386861313868613,0.017335766423357664,0.3927919708029197,0.09762773722627738,0.006843065693430657,0.01824817518248175
0.09239130434782608,0.01358695652173913,0.030344202898550724,0.13360507246376813,0.019021739130434784,0.01177536231884058,0.01947463768115942,0.026721014492753624,0.018568840579710144,0.09601449275362318,0.006340579710144928,0.016304347826086956,0.39719202898550726,0.09329710144927536,0.006793478260869565,0.018568840579710144
0.08808988764044944,0.013932584269662922,0.03146067415730337,0.1352808988764045,0.017977528089887642,0.012134831460674157,0.019775280898876403,0.028764044943820226,0.017977528089887642,0.09123595505617978,0.006292134831460674,0.015280898876404495,0.40269662921348315,0.09348314606741573,0.007640449438202248,0.017977528089887642
0.0915269596737653,0.01359311282283643,0.031264159492523785,0.13411871318531943,0.017671046669687357,0.009968282736746714,0.02084277299501586,0.02945174444947893,0.019030357951971,0.09424558223833258,0.005437245129134572,0.015405527865881287,0.40326234707748077,0.08880833710919801,0.007249660172179429,0.01812415043044857
0.09303370786516854,0.013932584269662922,0.03280898876404494,0.13662921348314608,0.01887640449438202,0.011685393258426966,0.01887640449438202,0.027865168539325844,0.01887640449438202,0.08853932584269662,0.006741573033707865,0.014382022471910113,0.4040449438202247,0.08853932584269662,0.006741573033707865,0.018426966292134833
0.09635879218472469,0.013321492007104795,0.03374777975133215,0.13765541740674955,0.018650088809946713,0.012433392539964476,0.016873889875666074,0.02886323268206039,0.019094138543516874,0.08214920071047957,0.007104795737122558,0.013321492007104795,0.4058614564831261,0.0905861456483126,0.005772646536412078,0.018206039076376555
0.09770373705538046,0.013057181449797388,0.03241782980639352,0.13777577667717245,0.01891040072039622,0.0135074290859973,0.017109410175596577,0.027915353444394417,0.01846015308419631,0.07744259342638452,0.00765420981539847,0.013057181449797388,0.40792435839711844,0.09275101305718145,0.00495272399819901,0.01936064835659613
0.09805693628558518,0.01174875734297334,0.032083145051965654,0.14234071396294623,0.018978761861726163,0.016267510167193855,0.015363759602349751,0.028920018075011298,0.018978761861726163,0.0745594215996385,0.008133755083596927,0.013556258472661545,0.4057840036150023,0.08901943063714415,0.00587437867148667,0.02033438770899232
0.10031347962382445,0.012091356918943126,0.03045230631437528,0.1406180026869682,0.017465293327362293,0.014778325123152709,0.01567398119122257,0.026421854008060904,0.017913121361397222,0.07389162561576355,0.00806090461262875,0.013434841021047918,0.4155844155844156,0.08732646663681147,0.006269592476489028,0.019704433497536946
0.09345794392523364,0.01290609701824655,0.029817534490431688,0.14107699154428127,0.016466399643969738,0.015131286159323543,0.014241210502892745,0.027147307521139297,0.017356475300400534,0.07298620382732532,0.0075656430796617715,0.014241210502892745,0.4250111259457054,0.08544726301735647,0.005785491766800178,0.021361815754339118
0.09470377019748653,0.013464991023339317,0.03007181328545781,0.144524236983842,0.01570915619389587,0.01615798922800718,0.013464991023339317,0.02827648114901257,0.018850987432675045,0.07315978456014363,0.008527827648114902,0.013464991023339317,0.41876122082585276,0.08168761220825853,0.006732495511669659,0.02244165170556553
0.09982094897045658,0.01387645478961504,0.03133393017009848,0.1414503133393017,0.017905102954341987,0.01611459265890779,0.012085944494180842,0.026410026857654433,0.018352730528200537,0.0702775290957923,0.008952551477170993,0.012981199641897942,0.41853178155774395,0.08146821844225605,0.006714413607878245,0.023724261414503133
0.09924343569203382,0.015131286159323543,0.02892745883400089,0.14819759679572764,0.017356475300400534,0.01557632398753894,0.011125945705384957,0.027592345349354695,0.01824655095683133,0.06809078771695594,0.008900756564307966,0.014241210502892745,0.4210057854917668,0.07565643079661771,0.0075656430796617715,0.023141967067200713
0.10443747198565666,0.016136261766024205,0.02823845809054236,0.14567458538771852,0.016136261766024205,0.014791573285522188,0.01165396683101748,0.02734199910354101,0.018377409233527566,0.07037203047960555,0.00941281936351412,0.013895114298520844,0.4195428059166293,0.07306140744060959,0.006723442402510085,0.024204392649036306
0.10576057605760576,0.01665166516651665,0.029252925292529253,0.1476147614761476,0.01575157515751575,0.0144014401440144,0.010801080108010801,0.025652565256525654,0.01845184518451845,0.06930693069306931,0.009900990099009901,0.011251125112511251,0.4207920792079208,0.07155715571557156,0.00765076507650765,0.025202520252025202
0.10556792873051225,0.016035634743875277,0.030289532293986638,0.14521158129175946,0.016035634743875277,0.013363028953229399,0.011581291759465479,0.024944320712694878,0.01826280623608018,0.07037861915367483,0.010244988864142539,0.013808463251670379,0.4244988864142539,0.06859688195991091,0.008463251670378619,0.02271714922048998
0.10780333784393324,0.016238159675236806,0.03112313937753721,0.15110509697789806,0.013531799729364006,0.013982859720342805,0.012629679747406405,0.02435723951285521,0.018042399639152006,0.06765899864682003,0.009923319801533603,0.012629679747406405,0.419936851601263,0.07036535859269283,0.008119079837618403,0.02255299954894001
0.10337078651685393,0.01662921348314607,0.027865168539325844,0.15370786516853932,0.014382022471910113,0.014382022471910113,0.01303370786516854,0.024269662921348314,0.018426966292134833,0.06741573033707865,0.00943820224719101,0.01303370786516854,0.4256179775280899,0.06561797752808989,0.008089887640449439,0.024719101123595506
0.10326086956521739,0.015398550724637682,0.026268115942028984,0.15172101449275363,0.01585144927536232,0.014945652173913044,0.012228260869565218,0.022192028985507248,0.017210144927536232,0.06838768115942029,0.009963768115942028,0.012228260869565218,0.43523550724637683,0.06068840579710145,0.008152173913043478,0.026268115942028984
0.10507569011576136,0.01647373107747106,0.02626892252894034,0.1522707034728406,0.014692787177203919,0.016028495102404273,0.012021371326803205,0.023597506678539625,0.017809439002671415,0.06767586821015138,0.009795191451469279,0.015138023152270703,0.43499554764024934,0.05609973285841496,0.008014247551202136,0.02404274265360641
0.10282891782667265,0.016165244723843737,0.027391109115401886,0.14907947911989222,0.013920071845532105,0.016165244723843737,0.011674898967220475,0.025145936237090254,0.018859452177817693,0.0673551863493489,0.010776829815895825,0.014369106421194431,0.43780871127076787,0.0570273911091154,0.007184553210597216,0.024247867085765602
0.10424187725631769,0.0157942238267148,0.027978339350180504,0.14620938628158844,0.012184115523465704,0.01759927797833935,0.012184115523465704,0.024368231046931407,0.018050541516245487,0.06362815884476535,0.010379061371841155,0.011732851985559567,0.4499097472924188,0.05595667870036101,0.006768953068592058,0.023014440433212997
0.1039537983118614,0.015992892047978675,0.028876055086628164,0.1505997334517992,0.011550422034651266,0.01776988005330964,0.010661928031985785,0.02221235006663705,0.016881386050644157,0.06263882718791648,0.009329187027987561,0.011994669035984007,0.4571301643713905,0.04975566414926699,0.007552199022656597,0.02310084406930253
0.10401785714285715,0.015625,0.025892857142857145,0.15044642857142856,0.011160714285714286,0.017857142857142856,0.011607142857142858,0.025892857142857145,0.016964285714285713,0.06339285714285714,0.010267857142857143,0.012053571428571429,0.45401785714285714,0.05,0.008482142857142856,0.022321428571428572
0.10498220640569395,0.015569395017793594,0.026245551601423486,0.14813167259786478,0.01201067615658363,0.01601423487544484,0.011565836298932384,0.021352313167259787,0.016459074733096084,0.06316725978647687,0.008451957295373666,0.01201067615658363,0.45774021352313166,0.055604982206405695,0.009341637010676156,0.021352313167259787
0.10614772224679346,0.016364440513047324,0.02476780185758514,0.14772224679345422,0.01238390092879257,0.016364440513047324,0.013268465280849183,0.022556390977443608,0.015037593984962405,0.06147722246793454,0.009287925696594427,0.013268465280849183,0.45687748783724014,0.05395842547545334,0.009287925696594427,0.021229544449358692
0.10852017937219731,0.016143497757847534,0.022869955156950672,0.1493273542600897,0.01210762331838565,0.016143497757847534,0.013452914798206279,0.02376681614349776,0.015246636771300448,0.06098654708520179,0.008968609865470852,0.013004484304932735,0.4609865470852018,0.0515695067264574,0.008520179372197309,0.018385650224215247
0.1089511754068716,0.016726943942133816,0.022603978300180832,0.15009041591320071,0.012658227848101266,0.017179023508137433,0.013110307414104882,0.021247739602169982,0.014918625678119348,0.05786618444846293,0.0081374321880651,0.012658227848101266,0.4706148282097649,0.045660036166365284,0.0081374321880651,0.019439421338155516
0.10898576512455516,0.016903914590747332,0.02179715302491103,0.152135231316726,0.013345195729537367,0.016903914590747332,0.013790035587188613,0.02179715302491103,0.014679715302491103,0.0547153024911032,0.008896797153024912,0.012455516014234875,0.4737544483985765,0.04403914590747331,0.009786476868327402,0.01601423487544484
0.11026785714285714,0.017857142857142856,0.020982142857142855,0.15267857142857144,0.014285714285714285,0.015625,0.0125,0.020982142857142855,0.013839285714285714,0.05223214285714286,0.008482142857142856,0.012053571428571429,0.4767857142857143,0.045535714285714284,0.009821428571428571,0.01607142857142857
0.10821554770318022,0.018109540636042403,0.018109540636042403,0.15282685512367492,0.014134275618374558,0.013692579505300354,0.013250883392226149,0.020318021201413426,0.015459363957597174,0.05167844522968198,0.007067137809187279,0.012367491166077738,0.48630742049469966,0.04284452296819788,0.009275618374558304,0.016342756183745585
0.11101243339253997,0.018650088809946713,0.018650088809946713,0.15452930728241562,0.013321492007104795,0.015541740674955595,0.012433392539964476,0.018650088809946713,0.017317939609236235,0.05106571936056838,0.0066607460035523975,0.013765541740674956,0.48134991119005327,0.040408525754884544,0.010213143872113677,0.016429840142095916
0.11195024433585073,0.01821412705464238,0.01776988005330964,0.15504220346512662,0.014215904042647711,0.014660151043980453,0.01332741003998223,0.01776988005330964,0.0173256330519769,0.054198134162594405,0.00888494002665482,0.01332741003998223,0.48023100844069305,0.03820524211461573,0.00888494002665482,0.015992892047978675
0.11012433392539965,0.015985790408525755,0.017761989342806393,0.15763765541740674,0.014209591474245116,0.015985790408525755,0.013321492007104795,0.018650088809946713,0.015985790408525755,0.051953818827708706,0.007992895204262877,0.013321492007104795,0.48712255772646534,0.03685612788632327,0.007548845470692718,0.015541740674955595
0.11280898876404494,0.015730337078651686,0.01752808988764045,0.1649438202247191,0.014382022471910113,0.016179775280898877,0.01303370786516854,0.019775280898876403,0.01348314606741573,0.04764044943820225,0.008089887640449439,0.015280898876404495,0.48269662921348316,0.03460674157303371,0.006741573033707865,0.01707865168539326
0.12168141592920353,0.015486725663716814,0.016814159292035398,0.16106194690265488,0.01504424778761062,0.01592920353982301,0.011946902654867256,0.019469026548672566,0.014601769911504425,0.047787610619469026,0.007964601769911504,0.012831858407079646,0.4823008849557522,0.034070796460176994,0.005309734513274336,0.017699115044247787
0.12008830022075055,0.015011037527593819,0.017218543046357615,0.1554083885209713,0.017218543046357615,0.016335540838852098,0.011479028697571744,0.020309050772626933,0.016335540838852098,0.04856512141280353,0.008830022075055188,0.012803532008830023,0.48741721854304637,0.032229580573951436,0.004415011037527594,0.016335540838852098
0.11643528884908196,0.014778325123152709,0.01701746529332736,0.15853112404836542,0.01567398119122257,0.01701746529332736,0.010300044782803403,0.018808777429467086,0.01522615315718764,0.050156739811912224,0.00806090461262875,0.012091356918943126,0.4917151813703538,0.03358710255261979,0.004030452306314375,0.016569637259292433
0.12377994676131322,0.015084294587400177,0.015527950310559006,0.15705412599822538,0.015527950310559006,0.015971606033717833,0.01020408163265306,0.019077196095829637,0.01419698314108252,0.04791481810115351,0.009316770186335404,0.01419698314108252,0.4889086069210293,0.03327417923691216,0.0044365572315882874,0.015527950310559006
0.1179849756959788,0.015466195315952275,0.016349977905435263,0.16040653999116217,0.015466195315952275,0.015466195315952275,0.010163499779054353,0.019885108263367212,0.014582412726469289,0.04639858594785683,0.009279717189571365,0.014582412726469289,0.4904993371630579,0.03093239063190455,0.005302695536897923,0.01723376049491825
0.11720807726075505,0.015364354697102721,0.01624231782265145,0.16637401229148377,0.016681299385425813,0.014925373134328358,0.00877963125548727,0.022388059701492536,0.013169446883230905,0.04521510096575944,0.009218612818261633,0.014047410008779631,0.4877085162423178,0.029850746268656716,0.0052677787532923615,0.01755926251097454
0.12274368231046931,0.01759927797833935,0.014891696750902527,0.16290613718411553,0.016696750902527077,0.01444043321299639,0.008574007220216607,0.021660649819494584,0.013086642599277979,0.04332129963898917,0.008574007220216607,0.013086642599277979,0.4878158844765343,0.03023465703971119,0.00631768953068592,0.018050541516245487
0.12350597609561753,0.016821602478972998,0.012837538733953076,0.1646746347941567,0.019034971226206288,0.01416555998229305,0.007525453740593183,0.021691013722886232,0.011066843736166445,0.04161133244798584,0.009738822487826471,0.014608233731739707,0.4900398406374502,0.03231518370960602,0.004426737494466578,0.01593625498007968
0.12283813747228381,0.01862527716186253,0.01197339246119734,0.1631929046563193,0.017738359201773836,0.013747228381374724,0.007982261640798226,0.019955654101995565,0.010643015521064302,0.040354767184035474,0.00975609756097561,0.015521064301552107,0.4957871396895787,0.03237250554323725,0.003991130820399113,0.015521064301552107
0.12633451957295375,0.019572953736654804,0.01201067615658363,0.16725978647686832,0.018238434163701068,0.01601423487544484,0.008451957295373666,0.018683274021352312,0.010676156583629894,0.03870106761565836,0.009341637010676156,0.016459074733096084,0.4835409252669039,0.03202846975088968,0.006227758007117438,0.016459074733096084
0.12731277533039648,0.018061674008810574,0.014537444933920705,0.1682819383259912,0.018502202643171806,0.017180616740088105,0.007929515418502203,0.017180616740088105,0.01145374449339207,0.038766519823788544,0.007488986784140969,0.01762114537444934,0.48325991189427314,0.029955947136563875,0.005726872246696035,0.016740088105726872
0.12233096085409252,0.01601423487544484,0.012900355871886121,0.17126334519572953,0.017348754448398576,0.017793594306049824,0.007562277580071174,0.02001779359430605,0.012455516014234875,0.037366548042704624,0.0071174377224199285,0.017793594306049824,0.48576512455516013,0.030249110320284697,0.005782918149466192,0.018238434163701068
0.12555456965394854,0.016415261756876662,0.01419698314108252,0.16592724046140195,0.018633540372670808,0.01818988464951198,0.008873114463176575,0.019520851818988466,0.012422360248447204,0.0354924578527063,0.006654835847382431,0.01818988464951198,0.487133984028394,0.029281277728482696,0.005323868677905945,0.01818988464951198
0.1220594762538837,0.015978695073235686,0.013759431868619618,0.16067465601420328,0.016866400355082113,0.01775410563692854,0.00887705281846427,0.020861074123391034,0.01287172658677319,0.033288948069241014,0.007545494895694629,0.018197958277851752,0.4957833999112295,0.03062583222370173,0.006657789613848202,0.018197958277851752
0.12029746281714786,0.01399825021872266,0.013560804899387576,0.16185476815398075,0.01268591426071741,0.019247594050743656,0.009186351706036745,0.02099737532808399,0.01399825021872266,0.033245844269466314,0.00699912510936133,0.017935258092738406,0.5008748906386702,0.030183727034120734,0.0074365704286964126,0.017497812773403325
0.12456293706293706,0.015297202797202798,0.014423076923076924,0.15734265734265734,0.0118006993006993,0.02097902097902098,0.010052447552447552,0.019230769230769232,0.015297202797202798,0.033216783216783216,0.006993006993006993,0.019230769230769232,0.5021853146853147,0.027097902097902096,0.00743006993006993,0.01486013986013986
0.12211367673179396,0.015541740674955595,0.012877442273534635,0.15763765541740674,0.011545293072824156,0.021758436944937832,0.010657193605683837,0.020426287744227355,0.015097690941385435,0.02930728241563055,0.007104795737122558,0.017761989342806393,0.5075488454706927,0.025310834813499113,0.007992895204262877,0.017317939609236235
0.12718316166592028,0.01567398119122257,0.012091356918943126,0.15629198387819077,0.012091356918943126,0.019704433497536946,0.011643528884908196,0.020152261531571878,0.013434841021047918,0.02910882221227049,0.00806090461262875,0.017465293327362293,0.5064935064935064,0.02328705776981639,0.010300044782803403,0.01701746529332736
0.12411660777385158,0.015459363957597174,0.013692579505300354,0.1515017667844523,0.011925795053003533,0.02075971731448763,0.012367491166077738,0.02075971731448763,0.013250883392226149,0.026501766784452298,0.007508833922261484,0.018109540636042403,0.515017667844523,0.022968197879858657,0.009275618374558304,0.01678445229681979
0.12400354295837024,0.01550044286979628,0.011957484499557131,0.1483613817537644,0.010186005314437556,0.02037201062887511,0.013286093888396812,0.022143489813994686,0.013286093888396812,0.02612931798051373,0.0070859167404783,0.01771479185119575,0.5239149689991143,0.023029229406554472,0.006643046944198406,0.016386182462356066
0.13003095975232198,0.01238390092879257,0.010172490048651039,0.15037593984962405,0.010172490048651039,0.020787262273330383,0.013268465280849183,0.022556390977443608,0.015479876160990712,0.02786377708978328,0.007518796992481203,0.017249004865103935,0.5134896063688633,0.02476780185758514,0.00796107916850951,0.01592215833701902
0.12953832362169432,0.01344688480502017,0.010309278350515464,0.15015688032272523,0.010757507844016136,0.0210667861945316,0.012998655311519497,0.02285970416853429,0.014791573285522188,0.026445540116539667,0.005378753922008068,0.014791573285522188,0.5230838189152847,0.02285970416853429,0.008068130883012102,0.01344688480502017
0.13530189510797708,0.011899515204936095,0.011458792419568091,0.14764213309828117,0.010136624063464082,0.020713970912296167,0.0123402379903041,0.02247686205376818,0.013662406346408109,0.0251211987659762,0.0057293962097840455,0.017188188629352136,0.5244601145879242,0.021595416483032173,0.008373732921992068,0.011899515204936095
0.13670661340434975,0.011984021304926764,0.011096316023080338,0.15312916111850866,0.009764758100310697,0.019529516200621395,0.01154016866400355,0.0230803373280071,0.012427873945849977,0.022636484687083888,0.005770084332001775,0.017310252996005325,0.5246338215712384,0.019529516200621395,0.009320905459387484,0.01154016866400355
0.13247673903411608,0.013735046521931768,0.011519716437749225,0.15595923792645103,0.00974745237040319,0.01905183872396987,0.011519716437749225,0.02259636685866194,0.012405848471422242,0.024368630926007974,0.005316792202038104,0.016836508639787327,0.5250332299512628,0.018165706690296855,0.008861320336730172,0.012405848471422242
0.13526570048309178,0.013614404918752744,0.011857707509881422,0.14931927975406237,0.010540184453227932,0.01932367149758454,0.010979358805445762,0.022837066315327184,0.012736056214317084,0.021958717610891524,0.006148440931049627,0.01756697408871322,0.5274483970136145,0.018884497145366712,0.00834431269213878,0.013175230566534914
0.13887660327288812,0.014153029632905795,0.011941618752764263,0.145953118089341,0.009730207872622734,0.01680672268907563,0.01238390092879257,0.022998673153471916,0.010614772224679346,0.021229544449358692,0.005749668288367979,0.017691287041132243,0.5294117647058824,0.01901813356921716,0.010172490048651039,0.013268465280849183
0.14404918752744839,0.014053579270970576,0.010540184453227932,0.14624505928853754,0.010101010101010102,0.01756697408871322,0.011857707509881422,0.023276240667545016,0.010979358805445762,0.020202020202020204,0.006148440931049627,0.018006148440931048,0.5261308739569609,0.018884497145366712,0.00878348704435661,0.013175230566534914
0.14330218068535824,0.01335113484646195,0.010235870048954161,0.14552736982643524,0.010680907877169559,0.018691588785046728,0.01290609701824655,0.023141967067200713,0.010235870048954161,0.01913662661326213,0.005785491766800178,0.01602136181575434,0.5309301290609701,0.017356475300400534,0.010235870048954161,0.012461059190031152
0.14573088958426464,0.012963790791238265,0.010728654447921324,0.14573088958426464,0.012069736253911488,0.016092981671881983,0.012963790791238265,0.02101028162717926,0.012069736253911488,0.016987036209208762,0.006705409029950827,0.015198927134555208,0.532856504246759,0.016092981671881983,0.009387572641931158,0.013410818059901655
0.14804964539007093,0.00975177304964539,0.010195035460992909,0.14804964539007093,0.012411347517730497,0.01551418439716312,0.011968085106382979,0.0199468085106383,0.012411347517730497,0.018617021276595744,0.006648936170212766,0.015957446808510637,0.5328014184397163,0.016400709219858155,0.009308510638297872,0.011968085106382979
0.14897413024085637,0.010258697591436218,0.010704727921498661,0.14763603925066904,0.012488849241748439,0.014719000892060661,0.010704727921498661,0.02096342551293488,0.01159678858162355,0.018287243532560213,0.006690454950936664,0.015611061552185548,0.5347903657448706,0.017395182872435324,0.007582515611061552,0.01159678858162355
0.15013286093888398,0.010628875110717449,0.011514614703277236,0.14570416297608504,0.012843224092116917,0.012400354295837024,0.00974313551815766,0.024357838795394153,0.010186005314437556,0.018600531443755536,0.007528786536758193,0.013286093888396812,0.5389725420726307,0.015057573073516387,0.007528786536758193,0.011514614703277236
0.1514476614699332,0.011581291759465479,0.011135857461024499,0.14253897550111358,0.013808463251670379,0.012917594654788419,0.008463251670378619,0.025835189309576838,0.009799554565701559,0.020489977728285078,0.008908685968819599,0.013363028953229399,0.5349665924276169,0.016035634743875277,0.0066815144766146995,0.012026726057906459
0.1514882274544647,0.011994669035984007,0.01288316303864949,0.14038205242114615,0.01288316303864949,0.01288316303864949,0.009329187027987561,0.024433585073300755,0.00888494002665482,0.020435362061306087,0.006219458018658374,0.015104398045313194,0.5393158596179476,0.015548645046645935,0.0053309640159928924,0.01288316303864949
