C_R,C_A,C_S,C_N,D_R,D_A,D_S,D_N,Oc_R,Oc_A,Oc_S,Oc_N,Od_R,Od_A,Od_S,Od_N
0.0,0.0,0.0,0.0,0.0,0.0,0.0,0.0,0.0,1.0,0.0,0.0,0.0,0.0,0.0,0.0
0.0,0.0,1.0,0.0,0.0,0.0,0.0,0.0,0.0,0.0,0.0,0.0,0.0,0.0,0.0,0.0
0.0,0.0,0.6666666666666666,0.0,0.0,0.0,0.0,0.0,0.0,0.0,0.0,0.0,0.3333333333333333,0.0,0.0,0.0
0.0,0.0,0.6,0.0,0.2,0.0,0.0,0.0,0.0,0.0,0.0,0.0,0.2,0.0,0.0,0.0
0.0,0.0,0.5555555555555556,0.1111111111111111,0.2222222222222222,0.0,0.0,0.0,0.0,0.0,0.0,0.0,0.1111111111111111,0.0,0.0,0.0
0.0,0.0,0.5,0.1,0.2,0.0,0.1,0.0,0.0,0.0,0.0,0.0,0.1,0.0,0.0,0.0
0.0,0.07142857142857142,0.5,0.14285714285714285,0.14285714285714285,0.0,0.07142857142857142,0.0,0.0,0.0,0.0,0.0,0.07142857142857142,0.0,0.0,0.0
0.0,0.05263157894736842,0.47368421052631576,0.15789473684210525,0.10526315789473684,0.0,0.05263157894736842,0.10526315789473684,0.0,0.0,0.0,0.0,0.05263157894736842,0.0,0.0,0.0
0.0,0.037037037037037035,0.48148148148148145,0.18518518518518517,0.1111111111111111,0.0,0.0,0.1111111111111111,0.037037037037037035,0.0,0.0,0.0,0.037037037037037035,0.0,0.0,0.0
0.0,0.03125,0.40625,0.21875,0.125,0.0625,0.0,0.09375,0.0,0.0,0.0,0.0,0.0625,0.0,0.0,0.0
0.0,0.027777777777777776,0.3611111111111111,0.25,0.1388888888888889,0.05555555555555555,0.027777777777777776,0.08333333333333333,0.0,0.0,0.0,0.0,0.05555555555555555,0.0,0.0,0.0
0.0,0.021739130434782608,0.41304347826086957,0.2608695652173913,0.13043478260869565,0.043478260869565216,0.021739130434782608,0.06521739130434782,0.0,0.0,0.0,0.0,0.043478260869565216,0.0,0.0,0.0
0.0,0.0196078431372549,0.4117647058823529,0.29411764705882354,0.13725490196078433,0.0196078431372549,0.0196078431372549,0.058823529411764705,0.0,0.0,0.0196078431372549,0.0,0.0196078431372549,0.0,0.0,0.0
0.0,0.015151515151515152,0.4090909090909091,0.30303030303030304,0.16666666666666666,0.015151515151515152,0.0,0.045454545454545456,0.0,0.0,0.015151515151515152,0.0,0.015151515151515152,0.0,0.0,0.015151515151515152
0.0,0.013333333333333334,0.36,0.3466666666666667,0.14666666666666667,0.013333333333333334,0.02666666666666667,0.04,0.0,0.0,0.013333333333333334,0.0,0.013333333333333334,0.0,0.0,0.02666666666666667
0.0,0.011235955056179775,0.3595505617977528,0.3595505617977528,0.0898876404494382,0.011235955056179775,0.02247191011235955,0.0449438202247191,0.0,0.0,0.02247191011235955,0.0,0.011235955056179775,0.0,0.02247191011235955,0.0449438202247191
0.0,0.00980392156862745,0.3235294117647059,0.38235294117647056,0.08823529411764706,0.00980392156862745,0.0196078431372549,0.049019607843137254,0.0,0.0,0.0196078431372549,0.0,0.00980392156862745,0.00980392156862745,0.029411764705882353,0.049019607843137254
0.0,0.008695652173913044,0.3217391304347826,0.3739130434782609,0.10434782608695652,0.008695652173913044,0.008695652173913044,0.034782608695652174,0.017391304347826087,0.0,0.017391304347826087,0.0,0.017391304347826087,0.008695652173913044,0.034782608695652174,0.043478260869565216
0.007407407407407408,0.014814814814814815,0.28888888888888886,0.3925925925925926,0.08148148148148149,0.007407407407407408,0.02962962962962963,0.02962962962962963,0.014814814814814815,0.0,0.022222222222222223,0.0,0.022222222222222223,0.007407407407407408,0.044444444444444446,0.037037037037037035
0.012738853503184714,0.012738853503184714,0.28662420382165604,0.3821656050955414,0.06369426751592357,0.012738853503184714,0.03184713375796178,0.03184713375796178,0.01910828025477707,0.0,0.01910828025477707,0.0,0.03184713375796178,0.006369426751592357,0.050955414012738856,0.03821656050955414
0.02185792349726776,0.00546448087431694,0.29508196721311475,0.37158469945355194,0.07650273224043716,0.01639344262295082,0.02185792349726776,0.01639344262295082,0.01092896174863388,0.00546448087431694,0.02185792349726776,0.0,0.04371584699453552,0.00546448087431694,0.04371584699453552,0.04371584699453552
0.024875621890547265,0.004975124378109453,0.2935323383084577,0.3681592039800995,0.06965174129353234,0.01990049751243781,0.014925373134328358,0.01990049751243781,0.014925373134328358,0.004975124378109453,0.024875621890547265,0.0,0.04477611940298507,0.004975124378109453,0.04477611940298507,0.04477611940298507
0.023148148148148147,0.004629629629629629,0.2916666666666667,0.35185185185185186,0.06944444444444445,0.032407407407407406,0.013888888888888888,0.018518518518518517,0.018518518518518517,0.018518518518518517,0.013888888888888888,0.0,0.05092592592592592,0.004629629629629629,0.05092592592592592,0.037037037037037035
0.0211864406779661,0.00423728813559322,0.3008474576271186,0.3601694915254237,0.06779661016949153,0.029661016949152543,0.025423728813559324,0.00847457627118644,0.01694915254237288,0.025423728813559324,0.00847457627118644,0.0,0.0423728813559322,0.00423728813559322,0.0423728813559322,0.0423728813559322
0.019762845849802372,0.0,0.28063241106719367,0.35177865612648224,0.07114624505928854,0.03162055335968379,0.023715415019762844,0.011857707509881422,0.019762845849802372,0.03557312252964427,0.007905138339920948,0.0,0.04743083003952569,0.003952569169960474,0.05138339920948617,0.043478260869565216
0.017543859649122806,0.0,0.27017543859649124,0.3684210526315789,0.06666666666666667,0.031578947368421054,0.021052631578947368,0.010526315789473684,0.021052631578947368,0.031578947368421054,0.010526315789473684,0.0,0.056140350877192984,0.007017543859649123,0.04912280701754386,0.03859649122807018
0.015822784810126583,0.0,0.27531645569620256,0.3639240506329114,0.05379746835443038,0.03481012658227848,0.022151898734177215,0.012658227848101266,0.0189873417721519,0.04113924050632911,0.00949367088607595,0.0031645569620253164,0.06645569620253164,0.006329113924050633,0.04113924050632911,0.03481012658227848
0.02040816326530612,0.0,0.2594752186588921,0.3469387755102041,0.05539358600583091,0.03498542274052478,0.026239067055393587,0.01749271137026239,0.01749271137026239,0.043731778425655975,0.0058309037900874635,0.0029154518950437317,0.0728862973760933,0.008746355685131196,0.043731778425655975,0.043731778425655975
0.013123359580052493,0.0,0.2755905511811024,0.35170603674540685,0.049868766404199474,0.03937007874015748,0.023622047244094488,0.013123359580052493,0.01837270341207349,0.03674540682414698,0.005249343832020997,0.0026246719160104987,0.07611548556430446,0.007874015748031496,0.03937007874015748,0.047244094488188976
0.01182033096926714,0.002364066193853428,0.27423167848699764,0.34988179669030733,0.04964539007092199,0.03546099290780142,0.02127659574468085,0.01182033096926714,0.018912529550827423,0.0425531914893617,0.004728132387706856,0.002364066193853428,0.07565011820330969,0.0070921985815602835,0.03546099290780142,0.05673758865248227
0.014989293361884369,0.0021413276231263384,0.25267665952890794,0.3533190578158458,0.042826552462526764,0.042826552462526764,0.021413276231263382,0.014989293361884369,0.023554603854389723,0.047109207708779445,0.006423982869379015,0.0021413276231263384,0.07708779443254818,0.004282655246252677,0.034261241970021415,0.059957173447537475
0.014084507042253521,0.002012072434607646,0.24949698189134809,0.3420523138832998,0.04426559356136821,0.04426559356136821,0.03219315895372234,0.018108651911468814,0.02414486921529175,0.0482897384305835,0.006036217303822937,0.004024144869215292,0.08048289738430583,0.008048289738430584,0.030181086519114688,0.052313883299798795
0.013435700575815739,0.0,0.2476007677543186,0.33589251439539347,0.05182341650671785,0.04798464491362764,0.03262955854126679,0.01727447216890595,0.023032629558541268,0.046065259117082535,0.005758157389635317,0.0019193857965451055,0.08445297504798464,0.009596928982725527,0.03262955854126679,0.04990403071017274
0.0156794425087108,0.0,0.22996515679442509,0.3501742160278746,0.04878048780487805,0.04878048780487805,0.033101045296167246,0.013937282229965157,0.02264808362369338,0.04355400696864112,0.003484320557491289,0.003484320557491289,0.09233449477351917,0.008710801393728223,0.033101045296167246,0.05226480836236934
0.026359143327841845,0.0,0.22075782537067545,0.34761120263591433,0.04612850082372323,0.044481054365733116,0.029654036243822075,0.018121911037891267,0.026359143327841845,0.044481054365733116,0.0032948929159802307,0.006589785831960461,0.08896210873146623,0.008237232289950576,0.029654036243822075,0.05930807248764415
0.03474320241691843,0.0,0.20694864048338368,0.33081570996978854,0.04833836858006042,0.04833836858006042,0.030211480362537766,0.021148036253776436,0.028700906344410877,0.052870090634441085,0.0030211480362537764,0.0075528700906344415,0.08610271903323263,0.00906344410876133,0.03474320241691843,0.05740181268882175
0.03977272727272727,0.0,0.2002840909090909,0.3252840909090909,0.046875,0.05823863636363636,0.032670454545454544,0.02130681818181818,0.026988636363636364,0.052556818181818184,0.002840909090909091,0.008522727272727272,0.08522727272727272,0.009943181818181818,0.028409090909090908,0.061079545454545456
0.035526315789473684,0.0,0.1986842105263158,0.3171052631578947,0.042105263157894736,0.06973684210526315,0.030263157894736843,0.02631578947368421,0.02894736842105263,0.05789473684210526,0.0013157894736842105,0.007894736842105263,0.08026315789473684,0.013157894736842105,0.02631578947368421,0.06447368421052632
0.03464755077658303,0.0011947431302270011,0.1923536439665472,0.3237753882915173,0.04778972520908005,0.06810035842293907,0.026284348864994027,0.027479091995221028,0.027479091995221028,0.06093189964157706,0.0023894862604540022,0.005973715651135006,0.08243727598566308,0.011947431302270013,0.027479091995221028,0.05973715651135006
0.03711790393013101,0.0,0.1812227074235808,0.3111353711790393,0.05131004366812227,0.06986899563318777,0.025109170305676855,0.025109170305676855,0.02947598253275109,0.0611353711790393,0.0032751091703056767,0.009825327510917031,0.08406113537117904,0.013100436681222707,0.027292576419213975,0.07096069868995633
0.04024767801857585,0.0,0.17027863777089783,0.30959752321981426,0.05159958720330237,0.07946336429308566,0.02476780185758514,0.023735810113519093,0.02889576883384933,0.058823529411764705,0.0041279669762641896,0.009287925696594427,0.0846233230134159,0.010319917440660475,0.030959752321981424,0.07327141382868937
0.048216007714561235,0.0,0.16393442622950818,0.29218900675024106,0.052073288331726135,0.07521697203471553,0.026036644165863067,0.024108003857280617,0.03278688524590164,0.06075216972034716,0.003857280617164899,0.009643201542912247,0.09064609450337512,0.011571841851494697,0.029893924783027964,0.07907425265188042
0.051075268817204304,0.0017921146953405018,0.16487455197132617,0.28584229390681004,0.05017921146953405,0.06989247311827956,0.021505376344086023,0.022401433691756272,0.03494623655913978,0.06182795698924731,0.0062724014336917565,0.008960573476702509,0.09498207885304659,0.011648745519713262,0.034050179211469536,0.07974910394265233
0.05588993981083405,0.0025795356835769563,0.16079105760963028,0.2725709372312984,0.055030094582975066,0.07308684436801376,0.021496130696474634,0.024935511607910577,0.03697334479793637,0.05588993981083405,0.0060189165950128975,0.01117798796216681,0.09630266552020636,0.012037833190025795,0.034393809114359415,0.08082545141874463
0.05422647527910686,0.004784688995215311,0.15869218500797447,0.266347687400319,0.05661881977671451,0.07416267942583732,0.022328548644338118,0.023923444976076555,0.03668261562998405,0.05263157894736842,0.006379585326953748,0.01036682615629984,0.09728867623604466,0.012759170653907496,0.03827751196172249,0.08452950558213716
0.05635948210205636,0.007616146230007616,0.1546077684691546,0.26123381568926124,0.05635948210205636,0.07311500380807312,0.020563594821020565,0.025894897182025894,0.03274942878903275,0.053313023610053314,0.007616146230007616,0.009900990099009901,0.1051028179741051,0.012947448591012947,0.03655750190403656,0.08606245239908607
0.062142857142857146,0.01,0.15142857142857144,0.2557142857142857,0.05857142857142857,0.07571428571428572,0.02,0.02642857142857143,0.035,0.052142857142857144,0.007857142857142858,0.010714285714285714,0.10357142857142858,0.016428571428571428,0.03142857142857143,0.08285714285714285
0.05495251017639077,0.011533242876526458,0.1451831750339213,0.2618724559023066,0.05834464043419267,0.07869742198100407,0.017639077340569877,0.023066485753052916,0.03324287652645862,0.050203527815468114,0.008141112618724558,0.013568521031207599,0.10922659430122117,0.014246947082767978,0.029850746268656716,0.09023066485753053
0.05501618122977346,0.013592233009708738,0.13527508090614887,0.25954692556634307,0.0634304207119741,0.08349514563106795,0.019417475728155338,0.022006472491909384,0.032362459546925564,0.04919093851132686,0.008414239482200648,0.01423948220064725,0.11003236245954692,0.016181229773462782,0.02977346278317152,0.08802588996763754
0.06191950464396285,0.014860681114551083,0.1368421052631579,0.25077399380804954,0.06439628482972136,0.08297213622291022,0.017956656346749224,0.022910216718266253,0.03529411764705882,0.047058823529411764,0.009287925696594427,0.01671826625386997,0.10712074303405572,0.01671826625386997,0.02848297213622291,0.08668730650154799
0.05970149253731343,0.016119402985074627,0.1355223880597015,0.24776119402985075,0.061492537313432835,0.08477611940298507,0.020895522388059702,0.023283582089552238,0.032238805970149255,0.04537313432835821,0.010746268656716417,0.01791044776119403,0.10626865671641791,0.0191044776119403,0.028656716417910448,0.09014925373134329
0.06228373702422145,0.01903114186851211,0.1303344867358708,0.2497116493656286,0.05997693194925029,0.08131487889273356,0.02306805074971165,0.02422145328719723,0.03344867358708189,0.04382929642445214,0.010380622837370242,0.01730103806228374,0.10899653979238755,0.01787773933102653,0.0265282583621684,0.09169550173010381
0.06274078150798018,0.018712162905888827,0.12768299394606494,0.24325811777655476,0.059988992845349476,0.08970831040176115,0.023665382498624106,0.02146395156851954,0.03577325261419923,0.04402861860209136,0.010456796917996699,0.017611447440836543,0.10952118877270225,0.017611447440836543,0.0275178866263071,0.09025866813428729
0.06294085729788389,0.019533369506239826,0.12750949538795442,0.23982637004883342,0.05860010851871948,0.09007053716766142,0.02278893109061313,0.02278893109061313,0.03689636462289745,0.041779706999457406,0.011394465545306565,0.018448182311448725,0.10851871947911014,0.017905588714053174,0.027129679869777535,0.09386869234943028
0.06170212765957447,0.018617021276595744,0.13031914893617022,0.23031914893617023,0.05851063829787234,0.08936170212765958,0.02446808510638298,0.02021276595744681,0.040957446808510635,0.04148936170212766,0.01223404255319149,0.019148936170212766,0.11063829787234042,0.017553191489361703,0.02872340425531915,0.09574468085106383
0.06167633104902478,0.01686874011597259,0.12493410648392199,0.22298365840801265,0.05745914602003163,0.08908803373748023,0.022667369530838165,0.02055877701634159,0.03900896151818661,0.04428044280442804,0.012651555086979441,0.022667369530838165,0.11649973642593568,0.020031628887717447,0.02952029520295203,0.09910384818133895
0.06339468302658487,0.019427402862985686,0.1165644171779141,0.22699386503067484,0.05674846625766871,0.08997955010224949,0.02044989775051125,0.023517382413087935,0.03885480572597137,0.0434560327198364,0.01278118609406953,0.025051124744376277,0.12269938650306748,0.018916155419222903,0.026584867075664622,0.09458077709611452
0.06033182503770739,0.01860231271995978,0.11362493715434892,0.22171945701357465,0.05480140774258421,0.09502262443438914,0.024132730015082957,0.024635495223730517,0.04022121669180493,0.04172951231774761,0.013574660633484163,0.023629964806435394,0.12619406737053795,0.023127199597787834,0.026646556058320763,0.09200603318250378
0.0585918266863614,0.018709995076317085,0.1171836533727228,0.21959625800098473,0.05662235352043329,0.09748892171344166,0.023633677991137372,0.024618414574101428,0.03988183161004431,0.03988183161004431,0.012309207287050714,0.025603151157065487,0.12309207287050714,0.025110782865583457,0.028557360905957656,0.08911866075824718
0.06186069167072577,0.018509498295177788,0.11544081831466146,0.21480759863614224,0.05504140282513395,0.0944958597174866,0.021919142717973697,0.0282513395031661,0.04140282513395031,0.035557720409157334,0.011203117389186557,0.027764247442766683,0.12469556746225037,0.026302971261568435,0.02679006332196785,0.09595713589868485
0.0611947547353084,0.020398251578436135,0.11510441962117533,0.21321029626032054,0.05293831957260806,0.09130645944633317,0.020883924235065566,0.02962603205439534,0.043224866440019424,0.0398251578436134,0.008742107819329771,0.03011170471102477,0.12141816415735794,0.029140359397765905,0.028169014084507043,0.0947061680427392
0.06695778748180495,0.019893255701115962,0.10868510431829209,0.21397379912663755,0.05482775351770985,0.08927704997573993,0.017952450266860747,0.03056768558951965,0.04512372634643377,0.039786511402231925,0.0077632217370208634,0.03056768558951965,0.1227559437166424,0.03202328966521106,0.028626880155264434,0.09121785540999515
0.0642512077294686,0.019806763285024155,0.10531400966183575,0.2140096618357488,0.057004830917874394,0.08502415458937199,0.017874396135265702,0.030434782608695653,0.04589371980676329,0.04009661835748792,0.00966183574879227,0.03188405797101449,0.12753623188405797,0.030434782608695653,0.028502415458937197,0.09227053140096618
0.06474820143884892,0.02062350119904077,0.10311750599520383,0.21342925659472423,0.05467625899280575,0.08489208633093526,0.018225419664268584,0.030695443645083934,0.04652278177458034,0.04028776978417266,0.010071942446043165,0.03213429256594724,0.12949640287769784,0.03261390887290168,0.02877697841726619,0.08968824940047962
0.06500956022944551,0.020076481835564052,0.10516252390057361,0.20936902485659656,0.0511472275334608,0.08795411089866156,0.02055449330783939,0.030592734225621414,0.04732313575525813,0.039674952198852774,0.010994263862332695,0.03011472275334608,0.13049713193116635,0.032982791586998086,0.02820267686424474,0.09034416826003824
0.06315289648622982,0.020417853751187084,0.1030389363722697,0.20560303893637227,0.05270655270655271,0.08784425451092118,0.021367521367521368,0.03181386514719848,0.04985754985754986,0.03941120607787275,0.011870845204178538,0.030864197530864196,0.1282051282051282,0.030864197530864196,0.02801519468186135,0.0949667616334283
0.06383970177073625,0.01863932898415657,0.10065237651444547,0.20689655172413793,0.05265610438024231,0.08527493010251631,0.022833178005591797,0.03401677539608574,0.04986020503261883,0.03960857409133271,0.0130475302889096,0.033550792171481825,0.12721342031686858,0.033550792171481825,0.02749301025163094,0.09086672879776328
0.06672845227062095,0.020852641334569044,0.0968489341983318,0.206209453197405,0.05097312326227989,0.08341056533827618,0.018999073215940687,0.03521779425393883,0.04865616311399444,0.038461538461538464,0.015291936978683966,0.03429101019462465,0.1278962001853568,0.03614457831325301,0.027340129749768304,0.09267840593141798
0.06930232558139535,0.019069767441860466,0.09209302325581395,0.20232558139534884,0.05069767441860465,0.08511627906976744,0.02186046511627907,0.035813953488372095,0.04930232558139535,0.03953488372093023,0.01441860465116279,0.03255813953488372,0.1288372093023256,0.035348837209302326,0.02883720930232558,0.09488372093023256
0.06898148148148148,0.01898148148148148,0.08935185185185185,0.20277777777777778,0.052314814814814814,0.0824074074074074,0.020833333333333332,0.03425925925925926,0.049074074074074076,0.03935185185185185,0.016203703703703703,0.032407407407407406,0.1287037037037037,0.03518518518518519,0.02962962962962963,0.09953703703703703
0.07291185971389016,0.019381633594831565,0.0853714813105676,0.20166128287955698,0.05768343331795108,0.08121827411167512,0.022611905860636824,0.03553299492385787,0.046146746654360866,0.03876326718966313,0.016151361329026302,0.032764190124596214,0.12967235809875405,0.03368712505768343,0.02722658052607291,0.09921550530687587
0.07242339832869081,0.018570102135561744,0.08774373259052924,0.19962859795728877,0.056638811513463325,0.08031569173630455,0.022284122562674095,0.03806870937790158,0.04735376044568245,0.038532961931290625,0.016248839368616527,0.031104921077065924,0.1327762302692665,0.03203342618384401,0.027855153203342618,0.09842154131847725
0.07139545665275845,0.01761706073249884,0.0890125173852573,0.20305980528511822,0.055632823365785816,0.08205841446453407,0.022253129346314324,0.03801576263328697,0.04728789986091794,0.04033379694019471,0.01576263328697265,0.03013444598980065,0.13212795549374132,0.0315252665739453,0.025498377375985166,0.09828465461288827
0.07149489322191271,0.017177344475394613,0.08774373259052924,0.21030640668523676,0.05385329619312906,0.07799442896935933,0.022284122562674095,0.032497678737233054,0.04967502321262767,0.04271123491179202,0.01532033426183844,0.032497678737233054,0.13324048282265552,0.03203342618384401,0.02274837511606314,0.09842154131847725
0.07247706422018349,0.01834862385321101,0.08853211009174312,0.21834862385321102,0.05137614678899083,0.07339449541284404,0.022935779816513763,0.033486238532110094,0.05229357798165138,0.0408256880733945,0.014220183486238533,0.033486238532110094,0.13302752293577982,0.028440366972477066,0.02431192660550459,0.0944954128440367
0.07593189139438564,0.01840773124712379,0.0892774965485504,0.21813161527841693,0.04693971468016567,0.06994937873907041,0.024390243902439025,0.034974689369535204,0.05062126092959043,0.039576622181316155,0.014265991716520939,0.034974689369535204,0.13805798435342845,0.030832949838932353,0.022549470777726646,0.09111826967326277
0.07767898923724847,0.01731399157697707,0.08610201216658868,0.21151146467009826,0.049602246139447824,0.07206364061768834,0.02526906878802059,0.035563874590547495,0.05334581188582124,0.03743565746373421,0.013102480112306972,0.036499766027140855,0.1357042583060365,0.03275620028076743,0.021993448759943846,0.0940570893776322
0.07965009208103131,0.01841620626151013,0.08701657458563536,0.20626151012891344,0.05294659300184162,0.0718232044198895,0.02532228360957643,0.03268876611418048,0.056169429097605895,0.03821362799263352,0.013351749539594844,0.035451197053407,0.13858195211786373,0.031767955801104975,0.02302025782688766,0.08931860036832412
0.08055555555555556,0.018518518518518517,0.08657407407407407,0.20277777777777778,0.04953703703703704,0.06898148148148148,0.02638888888888889,0.031018518518518518,0.055092592592592596,0.03935185185185185,0.014351851851851852,0.0375,0.14351851851851852,0.03009259259259259,0.02361111111111111,0.09212962962962963
0.08546214584300975,0.01764979098931723,0.08685555039479796,0.20250812819321876,0.04784022294472828,0.06688341848583372,0.024616813748258245,0.030654900139340455,0.0548072457036693,0.04087320018578727,0.013469577333952624,0.03715745471435207,0.14584300975383185,0.028797027403622853,0.023223409196470042,0.09335810496980956
0.08621484555094514,0.017980636237897647,0.08852005532503458,0.19732595666205624,0.0479483633010604,0.06454587367450439,0.02581834946980175,0.033656062701705854,0.053480866758875055,0.04333794375288151,0.013831258644536652,0.03734439834024896,0.14845550945136007,0.027201475334255418,0.022591055786076533,0.09174734900875979
0.0842876775080165,0.019697663765460376,0.0874942739349519,0.19514429683921208,0.04901511681172698,0.06550618415025194,0.027943197434722858,0.03710490151168117,0.05084745762711865,0.04351809436555199,0.014200641319285386,0.03847915712322492,0.14796152084287678,0.027485112230874943,0.02244617498854787,0.08886852954649564
0.08211678832116788,0.021897810218978103,0.08485401459854014,0.19525547445255476,0.048357664233576646,0.0666058394160584,0.02645985401459854,0.037408759124087594,0.051094890510948905,0.04607664233576642,0.012773722627737226,0.038777372262773724,0.1478102189781022,0.029653284671532845,0.024635036496350366,0.08622262773722628
0.08486238532110092,0.02110091743119266,0.08577981651376147,0.19403669724770642,0.04724770642201835,0.06559633027522936,0.026605504587155965,0.037155963302752296,0.05,0.0426605504587156,0.013761467889908258,0.03853211009174312,0.15091743119266054,0.030733944954128442,0.024770642201834864,0.08623853211009175
0.08260670032124828,0.01973382285452042,0.08949059201468564,0.19229004130335017,0.04726938962826985,0.06654428636989444,0.0289123451124369,0.03809086737035337,0.050481872418540616,0.04038549793483249,0.012391005048187242,0.038549793483249196,0.15190454336851766,0.031206975676916018,0.02569986232216613,0.08444240477283158
0.08609576427255985,0.018876611418047883,0.08931860036832412,0.1910681399631676,0.04558011049723757,0.06767955801104972,0.029465930018416207,0.03959484346224678,0.05156537753222836,0.04005524861878453,0.012430939226519336,0.03314917127071823,0.15699815837937384,0.03222836095764273,0.023480662983425413,0.08241252302025782
0.08512585812356979,0.017391304347826087,0.08649885583524028,0.19267734553775745,0.04668192219679634,0.06407322654462243,0.02745995423340961,0.039359267734553775,0.05080091533180778,0.043478260869565216,0.013272311212814645,0.031121281464530894,0.16247139588100687,0.031121281464530894,0.02334096109839817,0.08512585812356979
0.09007773205304069,0.017375400091449476,0.08687700045724737,0.1906721536351166,0.04572473708276177,0.06172839506172839,0.027892089620484683,0.038408779149519894,0.04938271604938271,0.0411522633744856,0.013717421124828532,0.03292181069958848,0.1646090534979424,0.03200731595793324,0.02377686328303612,0.08367626886145405
0.08683729433272395,0.01736745886654479,0.08272394881170018,0.19149908592321754,0.04616087751371115,0.06352833638025594,0.027879341864716637,0.038391224862888484,0.051645338208409504,0.03930530164533821,0.015539305301645339,0.03473491773308958,0.1636197440585009,0.031992687385740404,0.025594149908592323,0.08318098720292505
0.09090909090909091,0.017816354499771585,0.08222932846048424,0.18912745545911375,0.04659661946094107,0.06532663316582915,0.02603928734582001,0.039744175422567384,0.04979442667884879,0.040657834627683874,0.016902695294655094,0.03471904979442668,0.1667428049337597,0.02923709456372773,0.02512562814070352,0.07903152124257652
0.09086715867158672,0.01845018450184502,0.08071955719557196,0.18588560885608857,0.04797047970479705,0.06595940959409594,0.023985239852398525,0.041051660516605165,0.0470479704797048,0.043357933579335796,0.01614391143911439,0.03551660516605166,0.16512915129151293,0.033210332103321034,0.024907749077490774,0.0797970479704797
0.09519450800915331,0.019221967963386728,0.07734553775743708,0.19359267734553776,0.04759725400457666,0.06407322654462243,0.021510297482837528,0.043478260869565216,0.044851258581235696,0.040274599542334096,0.016933638443935927,0.033867276887871854,0.1643020594965675,0.032494279176201374,0.02471395881006865,0.08054919908466819
0.09593421653723161,0.019186843307446324,0.07720420283234354,0.189584285061672,0.04979442667884879,0.0648698035632709,0.01827318410232983,0.043398812243033345,0.046139789858382824,0.036089538602101415,0.01735952489721334,0.034262220191868434,0.1658291457286432,0.03334856098675194,0.025582457743261764,0.08314298766560073
0.09278824069820854,0.017455213596692696,0.07854846118511713,0.18695452457510336,0.05144694533762058,0.06109324758842444,0.018373909049150206,0.04271933853927423,0.04731281580156178,0.03674781809830041,0.016536518144235186,0.03353238401469913,0.17363344051446947,0.03353238401469913,0.0266421681212678,0.08268259072117592
0.09357798165137615,0.015596330275229359,0.07752293577981652,0.19128440366972477,0.05,0.05871559633027523,0.01926605504587156,0.04174311926605505,0.046788990825688076,0.038073394495412846,0.017889908256880735,0.031192660550458717,0.1779816513761468,0.03211009174311927,0.028440366972477066,0.0798165137614679
0.09563218390804598,0.013333333333333334,0.07770114942528736,0.18758620689655173,0.05149425287356322,0.05931034482758621,0.020229885057471263,0.041379310344827586,0.04459770114942529,0.037241379310344824,0.01839080459770115,0.03264367816091954,0.17655172413793102,0.033563218390804596,0.029425287356321838,0.08091954022988505
0.10027598896044158,0.013799448022079117,0.0749770009199632,0.18629254829806807,0.054737810487580495,0.05979760809567617,0.020699172033118676,0.04139834406623735,0.03955841766329347,0.03679852805887764,0.017939282428702852,0.03219871205151794,0.17571297148114076,0.030818767249310028,0.03035878564857406,0.08463661453541858
0.09607390300230947,0.016166281755196306,0.07575057736720554,0.1879907621247113,0.05450346420323326,0.06143187066974596,0.018937644341801386,0.04249422632794457,0.040646651270207855,0.03648960739030023,0.018475750577367205,0.03048498845265589,0.17736720554272517,0.02956120092378753,0.029099307159353348,0.08452655889145497
0.0965391621129326,0.015482695810564663,0.07285974499089254,0.1912568306010929,0.0546448087431694,0.0610200364298725,0.018214936247723135,0.040983606557377046,0.04326047358834244,0.038706739526411654,0.018670309653916212,0.03233151183970856,0.17167577413479052,0.031420765027322405,0.029143897996357013,0.08378870673952642
0.09678899082568808,0.01834862385321101,0.07293577981651377,0.19357798165137616,0.053669724770642205,0.05825688073394496,0.01743119266055046,0.03669724770642202,0.0444954128440367,0.0389908256880734,0.01834862385321101,0.02889908256880734,0.1779816513761468,0.033486238532110094,0.028440366972477066,0.081651376146789
0.09600367478180984,0.01929260450160772,0.07257694074414332,0.18925126320624713,0.056499770326136886,0.0574184657785944,0.016995865870463943,0.035829122645842905,0.04455672944418925,0.03536977491961415,0.01929260450160772,0.030776297657326597,0.17914561322921452,0.03536977491961415,0.029857602204869087,0.08176389526871843
0.0958276020174232,0.01879871618523613,0.06785878037597433,0.19348922512608896,0.055937643282897756,0.05823016964695094,0.016506189821182942,0.03530490600641907,0.04676753782668501,0.03484640073360844,0.018340210912425492,0.02888583218707015,0.17973406694176983,0.03622191655204035,0.030261348005502064,0.08298945437872536
0.09841417910447761,0.018190298507462687,0.06669776119402986,0.19309701492537312,0.054104477611940295,0.05783582089552239,0.018656716417910446,0.034981343283582086,0.044309701492537316,0.03404850746268657,0.018656716417910446,0.030783582089552237,0.18423507462686567,0.03731343283582089,0.027052238805970148,0.08162313432835822
0.09940174873446847,0.019788311090658078,0.06626783248964566,0.19880349746893694,0.053382420616658995,0.057063966866083754,0.01840773124712379,0.03267372296364473,0.0446387482742752,0.03451449608835711,0.01840773124712379,0.031293143120110445,0.18223653934652553,0.039116428900138056,0.02577082374597331,0.07823285780027611
0.09995456610631531,0.019082235347569285,0.06996819627442072,0.19491140390731485,0.05497501135847342,0.061790095411176735,0.0186278964107224,0.030895047705588367,0.04270786006360745,0.03452975920036347,0.0186278964107224,0.03134938664243526,0.1858246251703771,0.04179918218991367,0.023625624716038164,0.07133121308496138
0.10142923005993545,0.016597510373443983,0.07100046104195482,0.19225449515905949,0.05716920239741816,0.060396496081143385,0.0198248040571692,0.03319502074688797,0.04149377593360996,0.03273397879207008,0.018441678192715538,0.03135085292761641,0.18810511756569848,0.04241585984324574,0.024896265560165973,0.06869525126786538
0.10217290799815072,0.01571890892279242,0.07027276930189552,0.19093851132686085,0.056865464632454926,0.05825242718446602,0.01849283402681461,0.03467406380027739,0.04022191400832178,0.03374942209893666,0.018030513176144243,0.030513176144244106,0.19186315302820156,0.042071197411003236,0.024503005085529356,0.07165973185390662
0.10264598540145986,0.016423357664233577,0.06706204379562043,0.19297445255474452,0.05474452554744526,0.058394160583941604,0.020072992700729927,0.03375912408759124,0.038777372262773724,0.032846715328467155,0.019616788321167884,0.029653284671532845,0.19343065693430658,0.04288321167883212,0.024635036496350366,0.07208029197080291
0.10593607305936073,0.0182648401826484,0.06575342465753424,0.19223744292237444,0.0547945205479452,0.0593607305936073,0.019178082191780823,0.036073059360730596,0.036986301369863014,0.031506849315068496,0.02054794520547945,0.0273972602739726,0.1958904109589041,0.04200913242009133,0.024657534246575342,0.06940639269406393
0.10648994515539305,0.015996343692870202,0.06535648994515539,0.19195612431444242,0.054844606946983544,0.05850091407678245,0.022851919561243144,0.03473491773308958,0.03610603290676417,0.03016453382084095,0.019652650822669104,0.03016453382084095,0.19515539305301646,0.04021937842778794,0.025594149908592323,0.07221206581352833
0.10793357933579335,0.01614391143911439,0.06549815498154982,0.1886531365313653,0.05212177121771218,0.05719557195571956,0.02214022140221402,0.03643911439114391,0.03736162361623616,0.029059040590405903,0.019833948339483393,0.0272140221402214,0.2043357933579336,0.04289667896678967,0.023985239852398525,0.06918819188191883
0.10810810810810811,0.017707362534948742,0.06663560111835974,0.18779123951537743,0.05591798695246971,0.058247903075489285,0.02190121155638397,0.03774464119291705,0.0358807082945014,0.02749301025163094,0.02190121155638397,0.026561043802423114,0.20130475302889095,0.04007455731593663,0.021435228331780055,0.07129543336439888
0.11291068949560389,0.016196205460434984,0.06663581675150393,0.18463674224895882,0.05460434983803795,0.058306339657565945,0.02128644146228598,0.036094400740397964,0.037482646922720964,0.027764923646459973,0.01943544655252198,0.026376677464136973,0.2100879222582138,0.03933364183248496,0.02128644146228598,0.06756131420638593
0.10883424408014572,0.017304189435336976,0.06602914389799636,0.18670309653916212,0.051001821493624776,0.05510018214936248,0.02413479052823315,0.03597449908925319,0.03642987249544627,0.030054644808743168,0.020947176684881604,0.025956284153005466,0.21083788706739526,0.039162112932604735,0.020947176684881604,0.07058287795992714
0.10548327137546469,0.017193308550185873,0.06412639405204461,0.1812267657992565,0.05343866171003717,0.05901486988847584,0.023234200743494422,0.03763940520446097,0.03671003717472119,0.03020446096654275,0.019516728624535316,0.02648698884758364,0.21236059479553904,0.04228624535315985,0.022769516728624536,0.0683085501858736
0.10220994475138122,0.017955801104972375,0.06629834254143646,0.17955801104972377,0.053406998158379376,0.05478821362799263,0.02394106813996317,0.037753222836095765,0.0363720073664825,0.030847145488029467,0.01841620626151013,0.027624309392265192,0.22053406998158379,0.040976058931860036,0.02117863720073665,0.06813996316758748
0.11176737846433439,0.01590186278964107,0.06587914584279873,0.17582916855974556,0.050431621990004546,0.05361199454793276,0.02453430258973194,0.039527487505679235,0.03543843707405725,0.029532030895047707,0.019082235347569285,0.02680599727396638,0.22353475692866878,0.03816447069513857,0.02407996365288505,0.06587914584279873
0.11255813953488372,0.017209302325581394,0.06744186046511629,0.17627906976744187,0.04837209302325581,0.05488372093023256,0.023255813953488372,0.03813953488372093,0.035813953488372095,0.03209302325581395,0.01953488372093023,0.026511627906976743,0.22046511627906976,0.037674418604651164,0.024651162790697675,0.06511627906976744
0.1149584487534626,0.018928901200369344,0.06555863342566944,0.17543859649122806,0.050784856879039705,0.05909510618651893,0.023084025854108958,0.034164358264081256,0.033702677746999074,0.030470914127423823,0.02123730378578024,0.024469067405355493,0.22068328716528163,0.03831948291782087,0.028624192059095107,0.060480147737765465
0.11187845303867404,0.019337016574585635,0.06767955801104972,0.17863720073664824,0.05386740331491713,0.061694290976058934,0.02302025782688766,0.03406998158379374,0.03038674033149171,0.02992633517495396,0.018876611418047883,0.02255985267034991,0.21915285451197053,0.040976058931860036,0.026703499079189688,0.06123388581952118
0.11429893567792689,0.01897269782508098,0.06802406293382693,0.1772327626099028,0.055529847292919945,0.05784359093012494,0.024988431281813973,0.03424340583063397,0.03007866728366497,0.03054141601110597,0.01943544655252198,0.024062933826931976,0.21471540953262377,0.041647385469689956,0.029153169828782972,0.05923183711244794
0.11202938475665748,0.019742883379247015,0.06795224977043159,0.1717171717171717,0.05371900826446281,0.0573921028466483,0.025252525252525252,0.03489439853076217,0.028466483011937556,0.032598714416896234,0.02066115702479339,0.025252525252525252,0.22176308539944903,0.03902662993572085,0.02800734618916437,0.06152433425160698
0.11397058823529412,0.021139705882352942,0.06893382352941177,0.1636029411764706,0.05422794117647059,0.05606617647058824,0.027113970588235295,0.034466911764705885,0.02803308823529412,0.035386029411764705,0.02022058823529412,0.025275735294117647,0.22242647058823528,0.04136029411764706,0.024356617647058824,0.06341911764705882
0.10816978548607942,0.021451392058420813,0.06754906435417618,0.16795983569146508,0.05248744865358284,0.05796439981743496,0.02784116841624829,0.035600182565038795,0.026928343222272933,0.037425832952989506,0.020082154267457783,0.02510269283432223,0.2250114103149247,0.03970789593792789,0.02327704244637152,0.06344135098128709
0.11496350364963503,0.019616788321167884,0.0666058394160584,0.17107664233576642,0.05063868613138686,0.054288321167883215,0.026916058394160582,0.03239051094890511,0.02645985401459854,0.03832116788321168,0.020985401459854013,0.02737226277372263,0.22764598540145986,0.03832116788321168,0.021897810218978103,0.0625
0.1163852122318576,0.018256503879507075,0.0689183021451392,0.17526243724326793,0.05476951163852122,0.054313099041533544,0.02327704244637152,0.031036056595162027,0.02647193062528526,0.03970789593792789,0.017800091282519397,0.02601551802829758,0.22866271109082612,0.03651300775901415,0.021451392058420813,0.0611592879963487
0.11740520785746916,0.017816354499771585,0.06943809958885336,0.16857012334399268,0.05527638190954774,0.05481955230698949,0.02284148012791229,0.031064412973960714,0.027866605756052994,0.03654636820465966,0.017816354499771585,0.026496116948378255,0.23618090452261306,0.0379168570123344,0.020100502512562814,0.059844677935130194
0.1130514705882353,0.017922794117647058,0.06755514705882353,0.1723345588235294,0.05560661764705882,0.05514705882352941,0.0234375,0.03262867647058824,0.025275735294117647,0.03630514705882353,0.017463235294117647,0.02803308823529412,0.23851102941176472,0.035845588235294115,0.019301470588235295,0.06158088235294118
0.11947104423164615,0.019151846785225718,0.06885544915640675,0.1714546283629731,0.05426356589147287,0.052895576835385316,0.025991792065663474,0.031007751937984496,0.02553579571363429,0.0364797081623347,0.017327861377108983,0.027359781121751026,0.23529411764705882,0.0364797081623347,0.020063839489284085,0.05836753305973552
0.12477064220183487,0.018807339449541285,0.06743119266055046,0.17339449541284405,0.05091743119266055,0.051834862385321104,0.025688073394495414,0.02798165137614679,0.02431192660550459,0.038073394495412846,0.01834862385321101,0.02706422018348624,0.2408256880733945,0.03486238532110092,0.019724770642201836,0.05596330275229358
0.12043795620437957,0.020072992700729927,0.06341240875912409,0.1678832116788321,0.05155109489051095,0.05063868613138686,0.023722627737226276,0.027828467153284672,0.024178832116788323,0.041970802919708027,0.018704379562043797,0.030565693430656935,0.24589416058394162,0.03512773722627737,0.017791970802919707,0.060218978102189784
0.12323140118667275,0.021451392058420813,0.0611592879963487,0.17252396166134185,0.04974897307165678,0.05248744865358284,0.023733455043359195,0.02784116841624829,0.023733455043359195,0.03970789593792789,0.019625741670470105,0.02921040620721132,0.24509356458238246,0.03651300775901415,0.01734367868553172,0.05659516202647193
0.12385321100917432,0.022018348623853212,0.061467889908256884,0.17522935779816515,0.044954128440366975,0.04954128440366973,0.023394495412844038,0.029357798165137616,0.02431192660550459,0.044036697247706424,0.017889908256880735,0.028440366972477066,0.24357798165137615,0.035321100917431195,0.018807339449541285,0.05779816513761468
