C_R,C_A,C_S,C_N,D_R,D_A,D_S,D_N,Oc_R,Oc_A,Oc_S,Oc_N,Od_R,Od_A,Od_S,Od_N
0.0,0.0,0.0,0.0,1.0,0.0,0.0,0.0,0.0,0.0,0.0,0.0,0.0,0.0,0.0,0.0
0.0,0.0,0.5,0.0,0.5,0.0,0.0,0.0,0.0,0.0,0.0,0.0,0.0,0.0,0.0,0.0
0.5,0.0,0.25,0.0,0.25,0.0,0.0,0.0,0.0,0.0,0.0,0.0,0.0,0.0,0.0,0.0
0.5,0.0,0.16666666666666666,0.0,0.16666666666666666,0.0,0.0,0.0,0.0,0.0,0.0,0.16666666666666666,0.0,0.0,0.0,0.0
0.5,0.0,0.125,0.0,0.125,0.0,0.0,0.125,0.0,0.0,0.0,0.125,0.0,0.0,0.0,0.0
0.5,0.0,0.0,0.0,0.1,0.0,0.0,0.1,0.0,0.0,0.1,0.1,0.0,0.1,0.0,0.0
0.5833333333333334,0.0,0.0,0.0,0.08333333333333333,0.0,0.0,0.08333333333333333,0.0,0.0,0.0,0.08333333333333333,0.0,0.08333333333333333,0.0,0.08333333333333333
0.625,0.0,0.0,0.0,0.0625,0.0,0.0,0.0625,0.0,0.0,0.0,0.0625,0.0,0.125,0.0,0.0625
0.6818181818181818,0.0,0.0,0.0,0.045454545454545456,0.0,0.0,0.045454545454545456,0.045454545454545456,0.0,0.0,0.045454545454545456,0.0,0.09090909090909091,0.0,0.045454545454545456
0.7037037037037037,0.0,0.0,0.037037037037037035,0.037037037037037035,0.0,0.0,0.037037037037037035,0.037037037037037035,0.0,0.0,0.037037037037037035,0.0,0.07407407407407407,0.0,0.037037037037037035
0.75,0.0,0.027777777777777776,0.05555555555555555,0.027777777777777776,0.0,0.0,0.027777777777777776,0.0,0.0,0.0,0.027777777777777776,0.0,0.05555555555555555,0.0,0.027777777777777776
0.7674418604651163,0.0,0.023255813953488372,0.046511627906976744,0.023255813953488372,0.0,0.0,0.023255813953488372,0.0,0.0,0.0,0.023255813953488372,0.0,0.046511627906976744,0.0,0.046511627906976744
0.76,0.0,0.02,0.06,0.04,0.0,0.0,0.02,0.0,0.0,0.0,0.02,0.0,0.04,0.0,0.04
0.7966101694915254,0.0,0.01694915254237288,0.06779661016949153,0.01694915254237288,0.0,0.0,0.0,0.0,0.01694915254237288,0.0,0.01694915254237288,0.0,0.03389830508474576,0.0,0.03389830508474576
0.7936507936507936,0.0,0.015873015873015872,0.07936507936507936,0.015873015873015872,0.015873015873015872,0.0,0.0,0.0,0.015873015873015872,0.0,0.0,0.0,0.031746031746031744,0.0,0.031746031746031744
0.8028169014084507,0.0,0.014084507042253521,0.08450704225352113,0.04225352112676056,0.0,0.0,0.0,0.0,0.014084507042253521,0.0,0.0,0.0,0.014084507042253521,0.0,0.028169014084507043
0.8,0.0,0.011111111111111112,0.1111111111111111,0.03333333333333333,0.0,0.011111111111111112,0.0,0.0,0.011111111111111112,0.0,0.0,0.0,0.0,0.0,0.022222222222222223
0.8247422680412371,0.0,0.010309278350515464,0.09278350515463918,0.020618556701030927,0.0,0.010309278350515464,0.0,0.0,0.020618556701030927,0.0,0.0,0.0,0.0,0.0,0.020618556701030927
0.819047619047619,0.0,0.009523809523809525,0.10476190476190476,0.01904761904761905,0.0,0.009523809523809525,0.0,0.0,0.009523809523809525,0.0,0.0,0.0,0.0,0.0,0.02857142857142857
0.8015873015873016,0.0,0.007936507936507936,0.1349206349206349,0.015873015873015872,0.0,0.007936507936507936,0.007936507936507936,0.0,0.0,0.0,0.0,0.0,0.0,0.0,0.023809523809523808
0.7647058823529411,0.0,0.006535947712418301,0.17647058823529413,0.013071895424836602,0.0,0.006535947712418301,0.006535947712418301,0.0,0.0,0.006535947712418301,0.0,0.0,0.0,0.0,0.0196078431372549
0.7457627118644068,0.0,0.005649717514124294,0.2033898305084746,0.005649717514124294,0.0,0.005649717514124294,0.005649717514124294,0.0,0.0,0.005649717514124294,0.005649717514124294,0.0,0.0,0.0,0.01694915254237288
0.695,0.0,0.005,0.235,0.01,0.005,0.005,0.005,0.005,0.0,0.005,0.005,0.0,0.0,0.005,0.02
0.7096774193548387,0.0,0.004608294930875576,0.21658986175115208,0.013824884792626729,0.004608294930875576,0.004608294930875576,0.013824884792626729,0.009216589861751152,0.0,0.004608294930875576,0.0,0.0,0.004608294930875576,0.004608294930875576,0.009216589861751152
0.7068273092369478,0.0,0.004016064257028112,0.22088353413654618,0.012048192771084338,0.004016064257028112,0.008032128514056224,0.012048192771084338,0.012048192771084338,0.004016064257028112,0.004016064257028112,0.004016064257028112,0.0,0.0,0.004016064257028112,0.004016064257028112
0.7078651685393258,0.0,0.003745318352059925,0.2209737827715356,0.011235955056179775,0.011235955056179775,0.00749063670411985,0.011235955056179775,0.00749063670411985,0.003745318352059925,0.003745318352059925,0.003745318352059925,0.0,0.0,0.003745318352059925,0.003745318352059925
0.7023411371237458,0.0,0.0033444816053511705,0.2408026755852843,0.010033444816053512,0.010033444816053512,0.006688963210702341,0.006688963210702341,0.006688963210702341,0.0,0.0033444816053511705,0.006688963210702341,0.0,0.0,0.0033444816053511705,0.0
0.7087087087087087,0.003003003003003003,0.003003003003003003,0.23723723723723725,0.009009009009009009,0.006006006006006006,0.003003003003003003,0.006006006006006006,0.006006006006006006,0.0,0.006006006006006006,0.006006006006006006,0.006006006006006006,0.0,0.0,0.0
0.6991643454038997,0.002785515320334262,0.002785515320334262,0.25348189415041783,0.008356545961002786,0.002785515320334262,0.002785515320334262,0.002785515320334262,0.005571030640668524,0.0,0.002785515320334262,0.005571030640668524,0.005571030640668524,0.002785515320334262,0.002785515320334262,0.0
0.6856435643564357,0.0024752475247524753,0.0024752475247524753,0.2698019801980198,0.007425742574257425,0.0024752475247524753,0.0024752475247524753,0.0024752475247524753,0.0049504950495049506,0.0,0.0024752475247524753,0.0024752475247524753,0.0049504950495049506,0.007425742574257425,0.0024752475247524753,0.0
0.680089485458613,0.0022371364653243847,0.0022371364653243847,0.2684563758389262,0.0044742729306487695,0.0022371364653243847,0.0022371364653243847,0.0044742729306487695,0.0044742729306487695,0.0022371364653243847,0.0022371364653243847,0.008948545861297539,0.008948545861297539,0.0022371364653243847,0.0044742729306487695,0.0
0.6734279918864098,0.002028397565922921,0.002028397565922921,0.2738336713995943,0.004056795131845842,0.002028397565922921,0.002028397565922921,0.004056795131845842,0.006085192697768763,0.002028397565922921,0.004056795131845842,0.008113590263691683,0.010141987829614604,0.002028397565922921,0.004056795131845842,0.0
0.6567717996289425,0.0037105751391465678,0.0018552875695732839,0.2894248608534323,0.0037105751391465678,0.0018552875695732839,0.0037105751391465678,0.0055658627087198514,0.0055658627087198514,0.0018552875695732839,0.0018552875695732839,0.0055658627087198514,0.00927643784786642,0.0037105751391465678,0.0037105751391465678,0.0018552875695732839
0.6372881355932203,0.003389830508474576,0.001694915254237288,0.30677966101694915,0.005084745762711864,0.001694915254237288,0.006779661016949152,0.005084745762711864,0.001694915254237288,0.001694915254237288,0.001694915254237288,0.005084745762711864,0.010169491525423728,0.005084745762711864,0.003389830508474576,0.003389830508474576
0.634703196347032,0.0030441400304414,0.0015220700152207,0.3074581430745814,0.0060882800608828,0.0015220700152207,0.0030441400304414,0.0060882800608828,0.0030441400304414,0.0030441400304414,0.0015220700152207,0.0045662100456621,0.0091324200913242,0.0076103500761035,0.0045662100456621,0.0030441400304414
0.6319444444444444,0.004166666666666667,0.001388888888888889,0.3055555555555556,0.005555555555555556,0.001388888888888889,0.002777777777777778,0.005555555555555556,0.004166666666666667,0.002777777777777778,0.001388888888888889,0.004166666666666667,0.0125,0.008333333333333333,0.004166666666666667,0.004166666666666667
0.6261319534282018,0.0038809831824062097,0.00258732212160414,0.3040103492884864,0.00517464424320828,0.00258732212160414,0.00258732212160414,0.00517464424320828,0.00258732212160414,0.00258732212160414,0.00129366106080207,0.00258732212160414,0.018111254851228976,0.01034928848641656,0.00646830530401035,0.0038809831824062097
0.6131736526946108,0.004790419161676647,0.0023952095808383233,0.3137724550898204,0.0023952095808383233,0.0023952095808383233,0.0023952095808383233,0.004790419161676647,0.0023952095808383233,0.0023952095808383233,0.0011976047904191617,0.005988023952095809,0.02035928143712575,0.010778443113772455,0.00718562874251497,0.003592814371257485
0.6006528835690969,0.004352557127312296,0.002176278563656148,0.32861806311207836,0.002176278563656148,0.003264417845484222,0.002176278563656148,0.003264417845484222,0.001088139281828074,0.003264417845484222,0.003264417845484222,0.004352557127312296,0.01958650707290533,0.008705114254624592,0.008705114254624592,0.004352557127312296
0.5945121951219512,0.003048780487804878,0.0040650406504065045,0.33739837398373984,0.0020325203252032522,0.003048780487804878,0.0020325203252032522,0.0040650406504065045,0.0010162601626016261,0.003048780487804878,0.0040650406504065045,0.00508130081300813,0.017276422764227643,0.008130081300813009,0.007113821138211382,0.0040650406504065045
0.5921680993314231,0.004775549188156638,0.0038204393505253103,0.3333333333333333,0.0009551098376313276,0.0057306590257879654,0.0019102196752626551,0.0028653295128939827,0.0019102196752626551,0.0038204393505253103,0.004775549188156638,0.0066857688634192934,0.019102196752626553,0.007640878701050621,0.0066857688634192934,0.0038204393505253103
0.5766816143497758,0.006278026905829596,0.004484304932735426,0.34618834080717487,0.0026905829596412557,0.006278026905829596,0.003587443946188341,0.0026905829596412557,0.0017937219730941704,0.003587443946188341,0.003587443946188341,0.006278026905829596,0.021524663677130046,0.0053811659192825115,0.007174887892376682,0.0017937219730941704
0.577345731191885,0.006762468300929839,0.00422654268808115,0.3440405748098056,0.0033812341504649195,0.006762468300929839,0.0033812341504649195,0.00253592561284869,0.0016906170752324597,0.00422654268808115,0.00422654268808115,0.006762468300929839,0.02282333051563821,0.0033812341504649195,0.006762468300929839,0.0016906170752324597
0.5748792270531401,0.008051529790660225,0.00322061191626409,0.3413848631239936,0.00322061191626409,0.00644122383252818,0.004025764895330112,0.00322061191626409,0.001610305958132045,0.005636070853462158,0.004830917874396135,0.004830917874396135,0.027375201288244767,0.004025764895330112,0.005636070853462158,0.001610305958132045
0.5609756097560976,0.007621951219512195,0.003048780487804878,0.34603658536585363,0.003048780487804878,0.006097560975609756,0.005335365853658537,0.004573170731707317,0.0022865853658536584,0.007621951219512195,0.004573170731707317,0.006097560975609756,0.027439024390243903,0.005335365853658537,0.005335365853658537,0.004573170731707317
0.54644412191582,0.006531204644412192,0.002902757619738752,0.3613933236574746,0.00362844702467344,0.005805515239477504,0.0043541364296081275,0.0050798258345428155,0.001451378809869376,0.00725689404934688,0.0043541364296081275,0.005805515239477504,0.031204644412191583,0.0050798258345428155,0.005805515239477504,0.002902757619738752
0.5406162464985994,0.0063025210084033615,0.0014005602240896359,0.3599439775910364,0.0035014005602240898,0.0070028011204481795,0.0056022408963585435,0.004201680672268907,0.0014005602240896359,0.008403361344537815,0.004201680672268907,0.0063025210084033615,0.03571428571428571,0.004201680672268907,0.0056022408963585435,0.0056022408963585435
0.5427989130434783,0.006793478260869565,0.001358695652173913,0.3641304347826087,0.0033967391304347825,0.006114130434782609,0.004755434782608696,0.004076086956521739,0.001358695652173913,0.008831521739130434,0.002717391304347826,0.005434782608695652,0.036684782608695655,0.0033967391304347825,0.004076086956521739,0.004076086956521739
0.53915857605178,0.005825242718446602,0.0012944983818770227,0.3618122977346278,0.003236245954692557,0.006472491909385114,0.005177993527508091,0.005177993527508091,0.001941747572815534,0.009061488673139158,0.003236245954692557,0.004530744336569579,0.041423948220064725,0.004530744336569579,0.003236245954692557,0.003883495145631068
0.5372307692307692,0.005538461538461538,0.003076923076923077,0.3569230769230769,0.003076923076923077,0.004923076923076923,0.00676923076923077,0.0036923076923076922,0.0024615384615384616,0.010461538461538461,0.003076923076923077,0.004923076923076923,0.04492307692307692,0.005538461538461538,0.0036923076923076922,0.0036923076923076922
0.5364120781527532,0.0053285968028419185,0.003552397868561279,0.35168738898756663,0.002960331557134399,0.0053285968028419185,0.007104795737122558,0.003552397868561279,0.002960331557134399,0.009473060982830076,0.003552397868561279,0.004736530491415038,0.04914150384843102,0.005920663114268798,0.0041444641799881585,0.0041444641799881585
0.5382436260623229,0.0050991501416430595,0.00396600566572238,0.345042492917847,0.00396600566572238,0.006232294617563739,0.0073654390934844195,0.0028328611898017,0.0022662889518413596,0.01076487252124646,0.0033994334277620396,0.00396600566572238,0.054390934844192634,0.0050991501416430595,0.00396600566572238,0.0033994334277620396
0.5317371937639198,0.006124721603563474,0.004454342984409799,0.34743875278396436,0.004454342984409799,0.005567928730512249,0.0077951002227171495,0.0016703786191536749,0.0027839643652561247,0.008351893095768375,0.0038975501113585748,0.0033407572383073497,0.05679287305122494,0.0066815144766146995,0.005011135857461025,0.0038975501113585748
0.5289972899728997,0.004878048780487805,0.0032520325203252032,0.34092140921409214,0.004878048780487805,0.005420054200542005,0.008130081300813009,0.002168021680216802,0.0032520325203252032,0.008130081300813009,0.005420054200542005,0.003794037940379404,0.06233062330623306,0.0065040650406504065,0.005962059620596206,0.005962059620596206
0.5296899632159747,0.005254860746190226,0.004729374671571204,0.3426169206516027,0.0036784025223331584,0.004203888596952181,0.006305832895428271,0.002627430373095113,0.0036784025223331584,0.006831318970047294,0.005254860746190226,0.004203888596952181,0.06410930110352075,0.005780346820809248,0.005780346820809248,0.005254860746190226
0.5325808106721396,0.004104669061056952,0.004617752693689072,0.3401744484350949,0.0035915854284248334,0.004104669061056952,0.0061570035915854285,0.002052334530528476,0.0035915854284248334,0.007183170856849667,0.004617752693689072,0.004617752693689072,0.0672139558748076,0.005643919958953309,0.004617752693689072,0.00513083632632119
0.5199595755432036,0.0035371399696816574,0.00404244567963618,0.34562910560889337,0.0035371399696816574,0.00404244567963618,0.006568974229408792,0.00202122283981809,0.004547751389590703,0.007579585649317837,0.004547751389590703,0.005053057099545225,0.0717534108135422,0.00606366851945427,0.005053057099545225,0.00606366851945427
0.5112331502745882,0.0044932601098352475,0.004992511233150275,0.34847728407388917,0.004992511233150275,0.003494757863205192,0.005991013479780329,0.0029955067398901645,0.0044932601098352475,0.008487269096355467,0.0044932601098352475,0.006989515726410384,0.0708936595107339,0.006490264603095357,0.004992511233150275,0.006490264603095357
0.5075720566682951,0.004396678065461651,0.00537371763556424,0.3463605276013679,0.00537371763556424,0.004396678065461651,0.004885197850512946,0.0029311187103077674,0.004885197850512946,0.007816316560820713,0.00537371763556424,0.0073277967757694185,0.07376648754274548,0.007816316560820713,0.004885197850512946,0.006839276990718124
0.5033914728682171,0.005329457364341085,0.006298449612403101,0.34593023255813954,0.0048449612403100775,0.0048449612403100775,0.0048449612403100775,0.0029069767441860465,0.005329457364341085,0.008236434108527133,0.0048449612403100775,0.007267441860465116,0.07848837209302326,0.006782945736434108,0.0048449612403100775,0.005813953488372093
0.505730659025788,0.0052531041069723014,0.0071633237822349575,0.3347659980897803,0.004775549188156638,0.0057306590257879654,0.004775549188156638,0.002387774594078319,0.004775549188156638,0.01002865329512894,0.0062082139446036294,0.008118433619866285,0.08166189111747851,0.008118433619866285,0.004775549188156638,0.0057306590257879654
0.5004699248120301,0.004699248120300752,0.007048872180451127,0.3341165413533835,0.005169172932330827,0.006578947368421052,0.004699248120300752,0.002819548872180451,0.006109022556390977,0.009398496240601503,0.0042293233082706765,0.007518796992481203,0.08693609022556391,0.008458646616541353,0.004699248120300752,0.007048872180451127
0.4929444967074318,0.004703668861712135,0.00799623706491063,0.3367826904985889,0.004703668861712135,0.008936970837253057,0.0061147695202257765,0.0028222013170272815,0.004703668861712135,0.008936970837253057,0.0042333019755409216,0.007525870178739417,0.08701787394167451,0.010348071495766699,0.0037629350893697085,0.008466603951081843
0.4944547134935305,0.005083179297597043,0.0073937153419593345,0.333641404805915,0.005545286506469501,0.00878003696857671,0.006469500924214418,0.0027726432532347504,0.005545286506469501,0.010166358595194085,0.0046210720887245845,0.0073937153419593345,0.08641404805914972,0.009704251386321626,0.0036968576709796672,0.00831792975970425
0.4869524697110904,0.0065237651444548,0.007455731593662628,0.3336439888164026,0.003727865796831314,0.007921714818266543,0.0060577819198508855,0.0027958993476234857,0.0060577819198508855,0.0097856477166822,0.005125815470643057,0.009319664492078284,0.09086672879776328,0.0097856477166822,0.003727865796831314,0.010251630941286114
0.4828226555246054,0.0064995357474466105,0.006963788300835654,0.3361188486536676,0.004178272980501393,0.01021355617455896,0.0064995357474466105,0.002321262766945218,0.0060352831940575676,0.009749303621169917,0.004178272980501393,0.008820798514391829,0.0914577530176416,0.010677808727948004,0.002785515320334262,0.010677808727948004
0.48601558917927556,0.005960568546538285,0.0068775790921595595,0.3328748280605227,0.0036680421824850985,0.01054562127464466,0.007794589637780834,0.002751031636863824,0.005960568546538285,0.009170105456212746,0.0041265474552957355,0.010087116001834021,0.0921595598349381,0.009170105456212746,0.002751031636863824,0.010087116001834021
0.4839890210430009,0.006404391582799634,0.006404391582799634,0.3298261665141812,0.0054894784995425435,0.011893870082342177,0.008234217749313814,0.004117108874656907,0.005946935041171089,0.009149130832570906,0.0027447392497712718,0.00869167429094236,0.09560841720036596,0.008234217749313814,0.0022872827081427266,0.010978956999085087
0.4802002730996814,0.007282658170232135,0.005917159763313609,0.32726445152480654,0.005917159763313609,0.013199817933545745,0.00864815657715066,0.0036413290851160674,0.005461993627674101,0.010013654984069186,0.0036413290851160674,0.01137915339098771,0.09604005461993628,0.008192990441511151,0.002275830678197542,0.010923987255348202
0.48495897903372837,0.007292616226071103,0.006381039197812215,0.3236098450319052,0.007292616226071103,0.012306289881494986,0.008204193254329991,0.0054694621695533276,0.0054694621695533276,0.010027347310847767,0.0036463081130355514,0.013217866909753875,0.09070191431175935,0.008204193254329991,0.0018231540565177757,0.011394712853236098
0.4936993699369937,0.0067506750675067504,0.0063006300630063005,0.3190819081908191,0.0063006300630063005,0.013051305130513051,0.009000900090009001,0.0054005400540054005,0.0054005400540054005,0.009450945094509451,0.0049504950495049506,0.013051305130513051,0.08730873087308731,0.00765076507650765,0.0013501350135013501,0.011251125112511251
0.49394890183774093,0.00582698341550874,0.0062752129090094125,0.3151053339309727,0.0062752129090094125,0.012550425818018825,0.008516360376512775,0.0062752129090094125,0.004930524428507396,0.008964589870013447,0.003585835948005379,0.013895114298520844,0.09099058718063649,0.008068130883012102,0.002689376961004034,0.012102196324518153
0.4914645103324349,0.005840071877807727,0.005840071877807727,0.31626235399820307,0.005840071877807727,0.012578616352201259,0.008984725965858042,0.0071877807726864335,0.005390835579514825,0.009433962264150943,0.0035938903863432167,0.015723270440251572,0.08849955076370171,0.008535489667565139,0.0031446540880503146,0.011680143755615454
0.49331550802139035,0.004901960784313725,0.005793226381461676,0.31506238859180036,0.004901960784313725,0.011586452762923352,0.008467023172905526,0.007575757575757576,0.004010695187165776,0.010249554367201427,0.004010695187165776,0.016042780748663103,0.09090909090909091,0.008467023172905526,0.0031194295900178253,0.011586452762923352
0.48957871396895786,0.005321507760532151,0.006208425720620843,0.31574279379157427,0.004878048780487805,0.010643015521064302,0.007982261640798226,0.0066518847006651885,0.0031042128603104213,0.011086474501108648,0.004434589800443459,0.015521064301552107,0.09401330376940133,0.00975609756097561,0.0031042128603104213,0.01197339246119734
0.49047408063801506,0.006202924235711121,0.007532122286220647,0.31679220203810365,0.003987594151528578,0.010633584404076208,0.007089056269384138,0.00664599025254763,0.0031014621178555605,0.00974745237040319,0.004873726185201595,0.015507310589277802,0.09038546743464776,0.010633584404076208,0.0031014621178555605,0.01329198050509526
0.4977638640429338,0.006708407871198569,0.007602862254025045,0.3027728085867621,0.004472271914132379,0.012075134168157423,0.006261180679785331,0.006708407871198569,0.004025044722719142,0.009838998211091235,0.004919499105545617,0.016547406082289804,0.09481216457960644,0.008944543828264758,0.0031305903398926656,0.013416815742397137
0.4875555555555556,0.006666666666666667,0.007555555555555556,0.3048888888888889,0.005333333333333333,0.012888888888888889,0.006222222222222222,0.007555555555555556,0.004888888888888889,0.010222222222222223,0.0044444444444444444,0.017333333333333333,0.09822222222222222,0.009333333333333334,0.0035555555555555557,0.013333333333333334
0.4904825143868969,0.005754758742806552,0.007082779991146525,0.2979194333776007,0.005312084993359893,0.01239486498450642,0.004869411243913236,0.007525453740593183,0.004426737494466578,0.01018149623727313,0.006640106241699867,0.017706949977866312,0.10402833111996458,0.008853474988933156,0.004869411243913236,0.01195219123505976
0.4882483370288248,0.007095343680709534,0.0066518847006651885,0.2975609756097561,0.005764966740576497,0.013303769401330377,0.003991130820399113,0.007095343680709534,0.004434589800443459,0.010199556541019957,0.007095343680709534,0.016407982261640797,0.10554323725055433,0.008869179600886918,0.005764966740576497,0.01197339246119734
0.48731642189586116,0.006230529595015576,0.006230529595015576,0.2999554962171785,0.004450378282153983,0.013796172674677348,0.0035603026257231864,0.0075656430796617715,0.004005340453938585,0.010680907877169559,0.006675567423230975,0.01824655095683133,0.102803738317757,0.010235870048954161,0.005785491766800178,0.012461059190031152
0.48779405237461165,0.006657789613848202,0.006657789613848202,0.29649356413670663,0.004882379050155349,0.011984021304926764,0.0039946737683089215,0.007989347536617843,0.004438526409232135,0.010208610741233911,0.007101642254771416,0.018641810918774968,0.10386151797603196,0.010208610741233911,0.005326231691078562,0.013759431868619618
0.4903370786516854,0.006292134831460674,0.005842696629213483,0.29168539325842696,0.0044943820224719105,0.010337078651685393,0.004943820224719101,0.008988764044943821,0.004943820224719101,0.010786516853932584,0.006741573033707865,0.017977528089887642,0.10876404494382022,0.009887640449438202,0.005842696629213483,0.012134831460674157
0.4893327280980481,0.005901044030866999,0.005901044030866999,0.29550612800726284,0.003631411711302769,0.009532455742169769,0.004993191103041307,0.009986382206082615,0.004539264639128461,0.01044030866999546,0.005447117566954153,0.01861098502042669,0.10985020426690877,0.009078529278256923,0.004993191103041307,0.012256014525646845
0.4930957683741648,0.005345211581291759,0.0062360801781737195,0.288641425389755,0.004008908685968819,0.009799554565701559,0.005790645879732739,0.010690423162583519,0.004899777282850779,0.011135857461024499,0.004454342984409799,0.0200445434298441,0.1091314031180401,0.009354120267260579,0.004008908685968819,0.013363028953229399
0.49270234409553293,0.005749668288367979,0.005307386112339673,0.2914639540026537,0.005307386112339673,0.010172490048651039,0.006191950464396285,0.011499336576735958,0.005307386112339673,0.010614772224679346,0.004865103936311367,0.018575851393188854,0.10437859354268023,0.010172490048651039,0.003980539584254755,0.013710747456877488
0.4895136099955377,0.006247211066488175,0.0049085229808121375,0.2927264614011602,0.005800981704596163,0.010263275323516287,0.006693440428380187,0.01249442213297635,0.0035698348951361,0.0107095046854083,0.006247211066488175,0.018741633199464525,0.10531012940651495,0.0107095046854083,0.0035698348951361,0.01249442213297635
0.48440285204991085,0.006238859180035651,0.004456327985739751,0.2905525846702317,0.006238859180035651,0.012032085561497326,0.006238859180035651,0.012923351158645277,0.0053475935828877,0.0106951871657754,0.0071301247771836,0.0196078431372549,0.11051693404634581,0.00980392156862745,0.0031194295900178253,0.0106951871657754
0.4847942754919499,0.005813953488372093,0.004472271914132379,0.2911449016100179,0.004919499105545617,0.011180679785330949,0.006708407871198569,0.014758497316636851,0.006261180679785331,0.010286225402504472,0.007155635062611807,0.019230769230769232,0.10822898032200358,0.009838998211091235,0.0035778175313059034,0.011627906976744186
0.4891256102973813,0.006657789613848202,0.005326231691078562,0.29027962716378164,0.004438526409232135,0.010652463382157125,0.008433200177541057,0.015090989791389259,0.006657789613848202,0.010208610741233911,0.006213936972924989,0.018641810918774968,0.1020861074123391,0.009764758100310697,0.0039946737683089215,0.012427873945849977
0.4837849844513549,0.006663705019991115,0.006219458018658374,0.2923145268769436,0.00444247001332741,0.00888494002665482,0.009329187027987561,0.015104398045313194,0.005775211017325633,0.011106175033318524,0.007107952021323856,0.016437139049311416,0.10528653931585961,0.009329187027987561,0.00444247001332741,0.013771657041314972
0.4847806624888093,0.007162041181736795,0.005371530886302597,0.28782452999104746,0.004476275738585497,0.008504923903312443,0.008952551477170993,0.01611459265890779,0.006266786034019696,0.012085944494180842,0.007162041181736795,0.01566696508504924,0.10653536257833482,0.010295434198746643,0.004923903312444047,0.01387645478961504
0.48720251459362374,0.00673551863493489,0.00673551863493489,0.2882801975752133,0.00449034575662326,0.009429726088908847,0.007184553210597216,0.017512348450830714,0.00673551863493489,0.012123933542882801,0.007184553210597216,0.01571621014818141,0.10417602155365963,0.009429726088908847,0.004939380332285586,0.012123933542882801
0.4888492417484389,0.006244424620874219,0.006690454950936664,0.2872435325602141,0.004014272970561998,0.01159678858162355,0.007136485280999108,0.0191793041926851,0.005798394290811775,0.010704727921498661,0.007582515611061552,0.015611061552185548,0.1048171275646744,0.008920606601248885,0.004014272970561998,0.01159678858162355
0.48596881959910915,0.0066815144766146995,0.0062360801781737195,0.289532293986637,0.0035634743875278397,0.012026726057906459,0.0075723830734966595,0.018708240534521157,0.005790645879732739,0.010244988864142539,0.0062360801781737195,0.014253897550111359,0.1064587973273942,0.010244988864142539,0.004454342984409799,0.012026726057906459
0.4790552584670232,0.005793226381461676,0.006238859180035651,0.2927807486631016,0.0035650623885918,0.012032085561497326,0.0071301247771836,0.02094474153297683,0.004901960784313725,0.008467023172905526,0.006238859180035651,0.013814616755793227,0.11007130124777184,0.010249554367201427,0.004456327985739751,0.0142602495543672
0.48553627058299953,0.004450378282153983,0.006230529595015576,0.28526924788607033,0.004005340453938585,0.011570983533600357,0.006675567423230975,0.02091677792612372,0.0053404539385847796,0.008900756564307966,0.006230529595015576,0.013796172674677348,0.11303960836671118,0.008900756564307966,0.0053404539385847796,0.013796172674677348
0.481858407079646,0.003982300884955752,0.007079646017699115,0.28805309734513274,0.003982300884955752,0.01327433628318584,0.00663716814159292,0.021238938053097345,0.005752212389380531,0.009292035398230088,0.005752212389380531,0.01327433628318584,0.11504424778761062,0.007964601769911504,0.0048672566371681415,0.011946902654867256
0.47363757199822776,0.004430660168365086,0.007975188303057155,0.2928666371289322,0.004873726185201595,0.014621178555604785,0.007089056269384138,0.022153300841825433,0.005316792202038104,0.00930438635356668,0.006202924235711121,0.01329198050509526,0.1129818342933097,0.008418254319893664,0.003987594151528578,0.01284891448825875
0.47518050541516244,0.004512635379061372,0.007671480144404332,0.29287003610108303,0.005415162454873646,0.01444043321299639,0.0058664259927797835,0.021209386281588447,0.005415162454873646,0.010379061371841155,0.0058664259927797835,0.01263537906137184,0.11326714801444043,0.007671480144404332,0.004963898916967509,0.01263537906137184
0.4801980198019802,0.004050405040504051,0.00765076507650765,0.28802880288028804,0.0058505850585058505,0.01395139513951395,0.00765076507650765,0.020702070207020702,0.0054005400540054005,0.011701170117011701,0.0058505850585058505,0.013501350135013501,0.1116111611161116,0.0072007200720072,0.004500450045004501,0.012151215121512151
0.4885906040268456,0.0035794183445190158,0.0071588366890380315,0.2854586129753915,0.006263982102908278,0.014317673378076063,0.006711409395973154,0.020134228187919462,0.0044742729306487695,0.012080536912751677,0.004921700223713647,0.009843400447427294,0.11275167785234899,0.007606263982102908,0.004921700223713647,0.011185682326621925
0.4846325167037862,0.0035634743875278397,0.0075723830734966595,0.2846325167037862,0.005790645879732739,0.013808463251670379,0.008017817371937639,0.023162583518930958,0.004454342984409799,0.011581291759465479,0.004454342984409799,0.009354120267260579,0.11536748329621381,0.0075723830734966595,0.004899777282850779,0.011135857461024499
0.4861853832442068,0.004901960784313725,0.0066844919786096255,0.28431372549019607,0.0053475935828877,0.013368983957219251,0.0071301247771836,0.021836007130124777,0.004456327985739751,0.011586452762923352,0.0035650623885918,0.011140819964349376,0.11586452762923351,0.0071301247771836,0.005793226381461676,0.0106951871657754
0.48524150268336314,0.006261180679785331,0.006261180679785331,0.2839892665474061,0.004472271914132379,0.012522361359570662,0.00849731663685152,0.02191413237924866,0.004919499105545617,0.01073345259391771,0.0031305903398926656,0.01073345259391771,0.11717352415026834,0.007602862254025045,0.005813953488372093,0.01073345259391771
0.482007996446024,0.006663705019991115,0.006219458018658374,0.28698356286095067,0.0053309640159928924,0.011994669035984007,0.007996446023989337,0.019991115059973346,0.004886717014660151,0.011106175033318524,0.003109729009329187,0.011106175033318524,0.1181697023545091,0.006663705019991115,0.007107952021323856,0.010661928031985785
0.4800708591674048,0.007971656333038087,0.006200177147918512,0.2865367581930912,0.0044286979627989375,0.012843224092116917,0.0070859167404783,0.021257750221434897,0.005314437555358724,0.011957484499557131,0.00354295837023915,0.011957484499557131,0.11514614703277236,0.0070859167404783,0.007528786536758193,0.011071744906997343
0.4834144183989385,0.007076514816452897,0.006191950464396285,0.28084918177797435,0.005749668288367979,0.013268465280849183,0.007076514816452897,0.020787262273330383,0.004865103936311367,0.012826183104820876,0.0035382574082264487,0.010614772224679346,0.11853162317558602,0.007076514816452897,0.006634232640424591,0.011499336576735958
0.48113626276076343,0.006657789613848202,0.006657789613848202,0.27785175321793165,0.005326231691078562,0.013759431868619618,0.006657789613848202,0.019973368841544607,0.005326231691078562,0.013315579227696404,0.003550821127385708,0.010208610741233911,0.12294718153573014,0.007101642254771416,0.006213936972924989,0.013315579227696404
0.48487544483985767,0.005338078291814947,0.0066725978647686835,0.2802491103202847,0.004893238434163701,0.01201067615658363,0.005782918149466192,0.02001779359430605,0.006227758007117438,0.012455516014234875,0.0026690391459074734,0.01201067615658363,0.11921708185053381,0.0071174377224199285,0.0066725978647686835,0.013790035587188613
0.48997772828507796,0.004899777282850779,0.0075723830734966595,0.2739420935412027,0.004899777282850779,0.012026726057906459,0.0062360801781737195,0.018708240534521157,0.0062360801781737195,0.013363028953229399,0.0031180400890868597,0.013808463251670379,0.11893095768374165,0.0071269487750556795,0.005790645879732739,0.013363028953229399
0.4885393258426966,0.005393258426966292,0.0071910112359550565,0.27775280898876403,0.005393258426966292,0.01303370786516854,0.006292134831460674,0.01752808988764045,0.005842696629213483,0.011685393258426966,0.0035955056179775282,0.014382022471910113,0.11775280898876404,0.0071910112359550565,0.004943820224719101,0.01348314606741573
0.4907161803713528,0.005305039787798408,0.007515473032714412,0.27011494252873564,0.006631299734748011,0.013704686118479222,0.007515473032714412,0.01856763925729443,0.005747126436781609,0.010610079575596816,0.003978779840848806,0.01282051282051282,0.1206896551724138,0.007515473032714412,0.004862953138815208,0.013704686118479222
0.49428320140721194,0.005277044854881266,0.006596306068601583,0.26649076517150394,0.005716798592788039,0.014951627088830254,0.007036059806508356,0.019349164467897976,0.006156552330694811,0.011433597185576077,0.003518029903254178,0.014951627088830254,0.12049252418645559,0.007475813544415127,0.0043975373790677225,0.011873350923482849
0.49041462327240304,0.005349977708426215,0.007133303611234953,0.27017387427552386,0.005349977708426215,0.012483281319661168,0.008470798038341507,0.01961658493089612,0.004458314757021846,0.0115916183682568,0.004458314757021846,0.016049933125278644,0.11992866696388765,0.008024966562639322,0.004012483281319661,0.012483281319661168
0.4915102770330652,0.004468275245755138,0.0071492403932082215,0.2712243074173369,0.005361930294906166,0.01385165326184093,0.007596067917783735,0.0160857908847185,0.004915102770330653,0.012957998212689902,0.004915102770330653,0.015638963360142984,0.1193029490616622,0.00804289544235925,0.004021447721179625,0.012957998212689902
0.49065836298932386,0.00400355871886121,0.0071174377224199285,0.26912811387900354,0.004893238434163701,0.014679715302491103,0.007562277580071174,0.01601423487544484,0.005338078291814947,0.014234875444839857,0.004893238434163701,0.015124555160142349,0.12099644128113879,0.008896797153024912,0.004893238434163701,0.011565836298932384
0.4923211935059236,0.003949100482667837,0.006581834137779728,0.27161035541904344,0.004387889425186486,0.013163668275559455,0.007459412022817025,0.014480035103115402,0.005704256252742431,0.013602457218078104,0.005704256252742431,0.015796401930671347,0.12022817025010969,0.009214567792891619,0.003949100482667837,0.01184730144800351
0.48623445825932504,0.004440497335701598,0.0053285968028419185,0.2713143872113677,0.004884547069271759,0.015985790408525755,0.007548845470692718,0.014209591474245116,0.0066607460035523975,0.013765541740674956,0.006216696269982238,0.016429840142095916,0.12033747779751332,0.009769094138543518,0.003996447602131439,0.012877442273534635
0.483325922632281,0.004001778568252557,0.005780346820809248,0.2796798577145398,0.004891062694530902,0.016896398399288574,0.006224988883948421,0.013783903957314362,0.006669630947087594,0.01200533570475767,0.005780346820809248,0.014228546020453535,0.1200533570475767,0.010226767452200978,0.004001778568252557,0.012449977767896843
0.48741007194244607,0.0044964028776978415,0.006294964028776978,0.2778776978417266,0.006294964028776978,0.014838129496402877,0.006294964028776978,0.01393884892086331,0.006294964028776978,0.011241007194244604,0.0049460431654676255,0.013489208633093525,0.11780575539568346,0.010341726618705036,0.0049460431654676255,0.013489208633093525
0.4946091644204852,0.004043126684636119,0.005840071877807727,0.27358490566037735,0.006738544474393531,0.011680143755615454,0.006738544474393531,0.013477088948787063,0.006738544474393531,0.01078167115902965,0.004941599281221923,0.012578616352201259,0.11859838274932614,0.01078167115902965,0.006289308176100629,0.012578616352201259
0.48907712884529647,0.004458314757021846,0.005349977708426215,0.27329469460543915,0.006241640659830584,0.012929112795363353,0.006241640659830584,0.012483281319661168,0.007133303611234953,0.011145786892554615,0.004458314757021846,0.012483281319661168,0.12572447614801605,0.009362460989745877,0.007579135086937138,0.012037449843958983
0.4920283436669619,0.0044286979627989375,0.005314437555358724,0.271036315323295,0.005314437555358724,0.0141718334809566,0.0070859167404783,0.011957484499557131,0.006200177147918512,0.010628875110717449,0.00487156775907883,0.012400354295837024,0.12577502214348982,0.009300265721877768,0.007528786536758193,0.011957484499557131
0.49530201342281877,0.0035794183445190158,0.005369127516778523,0.26666666666666666,0.006263982102908278,0.014317673378076063,0.0071588366890380315,0.011185682326621925,0.006263982102908278,0.010738255033557046,0.006263982102908278,0.014317673378076063,0.1261744966442953,0.008501118568232663,0.006263982102908278,0.011633109619686801
0.49372759856630827,0.0031362007168458782,0.005376344086021506,0.2656810035842294,0.00492831541218638,0.013440860215053764,0.007168458781362007,0.011200716845878136,0.005824372759856631,0.011648745519713262,0.007168458781362007,0.013440860215053764,0.12948028673835124,0.009408602150537635,0.006720430107526882,0.011648745519713262
0.4905745062836625,0.004039497307001795,0.005385996409335727,0.2634649910233393,0.006732495511669659,0.013016157989228007,0.00763016157989228,0.011220825852782765,0.004937163375224416,0.010323159784560144,0.0062836624775583485,0.013913824057450628,0.13420107719928187,0.008976660682226212,0.008527827648114902,0.010771992818671455
0.48470066518847005,0.004434589800443459,0.005321507760532151,0.2598669623059867,0.007095343680709534,0.014634146341463415,0.007095343680709534,0.011086474501108648,0.005764966740576497,0.010643015521064302,0.005321507760532151,0.015964523281596452,0.13791574279379157,0.010199556541019957,0.008869179600886918,0.011086474501108648
0.4879140555058192,0.004923903312444047,0.005371530886302597,0.25783348254252464,0.008057296329453895,0.01342882721575649,0.006714413607878245,0.011638316920322292,0.004923903312444047,0.011638316920322292,0.005819158460161146,0.01611459265890779,0.13384064458370637,0.010295434198746643,0.010295434198746643,0.011190689346463742
0.4962138084632517,0.005345211581291759,0.005790645879732739,0.24944320712694878,0.008017817371937639,0.012917594654788419,0.0075723830734966595,0.011135857461024499,0.005790645879732739,0.013363028953229399,0.005345211581291759,0.015144766146993319,0.13407572383073496,0.008908685968819599,0.010244988864142539,0.010690423162583519
0.4955555555555556,0.004888888888888889,0.006666666666666667,0.24444444444444444,0.007555555555555556,0.013333333333333334,0.007555555555555556,0.012,0.006222222222222222,0.012888888888888889,0.006666666666666667,0.017777777777777778,0.13466666666666666,0.009333333333333334,0.009333333333333334,0.011111111111111112
0.4914645103324349,0.004492362982929021,0.008086253369272238,0.24752920035938905,0.006289308176100629,0.012578616352201259,0.0076370170709793355,0.01078167115902965,0.006289308176100629,0.012578616352201259,0.0071877807726864335,0.017969451931716084,0.13881401617250674,0.008535489667565139,0.008086253369272238,0.011680143755615454
0.4903370786516854,0.0044943820224719105,0.0071910112359550565,0.24629213483146067,0.005842696629213483,0.01303370786516854,0.006741573033707865,0.011235955056179775,0.006292134831460674,0.01303370786516854,0.0071910112359550565,0.01752808988764045,0.14202247191011236,0.008988764044943821,0.008089887640449439,0.011685393258426966
0.4900990099009901,0.004050405040504051,0.0063006300630063005,0.2515751575157516,0.0054005400540054005,0.013051305130513051,0.00765076507650765,0.010801080108010801,0.0049504950495049506,0.012601260126012601,0.008550855085508551,0.017101710171017102,0.13861386138613863,0.008550855085508551,0.008550855085508551,0.012151215121512151
