C_R,C_A,C_S,C_N,D_R,D_A,D_S,D_N,Oc_R,Oc_A,Oc_S,Oc_N,Od_R,Od_A,Od_S,Od_N
0.0,0.0,0.0,0.0,0.0,0.0,0.0,0.0,0.0,0.0,1.0,0.0,0.0,0.0,0.0,0.0
0.0,0.0,0.0,0.0,0.0,0.0,0.0,0.0,0.0,0.0,0.5,0.0,0.5,0.0,0.0,0.0
0.0,0.0,0.0,0.0,0.0,0.0,0.0,0.0,0.0,0.0,0.2857142857142857,0.14285714285714285,0.5714285714285714,0.0,0.0,0.0
0.0,0.0,0.0,0.0,0.0,0.0,0.09090909090909091,0.0,0.0,0.0,0.09090909090909091,0.18181818181818182,0.6363636363636364,0.0,0.0,0.0
0.0,0.0,0.0,0.0,0.0,0.0,0.11764705882352941,0.0,0.0,0.0,0.0,0.17647058823529413,0.7058823529411765,0.0,0.0,0.0
0.0,0.0,0.0,0.0,0.0,0.07407407407407407,0.1111111111111111,0.0,0.0,0.0,0.0,0.1111111111111111,0.7037037037037037,0.0,0.0,0.0
0.0,0.0,0.0,0.0,0.0,0.07317073170731707,0.0975609756097561,0.0,0.0,0.0,0.024390243902439025,0.0975609756097561,0.7073170731707317,0.0,0.0,0.0
0.0,0.0,0.0,0.0,0.0,0.1,0.06666666666666667,0.0,0.0,0.0,0.03333333333333333,0.1,0.7,0.0,0.0,0.0
0.0,0.0,0.0,0.0,0.0,0.13414634146341464,0.024390243902439025,0.0,0.0,0.0,0.024390243902439025,0.10975609756097561,0.6951219512195121,0.012195121951219513,0.0,0.0
0.0,0.0,0.0,0.017391304347826087,0.0,0.13043478260869565,0.017391304347826087,0.008695652173913044,0.0,0.0,0.02608695652173913,0.13043478260869565,0.6608695652173913,0.008695652173913044,0.0,0.0
0.0,0.0,0.0,0.013605442176870748,0.0,0.1360544217687075,0.013605442176870748,0.02040816326530612,0.0,0.0,0.02040816326530612,0.11564625850340136,0.673469387755102,0.006802721088435374,0.0,0.0
0.0,0.0,0.0,0.026455026455026454,0.0,0.1746031746031746,0.010582010582010581,0.026455026455026454,0.005291005291005291,0.0,0.015873015873015872,0.10052910052910052,0.6349206349206349,0.005291005291005291,0.0,0.0
0.0,0.0,0.0,0.034934497816593885,0.0,0.18340611353711792,0.008733624454148471,0.017467248908296942,0.004366812227074236,0.0,0.013100436681222707,0.1091703056768559,0.611353711790393,0.008733624454148471,0.004366812227074236,0.004366812227074236
0.0,0.0,0.0,0.0498220640569395,0.0071174377224199285,0.18505338078291814,0.0071174377224199285,0.017793594306049824,0.0035587188612099642,0.0,0.010676156583629894,0.11743772241992882,0.5836298932384342,0.0071174377224199285,0.0035587188612099642,0.0071174377224199285
0.002881844380403458,0.0,0.0,0.07204610951008646,0.005763688760806916,0.207492795389049,0.005763688760806916,0.01729106628242075,0.002881844380403458,0.0,0.008645533141210375,0.11239193083573487,0.5417867435158501,0.011527377521613832,0.002881844380403458,0.008645533141210375
0.002320185614849188,0.0,0.0,0.08584686774941995,0.0069605568445475635,0.21577726218097448,0.004640371229698376,0.013921113689095127,0.004640371229698376,0.0,0.0069605568445475635,0.12296983758700696,0.5081206496519721,0.013921113689095127,0.004640371229698376,0.009280742459396751
0.0019120458891013384,0.0038240917782026767,0.0019120458891013384,0.09751434034416825,0.0057361376673040155,0.21606118546845124,0.0038240917782026767,0.011472275334608031,0.0038240917782026767,0.0,0.0057361376673040155,0.124282982791587,0.48565965583174,0.021032504780114723,0.0038240917782026767,0.01338432122370937
0.0016474464579901153,0.0032948929159802307,0.0016474464579901153,0.11202635914332784,0.008237232289950576,0.21087314662273476,0.0032948929159802307,0.011532125205930808,0.0032948929159802307,0.0,0.004942339373970346,0.12191103789126853,0.471169686985173,0.02800658978583196,0.0016474464579901153,0.016474464579901153
0.001366120218579235,0.00273224043715847,0.001366120218579235,0.12978142076502733,0.004098360655737705,0.21448087431693988,0.004098360655737705,0.00819672131147541,0.00273224043715847,0.001366120218579235,0.004098360655737705,0.12158469945355191,0.453551912568306,0.028688524590163935,0.001366120218579235,0.020491803278688523
0.0011918951132300357,0.0023837902264600714,0.0011918951132300357,0.13468414779499405,0.004767580452920143,0.22169249106078665,0.003575685339690107,0.007151370679380214,0.004767580452920143,0.0059594755661501785,0.004767580452920143,0.11323003575685339,0.4362336114421931,0.03456495828367104,0.0011918951132300357,0.02264600715137068
0.0010460251046025104,0.005230125523012552,0.0010460251046025104,0.13807531380753138,0.0041841004184100415,0.22280334728033474,0.0031380753138075313,0.006276150627615063,0.006276150627615063,0.008368200836820083,0.0041841004184100415,0.11820083682008369,0.41422594142259417,0.036610878661087864,0.0010460251046025104,0.029288702928870293
0.0009041591320072332,0.0054249547920434,0.0009041591320072332,0.15099457504520797,0.003616636528028933,0.21247739602169982,0.0027124773960217,0.006329113924050633,0.006329113924050633,0.009945750452079566,0.0045207956600361665,0.11030741410488246,0.41229656419529837,0.039783001808318265,0.0027124773960217,0.03074141048824593
0.0008090614886731392,0.0040453074433656954,0.0024271844660194173,0.16262135922330098,0.0040453074433656954,0.20954692556634305,0.0024271844660194173,0.0056634304207119745,0.006472491909385114,0.011326860841423949,0.0040453074433656954,0.10841423948220065,0.3932038834951456,0.043689320388349516,0.003236245954692557,0.03802588996763754
0.0014684287812041115,0.002936857562408223,0.002936857562408223,0.17180616740088106,0.004405286343612335,0.20704845814977973,0.0022026431718061676,0.004405286343612335,0.005873715124816446,0.011747430249632892,0.003671071953010279,0.10352422907488987,0.39060205580029367,0.04405286343612335,0.002936857562408223,0.04038179148311307
0.0013253810470510272,0.0026507620941020544,0.0013253810470510272,0.1749502982107356,0.0033134526176275677,0.20278330019880716,0.0026507620941020544,0.005964214711729622,0.005964214711729622,0.012591119946984758,0.003976143141153081,0.10536779324055666,0.3863485752153744,0.04440026507620941,0.0033134526176275677,0.043074884029158385
0.0018315018315018315,0.004273504273504274,0.0018315018315018315,0.1752136752136752,0.004884004884004884,0.1984126984126984,0.0030525030525030525,0.007326007326007326,0.005494505494505495,0.01282051282051282,0.003663003663003663,0.10378510378510379,0.3888888888888889,0.040903540903540904,0.002442002442002442,0.045177045177045176
0.0028089887640449437,0.0033707865168539327,0.0016853932584269663,0.17696629213483145,0.006741573033707865,0.20393258426966293,0.003932584269662922,0.007865168539325843,0.006179775280898876,0.015168539325842697,0.0044943820224719105,0.10337078651685393,0.37640449438202245,0.03876404494382023,0.0022471910112359553,0.046067415730337076
0.0037433155080213902,0.004812834224598931,0.0016042780748663102,0.1748663101604278,0.0074866310160427805,0.2,0.0037433155080213902,0.008556149732620321,0.0058823529411764705,0.016577540106951873,0.0042780748663101605,0.10267379679144385,0.3716577540106952,0.04224598930481283,0.0021390374331550803,0.04973262032085562
0.005070993914807302,0.004563894523326572,0.002028397565922921,0.17647058823529413,0.006085192697768763,0.20182555780933062,0.005070993914807302,0.008620689655172414,0.005070993914807302,0.01977687626774848,0.004056795131845842,0.09432048681541583,0.3727180527383367,0.03955375253549696,0.004056795131845842,0.05070993914807302
0.006806028196402528,0.004375303840544483,0.0019445794846864365,0.18279047156052503,0.006319883325230919,0.19883325230918814,0.004861448711716091,0.008264462809917356,0.004861448711716091,0.021876519202722412,0.004375303840544483,0.08945065629557608,0.36558094312105005,0.03937773456490034,0.003889158969372873,0.05639280505590666
0.008403361344537815,0.004201680672268907,0.002334267040149393,0.18627450980392157,0.006535947712418301,0.1984126984126984,0.005135387488328665,0.008403361344537815,0.004668534080298786,0.026143790849673203,0.004201680672268907,0.09010270774976657,0.3524743230625584,0.041549953314659195,0.003734827264239029,0.05742296918767507
0.009324009324009324,0.004662004662004662,0.002797202797202797,0.18135198135198136,0.006526806526806527,0.19487179487179487,0.006526806526806527,0.008391608391608392,0.004195804195804196,0.02564102564102564,0.005128205128205128,0.08811188811188811,0.35291375291375293,0.042890442890442894,0.004195804195804196,0.06247086247086247
0.009182736455463728,0.004591368227731864,0.0027548209366391185,0.1859504132231405,0.005968778696051423,0.1992653810835629,0.006887052341597796,0.009182736455463728,0.0032139577594123047,0.024334251606978878,0.005968778696051423,0.08631772268135904,0.35215794306703396,0.04178145087235996,0.004591368227731864,0.05785123966942149
0.009941256213285133,0.004066877541798464,0.0022593764121102574,0.1798463624039765,0.006778129236330773,0.19972887483054677,0.006778129236330773,0.008133755083596927,0.0036150022593764122,0.025305015815634886,0.00587437867148667,0.0867600542250339,0.35652959783099863,0.03840939900587438,0.004970628106642567,0.061003163126976956
0.010690423162583519,0.0035634743875278397,0.0031180400890868597,0.17639198218262805,0.0075723830734966595,0.2022271714922049,0.008017817371937639,0.009354120267260579,0.0035634743875278397,0.024498886414253896,0.005790645879732739,0.08240534521158129,0.35456570155902006,0.04053452115812917,0.004454342984409799,0.06325167037861916
0.010993843447669306,0.006596306068601583,0.002638522427440633,0.17326297273526825,0.006156552330694811,0.19920844327176782,0.0079155672823219,0.008795074758135445,0.00395778364116095,0.024626209322779244,0.005277044854881266,0.08267370272647317,0.35839929639401935,0.04221635883905013,0.004837291116974494,0.06244503078276165
0.011116051578479324,0.006669630947087594,0.004001778568252557,0.17163183637172078,0.006224988883948421,0.20497999110715873,0.009337483325922631,0.009337483325922631,0.004446420631391729,0.026233881725211204,0.006669630947087594,0.08314806580702534,0.352156514006225,0.04090706980880391,0.0035571365051133837,0.059582036460649176
0.010159010600706713,0.0066254416961130744,0.0035335689045936395,0.1700530035335689,0.006183745583038869,0.2045053003533569,0.010159010600706713,0.009717314487632508,0.0035335689045936395,0.02517667844522968,0.007067137809187279,0.0803886925795053,0.3542402826855124,0.0446113074204947,0.003975265017667844,0.06007067137809187
0.011037527593818985,0.006622516556291391,0.003532008830022075,0.16997792494481237,0.005298013245033113,0.20088300220750552,0.008388520971302429,0.011920529801324504,0.004415011037527594,0.024282560706401765,0.008388520971302429,0.08256070640176601,0.3509933774834437,0.044591611479028695,0.005298013245033113,0.06181015452538632
0.008384819064430714,0.006619593998234775,0.0048543689320388345,0.1734333627537511,0.00441306266548985,0.1915269196822595,0.008384819064430714,0.014563106796116505,0.00441306266548985,0.02471315092674316,0.008384819064430714,0.08428949691085613,0.3503971756398941,0.0441306266548985,0.00529567519858782,0.06619593998234775
0.008418254319893664,0.0057598582188746125,0.004873726185201595,0.17323881258307489,0.005316792202038104,0.19317678334071778,0.008861320336730172,0.014621178555604785,0.003987594151528578,0.026140894993354008,0.00930438635356668,0.08285334514842711,0.34647762516614977,0.04474966770048737,0.0057598582188746125,0.0664599025254763
0.008014247551202136,0.00578806767586821,0.005342831700801425,0.1705253784505788,0.005342831700801425,0.19278717720391808,0.008459483526268923,0.015138023152270703,0.003116651825467498,0.026714158504007122,0.010240427426536063,0.0854853072128228,0.346393588601959,0.04229741763134461,0.007123775601068566,0.06723063223508459
0.008857395925597875,0.006643046944198406,0.0044286979627989375,0.1687333923826395,0.005757307351638618,0.19087688219663418,0.00841452612931798,0.015943312666076175,0.00354295837023915,0.02878653675819309,0.00841452612931798,0.08724534986713905,0.34809565987599644,0.04384410983170948,0.005757307351638618,0.06465899025686449
0.010123239436619719,0.006602112676056338,0.0048415492957746475,0.16637323943661972,0.005721830985915493,0.19454225352112675,0.007482394366197183,0.016725352112676055,0.003961267605633803,0.029049295774647887,0.008362676056338027,0.08626760563380281,0.34286971830985913,0.04533450704225352,0.005721830985915493,0.06602112676056338
0.010087719298245614,0.007017543859649123,0.0043859649122807015,0.1706140350877193,0.005701754385964913,0.19078947368421054,0.007017543859649123,0.017105263157894738,0.005701754385964913,0.02763157894736842,0.008771929824561403,0.08771929824561403,0.34078947368421053,0.0456140350877193,0.004824561403508772,0.0662280701754386
0.009198423127463863,0.00788436268068331,0.004818221638195357,0.1712658782303986,0.00700832238282961,0.19141480508103373,0.007446342531756461,0.017958826106000875,0.005256241787122208,0.023215067893123085,0.007446342531756461,0.08541392904073587,0.34734997809899254,0.045992115637319315,0.004818221638195357,0.06351292159439334
0.009345794392523364,0.008455718736092568,0.005785491766800178,0.17178460169114373,0.006230529595015576,0.19136626613262128,0.0075656430796617715,0.017801513128615932,0.004895416110369382,0.028037383177570093,0.0075656430796617715,0.08455718736092568,0.3377837116154873,0.045838896306186025,0.0053404539385847796,0.06764574988874054
0.00967032967032967,0.008791208791208791,0.006593406593406593,0.17186813186813188,0.006593406593406593,0.18945054945054945,0.007912087912087912,0.01802197802197802,0.006593406593406593,0.02989010989010989,0.007912087912087912,0.08175824175824176,0.3375824175824176,0.04527472527472527,0.005714285714285714,0.06637362637362637
0.009653356735410267,0.009214567792891619,0.007020623080298377,0.1636682755594559,0.006581834137779728,0.18867924528301888,0.009214567792891619,0.018429135585783237,0.008336989907854322,0.029398859148749453,0.008336989907854322,0.08336989907854322,0.3426941641070645,0.0434401053093462,0.00614304519526108,0.06581834137779728
0.011433597185576077,0.008355321020228672,0.007475813544415127,0.17150395778364116,0.006156552330694811,0.17985927880386984,0.008355321020228672,0.018909410729991204,0.0079155672823219,0.030782761653474055,0.008355321020228672,0.08135444151275285,0.34432717678100266,0.04309586631486367,0.005716798592788039,0.06640281442392261
0.011423550087873463,0.009666080843585237,0.007469244288224956,0.17223198594024605,0.007029876977152899,0.18365553602811951,0.00922671353251318,0.018014059753954304,0.007908611599297012,0.032952548330404216,0.007908611599297012,0.07864674868189807,0.3369947275922671,0.043936731107205626,0.006151142355008787,0.06678383128295255
0.01232394366197183,0.009242957746478873,0.008362676056338027,0.17077464788732394,0.008362676056338027,0.18705985915492956,0.009683098591549295,0.01716549295774648,0.007042253521126761,0.030809859154929578,0.009242957746478873,0.07658450704225352,0.34110915492957744,0.0409330985915493,0.005721830985915493,0.06558098591549295
0.012345679012345678,0.009700176366843033,0.009259259259259259,0.17548500881834214,0.007936507936507936,0.1900352733686067,0.010141093474426807,0.01895943562610229,0.007054673721340388,0.03042328042328042,0.007936507936507936,0.07407407407407407,0.3368606701940035,0.03968253968253968,0.005291005291005291,0.06481481481481481
0.014795474325500435,0.008268059181897302,0.007832898172323759,0.1671018276762402,0.009138381201044387,0.1927763272410792,0.009138381201044387,0.020017406440382943,0.0073977371627502175,0.03220191470844212,0.009138381201044387,0.07615317667536989,0.3411662315056571,0.040905134899912966,0.004351610095735422,0.05961705831157528
0.015404929577464789,0.008362676056338027,0.007922535211267605,0.16725352112676056,0.008802816901408451,0.1875,0.009683098591549295,0.021566901408450703,0.007482394366197183,0.035651408450704226,0.007922535211267605,0.07746478873239436,0.34066901408450706,0.04181338028169014,0.0044014084507042256,0.058098591549295774
0.014627659574468085,0.007535460992907801,0.006648936170212766,0.16932624113475178,0.008421985815602837,0.18661347517730498,0.010638297872340425,0.02127659574468085,0.008421985815602837,0.03634751773049645,0.009308510638297872,0.0749113475177305,0.34131205673758863,0.0398936170212766,0.0035460992907801418,0.061170212765957445
0.015486725663716814,0.00752212389380531,0.00663716814159292,0.16592920353982302,0.009292035398230088,0.184070796460177,0.010176991150442478,0.02168141592920354,0.008849557522123894,0.035398230088495575,0.009292035398230088,0.0752212389380531,0.34292035398230086,0.03938053097345133,0.003982300884955752,0.06415929203539823
0.016791869200176758,0.006628369421122404,0.007070260715863898,0.1643835616438356,0.009279717189571365,0.18957136544410075,0.009279717189571365,0.022536456031816175,0.007954043305346884,0.034909412284577994,0.008837825894829872,0.07467962881131242,0.34158197083517455,0.038886433937251434,0.004418912947414936,0.06319045514803358
0.01614310645724258,0.007853403141361256,0.007417102966841187,0.16666666666666666,0.008726003490401396,0.18760907504363003,0.009162303664921465,0.02181500872600349,0.008289703315881327,0.033595113438045374,0.009162303664921465,0.07329842931937172,0.34554973821989526,0.038394415357766144,0.004363001745200698,0.06195462478184991
0.01627804663440387,0.007919049714034315,0.007479102507699076,0.15970083589969203,0.008798944126704795,0.18213814342278928,0.008358996920369555,0.02155741311042675,0.009238891333040036,0.0365156181258249,0.008358996920369555,0.07479102507699076,0.34799824021117465,0.04267487901451826,0.004839419269687638,0.06335239771227452
0.018633540372670808,0.008429458740017746,0.007985803016858917,0.1650399290150843,0.008873114463176575,0.17701863354037267,0.007985803016858917,0.02040816326530612,0.009316770186335404,0.03371783496007098,0.006654835847382431,0.07320319432120674,0.35048802129547474,0.044365572315882874,0.005323868677905945,0.06255545696539486
0.019823788546255508,0.008370044052863436,0.008370044052863436,0.1656387665198238,0.007929515418502203,0.17885462555066078,0.007488986784140969,0.02158590308370044,0.008370044052863436,0.030837004405286344,0.006607929515418502,0.07268722466960352,0.35330396475770925,0.04140969162995595,0.007488986784140969,0.061233480176211455
0.0199468085106383,0.007978723404255319,0.008865248226950355,0.16578014184397163,0.009308510638297872,0.17420212765957446,0.007978723404255319,0.020390070921985817,0.009308510638297872,0.03102836879432624,0.007978723404255319,0.06826241134751773,0.35106382978723405,0.04609929078014184,0.008865248226950355,0.06294326241134751
0.01855943437914273,0.007070260715863898,0.009279717189571365,0.17410517012814847,0.007954043305346884,0.16968625718073355,0.008395934600088379,0.019885108263367212,0.008837825894829872,0.030048608042421564,0.007954043305346884,0.06981882456915599,0.35572249226690233,0.04242156429518339,0.008837825894829872,0.06142288996906761
0.01762114537444934,0.007488986784140969,0.00881057268722467,0.173568281938326,0.009691629955947136,0.17092511013215858,0.007048458149779736,0.018502202643171806,0.009251101321585903,0.02907488986784141,0.007929515418502203,0.06960352422907488,0.35726872246696034,0.04185022026431718,0.009691629955947136,0.06167400881057269
0.019060283687943262,0.006648936170212766,0.008421985815602837,0.17863475177304963,0.008865248226950355,0.1671099290780142,0.007535460992907801,0.01773049645390071,0.00975177304964539,0.02969858156028369,0.008865248226950355,0.07358156028368794,0.3523936170212766,0.044326241134751775,0.0062056737588652485,0.061170212765957445
0.017738359201773836,0.005321507760532151,0.007982261640798226,0.17738359201773837,0.007982261640798226,0.1671840354767184,0.008425720620842573,0.019955654101995565,0.008425720620842573,0.028381374722838137,0.008425720620842573,0.07405764966740576,0.36274944567627493,0.04212860310421286,0.005764966740576497,0.05809312638580931
0.019400352733686066,0.005291005291005291,0.007495590828924162,0.18430335097001763,0.007054673721340388,0.17063492063492064,0.008818342151675485,0.018518518518518517,0.008818342151675485,0.028659611992945325,0.009259259259259259,0.07451499118165784,0.3527336860670194,0.04188712522045855,0.007495590828924162,0.05511463844797178
0.020668425681618294,0.006596306068601583,0.007036059806508356,0.1789797713280563,0.007036059806508356,0.16710642040457344,0.009674582233948988,0.01802990325417766,0.008795074758135445,0.028583992963940194,0.008795074758135445,0.08003518029903255,0.35356200527704484,0.04177660510114336,0.007036059806508356,0.056288478452066845
0.021434820647419073,0.006561679790026247,0.007874015748031496,0.18197725284339458,0.00699912510936133,0.15879265091863518,0.009186351706036745,0.016622922134733157,0.009623797025371828,0.03237095363079615,0.008311461067366578,0.07611548556430446,0.35870516185476814,0.04330708661417323,0.007874015748031496,0.0542432195975503
0.022466960352422908,0.007048458149779736,0.007929515418502203,0.18193832599118942,0.007048458149779736,0.15462555066079295,0.008370044052863436,0.01629955947136564,0.009691629955947136,0.033480176211453744,0.00881057268722467,0.07488986784140969,0.3590308370044053,0.04317180616740088,0.007929515418502203,0.05726872246696035
0.024357838795394153,0.006200177147918512,0.00841452612931798,0.18556244464127547,0.007528786536758193,0.15234720992028344,0.00974313551815766,0.01771479185119575,0.00841452612931798,0.034100974313551816,0.007971656333038087,0.07528786536758193,0.3534100974313552,0.042515500442869794,0.007971656333038087,0.05845881310894597
0.023862129916040652,0.0061864781263809105,0.008395934600088379,0.1802916482545294,0.007512152010605391,0.15333627927529828,0.01104728236853734,0.020326999558108707,0.008837825894829872,0.033583738400353516,0.007954043305346884,0.07158638974812197,0.35572249226690233,0.04330534688466637,0.007512152010605391,0.06053910737958462
0.024869109947643978,0.006108202443280977,0.009598603839441536,0.18368237347294938,0.006544502617801047,0.15226876090750435,0.008726003490401396,0.02006980802792321,0.009598603839441536,0.03228621291448516,0.008726003490401396,0.07242582897033159,0.35776614310645727,0.04101221640488656,0.007853403141361256,0.05846422338568935
0.025154457193292144,0.005736981465136805,0.010150044130626656,0.18049426301853486,0.005736981465136805,0.15136804942630186,0.0088261253309797,0.020741394527802295,0.010150044130626656,0.03442188879082083,0.0088261253309797,0.07458075904677847,0.35789938217122685,0.0410414827890556,0.007502206531332745,0.05736981465136805
0.025054945054945054,0.006153846153846154,0.00967032967032967,0.18461538461538463,0.005274725274725275,0.1498901098901099,0.007912087912087912,0.02065934065934066,0.01098901098901099,0.033846153846153845,0.01054945054945055,0.07252747252747253,0.35208791208791207,0.04263736263736264,0.008351648351648353,0.05978021978021978
0.024582967515364356,0.007023705004389816,0.010974539069359086,0.17998244073748904,0.005706760316066725,0.14618086040386305,0.007901668129938543,0.019754170324846356,0.01141352063213345,0.03467954345917471,0.010974539069359086,0.07199297629499561,0.3582089552238806,0.040825285338015806,0.00877963125548727,0.061018437225636525
0.025934065934065935,0.007032967032967033,0.011868131868131869,0.18153846153846154,0.006593406593406593,0.1468131868131868,0.006593406593406593,0.02021978021978022,0.011428571428571429,0.03560439560439561,0.01010989010989011,0.06857142857142857,0.3626373626373626,0.04043956043956044,0.0074725274725274725,0.05714285714285714
0.027216856892010536,0.007023705004389816,0.010535557506584723,0.18173836698858647,0.006584723441615452,0.14354697102721686,0.0052677787532923615,0.021071115013169446,0.010974539069359086,0.03731343283582089,0.01009657594381036,0.0697980684811238,0.3630377524143986,0.04170324846356453,0.007023705004389816,0.05706760316066725
0.0246415770609319,0.005824372759856631,0.00985663082437276,0.1868279569892473,0.006720430107526882,0.13978494623655913,0.004480286738351254,0.02060931899641577,0.011200716845878136,0.03763440860215054,0.008512544802867384,0.06944444444444445,0.36155913978494625,0.04525089605734767,0.007168458781362007,0.06048387096774194
0.02471315092674316,0.00617828773168579,0.010150044130626656,0.1915269196822595,0.00617828773168579,0.13680494263018536,0.00529567519858782,0.02118270079435128,0.009708737864077669,0.037069726390114736,0.008384819064430714,0.07016769638128861,0.3592233009708738,0.0441306266548985,0.007502206531332745,0.0617828773168579
0.027385159010600707,0.006183745583038869,0.009275618374558304,0.1872791519434629,0.005742049469964664,0.13825088339222616,0.0066254416961130744,0.023409893992932862,0.01060070671378092,0.03666077738515901,0.007508833922261484,0.06890459363957598,0.3630742049469965,0.04107773851590106,0.007950530035335688,0.06007067137809187
0.026385224274406333,0.006156552330694811,0.010114335971855761,0.18337730870712401,0.007036059806508356,0.14204045734388743,0.006156552330694811,0.024626209322779244,0.010554089709762533,0.03605980650835532,0.007475813544415127,0.06904133685136324,0.35839929639401935,0.03913808267370272,0.008355321020228672,0.06508355321020229
0.027133479212253828,0.0087527352297593,0.01050328227571116,0.18336980306345732,0.006564551422319475,0.13654266958424507,0.00787746170678337,0.023194748358862146,0.010065645514223195,0.037636761487964986,0.00787746170678337,0.06564551422319474,0.36542669584245074,0.03894967177242888,0.01050328227571116,0.059956236323851206
0.028458844133099823,0.009194395796847636,0.01138353765323993,0.17950963222416813,0.006129597197898424,0.138353765323993,0.008318739054290718,0.024518388791593695,0.009194395796847636,0.03765323992994746,0.00788091068301226,0.06436077057793345,0.36295971978984237,0.04115586690017513,0.010070052539404553,0.06085814360770578
0.028119507908611598,0.007908611599297012,0.011423550087873463,0.18497363796133567,0.006151142355008787,0.13796133567662566,0.007029876977152899,0.026362038664323375,0.010984182776801407,0.03690685413005272,0.007469244288224956,0.05975395430579965,0.36906854130052724,0.038224956063268895,0.00922671353251318,0.05843585237258348
0.025198938992042442,0.007957559681697613,0.011494252873563218,0.1839080459770115,0.005305039787798408,0.13704686118479223,0.00618921308576481,0.027851458885941646,0.011052166224580018,0.03801945181255526,0.007073386383731211,0.0610079575596817,0.3726790450928382,0.03669319186560566,0.008399646330680813,0.060123784261715295
0.027653880463871544,0.00847457627118644,0.011150758251561105,0.18421052631578946,0.004906333630686887,0.12979482604817127,0.006690454950936664,0.028099910793933987,0.012934879571810883,0.03969669937555754,0.006244424620874219,0.06378233719892953,0.3688670829616414,0.03791257805530776,0.00936663693131133,0.06021409455842997
0.027409372236958444,0.006631299734748011,0.01237842617152962,0.1878868258178603,0.00618921308576481,0.1330680813439434,0.005305039787798408,0.029177718832891247,0.014146772767462422,0.03978779840848806,0.006631299734748011,0.0614500442086649,0.3647214854111406,0.03801945181255526,0.008841732979664015,0.058355437665782495
0.029476462824461064,0.007479102507699076,0.010998680158380994,0.18301803783545975,0.005719313682358117,0.13330400351957766,0.004839419269687638,0.030356357237131544,0.012758468983721953,0.03915530136383634,0.007479102507699076,0.06423229212494501,0.36295644522657283,0.0387153541575011,0.008798944126704795,0.06071271447426309
0.033083370092633436,0.008381120423467137,0.011910013233348038,0.18085575650639613,0.0061755624172915745,0.1305690339655933,0.004852227613586237,0.031318923687692984,0.012351124834583149,0.04146449051610057,0.0066166740185266875,0.06263784737538597,0.3678870754300838,0.035288928098809,0.008381120423467137,0.05822673136303485
0.03322995126273815,0.00974745237040319,0.011519716437749225,0.17545414266725742,0.006202924235711121,0.13513513513513514,0.005316792202038104,0.031014621178555603,0.01284891448825875,0.04031900753212229,0.00664599025254763,0.06291537439078422,0.3699601240584847,0.03677447939743022,0.008861320336730172,0.05405405405405406
0.034070796460176994,0.009292035398230088,0.009734513274336283,0.17743362831858406,0.007079646017699115,0.12699115044247788,0.005309734513274336,0.032300884955752215,0.012389380530973451,0.03761061946902655,0.007079646017699115,0.061504424778761065,0.37831858407079644,0.03982300884955752,0.007964601769911504,0.05309734513274336
0.034161490683229816,0.009316770186335404,0.008873114463176575,0.1730257320319432,0.008873114463176575,0.129547471162378,0.0044365572315882874,0.032830523513753325,0.01419698314108252,0.03682342502218278,0.007985803016858917,0.06033717834960071,0.3766637089618456,0.0417036379769299,0.007985803016858917,0.05323868677905945
0.032458870609159626,0.01067140951534015,0.008448199199644287,0.1760782570031125,0.008892841262783458,0.13383726100489107,0.004001778568252557,0.03334815473543797,0.013339261894175189,0.03601600711427301,0.008892841262783458,0.05869275233437083,0.3712761227212094,0.04490884837705647,0.008003557136505114,0.05113383726100489
0.03446771378708551,0.010907504363001745,0.006108202443280977,0.174956369982548,0.007853403141361256,0.13350785340314136,0.004799301919720768,0.0318499127399651,0.012216404886561954,0.034031413612565446,0.008726003490401396,0.05715532286212915,0.3782722513089005,0.04493891797556719,0.009162303664921465,0.051047120418848166
0.03631532329495128,0.011514614703277236,0.00487156775907883,0.17404782993799822,0.0070859167404783,0.12887511071744906,0.00487156775907883,0.034986713906111605,0.011514614703277236,0.03631532329495128,0.007971656333038087,0.06200177147918512,0.3720106288751107,0.04561558901682905,0.010628875110717449,0.05137289636846767
0.033583738400353516,0.01104728236853734,0.0057445868316394165,0.17410517012814847,0.007512152010605391,0.12859036676977464,0.005302695536897923,0.034025629695095004,0.011489173663278833,0.035793194874060984,0.007070260715863898,0.06407423773751657,0.37516570923552806,0.044631020768890854,0.01104728236853734,0.05081749889527176
0.03664459161147903,0.012362030905077263,0.004856512141280353,0.1739514348785872,0.00706401766004415,0.12582781456953643,0.004856512141280353,0.032671081677704196,0.011920529801324504,0.03532008830022075,0.008388520971302429,0.060044150110375276,0.37748344370860926,0.046799116997792496,0.012362030905077263,0.04944812362030905
0.03849597135183527,0.012533572068039392,0.004476275738585497,0.1718889883616831,0.007162041181736795,0.12220232766338407,0.005371530886302597,0.03581020590868397,0.010295434198746643,0.03625783348254252,0.007162041181736795,0.05908683974932856,0.37690241718889883,0.050134288272157566,0.01342882721575649,0.048791405550581916
0.03721754541426672,0.01284891448825875,0.003987594151528578,0.17190961453256534,0.007532122286220647,0.11874169251218432,0.0057598582188746125,0.0358883473637572,0.0101905183872397,0.034559149313247675,0.00664599025254763,0.06114311032343819,0.38369517058041647,0.048294195835179445,0.01329198050509526,0.048294195835179445
0.036729339746392656,0.013117621337997376,0.004372540445999125,0.16571928290336685,0.006121556624398776,0.1215566243987757,0.006558810668998688,0.034105815478793176,0.010931351114997814,0.03323130738959335,0.006558810668998688,0.06034105815478793,0.39177962396152166,0.04722343681679055,0.012243113248797552,0.04940970703979012
0.03596802841918295,0.015097690941385435,0.006216696269982238,0.16740674955595028,0.007548845470692718,0.11634103019538189,0.006216696269982238,0.03374777975133215,0.011101243339253997,0.03152753108348135,0.005772646536412078,0.06127886323268206,0.39209591474245115,0.05106571936056838,0.012433392539964476,0.046181172291296625
0.036283185840707964,0.01504424778761062,0.007079646017699115,0.17123893805309734,0.007964601769911504,0.11592920353982301,0.00663716814159292,0.033185840707964605,0.011061946902654867,0.03274336283185841,0.005309734513274336,0.06017699115044248,0.38805309734513277,0.05132743362831858,0.012831858407079646,0.04513274336283186
0.03824175824175824,0.014505494505494506,0.006593406593406593,0.16967032967032966,0.0074725274725274725,0.12,0.006153846153846154,0.03076923076923077,0.01098901098901099,0.03208791208791209,0.005714285714285714,0.06241758241758242,0.3881318681318681,0.05186813186813187,0.013186813186813187,0.0421978021978022
0.03820816864295125,0.014931927975406236,0.006148440931049627,0.16820377689942909,0.006148440931049627,0.11901624945103206,0.006587615283267457,0.03162055335968379,0.010979358805445762,0.033816425120772944,0.007465963987703118,0.06236275801493193,0.3864734299516908,0.052261747913921824,0.011418533157663592,0.04435660957400088
0.03759398496240601,0.014153029632905795,0.005749668288367979,0.1742591773551526,0.007076514816452897,0.11012826183104821,0.007076514816452897,0.03494029190623618,0.009730207872622734,0.03494029190623618,0.007518796992481203,0.06457319770013269,0.3861123396727112,0.04997788589119859,0.010614772224679346,0.04555506413091552
0.037560760053026956,0.0136986301369863,0.0061864781263809105,0.17543084401237297,0.007512152010605391,0.11091471498011489,0.007512152010605391,0.033583738400353516,0.008837825894829872,0.034909412284577994,0.007954043305346884,0.06407423773751657,0.38577110030932393,0.05037560760053027,0.01104728236853734,0.044631020768890854
0.040123456790123455,0.013668430335097001,0.006172839506172839,0.17239858906525574,0.007054673721340388,0.1111111111111111,0.006613756613756613,0.029982363315696647,0.008818342151675485,0.03791887125220458,0.008818342151675485,0.06393298059964726,0.38668430335097004,0.050705467372134036,0.011022927689594356,0.04497354497354497
0.04010577346848832,0.014103129131776113,0.00617011899515205,0.17584839136183342,0.00749228735125606,0.10797708241516087,0.006610841780520053,0.030409872190392245,0.010136624063464082,0.03878360511238431,0.007051564565888057,0.06170118995152049,0.3847509916262671,0.04759806081974438,0.0123402379903041,0.048920229175848394
0.04294478527607362,0.013584574934268186,0.006134969325153374,0.17484662576687116,0.007011393514460999,0.10823838737949168,0.007011393514460999,0.02848378615249781,0.009640666082383873,0.04163014899211218,0.007887817703768623,0.06222611744084137,0.38650306748466257,0.04645048203330412,0.011831726555652936,0.04557405784399649
0.04214729370008873,0.012866015971606033,0.0075421472937000885,0.17480035492457852,0.008429458740017746,0.10825199645075421,0.00709849157054126,0.02883762200532387,0.009316770186335404,0.04259094942324756,0.007985803016858917,0.06344276841171251,0.3828748890860692,0.046583850931677016,0.01064773735581189,0.046583850931677016
0.04221635883905013,0.014072119613016711,0.008795074758135445,0.17018469656992086,0.007475813544415127,0.10729991204925242,0.008795074758135445,0.029463500439753737,0.008795074758135445,0.04133685136323659,0.007475813544415127,0.06464379947229551,0.38522427440633245,0.04617414248021108,0.009234828496042216,0.048812664907651716
0.043670048522276135,0.013674459638288486,0.008381120423467137,0.1733568592853992,0.00882223202470225,0.10719011910013233,0.007940008822232024,0.02999558888398765,0.0070577856197618,0.038376709307454786,0.0066166740185266875,0.06528451698279665,0.3820026466696074,0.04852227613586237,0.010145566828407587,0.048963387737097484
0.0452930728241563,0.011989342806394316,0.010657193605683837,0.1714031971580817,0.007548845470692718,0.10479573712255773,0.007104795737122558,0.028419182948490232,0.007104795737122558,0.03907637655417407,0.005772646536412078,0.06438721136767318,0.38632326820603907,0.04662522202486678,0.011989342806394316,0.05150976909413854
0.046268005237887384,0.011348756001745963,0.012221737232649499,0.17023134002618945,0.008729812309035356,0.10344827586206896,0.007420340462680052,0.028371890004364905,0.007420340462680052,0.03841117415975556,0.006547359231776516,0.06416412047140986,0.3849847228284592,0.046704495853339155,0.012221737232649499,0.0515058926233086
0.04501748251748252,0.010926573426573426,0.01048951048951049,0.17089160839160839,0.008741258741258742,0.10576923076923077,0.007867132867132868,0.028846153846153848,0.008304195804195804,0.03715034965034965,0.006555944055944056,0.0625,0.38592657342657344,0.04414335664335664,0.012237762237762238,0.054632867132867136
0.04405286343612335,0.009251101321585903,0.010572687224669603,0.166079295154185,0.009691629955947136,0.1052863436123348,0.007488986784140969,0.029515418502202642,0.008370044052863436,0.03612334801762115,0.007488986784140969,0.06167400881057269,0.3951541850220264,0.04405286343612335,0.011013215859030838,0.05418502202643172
0.04709507042253521,0.008802816901408451,0.01056338028169014,0.16549295774647887,0.008362676056338027,0.10475352112676056,0.007042253521126761,0.028609154929577465,0.008802816901408451,0.03389084507042254,0.007482394366197183,0.06602112676056338,0.394806338028169,0.04401408450704225,0.011443661971830986,0.0528169014084507
0.047429078014184396,0.009308510638297872,0.010638297872340425,0.16666666666666666,0.007535460992907801,0.10859929078014184,0.006648936170212766,0.027925531914893616,0.010195035460992909,0.03280141843971631,0.007978723404255319,0.06382978723404255,0.3949468085106383,0.0425531914893617,0.012411347517730497,0.05053191489361702
0.04654255319148936,0.010638297872340425,0.011081560283687944,0.1702127659574468,0.007535460992907801,0.10460992907801418,0.007535460992907801,0.027925531914893616,0.00975177304964539,0.03324468085106383,0.007535460992907801,0.06560283687943262,0.3887411347517731,0.043882978723404256,0.012411347517730497,0.05274822695035461
0.051338306274681875,0.010092145677928916,0.008775778850372971,0.17025010969723564,0.007898200965335674,0.104870557261957,0.007020623080298377,0.027643703378674857,0.009653356735410267,0.03422553751645459,0.007459412022817025,0.06406318560772269,0.3913997367266345,0.04300131636682756,0.010530934620447565,0.051777095217200524
0.05312084993359894,0.009738822487826471,0.008853474988933156,0.1646746347941567,0.00796812749003984,0.10314298362107127,0.006640106241699867,0.025675077467906152,0.01018149623727313,0.03718459495351926,0.007525453740593183,0.06595838866755202,0.3922089420097388,0.04205400619743249,0.010624169986719787,0.05444887118193891
0.05619469026548673,0.011504424778761062,0.009292035398230088,0.168141592920354,0.009292035398230088,0.10176991150442478,0.006194690265486726,0.024336283185840708,0.009734513274336283,0.034955752212389384,0.007964601769911504,0.06283185840707965,0.3929203539823009,0.0415929203539823,0.010619469026548672,0.05265486725663717
0.05482456140350877,0.009649122807017544,0.008771929824561403,0.1675438596491228,0.010087719298245614,0.10350877192982456,0.005701754385964913,0.02412280701754386,0.009649122807017544,0.034210526315789476,0.0061403508771929825,0.0662280701754386,0.39517543859649124,0.04078947368421053,0.012719298245614035,0.05087719298245614
0.05567830313742819,0.009721608484312859,0.008837825894829872,0.16924436588599204,0.009721608484312859,0.09942554131683606,0.005302695536897923,0.02342023862129916,0.010605391073795847,0.03314184710561202,0.0057445868316394165,0.06539991162174105,0.4021210782147592,0.038886433937251434,0.012814847547503314,0.04993371630578878
0.0514161220043573,0.008714596949891068,0.00784313725490196,0.17080610021786494,0.01045751633986928,0.09891067538126362,0.005664488017429194,0.023965141612200435,0.010893246187363835,0.03572984749455338,0.005664488017429194,0.062309368191721136,0.403921568627451,0.043137254901960784,0.013071895424836602,0.04749455337690632
0.0541019955654102,0.009312638580931265,0.008869179600886918,0.164079822616408,0.010199556541019957,0.10110864745011086,0.00753880266075388,0.02350332594235033,0.010199556541019957,0.03503325942350333,0.006208425720620843,0.06119733924611973,0.4084257206208426,0.042572062084257206,0.011529933481152993,0.04611973392461197
0.0520694259012016,0.009345794392523364,0.009345794392523364,0.16866933689363595,0.009345794392523364,0.09657320872274143,0.007120605251446373,0.022251891410769914,0.010680907877169559,0.040498442367601244,0.007120605251446373,0.06052514463729417,0.40409434801958166,0.04138851802403204,0.010680907877169559,0.05028927458834001
