C_R,C_A,C_S,C_N,D_R,D_A,D_S,D_N,Oc_R,Oc_A,Oc_S,Oc_N,Od_R,Od_A,Od_S,Od_N
0.0,0.0,0.0,0.0,0.0,0.0,0.0,1.0,0.0,0.0,0.0,0.0,0.0,0.0,0.0,0.0
0.6666666666666666,0.0,0.0,0.0,0.0,0.0,0.0,0.3333333333333333,0.0,0.0,0.0,0.0,0.0,0.0,0.0,0.0
0.5,0.0,0.0,0.0,0.0,0.0,0.0,0.16666666666666666,0.0,0.0,0.0,0.3333333333333333,0.0,0.0,0.0,0.0
0.5,0.16666666666666666,0.0,0.0,0.0,0.0,0.0,0.16666666666666666,0.0,0.0,0.0,0.16666666666666666,0.0,0.0,0.0,0.0
0.5,0.125,0.0,0.0,0.0,0.0,0.0,0.125,0.0625,0.0,0.0,0.1875,0.0,0.0,0.0,0.0
0.6,0.08,0.0,0.0,0.0,0.0,0.0,0.08,0.04,0.0,0.0,0.2,0.0,0.0,0.0,0.0
0.5853658536585366,0.04878048780487805,0.0,0.04878048780487805,0.0,0.0,0.0,0.07317073170731707,0.024390243902439025,0.0,0.0,0.21951219512195122,0.0,0.0,0.0,0.0
0.5892857142857143,0.05357142857142857,0.0,0.07142857142857142,0.017857142857142856,0.0,0.0,0.05357142857142857,0.017857142857142856,0.0,0.0,0.19642857142857142,0.0,0.0,0.0,0.0
0.5897435897435898,0.05128205128205128,0.0,0.07692307692307693,0.01282051282051282,0.01282051282051282,0.0,0.07692307692307693,0.01282051282051282,0.0,0.0,0.16666666666666666,0.0,0.0,0.0,0.0
0.509090909090909,0.03636363636363636,0.0,0.09090909090909091,0.00909090909090909,0.01818181818181818,0.0,0.10909090909090909,0.01818181818181818,0.0,0.00909090909090909,0.18181818181818182,0.0,0.0,0.0,0.01818181818181818
0.5032258064516129,0.03870967741935484,0.0,0.08387096774193549,0.0064516129032258064,0.01935483870967742,0.0,0.10967741935483871,0.01935483870967742,0.0,0.012903225806451613,0.18064516129032257,0.0,0.0,0.0064516129032258064,0.01935483870967742
0.5202020202020202,0.030303030303030304,0.0,0.09595959595959595,0.005050505050505051,0.015151515151515152,0.005050505050505051,0.12121212121212122,0.010101010101010102,0.0,0.010101010101010102,0.17676767676767677,0.0,0.0,0.0,0.010101010101010102
0.5151515151515151,0.015151515151515152,0.007575757575757576,0.11742424242424243,0.003787878787878788,0.015151515151515152,0.003787878787878788,0.11363636363636363,0.003787878787878788,0.007575757575757576,0.003787878787878788,0.17803030303030304,0.0,0.0,0.0,0.015151515151515152
0.5096774193548387,0.016129032258064516,0.00967741935483871,0.12903225806451613,0.0064516129032258064,0.01935483870967742,0.0064516129032258064,0.1064516129032258,0.0032258064516129032,0.0064516129032258064,0.0,0.17419354838709677,0.0,0.0,0.0,0.012903225806451613
0.4948186528497409,0.023316062176165803,0.015544041450777202,0.12176165803108809,0.007772020725388601,0.025906735751295335,0.010362694300518135,0.11398963730569948,0.0025906735751295338,0.0051813471502590676,0.0,0.15544041450777202,0.007772020725388601,0.0,0.0025906735751295338,0.012953367875647668
0.48187633262260127,0.02771855010660981,0.017057569296375266,0.1279317697228145,0.008528784648187633,0.02771855010660981,0.01279317697228145,0.11087420042643924,0.0042643923240938165,0.0021321961620469083,0.0021321961620469083,0.14925373134328357,0.008528784648187633,0.0,0.0021321961620469083,0.017057569296375266
0.4612676056338028,0.028169014084507043,0.02112676056338028,0.13732394366197184,0.008802816901408451,0.03697183098591549,0.008802816901408451,0.11443661971830986,0.0035211267605633804,0.0,0.0017605633802816902,0.14084507042253522,0.01056338028169014,0.0,0.00528169014084507,0.02112676056338028
0.445468509984639,0.02457757296466974,0.02457757296466974,0.15207373271889402,0.006144393241167435,0.039938556067588324,0.007680491551459293,0.11367127496159754,0.006144393241167435,0.0015360983102918587,0.0030721966205837174,0.1228878648233487,0.015360983102918587,0.0030721966205837174,0.004608294930875576,0.029185867895545316
0.4287581699346405,0.02875816993464052,0.02875816993464052,0.16732026143790849,0.006535947712418301,0.03529411764705882,0.00784313725490196,0.10718954248366012,0.006535947712418301,0.00130718954248366,0.00261437908496732,0.12287581699346405,0.01699346405228758,0.00522875816993464,0.00261437908496732,0.03137254901960784
0.40497737556561086,0.024886877828054297,0.03619909502262444,0.17647058823529413,0.005656108597285068,0.0418552036199095,0.006787330316742082,0.11312217194570136,0.006787330316742082,0.0011312217194570137,0.004524886877828055,0.10972850678733032,0.021493212669683258,0.007918552036199095,0.003393665158371041,0.03506787330316742
0.3932472691161867,0.024826216484607744,0.03574975173783516,0.19563058589870905,0.0029791459781529296,0.04270109235352532,0.005958291956305859,0.10824230387288977,0.00893743793445879,0.0009930486593843098,0.004965243296921549,0.09930486593843098,0.020854021847070508,0.011916583912611719,0.004965243296921549,0.038728897715988087
0.37681159420289856,0.024456521739130436,0.036231884057971016,0.20742753623188406,0.0036231884057971015,0.042572463768115944,0.004528985507246377,0.1068840579710145,0.009963768115942028,0.0009057971014492754,0.005434782608695652,0.09782608695652174,0.021739130434782608,0.019927536231884056,0.004528985507246377,0.03713768115942029
0.35351089588377727,0.025020177562550445,0.04035512510088781,0.21711057304277642,0.004842615012106538,0.04116222760290557,0.003228410008071025,0.11218724778046812,0.008071025020177562,0.0008071025020177562,0.007263922518159807,0.10088781275221953,0.022598870056497175,0.021791767554479417,0.004842615012106538,0.03631961259079903
0.3410620792819746,0.02692595362752431,0.039640987284966345,0.23036649214659685,0.0037397157816005983,0.04038893044128646,0.0014958863126402393,0.11144353029169783,0.008227374719521317,0.002243829468960359,0.005983545250560957,0.0987284966342558,0.02243829468960359,0.02692595362752431,0.005235602094240838,0.035153328347045626
0.3265167007498296,0.03067484662576687,0.043626448534423996,0.2256305385139741,0.0034083162917518746,0.04294478527607362,0.0013633265167007499,0.1111111111111111,0.006134969325153374,0.006134969325153374,0.0054533060668029995,0.10020449897750511,0.023858214042263123,0.034764826175869123,0.004771642808452625,0.033401499659168374
0.3169469598965071,0.031047865459249677,0.04139715394566624,0.2276843467011643,0.00258732212160414,0.04333764553686934,0.00258732212160414,0.11319534282018111,0.008408796895213453,0.007761966364812419,0.00646830530401035,0.10025873221216042,0.02199223803363519,0.03945666235446313,0.0038809831824062097,0.032988357050452784
0.3097663271420012,0.03055721989215099,0.03834631515877771,0.2390653085680048,0.0029958058717795086,0.04074295985620132,0.0029958058717795086,0.10784901138406232,0.008388256440982624,0.009586578789694428,0.006590772917914919,0.10005991611743559,0.022168963451168363,0.04373876572798083,0.0029958058717795086,0.0341521869382864
0.2972508591065292,0.030355097365406643,0.03722794959908362,0.24169530355097366,0.003436426116838488,0.042382588774341354,0.004581901489117984,0.10538373424971363,0.00859106529209622,0.012600229095074456,0.00859106529209622,0.10423825887743414,0.02004581901489118,0.045819014891179836,0.003436426116838488,0.03436426116838488
0.2858678130037614,0.03062869425040301,0.03600214938205266,0.23858140784524448,0.0032240730789897904,0.04137560451370231,0.005910800644814616,0.10746910263299302,0.008597528210639442,0.015583019881783988,0.006448146157979581,0.10639441160666309,0.024717893605588393,0.053197205803331545,0.004836109618484685,0.031166039763567976
0.28004125838060856,0.02888086642599278,0.03558535327488396,0.23671995874161939,0.0046415678184631255,0.043837029396596186,0.006188757091284167,0.10314595152140278,0.008767405879319236,0.019082001031459517,0.006704486848891181,0.111397627643115,0.0221763795771016,0.05363589479112945,0.005673027333677153,0.033522434244455904
0.27169625246548323,0.027120315581854043,0.03550295857988166,0.23915187376725838,0.005424063116370809,0.04142011834319527,0.005424063116370809,0.10256410256410256,0.008875739644970414,0.021203155818540435,0.007889546351084813,0.10798816568047337,0.023668639053254437,0.0616370808678501,0.005424063116370809,0.035009861932938854
0.263777673104098,0.026848798869524258,0.03579839849269901,0.23834196891191708,0.005652378709373528,0.04333490343853038,0.0051813471502590676,0.10127178520960904,0.008478568064060292,0.02119642016015073,0.00800753650494583,0.11022138483278379,0.024964672633066416,0.06924163918982572,0.0037682524729156855,0.03391427225624117
0.2571428571428571,0.02857142857142857,0.03778801843317972,0.23410138248847925,0.005069124423963134,0.04516129032258064,0.005069124423963134,0.1,0.00967741935483871,0.026728110599078342,0.0069124423963133645,0.10691244239631337,0.026267281105990782,0.0728110599078341,0.0032258064516129032,0.03456221198156682
0.25237020316027087,0.030248306997742665,0.03837471783295711,0.2343115124153499,0.004966139954853273,0.04830699774266366,0.004966139954853273,0.09751693002257336,0.010835214446952596,0.025733634311512415,0.006320541760722348,0.11241534988713318,0.02618510158013544,0.07133182844243792,0.004063205417607223,0.032054176072234764
0.25144124168514415,0.028824833702882482,0.039467849223946784,0.2279379157427938,0.0066518847006651885,0.05321507760532151,0.005321507760532151,0.09623059866962307,0.011086474501108648,0.027494456762749447,0.005764966740576497,0.10864745011086474,0.027494456762749447,0.07405764966740576,0.003991130820399113,0.03237250554323725
0.24518388791593695,0.028021015761821366,0.03896672504378284,0.23117338003502627,0.006129597197898424,0.05516637478108581,0.004816112084063047,0.09500875656742556,0.009632224168126095,0.02626970227670753,0.006129597197898424,0.10945709281961472,0.031085814360770576,0.07399299474605954,0.004816112084063047,0.03415061295971979
0.24007060900264784,0.027802294792586054,0.038393645189761696,0.23168578993821712,0.005736981465136805,0.054280670785525155,0.0048543689320388345,0.09664607237422772,0.0088261253309797,0.026919682259488084,0.006619593998234775,0.11120917917034422,0.03089143865842895,0.07722859664607237,0.00529567519858782,0.03353927625772286
0.24281291463954002,0.02786377708978328,0.0362671384343211,0.2335249889429456,0.006634232640424591,0.05661211853162318,0.006191950464396285,0.09111012826183104,0.010172490048651039,0.028748341441839895,0.007076514816452897,0.10880141530296329,0.03051747014595312,0.07739938080495357,0.004865103936311367,0.03140203449800973
0.24,0.028131868131868132,0.03560439560439561,0.23516483516483516,0.007032967032967033,0.05406593406593407,0.005714285714285714,0.090989010989011,0.01010989010989011,0.03120879120879121,0.008351648351648353,0.10681318681318681,0.02989010989010989,0.08087912087912089,0.003956043956043956,0.03208791208791209
0.24175824175824176,0.027692307692307693,0.035164835164835165,0.23384615384615384,0.007032967032967033,0.05582417582417582,0.005274725274725275,0.08923076923076922,0.00967032967032967,0.03296703296703297,0.007912087912087912,0.10637362637362638,0.03208791208791209,0.07692307692307693,0.004395604395604396,0.033846153846153845
0.2403888643393725,0.026071586389748123,0.032699955810870526,0.23773751657092354,0.008837825894829872,0.05965532479010163,0.004418912947414936,0.08882015024304021,0.008837825894829872,0.03314184710561202,0.008395934600088379,0.10693769332744145,0.03137428192664605,0.07556341140079541,0.004418912947414936,0.032699955810870526
0.24122612172367836,0.02576632607729898,0.03287427809862283,0.22923145268769435,0.007107952021323856,0.05730786317192359,0.0053309640159928924,0.09018214127054643,0.00888494002665482,0.03331852509995557,0.007107952021323856,0.10972900932918703,0.034207019102621056,0.0790759662372279,0.00444247001332741,0.034207019102621056
0.23714036617262424,0.023539668700959023,0.03095030514385353,0.22842197035745423,0.006974716652136007,0.05710549258936356,0.006974716652136007,0.09241499564080209,0.009154315605928508,0.03574542284219703,0.006974716652136007,0.11246730601569312,0.03095030514385353,0.08151700087183958,0.003923278116826504,0.03574542284219703
0.24598930481283424,0.023172905525846704,0.028966131907308377,0.22638146167557932,0.008021390374331552,0.057932263814616754,0.0066844919786096255,0.09402852049910873,0.009358288770053475,0.035650623885918005,0.0071301247771836,0.10695187165775401,0.030303030303030304,0.07709447415329768,0.004901960784313725,0.0374331550802139
0.24331550802139038,0.021836007130124777,0.027629233511586453,0.2268270944741533,0.007575757575757576,0.05570409982174688,0.0071301247771836,0.09803921568627451,0.010249554367201427,0.03877005347593583,0.0071301247771836,0.10606060606060606,0.03163992869875223,0.07620320855614973,0.004456327985739751,0.0374331550802139
0.24045634050021938,0.022817025010969723,0.02676612549363756,0.22465993856954805,0.008336989907854322,0.05835892935498026,0.008336989907854322,0.09609477841158402,0.01184730144800351,0.03290917068889864,0.007459412022817025,0.10881965774462483,0.03334795963141729,0.0759104870557262,0.005704256252742431,0.03817463799912242
0.2436010591350397,0.019417475728155338,0.026037069726390114,0.2228596646072374,0.0088261253309797,0.057811120917917035,0.00794351279788173,0.09532215357458076,0.011032656663724626,0.03265666372462489,0.008384819064430714,0.10723742277140336,0.03486319505736982,0.07678729037952339,0.00706090026478376,0.040158870255957636
0.24923879947803393,0.01783384080034798,0.02566333188342758,0.22444541104828186,0.009134406263592866,0.058286211396259245,0.007394519356241845,0.09047411918225315,0.011309264897781644,0.032622879512831666,0.008264462809917356,0.10526315789473684,0.03566768160069596,0.07525010874293171,0.008264462809917356,0.04088734232274902
0.2467877713779353,0.01860877270713336,0.022153300841825433,0.22197607443509082,0.008861320336730172,0.06380150642445724,0.008861320336730172,0.09171466548515729,0.012405848471422242,0.02924235711120957,0.008418254319893664,0.10190518387239698,0.03766061143110323,0.07886575099689853,0.008418254319893664,0.04031900753212229
0.24646643109540636,0.020318021201413426,0.020318021201413426,0.21908127208480566,0.007067137809187279,0.06669611307420495,0.009275618374558304,0.09231448763250884,0.013250883392226149,0.03312720848056537,0.007508833922261484,0.09938162544169611,0.03975265017667844,0.07597173144876325,0.009275618374558304,0.04019434628975265
0.24711623779946762,0.01818988464951198,0.018633540372670808,0.21561668145519078,0.008873114463176575,0.06566104702750665,0.009316770186335404,0.09538598047914817,0.013309671694764862,0.03149955634427684,0.008873114463176575,0.10381543921916593,0.041259982253771074,0.07275953859804792,0.008873114463176575,0.04081632653061224
0.2474591250552364,0.016349977905435263,0.020326999558108707,0.21254971277065843,0.009279717189571365,0.06672558550596554,0.010163499779054353,0.09412284577993814,0.012814847547503314,0.03049049933716306,0.006628369421122404,0.10472823685373397,0.04330534688466637,0.07467962881131242,0.009279717189571365,0.0410958904109589
0.24635117204776646,0.015479876160990712,0.01901813356921716,0.21406457319770014,0.008845643520566122,0.06678460858027421,0.009730207872622734,0.09332153914197258,0.011941618752764263,0.033171163202122954,0.006634232640424591,0.1021671826625387,0.04643962848297214,0.07607253427686864,0.008403361344537815,0.04157452454666077
0.24856512141280354,0.013245033112582781,0.018543046357615896,0.21456953642384105,0.008388520971302429,0.06754966887417219,0.009713024282560706,0.09403973509933775,0.011037527593818985,0.031788079470198675,0.006181015452538631,0.10022075055187638,0.046357615894039736,0.07770419426048565,0.008388520971302429,0.04370860927152318
0.2482425307557118,0.012302284710017574,0.018892794376098417,0.22012302284710017,0.007469244288224956,0.06458699472759227,0.00922671353251318,0.09578207381370826,0.009666080843585237,0.032952548330404216,0.006590509666080844,0.0984182776801406,0.04525483304042179,0.07820738137082602,0.00922671353251318,0.04305799648506151
0.25362637362637364,0.012307692307692308,0.02065934065934066,0.20703296703296703,0.008351648351648353,0.06461538461538462,0.009230769230769232,0.09494505494505495,0.01010989010989011,0.03340659340659341,0.006153846153846154,0.10417582417582417,0.046153846153846156,0.07736263736263736,0.008791208791208791,0.043076923076923075
0.2565789473684211,0.011842105263157895,0.02017543859649123,0.20833333333333334,0.007456140350877193,0.06578947368421052,0.008771929824561403,0.09385964912280702,0.009649122807017544,0.03333333333333333,0.006578947368421052,0.10219298245614035,0.04649122807017544,0.07894736842105263,0.008771929824561403,0.0412280701754386
0.25673884224480775,0.01104728236853734,0.0207688908528502,0.208572691117985,0.008395934600088379,0.07026071586389748,0.008837825894829872,0.0901458241272647,0.008837825894829872,0.032699955810870526,0.004860804242156429,0.10296067167476801,0.04639858594785683,0.07733097657976137,0.007954043305346884,0.04418912947414936
0.2577777777777778,0.010666666666666666,0.02,0.20622222222222222,0.007555555555555556,0.07066666666666667,0.009333333333333334,0.09288888888888888,0.008444444444444444,0.03422222222222222,0.0044444444444444444,0.10355555555555555,0.04844444444444444,0.07377777777777778,0.008,0.044
0.26194690265486725,0.010619469026548672,0.020353982300884955,0.2013274336283186,0.007079646017699115,0.07123893805309735,0.009292035398230088,0.09292035398230089,0.009292035398230088,0.030530973451327433,0.0048672566371681415,0.10398230088495575,0.048672566371681415,0.07389380530973451,0.007079646017699115,0.046902654867256637
0.25044014084507044,0.010123239436619719,0.01936619718309859,0.20422535211267606,0.007042253521126761,0.0743838028169014,0.008802816901408451,0.09815140845070422,0.01056338028169014,0.032130281690140844,0.0048415492957746475,0.10167253521126761,0.051056338028169015,0.07086267605633803,0.007482394366197183,0.0488556338028169
0.24868421052631579,0.010087719298245614,0.018421052631578946,0.20175438596491227,0.007456140350877193,0.07675438596491228,0.009649122807017544,0.09824561403508772,0.010087719298245614,0.032017543859649125,0.0043859649122807015,0.1013157894736842,0.05131578947368421,0.07236842105263158,0.008771929824561403,0.04868421052631579
0.24481693868548743,0.009704455227172474,0.019850022055580063,0.20599911777679752,0.007498897220996913,0.07587119541243935,0.007940008822232024,0.09704455227172475,0.009704455227172474,0.02999558888398765,0.00529333921482135,0.10145566828407587,0.05205116894574327,0.07146007940008822,0.010145566828407587,0.05116894574327305
0.24967032967032968,0.01054945054945055,0.017582417582417582,0.20659340659340658,0.0074725274725274725,0.0734065934065934,0.0074725274725274725,0.09714285714285714,0.009230769230769232,0.03208791208791209,0.005714285714285714,0.10373626373626374,0.053626373626373625,0.06813186813186813,0.01010989010989011,0.047472527472527476
0.25486725663716814,0.011946902654867256,0.018141592920353982,0.20265486725663717,0.007964601769911504,0.0743362831858407,0.009292035398230088,0.09513274336283185,0.008407079646017699,0.030530973451327433,0.0048672566371681415,0.10176991150442478,0.05575221238938053,0.06814159292035399,0.010619469026548672,0.045575221238938056
0.2507685551163812,0.011418533157663592,0.01844532279314888,0.20377689942907334,0.007465963987703118,0.07553798858146685,0.010101010101010102,0.09530083443126922,0.00834431269213878,0.029424681598594644,0.005270092226613966,0.10013175230566534,0.054457619675010976,0.07026789635485288,0.010540184453227932,0.048748353096179184
0.25186485300570427,0.013602457218078104,0.018429135585783237,0.20315928038613426,0.007898200965335674,0.07371654234313295,0.010969723562966213,0.09258446687143485,0.007459412022817025,0.030715225976305396,0.004826678367705134,0.10048266783677051,0.055726195699868364,0.06406318560772269,0.01184730144800351,0.05265467310223782
0.25109553023663456,0.012269938650306749,0.016652059596844872,0.2072743207712533,0.007887817703768623,0.07230499561787905,0.011393514460999123,0.08939526730937773,0.007449605609114811,0.030236634531113058,0.0052585451358457495,0.09684487291849254,0.057843996494303246,0.06836108676599474,0.012269938650306749,0.05346187554776512
0.25088028169014087,0.014084507042253521,0.01584507042253521,0.20642605633802816,0.007042253521126761,0.07394366197183098,0.01232394366197183,0.08582746478873239,0.007482394366197183,0.030369718309859156,0.006161971830985915,0.09727112676056338,0.05985915492957746,0.06866197183098592,0.011883802816901408,0.05193661971830986
0.2475770925110132,0.013215859030837005,0.01629955947136564,0.20792951541850221,0.006167400881057269,0.07444933920704846,0.011894273127753305,0.08105726872246696,0.007488986784140969,0.029955947136563875,0.006167400881057269,0.10176211453744494,0.061233480176211455,0.07048458149779736,0.011894273127753305,0.052422907488986786
0.25055041831792163,0.011889035667107,0.017173051519154558,0.2051959489211801,0.0066050198150594455,0.0717745486569793,0.011448701012769706,0.08366358432408631,0.007045354469396741,0.034346103038309116,0.0066050198150594455,0.09555261999119331,0.06252752091589608,0.0717745486569793,0.012329370321444297,0.05151915455746367
0.25219298245614036,0.010087719298245614,0.017105263157894738,0.20394736842105263,0.007017543859649123,0.0706140350877193,0.010526315789473684,0.08201754385964913,0.007017543859649123,0.035964912280701755,0.006578947368421052,0.10087719298245613,0.062280701754385964,0.0706140350877193,0.011842105263157895,0.05131578947368421
0.24900662251655628,0.012362030905077263,0.016777041942604858,0.1977924944812362,0.006181015452538631,0.0728476821192053,0.010596026490066225,0.0847682119205298,0.006181015452538631,0.03532008830022075,0.006622516556291391,0.09933774834437085,0.06578366445916115,0.0728476821192053,0.010154525386313467,0.053421633554083886
0.24428822495606328,0.012741652021089631,0.01757469244288225,0.19639718804920914,0.005272407732864675,0.07381370826010544,0.009666080843585237,0.0843585237258348,0.007908611599297012,0.03602811950790861,0.0057117750439367315,0.09973637961335677,0.06766256590509666,0.06942003514938488,0.011423550087873463,0.05799648506151142
0.24966562639322337,0.012037449843958983,0.016941596076683014,0.19215336602764155,0.006241640659830584,0.07445385644226482,0.008470798038341507,0.08559964333481944,0.007579135086937138,0.03967900133749443,0.0057958091841284,0.1012037449843959,0.06598305840392332,0.07044137316094516,0.01069995541685243,0.053053945608559964
0.24690265486725663,0.011504424778761062,0.015486725663716814,0.19778761061946903,0.00663716814159292,0.07212389380530973,0.008407079646017699,0.07964601769911504,0.007079646017699115,0.03893805309734513,0.006194690265486726,0.10221238938053097,0.07035398230088495,0.06858407079646017,0.011061946902654867,0.05707964601769912
0.24175824175824176,0.01098901098901099,0.015824175824175824,0.19824175824175824,0.007032967032967033,0.0698901098901099,0.009230769230769232,0.08087912087912089,0.007032967032967033,0.03956043956043956,0.007032967032967033,0.09934065934065935,0.07516483516483516,0.06769230769230769,0.011868131868131869,0.05846153846153846
0.23392070484581498,0.012334801762114538,0.01629955947136564,0.19911894273127753,0.00881057268722467,0.07048458149779736,0.010572687224669603,0.08502202643171806,0.006167400881057269,0.04052863436123348,0.007929515418502203,0.09911894273127753,0.07488986784140969,0.06740088105726873,0.01145374449339207,0.055947136563876655
0.23390275952693823,0.012702584318878668,0.015330705212439772,0.19973718791064388,0.008322382829610162,0.0692071835304424,0.010512483574244415,0.08672798948751642,0.00700832238282961,0.03942181340341656,0.008760402978537012,0.09811651335961455,0.0735873850197109,0.0700832238282961,0.011388523872098117,0.05519053876478318
0.23686553873552982,0.012466607301869992,0.014247551202137132,0.20213713268032057,0.009795191451469279,0.06856634016028496,0.010240427426536063,0.08771148708815672,0.008014247551202136,0.03784505788067676,0.007569011576135352,0.09260908281389137,0.07479964381121995,0.06990204808548531,0.012466607301869992,0.054764024933214604
0.23270163067430585,0.0123402379903041,0.013662406346408109,0.1974438078448656,0.011458792419568091,0.07183781401498457,0.011899515204936095,0.0872631115028647,0.00881445570736007,0.03878360511238431,0.00617011899515205,0.09828118113706479,0.0749228735125606,0.06919347730277656,0.0123402379903041,0.052886734244160426
0.2363556338028169,0.014524647887323943,0.012764084507042254,0.19762323943661972,0.010123239436619719,0.06910211267605634,0.01056338028169014,0.08494718309859155,0.009683098591549295,0.03697183098591549,0.005721830985915493,0.09595070422535211,0.07878521126760564,0.06778169014084508,0.012764084507042254,0.056338028169014086
0.23765432098765432,0.014109347442680775,0.013227513227513227,0.195326278659612,0.008818342151675485,0.068342151675485,0.01146384479717813,0.08818342151675485,0.009700176366843033,0.036155202821869487,0.006172839506172839,0.09523809523809523,0.08156966490299823,0.06481481481481481,0.011904761904761904,0.05731922398589065
0.23968393327480245,0.014047410008779631,0.012291483757682178,0.19798068481123793,0.009218612818261633,0.06584723441615452,0.01009657594381036,0.08647936786654961,0.01009657594381036,0.03775241439859526,0.007023705004389816,0.0961369622475856,0.08428446005267778,0.06453028972783142,0.010535557506584723,0.053994732221246705
0.24110671936758893,0.015371102327624066,0.011857707509881422,0.19938515590689504,0.00966183574879227,0.06324110671936758,0.011857707509881422,0.08432147562582346,0.010101010101010102,0.03689064558629776,0.007026789635485288,0.09617918313570488,0.08300395256916997,0.06455862977602109,0.012296881862099254,0.05314009661835749
0.24110671936758893,0.014492753623188406,0.012736056214317084,0.19938515590689504,0.010540184453227932,0.061484409310496264,0.011418533157663592,0.0821256038647343,0.010979358805445762,0.037768994290733424,0.007026789635485288,0.09705753184014053,0.08651734738691261,0.06236275801493193,0.010540184453227932,0.054457619675010976
0.23849557522123893,0.015486725663716814,0.011061946902654867,0.19823008849557522,0.011946902654867256,0.059734513274336286,0.011504424778761062,0.08495575221238938,0.010176991150442478,0.04026548672566372,0.006194690265486726,0.09601769911504425,0.09026548672566372,0.06283185840707965,0.010176991150442478,0.05265486725663717
0.24352786309784993,0.015796401930671347,0.010969723562966213,0.19394471259324264,0.01228609039052216,0.058797718297498906,0.010530934620447565,0.088635366388767,0.010092145677928916,0.0434401053093462,0.00614304519526108,0.09433962264150944,0.088635366388767,0.0596752961825362,0.010530934620447565,0.05265467310223782
0.2354781054512958,0.0160857908847185,0.011170688114387846,0.19436997319034852,0.012064343163538873,0.05987488829311886,0.009830205540661306,0.08579088471849866,0.011170688114387846,0.04155495978552279,0.006702412868632708,0.09785522788203753,0.09249329758713137,0.05987488829311886,0.01161751563896336,0.054066130473637175
0.22978347326557666,0.015466195315952275,0.010163499779054353,0.19752540874944763,0.012372956252761821,0.06407423773751657,0.008837825894829872,0.08882015024304021,0.011931064958020326,0.04286345558992488,0.0061864781263809105,0.09854175872735307,0.09147149801148917,0.059213433495360145,0.011489173663278833,0.05125939019001326
0.23049956178790534,0.015337423312883436,0.009640666082383873,0.19500438212094653,0.012708150744960562,0.0635407537248028,0.008764241893076249,0.0845749342681858,0.011831726555652936,0.04425942156003506,0.007449605609114811,0.0985977212971078,0.09640666082383874,0.05915863277826468,0.011831726555652936,0.050394390885188434
0.23555359505955006,0.014997794441993825,0.009704455227172474,0.19364799294221438,0.014556682840758712,0.06396118217909132,0.007940008822232024,0.08513453903837671,0.0105866784296427,0.043228936921041024,0.00882223202470225,0.10101455668284076,0.09880899867666519,0.05734450816056462,0.010145566828407587,0.04455227172474636
0.2349290780141844,0.015070921985815602,0.00975177304964539,0.19237588652482268,0.015070921985815602,0.060726950354609927,0.007978723404255319,0.08377659574468085,0.010638297872340425,0.04654255319148936,0.008865248226950355,0.09707446808510638,0.10328014184397163,0.05851063829787234,0.009308510638297872,0.04609929078014184
0.23614775725593667,0.016270888302550572,0.010993843447669306,0.1882145998240985,0.014511873350923483,0.05980650835532102,0.009674582233948988,0.07959542656112577,0.0079155672823219,0.044415127528583995,0.009234828496042216,0.09762532981530343,0.1090589270008795,0.05804749340369393,0.009234828496042216,0.04925241864555849
0.23721340388007053,0.01675485008818342,0.011904761904761904,0.18606701940035272,0.01455026455026455,0.059082892416225746,0.009700176366843033,0.07980599647266313,0.007936507936507936,0.045414462081128745,0.01146384479717813,0.09567901234567901,0.10890652557319223,0.05864197530864197,0.009259259259259259,0.047619047619047616
0.22951541850220264,0.015859030837004406,0.012334801762114538,0.18590308370044054,0.014977973568281937,0.05991189427312775,0.00881057268722467,0.08105726872246696,0.007929515418502203,0.04801762114537445,0.010572687224669603,0.09427312775330396,0.11189427312775331,0.05947136563876652,0.01013215859030837,0.04933920704845815
0.2371088585279859,0.01498457470251212,0.012780960775672102,0.19083296606434552,0.01498457470251212,0.05773468488320846,0.008373732921992068,0.07668576465403261,0.00749228735125606,0.04627589246364037,0.010577346848832084,0.09299250771264875,0.11018069634200088,0.05861613045394447,0.010136624063464082,0.0502423975319524
0.24412937527691625,0.015507310589277802,0.013735046521931768,0.18121400088613204,0.014621178555604785,0.057155516171909615,0.008418254319893664,0.07354895879486044,0.007089056269384138,0.042977403633141335,0.00930438635356668,0.09481612760301285,0.11431103234381923,0.06247230837394772,0.011519716437749225,0.04918032786885246
0.24156305506216696,0.013765541740674956,0.014653641207815276,0.1816163410301954,0.013321492007104795,0.058170515097690945,0.007992895204262877,0.07504440497335702,0.007104795737122558,0.04396092362344583,0.009325044404973356,0.09458259325044405,0.11190053285968028,0.06616341030195382,0.011101243339253997,0.0497335701598579
0.2497797356828194,0.013656387665198238,0.014977973568281937,0.18193832599118942,0.012334801762114538,0.06211453744493392,0.00881057268722467,0.07665198237885462,0.007048458149779736,0.04052863436123348,0.008370044052863436,0.08986784140969163,0.113215859030837,0.06299559471365639,0.009251101321585903,0.048458149779735685
0.25054945054945055,0.013186813186813187,0.014065934065934066,0.181978021978022,0.01054945054945055,0.0610989010989011,0.008791208791208791,0.07516483516483516,0.008351648351648353,0.0421978021978022,0.008351648351648353,0.09230769230769231,0.11648351648351649,0.06197802197802198,0.007912087912087912,0.047032967032967034
0.24615384615384617,0.014065934065934066,0.012307692307692308,0.18373626373626373,0.011428571428571429,0.06065934065934066,0.008351648351648353,0.07868131868131868,0.007912087912087912,0.04,0.008791208791208791,0.09142857142857143,0.12043956043956044,0.05978021978021978,0.0074725274725274725,0.04879120879120879
0.24187884108867427,0.015803336259877086,0.013169446883230905,0.18217734855136083,0.010974539069359086,0.06277436347673397,0.00877963125548727,0.07638279192273925,0.00877963125548727,0.043898156277436345,0.01009657594381036,0.09218612818261633,0.1189640035118525,0.0601404741000878,0.007462686567164179,0.046532045654082525
0.24371970030850595,0.014543851917144116,0.012780960775672102,0.1859850154252975,0.011458792419568091,0.061260467166152494,0.008373732921992068,0.07977082415160863,0.008373732921992068,0.044072278536800354,0.008373732921992068,0.09475539885412076,0.11635081533715293,0.05773468488320846,0.007933010136624064,0.04451300132216836
0.24366812227074236,0.013973799126637555,0.013537117903930132,0.188646288209607,0.01222707423580786,0.0611353711790393,0.008296943231441048,0.07860262008733625,0.009170305676855894,0.042358078602620086,0.007860262008733625,0.09388646288209607,0.11746724890829695,0.06026200873362445,0.007423580786026201,0.04148471615720524
0.24566088117489987,0.014686248331108143,0.013796172674677348,0.17757009345794392,0.011570983533600357,0.06052514463729417,0.00801068090787717,0.07832665776591011,0.00801068090787717,0.044058744993324434,0.0075656430796617715,0.09345794392523364,0.12461059190031153,0.06186025812194036,0.006675567423230975,0.04361370716510903
0.2393617021276596,0.01551418439716312,0.014184397163120567,0.17952127659574468,0.012411347517730497,0.06161347517730496,0.008421985815602837,0.07535460992907801,0.0070921985815602835,0.044326241134751775,0.007978723404255319,0.09485815602836879,0.12854609929078015,0.05939716312056738,0.0062056737588652485,0.04521276595744681
0.25,0.013644366197183098,0.014084507042253521,0.17825704225352113,0.012764084507042254,0.06073943661971831,0.009242957746478873,0.0743838028169014,0.007482394366197183,0.04357394366197183,0.006602112676056338,0.09463028169014084,0.1289612676056338,0.058098591549295774,0.006602112676056338,0.0409330985915493
0.25254312251216277,0.015479876160990712,0.01238390092879257,0.17691287041132242,0.011941618752764263,0.06413091552410438,0.008403361344537815,0.07518796992481203,0.007518796992481203,0.04157452454666077,0.005749668288367979,0.09597523219814241,0.13047324192835028,0.05395842547545334,0.006191950464396285,0.04157452454666077
0.2529488859764089,0.013543031891655745,0.011795543905635648,0.17387505460899957,0.010921799912625601,0.06290956749672345,0.008300567933595456,0.0764525993883792,0.00873743993010048,0.04325032765399738,0.005679335954565312,0.08868501529051988,0.13892529488859764,0.05329838357361293,0.007863695937090432,0.04281345565749235
0.2503317116320212,0.013710747456877488,0.012826183104820876,0.17293233082706766,0.011057054400707651,0.06457319770013269,0.009287925696594427,0.07651481645289694,0.00796107916850951,0.045112781954887216,0.006634232640424591,0.0880141530296329,0.13799203892083148,0.05307386112339673,0.00796107916850951,0.04201680672268908
0.25362637362637364,0.011428571428571429,0.013186813186813187,0.18021978021978022,0.011428571428571429,0.06813186813186813,0.008791208791208791,0.07384615384615385,0.0074725274725274725,0.04351648351648352,0.006153846153846154,0.08219780219780219,0.13406593406593406,0.05450549450549451,0.008791208791208791,0.04263736263736264
0.254416961130742,0.011042402826855124,0.013692579505300354,0.1771201413427562,0.011925795053003533,0.06625441696113074,0.008392226148409895,0.07553003533568904,0.007508833922261484,0.04372791519434629,0.006183745583038869,0.08348056537102473,0.1351590106007067,0.054328621908127206,0.008392226148409895,0.04284452296819788
0.2534095908490981,0.011878574571051475,0.015398152221733392,0.1737791465024197,0.011438627364716234,0.06687197536295644,0.009238891333040036,0.07479102507699076,0.007479102507699076,0.0431148262208535,0.007479102507699076,0.0818301803783546,0.13814342278926528,0.05279366476022877,0.007919049714034315,0.044434667839859214
0.25252082419991234,0.01183691363437089,0.015344147303814117,0.1705392371766769,0.012713722051731697,0.06751424813678211,0.010083296799649276,0.07496711968434897,0.00789127575624726,0.04515563349408154,0.007452871547566856,0.08154318281455503,0.13678211310828584,0.05392371766768961,0.00789127575624726,0.04384042086804033
0.24822695035460993,0.011081560283687944,0.014184397163120567,0.16932624113475178,0.012854609929078014,0.06870567375886524,0.011081560283687944,0.07136524822695035,0.0070921985815602835,0.04565602836879433,0.0062056737588652485,0.08289007092198582,0.14095744680851063,0.05585106382978723,0.007978723404255319,0.04654255319148936
0.24691901408450703,0.011883802816901408,0.013644366197183098,0.1694542253521127,0.013644366197183098,0.06690140845070422,0.011003521126760563,0.07174295774647887,0.008362676056338027,0.04665492957746479,0.006161971830985915,0.08450704225352113,0.13512323943661972,0.05897887323943662,0.007922535211267605,0.04709507042253521
0.24649122807017543,0.011842105263157895,0.011842105263157895,0.16140350877192983,0.014035087719298246,0.06842105263157895,0.010087719298245614,0.07412280701754385,0.009649122807017544,0.04736842105263158,0.005701754385964913,0.08289473684210526,0.1456140350877193,0.056140350877192984,0.007456140350877193,0.04692982456140351
0.24606643356643357,0.012237762237762238,0.0118006993006993,0.16258741258741258,0.012237762237762238,0.06818181818181818,0.01048951048951049,0.07692307692307693,0.01048951048951049,0.0472027972027972,0.006118881118881119,0.08173076923076923,0.13986013986013987,0.05812937062937063,0.008741258741258742,0.0472027972027972
0.24569916188795765,0.013674459638288486,0.013674459638288486,0.16188795765328629,0.010145566828407587,0.07013674459638289,0.010145566828407587,0.07587119541243935,0.0105866784296427,0.0458756065284517,0.0066166740185266875,0.07940008822232025,0.1415968239964711,0.056021173356859286,0.00882223202470225,0.049845610939567714
0.24,0.013186813186813187,0.012307692307692308,0.15472527472527473,0.00967032967032967,0.07120879120879121,0.012747252747252748,0.0778021978021978,0.011868131868131869,0.04659340659340659,0.007032967032967033,0.07868131868131868,0.14373626373626375,0.06021978021978022,0.00967032967032967,0.05054945054945055
0.237017310252996,0.013759431868619618,0.013315579227696404,0.15756768752774078,0.008433200177541057,0.06968486462494451,0.011984021304926764,0.07412339103417666,0.011096316023080338,0.047936085219707054,0.007101642254771416,0.07723035952063914,0.14957833999112294,0.06169551708832668,0.010208610741233911,0.0492676431424767
0.23654957759004003,0.015562472209871054,0.013339261894175189,0.15562472209871053,0.008448199199644287,0.06847487772343264,0.011560693641618497,0.07469986660738105,0.011560693641618497,0.048465984882169855,0.006224988883948421,0.07336594041796354,0.15384615384615385,0.06047132058692752,0.010226767452200978,0.05157847932414406
0.23670212765957446,0.018173758865248225,0.014184397163120567,0.14760638297872342,0.008421985815602837,0.07136524822695035,0.011968085106382979,0.07136524822695035,0.010638297872340425,0.04920212765957447,0.0070921985815602835,0.07402482269503546,0.15381205673758866,0.06028368794326241,0.010638297872340425,0.05452127659574468
0.24136403897254208,0.01771479185119575,0.013728963684676704,0.1483613817537644,0.007528786536758193,0.07218777679362268,0.011514614703277236,0.07218777679362268,0.011071744906997343,0.050487156775907885,0.006643046944198406,0.07307351638618247,0.15057573073516387,0.05890168290522586,0.009300265721877768,0.05535872453498671
0.23461708720672864,0.01593625498007968,0.013722886232846392,0.14962372731297033,0.008853474988933156,0.07215582115980522,0.011066843736166445,0.0703851261620186,0.011066843736166445,0.05090748118636565,0.00619743249225321,0.07835325365205843,0.14962372731297033,0.061531651173085435,0.007525453740593183,0.05843293492695883
0.23906319045514804,0.015024304021210782,0.013256738842244807,0.1506849315068493,0.008837825894829872,0.068935041979673,0.01104728236853734,0.06760936809544851,0.011489173663278833,0.053468846663720725,0.007512152010605391,0.07954043305346885,0.15112682280159082,0.0552364118426867,0.007512152010605391,0.05965532479010163
0.23790849673202613,0.016122004357298474,0.013507625272331155,0.14989106753812637,0.009150326797385621,0.07407407407407407,0.011328976034858388,0.06928104575163399,0.010021786492374727,0.054901960784313725,0.006535947712418301,0.07712418300653595,0.15076252723311548,0.05620915032679739,0.006971677559912854,0.05620915032679739
0.23633156966490299,0.015873015873015872,0.012345679012345678,0.14947089947089948,0.009259259259259259,0.07142857142857142,0.010141093474426807,0.07054673721340388,0.008818342151675485,0.05246913580246913,0.007054673721340388,0.08068783068783068,0.15608465608465608,0.05731922398589065,0.006613756613756613,0.05555555555555555
0.23368606701940034,0.01675485008818342,0.01146384479717813,0.14858906525573193,0.009259259259259259,0.07275132275132275,0.010141093474426807,0.0718694885361552,0.010141093474426807,0.05202821869488536,0.007495590828924162,0.07627865961199294,0.16225749559082892,0.05731922398589065,0.006172839506172839,0.053791887125220456
