C_R,C_A,C_S,C_N,D_R,D_A,D_S,D_N,Oc_R,Oc_A,Oc_S,Oc_N,Od_R,Od_A,Od_S,Od_N
0.0,0.0,1.0,0.0,0.0,0.0,0.0,0.0,0.0,0.0,0.0,0.0,0.0,0.0,0.0,0.0
0.0,0.0,0.6666666666666666,0.0,0.0,0.0,0.0,0.0,0.0,0.3333333333333333,0.0,0.0,0.0,0.0,0.0,0.0
0.0,0.0,0.0,0.0,0.0,0.0,0.0,0.0,0.0,0.0,0.0,0.4,0.0,0.2,0.0,0.4
0.0,0.0,0.0,0.0,0.0,0.0,0.0,0.0,0.0,0.0,0.0,0.14285714285714285,0.0,0.14285714285714285,0.0,0.7142857142857143
0.1,0.0,0.0,0.0,0.0,0.0,0.0,0.0,0.0,0.0,0.0,0.2,0.0,0.1,0.0,0.6
0.0,0.0,0.0,0.0,0.0,0.0,0.0,0.0,0.0,0.0,0.13333333333333333,0.06666666666666667,0.13333333333333333,0.13333333333333333,0.0,0.5333333333333333
0.0,0.0,0.05,0.0,0.0,0.0,0.0,0.0,0.0,0.0,0.1,0.05,0.2,0.05,0.0,0.55
0.0,0.07142857142857142,0.07142857142857142,0.0,0.0,0.0,0.0,0.0,0.07142857142857142,0.03571428571428571,0.10714285714285714,0.0,0.21428571428571427,0.07142857142857142,0.0,0.35714285714285715
0.05405405405405406,0.05405405405405406,0.08108108108108109,0.0,0.0,0.0,0.0,0.05405405405405406,0.05405405405405406,0.02702702702702703,0.02702702702702703,0.0,0.2702702702702703,0.05405405405405406,0.0,0.32432432432432434
0.02,0.06,0.14,0.06,0.0,0.0,0.0,0.08,0.04,0.04,0.02,0.06,0.22,0.06,0.0,0.2
0.013888888888888888,0.06944444444444445,0.06944444444444445,0.06944444444444445,0.027777777777777776,0.0,0.0,0.08333333333333333,0.0,0.05555555555555555,0.027777777777777776,0.09722222222222222,0.2222222222222222,0.041666666666666664,0.0,0.2222222222222222
0.029411764705882353,0.049019607843137254,0.00980392156862745,0.0784313725490196,0.00980392156862745,0.0196078431372549,0.0,0.09803921568627451,0.0,0.0784313725490196,0.0392156862745098,0.0784313725490196,0.22549019607843138,0.06862745098039216,0.0,0.21568627450980393
0.046875,0.0390625,0.015625,0.1015625,0.0078125,0.0078125,0.0,0.0859375,0.0,0.078125,0.0546875,0.0703125,0.21875,0.078125,0.0,0.1953125
0.049689440993788817,0.049689440993788817,0.018633540372670808,0.10559006211180125,0.0,0.012422360248447204,0.0,0.08695652173913043,0.0,0.08074534161490683,0.012422360248447204,0.062111801242236024,0.22981366459627328,0.062111801242236024,0.0,0.22981366459627328
0.04854368932038835,0.04854368932038835,0.009708737864077669,0.10194174757281553,0.0,0.02912621359223301,0.009708737864077669,0.08737864077669903,0.0,0.08737864077669903,0.019417475728155338,0.08737864077669903,0.22330097087378642,0.07281553398058252,0.014563106796116505,0.16019417475728157
0.058365758754863814,0.03501945525291829,0.0,0.10894941634241245,0.0038910505836575876,0.0311284046692607,0.0311284046692607,0.07003891050583658,0.0,0.07782101167315175,0.01556420233463035,0.0933852140077821,0.2140077821011673,0.07003891050583658,0.01556420233463035,0.17509727626459143
0.0749185667752443,0.04234527687296417,0.006514657980456026,0.11726384364820847,0.003257328990228013,0.035830618892508145,0.019543973941368076,0.04560260586319218,0.009771986970684038,0.06514657980456026,0.02280130293159609,0.10097719869706841,0.19218241042345277,0.0781758957654723,0.019543973941368076,0.16612377850162866
0.05475504322766571,0.03170028818443804,0.005763688760806916,0.12103746397694524,0.005763688760806916,0.043227665706051875,0.020172910662824207,0.06051873198847262,0.002881844380403458,0.069164265129683,0.023054755043227664,0.10086455331412104,0.1873198847262248,0.10951008645533142,0.005763688760806916,0.1585014409221902
0.056074766355140186,0.02570093457943925,0.02102803738317757,0.1191588785046729,0.014018691588785047,0.04439252336448598,0.016355140186915886,0.04672897196261682,0.007009345794392523,0.06775700934579439,0.018691588785046728,0.10514018691588785,0.18457943925233644,0.09345794392523364,0.011682242990654205,0.16822429906542055
0.06134969325153374,0.024539877300613498,0.022494887525562373,0.11860940695296524,0.014314928425357873,0.044989775051124746,0.016359918200409,0.044989775051124746,0.0081799591002045,0.07566462167689161,0.022494887525562373,0.10429447852760736,0.18200408997955012,0.07975460122699386,0.012269938650306749,0.16768916155419222
0.06172839506172839,0.02821869488536155,0.021164021164021163,0.1146384479717813,0.012345679012345678,0.031746031746031744,0.01763668430335097,0.054673721340388004,0.012345679012345678,0.08641975308641975,0.024691358024691357,0.1111111111111111,0.1781305114638448,0.08994708994708994,0.015873015873015872,0.13932980599647266
0.06412213740458016,0.030534351145038167,0.021374045801526718,0.1282442748091603,0.016793893129770993,0.044274809160305344,0.015267175572519083,0.06259541984732825,0.016793893129770993,0.08091603053435115,0.022900763358778626,0.09923664122137404,0.15877862595419848,0.09312977099236641,0.024427480916030534,0.12061068702290076
0.07746478873239436,0.0323943661971831,0.023943661971830985,0.13802816901408452,0.011267605633802818,0.04788732394366197,0.011267605633802818,0.0647887323943662,0.01267605633802817,0.08169014084507042,0.015492957746478873,0.09295774647887324,0.1647887323943662,0.08028169014084507,0.023943661971830985,0.12112676056338029
0.08516129032258064,0.03225806451612903,0.024516129032258065,0.13032258064516128,0.014193548387096775,0.05161290322580645,0.0064516129032258064,0.05806451612903226,0.01032258064516129,0.07096774193548387,0.012903225806451613,0.1032258064516129,0.18193548387096775,0.08387096774193549,0.016774193548387096,0.11741935483870967
0.08333333333333333,0.02976190476190476,0.025,0.13452380952380952,0.011904761904761904,0.05119047619047619,0.007142857142857143,0.0630952380952381,0.009523809523809525,0.07738095238095238,0.014285714285714285,0.09285714285714286,0.17857142857142858,0.1,0.015476190476190477,0.10595238095238095
0.09170305676855896,0.026200873362445413,0.021834061135371178,0.1299126637554585,0.009825327510917031,0.043668122270742356,0.007641921397379912,0.07096069868995633,0.012008733624454149,0.0851528384279476,0.0054585152838427945,0.10589519650655022,0.1812227074235808,0.09170305676855896,0.010917030567685589,0.10589519650655022
0.09063745019920319,0.021912350597609563,0.0249003984063745,0.13645418326693226,0.014940239043824702,0.0398406374501992,0.014940239043824702,0.06673306772908366,0.008964143426294821,0.0796812749003984,0.00298804780876494,0.10159362549800798,0.18326693227091634,0.09860557768924302,0.01195219123505976,0.10258964143426295
0.09943714821763602,0.019699812382739212,0.02626641651031895,0.13133208255159476,0.016885553470919325,0.04596622889305816,0.01876172607879925,0.06191369606003752,0.01125703564727955,0.08067542213883677,0.005628517823639775,0.10131332082551595,0.17166979362101314,0.09662288930581614,0.0075046904315197,0.1050656660412758
0.0989492119089317,0.017513134851138354,0.02714535901926445,0.14535901926444833,0.023642732049036778,0.0446584938704028,0.014010507880910683,0.0691768826619965,0.01138353765323993,0.07705779334500876,0.005253940455341506,0.09632224168126094,0.17162872154115585,0.09632224168126094,0.0070052539404553416,0.09457092819614711
0.09688013136288999,0.020525451559934318,0.021346469622331693,0.14367816091954022,0.022988505747126436,0.040229885057471264,0.017241379310344827,0.07307060755336617,0.011494252873563218,0.08456486042692939,0.006568144499178982,0.09441707717569786,0.1683087027914614,0.09195402298850575,0.010673234811165846,0.0960591133004926
0.10363924050632911,0.01661392405063291,0.0189873417721519,0.14082278481012658,0.01740506329113924,0.04113924050632911,0.012658227848101266,0.0759493670886076,0.01977848101265823,0.08465189873417721,0.00870253164556962,0.09731012658227849,0.17484177215189872,0.08860759493670886,0.007911392405063292,0.09098101265822785
0.10558069381598793,0.020361990950226245,0.020361990950226245,0.14027149321266968,0.0196078431372549,0.05052790346907994,0.011312217194570135,0.07541478129713423,0.021116138763197588,0.08144796380090498,0.013574660633484163,0.09200603318250378,0.16968325791855204,0.08220211161387632,0.004524886877828055,0.09200603318250378
0.10845986984815618,0.018799710773680405,0.023138105567606652,0.14895155459146783,0.01735357917570499,0.0549530007230658,0.012292118582791034,0.07881417208966016,0.018076644974692697,0.08676789587852494,0.008676789587852495,0.08387563268257411,0.16268980477223427,0.07592190889370933,0.0072306579898770785,0.09399855386840203
0.1083844580777096,0.012951601908657124,0.029993183367416496,0.1438309475119291,0.017041581458759374,0.053169734151329244,0.012269938650306749,0.08111792774369461,0.014314928425357873,0.08929788684389911,0.010224948875255624,0.08588957055214724,0.16973415132924335,0.08384458077709611,0.00954328561690525,0.07839127471029311
0.11925383077948035,0.01798800799467022,0.02731512325116589,0.13391072618254496,0.011325782811459028,0.057961359093937376,0.009327115256495669,0.0832778147901399,0.009327115256495669,0.0899400399733511,0.015989340439706862,0.07994670219853431,0.18121252498334445,0.0832778147901399,0.010659560293137908,0.06928714190539641
0.11398963730569948,0.017487046632124352,0.02072538860103627,0.12564766839378239,0.016191709844559584,0.06023316062176166,0.009715025906735751,0.08419689119170984,0.010362694300518135,0.0900259067357513,0.012953367875647668,0.08354922279792747,0.18134715025906736,0.09455958549222798,0.012305699481865285,0.0667098445595855
0.11174603174603175,0.01904761904761905,0.017142857142857144,0.1219047619047619,0.013333333333333334,0.06666666666666667,0.009523809523809525,0.08952380952380952,0.014603174603174604,0.09142857142857143,0.014603174603174604,0.08253968253968254,0.17523809523809525,0.09206349206349207,0.009523809523809525,0.07111111111111111
0.1097334159950403,0.02169869807811531,0.01425914445133292,0.11655300681959083,0.01425914445133292,0.06633601983880967,0.008679479231246125,0.0929944203347799,0.017978921264724116,0.09175449473031617,0.012399256044637322,0.07997520148791072,0.17606943583384996,0.09051456912585244,0.01425914445133292,0.07253564786112833
0.11131276467029642,0.013309134906231096,0.012099213551119177,0.11252268602540835,0.019358741681790685,0.06715063520871144,0.011494252873563218,0.09074410163339383,0.01572897761645493,0.10163339382940109,0.011494252873563218,0.0780399274047187,0.17664851784633998,0.08711433756805807,0.013914095583787053,0.07743496672716274
0.11189634864546526,0.01060070671378092,0.012367491166077738,0.11425206124852769,0.019434628975265017,0.07361601884570082,0.0076560659599528855,0.09952885747938751,0.012956419316843345,0.10011778563015312,0.011189634864546525,0.07714958775029446,0.18138987043580684,0.07773851590106007,0.013545347467608953,0.07656065959952886
0.11574618096357227,0.00881316098707403,0.01410105757931845,0.12103407755581669,0.01880141010575793,0.07344300822561692,0.00763807285546416,0.09518213866039953,0.0099882491186839,0.0963572267920094,0.010575793184488837,0.0799059929494712,0.1844888366627497,0.07050528789659224,0.011163337250293772,0.08225616921269095
0.12260313771063336,0.013945380592678676,0.009877977919814061,0.1231841952353283,0.019755955839628123,0.06914584543869844,0.004648460197559558,0.09180708890180128,0.01336432306798373,0.09529343404997094,0.011040092969203951,0.07960488088320744,0.19116792562463683,0.07147007553747821,0.010459035444509006,0.0726321905868681
0.11610700056915196,0.016505406943653957,0.010813887307911212,0.13204325554923166,0.018782014797951052,0.06715993170176437,0.005122367672168469,0.08195788275469551,0.015367103016505406,0.09220261809903244,0.005691519635742743,0.0842344906089926,0.2060330108138873,0.07057484348321001,0.007398975526465566,0.07000569151963575
0.11444759206798867,0.013597733711048159,0.014730878186968839,0.11954674220963173,0.018696883852691217,0.06458923512747876,0.006232294617563739,0.07988668555240794,0.01586402266288952,0.08725212464589235,0.010198300283286119,0.08385269121813031,0.21189801699716715,0.07308781869688386,0.009065155807365438,0.07705382436260623
0.11366181410974244,0.015677491601343786,0.014557670772676373,0.10918253079507279,0.01791713325867861,0.06886898096304592,0.005599104143337066,0.0767077267637178,0.013997760358342666,0.08286674132138858,0.013437849944008958,0.08958566629339305,0.22676371780515117,0.06550951847704367,0.008958566629339306,0.0767077267637178
0.11698537682789652,0.012373453318335208,0.014623172103487065,0.10348706411698538,0.016310461192350956,0.06749156355455568,0.00562429696287964,0.07424071991001124,0.011811023622047244,0.0843644544431946,0.019122609673790775,0.08886389201349831,0.23397075365579303,0.06805399325084364,0.007311586051743532,0.07536557930258718
0.11780973451327434,0.012168141592920354,0.01327433628318584,0.10287610619469026,0.008849557522123894,0.061946902654867256,0.008296460176991151,0.08019911504424779,0.011061946902654867,0.08738938053097345,0.016592920353982302,0.08075221238938053,0.2411504424778761,0.07245575221238938,0.00663716814159292,0.07853982300884955
0.12172489082969433,0.013100436681222707,0.01037117903930131,0.10589519650655022,0.0054585152838427945,0.05786026200873363,0.007641921397379912,0.07969432314410481,0.013100436681222707,0.08733624454148471,0.009825327510917031,0.07532751091703056,0.25709606986899564,0.06550218340611354,0.009825327510917031,0.08024017467248909
0.11980572045331894,0.011332973556395036,0.010793308148947653,0.10145709660010793,0.0064759848893685915,0.0528872099298435,0.009713977334052886,0.07285483000539665,0.01672962763086886,0.08742579600647599,0.009174311926605505,0.07069616837560712,0.27145169994603346,0.06314085267134377,0.016189962223421478,0.07987048030221262
0.12091503267973856,0.013071895424836602,0.010893246187363835,0.10620915032679738,0.00980392156862745,0.05337690631808279,0.006535947712418301,0.06971677559912855,0.016339869281045753,0.08496732026143791,0.013616557734204794,0.07298474945533769,0.26851851851851855,0.06753812636165578,0.014705882352941176,0.07080610021786492
0.12384573601303639,0.015209125475285171,0.010863661053775122,0.10972297664312873,0.015752308527973928,0.051059206952743075,0.006518196632265073,0.06898424769147203,0.016295491580662683,0.08093427485062465,0.00977729494839761,0.0755024443237371,0.269418794133623,0.06735469853340575,0.009234111895708854,0.06952743074416078
0.1281216069489685,0.017915309446254073,0.011943539630836048,0.11617806731813246,0.014657980456026058,0.04668838219326819,0.006514657980456026,0.06677524429967427,0.009229098805646038,0.08686210640608034,0.009229098805646038,0.06677524429967427,0.2736156351791531,0.06731813246471227,0.008686210640608035,0.06948968512486428
0.12852494577006507,0.016268980477223426,0.012472885032537961,0.1079175704989154,0.013015184381778741,0.04772234273318872,0.009219088937093275,0.06236442516268981,0.008134490238611713,0.0851409978308026,0.00596529284164859,0.0650759219088937,0.2890455531453362,0.0710412147505423,0.007592190889370932,0.07049891540130152
0.11733333333333333,0.012266666666666667,0.0144,0.09546666666666667,0.013866666666666666,0.04533333333333334,0.014933333333333333,0.06826666666666667,0.011733333333333333,0.08746666666666666,0.008533333333333334,0.0592,0.3082666666666667,0.064,0.009066666666666667,0.06986666666666666
0.12242686890574214,0.015167930660888408,0.013001083423618635,0.09100758396533044,0.013001083423618635,0.043878656554712896,0.012459371614301192,0.06500541711809317,0.014626218851570965,0.08829902491874322,0.00866738894907909,0.06067172264355363,0.30335861321776814,0.06121343445287107,0.009209100758396533,0.0780065005417118
0.12762520193861066,0.014001077005923533,0.014539579967689823,0.09262250942380183,0.012924071082390954,0.0420032310177706,0.009693053311793215,0.07054388799138395,0.014539579967689823,0.09531502423263329,0.007000538502961767,0.05600430802369413,0.2983306408185245,0.06085083467959074,0.009154550350026925,0.07485191168551426
0.12263641274986493,0.017828200972447326,0.00864397622906537,0.09130199891950297,0.01620745542949757,0.04538087520259319,0.010804970286331712,0.06050783360345759,0.012965964343598054,0.09724473257698542,0.009184224743381956,0.05294435440302539,0.31388438681793623,0.05726634251755808,0.006482982171799027,0.07671528903295516
0.13547334058759522,0.01958650707290533,0.007616974972796518,0.08269858541893363,0.018498367791077257,0.046789989118607184,0.008705114254624592,0.05821545157780196,0.01632208922742111,0.0897714907508161,0.006528835690968444,0.046789989118607184,0.3220892274211099,0.05821545157780196,0.007072905331882481,0.07562568008705114
0.13841961852861034,0.013623978201634877,0.011989100817438692,0.08555858310626703,0.016893732970027248,0.046866485013623976,0.007629427792915531,0.06267029972752043,0.015258855585831062,0.09155313351498638,0.0038147138964577656,0.046866485013623976,0.3215258855585831,0.0555858310626703,0.008174386920980926,0.07356948228882834
0.14842903575297942,0.012459371614301192,0.012459371614301192,0.08938244853737812,0.012459371614301192,0.04658721560130011,0.008125677139761646,0.06121343445287107,0.018418201516793065,0.08721560130010834,0.004875406283856988,0.05037919826652221,0.32123510292524377,0.04604550379198267,0.008125677139761646,0.07258938244853738
0.1509433962264151,0.01293800539083558,0.014555256064690027,0.08086253369272237,0.019946091644204852,0.04743935309973046,0.00646900269541779,0.06037735849056604,0.01778975741239892,0.08194070080862534,0.010242587601078167,0.050673854447439354,0.30835579514824796,0.05013477088948787,0.007547169811320755,0.07978436657681941
0.15755278830536004,0.018408229561451002,0.016242555495397944,0.07579859231185707,0.01570113697888468,0.047644829453167295,0.005955603681645912,0.06280454791553872,0.015159718462371413,0.08879263670817542,0.007579859231185706,0.05468327016783974,0.31077422847861397,0.04547915538711424,0.009745533297238766,0.0676773145641581
0.1542581681842528,0.01713979646491698,0.013926084627745045,0.07820032137118371,0.012854847348687734,0.049276914836636314,0.005356186395286556,0.06588109266202463,0.01339046598821639,0.08891269416175683,0.011247991430101767,0.05409748259239421,0.31012319228709156,0.05249062667380825,0.010176754151044456,0.06266738082485271
0.15567567567567567,0.016216216216216217,0.011351351351351352,0.08054054054054054,0.018378378378378378,0.04972972972972973,0.0075675675675675675,0.0627027027027027,0.012972972972972972,0.08054054054054054,0.01027027027027027,0.05297297297297297,0.3081081081081081,0.06054054054054054,0.008108108108108109,0.06432432432432432
0.14957264957264957,0.014957264957264958,0.011217948717948718,0.07745726495726496,0.015491452991452992,0.042200854700854704,0.008547008547008548,0.05929487179487179,0.018162393162393164,0.0811965811965812,0.01014957264957265,0.05982905982905983,0.31356837606837606,0.06196581196581197,0.008012820512820512,0.06837606837606838
0.1502449646162221,0.015786608600979857,0.013609145345672292,0.08002177463255307,0.015242242787152967,0.05117038649972782,0.007076755579749592,0.065323897659227,0.0195971692977681,0.07403375068045727,0.004354926510615134,0.05606967882416984,0.3157321720195972,0.05389221556886228,0.007621121393576484,0.07022318998366903
0.16189962223421478,0.016189962223421478,0.0124123043712898,0.07123583378305451,0.01457096600107933,0.05018888289260658,0.004317323259579061,0.06475984889368591,0.015110631408526714,0.06799784133837021,0.004317323259579061,0.06098219104155424,0.3259579060982191,0.05558553696708041,0.0059363194819212085,0.06853750674581759
0.16067538126361655,0.011982570806100218,0.008714596949891068,0.07352941176470588,0.010893246187363835,0.04793028322440087,0.007625272331154684,0.06045751633986928,0.016884531590413945,0.08061002178649238,0.004357298474945534,0.0593681917211329,0.3284313725490196,0.05773420479302832,0.008169934640522876,0.06263616557734204
0.16754756871035942,0.008985200845665961,0.005285412262156448,0.0755813953488372,0.01638477801268499,0.04386892177589852,0.010570824524312896,0.06025369978858351,0.01849894291754757,0.07346723044397463,0.005813953488372093,0.06025369978858351,0.32928118393234673,0.05813953488372093,0.005813953488372093,0.06025369978858351
0.16711016498137307,0.010111761575306013,0.006918573709419904,0.07503991484832358,0.013837147418839808,0.04257583821181479,0.011708355508249068,0.061734965407131456,0.020755721128259713,0.06758914316125599,0.007982969664715274,0.061202767429483766,0.33102714209686,0.05747738158594997,0.007450771687067589,0.05747738158594997
0.16883116883116883,0.011904761904761904,0.005411255411255411,0.07467532467532467,0.015151515151515152,0.05032467532467533,0.00974025974025974,0.057900432900432904,0.0183982683982684,0.06601731601731602,0.008116883116883116,0.060064935064935064,0.33170995670995673,0.05519480519480519,0.007575757575757576,0.058982683982683984
0.1766897285790314,0.009579563597658328,0.0037253858435337944,0.07344332091538053,0.012772751463544438,0.045769026077700906,0.007450771687067589,0.0601383714741884,0.020223523150612027,0.05800957956359766,0.010111761575306013,0.061202767429483766,0.339542309739223,0.056412985630654604,0.008515167642362959,0.056412985630654604
0.1742826780021254,0.01381509032943677,0.009032943676939426,0.07332624867162593,0.006907545164718385,0.04410201912858661,0.007970244420828906,0.06110520722635494,0.018597236981934114,0.057385759829968117,0.009032943676939426,0.06535600425079703,0.3368756641870351,0.05526036131774708,0.010626992561105207,0.0563230605738576
0.17168998923573736,0.012917115177610334,0.005920344456404736,0.07319698600645856,0.00914962325080732,0.043595263724434875,0.008611410118406888,0.06458557588805167,0.016146393972012917,0.05543595263724435,0.008611410118406888,0.06297093649085038,0.35252960172228204,0.052206673842841764,0.01022604951560818,0.052206673842841764
0.1654054054054054,0.014054054054054054,0.006486486486486486,0.07783783783783783,0.009189189189189189,0.04540540540540541,0.010810810810810811,0.06702702702702702,0.01027027027027027,0.05459459459459459,0.004324324324324324,0.0654054054054054,0.35783783783783785,0.04864864864864865,0.007027027027027027,0.055675675675675676
0.16115261472785486,0.013340448239060833,0.008537886872998933,0.08057630736392743,0.010138740661686232,0.044823906083244394,0.008537886872998933,0.06456776947705443,0.012806830309498399,0.04855923159018143,0.0032017075773745998,0.06670224119530416,0.35432230522945574,0.05976520811099253,0.006937033084311633,0.056029882604055496
0.16108452950558214,0.013290802764486975,0.010101010101010102,0.07708665603402445,0.01063264221158958,0.044657097288676235,0.011164274322169059,0.06485911749069644,0.01541733120680489,0.044125465178096755,0.004253056884635832,0.0786815523657629,0.3524720893141946,0.051568314726209465,0.008506113769271665,0.052099946836788945
0.1488,0.016,0.013866666666666666,0.07626666666666666,0.011733333333333333,0.0448,0.006933333333333333,0.058666666666666666,0.010133333333333333,0.04426666666666667,0.007466666666666667,0.08213333333333334,0.36533333333333334,0.048,0.008533333333333334,0.05706666666666667
0.1460435475305364,0.012745618693574084,0.007434944237918215,0.08390865639936272,0.013807753584705257,0.04938927243759957,0.01009028146574615,0.05469994689325544,0.010621348911311737,0.043016463090812536,0.007966011683483803,0.07169410515135423,0.37334041423260755,0.04779607010090282,0.008497079129049389,0.05894848645778014
0.14316353887399463,0.009115281501340482,0.010187667560321715,0.09276139410187667,0.014477211796246649,0.04396782841823056,0.010187667560321715,0.05254691689008043,0.015013404825737266,0.042359249329758715,0.005898123324396783,0.0707774798927614,0.38123324396782843,0.048793565683646116,0.005898123324396783,0.05361930294906166
0.13638729828214471,0.00676730869338886,0.007808433107756377,0.08953669963560645,0.01353461738677772,0.042165538781884435,0.007287870900572618,0.05778240499739719,0.017699115044247787,0.045809474232170744,0.007287870900572618,0.07235814679854242,0.3872982821447163,0.04945340968245705,0.00676730869338886,0.052056220718375845
0.13688610240334378,0.007836990595611285,0.0073145245559038665,0.09404388714733543,0.011494252873563218,0.04336468129571578,0.01044932079414838,0.054336468129571575,0.012016718913270637,0.0522466039707419,0.008881922675026124,0.06844305120167189,0.39184952978056425,0.04597701149425287,0.005747126436781609,0.04911180773249739
0.13734812466983623,0.008452192287374538,0.005282620179609086,0.08927628103539356,0.01162176439513999,0.042789223454833596,0.012150026413100899,0.055995773903856315,0.012678288431061807,0.05335446381405177,0.007395668251452721,0.058637083993660855,0.40200739566825144,0.04648705758055996,0.005810882197569995,0.05071315372424723
0.13967073818374934,0.008497079129049389,0.007434944237918215,0.08178438661710037,0.008497079129049389,0.044078597981943704,0.007966011683483803,0.057886351566648966,0.011152416356877323,0.048858204992033985,0.007966011683483803,0.05947955390334572,0.4142326075411577,0.04726500265533723,0.006372809346787042,0.048858204992033985
0.1394736842105263,0.01368421052631579,0.009473684210526316,0.07736842105263157,0.011052631578947368,0.053157894736842105,0.007894736842105263,0.06,0.01,0.04421052631578947,0.007894736842105263,0.05421052631578947,0.4163157894736842,0.045263157894736845,0.005789473684210527,0.04421052631578947
0.13841201716738197,0.01072961373390558,0.009120171673819743,0.08047210300429185,0.013412017167381975,0.049892703862660946,0.008583690987124463,0.06437768240343347,0.009120171673819743,0.04667381974248927,0.0075107296137339056,0.0536480686695279,0.4206008583690987,0.03755364806866953,0.006437768240343348,0.04345493562231759
0.1397564849126522,0.012175754367390153,0.007940709370037057,0.08046585494970884,0.01270513499205929,0.047114875595553204,0.006352567496029645,0.06405505558496559,0.009528851244044468,0.04976177871889889,0.012175754367390153,0.0513499205929063,0.41874007411328745,0.03811540497617787,0.006352567496029645,0.04340921122286924
0.13187399893219434,0.009610250934329953,0.009610250934329953,0.08542445274959957,0.011745862253069941,0.048585157501334755,0.007474639615589963,0.060864922584089695,0.007474639615589963,0.04805125467164976,0.00800854244527496,0.050720768820074744,0.43139348638547786,0.041110517885744796,0.00800854244527496,0.0400427122263748
0.12933753943217666,0.01629863301787592,0.011041009463722398,0.0935856992639327,0.014195583596214511,0.04784437434279706,0.00946372239747634,0.05362776025236593,0.009989484752891693,0.0452155625657203,0.006309148264984227,0.046267087276550996,0.4305993690851735,0.03890641430073607,0.0057833859095688745,0.04153522607781283
0.1230850501848917,0.014263074484944533,0.01162176439513999,0.09350237717908082,0.012150026413100899,0.04120443740095087,0.008452192287374538,0.05758055995773904,0.01162176439513999,0.04490227152667723,0.005810882197569995,0.048600105652403594,0.4368726888536714,0.04490227152667723,0.003169572107765452,0.04226096143687269
0.12146596858638743,0.015183246073298429,0.009424083769633508,0.08952879581151832,0.013089005235602094,0.041884816753926704,0.005235602094240838,0.05602094240837696,0.01099476439790576,0.04712041884816754,0.007853403141361256,0.05235602094240838,0.43926701570680626,0.043455497382198956,0.0020942408376963353,0.04502617801047121
0.12241653418124006,0.01589825119236884,0.009538950715421303,0.09220985691573927,0.011658717541070483,0.040275569687334395,0.008479067302596715,0.054583995760466346,0.011128775834658187,0.04239533651298357,0.006359300476947536,0.05405405405405406,0.43932167461579225,0.04292527821939587,0.005299417064122946,0.04345521992580816
0.12546125461254612,0.014760147601476014,0.011597258829731154,0.08961518186610437,0.013178703215603585,0.04164470216130733,0.0063257775434897206,0.050606220347917764,0.01107011070110701,0.04428044280442804,0.0036900369003690036,0.044807590933052185,0.4565102793885082,0.03848181338956247,0.005271481286241434,0.042698998418555616
0.1282186022070415,0.014713610089332634,0.012611665790856543,0.09090909090909091,0.013137151865475564,0.040987913820283765,0.005780346820809248,0.0441408302679979,0.007882291119285338,0.04466631634261692,0.004729374671571204,0.04939569101418812,0.4598003152916448,0.033631108775617445,0.005254860746190226,0.0441408302679979
0.1226215644820296,0.01638477801268499,0.012156448202959831,0.09460887949260043,0.016913319238900635,0.04386892177589852,0.006342494714587738,0.03488372093023256,0.009513742071881607,0.04281183932346723,0.004228329809725159,0.04492600422832981,0.46035940803382663,0.03964059196617336,0.006871035940803382,0.04386892177589852
0.13089560148383678,0.01695813460519343,0.011658717541070483,0.09167991520932697,0.014308426073131956,0.04345521992580816,0.005829358770535241,0.036036036036036036,0.01377848436671966,0.047164811870694226,0.0037095919448860626,0.04133545310015898,0.44939056703762587,0.04239533651298357,0.005299417064122946,0.046104928457869634
0.13198509845662587,0.016498137307078234,0.013837147418839808,0.08728046833422033,0.016498137307078234,0.03512506652474721,0.007982969664715274,0.034592868547099524,0.015965939329430547,0.047897817988291645,0.006918573709419904,0.04044704630122405,0.4571580627993614,0.041511442256519426,0.010111761575306013,0.036189462480042574
0.1354389721627409,0.011777301927194861,0.011777301927194861,0.09207708779443255,0.014453961456102784,0.03640256959314775,0.008565310492505354,0.032655246252676656,0.014453961456102784,0.04764453961456103,0.008565310492505354,0.046573875802997856,0.45610278372591007,0.03747323340471092,0.008029978586723769,0.03800856531049251
0.14814814814814814,0.015873015873015872,0.010582010582010581,0.08624338624338625,0.015873015873015872,0.03492063492063492,0.008994708994708995,0.037037037037037035,0.013756613756613757,0.0417989417989418,0.00582010582010582,0.043915343915343914,0.44497354497354497,0.04497354497354497,0.008994708994708995,0.0380952380952381
0.14637985309548793,0.016789087093389297,0.012067156348373556,0.07922350472193075,0.018363064008394544,0.027806925498426022,0.008919202518363064,0.03672612801678909,0.008919202518363064,0.04407135362014691,0.0062959076600209865,0.04564533053515215,0.4559286463798531,0.04407135362014691,0.009968520461699895,0.03882476390346275
0.1470276008492569,0.016985138004246284,0.01167728237791932,0.07749469214437367,0.022823779193205943,0.02653927813163482,0.008492569002123142,0.03927813163481953,0.014861995753715499,0.0440552016985138,0.00583864118895966,0.040339702760084924,0.4564755838641189,0.040339702760084924,0.010084925690021231,0.03768577494692144
0.153315649867374,0.01750663129973475,0.01220159151193634,0.07586206896551724,0.01909814323607427,0.027055702917771884,0.005835543766578249,0.0376657824933687,0.015384615384615385,0.041379310344827586,0.007957559681697613,0.04562334217506631,0.4588859416445623,0.0376657824933687,0.011671087533156498,0.03289124668435013
0.16333153055705787,0.019469983775013522,0.010275824770146024,0.07355327203893997,0.019469983775013522,0.029204975662520283,0.004326663061114116,0.03839913466738778,0.017306652244456464,0.0411032990805841,0.008653326122228232,0.04813412655489454,0.4445646295294754,0.03785830178474851,0.014602487831260141,0.029745808545159545
0.1712,0.016,0.014933333333333333,0.07733333333333334,0.015466666666666667,0.027733333333333332,0.0064,0.038933333333333334,0.013333333333333334,0.04053333333333333,0.006933333333333333,0.0464,0.44426666666666664,0.039466666666666664,0.013866666666666666,0.0272
0.17857142857142858,0.01680672268907563,0.011554621848739496,0.07615546218487394,0.014705882352941176,0.030987394957983194,0.007352941176470588,0.03939075630252101,0.013130252100840336,0.04254201680672269,0.0063025210084033615,0.04254201680672269,0.4432773109243697,0.038340336134453784,0.009453781512605041,0.02888655462184874
0.17254076801683324,0.014203051025775907,0.010520778537611783,0.07469752761704367,0.016307206733298264,0.03103629668595476,0.006838506049447659,0.04313519200420831,0.01788532351394003,0.04313519200420831,0.007890583903208837,0.046291425565491845,0.4466070489216202,0.0341925302472383,0.008416622830089426,0.026301946344029457
0.16781731279872544,0.016463090812533193,0.010621348911311737,0.07434944237918216,0.012745618693574084,0.036112586298459905,0.01009028146574615,0.038236856080722255,0.015932023366967606,0.04514073287307488,0.007966011683483803,0.04726500265533723,0.44556558682952735,0.03451938396176314,0.007434944237918215,0.02973977695167286
0.1663124335812965,0.020191285866099893,0.010626992561105207,0.077577045696068,0.01381509032943677,0.04144527098831031,0.007970244420828906,0.0334750265674814,0.012752391073326248,0.04410201912858661,0.009564293304994687,0.04516471838469713,0.4532412327311371,0.03294367693942614,0.0037194473963868225,0.02709883103081828
0.16400425985090522,0.01863684771033014,0.012247071352502662,0.07294994675186368,0.01437699680511182,0.04153354632587859,0.006389776357827476,0.03514376996805112,0.013312034078807242,0.039403620873269436,0.006389776357827476,0.041001064962726305,0.459531416400426,0.038338658146964855,0.004259850905218318,0.03248136315228967
0.16035751840168244,0.015772870662460567,0.012618296529968454,0.07150368033648791,0.01629863301787592,0.03838065194532071,0.0015772870662460567,0.03259726603575184,0.016824395373291272,0.0452155625657203,0.0057833859095688745,0.04048370136698212,0.4637223974763407,0.04206098843322818,0.0057833859095688745,0.031019978969505785
0.1559873949579832,0.01207983193277311,0.01838235294117647,0.07247899159663866,0.017331932773109245,0.03939075630252101,0.0031512605042016808,0.03413865546218487,0.01680672268907563,0.051995798319327734,0.003676470588235294,0.04096638655462185,0.45063025210084034,0.04201680672268908,0.007878151260504201,0.03308823529411765
0.15380604796663191,0.013034410844629822,0.014598540145985401,0.06986444212721585,0.017205422314911366,0.04171011470281543,0.006256517205422315,0.030761209593326382,0.01616266944734098,0.051094890510948905,0.005735140771637122,0.04223149113660062,0.4546402502606882,0.040145985401459854,0.006256517205422315,0.0364963503649635
0.16379760041731872,0.015127803860198226,0.012519561815336464,0.0594679186228482,0.018779342723004695,0.03912363067292645,0.005738132498695879,0.0297339593114241,0.015127803860198226,0.05268648930620762,0.007303077725612937,0.04329681794470527,0.4527908189880021,0.0406885758998435,0.006259780907668232,0.03755868544600939
0.16560846560846562,0.011111111111111112,0.009523809523809525,0.056613756613756616,0.013756613756613757,0.03650793650793651,0.0068783068783068784,0.028042328042328042,0.01746031746031746,0.050793650793650794,0.00582010582010582,0.04867724867724868,0.4650793650793651,0.04126984126984127,0.004232804232804233,0.038624338624338624
0.16130732735898787,0.013705851344227728,0.010015814443858724,0.0558777016341592,0.010542962572482868,0.044807590933052185,0.007380073800738007,0.024775962045334738,0.0158144438587243,0.05113336847654191,0.006852925672113864,0.048497627833421195,0.4691618344754876,0.03848181338956247,0.0031628887717448603,0.03848181338956247
0.16254602840610205,0.014203051025775907,0.006838506049447659,0.060494476591267755,0.011572856391372961,0.0389268805891636,0.008942661756970016,0.03314045239347712,0.015255128879537085,0.04997369805365597,0.00631246712256707,0.04681746449237244,0.4687006838506049,0.034718569174118884,0.003682272488164124,0.03787480273540242
0.16105263157894736,0.01263157894736842,0.005263157894736842,0.06578947368421052,0.013157894736842105,0.049473684210526316,0.008947368421052631,0.034210526315789476,0.012105263157894737,0.05052631578947368,0.007368421052631579,0.04894736842105263,0.4573684210526316,0.030526315789473683,0.004210526315789474,0.038421052631578946
0.1586888657648283,0.01040582726326743,0.008324661810613945,0.06711758584807492,0.010926118626430802,0.05202913631633715,0.011446409989594173,0.02861602497398543,0.016129032258064516,0.049427679500520294,0.007284079084287201,0.04422476586888657,0.459417273673257,0.027575442247658687,0.0036420395421436005,0.044745057232049947
0.15178571428571427,0.011029411764705883,0.011029411764705883,0.0667016806722689,0.011029411764705883,0.05514705882352941,0.0063025210084033615,0.030987394957983194,0.013130252100840336,0.045168067226890755,0.006827731092436975,0.04201680672268908,0.46218487394957986,0.028361344537815126,0.007878151260504201,0.05042016806722689
0.15276329509906153,0.014077163712200209,0.009384775808133473,0.061522419186652764,0.009384775808133473,0.04640250260688217,0.007820646506777894,0.03180396246089677,0.016684045881126174,0.04223149113660062,0.007820646506777894,0.0443169968717414,0.46611053180396245,0.03336809176225235,0.006256517205422315,0.05005213764337852
0.1529656607700312,0.009365244536940686,0.011446409989594173,0.061394380853277836,0.015608740894901144,0.04266389177939646,0.009885535900104058,0.02809573361082206,0.018730489073881373,0.047866805411030174,0.005723204994797087,0.04318418314255983,0.47346514047866806,0.03433922996878252,0.005723204994797087,0.03954214360041623
0.15481832543443919,0.011058451816745656,0.012111637704054766,0.06477093206951026,0.016324381253291206,0.042127435492364404,0.00737230121116377,0.02948920484465508,0.01579778830963665,0.03949447077409163,0.004739336492890996,0.034228541337546076,0.4860452869931543,0.03580832016850974,0.005792522380200105,0.040021063717746184
0.1525871172122492,0.012143611404435059,0.012671594508975714,0.06388595564941922,0.020591341077085535,0.0337909186906019,0.005279831045406547,0.029567053854276663,0.014783526927138331,0.042238648363252376,0.006335797254487857,0.03537486800422387,0.4894403379091869,0.03748680042238648,0.005807814149947202,0.03801478352692714
0.1511627906976744,0.014799154334038054,0.01004228329809725,0.0660676532769556,0.017970401691331923,0.037526427061310784,0.004228329809725159,0.030126849894291756,0.009513742071881607,0.04704016913319239,0.007399577167019027,0.035940803382663845,0.4883720930232558,0.03171247357293869,0.009513742071881607,0.03858350951374207
0.15530903328050713,0.012678288431061807,0.007395668251452721,0.05916534601162177,0.013734812466983624,0.04067617538298996,0.006867406233491812,0.03750660327522451,0.013734812466983624,0.03592181722134179,0.006339144215530904,0.03486529318541997,0.49498151082937136,0.03486529318541997,0.00792393026941363,0.03803486529318542
0.14766158696794535,0.008933263268523384,0.011560693641618497,0.05990541250656858,0.015239096163951655,0.043615344193378876,0.006831318970047294,0.031003678402522335,0.017341040462427744,0.0325801366263794,0.006305832895428271,0.03783499737256963,0.4955333683657383,0.03205465055176038,0.006305832895428271,0.047293746715712036
0.15233545647558386,0.009554140127388535,0.006369426751592357,0.059447983014861996,0.011146496815286623,0.037154989384288746,0.011146496815286623,0.03397027600849257,0.014861995753715499,0.03184713375796178,0.0074309978768577496,0.03927813163481953,0.5037154989384289,0.03078556263269639,0.006900212314225053,0.0440552016985138
0.1574267782426778,0.010460251046025104,0.008368200836820083,0.05700836820083682,0.01202928870292887,0.04445606694560669,0.008368200836820083,0.03190376569037657,0.017259414225941423,0.029288702928870293,0.007322175732217573,0.03713389121338912,0.5005230125523012,0.03085774058577406,0.006276150627615063,0.04131799163179916
0.1592323651452282,0.00933609958506224,0.008817427385892116,0.06431535269709543,0.011929460580912862,0.044087136929460584,0.006224066390041493,0.035269709543568464,0.017634854771784232,0.029045643153526972,0.00466804979253112,0.03578838174273859,0.491701244813278,0.032676348547717844,0.005186721991701245,0.044087136929460584
0.1487473903966597,0.012004175365344467,0.007828810020876827,0.0662839248434238,0.008350730688935281,0.04279749478079332,0.005219206680584551,0.03496868475991649,0.014091858037578288,0.03392484342379958,0.004697286012526096,0.03392484342379958,0.5093945720250522,0.032359081419624215,0.0041753653444676405,0.04123173277661795
0.15272727272727274,0.006753246753246753,0.005194805194805195,0.07324675324675324,0.008311688311688312,0.03792207792207792,0.008311688311688312,0.02857142857142857,0.011948051948051949,0.03636363636363636,0.004155844155844156,0.03012987012987013,0.5179220779220779,0.03272727272727273,0.004155844155844156,0.04155844155844156
