C_R,C_A,C_S,C_N,D_R,D_A,D_S,D_N,Oc_R,Oc_A,Oc_S,Oc_N,Od_R,Od_A,Od_S,Od_N
0.0,0.0,0.0,0.0,0.0,0.0,1.0,0.0,0.0,0.0,0.0,0.0,0.0,0.0,0.0,0.0
0.0,0.5,0.0,0.0,0.0,0.0,0.5,0.0,0.0,0.0,0.0,0.0,0.0,0.0,0.0,0.0
0.0,0.4,0.0,0.0,0.0,0.0,0.4,0.0,0.0,0.0,0.0,0.0,0.0,0.0,0.0,0.2
0.0,0.42857142857142855,0.0,0.0,0.0,0.0,0.14285714285714285,0.2857142857142857,0.0,0.0,0.0,0.0,0.0,0.0,0.0,0.14285714285714285
0.15384615384615385,0.38461538461538464,0.0,0.0,0.0,0.0,0.07692307692307693,0.23076923076923078,0.0,0.0,0.0,0.0,0.0,0.0,0.0,0.15384615384615385
0.23529411764705882,0.29411764705882354,0.0,0.0,0.0,0.0,0.058823529411764705,0.23529411764705882,0.0,0.0,0.058823529411764705,0.11764705882352941,0.0,0.0,0.0,0.0
0.22727272727272727,0.3181818181818182,0.0,0.0,0.0,0.0,0.0,0.18181818181818182,0.0,0.09090909090909091,0.045454545454545456,0.13636363636363635,0.0,0.0,0.0,0.0
0.20588235294117646,0.29411764705882354,0.0,0.0,0.0,0.0,0.0,0.17647058823529413,0.0,0.08823529411764706,0.029411764705882353,0.14705882352941177,0.0,0.0,0.0,0.058823529411764705
0.25,0.21428571428571427,0.0,0.0,0.0,0.0,0.0,0.19642857142857142,0.0,0.10714285714285714,0.017857142857142856,0.16071428571428573,0.0,0.0,0.0,0.05357142857142857
0.2625,0.225,0.0125,0.0,0.0,0.0,0.0,0.175,0.0125,0.0875,0.0125,0.1625,0.0,0.0,0.0,0.05
0.3,0.21818181818181817,0.00909090909090909,0.0,0.0,0.0,0.0,0.17272727272727273,0.00909090909090909,0.06363636363636363,0.00909090909090909,0.14545454545454545,0.0,0.0,0.0,0.07272727272727272
0.31724137931034485,0.1793103448275862,0.006896551724137931,0.0,0.0,0.0,0.0,0.1793103448275862,0.006896551724137931,0.06896551724137931,0.006896551724137931,0.15862068965517243,0.0,0.0,0.0,0.07586206896551724
0.3465346534653465,0.16831683168316833,0.0049504950495049506,0.0,0.0,0.0,0.0,0.17326732673267325,0.0049504950495049506,0.07425742574257425,0.0049504950495049506,0.16336633663366337,0.0,0.0,0.0,0.0594059405940594
0.3474903474903475,0.1583011583011583,0.003861003861003861,0.003861003861003861,0.0,0.0,0.0,0.18146718146718147,0.003861003861003861,0.0888030888030888,0.003861003861003861,0.15444015444015444,0.0,0.0,0.0,0.05405405405405406
0.3416149068322981,0.13975155279503104,0.003105590062111801,0.006211180124223602,0.0,0.006211180124223602,0.0,0.17391304347826086,0.003105590062111801,0.10869565217391304,0.003105590062111801,0.15527950310559005,0.0,0.0,0.0,0.059006211180124224
0.3341645885286783,0.1371571072319202,0.0024937655860349127,0.004987531172069825,0.0,0.00997506234413965,0.0024937655860349127,0.17206982543640897,0.0,0.11471321695760599,0.0024937655860349127,0.1596009975062344,0.0,0.0,0.0,0.059850374064837904
0.3472222222222222,0.1388888888888889,0.003968253968253968,0.005952380952380952,0.0,0.00992063492063492,0.005952380952380952,0.16468253968253968,0.0,0.125,0.001984126984126984,0.14285714285714285,0.0,0.0,0.0,0.05357142857142857
0.3411764705882353,0.12436974789915967,0.0067226890756302525,0.008403361344537815,0.0,0.008403361344537815,0.0067226890756302525,0.16638655462184873,0.0,0.14285714285714285,0.0033613445378151263,0.13277310924369748,0.0,0.0,0.0,0.058823529411764705
0.35488505747126436,0.1278735632183908,0.007183908045977011,0.015804597701149427,0.0,0.008620689655172414,0.008620689655172414,0.15948275862068967,0.0,0.14224137931034483,0.0028735632183908046,0.1206896551724138,0.0,0.0,0.0014367816091954023,0.05028735632183908
0.3553615960099751,0.12344139650872818,0.011221945137157107,0.018703241895261846,0.0024937655860349127,0.006234413965087282,0.008728179551122194,0.1633416458852868,0.0,0.14463840399002495,0.0024937655860349127,0.1172069825436409,0.0,0.0024937655860349127,0.0024937655860349127,0.04114713216957606
0.3741794310722101,0.11706783369803063,0.010940919037199124,0.0262582056892779,0.0032822757111597373,0.007658643326039387,0.0087527352297593,0.1487964989059081,0.0,0.13347921225382933,0.002188183807439825,0.12035010940919037,0.0,0.0032822757111597373,0.002188183807439825,0.04157549234135667
0.36867704280155644,0.11770428015564202,0.009727626459143969,0.03501945525291829,0.0038910505836575876,0.008754863813229572,0.008754863813229572,0.14785992217898833,0.0019455252918287938,0.12062256809338522,0.0019455252918287938,0.1254863813229572,0.0019455252918287938,0.0048638132295719845,0.0009727626459143969,0.04182879377431906
0.36795774647887325,0.10651408450704225,0.008802816901408451,0.0448943661971831,0.0044014084507042256,0.01056338028169014,0.007922535211267605,0.14700704225352113,0.0017605633802816902,0.12323943661971831,0.002640845070422535,0.11707746478873239,0.0035211267605633804,0.006161971830985915,0.0044014084507042256,0.043133802816901406
0.35947712418300654,0.1111111111111111,0.007352941176470588,0.05392156862745098,0.006535947712418301,0.012254901960784314,0.005718954248366013,0.1454248366013072,0.0024509803921568627,0.1184640522875817,0.0024509803921568627,0.11764705882352941,0.0024509803921568627,0.007352941176470588,0.0032679738562091504,0.04411764705882353
0.35436537050623623,0.1107850330154072,0.007336757153338224,0.05796038151137197,0.006603081438004402,0.01173881144534116,0.004402054292002935,0.14526779163609685,0.0007336757153338225,0.11518708730741012,0.0022010271460014674,0.1210564930300807,0.007336757153338224,0.010271460014673514,0.003668378576669112,0.041085840058694055
0.3552278820375335,0.11058981233243968,0.007372654155495978,0.06501340482573727,0.005361930294906166,0.013404825737265416,0.004021447721179625,0.153485254691689,0.0006702412868632708,0.10924932975871314,0.0020107238605898124,0.11394101876675604,0.007372654155495978,0.011394101876675604,0.003351206434316354,0.03753351206434316
0.34847542003733667,0.11076540136901059,0.008089607965152458,0.06782825140012445,0.004978220286247666,0.013690105787181083,0.0031113876789047915,0.15992532669570628,0.0012445550715619166,0.10765401369010578,0.001866832607342875,0.11076540136901059,0.006222775357809583,0.013067828251400125,0.0031113876789047915,0.03920348475420037
0.35352358765288294,0.10133954571927781,0.007571345369831101,0.0669772859638905,0.004659289458357601,0.014560279557367502,0.004659289458357601,0.15841584158415842,0.0011648223645894002,0.1065812463599301,0.0017472335468841002,0.11298776936517181,0.0064065230052417,0.015142690739662202,0.0029120559114735,0.041351193942923706
0.35307262569832404,0.10614525139664804,0.0067039106145251395,0.0664804469273743,0.005027932960893855,0.01564245810055866,0.002793296089385475,0.16201117318435754,0.0011173184357541898,0.09944134078212291,0.0011173184357541898,0.11173184357541899,0.006145251396648044,0.015083798882681564,0.0033519553072625698,0.044134078212290505
0.3503727369542066,0.10170394036208733,0.007454739084132056,0.06443024494142705,0.005857294994675187,0.01597444089456869,0.0026624068157614484,0.16879659211927583,0.001597444089456869,0.09691160809371673,0.001597444089456869,0.11661341853035144,0.005324813631522897,0.01703940362087327,0.0026624068157614484,0.041001064962726305
0.350076103500761,0.09690512430238457,0.0091324200913242,0.06291222729578894,0.0060882800608828,0.016235413495687467,0.0035514967021816335,0.16996448503297817,0.0020294266869609334,0.09639776763064434,0.0015220700152207,0.1187214611872146,0.007102993404363267,0.018772196854388634,0.0020294266869609334,0.038559107052257735
0.3536288358499756,0.09498295177788602,0.010228933268387726,0.06137359961032635,0.00535801266439357,0.01948368241597662,0.0034096444227959084,0.16853385289819775,0.0029225523623964927,0.09303458353628836,0.0024354603019970775,0.11787627861665854,0.006819288845591817,0.020457866536775452,0.0024354603019970775,0.037018996590355575
0.3503787878787879,0.0946969696969697,0.010416666666666666,0.061553030303030304,0.003787878787878788,0.023674242424242424,0.004734848484848485,0.16856060606060605,0.0033143939393939395,0.08996212121212122,0.0023674242424242425,0.11600378787878787,0.006628787878787879,0.022727272727272728,0.0033143939393939395,0.03787878787878788
0.3516890328551596,0.09301249421564091,0.01018047200370199,0.06015733456732994,0.004627487274409995,0.02313743637204998,0.0041647385469689956,0.16936603424340582,0.003239241092086997,0.0906987505784359,0.002776492364645997,0.12031466913465988,0.007403979639055993,0.02036094400740398,0.005552984729291994,0.033317908375751965
0.35071942446043164,0.09217625899280575,0.008093525179856115,0.0625,0.00539568345323741,0.02158273381294964,0.00539568345323741,0.1672661870503597,0.003147482014388489,0.08947841726618705,0.003147482014388489,0.12275179856115108,0.008093525179856115,0.02068345323741007,0.007194244604316547,0.03237410071942446
0.352317880794702,0.08653421633554084,0.007947019867549669,0.060927152317880796,0.005739514348785872,0.024282560706401765,0.005739514348785872,0.16423841059602648,0.003973509933774834,0.08962472406181016,0.003532008830022075,0.12141280353200883,0.009271523178807948,0.022958057395143488,0.006181015452538631,0.03532008830022075
0.349185380889476,0.08806693086745927,0.007926023778071334,0.06384852487890796,0.005724350506384853,0.024218405988551298,0.006164685160722149,0.16556583003082342,0.0030823425803610744,0.0845442536327609,0.0030823425803610744,0.12285336856010567,0.008806693086745927,0.025979744605900485,0.007045354469396741,0.033905768383971815
0.3455357142857143,0.09017857142857143,0.008928571428571428,0.06339285714285714,0.005803571428571429,0.024107142857142858,0.005357142857142857,0.16785714285714284,0.002232142857142857,0.084375,0.0035714285714285713,0.121875,0.007589285714285714,0.025892857142857145,0.008035714285714285,0.03526785714285714
0.3556928508384819,0.08737864077669903,0.010150044130626656,0.06310679611650485,0.006619593998234775,0.026037069726390114,0.003971756398940865,0.16637246248896734,0.00264783759929391,0.08120035304501325,0.00353045013239188,0.11871138570167697,0.00794351279788173,0.02383053839364519,0.009267431597528684,0.03353927625772286
0.3533868092691622,0.08333333333333333,0.012032085561497326,0.059714795008912656,0.0071301247771836,0.02406417112299465,0.006238859180035651,0.16488413547237077,0.00267379679144385,0.08600713012477719,0.0031194295900178253,0.11274509803921569,0.008912655971479501,0.026737967914438502,0.012032085561497326,0.03698752228163993
0.3500443655723159,0.0834072759538598,0.011978704525288377,0.06033717834960071,0.006654835847382431,0.027950310559006212,0.007985803016858917,0.1601597160603372,0.0026619343389529724,0.07897071872227152,0.003992901508429458,0.11623779946761313,0.01020408163265306,0.026619343389529725,0.013309671694764862,0.03948535936113576
0.34618794326241137,0.0797872340425532,0.012854609929078014,0.060726950354609927,0.007535460992907801,0.027039007092198582,0.007535460992907801,0.16489361702127658,0.0031028368794326243,0.08023049645390071,0.0035460992907801418,0.11436170212765957,0.011968085106382979,0.0274822695035461,0.01152482269503546,0.041223404255319146
0.340160284951024,0.0792520035618878,0.01157613535173642,0.06233303650934995,0.007569011576135352,0.029385574354407838,0.007569011576135352,0.16562778272484416,0.003561887800534283,0.07880676758682101,0.003561887800534283,0.11754229741763135,0.012466607301869992,0.027604630454140695,0.010240427426536063,0.0427426536064114
0.3429330970314577,0.0815241470979176,0.010633584404076208,0.06202924235711121,0.007975188303057155,0.030128489144882586,0.007089056269384138,0.1546300398759415,0.003544528134692069,0.07930881701373504,0.003544528134692069,0.11962782454585734,0.014621178555604785,0.027470093043863535,0.011076650420912717,0.043863535666814356
0.3401567944250871,0.08405923344947736,0.01088850174216028,0.062282229965156796,0.009146341463414634,0.027439024390243903,0.006533101045296167,0.1520034843205575,0.003048780487804878,0.08275261324041812,0.004790940766550522,0.1171602787456446,0.014808362369337979,0.03005226480836237,0.01088850174216028,0.043989547038327526
0.3384615384615385,0.07956043956043957,0.01054945054945055,0.06373626373626373,0.009230769230769232,0.03032967032967033,0.006593406593406593,0.15472527472527473,0.004395604395604396,0.08043956043956044,0.005274725274725275,0.11912087912087913,0.015384615384615385,0.03032967032967033,0.01010989010989011,0.041758241758241756
0.34316353887399464,0.0777479892761394,0.012064343163538873,0.06344950848972297,0.00938337801608579,0.028596961572832886,0.006255585344057194,0.1483467381590706,0.00580875781948168,0.07640750670241286,0.004468275245755138,0.11974977658623771,0.01519213583556747,0.03306523681858802,0.010723860589812333,0.045576407506702415
0.33407275953859805,0.07586512866015972,0.012866015971606033,0.06610470275066549,0.008873114463176575,0.027062999112688554,0.006211180124223602,0.1543921916592724,0.006211180124223602,0.080301685891748,0.0044365572315882874,0.11845607808340727,0.01685891748003549,0.032830523513753325,0.011535048802129548,0.04392191659272405
0.3373493975903614,0.07675145024542615,0.012048192771084338,0.0642570281124498,0.009370816599732263,0.0285586791610888,0.006693440428380187,0.1494868362338242,0.008478357875948238,0.07719767960731816,0.005800981704596163,0.11735832217759928,0.01606425702811245,0.03302097278000892,0.012048192771084338,0.04551539491298527
0.345374449339207,0.07136563876651983,0.009691629955947136,0.06387665198237885,0.01013215859030837,0.027753303964757708,0.006167400881057269,0.1502202643171806,0.007929515418502203,0.07973568281938326,0.007048458149779736,0.11365638766519824,0.018502202643171806,0.033480176211453744,0.011013215859030838,0.04405286343612335
0.3414851044908848,0.06936416184971098,0.009782125389061804,0.06625166740773678,0.01067140951534015,0.027567807914628723,0.005780346820809248,0.15073365940417963,0.008003557136505114,0.07781236104935527,0.00755891507336594,0.11783014673188083,0.020008892841262782,0.03423743886171632,0.009782125389061804,0.04313028012449978
0.3499779054352629,0.06760936809544851,0.007512152010605391,0.06716747680070703,0.01104728236853734,0.029606716747680072,0.005302695536897923,0.14405656208572692,0.006628369421122404,0.0760053026955369,0.007512152010605391,0.12107821475916924,0.017675651789659744,0.03535130357931949,0.010163499779054353,0.04330534688466637
0.3482142857142857,0.06517857142857143,0.007589285714285714,0.07142857142857142,0.010714285714285714,0.029910714285714287,0.004910714285714286,0.146875,0.007142857142857143,0.07455357142857143,0.006696428571428571,0.11741071428571428,0.01830357142857143,0.038392857142857145,0.008482142857142856,0.044196428571428574
0.35363716038562665,0.06397896581945661,0.007449605609114811,0.07186678352322524,0.011831726555652936,0.029798422436459245,0.004820333041191937,0.14241893076248904,0.007011393514460999,0.07537248028045573,0.007011393514460999,0.11744084136722173,0.016652059596844872,0.03812445223488168,0.008764241893076249,0.04382120946538125
0.34821034025629694,0.06319045514803358,0.0061864781263809105,0.07335395492708793,0.01104728236853734,0.028722934158197082,0.005302695536897923,0.14405656208572692,0.007512152010605391,0.0760053026955369,0.007512152010605391,0.11533362792752982,0.019443216968625717,0.038886433937251434,0.007512152010605391,0.047724259832081305
0.34392935982339956,0.0631346578366446,0.006622516556291391,0.0728476821192053,0.011037527593818985,0.02781456953642384,0.005739514348785872,0.14437086092715232,0.0075055187637969095,0.0781456953642384,0.00706401766004415,0.11876379690949228,0.019867549668874173,0.037969094922737305,0.007947019867549669,0.047240618101545256
0.34545454545454546,0.06430155210643015,0.0066518847006651885,0.07095343680709534,0.011529933481152993,0.025277161862527715,0.005321507760532151,0.1458980044345898,0.00753880266075388,0.07671840354767184,0.007095343680709534,0.11618625277161862,0.020399113082039913,0.039467849223946784,0.00753880266075388,0.04966740576496674
0.355456570155902,0.05968819599109131,0.0066815144766146995,0.07082405345211581,0.011135857461024499,0.026726057906458798,0.004899777282850779,0.13674832962138084,0.009799554565701559,0.07928730512249443,0.0071269487750556795,0.11714922048997772,0.020489977728285078,0.03518930957683741,0.0075723830734966595,0.051224944320712694
0.35335689045936397,0.060954063604240286,0.007508833922261484,0.06890459363957598,0.012367491166077738,0.026060070671378093,0.00530035335689046,0.13913427561837455,0.0088339222614841,0.07597173144876325,0.007950530035335688,0.11439929328621908,0.019434628975265017,0.03842756183745583,0.007950530035335688,0.0534452296819788
0.3509933774834437,0.059602649006622516,0.006181015452538631,0.07152317880794702,0.013245033112582781,0.024724061810154525,0.005298013245033113,0.14481236203090508,0.008830022075055188,0.07549668874172186,0.0075055187637969095,0.11169977924944813,0.02207505518763797,0.03664459161147903,0.007947019867549669,0.053421633554083886
0.34644277507733096,0.05700397702165267,0.007512152010605391,0.068935041979673,0.013256738842244807,0.024304021210782147,0.004418912947414936,0.14582412726469288,0.008837825894829872,0.07777286787450287,0.007512152010605391,0.1179849756959788,0.022536456031816175,0.03844454264250994,0.0061864781263809105,0.05302695536897923
0.3492204899777283,0.057015590200445436,0.0071269487750556795,0.06592427616926504,0.012472160356347439,0.026726057906458798,0.0035634743875278397,0.1447661469933185,0.011135857461024499,0.07884187082405346,0.0066815144766146995,0.11581291759465479,0.023162583518930958,0.03518930957683741,0.0066815144766146995,0.0556792873051225
0.34674922600619196,0.05263157894736842,0.007076514816452897,0.0654577620521893,0.01238390092879257,0.026536930561698365,0.0030959752321981426,0.14241486068111456,0.013710747456877488,0.07961079168509509,0.006191950464396285,0.11764705882352941,0.023883237505528527,0.03538257408226449,0.006634232640424591,0.06059265811587793
0.3491360212671688,0.05405405405405406,0.007089056269384138,0.06380150642445724,0.011519716437749225,0.024368630926007974,0.002658396101019052,0.13602126716880816,0.01329198050509526,0.07930881701373504,0.006202924235711121,0.11962782454585734,0.02525476295968099,0.03544528134692069,0.007975188303057155,0.06424457244129375
0.3402654867256637,0.05353982300884956,0.007964601769911504,0.06637168141592921,0.010619469026548672,0.024778761061946902,0.0035398230088495575,0.13495575221238937,0.016371681415929203,0.08495575221238938,0.005309734513274336,0.1172566371681416,0.026991150442477876,0.034513274336283185,0.00752212389380531,0.06504424778761062
0.3403024911032028,0.05516014234875445,0.0071174377224199285,0.07072953736654804,0.010676156583629894,0.026690391459074734,0.00400355871886121,0.13167259786476868,0.015124555160142349,0.07873665480427046,0.005338078291814947,0.11699288256227758,0.027135231316725978,0.03825622775800712,0.00800711743772242,0.06405693950177936
0.3378975265017668,0.054328621908127206,0.0088339222614841,0.06802120141342756,0.01060070671378092,0.028268551236749116,0.004858657243816254,0.1356007067137809,0.015017667844522967,0.07950530035335689,0.00530035335689046,0.11616607773851591,0.02959363957597173,0.03666077738515901,0.0066254416961130744,0.0627208480565371
0.34066901408450706,0.050616197183098594,0.007922535211267605,0.06998239436619719,0.011883802816901408,0.02992957746478873,0.0044014084507042256,0.1329225352112676,0.014524647887323943,0.07966549295774648,0.00528169014084507,0.1131161971830986,0.028169014084507043,0.03961267605633803,0.007042253521126761,0.06426056338028169
0.33773087071240104,0.05013192612137203,0.0079155672823219,0.07036059806508356,0.014511873350923483,0.028144239226033423,0.005716798592788039,0.13060686015831136,0.014511873350923483,0.0839929639401935,0.005277044854881266,0.11521547933157432,0.026824978012313105,0.03737906772207564,0.006596306068601583,0.06508355321020229
0.33184257602862255,0.0518783542039356,0.009391771019677997,0.07245080500894455,0.013864042933810376,0.026833631484794274,0.004919499105545617,0.13237924865831843,0.01520572450805009,0.08452593917710197,0.004919499105545617,0.11493738819320215,0.029516994633273702,0.03667262969588551,0.006261180679785331,0.06440071556350627
0.33707865168539325,0.04449438202247191,0.009887640449438202,0.0701123595505618,0.014382022471910113,0.028764044943820226,0.005393258426966292,0.13258426966292136,0.01303370786516854,0.08314606741573034,0.004943820224719101,0.11415730337078651,0.03056179775280899,0.04,0.006741573033707865,0.06471910112359551
0.33584738243123335,0.04569653948535936,0.007985803016858917,0.06787932564330079,0.013753327417923691,0.02883762200532387,0.005767524401064774,0.12688553682342502,0.013309671694764862,0.0878438331854481,0.0044365572315882874,0.11446317657497782,0.034161490683229816,0.040372670807453416,0.00709849157054126,0.06566104702750665
0.33481349911190056,0.0452930728241563,0.007992895204262877,0.06438721136767318,0.014209591474245116,0.03197158081705151,0.004884547069271759,0.13010657193605685,0.013765541740674956,0.08836589698046181,0.005772646536412078,0.10923623445825932,0.03596802841918295,0.03907637655417407,0.007548845470692718,0.06660746003552398
0.3331868131868132,0.047472527472527476,0.007912087912087912,0.06505494505494505,0.013626373626373627,0.03076923076923077,0.005714285714285714,0.13054945054945055,0.014065934065934066,0.08923076923076922,0.005714285714285714,0.10901098901098902,0.037802197802197804,0.037802197802197804,0.007912087912087912,0.06417582417582418
0.33747779751332146,0.0452930728241563,0.005772646536412078,0.0652753108348135,0.012433392539964476,0.03152753108348135,0.004884547069271759,0.12877442273534637,0.013765541740674956,0.0905861456483126,0.006216696269982238,0.10701598579040852,0.03774422735346359,0.03463587921847247,0.007548845470692718,0.07104795737122557
0.33200531208499334,0.04161133244798584,0.00619743249225321,0.0681717574147853,0.011509517485613104,0.03098716246126605,0.005312084993359893,0.133244798583444,0.014608233731739707,0.08986277113767153,0.005754758742806552,0.10712704736609119,0.03762726870296591,0.035856573705179286,0.007082779991146525,0.07304116865869854
0.33984375,0.03993055555555555,0.006944444444444444,0.07118055555555555,0.012586805555555556,0.029947916666666668,0.004774305555555556,0.13020833333333334,0.012152777777777778,0.08854166666666667,0.004774305555555556,0.1032986111111111,0.039496527777777776,0.03689236111111111,0.006944444444444444,0.0724826388888889
0.3399122807017544,0.03859649122807018,0.007456140350877193,0.06842105263157895,0.013157894736842105,0.032017543859649125,0.005263157894736842,0.12894736842105264,0.013157894736842105,0.08552631578947369,0.005263157894736842,0.10833333333333334,0.04254385964912281,0.03464912280701754,0.007456140350877193,0.06929824561403508
0.33465608465608465,0.03659611992945326,0.00837742504409171,0.06922398589065255,0.011022927689594356,0.03306878306878307,0.006613756613756613,0.13271604938271606,0.013227513227513227,0.0873015873015873,0.004409171075837742,0.10405643738977072,0.043209876543209874,0.03659611992945326,0.006613756613756613,0.07231040564373897
0.3333333333333333,0.03777777777777778,0.008444444444444444,0.06577777777777778,0.013333333333333334,0.03244444444444444,0.006666666666666667,0.13466666666666666,0.012,0.08444444444444445,0.004,0.10133333333333333,0.048,0.03866666666666667,0.008888888888888889,0.07022222222222223
0.33259521700620015,0.03631532329495128,0.00841452612931798,0.06820194862710363,0.014614703277236492,0.03631532329495128,0.0070859167404783,0.13108945969884853,0.010628875110717449,0.08015943312666077,0.003985828166519044,0.0987599645704163,0.049601417183348095,0.03941541186891054,0.010186005314437556,0.07263064658990256
0.32418069087688217,0.03365810451727192,0.009300265721877768,0.06997342781222321,0.013286093888396812,0.037643932683790966,0.0070859167404783,0.13020372010628875,0.010186005314437556,0.08325952170062002,0.005757307351638618,0.10141718334809566,0.050487156775907885,0.04295837023914969,0.009300265721877768,0.07130203720106289
0.3330373001776199,0.03330373001776199,0.009769094138543518,0.06838365896980461,0.011989342806394316,0.037300177619893425,0.007548845470692718,0.1283303730017762,0.009769094138543518,0.08259325044404973,0.004884547069271759,0.10301953818827708,0.0497335701598579,0.041740674955595025,0.009769094138543518,0.06882770870337478
0.3333333333333333,0.032671081677704196,0.007947019867549669,0.07152317880794702,0.012362030905077263,0.037527593818984545,0.006622516556291391,0.13112582781456952,0.009713024282560706,0.08035320088300221,0.005298013245033113,0.1011037527593819,0.04900662251655629,0.045474613686534215,0.009271523178807948,0.06666666666666667
0.33437083148065805,0.031124944419742107,0.008448199199644287,0.06803023566029347,0.01200533570475767,0.037349933303690526,0.006669630947087594,0.12716763005780346,0.011560693641618497,0.08048021342819031,0.005780346820809248,0.1004891062694531,0.05157847932414406,0.046242774566473986,0.008892841262783458,0.06980880391285016
0.33260201842913556,0.0298376480912681,0.008336989907854322,0.06625713032031592,0.011408512505484861,0.03729706011408512,0.006581834137779728,0.12329969284774024,0.01184730144800351,0.07942079859587538,0.007020623080298377,0.10267661254936375,0.051777095217200524,0.04914436156208864,0.009653356735410267,0.07283896445809565
0.3321492007104796,0.02797513321492007,0.007104795737122558,0.06705150976909414,0.012433392539964476,0.03907637655417407,0.006216696269982238,0.1261101243339254,0.013321492007104795,0.07859680284191829,0.0066607460035523975,0.09902309058614565,0.05461811722912966,0.050621669626998225,0.008436944937833037,0.07060390763765542
0.3299244108492663,0.026678523788350377,0.006224988883948421,0.06669630947087594,0.01200533570475767,0.03912850155624722,0.006669630947087594,0.12761227212094264,0.012449977767896843,0.07914628723877279,0.007114273010226767,0.10226767452200979,0.05602489995553579,0.05024455313472655,0.00755891507336594,0.07025344597598933
0.3273207215134184,0.025956885173779146,0.005719313682358117,0.0664320281566212,0.012758468983721953,0.03783545974483062,0.007039155301363837,0.12890453145622524,0.012758468983721953,0.07787065552133744,0.0061592608886933565,0.10382754069511659,0.05763308402991641,0.05279366476022877,0.007479102507699076,0.06951165860096789
0.32744144940344677,0.024745912505523642,0.005302695536897923,0.06760936809544851,0.0136986301369863,0.040653999116217414,0.007954043305346884,0.1312417145382236,0.01104728236853734,0.07688908528501988,0.006628369421122404,0.10296067167476801,0.058329650905877155,0.04595669465311533,0.007070260715863898,0.07247017233760494
0.32551968155683325,0.025210084033613446,0.005307386112339673,0.06855373728438743,0.014153029632905795,0.044228217602830605,0.007076514816452897,0.13047324192835028,0.009730207872622734,0.07739938080495357,0.006191950464396285,0.10349402919062362,0.05926581158779301,0.04688191065900044,0.006634232640424591,0.06988058381247236
0.32597173144876324,0.024734982332155476,0.0066254416961130744,0.06978798586572438,0.014575971731448763,0.04284452296819788,0.008392226148409895,0.12676678445229683,0.010159010600706713,0.07553003533568904,0.006183745583038869,0.10114840989399293,0.061837455830388695,0.045936395759717315,0.007067137809187279,0.07243816254416961
0.32097130242825606,0.022516556291390728,0.006622516556291391,0.06975717439293598,0.015011037527593819,0.040176600441501106,0.0075055187637969095,0.13200883002207506,0.011479028697571744,0.08035320088300221,0.006181015452538631,0.10022075055187638,0.06225165562913907,0.046357615894039736,0.006622516556291391,0.07196467991169977
0.3239312472454826,0.023358307624504186,0.0057293962097840455,0.06919347730277656,0.01498457470251212,0.03966505068312032,0.007051564565888057,0.13265755839576907,0.0123402379903041,0.07800793301013663,0.006610841780520053,0.09960334949316879,0.061260467166152494,0.045394446892904367,0.007051564565888057,0.07315998237108859
0.3264042459088899,0.022556390977443608,0.004865103936311367,0.06855373728438743,0.013710747456877488,0.04024767801857585,0.008403361344537815,0.12870411322423705,0.011941618752764263,0.07961079168509509,0.006634232640424591,0.09907120743034056,0.06766917293233082,0.04467049977885891,0.007076514816452897,0.06988058381247236
0.3334795963141729,0.021939447125932425,0.005265467310223783,0.06932865291794647,0.013602457218078104,0.03861342694164107,0.008336989907854322,0.12768758227292673,0.011408512505484861,0.0767880649407635,0.006581834137779728,0.10136024572180781,0.06362439666520403,0.04782799473453269,0.007020623080298377,0.06713470820535322
0.33215234720992026,0.022586359610274578,0.005314437555358724,0.07130203720106289,0.013286093888396812,0.04030115146147033,0.0070859167404783,0.1275465013286094,0.011514614703277236,0.07351638618246235,0.007971656333038087,0.10407440212577503,0.06908768821966342,0.04472984942426927,0.007971656333038087,0.061558901682905225
0.328278322925959,0.021855486173059768,0.0053523639607493305,0.07270294380017842,0.012042818911685994,0.036574487065120426,0.008028545941123996,0.12845673505798394,0.012488849241748439,0.07225691347011597,0.007582515611061552,0.10615521855486174,0.07225691347011597,0.04460303300624442,0.00847457627118644,0.06289027653880463
0.33612334801762117,0.02158590308370044,0.0052863436123348016,0.07312775330396476,0.011894273127753305,0.039647577092511016,0.007929515418502203,0.1299559471365639,0.013215859030837005,0.07136563876651983,0.008370044052863436,0.09955947136563877,0.07092511013215859,0.04229074889867841,0.00881057268722467,0.05991189427312775
0.3401926444833625,0.020140105078809107,0.006129597197898424,0.0691768826619965,0.010507880910683012,0.04159369527145359,0.008318739054290718,0.1295971978984238,0.01138353765323993,0.06830122591943957,0.00788091068301226,0.0989492119089317,0.07136602451838879,0.0446584938704028,0.008756567425569177,0.06304728546409807
0.3378854625550661,0.021145374449339206,0.007488986784140969,0.06784140969162995,0.01013215859030837,0.04229074889867841,0.007048458149779736,0.12863436123348018,0.01145374449339207,0.06828193832599119,0.009251101321585903,0.10044052863436123,0.07268722466960352,0.044933920704845816,0.009251101321585903,0.061233480176211455
0.3393406593406593,0.02241758241758242,0.007912087912087912,0.06769230769230769,0.01054945054945055,0.04131868131868132,0.0074725274725274725,0.12,0.013186813186813187,0.06681318681318682,0.007912087912087912,0.10197802197802198,0.07428571428571429,0.04527472527472527,0.009230769230769232,0.06461538461538462
0.3377600708277999,0.02036299247454626,0.008853474988933156,0.06595838866755202,0.011509517485613104,0.04072598494909252,0.007525453740593183,0.12262062859672422,0.015050907481186366,0.06640106241699867,0.00796812749003984,0.10137228862328464,0.07569721115537849,0.04869411243913236,0.009738822487826471,0.05976095617529881
0.3451208594449418,0.019247985675917637,0.008504923903312443,0.06356311548791406,0.01342882721575649,0.03939122649955237,0.008057296329453895,0.11862130707251567,0.01387645478961504,0.06266786034019696,0.008057296329453895,0.10026857654431513,0.07878245299910475,0.049239033124440466,0.009847806624888093,0.06132497761862131
0.34496466431095407,0.018551236749116608,0.007950530035335688,0.06713780918727916,0.013692579505300354,0.04107773851590106,0.007067137809187279,0.12102473498233215,0.014134275618374558,0.06051236749116608,0.005742049469964664,0.09938162544169611,0.0799469964664311,0.04991166077738516,0.010159010600706713,0.05874558303886926
0.34610303830911493,0.01805372082782915,0.00836635843240863,0.06605019815059446,0.016292382210479964,0.04095112285336856,0.007485689123734038,0.11845002201673271,0.013210039630118891,0.0603258476442096,0.005724350506384853,0.09731395860854249,0.083223249669749,0.04711580801409071,0.010127697049757816,0.06120651695288419
0.34907325684024715,0.018534863195057368,0.009267431597528684,0.0648720211827008,0.01588702559576346,0.04060017652250662,0.008384819064430714,0.12224183583406885,0.011915269196822596,0.05825242718446602,0.00617828773168579,0.0939982347749338,0.08164165931156223,0.047219770520741396,0.010150044130626656,0.0617828773168579
0.34615384615384615,0.01856763925729443,0.011052166224580018,0.0614500442086649,0.016357206012378427,0.03934571175950486,0.008399646330680813,0.1198054818744474,0.01237842617152962,0.060123784261715295,0.006631299734748011,0.09372236958443855,0.08399646330680813,0.04730327144120248,0.008841732979664015,0.0658709106984969
0.338809946714032,0.016873889875666074,0.011545293072824156,0.06261101243339254,0.017317939609236235,0.041740674955595025,0.008436944937833037,0.11767317939609236,0.013321492007104795,0.05905861456483126,0.007104795737122558,0.09547069271758436,0.08436944937833037,0.047957371225577264,0.009325044404973356,0.06838365896980461
0.345679012345679,0.01675485008818342,0.01146384479717813,0.06437389770723104,0.018518518518518517,0.039241622574955906,0.009259259259259259,0.1164021164021164,0.014109347442680775,0.06040564373897707,0.007936507936507936,0.09171075837742504,0.08421516754850088,0.04673721340388007,0.009700176366843033,0.06349206349206349
0.3491360212671688,0.018165706690296855,0.00930438635356668,0.06380150642445724,0.018165706690296855,0.03943287549844927,0.00974745237040319,0.11741249446167479,0.013735046521931768,0.05981391227292867,0.008418254319893664,0.09082853345148427,0.08905626938413824,0.043420469649977846,0.008861320336730172,0.06070004430660168
0.3484381874175099,0.01803783545974483,0.010998680158380994,0.06159260888693357,0.01715794104707435,0.0387153541575011,0.007479102507699076,0.12186537615486141,0.014078310602727673,0.05939287285525737,0.008798944126704795,0.09194896612406511,0.08578970523537176,0.045314562252529694,0.008358996920369555,0.062032556093268805
0.3468586387434555,0.017015706806282723,0.011343804537521814,0.06282722513089005,0.016579406631762654,0.041884816753926704,0.009598603839441536,0.1156195462478185,0.012652705061082025,0.06326352530541013,0.008726003490401396,0.09205933682373472,0.08420593368237347,0.04712041884816754,0.007853403141361256,0.062390924956369984
0.3502404897245299,0.017052907739396588,0.012243113248797552,0.06558810668998688,0.01530389156099694,0.03935286401399213,0.009182334936598164,0.11456055968517709,0.011368605159597726,0.06427634455618715,0.008307826847398338,0.0940096195889812,0.08264101442938347,0.04634892872759073,0.006558810668998688,0.06296458242238741
0.3462214411247803,0.01757469244288225,0.014059753954305799,0.0672231985940246,0.014938488576449912,0.040421792618629174,0.008787346221441126,0.11335676625659051,0.011423550087873463,0.0672231985940246,0.007908611599297012,0.08919156414762741,0.08479789103690685,0.04657293497363796,0.006590509666080844,0.06370826010544815
0.3352549889135255,0.016407982261640797,0.013747228381374724,0.070509977827051,0.014190687361419069,0.039467849223946784,0.00975609756097561,0.11485587583148558,0.010199556541019957,0.06607538802660753,0.007982261640798226,0.09490022172949002,0.09312638580931264,0.04700665188470066,0.00753880266075388,0.05898004434589801
0.33111111111111113,0.015555555555555555,0.014222222222222223,0.06622222222222222,0.013777777777777778,0.04088888888888889,0.009777777777777778,0.11511111111111111,0.011111111111111112,0.06622222222222222,0.010666666666666666,0.09333333333333334,0.09288888888888888,0.048,0.008444444444444444,0.06266666666666666
0.33245614035087717,0.016228070175438595,0.014035087719298246,0.06710526315789474,0.014035087719298246,0.0412280701754386,0.009649122807017544,0.11403508771929824,0.011403508771929825,0.06359649122807018,0.010964912280701754,0.08991228070175439,0.09429824561403509,0.04868421052631579,0.008333333333333333,0.06403508771929825
0.33687002652519893,0.015473032714412025,0.013262599469496022,0.06896551724137931,0.013262599469496022,0.03978779840848806,0.008841732979664015,0.10831122900088418,0.011494252873563218,0.0627763041556145,0.010610079575596816,0.09239610963748895,0.09460654288240496,0.04995579133510168,0.009283819628647215,0.0641025641025641
0.3418727915194346,0.015017667844522967,0.015017667844522967,0.06890459363957598,0.011925795053003533,0.04063604240282685,0.009275618374558304,0.10821554770318022,0.009275618374558304,0.06448763250883392,0.011042402826855124,0.08789752650176678,0.09938162544169611,0.04726148409893993,0.0088339222614841,0.060954063604240286
0.34008810572687226,0.013215859030837005,0.01629955947136564,0.06960352422907488,0.013656387665198238,0.04140969162995595,0.007929515418502203,0.10440528634361233,0.00881057268722467,0.06519823788546256,0.010572687224669603,0.09030837004405286,0.1013215859030837,0.04537444933920705,0.009691629955947136,0.06211453744493392
0.3424657534246575,0.011489173663278833,0.016349977905435263,0.07114449845338047,0.011489173663278833,0.04021210782147592,0.007954043305346884,0.1042863455589925,0.009279717189571365,0.062306672558550595,0.010605391073795847,0.09323906319045515,0.1034025629695095,0.043747238179407864,0.009279717189571365,0.0627485638532921
0.3432967032967033,0.012747252747252748,0.015384615384615385,0.06945054945054945,0.01054945054945055,0.03868131868131868,0.007032967032967033,0.10153846153846154,0.008791208791208791,0.06417582417582418,0.01098901098901099,0.09582417582417582,0.10725274725274725,0.04351648351648352,0.00967032967032967,0.0610989010989011
0.34069818824569154,0.012372956252761821,0.015024304021210782,0.06981882456915599,0.011489173663278833,0.03932832523199293,0.004860804242156429,0.10472823685373397,0.009279717189571365,0.06451612903225806,0.011489173663278833,0.09898365002209457,0.10737958462218294,0.04286345558992488,0.009279717189571365,0.05788775961113566
0.3375712406839106,0.01052170100832968,0.01446733888645331,0.07233669443226655,0.010960105217010083,0.0398947829899167,0.00394563787812363,0.10872424375274002,0.009644892590968873,0.06356861025865848,0.01183691363437089,0.09513371328364752,0.11179307321350285,0.041209995615957916,0.008329679964927663,0.06006137658921526
0.3394209354120267,0.012026726057906459,0.014253897550111359,0.07483296213808463,0.009799554565701559,0.03875278396436525,0.004008908685968819,0.1064587973273942,0.010244988864142539,0.06503340757238307,0.010244988864142539,0.0935412026726058,0.11046770601336303,0.04142538975501114,0.0071269487750556795,0.062360801781737196
0.3410714285714286,0.0125,0.015178571428571428,0.07276785714285715,0.010714285714285714,0.038392857142857145,0.004464285714285714,0.10446428571428572,0.007589285714285714,0.065625,0.010714285714285714,0.09151785714285714,0.109375,0.04107142857142857,0.006696428571428571,0.06785714285714285
0.33761061946902654,0.011946902654867256,0.017256637168141593,0.07345132743362832,0.009292035398230088,0.03716814159292035,0.0048672566371681415,0.10530973451327434,0.005309734513274336,0.06637168141592921,0.011504424778761062,0.09247787610619469,0.11504424778761062,0.04070796460176991,0.00663716814159292,0.06504424778761062
0.336115992970123,0.012302284710017574,0.016695957820738138,0.07601054481546574,0.008787346221441126,0.03690685413005272,0.004393673110720563,0.1023725834797891,0.007029876977152899,0.06678383128295255,0.01054481546572935,0.09446397188049209,0.11643233743409491,0.04086115992970123,0.008347978910369069,0.06195079086115993
0.33980582524271846,0.01323918799646955,0.0176522506619594,0.07722859664607237,0.009267431597528684,0.037069726390114736,0.00441306266548985,0.10547219770520741,0.006619593998234775,0.06443071491615181,0.01059135039717564,0.09267431597528684,0.11297440423654016,0.03971756398940865,0.007502206531332745,0.061341571050308914
0.3496042216358839,0.014072119613016711,0.018909410729991204,0.07167985927880387,0.009234828496042216,0.04001759014951627,0.00395778364116095,0.0998240985048373,0.006156552330694811,0.06112576956904134,0.011873350923482849,0.09674582233948989,0.11081794195250659,0.03869832893579595,0.007475813544415127,0.05980650835532102
0.3395225464190981,0.013704686118479222,0.01900972590627763,0.07338638373121131,0.007957559681697613,0.038461538461538464,0.0035366931918656055,0.09991158267020336,0.007073386383731211,0.0641025641025641,0.011936339522546418,0.09858532272325375,0.11361626878868258,0.038461538461538464,0.007515473032714412,0.06321839080459771
