C_R,C_A,C_S,C_N,D_R,D_A,D_S,D_N,Oc_R,Oc_A,Oc_S,Oc_N,Od_R,Od_A,Od_S,Od_N
0.0,0.0,0.0,0.0,0.0,0.0,0.0,1.0,0.0,0.0,0.0,0.0,0.0,0.0,0.0,0.0
0.0,0.0,0.0,0.0,0.0,0.0,0.0,0.5,0.5,0.0,0.0,0.0,0.0,0.0,0.0,0.0
0.0,0.0,0.0,0.0,0.0,0.0,0.0,0.6666666666666666,0.3333333333333333,0.0,0.0,0.0,0.0,0.0,0.0,0.0
0.0,0.0,0.0,0.0,0.25,0.0,0.0,0.5,0.25,0.0,0.0,0.0,0.0,0.0,0.0,0.0
0.0,0.0,0.0,0.0,0.25,0.0,0.25,0.25,0.25,0.0,0.0,0.0,0.0,0.0,0.0,0.0
0.0,0.0,0.0,0.2,0.2,0.0,0.2,0.2,0.2,0.0,0.0,0.0,0.0,0.0,0.0,0.0
0.0,0.0,0.0,0.2,0.2,0.0,0.2,0.2,0.2,0.0,0.0,0.0,0.0,0.0,0.0,0.0
0.0,0.0,0.0,0.2,0.2,0.0,0.0,0.2,0.2,0.0,0.2,0.0,0.0,0.0,0.0,0.0
0.0,0.0,0.0,0.2857142857142857,0.14285714285714285,0.0,0.0,0.14285714285714285,0.14285714285714285,0.0,0.2857142857142857,0.0,0.0,0.0,0.0,0.0
0.0,0.0,0.0,0.3333333333333333,0.1111111111111111,0.0,0.0,0.1111111111111111,0.1111111111111111,0.1111111111111111,0.2222222222222222,0.0,0.0,0.0,0.0,0.0
0.0,0.0,0.0,0.5555555555555556,0.1111111111111111,0.0,0.0,0.1111111111111111,0.0,0.0,0.2222222222222222,0.0,0.0,0.0,0.0,0.0
0.0,0.0,0.0,0.5454545454545454,0.09090909090909091,0.0,0.0,0.09090909090909091,0.0,0.09090909090909091,0.18181818181818182,0.0,0.0,0.0,0.0,0.0
0.0,0.0,0.0,0.6875,0.0,0.0,0.0,0.0625,0.0,0.0625,0.1875,0.0,0.0,0.0,0.0,0.0
0.0,0.0,0.0,0.7142857142857143,0.047619047619047616,0.0,0.0,0.047619047619047616,0.0,0.047619047619047616,0.14285714285714285,0.0,0.0,0.0,0.0,0.0
0.0,0.0,0.0,0.6923076923076923,0.11538461538461539,0.0,0.0,0.038461538461538464,0.0,0.038461538461538464,0.11538461538461539,0.0,0.0,0.0,0.0,0.0
0.0,0.0,0.0,0.6764705882352942,0.14705882352941177,0.0,0.0,0.029411764705882353,0.0,0.029411764705882353,0.08823529411764706,0.029411764705882353,0.0,0.0,0.0,0.0
0.0,0.0,0.0,0.7441860465116279,0.09302325581395349,0.0,0.0,0.023255813953488372,0.0,0.023255813953488372,0.06976744186046512,0.023255813953488372,0.0,0.0,0.023255813953488372,0.0
0.0,0.0,0.019230769230769232,0.7692307692307693,0.07692307692307693,0.0,0.0,0.019230769230769232,0.0,0.019230769230769232,0.057692307692307696,0.019230769230769232,0.0,0.0,0.019230769230769232,0.0
0.0,0.0,0.015384615384615385,0.8,0.06153846153846154,0.0,0.0,0.015384615384615385,0.0,0.015384615384615385,0.046153846153846156,0.015384615384615385,0.0,0.0,0.03076923076923077,0.0
0.0,0.0,0.02702702702702703,0.8378378378378378,0.04054054054054054,0.0,0.0,0.013513513513513514,0.0,0.013513513513513514,0.04054054054054054,0.0,0.0,0.0,0.02702702702702703,0.0
0.0,0.0,0.03125,0.8541666666666666,0.03125,0.0,0.0,0.010416666666666666,0.0,0.010416666666666666,0.03125,0.0,0.0,0.010416666666666666,0.020833333333333332,0.0
0.0,0.0,0.04504504504504504,0.8468468468468469,0.02702702702702703,0.0,0.0,0.009009009009009009,0.0,0.009009009009009009,0.02702702702702703,0.0,0.0,0.018018018018018018,0.018018018018018018,0.0
0.008,0.0,0.04,0.84,0.024,0.0,0.0,0.008,0.008,0.008,0.032,0.0,0.0,0.016,0.016,0.0
0.007575757575757576,0.0,0.03787878787878788,0.8484848484848485,0.022727272727272728,0.0,0.0,0.007575757575757576,0.015151515151515152,0.007575757575757576,0.030303030303030304,0.0,0.0,0.015151515151515152,0.007575757575757576,0.0
0.006711409395973154,0.0,0.03355704697986577,0.8523489932885906,0.020134228187919462,0.0,0.0,0.006711409395973154,0.013422818791946308,0.006711409395973154,0.020134228187919462,0.0,0.013422818791946308,0.013422818791946308,0.006711409395973154,0.006711409395973154
0.006134969325153374,0.0,0.024539877300613498,0.852760736196319,0.012269938650306749,0.0,0.0,0.018404907975460124,0.012269938650306749,0.006134969325153374,0.006134969325153374,0.0,0.03680981595092025,0.012269938650306749,0.006134969325153374,0.006134969325153374
0.005291005291005291,0.0,0.021164021164021163,0.8571428571428571,0.010582010582010581,0.0,0.0,0.015873015873015872,0.010582010582010581,0.005291005291005291,0.005291005291005291,0.0,0.047619047619047616,0.010582010582010581,0.005291005291005291,0.005291005291005291
0.0045871559633027525,0.0,0.009174311926605505,0.8577981651376146,0.009174311926605505,0.0,0.0,0.01834862385321101,0.0045871559633027525,0.0045871559633027525,0.0045871559633027525,0.0,0.06880733944954129,0.009174311926605505,0.0045871559633027525,0.0045871559633027525
0.00819672131147541,0.0,0.00819672131147541,0.860655737704918,0.00819672131147541,0.0,0.0,0.01639344262295082,0.004098360655737705,0.004098360655737705,0.004098360655737705,0.004098360655737705,0.06557377049180328,0.00819672131147541,0.004098360655737705,0.004098360655737705
0.007246376811594203,0.0,0.007246376811594203,0.8442028985507246,0.007246376811594203,0.0,0.0,0.014492753623188406,0.0036231884057971015,0.0036231884057971015,0.0036231884057971015,0.0036231884057971015,0.09057971014492754,0.007246376811594203,0.0036231884057971015,0.0036231884057971015
0.006472491909385114,0.0,0.009708737864077669,0.8284789644012945,0.006472491909385114,0.0,0.0,0.016181229773462782,0.0,0.003236245954692557,0.006472491909385114,0.006472491909385114,0.10355987055016182,0.006472491909385114,0.003236245954692557,0.003236245954692557
0.005797101449275362,0.0,0.005797101449275362,0.8115942028985508,0.005797101449275362,0.0,0.0,0.017391304347826087,0.0,0.002898550724637681,0.008695652173913044,0.002898550724637681,0.12173913043478261,0.005797101449275362,0.005797101449275362,0.005797101449275362
0.005235602094240838,0.0,0.005235602094240838,0.8036649214659686,0.005235602094240838,0.002617801047120419,0.0,0.015706806282722512,0.0,0.005235602094240838,0.007853403141361256,0.002617801047120419,0.12827225130890052,0.005235602094240838,0.005235602094240838,0.007853403141361256
0.004784688995215311,0.0023923444976076554,0.004784688995215311,0.7894736842105263,0.007177033492822967,0.0023923444976076554,0.0,0.01674641148325359,0.0,0.0023923444976076554,0.009569377990430622,0.0023923444976076554,0.14114832535885166,0.007177033492822967,0.004784688995215311,0.004784688995215311
0.0044444444444444444,0.0022222222222222222,0.0044444444444444444,0.7666666666666667,0.0044444444444444444,0.006666666666666667,0.0022222222222222222,0.015555555555555555,0.0022222222222222222,0.0022222222222222222,0.006666666666666667,0.0022222222222222222,0.16666666666666666,0.0044444444444444444,0.0044444444444444444,0.0044444444444444444
0.007905138339920948,0.001976284584980237,0.003952569169960474,0.7509881422924901,0.003952569169960474,0.003952569169960474,0.001976284584980237,0.015810276679841896,0.001976284584980237,0.001976284584980237,0.009881422924901186,0.003952569169960474,0.17786561264822134,0.005928853754940711,0.003952569169960474,0.003952569169960474
0.007042253521126761,0.0035211267605633804,0.00528169014084507,0.7376760563380281,0.0035211267605633804,0.0035211267605633804,0.0017605633802816902,0.01584507042253521,0.0017605633802816902,0.0017605633802816902,0.007042253521126761,0.0017605633802816902,0.1954225352112676,0.00528169014084507,0.0035211267605633804,0.00528169014084507
0.004909983633387889,0.0032733224222585926,0.006546644844517185,0.7201309328968903,0.0032733224222585926,0.004909983633387889,0.0032733224222585926,0.01309328968903437,0.0032733224222585926,0.0032733224222585926,0.009819967266775777,0.0016366612111292963,0.20949263502454993,0.004909983633387889,0.0032733224222585926,0.004909983633387889
0.006144393241167435,0.0030721966205837174,0.006144393241167435,0.7035330261136713,0.007680491551459293,0.004608294930875576,0.0030721966205837174,0.01228878648233487,0.007680491551459293,0.0030721966205837174,0.007680491551459293,0.0015360983102918587,0.22119815668202766,0.004608294930875576,0.0015360983102918587,0.006144393241167435
0.00424929178470255,0.00424929178470255,0.00424929178470255,0.6841359773371105,0.007082152974504249,0.00424929178470255,0.00141643059490085,0.0113314447592068,0.0084985835694051,0.00424929178470255,0.007082152974504249,0.00141643059490085,0.24645892351274787,0.00424929178470255,0.00141643059490085,0.0056657223796034
0.0025806451612903226,0.005161290322580645,0.003870967741935484,0.6683870967741935,0.007741935483870968,0.003870967741935484,0.0012903225806451613,0.01032258064516129,0.007741935483870968,0.003870967741935484,0.007741935483870968,0.0012903225806451613,0.26064516129032256,0.0064516129032258064,0.0025806451612903226,0.0064516129032258064
0.0023752969121140144,0.0059382422802850355,0.0023752969121140144,0.6579572446555819,0.0059382422802850355,0.0035629453681710215,0.0011876484560570072,0.00831353919239905,0.0059382422802850355,0.0035629453681710215,0.00831353919239905,0.0035629453681710215,0.27315914489311166,0.007125890736342043,0.0035629453681710215,0.007125890736342043
0.002190580503833516,0.008762322015334063,0.0032858707557502738,0.6440306681270537,0.00547645125958379,0.00547645125958379,0.0,0.008762322015334063,0.004381161007667032,0.0032858707557502738,0.007667031763417305,0.004381161007667032,0.2858707557502738,0.0065717415115005475,0.0032858707557502738,0.0065717415115005475
0.001017293997965412,0.008138351983723296,0.002034587995930824,0.62970498474059,0.007121057985757884,0.00508646998982706,0.0,0.008138351983723296,0.004069175991861648,0.004069175991861648,0.007121057985757884,0.004069175991861648,0.3031536113936928,0.006103763987792472,0.004069175991861648,0.006103763987792472
0.0009233610341643582,0.006463527239150508,0.0018467220683287165,0.6251154201292706,0.00554016620498615,0.00554016620498615,0.0,0.008310249307479225,0.002770083102493075,0.006463527239150508,0.007386888273314866,0.002770083102493075,0.31117266851338876,0.006463527239150508,0.003693444136657433,0.00554016620498615
0.0034129692832764505,0.004266211604095563,0.004266211604095563,0.6117747440273038,0.005972696245733789,0.005119453924914676,0.002559726962457338,0.007679180887372013,0.002559726962457338,0.005972696245733789,0.006825938566552901,0.0034129692832764505,0.3191126279863481,0.006825938566552901,0.004266211604095563,0.005972696245733789
0.0040032025620496394,0.0040032025620496394,0.0040032025620496394,0.5988791032826261,0.004803843074459567,0.004803843074459567,0.0024019215372297837,0.007205764611689352,0.0024019215372297837,0.006405124099279423,0.006405124099279423,0.004803843074459567,0.33386709367493994,0.005604483586869495,0.0040032025620496394,0.006405124099279423
0.005835156819839533,0.005105762217359592,0.0036469730123997084,0.5973741794310722,0.0036469730123997084,0.005105762217359592,0.0014587892049598833,0.007293946024799417,0.0036469730123997084,0.006564551422319475,0.007293946024799417,0.005105762217359592,0.33260393873085337,0.006564551422319475,0.0036469730123997084,0.005105762217359592
0.005434782608695652,0.0033967391304347825,0.002717391304347826,0.5883152173913043,0.004755434782608696,0.004076086956521739,0.001358695652173913,0.008831521739130434,0.004076086956521739,0.006793478260869565,0.006114130434782609,0.005434782608695652,0.3423913043478261,0.006114130434782609,0.004755434782608696,0.005434782608695652
0.0082122552116235,0.003158559696778269,0.003158559696778269,0.5786481364497789,0.00505369551484523,0.006948831332912192,0.0012634238787113076,0.011370814908401769,0.003790271636133923,0.008843967150979154,0.003790271636133923,0.00505369551484523,0.344914718888187,0.00505369551484523,0.004421983575489577,0.006317119393556538
0.0070880094506792675,0.0035440047253396337,0.004134672179562906,0.5753101004134672,0.004134672179562906,0.006497341996455995,0.0011813349084465446,0.012404016538688719,0.0035440047253396337,0.008269344359125812,0.004725339633786178,0.005316007088009451,0.3479031305375074,0.005316007088009451,0.004134672179562906,0.006497341996455995
0.007773459189339256,0.00277623542476402,0.003886729594669628,0.5674625208217657,0.004997223764575236,0.006662965019433648,0.002220988339811216,0.012215435868961688,0.003331482509716824,0.007773459189339256,0.00555247084952804,0.006662965019433648,0.35424764019988897,0.004997223764575236,0.003331482509716824,0.006107717934480844
0.00864397622906537,0.002701242571582928,0.0037817396002160996,0.5694219340896812,0.005402485143165856,0.006482982171799027,0.0021609940572663426,0.01242571582928147,0.0037817396002160996,0.009184224743381956,0.005402485143165856,0.007023230686115613,0.3495407887628309,0.005402485143165856,0.002701242571582928,0.005942733657482442
0.007696254489481785,0.002052334530528476,0.00513083632632119,0.5546434068753207,0.005643919958953309,0.0061570035915854285,0.002052334530528476,0.013853258081067214,0.0035915854284248334,0.008209338122113904,0.005643919958953309,0.006670087224217547,0.36275012827090813,0.0061570035915854285,0.002565418163160595,0.007183170856849667
0.006445215666831929,0.0019831432821021317,0.004462072384729797,0.5508180466038671,0.005453644025780862,0.0074367873078829945,0.002478929102627665,0.013386217154189391,0.004462072384729797,0.007932573128408527,0.00495785820525533,0.007932573128408527,0.3668815071888944,0.00495785820525533,0.002478929102627665,0.007932573128408527
0.007774538386783284,0.0029154518950437317,0.004373177842565598,0.5408163265306123,0.004859086491739553,0.00826044703595724,0.001943634596695821,0.012147716229348883,0.003887269193391642,0.006802721088435374,0.005344995140913508,0.007288629737609329,0.37755102040816324,0.004373177842565598,0.0029154518950437317,0.008746355685131196
0.00816130580892943,0.002400384061449832,0.004800768122899664,0.5381661065770523,0.007201152184349496,0.009121459433509362,0.0019203072491598655,0.013922227556409025,0.0043206913106096975,0.007681228996639462,0.004800768122899664,0.009121459433509362,0.371099375900144,0.0043206913106096975,0.003360537686029765,0.009601536245799328
0.007048872180451127,0.0037593984962406013,0.004699248120300752,0.5338345864661654,0.008458646616541353,0.010338345864661654,0.0018796992481203006,0.01362781954887218,0.0042293233082706765,0.007988721804511278,0.0042293233082706765,0.010808270676691729,0.37406015037593987,0.003289473684210526,0.003289473684210526,0.008458646616541353
0.007848568790397045,0.004155124653739612,0.0050784856879039705,0.5244690674053555,0.010156971375807941,0.0110803324099723,0.0023084025854108957,0.014312096029547553,0.003693444136657433,0.009695290858725761,0.0050784856879039705,0.010156971375807941,0.37442289935364725,0.003231763619575254,0.0050784856879039705,0.009233610341643583
0.007292616226071103,0.005013673655423883,0.005013673655423883,0.5237010027347311,0.009115770282588878,0.010938924339106655,0.0022789425706472195,0.014585232452142206,0.0036463081130355514,0.009571558796718322,0.0054694621695533276,0.010938924339106655,0.37192342752962626,0.004102096627164996,0.005925250683682771,0.010483135824977211
0.008133755083596927,0.00587437867148667,0.004970628106642567,0.5214640759150474,0.00858563036601898,0.013104383190239493,0.0022593764121102574,0.013556258472661545,0.0027112516945323093,0.010393131495707185,0.004518752824220515,0.011296882060551287,0.3755083596927248,0.0031631269769543608,0.00587437867148667,0.00858563036601898
0.00985663082437276,0.0062724014336917565,0.0062724014336917565,0.5103046594982079,0.009408602150537635,0.01478494623655914,0.002240143369175627,0.012992831541218637,0.004032258064516129,0.00985663082437276,0.00492831541218638,0.011648745519713262,0.37948028673835127,0.002688172043010753,0.005824372759856631,0.009408602150537635
0.009786476868327402,0.006227758007117438,0.0066725978647686835,0.5120106761565836,0.009341637010676156,0.01601423487544484,0.002224199288256228,0.013790035587188613,0.004448398576512456,0.010676156583629894,0.00400355871886121,0.010676156583629894,0.375,0.003113879003558719,0.005338078291814947,0.010676156583629894
0.012283894449499545,0.006369426751592357,0.006369426751592357,0.5068243858052776,0.009554140127388535,0.015468607825295723,0.0018198362147406734,0.014558689717925387,0.00545950864422202,0.010009099181073703,0.004094631483166515,0.012738853503184714,0.37579617834394907,0.004094631483166515,0.005004549590536852,0.009554140127388535
0.011648745519713262,0.006720430107526882,0.0076164874551971325,0.5008960573476703,0.009408602150537635,0.017921146953405017,0.0017921146953405018,0.01478494623655914,0.00492831541218638,0.008512544802867384,0.004480286738351254,0.014336917562724014,0.37768817204301075,0.00492831541218638,0.004480286738351254,0.00985663082437276
0.01290609701824655,0.0075656430796617715,0.0075656430796617715,0.49265687583444595,0.009790832220738763,0.016911437472185136,0.0013351134846461949,0.01557632398753894,0.0053404539385847796,0.0075656430796617715,0.006230529595015576,0.014241210502892745,0.37917222963951935,0.005785491766800178,0.004005340453938585,0.01335113484646195
0.014686248331108143,0.006675567423230975,0.006675567423230975,0.48820649755229195,0.012016021361815754,0.01602136181575434,0.0022251891410769915,0.017356475300400534,0.004895416110369382,0.007120605251446373,0.006675567423230975,0.013796172674677348,0.38006230529595014,0.0053404539385847796,0.004895416110369382,0.01335113484646195
0.0173256330519769,0.005775211017325633,0.006663705019991115,0.4833407374500222,0.013771657041314972,0.01821412705464238,0.003109729009329187,0.016881386050644157,0.00444247001332741,0.007552199022656597,0.007107952021323856,0.013771657041314972,0.3780541981341626,0.006219458018658374,0.003998223011994669,0.013771657041314972
0.018502202643171806,0.005726872246696035,0.006607929515418502,0.48370044052863437,0.014977973568281937,0.018061674008810574,0.0026431718061674008,0.01629955947136564,0.003964757709251102,0.009251101321585903,0.006607929515418502,0.013656387665198238,0.37533039647577093,0.006607929515418502,0.004845814977973568,0.013215859030837005
0.020732245258050286,0.004852227613586237,0.0061755624172915745,0.470666078517865,0.0141155712395236,0.0176444640494045,0.0030877812086457872,0.0176444640494045,0.004852227613586237,0.0105866784296427,0.007940008822232024,0.012351124834583149,0.3846493162770181,0.005734450816056462,0.004852227613586237,0.0141155712395236
0.020833333333333332,0.00576241134751773,0.005319148936170213,0.47429078014184395,0.013297872340425532,0.018617021276595744,0.0031028368794326243,0.018617021276595744,0.004875886524822695,0.010195035460992909,0.008865248226950355,0.01374113475177305,0.3772163120567376,0.006648936170212766,0.004875886524822695,0.01374113475177305
0.02366345311130587,0.0056967572304995615,0.0056967572304995615,0.47283085013146364,0.011393514460999123,0.019281332164767746,0.0035056967572304996,0.020157756354075372,0.0052585451358457495,0.008764241893076249,0.008326029798422436,0.012708150744960562,0.3768624014022787,0.007011393514460999,0.004820333041191937,0.014022787028921999
0.023851590106007067,0.006183745583038869,0.007950530035335688,0.4726148409893993,0.011042402826855124,0.018109540636042403,0.005742049469964664,0.01987632508833922,0.004858657243816254,0.009717314487632508,0.007067137809187279,0.013250883392226149,0.3745583038869258,0.007508833922261484,0.003975265017667844,0.013692579505300354
0.025457793657882984,0.005806163465832961,0.007592675301473872,0.4698526127735596,0.011612326931665922,0.016971862438588656,0.006699419383653417,0.020991514068780706,0.00401965163019205,0.008932559178204555,0.006699419383653417,0.013398838767306834,0.37472085752568113,0.0080393032603841,0.00401965163019205,0.015185350602947744
0.026233881725211204,0.006669630947087594,0.00755891507336594,0.470431302801245,0.011116051578479324,0.016896398399288574,0.007114273010226767,0.020008892841262782,0.0026678523788350376,0.009782125389061804,0.007114273010226767,0.01511783014673188,0.3721654068474878,0.008448199199644287,0.0031124944419742106,0.015562472209871054
0.027288732394366196,0.007922535211267605,0.008802816901408451,0.4669894366197183,0.011443661971830986,0.018926056338028168,0.007482394366197183,0.01716549295774648,0.0030809859154929575,0.009242957746478873,0.006161971830985915,0.016285211267605633,0.3714788732394366,0.008802816901408451,0.0030809859154929575,0.01584507042253521
0.02404274265360641,0.008014247551202136,0.008459483526268923,0.45814781834372215,0.009795191451469279,0.017809439002671415,0.007569011576135352,0.017809439002671415,0.003116651825467498,0.011130899376669634,0.006678539626001781,0.014247551202137132,0.38290293855743546,0.009349955476402494,0.003561887800534283,0.017364203027604632
0.026106194690265486,0.00752212389380531,0.008407079646017699,0.4575221238938053,0.008849557522123894,0.02079646017699115,0.005752212389380531,0.019469026548672566,0.003097345132743363,0.010619469026548672,0.00663716814159292,0.01415929203539823,0.38008849557522123,0.010619469026548672,0.003982300884955752,0.016371681415929203
0.025526197939991044,0.006717420510523959,0.00806090461262875,0.44469323779668607,0.008956560680698611,0.020152261531571878,0.006269592476489028,0.020152261531571878,0.0044782803403493054,0.010300044782803403,0.006717420510523959,0.013882669055082848,0.3882669055082848,0.013434841021047918,0.0044782803403493054,0.017913121361397222
0.028156621205455347,0.005719313682358117,0.007919049714034315,0.4417069951605807,0.008798944126704795,0.02111746590409151,0.005279366476022877,0.01935767707875055,0.0035195776506819184,0.011438627364716234,0.006599208095028597,0.01583809942806863,0.3893532776066872,0.011878574571051475,0.004399472063352398,0.01891772987241531
0.026872246696035242,0.0052863436123348016,0.007929515418502203,0.4418502202643172,0.009251101321585903,0.019383259911894272,0.006167400881057269,0.019383259911894272,0.0022026431718061676,0.012334801762114538,0.006607929515418502,0.015859030837004406,0.39118942731277534,0.013656387665198238,0.004405286343612335,0.01762114537444934
0.025,0.005357142857142857,0.008035714285714285,0.44642857142857145,0.008482142857142856,0.01875,0.005803571428571429,0.019196428571428573,0.002232142857142857,0.014285714285714285,0.007589285714285714,0.015625,0.38973214285714286,0.013392857142857142,0.004464285714285714,0.015625
0.02366345311130587,0.0056967572304995615,0.008764241893076249,0.4395267309377739,0.007449605609114811,0.018843120070113933,0.006134969325153374,0.019281332164767746,0.003067484662576687,0.01621384750219106,0.007449605609114811,0.016652059596844872,0.394829097283085,0.014022787028921999,0.0035056967572304996,0.014899211218229623
0.02264653641207815,0.005772646536412078,0.009325044404973356,0.436056838365897,0.009325044404973356,0.018650088809946713,0.007104795737122558,0.017761989342806393,0.003552397868561279,0.015985790408525755,0.007548845470692718,0.019538188277087035,0.3956483126110124,0.011545293072824156,0.003552397868561279,0.015985790408525755
0.023482498892334957,0.006202924235711121,0.007532122286220647,0.43420469649977844,0.00974745237040319,0.01949490474080638,0.007975188303057155,0.018165706690296855,0.003544528134692069,0.014621178555604785,0.006202924235711121,0.01993797075764289,0.3965440850686752,0.01284891448825875,0.0031014621178555605,0.01639344262295082
0.023725834797891036,0.005272407732864675,0.007908611599297012,0.43409490333919154,0.010105448154657293,0.020210896309314587,0.008347978910369069,0.01977152899824253,0.0030755711775043936,0.014938488576449912,0.006590509666080844,0.01977152899824253,0.39235500878734625,0.014938488576449912,0.003954305799648506,0.014938488576449912
0.023642732049036778,0.005253940455341506,0.0074430823117338,0.4286339754816112,0.012259194395796848,0.01882661996497373,0.008756567425569177,0.017513134851138354,0.003064798598949212,0.0148861646234676,0.006567425569176883,0.019702276707530646,0.4001751313485114,0.014448336252189142,0.00394045534150613,0.0148861646234676
0.023141967067200713,0.005785491766800178,0.006230529595015576,0.4303515798842902,0.012016021361815754,0.017356475300400534,0.008455718736092568,0.01824655095683133,0.004005340453938585,0.015131286159323543,0.006675567423230975,0.021806853582554516,0.3983088562527815,0.014241210502892745,0.004450378282153983,0.013796172674677348
0.01993797075764289,0.004430660168365086,0.00664599025254763,0.42977403633141337,0.011076650420912717,0.017722640673460344,0.00930438635356668,0.018165706690296855,0.0031014621178555605,0.015507310589277802,0.006202924235711121,0.01993797075764289,0.40806380150642446,0.014178112538768276,0.003987594151528578,0.011962782454585734
0.021739130434782608,0.003992901508429458,0.00709849157054126,0.4307897071872227,0.01020408163265306,0.015527950310559006,0.009760425909494233,0.016415261756876662,0.003105590062111801,0.016415261756876662,0.006211180124223602,0.018633540372670808,0.40949423247559896,0.012422360248447204,0.0044365572315882874,0.013753327417923691
0.021314387211367674,0.003996447602131439,0.007992895204262877,0.4218472468916519,0.009769094138543518,0.016873889875666074,0.008880994671403197,0.017317939609236235,0.003552397868561279,0.016873889875666074,0.006216696269982238,0.016429840142095916,0.41563055062166965,0.015541740674955595,0.003552397868561279,0.014209591474245116
0.020228671943711522,0.003518029903254178,0.007475813544415127,0.4239226033421284,0.010114335971855761,0.01759014951627089,0.008355321020228672,0.0158311345646438,0.003518029903254178,0.018469656992084433,0.006156552330694811,0.016710642040457344,0.415127528583993,0.014951627088830254,0.0043975373790677225,0.013632365875109938
0.022123893805309734,0.0035398230088495575,0.007079646017699115,0.42964601769911503,0.009292035398230088,0.016371681415929203,0.008849557522123894,0.01592920353982301,0.003097345132743363,0.020353982300884955,0.005752212389380531,0.01504424778761062,0.41061946902654867,0.012831858407079646,0.004424778761061947,0.01504424778761062
0.02310084406930253,0.003998223011994669,0.007996446023989337,0.42292314526876945,0.009773434029320302,0.015104398045313194,0.009773434029320302,0.016437139049311416,0.00444247001332741,0.02087960906263883,0.007552199022656597,0.015992892047978675,0.4095957352287872,0.01288316303864949,0.004886717014660151,0.014660151043980453
0.023936170212765957,0.003989361702127659,0.008865248226950355,0.4228723404255319,0.009308510638297872,0.014184397163120567,0.008865248226950355,0.016400709219858155,0.005319148936170213,0.02127659574468085,0.007978723404255319,0.014627659574468085,0.41134751773049644,0.012854609929078014,0.004432624113475178,0.01374113475177305
0.019529516200621395,0.004882379050155349,0.007989347536617843,0.4141145139813582,0.00887705281846427,0.015534842432312472,0.00887705281846427,0.016866400355082113,0.005770084332001775,0.019529516200621395,0.008433200177541057,0.011984021304926764,0.422103861517976,0.014203284509542832,0.004438526409232135,0.016866400355082113
0.01967799642218247,0.005366726296958855,0.007602862254025045,0.42262969588550986,0.00849731663685152,0.01520572450805009,0.008944543828264758,0.015652951699463326,0.006708407871198569,0.020125223613595707,0.008944543828264758,0.012075134168157423,0.4136851520572451,0.01520572450805009,0.004025044722719142,0.015652951699463326
0.02094474153297683,0.0066844919786096255,0.0066844919786096255,0.41889483065953653,0.007575757575757576,0.014705882352941176,0.007575757575757576,0.01693404634581105,0.0071301247771836,0.02094474153297683,0.008912655971479501,0.010249554367201427,0.41889483065953653,0.013814616755793227,0.004010695187165776,0.016042780748663103
0.020282186948853614,0.006172839506172839,0.006613756613756613,0.4166666666666667,0.007936507936507936,0.015432098765432098,0.00837742504409171,0.01675485008818342,0.007495590828924162,0.021164021164021163,0.00837742504409171,0.009700176366843033,0.41887125220458554,0.012786596119929453,0.005731922398589065,0.01763668430335097
0.021080368906455864,0.006587615283267457,0.007026789635485288,0.40843214756258234,0.00966183574879227,0.015810276679841896,0.00922266139657444,0.01756697408871322,0.006148440931049627,0.019762845849802372,0.007905138339920948,0.010540184453227932,0.4251207729468599,0.011418533157663592,0.005270092226613966,0.01844532279314888
0.021910604732690624,0.006573181419807186,0.0056967572304995615,0.4084136722173532,0.009202453987730062,0.014899211218229623,0.007449605609114811,0.017528483786152498,0.0056967572304995615,0.018843120070113933,0.007887817703768623,0.011831726555652936,0.4268185801928133,0.011393514460999123,0.0056967572304995615,0.020157756354075372
0.021958717610891524,0.007026789635485288,0.006587615283267457,0.4101888449714537,0.00834431269213878,0.016249451032059728,0.007026789635485288,0.016249451032059728,0.005709266578831796,0.018006148440931048,0.007905138339920948,0.012736056214317084,0.42731664470794906,0.011418533157663592,0.005270092226613966,0.018006148440931048
0.021710234824988923,0.007532122286220647,0.00664599025254763,0.4160389898094816,0.007975188303057155,0.01639344262295082,0.007532122286220647,0.014621178555604785,0.0057598582188746125,0.017279574656623838,0.008861320336730172,0.012405848471422242,0.42224191404519273,0.011076650420912717,0.0057598582188746125,0.018165706690296855
0.024059492563429572,0.008311461067366578,0.0074365704286964126,0.4146981627296588,0.0074365704286964126,0.016185476815398076,0.00699912510936133,0.013123359580052493,0.005249343832020997,0.018810148731408575,0.007874015748031496,0.011373578302712161,0.421259842519685,0.012248468941382326,0.006124234470691163,0.018810148731408575
0.02101028162717926,0.009387572641931158,0.008493518104604381,0.4148413053196245,0.007152436298614216,0.016092981671881983,0.007152436298614216,0.015198927134555208,0.00581135449262405,0.018328118015198926,0.009387572641931158,0.010728654447921324,0.41975860527492176,0.0116227089852481,0.006258381761287439,0.018775145283862316
0.020668425681618294,0.0079155672823219,0.007036059806508356,0.41380826737027265,0.007475813544415127,0.015391380826737027,0.006156552330694811,0.016710642040457344,0.006596306068601583,0.021108179419525065,0.008795074758135445,0.010114335971855761,0.4226033421284081,0.011873350923482849,0.005716798592788039,0.01802990325417766
0.021643109540636044,0.006183745583038869,0.0088339222614841,0.411660777385159,0.009275618374558304,0.016342756183745585,0.0066254416961130744,0.01678445229681979,0.007067137809187279,0.018992932862190812,0.008392226148409895,0.011484098939929329,0.42314487632508835,0.011042402826855124,0.005742049469964664,0.01678445229681979
0.023224653863331845,0.006699419383653417,0.007592675301473872,0.4046449307726664,0.010719071013845467,0.0160786065207682,0.007146047342563644,0.01563197856185797,0.006699419383653417,0.01786511835640911,0.0080393032603841,0.01027244305493524,0.43188923626619025,0.01027244305493524,0.005806163465832961,0.017418490397498883
0.026025584472871635,0.0066166740185266875,0.007940008822232024,0.39391265990295543,0.009704455227172474,0.016321129245699163,0.007498897220996913,0.016762240846934274,0.007940008822232024,0.01808557565063961,0.007940008822232024,0.012351124834583149,0.4358182620202911,0.009704455227172474,0.0066166740185266875,0.016762240846934274
0.026060070671378093,0.007950530035335688,0.007950530035335688,0.39399293286219084,0.0088339222614841,0.016342756183745585,0.007950530035335688,0.017226148409893994,0.008392226148409895,0.018551236749116608,0.006183745583038869,0.012809187279151944,0.4377208480565371,0.0088339222614841,0.0066254416961130744,0.014575971731448763
0.024922118380062305,0.00801068090787717,0.007120605251446373,0.3907432131731197,0.008900756564307966,0.01602136181575434,0.009345794392523364,0.016466399643969738,0.010235870048954161,0.018691588785046728,0.0075656430796617715,0.01335113484646195,0.4401424121050289,0.0075656430796617715,0.006675567423230975,0.014241210502892745
0.025221238938053097,0.007964601769911504,0.005309734513274336,0.402212389380531,0.008407079646017699,0.017699115044247787,0.00663716814159292,0.014601769911504425,0.008849557522123894,0.021238938053097345,0.007964601769911504,0.01415929203539823,0.4331858407079646,0.005752212389380531,0.007964601769911504,0.012831858407079646
0.027616926503340758,0.008463251670378619,0.005790645879732739,0.4,0.008908685968819599,0.01648106904231626,0.0075723830734966595,0.013808463251670379,0.008463251670378619,0.02093541202672606,0.0071269487750556795,0.013363028953229399,0.43608017817371936,0.005345211581291759,0.0071269487750556795,0.012917594654788419
0.027324812692816218,0.00881445570736007,0.006610841780520053,0.4001762891141472,0.007933010136624064,0.015866020273248127,0.007051564565888057,0.013662406346408109,0.00881445570736007,0.021595416483032173,0.00749228735125606,0.014543851917144116,0.4363155575143235,0.0057293962097840455,0.00617011899515205,0.011899515204936095
0.027244305493523895,0.00982581509602501,0.006252791424743189,0.39303260384100047,0.007592675301473872,0.01563197856185797,0.005359535506922733,0.015185350602947744,0.008932559178204555,0.022778025904421618,0.005806163465832961,0.013398838767306834,0.44439481911567663,0.005806163465832961,0.005359535506922733,0.013398838767306834
0.025686448184233834,0.009300265721877768,0.006200177147918512,0.3937112488928255,0.00841452612931798,0.01682905225863596,0.0070859167404783,0.015943312666076175,0.00841452612931798,0.023029229406554472,0.005314437555358724,0.015943312666076175,0.43976970770593443,0.006643046944198406,0.005314437555358724,0.012400354295837024
0.026501766784452298,0.008392226148409895,0.0066254416961130744,0.39752650176678445,0.007950530035335688,0.015901060070671377,0.007950530035335688,0.016342756183745585,0.007067137809187279,0.023409893992932862,0.00530035335689046,0.016342756183745585,0.4372791519434629,0.0066254416961130744,0.00530035335689046,0.011484098939929329
0.02526595744680851,0.007978723404255319,0.0062056737588652485,0.39228723404255317,0.007978723404255319,0.016400709219858155,0.0070921985815602835,0.015957446808510637,0.0070921985815602835,0.02526595744680851,0.00576241134751773,0.01551418439716312,0.4441489361702128,0.007535460992907801,0.004432624113475178,0.011081560283687944
0.026396832380114386,0.007919049714034315,0.005719313682358117,0.3915530136383634,0.008358996920369555,0.01671799384073911,0.006599208095028597,0.014518257809062912,0.007479102507699076,0.025076990761108666,0.0061592608886933565,0.014958205015398152,0.4456665200175979,0.007919049714034315,0.004399472063352398,0.010558732952045754
0.028684907325684024,0.00794351279788173,0.006619593998234775,0.3883495145631068,0.008384819064430714,0.018093556928508385,0.00617828773168579,0.01323918799646955,0.00706090026478376,0.0264783759929391,0.005736981465136805,0.01412180052956752,0.4461606354810238,0.0088261253309797,0.003089143865842895,0.011032656663724626
0.027181060938185005,0.007452871547566856,0.0070144673388864535,0.3936869793950022,0.00920648838228847,0.01709776413853573,0.0070144673388864535,0.013590530469092503,0.007452871547566856,0.026742656729504603,0.00657606313020605,0.014905743095133712,0.4366505918456817,0.010083296799649276,0.004384042086804033,0.010960105217010083
0.029876977152899824,0.007908611599297012,0.007469244288224956,0.39015817223198596,0.008347978910369069,0.01757469244288225,0.006151142355008787,0.013620386643233744,0.006590509666080844,0.025043936731107205,0.0057117750439367315,0.015817223198594025,0.4406854130052724,0.011423550087873463,0.004393673110720563,0.00922671353251318
0.032458870609159626,0.00755891507336594,0.007114273010226767,0.3895064473099155,0.008892841262783458,0.016896398399288574,0.006224988883948421,0.01200533570475767,0.00755891507336594,0.024455313472654512,0.006224988883948421,0.0164517563361494,0.4384170742552245,0.01200533570475767,0.004891062694530902,0.009337483325922631
0.03425266903914591,0.00800711743772242,0.006227758007117438,0.39768683274021355,0.0066725978647686835,0.017348754448398576,0.005338078291814947,0.012900355871886121,0.008451957295373666,0.02402135231316726,0.005782918149466192,0.016459074733096084,0.4314946619217082,0.012455516014234875,0.00400355871886121,0.008896797153024912
0.033668561434193264,0.00874508089199825,0.005684302579798863,0.38871884564932224,0.006996064713598601,0.019239177962396152,0.006558810668998688,0.013117621337997376,0.00874508089199825,0.021862702229995628,0.006121556624398776,0.01530389156099694,0.4416265850459117,0.012243113248797552,0.0026235242675994755,0.00874508089199825
0.0353045013239188,0.008384819064430714,0.006619593998234775,0.38658428949691087,0.00706090026478376,0.02030008826125331,0.00529567519858782,0.01323918799646955,0.007502206531332745,0.02118270079435128,0.006619593998234775,0.014563106796116505,0.441747572815534,0.012797881729920565,0.003971756398940865,0.0088261253309797
0.034255599472990776,0.00878348704435661,0.005270092226613966,0.3891084760649978,0.006148440931049627,0.021080368906455864,0.005709266578831796,0.014492753623188406,0.00834431269213878,0.018884497145366712,0.006148440931049627,0.014492753623188406,0.4413702239789196,0.012296881862099254,0.004391743522178305,0.00922266139657444
0.03739551253849538,0.010558732952045754,0.004839419269687638,0.3915530136383634,0.0061592608886933565,0.020237571491421028,0.005279366476022877,0.01627804663440387,0.007039155301363837,0.02067751869775627,0.004839419269687638,0.015398152221733392,0.43510778706555214,0.011438627364716234,0.004399472063352398,0.008798944126704795
0.0392841553906591,0.00960279353993889,0.005674378000872981,0.3897861195984286,0.006983849847228284,0.01920558707987778,0.006547359231776516,0.01571366215626364,0.006983849847228284,0.01789611523352248,0.004801396769969445,0.01571366215626364,0.4343081623745089,0.013094718463553033,0.004364906154517678,0.01003928415539066
0.0387153541575011,0.009678838539375276,0.006599208095028597,0.38759348878134625,0.007919049714034315,0.01715794104707435,0.0061592608886933565,0.01583809942806863,0.007479102507699076,0.01759788825340959,0.003959524857017158,0.015398152221733392,0.4373075230972283,0.013198416190057193,0.004839419269687638,0.010558732952045754
0.03923316986179224,0.0115916183682568,0.006241640659830584,0.3807400802496656,0.008470798038341507,0.016049933125278644,0.006687472135532769,0.014266607222469906,0.007133303611234953,0.01649576460098083,0.00490414623272403,0.017833259028087384,0.4431564868479715,0.0115916183682568,0.004458314757021846,0.011145786892554615
0.039241622574955906,0.010582010582010581,0.005731922398589065,0.38668430335097004,0.007936507936507936,0.01455026455026455,0.005731922398589065,0.014991181657848324,0.007495590828924162,0.015873015873015872,0.005291005291005291,0.016313932980599646,0.43738977072310403,0.015873015873015872,0.0048500881834215165,0.01146384479717813
0.03849557522123894,0.010176991150442478,0.006194690265486726,0.3831858407079646,0.007964601769911504,0.01504424778761062,0.005752212389380531,0.01415929203539823,0.008407079646017699,0.01592920353982301,0.0048672566371681415,0.017699115044247787,0.4389380530973451,0.015486725663716814,0.005309734513274336,0.012389380530973451
0.04283216783216783,0.010926573426573426,0.004807692307692308,0.37893356643356646,0.008741258741258742,0.015734265734265736,0.004370629370629371,0.016608391608391608,0.007867132867132868,0.015734265734265736,0.006118881118881119,0.01791958041958042,0.4357517482517482,0.015297202797202798,0.004370629370629371,0.013986013986013986
0.042693661971830985,0.01056338028169014,0.003961267605633803,0.38116197183098594,0.009683098591549295,0.01584507042253521,0.0048415492957746475,0.014964788732394365,0.007922535211267605,0.014964788732394365,0.005721830985915493,0.018045774647887324,0.43617957746478875,0.014964788732394365,0.0035211267605633804,0.014964788732394365
0.04802134281903068,0.011560693641618497,0.0035571365051133837,0.3783903957314362,0.009337483325922631,0.01511783014673188,0.005335704757670075,0.014673188083592708,0.007114273010226767,0.01600711427301023,0.005335704757670075,0.0164517563361494,0.43663850600266785,0.014228546020453535,0.0035571365051133837,0.014673188083592708
0.048465984882169855,0.009337483325922631,0.0031124944419742106,0.3743886171631836,0.008892841262783458,0.014228546020453535,0.005335704757670075,0.015562472209871054,0.00755891507336594,0.017341040462427744,0.005335704757670075,0.015562472209871054,0.44019564250778126,0.015562472209871054,0.0035571365051133837,0.015562472209871054
