C_R,C_A,C_S,C_N,D_R,D_A,D_S,D_N,Oc_R,Oc_A,Oc_S,Oc_N,Od_R,Od_A,Od_S,Od_N
1.0,0.0,0.0,0.0,0.0,0.0,0.0,0.0,0.0,0.0,0.0,0.0,0.0,0.0,0.0,0.0
0.5,0.0,0.0,0.5,0.0,0.0,0.0,0.0,0.0,0.0,0.0,0.0,0.0,0.0,0.0,0.0
0.375,0.0,0.0,0.5,0.0,0.0,0.0,0.0,0.125,0.0,0.0,0.0,0.0,0.0,0.0,0.0
0.375,0.0,0.0,0.375,0.0,0.0,0.0,0.0,0.125,0.0,0.0,0.0,0.0,0.125,0.0,0.0
0.44,0.0,0.08,0.24,0.0,0.0,0.0,0.0,0.08,0.0,0.0,0.0,0.0,0.16,0.0,0.0
0.425,0.0,0.075,0.2,0.0,0.0,0.0,0.0,0.075,0.0,0.0,0.05,0.0,0.175,0.0,0.0
0.38596491228070173,0.0,0.05263157894736842,0.22807017543859648,0.03508771929824561,0.0,0.0,0.0,0.05263157894736842,0.0,0.0,0.07017543859649122,0.0,0.15789473684210525,0.017543859649122806,0.0
0.3950617283950617,0.0,0.04938271604938271,0.25925925925925924,0.037037037037037035,0.0,0.0,0.0,0.04938271604938271,0.0,0.0,0.04938271604938271,0.0,0.13580246913580246,0.024691358024691357,0.0
0.3867924528301887,0.0,0.05660377358490566,0.2830188679245283,0.018867924528301886,0.0,0.0,0.0,0.02830188679245283,0.0,0.018867924528301886,0.04716981132075472,0.0,0.12264150943396226,0.03773584905660377,0.0
0.3561643835616438,0.0,0.0547945205479452,0.3013698630136986,0.0273972602739726,0.0,0.0,0.0,0.0273972602739726,0.0,0.02054794520547945,0.04794520547945205,0.0,0.1232876712328767,0.0410958904109589,0.0
0.35135135135135137,0.0,0.043243243243243246,0.3027027027027027,0.021621621621621623,0.0,0.0,0.0,0.03783783783783784,0.0,0.03783783783783784,0.03783783783783784,0.0,0.11351351351351352,0.04864864864864865,0.005405405405405406
0.3406113537117904,0.0,0.039301310043668124,0.31877729257641924,0.021834061135371178,0.008733624454148471,0.0,0.0,0.039301310043668124,0.0,0.034934497816593885,0.034934497816593885,0.004366812227074236,0.09606986899563319,0.05240174672489083,0.008733624454148471
0.31095406360424027,0.0,0.038869257950530034,0.3215547703180212,0.03180212014134275,0.0176678445229682,0.0,0.0,0.045936395759717315,0.0,0.03180212014134275,0.028268551236749116,0.01060070671378092,0.0989399293286219,0.053003533568904596,0.01060070671378092
0.2949852507374631,0.0,0.04424778761061947,0.3480825958702065,0.032448377581120944,0.02064896755162242,0.0,0.0,0.04129793510324484,0.0,0.038348082595870206,0.02359882005899705,0.0058997050147492625,0.10029498525073746,0.04129793510324484,0.008849557522123894
0.2850356294536817,0.0,0.0498812351543943,0.342042755344418,0.035629453681710214,0.021377672209026127,0.004750593824228029,0.0,0.040380047505938245,0.0,0.0332541567695962,0.0166270783847981,0.009501187648456057,0.1021377672209026,0.04275534441805225,0.0166270783847981
0.26614481409001955,0.0,0.05870841487279843,0.33463796477495106,0.03522504892367906,0.01761252446183953,0.005870841487279843,0.0,0.03718199608610567,0.0019569471624266144,0.033268101761252444,0.01761252446183953,0.003913894324853229,0.11741682974559686,0.04892367906066536,0.021526418786692758
0.24875621890547264,0.0,0.05970149253731343,0.32172470978441126,0.03482587064676617,0.02155887230514096,0.004975124378109453,0.001658374792703151,0.04477611940298507,0.001658374792703151,0.03648424543946932,0.01658374792703151,0.004975124378109453,0.12769485903814262,0.04477611940298507,0.029850746268656716
0.2557471264367816,0.0,0.05890804597701149,0.3333333333333333,0.031609195402298854,0.027298850574712645,0.0028735632183908046,0.0014367816091954023,0.03879310344827586,0.0014367816091954023,0.035919540229885055,0.01293103448275862,0.007183908045977011,0.11925287356321838,0.041666666666666664,0.031609195402298854
0.2550761421319797,0.0,0.06091370558375635,0.3350253807106599,0.03299492385786802,0.025380710659898477,0.0038071065989847717,0.0012690355329949238,0.03553299492385787,0.0025380710659898475,0.03807106598984772,0.011421319796954314,0.008883248730964468,0.11421319796954314,0.04187817258883249,0.03299492385786802
0.25938189845474613,0.0011037527593818985,0.06622516556291391,0.3211920529801324,0.03421633554083885,0.02869757174392936,0.0033112582781456954,0.0033112582781456954,0.03532008830022075,0.005518763796909493,0.03863134657836645,0.011037527593818985,0.00772626931567329,0.11258278145695365,0.039735099337748346,0.03200883002207505
0.2502424830261882,0.0009699321047526673,0.06498545101842872,0.31619786614936957,0.03685741998060136,0.03200775945683802,0.002909796314258002,0.004849660523763337,0.03491755577109602,0.005819592628516004,0.040737148399612025,0.009699321047526674,0.007759456838021339,0.11833171677982542,0.04267701260911736,0.031037827352085354
0.25088028169014087,0.0008802816901408451,0.06426056338028169,0.2992957746478873,0.03873239436619718,0.03345070422535211,0.00528169014084507,0.006161971830985915,0.032570422535211266,0.006161971830985915,0.04929577464788732,0.009683098591549295,0.008802816901408451,0.11707746478873239,0.043133802816901406,0.03433098591549296
0.2462509865824783,0.0007892659826361484,0.06314127861089187,0.287292817679558,0.04104183109707971,0.037884767166535126,0.006314127861089187,0.007103393843725336,0.03472770323599053,0.007103393843725336,0.04656669297553275,0.010260457774269928,0.010260457774269928,0.122336227308603,0.04498816101026046,0.03393843725335438
0.2472242783123612,0.0007401924500370096,0.06291635825314582,0.28053293856402667,0.04293116210214656,0.03626943005181347,0.006661732050333087,0.007401924500370096,0.03478904515173945,0.010362694300518135,0.04441154700222058,0.008882309400444115,0.011102886750555145,0.1236121391561806,0.04441154700222058,0.03774981495188749
0.2469553450608931,0.0006765899864682003,0.058186738836265225,0.2814614343707713,0.04803788903924222,0.035182679296346414,0.005412719891745603,0.006765899864682003,0.03585926928281461,0.013531799729364006,0.046008119079837616,0.008795669824086604,0.010148849797023005,0.12110960757780785,0.044654939106901215,0.03721244925575101
0.24048223350253808,0.0012690355329949238,0.0532994923857868,0.28045685279187815,0.04949238578680203,0.0399746192893401,0.005076142131979695,0.006979695431472081,0.03616751269035533,0.01713197969543147,0.04568527918781726,0.010786802030456852,0.012055837563451776,0.11928934010152284,0.044416243654822336,0.037436548223350255
0.24970691676436108,0.0017584994138335288,0.05451348182883939,0.2731535756154748,0.04806565064478312,0.03927315357561548,0.004103165298944901,0.009378663540445486,0.032825322391559206,0.017584994138335287,0.05041031652989449,0.010550996483001172,0.011723329425556858,0.11840562719812427,0.03985932004689332,0.038686987104337635
0.24887892376681614,0.0016816143497757848,0.05717488789237668,0.27242152466367714,0.04708520179372197,0.03811659192825112,0.003923766816143498,0.01289237668161435,0.034753363228699555,0.017376681614349777,0.04932735426008968,0.01233183856502242,0.010089686098654708,0.11603139013452915,0.0397982062780269,0.03811659192825112
0.24469214437367304,0.002653927813163482,0.055201698513800426,0.2659235668789809,0.05148619957537155,0.03927813163481953,0.0037154989384288748,0.01592356687898089,0.032908704883227176,0.01592356687898089,0.04936305732484077,0.01326963906581741,0.009554140127388535,0.12154989384288747,0.03980891719745223,0.038747346072186835
0.25051334702258726,0.00513347022587269,0.052361396303901436,0.2643737166324435,0.0513347022587269,0.037987679671457907,0.003080082135523614,0.017453798767967144,0.03285420944558522,0.01642710472279261,0.048254620123203286,0.014373716632443531,0.01026694045174538,0.11344969199178645,0.04055441478439425,0.04158110882956879
0.24245472837022133,0.006539235412474849,0.05080482897384306,0.26458752515090544,0.05080482897384306,0.03621730382293763,0.0035211267605633804,0.019114688128772636,0.03420523138832998,0.018611670020120725,0.05130784708249497,0.018108651911468814,0.014587525150905433,0.10865191146881288,0.0437625754527163,0.036720321931589535
0.24109720885466795,0.006737247353224254,0.05004812319538017,0.2569778633301251,0.04956689124157844,0.034167468719923,0.0038498556304138597,0.02213666987487969,0.03176130895091434,0.018768046198267566,0.05101058710298364,0.0178055822906641,0.01828681424446583,0.11501443695861405,0.04571703561116458,0.0370548604427334
0.23254716981132076,0.007075471698113208,0.05,0.2481132075471698,0.05377358490566038,0.030660377358490566,0.0033018867924528303,0.022641509433962263,0.03490566037735849,0.020283018867924527,0.056132075471698115,0.018867924528301886,0.01981132075471698,0.1160377358490566,0.04339622641509434,0.04245283018867924
0.23137074517019318,0.006439742410303588,0.04875804967801288,0.24839006439742412,0.05243790248390064,0.03357865685372585,0.0036798528058877645,0.02483900643974241,0.03541858325666973,0.02207911683532659,0.05243790248390064,0.021159153633854646,0.021619135234590615,0.10901563937442502,0.04461821527138914,0.04415823367065318
0.23426734037666513,0.006430868167202572,0.050068902158934316,0.2563160312356454,0.050068902158934316,0.035829122645842905,0.002756086357372531,0.024345429490124023,0.03628847037207166,0.021589343132751494,0.051906293063849335,0.018833256775378962,0.021589343132751494,0.10197519522278364,0.04455672944418925,0.04317868626550299
0.2365050320219579,0.00869167429094236,0.043000914913083256,0.25114364135407136,0.05032021957913998,0.03476669716376944,0.0018298261665141812,0.02516010978956999,0.03705397987191217,0.022872827081427266,0.053064958828911254,0.020128087831655993,0.02516010978956999,0.10475754803293687,0.04162854528819762,0.04391582799634035
0.24076607387140903,0.008663930688554491,0.041951664386684906,0.24532603739170086,0.0533515731874145,0.0337437300501596,0.0027359781121751026,0.023711810305517556,0.040583675330597355,0.024623803009575923,0.05243958048335613,0.01595987232102143,0.025991792065663474,0.10487916096671226,0.04240766073871409,0.04286365709074327
0.24350205198358413,0.009575923392612859,0.04331965344277246,0.24806201550387597,0.051527587779297765,0.03191974464204286,0.0027359781121751026,0.023255813953488372,0.040583675330597355,0.023255813953488372,0.05198358413132695,0.015503875968992248,0.030095759233926128,0.09940720474236206,0.04331965344277246,0.041951664386684906
0.24123805188893946,0.009103322712790168,0.044151115157032315,0.25216203914428764,0.04779244424214838,0.0323167956304051,0.0031861629494765588,0.024578971324533454,0.04005461993627674,0.021847974510696404,0.04961310878470642,0.015020482476103778,0.03459262630860264,0.10059171597633136,0.04233045061447428,0.04142011834319527
0.24276672694394213,0.009041591320072333,0.0406871609403255,0.25452079566003616,0.04701627486437613,0.034358047016274866,0.0027124773960217,0.024412296564195298,0.03752260397830018,0.022151898734177215,0.05018083182640145,0.017179023508137433,0.03571428571428571,0.09855334538878843,0.04113924050632911,0.042043399638336344
0.24865350089766608,0.009425493716337522,0.041741472172351884,0.24730700179533213,0.047127468581687613,0.035457809694793535,0.003590664272890485,0.026481149012567325,0.03500897666068223,0.02154398563734291,0.048922800718132854,0.018850987432675045,0.03321364452423698,0.10008976660682226,0.0421903052064632,0.04039497307001795
0.24320712694877505,0.008463251670378619,0.040979955456570155,0.24365256124721604,0.049443207126948774,0.03474387527839644,0.004454342984409799,0.026726057906458798,0.03518930957683741,0.024498886414253896,0.047661469933184854,0.0200445434298441,0.03697104677060133,0.09933184855233854,0.04320712694877506,0.04142538975501114
0.24431564868479716,0.00980829246544806,0.04190815871600535,0.24476148016049934,0.047258136424431565,0.032545697726259475,0.004458314757021846,0.026749888542131076,0.03566651805617477,0.024074899687917966,0.04993312527864467,0.020062416406598307,0.04101649576460098,0.09496210432456531,0.043691484618814086,0.03878733838609006
0.23958799820868787,0.008956560680698611,0.03896103896103896,0.24944021495745633,0.0483654276757725,0.03358710255261979,0.0049261083743842365,0.026421854008060904,0.03493058665472459,0.024630541871921183,0.048813255709807435,0.02283922973578146,0.043439319301388266,0.09493954321540528,0.04120017913121361,0.03896103896103896
0.2357397504456328,0.008912655971479501,0.03787878787878788,0.2517825311942959,0.049019607843137254,0.034759358288770054,0.004901960784313725,0.026737967914438502,0.034759358288770054,0.024955436720142603,0.049910873440285206,0.023618538324420676,0.04233511586452763,0.09402852049910873,0.04144385026737968,0.0392156862745098
0.23310961968680088,0.01029082774049217,0.03803131991051454,0.24966442953020135,0.04742729306487696,0.03355704697986577,0.004026845637583893,0.027293064876957495,0.0348993288590604,0.02505592841163311,0.05190156599552573,0.02371364653243848,0.042953020134228186,0.09351230425055929,0.04519015659955257,0.039373601789709174
0.23283983849259757,0.01031852848811126,0.039030955585464336,0.2480933153880664,0.047106325706594884,0.03275011215791835,0.005383580080753701,0.026469268730372364,0.036787797218483624,0.024674742036787798,0.049349484073575596,0.02288021534320323,0.04845222072678331,0.09152086137281291,0.04531179901301032,0.039030955585464336
0.23269316659222866,0.009379187137114784,0.0401965163019205,0.2492184010719071,0.04644930772666369,0.03260384100044663,0.005806163465832961,0.027690933452434122,0.036176864671728454,0.02456453774006253,0.04689593568557392,0.023671281822242072,0.04778919160339437,0.0933452434122376,0.042876284055381866,0.04064314426083073
0.23743886171631837,0.010226767452200978,0.036905291240551356,0.24899955535793686,0.04535349044019564,0.03379279679857715,0.006224988883948421,0.02578923966207203,0.0329035126722988,0.025344597598932858,0.04668741662961316,0.025344597598932858,0.053357047576700754,0.08981769675411294,0.041351711871943087,0.04046242774566474
0.24032403240324032,0.009450945094509451,0.038253825382538256,0.25337533753375335,0.04590459045904591,0.032403240324032405,0.0063006300630063005,0.026102610261026102,0.03375337533753375,0.023402340234023402,0.04410441044104411,0.026102610261026102,0.054005400540054004,0.08685868586858686,0.041854185418541856,0.037803780378037805
0.24096385542168675,0.00892458723784025,0.03748326639892905,0.2565818830879072,0.04373047746541722,0.031236055332440876,0.0071396697902722,0.027666220437304774,0.03346720214190094,0.02320392681838465,0.04462293618920125,0.027666220437304774,0.054439982150825524,0.08612226684515842,0.03971441320838911,0.037037037037037035
0.2435440783615316,0.009349955476402494,0.0365093499554764,0.26090828138913624,0.04630454140694568,0.029385574354407838,0.007123775601068566,0.026714158504007122,0.03250222617987533,0.02404274265360641,0.0427426536064114,0.02715939447907391,0.05520926090828139,0.08281389136242208,0.04007123775601069,0.03561887800534283
0.24820466786355475,0.010323159784560144,0.037253141831238776,0.25628366247755835,0.04488330341113106,0.03231597845601436,0.006732495511669659,0.025134649910233394,0.034560143626570915,0.0210951526032316,0.04039497307001795,0.02827648114901257,0.057899461400359065,0.0843806104129264,0.03770197486535009,0.034560143626570915
0.2523447967842787,0.01205895489057615,0.03662349263063868,0.2550245645377401,0.041536400178651185,0.0321572130415364,0.007592675301473872,0.02456453774006253,0.03305046895935686,0.020991514068780706,0.044662795891022775,0.027690933452434122,0.0562751228226887,0.08530594015185351,0.03974988834301027,0.030370701205895488
0.24821109123434704,0.011627906976744186,0.03667262969588551,0.25536672629695883,0.04025044722719141,0.03711985688729875,0.008050089445438283,0.026833631484794274,0.03667262969588551,0.01967799642218247,0.04606440071556351,0.026386404293381037,0.057245080500894455,0.08094812164579607,0.03935599284436494,0.029516994633273702
0.25351473922902495,0.010430839002267574,0.036281179138321996,0.2530612244897959,0.04217687074829932,0.03492063492063492,0.008616780045351474,0.026303854875283448,0.036281179138321996,0.021315192743764172,0.044444444444444446,0.02585034013605442,0.058503401360544216,0.07845804988662132,0.03945578231292517,0.030385487528344673
0.258659469185785,0.009896536212325686,0.03553756185335133,0.2532613585245164,0.04048582995951417,0.03418803418803419,0.008097165991902834,0.02564102564102564,0.03553756185335133,0.0206927575348628,0.03958614484930274,0.026090868196131354,0.05847953216374269,0.08097165991902834,0.03958614484930274,0.033288349077822764
0.2542372881355932,0.010258697591436218,0.03746654772524532,0.25512934879571814,0.04103479036574487,0.03568242640499554,0.006244424620874219,0.024977698483496878,0.0352363960749331,0.02096342551293488,0.03969669937555754,0.028099910793933987,0.060660124888492414,0.0767172167707404,0.04014272970561998,0.03345227475468332
0.25323805270209915,0.010719071013845467,0.03796337650736936,0.25815096025011164,0.03707012058954891,0.03305046895935686,0.007146047342563644,0.0241179097811523,0.03528360875390799,0.023224653863331845,0.0401965163019205,0.028584189370254576,0.06029477445288075,0.07860652076820009,0.04108977221974096,0.03126395712371594
0.25366503776099514,0.011106175033318524,0.03642825410928476,0.2612172367836517,0.03864948911594847,0.03243003109729009,0.006663705019991115,0.02310084406930253,0.037760995113282986,0.02221235006663705,0.040870724122612175,0.028431808085295423,0.06130608618391826,0.07818747223456242,0.037760995113282986,0.030208796090626388
0.25452079566003616,0.012206148282097649,0.0352622061482821,0.26220614828209765,0.03887884267631103,0.03164556962025317,0.006781193490054249,0.022151898734177215,0.037070524412296565,0.024864376130198915,0.039330922242314645,0.027124773960216998,0.06419529837251356,0.07640144665461121,0.037070524412296565,0.030289330922242313
0.2557932263814617,0.012477718360071301,0.034759358288770054,0.2713903743315508,0.035650623885918005,0.03208556149732621,0.0053475935828877,0.023618538324420676,0.03609625668449198,0.022727272727272728,0.03832442067736185,0.026737967914438502,0.06550802139037433,0.07352941176470588,0.035204991087344026,0.03074866310160428
0.2534894191805493,0.012156686177397569,0.0315173345339937,0.2687978388113462,0.03782080144079244,0.031067086897793788,0.00585321927059883,0.024763619990995047,0.036470058532192706,0.024313372354795137,0.037370553804592525,0.028815848716794237,0.06933813597478614,0.07158937415578569,0.03692030616839262,0.029716343989194056
0.2517857142857143,0.013839285714285714,0.03214285714285714,0.26160714285714287,0.03482142857142857,0.03169642857142857,0.005357142857142857,0.025,0.03616071428571429,0.025892857142857145,0.038839285714285715,0.027232142857142858,0.07008928571428572,0.07455357142857143,0.039732142857142855,0.03125
0.25033527045149756,0.015198927134555208,0.03218596334376397,0.2677693339293697,0.03844434510505141,0.03218596334376397,0.0049172999552972736,0.024139472507822977,0.033974072418417524,0.025033527045149755,0.03620920876173447,0.02592758158247653,0.06660706303084488,0.07420652659812249,0.04067948144836835,0.03218596334376397
0.2558139534883721,0.014311270125223614,0.030858676207513418,0.2652057245080501,0.038461538461538464,0.03264758497316637,0.005366726296958855,0.02370304114490161,0.03443649373881932,0.024597495527728087,0.03667262969588551,0.024597495527728087,0.06932021466905187,0.07155635062611806,0.04025044722719141,0.03220035778175313
0.25535714285714284,0.014285714285714285,0.033035714285714286,0.2575892857142857,0.038392857142857145,0.032589285714285716,0.006696428571428571,0.026785714285714284,0.03214285714285714,0.022767857142857142,0.0375,0.025,0.07142857142857142,0.07098214285714285,0.04241071428571429,0.033035714285714286
0.2606359158083296,0.01567398119122257,0.02910882221227049,0.25257501119570086,0.0380653828929691,0.03358710255261979,0.006717420510523959,0.027317510076130765,0.03358710255261979,0.02239140170174653,0.0380653828929691,0.026869682042095836,0.0747872816838334,0.06583072100313479,0.04209583519928348,0.032691446484549934
0.26332288401253917,0.01567398119122257,0.027317510076130765,0.24988804299149125,0.036274070756829375,0.032691446484549934,0.00761307657859382,0.027317510076130765,0.032691446484549934,0.02328705776981639,0.040304523063143756,0.027317510076130765,0.07836990595611286,0.06493506493506493,0.039856695029108824,0.033139274518584866
0.26179875333926983,0.016918967052537846,0.026714158504007122,0.25378450578806766,0.036064113980409616,0.03428317008014248,0.007569011576135352,0.024933214603739984,0.03250222617987533,0.020926090828138913,0.04007123775601069,0.026714158504007122,0.07880676758682101,0.06678539626001781,0.03784505788067676,0.03428317008014248
0.2675992779783393,0.016696750902527077,0.024368231046931407,0.25767148014440433,0.03384476534296029,0.030685920577617327,0.006768953068592058,0.02572202166064982,0.03203971119133574,0.01895306859205776,0.039711191335740074,0.027527075812274367,0.07806859205776173,0.06814079422382671,0.03700361010830325,0.0351985559566787
0.27076784912438256,0.016165244723843737,0.024247867085765602,0.2617871576111361,0.03188145487202514,0.032330489447687474,0.005388414907947912,0.024247867085765602,0.02694207453973956,0.01796138302649304,0.04355635383924562,0.028738212842388863,0.08082622361921868,0.06511001347103727,0.03592276605298608,0.03412662775033678
0.26576576576576577,0.016216216216216217,0.022972972972972974,0.2617117117117117,0.02882882882882883,0.034684684684684684,0.007207207207207207,0.024324324324324326,0.027927927927927927,0.018468468468468467,0.041891891891891894,0.02837837837837838,0.08558558558558559,0.06441441441441441,0.036036036036036036,0.03558558558558558
0.27195340501792115,0.016577060931899642,0.021505376344086023,0.257168458781362,0.02956989247311828,0.033154121863799284,0.0076164874551971325,0.0246415770609319,0.029121863799283155,0.01881720430107527,0.04121863799283154,0.027777777777777776,0.08333333333333333,0.06406810035842293,0.035842293906810034,0.03763440860215054
0.2727272727272727,0.018995929443690638,0.021709633649932156,0.24920850293984623,0.029850746268656716,0.031207598371777476,0.007236544549977386,0.02532790592492085,0.028946178199909543,0.01854364540931705,0.04341926729986431,0.024875621890547265,0.09090909090909091,0.0642243328810493,0.03573043871551334,0.0370872908186341
0.26523297491039427,0.019265232974910396,0.023297491039426525,0.2567204301075269,0.02867383512544803,0.033602150537634407,0.008512544802867384,0.025089605734767026,0.030913978494623656,0.01881720430107527,0.039874551971326166,0.025537634408602152,0.08870967741935484,0.06496415770609319,0.03449820788530466,0.036290322580645164
0.2779524023349798,0.018859452177817693,0.024247867085765602,0.25325550067355185,0.02828917826672654,0.0345756623259991,0.010776829815895825,0.02334979793444095,0.030534351145038167,0.017512348450830714,0.03637180062864841,0.025145936237090254,0.08531656937584194,0.058823529411764705,0.03547373147732375,0.03951504265828469
0.28099910793933985,0.01873327386262266,0.024531668153434435,0.24308652988403212,0.030330062444246207,0.03300624442462088,0.010258697591436218,0.022747546833184657,0.030776092774308653,0.0191793041926851,0.03568242640499554,0.024977698483496878,0.08876003568242641,0.059322033898305086,0.037020517395182875,0.040588760035682424
0.2731297034085879,0.017264276228419653,0.02390438247011952,0.24435590969455512,0.03098716246126605,0.03408587870739265,0.010624169986719787,0.02257636122177955,0.03275785745905268,0.01814962372731297,0.036741921204072596,0.025675077467906152,0.09296148738379814,0.06020362992474546,0.035856573705179286,0.04072598494909252
0.27575488454706926,0.017317939609236235,0.02575488454706927,0.23845470692717585,0.03108348134991119,0.03596802841918295,0.010213143872113677,0.022202486678507993,0.03152753108348135,0.019094138543516874,0.035523978685612786,0.02797513321492007,0.09591474245115453,0.05728241563055062,0.03641207815275311,0.03952042628774423
0.27903871829105475,0.01335113484646195,0.024922118380062305,0.24032042723631508,0.030262572318647086,0.03827325322652426,0.010680907877169559,0.022696929238985315,0.030707610146862484,0.017356475300400534,0.036048064085447265,0.02892745883400089,0.09568313306631064,0.05740987983978638,0.032487761459724075,0.04183355585224744
0.27971718957136543,0.014582412726469289,0.026513477684489615,0.24348210340256296,0.028722934158197082,0.038886433937251434,0.010605391073795847,0.02342023862129916,0.027839151568714096,0.016791869200176758,0.03623508616880247,0.03049049933716306,0.09412284577993814,0.054352629253203714,0.0344675209898365,0.039770216526734424
0.2770330652368186,0.012957998212689902,0.02680965147453083,0.23815907059874888,0.029490616621983913,0.04066130473637176,0.012064343163538873,0.02323503127792672,0.031724754244861486,0.01742627345844504,0.03798033958891868,0.034405719392314564,0.09517426273458444,0.05138516532618409,0.03485254691689008,0.03663985701519214
0.2878992352676563,0.014394961763382817,0.024741340530814216,0.23796671165092217,0.02834008097165992,0.0413855150697256,0.012595591542959963,0.02249212775528565,0.03283850652271705,0.017543859649122806,0.03733693207377418,0.03013945119208277,0.09041835357624832,0.05038236617183985,0.03283850652271705,0.038686459739091315
0.2891832229580574,0.013686534216335542,0.019867549668874173,0.23311258278145697,0.02781456953642384,0.039293598233995586,0.013686534216335542,0.024282560706401765,0.032671081677704196,0.017218543046357615,0.038410596026490065,0.031788079470198675,0.09580573951434879,0.05077262693156733,0.03399558498896247,0.038410596026490065
0.28967367009387573,0.015198927134555208,0.019669199821189094,0.23960661600357622,0.0232454179704962,0.04023245417970496,0.012963790791238265,0.0232454179704962,0.030397854269110416,0.017881090746535537,0.0348681269557443,0.029950827000447027,0.09566383549396514,0.051408135896289675,0.03620920876173447,0.039785426911041574
0.29301075268817206,0.016129032258064516,0.020161290322580645,0.23790322580645162,0.0228494623655914,0.04121863799283154,0.012992831541218637,0.021505376344086023,0.02956989247311828,0.017025089605734768,0.03449820788530466,0.02867383512544803,0.0985663082437276,0.05197132616487455,0.035842293906810034,0.03808243727598566
0.29343971631205673,0.015070921985815602,0.020390070921985817,0.24423758865248227,0.025709219858156027,0.041223404255319146,0.013297872340425532,0.02171985815602837,0.028812056737588652,0.01551418439716312,0.030585106382978722,0.027925531914893616,0.0975177304964539,0.05053191489361702,0.034131205673758866,0.0398936170212766
0.2905375388716126,0.014660151043980453,0.019991115059973346,0.247001332741004,0.02576632607729898,0.04042647712127943,0.013771657041314972,0.02087960906263883,0.029764549089293647,0.014660151043980453,0.03243003109729009,0.029764549089293647,0.09773434029320302,0.04931141714793425,0.0346512661039538,0.03864948911594847
0.288,0.016,0.020444444444444446,0.24844444444444444,0.026222222222222223,0.037333333333333336,0.012,0.01911111111111111,0.028,0.016,0.032,0.028888888888888888,0.10222222222222223,0.048,0.035111111111111114,0.042222222222222223
0.2895204262877442,0.014209591474245116,0.019982238010657193,0.24866785079928952,0.023978685612788632,0.03507992895204263,0.013765541740674956,0.019094138543516874,0.02797513321492007,0.017317939609236235,0.03108348134991119,0.02797513321492007,0.10657193605683836,0.0497335701598579,0.03507992895204263,0.03996447602131439
0.2938496583143508,0.01457858769931663,0.02050113895216401,0.24510250569476083,0.022779043280182234,0.0337129840546697,0.01457858769931663,0.017312072892938495,0.026879271070615034,0.018223234624145785,0.03234624145785877,0.02733485193621868,0.10569476082004556,0.05466970387243736,0.03416856492027335,0.03826879271070615
0.2961451247165533,0.014512471655328799,0.018594104308390022,0.24625850340136055,0.02312925170068027,0.03492063492063492,0.013151927437641724,0.015873015873015872,0.023582766439909298,0.017233560090702947,0.03537414965986395,0.028117913832199547,0.10748299319727891,0.053061224489795916,0.034467120181405894,0.0380952380952381
0.29941730165844915,0.014791573285522188,0.018377409233527566,0.2510085163603765,0.02285970416853429,0.03003137606454505,0.012998655311519497,0.01748095024652622,0.02510085163603765,0.015688032272523533,0.03272075302554908,0.027790228597041687,0.10712684894666069,0.05199462124607799,0.03451367099955177,0.03809950694755715
0.29888641425389756,0.012472160356347439,0.017817371937639197,0.24587973273942093,0.0200445434298441,0.030289532293986638,0.013363028953229399,0.01826280623608018,0.026726057906458798,0.015590200445434299,0.033853006681514475,0.026726057906458798,0.11002227171492204,0.05434298440979955,0.03474387527839644,0.040979955456570155
0.3141967067200712,0.014241210502892745,0.016911437472185136,0.23275478415665332,0.01913662661326213,0.03115264797507788,0.015131286159323543,0.017801513128615932,0.02358700489541611,0.014241210502892745,0.029817534490431688,0.024922118380062305,0.11659991099243436,0.056074766355140186,0.03426791277258567,0.039163328882955054
0.3130008904719501,0.012466607301869992,0.015138023152270703,0.24309884238646481,0.020035618878005344,0.030721282279608193,0.013802315227070348,0.017364203027604632,0.023597506678539625,0.015583259127337488,0.028495102404274265,0.022707034728406055,0.1157613535173642,0.05565449688334818,0.03428317008014248,0.03829029385574354
0.3136907399202481,0.012405848471422242,0.016836508639787327,0.24457244129375277,0.0203810367744794,0.02924235711120957,0.01284891448825875,0.017722640673460344,0.023482498892334957,0.015064244572441293,0.0256978289765175,0.02303943287549845,0.11608329641116526,0.05538325210456358,0.0358883473637572,0.03766061143110323
0.31765749778172137,0.011978704525288377,0.015527950310559006,0.23646850044365572,0.021739130434782608,0.029724933451641525,0.01419698314108252,0.019077196095829637,0.02129547471162378,0.015971606033717833,0.027506654835847383,0.025288376220053237,0.1157941437444543,0.058118899733806566,0.0354924578527063,0.034161490683229816
0.3182632050134288,0.01432408236347359,0.01521933751119069,0.2314234556848702,0.020143240823634737,0.02999104744852283,0.01656222023276634,0.018352730528200537,0.020143240823634737,0.01432408236347359,0.02775290957923008,0.02820053715308863,0.12175470008952552,0.05774395702775291,0.03178155774395703,0.03401969561324977
0.3143365983971505,0.013802315227070348,0.013357079252003561,0.2373107747105966,0.019590382902938557,0.031611754229741766,0.015138023152270703,0.016028495102404273,0.020480854853072127,0.015583259127337488,0.028495102404274265,0.02983081032947462,0.11932324131789848,0.059216384683882455,0.03250222617987533,0.033392698130008905
0.320729537366548,0.013345195729537367,0.014234875444839857,0.23665480427046262,0.020462633451957295,0.03336298932384341,0.014234875444839857,0.016459074733096084,0.02090747330960854,0.01601423487544484,0.025800711743772242,0.02802491103202847,0.11877224199288257,0.056494661921708184,0.03158362989323844,0.03291814946619217
0.31810035842293904,0.013440860215053764,0.01568100358422939,0.23700716845878136,0.018369175627240143,0.03270609318996416,0.01478494623655914,0.017025089605734768,0.021505376344086023,0.016577060931899642,0.025985663082437275,0.02867383512544803,0.12544802867383512,0.0528673835125448,0.02867383512544803,0.033154121863799284
0.31651173085436035,0.013722886232846392,0.01593625498007968,0.2412571934484285,0.01859229747675963,0.03054448871181939,0.013722886232846392,0.01814962372731297,0.02257636122177955,0.015493581230633024,0.02611775121735281,0.029216467463479414,0.12837538733953077,0.05223550243470562,0.02611775121735281,0.03142983621071271
0.3121951219512195,0.013303769401330377,0.016407982261640797,0.2443458980044346,0.01862527716186253,0.029711751662971176,0.014634146341463415,0.01729490022172949,0.021729490022172948,0.015521064301552107,0.02616407982261641,0.027494456762749447,0.1361419068736142,0.05144124168514413,0.025720620842572064,0.02926829268292683
0.3155535634244733,0.012550425818018825,0.01523980277902286,0.23800986104885702,0.018377409233527566,0.03003137606454505,0.014343343792021516,0.01927386822052891,0.020170327207530255,0.01523980277902286,0.024652622142536978,0.027790228597041687,0.1407440609592111,0.04975347377857463,0.026445540116539667,0.03182429403854774
0.32149200710479575,0.012433392539964476,0.014209591474245116,0.23845470692717585,0.019094138543516874,0.02797513321492007,0.014209591474245116,0.019982238010657193,0.019538188277087035,0.017317939609236235,0.02486678507992895,0.02708703374777975,0.14120781527531084,0.04884547069271759,0.02486678507992895,0.028419182948490232
0.32146037399821903,0.012021371326803205,0.012911843276936777,0.2439893143365984,0.0182546749777382,0.025378450578806767,0.015138023152270703,0.020480854853072127,0.018699910952804988,0.01914514692787177,0.024487978628673197,0.027604630454140695,0.1433659839715049,0.04541406945681211,0.02226179875333927,0.029385574354407838
0.31623175586023883,0.011057054400707651,0.012826183104820876,0.2410437859354268,0.017249004865103935,0.02786377708978328,0.015479876160990712,0.022556390977443608,0.019902697921273773,0.018575851393188854,0.026094648385670056,0.02565236620964175,0.14551083591331268,0.04643962848297214,0.022998673153471916,0.03051747014595312
0.3163444639718805,0.011862917398945518,0.011423550087873463,0.24121265377855888,0.01757469244288225,0.025043936731107205,0.01625659050966608,0.02240773286467487,0.019332161687170474,0.019332161687170474,0.026362038664323375,0.02680140597539543,0.14674868189806678,0.04745166959578207,0.02328646748681898,0.028558875219683654
0.3130242825607064,0.011037527593818985,0.011037527593818985,0.23664459161147902,0.018101545253863136,0.024282560706401765,0.01545253863134658,0.022958057395143488,0.020309050772626933,0.02163355408388521,0.02781456953642384,0.026490066225165563,0.152317880794702,0.047240618101545256,0.022516556291390728,0.02913907284768212
0.31642728904847395,0.012118491921005385,0.010771992818671455,0.23563734290843807,0.017504488330341114,0.02333931777378815,0.01526032315978456,0.02378815080789946,0.0210951526032316,0.02244165170556553,0.025583482944344704,0.027827648114901255,0.15035906642728905,0.047127468581687613,0.02199281867145422,0.02872531418312388
0.3234905244601146,0.0123402379903041,0.011018069634200088,0.2379903040987219,0.018069634200088145,0.02247686205376818,0.014103129131776113,0.022917584839136182,0.019391802556192154,0.021595416483032173,0.023358307624504186,0.026443367122080213,0.1507271925958572,0.04495372410753636,0.022036139268400177,0.02908770383428823
0.3231518370960602,0.01239486498450642,0.010624169986719787,0.2434705621956618,0.016821602478972998,0.023019034971226208,0.013722886232846392,0.023019034971226208,0.017706949977866312,0.0199203187250996,0.02257636122177955,0.02656042496679947,0.15449313855688357,0.04205400619743249,0.021691013722886232,0.02877379371403276
0.3278101209135692,0.012539184952978056,0.010300044782803403,0.2431706224809673,0.01701746529332736,0.019256605463502014,0.014778325123152709,0.0219435736677116,0.016569637259292433,0.020152261531571878,0.02328705776981639,0.028660994178235557,0.15629198387819077,0.039856695029108824,0.021495745633676667,0.026869682042095836
0.329035126722988,0.01067140951534015,0.009782125389061804,0.24811027123165852,0.0164517563361494,0.020453534904401955,0.013783903957314362,0.02267674522009782,0.01600711427301023,0.020008892841262782,0.0213428190306803,0.028012449977767896,0.15740329035126724,0.03912850155624722,0.020898176967541128,0.026233881725211204
0.33599290780141844,0.01152482269503546,0.010195035460992909,0.24468085106382978,0.014184397163120567,0.022606382978723406,0.01374113475177305,0.022163120567375887,0.01551418439716312,0.01950354609929078,0.019060283687943262,0.028368794326241134,0.15913120567375885,0.038120567375886524,0.018173758865248225,0.027039007092198582
0.32814584259670965,0.011560693641618497,0.01067140951534015,0.2432192085371276,0.014228546020453535,0.020898176967541128,0.01511783014673188,0.022232103156958647,0.01511783014673188,0.023566029346376166,0.019119608714984436,0.03023566029346376,0.16051578479324144,0.039573143619386394,0.016896398399288574,0.028901734104046242
0.3280141843971631,0.012854609929078014,0.010638297872340425,0.2429078014184397,0.013297872340425532,0.020390070921985817,0.01551418439716312,0.020833333333333332,0.016400709219858155,0.02526595744680851,0.018173758865248225,0.028368794326241134,0.1622340425531915,0.03945035460992908,0.01950354609929078,0.026152482269503546
0.3321570357300397,0.013233348037053375,0.009704455227172474,0.2514336127040141,0.011910013233348038,0.020291133656815175,0.013233348037053375,0.020732245258050286,0.015880017644464048,0.025143361270401413,0.0176444640494045,0.02690780767534186,0.1588001764446405,0.036612262902514334,0.020732245258050286,0.025584472871636524
0.33067729083665337,0.01416555998229305,0.008853474988933156,0.24878264718902168,0.011509517485613104,0.02257636122177955,0.011066843736166445,0.023019034971226208,0.015493581230633024,0.027445772465692783,0.01814962372731297,0.027445772465692783,0.15803452855245684,0.03718459495351926,0.0199203187250996,0.025675077467906152
0.334936598163533,0.013992129427197202,0.009182334936598164,0.2431132487975514,0.012243113248797552,0.023611718408395276,0.010931351114997814,0.024048972452995192,0.01530389156099694,0.026672496720594664,0.018364669873196328,0.026672496720594664,0.160034980323568,0.038915609969392216,0.018364669873196328,0.023611718408395276
0.33407473309608543,0.015569395017793594,0.00800711743772242,0.23798932384341637,0.012900355871886121,0.025355871886120998,0.011565836298932384,0.022686832740213523,0.014234875444839857,0.027135231316725978,0.017793594306049824,0.026245551601423486,0.16459074733096085,0.03959074733096085,0.02001779359430605,0.02224199288256228
0.34481216457960645,0.017889087656529516,0.008944543828264758,0.23479427549194992,0.012075134168157423,0.025044722719141325,0.011627906976744186,0.02191413237924866,0.0129695885509839,0.02728085867620751,0.018336314847942754,0.026386404293381037,0.15876565295169948,0.03935599284436494,0.019230769230769232,0.020572450805008944
0.3446277307177887,0.018279090503789567,0.00980829246544806,0.22871154703522067,0.011145786892554615,0.023629068212215783,0.0115916183682568,0.02139991083370486,0.010254123941150245,0.02719572001783326,0.019170753455193937,0.027641551493535442,0.16584930896121267,0.04012483281319661,0.018279090503789567,0.02229157378510923
0.34249003101462117,0.01860877270713336,0.00930438635356668,0.22684980062029242,0.0101905183872397,0.024811696942844484,0.01284891448825875,0.022153300841825433,0.00974745237040319,0.024368630926007974,0.01905183872396987,0.027470093043863535,0.17102348249889235,0.03943287549844927,0.01860877270713336,0.02303943287549845
0.342128801431127,0.018336314847942754,0.008944543828264758,0.22808586762075134,0.010286225402504472,0.022361359570661897,0.0129695885509839,0.024597495527728087,0.009838998211091235,0.022808586762075134,0.01699463327370304,0.029069767441860465,0.17262969588550983,0.04025044722719141,0.01744186046511628,0.023255813953488372
0.34484304932735427,0.019282511210762333,0.009865470852017937,0.22556053811659194,0.009417040358744395,0.022869955156950672,0.012556053811659192,0.026905829596412557,0.011659192825112108,0.02197309417040359,0.014798206278026907,0.02914798206278027,0.17130044843049327,0.03991031390134529,0.01569506726457399,0.0242152466367713
0.3412984670874662,0.01848512173128945,0.009467989179440937,0.23309287646528404,0.009467989179440937,0.022993688007213707,0.012173128944995492,0.02660054102795311,0.010369702434625788,0.018935978358881875,0.015329125338142471,0.02479711451758341,0.17853922452660054,0.03787195671776375,0.017132551848512173,0.023444544634806132
0.3322939866369711,0.017817371937639197,0.010690423162583519,0.23518930957683742,0.010244988864142539,0.024053452115812918,0.012917594654788419,0.025389755011135856,0.011135857461024499,0.018708240534521157,0.015590200445434299,0.027171492204899776,0.18129175946547885,0.035634743875278395,0.01826280623608018,0.023608017817371936
