C_R,C_A,C_S,C_N,D_R,D_A,D_S,D_N,Oc_R,Oc_A,Oc_S,Oc_N,Od_R,Od_A,Od_S,Od_N
0.0,0.0,0.0,0.0,0.0,0.0,0.0,0.0,0.0,0.0,0.0,0.0,0.0,0.0,0.0,1.0
0.3333333333333333,0.0,0.0,0.0,0.0,0.0,0.0,0.0,0.0,0.0,0.0,0.0,0.0,0.0,0.0,0.6666666666666666
0.3333333333333333,0.0,0.0,0.0,0.0,0.0,0.0,0.0,0.0,0.16666666666666666,0.0,0.0,0.0,0.0,0.0,0.5
0.2727272727272727,0.0,0.0,0.0,0.0,0.0,0.0,0.0,0.0,0.09090909090909091,0.0,0.0,0.18181818181818182,0.0,0.0,0.45454545454545453
0.2222222222222222,0.0,0.0,0.0,0.0,0.0,0.0,0.0,0.0,0.05555555555555555,0.0,0.0,0.16666666666666666,0.05555555555555555,0.0,0.5
0.2413793103448276,0.0,0.0,0.0,0.0,0.0,0.0,0.0,0.0,0.034482758620689655,0.0,0.0,0.20689655172413793,0.06896551724137931,0.0,0.4482758620689655
0.2608695652173913,0.0,0.0,0.021739130434782608,0.0,0.0,0.0,0.0,0.0,0.043478260869565216,0.0,0.0,0.1956521739130435,0.06521739130434782,0.0,0.41304347826086957
0.2608695652173913,0.0,0.0,0.014492753623188406,0.0,0.0,0.0,0.0,0.0,0.028985507246376812,0.0,0.0,0.2318840579710145,0.07246376811594203,0.028985507246376812,0.36231884057971014
0.26,0.0,0.0,0.01,0.02,0.0,0.0,0.0,0.0,0.04,0.0,0.0,0.2,0.08,0.04,0.35
0.25,0.013513513513513514,0.0,0.013513513513513514,0.02702702702702703,0.0,0.0,0.0,0.02702702702702703,0.0472972972972973,0.0,0.0,0.16216216216216217,0.08783783783783784,0.033783783783783786,0.33783783783783783
0.23333333333333334,0.014285714285714285,0.0,0.01904761904761905,0.02857142857142857,0.0,0.0,0.01904761904761905,0.023809523809523808,0.06190476190476191,0.0,0.0,0.1523809523809524,0.09523809523809523,0.0380952380952381,0.3142857142857143
0.21223021582733814,0.014388489208633094,0.0,0.025179856115107913,0.02877697841726619,0.007194244604316547,0.0,0.025179856115107913,0.025179856115107913,0.06115107913669065,0.0,0.0,0.15467625899280577,0.09712230215827339,0.03597122302158273,0.3129496402877698
0.19142857142857142,0.02,0.0,0.02857142857142857,0.03142857142857143,0.008571428571428572,0.0,0.03142857142857143,0.037142857142857144,0.06285714285714286,0.0,0.0,0.16,0.09714285714285714,0.03142857142857143,0.3
0.18021978021978022,0.015384615384615385,0.006593406593406593,0.03296703296703297,0.035164835164835165,0.01098901098901099,0.0,0.03736263736263736,0.03296703296703297,0.07032967032967033,0.0,0.002197802197802198,0.15824175824175823,0.1010989010989011,0.03076923076923077,0.2857142857142857
0.1815068493150685,0.017123287671232876,0.00684931506849315,0.0410958904109589,0.03595890410958904,0.0136986301369863,0.0,0.0410958904109589,0.03595890410958904,0.0702054794520548,0.0017123287671232876,0.003424657534246575,0.14554794520547945,0.0958904109589041,0.03424657534246575,0.2756849315068493
0.18092566619915848,0.014025245441795231,0.0070126227208976155,0.0546984572230014,0.028050490883590462,0.016830294530154277,0.0,0.043478260869565216,0.03225806451612903,0.06872370266479663,0.002805049088359046,0.004207573632538569,0.13744740532959326,0.10238429172510519,0.037868162692847124,0.26928471248246844
0.17543859649122806,0.012865497076023392,0.004678362573099415,0.05730994152046784,0.026900584795321637,0.022222222222222223,0.0023391812865497076,0.03742690058479532,0.03391812865497076,0.07251461988304093,0.0035087719298245615,0.004678362573099415,0.13099415204678364,0.09824561403508772,0.03508771929824561,0.2818713450292398
0.17114427860696518,0.009950248756218905,0.003980099502487562,0.06368159203980099,0.031840796019900496,0.024875621890547265,0.0029850746268656717,0.041791044776119404,0.03283582089552239,0.07164179104477612,0.003980099502487562,0.006965174129353234,0.13233830845771144,0.09751243781094528,0.03880597014925373,0.2656716417910448
0.1776094276094276,0.007575757575757576,0.005892255892255892,0.06734006734006734,0.0361952861952862,0.027777777777777776,0.0025252525252525255,0.03872053872053872,0.03535353535353535,0.0723905723905724,0.0025252525252525255,0.010101010101010102,0.12373737373737374,0.09343434343434344,0.0361952861952862,0.26262626262626265
0.171071953010279,0.008076358296622614,0.006607929515418502,0.07562408223201175,0.0381791483113069,0.03010279001468429,0.002936857562408223,0.041116005873715125,0.038913362701908955,0.07048458149779736,0.0022026431718061676,0.016152716593245228,0.12481644640234948,0.09544787077826726,0.0315712187958884,0.24669603524229075
0.1709741550695825,0.00728959575878065,0.005301524188204109,0.07886017229953611,0.04042412193505633,0.03445990722332671,0.0019880715705765406,0.03777335984095427,0.041749502982107355,0.07157057654075547,0.0026507620941020544,0.01855533465871438,0.11795891318754141,0.09211398277004638,0.030483764082173626,0.24784625579854208
0.16656497864551556,0.006711409395973154,0.004270896888346553,0.0774862721171446,0.039048200122025624,0.035387431360585725,0.0024405125076266015,0.036607687614399025,0.040268456375838924,0.07077486272117145,0.003050640634533252,0.023184868822452714,0.11104331909701037,0.09945088468578402,0.03050640634533252,0.2532031726662599
0.1600447677672076,0.00783435926133184,0.005036373810856184,0.07554560716284275,0.03917179630665921,0.03861219921656407,0.0016787912702853946,0.039731393396754335,0.038052602126468944,0.06435366536094013,0.003357582540570789,0.02630106323447118,0.11303861219921657,0.10184667039731393,0.027979854504756575,0.2574146614437605
0.15728563913729615,0.007890583903208837,0.0052603892688058915,0.07574960547080484,0.039978958442924775,0.04050499736980537,0.0015781167806417674,0.03734876380852183,0.03945291951604419,0.0631246712256707,0.0026301946344029457,0.027354024197790636,0.1162546028406102,0.09942135718043135,0.027354024197790636,0.25881115202524985
0.15427698574338086,0.008146639511201629,0.004582484725050916,0.07179226069246436,0.040224032586558045,0.04429735234215886,0.0025458248472505093,0.037169042769857434,0.03920570264765784,0.06619144602851323,0.0025458248472505093,0.03207739307535642,0.11405295315682282,0.09826883910386966,0.029022403258655804,0.2556008146639511
0.14486434108527133,0.010174418604651164,0.005329457364341085,0.07412790697674419,0.040697674418604654,0.04505813953488372,0.003391472868217054,0.03827519379844961,0.04263565891472868,0.06298449612403101,0.003391472868217054,0.03343023255813953,0.1187015503875969,0.1002906976744186,0.028585271317829456,0.24806201550387597
0.14245679588977114,0.012143858010275572,0.005604857543204111,0.07286314806165343,0.0406352171882298,0.046707146193367584,0.003269500233535731,0.04016814572629612,0.04203643157403083,0.06071929005137786,0.004203643157403083,0.03503035964502569,0.1219056515646894,0.09388136384866885,0.031760859411489956,0.24661373190098085
0.14193844740468534,0.012861736334405145,0.005052824988516307,0.0757923748277446,0.04363803399173174,0.04317868626550299,0.003215434083601286,0.03858520900321544,0.04180064308681672,0.05925585668350942,0.006430868167202572,0.03674781809830041,0.12172714745062012,0.09462563160312357,0.03031694993109784,0.2448323380799265
0.13966225467822913,0.012323140118667275,0.005933363760839799,0.07576449109995435,0.042902784116841626,0.04701049748973072,0.004107713372889092,0.03696942035600183,0.04198995892286627,0.058877225011410315,0.005933363760839799,0.03788224554997718,0.12140575079872204,0.09447740757644911,0.02875399361022364,0.24600638977635783
0.14085778781038374,0.012641083521444696,0.006320541760722348,0.07539503386004515,0.04288939051918736,0.04830699774266366,0.004063205417607223,0.037923250564334085,0.04334085778781038,0.05733634311512415,0.006772009029345372,0.03972911963882619,0.12144469525959369,0.09119638826185102,0.028893905191873587,0.24288939051918737
0.13821851689337428,0.012724879333040808,0.007459412022817025,0.0767880649407635,0.046072838964458095,0.04738920579201404,0.004826678367705134,0.03729706011408512,0.0434401053093462,0.05748135146994296,0.007459412022817025,0.040807371654234315,0.12022817025010969,0.09170688898639755,0.028521281263712155,0.2395787626151821
0.1389633601429848,0.013404825737265416,0.00804289544235925,0.07462019660411082,0.044682752457551385,0.04691689008042895,0.005361930294906166,0.03842716711349419,0.04155495978552279,0.058534405719392314,0.00804289544235925,0.0388739946380697,0.1193029490616622,0.09115281501340483,0.03038427167113494,0.241733690795353
0.13668430335097,0.015873015873015872,0.010582010582010581,0.07760141093474426,0.045414462081128745,0.04805996472663139,0.005731922398589065,0.04056437389770723,0.04497354497354497,0.05423280423280423,0.00837742504409171,0.04056437389770723,0.11507936507936507,0.09435626102292768,0.027336860670194002,0.2345679012345679
0.13630348478164975,0.014556682840758712,0.011027790030877812,0.08028231142479048,0.04190560211733568,0.04852227613586237,0.007498897220996913,0.04102337891486546,0.044993383325981476,0.05910895456550507,0.010145566828407587,0.04014115571239524,0.11557123952359948,0.09395677106307895,0.027348919276576972,0.22761358623731803
0.13600352112676056,0.014084507042253521,0.011003521126760563,0.07746478873239436,0.04181338028169014,0.04973591549295775,0.006602112676056338,0.03961267605633803,0.04401408450704225,0.055897887323943664,0.008802816901408451,0.0409330985915493,0.11839788732394366,0.0977112676056338,0.028609154929577465,0.22931338028169015
0.13738441215323646,0.014971378247468076,0.010568031704095112,0.08146191105239982,0.03963011889035667,0.05019815059445178,0.007926023778071334,0.036988110964332896,0.044033465433729636,0.055041831792162044,0.00836635843240863,0.041831792162043156,0.11712901805372083,0.09423161602818142,0.02553940995156319,0.23469837076177896
0.13826508146191105,0.01453104359313078,0.011008366358432409,0.07837956847203875,0.038749449581682076,0.04975781594011449,0.007485689123734038,0.041391457507705856,0.043593130779392336,0.05151915455746367,0.00836635843240863,0.043593130779392336,0.11800968736239542,0.09687362395420519,0.02774108322324967,0.2307353588727433
0.14041994750656167,0.013560804899387576,0.012248468941382326,0.0778652668416448,0.03762029746281715,0.051181102362204724,0.008311461067366578,0.04505686789151356,0.04461942257217848,0.05380577427821522,0.009623797025371828,0.04199475065616798,0.11548556430446194,0.09536307961504811,0.028871391076115485,0.22397200349956256
0.14128521126760563,0.01232394366197183,0.011003521126760563,0.07878521126760564,0.035651408450704226,0.051056338028169015,0.008362676056338027,0.04401408450704225,0.042693661971830985,0.058098591549295774,0.008802816901408451,0.04445422535211268,0.1192781690140845,0.09595070422535211,0.028609154929577465,0.21963028169014084
0.141155712395236,0.011910013233348038,0.011027790030877812,0.07895897662108513,0.03440670489633877,0.049845610939567714,0.009263343625937363,0.04455227172474636,0.043228936921041024,0.05381561535068372,0.010145566828407587,0.04190560211733568,0.11821790913101014,0.09748566387295986,0.02999558888398765,0.22408469342743714
0.14171122994652408,0.0106951871657754,0.012477718360071301,0.07976827094474154,0.03609625668449198,0.0481283422459893,0.012477718360071301,0.04144385026737968,0.04322638146167558,0.05258467023172905,0.010249554367201427,0.044563279857397504,0.12210338680926916,0.09670231729055258,0.031194295900178252,0.21657754010695188
0.13834519572953738,0.010231316725978648,0.01201067615658363,0.08362989323843416,0.03336298932384341,0.05204626334519573,0.012900355871886121,0.03825622775800712,0.0449288256227758,0.05338078291814947,0.012900355871886121,0.04403914590747331,0.1201067615658363,0.0947508896797153,0.027135231316725978,0.22197508896797152
0.13634370889960543,0.00920648838228847,0.012275317843051293,0.08417360806663744,0.03288031565103025,0.05129329241560719,0.013590530469092503,0.03814116615519509,0.04296361245067953,0.05436212187637001,0.0131521262604121,0.04734765453748356,0.12362998684787374,0.0925032880315651,0.03288031565103025,0.21525646646207802
0.13875386654882899,0.009279717189571365,0.011931064958020326,0.08484312859036677,0.031816173221387536,0.05037560760053027,0.014582412726469289,0.03667697746354397,0.04197967300044189,0.0547945205479452,0.016349977905435263,0.04639858594785683,0.12240388864339373,0.09456473707467963,0.03049049933716306,0.2147591692443659
0.1408325952170062,0.007971656333038087,0.012843224092116917,0.0841452612931798,0.0283436669619132,0.0491585473870682,0.016386182462356066,0.03675819309123118,0.04472984942426927,0.053144375553587246,0.015057573073516387,0.050487156775907885,0.1266607617360496,0.08813108945969884,0.030558015943312665,0.21479185119574845
0.14562252529696437,0.007919049714034315,0.013638363396392433,0.08227012758468984,0.03255609326880774,0.05103387593488781,0.01715794104707435,0.03607567091948966,0.046194456665200175,0.05367355917289925,0.014518257809062912,0.05015398152221733,0.11702595688517378,0.08886933567971843,0.029916410030796304,0.2133743950725913
0.14644905161005733,0.008381120423467137,0.012792236435818262,0.0811645346272607,0.031760035288928096,0.04764005293339215,0.0176444640494045,0.03705337450374945,0.043670048522276135,0.05381561535068372,0.014997794441993825,0.049404499338332596,0.1199823555359506,0.09042787825319806,0.02867225408028231,0.2161446846052051
0.14513981358189082,0.007989347536617843,0.014203284509542832,0.08566355969818021,0.030181979582778518,0.04749223257878384,0.018641810918774968,0.03595206391478029,0.040390590324012425,0.0559254327563249,0.014647137150466045,0.0492676431424767,0.118508655126498,0.0923213493120284,0.032401242787394584,0.21127385707944962
0.14508928571428573,0.008035714285714285,0.014732142857142857,0.08303571428571428,0.033928571428571426,0.046875,0.016964285714285713,0.03571428571428571,0.04151785714285714,0.05580357142857143,0.014285714285714285,0.05133928571428571,0.11741071428571428,0.090625,0.03214285714285714,0.2125
0.14709791758972088,0.008861320336730172,0.01639344262295082,0.08108108108108109,0.03544528134692069,0.04563579973416039,0.018165706690296855,0.03633141338059371,0.03943287549844927,0.05804164820558263,0.012405848471422242,0.051395657953035,0.12228622064687639,0.08462560921577315,0.03190075321222862,0.2108994240141781
0.141280353200883,0.009271523178807948,0.01545253863134658,0.08300220750551876,0.033554083885209716,0.045033112582781455,0.019426048565121413,0.03443708609271523,0.04105960264900662,0.05739514348785872,0.011479028697571744,0.04988962472406181,0.1205298013245033,0.0913907284768212,0.031788079470198675,0.21501103752759382
0.14578689255461436,0.01069995541685243,0.013374944271065538,0.08515381185911726,0.03209986625055729,0.04814979937583593,0.018724921979491754,0.03299152920196166,0.03923316986179224,0.05572893446277307,0.0115916183682568,0.051270619705751225,0.12394115024520731,0.09451627284886313,0.03165403477485511,0.2050824788230049
0.14482452243447358,0.010217681030653044,0.012438916037316748,0.08262994224788983,0.03243003109729009,0.04797867614393603,0.019102621057307864,0.033762772101288314,0.037316748111950244,0.06219458018658374,0.01288316303864949,0.0519768991559307,0.12039093736117282,0.09373611728120836,0.030208796090626388,0.2079075966237228
0.14167393199651265,0.012205754141238012,0.010897994768962511,0.08413251961639058,0.03356582388840453,0.045771578029642546,0.018308631211857017,0.03225806451612903,0.03312990409764603,0.05972101133391456,0.014385353095030515,0.05231037489102005,0.13034001743679163,0.0937227550130776,0.03138622493461203,0.20619006102877072
0.1408199643493761,0.0142602495543672,0.010249554367201427,0.08110516934046345,0.03074866310160428,0.04679144385026738,0.016488413547237075,0.03342245989304813,0.03877005347593583,0.059714795008912656,0.014705882352941176,0.05080213903743316,0.13012477718360071,0.09581105169340463,0.030303030303030304,0.20588235294117646
0.13989408649602825,0.01676963812886143,0.010150044130626656,0.08340688437775816,0.03089143865842895,0.04633715798764342,0.01676963812886143,0.03309796999117388,0.03751103265666372,0.0617828773168579,0.01323918799646955,0.048984995586937335,0.13062665489849956,0.0939982347749338,0.03309796999117388,0.20344218887908208
0.13771657041314972,0.014215904042647711,0.011550422034651266,0.07863171923589515,0.028431808085295423,0.04531319413593958,0.016437139049311416,0.03509551310528654,0.037760995113282986,0.06441581519324745,0.015104398045313194,0.05153265215459796,0.1341625944024878,0.08840515326521546,0.0368725011106175,0.20435362061306087
0.141651865008881,0.015097690941385435,0.010657193605683837,0.07548845470692718,0.026198934280639432,0.044849023090586145,0.018206039076376555,0.03596802841918295,0.038632326820603906,0.0586145648312611,0.016873889875666074,0.0541740674955595,0.13321492007104796,0.08925399644760214,0.03774422735346359,0.2033747779751332
0.14008810572687225,0.013656387665198238,0.011894273127753305,0.07400881057268723,0.028193832599118944,0.04449339207048458,0.014537444933920705,0.03524229074889868,0.039647577092511016,0.05814977973568282,0.015859030837004406,0.05110132158590308,0.1370044052863436,0.09251101321585903,0.03656387665198238,0.20704845814977973
0.13732394366197184,0.01232394366197183,0.013204225352112676,0.07878521126760564,0.027288732394366196,0.04841549295774648,0.01584507042253521,0.03697183098591549,0.0409330985915493,0.058098591549295774,0.016725352112676055,0.05017605633802817,0.13512323943661972,0.08890845070422536,0.03829225352112676,0.20158450704225353
0.13854895104895104,0.013111888111888112,0.013986013986013986,0.08129370629370629,0.02403846153846154,0.0472027972027972,0.01486013986013986,0.03671328671328671,0.04020979020979021,0.055944055944055944,0.018356643356643356,0.050699300699300696,0.1368006993006993,0.08916083916083917,0.03802447552447553,0.20104895104895104
0.14063886424134872,0.01419698314108252,0.013309671694764862,0.0771960958296362,0.025288376220053237,0.04569653948535936,0.014640638864241348,0.038154392191659274,0.0385980479148181,0.05412599822537711,0.01774622892635315,0.050576752440106475,0.1344276841171251,0.09272404614019521,0.038154392191659274,0.20452528837622005
0.14097496706192358,0.014053579270970576,0.012736056214317084,0.07729468599033816,0.02678963548528766,0.046991655687307864,0.015371102327624066,0.03513394817742644,0.03732981993851559,0.051822573561704,0.018006148440931048,0.05006587615283267,0.13877909530083443,0.09134826526130874,0.03864734299516908,0.204655248133509
0.14178112538768275,0.01639344262295082,0.01329198050509526,0.07842268498006202,0.024811696942844484,0.04519273371732388,0.01329198050509526,0.033673017279574655,0.03721754541426672,0.05405405405405406,0.018165706690296855,0.047408063801506424,0.1435533894550288,0.08905626938413824,0.03766061143110323,0.2060256978289765
0.14204545454545456,0.017045454545454544,0.013548951048951048,0.07342657342657342,0.02403846153846154,0.04326923076923077,0.013986013986013986,0.03409090909090909,0.03977272727272727,0.052884615384615384,0.019667832167832168,0.048513986013986016,0.14248251748251747,0.09047202797202797,0.0388986013986014,0.20585664335664336
0.1393013100436681,0.01572052401746725,0.013537117903930132,0.06943231441048035,0.023580786026200874,0.04279475982532751,0.013973799126637555,0.033624454148471615,0.04061135371179039,0.05502183406113537,0.023580786026200874,0.048034934497816595,0.14104803493449783,0.09039301310043668,0.04017467248908297,0.2091703056768559
0.14052143172779497,0.016349977905435263,0.012372956252761821,0.068935041979673,0.02342023862129916,0.048608042421564294,0.013256738842244807,0.03314184710561202,0.0415377817057004,0.054352629253203714,0.023862129916040652,0.047724259832081305,0.14007954043305346,0.08926204153778171,0.0410958904109589,0.2054794520547945
0.1449468085106383,0.01773049645390071,0.01152482269503546,0.0726950354609929,0.022606382978723406,0.04831560283687943,0.014627659574468085,0.03324468085106383,0.04299645390070922,0.05540780141843971,0.022163120567375887,0.051418439716312055,0.1400709219858156,0.08732269503546099,0.0398936170212766,0.1950354609929078
0.14437086092715232,0.017660044150110375,0.012362030905077263,0.06975717439293598,0.02119205298013245,0.04812362030905077,0.0141280353200883,0.03708609271523179,0.0423841059602649,0.054304635761589407,0.022516556291390728,0.05474613686534217,0.14481236203090508,0.08918322295805739,0.038852097130242826,0.18852097130242826
0.14368070953436807,0.019955654101995565,0.013747228381374724,0.06829268292682927,0.020842572062084258,0.04745011086474501,0.013747228381374724,0.03503325942350333,0.04124168514412417,0.056762749445676275,0.02261640798226164,0.054988913525498895,0.1516629711751663,0.08514412416851441,0.03813747228381375,0.18669623059866963
0.1456953642384106,0.02075055187637969,0.016777041942604858,0.06445916114790287,0.02075055187637969,0.04944812362030905,0.012362030905077263,0.03620309050772627,0.037527593818984545,0.05739514348785872,0.022958057395143488,0.05695364238410596,0.15143487858719648,0.08918322295805739,0.037969094922737305,0.18013245033112582
0.14712340799297322,0.018884497145366712,0.01668862538427756,0.06455862977602109,0.01932367149758454,0.049187527448397016,0.011857707509881422,0.03732981993851559,0.03864734299516908,0.060166886253842776,0.021958717610891524,0.058410188844971456,0.1510759771629337,0.08915239350021958,0.036012296881862096,0.17962231005709267
0.14406402845709204,0.020898176967541128,0.01823032458870609,0.06447309915518008,0.018674966651845263,0.048465984882169855,0.009337483325922631,0.03823921742996887,0.036905291240551356,0.06269453090262339,0.02267674522009782,0.05913739439751001,0.1480658070253446,0.08848377056469542,0.03423743886171632,0.18541574032903513
0.14689016321129245,0.023820026466696075,0.017203352448169385,0.06528451698279665,0.018526687251874726,0.04719894133215704,0.011910013233348038,0.03925893250992501,0.035288928098809,0.05866784296426996,0.0211733568592854,0.060873400970445524,0.15394794883105425,0.08645787384208205,0.032201146890163214,0.18129686810763124
0.14317277949624393,0.024745912505523642,0.01723376049491825,0.06539991162174105,0.019001325673884226,0.05037560760053027,0.011931064958020326,0.038886433937251434,0.0344675209898365,0.05877154220061865,0.02209456473707468,0.06319045514803358,0.15466195315952275,0.08528501988510827,0.032699955810870526,0.1780821917808219
0.1399912778020061,0.026602703881378108,0.017880505887483647,0.06585259485390318,0.01875272568687309,0.04971652856519843,0.013083296990841693,0.040558220671609246,0.033144352376798955,0.05974705625817706,0.022241604884430877,0.06279982555604012,0.15002180549498473,0.08809419973833406,0.030963802878325338,0.18054949847361534
0.13769063180827887,0.027450980392156862,0.0196078431372549,0.06623093681917211,0.01917211328976035,0.05185185185185185,0.013507625272331155,0.038779956427015254,0.03355119825708061,0.05751633986928104,0.018736383442265796,0.0636165577342048,0.15816993464052287,0.08583877995642701,0.029193899782135078,0.17908496732026144
0.13321492007104796,0.027531083481349913,0.022202486678507993,0.06571936056838366,0.019094138543516874,0.049289520426287745,0.013321492007104795,0.03952042628774423,0.03241563055062167,0.05772646536412078,0.019094138543516874,0.06394316163410302,0.15763765541740674,0.08836589698046181,0.02975133214920071,0.1811722912966252
0.134070796460177,0.02831858407079646,0.023893805309734513,0.06504424778761062,0.016371681415929203,0.050442477876106194,0.012831858407079646,0.04292035398230089,0.034955752212389384,0.05575221238938053,0.01991150442477876,0.06283185840707965,0.16061946902654867,0.08893805309734513,0.028761061946902654,0.1743362831858407
0.13198416190057194,0.030356357237131544,0.02331720193576771,0.06819181698196217,0.014518257809062912,0.050593928728552576,0.013198416190057193,0.04399472063352398,0.03255609326880774,0.05499340079190497,0.01891772987241531,0.06511218653761548,0.16410030796304442,0.08710954685437748,0.029036515618125824,0.17201935767707874
0.13656387665198239,0.03127753303964758,0.022026431718061675,0.06960352422907488,0.016740088105726872,0.052422907488986786,0.013215859030837005,0.04757709251101322,0.03127753303964758,0.052422907488986786,0.019823788546255508,0.06519823788546256,0.16387665198237886,0.08193832599118943,0.025110132158590308,0.17092511013215858
0.14040492957746478,0.03125,0.022887323943661973,0.06690140845070422,0.016285211267605633,0.0528169014084507,0.013204225352112676,0.0488556338028169,0.027288732394366196,0.0528169014084507,0.018485915492957746,0.06734154929577464,0.16329225352112675,0.08098591549295775,0.025088028169014086,0.17209507042253522
0.14098073555166374,0.03152364273204904,0.021453590192644482,0.06830122591943957,0.01795096322241681,0.05122591943957969,0.014010507880910683,0.04816112084063047,0.028021015761821366,0.05866900175131348,0.01838879159369527,0.06523642732049037,0.159369527145359,0.08274956217162872,0.024080560420315235,0.16987740805604204
0.1431079894644425,0.03160667251975417,0.02151009657594381,0.0697980684811238,0.016681299385425813,0.05004389815627744,0.013608428446005268,0.04697102721685689,0.029411764705882353,0.05794556628621598,0.019315188762071993,0.06321334503950835,0.16330114135206322,0.08033362598770852,0.025899912203687446,0.1672519754170325
0.14033539276257723,0.02912621359223301,0.021624007060900265,0.07237422771403354,0.01500441306266549,0.052515445719329215,0.013680494263018535,0.04854368932038835,0.029567519858781994,0.058693733451015,0.018093556928508385,0.06575463371579876,0.1588702559576346,0.08164165931156223,0.02471315092674316,0.16946160635481025
0.1424847958297133,0.02780191138140747,0.023457862728062554,0.07341442224152911,0.014769765421372719,0.051694178974804515,0.015204170286707211,0.045612510860121636,0.029539530842745437,0.05821025195482189,0.018245004344048653,0.0682015638575152,0.16203301476976542,0.08123370981754996,0.02736750651607298,0.16072980017376196
0.1414141414141414,0.02766798418972332,0.024154589371980676,0.07378129117259552,0.012296881862099254,0.049187527448397016,0.01668862538427756,0.046991655687307864,0.029863855950812472,0.05884936319718929,0.01756697408871322,0.06763285024154589,0.16161616161616163,0.08036890645586298,0.025472112428634168,0.16644707949055776
0.14485165794066318,0.0274869109947644,0.02356020942408377,0.07547993019197208,0.013961605584642234,0.04886561954624782,0.015270506108202443,0.04581151832460733,0.030104712041884817,0.06108202443280977,0.01788830715532286,0.06675392670157068,0.15575916230366493,0.08376963350785341,0.0274869109947644,0.1618673647469459
0.14601769911504425,0.02566371681415929,0.02079646017699115,0.0743362831858407,0.013716814159292035,0.049557522123893805,0.016814159292035398,0.047345132743362835,0.02831858407079646,0.061946902654867256,0.018141592920353982,0.06415929203539823,0.15486725663716813,0.08628318584070796,0.02920353982300885,0.16283185840707964
0.13949433304272013,0.024847428073234524,0.01918047079337402,0.07628596338273758,0.015257192676547515,0.04795117698343505,0.018308631211857017,0.04969485614646905,0.02833478639930253,0.05972101133391456,0.01918047079337402,0.06495204882301657,0.15562336530078466,0.08718395815170009,0.02877070619006103,0.16521360069747165
0.14460463084316294,0.024464831804281346,0.018785495849716033,0.07514198339886413,0.01616426387068589,0.04980340760157274,0.01834862385321101,0.047182175622542594,0.027959807776321538,0.0563564875491481,0.019222367846221056,0.06596767147225863,0.15727391874180865,0.09436435124508519,0.02927042376583661,0.15508955875928354
0.1455026455026455,0.027777777777777776,0.01895943562610229,0.06569664902998236,0.019400352733686066,0.05114638447971781,0.01984126984126984,0.047619047619047616,0.03042328042328042,0.057760141093474424,0.02072310405643739,0.06437389770723104,0.1626984126984127,0.08641975308641975,0.029541446208112873,0.15211640211640212
0.14310494362532525,0.027753686036426712,0.019514310494362534,0.06548135299219428,0.0199479618386817,0.05247181266261925,0.017346053772766695,0.046834345186470075,0.029054640069384217,0.05897658282740677,0.020815264527320035,0.06374674761491761,0.16175195143104942,0.09063313096270599,0.030789245446660885,0.15177797051170858
0.14014984574702513,0.027765535478184222,0.019391802556192154,0.06698986337593654,0.021595416483032173,0.05376817981489643,0.01762891141472014,0.04715733803437638,0.02864698104892023,0.05729396209784046,0.020713970912296167,0.06478624944909651,0.16747465843984133,0.08990744821507272,0.02864698104892023,0.1480828558836492
0.1383399209486166,0.02854633289415898,0.01844532279314888,0.06675450153711024,0.021519543258673692,0.05138339920948617,0.01756697408871322,0.049187527448397016,0.029424681598594644,0.061923583662714096,0.021519543258673692,0.06543697848045674,0.16644707949055776,0.09090909090909091,0.027228809837505488,0.1453667105841019
0.14166666666666666,0.027192982456140352,0.018421052631578946,0.06754385964912281,0.021929824561403508,0.04868421052631579,0.02017543859649123,0.04956140350877193,0.02850877192982456,0.05921052631578947,0.02280701754385965,0.06271929824561404,0.17017543859649123,0.08947368421052632,0.025,0.14692982456140352
0.13747810858143608,0.026707530647985988,0.020140105078809107,0.06873905429071804,0.021891418563922942,0.050788091068301226,0.01838879159369527,0.04859894921190893,0.026707530647985988,0.05866900175131348,0.021891418563922942,0.06436077057793345,0.1711908931698774,0.08844133099824869,0.02583187390542907,0.15017513134851138
0.13519406890536415,0.02529437418229394,0.020933275185346708,0.07283035324901875,0.02311382468382032,0.04928041866550371,0.020497165285651986,0.05015263846489315,0.02573048408198866,0.05800261665939817,0.022241604884430877,0.061927605756650676,0.1735717400784998,0.08809419973833406,0.02529437418229394,0.14784125599651113
0.13434163701067617,0.02491103202846975,0.02090747330960854,0.07072953736654804,0.02491103202846975,0.0498220640569395,0.020462633451957295,0.0498220640569395,0.024466192170818506,0.05827402135231317,0.021352313167259787,0.061832740213523134,0.1748220640569395,0.08896797153024912,0.02491103202846975,0.1494661921708185
0.1415929203539823,0.024778761061946902,0.02168141592920354,0.06814159292035399,0.024336283185840708,0.05088495575221239,0.020353982300884955,0.05221238938053097,0.023451327433628318,0.05619469026548673,0.021238938053097345,0.062389380530973454,0.1756637168141593,0.08584070796460178,0.024336283185840708,0.14690265486725665
0.1355487538259729,0.024486226497595104,0.022737210319195452,0.0695233930913861,0.023174464363795364,0.05203323130738959,0.020113686051595976,0.055531263664188896,0.024486226497595104,0.05596851770878881,0.020550940096195888,0.059903804110188016,0.1814604285089637,0.08307826847398339,0.024923480542195016,0.1464801049409707
0.1368838028169014,0.02244718309859155,0.022007042253521125,0.07130281690140845,0.021566901408450703,0.050616197183098594,0.021566901408450703,0.05369718309859155,0.023767605633802816,0.05457746478873239,0.021566901408450703,0.0625,0.18089788732394366,0.08670774647887323,0.025088028169014086,0.144806338028169
0.14203539823008848,0.023008849557522124,0.020353982300884955,0.07123893805309735,0.02256637168141593,0.05,0.02256637168141593,0.05530973451327434,0.023893805309734513,0.05398230088495575,0.020353982300884955,0.060619469026548675,0.18008849557522125,0.08849557522123894,0.023893805309734513,0.1415929203539823
0.14323490524460114,0.022917584839136182,0.020713970912296167,0.07227853680035258,0.020713970912296167,0.050683120317320404,0.021154693697664168,0.05332745702952843,0.0251211987659762,0.05685323931247246,0.019391802556192154,0.06081974438078449,0.17893345085940943,0.08638166593212869,0.0246804759806082,0.14279418245923314
0.14746136865342163,0.024282560706401765,0.018543046357615896,0.07505518763796909,0.019867549668874173,0.046799116997792496,0.022958057395143488,0.0565121412803532,0.025165562913907286,0.052538631346578366,0.019867549668874173,0.060044150110375276,0.18233995584988963,0.08520971302428255,0.02119205298013245,0.1421633554083885
0.1426056338028169,0.02420774647887324,0.01936619718309859,0.07746478873239436,0.018926056338028168,0.04929577464788732,0.022007042253521125,0.05721830985915493,0.026848591549295774,0.04841549295774648,0.02244718309859155,0.05765845070422535,0.18705985915492956,0.08362676056338028,0.02112676056338028,0.14172535211267606
0.14342105263157895,0.02324561403508772,0.0206140350877193,0.075,0.0206140350877193,0.04912280701754386,0.02280701754385965,0.056140350877192984,0.02675438596491228,0.05175438596491228,0.0206140350877193,0.05482456140350877,0.1881578947368421,0.08333333333333333,0.02280701754385965,0.14078947368421052
0.14304519526107942,0.023255813953488372,0.020623080298376482,0.07547169811320754,0.021939447125932425,0.04782799473453269,0.022378236068451074,0.05660377358490566,0.025449758666081616,0.05265467310223782,0.020184291355857833,0.05353225098727512,0.19482229047827995,0.08336989907854322,0.022817025010969723,0.13602457218078104
0.14083885209713023,0.022516556291390728,0.02163355408388521,0.07373068432671082,0.020309050772626933,0.05121412803532009,0.023399558498896248,0.05783664459161148,0.022958057395143488,0.05033112582781457,0.02119205298013245,0.05562913907284768,0.19293598233995585,0.08388520971302428,0.02384105960264901,0.13774834437086092
0.13592657342657344,0.0236013986013986,0.022290209790209792,0.07736013986013986,0.018356643356643356,0.04807692307692308,0.023164335664335664,0.05506993006993007,0.0236013986013986,0.053758741258741256,0.020104895104895104,0.052884615384615384,0.19667832167832167,0.08697552447552448,0.023164335664335664,0.13898601398601398
0.12988152698551997,0.020184291355857833,0.023255813953488372,0.07722685388328214,0.019306713470820535,0.051338306274681875,0.021939447125932425,0.05397103992979377,0.023255813953488372,0.05616498464238701,0.02150065818341378,0.055726195699868364,0.19218955682316805,0.08995173321632295,0.02369460289600702,0.14041246160596754
0.1266432953549518,0.022787028921998246,0.02497808939526731,0.07624890446976336,0.01971954425942156,0.05433829973707274,0.02322524101665206,0.05433829973707274,0.024101665205959685,0.058720420683610865,0.020157756354075372,0.05652936021034181,0.19149868536371603,0.08676599474145487,0.02147239263803681,0.13847502191060473
0.13014899211218228,0.022348816827344433,0.024539877300613498,0.07318141980718668,0.021910604732690624,0.051709027169149865,0.02322524101665206,0.05258545135845749,0.024539877300613498,0.06091148115687993,0.021034180543382998,0.05652936021034181,0.19281332164767748,0.0880806310254163,0.020595968448729185,0.13584574934268187
0.13236587510993844,0.021108179419525065,0.022427440633245383,0.07343887423043095,0.020668425681618294,0.051451187335092345,0.022867194371152155,0.05452946350043975,0.024186455584872472,0.06244503078276165,0.020228671943711522,0.05716798592788039,0.1864555848724714,0.08839050131926121,0.021547933157431837,0.14072119613016712
0.13268032056990206,0.022707034728406055,0.022707034728406055,0.07346393588601959,0.020926090828138913,0.05120213713268032,0.022707034728406055,0.05120213713268032,0.025378450578806767,0.0609973285841496,0.020926090828138913,0.059216384683882455,0.182546749777382,0.08993766696349065,0.02315227070347284,0.1402493321460374
0.13780918727915195,0.022084805653710248,0.02120141342756184,0.07376325088339222,0.018551236749116608,0.05256183745583039,0.020318021201413426,0.053886925795053005,0.026943462897526502,0.05918727915194346,0.022084805653710248,0.05918727915194346,0.1868374558303887,0.0892226148409894,0.022526501766784453,0.1338339222614841
0.13852242744063326,0.024626209322779244,0.020228671943711522,0.0773966578715919,0.021108179419525065,0.051451187335092345,0.019349164467897976,0.05013192612137203,0.029023746701846966,0.055848724714160074,0.021547933157431837,0.05760773966578716,0.18601583113456466,0.09278803869832894,0.01978891820580475,0.1345646437994723
0.1355181576616475,0.02612931798051373,0.02037201062887511,0.07883082373782108,0.02037201062887511,0.05004428697962799,0.01948627103631532,0.049601417183348095,0.027015057573073518,0.05978742249778565,0.020814880425155006,0.0566873339238264,0.18600531443755536,0.08768821966341896,0.022143489813994686,0.13950398582816653
0.1355263157894737,0.027192982456140352,0.0206140350877193,0.07894736842105263,0.0206140350877193,0.05307017543859649,0.02017543859649123,0.04780701754385965,0.02894736842105263,0.05350877192982456,0.02149122807017544,0.056578947368421055,0.18903508771929825,0.09035087719298246,0.02149122807017544,0.13464912280701755
0.13896218117854,0.025505716798592787,0.01978891820580475,0.07651715039577836,0.023306948109058926,0.05321020228671944,0.019349164467897976,0.04925241864555849,0.027264731750219876,0.056288478452066845,0.023306948109058926,0.05760773966578716,0.1851363236587511,0.0919085312225154,0.021547933157431837,0.1310466138962181
0.13930789707187222,0.025288376220053237,0.02129547471162378,0.07897071872227152,0.023070097604259095,0.05102040816326531,0.019520851818988466,0.05235137533274179,0.024844720496894408,0.058118899733806566,0.02129547471162378,0.05723158828748891,0.18544809228039041,0.08740017746228926,0.023957409050576754,0.13087843833185447
0.13732394366197184,0.02772887323943662,0.022007042253521125,0.07482394366197183,0.023327464788732395,0.05193661971830986,0.019806338028169015,0.0528169014084507,0.02596830985915493,0.05941901408450704,0.02112676056338028,0.05985915492957746,0.1817781690140845,0.08714788732394366,0.022887323943661973,0.13204225352112675
0.1382042253521127,0.02772887323943662,0.022887323943661973,0.07350352112676056,0.02464788732394366,0.056338028169014086,0.017605633802816902,0.05193661971830986,0.02596830985915493,0.05941901408450704,0.02068661971830986,0.061619718309859156,0.17913732394366197,0.09066901408450705,0.022887323943661973,0.1267605633802817
0.1345565749235474,0.02708606378331149,0.024027959807776323,0.07514198339886413,0.023154215814766274,0.05417212756662298,0.01834862385321101,0.05286151157710791,0.024464831804281346,0.06334643949322849,0.022280471821756225,0.0581039755351682,0.18086500655307994,0.09217999126256007,0.021843599825251202,0.12756662297946703
0.1354895104895105,0.027097902097902096,0.022727272727272728,0.07692307692307693,0.022727272727272728,0.05201048951048951,0.020104895104895104,0.054632867132867136,0.025349650349650348,0.0659965034965035,0.021853146853146852,0.05638111888111888,0.180506993006993,0.08653846153846154,0.022290209790209792,0.12937062937062938
0.13149711239449133,0.029320302087960905,0.020435362061306087,0.07774322523322967,0.024433585073300755,0.04975566414926699,0.019991115059973346,0.05775211017325633,0.02265659706796979,0.06308307418924922,0.02265659706796979,0.056419369169258105,0.185250999555753,0.08973789426921368,0.02087960906263883,0.12838738338516215
0.13147410358565736,0.03010181496237273,0.02036299247454626,0.07304116865869854,0.02478972996901284,0.051350154935812305,0.019477644975652943,0.05754758742806552,0.02036299247454626,0.06374501992031872,0.02434705621956618,0.0566622399291722,0.18902169101372288,0.0903054448871182,0.019034971226206288,0.12837538733953077
0.12822757111597374,0.03238512035010941,0.018818380743982493,0.07483588621444201,0.02363238512035011,0.04901531728665208,0.02013129102844639,0.05733041575492341,0.02188183807439825,0.06258205689277899,0.02538293216630197,0.053391684901531726,0.19168490153172865,0.09190371991247265,0.020568927789934355,0.12822757111597374
0.12687224669603525,0.03127753303964758,0.018061674008810574,0.07533039647577093,0.022466960352422908,0.051982378854625554,0.019823788546255508,0.059030837004405284,0.021145374449339206,0.06475770925110132,0.02555066079295154,0.05506607929515418,0.19251101321585903,0.0907488986784141,0.019383259911894272,0.12599118942731277
0.12652705061082026,0.030977312390924956,0.01788830715532286,0.07766143106457242,0.0231239092495637,0.04930191972076789,0.020942408376963352,0.060209424083769635,0.02225130890052356,0.06631762652705062,0.02399650959860384,0.054537521815008726,0.18891797556719023,0.09336823734729494,0.01832460732984293,0.1256544502617801
