C_R,C_A,C_S,C_N,D_R,D_A,D_S,D_N,Oc_R,Oc_A,Oc_S,Oc_N,Od_R,Od_A,Od_S,Od_N
0.0,0.0,0.0,0.0,0.0,0.0,0.0,0.0,1.0,0.0,0.0,0.0,0.0,0.0,0.0,0.0
0.0,0.0,0.0,0.0,0.0,0.0,0.0,0.0,1.0,0.0,0.0,0.0,0.0,0.0,0.0,0.0
0.0,0.0,0.0,0.0,0.0,0.3333333333333333,0.0,0.0,0.6666666666666666,0.0,0.0,0.0,0.0,0.0,0.0,0.0
0.0,0.0,0.0,0.0,0.0,0.3,0.1,0.0,0.6,0.0,0.0,0.0,0.0,0.0,0.0,0.0
0.0,0.0,0.0,0.06666666666666667,0.0,0.26666666666666666,0.06666666666666667,0.0,0.6,0.0,0.0,0.0,0.0,0.0,0.0,0.0
0.0,0.0,0.0,0.08695652173913043,0.0,0.30434782608695654,0.08695652173913043,0.0,0.5217391304347826,0.0,0.0,0.0,0.0,0.0,0.0,0.0
0.0,0.0,0.0,0.09090909090909091,0.0,0.2727272727272727,0.18181818181818182,0.0,0.45454545454545453,0.0,0.0,0.0,0.0,0.0,0.0,0.0
0.0,0.0,0.041666666666666664,0.10416666666666667,0.0,0.25,0.20833333333333334,0.0,0.3958333333333333,0.0,0.0,0.0,0.0,0.0,0.0,0.0
0.0,0.0,0.05084745762711865,0.13559322033898305,0.0,0.1864406779661017,0.23728813559322035,0.0,0.3898305084745763,0.0,0.0,0.0,0.0,0.0,0.0,0.0
0.0,0.0,0.06329113924050633,0.189873417721519,0.0,0.20253164556962025,0.24050632911392406,0.0,0.3037974683544304,0.0,0.0,0.0,0.0,0.0,0.0,0.0
0.0,0.0,0.05825242718446602,0.1941747572815534,0.0,0.21359223300970873,0.1941747572815534,0.0,0.32038834951456313,0.0,0.019417475728155338,0.0,0.0,0.0,0.0,0.0
0.0,0.0,0.06060606060606061,0.20454545454545456,0.0,0.25,0.1893939393939394,0.0,0.2727272727272727,0.0,0.022727272727272728,0.0,0.0,0.0,0.0,0.0
0.0,0.0,0.06666666666666667,0.20606060606060606,0.0,0.2545454545454545,0.18181818181818182,0.0,0.2606060606060606,0.0,0.024242424242424242,0.006060606060606061,0.0,0.0,0.0,0.0
0.0,0.0,0.06862745098039216,0.19117647058823528,0.0,0.2647058823529412,0.19117647058823528,0.00980392156862745,0.24509803921568626,0.0,0.0196078431372549,0.004901960784313725,0.0,0.0,0.0,0.004901960784313725
0.0,0.0,0.08235294117647059,0.20784313725490197,0.0,0.2549019607843137,0.19215686274509805,0.011764705882352941,0.22745098039215686,0.0,0.0196078431372549,0.00392156862745098,0.0,0.0,0.0,0.0
0.0,0.0,0.06930693069306931,0.20462046204620463,0.0,0.24092409240924093,0.2079207920792079,0.013201320132013201,0.22112211221122113,0.0033003300330033004,0.0297029702970297,0.0033003300330033004,0.0,0.006600660066006601,0.0,0.0
0.0,0.0,0.06611570247933884,0.21763085399449036,0.0,0.256198347107438,0.19834710743801653,0.01652892561983471,0.19559228650137742,0.0027548209366391185,0.027548209366391185,0.0027548209366391185,0.0,0.008264462809917356,0.005509641873278237,0.0027548209366391185
0.0,0.002347417840375587,0.06338028169014084,0.22769953051643194,0.0,0.2511737089201878,0.19953051643192488,0.02112676056338028,0.19014084507042253,0.002347417840375587,0.028169014084507043,0.002347417840375587,0.0,0.007042253521126761,0.002347417840375587,0.002347417840375587
0.0,0.005988023952095809,0.06986027944111776,0.2215568862275449,0.0,0.26746506986027946,0.18363273453093812,0.023952095808383235,0.17964071856287425,0.001996007984031936,0.033932135728542916,0.001996007984031936,0.0,0.005988023952095809,0.001996007984031936,0.001996007984031936
0.0,0.008665511265164644,0.07452339688041594,0.24090121317157712,0.0,0.2634315424610052,0.1733102253032929,0.019064124783362217,0.1681109185441941,0.0017331022530329288,0.03119584055459272,0.006932409012131715,0.0,0.008665511265164644,0.0017331022530329288,0.0017331022530329288
0.0029850746268656717,0.008955223880597015,0.07462686567164178,0.25970149253731345,0.0029850746268656717,0.24328358208955222,0.1701492537313433,0.019402985074626865,0.15522388059701492,0.0014925373134328358,0.03880597014925373,0.007462686567164179,0.0029850746268656717,0.008955223880597015,0.0029850746268656717,0.0
0.0025906735751295338,0.009067357512953367,0.07512953367875648,0.25647668393782386,0.0038860103626943004,0.24481865284974094,0.16321243523316062,0.019430051813471502,0.14766839378238342,0.0,0.046632124352331605,0.009067357512953367,0.007772020725388601,0.010362694300518135,0.0025906735751295338,0.0012953367875647669
0.004597701149425287,0.008045977011494253,0.06896551724137931,0.2655172413793103,0.0034482758620689655,0.24597701149425288,0.16091954022988506,0.01954022988505747,0.1413793103448276,0.0011494252873563218,0.04367816091954023,0.009195402298850575,0.008045977011494253,0.013793103448275862,0.0034482758620689655,0.0022988505747126436
0.008255933952528379,0.009287925696594427,0.07120743034055728,0.25696594427244585,0.005159958720330237,0.23529411764705882,0.16305469556243551,0.018575851393188854,0.1393188854489164,0.0041279669762641896,0.04540763673890609,0.010319917440660475,0.011351909184726523,0.015479876160990712,0.0030959752321981426,0.0030959752321981426
0.010456273764258554,0.006653992395437262,0.07129277566539924,0.25665399239543724,0.0038022813688212928,0.24714828897338403,0.155893536121673,0.022813688212927757,0.12832699619771862,0.006653992395437262,0.04277566539923954,0.009505703422053232,0.011406844106463879,0.016159695817490494,0.0038022813688212928,0.006653992395437262
0.016681299385425813,0.006145741878841089,0.07462686567164178,0.2528533801580334,0.007023705004389816,0.24319578577699735,0.15188762071992976,0.02370500438981563,0.12554872695346794,0.007901668129938543,0.04214223002633889,0.00877963125548727,0.012291483757682178,0.015803336259877086,0.004389815627743635,0.007023705004389816
0.023577235772357725,0.007317073170731708,0.06829268292682927,0.2528455284552846,0.0065040650406504065,0.24065040650406505,0.14959349593495935,0.024390243902439025,0.12032520325203253,0.007317073170731708,0.046341463414634146,0.008130081300813009,0.013821138211382113,0.015447154471544716,0.0032520325203252032,0.012195121951219513
0.02406015037593985,0.007518796992481203,0.06315789473684211,0.2631578947368421,0.006766917293233083,0.24736842105263157,0.14285714285714285,0.02556390977443609,0.11578947368421053,0.007518796992481203,0.0481203007518797,0.006766917293233083,0.012030075187969926,0.012781954887218045,0.0030075187969924814,0.013533834586466165
0.026722925457102673,0.009845288326300985,0.06118143459915612,0.25949367088607594,0.007735583684950774,0.24542897327707455,0.1441631504922644,0.026722925457102673,0.11251758087201125,0.008438818565400843,0.0450070323488045,0.009142053445850914,0.014064697609001406,0.011954992967651195,0.0028129395218002813,0.014767932489451477
0.027686222808174028,0.011865524060646011,0.05800922874093606,0.26367831245880025,0.007251153592617007,0.24060646011865525,0.14634146341463414,0.028345418589321027,0.10810810810810811,0.00922874093605801,0.044166117336849046,0.01054713249835201,0.013843111404087014,0.01120632827949901,0.0026367831245880024,0.016479894528675015
0.030397022332506202,0.01240694789081886,0.052109181141439205,0.2555831265508685,0.008064516129032258,0.24069478908188585,0.1501240694789082,0.02791563275434243,0.1054590570719603,0.011166253101736972,0.04528535980148883,0.009305210918114143,0.013647642679900745,0.01240694789081886,0.0037220843672456576,0.021712158808933003
0.03161592505854801,0.01288056206088993,0.05035128805620609,0.26756440281030447,0.00936768149882904,0.234192037470726,0.1446135831381733,0.026932084309133488,0.101288056206089,0.0117096018735363,0.04332552693208431,0.01288056206088993,0.014637002341920375,0.0117096018735363,0.004098360655737705,0.022833723653395786
0.030542986425339366,0.015271493212669683,0.04524886877828054,0.27262443438914025,0.008484162895927601,0.2330316742081448,0.1419683257918552,0.02828054298642534,0.09841628959276018,0.012443438914027148,0.04468325791855204,0.011312217194570135,0.016968325791855202,0.011312217194570135,0.003959276018099547,0.025452488687782805
0.033498077979132346,0.017023613399231193,0.044481054365733116,0.27786930258099946,0.007688083470620538,0.2300933552992861,0.1411312465678199,0.02800658978583196,0.0928061504667765,0.013179571663920923,0.043931905546403076,0.009884678747940691,0.019769357495881382,0.010982976386600769,0.003844041735310269,0.02580999450851181
0.0351890756302521,0.020483193277310924,0.04411764705882353,0.2778361344537815,0.008928571428571428,0.22741596638655462,0.13497899159663865,0.026785714285714284,0.09086134453781512,0.01207983193277311,0.0430672268907563,0.011554621848739496,0.022058823529411766,0.011554621848739496,0.007352941176470588,0.025735294117647058
0.035312180143295804,0.02354145342886387,0.04503582395087001,0.27533265097236437,0.009211873080859774,0.22466734902763563,0.13510747185261002,0.026100307062436028,0.09007164790174002,0.011770726714431934,0.04094165813715456,0.011770726714431934,0.02456499488229273,0.011258955987717503,0.008700102354145343,0.02661207778915046
0.03681592039800995,0.023383084577114428,0.04328358208955224,0.27810945273631843,0.012935323383084577,0.22139303482587064,0.1328358208955224,0.023383084577114428,0.09353233830845771,0.010447761194029851,0.038308457711442784,0.010447761194029851,0.025870646766169153,0.009950248756218905,0.012437810945273632,0.026865671641791045
0.0390549662487946,0.02459016393442623,0.04243008678881389,0.2767598842815815,0.013500482160077145,0.2232401157184185,0.12729026036644167,0.023625843780135006,0.08968177434908389,0.010125361620057859,0.037608486017357765,0.011571841851494697,0.03037608486017358,0.010607521697203472,0.013018322082931534,0.02651880424300868
0.034613560929350404,0.02418207681365576,0.044096728307254626,0.2807017543859649,0.012328117591275486,0.2238027501185396,0.1299193930772878,0.023233760075865337,0.08724513987671882,0.011379800853485065,0.036510194404931244,0.012802275960170697,0.03319108582266477,0.009009009009009009,0.012328117591275486,0.024656235182550973
0.03623529411764706,0.02211764705882353,0.04329411764705882,0.2828235294117647,0.013176470588235295,0.2263529411764706,0.128,0.024941176470588234,0.08094117647058824,0.012705882352941176,0.034823529411764705,0.01411764705882353,0.03670588235294118,0.008941176470588235,0.011294117647058824,0.023529411764705882
0.036228518346493266,0.02229447282861124,0.043195541105434276,0.2796098467254993,0.01579191825359963,0.22108685555039478,0.12772875058058522,0.025081281932187643,0.07895959126799815,0.013469577333952624,0.035764050162563864,0.015327450069670227,0.036228518346493266,0.008360427310729215,0.013934045517882025,0.02693915466790525
0.0407695831424645,0.0233623453962437,0.04260192395785616,0.27439303710490154,0.012368300503893724,0.22766834631241412,0.12368300503893724,0.024736601007787448,0.07695831424644985,0.013742556115437472,0.03893724232707284,0.015574896930829134,0.03710490151168117,0.008703618873110398,0.014200641319285386,0.025194686211635363
0.042279411764705885,0.024356617647058824,0.043658088235294115,0.2766544117647059,0.012408088235294117,0.22931985294117646,0.12270220588235294,0.027573529411764705,0.0739889705882353,0.012408088235294117,0.03676470588235294,0.014705882352941176,0.03814338235294118,0.0078125,0.014246323529411764,0.02297794117647059
0.042272727272727274,0.02090909090909091,0.041363636363636366,0.275,0.011818181818181818,0.23863636363636365,0.12136363636363637,0.026818181818181817,0.07090909090909091,0.013181818181818182,0.03636363636363636,0.015454545454545455,0.04,0.009545454545454546,0.013636363636363636,0.022727272727272728
0.042669087607807535,0.02088061733999092,0.041307308216069,0.2687244666364049,0.011802088061733999,0.24285065819337268,0.1171130276895143,0.027689514298683614,0.06808896958692692,0.014525646845211076,0.03722197004085338,0.014979573309123922,0.04176123467998184,0.009532455742169769,0.016341352700862462,0.02451202905129369
0.04334085778781038,0.02076749435665914,0.03972911963882619,0.27042889390519187,0.011738148984198645,0.23747178329571106,0.11331828442437923,0.029796839729119638,0.06636568848758465,0.014898419864559819,0.03566591422121896,0.016704288939051917,0.04785553047404063,0.010835214446952596,0.016252821670428894,0.024830699774266364
0.04405086285195277,0.024069028156221618,0.04041780199818347,0.26657584014532243,0.013169845594913715,0.2320617620345141,0.11035422343324251,0.029064486830154404,0.0653950953678474,0.014532243415077202,0.035876475930971846,0.016802906448683014,0.05086285195277021,0.01226158038147139,0.018165304268846504,0.02633969118982743
0.04547521600727603,0.023192360163710776,0.041837198726693954,0.2723965438835834,0.01409731696225557,0.22328331059572534,0.10868576625738972,0.0286493860845839,0.06957708049113233,0.015006821282401092,0.03638017280582083,0.015006821282401092,0.05093224192814916,0.01318781264211005,0.01682582992269213,0.02546612096407458
0.04632152588555858,0.022706630336058128,0.04087193460490463,0.2742960944595822,0.013623978201634877,0.22252497729336967,0.10399636693914623,0.030426884650317895,0.06630336058128973,0.01589464123524069,0.035876475930971846,0.014986376021798364,0.0522252497729337,0.014532243415077202,0.016802906448683014,0.02861035422343324
0.04801097393689986,0.02194787379972565,0.039323273891175126,0.2757201646090535,0.012345679012345678,0.21490626428898033,0.10699588477366255,0.03063557384545039,0.06401463191586648,0.01646090534979424,0.037037037037037035,0.01783264746227709,0.053955189757658895,0.014631915866483767,0.017375400091449476,0.02880658436213992
0.048548094373865695,0.02132486388384755,0.03856624319419238,0.279038112522686,0.012704174228675136,0.21234119782214156,0.10254083484573502,0.030852994555353903,0.06442831215970962,0.015426497277676952,0.0367513611615245,0.019509981851179675,0.0544464609800363,0.014519056261343012,0.019963702359346643,0.029038112522686024
0.050473186119873815,0.020730058584948176,0.03785488958990536,0.28391167192429023,0.010815682739972961,0.2095538530869761,0.103199639477242,0.031545741324921134,0.06219017575484453,0.016674177557458314,0.03740423614240649,0.02118071203244705,0.054078413699864804,0.013068949977467327,0.019378098242451555,0.02794051374493015
0.050523441055985434,0.021392808375056895,0.04005461993627674,0.2794720072826582,0.01137915339098771,0.20436959490213927,0.10559854346836596,0.03322712790168411,0.06281292671825216,0.01456531634046427,0.03732362312243969,0.02275830678197542,0.05598543468365953,0.012289485662266727,0.01957214383249886,0.02867546654528903
0.05130554283096656,0.021988089784699953,0.04122766834631241,0.2798900595510765,0.01282638570774164,0.19331195602382042,0.09894640403114979,0.03389830508474576,0.06000916170407696,0.016491067338524967,0.038021071919377,0.026110856619331196,0.06321575813101236,0.011910215300045808,0.020613834173156206,0.030233623453962438
0.05203619909502263,0.02081447963800905,0.03891402714932127,0.283710407239819,0.014027149321266969,0.19095022624434388,0.09502262443438914,0.03076923076923077,0.058823529411764705,0.016289592760180997,0.034389140271493215,0.02669683257918552,0.06832579185520361,0.012669683257918552,0.02262443438914027,0.033936651583710405
0.05210693248753965,0.019030357951971,0.03670140462165836,0.28454916175804257,0.01359311282283643,0.19030357951971003,0.09379247847757137,0.026733121884911646,0.06207521522428636,0.017671046669687357,0.038513819664703214,0.02628001812415043,0.06796556411418214,0.011780697779791573,0.02401449932034436,0.0348889895786135
0.052348993288590606,0.0174496644295302,0.03847874720357942,0.2809843400447427,0.015659955257270694,0.18523489932885906,0.09888143176733781,0.025950782997762864,0.05771812080536913,0.02058165548098434,0.03847874720357942,0.026845637583892617,0.07337807606263982,0.012975391498881432,0.02237136465324385,0.032662192393736016
0.05715571557155716,0.01755175517551755,0.036453645364536456,0.27542754275427545,0.01485148514851485,0.18091809180918092,0.09855985598559856,0.026102610261026102,0.06255625562556255,0.022052205220522054,0.039603960396039604,0.028352835283528353,0.07425742574257425,0.012601260126012601,0.022502250225022502,0.031053105310531053
0.05595344673231871,0.018800358102059087,0.03401969561324977,0.2820053715308863,0.01521933751119069,0.17815577439570277,0.09534467323187108,0.025962399283795883,0.05953446732318711,0.022381378692927483,0.03804834377797672,0.03088630259623993,0.07520143240823635,0.012981199641897942,0.023724261414503133,0.03178155774395703
0.05900900900900901,0.01891891891891892,0.03648648648648649,0.28468468468468466,0.013963963963963964,0.17567567567567569,0.09549549549549549,0.024774774774774775,0.0545045045045045,0.023423423423423424,0.036036036036036036,0.02972972972972973,0.07567567567567568,0.015315315315315315,0.022972972972972974,0.03333333333333333
0.06201901312811227,0.017202354006337708,0.03531009506564056,0.2824807605251245,0.013128112267994568,0.16840199185151652,0.10004526935264826,0.023087369850611137,0.05477591670439113,0.023087369850611137,0.03802625622453599,0.028519692168401993,0.08284291534631055,0.014486192847442281,0.02082390221819828,0.03576278859212313
0.0666066606660666,0.018901890189018902,0.034653465346534656,0.28622862286228623,0.012601260126012601,0.16696669666966696,0.09900990099009901,0.022052205220522054,0.05130513051305131,0.022952295229522954,0.0351035103510351,0.031053105310531053,0.08415841584158416,0.01395139513951395,0.020702070207020702,0.03375337533753375
0.06961178045515395,0.018295403837572513,0.03480589022757698,0.2891566265060241,0.011155734047300312,0.1646586345381526,0.0963855421686747,0.020972780008924587,0.0499776885319054,0.02320392681838465,0.037037037037037035,0.02989736724676484,0.08656849620705043,0.013386880856760375,0.020526550647032574,0.03435966086568496
0.06967213114754098,0.019581056466302368,0.03278688524590164,0.28233151183970856,0.01092896174863388,0.16393442622950818,0.09881602914389799,0.020947176684881604,0.051001821493624776,0.022768670309653915,0.036885245901639344,0.029143897996357013,0.08697632058287796,0.015938069216757743,0.022313296903460837,0.03597449908925319
0.07560756075607561,0.01935193519351935,0.0306030603060306,0.27542754275427545,0.011251125112511251,0.15976597659765976,0.09855985598559856,0.020702070207020702,0.05310531053105311,0.022502250225022502,0.04095409540954095,0.0297029702970297,0.09225922592259225,0.0144014401440144,0.021602160216021602,0.034203420342034205
0.07846715328467153,0.018704379562043797,0.029197080291970802,0.27235401459854014,0.012317518248175183,0.1551094890510949,0.09534671532846715,0.02281021897810219,0.055656934306569344,0.023266423357664233,0.0406021897810219,0.028284671532846715,0.09534671532846715,0.015967153284671534,0.02281021897810219,0.03375912408759124
0.07420814479638009,0.019004524886877826,0.031221719457013575,0.27918552036199096,0.011764705882352941,0.15475113122171946,0.09004524886877828,0.023529411764705882,0.05429864253393665,0.02398190045248869,0.03665158371040724,0.029411764705882353,0.09592760180995476,0.017194570135746608,0.022171945701357467,0.03665158371040724
0.07536101083032491,0.01759927797833935,0.03384476534296029,0.27166064981949456,0.012184115523465704,0.15568592057761732,0.08709386281588448,0.02707581227436823,0.053700361010830325,0.026173285198555957,0.03655234657039711,0.03023465703971119,0.09792418772563177,0.016696750902527077,0.021660649819494584,0.03655234657039711
0.0760180995475113,0.016289592760180997,0.034389140271493215,0.2683257918552036,0.011312217194570135,0.15475113122171946,0.08687782805429864,0.02760180995475113,0.05113122171945701,0.02669683257918552,0.03484162895927602,0.031221719457013575,0.10452488687782806,0.015384615384615385,0.024434389140271493,0.03619909502262444
0.07210884353741497,0.016780045351473923,0.033560090702947847,0.2748299319727891,0.013605442176870748,0.1564625850340136,0.08798185941043084,0.02857142857142857,0.047619047619047616,0.025396825396825397,0.034013605442176874,0.031292517006802724,0.10204081632653061,0.016780045351473923,0.024489795918367346,0.034467120181405894
0.07709750566893424,0.016780045351473923,0.033560090702947847,0.2698412698412698,0.015419501133786848,0.15555555555555556,0.07936507936507936,0.029931972789115645,0.04625850340136054,0.026757369614512472,0.03492063492063492,0.030839002267573697,0.10476190476190476,0.016780045351473923,0.028117913832199547,0.034013605442176874
0.07871198568872988,0.018336314847942754,0.03354203935599284,0.26475849731663686,0.014758497316636851,0.15966010733452593,0.0778175313059034,0.028622540250447227,0.044722719141323794,0.022808586762075134,0.03488372093023256,0.030858676207513418,0.10644007155635063,0.018783542039355994,0.027728085867620753,0.03756708407871199
0.08179775280898877,0.01752808988764045,0.0350561797752809,0.2606741573033708,0.016179775280898877,0.15280898876404495,0.07955056179775281,0.0301123595505618,0.0449438202247191,0.02696629213483146,0.03325842696629214,0.025617977528089888,0.11101123595505619,0.01752808988764045,0.027865168539325844,0.03910112359550562
0.0803411131059246,0.017504488330341114,0.035457809694793535,0.26570915619389585,0.017055655296229804,0.14542190305206462,0.0763016157989228,0.02872531418312388,0.044434470377019746,0.026929982046678635,0.03321364452423698,0.027378815080789945,0.11400359066427289,0.017953321364452424,0.02917414721723519,0.04039497307001795
0.08087233075874603,0.019082235347569285,0.03589277601090413,0.25942753293957294,0.01635620172648796,0.14629713766469787,0.0817810086324398,0.025897319400272602,0.04679691049522944,0.026351658337119492,0.03225806451612903,0.030895047705588367,0.11176737846433439,0.019536574284416176,0.02862335302135393,0.03816447069513857
0.08412914961346066,0.019554342883128694,0.035015916325602546,0.2673942701227831,0.01637107776261937,0.14051841746248295,0.07321509777171442,0.02592087312414734,0.046839472487494316,0.02592087312414734,0.03228740336516599,0.02955889040472942,0.11596180081855388,0.019554342883128694,0.0286493860845839,0.03910868576625739
0.08502939846223428,0.021709633649932156,0.033921302578018994,0.263681592039801,0.017186793306196293,0.13704206241519673,0.07236544549977386,0.026232473993668022,0.045228403437358664,0.027137042062415198,0.03211216644052465,0.02804161013116237,0.12211668928086838,0.022161917684305744,0.027137042062415198,0.03889642695612845
0.08865886588658865,0.022952295229522954,0.03375337533753375,0.25967596759675965,0.017101710171017102,0.13276327632763277,0.07335733573357335,0.0279027902790279,0.04410441044104411,0.027002700270027002,0.03375337533753375,0.027452745274527453,0.12826282628262825,0.022502250225022502,0.024752475247524754,0.036003600360036005
0.09276018099547512,0.024434389140271493,0.03212669683257918,0.25656108597285066,0.01809954751131222,0.13122171945701358,0.06923076923076923,0.029411764705882353,0.040271493212669686,0.03076923076923077,0.031221719457013575,0.02850678733031674,0.1321266968325792,0.02398190045248869,0.024434389140271493,0.03484162895927602
0.09279279279279279,0.021621621621621623,0.02972972972972973,0.2594594594594595,0.01756756756756757,0.13603603603603603,0.06801801801801802,0.02837837837837838,0.04054054054054054,0.02882882882882883,0.03153153153153153,0.02882882882882883,0.13783783783783785,0.022972972972972974,0.023873873873873873,0.03198198198198198
0.09915140687807057,0.023224653863331845,0.030370701205895488,0.25368468066100935,0.016971862438588656,0.12952210808396605,0.06967396158999553,0.027690933452434122,0.038856632425189816,0.029477445288075034,0.0321572130415364,0.029030817329164807,0.13934792317999106,0.02456453774006253,0.0241179097811523,0.0321572130415364
0.09476534296028881,0.024819494584837544,0.02888086642599278,0.25541516245487367,0.016696750902527077,0.12815884476534295,0.06633574007220217,0.029783393501805054,0.03835740072202166,0.030685920577617327,0.03429602888086643,0.02888086642599278,0.14169675090252706,0.02527075812274368,0.023465703971119134,0.032490974729241874
0.09803921568627451,0.026447788417692658,0.028271773825809393,0.25353397172822617,0.017327861377108983,0.12813497492020065,0.06566347469220246,0.028271773825809393,0.040583675330597355,0.03237574099407205,0.031007751937984496,0.029639762881896944,0.1404468764249886,0.022799817601459188,0.022343821249430004,0.03511171910624715
0.09657039711191336,0.024819494584837544,0.024819494584837544,0.26263537906137185,0.01895306859205776,0.1286101083032491,0.06588447653429604,0.02707581227436823,0.04016245487364621,0.03203971119133574,0.029783393501805054,0.027527075812274367,0.13898916967509026,0.02391696750902527,0.021209386281588447,0.03700361010830325
0.09558160504959423,0.02569882777276826,0.02479711451758341,0.2551848512173129,0.02028854824165915,0.12984670874661858,0.06492335437330929,0.027051397655545536,0.03832281334535618,0.032461677186654644,0.028854824165915238,0.029305680793507663,0.1406672678088368,0.02254283137962128,0.022993688007213707,0.04147880973850315
0.09212880143112702,0.02728085867620751,0.0259391771019678,0.25983899821109124,0.020572450805008944,0.12880143112701253,0.06529516994633273,0.0259391771019678,0.03756708407871199,0.03175313059033989,0.027728085867620753,0.02817531305903399,0.1440071556350626,0.023255813953488372,0.024597495527728087,0.03711985688729875
0.08976660682226212,0.025134649910233394,0.026481149012567325,0.2621184919210054,0.02064631956912029,0.12971274685816875,0.06956912028725314,0.02423698384201077,0.03770197486535009,0.033662477558348294,0.026929982046678635,0.02827648114901257,0.14676840215439857,0.02244165170556553,0.02289048473967684,0.033662477558348294
0.09208185053380782,0.02402135231316726,0.024466192170818506,0.26423487544483987,0.02001779359430605,0.12455516014234876,0.06717081850533808,0.023576512455516015,0.037811387900355875,0.03469750889679715,0.027135231316725978,0.02802491103202847,0.1552491103202847,0.023576512455516015,0.019572953736654804,0.033807829181494664
0.090625,0.023214285714285715,0.023660714285714285,0.265625,0.017410714285714286,0.121875,0.06696428571428571,0.026339285714285714,0.03794642857142857,0.033035714285714286,0.029464285714285714,0.026785714285714284,0.15669642857142857,0.023214285714285715,0.02142857142857143,0.03571428571428571
0.09330357142857143,0.024553571428571428,0.023214285714285715,0.26160714285714287,0.017410714285714286,0.12276785714285714,0.06651785714285714,0.025,0.03660714285714286,0.03616071428571429,0.030357142857142857,0.026339285714285714,0.15892857142857142,0.023660714285714285,0.020089285714285716,0.033482142857142856
0.09341637010676157,0.023131672597864767,0.023131672597864767,0.2597864768683274,0.016903914590747332,0.12455516014234876,0.06983985765124555,0.025355871886120998,0.03469750889679715,0.03558718861209965,0.032473309608540925,0.02491103202846975,0.1610320284697509,0.02224199288256228,0.020462633451957295,0.032473309608540925
0.09373591707976565,0.021631365479945923,0.021631365479945923,0.26453357368183866,0.016674177557458314,0.12167643082469581,0.07120324470482199,0.024785939612438034,0.032897701667417754,0.03199639477242001,0.030193780982424517,0.026137899954934655,0.167192429022082,0.02298332582244254,0.01892744479495268,0.0337990085624155
0.09312839059674503,0.022603978300180832,0.022603978300180832,0.261754068716094,0.018535262206148283,0.1166365280289331,0.0705244122965642,0.024864376130198915,0.03345388788426763,0.034358047016274866,0.030289330922242313,0.027576853526220614,0.17088607594936708,0.020795660036166366,0.018535262206148283,0.03345388788426763
0.0947508896797153,0.022686832740213523,0.02090747330960854,0.2606761565836299,0.017793594306049824,0.11921708185053381,0.06717081850533808,0.02402135231316726,0.032473309608540925,0.03469750889679715,0.029804270462633453,0.02802491103202847,0.17838078291814946,0.02001779359430605,0.01601423487544484,0.03336298932384341
0.09681757059614522,0.023756163155535633,0.02330793366203496,0.25773195876288657,0.01748095024652622,0.11653966831017482,0.06678619453160017,0.02285970416853429,0.03182429403854774,0.03585835948005379,0.030927835051546393,0.026445540116539667,0.1783953384132676,0.020618556701030927,0.01703272075302555,0.033617212012550426
0.10164957646009808,0.0231832367365136,0.024074899687917966,0.25813642443156487,0.016941596076683014,0.10744538564422648,0.06776638430673206,0.024966562639322336,0.030762371823450735,0.03923316986179224,0.029870708872046365,0.028979045920642,0.17967008470798038,0.02139991083370486,0.014712438698172091,0.03120820329915292
0.09759358288770054,0.022727272727272728,0.02406417112299465,0.2611408199643494,0.016488413547237075,0.10472370766488413,0.06283422459893048,0.026292335115864526,0.03208556149732621,0.036541889483065956,0.03074866310160428,0.029411764705882353,0.18850267379679145,0.02094474153297683,0.0142602495543672,0.03163992869875223
0.0983385720700494,0.023798832510103278,0.025145936237090254,0.2595419847328244,0.01796138302649304,0.09788953749438707,0.05927256398742703,0.02918724741805119,0.03188145487202514,0.03682083520431073,0.030534351145038167,0.03143242029636282,0.19128872923215087,0.018410417602155366,0.014818140996856757,0.03367759317467445
0.09776785714285714,0.025,0.025892857142857145,0.26026785714285716,0.019196428571428573,0.09732142857142857,0.060714285714285714,0.027232142857142858,0.030357142857142857,0.03660714285714286,0.03169642857142857,0.030357142857142857,0.18973214285714285,0.020982142857142855,0.014732142857142857,0.03214285714285714
0.10361990950226245,0.02398190045248869,0.025339366515837104,0.25701357466063346,0.01809954751131222,0.09185520361990951,0.06063348416289593,0.02760180995475113,0.029411764705882353,0.037104072398190045,0.033936651583710405,0.02895927601809955,0.19909502262443438,0.019457013574660634,0.014479638009049774,0.029411764705882353
0.09817045961624275,0.027666220437304774,0.024096385542168676,0.25524319500223114,0.018295403837572513,0.09058456046407853,0.055778670236501564,0.02900490852298081,0.02989736724676484,0.035698348951361,0.03302097278000892,0.0321285140562249,0.20258813029897368,0.022311468094600623,0.0142793395805444,0.031236055332440876
0.10075454948956947,0.027518863737239236,0.024411895250776743,0.2507767421216156,0.01775410563692854,0.09409675987572126,0.05459387483355526,0.02929427430093209,0.03062583222370173,0.03506435863293387,0.033288948069241014,0.03417665335108744,0.2006213936972925,0.024411895250776743,0.013759431868619618,0.02885042166000888
0.10297381269418553,0.027518863737239236,0.023524189968930315,0.2507767421216156,0.016422547714158898,0.09187749667110519,0.05503772747447847,0.02885042166000888,0.032401242787394584,0.03595206391478029,0.03195739014647137,0.033732800710164226,0.20372836218375498,0.02529960053262317,0.01287172658677319,0.027075011096316024
0.10102816271792579,0.028609745194456863,0.024586499776486366,0.25033527045149756,0.01743406347787215,0.09342869915064819,0.054090299508270004,0.025033527045149755,0.03173893607510058,0.037103263299061245,0.029950827000447027,0.03263299061242736,0.2087617344658024,0.023692445239159587,0.013410818059901655,0.028162717925793473
0.10366972477064221,0.026605504587155965,0.02614678899082569,0.24495412844036699,0.015596330275229359,0.09220183486238533,0.052752293577981654,0.023394495412844038,0.030733944954128442,0.037155963302752296,0.03165137614678899,0.03165137614678899,0.21467889908256882,0.02431192660550459,0.015137614678899083,0.029357798165137616
0.10225225225225225,0.024774774774774775,0.026126126126126126,0.2545045045045045,0.014864864864864866,0.09054054054054055,0.052702702702702706,0.023423423423423424,0.02882882882882883,0.03738738738738739,0.03063063063063063,0.03063063063063063,0.21306306306306305,0.026576576576576576,0.013963963963963964,0.02972972972972973
0.10825199645075421,0.025732031943212066,0.027506654835847383,0.24800354924578527,0.01419698314108252,0.08740017746228926,0.05146406388642413,0.024844720496894408,0.029281277728482696,0.034161490683229816,0.030612244897959183,0.029724933451641525,0.2209405501330967,0.026175687666370896,0.013309671694764862,0.02839396628216504
0.10013410818059902,0.024586499776486366,0.02592758158247653,0.25033527045149756,0.016092981671881983,0.08359409924005365,0.05274921770227984,0.024139472507822977,0.029950827000447027,0.035762181493071074,0.029056772463120252,0.029950827000447027,0.22619579794367456,0.027268663388466695,0.014304872597228431,0.029950827000447027
0.10479175996417375,0.02373488580385132,0.027317510076130765,0.251679355127631,0.014778325123152709,0.0819525302283923,0.05373936408419167,0.02418271383788625,0.029556650246305417,0.03403493058665472,0.02910882221227049,0.032243618450515,0.22928795342588446,0.02283922973578146,0.014330497089117778,0.026421854008060904
0.1072219760744351,0.024811696942844484,0.02525476295968099,0.24856003544528135,0.016836508639787327,0.08196721311475409,0.05538325210456358,0.02525476295968099,0.03145768719539211,0.034559149313247675,0.027913159060700046,0.033673017279574655,0.22684980062029242,0.021267168808152416,0.013735046521931768,0.02525476295968099
0.1084715374271627,0.025997310623038995,0.02510085163603765,0.2532496638278799,0.017929179740026894,0.07844016136261767,0.05199462124607799,0.023756163155535633,0.031376064545047065,0.03630658897355446,0.02689376961004034,0.033617212012550426,0.22725235320484088,0.0210667861945316,0.012550425818018825,0.025997310623038995
0.10767160161507403,0.024674742036787798,0.02332884701659937,0.2548227904890085,0.017496635262449527,0.0740242261103634,0.05204127411395244,0.021982951996410947,0.029609690444145357,0.037236428891879766,0.02736653207716465,0.03409600717810678,0.23687752355316286,0.019291161956034097,0.013907581875280395,0.02557200538358008
0.10945945945945947,0.023423423423423424,0.022072072072072072,0.25495495495495496,0.018018018018018018,0.07612612612612613,0.0518018018018018,0.02252252252252252,0.025675675675675677,0.03873873873873874,0.02702702702702703,0.03333333333333333,0.23783783783783785,0.01936936936936937,0.013063063063063063,0.026576576576576576
0.11346240432237731,0.023863124718595228,0.020711391265195857,0.25484016208914906,0.017109410175596577,0.07564160288158488,0.05312922107158938,0.021161638901395767,0.02296262944619541,0.03782080144079244,0.027465105808194508,0.03556956325979289,0.23728050427735253,0.020711391265195857,0.014858171994597028,0.02341287708239532
0.11319073083778966,0.022281639928698752,0.021836007130124777,0.2535650623885918,0.01693404634581105,0.0766488413547237,0.0570409982174688,0.021836007130124777,0.02406417112299465,0.03698752228163993,0.026737967914438502,0.034759358288770054,0.23707664884135474,0.020499108734402853,0.0142602495543672,0.022281639928698752
0.11330935251798561,0.022032374100719423,0.021133093525179857,0.2589928057553957,0.017985611510791366,0.07913669064748201,0.055305755395683456,0.019784172661870502,0.023381294964028777,0.03642086330935252,0.025629496402877698,0.030575539568345324,0.2392086330935252,0.021133093525179857,0.013039568345323741,0.022931654676258992
0.11659991099243436,0.022251891410769914,0.020471740097908322,0.2545616377392078,0.01602136181575434,0.0792167334223409,0.054294615042278595,0.02091677792612372,0.022696929238985315,0.03827325322652426,0.024922118380062305,0.02892745883400089,0.24254561637739208,0.022696929238985315,0.013796172674677348,0.021806853582554516
0.11627906976744186,0.024597495527728087,0.019230769230769232,0.2522361359570662,0.016100178890876567,0.07513416815742398,0.05366726296958855,0.020572450805008944,0.022361359570661897,0.04025044722719141,0.023255813953488372,0.03130590339892665,0.2428443649373882,0.02191413237924866,0.013864042933810376,0.026386404293381037
0.11394101876675604,0.024128686327077747,0.01876675603217158,0.26005361930294907,0.0160857908847185,0.07238605898123325,0.05093833780160858,0.019213583556747096,0.024128686327077747,0.04066130473637176,0.02323503127792672,0.030831099195710455,0.24352100089365505,0.01966041108132261,0.014298480786416443,0.028150134048257374
0.12132024977698483,0.0231935771632471,0.018287243532560213,0.2564674397859054,0.015611061552185548,0.07136485280999108,0.04950936663693131,0.0191793041926851,0.0231935771632471,0.04014272970561998,0.02007136485280999,0.028545941123996433,0.252007136485281,0.018287243532560213,0.014719000892060661,0.028099910793933987
0.12132024977698483,0.021855486173059768,0.01650312221231044,0.2546833184656557,0.01650312221231044,0.07091882247992863,0.047725245316681535,0.020517395182872437,0.02230151650312221,0.039250669045495096,0.019625334522747548,0.028099910793933987,0.2586975914362177,0.01873327386262266,0.015611061552185548,0.027653880463871544
0.12072072072072072,0.022972972972972974,0.018018018018018018,0.24684684684684685,0.016216216216216217,0.07297297297297298,0.045495495495495496,0.02117117117117117,0.02252252252252252,0.038288288288288286,0.02027027027027027,0.02702702702702703,0.2626126126126126,0.01981981981981982,0.014864864864864866,0.03018018018018018
0.1220489977728285,0.021380846325167038,0.019599109131403118,0.24944320712694878,0.014699331848552339,0.07037861915367483,0.04365256124721604,0.024053452115812918,0.020489977728285078,0.04142538975501114,0.01915367483296214,0.025835189309576838,0.26280623608017817,0.019599109131403118,0.015590200445434299,0.029844097995545656
0.12527569475077194,0.01940891045434495,0.0176444640494045,0.2479047198941332,0.014556682840758712,0.06616674018526687,0.043228936921041024,0.024702249669166298,0.020291133656815175,0.03925893250992501,0.018967798853109837,0.026025584472871635,0.27128363475959416,0.0176444640494045,0.01808557565063961,0.029554477282752536
0.12003569834895136,0.016956715751896476,0.018295403837572513,0.2539045069165551,0.014725568942436412,0.06470325747434182,0.04239178937974119,0.02320392681838465,0.018295403837572513,0.03748326639892905,0.019187862561356538,0.027219991075412762,0.28023203926818385,0.0178491744756805,0.018295403837572513,0.027219991075412762
0.1201067615658363,0.018238434163701068,0.016903914590747332,0.251779359430605,0.014234875444839857,0.06316725978647687,0.04092526690391459,0.023131672597864767,0.02001779359430605,0.03870106761565836,0.019572953736654804,0.028469750889679714,0.28291814946619215,0.018683274021352312,0.016903914590747332,0.026245551601423486
0.12083518436250555,0.015548645046645935,0.01776988005330964,0.24966681474900043,0.014660151043980453,0.06441581519324745,0.037760995113282986,0.023989338071968014,0.02087960906263883,0.03642825410928476,0.016881386050644157,0.02621057307863172,0.2923145268769436,0.018658374055975122,0.015548645046645935,0.028431808085295423
0.12783964365256126,0.015144766146993319,0.015590200445434299,0.24810690423162585,0.013363028953229399,0.06280623608017817,0.03830734966592428,0.025835189309576838,0.02271714922048998,0.03652561247216036,0.01648106904231626,0.024498886414253896,0.29487750556792874,0.016926503340757237,0.015144766146993319,0.025835189309576838
0.12793851717902352,0.014918625678119348,0.017179023508137433,0.24321880650994576,0.014014466546112115,0.057414104882459314,0.03842676311030741,0.027576853526220614,0.02305605786618445,0.03752260397830018,0.016726943942133816,0.02531645569620253,0.298372513562387,0.01763110307414105,0.014918625678119348,0.025768535262206148
0.12861593235425012,0.01557632398753894,0.016466399643969738,0.2363150867823765,0.015131286159323543,0.05740987983978638,0.036048064085447265,0.029372496662216287,0.024477080551846907,0.03960836671117045,0.01824655095683133,0.025367156208277702,0.30218068535825543,0.015131286159323543,0.015131286159323543,0.024922118380062305
0.1278295605858855,0.014647137150466045,0.015534842432312472,0.237017310252996,0.01154016866400355,0.05503772747447847,0.03417665335108744,0.028406569019085663,0.023524189968930315,0.03994673768308921,0.01775410563692854,0.023968042609853527,0.31380381713271194,0.015534842432312472,0.014647137150466045,0.02663115845539281
0.1302785265049416,0.015274034141958671,0.014824797843665768,0.23180592991913745,0.01302785265049416,0.055705300988319856,0.03593890386343217,0.02605570530098832,0.025157232704402517,0.036837376460017966,0.018867924528301886,0.0220125786163522,0.316711590296496,0.015274034141958671,0.014375561545372867,0.027852650494159928
0.1301031852848811,0.014804845222072678,0.01301031852848811,0.23418573351278602,0.01525347689546882,0.05069537909376402,0.034993270524899055,0.02557200538358008,0.024674742036787798,0.037236428891879766,0.018842530282637954,0.02332884701659937,0.3162853297442799,0.016599371915657246,0.01704800358905339,0.02736653207716465
