C_R,C_A,C_S,C_N,D_R,D_A,D_S,D_N,Oc_R,Oc_A,Oc_S,Oc_N,Od_R,Od_A,Od_S,Od_N
0.0,0.0,0.0,0.0,0.0,0.0,0.0,0.0,1.0,0.0,0.0,0.0,0.0,0.0,0.0,0.0
0.0,0.0,0.0,0.0,0.0,0.0,0.0,0.0,0.5,0.0,0.0,0.0,0.0,0.0,0.0,0.5
0.3333333333333333,0.0,0.0,0.0,0.0,0.0,0.0,0.0,0.3333333333333333,0.0,0.0,0.0,0.0,0.0,0.0,0.3333333333333333
0.25,0.0,0.0,0.0,0.0,0.0,0.25,0.0,0.25,0.0,0.0,0.0,0.0,0.0,0.0,0.25
0.3333333333333333,0.0,0.0,0.0,0.0,0.0,0.0,0.0,0.16666666666666666,0.0,0.0,0.0,0.3333333333333333,0.0,0.0,0.16666666666666666
0.25,0.0,0.0,0.0,0.0,0.0,0.125,0.0,0.125,0.0,0.0,0.0,0.375,0.0,0.0,0.125
0.2,0.0,0.0,0.0,0.0,0.0,0.1,0.1,0.1,0.0,0.0,0.0,0.5,0.0,0.0,0.0
0.16666666666666666,0.0,0.0,0.0,0.0,0.0,0.08333333333333333,0.08333333333333333,0.08333333333333333,0.0,0.0,0.0,0.5,0.0,0.0,0.08333333333333333
0.06666666666666667,0.0,0.0,0.0,0.0,0.0,0.06666666666666667,0.06666666666666667,0.06666666666666667,0.0,0.06666666666666667,0.0,0.6,0.0,0.0,0.06666666666666667
0.058823529411764705,0.0,0.058823529411764705,0.0,0.0,0.0,0.058823529411764705,0.058823529411764705,0.0,0.0,0.058823529411764705,0.0,0.6470588235294118,0.0,0.0,0.058823529411764705
0.045454545454545456,0.0,0.0,0.0,0.0,0.0,0.045454545454545456,0.045454545454545456,0.0,0.0,0.09090909090909091,0.0,0.7727272727272727,0.0,0.0,0.0
0.034482758620689655,0.034482758620689655,0.0,0.0,0.0,0.0,0.034482758620689655,0.034482758620689655,0.0,0.0,0.06896551724137931,0.0,0.7931034482758621,0.0,0.0,0.0
0.05555555555555555,0.0,0.0,0.0,0.0,0.027777777777777776,0.027777777777777776,0.027777777777777776,0.0,0.0,0.027777777777777776,0.0,0.8333333333333334,0.0,0.0,0.0
0.06976744186046512,0.0,0.0,0.0,0.0,0.023255813953488372,0.023255813953488372,0.023255813953488372,0.0,0.023255813953488372,0.023255813953488372,0.0,0.813953488372093,0.0,0.0,0.0
0.10526315789473684,0.0,0.0,0.017543859649122806,0.0,0.017543859649122806,0.017543859649122806,0.017543859649122806,0.0,0.0,0.017543859649122806,0.0,0.8070175438596491,0.0,0.0,0.0
0.15714285714285714,0.0,0.0,0.02857142857142857,0.0,0.014285714285714285,0.014285714285714285,0.0,0.014285714285714285,0.0,0.014285714285714285,0.014285714285714285,0.7285714285714285,0.014285714285714285,0.0,0.0
0.18888888888888888,0.0,0.0,0.03333333333333333,0.0,0.011111111111111112,0.011111111111111112,0.0,0.011111111111111112,0.0,0.011111111111111112,0.011111111111111112,0.7222222222222222,0.0,0.0,0.0
0.20588235294117646,0.0,0.0,0.029411764705882353,0.0,0.0,0.00980392156862745,0.0,0.0196078431372549,0.0,0.00980392156862745,0.00980392156862745,0.7156862745098039,0.0,0.0,0.0
0.2066115702479339,0.0,0.0,0.049586776859504134,0.0,0.0,0.01652892561983471,0.0,0.01652892561983471,0.0,0.008264462809917356,0.008264462809917356,0.6942148760330579,0.0,0.0,0.0
0.24025974025974026,0.0,0.0,0.05194805194805195,0.0,0.006493506493506494,0.012987012987012988,0.0,0.012987012987012988,0.0,0.006493506493506494,0.006493506493506494,0.6623376623376623,0.0,0.0,0.0
0.20710059171597633,0.0,0.0,0.0650887573964497,0.0,0.005917159763313609,0.011834319526627219,0.0,0.011834319526627219,0.0,0.005917159763313609,0.005917159763313609,0.6863905325443787,0.0,0.0,0.0
0.2193877551020408,0.0,0.00510204081632653,0.061224489795918366,0.00510204081632653,0.00510204081632653,0.01020408163265306,0.0,0.01020408163265306,0.0,0.00510204081632653,0.00510204081632653,0.673469387755102,0.0,0.0,0.0
0.2171945701357466,0.0,0.00904977375565611,0.06334841628959276,0.004524886877828055,0.004524886877828055,0.004524886877828055,0.0,0.00904977375565611,0.0,0.004524886877828055,0.004524886877828055,0.6787330316742082,0.0,0.0,0.0
0.22406639004149378,0.004149377593360996,0.016597510373443983,0.058091286307053944,0.004149377593360996,0.004149377593360996,0.004149377593360996,0.0,0.012448132780082987,0.0,0.004149377593360996,0.004149377593360996,0.6639004149377593,0.0,0.0,0.0
0.21132075471698114,0.0037735849056603774,0.01509433962264151,0.07169811320754717,0.0037735849056603774,0.007547169811320755,0.0037735849056603774,0.0,0.011320754716981131,0.0,0.0037735849056603774,0.0037735849056603774,0.6641509433962264,0.0,0.0,0.0
0.20521172638436483,0.006514657980456026,0.013029315960912053,0.08794788273615635,0.003257328990228013,0.009771986970684038,0.003257328990228013,0.0,0.009771986970684038,0.0,0.003257328990228013,0.006514657980456026,0.6514657980456026,0.0,0.0,0.0
0.21597633136094674,0.0029585798816568047,0.011834319526627219,0.07988165680473373,0.0029585798816568047,0.005917159763313609,0.005917159763313609,0.0,0.008875739644970414,0.0,0.005917159763313609,0.011834319526627219,0.6390532544378699,0.0,0.0,0.008875739644970414
0.23404255319148937,0.0026595744680851063,0.007978723404255319,0.0797872340425532,0.005319148936170213,0.005319148936170213,0.007978723404255319,0.0,0.007978723404255319,0.0,0.005319148936170213,0.013297872340425532,0.6196808510638298,0.0,0.0,0.010638297872340425
0.22706422018348624,0.0022935779816513763,0.006880733944954129,0.08256880733944955,0.0022935779816513763,0.0045871559633027525,0.0045871559633027525,0.006880733944954129,0.006880733944954129,0.0,0.0045871559633027525,0.011467889908256881,0.6307339449541285,0.0,0.0,0.009174311926605505
0.22699386503067484,0.002044989775051125,0.00408997955010225,0.08997955010224949,0.002044989775051125,0.00408997955010225,0.00408997955010225,0.006134969325153374,0.006134969325153374,0.0,0.00408997955010225,0.012269938650306749,0.6298568507157464,0.0,0.0,0.0081799591002045
0.22789783889980353,0.0019646365422396855,0.005893909626719057,0.0962671905697446,0.0,0.005893909626719057,0.0019646365422396855,0.005893909626719057,0.005893909626719057,0.0019646365422396855,0.003929273084479371,0.011787819253438114,0.618860510805501,0.003929273084479371,0.0019646365422396855,0.005893909626719057
0.23117338003502627,0.0,0.005253940455341506,0.10683012259194395,0.0,0.0070052539404553416,0.0017513134851138354,0.008756567425569177,0.005253940455341506,0.0017513134851138354,0.005253940455341506,0.008756567425569177,0.6059544658493871,0.005253940455341506,0.0017513134851138354,0.005253940455341506
0.22345483359746435,0.0,0.003169572107765452,0.11568938193343899,0.001584786053882726,0.004754358161648178,0.004754358161648178,0.006339144215530904,0.004754358161648178,0.003169572107765452,0.003169572107765452,0.009508716323296355,0.606973058637084,0.006339144215530904,0.001584786053882726,0.004754358161648178
0.22074074074074074,0.0014814814814814814,0.0044444444444444444,0.11555555555555555,0.0014814814814814814,0.0044444444444444444,0.005925925925925926,0.008888888888888889,0.005925925925925926,0.0014814814814814814,0.002962962962962963,0.008888888888888889,0.6088888888888889,0.005925925925925926,0.0,0.002962962962962963
0.22757697456492637,0.0013386880856760374,0.004016064257028112,0.12182061579651941,0.0013386880856760374,0.004016064257028112,0.00535475234270415,0.006693440428380187,0.00535475234270415,0.00535475234270415,0.004016064257028112,0.008032128514056224,0.5957161981258366,0.00535475234270415,0.0013386880856760374,0.002677376171352075
0.22033898305084745,0.002421307506053269,0.006053268765133172,0.1234866828087167,0.002421307506053269,0.004842615012106538,0.006053268765133172,0.006053268765133172,0.006053268765133172,0.004842615012106538,0.0036319612590799033,0.00847457627118644,0.5980629539951574,0.0036319612590799033,0.0012106537530266344,0.002421307506053269
0.2254791431792559,0.002254791431792559,0.005636978579481398,0.11950394588500564,0.002254791431792559,0.004509582863585118,0.005636978579481398,0.005636978579481398,0.005636978579481398,0.002254791431792559,0.0033821871476888386,0.005636978579481398,0.6031567080045096,0.0033821871476888386,0.002254791431792559,0.0033821871476888386
0.22068230277185502,0.0031982942430703624,0.005330490405117271,0.12473347547974413,0.0021321961620469083,0.0042643923240938165,0.005330490405117271,0.005330490405117271,0.0042643923240938165,0.0031982942430703624,0.0021321961620469083,0.0042643923240938165,0.6066098081023454,0.0031982942430703624,0.0021321961620469083,0.0031982942430703624
0.21517771373679154,0.0038424591738712775,0.004803073967339097,0.12776176753121998,0.002881844380403458,0.0038424591738712775,0.004803073967339097,0.0038424591738712775,0.0019212295869356388,0.0038424591738712775,0.0019212295869356388,0.0038424591738712775,0.6109510086455331,0.005763688760806916,0.0009606147934678194,0.0038424591738712775
0.22465753424657534,0.0036529680365296802,0.0045662100456621,0.1324200913242009,0.0036529680365296802,0.0036529680365296802,0.0045662100456621,0.0036529680365296802,0.0018264840182648401,0.0027397260273972603,0.0018264840182648401,0.0036529680365296802,0.5972602739726027,0.0045662100456621,0.0018264840182648401,0.005479452054794521
0.23122362869198312,0.0033755274261603376,0.004219409282700422,0.1350210970464135,0.004219409282700422,0.002531645569620253,0.005063291139240506,0.0033755274261603376,0.0016877637130801688,0.002531645569620253,0.0016877637130801688,0.004219409282700422,0.5890295358649789,0.005063291139240506,0.0016877637130801688,0.005063291139240506
0.22529644268774704,0.0023715415019762848,0.003952569169960474,0.13754940711462452,0.003952569169960474,0.0047430830039525695,0.003952569169960474,0.0031620553359683794,0.0015810276679841897,0.0023715415019762848,0.0015810276679841897,0.003952569169960474,0.5936758893280633,0.005533596837944664,0.0015810276679841897,0.0047430830039525695
0.23219584569732937,0.002967359050445104,0.004451038575667656,0.1357566765578635,0.00370919881305638,0.00370919881305638,0.00370919881305638,0.004451038575667656,0.002225519287833828,0.002225519287833828,0.002225519287833828,0.0051928783382789315,0.586053412462908,0.005934718100890208,0.001483679525222552,0.00370919881305638
0.2322308233638283,0.0049261083743842365,0.0049261083743842365,0.1414496833216045,0.003518648838845883,0.0049261083743842365,0.0028149190710767065,0.005629838142153413,0.00211118930330753,0.0014074595355383533,0.0028149190710767065,0.0063335679099225895,0.573539760731879,0.0063335679099225895,0.0014074595355383533,0.005629838142153413
0.23328877005347592,0.006016042780748663,0.006016042780748663,0.14171122994652408,0.0033422459893048127,0.0033422459893048127,0.00267379679144385,0.0053475935828877,0.0033422459893048127,0.0006684491978609625,0.0033422459893048127,0.006016042780748663,0.570855614973262,0.0066844919786096255,0.002005347593582888,0.0053475935828877
0.23547979797979798,0.005050505050505051,0.003787878787878788,0.13636363636363635,0.0031565656565656565,0.0031565656565656565,0.0025252525252525255,0.005050505050505051,0.0031565656565656565,0.0012626262626262627,0.003787878787878788,0.006944444444444444,0.5732323232323232,0.007575757575757576,0.0025252525252525255,0.006944444444444444
0.23893268647665253,0.005457853244390539,0.0036385688295936932,0.13644633110976348,0.004244996967859308,0.002425712553062462,0.0036385688295936932,0.006064281382656155,0.002425712553062462,0.0006064281382656155,0.002425712553062462,0.008489993935718617,0.5670103092783505,0.0066707095209217705,0.002425712553062462,0.009096422073984234
0.2381228273464658,0.005793742757821553,0.0028968713789107765,0.1361529548088065,0.004634994206257242,0.0034762456546929316,0.0028968713789107765,0.005793742757821553,0.0017381228273464658,0.0017381228273464658,0.0028968713789107765,0.007531865585168019,0.56720741599073,0.007531865585168019,0.0034762456546929316,0.008111239860950173
0.2384180790960452,0.005084745762711864,0.002824858757062147,0.12259887005649718,0.004519774011299435,0.0062146892655367235,0.0039548022598870055,0.006779661016949152,0.005084745762711864,0.002824858757062147,0.0039548022598870055,0.007344632768361582,0.5700564971751413,0.007909604519774011,0.0039548022598870055,0.00847457627118644
0.24549918166939444,0.005455537370430988,0.0016366612111292963,0.1254773595199127,0.005455537370430988,0.006546644844517185,0.0038188761593016913,0.005455537370430988,0.004909983633387889,0.0032733224222585926,0.0038188761593016913,0.0070921985815602835,0.563011456628478,0.0070921985815602835,0.0038188761593016913,0.007637752318603383
0.2477405635300372,0.005847953216374269,0.001594896331738437,0.1286549707602339,0.00531632110579479,0.006379585326953748,0.003721424774056353,0.004253056884635832,0.004784688995215311,0.003189792663476874,0.003721424774056353,0.007442849548112706,0.5576820839978734,0.008506113769271665,0.003721424774056353,0.007442849548112706
0.2533678756476684,0.0051813471502590676,0.0015544041450777201,0.12435233160621761,0.00466321243523316,0.0051813471502590676,0.003626943005181347,0.005699481865284974,0.0051813471502590676,0.003626943005181347,0.00466321243523316,0.007253886010362694,0.5575129533678757,0.007253886010362694,0.0031088082901554403,0.007772020725388601
0.25430597771023306,0.005572441742654508,0.00303951367781155,0.12208713272543059,0.004559270516717325,0.005572441742654508,0.0035460992907801418,0.007598784194528876,0.004559270516717325,0.0035460992907801418,0.004052684903748734,0.0070921985815602835,0.5562310030395137,0.006585612968591692,0.0035460992907801418,0.008105369807497468
0.26425384234010907,0.005453644025780862,0.0039662865642042635,0.11303916707982152,0.005453644025780862,0.005949429846306396,0.004462072384729797,0.006941001487357461,0.004462072384729797,0.002974714923153198,0.0034705007436787306,0.006941001487357461,0.5532969757064948,0.0074367873078829945,0.0039662865642042635,0.007932573128408527
0.2607861936720997,0.004314477468839885,0.003355704697986577,0.11792905081495686,0.006232023010546501,0.005752636625119847,0.004793863854266539,0.007190795781399808,0.0052732502396931925,0.0028763183125599234,0.003355704697986577,0.006711409395973154,0.5517737296260786,0.006232023010546501,0.003835091083413231,0.009587727708533078
0.2587844254510921,0.0052231718898385565,0.002849002849002849,0.11633428300094967,0.004748338081671415,0.0052231718898385565,0.004273504273504274,0.008547008547008548,0.004748338081671415,0.003798670465337132,0.0033238366571699905,0.006172839506172839,0.5541310541310541,0.006647673314339981,0.004273504273504274,0.010921177587844255
0.25969173283512376,0.005604857543204111,0.003269500233535731,0.11676786548341897,0.006539000467071462,0.004670714619336758,0.004670714619336758,0.006539000467071462,0.004670714619336758,0.004670714619336758,0.003269500233535731,0.005604857543204111,0.5525455394675385,0.007006071929005138,0.004203643157403083,0.010275572162540868
0.2607502287282708,0.006404391582799634,0.003202195791399817,0.11161939615736505,0.006861848124428179,0.005946935041171089,0.0054894784995425435,0.005946935041171089,0.005946935041171089,0.0054894784995425435,0.003202195791399817,0.005946935041171089,0.5512351326623971,0.00777676120768527,0.0054894784995425435,0.00869167429094236
0.2655109489051095,0.0072992700729927005,0.002737226277372263,0.11268248175182481,0.007755474452554745,0.004105839416058394,0.005018248175182482,0.006386861313868613,0.006843065693430657,0.006843065693430657,0.002737226277372263,0.005930656934306569,0.5447080291970803,0.008211678832116789,0.004562043795620438,0.008667883211678832
0.2675992779783393,0.007671480144404332,0.002256317689530686,0.11146209386281589,0.007671480144404332,0.005415162454873646,0.004512635379061372,0.00631768953068592,0.007220216606498195,0.007220216606498195,0.00315884476534296,0.006768953068592058,0.5419675090252708,0.008574007220216607,0.004512635379061372,0.007671480144404332
0.26690712353471596,0.008566275924256087,0.002705139765554554,0.11181244364292155,0.007664562669071236,0.005861136158701533,0.005410279531109108,0.005861136158701533,0.005861136158701533,0.007213706041478809,0.002254283137962128,0.007664562669071236,0.5405770964833183,0.009017132551848512,0.004508566275924256,0.008115419296663661
0.2743243243243243,0.008558558558558558,0.003153153153153153,0.109009009009009,0.0076576576576576575,0.005405405405405406,0.0045045045045045045,0.005405405405405406,0.005855855855855856,0.0076576576576576575,0.0022522522522522522,0.006756756756756757,0.5369369369369369,0.00990990990990991,0.004054054054054054,0.008558558558558558
0.272078501338091,0.008028545941123996,0.004014272970561998,0.10258697591436218,0.008028545941123996,0.006244424620874219,0.004014272970561998,0.0044603033006244425,0.0053523639607493305,0.00847457627118644,0.0022301516503122213,0.00847457627118644,0.5410347903657449,0.010704727921498661,0.004906333630686887,0.00936663693131133
0.267825311942959,0.008021390374331552,0.0053475935828877,0.10160427807486631,0.008467023172905526,0.004456327985739751,0.0035650623885918,0.004901960784313725,0.004901960784313725,0.0066844919786096255,0.0031194295900178253,0.008912655971479501,0.5427807486631016,0.011586452762923352,0.004456327985739751,0.013368983957219251
0.26773049645390073,0.007978723404255319,0.005319148936170213,0.10106382978723404,0.0070921985815602835,0.00576241134751773,0.0026595744680851063,0.004432624113475178,0.004432624113475178,0.006648936170212766,0.0035460992907801418,0.007978723404255319,0.5456560283687943,0.011081560283687944,0.005319148936170213,0.013297872340425532
0.2687978388113462,0.008554705087798289,0.006303466906798739,0.09815398469158038,0.00675371454299865,0.00585321927059883,0.0013507429085997298,0.0036019810895992796,0.0036019810895992796,0.00765420981539847,0.004502476361999099,0.008554705087798289,0.5470508779828905,0.00945520036019811,0.00585321927059883,0.013957676722197209
0.2689075630252101,0.008845643520566122,0.006634232640424591,0.09685979655019902,0.006191950464396285,0.005307386112339673,0.0026536930561698365,0.0035382574082264487,0.0035382574082264487,0.007518796992481203,0.004865103936311367,0.008403361344537815,0.5493144626271561,0.009287925696594427,0.005307386112339673,0.012826183104820876
0.2635522256500661,0.007933010136624064,0.0057293962097840455,0.1000440722785368,0.005288673424416042,0.006610841780520053,0.003085059497576025,0.00617011899515205,0.003966505068312032,0.00749228735125606,0.004847950639048039,0.009695901278096077,0.5495813133539004,0.007933010136624064,0.00617011899515205,0.011899515204936095
0.2677619893428064,0.008880994671403197,0.004884547069271759,0.10079928952042629,0.004440497335701598,0.004440497335701598,0.003108348134991119,0.007104795737122558,0.004884547069271759,0.008436944937833037,0.004884547069271759,0.010213143872113677,0.544404973357016,0.009325044404973356,0.004884547069271759,0.011545293072824156
0.26770601336302896,0.009354120267260579,0.005345211581291759,0.09977728285077951,0.005345211581291759,0.005790645879732739,0.0026726057906458797,0.0071269487750556795,0.0035634743875278397,0.0075723830734966595,0.005790645879732739,0.009354120267260579,0.5443207126948775,0.008908685968819599,0.004454342984409799,0.012917594654788419
0.2725255215268531,0.00887705281846427,0.005326231691078562,0.09143364403018198,0.005326231691078562,0.006213936972924989,0.002663115845539281,0.006657789613848202,0.0031069684864624943,0.008433200177541057,0.006657789613848202,0.009764758100310697,0.5450510430537062,0.009764758100310697,0.005326231691078562,0.01287172658677319
0.27406417112299464,0.009358288770053475,0.004901960784313725,0.09803921568627451,0.0035650623885918,0.0066844919786096255,0.0031194295900178253,0.0066844919786096255,0.004010695187165776,0.008021390374331552,0.006238859180035651,0.009358288770053475,0.5383244206773619,0.00980392156862745,0.0053475935828877,0.012477718360071301
0.27456258411843876,0.008524001794526694,0.005383580080753701,0.09780170480035891,0.003589053387169134,0.007178106774338268,0.004486316733961417,0.006280843427545985,0.0026917900403768506,0.00762673844773441,0.005832211754149843,0.00986989681471512,0.5397039030955586,0.00986989681471512,0.005383580080753701,0.011215791834903545
0.2759084791386272,0.008075370121130552,0.005383580080753701,0.09869896814715119,0.003589053387169134,0.006729475100942127,0.004486316733961417,0.006280843427545985,0.003589053387169134,0.008075370121130552,0.006280843427545985,0.01031852848811126,0.5343203230148048,0.011215791834903545,0.005832211754149843,0.011215791834903545
0.27232341181697023,0.007107952021323856,0.006219458018658374,0.1008440693025322,0.003553976010661928,0.007107952021323856,0.00444247001332741,0.006219458018658374,0.0026654820079964462,0.006663705019991115,0.006219458018658374,0.010661928031985785,0.5366503776099512,0.01288316303864949,0.0053309640159928924,0.011106175033318524
0.2754650132860939,0.006643046944198406,0.006643046944198406,0.0987599645704163,0.003985828166519044,0.0070859167404783,0.0044286979627989375,0.0070859167404783,0.003100088573959256,0.006643046944198406,0.006643046944198406,0.008857395925597875,0.5363153232949512,0.012400354295837024,0.005314437555358724,0.010628875110717449
0.2798925212718316,0.006269592476489028,0.006717420510523959,0.09717868338557993,0.0035826242722794446,0.00806090461262875,0.004030452306314375,0.007165248544558889,0.0026869682042095834,0.007165248544558889,0.006717420510523959,0.009404388714733543,0.5333631885356024,0.011643528884908196,0.005821764442454098,0.010300044782803403
0.2719572001783326,0.007579135086937138,0.006687472135532769,0.09763709317877842,0.004012483281319661,0.008470798038341507,0.0035666518056174765,0.008470798038341507,0.0026749888542131075,0.008024966562639322,0.0057958091841284,0.008470798038341507,0.5376727596968346,0.01069995541685243,0.007579135086937138,0.01069995541685243
0.27074041034790364,0.006690454950936664,0.0053523639607493305,0.09634255129348795,0.0044603033006244425,0.008920606601248885,0.004014272970561998,0.010258697591436218,0.0031222123104371097,0.007582515611061552,0.006244424620874219,0.008028545941123996,0.5383586083853702,0.012042818911685994,0.006690454950936664,0.011150758251561105
0.27163247100802856,0.007136485280999108,0.005798394290811775,0.10035682426404996,0.003568242640499554,0.00847457627118644,0.0031222123104371097,0.011150758251561105,0.004014272970561998,0.00847457627118644,0.005798394290811775,0.00936663693131133,0.5334522747546833,0.010258697591436218,0.006690454950936664,0.010704727921498661
0.2696929238985314,0.007120605251446373,0.007120605251446373,0.09612817089452604,0.004450378282153983,0.0075656430796617715,0.003115264797507788,0.011570983533600357,0.004005340453938585,0.008900756564307966,0.006230529595015576,0.009790832220738763,0.5349354695149088,0.010235870048954161,0.00801068090787717,0.011125945705384957
0.26737967914438504,0.0071301247771836,0.006238859180035651,0.09402852049910873,0.005793226381461676,0.007575757575757576,0.0031194295900178253,0.0106951871657754,0.0053475935828877,0.009358288770053475,0.005793226381461676,0.010249554367201427,0.5374331550802139,0.010249554367201427,0.008912655971479501,0.0106951871657754
0.26943699731903487,0.007596067917783735,0.005361930294906166,0.0902591599642538,0.006255585344057194,0.00804289544235925,0.0035746201966041107,0.010277033065236819,0.005361930294906166,0.00938337801608579,0.005361930294906166,0.00938337801608579,0.5402144772117963,0.008936550491510277,0.008936550491510277,0.01161751563896336
0.2682384341637011,0.0066725978647686835,0.005338078291814947,0.09386120996441281,0.0066725978647686835,0.0071174377224199285,0.0035587188612099642,0.009786476868327402,0.005782918149466192,0.009786476868327402,0.005338078291814947,0.009786476868327402,0.5382562277580071,0.009786476868327402,0.008451957295373666,0.011565836298932384
0.2722419928825623,0.0071174377224199285,0.004893238434163701,0.09341637010676157,0.0071174377224199285,0.008896797153024912,0.00400355871886121,0.007562277580071174,0.005338078291814947,0.010231316725978648,0.005782918149466192,0.010231316725978648,0.5342526690391459,0.008451957295373666,0.008451957295373666,0.01201067615658363
0.2677130044843049,0.006278026905829596,0.005829596412556054,0.09237668161434978,0.007174887892376682,0.007623318385650224,0.003587443946188341,0.007623318385650224,0.004484304932735426,0.01031390134529148,0.005829596412556054,0.011210762331838564,0.5417040358744395,0.008520179372197309,0.007623318385650224,0.01210762331838565
0.26902417188898836,0.006266786034019696,0.005371530886302597,0.08997314234556848,0.005819158460161146,0.008504923903312443,0.003133393017009848,0.008952551477170993,0.0040286481647269475,0.009400179051029543,0.006266786034019696,0.011190689346463742,0.5465532676812892,0.008952551477170993,0.006714413607878245,0.009847806624888093
0.2698763250883392,0.005742049469964664,0.004858657243816254,0.0896643109540636,0.005742049469964664,0.009275618374558304,0.0030918727915194345,0.0088339222614841,0.00441696113074205,0.0088339222614841,0.0066254416961130744,0.011484098939929329,0.5463780918727915,0.009717314487632508,0.005742049469964664,0.009717314487632508
0.2678492239467849,0.007095343680709534,0.003991130820399113,0.0917960088691796,0.005764966740576497,0.008869179600886918,0.003547671840354767,0.009312638580931265,0.004434589800443459,0.008425720620842573,0.006208425720620843,0.011529933481152993,0.5436807095343681,0.010199556541019957,0.006208425720620843,0.011086474501108648
0.2650871703173894,0.008493518104604381,0.004470272686633884,0.08538220831470719,0.00581135449262405,0.009387572641931158,0.004023245417970496,0.009387572641931158,0.0049172999552972736,0.008940545373267769,0.005364327223960662,0.011175681716584712,0.5507375949932946,0.009834599910594547,0.006258381761287439,0.010728654447921324
0.26902417188898836,0.008952551477170993,0.0040286481647269475,0.08863025962399283,0.005371530886302597,0.008952551477170993,0.004923903312444047,0.011638316920322292,0.004476275738585497,0.008504923903312443,0.006266786034019696,0.009847806624888093,0.544762757385855,0.008952551477170993,0.005371530886302597,0.010295434198746643
0.26610767872903796,0.008384819064430714,0.003089143865842895,0.08737864077669903,0.00529567519858782,0.008384819064430714,0.0048543689320388345,0.01059135039717564,0.00441306266548985,0.00794351279788173,0.005736981465136805,0.010150044130626656,0.5511915269196822,0.010150044130626656,0.00706090026478376,0.009267431597528684
0.26713843432109685,0.00796107916850951,0.0022114108801415304,0.08978328173374613,0.005749668288367979,0.009730207872622734,0.005749668288367979,0.009730207872622734,0.003980539584254755,0.00796107916850951,0.005307386112339673,0.009730207872622734,0.5475453339230429,0.010172490048651039,0.007518796992481203,0.009730207872622734
0.26666666666666666,0.008,0.0013333333333333333,0.092,0.0071111111111111115,0.008444444444444444,0.006666666666666667,0.010222222222222223,0.0044444444444444444,0.008,0.005333333333333333,0.009777777777777778,0.544,0.010222222222222223,0.008,0.009777777777777778
0.26996876394466757,0.007585899152164213,0.00178491744756805,0.09236947791164658,0.006693440428380187,0.008032128514056224,0.006693440428380187,0.009370816599732263,0.0049085229808121375,0.008032128514056224,0.005800981704596163,0.009817045961624275,0.5399375278893351,0.010263275323516287,0.008032128514056224,0.0107095046854083
0.2755694506476105,0.007592675301473872,0.001786511835640911,0.09066547565877624,0.0080393032603841,0.007146047342563644,0.006252791424743189,0.008485931219294328,0.004912907548012505,0.007592675301473872,0.004912907548012505,0.008485931219294328,0.5422063421170166,0.009379187137114784,0.007146047342563644,0.00982581509602501
0.27088830255057167,0.007475813544415127,0.002638522427440633,0.08970976253298153,0.007475813544415127,0.007475813544415127,0.005716798592788039,0.0079155672823219,0.004837291116974494,0.007475813544415127,0.00395778364116095,0.0079155672823219,0.5501319261213721,0.008795074758135445,0.008355321020228672,0.009234828496042216
0.2677693339293697,0.007152436298614216,0.003576218149307108,0.09029950827000446,0.006705409029950827,0.008046490835940992,0.00581135449262405,0.007599463567277604,0.004023245417970496,0.008046490835940992,0.004470272686633884,0.010281627179257935,0.5502905677246313,0.009834599910594547,0.007152436298614216,0.008940545373267769
0.2673223066607063,0.006705409029950827,0.003576218149307108,0.09342869915064819,0.00581135449262405,0.009834599910594547,0.0049172999552972736,0.008493518104604381,0.0031291908806437194,0.008493518104604381,0.004470272686633884,0.009387572641931158,0.5476084041126509,0.009834599910594547,0.007599463567277604,0.009387572641931158
0.2713455520786768,0.007152436298614216,0.003576218149307108,0.09566383549396514,0.0049172999552972736,0.010281627179257935,0.004470272686633884,0.008940545373267769,0.0031291908806437194,0.008493518104604381,0.0049172999552972736,0.010728654447921324,0.5417970496200268,0.009834599910594547,0.006258381761287439,0.008493518104604381
0.2706359945872801,0.006314839873703203,0.0027063599458728013,0.09427153811456923,0.005863779882724403,0.009472259810554804,0.0040595399188092015,0.009021199819576003,0.0036084799278304014,0.008570139828597204,0.005863779882724403,0.009472259810554804,0.546233649075327,0.009021199819576003,0.006314839873703203,0.008570139828597204
0.2756756756756757,0.0045045045045045045,0.003153153153153153,0.0963963963963964,0.006756756756756757,0.00945945945945946,0.004054054054054054,0.009009009009009009,0.0036036036036036037,0.0076576576576576575,0.005405405405405406,0.00945945945945946,0.5387387387387388,0.008558558558558558,0.0076576576576576575,0.00990990990990991
0.2790286975717439,0.003532008830022075,0.0030905077262693157,0.09713024282560706,0.006181015452538631,0.009713024282560706,0.003973509933774834,0.008830022075055188,0.003973509933774834,0.0075055187637969095,0.005739514348785872,0.009713024282560706,0.5377483443708609,0.008388520971302429,0.00706401766004415,0.008388520971302429
0.28113879003558717,0.0035587188612099642,0.00400355871886121,0.09519572953736655,0.0066725978647686835,0.010231316725978648,0.00400355871886121,0.008896797153024912,0.00400355871886121,0.007562277580071174,0.006227758007117438,0.007562277580071174,0.5395907473309609,0.00800711743772242,0.0066725978647686835,0.0066725978647686835
0.2804232804232804,0.003968253968253968,0.003527336860670194,0.09435626102292768,0.007054673721340388,0.009259259259259259,0.003968253968253968,0.008818342151675485,0.0048500881834215165,0.00837742504409171,0.006613756613756613,0.007054673721340388,0.5392416225749559,0.00837742504409171,0.006172839506172839,0.007936507936507936
0.27545984746523106,0.00493494840735756,0.0031404217137729925,0.09107222969941678,0.006280843427545985,0.008972633467922835,0.0031404217137729925,0.008972633467922835,0.00493494840735756,0.008075370121130552,0.007178106774338268,0.007178106774338268,0.5495737999102737,0.007178106774338268,0.006729475100942127,0.007178106774338268
0.2742653606411398,0.004452359750667854,0.004452359750667854,0.09572573463935886,0.005342831700801425,0.009349955476402494,0.003116651825467498,0.009795191451469279,0.00578806767586821,0.007569011576135352,0.006233303650934996,0.008014247551202136,0.5480854853072128,0.006678539626001781,0.005342831700801425,0.00578806767586821
0.28060097216084845,0.004418912947414936,0.004860804242156429,0.0967741935483871,0.0061864781263809105,0.008837825894829872,0.003977021652673442,0.008395934600088379,0.004860804242156429,0.008395934600088379,0.005302695536897923,0.006628369421122404,0.5426425099425541,0.007070260715863898,0.005302695536897923,0.0057445868316394165
0.28622540250447226,0.0035778175313059034,0.004919499105545617,0.09212880143112702,0.006708407871198569,0.008050089445438283,0.004472271914132379,0.009391771019677997,0.004919499105545617,0.008050089445438283,0.004919499105545617,0.006261180679785331,0.5420393559928444,0.006708407871198569,0.005366726296958855,0.006261180679785331
0.2798925212718316,0.003134796238244514,0.005821764442454098,0.09270040304523063,0.006717420510523959,0.00761307657859382,0.0049261083743842365,0.008956560680698611,0.005821764442454098,0.00806090461262875,0.005373936408419167,0.006269592476489028,0.5472458575906852,0.005373936408419167,0.0049261083743842365,0.007165248544558889
0.27163781624500666,0.003550821127385708,0.005326231691078562,0.09187749667110519,0.007101642254771416,0.005770084332001775,0.004438526409232135,0.008433200177541057,0.005326231691078562,0.007989347536617843,0.004882379050155349,0.006657789613848202,0.5596981802041722,0.005326231691078562,0.004438526409232135,0.007545494895694629
0.272202486678508,0.003996447602131439,0.004884547069271759,0.09103019538188277,0.005772646536412078,0.006216696269982238,0.004440497335701598,0.007992895204262877,0.004440497335701598,0.007548845470692718,0.0053285968028419185,0.006216696269982238,0.5621669626998224,0.006216696269982238,0.003996447602131439,0.007548845470692718
0.2747447847314691,0.0039946737683089215,0.005326231691078562,0.09143364403018198,0.005770084332001775,0.006657789613848202,0.006213936972924989,0.006657789613848202,0.003550821127385708,0.008433200177541057,0.004882379050155349,0.006213936972924989,0.5583666222814025,0.006657789613848202,0.004438526409232135,0.006657789613848202
0.2745011086474501,0.003547671840354767,0.004878048780487805,0.09090909090909091,0.005321507760532151,0.007095343680709534,0.0066518847006651885,0.007095343680709534,0.005321507760532151,0.00753880266075388,0.005321507760532151,0.00753880266075388,0.5569844789356985,0.007095343680709534,0.0031042128603104213,0.007095343680709534
0.2704881325570981,0.0035826242722794446,0.005373936408419167,0.08956560680698612,0.005821764442454098,0.006269592476489028,0.006269592476489028,0.00806090461262875,0.0049261083743842365,0.009404388714733543,0.005821764442454098,0.00806090461262875,0.5570980743394537,0.00806090461262875,0.003134796238244514,0.00806090461262875
0.2673749446657813,0.0035413899955732625,0.005754758742806552,0.0880920761398849,0.005312084993359893,0.00619743249225321,0.006640106241699867,0.008410801239486499,0.00619743249225321,0.009738822487826471,0.00619743249225321,0.007082779991146525,0.5599822930500221,0.009296148738379814,0.003098716246126605,0.007082779991146525
0.26758071649712517,0.003980539584254755,0.005749668288367979,0.08447589562140646,0.004865103936311367,0.006634232640424591,0.007076514816452897,0.008403361344537815,0.007076514816452897,0.008845643520566122,0.005749668288367979,0.00796107916850951,0.5634674922600619,0.008403361344537815,0.0030959752321981426,0.006634232640424591
0.2620751341681574,0.0035778175313059034,0.004919499105545617,0.09347048300536673,0.004919499105545617,0.005813953488372093,0.006261180679785331,0.008050089445438283,0.006708407871198569,0.009391771019677997,0.005813953488372093,0.007155635062611807,0.5635062611806798,0.00849731663685152,0.0035778175313059034,0.006261180679785331
0.26166148378498444,0.003553976010661928,0.004886717014660151,0.09240337627721013,0.006219458018658374,0.006219458018658374,0.006663705019991115,0.006219458018658374,0.006219458018658374,0.007996446023989337,0.005775211017325633,0.007552199022656597,0.5655264326965793,0.008440693025322079,0.003109729009329187,0.007552199022656597
0.2658623771224307,0.0035746201966041107,0.005361930294906166,0.0902591599642538,0.004915102770330653,0.006702412868632708,0.006255585344057194,0.006702412868632708,0.00580875781948168,0.0071492403932082215,0.004915102770330653,0.00804289544235925,0.561662198391421,0.009830205540661306,0.0035746201966041107,0.00938337801608579
0.2715827338129496,0.003147482014388489,0.006744604316546762,0.08633093525179857,0.00539568345323741,0.007643884892086331,0.0049460431654676255,0.005845323741007194,0.0049460431654676255,0.007643884892086331,0.0049460431654676255,0.008093525179856115,0.5584532374100719,0.0085431654676259,0.005845323741007194,0.009892086330935251
0.26931665922286735,0.0022331397945511387,0.006252791424743189,0.08619919606967397,0.005806163465832961,0.0080393032603841,0.005806163465832961,0.007146047342563644,0.005359535506922733,0.007592675301473872,0.0044662795891022775,0.0080393032603841,0.5609647163912461,0.0080393032603841,0.005806163465832961,0.008932559178204555
0.2638640429338104,0.0026833631484794273,0.006261180679785331,0.08899821109123435,0.005813953488372093,0.007602862254025045,0.005813953488372093,0.007155635062611807,0.004919499105545617,0.007155635062611807,0.0035778175313059034,0.007602862254025045,0.5652951699463328,0.007602862254025045,0.005366726296958855,0.010286225402504472
0.2657718120805369,0.0026845637583892616,0.006263982102908278,0.08993288590604027,0.005369127516778523,0.008053691275167786,0.004921700223713647,0.006711409395973154,0.004921700223713647,0.0071588366890380315,0.0035794183445190158,0.007606263982102908,0.5628635346756152,0.008501118568232663,0.005369127516778523,0.01029082774049217
0.2641843971631206,0.0035460992907801418,0.0062056737588652485,0.08909574468085106,0.00576241134751773,0.008421985815602837,0.003989361702127659,0.00576241134751773,0.00576241134751773,0.0070921985815602835,0.003989361702127659,0.00576241134751773,0.5647163120567376,0.009308510638297872,0.005319148936170213,0.011081560283687944
0.25998225377107365,0.003105590062111801,0.005767524401064774,0.08740017746228926,0.006654835847382431,0.007985803016858917,0.0048802129547471165,0.006211180124223602,0.005767524401064774,0.0075421472937000885,0.00354924578527063,0.005767524401064774,0.5678793256433008,0.009760425909494233,0.005323868677905945,0.012422360248447204
0.2606194690265487,0.004424778761061947,0.00663716814159292,0.08672566371681416,0.005752212389380531,0.00752212389380531,0.006194690265486726,0.00663716814159292,0.006194690265486726,0.00663716814159292,0.0035398230088495575,0.005752212389380531,0.565929203539823,0.009734513274336283,0.0048672566371681415,0.012831858407079646
0.266489597166888,0.00398406374501992,0.006640106241699867,0.08764940239043825,0.00796812749003984,0.008410801239486499,0.005754758742806552,0.005754758742806552,0.005312084993359893,0.00619743249225321,0.0035413899955732625,0.005754758742806552,0.5608676405489155,0.008853474988933156,0.004426737494466578,0.01239486498450642
0.2618941751889729,0.0035571365051133837,0.007114273010226767,0.08892841262783459,0.007114273010226767,0.006669630947087594,0.004891062694530902,0.006669630947087594,0.004891062694530902,0.004891062694530902,0.0035571365051133837,0.006224988883948421,0.5691418408181413,0.008003557136505114,0.0031124944419742106,0.013339261894175189
0.2667257421355782,0.004430660168365086,0.007089056269384138,0.08551174124944617,0.007532122286220647,0.0057598582188746125,0.004430660168365086,0.00664599025254763,0.004873726185201595,0.004873726185201595,0.0031014621178555605,0.004873726185201595,0.5711120957022596,0.007089056269384138,0.0031014621178555605,0.01284891448825875
0.2691790040376851,0.004486316733961417,0.007178106774338268,0.0847913862718708,0.005832211754149843,0.005832211754149843,0.004037685060565276,0.006729475100942127,0.004486316733961417,0.005383580080753701,0.003589053387169134,0.005832211754149843,0.5720053835800808,0.006280843427545985,0.003589053387169134,0.010767160161507403
0.27393617021276595,0.004875886524822695,0.006648936170212766,0.08200354609929078,0.006648936170212766,0.00576241134751773,0.0031028368794326243,0.005319148936170213,0.005319148936170213,0.005319148936170213,0.0031028368794326243,0.00576241134751773,0.5718085106382979,0.005319148936170213,0.004432624113475178,0.010638297872340425
0.27681352914997776,0.0053404539385847796,0.006230529595015576,0.0787716955941255,0.0075656430796617715,0.004895416110369382,0.004005340453938585,0.005785491766800178,0.0053404539385847796,0.0075656430796617715,0.0035603026257231864,0.006230529595015576,0.5674232309746329,0.0053404539385847796,0.004005340453938585,0.011125945705384957
0.27191413237924866,0.005813953488372093,0.005813953488372093,0.07871198568872988,0.007155635062611807,0.004919499105545617,0.004025044722719142,0.005813953488372093,0.006708407871198569,0.00849731663685152,0.004025044722719142,0.006708407871198569,0.5679785330948122,0.005813953488372093,0.005366726296958855,0.01073345259391771
