C_R,C_A,C_S,C_N,D_R,D_A,D_S,D_N,Oc_R,Oc_A,Oc_S,Oc_N,Od_R,Od_A,Od_S,Od_N
0.0,0.0,0.0,0.0,0.0,0.0,0.0,0.0,0.0,0.0,0.0,0.0,0.0,0.0,1.0,0.0
0.0,0.0,0.0,0.0,0.0,0.0,0.0,0.0,0.0,0.0,0.0,0.0,0.0,0.0,1.0,0.0
0.0,0.0,0.0,0.0,0.0,0.2222222222222222,0.0,0.0,0.0,0.0,0.0,0.0,0.0,0.0,0.7777777777777778,0.0
0.0,0.0,0.0,0.0,0.0,0.4,0.0,0.0,0.0,0.0,0.0,0.0,0.0,0.0,0.6,0.0
0.08695652173913043,0.0,0.0,0.0,0.0,0.43478260869565216,0.0,0.0,0.0,0.0,0.0,0.0,0.0,0.0,0.4782608695652174,0.0
0.09090909090909091,0.0,0.0,0.0,0.0,0.42424242424242425,0.0,0.0,0.06060606060606061,0.0,0.0,0.0,0.0,0.0,0.42424242424242425,0.0
0.10204081632653061,0.0,0.0,0.0,0.0,0.5306122448979592,0.0,0.0,0.04081632653061224,0.0,0.0,0.0,0.0,0.0,0.32653061224489793,0.0
0.13513513513513514,0.0,0.0,0.0,0.0,0.6081081081081081,0.0,0.0,0.02702702702702703,0.0,0.0,0.0,0.0,0.0,0.22972972972972974,0.0
0.17117117117117117,0.0,0.0,0.0,0.0,0.5675675675675675,0.0,0.0,0.018018018018018018,0.0,0.0,0.0,0.0,0.02702702702702703,0.21621621621621623,0.0
0.18421052631578946,0.0,0.0,0.013157894736842105,0.0,0.5328947368421053,0.0,0.0,0.019736842105263157,0.0,0.0,0.0,0.0,0.05263157894736842,0.19736842105263158,0.0
0.19815668202764977,0.0,0.0,0.013824884792626729,0.0,0.5069124423963134,0.0,0.0,0.02304147465437788,0.009216589861751152,0.0,0.0,0.0,0.06912442396313365,0.17972350230414746,0.0
0.21561338289962825,0.0,0.0,0.01486988847583643,0.0,0.4944237918215613,0.0,0.0,0.022304832713754646,0.007434944237918215,0.0,0.0,0.0,0.08178438661710037,0.15613382899628253,0.007434944237918215
0.2261904761904762,0.0,0.002976190476190476,0.01488095238095238,0.0,0.4880952380952381,0.0,0.0,0.01488095238095238,0.008928571428571428,0.0,0.0,0.0,0.09226190476190477,0.14583333333333334,0.005952380952380952
0.21261682242990654,0.002336448598130841,0.002336448598130841,0.018691588785046728,0.0,0.5023364485981309,0.0,0.002336448598130841,0.016355140186915886,0.007009345794392523,0.0,0.0,0.0,0.09345794392523364,0.13317757009345793,0.009345794392523364
0.22700587084148727,0.0019569471624266144,0.005870841487279843,0.021526418786692758,0.0,0.461839530332681,0.0,0.0019569471624266144,0.01761252446183953,0.007827788649706457,0.003913894324853229,0.0,0.0,0.10371819960861056,0.12720156555772993,0.019569471624266144
0.2047244094488189,0.0015748031496062992,0.004724409448818898,0.01889763779527559,0.0,0.48503937007874015,0.0,0.0015748031496062992,0.01732283464566929,0.007874015748031496,0.0031496062992125984,0.0031496062992125984,0.006299212598425197,0.10866141732283464,0.11023622047244094,0.026771653543307086
0.22281879194630871,0.0013422818791946308,0.006711409395973154,0.024161073825503355,0.0013422818791946308,0.4697986577181208,0.0013422818791946308,0.0013422818791946308,0.016107382550335572,0.009395973154362415,0.0026845637583892616,0.004026845637583893,0.005369127516778523,0.10469798657718121,0.09932885906040269,0.02953020134228188
0.21404303510758776,0.0022650056625141564,0.007927519818799546,0.027180067950169876,0.0011325028312570782,0.4654586636466591,0.0033975084937712344,0.0011325028312570782,0.01812004530011325,0.01245753114382786,0.0022650056625141564,0.0033975084937712344,0.006795016987542469,0.10645526613816535,0.09399773499433749,0.03397508493771234
0.2134502923976608,0.005847953216374269,0.007797270955165692,0.03313840155945419,0.0009746588693957114,0.4473684210526316,0.003898635477582846,0.0029239766081871343,0.02046783625730994,0.01364522417153996,0.003898635477582846,0.003898635477582846,0.009746588693957114,0.10038986354775828,0.08966861598440545,0.042884990253411304
0.20293609671848015,0.008635578583765112,0.008635578583765112,0.03626943005181347,0.0034542314335060447,0.4473229706390328,0.004317789291882556,0.0034542314335060447,0.023316062176165803,0.012953367875647668,0.0017271157167530224,0.0025906735751295338,0.01468048359240069,0.1001727115716753,0.07944732297063903,0.05008635578583765
0.20944402132520945,0.007616146230007616,0.007616146230007616,0.046458492003046456,0.003808073115003808,0.43107387661843105,0.003808073115003808,0.006854531607006854,0.025894897182025894,0.013709063214013708,0.0007616146230007616,0.0030464584920030465,0.01827875095201828,0.09596344249809596,0.07235338918507235,0.053313023610053314
0.2068259385665529,0.007508532423208191,0.008873720136518772,0.049829351535836175,0.004095563139931741,0.42662116040955633,0.0034129692832764505,0.011604095563139932,0.026621160409556314,0.015699658703071672,0.0020477815699658703,0.0027303754266211604,0.019795221843003412,0.10102389078498293,0.06552901023890785,0.04778156996587031
0.21446229913473425,0.006798516687268232,0.00865265760197775,0.05686032138442522,0.004944375772558714,0.4079110012360939,0.001854140914709518,0.011742892459826947,0.030902348578491966,0.01792336217552534,0.004944375772558714,0.002472187886279357,0.024721878862793572,0.09765142150803462,0.06056860321384425,0.04758961681087762
0.2227920227920228,0.005698005698005698,0.007407407407407408,0.05242165242165242,0.003988603988603989,0.40854700854700854,0.0017094017094017094,0.014814814814814815,0.02905982905982906,0.019373219373219373,0.005128205128205128,0.0017094017094017094,0.02792022792022792,0.09515669515669516,0.05584045584045584,0.04843304843304843
0.23003194888178913,0.005857294994675187,0.007454739084132056,0.056975505857294995,0.004259850905218318,0.3961661341853035,0.001597444089456869,0.01757188498402556,0.027689030883919063,0.019701810436634718,0.004792332268370607,0.002129925452609159,0.03141640042598509,0.09211927582534611,0.05218317358892439,0.05005324813631523
0.22412922766279655,0.006057546693589096,0.009086320040383645,0.06108026249369006,0.004543160020191822,0.3917213528520949,0.0020191822311963654,0.01817264008076729,0.027763755678950026,0.019687026754164564,0.005552751135790005,0.005047955577990914,0.03685007571933367,0.08884401817264008,0.04846037354871277,0.05098435133770823
0.22832369942196531,0.006262042389210019,0.010597302504816955,0.0640655105973025,0.005780346820809248,0.37235067437379576,0.0024084778420038534,0.0197495183044316,0.02745664739884393,0.02023121387283237,0.0052986512524084775,0.004816955684007707,0.03901734104046243,0.08959537572254335,0.0476878612716763,0.05635838150289017
0.22054665409990576,0.007540056550424128,0.012723845428840716,0.06974552309142319,0.00471253534401508,0.3694627709707823,0.002827521206409048,0.020735155513666354,0.028746465598491987,0.023091423185673893,0.0051837888784165885,0.0051837888784165885,0.041941564561734215,0.09142318567389256,0.043355325164938736,0.0527803958529689
0.21999087174806026,0.00867183934276586,0.011866727521679598,0.0689183021451392,0.00730260155180283,0.36969420356001825,0.004564125969876769,0.019625741670470105,0.02738475581926061,0.021451392058420813,0.004564125969876769,0.006846188954815153,0.045641259698767686,0.09128251939753537,0.04153354632587859,0.05066179826563213
0.22342342342342342,0.009009009009009009,0.011711711711711712,0.06711711711711711,0.008558558558558558,0.37342342342342344,0.005405405405405406,0.02027027027027027,0.027477477477477478,0.02252252252252252,0.004954954954954955,0.006756756756756757,0.0472972972972973,0.08693693693693694,0.038288288288288286,0.04684684684684685
0.2154255319148936,0.010195035460992909,0.011081560283687944,0.06693262411347518,0.008865248226950355,0.3679078014184397,0.005319148936170213,0.020390070921985817,0.0274822695035461,0.023936170212765957,0.005319148936170213,0.0070921985815602835,0.05053191489361702,0.09707446808510638,0.03590425531914894,0.04654255319148936
0.21585903083700442,0.01013215859030837,0.011013215859030838,0.06784140969162995,0.009691629955947136,0.36211453744493394,0.006167400881057269,0.020704845814977973,0.02555066079295154,0.024229074889867842,0.006607929515418502,0.007929515418502203,0.053744493392070485,0.1,0.03480176211453744,0.04361233480176212
0.2145054945054945,0.012747252747252748,0.011428571428571429,0.06461538461538462,0.00967032967032967,0.3564835164835165,0.005714285714285714,0.02065934065934066,0.026373626373626374,0.025054945054945054,0.007032967032967033,0.008351648351648353,0.0610989010989011,0.09714285714285714,0.03472527472527472,0.044395604395604395
0.2147562582345191,0.012736056214317084,0.00966183574879227,0.06763285024154589,0.010540184453227932,0.35485287659200704,0.005709266578831796,0.020641194554238032,0.025911286780852,0.027228809837505488,0.007905138339920948,0.00834431269213878,0.05709266578831796,0.09705753184014053,0.03469477382520861,0.045234958278436536
0.21506789312308366,0.011388523872098117,0.010074463425317565,0.06701708278580815,0.010950503723171266,0.35742444152431013,0.005256241787122208,0.02102496714848883,0.025843188786684186,0.025405168637757335,0.00788436268068331,0.009636443276390714,0.056504599211563734,0.10162067455102934,0.031099430573806396,0.043802014892685065
0.21326803205699021,0.01068566340160285,0.010240427426536063,0.06901157613535173,0.011130899376669634,0.3495102404274265,0.005342831700801425,0.020926090828138913,0.024933214603739984,0.02715939447907391,0.006233303650934996,0.008904719501335707,0.05966162065894924,0.10552092609082814,0.031611754229741766,0.0458593054318789
0.21371326803205698,0.009795191451469279,0.012911843276936777,0.06500445235975066,0.009795191451469279,0.35529830810329477,0.004897595725734639,0.01914514692787177,0.02404274265360641,0.02804986642920748,0.007569011576135352,0.009349955476402494,0.05966162065894924,0.10641139804096171,0.028495102404274265,0.0458593054318789
0.21305690339655933,0.010145566828407587,0.013674459638288486,0.06572562858403176,0.0105866784296427,0.3546537273930304,0.0066166740185266875,0.016762240846934274,0.02293780326422585,0.029113365681517425,0.0070577856197618,0.0105866784296427,0.0599911777679753,0.10719011910013233,0.027790030877812087,0.044111160123511246
0.21555845284658845,0.009995654063450673,0.013472403302911778,0.06345067362016514,0.01086484137331595,0.3494132985658409,0.00651890482398957,0.017818339852238158,0.02216427640156454,0.03172533681008257,0.009561060408518035,0.011299435028248588,0.06040851803563668,0.10647544545849631,0.026944806605823556,0.04432855280312908
0.211733568592854,0.011027790030877812,0.015438906043228937,0.060873400970445524,0.011910013233348038,0.3506837229819144,0.0070577856197618,0.016321129245699163,0.0211733568592854,0.029554477282752536,0.009704455227172474,0.012351124834583149,0.060873400970445524,0.10763123070136744,0.027790030877812087,0.0458756065284517
0.20421607378129117,0.011418533157663592,0.014931927975406236,0.06411945542380325,0.012736056214317084,0.34914361001317523,0.007465963987703118,0.01844532279314888,0.023715415019762844,0.029424681598594644,0.00878348704435661,0.010979358805445762,0.0663153271848924,0.10496267018006149,0.02766798418972332,0.04567413263065437
0.2087378640776699,0.01147396293027361,0.01412180052956752,0.06575463371579876,0.01588702559576346,0.34554280670785525,0.00794351279788173,0.018534863195057368,0.02383053839364519,0.02912621359223301,0.009708737864077669,0.01235657546337158,0.06531332744924978,0.10370697263901148,0.025154457193292144,0.04280670785525154
0.20501539815222172,0.009238891333040036,0.014078310602727673,0.06555213374395072,0.01627804663440387,0.3462384513858337,0.009678838539375276,0.02155741311042675,0.02331720193576771,0.03167619885613726,0.008798944126704795,0.010998680158380994,0.06555213374395072,0.10250769907611086,0.025956885173779146,0.04355477342718874
0.20379355977062197,0.011027790030877812,0.014556682840758712,0.06793118659020732,0.014556682840758712,0.34053815615350685,0.011027790030877812,0.022055580061755623,0.02337891486546096,0.02999558888398765,0.008381120423467137,0.011910013233348038,0.06396118217909132,0.10630789589766211,0.02646669607410675,0.044111160123511246
0.20633523977122745,0.011438627364716234,0.013638363396392433,0.0664320281566212,0.014958205015398152,0.33567971843378797,0.009678838539375276,0.02111746590409151,0.026396832380114386,0.030356357237131544,0.008798944126704795,0.010558732952045754,0.0686317641882974,0.10646722393312802,0.025956885173779146,0.04355477342718874
0.20590828924162258,0.01146384479717813,0.011904761904761904,0.06525573192239859,0.016313932980599646,0.3324514991181658,0.009700176366843033,0.02072310405643739,0.027336860670194002,0.03218694885361552,0.008818342151675485,0.011022927689594356,0.06878306878306878,0.10846560846560846,0.02513227513227513,0.0445326278659612
0.2019400352733686,0.011904761904761904,0.012345679012345678,0.06437389770723104,0.015432098765432098,0.33112874779541446,0.010582010582010581,0.02072310405643739,0.02513227513227513,0.034832451499118164,0.010582010582010581,0.010582010582010581,0.06966490299823633,0.11022927689594356,0.027777777777777776,0.0427689594356261
0.2009632224168126,0.012697022767075307,0.014448336252189142,0.06567425569176882,0.016199649737302976,0.3327495621716287,0.01138353765323993,0.020577933450087564,0.02583187390542907,0.03327495621716287,0.010507880910683012,0.010507880910683012,0.06873905429071804,0.1063922942206655,0.02583187390542907,0.044220665499124345
0.2044150110375276,0.013245033112582781,0.01545253863134658,0.06534216335540839,0.0141280353200883,0.3205298013245033,0.011037527593818985,0.02119205298013245,0.026490066225165563,0.03664459161147903,0.009713024282560706,0.009271523178807948,0.07240618101545254,0.10993377483443709,0.025165562913907286,0.045033112582781455
0.2047872340425532,0.013297872340425532,0.014627659574468085,0.06205673758865248,0.014184397163120567,0.325354609929078,0.010195035460992909,0.018617021276595744,0.027925531914893616,0.03723404255319149,0.010638297872340425,0.009308510638297872,0.0726950354609929,0.10859929078014184,0.024822695035460994,0.04565602836879433
0.20378521126760563,0.013204225352112676,0.013644366197183098,0.06382042253521127,0.01584507042253521,0.32130281690140844,0.009242957746478873,0.018926056338028168,0.029049295774647887,0.037852112676056336,0.01232394366197183,0.009242957746478873,0.07394366197183098,0.10695422535211267,0.02464788732394366,0.04621478873239437
0.20435729847494552,0.010893246187363835,0.013507625272331155,0.06623093681917211,0.016557734204793027,0.31808278867102396,0.010021786492374727,0.02091503267973856,0.02962962962962963,0.037037037037037035,0.012200435729847494,0.009586056644880174,0.07538126361655774,0.10326797385620914,0.025272331154684097,0.047058823529411764
0.20185512367491165,0.011925795053003533,0.013250883392226149,0.06978798586572438,0.018109540636042403,0.31581272084805656,0.01060070671378092,0.02120141342756184,0.030918727915194347,0.036219081272084806,0.01060070671378092,0.011042402826855124,0.07376325088339222,0.10203180212014135,0.026060070671378093,0.046819787985865724
0.2037686240140228,0.012269938650306749,0.012269938650306749,0.06879929886064855,0.017528483786152498,0.3137598597721297,0.009202453987730062,0.02322524101665206,0.03067484662576687,0.03593339176161262,0.012269938650306749,0.011393514460999123,0.07800175284837861,0.10078878177037687,0.02497808939526731,0.04513584574934268
0.19696969696969696,0.014705882352941176,0.011586452762923352,0.06951871657754011,0.019162210338680926,0.31105169340463457,0.009358288770053475,0.02406417112299465,0.031194295900178252,0.035204991087344026,0.012923351158645277,0.012032085561497326,0.07887700534759358,0.10249554367201426,0.02540106951871658,0.045454545454545456
0.19991193306913255,0.01453104359313078,0.012329370321444297,0.06472919418758256,0.018494055482166448,0.30735358872743285,0.00836635843240863,0.02157639806252752,0.032144429766622636,0.035667107001321,0.013210039630118891,0.013210039630118891,0.08014090708938794,0.10391897842360194,0.026420079260237782,0.0479964773227653
0.20491071428571428,0.013392857142857142,0.012053571428571429,0.06339285714285714,0.019196428571428573,0.3044642857142857,0.008482142857142856,0.020982142857142855,0.033928571428571426,0.034375,0.014732142857142857,0.014732142857142857,0.07991071428571428,0.10491071428571429,0.025,0.045535714285714284
0.2026726057906459,0.011135857461024499,0.012917594654788419,0.06904231625835189,0.019599109131403118,0.2975501113585746,0.010244988864142539,0.02271714922048998,0.0334075723830735,0.03474387527839644,0.014699331848552339,0.013808463251670379,0.0801781737193764,0.11224944320712694,0.02271714922048998,0.042316258351893093
0.2037037037037037,0.011022927689594356,0.011904761904761904,0.06790123456790123,0.019400352733686066,0.2980599647266314,0.009700176366843033,0.023368606701940034,0.03042328042328042,0.03262786596119929,0.015432098765432098,0.014991181657848324,0.08465608465608465,0.11155202821869488,0.021604938271604937,0.04365079365079365
0.20246478873239437,0.009683098591549295,0.012764084507042254,0.0664612676056338,0.018926056338028168,0.2975352112676056,0.009683098591549295,0.02420774647887324,0.030809859154929578,0.03345070422535211,0.015404929577464789,0.014524647887323943,0.0840669014084507,0.11223591549295775,0.022007042253521125,0.045774647887323945
0.20398230088495575,0.008849557522123894,0.012389380530973451,0.061061946902654866,0.019469026548672566,0.29513274336283185,0.010176991150442478,0.026106194690265486,0.031415929203539826,0.03185840707964602,0.016814159292035398,0.016814159292035398,0.0827433628318584,0.11460176991150442,0.022123893805309734,0.046460176991150445
0.19540229885057472,0.010167992926613616,0.01282051282051282,0.0645446507515473,0.01989389920424403,0.28779840848806365,0.011052166224580018,0.027851458885941646,0.033156498673740056,0.03359858532272325,0.01768346595932803,0.016799292661361626,0.08488063660477453,0.11582670203359859,0.023430592396109638,0.04509283819628647
0.20317320405464961,0.009695901278096077,0.011458792419568091,0.062141912736888495,0.018069634200088145,0.2882327016306743,0.011458792419568091,0.026443367122080213,0.03217276333186426,0.03217276333186426,0.016747465843984136,0.017188188629352136,0.0868223887174967,0.11546936976641692,0.02247686205376818,0.04627589246364037
0.20811287477954143,0.010141093474426807,0.011904761904761904,0.06172839506172839,0.018518518518518517,0.29541446208112876,0.011904761904761904,0.025573192239858905,0.03130511463844797,0.03130511463844797,0.016313932980599646,0.01763668430335097,0.08333333333333333,0.10890652557319223,0.02072310405643739,0.04717813051146384
0.20857017927415827,0.009619588981198076,0.012680367293397464,0.06296458242238741,0.018364669873196328,0.2881504153913424,0.011805859204197638,0.026235242675994752,0.031919545255793616,0.03235679930039353,0.017052907739396588,0.018364669873196328,0.08395277656318322,0.11106252732837779,0.020988194140795804,0.045911674682990816
0.20537681798148966,0.011018069634200088,0.0123402379903041,0.06654914059056853,0.017188188629352136,0.2869105332745703,0.0123402379903041,0.027324812692816218,0.030850594975760245,0.030850594975760245,0.014103129131776113,0.01851035698545615,0.08373732921992066,0.1132657558395769,0.02247686205376818,0.04715733803437638
0.20964175143741706,0.011499336576735958,0.011499336576735958,0.06899601946041574,0.016364440513047324,0.28217602830605926,0.012826183104820876,0.028748341441839895,0.03007518796992481,0.03051747014595312,0.011499336576735958,0.01813356921716055,0.0871295886775763,0.11322423706324636,0.020787262273330383,0.04688191065900044
0.2040907069808804,0.011560693641618497,0.013339261894175189,0.07114273010226767,0.014673188083592708,0.2787905735882614,0.012449977767896843,0.030680302356602934,0.030680302356602934,0.029791018230324588,0.009782125389061804,0.019119608714984436,0.09026233881725211,0.11605157847932414,0.020453534904401955,0.04713205869275233
0.21281263712154452,0.014041246160596753,0.013602457218078104,0.07064501974550241,0.014041246160596753,0.274681878016674,0.011408512505484861,0.0298376480912681,0.0298376480912681,0.029398859148749453,0.010530934620447565,0.017990346643264588,0.09214567792891619,0.11364633611232997,0.019306713470820535,0.046072838964458095
0.2074468085106383,0.014627659574468085,0.01374113475177305,0.07225177304964539,0.01551418439716312,0.2796985815602837,0.011081560283687944,0.03102836879432624,0.027925531914893616,0.031471631205673756,0.010638297872340425,0.0199468085106383,0.09219858156028368,0.10948581560283688,0.017287234042553192,0.04565602836879433
0.21147110332749564,0.014448336252189142,0.013134851138353765,0.07355516637478109,0.016199649737302976,0.266199649737303,0.010070052539404553,0.03152364273204904,0.028458844133099823,0.031085814360770576,0.012259194395796848,0.021015761821366025,0.09544658493870403,0.11295971978984239,0.016637478108581436,0.04553415061295972
0.21381142098273573,0.01416555998229305,0.013722886232846392,0.06994245241257194,0.016821602478972998,0.26162018592297476,0.009296148738379814,0.03098716246126605,0.0283311199645861,0.03010181496237273,0.01239486498450642,0.02080566622399292,0.10048694112439133,0.11243913235945109,0.017706949977866312,0.04736609119079239
0.2080772607550483,0.014486391571553995,0.015364354697102721,0.07155399473222125,0.015803336259877086,0.26865671641791045,0.009218612818261633,0.031167690956979806,0.029411764705882353,0.0324846356453029,0.013169446883230905,0.0228270412642669,0.09701492537313433,0.10755048287971905,0.017120280948200176,0.046093064091308165
0.20918822479928637,0.012934879571810883,0.014719000892060661,0.0695807314897413,0.015165031222123104,0.26761819803746656,0.007582515611061552,0.030776092774308653,0.029884032114183764,0.032114183764495985,0.012488849241748439,0.024977698483496878,0.10214094558429973,0.10704727921498662,0.015165031222123104,0.04861730597680642
0.20906690140845072,0.012764084507042254,0.01584507042253521,0.06778169014084508,0.016285211267605633,0.26848591549295775,0.007922535211267605,0.032130281690140844,0.029049295774647887,0.03345070422535211,0.013204225352112676,0.025528169014084508,0.09859154929577464,0.10783450704225352,0.014964788732394365,0.04709507042253521
0.2051395657953035,0.011962782454585734,0.014621178555604785,0.07266282676118742,0.01860877270713336,0.2653965440850687,0.008861320336730172,0.03145768719539211,0.027913159060700046,0.03278688524590164,0.01329198050509526,0.02702702702702703,0.09968985378821445,0.10855117412494461,0.015064244572441293,0.046964997784669914
0.20898778359511344,0.011780104712041885,0.014397905759162303,0.07155322862129145,0.01788830715532286,0.2709424083769634,0.009162303664921465,0.029232111692844676,0.0274869109947644,0.0318499127399651,0.010471204188481676,0.028795811518324606,0.09904013961605584,0.10514834205933682,0.016579406631762654,0.04668411867364747
0.2069420035149385,0.01054481546572935,0.015817223198594025,0.07249560632688928,0.016695957820738138,0.2640597539543058,0.008787346221441126,0.03427065026362039,0.026362038664323375,0.032952548330404216,0.01054481546572935,0.028119507908611598,0.09929701230228472,0.10984182776801406,0.017135325131810195,0.046133567662565905
0.20853497580290364,0.011438627364716234,0.015398152221733392,0.07611086669599648,0.01759788825340959,0.2608886933567972,0.010118785745710514,0.0365156181258249,0.027716673999120107,0.032996040475142985,0.009678838539375276,0.025516937967443906,0.09546854377474703,0.10690717113946327,0.015398152221733392,0.049714034315882095
0.2065359477124183,0.010893246187363835,0.016122004357298474,0.07450980392156863,0.017429193899782137,0.265359477124183,0.009586056644880174,0.037037037037037035,0.027450980392156862,0.032679738562091505,0.009586056644880174,0.025272331154684097,0.09847494553376906,0.10675381263616558,0.016122004357298474,0.04618736383442266
0.21092029942756496,0.010568031704095112,0.015852047556142668,0.07661822985468957,0.019374724790841038,0.2624394539850286,0.011448701012769706,0.03786878027300748,0.02774108322324967,0.034346103038309116,0.009247027741083224,0.027300748568912372,0.09335094671950682,0.10435931307793923,0.01453104359313078,0.044033465433729636
0.20776356418173797,0.012792236435818262,0.017203352448169385,0.07895897662108513,0.018526687251874726,0.2611380679311866,0.011910013233348038,0.03440670489633877,0.029113365681517425,0.032201146890163214,0.010145566828407587,0.024702249669166298,0.09748566387295986,0.10630789589766211,0.013674459638288486,0.043670048522276135
0.21050328227571116,0.01312910284463895,0.01663019693654267,0.08140043763676148,0.017943107221006564,0.25207877461706785,0.011378555798687089,0.037199124726477024,0.028446389496717725,0.03413566739606127,0.010065645514223195,0.02800875273522976,0.09846827133479212,0.10590809628008753,0.011816192560175055,0.04288840262582057
0.21119929453262787,0.013227513227513227,0.015873015873015872,0.07495590828924162,0.018518518518518517,0.25,0.012345679012345678,0.040123456790123455,0.028659611992945325,0.03439153439153439,0.010582010582010581,0.028659611992945325,0.10185185185185185,0.1027336860670194,0.010141093474426807,0.04673721340388007
0.21422300263388938,0.012730465320456541,0.01887620719929763,0.07550482879719052,0.01755926251097454,0.24495171202809482,0.010535557506584723,0.04038630377524144,0.028094820017559263,0.035996488147497806,0.010535557506584723,0.028094820017559263,0.10316066725197541,0.1044776119402985,0.010974539069359086,0.043898156277436345
0.20939420544337137,0.014047410008779631,0.016681299385425813,0.07638279192273925,0.01755926251097454,0.24582967515364354,0.011852502194907815,0.03994732221246708,0.027216856892010536,0.03775241439859526,0.010974539069359086,0.028094820017559263,0.10623353819139596,0.10316066725197541,0.010974539069359086,0.043898156277436345
0.20508326029798424,0.014899211218229623,0.018843120070113933,0.07712532865907099,0.017528483786152498,0.24539877300613497,0.010517090271691499,0.03987730061349693,0.028045574057843997,0.03768624014022787,0.008764241893076249,0.029360210341805432,0.11086765994741454,0.1021034180543383,0.010955302366345312,0.04294478527607362
0.2067751869775627,0.01627804663440387,0.01671799384073911,0.07435107787065552,0.01627804663440387,0.24725032996040475,0.011878574571051475,0.03827540695116586,0.028156621205455347,0.03695556533216014,0.008798944126704795,0.028596568411790584,0.1073471183457985,0.10558732952045755,0.010998680158380994,0.04575450945886494
0.20827829150154117,0.017173051519154558,0.017173051519154558,0.07441655658300309,0.014090708938793483,0.242184059885513,0.012329370321444297,0.036988110964332896,0.02774108322324967,0.04095112285336856,0.009247027741083224,0.02774108322324967,0.11096433289299867,0.10303830911492734,0.011448701012769706,0.046235138705416116
0.20502645502645503,0.018077601410934743,0.017195767195767195,0.07539682539682539,0.014991181657848324,0.23985890652557318,0.012345679012345678,0.03747795414462081,0.027777777777777776,0.037037037037037035,0.009700176366843033,0.03042328042328042,0.10978835978835978,0.10670194003527336,0.01146384479717813,0.04673721340388007
0.2069420035149385,0.015817223198594025,0.014938488576449912,0.07381370826010544,0.01625659050966608,0.2438488576449912,0.012741652021089631,0.03427065026362039,0.03031634446397188,0.03866432337434095,0.011862917398945518,0.03163444639718805,0.10588752196836555,0.10325131810193322,0.012741652021089631,0.04701230228471002
0.20614035087719298,0.018421052631578946,0.014473684210526316,0.07587719298245614,0.014035087719298246,0.24078947368421053,0.013157894736842105,0.03684210526315789,0.03070175438596491,0.041666666666666664,0.011403508771929825,0.031140350877192982,0.10438596491228071,0.10043859649122808,0.013157894736842105,0.04736842105263158
0.2047556142668428,0.01673271686481726,0.014971378247468076,0.07661822985468957,0.011889035667107,0.23866138265081463,0.012329370321444297,0.03830911492734478,0.030823425803610745,0.03963011889035667,0.011889035667107,0.029502421840598855,0.10700132100396301,0.10347864376926465,0.015411712901805373,0.0479964773227653
0.20902716914986855,0.017528483786152498,0.014022787028921999,0.07624890446976336,0.013584574934268186,0.23093777388255915,0.011393514460999123,0.039000876424189306,0.030236634531113058,0.03987730061349693,0.010517090271691499,0.031989482909728306,0.10955302366345311,0.10473269062226118,0.014022787028921999,0.04732690622261174
0.20669898633759365,0.01983252534156016,0.014543851917144116,0.07315998237108859,0.012780960775672102,0.23666813574261789,0.011899515204936095,0.03966505068312032,0.028206258263552227,0.04010577346848832,0.010577346848832084,0.03305420890260027,0.10709563684442486,0.10621419127368885,0.012780960775672102,0.04671661524900837
0.2081507449605609,0.01971954425942156,0.015337423312883436,0.07230499561787905,0.015337423312883436,0.23093777388255915,0.012708150744960562,0.03987730061349693,0.027607361963190184,0.03856266432953549,0.009202453987730062,0.03374233128834356,0.1091148115687993,0.10517090271691498,0.013146362839614373,0.049079754601226995
0.20421607378129117,0.019762845849802372,0.014492753623188406,0.07246376811594203,0.016249451032059728,0.22880983750548967,0.014053579270970576,0.03908651734738691,0.028107158541941152,0.03908651734738691,0.010101010101010102,0.03557312252964427,0.1111111111111111,0.1080368906455863,0.012296881862099254,0.04655248133509003
0.20482456140350877,0.01929824561403509,0.013596491228070176,0.07368421052631578,0.016228070175438595,0.2337719298245614,0.012280701754385965,0.038157894736842106,0.02631578947368421,0.03859649122807018,0.010964912280701754,0.03289473684210526,0.11096491228070175,0.10877192982456141,0.013157894736842105,0.04649122807017544
0.21050308914386584,0.018093556928508385,0.01235657546337158,0.07281553398058252,0.014563106796116505,0.235657546337158,0.01235657546337158,0.041924095322153576,0.02736098852603707,0.040158870255957636,0.010150044130626656,0.03486319505736982,0.10856134157105031,0.10105913503971757,0.013680494263018535,0.04589585172109444
0.21621621621621623,0.017722640673460344,0.011962782454585734,0.07487815684536996,0.013735046521931768,0.23128046078865752,0.013735046521931768,0.04253433761630483,0.024811696942844484,0.0407620735489588,0.011076650420912717,0.03234381922906513,0.10943730615861763,0.10146211785556047,0.01329198050509526,0.04474966770048737
0.21254355400696864,0.017421602787456445,0.01132404181184669,0.07665505226480836,0.014372822299651568,0.22560975609756098,0.014372822299651568,0.043989547038327526,0.024390243902439025,0.04050522648083624,0.01088850174216028,0.031794425087108016,0.11236933797909408,0.10365853658536585,0.011759581881533102,0.048344947735191636
0.2151009657594381,0.017998244073748903,0.01141352063213345,0.08033362598770852,0.014486391571553995,0.22388059701492538,0.016681299385425813,0.04170324846356453,0.025899912203687446,0.041264266900790166,0.012730465320456541,0.03292361720807726,0.1093064091308165,0.09920983318700614,0.011852502194907815,0.04521510096575944
0.2116820377689943,0.017127799736495388,0.012736056214317084,0.07949055775142731,0.014931927975406236,0.22178304787000439,0.016249451032059728,0.043478260869565216,0.025472112428634168,0.041721563460693896,0.012296881862099254,0.03513394817742644,0.11330698287220026,0.09617918313570488,0.010540184453227932,0.04787000439174352
0.20923076923076922,0.01934065934065934,0.013626373626373627,0.07692307692307693,0.015384615384615385,0.21626373626373627,0.017142857142857144,0.04483516483516484,0.02241758241758242,0.04483516483516484,0.011868131868131869,0.03428571428571429,0.11472527472527473,0.0989010989010989,0.011868131868131869,0.04835164835164835
0.20700218818380745,0.018818380743982493,0.012691466083150985,0.07921225382932166,0.01487964989059081,0.21838074398249452,0.019693654266958426,0.04288840262582057,0.02450765864332604,0.044201312910284465,0.010065645514223195,0.03369803063457331,0.11553610503282276,0.09715536105032822,0.01225382932166302,0.04901531728665208
0.19921017990346643,0.019306713470820535,0.013163668275559455,0.07985958753839403,0.015357612988152698,0.2198332602018429,0.015796401930671347,0.0443176831943835,0.02457218078104432,0.050021939447125935,0.010530934620447565,0.03466432645897324,0.11584028082492322,0.09872751206669592,0.01228609039052216,0.046511627906976744
0.1970963484381874,0.01759788825340959,0.012318521777386713,0.08315002199736031,0.014958205015398152,0.21777386713594368,0.015398152221733392,0.04839419269687637,0.025516937967443906,0.045314562252529694,0.011878574571051475,0.03607567091948966,0.11526616805983282,0.09986801583809943,0.011438627364716234,0.047954245490541135
0.20044052863436124,0.01894273127753304,0.012334801762114538,0.08237885462555065,0.01629955947136564,0.21674008810572687,0.01629955947136564,0.04713656387665198,0.02378854625550661,0.04713656387665198,0.012334801762114538,0.035682819383259914,0.11497797356828193,0.09559471365638766,0.01277533039647577,0.04713656387665198
0.19539211342490032,0.01949490474080638,0.01284891448825875,0.08329641116526362,0.015507310589277802,0.22330527248560036,0.016836508639787327,0.05316792202038104,0.023925564909171467,0.04519273371732388,0.012405848471422242,0.03544528134692069,0.11120957022596367,0.09038546743464776,0.01284891448825875,0.04873726185201595
0.20580474934036938,0.018909410729991204,0.014511873350923483,0.07959542656112577,0.013192612137203167,0.21284080914687775,0.014951627088830254,0.055408970976253295,0.023746701846965697,0.04573438874230431,0.013632365875109938,0.03518029903254178,0.11345646437994723,0.09234828496042216,0.012313104661389622,0.048372911169744945
0.19920669898633758,0.01851035698545615,0.014103129131776113,0.07933010136624064,0.0123402379903041,0.22212428382547378,0.01762891141472014,0.05597179374173645,0.02247686205376818,0.041427941824592335,0.014103129131776113,0.035698545614808286,0.11018069634200088,0.09255178492728074,0.012780960775672102,0.05156456588805641
0.2007908611599297,0.021528998242530756,0.013620386643233744,0.07688927943760984,0.013620386643233744,0.218804920913884,0.018892794376098417,0.05843585237258348,0.021968365553602813,0.04305799648506151,0.014938488576449912,0.03602811950790861,0.10588752196836555,0.09314586994727592,0.013181019332161687,0.0492091388400703
0.20044150110375275,0.019426048565121413,0.013686534216335542,0.07770419426048565,0.0141280353200883,0.21721854304635763,0.018101545253863136,0.06136865342163356,0.022958057395143488,0.04326710816777042,0.013686534216335542,0.03576158940397351,0.1055187637969095,0.09359823399558499,0.013245033112582781,0.04988962472406181
0.20282810428634557,0.021652673442333185,0.012372956252761821,0.08042421564295184,0.012814847547503314,0.2209456473707468,0.01723376049491825,0.05877154220061865,0.0207688908528502,0.04197967300044189,0.014582412726469289,0.034909412284577994,0.10649580203269995,0.0901458241272647,0.012814847547503314,0.05125939019001326
0.19553805774278216,0.02099737532808399,0.01268591426071741,0.08223972003499562,0.01399825021872266,0.21916010498687663,0.01531058617672791,0.06080489938757655,0.020559930008748905,0.04286964129483815,0.01531058617672791,0.03587051618547681,0.10673665791776028,0.09448818897637795,0.013123359580052493,0.050306211723534555
0.18652387327086123,0.0214190093708166,0.012940651494868362,0.08165997322623829,0.014725568942436412,0.21909861668897815,0.01740294511378849,0.06113342257920571,0.0214190093708166,0.0428380187416332,0.013386880856760375,0.03614457831325301,0.11155734047300313,0.09727800089245872,0.012940651494868362,0.049531459170013385
0.18882978723404256,0.0199468085106383,0.014184397163120567,0.08377659574468085,0.01551418439716312,0.21586879432624115,0.016400709219858155,0.06382978723404255,0.020833333333333332,0.04210992907801418,0.013297872340425532,0.034131205673758866,0.10948581560283688,0.0975177304964539,0.014184397163120567,0.050088652482269506
0.18602620087336244,0.0222707423580786,0.01572052401746725,0.07903930131004366,0.014847161572052401,0.21048034934497817,0.017467248908296942,0.06419213973799126,0.020087336244541485,0.04279475982532751,0.013537117903930132,0.03318777292576419,0.11179039301310044,0.10393013100436681,0.014847161572052401,0.04978165938864629
0.18565772107347117,0.02243730752309723,0.01583809942806863,0.08095028596568411,0.014958205015398152,0.20853497580290364,0.01715794104707435,0.061152661680598325,0.019797624285085788,0.04179498460184778,0.014078310602727673,0.032996040475142985,0.11482622085349758,0.1007479102507699,0.014958205015398152,0.05411350637923449
0.18758256274768825,0.023337736679876705,0.015411712901805373,0.0845442536327609,0.014971378247468076,0.2051959489211801,0.015852047556142668,0.06296785557023338,0.019815059445178335,0.04051078819903126,0.01453104359313078,0.03038309114927345,0.11536767943637165,0.10171730515191546,0.015852047556142668,0.05195948921180097
0.18644818423383525,0.026572187776793623,0.015057573073516387,0.0845881310894597,0.013286093888396812,0.20239149689991143,0.015943312666076175,0.06111603188662533,0.023029229406554472,0.04074402125775022,0.013728963684676704,0.032329495128432244,0.11647475642161205,0.10141718334809566,0.014614703277236492,0.05225863596102746
0.18265845070422534,0.026848591549295774,0.01584507042253521,0.08626760563380281,0.014524647887323943,0.20466549295774647,0.017605633802816902,0.058098591549295774,0.02068661971830986,0.04181338028169014,0.013204225352112676,0.032130281690140844,0.11883802816901408,0.10123239436619719,0.017605633802816902,0.047975352112676055
0.188,0.025777777777777778,0.015555555555555555,0.09022222222222222,0.016444444444444446,0.20355555555555555,0.016444444444444446,0.059555555555555556,0.023555555555555555,0.04,0.012444444444444444,0.030666666666666665,0.11733333333333333,0.09466666666666666,0.018222222222222223,0.04755555555555555
0.18878668418747263,0.026719229084537888,0.014892685063512922,0.08848007008322382,0.018396846254927726,0.20324134910205868,0.016206745510293472,0.06263688129653965,0.02102496714848883,0.03810775295663601,0.01357862461673237,0.031099430573806396,0.11738939991239597,0.09242225142356549,0.016206745510293472,0.05081033727551467
0.18623124448367168,0.027802294792586054,0.015445719329214475,0.08958517210944396,0.018534863195057368,0.20697263901147397,0.01588702559576346,0.06090026478375993,0.02118270079435128,0.038834951456310676,0.01235657546337158,0.030450132391879964,0.11385701676963812,0.09179170344218888,0.016328331862312445,0.05383936451897617
0.181978021978022,0.03076923076923077,0.017142857142857144,0.08923076923076922,0.017142857142857144,0.2057142857142857,0.016703296703296705,0.05846153846153846,0.025494505494505496,0.04087912087912088,0.012747252747252748,0.029010989010989013,0.1156043956043956,0.09142857142857143,0.016263736263736263,0.05142857142857143
0.1836283185840708,0.028761061946902654,0.018141592920353982,0.0915929203539823,0.016371681415929203,0.20221238938053096,0.014601769911504425,0.059734513274336286,0.02566371681415929,0.0415929203539823,0.013716814159292035,0.031415929203539826,0.1163716814159292,0.09070796460176991,0.01504424778761062,0.050442477876106194
0.187308533916849,0.028446389496717725,0.017067833698030634,0.09015317286652079,0.017067833698030634,0.20525164113785557,0.01575492341356674,0.059956236323851206,0.024070021881838075,0.03894967177242888,0.012691466083150985,0.031072210065645513,0.1137855579868709,0.09409190371991247,0.016192560175054705,0.04814004376367615
0.1837719298245614,0.02763157894736842,0.017105263157894738,0.09166666666666666,0.017105263157894738,0.20219298245614034,0.015789473684210527,0.05964912280701754,0.02280701754385965,0.041666666666666664,0.012280701754385965,0.03245614035087719,0.11885964912280701,0.09210526315789473,0.017105263157894738,0.04780701754385965
0.18529929577464788,0.02640845070422535,0.018485915492957746,0.09330985915492958,0.01584507042253521,0.2007042253521127,0.016285211267605633,0.05985915492957746,0.021566901408450703,0.04137323943661972,0.013204225352112676,0.03169014084507042,0.11839788732394366,0.08890845070422536,0.018045774647887324,0.050616197183098594
0.19030837004405288,0.02643171806167401,0.016740088105726872,0.09383259911894273,0.018061674008810574,0.2013215859030837,0.017180616740088105,0.06255506607929516,0.022466960352422908,0.039647577092511016,0.013215859030837005,0.033920704845814977,0.10881057268722467,0.08986784140969163,0.017180616740088105,0.048458149779735685
