C_R,C_A,C_S,C_N,D_R,D_A,D_S,D_N,Oc_R,Oc_A,Oc_S,Oc_N,Od_R,Od_A,Od_S,Od_N
0.0,0.0,0.0,1.0,0.0,0.0,0.0,0.0,0.0,0.0,0.0,0.0,0.0,0.0,0.0,0.0
0.0,0.0,0.0,0.6,0.0,0.4,0.0,0.0,0.0,0.0,0.0,0.0,0.0,0.0,0.0,0.0
0.0,0.0,0.0,0.4,0.0,0.4,0.0,0.0,0.0,0.0,0.0,0.0,0.0,0.2,0.0,0.0
0.0,0.1111111111111111,0.0,0.4444444444444444,0.0,0.3333333333333333,0.0,0.0,0.0,0.0,0.0,0.0,0.0,0.1111111111111111,0.0,0.0
0.0,0.09090909090909091,0.06060606060606061,0.45454545454545453,0.0,0.30303030303030304,0.0,0.0,0.0,0.0,0.0,0.0,0.0,0.09090909090909091,0.0,0.0
0.0,0.07272727272727272,0.05454545454545454,0.45454545454545453,0.0,0.2909090909090909,0.0,0.0,0.0,0.0,0.0,0.0,0.0,0.10909090909090909,0.0,0.01818181818181818
0.0,0.07317073170731707,0.06097560975609756,0.4268292682926829,0.0,0.2926829268292683,0.0,0.0,0.0,0.0,0.0,0.0,0.0,0.10975609756097561,0.0,0.036585365853658534
0.0,0.0847457627118644,0.07627118644067797,0.3983050847457627,0.0,0.2542372881355932,0.0,0.0,0.0,0.0,0.0,0.0,0.0,0.11864406779661017,0.01694915254237288,0.05084745762711865
0.0,0.10191082802547771,0.07643312101910828,0.35668789808917195,0.0,0.2611464968152866,0.0,0.0,0.012738853503184714,0.0,0.006369426751592357,0.0,0.0,0.11464968152866242,0.012738853503184714,0.05732484076433121
0.0,0.12272727272727273,0.06363636363636363,0.35454545454545455,0.0,0.23636363636363636,0.0,0.0,0.022727272727272728,0.0,0.004545454545454545,0.0,0.0,0.10909090909090909,0.013636363636363636,0.07272727272727272
0.0,0.1347517730496454,0.05319148936170213,0.3262411347517731,0.0,0.22695035460992907,0.0,0.0,0.03546099290780142,0.0,0.0035460992907801418,0.0,0.0,0.12056737588652482,0.014184397163120567,0.0851063829787234
0.0,0.12569832402234637,0.06424581005586592,0.32122905027932963,0.0,0.20391061452513967,0.0,0.0,0.036312849162011177,0.002793296089385475,0.002793296089385475,0.0,0.0,0.12569832402234637,0.008379888268156424,0.10893854748603352
0.0,0.12334801762114538,0.05506607929515418,0.3237885462555066,0.0,0.1960352422907489,0.0,0.0022026431718061676,0.037444933920704845,0.004405286343612335,0.0022026431718061676,0.004405286343612335,0.0,0.1145374449339207,0.006607929515418502,0.1299559471365639
0.0,0.13937282229965156,0.059233449477351915,0.29442508710801396,0.0,0.18815331010452963,0.0,0.003484320557491289,0.04006968641114982,0.006968641114982578,0.0,0.003484320557491289,0.0,0.11672473867595819,0.008710801393728223,0.13937282229965156
0.0,0.1471861471861472,0.06349206349206349,0.27705627705627706,0.004329004329004329,0.1774891774891775,0.0,0.007215007215007215,0.049062049062049064,0.011544011544011544,0.0,0.004329004329004329,0.002886002886002886,0.10678210678210678,0.005772005772005772,0.14285714285714285
0.0024330900243309003,0.15085158150851583,0.05596107055961071,0.2639902676399027,0.0036496350364963502,0.170316301703163,0.0,0.00851581508515815,0.04744525547445255,0.01338199513381995,0.0012165450121654502,0.0072992700729927005,0.0036496350364963502,0.10462287104622871,0.0072992700729927005,0.15936739659367397
0.0031282586027111575,0.15954118873826903,0.06047966631908238,0.2596454640250261,0.0020855057351407717,0.16266944734098018,0.0,0.011470281543274244,0.05005213764337852,0.016684045881126174,0.0,0.010427528675703858,0.005213764337851929,0.08967674661105318,0.006256517205422315,0.16266944734098018
0.0036199095022624436,0.15475113122171946,0.06153846153846154,0.2515837104072398,0.0027149321266968325,0.15384615384615385,0.0009049773755656109,0.016289592760180997,0.04343891402714932,0.02262443438914027,0.0009049773755656109,0.01085972850678733,0.007239819004524887,0.09049773755656108,0.007239819004524887,0.17194570135746606
0.003968253968253968,0.15476190476190477,0.05873015873015873,0.24523809523809523,0.005555555555555556,0.14523809523809525,0.0007936507936507937,0.01904761904761905,0.04206349206349207,0.025396825396825397,0.002380952380952381,0.011904761904761904,0.007936507936507936,0.08571428571428572,0.009523809523809525,0.18174603174603174
0.006382978723404255,0.15319148936170213,0.05602836879432624,0.23900709219858157,0.005673758865248227,0.1397163120567376,0.0007092198581560284,0.02624113475177305,0.04042553191489362,0.029078014184397163,0.006382978723404255,0.010638297872340425,0.0070921985815602835,0.08723404255319149,0.011347517730496455,0.18085106382978725
0.005855562784645413,0.15354586857514638,0.054001301236174366,0.22901756668835394,0.0071567989590110605,0.14118412491867274,0.001951854261548471,0.02797657774886142,0.04229017566688354,0.02992843201040989,0.009108653220559532,0.011060507482108002,0.0071567989590110605,0.09433962264150944,0.009759271307742356,0.17566688353936238
0.0037128712871287127,0.14665841584158415,0.050742574257425746,0.22772277227722773,0.006188118811881188,0.14232673267326731,0.0024752475247524753,0.026608910891089108,0.04084158415841584,0.03589108910891089,0.012995049504950494,0.011138613861386138,0.008663366336633664,0.0922029702970297,0.01051980198019802,0.1813118811881188
0.005151688609044075,0.14768174012593016,0.05037206639954207,0.21579851173440184,0.006296508299942759,0.14653692043503147,0.0022896393817973667,0.02919290211791643,0.04235832856325129,0.03663423010875787,0.014882655981682884,0.014310246136233544,0.01030337721808815,0.08815111619919863,0.010875787063537493,0.17916428162564396
0.004936917169500823,0.14755896873285793,0.04552934722984092,0.21832144816236973,0.006034009873834339,0.14701042238069117,0.0021941854086670325,0.02852441031267142,0.04278661546900713,0.03565551289083928,0.016456390565002744,0.015359297860669226,0.00877674163466813,0.08392759188151398,0.012616566099835436,0.18431157432803072
0.0063324538258575196,0.14195250659630607,0.047493403693931395,0.20580474934036938,0.0063324538258575196,0.15197889182058047,0.002638522427440633,0.02955145118733509,0.04538258575197889,0.04221635883905013,0.01899736147757256,0.014775725593667546,0.00949868073878628,0.08284960422163588,0.012664907651715039,0.18153034300791557
0.007052896725440806,0.13954659949622167,0.043828715365239294,0.19798488664987404,0.004534005037783375,0.15415617128463477,0.003022670025188917,0.030226700251889168,0.04534005037783375,0.04433249370277078,0.01964735516372796,0.015113350125944584,0.012090680100755667,0.07858942065491184,0.014105793450881612,0.19042821158690176
0.007292173067574137,0.13903743315508021,0.042294603791929994,0.2012639766650462,0.0053475935828877,0.15216334467671366,0.002916869227029655,0.031113271754982984,0.0427807486631016,0.045697617890131256,0.02236266407389402,0.01701507049100632,0.01118133203694701,0.0797277588721439,0.014098201263976665,0.1857073407875547
0.007142857142857143,0.13,0.043333333333333335,0.19857142857142857,0.004761904761904762,0.14523809523809525,0.004761904761904762,0.03333333333333333,0.04,0.04523809523809524,0.023809523809523808,0.01904761904761905,0.011904761904761904,0.08333333333333333,0.01619047619047619,0.19333333333333333
0.007497656982193065,0.1316776007497657,0.042642924086223055,0.1888472352389878,0.005154639175257732,0.15182755388940955,0.004217432052483599,0.03655107778819119,0.041237113402061855,0.04451733833177132,0.026241799437675725,0.02155576382380506,0.013120899718837863,0.08106841611996252,0.015932521087160263,0.18791002811621368
0.007332722273143905,0.12740604949587533,0.042621448212648946,0.1915673693858845,0.004124656278643446,0.1466544454628781,0.005957836846929423,0.03758020164986251,0.04078826764436297,0.044912923923006415,0.027497708524289642,0.02474793767186068,0.014207149404216315,0.07928505957836847,0.017415215398716773,0.18790100824931255
0.006796556411418215,0.12460353420933394,0.04349796103307658,0.1835070231082918,0.0040779338468509285,0.152242863615768,0.007702763932940644,0.03670140462165836,0.03715450838241957,0.04349796103307658,0.02628001812415043,0.027639329406434075,0.014952424105120073,0.08201178069777978,0.019030357951971,0.19030357951971003
0.00706401766004415,0.12317880794701987,0.045474613686534215,0.18322295805739514,0.005298013245033113,0.14746136865342163,0.008830022075055188,0.037969094922737305,0.03576158940397351,0.04415011037527594,0.027373068432671083,0.030463576158940398,0.015894039735099338,0.08079470198675497,0.019426048565121413,0.187637969094922720.0.007548845470692718,0.12078152753108348,0.04396092362344583,0.18383658969804617,0.0066607460035523975,0.14520426287744229,0.008880994671403197,0.03952042628774423,0.035523978685612786,0.043516873889875664,0.02886323268206039,0.03241563055062167,0.015985790408525755,0.08037300177619894,0.019538188277087035,0.18738898756660746
0.008395934600088379,0.11886875828546177,0.04197967300044189,0.18161732213875387,0.0061864781263809105,0.14228899690676095,0.008837825894829872,0.039770216526734424,0.038886433937251434,0.04684047724259832,0.029606716747680072,0.034909412284577994,0.015908086610693768,0.08351745470614229,0.019443216968625717,0.18294299602297834
0.008333333333333333,0.11447368421052631,0.039912280701754385,0.1837719298245614,0.008771929824561403,0.14473684210526316,0.009210526315789473,0.04035087719298246,0.039912280701754385,0.04868421052631579,0.030263157894736843,0.033771929824561404,0.016228070175438595,0.08026315789473684,0.018859649122807017,0.1824561403508772
0.010074463425317565,0.11300919842312747,0.040735873850197106,0.18134034165571616,0.008760402978537012,0.1366622864651774,0.011826544021024968,0.04204993429697766,0.03898379325448971,0.04730617608409987,0.02759526938239159,0.03504161191414805,0.017958826106000875,0.08497590889180902,0.02058694699956198,0.18309242225142355
0.010240427426536063,0.1126447016918967,0.04096170970614425,0.182546749777382,0.009349955476402494,0.13579697239536956,0.012911843276936777,0.04229741763134461,0.04096170970614425,0.04674977738201247,0.02626892252894034,0.03383793410507569,0.0182546749777382,0.08370436331255565,0.020480854853072127,0.1829919857524488
0.010150044130626656,0.11429832303618712,0.04148278905560459,0.1796116504854369,0.009708737864077669,0.1319505736981465,0.012797881729920565,0.0441306266548985,0.04060017652250662,0.04457193292144748,0.02736098852603707,0.03398058252427184,0.018534863195057368,0.08384819064430715,0.022506619593998235,0.18446601941747573
0.010199556541019957,0.11662971175166297,0.038580931263858094,0.18580931263858094,0.00975609756097561,0.13392461197339245,0.012860310421286032,0.042572062084257206,0.038580931263858094,0.048337028824833705,0.02350332594235033,0.03325942350332594,0.016851441241685146,0.08381374722838138,0.022172949002217297,0.18314855875831484
0.01098901098901099,0.11208791208791209,0.036923076923076927,0.18769230769230769,0.01054945054945055,0.13582417582417583,0.012747252747252748,0.04131868131868132,0.03912087912087912,0.04527472527472527,0.024175824175824177,0.036923076923076927,0.016703296703296705,0.08351648351648351,0.02065934065934066,0.1854945054945055
0.012592270950933565,0.10247503256621798,0.03690838037342597,0.18323925314806774,0.010855405992184108,0.14198871037776814,0.013026487190620929,0.04211897524967434,0.03994789405123752,0.04646113764654798,0.02518454190186713,0.03560573165436387,0.015197568389057751,0.0864090316977855,0.02040816326530612,0.18758141554494137
0.014938488576449912,0.10281195079086115,0.0351493848857645,0.18497363796133567,0.01054481546572935,0.14015817223198593,0.012741652021089631,0.040421792618629174,0.03954305799648506,0.0492091388400703,0.025483304042179262,0.03471001757469244,0.019332161687170474,0.0843585237258348,0.02240773286467487,0.18321616871704746
0.013321492007104795,0.10479573712255773,0.03818827708703375,0.18738898756660746,0.011545293072824156,0.13454706927175844,0.014209591474245116,0.03907637655417407,0.038632326820603906,0.04840142095914742,0.02486678507992895,0.03641207815275311,0.019094138543516874,0.08570159857904085,0.019982238010657193,0.18383658969804617
0.014059753954305799,0.10369068541300527,0.03734622144112478,0.18497363796133567,0.010984182776801407,0.13268892794376097,0.015817223198594025,0.04261862917398945,0.03910369068541301,0.04657293497363796,0.024165202108963092,0.03866432337434095,0.0210896309314587,0.08304042179261863,0.019332161687170474,0.18585237258347978
0.014899211218229623,0.10517090271691498,0.03943908851884312,0.18098159509202455,0.010078878177037686,0.13584574934268187,0.014899211218229623,0.043382997370727434,0.03812445223488168,0.04425942156003506,0.028045574057843997,0.03724802804557406,0.022787028921998246,0.08501314636283962,0.019281332164767746,0.18054338299737072
0.01709776413853573,0.10916264796142043,0.04164839982463832,0.17273125822007893,0.012275317843051293,0.13327487943884261,0.014905743095133712,0.042525208241999124,0.03638754932047348,0.04734765453748356,0.03024989039894783,0.03638754932047348,0.025427444103463395,0.08241999123191583,0.02104340201665936,0.17711530030688294
0.015803336259877086,0.1093064091308165,0.043459174714661986,0.17559262510974538,0.012291483757682178,0.13652326602282705,0.015803336259877086,0.03950834064969271,0.03555750658472344,0.046532045654082525,0.031167690956979806,0.03731343283582089,0.02633889376646181,0.08472344161545214,0.02019315188762072,0.16988586479367868
0.01584507042253521,0.11179577464788733,0.04621478873239437,0.18045774647887325,0.01056338028169014,0.1307218309859155,0.01584507042253521,0.04005281690140845,0.03433098591549296,0.04357394366197183,0.03125,0.03873239436619718,0.026848591549295774,0.0840669014084507,0.018926056338028168,0.17077464788732394
0.015112262521588947,0.1079447322970639,0.04533678756476684,0.18393782383419688,0.009499136442141624,0.12910189982728842,0.015544041450777202,0.04231433506044905,0.03626943005181347,0.04792746113989637,0.028929188255613126,0.038860103626943004,0.027202072538860103,0.08765112262521589,0.018566493955094993,0.16580310880829016
0.015270506108202443,0.10427574171029669,0.04712041884816754,0.17582897033158812,0.011780104712041885,0.12958115183246074,0.016579406631762654,0.041884816753926704,0.034031413612565446,0.04886561954624782,0.028795811518324606,0.037521815008726006,0.027050610820244327,0.08900523560209424,0.01963350785340314,0.17277486910994763
0.01671799384073911,0.10646722393312802,0.04355477342718874,0.16981962164540254,0.010558732952045754,0.13022437307523096,0.01803783545974483,0.04355477342718874,0.03563572371315442,0.052353717553893536,0.029916410030796304,0.03915530136383634,0.029916410030796304,0.08974923009238892,0.01803783545974483,0.16630004399472062
0.018658374055975122,0.10306530430919592,0.04264771212794314,0.17681030653043092,0.010661928031985785,0.12927587738782764,0.019102621057307864,0.03864948911594847,0.03553976010661928,0.04842292314526877,0.03154153709462461,0.03909373611728121,0.03198578409595735,0.0888494002665482,0.016881386050644157,0.1688138605064416
0.018429135585783237,0.1031154014918824,0.04256252742430891,0.17200526546731024,0.009653356735410267,0.13163668275559456,0.017551557700745943,0.04168494953927161,0.035980693286529176,0.04914436156208864,0.03247038174637999,0.03817463799912242,0.03466432645897324,0.0868802106186924,0.016673979815708645,0.16937253181219833
0.0199203187250996,0.10447100486941124,0.04205400619743249,0.1730854360336432,0.009738822487826471,0.1323594510845507,0.01637892872952634,0.044710048694112436,0.03497122620628597,0.05267817618415228,0.03054448871181939,0.03851261620185923,0.03408587870739265,0.08720672864099159,0.017706949977866312,0.1615759185480301
0.020595968448729185,0.09815950920245399,0.04294478527607362,0.17090271691498685,0.009640666082383873,0.13584574934268187,0.015775635407537247,0.04513584574934268,0.03374233128834356,0.05127081507449606,0.03155127081507449,0.03987730061349693,0.03593339176161262,0.08545135845749342,0.01796669588080631,0.16520595968448729
0.019546868058640605,0.10306530430919592,0.040870724122612175,0.1688138605064416,0.011550422034651266,0.13238560639715682,0.016437139049311416,0.04486894713460684,0.03243003109729009,0.05330964015992892,0.03331852509995557,0.03864948911594847,0.0368725011106175,0.08262994224788983,0.018658374055975122,0.16659262549977788
0.019001325673884226,0.10296067167476801,0.04197967300044189,0.172779496243924,0.011489173663278833,0.12859036676977464,0.016349977905435263,0.04595669465311533,0.032699955810870526,0.05214317277949625,0.028722934158197082,0.038886433937251434,0.035793194874060984,0.08749447635881573,0.019001325673884226,0.1661511268228016
0.01934065934065934,0.10021978021978022,0.04043956043956044,0.16923076923076924,0.01010989010989011,0.12483516483516484,0.014945054945054945,0.046153846153846156,0.03428571428571429,0.052307692307692305,0.032527472527472526,0.0421978021978022,0.036923076923076927,0.09230769230769231,0.018461538461538463,0.1657142857142857
0.019349164467897976,0.10070360598065084,0.04221635883905013,0.16710642040457344,0.011433597185576077,0.12620932277924363,0.014072119613016711,0.047053649956024624,0.03342128408091469,0.05408970976253298,0.032981530343007916,0.0426561125769569,0.036939313984168866,0.0901495162708883,0.016710642040457344,0.16490765171503957
0.01940891045434495,0.0992501102779003,0.04455227172474636,0.16144684605205117,0.013233348037053375,0.12130569033965594,0.012792236435818262,0.04764005293339215,0.03396559329510366,0.05337450374944861,0.032642258491398325,0.04543449492721659,0.036612262902514334,0.08998676665196295,0.015880017644464048,0.17247463608292898
0.02207505518763797,0.09933774834437085,0.04326710816777042,0.1620309050772627,0.012362030905077263,0.12362030905077263,0.011920529801324504,0.04988962472406181,0.03532008830022075,0.04988962472406181,0.03487858719646799,0.046357615894039736,0.038852097130242826,0.08830022075055188,0.016335540838852098,0.16556291390728478
0.023524189968930315,0.0989791389258766,0.04216600088770528,0.16245006657789615,0.013759431868619618,0.12294718153573014,0.011096316023080338,0.05015534842432313,0.032845095428317796,0.05193075898801598,0.03506435863293387,0.044829116733244564,0.03905903240124279,0.09187749667110519,0.01775410563692854,0.1615623612960497
0.022968197879858657,0.0980565371024735,0.04372791519434629,0.16342756183745583,0.014134275618374558,0.12234982332155477,0.014134275618374558,0.04946996466431095,0.036219081272084806,0.04991166077738516,0.03312720848056537,0.04637809187279152,0.038869257950530034,0.08745583038869258,0.018551236749116608,0.1612190812720848
0.02328646748681898,0.09578207381370826,0.04305799648506151,0.16124780316344464,0.014938488576449912,0.12126537785588752,0.015377855887521968,0.04964850615114236,0.03690685413005272,0.0531634446397188,0.03251318101933216,0.04569420035149385,0.03866432337434095,0.0883128295254833,0.018014059753954304,0.16212653778558875
0.025,0.09429824561403509,0.046052631578947366,0.15921052631578947,0.013596491228070176,0.12105263157894737,0.016666666666666666,0.05175438596491228,0.033771929824561404,0.05307017543859649,0.03333333333333333,0.04780701754385965,0.04078947368421053,0.08728070175438596,0.016666666666666666,0.15964912280701754
0.024869109947643978,0.09642233856893542,0.04406631762652705,0.16361256544502617,0.013961605584642234,0.11823734729493891,0.01614310645724258,0.0506108202443281,0.03534031413612566,0.05366492146596859,0.031413612565445025,0.04712041884816754,0.039703315881326355,0.09031413612565445,0.017015706806282723,0.1575043630017452
0.02358700489541611,0.09123275478415666,0.04539385847797063,0.16644414775255897,0.014686248331108143,0.11704494882064975,0.016466399643969738,0.05028927458834001,0.03649310191366266,0.05518469069870939,0.03115264797507788,0.04717400979083222,0.040498442367601244,0.09212283044058744,0.01602136181575434,0.15620827770360482
0.02314410480349345,0.09039301310043668,0.043668122270742356,0.16506550218340613,0.016593886462882096,0.12096069868995633,0.016593886462882096,0.05109170305676856,0.036244541484716154,0.053711790393013104,0.03275109170305677,0.0462882096069869,0.04017467248908297,0.09082969432314411,0.01572052401746725,0.15676855895196506
0.024486226497595104,0.08832531700918234,0.04940970703979012,0.16265850459116746,0.01530389156099694,0.11937035417577613,0.0174901617839965,0.05334499344118933,0.03585483165719283,0.05203323130738959,0.033668561434193264,0.04459991254919108,0.03935286401399213,0.08963707914298208,0.01530389156099694,0.15916047223436816
0.023327464788732395,0.0840669014084507,0.047975352112676055,0.1694542253521127,0.01584507042253521,0.12191901408450705,0.018045774647887324,0.05545774647887324,0.03609154929577465,0.0528169014084507,0.03125,0.04401408450704225,0.03829225352112676,0.08714788732394366,0.013644366197183098,0.16065140845070422
0.023472099202834367,0.08591674047829938,0.04428697962798937,0.16519043401240036,0.017271922054915855,0.1204605845881311,0.02037201062887511,0.05757307351638618,0.03587245349867139,0.05270150575730735,0.030558015943312665,0.0420726306465899,0.04074402125775022,0.09255978742249779,0.015057573073516387,0.15589016829052257
0.02457218078104432,0.08380868802106187,0.0451952610794208,0.16498464238701185,0.018429135585783237,0.11320754716981132,0.018867924528301886,0.05660377358490566,0.035103115401491886,0.050021939447125935,0.031592803861342694,0.04826678367705134,0.0434401053093462,0.09390083369899078,0.014041246160596753,0.15796401930671347
0.022586359610274578,0.07971656333038087,0.04561558901682905,0.16563330380868024,0.01948627103631532,0.11736049601417184,0.019929140832595216,0.05580159433126661,0.03454384410983171,0.05004428697962799,0.03188662533215235,0.047829937998228524,0.045172719220549155,0.09743135518157661,0.015057573073516387,0.15190434012400356
0.020741394527802295,0.07811120917917035,0.043689320388349516,0.1588702559576346,0.019858781994704325,0.12135922330097088,0.018534863195057368,0.05648720211827008,0.03574580759046778,0.056045895851721095,0.03486319505736982,0.04766107678729038,0.04457193292144748,0.09576345984112974,0.015445719329214475,0.15225066195939982
0.02087960906263883,0.073745002221235,0.043536206130608615,0.1559306974677921,0.020435362061306087,0.11905819635717459,0.019546868058640605,0.054642381163927146,0.0346512661039538,0.060417592181252776,0.03509551310528654,0.04975566414926699,0.04620168813860506,0.09506885828520657,0.015992892047978675,0.15504220346512662
0.021164021164021163,0.07495590828924162,0.04188712522045855,0.16490299823633156,0.019400352733686066,0.11816578483245149,0.021164021164021163,0.05731922398589065,0.03350970017636684,0.059082892416225746,0.033950617283950615,0.04673721340388007,0.04673721340388007,0.08950617283950617,0.016313932980599646,0.15520282186948853
0.0234884732492388,0.07394519356241844,0.04219225750326229,0.1613745106568073,0.018703784254023487,0.12179208351457155,0.019573727707699,0.05741626794258373,0.03436276642018269,0.06002609830361026,0.0313179643323184,0.049586776859504134,0.046107003044802086,0.08829926054806438,0.01783384080034798,0.15397999130056547
0.026742656729504603,0.07277509864094696,0.03594914511179308,0.16834721613327489,0.017536168347216132,0.12231477422183253,0.020604997807978958,0.05655414291977203,0.03419552827707146,0.05611573871109163,0.032003507233669445,0.04690925032880316,0.04603244191144235,0.09074967119684349,0.01709776413853573,0.15607189829022358
0.02390438247011952,0.07082779991146525,0.03718459495351926,0.16555998229305002,0.015493581230633024,0.12306330234617087,0.021248339973439574,0.05843293492695883,0.034528552456839307,0.057104913678618856,0.03408587870739265,0.04957945993802568,0.043824701195219126,0.0903054448871182,0.0199203187250996,0.15493581230633025
0.027543314082629944,0.06619280319857841,0.03864948911594847,0.15859617947578855,0.016881386050644157,0.12483340737450022,0.02132385606397157,0.061750333185251,0.034207019102621056,0.054198134162594405,0.0346512661039538,0.050199911150599734,0.043980453131941356,0.09195912927587739,0.02087960906263883,0.15415370946246112
0.028521281263712155,0.06757349714787188,0.03905221588415972,0.15489249670908292,0.016235190873189996,0.12505484861781482,0.020184291355857833,0.058797718297498906,0.03729706011408512,0.054848617814831066,0.03422553751645459,0.051338306274681875,0.0443176831943835,0.09302325581395349,0.019745502413339184,0.15489249670908292
0.028131868131868132,0.07032967032967033,0.03868131868131868,0.1556043956043956,0.016263736263736263,0.12395604395604395,0.01802197802197802,0.06153846153846154,0.03604395604395604,0.05582417582417582,0.03428571428571429,0.04835164835164835,0.04483516483516484,0.09494505494505495,0.018901098901098902,0.15428571428571428
0.02996914940502424,0.07095636844424857,0.03878360511238431,0.15204936095196123,0.015425297487880123,0.12869105332745703,0.017188188629352136,0.0612604671661520.050.03349493168796827,0.05597179374173645,0.03349493168796827,0.04671661524900837,0.04715733803437638,0.09343323049801674,0.020273248126928163,0.15513442044953724
0.02968542312804608,0.06911829862649535,0.03898980948161276,0.15241470979175897,0.01639344262295082,0.12937527691626052,0.01639344262295082,0.06025697828976517,0.034559149313247675,0.057598582188746125,0.034559149313247675,0.05095259193619849,0.046964997784669914,0.09260079751883031,0.021267168808152416,0.1488701816570669
0.03090507726269316,0.06710816777041943,0.038852097130242826,0.1532008830022075,0.017218543046357615,0.1271523178807947,0.017218543046357615,0.06181015452538632,0.031788079470198675,0.05474613686534217,0.03487858719646799,0.05121412803532009,0.05033112582781457,0.09094922737306843,0.02163355408388521,0.1509933774834437
0.03015521064301552,0.06829268292682927,0.03503325942350333,0.15698447893569845,0.01818181818181818,0.13082039911308205,0.014634146341463415,0.06696230598669622,0.031042128603104215,0.05321507760532151,0.030598669623059866,0.050997782705099776,0.04878048780487805,0.09445676274944567,0.023059866962305987,0.1467849223946785
0.030157342657342656,0.06643356643356643,0.037587412587412584,0.15646853146853146,0.019230769230769232,0.12937062937062938,0.016608391608391608,0.06905594405594405,0.029283216783216784,0.05113636363636364,0.03146853146853147,0.051573426573426576,0.048513986013986016,0.09090909090909091,0.023164335664335664,0.14903846153846154
0.03129131776112825,0.0639048038783605,0.03481710004407228,0.15821947994711327,0.01895107977082415,0.127809607756721,0.015425297487880123,0.06875275451740855,0.02864698104892023,0.050683120317320404,0.03349493168796827,0.04759806081974438,0.05156456588805641,0.09475539885412076,0.023358307624504186,0.1507271925958572
0.03282275711159737,0.06433260393873086,0.0350109409190372,0.15798687089715535,0.02013129102844639,0.12822757111597374,0.017067833698030634,0.07089715536105033,0.025820568927789934,0.05076586433260394,0.03282275711159737,0.04814004376367615,0.04901531728665208,0.09321663019693655,0.023194748358862146,0.15054704595185994
0.03224381625441696,0.06492932862190813,0.03268551236749117,0.15724381625441697,0.02120141342756184,0.1254416961130742,0.019434628975265017,0.0715547703180212,0.026501766784452298,0.053003533568904596,0.03312720848056537,0.04991166077738516,0.04991166077738516,0.0892226148409894,0.022526501766784453,0.15106007067137808
0.03090507726269316,0.06578366445916115,0.031788079470198675,0.15805739514348785,0.022958057395143488,0.12273730684326711,0.020309050772626933,0.07108167770419425,0.02384105960264901,0.053421633554083886,0.033112582781456956,0.05033112582781457,0.053863134657836646,0.08653421633554084,0.024724061810154525,0.15055187637969095
0.03007518796992481,0.06457319770013269,0.029632905793896505,0.15833701901813357,0.022998673153471916,0.1163202122954445,0.020787262273330383,0.07120743034055728,0.025210084033613446,0.05484298982750995,0.03361344537815126,0.0513047324192835,0.05749668288367979,0.0871295886775763,0.024325519681556832,0.15214506855373727
0.0319754708716601,0.060884800700832235,0.031099430573806396,0.15505913272010513,0.022777047744196234,0.12001752080595707,0.023653088042049936,0.0692071835304424,0.022777047744196234,0.05519053876478318,0.03416557161629435,0.05387647831800263,0.060884800700832235,0.08585194918966273,0.02146298729741568,0.15111695137976347
0.03440670489633877,0.05866784296426996,0.032201146890163214,0.16100573445081606,0.022055580061755623,0.12086457873842082,0.02293780326422585,0.06925452139391267,0.02293780326422585,0.05513895015438906,0.031318923687692984,0.0529333921482135,0.060873400970445524,0.08292898103220114,0.018967798853109837,0.15350683722981914
0.03346543372963452,0.05900484368119771,0.03126376045794804,0.1554381329810656,0.02157639806252752,0.11800968736239542,0.02157639806252752,0.06737120211360634,0.02289740202553941,0.05636283575517393,0.033905768383971815,0.05328049317481286,0.062087186261558784,0.08674592690444738,0.020695728753852928,0.1563188022897402
0.033480176211453744,0.06167400881057269,0.030837004405286344,0.15286343612334802,0.020704845814977973,0.11762114537444934,0.02026431718061674,0.06740088105726873,0.024229074889867842,0.06035242290748899,0.03127753303964758,0.05110132158590308,0.06651982378854626,0.08766519823788546,0.019383259911894272,0.15462555066079295
0.033950617283950615,0.06613756613756613,0.03262786596119929,0.15388007054673722,0.02072310405643739,0.11331569664902998,0.01763668430335097,0.06878306878306878,0.023809523809523808,0.059964726631393295,0.028659611992945325,0.04938271604938271,0.068342151675485,0.08774250440917107,0.01984126984126984,0.15520282186948853
0.03573003970004411,0.06440229378032643,0.03396559329510366,0.15924128804587562,0.020732245258050286,0.11204234671371857,0.021614468460520512,0.06572562858403176,0.02690780767534186,0.060873400970445524,0.027348919276576972,0.04852227613586237,0.06881340979267754,0.08734009704455227,0.0176444640494045,0.14909572121746803
0.03591765221200175,0.06176084099868594,0.0337275514673675,0.15593517301795884,0.019272886552781428,0.11038107752956636,0.02146298729741568,0.0692071835304424,0.026719229084537888,0.06657906263688129,0.02759526938239159,0.051248357424441525,0.06657906263688129,0.08497590889180902,0.017958826106000875,0.15067893123083662
0.03718285214348206,0.06036745406824147,0.03280839895013123,0.1552930883639545,0.01837270341207349,0.1137357830271216,0.021434820647419073,0.07042869641294838,0.02537182852143482,0.06955380577427822,0.0284339457567804,0.051181102362204724,0.06955380577427822,0.0831146106736658,0.017935258092738406,0.1452318460192476
0.04146449051610057,0.061314512571680635,0.033083370092633436,0.15791795324217026,0.0176444640494045,0.11160123511248346,0.022496691662990738,0.07013674459638289,0.025584472871636524,0.06837229819144243,0.02337891486546096,0.05116894574327305,0.07013674459638289,0.07940008822232025,0.020732245258050286,0.1455668284075871
0.04263736263736264,0.05934065934065934,0.033846153846153845,0.15384615384615385,0.01978021978021978,0.11032967032967032,0.021538461538461538,0.07164835164835165,0.025494505494505496,0.06285714285714286,0.024615384615384615,0.05186813186813187,0.0698901098901099,0.08307692307692308,0.022857142857142857,0.1463736263736264
0.0456140350877193,0.058333333333333334,0.03464912280701754,0.156140350877193,0.018859649122807017,0.10701754385964912,0.021052631578947368,0.0706140350877193,0.02631578947368421,0.06535087719298245,0.025,0.05350877192982456,0.06973684210526315,0.0837719298245614,0.02149122807017544,0.1425438596491228
0.046991655687307864,0.06104523495827844,0.03513394817742644,0.15634606938954765,0.018884497145366712,0.1111111111111111,0.020202020202020204,0.06982872200263504,0.026350461133069828,0.06324110671936758,0.025032938076416336,0.05665349143610013,0.07114624505928854,0.07817303469477382,0.020202020202020204,0.13965744400527008
0.04787000439174352,0.05709266578831796,0.03293807641633729,0.15327184892402285,0.01932367149758454,0.11067193675889328,0.020202020202020204,0.07114624505928854,0.026350461133069828,0.06499780412823891,0.023715415019762844,0.05577514273166447,0.0707070707070707,0.07905138339920949,0.01932367149758454,0.14756258234519104
0.04638949671772429,0.054266958424507655,0.036761487964989056,0.15667396061269145,0.015317286652078774,0.11159737417943107,0.020568927789934355,0.07789934354485777,0.028446389496717725,0.059956236323851206,0.02100656455142232,0.05557986870897155,0.07133479212253829,0.08096280087527352,0.018380743982494528,0.1448577680525164
0.046532045654082525,0.056189640035118525,0.03775241439859526,0.15364354697102722,0.01755926251097454,0.11589113257243196,0.01887620719929763,0.07550482879719052,0.0276558384547849,0.06057945566286216,0.021071115013169446,0.05179982440737489,0.07199297629499561,0.07901668129938542,0.01887620719929763,0.14705882352941177
0.04726477024070022,0.05689277899343545,0.03938730853391685,0.150109409190372,0.01925601750547046,0.11159737417943107,0.01663019693654267,0.07964989059080962,0.02800875273522976,0.06039387308533917,0.021444201312910284,0.05076586433260394,0.07264770240700219,0.08271334792122538,0.018380743982494528,0.1448577680525164
0.045053003533568906,0.053886925795053005,0.03931095406360424,0.15106007067137808,0.018992932862190812,0.10909893992932862,0.01678445229681979,0.07862190812720848,0.02782685512367491,0.062279151943462896,0.022968197879858657,0.0534452296819788,0.07553003533568904,0.08171378091872791,0.0176678445229682,0.14575971731448764
0.046799116997792496,0.052097130242825605,0.04282560706401766,0.14834437086092717,0.018101545253863136,0.10949227373068433,0.017660044150110375,0.07858719646799117,0.026048565121412803,0.06578366445916115,0.02119205298013245,0.052538631346578366,0.07505518763796909,0.08609271523178808,0.018543046357615896,0.14083885209713023
0.044072278536800354,0.05420890260026443,0.04098721903922433,0.1480828558836492,0.01895107977082415,0.10753635962979285,0.01895107977082415,0.07800793301013663,0.028206258263552227,0.06566769501983252,0.020713970912296167,0.05597179374173645,0.0744821507271926,0.08594094314676069,0.01895107977082415,0.1392684001762891
0.045454545454545456,0.05163283318623124,0.0410414827890556,0.15445719329214475,0.019417475728155338,0.10326566637246248,0.019417475728155338,0.07502206531332745,0.027802294792586054,0.06575463371579876,0.02294792586054722,0.05472197705207414,0.07413945278022947,0.08870255957634599,0.019417475728155338,0.13680494263018536
0.049079754601226995,0.05258545135845749,0.043382997370727434,0.14899211218229624,0.018843120070113933,0.10122699386503067,0.018843120070113933,0.07668711656441718,0.025854513584574933,0.06792287467134094,0.021910604732690624,0.051709027169149865,0.07099035933391762,0.09114811568799298,0.021034180543382998,0.13978965819456618
0.043555555555555556,0.051111111111111114,0.04488888888888889,0.15244444444444444,0.021333333333333333,0.09866666666666667,0.017777777777777778,0.07511111111111111,0.024444444444444446,0.06711111111111111,0.02266666666666667,0.05511111111111111,0.07777777777777778,0.09066666666666667,0.02,0.13733333333333334
0.04324801412180053,0.05472197705207414,0.0441306266548985,0.14872021182700795,0.02294792586054722,0.10061782877316858,0.017210944395410415,0.07678729037952339,0.026037069726390114,0.06707855251544571,0.021624007060900265,0.05692850838481906,0.07502206531332745,0.09135039717563989,0.018534863195057368,0.13503971756398941
0.04577777777777778,0.056,0.04577777777777778,0.14755555555555555,0.02,0.09866666666666667,0.017777777777777778,0.07511111111111111,0.024888888888888887,0.06711111111111111,0.02,0.05644444444444444,0.07866666666666666,0.09555555555555556,0.018666666666666668,0.132
0.04299645390070922,0.054078014184397165,0.043882978723404256,0.1453900709219858,0.01950354609929078,0.09973404255319149,0.018173758865248225,0.07668439716312057,0.024379432624113476,0.06604609929078015,0.019060283687943262,0.0598404255319149,0.07934397163120567,0.09574468085106383,0.018617021276595744,0.13652482269503546
0.043382027445772464,0.05267817618415228,0.043382027445772464,0.14298362107127047,0.019034971226206288,0.09428950863213811,0.017706949977866312,0.0787959274015051,0.02611775121735281,0.06949977866312528,0.019034971226206288,0.06020362992474546,0.0849933598937583,0.09738822487826472,0.019477644975652943,0.13103142983621072
0.043668122270742356,0.053711790393013104,0.042358078602620086,0.14366812227074235,0.021397379912663755,0.09475982532751091,0.018777292576419215,0.07991266375545851,0.027510917030567687,0.06724890829694323,0.017467248908296942,0.05458515283842795,0.08253275109170306,0.09519650655021834,0.01834061135371179,0.1388646288209607
0.047285464098073555,0.05122591943957969,0.043782837127845885,0.13704028021015763,0.021891418563922942,0.09369527145359019,0.021453590192644482,0.08450087565674255,0.026707530647985988,0.0669877408056042,0.016637478108581436,0.05604203152364273,0.0818739054290718,0.09938704028021016,0.01838879159369527,0.1330998248686515
0.047099869167030094,0.051897078063672046,0.04273877017008286,0.13955516790231137,0.020933275185346708,0.09550806803314435,0.022241604884430877,0.08024422154382904,0.02878325337985172,0.07108591365023986,0.016572176188399478,0.05364151766245094,0.08373310074138683,0.09463584823375491,0.02006105538595726,0.13126907980811164
0.04597701149425287,0.04907161803713528,0.04155614500442087,0.14146772767462423,0.021220159151193633,0.09372236958443855,0.021662245800176835,0.08045977011494253,0.026967285587975242,0.07117595048629531,0.016357206012378427,0.05305039787798409,0.08267020335985853,0.09637488947833775,0.021662245800176835,0.13660477453580902
0.0446584938704028,0.04947460595446585,0.043782837127845885,0.14054290718038528,0.021453590192644482,0.09281961471103327,0.021015761821366025,0.07924693520140105,0.028021015761821366,0.07180385288966724,0.016637478108581436,0.05166374781085814,0.0818739054290718,0.09982486865148861,0.021453590192644482,0.13572679509632224
0.04741000877963126,0.04741000877963126,0.04302019315188762,0.1395961369622476,0.021071115013169446,0.09262510974539069,0.019315188762071993,0.08428446005267778,0.026777875329236173,0.0684811237928007,0.015803336259877086,0.05267778753292362,0.08384547848990342,0.09920983318700614,0.024582967515364356,0.13388937664618086
0.045634050021939446,0.0451952610794208,0.03949100482667837,0.14260640631856078,0.021939447125932425,0.09433962264150944,0.019306713470820535,0.08600263273365512,0.02720491443615621,0.06845107503290918,0.017112768758227294,0.05704256252742431,0.08293111013602457,0.09697235629662132,0.023255813953488372,0.13251426064063185
0.04567413263065437,0.04435660957400088,0.03864734299516908,0.1422924901185771,0.023715415019762844,0.09178743961352658,0.021080368906455864,0.08300395256916997,0.02854633289415898,0.06982872200263504,0.017127799736495388,0.05709266578831796,0.08563899868247694,0.09530083443126922,0.022397891963109356,0.13350900307422048
0.04715733803437638,0.04186866460996033,0.038342882327016305,0.14059056853239313,0.02247686205376818,0.09784045835169679,0.021595416483032173,0.08946672542970471,0.028206258263552227,0.07051564565888056,0.01762891141472014,0.054649625385632436,0.08285588364918467,0.09519612163948876,0.023358307624504186,0.12825033054208904
0.04723707664884135,0.044563279857397504,0.036541889483065956,0.14349376114081996,0.020499108734402853,0.10026737967914438,0.02094474153297683,0.08957219251336898,0.028966131907308377,0.06951871657754011,0.018270944741532978,0.05213903743315508,0.0855614973262032,0.09224598930481283,0.022727272727272728,0.12745098039215685
0.050487156775907885,0.045172719220549155,0.03631532329495128,0.141718334809566,0.023472099202834367,0.10186005314437556,0.022143489813994686,0.08635961027457928,0.02745792736935341,0.06731620903454384,0.017271922054915855,0.053144375553587246,0.08237378210806023,0.09477413640389726,0.021700620017714792,0.12843224092116917
0.04659340659340659,0.04879120879120879,0.03472527472527472,0.14241758241758243,0.0210989010989011,0.10417582417582417,0.023736263736263738,0.0865934065934066,0.027252747252747254,0.07120879120879121,0.015384615384615385,0.05406593406593407,0.08043956043956044,0.09494505494505495,0.022857142857142857,0.12571428571428572
