C_R,C_A,C_S,C_N,D_R,D_A,D_S,D_N,Oc_R,Oc_A,Oc_S,Oc_N,Od_R,Od_A,Od_S,Od_N
0.0,0.0,0.0,0.0,0.0,0.0,0.0,0.0,0.0,0.0,0.0,0.0,1.0,0.0,0.0,0.0
0.0,0.5,0.0,0.0,0.0,0.0,0.0,0.0,0.0,0.0,0.0,0.0,0.5,0.0,0.0,0.0
0.0,0.375,0.0,0.0,0.0,0.0,0.0,0.0,0.0,0.125,0.0,0.0,0.5,0.0,0.0,0.0
0.0,0.25,0.0,0.0,0.0,0.0,0.0,0.0,0.0,0.16666666666666666,0.0,0.08333333333333333,0.5,0.0,0.0,0.0
0.0,0.16666666666666666,0.0,0.0,0.0,0.0,0.0,0.0,0.0,0.2222222222222222,0.0,0.05555555555555555,0.5555555555555556,0.0,0.0,0.0
0.0,0.16666666666666666,0.0,0.0,0.0,0.0,0.0,0.0,0.041666666666666664,0.20833333333333334,0.0,0.041666666666666664,0.5416666666666666,0.0,0.0,0.0
0.0,0.08823529411764706,0.058823529411764705,0.0,0.0,0.0,0.0,0.0,0.029411764705882353,0.20588235294117646,0.0,0.029411764705882353,0.5294117647058824,0.058823529411764705,0.0,0.0
0.041666666666666664,0.0625,0.041666666666666664,0.0,0.0,0.0,0.0,0.0,0.020833333333333332,0.20833333333333334,0.0,0.020833333333333332,0.5625,0.041666666666666664,0.0,0.0
0.06666666666666667,0.08333333333333333,0.03333333333333333,0.0,0.0,0.0,0.0,0.0,0.016666666666666666,0.2,0.0,0.016666666666666666,0.5666666666666667,0.016666666666666666,0.0,0.0
0.07407407407407407,0.09876543209876543,0.024691358024691357,0.0,0.0,0.0,0.0,0.0,0.012345679012345678,0.16049382716049382,0.0,0.024691358024691357,0.5802469135802469,0.024691358024691357,0.0,0.0
0.09900990099009901,0.09900990099009901,0.0297029702970297,0.0,0.0,0.0,0.0,0.0,0.009900990099009901,0.18811881188118812,0.0,0.009900990099009901,0.5445544554455446,0.019801980198019802,0.0,0.0
0.112,0.112,0.024,0.0,0.0,0.0,0.0,0.0,0.008,0.144,0.0,0.008,0.568,0.024,0.0,0.0
0.1390728476821192,0.10596026490066225,0.019867549668874173,0.0,0.0,0.0,0.0,0.0,0.006622516556291391,0.1390728476821192,0.0,0.006622516556291391,0.5562913907284768,0.026490066225165563,0.0,0.0
0.13609467455621302,0.08284023668639054,0.01775147928994083,0.0,0.0,0.0,0.0,0.005917159763313609,0.005917159763313609,0.1242603550295858,0.0,0.011834319526627219,0.5798816568047337,0.03550295857988166,0.0,0.0
0.13541666666666666,0.057291666666666664,0.015625,0.0,0.005208333333333333,0.0,0.0,0.010416666666666666,0.005208333333333333,0.14583333333333334,0.0,0.010416666666666666,0.578125,0.036458333333333336,0.0,0.0
0.13274336283185842,0.05752212389380531,0.01327433628318584,0.0,0.004424778761061947,0.0,0.0,0.008849557522123894,0.008849557522123894,0.1592920353982301,0.0,0.01327433628318584,0.5707964601769911,0.030973451327433628,0.0,0.0
0.15867158671586715,0.04428044280442804,0.02214022140221402,0.0,0.0036900369003690036,0.0,0.0,0.007380073800738007,0.01107011070110701,0.15129151291512916,0.0,0.014760147601476014,0.5608856088560885,0.025830258302583026,0.0,0.0
0.16720257234726688,0.04501607717041801,0.022508038585209004,0.0,0.003215434083601286,0.0,0.003215434083601286,0.006430868167202572,0.012861736334405145,0.15112540192926044,0.0,0.01607717041800643,0.5401929260450161,0.028938906752411574,0.0,0.003215434083601286
0.1925287356321839,0.040229885057471264,0.020114942528735632,0.0,0.0028735632183908046,0.0,0.0028735632183908046,0.0,0.017241379310344827,0.14942528735632185,0.0,0.020114942528735632,0.5201149425287356,0.031609195402298854,0.0,0.0028735632183908046
0.18652849740932642,0.04145077720207254,0.023316062176165803,0.0,0.0025906735751295338,0.0025906735751295338,0.0025906735751295338,0.0,0.015544041450777202,0.15803108808290156,0.0,0.018134715025906734,0.5155440414507773,0.02849740932642487,0.0,0.0051813471502590676
0.18501170960187355,0.03981264637002342,0.0234192037470726,0.0,0.00234192037470726,0.0,0.00234192037470726,0.00234192037470726,0.0117096018735363,0.14988290398126464,0.00234192037470726,0.01873536299765808,0.531615925058548,0.02576112412177986,0.0,0.00468384074941452
0.20930232558139536,0.03382663847780127,0.02536997885835095,0.004228329809725159,0.004228329809725159,0.0,0.0021141649048625794,0.004228329809725159,0.008456659619450317,0.14799154334038056,0.0021141649048625794,0.019027484143763214,0.507399577167019,0.02748414376321353,0.0,0.004228329809725159
0.20702402957486138,0.031423290203327174,0.029574861367837338,0.005545286506469501,0.0036968576709796672,0.0,0.005545286506469501,0.0036968576709796672,0.009242144177449169,0.14972273567467653,0.0018484288354898336,0.018484288354898338,0.49907578558225507,0.029574861367837338,0.0036968576709796672,0.0018484288354898336
0.21885521885521886,0.03535353535353535,0.030303030303030304,0.008417508417508417,0.005050505050505051,0.0,0.006734006734006734,0.005050505050505051,0.008417508417508417,0.13131313131313133,0.0016835016835016834,0.02356902356902357,0.4882154882154882,0.03367003367003367,0.003367003367003367,0.0
0.222052067381317,0.02909647779479326,0.02450229709035222,0.010719754977029096,0.007656967840735069,0.004594180704441042,0.007656967840735069,0.004594180704441042,0.009188361408882083,0.13169984686064318,0.0030627871362940277,0.016845329249617153,0.48392036753445633,0.039816232771822356,0.0030627871362940277,0.0015313935681470138
0.22531293463143254,0.025034770514603615,0.025034770514603615,0.013908205841446454,0.006954102920723227,0.005563282336578581,0.006954102920723227,0.005563282336578581,0.008344923504867872,0.13212795549374132,0.0027816411682892906,0.019471488178025034,0.4756606397774687,0.04033379694019471,0.0013908205841446453,0.005563282336578581
0.23544303797468355,0.026582278481012658,0.02531645569620253,0.020253164556962026,0.006329113924050633,0.006329113924050633,0.006329113924050633,0.005063291139240506,0.010126582278481013,0.13291139240506328,0.005063291139240506,0.0189873417721519,0.4607594936708861,0.03291139240506329,0.0012658227848101266,0.006329113924050633
0.246189917936694,0.01992966002344666,0.023446658851113716,0.0246189917936694,0.010550996483001172,0.004689331770222743,0.007033997655334115,0.005861664712778429,0.009378663540445486,0.1324736225087925,0.005861664712778429,0.017584994138335287,0.44431418522860494,0.038686987104337635,0.0011723329425556857,0.008206330597889801
0.23855165069222578,0.024494142705005325,0.025559105431309903,0.027689030883919063,0.012779552715654952,0.006389776357827476,0.006389776357827476,0.005324813631522897,0.007454739084132056,0.12673056443024494,0.008519701810436636,0.01810436634717785,0.4355697550585729,0.04472843450479233,0.002129925452609159,0.009584664536741214
0.24127906976744187,0.02422480620155039,0.02810077519379845,0.03197674418604651,0.016472868217054265,0.007751937984496124,0.007751937984496124,0.005813953488372093,0.0048449612403100775,0.1124031007751938,0.01065891472868217,0.01744186046511628,0.43992248062015504,0.040697674418604654,0.0029069767441860465,0.007751937984496124
0.23856502242152466,0.023318385650224215,0.030493273542600896,0.03497757847533632,0.01883408071748879,0.006278026905829596,0.011659192825112108,0.0053811659192825115,0.004484304932735426,0.10762331838565023,0.010762331838565023,0.017937219730941704,0.43318385650224217,0.04484304932735426,0.0026905829596412557,0.008968609865470852
0.2403292181069959,0.022222222222222223,0.030452674897119343,0.03868312757201646,0.01810699588477366,0.006584362139917695,0.010699588477366255,0.006584362139917695,0.0024691358024691358,0.10123456790123457,0.012345679012345678,0.018930041152263374,0.43292181069958846,0.04609053497942387,0.0024691358024691358,0.009876543209876543
0.234192037470726,0.02029664324746292,0.02966432474629196,0.0429352068696331,0.01795472287275566,0.00702576112412178,0.01014832162373146,0.00858704137392662,0.00156128024980484,0.09836065573770492,0.01092896174863388,0.02185792349726776,0.4340359094457455,0.04918032786885246,0.00234192037470726,0.01092896174863388
0.23155588020452886,0.018261504747991233,0.03287070854638422,0.04821037253469686,0.018261504747991233,0.006574141709276844,0.014609203798392988,0.010226442658875092,0.002191380569758948,0.09057706355003653,0.009495982468955442,0.016800584368151936,0.4390065741417093,0.04894083272461651,0.003652300949598247,0.008765522279035792
0.23098201936376211,0.01867219917012448,0.035269709543568464,0.04979253112033195,0.017289073305670817,0.006915629322268326,0.013831258644536652,0.014522821576763486,0.0027662517289073307,0.08506224066390042,0.008990318118948824,0.01590594744121715,0.4384508990318119,0.051175656984785614,0.0027662517289073307,0.007607192254495159
0.22889182058047494,0.017810026385224276,0.036279683377308705,0.04947229551451187,0.0158311345646438,0.007255936675461741,0.011213720316622692,0.016490765171503958,0.004617414248021108,0.0870712401055409,0.011873350923482849,0.014511873350923483,0.43271767810026385,0.05408970976253298,0.002638522427440633,0.009234828496042216
0.2369578881206788,0.01697045883092395,0.03268384663733501,0.05342551854179761,0.01697045883092395,0.0069138906348208675,0.011313639220615965,0.01759899434318039,0.006285355122564425,0.0754242614707731,0.01257071024512885,0.013827781269641735,0.4299182903834067,0.05719673161533627,0.0018856065367693275,0.01005656819610308
0.23557406305770376,0.017251635930993457,0.03152885187388459,0.05651397977394408,0.021415823914336704,0.006543723973825104,0.011302795954788817,0.01784651992861392,0.005353955978584176,0.07555026769779893,0.013682331945270671,0.013682331945270671,0.4229625223081499,0.055324211778703156,0.00297441998810232,0.012492563950029744
0.23777019340159272,0.01877133105802048,0.0335608646188851,0.05858930602957907,0.02218430034129693,0.005688282138794084,0.01080773606370876,0.019340159271899887,0.005688282138794084,0.06939704209328783,0.01478953356086462,0.01478953356086462,0.41581342434584756,0.05745164960182025,0.0034129692832764505,0.011945392491467578
0.23156744948115784,0.019115237575095576,0.03222282905516111,0.0622610595303113,0.02239213544511196,0.007646095030038231,0.012015292190060076,0.018569087930092845,0.005461496450027308,0.06772255598033862,0.012561441835062807,0.016930638995084655,0.4167121791370836,0.05789186237028946,0.0032768978700163844,0.013653741125068269
0.24104234527687296,0.017915309446254073,0.03311617806731813,0.06351791530944625,0.024429967426710098,0.007057546145494028,0.010857763300760043,0.017915309446254073,0.004343105320304018,0.06514657980456026,0.011943539630836048,0.016286644951140065,0.40879478827361565,0.06026058631921824,0.004343105320304018,0.013029315960912053
0.2489517819706499,0.01781970649895178,0.030922431865828093,0.06289308176100629,0.0220125786163522,0.007861635220125786,0.0110062893081761,0.018343815513626835,0.0041928721174004195,0.06341719077568134,0.01310272536687631,0.014150943396226415,0.4082809224318658,0.05870020964360587,0.0047169811320754715,0.013626834381551363
0.23855057876195268,0.019124308002013084,0.03170608958228485,0.06592853548062405,0.021640664318067437,0.009562154001006542,0.008555611474584801,0.020130850528434826,0.004026170105686965,0.06240563663814796,0.012581781580271767,0.017111222949169603,0.40915953699043783,0.06039255158530448,0.004529441368897836,0.01459486663311525
0.23864203694458314,0.018971542685971045,0.029955067398901646,0.06290564153769346,0.02196704942586121,0.010983524712930605,0.008487269096355467,0.021467798302546182,0.00399400898652022,0.05941088367448827,0.012481278082875686,0.01797304043934099,0.40988517224163756,0.06290564153769346,0.004992511233150275,0.014977533699450823
0.2311801845556095,0.0199125789218067,0.0305973773676542,0.06362311801845556,0.021369596891694997,0.010684798445847498,0.00825643516270034,0.020398251578436135,0.0024283632831471587,0.05682370082564352,0.013598834385624089,0.017484215638659543,0.41476444876153473,0.06653715395823215,0.006799417192812044,0.015541525012141816
0.22828666350261034,0.01945894636924537,0.029425723777883245,0.05885144755576649,0.022306597057427623,0.011390602752728999,0.007593735168485999,0.021831988609397248,0.005695301376364499,0.05647840531561462,0.013763644992880873,0.01566207878500237,0.4167062173706692,0.0664451827242525,0.007593735168485999,0.018509729473184623
0.22776470588235295,0.019294117647058823,0.03152941176470588,0.06023529411764706,0.02211764705882353,0.008941176470588235,0.006588235294117647,0.02164705882352941,0.00611764705882353,0.05694117647058824,0.015058823529411765,0.013176470588235295,0.41741176470588237,0.0691764705882353,0.006588235294117647,0.017411764705882352
0.23293357933579337,0.01845018450184502,0.030904059040590407,0.05581180811808118,0.02214022140221402,0.008302583025830259,0.008763837638376383,0.022601476014760147,0.006457564575645757,0.055350553505535055,0.014760147601476014,0.01429889298892989,0.4151291512915129,0.06872693726937269,0.006457564575645757,0.018911439114391145
0.23311748381128586,0.017113783533765033,0.02960222016651249,0.058279370952821465,0.019888991674375578,0.008788159111933395,0.00786308973172988,0.02358926919518964,0.005087881591119334,0.0545790934320074,0.014338575393154487,0.012025901942645698,0.4158186864014801,0.07215541165587419,0.006938020351526364,0.020814061054579093
0.2312614259597806,0.018281535648994516,0.027422303473491772,0.05712979890310786,0.021480804387568556,0.009140767824497258,0.006855575868372943,0.022851919561243144,0.005941499085923218,0.05347349177330896,0.011882998171846435,0.011882998171846435,0.4209323583180987,0.07358318098720293,0.005941499085923218,0.021937842778793418
0.2296058661778185,0.019706691109074245,0.02933088909257562,0.05453712190650779,0.01924839596700275,0.01008249312557287,0.0068744271310724105,0.024289642529789185,0.006416131989000917,0.05224564619615032,0.013748854262144821,0.011457378551787351,0.4152153987167736,0.07745187901008249,0.007791017415215398,0.021998166819431713
0.22864889290555807,0.02033438770899232,0.025756891098056935,0.05603253502033439,0.02033438770899232,0.009941256213285133,0.006778129236330773,0.02394938996836873,0.0063262539539087215,0.05151378219611387,0.014008133755083597,0.011296882060551287,0.41888838680524176,0.0763669227293267,0.00858563036601898,0.021238138273836422
0.23087431693989072,0.018670309653916212,0.023679417122040074,0.05555555555555555,0.020036429872495445,0.011384335154826957,0.007741347905282332,0.02413479052823315,0.006375227686703097,0.05555555555555555,0.011839708561020037,0.012750455373406194,0.4175774134790528,0.075591985428051,0.00819672131147541,0.020036429872495445
0.23312331233123312,0.018001800180018002,0.01935193519351935,0.05715571557155716,0.02025202520252025,0.011701170117011701,0.008550855085508551,0.022052205220522054,0.0063006300630063005,0.0576057605760576,0.012151215121512151,0.013051305130513051,0.42034203420342037,0.07245724572457246,0.00765076507650765,0.02025202520252025
0.22796762589928057,0.01753597122302158,0.01933453237410072,0.0598021582733813,0.018884892086330936,0.01393884892086331,0.008992805755395683,0.02068345323741007,0.008093525179856115,0.05710431654676259,0.013039568345323741,0.012140287769784174,0.4199640287769784,0.07149280575539568,0.0085431654676259,0.022482014388489208
0.22561797752808987,0.018426966292134833,0.018426966292134833,0.056179775280898875,0.01887640449438202,0.014382022471910113,0.009887640449438202,0.019775280898876403,0.00853932584269663,0.056179775280898875,0.01303370786516854,0.012134831460674157,0.4260674157303371,0.07146067415730337,0.009887640449438202,0.021123595505617977
0.22177954847277556,0.019034971226206288,0.02080566622399292,0.05799026117751217,0.021248339973439574,0.013722886232846392,0.008853474988933156,0.0199203187250996,0.008410801239486499,0.054006197432492256,0.011509517485613104,0.012837538733953076,0.4311642319610447,0.06905710491367861,0.01018149623727313,0.019477644975652943
0.22733363108530594,0.01786511835640911,0.021438142027690933,0.05761500669941939,0.01831174631531934,0.013845466726217061,0.008932559178204555,0.020991514068780706,0.007592675301473872,0.05761500669941939,0.011165698972755694,0.013845466726217061,0.4278695846359982,0.06565430995980348,0.010719071013845467,0.019205002233139794
0.22536456031816174,0.016791869200176758,0.02209456473707468,0.05965532479010163,0.018117543084401236,0.012814847547503314,0.010163499779054353,0.019001325673884226,0.009721608484312859,0.057445868316394165,0.010163499779054353,0.013256738842244807,0.43305346884666374,0.06142288996906761,0.011489173663278833,0.019443216968625717
0.2305282005371531,0.01521933751119069,0.021486123545210387,0.05863921217547001,0.017905102954341987,0.01432408236347359,0.012085944494180842,0.017009847806624886,0.010743061772605193,0.05819158460161146,0.009847806624888093,0.01342882721575649,0.42479856759176365,0.06266786034019696,0.011638316920322292,0.021486123545210387
0.22802320392681838,0.013386880856760375,0.0214190093708166,0.055778670236501564,0.0178491744756805,0.013833110218652387,0.013386880856760375,0.015171798304328426,0.010263275323516287,0.05488621151271754,0.009370816599732263,0.013833110218652387,0.4395359214636323,0.05979473449352968,0.012048192771084338,0.0214190093708166
0.23156012516763522,0.012516763522574878,0.019669199821189094,0.05677246312025033,0.016540008940545373,0.015198927134555208,0.012069736253911488,0.014751899865891819,0.009834599910594547,0.05677246312025033,0.009834599910594547,0.0116227089852481,0.4416629414394278,0.06034868126955744,0.010728654447921324,0.02011622708985248
0.23309608540925267,0.011565836298932384,0.02179715302491103,0.056494661921708184,0.015124555160142349,0.015569395017793594,0.01112099644128114,0.01601423487544484,0.010231316725978648,0.05604982206405694,0.009341637010676156,0.01112099644128114,0.4363879003558719,0.06272241992882563,0.01112099644128114,0.02224199288256228
0.23063302346170872,0.01195219123505976,0.021248339973439574,0.06020362992474546,0.013722886232846392,0.016821602478972998,0.011066843736166445,0.017706949977866312,0.009738822487826471,0.05843293492695883,0.009296148738379814,0.01018149623727313,0.4351482957060646,0.06330234617087206,0.009738822487826471,0.02080566622399292
0.22785368003525783,0.011018069634200088,0.021595416483032173,0.060379021595416485,0.013662406346408109,0.015866020273248127,0.011018069634200088,0.016747465843984136,0.009255178492728075,0.059497576024680476,0.00881445570736007,0.010577346848832084,0.43851917144116354,0.06478624944909651,0.009255178492728075,0.021154693697664168
0.22236900044033464,0.011008366358432409,0.022457067371202115,0.06164685160722149,0.012769704975781594,0.017173051519154558,0.012329370321444297,0.017173051519154558,0.009687362395420519,0.05900484368119771,0.009247027741083224,0.009247027741083224,0.44033465433729635,0.0607661822985469,0.011448701012769706,0.023337736679876705
0.2222222222222222,0.010263275323516287,0.023650156180276664,0.06470325747434182,0.012940651494868362,0.01740294511378849,0.01249442213297635,0.015618027666220438,0.00892458723784025,0.05667112896028559,0.011155734047300312,0.011155734047300312,0.43998215082552433,0.05845604640785364,0.01249442213297635,0.02186523873270861
0.22725235320484088,0.010309278350515464,0.02285970416853429,0.06051098162259077,0.012998655311519497,0.016136261766024205,0.01344688480502017,0.01748095024652622,0.00941281936351412,0.05423576871358135,0.011205737337516808,0.010309278350515464,0.4406095921111609,0.05871806364858808,0.012550425818018825,0.021963245181532944
0.2234464521815778,0.010136624063464082,0.022917584839136182,0.06170118995152049,0.013221683561040106,0.01630674305861613,0.013221683561040106,0.01630674305861613,0.009255178492728075,0.05332745702952843,0.009695901278096077,0.010136624063464082,0.45085940943146763,0.055531070956368445,0.011899515204936095,0.022036139268400177
0.22582076308784382,0.008429458740017746,0.023070097604259095,0.06344276841171251,0.012866015971606033,0.015971606033717833,0.011978704525288377,0.01818988464951198,0.009316770186335404,0.051907719609582965,0.009316770186335404,0.01020408163265306,0.45430346051464066,0.05235137533274179,0.011091393078970719,0.021739130434782608
0.2276203328834908,0.007197480881691408,0.022941970310391364,0.06117858749437697,0.013045434098065677,0.017094017094017096,0.011246063877642825,0.01799370220422852,0.009446693657219974,0.05038236617183985,0.009896536212325686,0.009446693657219974,0.45614035087719296,0.05398110661268556,0.0103463787674314,0.022042285200179937
0.23176733780760628,0.008501118568232663,0.02237136465324385,0.06442953020134229,0.013422818791946308,0.0174496644295302,0.012527964205816556,0.017002237136465325,0.009395973154362415,0.04742729306487696,0.010738255033557046,0.009843400447427294,0.44563758389261743,0.056823266219239374,0.010738255033557046,0.02192393736017897
0.2322380106571936,0.008880994671403197,0.020426287744227355,0.06438721136767318,0.011101243339253997,0.018206039076376555,0.012877442273534635,0.016873889875666074,0.007548845470692718,0.05017761989342807,0.010213143872113677,0.010213143872113677,0.44982238010657194,0.05328596802841918,0.011545293072824156,0.022202486678507993
0.23794642857142856,0.009375,0.020089285714285716,0.06919642857142858,0.010267857142857143,0.01875,0.0125,0.015625,0.008482142857142856,0.05089285714285714,0.009375,0.008928571428571428,0.4450892857142857,0.05267857142857143,0.010267857142857143,0.020535714285714286
0.23233215547703182,0.010159010600706713,0.021643109540636044,0.06713780918727916,0.010159010600706713,0.018551236749116608,0.011925795053003533,0.01678445229681979,0.009275618374558304,0.04770318021201413,0.009275618374558304,0.009717314487632508,0.4531802120141343,0.05079505300353357,0.009717314487632508,0.021643109540636044
0.2348993288590604,0.010738255033557046,0.02371364653243848,0.06845637583892618,0.009395973154362415,0.0174496644295302,0.012527964205816556,0.0174496644295302,0.008053691275167786,0.046085011185682326,0.009843400447427294,0.0071588366890380315,0.4532438478747204,0.049664429530201344,0.01029082774049217,0.021029082774049218
0.23484848484848486,0.010249554367201427,0.022281639928698752,0.06729055258467023,0.00980392156862745,0.01871657754010695,0.012923351158645277,0.016042780748663103,0.008021390374331552,0.04500891265597148,0.0106951871657754,0.008021390374331552,0.45276292335115864,0.05035650623885918,0.011140819964349376,0.021836007130124777
0.2349290780141844,0.00975177304964539,0.02127659574468085,0.06560283687943262,0.010195035460992909,0.018617021276595744,0.011968085106382979,0.016843971631205674,0.009308510638297872,0.04565602836879433,0.01152482269503546,0.007535460992907801,0.4592198581560284,0.04609929078014184,0.00975177304964539,0.02171985815602837
0.23070058009817046,0.009817045961624275,0.0214190093708166,0.06604194556001784,0.012940651494868362,0.01740294511378849,0.013833110218652387,0.018295403837572513,0.00892458723784025,0.04685408299866131,0.011155734047300312,0.009817045961624275,0.45604640785363676,0.04551539491298527,0.010263275323516287,0.020972780008924587
0.23138297872340424,0.010195035460992909,0.02127659574468085,0.06604609929078015,0.01152482269503546,0.019060283687943262,0.01551418439716312,0.018173758865248225,0.0070921985815602835,0.04521276595744681,0.00975177304964539,0.010638297872340425,0.4605496453900709,0.04476950354609929,0.00975177304964539,0.019060283687943262
0.2344095532950022,0.008845643520566122,0.022114108801415303,0.06457319770013269,0.011499336576735958,0.016364440513047324,0.0145953118089341,0.01813356921716055,0.00796107916850951,0.0437859354268023,0.009287925696594427,0.009287925696594427,0.4683768244139761,0.04290137107474569,0.009730207872622734,0.01813356921716055
0.22411474675033619,0.008516360376512775,0.022411474675033616,0.06947557149260421,0.014343343792021516,0.016136261766024205,0.01344688480502017,0.01748095024652622,0.008068130883012102,0.045271178843567905,0.00941281936351412,0.00941281936351412,0.4742268041237113,0.03809950694755715,0.011205737337516808,0.018377409233527566
0.22824156305506216,0.008436944937833037,0.024422735346358793,0.06971580817051509,0.014209591474245116,0.015097690941385435,0.012433392539964476,0.016873889875666074,0.009325044404973356,0.043072824156305506,0.009325044404973356,0.013321492007104795,0.46625222024866786,0.038632326820603906,0.011101243339253997,0.019538188277087035
0.22112802148612354,0.008504923903312443,0.024619516562220233,0.06893464637421665,0.01477170993733214,0.01521933751119069,0.011638316920322292,0.021038495971351837,0.008057296329453895,0.04118173679498657,0.009847806624888093,0.012981199641897942,0.477170993733214,0.03715308863025962,0.009400179051029543,0.018352730528200537
0.21648106904231626,0.008017817371937639,0.024053452115812918,0.07394209354120267,0.014253897550111359,0.015144766146993319,0.009354120267260579,0.023162583518930958,0.0071269487750556795,0.0400890868596882,0.010690423162583519,0.013808463251670379,0.4797327394209354,0.03608017817371938,0.008017817371937639,0.0200445434298441
0.2209405501330967,0.008429458740017746,0.025288376220053237,0.07187222715173026,0.016415261756876662,0.015527950310559006,0.011091393078970719,0.02129547471162378,0.006654835847382431,0.0385980479148181,0.011091393078970719,0.012866015971606033,0.4720496894409938,0.0385980479148181,0.007985803016858917,0.02129547471162378
0.22241835834068843,0.009708737864077669,0.02471315092674316,0.07237422771403354,0.01500441306266549,0.01588702559576346,0.011032656663724626,0.018534863195057368,0.005736981465136805,0.038393645189761696,0.01059135039717564,0.011915269196822596,0.4761694616063548,0.03574580759046778,0.008384819064430714,0.023389232127096204
0.22364924712134632,0.00974313551815766,0.023472099202834367,0.07218777679362268,0.0141718334809566,0.01550044286979628,0.011071744906997343,0.01771479185119575,0.006200177147918512,0.03720106288751107,0.010186005314437556,0.012843224092116917,0.4769707705934455,0.03897254207263064,0.007971656333038087,0.022143489813994686
0.22807794508414525,0.00974313551815766,0.023029229406554472,0.0704162976085031,0.015057573073516387,0.015943312666076175,0.011957484499557131,0.02037201062887511,0.00487156775907883,0.03587245349867139,0.00974313551815766,0.012400354295837024,0.4787422497785651,0.03587245349867139,0.0070859167404783,0.020814880425155006
0.22799295774647887,0.01056338028169014,0.023327464788732395,0.06954225352112677,0.015404929577464789,0.016725352112676055,0.012764084507042254,0.01936619718309859,0.005721830985915493,0.03389084507042254,0.009683098591549295,0.012764084507042254,0.4793133802816901,0.035211267605633804,0.007482394366197183,0.020246478873239437
0.22409959982214317,0.01067140951534015,0.023121387283236993,0.06803023566029347,0.014673188083592708,0.015562472209871054,0.01200533570475767,0.019119608714984436,0.00755891507336594,0.0329035126722988,0.009782125389061804,0.012449977767896843,0.4882169853268119,0.03201422854602046,0.008892841262783458,0.020898176967541128
0.2260485651214128,0.011920529801324504,0.02163355408388521,0.06710816777041943,0.01545253863134658,0.016335540838852098,0.010596026490066225,0.018984547461368653,0.008830022075055188,0.033112582781456956,0.009713024282560706,0.012362030905077263,0.4869757174392936,0.031346578366445915,0.008388520971302429,0.02119205298013245
0.22139084507042253,0.011443661971830986,0.02068661971830986,0.0721830985915493,0.016285211267605633,0.016285211267605633,0.01056338028169014,0.01716549295774648,0.008362676056338027,0.03389084507042254,0.008802816901408451,0.014964788732394365,0.4898767605633803,0.028169014084507043,0.007922535211267605,0.022007042253521125
0.2239140170174653,0.012539184952978056,0.020152261531571878,0.07344379758172861,0.01701746529332736,0.0161218092252575,0.011195700850873265,0.018360949395432154,0.009404388714733543,0.03403493058665472,0.00806090461262875,0.014778325123152709,0.48544558889386474,0.026421854008060904,0.006269592476489028,0.02283922973578146
0.22099691221879136,0.013233348037053375,0.018526687251874726,0.07631230701367446,0.016321129245699163,0.016321129245699163,0.011027790030877812,0.018967798853109837,0.009263343625937363,0.032201146890163214,0.007940008822232024,0.016762240846934274,0.4878694309660344,0.027348919276576972,0.007498897220996913,0.01940891045434495
0.21334503950834066,0.013169446883230905,0.016681299385425813,0.07989464442493416,0.016681299385425813,0.015803336259877086,0.010535557506584723,0.020632133450395083,0.00877963125548727,0.030728709394205442,0.007901668129938543,0.015364354697102721,0.49122036874451275,0.028094820017559263,0.009657594381035996,0.02151009657594381
0.21612046058458814,0.013286093888396812,0.015057573073516387,0.08148804251550044,0.017271922054915855,0.016386182462356066,0.00974313551815766,0.02037201062887511,0.0070859167404783,0.030115146147032774,0.007971656333038087,0.015943312666076175,0.49069973427812225,0.027900797165633304,0.00974313551815766,0.020814880425155006
0.22088353413654618,0.012048192771084338,0.013833110218652387,0.07987505577867024,0.016956715751896476,0.0178491744756805,0.008032128514056224,0.02320392681838465,0.0071396697902722,0.02900490852298081,0.006693440428380187,0.0142793395805444,0.4886211512717537,0.0285586791610888,0.010263275323516287,0.022757697456492636
0.21675531914893617,0.012854609929078014,0.01374113475177305,0.0797872340425532,0.018617021276595744,0.01773049645390071,0.0070921985815602835,0.024822695035460994,0.008865248226950355,0.026595744680851064,0.006648936170212766,0.012854609929078014,0.4920212765957447,0.025709219858156027,0.01152482269503546,0.024379432624113476
0.21651785714285715,0.012946428571428572,0.012053571428571429,0.08169642857142857,0.017410714285714286,0.016964285714285713,0.010267857142857143,0.024553571428571428,0.009375,0.025892857142857145,0.007142857142857143,0.014285714285714285,0.4928571428571429,0.022767857142857142,0.011160714285714286,0.024107142857142858
0.21603856266432953,0.012708150744960562,0.010955302366345312,0.08238387379491674,0.015775635407537247,0.015775635407537247,0.007887817703768623,0.024539877300613498,0.009640666082383873,0.025416301489921123,0.007011393514460999,0.014022787028921999,0.5021910604732691,0.020595968448729185,0.010078878177037686,0.02497808939526731
0.21571238348868177,0.01287172658677319,0.011096316023080338,0.08033732800710164,0.014647137150466045,0.014647137150466045,0.00887705281846427,0.02574345317354638,0.009320905459387484,0.027075011096316024,0.007989347536617843,0.014647137150466045,0.5002219263204616,0.02174877940523746,0.009764758100310697,0.02529960053262317
0.21406593406593408,0.012307692307692308,0.01054945054945055,0.08,0.014945054945054945,0.016263736263736263,0.01054945054945055,0.026813186813186812,0.009230769230769232,0.02857142857142857,0.0074725274725274725,0.013186813186813187,0.5002197802197802,0.021538461538461538,0.008351648351648353,0.025934065934065935
0.21819787985865724,0.011484098939929329,0.012809187279151944,0.08303886925795052,0.015459363957597174,0.01678445229681979,0.009275618374558304,0.023409893992932862,0.009717314487632508,0.02561837455830389,0.007508833922261484,0.013692579505300354,0.49514134275618377,0.02120141342756184,0.009275618374558304,0.027385159010600707
0.2137809187279152,0.01060070671378092,0.012809187279151944,0.0799469964664311,0.015901060070671377,0.0176678445229682,0.008392226148409895,0.023851590106007067,0.010159010600706713,0.02517667844522968,0.007508833922261484,0.014575971731448763,0.5030918727915195,0.021643109540636044,0.009717314487632508,0.02517667844522968
0.22001763668430335,0.010141093474426807,0.010582010582010581,0.08112874779541446,0.015432098765432098,0.01763668430335097,0.009700176366843033,0.024691358024691357,0.009700176366843033,0.024250440917107582,0.007495590828924162,0.014109347442680775,0.4964726631393298,0.021164021164021163,0.009700176366843033,0.027777777777777776
0.22286995515695068,0.009417040358744395,0.010762331838565023,0.07802690582959641,0.015246636771300448,0.017040358744394617,0.008520179372197309,0.02466367713004484,0.01031390134529148,0.022869955156950672,0.006726457399103139,0.013452914798206279,0.5026905829596413,0.020179372197309416,0.009865470852017937,0.027354260089686097
0.22017543859649122,0.010526315789473684,0.010526315789473684,0.0780701754385965,0.015789473684210527,0.017105263157894738,0.008771929824561403,0.02631578947368421,0.010526315789473684,0.02149122807017544,0.005701754385964913,0.014035087719298246,0.506578947368421,0.017105263157894738,0.008771929824561403,0.02850877192982456
0.22405345211581293,0.011135857461024499,0.010244988864142539,0.07884187082405346,0.016035634743875277,0.016035634743875277,0.009354120267260579,0.025389755011135856,0.011581291759465479,0.02182628062360802,0.005345211581291759,0.013808463251670379,0.5042316258351893,0.014699331848552339,0.010244988864142539,0.027171492204899776
0.22296099290780141,0.012854609929078014,0.011081560283687944,0.07801418439716312,0.017287234042553192,0.01773049645390071,0.00975177304964539,0.02304964539007092,0.00975177304964539,0.019060283687943262,0.006648936170212766,0.01152482269503546,0.5115248226950354,0.01374113475177305,0.008865248226950355,0.026152482269503546
0.22197508896797152,0.012900355871886121,0.010676156583629894,0.07339857651245552,0.017793594306049824,0.018238434163701068,0.009341637010676156,0.02402135231316726,0.00800711743772242,0.01912811387900356,0.0071174377224199285,0.010231316725978648,0.516459074733096,0.015569395017793594,0.009341637010676156,0.025800711743772242
0.21621621621621623,0.01329198050509526,0.008861320336730172,0.07443509082853345,0.01860877270713336,0.017722640673460344,0.007975188303057155,0.022153300841825433,0.007975188303057155,0.018165706690296855,0.00930438635356668,0.011076650420912717,0.5250332299512628,0.015507310589277802,0.00930438635356668,0.024368630926007974
0.22103386809269163,0.011140819964349376,0.008912655971479501,0.07352941176470588,0.01693404634581105,0.019162210338680926,0.011140819964349376,0.0213903743315508,0.0071301247771836,0.017379679144385027,0.010249554367201427,0.011586452762923352,0.5213903743315508,0.015597147950089126,0.011140819964349376,0.022281639928698752
0.2206405693950178,0.011565836298932384,0.008896797153024912,0.0711743772241993,0.01601423487544484,0.02001779359430605,0.011565836298932384,0.02001779359430605,0.0066725978647686835,0.01601423487544484,0.009341637010676156,0.01201067615658363,0.5258007117437722,0.014234875444839857,0.011565836298932384,0.024466192170818506
0.21639488761568973,0.011458792419568091,0.00749228735125606,0.07007492287351257,0.016747465843984136,0.01983252534156016,0.010136624063464082,0.022036139268400177,0.00749228735125606,0.017188188629352136,0.009255178492728075,0.012780960775672102,0.5310709563684443,0.0123402379903041,0.012780960775672102,0.022917584839136182
0.21591908531222515,0.011873350923482849,0.008795074758135445,0.07080035180299032,0.0158311345646438,0.01978891820580475,0.011433597185576077,0.022427440633245383,0.006156552330694811,0.017150395778364115,0.010554089709762533,0.012313104661389622,0.5321020228671943,0.012313104661389622,0.010554089709762533,0.02198768689533861
0.21371681415929203,0.012831858407079646,0.008849557522123894,0.06902654867256637,0.01592920353982301,0.01902654867256637,0.011946902654867256,0.021238938053097345,0.007079646017699115,0.018141592920353982,0.009734513274336283,0.011061946902654867,0.5367256637168142,0.011946902654867256,0.010619469026548672,0.022123893805309734
0.21371681415929203,0.012831858407079646,0.008407079646017699,0.06725663716814159,0.017699115044247787,0.020353982300884955,0.011946902654867256,0.020353982300884955,0.008849557522123894,0.017256637168141593,0.009734513274336283,0.010176991150442478,0.536283185840708,0.011946902654867256,0.011061946902654867,0.022123893805309734
0.21576398062527521,0.013650374284456186,0.010127697049757816,0.06560986349625715,0.016292382210479964,0.02025539409951563,0.011448701012769706,0.02157639806252752,0.009247027741083224,0.014971378247468076,0.009687362395420519,0.012329370321444297,0.5385292822545135,0.011889035667107,0.010568031704095112,0.01805372082782915
0.21591417076441663,0.014304872597228431,0.012516763522574878,0.06392489941886455,0.016987036209208762,0.01743406347787215,0.009387572641931158,0.02101028162717926,0.009834599910594547,0.015645954403218598,0.009834599910594547,0.012516763522574878,0.538667858739383,0.012963790791238265,0.009834599910594547,0.019222172552525705
0.21469933184855233,0.013808463251670379,0.012917594654788419,0.06414253897550111,0.015590200445434299,0.016926503340757237,0.011135857461024499,0.02093541202672606,0.009354120267260579,0.015590200445434299,0.010690423162583519,0.012026726057906459,0.5371937639198219,0.014699331848552339,0.010690423162583519,0.019599109131403118
0.2125880281690141,0.012764084507042254,0.012764084507042254,0.061179577464788734,0.013644366197183098,0.016725352112676055,0.010123239436619719,0.02068661971830986,0.009683098591549295,0.016285211267605633,0.011003521126760563,0.01232394366197183,0.5448943661971831,0.014084507042253521,0.01056338028169014,0.02068661971830986
0.21224307417336907,0.012957998212689902,0.014298480786416443,0.06166219839142091,0.012957998212689902,0.0160857908847185,0.010277033065236819,0.02100089365504915,0.00938337801608579,0.01519213583556747,0.010723860589812333,0.01385165326184093,0.5415549597855228,0.01653261840929401,0.011170688114387846,0.020107238605898123
0.216696269982238,0.011989342806394316,0.013321492007104795,0.06172291296625222,0.012877442273534635,0.016429840142095916,0.010213143872113677,0.019982238010657193,0.007992895204262877,0.015097690941385435,0.010213143872113677,0.012433392539964476,0.5470692717584369,0.013321492007104795,0.010657193605683837,0.019982238010657193
0.21706454465075153,0.011052166224580018,0.014588859416445624,0.0649867374005305,0.01282051282051282,0.016799292661361626,0.008399646330680813,0.020778072502210435,0.008399646330680813,0.014588859416445624,0.009283819628647215,0.013704686118479222,0.5406719717064544,0.015915119363395226,0.011052166224580018,0.01989389920424403
0.2098434004474273,0.011633109619686801,0.012527964205816556,0.06263982102908278,0.010738255033557046,0.016107382550335572,0.008053691275167786,0.021476510067114093,0.009395973154362415,0.013870246085011185,0.009395973154362415,0.012975391498881432,0.5534675615212528,0.017002237136465325,0.011185682326621925,0.019686800894854587
0.2129916040653999,0.011489173663278833,0.011931064958020326,0.06628369421122404,0.01104728236853734,0.016349977905435263,0.007512152010605391,0.022536456031816175,0.008837825894829872,0.015466195315952275,0.008395934600088379,0.015908086610693768,0.5457357490057446,0.015466195315952275,0.010163499779054353,0.019885108263367212
0.2066041945560018,0.0107095046854083,0.011601963409192326,0.06381079875055778,0.011601963409192326,0.015171798304328426,0.00892458723784025,0.020972780008924587,0.00892458723784025,0.01740294511378849,0.008478357875948238,0.01651048639000446,0.5560017849174476,0.014725568942436412,0.009370816599732263,0.019187862561356538
0.2031042128603104,0.008869179600886918,0.011529933481152993,0.06518847006651884,0.011086474501108648,0.014190687361419069,0.008425720620842573,0.02261640798226164,0.00975609756097561,0.016851441241685146,0.00753880266075388,0.016407982261640797,0.5627494456762749,0.012860310421286032,0.00975609756097561,0.019068736141906874
0.2060256978289765,0.008861320336730172,0.010633584404076208,0.06778910057598582,0.011076650420912717,0.016836508639787327,0.007532122286220647,0.020824102791315906,0.011519716437749225,0.017722640673460344,0.007975188303057155,0.014621178555604785,0.5582631812140009,0.011519716437749225,0.00930438635356668,0.01949490474080638
0.20140412461605967,0.008336989907854322,0.01228609039052216,0.06625713032031592,0.010969723562966213,0.017551557700745943,0.008775778850372971,0.02150065818341378,0.013163668275559455,0.018429135585783237,0.007898200965335674,0.01491882404563405,0.5590171127687582,0.011408512505484861,0.008775778850372971,0.019306713470820535
0.19760213143872113,0.007548845470692718,0.012433392539964476,0.06483126110124333,0.010657193605683837,0.017761989342806393,0.009769094138543518,0.023090586145648313,0.011101243339253997,0.017761989342806393,0.008436944937833037,0.015541740674955595,0.5634991119005328,0.010657193605683837,0.008880994671403197,0.020426287744227355
