C_R,C_A,C_S,C_N,D_R,D_A,D_S,D_N,Oc_R,Oc_A,Oc_S,Oc_N,Od_R,Od_A,Od_S,Od_N
0.0,0.0,0.0,0.0,1.0,0.0,0.0,0.0,0.0,0.0,0.0,0.0,0.0,0.0,0.0,0.0
0.3333333333333333,0.0,0.0,0.0,0.6666666666666666,0.0,0.0,0.0,0.0,0.0,0.0,0.0,0.0,0.0,0.0,0.0
0.3333333333333333,0.0,0.0,0.16666666666666666,0.5,0.0,0.0,0.0,0.0,0.0,0.0,0.0,0.0,0.0,0.0,0.0
0.3333333333333333,0.1111111111111111,0.0,0.2222222222222222,0.3333333333333333,0.0,0.0,0.0,0.0,0.0,0.0,0.0,0.0,0.0,0.0,0.0
0.14285714285714285,0.07142857142857142,0.0,0.21428571428571427,0.42857142857142855,0.0,0.0,0.0,0.0,0.0,0.0,0.0,0.0,0.0,0.14285714285714285,0.0
0.15,0.05,0.0,0.3,0.3,0.0,0.0,0.0,0.0,0.0,0.0,0.0,0.0,0.1,0.1,0.0
0.1724137931034483,0.034482758620689655,0.0,0.41379310344827586,0.13793103448275862,0.0,0.0,0.0,0.0,0.0,0.034482758620689655,0.0,0.0,0.10344827586206896,0.10344827586206896,0.0
0.21951219512195122,0.04878048780487805,0.0,0.36585365853658536,0.12195121951219512,0.0,0.0,0.0,0.0,0.0,0.04878048780487805,0.0,0.0,0.12195121951219512,0.07317073170731707,0.0
0.2542372881355932,0.05084745762711865,0.0,0.3559322033898305,0.0847457627118644,0.01694915254237288,0.0,0.0,0.0,0.0,0.05084745762711865,0.0,0.0,0.11864406779661017,0.06779661016949153,0.0
0.22784810126582278,0.0379746835443038,0.0,0.3924050632911392,0.06329113924050633,0.02531645569620253,0.0,0.0,0.0,0.0,0.06329113924050633,0.0,0.0,0.12658227848101267,0.06329113924050633,0.0
0.20353982300884957,0.04424778761061947,0.0,0.39823008849557523,0.04424778761061947,0.035398230088495575,0.0,0.0,0.0,0.0,0.07964601769911504,0.0,0.0,0.1415929203539823,0.04424778761061947,0.008849557522123894
0.2,0.06666666666666667,0.0,0.36,0.04,0.04,0.0,0.0,0.0,0.0,0.07333333333333333,0.0,0.0,0.16,0.04666666666666667,0.013333333333333334
0.185,0.065,0.0,0.375,0.03,0.055,0.0,0.0,0.0,0.0,0.06,0.0,0.01,0.175,0.035,0.01
0.17857142857142858,0.07936507936507936,0.0,0.36904761904761907,0.027777777777777776,0.06746031746031746,0.003968253968253968,0.0,0.0,0.0,0.06746031746031746,0.0,0.011904761904761904,0.15079365079365079,0.027777777777777776,0.015873015873015872
0.17142857142857143,0.08571428571428572,0.0,0.35555555555555557,0.031746031746031744,0.06666666666666667,0.0031746031746031746,0.0,0.0,0.0,0.06349206349206349,0.0,0.012698412698412698,0.16507936507936508,0.025396825396825397,0.01904761904761905
0.1875,0.08333333333333333,0.0,0.3229166666666667,0.026041666666666668,0.0703125,0.0,0.0,0.0,0.0,0.0703125,0.0026041666666666665,0.013020833333333334,0.1796875,0.018229166666666668,0.026041666666666668
0.19101123595505617,0.09887640449438202,0.0022471910112359553,0.3146067415730337,0.024719101123595506,0.06741573033707865,0.0,0.0,0.0,0.0,0.0651685393258427,0.0022471910112359553,0.015730337078651686,0.17752808988764046,0.01348314606741573,0.02696629213483146
0.19103313840155944,0.08966861598440545,0.003898635477582846,0.3255360623781676,0.025341130604288498,0.06042884990253411,0.0,0.005847953216374269,0.0,0.0,0.056530214424951264,0.005847953216374269,0.01949317738791423,0.17348927875243664,0.01364522417153996,0.029239766081871343
0.1945392491467577,0.08703071672354949,0.0034129692832764505,0.3191126279863481,0.023890784982935155,0.07337883959044368,0.0,0.011945392491467578,0.0,0.0,0.052901023890784986,0.005119453924914676,0.023890784982935155,0.1621160409556314,0.013651877133105802,0.02901023890784983
0.19457013574660634,0.07692307692307693,0.004524886877828055,0.3137254901960784,0.027149321266968326,0.07390648567119155,0.0030165912518853697,0.015082956259426848,0.0015082956259426848,0.0030165912518853697,0.04675716440422323,0.006033182503770739,0.02564102564102564,0.17345399698340874,0.010558069381598794,0.024132730015082957
0.1968503937007874,0.07874015748031496,0.0,0.30446194225721784,0.028871391076115485,0.07480314960629922,0.003937007874015748,0.01968503937007874,0.0013123359580052493,0.0026246719160104987,0.04461942257217848,0.005249343832020997,0.028871391076115485,0.17979002624671916,0.009186351706036745,0.02099737532808399
0.1993047508690614,0.07068366164542295,0.0011587485515643105,0.3093858632676709,0.027809965237543453,0.07415990730011587,0.004634994206257242,0.026651216685979143,0.002317497103128621,0.0034762456546929316,0.039397450753186555,0.008111239860950173,0.03476245654692932,0.16917728852838934,0.005793742757821553,0.023174971031286212
0.2033195020746888,0.06431535269709543,0.002074688796680498,0.3049792531120332,0.028008298755186723,0.07053941908713693,0.005186721991701245,0.029045643153526972,0.002074688796680498,0.004149377593360996,0.03941908713692946,0.008298755186721992,0.03630705394190872,0.17323651452282157,0.006224066390041493,0.022821576763485476
0.21514312096029548,0.05447830101569714,0.003693444136657433,0.30932594644506,0.030470914127423823,0.0729455216989843,0.006463527239150508,0.0332409972299169,0.003693444136657433,0.00554016620498615,0.032317636195752536,0.009233610341643583,0.030470914127423823,0.16712834718374883,0.006463527239150508,0.019390581717451522
0.22103533278553822,0.05094494658997535,0.008216926869350863,0.30813475760065734,0.029580936729663106,0.06409202958093672,0.00657354149548069,0.04026294165981923,0.005751848808545604,0.00657354149548069,0.031224322103533278,0.010682004930156122,0.03368940016433854,0.16105176663927692,0.00657354149548069,0.015612161051766639
0.2299625468164794,0.044194756554307116,0.010486891385767791,0.30711610486891383,0.026217228464419477,0.06591760299625468,0.006741573033707865,0.04269662921348315,0.0044943820224719105,0.006741573033707865,0.0299625468164794,0.010486891385767791,0.03445692883895131,0.15955056179775282,0.00599250936329588,0.0149812734082397
0.23874488403819918,0.03956343792633015,0.01227830832196453,0.3130968622100955,0.023192360163710776,0.06480218281036836,0.0068212824010914054,0.045702592087312414,0.0068212824010914054,0.010231923601637109,0.02796725784447476,0.011596180081855388,0.03342428376534789,0.1466575716234652,0.006139154160982265,0.01296043656207367
0.2361904761904762,0.036825396825396824,0.013968253968253968,0.3142857142857143,0.022857142857142857,0.06285714285714286,0.006349206349206349,0.05142857142857143,0.008253968253968255,0.010158730158730159,0.02857142857142857,0.011428571428571429,0.03301587301587302,0.14412698412698413,0.007619047619047619,0.012063492063492064
0.24014125956444968,0.034726309593878756,0.017068864037669218,0.3119482048263684,0.01942319011183049,0.06474396703943497,0.006474396703943496,0.05414949970570924,0.007651559741024131,0.01059446733372572,0.025309005297233667,0.01353737492642731,0.033549146556798116,0.14067098293113597,0.00824014125956445,0.011771630370806356
0.23780487804878048,0.029379157427937917,0.020509977827051,0.3098669623059867,0.018292682926829267,0.06818181818181818,0.0066518847006651885,0.05931263858093126,0.008314855875831485,0.012195121951219513,0.024944567627494457,0.013303769401330377,0.033813747228381374,0.13802660753880266,0.007760532150776054,0.01164079822616408
0.23700954400848356,0.028101802757158005,0.022799575821845174,0.3080593849416755,0.021208907741251327,0.06839872746553552,0.005302226935312832,0.06256627783669141,0.008483563096500531,0.014316012725344645,0.021739130434782608,0.012195121951219513,0.032873806998939555,0.13891834570519618,0.008483563096500531,0.009544008483563097
0.23541349568746828,0.026382546930492135,0.026382546930492135,0.3099949264332826,0.0213089802130898,0.0700152207001522,0.005580923389142567,0.06291222729578894,0.008117706747843734,0.014713343480466767,0.0213089802130898,0.0121765601217656,0.029934043632673768,0.1354642313546423,0.009639776763064434,0.0106544901065449
0.23919449901768172,0.023575638506876228,0.027013752455795677,0.3069744597249509,0.02111984282907662,0.068762278978389,0.0063850687622789785,0.0618860510805501,0.009332023575638507,0.014734774066797643,0.01768172888015717,0.012770137524557957,0.03339882121807466,0.13555992141453832,0.009332023575638507,0.012278978388998035
0.23450264296011533,0.024026910139356077,0.02787121576165305,0.3070639115809707,0.020663142719846227,0.06823642479577126,0.006246996636232581,0.06343104276790004,0.009610764055742432,0.017299375300336376,0.01874098990869774,0.012013455069678039,0.035079288803459875,0.13310908217203268,0.008169149447381067,0.013935607880826525
0.22970479704797048,0.021678966789667898,0.029059040590405903,0.3039667896678967,0.02029520295202952,0.07287822878228782,0.005996309963099631,0.06457564575645756,0.01014760147601476,0.017066420664206643,0.019833948339483393,0.012915129151291513,0.03459409594095941,0.13422509225092252,0.007841328413284132,0.01522140221402214
0.2301660516605166,0.02029520295202952,0.02859778597785978,0.3007380073800738,0.02029520295202952,0.07380073800738007,0.006457564575645757,0.06226937269372694,0.01107011070110701,0.017527675276752766,0.01937269372693727,0.01522140221402214,0.03782287822878229,0.13376383763837638,0.007380073800738007,0.01522140221402214
0.23384201077199282,0.02064631956912029,0.03141831238779174,0.2966786355475763,0.018850987432675045,0.07405745062836624,0.0058348294434470375,0.06283662477558348,0.010323159784560144,0.01660682226211849,0.017953321364452424,0.01660682226211849,0.0381508078994614,0.1319569120287253,0.009425493716337522,0.01481149012567325
0.2314234556848702,0.021038495971351837,0.02954341987466428,0.29588182632050136,0.021486123545210387,0.07072515666965085,0.007609668755595345,0.06714413607878246,0.010295434198746643,0.017905102954341987,0.01611459265890779,0.017905102954341987,0.03760071620411817,0.12936436884512087,0.011190689346463742,0.01477170993733214
0.23185840707964603,0.02168141592920354,0.030973451327433628,0.29690265486725664,0.02079646017699115,0.0747787610619469,0.009292035398230088,0.06283185840707965,0.010176991150442478,0.016814159292035398,0.01504424778761062,0.017256637168141593,0.03938053097345133,0.12743362831858407,0.009292035398230088,0.015486725663716814
0.23407992973210365,0.021080368906455864,0.027228809837505488,0.2977602108036891,0.020202020202020204,0.0707070707070707,0.00966183574879227,0.06543697848045674,0.011418533157663592,0.018006148440931048,0.016249451032059728,0.01668862538427756,0.03820816864295125,0.13043478260869565,0.007905138339920948,0.014931927975406236
0.2357111209570226,0.02259636685866194,0.028799291094373063,0.2897651750110766,0.01860877270713336,0.07133362871067789,0.0101905183872397,0.06380150642445724,0.013735046521931768,0.01993797075764289,0.01595037660611431,0.016836508639787327,0.03943287549844927,0.12937527691626052,0.008418254319893664,0.015507310589277802
0.23172352680549402,0.022153300841825433,0.0256978289765175,0.2897651750110766,0.01905183872396987,0.07133362871067789,0.011519716437749225,0.06513070447496677,0.012405848471422242,0.01949490474080638,0.01595037660611431,0.017279574656623838,0.04164820558263181,0.13114754098360656,0.008861320336730172,0.016836508639787327
0.23325942350332593,0.021286031042128603,0.025720620842572064,0.2776053215077605,0.020842572062084258,0.07450110864745012,0.01197339246119734,0.07139689578713969,0.012416851441241685,0.01951219512195122,0.016407982261640797,0.01818181818181818,0.04390243902439024,0.1246119733924612,0.010199556541019957,0.01818181818181818
0.22709163346613545,0.02036299247454626,0.025675077467906152,0.28463922089420096,0.02213368747233289,0.06994245241257194,0.011066843736166445,0.0703851261620186,0.013280212483399735,0.021691013722886232,0.01593625498007968,0.01859229747675963,0.041168658698539175,0.12926073483842407,0.01018149623727313,0.01859229747675963
0.23026025584472873,0.01940891045434495,0.023820026466696075,0.2827525363917071,0.020291133656815175,0.070577856197618,0.0105866784296427,0.06925452139391267,0.013233348037053375,0.020732245258050286,0.014997794441993825,0.018967798853109837,0.04146449051610057,0.1340979267754742,0.0105866784296427,0.018967798853109837
0.22683142100617829,0.018976169461606355,0.02471315092674316,0.28596646072374227,0.02118270079435128,0.0706090026478376,0.010150044130626656,0.07149161518093557,0.013680494263018535,0.020741394527802295,0.015445719329214475,0.01676963812886143,0.040158870255957636,0.13371579876434245,0.0088261253309797,0.020741394527802295
0.22741295724988983,0.01762891141472014,0.0246804759806082,0.2895548699867783,0.020713970912296167,0.07183781401498457,0.009695901278096077,0.06743058616130454,0.012780960775672102,0.02247686205376818,0.01630674305861613,0.016747465843984136,0.042309387395328336,0.13133539003966505,0.009255178492728075,0.01983252534156016
0.2337719298245614,0.016666666666666666,0.02324561403508772,0.2833333333333333,0.021052631578947368,0.07236842105263158,0.009210526315789473,0.07105263157894737,0.014473684210526316,0.02236842105263158,0.016228070175438595,0.017543859649122806,0.0412280701754386,0.1267543859649123,0.009210526315789473,0.02149122807017544
0.23170731707317074,0.016114982578397212,0.023519163763066203,0.28005226480836237,0.016986062717770034,0.07491289198606271,0.011759581881533102,0.07186411149825785,0.013066202090592335,0.020905923344947737,0.017421602787456445,0.02003484320557491,0.04050522648083624,0.12761324041811847,0.01088850174216028,0.02264808362369338
0.2363556338028169,0.016285211267605633,0.02244718309859155,0.27244718309859156,0.017605633802816902,0.07570422535211267,0.011443661971830986,0.0664612676056338,0.014084507042253521,0.023767605633802816,0.016725352112676055,0.022887323943661973,0.04225352112676056,0.12940140845070422,0.01232394366197183,0.019806338028169015
0.23968393327480245,0.016681299385425813,0.02019315188762072,0.28050921861281825,0.018437225636523266,0.07418788410886742,0.01141352063213345,0.06672519754170325,0.014047410008779631,0.02502194907813872,0.014047410008779631,0.02151009657594381,0.03906935908691835,0.12598770851624233,0.012291483757682178,0.02019315188762072
0.2399647110719012,0.015438906043228937,0.019850022055580063,0.27701808557565066,0.01808557565063961,0.07498897220996913,0.009704455227172474,0.06484340538156154,0.013674459638288486,0.026025584472871635,0.013674459638288486,0.022496691662990738,0.04190560211733568,0.12968681076312308,0.012351124834583149,0.020291133656815175
0.23614775725593667,0.016270888302550572,0.022867194371152155,0.2770448548812665,0.018909410729991204,0.0712401055408971,0.008795074758135445,0.06552330694810905,0.013632365875109938,0.026824978012313105,0.014072119613016711,0.022427440633245383,0.04309586631486367,0.13280562884784522,0.010993843447669306,0.019349164467897976
0.23467137185707984,0.015438906043228937,0.0211733568592854,0.28010586678429644,0.01808557565063961,0.07013674459638289,0.0105866784296427,0.0674900749889722,0.012351124834583149,0.02690780767534186,0.015880017644464048,0.023820026466696075,0.04455227172474636,0.12836347595941774,0.011910013233348038,0.018526687251874726
0.23080317740511916,0.015445719329214475,0.02294792586054722,0.27758164165931154,0.019417475728155338,0.07237422771403354,0.010150044130626656,0.06663724624889673,0.01323918799646955,0.026919682259488084,0.015445719329214475,0.023389232127096204,0.04501323918799647,0.12709620476610767,0.01235657546337158,0.02118270079435128
0.23090353557398516,0.015277171540811872,0.02357049323439546,0.2859013531209079,0.01920558707987778,0.07202095154954169,0.01003928415539066,0.06372762985595809,0.013094718463553033,0.027062418158009603,0.014404190309908338,0.022261021388040158,0.044522042776080316,0.12963771278917502,0.010912265386294195,0.017459624618070713
0.2247926669576604,0.018332605848974247,0.02357049323439546,0.28502837189000435,0.01920558707987778,0.07245744216499345,0.010475774770842427,0.06285464862505456,0.013094718463553033,0.027062418158009603,0.017023134002618942,0.023134002618943692,0.04757747708424269,0.12745525971191618,0.010475774770842427,0.017459624618070713
0.22859664607237423,0.017210944395410415,0.023389232127096204,0.2828773168578994,0.019858781994704325,0.07590467784642542,0.010150044130626656,0.06398940864960283,0.01235657546337158,0.03133274492497794,0.01676963812886143,0.020741394527802295,0.04633715798764342,0.12180052956751986,0.010150044130626656,0.018534863195057368
0.22373626373626374,0.01978021978021978,0.02241758241758242,0.2821978021978022,0.01934065934065934,0.07692307692307693,0.009230769230769232,0.06593406593406594,0.01054945054945055,0.03296703296703297,0.015824175824175824,0.02021978021978022,0.04659340659340659,0.12571428571428572,0.01054945054945055,0.01802197802197802
0.2261904761904762,0.02072310405643739,0.021604938271604937,0.27645502645502645,0.01984126984126984,0.08024691358024691,0.007936507936507936,0.06481481481481481,0.008818342151675485,0.03218694885361552,0.015432098765432098,0.02072310405643739,0.048500881834215165,0.12698412698412698,0.010582010582010581,0.01895943562610229
0.22586359610274578,0.018600531443755536,0.021257750221434897,0.2785651018600531,0.02037201062887511,0.07617360496014172,0.007528786536758193,0.06775907883082374,0.007971656333038087,0.03188662533215235,0.01550044286979628,0.024357838795394153,0.049601417183348095,0.12488928255093003,0.010186005314437556,0.01948627103631532
0.22158590308370044,0.02026431718061674,0.02158590308370044,0.27929515418502204,0.019823788546255508,0.07665198237885462,0.007048458149779736,0.06651982378854626,0.009251101321585903,0.03259911894273128,0.014977973568281937,0.025991189427312777,0.04889867841409692,0.126431718061674,0.010572687224669603,0.018502202643171806
0.22833260008798945,0.02155741311042675,0.02111746590409151,0.27584689837219534,0.02111746590409151,0.07875054993400792,0.005719313682358117,0.06775186977562693,0.007919049714034315,0.030796304443466784,0.014518257809062912,0.025516937967443906,0.052353717553893536,0.11922569291684998,0.008798944126704795,0.02067751869775627
0.22128227960819233,0.020035618878005344,0.022707034728406055,0.27248441674087265,0.02226179875333927,0.0730186999109528,0.00578806767586821,0.07034728406055209,0.008459483526268923,0.031611754229741766,0.013802315227070348,0.02804986642920748,0.05209260908281389,0.12555654496883348,0.009349955476402494,0.02315227070347284
0.21970357454228423,0.01961639058413252,0.023103748910200523,0.27070619006102875,0.020924149956408022,0.07497820401046207,0.0052310374891020054,0.07236268526591107,0.007846556233653008,0.03182214472537053,0.013513513513513514,0.02746294681778553,0.05405405405405406,0.12598081952920662,0.008718395815170008,0.023975588491717523
0.22275922671353252,0.018892794376098417,0.024165202108963092,0.2640597539543058,0.020210896309314587,0.07469244288224956,0.0048330404217926184,0.07073813708260106,0.007908611599297012,0.031195079086115993,0.013181019332161687,0.027680140597539545,0.056239015817223195,0.12917398945518455,0.009666080843585237,0.02460456942003515
0.2196969696969697,0.017379679144385027,0.025846702317290554,0.267825311942959,0.017825311942959002,0.07219251336898395,0.004456327985739751,0.07308377896613191,0.008467023172905526,0.03163992869875223,0.012032085561497326,0.03074866310160428,0.05570409982174688,0.12878787878787878,0.00980392156862745,0.024509803921568627
0.21010989010989012,0.017582417582417582,0.025934065934065935,0.2676923076923077,0.01934065934065934,0.07296703296703297,0.0035164835164835165,0.07472527472527472,0.009230769230769232,0.03164835164835165,0.013186813186813187,0.03296703296703297,0.056703296703296706,0.12747252747252746,0.011868131868131869,0.025054945054945054
0.2142226148409894,0.0176678445229682,0.02561837455830389,0.2667844522968198,0.018109540636042403,0.07243816254416961,0.00441696113074205,0.07243816254416961,0.008392226148409895,0.03312720848056537,0.012809187279151944,0.03445229681978799,0.05830388692579505,0.127208480565371,0.01060070671378092,0.023409893992932862
0.22079075966237227,0.0173256330519769,0.024433585073300755,0.26166148378498444,0.0173256330519769,0.073745002221235,0.00444247001332741,0.07330075521990227,0.007996446023989337,0.0346512661039538,0.014660151043980453,0.03198578409595735,0.05730786317192359,0.1257219013771657,0.010661928031985785,0.023989338071968014
0.21844660194174756,0.01676963812886143,0.02383053839364519,0.26037069726390116,0.017210944395410415,0.07590467784642542,0.006619593998234775,0.0706090026478376,0.00706090026478376,0.032215357458075904,0.01235657546337158,0.03133274492497794,0.061341571050308914,0.13150926743159752,0.009708737864077669,0.02471315092674316
0.2174103237095363,0.016185476815398076,0.021872265966754154,0.2646544181977253,0.018810148731408575,0.07742782152230972,0.0074365704286964126,0.07130358705161854,0.008311461067366578,0.02712160979877515,0.013560804899387576,0.03455818022747156,0.06080489938757655,0.1268591426071741,0.008748906386701663,0.024934383202099737
0.21127385707944962,0.017310252996005325,0.022192632046160676,0.2596537949400799,0.016422547714158898,0.08078118064802485,0.007989347536617843,0.0758988015978695,0.008433200177541057,0.02929427430093209,0.013759431868619618,0.031069684864624945,0.06213936972924989,0.12916111850865514,0.009320905459387484,0.02529960053262317
0.20964912280701756,0.017105263157894738,0.02280701754385965,0.2600877192982456,0.017543859649122806,0.07763157894736843,0.007894736842105263,0.07236842105263158,0.008771929824561403,0.031578947368421054,0.014473684210526316,0.03508771929824561,0.06271929824561404,0.1267543859649123,0.008771929824561403,0.02675438596491228
0.20820467578297308,0.016321129245699163,0.022496691662990738,0.26378473753859727,0.017203352448169385,0.07454786060873402,0.007498897220996913,0.07278341420379356,0.0070577856197618,0.033083370092633436,0.014997794441993825,0.03573003970004411,0.061755624172915746,0.1301279223643582,0.010145566828407587,0.024261138067931187
0.2085889570552147,0.016652059596844872,0.022787028921998246,0.261612620508326,0.016652059596844872,0.07668711656441718,0.007011393514460999,0.07230499561787905,0.007449605609114811,0.034618755477651184,0.015337423312883436,0.034618755477651184,0.06310254163014899,0.12751971954425942,0.010078878177037686,0.02497808939526731
0.2097560975609756,0.015521064301552107,0.02394678492239468,0.26430155210643014,0.014190687361419069,0.07494456762749446,0.007982261640798226,0.07139689578713969,0.0066518847006651885,0.03458980044345898,0.012860310421286032,0.03547671840354767,0.0647450110864745,0.12771618625277162,0.00975609756097561,0.02616407982261641
0.20618101545253864,0.01545253863134658,0.022516556291390728,0.26490066225165565,0.015011037527593819,0.07505518763796909,0.00706401766004415,0.07417218543046358,0.0075055187637969095,0.03708609271523179,0.012803532008830023,0.03620309050772627,0.0640176600441501,0.1262693156732892,0.009713024282560706,0.026048565121412803
0.2103139013452915,0.015246636771300448,0.022869955156950672,0.25829596412556055,0.015246636771300448,0.06950672645739911,0.007623318385650224,0.0726457399103139,0.008071748878923767,0.03497757847533632,0.012556053811659192,0.03452914798206278,0.06771300448430494,0.13183856502242153,0.010762331838565023,0.02780269058295964
0.20899470899470898,0.014991181657848324,0.022486772486772486,0.25617283950617287,0.014991181657848324,0.07142857142857142,0.007495590828924162,0.07142857142857142,0.00837742504409171,0.034832451499118164,0.013668430335097001,0.037037037037037035,0.06746031746031746,0.1318342151675485,0.011904761904761904,0.026895943562610228
0.207688908528502,0.014582412726469289,0.020326999558108707,0.2664604507291206,0.014140521431727796,0.06937693327441449,0.007512152010605391,0.07247017233760494,0.008837825894829872,0.03225806451612903,0.012814847547503314,0.03314184710561202,0.06981882456915599,0.13300927971718957,0.012372956252761821,0.025187803800265134
0.21560035056967572,0.014022787028921999,0.018843120070113933,0.261612620508326,0.012269938650306749,0.06923751095530237,0.008764241893076249,0.07230499561787905,0.009202453987730062,0.034618755477651184,0.011831726555652936,0.03067484662576687,0.07099035933391762,0.13321647677475898,0.012269938650306749,0.024539877300613498
0.21412705464238116,0.013771657041314972,0.019102621057307864,0.26699244780097736,0.01332741003998223,0.06663705019991115,0.008440693025322079,0.07241226121723679,0.00888494002665482,0.03065304309195913,0.009773434029320302,0.029320302087960905,0.07507774322523322,0.13371834740115504,0.011550422034651266,0.02621057307863172
0.21066666666666667,0.012,0.01911111111111111,0.2693333333333333,0.012444444444444444,0.06488888888888888,0.007555555555555556,0.076,0.009333333333333334,0.030666666666666665,0.010666666666666666,0.03244444444444444,0.07733333333333334,0.12844444444444444,0.012444444444444444,0.02666666666666667
0.21027427078798433,0.012625163256421419,0.01828471919895516,0.26599912929908576,0.012625163256421419,0.07052677405311275,0.006965607313887679,0.07488027862429256,0.00914235959947758,0.03134523291249456,0.0108837614279495,0.030474531998258596,0.07792773182411841,0.12755768393556813,0.013495864170657379,0.026991728341314757
0.2072310405643739,0.01146384479717813,0.018518518518518517,0.263668430335097,0.012786596119929453,0.06966490299823633,0.007495590828924162,0.07539682539682539,0.010141093474426807,0.033950617283950615,0.010141093474426807,0.031746031746031744,0.08024691358024691,0.12698412698412698,0.01455026455026455,0.02601410934744268
0.1991208791208791,0.012307692307692308,0.01802197802197802,0.26505494505494503,0.014065934065934066,0.06681318681318682,0.008351648351648353,0.0778021978021978,0.01098901098901099,0.03560439560439561,0.01098901098901099,0.03472527472527472,0.07560439560439561,0.12615384615384614,0.016263736263736263,0.028131868131868132
0.19869848156182213,0.012581344902386117,0.016919739696312365,0.26550976138828636,0.01475054229934924,0.06550976138828633,0.00824295010845987,0.07765726681127982,0.009544468546637744,0.03731019522776573,0.011279826464208243,0.0351409978308026,0.07939262472885032,0.12494577006507593,0.016052060737527116,0.026464208242950107
0.20169189670525378,0.013357079252003561,0.016028495102404273,0.26625111308993765,0.01647373107747106,0.06634016028495103,0.008459483526268923,0.07524487978628673,0.009795191451469279,0.040516473731077474,0.009795191451469279,0.036064113980409616,0.07702582368655388,0.1219946571682992,0.016028495102404273,0.024933214603739984
0.20610349402919062,0.013268465280849183,0.018575851393188854,0.25917735515258733,0.015479876160990712,0.062361786819991154,0.007076514816452897,0.07430340557275542,0.010614772224679346,0.038920831490490936,0.011057054400707651,0.0362671384343211,0.0804953560371517,0.12339672711189739,0.017249004865103935,0.02565236620964175
0.2066079295154185,0.013215859030837005,0.016740088105726872,0.2665198237885463,0.01629955947136564,0.06255506607929516,0.006607929515418502,0.07268722466960352,0.009691629955947136,0.03788546255506608,0.011894273127753305,0.03303964757709251,0.08193832599118943,0.12070484581497798,0.017180616740088105,0.02643171806167401
0.2002635046113307,0.012736056214317084,0.01756697408871322,0.2648221343873518,0.017127799736495388,0.06324110671936758,0.006587615283267457,0.07729468599033816,0.010101010101010102,0.03689064558629776,0.012296881862099254,0.037768994290733424,0.08168642951251646,0.11901624945103206,0.015371102327624066,0.027228809837505488
0.19875776397515527,0.011978704525288377,0.01774622892635315,0.2626441881100266,0.01685891748003549,0.06344276841171251,0.0075421472937000885,0.07542147293700088,0.01020408163265306,0.03327417923691216,0.013309671694764862,0.03948535936113576,0.08118899733806566,0.1251109139307897,0.015084294587400177,0.027950310559006212
0.20398230088495575,0.011504424778761062,0.018141592920353982,0.2650442477876106,0.018584070796460177,0.061061946902654866,0.00752212389380531,0.07654867256637168,0.011946902654867256,0.034070796460176994,0.013716814159292035,0.03893805309734513,0.08230088495575222,0.1172566371681416,0.01327433628318584,0.026106194690265486
0.19884598313359964,0.011096316023080338,0.01775410563692854,0.26542387927208166,0.018197958277851752,0.06169551708832668,0.007101642254771416,0.07811806480248558,0.011096316023080338,0.036395916555703504,0.013315579227696404,0.03905903240124279,0.08166888592987129,0.12072791833111407,0.01287172658677319,0.02663115845539281
0.19875500222321033,0.011560693641618497,0.01600711427301023,0.26411738550466873,0.020008892841262782,0.06047132058692752,0.007114273010226767,0.07825700311249444,0.01200533570475767,0.03646064917741218,0.013339261894175189,0.03601600711427301,0.0853712761227212,0.12138728323699421,0.01200533570475767,0.02712316585148955
0.20826010544815465,0.012741652021089631,0.014938488576449912,0.2596660808435852,0.0210896309314587,0.06063268892794376,0.006151142355008787,0.07425307557117751,0.01054481546572935,0.03602811950790861,0.013181019332161687,0.04086115992970123,0.08655536028119508,0.11599297012302284,0.00922671353251318,0.029876977152899824
0.20245937637241984,0.012736056214317084,0.01668862538427756,0.25911286780852,0.018884497145366712,0.06324110671936758,0.007905138339920948,0.06982872200263504,0.011418533157663592,0.03469477382520861,0.012296881862099254,0.043478260869565216,0.0878348704435661,0.12077294685990338,0.010101010101010102,0.02854633289415898
0.19991154356479435,0.012826183104820876,0.017249004865103935,0.2565236620964175,0.018575851393188854,0.062361786819991154,0.008845643520566122,0.07120743034055728,0.011057054400707651,0.03538257408226449,0.01238390092879257,0.04643962848297214,0.08845643520566121,0.11897390535161433,0.009730207872622734,0.03007518796992481
0.20114942528735633,0.014146772767462422,0.017241379310344827,0.259946949602122,0.01768346595932803,0.0636604774535809,0.008399646330680813,0.0671971706454465,0.011494252873563218,0.03536693191865606,0.01282051282051282,0.04730327144120248,0.08885941644562334,0.11582670203359859,0.011052166224580018,0.027851458885941646
0.19930374238468232,0.013489991296779809,0.017406440382941687,0.25674499564838993,0.017406440382941687,0.06614447345517842,0.007832898172323759,0.06744995648389904,0.010008703220191472,0.03655352480417755,0.01392515230635335,0.047867711053089644,0.08833768494342907,0.11792863359442994,0.01174934725848564,0.0278503046127067
0.19903551074090312,0.014905743095133712,0.01578255151249452,0.25778167470407715,0.01578255151249452,0.0657606313020605,0.008768084173608066,0.06882946076282333,0.010083296799649276,0.037264357737834285,0.01446733888645331,0.04866286716352477,0.08329679964927664,0.12099956159579132,0.01052170100832968,0.028057869355545814
0.20105355575065847,0.013608428446005268,0.01624231782265145,0.25417032484635643,0.014925373134328358,0.06584723441615452,0.01009657594381036,0.0733099209833187,0.010974539069359086,0.04038630377524144,0.014047410008779631,0.046093064091308165,0.07945566286215978,0.1189640035118525,0.010535557506584723,0.03028972783143108
0.1970770593445527,0.01550044286979628,0.016386182462356066,0.25730735163861823,0.01550044286979628,0.06465899025686449,0.011514614703277236,0.07263064658990256,0.011071744906997343,0.038529672276350756,0.012843224092116917,0.043401240035429584,0.08193091231178033,0.12311780336581045,0.010628875110717449,0.027900797165633304
0.19921017990346643,0.015357612988152698,0.020184291355857833,0.25010969723562965,0.014041246160596753,0.06757349714787188,0.009214567792891619,0.07240017551557701,0.01228609039052216,0.040807371654234315,0.01228609039052216,0.04300131636682756,0.08029837648091268,0.12373848179025888,0.010092145677928916,0.029398859148749453
0.2000875656742557,0.01838879159369527,0.020140105078809107,0.2504378283712785,0.014448336252189142,0.06567425569176882,0.0074430823117338,0.07049036777583187,0.013572679509632224,0.040280210157618214,0.014010507880910683,0.03984238178633975,0.08143607705779335,0.1243432574430823,0.010945709281961471,0.028458844133099823
0.20079260237780713,0.017173051519154558,0.019815059445178335,0.24702774108322326,0.014971378247468076,0.06605019815059446,0.009247027741083224,0.07045354469396742,0.01453104359313078,0.039189784236019376,0.01453104359313078,0.041831792162043156,0.08014090708938794,0.12197269925143109,0.010127697049757816,0.032144429766622636
0.19991173874669022,0.01676963812886143,0.019417475728155338,0.2533097969991174,0.01588702559576346,0.06663724624889673,0.00794351279788173,0.07590467784642542,0.01323918799646955,0.03795233892321271,0.01412180052956752,0.041924095322153576,0.07899382171226832,0.11518093556928509,0.01059135039717564,0.032215357458075904
0.1977001326846528,0.01592215833701902,0.01901813356921716,0.24900486510393632,0.01680672268907563,0.06811145510835913,0.008845643520566122,0.0725342768686422,0.014153029632905795,0.03847854931446263,0.016364440513047324,0.042459088898717384,0.08359133126934984,0.11587793011941619,0.010172490048651039,0.030959752321981424
0.20267857142857143,0.015178571428571428,0.020089285714285716,0.24017857142857144,0.016517857142857143,0.065625,0.008928571428571428,0.071875,0.015178571428571428,0.03705357142857143,0.015625,0.044642857142857144,0.08482142857142858,0.11964285714285715,0.0125,0.029464285714285714
0.2059727711901625,0.015371102327624066,0.019762845849802372,0.24286341677646026,0.014931927975406236,0.06719367588932806,0.00922266139657444,0.06719367588932806,0.013614404918752744,0.03689064558629776,0.014931927975406236,0.04391743522178305,0.08871321914800176,0.1181379007465964,0.012296881862099254,0.028985507246376812
0.2008888888888889,0.016444444444444446,0.01911111111111111,0.24488888888888888,0.015555555555555555,0.07155555555555555,0.008,0.06977777777777777,0.013333333333333334,0.03777777777777778,0.014666666666666666,0.042222222222222223,0.08755555555555555,0.11644444444444445,0.012444444444444444,0.029333333333333333
0.20369555653321603,0.015398152221733392,0.01847778266608007,0.2432908051033876,0.014078310602727673,0.07127144742630884,0.008358996920369555,0.0686317641882974,0.014078310602727673,0.03563572371315442,0.014518257809062912,0.0409150901891773,0.08930928288605368,0.12098548174219094,0.011878574571051475,0.029476462824461064
0.19893190921228304,0.015131286159323543,0.01824655095683133,0.2345349354695149,0.01290609701824655,0.07254116599910992,0.010235870048954161,0.06898086337338674,0.015131286159323543,0.035603026257231864,0.01335113484646195,0.04494882064975523,0.09479305740987984,0.12105028927458834,0.012461059190031152,0.03115264797507788
0.20088495575221238,0.01504424778761062,0.018141592920353982,0.23097345132743363,0.010176991150442478,0.07743362831858407,0.009292035398230088,0.07035398230088495,0.014601769911504425,0.03672566371681416,0.012831858407079646,0.04601769911504425,0.09778761061946903,0.11548672566371682,0.013716814159292035,0.030530973451327433
0.20079260237780713,0.017613386173491855,0.015852047556142668,0.23029502421840597,0.010568031704095112,0.07309555261999119,0.00836635843240863,0.0717745486569793,0.015411712901805373,0.039189784236019376,0.014090708938793483,0.047556142668428,0.09158960810215765,0.11756935270805813,0.014971378247468076,0.03126376045794804
0.19884598313359964,0.015534842432312472,0.015090989791389259,0.23923657345761207,0.010652463382157125,0.0754549489569463,0.009764758100310697,0.07190412782956059,0.015090989791389259,0.03595206391478029,0.012427873945849977,0.045272969374167776,0.09276520195295163,0.11984021304926765,0.01287172658677319,0.02929427430093209
0.20061457418788411,0.015364354697102721,0.014486391571553995,0.23661106233538193,0.01009657594381036,0.07769973661106233,0.01009657594381036,0.06892010535557506,0.015803336259877086,0.03511852502194908,0.013169446883230905,0.04477611940298507,0.09701492537313433,0.11940298507462686,0.011852502194907815,0.02897278314310799
0.19858781994704325,0.01588702559576346,0.01500441306266549,0.24227714033539277,0.009708737864077669,0.07016769638128861,0.010150044130626656,0.0706090026478376,0.015445719329214475,0.03265666372462489,0.011915269196822596,0.04633715798764342,0.0970873786407767,0.12312444836716681,0.012797881729920565,0.02824360105913504
0.2028985507246377,0.014931927975406236,0.014492753623188406,0.24022837066315328,0.00966183574879227,0.06895037329819939,0.00966183574879227,0.07422046552481334,0.015371102327624066,0.03337725076855512,0.011418533157663592,0.046991655687307864,0.0966183574879227,0.12033377250768555,0.013614404918752744,0.027228809837505488
0.2006172839506173,0.015873015873015872,0.014109347442680775,0.24029982363315697,0.010141093474426807,0.06878306878306878,0.010582010582010581,0.07495590828924162,0.014991181657848324,0.03439153439153439,0.012786596119929453,0.05026455026455026,0.09479717813051146,0.11860670194003527,0.01146384479717813,0.027336860670194002
0.2002652519893899,0.017241379310344827,0.013704686118479222,0.23784261715296198,0.010610079575596816,0.06763925729442971,0.010167992926613616,0.07824933687002653,0.015030946065428824,0.03404067197170645,0.011936339522546418,0.04907161803713528,0.09681697612732096,0.11671087533156499,0.011494252873563218,0.029177718832891247
0.20653133274492497,0.0176522506619594,0.011915269196822596,0.23654015887025595,0.011915269196822596,0.06884377758164166,0.00794351279788173,0.0763459841129744,0.014563106796116505,0.03442188879082083,0.011915269196822596,0.0498676081200353,0.09620476610767872,0.11429832303618712,0.01147396293027361,0.029567519858781994
0.20733863837312114,0.015915119363395226,0.014146772767462422,0.23342175066312998,0.011052166224580018,0.06896551724137931,0.010167992926613616,0.07780725022104333,0.014146772767462422,0.034482758620689655,0.011494252873563218,0.04907161803713528,0.09725906277630415,0.11361626878868258,0.011494252873563218,0.02961980548187445
0.19911308203991132,0.015964523281596452,0.013747228381374724,0.23592017738359203,0.010643015521064302,0.06873614190687362,0.011529933481152993,0.07893569844789357,0.01507760532150776,0.03458980044345898,0.011529933481152993,0.05144124168514413,0.09800443458980045,0.11263858093126386,0.01197339246119734,0.03015521064301552
0.19507908611599298,0.015817223198594025,0.014059753954305799,0.23154657293497363,0.013181019332161687,0.07073813708260106,0.011862917398945518,0.0804042179261863,0.014938488576449912,0.0351493848857645,0.011862917398945518,0.050966608084358524,0.09797891036906854,0.11423550087873462,0.011862917398945518,0.03031634446397188
0.20351648351648352,0.016703296703296705,0.013186813186813187,0.23076923076923078,0.013186813186813187,0.0698901098901099,0.013186813186813187,0.07912087912087912,0.014065934065934066,0.032527472527472526,0.01054945054945055,0.05142857142857143,0.09934065934065935,0.10989010989010989,0.011428571428571429,0.03120879120879121
0.19700967458223395,0.016270888302550572,0.012313104661389622,0.22955145118733508,0.014072119613016711,0.07255936675461741,0.012313104661389622,0.08179419525065963,0.014511873350923483,0.03386103781882146,0.010554089709762533,0.051890941072999124,0.10290237467018469,0.1077396657871592,0.012313104661389622,0.030343007915567283
0.1977924944812362,0.016777041942604858,0.011037527593818985,0.22560706401766004,0.01456953642384106,0.0728476821192053,0.012803532008830023,0.08256070640176601,0.015011037527593819,0.03664459161147903,0.009713024282560706,0.05121412803532009,0.10331125827814569,0.10728476821192053,0.011479028697571744,0.031346578366445915
0.19735099337748344,0.016777041942604858,0.011920529801324504,0.22869757174392935,0.013686534216335542,0.0728476821192053,0.010596026490066225,0.0772626931567329,0.01545253863134658,0.03664459161147903,0.009713024282560706,0.04988962472406181,0.10816777041942605,0.11081677704194261,0.011037527593818985,0.02913907284768212
0.19389110225763612,0.017264276228419653,0.01195219123505976,0.23550243470562196,0.013280212483399735,0.07613988490482515,0.01195219123505976,0.07481186365648516,0.015050907481186366,0.034528552456839307,0.011066843736166445,0.04780876494023904,0.10668437361664453,0.10756972111553785,0.01239486498450642,0.03010181496237273
0.19527418635755683,0.016049933125278644,0.012483281319661168,0.2362906821221578,0.013820775746767721,0.07044137316094516,0.0115916183682568,0.07267053053945609,0.015158270173874276,0.03343736067766384,0.012483281319661168,0.04681230494872938,0.11145786892554614,0.11101203744984396,0.011145786892554615,0.029870708872046365
