C_R,C_A,C_S,C_N,D_R,D_A,D_S,D_N,Oc_R,Oc_A,Oc_S,Oc_N,Od_R,Od_A,Od_S,Od_N
0.0,1.0,0.0,0.0,0.0,0.0,0.0,0.0,0.0,0.0,0.0,0.0,0.0,0.0,0.0,0.0
0.0,0.5,0.5,0.0,0.0,0.0,0.0,0.0,0.0,0.0,0.0,0.0,0.0,0.0,0.0,0.0
0.0,0.3333333333333333,0.3333333333333333,0.0,0.0,0.0,0.0,0.0,0.0,0.0,0.0,0.0,0.0,0.0,0.3333333333333333,0.0
0.0,0.2,0.2,0.0,0.0,0.0,0.0,0.0,0.0,0.0,0.0,0.0,0.0,0.0,0.2,0.4
0.0,0.2,0.2,0.0,0.0,0.2,0.0,0.0,0.0,0.0,0.0,0.0,0.0,0.0,0.0,0.4
0.0,0.14285714285714285,0.14285714285714285,0.0,0.0,0.14285714285714285,0.0,0.0,0.0,0.14285714285714285,0.0,0.0,0.0,0.0,0.0,0.42857142857142855
0.0,0.1111111111111111,0.1111111111111111,0.0,0.0,0.1111111111111111,0.0,0.0,0.0,0.1111111111111111,0.1111111111111111,0.0,0.0,0.0,0.0,0.4444444444444444
0.0,0.0,0.1111111111111111,0.0,0.0,0.2222222222222222,0.0,0.0,0.0,0.1111111111111111,0.0,0.0,0.0,0.1111111111111111,0.0,0.4444444444444444
0.0,0.0,0.0,0.0,0.0,0.2222222222222222,0.0,0.0,0.0,0.1111111111111111,0.0,0.0,0.0,0.0,0.1111111111111111,0.5555555555555556
0.0,0.0,0.0,0.0,0.0,0.2,0.0,0.0,0.0,0.1,0.0,0.1,0.0,0.0,0.1,0.5
0.0,0.0,0.0,0.0,0.0,0.2,0.0,0.0,0.0,0.1,0.0,0.1,0.0,0.0,0.1,0.5
0.16666666666666666,0.0,0.0,0.0,0.0,0.16666666666666666,0.0,0.0,0.0,0.08333333333333333,0.0,0.08333333333333333,0.0,0.0,0.08333333333333333,0.4166666666666667
0.21428571428571427,0.0,0.0,0.07142857142857142,0.0,0.14285714285714285,0.0,0.0,0.0,0.07142857142857142,0.0,0.07142857142857142,0.0,0.0,0.07142857142857142,0.35714285714285715
0.17647058823529413,0.0,0.0,0.058823529411764705,0.0,0.11764705882352941,0.0,0.0,0.058823529411764705,0.11764705882352941,0.0,0.11764705882352941,0.0,0.0,0.058823529411764705,0.29411764705882354
0.14285714285714285,0.0,0.0,0.047619047619047616,0.0,0.14285714285714285,0.0,0.0,0.047619047619047616,0.14285714285714285,0.0,0.09523809523809523,0.0,0.0,0.047619047619047616,0.3333333333333333
0.125,0.0,0.0,0.041666666666666664,0.0,0.125,0.0,0.0,0.041666666666666664,0.125,0.0,0.08333333333333333,0.0,0.0,0.0,0.4583333333333333
0.16666666666666666,0.0,0.0,0.06666666666666667,0.0,0.1,0.0,0.0,0.03333333333333333,0.1,0.0,0.06666666666666667,0.0,0.0,0.0,0.4666666666666667
0.21052631578947367,0.0,0.0,0.05263157894736842,0.0,0.07894736842105263,0.0,0.0,0.02631578947368421,0.13157894736842105,0.0,0.07894736842105263,0.0,0.0,0.0,0.42105263157894735
0.2127659574468085,0.0,0.0,0.0,0.0,0.06382978723404255,0.0,0.0,0.0425531914893617,0.1276595744680851,0.0,0.0851063829787234,0.0425531914893617,0.0,0.0,0.425531914893617
0.2857142857142857,0.0,0.0,0.0,0.017857142857142856,0.05357142857142857,0.0,0.017857142857142856,0.03571428571428571,0.08928571428571429,0.0,0.10714285714285714,0.05357142857142857,0.0,0.0,0.3392857142857143
0.2923076923076923,0.0,0.0,0.0,0.0,0.046153846153846156,0.0,0.03076923076923077,0.03076923076923077,0.07692307692307693,0.03076923076923077,0.1076923076923077,0.046153846153846156,0.0,0.0,0.3384615384615385
0.3424657534246575,0.0,0.0,0.0,0.0136986301369863,0.0410958904109589,0.0,0.0410958904109589,0.0273972602739726,0.0684931506849315,0.0273972602739726,0.0958904109589041,0.0547945205479452,0.0,0.0,0.2876712328767123
0.41379310344827586,0.0,0.0,0.0,0.011494252873563218,0.034482758620689655,0.0,0.034482758620689655,0.034482758620689655,0.05747126436781609,0.022988505747126436,0.09195402298850575,0.04597701149425287,0.0,0.011494252873563218,0.2413793103448276
0.44036697247706424,0.0,0.0,0.0,0.0,0.027522935779816515,0.0,0.01834862385321101,0.027522935779816515,0.045871559633027525,0.01834862385321101,0.11009174311926606,0.045871559633027525,0.0,0.009174311926605505,0.25688073394495414
0.46564885496183206,0.0,0.0,0.0,0.0,0.015267175572519083,0.0,0.015267175572519083,0.022900763358778626,0.030534351145038167,0.015267175572519083,0.09923664122137404,0.061068702290076333,0.0,0.007633587786259542,0.26717557251908397
0.46060606060606063,0.0,0.0,0.0,0.0,0.012121212121212121,0.0,0.01818181818181818,0.01818181818181818,0.030303030303030304,0.006060606060606061,0.09696969696969697,0.08484848484848485,0.0,0.006060606060606061,0.26666666666666666
0.47417840375586856,0.0,0.0,0.0,0.0,0.014084507042253521,0.0,0.014084507042253521,0.014084507042253521,0.023474178403755867,0.004694835680751174,0.107981220657277,0.09389671361502347,0.0,0.004694835680751174,0.24882629107981222
0.4921875,0.00390625,0.0,0.0,0.0,0.01171875,0.0,0.0078125,0.015625,0.01171875,0.00390625,0.109375,0.09765625,0.0,0.00390625,0.2421875
0.48344370860927155,0.0,0.0033112582781456954,0.0,0.0,0.009933774834437087,0.0,0.009933774834437087,0.013245033112582781,0.009933774834437087,0.006622516556291391,0.11258278145695365,0.10596026490066225,0.0,0.006622516556291391,0.23841059602649006
0.5126760563380282,0.0,0.0028169014084507044,0.005633802816901409,0.0,0.005633802816901409,0.0,0.011267605633802818,0.014084507042253521,0.011267605633802818,0.005633802816901409,0.08732394366197183,0.10985915492957747,0.0,0.005633802816901409,0.22816901408450704
0.5180722891566265,0.0024096385542168677,0.0024096385542168677,0.007228915662650603,0.0,0.004819277108433735,0.0,0.014457831325301205,0.014457831325301205,0.012048192771084338,0.004819277108433735,0.08674698795180723,0.11325301204819277,0.0,0.004819277108433735,0.21445783132530122
0.5330578512396694,0.002066115702479339,0.002066115702479339,0.006198347107438017,0.0,0.002066115702479339,0.0,0.010330578512396695,0.010330578512396695,0.01652892561983471,0.004132231404958678,0.08677685950413223,0.10950413223140495,0.002066115702479339,0.004132231404958678,0.21074380165289255
0.5459459459459459,0.0018018018018018018,0.0018018018018018018,0.007207207207207207,0.0,0.0018018018018018018,0.0,0.007207207207207207,0.014414414414414415,0.014414414414414415,0.0036036036036036037,0.07927927927927927,0.10810810810810811,0.0036036036036036037,0.0036036036036036037,0.2072072072072072
0.5401929260450161,0.003215434083601286,0.001607717041800643,0.008038585209003215,0.003215434083601286,0.001607717041800643,0.0,0.006430868167202572,0.017684887459807074,0.011254019292604502,0.003215434083601286,0.08520900321543408,0.10932475884244373,0.00482315112540193,0.00482315112540193,0.19935691318327975
0.5294117647058824,0.004411764705882353,0.0029411764705882353,0.014705882352941176,0.004411764705882353,0.0014705882352941176,0.0014705882352941176,0.0058823529411764705,0.023529411764705882,0.011764705882352941,0.0029411764705882353,0.0838235294117647,0.10588235294117647,0.0029411764705882353,0.0058823529411764705,0.19852941176470587
0.5303430079155673,0.00395778364116095,0.002638522427440633,0.0158311345646438,0.005277044854881266,0.002638522427440633,0.0013192612137203166,0.006596306068601583,0.027704485488126648,0.010554089709762533,0.00395778364116095,0.0870712401055409,0.09762532981530343,0.00395778364116095,0.005277044854881266,0.19525065963060687
0.5258103241296519,0.0024009603841536613,0.003601440576230492,0.01920768307322929,0.007202881152460984,0.003601440576230492,0.0012004801920768306,0.006002400960384154,0.030012004801920768,0.010804321728691477,0.004801920768307323,0.0936374549819928,0.0936374549819928,0.003601440576230492,0.0024009603841536613,0.19207683073229292
0.5256270447110142,0.004362050163576881,0.003271537622682661,0.029443838604143947,0.009814612868047983,0.0010905125408942203,0.0010905125408942203,0.006543075245365322,0.026172300981461286,0.011995637949836423,0.0054525627044711015,0.09051254089422028,0.08724100327153762,0.003271537622682661,0.0021810250817884407,0.19193020719738277
0.5266331658291458,0.004020100502512563,0.004020100502512563,0.031155778894472363,0.010050251256281407,0.0020100502512562816,0.003015075376884422,0.007035175879396985,0.02914572864321608,0.010050251256281407,0.007035175879396985,0.08341708542713568,0.0814070351758794,0.004020100502512563,0.0020100502512562816,0.19497487437185929
0.5215439856373429,0.005385996409335727,0.003590664272890485,0.03500897666068223,0.008976660682226212,0.0026929982046678637,0.0026929982046678637,0.00718132854578097,0.02872531418312388,0.012567324955116697,0.0062836624775583485,0.08976660682226212,0.0763016157989228,0.005385996409335727,0.0017953321364452424,0.19210053859964094
0.5189456342668863,0.004942339373970346,0.0032948929159802307,0.03377265238879736,0.01070840197693575,0.0032948929159802307,0.0016474464579901153,0.007413509060955519,0.025535420098846788,0.014827018121911038,0.006589785831960461,0.09390444810543658,0.07660626029654036,0.006589785831960461,0.0032948929159802307,0.1886326194398682
0.5223654283548143,0.0037907505686125853,0.002274450341167551,0.03866565579984837,0.01061410159211524,0.003032600454890068,0.003032600454890068,0.008339651250947688,0.02350265352539803,0.014404852160727824,0.00530705079605762,0.08718726307808947,0.07884761182714177,0.008339651250947688,0.0037907505686125853,0.1865049279757392
0.517115804806992,0.004369992716678805,0.0014566642388929353,0.043699927166788055,0.013109978150036417,0.003641660597232338,0.0029133284777858705,0.007283321194464676,0.02112163146394756,0.016023306627822288,0.005826656955571741,0.08667152221412965,0.07356154406409322,0.010924981791697014,0.005098324836125273,0.18718135469774216
0.5126279863481229,0.004095563139931741,0.0027303754266211604,0.04778156996587031,0.013651877133105802,0.0027303754266211604,0.0027303754266211604,0.006825938566552901,0.021160409556313993,0.017747440273037544,0.00477815699658703,0.08668941979522184,0.07167235494880546,0.010921501706484642,0.0061433447098976105,0.18771331058020477
0.5042016806722689,0.003878474466709761,0.002585649644473174,0.053652230122818355,0.015513897866839044,0.003232062055591467,0.0019392372333548805,0.006464124111182934,0.02262443438914027,0.017453135100193924,0.004524886877828055,0.08791208791208792,0.07304460245636717,0.011635423400129283,0.005817711700064641,0.18552036199095023
0.5106382978723404,0.00364741641337386,0.0024316109422492403,0.057750759878419454,0.015197568389057751,0.00547112462006079,0.00182370820668693,0.006686930091185411,0.02006079027355623,0.0182370820668693,0.00364741641337386,0.08571428571428572,0.06565349544072949,0.0121580547112462,0.004863221884498481,0.18601823708206686
0.5052386495925495,0.002910360884749709,0.0034924330616996507,0.06344586728754366,0.01571594877764843,0.005238649592549476,0.002328288707799767,0.006984866123399301,0.01920838183934808,0.018626309662398137,0.002328288707799767,0.09254947613504075,0.06344586728754366,0.012223515715948778,0.004074505238649592,0.18218859138533178
0.5033670033670034,0.0028058361391694723,0.0028058361391694723,0.06677890011223345,0.016835016835016835,0.005611672278338945,0.0016835016835016834,0.007856341189674524,0.015712682379349047,0.019079685746352413,0.003367003367003367,0.09483726150392817,0.0611672278338945,0.014590347923681257,0.003367003367003367,0.18013468013468015
0.5032679738562091,0.0032679738562091504,0.0027233115468409588,0.07080610021786492,0.016339869281045753,0.004901960784313725,0.0016339869281045752,0.007625272331154684,0.015250544662309368,0.01906318082788671,0.0027233115468409588,0.09259259259259259,0.06045751633986928,0.015250544662309368,0.0027233115468409588,0.18137254901960784
0.4949762030671602,0.0031729243786356425,0.0026441036488630354,0.07667900581702802,0.017451084082496033,0.005817028027498678,0.0031729243786356425,0.007932310946589107,0.015864621893178214,0.017451084082496033,0.0037017451084082496,0.09518773135906927,0.05764145954521417,0.017451084082496033,0.0021152829190904283,0.1787414066631412
0.4938650306748466,0.0035787321063394683,0.002556237218813906,0.08128834355828221,0.01789366053169734,0.008691206543967281,0.003067484662576687,0.008691206543967281,0.014826175869120654,0.01687116564417178,0.00408997955010225,0.09100204498977506,0.05572597137014315,0.01687116564417178,0.003067484662576687,0.17791411042944785
0.4977420973406924,0.004014049172102358,0.002508780732563974,0.0868038133467135,0.017059708981435023,0.008028098344204716,0.0030105368790767687,0.007526342197691922,0.014550928248871048,0.017059708981435023,0.004515805318615153,0.09081786251881585,0.05669844455594581,0.01806322127446061,0.0035122930255895636,0.16808830908178626
0.486090775988287,0.0029282576866764276,0.002440214738897023,0.08833577354807223,0.016593460224499756,0.007808687164470474,0.002440214738897023,0.008784773060029283,0.014641288433382138,0.02000976085895559,0.003904343582235237,0.09272816007808687,0.05954123962908736,0.01805758906783797,0.003416300634455832,0.17227916056612982
0.472289156626506,0.0019277108433734939,0.0019277108433734939,0.08867469879518072,0.01783132530120482,0.00819277108433735,0.002891566265060241,0.010602409638554217,0.016867469879518072,0.021204819277108433,0.0038554216867469878,0.09686746987951807,0.06216867469879518,0.018313253012048194,0.004337349397590362,0.17204819277108432
0.4693106704438149,0.0033050047214353163,0.002360717658168083,0.09159584513692162,0.0169971671388102,0.008026440037771483,0.0033050047214353163,0.013692162417374882,0.015580736543909348,0.021246458923512748,0.003777148253068933,0.09442870632672333,0.06373937677053824,0.018413597733711047,0.00424929178470255,0.16997167138810199
0.46462264150943394,0.0047169811320754715,0.002830188679245283,0.09150943396226414,0.016981132075471698,0.009433962264150943,0.0037735849056603774,0.012264150943396227,0.015566037735849057,0.02311320754716981,0.0047169811320754715,0.09433962264150944,0.06462264150943396,0.016981132075471698,0.005188679245283019,0.16933962264150942
0.4689369535204786,0.004601932811780948,0.0027611596870685687,0.09065807639208467,0.015646571560055222,0.010124252185918085,0.005522319374137137,0.012885411872986655,0.015646571560055222,0.02208927749654855,0.0050621260929590425,0.09065807639208467,0.06396686608375518,0.016106764841233318,0.005522319374137137,0.16981132075471697
0.4619589977220957,0.005466970387243736,0.0031890660592255125,0.08792710706150342,0.015489749430523917,0.010478359908883827,0.00592255125284738,0.015489749430523917,0.01457858769931663,0.021867881548974944,0.004555808656036446,0.09476082004555808,0.06469248291571754,0.01640091116173121,0.007289293849658315,0.16993166287015946
0.4629963898916967,0.0058664259927797835,0.002707581227436823,0.09160649819494585,0.015342960288808664,0.010830324909747292,0.006768953068592058,0.015342960288808664,0.01444043321299639,0.018501805054151624,0.004512635379061372,0.09431407942238267,0.06633574007220217,0.0157942238267148,0.006768953068592058,0.16787003610108303
0.4589133363268972,0.006286484059272564,0.00224517287831163,0.09025594970812753,0.01571621014818141,0.01122586439155815,0.00673551863493489,0.017512348450830714,0.014818140996856757,0.01661427929950606,0.00449034575662326,0.09384822631342614,0.06870229007633588,0.016165244723843737,0.00673551863493489,0.16973506960035922
0.46585804132973946,0.0071877807726864335,0.0022461814914645105,0.0862533692722372,0.015274034141958671,0.009883198562443846,0.0071877807726864335,0.01931716082659479,0.015723270440251572,0.016621743036837375,0.004043126684636119,0.09478885893980234,0.0651392632524708,0.017070979335130278,0.008086253369272238,0.16531895777178796
0.45840787119856885,0.007602862254025045,0.0022361359570661895,0.08586762075134168,0.016547406082289804,0.009838998211091235,0.006708407871198569,0.020125223613595707,0.01520572450805009,0.01744186046511628,0.0035778175313059034,0.09838998211091235,0.0706618962432916,0.016100178890876567,0.007602862254025045,0.16368515205724507
0.4556291390728477,0.008388520971302429,0.0026490066225165563,0.08918322295805739,0.016777041942604858,0.009713024282560706,0.006181015452538631,0.018984547461368653,0.0141280353200883,0.018984547461368653,0.004415011037527594,0.09933774834437085,0.07152317880794702,0.016777041942604858,0.006181015452538631,0.16114790286975716
0.44890673806336456,0.007585899152164213,0.00178491744756805,0.08478357875948238,0.018295403837572513,0.008478357875948238,0.0071396697902722,0.02186523873270861,0.0142793395805444,0.01740294511378849,0.005800981704596163,0.10040160642570281,0.07228915662650602,0.018295403837572513,0.0071396697902722,0.16555109326193662
0.4473916887709991,0.008841732979664015,0.0022104332449160036,0.08709106984969053,0.01856763925729443,0.007515473032714412,0.007957559681697613,0.023430592396109638,0.014588859416445624,0.01768346595932803,0.006631299734748011,0.10167992926613616,0.07250221043324491,0.016799292661361626,0.007957559681697613,0.15915119363395225
0.4470640569395018,0.008451957295373666,0.0026690391459074734,0.0849644128113879,0.017348754448398576,0.008451957295373666,0.0071174377224199285,0.02402135231316726,0.017348754448398576,0.017348754448398576,0.005338078291814947,0.10053380782918149,0.07339857651245552,0.016903914590747332,0.006227758007117438,0.16281138790035588
0.4441489361702128,0.008865248226950355,0.0031028368794326243,0.08643617021276596,0.01773049645390071,0.007978723404255319,0.007535460992907801,0.024822695035460994,0.017287234042553192,0.017287234042553192,0.005319148936170213,0.09707446808510638,0.07180851063829788,0.015070921985815602,0.0070921985815602835,0.16843971631205673
0.4484581497797357,0.007488986784140969,0.003964757709251102,0.08502202643171806,0.015859030837004406,0.007488986784140969,0.005726872246696035,0.025110132158590308,0.01894273127753304,0.01629955947136564,0.007929515418502203,0.09251101321585903,0.07753303964757709,0.018061674008810574,0.005726872246696035,0.16387665198237886
0.4378065091395453,0.007579135086937138,0.004012483281319661,0.08604547481052162,0.017387427552385197,0.007133303611234953,0.006241640659830584,0.024520731163620153,0.020062416406598307,0.016941596076683014,0.008024966562639322,0.09719126170307624,0.07846633972358448,0.016941596076683014,0.005349977708426215,0.16629514043691485
0.4357492218763895,0.008448199199644287,0.004001778568252557,0.08848377056469542,0.019119608714984436,0.008892841262783458,0.006669630947087594,0.026233881725211204,0.01956425077812361,0.01823032458870609,0.008448199199644287,0.0938194753223655,0.07959092930191196,0.017341040462427744,0.005335704757670075,0.16007114273010226
0.43458980044345896,0.008425720620842573,0.004434589800443459,0.08470066518847007,0.017738359201773836,0.009312638580931265,0.005764966740576497,0.027494456762749447,0.020842572062084258,0.019068736141906874,0.009312638580931265,0.09578713968957872,0.08248337028824834,0.01862527716186253,0.004434589800443459,0.15698447893569845
0.4370008873114463,0.0075421472937000885,0.005323868677905945,0.08518189884649512,0.01685891748003549,0.009760425909494233,0.005323868677905945,0.027506654835847383,0.022626441881100266,0.01818988464951198,0.008873114463176575,0.09494232475598935,0.08163265306122448,0.01774622892635315,0.003992901508429458,0.1574977817213842
0.4417989417989418,0.007936507936507936,0.006172839506172839,0.08289241622574955,0.01763668430335097,0.008818342151675485,0.0048500881834215165,0.026895943562610228,0.021164021164021163,0.01763668430335097,0.008818342151675485,0.09391534391534391,0.0837742504409171,0.01675485008818342,0.0048500881834215165,0.15608465608465608
0.4389160373167481,0.00888494002665482,0.006219458018658374,0.08840515326521546,0.0173256330519769,0.010661928031985785,0.00444247001332741,0.027099067081297203,0.019991115059973346,0.016881386050644157,0.009773434029320302,0.08840515326521546,0.08840515326521546,0.0173256330519769,0.0053309640159928924,0.1519324744557974
0.4356699201419698,0.009316770186335404,0.006654835847382431,0.08917480035492457,0.016415261756876662,0.01064773735581189,0.003105590062111801,0.026619343389529725,0.019964507542147295,0.01685891748003549,0.009760425909494233,0.08873114463176575,0.09139307897071872,0.019520851818988466,0.0048802129547471165,0.1512866015971606
0.43501563197856186,0.009379187137114784,0.005806163465832961,0.08798570790531487,0.013845466726217061,0.008932559178204555,0.003573023671281822,0.029477445288075034,0.019205002233139794,0.01786511835640911,0.007592675301473872,0.08798570790531487,0.09557838320678874,0.02009825815096025,0.004912907548012505,0.1527467619472979
0.4400177069499779,0.009296148738379814,0.006640106241699867,0.08587870739265162,0.01416555998229305,0.009296148738379814,0.004426737494466578,0.0283311199645861,0.019034971226206288,0.017706949977866312,0.007525453740593183,0.08543603364320496,0.09561752988047809,0.017264276228419653,0.005312084993359893,0.15405046480743692
0.4441489361702128,0.00975177304964539,0.0062056737588652485,0.08200354609929078,0.015070921985815602,0.008865248226950355,0.004875886524822695,0.027925531914893616,0.020390070921985817,0.016400709219858155,0.006648936170212766,0.08466312056737589,0.09663120567375887,0.017287234042553192,0.00576241134751773,0.15336879432624115
0.4411372723234118,0.008440693025322079,0.007107952021323856,0.08218569524655708,0.014660151043980453,0.00888494002665482,0.00444247001332741,0.027099067081297203,0.019546868058640605,0.016881386050644157,0.006219458018658374,0.0790759662372279,0.10262105730786317,0.018658374055975122,0.006219458018658374,0.1568191914704576
0.4473684210526316,0.008920606601248885,0.006690454950936664,0.08296164139161463,0.014272970561998216,0.007136485280999108,0.0053523639607493305,0.025869759143621766,0.020517395182872437,0.01784121320249777,0.005798394290811775,0.07983942908117753,0.09857270294380018,0.018287243532560213,0.006244424620874219,0.1543264942016057
0.44680851063829785,0.007535460992907801,0.006648936170212766,0.08377659574468085,0.015070921985815602,0.006648936170212766,0.00576241134751773,0.02526595744680851,0.02127659574468085,0.017287234042553192,0.004875886524822695,0.07712765957446809,0.10328014184397163,0.019060283687943262,0.005319148936170213,0.15425531914893617
0.45037494486104984,0.0066166740185266875,0.0070577856197618,0.08381120423467137,0.014997794441993825,0.007498897220996913,0.00529333921482135,0.025143361270401413,0.020732245258050286,0.01808557565063961,0.00529333921482135,0.07366563740626378,0.10454344949272165,0.01940891045434495,0.005734450816056462,0.1517423908248787
0.45249668581528946,0.0057445868316394165,0.0061864781263809105,0.07954043305346885,0.015466195315952275,0.008837825894829872,0.004418912947414936,0.024304021210782147,0.021652673442333185,0.020326999558108707,0.005302695536897923,0.07158638974812197,0.10737958462218294,0.01855943437914273,0.005302695536897923,0.1528943879805568
0.45458534444931986,0.00614304519526108,0.006581834137779728,0.07898200965335674,0.013163668275559455,0.007898200965335674,0.005265467310223783,0.02457218078104432,0.022817025010969723,0.02106186924089513,0.005265467310223783,0.06845107503290918,0.11057481351469943,0.018429135585783237,0.005265467310223783,0.1509433962264151
0.45090268604139144,0.006164685160722149,0.007485689123734038,0.08234258036107442,0.013650374284456186,0.00836635843240863,0.005724350506384853,0.02289740202553941,0.024218405988551298,0.022016732716864818,0.005284015852047556,0.06428885953324527,0.11228533685601057,0.017613386173491855,0.004403346543372964,0.15235579040070454
0.4577246569278442,0.00619743249225321,0.007525453740593183,0.07923860115095174,0.012837538733953076,0.008853474988933156,0.00619743249225321,0.023461708720672863,0.023019034971226208,0.0199203187250996,0.004426737494466578,0.05843293492695883,0.11509517485613104,0.01814962372731297,0.005312084993359893,0.15360779105799027
0.4572573463935886,0.007123775601068566,0.00578806767586821,0.08147818343722173,0.012466607301869992,0.008014247551202136,0.007123775601068566,0.023597506678539625,0.020926090828138913,0.019590382902938557,0.005342831700801425,0.058771148708815675,0.1188780053428317,0.019590382902938557,0.00578806767586821,0.14826357969723955
0.46208425720620844,0.0066518847006651885,0.006208425720620843,0.07982261640798226,0.011529933481152993,0.009312638580931265,0.007982261640798226,0.020399113082039913,0.020399113082039913,0.020399113082039913,0.005321507760532151,0.0598669623059867,0.12017738359201774,0.020399113082039913,0.005321507760532151,0.14412416851441243
0.46728151075977165,0.006148440931049627,0.007465963987703118,0.07861220904699165,0.011418533157663592,0.00966183574879227,0.007905138339920948,0.018006148440931048,0.021958717610891524,0.01844532279314888,0.003952569169960474,0.05709266578831796,0.11989459815546773,0.022397891963109356,0.005270092226613966,0.14448836187966624
0.46572934973637964,0.006151142355008787,0.006590509666080844,0.07864674868189807,0.012741652021089631,0.010984182776801407,0.007908611599297012,0.019332161687170474,0.01845342706502636,0.018892794376098417,0.0048330404217926184,0.05360281195079086,0.12785588752196836,0.023725834797891036,0.003954305799648506,0.140597539543058
0.4690265486725664,0.006194690265486726,0.00663716814159292,0.0831858407079646,0.011061946902654867,0.010619469026548672,0.007079646017699115,0.016814159292035398,0.016814159292035398,0.019469026548672566,0.0048672566371681415,0.05442477876106195,0.12964601769911505,0.02256637168141593,0.003982300884955752,0.13761061946902656
0.467020805666224,0.00619743249225321,0.007525453740593183,0.0818946436476317,0.011509517485613104,0.008853474988933156,0.007082779991146525,0.01637892872952634,0.017264276228419653,0.017264276228419653,0.004869411243913236,0.05267817618415228,0.13545816733067728,0.02213368747233289,0.00398406374501992,0.13988490482514387
0.4649511978704525,0.0048802129547471165,0.007985803016858917,0.08828748890860692,0.011535048802129548,0.01020408163265306,0.008429458740017746,0.01685891748003549,0.01730257320319432,0.01774622892635315,0.0044365572315882874,0.051907719609582965,0.13176574977817213,0.02040816326530612,0.005323868677905945,0.13797692990239574
0.46119929453262787,0.0048500881834215165,0.007495590828924162,0.08641975308641975,0.011022927689594356,0.009700176366843033,0.009700176366843033,0.016313932980599646,0.01675485008818342,0.01895943562610229,0.004409171075837742,0.050705467372134036,0.13580246913580246,0.02204585537918871,0.005291005291005291,0.13932980599647266
0.46255506607929514,0.003524229074889868,0.008370044052863436,0.08370044052863436,0.011894273127753305,0.009691629955947136,0.009251101321585903,0.015418502202643172,0.01762114537444934,0.01894273127753304,0.004405286343612335,0.05110132158590308,0.1422907488986784,0.022466960352422908,0.0052863436123348016,0.13348017621145375
0.461133069828722,0.002635046113306983,0.007465963987703118,0.08739569609134827,0.012296881862099254,0.00878348704435661,0.00966183574879227,0.015810276679841896,0.018884497145366712,0.018884497145366712,0.003952569169960474,0.04830917874396135,0.14317083882301274,0.021958717610891524,0.006148440931049627,0.13350900307422048
0.46415929203539824,0.002654867256637168,0.007964601769911504,0.08716814159292036,0.011946902654867256,0.009292035398230088,0.007964601769911504,0.018141592920353982,0.01902654867256637,0.018584070796460177,0.003982300884955752,0.048672566371681415,0.14380530973451328,0.018584070796460177,0.005752212389380531,0.1323008849557522
0.46693476318141197,0.002680965147453083,0.007596067917783735,0.0840035746201966,0.012511170688114389,0.00804289544235925,0.007596067917783735,0.01831992850759607,0.020554066130473638,0.01653261840929401,0.0035746201966041107,0.04781054512957998,0.14655942806076855,0.017873100983020553,0.004468275245755138,0.13494191242180517
0.4699866607381058,0.0031124944419742106,0.008892841262783458,0.08181413961760782,0.013783903957314362,0.008892841262783458,0.005780346820809248,0.018674966651845263,0.021787461093819474,0.01600711427301023,0.004001778568252557,0.04579813250333482,0.1498443752779013,0.017341040462427744,0.004001778568252557,0.1302801244997777
0.46672621706118805,0.00401965163019205,0.007146047342563644,0.08307280035730237,0.01205895489057615,0.008932559178204555,0.005806163465832961,0.01786511835640911,0.023224653863331845,0.01563197856185797,0.0044662795891022775,0.04510942384993301,0.15185350602947745,0.01786511835640911,0.003573023671281822,0.13264850379633766
0.4701691896705254,0.003561887800534283,0.006233303650934996,0.08325912733748887,0.012466607301869992,0.008904719501335707,0.00578806767586821,0.016028495102404273,0.023597506678539625,0.016028495102404273,0.004007123775601068,0.043187889581478185,0.1585040071237756,0.01647373107747106,0.003561887800534283,0.12822796081923418
0.4710526315789474,0.0035087719298245615,0.005263157894736842,0.08333333333333333,0.012280701754385965,0.009210526315789473,0.0061403508771929825,0.016666666666666666,0.02236842105263158,0.014912280701754385,0.0043859649122807015,0.04298245614035088,0.15833333333333333,0.017105263157894738,0.003947368421052632,0.12850877192982457
0.47262374069207186,0.004380201489268506,0.0056942619360490585,0.08497590889180902,0.012702584318878668,0.009198423127463863,0.006132282084975909,0.015330705212439772,0.023215067893123085,0.014892685063512922,0.005256241787122208,0.04204993429697766,0.15812527376259308,0.017082785808147174,0.003942181340341655,0.12439772229522558
0.47244444444444444,0.004888888888888889,0.005333333333333333,0.08222222222222222,0.010666666666666666,0.009333333333333334,0.0057777777777777775,0.016,0.022222222222222223,0.016,0.006222222222222222,0.04,0.16177777777777777,0.016444444444444446,0.004,0.12666666666666668
0.477170993733214,0.004476275738585497,0.006266786034019696,0.0810205908683975,0.011638316920322292,0.009847806624888093,0.006266786034019696,0.01566696508504924,0.022829006266786033,0.01477170993733214,0.006714413607878245,0.03715308863025962,0.16159355416293644,0.01611459265890779,0.004476275738585497,0.12399283795881827
0.4760840411265087,0.0049172999552972736,0.00581135449262405,0.07912382655341976,0.016092981671881983,0.0116227089852481,0.00581135449262405,0.014751899865891819,0.021457308895842648,0.015645954403218598,0.007599463567277604,0.03844434510505141,0.1627179257934734,0.014751899865891819,0.004470272686633884,0.12069736253911488
0.4723461195361285,0.005798394290811775,0.005798394290811775,0.0767172167707404,0.017395182872435324,0.011150758251561105,0.005798394290811775,0.016057091882247992,0.020517395182872437,0.014719000892060661,0.007582515611061552,0.038804638715432646,0.1641391614629795,0.014272970561998216,0.005798394290811775,0.12310437109723461
0.47330960854092524,0.005338078291814947,0.006227758007117438,0.076067615658363,0.017793594306049824,0.012900355871886121,0.0066725978647686835,0.017348754448398576,0.018683274021352312,0.015569395017793594,0.0071174377224199285,0.037811387900355875,0.16370106761565836,0.013345195729537367,0.006227758007117438,0.12188612099644128
0.47298494242692646,0.003985828166519044,0.005757307351638618,0.07661647475642161,0.018600531443755536,0.012843224092116917,0.006643046944198406,0.01948627103631532,0.01815766164747564,0.01682905225863596,0.006200177147918512,0.03720106288751107,0.16031886625332153,0.015057573073516387,0.00487156775907883,0.12444641275465013
0.47507719453021613,0.003970004411116012,0.005734450816056462,0.0741067490074989,0.016762240846934274,0.013233348037053375,0.005734450816056462,0.01940891045434495,0.0176444640494045,0.015880017644464048,0.0061755624172915745,0.03484781649757389,0.1627701808557565,0.015438906043228937,0.00529333921482135,0.12792236435818263
0.4741949713277459,0.003970004411116012,0.005734450816056462,0.07631230701367446,0.017203352448169385,0.013233348037053375,0.005734450816056462,0.018526687251874726,0.016321129245699163,0.0176444640494045,0.005734450816056462,0.03484781649757389,0.1658579620644023,0.014997794441993825,0.00529333921482135,0.12439347154830172
0.4767596281540505,0.00398406374501992,0.00619743249225321,0.07392651615759185,0.01637892872952634,0.014608233731739707,0.006640106241699867,0.01859229747675963,0.015493581230633024,0.017264276228419653,0.004426737494466578,0.035856573705179286,0.16688800354139,0.015050907481186366,0.005312084993359893,0.12262062859672422
0.4773027765535478,0.003085059497576025,0.006610841780520053,0.0744821507271926,0.016747465843984136,0.015425297487880123,0.00749228735125606,0.01851035698545615,0.014103129131776113,0.01630674305861613,0.0057293962097840455,0.03393565447333627,0.16747465843984133,0.014543851917144116,0.004847950639048039,0.12340237990304098
0.47170645446507514,0.002652519893899204,0.006631299734748011,0.07382847038019452,0.01768346595932803,0.016357206012378427,0.007073386383731211,0.019451812555260833,0.013704686118479222,0.016799292661361626,0.006631299734748011,0.034924845269672856,0.17374005305039789,0.013262599469496022,0.004420866489832007,0.121131741821397
0.4800177619893428,0.003108348134991119,0.0066607460035523975,0.06971580817051509,0.019538188277087035,0.017317939609236235,0.007104795737122558,0.019094138543516874,0.012877442273534635,0.015097690941385435,0.007104795737122558,0.03330373001776199,0.17539964476021314,0.014653641207815276,0.003996447602131439,0.11500888099467141
0.4781263809102961,0.0030932390631904553,0.007512152010605391,0.06981882456915599,0.019001325673884226,0.015908086610693768,0.007954043305346884,0.019443216968625717,0.014140521431727796,0.014140521431727796,0.0061864781263809105,0.03049049933716306,0.17764030048608043,0.014582412726469289,0.004418912947414936,0.1175430844012373
0.4771729587357331,0.0030728709394205445,0.007462686567164179,0.0649692712906058,0.019315188762071993,0.014925373134328358,0.00877963125548727,0.019315188762071993,0.013169446883230905,0.013608428446005268,0.005706760316066725,0.03160667251975417,0.1865671641791045,0.015803336259877086,0.004389815627743635,0.1141352063213345
0.48408488063660476,0.0022104332449160036,0.007957559681697613,0.0649867374005305,0.01989389920424403,0.013262599469496022,0.007957559681697613,0.020335985853227233,0.015030946065428824,0.014588859416445624,0.005747126436781609,0.03183023872679045,0.1794871794871795,0.015915119363395226,0.005305039787798408,0.11140583554376658
0.4833850243686309,0.002215330084182543,0.008861320336730172,0.06513070447496677,0.01993797075764289,0.011962782454585734,0.007975188303057155,0.01949490474080638,0.01595037660611431,0.015064244572441293,0.004873726185201595,0.03145768719539211,0.18032786885245902,0.01595037660611431,0.0057598582188746125,0.11165263624280018
0.487957181088314,0.0022301516503122213,0.008920606601248885,0.06378233719892953,0.018287243532560213,0.01159678858162355,0.00847457627118644,0.0191793041926851,0.014719000892060661,0.016057091882247992,0.0053523639607493305,0.03166815343443354,0.1855486173059768,0.014719000892060661,0.006244424620874219,0.10526315789473684
0.4838994265549184,0.002646669607410675,0.008381120423467137,0.06660785178650198,0.01808557565063961,0.0105866784296427,0.0070577856197618,0.01808557565063961,0.014556682840758712,0.016321129245699163,0.005734450816056462,0.030877812086457873,0.1874724305249228,0.015880017644464048,0.005734450816056462,0.10807234230260256
0.49249779346866723,0.003089143865842895,0.0088261253309797,0.06663724624889673,0.01676963812886143,0.010150044130626656,0.007502206531332745,0.017210944395410415,0.014563106796116505,0.015445719329214475,0.00529567519858782,0.02912621359223301,0.18623124448367168,0.015445719329214475,0.00617828773168579,0.10503089143865843
0.47831917746982566,0.002682163611980331,0.008940545373267769,0.07018328118015199,0.015645954403218598,0.009834599910594547,0.008046490835940992,0.017881090746535537,0.015645954403218598,0.014751899865891819,0.006258381761287439,0.028162717925793473,0.1935628073312472,0.016540008940545373,0.006705409029950827,0.10683951721054985
0.48939929328621906,0.0030918727915194345,0.008392226148409895,0.06404593639575971,0.015017667844522967,0.010159010600706713,0.007950530035335688,0.018109540636042403,0.015459363957597174,0.013250883392226149,0.0066254416961130744,0.030918727915194347,0.19434628975265017,0.01678445229681979,0.0066254416961130744,0.09982332155477032
0.49780123131046616,0.002638522427440633,0.008795074758135445,0.06200527704485488,0.015391380826737027,0.010114335971855761,0.0079155672823219,0.018469656992084433,0.014511873350923483,0.012313104661389622,0.007036059806508356,0.029463500439753737,0.19569041336851364,0.015391380826737027,0.006596306068601583,0.09586631486367635
0.505955006616674,0.0035288928098809,0.009263343625937363,0.06043228936921041,0.015438906043228937,0.009263343625937363,0.0070577856197618,0.017203352448169385,0.013233348037053375,0.012351124834583149,0.0070577856197618,0.027790030877812087,0.20026466696074108,0.0141155712395236,0.0061755624172915745,0.09086898985443317
0.5096322241681261,0.00394045534150613,0.008318739054290718,0.0617338003502627,0.014010507880910683,0.009632224168126095,0.0070052539404553416,0.017513134851138354,0.011821366024518389,0.011821366024518389,0.0070052539404553416,0.028896672504378284,0.20140105078809106,0.014010507880910683,0.0070052539404553416,0.0862521891418564
0.504828797190518,0.004389815627743635,0.007462686567164179,0.06189640035118525,0.013608428446005268,0.009218612818261633,0.006584723441615452,0.02019315188762072,0.010535557506584723,0.011852502194907815,0.006584723441615452,0.02897278314310799,0.20456540825285338,0.012730465320456541,0.008340649692712906,0.08823529411764706
0.5084967320261438,0.006100217864923747,0.008278867102396514,0.06100217864923747,0.01568627450980392,0.008714596949891068,0.005664488017429194,0.017429193899782137,0.010021786492374727,0.010021786492374727,0.005664488017429194,0.027450980392156862,0.20305010893246186,0.012636165577342049,0.008278867102396514,0.0915032679738562
0.5107881990312637,0.006164685160722149,0.00836635843240863,0.05900484368119771,0.015852047556142668,0.009687362395420519,0.005724350506384853,0.016292382210479964,0.010127697049757816,0.007926023778071334,0.0066050198150594455,0.024218405988551298,0.2069572875385293,0.012329370321444297,0.009687362395420519,0.09026860413914575
0.5144230769230769,0.006993006993006993,0.006993006993006993,0.06118881118881119,0.01486013986013986,0.008741258741258742,0.005244755244755245,0.015297202797202798,0.012237762237762238,0.007867132867132868,0.006555944055944056,0.022290209790209792,0.2111013986013986,0.012237762237762238,0.010052447552447552,0.08391608391608392
0.5149779735682819,0.007929515418502203,0.006607929515418502,0.05947136563876652,0.014537444933920705,0.01013215859030837,0.003964757709251102,0.01629955947136564,0.011013215859030838,0.008370044052863436,0.006607929515418502,0.02158590308370044,0.20969162995594715,0.011894273127753305,0.009691629955947136,0.08722466960352424
0.5128091872791519,0.007067137809187279,0.0066254416961130744,0.054328621908127206,0.013250883392226149,0.011484098939929329,0.004858657243816254,0.015017667844522967,0.011042402826855124,0.0088339222614841,0.005742049469964664,0.022526501766784453,0.21908127208480566,0.010159010600706713,0.01060070671378092,0.08657243816254417
0.5131118881118881,0.005681818181818182,0.005244755244755245,0.054632867132867136,0.013548951048951048,0.01048951048951049,0.004370629370629371,0.014423076923076924,0.010926573426573426,0.008741258741258742,0.006555944055944056,0.023164335664335664,0.22421328671328672,0.011363636363636364,0.01048951048951049,0.08304195804195805
0.5186649099692578,0.005709266578831796,0.004830917874396135,0.05577514273166447,0.013175230566534914,0.010101010101010102,0.005270092226613966,0.014053579270970576,0.010540184453227932,0.007465963987703118,0.006587615283267457,0.023276240667545016,0.22266139657444006,0.00966183574879227,0.00966183574879227,0.08256477821695213
0.5183547103051747,0.006634232640424591,0.005307386112339673,0.05395842547545334,0.013710747456877488,0.010614772224679346,0.004422821760283061,0.013710747456877488,0.010614772224679346,0.008403361344537815,0.006191950464396285,0.021229544449358692,0.22291021671826625,0.009730207872622734,0.009287925696594427,0.08491817779743477
0.5142729705619982,0.006690454950936664,0.0053523639607493305,0.05263157894736842,0.012042818911685994,0.012488849241748439,0.005798394290811775,0.013826940231935772,0.010704727921498661,0.008028545941123996,0.0053523639607493305,0.02230151650312221,0.22524531668153436,0.011150758251561105,0.010258697591436218,0.08385370205173952
