C_R,C_A,C_S,C_N,D_R,D_A,D_S,D_N,Oc_R,Oc_A,Oc_S,Oc_N,Od_R,Od_A,Od_S,Od_N
0.0,0.0,0.0,0.0,0.0,0.0,0.0,0.0,0.0,0.0,0.0,0.0,0.0,0.0,1.0,0.0
0.0,0.0,0.0,0.6666666666666666,0.0,0.0,0.0,0.0,0.0,0.0,0.0,0.0,0.0,0.0,0.3333333333333333,0.0
0.0,0.0,0.0,0.6666666666666666,0.0,0.0,0.0,0.0,0.0,0.0,0.0,0.0,0.0,0.0,0.3333333333333333,0.0
0.0,0.0,0.0,0.8,0.0,0.0,0.0,0.0,0.0,0.0,0.0,0.0,0.0,0.0,0.2,0.0
0.0,0.0,0.0,0.7142857142857143,0.0,0.0,0.0,0.0,0.0,0.0,0.0,0.0,0.0,0.14285714285714285,0.14285714285714285,0.0
0.0,0.0,0.0,0.7,0.0,0.0,0.0,0.0,0.0,0.0,0.0,0.0,0.0,0.2,0.1,0.0
0.0,0.0,0.0,0.7692307692307693,0.0,0.0,0.0,0.0,0.07692307692307693,0.0,0.0,0.0,0.0,0.07692307692307693,0.07692307692307693,0.0
0.0,0.0,0.0,0.7894736842105263,0.0,0.0,0.05263157894736842,0.0,0.05263157894736842,0.0,0.0,0.0,0.0,0.05263157894736842,0.05263157894736842,0.0
0.0,0.0,0.045454545454545456,0.7727272727272727,0.0,0.0,0.045454545454545456,0.0,0.045454545454545456,0.0,0.0,0.0,0.0,0.045454545454545456,0.045454545454545456,0.0
0.0,0.0,0.0,0.8260869565217391,0.0,0.0,0.043478260869565216,0.0,0.043478260869565216,0.0,0.0,0.043478260869565216,0.0,0.0,0.043478260869565216,0.0
0.0,0.0,0.0,0.8620689655172413,0.0,0.0,0.034482758620689655,0.0,0.034482758620689655,0.034482758620689655,0.0,0.0,0.0,0.0,0.034482758620689655,0.0
0.0,0.0,0.0,0.918918918918919,0.0,0.0,0.02702702702702703,0.0,0.02702702702702703,0.0,0.02702702702702703,0.0,0.0,0.0,0.0,0.0
0.0425531914893617,0.0,0.0,0.9148936170212766,0.0,0.0,0.02127659574468085,0.0,0.0,0.0,0.02127659574468085,0.0,0.0,0.0,0.0,0.0
0.05263157894736842,0.017543859649122806,0.0,0.8947368421052632,0.0,0.0,0.017543859649122806,0.0,0.0,0.0,0.017543859649122806,0.0,0.0,0.0,0.0,0.0
0.03896103896103896,0.012987012987012988,0.0,0.8831168831168831,0.0,0.0,0.012987012987012988,0.0,0.0,0.0,0.025974025974025976,0.025974025974025976,0.0,0.0,0.0,0.0
0.043478260869565216,0.010869565217391304,0.0,0.8586956521739131,0.0,0.010869565217391304,0.010869565217391304,0.0,0.0,0.010869565217391304,0.03260869565217391,0.021739130434782608,0.0,0.0,0.0,0.0
0.05357142857142857,0.008928571428571428,0.0,0.8571428571428571,0.0,0.008928571428571428,0.017857142857142856,0.0,0.0,0.008928571428571428,0.026785714285714284,0.017857142857142856,0.0,0.0,0.0,0.0
0.05343511450381679,0.007633587786259542,0.0,0.8778625954198473,0.0,0.007633587786259542,0.007633587786259542,0.0,0.0,0.015267175572519083,0.015267175572519083,0.015267175572519083,0.0,0.0,0.0,0.0
0.05660377358490566,0.006289308176100629,0.0,0.8553459119496856,0.0,0.018867924528301886,0.012578616352201259,0.0,0.0,0.012578616352201259,0.018867924528301886,0.012578616352201259,0.0,0.0,0.006289308176100629,0.0
0.0481283422459893,0.0053475935828877,0.0053475935828877,0.8502673796791443,0.0,0.026737967914438502,0.0106951871657754,0.0,0.0,0.0213903743315508,0.016042780748663103,0.0106951871657754,0.0,0.0,0.0053475935828877,0.0
0.06103286384976526,0.0,0.014084507042253521,0.8215962441314554,0.0,0.028169014084507043,0.009389671361502348,0.0,0.0,0.023474178403755867,0.009389671361502348,0.018779342723004695,0.0,0.0,0.014084507042253521,0.0
0.06808510638297872,0.0,0.00851063829787234,0.8127659574468085,0.00425531914893617,0.02553191489361702,0.01276595744680851,0.0,0.0,0.02127659574468085,0.00425531914893617,0.02127659574468085,0.0,0.0,0.02127659574468085,0.0
0.09056603773584905,0.0,0.007547169811320755,0.7924528301886793,0.0037735849056603774,0.026415094339622643,0.011320754716981131,0.0,0.0037735849056603774,0.018867924528301886,0.007547169811320755,0.018867924528301886,0.0,0.0,0.018867924528301886,0.0
0.10273972602739725,0.0,0.00684931506849315,0.7773972602739726,0.003424657534246575,0.023972602739726026,0.010273972602739725,0.0,0.003424657534246575,0.017123287671232876,0.00684931506849315,0.0273972602739726,0.0,0.00684931506849315,0.0136986301369863,0.0
0.09939759036144578,0.0,0.0030120481927710845,0.8012048192771084,0.0030120481927710845,0.018072289156626505,0.009036144578313253,0.0,0.0030120481927710845,0.012048192771084338,0.006024096385542169,0.024096385542168676,0.0,0.006024096385542169,0.012048192771084338,0.0030120481927710845
0.11917098445595854,0.0,0.0025906735751295338,0.7875647668393783,0.0025906735751295338,0.012953367875647668,0.007772020725388601,0.0,0.0025906735751295338,0.015544041450777202,0.0051813471502590676,0.023316062176165803,0.0,0.007772020725388601,0.010362694300518135,0.0025906735751295338
0.13163972286374134,0.0,0.0023094688221709007,0.7875288683602771,0.0023094688221709007,0.011547344110854504,0.006928406466512702,0.0,0.004618937644341801,0.009237875288683603,0.004618937644341801,0.013856812933025405,0.0,0.011547344110854504,0.006928406466512702,0.006928406466512702
0.15725806451612903,0.0,0.0020161290322580645,0.7641129032258065,0.0020161290322580645,0.012096774193548387,0.006048387096774193,0.0,0.006048387096774193,0.012096774193548387,0.0020161290322580645,0.014112903225806451,0.0,0.010080645161290322,0.006048387096774193,0.006048387096774193
0.15955473098330242,0.0,0.0055658627087198514,0.7588126159554731,0.0,0.00927643784786642,0.0055658627087198514,0.0,0.0074211502782931356,0.012987012987012988,0.0037105751391465678,0.011131725417439703,0.0,0.011131725417439703,0.0055658627087198514,0.00927643784786642
0.16474464579901152,0.0,0.004942339373970346,0.7479406919275123,0.0,0.006589785831960461,0.009884678747940691,0.0,0.004942339373970346,0.018121911037891267,0.0032948929159802307,0.014827018121911038,0.0016474464579901153,0.008237232289950576,0.004942339373970346,0.009884678747940691
0.17620481927710843,0.0015060240963855422,0.004518072289156626,0.7379518072289156,0.0015060240963855422,0.004518072289156626,0.009036144578313253,0.0,0.004518072289156626,0.015060240963855422,0.0030120481927710845,0.012048192771084338,0.0030120481927710845,0.009036144578313253,0.006024096385542169,0.012048192771084338
0.18675496688741722,0.0013245033112582781,0.0026490066225165563,0.7245033112582782,0.005298013245033113,0.005298013245033113,0.007947019867549669,0.0013245033112582781,0.005298013245033113,0.010596026490066225,0.0013245033112582781,0.015894039735099338,0.003973509933774834,0.010596026490066225,0.005298013245033113,0.011920529801324504
0.2064825930372149,0.0024009603841536613,0.0024009603841536613,0.7046818727490997,0.004801920768307323,0.003601440576230492,0.008403361344537815,0.0012004801920768306,0.004801920768307323,0.010804321728691477,0.0012004801920768306,0.01920768307322929,0.004801920768307323,0.008403361344537815,0.004801920768307323,0.012004801920768308
0.21739130434782608,0.0011148272017837235,0.002229654403567447,0.7045707915273133,0.004459308807134894,0.0033444816053511705,0.005574136008918618,0.0011148272017837235,0.002229654403567447,0.011148272017837236,0.002229654403567447,0.021181716833890748,0.004459308807134894,0.004459308807134894,0.0033444816053511705,0.011148272017837236
0.22164948453608246,0.0010309278350515464,0.002061855670103093,0.7051546391752578,0.004123711340206186,0.003092783505154639,0.005154639175257732,0.0010309278350515464,0.002061855670103093,0.010309278350515464,0.004123711340206186,0.01752577319587629,0.004123711340206186,0.004123711340206186,0.002061855670103093,0.012371134020618556
0.2297551789077213,0.0009416195856873823,0.0018832391713747645,0.6977401129943502,0.003766478342749529,0.0018832391713747645,0.006591337099811676,0.003766478342749529,0.0009416195856873823,0.010357815442561206,0.003766478342749529,0.015065913370998116,0.005649717514124294,0.006591337099811676,0.0018832391713747645,0.009416195856873822
0.23406040268456377,0.0008389261744966443,0.0008389261744966443,0.6879194630872483,0.0050335570469798654,0.0016778523489932886,0.006711409395973154,0.00587248322147651,0.0016778523489932886,0.01174496644295302,0.003355704697986577,0.015100671140939598,0.00587248322147651,0.006711409395973154,0.0016778523489932886,0.010906040268456376
0.24167312161115415,0.000774593338497289,0.000774593338497289,0.6746707978311387,0.006196746707978312,0.003098373353989156,0.006196746707978312,0.006971340046475601,0.003098373353989156,0.011618900077459334,0.003098373353989156,0.015491866769945779,0.006196746707978312,0.006971340046475601,0.001549186676994578,0.011618900077459334
0.24410029498525074,0.0022123893805309734,0.0022123893805309734,0.6585545722713865,0.008849557522123894,0.0029498525073746312,0.00663716814159292,0.007374631268436578,0.003687315634218289,0.014011799410029498,0.003687315634218289,0.017699115044247787,0.007374631268436578,0.00663716814159292,0.0014749262536873156,0.012536873156342183
0.24013840830449826,0.0020761245674740486,0.0020761245674740486,0.657439446366782,0.008996539792387544,0.0034602076124567475,0.006228373702422145,0.007612456747404845,0.0034602076124567475,0.01314878892733564,0.0034602076124567475,0.01660899653979239,0.011072664359861591,0.008304498269896194,0.002768166089965398,0.01314878892733564
0.2416452442159383,0.0006426735218508997,0.0019280205655526992,0.653598971722365,0.008354755784061696,0.004498714652956298,0.004498714652956298,0.008997429305912597,0.0038560411311053984,0.014781491002570694,0.003213367609254499,0.015424164524421594,0.017352185089974295,0.007712082262210797,0.002570694087403599,0.010925449871465296
0.24575242718446602,0.0006067961165048543,0.0024271844660194173,0.6492718446601942,0.007888349514563107,0.0048543689320388345,0.0054611650485436895,0.010315533980582525,0.0036407766990291263,0.012742718446601941,0.003033980582524272,0.014563106796116505,0.01699029126213592,0.007888349514563107,0.0036407766990291263,0.010922330097087379
0.24597701149425288,0.0005747126436781609,0.004022988505747126,0.6436781609195402,0.00632183908045977,0.0034482758620689655,0.005747126436781609,0.009195402298850575,0.0022988505747126436,0.014367816091954023,0.0022988505747126436,0.017816091954022988,0.01896551724137931,0.009770114942528735,0.0034482758620689655,0.01206896551724138
0.24986361156573922,0.002182214948172395,0.006001091107474086,0.6333878887070377,0.0070921985815602835,0.002182214948172395,0.004909983633387889,0.009819967266775777,0.002727768685215494,0.013638843426077468,0.002727768685215494,0.019639934533551555,0.020185488270594652,0.011456628477905073,0.0032733224222585926,0.010911074740861976
0.25445960125918154,0.002098635886673662,0.0062959076600209865,0.6232948583420777,0.007345225603357817,0.002098635886673662,0.00472193074501574,0.01049317943336831,0.0036726128016789086,0.015215110178384051,0.0031479538300104933,0.020461699895068207,0.021511017838405037,0.012067156348373556,0.0036726128016789086,0.00944386149003148
0.25783619817997977,0.0010111223458038423,0.005055611729019211,0.6233569261880687,0.006066734074823054,0.0025278058645096056,0.004044489383215369,0.010111223458038422,0.003538928210313448,0.014155712841253791,0.0025278058645096056,0.021739130434782608,0.023761375126390292,0.012639029322548028,0.003538928210313448,0.008088978766430738
0.2605736509479825,0.0009722897423432182,0.0053475935828877,0.614487117160914,0.007292173067574137,0.004861448711716091,0.004861448711716091,0.0106951871657754,0.00583373845405931,0.012153621779290228,0.004375303840544483,0.0213903743315508,0.023821098687408847,0.0106951871657754,0.004375303840544483,0.008264462809917356
0.2617675312199808,0.0009606147934678194,0.004803073967339097,0.6162343900096061,0.007204610951008645,0.004803073967339097,0.0038424591738712775,0.010566762728146013,0.006243996157540826,0.012968299711815562,0.004803073967339097,0.0196926032660903,0.023054755043227664,0.009606147934678195,0.004803073967339097,0.008645533141210375
0.26666666666666666,0.0014084507042253522,0.005164319248826291,0.6084507042253521,0.007511737089201878,0.005633802816901409,0.004225352112676056,0.009859154929577466,0.005164319248826291,0.012206572769953052,0.004694835680751174,0.020187793427230045,0.024413145539906103,0.00892018779342723,0.005633802816901409,0.009859154929577466
0.26690876078075354,0.0022696323195642307,0.005447117566954153,0.6087153881071267,0.005447117566954153,0.005447117566954153,0.005447117566954153,0.009986382206082615,0.004993191103041307,0.011802088061733999,0.004539264639128461,0.019518837948252384,0.024965955515206535,0.009532455742169769,0.005447117566954153,0.009532455742169769
0.26377597109304424,0.0018066847335140017,0.005871725383920506,0.6147244805781391,0.004968383017163505,0.006323396567299007,0.005871725383920506,0.00993676603432701,0.005420054200542005,0.012646793134598013,0.0031616982836495033,0.018066847335140017,0.024390243902439025,0.009033423667570008,0.004968383017163505,0.009033423667570008
0.25879732739420935,0.0017817371937639199,0.0066815144766146995,0.6169265033407573,0.004899777282850779,0.0071269487750556795,0.0062360801781737195,0.010244988864142539,0.004899777282850779,0.014699331848552339,0.0031180400890868597,0.016926503340757237,0.024498886414253896,0.008908685968819599,0.004899777282850779,0.009354120267260579
0.2611036339165545,0.0022431583669807087,0.006729475100942127,0.6096904441453567,0.004037685060565276,0.007178106774338268,0.007178106774338268,0.010767160161507403,0.005383580080753701,0.013458950201884253,0.0031404217137729925,0.01794526693584567,0.02557200538358008,0.009421265141318977,0.006280843427545985,0.00986989681471512
0.2601626016260163,0.002258355916892502,0.007226738934056007,0.6074977416440831,0.004968383017163505,0.006775067750677507,0.006323396567299007,0.011743450767841012,0.005871725383920506,0.014905149051490514,0.0027100271002710027,0.017615176151761516,0.026196928635953028,0.009485094850948509,0.005871725383920506,0.01038843721770551
0.25033229951262737,0.002215330084182543,0.007089056269384138,0.6123172352680549,0.005316792202038104,0.006202924235711121,0.00664599025254763,0.01284891448825875,0.007089056269384138,0.015507310589277802,0.0031014621178555605,0.016836508639787327,0.027913159060700046,0.008418254319893664,0.007089056269384138,0.011076650420912717
0.2577502214348981,0.003100088573959256,0.007528786536758193,0.6036315323294952,0.006200177147918512,0.006200177147918512,0.006200177147918512,0.0141718334809566,0.007528786536758193,0.01550044286979628,0.002657218777679362,0.015943312666076175,0.027900797165633304,0.008857395925597875,0.005757307351638618,0.011071744906997343
0.2524401064773736,0.00354924578527063,0.007985803016858917,0.59849157054126,0.005767524401064774,0.006654835847382431,0.007985803016858917,0.015084294587400177,0.007985803016858917,0.015084294587400177,0.0048802129547471165,0.019077196095829637,0.027062999112688554,0.009760425909494233,0.006211180124223602,0.011978704525288377
0.2521083000443853,0.0039946737683089215,0.007545494895694629,0.6000887705281847,0.006213936972924989,0.005770084332001775,0.007989347536617843,0.014203284509542832,0.007989347536617843,0.014647137150466045,0.005326231691078562,0.017310252996005325,0.027518863737239236,0.009764758100310697,0.006213936972924989,0.013315579227696404
0.2475512021371327,0.004452359750667854,0.007569011576135352,0.6032947462154942,0.006678539626001781,0.007569011576135352,0.008904719501335707,0.012911843276936777,0.007569011576135352,0.014247551202137132,0.005342831700801425,0.017364203027604632,0.02715939447907391,0.009795191451469279,0.006233303650934996,0.013357079252003561
0.2456839309428951,0.00398406374501992,0.00796812749003984,0.598937583001328,0.007525453740593183,0.008410801239486499,0.008853474988933156,0.01195219123505976,0.00619743249225321,0.01416555998229305,0.00619743249225321,0.0199203187250996,0.03010181496237273,0.009296148738379814,0.00619743249225321,0.014608233731739707
0.25177304964539005,0.004875886524822695,0.007535460992907801,0.5948581560283688,0.008421985815602837,0.008421985815602837,0.007978723404255319,0.011968085106382979,0.00576241134751773,0.01374113475177305,0.004875886524822695,0.018173758865248225,0.030585106382978722,0.00975177304964539,0.0062056737588652485,0.015070921985815602
0.2393925859758821,0.004912907548012505,0.008485931219294328,0.6038410004466279,0.0080393032603841,0.007592675301473872,0.007592675301473872,0.013845466726217061,0.006252791424743189,0.014292094685127288,0.005359535506922733,0.01786511835640911,0.02992407324698526,0.011165698972755694,0.006252791424743189,0.015185350602947744
0.2433392539964476,0.004884547069271759,0.008436944937833037,0.6016873889875666,0.008436944937833037,0.007548845470692718,0.007992895204262877,0.013321492007104795,0.007548845470692718,0.012433392539964476,0.0053285968028419185,0.016873889875666074,0.02975133214920071,0.011101243339253997,0.0066607460035523975,0.014653641207815276
0.24787851719517642,0.005806163465832961,0.009379187137114784,0.5877623939258597,0.0080393032603841,0.0080393032603841,0.007146047342563644,0.014738722644037517,0.007592675301473872,0.012952210808396605,0.0044662795891022775,0.017418490397498883,0.03528360875390799,0.011612326931665922,0.006252791424743189,0.01563197856185797
0.24546660769570985,0.005749668288367979,0.008845643520566122,0.5926581158779302,0.007518796992481203,0.008403361344537815,0.007518796992481203,0.01592215833701902,0.005749668288367979,0.01238390092879257,0.004865103936311367,0.01680672268907563,0.03449800973020787,0.011499336576735958,0.006191950464396285,0.01592215833701902
0.23742277140335394,0.00529567519858782,0.01059135039717564,0.5966460723742277,0.00794351279788173,0.0088261253309797,0.006619593998234775,0.018093556928508385,0.005736981465136805,0.01323918799646955,0.005736981465136805,0.017210944395410415,0.03353927625772286,0.010150044130626656,0.005736981465136805,0.017210944395410415
0.2355575459023735,0.006269592476489028,0.008956560680698611,0.5951634572324227,0.00850873264666368,0.00850873264666368,0.006717420510523959,0.017913121361397222,0.005373936408419167,0.012987012987012988,0.006717420510523959,0.017465293327362293,0.034482758620689655,0.011195700850873265,0.005373936408419167,0.018808777429467086
0.23706324635117204,0.005749668288367979,0.008403361344537815,0.5900044228217602,0.00796107916850951,0.00796107916850951,0.007518796992481203,0.019460415745245468,0.006191950464396285,0.011941618752764263,0.007076514816452897,0.017691287041132243,0.03538257408226449,0.011941618752764263,0.007076514816452897,0.018575851393188854
0.24194260485651214,0.005739514348785872,0.009271523178807948,0.5814569536423841,0.009271523178807948,0.00706401766004415,0.008388520971302429,0.019867549668874173,0.006181015452538631,0.011479028697571744,0.00706401766004415,0.016777041942604858,0.03664459161147903,0.013686534216335542,0.00706401766004415,0.018101545253863136
0.23834652594547054,0.007036059806508356,0.009234828496042216,0.5839929639401935,0.010114335971855761,0.006596306068601583,0.008795074758135445,0.018469656992084433,0.006156552330694811,0.011433597185576077,0.006596306068601583,0.016270888302550572,0.03825857519788918,0.013632365875109938,0.007036059806508356,0.01802990325417766
0.23625886524822695,0.007978723404255319,0.009308510638297872,0.5820035460992907,0.010195035460992909,0.0070921985815602835,0.00975177304964539,0.017287234042553192,0.0070921985815602835,0.011968085106382979,0.007978723404255319,0.01773049645390071,0.03856382978723404,0.014184397163120567,0.00576241134751773,0.016843971631205674
0.2363556338028169,0.007482394366197183,0.007922535211267605,0.5814260563380281,0.008802816901408451,0.007482394366197183,0.010123239436619719,0.018045774647887324,0.007042253521126761,0.013204225352112676,0.007922535211267605,0.01716549295774648,0.04225352112676056,0.014084507042253521,0.00528169014084507,0.015404929577464789
0.23524229074889869,0.008370044052863436,0.007048458149779736,0.5832599118942732,0.007929515418502203,0.00881057268722467,0.011013215859030838,0.017180616740088105,0.005726872246696035,0.013656387665198238,0.007929515418502203,0.017180616740088105,0.04229074889867841,0.014096916299559472,0.005726872246696035,0.014537444933920705
0.2440318302387268,0.008399646330680813,0.007073386383731211,0.5716180371352785,0.007957559681697613,0.010167992926613616,0.010610079575596816,0.017241379310344827,0.005305039787798408,0.013262599469496022,0.008399646330680813,0.015915119363395226,0.04597701149425287,0.014146772767462422,0.00618921308576481,0.013704686118479222
0.23632286995515694,0.008968609865470852,0.007174887892376682,0.568609865470852,0.006726457399103139,0.009865470852017937,0.011659192825112108,0.016591928251121078,0.006278026905829596,0.014798206278026907,0.008520179372197309,0.01748878923766816,0.05022421524663677,0.016143497757847534,0.005829596412556054,0.014798206278026907
0.23526785714285714,0.007589285714285714,0.008928571428571428,0.5665178571428572,0.00625,0.011160714285714286,0.011160714285714286,0.016964285714285713,0.00625,0.014732142857142857,0.008482142857142856,0.015625,0.054464285714285715,0.015178571428571428,0.005803571428571429,0.015625
0.23733333333333334,0.007555555555555556,0.008,0.5702222222222222,0.006222222222222222,0.010666666666666666,0.011111111111111112,0.016888888888888887,0.005333333333333333,0.012444444444444444,0.008,0.016888888888888887,0.051555555555555556,0.016,0.006666666666666667,0.015111111111111112
0.24497094322753687,0.007599463567277604,0.008046490835940992,0.5632543585158695,0.006258381761287439,0.009834599910594547,0.008940545373267769,0.016092981671881983,0.006258381761287439,0.012516763522574878,0.009387572641931158,0.016092981671881983,0.052302190433616454,0.01743406347787215,0.00581135449262405,0.015198927134555208
0.24258521469676847,0.008410801239486499,0.008853474988933156,0.5564409030544488,0.00619743249225321,0.009738822487826471,0.01018149623727313,0.01637892872952634,0.006640106241699867,0.013280212483399735,0.009738822487826471,0.017706949977866312,0.05799026117751217,0.016821602478972998,0.004426737494466578,0.014608233731739707
0.2405848471422242,0.00930438635356668,0.008418254319893664,0.5604785112981834,0.00664599025254763,0.00930438635356668,0.010633584404076208,0.015064244572441293,0.00664599025254763,0.01284891448825875,0.00974745237040319,0.016836508639787327,0.05582631812140009,0.016836508639787327,0.0057598582188746125,0.015064244572441293
0.23697104677060132,0.008908685968819599,0.008463251670378619,0.5612472160356348,0.0062360801781737195,0.008908685968819599,0.011135857461024499,0.015590200445434299,0.0062360801781737195,0.012472160356347439,0.009799554565701559,0.01737193763919822,0.058797327394209356,0.015144766146993319,0.0062360801781737195,0.01648106904231626
0.24214254094732182,0.008853474988933156,0.006640106241699867,0.5546702080566622,0.006640106241699867,0.008410801239486499,0.010624169986719787,0.017706949977866312,0.00619743249225321,0.011509517485613104,0.010624169986719787,0.016821602478972998,0.06020362992474546,0.015050907481186366,0.006640106241699867,0.017264276228419653
0.24187082405345212,0.009354120267260579,0.0071269487750556795,0.5563474387527839,0.0062360801781737195,0.009354120267260579,0.011135857461024499,0.01648106904231626,0.0066815144766146995,0.011581291759465479,0.009799554565701559,0.01648106904231626,0.058797327394209356,0.016035634743875277,0.005790645879732739,0.016926503340757237
0.24620874219446923,0.00936663693131133,0.007136485280999108,0.5495093666369313,0.006690454950936664,0.00847457627118644,0.010704727921498661,0.01694915254237288,0.007136485280999108,0.008920606601248885,0.011150758251561105,0.017395182872435324,0.060660124888492414,0.01650312221231044,0.005798394290811775,0.017395182872435324
0.24373881932021466,0.008944543828264758,0.007155635062611807,0.5491949910554562,0.007602862254025045,0.00849731663685152,0.009838998211091235,0.01699463327370304,0.007155635062611807,0.00849731663685152,0.011180679785330949,0.01744186046511628,0.0626118067978533,0.018783542039355994,0.006261180679785331,0.016100178890876567
0.2391789379741187,0.009370816599732263,0.006247211066488175,0.5524319500223115,0.008032128514056224,0.007585899152164213,0.00892458723784025,0.018295403837572513,0.0071396697902722,0.00892458723784025,0.010263275323516287,0.018295403837572513,0.06247211066488175,0.020526550647032574,0.00535475234270415,0.016956715751896476
0.23790501553484245,0.00887705281846427,0.006657789613848202,0.5561473590767865,0.009764758100310697,0.007989347536617843,0.007989347536617843,0.018197958277851752,0.007101642254771416,0.00887705281846427,0.00887705281846427,0.019529516200621395,0.05992010652463382,0.019973368841544607,0.005326231691078562,0.016866400355082113
0.23807400802496656,0.008916629514043692,0.007133303611234953,0.5559518502006242,0.01069995541685243,0.009362460989745877,0.007133303611234953,0.017833259028087384,0.007579135086937138,0.00980829246544806,0.008470798038341507,0.018279090503789567,0.05751226036558181,0.02050824788230049,0.006687472135532769,0.016049933125278644
0.24313551815766166,0.007971656333038087,0.005757307351638618,0.550044286979628,0.011514614703277236,0.009300265721877768,0.006643046944198406,0.01815766164747564,0.006643046944198406,0.010628875110717449,0.007971656333038087,0.01815766164747564,0.05845881310894597,0.022143489813994686,0.006643046944198406,0.01682905225863596
0.23685373398144058,0.008837825894829872,0.0061864781263809105,0.5536897923110915,0.011931064958020326,0.008837825894829872,0.0057445868316394165,0.019443216968625717,0.0061864781263809105,0.009721608484312859,0.008837825894829872,0.01855943437914273,0.05965532479010163,0.022536456031816175,0.007070260715863898,0.015908086610693768
0.23992917220008853,0.009296148738379814,0.007082779991146525,0.548472775564409,0.012837538733953076,0.009296148738379814,0.006640106241699867,0.017264276228419653,0.00619743249225321,0.010624169986719787,0.008853474988933156,0.017264276228419653,0.06463036741921203,0.0199203187250996,0.007082779991146525,0.014608233731739707
0.23849933005806165,0.008485931219294328,0.006699419383653417,0.547119249665029,0.01205895489057615,0.009379187137114784,0.007146047342563644,0.01652523447967843,0.005359535506922733,0.008932559178204555,0.01027244305493524,0.019205002233139794,0.06476105404198303,0.022331397945511387,0.0080393032603841,0.015185350602947744
0.24511545293072823,0.007548845470692718,0.007104795737122558,0.5390763765541741,0.011101243339253997,0.011545293072824156,0.007548845470692718,0.015541740674955595,0.005772646536412078,0.011545293072824156,0.011101243339253997,0.017761989342806393,0.06349911190053285,0.021758436944937832,0.007548845470692718,0.016429840142095916
0.23966207203201423,0.007114273010226767,0.006224988883948421,0.5433526011560693,0.011116051578479324,0.012449977767896843,0.008892841262783458,0.016896398399288574,0.005335704757670075,0.011116051578479324,0.011116051578479324,0.016896398399288574,0.062249888839484215,0.023566029346376166,0.00755891507336594,0.0164517563361494
0.24359550561797752,0.006292134831460674,0.005842696629213483,0.5402247191011236,0.010337078651685393,0.01303370786516854,0.00943820224719101,0.018426966292134833,0.005393258426966292,0.011235955056179775,0.011235955056179775,0.016179775280898877,0.06247191011235955,0.02202247191011236,0.0071910112359550565,0.01707865168539326
0.24664879356568364,0.00580875781948168,0.005361930294906166,0.5375335120643432,0.010723860589812333,0.013404825737265416,0.009830205540661306,0.01966041108132261,0.004915102770330653,0.011170688114387846,0.01161751563896336,0.017873100983020553,0.06210902591599642,0.02100089365504915,0.006702412868632708,0.015638963360142984
0.24520731163620152,0.0057958091841284,0.006241640659830584,0.5354436023183237,0.008916629514043692,0.01649576460098083,0.008916629514043692,0.017833259028087384,0.005349977708426215,0.012037449843958983,0.012483281319661168,0.01961658493089612,0.0637539010254124,0.01961658493089612,0.006241640659830584,0.016049933125278644
0.24139452780229478,0.00706090026478376,0.0048543689320388345,0.5317740511915269,0.009267431597528684,0.01588702559576346,0.009708737864077669,0.0176522506619594,0.00529567519858782,0.01147396293027361,0.01323918799646955,0.021624007060900265,0.06796116504854369,0.018976169461606355,0.00617828773168579,0.0176522506619594
0.23416592328278324,0.006244424620874219,0.004906333630686887,0.5298840321141838,0.009812667261373774,0.015165031222123104,0.008920606601248885,0.019625334522747548,0.005798394290811775,0.013380909901873328,0.012934879571810883,0.02408563782337199,0.07002676181980375,0.02007136485280999,0.005798394290811775,0.0191793041926851
0.23790322580645162,0.0062724014336917565,0.005376344086021506,0.525089605734767,0.010752688172043012,0.01478494623655914,0.008512544802867384,0.021057347670250897,0.005376344086021506,0.014336917562724014,0.013888888888888888,0.023745519713261647,0.07078853046594982,0.02060931899641577,0.005376344086021506,0.016129032258064516
0.23839285714285716,0.006696428571428571,0.004464285714285714,0.5245535714285714,0.009375,0.014732142857142857,0.008928571428571428,0.019642857142857142,0.004910714285714286,0.015178571428571428,0.012053571428571429,0.025,0.07276785714285715,0.020089285714285716,0.005357142857142857,0.017857142857142856
0.24046140195208518,0.005767524401064774,0.0044365572315882874,0.5244010647737356,0.008873114463176575,0.01419698314108252,0.008873114463176575,0.02040816326530612,0.0048802129547471165,0.015527950310559006,0.011091393078970719,0.023070097604259095,0.07675244010647737,0.02085181898846495,0.0044365572315882874,0.015971606033717833
0.23616071428571428,0.005803571428571429,0.0035714285714285713,0.5236607142857143,0.009821428571428571,0.01607142857142857,0.009821428571428571,0.020089285714285716,0.005803571428571429,0.015625,0.009375,0.023214285714285715,0.07544642857142857,0.023214285714285715,0.005357142857142857,0.016964285714285713
0.23680709534368072,0.004434589800443459,0.004434589800443459,0.5254988913525499,0.011086474501108648,0.01507760532150776,0.00975609756097561,0.020399113082039913,0.003547671840354767,0.015521064301552107,0.009312638580931265,0.02261640798226164,0.07849223946784922,0.02350332594235033,0.004878048780487805,0.014634146341463415
0.2327469553450609,0.005412719891745603,0.0045105999097880016,0.5254848894903023,0.010374379792512404,0.013531799729364006,0.009021199819576003,0.02210193955796121,0.0027063599458728013,0.014884979702300407,0.008570139828597204,0.023004059539918808,0.08028867839422643,0.02390617952187641,0.004961659900766802,0.01849345963013081
0.23875899280575538,0.00539568345323741,0.003147482014388489,0.5170863309352518,0.009892086330935251,0.012589928057553957,0.009442446043165468,0.022931654676258992,0.002697841726618705,0.013039568345323741,0.008992805755395683,0.022032374100719423,0.08318345323741007,0.025629496402877698,0.006744604316546762,0.01843525179856115
0.2393617021276596,0.006648936170212766,0.003989361702127659,0.5172872340425532,0.008865248226950355,0.011081560283687944,0.00975177304964539,0.02127659574468085,0.0026595744680851063,0.012854609929078014,0.009308510638297872,0.023936170212765957,0.08244680851063829,0.02304964539007092,0.007535460992907801,0.0199468085106383
0.2375933245498463,0.006587615283267457,0.004391743522178305,0.512955643390426,0.00922266139657444,0.010540184453227932,0.00834431269213878,0.021519543258673692,0.003952569169960474,0.012296881862099254,0.00834431269213878,0.025032938076416336,0.08607817303469477,0.025032938076416336,0.007465963987703118,0.020641194554238032
0.23371478873239437,0.007482394366197183,0.003961267605633803,0.5132042253521126,0.009242957746478873,0.010123239436619719,0.007922535211267605,0.021566901408450703,0.0048415492957746475,0.012764084507042254,0.007922535211267605,0.02596830985915493,0.0880281690140845,0.025088028169014086,0.006602112676056338,0.021566901408450703
0.23925564909171468,0.006202924235711121,0.003987594151528578,0.5055383252104564,0.008861320336730172,0.012405848471422242,0.007089056269384138,0.021710234824988923,0.0057598582188746125,0.014621178555604785,0.007975188303057155,0.023925564909171467,0.08684093929995569,0.026140894993354008,0.007532122286220647,0.022153300841825433
0.23402379903040987,0.006610841780520053,0.004407227853680035,0.510356985456148,0.007933010136624064,0.012780960775672102,0.006610841780520053,0.020273248126928163,0.005288673424416042,0.012780960775672102,0.00749228735125606,0.022917584839136182,0.09299250771264875,0.0246804759806082,0.00749228735125606,0.023358307624504186
0.23790322580645162,0.005376344086021506,0.004032258064516129,0.5089605734767025,0.0076164874551971325,0.012992831541218637,0.008064516129032258,0.019265232974910396,0.005824372759856631,0.010304659498207885,0.0076164874551971325,0.023297491039426525,0.0913978494623656,0.023745519713261647,0.0076164874551971325,0.025985663082437275
0.23790501553484245,0.006213936972924989,0.004438526409232135,0.509542831779849,0.008433200177541057,0.012427873945849977,0.008433200177541057,0.01775410563692854,0.006657789613848202,0.009764758100310697,0.006657789613848202,0.02174877940523746,0.09187749667110519,0.022636484687083888,0.007101642254771416,0.028406569019085663
0.23807400802496656,0.0057958091841284,0.0057958091841284,0.5033437360677664,0.008470798038341507,0.012483281319661168,0.008024966562639322,0.019170753455193937,0.008470798038341507,0.010254123941150245,0.0057958091841284,0.022737405260811413,0.0922871154703522,0.024520731163620153,0.006687472135532769,0.02808738296923763
0.2401067140951534,0.006224988883948421,0.004001778568252557,0.5006669630947087,0.008448199199644287,0.013783903957314362,0.005335704757670075,0.018674966651845263,0.008892841262783458,0.010226767452200978,0.005335704757670075,0.021787461093819474,0.09693196976433971,0.024899955535793685,0.006669630947087594,0.028012449977767896
0.23905272564789992,0.00580875781948168,0.004915102770330653,0.5004468275245755,0.010277033065236819,0.014298480786416443,0.005361930294906166,0.017873100983020553,0.007596067917783735,0.010277033065236819,0.005361930294906166,0.020554066130473638,0.09919571045576407,0.024128686327077747,0.0071492403932082215,0.02770330652368186
0.24260089686098654,0.006278026905829596,0.004932735426008968,0.49910313901345293,0.009417040358744395,0.013004484304932735,0.0053811659192825115,0.017040358744394617,0.006726457399103139,0.009865470852017937,0.004484304932735426,0.022869955156950672,0.09641255605381166,0.025560538116591928,0.006726457399103139,0.029596412556053813
0.24235711120957024,0.00664599025254763,0.0057598582188746125,0.4993354009747452,0.010633584404076208,0.01329198050509526,0.0057598582188746125,0.016836508639787327,0.00664599025254763,0.008861320336730172,0.0057598582188746125,0.0203810367744794,0.09836065573770492,0.024368630926007974,0.006202924235711121,0.028799291094373063
0.2415929203539823,0.007079646017699115,0.004424778761061947,0.49557522123893805,0.011504424778761062,0.014601769911504425,0.006194690265486726,0.016371681415929203,0.00663716814159292,0.010619469026548672,0.005309734513274336,0.01902654867256637,0.10132743362831859,0.023008849557522124,0.00752212389380531,0.02920353982300885
0.23550243470562196,0.00619743249225321,0.004426737494466578,0.4997786631252767,0.01195219123505976,0.015050907481186366,0.00619743249225321,0.017264276228419653,0.007525453740593183,0.011066843736166445,0.005312084993359893,0.02213368747233289,0.10137228862328464,0.02257636122177955,0.006640106241699867,0.027003098716246128
0.23479804704837995,0.005770084332001775,0.005770084332001775,0.5028850421660009,0.01154016866400355,0.014647137150466045,0.006657789613848202,0.016866400355082113,0.005770084332001775,0.010208610741233911,0.005770084332001775,0.02174877940523746,0.10341766533510874,0.02130492676431425,0.006657789613848202,0.026187305814469597
0.23907225691347012,0.004014272970561998,0.006244424620874219,0.49420160570918825,0.010258697591436218,0.01694915254237288,0.006690454950936664,0.01650312221231044,0.006244424620874219,0.010704727921498661,0.0053523639607493305,0.0231935771632471,0.10392506690454952,0.022747546833184657,0.00847457627118644,0.025423728813559324
0.24214254094732182,0.00619743249225321,0.006640106241699867,0.49358123063302345,0.009296148738379814,0.01593625498007968,0.006640106241699867,0.017264276228419653,0.004426737494466578,0.01018149623727313,0.006640106241699867,0.02080566622399292,0.10579902611775122,0.023461708720672863,0.00796812749003984,0.023019034971226208
0.246776345042241,0.006669630947087594,0.007114273010226767,0.4882169853268119,0.008448199199644287,0.0164517563361494,0.00755891507336594,0.01600711427301023,0.004446420631391729,0.009337483325922631,0.005780346820809248,0.02267674522009782,0.10582481102712317,0.023566029346376166,0.008003557136505114,0.023121387283236993
0.24520731163620152,0.008024966562639322,0.007133303611234953,0.4850646455639768,0.008024966562639322,0.016941596076683014,0.008024966562639322,0.01560410164957646,0.004458314757021846,0.008470798038341507,0.0057958091841284,0.023629068212215783,0.11056620597414177,0.024074899687917966,0.006687472135532769,0.02229157378510923
0.24629213483146067,0.008988764044943821,0.0071910112359550565,0.4750561797752809,0.00853932584269663,0.01752808988764045,0.00853932584269663,0.015280898876404495,0.004943820224719101,0.009887640449438202,0.006741573033707865,0.025168539325842697,0.11235955056179775,0.02247191011235955,0.007640449438202248,0.023370786516853932
0.24593862815884476,0.008122743682310469,0.00631768953068592,0.4760830324909747,0.008122743682310469,0.01759927797833935,0.00947653429602888,0.016245487364620937,0.004963898916967509,0.009025270758122744,0.007220216606498195,0.024368231046931407,0.11507220216606498,0.02211191335740072,0.007671480144404332,0.021660649819494584
0.24711111111111111,0.008,0.0071111111111111115,0.4742222222222222,0.008444444444444444,0.017777777777777778,0.008888888888888889,0.013777777777777778,0.0057777777777777775,0.008888888888888889,0.006666666666666667,0.024,0.11822222222222223,0.02311111111111111,0.0071111111111111115,0.020888888888888887
0.24249116607773852,0.006183745583038869,0.007067137809187279,0.4787985865724382,0.008392226148409895,0.01678445229681979,0.007067137809187279,0.012809187279151944,0.005742049469964664,0.0088339222614841,0.007067137809187279,0.023409893992932862,0.12279151943462897,0.022968197879858657,0.0066254416961130744,0.022968197879858657
0.2448522829006267,0.006266786034019696,0.007162041181736795,0.4704565801253357,0.008952551477170993,0.018352730528200537,0.007609668755595345,0.01387645478961504,0.005819158460161146,0.008057296329453895,0.008504923903312443,0.021486123545210387,0.12757385854968667,0.022829006266786033,0.006266786034019696,0.021933751119068933
0.24414414414414415,0.006306306306306306,0.007207207207207207,0.4725225225225225,0.009009009009009009,0.018018018018018018,0.006756756756756757,0.013063063063063063,0.005855855855855856,0.006756756756756757,0.009009009009009009,0.021621621621621623,0.1292792792792793,0.02252252252252252,0.005855855855855856,0.022072072072072072
0.24753363228699551,0.008071748878923767,0.007623318385650224,0.47399103139013454,0.008968609865470852,0.019282511210762333,0.006726457399103139,0.013004484304932735,0.006726457399103139,0.006278026905829596,0.007174887892376682,0.019730941704035873,0.12466367713004484,0.02062780269058296,0.006726457399103139,0.022869955156950672
0.25257963212202783,0.00762673844773441,0.006729475100942127,0.47106325706594887,0.008972633467922835,0.018842530282637954,0.00493494840735756,0.012113055181695828,0.006280843427545985,0.006280843427545985,0.007178106774338268,0.01973979362943024,0.12830865859129656,0.018393898609241812,0.006729475100942127,0.024226110363391656
0.2485340550293189,0.006314839873703203,0.006765899864682003,0.4700045105999098,0.009472259810554804,0.018944519621109608,0.005412719891745603,0.013080739738385205,0.006765899864682003,0.006314839873703203,0.005863779882724403,0.019846639603067207,0.13261163734776726,0.019846639603067207,0.005863779882724403,0.02435723951285521
