C_R,C_A,C_S,C_N,D_R,D_A,D_S,D_N,Oc_R,Oc_A,Oc_S,Oc_N,Od_R,Od_A,Od_S,Od_N
0.0,0.0,0.0,0.0,0.0,0.0,0.0,0.0,0.0,0.0,0.0,0.0,1.0,0.0,0.0,0.0
0.0,0.0,0.0,0.0,0.0,0.0,0.0,0.3333333333333333,0.0,0.0,0.0,0.0,0.6666666666666666,0.0,0.0,0.0
0.0,0.0,0.0,0.15384615384615385,0.15384615384615385,0.0,0.0,0.3076923076923077,0.0,0.0,0.0,0.15384615384615385,0.23076923076923078,0.0,0.0,0.0
0.07407407407407407,0.0,0.0,0.2222222222222222,0.14814814814814814,0.0,0.0,0.18518518518518517,0.0,0.0,0.07407407407407407,0.14814814814814814,0.14814814814814814,0.0,0.0,0.0
0.08163265306122448,0.0,0.0,0.24489795918367346,0.12244897959183673,0.0,0.0,0.20408163265306123,0.0,0.0,0.10204081632653061,0.10204081632653061,0.14285714285714285,0.0,0.0,0.0
0.08333333333333333,0.0,0.023809523809523808,0.2261904761904762,0.11904761904761904,0.0,0.0,0.16666666666666666,0.023809523809523808,0.0,0.09523809523809523,0.11904761904761904,0.10714285714285714,0.03571428571428571,0.0,0.0
0.08029197080291971,0.014598540145985401,0.0364963503649635,0.1897810218978102,0.10948905109489052,0.014598540145985401,0.0,0.15328467153284672,0.021897810218978103,0.0,0.10218978102189781,0.145985401459854,0.08029197080291971,0.021897810218978103,0.029197080291970802,0.0
0.09523809523809523,0.023809523809523808,0.047619047619047616,0.15714285714285714,0.1,0.023809523809523808,0.009523809523809525,0.14761904761904762,0.02857142857142857,0.0,0.09047619047619047,0.14285714285714285,0.07142857142857142,0.02857142857142857,0.03333333333333333,0.0
0.1118421052631579,0.029605263157894735,0.05592105263157895,0.12828947368421054,0.09210526315789473,0.03618421052631579,0.023026315789473683,0.12828947368421054,0.023026315789473683,0.006578947368421052,0.09210526315789473,0.13815789473684212,0.0625,0.03289473684210526,0.039473684210526314,0.0
0.09859154929577464,0.03051643192488263,0.05868544600938967,0.12441314553990611,0.08450704225352113,0.035211267605633804,0.03990610328638498,0.107981220657277,0.02112676056338028,0.009389671361502348,0.0892018779342723,0.13380281690140844,0.07276995305164319,0.04225352112676056,0.03990610328638498,0.011737089201877934
0.08818342151675485,0.03527336860670194,0.07231040564373897,0.12169312169312169,0.07054673721340388,0.031746031746031744,0.05114638447971781,0.10405643738977072,0.02292768959435626,0.008818342151675485,0.10052910052910052,0.12345679012345678,0.06349206349206349,0.042328042328042326,0.05291005291005291,0.010582010582010581
0.07938718662952646,0.04596100278551532,0.07381615598885793,0.10863509749303621,0.06963788300835655,0.0403899721448468,0.057103064066852366,0.10027855153203342,0.025069637883008356,0.009749303621169917,0.0947075208913649,0.11977715877437325,0.0584958217270195,0.03899721448467967,0.06545961002785515,0.012534818941504178
0.0800438596491228,0.039473684210526314,0.07785087719298246,0.1118421052631579,0.06140350877192982,0.03837719298245614,0.07017543859649122,0.09649122807017543,0.025219298245614034,0.010964912280701754,0.09100877192982457,0.11732456140350878,0.06140350877192982,0.041666666666666664,0.0625,0.01425438596491228
0.08467023172905526,0.03832442067736185,0.0855614973262032,0.11229946524064172,0.0570409982174688,0.034759358288770054,0.08021390374331551,0.09358288770053476,0.027629233511586453,0.015151515151515152,0.08288770053475936,0.10784313725490197,0.0570409982174688,0.04188948306595366,0.06506238859180036,0.016042780748663103
0.07979120059656973,0.042505592841163314,0.08575689783743475,0.11185682326621924,0.05070842654735272,0.04399701715137957,0.08799403430275914,0.08351976137211037,0.029082774049217,0.024608501118568233,0.07755406413124534,0.10514541387024609,0.05145413870246085,0.040268456375838924,0.06711409395973154,0.018642803877703208
0.07395498392282958,0.04372990353697749,0.08810289389067524,0.10739549839228296,0.049517684887459806,0.04372990353697749,0.08874598070739549,0.08231511254019293,0.03279742765273312,0.028938906752411574,0.07845659163987138,0.09710610932475884,0.049517684887459806,0.041157556270096464,0.06816720257234726,0.026366559485530548
0.07004555808656036,0.04328018223234624,0.0837129840546697,0.09681093394077449,0.05353075170842825,0.04328018223234624,0.08485193621867881,0.09225512528473805,0.03302961275626424,0.030751708428246014,0.07517084282460136,0.09225512528473805,0.05353075170842825,0.04328018223234624,0.06947608200455581,0.034738041002277904
0.07168643630737494,0.04538421866941723,0.07839092315626611,0.09798865394533264,0.05002578648788035,0.04486848891181021,0.0814853017019082,0.08973697782362042,0.038679731820526045,0.037648272305312015,0.0665291387313048,0.08612686952037132,0.058793192367199584,0.04332129963898917,0.07013924703455389,0.039195461578133056
0.07254623044096728,0.0474158368895211,0.07586533902323377,0.08866761498340446,0.04883831199620673,0.04694167852062589,0.07633949739212897,0.08961593172119488,0.04030346135609293,0.04362256993835941,0.06353722143195828,0.08440018966334756,0.06590801327643434,0.04694167852062589,0.06733048838311996,0.04172593646277857
0.07405764966740576,0.04966740576496674,0.07450110864745012,0.0860310421286031,0.04789356984478936,0.05055432372505543,0.07272727272727272,0.09223946784922395,0.03813747228381375,0.04478935698447894,0.06164079822616408,0.08470066518847007,0.06873614190687362,0.04700665188470066,0.06563192904656319,0.041685144124168516
0.07458912768647281,0.051833122629582805,0.07206068268015171,0.08470290771175727,0.04846186262115466,0.048883270122208174,0.07121786767804467,0.08891698272229245,0.03876949009692372,0.047619047619047616,0.05815423514538559,0.08428150021070376,0.06995364517488412,0.0539401601348504,0.06616097766540244,0.040455120101137804
0.07321063394683026,0.05930470347648262,0.06912065439672802,0.08139059304703476,0.04867075664621677,0.043353783231083846,0.07116564417177915,0.09243353783231084,0.03885480572597137,0.050715746421267895,0.05848670756646217,0.08139059304703476,0.06748466257668712,0.05644171779141104,0.06257668711656442,0.04539877300613497
0.07280772325020113,0.058728881737731296,0.0667739340305712,0.07723250201126307,0.0498793242156074,0.04304102976669348,0.07119871279163315,0.08809332260659694,0.04304102976669348,0.053901850362027354,0.06033789219629927,0.07843925985518906,0.06918744971842317,0.059935639581657284,0.06395816572807723,0.04344328238133548
0.06842737094837935,0.06082432973189276,0.0664265706282513,0.07482993197278912,0.04721888755502201,0.04561824729891957,0.0700280112044818,0.08523409363745499,0.04481792717086835,0.05962384953981593,0.057623049219687875,0.07963185274109644,0.06922769107643058,0.06202480992396959,0.062424969987995196,0.04601840736294518
0.068,0.0592,0.0672,0.0728,0.0452,0.05,0.0672,0.0832,0.0448,0.0636,0.06,0.0784,0.0664,0.0632,0.0612,0.0496
0.0604,0.0608,0.0672,0.0716,0.0464,0.0536,0.0652,0.0764,0.046,0.0708,0.0572,0.0804,0.068,0.0592,0.0632,0.0536
0.0576,0.0624,0.0656,0.0744,0.0504,0.0504,0.0636,0.0728,0.0504,0.0684,0.058,0.0808,0.0676,0.06,0.0632,0.0544
0.0588,0.062,0.0644,0.0712,0.0532,0.0516,0.0648,0.07,0.0528,0.068,0.0544,0.0784,0.0708,0.0644,0.0604,0.0548
0.0608,0.0636,0.066,0.0684,0.0528,0.0528,0.0664,0.064,0.0516,0.0708,0.0528,0.0784,0.0732,0.0644,0.058,0.056
0.0612,0.0648,0.0672,0.0672,0.0552,0.054,0.0632,0.06,0.0532,0.0688,0.0576,0.0744,0.0744,0.0648,0.0584,0.0556
0.0632,0.0636,0.0676,0.066,0.0556,0.0516,0.0636,0.0612,0.0512,0.0708,0.058,0.0708,0.072,0.0676,0.0584,0.0588
0.0608,0.0616,0.0656,0.0672,0.0548,0.0536,0.064,0.0604,0.0516,0.0692,0.0596,0.0696,0.0712,0.072,0.0568,0.062
0.06,0.0628,0.0652,0.0664,0.056,0.0552,0.0644,0.06,0.0528,0.0692,0.0624,0.0668,0.0676,0.0732,0.0568,0.0612
0.0576,0.0608,0.0636,0.0668,0.0608,0.0564,0.0664,0.0604,0.052,0.0652,0.0652,0.066,0.0664,0.0744,0.0576,0.0604
0.0572,0.0628,0.0608,0.066,0.062,0.0564,0.0664,0.0604,0.0504,0.0656,0.0664,0.0664,0.0644,0.0772,0.0592,0.0584
0.058,0.062,0.06,0.066,0.0612,0.0584,0.0672,0.06,0.0516,0.0668,0.0676,0.0664,0.0616,0.0752,0.0584,0.0596
0.0552,0.0656,0.0588,0.0672,0.062,0.0588,0.0688,0.0632,0.0544,0.0652,0.066,0.0664,0.06,0.0684,0.0608,0.0592
0.056,0.0656,0.06,0.066,0.0628,0.056,0.0696,0.0648,0.0552,0.0676,0.0664,0.0664,0.0604,0.0652,0.0604,0.0576
0.0596,0.0628,0.062,0.068,0.0624,0.0552,0.068,0.066,0.0508,0.068,0.0688,0.066,0.064,0.0652,0.0576,0.0556
0.0564,0.0636,0.06,0.07,0.0652,0.0548,0.0664,0.0668,0.0524,0.0688,0.0684,0.0624,0.066,0.0632,0.0592,0.0564
0.058,0.0644,0.0592,0.0672,0.0652,0.056,0.068,0.0664,0.054,0.0696,0.0652,0.0644,0.0656,0.0588,0.0608,0.0572
0.0556,0.0668,0.0572,0.0688,0.064,0.0556,0.0676,0.0652,0.0572,0.07,0.0672,0.058,0.0672,0.0616,0.0596,0.0584
0.0596,0.066,0.0608,0.0648,0.0616,0.06,0.0688,0.062,0.0548,0.0668,0.0644,0.06,0.0672,0.0612,0.0648,0.0572
0.0564,0.0684,0.0612,0.0656,0.0604,0.0612,0.0708,0.0636,0.0548,0.062,0.064,0.0584,0.07,0.0612,0.064,0.058
0.0556,0.0692,0.0592,0.0676,0.0612,0.0624,0.0728,0.0664,0.0524,0.0624,0.0592,0.0588,0.0684,0.066,0.0616,0.0568
0.0572,0.068,0.0588,0.0652,0.0628,0.0628,0.0724,0.0672,0.0512,0.06,0.058,0.0592,0.0712,0.0668,0.0616,0.0576
0.0588,0.0676,0.0616,0.0632,0.0604,0.0608,0.074,0.0648,0.0528,0.0628,0.0592,0.0608,0.0696,0.0644,0.0612,0.058
0.0568,0.064,0.0632,0.064,0.0572,0.0652,0.0752,0.064,0.0544,0.0636,0.0604,0.062,0.0652,0.0656,0.0604,0.0588
0.0576,0.066,0.0648,0.0648,0.0576,0.064,0.0752,0.0592,0.0544,0.066,0.0584,0.0612,0.0644,0.068,0.0616,0.0568
0.0588,0.0648,0.0628,0.0648,0.0576,0.0652,0.0736,0.0588,0.0556,0.0648,0.0604,0.0624,0.0628,0.0676,0.0616,0.0584
0.0572,0.064,0.0628,0.0656,0.06,0.068,0.07,0.058,0.0568,0.0664,0.0612,0.0608,0.0612,0.0672,0.0628,0.058
0.0544,0.0648,0.0624,0.0636,0.0656,0.0684,0.0712,0.0596,0.0576,0.0648,0.0592,0.0584,0.0624,0.0624,0.0636,0.0616
0.0544,0.0672,0.0632,0.0636,0.0664,0.0688,0.0668,0.0592,0.0592,0.0644,0.0604,0.0588,0.0624,0.06,0.0648,0.0604
0.0524,0.0688,0.064,0.06,0.0656,0.0732,0.0656,0.0568,0.0576,0.064,0.0604,0.0588,0.0644,0.056,0.068,0.0644
0.0524,0.072,0.0648,0.0556,0.0648,0.0684,0.0652,0.0596,0.0588,0.0644,0.062,0.0624,0.0672,0.054,0.066,0.0624
0.0528,0.072,0.0664,0.056,0.0652,0.0668,0.062,0.0624,0.06,0.0648,0.0592,0.06,0.0668,0.0544,0.066,0.0652
0.0572,0.074,0.0644,0.0568,0.0668,0.0644,0.0612,0.0596,0.0628,0.0624,0.058,0.06,0.0672,0.058,0.066,0.0612
0.06,0.0728,0.0656,0.0568,0.066,0.0644,0.0632,0.0576,0.062,0.0628,0.0608,0.0568,0.0648,0.0588,0.0656,0.062
0.0624,0.0744,0.0632,0.0544,0.0656,0.0664,0.0632,0.0576,0.0604,0.0624,0.0568,0.0572,0.0636,0.0636,0.0668,0.062
0.0612,0.0748,0.062,0.056,0.0632,0.0696,0.0604,0.058,0.0616,0.0656,0.0552,0.0552,0.0648,0.062,0.068,0.0624
0.0624,0.0768,0.06,0.0564,0.0644,0.07,0.06,0.0608,0.0624,0.0608,0.054,0.0564,0.0648,0.0632,0.0664,0.0612
0.0604,0.0784,0.0588,0.0568,0.0612,0.068,0.0624,0.0624,0.064,0.0592,0.0552,0.0608,0.0664,0.0616,0.064,0.0604
0.0596,0.0776,0.0616,0.0576,0.066,0.0672,0.0588,0.0636,0.064,0.0556,0.0556,0.062,0.066,0.0604,0.064,0.0604
0.0592,0.0772,0.0592,0.058,0.0684,0.064,0.0564,0.062,0.0648,0.0556,0.0588,0.0616,0.0668,0.0604,0.0656,0.062
0.0608,0.0764,0.0604,0.0584,0.0696,0.0668,0.0588,0.0608,0.0612,0.0524,0.0576,0.0644,0.0652,0.06,0.0648,0.0624
0.0624,0.0752,0.0616,0.0592,0.0672,0.066,0.0604,0.0604,0.0636,0.0548,0.0552,0.0628,0.062,0.0588,0.0648,0.0656
0.0628,0.0752,0.0628,0.0584,0.0692,0.0668,0.0568,0.0576,0.0664,0.0536,0.0572,0.0596,0.0636,0.0596,0.0648,0.0656
0.0612,0.0732,0.0608,0.0592,0.0668,0.0648,0.0616,0.0576,0.0636,0.0568,0.056,0.0584,0.0652,0.0624,0.0668,0.0656
0.0604,0.0732,0.0604,0.0588,0.0664,0.0624,0.0624,0.0572,0.0628,0.0576,0.0572,0.0632,0.0628,0.0624,0.066,0.0668
0.06,0.0692,0.0596,0.0608,0.0684,0.0632,0.0644,0.0584,0.064,0.058,0.056,0.0616,0.064,0.0596,0.0652,0.0676
0.0628,0.0668,0.0592,0.0628,0.0684,0.0632,0.0672,0.0628,0.0628,0.0544,0.056,0.0612,0.064,0.0592,0.0644,0.0648
0.0648,0.066,0.056,0.0612,0.068,0.0632,0.0668,0.0664,0.0652,0.0568,0.0532,0.0616,0.0616,0.0624,0.0628,0.064
0.0628,0.0668,0.0524,0.0616,0.0692,0.0632,0.068,0.068,0.0668,0.0548,0.0544,0.0632,0.0612,0.0636,0.0612,0.0628
0.064,0.0668,0.054,0.0608,0.0728,0.0592,0.0704,0.0668,0.0628,0.0536,0.0556,0.064,0.0604,0.0676,0.0596,0.0616
0.064,0.0648,0.0528,0.0644,0.0732,0.0592,0.0704,0.066,0.0628,0.0536,0.0596,0.0644,0.062,0.0616,0.0604,0.0608
0.0612,0.064,0.052,0.064,0.0732,0.0608,0.0696,0.0692,0.0592,0.0568,0.064,0.0648,0.0616,0.06,0.0604,0.0592
0.0604,0.0624,0.0548,0.0636,0.0744,0.0616,0.0664,0.0684,0.0616,0.0612,0.0616,0.0656,0.0584,0.0636,0.0576,0.0584
0.0608,0.064,0.0532,0.0644,0.0756,0.0588,0.0704,0.0672,0.0644,0.06,0.0596,0.0656,0.056,0.0604,0.0604,0.0592
0.0636,0.0636,0.0552,0.0612,0.0724,0.0568,0.072,0.0664,0.0668,0.0596,0.0576,0.066,0.0568,0.0624,0.062,0.0576
0.0592,0.0664,0.0544,0.0628,0.0692,0.0584,0.0732,0.0676,0.0692,0.0604,0.0576,0.0648,0.0604,0.0588,0.0592,0.0584
0.0616,0.0628,0.058,0.0596,0.0728,0.06,0.0708,0.0668,0.0684,0.0612,0.0556,0.0644,0.0608,0.0576,0.0572,0.0624
0.062,0.0632,0.0608,0.0604,0.078,0.0596,0.0716,0.0652,0.066,0.0592,0.0568,0.064,0.058,0.0588,0.0568,0.0596
0.06,0.0672,0.0596,0.0596,0.078,0.0616,0.072,0.0624,0.066,0.06,0.0612,0.0624,0.0604,0.0572,0.0524,0.06
0.0576,0.0676,0.0608,0.0628,0.0756,0.0624,0.0696,0.0652,0.0628,0.0604,0.058,0.064,0.0612,0.0552,0.0564,0.0604
0.058,0.0672,0.0608,0.0604,0.074,0.0652,0.07,0.0644,0.0644,0.0612,0.0576,0.0604,0.0628,0.0576,0.0544,0.0616
0.0624,0.0664,0.0624,0.0564,0.0712,0.0612,0.0676,0.0636,0.066,0.0596,0.0564,0.064,0.0648,0.06,0.056,0.062
0.068,0.0632,0.0616,0.0584,0.0676,0.0632,0.0676,0.062,0.0676,0.0612,0.0568,0.0612,0.0628,0.0592,0.0572,0.0624
0.0692,0.062,0.0628,0.0612,0.0668,0.0616,0.0672,0.0608,0.0676,0.0584,0.0576,0.0628,0.0636,0.0572,0.0564,0.0648
0.064,0.0632,0.0612,0.0604,0.0644,0.064,0.0664,0.0644,0.0684,0.0588,0.0596,0.064,0.0596,0.058,0.0572,0.0664
0.0664,0.0632,0.0604,0.0572,0.0616,0.0652,0.0632,0.0656,0.0688,0.0592,0.0628,0.0604,0.0604,0.0588,0.0584,0.0684
0.0648,0.0604,0.0608,0.0584,0.0592,0.0672,0.0656,0.068,0.0644,0.0616,0.0628,0.0616,0.0608,0.0584,0.0568,0.0692
0.0652,0.062,0.0604,0.0604,0.0592,0.0648,0.0656,0.0648,0.0676,0.0616,0.0632,0.06,0.0608,0.0612,0.0552,0.068
0.0648,0.0648,0.0628,0.0632,0.0572,0.0664,0.0656,0.0628,0.066,0.0584,0.0604,0.0624,0.0628,0.0612,0.056,0.0652
0.0648,0.0636,0.0688,0.062,0.0568,0.0672,0.0632,0.0628,0.0644,0.0604,0.0584,0.066,0.0612,0.0604,0.0536,0.0664
0.064,0.0644,0.0712,0.0604,0.056,0.0688,0.0676,0.06,0.0668,0.058,0.0576,0.0624,0.06,0.0624,0.056,0.0644
0.0636,0.0676,0.0708,0.0584,0.0572,0.0712,0.066,0.0604,0.0684,0.0612,0.0572,0.0636,0.0564,0.062,0.0528,0.0632
0.062,0.0692,0.0676,0.0576,0.0588,0.07,0.0652,0.0604,0.07,0.0644,0.0568,0.0652,0.0556,0.066,0.0492,0.062
0.0588,0.0724,0.0676,0.058,0.0588,0.068,0.0656,0.064,0.0672,0.0612,0.0592,0.0632,0.0556,0.066,0.0508,0.0636
0.0588,0.0676,0.0692,0.0568,0.0624,0.068,0.0672,0.0652,0.0676,0.0608,0.0568,0.0632,0.056,0.0664,0.0492,0.0648
0.0572,0.0684,0.0688,0.0576,0.0648,0.064,0.07,0.0688,0.0688,0.0588,0.058,0.0644,0.0528,0.0664,0.0504,0.0608
0.0592,0.066,0.0688,0.0576,0.064,0.0652,0.0692,0.068,0.0664,0.0604,0.0576,0.0644,0.0536,0.0688,0.05,0.0608
0.0592,0.066,0.0692,0.0568,0.0644,0.0628,0.0676,0.0692,0.0656,0.058,0.0584,0.064,0.0576,0.068,0.0536,0.0596
0.0604,0.0632,0.07,0.0568,0.0688,0.0624,0.0676,0.068,0.066,0.0616,0.0596,0.0612,0.06,0.0664,0.0504,0.0576
0.0584,0.064,0.0712,0.0552,0.0692,0.0616,0.0656,0.068,0.062,0.0608,0.0604,0.0596,0.0624,0.0692,0.0512,0.0612
0.0556,0.066,0.0708,0.058,0.068,0.0588,0.0644,0.0668,0.0648,0.0592,0.0596,0.0576,0.0644,0.0692,0.0536,0.0632
0.0596,0.064,0.0692,0.0616,0.0664,0.0576,0.0596,0.064,0.0648,0.0584,0.0624,0.0588,0.064,0.0708,0.0572,0.0616
0.058,0.066,0.0696,0.0636,0.0636,0.0548,0.0568,0.066,0.0636,0.06,0.062,0.0584,0.0636,0.0692,0.06,0.0648
0.0552,0.0664,0.0692,0.0636,0.0636,0.0524,0.0564,0.062,0.0628,0.058,0.0652,0.0596,0.0696,0.066,0.0628,0.0672
0.0572,0.0668,0.0672,0.062,0.0656,0.0516,0.0572,0.0616,0.0596,0.0604,0.0692,0.058,0.0668,0.064,0.0636,0.0692
0.056,0.0648,0.068,0.0624,0.0624,0.0524,0.0564,0.0604,0.0632,0.0608,0.0696,0.0576,0.068,0.0628,0.0636,0.0716
0.0568,0.0616,0.0712,0.0608,0.0632,0.0536,0.0548,0.0596,0.0668,0.0592,0.0692,0.0588,0.0692,0.0652,0.0604,0.0696
0.056,0.0612,0.0696,0.0624,0.0632,0.0552,0.0564,0.058,0.0672,0.0612,0.0672,0.06,0.0648,0.0664,0.062,0.0692
0.054,0.0624,0.0672,0.0616,0.0616,0.0576,0.0576,0.0608,0.0672,0.0592,0.0668,0.06,0.0652,0.0672,0.0644,0.0672
0.0544,0.0604,0.07,0.0604,0.066,0.0576,0.06,0.0632,0.0664,0.0576,0.0664,0.0596,0.0648,0.0648,0.0624,0.066
0.0552,0.0592,0.0716,0.0596,0.0664,0.0596,0.0588,0.0636,0.0684,0.0544,0.0644,0.0584,0.064,0.066,0.062,0.0684
0.0552,0.0604,0.0708,0.0576,0.0664,0.0608,0.0628,0.0628,0.0664,0.0544,0.0624,0.0596,0.0632,0.0664,0.0608,0.07
0.0576,0.0588,0.0728,0.0564,0.066,0.0596,0.0664,0.0584,0.066,0.0576,0.0672,0.0584,0.0612,0.0644,0.0596,0.0696
0.0588,0.0596,0.07,0.0588,0.0664,0.0576,0.068,0.0584,0.0636,0.0592,0.0684,0.0572,0.0628,0.0612,0.0596,0.0704
0.0596,0.0592,0.0664,0.06,0.066,0.056,0.0716,0.0552,0.0644,0.0612,0.0648,0.0604,0.0644,0.062,0.0596,0.0692
0.0596,0.0612,0.0676,0.0624,0.0684,0.0532,0.072,0.054,0.0624,0.0608,0.0676,0.0588,0.062,0.0604,0.0608,0.0688
0.0612,0.0624,0.0648,0.0628,0.068,0.0552,0.0732,0.0556,0.0644,0.0596,0.066,0.0584,0.0624,0.058,0.0608,0.0672
0.0592,0.0676,0.0628,0.0636,0.0672,0.052,0.0672,0.058,0.0656,0.062,0.0652,0.0576,0.0644,0.0592,0.062,0.0664
0.0572,0.0696,0.0616,0.0676,0.0648,0.0504,0.0676,0.058,0.064,0.0648,0.0652,0.058,0.0688,0.0552,0.062,0.0652
0.0544,0.0732,0.0612,0.0676,0.0648,0.052,0.0664,0.0576,0.0652,0.064,0.0664,0.0588,0.0668,0.0564,0.0604,0.0648
0.0548,0.072,0.0608,0.066,0.0664,0.0564,0.064,0.0588,0.0652,0.0664,0.0672,0.0568,0.064,0.0548,0.0608,0.0656
0.0552,0.0708,0.0604,0.0656,0.062,0.054,0.066,0.06,0.0648,0.0712,0.0684,0.0564,0.0636,0.0544,0.0636,0.0636
0.0536,0.0672,0.0624,0.0688,0.0616,0.0524,0.0696,0.0576,0.064,0.072,0.0656,0.058,0.064,0.054,0.064,0.0652
0.0548,0.0696,0.0596,0.0704,0.0588,0.0492,0.0684,0.0604,0.066,0.0712,0.0692,0.0592,0.0628,0.0516,0.0636,0.0652
0.054,0.0676,0.06,0.0732,0.0584,0.054,0.068,0.0624,0.0624,0.0712,0.0628,0.0612,0.0612,0.0532,0.064,0.0664
0.054,0.0688,0.0568,0.0716,0.0608,0.0544,0.068,0.066,0.0632,0.0688,0.0632,0.058,0.0584,0.0544,0.066,0.0676
0.052,0.0668,0.056,0.0684,0.0616,0.0544,0.07,0.0696,0.062,0.0696,0.0616,0.0592,0.062,0.0536,0.066,0.0672
0.0548,0.0632,0.0552,0.068,0.0572,0.0544,0.0728,0.068,0.062,0.0692,0.0608,0.0584,0.0644,0.0536,0.068,0.07
0.0556,0.064,0.052,0.0652,0.058,0.0552,0.0712,0.0672,0.0588,0.0716,0.0608,0.0608,0.0656,0.0544,0.068,0.0716
0.056,0.0624,0.0524,0.0652,0.0584,0.06,0.0696,0.0648,0.06,0.0724,0.0604,0.0604,0.0636,0.0556,0.0676,0.0712
0.0528,0.0628,0.0512,0.066,0.0608,0.0604,0.0708,0.066,0.0604,0.0696,0.0584,0.0636,0.0652,0.0552,0.0688,0.068
0.0496,0.0652,0.0508,0.0656,0.0624,0.0616,0.0692,0.068,0.0604,0.07,0.0576,0.0648,0.0676,0.0552,0.0668,0.0652
0.0532,0.0672,0.0508,0.066,0.0612,0.064,0.0708,0.068,0.0592,0.0692,0.058,0.0632,0.066,0.0544,0.0644,0.0644
0.0568,0.0652,0.0488,0.0636,0.0612,0.0656,0.0708,0.0668,0.0568,0.0688,0.058,0.0664,0.0664,0.0536,0.0644,0.0668
0.0568,0.0676,0.0532,0.0608,0.0636,0.0632,0.068,0.0684,0.0596,0.066,0.0568,0.0676,0.0668,0.0552,0.0616,0.0648
0.0564,0.0684,0.0528,0.0636,0.0636,0.0636,0.0668,0.0696,0.0588,0.0628,0.054,0.0688,0.0688,0.058,0.0576,0.0664
0.0544,0.0676,0.052,0.0628,0.0652,0.0636,0.0644,0.0676,0.0668,0.064,0.056,0.0688,0.0676,0.0588,0.0572,0.0632
0.0576,0.066,0.0528,0.06,0.0628,0.0612,0.064,0.0656,0.0672,0.0628,0.0604,0.0696,0.066,0.062,0.0588,0.0632
0.056,0.066,0.052,0.0576,0.0612,0.0604,0.0708,0.066,0.07,0.062,0.0616,0.0672,0.0628,0.0644,0.0576,0.0644
0.0536,0.064,0.0572,0.0604,0.0628,0.0568,0.0684,0.0712,0.0688,0.0608,0.0636,0.0644,0.0588,0.0664,0.0584,0.0644
0.056,0.0616,0.0592,0.0604,0.058,0.0572,0.0688,0.0704,0.0684,0.0576,0.0608,0.0648,0.0616,0.0664,0.064,0.0648
0.0548,0.0636,0.0576,0.0584,0.0608,0.0564,0.068,0.0696,0.0652,0.0604,0.0632,0.062,0.0648,0.0688,0.0636,0.0628
0.0528,0.0604,0.0588,0.0592,0.0612,0.0556,0.0688,0.07,0.064,0.0612,0.0636,0.0644,0.0612,0.0668,0.0668,0.0652
0.054,0.0592,0.0608,0.0588,0.0596,0.0544,0.0672,0.0688,0.0656,0.0616,0.0632,0.0652,0.0616,0.0684,0.0644,0.0672
0.0528,0.0568,0.0628,0.0532,0.062,0.0548,0.0712,0.0676,0.0704,0.06,0.0632,0.0652,0.0636,0.0656,0.0636,0.0672
0.052,0.0568,0.0628,0.0556,0.0612,0.054,0.0728,0.0696,0.0704,0.0636,0.0624,0.0644,0.0664,0.0648,0.0612,0.062
0.054,0.0572,0.0652,0.0524,0.064,0.0532,0.07,0.07,0.0684,0.0644,0.0592,0.0644,0.0648,0.068,0.0608,0.064
0.0548,0.0552,0.0644,0.056,0.062,0.0552,0.0688,0.0696,0.0652,0.064,0.0624,0.066,0.066,0.0672,0.0616,0.0616
0.0548,0.0548,0.064,0.054,0.0624,0.0588,0.068,0.0684,0.0656,0.0648,0.062,0.0668,0.068,0.0672,0.0588,0.0616
0.06,0.0548,0.062,0.0516,0.0604,0.0608,0.07,0.07,0.0652,0.0652,0.0612,0.07,0.0656,0.0668,0.0576,0.0588
0.0596,0.0584,0.0652,0.052,0.0588,0.0572,0.0704,0.0676,0.064,0.064,0.0604,0.0692,0.0652,0.0696,0.0576,0.0608
0.062,0.06,0.066,0.0516,0.0616,0.0528,0.072,0.0672,0.0624,0.0636,0.0612,0.0684,0.066,0.0664,0.0588,0.06
0.0628,0.056,0.0664,0.0532,0.0636,0.0556,0.0736,0.0652,0.0636,0.0644,0.0596,0.0676,0.0636,0.0664,0.06,0.0584
0.0624,0.0572,0.0652,0.054,0.0644,0.054,0.0692,0.0664,0.0624,0.0632,0.0616,0.0676,0.0608,0.0668,0.0632,0.0616
0.062,0.0604,0.0648,0.0564,0.0648,0.0544,0.07,0.0648,0.0612,0.0584,0.0624,0.0652,0.0632,0.0668,0.0624,0.0628
0.0652,0.0612,0.0652,0.0564,0.0616,0.0536,0.0688,0.0652,0.0632,0.0552,0.0624,0.0676,0.0628,0.0636,0.0644,0.0636
0.0672,0.0616,0.0644,0.058,0.0592,0.0544,0.068,0.0656,0.0636,0.0572,0.0612,0.0652,0.0656,0.064,0.0636,0.0612
0.0676,0.0624,0.0604,0.0588,0.0612,0.0544,0.072,0.0652,0.0648,0.0576,0.062,0.0668,0.0648,0.0616,0.0604,0.06
0.0684,0.064,0.0636,0.0588,0.0608,0.0524,0.07,0.066,0.0644,0.0564,0.0612,0.068,0.0632,0.0596,0.0592,0.064
0.0656,0.0616,0.0632,0.06,0.0648,0.054,0.068,0.068,0.0656,0.0564,0.0612,0.0672,0.0644,0.0568,0.0612,0.062
0.0692,0.0632,0.0624,0.0596,0.066,0.0544,0.0648,0.0676,0.0664,0.0532,0.0624,0.0676,0.0648,0.0572,0.0612,0.06
0.07,0.0636,0.0616,0.0572,0.0664,0.0568,0.0628,0.0684,0.0652,0.0548,0.0612,0.0668,0.0652,0.0564,0.0624,0.0612
0.068,0.0632,0.062,0.0556,0.07,0.0572,0.0624,0.0684,0.066,0.0556,0.0628,0.0652,0.0616,0.0564,0.0636,0.062
0.0668,0.0628,0.064,0.062,0.0688,0.058,0.0592,0.0692,0.0632,0.0536,0.0604,0.0644,0.0664,0.054,0.0664,0.0608
0.0688,0.0644,0.0648,0.0632,0.0688,0.058,0.0568,0.0664,0.0636,0.0556,0.0616,0.0644,0.064,0.056,0.0656,0.058
0.0668,0.0648,0.0648,0.0644,0.0688,0.0584,0.0536,0.0668,0.0616,0.056,0.0604,0.064,0.0636,0.0592,0.0684,0.0584
0.066,0.0644,0.0668,0.062,0.068,0.0568,0.054,0.0652,0.062,0.0576,0.0596,0.0652,0.064,0.062,0.0688,0.0576
0.0608,0.0644,0.0676,0.062,0.064,0.0576,0.056,0.064,0.0644,0.0616,0.0608,0.0652,0.0636,0.0644,0.066,0.0576
0.0596,0.0652,0.068,0.0608,0.0616,0.0588,0.0568,0.0652,0.064,0.0628,0.0624,0.0656,0.0656,0.0612,0.0668,0.0556
0.0612,0.0684,0.0652,0.0604,0.062,0.06,0.0556,0.0672,0.0632,0.0604,0.0612,0.0652,0.0656,0.0616,0.0644,0.0584
0.0612,0.0688,0.0672,0.06,0.0572,0.0576,0.0552,0.0684,0.0636,0.0632,0.0616,0.0672,0.0672,0.0576,0.0656,0.0584
0.0624,0.07,0.0644,0.06,0.056,0.0564,0.0564,0.0636,0.064,0.0648,0.0604,0.0684,0.0644,0.0608,0.066,0.062
0.066,0.0696,0.0644,0.0624,0.0556,0.0584,0.0548,0.0624,0.0636,0.066,0.0592,0.0644,0.0652,0.0592,0.0664,0.0624
0.07,0.0652,0.066,0.0636,0.0564,0.0608,0.056,0.0636,0.0628,0.0676,0.0596,0.0624,0.0636,0.0596,0.0624,0.0604
0.0704,0.0636,0.0672,0.0612,0.0548,0.0624,0.0576,0.0648,0.062,0.0704,0.0564,0.0604,0.066,0.0596,0.0656,0.0576
0.0708,0.064,0.0648,0.06,0.0556,0.062,0.0584,0.0644,0.0616,0.072,0.058,0.0592,0.0656,0.0596,0.0652,0.0588
0.0696,0.064,0.064,0.0584,0.0572,0.0644,0.0588,0.0648,0.0612,0.0704,0.0568,0.0596,0.066,0.0576,0.0652,0.062
0.0724,0.0644,0.0636,0.0568,0.0596,0.062,0.056,0.0668,0.0648,0.0684,0.0576,0.0548,0.0672,0.054,0.0684,0.0632
0.0716,0.0676,0.0644,0.0612,0.058,0.0608,0.0584,0.0652,0.0636,0.0648,0.058,0.0556,0.0644,0.0552,0.0668,0.0644
0.0696,0.072,0.0624,0.0608,0.0612,0.0604,0.0556,0.068,0.0672,0.0664,0.0568,0.0544,0.0628,0.0524,0.0692,0.0608
0.068,0.0728,0.0596,0.064,0.0612,0.0616,0.0584,0.0676,0.0696,0.0628,0.0572,0.0536,0.0648,0.0524,0.066,0.0604
0.0676,0.074,0.06,0.062,0.0624,0.064,0.0588,0.0688,0.0684,0.0612,0.0552,0.0532,0.064,0.0536,0.0664,0.0604
0.0664,0.072,0.0624,0.0652,0.062,0.0656,0.0588,0.0636,0.0712,0.0648,0.0532,0.0532,0.0656,0.0508,0.0652,0.06
0.0664,0.074,0.0616,0.0684,0.0624,0.0628,0.0608,0.0656,0.0668,0.0628,0.0552,0.054,0.0676,0.0504,0.0624,0.0588
0.0672,0.0788,0.062,0.0664,0.062,0.0628,0.0576,0.0648,0.066,0.062,0.0572,0.0548,0.0652,0.0524,0.0612,0.0596
0.0672,0.0736,0.064,0.0684,0.0604,0.062,0.0584,0.0632,0.066,0.0652,0.0568,0.058,0.0656,0.0508,0.0616,0.0588
0.06762705082032813,0.07162865146058424,0.062424969987995196,0.06682673069227692,0.06042416966786715,0.062424969987995196,0.0584233693477391,0.06482593037214886,0.06362545018007203,0.06842737094837935,0.055222088835534214,0.056422569027611044,0.06562625050020009,0.05282112845138055,0.060024009603841535,0.06322529011604641
0.0632,0.0668,0.0624,0.0672,0.0604,0.0648,0.0584,0.0656,0.062,0.0688,0.0544,0.0576,0.0656,0.0552,0.0608,0.0668
0.062,0.0624,0.062,0.064,0.0616,0.066,0.0612,0.0636,0.0628,0.0676,0.0568,0.06,0.0676,0.0584,0.0588,0.0652
0.0648,0.0644,0.062,0.0652,0.0604,0.0636,0.062,0.0664,0.0608,0.064,0.0564,0.0592,0.0676,0.0588,0.0588,0.0656
0.0636,0.066,0.0576,0.0632,0.0584,0.0608,0.0624,0.0648,0.0648,0.0648,0.0568,0.062,0.07,0.06,0.0604,0.0644
0.0604,0.0664,0.06,0.0604,0.0584,0.06,0.0588,0.0676,0.0656,0.0672,0.0548,0.062,0.074,0.0592,0.0588,0.0664
0.0608,0.0628,0.06,0.0596,0.0588,0.0588,0.06,0.0664,0.0648,0.066,0.058,0.066,0.074,0.0608,0.0584,0.0648
0.06,0.064,0.0624,0.0608,0.058,0.0592,0.0636,0.0624,0.0664,0.064,0.0588,0.0656,0.074,0.0588,0.06,0.062
0.0612,0.0644,0.0608,0.06,0.0556,0.0604,0.0644,0.0656,0.0696,0.0632,0.0576,0.0648,0.07,0.0588,0.0584,0.0652
0.0616,0.066,0.0584,0.0612,0.0592,0.0564,0.0652,0.0648,0.0708,0.0632,0.0584,0.0636,0.07,0.0556,0.0572,0.0684
0.0624,0.0644,0.0576,0.0604,0.06,0.0544,0.0648,0.0656,0.0688,0.064,0.0576,0.0656,0.0704,0.0532,0.0612,0.0696
0.064,0.0624,0.0572,0.0592,0.0584,0.0576,0.0676,0.0644,0.0664,0.0668,0.0612,0.0612,0.0684,0.056,0.06,0.0692
0.0628,0.0572,0.0564,0.0616,0.058,0.0608,0.0672,0.0668,0.0676,0.068,0.0628,0.0604,0.0664,0.056,0.0592,0.0688
0.066,0.056,0.0552,0.062,0.0604,0.0596,0.0636,0.0656,0.066,0.0688,0.062,0.062,0.0632,0.0568,0.0604,0.0724
0.0636,0.06,0.0568,0.062,0.06,0.0596,0.062,0.0644,0.0668,0.0676,0.062,0.0632,0.0624,0.0584,0.0608,0.0704
0.0652,0.0604,0.0588,0.0636,0.0612,0.0632,0.0584,0.0644,0.0644,0.068,0.0628,0.0632,0.0616,0.0576,0.0568,0.0704
0.0668,0.0576,0.0608,0.064,0.062,0.066,0.0584,0.0656,0.0612,0.0644,0.0652,0.062,0.0624,0.0576,0.0588,0.0672
0.0656,0.0564,0.062,0.0656,0.0632,0.0676,0.056,0.066,0.0608,0.0656,0.0632,0.0632,0.0616,0.0564,0.0608,0.066
0.0612,0.0564,0.0628,0.0644,0.0628,0.0636,0.0592,0.0704,0.0592,0.0692,0.0616,0.0604,0.0648,0.0584,0.0584,0.0672
0.0612,0.0564,0.0604,0.0644,0.06,0.0648,0.0596,0.0672,0.06,0.0708,0.0588,0.0608,0.0628,0.0612,0.0624,0.0692
0.0592,0.056,0.0632,0.062,0.0568,0.0648,0.0612,0.068,0.0612,0.068,0.0584,0.0636,0.0652,0.0588,0.0668,0.0668
0.0572,0.0592,0.0628,0.0596,0.0568,0.0652,0.0588,0.0636,0.0636,0.0672,0.0624,0.0632,0.0656,0.0596,0.0688,0.0664
0.0568,0.0568,0.0632,0.0636,0.0568,0.0636,0.0584,0.064,0.0628,0.0648,0.0696,0.0636,0.064,0.0612,0.0668,0.064
0.056,0.0552,0.064,0.0644,0.0536,0.0652,0.058,0.0636,0.0672,0.0608,0.072,0.062,0.0628,0.0636,0.0676,0.064
0.0584,0.0568,0.0624,0.0628,0.0556,0.062,0.06,0.064,0.07,0.0572,0.0716,0.0616,0.0632,0.0632,0.0676,0.0636
0.0588,0.054,0.0632,0.0636,0.0572,0.0612,0.0656,0.0672,0.0692,0.0584,0.0708,0.0596,0.0676,0.0628,0.0604,0.0604
0.0596,0.0544,0.062,0.0624,0.0604,0.0592,0.0608,0.0708,0.0704,0.0576,0.0708,0.0584,0.0692,0.0668,0.0568,0.0604
0.0616,0.0588,0.0604,0.0608,0.064,0.0592,0.0588,0.0716,0.0692,0.0584,0.0716,0.0552,0.0676,0.0668,0.0548,0.0612
0.0612,0.0604,0.0608,0.0612,0.0628,0.0612,0.058,0.07,0.0708,0.0596,0.0732,0.0552,0.0664,0.0648,0.056,0.0584
0.0596,0.06,0.0608,0.0616,0.0648,0.0652,0.0564,0.0696,0.0736,0.0584,0.0688,0.0572,0.0656,0.0608,0.0608,0.0568
0.0624,0.06,0.0604,0.0624,0.0636,0.068,0.0608,0.0648,0.0704,0.0576,0.0648,0.0576,0.0688,0.0612,0.0572,0.06
0.062,0.0616,0.0612,0.0644,0.064,0.0692,0.062,0.0656,0.0684,0.058,0.0612,0.0588,0.068,0.0624,0.0528,0.0604
0.0604,0.0588,0.0596,0.0632,0.0624,0.0704,0.0632,0.0664,0.0636,0.0636,0.0612,0.0588,0.0692,0.0624,0.0552,0.0616
0.0584,0.0576,0.0596,0.0648,0.0648,0.0712,0.0652,0.0696,0.0644,0.0612,0.0616,0.0584,0.0648,0.0624,0.0548,0.0612
0.0592,0.0624,0.06,0.0656,0.0636,0.07,0.0644,0.0676,0.0628,0.0628,0.0608,0.0584,0.0624,0.0624,0.0568,0.0608
0.0596,0.0644,0.0576,0.0656,0.0644,0.0648,0.0644,0.0684,0.0656,0.062,0.0604,0.058,0.0624,0.0632,0.0564,0.0628
0.0608,0.066,0.0568,0.0628,0.0636,0.0632,0.064,0.0692,0.0676,0.0648,0.0592,0.058,0.062,0.0648,0.0556,0.0616
0.06,0.0676,0.0608,0.0664,0.0616,0.0648,0.0608,0.07,0.0648,0.0652,0.058,0.0612,0.06,0.0632,0.0524,0.0632
0.0596,0.0676,0.0608,0.0668,0.0648,0.066,0.0612,0.0672,0.0652,0.0644,0.0576,0.058,0.0632,0.0624,0.0516,0.0636
0.0596,0.0664,0.064,0.0676,0.0608,0.0652,0.0648,0.0652,0.0652,0.0628,0.0584,0.056,0.0648,0.0612,0.0528,0.0652
0.0592,0.0648,0.0624,0.0696,0.0592,0.066,0.0664,0.0608,0.0704,0.06,0.0596,0.0556,0.066,0.0612,0.0532,0.0656
0.0592,0.0644,0.0636,0.0712,0.0612,0.0656,0.0672,0.0564,0.0712,0.056,0.0576,0.058,0.068,0.0628,0.0524,0.0652
0.0596,0.0648,0.0624,0.072,0.0608,0.064,0.0708,0.0556,0.0656,0.0556,0.06,0.0584,0.0664,0.0644,0.0536,0.066
0.0596,0.0664,0.062,0.0752,0.0584,0.0692,0.0708,0.0548,0.0648,0.056,0.0604,0.058,0.064,0.0628,0.0516,0.066
0.0592,0.0664,0.0608,0.076,0.0592,0.0656,0.066,0.0564,0.0672,0.0556,0.0552,0.0588,0.0668,0.0628,0.0556,0.0684
0.0576,0.0648,0.06,0.078,0.062,0.0624,0.0696,0.0592,0.0656,0.0564,0.0556,0.0576,0.0652,0.062,0.0564,0.0676
0.054,0.0672,0.0588,0.0772,0.0636,0.0616,0.0696,0.0572,0.0676,0.0592,0.0556,0.0564,0.0644,0.0624,0.0572,0.068
0.0548,0.0668,0.0576,0.0728,0.0624,0.0604,0.0708,0.0568,0.068,0.058,0.0624,0.0576,0.0676,0.0612,0.0556,0.0672
0.058,0.0652,0.056,0.07,0.06,0.0628,0.0688,0.06,0.0688,0.0552,0.062,0.0572,0.064,0.0648,0.0588,0.0684
0.0588,0.064,0.0596,0.0668,0.0616,0.0668,0.0708,0.0604,0.0672,0.0564,0.0616,0.0568,0.0608,0.0624,0.0596,0.0664
0.06,0.0628,0.062,0.0632,0.064,0.0648,0.0712,0.0572,0.0696,0.0572,0.0628,0.0608,0.0624,0.06,0.0572,0.0648
0.058,0.0656,0.0612,0.066,0.0636,0.0628,0.0712,0.0556,0.0708,0.0564,0.0612,0.0596,0.0604,0.0612,0.0592,0.0672
0.0596,0.0644,0.0608,0.068,0.0616,0.0632,0.07,0.0584,0.0708,0.0544,0.0552,0.058,0.0648,0.0632,0.0608,0.0668
0.062,0.0656,0.064,0.0636,0.0616,0.0608,0.0708,0.0576,0.0676,0.0536,0.0564,0.0556,0.07,0.0656,0.062,0.0632
0.0652,0.0632,0.0696,0.0644,0.0608,0.0616,0.0696,0.0584,0.0664,0.0536,0.0564,0.0576,0.0664,0.0632,0.0612,0.0624
0.0644,0.0608,0.0716,0.0632,0.0624,0.0656,0.0696,0.058,0.0664,0.056,0.0572,0.0596,0.0656,0.062,0.0588,0.0588
0.064,0.0632,0.0708,0.06,0.0616,0.0664,0.0672,0.0604,0.0692,0.0544,0.056,0.0568,0.0656,0.0636,0.058,0.0628
0.0664,0.062,0.0676,0.062,0.0616,0.0652,0.0692,0.0604,0.0704,0.0568,0.0548,0.0564,0.062,0.0616,0.0592,0.0644
0.0656,0.062,0.0684,0.0584,0.0628,0.0624,0.07,0.0608,0.0736,0.0572,0.056,0.0596,0.0624,0.062,0.0528,0.066
0.0676,0.0644,0.066,0.0592,0.0616,0.0612,0.068,0.0636,0.0708,0.0584,0.058,0.0584,0.062,0.0612,0.054,0.0656
0.0652,0.064,0.0672,0.0592,0.0648,0.0576,0.066,0.0616,0.0728,0.0584,0.0596,0.0552,0.0612,0.0652,0.0576,0.0644
0.0672,0.0632,0.0656,0.0588,0.0648,0.0612,0.066,0.0644,0.07,0.0552,0.0568,0.06,0.0596,0.062,0.0584,0.0668
0.07,0.0656,0.0672,0.0588,0.064,0.0596,0.0632,0.0644,0.072,0.056,0.0564,0.0572,0.0584,0.062,0.0616,0.0636
0.0672,0.066,0.0644,0.0556,0.064,0.0596,0.0624,0.0652,0.0712,0.0588,0.054,0.0608,0.058,0.0612,0.0684,0.0632
0.068,0.0636,0.064,0.0556,0.0648,0.06,0.0604,0.0624,0.0704,0.0576,0.0576,0.062,0.06,0.0612,0.0692,0.0632
0.0688,0.0636,0.0672,0.0548,0.0664,0.06,0.0588,0.0628,0.072,0.0524,0.0564,0.0636,0.0596,0.0612,0.0676,0.0648
0.07,0.064,0.0636,0.0552,0.066,0.0644,0.0612,0.0632,0.072,0.0516,0.0568,0.0664,0.0544,0.0616,0.064,0.0656
0.0728,0.064,0.066,0.056,0.0652,0.0656,0.062,0.0608,0.0716,0.0504,0.058,0.0664,0.054,0.0628,0.0652,0.0592
0.0732,0.0636,0.0672,0.0548,0.0664,0.0644,0.06,0.0572,0.0704,0.0508,0.0568,0.0652,0.056,0.0644,0.0712,0.0584
0.0696,0.0652,0.0636,0.0568,0.0684,0.0636,0.06,0.0588,0.0668,0.0536,0.0564,0.0672,0.0596,0.0628,0.0684,0.0592
0.0676,0.0636,0.0636,0.0572,0.0664,0.066,0.0576,0.0584,0.0672,0.0572,0.0552,0.0688,0.0584,0.0652,0.07,0.0576
0.0688,0.058,0.0608,0.0572,0.0684,0.0672,0.058,0.0604,0.07,0.0596,0.054,0.0664,0.0588,0.0624,0.0684,0.0616
0.0672,0.058,0.0608,0.0588,0.068,0.0676,0.0548,0.0584,0.0696,0.0636,0.0572,0.068,0.0596,0.0616,0.0664,0.0604
0.0676,0.0592,0.0608,0.0612,0.0728,0.066,0.0544,0.056,0.068,0.0612,0.058,0.0704,0.0616,0.06,0.0624,0.0604
0.0644,0.0576,0.0628,0.0616,0.0744,0.0664,0.0544,0.0576,0.0676,0.0636,0.0608,0.0676,0.0604,0.0608,0.0612,0.0588
0.066,0.0572,0.06,0.0616,0.0728,0.0692,0.0536,0.0596,0.0676,0.0624,0.0588,0.0676,0.0612,0.064,0.0612,0.0572
0.0648,0.0584,0.06,0.0596,0.072,0.0708,0.0548,0.0596,0.0688,0.0648,0.0548,0.0676,0.058,0.0636,0.064,0.0584
0.064,0.058,0.062,0.0624,0.066,0.0708,0.0548,0.0596,0.0652,0.066,0.054,0.0688,0.0568,0.0664,0.0648,0.0604
0.0608,0.0592,0.0628,0.0616,0.0696,0.0676,0.056,0.062,0.0632,0.0632,0.0568,0.0672,0.0592,0.0664,0.064,0.0604
0.0588,0.0612,0.064,0.0616,0.0676,0.068,0.0584,0.0588,0.062,0.0652,0.0548,0.0668,0.0596,0.066,0.064,0.0632
0.0572,0.0592,0.0664,0.0584,0.0688,0.062,0.0604,0.0584,0.0608,0.0692,0.0576,0.0672,0.0616,0.0664,0.0644,0.062
0.0564,0.0608,0.066,0.06,0.0688,0.0628,0.0632,0.0584,0.0616,0.0656,0.056,0.066,0.06,0.0644,0.0692,0.0608
0.0576,0.0608,0.0716,0.0592,0.0652,0.0628,0.0584,0.062,0.0608,0.0668,0.0564,0.064,0.0616,0.0608,0.0708,0.0612
0.0584,0.0596,0.0724,0.0612,0.0684,0.0636,0.058,0.06,0.0596,0.0684,0.0564,0.0656,0.06,0.06,0.0684,0.06
0.0576,0.0584,0.0684,0.06,0.0696,0.0648,0.0576,0.0604,0.0596,0.0696,0.0552,0.0644,0.0596,0.0636,0.0684,0.0628
0.058,0.0612,0.0688,0.056,0.0696,0.0644,0.0568,0.0596,0.0616,0.0708,0.0572,0.0672,0.0564,0.0624,0.0668,0.0632
0.058,0.0612,0.066,0.0536,0.0712,0.0652,0.0556,0.0604,0.0628,0.0712,0.06,0.0676,0.0552,0.0632,0.0672,0.0616
0.0604,0.06,0.0652,0.0548,0.0724,0.0648,0.0588,0.0588,0.0608,0.0704,0.0588,0.0656,0.0556,0.0616,0.0676,0.0644
0.058,0.0636,0.0612,0.0556,0.0704,0.0608,0.0596,0.0596,0.0616,0.0724,0.0596,0.0668,0.0552,0.0632,0.0676,0.0648
0.0564,0.0648,0.0632,0.056,0.072,0.06,0.0628,0.0616,0.0608,0.0708,0.0584,0.0628,0.0572,0.0604,0.0644,0.0684
0.0612,0.0624,0.0612,0.0544,0.0732,0.0584,0.0684,0.0608,0.0596,0.0688,0.0572,0.0648,0.0592,0.06,0.0632,0.0672
0.0608,0.0592,0.0592,0.0548,0.0712,0.0612,0.0672,0.064,0.0612,0.0664,0.0588,0.0632,0.0612,0.0624,0.0636,0.0656
0.0632,0.0596,0.0588,0.0556,0.068,0.0664,0.0652,0.0632,0.0604,0.0676,0.058,0.0624,0.062,0.06,0.0652,0.0644
0.0636,0.062,0.0604,0.0552,0.066,0.066,0.066,0.0636,0.056,0.0644,0.0568,0.062,0.0616,0.0624,0.066,0.068
0.0632,0.058,0.0584,0.0568,0.0688,0.0676,0.0672,0.0664,0.0544,0.0632,0.0576,0.064,0.0624,0.0612,0.0644,0.0664
0.0604,0.0596,0.06,0.0572,0.068,0.07,0.0644,0.0664,0.0552,0.0616,0.0616,0.0616,0.0596,0.0616,0.0644,0.0684
0.062,0.0584,0.0604,0.0572,0.0692,0.0708,0.0676,0.066,0.054,0.0608,0.06,0.0588,0.0616,0.0608,0.0648,0.0676
0.0636,0.056,0.0588,0.0612,0.0704,0.0696,0.0688,0.0672,0.0548,0.0608,0.0592,0.0616,0.0604,0.0584,0.0612,0.068
0.0636,0.0572,0.058,0.0628,0.0704,0.0692,0.0664,0.0696,0.054,0.0612,0.0604,0.062,0.0604,0.058,0.0608,0.066
0.0664,0.0536,0.0568,0.0656,0.0712,0.0672,0.0648,0.0716,0.0544,0.0672,0.0604,0.0592,0.0576,0.0548,0.0632,0.066
0.0656,0.056,0.054,0.068,0.0724,0.0684,0.064,0.0688,0.0552,0.0668,0.062,0.058,0.0568,0.0544,0.062,0.0676
0.0664,0.056,0.0528,0.0692,0.074,0.0712,0.0628,0.0704,0.0536,0.0648,0.0636,0.0576,0.054,0.0564,0.0624,0.0648
0.0672,0.0584,0.0536,0.0696,0.0776,0.0672,0.0628,0.068,0.0548,0.0648,0.0636,0.06,0.0564,0.052,0.0608,0.0632
0.068,0.0556,0.054,0.07,0.0776,0.0684,0.0608,0.0692,0.0572,0.0648,0.0632,0.062,0.0544,0.0496,0.0616,0.0636
0.0664,0.056,0.0544,0.0708,0.0764,0.0704,0.0588,0.0704,0.0588,0.066,0.0624,0.0608,0.0524,0.0504,0.0632,0.0624
0.068,0.0584,0.0572,0.0744,0.0736,0.07,0.058,0.07,0.0556,0.0636,0.0628,0.0596,0.054,0.0496,0.0616,0.0636
0.0672,0.0588,0.0584,0.0712,0.0728,0.0704,0.0568,0.0696,0.056,0.064,0.0636,0.0632,0.0516,0.0524,0.062,0.062
0.0672,0.0636,0.0616,0.066,0.07,0.0712,0.0576,0.0708,0.0556,0.0604,0.0632,0.0628,0.0516,0.0568,0.0584,0.0632
0.07,0.062,0.06,0.0664,0.0684,0.0708,0.0592,0.0716,0.0556,0.0568,0.0604,0.064,0.0584,0.0576,0.058,0.0608
0.0672,0.06,0.0584,0.0664,0.068,0.0696,0.0584,0.0712,0.054,0.0648,0.0592,0.0656,0.0584,0.0552,0.0608,0.0628
0.0664,0.0632,0.0568,0.0644,0.0676,0.0696,0.0592,0.07,0.0548,0.0668,0.0592,0.0648,0.0596,0.054,0.0624,0.0612
0.0656,0.0632,0.0552,0.066,0.0676,0.0684,0.0596,0.0676,0.054,0.0652,0.0572,0.0664,0.0584,0.0576,0.0628,0.0652
0.0656,0.0636,0.0544,0.0624,0.0684,0.0684,0.0616,0.0648,0.0552,0.0672,0.0596,0.0644,0.0596,0.06,0.062,0.0628
0.0656,0.0628,0.0524,0.062,0.0668,0.0696,0.0632,0.0668,0.0532,0.0688,0.0592,0.066,0.0552,0.0656,0.0604,0.0624
0.0684,0.0648,0.0544,0.0604,0.0676,0.0672,0.0644,0.0648,0.0512,0.0704,0.0624,0.0692,0.0532,0.0628,0.0588,0.06
0.0684,0.0624,0.0524,0.0636,0.0696,0.0668,0.0648,0.0656,0.0532,0.07,0.0628,0.0688,0.0544,0.064,0.0548,0.0584
0.0668,0.0624,0.052,0.0672,0.0692,0.0664,0.062,0.0644,0.0524,0.0688,0.062,0.068,0.0568,0.0656,0.058,0.058
0.0664,0.0636,0.0536,0.0656,0.0692,0.0696,0.0644,0.0572,0.0512,0.0684,0.064,0.0672,0.0592,0.0644,0.0572,0.0588
0.066,0.0644,0.0556,0.0636,0.0668,0.0684,0.0672,0.0584,0.0524,0.0708,0.0636,0.0612,0.0584,0.0664,0.0576,0.0592
0.066,0.064,0.0576,0.0644,0.0708,0.0676,0.0624,0.0584,0.054,0.0668,0.0616,0.0616,0.0568,0.068,0.0596,0.0604
0.0676,0.0672,0.0588,0.0672,0.0708,0.066,0.06,0.0568,0.0568,0.066,0.062,0.0604,0.0568,0.0668,0.0576,0.0592
0.0696,0.0668,0.0564,0.0696,0.0732,0.07,0.06,0.056,0.0568,0.0652,0.0636,0.0548,0.0588,0.0624,0.056,0.0608
0.0624,0.0632,0.0572,0.0716,0.0772,0.0696,0.0584,0.0588,0.0588,0.0636,0.0616,0.0552,0.0584,0.0596,0.0604,0.064
0.062,0.0592,0.0564,0.0712,0.0744,0.0704,0.0576,0.0588,0.0616,0.0648,0.0616,0.0572,0.0588,0.0612,0.0632,0.0616
0.0616,0.0624,0.0568,0.0712,0.0752,0.0664,0.0588,0.06,0.0604,0.0636,0.0604,0.0584,0.0572,0.06,0.0632,0.0644
0.06,0.06,0.0568,0.0712,0.0796,0.0656,0.0592,0.06,0.0604,0.0632,0.0608,0.0588,0.0552,0.062,0.0652,0.062
0.0604,0.0604,0.058,0.072,0.0772,0.0644,0.0588,0.0624,0.0616,0.064,0.0624,0.0608,0.0536,0.0596,0.0632,0.0612
0.0596,0.06,0.0564,0.0724,0.0772,0.0668,0.056,0.06,0.062,0.0648,0.0636,0.0612,0.0548,0.0608,0.0628,0.0616
0.0592,0.0608,0.0596,0.0728,0.0756,0.0664,0.0552,0.0584,0.0632,0.0616,0.0656,0.0624,0.0544,0.062,0.0616,0.0612
0.0576,0.0616,0.0584,0.072,0.074,0.0648,0.0552,0.0608,0.064,0.0644,0.064,0.064,0.0536,0.0624,0.0636,0.0596
0.0584,0.0636,0.0588,0.072,0.0768,0.0632,0.054,0.062,0.0636,0.0624,0.0656,0.0632,0.0544,0.0608,0.0644,0.0568
0.0588,0.0616,0.0536,0.0728,0.0784,0.064,0.056,0.0624,0.0628,0.0628,0.062,0.062,0.0572,0.0624,0.0632,0.06
0.0592,0.0604,0.056,0.0736,0.0768,0.0668,0.0572,0.0644,0.0628,0.062,0.0624,0.0588,0.0576,0.0608,0.0612,0.06
0.062,0.0596,0.0576,0.0704,0.0736,0.068,0.0576,0.0644,0.0664,0.06,0.0632,0.06,0.0544,0.0612,0.0588,0.0628
0.0648,0.0628,0.056,0.0664,0.0724,0.0664,0.0612,0.0636,0.0652,0.0612,0.0656,0.0584,0.0572,0.062,0.0564,0.0604
0.0632,0.0636,0.0576,0.0656,0.066,0.0652,0.0612,0.066,0.066,0.0584,0.066,0.0608,0.06,0.0592,0.0572,0.064
0.0608,0.062,0.0604,0.0648,0.0672,0.062,0.0628,0.0632,0.0668,0.0576,0.0684,0.0608,0.0612,0.0604,0.0588,0.0628
0.0632,0.0608,0.0616,0.0628,0.068,0.0592,0.0644,0.0624,0.0648,0.0584,0.0692,0.0604,0.0624,0.0608,0.0592,0.0624
0.0624,0.062,0.0632,0.0572,0.0692,0.058,0.064,0.0608,0.0672,0.0588,0.07,0.0604,0.0612,0.0604,0.0616,0.0636
0.062,0.0624,0.0616,0.06,0.0692,0.0564,0.0608,0.0596,0.0684,0.058,0.0724,0.0596,0.0624,0.06,0.0644,0.0628
