C_R,C_A,C_S,C_N,D_R,D_A,D_S,D_N,Oc_R,Oc_A,Oc_S,Oc_N,Od_R,Od_A,Od_S,Od_N
0.0,0.0,0.0,0.0,0.0,0.0,0.0,0.0,0.0,0.0,0.0,0.0,0.0,1.0,0.0,0.0
0.0,0.0,0.0,0.0,0.0,0.2,0.0,0.0,0.0,0.0,0.0,0.0,0.0,0.8,0.0,0.0
0.0,0.0,0.0,0.0,0.0,0.18181818181818182,0.18181818181818182,0.0,0.0,0.0,0.0,0.0,0.0,0.6363636363636364,0.0,0.0
0.0,0.0,0.0,0.0,0.0,0.18181818181818182,0.18181818181818182,0.0,0.0,0.0,0.0,0.0,0.0,0.5454545454545454,0.09090909090909091,0.0
0.0,0.0,0.0,0.0,0.047619047619047616,0.14285714285714285,0.19047619047619047,0.0,0.0,0.0,0.0,0.0,0.0,0.5238095238095238,0.09523809523809523,0.0
0.0547945205479452,0.0,0.0,0.0,0.0547945205479452,0.1780821917808219,0.1506849315068493,0.0,0.0,0.0,0.0,0.0,0.0,0.4520547945205479,0.1095890410958904,0.0
0.056910569105691054,0.0,0.0,0.0,0.06504065040650407,0.1951219512195122,0.14634146341463414,0.0,0.0,0.0,0.0,0.0,0.0,0.3902439024390244,0.14634146341463414,0.0
0.061855670103092786,0.0,0.0,0.0,0.08247422680412371,0.1958762886597938,0.14432989690721648,0.0,0.0,0.0,0.0,0.0,0.0,0.3402061855670103,0.17525773195876287,0.0
0.07420494699646643,0.0,0.007067137809187279,0.0,0.08833922261484099,0.20141342756183744,0.13427561837455831,0.0,0.0,0.0,0.0,0.0,0.0,0.31095406360424027,0.18374558303886926,0.0
0.08439897698209718,0.0,0.010230179028132993,0.005115089514066497,0.08951406649616368,0.2020460358056266,0.12531969309462915,0.0,0.0,0.0,0.0,0.0,0.0,0.27621483375959077,0.2020460358056266,0.005115089514066497
0.09398496240601503,0.0,0.013157894736842105,0.007518796992481203,0.08082706766917293,0.19736842105263158,0.11842105263157894,0.0,0.0,0.0037593984962406013,0.0037593984962406013,0.0,0.0018796992481203006,0.2518796992481203,0.2199248120300752,0.007518796992481203
0.10157367668097282,0.001430615164520744,0.024320457796852647,0.011444921316165951,0.07582260371959942,0.18741058655221746,0.11301859799713877,0.0,0.002861230329041488,0.005722460658082976,0.004291845493562232,0.001430615164520744,0.001430615164520744,0.22746781115879827,0.23032904148783978,0.011444921316165951
0.10774410774410774,0.004489337822671156,0.030303030303030304,0.014590347923681257,0.07295173961840629,0.18069584736251404,0.10325476992143659,0.002244668911335578,0.004489337822671156,0.008978675645342313,0.004489337822671156,0.004489337822671156,0.001122334455667789,0.20650953984287318,0.23793490460157127,0.015712682379349047
0.1088929219600726,0.006352087114337568,0.034482758620689655,0.017241379310344827,0.07168784029038112,0.17150635208711434,0.09618874773139746,0.004537205081669692,0.009074410163339383,0.015426497277676952,0.004537205081669692,0.007259528130671506,0.0009074410163339383,0.1896551724137931,0.2422867513611615,0.019963702359346643
0.1126228269085412,0.006802721088435374,0.03476946334089191,0.019652305366591082,0.07256235827664399,0.16628873771730915,0.09145880574452003,0.008314436885865457,0.012849584278155708,0.017384731670445956,0.006802721088435374,0.010582010582010581,0.0007558578987150416,0.1746031746031746,0.24036281179138322,0.02418745275888133
0.11350293542074363,0.008480104370515329,0.033268101761252444,0.0228310502283105,0.07240704500978473,0.1643835616438356,0.08414872798434442,0.011741682974559686,0.015655577299412915,0.02217873450750163,0.006523157208088715,0.015003261578604044,0.0019569471624266144,0.16373124592302674,0.2354859752120026,0.028701891715590344
0.115494568324757,0.008004574042309892,0.030874785591766724,0.024013722126929673,0.07032590051457976,0.16180674671240708,0.08004574042309891,0.017152658662092625,0.017724413950829045,0.026872498570611778,0.00686106346483705,0.02058319039451115,0.003430531732418525,0.15723270440251572,0.22927387078330475,0.030303030303030304
0.11495422177009156,0.008138351983723296,0.029501525940996948,0.026449643947100712,0.07019328585961343,0.15717192268565616,0.0752797558494405,0.02187182095625636,0.018819938962360123,0.03204476093591048,0.008138351983723296,0.02695829094608342,0.006103763987792472,0.1515768056968464,0.21871820956256358,0.0340793489318413
0.11321626617375231,0.00878003696857671,0.028188539741219962,0.027264325323475048,0.07024029574861368,0.1534195933456562,0.07024029574861368,0.028188539741219962,0.018484288354898338,0.0355822550831793,0.009242144177449169,0.032809611829944546,0.007855822550831794,0.14417744916820702,0.2144177449168207,0.03789279112754159
0.11154011154011154,0.010296010296010296,0.02917202917202917,0.026598026598026597,0.06992706992706993,0.14972114972114972,0.06606606606606606,0.03389103389103389,0.020163020163020164,0.03732303732303732,0.009867009867009866,0.03732303732303732,0.010725010725010725,0.14157014157014158,0.2042042042042042,0.041613041613041614
0.11268191268191269,0.010810810810810811,0.030353430353430355,0.02702702702702703,0.0711018711018711,0.14844074844074845,0.06444906444906445,0.03659043659043659,0.01995841995841996,0.038253638253638256,0.00997920997920998,0.03783783783783784,0.01288981288981289,0.13846153846153847,0.19750519750519752,0.04365904365904366
0.11233211233211234,0.01221001221001221,0.030525030525030524,0.029304029304029304,0.07244607244607244,0.1461131461131461,0.06267806267806268,0.03866503866503866,0.02035002035002035,0.03947903947903948,0.010175010175010175,0.03581603581603582,0.01628001628001628,0.13553113553113552,0.1908831908831909,0.04721204721204721
0.11450381679389313,0.01245480112494978,0.030936118923262354,0.02932904781036561,0.07191643230212937,0.1446364001607071,0.06307754118119727,0.040176777822418644,0.020891924467657693,0.040176777822418644,0.010847730012053034,0.03656086781840096,0.017677782241864202,0.1329851345922057,0.1860184813177983,0.047810365608678185
0.11444577831132453,0.013205282112845138,0.03081232492997199,0.029611844737895156,0.07122849139655862,0.14405762304921968,0.06282513005202081,0.040416166466586634,0.021208483393357343,0.040016006402561026,0.010804321728691477,0.037615046018407365,0.01920768307322929,0.132452981192477,0.1840736294517807,0.04801920768307323
0.1152,0.0136,0.0308,0.0296,0.0704,0.1424,0.0628,0.0408,0.0216,0.0408,0.0116,0.0384,0.0196,0.132,0.182,0.0484
0.1144,0.0144,0.0304,0.0308,0.0704,0.142,0.0636,0.0404,0.0216,0.0412,0.0124,0.038,0.02,0.1316,0.1796,0.0492
0.1144,0.0156,0.0304,0.0312,0.0712,0.1408,0.0636,0.0408,0.0212,0.0412,0.012,0.0376,0.02,0.1312,0.1784,0.0504
0.1124,0.016,0.0304,0.032,0.0716,0.14,0.062,0.0412,0.022,0.0412,0.0128,0.038,0.0208,0.1324,0.1772,0.05
0.1124,0.0164,0.0312,0.032,0.0716,0.1388,0.0624,0.0424,0.0224,0.0412,0.014,0.0388,0.0212,0.13,0.176,0.0492
0.1116,0.0168,0.03,0.0316,0.072,0.1404,0.0624,0.0416,0.0232,0.0404,0.0156,0.0392,0.0216,0.1292,0.1752,0.0492
0.112,0.0172,0.0304,0.032,0.0724,0.14,0.062,0.042,0.0236,0.0408,0.0156,0.0396,0.022,0.1276,0.1732,0.0496
0.112,0.0164,0.0308,0.0332,0.072,0.1388,0.0624,0.0416,0.024,0.0408,0.0164,0.0392,0.0228,0.1268,0.1732,0.0496
0.1124,0.0164,0.0312,0.0348,0.0716,0.1364,0.0624,0.0416,0.0236,0.0412,0.0172,0.0396,0.0232,0.1268,0.1716,0.05
0.1116,0.0188,0.0316,0.0352,0.0716,0.136,0.062,0.042,0.024,0.0404,0.0172,0.0392,0.0236,0.126,0.1704,0.0504
0.1116,0.0192,0.0324,0.0356,0.0708,0.1356,0.062,0.042,0.0252,0.0388,0.018,0.0384,0.0244,0.1264,0.17,0.0496
0.112,0.0196,0.0332,0.036,0.0692,0.1356,0.0628,0.042,0.0256,0.0392,0.0184,0.038,0.0232,0.1272,0.1684,0.0496
0.1116,0.02,0.0336,0.0356,0.0684,0.1336,0.0624,0.0432,0.0264,0.04,0.0184,0.038,0.0236,0.1272,0.168,0.05
0.112,0.0212,0.0352,0.0352,0.0676,0.132,0.0632,0.0436,0.0272,0.0396,0.0196,0.0376,0.0244,0.1268,0.166,0.0488
0.11,0.0208,0.0348,0.0352,0.0676,0.1312,0.064,0.0428,0.0276,0.0404,0.02,0.0392,0.0244,0.1252,0.168,0.0488
0.1088,0.0212,0.0356,0.0356,0.0672,0.1304,0.064,0.042,0.028,0.0408,0.02,0.0396,0.026,0.1248,0.168,0.048
0.1072,0.022,0.0352,0.0364,0.068,0.13,0.0652,0.0424,0.0284,0.04,0.0192,0.04,0.0264,0.1236,0.168,0.048
0.1072,0.022,0.0356,0.0368,0.0684,0.1284,0.0656,0.0432,0.028,0.0408,0.02,0.04,0.026,0.1228,0.1672,0.048
0.1056,0.022,0.036,0.0368,0.0684,0.1272,0.0652,0.0428,0.0292,0.042,0.02,0.0396,0.026,0.1224,0.1672,0.0496
0.1048,0.0216,0.0368,0.0364,0.0668,0.1264,0.0644,0.0428,0.0304,0.0428,0.0204,0.0392,0.0268,0.1236,0.1664,0.0504
0.104,0.0216,0.0376,0.036,0.0668,0.1284,0.0644,0.042,0.0308,0.0436,0.0204,0.0388,0.0268,0.1228,0.166,0.05
0.1036,0.022,0.038,0.0364,0.068,0.1252,0.0644,0.042,0.0312,0.0448,0.0204,0.0392,0.026,0.1224,0.1648,0.0516
0.1024,0.0232,0.0384,0.036,0.068,0.124,0.0644,0.042,0.0312,0.0448,0.0204,0.0388,0.0268,0.1216,0.1648,0.0532
0.102,0.0228,0.0388,0.0356,0.0692,0.1236,0.0644,0.0416,0.0312,0.044,0.0216,0.0388,0.028,0.1212,0.1648,0.0524
0.1016,0.0228,0.0392,0.0352,0.07,0.1228,0.0644,0.0424,0.0308,0.0448,0.0216,0.0396,0.0284,0.1204,0.1636,0.0524
0.1004,0.0232,0.0404,0.0356,0.07,0.1224,0.0644,0.0428,0.0312,0.0444,0.0216,0.0392,0.028,0.1208,0.1632,0.0524
0.1012,0.0228,0.0416,0.0352,0.0696,0.1224,0.0648,0.0432,0.032,0.0436,0.022,0.0404,0.0284,0.12,0.1608,0.052
0.1016,0.0232,0.042,0.0364,0.0692,0.1224,0.0644,0.0436,0.0324,0.0428,0.022,0.0408,0.03,0.1188,0.1592,0.0512
0.102,0.0232,0.0436,0.0372,0.0696,0.122,0.0652,0.0436,0.032,0.0432,0.0212,0.04,0.0304,0.116,0.158,0.0528
0.1016,0.0236,0.0436,0.0376,0.0696,0.1196,0.0656,0.0444,0.032,0.0424,0.022,0.04,0.0304,0.1164,0.158,0.0532
0.1004,0.0244,0.0432,0.0368,0.0704,0.12,0.0656,0.0448,0.0332,0.0416,0.0228,0.04,0.0316,0.1152,0.1568,0.0532
0.1,0.0244,0.0444,0.0376,0.0712,0.1188,0.0664,0.0448,0.0332,0.042,0.0224,0.0396,0.0316,0.1136,0.156,0.054
0.0992,0.0248,0.0452,0.0376,0.07,0.1196,0.0668,0.0456,0.0328,0.0428,0.022,0.0392,0.0316,0.112,0.1552,0.0556
0.1,0.0256,0.044,0.038,0.07,0.1192,0.0676,0.0456,0.0316,0.0428,0.0216,0.04,0.0324,0.112,0.1544,0.0552
0.0996,0.0268,0.0432,0.0384,0.0704,0.1184,0.068,0.046,0.0312,0.044,0.0228,0.04,0.0324,0.1112,0.1524,0.0552
0.0992,0.0264,0.0428,0.0392,0.0712,0.1184,0.0688,0.0452,0.0324,0.0436,0.0228,0.0396,0.0332,0.1092,0.1524,0.0556
0.0992,0.026,0.0432,0.0396,0.07,0.118,0.0684,0.0464,0.034,0.0436,0.024,0.0404,0.0324,0.1096,0.1504,0.0548
0.0992,0.0268,0.0428,0.04,0.0708,0.1168,0.0676,0.0472,0.0336,0.0428,0.0248,0.0396,0.0328,0.1096,0.1504,0.0552
0.0992,0.0264,0.0428,0.0412,0.0696,0.1164,0.0672,0.0484,0.0348,0.0428,0.026,0.04,0.032,0.1088,0.15,0.0544
0.0988,0.0264,0.044,0.0412,0.0692,0.1148,0.0676,0.0484,0.0352,0.044,0.026,0.0404,0.0328,0.108,0.1488,0.0544
0.0992,0.0252,0.044,0.0424,0.0684,0.114,0.068,0.048,0.0356,0.044,0.0268,0.0396,0.0336,0.1076,0.1488,0.0548
0.0984,0.0248,0.0444,0.044,0.0672,0.112,0.0684,0.048,0.0356,0.0436,0.0276,0.0404,0.0356,0.1076,0.148,0.0544
0.0968,0.0252,0.0448,0.0444,0.066,0.112,0.0696,0.0484,0.036,0.0432,0.0276,0.042,0.0368,0.1064,0.146,0.0548
0.0968,0.026,0.0448,0.0444,0.0664,0.1116,0.0692,0.0492,0.0356,0.0432,0.028,0.0424,0.0364,0.1064,0.1452,0.0544
0.0964,0.0268,0.0436,0.0448,0.0672,0.1124,0.0688,0.0492,0.036,0.0436,0.028,0.0416,0.0372,0.1064,0.144,0.054
0.0968,0.0276,0.044,0.0448,0.068,0.1116,0.068,0.0496,0.036,0.0436,0.0292,0.042,0.0368,0.1052,0.1424,0.0544
0.0964,0.0272,0.044,0.0456,0.0672,0.1104,0.068,0.0496,0.0368,0.0444,0.0288,0.0424,0.0368,0.1056,0.1428,0.054
0.0948,0.028,0.044,0.0456,0.0668,0.11,0.0688,0.0504,0.038,0.044,0.0288,0.0428,0.0368,0.106,0.1416,0.0536
0.094,0.0276,0.044,0.0456,0.068,0.11,0.0692,0.0504,0.038,0.0444,0.0288,0.0428,0.0372,0.1052,0.1404,0.0544
0.0944,0.0296,0.0432,0.0452,0.0696,0.1104,0.068,0.0508,0.0384,0.0444,0.0292,0.0436,0.0368,0.1048,0.138,0.0536
0.094,0.0296,0.0436,0.0456,0.0696,0.1104,0.0676,0.0512,0.0388,0.044,0.0296,0.044,0.0368,0.1048,0.136,0.0544
0.0944,0.0296,0.0448,0.046,0.0696,0.1096,0.0676,0.0516,0.0396,0.0436,0.0296,0.044,0.0376,0.1048,0.1356,0.052
0.0944,0.03,0.0448,0.0468,0.0692,0.1092,0.068,0.0508,0.0396,0.0428,0.03,0.0456,0.038,0.104,0.1348,0.052
0.0948,0.0312,0.0452,0.0476,0.0684,0.1092,0.0668,0.0508,0.0392,0.0432,0.0304,0.046,0.0376,0.1044,0.1332,0.052
0.094,0.0316,0.0452,0.0476,0.0688,0.11,0.0664,0.0508,0.0392,0.044,0.0296,0.0468,0.0376,0.1048,0.1316,0.052
0.0928,0.032,0.046,0.0484,0.0688,0.11,0.0668,0.05,0.04,0.0436,0.0296,0.0456,0.0376,0.1044,0.132,0.0524
0.0928,0.032,0.046,0.0484,0.0684,0.1096,0.0676,0.0492,0.04,0.0436,0.03,0.046,0.038,0.1056,0.13,0.0528
0.0932,0.0312,0.0468,0.0484,0.068,0.1092,0.0676,0.0496,0.0396,0.0436,0.0308,0.0464,0.038,0.1052,0.13,0.0524
0.0936,0.0316,0.0468,0.0488,0.0684,0.1088,0.068,0.0496,0.0392,0.0432,0.0316,0.0464,0.0384,0.1048,0.1288,0.052
0.0936,0.0316,0.0472,0.0492,0.0676,0.1084,0.0668,0.0496,0.0404,0.0444,0.0316,0.048,0.0384,0.1032,0.1268,0.0532
0.094,0.0316,0.0476,0.0484,0.0684,0.108,0.0664,0.0496,0.0408,0.044,0.0312,0.048,0.0384,0.1024,0.1272,0.054
0.0932,0.032,0.048,0.0488,0.0692,0.108,0.0664,0.0484,0.04,0.0436,0.0316,0.048,0.0388,0.1032,0.1264,0.0544
0.0932,0.0316,0.048,0.048,0.0676,0.1084,0.0656,0.0496,0.0396,0.044,0.032,0.0484,0.0392,0.1036,0.1256,0.0556
0.0916,0.032,0.0488,0.0476,0.0668,0.1088,0.0664,0.0496,0.0396,0.0432,0.0328,0.0484,0.0396,0.1036,0.1256,0.0556
0.0904,0.0324,0.048,0.0476,0.0676,0.108,0.0656,0.05,0.04,0.0436,0.0332,0.048,0.0416,0.1036,0.1236,0.0568
0.09,0.032,0.048,0.0472,0.0672,0.1076,0.0652,0.05,0.0412,0.0436,0.0348,0.0492,0.0416,0.104,0.122,0.0564
0.0892,0.0316,0.0488,0.0464,0.0664,0.1072,0.0656,0.05,0.0428,0.0436,0.0352,0.048,0.042,0.104,0.1212,0.058
0.088,0.0316,0.0492,0.0472,0.0656,0.1076,0.0644,0.0492,0.0432,0.0436,0.0352,0.0492,0.042,0.1044,0.1216,0.058
0.0888,0.0316,0.0492,0.0472,0.0664,0.1072,0.0628,0.0504,0.0432,0.044,0.0348,0.05,0.0424,0.1032,0.1208,0.058
0.0876,0.0312,0.0492,0.0464,0.0668,0.1072,0.062,0.0516,0.0444,0.0464,0.0344,0.05,0.0424,0.1028,0.1208,0.0568
0.086,0.0324,0.0496,0.0464,0.0664,0.1076,0.0628,0.0508,0.0456,0.0456,0.036,0.0512,0.0428,0.1016,0.1188,0.0564
0.0864,0.0324,0.0496,0.0472,0.0664,0.1076,0.0624,0.0508,0.0452,0.0456,0.036,0.0516,0.0436,0.1008,0.118,0.0564
0.0856,0.0328,0.0492,0.0476,0.0688,0.1072,0.0628,0.0508,0.0452,0.0452,0.0372,0.0504,0.0432,0.1004,0.1176,0.056
0.0848,0.0332,0.0488,0.0472,0.068,0.1072,0.0632,0.0508,0.0444,0.0452,0.0376,0.0508,0.0436,0.1004,0.1184,0.0564
0.0852,0.0332,0.0488,0.046,0.068,0.106,0.0636,0.0508,0.044,0.0448,0.0384,0.0512,0.0444,0.1,0.1188,0.0568
0.0852,0.0344,0.0488,0.0464,0.0696,0.104,0.0648,0.0508,0.044,0.0448,0.0384,0.0512,0.0444,0.0996,0.1164,0.0572
0.0852,0.0348,0.0488,0.046,0.0692,0.1048,0.0644,0.0512,0.0436,0.0448,0.0384,0.052,0.0444,0.1,0.116,0.0564
0.0864,0.036,0.048,0.0464,0.0688,0.1036,0.0644,0.0528,0.044,0.0448,0.0388,0.0512,0.0436,0.0996,0.1148,0.0568
0.086,0.036,0.0484,0.0468,0.0688,0.1024,0.0644,0.0536,0.0444,0.0464,0.0396,0.0508,0.0432,0.0988,0.1132,0.0572
0.0864,0.0364,0.0472,0.0464,0.0688,0.1036,0.0644,0.054,0.044,0.046,0.0396,0.0516,0.0432,0.0996,0.1116,0.0572
0.084,0.0368,0.0476,0.046,0.0684,0.1032,0.0652,0.054,0.0444,0.046,0.0404,0.0516,0.0436,0.1008,0.1112,0.0568
0.0844,0.0376,0.048,0.046,0.0672,0.1024,0.0656,0.054,0.044,0.0468,0.0404,0.052,0.0444,0.0996,0.11,0.0576
0.0844,0.0388,0.0472,0.0448,0.0676,0.102,0.0644,0.054,0.0448,0.0468,0.042,0.052,0.0448,0.0996,0.11,0.0568
0.0836,0.04,0.0484,0.0452,0.0672,0.1024,0.0644,0.0548,0.0444,0.0488,0.0412,0.0532,0.0444,0.0972,0.11,0.0548
0.084,0.04,0.0484,0.0464,0.0676,0.1016,0.0636,0.0544,0.0452,0.0492,0.0408,0.0532,0.0444,0.0964,0.11,0.0548
0.084,0.04,0.0488,0.0464,0.0684,0.0996,0.0652,0.054,0.0452,0.0492,0.0412,0.0532,0.0452,0.096,0.1096,0.054
0.0836,0.0412,0.0488,0.0468,0.0684,0.0984,0.0652,0.0544,0.0452,0.0488,0.042,0.0532,0.0456,0.0956,0.1088,0.054
0.0828,0.0412,0.0492,0.046,0.0684,0.0984,0.0656,0.0544,0.046,0.0484,0.0428,0.0532,0.0464,0.0952,0.1084,0.0536
0.0812,0.042,0.0484,0.0468,0.0684,0.0988,0.0656,0.0544,0.046,0.0496,0.0436,0.0528,0.046,0.0956,0.1076,0.0532
0.0816,0.0428,0.0472,0.0464,0.0684,0.098,0.0652,0.054,0.0464,0.0504,0.0436,0.0524,0.0464,0.0956,0.1088,0.0528
0.0812,0.0428,0.0476,0.0468,0.0664,0.0976,0.0648,0.0532,0.0468,0.0516,0.0448,0.052,0.0468,0.0952,0.1092,0.0532
0.0804,0.0432,0.0472,0.0472,0.066,0.0976,0.0656,0.0544,0.0472,0.0516,0.0452,0.0516,0.0468,0.0948,0.1096,0.0516
0.08,0.0428,0.0468,0.0476,0.0668,0.098,0.0656,0.0548,0.048,0.0508,0.0452,0.0516,0.0468,0.0952,0.1084,0.0516
0.08,0.0432,0.0464,0.0472,0.0668,0.0976,0.0652,0.056,0.0484,0.05,0.0456,0.0516,0.0468,0.0956,0.108,0.0516
0.0788,0.044,0.0456,0.048,0.0668,0.0976,0.066,0.056,0.0476,0.05,0.0464,0.0528,0.0468,0.0944,0.108,0.0512
0.0804,0.0436,0.0456,0.048,0.0664,0.0972,0.066,0.0556,0.0468,0.05,0.0472,0.0532,0.0464,0.0948,0.108,0.0508
0.0804,0.0432,0.046,0.0488,0.0668,0.096,0.0656,0.0576,0.0464,0.0504,0.048,0.0524,0.046,0.0944,0.1076,0.0504
0.08,0.0432,0.0456,0.0476,0.0668,0.0952,0.0656,0.0584,0.0468,0.0504,0.0476,0.0528,0.0468,0.0936,0.1076,0.052
0.082,0.0432,0.046,0.0468,0.0668,0.0944,0.0652,0.058,0.0468,0.0508,0.0488,0.0524,0.0464,0.0932,0.1068,0.0524
0.0828,0.044,0.0464,0.0468,0.066,0.0952,0.0648,0.058,0.0468,0.0512,0.0484,0.0524,0.046,0.092,0.1056,0.0536
0.0832,0.0436,0.0472,0.0468,0.0668,0.0952,0.0652,0.058,0.0464,0.0504,0.0484,0.0516,0.046,0.0916,0.106,0.0536
0.0828,0.044,0.0472,0.0468,0.0668,0.0952,0.0652,0.058,0.0456,0.0504,0.0464,0.0528,0.0468,0.0916,0.1064,0.054
0.0816,0.0444,0.0468,0.0464,0.0676,0.094,0.0648,0.058,0.0456,0.0508,0.0464,0.0528,0.0476,0.0928,0.1064,0.054
0.0828,0.0436,0.0468,0.0464,0.0672,0.0932,0.0656,0.0576,0.0452,0.0508,0.0464,0.0536,0.048,0.0924,0.106,0.0544
0.0836,0.0444,0.0468,0.048,0.0664,0.0928,0.0644,0.0572,0.0452,0.0512,0.046,0.054,0.0476,0.0924,0.1052,0.0548
0.0848,0.0448,0.0468,0.0476,0.0656,0.092,0.0652,0.0572,0.0464,0.0512,0.0456,0.054,0.0476,0.092,0.1044,0.0548
0.0844,0.0452,0.0488,0.048,0.0652,0.0912,0.066,0.058,0.0468,0.0508,0.0456,0.054,0.0472,0.0912,0.1036,0.054
0.0848,0.0448,0.0492,0.0476,0.0656,0.0916,0.0668,0.058,0.0472,0.0516,0.0464,0.054,0.0464,0.09,0.1024,0.0536
0.0852,0.0456,0.0492,0.0476,0.0656,0.0912,0.0676,0.0568,0.0484,0.052,0.0464,0.054,0.0464,0.09,0.1008,0.0532
0.0836,0.0456,0.0488,0.0468,0.0676,0.0912,0.068,0.0564,0.0484,0.0528,0.0484,0.0536,0.0468,0.0876,0.1012,0.0532
0.084,0.046,0.0492,0.048,0.068,0.0912,0.0676,0.0564,0.048,0.0524,0.0476,0.0536,0.0472,0.0868,0.1004,0.0536
0.0832,0.0456,0.0488,0.0484,0.068,0.0916,0.0684,0.0564,0.0488,0.0528,0.048,0.0528,0.0472,0.0864,0.1,0.0536
0.0824,0.0448,0.0484,0.048,0.068,0.0924,0.0684,0.0564,0.0492,0.0528,0.0484,0.0536,0.0476,0.0864,0.1,0.0532
0.082,0.0456,0.0492,0.0488,0.0672,0.0916,0.068,0.0572,0.0488,0.0532,0.0484,0.054,0.048,0.0852,0.0996,0.0532
0.0824,0.0464,0.048,0.0484,0.0668,0.0916,0.0688,0.0572,0.048,0.0536,0.048,0.0548,0.0484,0.0848,0.0992,0.0536
0.0816,0.0464,0.0476,0.0476,0.0676,0.0912,0.0684,0.0576,0.0476,0.054,0.048,0.0544,0.0492,0.0852,0.0988,0.0548
0.0816,0.0472,0.0472,0.0476,0.0684,0.0916,0.068,0.0576,0.0476,0.0536,0.048,0.0544,0.0492,0.0852,0.0976,0.0552
0.0816,0.0476,0.0472,0.0476,0.0692,0.092,0.0684,0.0576,0.048,0.0524,0.048,0.0552,0.048,0.0852,0.0968,0.0552
0.0808,0.0476,0.0468,0.0504,0.0692,0.0916,0.0676,0.0588,0.0472,0.0512,0.0484,0.0544,0.05,0.0852,0.0956,0.0552
0.0808,0.048,0.0476,0.0508,0.0684,0.0912,0.0676,0.0592,0.0472,0.0508,0.0484,0.0536,0.0504,0.086,0.0948,0.0552
0.0808,0.0484,0.05,0.0508,0.0676,0.09,0.0672,0.0596,0.0468,0.0504,0.048,0.0552,0.05,0.0864,0.094,0.0548
0.0816,0.0508,0.05,0.05,0.0668,0.0896,0.0664,0.0596,0.0464,0.05,0.048,0.0556,0.0504,0.0868,0.094,0.054
0.0816,0.05,0.0508,0.0512,0.068,0.0884,0.066,0.0596,0.0464,0.0496,0.048,0.0556,0.05,0.0856,0.094,0.0552
0.082,0.05,0.0516,0.0508,0.0672,0.0876,0.0668,0.0596,0.0476,0.0492,0.0484,0.0548,0.0504,0.0848,0.094,0.0552
0.0816,0.0492,0.0516,0.0512,0.0668,0.0872,0.0664,0.0604,0.048,0.05,0.048,0.0544,0.0512,0.0836,0.0944,0.056
0.0824,0.0484,0.052,0.0516,0.0668,0.0856,0.0656,0.0604,0.048,0.0508,0.0484,0.0552,0.052,0.0828,0.0944,0.0556
0.0836,0.0464,0.0516,0.052,0.0672,0.0848,0.0656,0.0588,0.048,0.0516,0.0496,0.056,0.052,0.0828,0.0936,0.0564
0.084,0.0464,0.052,0.0512,0.0676,0.084,0.0644,0.0592,0.0488,0.052,0.0492,0.0552,0.0524,0.0832,0.0936,0.0568
0.084,0.0464,0.052,0.0512,0.0672,0.0848,0.0644,0.0604,0.0492,0.052,0.048,0.0548,0.0532,0.082,0.0944,0.056
0.0852,0.0468,0.0516,0.0512,0.0672,0.086,0.064,0.0596,0.0484,0.0524,0.048,0.0544,0.0536,0.0816,0.0936,0.0564
0.0852,0.0472,0.0508,0.0536,0.0656,0.0856,0.0644,0.0592,0.0488,0.0528,0.048,0.0544,0.0544,0.0808,0.0928,0.0564
0.0844,0.0472,0.0516,0.0544,0.0644,0.0848,0.0644,0.0588,0.0488,0.0532,0.0484,0.0552,0.054,0.0808,0.0928,0.0568
0.0852,0.0472,0.0524,0.054,0.0644,0.0848,0.0636,0.0576,0.048,0.054,0.048,0.0564,0.0544,0.0792,0.0944,0.0564
0.0844,0.0468,0.0512,0.0536,0.0644,0.0848,0.0632,0.0576,0.048,0.0536,0.048,0.0568,0.0552,0.0804,0.0952,0.0568
0.0852,0.0472,0.0516,0.0544,0.0636,0.0844,0.0616,0.0576,0.048,0.0544,0.048,0.0564,0.0552,0.0808,0.0948,0.0568
0.0856,0.048,0.052,0.0552,0.0632,0.0852,0.062,0.0564,0.0472,0.0536,0.0476,0.0576,0.0564,0.08,0.0928,0.0572
0.0852,0.0476,0.0516,0.0552,0.0616,0.0844,0.0628,0.0568,0.0472,0.054,0.0484,0.0584,0.056,0.0804,0.0928,0.0576
0.0852,0.048,0.052,0.0564,0.062,0.084,0.0612,0.056,0.0468,0.0544,0.0484,0.0592,0.056,0.0804,0.092,0.058
0.0868,0.0472,0.0528,0.0568,0.0612,0.0836,0.0612,0.0568,0.0468,0.0552,0.0472,0.0584,0.0564,0.0804,0.0912,0.058
0.086,0.0476,0.0532,0.0568,0.0608,0.0832,0.0616,0.0564,0.0468,0.0552,0.048,0.0584,0.0572,0.0808,0.0904,0.0576
0.0852,0.0484,0.0524,0.0584,0.0616,0.0824,0.0624,0.0568,0.0476,0.0552,0.0472,0.0576,0.058,0.08,0.0896,0.0572
0.0856,0.0484,0.0516,0.0588,0.062,0.0812,0.0628,0.0572,0.0476,0.056,0.0464,0.058,0.0576,0.08,0.0896,0.0572
0.0844,0.0484,0.0528,0.058,0.0628,0.0808,0.0632,0.0572,0.0464,0.0568,0.0472,0.058,0.0572,0.0792,0.09,0.0576
0.084,0.0488,0.0528,0.0576,0.0632,0.0808,0.064,0.0572,0.0472,0.056,0.048,0.058,0.058,0.0788,0.0884,0.0572
0.0832,0.0496,0.0528,0.058,0.0624,0.0804,0.064,0.0564,0.046,0.0564,0.0484,0.0588,0.0584,0.0796,0.0888,0.0568
0.0824,0.0484,0.0528,0.0572,0.0624,0.0808,0.0656,0.0592,0.0444,0.0568,0.0492,0.0572,0.0576,0.0792,0.0888,0.058
0.082,0.0496,0.0532,0.0568,0.0624,0.0812,0.0656,0.0592,0.0444,0.0572,0.0492,0.0568,0.0568,0.0788,0.0884,0.0584
0.0808,0.05,0.0532,0.0568,0.0616,0.08,0.0652,0.0604,0.0444,0.058,0.05,0.0584,0.0576,0.0776,0.088,0.058
0.0812,0.0492,0.0536,0.0564,0.0608,0.0796,0.0652,0.0612,0.0452,0.0572,0.0508,0.058,0.0584,0.0768,0.088,0.0584
0.0804,0.0492,0.0544,0.0576,0.0612,0.08,0.064,0.0608,0.0452,0.0568,0.0496,0.058,0.0592,0.0768,0.0888,0.058
0.0796,0.0488,0.0544,0.058,0.0612,0.08,0.0636,0.0616,0.046,0.0564,0.0496,0.0572,0.0596,0.0768,0.0896,0.0576
0.0796,0.0492,0.054,0.0584,0.0612,0.0792,0.0636,0.0608,0.0468,0.0572,0.0492,0.0584,0.0592,0.0772,0.088,0.058
0.0792,0.0492,0.054,0.0584,0.0608,0.0792,0.0628,0.0624,0.0472,0.058,0.0496,0.0584,0.0592,0.0772,0.0868,0.0576
0.0804,0.0496,0.0536,0.058,0.0612,0.0784,0.0632,0.0624,0.048,0.0576,0.0492,0.0584,0.0584,0.0776,0.0868,0.0572
0.08,0.0492,0.0532,0.0584,0.062,0.0788,0.0624,0.0628,0.048,0.058,0.0496,0.0592,0.0588,0.0764,0.086,0.0572
0.0804,0.0496,0.054,0.0588,0.062,0.078,0.0616,0.0636,0.0488,0.058,0.0492,0.0576,0.0588,0.076,0.0856,0.058
0.0784,0.05,0.0552,0.0592,0.0628,0.0772,0.062,0.0644,0.0492,0.0572,0.0488,0.058,0.058,0.0752,0.0864,0.058
0.078,0.0512,0.056,0.0584,0.0628,0.0772,0.0612,0.064,0.0496,0.0572,0.0488,0.0584,0.058,0.076,0.0852,0.058
0.0784,0.0508,0.0548,0.0588,0.0632,0.0776,0.0616,0.0648,0.0496,0.058,0.0492,0.058,0.0576,0.076,0.084,0.0576
0.0788,0.0496,0.0548,0.058,0.0648,0.0772,0.0616,0.0652,0.0496,0.0588,0.0496,0.0576,0.056,0.0764,0.0848,0.0572
0.0776,0.05,0.0544,0.0572,0.064,0.0764,0.0616,0.0648,0.0504,0.0588,0.0496,0.0592,0.0572,0.0768,0.0848,0.0572
0.0776,0.05,0.0548,0.0572,0.0628,0.0768,0.062,0.0652,0.052,0.0596,0.05,0.058,0.058,0.0772,0.0828,0.056
0.0768,0.0508,0.054,0.0568,0.064,0.0764,0.062,0.0652,0.0524,0.0592,0.0496,0.0584,0.0588,0.0768,0.0828,0.056
0.0772,0.0516,0.0536,0.0564,0.0636,0.076,0.062,0.066,0.0524,0.0596,0.0492,0.0588,0.0588,0.0764,0.0832,0.0552
0.0776,0.052,0.0536,0.056,0.0632,0.0748,0.0612,0.0656,0.0536,0.0608,0.0504,0.0572,0.0584,0.0764,0.084,0.0552
0.076,0.0528,0.054,0.056,0.0636,0.0744,0.0616,0.0652,0.0552,0.0612,0.0508,0.056,0.0592,0.076,0.0836,0.0544
0.0764,0.0536,0.0544,0.0552,0.0636,0.0732,0.0624,0.0648,0.056,0.0616,0.0516,0.0544,0.0592,0.0768,0.0828,0.054
0.0756,0.0544,0.0548,0.0556,0.0632,0.0736,0.0612,0.064,0.056,0.0616,0.052,0.0548,0.06,0.0764,0.082,0.0548
0.0752,0.056,0.0548,0.0556,0.0648,0.0724,0.0616,0.0632,0.0552,0.0616,0.0524,0.0548,0.0584,0.0772,0.0816,0.0552
0.0752,0.056,0.0556,0.0544,0.0652,0.072,0.0612,0.0632,0.0556,0.0616,0.052,0.0556,0.0588,0.0764,0.0808,0.0564
0.0744,0.0572,0.056,0.0544,0.0652,0.0716,0.0612,0.0628,0.0568,0.0608,0.0516,0.0556,0.0592,0.0768,0.0808,0.0556
0.0752,0.0564,0.0556,0.0544,0.0656,0.0708,0.0616,0.0628,0.0576,0.0608,0.0524,0.0556,0.0584,0.0768,0.0804,0.0556
0.074,0.056,0.0552,0.054,0.066,0.0708,0.0612,0.0628,0.0584,0.0608,0.0536,0.0568,0.0576,0.0784,0.0792,0.0552
0.0736,0.056,0.0548,0.0544,0.0664,0.0708,0.062,0.0624,0.0588,0.0616,0.0532,0.0564,0.0572,0.078,0.0772,0.0572
0.0724,0.0564,0.0556,0.056,0.0668,0.0688,0.0624,0.0628,0.0584,0.0608,0.0532,0.0572,0.0584,0.0776,0.0768,0.0564
0.0728,0.056,0.0556,0.0568,0.0676,0.0692,0.062,0.064,0.0584,0.0604,0.054,0.0556,0.058,0.0768,0.0772,0.0556
0.074,0.056,0.0564,0.0568,0.0676,0.0696,0.062,0.0636,0.0584,0.0608,0.0536,0.0556,0.0588,0.0752,0.0768,0.0548
0.0744,0.056,0.0564,0.0564,0.0672,0.068,0.062,0.0624,0.0596,0.062,0.0532,0.0568,0.0592,0.0756,0.0756,0.0552
0.074,0.0564,0.056,0.0568,0.0668,0.0676,0.0624,0.0612,0.0592,0.0616,0.0536,0.0572,0.06,0.076,0.0752,0.056
0.0728,0.0564,0.0564,0.0572,0.0664,0.0676,0.0624,0.0612,0.0588,0.062,0.054,0.0576,0.0612,0.0748,0.0748,0.0564
0.0724,0.0556,0.0564,0.0572,0.0664,0.0684,0.0624,0.0612,0.0596,0.0616,0.0536,0.0572,0.0616,0.0748,0.0748,0.0568
0.0728,0.0552,0.056,0.0576,0.0668,0.0676,0.0612,0.0612,0.06,0.0616,0.054,0.056,0.0628,0.0748,0.0752,0.0572
0.0736,0.0548,0.056,0.0568,0.0656,0.0672,0.0616,0.0616,0.06,0.0624,0.054,0.0564,0.0624,0.0756,0.0756,0.0564
0.0728,0.0544,0.0572,0.0556,0.066,0.0676,0.0616,0.06,0.0592,0.062,0.0544,0.0572,0.0624,0.076,0.076,0.0576
0.0736,0.054,0.058,0.0564,0.066,0.0672,0.0624,0.0592,0.0584,0.0612,0.0552,0.058,0.062,0.076,0.0752,0.0572
0.0744,0.0548,0.0584,0.0564,0.0668,0.0668,0.0612,0.0584,0.0584,0.0612,0.0552,0.0576,0.0624,0.0756,0.076,0.0564
0.0736,0.0556,0.0588,0.0564,0.0672,0.0676,0.0612,0.0576,0.0588,0.0616,0.0548,0.0568,0.0624,0.0752,0.076,0.0564
0.0728,0.056,0.0584,0.0564,0.0672,0.0676,0.0612,0.0564,0.0588,0.062,0.056,0.0576,0.062,0.0752,0.0756,0.0568
0.0716,0.056,0.0584,0.0572,0.0652,0.068,0.0616,0.0556,0.0584,0.0636,0.0576,0.0572,0.062,0.0752,0.0752,0.0572
0.0716,0.056,0.0596,0.0568,0.0648,0.0676,0.062,0.0564,0.0584,0.0632,0.0572,0.0568,0.0628,0.074,0.0756,0.0572
0.0732,0.0556,0.0596,0.0568,0.0648,0.068,0.0624,0.056,0.0584,0.0632,0.056,0.056,0.062,0.0744,0.0756,0.058
0.0728,0.056,0.0588,0.0576,0.0636,0.0684,0.0624,0.0556,0.06,0.0636,0.0556,0.0552,0.0624,0.074,0.076,0.058
0.0716,0.0568,0.0576,0.0572,0.0644,0.07,0.0612,0.0564,0.0612,0.0652,0.0556,0.0552,0.0616,0.0732,0.0752,0.0576
0.0724,0.0572,0.0572,0.0572,0.0644,0.0688,0.0608,0.0576,0.0616,0.066,0.056,0.0544,0.0612,0.0732,0.0752,0.0568
0.0732,0.0576,0.056,0.0576,0.0644,0.0688,0.0604,0.0584,0.0612,0.0656,0.0548,0.0548,0.0616,0.0732,0.0752,0.0572
0.072,0.058,0.0556,0.0576,0.0648,0.0696,0.062,0.0596,0.0608,0.0656,0.0552,0.0548,0.0608,0.0724,0.0744,0.0568
0.072,0.0584,0.0556,0.0576,0.0652,0.07,0.0632,0.0596,0.0604,0.0656,0.0544,0.0536,0.0608,0.0724,0.0736,0.0576
0.0716,0.0568,0.0556,0.0576,0.066,0.07,0.0652,0.0596,0.0596,0.066,0.0552,0.0552,0.0604,0.0696,0.074,0.0576
0.0716,0.0564,0.0544,0.058,0.0664,0.07,0.0648,0.0584,0.0608,0.066,0.0564,0.054,0.0604,0.0688,0.074,0.0596
0.072,0.0556,0.0556,0.0584,0.066,0.0692,0.0652,0.0576,0.0612,0.0652,0.056,0.0544,0.06,0.0688,0.0756,0.0592
0.072,0.056,0.0548,0.0588,0.066,0.0692,0.0656,0.0576,0.0612,0.0648,0.056,0.054,0.0596,0.0684,0.0784,0.0576
0.0724,0.0568,0.0536,0.0584,0.0676,0.07,0.0656,0.058,0.0604,0.0644,0.056,0.0548,0.0592,0.0676,0.0776,0.0576
0.072,0.0588,0.0528,0.058,0.0668,0.07,0.0664,0.0576,0.0608,0.0644,0.0564,0.054,0.0596,0.0672,0.0768,0.0584
0.0724,0.0588,0.0528,0.0584,0.0672,0.0704,0.0668,0.0584,0.06,0.0652,0.056,0.0544,0.0588,0.0668,0.0756,0.058
0.0716,0.0588,0.0524,0.0592,0.0672,0.0716,0.068,0.0584,0.06,0.0644,0.0572,0.0548,0.058,0.066,0.0748,0.0576
0.0716,0.0584,0.0528,0.0592,0.0668,0.072,0.0664,0.0584,0.0612,0.0648,0.0568,0.0556,0.0584,0.0652,0.0744,0.058
0.0716,0.0592,0.0516,0.0588,0.066,0.0724,0.0668,0.0588,0.0604,0.0652,0.0564,0.056,0.06,0.0652,0.0732,0.0584
0.0704,0.0608,0.052,0.0584,0.0656,0.0728,0.066,0.0576,0.0612,0.0656,0.056,0.056,0.0616,0.066,0.0704,0.0596
0.07,0.0608,0.0528,0.0592,0.0664,0.0728,0.0656,0.0576,0.0608,0.0656,0.056,0.0556,0.0612,0.066,0.0692,0.0604
0.0704,0.0604,0.0544,0.0592,0.066,0.0736,0.0656,0.0584,0.0608,0.0656,0.0556,0.0552,0.0608,0.0656,0.0684,0.06
0.0712,0.06,0.056,0.0596,0.066,0.072,0.0656,0.058,0.0608,0.0656,0.0556,0.0556,0.0596,0.066,0.0684,0.06
0.0712,0.0596,0.0564,0.0604,0.0664,0.0716,0.066,0.058,0.0608,0.0648,0.0564,0.0544,0.0592,0.066,0.0688,0.06
0.0712,0.0592,0.0576,0.0608,0.0672,0.072,0.066,0.0568,0.0612,0.0652,0.0568,0.0544,0.058,0.066,0.0684,0.0592
0.0712,0.0588,0.0576,0.0616,0.0668,0.0716,0.0656,0.0572,0.0604,0.0644,0.0576,0.0552,0.0588,0.0656,0.0688,0.0588
0.0708,0.058,0.058,0.0624,0.0668,0.0716,0.066,0.0568,0.0596,0.0644,0.058,0.0552,0.0592,0.0644,0.07,0.0588
0.0708,0.0576,0.0572,0.0628,0.0668,0.0712,0.0652,0.056,0.06,0.0648,0.058,0.0548,0.0604,0.0644,0.0704,0.0596
0.0712,0.0576,0.0572,0.0624,0.0668,0.0716,0.0652,0.0564,0.0596,0.0652,0.0568,0.0548,0.0608,0.0648,0.07,0.0596
0.0712,0.0576,0.0572,0.0628,0.0672,0.0708,0.066,0.056,0.058,0.0644,0.0564,0.0552,0.0608,0.0664,0.072,0.058
0.0708,0.0584,0.0576,0.0624,0.068,0.0712,0.0648,0.0568,0.058,0.0644,0.0552,0.0548,0.0612,0.066,0.0716,0.0588
0.0712,0.0584,0.0576,0.062,0.0672,0.0708,0.0648,0.0568,0.0584,0.0644,0.0548,0.0556,0.0612,0.0656,0.0716,0.0596
0.0708,0.0584,0.0572,0.062,0.0664,0.0704,0.0656,0.0576,0.0584,0.0644,0.0552,0.0568,0.06,0.066,0.0712,0.0596
0.0716,0.0576,0.0572,0.0636,0.0656,0.07,0.0644,0.058,0.0596,0.0648,0.0556,0.0576,0.0588,0.0656,0.0704,0.0596
0.0716,0.058,0.0576,0.0644,0.0656,0.0688,0.0636,0.0584,0.06,0.0648,0.056,0.0576,0.0584,0.0656,0.0696,0.06
0.0724,0.058,0.0568,0.0648,0.0652,0.0684,0.0652,0.0592,0.0592,0.0652,0.0556,0.0576,0.0584,0.0652,0.0688,0.06
0.072,0.0588,0.0572,0.0644,0.0648,0.0688,0.064,0.0592,0.0584,0.0648,0.0568,0.0584,0.0584,0.0648,0.0696,0.0596
0.072,0.06,0.0568,0.0636,0.0636,0.0688,0.064,0.0588,0.0576,0.0648,0.0576,0.0588,0.058,0.0652,0.0704,0.06
0.0716,0.0608,0.0564,0.0636,0.0628,0.068,0.0648,0.0596,0.0572,0.066,0.0588,0.0588,0.058,0.0636,0.0704,0.0596
0.0712,0.0608,0.0576,0.064,0.0628,0.0684,0.0644,0.0596,0.058,0.0652,0.0588,0.0592,0.0572,0.0636,0.0704,0.0588
0.0704,0.0604,0.0572,0.0632,0.0624,0.0692,0.0648,0.0596,0.0584,0.0652,0.0592,0.0608,0.0572,0.0628,0.07,0.0592
0.0704,0.062,0.0584,0.0628,0.0624,0.068,0.0644,0.0596,0.058,0.0656,0.06,0.0608,0.0568,0.0624,0.0684,0.06
0.0708,0.0612,0.0584,0.0624,0.0628,0.068,0.064,0.06,0.0584,0.066,0.06,0.062,0.0568,0.062,0.0676,0.0596
0.0704,0.0616,0.0588,0.0612,0.0636,0.0676,0.064,0.0604,0.0592,0.0664,0.0588,0.0608,0.058,0.0616,0.0684,0.0592
0.0708,0.0604,0.0584,0.0604,0.0636,0.0672,0.0648,0.0612,0.0596,0.0664,0.0592,0.0612,0.058,0.0612,0.0684,0.0592
0.0704,0.0612,0.058,0.0612,0.0632,0.0672,0.0652,0.062,0.0588,0.0668,0.0592,0.0608,0.058,0.0608,0.068,0.0592
0.072,0.0612,0.0588,0.0624,0.0624,0.066,0.0636,0.062,0.06,0.0672,0.0588,0.06,0.0584,0.0612,0.0676,0.0584
0.072,0.0608,0.06,0.062,0.0636,0.0656,0.0624,0.0624,0.06,0.0676,0.0584,0.0604,0.0592,0.0608,0.0676,0.0572
0.0716,0.0608,0.0596,0.062,0.0628,0.0676,0.0624,0.0624,0.0604,0.0672,0.0584,0.0604,0.0588,0.0616,0.068,0.056
0.0724,0.06,0.0588,0.0628,0.0616,0.0672,0.0632,0.064,0.06,0.0672,0.0584,0.0608,0.0584,0.0616,0.0684,0.0552
0.0716,0.0604,0.0604,0.0628,0.062,0.068,0.0632,0.0624,0.0588,0.066,0.0592,0.0608,0.0596,0.062,0.0676,0.0552
0.07,0.0592,0.06,0.062,0.062,0.0684,0.064,0.0632,0.0584,0.0652,0.06,0.062,0.0608,0.0616,0.0668,0.0564
0.0704,0.0588,0.0608,0.0612,0.0628,0.0672,0.0644,0.0628,0.0584,0.0656,0.06,0.0616,0.0616,0.0616,0.0664,0.0564
0.07,0.0592,0.0604,0.0612,0.062,0.0676,0.0644,0.0632,0.0588,0.0664,0.0596,0.0608,0.0624,0.0612,0.066,0.0568
0.0696,0.0588,0.0608,0.0612,0.0628,0.068,0.0632,0.0636,0.0592,0.0668,0.0588,0.0608,0.0624,0.0608,0.066,0.0572
0.0688,0.0592,0.0608,0.062,0.0616,0.0684,0.0628,0.0632,0.0596,0.0676,0.0588,0.0596,0.0632,0.0604,0.0668,0.0572
0.0676,0.0588,0.0612,0.0628,0.0628,0.0688,0.0616,0.0636,0.0604,0.0672,0.0588,0.0592,0.062,0.0608,0.0676,0.0568
0.0684,0.0584,0.0616,0.064,0.0628,0.0688,0.062,0.0636,0.0596,0.0668,0.0588,0.0584,0.0628,0.0612,0.0656,0.0572
0.0684,0.0584,0.062,0.064,0.0632,0.0684,0.0616,0.0632,0.06,0.0656,0.06,0.0576,0.0628,0.062,0.0652,0.0576
0.0684,0.0596,0.0612,0.0644,0.0632,0.0684,0.0608,0.0636,0.0584,0.0656,0.0592,0.0576,0.0636,0.0632,0.0656,0.0572
0.0672,0.0588,0.0624,0.0648,0.0628,0.068,0.0604,0.064,0.0588,0.066,0.0588,0.0576,0.064,0.0632,0.0652,0.058
0.0672,0.0588,0.0624,0.0644,0.0632,0.0676,0.06,0.064,0.0584,0.0668,0.0584,0.0576,0.0648,0.064,0.0652,0.0572
0.0684,0.0588,0.0616,0.0648,0.0628,0.0672,0.0612,0.0632,0.0576,0.068,0.0584,0.0576,0.0644,0.064,0.0652,0.0568
0.0692,0.0584,0.0612,0.0636,0.0632,0.0664,0.062,0.0628,0.058,0.068,0.0572,0.0596,0.0644,0.0636,0.0656,0.0568
0.068,0.0588,0.062,0.0636,0.0624,0.0664,0.0624,0.0636,0.058,0.0684,0.0584,0.06,0.0632,0.0628,0.0652,0.0568
0.0684,0.0576,0.0624,0.0636,0.0616,0.066,0.0624,0.064,0.0572,0.0688,0.0596,0.06,0.0632,0.0632,0.0652,0.0568
0.0676,0.0584,0.062,0.064,0.0624,0.0648,0.0628,0.064,0.0576,0.068,0.0592,0.0592,0.064,0.0636,0.066,0.0564
0.0672,0.0588,0.0616,0.0632,0.0628,0.0644,0.0624,0.064,0.0572,0.0684,0.0588,0.0588,0.0648,0.0644,0.066,0.0572
0.0664,0.0588,0.062,0.0624,0.0632,0.0632,0.0624,0.064,0.0568,0.0688,0.0584,0.0588,0.0656,0.064,0.0672,0.058
0.0664,0.0592,0.0628,0.0612,0.0636,0.0636,0.062,0.0648,0.0572,0.0696,0.0584,0.058,0.0648,0.0636,0.0668,0.058
0.066,0.0584,0.0632,0.0608,0.0648,0.0632,0.0624,0.0648,0.058,0.0708,0.058,0.0572,0.0636,0.0636,0.0664,0.0588
0.0664,0.06,0.0632,0.06,0.0648,0.0632,0.0624,0.0652,0.0568,0.0708,0.0576,0.0572,0.0636,0.0644,0.0652,0.0592
0.0656,0.06,0.0632,0.06,0.0636,0.0624,0.062,0.0652,0.0564,0.0708,0.0572,0.0572,0.0644,0.0656,0.0656,0.0608
0.0648,0.06,0.064,0.0608,0.0636,0.0624,0.0624,0.0648,0.056,0.0712,0.0572,0.058,0.0636,0.066,0.0656,0.0596
0.0648,0.0592,0.0636,0.0616,0.064,0.0612,0.0628,0.0636,0.0576,0.0728,0.0576,0.0584,0.0636,0.0656,0.0652,0.0584
0.064,0.06,0.064,0.062,0.0652,0.0596,0.0628,0.0628,0.0572,0.072,0.058,0.058,0.064,0.066,0.0656,0.0588
0.064,0.0596,0.0636,0.062,0.0648,0.0596,0.0628,0.0636,0.0584,0.0724,0.058,0.0592,0.0632,0.0664,0.0644,0.058
0.0656,0.0592,0.0632,0.0604,0.0632,0.0596,0.0628,0.0628,0.0596,0.0732,0.0576,0.0584,0.0636,0.0676,0.064,0.0592
0.0648,0.06,0.0624,0.0608,0.0628,0.06,0.0632,0.0636,0.0596,0.0732,0.0568,0.0588,0.0632,0.0676,0.064,0.0592
0.0652,0.0604,0.0636,0.0604,0.062,0.0604,0.0624,0.0628,0.06,0.0732,0.0584,0.058,0.0628,0.0672,0.0636,0.0596
0.0656,0.0604,0.0636,0.0604,0.0616,0.0612,0.0612,0.0624,0.06,0.0728,0.0572,0.0588,0.064,0.0668,0.0632,0.0608
0.0664,0.062,0.0628,0.0608,0.0628,0.0604,0.0608,0.062,0.058,0.072,0.0576,0.0612,0.064,0.0664,0.0628,0.06
0.066,0.0616,0.0628,0.06,0.0628,0.0616,0.0612,0.062,0.058,0.072,0.0572,0.0624,0.0628,0.0668,0.0628,0.06
0.066,0.0624,0.062,0.0604,0.0628,0.0616,0.0612,0.0616,0.0572,0.0724,0.0576,0.0624,0.0628,0.0664,0.0624,0.0608
0.0656,0.0624,0.0616,0.0592,0.0636,0.0624,0.0616,0.0612,0.0564,0.0732,0.058,0.0628,0.0632,0.0664,0.062,0.0604
0.0648,0.0636,0.0616,0.0596,0.064,0.0632,0.0612,0.0612,0.0548,0.0728,0.0584,0.0628,0.0624,0.0672,0.0616,0.0608
0.0644,0.0644,0.062,0.0612,0.0632,0.0612,0.0604,0.062,0.0548,0.0728,0.0576,0.0636,0.062,0.0676,0.062,0.0608
0.0644,0.0656,0.062,0.0604,0.064,0.0616,0.06,0.062,0.054,0.0716,0.058,0.0636,0.062,0.0672,0.0624,0.0612
0.0636,0.0668,0.0612,0.06,0.0636,0.0612,0.0608,0.0624,0.054,0.072,0.058,0.064,0.0616,0.0672,0.0624,0.0612
0.064,0.0668,0.0608,0.0596,0.0644,0.0616,0.06,0.0616,0.0552,0.072,0.0584,0.064,0.0612,0.0672,0.0616,0.0616
0.064,0.0664,0.0612,0.0596,0.064,0.062,0.06,0.062,0.0548,0.0712,0.0584,0.0636,0.0616,0.0672,0.0616,0.0624
0.064,0.0664,0.0588,0.0608,0.0648,0.062,0.06,0.0612,0.0544,0.0704,0.0592,0.0632,0.0628,0.0672,0.0624,0.0624
0.0652,0.0656,0.058,0.0604,0.064,0.062,0.0604,0.062,0.0556,0.07,0.0584,0.0636,0.0624,0.0676,0.0632,0.0616
0.0648,0.066,0.058,0.0608,0.0644,0.0632,0.0604,0.062,0.0556,0.0708,0.0576,0.0636,0.0624,0.0668,0.0624,0.0612
0.064,0.0668,0.0576,0.0612,0.0652,0.0624,0.0604,0.062,0.0556,0.0708,0.0584,0.0624,0.0628,0.0664,0.0624,0.0616
0.0636,0.0672,0.0568,0.0624,0.066,0.0628,0.062,0.0604,0.0556,0.0696,0.0588,0.062,0.0628,0.0652,0.0624,0.0624
0.0632,0.0668,0.0568,0.0612,0.0664,0.0628,0.0632,0.0612,0.056,0.0692,0.0592,0.062,0.0628,0.0648,0.0624,0.062
0.0624,0.0672,0.0568,0.0612,0.0668,0.064,0.0628,0.0608,0.0556,0.0688,0.0588,0.062,0.0632,0.0644,0.0632,0.062
0.0628,0.0668,0.0564,0.0616,0.0664,0.0644,0.0628,0.0608,0.0552,0.068,0.0596,0.0608,0.0632,0.0656,0.064,0.0616
0.0628,0.0676,0.056,0.062,0.0668,0.0636,0.0632,0.0616,0.0552,0.068,0.0576,0.0604,0.064,0.0656,0.0636,0.062
0.0632,0.0676,0.0564,0.062,0.0668,0.0632,0.0636,0.0612,0.0552,0.0684,0.0576,0.0608,0.0636,0.0652,0.0636,0.0616
0.0628,0.0676,0.0568,0.0612,0.0672,0.0632,0.0628,0.0612,0.0552,0.0688,0.0576,0.0608,0.0636,0.0652,0.064,0.062
0.0636,0.0676,0.0568,0.0616,0.0672,0.0632,0.0636,0.0604,0.0552,0.0692,0.0576,0.06,0.0632,0.0652,0.0644,0.0612
0.0648,0.0676,0.0572,0.0616,0.0668,0.0636,0.0628,0.06,0.0552,0.0688,0.0576,0.0596,0.0632,0.0652,0.0656,0.0604
0.0648,0.0672,0.0584,0.0624,0.0676,0.0636,0.0624,0.06,0.054,0.0684,0.0568,0.06,0.0624,0.0652,0.0656,0.0612
0.0636,0.0672,0.0584,0.0632,0.0668,0.064,0.0624,0.0604,0.0548,0.0684,0.0568,0.0592,0.0624,0.066,0.0656,0.0608
0.0644,0.0664,0.058,0.0636,0.0664,0.0644,0.062,0.0596,0.0556,0.0684,0.058,0.0588,0.0624,0.066,0.0652,0.0608
0.0656,0.0664,0.058,0.0624,0.0668,0.0636,0.0616,0.0596,0.0544,0.0692,0.0568,0.0596,0.0628,0.0664,0.0664,0.0604
0.0664,0.0668,0.0584,0.0624,0.0668,0.0636,0.0604,0.0592,0.0544,0.0688,0.0576,0.06,0.0612,0.0676,0.0664,0.06
0.066,0.0668,0.058,0.0624,0.0668,0.0644,0.0608,0.06,0.0548,0.0684,0.0564,0.0604,0.0604,0.0672,0.0664,0.0608
0.066,0.0664,0.0576,0.0628,0.0668,0.0648,0.0612,0.0596,0.056,0.0684,0.056,0.0616,0.0588,0.068,0.066,0.06
0.0652,0.066,0.0576,0.0624,0.068,0.0648,0.0608,0.06,0.0552,0.0684,0.0564,0.0616,0.058,0.0688,0.0668,0.06
0.0652,0.0664,0.0576,0.0632,0.0688,0.0656,0.0608,0.0604,0.056,0.0684,0.0556,0.0612,0.058,0.0672,0.066,0.0596
0.066,0.0676,0.056,0.0628,0.0688,0.0652,0.0604,0.0604,0.056,0.0692,0.0552,0.062,0.0564,0.0664,0.0668,0.0608
0.0668,0.0672,0.056,0.0632,0.0684,0.064,0.0608,0.0604,0.0556,0.068,0.056,0.0616,0.0564,0.0664,0.0676,0.0616
0.0668,0.0676,0.0564,0.0632,0.0692,0.0644,0.06,0.06,0.056,0.068,0.0564,0.0616,0.0556,0.0664,0.0684,0.06
0.0676,0.0676,0.0572,0.0632,0.0688,0.0648,0.0596,0.0592,0.0548,0.0672,0.056,0.0608,0.0552,0.0668,0.07,0.0612
0.066,0.0672,0.0576,0.0636,0.0684,0.0648,0.0604,0.0592,0.0548,0.068,0.0572,0.0604,0.056,0.0676,0.0696,0.0592
0.0672,0.0664,0.0568,0.0624,0.0692,0.0628,0.0612,0.0584,0.0548,0.068,0.0576,0.0612,0.0564,0.0672,0.0712,0.0592
0.0664,0.0668,0.056,0.0624,0.0696,0.062,0.0624,0.0584,0.056,0.0676,0.0568,0.0616,0.0572,0.066,0.0716,0.0592
0.0668,0.0664,0.0564,0.0624,0.0696,0.062,0.0628,0.058,0.056,0.0676,0.0564,0.062,0.0564,0.0664,0.0716,0.0592
0.068,0.0672,0.0552,0.0616,0.0692,0.062,0.0632,0.0584,0.0544,0.0676,0.0568,0.0604,0.0572,0.0664,0.0712,0.0612
0.068,0.0676,0.0552,0.0628,0.068,0.0616,0.064,0.0584,0.054,0.0672,0.0564,0.0604,0.058,0.0664,0.0716,0.0604
0.068,0.0652,0.0568,0.0636,0.068,0.0616,0.0636,0.0588,0.0536,0.068,0.0572,0.06,0.0584,0.066,0.0708,0.0604
0.0676,0.0636,0.0572,0.0648,0.0676,0.0616,0.0628,0.0592,0.0532,0.068,0.058,0.0592,0.0576,0.0672,0.072,0.0604
0.068,0.064,0.058,0.0644,0.0668,0.0608,0.0632,0.0584,0.0532,0.0676,0.0584,0.0596,0.0584,0.0668,0.0716,0.0608
0.0684,0.0644,0.0584,0.0652,0.0676,0.0616,0.0628,0.0584,0.0536,0.0668,0.0588,0.0584,0.0592,0.0644,0.0712,0.0608
