C_R,C_A,C_S,C_N,D_R,D_A,D_S,D_N,Oc_R,Oc_A,Oc_S,Oc_N,Od_R,Od_A,Od_S,Od_N
0.0,0.0,0.0,0.0,0.0,0.0,0.0,0.0,0.0,0.0,0.0,0.0,0.0,0.0,1.0,0.0
0.0,0.0,0.0,0.0,0.0,0.0,0.0,0.0,0.0,0.0,0.0,0.0,0.0,0.0,1.0,0.0
0.0,0.0,0.0,0.0,0.3333333333333333,0.0,0.0,0.0,0.0,0.0,0.0,0.0,0.0,0.0,0.6666666666666666,0.0
0.4,0.0,0.0,0.0,0.2,0.0,0.0,0.0,0.0,0.0,0.0,0.0,0.0,0.0,0.4,0.0
0.3333333333333333,0.0,0.0,0.0,0.16666666666666666,0.0,0.0,0.16666666666666666,0.0,0.0,0.0,0.0,0.0,0.0,0.3333333333333333,0.0
0.5,0.0,0.0,0.0,0.125,0.0,0.0,0.125,0.0,0.0,0.0,0.0,0.0,0.0,0.25,0.0
0.5555555555555556,0.0,0.0,0.0,0.1111111111111111,0.0,0.0,0.0,0.0,0.0,0.0,0.1111111111111111,0.0,0.0,0.2222222222222222,0.0
0.6363636363636364,0.0,0.0,0.0,0.09090909090909091,0.0,0.0,0.0,0.0,0.0,0.0,0.0,0.0,0.0,0.18181818181818182,0.09090909090909091
0.7058823529411765,0.0,0.0,0.0,0.058823529411764705,0.0,0.0,0.0,0.0,0.0,0.0,0.0,0.0,0.058823529411764705,0.11764705882352941,0.058823529411764705
0.8,0.0,0.0,0.0,0.05,0.0,0.0,0.0,0.0,0.0,0.0,0.0,0.0,0.05,0.1,0.0
0.8666666666666667,0.0,0.0,0.0,0.03333333333333333,0.0,0.0,0.0,0.0,0.0,0.0,0.0,0.0,0.03333333333333333,0.06666666666666667,0.0
0.8974358974358975,0.0,0.0,0.0,0.02564102564102564,0.0,0.0,0.0,0.0,0.0,0.0,0.0,0.0,0.02564102564102564,0.05128205128205128,0.0
0.8823529411764706,0.0,0.0,0.0,0.0196078431372549,0.0,0.0,0.0,0.0,0.0,0.0,0.0,0.0,0.0392156862745098,0.058823529411764705,0.0
0.9166666666666666,0.0,0.0,0.0,0.013888888888888888,0.0,0.0,0.0,0.0,0.0,0.0,0.0,0.013888888888888888,0.013888888888888888,0.041666666666666664,0.0
0.9354838709677419,0.0,0.0,0.0,0.010752688172043012,0.0,0.0,0.010752688172043012,0.0,0.0,0.0,0.0,0.010752688172043012,0.010752688172043012,0.021505376344086023,0.0
0.940677966101695,0.0,0.0,0.0,0.0,0.0,0.0,0.00847457627118644,0.0,0.0,0.00847457627118644,0.0,0.01694915254237288,0.00847457627118644,0.01694915254237288,0.0
0.920863309352518,0.0,0.007194244604316547,0.0,0.0,0.0,0.0,0.007194244604316547,0.0,0.007194244604316547,0.007194244604316547,0.007194244604316547,0.02158273381294964,0.007194244604316547,0.014388489208633094,0.0
0.91875,0.0,0.00625,0.0,0.0,0.0125,0.0,0.00625,0.00625,0.00625,0.00625,0.00625,0.0125,0.00625,0.00625,0.00625
0.9171270718232044,0.0,0.0055248618784530384,0.0,0.0055248618784530384,0.011049723756906077,0.0,0.0055248618784530384,0.0055248618784530384,0.0,0.0055248618784530384,0.0055248618784530384,0.011049723756906077,0.0055248618784530384,0.011049723756906077,0.011049723756906077
0.9112149532710281,0.0,0.004672897196261682,0.0,0.004672897196261682,0.009345794392523364,0.0,0.004672897196261682,0.009345794392523364,0.004672897196261682,0.004672897196261682,0.004672897196261682,0.018691588785046728,0.004672897196261682,0.009345794392523364,0.009345794392523364
0.921875,0.00390625,0.00390625,0.0,0.00390625,0.00390625,0.0,0.00390625,0.00390625,0.00390625,0.00390625,0.00390625,0.015625,0.0078125,0.0078125,0.01171875
0.9163763066202091,0.003484320557491289,0.003484320557491289,0.0,0.003484320557491289,0.003484320557491289,0.0,0.013937282229965157,0.003484320557491289,0.003484320557491289,0.003484320557491289,0.006968641114982578,0.017421602787456445,0.006968641114982578,0.006968641114982578,0.006968641114982578
0.9296636085626911,0.0030581039755351682,0.0030581039755351682,0.0030581039755351682,0.0030581039755351682,0.0030581039755351682,0.0,0.012232415902140673,0.0030581039755351682,0.0030581039755351682,0.0030581039755351682,0.0061162079510703364,0.012232415902140673,0.0061162079510703364,0.0061162079510703364,0.0030581039755351682
0.9261213720316622,0.002638522427440633,0.002638522427440633,0.005277044854881266,0.0,0.002638522427440633,0.002638522427440633,0.010554089709762533,0.002638522427440633,0.002638522427440633,0.005277044854881266,0.005277044854881266,0.0158311345646438,0.005277044854881266,0.005277044854881266,0.005277044854881266
0.9258373205741627,0.0023923444976076554,0.0023923444976076554,0.0023923444976076554,0.0,0.0023923444976076554,0.0023923444976076554,0.009569377990430622,0.0023923444976076554,0.007177033492822967,0.004784688995215311,0.004784688995215311,0.01674641148325359,0.004784688995215311,0.007177033492822967,0.004784688995215311
0.9110169491525424,0.00211864406779661,0.00423728813559322,0.00423728813559322,0.0,0.00211864406779661,0.00211864406779661,0.01059322033898305,0.00423728813559322,0.00847457627118644,0.006355932203389831,0.00847457627118644,0.01694915254237288,0.00423728813559322,0.006355932203389831,0.00847457627118644
0.9065420560747663,0.001869158878504673,0.003738317757009346,0.005607476635514018,0.0,0.001869158878504673,0.001869158878504673,0.011214953271028037,0.001869158878504673,0.005607476635514018,0.005607476635514018,0.007476635514018692,0.026168224299065422,0.005607476635514018,0.007476635514018692,0.007476635514018692
0.9063032367972743,0.0034071550255536627,0.005110732538330494,0.005110732538330494,0.0,0.0034071550255536627,0.0034071550255536627,0.008517887563884156,0.0017035775127768314,0.0017035775127768314,0.0034071550255536627,0.008517887563884156,0.030664395229982964,0.0034071550255536627,0.0068143100511073255,0.008517887563884156
0.9074355083459787,0.0030349013657056147,0.004552352048558422,0.004552352048558422,0.0,0.006069802731411229,0.0030349013657056147,0.007587253414264037,0.0030349013657056147,0.0015174506828528073,0.0030349013657056147,0.007587253414264037,0.03338391502276176,0.0015174506828528073,0.006069802731411229,0.007587253414264037
0.9066305818673883,0.0040595399188092015,0.005412719891745603,0.0040595399188092015,0.0,0.005412719891745603,0.0040595399188092015,0.006765899864682003,0.0027063599458728013,0.0013531799729364006,0.0027063599458728013,0.005412719891745603,0.035182679296346414,0.0027063599458728013,0.005412719891745603,0.008119079837618403
0.894478527607362,0.0036809815950920245,0.006134969325153374,0.0049079754601227,0.001226993865030675,0.0049079754601227,0.0036809815950920245,0.007361963190184049,0.0036809815950920245,0.001226993865030675,0.0049079754601227,0.0036809815950920245,0.044171779141104296,0.0036809815950920245,0.0049079754601227,0.007361963190184049
0.9035874439461884,0.0011210762331838565,0.004484304932735426,0.004484304932735426,0.0011210762331838565,0.007847533632286996,0.0033632286995515697,0.0033632286995515697,0.005605381165919282,0.002242152466367713,0.002242152466367713,0.004484304932735426,0.042600896860986545,0.0033632286995515697,0.0033632286995515697,0.006726457399103139
0.8921161825726142,0.001037344398340249,0.004149377593360996,0.004149377593360996,0.0031120331950207467,0.007261410788381743,0.004149377593360996,0.0031120331950207467,0.005186721991701245,0.005186721991701245,0.0031120331950207467,0.005186721991701245,0.046680497925311204,0.004149377593360996,0.0031120331950207467,0.008298755186721992
0.8857696030977735,0.000968054211035818,0.003872216844143272,0.002904162633107454,0.003872216844143272,0.005808325266214908,0.003872216844143272,0.003872216844143272,0.005808325266214908,0.005808325266214908,0.003872216844143272,0.005808325266214908,0.05324298160696999,0.001936108422071636,0.003872216844143272,0.008712487899322363
0.8779385171790235,0.0018083182640144665,0.0027124773960217,0.0027124773960217,0.003616636528028933,0.0054249547920434,0.003616636528028933,0.0045207956600361665,0.0054249547920434,0.006329113924050633,0.0027124773960217,0.007233273056057866,0.05786618444846293,0.0009041591320072332,0.0054249547920434,0.011754068716094032
0.8722504230118443,0.0025380710659898475,0.00338409475465313,0.00338409475465313,0.004230118443316413,0.005922165820642978,0.00338409475465313,0.005922165820642978,0.005076142131979695,0.009306260575296108,0.0025380710659898475,0.01015228426395939,0.05752961082910321,0.0008460236886632825,0.00338409475465313,0.01015228426395939
0.8594377510040161,0.00321285140562249,0.005622489959839358,0.004016064257028112,0.004016064257028112,0.008835341365461847,0.004819277108433735,0.004016064257028112,0.005622489959839358,0.00963855421686747,0.00321285140562249,0.00963855421686747,0.06345381526104418,0.0024096385542168677,0.00321285140562249,0.008835341365461847
0.8571428571428571,0.0015444015444015444,0.003088803088803089,0.003861003861003861,0.005405405405405406,0.007722007722007722,0.003861003861003861,0.003861003861003861,0.004633204633204633,0.009266409266409266,0.003861003861003861,0.008494208494208495,0.07181467181467181,0.003861003861003861,0.003861003861003861,0.007722007722007722
0.8525311812179017,0.00293470286133529,0.001467351430667645,0.004402054292002935,0.004402054292002935,0.008070432868672046,0.00293470286133529,0.003668378576669112,0.003668378576669112,0.008070432868672046,0.004402054292002935,0.008070432868672046,0.07850330154071901,0.005135730007336757,0.004402054292002935,0.007336757153338224
0.8400823610157858,0.002745367192862045,0.002059025394646534,0.004118050789293068,0.004118050789293068,0.0068634179821551134,0.0034317089910775567,0.0068634179821551134,0.0034317089910775567,0.0075497597803706245,0.004118050789293068,0.008236101578586136,0.08647906657515443,0.008236101578586136,0.004118050789293068,0.0075497597803706245
0.8363036303630363,0.0033003300330033004,0.0033003300330033004,0.005280528052805281,0.0046204620462046205,0.006600660066006601,0.0046204620462046205,0.007260726072607261,0.0019801980198019802,0.010561056105610561,0.0039603960396039604,0.007920792079207921,0.08646864686468647,0.007260726072607261,0.0039603960396039604,0.006600660066006601
0.8362944162436549,0.0038071065989847717,0.0038071065989847717,0.006979695431472081,0.005076142131979695,0.006345177664974619,0.004441624365482234,0.005710659898477157,0.0019035532994923859,0.01015228426395939,0.0025380710659898475,0.006979695431472081,0.08883248730964467,0.006345177664974619,0.0031725888324873096,0.007614213197969543
0.8342541436464088,0.003683241252302026,0.003683241252302026,0.006138735420503376,0.0055248618784530384,0.006752608962553714,0.004910988336402701,0.0055248618784530384,0.001841620626151013,0.009208103130755065,0.001841620626151013,0.006138735420503376,0.09515039901780234,0.0055248618784530384,0.0024554941682013503,0.007366482504604052
0.8264947245017585,0.004689331770222743,0.004689331770222743,0.009378663540445486,0.004689331770222743,0.007033997655334115,0.004103165298944901,0.004689331770222743,0.0023446658851113715,0.008206330597889801,0.0017584994138335288,0.005861664712778429,0.10082063305978899,0.006447831184056272,0.0023446658851113715,0.006447831184056272
0.8248873873873874,0.003941441441441441,0.005067567567567568,0.007882882882882882,0.005067567567567568,0.00731981981981982,0.003941441441441441,0.006193693693693694,0.003941441441441441,0.008445945945945946,0.0022522522522522522,0.005067567567567568,0.10191441441441441,0.00563063063063063,0.0022522522522522522,0.006193693693693694
0.8191721132897604,0.004357298474945534,0.004901960784313725,0.008169934640522876,0.004901960784313725,0.008169934640522876,0.003812636165577342,0.006535947712418301,0.0032679738562091504,0.00980392156862745,0.0016339869281045752,0.004901960784313725,0.1056644880174292,0.005991285403050109,0.0032679738562091504,0.0054466230936819175
0.8189473684210526,0.004210526315789474,0.004210526315789474,0.007368421052631579,0.004736842105263158,0.00631578947368421,0.0036842105263157894,0.005789473684210527,0.002631578947368421,0.01,0.002105263157894737,0.00631578947368421,0.11105263157894738,0.004210526315789474,0.003157894736842105,0.005263157894736842
0.8123732251521298,0.004563894523326572,0.005578093306288032,0.008620689655172414,0.005070993914807302,0.006592292089249493,0.0035496957403651115,0.005578093306288032,0.0030425963488843813,0.011156186612576065,0.002535496957403651,0.006085192697768763,0.1105476673427992,0.004563894523326572,0.004056795131845842,0.006085192697768763
0.8091182364729459,0.0045090180360721445,0.006012024048096192,0.008016032064128256,0.00501002004008016,0.00751503006012024,0.004008016032064128,0.006012024048096192,0.0035070140280561123,0.010521042084168337,0.00250501002004008,0.006012024048096192,0.11172344689378758,0.00501002004008016,0.0045090180360721445,0.006012024048096192
0.8097345132743363,0.004424778761061947,0.00688298918387414,0.009341199606686333,0.004916420845624385,0.008849557522123894,0.004424778761061947,0.005408062930186824,0.0029498525073746312,0.01032448377581121,0.0019665683382497543,0.006391347099311701,0.1096361848574238,0.004424778761061947,0.003933136676499509,0.006391347099311701
0.8068126520681265,0.004379562043795621,0.00583941605839416,0.010218978102189781,0.00535279805352798,0.009245742092457421,0.004866180048661801,0.006812652068126521,0.00291970802919708,0.01070559610705596,0.0019464720194647203,0.007785888077858881,0.10851581508515815,0.004379562043795621,0.0034063260340632603,0.006812652068126521
0.8042226487523992,0.0033589251439539347,0.005758157389635317,0.01055662188099808,0.004318618042226488,0.009596928982725527,0.0047984644913627635,0.007197696737044146,0.0028790786948176585,0.011036468330134356,0.0023992322456813818,0.008157389635316698,0.11132437619961612,0.004318618042226488,0.003838771593090211,0.006238003838771593
0.8017848755284172,0.0032879286049788633,0.005166744950681071,0.011272898074213245,0.004227336777829967,0.00986378581493659,0.004697040864255519,0.007045561296383279,0.0037576326914044154,0.010333489901362142,0.0014091122592766556,0.007515265382808831,0.1113198684828558,0.004697040864255519,0.004697040864255519,0.008924377642085486
0.7947761194029851,0.0037313432835820895,0.0046641791044776115,0.01166044776119403,0.0046641791044776115,0.009328358208955223,0.005130597014925373,0.006996268656716418,0.004197761194029851,0.010261194029850746,0.0023320895522388058,0.00792910447761194,0.11287313432835822,0.0065298507462686565,0.0046641791044776115,0.010261194029850746
0.7966339410939691,0.004207573632538569,0.005610098176718092,0.012622720897615708,0.004207573632538569,0.009350163627863487,0.005610098176718092,0.0070126227208976155,0.004207573632538569,0.008882655446470314,0.0023375409069658717,0.0074801309022907905,0.1093969144460028,0.0065451145395044414,0.005610098176718092,0.010285179990649837
0.7935185185185185,0.004629629629629629,0.006944444444444444,0.0125,0.004629629629629629,0.008333333333333333,0.005555555555555556,0.008796296296296297,0.004629629629629629,0.008796296296296297,0.001851851851851852,0.00787037037037037,0.10787037037037037,0.006944444444444444,0.006481481481481481,0.010648148148148148
0.790580704160951,0.003657978966620942,0.00594421582075903,0.013260173754000914,0.00411522633744856,0.008687700045724738,0.00594421582075903,0.009602194787379973,0.004572473708276178,0.008687700045724738,0.0027434842249657062,0.008687700045724738,0.10882487425697303,0.00823045267489712,0.007773205304069501,0.008687700045724738
0.7898550724637681,0.0036231884057971015,0.005434782608695652,0.014492753623188406,0.0036231884057971015,0.009963768115942028,0.005434782608695652,0.010869565217391304,0.004528985507246377,0.008605072463768116,0.004076086956521739,0.007699275362318841,0.10914855072463768,0.007246376811594203,0.006793478260869565,0.008605072463768116
0.7916854948034342,0.0031631269769543608,0.004970628106642567,0.0149118843199277,0.004518752824220515,0.009941256213285133,0.005422503389064619,0.009489380930863081,0.00587437867148667,0.0076818798011748755,0.004518752824220515,0.006778129236330773,0.10890194306371441,0.0076818798011748755,0.0063262539539087215,0.008133755083596927
0.7849364791288567,0.0027223230490018148,0.005898366606170599,0.016333938294010888,0.004537205081669692,0.009981851179673321,0.004537205081669692,0.010889292196007259,0.005898366606170599,0.009528130671506351,0.003629764065335753,0.005898366606170599,0.11206896551724138,0.008620689655172414,0.006352087114337568,0.008166969147005444
0.7763392857142857,0.0035714285714285713,0.005803571428571429,0.016964285714285713,0.004910714285714286,0.009821428571428571,0.004910714285714286,0.010267857142857143,0.006696428571428571,0.009375,0.0035714285714285713,0.005357142857142857,0.11517857142857142,0.009821428571428571,0.008035714285714285,0.009375
0.7755102040816326,0.003992901508429458,0.005323868677905945,0.016415261756876662,0.0048802129547471165,0.008429458740017746,0.005767524401064774,0.009760425909494233,0.00709849157054126,0.01020408163265306,0.005323868677905945,0.0044365572315882874,0.11490683229813664,0.01064773735581189,0.007985803016858917,0.009316770186335404
0.7715536105032823,0.003938730853391685,0.0056892778993435445,0.018380743982494528,0.00525164113785558,0.009190371991247264,0.00525164113785558,0.011378555798687089,0.00700218818380744,0.008315098468271335,0.004814004376367615,0.00437636761487965,0.11859956236323851,0.010065645514223195,0.00787746170678337,0.008315098468271335
0.7672679278486582,0.004839419269687638,0.0061592608886933565,0.01759788825340959,0.005279366476022877,0.008358996920369555,0.005279366476022877,0.012318521777386713,0.007039155301363837,0.008798944126704795,0.005279366476022877,0.004839419269687638,0.11966564012318522,0.010998680158380994,0.007479102507699076,0.008798944126704795
0.7691966267199289,0.004438526409232135,0.006213936972924989,0.016866400355082113,0.005770084332001775,0.006657789613848202,0.005326231691078562,0.012427873945849977,0.006213936972924989,0.00887705281846427,0.007545494895694629,0.005770084332001775,0.118508655126498,0.01154016866400355,0.006213936972924989,0.008433200177541057
0.7661469933184856,0.004008908685968819,0.005790645879732739,0.015590200445434299,0.0066815144766146995,0.0071269487750556795,0.004899777282850779,0.012472160356347439,0.0062360801781737195,0.010244988864142539,0.008463251670378619,0.0062360801781737195,0.11893095768374165,0.011581291759465479,0.0062360801781737195,0.009354120267260579
0.7720458553791887,0.003968253968253968,0.005731922398589065,0.015432098765432098,0.006613756613756613,0.006613756613756613,0.0048500881834215165,0.01146384479717813,0.005291005291005291,0.011022927689594356,0.007495590828924162,0.005731922398589065,0.11684303350970017,0.011904761904761904,0.005291005291005291,0.009700176366843033
0.768270944741533,0.004010695187165776,0.0053475935828877,0.017825311942959002,0.0066844919786096255,0.0066844919786096255,0.005793226381461676,0.011586452762923352,0.0053475935828877,0.011140819964349376,0.0071301247771836,0.005793226381461676,0.11675579322638147,0.013368983957219251,0.006238859180035651,0.008021390374331552
0.76650420912716,0.004430660168365086,0.005316792202038104,0.018165706690296855,0.005316792202038104,0.00664599025254763,0.0057598582188746125,0.011519716437749225,0.004430660168365086,0.011962782454585734,0.006202924235711121,0.006202924235711121,0.12140008861320337,0.01284891448825875,0.0057598582188746125,0.007532122286220647
0.766107678729038,0.005736981465136805,0.005736981465136805,0.0176522506619594,0.00353045013239188,0.00617828773168579,0.005736981465136805,0.01147396293027361,0.003971756398940865,0.012797881729920565,0.00706090026478376,0.00617828773168579,0.12180052956751986,0.01235657546337158,0.006619593998234775,0.00706090026478376
0.7598932859048466,0.005780346820809248,0.005335704757670075,0.019119608714984436,0.0031124944419742106,0.006669630947087594,0.005780346820809248,0.013339261894175189,0.004446420631391729,0.013783903957314362,0.007114273010226767,0.006224988883948421,0.12361049355269009,0.01067140951534015,0.007114273010226767,0.008003557136505114
0.7554663096831772,0.005800981704596163,0.007585899152164213,0.019187862561356538,0.0031236055332440876,0.0071396697902722,0.006247211066488175,0.012048192771084338,0.005800981704596163,0.014725568942436412,0.006693440428380187,0.0071396697902722,0.12315930388219545,0.0107095046854083,0.007585899152164213,0.007585899152164213
0.7546419098143236,0.005305039787798408,0.007073386383731211,0.020335985853227233,0.0035366931918656055,0.006631299734748011,0.00618921308576481,0.01237842617152962,0.006631299734748011,0.014146772767462422,0.005305039787798408,0.006631299734748011,0.12157382847038019,0.014146772767462422,0.006631299734748011,0.008841732979664015
0.7432611577551922,0.0061864781263809105,0.008395934600088379,0.021210782147591693,0.003535130357931949,0.006628369421122404,0.0061864781263809105,0.011489173663278833,0.006628369421122404,0.014582412726469289,0.005302695536897923,0.0061864781263809105,0.12859036676977464,0.015024304021210782,0.007070260715863898,0.009721608484312859
0.7466725820763088,0.0075421472937000885,0.00709849157054126,0.022626441881100266,0.003992901508429458,0.006654835847382431,0.005767524401064774,0.011978704525288377,0.006654835847382431,0.01419698314108252,0.005323868677905945,0.006211180124223602,0.12688553682342502,0.013753327417923691,0.006211180124223602,0.008429458740017746
0.7427031881454872,0.00673551863493489,0.007184553210597216,0.02334979793444095,0.004939380332285586,0.006286484059272564,0.005388414907947912,0.011674898967220475,0.007184553210597216,0.012123933542882801,0.005388414907947912,0.0058374494836102376,0.12887292321508756,0.016165244723843737,0.006286484059272564,0.009878760664571173
0.7382969237628176,0.006687472135532769,0.007133303611234953,0.023629068212215783,0.006241640659830584,0.006241640659830584,0.004458314757021846,0.00980829246544806,0.007579135086937138,0.0115916183682568,0.0057958091841284,0.006241640659830584,0.13464110566205975,0.016049933125278644,0.0057958091841284,0.00980829246544806
0.7344306049822064,0.005782918149466192,0.007562277580071174,0.02402135231316726,0.005338078291814947,0.0066725978647686835,0.0066725978647686835,0.01201067615658363,0.006227758007117438,0.011565836298932384,0.006227758007117438,0.0071174377224199285,0.13612099644128114,0.013345195729537367,0.0066725978647686835,0.010231316725978648
0.7368187859991139,0.0057598582188746125,0.007532122286220647,0.024368630926007974,0.004873726185201595,0.007532122286220647,0.004873726185201595,0.011962782454585734,0.007532122286220647,0.010633584404076208,0.006202924235711121,0.008418254319893664,0.1329198050509526,0.01284891448825875,0.0057598582188746125,0.011962782454585734
0.7425786442179885,0.004873726185201595,0.0057598582188746125,0.02658396101019052,0.004430660168365086,0.007532122286220647,0.004873726185201595,0.011519716437749225,0.007089056269384138,0.0101905183872397,0.005316792202038104,0.007975188303057155,0.13424900310146212,0.012405848471422242,0.003987594151528578,0.010633584404076208
0.7406098099867433,0.0061864781263809105,0.005302695536897923,0.027839151568714096,0.003977021652673442,0.008837825894829872,0.004860804242156429,0.01104728236853734,0.007070260715863898,0.012372956252761821,0.005302695536897923,0.009279717189571365,0.1316836058329651,0.012372956252761821,0.003535130357931949,0.009721608484312859
0.742617893345086,0.007051564565888057,0.004407227853680035,0.027765535478184222,0.005288673424416042,0.007933010136624064,0.00617011899515205,0.011458792419568091,0.007051564565888057,0.010136624063464082,0.005288673424416042,0.010577346848832084,0.12825033054208904,0.0123402379903041,0.0035257822829440283,0.010136624063464082
0.7351256059938299,0.007933010136624064,0.004407227853680035,0.028206258263552227,0.005288673424416042,0.008373732921992068,0.00617011899515205,0.011899515204936095,0.007051564565888057,0.010577346848832084,0.0057293962097840455,0.0123402379903041,0.13001322168356105,0.0123402379903041,0.0035257822829440283,0.011018069634200088
0.7300668151447661,0.008908685968819599,0.004454342984409799,0.028953229398663696,0.0062360801781737195,0.008908685968819599,0.005790645879732739,0.012917594654788419,0.0071269487750556795,0.009354120267260579,0.005790645879732739,0.011135857461024499,0.133630289532294,0.012026726057906459,0.004008908685968819,0.010690423162583519
0.7316094516272849,0.007579135086937138,0.004012483281319661,0.02808738296923763,0.0057958091841284,0.008916629514043692,0.005349977708426215,0.013374944271065538,0.007579135086937138,0.010254123941150245,0.005349977708426215,0.011145786892554615,0.13241194828354882,0.012929112795363353,0.004458314757021846,0.011145786892554615
0.7280035730236712,0.007592675301473872,0.004912907548012505,0.030370701205895488,0.005359535506922733,0.008932559178204555,0.005806163465832961,0.01205895489057615,0.006699419383653417,0.008485931219294328,0.004912907548012505,0.011612326931665922,0.13890129522108083,0.011612326931665922,0.00401965163019205,0.010719071013845467
0.7355555555555555,0.008,0.0044444444444444444,0.030222222222222223,0.004888888888888889,0.008444444444444444,0.005333333333333333,0.012444444444444444,0.006666666666666667,0.008888888888888889,0.006222222222222222,0.009333333333333334,0.13466666666666666,0.011111111111111112,0.0035555555555555557,0.010222222222222223
0.7283185840707964,0.007964601769911504,0.0048672566371681415,0.031415929203539826,0.003982300884955752,0.008849557522123894,0.005309734513274336,0.012831858407079646,0.007964601769911504,0.008849557522123894,0.00663716814159292,0.007964601769911504,0.13893805309734514,0.011061946902654867,0.003982300884955752,0.011061946902654867
0.7263901147396293,0.00794351279788173,0.0048543689320388345,0.03133274492497794,0.003971756398940865,0.009267431597528684,0.0048543689320388345,0.011915269196822596,0.00706090026478376,0.008384819064430714,0.00706090026478376,0.007502206531332745,0.14254192409532215,0.011915269196822596,0.00353045013239188,0.01147396293027361
0.7317939609236235,0.007548845470692718,0.0053285968028419185,0.03019538188277087,0.0026642984014209592,0.008880994671403197,0.004440497335701598,0.011545293072824156,0.007548845470692718,0.008436944937833037,0.005772646536412078,0.007548845470692718,0.13943161634103018,0.012433392539964476,0.004440497335701598,0.011989342806394316
0.7273534635879219,0.006216696269982238,0.0053285968028419185,0.03063943161634103,0.003108348134991119,0.009325044404973356,0.003552397868561279,0.011989342806394316,0.009325044404973356,0.008436944937833037,0.005772646536412078,0.008880994671403197,0.141651865008881,0.012877442273534635,0.003108348134991119,0.012433392539964476
0.7161434977578476,0.006278026905829596,0.0053811659192825115,0.02914798206278027,0.0026905829596412557,0.009865470852017937,0.004035874439461884,0.014798206278026907,0.009417040358744395,0.011210762331838564,0.005829596412556054,0.008520179372197309,0.1475336322869955,0.013452914798206279,0.0026905829596412557,0.013004484304932735
0.7163247100802854,0.006244424620874219,0.006690454950936664,0.026761819803746655,0.0026761819803746653,0.011150758251561105,0.0044603033006244425,0.01650312221231044,0.00936663693131133,0.012042818911685994,0.006244424620874219,0.006690454950936664,0.14585191793041927,0.013826940231935772,0.0031222123104371097,0.012042818911685994
0.7139001349527665,0.006747638326585695,0.005847953216374269,0.027440395861448492,0.002699055330634278,0.012145748987854251,0.004948268106162843,0.015744489428699954,0.00899685110211426,0.011695906432748537,0.006747638326585695,0.007647323436797121,0.15069725596041386,0.012145748987854251,0.002699055330634278,0.009896536212325686
0.7110719011910013,0.0061755624172915745,0.005734450816056462,0.027348919276576972,0.002646669607410675,0.011468901632112925,0.004411116012351125,0.016762240846934274,0.007940008822232024,0.012792236435818262,0.0061755624172915745,0.008381120423467137,0.15306572562858403,0.013674459638288486,0.002646669607410675,0.009704455227172474
0.7099644128113879,0.005338078291814947,0.005338078291814947,0.03113879003558719,0.002224199288256228,0.011565836298932384,0.005338078291814947,0.015569395017793594,0.008451957295373666,0.013345195729537367,0.006227758007117438,0.008896797153024912,0.15080071174377224,0.01112099644128114,0.0035587188612099642,0.01112099644128114
0.7089056269384139,0.004873726185201595,0.0057598582188746125,0.03234381922906513,0.002658396101019052,0.00930438635356668,0.005316792202038104,0.015064244572441293,0.007975188303057155,0.011962782454585734,0.0057598582188746125,0.008861320336730172,0.15507310589277803,0.010633584404076208,0.003544528134692069,0.011962782454585734
0.7059866962305986,0.004878048780487805,0.005321507760532151,0.032815964523281595,0.0026607538802660754,0.007982261640798226,0.0031042128603104213,0.014634146341463415,0.008869179600886918,0.01197339246119734,0.005321507760532151,0.007982261640798226,0.16186252771618626,0.011086474501108648,0.0031042128603104213,0.012416851441241685
0.7084444444444444,0.004888888888888889,0.005333333333333333,0.03155555555555556,0.0035555555555555557,0.008,0.004,0.015111111111111112,0.009777777777777778,0.010666666666666666,0.005333333333333333,0.008444444444444444,0.15955555555555556,0.011555555555555555,0.0022222222222222222,0.011555555555555555
0.7081275258194881,0.004939380332285586,0.00449034575662326,0.029636281993713515,0.003143242029636282,0.007184553210597216,0.00449034575662326,0.01571621014818141,0.009878760664571173,0.009878760664571173,0.004939380332285586,0.008531656937584195,0.1643466546924113,0.011674898967220475,0.00224517287831163,0.010776829815895825
0.7089755213055303,0.007252946509519492,0.004533091568449683,0.030825022665457842,0.004079782411604714,0.0077062556663644605,0.005439709882139619,0.01586582048957389,0.009972801450589302,0.009066183136899365,0.004986400725294651,0.0077062556663644605,0.16092475067996373,0.01042611060743427,0.003173164097914778,0.009066183136899365
0.7124386981720909,0.006687472135532769,0.004458314757021846,0.032545697726259475,0.0035666518056174765,0.007133303611234953,0.004458314757021846,0.014266607222469906,0.00980829246544806,0.009362460989745877,0.005349977708426215,0.007579135086937138,0.16049933125278645,0.008916629514043692,0.003120820329915292,0.00980829246544806
0.7104795737122558,0.005772646536412078,0.004440497335701598,0.03330373001776199,0.003552397868561279,0.007104795737122558,0.003996447602131439,0.013765541740674956,0.010213143872113677,0.009325044404973356,0.0053285968028419185,0.007992895204262877,0.16207815275310836,0.010213143872113677,0.003108348134991119,0.009325044404973356
0.703670942061035,0.005749668288367979,0.004422821760283061,0.03361344537815126,0.0035382574082264487,0.008845643520566122,0.004422821760283061,0.01238390092879257,0.011057054400707651,0.009730207872622734,0.005307386112339673,0.006634232640424591,0.1667403803626714,0.010614772224679346,0.0035382574082264487,0.009730207872622734
0.7018165706690297,0.005316792202038104,0.003987594151528578,0.03633141338059371,0.003544528134692069,0.0101905183872397,0.004430660168365086,0.01284891448825875,0.010633584404076208,0.008861320336730172,0.005316792202038104,0.007089056269384138,0.16171909614532565,0.011519716437749225,0.005316792202038104,0.011076650420912717
0.6969162995594713,0.0052863436123348016,0.003524229074889868,0.035682819383259914,0.0030837004405286344,0.01013215859030837,0.004405286343612335,0.014096916299559472,0.010572687224669603,0.01013215859030837,0.004845814977973568,0.007929515418502203,0.1647577092511013,0.010572687224669603,0.005726872246696035,0.012334801762114538
0.6962699822380106,0.0053285968028419185,0.003996447602131439,0.037300177619893425,0.0026642984014209592,0.009769094138543518,0.003996447602131439,0.012433392539964476,0.009325044404973356,0.010213143872113677,0.0053285968028419185,0.007992895204262877,0.16563055062166962,0.009769094138543518,0.007104795737122558,0.012877442273534635
0.6912751677852349,0.0058165548098434005,0.0044742729306487695,0.039373601789709174,0.0026845637583892616,0.01029082774049217,0.004921700223713647,0.012080536912751677,0.009395973154362415,0.009843400447427294,0.004921700223713647,0.008053691275167786,0.167337807606264,0.008501118568232663,0.006711409395973154,0.014317673378076063
0.6887003126395712,0.007146047342563644,0.004912907548012505,0.03930326038410004,0.0031263957123715946,0.01027244305493524,0.00401965163019205,0.011165698972755694,0.00982581509602501,0.00982581509602501,0.0044662795891022775,0.0080393032603841,0.1701652523447968,0.008932559178204555,0.006252791424743189,0.013845466726217061
0.6844225604297225,0.008504923903312443,0.005371530886302597,0.03983885407341092,0.003133393017009848,0.012085944494180842,0.0040286481647269475,0.010743061772605193,0.010295434198746643,0.009847806624888093,0.005371530886302597,0.007609668755595345,0.1683079677708147,0.009400179051029543,0.006714413607878245,0.01432408236347359
0.6820809248554913,0.009337483325922631,0.005780346820809248,0.03912850155624722,0.0035571365051133837,0.01200533570475767,0.0031124944419742106,0.009337483325922631,0.01067140951534015,0.009782125389061804,0.005780346820809248,0.009337483325922631,0.16851934192974655,0.011116051578479324,0.006669630947087594,0.013783903957314362
0.6831550802139037,0.008912655971479501,0.004456327985739751,0.04055258467023173,0.0031194295900178253,0.011140819964349376,0.0035650623885918,0.008467023172905526,0.010249554367201427,0.009358288770053475,0.0053475935828877,0.009358288770053475,0.16934046345811052,0.012032085561497326,0.0066844919786096255,0.0142602495543672
0.6824264049955397,0.00847457627118644,0.0044603033006244425,0.041480820695807316,0.003568242640499554,0.012934879571810883,0.003568242640499554,0.008028545941123996,0.010258697591436218,0.007582515611061552,0.0053523639607493305,0.012488849241748439,0.16458519179304193,0.012042818911685994,0.007136485280999108,0.015611061552185548
0.6845397676496873,0.00804289544235925,0.004468275245755138,0.041108132260947276,0.0035746201966041107,0.012957998212689902,0.003127792672028597,0.00804289544235925,0.008489722966934763,0.008936550491510277,0.004915102770330653,0.012064343163538873,0.1644325290437891,0.013404825737265416,0.00804289544235925,0.01385165326184093
0.6822183098591549,0.007482394366197183,0.0044014084507042256,0.042693661971830985,0.0044014084507042256,0.012764084507042254,0.0035211267605633804,0.007922535211267605,0.007922535211267605,0.008802816901408451,0.00528169014084507,0.01232394366197183,0.16461267605633803,0.013204225352112676,0.007922535211267605,0.014524647887323943
0.6839309428950863,0.00796812749003984,0.0035413899955732625,0.043824701195219126,0.005312084993359893,0.012837538733953076,0.00398406374501992,0.00796812749003984,0.007525453740593183,0.00796812749003984,0.004426737494466578,0.013280212483399735,0.1637892872952634,0.012837538733953076,0.007082779991146525,0.013722886232846392
0.6815542652970076,0.008485931219294328,0.0044662795891022775,0.04600267976775346,0.005359535506922733,0.012505582849486378,0.004912907548012505,0.008932559178204555,0.006252791424743189,0.006699419383653417,0.0044662795891022775,0.013398838767306834,0.1639124609200536,0.01205895489057615,0.007592675301473872,0.013398838767306834
0.6814355338945502,0.008418254319893664,0.003987594151528578,0.044306601683650866,0.00664599025254763,0.01284891448825875,0.0057598582188746125,0.007532122286220647,0.007089056269384138,0.007532122286220647,0.004873726185201595,0.011962782454585734,0.16659282233052725,0.010633584404076208,0.005316792202038104,0.015064244572441293
0.6810228802153432,0.008524001794526694,0.0031404217137729925,0.0462090623598026,0.006280843427545985,0.011664423508299685,0.005832211754149843,0.006280843427545985,0.006729475100942127,0.008075370121130552,0.005383580080753701,0.011664423508299685,0.1655450874831763,0.012113055181695828,0.005383580080753701,0.016150740242261104
0.6822429906542056,0.008455718736092568,0.0035603026257231864,0.04316866933689364,0.006230529595015576,0.012461059190031152,0.005785491766800178,0.0075656430796617715,0.005785491766800178,0.0075656430796617715,0.004895416110369382,0.012461059190031152,0.16822429906542055,0.012016021361815754,0.004895416110369382,0.014686248331108143
0.678268630075859,0.008032128514056224,0.002677376171352075,0.04685408299866131,0.0071396697902722,0.011601963409192326,0.005800981704596163,0.0071396697902722,0.00535475234270415,0.007585899152164213,0.0049085229808121375,0.0142793395805444,0.1682284694332887,0.011601963409192326,0.00535475234270415,0.015171798304328426
0.6730427046263345,0.007562277580071174,0.0026690391459074734,0.046708185053380785,0.0066725978647686835,0.011565836298932384,0.006227758007117438,0.007562277580071174,0.0071174377224199285,0.0071174377224199285,0.004893238434163701,0.014679715302491103,0.17126334519572953,0.012455516014234875,0.004893238434163701,0.015569395017793594
0.6759052302190434,0.007152436298614216,0.003576218149307108,0.04917299955297273,0.006705409029950827,0.010281627179257935,0.007152436298614216,0.007152436298614216,0.006258381761287439,0.006258381761287439,0.00581135449262405,0.014304872597228431,0.1658471166741171,0.012963790791238265,0.0049172999552972736,0.016540008940545373
0.671875,0.004910714285714286,0.004464285714285714,0.048660714285714286,0.007589285714285714,0.010714285714285714,0.005803571428571429,0.007142857142857143,0.005803571428571429,0.006696428571428571,0.005357142857142857,0.013839285714285714,0.1705357142857143,0.012946428571428572,0.005803571428571429,0.017857142857142856
0.6718197879858657,0.003975265017667844,0.004858657243816254,0.04991166077738516,0.007067137809187279,0.011484098939929329,0.005742049469964664,0.007950530035335688,0.005742049469964664,0.007067137809187279,0.00530035335689046,0.011484098939929329,0.17358657243816256,0.011925795053003533,0.0066254416961130744,0.015459363957597174
0.6754112939084037,0.0026678523788350376,0.004891062694530902,0.05202312138728324,0.006224988883948421,0.01067140951534015,0.005780346820809248,0.008003557136505114,0.004891062694530902,0.007114273010226767,0.004891062694530902,0.012449977767896843,0.1680746998666074,0.012894619831036016,0.006224988883948421,0.017785682525566917
0.6703637976929903,0.0022182786157941437,0.005767524401064774,0.050576752440106475,0.006654835847382431,0.011091393078970719,0.005767524401064774,0.008429458740017746,0.0044365572315882874,0.0075421472937000885,0.0048802129547471165,0.011535048802129548,0.17213842058562556,0.013753327417923691,0.006211180124223602,0.018633540372670808
0.6637168141592921,0.002654867256637168,0.0048672566371681415,0.050442477876106194,0.007079646017699115,0.009734513274336283,0.005309734513274336,0.009292035398230088,0.005309734513274336,0.008407079646017699,0.003982300884955752,0.011946902654867256,0.18008849557522125,0.012831858407079646,0.007079646017699115,0.017256637168141593
0.6668147490004442,0.003109729009329187,0.003998223011994669,0.050644158151932475,0.006219458018658374,0.010217681030653044,0.00444247001332741,0.010661928031985785,0.0053309640159928924,0.008440693025322079,0.00444247001332741,0.009773434029320302,0.1776988005330964,0.01288316303864949,0.007107952021323856,0.01821412705464238
0.661613909942042,0.0035666518056174765,0.00490414623272403,0.05082478823004904,0.007579135086937138,0.011145786892554615,0.0035666518056174765,0.010254123941150245,0.008024966562639322,0.008916629514043692,0.004458314757021846,0.011145786892554615,0.17744092732946945,0.012929112795363353,0.006241640659830584,0.017387427552385197
0.6660722246990638,0.004458314757021846,0.00490414623272403,0.05260811413285778,0.007133303611234953,0.010254123941150245,0.0026749888542131075,0.009362460989745877,0.008024966562639322,0.008916629514043692,0.00490414623272403,0.011145786892554615,0.17253678109674542,0.013374944271065538,0.006241640659830584,0.017387427552385197
0.6645851917930419,0.0044603033006244425,0.0053523639607493305,0.05084745762711865,0.007582515611061552,0.008920606601248885,0.0031222123104371097,0.009812667261373774,0.007136485280999108,0.00847457627118644,0.0044603033006244425,0.013380909901873328,0.17484388938447815,0.012042818911685994,0.006244424620874219,0.01873327386262266
0.6583629893238434,0.005338078291814947,0.005782918149466192,0.05204626334519573,0.008451957295373666,0.008451957295373666,0.003113879003558719,0.009786476868327402,0.006227758007117438,0.00800711743772242,0.004448398576512456,0.014679715302491103,0.17927046263345195,0.01201067615658363,0.005782918149466192,0.018238434163701068
