C_R,C_A,C_S,C_N,D_R,D_A,D_S,D_N,Oc_R,Oc_A,Oc_S,Oc_N,Od_R,Od_A,Od_S,Od_N
0.0,0.0,0.0,0.0,0.0,0.0,0.0,0.0,0.0,0.0,0.0,0.0,1.0,0.0,0.0,0.0
0.0,0.0,0.0,0.5,0.0,0.0,0.0,0.0,0.0,0.0,0.0,0.0,0.5,0.0,0.0,0.0
0.0,0.0,0.0,0.3333333333333333,0.0,0.0,0.0,0.0,0.0,0.2222222222222222,0.0,0.0,0.4444444444444444,0.0,0.0,0.0
0.0,0.0,0.0,0.3125,0.0,0.0,0.0,0.125,0.0,0.1875,0.0,0.0,0.375,0.0,0.0,0.0
0.0,0.0,0.0,0.2962962962962963,0.0,0.0,0.0,0.1111111111111111,0.0,0.18518518518518517,0.0,0.0,0.4074074074074074,0.0,0.0,0.0
0.0,0.0,0.0,0.30612244897959184,0.0,0.0,0.0,0.10204081632653061,0.0,0.1836734693877551,0.0,0.0,0.40816326530612246,0.0,0.0,0.0
0.0273972602739726,0.0,0.0,0.3150684931506849,0.0,0.0,0.0,0.1095890410958904,0.0,0.1643835616438356,0.0,0.0,0.3835616438356164,0.0,0.0,0.0
0.03571428571428571,0.0,0.0,0.2767857142857143,0.0,0.0,0.0,0.11607142857142858,0.0,0.15178571428571427,0.0,0.008928571428571428,0.4107142857142857,0.0,0.0,0.0
0.04430379746835443,0.006329113924050633,0.0,0.25949367088607594,0.0,0.0,0.0,0.12025316455696203,0.0,0.16455696202531644,0.0,0.0189873417721519,0.3860759493670886,0.0,0.0,0.0
0.0639269406392694,0.0136986301369863,0.0,0.2191780821917808,0.0,0.0,0.0,0.1278538812785388,0.0,0.1689497716894977,0.0,0.0273972602739726,0.3698630136986301,0.0,0.0,0.0091324200913242
0.061016949152542375,0.010169491525423728,0.0,0.2271186440677966,0.0,0.0,0.003389830508474576,0.10847457627118644,0.0,0.1694915254237288,0.0,0.04067796610169491,0.3593220338983051,0.006779661016949152,0.0,0.013559322033898305
0.07142857142857142,0.010582010582010581,0.0,0.1984126984126984,0.0,0.0,0.0026455026455026454,0.11904761904761904,0.0,0.16137566137566137,0.0,0.05291005291005291,0.35714285714285715,0.007936507936507936,0.0,0.018518518518518517
0.07627118644067797,0.01059322033898305,0.0,0.1906779661016949,0.0,0.0,0.00423728813559322,0.11228813559322035,0.0,0.16101694915254236,0.00211864406779661,0.0635593220338983,0.3516949152542373,0.00847457627118644,0.0,0.019067796610169493
0.08947368421052632,0.008771929824561403,0.0,0.17543859649122806,0.0,0.0,0.0035087719298245615,0.11052631578947368,0.0,0.16666666666666666,0.0035087719298245615,0.06491228070175438,0.34210526315789475,0.010526315789473684,0.0035087719298245615,0.021052631578947368
0.09339080459770115,0.008620689655172414,0.0,0.16091954022988506,0.0028735632183908046,0.0,0.005747126436781609,0.10057471264367816,0.0,0.15517241379310345,0.004310344827586207,0.07902298850574713,0.34626436781609193,0.011494252873563218,0.0028735632183908046,0.028735632183908046
0.10365853658536585,0.01097560975609756,0.0024390243902439024,0.14878048780487804,0.0024390243902439024,0.0012195121951219512,0.007317073170731708,0.1024390243902439,0.0,0.16219512195121952,0.004878048780487805,0.09024390243902439,0.3195121951219512,0.012195121951219513,0.003658536585365854,0.02804878048780488
0.11266094420600858,0.01072961373390558,0.002145922746781116,0.13412017167381973,0.002145922746781116,0.001072961373390558,0.006437768240343348,0.10515021459227468,0.0,0.16201716738197425,0.0075107296137339056,0.09871244635193133,0.31008583690987124,0.012875536480686695,0.003218884120171674,0.03111587982832618
0.12878787878787878,0.01231060606060606,0.002840909090909091,0.12026515151515152,0.003787878787878788,0.002840909090909091,0.007575757575757576,0.09753787878787878,0.0,0.1571969696969697,0.007575757575757576,0.10606060606060606,0.3039772727272727,0.016098484848484848,0.001893939393939394,0.03125
0.12851063829787235,0.013617021276595745,0.005106382978723404,0.11829787234042553,0.005106382978723404,0.003404255319148936,0.009361702127659575,0.10553191489361702,0.0,0.14127659574468085,0.005957446808510639,0.11063829787234042,0.29531914893617023,0.016170212765957447,0.005106382978723404,0.03659574468085106
0.13076923076923078,0.016153846153846154,0.0038461538461538464,0.11076923076923077,0.004615384615384616,0.003076923076923077,0.01,0.09923076923076923,0.0,0.13923076923076924,0.008461538461538461,0.12153846153846154,0.2907692307692308,0.015384615384615385,0.006153846153846154,0.04
0.12446351931330472,0.020028612303290415,0.005007153075822604,0.10515021459227468,0.004291845493562232,0.00357653791130186,0.008583690987124463,0.10085836909871244,0.0,0.13376251788268956,0.009298998569384835,0.13161659513590845,0.2761087267525036,0.0178826895565093,0.00715307582260372,0.05221745350500715
0.13494132985658408,0.02216427640156454,0.005215123859191656,0.0984354628422425,0.003911342894393742,0.003259452411994785,0.009126466753585397,0.09517601043024772,0.001303780964797914,0.13102998696219034,0.00847457627118644,0.13298565840938723,0.26988265971316816,0.017601043024771838,0.007170795306388526,0.059322033898305086
0.13141809290953546,0.023838630806845965,0.005501222493887531,0.09841075794621026,0.003667481662591687,0.003056234718826406,0.007946210268948655,0.08924205378973105,0.0006112469437652812,0.12897310513447433,0.007946210268948655,0.13508557457212714,0.2720048899755501,0.01589242053789731,0.008557457212713936,0.0678484107579462
0.12811791383219956,0.023809523809523808,0.005668934240362812,0.09467120181405896,0.003401360544217687,0.0022675736961451248,0.007369614512471655,0.08333333333333333,0.0022675736961451248,0.13151927437641722,0.008503401360544218,0.1383219954648526,0.268140589569161,0.01417233560090703,0.009070294784580499,0.07936507936507936
0.12392703862660945,0.02467811158798283,0.005901287553648069,0.09120171673819742,0.002145922746781116,0.002682403433476395,0.009120171673819743,0.07993562231759657,0.003218884120171674,0.13090128755364808,0.0101931330472103,0.1453862660944206,0.25697424892703863,0.013412017167381975,0.0101931330472103,0.09012875536480687
0.1277258566978193,0.024922118380062305,0.005192107995846314,0.08255451713395638,0.0020768431983385254,0.004153686396677051,0.01142263759086189,0.07892004153686397,0.0036344755970924196,0.13032191069574248,0.010384215991692628,0.14330218068535824,0.24922118380062305,0.016614745586708203,0.011941848390446522,0.0976116303219107
0.12702305051495832,0.024031387935262383,0.004904364884747425,0.0784698381559588,0.00392349190779794,0.004413928396272682,0.010789602746444336,0.07797940166748406,0.005394801373222168,0.12702305051495832,0.010789602746444336,0.14958312898479648,0.24129475232957331,0.01716527709661599,0.010789602746444336,0.10642471799901913
0.12958551691281564,0.027155788470700333,0.004764173415912339,0.07432110528823249,0.003811338732729871,0.005240590757503573,0.01095759885659838,0.07765602667937113,0.006193425440686041,0.12386850881372082,0.011434016198189614,0.14768937589328252,0.23677941877084327,0.01810385898046689,0.011434016198189614,0.1110052405907575
0.13283790060380865,0.02693915466790525,0.005109150023223409,0.07059916395726892,0.004644681839294009,0.004644681839294009,0.010682768230376219,0.07663725034835114,0.006038086391082211,0.12679981421272643,0.010682768230376219,0.14955875522526707,0.23548536925220623,0.018114259173246633,0.011611704598235021,0.1096144914073386
0.13390830685428962,0.02723558783477077,0.004539264639128461,0.06899682251475261,0.004993191103041307,0.004993191103041307,0.01044030866999546,0.07399001361779392,0.006808896958692692,0.1230140717203813,0.011348161597821153,0.14798002723558784,0.23649568769859283,0.018157058556513846,0.013163867453472538,0.11393554244212438
0.138255033557047,0.026398210290827742,0.004921700223713647,0.06935123042505593,0.004921700223713647,0.005369127516778523,0.011185682326621925,0.07606263982102908,0.0058165548098434005,0.12259507829977628,0.011633109619686801,0.1458612975391499,0.23400447427293064,0.018344519015659956,0.012975391498881432,0.11230425055928411
0.13975155279503104,0.026175687666370896,0.006211180124223602,0.06699201419698314,0.0044365572315882874,0.0044365572315882874,0.01064773735581189,0.07542147293700088,0.006211180124223602,0.12422360248447205,0.012422360248447204,0.14596273291925466,0.2311446317657498,0.01818988464951198,0.014640638864241348,0.11313220940550132
0.14418811002661935,0.023070097604259095,0.005767524401064774,0.06610470275066549,0.005323868677905945,0.0048802129547471165,0.01020408163265306,0.07054125998225377,0.00709849157054126,0.12688553682342502,0.01064773735581189,0.1468500443655723,0.22981366459627328,0.021739130434782608,0.013309671694764862,0.11357586512866016
0.1465555068012286,0.025449758666081616,0.006581834137779728,0.06713470820535322,0.005704256252742431,0.003949100482667837,0.009214567792891619,0.07283896445809565,0.008336989907854322,0.12110574813514699,0.01184730144800351,0.14611671785870997,0.22904782799473453,0.02106186924089513,0.014041246160596753,0.11101360245721807
0.14616755793226383,0.024955436720142603,0.007575757575757576,0.06417112299465241,0.005793226381461676,0.004010695187165776,0.009358288770053475,0.07174688057040998,0.00980392156862745,0.11942959001782531,0.011586452762923352,0.14616755793226383,0.23039215686274508,0.02094474153297683,0.0142602495543672,0.11363636363636363
0.15132743362831858,0.024336283185840708,0.007964601769911504,0.06371681415929203,0.00663716814159292,0.005309734513274336,0.009292035398230088,0.07256637168141593,0.011061946902654867,0.12212389380530973,0.010619469026548672,0.14115044247787611,0.22699115044247786,0.02079646017699115,0.014601769911504425,0.11150442477876106
0.15411712901805372,0.02289740202553941,0.009687362395420519,0.062087186261558784,0.006164685160722149,0.006164685160722149,0.009687362395420519,0.07309555261999119,0.010568031704095112,0.12285336856010567,0.010127697049757816,0.13914575077058564,0.2311756935270806,0.02025539409951563,0.013210039630118891,0.1087626596213122
0.15293080652269722,0.021595416483032173,0.010577346848832084,0.06346408109299251,0.007051564565888057,0.007051564565888057,0.009255178492728075,0.0740414279418246,0.010136624063464082,0.12075804319083297,0.010136624063464082,0.14059056853239313,0.23005729396209784,0.020273248126928163,0.011018069634200088,0.11106214191273689
0.14874945151382185,0.02106186924089513,0.010969723562966213,0.06186924089512944,0.007898200965335674,0.007020623080298377,0.008336989907854322,0.0750329091706889,0.01184730144800351,0.12417727073277754,0.011408512505484861,0.14260640631856078,0.23080298376480912,0.018429135585783237,0.010969723562966213,0.10881965774462483
0.1516086381665932,0.022036139268400177,0.011899515204936095,0.05905685323931247,0.008373732921992068,0.006610841780520053,0.007933010136624064,0.07360070515645659,0.012780960775672102,0.125165271044513,0.011458792419568091,0.1392684001762891,0.22741295724988983,0.020713970912296167,0.011018069634200088,0.11106214191273689
0.14953683281870314,0.020732245258050286,0.011468901632112925,0.0599911777679753,0.00882223202470225,0.00529333921482135,0.008381120423467137,0.07543008381120424,0.013233348037053375,0.12792236435818263,0.011910013233348038,0.14336127040141156,0.22893692104102337,0.0211733568592854,0.012351124834583149,0.10145566828407587
0.14773735581189,0.02085181898846495,0.009760425909494233,0.06255545696539486,0.01020408163265306,0.006211180124223602,0.009760425909494233,0.08074534161490683,0.011978704525288377,0.11801242236024845,0.012866015971606033,0.14285714285714285,0.22803904170363798,0.023070097604259095,0.012422360248447204,0.10292812777284827
0.1457242582897033,0.02006980802792321,0.008726003490401396,0.0606457242582897,0.010907504363001745,0.005235602094240838,0.009162303664921465,0.0780977312390925,0.011343804537521814,0.12347294938917976,0.011780104712041885,0.14397905759162305,0.22731239092495636,0.02399650959860384,0.012652705061082025,0.10689354275741711
0.14922737306843267,0.018543046357615896,0.009271523178807948,0.060044150110375276,0.012803532008830023,0.004415011037527594,0.008388520971302429,0.0772626931567329,0.013245033112582781,0.12141280353200883,0.011920529801324504,0.14657836644591613,0.2251655629139073,0.02119205298013245,0.0141280353200883,0.106401766004415
0.14858906525573193,0.01984126984126984,0.01146384479717813,0.05864197530864197,0.014991181657848324,0.005731922398589065,0.007054673721340388,0.07760141093474426,0.011904761904761904,0.12037037037037036,0.011022927689594356,0.14285714285714285,0.22883597883597884,0.021604938271604937,0.015873015873015872,0.10361552028218694
0.15151515151515152,0.017127799736495388,0.012296881862099254,0.057971014492753624,0.016249451032059728,0.004830917874396135,0.006148440931049627,0.07905138339920949,0.010979358805445762,0.1225296442687747,0.010540184453227932,0.1414141414141414,0.22793148880105402,0.021519543258673692,0.016249451032059728,0.103645147123408
0.15219298245614035,0.017543859649122806,0.010526315789473684,0.062280701754385964,0.017105263157894738,0.0061403508771929825,0.005701754385964913,0.0793859649122807,0.010964912280701754,0.11754385964912281,0.009210526315789473,0.14035087719298245,0.2293859649122807,0.02280701754385965,0.016228070175438595,0.10263157894736842
0.15192644483362522,0.017075306479859893,0.010070052539404553,0.06436077057793345,0.016637478108581436,0.006567425569176883,0.006129597197898424,0.0818739054290718,0.009632224168126095,0.11865148861646235,0.008318739054290718,0.13791593695271454,0.22942206654991243,0.023204903677758317,0.0148861646234676,0.10332749562171628
0.1479028697571744,0.016777041942604858,0.009271523178807948,0.0631346578366446,0.015894039735099338,0.007947019867549669,0.006181015452538631,0.08388520971302428,0.009713024282560706,0.11788079470198676,0.009271523178807948,0.1368653421633554,0.23134657836644593,0.02119205298013245,0.01545253863134658,0.10728476821192053
0.14210526315789473,0.014912280701754385,0.009210526315789473,0.06491228070175438,0.014912280701754385,0.008771929824561403,0.0061403508771929825,0.08947368421052632,0.010526315789473684,0.11491228070175438,0.008333333333333333,0.14166666666666666,0.2324561403508772,0.021929824561403508,0.015789473684210527,0.10394736842105264
0.14418811002661935,0.014640638864241348,0.008429458740017746,0.061224489795918366,0.015084294587400177,0.011978704525288377,0.0075421472937000885,0.08518189884649512,0.01064773735581189,0.1157941437444543,0.005767524401064774,0.13930789707187222,0.23646850044365572,0.021739130434782608,0.016415261756876662,0.10559006211180125
0.14493392070484581,0.013656387665198238,0.007929515418502203,0.06255506607929516,0.013215859030837005,0.013215859030837005,0.007929515418502203,0.08898678414096917,0.011013215859030838,0.11013215859030837,0.005726872246696035,0.1422907488986784,0.23083700440528634,0.022466960352422908,0.014977973568281937,0.11013215859030837
0.14669603524229075,0.011894273127753305,0.006167400881057269,0.06211453744493392,0.013215859030837005,0.014096916299559472,0.007929515418502203,0.08590308370044053,0.011013215859030838,0.11277533039647578,0.0052863436123348016,0.14052863436123347,0.23612334801762114,0.024669603524229075,0.015418502202643172,0.10616740088105726
0.14795244385733158,0.012769704975781594,0.0048436811977102595,0.0607661822985469,0.013210039630118891,0.014090708938793483,0.007485689123734038,0.08674592690444738,0.012769704975781594,0.10920299427564949,0.005284015852047556,0.14090708938793484,0.23734037868780272,0.024218405988551298,0.01673271686481726,0.10568031704095113
0.14757709251101322,0.012334801762114538,0.005726872246696035,0.059030837004405284,0.013215859030837005,0.014977973568281937,0.007048458149779736,0.08546255506607929,0.01277533039647577,0.10704845814977973,0.006167400881057269,0.1422907488986784,0.2365638766519824,0.02378854625550661,0.016740088105726872,0.1092511013215859
0.1479840496233939,0.013735046521931768,0.00664599025254763,0.05892778023925565,0.013735046521931768,0.015507310589277802,0.007975188303057155,0.08684093929995569,0.012405848471422242,0.1072219760744351,0.006202924235711121,0.14665485157288435,0.2303943287549845,0.023482498892334957,0.01860877270713336,0.10367744793974303
0.14235500878734622,0.014499121265377855,0.006151142355008787,0.05755711775043937,0.016695957820738138,0.015377855887521968,0.008347978910369069,0.08699472759226713,0.011423550087873463,0.10588752196836555,0.006590509666080844,0.14674868189806678,0.2359402460456942,0.022847100175746926,0.016695957820738138,0.10588752196836555
0.13765892152564665,0.016220955721174924,0.006137658921525646,0.05830775975449364,0.01709776413853573,0.01709776413853573,0.008768084173608066,0.08592722490135905,0.012275317843051293,0.104340201665936,0.0070144673388864535,0.1477422183252959,0.24068391056554142,0.022797018851380975,0.01578255151249452,0.10214818062253397
0.13581353653070372,0.01523980277902286,0.00582698341550874,0.05244285073957866,0.01703272075302555,0.017929179740026894,0.008516360376512775,0.08740475123263111,0.01344688480502017,0.10936799641416405,0.008068130883012102,0.14791573285522186,0.23711340206185566,0.024652622142536978,0.013895114298520844,0.105333930972658
0.13875386654882899,0.014140521431727796,0.005302695536897923,0.0552364118426867,0.01855943437914273,0.01855943437914273,0.007512152010605391,0.08440123729562528,0.015466195315952275,0.10737958462218294,0.008837825894829872,0.14891736632788333,0.23906319045514804,0.022536456031816175,0.013256738842244807,0.10207688908528502
0.14152617568766637,0.013753327417923691,0.0048802129547471165,0.05323868677905945,0.02085181898846495,0.019520851818988466,0.0075421472937000885,0.08251996450754215,0.01685891748003549,0.11047027506654836,0.007985803016858917,0.14773735581189,0.23336291038154391,0.022626441881100266,0.015084294587400177,0.10204081632653061
0.1347864768683274,0.013790035587188613,0.005782918149466192,0.05382562277580071,0.022686832740213523,0.02001779359430605,0.007562277580071174,0.08140569395017794,0.016459074733096084,0.1094306049822064,0.008896797153024912,0.14590747330960854,0.2353202846975089,0.027135231316725978,0.014679715302491103,0.10231316725978648
0.1370044052863436,0.012334801762114538,0.0052863436123348016,0.05506607929515418,0.022026431718061675,0.01894273127753304,0.007048458149779736,0.07797356828193833,0.01894273127753304,0.1052863436123348,0.008370044052863436,0.14933920704845816,0.24185022026431718,0.027753303964757708,0.011013215859030838,0.10176211453744494
0.140597539543058,0.012741652021089631,0.004393673110720563,0.05228471001757469,0.021968365553602813,0.020650263620386643,0.007469244288224956,0.07908611599297012,0.01845342706502636,0.10676625659050967,0.00922671353251318,0.14762741652021089,0.2438488576449912,0.02592267135325132,0.011862917398945518,0.09710017574692442
0.13698030634573305,0.012691466083150985,0.00525164113785558,0.053829321663019694,0.02100656455142232,0.02188183807439825,0.00700218818380744,0.08183807439824946,0.01925601750547046,0.10590809628008753,0.010065645514223195,0.1448577680525164,0.23982494529540482,0.02888402625820569,0.012691466083150985,0.09803063457330416
0.1361626878868258,0.01282051282051282,0.00618921308576481,0.05128205128205128,0.021662245800176835,0.023872679045092837,0.00618921308576481,0.07780725022104333,0.018125552608311227,0.10963748894783377,0.009283819628647215,0.14412024756852343,0.2440318302387268,0.027851458885941646,0.010610079575596816,0.10035366931918656
0.13678211310828584,0.01446733888645331,0.00657606313020605,0.049539675580885574,0.021920210434020166,0.025427444103463395,0.004822446295484437,0.08198158702323542,0.017536168347216132,0.10960105217010083,0.008768084173608066,0.14028934677772906,0.24024550635686104,0.027181060938185005,0.01052170100832968,0.104340201665936
0.13544415127528583,0.014072119613016711,0.007036059806508356,0.04661389621811785,0.022867194371152155,0.025945470536499562,0.003518029903254178,0.07959542656112577,0.018469656992084433,0.10949868073878628,0.010114335971855761,0.13940193491644678,0.24582233948988566,0.025505716798592787,0.009674582233948988,0.10642040457343888
0.13371579876434245,0.01412180052956752,0.00706090026478376,0.04589585172109444,0.02118270079435128,0.027802294792586054,0.003089143865842895,0.08164165931156223,0.018976169461606355,0.10988526037069726,0.009708737864077669,0.13592233009708737,0.24669020300088262,0.02912621359223301,0.009708737864077669,0.10547219770520741
0.1336283185840708,0.012831858407079646,0.00752212389380531,0.04601769911504425,0.02256637168141593,0.02743362831858407,0.003097345132743363,0.07920353982300884,0.018584070796460177,0.11283185840707964,0.008849557522123894,0.13274336283185842,0.252212389380531,0.02743362831858407,0.011946902654867256,0.10309734513274336
0.1289612676056338,0.012764084507042254,0.007042253521126761,0.04665492957746479,0.02068661971830986,0.02640845070422535,0.0048415492957746475,0.07790492957746478,0.019806338028169015,0.10827464788732394,0.009242957746478873,0.13204225352112675,0.2579225352112676,0.03169014084507042,0.011443661971830986,0.10431338028169014
0.12614578786556088,0.012221737232649499,0.006983849847228284,0.04932343954604976,0.02138804015713662,0.029244871235268442,0.005674378000872981,0.07638585770405937,0.02138804015713662,0.11130510694020078,0.008293321693583587,0.12920122217372326,0.2562199912701877,0.030990833697075514,0.01178524661719773,0.10344827586206896
0.12856516015796401,0.012724879333040808,0.00614304519526108,0.04826678367705134,0.021939447125932425,0.030276437033786747,0.004387889425186486,0.07459412022817025,0.021939447125932425,0.11540149188240456,0.007459412022817025,0.12900394910048266,0.2540587977182975,0.031592803861342694,0.010969723562966213,0.10267661254936375
0.12958867757629366,0.0145953118089341,0.006191950464396285,0.04467049977885891,0.022998673153471916,0.029632905793896505,0.005749668288367979,0.06899601946041574,0.022556390977443608,0.11764705882352941,0.006634232640424591,0.1309155241043786,0.2556390977443609,0.030959752321981424,0.011499336576735958,0.1017249004865104
0.124281291463954,0.013710747456877488,0.005749668288367979,0.04467049977885891,0.022998673153471916,0.029632905793896505,0.005749668288367979,0.07386112339672711,0.021229544449358692,0.11057054400707651,0.007076514816452897,0.13003095975232198,0.2556390977443609,0.03582485625829279,0.01238390092879257,0.10659000442282177
0.12685265911072363,0.013513513513513514,0.0052310374891020054,0.043156059285091544,0.021795989537925022,0.02746294681778553,0.005666957279860506,0.07149084568439407,0.021795989537925022,0.11203138622493461,0.0074106364428945075,0.13251961639058413,0.25850043591979077,0.03443766346992153,0.012205754141238012,0.1059285091543156
0.1264266900790167,0.014047410008779631,0.004828797190517998,0.04741000877963126,0.0228270412642669,0.0276558384547849,0.004828797190517998,0.07155399473222125,0.02370500438981563,0.11106233538191396,0.007901668129938543,0.13257243195785778,0.2537313432835821,0.035996488147497806,0.012291483757682178,0.10316066725197541
0.12795793163891322,0.012708150744960562,0.0056967572304995615,0.04513584574934268,0.024101665205959685,0.027607361963190184,0.004820333041191937,0.06879929886064855,0.02322524101665206,0.10867659947414549,0.008764241893076249,0.13014899211218228,0.261612620508326,0.03418054338299737,0.011393514460999123,0.10517090271691498
0.12489044697633654,0.011393514460999123,0.006134969325153374,0.046012269938650305,0.02366345311130587,0.02673093777388256,0.0043821209465381246,0.06836108676599474,0.025416301489921123,0.10692375109553023,0.008326029798422436,0.13102541630148992,0.2633654688869413,0.035056967572304996,0.010078878177037686,0.10823838737949168
0.12938596491228072,0.010964912280701754,0.006578947368421052,0.04517543859649123,0.02324561403508772,0.02543859649122807,0.0043859649122807015,0.0662280701754386,0.02587719298245614,0.10657894736842105,0.007017543859649123,0.12982456140350876,0.2649122807017544,0.03640350877192983,0.010526315789473684,0.1074561403508772
0.12781954887218044,0.010614772224679346,0.005749668288367979,0.04599734630694383,0.022998673153471916,0.02830605926581159,0.005749668288367979,0.0654577620521893,0.0291906236178682,0.10437859354268023,0.007518796992481203,0.12339672711189739,0.26758071649712517,0.03759398496240601,0.008403361344537815,0.1092436974789916
0.13081650570676032,0.009657594381035996,0.0052677787532923615,0.046093064091308165,0.02502194907813872,0.02897278314310799,0.006145741878841089,0.06321334503950835,0.029411764705882353,0.10403863037752414,0.008340649692712906,0.1286215978928885,0.26514486391571557,0.03467954345917471,0.008340649692712906,0.10623353819139596
0.13060861839182586,0.009329187027987561,0.006219458018658374,0.047534429142603286,0.023989338071968014,0.03109729009329187,0.005775211017325633,0.06352732119058196,0.028876055086628164,0.10484229231452688,0.007996446023989337,0.1257219013771657,0.2683251888049756,0.03287427809862283,0.009329187027987561,0.1039537983118614
0.1331877729257642,0.010480349344978166,0.00611353711790393,0.049344978165938864,0.023580786026200874,0.031004366812227076,0.004366812227074236,0.06331877729257641,0.03187772925764192,0.10349344978165939,0.007423580786026201,0.1240174672489083,0.26375545851528387,0.03580786026200873,0.008296943231441048,0.10393013100436681
0.13162544169611307,0.012367491166077738,0.00530035335689046,0.045936395759717315,0.022968197879858657,0.03180212014134275,0.00441696113074205,0.062279151943462896,0.030918727915194347,0.1068904593639576,0.007508833922261484,0.12102473498233215,0.2698763250883392,0.03666077738515901,0.007508833922261484,0.10291519434628975
0.1301098901098901,0.011868131868131869,0.005714285714285714,0.04967032967032967,0.023736263736263738,0.033846153846153845,0.004835164835164835,0.0610989010989011,0.032527472527472526,0.10285714285714286,0.007032967032967033,0.12483516483516484,0.26681318681318683,0.03604395604395604,0.008351648351648353,0.10065934065934067
0.13538461538461538,0.01054945054945055,0.005714285714285714,0.04835164835164835,0.023736263736263738,0.033846153846153845,0.004835164835164835,0.05846153846153846,0.02989010989010989,0.09802197802197803,0.007032967032967033,0.12395604395604395,0.26989010989010986,0.037802197802197804,0.009230769230769232,0.10329670329670329
0.13026315789473683,0.010087719298245614,0.0061403508771929825,0.04824561403508772,0.02587719298245614,0.03333333333333333,0.005263157894736842,0.06403508771929825,0.03070175438596491,0.10043859649122808,0.006578947368421052,0.12850877192982457,0.262719298245614,0.03684210526315789,0.008771929824561403,0.10219298245614035
0.13374395072591289,0.010558732952045754,0.0061592608886933565,0.04487461504619446,0.028156621205455347,0.031236251649802024,0.005719313682358117,0.06291245050593929,0.029916410030796304,0.0963484381874175,0.005719313682358117,0.12802463704355477,0.27056753189617244,0.0365156181258249,0.009238891333040036,0.10030796304443466
0.13085339168490154,0.010940919037199124,0.0056892778993435445,0.044201312910284465,0.0262582056892779,0.030634573304157548,0.00525164113785558,0.062144420131291025,0.02888402625820569,0.10153172866520788,0.0056892778993435445,0.13041575492341356,0.27702407002188184,0.03457330415754924,0.009190371991247264,0.09671772428884026
0.13110426748790144,0.010118785745710514,0.0061592608886933565,0.04487461504619446,0.027276726792784867,0.025956885173779146,0.005279366476022877,0.06247250329960405,0.028596568411790584,0.1007479102507699,0.005719313682358117,0.12846458424989002,0.27936647602287723,0.0365156181258249,0.009238891333040036,0.09810822701275847
0.12657677250978686,0.010439321444106133,0.006089604175728578,0.04349717268377556,0.029143105698129623,0.0274032187907786,0.006089604175728578,0.06133101348412353,0.02827316224445411,0.0987385819921705,0.004784688995215311,0.1348412353197042,0.28447150935189214,0.034797738147020446,0.007394519356241845,0.09612875163114397
0.1297440423654016,0.011032656663724626,0.006619593998234775,0.04280670785525154,0.03000882612533098,0.027802294792586054,0.006619593998234775,0.06222418358340689,0.02736098852603707,0.09796999117387467,0.00529567519858782,0.13592233009708737,0.2736098852603707,0.038834951456310676,0.00794351279788173,0.09620476610767872
0.13345117101193107,0.011931064958020326,0.006628369421122404,0.047724259832081305,0.03049049933716306,0.024745912505523642,0.006628369421122404,0.06319045514803358,0.02695536897923111,0.10075121520106053,0.004860804242156429,0.1307998232434821,0.27220503756076003,0.035793194874060984,0.007954043305346884,0.0958904109589041
0.13114754098360656,0.011076650420912717,0.006202924235711121,0.05006645990252548,0.030128489144882586,0.026140894993354008,0.007975188303057155,0.061586176340274704,0.0256978289765175,0.09924678777137794,0.004873726185201595,0.1338059370846256,0.2751439964554719,0.038546743464776254,0.007975188303057155,0.09038546743464776
0.13406593406593406,0.011428571428571429,0.006153846153846154,0.04879120879120879,0.03032967032967033,0.025054945054945054,0.007912087912087912,0.06197802197802198,0.026373626373626374,0.09714285714285714,0.005714285714285714,0.1301098901098901,0.2742857142857143,0.037802197802197804,0.0074725274725274725,0.09538461538461539
0.13612334801762113,0.011894273127753305,0.0052863436123348016,0.05110132158590308,0.032158590308370046,0.024669603524229075,0.007488986784140969,0.06431718061674009,0.025991189427312777,0.0960352422907489,0.007488986784140969,0.12246696035242291,0.27268722466960355,0.03788546255506608,0.007929515418502203,0.09647577092511013
0.1391957578435705,0.011931064958020326,0.004860804242156429,0.05081749889527176,0.03314184710561202,0.024745912505523642,0.007954043305346884,0.06319045514803358,0.026513477684489615,0.09412284577993814,0.0057445868316394165,0.12196199734865223,0.2682280159080866,0.0415377817057004,0.009279717189571365,0.0967741935483871
0.13885180240320427,0.011125945705384957,0.005785491766800178,0.04717400979083222,0.03159768580329328,0.0267022696929239,0.0075656430796617715,0.059190031152647975,0.0267022696929239,0.08989764129951046,0.006675567423230975,0.12327547841566533,0.2772585669781931,0.040943480195816645,0.009790832220738763,0.09746328437917223
0.14085125054848618,0.010530934620447565,0.007459412022817025,0.040368582711715666,0.031154014918824045,0.02632733655111891,0.007020623080298377,0.060114085125054846,0.0298376480912681,0.09390083369899078,0.006581834137779728,0.12329969284774024,0.2738043001316367,0.03949100482667837,0.011408512505484861,0.09784993418165862
0.13990321161460625,0.009678838539375276,0.006599208095028597,0.04179498460184778,0.031236251649802024,0.028596568411790584,0.006599208095028597,0.05983282006159261,0.031236251649802024,0.09414870215574131,0.007039155301363837,0.11526616805983282,0.278926528816542,0.03915530136383634,0.010998680158380994,0.09898812142542895
0.14392605633802816,0.010123239436619719,0.007042253521126761,0.04533450704225352,0.03389084507042254,0.028609154929577465,0.007042253521126761,0.05765845070422535,0.02772887323943662,0.09463028169014084,0.006602112676056338,0.1131161971830986,0.2790492957746479,0.037411971830985914,0.01056338028169014,0.09727112676056338
0.1400709219858156,0.009308510638297872,0.007978723404255319,0.043882978723404256,0.034574468085106384,0.028812056737588652,0.00576241134751773,0.057624113475177305,0.0274822695035461,0.0975177304964539,0.0062056737588652485,0.1125886524822695,0.27925531914893614,0.03900709219858156,0.011081560283687944,0.09884751773049645
0.14247551202137132,0.010240427426536063,0.008459483526268923,0.04808548530721282,0.03695458593054319,0.028495102404274265,0.00578806767586821,0.05654496883348174,0.029385574354407838,0.09528049866429207,0.006678539626001781,0.11442564559216385,0.2773820124666073,0.04007123775601069,0.009349955476402494,0.09038290293855744
0.14650241970963485,0.010118785745710514,0.007919049714034315,0.046194456665200175,0.03519577650681918,0.029916410030796304,0.005279366476022877,0.055433347998240214,0.028156621205455347,0.10030796304443466,0.007039155301363837,0.11306643202815662,0.27232732072151344,0.04003519577650682,0.011878574571051475,0.09062912450505939
0.14591524683267804,0.010484927916120577,0.007426823940585408,0.04630843162953255,0.03800786369593709,0.03014416775884666,0.005242463958060288,0.05417212756662298,0.029707295762341632,0.1000436871996505,0.00655307994757536,0.1162079510703364,0.27304499781564,0.036260375709917,0.012232415902140673,0.08824814329401486
0.14907651715039577,0.010114335971855761,0.008795074758135445,0.0426561125769569,0.040457343887423045,0.02990325417766051,0.005277044854881266,0.05452946350043975,0.029463500439753737,0.10158311345646438,0.006596306068601583,0.11521547933157432,0.2726473175021988,0.03737906772207564,0.011873350923482849,0.08443271767810026
0.1446733888645331,0.009644892590968873,0.009644892590968873,0.04340201665935993,0.03857957036387549,0.031126698816308637,0.00526085050416484,0.053485313459009205,0.029811486190267425,0.10390179745725558,0.006137658921525646,0.10740903112669882,0.28233231039017975,0.03638754932047348,0.012713722051731697,0.08548882069267864
0.14456233421750664,0.008399646330680813,0.009283819628647215,0.04155614500442087,0.03669319186560566,0.03094606542882405,0.00618921308576481,0.050397877984084884,0.03094606542882405,0.10742705570291777,0.006631299734748011,0.10875331564986737,0.28691423519009723,0.038461538461538464,0.01237842617152962,0.08045977011494253
0.15367483296213807,0.009354120267260579,0.009354120267260579,0.0400890868596882,0.03652561247216036,0.030734966592427616,0.0066815144766146995,0.05033407572383074,0.028062360801781736,0.10378619153674833,0.0066815144766146995,0.1091314031180401,0.2873051224944321,0.03652561247216036,0.012472160356347439,0.07928730512249443
0.1534065934065934,0.009230769230769232,0.01054945054945055,0.03868131868131868,0.03912087912087912,0.02945054945054945,0.0074725274725274725,0.052307692307692305,0.029010989010989013,0.1054945054945055,0.007912087912087912,0.10505494505494506,0.2857142857142857,0.037802197802197804,0.011868131868131869,0.07692307692307693
0.15204936095196123,0.007933010136624064,0.0123402379903041,0.040546496253856326,0.03922432789775231,0.029528426619656236,0.006610841780520053,0.05509034817100044,0.02908770383428823,0.10268840899074483,0.00749228735125606,0.10709563684442486,0.28294402820625825,0.036579991185544294,0.012780960775672102,0.07800793301013663
0.15022222222222223,0.008444444444444444,0.011111111111111112,0.04133333333333333,0.04,0.032,0.0057777777777777775,0.051111111111111114,0.03155555555555556,0.09955555555555555,0.006666666666666667,0.11066666666666666,0.2862222222222222,0.03866666666666667,0.011111111111111112,0.07555555555555556
0.14701986754966886,0.009713024282560706,0.011037527593818985,0.040176600441501106,0.038410596026490065,0.03090507726269316,0.004856512141280353,0.051655629139072845,0.03399558498896247,0.10286975717439294,0.00706401766004415,0.10684326710816777,0.2869757174392936,0.039735099337748346,0.011479028697571744,0.0772626931567329
0.145953118089341,0.008845643520566122,0.011057054400707651,0.04201680672268908,0.03936311366651924,0.029632905793896505,0.005307386112339673,0.0513047324192835,0.03272888102609465,0.10039805395842548,0.006634232640424591,0.10526315789473684,0.29279080053073864,0.04024767801857585,0.008845643520566122,0.07961079168509509
0.14518257809062912,0.009238891333040036,0.010558732952045754,0.04223493180818302,0.039595248570171576,0.030356357237131544,0.0061592608886933565,0.05191377034755829,0.0343158820941487,0.10030796304443466,0.007039155301363837,0.10338759348878135,0.29080510338759347,0.04267487901451826,0.008798944126704795,0.0774307083150022
0.14518976169461606,0.007502206531332745,0.01059135039717564,0.04457193292144748,0.0441306266548985,0.03089143865842895,0.00617828773168579,0.04810238305383936,0.03574580759046778,0.0997352162400706,0.008384819064430714,0.10150044130626655,0.2886142983230362,0.041924095322153576,0.008384819064430714,0.07855251544571933
0.14038205242114615,0.006219458018658374,0.00888494002665482,0.04486894713460684,0.043980453131941356,0.03065304309195913,0.007552199022656597,0.046645935139937804,0.03598400710795202,0.1008440693025322,0.00888494002665482,0.10350955131052865,0.2927587738782763,0.043980453131941356,0.009329187027987561,0.07552199022656597
0.14291958041958042,0.006555944055944056,0.008741258741258742,0.046765734265734264,0.04414335664335664,0.02972027972027972,0.009178321678321678,0.04895104895104895,0.03277972027972028,0.09746503496503496,0.007867132867132868,0.10620629370629371,0.2893356643356643,0.04195804195804196,0.009178321678321678,0.07823426573426573
0.1431103234381923,0.006202924235711121,0.007089056269384138,0.04918032786885246,0.043420469649977846,0.02702702702702703,0.00974745237040319,0.047408063801506424,0.0358883473637572,0.09703145768719539,0.008418254319893664,0.10544971200708905,0.29419583517944176,0.0412051395657953,0.00930438635356668,0.07532122286220647
0.13964757709251102,0.0052863436123348016,0.007048458149779736,0.04537444933920705,0.044933920704845816,0.028634361233480177,0.009251101321585903,0.048458149779735685,0.03524229074889868,0.09251101321585903,0.007048458149779736,0.10440528634361233,0.3039647577092511,0.04229074889867841,0.007929515418502203,0.07797356828193833
0.13771929824561405,0.007017543859649123,0.006578947368421052,0.04429824561403509,0.0456140350877193,0.028070175438596492,0.009649122807017544,0.04780701754385965,0.038157894736842106,0.09078947368421053,0.007456140350877193,0.10833333333333334,0.3,0.04342105263157895,0.007017543859649123,0.0780701754385965
0.1318000884564352,0.010172490048651039,0.005749668288367979,0.043343653250773995,0.04467049977885891,0.02830605926581159,0.010172490048651039,0.0508624502432552,0.03715170278637771,0.09111012826183104,0.007076514816452897,0.10791685095090668,0.3011941618752764,0.04643962848297214,0.008403361344537815,0.07563025210084033
0.13593958240781875,0.010217681030653044,0.007107952021323856,0.043536206130608615,0.047534429142603286,0.02621057307863172,0.010217681030653044,0.05286539315859618,0.03509551310528654,0.09107063527321191,0.0053309640159928924,0.10306530430919592,0.30075521990226567,0.046645935139937804,0.008440693025322079,0.0759662372278987
0.13462384513858336,0.010558732952045754,0.008798944126704795,0.04487461504619446,0.04663440387153542,0.025956885173779146,0.009678838539375276,0.05499340079190497,0.032996040475142985,0.09106907171139464,0.005279366476022877,0.10162780466344039,0.3035635723713154,0.047074351077870655,0.008358996920369555,0.07391113066432028
0.1282952548330404,0.010105448154657293,0.008347978910369069,0.04964850615114236,0.04789103690685413,0.026362038664323375,0.008787346221441126,0.05711775043936731,0.035588752196836555,0.08699472759226713,0.006590509666080844,0.10193321616871705,0.29437609841827767,0.05184534270650264,0.010105448154657293,0.07601054481546574
0.12411971830985916,0.01056338028169014,0.009242957746478873,0.04929577464788732,0.04621478873239437,0.02596830985915493,0.009242957746478873,0.058538732394366196,0.03477112676056338,0.08582746478873239,0.007482394366197183,0.10255281690140845,0.30061619718309857,0.05149647887323944,0.011003521126760563,0.07306338028169014
0.12622222222222224,0.009333333333333334,0.008444444444444444,0.050666666666666665,0.04577777777777778,0.028888888888888888,0.008888888888888889,0.05466666666666667,0.036,0.08666666666666667,0.006666666666666667,0.104,0.2951111111111111,0.05422222222222222,0.009777777777777778,0.07466666666666667
0.127368884971353,0.011018069634200088,0.009255178492728075,0.05112384310268841,0.04495372410753636,0.029528426619656236,0.00881445570736007,0.05509034817100044,0.03922432789775231,0.0885852798589687,0.007051564565888057,0.09651828999559277,0.2996914940502424,0.05332745702952843,0.010136624063464082,0.06831203173204055
0.1232876712328767,0.011489173663278833,0.007954043305346884,0.05391073795846222,0.04595669465311533,0.028722934158197082,0.008837825894829872,0.054352629253203714,0.03667697746354397,0.08837825894829872,0.006628369421122404,0.10207688908528502,0.29871851524524967,0.05391073795846222,0.010163499779054353,0.068935041979673
