C_R,C_A,C_S,C_N,D_R,D_A,D_S,D_N,Oc_R,Oc_A,Oc_S,Oc_N,Od_R,Od_A,Od_S,Od_N
0.0,0.0,0.0,0.0,0.0,0.0,0.0,0.0,0.0,0.0,0.0,0.0,0.0,1.0,0.0,0.0
0.3333333333333333,0.0,0.0,0.0,0.0,0.0,0.0,0.0,0.0,0.0,0.0,0.0,0.0,0.6666666666666666,0.0,0.0
0.0,0.0,0.0,0.0,0.0,0.0,0.0,0.0,0.0,0.0,0.3333333333333333,0.0,0.0,0.6666666666666666,0.0,0.0
0.0,0.0,0.0,0.0,0.0,0.0,0.0,0.0,0.0,0.0,0.3333333333333333,0.0,0.0,0.6666666666666666,0.0,0.0
0.0,0.0,0.0,0.0,0.0,0.0,0.0,0.0,0.0,0.0,0.3333333333333333,0.16666666666666666,0.0,0.5,0.0,0.0
0.0,0.14285714285714285,0.0,0.0,0.0,0.0,0.0,0.0,0.0,0.0,0.2857142857142857,0.14285714285714285,0.0,0.42857142857142855,0.0,0.0
0.0,0.0,0.0,0.0,0.14285714285714285,0.0,0.0,0.0,0.0,0.0,0.2857142857142857,0.14285714285714285,0.0,0.42857142857142855,0.0,0.0
0.0,0.0,0.0,0.0,0.0,0.0,0.0,0.0,0.0,0.0,0.2857142857142857,0.14285714285714285,0.0,0.5714285714285714,0.0,0.0
0.0,0.0,0.0,0.0,0.0,0.0,0.0,0.0,0.0,0.0,0.4,0.0,0.0,0.6,0.0,0.0
0.0,0.0,0.16666666666666666,0.0,0.0,0.0,0.0,0.0,0.0,0.0,0.3333333333333333,0.0,0.0,0.5,0.0,0.0
0.0,0.0,0.125,0.0,0.0,0.0,0.0,0.0,0.0,0.0,0.25,0.0,0.125,0.5,0.0,0.0
0.0,0.0,0.14285714285714285,0.0,0.0,0.0,0.0,0.0,0.0,0.0,0.14285714285714285,0.0,0.14285714285714285,0.42857142857142855,0.0,0.14285714285714285
0.0,0.0,0.0,0.0,0.0,0.0,0.0,0.0,0.0,0.16666666666666666,0.0,0.0,0.16666666666666666,0.5,0.0,0.16666666666666666
0.0,0.0,0.0,0.0,0.0,0.0,0.0,0.0,0.0,0.2857142857142857,0.0,0.0,0.14285714285714285,0.42857142857142855,0.0,0.14285714285714285
0.0,0.0,0.0,0.0,0.0,0.0,0.0,0.0,0.0,0.25,0.0,0.125,0.125,0.375,0.0,0.125
0.0,0.0,0.0,0.0,0.0,0.0,0.0,0.0,0.0,0.1,0.0,0.1,0.2,0.4,0.0,0.2
0.0,0.0,0.0,0.0,0.0,0.0,0.0,0.0,0.0,0.1,0.0,0.1,0.2,0.4,0.0,0.2
0.0,0.0,0.0,0.0,0.0,0.0,0.0,0.0,0.0,0.15384615384615385,0.0,0.07692307692307693,0.23076923076923078,0.38461538461538464,0.0,0.15384615384615385
0.0,0.0,0.07142857142857142,0.0,0.0,0.0,0.0,0.0,0.0,0.14285714285714285,0.0,0.07142857142857142,0.2857142857142857,0.2857142857142857,0.0,0.14285714285714285
0.0,0.0,0.1111111111111111,0.0,0.0,0.0,0.0,0.0,0.0,0.1111111111111111,0.0,0.05555555555555555,0.3888888888888889,0.16666666666666666,0.05555555555555555,0.1111111111111111
0.0,0.0,0.1,0.0,0.0,0.05,0.0,0.0,0.0,0.1,0.0,0.05,0.5,0.1,0.05,0.05
0.0,0.0,0.047619047619047616,0.0,0.0,0.047619047619047616,0.0,0.0,0.0,0.09523809523809523,0.0,0.047619047619047616,0.5714285714285714,0.09523809523809523,0.047619047619047616,0.047619047619047616
0.0,0.0,0.03333333333333333,0.03333333333333333,0.0,0.03333333333333333,0.0,0.0,0.0,0.06666666666666667,0.0,0.03333333333333333,0.6333333333333333,0.1,0.03333333333333333,0.03333333333333333
0.0,0.0,0.02564102564102564,0.05128205128205128,0.02564102564102564,0.02564102564102564,0.0,0.0,0.0,0.10256410256410256,0.0,0.02564102564102564,0.6410256410256411,0.05128205128205128,0.02564102564102564,0.02564102564102564
0.0,0.0,0.02040816326530612,0.061224489795918366,0.02040816326530612,0.04081632653061224,0.0,0.0,0.0,0.10204081632653061,0.0,0.02040816326530612,0.6530612244897959,0.04081632653061224,0.02040816326530612,0.02040816326530612
0.0,0.0,0.015873015873015872,0.07936507936507936,0.031746031746031744,0.031746031746031744,0.0,0.0,0.0,0.06349206349206349,0.0,0.031746031746031744,0.6984126984126984,0.031746031746031744,0.015873015873015872,0.0
0.0,0.0,0.01282051282051282,0.11538461538461539,0.02564102564102564,0.02564102564102564,0.0,0.0,0.0,0.05128205128205128,0.0,0.038461538461538464,0.6794871794871795,0.038461538461538464,0.01282051282051282,0.0
0.0,0.0,0.021052631578947368,0.12631578947368421,0.031578947368421054,0.021052631578947368,0.031578947368421054,0.0,0.0,0.05263157894736842,0.0,0.021052631578947368,0.6526315789473685,0.031578947368421054,0.010526315789473684,0.0
0.0,0.0,0.009259259259259259,0.16666666666666666,0.037037037037037035,0.018518518518518517,0.027777777777777776,0.0,0.0,0.046296296296296294,0.0,0.027777777777777776,0.6203703703703703,0.027777777777777776,0.009259259259259259,0.009259259259259259
0.0,0.0,0.007751937984496124,0.17829457364341086,0.031007751937984496,0.015503875968992248,0.03875968992248062,0.0,0.0,0.03875968992248062,0.0,0.031007751937984496,0.6201550387596899,0.023255813953488372,0.007751937984496124,0.007751937984496124
0.0,0.0,0.006622516556291391,0.2052980132450331,0.019867549668874173,0.013245033112582781,0.026490066225165563,0.0,0.0,0.039735099337748346,0.0,0.026490066225165563,0.6291390728476821,0.019867549668874173,0.006622516556291391,0.006622516556291391
0.0,0.0,0.005780346820809248,0.2254335260115607,0.023121387283236993,0.011560693641618497,0.005780346820809248,0.0,0.0,0.028901734104046242,0.0,0.017341040462427744,0.6416184971098265,0.023121387283236993,0.011560693641618497,0.005780346820809248
0.005291005291005291,0.0,0.005291005291005291,0.2222222222222222,0.026455026455026454,0.015873015873015872,0.010582010582010581,0.0,0.0,0.026455026455026454,0.0,0.015873015873015872,0.6402116402116402,0.015873015873015872,0.010582010582010581,0.005291005291005291
0.004807692307692308,0.0,0.004807692307692308,0.23076923076923078,0.02403846153846154,0.009615384615384616,0.009615384615384616,0.004807692307692308,0.009615384615384616,0.02403846153846154,0.0,0.014423076923076924,0.625,0.019230769230769232,0.009615384615384616,0.009615384615384616
0.008771929824561403,0.0043859649122807015,0.0,0.2412280701754386,0.021929824561403508,0.008771929824561403,0.008771929824561403,0.008771929824561403,0.008771929824561403,0.021929824561403508,0.0,0.0043859649122807015,0.6228070175438597,0.017543859649122806,0.013157894736842105,0.008771929824561403
0.003875968992248062,0.0,0.0,0.24806201550387597,0.027131782945736434,0.007751937984496124,0.007751937984496124,0.007751937984496124,0.007751937984496124,0.01937984496124031,0.0,0.003875968992248062,0.6317829457364341,0.011627906976744186,0.015503875968992248,0.007751937984496124
0.007168458781362007,0.0,0.0,0.26523297491039427,0.02867383512544803,0.010752688172043012,0.010752688172043012,0.007168458781362007,0.010752688172043012,0.010752688172043012,0.0,0.007168458781362007,0.6057347670250897,0.014336917562724014,0.014336917562724014,0.007168458781362007
0.009523809523809525,0.0,0.0031746031746031746,0.26666666666666666,0.02857142857142857,0.009523809523809525,0.006349206349206349,0.009523809523809525,0.012698412698412698,0.009523809523809525,0.0,0.006349206349206349,0.6063492063492063,0.009523809523809525,0.012698412698412698,0.009523809523809525
0.014084507042253521,0.0,0.005633802816901409,0.2676056338028169,0.028169014084507043,0.008450704225352112,0.005633802816901409,0.008450704225352112,0.011267605633802818,0.005633802816901409,0.0028169014084507044,0.005633802816901409,0.6056338028169014,0.008450704225352112,0.014084507042253521,0.008450704225352112
0.017676767676767676,0.0,0.005050505050505051,0.2676767676767677,0.027777777777777776,0.007575757575757576,0.005050505050505051,0.007575757575757576,0.010101010101010102,0.005050505050505051,0.0025252525252525255,0.007575757575757576,0.6035353535353535,0.007575757575757576,0.015151515151515152,0.010101010101010102
0.022675736961451247,0.0022675736961451248,0.0045351473922902496,0.2743764172335601,0.024943310657596373,0.0045351473922902496,0.0045351473922902496,0.006802721088435374,0.009070294784580499,0.0045351473922902496,0.0022675736961451248,0.006802721088435374,0.5986394557823129,0.011337868480725623,0.013605442176870748,0.009070294784580499
0.0199203187250996,0.00199203187250996,0.00398406374501992,0.28087649402390436,0.02390438247011952,0.00597609561752988,0.00398406374501992,0.00597609561752988,0.00597609561752988,0.00398406374501992,0.00199203187250996,0.00597609561752988,0.6075697211155379,0.00796812749003984,0.0099601593625498,0.0099601593625498
0.024344569288389514,0.0018726591760299626,0.003745318352059925,0.299625468164794,0.024344569288389514,0.00749063670411985,0.003745318352059925,0.00749063670411985,0.00749063670411985,0.003745318352059925,0.0018726591760299626,0.003745318352059925,0.5823970037453183,0.0056179775280898875,0.009363295880149813,0.013108614232209739
0.03220338983050847,0.003389830508474576,0.003389830508474576,0.2983050847457627,0.023728813559322035,0.00847457627118644,0.005084745762711864,0.010169491525423728,0.006779661016949152,0.005084745762711864,0.001694915254237288,0.005084745762711864,0.5661016949152542,0.006779661016949152,0.010169491525423728,0.013559322033898305
0.040498442367601244,0.003115264797507788,0.003115264797507788,0.3068535825545171,0.020249221183800622,0.009345794392523364,0.004672897196261682,0.00778816199376947,0.00778816199376947,0.004672897196261682,0.001557632398753894,0.00778816199376947,0.5529595015576324,0.00778816199376947,0.00778816199376947,0.014018691588785047
0.047142857142857146,0.002857142857142857,0.002857142857142857,0.30857142857142855,0.017142857142857144,0.007142857142857143,0.004285714285714286,0.007142857142857143,0.008571428571428572,0.0,0.002857142857142857,0.01,0.5557142857142857,0.007142857142857143,0.004285714285714286,0.014285714285714285
0.05483028720626632,0.0039164490861618795,0.0026109660574412533,0.3093994778067885,0.014360313315926894,0.007832898172323759,0.0039164490861618795,0.006527415143603133,0.010443864229765013,0.0,0.0039164490861618795,0.009138381201044387,0.5469973890339426,0.007832898172323759,0.0039164490861618795,0.014360313315926894
0.06197854588796186,0.003575685339690107,0.0023837902264600714,0.3063170441001192,0.013110846245530394,0.007151370679380214,0.003575685339690107,0.007151370679380214,0.00834326579261025,0.0011918951132300357,0.004767580452920143,0.009535160905840286,0.5387365911799762,0.009535160905840286,0.0059594755661501785,0.0166865315852205
0.0706401766004415,0.0033112582781456954,0.002207505518763797,0.3090507726269316,0.011037527593818985,0.008830022075055188,0.0033112582781456954,0.005518763796909493,0.008830022075055188,0.0011037527593818985,0.006622516556291391,0.011037527593818985,0.5253863134657837,0.008830022075055188,0.006622516556291391,0.017660044150110375
0.07955689828801611,0.005035246727089627,0.002014098690835851,0.3162134944612286,0.012084592145015106,0.00906344410876133,0.0030211480362537764,0.006042296072507553,0.008056394763343404,0.002014098690835851,0.005035246727089627,0.00906344410876133,0.5095669687814703,0.007049345417925478,0.008056394763343404,0.01812688821752266
0.08614232209737828,0.0056179775280898875,0.003745318352059925,0.31647940074906367,0.013108614232209739,0.010299625468164793,0.0046816479400749065,0.0046816479400749065,0.008426966292134831,0.0018726591760299626,0.003745318352059925,0.009363295880149813,0.5,0.0056179775280898875,0.00749063670411985,0.018726591760299626
0.0960352422907489,0.006167400881057269,0.0026431718061674008,0.3198237885462555,0.010572687224669603,0.007929515418502203,0.0052863436123348016,0.004405286343612335,0.007929515418502203,0.0026431718061674008,0.003524229074889868,0.010572687224669603,0.4881057268722467,0.0052863436123348016,0.00881057268722467,0.02026431718061674
0.10130718954248366,0.007352941176470588,0.004084967320261438,0.32107843137254904,0.008169934640522876,0.006535947712418301,0.004901960784313725,0.0032679738562091504,0.008986928104575163,0.0032679738562091504,0.0024509803921568627,0.010620915032679739,0.4852941176470588,0.004901960784313725,0.008986928104575163,0.018790849673202614
0.1049808429118774,0.0053639846743295016,0.0038314176245210726,0.3157088122605364,0.009195402298850575,0.009195402298850575,0.006130268199233717,0.004597701149425287,0.00842911877394636,0.0053639846743295016,0.0038314176245210726,0.00996168582375479,0.4804597701149425,0.006130268199233717,0.009195402298850575,0.017624521072796936
0.10949963741841914,0.005076142131979695,0.0029006526468455403,0.3255982596084119,0.00870195794053662,0.00870195794053662,0.006526468455402465,0.005076142131979695,0.007976794778825236,0.005801305293691081,0.0029006526468455403,0.01015228426395939,0.4706308919506889,0.005076142131979695,0.00870195794053662,0.016678752719361856
0.11225188227241616,0.004791238877481177,0.0027378507871321013,0.3134839151266256,0.008213552361396304,0.009582477754962354,0.006160164271047228,0.004791238877481177,0.006844626967830253,0.007529089664613279,0.004791238877481177,0.007529089664613279,0.4811772758384668,0.004106776180698152,0.008213552361396304,0.01779603011635866
0.12322580645161291,0.003870967741935484,0.0032258064516129032,0.30838709677419357,0.00903225806451613,0.01032258064516129,0.005806451612903226,0.004516129032258065,0.0064516129032258064,0.0070967741935483875,0.005806451612903226,0.007741935483870968,0.4761290322580645,0.004516129032258065,0.0064516129032258064,0.017419354838709676
0.128,0.0043076923076923075,0.0036923076923076922,0.2990769230769231,0.006153846153846154,0.011076923076923076,0.00676923076923077,0.005538461538461538,0.004923076923076923,0.008,0.005538461538461538,0.00676923076923077,0.4787692307692308,0.004923076923076923,0.0073846153846153844,0.019076923076923078
0.1330166270783848,0.004156769596199525,0.0035629453681710215,0.29513064133016625,0.007719714964370546,0.011876484560570071,0.0059382422802850355,0.0029691211401425177,0.005344418052256532,0.00831353919239905,0.006532066508313539,0.006532066508313539,0.47802850356294535,0.0059382422802850355,0.006532066508313539,0.01840855106888361
0.13724373576309795,0.003986332574031891,0.003986332574031891,0.29214123006833714,0.009111617312072893,0.01082004555808656,0.005125284738041002,0.003416856492027335,0.005125284738041002,0.007972665148063782,0.006264236902050114,0.0056947608200455585,0.4755125284738041,0.006264236902050114,0.007972665148063782,0.0193621867881549
0.14837286265857694,0.00441257584114727,0.003861003861003861,0.2851627137341423,0.00882515168229454,0.012134583563154992,0.005515719801434087,0.0027578599007170436,0.005515719801434087,0.007722007722007722,0.004964147821290678,0.006618863761720904,0.47545504688361834,0.004964147821290678,0.005515719801434087,0.01820187534473249
0.14544485881726157,0.004262120404901438,0.004794885455514118,0.2797016515716569,0.006925945657964837,0.010655301012253596,0.005860415556739478,0.0037293553542887587,0.004262120404901438,0.009057005860415556,0.005327650506126798,0.006393180607352157,0.4848161960575386,0.004794885455514118,0.006925945657964837,0.017048481619605753
0.14727463312368974,0.0041928721174004195,0.0047169811320754715,0.28354297693920333,0.007861635220125786,0.009958071278825996,0.0047169811320754715,0.0047169811320754715,0.0041928721174004195,0.009433962264150943,0.005765199161425576,0.0047169811320754715,0.48165618448637315,0.0041928721174004195,0.006813417190775681,0.016247379454926623
0.14686384497705252,0.004589495155532891,0.004589495155532891,0.2855685874553799,0.008669046404895462,0.009688934217236104,0.004589495155532891,0.005099439061703213,0.00407955124936257,0.010198878123406425,0.005099439061703213,0.005099439061703213,0.479347271800102,0.00407955124936257,0.0071392146863844975,0.015298317185109638
0.14597815292949354,0.006454816285998014,0.005461767626613704,0.282025819265144,0.010923535253227408,0.011420059582919563,0.005461767626613704,0.004468718967229395,0.004468718967229395,0.011420059582919563,0.003475670307845084,0.003972194637537239,0.4771598808341609,0.004468718967229395,0.006951340615690168,0.015888778550148957
0.14551690347868693,0.006859382655560999,0.005879470847623714,0.2846643802057815,0.0102890739833415,0.011268985791278784,0.005879470847623714,0.004409603135717786,0.005389514943655071,0.0102890739833415,0.002449779519843214,0.002939735423811857,0.47770700636942676,0.004899559039686428,0.005879470847623714,0.01567858892699657
0.14717162032598274,0.007190795781399808,0.0052732502396931925,0.2857142857142857,0.00862895493767977,0.009587727708533078,0.0052732502396931925,0.004314477468839885,0.004314477468839885,0.010067114093959731,0.0019175455417066154,0.003355704697986577,0.48178331735378715,0.005752636625119847,0.005752636625119847,0.013902205177372963
0.14806165343297525,0.007940214852872489,0.005137786081270434,0.28538066324147593,0.008874357776739842,0.010275572162540868,0.005604857543204111,0.0037365716954694066,0.004203643157403083,0.010275572162540868,0.0009341429238673517,0.003269500233535731,0.48108360579168613,0.005604857543204111,0.005604857543204111,0.014012143858010275
0.15249537892791126,0.009704251386321626,0.005083179297597043,0.27911275415896486,0.009704251386321626,0.009242144177449169,0.005545286506469501,0.0036968576709796672,0.005083179297597043,0.009704251386321626,0.0009242144177449168,0.0036968576709796672,0.4810536044362292,0.006469500924214418,0.0046210720887245845,0.013863216266173753
0.150483202945237,0.008743672342383801,0.0036815462494247586,0.27795674183156927,0.008743672342383801,0.010124252185918085,0.005522319374137137,0.0032213529682466636,0.004601932811780948,0.011965025310630465,0.0009203865623561896,0.0041417395306028535,0.4832029452369995,0.005982512655315232,0.005982512655315232,0.014726184997699034
0.15363759602349752,0.009489380930863081,0.0031631269769543608,0.2792589245368278,0.0076818798011748755,0.009489380930863081,0.005422503389064619,0.0031631269769543608,0.004970628106642567,0.01174875734297334,0.0018075011296882061,0.0036150022593764122,0.4780840488025305,0.00587437867148667,0.00587437867148667,0.016719385449615907
0.151487826871055,0.010369702434625788,0.0036068530207394047,0.2750225428313796,0.007213706041478809,0.010820559062218215,0.0063119927862939585,0.0036068530207394047,0.005410279531109108,0.011722272317403066,0.0018034265103697023,0.0040577096483318306,0.48016230838593327,0.004959422903516681,0.007213706041478809,0.016230838593327322
0.14870881567230632,0.011130899376669634,0.004452359750667854,0.2773820124666073,0.007569011576135352,0.011130899376669634,0.00578806767586821,0.003116651825467498,0.005342831700801425,0.01157613535173642,0.002226179875333927,0.004897595725734639,0.4790739091718611,0.004452359750667854,0.006678539626001781,0.01647373107747106
0.1478494623655914,0.011200716845878136,0.00492831541218638,0.2728494623655914,0.006720430107526882,0.011648745519713262,0.00492831541218638,0.0035842293906810036,0.00492831541218638,0.011648745519713262,0.002688172043010753,0.004032258064516129,0.48476702508960573,0.005376344086021506,0.007168458781362007,0.01568100358422939
0.148479427549195,0.011627906976744186,0.004919499105545617,0.27057245080500897,0.009391771019677997,0.011180679785330949,0.004472271914132379,0.004025044722719142,0.004472271914132379,0.011627906976744186,0.0026833631484794273,0.004919499105545617,0.4847942754919499,0.005366726296958855,0.006708407871198569,0.014758497316636851
0.1462432915921288,0.011627906976744186,0.004025044722719142,0.2696779964221825,0.008944543828264758,0.0129695885509839,0.004472271914132379,0.004472271914132379,0.0035778175313059034,0.010286225402504472,0.0031305903398926656,0.005366726296958855,0.4870304114490161,0.006708407871198569,0.005366726296958855,0.016100178890876567
0.14203284509542832,0.011096316023080338,0.002663115845539281,0.2698624056813138,0.009320905459387484,0.01287172658677319,0.0039946737683089215,0.004438526409232135,0.003550821127385708,0.00887705281846427,0.003550821127385708,0.005770084332001775,0.4904571682201509,0.007545494895694629,0.006657789613848202,0.017310252996005325
0.14209591474245115,0.010657193605683837,0.003552397868561279,0.2642095914742451,0.010213143872113677,0.014209591474245116,0.005772646536412078,0.004884547069271759,0.003552397868561279,0.007992895204262877,0.003552397868561279,0.006216696269982238,0.48845470692717585,0.008436944937833037,0.007104795737122558,0.019094138543516874
0.14266784452296818,0.009275618374558304,0.0035335689045936395,0.2623674911660777,0.009717314487632508,0.014134275618374558,0.00530035335689046,0.005742049469964664,0.00441696113074205,0.007067137809187279,0.0035335689045936395,0.005742049469964664,0.48984098939929327,0.010159010600706713,0.007067137809187279,0.019434628975265017
0.14030384271671134,0.00938337801608579,0.004915102770330653,0.2609472743521001,0.010277033065236819,0.014745308310991957,0.004021447721179625,0.006255585344057194,0.004468275245755138,0.006702412868632708,0.0035746201966041107,0.00580875781948168,0.48927613941018766,0.010277033065236819,0.00804289544235925,0.02100089365504915
0.1421633554083885,0.009271523178807948,0.004856512141280353,0.2582781456953642,0.010596026490066225,0.01456953642384106,0.005298013245033113,0.005298013245033113,0.003973509933774834,0.006622516556291391,0.004415011037527594,0.006181015452538631,0.4891832229580574,0.011920529801324504,0.0075055187637969095,0.019867549668874173
0.14470169189670526,0.009795191451469279,0.00578806767586821,0.25512021371326804,0.010240427426536063,0.013802315227070348,0.00578806767586821,0.006233303650934996,0.004897595725734639,0.00578806767586821,0.004007123775601068,0.00578806767586821,0.4915405164737311,0.01157613535173642,0.007123775601068566,0.017809439002671415
0.1434878587196468,0.009713024282560706,0.006622516556291391,0.25739514348785875,0.008830022075055188,0.012803532008830023,0.006181015452538631,0.006622516556291391,0.004856512141280353,0.006622516556291391,0.003973509933774834,0.006622516556291391,0.4913907284768212,0.009713024282560706,0.006622516556291391,0.018543046357615896
0.14418398938522778,0.008845643520566122,0.008403361344537815,0.25961963732861565,0.008403361344537815,0.015037593984962405,0.007076514816452897,0.007076514816452897,0.003980539584254755,0.006634232640424591,0.003980539584254755,0.00796107916850951,0.4838567005749668,0.009730207872622734,0.006191950464396285,0.01901813356921716
0.14412416851441243,0.008869179600886918,0.008869179600886918,0.2545454545454545,0.008425720620842573,0.014190687361419069,0.007095343680709534,0.00753880266075388,0.0031042128603104213,0.00753880266075388,0.006208425720620843,0.008425720620842573,0.4878048780487805,0.010199556541019957,0.006208425720620843,0.016851441241685146
0.14450867052023122,0.007114273010226767,0.008892841262783458,0.2583370386838595,0.008448199199644287,0.01200533570475767,0.008448199199644287,0.008448199199644287,0.0035571365051133837,0.008892841262783458,0.006669630947087594,0.00755891507336594,0.4851044908848377,0.01067140951534015,0.006224988883948421,0.01511783014673188
0.14827890556045895,0.007502206531332745,0.0088261253309797,0.2559576345984113,0.007502206531332745,0.01147396293027361,0.007502206531332745,0.009267431597528684,0.00441306266548985,0.0088261253309797,0.00529567519858782,0.00794351279788173,0.48455428067078554,0.010150044130626656,0.00617828773168579,0.016328331862312445
0.1511013215859031,0.006607929515418502,0.00881057268722467,0.25066079295154187,0.007929515418502203,0.01013215859030837,0.007048458149779736,0.009251101321585903,0.005726872246696035,0.007488986784140969,0.005726872246696035,0.007488986784140969,0.4885462555066079,0.01013215859030837,0.006167400881057269,0.017180616740088105
0.15265486725663716,0.00663716814159292,0.008849557522123894,0.2584070796460177,0.007964601769911504,0.008849557522123894,0.006194690265486726,0.010619469026548672,0.005752212389380531,0.007964601769911504,0.005309734513274336,0.007964601769911504,0.48008849557522126,0.008407079646017699,0.00663716814159292,0.017699115044247787
0.15541740674955595,0.0066607460035523975,0.008436944937833037,0.24600355239786856,0.007548845470692718,0.008880994671403197,0.0066607460035523975,0.010657193605683837,0.006216696269982238,0.007992895204262877,0.0053285968028419185,0.007104795737122558,0.49067495559502666,0.009325044404973356,0.007104795737122558,0.015985790408525755
0.15263157894736842,0.007456140350877193,0.009210526315789473,0.24868421052631579,0.008333333333333333,0.009210526315789473,0.006578947368421052,0.010526315789473684,0.005701754385964913,0.008333333333333333,0.005263157894736842,0.008333333333333333,0.4899122807017544,0.009210526315789473,0.005701754385964913,0.014912280701754385
0.15394794883105425,0.0070577856197618,0.008381120423467137,0.24702249669166298,0.007498897220996913,0.00882223202470225,0.008381120423467137,0.012351124834583149,0.004852227613586237,0.007940008822232024,0.004852227613586237,0.0070577856197618,0.49404499338332597,0.008381120423467137,0.004852227613586237,0.014556682840758712
0.15079365079365079,0.007936507936507936,0.010141093474426807,0.23897707231040563,0.006613756613756613,0.009259259259259259,0.007936507936507936,0.01146384479717813,0.004409171075837742,0.007495590828924162,0.0048500881834215165,0.007495590828924162,0.5044091710758377,0.00837742504409171,0.0048500881834215165,0.014991181657848324
0.14425645592163847,0.008459483526268923,0.010240427426536063,0.24220837043633126,0.00578806767586821,0.011130899376669634,0.007123775601068566,0.012911843276936777,0.004897595725734639,0.008014247551202136,0.00578806767586821,0.007569011576135352,0.5031166518254675,0.010240427426536063,0.004897595725734639,0.013357079252003561
0.148576512455516,0.009341637010676156,0.010676156583629894,0.23576512455516013,0.004893238434163701,0.01112099644128114,0.0071174377224199285,0.012455516014234875,0.004893238434163701,0.00800711743772242,0.005782918149466192,0.00800711743772242,0.5057829181494662,0.010231316725978648,0.004893238434163701,0.012455516014234875
0.14917373827601607,0.009379187137114784,0.010719071013845467,0.23269316659222866,0.005806163465832961,0.012505582849486378,0.007592675301473872,0.012952210808396605,0.004912907548012505,0.007592675301473872,0.006252791424743189,0.007592675301473872,0.5046895935685574,0.01027244305493524,0.005806163465832961,0.01205895489057615
0.152753108348135,0.008436944937833037,0.010213143872113677,0.22513321492007105,0.005772646536412078,0.012877442273534635,0.007992895204262877,0.011989342806394316,0.005772646536412078,0.007104795737122558,0.0053285968028419185,0.007992895204262877,0.5102131438721137,0.011101243339253997,0.0053285968028419185,0.011989342806394316
0.14893617021276595,0.008421985815602837,0.008865248226950355,0.22606382978723405,0.00576241134751773,0.01374113475177305,0.0070921985815602835,0.011968085106382979,0.006648936170212766,0.0062056737588652485,0.004432624113475178,0.007978723404255319,0.5132978723404256,0.011968085106382979,0.0062056737588652485,0.012411347517730497
0.14933333333333335,0.008444444444444444,0.008,0.22533333333333333,0.006222222222222222,0.014222222222222223,0.0071111111111111115,0.011111111111111112,0.008444444444444444,0.006666666666666667,0.004888888888888889,0.0071111111111111115,0.5106666666666667,0.012444444444444444,0.006222222222222222,0.013777777777777778
0.1470719713902548,0.008493518104604381,0.008940545373267769,0.22798390701832813,0.00581135449262405,0.013410818059901655,0.006258381761287439,0.0116227089852481,0.008046490835940992,0.007152436298614216,0.00581135449262405,0.008046490835940992,0.5096110862762628,0.013410818059901655,0.006258381761287439,0.012069736253911488
0.14381420276909335,0.009379187137114784,0.01027244305493524,0.22286735149620365,0.006699419383653417,0.012505582849486378,0.006252791424743189,0.01205895489057615,0.007592675301473872,0.007592675301473872,0.005806163465832961,0.00982581509602501,0.5149620366234926,0.012505582849486378,0.006699419383653417,0.011165698972755694
0.14481236203090508,0.009713024282560706,0.011479028697571744,0.21810154525386313,0.006181015452538631,0.013245033112582781,0.006622516556291391,0.012362030905077263,0.00706401766004415,0.0075055187637969095,0.006622516556291391,0.008388520971302429,0.5169977924944812,0.012362030905077263,0.00706401766004415,0.011479028697571744
0.14450354609929078,0.00975177304964539,0.011081560283687944,0.2220744680851064,0.006648936170212766,0.012854609929078014,0.005319148936170213,0.011081560283687944,0.0062056737588652485,0.007978723404255319,0.0062056737588652485,0.009308510638297872,0.5137411347517731,0.01374113475177305,0.007535460992907801,0.011968085106382979
0.1461572634384718,0.007996446023989337,0.011994669035984007,0.22123500666370502,0.006219458018658374,0.01288316303864949,0.004886717014660151,0.009329187027987561,0.006219458018658374,0.00888494002665482,0.005775211017325633,0.00888494002665482,0.5144380275433141,0.01332741003998223,0.007996446023989337,0.013771657041314972
0.1443850267379679,0.008021390374331552,0.012477718360071301,0.21880570409982175,0.005793226381461676,0.012477718360071301,0.004901960784313725,0.008912655971479501,0.0071301247771836,0.007575757575757576,0.0053475935828877,0.009358288770053475,0.517379679144385,0.012923351158645277,0.008021390374331552,0.016488413547237075
0.14558366622281402,0.007989347536617843,0.012427873945849977,0.2237017310252996,0.005770084332001775,0.010208610741233911,0.007101642254771416,0.00887705281846427,0.006657789613848202,0.006657789613848202,0.005770084332001775,0.009320905459387484,0.5166444740346205,0.011096316023080338,0.007101642254771416,0.015090989791389259
0.14539795464650956,0.007114273010226767,0.011560693641618497,0.22676745220097821,0.005780346820809248,0.01067140951534015,0.00755891507336594,0.00755891507336594,0.008003557136505114,0.006224988883948421,0.006224988883948421,0.006669630947087594,0.5188972876834148,0.010226767452200978,0.006669630947087594,0.014673188083592708
0.1386796632698272,0.007089056269384138,0.011076650420912717,0.22419140451927339,0.004873726185201595,0.00974745237040319,0.008418254319893664,0.007975188303057155,0.007532122286220647,0.006202924235711121,0.00664599025254763,0.006202924235711121,0.5290208241027913,0.010633584404076208,0.0057598582188746125,0.01595037660611431
0.1447602131438721,0.007548845470692718,0.010213143872113677,0.22202486678507993,0.004884547069271759,0.008880994671403197,0.007992895204262877,0.007104795737122558,0.008436944937833037,0.005772646536412078,0.006216696269982238,0.007104795737122558,0.5257548845470693,0.011101243339253997,0.006216696269982238,0.015985790408525755
0.14666666666666667,0.0071111111111111115,0.009333333333333334,0.22844444444444445,0.005333333333333333,0.009333333333333334,0.008,0.008,0.008444444444444444,0.0057777777777777775,0.005333333333333333,0.008,0.5195555555555555,0.011111111111111112,0.005333333333333333,0.014222222222222223
0.14228367528991973,0.006690454950936664,0.007582515611061552,0.2256913470115968,0.007136485280999108,0.009812667261373774,0.006244424620874219,0.00847457627118644,0.007582515611061552,0.006244424620874219,0.006244424620874219,0.00847457627118644,0.5258697591436218,0.012042818911685994,0.004906333630686887,0.014719000892060661
0.14527629233511585,0.0071301247771836,0.0066844919786096255,0.22638146167557932,0.0071301247771836,0.008912655971479501,0.008021390374331552,0.008912655971479501,0.009358288770053475,0.0066844919786096255,0.006238859180035651,0.007575757575757576,0.5200534759358288,0.012032085561497326,0.0053475935828877,0.0142602495543672
0.14392605633802816,0.007482394366197183,0.007042253521126761,0.22315140845070422,0.007922535211267605,0.008802816901408451,0.007482394366197183,0.008362676056338027,0.009683098591549295,0.007482394366197183,0.006161971830985915,0.008362676056338027,0.522887323943662,0.01232394366197183,0.0044014084507042256,0.014524647887323943
0.14875666074600355,0.007104795737122558,0.006216696269982238,0.2202486678507993,0.008880994671403197,0.008880994671403197,0.007992895204262877,0.007548845470692718,0.011989342806394316,0.007992895204262877,0.005772646536412078,0.008436944937833037,0.5182060390763765,0.014209591474245116,0.004440497335701598,0.013321492007104795
0.14772224679345422,0.007518796992481203,0.006634232640424591,0.21892967713401149,0.008845643520566122,0.010614772224679346,0.008845643520566122,0.00796107916850951,0.010172490048651039,0.007518796992481203,0.004865103936311367,0.009287925696594427,0.518796992481203,0.014153029632905795,0.004865103936311367,0.013268465280849183
0.15143487858719648,0.006181015452538631,0.006622516556291391,0.21501103752759382,0.008388520971302429,0.011479028697571744,0.007947019867549669,0.008830022075055188,0.009271523178807948,0.0075055187637969095,0.006181015452538631,0.009271523178807948,0.5200883002207506,0.012803532008830023,0.004415011037527594,0.01456953642384106
0.15299823633156967,0.005731922398589065,0.008818342151675485,0.20899470899470898,0.007936507936507936,0.010582010582010581,0.007495590828924162,0.007936507936507936,0.010141093474426807,0.007936507936507936,0.006613756613756613,0.008818342151675485,0.5246913580246914,0.011904761904761904,0.004409171075837742,0.014991181657848324
0.15411868910540302,0.005757307351638618,0.00974313551815766,0.20682019486271036,0.007971656333038087,0.011957484499557131,0.0070859167404783,0.006643046944198406,0.009300265721877768,0.00841452612931798,0.006200177147918512,0.00974313551815766,0.524800708591674,0.012843224092116917,0.00354295837023915,0.015057573073516387
0.15508740475123264,0.004034065441506051,0.009861048857014791,0.20708202599731063,0.008516360376512775,0.010757507844016136,0.006723442402510085,0.006723442402510085,0.008516360376512775,0.007171671896010758,0.006723442402510085,0.008964589870013447,0.529359031824294,0.012102196324518153,0.003585835948005379,0.014791573285522188
0.154948499776086,0.006717420510523959,0.00850873264666368,0.20824003582624273,0.00850873264666368,0.010747872816838333,0.007165248544558889,0.006269592476489028,0.00761307657859382,0.00850873264666368,0.007165248544558889,0.010300044782803403,0.528884908195253,0.009852216748768473,0.004030452306314375,0.012539184952978056
0.1537777777777778,0.006666666666666667,0.008444444444444444,0.2048888888888889,0.007555555555555556,0.009777777777777778,0.008,0.0071111111111111115,0.0071111111111111115,0.008444444444444444,0.006222222222222222,0.010222222222222223,0.5351111111111111,0.008888888888888889,0.0044444444444444444,0.013333333333333334
0.15357301375943186,0.007101642254771416,0.006213936972924989,0.20772303595206393,0.007989347536617843,0.010208610741233911,0.008433200177541057,0.007545494895694629,0.007545494895694629,0.008433200177541057,0.007101642254771416,0.01154016866400355,0.5304039059032402,0.008433200177541057,0.004438526409232135,0.013315579227696404
0.1575189647478804,0.006693440428380187,0.0071396697902722,0.2030343596608657,0.0071396697902722,0.009817045961624275,0.007585899152164213,0.008032128514056224,0.008032128514056224,0.00892458723784025,0.0071396697902722,0.012048192771084338,0.5287817938420348,0.009817045961624275,0.0049085229808121375,0.013386880856760375
0.15670650730411687,0.00619743249225321,0.007082779991146525,0.1983178397521027,0.007082779991146525,0.01195219123505976,0.007525453740593183,0.008853474988933156,0.008853474988933156,0.009296148738379814,0.008410801239486499,0.010624169986719787,0.5316511730854361,0.009296148738379814,0.004426737494466578,0.013722886232846392
0.1601597160603372,0.006211180124223602,0.00709849157054126,0.19875776397515527,0.007985803016858917,0.009316770186335404,0.008873114463176575,0.007985803016858917,0.01020408163265306,0.007985803016858917,0.008429458740017746,0.011978704525288377,0.5279503105590062,0.009316770186335404,0.0044365572315882874,0.013309671694764862
0.1675531914893617,0.0062056737588652485,0.007535460992907801,0.19902482269503546,0.007535460992907801,0.009308510638297872,0.008421985815602837,0.009308510638297872,0.01152482269503546,0.0070921985815602835,0.008421985815602837,0.012411347517730497,0.5208333333333334,0.009308510638297872,0.0035460992907801418,0.011968085106382979
0.15953654188948307,0.0066844919786096255,0.008021390374331552,0.20053475935828877,0.0071301247771836,0.010249554367201427,0.0071301247771836,0.008912655971479501,0.012477718360071301,0.008467023172905526,0.008467023172905526,0.012477718360071301,0.5245098039215687,0.011140819964349376,0.004456327985739751,0.00980392156862745
0.16350496838301717,0.005871725383920506,0.008581752484191508,0.2009936766034327,0.005871725383920506,0.008581752484191508,0.006775067750677507,0.009485094850948509,0.012195121951219513,0.009485094850948509,0.0076784101174345075,0.013098464317976514,0.5203252032520326,0.011291779584462511,0.004968383017163505,0.011291779584462511
0.16143497757847533,0.0053811659192825115,0.008968609865470852,0.1959641255605381,0.005829596412556054,0.011659192825112108,0.006278026905829596,0.008968609865470852,0.01210762331838565,0.009865470852017937,0.007174887892376682,0.01390134529147982,0.5233183856502243,0.011210762331838564,0.0053811659192825115,0.012556053811659192
0.16199376947040497,0.005785491766800178,0.008900756564307966,0.19314641744548286,0.005785491766800178,0.012016021361815754,0.005785491766800178,0.010680907877169559,0.011125945705384957,0.009790832220738763,0.007120605251446373,0.01290609701824655,0.5260347129506008,0.010680907877169559,0.006230529595015576,0.012016021361815754
0.16467991169977925,0.006181015452538631,0.008830022075055188,0.19381898454746138,0.006181015452538631,0.011920529801324504,0.006181015452538631,0.011479028697571744,0.010596026490066225,0.011037527593818985,0.00706401766004415,0.013245033112582781,0.5200883002207506,0.009713024282560706,0.005739514348785872,0.013245033112582781
0.15978456014362658,0.0058348294434470375,0.008527827648114902,0.19210053859964094,0.004937163375224416,0.013016157989228007,0.0062836624775583485,0.013464991023339317,0.008976660682226212,0.012567324955116697,0.00718132854578097,0.012567324955116697,0.5237881508078994,0.012567324955116697,0.0062836624775583485,0.012118491921005385
0.16666666666666666,0.006648936170212766,0.00975177304964539,0.18617021276595744,0.005319148936170213,0.016400709219858155,0.006648936170212766,0.012854609929078014,0.009308510638297872,0.01152482269503546,0.006648936170212766,0.01374113475177305,0.5168439716312057,0.012411347517730497,0.0070921985815602835,0.011968085106382979
0.16166592028660995,0.005821764442454098,0.010300044782803403,0.18674429019256605,0.007165248544558889,0.01522615315718764,0.006717420510523959,0.012539184952978056,0.009404388714733543,0.012539184952978056,0.006269592476489028,0.013882669055082848,0.5176892073443797,0.014778325123152709,0.007165248544558889,0.012091356918943126
0.15325842696629213,0.005393258426966292,0.011235955056179775,0.18651685393258427,0.006741573033707865,0.015280898876404495,0.005842696629213483,0.014831460674157304,0.00943820224719101,0.012134831460674157,0.005393258426966292,0.012584269662921348,0.5285393258426966,0.015730337078651686,0.006292134831460674,0.010786516853932584
0.1561387900355872,0.005338078291814947,0.011565836298932384,0.1846085409252669,0.0071174377224199285,0.014679715302491103,0.006227758007117438,0.013345195729537367,0.009786476868327402,0.014234875444839857,0.005782918149466192,0.01201067615658363,0.5244661921708185,0.014679715302491103,0.00800711743772242,0.01201067615658363
0.15705412599822538,0.0048802129547471165,0.01020408163265306,0.18101153504880213,0.006654835847382431,0.015084294587400177,0.006211180124223602,0.013309671694764862,0.01020408163265306,0.01419698314108252,0.005323868677905945,0.012866015971606033,0.5292812777284827,0.013753327417923691,0.00709849157054126,0.012866015971606033
0.15603146853146854,0.004370629370629371,0.01048951048951049,0.18006993006993008,0.006993006993006993,0.016171328671328672,0.005244755244755245,0.013111888111888112,0.01048951048951049,0.013986013986013986,0.005681818181818182,0.010926573426573426,0.5336538461538461,0.012674825174825174,0.006993006993006993,0.013111888111888112
0.155011135857461,0.005790645879732739,0.009799554565701559,0.17728285077951003,0.005345211581291759,0.015590200445434299,0.0066815144766146995,0.013363028953229399,0.011135857461024499,0.012026726057906459,0.005790645879732739,0.010690423162583519,0.5385300668151448,0.013808463251670379,0.0066815144766146995,0.012472160356347439
0.15696649029982362,0.004409171075837742,0.00837742504409171,0.17680776014109348,0.0048500881834215165,0.016313932980599646,0.006613756613756613,0.013227513227513227,0.010141093474426807,0.014109347442680775,0.006613756613756613,0.010582010582010581,0.5401234567901234,0.012786596119929453,0.006613756613756613,0.01146384479717813
