C_R,C_A,C_S,C_N,D_R,D_A,D_S,D_N,Oc_R,Oc_A,Oc_S,Oc_N,Od_R,Od_A,Od_S,Od_N
1.0,0.0,0.0,0.0,0.0,0.0,0.0,0.0,0.0,0.0,0.0,0.0,0.0,0.0,0.0,0.0
0.5,0.0,0.0,0.0,0.0,0.0,0.0,0.0,0.5,0.0,0.0,0.0,0.0,0.0,0.0,0.0
0.3333333333333333,0.0,0.0,0.0,0.0,0.3333333333333333,0.0,0.0,0.3333333333333333,0.0,0.0,0.0,0.0,0.0,0.0,0.0
0.3333333333333333,0.0,0.0,0.0,0.0,0.5,0.0,0.0,0.16666666666666666,0.0,0.0,0.0,0.0,0.0,0.0,0.0
0.6666666666666666,0.0,0.0,0.0,0.0,0.16666666666666666,0.0,0.0,0.16666666666666666,0.0,0.0,0.0,0.0,0.0,0.0,0.0
0.8,0.0,0.0,0.0,0.0,0.2,0.0,0.0,0.0,0.0,0.0,0.0,0.0,0.0,0.0,0.0
0.7857142857142857,0.0,0.0,0.0,0.0,0.21428571428571427,0.0,0.0,0.0,0.0,0.0,0.0,0.0,0.0,0.0,0.0
0.8571428571428571,0.0,0.0,0.0,0.0,0.14285714285714285,0.0,0.0,0.0,0.0,0.0,0.0,0.0,0.0,0.0,0.0
0.8387096774193549,0.0,0.0,0.0,0.0,0.12903225806451613,0.0,0.0,0.0,0.0,0.03225806451612903,0.0,0.0,0.0,0.0,0.0
0.8780487804878049,0.0,0.0,0.0,0.0,0.0975609756097561,0.0,0.0,0.0,0.0,0.024390243902439025,0.0,0.0,0.0,0.0,0.0
0.8727272727272727,0.0,0.0,0.0,0.0,0.07272727272727272,0.0,0.0,0.0,0.0,0.01818181818181818,0.0,0.03636363636363636,0.0,0.0,0.0
0.8285714285714286,0.0,0.0,0.0,0.0,0.07142857142857142,0.014285714285714285,0.0,0.0,0.0,0.014285714285714285,0.0,0.05714285714285714,0.014285714285714285,0.0,0.0
0.8314606741573034,0.011235955056179775,0.0,0.0,0.0,0.056179775280898875,0.0,0.0,0.0,0.0,0.011235955056179775,0.0,0.07865168539325842,0.011235955056179775,0.0,0.0
0.8347826086956521,0.008695652173913044,0.0,0.0,0.0,0.043478260869565216,0.0,0.0,0.0,0.0,0.008695652173913044,0.0,0.09565217391304348,0.008695652173913044,0.0,0.0
0.8013245033112583,0.006622516556291391,0.0,0.0,0.0,0.046357615894039736,0.0,0.0,0.0,0.013245033112582781,0.006622516556291391,0.0,0.11920529801324503,0.006622516556291391,0.0,0.0
0.8055555555555556,0.0,0.0,0.0,0.0,0.044444444444444446,0.0,0.0,0.005555555555555556,0.005555555555555556,0.005555555555555556,0.0,0.12222222222222222,0.011111111111111112,0.0,0.0
0.7929515418502202,0.004405286343612335,0.0,0.0,0.0,0.048458149779735685,0.0,0.0,0.004405286343612335,0.004405286343612335,0.004405286343612335,0.0,0.13215859030837004,0.00881057268722467,0.0,0.0
0.7692307692307693,0.003663003663003663,0.0,0.003663003663003663,0.0,0.054945054945054944,0.0,0.0,0.003663003663003663,0.003663003663003663,0.003663003663003663,0.0,0.14652014652014653,0.01098901098901099,0.0,0.0
0.7522658610271903,0.0030211480362537764,0.0,0.006042296072507553,0.0,0.04229607250755287,0.0,0.0,0.0030211480362537764,0.0030211480362537764,0.0030211480362537764,0.0030211480362537764,0.1691842900302115,0.012084592145015106,0.0,0.0030211480362537764
0.712401055408971,0.005277044854881266,0.0,0.0079155672823219,0.0,0.044854881266490766,0.0,0.0,0.002638522427440633,0.005277044854881266,0.005277044854881266,0.002638522427440633,0.20052770448548812,0.010554089709762533,0.0,0.002638522427440633
0.6945054945054945,0.006593406593406593,0.0,0.01098901098901099,0.0,0.046153846153846156,0.004395604395604396,0.0,0.002197802197802198,0.004395604395604396,0.006593406593406593,0.004395604395604396,0.20659340659340658,0.01098901098901099,0.0,0.002197802197802198
0.6956521739130435,0.003780718336483932,0.0,0.00945179584120983,0.001890359168241966,0.04158790170132325,0.003780718336483932,0.0,0.0,0.003780718336483932,0.005671077504725898,0.007561436672967864,0.20982986767485823,0.013232514177693762,0.001890359168241966,0.001890359168241966
0.6649916247906198,0.0033500837520938024,0.0,0.01340033500837521,0.0,0.04355108877721943,0.005025125628140704,0.0016750418760469012,0.0,0.0033500837520938024,0.005025125628140704,0.006700167504187605,0.23115577889447236,0.01340033500837521,0.0016750418760469012,0.006700167504187605
0.6646971935007385,0.0029542097488921715,0.0014771048744460858,0.014771048744460856,0.0,0.03988183161004431,0.004431314623338257,0.0014771048744460858,0.0,0.004431314623338257,0.0029542097488921715,0.004431314623338257,0.23485967503692762,0.013293943870014771,0.0029542097488921715,0.007385524372230428
0.6636005256241787,0.002628120893561104,0.002628120893561104,0.017082785808147174,0.0,0.040735873850197106,0.002628120893561104,0.001314060446780552,0.001314060446780552,0.003942181340341655,0.002628120893561104,0.005256241787122208,0.22733245729303547,0.017082785808147174,0.002628120893561104,0.009198423127463863
0.6377491207502931,0.0023446658851113715,0.0023446658851113715,0.016412661195779603,0.0,0.03634232121922626,0.004689331770222743,0.0011723329425556857,0.0011723329425556857,0.0023446658851113715,0.0035169988276670576,0.004689331770222743,0.25791324736225085,0.017584994138335287,0.0023446658851113715,0.009378663540445486
0.6291891891891892,0.002162162162162162,0.002162162162162162,0.017297297297297298,0.0,0.04108108108108108,0.005405405405405406,0.002162162162162162,0.001081081081081081,0.002162162162162162,0.003243243243243243,0.004324324324324324,0.2572972972972973,0.018378378378378378,0.003243243243243243,0.010810810810810811
0.6274900398406374,0.0,0.00199203187250996,0.018924302788844622,0.00099601593625498,0.037848605577689244,0.0049800796812749,0.00298804780876494,0.00199203187250996,0.00199203187250996,0.00298804780876494,0.00398406374501992,0.26294820717131473,0.017928286852589643,0.00298804780876494,0.0099601593625498
0.6319129646418857,0.0009066183136899365,0.0009066183136899365,0.019945602901178604,0.001813236627379873,0.03626473254759746,0.004533091568449683,0.0027198549410698096,0.001813236627379873,0.001813236627379873,0.003626473254759746,0.003626473254759746,0.26201269265639165,0.015412511332728921,0.0027198549410698096,0.009972801450589302
0.630360205831904,0.0008576329331046312,0.0008576329331046312,0.018867924528301886,0.002572898799313894,0.030017152658662092,0.004288164665523156,0.005145797598627788,0.0017152658662092624,0.0017152658662092624,0.003430531732418525,0.003430531732418525,0.2658662092624357,0.016295025728987993,0.004288164665523156,0.010291595197255575
0.6309523809523809,0.002380952380952381,0.0007936507936507937,0.015873015873015872,0.002380952380952381,0.025396825396825397,0.005555555555555556,0.0031746031746031746,0.0031746031746031746,0.0,0.0031746031746031746,0.0031746031746031746,0.2706349206349206,0.018253968253968255,0.004761904761904762,0.010317460317460317
0.63448784082535,0.0029476787030213707,0.0007369196757553427,0.016212232866617538,0.0014738393515106854,0.021370670596904937,0.005158437730287398,0.0036845983787767134,0.0029476787030213707,0.0,0.004421518054532056,0.002210759027266028,0.26823876197494473,0.01989683124539425,0.004421518054532056,0.011790714812085483
0.6339915373765868,0.003526093088857546,0.0007052186177715092,0.01692524682651622,0.0028208744710860366,0.019746121297602257,0.005641748942172073,0.004231311706629055,0.003526093088857546,0.0,0.004231311706629055,0.0014104372355430183,0.26657263751763044,0.01904090267983075,0.005641748942172073,0.011988716502115656
0.6235138705416117,0.003963011889035667,0.0006605019815059445,0.0178335535006605,0.003963011889035667,0.02047556142668428,0.0033025099075297227,0.0059445178335535,0.005284015852047556,0.0,0.003963011889035667,0.001321003963011889,0.2714663143989432,0.021136063408190225,0.004623513870541612,0.012549537648612946
0.6183301946013811,0.003138731952291274,0.0012554927809165098,0.016321406151914627,0.003766478342749529,0.01820464532328939,0.003766478342749529,0.005021971123666039,0.005649717514124294,0.0012554927809165098,0.004394224733207784,0.0025109855618330196,0.2755806654111739,0.02322661644695543,0.005021971123666039,0.012554927809165096
0.6158861885002964,0.0035566093657379964,0.0017783046828689982,0.02074688796680498,0.004149377593360996,0.018375815056312982,0.0035566093657379964,0.005334914048606995,0.005334914048606995,0.0011855364552459987,0.0035566093657379964,0.004149377593360996,0.2703023117960877,0.026674570243034972,0.004742145820983995,0.01066982809721399
0.6101207590569293,0.002875215641173088,0.0023001725129384704,0.02127659574468085,0.0034502587694077054,0.016101207590569294,0.002875215641173088,0.005750431282346176,0.0040253018976423235,0.0011500862564692352,0.0034502587694077054,0.0040253018976423235,0.28004600345025876,0.027602070155261643,0.0063254744105807935,0.008625646923519264
0.6065934065934065,0.0032967032967032967,0.0027472527472527475,0.02032967032967033,0.0038461538461538464,0.014835164835164835,0.004395604395604396,0.006043956043956044,0.0032967032967032967,0.002197802197802198,0.002197802197802198,0.004945054945054945,0.2813186813186813,0.028021978021978023,0.007692307692307693,0.008241758241758242
0.6081932773109243,0.0021008403361344537,0.0026260504201680674,0.020483193277310924,0.003676470588235294,0.014705882352941176,0.003676470588235294,0.005252100840336135,0.0031512605042016808,0.0026260504201680674,0.0031512605042016808,0.005777310924369748,0.2757352941176471,0.031512605042016806,0.007352941176470588,0.009978991596638655
0.6068464730290456,0.0031120331950207467,0.0036307053941908715,0.01815352697095436,0.004149377593360996,0.013485477178423237,0.0036307053941908715,0.00466804979253112,0.004149377593360996,0.0031120331950207467,0.0036307053941908715,0.005186721991701245,0.27800829875518673,0.029564315352697094,0.007780082987551867,0.010892116182572614
0.6051961283749363,0.003565970453387672,0.004584819154355578,0.018848700967906265,0.004075394803871625,0.013754457463066735,0.004584819154355578,0.005094243504839531,0.005094243504839531,0.0025471217524197657,0.003565970453387672,0.0056036678553234845,0.2750891492613347,0.029037187977585328,0.006113092205807438,0.013245033112582781
0.6000998502246631,0.004992511233150275,0.005991013479780329,0.021467798302546182,0.003494757863205192,0.01347978032950574,0.0044932601098352475,0.00399400898652022,0.0054917623564653024,0.0024962556165751375,0.00399400898652022,0.005991013479780329,0.273589615576635,0.03145282076884673,0.0054917623564653024,0.01347978032950574
0.5864734299516908,0.005314009661835749,0.005797101449275362,0.021739130434782608,0.004347826086956522,0.013043478260869565,0.005797101449275362,0.004830917874396135,0.005797101449275362,0.0024154589371980675,0.004830917874396135,0.005797101449275362,0.2816425120772947,0.03140096618357488,0.00676328502415459,0.014009661835748793
0.591254752851711,0.005228136882129277,0.007129277566539924,0.019961977186311788,0.0042775665399239545,0.013307984790874524,0.005228136882129277,0.0042775665399239545,0.005228136882129277,0.002376425855513308,0.005703422053231939,0.005703422053231939,0.27519011406844107,0.03184410646387833,0.007129277566539924,0.016159695817490494
0.586141433317513,0.004271476032273375,0.007119126720455624,0.019933554817275746,0.005220692928334125,0.014238253440911248,0.005220692928334125,0.0033222591362126247,0.005220692928334125,0.0033222591362126247,0.006644518272425249,0.004746084480303749,0.2800189843379212,0.03132415757000474,0.005695301376364499,0.017560512577123873
0.5863013698630137,0.0045662100456621,0.005936073059360731,0.02054794520547945,0.005479452054794521,0.015068493150684932,0.00502283105022831,0.00228310502283105,0.005936073059360731,0.00410958904109589,0.00684931506849315,0.00502283105022831,0.27808219178082194,0.030136986301369864,0.005479452054794521,0.019178082191780823
0.5848007414272475,0.004170528266913809,0.006950880444856348,0.017608897126969416,0.006487488415199258,0.015291936978683966,0.004633920296570899,0.0018535681186283596,0.005097312326227989,0.0027803521779425394,0.006487488415199258,0.005560704355885079,0.2798887859128823,0.033364226135310475,0.006950880444856348,0.018072289156626505
0.578876404494382,0.005842696629213483,0.007640449438202248,0.019775280898876403,0.006741573033707865,0.018426966292134833,0.0035955056179775282,0.0017977528089887641,0.005842696629213483,0.002696629213483146,0.005842696629213483,0.006292134831460674,0.2782022471910112,0.031011235955056178,0.006741573033707865,0.020674157303370785
0.5771782397169394,0.005749668288367979,0.006634232640424591,0.020344980097302078,0.007076514816452897,0.016364440513047324,0.003980539584254755,0.0022114108801415304,0.005307386112339673,0.0035382574082264487,0.004865103936311367,0.004865103936311367,0.2848297213622291,0.03228659885006634,0.005307386112339673,0.019460415745245468
0.5760389036251106,0.004862953138815208,0.00618921308576481,0.021662245800176835,0.007515473032714412,0.01768346595932803,0.0035366931918656055,0.003094606542882405,0.005747126436781609,0.0035366931918656055,0.005305039787798408,0.005305039787798408,0.28470380194518125,0.028293545534924844,0.00618921308576481,0.020335985853227233
0.5790861159929701,0.0048330404217926184,0.006590509666080844,0.02328646748681898,0.007029876977152899,0.01845342706502636,0.003954305799648506,0.0035149384885764497,0.0057117750439367315,0.003954305799648506,0.0048330404217926184,0.0057117750439367315,0.27943760984182775,0.027680140597539545,0.0057117750439367315,0.020210896309314587
0.5706013363028953,0.005790645879732739,0.0062360801781737195,0.021380846325167038,0.0071269487750556795,0.018708240534521157,0.004454342984409799,0.004008908685968819,0.005345211581291759,0.004008908685968819,0.004008908685968819,0.005790645879732739,0.2873051224944321,0.027171492204899776,0.0071269487750556795,0.02093541202672606
0.5644090305444888,0.007082779991146525,0.006640106241699867,0.02257636122177955,0.007525453740593183,0.02080566622399292,0.004426737494466578,0.004426737494466578,0.005312084993359893,0.00398406374501992,0.005312084993359893,0.005754758742806552,0.28818061088977426,0.02611775121735281,0.007525453740593183,0.0199203187250996
0.5706666666666667,0.0071111111111111115,0.0057777777777777775,0.022222222222222223,0.0071111111111111115,0.018666666666666668,0.004888888888888889,0.004888888888888889,0.006666666666666667,0.0044444444444444444,0.006666666666666667,0.0057777777777777775,0.2862222222222222,0.02311111111111111,0.007555555555555556,0.018222222222222223
0.5649293286219081,0.00530035335689046,0.005742049469964664,0.022968197879858657,0.0066254416961130744,0.018551236749116608,0.005742049469964664,0.006183745583038869,0.005742049469964664,0.005742049469964664,0.007950530035335688,0.00530035335689046,0.2919611307420495,0.021643109540636044,0.0066254416961130744,0.018992932862190812
0.5649466192170819,0.005338078291814947,0.006227758007117438,0.023576512455516015,0.009341637010676156,0.016903914590747332,0.005782918149466192,0.006227758007117438,0.0066725978647686835,0.0066725978647686835,0.007562277580071174,0.005782918149466192,0.28647686832740216,0.02224199288256228,0.0066725978647686835,0.019572953736654804
0.5600533807829181,0.005338078291814947,0.0066725978647686835,0.025800711743772242,0.010231316725978648,0.016903914590747332,0.006227758007117438,0.006227758007117438,0.0066725978647686835,0.005338078291814947,0.0071174377224199285,0.004893238434163701,0.28825622775800713,0.022686832740213523,0.00800711743772242,0.019572953736654804
0.5578021978021978,0.005274725274725275,0.007912087912087912,0.026373626373626374,0.01010989010989011,0.015824175824175824,0.006153846153846154,0.005714285714285714,0.007912087912087912,0.004835164835164835,0.005714285714285714,0.007032967032967033,0.28835164835164834,0.025054945054945054,0.007032967032967033,0.018901098901098902
0.5505072783414203,0.005734450816056462,0.008381120423467137,0.02646669607410675,0.009704455227172474,0.014997794441993825,0.005734450816056462,0.004411116012351125,0.007940008822232024,0.005734450816056462,0.0061755624172915745,0.007498897220996913,0.2911336568151742,0.0282311424790472,0.007498897220996913,0.019850022055580063
0.5492341356673961,0.00700218818380744,0.0087527352297593,0.02888402625820569,0.007439824945295405,0.01487964989059081,0.004814004376367615,0.00525164113785558,0.0087527352297593,0.00525164113785558,0.00612691466083151,0.007439824945295405,0.29277899343544855,0.02800875273522976,0.008315098468271335,0.017067833698030634
0.5587062472308374,0.007532122286220647,0.008861320336730172,0.028799291094373063,0.007089056269384138,0.016836508639787327,0.005316792202038104,0.0057598582188746125,0.008861320336730172,0.004430660168365086,0.006202924235711121,0.008418254319893664,0.28311918475852904,0.024811696942844484,0.00664599025254763,0.01860877270713336
0.5493523894595802,0.007592675301473872,0.008932559178204555,0.028584189370254576,0.007592675301473872,0.01831174631531934,0.0044662795891022775,0.006252791424743189,0.006699419383653417,0.005359535506922733,0.005806163465832961,0.008932559178204555,0.28986154533273784,0.023671281822242072,0.006699419383653417,0.02188476998660116
0.5500886524822695,0.0062056737588652485,0.008421985815602837,0.03280141843971631,0.006648936170212766,0.017287234042553192,0.00576241134751773,0.006648936170212766,0.0070921985815602835,0.004875886524822695,0.00576241134751773,0.009308510638297872,0.28679078014184395,0.023936170212765957,0.0062056737588652485,0.022163120567375887
0.5514018691588785,0.005785491766800178,0.00801068090787717,0.03115264797507788,0.006675567423230975,0.017801513128615932,0.004450378282153983,0.006675567423230975,0.007120605251446373,0.005785491766800178,0.006230529595015576,0.009790832220738763,0.2897196261682243,0.021806853582554516,0.005785491766800178,0.021806853582554516
0.5570796460176991,0.005309734513274336,0.007079646017699115,0.03185840707964602,0.00663716814159292,0.017699115044247787,0.005309734513274336,0.007964601769911504,0.005752212389380531,0.005752212389380531,0.0048672566371681415,0.008849557522123894,0.28938053097345134,0.01902654867256637,0.005752212389380531,0.02168141592920354
0.5495849716033202,0.005242463958060288,0.009174311926605505,0.028833551769331587,0.0061162079510703364,0.01747487986020096,0.007426823940585408,0.009174311926605505,0.0061162079510703364,0.007426823940585408,0.005679335954565312,0.009174311926605505,0.2948885976408912,0.017911751856705984,0.0069899519440803845,0.018785495849716033
0.555506993006993,0.004807692307692308,0.008741258741258742,0.02972027972027972,0.006555944055944056,0.017045454545454544,0.00743006993006993,0.009615384615384616,0.005681818181818182,0.008741258741258742,0.005681818181818182,0.007867132867132868,0.2880244755244755,0.018356643356643356,0.006118881118881119,0.020104895104895104
0.5548699867783164,0.0057293962097840455,0.009255178492728075,0.02908770383428823,0.00749228735125606,0.01762891141472014,0.007051564565888057,0.010136624063464082,0.004407227853680035,0.007933010136624064,0.0057293962097840455,0.007051564565888057,0.2869105332745703,0.01762891141472014,0.007933010136624064,0.021154693697664168
0.5486450466459352,0.006219458018658374,0.009773434029320302,0.02798756108396268,0.007552199022656597,0.016437139049311416,0.007107952021323856,0.009773434029320302,0.006219458018658374,0.006219458018658374,0.006663705019991115,0.008440693025322079,0.2918702798756108,0.01776988005330964,0.00888494002665482,0.020435362061306087
0.5458553791887125,0.006613756613756613,0.008818342151675485,0.02821869488536155,0.00837742504409171,0.01675485008818342,0.006172839506172839,0.010582010582010581,0.007936507936507936,0.00837742504409171,0.007054673721340388,0.008818342151675485,0.28880070546737213,0.01895943562610229,0.008818342151675485,0.01984126984126984
0.5407572383073497,0.0062360801781737195,0.008463251670378619,0.028062360801781736,0.008463251670378619,0.01826280623608018,0.0062360801781737195,0.010244988864142539,0.0066815144766146995,0.009354120267260579,0.0071269487750556795,0.008908685968819599,0.29487750556792874,0.01826280623608018,0.008017817371937639,0.0200445434298441
0.541795665634675,0.007076514816452897,0.007076514816452897,0.0291906236178682,0.008845643520566122,0.015479876160990712,0.007518796992481203,0.008845643520566122,0.006191950464396285,0.008845643520566122,0.007518796992481203,0.009287925696594427,0.2963290579389651,0.01813356921716055,0.00796107916850951,0.019902697921273773
0.5479148181011535,0.006654835847382431,0.006211180124223602,0.03194321206743567,0.007985803016858917,0.012422360248447204,0.009316770186335404,0.008429458740017746,0.006654835847382431,0.006211180124223602,0.006211180124223602,0.01020408163265306,0.29591836734693877,0.01730257320319432,0.007985803016858917,0.018633540372670808
0.548882069267865,0.0070144673388864535,0.0070144673388864535,0.03419552827707146,0.00789127575624726,0.013590530469092503,0.008329679964927663,0.00657606313020605,0.006137658921525646,0.006137658921525646,0.00657606313020605,0.009644892590968873,0.29460762823323106,0.017536168347216132,0.00789127575624726,0.01797457255589654
0.5399461400359067,0.00763016157989228,0.0058348294434470375,0.032764811490125674,0.00718132854578097,0.013464991023339317,0.00807899461400359,0.00763016157989228,0.0058348294434470375,0.00718132854578097,0.006732495511669659,0.009874326750448833,0.3047576301615799,0.017953321364452424,0.00807899461400359,0.017055655296229804
0.5297513321492007,0.007992895204262877,0.0066607460035523975,0.03685612788632327,0.0066607460035523975,0.011545293072824156,0.009325044404973356,0.008436944937833037,0.006216696269982238,0.006216696269982238,0.007992895204262877,0.011101243339253997,0.30417406749555953,0.02264653641207815,0.007992895204262877,0.016429840142095916
0.5310283687943262,0.007978723404255319,0.008865248226950355,0.03546099290780142,0.0062056737588652485,0.012411347517730497,0.008421985815602837,0.008421985815602837,0.00576241134751773,0.0062056737588652485,0.007978723404255319,0.011081560283687944,0.30230496453900707,0.02171985815602837,0.007535460992907801,0.018617021276595744
0.5307114449845338,0.009279717189571365,0.007954043305346884,0.03623508616880247,0.0061864781263809105,0.012814847547503314,0.008837825894829872,0.008395934600088379,0.005302695536897923,0.0057445868316394165,0.007512152010605391,0.011489173663278833,0.3057887759611136,0.020326999558108707,0.007070260715863898,0.016349977905435263
0.5309187279151943,0.009717314487632508,0.007508833922261484,0.036219081272084806,0.0066254416961130744,0.012367491166077738,0.0088339222614841,0.007950530035335688,0.00530035335689046,0.007067137809187279,0.007950530035335688,0.009717314487632508,0.30697879858657245,0.021643109540636044,0.006183745583038869,0.015017667844522967
0.5301895107977083,0.009255178492728075,0.00749228735125606,0.035698545614808286,0.00749228735125606,0.013662406346408109,0.009695901278096077,0.007933010136624064,0.004847950639048039,0.007051564565888057,0.008373732921992068,0.009695901278096077,0.30498016747465845,0.02379903040987219,0.0057293962097840455,0.014103129131776113
0.5351614329942503,0.00796107916850951,0.006634232640424591,0.0367094206103494,0.00796107916850951,0.01238390092879257,0.009730207872622734,0.00796107916850951,0.005749668288367979,0.005749668288367979,0.007076514816452897,0.008845643520566122,0.3056169836355595,0.022998673153471916,0.005749668288367979,0.013710747456877488
0.5368328187031319,0.008381120423467137,0.0061755624172915745,0.03749448610498456,0.008381120423467137,0.012351124834583149,0.007498897220996913,0.007940008822232024,0.0061755624172915745,0.0066166740185266875,0.0066166740185266875,0.008381120423467137,0.30524922805469784,0.0211733568592854,0.007498897220996913,0.013233348037053375
0.5398423817863398,0.0074430823117338,0.0070052539404553416,0.040280210157618214,0.008318739054290718,0.013572679509632224,0.00788091068301226,0.008756567425569177,0.006129597197898424,0.006567425569176883,0.006567425569176883,0.008318739054290718,0.30122591943957966,0.021891418563922942,0.005691768826619965,0.010507880910683012
0.5408888888888889,0.006666666666666667,0.008,0.03955555555555555,0.008,0.012444444444444444,0.008,0.008444444444444444,0.006222222222222222,0.0071111111111111115,0.0071111111111111115,0.008444444444444444,0.3008888888888889,0.021333333333333333,0.006222222222222222,0.010666666666666666
0.5456965394853593,0.006654835847382431,0.006654835847382431,0.0417036379769299,0.008429458740017746,0.012422360248447204,0.008429458740017746,0.00709849157054126,0.005323868677905945,0.00709849157054126,0.0075421472937000885,0.008429458740017746,0.29547471162378,0.02085181898846495,0.006211180124223602,0.011978704525288377
0.5447728275253639,0.0070577856197618,0.0066166740185266875,0.04058226731363035,0.008381120423467137,0.011468901632112925,0.007498897220996913,0.007940008822232024,0.00529333921482135,0.0070577856197618,0.007940008822232024,0.00882223202470225,0.29863255403617117,0.01940891045434495,0.007498897220996913,0.011027790030877812
0.5474835886214442,0.00612691466083151,0.007439824945295405,0.04026258205689278,0.007439824945295405,0.01225382932166302,0.007439824945295405,0.007439824945295405,0.004814004376367615,0.008315098468271335,0.00787746170678337,0.009190371991247264,0.29846827133479215,0.018380743982494528,0.007439824945295405,0.00962800875273523
0.5431338028169014,0.005721830985915493,0.006161971830985915,0.04181338028169014,0.007922535211267605,0.011443661971830986,0.008362676056338027,0.008802816901408451,0.0048415492957746475,0.008362676056338027,0.007482394366197183,0.011003521126760563,0.30149647887323944,0.017605633802816902,0.006602112676056338,0.009242957746478873
0.5466666666666666,0.0057777777777777775,0.0071111111111111115,0.04488888888888889,0.007555555555555556,0.009777777777777778,0.009333333333333334,0.009777777777777778,0.004,0.008444444444444444,0.008444444444444444,0.011555555555555555,0.2951111111111111,0.017333333333333333,0.0057777777777777775,0.008444444444444444
0.5433140826299423,0.006663705019991115,0.007996446023989337,0.043980453131941356,0.007996446023989337,0.009329187027987561,0.009329187027987561,0.009773434029320302,0.003998223011994669,0.007996446023989337,0.009329187027987561,0.01332741003998223,0.29498000888494,0.016437139049311416,0.006663705019991115,0.00888494002665482
0.5376817981489643,0.008373732921992068,0.00881445570736007,0.045835169678272364,0.00749228735125606,0.009255178492728075,0.010136624063464082,0.009695901278096077,0.004407227853680035,0.008373732921992068,0.009255178492728075,0.014543851917144116,0.2966064345526664,0.014103129131776113,0.006610841780520053,0.00881445570736007
0.5346578366445917,0.008830022075055188,0.008388520971302429,0.045033112582781455,0.00706401766004415,0.007947019867549669,0.011037527593818985,0.011037527593818985,0.004415011037527594,0.009271523178807948,0.009713024282560706,0.01456953642384106,0.2988962472406181,0.01456953642384106,0.005739514348785872,0.008830022075055188
0.532399299474606,0.008318739054290718,0.00788091068301226,0.04597197898423818,0.0074430823117338,0.008756567425569177,0.008318739054290718,0.010507880910683012,0.005691768826619965,0.010070052539404553,0.008756567425569177,0.01576182136602452,0.30166374781085814,0.014448336252189142,0.005691768826619965,0.008318739054290718
0.5269434628975265,0.009717314487632508,0.007508833922261484,0.04549469964664311,0.007508833922261484,0.008392226148409895,0.007508833922261484,0.01060070671378092,0.006183745583038869,0.01060070671378092,0.009275618374558304,0.015459363957597174,0.30079505300353354,0.018551236749116608,0.00530035335689046,0.010159010600706713
0.531305114638448,0.010141093474426807,0.007495590828924162,0.04144620811287478,0.007495590828924162,0.007936507936507936,0.007054673721340388,0.011904761904761904,0.006613756613756613,0.012345679012345678,0.00837742504409171,0.015873015873015872,0.2967372134038801,0.017195767195767195,0.005291005291005291,0.012786596119929453
0.5289694825298541,0.010172490048651039,0.006634232640424591,0.039805395842547546,0.007076514816452897,0.00796107916850951,0.00796107916850951,0.013710747456877488,0.006191950464396285,0.011057054400707651,0.008845643520566122,0.013710747456877488,0.2998673153471915,0.01901813356921716,0.006634232640424591,0.01238390092879257
0.5321869488536155,0.010141093474426807,0.007054673721340388,0.04056437389770723,0.007495590828924162,0.009259259259259259,0.007495590828924162,0.010582010582010581,0.005731922398589065,0.008818342151675485,0.009259259259259259,0.014991181657848324,0.30070546737213405,0.015873015873015872,0.007054673721340388,0.012786596119929453
0.5253863134657837,0.010154525386313467,0.00706401766004415,0.039735099337748346,0.007947019867549669,0.009271523178807948,0.006622516556291391,0.010596026490066225,0.004856512141280353,0.008830022075055188,0.009271523178807948,0.0141280353200883,0.30816777041942606,0.017218543046357615,0.006622516556291391,0.0141280353200883
0.5267580716497126,0.009730207872622734,0.007076514816452897,0.04113224237063246,0.00796107916850951,0.009730207872622734,0.007076514816452897,0.009730207872622734,0.004865103936311367,0.008403361344537815,0.007076514816452897,0.014153029632905795,0.3087129588677576,0.016364440513047324,0.007076514816452897,0.014153029632905795
0.5216240070609003,0.009708737864077669,0.00706090026478376,0.0410414827890556,0.00794351279788173,0.01235657546337158,0.006619593998234775,0.0088261253309797,0.00441306266548985,0.008384819064430714,0.00706090026478376,0.01500441306266549,0.31288614298323036,0.017210944395410415,0.00706090026478376,0.012797881729920565
0.5179666958808063,0.008764241893076249,0.007011393514460999,0.04513584574934268,0.007449605609114811,0.012269938650306749,0.007011393514460999,0.009640666082383873,0.0052585451358457495,0.009202453987730062,0.007011393514460999,0.015337423312883436,0.31156879929886067,0.015775635407537247,0.006573181419807186,0.014022787028921999
0.516614975631369,0.008418254319893664,0.007089056269384138,0.046964997784669914,0.00664599025254763,0.011962782454585734,0.007532122286220647,0.0101905183872397,0.005316792202038104,0.008861320336730172,0.007089056269384138,0.015507310589277802,0.31191847585290206,0.015064244572441293,0.006202924235711121,0.014621178555604785
0.5164152617568767,0.00709849157054126,0.00709849157054126,0.04702750665483585,0.00709849157054126,0.011978704525288377,0.008873114463176575,0.009316770186335404,0.0048802129547471165,0.011091393078970719,0.0075421472937000885,0.01419698314108252,0.3136645962732919,0.014640638864241348,0.005323868677905945,0.013753327417923691
0.514524647887324,0.006161971830985915,0.007042253521126761,0.04841549295774648,0.007482394366197183,0.01232394366197183,0.010123239436619719,0.009683098591549295,0.0044014084507042256,0.011003521126760563,0.007482394366197183,0.014524647887323943,0.31294014084507044,0.014524647887323943,0.005721830985915493,0.013644366197183098
0.5157010172490049,0.005307386112339673,0.006191950464396285,0.047766475011057054,0.007518796992481203,0.011941618752764263,0.010172490048651039,0.010614772224679346,0.005307386112339673,0.011941618752764263,0.006634232640424591,0.014153029632905795,0.31048208757187085,0.01592215833701902,0.005307386112339673,0.015037593984962405
0.5154185022026432,0.008370044052863436,0.005726872246696035,0.04581497797356828,0.0052863436123348016,0.01145374449339207,0.01145374449339207,0.010572687224669603,0.006607929515418502,0.009691629955947136,0.006607929515418502,0.013656387665198238,0.3145374449339207,0.015418502202643172,0.0052863436123348016,0.014096916299559472
0.5158730158730159,0.009259259259259259,0.005731922398589065,0.045414462081128745,0.0048500881834215165,0.010141093474426807,0.012345679012345678,0.010582010582010581,0.007936507936507936,0.01146384479717813,0.006172839506172839,0.013227513227513227,0.31084656084656087,0.016313932980599646,0.006172839506172839,0.013668430335097001
0.5166083916083916,0.01048951048951049,0.005681818181818182,0.04632867132867133,0.006118881118881119,0.0118006993006993,0.01048951048951049,0.010052447552447552,0.008741258741258742,0.011363636363636364,0.005244755244755245,0.01486013986013986,0.3081293706293706,0.015297202797202798,0.005244755244755245,0.013548951048951048
0.5153105861767279,0.010498687664041995,0.006561679790026247,0.048556430446194225,0.008311461067366578,0.01268591426071741,0.010936132983377077,0.010936132983377077,0.007874015748031496,0.010498687664041995,0.004374453193350831,0.014873140857392825,0.3022747156605424,0.016622922134733157,0.005249343832020997,0.014435695538057743
0.5095006628369421,0.009721608484312859,0.006628369421122404,0.047724259832081305,0.009279717189571365,0.011931064958020326,0.010163499779054353,0.011489173663278833,0.007954043305346884,0.010605391073795847,0.003535130357931949,0.01723376049491825,0.30976579761378703,0.015024304021210782,0.004860804242156429,0.014582412726469289
0.5128205128205128,0.009283819628647215,0.007073386383731211,0.04907161803713528,0.010167992926613616,0.011936339522546418,0.009283819628647215,0.011936339522546418,0.007073386383731211,0.010167992926613616,0.0035366931918656055,0.016799292661361626,0.3037135278514589,0.016357206012378427,0.004420866489832007,0.016357206012378427
0.513548951048951,0.009615384615384616,0.007867132867132868,0.046765734265734264,0.010926573426573426,0.012237762237762238,0.008304195804195804,0.012674825174825174,0.006118881118881119,0.009615384615384616,0.0034965034965034965,0.015734265734265736,0.30594405594405594,0.016171328671328672,0.004370629370629371,0.016608391608391608
0.5126498002663116,0.009320905459387484,0.007989347536617843,0.04571682201509099,0.010208610741233911,0.01287172658677319,0.007989347536617843,0.013315579227696404,0.005770084332001775,0.010652463382157125,0.004438526409232135,0.015534842432312472,0.30803373280071017,0.015534842432312472,0.004438526409232135,0.015534842432312472
0.5045751633986928,0.009150326797385621,0.00784313725490196,0.048801742919389976,0.009586056644880174,0.013071895424836602,0.007407407407407408,0.01568627450980392,0.006100217864923747,0.010021786492374727,0.00522875816993464,0.016122004357298474,0.3111111111111111,0.016122004357298474,0.004357298474945534,0.014814814814814815
0.500658183413778,0.008336989907854322,0.007459412022817025,0.04826678367705134,0.009653356735410267,0.013163668275559455,0.007898200965335674,0.016673979815708645,0.007459412022817025,0.009653356735410267,0.004387889425186486,0.016235190873189996,0.3119789381307591,0.017990346643264588,0.003949100482667837,0.016235190873189996
0.5035242290748899,0.00881057268722467,0.007048458149779736,0.04933920704845815,0.008370044052863436,0.014977973568281937,0.00881057268722467,0.015418502202643172,0.007929515418502203,0.01013215859030837,0.004405286343612335,0.014977973568281937,0.30881057268722467,0.017180616740088105,0.004405286343612335,0.015859030837004406
0.502208480565371,0.007067137809187279,0.007508833922261484,0.05079505300353357,0.007508833922261484,0.013692579505300354,0.009717314487632508,0.015901060070671377,0.007508833922261484,0.011925795053003533,0.00530035335689046,0.015017667844522967,0.3052120141342756,0.018109540636042403,0.005742049469964664,0.01678445229681979
0.49732620320855614,0.0071301247771836,0.007575757575757576,0.049019607843137254,0.007575757575757576,0.015151515151515152,0.009358288770053475,0.016488413547237075,0.0071301247771836,0.011140819964349376,0.0053475935828877,0.013814616755793227,0.31194295900178254,0.017379679144385027,0.005793226381461676,0.017825311942959002
0.4966858152894388,0.007070260715863898,0.008395934600088379,0.047724259832081305,0.007512152010605391,0.015908086610693768,0.009721608484312859,0.016791869200176758,0.007512152010605391,0.011489173663278833,0.0057445868316394165,0.015466195315952275,0.3093239063190455,0.01723376049491825,0.004860804242156429,0.01855943437914273
0.5028496273564226,0.007452871547566856,0.007452871547566856,0.04690925032880316,0.008329679964927663,0.01578255151249452,0.009644892590968873,0.01709776413853573,0.00657606313020605,0.010960105217010083,0.006137658921525646,0.013590530469092503,0.30995177553704517,0.014028934677772907,0.004822446295484437,0.01841297676457694
0.4995606326889279,0.006590509666080844,0.008347978910369069,0.05228471001757469,0.008787346221441126,0.015817223198594025,0.008787346221441126,0.01757469244288225,0.007029876977152899,0.011423550087873463,0.005272407732864675,0.012302284710017574,0.30887521968365556,0.014499121265377855,0.0048330404217926184,0.018014059753954304
0.49537241075363597,0.008373732921992068,0.009695901278096077,0.05244601145879242,0.00749228735125606,0.014103129131776113,0.00881445570736007,0.01630674305861613,0.007933010136624064,0.0123402379903041,0.0057293962097840455,0.013662406346408109,0.3137946231820185,0.012780960775672102,0.004847950639048039,0.01630674305861613
0.4942477876106195,0.007964601769911504,0.010176991150442478,0.05442477876106195,0.007079646017699115,0.01415929203539823,0.00752212389380531,0.016371681415929203,0.009292035398230088,0.010176991150442478,0.005309734513274336,0.012389380530973451,0.3141592920353982,0.01415929203539823,0.005309734513274336,0.017256637168141593
0.49067495559502666,0.007548845470692718,0.011989342806394316,0.056838365896980464,0.0066607460035523975,0.015097690941385435,0.009769094138543518,0.015541740674955595,0.008880994671403197,0.011989342806394316,0.004440497335701598,0.014209591474245116,0.30817051509769094,0.014653641207815276,0.005772646536412078,0.017761989342806393
0.4962002682163612,0.008493518104604381,0.0116227089852481,0.057219490388913725,0.006258381761287439,0.016987036209208762,0.008940545373267769,0.018328118015198926,0.008940545373267769,0.012069736253911488,0.005364327223960662,0.012963790791238265,0.30040232454179705,0.013410818059901655,0.006258381761287439,0.016540008940545373
0.4948545861297539,0.008948545861297539,0.011185682326621925,0.05592841163310962,0.004921700223713647,0.016554809843400447,0.009843400447427294,0.015659955257270694,0.008948545861297539,0.011633109619686801,0.0058165548098434005,0.012080536912751677,0.30827740492170025,0.012527964205816556,0.006711409395973154,0.016107382550335572
0.49094122845779936,0.010163499779054353,0.009721608484312859,0.06098099867432612,0.004860804242156429,0.015466195315952275,0.008837825894829872,0.013256738842244807,0.008837825894829872,0.014582412726469289,0.006628369421122404,0.013256738842244807,0.30623066725585507,0.011931064958020326,0.007512152010605391,0.016791869200176758
0.49292661361626877,0.010610079575596816,0.009283819628647215,0.0592396109637489,0.003978779840848806,0.017241379310344827,0.007073386383731211,0.01282051282051282,0.008841732979664015,0.014146772767462422,0.00618921308576481,0.014146772767462422,0.3045977011494253,0.013262599469496022,0.007957559681697613,0.01768346595932803
0.4925893635571055,0.010462074978204011,0.009154315605928508,0.05928509154315606,0.003923278116826504,0.017000871839581516,0.0074106364428945075,0.014385353095030515,0.009154315605928508,0.015693112467306015,0.0052310374891020054,0.012641673931996512,0.3020924149956408,0.014385353095030515,0.0074106364428945075,0.01918047079337402
0.493859649122807,0.010087719298245614,0.009210526315789473,0.06140350877192982,0.0035087719298245615,0.017543859649122806,0.007017543859649123,0.012280701754385965,0.009649122807017544,0.015789473684210527,0.0061403508771929825,0.012719298245614035,0.30087719298245613,0.015350877192982455,0.006578947368421052,0.017982456140350878
0.48747252747252745,0.00967032967032967,0.008791208791208791,0.06021978021978022,0.003956043956043956,0.017142857142857144,0.007912087912087912,0.011868131868131869,0.01010989010989011,0.014505494505494506,0.006593406593406593,0.013626373626373627,0.3098901098901099,0.014065934065934066,0.007032967032967033,0.017142857142857144
0.4939866369710468,0.0075723830734966595,0.008908685968819599,0.062360801781737196,0.004454342984409799,0.016035634743875277,0.0075723830734966595,0.011581291759465479,0.008463251670378619,0.014699331848552339,0.0066815144766146995,0.012472160356347439,0.3091314031180401,0.012472160356347439,0.0062360801781737195,0.01737193763919822
0.4953927161035542,0.007459412022817025,0.009653356735410267,0.06230802983764809,0.004826678367705134,0.017112768758227294,0.008775778850372971,0.010530934620447565,0.008775778850372971,0.014041246160596753,0.006581834137779728,0.012724879333040808,0.30408073716542344,0.013163668275559455,0.007459412022817025,0.017112768758227294
