C_R,C_A,C_S,C_N,D_R,D_A,D_S,D_N,Oc_R,Oc_A,Oc_S,Oc_N,Od_R,Od_A,Od_S,Od_N
0.0,1.0,0.0,0.0,0.0,0.0,0.0,0.0,0.0,0.0,0.0,0.0,0.0,0.0,0.0,0.0
0.0,0.6666666666666666,0.3333333333333333,0.0,0.0,0.0,0.0,0.0,0.0,0.0,0.0,0.0,0.0,0.0,0.0,0.0
0.0,0.5555555555555556,0.3333333333333333,0.0,0.0,0.0,0.1111111111111111,0.0,0.0,0.0,0.0,0.0,0.0,0.0,0.0,0.0
0.125,0.5625,0.25,0.0,0.0,0.0,0.0625,0.0,0.0,0.0,0.0,0.0,0.0,0.0,0.0,0.0
0.17391304347826086,0.43478260869565216,0.30434782608695654,0.0,0.0,0.0,0.08695652173913043,0.0,0.0,0.0,0.0,0.0,0.0,0.0,0.0,0.0
0.175,0.375,0.325,0.0,0.0,0.0,0.1,0.0,0.0,0.0,0.0,0.0,0.0,0.025,0.0,0.0
0.171875,0.34375,0.328125,0.0,0.03125,0.0,0.0625,0.03125,0.0,0.0,0.0,0.0,0.0,0.03125,0.0,0.0
0.21739130434782608,0.31521739130434784,0.29347826086956524,0.0,0.021739130434782608,0.0,0.043478260869565216,0.043478260869565216,0.0,0.021739130434782608,0.0,0.0,0.0,0.043478260869565216,0.0,0.0
0.208,0.28,0.288,0.0,0.016,0.0,0.032,0.064,0.0,0.032,0.016,0.0,0.0,0.048,0.0,0.016
0.24431818181818182,0.24431818181818182,0.2784090909090909,0.011363636363636364,0.011363636363636364,0.0,0.028409090909090908,0.07386363636363637,0.0,0.03977272727272727,0.011363636363636364,0.0,0.0,0.045454545454545456,0.0,0.011363636363636364
0.228,0.228,0.272,0.012,0.008,0.0,0.032,0.088,0.0,0.052,0.012,0.0,0.0,0.056,0.0,0.012
0.219435736677116,0.20376175548589343,0.2601880877742947,0.018808777429467086,0.009404388714733543,0.0,0.03134796238244514,0.10031347962382445,0.0,0.05956112852664577,0.01567398119122257,0.0,0.0,0.07210031347962383,0.0,0.009404388714733543
0.21683673469387754,0.19387755102040816,0.25510204081632654,0.017857142857142856,0.01020408163265306,0.0,0.02806122448979592,0.10459183673469388,0.0,0.06377551020408163,0.017857142857142856,0.0,0.0,0.08418367346938775,0.0,0.007653061224489796
0.210752688172043,0.2,0.23440860215053763,0.017204301075268817,0.010752688172043012,0.004301075268817204,0.01935483870967742,0.12258064516129032,0.002150537634408602,0.06666666666666667,0.021505376344086023,0.0,0.0,0.08172043010752689,0.002150537634408602,0.0064516129032258064
0.2049469964664311,0.196113074204947,0.2049469964664311,0.015901060070671377,0.0176678445229682,0.0035335689045936395,0.022968197879858657,0.13604240282685512,0.0035335689045936395,0.07420494699646643,0.028268551236749116,0.0,0.0017667844522968198,0.0812720848056537,0.0017667844522968198,0.007067137809187279
0.19726858877086495,0.18512898330804248,0.19271623672230653,0.012139605462822459,0.018209408194233688,0.006069802731411229,0.025796661608497723,0.15022761760242792,0.006069802731411229,0.06980273141122914,0.03490136570561457,0.0,0.006069802731411229,0.0819423368740516,0.004552352048558422,0.009104704097116844
0.18717948717948718,0.18846153846153846,0.17435897435897435,0.015384615384615385,0.023076923076923078,0.010256410256410256,0.023076923076923078,0.15897435897435896,0.008974358974358974,0.06923076923076923,0.03333333333333333,0.0,0.00641025641025641,0.08461538461538462,0.00641025641025641,0.010256410256410256
0.17951541850220265,0.183920704845815,0.1685022026431718,0.018722466960352423,0.022026431718061675,0.012114537444933921,0.023127753303964757,0.16629955947136563,0.00881057268722467,0.0671806167400881,0.025330396475770924,0.0022026431718061676,0.007709251101321586,0.09361233480176212,0.007709251101321586,0.013215859030837005
0.16861598440545808,0.18226120857699804,0.16471734892787523,0.02046783625730994,0.022417153996101363,0.015594541910331383,0.021442495126705652,0.1627680311890838,0.010721247563352826,0.06920077972709551,0.023391812865497075,0.0029239766081871343,0.009746588693957114,0.10136452241715399,0.007797270955165692,0.016569200779727095
0.17106382978723406,0.17617021276595746,0.15914893617021278,0.02468085106382979,0.02468085106382979,0.01957446808510638,0.02127659574468085,0.1676595744680851,0.010212765957446808,0.06468085106382979,0.028085106382978724,0.002553191489361702,0.010212765957446808,0.09702127659574468,0.005957446808510639,0.01702127659574468
0.16463414634146342,0.16844512195121952,0.1486280487804878,0.028201219512195123,0.020579268292682928,0.019817073170731708,0.019817073170731708,0.17530487804878048,0.012957317073170731,0.06859756097560976,0.028963414634146343,0.003048780487804878,0.012957317073170731,0.10213414634146341,0.009146341463414634,0.01676829268292683
0.17560975609756097,0.15958188153310104,0.14006968641114984,0.03205574912891986,0.01951219512195122,0.020209059233449476,0.016724738675958188,0.17491289198606272,0.0132404181184669,0.07038327526132404,0.025087108013937282,0.005574912891986063,0.0132404181184669,0.11010452961672473,0.0062717770034843206,0.017421602787456445
0.17195431472081218,0.15038071065989847,0.14022842639593908,0.03489847715736041,0.020939086294416244,0.02030456852791878,0.018401015228426396,0.1751269035532995,0.0133248730964467,0.06662436548223351,0.025380710659898477,0.008883248730964468,0.0133248730964467,0.11357868020304568,0.006979695431472081,0.01967005076142132
0.17208752217622708,0.13897102306327616,0.13187463039621525,0.03725606150206978,0.02069781194559432,0.02365464222353637,0.018332347723240685,0.17563571850975754,0.01478415138971023,0.06741573033707865,0.02365464222353637,0.011235955056179775,0.01714961561206387,0.12241277350680072,0.0059136605558840925,0.018923713778829097
0.16757940854326397,0.13745892661555312,0.1303395399780942,0.03943044906900329,0.018619934282584884,0.024644030668127054,0.017524644030668127,0.1829134720700986,0.01533406352683461,0.06681270536692223,0.024096385542168676,0.0104052573932092,0.019715224534501644,0.11883899233296824,0.006024096385542169,0.020262869660460023
0.15950920245398773,0.1334355828220859,0.12883435582822086,0.04243353783231084,0.019427402862985686,0.024028629856850715,0.015337423312883436,0.18456032719836402,0.01278118609406953,0.07157464212678936,0.023006134969325152,0.01278118609406953,0.020961145194274028,0.1252556237218814,0.005112474437627812,0.020961145194274028
0.15966796875,0.12158203125,0.12255859375,0.0458984375,0.01708984375,0.0283203125,0.01708984375,0.18701171875,0.013671875,0.06884765625,0.0244140625,0.0146484375,0.02197265625,0.130859375,0.005859375,0.0205078125
0.15402512796649603,0.12331316891577478,0.11912517449976734,0.0460679385760819,0.018613308515588647,0.027454630060493253,0.01582131223825035,0.18799441600744532,0.013029315960912053,0.07073057235923685,0.02419730107026524,0.01209865053513262,0.023266635644485806,0.13634248487668682,0.006979990693345742,0.020939972080037228
0.15215439856373428,0.11669658886894076,0.11131059245960502,0.04757630161579892,0.018402154398563735,0.03096947935368043,0.017504488330341114,0.18985637342908437,0.013464991023339317,0.07675044883303411,0.02333931777378815,0.010771992818671455,0.025583482944344704,0.1359964093357271,0.00718132854578097,0.02244165170556553
0.15292019616584931,0.1154703522068658,0.11101203744984396,0.045474810521622826,0.016941596076683014,0.03120820329915292,0.016941596076683014,0.19215336602764155,0.013374944271065538,0.0806954971020954,0.02229157378510923,0.009362460989745877,0.024074899687917966,0.13954525189478378,0.009362460989745877,0.019170753455193937
0.14643799472295516,0.11433597185576078,0.10861917326297274,0.048372911169744945,0.016710642040457344,0.0316622691292876,0.01802990325417766,0.19261213720316622,0.013192612137203167,0.08179419525065963,0.022867194371152155,0.010114335971855761,0.024626209322779244,0.13984168865435356,0.010554089709762533,0.020228671943711522
0.1500437445319335,0.10804899387576553,0.11067366579177602,0.051181102362204724,0.016185476815398076,0.0310586176727909,0.01706036745406824,0.19597550306211722,0.013123359580052493,0.07961504811898512,0.021434820647419073,0.010936132983377077,0.025809273840769902,0.1373578302712161,0.010061242344706912,0.021434820647419073
0.15388007054673722,0.10670194003527336,0.10758377425044091,0.05511463844797178,0.014109347442680775,0.03130511463844797,0.016313932980599646,0.195326278659612,0.012786596119929453,0.07892416225749559,0.020282186948853614,0.010141093474426807,0.02601410934744268,0.14109347442680775,0.00837742504409171,0.02204585537918871
0.15207780725022105,0.10521662245800177,0.10565870910698497,0.05481874447391689,0.014146772767462422,0.03183023872679045,0.018125552608311227,0.1909814323607427,0.014588859416445624,0.08045977011494253,0.01856763925729443,0.011936339522546418,0.02961980548187445,0.14235190097259062,0.008399646330680813,0.021220159151193633
0.15442477876106195,0.10398230088495575,0.10398230088495575,0.05707964601769912,0.01415929203539823,0.031415929203539826,0.016814159292035398,0.1929203539823009,0.01327433628318584,0.08185840707964602,0.017256637168141593,0.010619469026548672,0.03008849557522124,0.1415929203539823,0.008407079646017699,0.022123893805309734
0.15081104778605875,0.10083296799649277,0.10346339324857519,0.05480052608505041,0.013590530469092503,0.029373081981587022,0.01709776413853573,0.20254274441034634,0.014905743095133712,0.08417360806663744,0.017536168347216132,0.011398509425690487,0.029811486190267425,0.13722051731696625,0.008329679964927663,0.024112231477422183
0.14653641207815277,0.09857904085257549,0.10079928952042629,0.0563943161634103,0.013321492007104795,0.03019538188277087,0.017317939609236235,0.2002664298401421,0.016873889875666074,0.08570159857904085,0.017761989342806393,0.011545293072824156,0.02886323268206039,0.14298401420959148,0.008880994671403197,0.023978685612788632
0.14631996474217718,0.1004847950639048,0.0987219039224328,0.055531070956368445,0.014543851917144116,0.03305420890260027,0.01762891141472014,0.2005288673424416,0.015425297487880123,0.08197443807844866,0.016747465843984136,0.014103129131776113,0.02908770383428823,0.1489643014543852,0.00749228735125606,0.019391802556192154
0.14866071428571428,0.09553571428571428,0.09776785714285714,0.05892857142857143,0.013839285714285714,0.032589285714285716,0.017857142857142856,0.19910714285714284,0.01607142857142857,0.08258928571428571,0.017410714285714286,0.014285714285714285,0.029017857142857144,0.14598214285714287,0.009375,0.020982142857142855
0.14778761061946902,0.09513274336283185,0.09778761061946903,0.061061946902654866,0.013716814159292035,0.033628318584070796,0.017256637168141593,0.19734513274336282,0.016371681415929203,0.08185840707964602,0.01592920353982301,0.01504424778761062,0.030530973451327433,0.14513274336283186,0.00752212389380531,0.023893805309734513
0.14022787028921999,0.09684487291849254,0.09772129710780017,0.05959684487291849,0.014460999123575811,0.03418054338299737,0.01796669588080631,0.19588080631025417,0.01621384750219106,0.07975460122699386,0.01796669588080631,0.015337423312883436,0.034618755477651184,0.1481156879929886,0.007887817703768623,0.02322524101665206
0.14153439153439154,0.09435626102292768,0.09171075837742504,0.06261022927689594,0.015873015873015872,0.034832451499118164,0.01675485008818342,0.19929453262786595,0.01455026455026455,0.08024691358024691,0.01763668430335097,0.016313932980599646,0.033950617283950615,0.1490299823633157,0.007936507936507936,0.023368606701940034
0.1424847958297133,0.0951346655082537,0.08861859252823631,0.061251086012163336,0.014335360556038228,0.03388357949609035,0.017810599478714162,0.1993918331885317,0.013032145960034752,0.08340573414422242,0.018679409209383144,0.01737619461337967,0.035621198957428324,0.14900086880973068,0.007819287576020852,0.022154648132059078
0.14185022026431718,0.0920704845814978,0.0907488986784141,0.057709251101321586,0.014537444933920705,0.03700440528634361,0.01629955947136564,0.20484581497797358,0.01277533039647577,0.08502202643171806,0.01762114537444934,0.015859030837004406,0.03656387665198238,0.14625550660792952,0.007929515418502203,0.02290748898678414
0.14412416851441243,0.08913525498891353,0.08470066518847007,0.06031042128603104,0.015521064301552107,0.03725055432372506,0.016851441241685146,0.2057649667405765,0.012860310421286032,0.08070953436807095,0.016851441241685146,0.01729490022172949,0.03991130820399113,0.1467849223946785,0.00753880266075388,0.024390243902439025
0.14875666074600355,0.08348134991119005,0.08792184724689166,0.06039076376554174,0.015541740674955595,0.03907637655417407,0.017317939609236235,0.2069271758436945,0.011989342806394316,0.07948490230905861,0.016873889875666074,0.016429840142095916,0.040408525754884544,0.14209591474245115,0.007104795737122558,0.026198934280639432
0.1467849223946785,0.08780487804878048,0.08514412416851441,0.05942350332594235,0.013303769401330377,0.039467849223946784,0.017738359201773836,0.2048780487804878,0.012416851441241685,0.082039911308204,0.01729490022172949,0.01729490022172949,0.041685144124168516,0.141019955654102,0.007982261640798226,0.025720620842572064
0.14677276746242263,0.08222811671087533,0.08709106984969053,0.05747126436781609,0.014146772767462422,0.03934571175950486,0.01856763925729443,0.20159151193633953,0.013262599469496022,0.08267020335985853,0.01768346595932803,0.01856763925729443,0.04376657824933687,0.14367816091954022,0.008841732979664015,0.02431476569407604
0.14872021182700795,0.08075904677846425,0.08473080317740513,0.06090026478375993,0.01500441306266549,0.03662842012356576,0.01676963812886143,0.20785525154457193,0.01323918799646955,0.08340688437775816,0.019417475728155338,0.016328331862312445,0.041924095322153576,0.1381288614298323,0.009708737864077669,0.0264783759929391
0.14818062253397632,0.079351161771153,0.08329679964927664,0.060938185006576065,0.013590530469092503,0.03814116615519509,0.016659359929855327,0.2104340201665936,0.0131521262604121,0.08680403331871986,0.020166593599298552,0.01709776413853573,0.041209995615957916,0.13546690048224463,0.008768084173608066,0.026742656729504603
0.15054704595185994,0.07308533916849015,0.08490153172866521,0.06039387308533917,0.01487964989059081,0.04026258205689278,0.016192560175054705,0.20612691466083152,0.014442013129102845,0.08446389496717724,0.019693654266958426,0.0175054704595186,0.04201312910284464,0.1413566739606127,0.0087527352297593,0.02538293216630197
0.15013169446883232,0.07374890254609306,0.08691834942932397,0.05970149253731343,0.014486391571553995,0.03687445127304653,0.01624231782265145,0.20412642669007902,0.015803336259877086,0.08340649692712906,0.019754170324846356,0.018437225636523266,0.048287971905179985,0.1369622475856014,0.009218612818261633,0.025899912203687446
0.1498457470251212,0.07183781401498457,0.08505949757602468,0.061260467166152494,0.013221683561040106,0.0379021595416483,0.015425297487880123,0.2000881445570736,0.015425297487880123,0.08461877479065667,0.019391802556192154,0.01983252534156016,0.049801674746584396,0.14191273688849715,0.007933010136624064,0.026443367122080213
0.14943032427695005,0.0705521472392638,0.0845749342681858,0.0600350569675723,0.012269938650306749,0.03987730061349693,0.014460999123575811,0.20245398773006135,0.014899211218229623,0.08413672217353199,0.02147239263803681,0.020595968448729185,0.04820333041191937,0.14285714285714285,0.007011393514460999,0.02716914986853637
0.14944567627494457,0.07272727272727272,0.08381374722838138,0.06075388026607539,0.010643015521064302,0.03991130820399113,0.015964523281596452,0.19379157427937915,0.014190687361419069,0.0860310421286031,0.022172949002217297,0.019955654101995565,0.049223946784922396,0.1458980044345898,0.007095343680709534,0.028381374722838137
0.14736842105263157,0.07719298245614035,0.08157894736842106,0.05526315789473684,0.010087719298245614,0.039912280701754385,0.017105263157894738,0.19429824561403508,0.013596491228070176,0.08596491228070176,0.0206140350877193,0.021929824561403508,0.05043859649122807,0.14780701754385964,0.007017543859649123,0.02982456140350877
0.15196506550218342,0.07379912663755459,0.07816593886462882,0.05895196506550218,0.00960698689956332,0.04148471615720524,0.017467248908296942,0.1947598253275109,0.013537117903930132,0.08646288209606987,0.019650655021834062,0.02314410480349345,0.05109170305676856,0.14148471615720523,0.007860262008733625,0.03056768558951965
0.14888010540184454,0.07597716293368467,0.07553798858146685,0.05401844532279315,0.010540184453227932,0.043478260869565216,0.018006148440931048,0.1963109354413702,0.015371102327624066,0.08651734738691261,0.01668862538427756,0.024154589371980676,0.04787000439174352,0.14624505928853754,0.007026789635485288,0.03337725076855512
0.1454945054945055,0.07384615384615385,0.07516483516483516,0.054945054945054944,0.011428571428571429,0.045714285714285714,0.017142857142857144,0.19604395604395605,0.014505494505494506,0.08747252747252747,0.016263736263736263,0.022857142857142857,0.04967032967032967,0.14857142857142858,0.007912087912087912,0.03296703296703297
0.1464826357969724,0.07257346393588603,0.07524487978628673,0.05609973285841496,0.012911843276936777,0.04630454140694568,0.016918967052537846,0.19145146927871773,0.016918967052537846,0.0854853072128228,0.016028495102404273,0.02226179875333927,0.05075690115761353,0.1495992876224399,0.008014247551202136,0.03294746215494212
0.1476774758983348,0.07274320771253287,0.07274320771253287,0.05959684487291849,0.014460999123575811,0.04688869412795793,0.017090271691498685,0.18624014022787028,0.016652059596844872,0.08501314636283962,0.015775635407537247,0.02147239263803681,0.04995617879053462,0.15249780893952672,0.007887817703768623,0.033304119193689745
0.1479028697571744,0.07240618101545254,0.07373068432671082,0.06225165562913907,0.013686534216335542,0.047240618101545256,0.017660044150110375,0.18498896247240618,0.015894039735099338,0.08785871964679912,0.0141280353200883,0.02075055187637969,0.04944812362030905,0.1479028697571744,0.008830022075055188,0.03532008830022075
0.145478374836173,0.0690257754477938,0.06946264744429882,0.06465705548274356,0.01529051987767584,0.04630843162953255,0.01616426387068589,0.18829183049366535,0.01616426387068589,0.08868501529051988,0.013979903888160769,0.023591087811271297,0.04980340760157274,0.14809960681520315,0.010048055919615552,0.03494975972040192
0.14579684763572678,0.06873905429071804,0.06961471103327496,0.06654991243432574,0.01532399299474606,0.04597197898423818,0.016637478108581436,0.18739054290718038,0.01532399299474606,0.0862521891418564,0.014010507880910683,0.023642732049036778,0.053852889667250436,0.14623467600700527,0.009632224168126095,0.03502626970227671
0.14492753623188406,0.07158541941150637,0.06851119894598155,0.06895037329819939,0.013614404918752744,0.04830917874396135,0.01668862538427756,0.18533157663592445,0.014053579270970576,0.08476064997804128,0.013175230566534914,0.021958717610891524,0.052700922266139656,0.15063680281071584,0.010101010101010102,0.03469477382520861
0.1431064572425829,0.06980802792321117,0.06631762652705062,0.07024432809773123,0.014397905759162303,0.05017452006980803,0.015706806282722512,0.18150087260034903,0.014834205933682374,0.0868237347294939,0.012652705061082025,0.0231239092495637,0.055846422338568937,0.1505235602094241,0.009162303664921465,0.03577661431064572
0.14618086040386305,0.06672519754170325,0.058823529411764705,0.0697980684811238,0.013169446883230905,0.04741000877963126,0.01624231782265145,0.18481123792800702,0.015803336259877086,0.08647936786654961,0.014047410008779631,0.02370500438981563,0.05662862159789289,0.15188762071992976,0.01009657594381036,0.038191395961369626
0.14367562802996914,0.06654914059056853,0.061260467166152494,0.06919347730277656,0.013662406346408109,0.048920229175848394,0.01630674305861613,0.17805200528867343,0.016747465843984136,0.08550022036139268,0.0123402379903041,0.02379903040987219,0.05597179374173645,0.15513442044953724,0.013221683561040106,0.03966505068312032
0.13984168865435356,0.06464379947229551,0.06376429199648197,0.07036059806508356,0.013192612137203167,0.051451187335092345,0.015391380826737027,0.18161829375549693,0.01759014951627089,0.0870712401055409,0.011433597185576077,0.024186455584872472,0.05760773966578716,0.14731750219876869,0.012313104661389622,0.04221635883905013
0.1403973509933775,0.06534216335540839,0.06269315673289183,0.0706401766004415,0.013686534216335542,0.052538631346578366,0.016335540838852098,0.17748344370860927,0.015011037527593819,0.09183222958057395,0.011479028697571744,0.02384105960264901,0.05607064017660044,0.14834437086092717,0.011479028697571744,0.04282560706401766
0.1414503133393017,0.06803939122649955,0.06535362578334826,0.067591763652641,0.01387645478961504,0.05371530886302596,0.017905102954341987,0.17681289167412712,0.017009847806624886,0.09042076991942703,0.009847806624888093,0.023724261414503133,0.05505819158460161,0.14726947179946284,0.010295434198746643,0.04162936436884512
0.14034315882094148,0.06599208095028597,0.06335239771227452,0.0686317641882974,0.014518257809062912,0.05455345358556973,0.015398152221733392,0.17729872415310163,0.01715794104707435,0.09018917729872415,0.011878574571051475,0.024197096348438186,0.05851297844258689,0.1491421029476463,0.010558732952045754,0.03827540695116586
0.1430457746478873,0.06514084507042253,0.06205985915492958,0.07262323943661972,0.01232394366197183,0.05677816901408451,0.01584507042253521,0.17517605633802816,0.01584507042253521,0.09066901408450705,0.012764084507042254,0.02420774647887324,0.05677816901408451,0.1505281690140845,0.009683098591549295,0.03653169014084507
0.1479840496233939,0.06291537439078422,0.06247230837394772,0.07399202481169695,0.012405848471422242,0.05981391227292867,0.015507310589277802,0.17190961453256534,0.01905183872396987,0.09082853345148427,0.011519716437749225,0.024368630926007974,0.05804164820558263,0.14576871953921133,0.010633584404076208,0.03278688524590164
0.14392605633802816,0.06470070422535211,0.05765845070422535,0.07790492957746478,0.014084507042253521,0.05941901408450704,0.018045774647887324,0.167693661971831,0.018926056338028168,0.08626760563380281,0.011003521126760563,0.02464788732394366,0.06073943661971831,0.14568661971830985,0.011443661971830986,0.037852112676056336
0.14404553415061297,0.063922942206655,0.05691768826619965,0.07924693520140105,0.01532399299474606,0.0595446584938704,0.01532399299474606,0.1703152364273205,0.01882661996497373,0.08887915936952714,0.011821366024518389,0.024518388791593695,0.059982486865148864,0.14316987740805603,0.010945709281961471,0.037215411558669004
0.13782474680757376,0.0603258476442096,0.052840158520475564,0.07881990312637605,0.014971378247468076,0.06164685160722149,0.01453104359313078,0.17349185380889476,0.019374724790841038,0.08938793483047115,0.012329370321444297,0.02553940995156319,0.06516952884191986,0.1444297666226332,0.009687362395420519,0.03963011889035667
0.14027348919276578,0.061314512571680635,0.05690339655932951,0.08248786943096603,0.016762240846934274,0.05866784296426996,0.014556682840758712,0.17115130127922365,0.019850022055580063,0.08998676665196295,0.0105866784296427,0.023820026466696075,0.061755624172915746,0.14027348919276578,0.011468901632112925,0.04014115571239524
0.14505494505494507,0.05758241758241758,0.05450549450549451,0.08483516483516483,0.016703296703296705,0.05582417582417582,0.014065934065934066,0.16923076923076924,0.01978021978021978,0.08879120879120879,0.01098901098901099,0.021538461538461538,0.06505494505494505,0.14373626373626375,0.012307692307692308,0.04
0.14708480565371024,0.06007067137809187,0.054770318021201414,0.08613074204946997,0.0176678445229682,0.05167844522968198,0.013250883392226149,0.16696113074204946,0.022084805653710248,0.08568904593639576,0.011484098939929329,0.02075971731448763,0.06713780918727916,0.14045936395759717,0.011925795053003533,0.04284452296819788
0.14543851917144116,0.05905685323931247,0.0502423975319524,0.08990744821507272,0.015866020273248127,0.052886734244160426,0.014543851917144116,0.16791538122520935,0.022917584839136182,0.08417805200528868,0.010136624063464082,0.020273248126928163,0.07007492287351257,0.14191273688849715,0.011899515204936095,0.04275011018069634
0.1417844522968198,0.05565371024734982,0.04814487632508834,0.09275618374558305,0.01678445229681979,0.05609540636042403,0.012809187279151944,0.1682862190812721,0.022526501766784453,0.08701413427561837,0.0088339222614841,0.018992932862190812,0.07287985865724382,0.13825088339222616,0.014575971731448763,0.0446113074204947
0.14291996481970096,0.055848724714160074,0.048812664907651716,0.08883025505716799,0.014511873350923483,0.05980650835532102,0.014072119613016711,0.167985927880387,0.02198768689533861,0.08311345646437995,0.007475813544415127,0.01978891820580475,0.07519788918205805,0.13984168865435356,0.014511873350923483,0.04529463500439754
0.14127546501328608,0.05757307351638618,0.04827280779450841,0.08813108945969884,0.016386182462356066,0.061558901682905225,0.013728963684676704,0.16474756421612047,0.021700620017714792,0.08547387068201949,0.007971656333038087,0.017271922054915855,0.07661647475642161,0.13773250664304695,0.016386182462356066,0.045172719220549155
0.14517543859649124,0.05482456140350877,0.05,0.08596491228070176,0.015789473684210527,0.06271929824561404,0.014473684210526316,0.16228070175438597,0.0206140350877193,0.08728070175438596,0.008771929824561403,0.016666666666666666,0.07763157894736843,0.13640350877192983,0.016228070175438595,0.04517543859649123
0.14722838137472283,0.05809312638580931,0.04700665188470066,0.09135254988913526,0.01862527716186253,0.0598669623059867,0.013747228381374724,0.15654101995565411,0.021286031042128603,0.08869179600886919,0.007095343680709534,0.01729490022172949,0.07494456762749446,0.13791574279379157,0.01729490022172949,0.04301552106430155
0.14448836187966624,0.05709266578831796,0.043039086517347384,0.09003074220465525,0.01932367149758454,0.061484409310496264,0.013614404918752744,0.15678524374176547,0.021519543258673692,0.09134826526130874,0.00922266139657444,0.020641194554238032,0.07465963987703118,0.13570487483530963,0.016249451032059728,0.04479578392621871
0.1422872340425532,0.0598404255319149,0.044326241134751775,0.08421985815602837,0.0199468085106383,0.0625,0.014627659574468085,0.15868794326241134,0.022163120567375887,0.08820921985815602,0.007978723404255319,0.0199468085106383,0.07446808510638298,0.13652482269503546,0.017287234042553192,0.04698581560283688
0.14172535211267606,0.05765845070422535,0.04225352112676056,0.08582746478873239,0.020246478873239437,0.0664612676056338,0.01584507042253521,0.15580985915492956,0.023327464788732395,0.09066901408450705,0.007922535211267605,0.018926056338028168,0.07306338028169014,0.13512323943661972,0.01716549295774648,0.047975352112676055
0.1457507705856451,0.05328049317481286,0.041391457507705856,0.08718626155878467,0.02289740202553941,0.06560986349625715,0.015852047556142668,0.1576398062527521,0.02289740202553941,0.08586525759577279,0.007926023778071334,0.021136063408190225,0.07001321003963012,0.13914575077058564,0.01673271686481726,0.04667547335975341
0.13802197802197802,0.05274725274725275,0.03956043956043956,0.08747252747252747,0.023736263736263738,0.0632967032967033,0.016703296703296705,0.15824175824175823,0.0210989010989011,0.09362637362637363,0.008791208791208791,0.02021978021978022,0.07296703296703297,0.14065934065934066,0.015824175824175824,0.047032967032967034
0.13904931141714794,0.050199911150599734,0.03820524211461573,0.09151488227454464,0.024433585073300755,0.06752554420257663,0.01821412705464238,0.14971123944913373,0.02221235006663705,0.08973789426921368,0.007996446023989337,0.019546868058640605,0.07552199022656597,0.14438027543314083,0.015104398045313194,0.046645935139937804
0.14349178143047533,0.04931141714793425,0.037316748111950244,0.0888494002665482,0.025322079075966238,0.07019102621057308,0.020435362061306087,0.1514882274544647,0.019991115059973346,0.08751665926254998,0.007552199022656597,0.01776988005330964,0.07196801421590404,0.14882274544646823,0.014660151043980453,0.04531319413593958
0.14466783216783216,0.05026223776223776,0.03671328671328671,0.09003496503496504,0.025786713286713288,0.0673076923076923,0.021416083916083916,0.1555944055944056,0.01791958041958042,0.08435314685314685,0.008304195804195804,0.017482517482517484,0.07080419580419581,0.14816433566433568,0.015734265734265736,0.045454545454545456
0.14406402845709204,0.05024455313472655,0.04046242774566474,0.0871498443752779,0.02401067140951534,0.06491774121831925,0.01823032458870609,0.15251222765673633,0.020008892841262782,0.08581591818586039,0.008003557136505114,0.01956425077812361,0.07514450867052024,0.14851044908848376,0.017341040462427744,0.044019564250778125
0.145075421472937,0.04924578527062999,0.035048802129547474,0.08473824312333629,0.023070097604259095,0.06388642413487133,0.019520851818988466,0.1601597160603372,0.02040816326530612,0.08917480035492457,0.008429458740017746,0.02040816326530612,0.07364685004436557,0.14330079858030167,0.018633540372670808,0.04525288376220053
0.13774834437086092,0.052980132450331126,0.03620309050772627,0.08609271523178808,0.02207505518763797,0.06754966887417219,0.02119205298013245,0.1554083885209713,0.019867549668874173,0.08609271523178808,0.008830022075055188,0.02075055187637969,0.07196467991169977,0.14746136865342163,0.019426048565121413,0.046357615894039736
0.13672217353198948,0.04995617879053462,0.034618755477651184,0.08851884312007012,0.02366345311130587,0.06441717791411043,0.01971954425942156,0.15600350569675722,0.020595968448729185,0.08851884312007012,0.009202453987730062,0.022787028921998246,0.0705521472392638,0.14592462751971955,0.02147239263803681,0.04732690622261174
0.14153846153846153,0.04791208791208791,0.03428571428571429,0.08571428571428572,0.024615384615384615,0.06417582417582418,0.01934065934065934,0.15472527472527473,0.0210989010989011,0.08615384615384615,0.01010989010989011,0.022857142857142857,0.07296703296703297,0.1463736263736264,0.02197802197802198,0.046153846153846156
0.13932980599647266,0.047619047619047616,0.03218694885361552,0.09082892416225749,0.02292768959435626,0.05952380952380952,0.01984126984126984,0.1490299823633157,0.021164021164021163,0.08774250440917107,0.008818342151675485,0.02513227513227513,0.07539682539682539,0.15167548500881833,0.022486772486772486,0.046296296296296294
0.14254094732182382,0.04736609119079239,0.03142983621071271,0.08897742363877822,0.021691013722886232,0.06020362992474546,0.0199203187250996,0.14962372731297033,0.02213368747233289,0.08764940239043825,0.009296148738379814,0.023461708720672863,0.07835325365205843,0.14918105356352368,0.019477644975652943,0.04869411243913236
0.1401952085181899,0.04569653948535936,0.029724933451641525,0.09361135758651287,0.021739130434782608,0.06033717834960071,0.01818988464951198,0.15039929015084294,0.023070097604259095,0.09050576752440107,0.009316770186335404,0.022626441881100266,0.07941437444543034,0.14995563442768411,0.019520851818988466,0.04569653948535936
0.14304519526107942,0.04387889425186485,0.030276437033786747,0.09477841158402808,0.022378236068451074,0.06186924089512944,0.016235190873189996,0.15138218516893373,0.023255813953488372,0.08819657744624836,0.010092145677928916,0.02457218078104432,0.0767880649407635,0.14962702939885913,0.017551557700745943,0.046072838964458095
0.14481236203090508,0.04194260485651214,0.0282560706401766,0.09801324503311258,0.02075055187637969,0.058719646799116995,0.016335540838852098,0.15408388520971303,0.02163355408388521,0.08918322295805739,0.010154525386313467,0.024282560706401765,0.0781456953642384,0.15275938189845475,0.017218543046357615,0.04370860927152318
0.14460463084316294,0.04499781564001747,0.026649191786806466,0.09480122324159021,0.021406727828746176,0.05854084753167322,0.01529051987767584,0.15334207077326342,0.023154215814766274,0.08693752730449979,0.009611183923110528,0.026649191786806466,0.08169506334643949,0.1472258628221931,0.01747487986020096,0.047619047619047616
0.1413427561837456,0.04196113074204947,0.02871024734982332,0.09540636042402827,0.022084805653710248,0.05697879858657244,0.014134275618374558,0.15768551236749118,0.022968197879858657,0.08392226148409894,0.01060070671378092,0.026060070671378093,0.08436395759717315,0.14752650176678445,0.018551236749116608,0.04770318021201413
0.14038205242114615,0.04531319413593958,0.027543314082629944,0.09418036428254109,0.021768103065304308,0.05775211017325633,0.016437139049311416,0.16081741448245224,0.02310084406930253,0.08529542425588628,0.009329187027987561,0.025322079075966238,0.08485117725455353,0.1461572634384718,0.016881386050644157,0.04486894713460684
0.14436156208863538,0.04300131636682756,0.02632733655111891,0.09477841158402808,0.02106186924089513,0.060552874067573495,0.015357612988152698,0.1570864414216762,0.022378236068451074,0.08468626590609916,0.009214567792891619,0.027643703378674857,0.08424747696358052,0.14436156208863538,0.016673979815708645,0.04826678367705134
0.14592462751971955,0.04075372480280456,0.02716914986853637,0.09421560035056968,0.020595968448729185,0.05915863277826468,0.016652059596844872,0.16257668711656442,0.02322524101665206,0.08369851007887817,0.009202453987730062,0.027607361963190184,0.07887817703768624,0.147239263803681,0.016652059596844872,0.04645048203330412
0.14586994727592267,0.0421792618629174,0.027240773286467488,0.09885764499121265,0.01977152899824253,0.056239015817223195,0.015817223198594025,0.15509666080843584,0.025043936731107205,0.08567662565905097,0.009666080843585237,0.02680140597539543,0.08172231985940245,0.14894551845342707,0.014938488576449912,0.046133567662565905
0.14664310954063603,0.04196113074204947,0.027385159010600707,0.09761484098939929,0.018992932862190812,0.054328621908127206,0.015459363957597174,0.15503533568904593,0.026060070671378093,0.08833922261484099,0.007950530035335688,0.02782685512367491,0.08436395759717315,0.14575971731448764,0.014575971731448763,0.04770318021201413
0.1472902097902098,0.04108391608391608,0.02666083916083916,0.10402097902097902,0.019667832167832168,0.05638111888111888,0.013111888111888112,0.1534090909090909,0.024912587412587412,0.0895979020979021,0.008304195804195804,0.02972027972027972,0.08522727272727272,0.14117132867132867,0.013548951048951048,0.04589160839160839
0.14664310954063603,0.03931095406360424,0.027385159010600707,0.10291519434628975,0.022084805653710248,0.05874558303886926,0.014575971731448763,0.15061837455830387,0.02561837455830389,0.09054770318021202,0.009275618374558304,0.030035335689045935,0.08480565371024736,0.1417844522968198,0.011484098939929329,0.044169611307420496
0.14560559685177088,0.040664626147791864,0.027984258854394404,0.1045037166593791,0.020550940096195888,0.057717533887188456,0.015741145605596852,0.14866637516397027,0.025360734586794928,0.08570179274158286,0.009182334936598164,0.031919545255793616,0.08832531700918234,0.14341932662877133,0.010494097070397902,0.04416265850459117
0.14850615114235502,0.03998242530755712,0.02680140597539543,0.10325131810193322,0.0210896309314587,0.059314586994727594,0.014499121265377855,0.15070298769771528,0.02592267135325132,0.08875219683655536,0.00922671353251318,0.02899824253075571,0.08304042179261863,0.14191564147627417,0.011862917398945518,0.046133567662565905
0.14980114891736632,0.03800265134776845,0.02695536897923111,0.1034025629695095,0.0207688908528502,0.059213433495360145,0.015024304021210782,0.1515687140963323,0.025187803800265134,0.0897039328325232,0.009721608484312859,0.03093239063190455,0.08572691117984976,0.137870083959346,0.011931064958020326,0.04418912947414936
0.1472663139329806,0.037037037037037035,0.024691358024691357,0.10493827160493827,0.022486772486772486,0.06040564373897707,0.012345679012345678,0.15079365079365079,0.02513227513227513,0.09126984126984126,0.010582010582010581,0.030864197530864196,0.09038800705467372,0.1353615520282187,0.012345679012345678,0.04409171075837742
0.1437994722955145,0.036499560246262094,0.023306948109058926,0.10246262093227793,0.022867194371152155,0.05980650835532102,0.010554089709762533,0.15127528583992964,0.026824978012313105,0.09234828496042216,0.010554089709762533,0.029463500439753737,0.0919085312225154,0.13852242744063326,0.012313104661389622,0.047493403693931395
0.1455668284075871,0.03484781649757389,0.024702249669166298,0.1023378914865461,0.021614468460520512,0.06043228936921041,0.010145566828407587,0.1513012792236436,0.025143361270401413,0.0917512130569034,0.0105866784296427,0.029554477282752536,0.0886634318482576,0.14027348919276578,0.012792236435818262,0.050286722540802825
0.14610244988864143,0.033853006681514475,0.024944320712694878,0.10200445434298441,0.01826280623608018,0.05968819599109131,0.009354120267260579,0.15367483296213807,0.024944320712694878,0.09175946547884187,0.010690423162583519,0.030734966592427616,0.09398663697104677,0.1358574610244989,0.013808463251670379,0.05033407572383074
0.1457507705856451,0.03346543372963452,0.02289740202553941,0.10259797446059005,0.01805372082782915,0.06252752091589608,0.010127697049757816,0.14883311316600617,0.022457067371202115,0.09070893879348305,0.011889035667107,0.03258476442095993,0.09291061206516953,0.13738441215323646,0.014971378247468076,0.052840158520475564
0.14982425307557118,0.03602811950790861,0.022847100175746926,0.101493848857645,0.018014059753954304,0.061511423550087874,0.008787346221441126,0.14674868189806678,0.023725834797891036,0.08611599297012303,0.011423550087873463,0.033391915641476276,0.09402460456942004,0.13532513181019332,0.015817223198594025,0.05492091388400703
0.1497349823321555,0.03312720848056537,0.021643109540636044,0.10247349823321555,0.018109540636042403,0.06007067137809187,0.01060070671378092,0.14443462897526502,0.022084805653710248,0.08701413427561837,0.011042402826855124,0.03445229681978799,0.09982332155477032,0.1356007067137809,0.013250883392226149,0.05653710247349823
0.1556043956043956,0.03076923076923077,0.0210989010989011,0.10329670329670329,0.017582417582417582,0.06197802197802198,0.01010989010989011,0.14373626373626375,0.021538461538461538,0.08527472527472528,0.011428571428571429,0.03208791208791209,0.09846153846153846,0.1367032967032967,0.014505494505494506,0.05582417582417582
0.14824678206835332,0.03195739014647137,0.022192632046160676,0.10164225477141589,0.017310252996005325,0.05992010652463382,0.010652463382157125,0.14957833999112294,0.019529516200621395,0.085219707057257,0.013315579227696404,0.03151353750554816,0.0989791389258766,0.1415889924545051,0.014647137150466045,0.05370616955170883
0.15623612960497116,0.03195739014647137,0.019973368841544607,0.10252996005326231,0.017310252996005325,0.05770084332001776,0.010652463382157125,0.1478029294274301,0.019529516200621395,0.08610741233910342,0.014647137150466045,0.031069684864624945,0.0989791389258766,0.13981358189081225,0.013759431868619618,0.05193075898801598
0.16087912087912087,0.03076923076923077,0.01934065934065934,0.10197802197802198,0.017582417582417582,0.05978021978021978,0.011428571428571429,0.149010989010989,0.018461538461538463,0.08703296703296703,0.014505494505494506,0.027252747252747254,0.10065934065934067,0.1389010989010989,0.011868131868131869,0.05054945054945055
0.15968239964711073,0.032201146890163214,0.01808557565063961,0.10410233789148654,0.01940891045434495,0.05778561976179974,0.011468901632112925,0.14997794441993825,0.0176444640494045,0.08689898544331716,0.014997794441993825,0.025143361270401413,0.1027790030877812,0.13718570798411997,0.011910013233348038,0.050727834142037936
0.16200873362445414,0.031004366812227076,0.016593886462882096,0.1017467248908297,0.020087336244541485,0.05982532751091703,0.010480349344978166,0.14847161572052403,0.017467248908296942,0.08820960698689956,0.014847161572052401,0.024890829694323144,0.10218340611353711,0.13842794759825328,0.012663755458515284,0.05109170305676856
0.15761821366024517,0.03021015761821366,0.01795096322241681,0.09851138353765324,0.020140105078809107,0.059982486865148864,0.010945709281961471,0.14404553415061297,0.017075306479859893,0.09238178633975482,0.01576182136602452,0.025394045534150613,0.10288966725043783,0.14098073555166374,0.014010507880910683,0.0521015761821366
0.15609756097560976,0.03325942350332594,0.01951219512195122,0.10022172949002217,0.01951219512195122,0.055875831485587585,0.011086474501108648,0.14456762749445676,0.016407982261640797,0.09046563192904657,0.01818181818181818,0.02483370288248337,0.10465631929046564,0.1361419068736142,0.013747228381374724,0.05543237250554324
