C_R,C_A,C_S,C_N,D_R,D_A,D_S,D_N,Oc_R,Oc_A,Oc_S,Oc_N,Od_R,Od_A,Od_S,Od_N
0.0,0.0,0.0,0.0,1.0,0.0,0.0,0.0,0.0,0.0,0.0,0.0,0.0,0.0,0.0,0.0
0.0,0.0,0.0,0.0,0.3333333333333333,0.0,0.0,0.0,0.0,0.0,0.0,0.6666666666666666,0.0,0.0,0.0,0.0
0.0,0.0,0.0,0.0,0.25,0.0,0.0,0.0,0.0,0.0,0.0,0.5,0.0,0.0,0.25,0.0
0.0,0.0,0.0,0.0,0.25,0.25,0.0,0.0,0.0,0.0,0.0,0.25,0.0,0.0,0.25,0.0
0.0,0.0,0.0,0.0,0.16666666666666666,0.3333333333333333,0.0,0.0,0.0,0.0,0.0,0.16666666666666666,0.0,0.0,0.16666666666666666,0.16666666666666666
0.0,0.0,0.0,0.0,0.1111111111111111,0.3333333333333333,0.0,0.0,0.0,0.0,0.0,0.1111111111111111,0.0,0.0,0.2222222222222222,0.2222222222222222
0.0,0.0,0.0,0.0,0.1,0.3,0.0,0.0,0.0,0.0,0.0,0.0,0.1,0.0,0.2,0.3
0.0,0.0,0.0,0.0,0.07142857142857142,0.2857142857142857,0.0,0.0,0.0,0.0,0.0,0.0,0.07142857142857142,0.14285714285714285,0.14285714285714285,0.2857142857142857
0.0625,0.0,0.0,0.0,0.0625,0.25,0.0,0.0,0.0,0.0,0.0,0.0,0.0625,0.125,0.125,0.3125
0.1,0.0,0.0,0.0,0.05,0.25,0.0,0.0,0.0,0.0,0.0,0.0,0.05,0.15,0.1,0.3
0.11538461538461539,0.0,0.038461538461538464,0.0,0.038461538461538464,0.23076923076923078,0.0,0.0,0.0,0.0,0.0,0.0,0.07692307692307693,0.11538461538461539,0.07692307692307693,0.3076923076923077
0.058823529411764705,0.0,0.029411764705882353,0.0,0.029411764705882353,0.23529411764705882,0.0,0.0,0.0,0.0,0.0,0.0,0.11764705882352941,0.11764705882352941,0.058823529411764705,0.35294117647058826
0.075,0.0,0.025,0.025,0.025,0.25,0.0,0.0,0.0,0.0,0.0,0.0,0.1,0.1,0.025,0.375
0.10204081632653061,0.0,0.02040816326530612,0.04081632653061224,0.02040816326530612,0.1836734693877551,0.0,0.0,0.0,0.0,0.0,0.0,0.10204081632653061,0.12244897959183673,0.02040816326530612,0.3877551020408163
0.125,0.0,0.015625,0.0625,0.015625,0.1875,0.0,0.0,0.0,0.0,0.0,0.0,0.109375,0.109375,0.015625,0.359375
0.14814814814814814,0.0,0.012345679012345678,0.07407407407407407,0.012345679012345678,0.16049382716049382,0.0,0.0,0.0,0.0,0.0,0.0,0.14814814814814814,0.13580246913580246,0.012345679012345678,0.2962962962962963
0.1650485436893204,0.0,0.009708737864077669,0.0970873786407767,0.009708737864077669,0.1553398058252427,0.0,0.0,0.0,0.009708737864077669,0.0,0.0,0.18446601941747573,0.08737864077669903,0.009708737864077669,0.27184466019417475
0.1702127659574468,0.0,0.0070921985815602835,0.11347517730496454,0.0070921985815602835,0.16312056737588654,0.0070921985815602835,0.0,0.0,0.014184397163120567,0.0,0.0,0.19858156028368795,0.07092198581560284,0.02127659574468085,0.22695035460992907
0.17142857142857143,0.0,0.011428571428571429,0.10857142857142857,0.005714285714285714,0.15428571428571428,0.005714285714285714,0.0,0.0,0.011428571428571429,0.0,0.005714285714285714,0.2342857142857143,0.05714285714285714,0.017142857142857144,0.21714285714285714
0.18099547511312217,0.0,0.00904977375565611,0.11312217194570136,0.004524886877828055,0.15384615384615385,0.004524886877828055,0.00904977375565611,0.0,0.013574660633484163,0.0,0.004524886877828055,0.22624434389140272,0.05429864253393665,0.013574660633484163,0.21266968325791855
0.18772563176895307,0.0,0.010830324909747292,0.1444043321299639,0.0036101083032490976,0.1371841155234657,0.0036101083032490976,0.010830324909747292,0.0,0.01444043321299639,0.0,0.0036101083032490976,0.24187725631768953,0.05054151624548736,0.010830324909747292,0.18050541516245489
0.19411764705882353,0.0,0.0058823529411764705,0.1588235294117647,0.0029411764705882353,0.1323529411764706,0.0029411764705882353,0.011764705882352941,0.0029411764705882353,0.011764705882352941,0.0,0.0058823529411764705,0.24411764705882352,0.047058823529411764,0.008823529411764706,0.17058823529411765
0.20935960591133004,0.0,0.0049261083743842365,0.1625615763546798,0.0024630541871921183,0.11330049261083744,0.0,0.014778325123152709,0.0024630541871921183,0.012315270935960592,0.0,0.0049261083743842365,0.24630541871921183,0.04926108374384237,0.007389162561576354,0.16995073891625614
0.2066115702479339,0.0,0.004132231404958678,0.17768595041322313,0.004132231404958678,0.1115702479338843,0.0,0.014462809917355372,0.002066115702479339,0.014462809917355372,0.0,0.002066115702479339,0.24380165289256198,0.05578512396694215,0.006198347107438017,0.15702479338842976
0.19793459552495696,0.0,0.0051635111876075735,0.18760757314974183,0.0068846815834767644,0.09982788296041308,0.0017211703958691911,0.013769363166953529,0.0034423407917383822,0.022375215146299483,0.0017211703958691911,0.0017211703958691911,0.2512908777969019,0.05335628227194492,0.0068846815834767644,0.14629948364888123
0.21013412816691504,0.0,0.0029806259314456036,0.19225037257824143,0.005961251862891207,0.08941877794336811,0.0014903129657228018,0.01788375558867362,0.0029806259314456036,0.02384500745156483,0.0029806259314456036,0.0029806259314456036,0.2414307004470939,0.05514157973174367,0.005961251862891207,0.14456035767511177
0.21248339973439576,0.0013280212483399733,0.0026560424966799467,0.20053120849933598,0.006640106241699867,0.08632138114209828,0.0013280212483399733,0.017264276228419653,0.0026560424966799467,0.029216467463479414,0.0013280212483399733,0.0026560424966799467,0.23107569721115537,0.05312084993359894,0.005312084993359893,0.1460823373173971
0.22807017543859648,0.0,0.0035087719298245615,0.19649122807017544,0.005847953216374269,0.08070175438596491,0.0023391812865497076,0.017543859649122806,0.0023391812865497076,0.0304093567251462,0.0011695906432748538,0.0023391812865497076,0.2327485380116959,0.056140350877192984,0.004678362573099415,0.13567251461988303
0.23326359832635984,0.0,0.0020920502092050207,0.20397489539748953,0.006276150627615063,0.07217573221757322,0.0020920502092050207,0.0198744769874477,0.0041841004184100415,0.030334728033472803,0.0010460251046025104,0.0020920502092050207,0.22489539748953974,0.060669456066945605,0.005230125523012552,0.13179916317991633
0.22969187675070027,0.0009337068160597573,0.0028011204481792717,0.21101774042950514,0.0056022408963585435,0.07096171802054155,0.0018674136321195146,0.021475256769374416,0.003734827264239029,0.03081232492997199,0.0009337068160597573,0.0018674136321195146,0.23436041083099907,0.05695611577964519,0.004668534080298786,0.1223155929038282
0.2319327731092437,0.0008403361344537816,0.0025210084033613447,0.21764705882352942,0.005042016806722689,0.07058823529411765,0.0016806722689075631,0.021848739495798318,0.0025210084033613447,0.024369747899159664,0.004201680672268907,0.005042016806722689,0.22773109243697479,0.06302521008403361,0.005042016806722689,0.11596638655462185
0.23529411764705882,0.0,0.0038197097020626434,0.21543162719633308,0.006111535523300229,0.06493506493506493,0.0015278838808250573,0.024446142093200916,0.0015278838808250573,0.023682200152788387,0.0038197097020626434,0.004583651642475172,0.23834988540870894,0.057295645530939646,0.004583651642475172,0.11459129106187929
0.23216783216783216,0.0006993006993006993,0.0034965034965034965,0.21958041958041957,0.006293706293706294,0.07132867132867132,0.002097902097902098,0.025874125874125874,0.0013986013986013986,0.025874125874125874,0.0034965034965034965,0.0048951048951048955,0.22937062937062938,0.05874125874125874,0.0048951048951048955,0.10979020979020979
0.22112211221122113,0.0019801980198019802,0.0033003300330033004,0.2297029702970297,0.005280528052805281,0.06798679867986798,0.0019801980198019802,0.02574257425742574,0.0026402640264026403,0.02574257425742574,0.0046204620462046205,0.007260726072607261,0.23432343234323433,0.06006600660066007,0.0046204620462046205,0.10363036303630363
0.22194972409564684,0.002452483139178418,0.003678724708767627,0.23237277743715512,0.004904966278356836,0.06621704475781728,0.0030656039239730227,0.028203556100551808,0.002452483139178418,0.023911710606989576,0.003678724708767627,0.0061312078479460455,0.23911710606989578,0.060085836909871244,0.004904966278356836,0.09687308399754752
0.22182890855457227,0.0029498525073746312,0.0035398230088495575,0.2424778761061947,0.00471976401179941,0.06135693215339233,0.0035398230088495575,0.02536873156342183,0.00471976401179941,0.02182890855457227,0.004129793510324484,0.0058997050147492625,0.2424778761061947,0.05368731563421829,0.005309734513274336,0.09616519174041298
0.21343198634035287,0.003414911781445646,0.00398406374501992,0.23619806488332384,0.00398406374501992,0.05919180421172453,0.004553215708594195,0.02618099032441662,0.005122367672168469,0.02333523050654525,0.005122367672168469,0.00796812749003984,0.24701195219123506,0.05805350028457598,0.005691519635742743,0.09675583380762663
0.2175824175824176,0.0038461538461538464,0.005494505494505495,0.23846153846153847,0.0038461538461538464,0.05824175824175824,0.0038461538461538464,0.026923076923076925,0.004945054945054945,0.02032967032967033,0.004395604395604396,0.007692307692307693,0.24175824175824176,0.06098901098901099,0.004945054945054945,0.0967032967032967
0.20966894377299003,0.004203888596952181,0.004729374671571204,0.24014713610089333,0.0036784025223331584,0.05675249605885444,0.004203888596952181,0.02995270625328429,0.004729374671571204,0.019968470835522858,0.004203888596952181,0.008407777193904361,0.24960588544403572,0.06463478717813978,0.005780346820809248,0.08933263268523384
0.20988283239938868,0.004075394803871625,0.005094243504839531,0.24248599083036168,0.004075394803871625,0.05552725420275089,0.004584819154355578,0.029546612328069283,0.004075394803871625,0.020886398369842078,0.003565970453387672,0.00967906265919511,0.2531839021905247,0.05909322465613857,0.007131940906775344,0.08711156393275599
0.2078179119247897,0.0029688273132112814,0.004453240969816922,0.24393864423552697,0.004453240969816922,0.05789213260761999,0.0034636318654131617,0.029193468579910935,0.0034636318654131617,0.01830776843146957,0.0039584364176150424,0.009896091044037604,0.2597723899059871,0.06036615536862939,0.007422068283028204,0.082632360217714
0.20961538461538462,0.0038461538461538464,0.0033653846153846156,0.24278846153846154,0.004807692307692308,0.052884615384615384,0.004807692307692308,0.03173076923076923,0.004326923076923077,0.020192307692307693,0.004807692307692308,0.011538461538461539,0.26298076923076924,0.05625,0.005288461538461539,0.08076923076923077
0.21055110692416393,0.002826189354686764,0.0037682524729156855,0.2397550635892605,0.007536504945831371,0.05087140838436175,0.0051813471502590676,0.030617051342439944,0.0051813471502590676,0.018841262364578427,0.004710315591144607,0.012246820536975978,0.2717852096090438,0.055110692416391896,0.0051813471502590676,0.07583608101742817
0.20659238625812443,0.002785515320334262,0.00510677808727948,0.24373259052924792,0.0060352831940575676,0.04921077065923862,0.004642525533890436,0.028783658310120707,0.00510677808727948,0.018105849582172703,0.00510677808727948,0.013463324048282266,0.27715877437325903,0.057567316620241414,0.0060352831940575676,0.07056638811513463
0.20365296803652969,0.0027397260273972603,0.0045662100456621,0.24794520547945206,0.005479452054794521,0.049315068493150684,0.00410958904109589,0.028310502283105023,0.005936073059360731,0.017351598173515982,0.00410958904109589,0.01598173515981735,0.27808219178082194,0.056164383561643834,0.0045662100456621,0.07168949771689498
0.20135135135135135,0.003153153153153153,0.0045045045045045045,0.2518018018018018,0.006756756756756757,0.0472972972972973,0.0036036036036036037,0.02927927927927928,0.005855855855855856,0.01756756756756757,0.003153153153153153,0.017117117117117116,0.2756756756756757,0.0545045045045045,0.004954954954954955,0.07342342342342342
0.20475976650202066,0.00224517287831163,0.004041311180960934,0.24966322406825325,0.006286484059272564,0.04535249214189493,0.003143242029636282,0.030085316569375842,0.005388414907947912,0.016165244723843737,0.004041311180960934,0.01706331387516839,0.2761562640323305,0.057476425684777725,0.004939380332285586,0.07319263583295914
0.20838852097130242,0.0026490066225165563,0.004415011037527594,0.24326710816777042,0.006622516556291391,0.0423841059602649,0.003973509933774834,0.029580573951434878,0.005739514348785872,0.016335540838852098,0.003532008830022075,0.019426048565121413,0.28211920529801326,0.05783664459161148,0.005739514348785872,0.06799116997792494
0.2003610108303249,0.002707581227436823,0.004963898916967509,0.2486462093862816,0.006768953068592058,0.04648014440433213,0.0036101083032490976,0.03023465703971119,0.006768953068592058,0.016245487364620937,0.0036101083032490976,0.021660649819494584,0.28294223826714804,0.05144404332129964,0.004963898916967509,0.06859205776173286
0.20637732506643047,0.002657218777679362,0.005757307351638618,0.24136403897254208,0.007971656333038087,0.04428697962798937,0.00354295837023915,0.0283436669619132,0.0070859167404783,0.0141718334809566,0.003985828166519044,0.021257750221434897,0.2838795394154119,0.05491585473870682,0.00487156775907883,0.06953055801594331
0.21124286341677645,0.002635046113306983,0.005709266578831796,0.23847167325428195,0.007465963987703118,0.04435660957400088,0.002635046113306983,0.027228809837505488,0.007026789635485288,0.015810276679841896,0.003952569169960474,0.023276240667545016,0.28502415458937197,0.054457619675010976,0.005270092226613966,0.06543697848045674
0.205648720211827,0.00353045013239188,0.00617828773168579,0.23962930273609886,0.00617828773168579,0.04633715798764342,0.00264783759929391,0.03000882612533098,0.006619593998234775,0.015445719329214475,0.003971756398940865,0.023389232127096204,0.2886142983230362,0.0529567519858782,0.00529567519858782,0.06354810238305383
0.20088300220750552,0.0026490066225165563,0.006181015452538631,0.2410596026490066,0.004415011037527594,0.045474613686534215,0.0030905077262693157,0.029580573951434878,0.00706401766004415,0.01545253863134658,0.004415011037527594,0.024282560706401765,0.29315673289183225,0.051655629139072845,0.005298013245033113,0.06534216335540839
0.20284065690190856,0.004438526409232135,0.006657789613848202,0.24189968930315137,0.004882379050155349,0.04660452729693742,0.003550821127385708,0.027518863737239236,0.007545494895694629,0.015090989791389259,0.0039946737683089215,0.02574345317354638,0.29116733244562804,0.05059920106524634,0.004882379050155349,0.06258322237017311
0.2098273572377158,0.004869411243913236,0.00619743249225321,0.23461708720672864,0.006640106241699867,0.044710048694112436,0.00398406374501992,0.027888446215139442,0.00796812749003984,0.01593625498007968,0.00398406374501992,0.027445772465692783,0.2921646746347942,0.05090748118636565,0.005312084993359893,0.05754758742806552
0.20855614973262032,0.004456327985739751,0.007575757575757576,0.2339572192513369,0.0066844919786096255,0.04367201426024955,0.004010695187165776,0.027183600713012478,0.008912655971479501,0.016042780748663103,0.004010695187165776,0.026737967914438502,0.29590017825311943,0.05035650623885918,0.0066844919786096255,0.05525846702317291
0.21052631578947367,0.004865103936311367,0.006191950464396285,0.23219814241486067,0.006634232640424591,0.043343653250773995,0.0026536930561698365,0.02697921273772667,0.008845643520566122,0.01592215833701902,0.004865103936311367,0.026094648385670056,0.2980981866430783,0.04953560371517028,0.007076514816452897,0.05616983635559487
0.21036315323294952,0.005314437555358724,0.006200177147918512,0.2325066430469442,0.007528786536758193,0.0420726306465899,0.003100088573959256,0.02745792736935341,0.00974313551815766,0.01550044286979628,0.005314437555358724,0.02612931798051373,0.29982285208148807,0.050487156775907885,0.0070859167404783,0.05137289636846767
0.2154255319148936,0.004432624113475178,0.005319148936170213,0.2322695035460993,0.007978723404255319,0.041223404255319146,0.0035460992907801418,0.023936170212765957,0.009308510638297872,0.015957446808510637,0.006648936170212766,0.0274822695035461,0.2974290780141844,0.050088652482269506,0.006648936170212766,0.05230496453900709
0.2179715302491103,0.005782918149466192,0.004448398576512456,0.23443060498220641,0.007562277580071174,0.03914590747330961,0.00400355871886121,0.024466192170818506,0.008896797153024912,0.01601423487544484,0.006227758007117438,0.025355871886120998,0.2940391459074733,0.05204626334519573,0.0071174377224199285,0.05249110320284697
0.21531728665207878,0.006564551422319475,0.003938730853391685,0.22800875273522975,0.0056892778993435445,0.03894967177242888,0.003938730853391685,0.02363238512035011,0.010065645514223195,0.017943107221006564,0.0056892778993435445,0.0262582056892779,0.29803063457330414,0.05820568927789934,0.007439824945295405,0.05032822757111598
0.2236024844720497,0.006654835847382431,0.00354924578527063,0.22582076308784382,0.006211180124223602,0.03904170363797693,0.00354924578527063,0.024844720496894408,0.012422360248447204,0.01818988464951198,0.006654835847382431,0.026619343389529725,0.290150842945874,0.05634427684117125,0.006654835847382431,0.049689440993788817
0.2260334212840809,0.005277044854881266,0.003518029903254178,0.22911169744942833,0.005277044854881266,0.03913808267370272,0.0030782761653474055,0.025065963060686015,0.012313104661389622,0.018469656992084433,0.006596306068601583,0.027264731750219876,0.2880386983289358,0.055848724714160074,0.005716798592788039,0.04925241864555849
0.2206468763845813,0.007089056269384138,0.0031014621178555605,0.22950819672131148,0.004873726185201595,0.0407620735489588,0.002658396101019052,0.026140894993354008,0.011962782454585734,0.01993797075764289,0.007532122286220647,0.023925564909171467,0.2906513070447497,0.056712450155073105,0.006202924235711121,0.048294195835179445
0.22305986696230598,0.006208425720620843,0.0031042128603104213,0.22971175166297117,0.004434589800443459,0.041685144124168516,0.0031042128603104213,0.025277161862527715,0.010643015521064302,0.021286031042128603,0.008425720620842573,0.02483370288248337,0.2913525498891353,0.05321507760532151,0.0066518847006651885,0.04700665188470066
0.22207387627948375,0.0053404539385847796,0.0035603026257231864,0.2345349354695149,0.003115264797507788,0.04005340453938585,0.0035603026257231864,0.025367156208277702,0.010235870048954161,0.022251891410769914,0.00801068090787717,0.022696929238985315,0.2923898531375167,0.05518469069870939,0.006675567423230975,0.04494882064975523
0.22134038800705466,0.005731922398589065,0.0048500881834215165,0.22971781305114639,0.0026455026455026454,0.04188712522045855,0.003527336860670194,0.025573192239858905,0.010141093474426807,0.021604938271604937,0.007054673721340388,0.022486772486772486,0.29541446208112876,0.05555555555555555,0.007054673721340388,0.045414462081128745
0.22761692650334076,0.005790645879732739,0.004899777282850779,0.22538975501113587,0.0035634743875278397,0.04053452115812917,0.0031180400890868597,0.026280623608017816,0.012472160356347439,0.020489977728285078,0.0071269487750556795,0.020489977728285078,0.29665924276169264,0.05434298440979955,0.004899777282850779,0.046325167037861915
0.23004904146232724,0.006241640659830584,0.00490414623272403,0.2255907267053054,0.004458314757021846,0.04101649576460098,0.003120820329915292,0.024520731163620153,0.01069995541685243,0.020954079358002677,0.006687472135532769,0.020954079358002677,0.29736959429335713,0.05349977708426215,0.005349977708426215,0.04458314757021846
0.22300884955752212,0.005752212389380531,0.004424778761061947,0.23097345132743363,0.003982300884955752,0.04115044247787611,0.0035398230088495575,0.026106194690265486,0.010176991150442478,0.02079646017699115,0.007079646017699115,0.020353982300884955,0.3,0.05530973451327434,0.005309734513274336,0.0420353982300885
0.23080337328007103,0.005326231691078562,0.005770084332001775,0.2339103417665335,0.004882379050155349,0.03817132711939636,0.0039946737683089215,0.02796271637816245,0.010208610741233911,0.02174877940523746,0.005770084332001775,0.018641810918774968,0.2924988903683977,0.05326231691078562,0.004438526409232135,0.0426098535286285
0.23117803365810452,0.005314437555358724,0.006200177147918512,0.22187776793622674,0.00487156775907883,0.037643932683790966,0.003985828166519044,0.0283436669619132,0.011071744906997343,0.023472099202834367,0.006200177147918512,0.01948627103631532,0.2993799822852081,0.05093002657218778,0.00487156775907883,0.045172719220549155
0.23422222222222222,0.005333333333333333,0.005333333333333333,0.22577777777777777,0.006222222222222222,0.04,0.0035555555555555557,0.028,0.010666666666666666,0.021777777777777778,0.006222222222222222,0.018666666666666668,0.2982222222222222,0.04711111111111111,0.004,0.04488888888888889
0.23233215547703182,0.004858657243816254,0.00530035335689046,0.2318904593639576,0.00530035335689046,0.04019434628975265,0.003975265017667844,0.02959363957597173,0.0088339222614841,0.02120141342756184,0.005742049469964664,0.020318021201413426,0.2954946996466431,0.04637809187279152,0.00441696113074205,0.044169611307420496
0.2350597609561753,0.005754758742806552,0.005312084993359893,0.22000885347498894,0.004869411243913236,0.041168658698539175,0.004869411243913236,0.02656042496679947,0.01018149623727313,0.023019034971226208,0.005754758742806552,0.0199203187250996,0.29969012837538733,0.04957945993802568,0.00398406374501992,0.04426737494466578
0.23560673162090345,0.0044286979627989375,0.006200177147918512,0.22320637732506643,0.0044286979627989375,0.04295837023914969,0.00487156775907883,0.02745792736935341,0.008857395925597875,0.023472099202834367,0.006200177147918512,0.018600531443755536,0.29982285208148807,0.04650132860938884,0.00487156775907883,0.042515500442869794
0.23107569721115537,0.004869411243913236,0.005754758742806552,0.21912350597609562,0.004426737494466578,0.043824701195219126,0.00398406374501992,0.029216467463479414,0.01018149623727313,0.02213368747233289,0.007082779991146525,0.02036299247454626,0.3023461708720673,0.0451527224435591,0.006640106241699867,0.043824701195219126
0.2314487632508834,0.006183745583038869,0.006183745583038869,0.21687279151943462,0.00441696113074205,0.045053003533568906,0.007067137809187279,0.026501766784452298,0.010159010600706713,0.024734982332155476,0.007508833922261484,0.020318021201413426,0.29858657243816256,0.0446113074204947,0.007508833922261484,0.04284452296819788
0.23389982110912344,0.006708407871198569,0.005813953488372093,0.21645796064400716,0.006261180679785331,0.04427549194991055,0.006261180679785331,0.028622540250447227,0.009391771019677997,0.0259391771019678,0.007155635062611807,0.018783542039355994,0.29785330948121647,0.04203935599284436,0.008050089445438283,0.042486583184257604
0.22937000887311446,0.006654835847382431,0.0048802129547471165,0.21428571428571427,0.006654835847382431,0.04835847382431233,0.006211180124223602,0.027950310559006212,0.008873114463176575,0.025288376220053237,0.007985803016858917,0.02040816326530612,0.3003549245785271,0.043478260869565216,0.007985803016858917,0.041259982253771074
0.22844444444444445,0.007555555555555556,0.0057777777777777775,0.21333333333333335,0.006666666666666667,0.04622222222222222,0.006222222222222222,0.028,0.008444444444444444,0.024444444444444446,0.007555555555555556,0.019555555555555555,0.3071111111111111,0.04488888888888889,0.006666666666666667,0.03911111111111111
0.23049645390070922,0.007978723404255319,0.004875886524822695,0.21010638297872342,0.0062056737588652485,0.044326241134751775,0.007535460992907801,0.028368794326241134,0.007978723404255319,0.024379432624113476,0.007978723404255319,0.01950354609929078,0.3098404255319149,0.043882978723404256,0.0062056737588652485,0.040336879432624116
0.2346442775077331,0.008395934600088379,0.004860804242156429,0.20592134334953602,0.0061864781263809105,0.04418912947414936,0.007512152010605391,0.03137428192664605,0.007512152010605391,0.022978347326557666,0.007070260715863898,0.019885108263367212,0.31330092797171893,0.0415377817057004,0.0057445868316394165,0.038886433937251434
0.23216659282233051,0.008418254319893664,0.004430660168365086,0.20824102791315907,0.00664599025254763,0.04563579973416039,0.00664599025254763,0.031014621178555603,0.007532122286220647,0.02259636685866194,0.007975188303057155,0.0203810367744794,0.31191847585290206,0.043420469649977846,0.0057598582188746125,0.03721754541426672
0.23311258278145697,0.009713024282560706,0.005739514348785872,0.20353200883002207,0.006622516556291391,0.0423841059602649,0.006622516556291391,0.030463576158940398,0.007947019867549669,0.02119205298013245,0.0075055187637969095,0.019867549668874173,0.3218543046357616,0.04194260485651214,0.004415011037527594,0.03708609271523179
0.23700440528634362,0.01013215859030837,0.0052863436123348016,0.2026431718061674,0.007048458149779736,0.04140969162995595,0.006167400881057269,0.03039647577092511,0.006607929515418502,0.023348017621145373,0.006607929515418502,0.02026431718061674,0.3229074889867841,0.040969162995594714,0.004405286343612335,0.03480176211453744
0.23233215547703182,0.008392226148409895,0.005742049469964664,0.20097173144876326,0.0066254416961130744,0.04328621908127209,0.0066254416961130744,0.02561837455830389,0.007067137809187279,0.026943462897526502,0.006183745583038869,0.019434628975265017,0.3325971731448763,0.04019434628975265,0.005742049469964664,0.03224381625441696
0.23477493380406,0.007502206531332745,0.00617828773168579,0.20388349514563106,0.007502206531332745,0.04457193292144748,0.006619593998234775,0.026037069726390114,0.00706090026478376,0.02736098852603707,0.006619593998234775,0.02030008826125331,0.32524271844660196,0.0410414827890556,0.0048543689320388345,0.030450132391879964
0.2321270962047661,0.006619593998234775,0.0048543689320388345,0.20123565754633715,0.00794351279788173,0.04589585172109444,0.006619593998234775,0.024271844660194174,0.007502206531332745,0.02824360105913504,0.00794351279788173,0.02118270079435128,0.32744924977934686,0.0410414827890556,0.005736981465136805,0.03133274492497794
0.23493180818301804,0.0061592608886933565,0.004839419269687638,0.1957765068191817,0.009238891333040036,0.045314562252529694,0.0061592608886933565,0.025516937967443906,0.007039155301363837,0.028156621205455347,0.007479102507699076,0.02067751869775627,0.332160140783106,0.0409150901891773,0.005279366476022877,0.030356357237131544
0.23851983950066874,0.0057958091841284,0.005349977708426215,0.19572001783325904,0.009362460989745877,0.04235399019170753,0.006687472135532769,0.027641551493535442,0.007133303611234953,0.029870708872046365,0.007133303611234953,0.020954079358002677,0.3276861346411057,0.04235399019170753,0.004458314757021846,0.028979045920642
0.23251748251748253,0.005681818181818182,0.004807692307692308,0.1958041958041958,0.009178321678321678,0.044580419580419584,0.00743006993006993,0.02666083916083916,0.006993006993006993,0.028409090909090908,0.007867132867132868,0.021853146853146852,0.3352272727272727,0.042395104895104896,0.003933566433566434,0.02666083916083916
0.23319982198486872,0.006230529595015576,0.005785491766800178,0.19759679572763686,0.010235870048954161,0.042723631508678236,0.006230529595015576,0.0267022696929239,0.006675567423230975,0.02892745883400089,0.0075656430796617715,0.022251891410769914,0.33511348464619495,0.04183355585224744,0.004005340453938585,0.024922118380062305
0.23330404217926187,0.006151142355008787,0.005272407732864675,0.19288224956063268,0.010984182776801407,0.04261862917398945,0.006590509666080844,0.025483304042179262,0.007908611599297012,0.029437609841827767,0.007469244288224956,0.02240773286467487,0.3405096660808436,0.03998242530755712,0.0057117750439367315,0.02328646748681898
0.22737306843267108,0.006622516556291391,0.005739514348785872,0.1947019867549669,0.011037527593818985,0.04282560706401766,0.0075055187637969095,0.026931567328918323,0.0075055187637969095,0.03090507726269316,0.006181015452538631,0.02207505518763797,0.3355408388520971,0.04194260485651214,0.007947019867549669,0.025165562913907286
0.23032714412024757,0.006631299734748011,0.004420866489832007,0.1962864721485411,0.010167992926613616,0.041998231653404064,0.008399646330680813,0.028293545534924844,0.007957559681697613,0.028735632183908046,0.00618921308576481,0.023430592396109638,0.3364279398762157,0.038461538461538464,0.007957559681697613,0.02431476569407604
0.23185840707964603,0.00752212389380531,0.003982300884955752,0.19601769911504424,0.009734513274336283,0.04424778761061947,0.007964601769911504,0.027876106194690265,0.008407079646017699,0.02654867256637168,0.005309734513274336,0.021238938053097345,0.3398230088495575,0.03982300884955752,0.008849557522123894,0.02079646017699115
0.23938053097345133,0.007079646017699115,0.004424778761061947,0.18938053097345134,0.010176991150442478,0.04380530973451328,0.008407079646017699,0.02743362831858407,0.008407079646017699,0.02654867256637168,0.005309734513274336,0.02168141592920354,0.3415929203539823,0.03761061946902655,0.009292035398230088,0.019469026548672566
0.23847517730496454,0.0070921985815602835,0.004432624113475178,0.19193262411347517,0.008421985815602837,0.04343971631205674,0.008865248226950355,0.028368794326241134,0.010195035460992909,0.026152482269503546,0.0062056737588652485,0.02171985815602837,0.3404255319148936,0.03546099290780142,0.008865248226950355,0.0199468085106383
0.25055728934462773,0.008916629514043692,0.003120820329915292,0.19438252340615247,0.007133303611234953,0.04190815871600535,0.007579135086937138,0.028533214444939812,0.008916629514043692,0.02630405706642889,0.006241640659830584,0.02229157378510923,0.3330361123495319,0.03388319215336603,0.008916629514043692,0.018279090503789567
0.251679355127631,0.00761307657859382,0.004030452306314375,0.19122257053291536,0.007165248544558889,0.04120017913121361,0.008956560680698611,0.02821316614420063,0.00850873264666368,0.025526197939991044,0.005821764442454098,0.02283922973578146,0.3407971339005822,0.03403493058665472,0.005821764442454098,0.016569637259292433
0.25327510917030566,0.0069868995633187774,0.004366812227074236,0.19388646288209607,0.00611353711790393,0.04104803493449782,0.007860262008733625,0.028384279475982533,0.007423580786026201,0.02314410480349345,0.00611353711790393,0.021834061135371178,0.3414847161572052,0.03406113537117904,0.006550218340611353,0.017467248908296942
0.25700311249444197,0.008003557136505114,0.0031124944419742106,0.1889728768341485,0.006224988883948421,0.041796353935082256,0.007114273010226767,0.02712316585148955,0.008003557136505114,0.023121387283236993,0.006669630947087594,0.022232103156958647,0.34326367274344155,0.03601600711427301,0.006669630947087594,0.014673188083592708
0.255659121171771,0.007101642254771416,0.004438526409232135,0.19130048823790502,0.007101642254771416,0.0426098535286285,0.008433200177541057,0.02574345317354638,0.007545494895694629,0.022636484687083888,0.006213936972924989,0.020417221482467822,0.3457612072791833,0.032845095428317796,0.007101642254771416,0.015090989791389259
0.2567084078711986,0.007155635062611807,0.004472271914132379,0.19186046511627908,0.007602862254025045,0.040697674418604654,0.007602862254025045,0.026833631484794274,0.006708407871198569,0.02101967799642218,0.005366726296958855,0.02191413237924866,0.34749552772808584,0.03264758497316637,0.007155635062611807,0.014758497316636851
0.25780553077609275,0.007136485280999108,0.0044603033006244425,0.20026761819803746,0.008028545941123996,0.038804638715432646,0.006244424620874219,0.028545941123996433,0.006244424620874219,0.02096342551293488,0.0053523639607493305,0.022747546833184657,0.3394290811775201,0.03300624442462088,0.005798394290811775,0.015165031222123104
0.2607361963190184,0.006573181419807186,0.0043821209465381246,0.203330411919369,0.008326029798422436,0.03724802804557406,0.0056967572304995615,0.02673093777388256,0.006134969325153374,0.020595968448729185,0.0052585451358457495,0.022348816827344433,0.34049079754601225,0.033304119193689745,0.0056967572304995615,0.013146362839614373
0.2594547053649956,0.005716798592788039,0.004837291116974494,0.2040457343887423,0.0079155672823219,0.03825857519788918,0.006156552330694811,0.028144239226033423,0.005277044854881266,0.019349164467897976,0.006156552330694811,0.02198768689533861,0.34256816182937555,0.032981530343007916,0.005716798592788039,0.011433597185576077
0.26702269692923897,0.005785491766800178,0.004895416110369382,0.205607476635514,0.008455718736092568,0.037828215398308856,0.006675567423230975,0.027592345349354695,0.005785491766800178,0.019581664441477527,0.005785491766800178,0.021361815754339118,0.3355585224744103,0.03159768580329328,0.005785491766800178,0.010680907877169559
0.26744186046511625,0.005366726296958855,0.004919499105545617,0.20214669051878353,0.00849731663685152,0.03756708407871199,0.007602862254025045,0.025044722719141325,0.005813953488372093,0.02191413237924866,0.006708407871198569,0.02146690518783542,0.3358676207513417,0.03264758497316637,0.005366726296958855,0.011627906976744186
0.2626707800793301,0.004407227853680035,0.004407227853680035,0.19920669898633758,0.007933010136624064,0.0374614367562803,0.00749228735125606,0.025561921551344204,0.005288673424416042,0.022917584839136182,0.007933010136624064,0.022036139268400177,0.34156015866020273,0.03349493168796827,0.004407227853680035,0.013221683561040106
0.2633187772925764,0.00480349344978166,0.004366812227074236,0.19825327510917032,0.006550218340611353,0.03580786026200873,0.006550218340611353,0.023580786026200874,0.00480349344978166,0.0222707423580786,0.005676855895196507,0.021834061135371178,0.34541484716157206,0.03711790393013101,0.00480349344978166,0.014847161572052401
0.26914660831509846,0.00612691466083151,0.003938730853391685,0.19299781181619255,0.00700218818380744,0.037636761487964986,0.007439824945295405,0.023194748358862146,0.00612691466083151,0.02100656455142232,0.006564551422319475,0.01925601750547046,0.34573304157549234,0.03457330415754924,0.004814004376367615,0.014442013129102845
0.26604692341744135,0.006640106241699867,0.00398406374501992,0.19566179725542276,0.005312084993359893,0.036741921204072596,0.008410801239486499,0.02478972996901284,0.006640106241699867,0.02213368747233289,0.006640106241699867,0.01859229747675963,0.34572819831783974,0.03275785745905268,0.005754758742806552,0.01416555998229305
0.25914499779638606,0.00881445570736007,0.003085059497576025,0.19656236227412957,0.005288673424416042,0.03878360511238431,0.007933010136624064,0.0246804759806082,0.007051564565888057,0.021595416483032173,0.006610841780520053,0.01895107977082415,0.3486117232260908,0.03261348611723226,0.00617011899515205,0.014103129131776113
0.2579787234042553,0.009308510638297872,0.004432624113475178,0.19858156028368795,0.004875886524822695,0.03856382978723404,0.007535460992907801,0.02526595744680851,0.007535460992907801,0.020833333333333332,0.006648936170212766,0.018617021276595744,0.34884751773049644,0.03102836879432624,0.0062056737588652485,0.01374113475177305
0.2622085349758029,0.009238891333040036,0.005279366476022877,0.19885613726352838,0.005719313682358117,0.03739551253849538,0.007479102507699076,0.025076990761108666,0.007479102507699076,0.01847778266608007,0.0061592608886933565,0.01935767707875055,0.3471183457985042,0.031236251649802024,0.005279366476022877,0.013638363396392433
0.2621870882740448,0.00834431269213878,0.004391743522178305,0.2015810276679842,0.005709266578831796,0.03732981993851559,0.007026789635485288,0.024593763724198508,0.007465963987703118,0.021080368906455864,0.006148440931049627,0.020202020202020204,0.3447518664909969,0.030303030303030304,0.004391743522178305,0.014492753623188406
0.2631812140008861,0.007975188303057155,0.003544528134692069,0.19716437749224636,0.00664599025254763,0.03721754541426672,0.006202924235711121,0.02658396101019052,0.007532122286220647,0.021710234824988923,0.0057598582188746125,0.01905183872396987,0.34692069118298624,0.031014621178555603,0.003987594151528578,0.015507310589277802
0.2604259094942325,0.006654835847382431,0.003105590062111801,0.19831410825199644,0.006211180124223602,0.03682342502218278,0.00709849157054126,0.026175687666370896,0.008873114463176575,0.02085181898846495,0.006211180124223602,0.016415261756876662,0.3513753327417924,0.030612244897959183,0.0044365572315882874,0.016415261756876662
0.26413427561837455,0.006183745583038869,0.002208480565371025,0.20008833922261485,0.007508833922261484,0.03401060070671378,0.006183745583038869,0.026501766784452298,0.007508833922261484,0.02075971731448763,0.00530035335689046,0.0176678445229682,0.3507067137809187,0.03136042402826855,0.00441696113074205,0.015459363957597174
0.2600976475810031,0.005770084332001775,0.0031069684864624943,0.1966267199289836,0.007545494895694629,0.036395916555703504,0.005326231691078562,0.026187305814469597,0.007545494895694629,0.022192632046160676,0.004438526409232135,0.015978695073235686,0.3559698180204172,0.029738126941855306,0.004438526409232135,0.018641810918774968
0.26325088339222613,0.005742049469964664,0.003975265017667844,0.1965547703180212,0.006183745583038869,0.03312720848056537,0.004858657243816254,0.02561837455830389,0.007508833922261484,0.022084805653710248,0.00530035335689046,0.018551236749116608,0.35644876325088337,0.029151943462897525,0.00441696113074205,0.017226148409893994
0.2602558447287164,0.0061755624172915745,0.003970004411116012,0.19894133215703572,0.00529333921482135,0.03484781649757389,0.005734450816056462,0.024261138067931187,0.0070577856197618,0.01940891045434495,0.00529333921482135,0.01940891045434495,0.3590648434053816,0.0282311424790472,0.004411116012351125,0.0176444640494045
0.26174496644295303,0.006263982102908278,0.004921700223713647,0.19865771812080538,0.005369127516778523,0.033109619686800894,0.0058165548098434005,0.026398210290827742,0.007606263982102908,0.021476510067114093,0.0044742729306487695,0.01879194630872483,0.3561521252796421,0.027293064876957495,0.0044742729306487695,0.0174496644295302
0.25853658536585367,0.006208425720620843,0.003991130820399113,0.2075388026607539,0.005321507760532151,0.03370288248337029,0.005321507760532151,0.025720620842572064,0.008425720620842573,0.020399113082039913,0.004434589800443459,0.016851441241685146,0.3578713968957871,0.02616407982261641,0.004434589800443459,0.01507760532150776
0.2602739726027397,0.0061864781263809105,0.004418912947414936,0.21166593018117544,0.0057445868316394165,0.03314184710561202,0.004860804242156429,0.026513477684489615,0.008395934600088379,0.018117543084401236,0.004418912947414936,0.017675651789659744,0.3548387096774194,0.025187803800265134,0.003977021652673442,0.014582412726469289
0.25980392156862747,0.0071301247771836,0.004456327985739751,0.21256684491978609,0.005793226381461676,0.03431372549019608,0.004901960784313725,0.02540106951871658,0.009358288770053475,0.017825311942959002,0.004901960784313725,0.016042780748663103,0.3538324420677362,0.02540106951871658,0.0031194295900178253,0.015151515151515152
0.2627381479840496,0.00664599025254763,0.004430660168365086,0.2157731501993797,0.006202924235711121,0.03278688524590164,0.0057598582188746125,0.026140894993354008,0.008861320336730172,0.01639344262295082,0.004873726185201595,0.017279574656623838,0.3526805494018609,0.02303943287549845,0.002658396101019052,0.013735046521931768
0.263668430335097,0.006172839506172839,0.004409171075837742,0.21428571428571427,0.005731922398589065,0.028659611992945325,0.005731922398589065,0.02601410934744268,0.00837742504409171,0.016313932980599646,0.005731922398589065,0.01763668430335097,0.3562610229276896,0.022486772486772486,0.0026455026455026454,0.015873015873015872
0.26123348017621145,0.005726872246696035,0.004405286343612335,0.21674008810572687,0.005726872246696035,0.02907488986784141,0.0052863436123348016,0.024669603524229075,0.009251101321585903,0.014977973568281937,0.005726872246696035,0.01629955947136564,0.35594713656387666,0.023348017621145373,0.003964757709251102,0.01762114537444934
0.255896751223854,0.006230529595015576,0.004450378282153983,0.22073876279483756,0.005785491766800178,0.027592345349354695,0.004450378282153983,0.023141967067200713,0.009790832220738763,0.01602136181575434,0.006230529595015576,0.01602136181575434,0.3591455273698264,0.023141967067200713,0.0035603026257231864,0.017801513128615932
0.25540361711513015,0.007498897220996913,0.004411116012351125,0.21041023378914867,0.004852227613586237,0.02690780767534186,0.00529333921482135,0.02337891486546096,0.010145566828407587,0.016321129245699163,0.0070577856197618,0.017203352448169385,0.36524040582267314,0.02337891486546096,0.004852227613586237,0.0176444640494045
