C_R,C_A,C_S,C_N,D_R,D_A,D_S,D_N,Oc_R,Oc_A,Oc_S,Oc_N,Od_R,Od_A,Od_S,Od_N
1.0,0.0,0.0,0.0,0.0,0.0,0.0,0.0,0.0,0.0,0.0,0.0,0.0,0.0,0.0,0.0
0.5,0.5,0.0,0.0,0.0,0.0,0.0,0.0,0.0,0.0,0.0,0.0,0.0,0.0,0.0,0.0
0.3333333333333333,0.3333333333333333,0.0,0.3333333333333333,0.0,0.0,0.0,0.0,0.0,0.0,0.0,0.0,0.0,0.0,0.0,0.0
0.2,0.2,0.0,0.4,0.0,0.0,0.0,0.0,0.0,0.2,0.0,0.0,0.0,0.0,0.0,0.0
0.16666666666666666,0.16666666666666666,0.0,0.3333333333333333,0.0,0.16666666666666666,0.0,0.0,0.0,0.16666666666666666,0.0,0.0,0.0,0.0,0.0,0.0
0.25,0.125,0.0,0.25,0.125,0.125,0.0,0.0,0.0,0.125,0.0,0.0,0.0,0.0,0.0,0.0
0.2222222222222222,0.2222222222222222,0.0,0.2222222222222222,0.1111111111111111,0.1111111111111111,0.0,0.0,0.0,0.1111111111111111,0.0,0.0,0.0,0.0,0.0,0.0
0.25,0.16666666666666666,0.0,0.25,0.08333333333333333,0.08333333333333333,0.0,0.0,0.0,0.08333333333333333,0.0,0.08333333333333333,0.0,0.0,0.0,0.0
0.375,0.125,0.0,0.1875,0.0625,0.0625,0.0625,0.0,0.0,0.0625,0.0,0.0625,0.0,0.0,0.0,0.0
0.4444444444444444,0.05555555555555555,0.0,0.2222222222222222,0.0,0.1111111111111111,0.05555555555555555,0.0,0.0,0.05555555555555555,0.0,0.05555555555555555,0.0,0.0,0.0,0.0
0.56,0.04,0.0,0.16,0.0,0.04,0.04,0.0,0.0,0.04,0.0,0.04,0.08,0.0,0.0,0.0
0.6,0.03333333333333333,0.0,0.13333333333333333,0.0,0.03333333333333333,0.03333333333333333,0.03333333333333333,0.0,0.03333333333333333,0.0,0.03333333333333333,0.06666666666666667,0.0,0.0,0.0
0.6111111111111112,0.027777777777777776,0.0,0.1111111111111111,0.0,0.027777777777777776,0.027777777777777776,0.027777777777777776,0.0,0.027777777777777776,0.0,0.027777777777777776,0.08333333333333333,0.0,0.027777777777777776,0.0
0.6,0.022222222222222223,0.0,0.15555555555555556,0.0,0.022222222222222223,0.022222222222222223,0.022222222222222223,0.0,0.022222222222222223,0.0,0.022222222222222223,0.08888888888888889,0.0,0.022222222222222223,0.0
0.6785714285714286,0.0,0.0,0.14285714285714285,0.0,0.017857142857142856,0.017857142857142856,0.017857142857142856,0.0,0.017857142857142856,0.0,0.017857142857142856,0.07142857142857142,0.0,0.017857142857142856,0.0
0.7384615384615385,0.0,0.015384615384615385,0.1076923076923077,0.0,0.0,0.015384615384615385,0.0,0.0,0.015384615384615385,0.0,0.015384615384615385,0.07692307692307693,0.0,0.015384615384615385,0.0
0.7368421052631579,0.0,0.013157894736842105,0.10526315789473684,0.0,0.0,0.013157894736842105,0.0,0.0,0.013157894736842105,0.013157894736842105,0.013157894736842105,0.07894736842105263,0.0,0.013157894736842105,0.0
0.7261904761904762,0.011904761904761904,0.023809523809523808,0.09523809523809523,0.0,0.0,0.011904761904761904,0.0,0.0,0.023809523809523808,0.011904761904761904,0.011904761904761904,0.07142857142857142,0.011904761904761904,0.0,0.0
0.7526881720430108,0.010752688172043012,0.021505376344086023,0.07526881720430108,0.0,0.0,0.0,0.0,0.0,0.021505376344086023,0.021505376344086023,0.0,0.08602150537634409,0.010752688172043012,0.0,0.0
0.7563025210084033,0.0,0.01680672268907563,0.06722689075630252,0.0,0.0,0.0,0.0,0.0,0.025210084033613446,0.01680672268907563,0.0,0.1092436974789916,0.008403361344537815,0.0,0.0
0.7483443708609272,0.0,0.013245033112582781,0.08609271523178808,0.006622516556291391,0.0,0.0,0.0,0.0,0.019867549668874173,0.006622516556291391,0.0,0.11258278145695365,0.006622516556291391,0.0,0.0
0.7441860465116279,0.0,0.005813953488372093,0.0872093023255814,0.005813953488372093,0.005813953488372093,0.0,0.0,0.0,0.01744186046511628,0.011627906976744186,0.0,0.11627906976744186,0.005813953488372093,0.0,0.0
0.7575757575757576,0.0,0.010101010101010102,0.09090909090909091,0.005050505050505051,0.0,0.0,0.0,0.0,0.020202020202020204,0.010101010101010102,0.0,0.10101010101010101,0.005050505050505051,0.0,0.0
0.728448275862069,0.0,0.008620689655172414,0.10344827586206896,0.004310344827586207,0.008620689655172414,0.0,0.0,0.0,0.017241379310344827,0.008620689655172414,0.0,0.11637931034482758,0.0,0.004310344827586207,0.0
0.7328519855595668,0.0,0.0,0.09747292418772563,0.007220216606498195,0.007220216606498195,0.0036101083032490976,0.0,0.0,0.01444043321299639,0.010830324909747292,0.0036101083032490976,0.11913357400722022,0.0,0.0036101083032490976,0.0
0.7253086419753086,0.0030864197530864196,0.0030864197530864196,0.09876543209876543,0.006172839506172839,0.006172839506172839,0.006172839506172839,0.0,0.0,0.015432098765432098,0.006172839506172839,0.0030864197530864196,0.12345679012345678,0.0,0.0030864197530864196,0.0
0.7035040431266847,0.0026954177897574125,0.0026954177897574125,0.11320754716981132,0.005390835579514825,0.008086253369272238,0.008086253369272238,0.0,0.0026954177897574125,0.013477088948787063,0.008086253369272238,0.0026954177897574125,0.12668463611859837,0.0,0.0026954177897574125,0.0
0.7198177676537585,0.002277904328018223,0.002277904328018223,0.10933940774487472,0.002277904328018223,0.00683371298405467,0.004555808656036446,0.0,0.002277904328018223,0.009111617312072893,0.009111617312072893,0.0,0.12984054669703873,0.0,0.002277904328018223,0.0
0.6993865030674846,0.0081799591002045,0.00408997955010225,0.11042944785276074,0.002044989775051125,0.006134969325153374,0.00408997955010225,0.0,0.002044989775051125,0.0081799591002045,0.010224948875255624,0.0,0.1411042944785276,0.0,0.00408997955010225,0.0
0.7132987910189983,0.0069084628670120895,0.0051813471502590676,0.10189982728842832,0.0017271157167530224,0.0034542314335060447,0.0034542314335060447,0.0,0.0034542314335060447,0.0051813471502590676,0.008635578583765112,0.0017271157167530224,0.13989637305699482,0.0,0.0051813471502590676,0.0
0.7006172839506173,0.007716049382716049,0.004629629629629629,0.10493827160493827,0.0015432098765432098,0.004629629629629629,0.0030864197530864196,0.0,0.0030864197530864196,0.007716049382716049,0.007716049382716049,0.0015432098765432098,0.1419753086419753,0.0015432098765432098,0.009259259259259259,0.0
0.6895604395604396,0.006868131868131868,0.004120879120879121,0.11538461538461539,0.0027472527472527475,0.005494505494505495,0.005494505494505495,0.0,0.004120879120879121,0.008241758241758242,0.006868131868131868,0.0013736263736263737,0.13736263736263737,0.0027472527472527475,0.009615384615384616,0.0
0.6910669975186104,0.009925558312655087,0.0024813895781637717,0.1141439205955335,0.0037220843672456576,0.004962779156327543,0.004962779156327543,0.0012406947890818859,0.0024813895781637717,0.00620347394540943,0.007444168734491315,0.0024813895781637717,0.13895781637717122,0.0024813895781637717,0.007444168734491315,0.0
0.6944127708095781,0.009122006841505131,0.002280501710376283,0.11288483466362599,0.0034207525655644243,0.005701254275940707,0.005701254275940707,0.0,0.0034207525655644243,0.005701254275940707,0.0068415051311288486,0.002280501710376283,0.13683010262257697,0.002280501710376283,0.009122006841505131,0.0
0.7025906735751295,0.010362694300518135,0.002072538860103627,0.11295336787564766,0.0031088082901554403,0.004145077720207254,0.0062176165803108805,0.0,0.0031088082901554403,0.0051813471502590676,0.007253886010362694,0.002072538860103627,0.1305699481865285,0.0010362694300518134,0.00932642487046632,0.0
0.6830652790917692,0.011352885525070956,0.002838221381267739,0.12298959318826869,0.002838221381267739,0.003784295175023652,0.006622516556291391,0.001892147587511826,0.002838221381267739,0.004730368968779565,0.006622516556291391,0.002838221381267739,0.13812677388836328,0.002838221381267739,0.005676442762535478,0.000946073793755913
0.6906412478336221,0.008665511265164644,0.0025996533795493936,0.12391681109185441,0.0034662045060658577,0.0034662045060658577,0.006065857885615251,0.0017331022530329288,0.0025996533795493936,0.004332755632582322,0.006065857885615251,0.0034662045060658577,0.13344887348353554,0.0025996533795493936,0.005199306759098787,0.0017331022530329288
0.6909090909090909,0.007905138339920948,0.0023715415019762848,0.1233201581027668,0.0023715415019762848,0.003952569169960474,0.006324110671936759,0.0031620553359683794,0.0023715415019762848,0.005533596837944664,0.006324110671936759,0.0047430830039525695,0.12885375494071147,0.0047430830039525695,0.006324110671936759,0.0007905138339920949
0.6955871353777113,0.006731488406881077,0.002243829468960359,0.1286462228870606,0.002243829468960359,0.004487658937920718,0.005983545250560957,0.004487658937920718,0.0014958863126402393,0.005983545250560957,0.006731488406881077,0.004487658937920718,0.11742707554225879,0.005983545250560957,0.005983545250560957,0.0014958863126402393
0.6860795454545454,0.005681818181818182,0.002130681818181818,0.1299715909090909,0.0035511363636363635,0.002840909090909091,0.005681818181818182,0.004261363636363636,0.002840909090909091,0.006392045454545455,0.007102272727272727,0.0035511363636363635,0.125,0.007102272727272727,0.005681818181818182,0.002130681818181818
0.689261744966443,0.005369127516778523,0.0013422818791946308,0.1342281879194631,0.004026845637583893,0.0026845637583892616,0.004697986577181208,0.004026845637583893,0.003355704697986577,0.006711409395973154,0.00738255033557047,0.006711409395973154,0.11409395973154363,0.00738255033557047,0.005369127516778523,0.003355704697986577
0.6943930991990142,0.005545286506469501,0.0018484288354898336,0.13185459026494148,0.006777572396796057,0.0012322858903265558,0.004313000616142945,0.004313000616142945,0.0024645717806531116,0.0061614294516327784,0.0061614294516327784,0.0061614294516327784,0.11337030191004313,0.0061614294516327784,0.005545286506469501,0.0036968576709796672
0.6889290012033694,0.006016847172081829,0.0024067388688327317,0.13237063778580024,0.00842358604091456,0.0024067388688327317,0.0048134777376654635,0.0048134777376654635,0.0018050541516245488,0.006618531889290012,0.00421179302045728,0.006618531889290012,0.11191335740072202,0.007220216606498195,0.006618531889290012,0.0048134777376654635
0.6858937749857225,0.0057110222729868645,0.002284408909194746,0.13592233009708737,0.006853226727584237,0.002284408909194746,0.004568817818389492,0.004568817818389492,0.0017133066818960593,0.006853226727584237,0.005139920045688178,0.0074243289548829245,0.1102227298686465,0.00799543118218161,0.006282124500285551,0.006282124500285551
0.6795429815016322,0.005984766050054407,0.002720348204570185,0.13764961915125137,0.007072905331882481,0.002720348204570185,0.004352557127312296,0.003808487486398259,0.002720348204570185,0.006528835690968444,0.006528835690968444,0.008161044613710556,0.10990206746463548,0.008705114254624592,0.007616974972796518,0.005984766050054407
0.6713513513513514,0.006486486486486486,0.002702702702702703,0.14162162162162162,0.006486486486486486,0.002702702702702703,0.004324324324324324,0.006486486486486486,0.003243243243243243,0.007027027027027027,0.005945945945945946,0.008108108108108109,0.10972972972972973,0.008648648648648649,0.0075675675675675675,0.0075675675675675675
0.6635416666666667,0.0067708333333333336,0.0026041666666666665,0.1421875,0.007291666666666667,0.003125,0.005729166666666666,0.0067708333333333336,0.0036458333333333334,0.00625,0.004166666666666667,0.009895833333333333,0.1125,0.010416666666666666,0.0067708333333333336,0.008333333333333333
0.6532258064516129,0.00655241935483871,0.004032258064516129,0.1466733870967742,0.008568548387096774,0.003528225806451613,0.005544354838709678,0.007056451612903226,0.0045362903225806455,0.00655241935483871,0.004032258064516129,0.009072580645161291,0.11491935483870967,0.010584677419354838,0.007560483870967742,0.007560483870967742
0.6366336633663366,0.007920792079207921,0.0034653465346534654,0.15643564356435644,0.010396039603960397,0.004455445544554455,0.005445544554455445,0.008415841584158416,0.0039603960396039604,0.00891089108910891,0.004455445544554455,0.007425742574257425,0.11732673267326732,0.009900990099009901,0.008415841584158416,0.006435643564356435
0.6364077669902912,0.007766990291262136,0.002912621359223301,0.15048543689320387,0.011650485436893204,0.005825242718446602,0.006310679611650485,0.00825242718446602,0.004368932038834952,0.009223300970873786,0.004368932038834952,0.007766990291262136,0.12135922330097088,0.009223300970873786,0.006796116504854369,0.007281553398058253
0.6253006253006252,0.008658008658008658,0.003367003367003367,0.15536315536315537,0.012506012506012507,0.007215007215007215,0.007215007215007215,0.008177008177008177,0.00481000481000481,0.008658008658008658,0.00481000481000481,0.00913900913900914,0.12121212121212122,0.010101010101010102,0.006253006253006253,0.007215007215007215
0.6243436754176611,0.010501193317422435,0.002386634844868735,0.15894988066825777,0.010978520286396181,0.008591885441527447,0.006205250596658711,0.0076372315035799524,0.003341288782816229,0.007159904534606206,0.0042959427207637235,0.008591885441527447,0.12458233890214797,0.008591885441527447,0.006682577565632458,0.007159904534606206
0.6255259467040674,0.010285179990649837,0.0023375409069658717,0.15427769985974754,0.011220196353436185,0.009350163627863487,0.006077606358111267,0.0070126227208976155,0.0037400654511453952,0.0074801309022907905,0.004675081813931743,0.008415147265077139,0.12388966806919122,0.009350163627863487,0.007947639083683964,0.008415147265077139
0.6231017027151403,0.008743672342383801,0.0027611596870685687,0.15830648872526462,0.01150483202945237,0.008743672342383801,0.005982512655315232,0.006902899217671422,0.004601932811780948,0.007823285780027611,0.005522319374137137,0.011044638748274275,0.12103083294983893,0.01058444546709618,0.006902899217671422,0.006442705936493327
0.6211775445002282,0.00867183934276586,0.003194888178913738,0.16020082154267457,0.011410314924691922,0.008215426745778184,0.006389776357827476,0.006846188954815153,0.004107713372889092,0.008215426745778184,0.005020538566864446,0.010953902327704245,0.11912368781378366,0.011866727521679598,0.006846188954815153,0.007759014148790507
0.6154885186852769,0.008554705087798289,0.00405222872579919,0.16794236830256642,0.010355695632597929,0.008554705087798289,0.00585321927059883,0.007203962179198559,0.0031517334533993696,0.00765420981539847,0.00585321927059883,0.01125619090499775,0.1175146330481765,0.01125619090499775,0.00765420981539847,0.00765420981539847
0.6111615245009074,0.009528130671506351,0.004537205081669692,0.16833030852994554,0.009981851179673321,0.009074410163339383,0.006352087114337568,0.006805807622504537,0.003176043557168784,0.009981851179673321,0.004990925589836661,0.013611615245009074,0.1161524500907441,0.011343012704174229,0.007713248638838476,0.007259528130671506
0.6077817531305904,0.008944543828264758,0.004472271914132379,0.17128801431127014,0.010286225402504472,0.008944543828264758,0.005813953488372093,0.005813953488372093,0.004919499105545617,0.00849731663685152,0.005366726296958855,0.013864042933810376,0.11851520572450805,0.011180679785330949,0.007155635062611807,0.007155635062611807
0.6103432902362906,0.007579135086937138,0.004012483281319661,0.16584930896121267,0.01069995541685243,0.009362460989745877,0.006241640659830584,0.004458314757021846,0.00490414623272403,0.008024966562639322,0.006687472135532769,0.015158270173874276,0.11992866696388765,0.0115916183682568,0.007133303611234953,0.008024966562639322
0.6126166148378498,0.007552199022656597,0.004886717014660151,0.16525988449577966,0.011550422034651266,0.009329187027987561,0.005775211017325633,0.006219458018658374,0.0053309640159928924,0.007996446023989337,0.005775211017325633,0.01332741003998223,0.11950244335850733,0.010217681030653044,0.007107952021323856,0.007552199022656597
0.6050198150594451,0.006164685160722149,0.0048436811977102595,0.1695288419198591,0.010127697049757816,0.009247027741083224,0.005284015852047556,0.0066050198150594455,0.005724350506384853,0.007926023778071334,0.006164685160722149,0.015852047556142668,0.12197269925143109,0.009687362395420519,0.007926023778071334,0.007926023778071334
0.6038069942452412,0.006640106241699867,0.00398406374501992,0.16644532979194335,0.009296148738379814,0.01018149623727313,0.00619743249225321,0.006640106241699867,0.004426737494466578,0.009738822487826471,0.005754758742806552,0.01637892872952634,0.1248339973439575,0.010624169986719787,0.007525453740593183,0.007525453740593183
0.6036476868327402,0.0066725978647686835,0.004448398576512456,0.1632562277580071,0.009786476868327402,0.011565836298932384,0.006227758007117438,0.007562277580071174,0.005338078291814947,0.009786476868327402,0.0066725978647686835,0.017348754448398576,0.12099644128113879,0.011565836298932384,0.007562277580071174,0.007562277580071174
0.6070004430660169,0.007089056269384138,0.004430660168365086,0.16127603012848915,0.00974745237040319,0.011076650420912717,0.0057598582188746125,0.007532122286220647,0.0057598582188746125,0.00930438635356668,0.006202924235711121,0.017279574656623838,0.12095702259636686,0.010633584404076208,0.007089056269384138,0.008861320336730172
0.603881782090869,0.0061755624172915745,0.004852227613586237,0.16497573886193206,0.00882223202470225,0.009263343625937363,0.007940008822232024,0.0066166740185266875,0.005734450816056462,0.00882223202470225,0.00529333921482135,0.016762240846934274,0.12307013674459638,0.0105866784296427,0.0070577856197618,0.010145566828407587
0.5973154362416108,0.005369127516778523,0.005369127516778523,0.16554809843400448,0.008948545861297539,0.010738255033557046,0.0071588366890380315,0.0058165548098434005,0.006711409395973154,0.009395973154362415,0.004921700223713647,0.015212527964205816,0.12885906040268458,0.01029082774049217,0.0071588366890380315,0.011185682326621925
0.6033020972780009,0.006247211066488175,0.004016064257028112,0.16287371709058457,0.008478357875948238,0.009817045961624275,0.007585899152164213,0.0049085229808121375,0.006693440428380187,0.011601963409192326,0.006247211066488175,0.015618027666220438,0.12583668005354753,0.009370816599732263,0.008032128514056224,0.009370816599732263
0.6011560693641619,0.007114273010226767,0.0031124944419742106,0.16051578479324144,0.008892841262783458,0.008892841262783458,0.008003557136505114,0.005780346820809248,0.006669630947087594,0.01067140951534015,0.006224988883948421,0.016896398399288574,0.1298354824366385,0.008448199199644287,0.00755891507336594,0.010226767452200978
0.5960854092526691,0.00800711743772242,0.004448398576512456,0.1650355871886121,0.008896797153024912,0.00800711743772242,0.007562277580071174,0.005782918149466192,0.008451957295373666,0.010676156583629894,0.006227758007117438,0.015569395017793594,0.1298932384341637,0.008896797153024912,0.0066725978647686835,0.009786476868327402
0.5911111111111111,0.008888888888888889,0.005333333333333333,0.16311111111111112,0.009777777777777778,0.009333333333333334,0.008444444444444444,0.007555555555555556,0.008888888888888889,0.010666666666666666,0.006666666666666667,0.015111111111111112,0.128,0.009333333333333334,0.006222222222222222,0.011555555555555555
0.5877623939258597,0.008932559178204555,0.004912907548012505,0.16435908887896383,0.00982581509602501,0.009379187137114784,0.008485931219294328,0.0080393032603841,0.009379187137114784,0.011165698972755694,0.005359535506922733,0.0160786065207682,0.13041536400178652,0.008932559178204555,0.005806163465832961,0.011165698972755694
0.5862222222222222,0.010222222222222223,0.0057777777777777775,0.16577777777777777,0.010666666666666666,0.011111111111111112,0.006666666666666667,0.006666666666666667,0.010222222222222223,0.011111111111111112,0.005333333333333333,0.015555555555555555,0.12933333333333333,0.009777777777777778,0.0057777777777777775,0.009777777777777778
0.5844327176781002,0.009674582233948988,0.004837291116974494,0.16754617414248021,0.009234828496042216,0.011433597185576077,0.007475813544415127,0.006156552330694811,0.010554089709762533,0.010554089709762533,0.005277044854881266,0.015391380826737027,0.13236587510993844,0.008795074758135445,0.005277044854881266,0.010993843447669306
0.5789003129190881,0.009834599910594547,0.005364327223960662,0.16808225301743407,0.008046490835940992,0.010728654447921324,0.008046490835940992,0.00581135449262405,0.009834599910594547,0.009387572641931158,0.005364327223960662,0.015645954403218598,0.13857845328565044,0.008940545373267769,0.00581135449262405,0.0116227089852481
0.5883905013192612,0.008795074758135445,0.00395778364116095,0.16842568161829374,0.007036059806508356,0.010114335971855761,0.0079155672823219,0.005277044854881266,0.010993843447669306,0.009234828496042216,0.003518029903254178,0.015391380826737027,0.13368513632365875,0.010114335971855761,0.006156552330694811,0.010993843447669306
0.591747146619842,0.01009657594381036,0.004828797190517998,0.16286215978928886,0.006145741878841089,0.010974539069359086,0.007462686567164179,0.005706760316066725,0.01141352063213345,0.009657594381035996,0.003511852502194908,0.015364354697102721,0.13037752414398596,0.01141352063213345,0.007023705004389816,0.01141352063213345
0.5857777777777777,0.010222222222222223,0.0057777777777777775,0.1648888888888889,0.006222222222222222,0.009333333333333334,0.008,0.0071111111111111115,0.012888888888888889,0.010222222222222223,0.0035555555555555557,0.015111111111111112,0.12933333333333333,0.012888888888888889,0.007555555555555556,0.011111111111111112
0.5814977973568282,0.009691629955947136,0.0052863436123348016,0.16740088105726872,0.005726872246696035,0.01013215859030837,0.007488986784140969,0.007048458149779736,0.011894273127753305,0.01013215859030837,0.003964757709251102,0.014977973568281937,0.1343612334801762,0.01277533039647577,0.006607929515418502,0.011013215859030838
0.5808170515097691,0.009325044404973356,0.0066607460035523975,0.1700710479573712,0.005772646536412078,0.009325044404973356,0.008436944937833037,0.007548845470692718,0.011101243339253997,0.009325044404973356,0.004440497335701598,0.015985790408525755,0.13143872113676733,0.011101243339253997,0.0066607460035523975,0.011989342806394316
0.5775784753363229,0.009417040358744395,0.006278026905829596,0.17219730941704037,0.006726457399103139,0.01031390134529148,0.008520179372197309,0.006726457399103139,0.011659192825112108,0.009865470852017937,0.005829596412556054,0.014349775784753363,0.131390134529148,0.011210762331838564,0.006726457399103139,0.011210762331838564
0.5841495992876224,0.008459483526268923,0.006678539626001781,0.1674087266251113,0.00578806767586821,0.01157613535173642,0.007569011576135352,0.007569011576135352,0.011130899376669634,0.009349955476402494,0.005342831700801425,0.012466607301869992,0.13178984861976847,0.012911843276936777,0.007569011576135352,0.010240427426536063
0.5817371937639199,0.008463251670378619,0.0075723830734966595,0.17193763919821825,0.005345211581291759,0.010690423162583519,0.0075723830734966595,0.005790645879732739,0.012472160356347439,0.010244988864142539,0.005345211581291759,0.013363028953229399,0.1309576837416481,0.011135857461024499,0.008017817371937639,0.009354120267260579
0.5921169176262179,0.009300265721877768,0.007528786536758193,0.16651904340124005,0.00487156775907883,0.010628875110717449,0.007971656333038087,0.00487156775907883,0.011071744906997343,0.009300265721877768,0.006200177147918512,0.01550044286979628,0.12311780336581045,0.013286093888396812,0.007528786536758193,0.010186005314437556
0.5886019590382903,0.009349955476402494,0.008459483526268923,0.163846838824577,0.00578806767586821,0.008904719501335707,0.008014247551202136,0.00578806767586821,0.01068566340160285,0.009349955476402494,0.005342831700801425,0.016028495102404273,0.13000890471950133,0.012466607301869992,0.006678539626001781,0.01068566340160285
0.5852146967684816,0.007082779991146525,0.009296148738379814,0.1646746347941567,0.005312084993359893,0.008410801239486499,0.010624169986719787,0.00619743249225321,0.010624169986719787,0.008410801239486499,0.004426737494466578,0.015050907481186366,0.13191677733510404,0.012837538733953076,0.007525453740593183,0.01239486498450642
0.5937362152624615,0.007940008822232024,0.011027790030877812,0.16012351124834584,0.0066166740185266875,0.008381120423467137,0.009704455227172474,0.005734450816056462,0.009704455227172474,0.0066166740185266875,0.00529333921482135,0.0141155712395236,0.1305690339655933,0.012792236435818262,0.0061755624172915745,0.011468901632112925
0.587378640776699,0.009267431597528684,0.01059135039717564,0.16284201235657547,0.007502206531332745,0.009708737864077669,0.008384819064430714,0.00617828773168579,0.0088261253309797,0.00529567519858782,0.005736981465136805,0.012797881729920565,0.13592233009708737,0.012797881729920565,0.005736981465136805,0.011032656663724626
0.5880035026269702,0.008318739054290718,0.00788091068301226,0.16856392294220665,0.0074430823117338,0.010507880910683012,0.0070052539404553416,0.006567425569176883,0.008318739054290718,0.004816112084063047,0.006129597197898424,0.013572679509632224,0.13660245183887915,0.011821366024518389,0.004816112084063047,0.009632224168126095
0.5865257595772787,0.007045354469396741,0.009247027741083224,0.1686481726111845,0.007926023778071334,0.010568031704095112,0.007045354469396741,0.007045354469396741,0.007926023778071334,0.004403346543372964,0.007485689123734038,0.014971378247468076,0.13474240422721268,0.010568031704095112,0.005724350506384853,0.010127697049757816
0.5801253357206804,0.006714413607878245,0.008952551477170993,0.17323187108325871,0.007609668755595345,0.011190689346463742,0.005819158460161146,0.006266786034019696,0.005819158460161146,0.005819158460161146,0.006714413607878245,0.01521933751119069,0.1387645478961504,0.011638316920322292,0.004476275738585497,0.011638316920322292
0.5801594331266607,0.007528786536758193,0.007971656333038087,0.17094774136403898,0.00841452612931798,0.010186005314437556,0.006643046944198406,0.006200177147918512,0.006643046944198406,0.00487156775907883,0.006643046944198406,0.017271922054915855,0.1408325952170062,0.011071744906997343,0.0044286979627989375,0.010186005314437556
0.5885209713024283,0.007947019867549669,0.0075055187637969095,0.1673289183222958,0.0075055187637969095,0.008830022075055188,0.006622516556291391,0.005298013245033113,0.00706401766004415,0.004415011037527594,0.006622516556291391,0.017218543046357615,0.13863134657836645,0.010596026490066225,0.003973509933774834,0.011920529801324504
0.5850826261723984,0.0080393032603841,0.006699419383653417,0.16659222867351497,0.007592675301473872,0.0080393032603841,0.006699419383653417,0.006252791424743189,0.007146047342563644,0.004912907548012505,0.007146047342563644,0.01965163019205002,0.1397945511389013,0.011165698972755694,0.00401965163019205,0.011165698972755694
0.5800267498885421,0.008024966562639322,0.007579135086937138,0.16852429781542577,0.008470798038341507,0.007579135086937138,0.007133303611234953,0.006241640659830584,0.007133303611234953,0.00490414623272403,0.006687472135532769,0.01961658493089612,0.1422202407489969,0.010254123941150245,0.004012483281319661,0.0115916183682568
0.5751662971175167,0.007095343680709534,0.008869179600886918,0.17161862527716187,0.008869179600886918,0.007982261640798226,0.006208425720620843,0.005764966740576497,0.0066518847006651885,0.004878048780487805,0.0066518847006651885,0.019955654101995565,0.14412416851441243,0.009312638580931265,0.003991130820399113,0.012860310421286032
0.569388665774208,0.008032128514056224,0.008478357875948238,0.17224453369031684,0.009370816599732263,0.009370816599732263,0.006693440428380187,0.005800981704596163,0.005800981704596163,0.0049085229808121375,0.007585899152164213,0.018295403837572513,0.142793395805444,0.012048192771084338,0.00535475234270415,0.013833110218652387
0.5677704194260486,0.007947019867549669,0.008388520971302429,0.16909492273730684,0.009713024282560706,0.009713024282560706,0.00706401766004415,0.00706401766004415,0.005739514348785872,0.005298013245033113,0.0075055187637969095,0.016777041942604858,0.14701986754966886,0.012362030905077263,0.006181015452538631,0.012362030905077263
0.5691489361702128,0.007978723404255319,0.009308510638297872,0.17198581560283688,0.008865248226950355,0.00975177304964539,0.007978723404255319,0.0062056737588652485,0.006648936170212766,0.006648936170212766,0.0070921985815602835,0.016400709219858155,0.1449468085106383,0.009308510638297872,0.00576241134751773,0.011968085106382979
0.5814368585452923,0.0071396697902722,0.00892458723784025,0.16555109326193662,0.00892458723784025,0.011155734047300312,0.0071396697902722,0.0049085229808121375,0.006247211066488175,0.005800981704596163,0.0071396697902722,0.015171798304328426,0.14413208389112003,0.008478357875948238,0.005800981704596163,0.012048192771084338
0.5760821062025882,0.0071396697902722,0.010263275323516287,0.1646586345381526,0.009817045961624275,0.011155734047300312,0.006693440428380187,0.005800981704596163,0.006693440428380187,0.00535475234270415,0.008032128514056224,0.01651048639000446,0.1463632307005801,0.008478357875948238,0.00535475234270415,0.011601963409192326
0.5683930942895087,0.00619743249225321,0.01018149623727313,0.16954404603806994,0.011066843736166445,0.011066843736166445,0.006640106241699867,0.006640106241699867,0.006640106241699867,0.006640106241699867,0.008410801239486499,0.015493581230633024,0.14829570606463036,0.007525453740593183,0.00619743249225321,0.011066843736166445
0.5765283355644801,0.006247211066488175,0.009817045961624275,0.1677822400713967,0.00892458723784025,0.01249442213297635,0.006247211066488175,0.006247211066488175,0.006247211066488175,0.006693440428380187,0.0071396697902722,0.014725568942436412,0.14502454261490405,0.00892458723784025,0.005800981704596163,0.011155734047300312
0.5771300448430493,0.005829596412556054,0.012556053811659192,0.1654708520179372,0.008071748878923767,0.01210762331838565,0.006726457399103139,0.004932735426008968,0.006278026905829596,0.006726457399103139,0.008071748878923767,0.014349775784753363,0.1452914798206278,0.008968609865470852,0.006278026905829596,0.011210762331838564
0.581343943412909,0.005305039787798408,0.01237842617152962,0.15826702033598586,0.009725906277630416,0.011936339522546418,0.007957559681697613,0.004862953138815208,0.005305039787798408,0.006631299734748011,0.008399646330680813,0.016799292661361626,0.14500442086648982,0.010610079575596816,0.004862953138815208,0.010610079575596816
0.5759465478841871,0.005345211581291759,0.013363028953229399,0.16614699331848554,0.011135857461024499,0.010690423162583519,0.0071269487750556795,0.005790645879732739,0.004899777282850779,0.0066815144766146995,0.0075723830734966595,0.017817371937639197,0.14209354120267262,0.010244988864142539,0.004899777282850779,0.010244988864142539
0.5769230769230769,0.005244755244755245,0.013111888111888112,0.16433566433566432,0.01048951048951049,0.010052447552447552,0.006993006993006993,0.008304195804195804,0.006555944055944056,0.00743006993006993,0.00743006993006993,0.017045454545454544,0.13986013986013987,0.0118006993006993,0.004370629370629371,0.010052447552447552
0.5753424657534246,0.0061864781263809105,0.012372956252761821,0.1652673442333186,0.010163499779054353,0.010605391073795847,0.007954043305346884,0.009279717189571365,0.005302695536897923,0.007954043305346884,0.007070260715863898,0.01723376049491825,0.136986301369863,0.011931064958020326,0.0057445868316394165,0.010605391073795847
0.5776286353467561,0.006711409395973154,0.010738255033557046,0.16062639821029082,0.009395973154362415,0.011185682326621925,0.008053691275167786,0.009395973154362415,0.005369127516778523,0.009395973154362415,0.007606263982102908,0.0174496644295302,0.13736017897091723,0.010738255033557046,0.0058165548098434005,0.012527964205816556
0.5757303370786517,0.0071910112359550565,0.00943820224719101,0.15955056179775282,0.00853932584269663,0.012584269662921348,0.0071910112359550565,0.010337078651685393,0.005842696629213483,0.008988764044943821,0.008089887640449439,0.019325842696629212,0.13662921348314608,0.011235955056179775,0.006741573033707865,0.012584269662921348
0.5762403277196176,0.0063723258989531175,0.009558488848429678,0.1624943104233045,0.00864815657715066,0.013654984069185253,0.0063723258989531175,0.009558488848429678,0.005917159763313609,0.006827492034592627,0.007282658170232135,0.018206645425580335,0.13837050523441055,0.010468821119708694,0.006827492034592627,0.013199817933545745
0.5763546798029556,0.006269592476489028,0.00850873264666368,0.16480071652485445,0.00761307657859382,0.014330497089117778,0.006269592476489028,0.008956560680698611,0.005821764442454098,0.006269592476489028,0.006269592476489028,0.01701746529332736,0.14420062695924765,0.010747872816838333,0.005821764442454098,0.010747872816838333
0.5659365221278498,0.006258381761287439,0.008940545373267769,0.16852928028609745,0.008493518104604381,0.013857845328565042,0.006258381761287439,0.009387572641931158,0.006258381761287439,0.005364327223960662,0.006705409029950827,0.016092981671881983,0.14573088958426464,0.014304872597228431,0.006705409029950827,0.011175681716584712
0.5727029438001784,0.005798394290811775,0.007582515611061552,0.16190900981266726,0.006690454950936664,0.014272970561998216,0.005798394290811775,0.009812667261373774,0.005798394290811775,0.005798394290811775,0.007582515611061552,0.015165031222123104,0.14942016057091884,0.014272970561998216,0.006690454950936664,0.010704727921498661
0.5712401055408971,0.006156552330694811,0.008355321020228672,0.16182937554969218,0.006156552330694811,0.013192612137203167,0.005277044854881266,0.008795074758135445,0.005716798592788039,0.005716798592788039,0.0079155672823219,0.015391380826737027,0.15259454705364994,0.014511873350923483,0.006596306068601583,0.010554089709762533
0.5777190664905328,0.007485689123734038,0.008806693086745927,0.16160281814178776,0.006164685160722149,0.012769704975781594,0.006164685160722149,0.007926023778071334,0.0048436811977102595,0.007045354469396741,0.007485689123734038,0.014090708938793483,0.14707177454865697,0.014090708938793483,0.0066050198150594455,0.010127697049757816
0.5791795324217027,0.00882223202470225,0.008381120423467137,0.1561535068372298,0.005734450816056462,0.0141155712395236,0.0066166740185266875,0.007498897220996913,0.005734450816056462,0.007940008822232024,0.0070577856197618,0.012792236435818262,0.14953683281870314,0.013233348037053375,0.0061755624172915745,0.011027790030877812
0.5741963892558344,0.00836635843240863,0.00836635843240863,0.15940114487010126,0.007045354469396741,0.013650374284456186,0.006164685160722149,0.007485689123734038,0.0066050198150594455,0.009687362395420519,0.007045354469396741,0.012769704975781594,0.14795244385733158,0.014971378247468076,0.005724350506384853,0.010568031704095112
0.5759858218874613,0.007975188303057155,0.007975188303057155,0.15640230394328755,0.007089056269384138,0.014178112538768276,0.007089056269384138,0.006202924235711121,0.00664599025254763,0.00974745237040319,0.00664599025254763,0.011962782454585734,0.15019937970757644,0.014621178555604785,0.005316792202038104,0.011962782454585734
0.5733924611973392,0.00753880266075388,0.007095343680709534,0.152549889135255,0.006208425720620843,0.016407982261640797,0.00753880266075388,0.006208425720620843,0.006208425720620843,0.010199556541019957,0.00753880266075388,0.011529933481152993,0.1574279379157428,0.011529933481152993,0.005321507760532151,0.013303769401330377
0.5719360568383659,0.007104795737122558,0.007104795737122558,0.15053285968028418,0.007104795737122558,0.016873889875666074,0.007548845470692718,0.0066607460035523975,0.007548845470692718,0.010213143872113677,0.007548845470692718,0.010657193605683837,0.15985790408525755,0.011101243339253997,0.004884547069271759,0.013321492007104795
0.5646379386939138,0.007552199022656597,0.008440693025322079,0.1559306974677921,0.007107952021323856,0.016437139049311416,0.009329187027987561,0.005775211017325633,0.007107952021323856,0.011106175033318524,0.007107952021323856,0.010217681030653044,0.15904042647712127,0.010661928031985785,0.0053309640159928924,0.014215904042647711
0.570353982300885,0.00752212389380531,0.010176991150442478,0.15265486725663716,0.00663716814159292,0.01504424778761062,0.00752212389380531,0.00663716814159292,0.008849557522123894,0.010619469026548672,0.00663716814159292,0.009292035398230088,0.15752212389380532,0.010176991150442478,0.005752212389380531,0.014601769911504425
0.5655447298494243,0.007971656333038087,0.00974313551815766,0.14924712134632417,0.007971656333038087,0.013728963684676704,0.007971656333038087,0.0070859167404783,0.007971656333038087,0.011957484499557131,0.006643046944198406,0.011071744906997343,0.1612046058458813,0.010628875110717449,0.006200177147918512,0.015057573073516387
0.5640569395017794,0.00800711743772242,0.009786476868327402,0.14902135231316727,0.0071174377224199285,0.012900355871886121,0.0071174377224199285,0.0071174377224199285,0.008896797153024912,0.01112099644128114,0.0066725978647686835,0.010231316725978648,0.1650355871886121,0.010676156583629894,0.0066725978647686835,0.015569395017793594
0.5604640785363677,0.006247211066488175,0.009370816599732263,0.14770191878625613,0.007585899152164213,0.010263275323516287,0.006247211066488175,0.008032128514056224,0.00892458723784025,0.011155734047300312,0.008032128514056224,0.011155734047300312,0.17001338688085676,0.0142793395805444,0.0071396697902722,0.013386880856760375
0.5606731620903455,0.006200177147918512,0.00974313551815766,0.14614703277236493,0.006200177147918512,0.011071744906997343,0.007971656333038087,0.007971656333038087,0.0070859167404783,0.011957484499557131,0.006643046944198406,0.011957484499557131,0.17227635075287864,0.012843224092116917,0.007528786536758193,0.013728963684676704
0.5534368070953437,0.0066518847006651885,0.009312638580931265,0.15432372505543238,0.005764966740576497,0.00975609756097561,0.008425720620842573,0.008425720620842573,0.005321507760532151,0.012416851441241685,0.006208425720620843,0.01197339246119734,0.17161862527716187,0.01507760532150776,0.007982261640798226,0.013303769401330377
0.5535071942446043,0.006294964028776978,0.0085431654676259,0.15467625899280577,0.005845323741007194,0.009892086330935251,0.008093525179856115,0.010341726618705036,0.0049460431654676255,0.012140287769784174,0.006744604316546762,0.011690647482014389,0.17221223021582735,0.013489208633093525,0.008093525179856115,0.013489208633093525
0.5527704485488126,0.005716798592788039,0.008795074758135445,0.15435356200527706,0.006596306068601583,0.010554089709762533,0.0079155672823219,0.010554089709762533,0.005277044854881266,0.013632365875109938,0.007475813544415127,0.011433597185576077,0.1693051890941073,0.014511873350923483,0.0079155672823219,0.013192612137203167
0.5531539479488311,0.004852227613586237,0.00882223202470225,0.15086016762240848,0.0066166740185266875,0.010145566828407587,0.007940008822232024,0.0105866784296427,0.005734450816056462,0.0141155712395236,0.007498897220996913,0.012792236435818262,0.1729157476841641,0.012792236435818262,0.0070577856197618,0.0141155712395236
0.5473965287049399,0.004895416110369382,0.009790832220738763,0.14953271028037382,0.0075656430796617715,0.010235870048954161,0.010235870048954161,0.010235870048954161,0.006675567423230975,0.014241210502892745,0.0075656430796617715,0.014686248331108143,0.17178460169114373,0.012016021361815754,0.006230529595015576,0.016911437472185136
0.5454946996466431,0.00441696113074205,0.009717314487632508,0.14487632508833923,0.0066254416961130744,0.009717314487632508,0.011042402826855124,0.009717314487632508,0.006183745583038869,0.013692579505300354,0.007950530035335688,0.014134275618374558,0.1793286219081272,0.012367491166077738,0.006183745583038869,0.018551236749116608
0.5457793657882983,0.004912907548012505,0.008932559178204555,0.14917373827601607,0.005806163465832961,0.011165698972755694,0.010719071013845467,0.00982581509602501,0.006699419383653417,0.011612326931665922,0.007146047342563644,0.012505582849486378,0.17909781152300133,0.011612326931665922,0.005806163465832961,0.019205002233139794
0.5477990217874611,0.004891062694530902,0.008448199199644287,0.14495331258337038,0.005335704757670075,0.012894619831036016,0.011116051578479324,0.011116051578479324,0.008003557136505114,0.011560693641618497,0.00755891507336594,0.012449977767896843,0.17785682525566918,0.01067140951534015,0.005780346820809248,0.01956425077812361
0.5487588652482269,0.004875886524822695,0.007535460992907801,0.1453900709219858,0.00576241134751773,0.011968085106382979,0.010195035460992909,0.010195035460992909,0.007535460992907801,0.010638297872340425,0.0070921985815602835,0.011968085106382979,0.18129432624113476,0.010638297872340425,0.005319148936170213,0.020833333333333332
