C_R,C_A,C_S,C_N,D_R,D_A,D_S,D_N,Oc_R,Oc_A,Oc_S,Oc_N,Od_R,Od_A,Od_S,Od_N
0.0,0.0,1.0,0.0,0.0,0.0,0.0,0.0,0.0,0.0,0.0,0.0,0.0,0.0,0.0,0.0
0.0,0.0,0.5,0.0,0.0,0.5,0.0,0.0,0.0,0.0,0.0,0.0,0.0,0.0,0.0,0.0
0.2857142857142857,0.0,0.2857142857142857,0.0,0.0,0.42857142857142855,0.0,0.0,0.0,0.0,0.0,0.0,0.0,0.0,0.0,0.0
0.3333333333333333,0.0,0.2222222222222222,0.0,0.0,0.3333333333333333,0.0,0.0,0.0,0.0,0.0,0.0,0.0,0.1111111111111111,0.0,0.0
0.4,0.0,0.13333333333333333,0.0,0.06666666666666667,0.3333333333333333,0.0,0.0,0.0,0.0,0.0,0.0,0.0,0.06666666666666667,0.0,0.0
0.4166666666666667,0.0,0.125,0.0,0.041666666666666664,0.3333333333333333,0.0,0.0,0.0,0.0,0.0,0.0,0.0,0.08333333333333333,0.0,0.0
0.4634146341463415,0.0,0.0975609756097561,0.0,0.024390243902439025,0.2926829268292683,0.024390243902439025,0.0,0.0,0.0,0.0,0.0,0.0,0.0975609756097561,0.0,0.0
0.41379310344827586,0.0,0.10344827586206896,0.0,0.017241379310344827,0.3448275862068966,0.017241379310344827,0.0,0.0,0.0,0.0,0.0,0.0,0.10344827586206896,0.0,0.0
0.48717948717948717,0.0,0.1282051282051282,0.0,0.01282051282051282,0.28205128205128205,0.01282051282051282,0.0,0.0,0.0,0.0,0.0,0.0,0.07692307692307693,0.0,0.0
0.49074074074074076,0.0,0.12962962962962962,0.0,0.018518518518518517,0.25925925925925924,0.009259259259259259,0.009259259259259259,0.0,0.0,0.0,0.0,0.0,0.07407407407407407,0.009259259259259259,0.0
0.4722222222222222,0.0,0.13194444444444445,0.0,0.020833333333333332,0.2569444444444444,0.006944444444444444,0.013888888888888888,0.0,0.0,0.0,0.0,0.0,0.09722222222222222,0.0,0.0
0.4696132596685083,0.0,0.14917127071823205,0.0,0.022099447513812154,0.22099447513812154,0.0055248618784530384,0.016574585635359115,0.0,0.0,0.0,0.0,0.0,0.10497237569060773,0.0,0.011049723756906077
0.4977168949771689,0.0,0.136986301369863,0.0,0.0136986301369863,0.2009132420091324,0.0045662100456621,0.0228310502283105,0.0,0.0,0.0,0.0,0.0,0.1095890410958904,0.0,0.0136986301369863
0.4756554307116105,0.0,0.13108614232209737,0.0,0.011235955056179775,0.19850187265917604,0.003745318352059925,0.026217228464419477,0.0,0.0,0.0,0.003745318352059925,0.0,0.13108614232209737,0.0,0.018726591760299626
0.4662576687116564,0.0,0.11349693251533742,0.0,0.009202453987730062,0.2147239263803681,0.003067484662576687,0.027607361963190184,0.0,0.0,0.0,0.009202453987730062,0.0,0.12883435582822086,0.0,0.027607361963190184
0.44529262086513993,0.0,0.11195928753180662,0.0,0.007633587786259542,0.20865139949109415,0.002544529262086514,0.03816793893129771,0.0,0.002544529262086514,0.005089058524173028,0.007633587786259542,0.002544529262086514,0.13231552162849872,0.0,0.035623409669211195
0.4444444444444444,0.0,0.11324786324786325,0.0,0.00641025641025641,0.1987179487179487,0.004273504273504274,0.038461538461538464,0.0,0.002136752136752137,0.004273504273504274,0.00641025641025641,0.002136752136752137,0.13675213675213677,0.0,0.042735042735042736
0.4155597722960152,0.0,0.11195445920303605,0.0,0.011385199240986717,0.20683111954459202,0.003795066413662239,0.03984819734345351,0.0,0.003795066413662239,0.007590132827324478,0.013282732447817837,0.0018975332068311196,0.1347248576850095,0.0,0.04933586337760911
0.41533546325878595,0.0,0.10702875399361023,0.0,0.011182108626198083,0.20607028753993611,0.007987220447284345,0.036741214057507986,0.001597444089456869,0.004792332268370607,0.006389776357827476,0.01597444089456869,0.001597444089456869,0.1389776357827476,0.0,0.0463258785942492
0.4025069637883008,0.001392757660167131,0.09610027855153204,0.001392757660167131,0.006963788300835654,0.2116991643454039,0.011142061281337047,0.04317548746518106,0.001392757660167131,0.008356545961002786,0.005571030640668524,0.019498607242339833,0.004178272980501393,0.12952646239554316,0.0,0.057103064066852366
0.3970223325062035,0.0037220843672456576,0.08684863523573201,0.0012406947890818859,0.004962779156327543,0.2109181141439206,0.009925558312655087,0.04094292803970223,0.0012406947890818859,0.009925558312655087,0.004962779156327543,0.02109181141439206,0.007444168734491315,0.13771712158808933,0.0,0.062034739454094295
0.38536060279870826,0.0032292787944025836,0.09472551130247578,0.001076426264800861,0.005382131324004306,0.20559741657696448,0.008611410118406888,0.04198062432723358,0.002152852529601722,0.011840688912809472,0.005382131324004306,0.02045209903121636,0.007534983853606028,0.13885898815931108,0.001076426264800861,0.06673842841765339
0.37681159420289856,0.003864734299516908,0.09178743961352658,0.002898550724637681,0.005797101449275362,0.20483091787439614,0.007729468599033816,0.04057971014492753,0.003864734299516908,0.012560386473429951,0.004830917874396135,0.024154589371980676,0.010628019323671498,0.13719806763285025,0.000966183574879227,0.07149758454106281
0.36846689895470386,0.004355400696864111,0.08797909407665505,0.002613240418118467,0.004355400696864111,0.20034843205574912,0.006097560975609756,0.04355400696864112,0.006968641114982578,0.0156794425087108,0.003484320557491289,0.033101045296167246,0.01132404181184669,0.1367595818815331,0.0008710801393728223,0.0740418118466899
0.38049560351718625,0.005595523581135092,0.08073541167066348,0.0015987210231814548,0.005595523581135092,0.20223820943245405,0.005595523581135092,0.0407673860911271,0.007194244604316547,0.01598721023181455,0.003996802557953637,0.03437250199840128,0.011191047162270184,0.12470023980815348,0.0015987210231814548,0.07833733013589128
0.36892488954344627,0.005891016200294551,0.07731958762886598,0.0029455081001472753,0.004418262150220913,0.20618556701030927,0.003681885125184094,0.042709867452135494,0.0066273932253313695,0.015463917525773196,0.004418262150220913,0.042709867452135494,0.011782032400589101,0.12150220913107511,0.0022091310751104565,0.08321060382916053
0.37525083612040133,0.006020066889632107,0.07625418060200669,0.004013377926421404,0.0046822742474916385,0.2020066889632107,0.0046822742474916385,0.03745819397993311,0.005351170568561873,0.01939799331103679,0.004013377926421404,0.044816053511705686,0.012709030100334449,0.11906354515050167,0.002006688963210702,0.0822742474916388
0.3719165085388994,0.006325110689437065,0.07590132827324478,0.004427577482605946,0.004427577482605946,0.19734345351043645,0.0056925996204933585,0.03731815306767868,0.003795066413662239,0.020872865275142316,0.004427577482605946,0.0480708412397217,0.012017710309930424,0.11764705882352941,0.0018975332068311196,0.08791903858317521
0.36656534954407294,0.0060790273556231,0.0790273556231003,0.00425531914893617,0.00425531914893617,0.19939209726443768,0.004863221884498481,0.04072948328267477,0.00425531914893617,0.019452887537993922,0.00364741641337386,0.05410334346504559,0.01276595744680851,0.1148936170212766,0.00182370820668693,0.08389057750759879
0.35797438882421423,0.007566938300349243,0.0739231664726426,0.004656577415599534,0.004656577415599534,0.19150174621653085,0.004656577415599534,0.04190919674039581,0.007566938300349243,0.020954598370197905,0.0034924330616996507,0.05878928987194412,0.013969732246798603,0.1169965075669383,0.002328288707799767,0.0890570430733411
0.35190292333149475,0.007170435741864313,0.07335907335907337,0.00441257584114727,0.004964147821290678,0.18698290126861555,0.003309431880860452,0.04467733039161611,0.006618863761720904,0.019856591285162713,0.003861003861003861,0.06398234969663541,0.015995587424158852,0.11858797573083288,0.001654715940430226,0.09266409266409266
0.3494041170097508,0.009209100758396533,0.07204767063921994,0.0065005417118093175,0.005958829902491874,0.1820151679306609,0.0027085590465872156,0.044420368364030335,0.007583965330444204,0.017876489707475622,0.0032502708559046588,0.0628385698808234,0.018418201516793065,0.11917659804983749,0.0016251354279523294,0.09696641386782232
0.3517169614984391,0.009365244536940686,0.07388137356919876,0.007284079084287201,0.006763787721123829,0.17898022892819979,0.0036420395421436005,0.044745057232049947,0.007284079084287201,0.01768990634755463,0.004682622268470343,0.06815816857440167,0.018210197710718003,0.11290322580645161,0.003121748178980229,0.09157127991675339
0.3469079939668175,0.00904977375565611,0.06737053795877325,0.006033182503770739,0.005530417295123178,0.17546505781799898,0.005027652086475616,0.04524886877828054,0.007541478129713424,0.0196078431372549,0.005027652086475616,0.07742584213172449,0.020613373554550025,0.11362493715434892,0.0030165912518853697,0.09250879839115134
0.34247917687408136,0.008819206271435572,0.06565409113179814,0.006859382655560999,0.006859382655560999,0.17589416952474277,0.004409603135717786,0.04654581087702107,0.006859382655560999,0.018128368446839783,0.005389514943655071,0.082312591866732,0.019598236158745713,0.11170994610485056,0.0034296913277804997,0.0950514453699167
0.3430761859127935,0.009103977000479156,0.06660277910876856,0.006229036895064686,0.009103977000479156,0.17105893627216098,0.003833253473885961,0.048873981792046,0.006229036895064686,0.01820795400095831,0.004312410158121706,0.08912314326784859,0.021082894106372783,0.10781025395304264,0.0028749401054144704,0.0924772400574988
0.3468235294117647,0.009411764705882352,0.06447058823529411,0.006588235294117647,0.008941176470588235,0.16047058823529411,0.0042352941176470585,0.04894117647058824,0.00611764705882353,0.01835294117647059,0.0042352941176470585,0.09364705882352942,0.02211764705882353,0.10541176470588236,0.0032941176470588237,0.09694117647058824
0.3524249422632795,0.009699769053117783,0.0651270207852194,0.006928406466512702,0.008314087759815243,0.15750577367205543,0.004157043879907622,0.05034642032332563,0.006004618937644342,0.018475750577367205,0.003695150115473441,0.09561200923787529,0.023094688221709007,0.10023094688221709,0.003233256351039261,0.09515011547344111
0.3547945205479452,0.009589041095890411,0.06575342465753424,0.00821917808219178,0.009589041095890411,0.154337899543379,0.00410958904109589,0.050684931506849315,0.0073059360730593605,0.01872146118721461,0.00410958904109589,0.09406392694063927,0.024657534246575342,0.09634703196347032,0.0036529680365296802,0.09406392694063927
0.34509271822704657,0.009497964721845319,0.06377204884667571,0.007236544549977386,0.009045680687471733,0.15287200361827227,0.005427408412483039,0.0506558118498417,0.007236544549977386,0.020805065581184983,0.0067842605156037995,0.09678878335594754,0.028493894165535955,0.09769335142469471,0.003165988240615106,0.09543193125282677
0.34692069118298624,0.011076650420912717,0.06114311032343819,0.00664599025254763,0.010633584404076208,0.15064244572441293,0.006202924235711121,0.05050952591936198,0.007975188303057155,0.020824102791315906,0.008418254319893664,0.0974745237040319,0.027913159060700046,0.09836065573770492,0.003987594151528578,0.09127159946832078
0.3478835978835979,0.01455026455026455,0.057760141093474424,0.007936507936507936,0.010582010582010581,0.14638447971781304,0.006613756613756613,0.05202821869488536,0.007495590828924162,0.01984126984126984,0.00837742504409171,0.09964726631393298,0.029982363315696647,0.09435626102292768,0.0048500881834215165,0.09171075837742504
0.3458149779735683,0.014537444933920705,0.057709251101321586,0.009251101321585903,0.009691629955947136,0.14757709251101322,0.007488986784140969,0.05110132158590308,0.009251101321585903,0.019823788546255508,0.006607929515418502,0.09691629955947137,0.03259911894273128,0.0960352422907489,0.004845814977973568,0.0907488986784141
0.3478835978835979,0.016313932980599646,0.05335097001763668,0.012345679012345678,0.010582010582010581,0.14638447971781304,0.007054673721340388,0.05026455026455026,0.00837742504409171,0.024691358024691357,0.007495590828924162,0.09567901234567901,0.029982363315696647,0.09215167548500881,0.005291005291005291,0.09215167548500881
0.345881310894597,0.01550044286979628,0.054030115146147036,0.012843224092116917,0.010186005314437556,0.14570416297608504,0.0070859167404783,0.0491585473870682,0.008857395925597875,0.025686448184233834,0.007528786536758193,0.09388839681133747,0.03454384410983171,0.09565987599645705,0.005314437555358724,0.08813108945969884
0.34799824021117465,0.01627804663440387,0.05323361196656401,0.014078310602727673,0.010118785745710514,0.14518257809062912,0.007479102507699076,0.049714034315882095,0.008358996920369555,0.025516937967443906,0.008358996920369555,0.09546854377474703,0.033875934887813465,0.09326880774307084,0.005719313682358117,0.08534975802903652
0.34887813462384515,0.014958205015398152,0.05191377034755829,0.01627804663440387,0.008798944126704795,0.14562252529696437,0.007039155301363837,0.051473823141223056,0.007919049714034315,0.024197096348438186,0.007039155301363837,0.0963484381874175,0.03343598768147822,0.09282886053673559,0.004839419269687638,0.08842938847338319
0.34738243123336293,0.01419698314108252,0.052795031055900624,0.013309671694764862,0.008429458740017746,0.14862466725820764,0.006211180124223602,0.051907719609582965,0.0075421472937000885,0.026619343389529725,0.00709849157054126,0.09228039041703638,0.035048802129547474,0.09582963620230701,0.005323868677905945,0.08740017746228926
0.3422340898976413,0.013796172674677348,0.05028927458834001,0.014686248331108143,0.00801068090787717,0.14597240765465064,0.0053404539385847796,0.05562972852692479,0.008900756564307966,0.0258121940364931,0.0075656430796617715,0.09523809523809523,0.035603026257231864,0.09879839786381843,0.0053404539385847796,0.08678237650200267
0.3510874389702619,0.013315579227696404,0.04837993786063027,0.015090989791389259,0.007989347536617843,0.14602751886373724,0.005326231691078562,0.0559254327563249,0.008433200177541057,0.02529960053262317,0.007545494895694629,0.09720372836218376,0.032845095428317796,0.09986684420772303,0.005326231691078562,0.08033732800710164
0.352317880794702,0.013245033112582781,0.045474613686534215,0.01545253863134658,0.00706401766004415,0.1479028697571744,0.005298013245033113,0.05607064017660044,0.0075055187637969095,0.024282560706401765,0.007947019867549669,0.09315673289183223,0.03399558498896247,0.10375275938189846,0.005739514348785872,0.08079470198675497
0.3605112384310269,0.011899515204936095,0.043190832966064345,0.01762891141472014,0.007933010136624064,0.14720141031291317,0.004847950639048039,0.052886734244160426,0.007933010136624064,0.02379903040987219,0.006610841780520053,0.09167033935654473,0.03305420890260027,0.10224768620537682,0.00617011899515205,0.08241516086381666
0.35615829257447756,0.010226767452200978,0.0426856380613606,0.018674966651845263,0.008448199199644287,0.14895509115162295,0.005335704757670075,0.05646954201867497,0.008003557136505114,0.02401067140951534,0.007114273010226767,0.08848377056469542,0.03423743886171632,0.10093374833259226,0.006224988883948421,0.0840373499333037
0.3607929515418502,0.009691629955947136,0.04361233480176212,0.017180616740088105,0.009251101321585903,0.1458149779735683,0.0052863436123348016,0.05418502202643172,0.007929515418502203,0.02158590308370044,0.007048458149779736,0.086784140969163,0.039647577092511016,0.10088105726872247,0.0052863436123348016,0.08502202643171806
0.35870048954161105,0.009345794392523364,0.04316866933689364,0.016911437472185136,0.011570983533600357,0.15131286159323543,0.004895416110369382,0.05384957721406319,0.008900756564307966,0.019581664441477527,0.007120605251446373,0.08322207387627949,0.04227859368046284,0.10146862483311081,0.006230529595015576,0.0814419225634179
0.3611357586512866,0.01020408163265306,0.04081632653061224,0.019964507542147295,0.012422360248447204,0.1481810115350488,0.0044365572315882874,0.05102040816326531,0.009316770186335404,0.021739130434782608,0.00709849157054126,0.08163265306122448,0.044365572315882874,0.10115350488021295,0.006654835847382431,0.07985803016858918
0.3649184662847069,0.010577346848832084,0.041427941824592335,0.019391802556192154,0.0123402379903041,0.14631996474217718,0.003966505068312032,0.048920229175848394,0.009255178492728075,0.022917584839136182,0.00749228735125606,0.08241516086381666,0.042309387395328336,0.09960334949316879,0.006610841780520053,0.08153371529308065
0.35998233215547704,0.011925795053003533,0.04063604240282685,0.017226148409893994,0.011925795053003533,0.14708480565371024,0.006183745583038869,0.04946996466431095,0.0088339222614841,0.022968197879858657,0.007950530035335688,0.08436395759717315,0.04240282685512368,0.10159010600706714,0.007950530035335688,0.07950530035335689
0.3556541019955654,0.011086474501108648,0.03991130820399113,0.01507760532150776,0.01197339246119734,0.14634146341463414,0.004878048780487805,0.05321507760532151,0.008869179600886918,0.023059866962305987,0.00975609756097561,0.08470066518847007,0.04611973392461197,0.10022172949002217,0.007095343680709534,0.082039911308204
0.36118479221927496,0.011494252873563218,0.03669319186560566,0.016357206012378427,0.011936339522546418,0.14809902740937222,0.004420866489832007,0.05349248452696728,0.007957559681697613,0.025198938992042442,0.010167992926613616,0.08178603006189213,0.04332449160035367,0.09991158267020336,0.007515473032714412,0.08045977011494253
0.36138175376439324,0.010628875110717449,0.03454384410983171,0.013286093888396812,0.013286093888396812,0.15057573073516387,0.0044286979627989375,0.053144375553587246,0.008857395925597875,0.02612931798051373,0.00841452612931798,0.08813108945969884,0.0420726306465899,0.09920283436669619,0.0070859167404783,0.07883082373782108
0.35446939674152356,0.011008366358432409,0.035667107001321,0.01453104359313078,0.012769704975781594,0.14927344782034346,0.004403346543372964,0.05636283575517393,0.00836635843240863,0.02686041391457508,0.007045354469396741,0.08542492294143549,0.04491413474240423,0.09687362395420519,0.007045354469396741,0.08498458828709819
0.3531483927785117,0.013210039630118891,0.03522677234698371,0.016292382210479964,0.013650374284456186,0.14663143989431968,0.003963011889035667,0.05592250110083664,0.00836635843240863,0.02906208718626156,0.006164685160722149,0.0845442536327609,0.046235138705416116,0.09202994275649494,0.0066050198150594455,0.08894760017613386
0.35758106923751093,0.012708150744960562,0.03418054338299737,0.015775635407537247,0.014899211218229623,0.14285714285714285,0.0026292725679228747,0.05696757230499562,0.007887817703768623,0.028921998247151623,0.007887817703768623,0.08720420683610867,0.044697633654688866,0.09246275197195443,0.006134969325153374,0.08720420683610867
0.35375055481580114,0.010652463382157125,0.033288948069241014,0.016422547714158898,0.014203284509542832,0.14292055037727475,0.0022192632046160675,0.05814469596094097,0.007101642254771416,0.027075011096316024,0.008433200177541057,0.08743897026187306,0.05015534842432313,0.09365290723479805,0.007545494895694629,0.08699511762094984
0.3515178178618566,0.010118785745710514,0.032116146062472505,0.01627804663440387,0.013638363396392433,0.14474263088429387,0.002199736031676199,0.06027276726792785,0.009238891333040036,0.027716673999120107,0.007479102507699076,0.08227012758468984,0.050593928728552576,0.09282886053673559,0.007479102507699076,0.09150901891772988
0.3523683045595396,0.009296148738379814,0.03275785745905268,0.017264276228419653,0.01416555998229305,0.14121292607348385,0.0026560424966799467,0.06374501992031872,0.007525453740593183,0.027888446215139442,0.00796812749003984,0.08056662239929172,0.05179282868525897,0.0934041611332448,0.007082779991146525,0.0903054448871182
0.3550948389942655,0.010145566828407587,0.032201146890163214,0.018526687251874726,0.012792236435818262,0.1415968239964711,0.0030877812086457872,0.06793118659020732,0.0061755624172915745,0.02867225408028231,0.007940008822232024,0.07675341861490957,0.049404499338332596,0.09131010145566829,0.0070577856197618,0.09131010145566829
0.34951456310679613,0.0088261253309797,0.03000882612533098,0.019417475728155338,0.015445719329214475,0.1407766990291262,0.002206531332744925,0.06796116504854369,0.00617828773168579,0.03000882612533098,0.008384819064430714,0.0794351279788173,0.052515445719329215,0.09135039717563989,0.006619593998234775,0.09135039717563989
0.3451050514081359,0.007152436298614216,0.028609745194456863,0.019669199821189094,0.016540008940545373,0.1430487259722843,0.002682163611980331,0.06437192668752793,0.007599463567277604,0.029503799731783638,0.008493518104604381,0.08314707197139025,0.05453732677693339,0.0929816718819848,0.006705409029950827,0.08985248100134108
0.3472840605520926,0.009349955476402494,0.02894033837934105,0.0213713268032057,0.015138023152270703,0.13846838824577026,0.003561887800534283,0.06277827248441674,0.008904719501335707,0.032056990204808546,0.008459483526268923,0.07969723953695458,0.058771148708815675,0.0886019590382903,0.006233303650934996,0.09038290293855744
0.3544809228039042,0.009760425909494233,0.026175687666370896,0.022182786157941437,0.014640638864241348,0.1313220940550133,0.0044365572315882874,0.06255545696539486,0.008873114463176575,0.03194321206743567,0.008429458740017746,0.07630878438331855,0.058118899733806566,0.09094942324755989,0.006654835847382431,0.09316770186335403
0.34926958831341304,0.009296148738379814,0.02611775121735281,0.02257636122177955,0.01416555998229305,0.13147410358565736,0.00398406374501992,0.06640106241699867,0.01018149623727313,0.033200531208499334,0.008410801239486499,0.07791057990261177,0.05887560867640549,0.08942009738822487,0.00796812749003984,0.09074811863656485
0.3524229074889868,0.009691629955947136,0.026872246696035242,0.023348017621145373,0.015418502202643172,0.1303964757709251,0.0030837004405286344,0.06828193832599119,0.012334801762114538,0.029515418502202642,0.00881057268722467,0.07929515418502203,0.055947136563876655,0.08898678414096917,0.007048458149779736,0.08854625550660793
0.3533067021748779,0.010208610741233911,0.028406569019085663,0.023524189968930315,0.014203284509542832,0.1287172658677319,0.0031069684864624943,0.06569019085663559,0.011096316023080338,0.02929427430093209,0.009320905459387484,0.07723035952063914,0.06125166444740346,0.08655126498002663,0.007545494895694629,0.09054593874833555
0.35410267661254935,0.010969723562966213,0.025010969723562967,0.021939447125932425,0.015357612988152698,0.13251426064063185,0.0017551557700745941,0.06406318560772269,0.011408512505484861,0.028521281263712155,0.009653356735410267,0.07810443176831944,0.06406318560772269,0.08600263273365512,0.008336989907854322,0.08819657744624836
0.352,0.012,0.024888888888888887,0.024,0.014222222222222223,0.12977777777777777,0.0022222222222222222,0.06444444444444444,0.011555555555555555,0.028444444444444446,0.009777777777777778,0.08088888888888889,0.06533333333333333,0.084,0.008,0.08844444444444445
0.3540097474523704,0.011519716437749225,0.024368630926007974,0.023925564909171467,0.014621178555604785,0.1338059370846256,0.003987594151528578,0.06335844040762073,0.012405848471422242,0.028799291094373063,0.011076650420912717,0.07753655294638902,0.06867523260965884,0.0815241470979176,0.006202924235711121,0.08418254319893664
0.3526805494018609,0.011076650420912717,0.024368630926007974,0.02303943287549845,0.014178112538768276,0.13026140894993354,0.004873726185201595,0.06025697828976517,0.011519716437749225,0.02924235711120957,0.011519716437749225,0.08063801506424458,0.07044749667700487,0.08329641116526362,0.007532122286220647,0.08506867523260966
0.3535666814355339,0.011962782454585734,0.024811696942844484,0.023925564909171467,0.015064244572441293,0.12317235268054941,0.004873726185201595,0.057598582188746125,0.011076650420912717,0.030571555161719097,0.010633584404076208,0.08019494904740807,0.07044749667700487,0.08772707133362871,0.007532122286220647,0.08684093929995569
0.35515258735072974,0.009730207872622734,0.02476780185758514,0.022556390977443608,0.016364440513047324,0.1309155241043786,0.003980539584254755,0.05616983635559487,0.010614772224679346,0.03051747014595312,0.009730207872622734,0.08137992038920831,0.06855373728438743,0.08624502432551968,0.00796107916850951,0.08536045997346307
0.3534100974313552,0.010186005314437556,0.024357838795394153,0.019929140832595216,0.017271922054915855,0.13064658990256864,0.00487156775907883,0.05270150575730735,0.011514614703277236,0.03188662533215235,0.010186005314437556,0.08635961027457928,0.07130203720106289,0.0845881310894597,0.007971656333038087,0.08281665190434012
0.34988913525498894,0.00975609756097561,0.0270509977827051,0.01951219512195122,0.01729490022172949,0.13215077605321507,0.004878048780487805,0.054988913525498895,0.012416851441241685,0.02926829268292683,0.009312638580931265,0.08780487804878048,0.07184035476718403,0.08647450110864745,0.008425720620842573,0.07893569844789357
0.35090828533451485,0.00974745237040319,0.0256978289765175,0.023482498892334957,0.014178112538768276,0.13026140894993354,0.003987594151528578,0.057155516171909615,0.01329198050509526,0.028799291094373063,0.008861320336730172,0.08905626938413824,0.07266282676118742,0.08329641116526362,0.008418254319893664,0.08019494904740807
0.3555458132398071,0.009644892590968873,0.02367382726874178,0.02235861464270057,0.0131521262604121,0.13546690048224463,0.0035072336694432268,0.05523893029373082,0.014028934677772907,0.02893467777290662,0.00920648838228847,0.08855765015344147,0.07409031126698816,0.0797895659798334,0.008768084173608066,0.07803594914511179
0.3514460999123576,0.008764241893076249,0.01971954425942156,0.024101665205959685,0.014899211218229623,0.13584574934268187,0.004820333041191937,0.05433829973707274,0.014460999123575811,0.028921998247151623,0.008764241893076249,0.09027169149868536,0.0736196319018405,0.08238387379491674,0.011393514460999123,0.07624890446976336
0.34868421052631576,0.010087719298245614,0.019736842105263157,0.02675438596491228,0.015789473684210527,0.13333333333333333,0.004824561403508772,0.05350877192982456,0.012719298245614035,0.031140350877192982,0.010087719298245614,0.0881578947368421,0.07543859649122807,0.08114035087719298,0.010964912280701754,0.07763157894736843
0.35435830048182215,0.011388523872098117,0.02014892685063513,0.02715724923346474,0.014892685063512922,0.1287779237844941,0.004380201489268506,0.051248357424441525,0.013140604467805518,0.032413491020586944,0.011388523872098117,0.08716600963644328,0.07533946561541831,0.08453788874288218,0.009636443276390714,0.07402540516863776
0.3509551310528654,0.011550422034651266,0.019102621057307864,0.025322079075966238,0.01332741003998223,0.1310528653931586,0.00444247001332741,0.05242114615726344,0.011994669035984007,0.029320302087960905,0.010217681030653044,0.09195912927587739,0.07774322523322967,0.08707241226121723,0.009773434029320302,0.073745002221235
0.3517364203027605,0.012021371326803205,0.018699910952804988,0.025823686553873553,0.012466607301869992,0.13846838824577026,0.004007123775601068,0.05120213713268032,0.011130899376669634,0.02983081032947462,0.01157613535173642,0.09216384683882457,0.0730186999109528,0.08593054318788958,0.009349955476402494,0.07257346393588603
0.35239771227452704,0.012758468983721953,0.01847778266608007,0.025076990761108666,0.013198416190057193,0.13330400351957766,0.004839419269687638,0.048834139903211615,0.010558732952045754,0.029916410030796304,0.013198416190057193,0.09546854377474703,0.07611086669599648,0.08139023317201936,0.009238891333040036,0.075230972283326
0.34899034240561894,0.012291483757682178,0.01755926251097454,0.025899912203687446,0.013169446883230905,0.13388937664618086,0.004828797190517998,0.046532045654082525,0.012730465320456541,0.031167690956979806,0.013169446883230905,0.09394205443371378,0.07682177348551361,0.08121158911325724,0.009218612818261633,0.07857769973661106
0.34914361001317523,0.012736056214317084,0.015810276679841896,0.024593763724198508,0.012736056214317084,0.13438735177865613,0.005709266578831796,0.046991655687307864,0.010540184453227932,0.032059727711901624,0.014053579270970576,0.09574000878348704,0.07949055775142731,0.08036890645586298,0.007905138339920948,0.077733860342556
0.3501962494548626,0.011774967291757523,0.016572176188399478,0.027474923680767552,0.013083296990841693,0.1378107283035325,0.004797208896641954,0.044483209768861755,0.010466637592673354,0.030963802878325338,0.013955516790231139,0.09289140863497601,0.08024422154382904,0.07849978194505015,0.007849978194505015,0.07893589184474488
0.35056967572305,0.011831726555652936,0.017090271691498685,0.028921998247151623,0.012269938650306749,0.13102541630148992,0.0056967572304995615,0.04688869412795793,0.011831726555652936,0.03418054338299737,0.012269938650306749,0.09290096406660824,0.08106923751095531,0.07537248028045573,0.009640666082383873,0.07843996494303243
0.35216819973718794,0.011826544021024968,0.017520805957074025,0.02803328953131844,0.013140604467805518,0.12921594393342092,0.004818221638195357,0.04730617608409987,0.011388523872098117,0.033289531318440646,0.012702584318878668,0.09110819097678494,0.08059570740254052,0.07884362680683311,0.009636443276390714,0.07840560665790626
0.3644859813084112,0.011125945705384957,0.01557632398753894,0.028037383177570093,0.013796172674677348,0.1272808188696039,0.004450378282153983,0.04494882064975523,0.009345794392523364,0.032932799287939477,0.013796172674677348,0.08945260347129506,0.08188696039163329,0.0801068090787717,0.010680907877169559,0.07209612817089453
0.35673034207019105,0.010217681030653044,0.016881386050644157,0.02798756108396268,0.014215904042647711,0.13149711239449133,0.003998223011994669,0.04931141714793425,0.00888494002665482,0.03331852509995557,0.013771657041314972,0.08796090626388271,0.08040870724122612,0.0790759662372279,0.00888494002665482,0.07685473123056419
0.3627968337730871,0.010114335971855761,0.0158311345646438,0.028583992963940194,0.012313104661389622,0.13280562884784522,0.00395778364116095,0.047053649956024624,0.007475813544415127,0.03386103781882146,0.012752858399296393,0.0870712401055409,0.08311345646437995,0.08091468777484609,0.009674582233948988,0.07167985927880387
0.36419753086419754,0.010141093474426807,0.017195767195767195,0.027777777777777776,0.013227513227513227,0.13271604938271606,0.003968253968253968,0.04717813051146384,0.007495590828924162,0.03218694885361552,0.01146384479717813,0.08597883597883597,0.0855379188712522,0.07716049382716049,0.00837742504409171,0.07539682539682539
0.3673740053050398,0.008841732979664015,0.017241379310344827,0.028735632183908046,0.01282051282051282,0.129973474801061,0.004862953138815208,0.046419098143236075,0.006631299734748011,0.03094606542882405,0.011052166224580018,0.08974358974358974,0.08443854995579134,0.07559681697612732,0.007957559681697613,0.07736516357206012
0.36194690265486723,0.009292035398230088,0.016371681415929203,0.03185840707964602,0.012831858407079646,0.12787610619469025,0.005752212389380531,0.046902654867256637,0.007079646017699115,0.03185840707964602,0.010619469026548672,0.08716814159292036,0.08584070796460178,0.07831858407079646,0.007964601769911504,0.07831858407079646
0.36029733275032794,0.009182334936598164,0.017052907739396588,0.030170529077393964,0.012680367293397464,0.12811543506777437,0.006121556624398776,0.050284215128989944,0.006558810668998688,0.031482291211193704,0.010056843025797988,0.08788806296458242,0.08439003060778312,0.07826847398338435,0.007433318758198513,0.080017490161784
0.353927625772286,0.0088261253309797,0.017210944395410415,0.03177405119152692,0.01235657546337158,0.13018534863195058,0.00617828773168579,0.05119152691968226,0.00794351279788173,0.03133274492497794,0.011032656663724626,0.08781994704324801,0.0851721094439541,0.07987643424536628,0.007502206531332745,0.07766990291262135
0.3509551310528654,0.009329187027987561,0.0173256330519769,0.03109729009329187,0.011106175033318524,0.12927587738782764,0.007107952021323856,0.04931141714793425,0.008440693025322079,0.03198578409595735,0.009329187027987561,0.09151488227454464,0.08618391825855176,0.0790759662372279,0.007996446023989337,0.07996446023989338
0.35379219640508547,0.00920648838228847,0.016659359929855327,0.03419552827707146,0.01183691363437089,0.13327487943884261,0.007452871547566856,0.04997807978956598,0.008329679964927663,0.032003507233669445,0.008768084173608066,0.08811924594476107,0.08373520385795703,0.0789127575624726,0.006137658921525646,0.0775975449364314
0.3474426807760141,0.009259259259259259,0.017195767195767195,0.033950617283950615,0.012786596119929453,0.13315696649029982,0.009259259259259259,0.04982363315696649,0.008818342151675485,0.03262786596119929,0.009259259259259259,0.08862433862433862,0.08686067019400352,0.07804232804232804,0.005731922398589065,0.07716049382716049
0.3451443569553806,0.008748906386701663,0.016622922134733157,0.0336832895888014,0.01268591426071741,0.13604549431321084,0.008748906386701663,0.051181102362204724,0.008748906386701663,0.0310586176727909,0.009186351706036745,0.08792650918635171,0.08792650918635171,0.08223972003499562,0.004374453193350831,0.07567804024496938
0.35126722987994663,0.00755891507336594,0.017341040462427744,0.03334815473543797,0.012449977767896843,0.13250333481547355,0.009782125389061804,0.05113383726100489,0.008892841262783458,0.0329035126722988,0.009337483325922631,0.08448199199644287,0.08626056024899956,0.082258781680747,0.004001778568252557,0.07647843485993774
0.35402906208718626,0.008806693086745927,0.016292382210479964,0.034346103038309116,0.011008366358432409,0.1334214002642008,0.010568031704095112,0.05151915455746367,0.007485689123734038,0.032144429766622636,0.007045354469396741,0.08630559225011009,0.08674592690444738,0.07881990312637605,0.004403346543372964,0.07705856450902686
0.35288888888888886,0.008,0.013777777777777778,0.034666666666666665,0.013777777777777778,0.13466666666666666,0.010222222222222223,0.050666666666666665,0.008888888888888889,0.033777777777777775,0.0071111111111111115,0.08666666666666667,0.08977777777777778,0.07466666666666667,0.0044444444444444444,0.076
0.3534330985915493,0.009242957746478873,0.013644366197183098,0.035211267605633804,0.014524647887323943,0.1289612676056338,0.01056338028169014,0.05017605633802817,0.009242957746478873,0.03477112676056338,0.006602112676056338,0.0880281690140845,0.08934859154929578,0.07394366197183098,0.0048415492957746475,0.07746478873239436
0.35117204776647504,0.010614772224679346,0.0145953118089341,0.0367094206103494,0.014153029632905795,0.12737726669615215,0.010614772224679346,0.04953560371517028,0.009730207872622734,0.033171163202122954,0.007076514816452897,0.08934099955771782,0.09420610349402919,0.07076514816452897,0.006191950464396285,0.07474568774878372
0.3568242640499554,0.010258697591436218,0.013380909901873328,0.03568242640499554,0.014272970561998216,0.1302408563782337,0.009812667261373774,0.04861730597680642,0.007136485280999108,0.0352363960749331,0.006690454950936664,0.08742194469223907,0.09232827832292596,0.07136485280999108,0.005798394290811775,0.07493309545049064
0.35255281690140844,0.010123239436619719,0.013644366197183098,0.03961267605633803,0.013644366197183098,0.1324823943661972,0.008802816901408451,0.04621478873239437,0.006161971830985915,0.03301056338028169,0.005721830985915493,0.0840669014084507,0.09903169014084508,0.07042253521126761,0.006161971830985915,0.07834507042253522
0.3542126157917953,0.011468901632112925,0.013233348037053375,0.0388178209086899,0.0141155712395236,0.1301279223643582,0.00882223202470225,0.04764005293339215,0.0066166740185266875,0.03396559329510366,0.004852227613586237,0.0846934274371416,0.10101455668284076,0.07101896779885311,0.00529333921482135,0.0741067490074989
0.35660957400087834,0.010540184453227932,0.012296881862099254,0.03864734299516908,0.012736056214317084,0.1326306543697848,0.010101010101010102,0.04435660957400088,0.006587615283267457,0.03469477382520861,0.004830917874396135,0.08519982433025912,0.10013175230566534,0.07114624505928854,0.005709266578831796,0.07378129117259552
0.36066288704753596,0.0113388573920628,0.013083296990841693,0.03794156127344091,0.012211077191452245,0.1282163105102486,0.0113388573920628,0.042302660270388134,0.006977758395115569,0.03619712167466201,0.004797208896641954,0.08111644134321849,0.10423026602703882,0.07108591365023986,0.005233318796336677,0.07326646314871348
0.3605169340463458,0.011586452762923352,0.013368983957219251,0.03787878787878788,0.011586452762923352,0.12388591800356506,0.010249554367201427,0.040106951871657755,0.008467023172905526,0.035204991087344026,0.004456327985739751,0.08600713012477719,0.10427807486631016,0.07620320855614973,0.0053475935828877,0.07085561497326204
0.36223591549295775,0.009683098591549295,0.013204225352112676,0.03961267605633803,0.011443661971830986,0.12764084507042253,0.01056338028169014,0.03873239436619718,0.009242957746478873,0.03125,0.0044014084507042256,0.08274647887323944,0.10783450704225352,0.07482394366197183,0.00528169014084507,0.07130281690140845
0.366079295154185,0.01013215859030837,0.011894273127753305,0.03832599118942731,0.010572687224669603,0.12511013215859032,0.01145374449339207,0.04185022026431718,0.008370044052863436,0.03171806167400881,0.003524229074889868,0.08325991189427313,0.10881057268722467,0.07312775330396476,0.005726872246696035,0.07004405286343612
0.36617262423714037,0.010462074978204011,0.01002615518744551,0.03792502179598954,0.012205754141238012,0.12336530078465563,0.010897994768962511,0.04054054054054054,0.007846556233653008,0.03182214472537053,0.0034873583260680036,0.08369659982563209,0.10941586748038361,0.07105492589363557,0.006538796861377506,0.07454228421970358
0.368512865242041,0.012211077191452245,0.0113388573920628,0.04099433057130397,0.0113388573920628,0.1229829917139119,0.01003052769297863,0.040558220671609246,0.008286088094199739,0.0340165721761884,0.0039249890972525075,0.08286088094199738,0.10335804622764937,0.07021369385085041,0.008286088094199739,0.07108591365023986
0.35704816615112683,0.012814847547503314,0.01104728236853734,0.0415377817057004,0.013256738842244807,0.12638091029606716,0.010163499779054353,0.040653999116217414,0.008395934600088379,0.03844454264250994,0.004418912947414936,0.08440123729562528,0.103844454264251,0.07070260715863898,0.008837825894829872,0.06805125939019001
0.35686102586584834,0.012713722051731697,0.011398509425690487,0.042525208241999124,0.012713722051731697,0.12319158263919333,0.008768084173608066,0.041209995615957916,0.008329679964927663,0.037264357737834285,0.004822446295484437,0.08680403331871986,0.10258658483121438,0.07058307759754494,0.009644892590968873,0.07058307759754494
0.3564835164835165,0.012747252747252748,0.012307692307692308,0.047032967032967034,0.012747252747252748,0.11956043956043956,0.0074725274725274725,0.04263736263736264,0.007912087912087912,0.036923076923076927,0.004835164835164835,0.08615384615384615,0.10153846153846154,0.07208791208791208,0.01010989010989011,0.06945054945054945
0.3536423841059603,0.012803532008830023,0.013245033112582781,0.04900662251655629,0.011037527593818985,0.1196467991169978,0.006622516556291391,0.04061810154525387,0.007947019867549669,0.03708609271523179,0.005298013245033113,0.08962472406181016,0.10242825607064018,0.07108167770419425,0.008830022075055188,0.07108167770419425
0.35532102022867196,0.014511873350923483,0.011433597185576077,0.04793315743183817,0.010554089709762533,0.12005277044854881,0.006596306068601583,0.04221635883905013,0.008355321020228672,0.032981530343007916,0.005277044854881266,0.09058927000879508,0.10202286719437115,0.0712401055408971,0.009674582233948988,0.0712401055408971
0.35617039964866054,0.014492753623188406,0.013175230566534914,0.046991655687307864,0.00966183574879227,0.11989459815546773,0.007465963987703118,0.04259991216512956,0.00834431269213878,0.032498902064119456,0.004391743522178305,0.0878348704435661,0.10057092665788318,0.07422046552481334,0.010979358805445762,0.0707070707070707
0.35991189427312775,0.014096916299559472,0.014096916299559472,0.04801762114537445,0.01013215859030837,0.12070484581497798,0.007488986784140969,0.04229074889867841,0.007488986784140969,0.032158590308370046,0.004845814977973568,0.08590308370044053,0.09955947136563877,0.07356828193832599,0.010572687224669603,0.06916299559471366
0.35936814392277316,0.013163668275559455,0.013602457218078104,0.045634050021939446,0.010969723562966213,0.11759543659499781,0.007898200965335674,0.04256252742430891,0.007020623080298377,0.031154014918824045,0.00614304519526108,0.08556384379113646,0.10267661254936375,0.07371654234313295,0.009214567792891619,0.07371654234313295
