C_R,C_A,C_S,C_N,D_R,D_A,D_S,D_N,Oc_R,Oc_A,Oc_S,Oc_N,Od_R,Od_A,Od_S,Od_N
0.0,1.0,0.0,0.0,0.0,0.0,0.0,0.0,0.0,0.0,0.0,0.0,0.0,0.0,0.0,0.0
0.0,0.6666666666666666,0.0,0.0,0.0,0.0,0.0,0.0,0.0,0.0,0.0,0.0,0.0,0.0,0.3333333333333333,0.0
0.0,0.5714285714285714,0.0,0.0,0.0,0.0,0.0,0.0,0.0,0.0,0.0,0.0,0.0,0.0,0.42857142857142855,0.0
0.0,0.5,0.0,0.0,0.0,0.0,0.0,0.0,0.0,0.0,0.1,0.0,0.0,0.0,0.4,0.0
0.0,0.47058823529411764,0.0,0.0,0.0,0.0,0.0,0.11764705882352941,0.0,0.0,0.058823529411764705,0.0,0.0,0.0,0.35294117647058826,0.0
0.0,0.3333333333333333,0.0,0.0,0.0,0.037037037037037035,0.0,0.14814814814814814,0.0,0.0,0.07407407407407407,0.0,0.0,0.0,0.4074074074074074,0.0
0.0,0.325,0.0,0.0,0.0,0.0,0.0,0.15,0.05,0.0,0.1,0.0,0.0,0.0,0.375,0.0
0.0,0.38461538461538464,0.0,0.0,0.0,0.0,0.0,0.1346153846153846,0.038461538461538464,0.0,0.057692307692307696,0.0,0.0,0.0,0.38461538461538464,0.0
0.0,0.4246575342465753,0.0,0.0,0.0,0.0,0.0,0.136986301369863,0.0410958904109589,0.0,0.0547945205479452,0.0,0.0,0.0,0.3424657534246575,0.0
0.0,0.34375,0.0,0.0,0.0,0.0,0.020833333333333332,0.14583333333333334,0.0625,0.0,0.07291666666666667,0.0,0.0,0.0,0.3541666666666667,0.0
0.0,0.32592592592592595,0.0,0.0,0.0,0.0,0.037037037037037035,0.16296296296296298,0.06666666666666667,0.0,0.06666666666666667,0.0,0.0,0.0,0.34074074074074073,0.0
0.0,0.32571428571428573,0.0,0.0,0.0,0.011428571428571429,0.03428571428571429,0.14285714285714285,0.06857142857142857,0.0,0.08,0.005714285714285714,0.0,0.0,0.3314285714285714,0.0
0.0,0.3133047210300429,0.0,0.008583690987124463,0.0,0.012875536480686695,0.02575107296137339,0.15021459227467812,0.08583690987124463,0.0,0.07725321888412018,0.004291845493562232,0.0,0.0,0.3218884120171674,0.0
0.0,0.31456953642384106,0.0,0.019867549668874173,0.0,0.013245033112582781,0.023178807947019868,0.15894039735099338,0.08278145695364239,0.006622516556291391,0.08278145695364239,0.009933774834437087,0.0,0.0,0.28807947019867547,0.0
0.0,0.30412371134020616,0.0,0.02577319587628866,0.002577319587628866,0.010309278350515464,0.023195876288659795,0.16752577319587628,0.08505154639175258,0.002577319587628866,0.08247422680412371,0.01288659793814433,0.0,0.005154639175257732,0.27835051546391754,0.0
0.00411522633744856,0.28600823045267487,0.00411522633744856,0.03292181069958848,0.00205761316872428,0.01440329218106996,0.026748971193415638,0.16049382716049382,0.08024691358024691,0.00205761316872428,0.09465020576131687,0.01646090534979424,0.0,0.00823045267489712,0.2674897119341564,0.0
0.003401360544217687,0.2857142857142857,0.01020408163265306,0.03741496598639456,0.0017006802721088435,0.015306122448979591,0.030612244897959183,0.1598639455782313,0.0782312925170068,0.003401360544217687,0.09183673469387756,0.015306122448979591,0.0,0.01020408163265306,0.25510204081632654,0.0017006802721088435
0.004201680672268907,0.2759103641456583,0.011204481792717087,0.04201680672268908,0.0028011204481792717,0.02100840336134454,0.03081232492997199,0.1638655462184874,0.0742296918767507,0.008403361344537815,0.08823529411764706,0.0196078431372549,0.0,0.014005602240896359,0.23949579831932774,0.004201680672268907
0.006038647342995169,0.2753623188405797,0.012077294685990338,0.03864734299516908,0.0036231884057971015,0.026570048309178744,0.033816425120772944,0.16183574879227053,0.07608695652173914,0.006038647342995169,0.0893719806763285,0.025362318840579712,0.0012077294685990338,0.01932367149758454,0.21980676328502416,0.004830917874396135
0.009404388714733543,0.26227795193312436,0.012539184952978056,0.038662486938349006,0.006269592476489028,0.030303030303030304,0.03970741901776385,0.15151515151515152,0.07105538140020899,0.009404388714733543,0.09717868338557993,0.025078369905956112,0.0010449320794148381,0.022988505747126436,0.2142110762800418,0.008359456635318705
0.012149532710280374,0.2607476635514019,0.014953271028037384,0.04018691588785047,0.0065420560747663555,0.037383177570093455,0.04205607476635514,0.14579439252336449,0.07102803738317758,0.011214953271028037,0.09626168224299066,0.024299065420560748,0.002803738317757009,0.026168224299065422,0.20093457943925233,0.007476635514018692
0.01595298068849706,0.24769101595298068,0.020151133501259445,0.04114189756507137,0.008396305625524769,0.04114189756507137,0.04953820319059614,0.14777497900923595,0.06297229219143577,0.012594458438287154,0.0906801007556675,0.023509655751469353,0.005877413937867338,0.027707808564231738,0.19731318219983207,0.007556675062972292
0.01776061776061776,0.24478764478764478,0.022393822393822392,0.03861003861003861,0.010810810810810811,0.047104247104247106,0.04942084942084942,0.14208494208494207,0.061003861003861,0.013127413127413128,0.08648648648648649,0.02471042471042471,0.0069498069498069494,0.033204633204633204,0.1945945945945946,0.0069498069498069494
0.02102312543798178,0.23826208829712683,0.027330063069376315,0.04064470918009811,0.013314646110721794,0.04765241765942537,0.053258584442887176,0.13314646110721795,0.05956552207428171,0.014716187806587245,0.09530483531885074,0.020322354590049056,0.006306937631394534,0.032936229852838124,0.1885073580939033,0.007708479327259986
0.023346303501945526,0.23540856031128404,0.03437094682230869,0.03696498054474708,0.014915693904020753,0.048638132295719845,0.046044098573281456,0.12710765239948119,0.061608300907911806,0.01297016861219196,0.0940337224383917,0.023346303501945526,0.009079118028534372,0.035667963683527884,0.1893644617380026,0.007133592736705577
0.02452153110047847,0.2326555023923445,0.04066985645933014,0.03708133971291866,0.014952153110047847,0.05562200956937799,0.046052631578947366,0.12081339712918661,0.05562200956937799,0.01375598086124402,0.10107655502392345,0.019736842105263157,0.01076555023923445,0.037679425837320576,0.1812200956937799,0.00777511961722488
0.028635597978663673,0.22964626614261652,0.04828747894441325,0.035934868051656375,0.01909039865244245,0.05446378439079169,0.04267265581134194,0.1111734980348119,0.05334081976417743,0.016844469399213923,0.09882088714205503,0.020774845592363842,0.01403705783267827,0.0381807973048849,0.1785513756316676,0.009545199326221224
0.030142781597038603,0.22157588577472237,0.04970914859862507,0.03437334743521946,0.02009518773135907,0.060814383923849816,0.04706504494976203,0.1047065044949762,0.05182443151771549,0.02009518773135907,0.09888947646747752,0.023796932839767318,0.016922263352723427,0.04230565838180857,0.16816499206768906,0.009518773135906928
0.033299180327868855,0.2223360655737705,0.050204918032786885,0.035860655737704916,0.018442622950819672,0.06096311475409836,0.04252049180327869,0.10553278688524591,0.050204918032786885,0.019979508196721313,0.09528688524590163,0.020491803278688523,0.021004098360655737,0.042008196721311473,0.1716188524590164,0.010245901639344262
0.0314214463840399,0.21596009975062344,0.05187032418952618,0.035910224438902745,0.018453865336658354,0.06433915211970075,0.04488778054862843,0.10074812967581047,0.05087281795511222,0.018453865336658354,0.09775561097256857,0.02344139650872818,0.020947630922693267,0.0428927680798005,0.171571072319202,0.010473815461346634
0.03153368370759675,0.22025800286669853,0.05351170568561873,0.038222646918299095,0.019589106545628284,0.06354515050167224,0.04491161012900143,0.09603440038222646,0.05207835642618251,0.019111323459149548,0.09603440038222646,0.02150023889154324,0.02197802197802198,0.044433827042522696,0.16531294792164358,0.011944577161968466
0.03375527426160337,0.2222222222222222,0.051570557899671826,0.03609939052977028,0.02109704641350211,0.061415846225972806,0.04313173933427098,0.0947022972339428,0.05485232067510549,0.02203469292076887,0.08813877168307548,0.02344116268166901,0.02156586966713549,0.04688232536333802,0.1659634317862166,0.013127051101734646
0.036172161172161175,0.21932234432234432,0.052655677655677656,0.0347985347985348,0.022893772893772892,0.06227106227106227,0.044413919413919416,0.09203296703296704,0.05815018315018315,0.022893772893772892,0.09065934065934066,0.027014652014652016,0.021062271062271064,0.047619047619047616,0.1565934065934066,0.011446886446886446
0.03835740072202166,0.21525270758122744,0.04828519855595668,0.03564981949458484,0.02391696750902527,0.06543321299638989,0.044675090252707585,0.09115523465703972,0.05279783393501805,0.02572202166064982,0.08844765342960288,0.026624548736462094,0.02572202166064982,0.04783393501805054,0.1565884476534296,0.013537906137184115
0.03601981089599279,0.20981539846915803,0.052678973435389465,0.037370553804592525,0.0225123818099955,0.06528590724898695,0.04322377307519135,0.09725348941918055,0.052678973435389465,0.027915353444394417,0.08914903196758217,0.026114362899594776,0.02341287708239532,0.046375506528590724,0.15578568212516886,0.014407924358397118
0.03841000446627959,0.2090218847699866,0.05180884323358642,0.03573023671281822,0.02054488610987048,0.06386779812416257,0.042876284055381866,0.09245198749441715,0.05448861098704779,0.028584189370254576,0.09200535953550693,0.029030817329164807,0.026797677534613668,0.05046895935685574,0.14872711031710584,0.015185350602947744
0.04052863436123348,0.19779735682819383,0.051541850220264314,0.03832599118942731,0.02158590308370044,0.06431718061674009,0.042731277533039645,0.0920704845814978,0.05638766519823789,0.029515418502202642,0.08986784140969163,0.032158590308370046,0.02907488986784141,0.04889867841409692,0.14977973568281938,0.015418502202643172
0.040475142982842056,0.1979762428508579,0.049714034315882095,0.03915530136383634,0.02331720193576771,0.062032556093268805,0.04179498460184778,0.09018917729872415,0.055433347998240214,0.03167619885613726,0.09238891333040035,0.029916410030796304,0.032116146062472505,0.050593928728552576,0.14782226132864057,0.015398152221733392
0.0409150901891773,0.1970963484381874,0.049714034315882095,0.0409150901891773,0.02375714914210295,0.06071271447426309,0.0387153541575011,0.09106907171139464,0.05455345358556973,0.030356357237131544,0.09194896612406511,0.030796304443466784,0.03343598768147822,0.051473823141223056,0.14870215574131104,0.01583809942806863
0.04380530973451328,0.19336283185840708,0.048672566371681415,0.0415929203539823,0.023008849557522124,0.058849557522123896,0.03849557522123894,0.09380530973451327,0.05176991150442478,0.03008849557522124,0.0915929203539823,0.028761061946902654,0.03716814159292035,0.05088495575221239,0.15265486725663716,0.015486725663716814
0.046861184792219276,0.1870026525198939,0.050397877984084884,0.041998231653404064,0.021220159151193633,0.05791335101679929,0.04111405835543767,0.09195402298850575,0.054376657824933686,0.03050397877984085,0.09062776304155615,0.03183023872679045,0.03713527851458886,0.053934571175950484,0.14633068081343945,0.016799292661361626
0.046460176991150445,0.1902654867256637,0.04911504424778761,0.04424778761061947,0.018584070796460177,0.061061946902654866,0.0415929203539823,0.09070796460176991,0.05530973451327434,0.03274336283185841,0.08584070796460178,0.03185840707964602,0.03849557522123894,0.05221238938053097,0.14469026548672567,0.016814159292035398
0.047471162377994675,0.18589174800354924,0.04791481810115351,0.04702750665483585,0.021739130434782608,0.06033717834960071,0.04081632653061224,0.0865128660159716,0.05368234250221828,0.032830523513753325,0.08695652173913043,0.03149955634427684,0.040372670807453416,0.052795031055900624,0.14729370008873113,0.01685891748003549
0.04745166959578207,0.18365553602811951,0.048330404217926184,0.048330404217926184,0.01757469244288225,0.06019332161687171,0.03866432337434095,0.09050966608084358,0.05052724077328647,0.035588752196836555,0.08963093145869948,0.03427065026362039,0.04086115992970123,0.05360281195079086,0.14279437609841827,0.018014059753954304
0.047957371225577264,0.17495559502664298,0.047957371225577264,0.0452930728241563,0.018650088809946713,0.05994671403197158,0.03818827708703375,0.0941385435168739,0.05328596802841918,0.03463587921847247,0.08836589698046181,0.03463587921847247,0.04218472468916518,0.05550621669626998,0.14786856127886322,0.016429840142095916
0.050442477876106194,0.1743362831858407,0.047787610619469026,0.04601769911504425,0.019469026548672566,0.058849557522123896,0.03849557522123894,0.09336283185840707,0.05,0.03672566371681416,0.08805309734513274,0.034955752212389384,0.04292035398230089,0.05398230088495575,0.14734513274336283,0.017256637168141593
0.0521622826571556,0.1761034329023629,0.04770396790013375,0.04279982166740972,0.016941596076683014,0.057066428889879624,0.03923316986179224,0.09362460989745876,0.05082478823004904,0.03878733838609006,0.08872046366473473,0.03566651805617477,0.043691484618814086,0.057958091841284,0.1413285777975925,0.017387427552385197
0.05107881990312638,0.1800968736239542,0.04491413474240423,0.04535446939674152,0.01805372082782915,0.057683839718185824,0.03742844561867019,0.09467195068251871,0.052840158520475564,0.03786878027300748,0.08674592690444738,0.0361074416556583,0.041831792162043156,0.05680317040951123,0.14046675473359754,0.01805372082782915
0.05042016806722689,0.17381689517912427,0.04643962848297214,0.04732419283502875,0.01680672268907563,0.055285272003538256,0.03936311366651924,0.09420610349402919,0.05616983635559487,0.040689960194604156,0.08491817779743477,0.03847854931446263,0.040689960194604156,0.05749668288367979,0.1375497567448032,0.020344980097302078
0.05181576616474756,0.16607617360496013,0.04650132860938884,0.050487156775907885,0.018600531443755536,0.05580159433126661,0.03675819309123118,0.09964570416297608,0.05447298494242692,0.042515500442869794,0.0845881310894597,0.04118689105403012,0.04118689105403012,0.05890168290522586,0.1337466784765279,0.01771479185119575
0.05607064017660044,0.1673289183222958,0.04988962472406181,0.05033112582781457,0.018101545253863136,0.0565121412803532,0.03399558498896247,0.09403973509933775,0.053421633554083886,0.046799116997792496,0.08079470198675497,0.04150110375275938,0.04415011037527594,0.05783664459161148,0.12891832229580574,0.020309050772626933
0.05440982887231242,0.1645458534444932,0.04826678367705134,0.050021939447125935,0.019745502413339184,0.054848617814831066,0.03554190434401053,0.09126810004387889,0.05616498464238701,0.046072838964458095,0.07985958753839403,0.04212373848179026,0.046072838964458095,0.055287406757349715,0.13426941641070644,0.02150065818341378
0.054837271511368704,0.16317432010699956,0.04770396790013375,0.05082478823004904,0.02050824788230049,0.05617476593847526,0.03566651805617477,0.0927329469460544,0.05394560855996433,0.043691484618814086,0.07891217119928667,0.04057066428889879,0.04592064199732501,0.06018724921979492,0.12973695942933572,0.02541239411502452
0.05749668288367979,0.15877930119416186,0.04290137107474569,0.05174701459531181,0.022998673153471916,0.054400707651481646,0.03582485625829279,0.0950906678460858,0.053516143299425036,0.04467049977885891,0.07828394515701018,0.04113224237063246,0.048651039363113664,0.06015037593984962,0.12737726669615215,0.02697921273772667
0.056045895851721095,0.15931156222418358,0.04633715798764342,0.052515445719329215,0.02206531332744925,0.056045895851721095,0.0353045013239188,0.09311562224183584,0.0529567519858782,0.0441306266548985,0.0825242718446602,0.0410414827890556,0.04942630185348632,0.058693733451015,0.12400706090026478,0.0264783759929391
0.05966162065894924,0.1558325912733749,0.04719501335707925,0.05209260908281389,0.024933214603739984,0.05966162065894924,0.03294746215494212,0.09349955476402494,0.05209260908281389,0.043187889581478185,0.08147818343722173,0.0396260017809439,0.05031166518254675,0.05609973285841496,0.12377560106856635,0.027604630454140695
0.06043228936921041,0.15394794883105425,0.050727834142037936,0.05116894574327305,0.024261138067931187,0.055580061755624174,0.032642258491398325,0.09307454786060873,0.05249228054697839,0.043228936921041024,0.08292898103220114,0.03749448610498456,0.05116894574327305,0.061755624172915746,0.11777679752977503,0.031318923687692984
0.059375,0.15982142857142856,0.049107142857142856,0.049553571428571426,0.024107142857142858,0.054910714285714285,0.03526785714285714,0.09196428571428572,0.05044642857142857,0.04151785714285714,0.08482142857142858,0.039285714285714285,0.05178571428571429,0.06383928571428571,0.11383928571428571,0.030357142857142857
0.059555555555555556,0.1537777777777778,0.049777777777777775,0.051111111111111114,0.021777777777777778,0.06,0.03288888888888889,0.09111111111111111,0.052,0.04133333333333333,0.08266666666666667,0.03822222222222222,0.05333333333333334,0.06488888888888888,0.11422222222222222,0.03333333333333333
0.06111603188662533,0.15411868910540302,0.048715677590788306,0.05225863596102746,0.022586359610274578,0.05890168290522586,0.033215234720992026,0.08901682905225863,0.05181576616474756,0.04030115146147033,0.08281665190434012,0.03454384410983171,0.053144375553587246,0.06820194862710363,0.1133746678476528,0.03587245349867139
0.06335844040762073,0.1546300398759415,0.04918032786885246,0.047408063801506424,0.024811696942844484,0.05981391227292867,0.035002215330084185,0.08595480726628267,0.05405405405405406,0.043420469649977846,0.08108108108108109,0.03544528134692069,0.05361098803721755,0.06601683650863979,0.11120957022596367,0.035002215330084185
0.06103494029190624,0.15214506855373727,0.048651039363113664,0.04599734630694383,0.02476780185758514,0.057938965059708095,0.03494029190623618,0.0871295886775763,0.05616983635559487,0.043343653250773995,0.08359133126934984,0.03494029190623618,0.055285272003538256,0.06855373728438743,0.1092436974789916,0.0362671384343211
0.06437389770723104,0.14947089947089948,0.046296296296296294,0.04938271604938271,0.024250440917107582,0.06128747795414462,0.03791887125220458,0.08421516754850088,0.05555555555555555,0.042328042328042326,0.08024691358024691,0.03439153439153439,0.05864197530864197,0.06790123456790123,0.10846560846560846,0.03527336860670194
0.0684326710816777,0.14525386313465782,0.046357615894039736,0.047240618101545256,0.022958057395143488,0.059161147902869755,0.037527593818984545,0.09006622516556291,0.052097130242825605,0.04415011037527594,0.07858719646799117,0.03487858719646799,0.060044150110375276,0.0684326710816777,0.10860927152317881,0.03620309050772627
0.06678383128295255,0.15246045694200352,0.04569420035149385,0.04525483304042179,0.024165202108963092,0.059314586994727594,0.038224956063268895,0.08391915641476275,0.05755711775043937,0.04745166959578207,0.0773286467486819,0.0320738137082601,0.059314586994727594,0.06854130052724078,0.10676625659050967,0.0351493848857645
0.06555213374395072,0.1535415750109987,0.04927408710954685,0.04399472063352398,0.02287725472943247,0.062032556093268805,0.03519577650681918,0.08534975802903652,0.05763308402991641,0.04839419269687637,0.07479102507699076,0.03167619885613726,0.061152661680598325,0.06951165860096789,0.10382754069511659,0.03519577650681918
0.06622516556291391,0.15805739514348785,0.04768211920529802,0.046799116997792496,0.026490066225165563,0.0640176600441501,0.03487858719646799,0.08123620309050773,0.05695364238410596,0.04768211920529802,0.07417218543046358,0.032671081677704196,0.060044150110375276,0.06754966887417219,0.09977924944812362,0.03576158940397351
0.06726057906458797,0.15011135857461025,0.049443207126948774,0.046325167037861915,0.023608017817371936,0.062360801781737196,0.033853006681514475,0.08285077951002227,0.060133630289532294,0.047661469933184854,0.07483296213808463,0.032071269487750555,0.061915367483296214,0.06726057906458797,0.10334075723830735,0.03697104677060133
0.06707584392810172,0.15168785620341954,0.05085488820692679,0.048224462954844366,0.023235423060061378,0.056992547128452434,0.040333187198597104,0.08329679964927664,0.058746163963174045,0.04296361245067953,0.07584392810170977,0.03244191144234985,0.06225339763261727,0.06663743971942131,0.09995615957913195,0.0394563787812363
0.0685589519650655,0.15065502183406113,0.049344978165938864,0.04585152838427948,0.024017467248908297,0.058078602620087336,0.039301310043668124,0.08602620087336245,0.05764192139737991,0.044978165938864625,0.07423580786026202,0.03187772925764192,0.06462882096069869,0.06768558951965066,0.09606986899563319,0.04104803493449782
0.06887417218543046,0.15143487858719648,0.045916114790286976,0.047240618101545256,0.024724061810154525,0.058719646799116995,0.038852097130242826,0.0913907284768212,0.054304635761589407,0.0423841059602649,0.0728476821192053,0.032229580573951436,0.06754966887417219,0.06710816777041943,0.09403973509933775,0.0423841059602649
0.06984969053934571,0.15030946065428824,0.04730327144120248,0.046861184792219276,0.02431476569407604,0.0614500442086649,0.03536693191865606,0.08974358974358974,0.053934571175950484,0.04376657824933687,0.07073386383731212,0.03050397877984085,0.07338638373121131,0.0694076038903625,0.09283819628647215,0.040229885057471264
0.07120879120879121,0.14373626373626375,0.046153846153846156,0.044395604395604395,0.025054945054945054,0.06021978021978022,0.03472527472527472,0.09362637362637363,0.053626373626373625,0.04659340659340659,0.07252747252747253,0.03340659340659341,0.06725274725274726,0.07472527472527472,0.09274725274725275,0.04
0.0706090026478376,0.14386584289496912,0.04854368932038835,0.04501323918799647,0.024271844660194174,0.05825242718446602,0.0353045013239188,0.09179170344218888,0.05383936451897617,0.045454545454545456,0.07281553398058252,0.0353045013239188,0.06884377758164166,0.0736981465136805,0.08958517210944396,0.04280670785525154
0.06910211267605634,0.1430457746478873,0.04753521126760563,0.04445422535211268,0.025088028169014086,0.061619718309859156,0.035211267605633804,0.08934859154929578,0.05457746478873239,0.04665492957746479,0.07042253521126761,0.03829225352112676,0.07174295774647887,0.07086267605633803,0.0880281690140845,0.04401408450704225
0.06814159292035399,0.13893805309734514,0.049557522123893805,0.04513274336283186,0.02654867256637168,0.062389380530973454,0.033628318584070796,0.09026548672566372,0.05398230088495575,0.04513274336283186,0.07300884955752213,0.03716814159292035,0.0747787610619469,0.07123893805309735,0.08451327433628318,0.045575221238938056
0.07262323943661972,0.13512323943661972,0.04621478873239437,0.045774647887323945,0.02464788732394366,0.06338028169014084,0.032130281690140844,0.0897887323943662,0.05501760563380282,0.04753521126760563,0.06998239436619719,0.037852112676056336,0.07746478873239436,0.0743838028169014,0.08230633802816902,0.045774647887323945
0.07000443066016837,0.13513513513513514,0.052281789986708016,0.046964997784669914,0.023482498892334957,0.06335844040762073,0.03322995126273815,0.08684093929995569,0.052724856003544526,0.04563579973416039,0.07000443066016837,0.03544528134692069,0.08196721311475409,0.07354895879486044,0.07930881701373504,0.05006645990252548
0.07031597685803294,0.1326212728081887,0.05028927458834001,0.04717400979083222,0.022696929238985315,0.06408544726301736,0.03337783711615487,0.08500222518914108,0.054294615042278595,0.047619047619047616,0.06987093902981753,0.037828215398308856,0.08099688473520249,0.07165109034267912,0.0792167334223409,0.0529595015576324
0.07259849490925188,0.13191677733510404,0.04780876494023904,0.04780876494023904,0.021691013722886232,0.06551571491810536,0.036741921204072596,0.08410801239486498,0.05046480743691899,0.0451527224435591,0.06728640991589199,0.038069942452412575,0.08277999114652501,0.07127047366091191,0.08100929614873838,0.055776892430278883
0.0704162976085031,0.13020372010628875,0.045172719220549155,0.0491585473870682,0.01948627103631532,0.070859167404783,0.03631532329495128,0.08281665190434012,0.054030115146147036,0.046058458813108945,0.06554472984942426,0.03941541186891054,0.08591674047829938,0.0704162976085031,0.08104517271922054,0.053144375553587246
0.071113074204947,0.12146643109540636,0.046819787985865724,0.04946996466431095,0.02075971731448763,0.06978798586572438,0.0357773851590106,0.08392226148409894,0.054328621908127206,0.04328621908127209,0.06404593639575971,0.03931095406360424,0.09231448763250884,0.071113074204947,0.08171378091872791,0.054770318021201414
0.07481186365648516,0.12439132359451084,0.04648074369189907,0.04736609119079239,0.02080566622399292,0.0681717574147853,0.03497122620628597,0.08277999114652501,0.054891544931385566,0.04072598494909252,0.0650730411686587,0.03762726870296591,0.09296148738379814,0.07392651615759185,0.07923860115095174,0.055776892430278883
0.07563764291996482,0.11961301671064203,0.047493403693931395,0.048372911169744945,0.020668425681618294,0.06640281442392261,0.03825857519788918,0.08047493403693931,0.056288478452066845,0.04133685136323659,0.06552330694810905,0.04001759014951627,0.09234828496042216,0.07299912049252419,0.08135444151275285,0.05321020228671944
0.0814317673378076,0.11946308724832215,0.042953020134228186,0.05011185682326622,0.019686800894854587,0.06577181208053691,0.04116331096196868,0.08232662192393736,0.05548098434004474,0.03847874720357942,0.06442953020134229,0.042058165548098436,0.09082774049217002,0.07203579418344519,0.08187919463087248,0.05190156599552573
0.08131868131868132,0.12131868131868132,0.04483516483516484,0.05098901098901099,0.02021978021978022,0.06373626373626373,0.036923076923076927,0.08043956043956044,0.056263736263736264,0.04131868131868132,0.06065934065934066,0.04131868131868132,0.09406593406593407,0.0778021978021978,0.07912087912087912,0.04967032967032967
0.0773677189862161,0.11827478879502001,0.04357492218763895,0.05469097376611828,0.023121387283236993,0.06358381502890173,0.03601600711427301,0.08270342374388617,0.05869275233437083,0.041351711871943087,0.0609159626500667,0.0426856380613606,0.0920409070698088,0.0773677189862161,0.07914628723877279,0.048465984882169855
0.08237378210806023,0.11514614703277236,0.04162976085031001,0.05225863596102746,0.023914968999114262,0.06465899025686449,0.03720106288751107,0.08237378210806023,0.05580159433126661,0.042515500442869794,0.06023029229406555,0.04428697962798937,0.09521700620017715,0.07838795394154119,0.07528786536758193,0.048715677590788306
0.08609271523178808,0.10905077262693157,0.040176600441501106,0.05077262693156733,0.025165562913907286,0.06225165562913907,0.04105960264900662,0.07902869757174392,0.05695364238410596,0.045916114790286976,0.060927152317880796,0.045474613686534215,0.09668874172185431,0.07947019867549669,0.07152317880794702,0.04944812362030905
0.0899822695035461,0.10859929078014184,0.043882978723404256,0.04964539007092199,0.022163120567375887,0.06338652482269504,0.0398936170212766,0.08067375886524823,0.057180851063829786,0.04210992907801418,0.06028368794326241,0.04609929078014184,0.09397163120567376,0.08067375886524823,0.07225177304964539,0.04920212765957447
0.09059080962800875,0.1037199124726477,0.044201312910284465,0.04726477024070022,0.024945295404814005,0.06345733041575492,0.03982494529540481,0.08052516411378556,0.05776805251641138,0.0437636761487965,0.05908096280087528,0.04463894967177243,0.09803063457330416,0.08096280087527352,0.07045951859956236,0.05076586433260394
0.09190371991247265,0.10459518599562363,0.045076586433260395,0.04814004376367615,0.024945295404814005,0.06258205689277899,0.037636761487964986,0.07921225382932166,0.05776805251641138,0.04726477024070022,0.05951859956236324,0.04288840262582057,0.09803063457330416,0.08140043763676148,0.06914660831509847,0.04989059080962801
0.08613074204946997,0.10335689045936396,0.044169611307420496,0.04770318021201413,0.024734982332155476,0.06625441696113074,0.03842756183745583,0.0799469964664311,0.05565371024734982,0.04902826855123675,0.061837455830388695,0.04240282685512368,0.0989399293286219,0.08259717314487633,0.06802120141342756,0.05079505300353357
0.0885852798589687,0.10312913177611283,0.042309387395328336,0.04495372410753636,0.02379903040987219,0.06743058616130454,0.0379021595416483,0.08594094314676069,0.052886734244160426,0.049801674746584396,0.06170118995152049,0.04186866460996033,0.10224768620537682,0.08197443807844866,0.06654914059056853,0.048920229175848394
0.08805309734513274,0.1,0.04247787610619469,0.047345132743362835,0.024778761061946902,0.06637168141592921,0.03982300884955752,0.08539823008849558,0.05530973451327434,0.05132743362831858,0.061504424778761065,0.04292035398230089,0.09911504424778761,0.07876106194690266,0.06460176991150443,0.05221238938053097
0.08749447635881573,0.10119310649580203,0.040653999116217414,0.0481661511268228,0.024745912505523642,0.0684931506849315,0.040653999116217414,0.08484312859036677,0.0547945205479452,0.05081749889527176,0.06098099867432612,0.043747238179407864,0.10296067167476801,0.07777286787450287,0.06142288996906761,0.05125939019001326
0.09018214127054643,0.1008440693025322,0.03998223011994669,0.04797867614393603,0.025322079075966238,0.06574855619724566,0.04309195912927588,0.0888494002665482,0.05553087516659263,0.053753887161261664,0.05908485117725455,0.03998223011994669,0.09906708129720124,0.0759662372278987,0.061750333185251,0.05286539315859618
0.08555216062854648,0.09733740724574422,0.0392841553906591,0.04975993016150153,0.022697512003491925,0.06809253601047577,0.044522042776080316,0.08817110432125709,0.04975993016150153,0.058053251855085114,0.05892623308598865,0.044085552160628545,0.09908336970755129,0.0772588389349629,0.0650371017023134,0.05237887385421213
0.0906318082788671,0.09673202614379085,0.038779956427015254,0.054466230936819175,0.02309368191721133,0.06928104575163399,0.044880174291938996,0.09019607843137255,0.05185185185185185,0.054901960784313725,0.05969498910675381,0.042701525054466234,0.09803921568627451,0.07450980392156863,0.06056644880174292,0.04967320261437908
0.08708971553610503,0.09715536105032822,0.03588621444201313,0.05645514223194748,0.02450765864332604,0.07045951859956236,0.045514223194748356,0.09234135667396061,0.04814004376367615,0.05689277899343545,0.05733041575492341,0.0437636761487965,0.10109409190371992,0.07483588621444201,0.05864332603938731,0.04989059080962801
0.09018567639257294,0.09637488947833775,0.03801945181255526,0.05747126436781609,0.02431476569407604,0.06852343059239611,0.04862953138815208,0.09062776304155615,0.044650751547303275,0.058797524314765696,0.05702917771883289,0.04420866489832007,0.09991158267020336,0.07692307692307693,0.05614500442086649,0.048187444739168875
0.08669001751313485,0.09676007005253941,0.03371278458844133,0.05691768826619965,0.024518388791593695,0.0691768826619965,0.05122591943957969,0.09281961471103327,0.046409807355516634,0.0595446584938704,0.06129597197898424,0.043345008756567424,0.10070052539404553,0.07618213660245184,0.05297723292469352,0.047723292469352016
0.08693733451015004,0.09576345984112974,0.03177405119152692,0.057811120917917035,0.026919682259488084,0.06619593998234775,0.0498676081200353,0.09311562224183584,0.04589585172109444,0.06090026478375993,0.06001765225066196,0.04501323918799647,0.10061782877316858,0.07766990291262135,0.04942630185348632,0.05207413945278023
0.09098979138925876,0.09187749667110519,0.033288948069241014,0.05992010652463382,0.02663115845539281,0.06524633821571238,0.04971149578339991,0.09143364403018198,0.04749223257878384,0.05770084332001776,0.05947625388371061,0.04305370616955171,0.10696848646249445,0.07723035952063914,0.0492676431424767,0.04971149578339991
0.08995633187772925,0.09170305676855896,0.03406113537117904,0.05633187772925764,0.025327510917030567,0.06462882096069869,0.04978165938864629,0.0982532751091703,0.0445414847161572,0.06157205240174673,0.05502183406113537,0.04148471615720524,0.10524017467248908,0.07860262008733625,0.05152838427947598,0.051965065502183404
0.08473080317740513,0.09179170344218888,0.032215357458075904,0.06045895851721095,0.026919682259488084,0.06751985878199471,0.050750220653133275,0.09620476610767872,0.04457193292144748,0.05648720211827008,0.05736981465136805,0.04236540158870256,0.10194174757281553,0.08075904677846425,0.0529567519858782,0.0529567519858782
0.08938053097345133,0.08893805309734513,0.032300884955752215,0.061061946902654866,0.026106194690265486,0.062389380530973454,0.04911504424778761,0.09690265486725663,0.045575221238938056,0.05752212389380531,0.05752212389380531,0.04336283185840708,0.10309734513274336,0.08185840707964602,0.05398230088495575,0.05088495575221239
0.08934099955771782,0.08624502432551968,0.03272888102609465,0.06280406899601947,0.02565236620964175,0.06191950464396285,0.0513047324192835,0.09685979655019902,0.04599734630694383,0.057938965059708095,0.05661211853162318,0.045112781954887216,0.10128261831048209,0.08314904909332153,0.05042016806722689,0.05263157894736842
0.08542492294143549,0.08630559225011009,0.03126376045794804,0.06649053280493175,0.02686041391457508,0.06120651695288419,0.048436811977102597,0.10215763980625275,0.043593130779392336,0.057683839718185824,0.0607661822985469,0.04447380008806693,0.10303830911492734,0.08278291501541171,0.04975781594011449,0.04975781594011449
0.08311111111111111,0.08622222222222223,0.03244444444444444,0.064,0.028,0.06088888888888889,0.049777777777777775,0.10266666666666667,0.04666666666666667,0.056,0.058222222222222224,0.044,0.10533333333333333,0.07866666666666666,0.052444444444444446,0.051555555555555556
0.08205353225098727,0.08731899956121106,0.03290917068889864,0.06318560772268539,0.025010969723562967,0.06318560772268539,0.04870557261956999,0.10355419043440105,0.04870557261956999,0.05616498464238701,0.05748135146994296,0.04256252742430891,0.10530934620447564,0.07722685388328214,0.054848617814831066,0.051777095217200524
0.08252853380158033,0.08867427568042142,0.03511852502194908,0.06057945566286216,0.025460930640913083,0.06277436347673397,0.04741000877963126,0.10316066725197541,0.05004389815627744,0.05443371378402107,0.05575065847234416,0.043459174714661986,0.10491659350307288,0.07682177348551361,0.05443371378402107,0.05443371378402107
0.0865128660159716,0.09139307897071872,0.031055900621118012,0.064773735581189,0.024844720496894408,0.06299911268855368,0.047471162377994675,0.09849157054125998,0.05102040816326531,0.05146406388642413,0.05856255545696539,0.0417036379769299,0.10292812777284827,0.08207630878438332,0.05102040816326531,0.05368234250221828
0.08399646330680813,0.08753315649867374,0.03138815207780725,0.0680813439434129,0.02475685234305924,0.0610079575596817,0.046419098143236075,0.10167992926613616,0.04995579133510168,0.05570291777188329,0.0610079575596817,0.040671971706454466,0.10212201591511937,0.08045977011494253,0.050397877984084884,0.05481874447391689
0.08355321020228672,0.09234828496042216,0.030343007915567283,0.06860158311345646,0.025945470536499562,0.0633245382585752,0.04397537379067722,0.10554089709762533,0.048372911169744945,0.05804749340369393,0.06376429199648197,0.04133685136323659,0.09762532981530343,0.07387862796833773,0.047493403693931395,0.055848724714160074
0.08251996450754215,0.09228039041703638,0.029724933451641525,0.07054125998225377,0.026619343389529725,0.064773735581189,0.043478260869565216,0.10204081632653061,0.05235137533274179,0.059006211180124224,0.06299911268855368,0.04081632653061224,0.09494232475598935,0.07187222715173026,0.049689440993788817,0.05634427684117125
0.08883928571428572,0.08883928571428572,0.029910714285714287,0.06964285714285715,0.026785714285714284,0.059821428571428574,0.040625,0.09955357142857142,0.05669642857142857,0.05892857142857143,0.06473214285714286,0.040625,0.09642857142857143,0.075,0.05044642857142857,0.053125
0.08626760563380281,0.09066901408450705,0.032130281690140844,0.06778169014084508,0.030369718309859156,0.05941901408450704,0.042693661971830985,0.09991197183098592,0.05193661971830986,0.05413732394366197,0.06558098591549295,0.04225352112676056,0.0994718309859155,0.0743838028169014,0.04973591549295775,0.053257042253521125
0.08819657744624836,0.09214567792891619,0.03378674857393594,0.06669591926283458,0.029398859148749453,0.055726195699868364,0.040807371654234315,0.09960508995173321,0.05221588415971917,0.05704256252742431,0.06318560772268539,0.040368582711715666,0.10223782360684511,0.0750329091706889,0.04870557261956999,0.054848617814831066
0.08930928288605368,0.09150901891772988,0.03343598768147822,0.06599208095028597,0.029476462824461064,0.05675318961724593,0.0409150901891773,0.09942806863176419,0.05323361196656401,0.05895292564892213,0.061152661680598325,0.04135503739551254,0.10294764628244611,0.0730312362516498,0.047954245490541135,0.05455345358556973
0.09239610963748895,0.09018567639257294,0.033156498673740056,0.06763925729442971,0.03050397877984085,0.05614500442086649,0.04111405835543767,0.10167992926613616,0.05349248452696728,0.060123784261715295,0.0614500442086649,0.03801945181255526,0.09991158267020336,0.07250221043324491,0.04862953138815208,0.05305039787798409
0.09267431597528684,0.09002647837599294,0.03309796999117388,0.07281553398058252,0.030450132391879964,0.05560458958517211,0.03971756398940865,0.1028243601059135,0.0529567519858782,0.061341571050308914,0.058693733451015,0.03795233892321271,0.09796999117387467,0.0736981465136805,0.04457193292144748,0.05560458958517211
0.09523809523809523,0.08500222518914108,0.030262572318647086,0.07476635514018691,0.032487761459724075,0.05651980418335559,0.03827325322652426,0.10102358700489542,0.050734312416555405,0.06408544726301736,0.059635068980863376,0.03871829105473965,0.10146862483311081,0.07476635514018691,0.04138851802403204,0.05562972852692479
0.09270650263620386,0.08479789103690685,0.03251318101933216,0.07161687170474516,0.03602811950790861,0.056678383128295255,0.03690685413005272,0.10105448154657294,0.0492091388400703,0.059314586994727594,0.05843585237258348,0.03998242530755712,0.101493848857645,0.0773286467486819,0.04261862917398945,0.059314586994727594
0.09330985915492958,0.0818661971830986,0.02992957746478873,0.07306338028169014,0.03697183098591549,0.05677816901408451,0.037852112676056336,0.10255281690140845,0.05501760563380282,0.061619718309859156,0.05501760563380282,0.03917253521126761,0.09903169014084508,0.07306338028169014,0.043133802816901406,0.061619718309859156
0.09521720052654672,0.0785432207108381,0.030715225976305396,0.07240017551557701,0.03949100482667837,0.04870557261956999,0.03773584905660377,0.10443176831943835,0.05440982887231242,0.06362439666520403,0.05660377358490566,0.03992979376919702,0.09741114523913998,0.0750329091706889,0.0443176831943835,0.06143045195261079
0.09062776304155615,0.07913351016799293,0.03227232537577365,0.07692307692307693,0.03978779840848806,0.05481874447391689,0.03580901856763926,0.10300618921308577,0.05481874447391689,0.0614500442086649,0.05349248452696728,0.03978779840848806,0.09991158267020336,0.07206012378426171,0.042440318302387266,0.0636604774535809
0.09234135667396061,0.07527352297592997,0.03413566739606127,0.07658643326039387,0.04113785557986871,0.053829321663019694,0.037199124726477024,0.10196936542669584,0.051203501094091906,0.06258205689277899,0.04945295404814004,0.04070021881838074,0.10415754923413567,0.07439824945295405,0.04201312910284464,0.06301969365426696
0.09269785745518146,0.07608220376038478,0.03716659379099257,0.07958023611718408,0.03979011805859204,0.052907739396589416,0.03323130738959335,0.10056843025797989,0.047660690861390465,0.062090074333187584,0.04940970703979012,0.04197638828159161,0.10625273283777875,0.07520769567118496,0.04241364232619152,0.06296458242238741
0.0919085312225154,0.07387862796833773,0.03781882145998241,0.07695690413368514,0.040897097625329816,0.052770448548812667,0.036939313984168866,0.09762532981530343,0.04793315743183817,0.06420404573438875,0.048372911169744945,0.03913808267370272,0.10729991204925242,0.07695690413368514,0.04397537379067722,0.0633245382585752
0.0905877154220062,0.07291206363234644,0.037560760053026956,0.07909854175872735,0.03932832523199293,0.0547945205479452,0.035793194874060984,0.09854175872735307,0.047724259832081305,0.06319045514803358,0.05125939019001326,0.040653999116217414,0.10605391073795846,0.07865665046398586,0.04021210782147592,0.06363234644277507
0.09035087719298246,0.07105263157894737,0.039912280701754385,0.0837719298245614,0.03728070175438596,0.05087719298245614,0.03684210526315789,0.10087719298245613,0.04868421052631579,0.05964912280701754,0.04956140350877193,0.03903508771929825,0.10657894736842105,0.0793859649122807,0.042105263157894736,0.06403508771929825
0.08709106984969053,0.07250221043324491,0.040229885057471264,0.07824933687002653,0.040229885057471264,0.05172413793103448,0.036251105216622455,0.10300618921308577,0.05305039787798409,0.0623342175066313,0.04774535809018567,0.03801945181255526,0.10610079575596817,0.08134394341290893,0.038903625110521665,0.06321839080459771
