C_R,C_A,C_S,C_N,D_R,D_A,D_S,D_N,Oc_R,Oc_A,Oc_S,Oc_N,Od_R,Od_A,Od_S,Od_N
0.0,0.0,0.0,0.0,0.0,0.0,0.0,1.0,0.0,0.0,0.0,0.0,0.0,0.0,0.0,0.0
0.0,0.0,0.0,0.0,0.0,1.0,0.0,0.0,0.0,0.0,0.0,0.0,0.0,0.0,0.0,0.0
0.0,0.0,0.0,0.0,0.0,0.5,0.0,0.0,0.0,0.0,0.0,0.0,0.5,0.0,0.0,0.0
0.0,0.0,0.0,0.0,0.0,0.3333333333333333,0.0,0.0,0.0,0.0,0.0,0.0,0.6666666666666666,0.0,0.0,0.0
0.0,0.0,0.0,0.0,0.0,0.3333333333333333,0.0,0.0,0.0,0.0,0.0,0.0,0.6666666666666666,0.0,0.0,0.0
0.0,0.0,0.25,0.0,0.0,0.25,0.0,0.0,0.0,0.0,0.0,0.0,0.5,0.0,0.0,0.0
0.0,0.0,0.16666666666666666,0.0,0.0,0.16666666666666666,0.0,0.16666666666666666,0.0,0.0,0.0,0.0,0.5,0.0,0.0,0.0
0.1111111111111111,0.0,0.1111111111111111,0.0,0.0,0.1111111111111111,0.0,0.0,0.0,0.1111111111111111,0.0,0.0,0.5555555555555556,0.0,0.0,0.0
0.18181818181818182,0.0,0.09090909090909091,0.0,0.0,0.09090909090909091,0.0,0.0,0.0,0.09090909090909091,0.0,0.0,0.45454545454545453,0.09090909090909091,0.0,0.0
0.23076923076923078,0.07692307692307693,0.07692307692307693,0.0,0.0,0.07692307692307693,0.0,0.0,0.0,0.15384615384615385,0.0,0.0,0.38461538461538464,0.0,0.0,0.0
0.17647058823529413,0.058823529411764705,0.058823529411764705,0.0,0.0,0.058823529411764705,0.0,0.0,0.0,0.17647058823529413,0.0,0.0,0.4117647058823529,0.058823529411764705,0.0,0.0
0.05263157894736842,0.05263157894736842,0.0,0.0,0.0,0.0,0.0,0.0,0.0,0.15789473684210525,0.0,0.0,0.631578947368421,0.10526315789473684,0.0,0.0
0.09523809523809523,0.047619047619047616,0.0,0.0,0.0,0.0,0.0,0.0,0.0,0.14285714285714285,0.0,0.0,0.6666666666666666,0.047619047619047616,0.0,0.0
0.0625,0.03125,0.0,0.0,0.0,0.0,0.03125,0.0,0.0,0.09375,0.0,0.0,0.75,0.03125,0.0,0.0
0.06060606060606061,0.0,0.0,0.0,0.0,0.0,0.030303030303030304,0.0,0.0,0.09090909090909091,0.030303030303030304,0.0,0.7878787878787878,0.0,0.0,0.0
0.075,0.0,0.0,0.0,0.0,0.0,0.0,0.0,0.025,0.1,0.0,0.0,0.775,0.0,0.0,0.025
0.1111111111111111,0.0,0.0,0.0,0.0,0.0,0.0,0.022222222222222223,0.022222222222222223,0.08888888888888889,0.0,0.022222222222222223,0.7111111111111111,0.0,0.0,0.022222222222222223
0.13114754098360656,0.0,0.0,0.0,0.0,0.0,0.01639344262295082,0.01639344262295082,0.01639344262295082,0.08196721311475409,0.0,0.01639344262295082,0.7049180327868853,0.0,0.0,0.01639344262295082
0.12,0.0,0.0,0.0,0.0,0.0,0.02666666666666667,0.013333333333333334,0.013333333333333334,0.06666666666666667,0.0,0.013333333333333334,0.72,0.0,0.0,0.02666666666666667
0.14942528735632185,0.011494252873563218,0.0,0.0,0.0,0.0,0.011494252873563218,0.022988505747126436,0.0,0.04597701149425287,0.0,0.011494252873563218,0.7126436781609196,0.0,0.0,0.034482758620689655
0.14423076923076922,0.009615384615384616,0.0,0.0,0.0,0.0,0.009615384615384616,0.009615384615384616,0.009615384615384616,0.038461538461538464,0.0,0.009615384615384616,0.7307692307692307,0.0,0.0,0.038461538461538464
0.1724137931034483,0.02586206896551724,0.0,0.0,0.0,0.0,0.008620689655172414,0.008620689655172414,0.008620689655172414,0.034482758620689655,0.0,0.008620689655172414,0.6896551724137931,0.0,0.0,0.04310344827586207
0.2158273381294964,0.02877697841726619,0.0,0.0,0.0,0.0,0.007194244604316547,0.007194244604316547,0.014388489208633094,0.02877697841726619,0.0,0.007194244604316547,0.6618705035971223,0.0,0.0,0.02877697841726619
0.2392638036809816,0.03680981595092025,0.0,0.0,0.0,0.0,0.006134969325153374,0.012269938650306749,0.012269938650306749,0.024539877300613498,0.0,0.006134969325153374,0.6257668711656442,0.0,0.0,0.03680981595092025
0.2538860103626943,0.025906735751295335,0.0,0.0,0.0,0.0,0.0051813471502590676,0.010362694300518135,0.02072538860103627,0.015544041450777202,0.0,0.010362694300518135,0.616580310880829,0.0,0.0,0.04145077720207254
0.26666666666666666,0.01904761904761905,0.0,0.0,0.0,0.0,0.004761904761904762,0.004761904761904762,0.023809523809523808,0.009523809523809525,0.0,0.014285714285714285,0.6095238095238096,0.004761904761904762,0.0,0.04285714285714286
0.28,0.012,0.0,0.0,0.004,0.0,0.004,0.004,0.028,0.008,0.0,0.02,0.592,0.004,0.0,0.044
0.3120567375886525,0.0070921985815602835,0.0,0.0,0.010638297872340425,0.0,0.0070921985815602835,0.0035460992907801418,0.024822695035460994,0.0070921985815602835,0.0,0.01773049645390071,0.5673758865248227,0.0035460992907801418,0.0,0.03900709219858156
0.3227848101265823,0.006329113924050633,0.0031645569620253164,0.0,0.006329113924050633,0.0,0.0031645569620253164,0.0031645569620253164,0.028481012658227847,0.006329113924050633,0.0,0.0189873417721519,0.560126582278481,0.0031645569620253164,0.0,0.0379746835443038
0.32463768115942027,0.008695652173913044,0.002898550724637681,0.0,0.002898550724637681,0.0,0.002898550724637681,0.0,0.02608695652173913,0.005797101449275362,0.0,0.017391304347826087,0.5710144927536231,0.005797101449275362,0.0,0.03188405797101449
0.337696335078534,0.007853403141361256,0.005235602094240838,0.0,0.0,0.0,0.002617801047120419,0.0,0.02617801047120419,0.005235602094240838,0.002617801047120419,0.015706806282722512,0.5654450261780105,0.002617801047120419,0.002617801047120419,0.02617801047120419
0.33254716981132076,0.009433962264150943,0.007075471698113208,0.0,0.0,0.0,0.0023584905660377358,0.0,0.02122641509433962,0.0047169811320754715,0.0023584905660377358,0.01179245283018868,0.5778301886792453,0.0023584905660377358,0.0023584905660377358,0.025943396226415096
0.3390191897654584,0.008528784648187633,0.006396588486140725,0.0,0.0,0.0,0.0021321961620469083,0.0021321961620469083,0.019189765458422176,0.0042643923240938165,0.0042643923240938165,0.014925373134328358,0.5714285714285714,0.0021321961620469083,0.0021321961620469083,0.023454157782515993
0.3532818532818533,0.007722007722007722,0.005791505791505791,0.0,0.0,0.0,0.0019305019305019305,0.0019305019305019305,0.017374517374517374,0.005791505791505791,0.003861003861003861,0.013513513513513514,0.5637065637065637,0.003861003861003861,0.0019305019305019305,0.019305019305019305
0.36363636363636365,0.006993006993006993,0.006993006993006993,0.0017482517482517483,0.0,0.0017482517482517483,0.0,0.0017482517482517483,0.012237762237762238,0.005244755244755245,0.005244755244755245,0.008741258741258742,0.5611888111888111,0.0034965034965034965,0.0017482517482517483,0.019230769230769232
0.36608557844690964,0.006339144215530904,0.00792393026941363,0.001584786053882726,0.0,0.001584786053882726,0.0,0.003169572107765452,0.009508716323296355,0.006339144215530904,0.004754358161648178,0.00792393026941363,0.5594294770206022,0.001584786053882726,0.001584786053882726,0.022187004754358162
0.37163120567375885,0.0070921985815602835,0.0070921985815602835,0.0,0.0,0.0014184397163120568,0.0014184397163120568,0.0028368794326241137,0.01276595744680851,0.0070921985815602835,0.00425531914893617,0.0070921985815602835,0.5574468085106383,0.0028368794326241137,0.0014184397163120568,0.015602836879432624
0.37645536869340235,0.00646830530401035,0.009055627425614488,0.00129366106080207,0.0,0.00129366106080207,0.00258732212160414,0.00129366106080207,0.015523932729624839,0.009055627425614488,0.007761966364812419,0.00646830530401035,0.5433376455368694,0.00258732212160414,0.00129366106080207,0.015523932729624839
0.38829151732377537,0.007168458781362007,0.008363201911589008,0.0035842293906810036,0.0011947431302270011,0.0011947431302270011,0.0023894862604540022,0.0011947431302270011,0.014336917562724014,0.008363201911589008,0.008363201911589008,0.0047789725209080045,0.5304659498207885,0.0035842293906810036,0.0,0.016726403823178016
0.39651416122004357,0.007625272331154684,0.008714596949891068,0.0032679738562091504,0.0,0.0,0.0032679738562091504,0.0010893246187363835,0.013071895424836602,0.007625272331154684,0.007625272331154684,0.0054466230936819175,0.5206971677559913,0.0032679738562091504,0.002178649237472767,0.0196078431372549
0.4030150753768844,0.008040201005025126,0.009045226130653266,0.004020100502512563,0.0,0.0020100502512562816,0.003015075376884422,0.0020100502512562816,0.011055276381909548,0.007035175879396985,0.008040201005025126,0.007035175879396985,0.5125628140703518,0.003015075376884422,0.004020100502512563,0.016080402010050253
0.40018570102135564,0.009285051067780872,0.008356545961002786,0.008356545961002786,0.0018570102135561746,0.0018570102135561746,0.004642525533890436,0.0009285051067780873,0.012070566388115135,0.0064995357474466105,0.007428040854224698,0.005571030640668524,0.510677808727948,0.002785515320334262,0.002785515320334262,0.016713091922005572
0.3934142114384749,0.009532062391681109,0.009532062391681109,0.012131715771230503,0.0025996533795493936,0.0017331022530329288,0.006065857885615251,0.0017331022530329288,0.009532062391681109,0.006065857885615251,0.006932409012131715,0.00779896013864818,0.5086655112651647,0.004332755632582322,0.0025996533795493936,0.01733102253032929
0.39329517579721995,0.008176614881439084,0.009811937857726901,0.013900245298446443,0.003270645952575634,0.003270645952575634,0.004905968928863451,0.001635322976287817,0.008994276369582993,0.007358953393295176,0.005723630417007359,0.007358953393295176,0.5102207686017989,0.004905968928863451,0.003270645952575634,0.013900245298446443
0.38625954198473283,0.0061068702290076335,0.010687022900763359,0.016793893129770993,0.003816793893129771,0.0030534351145038168,0.0053435114503816794,0.0022900763358778627,0.007633587786259542,0.0061068702290076335,0.0061068702290076335,0.0053435114503816794,0.518320610687023,0.0061068702290076335,0.0030534351145038168,0.012977099236641221
0.3860531991373113,0.0050323508267433505,0.011502516175413372,0.017253774263120056,0.004313443565780014,0.0035945363048166786,0.006470165348670022,0.002875629043853343,0.008626887131560028,0.0050323508267433505,0.0050323508267433505,0.0050323508267433505,0.5168943206326384,0.007189072609633357,0.002875629043853343,0.012221423436376708
0.3850806451612903,0.004032258064516129,0.010752688172043012,0.021505376344086023,0.005376344086021506,0.002688172043010753,0.005376344086021506,0.002688172043010753,0.008736559139784945,0.006048387096774193,0.005376344086021506,0.004704301075268817,0.5168010752688172,0.008064516129032258,0.0020161290322580645,0.010752688172043012
0.3875968992248062,0.003229974160206718,0.011627906976744186,0.023255813953488372,0.004521963824289405,0.002583979328165375,0.004521963824289405,0.003229974160206718,0.00904392764857881,0.00516795865633075,0.005813953488372093,0.003875968992248062,0.5096899224806202,0.010981912144702842,0.003229974160206718,0.011627906976744186
0.384,0.0036923076923076922,0.010461538461538461,0.023384615384615386,0.0043076923076923075,0.0024615384615384616,0.005538461538461538,0.0036923076923076922,0.008615384615384615,0.00676923076923077,0.006153846153846154,0.0043076923076923075,0.5095384615384615,0.011076923076923076,0.0036923076923076922,0.012307692307692308
0.38042203985932005,0.0029308323563892145,0.0123094958968347,0.02637749120750293,0.005275498241500586,0.0029308323563892145,0.004103165298944901,0.004689331770222743,0.007033997655334115,0.0076201641266119575,0.005275498241500586,0.004103165298944901,0.5093786635404455,0.011137162954279016,0.004103165298944901,0.0123094958968347
0.38218714768883877,0.0016910935738444193,0.011273957158962795,0.03325817361894025,0.0033821871476888386,0.002818489289740699,0.003945885005636978,0.004509582863585118,0.0062006764374295375,0.009582863585118376,0.005636978579481398,0.0033821871476888386,0.5050732807215332,0.011273957158962795,0.004509582863585118,0.011273957158962795
0.3794229722373435,0.002177463255307567,0.00979858464888405,0.033750680457267285,0.00326619488296135,0.00326619488296135,0.00326619488296135,0.004899292324442025,0.005988023952095809,0.008709853021230268,0.004354926510615134,0.004899292324442025,0.5068045726728362,0.012520413718018509,0.005988023952095809,0.010887316276537834
0.3762748255501879,0.0026838432635534087,0.00966183574879227,0.033816425120772944,0.0042941492216854536,0.0021470746108427268,0.00322061191626409,0.0042941492216854536,0.00644122383252818,0.00912506709608159,0.004830917874396135,0.004830917874396135,0.5056360708534622,0.01288244766505636,0.006977992485238862,0.01288244766505636
0.3751289989680083,0.0030959752321981426,0.007223942208462332,0.04076367389060888,0.0046439628482972135,0.0030959752321981426,0.0030959752321981426,0.005159958720330237,0.005675954592363261,0.011351909184726523,0.0046439628482972135,0.0046439628482972135,0.5015479876160991,0.011351909184726523,0.007223942208462332,0.011351909184726523
0.36690283400809715,0.004048582995951417,0.00708502024291498,0.0430161943319838,0.006072874493927126,0.003036437246963563,0.00354251012145749,0.006578947368421052,0.005060728744939271,0.01062753036437247,0.005060728744939271,0.005060728744939271,0.5035425101214575,0.011133603238866396,0.00860323886639676,0.01062753036437247
0.36555446516192347,0.005397448478900883,0.0068694798822374874,0.04612365063788027,0.0068694798822374874,0.002944062806673209,0.003925417075564278,0.005888125613346418,0.006378802747791953,0.010304219823356232,0.005397448478900883,0.005888125613346418,0.4975466143277723,0.010304219823356232,0.009813542688910697,0.010794896957801767
0.36923076923076925,0.0057692307692307696,0.0057692307692307696,0.052403846153846155,0.0057692307692307696,0.0033653846153846156,0.004326923076923077,0.004326923076923077,0.007211538461538462,0.011057692307692308,0.0057692307692307696,0.0057692307692307696,0.4894230769230769,0.010096153846153847,0.008653846153846154,0.011057692307692308
0.3629842180774749,0.0052606408417025345,0.005738880918220947,0.05595408895265423,0.005738880918220947,0.0028694404591104736,0.004782400765184123,0.004782400765184123,0.007173601147776184,0.011477761836441894,0.0052606408417025345,0.006695361071257772,0.49067431850789095,0.010999521759923482,0.007651841224294596,0.011956001912960305
0.36018957345971564,0.0042654028436018955,0.007582938388625593,0.061611374407582936,0.006635071090047393,0.0037914691943127963,0.006635071090047393,0.004739336492890996,0.005687203791469194,0.011374407582938388,0.005687203791469194,0.008056872037914692,0.4819905213270142,0.010900473933649289,0.008056872037914692,0.012796208530805687
0.3509259259259259,0.004166666666666667,0.007407407407407408,0.06805555555555555,0.007407407407407408,0.005555555555555556,0.006481481481481481,0.004166666666666667,0.006481481481481481,0.011574074074074073,0.005555555555555556,0.007407407407407408,0.4810185185185185,0.010648148148148148,0.00787037037037037,0.015277777777777777
0.3476851851851852,0.003703703703703704,0.006944444444444444,0.06851851851851852,0.008796296296296297,0.005555555555555556,0.004629629629629629,0.004629629629629629,0.005092592592592593,0.011574074074074073,0.006481481481481481,0.0060185185185185185,0.4847222222222222,0.012037037037037037,0.008333333333333333,0.015277777777777777
0.3466606088141754,0.0027260336210813267,0.007269422989550204,0.06905951840072694,0.00817810086324398,0.004997728305315766,0.005452067242162653,0.004997728305315766,0.005452067242162653,0.012721490231712857,0.006360745115856429,0.007723761926397092,0.48614266242616994,0.011358473421172195,0.007269422989550204,0.013630168105406633
0.34342521464075915,0.0027112516945323093,0.0076818798011748755,0.0754631721644826,0.00858563036601898,0.004970628106642567,0.004970628106642567,0.0063262539539087215,0.005422503389064619,0.011296882060551287,0.00587437867148667,0.0076818798011748755,0.4835065521915951,0.011296882060551287,0.0076818798011748755,0.013104383190239493
0.3448275862068966,0.004030452306314375,0.00761307657859382,0.07568293775190327,0.00850873264666368,0.0049261083743842365,0.004030452306314375,0.0049261083743842365,0.005373936408419167,0.009852216748768473,0.005373936408419167,0.00806090461262875,0.4863412449619346,0.010300044782803403,0.008956560680698611,0.011195700850873265
0.34434169969176576,0.004403346543372964,0.007926023778071334,0.08146191105239982,0.007926023778071334,0.005284015852047556,0.002642007926023778,0.005284015852047556,0.005284015852047556,0.008806693086745927,0.005284015852047556,0.007926023778071334,0.4812857771906649,0.009687362395420519,0.009687362395420519,0.012769704975781594
0.34162594402487784,0.0053309640159928924,0.007552199022656597,0.08262994224788983,0.008440693025322079,0.0053309640159928924,0.003553976010661928,0.007107952021323856,0.00444247001332741,0.00888494002665482,0.006219458018658374,0.007996446023989337,0.47934251443802756,0.009773434029320302,0.007552199022656597,0.014215904042647711
0.34162594402487784,0.006663705019991115,0.006219458018658374,0.08262994224788983,0.007552199022656597,0.006663705019991115,0.003553976010661928,0.006219458018658374,0.00444247001332741,0.008440693025322079,0.006663705019991115,0.007552199022656597,0.48023100844069305,0.010661928031985785,0.007552199022656597,0.01332741003998223
0.33746130030959753,0.007518796992481203,0.007076514816452897,0.08491817779743477,0.007518796992481203,0.007076514816452897,0.004865103936311367,0.007076514816452897,0.003980539584254755,0.010614772224679346,0.006634232640424591,0.00796107916850951,0.4763379035824856,0.009287925696594427,0.00796107916850951,0.013710747456877488
0.33831940167179936,0.006599208095028597,0.007479102507699076,0.08710954685437748,0.0061592608886933565,0.008358996920369555,0.0061592608886933565,0.007039155301363837,0.004399472063352398,0.009238891333040036,0.005719313682358117,0.007479102507699076,0.4747030356357237,0.009238891333040036,0.008358996920369555,0.013638363396392433
0.3407671721677074,0.007582515611061552,0.008920606601248885,0.08296164139161463,0.005798394290811775,0.008920606601248885,0.005798394290811775,0.007582515611061552,0.0031222123104371097,0.011150758251561105,0.006244424620874219,0.00936663693131133,0.4741302408563782,0.00936663693131133,0.007136485280999108,0.011150758251561105
0.33480565371024734,0.0088339222614841,0.007950530035335688,0.0803886925795053,0.007067137809187279,0.009717314487632508,0.005742049469964664,0.008392226148409895,0.003975265017667844,0.011484098939929329,0.007508833922261484,0.009275618374558304,0.4757067137809187,0.010159010600706713,0.0066254416961130744,0.012367491166077738
0.3352575488454707,0.008880994671403197,0.008436944937833037,0.08126110124333925,0.007548845470692718,0.010213143872113677,0.005772646536412078,0.008436944937833037,0.003552397868561279,0.011545293072824156,0.0066607460035523975,0.011101243339253997,0.46936056838365897,0.011101243339253997,0.005772646536412078,0.015097690941385435
0.3355525965379494,0.008433200177541057,0.007545494895694629,0.08255659121171771,0.007545494895694629,0.010208610741233911,0.005770084332001775,0.009320905459387484,0.0039946737683089215,0.009764758100310697,0.007101642254771416,0.010208610741233911,0.4673768308921438,0.012427873945849977,0.006213936972924989,0.015978695073235686
0.33244798583444,0.008853474988933156,0.008410801239486499,0.08233731739707835,0.007525453740593183,0.009738822487826471,0.005754758742806552,0.009296148738379814,0.004426737494466578,0.01195219123505976,0.007525453740593183,0.01018149623727313,0.4701195219123506,0.011066843736166445,0.005312084993359893,0.015050907481186366
0.3337730870712401,0.008795074758135445,0.0079155672823219,0.08267370272647317,0.008355321020228672,0.011433597185576077,0.006156552330694811,0.009234828496042216,0.0043975373790677225,0.010114335971855761,0.0079155672823219,0.010114335971855761,0.46921723834652596,0.009234828496042216,0.004837291116974494,0.0158311345646438
0.3358440407620735,0.008861320336730172,0.007975188303057155,0.0815241470979176,0.007089056269384138,0.011962782454585734,0.006202924235711121,0.00974745237040319,0.003987594151528578,0.008418254319893664,0.006202924235711121,0.0101905183872397,0.47097917589720867,0.0101905183872397,0.004430660168365086,0.01639344262295082
0.34085878707392653,0.009296148738379814,0.005754758742806552,0.08145196989818504,0.007525453740593183,0.012837538733953076,0.004426737494466578,0.009738822487826471,0.004426737494466578,0.008853474988933156,0.006640106241699867,0.007525453740593183,0.4692341744134573,0.009296148738379814,0.005754758742806552,0.01637892872952634
0.3305160142348754,0.009341637010676156,0.005782918149466192,0.0809608540925267,0.0071174377224199285,0.011565836298932384,0.00400355871886121,0.009786476868327402,0.005338078291814947,0.009341637010676156,0.005338078291814947,0.007562277580071174,0.4822064056939502,0.008451957295373666,0.005782918149466192,0.016903914590747332
0.33067021748779407,0.008433200177541057,0.004438526409232135,0.08166888592987129,0.006657789613848202,0.01154016866400355,0.004438526409232135,0.009764758100310697,0.005770084332001775,0.009320905459387484,0.007101642254771416,0.007101642254771416,0.480248557478917,0.009320905459387484,0.007101642254771416,0.016422547714158898
0.3285904846598488,0.00755891507336594,0.004446420631391729,0.07959092930191196,0.008003557136505114,0.01067140951534015,0.005335704757670075,0.009782125389061804,0.004446420631391729,0.008892841262783458,0.008003557136505114,0.006669630947087594,0.4851044908848377,0.009782125389061804,0.006669630947087594,0.0164517563361494
0.3348254252461952,0.006714413607878245,0.006266786034019696,0.0774395702775291,0.007609668755595345,0.010295434198746643,0.006714413607878245,0.009400179051029543,0.005371530886302597,0.008504923903312443,0.008952551477170993,0.005371530886302597,0.4798567591763653,0.008504923903312443,0.006266786034019696,0.017905102954341987
0.3278101209135692,0.006269592476489028,0.00761307657859382,0.08240035826242723,0.00806090461262875,0.009404388714733543,0.006717420510523959,0.008956560680698611,0.0049261083743842365,0.009404388714733543,0.00806090461262875,0.0044782803403493054,0.4818629646215853,0.008956560680698611,0.007165248544558889,0.017913121361397222
0.3343680709534368,0.006208425720620843,0.007095343680709534,0.07760532150776053,0.00753880266075388,0.00975609756097561,0.007982261640798226,0.008869179600886918,0.0066518847006651885,0.008869179600886918,0.007982261640798226,0.007095343680709534,0.4771618625277162,0.007982261640798226,0.00753880266075388,0.01729490022172949
0.3296411165263624,0.005316792202038104,0.007532122286220647,0.076650420912716,0.007089056269384138,0.00930438635356668,0.007532122286220647,0.008861320336730172,0.00664599025254763,0.00974745237040319,0.008418254319893664,0.008418254319893664,0.4833850243686309,0.00664599025254763,0.007089056269384138,0.017722640673460344
0.33407771326485036,0.004912907548012505,0.007146047342563644,0.07726663689146941,0.006699419383653417,0.00982581509602501,0.007592675301473872,0.006252791424743189,0.006699419383653417,0.01027244305493524,0.007146047342563644,0.008485931219294328,0.4814649397052255,0.007146047342563644,0.007592675301473872,0.017418490397498883
0.3327378293881197,0.0044662795891022775,0.007146047342563644,0.07548012505582849,0.007592675301473872,0.009379187137114784,0.0080393032603841,0.005359535506922733,0.008485931219294328,0.011165698972755694,0.007146047342563644,0.008485931219294328,0.48369807949977667,0.006699419383653417,0.007592675301473872,0.01652523447967843
0.33660276415514934,0.005349977708426215,0.007133303611234953,0.07579135086937137,0.007579135086937138,0.010254123941150245,0.008024966562639322,0.0057958091841284,0.007579135086937138,0.010254123941150245,0.006687472135532769,0.008470798038341507,0.4774855104770397,0.008470798038341507,0.007579135086937138,0.016941596076683014
0.3356953055801594,0.00487156775907883,0.0070859167404783,0.07484499557130203,0.007528786536758193,0.011071744906997343,0.00841452612931798,0.005757307351638618,0.005757307351638618,0.00974313551815766,0.006643046944198406,0.00841452612931798,0.48095659875996455,0.008857395925597875,0.007971656333038087,0.016386182462356066
0.3423817863397548,0.005691768826619965,0.0070052539404553416,0.07618213660245184,0.006129597197898424,0.01138353765323993,0.008318739054290718,0.005691768826619965,0.006567425569176883,0.010070052539404553,0.006567425569176883,0.00788091068301226,0.47591943957968474,0.008318739054290718,0.00788091068301226,0.014010507880910683
0.33647798742138363,0.0071877807726864335,0.0076370170709793355,0.07547169811320754,0.0071877807726864335,0.010332434860736747,0.008535489667565139,0.005390835579514825,0.006289308176100629,0.008535489667565139,0.0076370170709793355,0.008535489667565139,0.4793351302785265,0.008984725965858042,0.008984725965858042,0.013477088948787063
0.3458149779735683,0.007048458149779736,0.007048458149779736,0.07048458149779736,0.005726872246696035,0.01145374449339207,0.00881057268722467,0.00881057268722467,0.006167400881057269,0.008370044052863436,0.006607929515418502,0.008370044052863436,0.47577092511013214,0.008370044052863436,0.008370044052863436,0.01277533039647577
0.3477100933748333,0.00755891507336594,0.008003557136505114,0.07114273010226767,0.005335704757670075,0.01067140951534015,0.008892841262783458,0.008448199199644287,0.006224988883948421,0.008892841262783458,0.006669630947087594,0.008003557136505114,0.47309915518008006,0.008892841262783458,0.008448199199644287,0.01200533570475767
0.34865223155103847,0.007070260715863898,0.007954043305346884,0.07291206363234644,0.004860804242156429,0.010163499779054353,0.009279717189571365,0.008837825894829872,0.006628369421122404,0.008395934600088379,0.007070260715863898,0.007070260715863898,0.47282368537339814,0.008395934600088379,0.008837825894829872,0.01104728236853734
0.3517610343290236,0.007579135086937138,0.007579135086937138,0.0722246990637539,0.005349977708426215,0.009362460989745877,0.010254123941150245,0.008470798038341507,0.007133303611234953,0.008916629514043692,0.008024966562639322,0.006687472135532769,0.46990637539010255,0.008470798038341507,0.007133303611234953,0.011145786892554615
0.345881310894597,0.007971656333038087,0.007528786536758193,0.07263064658990256,0.006643046944198406,0.011071744906997343,0.010628875110717449,0.00841452612931798,0.007971656333038087,0.009300265721877768,0.00841452612931798,0.008857395925597875,0.466784765279008,0.00974313551815766,0.005757307351638618,0.012400354295837024
0.34398579671549046,0.008433200177541057,0.006657789613848202,0.07057256990679095,0.008433200177541057,0.010208610741233911,0.011984021304926764,0.010208610741233911,0.007545494895694629,0.011096316023080338,0.006213936972924989,0.010652463382157125,0.4664891256102974,0.009320905459387484,0.006213936972924989,0.011984021304926764
0.34419014084507044,0.007922535211267605,0.008362676056338027,0.07174295774647887,0.006602112676056338,0.009683098591549295,0.01056338028169014,0.009242957746478873,0.007482394366197183,0.011443661971830986,0.006161971830985915,0.010123239436619719,0.46919014084507044,0.008802816901408451,0.007482394366197183,0.011003521126760563
0.3460008837825895,0.007954043305346884,0.007954043305346884,0.0684931506849315,0.007070260715863898,0.009721608484312859,0.010163499779054353,0.008395934600088379,0.007954043305346884,0.011489173663278833,0.007070260715863898,0.010163499779054353,0.47282368537339814,0.008837825894829872,0.006628369421122404,0.009279717189571365
0.34680284191829486,0.007992895204262877,0.007992895204262877,0.06571936056838366,0.007548845470692718,0.010213143872113677,0.009325044404973356,0.007548845470692718,0.007548845470692718,0.010213143872113677,0.005772646536412078,0.011545293072824156,0.4746891651865009,0.009769094138543518,0.007104795737122558,0.010213143872113677
0.344,0.007555555555555556,0.008444444444444444,0.06311111111111112,0.008,0.009777777777777778,0.009777777777777778,0.008888888888888889,0.007555555555555556,0.007555555555555556,0.0071111111111111115,0.012,0.48,0.008888888888888889,0.007555555555555556,0.009777777777777778
0.3467137185707984,0.007940008822232024,0.008381120423467137,0.06263784737538597,0.0070577856197618,0.0105866784296427,0.007940008822232024,0.00882223202470225,0.007940008822232024,0.0070577856197618,0.007498897220996913,0.013233348037053375,0.47595941773268635,0.010145566828407587,0.00882223202470225,0.009263343625937363
0.34786476868327404,0.007562277580071174,0.00800711743772242,0.05871886120996441,0.008451957295373666,0.011565836298932384,0.007562277580071174,0.008896797153024912,0.0071174377224199285,0.00800711743772242,0.008896797153024912,0.013790035587188613,0.47419928825622776,0.009786476868327402,0.008451957295373666,0.01112099644128114
0.3453815261044177,0.0071396697902722,0.008478357875948238,0.05845604640785364,0.008478357875948238,0.00892458723784025,0.0071396697902722,0.009370816599732263,0.006693440428380187,0.008478357875948238,0.008478357875948238,0.01249442213297635,0.47925033467202144,0.009817045961624275,0.00892458723784025,0.01249442213297635
0.3431503792949576,0.005800981704596163,0.008032128514056224,0.05533244087460955,0.009370816599732263,0.009370816599732263,0.008478357875948238,0.00892458723784025,0.005800981704596163,0.0107095046854083,0.008032128514056224,0.012048192771084338,0.4837126282909415,0.009817045961624275,0.009370816599732263,0.012048192771084338
0.33973214285714287,0.00625,0.007142857142857143,0.059375,0.007589285714285714,0.009821428571428571,0.008482142857142856,0.009375,0.005803571428571429,0.011160714285714286,0.00625,0.011160714285714286,0.48839285714285713,0.010714285714285714,0.008035714285714285,0.010714285714285714
0.3476510067114094,0.007606263982102908,0.006711409395973154,0.05906040268456376,0.008501118568232663,0.008501118568232663,0.008948545861297539,0.009395973154362415,0.0058165548098434005,0.011633109619686801,0.007606263982102908,0.011185682326621925,0.4791946308724832,0.009843400447427294,0.008053691275167786,0.01029082774049217
0.34757194244604317,0.007194244604316547,0.005845323741007194,0.05710431654676259,0.007643884892086331,0.007194244604316547,0.008992805755395683,0.009892086330935251,0.0044964028776978415,0.012140287769784174,0.008093525179856115,0.011241007194244604,0.4847122302158273,0.008992805755395683,0.007643884892086331,0.011241007194244604
0.3390804597701149,0.006631299734748011,0.005747126436781609,0.054376657824933686,0.007515473032714412,0.006631299734748011,0.009283819628647215,0.009283819628647215,0.003978779840848806,0.01282051282051282,0.008399646330680813,0.011494252873563218,0.4982316534040672,0.008841732979664015,0.007515473032714412,0.010167992926613616
0.34210526315789475,0.005798394290811775,0.007136485280999108,0.054861730597680645,0.007582515611061552,0.006244424620874219,0.008920606601248885,0.00936663693131133,0.004014272970561998,0.012042818911685994,0.007136485280999108,0.012488849241748439,0.49464763603925066,0.009812667261373774,0.008028545941123996,0.009812667261373774
0.34759594177326864,0.0061755624172915745,0.00529333921482135,0.056021173356859286,0.007498897220996913,0.0061755624172915745,0.00882223202470225,0.00882223202470225,0.0030877812086457872,0.012792236435818262,0.0066166740185266875,0.011910013233348038,0.48963387737097486,0.009704455227172474,0.009263343625937363,0.0105866784296427
0.3570792520035619,0.006233303650934996,0.006678539626001781,0.05520926090828139,0.007569011576135352,0.006678539626001781,0.009349955476402494,0.006678539626001781,0.003116651825467498,0.013357079252003561,0.006678539626001781,0.01068566340160285,0.4844167408726625,0.008904719501335707,0.009349955476402494,0.008014247551202136
0.35516483516483516,0.006593406593406593,0.0074725274725274725,0.056703296703296706,0.005274725274725275,0.006593406593406593,0.01010989010989011,0.006593406593406593,0.0035164835164835165,0.012747252747252748,0.007032967032967033,0.01010989010989011,0.4887912087912088,0.007912087912087912,0.0074725274725274725,0.007912087912087912
0.3462044756472137,0.006581834137779728,0.005704256252742431,0.05792014041246161,0.004826678367705134,0.006581834137779728,0.009653356735410267,0.006581834137779728,0.003949100482667837,0.012724879333040808,0.008775778850372971,0.010092145677928916,0.4980254497586661,0.007459412022817025,0.006581834137779728,0.008336989907854322
0.3430721558211598,0.00619743249225321,0.006640106241699867,0.057104913678618856,0.005312084993359893,0.005754758742806552,0.009296148738379814,0.007525453740593183,0.005312084993359893,0.013280212483399735,0.009738822487826471,0.008853474988933156,0.4984506418769367,0.007525453740593183,0.007525453740593183,0.008410801239486499
0.3454063604240283,0.008392226148409895,0.005742049469964664,0.054328621908127206,0.006183745583038869,0.00530035335689046,0.009717314487632508,0.007950530035335688,0.004858657243816254,0.013692579505300354,0.008392226148409895,0.0088339222614841,0.4960247349823322,0.007508833922261484,0.009275618374558304,0.008392226148409895
0.3419182948490231,0.008880994671403197,0.004884547069271759,0.05595026642984014,0.007104795737122558,0.0053285968028419185,0.008436944937833037,0.007548845470692718,0.0053285968028419185,0.013765541740674956,0.007548845470692718,0.009325044404973356,0.4991119005328597,0.007992895204262877,0.008880994671403197,0.007992895204262877
0.3498438197233378,0.00892458723784025,0.004462293618920125,0.05533244087460955,0.008032128514056224,0.005800981704596163,0.008032128514056224,0.008032128514056224,0.004016064257028112,0.011601963409192326,0.007585899152164213,0.011155734047300312,0.4917447568049978,0.00892458723784025,0.008478357875948238,0.008032128514056224
0.3523936170212766,0.009308510638297872,0.004875886524822695,0.05851063829787234,0.0070921985815602835,0.00576241134751773,0.008865248226950355,0.007535460992907801,0.0035460992907801418,0.010638297872340425,0.0070921985815602835,0.010638297872340425,0.487145390070922,0.010195035460992909,0.008421985815602837,0.007978723404255319
0.35320284697508897,0.008896797153024912,0.004893238434163701,0.06005338078291815,0.0071174377224199285,0.005782918149466192,0.009341637010676156,0.0066725978647686835,0.00400355871886121,0.01112099644128114,0.0071174377224199285,0.01201067615658363,0.4830960854092527,0.009786476868327402,0.008451957295373666,0.008451957295373666
0.35015493581230633,0.009296148738379814,0.004426737494466578,0.059318282425852145,0.006640106241699867,0.005754758742806552,0.008853474988933156,0.007082779991146525,0.004426737494466578,0.011509517485613104,0.006640106241699867,0.011066843736166445,0.4900398406374502,0.008853474988933156,0.009738822487826471,0.00619743249225321
0.3468568880962996,0.00980829246544806,0.00490414623272403,0.057958091841284,0.006241640659830584,0.007133303611234953,0.008024966562639322,0.008470798038341507,0.0057958091841284,0.00980829246544806,0.006241640659830584,0.01069995541685243,0.49264378065091396,0.009362460989745877,0.00980829246544806,0.006241640659830584
0.35325602140945583,0.009812667261373774,0.0053523639607493305,0.05976806422836753,0.005798394290811775,0.008028545941123996,0.006690454950936664,0.008920606601248885,0.0053523639607493305,0.008920606601248885,0.006690454950936664,0.010258697591436218,0.4857270294380018,0.008920606601248885,0.00936663693131133,0.007136485280999108
0.35572249226690233,0.009721608484312859,0.004418912947414936,0.06053910737958462,0.005302695536897923,0.008395934600088379,0.007070260715863898,0.009279717189571365,0.0057445868316394165,0.010163499779054353,0.007070260715863898,0.010163499779054353,0.48166151126822804,0.008395934600088379,0.009279717189571365,0.007070260715863898
0.35044642857142855,0.008035714285714285,0.004910714285714286,0.06160714285714286,0.005803571428571429,0.008928571428571428,0.008035714285714285,0.009375,0.005803571428571429,0.008482142857142856,0.007589285714285714,0.0125,0.4830357142857143,0.008482142857142856,0.009821428571428571,0.007142857142857143
0.34132268086995116,0.007545494895694629,0.004882379050155349,0.06258322237017311,0.005770084332001775,0.00887705281846427,0.008433200177541057,0.00887705281846427,0.007101642254771416,0.00887705281846427,0.007989347536617843,0.011984021304926764,0.49001331557922767,0.009764758100310697,0.008433200177541057,0.007545494895694629
0.3428317008014248,0.007123775601068566,0.005342831700801425,0.06366874443455031,0.005342831700801425,0.009795191451469279,0.008459483526268923,0.008459483526268923,0.007569011576135352,0.009349955476402494,0.007123775601068566,0.012021371326803205,0.4884238646482636,0.008904719501335707,0.008014247551202136,0.007569011576135352
0.3422579205711736,0.006693440428380187,0.0049085229808121375,0.06247211066488175,0.005800981704596163,0.00892458723784025,0.00892458723784025,0.008478357875948238,0.007585899152164213,0.008032128514056224,0.006247211066488175,0.01249442213297635,0.4966532797858099,0.0071396697902722,0.006693440428380187,0.006693440428380187
0.3474988933156264,0.006640106241699867,0.00619743249225321,0.06684373616644533,0.00619743249225321,0.009738822487826471,0.00796812749003984,0.008410801239486499,0.007525453740593183,0.007525453740593183,0.00619743249225321,0.01239486498450642,0.48738379814077026,0.006640106241699867,0.00619743249225321,0.006640106241699867
0.3463436518618214,0.005832211754149843,0.006280843427545985,0.06415432929564828,0.006280843427545985,0.009421265141318977,0.008075370121130552,0.006280843427545985,0.005383580080753701,0.005832211754149843,0.007178106774338268,0.01301031852848811,0.4961866307761328,0.006729475100942127,0.006280843427545985,0.006729475100942127
0.34929078014184395,0.0062056737588652485,0.007535460992907801,0.0678191489361702,0.0062056737588652485,0.00975177304964539,0.007978723404255319,0.004875886524822695,0.004875886524822695,0.004875886524822695,0.0070921985815602835,0.01374113475177305,0.48980496453900707,0.006648936170212766,0.0062056737588652485,0.0070921985815602835
0.345679012345679,0.005291005291005291,0.007495590828924162,0.06613756613756613,0.00837742504409171,0.010582010582010581,0.007495590828924162,0.003968253968253968,0.0048500881834215165,0.0048500881834215165,0.007936507936507936,0.013227513227513227,0.49250440917107585,0.007054673721340388,0.005731922398589065,0.008818342151675485
0.34753661784287615,0.005326231691078562,0.007989347536617843,0.06613404349755882,0.00887705281846427,0.01154016866400355,0.007545494895694629,0.006213936972924989,0.0039946737683089215,0.005770084332001775,0.007989347536617843,0.011984021304926764,0.4895694629383045,0.005770084332001775,0.006657789613848202,0.007101642254771416
0.34759594177326864,0.0066166740185266875,0.00882223202470225,0.06484340538156154,0.008381120423467137,0.011027790030877812,0.0066166740185266875,0.0066166740185266875,0.004411116012351125,0.00529333921482135,0.007498897220996913,0.012351124834583149,0.4869872077635642,0.008381120423467137,0.0061755624172915745,0.008381120423467137
0.3447204968944099,0.006211180124223602,0.009316770186335404,0.06654835847382432,0.008429458740017746,0.01064773735581189,0.00709849157054126,0.007985803016858917,0.00354924578527063,0.0048802129547471165,0.006211180124223602,0.013309671694764862,0.48757763975155277,0.008873114463176575,0.00709849157054126,0.0075421472937000885
0.3407671721677074,0.006244424620874219,0.00936663693131133,0.06690454950936664,0.008920606601248885,0.010258697591436218,0.007136485280999108,0.008920606601248885,0.003568242640499554,0.0044603033006244425,0.007582515611061552,0.01159678858162355,0.4888492417484389,0.008920606601248885,0.00847457627118644,0.008028545941123996
0.3390804597701149,0.005747126436781609,0.009283819628647215,0.0649867374005305,0.008399646330680813,0.011052166224580018,0.008841732979664015,0.010610079575596816,0.003094606542882405,0.0035366931918656055,0.007073386383731211,0.01237842617152962,0.4920424403183024,0.007515473032714412,0.007957559681697613,0.008399646330680813
0.334517992003554,0.006663705019991115,0.009773434029320302,0.06130608618391826,0.00888494002665482,0.010217681030653044,0.007552199022656597,0.00888494002665482,0.003553976010661928,0.00444247001332741,0.006663705019991115,0.012438916037316748,0.5006663705019991,0.005775211017325633,0.007996446023989337,0.010661928031985785
0.3336291038154392,0.00709849157054126,0.009760425909494233,0.06299911268855368,0.008873114463176575,0.008873114463176575,0.008873114463176575,0.006654835847382431,0.00354924578527063,0.003992901508429458,0.00709849157054126,0.011535048802129548,0.5013309671694764,0.006211180124223602,0.007985803016858917,0.011535048802129548
