C_R,C_A,C_S,C_N,D_R,D_A,D_S,D_N,Oc_R,Oc_A,Oc_S,Oc_N,Od_R,Od_A,Od_S,Od_N
0.0,1.0,0.0,0.0,0.0,0.0,0.0,0.0,0.0,0.0,0.0,0.0,0.0,0.0,0.0,0.0
0.0,0.75,0.0,0.0,0.0,0.0,0.0,0.0,0.0,0.0,0.0,0.25,0.0,0.0,0.0,0.0
0.0,0.5,0.0,0.0,0.0,0.0,0.16666666666666666,0.0,0.0,0.0,0.0,0.3333333333333333,0.0,0.0,0.0,0.0
0.0,0.4444444444444444,0.0,0.0,0.0,0.0,0.1111111111111111,0.0,0.0,0.0,0.0,0.2222222222222222,0.0,0.2222222222222222,0.0,0.0
0.0,0.42857142857142855,0.0,0.0,0.0,0.0,0.07142857142857142,0.0,0.0,0.0,0.14285714285714285,0.2857142857142857,0.0,0.07142857142857142,0.0,0.0
0.0,0.3333333333333333,0.0,0.0,0.0,0.0,0.1111111111111111,0.0,0.0,0.0,0.16666666666666666,0.2222222222222222,0.1111111111111111,0.05555555555555555,0.0,0.0
0.0,0.32142857142857145,0.0,0.0,0.0,0.0,0.10714285714285714,0.0,0.0,0.0,0.10714285714285714,0.32142857142857145,0.10714285714285714,0.03571428571428571,0.0,0.0
0.0,0.3170731707317073,0.0,0.0,0.0,0.0,0.0975609756097561,0.0,0.0,0.0,0.07317073170731707,0.34146341463414637,0.0975609756097561,0.07317073170731707,0.0,0.0
0.0,0.25862068965517243,0.0,0.0,0.0,0.0,0.08620689655172414,0.0,0.0,0.0,0.08620689655172414,0.39655172413793105,0.08620689655172414,0.08620689655172414,0.0,0.0
0.0,0.22666666666666666,0.0,0.0,0.0,0.013333333333333334,0.10666666666666667,0.0,0.0,0.0,0.06666666666666667,0.41333333333333333,0.05333333333333334,0.12,0.0,0.0
0.0,0.21875,0.0,0.0,0.0,0.020833333333333332,0.11458333333333333,0.0,0.0,0.0,0.0625,0.3645833333333333,0.08333333333333333,0.13541666666666666,0.0,0.0
0.0,0.2116788321167883,0.0,0.0,0.0,0.014598540145985401,0.10948905109489052,0.0,0.0072992700729927005,0.0,0.051094890510948905,0.34306569343065696,0.10948905109489052,0.15328467153284672,0.0,0.0
0.011428571428571429,0.22285714285714286,0.011428571428571429,0.011428571428571429,0.0,0.005714285714285714,0.10285714285714286,0.0,0.0,0.005714285714285714,0.04,0.3314285714285714,0.11428571428571428,0.14285714285714285,0.0,0.0
0.017241379310344827,0.1896551724137931,0.01293103448275862,0.017241379310344827,0.0,0.008620689655172414,0.08189655172413793,0.0,0.0,0.008620689655172414,0.04310344827586207,0.33189655172413796,0.12931034482758622,0.15517241379310345,0.004310344827586207,0.0
0.020202020202020204,0.16498316498316498,0.013468013468013467,0.02356902356902357,0.003367003367003367,0.010101010101010102,0.08080808080808081,0.0,0.0,0.006734006734006734,0.04713804713804714,0.3400673400673401,0.11447811447811448,0.16161616161616163,0.006734006734006734,0.006734006734006734
0.025210084033613446,0.14565826330532214,0.014005602240896359,0.025210084033613446,0.0028011204481792717,0.0056022408963585435,0.08403361344537816,0.0,0.0,0.0056022408963585435,0.047619047619047616,0.3389355742296919,0.12605042016806722,0.16246498599439776,0.008403361344537815,0.008403361344537815
0.031818181818181815,0.1340909090909091,0.00909090909090909,0.029545454545454545,0.006818181818181818,0.004545454545454545,0.07727272727272727,0.0,0.004545454545454545,0.0022727272727272726,0.04090909090909091,0.325,0.1409090909090909,0.18181818181818182,0.004545454545454545,0.006818181818181818
0.03461538461538462,0.125,0.009615384615384616,0.03653846153846154,0.009615384615384616,0.0057692307692307696,0.07692307692307693,0.0038461538461538464,0.007692307692307693,0.0019230769230769232,0.046153846153846156,0.3076923076923077,0.1346153846153846,0.18269230769230768,0.007692307692307693,0.009615384615384616
0.04159733777038269,0.12146422628951747,0.0066555740432612314,0.048252911813643926,0.008319467554076539,0.008319467554076539,0.08153078202995008,0.004991680532445923,0.0066555740432612314,0.0016638935108153079,0.04991680532445923,0.28286189683860236,0.13976705490848584,0.18302828618968386,0.008319467554076539,0.0066555740432612314
0.03971631205673759,0.12056737588652482,0.005673758865248227,0.05815602836879433,0.00851063829787234,0.011347517730496455,0.08794326241134752,0.0070921985815602835,0.00851063829787234,0.0014184397163120568,0.04822695035460993,0.2695035460992908,0.1347517730496454,0.18439716312056736,0.005673758865248227,0.00851063829787234
0.042735042735042736,0.10989010989010989,0.004884004884004884,0.06349206349206349,0.013431013431013432,0.01221001221001221,0.08302808302808302,0.008547008547008548,0.007326007326007326,0.002442002442002442,0.04884004884004884,0.2796092796092796,0.1391941391941392,0.16605616605616605,0.007326007326007326,0.01098901098901099
0.05016357688113413,0.10905125408942203,0.006543075245365322,0.0697928026172301,0.014176663031624863,0.014176663031624863,0.07742639040348964,0.008724100327153763,0.006543075245365322,0.0021810250817884407,0.05125408942202835,0.2628135223555071,0.13849509269356597,0.17121046892039257,0.0054525627044711015,0.011995637949836423
0.05128205128205128,0.10749506903353057,0.007889546351084813,0.07692307692307693,0.01282051282051282,0.020710059171597635,0.07199211045364892,0.008875739644970414,0.008875739644970414,0.0019723865877712033,0.05621301775147929,0.2445759368836292,0.14102564102564102,0.16765285996055226,0.005917159763313609,0.015779092702169626
0.05546075085324232,0.1075085324232082,0.011945392491467578,0.08276450511945392,0.013651877133105802,0.024744027303754267,0.06825938566552901,0.008532423208191127,0.00938566552901024,0.002559726962457338,0.051194539249146756,0.23378839590443687,0.1407849829351536,0.17235494880546076,0.002559726962457338,0.014505119453924915
0.06067769897557131,0.10007880220646179,0.01103230890464933,0.09141055949566587,0.01260835303388495,0.03309692671394799,0.07092198581560284,0.0070921985815602835,0.01024428684003152,0.0031520882584712374,0.045705279747832936,0.22458628841607564,0.14184397163120568,0.16706067769897556,0.0031520882584712374,0.017336485421591805
0.061472480343102216,0.10007147962830593,0.012151536812008578,0.09578270192994996,0.012151536812008578,0.036454610436025735,0.06719085060757685,0.010007147962830594,0.007147962830593281,0.004288777698355968,0.04646175839885633,0.22015725518227305,0.13295210864903503,0.1708363116511794,0.0028591851322373124,0.020014295925661188
0.062905317769131,0.09533073929961089,0.01232166018158236,0.09922178988326848,0.014267185473411154,0.035667963683527884,0.07263294422827497,0.010376134889753566,0.009079118028534372,0.005188067444876783,0.04085603112840467,0.20428015564202334,0.14007782101167315,0.17574578469520102,0.0019455252918287938,0.020103761348897537
0.06321493076459964,0.08910295003010235,0.011438892233594221,0.10174593618302227,0.015051173991571343,0.03672486453943408,0.07706201083684527,0.010836845273931367,0.010836845273931367,0.004214328717639976,0.039735099337748346,0.1986754966887417,0.14629741119807346,0.17278747742323902,0.001806140878988561,0.020469596628537028
0.0660643704121965,0.08639186900056466,0.012422360248447204,0.10276679841897234,0.018068887634105024,0.0378317334839074,0.07905138339920949,0.010728402032749858,0.01129305477131564,0.004517221908526256,0.03670242800677583,0.19480519480519481,0.15245623941276115,0.16431394692264256,0.002258610954263128,0.020327498588368152
0.06666666666666667,0.08266666666666667,0.013866666666666666,0.11146666666666667,0.017066666666666667,0.037333333333333336,0.0736,0.0128,0.0112,0.0048,0.0384,0.1856,0.15573333333333333,0.16106666666666666,0.0026666666666666666,0.025066666666666668
0.06609049313675648,0.07676664972038638,0.013726487036095577,0.10726995424504321,0.019827147941026944,0.03711235383833249,0.07219115404168785,0.013218098627351297,0.013726487036095577,0.0066090493136756485,0.03863751906456533,0.1784443314692425,0.16166751398068124,0.16471784443314694,0.003050330452465684,0.026944585663446874
0.06415822479498312,0.0713941148094549,0.014954172696575013,0.11336227689339122,0.021225277375783887,0.03762662807525326,0.0742884708152436,0.013024602026049204,0.013989387361312108,0.00723589001447178,0.03762662807525326,0.17945007235890015,0.1596719729860106,0.16304872165943077,0.002894356005788712,0.02604920405209841
0.06465517241379311,0.06896551724137931,0.017720306513409962,0.1096743295019157,0.021551724137931036,0.035440613026819924,0.07183908045977011,0.013888888888888888,0.013888888888888888,0.009578544061302681,0.04118773946360153,0.18007662835249041,0.15996168582375478,0.16044061302681992,0.0038314176245210726,0.027298850574712645
0.06725011515430677,0.06863196683555965,0.019345923537540305,0.11515430677107324,0.02164900967296177,0.035006909258406264,0.07231690465223399,0.01427913403961308,0.013818516812528788,0.011054813450023031,0.03638876093965914,0.17273146015660987,0.15568862275449102,0.16121602947950253,0.005066789497927222,0.030400736987563334
0.06561085972850679,0.06470588235294118,0.022171945701357467,0.11493212669683257,0.02171945701357466,0.03574660633484163,0.07013574660633484,0.014479638009049774,0.013574660633484163,0.01085972850678733,0.03665158371040724,0.17330316742081447,0.1583710407239819,0.16153846153846155,0.006334841628959276,0.02986425339366516
0.06583629893238434,0.06138790035587188,0.023576512455516015,0.11921708185053381,0.02224199288256228,0.035142348754448396,0.07161921708185054,0.016459074733096084,0.011565836298932384,0.011565836298932384,0.036476868327402136,0.16548042704626334,0.1601423487544484,0.1632562277580071,0.0066725978647686835,0.029359430604982206
0.06344950848972297,0.06568364611260054,0.023681858802502235,0.12064343163538874,0.022341376228775692,0.03485254691689008,0.07283288650580876,0.01519213583556747,0.012064343163538873,0.011170688114387846,0.036193029490616625,0.16309204647006256,0.15996425379803395,0.15996425379803395,0.00804289544235925,0.030831099195710455
0.06757349714787188,0.06230802983764809,0.02369460289600702,0.12022817025010969,0.022378236068451074,0.035980693286529176,0.07459412022817025,0.015357612988152698,0.01228609039052216,0.011408512505484861,0.03554190434401053,0.15884159719175076,0.15928038613426942,0.1619131197893813,0.007898200965335674,0.030715225976305396
0.0693950177935943,0.06094306049822064,0.024466192170818506,0.11921708185053381,0.023131672597864767,0.03425266903914591,0.06895017793594306,0.016903914590747332,0.012900355871886121,0.01201067615658363,0.03558718861209965,0.1619217081850534,0.15880782918149466,0.16370106761565836,0.008896797153024912,0.02891459074733096
0.06946902654867257,0.06415929203539823,0.02743362831858407,0.11592920353982301,0.024336283185840708,0.032300884955752215,0.06858407079646017,0.01504424778761062,0.012831858407079646,0.012389380530973451,0.034955752212389384,0.15575221238938053,0.16460176991150444,0.16371681415929204,0.009292035398230088,0.02920353982300885
0.07231040564373897,0.06128747795414462,0.026895943562610228,0.12433862433862433,0.024691358024691357,0.036155202821869487,0.06966490299823633,0.015873015873015872,0.011904761904761904,0.011022927689594356,0.03262786596119929,0.15343915343915343,0.16005291005291006,0.1609347442680776,0.009700176366843033,0.0291005291005291
0.07019102621057308,0.06086183918258552,0.024877832074633496,0.11639271434917814,0.023989338071968014,0.03553976010661928,0.06841403820524211,0.016881386050644157,0.011550422034651266,0.012438916037316748,0.03331852509995557,0.15326521545979566,0.16437139049311417,0.1625944024877832,0.01288316303864949,0.03243003109729009
0.07327971403038427,0.0612153708668454,0.025022341376228777,0.11840929401251117,0.026362823949955316,0.035299374441465595,0.06747095621090259,0.017873100983020553,0.011170688114387846,0.012064343163538873,0.03306523681858802,0.1483467381590706,0.1671134941912422,0.1577301161751564,0.012064343163538873,0.03351206434316354
0.07488986784140969,0.05991189427312775,0.029515418502202642,0.11762114537444934,0.024229074889867842,0.03259911894273128,0.06916299559471366,0.01894273127753304,0.010572687224669603,0.012334801762114538,0.03436123348017621,0.1581497797356828,0.16123348017621145,0.14977973568281938,0.014096916299559472,0.03259911894273128
0.07123893805309735,0.058849557522123896,0.027876106194690265,0.12345132743362831,0.02566371681415929,0.032300884955752215,0.0668141592920354,0.019469026548672566,0.012389380530973451,0.011946902654867256,0.034513274336283185,0.15398230088495576,0.1654867256637168,0.1495575221238938,0.014601769911504425,0.03185840707964602
0.07174490699734277,0.05713020372010629,0.02745792736935341,0.1262178919397697,0.024800708591674048,0.03277236492471213,0.0637732506643047,0.01904340124003543,0.013728963684676704,0.013728963684676704,0.03277236492471213,0.15057573073516387,0.1616474756421612,0.15677590788308238,0.014614703277236492,0.033215234720992026
0.07404103479036575,0.058876003568242644,0.026761819803746655,0.12488849241748438,0.027207850133809098,0.03166815343443354,0.06199821587867975,0.0191793041926851,0.016057091882247992,0.013380909901873328,0.03389830508474576,0.14852809991079394,0.1641391614629795,0.15298840321141838,0.013380909901873328,0.03300624442462088
0.07678650687971593,0.05858854860186418,0.02796271637816245,0.1318242343541944,0.02529960053262317,0.032401242787394584,0.060363959165557035,0.01908566355969818,0.017310252996005325,0.014203284509542832,0.032401242787394584,0.14824678206835332,0.16067465601420328,0.14913448735019974,0.014203284509542832,0.03151353750554816
0.08042421564295184,0.06053910737958462,0.0273972602739726,0.12947414935925763,0.023862129916040652,0.03225806451612903,0.0618647812638091,0.019001325673884226,0.016349977905435263,0.0136986301369863,0.03314184710561202,0.14847547503314185,0.16305788775961114,0.14670790985417587,0.015024304021210782,0.028722934158197082
0.0809608540925267,0.05871886120996441,0.026690391459074734,0.13256227758007116,0.025355871886120998,0.03336298932384341,0.0645017793594306,0.019572953736654804,0.016459074733096084,0.013345195729537367,0.03603202846975089,0.1436832740213523,0.15969750889679715,0.14279359430604982,0.016459074733096084,0.029804270462633453
0.08137992038920831,0.057938965059708095,0.02565236620964175,0.13401149933657674,0.02344095532950022,0.033171163202122954,0.06457319770013269,0.01901813356921716,0.01592215833701902,0.013268465280849183,0.03449800973020787,0.1450685537372844,0.16364440513047324,0.14374170720919946,0.0145953118089341,0.03007518796992481
0.08,0.05555555555555555,0.02666666666666667,0.132,0.022222222222222223,0.034666666666666665,0.06488888888888888,0.02,0.015555555555555555,0.012444444444444444,0.036,0.1448888888888889,0.16844444444444445,0.14133333333333334,0.015111111111111112,0.030222222222222223
0.08318505338078291,0.05871886120996441,0.026690391459074734,0.12944839857651247,0.023131672597864767,0.036476868327402136,0.06272241992882563,0.021352313167259787,0.017348754448398576,0.012455516014234875,0.03336298932384341,0.1445729537366548,0.16414590747330962,0.1423487544483986,0.015124555160142349,0.02891459074733096
0.0855614973262032,0.0570409982174688,0.025846702317290554,0.12745098039215685,0.023172905525846704,0.035650623885918005,0.059269162210338684,0.022281639928698752,0.01693404634581105,0.0106951871657754,0.035204991087344026,0.14260249554367202,0.16844919786096257,0.14393939393939395,0.015597147950089126,0.030303030303030304
0.08337028824833703,0.057649667405764965,0.027494456762749447,0.129490022172949,0.02350332594235033,0.03148558758314856,0.05720620842572062,0.021286031042128603,0.01729490022172949,0.012860310421286032,0.03592017738359202,0.14146341463414633,0.17117516629711751,0.14323725055432374,0.01729490022172949,0.02926829268292683
0.08428446005267778,0.05794556628621598,0.026777875329236173,0.1286215978928885,0.026777875329236173,0.03204565408252853,0.05750658472344162,0.0228270412642669,0.01755926251097454,0.014047410008779631,0.04038630377524144,0.13784021071115013,0.16769095697980685,0.13871817383669885,0.018437225636523266,0.028533801580333626
0.08572691117984976,0.0547945205479452,0.023862129916040652,0.13300927971718957,0.026513477684489615,0.030048608042421564,0.0552364118426867,0.023862129916040652,0.019885108263367212,0.0136986301369863,0.0410958904109589,0.13875386654882899,0.16924436588599204,0.13875386654882899,0.019885108263367212,0.02562969509500663
0.08905967450271247,0.05650994575045208,0.022603978300180832,0.13245931283905968,0.025768535262206148,0.03209764918625678,0.057414104882459314,0.022603978300180832,0.0162748643761302,0.014466546112115732,0.04159132007233273,0.13562386980108498,0.1713381555153707,0.13878842676311032,0.01763110307414105,0.025768535262206148
0.08273703041144902,0.057245080500894455,0.023255813953488372,0.1368515205724508,0.029069767441860465,0.03443649373881932,0.057245080500894455,0.023255813953488372,0.014758497316636851,0.0129695885509839,0.04516994633273703,0.13282647584973167,0.16949910554561717,0.139087656529517,0.01744186046511628,0.024150268336314847
0.08278291501541171,0.05900484368119771,0.02289740202553941,0.1448701012769705,0.03258476442095993,0.032144429766622636,0.05592250110083664,0.022016732716864818,0.015411712901805373,0.01673271686481726,0.043593130779392336,0.12725671510347863,0.16776750330250992,0.1338617349185381,0.01893439013650374,0.024218405988551298
0.08513453903837671,0.054256726951918834,0.023820026466696075,0.1446846052051169,0.03396559329510366,0.030877812086457873,0.054256726951918834,0.022055580061755623,0.017203352448169385,0.017203352448169385,0.043228936921041024,0.12571680635200705,0.1733568592853992,0.13277459197176886,0.017203352448169385,0.024261138067931187
0.08470066518847007,0.05188470066518847,0.02394678492239468,0.14323725055432374,0.03325942350332594,0.031929046563192905,0.0541019955654102,0.02261640798226164,0.01729490022172949,0.019068736141906874,0.04212860310421286,0.1246119733924612,0.17250554323725056,0.13569844789356986,0.016407982261640797,0.026607538802660754
0.0821127385707945,0.05104305370616955,0.023968042609853527,0.1478029294274301,0.033732800710164226,0.03195739014647137,0.05059920106524634,0.022636484687083888,0.01775410563692854,0.019973368841544607,0.04216600088770528,0.1216156236129605,0.17620949844651576,0.1349312028406569,0.015534842432312472,0.02796271637816245
0.08377659574468085,0.04875886524822695,0.024379432624113476,0.14627659574468085,0.03590425531914894,0.030141843971631204,0.04831560283687943,0.02127659574468085,0.02127659574468085,0.020390070921985817,0.04210992907801418,0.12189716312056738,0.17641843971631205,0.1351950354609929,0.014184397163120567,0.02969858156028369
0.08413672217353199,0.05127081507449606,0.02848378615249781,0.14548641542506574,0.03418054338299737,0.03067484662576687,0.04820333041191937,0.022348816827344433,0.022787028921998246,0.022348816827344433,0.040315512708150744,0.12050832602979843,0.1765994741454864,0.12927256792287467,0.014022787028921999,0.029360210341805432
0.08478357875948238,0.05042391789379741,0.030789825970548863,0.142793395805444,0.03302097278000892,0.02900490852298081,0.0464078536367693,0.022757697456492636,0.024096385542168676,0.0214190093708166,0.04239178937974119,0.11601963409192324,0.18340026773761714,0.13208389112003568,0.013386880856760375,0.027219991075412762
0.08720672864099159,0.05002213368747233,0.03098716246126605,0.1460823373173971,0.03275785745905268,0.03010181496237273,0.0451527224435591,0.02213368747233289,0.023461708720672863,0.02080566622399292,0.04205400619743249,0.11907923860115095,0.1845949535192563,0.12527667109340415,0.012837538733953076,0.027445772465692783
0.0877038342882327,0.05112384310268841,0.030850594975760245,0.14103129131776113,0.031732040546496254,0.02996914940502424,0.04451300132216836,0.02379903040987219,0.024239753195240195,0.022917584839136182,0.04363155575143235,0.11414720141031291,0.1855442926399295,0.125605993829881,0.013221683561040106,0.02996914940502424
0.08388814913448735,0.052374611628939194,0.031069684864624945,0.14558366622281402,0.031069684864624945,0.03195739014647137,0.04571682201509099,0.022636484687083888,0.02529960053262317,0.022192632046160676,0.041278295605858856,0.11318242343541944,0.18863737239236572,0.1220594762538837,0.015090989791389259,0.02796271637816245
0.08255659121171771,0.05459387483355526,0.028406569019085663,0.14691522414558367,0.02929427430093209,0.032845095428317796,0.047936085219707054,0.024411895250776743,0.023524189968930315,0.022192632046160676,0.03994673768308921,0.11273857079449623,0.18508655126498003,0.12605415002219264,0.014647137150466045,0.02885042166000888
0.08285839544059623,0.05392371766768961,0.028496273564226217,0.14730381411661553,0.029373081981587022,0.03463393248575186,0.04340201665935993,0.02367382726874178,0.025427444103463395,0.02104340201665936,0.04208680403331872,0.10916264796142043,0.19114423498465585,0.12275317843051294,0.01578255151249452,0.02893467777290662
0.08351745470614229,0.05567830313742819,0.030048608042421564,0.14714980114891738,0.02828104286345559,0.03667697746354397,0.04197967300044189,0.024304021210782147,0.028722934158197082,0.022536456031816175,0.0410958904109589,0.1042863455589925,0.18957136544410075,0.12107821475916924,0.015466195315952275,0.029606716747680072
0.08366533864541832,0.05444887118193891,0.029216467463479414,0.1460823373173971,0.027888446215139442,0.03629924745462594,0.04161133244798584,0.02611775121735281,0.029216467463479414,0.023019034971226208,0.03939796370075255,0.10225763612217796,0.1983178397521027,0.11819389110225764,0.01637892872952634,0.027888446215139442
0.0871295886775763,0.05174701459531181,0.027421494913754976,0.14462627156125607,0.029632905793896505,0.033171163202122954,0.0437859354268023,0.027421494913754976,0.03007518796992481,0.02344095532950022,0.03759398496240601,0.1021671826625387,0.19416187527642637,0.11941618752764263,0.01901813356921716,0.0291906236178682
0.08676405489154493,0.05090748118636565,0.02656042496679947,0.14431164231961044,0.027003098716246128,0.034528552456839307,0.04293935369632581,0.02877379371403276,0.029216467463479414,0.02478972996901284,0.03762726870296591,0.10270030987162461,0.199203187250996,0.11155378486055777,0.02080566622399292,0.03231518370960602
0.08351843625055531,0.05286539315859618,0.029320302087960905,0.14482452243447358,0.02665482007996446,0.03553976010661928,0.0444247001332741,0.02665482007996446,0.027099067081297203,0.02621057307863172,0.0368725011106175,0.0964015992892048,0.20390937361172812,0.10795202132385606,0.024877832074633496,0.03287427809862283
0.08274647887323944,0.05237676056338028,0.028609154929577465,0.1483274647887324,0.02772887323943662,0.03433098591549296,0.0409330985915493,0.02772887323943662,0.023767605633802816,0.027288732394366196,0.03961267605633803,0.09727112676056338,0.2055457746478873,0.10431338028169014,0.02596830985915493,0.03345070422535211
0.08214285714285714,0.05,0.029017857142857144,0.14285714285714285,0.03169642857142857,0.03571428571428571,0.04017857142857143,0.025892857142857145,0.026785714285714284,0.03080357142857143,0.03616071428571429,0.09598214285714286,0.20580357142857142,0.10803571428571429,0.026785714285714284,0.03214285714285714
0.08459483526268922,0.048975957257346395,0.029385574354407838,0.14381121994657167,0.03250222617987533,0.03383793410507569,0.04140694568121104,0.02626892252894034,0.027604630454140695,0.031166518254674976,0.0365093499554764,0.09038290293855744,0.20614425645592163,0.10685663401602849,0.02804986642920748,0.03250222617987533
0.08384819064430715,0.04677846425419241,0.03133274492497794,0.14386584289496912,0.03442188879082083,0.03574580759046778,0.040158870255957636,0.0264783759929391,0.027802294792586054,0.03089143865842895,0.03486319505736982,0.09355692850838482,0.2091791703442189,0.10326566637246248,0.0264783759929391,0.03133274492497794
0.0881567230632235,0.047640249332146035,0.030721282279608193,0.14737310774710596,0.03294746215494212,0.035173642030276044,0.039180765805877114,0.024487978628673197,0.02804986642920748,0.02983081032947462,0.035173642030276044,0.09038290293855744,0.20837043633125557,0.10596616206589493,0.025378450578806767,0.031166518254674976
0.08869179600886919,0.04745011086474501,0.03237250554323725,0.14855875831485588,0.03237250554323725,0.03547671840354767,0.039467849223946784,0.02483370288248337,0.027494456762749447,0.03015521064301552,0.03547671840354767,0.08691796008869179,0.2066518847006652,0.10465631929046564,0.02261640798226164,0.03680709534368071
0.08614564831261101,0.04706927175843695,0.03063943161634103,0.14875666074600355,0.03285968028419183,0.03374777975133215,0.037300177619893425,0.024422735346358793,0.026198934280639432,0.02975133214920071,0.03374777975133215,0.08614564831261101,0.21714031971580816,0.10435168738898756,0.02575488454706927,0.03596802841918295
0.08616071428571428,0.045535714285714284,0.034375,0.14598214285714287,0.03169642857142857,0.03571428571428571,0.0375,0.025892857142857145,0.025,0.027678571428571427,0.033928571428571426,0.08839285714285715,0.21651785714285715,0.10535714285714286,0.026785714285714284,0.033482142857142856
0.08572691117984976,0.04507291206363235,0.032699955810870526,0.14405656208572692,0.03137428192664605,0.037560760053026956,0.03667697746354397,0.022978347326557666,0.02828104286345559,0.030048608042421564,0.034909412284577994,0.08528501988510827,0.2222713212549713,0.10163499779054352,0.026513477684489615,0.034909412284577994
0.0871295886775763,0.044228217602830605,0.03538257408226449,0.14816452896948254,0.030959752321981424,0.03538257408226449,0.03759398496240601,0.019902697921273773,0.0291906236178682,0.03184431667403804,0.03715170278637771,0.08536045997346307,0.21760283060592658,0.09818664307828394,0.025210084033613446,0.0367094206103494
0.09507042253521127,0.04401408450704225,0.037411971830985914,0.14568661971830985,0.030369718309859156,0.035211267605633804,0.03389084507042254,0.022887323943661973,0.02948943661971831,0.02992957746478873,0.03477112676056338,0.08142605633802817,0.21654929577464788,0.09683098591549295,0.026848591549295774,0.03961267605633803
0.09710467706013363,0.04543429844097996,0.0334075723830735,0.14788418708240533,0.032516703786191536,0.0378619153674833,0.03474387527839644,0.023608017817371936,0.028953229398663696,0.03296213808463252,0.033853006681514475,0.07973273942093541,0.2111358574610245,0.09398663697104677,0.026280623608017816,0.04053452115812917
0.09586631486367635,0.04221635883905013,0.03210202286719437,0.15435356200527706,0.03430079155672823,0.03737906772207564,0.03210202286719437,0.02198768689533861,0.028583992963940194,0.03386103781882146,0.03386103781882146,0.07959542656112577,0.21416007036059806,0.09718557607739665,0.023306948109058926,0.03913808267370272
0.0963484381874175,0.04135503739551254,0.030796304443466784,0.15266168059832821,0.0343158820941487,0.03827540695116586,0.03255609326880774,0.02199736031676199,0.030796304443466784,0.034755829300483945,0.03519577650681918,0.08095028596568411,0.21777386713594368,0.09106907171139464,0.02287725472943247,0.03827540695116586
0.09827357237715803,0.041168658698539175,0.03010181496237273,0.15272244355909695,0.03142983621071271,0.041168658698539175,0.033643204957945996,0.021248339973439574,0.03010181496237273,0.03629924745462594,0.03718459495351926,0.07923860115095174,0.21336874723328905,0.08853474988933156,0.023019034971226208,0.04249667994687915
0.10062056737588652,0.04210992907801418,0.034131205673758866,0.1529255319148936,0.031471631205673756,0.0425531914893617,0.03235815602836879,0.02171985815602837,0.0274822695035461,0.03590425531914894,0.03856382978723404,0.0775709219858156,0.21010638297872342,0.09042553191489362,0.022606382978723406,0.03945035460992908
0.09951132829853399,0.04042647712127943,0.0346512661039538,0.15370946246112838,0.03065304309195913,0.03998223011994669,0.034207019102621056,0.02087960906263883,0.024877832074633496,0.03509551310528654,0.03953798311861395,0.08040870724122612,0.2145713016437139,0.08396268325188805,0.023989338071968014,0.043536206130608615
0.10211267605633803,0.03917253521126761,0.03301056338028169,0.14788732394366197,0.03301056338028169,0.042693661971830985,0.03125,0.018045774647887324,0.02772887323943662,0.037852112676056336,0.03961267605633803,0.07790492957746478,0.2125880281690141,0.08582746478873239,0.023327464788732395,0.047975352112676055
0.10017574692442882,0.037785588752196834,0.033391915641476276,0.15026362038664323,0.032952548330404216,0.04261862917398945,0.031195079086115993,0.01845342706502636,0.02680140597539543,0.035588752196836555,0.04173989455184534,0.07952548330404217,0.21045694200351495,0.0883128295254833,0.023725834797891036,0.04701230228471002
0.10585082626172398,0.03573023671281822,0.036176864671728454,0.15006699419383654,0.03305046895935686,0.04108977221974096,0.03305046895935686,0.01965163019205002,0.025011165698972757,0.03841000446627959,0.04421616793211255,0.07860652076820009,0.20946851272889683,0.08351942831621259,0.020991514068780706,0.04510942384993301
0.10320284697508897,0.032473309608540925,0.037366548042704624,0.14813167259786478,0.03291814946619217,0.04092526690391459,0.03291814946619217,0.02090747330960854,0.02491103202846975,0.03914590747330961,0.04314946619217082,0.08140569395017794,0.21218861209964412,0.08407473309608542,0.02090747330960854,0.045373665480427046
0.10756972111553785,0.03187250996015936,0.03851261620185923,0.1460823373173971,0.03497122620628597,0.04205400619743249,0.03231518370960602,0.023461708720672863,0.02478972996901284,0.03851261620185923,0.043382027445772464,0.08100929614873838,0.2067286409915892,0.08233731739707835,0.019034971226206288,0.04736609119079239
0.1088495575221239,0.030973451327433628,0.03982300884955752,0.1486725663716814,0.036283185840707964,0.04247787610619469,0.029646017699115044,0.023008849557522124,0.025221238938053097,0.04026548672566372,0.03849557522123894,0.08008849557522124,0.20707964601769913,0.07699115044247788,0.022123893805309734,0.05
0.11546936976641692,0.030409872190392245,0.0379021595416483,0.14631996474217718,0.03481710004407228,0.045835169678272364,0.02996914940502424,0.024239753195240195,0.027765535478184222,0.036579991185544294,0.040546496253856326,0.08065226972234464,0.1996474217717056,0.07756721022476862,0.021595416483032173,0.050683120317320404
0.11165263624280018,0.028356225077536552,0.038546743464776254,0.1479840496233939,0.033673017279574655,0.04253433761630483,0.02924235711120957,0.023482498892334957,0.028799291094373063,0.03633141338059371,0.042977403633141335,0.07930881701373504,0.204696499778467,0.07797961896322551,0.022153300841825433,0.052281789986708016
0.1133244798583444,0.027888446215139442,0.03939796370075255,0.14652501106684374,0.034528552456839307,0.04028331119964586,0.03142983621071271,0.02213368747233289,0.03010181496237273,0.035413899955732624,0.043824701195219126,0.07923860115095174,0.2089420097388225,0.07569721115537849,0.0199203187250996,0.051350154935812305
0.11528268551236749,0.030035335689045935,0.04019434628975265,0.14531802120141343,0.0353356890459364,0.04063604240282685,0.02959363957597173,0.02075971731448763,0.03268551236749117,0.036219081272084806,0.03931095406360424,0.07906360424028269,0.20848056537102475,0.07729681978798586,0.01987632508833922,0.04991166077738516
0.11919368974583698,0.029360210341805432,0.04075372480280456,0.1441717791411043,0.035056967572304996,0.04075372480280456,0.02848378615249781,0.020157756354075372,0.033304119193689745,0.03812445223488168,0.03943908851884312,0.07624890446976336,0.2112182296231376,0.0736196319018405,0.020157756354075372,0.04995617879053462
0.11910013233348037,0.0282311424790472,0.037935597706219674,0.14865460961623292,0.03749448610498456,0.04146449051610057,0.032642258491398325,0.018967798853109837,0.033083370092633436,0.03749448610498456,0.036612262902514334,0.0776356418173798,0.20379355977062197,0.07631230701367446,0.018967798853109837,0.05161005734450816
0.11892130857648099,0.027409372236958444,0.03757736516357206,0.14412024756852343,0.03757736516357206,0.041998231653404064,0.032714412024756855,0.022104332449160036,0.034924845269672856,0.036251105216622455,0.03669319186560566,0.07824933687002653,0.20866489832007074,0.07692307692307693,0.01856763925729443,0.04730327144120248
0.12349531876950513,0.027641551493535442,0.03878733838609006,0.1506910387873384,0.03700401248328132,0.04101649576460098,0.03388319215336603,0.02050824788230049,0.03744984395898351,0.03700401248328132,0.03343736067766384,0.0753455193936692,0.20419081587160054,0.07623718234507357,0.01649576460098083,0.04681230494872938
0.12795363352652697,0.02630405706642889,0.03700401248328132,0.1502452073116362,0.03789567543468569,0.04190815871600535,0.034329023629068214,0.017833259028087384,0.03923316986179224,0.03789567543468569,0.03120820329915292,0.07044137316094516,0.20731163620151583,0.07445385644226482,0.018279090503789567,0.04770396790013375
0.12279929577464789,0.02596830985915493,0.037852112676056336,0.14920774647887325,0.03873239436619718,0.043133802816901406,0.032570422535211266,0.017605633802816902,0.037411971830985914,0.03917253521126761,0.030369718309859156,0.07086267605633803,0.21566901408450703,0.07174295774647887,0.020246478873239437,0.04665492957746479
0.12417437252311757,0.026420079260237782,0.036988110964332896,0.15367679436371642,0.038749449581682076,0.04315279612505504,0.03522677234698371,0.019815059445178335,0.04007045354469397,0.03786878027300748,0.029502421840598855,0.06605019815059446,0.21047996477322764,0.07089387934830471,0.022016732716864818,0.04491413474240423
0.13064658990256864,0.027015057573073518,0.037643932683790966,0.1563330380868025,0.04030115146147033,0.03941541186891054,0.032329495128432244,0.01948627103631532,0.03985828166519043,0.03941541186891054,0.027015057573073518,0.06465899025686449,0.20814880425155005,0.06953055801594331,0.023029229406554472,0.045172719220549155
0.13321647677475898,0.02716914986853637,0.03768624014022787,0.15556529360210342,0.039000876424189306,0.03856266432953549,0.031113058720420684,0.020157756354075372,0.03768624014022787,0.036371603856266435,0.028045574057843997,0.06617002629272568,0.21866783523225242,0.06573181419807186,0.021034180543382998,0.04382120946538125
0.13557820115197164,0.027470093043863535,0.03943287549844927,0.1546300398759415,0.04031900753212229,0.03190075321222862,0.02968542312804608,0.021267168808152416,0.0412051395657953,0.03721754541426672,0.028356225077536552,0.0664599025254763,0.2193176783340718,0.06070004430660168,0.021267168808152416,0.04519273371732388
0.14253996447602132,0.02886323268206039,0.03907637655417407,0.15319715808170514,0.038632326820603906,0.03152753108348135,0.03197158081705151,0.02264653641207815,0.04129662522202487,0.037300177619893425,0.02708703374777975,0.06172291296625222,0.21847246891651864,0.0586145648312611,0.021758436944937832,0.0452930728241563
0.14342806394316163,0.02708703374777975,0.03641207815275311,0.15364120781527532,0.03641207815275311,0.02930728241563055,0.03374777975133215,0.020426287744227355,0.041740674955595025,0.03907637655417407,0.02664298401420959,0.06172291296625222,0.2211367673179396,0.05728241563055062,0.023978685612788632,0.047957371225577264
0.14147201410312912,0.027324812692816218,0.035698545614808286,0.1494050242397532,0.0374614367562803,0.031732040546496254,0.03305420890260027,0.020713970912296167,0.04098721903922433,0.04010577346848832,0.02600264433671221,0.060379021595416485,0.2247686205376818,0.05817540766857646,0.025561921551344204,0.04715733803437638
0.1466249441215914,0.027715690657130084,0.037103263299061245,0.1470719713902548,0.03531515422440769,0.03173893607510058,0.03352704514975414,0.02101028162717926,0.04112650871703174,0.04112650871703174,0.025033527045149755,0.06079570853822083,0.22440768886902102,0.054090299508270004,0.024139472507822977,0.04917299955297273
0.14431616341030196,0.028419182948490232,0.03774422735346359,0.14564831261101244,0.03330373001776199,0.03197158081705151,0.03197158081705151,0.020426287744227355,0.041740674955595025,0.043072824156305506,0.023978685612788632,0.0541740674955595,0.23001776198934282,0.056838365896980464,0.02664298401420959,0.0497335701598579
0.14986619090098127,0.028099910793933987,0.039250669045495096,0.14495985727029437,0.03166815343443354,0.029884032114183764,0.031222123104371096,0.021409455842997322,0.04192685102586976,0.040588760035682424,0.028545941123996433,0.05575379125780553,0.22702943800178413,0.05396966993755575,0.025869759143621766,0.049955396966993755
0.1408262994224789,0.029320302087960905,0.041314971123944916,0.14926699244780098,0.03154153709462461,0.029320302087960905,0.028431808085295423,0.024877832074633496,0.03909373611728121,0.04309195912927588,0.02798756108396268,0.060417592181252776,0.22701021768103066,0.05242114615726344,0.027099067081297203,0.04797867614393603
0.1477422183252959,0.0263042525208242,0.039017974572555895,0.15256466462078036,0.030688294607628234,0.029373081981587022,0.028057869355545814,0.024112231477422183,0.039017974572555895,0.044278825076720735,0.029811486190267425,0.05918456817185445,0.22665497588776853,0.05085488820692679,0.024112231477422183,0.048224462954844366
0.14279379157427938,0.027494456762749447,0.04124168514412417,0.15033259423503326,0.031929046563192905,0.02926829268292683,0.025720620842572064,0.02483370288248337,0.039467849223946784,0.04656319290465632,0.02926829268292683,0.0598669623059867,0.22971175166297117,0.04878048780487805,0.021729490022172948,0.050997782705099776
0.1437965804471723,0.028057869355545814,0.04208680403331872,0.15168785620341954,0.030688294607628234,0.033757124068391056,0.024550635686102586,0.025865848312143797,0.0398947829899167,0.04734765453748356,0.028057869355545814,0.057430951337132836,0.22753178430512933,0.05085488820692679,0.02104340201665936,0.04734765453748356
0.14317277949624393,0.028722934158197082,0.04197967300044189,0.1515687140963323,0.03137428192664605,0.034025629695095004,0.02342023862129916,0.025187803800265134,0.04197967300044189,0.047724259832081305,0.0273972602739726,0.05788775961113566,0.22801590808661068,0.04993371630578878,0.020326999558108707,0.04728236853733982
0.14801762114537445,0.027312775330396475,0.040969162995594714,0.15506607929515417,0.029955947136563875,0.033480176211453744,0.02290748898678414,0.026872246696035242,0.042731277533039645,0.04317180616740088,0.027312775330396475,0.05991189427312775,0.22422907488986785,0.04933920704845815,0.019383259911894272,0.04933920704845815
0.14829570606463036,0.02877379371403276,0.0398406374501992,0.15626383355467022,0.02656042496679947,0.035413899955732624,0.021248339973439574,0.02656042496679947,0.04249667994687915,0.041168658698539175,0.027003098716246128,0.06285967242142541,0.22753430721558213,0.05090748118636565,0.019034971226206288,0.046038069942452416
0.15112682280159082,0.029164825452938577,0.04021210782147592,0.15333627927529828,0.026071586389748123,0.03844454264250994,0.021652673442333185,0.024304021210782147,0.04021210782147592,0.044631020768890854,0.029164825452938577,0.06142288996906761,0.22624834290764473,0.05037560760053027,0.019443216968625717,0.04418912947414936
0.15381205673758866,0.030585106382978722,0.03856382978723404,0.15381205673758866,0.028368794326241134,0.037677304964539006,0.019060283687943262,0.026595744680851064,0.038120567375886524,0.04565602836879433,0.02969858156028369,0.05895390070921986,0.22739361702127658,0.04964539007092199,0.019060283687943262,0.04299645390070922
0.14837849844513548,0.029320302087960905,0.03953798311861395,0.15859617947578855,0.02798756108396268,0.03909373611728121,0.018658374055975122,0.02576632607729898,0.03642825410928476,0.046645935139937804,0.03065304309195913,0.059973345179920035,0.22656597067969791,0.04975566414926699,0.018658374055975122,0.043980453131941356
0.14840989399293286,0.030477031802120143,0.038869257950530034,0.1607773851590106,0.028268551236749116,0.03975265017667844,0.0176678445229682,0.02561837455830389,0.037985865724381625,0.04902826855123675,0.030918727915194347,0.05742049469964664,0.22393992932862192,0.04726148409893993,0.018551236749116608,0.045053003533568906
0.1471747700394218,0.029785370127025843,0.038545773105562856,0.16381953569864213,0.029785370127025843,0.03942181340341656,0.017082785808147174,0.026281208935611037,0.037669732807709154,0.04774419623302672,0.02847130968024529,0.05606657906263688,0.22952255803766974,0.04424003504161191,0.017520805957074025,0.04686815593517302
