C_R,C_A,C_S,C_N,D_R,D_A,D_S,D_N,Oc_R,Oc_A,Oc_S,Oc_N,Od_R,Od_A,Od_S,Od_N
0.0,0.0,0.0,0.0,0.0,0.0,0.0,0.0,0.0,0.0,0.0,0.0,1.0,0.0,0.0,0.0
0.0,0.0,0.0,0.0,0.5,0.0,0.0,0.0,0.0,0.0,0.0,0.0,0.5,0.0,0.0,0.0
0.0,0.0,0.0,0.0,0.3333333333333333,0.0,0.0,0.0,0.0,0.0,0.0,0.0,0.3333333333333333,0.3333333333333333,0.0,0.0
0.0,0.0,0.0,0.0,0.2727272727272727,0.0,0.0,0.0,0.0,0.09090909090909091,0.0,0.0,0.36363636363636365,0.2727272727272727,0.0,0.0
0.0,0.0,0.0,0.0,0.2222222222222222,0.0,0.0,0.0,0.0,0.05555555555555555,0.0,0.0,0.3333333333333333,0.2777777777777778,0.1111111111111111,0.0
0.0,0.0,0.0,0.0,0.2,0.0,0.0,0.0,0.0,0.16,0.0,0.0,0.24,0.28,0.12,0.0
0.0,0.0,0.0,0.0,0.18604651162790697,0.0,0.0,0.0,0.0,0.16279069767441862,0.0,0.0,0.2558139534883721,0.27906976744186046,0.11627906976744186,0.0
0.0,0.0,0.0,0.0,0.2028985507246377,0.028985507246376812,0.0,0.0,0.0,0.17391304347826086,0.0,0.0,0.2463768115942029,0.2463768115942029,0.10144927536231885,0.0
0.0,0.0,0.0,0.0,0.19626168224299065,0.018691588785046728,0.0,0.0,0.0,0.205607476635514,0.0,0.0,0.22429906542056074,0.2336448598130841,0.12149532710280374,0.0
0.0,0.0,0.0,0.0,0.15714285714285714,0.014285714285714285,0.0,0.0,0.0,0.22142857142857142,0.0,0.0,0.22857142857142856,0.2357142857142857,0.12857142857142856,0.014285714285714285
0.0,0.0,0.0106951871657754,0.0,0.12834224598930483,0.016042780748663103,0.0053475935828877,0.0,0.0,0.23529411764705882,0.0,0.0053475935828877,0.2192513368983957,0.23529411764705882,0.13368983957219252,0.0106951871657754
0.0,0.004048582995951417,0.020242914979757085,0.0,0.12955465587044535,0.020242914979757085,0.008097165991902834,0.0,0.0,0.21862348178137653,0.0,0.004048582995951417,0.18218623481781376,0.25101214574898784,0.145748987854251,0.016194331983805668
0.0,0.003257328990228013,0.02280130293159609,0.0,0.13680781758957655,0.026058631921824105,0.019543973941368076,0.006514657980456026,0.0,0.18892508143322476,0.003257328990228013,0.003257328990228013,0.1758957654723127,0.26384364820846906,0.13355048859934854,0.016286644951140065
0.0051813471502590676,0.0051813471502590676,0.025906735751295335,0.0,0.12435233160621761,0.02849740932642487,0.025906735751295335,0.015544041450777202,0.0,0.18652849740932642,0.0051813471502590676,0.0025906735751295338,0.17616580310880828,0.2538860103626943,0.12953367875647667,0.015544041450777202
0.008830022075055188,0.011037527593818985,0.02207505518763797,0.0,0.1368653421633554,0.039735099337748346,0.02207505518763797,0.01545253863134658,0.0,0.17660044150110377,0.004415011037527594,0.002207505518763797,0.17439293598233996,0.23620309050772628,0.13245033112582782,0.017660044150110375
0.008992805755395683,0.012589928057553957,0.01618705035971223,0.0,0.1366906474820144,0.044964028776978415,0.02158273381294964,0.014388489208633094,0.0,0.18884892086330934,0.0035971223021582736,0.0017985611510791368,0.17086330935251798,0.22661870503597123,0.12769784172661872,0.025179856115107913
0.010574018126888218,0.015105740181268883,0.01661631419939577,0.0,0.12537764350453173,0.05740181268882175,0.02416918429003021,0.013595166163141994,0.0015105740181268882,0.18580060422960726,0.004531722054380665,0.0015105740181268882,0.1661631419939577,0.21601208459214502,0.1283987915407855,0.03323262839879154
0.011673151750972763,0.016861219195849545,0.018158236057068743,0.0,0.12710765239948119,0.06614785992217899,0.028534370946822308,0.01297016861219196,0.0012970168612191958,0.19974059662775617,0.00648508430609598,0.0012970168612191958,0.15304798962386512,0.19974059662775617,0.12062256809338522,0.03631647211413749
0.015712682379349047,0.017957351290684626,0.016835016835016835,0.0,0.12682379349046016,0.07856341189674523,0.025813692480359147,0.012345679012345678,0.001122334455667789,0.19865319865319866,0.006734006734006734,0.0,0.1414141414141414,0.1919191919191919,0.12570145903479238,0.04040404040404041
0.01775147928994083,0.020710059171597635,0.014792899408284023,0.0,0.1291913214990138,0.08185404339250493,0.026627218934911243,0.013806706114398421,0.0029585798816568047,0.1903353057199211,0.011834319526627219,0.0019723865877712033,0.1341222879684418,0.17850098619329388,0.1252465483234714,0.05029585798816568
0.018584070796460177,0.021238938053097345,0.01504424778761062,0.0,0.13097345132743363,0.08584070796460178,0.023008849557522124,0.01327433628318584,0.0035398230088495575,0.18495575221238938,0.01327433628318584,0.002654867256637168,0.1336283185840708,0.17079646017699116,0.12389380530973451,0.05929203539823009
0.020850040096230954,0.02165196471531676,0.012830793905372895,0.0,0.13311948676824378,0.09141940657578188,0.024859663191659984,0.012830793905372895,0.006415396952686447,0.18203688853247796,0.014434643143544507,0.00400962309542903,0.132317562149158,0.15878107457898957,0.11868484362469928,0.06575781876503609
0.02342606149341142,0.022693997071742314,0.01171303074670571,0.0,0.13543191800878476,0.08931185944363104,0.02342606149341142,0.01171303074670571,0.006588579795021962,0.18301610541727673,0.015373352855051245,0.0036603221083455345,0.13030746705710103,0.15592972181551976,0.11566617862371889,0.07174231332357248
0.028747433264887063,0.02327173169062286,0.012320328542094456,0.0006844626967830253,0.13894592744695414,0.08692676249144421,0.02190280629705681,0.010951403148528405,0.00889801505817933,0.17385352498288842,0.018480492813141684,0.004791238877481177,0.13073237508555785,0.14784394250513347,0.11978097193702943,0.07186858316221766
0.03354430379746835,0.026582278481012658,0.01139240506329114,0.0006329113924050633,0.12974683544303797,0.0930379746835443,0.0189873417721519,0.012025316455696202,0.010126582278481013,0.17848101265822786,0.018354430379746836,0.005063291139240506,0.12848101265822784,0.14177215189873418,0.1120253164556962,0.07974683544303797
0.03625377643504532,0.027190332326283987,0.011480362537764351,0.0012084592145015106,0.13051359516616315,0.08217522658610273,0.022356495468277945,0.013897280966767372,0.009667673716012085,0.18489425981873112,0.01933534743202417,0.006042296072507553,0.12809667673716013,0.1365558912386707,0.10755287009063444,0.08277945619335347
0.03798185941043084,0.026643990929705215,0.010770975056689343,0.0022675736961451248,0.13321995464852607,0.0810657596371882,0.022675736961451247,0.01473922902494331,0.011337868480725623,0.18424036281179137,0.01927437641723356,0.007369614512471655,0.12301587301587301,0.1320861678004535,0.10657596371882086,0.08673469387755102
0.042772062804547914,0.024363833243096916,0.011911207363291824,0.0032485110990795887,0.13318895506226314,0.07742284786139686,0.023822414726583648,0.01570113697888468,0.012994044396318355,0.18137520303194368,0.01949106659447753,0.006497022198159177,0.12669193286410396,0.12560909583107743,0.1120736329182458,0.0828370330265295
0.04175365344467641,0.024530271398747392,0.012526096033402923,0.0036534446764091857,0.13465553235908143,0.07306889352818371,0.026096033402922755,0.01722338204592902,0.014091858037578288,0.18110647181628392,0.017745302713987474,0.006784968684759917,0.12265135699373696,0.12421711899791232,0.11482254697286012,0.08507306889352818
0.04371584699453552,0.024341778440139097,0.011425732737208148,0.003974167908594138,0.13363139592647788,0.07799304520615996,0.02384500745156483,0.020864381520119227,0.01639344262295082,0.18380526577247888,0.02036761053154496,0.007948335817188276,0.12468951813214109,0.11475409836065574,0.10978638847491307,0.08246398410332836
0.047665847665847666,0.02407862407862408,0.010810810810810811,0.004422604422604423,0.13267813267813267,0.07960687960687961,0.02407862407862408,0.02113022113022113,0.0171990171990172,0.1823095823095823,0.01769041769041769,0.007862407862407862,0.11597051597051597,0.11351351351351352,0.11498771498771498,0.085995085995086
0.048026628625772706,0.02330004755111745,0.010936757013789824,0.004755111745126011,0.1355206847360913,0.07750832144555397,0.02615311459819306,0.02282453637660485,0.019495958155016643,0.1773656680932002,0.019971469329529243,0.007608178792201617,0.12220637184973847,0.10936757013789825,0.10841654778887304,0.0865430337612934
0.047080979284369114,0.023540489642184557,0.013182674199623353,0.006120527306967985,0.1322975517890772,0.08097928436911488,0.02401129943502825,0.0268361581920900.120.01977401129943503,0.1765536723163842,0.02024482109227872,0.007062146892655367,0.11440677966101695,0.1111111111111111,0.11299435028248588,0.08380414312617702
0.046370023419203744,0.024355971896955503,0.013583138173302109,0.006557377049180328,0.13348946135831383,0.07775175644028103,0.02622950819672131,0.026697892271662763,0.019672131147540985,0.1765807962529274,0.017330210772833723,0.006088992974238876,0.1161592505854801,0.10866510538641687,0.11662763466042154,0.08384074941451991
0.04880294659300184,0.02532228360957643,0.011970534069981584,0.008287292817679558,0.1279926335174954,0.07918968692449356,0.026703499079189688,0.027624309392265192,0.0216390423572744,0.17771639042357273,0.017955801104972375,0.007826887661141806,0.11049723756906077,0.11049723756906077,0.11786372007366483,0.08011049723756906
0.04874715261958998,0.02642369020501139,0.01366742596810934,0.009111617312072893,0.1234624145785877,0.07972665148063782,0.028701594533029614,0.02733485193621868,0.0214123006833713,0.17995444191343962,0.020045558086560365,0.007289293849658315,0.10751708428246014,0.10660592255125284,0.11890660592255126,0.08109339407744874
0.051351351351351354,0.024324324324324326,0.015765765765765764,0.009009009009009009,0.12162162162162163,0.08018018018018018,0.02702702702702703,0.02882882882882883,0.02072072072072072,0.17297297297297298,0.01891891891891892,0.007207207207207207,0.10990990990990991,0.11261261261261261,0.12117117117117117,0.07837837837837838
0.04970891177787729,0.02283922973578146,0.01522615315718764,0.010747872816838333,0.12404836542767578,0.0819525302283923,0.027317510076130765,0.028660994178235557,0.020152261531571878,0.17465293327362294,0.020152261531571878,0.007165248544558889,0.11106135244066279,0.11195700850873265,0.11688311688311688,0.077474249888043
0.05090748118636565,0.02390438247011952,0.015493581230633024,0.015050907481186366,0.12439132359451084,0.0765825586542718,0.023461708720672863,0.03098716246126605,0.02257636122177955,0.17972554227534307,0.0199203187250996,0.007525453740593183,0.10712704736609119,0.11066843736166446,0.11420982735723771,0.07746790615316512
0.050222222222222224,0.024888888888888887,0.014666666666666666,0.014666666666666666,0.11911111111111111,0.08,0.025777777777777778,0.029777777777777778,0.023555555555555555,0.18266666666666667,0.021333333333333333,0.008444444444444444,0.10444444444444445,0.11066666666666666,0.11377777777777778,0.076
0.05028927458834001,0.025367156208277702,0.01557632398753894,0.016911437472185136,0.11704494882064975,0.08233199821984868,0.024922118380062305,0.029817534490431688,0.02091677792612372,0.18736092567868268,0.022251891410769914,0.00801068090787717,0.1054739652870494,0.10725411659991099,0.11170449488206498,0.07476635514018691
0.049151027703306524,0.026362823949955316,0.016979445933869526,0.01966041108132261,0.12019660411081323,0.08042895442359249,0.024128686327077747,0.03038427167113494,0.019213583556747096,0.18230563002680966,0.023681858802502235,0.008489722966934763,0.10679177837354781,0.10500446827524576,0.10813226094727435,0.07908847184986595
0.047746541722445336,0.02677376171352075,0.015171798304328426,0.020080321285140562,0.11646586345381527,0.07987505577867024,0.025881302989736725,0.030789825970548863,0.020080321285140562,0.18250780901383312,0.022757697456492636,0.009817045961624275,0.10531012940651495,0.107095046854083,0.11244979919678715,0.07719767960731816
0.04776785714285714,0.023660714285714285,0.015625,0.02142857142857143,0.115625,0.07901785714285714,0.026339285714285714,0.029910714285714287,0.022321428571428572,0.17723214285714287,0.022321428571428572,0.011160714285714286,0.103125,0.10892857142857143,0.115625,0.07991071428571428
0.04782799473453269,0.023255813953488372,0.017112768758227294,0.021939447125932425,0.11759543659499781,0.08249232119350593,0.02457218078104432,0.028521281263712155,0.021939447125932425,0.1781483106625713,0.022817025010969723,0.01184730144800351,0.1057481351469943,0.09872751206669592,0.11803422553751645,0.07942079859587538
0.046419098143236075,0.023430592396109638,0.01900972590627763,0.022546419098143235,0.11317418213969938,0.07869142351900972,0.02431476569407604,0.029177718832891247,0.01900972590627763,0.1794871794871795,0.022988505747126436,0.011936339522546418,0.10698496905393456,0.10300618921308577,0.11671087533156499,0.08311229000884174
0.04648074369189907,0.025675077467906152,0.019477644975652943,0.021691013722886232,0.11553784860557768,0.07835325365205843,0.025675077467906152,0.03098716246126605,0.019034971226206288,0.1783975210270031,0.02257636122177955,0.011066843736166445,0.10668437361664453,0.10225763612217796,0.11420982735723771,0.0818946436476317
0.047429078014184396,0.026595744680851064,0.016843971631205674,0.02304964539007092,0.11347517730496454,0.07712765957446809,0.025709219858156027,0.03368794326241135,0.019060283687943262,0.17553191489361702,0.023936170212765957,0.012411347517730497,0.10726950354609929,0.09884751773049645,0.11391843971631206,0.0851063829787234
0.04793315743183817,0.024626209322779244,0.015391380826737027,0.021108179419525065,0.11477572559366754,0.08003518029903255,0.027704485488126648,0.032541776605101144,0.020228671943711522,0.1772207563764292,0.023306948109058926,0.012752858399296393,0.10729991204925242,0.09850483729111698,0.113896218117854,0.08267370272647317
0.04911504424778761,0.02566371681415929,0.017256637168141593,0.023008849557522124,0.1168141592920354,0.0752212389380531,0.029646017699115044,0.031415929203539826,0.019469026548672566,0.1765486725663717,0.02256637168141593,0.013716814159292035,0.10575221238938053,0.1,0.11371681415929204,0.08008849557522124
0.050491510277033066,0.02546916890080429,0.01966041108132261,0.022788203753351208,0.11662198391420911,0.07506702412868632,0.02770330652368186,0.03038427167113494,0.01966041108132261,0.1778373547810545,0.023681858802502235,0.01385165326184093,0.10545129579982127,0.09517426273458444,0.11036639857015192,0.08579088471849866
0.05089285714285714,0.026785714285714284,0.020535714285714286,0.025892857142857145,0.11607142857142858,0.07366071428571429,0.02544642857142857,0.02857142857142857,0.020535714285714286,0.1705357142857143,0.025,0.016517857142857143,0.10491071428571429,0.09642857142857143,0.11428571428571428,0.08392857142857142
0.05144124168514413,0.025720620842572064,0.019068736141906874,0.02394678492239468,0.11441241685144124,0.07450110864745012,0.02394678492239468,0.02926829268292683,0.021729490022172948,0.1729490022172949,0.025277161862527715,0.016851441241685146,0.10509977827050998,0.10110864745011086,0.10909090909090909,0.08558758314855876
0.054078014184397165,0.02349290780141844,0.0199468085106383,0.024379432624113476,0.11436170212765957,0.07358156028368794,0.024822695035460994,0.026152482269503546,0.0199468085106383,0.17109929078014185,0.025709219858156027,0.019060283687943262,0.10904255319148937,0.10017730496453901,0.10904255319148937,0.0851063829787234
0.05688888888888889,0.02311111111111111,0.020888888888888887,0.02711111111111111,0.10844444444444444,0.07644444444444444,0.02666666666666667,0.026222222222222223,0.02,0.17022222222222222,0.025777777777777778,0.020444444444444446,0.10311111111111111,0.09866666666666667,0.11022222222222222,0.08577777777777777
0.06053910737958462,0.025187803800265134,0.020326999558108707,0.026071586389748123,0.10826336721166593,0.07865665046398586,0.024304021210782147,0.025187803800265134,0.019443216968625717,0.1665930181175431,0.026071586389748123,0.019885108263367212,0.10472823685373397,0.10119310649580203,0.10826336721166593,0.08528501988510827
0.05947136563876652,0.027753303964757708,0.022026431718061675,0.025991189427312777,0.10969162995594714,0.07444933920704846,0.026872246696035242,0.022466960352422908,0.018502202643171806,0.17224669603524229,0.024669603524229075,0.022026431718061675,0.10484581497797357,0.09911894273127753,0.1066079295154185,0.08325991189427313
0.057624113475177305,0.026152482269503546,0.023936170212765957,0.025709219858156027,0.10859929078014184,0.07845744680851063,0.02925531914893617,0.024379432624113476,0.019060283687943262,0.16843971631205673,0.023936170212765957,0.02304964539007092,0.10150709219858156,0.09840425531914894,0.1099290780141844,0.08156028368794327
0.05774278215223097,0.02712160979877515,0.023184601924759404,0.028871391076115485,0.10717410323709536,0.07480314960629922,0.031496062992125984,0.02537182852143482,0.018810148731408575,0.17060367454068243,0.02099737532808399,0.024496937882764653,0.0984251968503937,0.0984251968503937,0.11067366579177602,0.08180227471566054
0.05929203539823009,0.02654867256637168,0.02079646017699115,0.026991150442477876,0.1084070796460177,0.07743362831858407,0.032300884955752215,0.024778761061946902,0.01991150442477876,0.16460176991150444,0.02256637168141593,0.02566371681415929,0.09867256637168141,0.09955752212389381,0.1088495575221239,0.0836283185840708
0.0547153024911032,0.025800711743772242,0.02001779359430605,0.026690391459074734,0.10542704626334519,0.08051601423487545,0.032473309608540925,0.024466192170818506,0.02001779359430605,0.16637010676156583,0.02224199288256228,0.027580071174377226,0.099644128113879,0.09653024911032028,0.1103202846975089,0.08718861209964412
0.05518763796909492,0.025607064017660046,0.018984547461368653,0.02869757174392936,0.10596026490066225,0.07549668874172186,0.032671081677704196,0.022516556291390728,0.019426048565121413,0.16556291390728478,0.02384105960264901,0.02913907284768212,0.10154525386313466,0.09624724061810154,0.11390728476821192,0.08520971302428255
0.0562751228226887,0.029030817329164807,0.018758374274229567,0.03171058508262617,0.10049129075480125,0.07994640464493077,0.03305046895935686,0.023224653863331845,0.02054488610987048,0.15944618133095131,0.023671281822242072,0.029030817329164807,0.10227780259044217,0.0933452434122376,0.10987047789191604,0.08932559178204555
0.05694261936049058,0.02890932982917214,0.02058694699956198,0.030661410424879545,0.10030661410424879,0.08015768725361366,0.0319754708716601,0.022339027595269383,0.01971090670170828,0.15987735435830047,0.023215067893123085,0.032413491020586944,0.105562855891371,0.09373631187034603,0.105562855891371,0.08804204993429698
0.061224489795918366,0.03194321206743567,0.02129547471162378,0.030612244897959183,0.09804791481810116,0.07897071872227152,0.03327417923691216,0.02085181898846495,0.019520851818988466,0.160603371783496,0.024844720496894408,0.031055900621118012,0.10159716060337179,0.09183673469387756,0.10470275066548358,0.08961845607808341
0.060927152317880796,0.030463576158940398,0.02207505518763797,0.031788079470198675,0.09977924944812362,0.07549668874172186,0.032671081677704196,0.02163355408388521,0.02207505518763797,0.1598233995584989,0.025607064017660046,0.02913907284768212,0.10419426048565121,0.08565121412803532,0.106401766004415,0.0922737306843267
0.06137658921525647,0.03024989039894783,0.024112231477422183,0.03024989039894783,0.09907935116177115,0.07672073651907059,0.031126698816308637,0.021481806225339763,0.02104340201665936,0.1578255151249452,0.02367382726874178,0.032003507233669445,0.10565541429197721,0.08855765015344147,0.10565541429197721,0.0911880754055239
0.0648720211827008,0.03177405119152692,0.02471315092674316,0.02912621359223301,0.09620476610767872,0.07899382171226832,0.032215357458075904,0.023389232127096204,0.02118270079435128,0.15931156222418358,0.02383053839364519,0.03177405119152692,0.1059135039717564,0.08561341571050309,0.1028243601059135,0.088261253309797
0.06793960923623446,0.03108348134991119,0.023534635879218474,0.02975133214920071,0.09902309058614565,0.07904085257548846,0.03152753108348135,0.02264653641207815,0.019982238010657193,0.15541740674955595,0.02486678507992895,0.03507992895204263,0.10657193605683836,0.07948490230905861,0.09991119005328597,0.0941385435168739
0.06475770925110132,0.03259911894273128,0.02643171806167401,0.03127753303964758,0.09691629955947137,0.07841409691629955,0.03303964757709251,0.02290748898678414,0.02158590308370044,0.1524229074889868,0.025110132158590308,0.037444933920704845,0.10044052863436123,0.08237885462555065,0.09955947136563877,0.0947136563876652
0.06492932862190813,0.03312720848056537,0.02517667844522968,0.03224381625441696,0.09540636042402827,0.07906360424028269,0.03224381625441696,0.026060070671378093,0.01987632508833922,0.1501766784452297,0.02429328621908127,0.037985865724381625,0.10512367491166077,0.08259717314487633,0.09938162544169611,0.09231448763250884
0.06672637707120466,0.03358710255261979,0.02328705776981639,0.03090013434841021,0.09583519928347514,0.07926556202418271,0.03090013434841021,0.027317510076130765,0.021495745633676667,0.14554411106135243,0.024630541871921183,0.03761755485893417,0.10479175996417375,0.08284818629646216,0.09941782355575458,0.09583519928347514
0.06793118659020732,0.03440670489633877,0.023820026466696075,0.031760035288928096,0.09307454786060873,0.07984119982355536,0.032201146890163214,0.02867225408028231,0.022055580061755623,0.14644905161005733,0.025143361270401413,0.03573003970004411,0.10366122629025143,0.08072342302602559,0.09704455227172475,0.09748566387295986
0.06879715934309809,0.03417665335108744,0.022192632046160676,0.032401242787394584,0.09409675987572126,0.08255659121171771,0.033288948069241014,0.028406569019085663,0.02174877940523746,0.14292055037727475,0.02574345317354638,0.03462050599201065,0.10741233910341766,0.08078118064802485,0.09498446515756769,0.09587217043941411
0.07444933920704846,0.03039647577092511,0.02290748898678414,0.03039647577092511,0.09647577092511013,0.08149779735682819,0.03127753303964758,0.029955947136563875,0.021145374449339206,0.14493392070484581,0.027312775330396475,0.03700440528634361,0.1026431718061674,0.07797356828193833,0.09162995594713656,0.1
0.07247017233760494,0.03093239063190455,0.021652673442333185,0.031816173221387536,0.09721608484312859,0.08042421564295184,0.030048608042421564,0.03093239063190455,0.019885108263367212,0.1453822359699514,0.026513477684489615,0.037560760053026956,0.1042863455589925,0.07821475916924436,0.09235528060097216,0.10030932390631904
0.07076514816452897,0.029632905793896505,0.024325519681556832,0.028748341441839895,0.09376382131800089,0.08314904909332153,0.03051747014595312,0.03272888102609465,0.022556390977443608,0.14639540026536932,0.02565236620964175,0.03759398496240601,0.10393631136665192,0.07828394515701018,0.08978328173374613,0.1021671826625387
0.07368421052631578,0.03070175438596491,0.021929824561403508,0.03070175438596491,0.09429824561403509,0.08114035087719298,0.030263157894736843,0.034210526315789476,0.02368421052631579,0.14517543859649124,0.02368421052631579,0.03728070175438596,0.10263157894736842,0.07675438596491228,0.09078947368421053,0.10307017543859649
0.07511111111111111,0.032,0.021333333333333333,0.029777777777777778,0.092,0.07955555555555556,0.03111111111111111,0.029777777777777778,0.024888888888888887,0.14355555555555555,0.025777777777777778,0.03777777777777778,0.10311111111111111,0.0768888888888889,0.09244444444444444,0.10488888888888889
0.07095636844424857,0.030850594975760245,0.022917584839136182,0.03349493168796827,0.09519612163948876,0.07977082415160863,0.03437637725870427,0.03261348611723226,0.023358307624504186,0.14323490524460114,0.027765535478184222,0.03878360511238431,0.09828118113706479,0.0740414279418246,0.0872631115028647,0.10709563684442486
0.06888986397542782,0.031154014918824045,0.02457218078104432,0.03247038174637999,0.09170688898639755,0.07942079859587538,0.029398859148749453,0.03247038174637999,0.022817025010969723,0.1474330846862659,0.02720491443615621,0.040807371654234315,0.10443176831943835,0.07371654234313295,0.09170688898639755,0.10179903466432647
0.07356219349086046,0.03120820329915292,0.024074899687917966,0.03165403477485511,0.08916629514043692,0.07712884529647793,0.028979045920642,0.03522068658047258,0.0231832367365136,0.1413285777975925,0.027641551493535442,0.04057066428889879,0.10209540793580027,0.07400802496656264,0.0922871154703522,0.10789121711992866
0.07634927599824484,0.029398859148749453,0.025010969723562967,0.03203159280386134,0.09170688898639755,0.08073716542343133,0.02676612549363756,0.036858271171566474,0.02150065818341378,0.1421676173760421,0.025449758666081616,0.04387889425186485,0.10179903466432647,0.0741553312856516,0.08644142167617376,0.1057481351469943
0.07384615384615385,0.03032967032967033,0.024615384615384615,0.03164835164835165,0.08835164835164835,0.08263736263736264,0.028131868131868132,0.0364835164830.074040.02241758241758242,0.1410989010989011,0.025934065934065935,0.04395604395604396,0.10153846153846154,0.07692307692307693,0.08703296703296703,0.10505494505494506
0.07315998237108859,0.03217276333186426,0.024239753195240195,0.031732040546496254,0.09034817100044072,0.08109299250771265,0.02908770383428823,0.0379021595416483,0.02379903040987219,0.13794623182018512,0.0246804759806082,0.04186866460996033,0.10180696342000882,0.07712648743940062,0.08946672542970471,0.10356985456148082
0.0781387181738367,0.029411764705882353,0.02502194907813872,0.03292361720807726,0.0913081650570676,0.08165057067603161,0.03028972783143108,0.03775241439859526,0.02370500438981563,0.13388937664618086,0.026777875329236173,0.038630377524143986,0.10272168568920105,0.08033362598770852,0.08691834942932397,0.10052677787532924
0.07515473032714412,0.03138815207780725,0.026525198938992044,0.03094606542882405,0.09460654288240496,0.07692307692307693,0.030061892130857647,0.040671971706454466,0.02475685234305924,0.13572060123784263,0.028735632183908046,0.03713527851458886,0.10344827586206896,0.07648099027409372,0.08709106984969053,0.10035366931918656
0.07450110864745012,0.031042128603104215,0.028381374722838137,0.03015521064301552,0.08913525498891353,0.08381374722838138,0.031042128603104215,0.03902439024390244,0.02394678492239468,0.13569844789356986,0.03015521064301552,0.03680709534368071,0.10643015521064302,0.07538802660753881,0.08780487804878048,0.09667405764966741
0.07464664310954064,0.03401060070671378,0.026943462897526502,0.030918727915194347,0.08833922261484099,0.08613074204946997,0.03136042402826855,0.037102473498233215,0.024734982332155476,0.13648409893992933,0.030918727915194347,0.03445229681978799,0.10909893992932862,0.0715547703180212,0.08701413427561837,0.09628975265017668
0.07279183311140701,0.032845095428317796,0.024855747891699954,0.030181979582778518,0.09054593874833555,0.0887705281846427,0.031069684864624945,0.03817132711939636,0.0230803373280071,0.13359964491788726,0.033288948069241014,0.03595206391478029,0.10963160230803373,0.07279183311140701,0.08566355969818021,0.09675987572126055
0.07464664310954064,0.03401060070671378,0.02517667844522968,0.030477031802120143,0.09408127208480566,0.08524734982332155,0.029151943462897525,0.036219081272084806,0.022968197879858657,0.13471731448763252,0.030477031802120143,0.037544169611307424,0.11042402826855123,0.07243816254416961,0.08789752650176678,0.09452296819787986
0.07675244010647737,0.0323868677905945,0.024401064773735583,0.030612244897959183,0.09272404614019521,0.08695652173913043,0.029281277728482696,0.040372670807453416,0.022626441881100266,0.13354037267080746,0.031055900621118012,0.035048802129547474,0.10913930789707187,0.06921029281277728,0.0865128660159716,0.09937888198757763
0.07539682539682539,0.03306878306878307,0.024691358024691357,0.03350970017636684,0.0873015873015873,0.08421516754850088,0.03042328042328042,0.040123456790123455,0.021604938271604937,0.13447971781305115,0.03130511463844797,0.03571428571428571,0.11022927689594356,0.06746031746031746,0.0873015873015873,0.10317460317460317
0.07601054481546574,0.03383128295254833,0.025043936731107205,0.033391915641476276,0.08655536028119508,0.08304042179261863,0.03427065026362039,0.04261862917398945,0.021968365553602813,0.1313708260105448,0.03163444639718805,0.03602811950790861,0.10852372583479789,0.06898066783831283,0.08260105448154657,0.10413005272407733
0.07781236104935527,0.03334815473543797,0.027567807914628723,0.035126722987994664,0.0871498443752779,0.08181413961760782,0.032458870609159626,0.04579813250333482,0.020453534904401955,0.12627834593152512,0.03334815473543797,0.03646064917741218,0.10538016896398399,0.06803023566029347,0.0840373499333037,0.10493552690084482
0.07736263736263736,0.032527472527472526,0.026813186813186812,0.03560439560439561,0.08615384615384615,0.08175824175824176,0.03120879120879121,0.045714285714285714,0.02021978021978022,0.12923076923076923,0.03076923076923077,0.03472527472527472,0.10461538461538461,0.07076923076923076,0.08571428571428572,0.10681318681318681
0.07871591908531222,0.030343007915567283,0.025505716798592787,0.03913808267370272,0.08487247141600704,0.08311345646437995,0.031222515391380826,0.04573438874230431,0.021547933157431837,0.13280562884784522,0.026824978012313105,0.03562005277044855,0.10422163588390501,0.06992084432717678,0.0853122251539138,0.10510114335971855
0.07855251544571933,0.03177405119152692,0.0264783759929391,0.03662842012356576,0.08605472197705208,0.0851721094439541,0.03177405119152692,0.041924095322153576,0.019858781994704325,0.13062665489849956,0.027802294792586054,0.03574580759046778,0.10723742277140336,0.0706090026478376,0.08164165931156223,0.10812003530450133
0.07631230701367446,0.030436700485222762,0.02646669607410675,0.037935597706219674,0.08601676224084694,0.08292898103220114,0.032201146890163214,0.044111160123511246,0.020732245258050286,0.13365681517423908,0.02867225408028231,0.03705337450374945,0.1023378914865461,0.07278341420379356,0.08425231583590649,0.10410233789148654
0.0750329091706889,0.03290917068889864,0.025010969723562967,0.040368582711715666,0.08512505484861782,0.08512505484861782,0.03334795963141729,0.04168494953927161,0.018429135585783237,0.1303203159280386,0.028521281263712155,0.03334795963141729,0.10969723562966213,0.07547169811320754,0.08073716542343133,0.104870557261957
0.07900480139676996,0.030990833697075514,0.022697512003491925,0.0379746835443038,0.08336970755128764,0.08424268878219118,0.034046268005237884,0.04103011785246617,0.018769096464426014,0.12745525971191618,0.02968136185072021,0.031863814927979045,0.11217808817110432,0.08031427324312528,0.08075076385857705,0.1056307289393278
0.07804232804232804,0.030864197530864196,0.025573192239858905,0.034832451499118164,0.08289241622574955,0.08465608465608465,0.037037037037037035,0.03968253968253968,0.021164021164021163,0.12566137566137567,0.03218694885361552,0.03350970017636684,0.11243386243386243,0.07716049382716049,0.08024691358024691,0.10405643738977072
0.07573756054601496,0.029942756494936152,0.02553940995156319,0.0361074416556583,0.08806693086745927,0.08190224570673713,0.03786878027300748,0.04051078819903126,0.021136063408190225,0.12329370321444298,0.032144429766622636,0.036547776309995596,0.11052399823866138,0.07529722589167767,0.08102157639806253,0.10435931307793923
0.07586512866015972,0.029281277728482696,0.02839396628216504,0.034161490683229816,0.08473824312333629,0.08207630878438332,0.03771073646850044,0.044365572315882874,0.019520851818988466,0.11978704525288376,0.03371783496007098,0.0385980479148181,0.11047027506654836,0.07586512866015972,0.08074534161490683,0.10470275066548358
0.07475813544415127,0.028583992963940194,0.024626209322779244,0.03518029903254178,0.08267370272647317,0.08487247141600704,0.0395778364116095,0.048372911169744945,0.023746701846965697,0.113896218117854,0.032981530343007916,0.0395778364116095,0.11081794195250659,0.07299912049252419,0.08135444151275285,0.1059806508355321
0.07563764291996482,0.028144239226033423,0.025065963060686015,0.03737906772207564,0.08487247141600704,0.08091468777484609,0.03737906772207564,0.04661389621811785,0.023306948109058926,0.11037818821459983,0.03210202286719437,0.04177660510114336,0.11477572559366754,0.0712401055408971,0.08047493403693931,0.10993843447669305
0.07763157894736843,0.02587719298245614,0.02631578947368421,0.03859649122807018,0.0868421052631579,0.08333333333333333,0.03903508771929825,0.04736842105263158,0.02324561403508772,0.11228070175438597,0.032017543859649125,0.0412280701754386,0.11491228070175438,0.06973684210526315,0.07675438596491228,0.10482456140350878
0.07837956847203875,0.02906208718626156,0.028181417877586965,0.04051078819903126,0.08806693086745927,0.07970057243505063,0.036547776309995596,0.048436811977102597,0.024218405988551298,0.11404667547335975,0.031704095112285335,0.04007045354469397,0.11008366358432409,0.0726552179656539,0.0726552179656539,0.10568031704095113
0.07709348692955251,0.030128489144882586,0.027913159060700046,0.03943287549844927,0.08949933540097474,0.07620735489587949,0.03810367744793974,0.047408063801506424,0.0256978289765175,0.11431103234381923,0.030128489144882586,0.0416482055820.09698681732580038,0.0.060.07266282676118742,0.07576428887904298,0.10279131590607
0.07631230701367446,0.029113365681517425,0.030877812086457873,0.037935597706219674,0.08778120864578738,0.0741067490074989,0.038376709307454786,0.04631671812968681,0.02690780767534186,0.11424790471989413,0.030436700485222762,0.04146449051610057,0.11248345831495368,0.07631230701367446,0.07719453021614468,0.10013233348037054
0.07857769973661106,0.031167690956979806,0.03160667251975417,0.03950834064969271,0.08691834942932397,0.07682177348551361,0.03687445127304653,0.0456540825285338,0.028533801580333626,0.11150131694468832,0.0324846356453029,0.043898156277436345,0.10886742756804214,0.07638279192273925,0.07287093942054433,0.09833187006145742
0.07603379279679857,0.03468208092485549,0.030680302356602934,0.03646064917741218,0.08492663405958203,0.07158737216540685,0.035571365051133834,0.05024455313472655,0.029346376167185415,0.11204979991107158,0.03201422854602046,0.04357492218763895,0.11116051578479325,0.07959092930191196,0.07247665629168519,0.09959982214317474
0.07446808510638298,0.0350177304964539,0.03102836879432624,0.03900709219858156,0.08377659574468085,0.07313829787234043,0.037677304964539006,0.04875886524822695,0.031471631205673756,0.11391843971631206,0.031914893617021274,0.0425531914893617,0.10948581560283688,0.07668439716312057,0.07313829787234043,0.09796099290780141
0.07699115044247788,0.035398230088495575,0.030973451327433628,0.04336283185840708,0.08230088495575222,0.07035398230088495,0.034955752212389384,0.049557522123893805,0.03274336283185841,0.11061946902654868,0.031415929203539826,0.04115044247787611,0.1084070796460177,0.07787610619469026,0.07566371681415929,0.09823008849557523
0.07556341140079541,0.033583738400353516,0.03049049933716306,0.04595669465311533,0.0821917808219178,0.0684931506849315,0.033583738400353516,0.05037560760053027,0.03225806451612903,0.10693769332744145,0.03535130357931949,0.043747238179407864,0.11224038886433937,0.07954043305346885,0.07158638974812197,0.09809986743261158
0.07352297592997811,0.03282275711159737,0.03326039387308534,0.04726477024070022,0.07964989059080962,0.07089715536105033,0.035448577680525166,0.052078774617067836,0.030196936542669583,0.10459518599562363,0.036323851203501095,0.043326039387308536,0.11422319474835886,0.07833698030634573,0.07221006564551423,0.09584245076586433
0.07607253427686864,0.030959752321981424,0.034055727554179564,0.048651039363113664,0.08093763821318001,0.07164971251658558,0.03494029190623618,0.0508624502432552,0.03140203449800973,0.09995577178239717,0.03759398496240601,0.04467049977885891,0.10791685095090668,0.08270676691729323,0.07076514816452897,0.09685979655019902
0.07555555555555556,0.029333333333333333,0.03288888888888889,0.048,0.0791111111111111,0.06844444444444445,0.03244444444444444,0.05333333333333334,0.03244444444444444,0.10311111111111111,0.036,0.04488888888888889,0.1111111111111111,0.08577777777777777,0.06977777777777777,0.09777777777777778
0.0715547703180212,0.02959363957597173,0.03445229681978799,0.052120141342756186,0.07773851590106007,0.0706713780918728,0.0357773851590106,0.05565371024734982,0.0353356890459364,0.10247349823321555,0.03842756183745583,0.04549469964664311,0.10998233215547704,0.0803886925795053,0.06757950530035335,0.09275618374558305
0.0717745486569793,0.03126376045794804,0.03302509907529723,0.05107881990312638,0.07441655658300309,0.06781153676794363,0.03522677234698371,0.057683839718185824,0.03478643769264641,0.10259797446059005,0.04095112285336856,0.04711580801409071,0.10612065169528842,0.08630559225011009,0.06957287538529282,0.09026860413914575
0.07332155477031801,0.03224381625441696,0.03136042402826855,0.05256183745583039,0.0715547703180212,0.06581272084805653,0.037102473498233215,0.05962897526501767,0.03445229681978799,0.10114840989399293,0.04107773851590106,0.04637809187279152,0.10600706713780919,0.08259717314487633,0.06890459363957598,0.09584805653710247
0.0734188412206988,0.03449800973020787,0.03007518796992481,0.0508624502432552,0.0729765590446705,0.0659000442282176,0.0362671384343211,0.06059265811587793,0.033171163202122954,0.09995577178239717,0.04024767801857585,0.05042016806722689,0.10747456877487838,0.08359133126934984,0.0654577620521893,0.0950906678460858
0.07346393588601959,0.03561887800534283,0.030276046304541407,0.052983081032947466,0.07390917186108638,0.06411398040961709,0.03829029385574354,0.05654496883348174,0.03383793410507569,0.10373998219056099,0.03873552983081033,0.051647373107747106,0.10774710596616206,0.08370436331255565,0.06322350845948353,0.09216384683882457
0.07318161535029005,0.03614457831325301,0.030789825970548863,0.051316376617581434,0.071396697902722,0.06738063364569388,0.038375725122713075,0.06113342257920571,0.0321285140562249,0.10174029451137885,0.041499330655957165,0.054439982150825524,0.10620258813029898,0.08165997322623829,0.0606871932173137,0.09192324854975457
0.07089715536105033,0.03413566739606127,0.029321663019693654,0.0525164113785558,0.07833698030634573,0.07133479212253829,0.04070021881838074,0.062144420131291025,0.03282275711159737,0.09978118161925602,0.04245076586433261,0.051203501094091906,0.10328227571115974,0.08227571115973742,0.06039387308533917,0.08840262582056893
0.06885964912280702,0.03508771929824561,0.031140350877192982,0.05307017543859649,0.07587719298245614,0.0706140350877193,0.0412280701754386,0.060087719298245613,0.02982456140350877,0.0956140350877193,0.04780701754385965,0.05175438596491228,0.10394736842105264,0.0824561403508772,0.05964912280701754,0.09298245614035087
0.06963420008814455,0.0374614367562803,0.03305420890260027,0.05156456588805641,0.0753635962979286,0.0749228735125606,0.040546496253856326,0.05729396209784046,0.02908770383428823,0.09431467606875275,0.0493609519612164,0.05156456588805641,0.10268840899074483,0.07888937858087264,0.061260467166152494,0.09299250771264875
0.06998239436619719,0.037852112676056336,0.030809859154929578,0.05369718309859155,0.07570422535211267,0.07394366197183098,0.04181338028169014,0.05413732394366197,0.02992957746478873,0.09330985915492958,0.05017605633802817,0.05193661971830986,0.10431338028169014,0.08230633802816902,0.058538732394366196,0.09154929577464789
0.07181088314005353,0.039250669045495096,0.029438001784121322,0.054861730597680645,0.0735950044603033,0.07448706512042819,0.03791257805530776,0.057091882247992866,0.028991971454058876,0.0936663693131133,0.04415700267618198,0.05173951828724353,0.1016949152542373,0.08429973238180197,0.059322033898305086,0.09768064228367529
0.06978798586572438,0.037985865724381625,0.02871024734982332,0.053003533568904596,0.07818021201413428,0.0719964664310954,0.0353356890459364,0.05742049469964664,0.03136042402826855,0.09187279151943463,0.04549469964664311,0.055212014134275615,0.10821554770318022,0.08171378091872791,0.05697879858657244,0.09673144876325088
0.07471264367816093,0.04155614500442087,0.027409372236958444,0.052166224580017684,0.07471264367816093,0.07382847038019452,0.03359858532272325,0.0610079575596817,0.03050397877984085,0.08930150309460655,0.04376657824933687,0.05747126436781609,0.10742705570291777,0.08090185676392574,0.05747126436781609,0.09416445623342175
