C_R,C_A,C_S,C_N,D_R,D_A,D_S,D_N,Oc_R,Oc_A,Oc_S,Oc_N,Od_R,Od_A,Od_S,Od_N
0.0,0.0,0.0,0.0,0.0,0.0,1.0,0.0,0.0,0.0,0.0,0.0,0.0,0.0,0.0,0.0
0.0,0.5,0.0,0.0,0.0,0.0,0.5,0.0,0.0,0.0,0.0,0.0,0.0,0.0,0.0,0.0
0.0,0.75,0.0,0.0,0.0,0.0,0.25,0.0,0.0,0.0,0.0,0.0,0.0,0.0,0.0,0.0
0.0,0.6,0.0,0.0,0.0,0.0,0.4,0.0,0.0,0.0,0.0,0.0,0.0,0.0,0.0,0.0
0.0,0.8333333333333334,0.0,0.0,0.0,0.0,0.16666666666666666,0.0,0.0,0.0,0.0,0.0,0.0,0.0,0.0,0.0
0.0,0.7272727272727273,0.0,0.0,0.0,0.18181818181818182,0.09090909090909091,0.0,0.0,0.0,0.0,0.0,0.0,0.0,0.0,0.0
0.0,0.6875,0.0,0.0,0.0,0.25,0.0625,0.0,0.0,0.0,0.0,0.0,0.0,0.0,0.0,0.0
0.0,0.5769230769230769,0.0,0.0,0.0,0.34615384615384615,0.038461538461538464,0.0,0.0,0.0,0.0,0.0,0.038461538461538464,0.0,0.0,0.0
0.0,0.4375,0.0,0.0,0.0,0.5,0.03125,0.0,0.0,0.0,0.0,0.0,0.03125,0.0,0.0,0.0
0.0,0.42105263157894735,0.0,0.0,0.0,0.5263157894736842,0.0,0.0,0.0,0.0,0.0,0.0,0.05263157894736842,0.0,0.0,0.0
0.0,0.35185185185185186,0.0,0.0,0.0,0.5555555555555556,0.0,0.0,0.0,0.0,0.0,0.0,0.037037037037037035,0.0,0.0,0.05555555555555555
0.0,0.30985915492957744,0.0,0.028169014084507043,0.0,0.5774647887323944,0.0,0.0,0.0,0.0,0.0,0.0,0.04225352112676056,0.0,0.0,0.04225352112676056
0.0,0.28125,0.0,0.020833333333333332,0.0,0.625,0.0,0.0,0.010416666666666666,0.0,0.0,0.0,0.03125,0.0,0.0,0.03125
0.0,0.248,0.0,0.032,0.0,0.624,0.0,0.0,0.016,0.0,0.0,0.0,0.04,0.0,0.0,0.04
0.0,0.22839506172839505,0.0,0.043209876543209874,0.0,0.6049382716049383,0.0,0.012345679012345678,0.012345679012345678,0.0,0.0,0.0,0.05555555555555555,0.0,0.0,0.043209876543209874
0.0,0.1921182266009852,0.0,0.054187192118226604,0.0,0.6157635467980296,0.0,0.014778325123152709,0.019704433497536946,0.0,0.0,0.0,0.054187192118226604,0.0049261083743842365,0.0,0.04433497536945813
0.0,0.17120622568093385,0.0,0.0622568093385214,0.0038910505836575876,0.5914396887159533,0.0,0.01556420233463035,0.023346303501945526,0.0,0.0038910505836575876,0.0,0.058365758754863814,0.007782101167315175,0.0,0.0622568093385214
0.0,0.15605095541401273,0.0031847133757961785,0.06369426751592357,0.0031847133757961785,0.6050955414012739,0.0,0.012738853503184714,0.025477707006369428,0.0,0.0031847133757961785,0.0,0.06050955414012739,0.009554140127388535,0.0,0.05732484076433121
0.002577319587628866,0.13144329896907217,0.002577319587628866,0.07216494845360824,0.005154639175257732,0.5979381443298969,0.002577319587628866,0.01288659793814433,0.015463917525773196,0.0,0.002577319587628866,0.0,0.06958762886597938,0.010309278350515464,0.002577319587628866,0.07216494845360824
0.002207505518763797,0.13024282560706402,0.002207505518763797,0.06622516556291391,0.004415011037527594,0.58719646799117,0.004415011037527594,0.011037527593818985,0.013245033112582781,0.008830022075055188,0.002207505518763797,0.0,0.0728476821192053,0.011037527593818985,0.002207505518763797,0.08167770419426049
0.0018975332068311196,0.12333965844402277,0.003795066413662239,0.07210626185958255,0.003795066413662239,0.5787476280834914,0.0056925996204933585,0.011385199240986717,0.013282732447817837,0.007590132827324478,0.0018975332068311196,0.0018975332068311196,0.0683111954459203,0.013282732447817837,0.0018975332068311196,0.09108159392789374
0.0016501650165016502,0.10726072607260725,0.0033003300330033004,0.07920792079207921,0.0033003300330033004,0.5841584158415841,0.0033003300330033004,0.009900990099009901,0.009900990099009901,0.0049504950495049506,0.0016501650165016502,0.0016501650165016502,0.07590759075907591,0.018151815181518153,0.0016501650165016502,0.09405940594059406
0.004366812227074236,0.10480349344978165,0.002911208151382824,0.08296943231441048,0.002911208151382824,0.5720524017467249,0.002911208151382824,0.011644832605531296,0.008733624454148471,0.00727802037845706,0.002911208151382824,0.002911208151382824,0.06841339155749636,0.018922852983988356,0.002911208151382824,0.10334788937409024
0.006377551020408163,0.10076530612244898,0.00510204081632653,0.08418367346938775,0.002551020408163265,0.5548469387755102,0.00510204081632653,0.01020408163265306,0.007653061224489796,0.008928571428571428,0.003826530612244898,0.002551020408163265,0.07015306122448979,0.021683673469387755,0.002551020408163265,0.11352040816326531
0.0056753688989784334,0.09875141884222474,0.004540295119182747,0.08286038592508513,0.0011350737797956867,0.5437003405221339,0.0056753688989784334,0.011350737797956867,0.01021566401816118,0.01021566401816118,0.004540295119182747,0.0022701475595913734,0.07377979568671963,0.026106696935300794,0.00340522133938706,0.11577752553916004
0.006191950464396285,0.09287925696594428,0.0041279669762641896,0.07739938080495357,0.0010319917440660474,0.5335397316821465,0.008255933952528379,0.01238390092879257,0.008255933952528379,0.011351909184726523,0.005159958720330237,0.0041279669762641896,0.07636738906088751,0.023735810113519093,0.0030959752321981426,0.13209494324045407
0.008506616257088847,0.0945179584120983,0.002835538752362949,0.07655954631379962,0.001890359168241966,0.5170132325141777,0.005671077504725898,0.012287334593572778,0.007561436672967864,0.013232514177693762,0.004725897920604915,0.002835538752362949,0.08128544423440454,0.02835538752362949,0.003780718336483932,0.1389413988657845
0.012269938650306749,0.08676599474145487,0.0026292725679228747,0.07449605609114812,0.0026292725679228747,0.5170902716914987,0.006134969325153374,0.010517090271691499,0.007011393514460999,0.018404907975460124,0.0052585451358457495,0.0035056967572304996,0.07537248028045573,0.03155127081507449,0.0035056967572304996,0.14285714285714285
0.015767634854771784,0.08381742738589211,0.0024896265560165973,0.06639004149377593,0.0024896265560165973,0.5020746887966805,0.006639004149377593,0.011618257261410789,0.006639004149377593,0.024066390041493777,0.004979253112033195,0.004149377593360996,0.07468879668049792,0.03983402489626556,0.0016597510373443983,0.15269709543568466
0.019490254872563718,0.07946026986506746,0.0029985007496251873,0.06296851574212893,0.0037481259370314842,0.4947526236881559,0.0074962518740629685,0.01199400299850075,0.005997001499250375,0.027736131934032984,0.004497751124437781,0.005997001499250375,0.07571214392803598,0.046476761619190406,0.0022488755622188904,0.14842578710644677
0.023206751054852322,0.06751054852320675,0.004922644163150493,0.06469760900140648,0.004219409282700422,0.48171589310829815,0.007032348804500703,0.013361462728551337,0.004922644163150493,0.03234880450070324,0.005625879043600563,0.008438818565400843,0.07665260196905767,0.051336146272855133,0.002109704641350211,0.1518987341772152
0.026571613739468567,0.06351263771872975,0.005832793259883344,0.059624108878807515,0.005832793259883344,0.4711600777705768,0.005184705119896306,0.014257939079714841,0.0032404406999351912,0.03823720025923526,0.004536616979909268,0.007777057679844459,0.08165910563836681,0.059624108878807515,0.0019442644199611147,0.1510045366169799
0.02556299452221546,0.05842970176506391,0.007303712720632989,0.05842970176506391,0.007303712720632989,0.46378575776019476,0.006086427267194157,0.01582471089470481,0.0036518563603164943,0.03712720632988436,0.004869141813755326,0.007912355447352405,0.08642726719415703,0.06816798539257456,0.0012172854534388314,0.147900182592818
0.02505827505827506,0.05652680652680653,0.005827505827505828,0.05827505827505827,0.008158508158508158,0.4632867132867133,0.007575757575757576,0.016317016317016316,0.0034965034965034965,0.03904428904428905,0.005244755244755245,0.008158508158508158,0.08741258741258741,0.06643356643356643,0.002331002331002331,0.14685314685314685
0.025177887246852763,0.05090311986863711,0.006568144499178982,0.060755336617405585,0.007662835249042145,0.458128078817734,0.006568144499178982,0.016420361247947456,0.0038314176245210726,0.04597701149425287,0.0049261083743842365,0.00875752599890531,0.08648056923918993,0.07170224411603722,0.003284072249589491,0.14285714285714285
0.02505446623093682,0.046840958605664486,0.006535947712418301,0.061546840958605666,0.009259259259259259,0.45588235294117646,0.007080610021786492,0.017429193899782137,0.0032679738562091504,0.04738562091503268,0.004901960784313725,0.00980392156862745,0.0855119825708061,0.0718954248366013,0.003812636165577342,0.1437908496732026
0.024251805985552117,0.04592363261093911,0.008255933952528379,0.06140350877192982,0.007739938080495356,0.44685242518059853,0.0046439628482972135,0.021671826625386997,0.003611971104231166,0.047471620227038186,0.005159958720330237,0.009287925696594427,0.08875128998968008,0.07327141382868937,0.003611971104231166,0.1480908152734778
0.027190332326283987,0.044310171198388724,0.00906344410876133,0.057905337361530716,0.008559919436052367,0.44108761329305135,0.004028197381671702,0.022658610271903322,0.005035246727089627,0.04632426988922457,0.005035246727089627,0.008559919436052367,0.09214501510574018,0.07653575025176233,0.0025176233635448137,0.14904330312185296
0.027996070726915522,0.04273084479371316,0.009823182711198428,0.05992141453831041,0.008349705304518664,0.4381139489194499,0.003929273084479371,0.022593320235756387,0.0044204322200392925,0.04567779960707269,0.0054027504911591355,0.008840864440078585,0.09577603143418467,0.07612966601178782,0.0029469548133595285,0.14734774066797643
0.028971511347175277,0.03718010622887494,0.01158860453887011,0.05987445678416224,0.007242877836793819,0.4509898599710285,0.00386286817962337,0.021245774987928536,0.00386286817962337,0.04732013520038629,0.006277160791887977,0.009657170449058426,0.09415741187831965,0.07098020280057943,0.0028971511347175277,0.14389183969097055
0.029067041725269572,0.035161744022503515,0.013127051101734646,0.05672761368963901,0.007032348804500703,0.4449132676980778,0.0046882325363338025,0.02156586966713549,0.004219409282700422,0.04547585560243788,0.005157055789967183,0.011720581340834505,0.09657759024847633,0.07313642756680731,0.0028129395218002813,0.14861697140178154
0.03209302325581395,0.03302325581395349,0.014883720930232559,0.05627906976744186,0.0060465116279069765,0.446046511627907,0.004651162790697674,0.023255813953488372,0.004651162790697674,0.04325581395348837,0.0051162790697674414,0.010697674418604652,0.09302325581395349,0.07209302325581396,0.0037209302325581397,0.1511627906976744
0.03255387436955525,0.0343878954607978,0.015589179275561669,0.06006419073819349,0.006419073819348923,0.44291609353507566,0.0036680421824850985,0.02384227418615314,0.005502063273727648,0.040348464007336084,0.005502063273727648,0.011462631820265932,0.09353507565337002,0.07381934892251261,0.0036680421824850985,0.14672168729940394
0.03527256069628951,0.03252404947320202,0.01694915254237288,0.05863490609253321,0.006871278057718736,0.434722858451672,0.004122766834631242,0.02565277141548328,0.005038937242327073,0.04031149793861658,0.004122766834631242,0.011452130096197893,0.0934493815849748,0.07787448465414568,0.00320659642693541,0.14979386165826844
0.03395889186773905,0.03038427167113494,0.017873100983020553,0.058981233243967826,0.006255585344057194,0.4387846291331546,0.004915102770330653,0.029490616621983913,0.004915102770330653,0.03932082216264522,0.004021447721179625,0.011170688114387846,0.0938337801608579,0.07462019660411082,0.00580875781948168,0.1456657730116175
0.034080717488789235,0.030493273542600896,0.019282511210762333,0.05515695067264574,0.007623318385650224,0.43632286995515696,0.004932735426008968,0.03094170403587444,0.004932735426008968,0.03452914798206278,0.004035874439461884,0.011659192825112108,0.09596412556053811,0.0757847533632287,0.006726457399103139,0.1475336322869955
0.03723404255319149,0.03102836879432624,0.019060283687943262,0.05629432624113475,0.007535460992907801,0.43351063829787234,0.004432624113475178,0.03235815602836879,0.004432624113475178,0.0350177304964539,0.004432624113475178,0.010638297872340425,0.09929078014184398,0.07668439716312057,0.0062056737588652485,0.14184397163120568
0.03949730700179533,0.0296229802513465,0.02154398563734291,0.05475763016157989,0.009874326750448833,0.4254937163375224,0.004937163375224416,0.03321364452423698,0.004937163375224416,0.037253141831238776,0.005385996409335727,0.011669658886894075,0.10053859964093358,0.07405745062836624,0.0062836624775583485,0.14093357271095153
0.03915530136383634,0.029036515618125824,0.020237571491421028,0.05367355917289925,0.008798944126704795,0.4214694236691597,0.005719313682358117,0.031236251649802024,0.004399472063352398,0.03695556533216014,0.005719313682358117,0.010998680158380994,0.10558732952045755,0.07611086669599648,0.006599208095028597,0.14430268367795865
0.03937007874015748,0.02930883639545057,0.020122484689413824,0.051181102362204724,0.009186351706036745,0.4243219597550306,0.006124234470691163,0.027559055118110236,0.004811898512685914,0.03762029746281715,0.005686789151356081,0.013123359580052493,0.10411198600174978,0.07655293088363954,0.006561679790026247,0.14435695538057744
0.04229741763134461,0.028495102404274265,0.019590382902938557,0.05031166518254675,0.008459483526268923,0.41896705253784505,0.00578806767586821,0.02894033837934105,0.007123775601068566,0.03695458593054319,0.006678539626001781,0.012911843276936777,0.10284951024042743,0.0761353517364203,0.007123775601068566,0.14737310774710596
0.04509283819628647,0.027409372236958444,0.019451812555260833,0.053934571175950484,0.007957559681697613,0.4146772767462423,0.00618921308576481,0.028735632183908046,0.007073386383731211,0.03404067197170645,0.005747126436781609,0.014588859416445624,0.10433244916003537,0.07471264367816093,0.006631299734748011,0.14942528735632185
0.04330534688466637,0.0273972602739726,0.019885108263367212,0.049491825011047284,0.010163499779054353,0.41626159964648696,0.006628369421122404,0.0273972602739726,0.007512152010605391,0.03314184710561202,0.006628369421122404,0.015024304021210782,0.10517012814847547,0.07821475916924436,0.006628369421122404,0.14714980114891738
0.04501323918799647,0.02559576345984113,0.020741394527802295,0.05339805825242718,0.01147396293027361,0.4099735216240071,0.00617828773168579,0.027802294792586054,0.008384819064430714,0.03574580759046778,0.006619593998234775,0.015445719329214475,0.10547219770520741,0.0763459841129744,0.005736981465136805,0.14607237422771405
0.045474613686534215,0.026931567328918323,0.02163355408388521,0.04900662251655629,0.011479028697571744,0.40264900662251657,0.006622516556291391,0.030022075055187638,0.007947019867549669,0.03487858719646799,0.0075055187637969095,0.016777041942604858,0.10684326710816777,0.07770419426048565,0.00706401766004415,0.14746136865342163
0.049539675580885574,0.02761946514686541,0.020166593599298552,0.04910127137220517,0.010083296799649276,0.40070144673388863,0.007452871547566856,0.024550635686102586,0.006137658921525646,0.035072336694432264,0.007452871547566856,0.016220955721174924,0.11223147742218326,0.0775975449364314,0.0070144673388864535,0.14905743095133714
0.05214317277949625,0.0273972602739726,0.021652673442333185,0.049491825011047284,0.010163499779054353,0.39770216526734425,0.006628369421122404,0.026071586389748123,0.0061864781263809105,0.035793194874060984,0.008837825894829872,0.016349977905435263,0.11179849756959788,0.07733097657976137,0.0061864781263809105,0.14626601855943439
0.05115658362989324,0.026690391459074734,0.021352313167259787,0.04759786476868327,0.008896797153024912,0.39768683274021355,0.007562277580071174,0.027580071174377226,0.007562277580071174,0.037366548042704624,0.010231316725978648,0.015124555160142349,0.1152135231316726,0.07740213523131673,0.006227758007117438,0.1423487544483986
0.049777777777777775,0.028,0.021333333333333333,0.050666666666666665,0.008444444444444444,0.3933333333333333,0.008,0.029777777777777778,0.007555555555555556,0.04,0.009777777777777778,0.015111111111111112,0.11377777777777778,0.076,0.0057777777777777775,0.14266666666666666
0.05312084993359894,0.027888446215139442,0.02080566622399292,0.04780876494023904,0.008410801239486499,0.3891102257636122,0.008853474988933156,0.03010181496237273,0.008853474988933156,0.04028331119964586,0.009738822487826471,0.019477644975652943,0.11420982735723771,0.07348384240814519,0.00619743249225321,0.1416555998229305
0.052770448548812667,0.024626209322779244,0.018469656992084433,0.0505716798592788,0.008355321020228672,0.39050131926121373,0.009234828496042216,0.02990325417766051,0.009674582233948988,0.040457343887423045,0.008795074758135445,0.01802990325417766,0.11609498680738786,0.07563764291996482,0.006156552330694811,0.14072119613016712
0.055285272003538256,0.022998673153471916,0.017691287041132243,0.04820875718708536,0.00796107916850951,0.38567005749668287,0.00796107916850951,0.029632905793896505,0.010614772224679346,0.04157452454666077,0.007076514816452897,0.01592215833701902,0.11853162317558602,0.07607253427686864,0.005749668288367979,0.14904909332153915
0.05503772747447847,0.020417221482467822,0.016866400355082113,0.0492676431424767,0.009764758100310697,0.38526409232134934,0.007101642254771416,0.03062583222370173,0.009764758100310697,0.04216600088770528,0.007101642254771416,0.016422547714158898,0.11984021304926765,0.07723035952063914,0.005770084332001775,0.1473590767865069
0.05656208572691118,0.021210782147591693,0.016349977905435263,0.05037560760053027,0.009279717189571365,0.38444542642509943,0.006628369421122404,0.031816173221387536,0.01104728236853734,0.04021210782147592,0.0061864781263809105,0.015024304021210782,0.12240388864339373,0.07379584622182943,0.007070260715863898,0.14759169244365886
0.05595026642984014,0.021758436944937832,0.017317939609236235,0.05550621669626998,0.009325044404973356,0.380550621669627,0.004884547069271759,0.03330373001776199,0.009769094138543518,0.04129662522202487,0.006216696269982238,0.016873889875666074,0.12122557726465365,0.07371225577264653,0.0066607460035523975,0.14564831261101244
0.058746163963174045,0.020166593599298552,0.016659359929855327,0.056992547128452434,0.008329679964927663,0.3735203857957036,0.006137658921525646,0.03156510302498904,0.01052170100832968,0.042525208241999124,0.00657606313020605,0.01709776413853573,0.12406839105655414,0.07145988601490574,0.0070144673388864535,0.14861902674265673
0.05864197530864197,0.019400352733686066,0.01455026455026455,0.05599647266313933,0.009259259259259259,0.37610229276895946,0.006613756613756613,0.03262786596119929,0.011022927689594356,0.04188712522045855,0.006172839506172839,0.01675485008818342,0.12566137566137567,0.0718694885361552,0.007054673721340388,0.14638447971781304
0.0607661822985469,0.018494055482166448,0.014090708938793483,0.05328049317481286,0.007045354469396741,0.380449141347424,0.007045354469396741,0.03302509907529723,0.010568031704095112,0.04051078819903126,0.006164685160722149,0.015411712901805373,0.12901805372082784,0.07089387934830471,0.007485689123734038,0.1457507705856451
0.06047132058692752,0.017785682525566917,0.01511783014673188,0.05469097376611828,0.009337483325922631,0.3703868385949311,0.006669630947087594,0.03334815473543797,0.01200533570475767,0.04224099599822143,0.006224988883948421,0.018674966651845263,0.1249444197421076,0.07336594041796354,0.008448199199644287,0.1462872387727879
0.060485651214128036,0.017218543046357615,0.012803532008830023,0.05518763796909492,0.011479028697571744,0.3629139072847682,0.005298013245033113,0.032229580573951436,0.012362030905077263,0.04061810154525387,0.005739514348785872,0.02119205298013245,0.13068432671081678,0.07461368653421634,0.008388520971302429,0.1487858719646799
0.05993829881004848,0.018069634200088145,0.013662406346408109,0.054649625385632436,0.011899515204936095,0.3600705156456589,0.004407227853680035,0.03305420890260027,0.0123402379903041,0.041427941824592335,0.0057293962097840455,0.022036139268400177,0.127809607756721,0.0753635962979286,0.00749228735125606,0.15204936095196123
0.062141912736888495,0.018069634200088145,0.013221683561040106,0.05597179374173645,0.011458792419568091,0.3534596738651388,0.005288673424416042,0.03393565447333627,0.011458792419568091,0.04098721903922433,0.0057293962097840455,0.021595416483032173,0.13353900396650506,0.07271925958572058,0.008373732921992068,0.15204936095196123
0.06169551708832668,0.017310252996005325,0.013315579227696404,0.056369285397248114,0.012427873945849977,0.3533067021748779,0.004438526409232135,0.03550821127385708,0.011096316023080338,0.03817132711939636,0.005326231691078562,0.019529516200621395,0.13715046604527298,0.07412339103417666,0.008433200177541057,0.151797603195739
0.05929203539823009,0.017699115044247787,0.012389380530973451,0.05707964601769912,0.010619469026548672,0.3504424778761062,0.0048672566371681415,0.03672566371681416,0.012831858407079646,0.036283185840707964,0.006194690265486726,0.018584070796460177,0.13982300884955753,0.0747787610619469,0.008849557522123894,0.15353982300884955
0.06081974438078449,0.01851035698545615,0.014543851917144116,0.05641251652710445,0.011458792419568091,0.35125605993829884,0.0057293962097840455,0.03525782282944028,0.012780960775672102,0.03525782282944028,0.00617011899515205,0.01630674305861613,0.1397091229616571,0.07007492287351257,0.008373732921992068,0.15733803437637725
0.0625,0.018485915492957746,0.013204225352112676,0.05897887323943662,0.013644366197183098,0.34419014084507044,0.006161971830985915,0.037852112676056336,0.01232394366197183,0.03697183098591549,0.00528169014084507,0.014964788732394365,0.1368838028169014,0.07482394366197183,0.008362676056338027,0.15536971830985916
0.0633303808680248,0.01771479185119575,0.0141718334809566,0.05580159433126661,0.013728963684676704,0.3436669619131975,0.007528786536758193,0.03808680248007086,0.013286093888396812,0.03897254207263064,0.005314437555358724,0.013728963684676704,0.13596102745792737,0.07573073516386182,0.007528786536758193,0.15544729849424269
0.06463036741921203,0.01859229747675963,0.01239486498450642,0.057104913678618856,0.013722886232846392,0.3466135458167331,0.006640106241699867,0.036741921204072596,0.01239486498450642,0.03851261620185923,0.00619743249225321,0.012837538733953076,0.14121292607348385,0.07259849490925188,0.005754758742806552,0.15405046480743692
0.06985940246045694,0.018014059753954304,0.011862917398945518,0.05755711775043937,0.014059753954305799,0.3462214411247803,0.006590509666080844,0.03690685413005272,0.012302284710017574,0.03690685413005272,0.0057117750439367315,0.014059753954305799,0.14015817223198593,0.06898066783831283,0.006590509666080844,0.15421792618629174
0.06555213374395072,0.01627804663440387,0.012758468983721953,0.061152661680598325,0.015398152221733392,0.34359876814782225,0.006599208095028597,0.0387153541575011,0.011878574571051475,0.03607567091948966,0.0061592608886933565,0.012758468983721953,0.14210294764628245,0.06951165860096789,0.007039155301363837,0.15442146942366916
0.06427304964539007,0.016400709219858155,0.012854609929078014,0.061170212765957445,0.015957446808510637,0.3324468085106383,0.006648936170212766,0.03634751773049645,0.014184397163120567,0.03590425531914894,0.007535460992907801,0.015957446808510637,0.14760638297872342,0.06870567375886524,0.007535460992907801,0.15647163120567376
0.0654577620521893,0.014153029632905795,0.013710747456877488,0.059708093763821316,0.01680672268907563,0.3277310924369748,0.007076514816452897,0.03361344537815126,0.015037593984962405,0.03759398496240601,0.00796107916850951,0.016364440513047324,0.15214506855373727,0.06766917293233082,0.00796107916850951,0.15701017249004864
0.06478624944909651,0.013662406346408109,0.014543851917144116,0.059497576024680476,0.015866020273248127,0.3208461877479066,0.006610841780520053,0.03481710004407228,0.01498457470251212,0.03481710004407228,0.009255178492728075,0.016747465843984136,0.15821947994711327,0.06698986337593654,0.008373732921992068,0.1599823710885853
0.06826241134751773,0.011968085106382979,0.012411347517730497,0.0598404255319149,0.015070921985815602,0.3280141843971631,0.0070921985815602835,0.03634751773049645,0.014184397163120567,0.03368794326241135,0.008865248226950355,0.016400709219858155,0.15647163120567376,0.06826241134751773,0.007535460992907801,0.15558510638297873
0.0694076038903625,0.011052166224580018,0.013704686118479222,0.06321839080459771,0.014588859416445624,0.3183023872679045,0.007957559681697613,0.03801945181255526,0.013262599469496022,0.034482758620689655,0.007073386383731211,0.016357206012378427,0.15738284703801944,0.0671971706454465,0.006631299734748011,0.16136162687886826
0.06807202459376373,0.012296881862099254,0.012736056214317084,0.06104523495827844,0.015371102327624066,0.31488801054018445,0.007465963987703118,0.03732981993851559,0.014053579270970576,0.03557312252964427,0.00834431269213878,0.018006148440931048,0.16381203337725078,0.0663153271848924,0.006587615283267457,0.15810276679841898
0.06786339754816112,0.010945709281961471,0.01138353765323993,0.06260945709281962,0.014010507880910683,0.3147985989492119,0.008318739054290718,0.037215411558669004,0.014010507880910683,0.03633975481611208,0.008318739054290718,0.016637478108581436,0.16768826619964974,0.06742556917688267,0.006129597197898424,0.1563047285464098
0.06931567328918323,0.009713024282560706,0.010596026490066225,0.06136865342163356,0.0141280353200883,0.31788079470198677,0.008830022075055188,0.037527593818984545,0.0141280353200883,0.040176600441501106,0.0075055187637969095,0.016335540838852098,0.16600441501103752,0.06799116997792494,0.00706401766004415,0.15143487858719648
0.06869220607661823,0.009247027741083224,0.010568031704095112,0.06296785557023338,0.013650374284456186,0.3148392778511669,0.008806693086745927,0.038749449581682076,0.012769704975781594,0.04051078819903126,0.00836635843240863,0.015852047556142668,0.17084984588287097,0.06693086745926904,0.007926023778071334,0.14927344782034346
0.0681618293755497,0.009674582233948988,0.011433597185576077,0.06244503078276165,0.013632365875109938,0.31354441512752856,0.009234828496042216,0.0395778364116095,0.013192612137203167,0.04309586631486367,0.008795074758135445,0.016710642040457344,0.16534740545294635,0.0712401055408971,0.008355321020228672,0.1455584872471416
0.07124125874125874,0.010052447552447552,0.01048951048951049,0.06468531468531469,0.015297202797202798,0.3103146853146853,0.008741258741258742,0.04020979020979021,0.010926573426573426,0.042395104895104896,0.008304195804195804,0.017482517482517484,0.16826923076923078,0.06774475524475525,0.009615384615384616,0.14423076923076922
0.0755891507336594,0.01067140951534015,0.01200533570475767,0.06491774121831925,0.01511783014673188,0.3072476656291685,0.008448199199644287,0.040017785682525564,0.009782125389061804,0.0426856380613606,0.009337483325922631,0.0164517563361494,0.17163183637172078,0.0658070253445976,0.008892841262783458,0.141396176078257
0.07518796992481203,0.010614772224679346,0.013268465280849183,0.0654577620521893,0.01680672268907563,0.30163644405130474,0.00796107916850951,0.04157452454666077,0.009730207872622734,0.0437859354268023,0.008403361344537815,0.016364440513047324,0.1751437417072092,0.06722689075630252,0.00796107916850951,0.13887660327288812
0.07498897220996913,0.011027790030877812,0.014556682840758712,0.0674900749889722,0.015880017644464048,0.29422143802382,0.009263343625937363,0.043670048522276135,0.0105866784296427,0.04146449051610057,0.0070577856197618,0.01808557565063961,0.17512130569033965,0.06352007057785619,0.00882223202470225,0.14424349360388178
0.0747787610619469,0.009734513274336283,0.014601769911504425,0.06637168141592921,0.01504424778761062,0.2902654867256637,0.008849557522123894,0.04601769911504425,0.010176991150442478,0.04247787610619469,0.008407079646017699,0.018141592920353982,0.1756637168141593,0.061946902654867256,0.010176991150442478,0.14734513274336283
0.07318141980718668,0.008764241893076249,0.014899211218229623,0.06573181419807186,0.015775635407537247,0.28659070990359337,0.009640666082383873,0.04513584574934268,0.010078878177037686,0.044697633654688866,0.008764241893076249,0.019281332164767746,0.17879053461875546,0.06266432953549518,0.008764241893076249,0.147239263803681
0.07781236104935527,0.009337483325922631,0.01511783014673188,0.0658070253445976,0.014673188083592708,0.2810137839039573,0.009782125389061804,0.04313028012449978,0.010226767452200978,0.04490884837705647,0.007114273010226767,0.018674966651845263,0.17963539350822588,0.06136060471320587,0.008892841262783458,0.15251222765673633
0.07661647475642161,0.00841452612931798,0.015943312666076175,0.06775907883082374,0.0141718334809566,0.2821080602302923,0.010186005314437556,0.04118689105403012,0.00974313551815766,0.04650132860938884,0.006643046944198406,0.022586359610274578,0.1767050487156776,0.06288751107174491,0.008857395925597875,0.14968999114260406
0.07861220904699165,0.00878348704435661,0.015810276679841896,0.06719367588932806,0.014931927975406236,0.28019323671497587,0.010540184453227932,0.03908651734738691,0.00878348704435661,0.04787000439174352,0.006587615283267457,0.024593763724198508,0.17742643829600352,0.06324110671936758,0.00878348704435661,0.14756258234519104
0.07956043956043957,0.007912087912087912,0.016703296703296705,0.06857142857142857,0.016703296703296705,0.27516483516483514,0.009230769230769232,0.037802197802197804,0.01010989010989011,0.046153846153846156,0.006593406593406593,0.024175824175824177,0.18153846153846154,0.0632967032967033,0.00967032967032967,0.1468131868131868
0.0797895659798334,0.00789127575624726,0.016220955721174924,0.06839105655414292,0.017536168347216132,0.27093380096448927,0.006137658921525646,0.03770276194651469,0.01183691363437089,0.04690925032880316,0.005699254712845244,0.025865848312143797,0.18763700131521263,0.0661990355107409,0.010083296799649276,0.14116615519508988
0.08161474330846863,0.007898200965335674,0.016673979815708645,0.06932865291794647,0.016673979815708645,0.26810004387889425,0.005704256252742431,0.04212373848179026,0.010969723562966213,0.04475647213690215,0.005704256252742431,0.02720491443615621,0.18209741114523914,0.06845107503290918,0.009214567792891619,0.14348398420359806
0.08150744960560911,0.006573181419807186,0.015337423312883436,0.06879929886064855,0.015337423312883436,0.26906222611744085,0.0052585451358457495,0.04382120946538125,0.010955302366345312,0.04513584574934268,0.0056967572304995615,0.02716914986853637,0.18185801928133216,0.06660823838737949,0.008764241893076249,0.1481156879929886
0.0799469964664311,0.007508833922261484,0.0176678445229682,0.06934628975265017,0.015901060070671377,0.26943462897526504,0.004858657243816254,0.038869257950530034,0.011484098939929329,0.045053003533568906,0.00441696113074205,0.027385159010600707,0.18153710247349825,0.06934628975265017,0.009717314487632508,0.14752650176678445
0.07840560665790626,0.00700832238282961,0.018396846254927726,0.0700832238282961,0.01576872536136662,0.26237406920718354,0.003942181340341655,0.04161191414805081,0.011826544021024968,0.043802014892685065,0.005256241787122208,0.029347349978098992,0.1896627244853263,0.0683311432325887,0.009198423127463863,0.14498466929478757
0.08054577464788733,0.006602112676056338,0.01716549295774648,0.07174295774647887,0.014524647887323943,0.25528169014084506,0.0035211267605633804,0.03961267605633803,0.01232394366197183,0.04181338028169014,0.00528169014084507,0.02948943661971831,0.1932218309859155,0.0664612676056338,0.011003521126760563,0.15140845070422534
0.0812972012438916,0.007996446023989337,0.016437139049311416,0.06974677920924034,0.015104398045313194,0.258996001776988,0.003553976010661928,0.037760995113282986,0.009773434029320302,0.0422034651266104,0.005775211017325633,0.03198578409595735,0.19013771657041315,0.06885828520657486,0.010661928031985785,0.14971123944913373
0.0804953560371517,0.008403361344537815,0.01680672268907563,0.07164971251658558,0.01813356921716055,0.26006191950464397,0.0035382574082264487,0.03803626713843432,0.009730207872622734,0.04113224237063246,0.005749668288367979,0.029632905793896505,0.19327731092436976,0.06678460858027421,0.009730207872622734,0.1468376824413976
0.07692307692307693,0.008841732979664015,0.01768346595932803,0.06896551724137931,0.017241379310344827,0.2595048629531388,0.003094606542882405,0.03713527851458886,0.007957559681697613,0.04155614500442087,0.006631299734748011,0.03227232537577365,0.1931918656056587,0.07029177718832891,0.007957559681697613,0.15075154730327145
0.0800711743772242,0.008451957295373666,0.017793594306049824,0.06806049822064057,0.01601423487544484,0.2540035587188612,0.0035587188612099642,0.0400355871886121,0.008451957295373666,0.04225978647686833,0.005782918149466192,0.03202846975088968,0.19884341637010677,0.0711743772241993,0.007562277580071174,0.14590747330960854
0.08023307933662036,0.008516360376512775,0.01927386822052891,0.06544150605109816,0.016584491259524877,0.2514567458538772,0.003585835948005379,0.035410129986553115,0.008964589870013447,0.04258180188256387,0.004930524428507396,0.031376064545047065,0.20394441954280593,0.07350963693411026,0.00761990138951143,0.14657104437471985
0.0847682119205298,0.010154525386313467,0.018101545253863136,0.06799116997792494,0.015894039735099338,0.24900662251655628,0.003532008830022075,0.033112582781456956,0.007947019867549669,0.0423841059602649,0.004856512141280353,0.033554083885209716,0.20794701986754968,0.07417218543046358,0.006181015452538631,0.1403973509933775
0.08644142167617376,0.009653356735410267,0.017551557700745943,0.06625713032031592,0.01491882404563405,0.25537516454585346,0.0035103115401491883,0.03290917068889864,0.007020623080298377,0.040807371654234315,0.005704256252742431,0.030276437033786747,0.20930232558139536,0.07283896445809565,0.00614304519526108,0.14129003949100483
0.08950617283950617,0.010141093474426807,0.018077601410934743,0.06790123456790123,0.015873015873015872,0.2482363315696649,0.0030864197530864196,0.03350970017636684,0.007495590828924162,0.04056437389770723,0.005291005291005291,0.03130511463844797,0.21075837742504408,0.0736331569664903,0.006172839506172839,0.1384479717813051
0.09050966608084358,0.010105448154657293,0.015817223198594025,0.06898066783831283,0.015377855887521968,0.2469244288224956,0.0021968365553602814,0.03427065026362039,0.008787346221441126,0.03910369068541301,0.005272407732864675,0.029876977152899824,0.2139718804920914,0.07469244288224956,0.006590509666080844,0.1375219683655536
0.08513453903837671,0.010145566828407587,0.014997794441993825,0.07322452580502867,0.014556682840758712,0.24172915747684165,0.002646669607410675,0.03440670489633877,0.009263343625937363,0.0423467137185708,0.00529333921482135,0.029113365681517425,0.21967357741508603,0.07587119541243935,0.0070577856197618,0.1345390383767093
0.08775055679287305,0.009799554565701559,0.013363028953229399,0.07394209354120267,0.013808463251670379,0.23652561247216036,0.0031180400890868597,0.035634743875278395,0.009354120267260579,0.042316258351893093,0.0062360801781737195,0.027616926503340758,0.22316258351893095,0.0779510022271715,0.009354120267260579,0.13006681514476615
0.08872377622377622,0.008741258741258742,0.012237762237762238,0.07517482517482517,0.016171328671328672,0.2298951048951049,0.0026223776223776225,0.03409090909090909,0.009615384615384616,0.044580419580419584,0.006555944055944056,0.027972027972027972,0.22552447552447552,0.07823426573426573,0.009178321678321678,0.13068181818181818
0.09186351706036745,0.006561679790026247,0.013123359580052493,0.07655293088363954,0.016185476815398076,0.22965879265091863,0.0021872265966754157,0.03412073490813648,0.010061242344706912,0.045494313210848646,0.006124234470691163,0.02712160979877515,0.22528433945756782,0.07830271216097988,0.008748906386701663,0.12860892388451445
0.08895705521472393,0.007887817703768623,0.012708150744960562,0.07931638913234006,0.01621384750219106,0.23356704645048204,0.0021910604732690623,0.03418054338299737,0.010955302366345312,0.042068361086765996,0.006134969325153374,0.02673093777388256,0.22480280455740578,0.07931638913234006,0.009202453987730062,0.12576687116564417
0.09251881363435148,0.006640106241699867,0.01239486498450642,0.08056662239929172,0.015493581230633024,0.22576361221779548,0.0017706949977866313,0.034528552456839307,0.011066843736166445,0.045595396193005754,0.00619743249225321,0.0283311199645861,0.22177954847277556,0.08145196989818504,0.008853474988933156,0.1270473660911908
0.09295154185022027,0.006167400881057269,0.012334801762114538,0.08149779735682819,0.01629955947136564,0.22334801762114537,0.0022026431718061676,0.03480176211453744,0.011013215859030838,0.04449339207048458,0.00881057268722467,0.028634361233480177,0.2277533039647577,0.07841409691629955,0.00881057268722467,0.12246696035242291
0.0921577315019938,0.006202924235711121,0.011962782454585734,0.07886575099689853,0.015064244572441293,0.22862206468763846,0.002215330084182543,0.034559149313247675,0.011519716437749225,0.04563579973416039,0.008418254319893664,0.02924235711120957,0.22862206468763846,0.07709348692955251,0.008861320336730172,0.12095702259636686
0.08942731277533039,0.005726872246696035,0.012334801762114538,0.08370044052863436,0.01629955947136564,0.22466960352422907,0.003524229074889868,0.035682819383259914,0.01145374449339207,0.04449339207048458,0.007488986784140969,0.029515418502202642,0.2330396475770925,0.07444933920704846,0.00881057268722467,0.11938325991189427
0.09341637010676157,0.00800711743772242,0.011565836298932384,0.0849644128113879,0.016903914590747332,0.21930604982206406,0.0035587188612099642,0.03558718861209965,0.010676156583629894,0.046708185053380785,0.007562277580071174,0.026245551601423486,0.23665480427046262,0.07072953736654804,0.009341637010676156,0.11877224199288257
0.09611183923110529,0.00873743993010048,0.010484927916120577,0.08824814329401486,0.01703800786369594,0.2162516382699869,0.003931847968545216,0.03494975972040192,0.009611183923110528,0.04456094364351245,0.007863695937090432,0.03058103975535168,0.236347750109218,0.06858890345128878,0.00873743993010048,0.11795543905635648
0.09876543209876543,0.008818342151675485,0.009700176366843033,0.08597883597883597,0.017195767195767195,0.21075837742504408,0.0048500881834215165,0.036155202821869487,0.008818342151675485,0.04409171075837742,0.005731922398589065,0.0291005291005291,0.24206349206349206,0.06966490299823633,0.009259259259259259,0.11904761904761904
0.1001765225066196,0.009708737864077669,0.011032656663724626,0.08737864077669903,0.01588702559576346,0.20741394527802295,0.00529567519858782,0.03574580759046778,0.009267431597528684,0.04457193292144748,0.006619593998234775,0.02912621359223301,0.2444836716681377,0.0648720211827008,0.009267431597528684,0.11915269196822595
0.10127697049757815,0.010568031704095112,0.009687362395420519,0.08498458828709819,0.014971378247468076,0.21268163804491413,0.005284015852047556,0.036547776309995596,0.009247027741083224,0.044033465433729636,0.007485689123734038,0.02774108322324967,0.25055041831792163,0.06428885953324527,0.007045354469396741,0.11360634081902246
0.09641751437417072,0.009730207872622734,0.009730207872622734,0.08978328173374613,0.015037593984962405,0.20875718708536045,0.004865103936311367,0.03582485625829279,0.010172490048651039,0.0437859354268023,0.007518796992481203,0.03051747014595312,0.25696594427244585,0.06368863334807608,0.006634232640424591,0.11057054400707651
0.10129406514948684,0.010263275323516287,0.008478357875948238,0.09058456046407853,0.015618027666220438,0.2039268183846497,0.0049085229808121375,0.037037037037037035,0.0107095046854083,0.043284248103525214,0.008032128514056224,0.0285586791610888,0.2565818830879072,0.060240963855421686,0.0071396697902722,0.11334225792057118
0.10498687664041995,0.010498687664041995,0.007874015748031496,0.08530183727034121,0.014435695538057743,0.20297462817147857,0.005686789151356081,0.03543307086614173,0.010936132983377077,0.04068241469816273,0.008311461067366578,0.031496062992125984,0.2659667541557305,0.05774278215223097,0.0074365704286964126,0.11023622047244094
0.10265486725663717,0.009292035398230088,0.00752212389380531,0.08539823008849558,0.014601769911504425,0.20265486725663717,0.0048672566371681415,0.03274336283185841,0.011504424778761062,0.04070796460176991,0.007079646017699115,0.032300884955752215,0.27168141592920353,0.058849557522123896,0.00663716814159292,0.11150442477876106
