C_R,C_A,C_S,C_N,D_R,D_A,D_S,D_N,Oc_R,Oc_A,Oc_S,Oc_N,Od_R,Od_A,Od_S,Od_N
0.0,0.0,0.0,0.0,0.0,0.0,0.0,0.0,0.0,0.0,0.0,1.0,0.0,0.0,0.0,0.0
0.0,0.0,0.5,0.0,0.0,0.0,0.0,0.0,0.0,0.0,0.0,0.5,0.0,0.0,0.0,0.0
0.0,0.25,0.25,0.0,0.0,0.0,0.0,0.0,0.0,0.0,0.0,0.5,0.0,0.0,0.0,0.0
0.0,0.16666666666666666,0.5,0.0,0.0,0.0,0.0,0.0,0.0,0.0,0.0,0.3333333333333333,0.0,0.0,0.0,0.0
0.0,0.16666666666666666,0.5,0.0,0.0,0.0,0.0,0.0,0.0,0.0,0.0,0.3333333333333333,0.0,0.0,0.0,0.0
0.0,0.2,0.3,0.2,0.0,0.0,0.0,0.0,0.0,0.0,0.0,0.3,0.0,0.0,0.0,0.0
0.0,0.16666666666666666,0.25,0.08333333333333333,0.0,0.0,0.0,0.0,0.0,0.0,0.0,0.4166666666666667,0.0,0.0,0.08333333333333333,0.0
0.0,0.11764705882352941,0.17647058823529413,0.17647058823529413,0.0,0.0,0.0,0.0,0.0,0.0,0.0,0.47058823529411764,0.0,0.0,0.058823529411764705,0.0
0.0,0.08333333333333333,0.16666666666666666,0.20833333333333334,0.041666666666666664,0.0,0.0,0.0,0.0,0.0,0.0,0.4583333333333333,0.0,0.0,0.041666666666666664,0.0
0.0,0.1,0.2,0.2,0.03333333333333333,0.0,0.0,0.0,0.0,0.0,0.0,0.4,0.06666666666666667,0.0,0.0,0.0
0.0,0.09302325581395349,0.13953488372093023,0.23255813953488372,0.023255813953488372,0.023255813953488372,0.0,0.0,0.0,0.0,0.0,0.3953488372093023,0.09302325581395349,0.0,0.0,0.0
0.0,0.06779661016949153,0.13559322033898305,0.2711864406779661,0.01694915254237288,0.01694915254237288,0.0,0.0,0.0,0.0,0.0,0.3559322033898305,0.13559322033898305,0.0,0.0,0.0
0.0,0.0684931506849315,0.0821917808219178,0.3424657534246575,0.0136986301369863,0.0273972602739726,0.0,0.0,0.0,0.0,0.0,0.3287671232876712,0.136986301369863,0.0,0.0,0.0
0.0,0.08,0.07,0.32,0.01,0.02,0.0,0.0,0.0,0.0,0.0,0.36,0.14,0.0,0.0,0.0
0.014388489208633094,0.07194244604316546,0.05755395683453238,0.3669064748201439,0.007194244604316547,0.007194244604316547,0.0,0.0,0.007194244604316547,0.0,0.0,0.302158273381295,0.16546762589928057,0.0,0.0,0.0
0.022857142857142857,0.06857142857142857,0.05142857142857143,0.38285714285714284,0.005714285714285714,0.005714285714285714,0.0,0.0,0.005714285714285714,0.0,0.0,0.26285714285714284,0.17142857142857143,0.011428571428571429,0.0,0.011428571428571429
0.03755868544600939,0.056338028169014086,0.051643192488262914,0.39436619718309857,0.009389671361502348,0.009389671361502348,0.0,0.0,0.004694835680751174,0.0,0.0,0.22535211267605634,0.18779342723004694,0.014084507042253521,0.0,0.009389671361502348
0.05078125,0.05078125,0.0390625,0.40625,0.0078125,0.00390625,0.0,0.0078125,0.015625,0.0,0.0,0.203125,0.19921875,0.0078125,0.0,0.0078125
0.05921052631578947,0.04276315789473684,0.029605263157894735,0.4276315789473684,0.006578947368421052,0.003289473684210526,0.0,0.013157894736842105,0.01644736842105263,0.0,0.0,0.17434210526315788,0.21052631578947367,0.006578947368421052,0.0,0.009868421052631578
0.0681198910081744,0.03814713896457766,0.021798365122615803,0.4223433242506812,0.0027247956403269754,0.0027247956403269754,0.0,0.01634877384196185,0.01634877384196185,0.0,0.005449591280653951,0.16893732970027248,0.22070844686648503,0.008174386920980926,0.0,0.008174386920980926
0.06896551724137931,0.03908045977011494,0.016091954022988506,0.42758620689655175,0.0022988505747126436,0.0022988505747126436,0.0,0.016091954022988506,0.013793103448275862,0.0,0.004597701149425287,0.14942528735632185,0.2413793103448276,0.006896551724137931,0.0,0.011494252873563218
0.07662082514734773,0.03732809430255403,0.019646365422396856,0.40471512770137524,0.0019646365422396855,0.0019646365422396855,0.0,0.019646365422396856,0.011787819253438114,0.0,0.005893909626719057,0.15520628683693516,0.2475442043222004,0.005893909626719057,0.0019646365422396855,0.009823182711198428
0.0829103214890017,0.03722504230118443,0.015228426395939087,0.41624365482233505,0.001692047377326565,0.005076142131979695,0.00338409475465313,0.021996615905245348,0.008460236886632826,0.0,0.00676818950930626,0.1319796954314721,0.2521150592216582,0.005076142131979695,0.001692047377326565,0.01015228426395939
0.09425625920471281,0.036818851251840944,0.013254786450662739,0.4005891016200295,0.0029455081001472753,0.0029455081001472753,0.0029455081001472753,0.022091310751104567,0.005891016200294551,0.0014727540500736377,0.004418262150220913,0.1325478645066274,0.25773195876288657,0.007363770250368188,0.0014727540500736377,0.013254786450662739
0.10217113665389528,0.035759897828863345,0.011494252873563218,0.39208173690932313,0.002554278416347382,0.005108556832694764,0.0038314176245210726,0.021711366538952746,0.005108556832694764,0.001277139208173691,0.006385696040868455,0.12005108556832694,0.26436781609195403,0.007662835249042145,0.002554278416347382,0.017879948914431672
0.11235955056179775,0.03146067415730337,0.011235955056179775,0.39775280898876403,0.0022471910112359553,0.007865168539325843,0.0056179775280898875,0.020224719101123594,0.0056179775280898875,0.0011235955056179776,0.006741573033707865,0.11235955056179775,0.25617977528089886,0.007865168539325843,0.0022471910112359553,0.019101123595505618
0.11817279046673287,0.026812313803376366,0.009930486593843098,0.3912611717974181,0.0029791459781529296,0.007944389275074478,0.003972194637537239,0.022840119165839126,0.004965243296921549,0.0009930486593843098,0.005958291956305859,0.10923535253227408,0.2641509433962264,0.005958291956305859,0.0029791459781529296,0.021847070506454815
0.12212389380530973,0.022123893805309734,0.012389380530973451,0.384070796460177,0.002654867256637168,0.010619469026548672,0.0035398230088495575,0.023893805309734513,0.004424778761061947,0.0008849557522123894,0.006194690265486726,0.1079646017699115,0.26902654867256637,0.005309734513274336,0.0035398230088495575,0.021238938053097345
0.1286970423661071,0.019184652278177457,0.012789768185451638,0.37889688249400477,0.0015987210231814548,0.008792965627498001,0.005595523581135092,0.023181454836131096,0.004796163069544364,0.0007993605115907274,0.005595523581135092,0.10951239008792965,0.2701838529176659,0.006394884092725819,0.0031974420463629096,0.020783373301358914
0.1286843997124371,0.01653486700215672,0.011502516175413372,0.3723939611790079,0.0014378145219266715,0.010783608914450037,0.0050323508267433505,0.025880661394680086,0.004313443565780014,0.002156721782890007,0.006470165348670022,0.10855499640546369,0.27677929547088426,0.0050323508267433505,0.002156721782890007,0.02228612508986341
0.13408939292861907,0.01667778519012675,0.01200800533689126,0.36624416277518346,0.00133422281521014,0.01067378252168112,0.004669779853235491,0.02401601067378252,0.00333555703802535,0.00266844563042028,0.00600400266844563,0.09606404269513008,0.28819212808539024,0.00733822548365577,0.00266844563042028,0.02401601067378252
0.13186119873817034,0.016403785488958992,0.011987381703470032,0.36782334384858045,0.002523659305993691,0.010094637223974764,0.0037854889589905363,0.025867507886435333,0.0031545741324921135,0.0031545741324921135,0.00694006309148265,0.09905362776025237,0.28454258675078864,0.007570977917981073,0.002523659305993691,0.022712933753943218
0.1330166270783848,0.015439429928741092,0.011282660332541567,0.3640142517814727,0.0029691211401425177,0.011876484560570071,0.004750593824228029,0.027909738717339667,0.0029691211401425177,0.004750593824228029,0.006532066508313539,0.09857482185273159,0.2850356294536817,0.00831353919239905,0.0023752969121140144,0.020190023752969122
0.1329608938547486,0.013407821229050279,0.0111731843575419,0.3625698324022346,0.004469273743016759,0.012290502793296089,0.005027932960893855,0.02905027932960894,0.003910614525139665,0.005027932960893855,0.006145251396648044,0.09776536312849161,0.28212290502793297,0.008379888268156424,0.002793296089385475,0.022905027932960894
0.13807753584705257,0.013276686139139671,0.01009028146574615,0.35581518852894317,0.004248539564524694,0.01486988847583643,0.006372809346787042,0.02867764206054169,0.004779607010090282,0.004779607010090282,0.005841741901221455,0.1009028146574615,0.27987254381306426,0.01009028146574615,0.0026553372278279343,0.01964949548592671
0.13655244029075805,0.012461059190031152,0.009865005192107996,0.35669781931464173,0.005192107995846314,0.014537902388369679,0.006749740394600207,0.029595015576323987,0.0036344755970924196,0.004672897196261682,0.006230529595015576,0.09397715472481828,0.2860851505711319,0.009865005192107996,0.002596053997923157,0.021287642782969886
0.14092276830491474,0.012036108324974924,0.012036108324974924,0.3505516549648947,0.006519558676028084,0.0160481444332999,0.006519558676028084,0.030591775325977934,0.004012036108324975,0.006018054162487462,0.007522567703109328,0.09428284854563691,0.28084252758274825,0.009528585757271816,0.003009027081243731,0.019558676028084254
0.1434803683955405,0.012603005332040717,0.009694619486185167,0.34415899175957343,0.0067862336403296175,0.0174503150751333,0.007270964614638876,0.033931168201648085,0.003877847794474067,0.007755695588948134,0.0067862336403296175,0.09403780901599612,0.27872031022782356,0.0116335433834222,0.00290838584585555,0.018904507998061076
0.1460197833254828,0.012246820536975978,0.009420631182289214,0.33867169100329725,0.007536504945831371,0.018841262364578427,0.007536504945831371,0.03297220913801225,0.0037682524729156855,0.009420631182289214,0.006123410268487989,0.09185115402731983,0.28167687235044747,0.0131888836552049,0.002826189354686764,0.017899199246349504
0.14907407407407408,0.012037037037037037,0.009259259259259259,0.33240740740740743,0.007407407407407408,0.020833333333333332,0.00787037037037037,0.03425925925925926,0.004629629629629629,0.010648148148148148,0.005555555555555556,0.09074074074074075,0.2800925925925926,0.013425925925925926,0.002777777777777778,0.01898148148148148
0.14681818181818182,0.013181818181818182,0.008636363636363636,0.32954545454545453,0.007272727272727273,0.022727272727272728,0.007727272727272728,0.03590909090909091,0.005909090909090909,0.007727272727272728,0.006818181818181818,0.09,0.2822727272727273,0.014545454545454545,0.0022727272727272726,0.018636363636363635
0.14579606440071557,0.0129695885509839,0.008050089445438283,0.32602862254025045,0.008050089445438283,0.0259391771019678,0.007602862254025045,0.040697674418604654,0.006261180679785331,0.009838998211091235,0.007602862254025045,0.08452593917710197,0.28130590339892664,0.014758497316636851,0.0026833631484794273,0.017889087656529516
0.15115248226950354,0.014184397163120567,0.008421985815602837,0.3200354609929078,0.007535460992907801,0.024822695035460994,0.007978723404255319,0.040780141843971635,0.00576241134751773,0.010195035460992909,0.007978723404255319,0.08200354609929078,0.28191489361702127,0.014184397163120567,0.004875886524822695,0.018173758865248225
0.15285777580859547,0.014178112538768276,0.008861320336730172,0.3238812583074878,0.007975188303057155,0.024811696942844484,0.00664599025254763,0.03943287549844927,0.005316792202038104,0.011076650420912717,0.008861320336730172,0.08019494904740807,0.27957465662383696,0.011962782454585734,0.005316792202038104,0.01905183872396987
0.14795244385733158,0.013210039630118891,0.008806693086745927,0.32100396301188905,0.007926023778071334,0.023778071334214,0.007926023778071334,0.04051078819903126,0.0066050198150594455,0.011008366358432409,0.009247027741083224,0.08190224570673713,0.2862175253192426,0.010568031704095112,0.006164685160722149,0.017173051519154558
0.15190434012400356,0.011957484499557131,0.00974313551815766,0.32063773250664307,0.0070859167404783,0.024357838795394153,0.006200177147918512,0.03985828166519043,0.007528786536758193,0.010628875110717449,0.009300265721877768,0.08148804251550044,0.28476527900797166,0.010186005314437556,0.005757307351638618,0.018600531443755536
0.1514486391571554,0.010974539069359086,0.01009657594381036,0.3230904302019315,0.007023705004389816,0.024143985952589993,0.007023705004389816,0.04170324846356453,0.007023705004389816,0.010974539069359086,0.009657594381035996,0.07945566286215978,0.2844600526777875,0.010535557506584723,0.004389815627743635,0.017998244073748903
0.1488042515500443,0.011514614703277236,0.009300265721877768,0.32063773250664307,0.005757307351638618,0.02612931798051373,0.006643046944198406,0.04074402125775022,0.008857395925597875,0.011071744906997343,0.010628875110717449,0.08325952170062002,0.2838795394154119,0.009300265721877768,0.005314437555358724,0.01815766164747564
0.15398230088495576,0.010176991150442478,0.010619469026548672,0.315929203539823,0.005752212389380531,0.026106194690265486,0.006194690265486726,0.0415929203539823,0.008407079646017699,0.011504424778761062,0.010619469026548672,0.0836283185840708,0.2845132743362832,0.008407079646017699,0.0048672566371681415,0.017699115044247787
0.1556350626118068,0.011180679785330949,0.01073345259391771,0.3076923076923077,0.005813953488372093,0.024150268336314847,0.006261180679785331,0.04427549194991055,0.009391771019677997,0.012075134168157423,0.010286225402504472,0.07960644007155634,0.29069767441860467,0.00849731663685152,0.004919499105545617,0.018783542039355994
0.1557231588287489,0.009760425909494233,0.009760425909494233,0.31277728482697426,0.005767524401064774,0.027062999112688554,0.005323868677905945,0.044365572315882874,0.008873114463176575,0.012866015971606033,0.01064773735581189,0.07542147293700088,0.2888198757763975,0.008429458740017746,0.005323868677905945,0.019077196095829637
0.15896081021576397,0.012329370321444297,0.010127697049757816,0.30779392338177014,0.0066050198150594455,0.02686041391457508,0.0048436811977102595,0.044033465433729636,0.010568031704095112,0.014090708938793483,0.009687362395420519,0.07661822985468957,0.285336856010568,0.00836635843240863,0.003963011889035667,0.019815059445178335
0.15766164747564215,0.01550044286979628,0.009300265721877768,0.30336581045172717,0.006643046944198406,0.025243578387953942,0.00487156775907883,0.042515500442869794,0.010628875110717449,0.013728963684676704,0.008857395925597875,0.07528786536758193,0.29229406554472986,0.00841452612931798,0.0044286979627989375,0.021257750221434897
0.15594713656387665,0.014537444933920705,0.009251101321585903,0.30088105726872244,0.007048458149779736,0.026872246696035242,0.005726872246696035,0.04140969162995595,0.01013215859030837,0.014977973568281937,0.01145374449339207,0.07577092511013216,0.29251101321585904,0.007929515418502203,0.004405286343612335,0.021145374449339206
0.15978695073235685,0.013759431868619618,0.009320905459387484,0.3062583222370173,0.005770084332001775,0.027518863737239236,0.005326231691078562,0.040834442964935644,0.010208610741233911,0.014647137150466045,0.011984021304926764,0.07634265423879272,0.2858411007545495,0.008433200177541057,0.004882379050155349,0.01908566355969818
0.16054842989827509,0.0145953118089341,0.009730207872622734,0.3007518796992481,0.005749668288367979,0.026536930561698365,0.007076514816452897,0.04290137107474569,0.008845643520566122,0.014153029632905795,0.011057054400707651,0.07607253427686864,0.2874834144183989,0.009730207872622734,0.005307386112339673,0.019460415745245468
0.16042780748663102,0.014705882352941176,0.009358288770053475,0.30213903743315507,0.0053475935828877,0.025846702317290554,0.006238859180035651,0.040998217468805706,0.009358288770053475,0.014705882352941176,0.011586452762923352,0.0784313725490196,0.28654188948306597,0.0106951871657754,0.004456327985739751,0.019162210338680926
0.1549421193232413,0.015138023152270703,0.009795191451469279,0.3027604630454141,0.006233303650934996,0.028495102404274265,0.006233303650934996,0.04096170970614425,0.010240427426536063,0.014247551202137132,0.012021371326803205,0.07346393588601959,0.29073909171861084,0.010240427426536063,0.005342831700801425,0.01914514692787177
0.15684536996012405,0.01284891448825875,0.008418254319893664,0.3021710234824989,0.006202924235711121,0.027913159060700046,0.007532122286220647,0.03987594151528578,0.0101905183872397,0.014178112538768276,0.011962782454585734,0.07487815684536996,0.2884359769605671,0.01284891448825875,0.0057598582188746125,0.01993797075764289
0.16483032172763332,0.011899515204936095,0.00881445570736007,0.29219920669898636,0.00617011899515205,0.026884089907448214,0.007933010136624064,0.038342882327016305,0.011458792419568091,0.014103129131776113,0.011899515204936095,0.07668576465403261,0.2882327016306743,0.012780960775672102,0.00617011899515205,0.021595416483032173
0.16005291005291006,0.011022927689594356,0.008818342151675485,0.2958553791887125,0.006613756613756613,0.027336860670194002,0.007054673721340388,0.036155202821869487,0.010582010582010581,0.012345679012345678,0.011904761904761904,0.07583774250440917,0.2967372134038801,0.013668430335097001,0.005731922398589065,0.020282186948853614
0.15980522355024346,0.011066843736166445,0.009296148738379814,0.2917220008853475,0.007082779991146525,0.02656042496679947,0.006640106241699867,0.035413899955732624,0.009738822487826471,0.015050907481186366,0.010624169986719787,0.07436918990703852,0.300132802124834,0.012837538733953076,0.007082779991146525,0.02257636122177955
0.16029539530842746,0.01216333622936577,0.009122502172024326,0.291485664639444,0.008688097306689836,0.02519548218940052,0.006516072980017376,0.03127715030408341,0.00999131190269331,0.016941789748045177,0.011728931364031277,0.07471763683753258,0.2988705473501303,0.013900955690703735,0.0069504778453518675,0.022154648132059078
0.15894039735099338,0.011920529801324504,0.008830022075055188,0.2878587196467991,0.008388520971302429,0.024724061810154525,0.006622516556291391,0.03399558498896247,0.010154525386313467,0.017218543046357615,0.009713024282560706,0.07637969094922738,0.30242825607064017,0.0141280353200883,0.00706401766004415,0.02163355408388521
0.1609907120743034,0.009730207872622734,0.008403361344537815,0.2923485183547103,0.006634232640424591,0.02476780185758514,0.007076514816452897,0.03272888102609465,0.011057054400707651,0.017249004865103935,0.008845643520566122,0.07209199469261389,0.3025210084033613,0.015479876160990712,0.009287925696594427,0.020787262273330383
0.16058073031236253,0.008798944126704795,0.008358996920369555,0.2921249450065992,0.007039155301363837,0.02243730752309723,0.0061592608886933565,0.0343158820941487,0.012318521777386713,0.01935767707875055,0.008798944126704795,0.07391113066432028,0.2987241531016278,0.01583809942806863,0.007919049714034315,0.02331720193576771
0.15789473684210525,0.009287925696594427,0.00796107916850951,0.29279080053073864,0.00796107916850951,0.021229544449358692,0.006191950464396285,0.03538257408226449,0.011499336576735958,0.021229544449358692,0.009287925696594427,0.0734188412206988,0.2963290579389651,0.015037593984962405,0.010172490048651039,0.024325519681556832
0.157917760279965,0.007874015748031496,0.007874015748031496,0.2887139107611549,0.0074365704286964126,0.023622047244094488,0.005686789151356081,0.03543307086614173,0.009623797025371828,0.02099737532808399,0.010061242344706912,0.07655293088363954,0.29702537182852146,0.015748031496062992,0.009623797025371828,0.025809273840769902
0.16149068322981366,0.009316770186335404,0.006654835847382431,0.2821650399290151,0.0075421472937000885,0.023513753327417924,0.006654835847382431,0.03637976929902396,0.01064773735581189,0.021739130434782608,0.009760425909494233,0.07542147293700088,0.2968056787932564,0.015084294587400177,0.01020408163265306,0.026619343389529725
0.15784832451499117,0.00837742504409171,0.006172839506172839,0.2804232804232804,0.00837742504409171,0.02292768959435626,0.007936507936507936,0.03571428571428571,0.01146384479717813,0.02292768959435626,0.009259259259259259,0.07539682539682539,0.2985008818342152,0.015432098765432098,0.010141093474426807,0.0291005291005291
0.15991189427312774,0.009251101321585903,0.007488986784140969,0.28193832599118945,0.007488986784140969,0.021145374449339206,0.007048458149779736,0.03171806167400881,0.01145374449339207,0.021145374449339206,0.01013215859030837,0.07180616740088105,0.3039647577092511,0.017180616740088105,0.010572687224669603,0.027753303964757708
0.153300841825432,0.00974745237040319,0.007532122286220647,0.28046078865750995,0.007532122286220647,0.021710234824988923,0.006202924235711121,0.03544528134692069,0.011076650420912717,0.021710234824988923,0.010633584404076208,0.0717766947275144,0.307487815684537,0.01595037660611431,0.011076650420912717,0.028356225077536552
0.15784832451499117,0.007936507936507936,0.007054673721340388,0.27557319223985893,0.006172839506172839,0.02072310405643739,0.007495590828924162,0.03747795414462081,0.011022927689594356,0.021604938271604937,0.009259259259259259,0.07098765432098765,0.31040564373897706,0.016313932980599646,0.012345679012345678,0.027777777777777776
0.16334661354581673,0.007525453740593183,0.006640106241699867,0.27667109340416113,0.005312084993359893,0.02036299247454626,0.00796812749003984,0.038069942452412575,0.011066843736166445,0.021691013722886232,0.008410801239486499,0.07127047366091191,0.30721558211598055,0.016821602478972998,0.01195219123505976,0.025675077467906152
0.16423841059602648,0.006622516556291391,0.005739514348785872,0.27991169977924946,0.006622516556291391,0.017660044150110375,0.0075055187637969095,0.038410596026490065,0.011037527593818985,0.02075055187637969,0.006622516556291391,0.06799116997792494,0.31567328918322296,0.01545253863134658,0.011479028697571744,0.024282560706401765
0.16152125279642057,0.007606263982102908,0.0071588366890380315,0.27740492170022374,0.0071588366890380315,0.017897091722595078,0.008053691275167786,0.038926174496644296,0.012080536912751677,0.019686800894854587,0.0058165548098434005,0.07069351230425056,0.316331096196868,0.016554809843400447,0.009843400447427294,0.023266219239373602
0.16423196104471005,0.008410801239486499,0.00619743249225321,0.27445772465692786,0.007082779991146525,0.02036299247454626,0.008410801239486499,0.038069942452412575,0.01239486498450642,0.02036299247454626,0.00619743249225321,0.06772908366533864,0.31695440460380697,0.017706949977866312,0.008853474988933156,0.02257636122177955
0.16380449141347425,0.009247027741083224,0.007045354469396741,0.27212681638044917,0.007045354469396741,0.02289740202553941,0.007045354469396741,0.041831792162043156,0.011889035667107,0.02025539409951563,0.007045354469396741,0.06693086745926904,0.31660061646851606,0.015411712901805373,0.008806693086745927,0.022016732716864818
0.1686534216335541,0.010596026490066225,0.0075055187637969095,0.2710816777041943,0.006622516556291391,0.02207505518763797,0.006181015452538631,0.038410596026490065,0.012362030905077263,0.019426048565121413,0.007947019867549669,0.06578366445916115,0.31699779249448123,0.01545253863134658,0.009271523178807948,0.02163355408388521
0.16592920353982302,0.010619469026548672,0.00752212389380531,0.2676991150442478,0.00663716814159292,0.021238938053097345,0.007079646017699115,0.03761061946902655,0.011946902654867256,0.01902654867256637,0.008407079646017699,0.06725663716814159,0.3234513274336283,0.015486725663716814,0.009292035398230088,0.02079646017699115
0.16799292661361626,0.009725906277630416,0.007073386383731211,0.2692307692307692,0.00618921308576481,0.022104332449160036,0.007073386383731211,0.03669319186560566,0.011936339522546418,0.01989389920424403,0.007957559681697613,0.0627763041556145,0.3249336870026525,0.015473032714412025,0.009725906277630416,0.021220159151193633
0.16865869853917662,0.01018149623727313,0.007525453740593183,0.2726870296591412,0.007525453740593183,0.023461708720672863,0.00619743249225321,0.03762726870296591,0.011509517485613104,0.017706949977866312,0.008410801239486499,0.06285967242142541,0.3187250996015936,0.017264276228419653,0.009296148738379814,0.02036299247454626
0.1647577092511013,0.00881057268722467,0.00881057268722467,0.2691629955947137,0.00881057268722467,0.020704845814977973,0.006607929515418502,0.035682819383259914,0.011894273127753305,0.01762114537444934,0.007488986784140969,0.06255506607929516,0.33083700440528635,0.016740088105726872,0.008370044052863436,0.021145374449339206
0.1667401852668725,0.0070577856197618,0.007940008822232024,0.2730480811645346,0.008381120423467137,0.02293780326422585,0.0066166740185266875,0.0388178209086899,0.011468901632112925,0.01808557565063961,0.007940008822232024,0.060873400970445524,0.325540361711513,0.015880017644464048,0.007940008822232024,0.020732245258050286
0.17192358951577077,0.007552199022656597,0.00888494002665482,0.2741003998223012,0.008440693025322079,0.02221235006663705,0.007107952021323856,0.03953798311861395,0.010661928031985785,0.019546868058640605,0.007107952021323856,0.05952909817858729,0.32207907596623725,0.011994669035984007,0.00888494002665482,0.020435362061306087
0.17220008853474988,0.008410801239486499,0.009296148738379814,0.27578574590526783,0.007525453740593183,0.019034971226206288,0.006640106241699867,0.0398406374501992,0.010624169986719787,0.019477644975652943,0.007525453740593183,0.05754758742806552,0.32492253209384686,0.013280212483399735,0.008853474988933156,0.019034971226206288
0.17029791018230325,0.008003557136505114,0.008892841262783458,0.28012449977767895,0.00755891507336594,0.01823032458870609,0.006669630947087594,0.03912850155624722,0.009782125389061804,0.019119608714984436,0.00755891507336594,0.057803468208092484,0.32503334815473545,0.013783903957314362,0.008892841262783458,0.019119608714984436
0.17262693156732892,0.008830022075055188,0.010154525386313467,0.27593818984547464,0.006622516556291391,0.01545253863134658,0.008388520971302429,0.038852097130242826,0.008830022075055188,0.019867549668874173,0.00706401766004415,0.05783664459161148,0.32891832229580575,0.013245033112582781,0.008388520971302429,0.018984547461368653
0.16997792494481237,0.009271523178807948,0.009713024282560706,0.2781456953642384,0.006181015452538631,0.016777041942604858,0.0075055187637969095,0.038852097130242826,0.008830022075055188,0.020309050772626933,0.0075055187637969095,0.05121412803532009,0.3355408388520971,0.012803532008830023,0.008388520971302429,0.018984547461368653
0.16843033509700175,0.007936507936507936,0.007936507936507936,0.281305114638448,0.010141093474426807,0.017195767195767195,0.007054673721340388,0.03659611992945326,0.007936507936507936,0.02204585537918871,0.006613756613756613,0.05423280423280423,0.3350970017636684,0.011904761904761904,0.007936507936507936,0.01763668430335097
0.17776797529775032,0.0070577856197618,0.0070577856197618,0.2787825319805911,0.010145566828407587,0.018967798853109837,0.007940008822232024,0.03484781649757389,0.007498897220996913,0.02293780326422585,0.005734450816056462,0.050286722540802825,0.33524481693868546,0.011027790030877812,0.0070577856197618,0.0176444640494045
0.17834960070984915,0.008873114463176575,0.0075421472937000885,0.2724046140195209,0.009316770186335404,0.01730257320319432,0.00709849157054126,0.03593611357586513,0.008429458740017746,0.023513753327417924,0.00709849157054126,0.04924578527062999,0.3380656610470275,0.011091393078970719,0.006654835847382431,0.019077196095829637
0.17994628469113697,0.008952551477170993,0.008952551477170993,0.26723366159355416,0.008952551477170993,0.01656222023276634,0.006714413607878245,0.03491495076096687,0.009400179051029543,0.023276633840644583,0.007162041181736795,0.052372426141450316,0.3384064458370636,0.011190689346463742,0.007609668755595345,0.018352730528200537
0.17828773168578993,0.008384819064430714,0.008384819064430714,0.264783759929391,0.009708737864077669,0.018534863195057368,0.005736981465136805,0.0353045013239188,0.0088261253309797,0.023389232127096204,0.00706090026478376,0.05163283318623124,0.34554280670785525,0.01059135039717564,0.00706090026478376,0.01676963812886143
0.17929515418502204,0.008370044052863436,0.008370044052863436,0.2599118942731278,0.010572687224669603,0.018061674008810574,0.004845814977973568,0.04008810572687225,0.007048458149779736,0.025110132158590308,0.006607929515418502,0.05462555066079295,0.3436123348017621,0.01145374449339207,0.007048458149779736,0.014977973568281937
0.1778270509977827,0.008869179600886918,0.007095343680709534,0.25543237250554324,0.010199556541019957,0.01862527716186253,0.004878048780487805,0.040354767184035474,0.007095343680709534,0.027937915742793792,0.008869179600886918,0.049223946784922396,0.34811529933481156,0.013747228381374724,0.004878048780487805,0.016851441241685146
0.18153434433541482,0.008920606601248885,0.006244424620874219,0.2528991971454059,0.011150758251561105,0.018287243532560213,0.004906333630686887,0.03969669937555754,0.007582515611061552,0.026761819803746655,0.00847457627118644,0.05129348795718109,0.35057983942908116,0.012042818911685994,0.0044603033006244425,0.015165031222123104
0.17592592592592593,0.00837742504409171,0.007054673721340388,0.24867724867724866,0.010582010582010581,0.018077601410934743,0.006172839506172839,0.03880070546737213,0.007936507936507936,0.029541446208112873,0.00837742504409171,0.053791887125220456,0.3527336860670194,0.013227513227513227,0.005291005291005291,0.015432098765432098
0.1838170624450308,0.0079155672823219,0.008795074758135445,0.2436235708003518,0.011873350923482849,0.018469656992084433,0.007036059806508356,0.03737906772207564,0.008795074758135445,0.030343007915567283,0.0079155672823219,0.05013192612137203,0.3469656992084433,0.013192612137203167,0.006596306068601583,0.017150395778364115
0.178335535006605,0.007045354469396741,0.00836635843240863,0.2413033905768384,0.012329370321444297,0.019815059445178335,0.007045354469396741,0.03786878027300748,0.008806693086745927,0.031704095112285335,0.007926023778071334,0.04975781594011449,0.35402906208718626,0.013650374284456186,0.006164685160722149,0.015852047556142668
0.17905851297844258,0.007479102507699076,0.009238891333040036,0.24725032996040475,0.011438627364716234,0.01935767707875055,0.0061592608886933565,0.03739551253849538,0.008798944126704795,0.030796304443466784,0.007919049714034315,0.04927408710954685,0.35239771227452704,0.013198416190057193,0.0061592608886933565,0.014078310602727673
0.17675651789659744,0.007512152010605391,0.008395934600088379,0.2465753424657534,0.01104728236853734,0.021652673442333185,0.007070260715863898,0.037560760053026956,0.008837825894829872,0.031816173221387536,0.009279717189571365,0.04684047724259832,0.3535130357931949,0.012372956252761821,0.0057445868316394165,0.015024304021210782
0.17891939769707707,0.0070859167404783,0.00974313551815766,0.24180690876882197,0.011514614703277236,0.020814880425155006,0.007528786536758193,0.03454384410983171,0.00841452612931798,0.03454384410983171,0.008857395925597875,0.04650132860938884,0.3525243578387954,0.015943312666076175,0.005757307351638618,0.01550044286979628
0.1781483106625713,0.00614304519526108,0.010530934620447565,0.24352786309784993,0.010092145677928916,0.019745502413339184,0.007020623080298377,0.03466432645897324,0.006581834137779728,0.03334795963141729,0.008775778850372971,0.04695041684949539,0.355857832382624,0.017112768758227294,0.00614304519526108,0.015357612988152698
0.18680338831921534,0.006241640659830584,0.010254123941150245,0.2483281319661168,0.011145786892554615,0.018724921979491754,0.007133303611234953,0.03299152920196166,0.00490414623272403,0.03343736067766384,0.008024966562639322,0.04859563085153812,0.34774855104770397,0.016049933125278644,0.0057958091841284,0.013820775746767721
0.18661971830985916,0.006602112676056338,0.010123239436619719,0.2460387323943662,0.010123239436619719,0.018485915492957746,0.006161971830985915,0.03389084507042254,0.00528169014084507,0.03389084507042254,0.007482394366197183,0.045774647887323945,0.3534330985915493,0.01716549295774648,0.006602112676056338,0.01232394366197183
0.18758374274229567,0.006699419383653417,0.010719071013845467,0.23983921393479232,0.009379187137114784,0.01652523447967843,0.005806163465832961,0.03573023671281822,0.006252791424743189,0.03260384100044663,0.007592675301473872,0.04600267976775346,0.3599821348816436,0.017418490397498883,0.007146047342563644,0.010719071013845467
0.1870026525198939,0.007073386383731211,0.010167992926613616,0.23651635720601238,0.008841732979664015,0.017241379310344827,0.00618921308576481,0.03404067197170645,0.00618921308576481,0.03138815207780725,0.007957559681697613,0.04951370468611848,0.35809018567639256,0.020335985853227233,0.007073386383731211,0.01237842617152962
0.1828242585214697,0.005754758742806552,0.01018149623727313,0.23328906595838866,0.008853474988933156,0.017706949977866312,0.00619743249225321,0.03275785745905268,0.00619743249225321,0.033643204957945996,0.006640106241699867,0.04869411243913236,0.3683045595396193,0.01814962372731297,0.007525453740593183,0.013280212483399735
0.1827768014059754,0.0057117750439367315,0.009666080843585237,0.22934973637961337,0.007029876977152899,0.018014059753954304,0.0057117750439367315,0.0351493848857645,0.007029876977152899,0.03251318101933216,0.007029876977152899,0.050966608084358524,0.36906854130052724,0.017135325131810195,0.007908611599297012,0.014938488576449912
0.1812555260831123,0.005305039787798408,0.008841732979664015,0.22900088417329797,0.008399646330680813,0.01989389920424403,0.005305039787798408,0.03536693191865606,0.007073386383731211,0.03227232537577365,0.007515473032714412,0.048187444739168875,0.372236958443855,0.015030946065428824,0.008841732979664015,0.015473032714412025
0.1809775429326288,0.005724350506384853,0.010127697049757816,0.22721268163804492,0.009247027741083224,0.019815059445178335,0.006164685160722149,0.0361074416556583,0.005284015852047556,0.029502421840598855,0.007485689123734038,0.04975781594011449,0.3712021136063408,0.01805372082782915,0.007485689123734038,0.015852047556142668
0.1830122591943958,0.006129597197898424,0.010070052539404553,0.22285464098073554,0.009194395796847636,0.01926444833625219,0.005691768826619965,0.03546409807355517,0.005691768826619965,0.02933450087565674,0.0070052539404553416,0.0521015761821366,0.36952714535901926,0.01882661996497373,0.008756567425569177,0.017075306479859893
0.17904509283819628,0.00618921308576481,0.009283819628647215,0.21794871794871795,0.008841732979664015,0.018125552608311227,0.007073386383731211,0.03934571175950486,0.007073386383731211,0.02961980548187445,0.006631299734748011,0.05172413793103448,0.3757736516357206,0.01856763925729443,0.008841732979664015,0.015915119363395226
0.18101545253863136,0.00706401766004415,0.008388520971302429,0.21280353200883,0.010154525386313467,0.019867549668874173,0.0075055187637969095,0.04061810154525387,0.006622516556291391,0.02913907284768212,0.005739514348785872,0.04944812362030905,0.38145695364238413,0.017660044150110375,0.0075055187637969095,0.015011037527593819
0.17733333333333334,0.006222222222222222,0.0071111111111111115,0.21777777777777776,0.010222222222222223,0.021333333333333333,0.008444444444444444,0.04,0.006666666666666667,0.029333333333333333,0.006222222222222222,0.04755555555555555,0.38133333333333336,0.016,0.008,0.016444444444444446
0.1765994741454864,0.006573181419807186,0.007011393514460999,0.22129710780017528,0.010078878177037686,0.020157756354075372,0.007011393514460999,0.03987730061349693,0.006573181419807186,0.027607361963190184,0.006573181419807186,0.04425942156003506,0.38475021910604734,0.01621384750219106,0.008326029798422436,0.017090271691498685
0.1774622892635315,0.006654835847382431,0.00709849157054126,0.22448979591836735,0.009316770186335404,0.019077196095829637,0.0075421472937000885,0.040372670807453416,0.006654835847382431,0.027506654835847383,0.0075421472937000885,0.04303460514640639,0.3793256433007986,0.01685891748003549,0.009760425909494233,0.01730257320319432
0.17881090746535538,0.006705409029950827,0.007599463567277604,0.22440768886902102,0.008940545373267769,0.02011622708985248,0.007152436298614216,0.039785426911041574,0.006705409029950827,0.028609745194456863,0.007152436298614216,0.0424675905230219,0.38176128743853377,0.015645954403218598,0.008940545373267769,0.015198927134555208
0.17410517012814847,0.007954043305346884,0.007070260715863898,0.22271321254971277,0.009279717189571365,0.020326999558108707,0.007070260715863898,0.03932832523199293,0.005302695536897923,0.030048608042421564,0.007070260715863898,0.040653999116217414,0.38930623066725584,0.014582412726469289,0.008395934600088379,0.016791869200176758
0.17894736842105263,0.006578947368421052,0.007456140350877193,0.21754385964912282,0.010087719298245614,0.02017543859649123,0.007894736842105263,0.039912280701754385,0.005263157894736842,0.03070175438596491,0.008333333333333333,0.04035087719298246,0.3846491228070175,0.015350877192982455,0.009649122807017544,0.017105263157894738
0.1804812834224599,0.0066844919786096255,0.007575757575757576,0.21880570409982175,0.00980392156862745,0.017379679144385027,0.008467023172905526,0.03609625668449198,0.0053475935828877,0.03208556149732621,0.008912655971479501,0.04188948306595366,0.3801247771836007,0.016042780748663103,0.0106951871657754,0.0196078431372549
0.17885816235504015,0.008028545941123996,0.007582515611061552,0.2207850133809099,0.010704727921498661,0.016057091882247992,0.007582515611061552,0.0352363960749331,0.004906333630686887,0.03389830508474576,0.00936663693131133,0.04014272970561998,0.3809099018733274,0.016057091882247992,0.009812667261373774,0.02007136485280999
0.18279090503789566,0.008916629514043692,0.006241640659830584,0.2139991083370486,0.009362460989745877,0.016049933125278644,0.008024966562639322,0.03566651805617477,0.006241640659830584,0.03566651805617477,0.00980829246544806,0.04012483281319661,0.38207757467677217,0.014266607222469906,0.00980829246544806,0.020954079358002677
0.18069634200088144,0.008373732921992068,0.005288673424416042,0.21683561040105773,0.008373732921992068,0.015866020273248127,0.009695901278096077,0.03217276333186426,0.0057293962097840455,0.035698545614808286,0.009695901278096077,0.04098721903922433,0.3847509916262671,0.0123402379903041,0.010577346848832084,0.022917584839136182
0.18230088495575222,0.00752212389380531,0.00663716814159292,0.21858407079646017,0.008849557522123894,0.016814159292035398,0.008407079646017699,0.03185840707964602,0.007079646017699115,0.03716814159292035,0.009734513274336283,0.04115044247787611,0.37831858407079644,0.012831858407079646,0.009734513274336283,0.023008849557522124
0.18021978021978022,0.007912087912087912,0.006593406593406593,0.22241758241758242,0.0074725274725274725,0.014065934065934066,0.008791208791208791,0.03076923076923077,0.006593406593406593,0.03604395604395604,0.00967032967032967,0.04087912087912088,0.38373626373626374,0.014065934065934066,0.00967032967032967,0.0210989010989011
0.1822262118491921,0.00807899461400359,0.00763016157989228,0.22217235188509873,0.00763016157989228,0.012567324955116697,0.008527827648114902,0.02872531418312388,0.00718132854578097,0.0381508078994614,0.009425493716337522,0.03770197486535009,0.3850987432675045,0.013464991023339317,0.009874326750448833,0.02154398563734291
0.1793041926851026,0.006690454950936664,0.007136485280999108,0.22212310437109722,0.00847457627118644,0.013826940231935772,0.00847457627118644,0.032114183764495985,0.007582515611061552,0.03791257805530776,0.00936663693131133,0.03791257805530776,0.3840321141837645,0.015165031222123104,0.008920606601248885,0.02096342551293488
0.17657497781721385,0.006211180124223602,0.0075421472937000885,0.22626441881100265,0.008429458740017746,0.012866015971606033,0.008429458740017746,0.03149955634427684,0.008429458740017746,0.037267080745341616,0.008429458740017746,0.03904170363797693,0.38331854480922806,0.014640638864241348,0.009316770186335404,0.021739130434782608
0.17349185380889476,0.006164685160722149,0.0066050198150594455,0.22721268163804492,0.00836635843240863,0.015411712901805373,0.00836635843240863,0.029502421840598855,0.00836635843240863,0.036547776309995596,0.008806693086745927,0.036988110964332896,0.384852487890797,0.01673271686481726,0.010127697049757816,0.022457067371202115
0.17891939769707707,0.006643046944198406,0.007971656333038087,0.2254207263064659,0.007528786536758193,0.015057573073516387,0.008857395925597875,0.027900797165633304,0.00841452612931798,0.034986713906111605,0.007971656333038087,0.0354295837023915,0.38441098317094774,0.01682905225863596,0.00974313551815766,0.023914968999114262
0.17941952506596306,0.007475813544415127,0.007036059806508356,0.218117854001759,0.008795074758135445,0.0158311345646438,0.008355321020228672,0.027264731750219876,0.007475813544415127,0.036939313984168866,0.008355321020228672,0.036499560246262094,0.39006156552330695,0.018909410729991204,0.0079155672823219,0.021547933157431837
