C_R,C_A,C_S,C_N,D_R,D_A,D_S,D_N,Oc_R,Oc_A,Oc_S,Oc_N,Od_R,Od_A,Od_S,Od_N
0.0,0.0,0.0,0.0,0.0,0.0,0.0,0.0,0.0,0.0,0.0,0.0,1.0,0.0,0.0,0.0
0.0,0.0,0.0,0.0,0.0,0.0,0.0,0.0,0.0,0.0,0.0,0.0,0.0,1.0,0.0,0.0
0.0,0.0,0.0,0.0,0.0,0.0,0.3333333333333333,0.0,0.0,0.0,0.0,0.0,0.0,0.6666666666666666,0.0,0.0
0.0,0.0,0.0,0.0,0.0,0.3333333333333333,0.16666666666666666,0.0,0.0,0.0,0.0,0.0,0.0,0.5,0.0,0.0
0.0,0.0,0.0,0.0,0.0,0.2,0.0,0.0,0.0,0.0,0.0,0.0,0.0,0.6,0.0,0.2
0.0,0.0,0.0,0.0,0.0625,0.25,0.0,0.0,0.0,0.0,0.0,0.0,0.0,0.5625,0.0,0.125
0.0,0.0,0.0,0.0,0.0,0.3333333333333333,0.0,0.0,0.0,0.0,0.0,0.0,0.0,0.6190476190476191,0.0,0.047619047619047616
0.0,0.0,0.03125,0.0,0.0,0.375,0.0625,0.0,0.0,0.0,0.0,0.0,0.0,0.53125,0.0,0.0
0.0,0.0,0.023809523809523808,0.0,0.0,0.3333333333333333,0.11904761904761904,0.0,0.0,0.0,0.0,0.0,0.0,0.5238095238095238,0.0,0.0
0.0,0.0,0.019230769230769232,0.0,0.0,0.28846153846153844,0.07692307692307693,0.0,0.0,0.0,0.0,0.0,0.0,0.5769230769230769,0.0,0.038461538461538464
0.0,0.0,0.0,0.0,0.0,0.3384615384615385,0.07692307692307693,0.0,0.0,0.0,0.0,0.0,0.0,0.5692307692307692,0.0,0.015384615384615385
0.0,0.0,0.011363636363636364,0.0,0.0,0.3522727272727273,0.045454545454545456,0.011363636363636364,0.0,0.0,0.0,0.03409090909090909,0.0,0.5113636363636364,0.022727272727272728,0.011363636363636364
0.0,0.009900990099009901,0.009900990099009901,0.009900990099009901,0.0,0.32673267326732675,0.0594059405940594,0.009900990099009901,0.0,0.019801980198019802,0.0,0.0297029702970297,0.0,0.504950495049505,0.0,0.019801980198019802
0.0,0.01694915254237288,0.0423728813559322,0.00847457627118644,0.0,0.2796610169491525,0.06779661016949153,0.0,0.0,0.0423728813559322,0.0,0.025423728813559324,0.01694915254237288,0.4576271186440678,0.0,0.0423728813559322
0.0,0.013422818791946308,0.040268456375838924,0.006711409395973154,0.006711409395973154,0.2751677852348993,0.06711409395973154,0.0,0.0,0.03355704697986577,0.013422818791946308,0.013422818791946308,0.03355704697986577,0.436241610738255,0.006711409395973154,0.053691275167785234
0.010810810810810811,0.021621621621621623,0.05945945945945946,0.010810810810810811,0.005405405405405406,0.2972972972972973,0.032432432432432434,0.0,0.021621621621621623,0.03783783783783784,0.010810810810810811,0.021621621621621623,0.043243243243243246,0.3837837837837838,0.0,0.043243243243243246
0.014018691588785047,0.02336448598130841,0.04205607476635514,0.014018691588785047,0.014018691588785047,0.2757009345794392,0.04672897196261682,0.0,0.018691588785046728,0.0514018691588785,0.014018691588785047,0.018691588785046728,0.07009345794392523,0.35046728971962615,0.0,0.04672897196261682
0.011904761904761904,0.01984126984126984,0.031746031746031744,0.027777777777777776,0.007936507936507936,0.26587301587301587,0.031746031746031744,0.007936507936507936,0.027777777777777776,0.06746031746031746,0.011904761904761904,0.01984126984126984,0.09126984126984126,0.32142857142857145,0.011904761904761904,0.04365079365079365
0.025454545454545455,0.02909090909090909,0.01090909090909091,0.02181818181818182,0.007272727272727273,0.24,0.02909090909090909,0.02181818181818182,0.02181818181818182,0.06909090909090909,0.007272727272727273,0.025454545454545455,0.09818181818181818,0.32727272727272727,0.007272727272727273,0.05818181818181818
0.027439024390243903,0.03353658536585366,0.006097560975609756,0.018292682926829267,0.006097560975609756,0.21036585365853658,0.012195121951219513,0.03353658536585366,0.01524390243902439,0.06402439024390244,0.018292682926829267,0.039634146341463415,0.10975609756097561,0.3353658536585366,0.003048780487804878,0.06707317073170732
0.03856749311294766,0.04132231404958678,0.008264462809917356,0.011019283746556474,0.0027548209366391185,0.2396694214876033,0.01928374655647383,0.0440771349862259,0.013774104683195593,0.05785123966942149,0.008264462809917356,0.04132231404958678,0.11294765840220386,0.27548209366391185,0.013774104683195593,0.07162534435261708
0.0514018691588785,0.04439252336448598,0.009345794392523364,0.011682242990654205,0.002336448598130841,0.23130841121495327,0.016355140186915886,0.0514018691588785,0.02102803738317757,0.053738317757009345,0.002336448598130841,0.04672897196261682,0.12383177570093458,0.2546728971962617,0.011682242990654205,0.06775700934579439
0.06464646464646465,0.04242424242424243,0.010101010101010102,0.020202020202020204,0.006060606060606061,0.21212121212121213,0.012121212121212121,0.05454545454545454,0.022222222222222223,0.052525252525252523,0.006060606060606061,0.052525252525252523,0.13333333333333333,0.23030303030303031,0.006060606060606061,0.07474747474747474
0.07079646017699115,0.047787610619469026,0.012389380530973451,0.021238938053097345,0.007079646017699115,0.1929203539823009,0.019469026548672566,0.05663716814159292,0.023008849557522124,0.047787610619469026,0.010619469026548672,0.0584070796460177,0.14690265486725665,0.2247787610619469,0.007079646017699115,0.05309734513274336
0.0744336569579288,0.045307443365695796,0.009708737864077669,0.021035598705501618,0.011326860841423949,0.18932038834951456,0.021035598705501618,0.06957928802588997,0.021035598705501618,0.05177993527508091,0.009708737864077669,0.06634304207119741,0.1407766990291262,0.19902912621359223,0.009708737864077669,0.059870550161812294
0.08794326241134752,0.03687943262411347,0.00851063829787234,0.02269503546099291,0.011347517730496455,0.1971631205673759,0.01702127659574468,0.06808510638297872,0.014184397163120567,0.05815602836879433,0.009929078014184398,0.075177304964539,0.13900709219858157,0.1900709219858156,0.00425531914893617,0.059574468085106386
0.0917312661498708,0.03875968992248062,0.003875968992248062,0.01808785529715762,0.015503875968992248,0.19767441860465115,0.014211886304909561,0.06201550387596899,0.015503875968992248,0.06847545219638243,0.00904392764857881,0.07881136950904392,0.14857881136950904,0.1744186046511628,0.007751937984496124,0.05555555555555555
0.08896797153024912,0.036773428232502965,0.002372479240806643,0.0166073546856465,0.01542111506524318,0.20284697508896798,0.017793594306049824,0.05931198102016608,0.013048635824436536,0.06880189798339265,0.013048635824436536,0.08066429418742586,0.15895610913404506,0.166073546856465,0.0035587188612099642,0.05575326215895611
0.09570957095709572,0.041804180418041806,0.009900990099009901,0.0242024202420242,0.013201320132013201,0.1925192519251925,0.0176017601760176,0.0671067106710671,0.014301430143014302,0.0748074807480748,0.013201320132013201,0.08690869086908691,0.15291529152915292,0.1573157315731573,0.006600660066006601,0.0319031903190319
0.08805668016194332,0.038461538461538464,0.019230769230769232,0.032388663967611336,0.011133603238866396,0.16902834008097167,0.018218623481781375,0.06983805668016195,0.016194331983805668,0.08198380566801619,0.010121457489878543,0.09817813765182186,0.1548582995951417,0.14473684210526316,0.013157894736842105,0.03441295546558704
0.09262759924385633,0.035916824196597356,0.011342155009451797,0.04253308128544423,0.01606805293005671,0.15973534971644612,0.015122873345935728,0.07277882797731569,0.011342155009451797,0.09546313799621928,0.010396975425330813,0.09924385633270322,0.16540642722117202,0.1219281663516068,0.01606805293005671,0.034026465028355386
0.08136482939632546,0.03412073490813648,0.014873140857392825,0.04461942257217848,0.013123359580052493,0.15660542432195976,0.007874015748031496,0.07699037620297462,0.014873140857392825,0.08836395450568679,0.010498687664041995,0.09886264216972879,0.18110236220472442,0.13035870516185477,0.014873140857392825,0.031496062992125984
0.08491343775762572,0.030502885408079144,0.010717230008244023,0.046166529266281946,0.01236603462489695,0.1549876339653751,0.00989282769991756,0.07337180544105523,0.015663643858202802,0.0898598516075845,0.009068425391591096,0.10140148392415499,0.190436933223413,0.1170651277823578,0.013190436933223413,0.0403957131079967
0.08108108108108109,0.030206677265500796,0.017488076311605722,0.04451510333863275,0.017488076311605722,0.14149443561208266,0.016693163751987282,0.07313195548489666,0.01987281399046105,0.09618441971383147,0.008744038155802861,0.0985691573926868,0.1820349761526232,0.11605723370429252,0.012718600953895072,0.04372019077901431
0.08092056421677803,0.028953229398663696,0.016332590942835932,0.04825538233110616,0.014105419450631032,0.1321455085374907,0.010393466963622866,0.07126948775055679,0.0200445434298441,0.10541945063103192,0.010393466963622866,0.09502598366740905,0.18930957683741648,0.11952487008166296,0.016332590942835932,0.041573867854491464
0.07862068965517241,0.03103448275862069,0.02,0.06344827586206897,0.02620689655172414,0.13448275862068965,0.005517241379310344,0.05931034482758621,0.016551724137931035,0.09862068965517241,0.012413793103448275,0.09379310344827586,0.19655172413793104,0.10551724137931034,0.011034482758620689,0.04689655172413793
0.07232084155161078,0.03418803418803419,0.020381328073635765,0.0670611439842209,0.023668639053254437,0.13609467455621302,0.005259697567389875,0.0611439842209073,0.020381328073635765,0.09664694280078895,0.0046022353714661405,0.09401709401709402,0.20710059171597633,0.09598948060486522,0.015121630506245891,0.04602235371466141
0.07333747669359851,0.031696706028589185,0.022374145431945307,0.061528899937849595,0.018023617153511497,0.12802983219390926,0.00870105655686762,0.06960845245494096,0.01678060907395898,0.09633312616532007,0.006836544437538844,0.10006215040397763,0.21504039776258546,0.09509011808576756,0.01305158483530143,0.0435052827843381
0.07402912621359223,0.03216019417475728,0.02063106796116505,0.058859223300970875,0.01699029126213592,0.11407766990291263,0.007888349514563107,0.07099514563106796,0.020024271844660196,0.10133495145631068,0.006067961165048544,0.1049757281553398,0.21359223300970873,0.10376213592233009,0.00849514563106796,0.04611650485436893
0.07009063444108761,0.025377643504531724,0.02054380664652568,0.0634441087613293,0.013293051359516616,0.11238670694864049,0.006042296072507553,0.0688821752265861,0.01812688821752266,0.10996978851963746,0.0036253776435045317,0.10030211480362537,0.22598187311178247,0.10211480362537764,0.009667673716012085,0.050151057401812686
0.0716365754222481,0.029120559114735003,0.014560279557367502,0.0681421083284799,0.0168899242865463,0.11706464764123471,0.0052417006406523005,0.06231799650553291,0.022714036109493303,0.11415259172976121,0.0064065230052417,0.09609784507862551,0.22714036109493302,0.09143855562026791,0.008153756552125802,0.0489225393127548
0.07090187180941576,0.024957458876914352,0.01191151446398185,0.07770845150311968,0.019285309132161088,0.10833806012478729,0.005104934770277935,0.05955757231990925,0.01588201928530913,0.11003970504821327,0.008508224617129892,0.10153148043108338,0.23312535450935903,0.09359047078842882,0.01020986954055587,0.049347702779353374
0.07394766780432309,0.026166097838452786,0.013651877133105802,0.07963594994311718,0.019340159271899887,0.10295790671217292,0.007963594994311717,0.06598407281001138,0.015358361774744027,0.09954493742889647,0.007963594994311717,0.0949943117178612,0.24971558589306028,0.08361774744027303,0.009670079635949944,0.04948805460750853
0.07261640798226164,0.025498891352549888,0.014966740576496674,0.08259423503325942,0.01607538802660754,0.10643015521064302,0.007206208425720621,0.06762749445676275,0.017184035476718405,0.0958980044345898,0.007760532150776054,0.09645232815964523,0.2522172949002217,0.07150776053215077,0.011086474501108648,0.054878048780487805
0.07940854326396495,0.023548740416210297,0.013143483023001095,0.0832420591456736,0.016976998904709748,0.10952902519167579,0.002738225629791895,0.07228915662650602,0.011500547645125958,0.0963855421686747,0.009857612267250822,0.08817086527929902,0.26506024096385544,0.06571741511500548,0.01095290251916758,0.05147864184008762
0.08227498619547212,0.018774157923799006,0.013804527885146328,0.08061844284925455,0.018774157923799006,0.10988404196576478,0.004417448923246825,0.06957482054113749,0.015461071231363888,0.09276642738818332,0.009387078961899503,0.08227498619547212,0.27167310877967976,0.06570955273329653,0.009939260077305357,0.054665930425179456
0.09244154431756389,0.014138118542686243,0.011419249592169658,0.07775965198477433,0.01794453507340946,0.10440456769983687,0.0065252854812398045,0.07612833061446438,0.015769439912996192,0.10005437737901034,0.005437737901033171,0.07775965198477433,0.28276237085372485,0.05872756933115824,0.009787928221859706,0.048939641109298535
0.10066006600660066,0.010451045104510451,0.014301430143014302,0.08030803080308031,0.019801980198019802,0.10506050605060506,0.0049504950495049506,0.07315731573157316,0.02035203520352035,0.08800880088008801,0.007150715071507151,0.07590759075907591,0.2761276127612761,0.058305830583058306,0.01155115511551155,0.0539053905390539
0.0945273631840796,0.008844665561083471,0.014925373134328358,0.08291873963515754,0.01990049751243781,0.10503040353786622,0.006633499170812604,0.07462686567164178,0.01990049751243781,0.07960199004975124,0.010503040353786623,0.0685461580983969,0.28579325594250965,0.056937534549474846,0.01105583195135434,0.06025428413488115
0.09900442477876106,0.014380530973451327,0.011615044247787611,0.08517699115044247,0.01825221238938053,0.09623893805309734,0.008296460176991151,0.06692477876106195,0.01991150442477876,0.08130530973451328,0.00663716814159292,0.06913716814159292,0.29701327433628316,0.056969026548672565,0.00995575221238938,0.05918141592920354
0.0953929539295393,0.013550135501355014,0.008130081300813009,0.07750677506775068,0.01951219512195122,0.0981029810298103,0.011382113821138212,0.06775067750677506,0.017344173441734417,0.07262872628726287,0.010298102981029811,0.07859078590785908,0.3024390243902439,0.05094850948509485,0.00921409214092141,0.06720867208672086
0.09804983748645721,0.010834236186348862,0.009750812567713976,0.08234019501625135,0.021668472372697724,0.09100758396533044,0.009209100758396533,0.0590465872156013,0.018418201516793065,0.06825568797399784,0.011917659804983749,0.07150595882990249,0.31473456121343446,0.050920910075839654,0.011917659804983749,0.07042253521126761
0.09907958852192746,0.011911207363291824,0.009204114780725501,0.0844612885760693,0.021115322144017325,0.08879263670817542,0.01136978884677856,0.05955603681645912,0.020032485110990796,0.07309149972929074,0.012994044396318355,0.05955603681645912,0.3134813210611803,0.055224688684353006,0.009745533297238766,0.07038440714672442
0.09852216748768473,0.013683634373289545,0.013136288998357963,0.09414340448823208,0.015873015873015872,0.0815544608648057,0.00875752599890531,0.060207991242474,0.018609742747673783,0.0722495894909688,0.009304871373836891,0.05856595511767926,0.3158182813355227,0.05692391899288451,0.009304871373836891,0.07334428024083196
0.09658166033640803,0.01410743353228432,0.01465002712967987,0.09115572436245252,0.017905588714053174,0.08518719479110147,0.008138903960933261,0.05751492132392838,0.02333152468800868,0.0716223548562127,0.009224091155724362,0.06348345089527943,0.326098752034726,0.050461204557786216,0.009766684753119913,0.060770482908301685
0.0889487870619946,0.016711590296495958,0.009164420485175202,0.09811320754716982,0.013477088948787063,0.09002695417789758,0.008086253369272238,0.050673854447439354,0.0215633423180593,0.0738544474393531,0.007547169811320755,0.05876010781671159,0.34285714285714286,0.05013477088948787,0.010242587601078167,0.05983827493261455
0.0890557939914163,0.01984978540772532,0.011266094420600859,0.10085836909871244,0.013948497854077254,0.08369098712446352,0.0101931330472103,0.04345493562231759,0.017167381974248927,0.06974248927038626,0.009120171673819743,0.05633047210300429,0.35675965665236054,0.045064377682403435,0.005901287553648069,0.06759656652360516
0.09500542888165038,0.02008686210640608,0.008143322475570033,0.0982627578718784,0.01248642779587405,0.08631921824104234,0.005971769815418024,0.04017372421281216,0.014115092290988056,0.06840390879478828,0.008143322475570033,0.06188925081433225,0.36427795874049945,0.04777415852334419,0.004885993485342019,0.06406080347448426
0.10152838427947598,0.02019650655021834,0.008187772925764192,0.10043668122270742,0.012554585152838428,0.07914847161572053,0.013646288209606987,0.04312227074235808,0.012008733624454149,0.06604803493449782,0.012554585152838428,0.0611353711790393,0.3509825327510917,0.047489082969432314,0.0054585152838427945,0.06550218340611354
0.10144927536231885,0.017176596886741814,0.008051529790660225,0.09608158883521202,0.01610305958132045,0.0853462157809984,0.00912506709608159,0.04294149221685454,0.011808910359634998,0.06387546967257113,0.007514761137949544,0.05958132045088567,0.36231884057971014,0.04616210413311862,0.008051529790660225,0.0644122383252818
0.10637149028077754,0.014038876889848811,0.010259179265658747,0.10205183585313175,0.01565874730021598,0.08531317494600432,0.011339092872570195,0.04373650107991361,0.014578833693304536,0.0550755939524838,0.00755939524838013,0.0642548596112311,0.3461123110151188,0.047516198704103674,0.0091792656587473,0.06695464362850972
0.10448577680525165,0.019693654266958426,0.007658643326039387,0.11269146608315099,0.022428884026258207,0.07822757111597374,0.010393873085339168,0.04212253829321663,0.01586433260393873,0.05470459518599562,0.005470459518599562,0.05798687089715536,0.3550328227571116,0.04923413566739606,0.007111597374179431,0.05689277899343545
0.09978540772532189,0.016094420600858368,0.009656652360515022,0.10568669527896996,0.02092274678111588,0.07671673819742489,0.008583690987124463,0.04560085836909871,0.016094420600858368,0.05954935622317597,0.00536480686695279,0.06169527896995708,0.36373390557939916,0.05525751072961373,0.004828326180257511,0.05042918454935622
0.10789049919484701,0.00912506709608159,0.011808910359634998,0.0998389694041868,0.017713365539452495,0.07568438003220612,0.00966183574879227,0.04294149221685454,0.016639828234031134,0.0644122383252818,0.00644122383252818,0.061191626409017714,0.36553945249597425,0.05206655931293613,0.005904455179817499,0.05314009661835749
0.1131367292225201,0.011260053619302948,0.011796246648793566,0.09222520107238606,0.0160857908847185,0.0707774798927614,0.010723860589812333,0.04718498659517426,0.017158176943699734,0.06970509383378017,0.008579088471849867,0.051474530831099194,0.3710455764075067,0.054691689008042894,0.008579088471849867,0.045576407506702415
0.125,0.007543103448275862,0.009698275862068966,0.09213362068965517,0.016163793103448277,0.0625,0.009159482758620689,0.047952586206896554,0.018318965517241378,0.07489224137931035,0.007543103448275862,0.057112068965517244,0.3733836206896552,0.04633620689655173,0.008081896551724138,0.04418103448275862
0.1301034295046271,0.008165487207403375,0.012520413718018509,0.09471965160587915,0.0130647795318454,0.05770277626565052,0.00979858464888405,0.03756124115405553,0.015786608600979857,0.06477953184540011,0.008709853021230268,0.054980947196516056,0.3924877517691889,0.0457267283614589,0.007076755579749592,0.046815459989112684
0.1242635243706481,0.011783610069630423,0.012854847348687734,0.08355650776647028,0.010712372790573112,0.05731119442956615,0.010712372790573112,0.040707016604177824,0.018746652383502947,0.0664167113015533,0.004284949116229245,0.05249062667380825,0.3963577932512051,0.0578468130690948,0.007498660953401178,0.044456347080878415
0.1254711900915455,0.015616585891222402,0.011847065158858373,0.08669897684437264,0.015078082929456112,0.05546580506192784,0.014001077005923533,0.04792676359719979,0.01723209477652127,0.06731287022078622,0.009154550350026925,0.045234248788368334,0.38449111470113084,0.050080775444264945,0.008077544426494346,0.046311254711900916
0.12899728997289972,0.011924119241192412,0.011924119241192412,0.08346883468834689,0.015176151761517615,0.05257452574525745,0.01788617886178862,0.04986449864498645,0.015718157181571817,0.05853658536585366,0.00921409214092141,0.04390243902439024,0.3951219512195122,0.04986449864498645,0.00975609756097561,0.04607046070460705
0.13826891671203048,0.010342950462710943,0.00979858464888405,0.08056614044637997,0.011976047904191617,0.04735982580293958,0.017964071856287425,0.050081654872074034,0.017419706042460535,0.0522591181273816,0.00979858464888405,0.03592814371257485,0.40772999455634185,0.050081654872074034,0.009254218835057159,0.05117038649972782
0.13354700854700854,0.01014957264957265,0.013354700854700854,0.07585470085470085,0.017094017094017096,0.049679487179487176,0.014957264957264958,0.042735042735042736,0.019230769230769232,0.05555555555555555,0.012286324786324786,0.03952991452991453,0.41773504273504275,0.0438034188034188,0.006944444444444444,0.04754273504273504
0.14233193277310924,0.01050420168067227,0.011029411764705883,0.0819327731092437,0.01523109243697479,0.04779411764705882,0.011029411764705883,0.04201680672268908,0.019432773109243698,0.04884453781512605,0.007878151260504201,0.0430672268907563,0.4217436974789916,0.0467436974789916,0.007352941176470588,0.0430672268907563
0.1377497371188223,0.009989484752891693,0.011566771819137749,0.0904311251314406,0.013144058885383806,0.046267087276550996,0.012618296529968454,0.03785488958990536,0.016824395373291272,0.04784437434279706,0.00946372239747634,0.05099894847528917,0.4242902208201893,0.04679284963196635,0.006309148264984227,0.03785488958990536
0.14582224587546566,0.010111761575306013,0.009579563597658328,0.08674827035657265,0.015433741351782864,0.04417243214475785,0.010643959552953698,0.03512506652474721,0.016498137307078234,0.0494944119212347,0.011176157530601383,0.045769026077700906,0.4257583821181479,0.05375199574241618,0.0031931878658861094,0.036721660457690264
0.15197889182058047,0.010554089709762533,0.0079155672823219,0.0812664907651715,0.0158311345646438,0.04538258575197889,0.01108179419525066,0.03218997361477573,0.015303430079155673,0.04907651715039578,0.00949868073878628,0.04854881266490765,0.42796833773087073,0.047493403693931395,0.0036939313984168864,0.04221635883905013
0.1627172195892575,0.011058451816745656,0.00737230121116377,0.08004212743549237,0.012111637704054766,0.04476040021063718,0.010005265929436546,0.03475513428120063,0.012111637704054766,0.05107951553449184,0.010005265929436546,0.045813586097946286,0.42548709847288047,0.04634017904160084,0.006845708267509215,0.03949447077409163
0.16266666666666665,0.011733333333333333,0.0112,0.06933333333333333,0.010133333333333333,0.046933333333333334,0.008533333333333334,0.0336,0.015466666666666667,0.04,0.012266666666666667,0.04426666666666667,0.4341333333333333,0.04853333333333333,0.0064,0.0448
0.1651619755708975,0.010621348911311737,0.008497079129049389,0.07169410515135423,0.013276686139139671,0.050982474774296335,0.007434944237918215,0.03345724907063197,0.015932023366967606,0.04142326075411577,0.009559214020180564,0.04514073287307488,0.4291024960169942,0.04354753053637812,0.009559214020180564,0.04460966542750929
0.16106666666666666,0.016,0.008,0.07573333333333333,0.014933333333333333,0.0432,0.005866666666666667,0.030933333333333334,0.016533333333333334,0.042666666666666665,0.0096,0.042133333333333335,0.432,0.05173333333333333,0.0064,0.0432
0.1590068674062335,0.012678288431061807,0.012150026413100899,0.07712625462229265,0.017432646592709985,0.039619651347068144,0.008980454305335447,0.035393555203380875,0.01901743264659271,0.042789223454833596,0.007395668251452721,0.04226096143687269,0.4152139461172742,0.05969360802958267,0.007395668251452721,0.04384574749075541
0.1633085896076352,0.012195121951219513,0.010604453870625663,0.08006362672322376,0.012725344644750796,0.042417815482502653,0.008483563096500531,0.02863202545068929,0.014316012725344645,0.041357370095440084,0.007423117709437964,0.045068928950159064,0.43160127253446445,0.04984093319194061,0.004772004241781549,0.047189819724284196
0.17300482056775576,0.0096411355115158,0.011247991430101767,0.07659346545259775,0.01821103374397429,0.04284949116229245,0.007498660953401178,0.028387787895018748,0.016068559185859668,0.04177825388323514,0.00856989823245849,0.04231387252276379,0.42635243706480985,0.04874129619710766,0.006427423674343867,0.04231387252276379
0.1684867394695788,0.0109204368174727,0.0124804992199688,0.078003120124805,0.018200728029121163,0.0421216848673947,0.0078003120124804995,0.03016120644825793,0.01612064482579303,0.039521580863234526,0.0078003120124804995,0.039521580863234526,0.43473738949557983,0.0421216848673947,0.0062402496099844,0.045761830473218926
0.1719645648775404,0.013027618551328817,0.014069828035435123,0.07347576862949452,0.01615424700364773,0.041688379364252216,0.007295466388744137,0.0286607608129234,0.011464304325169358,0.042209484106305366,0.007295466388744137,0.039603960396039604,0.44762897342365815,0.04325169359041167,0.001563314226159458,0.04064616988014591
0.17077003666841278,0.013619696176008382,0.00995285489785228,0.07228915662650602,0.017286537454164485,0.044525929806181246,0.008381351492928235,0.028287061288632794,0.012572027239392353,0.045573598742797275,0.006286013619696176,0.043478260869565216,0.4405447878470403,0.03823991618648507,0.006809848088004191,0.04138292299633316
0.162375197057278,0.017341040462427744,0.01208617971623752,0.07724645296899632,0.013137151865475564,0.03888596952180767,0.006305832895428271,0.026799789805570153,0.011560693641618497,0.040987913820283765,0.009984235417761429,0.047293746715712036,0.4435102469784551,0.043615344193378876,0.005780346820809248,0.04308985811875985
0.15875527426160338,0.014240506329113924,0.010548523206751054,0.0759493670886076,0.012658227848101266,0.03639240506329114,0.006856540084388186,0.02109704641350211,0.01740506329113924,0.03955696202531646,0.010548523206751054,0.05010548523206751,0.45358649789029537,0.04272151898734177,0.007911392405063292,0.041666666666666664
0.1641949152542373,0.012711864406779662,0.010063559322033898,0.07733050847457627,0.012182203389830509,0.03548728813559322,0.006885593220338983,0.02489406779661017,0.011122881355932203,0.04025423728813559,0.01059322033898305,0.04608050847457627,0.454978813559322,0.04449152542372881,0.005826271186440678,0.04290254237288135
0.16472457627118645,0.011652542372881356,0.007415254237288136,0.07997881355932203,0.01641949152542373,0.0413135593220339,0.005826271186440678,0.025953389830508475,0.014300847457627119,0.04078389830508475,0.009533898305084746,0.04766949152542373,0.4385593220338983,0.04766949152542373,0.004766949152542373,0.04343220338983051
0.17037037037037037,0.010582010582010581,0.003703703703703704,0.07037037037037037,0.018518518518518517,0.0380952380952381,0.004232804232804233,0.0291005291005291,0.01164021164021164,0.031746031746031744,0.007936507936507936,0.04814814814814815,0.4534391534391534,0.05185185185185185,0.007407407407407408,0.04285714285714286
0.16780283167278448,0.013109596224436287,0.008390141583639224,0.07393812270582066,0.011536444677503933,0.04457262716308338,0.006292606187729418,0.02464604090194022,0.013633980073413739,0.032511798636601995,0.008390141583639224,0.050340849501835344,0.44992134242265336,0.04876769795490299,0.007865757734661772,0.03828002097535396
0.1723774380600949,0.014760147601476014,0.00790722192936215,0.07116499736425935,0.0158144438587243,0.04428044280442804,0.010542962572482868,0.02688455455983131,0.01107011070110701,0.035318924617817604,0.006852925672113864,0.04902477596204533,0.4422772799156563,0.04533473906167633,0.007380073800738007,0.03900896151818661
0.17212688507540302,0.011440457618304731,0.008320332813312533,0.07852314092563703,0.011960478419136765,0.0483619344773791,0.008320332813312533,0.029121164846593862,0.011440457618304731,0.044201768070722826,0.006760270410816433,0.045761830473218926,0.43525741029641185,0.0421216848673947,0.0046801872074883,0.04160166406656266
0.17180156657963447,0.00835509138381201,0.00835509138381201,0.0793733681462141,0.010443864229765013,0.045953002610966055,0.005221932114882507,0.029242819843342035,0.009921671018276762,0.04490861618798955,0.005744125326370757,0.04699738903394256,0.44177545691906006,0.0412532637075718,0.009399477806788513,0.0412532637075718
0.17591623036649215,0.01099476439790576,0.0062827225130890054,0.07958115183246073,0.013089005235602094,0.041361256544502616,0.0062827225130890054,0.03507853403141361,0.009947643979057591,0.04502617801047121,0.008376963350785341,0.04712041884816754,0.431413612565445,0.03926701570680628,0.0062827225130890054,0.04397905759162304
0.1796875,0.008854166666666666,0.0078125,0.0828125,0.015104166666666667,0.0421875,0.007291666666666667,0.0359375,0.0125,0.04375,0.008333333333333333,0.05,0.4171875,0.04114583333333333,0.005208333333333333,0.0421875
0.17851500789889416,0.006845708267509215,0.009478672985781991,0.08530805687203792,0.018957345971563982,0.032122169562927856,0.006845708267509215,0.038441284886782515,0.009478672985781991,0.04844655081621906,0.010531858873091101,0.047919957872564506,0.4228541337546077,0.036334913112164295,0.004739336492890996,0.04318062137967351
0.17709437963944857,0.008483563096500531,0.01166489925768823,0.08854718981972429,0.013785790031813362,0.030752916224814422,0.009013785790031814,0.04029692470837752,0.014846235418875928,0.0503711558854719,0.01007423117709438,0.039766702014846236,0.4247083775185578,0.03340402969247084,0.006892895015906681,0.04029692470837752
0.17511761630946157,0.010454783063251438,0.007318348144276007,0.08625196027182436,0.012023000522739153,0.03450078410872975,0.00836382645060115,0.03972817564035546,0.021432305279665446,0.05175117616309462,0.007318348144276007,0.04181913225300575,0.41714584422373235,0.035023523261892314,0.007318348144276007,0.04443282801881861
0.1744125326370757,0.013577023498694517,0.00835509138381201,0.0804177545691906,0.011488250652741514,0.029242819843342035,0.007832898172323759,0.04073107049608355,0.01723237597911227,0.04543080939947781,0.010443864229765013,0.04177545691906005,0.42297650130548303,0.04073107049608355,0.006788511749347258,0.04856396866840731
0.17578947368421052,0.01263157894736842,0.007894736842105263,0.07789473684210527,0.00631578947368421,0.034736842105263156,0.006842105263157895,0.049473684210526316,0.017894736842105262,0.045263157894736845,0.009473684210526316,0.042105263157894736,0.4131578947368421,0.0431578947368421,0.00631578947368421,0.05105263157894737
0.16710457172884918,0.010509721492380452,0.008933263268523384,0.0788229111928534,0.012611665790856543,0.03783499737256963,0.006305832895428271,0.047293746715712036,0.01418812401471361,0.0441408302679979,0.008407777193904361,0.039936941671045716,0.4256437204414083,0.04571728849185497,0.004729374671571204,0.047819232790331054
0.1731578947368421,0.012105263157894737,0.010526315789473684,0.07736842105263157,0.014736842105263158,0.034736842105263156,0.004736842105263158,0.045789473684210526,0.014210526315789474,0.037894736842105266,0.010526315789473684,0.03736842105263158,0.4305263157894737,0.04052631578947368,0.005789473684210527,0.05
0.17320774463631605,0.011512297226582941,0.009419152276295133,0.08686551543694401,0.012035583464154892,0.032443746729461015,0.0057561486132914706,0.04552590266875981,0.013605442176870748,0.03663003663003663,0.012035583464154892,0.03506017791732077,0.42700156985871274,0.04081632653061224,0.0057561486132914706,0.052328623757195186
0.1862796833773087,0.010554089709762533,0.008443271767810026,0.08548812664907651,0.013720316622691292,0.03218997361477573,0.002638522427440633,0.04116094986807388,0.01424802110817942,0.03324538258575198,0.012664907651715039,0.0395778364116095,0.42269129287598944,0.042744063324538256,0.008443271767810026,0.04591029023746702
0.18647649234020075,0.014791336502905442,0.00792393026941363,0.08769149498151083,0.016376122556788168,0.03169572107765452,0.004754358161648178,0.03486529318541997,0.012150026413100899,0.03433703116745906,0.012678288431061807,0.03803486529318542,0.42102482831484417,0.03856312731114633,0.00792393026941363,0.05071315372424723
0.1865203761755486,0.018286311389759665,0.008881922675026124,0.07471264367816093,0.015151515151515152,0.029258098223615466,0.008359456635318705,0.038662486938349006,0.009404388714733543,0.03396029258098224,0.0109717868338558,0.03709508881922675,0.43260188087774293,0.03605015673981191,0.006792058516196447,0.05329153605015674
0.18518518518518517,0.013888888888888888,0.0102880658436214,0.07510288065843622,0.011831275720164609,0.02726337448559671,0.00977366255144033,0.045781893004115226,0.00977366255144033,0.03292181069958848,0.00823045267489712,0.038580246913580245,0.43106995884773663,0.03755144032921811,0.009259259259259259,0.053497942386831275
0.19192964304190377,0.015002586652871184,0.013450594930160372,0.07501293326435593,0.010346611484738748,0.02793585100879462,0.008277289187790998,0.04035178479048112,0.012933264355923435,0.03776513191929643,0.004138644593895499,0.03621314019658562,0.4330056906363166,0.0346611484738748,0.006725297465080186,0.05225038799793068
0.18838304552590268,0.018315018315018316,0.013082155939298797,0.07430664573521717,0.009419152276295133,0.03453689167974882,0.0057561486132914706,0.040293040293040296,0.01098901098901099,0.04081632653061224,0.006279434850863423,0.03924646781789639,0.42804814233385663,0.034013605442176874,0.00837257980115123,0.04814233385661957
0.18286915396741987,0.016815554387808723,0.01208617971623752,0.0767209668943773,0.012611665790856543,0.039936941671045716,0.006831318970047294,0.03415659485023647,0.013137151865475564,0.039936941671045716,0.006305832895428271,0.03888596952180767,0.42406726221755126,0.039936941671045716,0.008407777193904361,0.047293746715712036
0.1976558337773042,0.018646776771443795,0.014917421417155035,0.07085775173148641,0.010655301012253596,0.03995737879595099,0.008524240809802876,0.03143313798614811,0.013319126265316995,0.03143313798614811,0.005860415556739478,0.03729355354288759,0.417687799680341,0.041022908897176344,0.010122535961640916,0.05061267980820458
0.2018977332630469,0.017923036373220874,0.015287295730100159,0.0680021085925145,0.010542962572482868,0.03637322087506589,0.008961518186610437,0.03373748023194518,0.014232999472851872,0.03900896151818661,0.007380073800738007,0.037954665260938325,0.415392725355825,0.04059040590405904,0.010015814443858724,0.042698998418555616
0.19189765458422176,0.01652452025586354,0.015458422174840085,0.07196162046908315,0.010127931769722815,0.03091684434968017,0.010127931769722815,0.03251599147121535,0.014925373134328358,0.03411513859275053,0.005330490405117271,0.042643923240938165,0.42803837953091683,0.03891257995735608,0.011727078891257996,0.04477611940298507
0.18394471026049974,0.01701222753854333,0.007974481658692184,0.06964380648591174,0.009037745879851143,0.03455608718766613,0.014354066985645933,0.03668261562998405,0.014885699096225412,0.03668261562998405,0.002126528442317916,0.04784688995215311,0.4375332270069112,0.03934077618288145,0.007974481658692184,0.04040404040404041
0.17659462308908802,0.018977332630469163,0.0063257775434897206,0.06431207169214549,0.010015814443858724,0.032156035846072746,0.01686874011597259,0.037954665260938325,0.01686874011597259,0.032156035846072746,0.005798629414865577,0.04691618344754876,0.44280442804428044,0.03742751713231418,0.008961518186610437,0.045861887190300474
0.18852894317578334,0.016994158258098777,0.007434944237918215,0.06585236325013277,0.010621348911311737,0.030801911842804036,0.010621348911311737,0.033988316516197555,0.016994158258098777,0.03505045140732873,0.004248539564524694,0.048858204992033985,0.443441317047265,0.038767923526287836,0.006903876792352629,0.040892193308550186
0.1877637130801688,0.015822784810126583,0.013713080168776372,0.06223628691983123,0.007911392405063292,0.03481012658227848,0.010021097046413503,0.0379746835443038,0.016877637130801686,0.03270042194092827,0.005274261603375527,0.04113924050632911,0.4462025316455696,0.03639240506329114,0.007383966244725738,0.04377637130801688
0.1890179514255544,0.013727560718057022,0.012143611404435059,0.06388595564941922,0.011087645195353749,0.036430834213305174,0.00897571277719113,0.03590285110876452,0.019535374868004225,0.03009503695881732,0.0031678986272439284,0.044350580781414996,0.44931362196409713,0.03484688489968321,0.004751847940865892,0.04276663146779303
0.19370078740157481,0.009448818897637795,0.012073490813648294,0.06141732283464567,0.013648293963254593,0.032020997375328084,0.01627296587926509,0.03727034120734908,0.01784776902887139,0.032020997375328084,0.004199475065616798,0.04566929133858268,0.4414698162729659,0.03569553805774278,0.007349081364829396,0.03989501312335958
0.19109947643979058,0.008900523560209424,0.011518324607329843,0.07329842931937172,0.012565445026178011,0.0387434554973822,0.013089005235602094,0.041361256544502616,0.014659685863874346,0.033507853403141365,0.004712041884816754,0.03926701570680628,0.43089005235602096,0.03455497382198953,0.008900523560209424,0.04293193717277487
0.18883672404799165,0.008868022952529996,0.011476264997391758,0.07616066770996348,0.011997913406364111,0.038601982263954095,0.0036515388628064684,0.04329681794470527,0.01617110067814293,0.037037037037037035,0.004694835680751174,0.03599374021909233,0.4329681794470527,0.04121022430881586,0.005216484089723527,0.04381846635367762
0.19190871369294607,0.013485477178423237,0.011410788381742738,0.06950207468879668,0.015560165975103735,0.03993775933609958,0.007780082987551867,0.04045643153526971,0.014522821576763486,0.03993775933609958,0.00466804979253112,0.038381742738589214,0.4133817427385892,0.043568464730290454,0.006224066390041493,0.049273858921161824
0.1863157894736842,0.018421052631578946,0.012105263157894737,0.07210526315789474,0.01368421052631579,0.03894736842105263,0.008947368421052631,0.038421052631578946,0.011578947368421053,0.04263157894736842,0.010526315789473684,0.03315789473684211,0.41947368421052633,0.04,0.004210526315789474,0.049473684210526316
0.1842241826673586,0.013492475350285417,0.009859885832900882,0.07524649714582252,0.01660612350804359,0.03476907109496627,0.009859885832900882,0.03943954333160353,0.010378827192527244,0.04151530877010898,0.006227296315516347,0.038401660612350806,0.4151530877010898,0.043072132848988066,0.007784120394395433,0.05396990140114167
0.17859007832898172,0.009399477806788513,0.00835509138381201,0.06945169712793733,0.01618798955613577,0.03759791122715405,0.009921671018276762,0.042819843342036555,0.01618798955613577,0.04177545691906005,0.005744125326370757,0.045953002610966055,0.40783289817232377,0.04856396866840731,0.009921671018276762,0.051697127937336815
0.1797872340425532,0.006914893617021276,0.01223404255319149,0.06329787234042553,0.015957446808510637,0.0398936170212766,0.009042553191489361,0.03776595744680851,0.014361702127659574,0.043617021276595745,0.009042553191489361,0.038829787234042554,0.4207446808510638,0.05319148936170213,0.007446808510638298,0.047872340425531915
0.18518518518518517,0.010052910052910053,0.01216931216931217,0.059788359788359786,0.021693121693121695,0.03756613756613757,0.010052910052910053,0.032275132275132276,0.013227513227513227,0.039153439153439155,0.008994708994708995,0.0380952380952381,0.42804232804232806,0.051322751322751325,0.004761904761904762,0.047619047619047616
0.17145899893503727,0.010117145899893504,0.013844515441959531,0.058572949946751864,0.021299254526091587,0.038338658146964855,0.006389776357827476,0.0308839190628328,0.0154419595314164,0.046858359957401494,0.008519701810436636,0.036741214057507986,0.4329073482428115,0.054313099041533544,0.004792332268370607,0.04952076677316294
0.1765633210719916,0.011035207566999475,0.011560693641618497,0.0651602732527588,0.01839201261166579,0.040987913820283765,0.004729374671571204,0.031003678402522335,0.016815554387808723,0.05202312138728324,0.007356805044666317,0.03836048344718865,0.4345769837099317,0.047293746715712036,0.004203888596952181,0.039936941671045716
0.1752470098803952,0.0093603744149766,0.009880395215808632,0.06448257930317212,0.016640665626625067,0.04160166406656266,0.0046801872074883,0.031721268850754034,0.013520540821632865,0.052002080083203325,0.0078003120124804995,0.0421216848673947,0.4342173686947478,0.053562142485699425,0.0062402496099844,0.03692147685907436
