C_R,C_A,C_S,C_N,D_R,D_A,D_S,D_N,Oc_R,Oc_A,Oc_S,Oc_N,Od_R,Od_A,Od_S,Od_N
0.0,0.0,0.0,0.0,0.0,0.0,1.0,0.0,0.0,0.0,0.0,0.0,0.0,0.0,0.0,0.0
0.0,0.0,0.0,0.0,0.0,0.0,0.5,0.0,0.0,0.0,0.5,0.0,0.0,0.0,0.0,0.0
0.0,0.0,0.0,0.0,0.0,0.0,0.5,0.5,0.0,0.0,0.0,0.0,0.0,0.0,0.0,0.0
0.0,0.0,0.0,0.0,0.0,0.0,0.4,0.4,0.0,0.0,0.2,0.0,0.0,0.0,0.0,0.0
0.0,0.0,0.0,0.0,0.0,0.0,0.3333333333333333,0.2222222222222222,0.0,0.0,0.2222222222222222,0.0,0.0,0.2222222222222222,0.0,0.0
0.0,0.0,0.0,0.0,0.0,0.0,0.16666666666666666,0.16666666666666666,0.0,0.0,0.25,0.0,0.0,0.25,0.0,0.16666666666666666
0.0,0.0,0.0,0.0,0.0,0.0,0.05555555555555555,0.2222222222222222,0.0,0.0,0.2777777777777778,0.0,0.0,0.2777777777777778,0.0,0.16666666666666666
0.0,0.0,0.0,0.0,0.043478260869565216,0.0,0.043478260869565216,0.2608695652173913,0.0,0.0,0.21739130434782608,0.0,0.0,0.21739130434782608,0.0,0.21739130434782608
0.0,0.0,0.0,0.0,0.05405405405405406,0.0,0.02702702702702703,0.3783783783783784,0.0,0.0,0.13513513513513514,0.0,0.0,0.16216216216216217,0.0,0.24324324324324326
0.0,0.0,0.0,0.0,0.05357142857142857,0.0,0.03571428571428571,0.39285714285714285,0.0,0.0,0.125,0.0,0.0,0.125,0.0,0.26785714285714285
0.0,0.0,0.0,0.011363636363636364,0.03409090909090909,0.0,0.03409090909090909,0.3977272727272727,0.0,0.0,0.10227272727272728,0.011363636363636364,0.0,0.125,0.0,0.2840909090909091
0.0,0.0,0.0,0.01639344262295082,0.02459016393442623,0.0,0.01639344262295082,0.39344262295081966,0.0,0.0,0.07377049180327869,0.03278688524590164,0.0,0.1557377049180328,0.0,0.28688524590163933
0.0,0.0,0.0,0.01948051948051948,0.025974025974025976,0.0,0.01948051948051948,0.4090909090909091,0.0,0.0,0.05194805194805195,0.05194805194805195,0.0,0.15584415584415584,0.0,0.2662337662337662
0.014492753623188406,0.004830917874396135,0.0,0.01932367149758454,0.01932367149758454,0.0,0.00966183574879227,0.3719806763285024,0.0,0.0,0.04830917874396135,0.06763285024154589,0.0,0.16908212560386474,0.0,0.2753623188405797
0.0149812734082397,0.003745318352059925,0.0,0.02247191011235955,0.0149812734082397,0.0,0.00749063670411985,0.37453183520599254,0.0,0.0,0.052434456928838954,0.07865168539325842,0.0,0.17228464419475656,0.0,0.25842696629213485
0.012195121951219513,0.009146341463414634,0.0,0.03048780487804878,0.012195121951219513,0.0,0.009146341463414634,0.3871951219512195,0.0,0.003048780487804878,0.036585365853658534,0.09451219512195122,0.0,0.17682926829268292,0.0,0.22865853658536586
0.014925373134328358,0.012437810945273632,0.0,0.029850746268656716,0.009950248756218905,0.0,0.009950248756218905,0.35572139303482586,0.0,0.007462686567164179,0.03980099502487562,0.10696517412935323,0.004975124378109453,0.19154228855721392,0.0,0.21641791044776118
0.012170385395537525,0.014198782961460446,0.0,0.034482758620689655,0.008113590263691683,0.0,0.008113590263691683,0.33874239350912777,0.002028397565922921,0.006085192697768763,0.038539553752535496,0.13387423935091278,0.006085192697768763,0.18255578093306288,0.0,0.2150101419878296
0.013157894736842105,0.019736842105263157,0.0,0.03618421052631579,0.006578947368421052,0.0,0.003289473684210526,0.32730263157894735,0.001644736842105263,0.006578947368421052,0.03618421052631579,0.13486842105263158,0.011513157894736841,0.1875,0.0,0.21546052631578946
0.01282051282051282,0.022792022792022793,0.0,0.039886039886039885,0.005698005698005698,0.0,0.002849002849002849,0.3190883190883191,0.0014245014245014246,0.009971509971509971,0.03418803418803419,0.14814814814814814,0.014245014245014245,0.1866096866096866,0.0014245014245014246,0.20085470085470086
0.010922330097087379,0.021844660194174758,0.0,0.04247572815533981,0.006067961165048544,0.0,0.0036407766990291263,0.32281553398058255,0.0012135922330097086,0.009708737864077669,0.032766990291262135,0.154126213592233,0.01699029126213592,0.1808252427184466,0.0024271844660194173,0.1941747572815534
0.01020408163265306,0.024489795918367346,0.0,0.04795918367346939,0.004081632653061225,0.0,0.003061224489795918,0.32142857142857145,0.0,0.009183673469387756,0.03469387755102041,0.15714285714285714,0.02142857142857143,0.17857142857142858,0.0020408163265306124,0.18571428571428572
0.012544802867383513,0.024193548387096774,0.0,0.05555555555555555,0.004480286738351254,0.0,0.002688172043010753,0.31451612903225806,0.0,0.011648745519713262,0.02867383512544803,0.1639784946236559,0.03225806451612903,0.1774193548387097,0.002688172043010753,0.1693548387096774
0.014913657770800628,0.02511773940345369,0.0007849293563579278,0.05886970172684458,0.004709576138147566,0.0015698587127158557,0.003924646781789639,0.29984301412872844,0.0,0.0141287284144427,0.03139717425431711,0.1664050235478807,0.03610675039246468,0.1750392464678179,0.0031397174254317113,0.1640502354788069
0.014893617021276596,0.02695035460992908,0.0014184397163120568,0.06595744680851064,0.004964539007092199,0.002127659574468085,0.0035460992907801418,0.2872340425531915,0.0,0.01702127659574468,0.032624113475177303,0.16879432624113475,0.04326241134751773,0.17801418439716313,0.002127659574468085,0.15106382978723404
0.015276893698281349,0.02673456397199236,0.0019096117122851686,0.07192870782940802,0.0076384468491406746,0.003182686187141948,0.0038192234245703373,0.2800763844684914,0.0019096117122851686,0.01718650541056652,0.031190324633991087,0.16359007001909612,0.04328453214513049,0.17377466581795034,0.003182686187141948,0.15531508593252705
0.012582384661473937,0.02756141402037148,0.0017974835230677051,0.07968843618933494,0.007189934092270821,0.004194128220491312,0.0035949670461354103,0.2720191731575794,0.0017974835230677051,0.019772318753744758,0.026363091671659677,0.16237267825044938,0.048532055122828044,0.1737567405632115,0.004793289394847214,0.15398442180946675
0.013490725126475547,0.03035413153456998,0.0022484541877459247,0.0775716694772344,0.007307476110174255,0.004496908375491849,0.0039347948285553686,0.27262507026419336,0.0016863406408094434,0.02023608768971332,0.025857223159078135,0.15851602023608768,0.048903878583473864,0.1703204047217538,0.006745362563237774,0.15570545250140527
0.012479652740097666,0.030385241454150842,0.0016277807921866521,0.08790016277807922,0.0065111231687466084,0.0037981551817688553,0.0037981551817688553,0.2588171459576777,0.0016277807921866521,0.020075963103635377,0.026587086272381984,0.15789473684210525,0.05317417254476397,0.16657623440043406,0.008138903960933261,0.16060770482908301
0.010198878123406425,0.02804691483936767,0.0025497195308516064,0.09892911779704233,0.006629270780214177,0.0035696073431922487,0.006119326874043855,0.2544620091789903,0.0030596634370219276,0.021417644059153494,0.022947475777664456,0.15553289138194798,0.05405405405405406,0.16981132075471697,0.005099439061703213,0.15757266700662928
0.01195814648729447,0.029895366218236172,0.0029895366218236174,0.10264075734927752,0.006975585450921774,0.005480817140009965,0.009466865969108122,0.2516193323368211,0.004484304932735426,0.02192326856003986,0.023418036870951668,0.14947683109118087,0.057299451918286,0.16442451420029897,0.005979073243647235,0.1519681116093672
0.012112403100775194,0.030038759689922482,0.003875968992248062,0.10465116279069768,0.007267441860465116,0.005813953488372093,0.009205426356589148,0.24757751937984496,0.005329457364341085,0.023255813953488372,0.02374031007751938,0.14437984496124032,0.059593023255813955,0.16472868217054262,0.007751937984496124,0.1506782945736434
0.01218369259606373,0.029522024367385193,0.004686035613870665,0.10402999062792877,0.00937207122774133,0.006091846298031865,0.008434864104967198,0.2408622305529522,0.005154639175257732,0.021087160262417994,0.02296157450796626,0.14901593252108716,0.06232427366447985,0.16447985004686036,0.008434864104967198,0.1513589503280225
0.01282051282051282,0.028388278388278388,0.005952380952380952,0.10851648351648352,0.009157509157509158,0.005494505494505495,0.007326007326007326,0.24221611721611722,0.006868131868131868,0.022435897435897436,0.023351648351648352,0.15247252747252749,0.061813186813186816,0.15796703296703296,0.009615384615384616,0.14560439560439561
0.014020805065581185,0.03075531433740389,0.005427408412483039,0.11533242876526459,0.009950248756218905,0.004975124378109453,0.007236544549977386,0.23609226594301222,0.007688828584350972,0.021709633649932156,0.02125734961555857,0.1519674355495251,0.06648575305291723,0.15287200361827227,0.009045680687471733,0.1451831750339213
0.013410818059901655,0.028162717925793473,0.006705409029950827,0.11712114438980778,0.008493518104604381,0.00581135449262405,0.006705409029950827,0.2400536432722396,0.008940545373267769,0.02056325435851587,0.019222172552525705,0.15020116227089853,0.06928922664282522,0.15377738042020564,0.008046490835940992,0.1434957532409477
0.012291483757682178,0.029411764705882353,0.006584723441615452,0.1189640035118525,0.00877963125548727,0.006145741878841089,0.006584723441615452,0.23617208077260754,0.007901668129938543,0.02370500438981563,0.018437225636523266,0.14705882352941177,0.06935908691834942,0.15188762071992976,0.008340649692712906,0.14837576821773485
0.01201067615658363,0.030249110320284697,0.00800711743772242,0.11610320284697509,0.009786476868327402,0.008451957295373666,0.005782918149466192,0.23798932384341637,0.007562277580071174,0.024466192170818506,0.018683274021352312,0.14412811387900357,0.0711743772241993,0.15169039145907473,0.008451957295373666,0.14546263345195729
0.013704686118479222,0.03227232537577365,0.009283819628647215,0.11582670203359859,0.010167992926613616,0.007515473032714412,0.005305039787798408,0.23253757736516356,0.008399646330680813,0.025198938992042442,0.018125552608311227,0.14367816091954022,0.07073386383731212,0.15207780725022105,0.008841732979664015,0.14633068081343945
0.014410480349344978,0.029694323144104803,0.008296943231441048,0.1205240174672489,0.010917030567685589,0.0069868995633187774,0.00611353711790393,0.22969432314410482,0.008296943231441048,0.024890829694323144,0.017903930131004366,0.14497816593886462,0.07379912663755459,0.15109170305676856,0.008296943231441048,0.14410480349344978
0.016342756183745585,0.027385159010600707,0.008392226148409895,0.11704946996466431,0.012367491166077738,0.007508833922261484,0.006183745583038869,0.23056537102473498,0.007950530035335688,0.026060070671378093,0.018551236749116608,0.13869257950530034,0.07641342756183746,0.1519434628975265,0.008392226148409895,0.14620141342756185
0.01693404634581105,0.026292335115864526,0.010249554367201427,0.11274509803921569,0.012923351158645277,0.006238859180035651,0.006238859180035651,0.22771836007130125,0.008912655971479501,0.025846702317290554,0.017825311942959002,0.14037433155080214,0.07932263814616755,0.1573083778966132,0.008021390374331552,0.14304812834224598
0.016328331862312445,0.0264783759929391,0.01059135039717564,0.11297440423654016,0.011915269196822596,0.009267431597528684,0.006619593998234775,0.22859664607237423,0.00794351279788173,0.029567519858781994,0.018534863195057368,0.14254192409532215,0.07458075904677847,0.15445719329214475,0.0088261253309797,0.1407766990291262
0.01651048639000446,0.025881302989736725,0.0107095046854083,0.1106648817492191,0.012048192771084338,0.009817045961624275,0.006247211066488175,0.23070058009817046,0.008032128514056224,0.030789825970548863,0.0178491744756805,0.142347166443552,0.07630522088353414,0.14457831325301204,0.009817045961624275,0.14770191878625613
0.017180616740088105,0.02643171806167401,0.011894273127753305,0.11145374449339207,0.01145374449339207,0.011894273127753305,0.006607929515418502,0.2365638766519824,0.007488986784140969,0.029515418502202642,0.014977973568281937,0.13612334801762113,0.0801762114537445,0.14757709251101322,0.00881057268722467,0.14185022026431718
0.017241379310344827,0.02431476569407604,0.011052166224580018,0.11007957559681697,0.013262599469496022,0.011936339522546418,0.007073386383731211,0.23430592396109637,0.007957559681697613,0.03094606542882405,0.015030946065428824,0.14014146772767463,0.08222811671087533,0.14809902740937222,0.007957559681697613,0.13837312113174183
0.01808557565063961,0.02337891486546096,0.011468901632112925,0.10719011910013233,0.012351124834583149,0.013674459638288486,0.008381120423467137,0.2368769298632554,0.008381120423467137,0.030436700485222762,0.013674459638288486,0.1415968239964711,0.08028231142479048,0.15262461402734892,0.0070577856197618,0.1345390383767093
0.01860877270713336,0.023482498892334957,0.011519716437749225,0.11165263624280018,0.011962782454585734,0.01329198050509526,0.008861320336730172,0.23438192290651308,0.007975188303057155,0.030128489144882586,0.01284891448825875,0.13557820115197164,0.08063801506424458,0.15152857775808595,0.008861320336730172,0.1386796632698272
0.019736842105263157,0.02280701754385965,0.011842105263157895,0.10789473684210527,0.011842105263157895,0.015350877192982455,0.008771929824561403,0.23464912280701755,0.007456140350877193,0.031578947368421054,0.013157894736842105,0.13728070175438598,0.07982456140350877,0.15219298245614035,0.008771929824561403,0.1368421052631579
0.021643109540636044,0.022084805653710248,0.011925795053003533,0.10644876325088339,0.013250883392226149,0.015459363957597174,0.008392226148409895,0.22968197879858657,0.007950530035335688,0.03312720848056537,0.012809187279151944,0.13825088339222616,0.07906360424028269,0.15326855123674912,0.008392226148409895,0.13825088339222616
0.021853146853146852,0.021853146853146852,0.013986013986013986,0.10795454545454546,0.012237762237762238,0.015734265734265736,0.007867132867132868,0.23076923076923078,0.006555944055944056,0.033216783216783216,0.013111888111888112,0.13898601398601398,0.07910839160839161,0.15166083916083917,0.009178321678321678,0.13592657342657344
0.02383053839364519,0.021624007060900265,0.014563106796116505,0.10503089143865843,0.009708737864077669,0.01676963812886143,0.008384819064430714,0.22727272727272727,0.008384819064430714,0.03442188879082083,0.012797881729920565,0.14254192409532215,0.07766990291262135,0.14518976169461606,0.01059135039717564,0.1412180052956752
0.025494505494505496,0.02065934065934066,0.013186813186813187,0.10637362637362638,0.01098901098901099,0.016703296703296705,0.008791208791208791,0.22637362637362637,0.007912087912087912,0.035164835164835165,0.011868131868131869,0.14241758241758243,0.07472527472527472,0.14857142857142858,0.01054945054945055,0.1402197802197802
0.023746701846965697,0.020228671943711522,0.012752858399296393,0.10642040457343888,0.011873350923482849,0.016710642040457344,0.009234828496042216,0.22823218997361477,0.007475813544415127,0.036939313984168866,0.013192612137203167,0.14335971855760773,0.07343887423043095,0.14731750219876869,0.010993843447669306,0.13808267370272648
0.02616407982261641,0.019955654101995565,0.014190687361419069,0.10509977827050998,0.011529933481152993,0.01951219512195122,0.00975609756097561,0.22261640798226165,0.008425720620842573,0.03458980044345898,0.01197339246119734,0.14368070953436807,0.07450110864745012,0.14811529933481152,0.012416851441241685,0.13747228381374724
0.025494505494505496,0.02065934065934066,0.013186813186813187,0.10725274725274725,0.011428571428571429,0.01978021978021978,0.01010989010989011,0.21626373626373627,0.011428571428571429,0.03296703296703297,0.013186813186813187,0.14285714285714285,0.07912087912087912,0.1498901098901099,0.011868131868131869,0.1345054945054945
0.026777875329236173,0.019754170324846356,0.014486391571553995,0.10491659350307288,0.01141352063213345,0.018437225636523266,0.01009657594381036,0.21817383669885865,0.012730465320456541,0.0324846356453029,0.013608428446005268,0.14749780509218613,0.07945566286215978,0.14574187884108866,0.01141352063213345,0.13301141352063214
0.025991189427312777,0.019383259911894272,0.015418502202643172,0.10969162995594714,0.01145374449339207,0.015859030837004406,0.010572687224669603,0.21497797356828194,0.01277533039647577,0.03436123348017621,0.014096916299559472,0.1458149779735683,0.0801762114537445,0.14008810572687225,0.012334801762114538,0.1370044052863436
0.026824978012313105,0.018469656992084433,0.015391380826737027,0.1090589270008795,0.012752858399296393,0.013632365875109938,0.010993843447669306,0.21899736147757257,0.013192612137203167,0.03518029903254178,0.013192612137203167,0.14511873350923482,0.08003518029903255,0.14160070360598065,0.011873350923482849,0.13368513632365875
0.03098716246126605,0.017706949977866312,0.016821602478972998,0.10978308986277113,0.013722886232846392,0.014608233731739707,0.010624169986719787,0.21779548472775564,0.01239486498450642,0.033200531208499334,0.01416555998229305,0.14519698981850376,0.07835325365205843,0.1416555998229305,0.01195219123505976,0.13103142983621072
0.029659141212926073,0.017706949977866312,0.01637892872952634,0.10579902611775122,0.013722886232846392,0.01814962372731297,0.011066843736166445,0.217352810978309,0.011509517485613104,0.03142983621071271,0.015493581230633024,0.150066401062417,0.07702523240371846,0.14342629482071714,0.011509517485613104,0.12970340858787074
0.030065359477124184,0.018736383442265796,0.016122004357298474,0.10631808278867103,0.01437908496732026,0.0196078431372549,0.01045751633986928,0.22091503267973855,0.012200435729847494,0.029193899782135078,0.01437908496732026,0.1477124183006536,0.08017429193899782,0.14161220043572983,0.010893246187363835,0.1272331154684096
0.03000882612533098,0.017210944395410415,0.0176522506619594,0.10414827890556046,0.015445719329214475,0.02206531332744925,0.010150044130626656,0.22065313327449249,0.01235657546337158,0.03177405119152692,0.01235657546337158,0.14474845542806708,0.0820829655781112,0.1381288614298323,0.011915269196822596,0.1293027360988526
0.031471631205673756,0.017287234042553192,0.018173758865248225,0.10726950354609929,0.015070921985815602,0.020833333333333332,0.008421985815602837,0.21852836879432624,0.011968085106382979,0.031471631205673756,0.012411347517730497,0.14317375886524822,0.08067375886524823,0.14095744680851063,0.01152482269503546,0.13076241134751773
0.034116083296411165,0.017279574656623838,0.017722640673460344,0.10855117412494461,0.016836508639787327,0.022153300841825433,0.00974745237040319,0.21001329198050508,0.013735046521931768,0.035002215330084185,0.011519716437749225,0.14222419140451928,0.08373947718210013,0.13735046521931768,0.011962782454585734,0.128046078865751
0.02920353982300885,0.016814159292035398,0.017256637168141593,0.1088495575221239,0.015486725663716814,0.02256637168141593,0.010619469026548672,0.20486725663716815,0.012389380530973451,0.03761061946902655,0.010619469026548672,0.14823008849557523,0.08539823008849558,0.13761061946902656,0.012831858407079646,0.12964601769911505
0.030782761653474055,0.016270888302550572,0.016710642040457344,0.10993843447669305,0.014511873350923483,0.023306948109058926,0.010554089709762533,0.20536499560246263,0.011873350923482849,0.03913808267370272,0.011433597185576077,0.14819700967458224,0.08619173262972735,0.13544415127528583,0.010993843447669306,0.12928759894459102
0.032017543859649125,0.014912280701754385,0.016228070175438595,0.11666666666666667,0.013596491228070176,0.025,0.009210526315789473,0.2100877192982456,0.010526315789473684,0.039473684210526314,0.010526315789473684,0.14210526315789473,0.0868421052631579,0.13508771929824562,0.013157894736842105,0.12456140350877193
0.0348993288590604,0.015212527964205816,0.016107382550335572,0.11588366890380314,0.014317673378076063,0.02505592841163311,0.008948545861297539,0.20626398210290828,0.011185682326621925,0.03758389261744966,0.01029082774049217,0.1458612975391499,0.08501118568232663,0.13512304250559284,0.013422818791946308,0.12483221476510067
0.035056967572304996,0.011831726555652936,0.015775635407537247,0.11744084136722173,0.013584574934268186,0.026292725679228746,0.008326029798422436,0.20508326029798424,0.011831726555652936,0.03812445223488168,0.010517090271691499,0.1441717791411043,0.08895705521472393,0.13277826468010517,0.013584574934268186,0.1266432953549518
0.035002215330084185,0.011962782454585734,0.015507310589277802,0.11475409836065574,0.01284891448825875,0.026140894993354008,0.007975188303057155,0.2108994240141781,0.010633584404076208,0.038546743464776254,0.011076650420912717,0.1484271156402304,0.09127159946832078,0.12893221089942403,0.011962782454585734,0.12405848471422241
0.0350109409190372,0.011378555798687089,0.016192560175054705,0.11291028446389496,0.01312910284463895,0.02975929978118162,0.007439824945295405,0.2074398249452954,0.010065645514223195,0.03851203501094092,0.010065645514223195,0.15185995623632384,0.08796498905908097,0.12647702407002187,0.01225382932166302,0.12954048140043764
0.03612334801762115,0.011894273127753305,0.017180616740088105,0.11585903083700441,0.011894273127753305,0.02907488986784141,0.007488986784140969,0.2013215859030837,0.010572687224669603,0.038766519823788544,0.011013215859030838,0.14977973568281938,0.0841409691629956,0.13127753303964756,0.013656387665198238,0.1299559471365639
0.03506435863293387,0.013759431868619618,0.016866400355082113,0.12117177097203728,0.011984021304926764,0.031069684864624945,0.007101642254771416,0.19485130936529071,0.01154016866400355,0.037283621837549935,0.01154016866400355,0.1513537505548158,0.08832667554371948,0.12694185530403906,0.013759431868619618,0.12738570794496226
0.04019434628975265,0.014134275618374558,0.017226148409893994,0.11925795053003534,0.012809187279151944,0.030918727915194347,0.009275618374558304,0.1894876325088339,0.01060070671378092,0.04107773851590106,0.011925795053003533,0.14708480565371024,0.08568904593639576,0.1333922261484099,0.013250883392226149,0.12367491166077739
0.039293598233995586,0.013686534216335542,0.015894039735099338,0.1205298013245033,0.0141280353200883,0.030022075055187638,0.009713024282560706,0.19249448123620308,0.011037527593818985,0.04194260485651214,0.012803532008830023,0.14657836644591613,0.08962472406181016,0.12671081677704193,0.012803532008830023,0.12273730684326711
0.042977403633141335,0.015064244572441293,0.016836508639787327,0.11918475852902083,0.014178112538768276,0.03234381922906513,0.00974745237040319,0.18653079308817014,0.011962782454585734,0.043863535666814356,0.012405848471422242,0.14443952148870182,0.08639787328311918,0.1284891448825875,0.011962782454585734,0.1236154186973859
0.04141238012205754,0.014385353095030515,0.016564952048823016,0.12249346120313863,0.013949433304272014,0.03312990409764603,0.00959023539668701,0.19224062772449868,0.012205754141238012,0.043591979075850044,0.010462074978204011,0.14603312990409764,0.08587619877942458,0.12467306015693112,0.010897994768962511,0.12249346120313863
0.03966505068312032,0.013662406346408109,0.016747465843984136,0.11546936976641692,0.014103129131776113,0.03437637725870427,0.009695901278096077,0.18951079770824153,0.013662406346408109,0.044072278536800354,0.011458792419568091,0.1494050242397532,0.09034817100044072,0.12692816218598502,0.0123402379903041,0.11855442926399296
0.04324801412180053,0.01500441306266549,0.017210944395410415,0.11032656663724624,0.01500441306266549,0.03574580759046778,0.01059135039717564,0.18887908208296558,0.013680494263018535,0.04324801412180053,0.01147396293027361,0.14386584289496912,0.0939982347749338,0.12797881729920565,0.012797881729920565,0.11694616063548102
0.042284219703574544,0.013077593722755012,0.016564952048823016,0.11203138622493461,0.015257192676547515,0.03574542284219703,0.011769834350479512,0.18700959023539668,0.013513513513513514,0.046643417611159546,0.011769834350479512,0.14777680906713164,0.0967741935483871,0.11987794245858761,0.012641673931996512,0.11726242371403661
0.0427689594356261,0.015432098765432098,0.015432098765432098,0.1111111111111111,0.01455026455026455,0.036155202821869487,0.01146384479717813,0.18915343915343916,0.014991181657848324,0.046296296296296294,0.01146384479717813,0.14417989417989419,0.09259259259259259,0.12257495590828923,0.013227513227513227,0.11860670194003527
0.041796353935082256,0.016896398399288574,0.016896398399288574,0.10804802134281903,0.015562472209871054,0.03823921742996887,0.01067140951534015,0.1889728768341485,0.014228546020453535,0.04535349044019564,0.009782125389061804,0.14050689195197866,0.09648732770120054,0.1231658514895509,0.013339261894175189,0.1200533570475767
0.040372670807453416,0.016415261756876662,0.016415261756876662,0.11446317657497782,0.014640638864241348,0.03948535936113576,0.01064773735581189,0.18899733806566105,0.013753327417923691,0.04480922803904171,0.009316770186335404,0.14285714285714285,0.09582963620230701,0.1220053238686779,0.012866015971606033,0.11712511091393078
0.044395604395604395,0.017142857142857144,0.014945054945054945,0.11120879120879121,0.015384615384615385,0.03912087912087912,0.011868131868131869,0.18769230769230769,0.013626373626373627,0.04351648351648352,0.007912087912087912,0.1432967032967033,0.09802197802197803,0.12263736263736263,0.011868131868131869,0.11736263736263736
0.046847635726795095,0.016637478108581436,0.013134851138353765,0.11208406304728546,0.01532399299474606,0.043345008756567424,0.010945709281961471,0.19001751313485113,0.013572679509632224,0.04203152364273205,0.008756567425569177,0.13704028021015763,0.09676007005253941,0.1234676007005254,0.011821366024518389,0.11821366024518389
0.04916593503072871,0.015364354697102721,0.014047410008779631,0.11237928007023705,0.013608428446005268,0.04214223002633889,0.012291483757682178,0.1874451273046532,0.014925373134328358,0.03950834064969271,0.008340649692712906,0.1417910447761194,0.09438103599648814,0.12510974539069358,0.012291483757682178,0.11720807726075505
0.04757709251101322,0.015859030837004406,0.013656387665198238,0.1171806167400881,0.013656387665198238,0.044933920704845816,0.01277533039647577,0.18634361233480176,0.015859030837004406,0.03656387665198238,0.009251101321585903,0.14185022026431718,0.0960352422907489,0.12158590308370044,0.013656387665198238,0.113215859030837
0.04925241864555849,0.0158311345646438,0.012313104661389622,0.11345646437994723,0.014511873350923483,0.04397537379067722,0.012752858399296393,0.18601583113456466,0.015391380826737027,0.03781882145998241,0.010114335971855761,0.14291996481970096,0.1011433597185576,0.12093227792436236,0.011873350923482849,0.11169744942832015
0.04764005293339215,0.016762240846934274,0.011910013233348038,0.11733568592853992,0.014997794441993825,0.04455227172474636,0.0141155712395236,0.18306131451257168,0.015438906043228937,0.04014115571239524,0.010145566828407587,0.13806793118659022,0.1027790030877812,0.12086457873842082,0.011027790030877812,0.11116012351124835
0.04449339207048458,0.016740088105726872,0.012334801762114538,0.11629955947136564,0.015418502202643172,0.04405286343612335,0.013215859030837005,0.17885462555066078,0.01629955947136564,0.039207048458149776,0.010572687224669603,0.14273127753303966,0.10176211453744494,0.12422907488986784,0.01145374449339207,0.11233480176211454
0.04589585172109444,0.018093556928508385,0.01235657546337158,0.11341571050308914,0.01500441306266549,0.04236540158870256,0.012797881729920565,0.17828773168578993,0.015445719329214475,0.03927625772285966,0.01147396293027361,0.1416593115622242,0.10194174757281553,0.12444836716681378,0.011915269196822596,0.11562224183583407
0.045210384959713516,0.01611459265890779,0.010743061772605193,0.11996418979409132,0.01521933751119069,0.04073410922112802,0.012085944494180842,0.18263205013428827,0.01611459265890779,0.04073410922112802,0.009400179051029543,0.1378692927484333,0.10608773500447627,0.11996418979409132,0.011190689346463742,0.11593554162936437
0.043555555555555556,0.016888888888888887,0.010222222222222223,0.11822222222222223,0.015111111111111112,0.037333333333333336,0.013333333333333334,0.18622222222222223,0.016888888888888887,0.043111111111111114,0.008444444444444444,0.13644444444444445,0.10977777777777778,0.11911111111111111,0.011111111111111112,0.11422222222222222
0.04575744113727232,0.016437139049311416,0.010661928031985785,0.11772545535317637,0.016881386050644157,0.037760995113282986,0.01288316303864949,0.18391825855175478,0.0173256330519769,0.043980453131941356,0.00888494002665482,0.13149711239449133,0.11550422034651266,0.1212794313638383,0.010217681030653044,0.10928476232785429
0.04458314757021846,0.017387427552385197,0.01069995541685243,0.12082032991529201,0.016049933125278644,0.03967900133749443,0.014266607222469906,0.17744092732946945,0.017387427552385197,0.04502897904592064,0.008916629514043692,0.12795363352652697,0.11056620597414177,0.12438698172090949,0.01069995541685243,0.11413285777975925
0.04873726185201595,0.017722640673460344,0.0101905183872397,0.12007089056269384,0.015064244572441293,0.03943287549844927,0.01329198050509526,0.17855560478511298,0.016836508639787327,0.04519273371732388,0.008861320336730172,0.12893221089942403,0.1129818342933097,0.1236154186973859,0.011076650420912717,0.10943730615861763
0.04946996466431095,0.018109540636042403,0.011484098939929329,0.12411660777385158,0.015901060070671377,0.037985865724381625,0.012367491166077738,0.17800353356890458,0.016342756183745585,0.04858657243816254,0.0088339222614841,0.12809187279151943,0.11174911660777385,0.12367491166077739,0.011042402826855124,0.10424028268551237
0.04946524064171123,0.018270944741532978,0.010249554367201427,0.12834224598930483,0.016042780748663103,0.03787878787878788,0.012032085561497326,0.17335115864527628,0.015597147950089126,0.049019607843137254,0.009358288770053475,0.12834224598930483,0.11319073083778966,0.11942959001782531,0.011586452762923352,0.10784313725490197
0.05198776758409786,0.019222367846221056,0.009611183923110528,0.1288772389689821,0.016601135867190912,0.03888160768894714,0.012232415902140673,0.17256443861948448,0.01703800786369594,0.04980340760157274,0.008300567933595456,0.1258191349934469,0.11009174311926606,0.12013979903888161,0.011358671909130624,0.10747051114023591
0.053196244970943225,0.019669199821189094,0.009834599910594547,0.13008493518104605,0.017881090746535537,0.03933839964237819,0.011175681716584712,0.16897630755476084,0.01743406347787215,0.04783191774698257,0.009387572641931158,0.12561466249441217,0.11309789897183728,0.11801519892713455,0.0116227089852481,0.10683951721054985
0.05381561535068372,0.019850022055580063,0.007940008822232024,0.1349801499779444,0.017203352448169385,0.04058226731363035,0.012351124834583149,0.16409351565946184,0.01808557565063961,0.05249228054697839,0.011468901632112925,0.11865902073224525,0.10851345390383767,0.11689457432730481,0.013233348037053375,0.10983678870754301
0.055481580115401684,0.018641810918774968,0.007989347536617843,0.1318242343541944,0.015978695073235686,0.03905903240124279,0.013315579227696404,0.16955170883266754,0.014203284509542832,0.05193075898801598,0.011984021304926764,0.11806480248557479,0.10918774966711052,0.11939636040834443,0.015090989791389259,0.1083000443852641
0.05619469026548673,0.018141592920353982,0.007079646017699115,0.12964601769911505,0.016814159292035398,0.03938053097345133,0.010619469026548672,0.16858407079646018,0.013716814159292035,0.05442477876106195,0.012389380530973451,0.11902654867256637,0.10973451327433628,0.11991150442477876,0.01504424778761062,0.10929203539823008
0.05577514273166447,0.018884497145366712,0.00834431269213878,0.13043478260869565,0.014053579270970576,0.04435660957400088,0.010979358805445762,0.16249451032059728,0.015810276679841896,0.056214317083882304,0.011857707509881422,0.11506368028107158,0.11286780851998243,0.12340799297321037,0.015371102327624066,0.10408432147562582
0.05636283575517393,0.019815059445178335,0.007926023778071334,0.12813738441215325,0.014971378247468076,0.04227212681638045,0.011008366358432409,0.16600616468516072,0.014971378247468076,0.05856450902686042,0.012769704975781594,0.1096433289299868,0.11448701012769705,0.1202113606340819,0.015852047556142668,0.10700132100396301
0.05682819383259912,0.018502202643171806,0.007048458149779736,0.1299559471365639,0.014096916299559472,0.04317180616740088,0.011894273127753305,0.1669603524229075,0.014537444933920705,0.059030837004405284,0.013656387665198238,0.10616740088105726,0.11806167400881057,0.11762114537444934,0.014537444933920705,0.10792951541850221
0.05456132693147097,0.01920558707987778,0.006983849847228284,0.13094718463553034,0.013531209079004802,0.04233958969882148,0.012658227848101266,0.16499345264076823,0.013967699694456569,0.05718027062418158,0.014840680925360105,0.10824967263203841,0.11959842863378438,0.11610650371017023,0.015277171540811872,0.10955914447839371
0.05110132158590308,0.021145374449339206,0.008370044052863436,0.13215859030837004,0.012334801762114538,0.04185022026431718,0.01145374449339207,0.16255506607929515,0.012334801762114538,0.05859030837004405,0.014977973568281937,0.10616740088105726,0.12290748898678414,0.113215859030837,0.015859030837004406,0.11497797356828193
0.05128205128205128,0.020778072502210435,0.008399646330680813,0.13262599469496023,0.01237842617152962,0.042440318302387266,0.011052166224580018,0.16224580017683465,0.011494252873563218,0.0592396109637489,0.013262599469496022,0.10831122900088418,0.12157382847038019,0.11626878868258178,0.015473032714412025,0.11317418213969938
0.05106571936056838,0.019094138543516874,0.008436944937833037,0.13632326820603907,0.011989342806394316,0.03996447602131439,0.009325044404973356,0.1603019538188277,0.011545293072824156,0.05772646536412078,0.013765541740674956,0.10213143872113677,0.1269982238010657,0.11678507992895204,0.017317939609236235,0.1172291296625222
0.0521015761821366,0.021891418563922942,0.008756567425569177,0.13922942206654992,0.012697022767075307,0.03940455341506129,0.009194395796847636,0.165061295971979,0.010507880910683012,0.05691768826619965,0.013134851138353765,0.10507880910683012,0.11996497373029773,0.11427320490367776,0.017075306479859893,0.11471103327495621
0.05300043802014893,0.02102496714848883,0.009198423127463863,0.1322820849759089,0.013140604467805518,0.03810775295663601,0.008322382829610162,0.16469557599649584,0.011826544021024968,0.059570740254051686,0.013140604467805518,0.10600087604029786,0.12089356110381078,0.11213315812527376,0.018834866403854577,0.11782742006132282
0.052980132450331126,0.02163355408388521,0.012362030905077263,0.1293598233995585,0.013686534216335542,0.038852097130242826,0.008830022075055188,0.1620309050772627,0.011037527593818985,0.05827814569536424,0.013245033112582781,0.10684326710816777,0.12494481236203091,0.11169977924944813,0.017218543046357615,0.11699779249448124
0.051907719609582965,0.02085181898846495,0.011535048802129548,0.12599822537710736,0.015971606033717833,0.04214729370008873,0.0075421472937000885,0.160603371783496,0.012866015971606033,0.05856255545696539,0.012422360248447204,0.10780834072759539,0.12688553682342502,0.11091393078970718,0.01774622892635315,0.11623779946761313
0.051655629139072845,0.017660044150110375,0.011037527593818985,0.1293598233995585,0.015894039735099338,0.04105960264900662,0.005739514348785872,0.15938189845474612,0.012803532008830023,0.06136865342163356,0.012362030905077263,0.10949227373068433,0.12406181015452539,0.11037527593818984,0.017218543046357615,0.1205298013245033
0.054304635761589407,0.017218543046357615,0.011920529801324504,0.1271523178807947,0.01456953642384106,0.039735099337748346,0.005739514348785872,0.16070640176600443,0.01456953642384106,0.060927152317880796,0.013245033112582781,0.10507726269315673,0.12538631346578366,0.11037527593818984,0.016335540838852098,0.12273730684326711
0.05360281195079086,0.01625659050966608,0.014499121265377855,0.13181019332161686,0.014938488576449912,0.03954305799648506,0.006151142355008787,0.1594903339191564,0.014499121265377855,0.05843585237258348,0.013181019332161687,0.10369068541300527,0.1282952548330404,0.11072056239015818,0.014938488576449912,0.11994727592267135
0.056239015817223195,0.014938488576449912,0.013181019332161687,0.1296133567662566,0.015817223198594025,0.04130052724077329,0.006590509666080844,0.15641476274165203,0.01625659050966608,0.05975395430579965,0.013620386643233744,0.10017574692442882,0.13576449912126537,0.109402460456942,0.015377855887521968,0.11555360281195079
0.054945054945054944,0.014945054945054945,0.013186813186813187,0.12967032967032968,0.016263736263736263,0.037802197802197804,0.006593406593406593,0.15076923076923077,0.017582417582417582,0.06417582417582418,0.011868131868131869,0.09978021978021978,0.1389010989010989,0.10681318681318681,0.015824175824175824,0.12087912087912088
0.05543237250554324,0.014190687361419069,0.013747228381374724,0.12416851441241686,0.01729490022172949,0.042572062084257206,0.0066518847006651885,0.14855875831485588,0.017738359201773836,0.06164079822616408,0.012416851441241685,0.09844789356984479,0.14456762749445676,0.11086474501108648,0.015964523281596452,0.11574279379157427
0.0562444641275465,0.015057573073516387,0.01550044286979628,0.12577502214348982,0.015943312666076175,0.04162976085031001,0.005757307351638618,0.1550044286979628,0.016386182462356066,0.060673162090345435,0.011957484499557131,0.09654561558901682,0.14127546501328608,0.10673162090345438,0.01550044286979628,0.1200177147918512
0.058355437665782495,0.015030946065428824,0.016357206012378427,0.11892130857648099,0.016357206012378427,0.04111405835543767,0.005305039787798408,0.15870910698496907,0.016799292661361626,0.0618921308576481,0.01282051282051282,0.09195402298850575,0.14323607427055704,0.10875331564986737,0.013262599469496022,0.121131741821397
0.06352007057785619,0.014556682840758712,0.015438906043228937,0.11910013233348037,0.015438906043228937,0.03970004411116013,0.004852227613586237,0.15924128804587562,0.017203352448169385,0.06043228936921041,0.012351124834583149,0.09395677106307895,0.145125716806352,0.10366122629025143,0.011468901632112925,0.1239523599470666
0.06088888888888889,0.013333333333333334,0.016444444444444446,0.11911111111111111,0.015111111111111112,0.043111111111111114,0.0044444444444444444,0.15422222222222223,0.018666666666666668,0.06266666666666666,0.012888888888888889,0.09155555555555556,0.148,0.10577777777777778,0.012444444444444444,0.12133333333333333
0.061384414453635176,0.012625163256421419,0.01567261645624728,0.11797997387897258,0.014801915542011318,0.039616891597736174,0.00478885502829778,0.15280801044841097,0.02002612102742708,0.062255115367871136,0.013060513713539399,0.09185894645189377,0.151937309534175,0.10622551153678711,0.012189812799303439,0.12276882890727035
0.06134969325153374,0.015337423312883436,0.01621384750219106,0.11481156879929887,0.015775635407537247,0.040315512708150744,0.0043821209465381246,0.14986853637160386,0.022348816827344433,0.06266432953549518,0.012708150744960562,0.08983347940403155,0.15600350569675722,0.10254163014899212,0.011393514460999123,0.12445223488168274
0.062090074333187584,0.01530389156099694,0.017052907739396588,0.11543506777437691,0.014429383471797114,0.041539134236991695,0.005247048535198951,0.14954088325317008,0.021862702229995628,0.06296458242238741,0.011805859204197638,0.08788806296458242,0.16265850459116746,0.10056843025797989,0.012243113248797552,0.11937035417577613
0.06280406899601947,0.015479876160990712,0.01680672268907563,0.11499336576735958,0.01592215833701902,0.04024767801857585,0.004422821760283061,0.14816452896948254,0.022114108801415303,0.06059265811587793,0.013268465280849183,0.08580274214949138,0.15612560813799203,0.10482087571870853,0.011499336576735958,0.12693498452012383
0.05900484368119771,0.013210039630118891,0.01805372082782915,0.11580801409070894,0.017613386173491855,0.04095112285336856,0.0048436811977102595,0.14663143989431968,0.02025539409951563,0.06384852487890796,0.012769704975781594,0.08718626155878467,0.15896081021576397,0.10568031704095113,0.011008366358432409,0.12417437252311757
0.05640577175338872,0.013992129427197202,0.014866637516397026,0.11368605159597726,0.018364669873196328,0.043288150415391344,0.006558810668998688,0.14779186707477043,0.020550940096195888,0.06165282028858767,0.013992129427197202,0.08963707914298208,0.1609094884127678,0.1045037166593791,0.010494097070397902,0.12330564057717534
0.055677334502411226,0.013590530469092503,0.015344147303814117,0.11573871109162648,0.016659359929855327,0.042525208241999124,0.00657606313020605,0.15081104778605875,0.01841297676457694,0.06181499342393687,0.013590530469092503,0.08811924594476107,0.16220955721174923,0.10346339324857519,0.01052170100832968,0.12494519947391496
