C_R,C_A,C_S,C_N,D_R,D_A,D_S,D_N,Oc_R,Oc_A,Oc_S,Oc_N,Od_R,Od_A,Od_S,Od_N
0.0,0.0,0.0,0.0,0.0,1.0,0.0,0.0,0.0,0.0,0.0,0.0,0.0,0.0,0.0,0.0
0.0,0.5,0.0,0.0,0.0,0.5,0.0,0.0,0.0,0.0,0.0,0.0,0.0,0.0,0.0,0.0
0.0,0.42857142857142855,0.0,0.0,0.0,0.5714285714285714,0.0,0.0,0.0,0.0,0.0,0.0,0.0,0.0,0.0,0.0
0.0,0.35714285714285715,0.14285714285714285,0.0,0.0,0.5,0.0,0.0,0.0,0.0,0.0,0.0,0.0,0.0,0.0,0.0
0.0,0.38095238095238093,0.047619047619047616,0.0,0.0,0.5238095238095238,0.0,0.0,0.047619047619047616,0.0,0.0,0.0,0.0,0.0,0.0,0.0
0.0,0.34615384615384615,0.07692307692307693,0.0,0.0,0.5,0.0,0.0,0.038461538461538464,0.038461538461538464,0.0,0.0,0.0,0.0,0.0,0.0
0.0,0.3023255813953488,0.09302325581395349,0.046511627906976744,0.0,0.46511627906976744,0.0,0.0,0.046511627906976744,0.046511627906976744,0.0,0.0,0.0,0.0,0.0,0.0
0.0,0.26,0.1,0.06,0.0,0.48,0.0,0.0,0.04,0.04,0.0,0.0,0.0,0.02,0.0,0.0
0.0,0.2916666666666667,0.05555555555555555,0.06944444444444445,0.0,0.4583333333333333,0.0,0.0,0.027777777777777776,0.06944444444444445,0.0,0.0,0.0,0.027777777777777776,0.0,0.0
0.0196078431372549,0.24509803921568626,0.049019607843137254,0.09803921568627451,0.0,0.45098039215686275,0.0,0.00980392156862745,0.0196078431372549,0.06862745098039216,0.0,0.0,0.0,0.0392156862745098,0.0,0.0
0.022727272727272728,0.20454545454545456,0.022727272727272728,0.14393939393939395,0.0,0.4393939393939394,0.0,0.015151515151515152,0.015151515151515152,0.07575757575757576,0.0,0.0,0.007575757575757576,0.05303030303030303,0.0,0.0
0.02717391304347826,0.18478260869565216,0.03260869565217391,0.13043478260869565,0.005434782608695652,0.3967391304347826,0.0,0.021739130434782608,0.016304347826086956,0.10326086956521739,0.0,0.0,0.010869565217391304,0.059782608695652176,0.010869565217391304,0.0
0.04564315352697095,0.17842323651452283,0.029045643153526972,0.13278008298755187,0.004149377593360996,0.36099585062240663,0.0,0.029045643153526972,0.012448132780082987,0.1078838174273859,0.0,0.0,0.012448132780082987,0.07468879668049792,0.008298755186721992,0.004149377593360996
0.054140127388535034,0.15605095541401273,0.022292993630573247,0.1337579617834395,0.0031847133757961785,0.34076433121019106,0.0,0.03821656050955414,0.0031847133757961785,0.1305732484076433,0.009554140127388535,0.0,0.01592356687898089,0.08280254777070063,0.006369426751592357,0.0031847133757961785
0.07360406091370558,0.13959390862944163,0.02284263959390863,0.1319796954314721,0.007614213197969543,0.3147208121827411,0.0025380710659898475,0.03807106598984772,0.0025380710659898475,0.13451776649746192,0.01015228426395939,0.0,0.027918781725888325,0.08629441624365482,0.005076142131979695,0.0025380710659898475
0.08624229979466119,0.1293634496919918,0.024640657084188913,0.11704312114989733,0.01026694045174538,0.30390143737166325,0.002053388090349076,0.0513347022587269,0.004106776180698152,0.13552361396303902,0.012320328542094456,0.0,0.03696098562628337,0.08213552361396304,0.002053388090349076,0.002053388090349076
0.10278745644599303,0.10452961672473868,0.029616724738675958,0.1132404181184669,0.010452961672473868,0.289198606271777,0.005226480836236934,0.05574912891986063,0.005226480836236934,0.13588850174216027,0.012195121951219513,0.0017421602787456446,0.05226480836236934,0.07665505226480836,0.003484320557491289,0.0017421602787456446
0.09925925925925926,0.10518518518518519,0.037037037037037035,0.1111111111111111,0.011851851851851851,0.28,0.0044444444444444444,0.06074074074074074,0.0044444444444444444,0.1288888888888889,0.008888888888888889,0.002962962962962963,0.06666666666666667,0.07111111111111111,0.0044444444444444444,0.002962962962962963
0.10526315789473684,0.10012836970474968,0.04621309370988447,0.10397946084724005,0.014120667522464698,0.25673940949935814,0.0038510911424903724,0.06546854942233633,0.0038510911424903724,0.12708600770218229,0.010269576379974325,0.005134788189987163,0.07702182284980745,0.07317073170731707,0.0025673940949935813,0.005134788189987163
0.10619469026548672,0.08296460176991151,0.04756637168141593,0.10176991150442478,0.01327433628318584,0.24225663716814158,0.00331858407079646,0.06969026548672566,0.004424778761061947,0.1404867256637168,0.008849557522123894,0.0055309734513274336,0.08628318584070796,0.07853982300884955,0.004424778761061947,0.004424778761061947
0.10778443113772455,0.07784431137724551,0.04790419161676647,0.09381237524950099,0.015968063872255488,0.23353293413173654,0.003992015968063872,0.06686626746506986,0.00499001996007984,0.14471057884231536,0.007984031936127744,0.006986027944111776,0.0968063872255489,0.08283433133732535,0.0029940119760479044,0.00499001996007984
0.10545454545454545,0.07272727272727272,0.053636363636363635,0.08363636363636363,0.016363636363636365,0.22545454545454546,0.0036363636363636364,0.07090909090909091,0.006363636363636364,0.14272727272727273,0.008181818181818182,0.00909090909090909,0.10727272727272727,0.08727272727272728,0.0036363636363636364,0.0036363636363636364
0.09959183673469388,0.06857142857142857,0.0563265306122449,0.08653061224489796,0.017959183673469388,0.21224489795918366,0.004081632653061225,0.07428571428571429,0.006530612244897959,0.14122448979591837,0.007346938775510204,0.00816326530612245,0.11591836734693878,0.09142857142857143,0.005714285714285714,0.004081632653061225
0.09739776951672863,0.06319702602230483,0.06171003717472119,0.08550185873605948,0.020817843866171002,0.19256505576208177,0.002973977695167286,0.07360594795539034,0.008178438661710037,0.14721189591078068,0.007434944237918215,0.007434944237918215,0.12639405204460966,0.09516728624535316,0.006691449814126394,0.0037174721189591076
0.09368635437881874,0.06109979633401222,0.06720977596741344,0.08214528173794976,0.021045485403937542,0.18737270875763748,0.0027155465037338763,0.07875084860828242,0.008146639511201629,0.1446028513238289,0.006788866259334691,0.010183299389002037,0.13509843856076034,0.09164969450101833,0.006109979633401222,0.0033944331296673455
0.08895899053627761,0.0555205047318612,0.06687697160883281,0.07823343848580441,0.02018927444794953,0.18359621451104102,0.002523659305993691,0.08454258675078864,0.008201892744479496,0.15457413249211358,0.006309148264984227,0.010094637223974764,0.14195583596214512,0.08580441640378549,0.007570977917981073,0.005047318611987382
0.0850320326150262,0.052417006406523005,0.0687245195107746,0.0809551543389633,0.020966802562609202,0.1770529994175888,0.0029120559114735,0.08619685497961561,0.008153756552125802,0.1555037856726849,0.006988934187536401,0.009900990099009901,0.1432731508444962,0.08794408852649971,0.007571345369831101,0.0064065230052417
0.0893854748603352,0.04748603351955307,0.06983240223463687,0.07932960893854749,0.021787709497206705,0.16871508379888267,0.002793296089385475,0.0888268156424581,0.008379888268156424,0.1569832402234637,0.0067039106145251395,0.009497206703910615,0.14748603351955308,0.08770949720670392,0.008379888268156424,0.0067039106145251395
0.08275120902740463,0.04406233207952714,0.06824288017195057,0.08167651800107469,0.024717893605588393,0.16389038151531435,0.0032240730789897904,0.08866200967221924,0.00967221923696937,0.15905427189682966,0.005910800644814616,0.010209564750134336,0.15421816227834498,0.08758731864588931,0.008597528210639442,0.007522837184309511
0.08464267612772428,0.04156107450582869,0.06386213887480993,0.08362899138367967,0.026862645717181957,0.15965534718702484,0.0040547389761784085,0.0937658388241257,0.01013684744044602,0.15509376583882412,0.00506842372022301,0.013177901672579827,0.15205271160669032,0.08869741510390268,0.008616320324379118,0.00912316269640142
0.08324924318869828,0.04187689202825429,0.06407669021190716,0.08728557013118063,0.025731584258324926,0.15237134207870837,0.0025227043390514633,0.09334006054490414,0.01160443995963673,0.1574167507568113,0.006559031281533804,0.013118062563067608,0.15287588294651866,0.09031281533804238,0.009081735620585268,0.008577194752774974
0.08019323671497584,0.04106280193236715,0.06376811594202898,0.08792270531400966,0.02705314009661836,0.1502415458937198,0.002898550724637681,0.09323671497584542,0.012077294685990338,0.15458937198067632,0.005797101449275362,0.01352657004830918,0.15797101449275364,0.09033816425120773,0.00966183574879227,0.00966183574879227
0.07783578547698149,0.03939250118652112,0.06359753203607024,0.09302325581395349,0.027527289985761746,0.15045087802562884,0.0037968675842429997,0.09587090650213574,0.011865211200759373,0.14855244423350736,0.008068343616516375,0.013763644992880873,0.15662078785002373,0.08875177978168011,0.00854295206454675,0.012339819648789748
0.07823285780027611,0.039116428900138056,0.0621260929590428,0.09572020248504372,0.024850437183617118,0.1495628163828808,0.004601932811780948,0.09479981592268753,0.013805798435342844,0.14450069028992177,0.009203865623561895,0.014265991716520939,0.15692590888173033,0.09249884951679706,0.009203865623561895,0.01058444546709618
0.07385591300407793,0.03624830086089714,0.05935659265971908,0.09877661984594473,0.02628001812415043,0.152242863615768,0.0040779338468509285,0.09515178975985501,0.014952424105120073,0.14454009968282736,0.007702763932940644,0.014952424105120073,0.1590394200271862,0.09379247847757137,0.008608971454463071,0.01042138649750793
0.0763016157989228,0.03500897666068223,0.05385996409335727,0.10143626570915619,0.02423698384201077,0.1436265709156194,0.004039497307001795,0.09425493716337523,0.01481149012567325,0.14272890484739678,0.008527827648114902,0.01526032315978456,0.16651705565529623,0.09829443447037702,0.008527827648114902,0.012567324955116697
0.07400802496656264,0.03388319215336603,0.053053945608559964,0.10164957646009808,0.02719572001783326,0.1440035666518056,0.004458314757021846,0.0922871154703522,0.014266607222469906,0.1444493981275078,0.008024966562639322,0.016941596076683014,0.1676326348640214,0.09852875613018279,0.008024966562639322,0.0115916183682568
0.07231040564373897,0.03527336860670194,0.05335097001763668,0.10052910052910052,0.02513227513227513,0.14506172839506173,0.004409171075837742,0.0890652557319224,0.014109347442680775,0.14638447971781304,0.007054673721340388,0.017195767195767195,0.16843033509700175,0.10141093474426807,0.007936507936507936,0.012345679012345678
0.076650420912716,0.030128489144882586,0.05361098803721755,0.10367744793974303,0.02525476295968099,0.1435533894550288,0.004873726185201595,0.08905626938413824,0.013735046521931768,0.14443952148870182,0.00930438635356668,0.016836508639787327,0.1630482941958352,0.1023482498892335,0.008861320336730172,0.014621178555604785
0.08070175438596491,0.02982456140350877,0.05745614035087719,0.10482456140350878,0.02412280701754386,0.13640350877192983,0.005263157894736842,0.08596491228070176,0.013157894736842105,0.1412280701754386,0.009649122807017544,0.016666666666666666,0.16842105263157894,0.10175438596491228,0.009210526315789473,0.015350877192982455
0.07863171923589515,0.03109729009329187,0.05508662816525989,0.10262105730786317,0.02221235006663705,0.1408262994224789,0.004886717014660151,0.08529542425588628,0.01288316303864949,0.14349178143047533,0.007996446023989337,0.01776988005330964,0.17059084851177256,0.10217681030653043,0.009329187027987561,0.015104398045313194
0.08411214953271028,0.02848242100578549,0.0516243880729862,0.1041388518024032,0.021806853582554516,0.13840676457498888,0.0053404539385847796,0.08900756564307966,0.01290609701824655,0.13974187805963506,0.007120605251446373,0.017801513128615932,0.17267467734757455,0.10235870048954161,0.010235870048954161,0.014241210502892745
0.0849644128113879,0.027580071174377226,0.052935943060498224,0.10542704626334519,0.023131672597864767,0.14145907473309607,0.0071174377224199285,0.08941281138790036,0.011565836298932384,0.13612099644128114,0.0071174377224199285,0.01912811387900356,0.1632562277580071,0.10542704626334519,0.009341637010676156,0.01601423487544484
0.08373947718210013,0.02968542312804608,0.05095259193619849,0.10412051395657954,0.021267168808152416,0.13646433318564466,0.007532122286220647,0.08817013735046522,0.011076650420912717,0.13602126716880816,0.006202924235711121,0.0203810367744794,0.1696942844483828,0.10589277802392556,0.0101905183872397,0.01860877270713336
0.08395277656318322,0.027984258854394404,0.04984696108439003,0.10275470048097946,0.021862702229995628,0.13817227809357235,0.008307826847398338,0.08745080891998251,0.011368605159597726,0.139921294271972,0.005247048535198951,0.019239177962396152,0.17227809357236554,0.1045037166593791,0.009619588981198076,0.0174901617839965
0.083223249669749,0.025979744605900485,0.048436811977102597,0.10656098634962571,0.020695728753852928,0.14398943196829592,0.007045354469396741,0.08278291501541171,0.012769704975781594,0.13914575077058564,0.005724350506384853,0.022016732716864818,0.17261118450022017,0.10171730515191546,0.007485689123734038,0.019815059445178335
0.08424747696358052,0.025449758666081616,0.049583150504607286,0.1039929793769197,0.020623080298376482,0.14304519526107942,0.007020623080298377,0.08512505484861782,0.012724879333040808,0.13865730583589295,0.004387889425186486,0.02413339183852567,0.16761737604212373,0.1057481351469943,0.006581834137779728,0.02106186924089513
0.08033000434216239,0.026052974381241857,0.05167173252279635,0.10594876248371689,0.021710811984368215,0.14155449413808077,0.006513243595310464,0.08684324793747286,0.011723838471558836,0.13677811550151975,0.004342162396873643,0.02301346070343031,0.172818063395571,0.10377768128528007,0.006947459834997829,0.01997394702561876
0.07945566286215978,0.02633889376646181,0.05179982440737489,0.1057945566286216,0.023266022827041263,0.14266900790166814,0.007901668129938543,0.08735733099209833,0.01141352063213345,0.13476733977172958,0.004389815627743635,0.025460930640913083,0.17032484635645304,0.10140474100087796,0.007023705004389816,0.020632133450395083
0.0832969908416921,0.02398604448320977,0.05146096816397732,0.10379415612734409,0.021805494984736152,0.14391626689925863,0.009158307893589184,0.08809419973833406,0.0113388573920628,0.13170518970780637,0.0065416484954208464,0.02442215438290449,0.1735717400784998,0.1003052769297863,0.006977758395115569,0.01962494548626254
0.08373947718210013,0.023925564909171467,0.052724856003544526,0.1076650420912716,0.01949490474080638,0.13779353123615418,0.010633584404076208,0.0872840053167922,0.010633584404076208,0.13690739920248116,0.006202924235711121,0.02303943287549845,0.16747895436420027,0.10456357997341603,0.00664599025254763,0.021267168808152416
0.08311229000884174,0.02564102564102564,0.050397877984084884,0.10610079575596817,0.020335985853227233,0.1361626878868258,0.010167992926613616,0.09062776304155615,0.011052166224580018,0.1361626878868258,0.005747126436781609,0.022988505747126436,0.17020335985853227,0.10123784261715296,0.007073386383731211,0.022988505747126436
0.08529542425588628,0.02665482007996446,0.0519768991559307,0.10928476232785429,0.02132385606397157,0.12438916037316748,0.011106175033318524,0.08796090626388271,0.009773434029320302,0.13682807641048422,0.006663705019991115,0.024877832074633496,0.1679253665037761,0.10262105730786317,0.008440693025322079,0.024877832074633496
0.08418254319893664,0.02525476295968099,0.04962339388568897,0.10943730615861763,0.022153300841825433,0.12405848471422241,0.011519716437749225,0.08949933540097474,0.007975188303057155,0.13912272928666372,0.007089056269384138,0.026140894993354008,0.17146654851572884,0.10279131590607,0.006202924235711121,0.023482498892334957
0.08292682926829269,0.027494456762749447,0.048337028824833705,0.10687361419068736,0.02261640798226164,0.12682926829268293,0.012860310421286032,0.08957871396895788,0.009312638580931265,0.13924611973392462,0.006208425720620843,0.02616407982261641,0.16895787139689578,0.1033259423503326,0.0066518847006651885,0.02261640798226164
0.08658969804618118,0.02708703374777975,0.04662522202486678,0.10923623445825932,0.021758436944937832,0.12655417406749556,0.011101243339253997,0.08792184724689166,0.010213143872113677,0.14431616341030196,0.006216696269982238,0.024422735346358793,0.16651865008880995,0.10213143872113677,0.005772646536412078,0.023534635879218474
0.08754949406071272,0.027716673999120107,0.04575450945886494,0.11262648482182139,0.01935767707875055,0.12758468983721954,0.010998680158380994,0.08534975802903652,0.010118785745710514,0.13418389793224814,0.005279366476022877,0.027276726792784867,0.17201935767707874,0.10206775186977562,0.006599208095028597,0.025516937967443906
0.08554964539007093,0.026152482269503546,0.0398936170212766,0.11613475177304965,0.01950354609929078,0.12987588652482268,0.01152482269503546,0.08289007092198582,0.008421985815602837,0.13386524822695037,0.00576241134751773,0.027039007092198582,0.17287234042553193,0.10549645390070922,0.0070921985815602835,0.027925531914893616
0.08814455707360071,0.0246804759806082,0.04010577346848832,0.11414720141031291,0.018069634200088145,0.13001322168356105,0.011018069634200088,0.08373732921992066,0.008373732921992068,0.13309828118113706,0.00617011899515205,0.027324812692816218,0.17805200528867343,0.10445130013221683,0.007933010136624064,0.0246804759806082
0.0878348704435661,0.024593763724198508,0.039525691699604744,0.11418533157663592,0.01756697408871322,0.13131313131313133,0.013175230566534914,0.08388230127360562,0.00834431269213878,0.12999560825647782,0.006587615283267457,0.02766798418972332,0.178743961352657,0.1023276240667545,0.00834431269213878,0.025911286780852
0.08990256864481842,0.02612931798051373,0.03985828166519043,0.11514614703277236,0.018600531443755536,0.1266607617360496,0.011957484499557131,0.08325952170062002,0.00841452612931798,0.13064658990256864,0.0070859167404783,0.02878653675819309,0.1753764393268379,0.10496014171833482,0.007971656333038087,0.025243578387953942
0.0887705281846427,0.02663115845539281,0.03817132711939636,0.11717709720372836,0.015978695073235686,0.13226808699511763,0.012427873945849977,0.08255659121171771,0.007989347536617843,0.13004882379050156,0.007101642254771416,0.026187305814469597,0.17620949844651576,0.10430537061695518,0.007545494895694629,0.02663115845539281
0.09298245614035087,0.028070175438596492,0.035526315789473684,0.11710526315789474,0.016666666666666666,0.1267543859649123,0.014035087719298246,0.08508771929824561,0.006578947368421052,0.13026315789473683,0.007017543859649123,0.028070175438596492,0.18157894736842106,0.09824561403508772,0.005701754385964913,0.02631578947368421
0.09300265721877768,0.0283436669619132,0.03587245349867139,0.1195748449955713,0.016386182462356066,0.1262178919397697,0.01550044286979628,0.08325952170062002,0.007528786536758193,0.12976085031000886,0.007971656333038087,0.027900797165633304,0.17803365810451727,0.0983170947741364,0.005314437555358724,0.027015057573073518
0.09423161602818142,0.02686041391457508,0.035667107001321,0.11228533685601057,0.017613386173491855,0.12549537648612946,0.013210039630118891,0.083223249669749,0.00836635843240863,0.12769704975781593,0.007926023778071334,0.02906208718626156,0.18714222809335096,0.09907529722589167,0.006164685160722149,0.025979744605900485
0.09639084507042253,0.028609154929577465,0.035211267605633804,0.11575704225352113,0.01584507042253521,0.12764084507042253,0.013204225352112676,0.0801056338028169,0.008802816901408451,0.12940140845070422,0.007922535211267605,0.02948943661971831,0.18221830985915494,0.09683098591549295,0.006602112676056338,0.02596830985915493
0.09534368070953436,0.0270509977827051,0.03503325942350333,0.11485587583148558,0.016407982261640797,0.12815964523281598,0.012860310421286032,0.07716186252771619,0.00975609756097561,0.12638580931263857,0.007095343680709534,0.031042128603104215,0.18536585365853658,0.10110864745011086,0.0066518847006651885,0.025720620842572064
0.097228332600088,0.024197096348438186,0.03343598768147822,0.11790585129784426,0.01627804663440387,0.12450505939287286,0.012318521777386713,0.08051033875934888,0.009238891333040036,0.12450505939287286,0.007039155301363837,0.030796304443466784,0.1847778266608007,0.1007479102507699,0.008358996920369555,0.028156621205455347
0.09443207126948774,0.023608017817371936,0.03162583518930958,0.11714922048997772,0.016035634743875277,0.1291759465478842,0.012026726057906459,0.07973273942093541,0.011135857461024499,0.12115812917594655,0.0066815144766146995,0.03296213808463252,0.19287305122494433,0.09755011135857461,0.0075723830734966595,0.026280623608017816
0.09628975265017668,0.02517667844522968,0.03136042402826855,0.11969964664310954,0.016342756183745585,0.12632508833922262,0.011484098939929329,0.07773851590106007,0.01060070671378092,0.12146643109540636,0.005742049469964664,0.030918727915194347,0.19434628975265017,0.09849823321554771,0.007508833922261484,0.026501766784452298
0.0970873786407767,0.02471315092674316,0.030450132391879964,0.11871138570167697,0.0176522506619594,0.12488967343336276,0.01323918799646955,0.08075904677846425,0.011915269196822596,0.11518093556928509,0.00529567519858782,0.03398058252427184,0.19638128861429832,0.09664607237422772,0.006619593998234775,0.0264783759929391
0.09431467606875275,0.02379903040987219,0.02908770383428823,0.12296165711767298,0.01762891141472014,0.12208021154693698,0.014103129131776113,0.07888937858087264,0.0123402379903041,0.11370647862494491,0.0057293962097840455,0.03525782282944028,0.1978845306302336,0.09695901278096078,0.007051564565888057,0.028206258263552227
0.09687228496959166,0.02432667245873154,0.028236316246741965,0.12380538662033015,0.017810599478714162,0.12163336229365769,0.014335360556038228,0.07254561251086013,0.011728931364031277,0.11642050390964379,0.006081668114682885,0.03735881841876629,0.19765421372719374,0.09383145091225022,0.008253692441355343,0.029105125977410946
0.09500662836942113,0.023862129916040652,0.02828104286345559,0.12461334511710119,0.018117543084401236,0.12063632346442775,0.013256738842244807,0.07821475916924436,0.0136986301369863,0.1171011931064958,0.007512152010605391,0.04021210782147592,0.18957136544410075,0.09191338930623066,0.009721608484312859,0.02828104286345559
0.0963484381874175,0.02199736031676199,0.028156621205455347,0.12318521777386714,0.015398152221733392,0.11746590409150902,0.013638363396392433,0.07611086669599648,0.014078310602727673,0.11746590409150902,0.007479102507699076,0.0409150901891773,0.19973603167619886,0.09018917729872415,0.009238891333040036,0.028596568411790584
0.1004891062694531,0.020898176967541128,0.025344597598932858,0.1218319253001334,0.014228546020453535,0.12138728323699421,0.012894619831036016,0.07959092930191196,0.012449977767896843,0.11649622054246332,0.007114273010226767,0.041796353935082256,0.19608714984437528,0.08937305469097377,0.01067140951534015,0.029346376167185415
0.10088495575221239,0.019469026548672566,0.025221238938053097,0.1168141592920354,0.01504424778761062,0.12345132743362831,0.013716814159292035,0.07654867256637168,0.01415929203539823,0.11371681415929204,0.005752212389380531,0.04292035398230089,0.20088495575221238,0.0915929203539823,0.010619469026548672,0.02920353982300885
0.10162780466344039,0.020237571491421028,0.026396832380114386,0.11658600967883855,0.014078310602727673,0.11878574571051474,0.013638363396392433,0.08051033875934888,0.013198416190057193,0.1161460624725033,0.0061592608886933565,0.04267487901451826,0.1970963484381874,0.09062912450505939,0.013638363396392433,0.028596568411790584
0.09774436090225563,0.019460415745245468,0.027421494913754976,0.1167624944714728,0.012826183104820876,0.11985846970367094,0.013268465280849183,0.0804953560371517,0.013710747456877488,0.11455108359133127,0.006191950464396285,0.04201680672268908,0.19858469703670942,0.09199469261388767,0.0145953118089341,0.03051747014595312
0.09654561558901682,0.01771479185119575,0.025243578387953942,0.10983170947741364,0.013728963684676704,0.11647475642161205,0.012400354295837024,0.08148804251550044,0.013728963684676704,0.11160318866253321,0.008857395925597875,0.04738706820194863,0.2112488928255093,0.08901682905225863,0.012843224092116917,0.03188662533215235
0.10026501766784453,0.018109540636042403,0.024734982332155476,0.11130742049469965,0.011925795053003533,0.11704946996466431,0.011042402826855124,0.07950530035335689,0.014575971731448763,0.1157243816254417,0.008392226148409895,0.04549469964664311,0.20892226148409895,0.08613074204946997,0.014134275618374558,0.03268551236749117
0.10241758241758242,0.017142857142857144,0.023736263736263738,0.11516483516483517,0.012307692307692308,0.11824175824175824,0.01054945054945055,0.08175824175824176,0.014505494505494506,0.11736263736263736,0.008351648351648353,0.045714285714285714,0.20483516483516484,0.08483516483516483,0.012747252747252748,0.03032967032967033
0.09973637961335677,0.015377855887521968,0.0210896309314587,0.11115992970123023,0.012741652021089631,0.10984182776801406,0.012302284710017574,0.08172231985940245,0.012741652021089631,0.11818980667838312,0.008347978910369069,0.05184534270650264,0.21836555360281196,0.08304042179261863,0.012302284710017574,0.031195079086115993
0.10416666666666667,0.014184397163120567,0.022606382978723406,0.11037234042553191,0.015070921985815602,0.10726950354609929,0.010195035460992909,0.08466312056737589,0.011968085106382979,0.11835106382978723,0.00975177304964539,0.05186170212765957,0.21320921985815602,0.08377659574468085,0.01152482269503546,0.03102836879432624
0.10698496905393456,0.015915119363395226,0.020778072502210435,0.11052166224580018,0.016799292661361626,0.10786914235190097,0.009725906277630416,0.08664898320070734,0.01282051282051282,0.11892130857648099,0.010167992926613616,0.04995579133510168,0.21087533156498675,0.08090185676392574,0.010167992926613616,0.03094606542882405
0.10725274725274725,0.013186813186813187,0.02197802197802198,0.10857142857142857,0.015824175824175824,0.10725274725274725,0.01010989010989011,0.08483516483516483,0.012747252747252748,0.11824175824175824,0.00967032967032967,0.04923076923076923,0.21670329670329672,0.08527472527472528,0.01010989010989011,0.029010989010989013
0.10914714980114892,0.009721608484312859,0.020326999558108707,0.1034025629695095,0.015466195315952275,0.1095890410958904,0.009721608484312859,0.08661069376933274,0.012372956252761821,0.1175430844012373,0.009279717189571365,0.05081749889527176,0.21961997348652232,0.08705258506407423,0.009721608484312859,0.029606716747680072
0.11621741051701281,0.010163499779054353,0.017675651789659744,0.10251878038002651,0.016349977905435263,0.10737958462218294,0.009721608484312859,0.08705258506407423,0.012372956252761821,0.11577551922227132,0.0057445868316394165,0.04904993371630579,0.2205037560760053,0.08793636765355722,0.010163499779054353,0.03137428192664605
0.11468094600624722,0.011601963409192326,0.01963409192324855,0.10263275323516287,0.01606425702811245,0.10664881749219099,0.007585899152164213,0.08478357875948238,0.013386880856760375,0.11334225792057118,0.006247211066488175,0.04819277108433735,0.22088353413654618,0.09192324854975457,0.009817045961624275,0.03257474341811691
0.11208791208791209,0.01098901098901099,0.01934065934065934,0.10417582417582417,0.013186813186813187,0.10989010989010989,0.008351648351648353,0.0865934065934066,0.012747252747252748,0.1178021978021978,0.0074725274725274725,0.04791208791208791,0.22373626373626374,0.08615384615384615,0.00967032967032967,0.02989010989010989
0.11358671909130624,0.011795543905635648,0.019222367846221056,0.10878112712975098,0.01529051987767584,0.11314984709480122,0.007426823940585408,0.0856269113149847,0.012232415902140673,0.11402359108781127,0.00655307994757536,0.049366535605067714,0.2127566622979467,0.08868501529051988,0.009174311926605505,0.03232852774137178
0.11390728476821192,0.011037527593818985,0.017660044150110375,0.11037527593818984,0.01456953642384106,0.11169977924944813,0.007947019867549669,0.08785871964679912,0.012803532008830023,0.11258278145695365,0.006622516556291391,0.04988962472406181,0.21015452538631346,0.08653421633554084,0.010596026490066225,0.03576158940397351
0.11281154350677744,0.012243113248797552,0.017927415828596416,0.1114997813729777,0.01530389156099694,0.11324879755137734,0.009182334936598164,0.08570179274158286,0.013992129427197202,0.10887625710537822,0.006558810668998688,0.04940970703979012,0.2125054656755575,0.08657630083078269,0.010931351114997814,0.03323130738959335
0.10992434356920339,0.011125945705384957,0.017356475300400534,0.10992434356920339,0.014686248331108143,0.11526479750778816,0.008900756564307966,0.08767245215843347,0.015131286159323543,0.1059190031152648,0.007120605251446373,0.04850912327547842,0.2162883845126836,0.08722741433021806,0.011125945705384957,0.03382287494437027
0.1141352063213345,0.011852502194907815,0.016681299385425813,0.10667251975417033,0.014925373134328358,0.11457418788410886,0.00877963125548727,0.08516242317822652,0.015364354697102721,0.10798946444249341,0.006584723441615452,0.04784899034240562,0.21597892888498682,0.08604038630377524,0.012730465320456541,0.03467954345917471
0.11412330564057717,0.013117621337997376,0.017052907739396588,0.1080017490161784,0.015741145605596852,0.11543506777437691,0.007433318758198513,0.08657630083078269,0.014866637516397026,0.10668998688237866,0.006996064713598601,0.04722343681679055,0.2133799737647573,0.08613904678618277,0.012680367293397464,0.03454306952339309
0.11741249446167479,0.01329198050509526,0.01905183872396987,0.10855117412494461,0.016836508639787327,0.11386796632698272,0.00664599025254763,0.08639787328311918,0.015507310589277802,0.10589277802392556,0.007532122286220647,0.047408063801506424,0.21001329198050508,0.08595480726628267,0.011962782454585734,0.033673017279574655
0.1164021164021164,0.012786596119929453,0.018518518518518517,0.11507936507936507,0.017195767195767195,0.10449735449735449,0.007054673721340388,0.08597883597883597,0.014991181657848324,0.10493827160493827,0.006172839506172839,0.0445326278659612,0.21516754850088182,0.08862433862433862,0.012786596119929453,0.03527336860670194
0.11346578366445915,0.011920529801324504,0.016777041942604858,0.1152317880794702,0.01545253863134658,0.11214128035320088,0.008830022075055188,0.08609271523178808,0.015894039735099338,0.10286975717439294,0.005298013245033113,0.04415011037527594,0.21766004415011037,0.08609271523178808,0.012803532008830023,0.03532008830022075
0.11511111111111111,0.012,0.017333333333333333,0.11422222222222222,0.017333333333333333,0.10844444444444444,0.008888888888888889,0.08222222222222222,0.015555555555555555,0.1,0.006222222222222222,0.04488888888888889,0.22044444444444444,0.08711111111111111,0.013777777777777778,0.036444444444444446
0.11487676056338028,0.013644366197183098,0.017605633802816902,0.11179577464788733,0.018045774647887324,0.1056338028169014,0.008802816901408451,0.08714788732394366,0.014084507042253521,0.10519366197183098,0.005721830985915493,0.04533450704225352,0.21875,0.08626760563380281,0.011003521126760563,0.03609154929577465
0.11684901531728666,0.01400437636761488,0.0175054704595186,0.11159737417943107,0.0175054704595186,0.1037199124726477,0.00787746170678337,0.08927789934354485,0.01400437636761488,0.10328227571115974,0.004814004376367615,0.045076586433260395,0.2201312910284464,0.08446389496717724,0.012691466083150985,0.037199124726477024
0.1165644171779141,0.014460999123575811,0.017090271691498685,0.10736196319018405,0.01796669588080631,0.1021034180543383,0.008326029798422436,0.08632778264680105,0.011831726555652936,0.1016652059596845,0.004820333041191937,0.047765118317265556,0.22611744084136723,0.08720420683610867,0.014022787028921999,0.036371603856266435
0.11886875828546177,0.015024304021210782,0.017675651789659744,0.11135660627485638,0.017675651789659744,0.09986743261157756,0.008837825894829872,0.08130799823243483,0.011931064958020326,0.10870525850640743,0.004860804242156429,0.043747238179407864,0.2213875386654883,0.08882015024304021,0.014140521431727796,0.035793194874060984
0.11623779946761313,0.01419698314108252,0.01730257320319432,0.1064773735581189,0.01685891748003549,0.1033717834960071,0.009760425909494233,0.08074534161490683,0.011535048802129548,0.10603371783496007,0.006654835847382431,0.04392191659272405,0.22582076308784382,0.09094942324755989,0.013309671694764862,0.03682342502218278
0.11558669001751314,0.014010507880910683,0.016199649737302976,0.10595446584938704,0.017075306479859893,0.101138353765324,0.010945709281961471,0.0818739054290718,0.011821366024518389,0.10376532399299475,0.005691768826619965,0.04597197898423818,0.2329246935201401,0.0893169877408056,0.012259194395796848,0.03546409807355517
0.11145648312611012,0.014209591474245116,0.013765541740674956,0.11012433392539965,0.018206039076376555,0.10213143872113677,0.011101243339253997,0.08126110124333925,0.011545293072824156,0.10301953818827708,0.007992895204262877,0.043072824156305506,0.227797513321492,0.09280639431616342,0.012433392539964476,0.03907637655417407
0.11257117827420061,0.012702584318878668,0.01401664476565922,0.10643889618922471,0.018834866403854577,0.1029347349978099,0.011826544021024968,0.08059570740254052,0.011388523872098117,0.1038107752956636,0.008322382829610162,0.04467805519053877,0.22864651773981604,0.09286027157249234,0.013140604467805518,0.03723171265878231
0.11489173663278833,0.012372956252761821,0.015908086610693768,0.11091471498011489,0.018117543084401236,0.10119310649580203,0.01104728236853734,0.0826336721166593,0.010163499779054353,0.10296067167476801,0.007954043305346884,0.04595669465311533,0.22536456031816174,0.08837825894829872,0.012372956252761821,0.039770216526734424
0.11535048802129548,0.012422360248447204,0.014640638864241348,0.1095829636202307,0.019077196095829637,0.10204081632653061,0.011978704525288377,0.080301685891748,0.01020408163265306,0.10425909494232476,0.008873114463176575,0.04614019520851819,0.22404614019520852,0.09050576752440107,0.012422360248447204,0.038154392191659274
0.1194225721784777,0.011811023622047244,0.01399825021872266,0.1115485564304462,0.02099737532808399,0.10148731408573929,0.011811023622047244,0.07655293088363954,0.009186351706036745,0.10148731408573929,0.008748906386701663,0.045931758530183726,0.22440944881889763,0.09186351706036745,0.012248468941382326,0.03849518810148731
0.11878574571051474,0.014078310602727673,0.014078310602727673,0.10690717113946327,0.01847778266608007,0.10558732952045755,0.010998680158380994,0.08095028596568411,0.009238891333040036,0.10206775186977562,0.010998680158380994,0.045314562252529694,0.21777386713594368,0.09282886053673559,0.011438627364716234,0.040475142982842056
0.12075804319083297,0.013221683561040106,0.0123402379903041,0.10665491405905686,0.020273248126928163,0.10180696342000882,0.010577346848832084,0.08065226972234464,0.010577346848832084,0.10136624063464081,0.010136624063464082,0.04671661524900837,0.2238871749669458,0.09167033935654473,0.00881445570736007,0.040546496253856326
0.11885964912280701,0.014473684210526316,0.014035087719298246,0.10438596491228071,0.02017543859649123,0.10482456140350878,0.010087719298245614,0.08114035087719298,0.010964912280701754,0.09736842105263158,0.009210526315789473,0.04780701754385965,0.22543859649122808,0.09035087719298246,0.010964912280701754,0.039912280701754385
0.11850220264317181,0.014537444933920705,0.01277533039647577,0.10044052863436123,0.019823788546255508,0.10572687224669604,0.011013215859030838,0.07797356828193833,0.010572687224669603,0.1,0.00881057268722467,0.04581497797356828,0.23171806167400882,0.0920704845814978,0.01145374449339207,0.038766519823788544
0.12345679012345678,0.015432098765432098,0.012345679012345678,0.10714285714285714,0.021164021164021163,0.10008818342151675,0.010141093474426807,0.07936507936507936,0.010141093474426807,0.09964726631393298,0.00837742504409171,0.04497354497354497,0.2257495590828924,0.09215167548500881,0.011904761904761904,0.03791887125220458
0.11762114537444934,0.016740088105726872,0.014096916299559472,0.1105726872246696,0.022026431718061675,0.10044052863436123,0.011013215859030838,0.07709251101321586,0.011894273127753305,0.10044052863436123,0.00881057268722467,0.04317180616740088,0.23127753303964757,0.08942731277533039,0.01013215859030837,0.03524229074889868
0.11925795053003534,0.015459363957597174,0.013692579505300354,0.10821554770318022,0.021643109540636044,0.09982332155477032,0.011042402826855124,0.07508833922261485,0.012367491166077738,0.10424028268551237,0.009717314487632508,0.044169611307420496,0.2314487632508834,0.0892226148409894,0.01060070671378092,0.03401060070671378
0.12654320987654322,0.01675485008818342,0.014991181657848324,0.10449735449735449,0.02292768959435626,0.09876543209876543,0.010141093474426807,0.07451499118165784,0.013227513227513227,0.10229276895943562,0.011022927689594356,0.04188712522045855,0.2328042328042328,0.08597883597883597,0.010141093474426807,0.03350970017636684
0.12439772229522558,0.016644765659220323,0.01401664476565922,0.10512483574244415,0.022339027595269383,0.10074463425317565,0.009198423127463863,0.07227332457293036,0.01445466491458607,0.10337275514673674,0.009636443276390714,0.043802014892685065,0.23083661848445028,0.08585194918966273,0.011388523872098117,0.03591765221200175
0.12235915492957747,0.018045774647887324,0.013204225352112676,0.10431338028169014,0.02068661971830986,0.10475352112676056,0.009683098591549295,0.0721830985915493,0.013644366197183098,0.09859154929577464,0.010123239436619719,0.042693661971830985,0.2306338028169014,0.08890845070422536,0.01056338028169014,0.03961267605633803
0.12099956159579132,0.020604997807978958,0.014028934677772907,0.10565541429197721,0.021481806225339763,0.10170977641385358,0.00920648838228847,0.06663743971942131,0.0131521262604121,0.09907935116177115,0.00920648838228847,0.041209995615957916,0.2389302937308198,0.08768084173608066,0.010960105217010083,0.0394563787812363
0.12233096085409252,0.019572953736654804,0.013790035587188613,0.10542704626334519,0.020462633451957295,0.10275800711743772,0.010231316725978648,0.07028469750889679,0.012455516014234875,0.09430604982206406,0.01201067615658363,0.04181494661921708,0.23798932384341637,0.08585409252669039,0.010676156583629894,0.0400355871886121
0.12328159645232815,0.01862527716186253,0.012416851441241685,0.10465631929046564,0.019955654101995565,0.10022172949002217,0.011086474501108648,0.06917960088691796,0.012416851441241685,0.09889135254988914,0.011086474501108648,0.04124168514412417,0.2452328159645233,0.08337028824833703,0.010643015521064302,0.037694013303769404
0.12890453145622524,0.01935767707875055,0.013198416190057193,0.10338759348878135,0.01891772987241531,0.09986801583809943,0.011438627364716234,0.07171139463264409,0.011878574571051475,0.09986801583809943,0.011438627364716234,0.04179498460184778,0.24153101627804663,0.08095028596568411,0.010118785745710514,0.03563572371315442
0.12957249889819303,0.01895107977082415,0.01498457470251212,0.10268840899074483,0.01895107977082415,0.10092551784927281,0.011018069634200088,0.07007492287351257,0.013221683561040106,0.09739973556632878,0.007933010136624064,0.04186866460996033,0.24856765094755398,0.0758043190832966,0.011018069634200088,0.0370207139709123
0.1312197269925143,0.01805372082782915,0.017173051519154558,0.10215763980625275,0.017613386173491855,0.09951563188022898,0.011008366358432409,0.07001321003963012,0.012769704975781594,0.09863496257155438,0.007926023778071334,0.04315279612505504,0.2430647291941876,0.08234258036107442,0.010127697049757816,0.03522677234698371
0.13160211267605634,0.018485915492957746,0.01584507042253521,0.10211267605633803,0.018485915492957746,0.10211267605633803,0.012764084507042254,0.06998239436619719,0.011003521126760563,0.09991197183098592,0.007042253521126761,0.043133802816901406,0.24119718309859156,0.08142605633802817,0.009242957746478873,0.035651408450704226
0.13676341248900617,0.01802990325417766,0.0158311345646438,0.09850483729111698,0.01759014951627089,0.1011433597185576,0.010993843447669306,0.07475813544415127,0.012313104661389622,0.09718557607739665,0.007475813544415127,0.0426561125769569,0.24626209322779244,0.07871591908531222,0.007475813544415127,0.03430079155672823
0.13730684326710818,0.017660044150110375,0.01545253863134658,0.10022075055187638,0.016335540838852098,0.10419426048565121,0.010154525386313467,0.07328918322295806,0.011920529801324504,0.09448123620309051,0.008830022075055188,0.045033112582781455,0.24150110375275938,0.08256070640176601,0.007947019867549669,0.033112582781456956
