C_R,C_A,C_S,C_N,D_R,D_A,D_S,D_N,Oc_R,Oc_A,Oc_S,Oc_N,Od_R,Od_A,Od_S,Od_N
0.0,0.0,1.0,0.0,0.0,0.0,0.0,0.0,0.0,0.0,0.0,0.0,0.0,0.0,0.0,0.0
0.0,0.0,0.6,0.0,0.0,0.0,0.0,0.0,0.0,0.0,0.4,0.0,0.0,0.0,0.0,0.0
0.0,0.0,0.5714285714285714,0.0,0.0,0.0,0.0,0.0,0.0,0.0,0.42857142857142855,0.0,0.0,0.0,0.0,0.0
0.0,0.0,0.36363636363636365,0.0,0.0,0.0,0.0,0.0,0.0,0.0,0.45454545454545453,0.0,0.18181818181818182,0.0,0.0,0.0
0.0,0.0,0.3157894736842105,0.0,0.0,0.0,0.0,0.10526315789473684,0.0,0.0,0.3684210526315789,0.0,0.21052631578947367,0.0,0.0,0.0
0.0,0.0,0.25,0.0,0.0,0.03571428571428571,0.0,0.10714285714285714,0.0,0.0,0.32142857142857145,0.0,0.2857142857142857,0.0,0.0,0.0
0.0,0.0,0.24324324324324326,0.0,0.0,0.05405405405405406,0.0,0.08108108108108109,0.02702702702702703,0.0,0.24324324324324326,0.0,0.35135135135135137,0.0,0.0,0.0
0.0,0.0,0.23636363636363636,0.0,0.0,0.05454545454545454,0.0,0.07272727272727272,0.03636363636363636,0.0,0.23636363636363636,0.0,0.36363636363636365,0.0,0.0,0.0
0.0,0.0,0.2125,0.0125,0.0,0.0625,0.0,0.0875,0.025,0.0,0.25,0.0125,0.3375,0.0,0.0,0.0
0.0,0.0,0.20909090909090908,0.01818181818181818,0.02727272727272727,0.045454545454545456,0.0,0.09090909090909091,0.02727272727272727,0.0,0.23636363636363636,0.00909090909090909,0.33636363636363636,0.0,0.0,0.0
0.0,0.0,0.24161073825503357,0.026845637583892617,0.03355704697986577,0.04697986577181208,0.0,0.087248322147651,0.026845637583892617,0.0,0.20134228187919462,0.006711409395973154,0.3288590604026846,0.0,0.0,0.0
0.0,0.005128205128205128,0.23076923076923078,0.041025641025641026,0.041025641025641026,0.05128205128205128,0.0,0.1076923076923077,0.02564102564102564,0.0,0.20512820512820512,0.005128205128205128,0.28717948717948716,0.0,0.0,0.0
0.0,0.007462686567164179,0.22761194029850745,0.048507462686567165,0.03731343283582089,0.055970149253731345,0.0,0.12313432835820895,0.029850746268656716,0.0,0.1828358208955224,0.0037313432835820895,0.2835820895522388,0.0,0.0,0.0
0.0,0.008547008547008548,0.20512820512820512,0.06552706552706553,0.03133903133903134,0.05413105413105413,0.0,0.12535612535612536,0.03133903133903134,0.0,0.1794871794871795,0.002849002849002849,0.28774928774928776,0.0,0.005698005698005698,0.002849002849002849
0.0,0.011494252873563218,0.2045977011494253,0.06666666666666667,0.03218390804597701,0.05747126436781609,0.0,0.12643678160919541,0.029885057471264367,0.004597701149425287,0.16551724137931034,0.0022988505747126436,0.28735632183908044,0.004597701149425287,0.004597701149425287,0.0022988505747126436
0.0,0.01125703564727955,0.19699812382739212,0.08442776735459662,0.03377110694183865,0.06566604127579738,0.00375234521575985,0.11819887429643527,0.03377110694183865,0.005628517823639775,0.15572232645403378,0.001876172607879925,0.27204502814258913,0.0075046904315197,0.0075046904315197,0.001876172607879925
0.0,0.014195583596214511,0.19558359621451105,0.0914826498422713,0.04258675078864353,0.05993690851735016,0.00473186119873817,0.11198738170347003,0.02996845425867508,0.00473186119873817,0.1529968454258675,0.00473186119873817,0.2634069400630915,0.011041009463722398,0.00946372239747634,0.0031545741324921135
0.0013812154696132596,0.012430939226519336,0.19889502762430938,0.09116022099447514,0.04834254143646409,0.05110497237569061,0.004143646408839779,0.10359116022099447,0.031767955801104975,0.008287292817679558,0.1574585635359116,0.006906077348066298,0.2569060773480663,0.012430939226519336,0.009668508287292817,0.0055248618784530384
0.0011976047904191617,0.013173652694610778,0.19401197604790418,0.09940119760479042,0.05149700598802395,0.05029940119760479,0.005988023952095809,0.09940119760479042,0.031137724550898204,0.010778443113772455,0.1473053892215569,0.005988023952095809,0.2502994011976048,0.01437125748502994,0.017964071856287425,0.00718562874251497
0.0053533190578158455,0.010706638115631691,0.1809421841541756,0.10171306209850108,0.05460385438972163,0.04925053533190578,0.0053533190578158455,0.10599571734475374,0.033190578158458245,0.011777301927194861,0.13597430406852248,0.009635974304068522,0.24732334047109208,0.017130620985010708,0.020342612419700215,0.010706638115631691
0.008547008547008548,0.00949667616334283,0.17663817663817663,0.10826210826210826,0.05413105413105413,0.045584045584045586,0.005698005698005698,0.10256410256410256,0.030389363722697058,0.015194681861348529,0.1462488129154796,0.012345679012345678,0.24216524216524216,0.014245014245014245,0.02184235517568851,0.006647673314339981
0.012037833190025795,0.007738607050730868,0.18142734307824593,0.1117798796216681,0.05417024935511608,0.04815133276010318,0.005159071367153913,0.10404127257093723,0.03353396388650043,0.02235597592433362,0.13413585554600171,0.010318142734307825,0.22785898538263114,0.017196904557179708,0.023215821152192607,0.006878761822871883
0.014878621769772905,0.008613938919342208,0.1793265465935787,0.11667971808927173,0.05403288958496476,0.047768206734534066,0.004698512137823023,0.10806577916992952,0.03288958496476116,0.025058731401722788,0.13155833985904464,0.010180109631949883,0.21848081440877057,0.017227877838684416,0.021143304620203602,0.009397024275646046
0.015759312320916905,0.007879656160458453,0.17765042979942694,0.12893982808022922,0.0508595988538682,0.04512893982808023,0.0057306590257879654,0.10816618911174786,0.027936962750716332,0.027936962750716332,0.12893982808022922,0.008595988538681949,0.2134670487106017,0.01790830945558739,0.025071633237822348,0.01002865329512894
0.020942408376963352,0.007198952879581152,0.17081151832460734,0.13089005235602094,0.05170157068062827,0.051047120418848166,0.007853403141361256,0.10602094240837696,0.030104712041884817,0.030759162303664923,0.11714659685863875,0.009162303664921465,0.2107329842931937,0.017015706806282723,0.028795811518324606,0.00981675392670157
0.027624309392265192,0.00798035604665439,0.16758747697974216,0.13934929404542665,0.05463474524248005,0.049723756906077346,0.007366482504604052,0.10313075506445672,0.028238182934315532,0.03437691835481891,0.10804174340085942,0.009208103130755065,0.20503376304481277,0.017188459177409455,0.028852056476365868,0.011663597298956415
0.030250145433391506,0.005817335660267597,0.16055846422338568,0.15125072716695753,0.055846422338568937,0.0477021524141943,0.008726003490401396,0.10296684118673648,0.027923211169284468,0.038976148923792905,0.09947643979057591,0.008726003490401396,0.20011634671320536,0.01687027341477603,0.029086678301337987,0.015706806282722512
0.03467253714914695,0.00550357732526142,0.1601541001651073,0.15299944964226747,0.0550357732526142,0.04678040726472207,0.008805723720418272,0.10346725371491469,0.026967528893780957,0.04072647220693451,0.09906439185470556,0.008805723720418272,0.19372592184920198,0.015410016510731976,0.030820033021463952,0.0170610897083104
0.03943954333160353,0.007265179034769071,0.15879605604566685,0.15412558380902958,0.05552672548002076,0.049818370524130774,0.009859885832900882,0.10119356512714063,0.02542812662169175,0.04774260508562533,0.0892579138557343,0.008303061754021795,0.18993253762324858,0.015568240788790867,0.029060716139076286,0.01868188894654904
0.04160401002506266,0.009022556390977444,0.1468671679197995,0.16090225563909774,0.05513784461152882,0.05213032581453634,0.010526315789473684,0.0987468671679198,0.026566416040100252,0.05162907268170426,0.08822055137844612,0.008020050125313283,0.1824561403508772,0.016541353383458645,0.03007518796992481,0.02155388471177945
0.04532304725168756,0.008678881388621022,0.1485053037608486,0.1595949855351977,0.05400192864030858,0.05014464802314368,0.011089681774349084,0.09691417550626807,0.02459016393442623,0.05641272902603665,0.08244937319189971,0.007232401157184185,0.1837029893924783,0.016875602700096432,0.03085824493731919,0.023625843780135006
0.050396640223985066,0.00979934671021932,0.14232384507699486,0.163322445170322,0.055529631357909476,0.050396640223985066,0.009332711152589827,0.09146056929538031,0.025198320111992533,0.05646290247316846,0.08306112925804947,0.008866075594960336,0.17965468968735418,0.016332244517032198,0.03359776014932338,0.02426504899673355
0.05110497237569061,0.01151012891344383,0.14226519337016574,0.16022099447513813,0.05478821362799263,0.05064456721915286,0.010128913443830571,0.09300184162062615,0.02302025782688766,0.058011049723756904,0.08517495395948435,0.010128913443830571,0.1781767955801105,0.015193370165745856,0.031767955801104975,0.024861878453038673
0.05558065973791233,0.013104383190239493,0.13917758698599186,0.1509263443289652,0.055128784455490284,0.04925440578400361,0.010393131495707185,0.09850881156800723,0.02349751468594668,0.05693628558517849,0.08811568007230004,0.010845006778129237,0.18210573881608677,0.013104383190239493,0.03253502033438771,0.02078626299141437
0.06037567084078712,0.011180679785330949,0.1346153846153846,0.1475849731663685,0.05456171735241502,0.05143112701252236,0.011180679785330949,0.09660107334525939,0.022808586762075134,0.06082289803220036,0.08676207513416816,0.011180679785330949,0.1851520572450805,0.0129695885509839,0.03130590339892665,0.02146690518783542
0.060123784261715295,0.011936339522546418,0.1330680813439434,0.14633068081343945,0.054376657824933686,0.04730327144120248,0.011052166224580018,0.09858532272325375,0.025198938992042442,0.0618921308576481,0.08885941644562334,0.010610079575596816,0.1839080459770115,0.013262599469496022,0.032714412024756855,0.020778072502210435
0.0641025641025641,0.011494252873563218,0.13351016799292661,0.14456233421750664,0.052608311229000886,0.048187444739168875,0.013262599469496022,0.09637488947833775,0.027851458885941646,0.0623342175066313,0.08532272325375774,0.011936339522546418,0.1808134394341291,0.014146772767462422,0.03227232537577365,0.021220159151193633
0.06098099867432612,0.01104728236853734,0.13521873619089703,0.14096332302253645,0.0552364118426867,0.04728236853733982,0.014582412726469289,0.09412284577993814,0.030048608042421564,0.0618647812638091,0.0821917808219178,0.012372956252761821,0.1811754308440124,0.016349977905435263,0.03225806451612903,0.024304021210782147
0.06213936972924989,0.01154016866400355,0.13049267643142476,0.1411451398135819,0.05415002219263205,0.04971149578339991,0.01287172658677319,0.0954283177984909,0.032401242787394584,0.06258322237017311,0.08166888592987129,0.013759431868619618,0.17976031957390146,0.016866400355082113,0.030181979582778518,0.02529960053262317
0.06532222709338009,0.01183691363437089,0.12626041209995617,0.13985094256904868,0.0530469092503288,0.04603244191144235,0.014028934677772907,0.09688733011836914,0.029811486190267425,0.06356861025865848,0.08285839544059623,0.016220955721174924,0.18281455501972818,0.016659359929855327,0.03024989039894783,0.024550635686102586
0.06557377049180328,0.013735046521931768,0.12893221089942403,0.14000886132033674,0.05449712007089056,0.04519273371732388,0.014621178555604785,0.09348692955250332,0.028799291094373063,0.06025697828976517,0.08551174124944617,0.013735046521931768,0.18342933097031458,0.01595037660611431,0.02968542312804608,0.02658396101019052
0.06857911250560286,0.014343343792021516,0.12460779919318692,0.1407440609592111,0.049305244285073956,0.04975347377857463,0.01523980277902286,0.09188704616763783,0.027790228597041687,0.06230389959659346,0.08292245629762439,0.012998655311519497,0.18691169878978037,0.01523980277902286,0.03227252353204841,0.02510085163603765
0.07123893805309735,0.01592920353982301,0.12654867256637167,0.13982300884955753,0.04911504424778761,0.049557522123893805,0.01504424778761062,0.0920353982300885,0.02654867256637168,0.059734513274336286,0.08539823008849558,0.01415929203539823,0.18230088495575222,0.017699115044247787,0.030530973451327433,0.024336283185840708
0.0729765590446705,0.013268465280849183,0.12030075187969924,0.14153029632905795,0.04555506413091552,0.05174701459531181,0.015037593984962405,0.09332153914197258,0.029632905793896505,0.058823529411764705,0.08580274214949138,0.014153029632905795,0.18089340999557718,0.01813356921716055,0.03140203449800973,0.027421494913754976
0.07052124397722295,0.01576872536136662,0.12133158125273763,0.1401664476565922,0.045992115637319315,0.053438458169075775,0.016644765659220323,0.09286027157249234,0.032413491020586944,0.056504599211563734,0.08278580814717477,0.01576872536136662,0.18221638195356987,0.017082785808147174,0.03153745072273324,0.024967148488830485
0.06954225352112677,0.015404929577464789,0.12191901408450705,0.14084507042253522,0.04533450704225352,0.0488556338028169,0.017605633802816902,0.09154929577464789,0.03433098591549296,0.05677816901408451,0.0801056338028169,0.01584507042253521,0.18441901408450703,0.018045774647887324,0.032130281690140844,0.027288732394366196
0.07322452580502867,0.013674459638288486,0.12262902514336127,0.145125716806352,0.04455227172474636,0.04631671812968681,0.016321129245699163,0.0917512130569034,0.032201146890163214,0.05734450816056462,0.08028231142479048,0.017203352448169385,0.18217909131010146,0.01940891045434495,0.030436700485222762,0.027348919276576972
0.07481186365648516,0.015493581230633024,0.12527667109340415,0.13767153607791058,0.04648074369189907,0.05046480743691899,0.01593625498007968,0.0903054448871182,0.03408587870739265,0.05223550243470562,0.07613988490482515,0.016821602478972998,0.1845949535192563,0.0199203187250996,0.03231518370960602,0.027445772465692783
0.07733333333333334,0.015555555555555555,0.12088888888888889,0.13733333333333334,0.044444444444444446,0.050666666666666665,0.017333333333333333,0.09111111111111111,0.03422222222222222,0.04844444444444444,0.08,0.017333333333333333,0.18577777777777776,0.01911111111111111,0.035111111111111114,0.025333333333333333
0.07524487978628673,0.014692787177203919,0.12021371326803205,0.13980409617097062,0.04363312555654497,0.04986642920747997,0.015583259127337488,0.08949243098842387,0.03250222617987533,0.04853072128227961,0.08281389136242208,0.01647373107747106,0.18744434550311664,0.021816562778272486,0.035173642030276044,0.026714158504007122
0.07736516357206012,0.015915119363395226,0.1184792219274978,0.13793103448275862,0.046419098143236075,0.052608311229000886,0.015473032714412025,0.09151193633952255,0.03359858532272325,0.04553492484526967,0.08267020335985853,0.015473032714412025,0.1865605658709107,0.021220159151193633,0.034482758620689655,0.02475685234305924
0.07353588727432848,0.016292382210479964,0.12285336856010567,0.14002642007926025,0.04579480405107882,0.05239982386613826,0.015852047556142668,0.09026860413914575,0.029502421840598855,0.0488771466314399,0.08146191105239982,0.015411712901805373,0.18538088947600176,0.021136063408190225,0.035667107001321,0.02553940995156319
0.07167985927880387,0.016270888302550572,0.11961301671064203,0.13940193491644678,0.04573438874230431,0.055848724714160074,0.014951627088830254,0.08839050131926121,0.030343007915567283,0.04969217238346526,0.079155672823219,0.018469656992084433,0.19041336851363236,0.022427440633245383,0.032541776605101144,0.025065963060686015
0.07221976074435091,0.017279574656623838,0.11962782454585734,0.1338059370846256,0.042977403633141335,0.056712450155073105,0.015507310589277802,0.0921577315019938,0.030128489144882586,0.05050952591936198,0.08063801506424458,0.01860877270713336,0.18608772707133364,0.024368630926007974,0.03544528134692069,0.023925564909171467
0.07092198581560284,0.017287234042553192,0.12101063829787234,0.1351950354609929,0.04299645390070922,0.05452127659574468,0.016400709219858155,0.09175531914893617,0.03235815602836879,0.04831560283687943,0.07890070921985816,0.020833333333333332,0.18351063829787234,0.027925531914893616,0.03546099290780142,0.022606382978723406
0.07519788918205805,0.014951627088830254,0.11741424802110818,0.13280562884784522,0.04573438874230431,0.05364995602462621,0.016710642040457344,0.09410729991204925,0.0316622691292876,0.04793315743183817,0.0760773966578716,0.01978891820580475,0.18953386103781883,0.029023746701846966,0.03386103781882146,0.021547933157431837
0.07342657342657342,0.015297202797202798,0.1145104895104895,0.13286713286713286,0.044580419580419584,0.05506993006993007,0.019230769230769232,0.0944055944055944,0.03190559440559441,0.05026223776223776,0.07124125874125874,0.019230769230769232,0.19187062937062938,0.028409090909090908,0.034527972027972025,0.023164335664335664
0.07315998237108859,0.016747465843984136,0.10973997355663288,0.13794623182018512,0.044072278536800354,0.05332745702952843,0.018069634200088145,0.08946672542970471,0.03129131776112825,0.05156456588805641,0.07360070515645659,0.021595416483032173,0.19303657999118554,0.026443367122080213,0.03525782282944028,0.0246804759806082
0.07616926503340757,0.01915367483296214,0.11180400890868597,0.13808463251670378,0.042316258351893093,0.05256124721603563,0.01826280623608018,0.08641425389755011,0.032071269487750555,0.051670378619153676,0.07082405345211581,0.02182628062360802,0.1910913140311804,0.028953229398663696,0.032516703786191536,0.026280623608017816
0.07638279192273925,0.018437225636523266,0.10842844600526778,0.1356453028972783,0.043898156277436345,0.05311676909569798,0.01755926251097454,0.08911325724319578,0.031167690956979806,0.05487269534679543,0.06892010535557506,0.0228270412642669,0.19315188762071994,0.026777875329236173,0.0324846356453029,0.027216856892010536
0.0757238307349666,0.018708240534521157,0.10824053452115813,0.13630289532293988,0.04320712694877506,0.05612472160356347,0.0200445434298441,0.08463251670378619,0.032071269487750555,0.054788418708240534,0.06859688195991091,0.023608017817371936,0.19420935412026727,0.025835189309576838,0.0334075723830735,0.024498886414253896
0.07164971251658558,0.017249004865103935,0.1092436974789916,0.13135780628040689,0.040689960194604156,0.057938965059708095,0.021671826625386997,0.08226448474126492,0.03184431667403804,0.05484298982750995,0.06988058381247236,0.02344095532950022,0.19858469703670942,0.02697921273772667,0.034055727554179564,0.02830605926581159
0.0693950177935943,0.016459074733096084,0.10987544483985764,0.13300711743772242,0.04448398576512456,0.05782918149466192,0.022686832740213523,0.08407473309608542,0.03069395017793594,0.05604982206405694,0.06806049822064057,0.02402135231316726,0.19706405693950177,0.027580071174377226,0.03113879003558719,0.027580071174377226
0.07567091948966125,0.01847778266608007,0.11526616805983282,0.1271447426308843,0.04223493180818302,0.05719313682358117,0.019797624285085788,0.0818301803783546,0.029476462824461064,0.05411350637923449,0.06731192256929168,0.02199736031676199,0.19753629564452266,0.029036515618125824,0.032116146062472505,0.030796304443466784
0.07654867256637168,0.021238938053097345,0.11194690265486726,0.12389380530973451,0.046460176991150445,0.05663716814159292,0.01902654867256637,0.08141592920353982,0.031415929203539826,0.05575221238938053,0.06548672566371681,0.02256637168141593,0.19690265486725664,0.027876106194690265,0.03185840707964602,0.030973451327433628
0.07563764291996482,0.021547933157431837,0.10993843447669305,0.1248900615655233,0.048812664907651716,0.05804749340369393,0.019349164467897976,0.08047493403693931,0.030343007915567283,0.05452946350043975,0.06596306068601583,0.023746701846965697,0.19525065963060687,0.029023746701846966,0.030782761653474055,0.0316622691292876
0.0758988015978695,0.02174877940523746,0.11273857079449623,0.12339103417665336,0.0461606746560142,0.05947625388371061,0.01908566355969818,0.08255659121171771,0.030181979582778518,0.05015534842432313,0.06569019085663559,0.02574345317354638,0.19840213049267644,0.02663115845539281,0.030181979582778518,0.03195739014647137
0.07418788410886742,0.022388059701492536,0.1141352063213345,0.12554872695346794,0.05004389815627744,0.05706760316066725,0.02019315188762072,0.08033362598770852,0.028533801580333626,0.04916593503072871,0.0684811237928007,0.02897278314310799,0.19666374012291485,0.025460930640913083,0.028533801580333626,0.03028972783143108
0.07631230701367446,0.022055580061755623,0.10895456550507278,0.12880458756065286,0.04764005293339215,0.05866784296426996,0.020291133656815175,0.08292898103220114,0.027790030877812087,0.04631671812968681,0.06660785178650198,0.027790030877812087,0.19894133215703572,0.027348919276576972,0.029113365681517425,0.030436700485222762
0.07617360496014172,0.023029229406554472,0.10894596988485385,0.12976085031000886,0.047829937998228524,0.05491585473870682,0.020814880425155006,0.08370239149689991,0.027900797165633304,0.04384410983170948,0.06598759964570416,0.026572187776793623,0.20239149689991143,0.029229406554472984,0.02967227635075288,0.029229406554472984
0.07651245551601424,0.023576512455516015,0.1103202846975089,0.1258896797153025,0.04893238434163701,0.056494661921708184,0.022686832740213523,0.0800711743772242,0.02802491103202847,0.0449288256227758,0.06761565836298933,0.026245551601423486,0.20062277580071175,0.027580071174377226,0.02802491103202847,0.032473309608540925
0.07584392810170977,0.023235423060061378,0.10872424375274002,0.13064445418676018,0.050416483998246386,0.056992547128452434,0.024550635686102586,0.08285839544059623,0.025865848312143797,0.04559403770276195,0.06532222709338009,0.02498903989478299,0.1981587023235423,0.025865848312143797,0.029373081981587022,0.03156510302498904
0.07539682539682539,0.024691358024691357,0.10934744268077601,0.12345679012345678,0.048500881834215165,0.0564373897707231,0.02292768959435626,0.08465608465608465,0.026455026455026454,0.043209876543209874,0.06481481481481481,0.026455026455026454,0.20458553791887124,0.023809523809523808,0.03042328042328042,0.034832451499118164
0.07620320855614973,0.026292335115864526,0.11140819964349376,0.12745098039215685,0.0481283422459893,0.05748663101604278,0.023618538324420676,0.08467023172905526,0.023618538324420676,0.04634581105169341,0.06105169340463458,0.026292335115864526,0.19875222816399288,0.02807486631016043,0.027183600713012478,0.03342245989304813
0.07767421216156237,0.024411895250776743,0.1114070128717266,0.12516644474034622,0.04837993786063027,0.060363959165557035,0.020417221482467822,0.0887705281846427,0.023524189968930315,0.04660452729693742,0.055481580115401684,0.028406569019085663,0.2006213936972925,0.027075011096316024,0.027518863737239236,0.03417665335108744
0.07855251544571933,0.026037069726390114,0.11341571050308914,0.12797881729920565,0.04324801412180053,0.06045895851721095,0.02118270079435128,0.08649602824360106,0.024271844660194174,0.04633715798764342,0.05207413945278023,0.029567519858781994,0.2030008826125331,0.026919682259488084,0.026919682259488084,0.03353927625772286
0.08053097345132744,0.025221238938053097,0.11283185840707964,0.1256637168141593,0.045575221238938056,0.0584070796460177,0.023008849557522124,0.08893805309734513,0.02256637168141593,0.04380530973451328,0.05265486725663717,0.028761061946902654,0.19911504424778761,0.02920353982300885,0.02654867256637168,0.03716814159292035
0.0840299164100308,0.025956885173779146,0.1139463264408271,0.12230532336119665,0.04575450945886494,0.05587329520457545,0.02243730752309723,0.08886933567971843,0.02199736031676199,0.0475142982842059,0.05191377034755829,0.03167619885613726,0.194456665200176,0.029476462824461064,0.025076990761108666,0.0387153541575011
0.08165997322623829,0.0285586791610888,0.1142347166443552,0.12449799196787148,0.04373047746541722,0.05488621151271754,0.023650156180276664,0.0821062025881303,0.020526550647032574,0.04596162427487729,0.055778670236501564,0.031236055332440876,0.19723337795626952,0.03346720214190094,0.0249888442659527,0.03748326639892905
0.07977082415160863,0.02864698104892023,0.11106214191273689,0.13177611282503304,0.045394446892904367,0.052886734244160426,0.02247686205376818,0.0885852798589687,0.017188188629352136,0.04363155575143235,0.05112384310268841,0.02996914940502424,0.20405464962538564,0.03305420890260027,0.025561921551344204,0.03481710004407228
0.08907415533128565,0.029398859148749453,0.10969723562966213,0.13251426064063185,0.04256252742430891,0.05089951733216323,0.022817025010969723,0.08512505484861782,0.017990346643264588,0.0443176831943835,0.04870557261956999,0.031154014918824045,0.20008775778850374,0.03422553751645459,0.02720491443615621,0.03422553751645459
0.08558951965065502,0.030131004366812226,0.1056768558951965,0.13406113537117903,0.04192139737991266,0.053711790393013104,0.024017467248908297,0.08471615720524017,0.017467248908296942,0.046724890829694325,0.046724890829694325,0.032314410480349345,0.19912663755458515,0.03537117903930131,0.02794759825327511,0.03449781659388646
0.08580274214949138,0.029632905793896505,0.10482087571870853,0.13224237063246352,0.04290137107474569,0.05661211853162318,0.02344095532950022,0.08845643520566121,0.016364440513047324,0.04467049977885891,0.0437859354268023,0.03007518796992481,0.2043343653250774,0.03494029190623618,0.02786377708978328,0.034055727554179564
0.08461877479065667,0.02996914940502424,0.10312913177611283,0.13397972675187308,0.04715733803437638,0.05112384310268841,0.021154693697664168,0.09078889378580873,0.016747465843984136,0.04275011018069634,0.045835169678272364,0.031732040546496254,0.20361392684001764,0.03525782282944028,0.025561921551344204,0.036579991185544294
0.0856760374832664,0.030789825970548863,0.0999553770638108,0.13609995537706382,0.04730031236055333,0.05176260597947345,0.020972780008924587,0.08879964301651048,0.016956715751896476,0.04060687193217314,0.047746541722445336,0.03346720214190094,0.2034805890227577,0.03480589022757698,0.024096385542168676,0.03748326639892905
0.08530594015185351,0.030817329164805715,0.09513175524787852,0.14292094685127288,0.045556051808843236,0.053595355069227336,0.02054488610987048,0.09021884769986602,0.016971862438588656,0.04242965609647164,0.04689593568557392,0.030370701205895488,0.2090218847699866,0.030817329164805715,0.022331397945511387,0.03707012058954891
0.08613074204946997,0.03312720848056537,0.09187279151943463,0.1439929328621908,0.04284452296819788,0.055212014134275615,0.02075971731448763,0.08789752650176678,0.018109540636042403,0.04063604240282685,0.04549469964664311,0.03224381625441696,0.21157243816254417,0.03401060070671378,0.02075971731448763,0.0353356890459364
0.08595480726628267,0.03234381922906513,0.0921577315019938,0.14222419140451928,0.043863535666814356,0.056269384138236594,0.01905183872396987,0.08949933540097474,0.017722640673460344,0.03943287549844927,0.044306601683650866,0.03190075321222862,0.21311475409836064,0.034559149313247675,0.021710234824988923,0.0358883473637572
0.09198423127463863,0.0328515111695138,0.09067017082785808,0.14323258869908015,0.043802014892685065,0.05562855891371003,0.017082785808147174,0.08497590889180902,0.019272886552781428,0.03898379325448971,0.04424003504161191,0.0346035917652212,0.2084975908891809,0.03679369250985545,0.022339027595269383,0.03504161191414805
0.09607756721022477,0.03305420890260027,0.09211106214191274,0.14323490524460114,0.04275011018069634,0.05905685323931247,0.01630674305861613,0.08197443807844866,0.01851035698545615,0.0374614367562803,0.04451300132216836,0.03481710004407228,0.20978404583516969,0.03613926840017629,0.021595416483032173,0.03261348611723226
0.09082931110136025,0.030715225976305396,0.09565598946906538,0.14304519526107942,0.04256252742430891,0.055726195699868364,0.017990346643264588,0.08117595436594997,0.02106186924089513,0.03949100482667837,0.045634050021939446,0.031592803861342694,0.21193505923650724,0.035103115401491886,0.02150065818341378,0.035980693286529176
0.08930150309460655,0.03138815207780725,0.09106984969053934,0.14235190097259062,0.042440318302387266,0.053934571175950484,0.020335985853227233,0.07780725022104333,0.023872679045092837,0.04111405835543767,0.04951370468611848,0.034482758620689655,0.20999115826702033,0.03580901856763926,0.01989389920424403,0.03669319186560566
0.09130624726955003,0.0327653997378768,0.09392747924858016,0.14067278287461774,0.04325032765399738,0.05286151157710791,0.020969855832241154,0.07951070336391437,0.020969855832241154,0.04193971166448231,0.05024027959807777,0.03494975972040192,0.20576671035386632,0.03582350371341197,0.019222367846221056,0.03582350371341197
0.09222027972027973,0.032342657342657344,0.09134615384615384,0.14029720279720279,0.04414335664335664,0.052884615384615384,0.021416083916083916,0.07692307692307693,0.023164335664335664,0.041520979020979024,0.05419580419580419,0.03409090909090909,0.20454545454545456,0.036276223776223776,0.020104895104895104,0.034527972027972025
0.0907900480139677,0.03360977738978612,0.09340899170667831,0.13793103448275862,0.046268005237887384,0.0528153644696639,0.023134002618943692,0.07507638585770406,0.023134002618943692,0.04103011785246617,0.04801396769969446,0.032736796158882586,0.20689655172413793,0.037101702313400264,0.022697512003491925,0.03535573985159319
0.0864308105687416,0.032691446484549934,0.09583519928347514,0.13972234661889835,0.04478280340349306,0.05329153605015674,0.02328705776981639,0.07344379758172861,0.02418271383788625,0.03672189879086431,0.04567845947156292,0.03493058665472459,0.21137483206448723,0.036274070756829375,0.02418271383788625,0.03716972682489924
0.08436395759717315,0.030918727915194347,0.09408127208480566,0.14266784452296818,0.045936395759717315,0.04991166077738516,0.02517667844522968,0.07641342756183746,0.022526501766784453,0.03666077738515901,0.045936395759717315,0.03356890459363958,0.21201413427561838,0.036219081272084806,0.026501766784452298,0.037102473498233215
0.08222222222222222,0.03244444444444444,0.09155555555555556,0.1391111111111111,0.04711111111111111,0.050222222222222224,0.02711111111111111,0.07511111111111111,0.025777777777777778,0.036,0.04711111111111111,0.032,0.2137777777777778,0.03688888888888889,0.025777777777777778,0.03777777777777778
0.08264101442938347,0.03454306952339309,0.09182334936598163,0.14123305640577175,0.04416265850459117,0.050284215128989944,0.028421512898994316,0.0765194578049847,0.026672496720594664,0.03279405334499344,0.045911674682990816,0.031482291211193704,0.21731526016615654,0.036292085701792744,0.024048972452995192,0.03585483165719283
0.08270676691729323,0.03582485625829279,0.08978328173374613,0.13578062804068997,0.04732419283502875,0.05263157894736842,0.026536930561698365,0.07916850950906679,0.024325519681556832,0.03361344537815126,0.04555506413091552,0.03449800973020787,0.21716054842989826,0.0362671384343211,0.022998673153471916,0.03582485625829279
0.0821062025881303,0.03480589022757698,0.09013833110218653,0.13520749665327977,0.04730031236055333,0.049085229808121376,0.029451137884872823,0.07675145024542615,0.022757697456492636,0.030789825970548863,0.047746541722445336,0.03748326639892905,0.2177599286033021,0.04060687193217314,0.01963409192324855,0.038375725122713075
0.0871295886775763,0.03184431667403804,0.08668730650154799,0.13622291021671826,0.04599734630694383,0.04732419283502875,0.03140203449800973,0.07651481645289694,0.023883237505528527,0.029632905793896505,0.04555506413091552,0.03759398496240601,0.21716054842989826,0.04290137107474569,0.020787262273330383,0.03936311366651924
0.09090909090909091,0.03662842012356576,0.08340688437775816,0.13680494263018536,0.04457193292144748,0.048984995586937335,0.032215357458075904,0.07325684024713151,0.02294792586054722,0.02912621359223301,0.04501323918799647,0.03574580759046778,0.21535745807590467,0.043689320388349516,0.020741394527802295,0.04060017652250662
0.09182776801405976,0.03734622144112478,0.0812829525483304,0.13532513181019332,0.0492091388400703,0.04964850615114236,0.031195079086115993,0.07161687170474516,0.021968365553602813,0.02899824253075571,0.043497363796133566,0.04130052724077329,0.21309314586994726,0.04437609841827768,0.021528998242530756,0.037785588752196834
0.09375,0.03477112676056338,0.07922535211267606,0.13204225352112675,0.04841549295774648,0.04709507042253521,0.02948943661971831,0.0761443661971831,0.022007042253521125,0.02992957746478873,0.043133802816901406,0.0448943661971831,0.21610915492957747,0.04401408450704225,0.02244718309859155,0.03653169014084507
0.09054945054945054,0.03428571428571429,0.07692307692307693,0.12923076923076923,0.05098901098901099,0.04659340659340659,0.03076923076923077,0.07472527472527472,0.02065934065934066,0.02989010989010989,0.04483516483516484,0.04483516483516484,0.2175824175824176,0.047032967032967034,0.023736263736263738,0.03736263736263736
0.09355692850838482,0.0353045013239188,0.07546337157987644,0.12488967343336276,0.05163283318623124,0.04942630185348632,0.03265666372462489,0.07413945278022947,0.020741394527802295,0.03000882612533098,0.045454545454545456,0.04148278905560459,0.21668137687555164,0.04501323918799647,0.02471315092674316,0.038834951456310676
0.09308510638297872,0.03368794326241135,0.07446808510638298,0.1254432624113475,0.050975177304964536,0.047429078014184396,0.03235815602836879,0.06870567375886524,0.0199468085106383,0.03235815602836879,0.04609929078014184,0.04210992907801418,0.2225177304964539,0.04831560283687943,0.02304964539007092,0.03945035460992908
0.0903054448871182,0.03408587870739265,0.07259849490925188,0.1248339973439575,0.05223550243470562,0.046038069942452416,0.035413899955732624,0.06728640991589199,0.019477644975652943,0.03142983621071271,0.04957945993802568,0.04205400619743249,0.2213368747233289,0.04780876494023904,0.02611775121735281,0.03939796370075255
0.09030837004405286,0.03480176211453744,0.0722466960352423,0.126431718061674,0.04977973568281938,0.04229074889867841,0.033480176211453744,0.06740088105726873,0.02158590308370044,0.032158590308370046,0.04757709251101322,0.044933920704845816,0.22202643171806166,0.04757709251101322,0.02643171806167401,0.040969162995594714
0.09486166007905138,0.03513394817742644,0.07114624505928854,0.12911725955204217,0.046991655687307864,0.043039086517347384,0.033816425120772944,0.06938954765041722,0.023276240667545016,0.02854633289415898,0.04655248133509003,0.04259991216512956,0.2204655248133509,0.050505050505050504,0.025911286780852,0.03864734299516908
0.10356985456148082,0.03393565447333627,0.07183781401498457,0.13177611282503304,0.04847950639048039,0.04098721903922433,0.03393565447333627,0.06787130894667254,0.02247686205376818,0.030409872190392245,0.045394446892904367,0.040546496253856326,0.21903922432789774,0.04627589246364037,0.02600264433671221,0.0374614367562803
0.09630606860158311,0.032981530343007916,0.0712401055408971,0.13368513632365875,0.047493403693931395,0.040457343887423045,0.03430079155672823,0.06684256816182937,0.02198768689533861,0.029463500439753737,0.048372911169744945,0.0395778364116095,0.22163588390501318,0.048372911169744945,0.027704485488126648,0.0395778364116095
0.1021034180543383,0.031989482909728306,0.0736196319018405,0.13190184049079753,0.04688869412795793,0.03943908851884312,0.03768624014022787,0.06441717791411043,0.02497808939526731,0.02848378615249781,0.04557405784399649,0.03987730061349693,0.21954425942156003,0.04732690622261174,0.02716914986853637,0.039000876424189306
0.10123239436619719,0.030809859154929578,0.06778169014084508,0.1311619718309859,0.04621478873239437,0.03961267605633803,0.03477112676056338,0.06602112676056338,0.02420774647887324,0.028169014084507043,0.04445422535211268,0.04137323943661972,0.22887323943661972,0.04929577464788732,0.02640845070422535,0.03961267605633803
0.10372340425531915,0.030141843971631204,0.06471631205673758,0.12943262411347517,0.04609929078014184,0.03856382978723404,0.034574468085106384,0.06604609929078015,0.026152482269503546,0.030585106382978722,0.04299645390070922,0.044326241134751775,0.23138297872340424,0.04875886524822695,0.02526595744680851,0.03723404255319149
0.10387323943661972,0.03125,0.061619718309859156,0.13600352112676056,0.04401408450704225,0.04137323943661972,0.03433098591549296,0.06514084507042253,0.025088028169014086,0.02992957746478873,0.03873239436619718,0.04357394366197183,0.23283450704225353,0.04753521126760563,0.027288732394366196,0.037411971830985914
0.10670194003527336,0.028659611992945325,0.06261022927689594,0.1349206349206349,0.04585537918871252,0.042328042328042326,0.034832451499118164,0.062169312169312166,0.026455026455026454,0.029541446208112873,0.03968253968253968,0.04409171075837742,0.23368606701940034,0.04585537918871252,0.02513227513227513,0.03747795414462081
0.10376940133037695,0.031042128603104215,0.06385809312638581,0.13658536585365855,0.04656319290465632,0.04212860310421286,0.03325942350332594,0.06119733924611973,0.024390243902439025,0.028824833702882482,0.03813747228381375,0.04523281596452328,0.23148558758314855,0.04656319290465632,0.028381374722838137,0.038580931263858094
0.10030932390631904,0.032699955810870526,0.06451612903225806,0.1391957578435705,0.04728236853733982,0.040653999116217414,0.03225806451612903,0.0618647812638091,0.02695536897923111,0.031816173221387536,0.03623508616880247,0.04286345558992488,0.23155103844454264,0.04639858594785683,0.026513477684489615,0.038886433937251434
0.10065934065934067,0.03208791208791209,0.06373626373626373,0.13758241758241757,0.04835164835164835,0.041758241758241756,0.03296703296703297,0.06241758241758242,0.027692307692307693,0.03164835164835165,0.036923076923076927,0.045714285714285714,0.2347252747252747,0.0421978021978022,0.025054945054945054,0.036483516483516484
0.09946476360392506,0.03256021409455843,0.06199821587867975,0.13336306868867082,0.04683318465655665,0.04103479036574487,0.034344335414808205,0.06289027653880463,0.027207850133809098,0.034344335414808205,0.03791257805530776,0.047725245316681535,0.23773416592328278,0.038804638715432646,0.025423728813559324,0.0383586083853702
0.0984182776801406,0.03163444639718805,0.06107205623901582,0.13312829525483305,0.04481546572934974,0.0421792618629174,0.03383128295254833,0.06458699472759227,0.027240773286467488,0.03251318101933216,0.038224956063268895,0.05140597539543058,0.23286467486818982,0.03998242530755712,0.026362038664323375,0.04173989455184534
0.09995615957913195,0.02893467777290662,0.06444541867601929,0.13678211310828584,0.04340201665935993,0.041209995615957916,0.033757124068391056,0.0661990355107409,0.0263042525208242,0.03244191144234985,0.0394563787812363,0.04734765453748356,0.23235423060061378,0.040333187198597104,0.026742656729504603,0.040333187198597104
0.1021671826625387,0.0291906236178682,0.06457319770013269,0.13489606368863336,0.04290137107474569,0.04201680672268908,0.033171163202122954,0.0659000442282176,0.027421494913754976,0.033171163202122954,0.03715170278637771,0.04953560371517028,0.23662096417514375,0.03847854931446263,0.024325519681556832,0.03847854931446263
0.10013291980505096,0.028356225077536552,0.06823216659282233,0.13602126716880816,0.044306601683650866,0.04209127159946832,0.03190075321222862,0.06601683650863979,0.028356225077536552,0.034559149313247675,0.03677447939743022,0.04873726185201595,0.2361541869738591,0.03633141338059371,0.024368630926007974,0.03766061143110323
0.10179903466432647,0.028082492321193506,0.06143045195261079,0.13514699429574376,0.04475647213690215,0.040368582711715666,0.031592803861342694,0.06713470820535322,0.027643703378674857,0.03466432645897324,0.035980693286529176,0.05353225098727512,0.23650724001755155,0.03861342694164107,0.022817025010969723,0.03992979376919702
0.09841129744042365,0.0264783759929391,0.06090026478375993,0.13636363636363635,0.04236540158870256,0.04148278905560459,0.032215357458075904,0.06707855251544571,0.02736098852603707,0.0353045013239188,0.03574580759046778,0.05339805825242718,0.23786407766990292,0.038834951456310676,0.022506619593998235,0.043689320388349516
0.09719789842381786,0.028021015761821366,0.06304728546409807,0.1317863397548161,0.043782837127845885,0.04203152364273205,0.031085814360770576,0.06567425569176882,0.026707530647985988,0.03283712784588441,0.03765323992994746,0.0542907180385289,0.239492119089317,0.03984238178633975,0.023204903677758317,0.043345008756567424
0.09991235758106924,0.02848378615249781,0.06485539000876424,0.12883435582822086,0.042068361086765996,0.03943908851884312,0.03067484662576687,0.06792287467134094,0.02716914986853637,0.03286590709903593,0.03549517966695881,0.05565293602103418,0.2427695004382121,0.034618755477651184,0.02497808939526731,0.04425942156003506
0.09711286089238845,0.031496062992125984,0.06430446194225722,0.12992125984251968,0.04330708661417323,0.04199475065616798,0.0284339457567804,0.06692913385826772,0.026246719160104987,0.03280839895013123,0.03543307086614173,0.05336832895888014,0.24803149606299213,0.0336832895888014,0.021434820647419073,0.045494313210848646
