C_R,C_A,C_S,C_N,D_R,D_A,D_S,D_N,Oc_R,Oc_A,Oc_S,Oc_N,Od_R,Od_A,Od_S,Od_N
0.0,0.0,0.0,0.0,0.0,0.0,0.0,0.0,0.0,0.0,1.0,0.0,0.0,0.0,0.0,0.0
0.0,0.3333333333333333,0.0,0.0,0.0,0.0,0.0,0.0,0.0,0.0,0.6666666666666666,0.0,0.0,0.0,0.0,0.0
0.0,0.2857142857142857,0.0,0.0,0.0,0.0,0.0,0.0,0.0,0.0,0.7142857142857143,0.0,0.0,0.0,0.0,0.0
0.0,0.27586206896551724,0.0,0.06896551724137931,0.0,0.0,0.0,0.0,0.0,0.0,0.6551724137931034,0.0,0.0,0.0,0.0,0.0
0.0,0.2830188679245283,0.0,0.07547169811320754,0.0,0.0,0.0,0.0,0.0,0.0,0.6037735849056604,0.0,0.0,0.0,0.03773584905660377,0.0
0.0,0.26666666666666666,0.0,0.08888888888888889,0.044444444444444446,0.0,0.0,0.0,0.0,0.0,0.5555555555555556,0.0,0.0,0.0,0.044444444444444446,0.0
0.0,0.2517482517482518,0.0,0.11188811188811189,0.04895104895104895,0.0,0.0,0.0,0.0,0.0,0.5174825174825175,0.013986013986013986,0.0,0.0,0.055944055944055944,0.0
0.0,0.24882629107981222,0.0,0.12206572769953052,0.046948356807511735,0.0,0.0,0.004694835680751174,0.004694835680751174,0.0,0.4788732394366197,0.018779342723004695,0.0,0.0,0.07511737089201878,0.0
0.0,0.24834437086092714,0.006622516556291391,0.1291390728476821,0.052980132450331126,0.0,0.0,0.0033112582781456954,0.0033112582781456954,0.0,0.44370860927152317,0.026490066225165563,0.0,0.0,0.08609271523178808,0.0
0.0,0.25495049504950495,0.009900990099009901,0.13613861386138615,0.05693069306930693,0.0,0.0,0.0024752475247524753,0.0024752475247524753,0.0,0.4034653465346535,0.034653465346534656,0.0024752475247524753,0.0,0.09653465346534654,0.0
0.0019157088122605363,0.24521072796934865,0.01532567049808429,0.13409961685823754,0.06704980842911877,0.0,0.0038314176245210726,0.0019157088122605363,0.0019157088122605363,0.0,0.3716475095785441,0.04789272030651341,0.0019157088122605363,0.0,0.1053639846743295,0.0019157088122605363
0.0015290519877675841,0.23394495412844038,0.024464831804281346,0.12538226299694188,0.07186544342507645,0.0030581039755351682,0.00764525993883792,0.0045871559633027525,0.0015290519877675841,0.0015290519877675841,0.3425076452599388,0.05657492354740061,0.0015290519877675841,0.0,0.12232415902140673,0.0015290519877675841
0.0012360939431396785,0.22249690976514216,0.029666254635352288,0.11866501854140915,0.07292954264524104,0.002472187886279357,0.00865265760197775,0.003708281829419036,0.0012360939431396785,0.0012360939431396785,0.3226205191594561,0.07292954264524104,0.0012360939431396785,0.0,0.13967861557478367,0.0012360939431396785
0.0020639834881320948,0.21259029927760578,0.03508771929824561,0.11248710010319918,0.07946336429308566,0.0020639834881320948,0.009287925696594427,0.0041279669762641896,0.0010319917440660474,0.0020639834881320948,0.3023735810113519,0.0846233230134159,0.0030959752321981426,0.0,0.14860681114551083,0.0010319917440660474
0.003484320557491289,0.19773519163763068,0.04006968641114982,0.10975609756097561,0.08885017421602788,0.0017421602787456446,0.010452961672473868,0.003484320557491289,0.002613240418118467,0.0017421602787456446,0.2813588850174216,0.09581881533101046,0.003484320557491289,0.0008710801393728223,0.156794425087108,0.0017421602787456446
0.004542013626040878,0.18697956093868282,0.041635124905374715,0.10749432248296745,0.09689629068887207,0.002271006813020439,0.010598031794095382,0.005299015897047691,0.003028009084027252,0.001514004542013626,0.2679788039364118,0.10219530658591976,0.003785011355034065,0.000757002271006813,0.1635124905374716,0.001514004542013626
0.005383580080753701,0.17698519515477792,0.04104979811574697,0.10565275908479138,0.10026917900403769,0.002018842530282638,0.009421265141318977,0.008075370121130552,0.0033647375504710633,0.002018842530282638,0.253028263795424,0.11372812920592194,0.004037685060565276,0.0013458950201884253,0.17092866756393002,0.0026917900403768506
0.004810583283223091,0.1683704149128082,0.04028863499699339,0.10222489476849068,0.10342754058929646,0.0024052916416115455,0.00841852074564041,0.010823812387251955,0.004810583283223091,0.004810583283223091,0.23932651834034877,0.12206855081178593,0.004209260372820205,0.0018039687312086591,0.17739025856885146,0.004810583283223091
0.0049126637554585155,0.16320960698689957,0.04093886462882096,0.09770742358078603,0.1037117903930131,0.0032751091703056767,0.008733624454148471,0.012554585152838428,0.006004366812227074,0.0049126637554585155,0.22980349344978165,0.12936681222707425,0.0049126637554585155,0.0016375545851528383,0.18176855895196506,0.006550218340611353
0.004534005037783375,0.15869017632241814,0.040806045340050376,0.09622166246851385,0.10478589420654912,0.003526448362720403,0.008564231738035265,0.01662468513853904,0.006045340050377834,0.0055415617128463475,0.22267002518891688,0.1340050377833753,0.005037783375314861,0.0025188916876574307,0.18287153652392948,0.007556675062972292
0.005159474671669793,0.15478424015009382,0.039399624765478425,0.09380863039399624,0.1050656660412758,0.003283302063789869,0.009380863039399626,0.019699812382739212,0.0075046904315197,0.005628517823639775,0.2176360225140713,0.1378986866791745,0.005628517823639775,0.0028142589118198874,0.18339587242026267,0.008911819887429643
0.005747126436781609,0.14854111405835543,0.03757736516357206,0.09062776304155615,0.10742705570291777,0.0035366931918656055,0.009283819628647215,0.022546419098143235,0.009725906277630416,0.005305039787798408,0.21441202475685234,0.1419098143236074,0.004862953138815208,0.003978779840848806,0.1847922192749779,0.009725906277630416
0.0058997050147492625,0.14075010535187527,0.036241045090602615,0.08723135271807839,0.10745891276864729,0.00337126000842815,0.010113780025284451,0.024863042562157607,0.012220817530552043,0.005478297513695744,0.21238938053097345,0.14454277286135694,0.005478297513695744,0.0058997050147492625,0.18794774546986937,0.010113780025284451
0.006119951040391677,0.13708690330477355,0.03386372909016728,0.08567931456548347,0.10811913504691963,0.004079967360261118,0.009383924928600572,0.02692778457772338,0.0138718890248878,0.005711954304365565,0.2141982864137087,0.1452468380252958,0.005303957568339453,0.006527947776417789,0.18727050183598531,0.010607915136678907
0.006423123243677238,0.1336812525090325,0.0337213970293055,0.08711360899237254,0.10798875953432356,0.004014452027298274,0.009634684865515858,0.026896828582898435,0.014050582095543959,0.006824568446407065,0.21356884785226818,0.1453231633881975,0.006824568446407065,0.0076274588518667205,0.18546768366118024,0.010839020473705338
0.007202881152460984,0.13205282112845138,0.03361344537815126,0.08723489395758303,0.10844337735094038,0.004401760704281713,0.010404161664665866,0.026810724289715888,0.014405762304921969,0.006802721088435374,0.21408563425370147,0.1452581032412965,0.007202881152460984,0.007603041216486595,0.18287314925970388,0.011604641856742696
0.0084,0.132,0.0336,0.0872,0.1068,0.0052,0.012,0.0276,0.0148,0.0068,0.2108,0.1464,0.0076,0.0084,0.1808,0.0116
0.0096,0.1308,0.034,0.0876,0.1064,0.006,0.0124,0.0272,0.0156,0.0072,0.21,0.1472,0.0076,0.0084,0.1788,0.0112
0.0092,0.1316,0.034,0.0868,0.1076,0.0076,0.0124,0.0272,0.0156,0.008,0.2084,0.1456,0.0076,0.0092,0.1772,0.012
0.01,0.1312,0.0352,0.0864,0.1076,0.0076,0.012,0.0276,0.0156,0.0084,0.2064,0.1448,0.0076,0.0092,0.1776,0.0128
0.0108,0.1308,0.0352,0.0864,0.1068,0.0088,0.0128,0.028,0.0156,0.0084,0.206,0.1436,0.008,0.0092,0.1768,0.0128
0.012,0.1292,0.0356,0.0868,0.1052,0.0084,0.0136,0.028,0.0172,0.0092,0.2052,0.1432,0.008,0.0092,0.176,0.0132
0.012,0.1288,0.0356,0.086,0.1056,0.0084,0.014,0.028,0.0172,0.0104,0.204,0.1416,0.0088,0.0096,0.1768,0.0132
0.0128,0.128,0.0364,0.0868,0.1052,0.008,0.014,0.028,0.0172,0.01,0.2036,0.1412,0.0096,0.0108,0.1752,0.0132
0.0144,0.1264,0.0368,0.0864,0.1048,0.0088,0.0148,0.0304,0.0172,0.0104,0.202,0.1404,0.01,0.0108,0.1732,0.0132
0.0148,0.1264,0.0364,0.0868,0.1044,0.0088,0.0152,0.0304,0.0176,0.0104,0.2004,0.14,0.0104,0.0112,0.1728,0.014
0.0152,0.1264,0.0368,0.0876,0.104,0.0088,0.0164,0.0308,0.0184,0.0104,0.1984,0.1384,0.0116,0.0112,0.1708,0.0148
0.0156,0.1248,0.0368,0.0876,0.104,0.0108,0.0164,0.0308,0.0188,0.0112,0.1964,0.1372,0.0128,0.0124,0.1696,0.0148
0.0164,0.1236,0.0372,0.0872,0.1032,0.0108,0.0172,0.0308,0.0188,0.012,0.1952,0.1372,0.0148,0.0132,0.1676,0.0148
0.0156,0.1248,0.0376,0.0876,0.1036,0.0108,0.0172,0.0312,0.0188,0.012,0.1956,0.1368,0.0144,0.0136,0.1648,0.0156
0.0156,0.1244,0.0376,0.088,0.1032,0.0108,0.0172,0.032,0.0196,0.0124,0.1944,0.1356,0.0148,0.014,0.164,0.0164
0.0164,0.1232,0.0392,0.0876,0.1028,0.0116,0.0168,0.0324,0.0192,0.0124,0.1924,0.1344,0.0152,0.0144,0.164,0.018
0.0168,0.124,0.0392,0.086,0.1028,0.0116,0.0176,0.0324,0.0192,0.0124,0.192,0.1336,0.0156,0.0148,0.1632,0.0188
0.0168,0.1216,0.0392,0.086,0.1028,0.012,0.0176,0.0328,0.0196,0.0132,0.1908,0.1336,0.0152,0.016,0.1636,0.0192
0.0168,0.1216,0.04,0.0856,0.1024,0.0124,0.0184,0.034,0.0196,0.014,0.1904,0.1316,0.0156,0.016,0.1624,0.0192
0.0176,0.1216,0.0396,0.0852,0.1012,0.012,0.0192,0.0352,0.02,0.0144,0.1872,0.1324,0.016,0.0164,0.162,0.02
0.0176,0.1216,0.0392,0.0856,0.1,0.0128,0.0208,0.0356,0.0204,0.0148,0.186,0.1312,0.016,0.0168,0.1604,0.0212
0.018,0.1196,0.0396,0.0856,0.1,0.0132,0.0216,0.036,0.02,0.0152,0.1848,0.1324,0.0156,0.0168,0.1592,0.0224
0.0184,0.12,0.0384,0.0852,0.1,0.0132,0.022,0.036,0.0204,0.0176,0.1828,0.132,0.016,0.0168,0.1592,0.022
0.018,0.12,0.0388,0.0852,0.1004,0.0132,0.0224,0.0356,0.0212,0.0176,0.182,0.1308,0.016,0.0176,0.1576,0.0236
0.018,0.118,0.0388,0.0868,0.1008,0.014,0.0224,0.0352,0.0212,0.0176,0.1808,0.1296,0.0164,0.0192,0.1568,0.0244
0.0188,0.1164,0.038,0.0856,0.1004,0.0156,0.0232,0.0364,0.0212,0.018,0.18,0.1284,0.0176,0.0196,0.156,0.0248
0.0192,0.1164,0.0388,0.086,0.0996,0.0164,0.0244,0.0364,0.022,0.0184,0.1772,0.128,0.0184,0.02,0.1532,0.0256
0.0196,0.1156,0.0384,0.0868,0.0992,0.0168,0.024,0.0364,0.022,0.0192,0.176,0.1276,0.0184,0.0212,0.1516,0.0272
0.0196,0.1152,0.0372,0.0868,0.0988,0.018,0.0252,0.0384,0.0224,0.0188,0.1744,0.1264,0.0188,0.022,0.1492,0.0288
0.0212,0.1156,0.038,0.086,0.0992,0.0192,0.024,0.038,0.0232,0.0188,0.172,0.1252,0.0192,0.0216,0.1488,0.03
0.0212,0.1156,0.038,0.0864,0.098,0.0192,0.026,0.0388,0.0236,0.0192,0.1708,0.1228,0.0204,0.0216,0.1488,0.0296
0.0208,0.1156,0.0388,0.0852,0.0968,0.0204,0.0264,0.0388,0.0236,0.02,0.1688,0.1228,0.022,0.022,0.148,0.03
0.0216,0.1148,0.038,0.0852,0.096,0.022,0.0256,0.0388,0.0232,0.0216,0.168,0.1228,0.0228,0.0228,0.1464,0.0304
0.0224,0.1144,0.0384,0.0856,0.0972,0.0224,0.0264,0.0388,0.0236,0.022,0.1656,0.1224,0.0228,0.0232,0.1452,0.0296
0.0224,0.1148,0.0396,0.0856,0.096,0.0212,0.0268,0.038,0.024,0.0236,0.164,0.1212,0.0228,0.0248,0.144,0.0312
0.0236,0.1148,0.0404,0.0844,0.0968,0.022,0.0252,0.038,0.024,0.024,0.1628,0.1192,0.0236,0.0252,0.1432,0.0328
0.0244,0.1136,0.0408,0.084,0.0968,0.0228,0.0256,0.0392,0.0232,0.0252,0.1616,0.1172,0.0236,0.0268,0.1424,0.0328
0.0248,0.1124,0.0404,0.0844,0.096,0.024,0.026,0.0384,0.024,0.0256,0.1612,0.1168,0.0236,0.0268,0.1416,0.034
0.0252,0.1132,0.04,0.0832,0.0948,0.024,0.0264,0.0376,0.0244,0.0268,0.1604,0.1168,0.0248,0.0268,0.1412,0.0344
0.0252,0.1128,0.0396,0.0832,0.0948,0.024,0.026,0.0384,0.0244,0.0268,0.1608,0.1172,0.0252,0.0268,0.1396,0.0352
0.0252,0.1108,0.04,0.0844,0.0948,0.0244,0.0264,0.0392,0.0252,0.0268,0.1588,0.1168,0.0252,0.0268,0.1392,0.036
0.026,0.1104,0.0408,0.0836,0.094,0.026,0.0272,0.0392,0.0252,0.0268,0.1576,0.1168,0.0252,0.0272,0.1392,0.0348
0.026,0.1096,0.0404,0.0848,0.0944,0.0264,0.0276,0.0396,0.0248,0.0264,0.158,0.1168,0.0256,0.0272,0.1368,0.0356
0.026,0.1092,0.0416,0.0848,0.094,0.0264,0.0284,0.0396,0.0248,0.0268,0.1576,0.1156,0.0256,0.028,0.1344,0.0372
0.0268,0.1076,0.0424,0.0848,0.094,0.0272,0.0284,0.04,0.0244,0.0272,0.1564,0.1156,0.0272,0.0272,0.1332,0.0376
0.028,0.1084,0.044,0.0836,0.092,0.0272,0.0284,0.0392,0.0248,0.0272,0.1544,0.1164,0.0268,0.0284,0.1336,0.0376
0.0292,0.108,0.0448,0.0836,0.0916,0.0264,0.0288,0.0392,0.0252,0.0276,0.154,0.1172,0.0264,0.0284,0.1328,0.0368
0.028,0.106,0.0456,0.0832,0.0916,0.0284,0.0308,0.04,0.0256,0.0276,0.1528,0.116,0.0264,0.0284,0.132,0.0376
0.0288,0.106,0.0456,0.0824,0.0912,0.0288,0.0308,0.0396,0.026,0.028,0.152,0.1168,0.026,0.0296,0.1304,0.038
0.0292,0.1044,0.046,0.0828,0.0904,0.0292,0.0312,0.0404,0.026,0.0276,0.152,0.1164,0.0264,0.03,0.1296,0.0384
0.0304,0.1032,0.0456,0.0828,0.0896,0.0292,0.0308,0.0416,0.0272,0.028,0.1528,0.1152,0.0268,0.03,0.128,0.0388
0.0308,0.1028,0.046,0.0816,0.0888,0.0296,0.0308,0.0416,0.0276,0.0284,0.1524,0.1148,0.0276,0.0304,0.1276,0.0392
0.0312,0.1028,0.046,0.0808,0.0884,0.0312,0.0312,0.042,0.0284,0.0288,0.1524,0.1132,0.0284,0.0288,0.126,0.0404
0.032,0.1016,0.0464,0.0808,0.0888,0.0312,0.0316,0.0424,0.0288,0.0296,0.1512,0.1132,0.0284,0.0288,0.1248,0.0404
0.0316,0.1004,0.046,0.0804,0.088,0.032,0.0324,0.0424,0.0296,0.0304,0.1516,0.1124,0.0288,0.0292,0.1244,0.0404
0.0308,0.1004,0.0464,0.0816,0.0884,0.0332,0.0328,0.042,0.0304,0.0308,0.1496,0.1116,0.0284,0.0292,0.1228,0.0416
0.0316,0.1004,0.0472,0.0828,0.0864,0.0332,0.0324,0.0424,0.0308,0.0312,0.148,0.1096,0.0288,0.0304,0.1212,0.0436
0.0312,0.0984,0.0484,0.0832,0.0852,0.0336,0.0328,0.0428,0.0308,0.0328,0.1476,0.11,0.0292,0.0308,0.1208,0.0424
0.0324,0.0984,0.0488,0.0832,0.0852,0.034,0.0332,0.0432,0.0312,0.0324,0.1464,0.1096,0.0288,0.0304,0.1208,0.042
0.0328,0.0976,0.0484,0.0824,0.0848,0.0344,0.0352,0.0432,0.0312,0.032,0.1464,0.1092,0.0284,0.0304,0.1212,0.0424
0.0316,0.0956,0.0492,0.0824,0.0856,0.0356,0.036,0.0428,0.0316,0.0332,0.1452,0.1088,0.028,0.0308,0.1212,0.0424
0.0324,0.0952,0.05,0.0824,0.0844,0.0364,0.0352,0.0424,0.032,0.0336,0.1452,0.1088,0.0284,0.0308,0.1212,0.0416
0.0336,0.0952,0.05,0.082,0.084,0.0364,0.0356,0.0428,0.0316,0.034,0.1456,0.1084,0.0284,0.03,0.12,0.0424
0.0336,0.0944,0.0504,0.0832,0.0844,0.036,0.036,0.0428,0.0308,0.0344,0.1436,0.1084,0.028,0.0304,0.12,0.0436
0.0336,0.0936,0.0504,0.0828,0.0844,0.0364,0.0352,0.042,0.0308,0.036,0.1432,0.108,0.0296,0.03,0.12,0.044
0.0336,0.0924,0.0508,0.0824,0.0852,0.0372,0.0356,0.0416,0.0316,0.0356,0.1424,0.1076,0.0296,0.0308,0.1196,0.044
0.0344,0.0928,0.0508,0.0824,0.0844,0.0376,0.0348,0.0416,0.0328,0.0356,0.1416,0.1064,0.03,0.0312,0.1196,0.044
0.036,0.0928,0.0512,0.082,0.0852,0.0372,0.0344,0.042,0.0328,0.036,0.1408,0.1052,0.0304,0.032,0.1188,0.0432
0.036,0.0924,0.0516,0.0812,0.0848,0.038,0.0336,0.0416,0.0324,0.0364,0.1388,0.106,0.0312,0.032,0.1204,0.0436
0.0364,0.0932,0.0528,0.0812,0.0856,0.0392,0.0352,0.042,0.0312,0.0364,0.1372,0.1032,0.0312,0.032,0.1188,0.0444
0.0364,0.092,0.0528,0.0816,0.0852,0.0396,0.0352,0.0428,0.0316,0.0372,0.1364,0.1016,0.0316,0.0324,0.1192,0.0444
0.0364,0.092,0.0528,0.0816,0.0848,0.0396,0.0356,0.0432,0.0328,0.0372,0.1356,0.1012,0.0316,0.0332,0.118,0.0444
0.0376,0.0924,0.052,0.0804,0.0852,0.0404,0.0356,0.0424,0.0324,0.0376,0.1344,0.1028,0.0324,0.0336,0.1176,0.0432
0.0372,0.0924,0.0516,0.08,0.086,0.04,0.0368,0.0424,0.0328,0.0384,0.1332,0.1028,0.0328,0.0336,0.1176,0.0424
0.0384,0.0908,0.052,0.0804,0.086,0.04,0.0376,0.042,0.0324,0.0388,0.1324,0.1016,0.0336,0.0336,0.1172,0.0432
0.0384,0.0896,0.052,0.0808,0.086,0.0416,0.0376,0.0432,0.0324,0.04,0.13,0.1012,0.0344,0.0332,0.116,0.0436
0.038,0.0888,0.052,0.0808,0.0852,0.0412,0.0388,0.0424,0.0328,0.0404,0.1304,0.1004,0.0352,0.034,0.1152,0.0444
0.0384,0.0884,0.0528,0.0788,0.084,0.0412,0.0392,0.0424,0.0344,0.0408,0.1304,0.1016,0.0344,0.034,0.1148,0.0444
0.0388,0.0864,0.0532,0.0788,0.0844,0.0412,0.0396,0.042,0.0344,0.0416,0.1288,0.1016,0.0344,0.0344,0.1152,0.0452
0.0392,0.0876,0.054,0.0788,0.0852,0.0416,0.038,0.0424,0.0352,0.042,0.1284,0.1,0.0348,0.0344,0.1128,0.0456
0.038,0.0876,0.0552,0.0776,0.0848,0.0424,0.0376,0.0436,0.0356,0.042,0.1296,0.0992,0.036,0.034,0.1116,0.0452
0.0392,0.0864,0.0552,0.0764,0.0836,0.0432,0.0384,0.044,0.0356,0.042,0.13,0.1,0.036,0.034,0.1108,0.0452
0.04,0.0872,0.0532,0.076,0.0836,0.0432,0.0376,0.0452,0.036,0.0428,0.1296,0.0988,0.0364,0.0344,0.1104,0.0456
0.0404,0.0868,0.0532,0.074,0.0836,0.0436,0.0388,0.0456,0.0356,0.0436,0.1268,0.0992,0.0368,0.0352,0.1116,0.0452
0.04,0.0868,0.0532,0.0728,0.0844,0.0432,0.0384,0.0452,0.0364,0.044,0.126,0.0996,0.0376,0.0352,0.1116,0.0456
0.0408,0.086,0.0536,0.074,0.084,0.0436,0.0388,0.0464,0.0368,0.0444,0.124,0.0976,0.038,0.036,0.1108,0.0452
0.0416,0.0856,0.0532,0.074,0.0844,0.044,0.0384,0.0468,0.0384,0.0448,0.1244,0.0968,0.038,0.0348,0.1096,0.0452
0.0412,0.0836,0.0532,0.0744,0.0832,0.044,0.0388,0.0476,0.0392,0.0456,0.1232,0.0964,0.0388,0.036,0.1076,0.0472
0.0412,0.0836,0.0536,0.0748,0.0836,0.0444,0.0384,0.0464,0.0392,0.0456,0.1216,0.0964,0.0392,0.0356,0.1084,0.048
0.0408,0.084,0.0532,0.0744,0.0852,0.0448,0.0388,0.0464,0.0396,0.0468,0.1196,0.0968,0.0392,0.0348,0.1076,0.048
0.0412,0.0828,0.0536,0.0748,0.0848,0.044,0.0396,0.0456,0.0404,0.0476,0.1192,0.0972,0.0384,0.0344,0.108,0.0484
0.0416,0.0824,0.0528,0.0752,0.0848,0.0444,0.04,0.046,0.0404,0.0472,0.1192,0.0968,0.038,0.0352,0.1064,0.0496
0.0416,0.0828,0.0528,0.0756,0.084,0.0448,0.04,0.0464,0.0408,0.0472,0.118,0.0976,0.0388,0.0356,0.1052,0.0488
0.0428,0.0816,0.0528,0.0752,0.0836,0.0456,0.04,0.0468,0.0404,0.0484,0.1176,0.0972,0.0384,0.036,0.1048,0.0488
0.0432,0.082,0.0532,0.0744,0.0832,0.0444,0.04,0.0464,0.0412,0.0484,0.118,0.0968,0.0384,0.0356,0.1056,0.0492
0.0444,0.0832,0.0532,0.074,0.0828,0.0448,0.0392,0.0464,0.0412,0.0476,0.1176,0.0964,0.0388,0.0372,0.1052,0.048
0.0448,0.084,0.0528,0.0744,0.0824,0.0456,0.0384,0.0472,0.042,0.0476,0.1168,0.0952,0.04,0.0364,0.1044,0.048
0.0456,0.0844,0.0536,0.0748,0.0824,0.0464,0.0384,0.0452,0.0416,0.048,0.1152,0.0948,0.04,0.036,0.1048,0.0488
0.046,0.0836,0.054,0.074,0.0824,0.0468,0.0392,0.0448,0.0412,0.048,0.1144,0.0956,0.04,0.0364,0.1044,0.0492
0.0464,0.0836,0.054,0.0736,0.082,0.0476,0.04,0.044,0.0408,0.0488,0.1136,0.0944,0.0404,0.0364,0.1036,0.0508
0.0472,0.0832,0.0536,0.0736,0.082,0.0484,0.04,0.044,0.0416,0.0488,0.1124,0.0952,0.0408,0.036,0.1024,0.0508
0.0468,0.0828,0.0544,0.0736,0.082,0.0484,0.0396,0.0444,0.0424,0.0488,0.1128,0.0944,0.0412,0.0352,0.102,0.0512
0.0472,0.0804,0.0548,0.0728,0.0828,0.0484,0.0396,0.0452,0.0436,0.0488,0.1128,0.0944,0.0408,0.0348,0.1016,0.052
0.048,0.0796,0.0548,0.0724,0.0824,0.0496,0.0392,0.0456,0.0444,0.048,0.1124,0.0932,0.0404,0.0356,0.1012,0.0532
0.048,0.0792,0.0552,0.0724,0.082,0.0504,0.0396,0.0448,0.0452,0.048,0.1124,0.0932,0.0404,0.0364,0.1,0.0528
0.0476,0.0796,0.0544,0.0728,0.0816,0.0496,0.0392,0.0452,0.0452,0.0488,0.1108,0.0936,0.0404,0.0384,0.0996,0.0532
0.0472,0.0796,0.0552,0.0724,0.0812,0.0504,0.0392,0.0456,0.0456,0.05,0.11,0.0924,0.0404,0.0392,0.0984,0.0532
0.0464,0.0796,0.056,0.0724,0.0808,0.0508,0.0388,0.0464,0.0464,0.05,0.1108,0.0924,0.0396,0.0388,0.0976,0.0532
0.0472,0.0796,0.0552,0.072,0.0808,0.05,0.0396,0.0464,0.0468,0.0492,0.11,0.0924,0.0396,0.0396,0.098,0.0536
0.0464,0.08,0.0548,0.0708,0.0804,0.0508,0.0396,0.046,0.0476,0.0484,0.1104,0.0928,0.0404,0.04,0.0984,0.0532
0.0468,0.0804,0.0544,0.0708,0.0792,0.05,0.0396,0.046,0.048,0.0492,0.1088,0.0928,0.0412,0.0416,0.0972,0.054
0.0464,0.0804,0.054,0.0692,0.0792,0.05,0.04,0.0464,0.048,0.0484,0.1088,0.0924,0.0424,0.042,0.0976,0.0548
0.046,0.0804,0.0544,0.0696,0.0788,0.0508,0.0404,0.046,0.0488,0.0488,0.1064,0.0916,0.0416,0.0436,0.0976,0.0552
0.0464,0.08,0.0544,0.07,0.0792,0.0512,0.0404,0.0452,0.0492,0.0484,0.1068,0.0912,0.042,0.0432,0.0968,0.0556
0.0468,0.0784,0.0548,0.07,0.0788,0.0504,0.0416,0.0448,0.05,0.05,0.1068,0.0908,0.0424,0.0432,0.0968,0.0544
0.0468,0.078,0.0556,0.0692,0.0792,0.0508,0.0416,0.0448,0.0508,0.05,0.1064,0.0904,0.0424,0.0436,0.0964,0.054
0.0476,0.0772,0.0552,0.07,0.0792,0.0512,0.0412,0.0452,0.0504,0.0496,0.1048,0.09,0.0428,0.0444,0.0972,0.054
0.0476,0.0776,0.054,0.0712,0.0788,0.05,0.0416,0.0456,0.0512,0.05,0.1044,0.0896,0.0432,0.044,0.0972,0.054
0.0472,0.0776,0.0552,0.0712,0.0788,0.05,0.0412,0.0472,0.0524,0.05,0.1032,0.0888,0.0432,0.044,0.096,0.054
0.0476,0.0784,0.0548,0.07,0.0776,0.0488,0.0428,0.0472,0.0524,0.0512,0.1024,0.0892,0.0432,0.044,0.096,0.0544
0.0476,0.078,0.0544,0.0696,0.0792,0.0492,0.0436,0.0472,0.0528,0.0508,0.1016,0.0884,0.0436,0.044,0.0952,0.0548
0.0476,0.0792,0.0556,0.07,0.0776,0.0488,0.0432,0.048,0.0528,0.0512,0.1008,0.088,0.0432,0.044,0.0952,0.0548
0.0484,0.0796,0.0556,0.0708,0.0764,0.0488,0.0432,0.0484,0.0536,0.0504,0.0996,0.088,0.0432,0.0448,0.0952,0.054
0.0488,0.0788,0.0552,0.0712,0.0756,0.05,0.0428,0.0472,0.0544,0.0512,0.1,0.0892,0.044,0.0452,0.0936,0.0528
0.0488,0.078,0.0552,0.0732,0.0756,0.0512,0.0432,0.048,0.0548,0.0508,0.0992,0.0888,0.0436,0.0448,0.0924,0.0524
0.0488,0.0776,0.0544,0.0724,0.0764,0.0516,0.0432,0.0484,0.0548,0.0512,0.0992,0.0884,0.044,0.0448,0.0924,0.0524
0.0484,0.078,0.054,0.0732,0.0764,0.05,0.0436,0.0488,0.054,0.0516,0.0992,0.0872,0.044,0.0452,0.0928,0.0536
0.0476,0.0784,0.0532,0.074,0.0772,0.0492,0.0436,0.0492,0.054,0.0524,0.098,0.088,0.044,0.0456,0.0928,0.0528
0.048,0.078,0.0532,0.074,0.0768,0.0488,0.0436,0.0504,0.0544,0.0528,0.0972,0.0876,0.044,0.0448,0.0924,0.054
0.0484,0.078,0.0528,0.0736,0.0772,0.0484,0.0448,0.0504,0.0544,0.0524,0.0964,0.0872,0.044,0.0452,0.0924,0.0544
0.0484,0.078,0.0524,0.0736,0.0764,0.0488,0.0456,0.05,0.054,0.0532,0.0956,0.0868,0.0444,0.046,0.0924,0.0544
0.0496,0.0776,0.052,0.0744,0.0748,0.0492,0.0456,0.0504,0.054,0.0528,0.0956,0.0868,0.0452,0.0452,0.092,0.0548
0.0484,0.0776,0.0516,0.0748,0.0748,0.0492,0.0456,0.0508,0.054,0.0536,0.0948,0.088,0.0448,0.0452,0.0916,0.0552
0.05,0.0772,0.052,0.0744,0.0748,0.0492,0.046,0.0516,0.0536,0.0548,0.0924,0.0864,0.044,0.046,0.0924,0.0552
0.05,0.0768,0.052,0.0728,0.076,0.05,0.0468,0.0516,0.0544,0.0544,0.0932,0.0856,0.0444,0.0444,0.0928,0.0548
0.05,0.0756,0.0524,0.074,0.0764,0.0504,0.0476,0.0508,0.0536,0.0544,0.0932,0.0852,0.0444,0.0448,0.0924,0.0548
0.05,0.076,0.0516,0.0756,0.0764,0.0508,0.0472,0.0516,0.0548,0.0544,0.0936,0.0836,0.0432,0.0452,0.0928,0.0532
0.0496,0.0756,0.0512,0.076,0.0768,0.0504,0.048,0.052,0.0544,0.0544,0.0944,0.0836,0.0436,0.0448,0.0936,0.0516
0.0496,0.0768,0.0516,0.0752,0.078,0.0496,0.0484,0.052,0.0544,0.0548,0.0932,0.082,0.044,0.0444,0.0928,0.0532
0.0496,0.0768,0.052,0.0756,0.078,0.0492,0.0484,0.0512,0.0544,0.0544,0.094,0.082,0.0436,0.0448,0.0928,0.0532
0.0508,0.0768,0.0512,0.0756,0.0772,0.0488,0.0496,0.0512,0.0532,0.0544,0.094,0.0812,0.044,0.0456,0.0932,0.0532
0.0512,0.0772,0.0524,0.0756,0.0776,0.0488,0.0488,0.0508,0.054,0.054,0.0928,0.0816,0.044,0.0456,0.0924,0.0532
0.0524,0.0772,0.0528,0.076,0.0776,0.0488,0.0488,0.0492,0.0552,0.0536,0.092,0.0808,0.0444,0.0464,0.0912,0.0536
0.052,0.0768,0.0532,0.0756,0.0776,0.0492,0.0488,0.0484,0.0556,0.0536,0.092,0.0804,0.0452,0.0464,0.0916,0.0536
0.0528,0.0764,0.0528,0.0764,0.078,0.0496,0.0484,0.0496,0.0556,0.0544,0.0928,0.0796,0.0444,0.0456,0.09,0.0536
0.0516,0.0776,0.0532,0.076,0.0784,0.0492,0.0484,0.0492,0.056,0.0552,0.092,0.0796,0.0456,0.046,0.0896,0.0524
0.0516,0.0772,0.0532,0.074,0.0784,0.0492,0.0496,0.0488,0.0556,0.0548,0.092,0.0804,0.0464,0.0468,0.0892,0.0528
0.0524,0.0756,0.0544,0.0732,0.0784,0.0488,0.0516,0.0484,0.0552,0.0556,0.0932,0.08,0.046,0.0472,0.0884,0.0516
0.052,0.0752,0.0548,0.0732,0.0796,0.0488,0.052,0.0488,0.0548,0.0548,0.0936,0.078,0.0452,0.048,0.0892,0.052
0.0516,0.0744,0.0556,0.0736,0.0792,0.0484,0.052,0.0496,0.0556,0.0552,0.094,0.0784,0.0452,0.0476,0.088,0.0516
0.0524,0.074,0.056,0.0736,0.0796,0.0476,0.0524,0.0484,0.056,0.0556,0.0948,0.0776,0.0448,0.0472,0.0888,0.0512
0.0516,0.0736,0.0564,0.0736,0.0792,0.048,0.052,0.0484,0.0552,0.056,0.0952,0.078,0.0444,0.0476,0.0896,0.0512
0.0516,0.0728,0.0556,0.074,0.0784,0.0492,0.0508,0.0484,0.0568,0.0568,0.0948,0.078,0.0448,0.0472,0.09,0.0508
0.0512,0.0728,0.0564,0.0728,0.0776,0.0496,0.0516,0.0492,0.0572,0.0572,0.0944,0.0784,0.0448,0.0468,0.0896,0.0504
0.0516,0.0732,0.0564,0.072,0.0768,0.0492,0.052,0.0488,0.0572,0.058,0.0932,0.0788,0.0452,0.0472,0.0892,0.0512
0.052,0.0728,0.0564,0.0728,0.0756,0.0488,0.0528,0.05,0.0572,0.0584,0.0924,0.0788,0.0452,0.0468,0.0888,0.0512
0.052,0.0736,0.0564,0.0732,0.076,0.0496,0.0524,0.0492,0.0576,0.0584,0.0924,0.0788,0.0452,0.046,0.088,0.0512
0.0548,0.0732,0.0556,0.0732,0.0748,0.0508,0.0524,0.05,0.0584,0.0588,0.0908,0.0784,0.0444,0.0464,0.0872,0.0508
0.0548,0.0728,0.0568,0.0728,0.076,0.0504,0.0528,0.0488,0.0588,0.0592,0.0904,0.0788,0.0444,0.0448,0.0872,0.0512
0.0548,0.072,0.0572,0.0732,0.0768,0.0512,0.0544,0.0488,0.0588,0.058,0.0896,0.078,0.0444,0.0448,0.0868,0.0512
0.0544,0.0728,0.0572,0.0736,0.0772,0.0512,0.0536,0.0488,0.0584,0.0588,0.0876,0.08,0.0444,0.0444,0.0872,0.0504
0.0552,0.0724,0.0552,0.072,0.0776,0.0512,0.0532,0.0492,0.0592,0.0596,0.088,0.0804,0.0444,0.0452,0.0868,0.0504
0.0568,0.074,0.0556,0.0736,0.076,0.052,0.0536,0.05,0.06,0.0588,0.0864,0.0796,0.0436,0.044,0.0852,0.0508
0.0564,0.0736,0.0552,0.0716,0.076,0.0524,0.0536,0.0504,0.0596,0.0596,0.0872,0.0792,0.0452,0.044,0.0848,0.0512
0.0564,0.0728,0.0564,0.0724,0.0768,0.0524,0.054,0.05,0.0592,0.0592,0.0868,0.0788,0.0456,0.0436,0.0844,0.0512
0.0572,0.0724,0.0576,0.0712,0.076,0.0524,0.0544,0.0504,0.0592,0.0588,0.0868,0.0788,0.0468,0.0436,0.0824,0.052
0.0576,0.0728,0.0568,0.0712,0.076,0.0528,0.054,0.05,0.0596,0.0592,0.0864,0.078,0.0472,0.0444,0.0828,0.0512
0.058,0.0732,0.0564,0.0716,0.0768,0.0524,0.0532,0.0492,0.0596,0.058,0.0876,0.0772,0.0476,0.046,0.0828,0.0504
0.0584,0.074,0.0544,0.0728,0.0768,0.0532,0.0532,0.0492,0.0604,0.0588,0.0872,0.0764,0.0484,0.046,0.0816,0.0492
0.058,0.0724,0.0544,0.0748,0.0764,0.0524,0.0532,0.0504,0.0604,0.0584,0.0864,0.0772,0.048,0.046,0.082,0.0496
0.0592,0.072,0.0532,0.0748,0.0756,0.0516,0.0536,0.0512,0.0616,0.0592,0.0856,0.0772,0.048,0.0464,0.0816,0.0492
0.0596,0.0708,0.054,0.0752,0.0752,0.0524,0.0532,0.0516,0.0616,0.0604,0.0852,0.078,0.0468,0.046,0.0812,0.0488
0.06,0.0724,0.054,0.0764,0.0748,0.052,0.0532,0.0516,0.062,0.06,0.084,0.078,0.046,0.046,0.0812,0.0484
0.0592,0.0728,0.0544,0.076,0.0744,0.0528,0.0532,0.0512,0.0624,0.06,0.0844,0.0776,0.0464,0.0456,0.0816,0.048
0.0596,0.0736,0.0528,0.0756,0.0744,0.0524,0.0528,0.0508,0.0624,0.0604,0.084,0.0776,0.0476,0.0464,0.082,0.0476
0.0592,0.0728,0.0544,0.076,0.0748,0.0508,0.0532,0.0512,0.0616,0.0592,0.0836,0.0772,0.048,0.0468,0.0828,0.0484
0.0596,0.072,0.0544,0.0752,0.0748,0.0508,0.0548,0.0516,0.062,0.06,0.0824,0.0776,0.0476,0.0464,0.082,0.0488
0.06,0.0716,0.054,0.0752,0.0752,0.0508,0.0552,0.0528,0.0628,0.06,0.0824,0.0768,0.0476,0.046,0.0808,0.0488
0.0596,0.0704,0.0556,0.0752,0.0752,0.0512,0.0548,0.0536,0.062,0.0596,0.0812,0.0772,0.0476,0.0464,0.0804,0.05
0.0592,0.07,0.0568,0.0756,0.074,0.0516,0.0556,0.054,0.062,0.0608,0.0796,0.0764,0.0468,0.0464,0.0808,0.0504
0.0592,0.07,0.058,0.0756,0.0732,0.0508,0.0552,0.0548,0.062,0.0608,0.0788,0.0764,0.0476,0.0464,0.0792,0.052
0.0592,0.0712,0.058,0.0752,0.0716,0.0492,0.0548,0.0548,0.0632,0.0604,0.0788,0.0764,0.0488,0.0472,0.0792,0.052
0.0596,0.0712,0.0584,0.0748,0.0732,0.0492,0.054,0.0544,0.0644,0.0596,0.0792,0.0764,0.0488,0.0472,0.078,0.0516
0.0592,0.0716,0.0604,0.0736,0.0728,0.05,0.054,0.054,0.064,0.0596,0.0784,0.0764,0.0492,0.0476,0.0772,0.052
0.06,0.0708,0.0608,0.0736,0.0736,0.0496,0.0536,0.0532,0.0644,0.0596,0.078,0.0772,0.0488,0.048,0.0776,0.0512
0.06,0.0712,0.0608,0.074,0.0736,0.05,0.0536,0.0528,0.064,0.0608,0.0788,0.0764,0.0476,0.048,0.0776,0.0508
0.06,0.072,0.0604,0.074,0.0752,0.0504,0.0536,0.0524,0.0624,0.0608,0.0772,0.0772,0.0476,0.048,0.0772,0.0516
0.0608,0.072,0.0596,0.0744,0.0752,0.0504,0.0532,0.0524,0.0624,0.0624,0.0768,0.078,0.0476,0.0476,0.0756,0.0516
0.06,0.0724,0.0604,0.0744,0.0752,0.0516,0.0528,0.0528,0.0624,0.0636,0.0748,0.078,0.0472,0.0484,0.0748,0.0512
0.0612,0.072,0.0592,0.0748,0.0744,0.0516,0.0528,0.0536,0.0628,0.0624,0.0744,0.0784,0.0484,0.0488,0.0748,0.0504
0.062,0.0728,0.06,0.0748,0.074,0.0504,0.0532,0.0536,0.0628,0.062,0.0744,0.078,0.0476,0.0492,0.0736,0.0516
0.062,0.0728,0.0612,0.0756,0.0736,0.05,0.0544,0.0532,0.0628,0.0628,0.072,0.0776,0.048,0.0492,0.0728,0.052
0.0616,0.0716,0.0612,0.0736,0.0736,0.05,0.0552,0.0536,0.062,0.0616,0.0728,0.078,0.0492,0.05,0.0732,0.0528
0.0612,0.0716,0.0616,0.0736,0.0724,0.0516,0.0544,0.054,0.0628,0.0608,0.0728,0.0764,0.0504,0.05,0.0736,0.0528
0.0616,0.072,0.0608,0.0736,0.0724,0.052,0.0548,0.054,0.0628,0.0604,0.0732,0.0756,0.0496,0.0508,0.074,0.0524
0.0612,0.0712,0.0612,0.0748,0.0732,0.052,0.0536,0.0536,0.0632,0.0596,0.0732,0.0752,0.0496,0.0524,0.0736,0.0524
0.0608,0.0712,0.06,0.0752,0.0732,0.0516,0.0536,0.0544,0.0636,0.0604,0.0724,0.0756,0.0496,0.0528,0.0732,0.0524
0.0612,0.0712,0.06,0.0748,0.074,0.0532,0.0544,0.0532,0.0636,0.0604,0.0716,0.0756,0.0496,0.0528,0.0724,0.052
0.0616,0.0716,0.0616,0.0736,0.0732,0.0528,0.0544,0.052,0.064,0.0608,0.0724,0.0748,0.0516,0.0524,0.0724,0.0508
0.0616,0.07,0.06,0.0732,0.0736,0.0532,0.0532,0.0536,0.0644,0.0616,0.072,0.0748,0.0516,0.0536,0.0712,0.0524
0.062,0.0696,0.0604,0.0732,0.0736,0.0536,0.0528,0.054,0.0656,0.0612,0.0724,0.0744,0.0512,0.0532,0.0704,0.0524
0.0624,0.0692,0.0612,0.0724,0.0748,0.0532,0.054,0.054,0.0664,0.0608,0.0716,0.0736,0.0504,0.0532,0.0704,0.0524
0.062,0.0684,0.0612,0.0716,0.0744,0.0532,0.0544,0.0548,0.0672,0.0616,0.0716,0.074,0.0512,0.0528,0.0704,0.0512
0.0624,0.0684,0.0608,0.0724,0.074,0.0536,0.0548,0.0544,0.0664,0.062,0.072,0.0736,0.0524,0.052,0.0704,0.0504
0.0624,0.0684,0.0616,0.0728,0.074,0.0536,0.0548,0.054,0.0684,0.062,0.0708,0.072,0.052,0.0528,0.0704,0.05
0.0632,0.068,0.0608,0.0728,0.0736,0.0528,0.0544,0.0536,0.0692,0.062,0.0708,0.0716,0.0528,0.0524,0.0712,0.0508
0.0616,0.0672,0.0616,0.0732,0.0732,0.0544,0.0548,0.0532,0.0704,0.0616,0.0704,0.0708,0.0524,0.0536,0.0708,0.0508
0.062,0.0668,0.062,0.0712,0.0744,0.0552,0.054,0.0528,0.07,0.0616,0.0704,0.0712,0.0524,0.054,0.072,0.05
0.0616,0.0672,0.0624,0.0704,0.074,0.0556,0.054,0.0524,0.0708,0.0624,0.0708,0.0692,0.0532,0.0536,0.072,0.0504
0.0624,0.0676,0.0624,0.0704,0.0728,0.0556,0.0536,0.0528,0.0704,0.0624,0.0708,0.0684,0.054,0.0528,0.0732,0.0504
0.0624,0.0668,0.0628,0.07,0.0724,0.0548,0.0544,0.0528,0.0708,0.0628,0.0708,0.0692,0.0532,0.0528,0.0732,0.0508
0.0624,0.0672,0.0624,0.0704,0.072,0.0548,0.0552,0.0528,0.0704,0.0628,0.0704,0.0688,0.0528,0.0532,0.0732,0.0512
0.062,0.0672,0.0628,0.0704,0.0732,0.0548,0.056,0.0532,0.0704,0.0612,0.0696,0.0688,0.0532,0.0532,0.0732,0.0508
0.0616,0.0668,0.0628,0.0704,0.0736,0.0556,0.056,0.0536,0.07,0.06,0.0708,0.0688,0.0536,0.0528,0.0736,0.05
0.0624,0.0668,0.0636,0.0704,0.0736,0.0556,0.0572,0.0544,0.068,0.0604,0.0704,0.0676,0.0544,0.0516,0.0724,0.0512
0.062,0.0664,0.0636,0.07,0.0736,0.0552,0.0568,0.0548,0.0676,0.062,0.0712,0.0668,0.0544,0.0516,0.072,0.052
0.062,0.0668,0.064,0.0716,0.0724,0.0552,0.0568,0.0544,0.0664,0.062,0.0712,0.0664,0.0532,0.0524,0.0728,0.0524
0.0608,0.0676,0.0644,0.0724,0.072,0.0552,0.0568,0.054,0.0672,0.062,0.0716,0.066,0.0532,0.0512,0.0728,0.0528
0.0608,0.0676,0.064,0.0732,0.0716,0.0548,0.0568,0.054,0.0664,0.0624,0.0708,0.0668,0.0532,0.052,0.072,0.0536
0.062,0.0676,0.0636,0.0736,0.0712,0.0564,0.0564,0.054,0.0648,0.0616,0.0704,0.0676,0.0532,0.052,0.0716,0.054
0.0616,0.0668,0.0656,0.0736,0.0708,0.0568,0.0568,0.0544,0.064,0.0612,0.07,0.0668,0.0536,0.052,0.0708,0.0552
0.0628,0.066,0.0656,0.0724,0.0716,0.058,0.0568,0.0548,0.0636,0.06,0.0712,0.0664,0.0536,0.0528,0.0696,0.0548
0.0616,0.0652,0.0656,0.0716,0.0716,0.0584,0.056,0.0552,0.0648,0.0604,0.072,0.066,0.0532,0.0536,0.07,0.0548
0.0608,0.0652,0.066,0.072,0.0716,0.0592,0.056,0.056,0.0644,0.0596,0.072,0.066,0.0528,0.0532,0.0704,0.0548
0.0608,0.0656,0.0652,0.0712,0.072,0.0596,0.0564,0.0548,0.0644,0.06,0.0724,0.0652,0.0528,0.0536,0.0708,0.0552
0.0604,0.0672,0.0636,0.0708,0.0708,0.0592,0.0568,0.0556,0.0644,0.0596,0.0724,0.066,0.0528,0.0532,0.0716,0.0556
0.0604,0.0664,0.064,0.0716,0.0704,0.0596,0.0572,0.0552,0.0632,0.0596,0.0724,0.0656,0.0524,0.0548,0.072,0.0552
0.0596,0.0664,0.0636,0.0716,0.0704,0.0596,0.058,0.0552,0.0624,0.0596,0.0728,0.0652,0.0532,0.0556,0.0716,0.0552
0.0596,0.0664,0.0616,0.0712,0.0712,0.0604,0.0576,0.0556,0.0628,0.0588,0.0744,0.066,0.0532,0.054,0.072,0.0552
0.0604,0.066,0.0604,0.0708,0.0712,0.06,0.0588,0.0568,0.0616,0.058,0.0744,0.0672,0.0524,0.054,0.0724,0.0556
0.0592,0.0656,0.0608,0.0732,0.0696,0.0604,0.0588,0.056,0.0612,0.0572,0.0736,0.068,0.0532,0.0548,0.0724,0.056
0.0576,0.0652,0.0608,0.0732,0.07,0.0608,0.0576,0.0564,0.0604,0.0588,0.0732,0.0684,0.054,0.0552,0.072,0.0564
0.0564,0.0648,0.0608,0.0724,0.0712,0.0612,0.0576,0.056,0.0608,0.0584,0.0736,0.0692,0.0544,0.0552,0.0716,0.0564
0.0576,0.0668,0.0616,0.0708,0.0716,0.0612,0.0576,0.056,0.06,0.0584,0.0728,0.0684,0.0544,0.0552,0.0712,0.0564
0.0588,0.0656,0.0608,0.072,0.072,0.0612,0.058,0.0564,0.0608,0.0588,0.0716,0.0672,0.0556,0.0552,0.07,0.056
0.058,0.0656,0.0612,0.0712,0.0716,0.0616,0.0568,0.0572,0.0616,0.0588,0.0708,0.0684,0.056,0.0552,0.07,0.056
0.0572,0.0668,0.0608,0.0724,0.0704,0.0608,0.0572,0.0568,0.0616,0.0584,0.0716,0.068,0.056,0.056,0.07,0.056
0.0564,0.0676,0.0608,0.0724,0.0704,0.0604,0.0576,0.0568,0.0604,0.0584,0.0716,0.068,0.056,0.0564,0.0704,0.0564
0.0564,0.068,0.0616,0.0732,0.07,0.062,0.0576,0.0564,0.0604,0.0584,0.0704,0.068,0.054,0.0572,0.0704,0.056
0.0564,0.068,0.0612,0.0732,0.0684,0.0632,0.0572,0.0564,0.0604,0.0592,0.0708,0.068,0.054,0.0564,0.072,0.0552
0.0564,0.0688,0.0616,0.0732,0.068,0.0632,0.0564,0.0568,0.062,0.0588,0.0696,0.068,0.0532,0.0564,0.0724,0.0552
0.0552,0.0688,0.0612,0.0736,0.0676,0.0652,0.056,0.0572,0.0616,0.0592,0.0692,0.068,0.0536,0.056,0.0728,0.0548
0.0564,0.068,0.062,0.0732,0.0692,0.0648,0.056,0.0572,0.0628,0.0592,0.068,0.0684,0.054,0.0552,0.0728,0.0528
0.0556,0.0684,0.0644,0.0716,0.068,0.0644,0.056,0.0572,0.0624,0.0588,0.0692,0.0684,0.0552,0.0544,0.074,0.052
0.056,0.0688,0.0648,0.0708,0.0668,0.0644,0.0564,0.0584,0.0628,0.0588,0.0684,0.0684,0.0552,0.0544,0.0736,0.052
0.056,0.0692,0.0636,0.07,0.0676,0.0644,0.058,0.0588,0.062,0.0592,0.068,0.0676,0.056,0.0544,0.0736,0.0516
0.0568,0.0684,0.0636,0.0696,0.0676,0.0632,0.058,0.0596,0.0628,0.0584,0.0684,0.068,0.0548,0.054,0.0756,0.0512
0.0572,0.0684,0.0632,0.0692,0.0664,0.064,0.0592,0.0604,0.0636,0.0592,0.0688,0.0668,0.0536,0.0548,0.074,0.0512
0.0568,0.0676,0.0628,0.07,0.0676,0.064,0.0588,0.0608,0.0644,0.058,0.0688,0.0656,0.0536,0.0556,0.074,0.0516
0.0568,0.0676,0.0628,0.07,0.068,0.0652,0.0596,0.062,0.0628,0.058,0.068,0.064,0.054,0.0548,0.0744,0.052
0.0564,0.0676,0.0628,0.0704,0.0676,0.066,0.058,0.062,0.0632,0.058,0.068,0.0636,0.054,0.0548,0.0756,0.052
0.0564,0.068,0.0632,0.0696,0.0672,0.0664,0.0584,0.062,0.0624,0.0576,0.0688,0.0632,0.0536,0.0552,0.076,0.052
0.0556,0.0688,0.0628,0.0692,0.0676,0.0676,0.0576,0.0624,0.062,0.0572,0.0684,0.0628,0.0548,0.0552,0.076,0.052
0.0552,0.0684,0.0624,0.0704,0.0676,0.0684,0.058,0.0632,0.0612,0.0564,0.0672,0.0632,0.0552,0.056,0.0764,0.0508
0.0556,0.0684,0.062,0.0684,0.0672,0.07,0.058,0.0632,0.0616,0.0568,0.0668,0.0628,0.0552,0.0568,0.0764,0.0508
0.0564,0.0692,0.0624,0.068,0.066,0.0696,0.058,0.062,0.062,0.0564,0.0672,0.0632,0.0556,0.0568,0.076,0.0512
0.0576,0.0692,0.0628,0.0684,0.0652,0.0696,0.0576,0.0616,0.0628,0.0564,0.0664,0.0632,0.0564,0.0564,0.0756,0.0508
0.0576,0.0696,0.0624,0.0688,0.0648,0.0696,0.0584,0.0604,0.0628,0.0568,0.0656,0.0632,0.0572,0.056,0.076,0.0508
0.058,0.0692,0.0624,0.0684,0.0644,0.07,0.058,0.0616,0.0636,0.0572,0.0628,0.0636,0.0576,0.0564,0.076,0.0508
0.0584,0.0692,0.062,0.0684,0.064,0.0696,0.0572,0.062,0.0644,0.0584,0.0624,0.0624,0.058,0.056,0.0768,0.0508
0.058,0.0684,0.062,0.0676,0.064,0.068,0.0576,0.0636,0.0644,0.0584,0.0632,0.0636,0.0576,0.0564,0.0764,0.0508
0.0576,0.0688,0.0608,0.0684,0.064,0.0668,0.058,0.0644,0.0656,0.0588,0.0644,0.0632,0.058,0.056,0.0752,0.05
0.0572,0.0696,0.0604,0.0684,0.0644,0.066,0.0588,0.0644,0.066,0.0596,0.0636,0.0628,0.058,0.0552,0.0752,0.0504
0.0572,0.0696,0.0608,0.068,0.0636,0.0664,0.0588,0.066,0.0664,0.0592,0.0636,0.0636,0.0576,0.0552,0.0752,0.0488
0.0572,0.0692,0.06,0.0668,0.0628,0.0652,0.058,0.0676,0.0672,0.0592,0.0644,0.0644,0.0572,0.056,0.0756,0.0492
0.0576,0.0692,0.0604,0.068,0.0628,0.0648,0.0576,0.0672,0.0664,0.0588,0.0644,0.0636,0.0572,0.056,0.0768,0.0492
0.0568,0.0684,0.0616,0.0692,0.0628,0.0656,0.0564,0.0672,0.0656,0.0592,0.064,0.0656,0.056,0.0556,0.0764,0.0496
0.056,0.0688,0.0596,0.07,0.0632,0.0656,0.0576,0.0668,0.0664,0.0596,0.0652,0.0644,0.0556,0.0548,0.0764,0.05
0.0568,0.068,0.0616,0.0696,0.0632,0.066,0.0576,0.0664,0.0664,0.0588,0.0648,0.0628,0.056,0.0552,0.0764,0.0504
0.0564,0.0676,0.062,0.0708,0.062,0.0668,0.0572,0.0672,0.0672,0.0592,0.0644,0.0628,0.0548,0.0548,0.076,0.0508
0.0564,0.0672,0.0604,0.0724,0.0628,0.0664,0.0572,0.0664,0.0684,0.0588,0.0648,0.062,0.0544,0.0548,0.0764,0.0512
0.056,0.0676,0.0612,0.0716,0.0628,0.0668,0.0572,0.0668,0.0684,0.0596,0.0652,0.0616,0.0536,0.0552,0.076,0.0504
0.0568,0.0668,0.0608,0.0712,0.0624,0.0668,0.0568,0.0668,0.0684,0.06,0.0656,0.0612,0.0536,0.0548,0.0764,0.0516
0.056,0.0664,0.0612,0.0716,0.0628,0.0664,0.0568,0.0668,0.0684,0.06,0.0652,0.0608,0.0536,0.0544,0.0768,0.0528
0.0556,0.0664,0.0604,0.0724,0.0636,0.0656,0.0576,0.0672,0.0688,0.0596,0.0644,0.0604,0.0532,0.054,0.0772,0.0536
0.0568,0.0664,0.0604,0.0724,0.0636,0.0652,0.0572,0.0668,0.0688,0.0596,0.0656,0.0608,0.0528,0.054,0.0764,0.0532
0.0564,0.066,0.0604,0.0728,0.0636,0.0664,0.0572,0.0664,0.0692,0.06,0.0656,0.0608,0.0524,0.0548,0.0756,0.0524
0.0564,0.0652,0.0608,0.0724,0.0644,0.0668,0.0564,0.0664,0.0684,0.0612,0.0652,0.0604,0.0536,0.0556,0.0744,0.0524
0.056,0.0652,0.0612,0.0724,0.0632,0.0652,0.0568,0.0672,0.0672,0.062,0.0648,0.0616,0.054,0.0552,0.0752,0.0528
0.0556,0.0636,0.0624,0.0728,0.0628,0.0652,0.0564,0.0672,0.0676,0.062,0.0656,0.0612,0.0548,0.0552,0.0748,0.0528
0.0548,0.064,0.0632,0.0724,0.0632,0.0656,0.0552,0.0672,0.066,0.0612,0.0664,0.062,0.0548,0.0548,0.0756,0.0536
0.0556,0.0636,0.0636,0.0712,0.0632,0.066,0.0548,0.0676,0.0656,0.0604,0.0668,0.0624,0.0552,0.054,0.0756,0.0544
0.0556,0.0636,0.0632,0.0708,0.0632,0.066,0.0548,0.0668,0.0664,0.0608,0.0672,0.062,0.0548,0.0552,0.0752,0.0544
0.0552,0.0636,0.0624,0.0692,0.0644,0.0652,0.0544,0.0672,0.0668,0.0616,0.0668,0.0624,0.0544,0.0544,0.0776,0.0544
0.0556,0.0632,0.0624,0.07,0.064,0.066,0.054,0.0668,0.0676,0.0612,0.0672,0.0628,0.0544,0.0544,0.0772,0.0532
0.0552,0.064,0.0624,0.0704,0.0636,0.066,0.0544,0.0676,0.0684,0.0612,0.0696,0.0612,0.054,0.0532,0.0756,0.0532
0.054,0.064,0.0632,0.0704,0.0636,0.066,0.0544,0.068,0.0688,0.0612,0.07,0.0604,0.054,0.0536,0.0748,0.0536
0.0536,0.0632,0.064,0.0704,0.062,0.066,0.0536,0.0684,0.0692,0.062,0.0696,0.0612,0.0536,0.054,0.0744,0.0548
0.0544,0.064,0.0628,0.0696,0.0628,0.066,0.0544,0.0684,0.0696,0.0616,0.0692,0.0608,0.0532,0.0536,0.0744,0.0552
0.0552,0.0632,0.0632,0.0696,0.0632,0.0652,0.0548,0.0684,0.07,0.0612,0.0692,0.0616,0.0536,0.0536,0.074,0.054
0.0556,0.0628,0.0632,0.0692,0.0628,0.0656,0.0552,0.0684,0.0704,0.0612,0.0684,0.0616,0.0536,0.0532,0.0744,0.0544
0.056,0.0624,0.0624,0.0696,0.0632,0.0664,0.0548,0.0676,0.0696,0.0608,0.068,0.0624,0.0544,0.054,0.074,0.0544
0.056,0.0612,0.0628,0.0696,0.0632,0.0656,0.0544,0.0672,0.0696,0.0612,0.07,0.0624,0.0544,0.054,0.0736,0.0548
0.0564,0.062,0.062,0.0692,0.0644,0.066,0.0524,0.068,0.0676,0.062,0.0696,0.0632,0.0536,0.0548,0.074,0.0548
0.0564,0.0608,0.0612,0.0684,0.0648,0.0664,0.0524,0.068,0.0676,0.062,0.0696,0.0632,0.0544,0.0552,0.0744,0.0552
0.0572,0.0612,0.0612,0.0688,0.0656,0.0668,0.0528,0.0672,0.068,0.0612,0.0688,0.0624,0.0544,0.0548,0.0744,0.0552
0.0564,0.0608,0.0608,0.068,0.0656,0.0672,0.0528,0.0672,0.068,0.0616,0.0688,0.0624,0.0544,0.056,0.074,0.056
0.0568,0.06,0.0612,0.0672,0.0656,0.068,0.0528,0.0684,0.0672,0.062,0.0688,0.062,0.0552,0.0556,0.0736,0.0556
0.0564,0.0604,0.0612,0.0676,0.0656,0.0688,0.0528,0.0688,0.0664,0.0612,0.0688,0.0612,0.0544,0.056,0.074,0.0564
0.0564,0.0604,0.062,0.0676,0.066,0.0692,0.0524,0.0688,0.0672,0.0616,0.068,0.0604,0.0536,0.0572,0.072,0.0572
0.0568,0.0604,0.0616,0.0668,0.0664,0.0688,0.0528,0.0688,0.0668,0.0616,0.0688,0.0604,0.054,0.0572,0.072,0.0568
0.0564,0.0596,0.0624,0.066,0.0672,0.0688,0.0524,0.0692,0.0668,0.0616,0.0696,0.0604,0.054,0.0564,0.0708,0.0584
0.0568,0.0608,0.0628,0.0652,0.0664,0.0688,0.0524,0.0688,0.0664,0.0612,0.0688,0.0604,0.054,0.0572,0.0712,0.0588
0.058,0.0596,0.0636,0.0664,0.0664,0.0684,0.0532,0.068,0.066,0.0608,0.0688,0.06,0.0536,0.0576,0.07,0.0596
0.0576,0.0592,0.0632,0.066,0.0668,0.0688,0.0532,0.0676,0.0652,0.0608,0.0696,0.0604,0.054,0.0568,0.0708,0.06
0.0572,0.0588,0.0632,0.0664,0.0676,0.0684,0.0536,0.0676,0.0668,0.0612,0.0692,0.06,0.0536,0.0564,0.0708,0.0592
0.0572,0.0588,0.0632,0.0664,0.0676,0.0692,0.0524,0.0668,0.0672,0.062,0.0684,0.0608,0.0536,0.0564,0.0704,0.0596
