C_R,C_A,C_S,C_N,D_R,D_A,D_S,D_N,Oc_R,Oc_A,Oc_S,Oc_N,Od_R,Od_A,Od_S,Od_N
0.0,0.0,0.0,0.0,1.0,0.0,0.0,0.0,0.0,0.0,0.0,0.0,0.0,0.0,0.0,0.0
0.0,0.0,0.0,0.0,0.6,0.0,0.4,0.0,0.0,0.0,0.0,0.0,0.0,0.0,0.0,0.0
0.0,0.0,0.0,0.0,0.5,0.0,0.375,0.125,0.0,0.0,0.0,0.0,0.0,0.0,0.0,0.0
0.0,0.0,0.0,0.0,0.4166666666666667,0.0,0.4166666666666667,0.08333333333333333,0.0,0.0,0.0,0.0,0.0,0.0,0.0,0.08333333333333333
0.0,0.0,0.0,0.0,0.4117647058823529,0.0,0.35294117647058826,0.11764705882352941,0.0,0.0,0.0,0.0,0.0,0.0,0.0,0.11764705882352941
0.0,0.0,0.0,0.0,0.3333333333333333,0.0,0.4166666666666667,0.125,0.0,0.0,0.0,0.0,0.041666666666666664,0.0,0.0,0.08333333333333333
0.0,0.0,0.0,0.0,0.3548387096774194,0.06451612903225806,0.3225806451612903,0.0967741935483871,0.0,0.0,0.0,0.0,0.03225806451612903,0.0,0.0,0.12903225806451613
0.0,0.0,0.0,0.0,0.34146341463414637,0.07317073170731707,0.3170731707317073,0.0975609756097561,0.0,0.0,0.024390243902439025,0.0,0.024390243902439025,0.0,0.0,0.12195121951219512
0.0,0.0,0.0,0.0,0.30357142857142855,0.07142857142857142,0.30357142857142855,0.125,0.0,0.0,0.07142857142857142,0.0,0.03571428571428571,0.0,0.0,0.08928571428571429
0.014285714285714285,0.0,0.0,0.0,0.2714285714285714,0.05714285714285714,0.2857142857142857,0.17142857142857143,0.0,0.0,0.07142857142857142,0.014285714285714285,0.04285714285714286,0.0,0.0,0.07142857142857142
0.011235955056179775,0.0,0.0,0.0,0.25842696629213485,0.056179775280898875,0.23595505617977527,0.16853932584269662,0.0,0.0,0.0898876404494382,0.02247191011235955,0.06741573033707865,0.0,0.0,0.0898876404494382
0.017699115044247787,0.0,0.0,0.0,0.23008849557522124,0.07079646017699115,0.23893805309734514,0.13274336283185842,0.0,0.0,0.11504424778761062,0.02654867256637168,0.08849557522123894,0.008849557522123894,0.0,0.07079646017699115
0.013422818791946308,0.0,0.0,0.0,0.2214765100671141,0.0738255033557047,0.21476510067114093,0.14093959731543623,0.0,0.013422818791946308,0.11409395973154363,0.026845637583892617,0.09395973154362416,0.020134228187919462,0.0,0.06711409395973154
0.010752688172043012,0.0,0.0,0.005376344086021506,0.21505376344086022,0.06451612903225806,0.1935483870967742,0.13440860215053763,0.0,0.010752688172043012,0.12903225806451613,0.026881720430107527,0.0967741935483871,0.021505376344086023,0.010752688172043012,0.08064516129032258
0.013761467889908258,0.0,0.009174311926605505,0.0045871559633027525,0.2018348623853211,0.05504587155963303,0.1834862385321101,0.14678899082568808,0.0,0.013761467889908258,0.11926605504587157,0.027522935779816515,0.11009174311926606,0.01834862385321101,0.009174311926605505,0.0871559633027523
0.022388059701492536,0.0,0.011194029850746268,0.0037313432835820895,0.1865671641791045,0.0708955223880597,0.1791044776119403,0.1455223880597015,0.0,0.007462686567164179,0.12686567164179105,0.026119402985074626,0.1044776119402985,0.018656716417910446,0.007462686567164179,0.08955223880597014
0.018633540372670808,0.0,0.015527950310559006,0.006211180124223602,0.18012422360248448,0.07453416149068323,0.18012422360248448,0.15217391304347827,0.003105590062111801,0.009316770186335404,0.14285714285714285,0.024844720496894408,0.09006211180124224,0.015527950310559006,0.003105590062111801,0.08385093167701864
0.018867924528301886,0.0,0.016172506738544475,0.005390835579514825,0.1725067385444744,0.0646900269541779,0.18598382749326145,0.15363881401617252,0.005390835579514825,0.01078167115902965,0.1347708894878706,0.02425876010781671,0.09433962264150944,0.018867924528301886,0.0026954177897574125,0.09164420485175202
0.02054794520547945,0.0,0.0182648401826484,0.00684931506849315,0.16666666666666666,0.05707762557077625,0.17123287671232876,0.1643835616438356,0.00684931506849315,0.01141552511415525,0.1415525114155251,0.01598173515981735,0.10730593607305935,0.0136986301369863,0.0045662100456621,0.09360730593607305
0.026871401151631478,0.003838771593090211,0.02111324376199616,0.013435700575815739,0.1401151631477927,0.06333973128598848,0.15547024952015356,0.15738963531669867,0.007677543186180422,0.011516314779270634,0.15547024952015356,0.023032629558541268,0.11516314779270634,0.013435700575815739,0.005758157389635317,0.08637236084452975
0.02707275803722504,0.005076142131979695,0.021996615905245348,0.015228426395939087,0.1353637901861252,0.06429780033840947,0.14213197969543148,0.15228426395939088,0.011844331641285956,0.00676818950930626,0.15397631133671744,0.032148900169204735,0.12351945854483926,0.01692047377326565,0.00338409475465313,0.08798646362098139
0.027439024390243903,0.001524390243902439,0.025914634146341462,0.012195121951219513,0.13414634146341464,0.06402439024390244,0.15091463414634146,0.15396341463414634,0.009146341463414634,0.006097560975609756,0.15548780487804878,0.03353658536585366,0.1173780487804878,0.018292682926829267,0.004573170731707317,0.08536585365853659
0.02312925170068027,0.004081632653061225,0.034013605442176874,0.009523809523809525,0.1306122448979592,0.0653061224489796,0.1414965986394558,0.1510204081632653,0.00816326530612245,0.006802721088435374,0.15918367346938775,0.02857142857142857,0.12244897959183673,0.021768707482993196,0.004081632653061225,0.08979591836734693
0.028151774785801713,0.006119951040391677,0.042839657282741736,0.012239902080783354,0.1211750305997552,0.06364749082007344,0.12851897184822522,0.14932680538555693,0.008567931456548347,0.0073439412484700125,0.16768665850673195,0.02692778457772338,0.11505507955936352,0.023255813953488372,0.006119951040391677,0.09302325581395349
0.024581005586592177,0.0011173184357541898,0.0446927374301676,0.01452513966480447,0.12513966480446928,0.05698324022346369,0.1217877094972067,0.15307262569832403,0.00782122905027933,0.0111731843575419,0.16312849162011173,0.030167597765363128,0.12290502793296089,0.02905027932960894,0.0067039106145251395,0.08715083798882682
0.026503567787971458,0.0030581039755351682,0.04281345565749235,0.017329255861365953,0.11824668705402651,0.06218144750254842,0.11416921508664628,0.15392456676860347,0.014271151885830785,0.009174311926605505,0.15392456676860347,0.0326197757390418,0.12945973496432212,0.02854230377166157,0.009174311926605505,0.08460754332313965
0.02611218568665377,0.0029013539651837525,0.043520309477756286,0.020309477756286266,0.10541586073500966,0.05609284332688588,0.1218568665377176,0.1528046421663443,0.017408123791102514,0.009671179883945842,0.15087040618955513,0.035783365570599614,0.13056092843326886,0.033849129593810444,0.010638297872340425,0.08220502901353965
0.0285451197053407,0.0027624309392265192,0.05064456721915286,0.020257826887661142,0.10313075506445672,0.05985267034990792,0.12062615101289134,0.141804788213628,0.019337016574585635,0.010128913443830571,0.15101289134438306,0.03959484346224678,0.1279926335174954,0.034990791896869246,0.009208103130755065,0.08011049723756906
0.024955436720142603,0.0017825311942959,0.057932263814616754,0.01871657754010695,0.11229946524064172,0.05614973262032086,0.10873440285204991,0.13101604278074866,0.016042780748663103,0.0106951871657754,0.15418894830659535,0.040998217468805706,0.13814616755793227,0.0374331550802139,0.008912655971479501,0.08199643493761141
0.023096663815226688,0.001710863986313088,0.05303678357570573,0.022241231822070145,0.10778443113772455,0.05303678357570573,0.10778443113772455,0.13857998289136014,0.018819503849443968,0.011120615911035072,0.14114627887082976,0.03507271171941831,0.15055603079555174,0.04362703165098375,0.010265183917878529,0.08212147134302823
0.027684563758389263,0.00587248322147651,0.05453020134228188,0.026006711409395974,0.10318791946308725,0.053691275167785234,0.1040268456375839,0.13003355704697986,0.01929530201342282,0.009228187919463088,0.13926174496644295,0.03104026845637584,0.1610738255033557,0.04194630872483222,0.010067114093959731,0.08305369127516779
0.02912621359223301,0.0048543689320388345,0.05906148867313916,0.02831715210355987,0.09789644012944984,0.05177993527508091,0.09870550161812297,0.13754045307443366,0.022653721682847898,0.010517799352750809,0.13349514563106796,0.03155339805825243,0.156957928802589,0.04854368932038835,0.012135922330097087,0.07686084142394822
0.03393843725335438,0.007892659826361484,0.05840568271507498,0.03157063930544594,0.10812943962115233,0.049723756906077346,0.09550118389897395,0.1239147592738753,0.0244672454617206,0.011838989739542225,0.13259668508287292,0.026835043409629045,0.15864246250986583,0.0489344909234412,0.014206787687450671,0.0734017363851618
0.033051498847040735,0.007686395080707148,0.053036126056879324,0.034588777863182166,0.10760953112990007,0.053036126056879324,0.09223674096848578,0.11606456571867795,0.023059185242121444,0.012298232129131437,0.13912375096079937,0.024596464258262875,0.16679477325134512,0.04304381245196003,0.019984627209838585,0.07378939277478862
0.03673163418290855,0.009745127436281859,0.05547226386806597,0.03523238380809595,0.10194902548725637,0.046476761619190406,0.09295352323838081,0.11169415292353824,0.023238380809595203,0.009745127436281859,0.1424287856071964,0.024737631184407798,0.17391304347826086,0.038980509745127435,0.0239880059970015,0.0727136431784108
0.04148148148148148,0.011851851851851851,0.05555555555555555,0.03259259259259259,0.09259259259259259,0.044444444444444446,0.09259259259259259,0.10888888888888888,0.02666666666666667,0.012592592592592593,0.1437037037037037,0.027407407407407408,0.1748148148148148,0.0437037037037037,0.028148148148148148,0.06296296296296296
0.05371596762325239,0.013245033112582781,0.05592347314201619,0.03384841795437822,0.08682855040470934,0.03899926416482708,0.08314937454010302,0.10448859455481972,0.02869757174392936,0.011037527593818985,0.14422369389256806,0.02869757174392936,0.1817512877115526,0.04047093451066961,0.036055923473142015,0.05886681383370125
0.05844155844155844,0.015151515151515152,0.05483405483405483,0.03463203463203463,0.08658008658008658,0.04401154401154401,0.09018759018759019,0.09956709956709957,0.024531024531024532,0.010101010101010102,0.13636363636363635,0.031024531024531024,0.18542568542568544,0.03968253968253968,0.03318903318903319,0.05627705627705628
0.06430635838150289,0.01300578034682081,0.05202312138728324,0.03251445086705202,0.0953757225433526,0.04046242774566474,0.08742774566473989,0.10115606936416185,0.022398843930635837,0.01083815028901734,0.13583815028901733,0.026734104046242775,0.18641618497109827,0.03829479768786127,0.031791907514450865,0.06141618497109826
0.06097560975609756,0.010760401721664276,0.04949784791965567,0.035868005738880916,0.09684361549497848,0.03945480631276901,0.08177905308464849,0.09325681492109039,0.02582496413199426,0.010760401721664276,0.13558106169296988,0.028694404591104734,0.1951219512195122,0.03873744619799139,0.03443328550932568,0.062410329985652796
0.07122507122507123,0.013532763532763533,0.04415954415954416,0.039886039886039885,0.09757834757834757,0.04700854700854701,0.08190883190883191,0.0876068376068376,0.022792022792022793,0.01282051282051282,0.11752136752136752,0.026353276353276354,0.202991452991453,0.04131054131054131,0.03133903133903134,0.06196581196581197
0.07532281205164992,0.012195121951219513,0.040889526542324243,0.04591104734576758,0.09612625538020086,0.04447632711621234,0.07675753228120516,0.09325681492109039,0.021520803443328552,0.010760401721664276,0.11477761836441894,0.02582496413199426,0.21018651362984217,0.03945480631276901,0.03084648493543759,0.06169296987087518
0.07741935483870968,0.014336917562724014,0.03799283154121864,0.04874551971326165,0.0910394265232975,0.045878136200716846,0.07741935483870968,0.08888888888888889,0.01935483870967742,0.01003584229390681,0.11254480286738351,0.025806451612903226,0.22652329749103942,0.03942652329749104,0.02867383512544803,0.05591397849462366
0.08917197452229299,0.01627742392073602,0.03043170559094126,0.051663128096249115,0.08775654635527247,0.048124557678697805,0.07077140835102619,0.08563340410474168,0.021939136588818117,0.01556970983722576,0.10828025477707007,0.024769992922859165,0.22929936305732485,0.039631988676574664,0.024769992922859165,0.055909412597310686
0.08575478384124734,0.012756909992912827,0.028348688873139617,0.05244507441530829,0.08646350106307583,0.0446491849751949,0.073706591070163,0.08575478384124734,0.019844082211197732,0.01559177888022679,0.10063784549964565,0.026222537207654145,0.23742026931254429,0.041105598866052445,0.028348688873139617,0.06094968107725018
0.08904593639575972,0.012014134275618375,0.03392226148409894,0.05512367491166078,0.07773851590106007,0.04876325088339223,0.06784452296819787,0.08409893992932863,0.023321554770318022,0.014840989399293287,0.09540636042402827,0.024734982332155476,0.24028268551236748,0.045936395759717315,0.028268551236749116,0.058657243816254416
0.08982456140350877,0.010526315789473684,0.030175438596491227,0.05824561403508772,0.07719298245614035,0.05473684210526316,0.061052631578947365,0.08421052631578947,0.02526315789473684,0.014736842105263158,0.0968421052631579,0.02526315789473684,0.24280701754385964,0.041403508771929824,0.028070175438596492,0.05964912280701754
0.09065354884047787,0.011946591707659873,0.03162333099086437,0.05692199578355587,0.06886858749121574,0.05340829234012649,0.05551651440618412,0.07940969782150387,0.026704146170063246,0.018271257905832748,0.10119465917076599,0.03302881236823612,0.25087842586085735,0.036542515811665496,0.027406886858749122,0.05762473647224174
0.09282700421940929,0.010548523206751054,0.03305203938115331,0.06188466947960619,0.06962025316455696,0.052742616033755275,0.05907172995780591,0.07032348804500703,0.030942334739803096,0.020393811533052038,0.09142053445850915,0.034458509142053444,0.2559774964838256,0.035161744022503515,0.02390998593530239,0.057665260196905765
0.09530483531885074,0.014716187806587245,0.028731604765241767,0.06377014716187807,0.06587245970567625,0.04835318850735809,0.05536089698668535,0.06867554309740714,0.027330063069376315,0.02102312543798178,0.09110021023125438,0.032936229852838124,0.2747021723896286,0.03363700070077085,0.027330063069376315,0.051156271899089
0.10205479452054794,0.015753424657534248,0.023287671232876714,0.06438356164383562,0.06095890410958904,0.04657534246575343,0.06027397260273973,0.07123287671232877,0.028082191780821917,0.022602739726027398,0.09315068493150686,0.03287671232876712,0.2773972602739726,0.02945205479452055,0.023972602739726026,0.04794520547945205
0.10906612133605999,0.014996591683708248,0.021131561008861623,0.06475800954328562,0.05794137695978187,0.03953646898432175,0.05794137695978187,0.06952965235173825,0.026584867075664622,0.023858214042263123,0.09202453987730061,0.024539877300613498,0.3012951601908657,0.026584867075664622,0.025221540558963872,0.044989775051124746
0.11752717391304347,0.01358695652173913,0.021739130434782608,0.06929347826086957,0.057744565217391304,0.04008152173913043,0.051630434782608696,0.06793478260869565,0.021059782608695652,0.02309782608695652,0.08695652173913043,0.027853260869565216,0.313179347826087,0.021059782608695652,0.024456521739130436,0.042798913043478264
0.11691884456671252,0.01581843191196699,0.01581843191196699,0.07290233837689133,0.050206327372764786,0.0405777166437414,0.04883081155433287,0.06464924346629987,0.021320495185694635,0.023383768913342505,0.09284731774415406,0.02888583218707015,0.3184319119669876,0.02200825309491059,0.026134800550206328,0.04126547455295736
0.11942347288949898,0.014413177762525738,0.018531228551818806,0.0727522306108442,0.04667124227865477,0.0363761153054221,0.041866849691146193,0.06108442004118051,0.019217570350034317,0.024708304735758406,0.09540150995195608,0.033630748112560054,0.335621139327385,0.02196293754289636,0.024021962937542895,0.03431708991077557
0.12171507607192254,0.013831258644536652,0.017980636237897647,0.06915629322268327,0.04564315352697095,0.03112033195020747,0.042876901798063624,0.06431535269709543,0.01867219917012448,0.021438450899031812,0.08782849239280774,0.029737206085753802,0.3499308437067773,0.024896265560165973,0.022821576763485476,0.03803596127247579
0.1375259156876296,0.01243953006219765,0.018659295093296474,0.07394609536973047,0.04008293020041465,0.025570145127850726,0.042156185210780926,0.056668970283344854,0.015894955079474776,0.0221147201105736,0.08154803040774015,0.029716655148583276,0.3614374568071873,0.020041465100207326,0.02073255010366275,0.0414651002073255
0.1485215053763441,0.010080645161290322,0.019489247311827957,0.07728494623655914,0.043682795698924734,0.02620967741935484,0.04435483870967742,0.05241935483870968,0.014112903225806451,0.019489247311827957,0.07661290322580645,0.034274193548387094,0.35013440860215056,0.02217741935483871,0.020161290322580645,0.04099462365591398
0.15728813559322033,0.012203389830508475,0.021016949152542375,0.08,0.04610169491525424,0.022372881355932205,0.04338983050847458,0.04203389830508475,0.012203389830508475,0.018983050847457626,0.08067796610169492,0.031864406779661014,0.3593220338983051,0.01830508474576271,0.018983050847457626,0.03525423728813559
0.15978695073235685,0.009320905459387484,0.015978695073235686,0.08122503328894808,0.04727030625832224,0.021970705725699067,0.041944074567243674,0.03794940079893475,0.013981358189081226,0.019307589880159785,0.07456724367509987,0.031291611185086554,0.3774966711051931,0.015312916111850865,0.015978695073235686,0.03661784287616511
0.16811207471647766,0.0066711140760507,0.01467645096731154,0.08739159439626418,0.047364909939959975,0.019346230820547032,0.038692461641094064,0.03802535023348899,0.01067378252168112,0.018679119412941963,0.06871247498332221,0.02935290193462308,0.38492328218812544,0.01667778519012675,0.01801200800533689,0.03268845897264843
0.16964877402253148,0.005301524188204109,0.013253810470510271,0.09476474486414845,0.04440026507620941,0.015904572564612324,0.038436050364479786,0.04241219350563287,0.0145791915175613,0.013916500994035786,0.06428098078197482,0.030483764082173626,0.38502319416832337,0.02054340622929092,0.015241882041086813,0.03180914512922465
0.18127883981542517,0.003955174686882004,0.012524719841793012,0.0922874093605801,0.043506921555702044,0.011865524060646011,0.04218852999340804,0.043506921555702044,0.015161502966381015,0.013843111404087014,0.05932762030323006,0.02702702702702703,0.38958470665787737,0.01977587343441002,0.013183915622940013,0.03098220171390903
0.17716535433070865,0.003937007874015748,0.010498687664041995,0.09908136482939632,0.045275590551181105,0.01115485564304462,0.04199475065616798,0.04265091863517061,0.013779527559055118,0.01706036745406824,0.04921259842519685,0.026246719160104987,0.3963254593175853,0.02230971128608924,0.012467191601049869,0.03083989501312336
0.18390052356020942,0.003926701570680628,0.00981675392670157,0.09947643979057591,0.04450261780104712,0.00981675392670157,0.04253926701570681,0.037303664921465966,0.0137434554973822,0.015706806282722512,0.04581151832460733,0.024214659685863876,0.40706806282722513,0.02225130890052356,0.012434554973821989,0.0274869109947644
0.18246753246753247,0.0025974025974025974,0.00909090909090909,0.09935064935064936,0.04155844155844156,0.007792207792207792,0.03831168831168831,0.03831168831168831,0.012987012987012988,0.016233766233766232,0.046753246753246755,0.026623376623376622,0.41623376623376623,0.01948051948051948,0.012987012987012988,0.02922077922077922
0.19155844155844157,0.003896103896103896,0.007142857142857143,0.09480519480519481,0.03571428571428571,0.00974025974025974,0.031818181818181815,0.03961038961038961,0.012987012987012988,0.015584415584415584,0.044805194805194806,0.02922077922077922,0.42142857142857143,0.022727272727272728,0.014935064935064935,0.024025974025974027
0.19794344473007713,0.0038560411311053984,0.004498714652956298,0.10539845758354756,0.028277634961439587,0.007069408740359897,0.031491002570694086,0.03470437017994859,0.016066838046272493,0.014781491002570694,0.04434447300771208,0.032776349614395885,0.41645244215938304,0.021850899742930592,0.015424164524421594,0.02506426735218509
0.18830334190231363,0.0038560411311053984,0.005141388174807198,0.10604113110539845,0.027634961439588688,0.004498714652956298,0.028277634961439587,0.03406169665809768,0.016066838046272493,0.015424164524421594,0.04498714652956298,0.030205655526992288,0.4389460154241645,0.018637532133676093,0.014781491002570694,0.02313624678663239
0.1960281870595772,0.0064061499039077515,0.007046764894298526,0.11210762331838565,0.02754644458680333,0.0064061499039077515,0.026905829596412557,0.03267136450992953,0.016015374759769378,0.014734144778987828,0.048046124279308135,0.026905829596412557,0.4279308135810378,0.016655989750160152,0.012812299807815503,0.021780909673286355
0.20051413881748073,0.008354755784061696,0.007712082262210797,0.10925449871465295,0.02442159383033419,0.007069408740359897,0.02699228791773779,0.030848329048843187,0.019280205655526992,0.015424164524421594,0.04113110539845758,0.027634961439588688,0.4318766066838046,0.014781491002570694,0.012210796915167094,0.02249357326478149
0.20346598202824134,0.006418485237483954,0.010911424903722721,0.11489088575096278,0.023106546854942234,0.005776636713735558,0.024390243902439025,0.03337612323491656,0.019255455712451863,0.011553273427471117,0.036585365853658534,0.02503209242618742,0.43774069319640563,0.012195121951219513,0.012836970474967908,0.022464698331193838
0.21225806451612902,0.0064516129032258064,0.01032258064516129,0.1167741935483871,0.024516129032258065,0.005806451612903226,0.023225806451612905,0.03032258064516129,0.01935483870967742,0.01032258064516129,0.035483870967741936,0.023870967741935485,0.44129032258064516,0.00903225806451613,0.01096774193548387,0.02
0.22441195168467895,0.004450095359186269,0.010171646535282899,0.10743801652892562,0.027972027972027972,0.006993006993006993,0.02542911633820725,0.02733630006357279,0.019071837253655435,0.010171646535282899,0.03305785123966942,0.020343293070565798,0.44373808010171645,0.01144310235219326,0.006357279084551812,0.02161474888747616
0.21568627450980393,0.002530044275774826,0.008855154965211892,0.11448450347881088,0.02530044275774826,0.0056925996204933585,0.020872865275142316,0.027830487033523088,0.0196078431372549,0.010120177103099304,0.036053130929791274,0.021505376344086023,0.4522454142947502,0.008222643896268185,0.008222643896268185,0.022770398481973434
0.2234314980793854,0.0019206145966709346,0.0076824583866837385,0.1088348271446863,0.024327784891165175,0.006402048655569782,0.016645326504481434,0.02240717029449424,0.020486555697823303,0.007042253521126761,0.03649167733674776,0.017285531370038413,0.4737516005121639,0.005761843790012804,0.006402048655569782,0.02112676056338028
0.233502538071066,0.0025380710659898475,0.006979695431472081,0.10406091370558376,0.01903553299492386,0.006345177664974619,0.017766497461928935,0.02284263959390863,0.017766497461928935,0.006345177664974619,0.038705583756345176,0.01649746192893401,0.4746192893401015,0.006979695431472081,0.005076142131979695,0.020939086294416244
0.24005134788189988,0.0012836970474967907,0.006418485237483954,0.10397946084724005,0.01540436456996149,0.004492939666238768,0.014120667522464698,0.025673940949935817,0.01540436456996149,0.004492939666238768,0.03915275994865212,0.014762516046213094,0.48267008985879334,0.007060333761232349,0.0038510911424903724,0.021181001283697046
0.24935567010309279,0.0032216494845360823,0.005154639175257732,0.11275773195876289,0.01675257731958763,0.005798969072164949,0.01288659793814433,0.024484536082474227,0.014819587628865979,0.004510309278350515,0.03414948453608247,0.013530927835051547,0.47615979381443296,0.005798969072164949,0.004510309278350515,0.01610824742268041
0.2514469453376206,0.002572347266881029,0.005144694533762058,0.12218649517684887,0.012218649517684888,0.005144694533762058,0.012218649517684888,0.0180064308681672,0.012861736334405145,0.0077170418006430866,0.030868167202572346,0.014790996784565916,0.4758842443729904,0.0077170418006430866,0.005144694533762058,0.01607717041800643
0.2521957340025094,0.00439146800501882,0.003136762860727729,0.12296110414052698,0.01066499372647428,0.00439146800501882,0.00878293601003764,0.015683814303638646,0.015056461731493099,0.005018820577164366,0.027603513174404015,0.013801756587202008,0.486198243412798,0.009410288582183186,0.005018820577164366,0.015683814303638646
0.2564102564102564,0.004377736085053158,0.004377736085053158,0.12632895559724827,0.008130081300813009,0.005628517823639775,0.009380863039399626,0.010006253908692933,0.015634771732332707,0.005628517823639775,0.0300187617260788,0.011882426516572859,0.48717948717948717,0.0068792995622263915,0.0050031269543464665,0.013133208255159476
0.2503160556257901,0.00695322376738306,0.0031605562579013905,0.13084702907711757,0.005689001264222503,0.0050568900126422255,0.008217446270543615,0.008849557522123894,0.010745891276864728,0.005689001264222503,0.028445006321112517,0.012010113780025285,0.4993678887484197,0.006321112515802781,0.0050568900126422255,0.01327433628318584
0.24527112232030265,0.004413619167717529,0.004413619167717529,0.1330390920554855,0.006305170239596469,0.0031525851197982345,0.01008827238335435,0.009457755359394703,0.01008827238335435,0.005674653215636823,0.023329129886506934,0.012610340479192938,0.5075662042875158,0.007566204287515763,0.004413619167717529,0.012610340479192938
0.2629606495940037,0.004372267332916927,0.006246096189881324,0.11992504684572143,0.004996876951905059,0.0037476577139287947,0.006870705808869456,0.007495315427857589,0.006870705808869456,0.006246096189881324,0.021861336664584636,0.014366021236727046,0.5109306683322923,0.007495315427857589,0.0037476577139287947,0.011867582760774516
0.2696700507614213,0.0031725888324873096,0.006979695431472081,0.1199238578680203,0.005076142131979695,0.0038071065989847717,0.006345177664974619,0.007614213197969543,0.006345177664974619,0.0038071065989847717,0.023477157360406092,0.01015228426395939,0.5120558375634517,0.01015228426395939,0.0019035532994923859,0.00951776649746193
0.2706393544382371,0.0031036623215394167,0.006207324643078833,0.12290502793296089,0.006207324643078833,0.002482929857231533,0.00558659217877095,0.0074487895716946,0.00558659217877095,0.004345127250155183,0.01738050900062073,0.009931719428926133,0.5170701427684667,0.0074487895716946,0.0037243947858473,0.009931719428926133
0.27060270602706027,0.003075030750307503,0.008610086100861008,0.11746617466174662,0.006150061500615006,0.0018450184501845018,0.005535055350553505,0.005535055350553505,0.004920049200492005,0.0036900369003690036,0.020910209102091022,0.010455104551045511,0.525830258302583,0.007380073800738007,0.0018450184501845018,0.006150061500615006
0.2617866004962779,0.0037220843672456576,0.009925558312655087,0.11290322580645161,0.006823821339950372,0.003101736972704715,0.004342431761786601,0.0037220843672456576,0.005583126550868486,0.004342431761786601,0.02109181141439206,0.007444168734491315,0.5415632754342432,0.008684863523573201,0.0012406947890818859,0.0037220843672456576
0.26148193508879364,0.004286589099816289,0.010410287813839559,0.10961420698101654,0.005511328842620943,0.002449479485609308,0.004898958971218616,0.004898958971218616,0.004898958971218616,0.00612369871402327,0.017146356399265157,0.007348438456827924,0.5456215554194733,0.007960808328230252,0.000612369871402327,0.006736068585425597
0.2630272952853598,0.004962779156327543,0.009925558312655087,0.10669975186104218,0.004342431761786601,0.0006203473945409429,0.004342431761786601,0.004342431761786601,0.004342431761786601,0.00620347394540943,0.013647642679900745,0.007444168734491315,0.5564516129032258,0.00620347394540943,0.0012406947890818859,0.00620347394540943
0.27334152334152334,0.0085995085995086,0.007985257985257985,0.10995085995085994,0.0036855036855036856,0.0018427518427518428,0.0036855036855036856,0.002457002457002457,0.0012285012285012285,0.0042997542997543,0.014127764127764128,0.004914004914004914,0.5485257985257985,0.006756756756756757,0.0006142506142506142,0.007985257985257985
0.2778457772337821,0.00795593635250918,0.0036719706242350062,0.11505507955936352,0.0036719706242350062,0.0036719706242350062,0.0018359853121175031,0.004895960832313341,0.0024479804161566705,0.0024479804161566705,0.01040391676866585,0.006119951040391677,0.5489596083231334,0.0030599755201958386,0.0006119951040391676,0.0073439412484700125
0.2682180036742192,0.006736068585425597,0.003061849357011635,0.11879975505205144,0.002449479485609308,0.004286589099816289,0.001837109614206981,0.006736068585425597,0.001837109614206981,0.003674219228413962,0.009185548071034905,0.005511328842620943,0.5560318432333129,0.003061849357011635,0.000612369871402327,0.007960808328230252
0.2667486170866626,0.006146281499692686,0.0036877688998156115,0.10940381069452981,0.002458512599877074,0.0043023970497848806,0.0018438844499078057,0.004917025199754148,0.002458512599877074,0.004917025199754148,0.00921942224953903,0.005531653349723417,0.5660725261216963,0.0018438844499078057,0.0018438844499078057,0.008604794099569761
0.2814814814814815,0.004320987654320987,0.0024691358024691358,0.10308641975308643,0.001851851851851852,0.003703703703703704,0.004320987654320987,0.0030864197530864196,0.0049382716049382715,0.0049382716049382715,0.008024691358024692,0.004320987654320987,0.5623456790123457,0.0024691358024691358,0.001851851851851852,0.006790123456790123
0.273224043715847,0.004857316332726169,0.0012143290831815423,0.10139647844565877,0.0018214936247723133,0.004250151791135397,0.0036429872495446266,0.004250151791135397,0.004250151791135397,0.004250151791135397,0.007285974499089253,0.0036429872495446266,0.5774134790528234,0.0030358227079538553,0.0006071645415907711,0.004857316332726169
0.2765060240963855,0.004819277108433735,0.0012048192771084338,0.10602409638554217,0.0018072289156626507,0.004216867469879518,0.004216867469879518,0.0030120481927710845,0.004216867469879518,0.0036144578313253013,0.006024096385542169,0.004216867469879518,0.5716867469879519,0.0036144578313253013,0.0,0.004819277108433735
0.2790273556231003,0.006686930091185411,0.0006079027355623101,0.10273556231003039,0.00303951367781155,0.00364741641337386,0.00547112462006079,0.00425531914893617,0.0024316109422492403,0.00303951367781155,0.00547112462006079,0.00425531914893617,0.5708206686930091,0.00425531914893617,0.0,0.00425531914893617
0.2797288971041282,0.0061614294516327784,0.0012322858903265558,0.09673444239063463,0.0030807147258163892,0.004313000616142945,0.0024645717806531116,0.0012322858903265558,0.0018484288354898336,0.0036968576709796672,0.0061614294516327784,0.0030807147258163892,0.5816389402341343,0.004929143561306223,0.0,0.0036968576709796672
0.2817848410757946,0.003667481662591687,0.0006112469437652812,0.1008557457212714,0.0024449877750611247,0.004278728606356968,0.0024449877750611247,0.0018337408312958435,0.0012224938875305623,0.003056234718826406,0.003667481662591687,0.0018337408312958435,0.5843520782396088,0.004278728606356968,0.0012224938875305623,0.0024449877750611247
0.2756952841596131,0.003022974607013301,0.0012091898428053204,0.10640870616686819,0.004232164449818622,0.0036275695284159614,0.003022974607013301,0.0012091898428053204,0.0006045949214026602,0.0018137847642079807,0.003022974607013301,0.0024183796856106408,0.5840386940749698,0.0048367593712212815,0.0012091898428053204,0.0036275695284159614
0.28615009151921905,0.0024405125076266015,0.0018303843807199512,0.10128126906650396,0.003050640634533252,0.004270896888346553,0.0036607687614399025,0.003050640634533252,0.0018303843807199512,0.0018303843807199512,0.0024405125076266015,0.0024405125076266015,0.5765710799267846,0.0036607687614399025,0.0006101281269066504,0.004881025015253203
0.2806060606060606,0.0024242424242424242,0.0012121212121212121,0.09757575757575758,0.0018181818181818182,0.0048484848484848485,0.004242424242424243,0.0030303030303030303,0.0030303030303030303,0.0024242424242424242,0.0024242424242424242,0.0018181818181818182,0.5860606060606061,0.0048484848484848485,0.0006060606060606061,0.0030303030303030303
0.286144578313253,0.0036144578313253013,0.0006024096385542169,0.08975903614457831,0.0018072289156626507,0.006024096385542169,0.005421686746987952,0.0024096385542168677,0.0012048192771084338,0.0024096385542168677,0.0006024096385542169,0.0030120481927710845,0.5879518072289157,0.004819277108433735,0.0006024096385542169,0.0036144578313253013
0.2727272727272727,0.001806140878988561,0.0012040939193257074,0.08609271523178808,0.002408187838651415,0.006622516556291391,0.006622516556291391,0.003612281757977122,0.0012040939193257074,0.0030102347983142685,0.0006020469596628537,0.003612281757977122,0.5978326309452138,0.005418422636965683,0.002408187838651415,0.00481637567730283
0.27063106796116504,0.0024271844660194173,0.003033980582524272,0.09162621359223301,0.0012135922330097086,0.007281553398058253,0.0048543689320388345,0.00424757281553398,0.003033980582524272,0.0036407766990291263,0.0,0.0024271844660194173,0.595873786407767,0.0048543689320388345,0.0012135922330097086,0.0036407766990291263
0.27135069654754695,0.0024227740763173833,0.004239854633555421,0.09145972138098123,0.0012113870381586917,0.009085402786190187,0.0030284675953967293,0.004845548152634767,0.0024227740763173833,0.0036341611144760752,0.0,0.0030284675953967293,0.5935796486977589,0.0060569351907934586,0.0006056935190793458,0.0030284675953967293
0.2770352369380316,0.002430133657351154,0.00425273390036452,0.08869987849331713,0.001215066828675577,0.007897934386391251,0.00425273390036452,0.00425273390036452,0.001215066828675577,0.0036452004860267314,0.0006075334143377885,0.0018226002430133657,0.5935601458080194,0.006075334143377886,0.0006075334143377885,0.002430133657351154
0.28151774785801714,0.0006119951040391676,0.004895960832313341,0.08690330477356181,0.0018359853121175031,0.009179926560587515,0.004283965728274173,0.0036719706242350062,0.0018359853121175031,0.004283965728274173,0.0,0.0018359853121175031,0.5917992656058751,0.004283965728274173,0.0006119951040391676,0.0024479804161566705
0.2784265519360787,0.0018438844499078057,0.0036877688998156115,0.07682851874615858,0.002458512599877074,0.006760909649661954,0.004917025199754148,0.002458512599877074,0.0018438844499078057,0.003073140749846343,0.0,0.0036877688998156115,0.6084818684695759,0.003073140749846343,0.001229256299938537,0.001229256299938537
0.27787934186471663,0.002437538086532602,0.0030469226081657527,0.07556368068251067,0.0,0.006093845216331505,0.003656307129798903,0.001218769043266301,0.0018281535648994515,0.0018281535648994515,0.0006093845216331506,0.0018281535648994515,0.6173065204143815,0.003656307129798903,0.0006093845216331506,0.002437538086532602
0.27955665024630544,0.0024630541871921183,0.0012315270935960591,0.06711822660098522,0.0,0.008620689655172414,0.004310344827586207,0.0012315270935960591,0.0,0.0018472906403940886,0.0012315270935960591,0.0024630541871921183,0.6225369458128078,0.004310344827586207,0.0006157635467980296,0.0024630541871921183
0.278149726110773,0.0018259281801582471,0.0012172854534388314,0.06390748630553865,0.0,0.00852099817407182,0.002434570906877663,0.0012172854534388314,0.0,0.0012172854534388314,0.002434570906877663,0.0018259281801582471,0.628119293974437,0.00426049908703591,0.0012172854534388314,0.0036518563603164943
0.2815884476534296,0.0018050541516245488,0.0018050541516245488,0.05956678700361011,0.0,0.0036101083032490976,0.0024067388688327317,0.0006016847172081829,0.0018050541516245488,0.0006016847172081829,0.0018050541516245488,0.0018050541516245488,0.634777376654633,0.0036101083032490976,0.0006016847172081829,0.0036101083032490976
0.26895306859205775,0.0012033694344163659,0.0024067388688327317,0.05415162454873646,0.0006016847172081829,0.0024067388688327317,0.0030084235860409147,0.0018050541516245488,0.0012033694344163659,0.0006016847172081829,0.0,0.0012033694344163659,0.6528279181708785,0.0030084235860409147,0.0012033694344163659,0.005415162454873646
0.2637296318648159,0.0018105009052504525,0.0018105009052504525,0.05793602896801448,0.0006035003017501509,0.003621001810500905,0.005431502715751358,0.0006035003017501509,0.0006035003017501509,0.0024140012070006035,0.0,0.0006035003017501509,0.6529873264936632,0.0024140012070006035,0.0012070006035003018,0.004224502112251056
0.2642079806529625,0.0012091898428053204,0.003022974607013301,0.05562273276904474,0.0006045949214026602,0.0048367593712212815,0.006650544135429262,0.0012091898428053204,0.0006045949214026602,0.0036275695284159614,0.0,0.0012091898428053204,0.6523579201934704,0.0006045949214026602,0.0,0.004232164449818622
0.2644230769230769,0.001201923076923077,0.0030048076923076925,0.051682692307692304,0.0006009615384615385,0.002403846153846154,0.004206730769230769,0.0030048076923076925,0.0006009615384615385,0.0030048076923076925,0.0006009615384615385,0.002403846153846154,0.6574519230769231,0.0006009615384615385,0.0,0.004807692307692308
0.2545126353790614,0.0006016847172081829,0.0006016847172081829,0.05354993983152828,0.0012033694344163659,0.00421179302045728,0.005415162454873646,0.0024067388688327317,0.0024067388688327317,0.0018050541516245488,0.0006016847172081829,0.0024067388688327317,0.6642599277978339,0.0024067388688327317,0.0006016847172081829,0.0030084235860409147
0.256238587948874,0.0006086427267194157,0.0,0.0620815581253804,0.0012172854534388314,0.006086427267194157,0.0030432136335970784,0.002434570906877663,0.002434570906877663,0.0006086427267194157,0.0,0.0018259281801582471,0.6561168594035302,0.0036518563603164943,0.0012172854534388314,0.002434570906877663
0.2530487804878049,0.0012195121951219512,0.0,0.05731707317073171,0.001829268292682927,0.003658536585365854,0.003658536585365854,0.001829268292682927,0.00426829268292683,0.0012195121951219512,0.0,0.0024390243902439024,0.6579268292682927,0.006097560975609756,0.0024390243902439024,0.003048780487804878
0.2457729468599034,0.0018115942028985507,0.0,0.050724637681159424,0.0024154589371980675,0.0030193236714975845,0.004830917874396135,0.0006038647342995169,0.0024154589371980675,0.004830917874396135,0.0006038647342995169,0.0036231884057971015,0.6648550724637681,0.006642512077294686,0.004830917874396135,0.0030193236714975845
0.24758454106280192,0.0006038647342995169,0.0,0.05253623188405797,0.0018115942028985507,0.0024154589371980675,0.004227053140096618,0.0006038647342995169,0.0018115942028985507,0.004830917874396135,0.0018115942028985507,0.004227053140096618,0.6660628019323671,0.006038647342995169,0.004227053140096618,0.0012077294685990338
0.2460701330108827,0.0006045949214026602,0.0012091898428053204,0.049576783555018135,0.0012091898428053204,0.003022974607013301,0.003022974607013301,0.0012091898428053204,0.0006045949214026602,0.003022974607013301,0.0024183796856106408,0.004232164449818622,0.6753325272067715,0.005441354292623942,0.0024183796856106408,0.0006045949214026602
0.24296828246558946,0.0005984440454817474,0.0017953321364452424,0.049072411729503294,0.0005984440454817474,0.0023937761819269898,0.0017953321364452424,0.0005984440454817474,0.0023937761819269898,0.006582884500299222,0.002992220227408737,0.003590664272890485,0.6792339916217833,0.002992220227408737,0.0017953321364452424,0.0005984440454817474
0.25045045045045045,0.0,0.0018018018018018018,0.04744744744744745,0.0006006006006006006,0.0024024024024024023,0.0012012012012012011,0.0012012012012012011,0.0024024024024024023,0.008408408408408409,0.0018018018018018018,0.0036036036036036037,0.6720720720720721,0.0036036036036036037,0.0018018018018018018,0.0012012012012012011
0.24448419797257007,0.0,0.002385211687537269,0.04949314251639833,0.0029815146094215863,0.002385211687537269,0.0017889087656529517,0.0011926058437686344,0.0017889087656529517,0.007751937984496124,0.0029815146094215863,0.0029815146094215863,0.6720333929636255,0.0035778175313059034,0.002385211687537269,0.0017889087656529517
0.24204204204204205,0.0,0.0024024024024024023,0.05525525525525526,0.0024024024024024023,0.0018018018018018018,0.0024024024024024023,0.0018018018018018018,0.0024024024024024023,0.011411411411411412,0.0024024024024024023,0.0018018018018018018,0.6666666666666666,0.003003003003003003,0.003003003003003003,0.0012012012012012011
0.2311406155703078,0.0,0.0030175015087507543,0.056729028364514184,0.0030175015087507543,0.0012070006035003018,0.0024140012070006035,0.0006035003017501509,0.0012070006035003018,0.008449004224502113,0.004224502112251056,0.0018105009052504525,0.6777308388654194,0.005431502715751358,0.0024140012070006035,0.0006035003017501509
