C_R,C_A,C_S,C_N,D_R,D_A,D_S,D_N,Oc_R,Oc_A,Oc_S,Oc_N,Od_R,Od_A,Od_S,Od_N
0.0,0.0,0.0,0.0,0.0,0.0,0.0,0.0,0.0,0.0,0.0,0.0,1.0,0.0,0.0,0.0
0.0,0.5,0.0,0.0,0.0,0.0,0.0,0.0,0.0,0.0,0.0,0.0,0.5,0.0,0.0,0.0
0.0,0.0,0.0,0.0,0.3333333333333333,0.0,0.0,0.0,0.0,0.0,0.0,0.0,0.6666666666666666,0.0,0.0,0.0
0.0,0.0,0.0,0.25,0.25,0.0,0.0,0.0,0.0,0.0,0.0,0.0,0.5,0.0,0.0,0.0
0.0,0.0,0.0,0.25,0.25,0.0,0.0,0.0,0.0,0.0,0.0,0.0,0.5,0.0,0.0,0.0
0.0,0.0,0.0,0.25,0.0,0.0,0.0,0.0,0.25,0.0,0.0,0.0,0.5,0.0,0.0,0.0
0.0,0.0,0.0,0.2,0.0,0.0,0.0,0.0,0.2,0.0,0.2,0.0,0.4,0.0,0.0,0.0
0.0,0.0,0.0,0.14285714285714285,0.0,0.0,0.0,0.0,0.14285714285714285,0.14285714285714285,0.14285714285714285,0.0,0.42857142857142855,0.0,0.0,0.0
0.0,0.0,0.0,0.2,0.0,0.0,0.0,0.0,0.1,0.1,0.1,0.0,0.4,0.0,0.1,0.0
0.0,0.0,0.0,0.23076923076923078,0.0,0.0,0.0,0.0,0.07692307692307693,0.07692307692307693,0.07692307692307693,0.0,0.46153846153846156,0.0,0.07692307692307693,0.0
0.0,0.0,0.0,0.17647058823529413,0.0,0.0,0.0,0.0,0.058823529411764705,0.058823529411764705,0.058823529411764705,0.0,0.5294117647058824,0.058823529411764705,0.058823529411764705,0.0
0.0,0.0,0.0,0.13043478260869565,0.0,0.0,0.043478260869565216,0.0,0.043478260869565216,0.043478260869565216,0.08695652173913043,0.0,0.6086956521739131,0.043478260869565216,0.0,0.0
0.0,0.0,0.0,0.1724137931034483,0.0,0.0,0.034482758620689655,0.0,0.0,0.034482758620689655,0.06896551724137931,0.0,0.6551724137931034,0.034482758620689655,0.0,0.0
0.0,0.027777777777777776,0.027777777777777776,0.19444444444444445,0.0,0.0,0.027777777777777776,0.0,0.0,0.027777777777777776,0.05555555555555555,0.0,0.6111111111111112,0.027777777777777776,0.0,0.0
0.0,0.0,0.020833333333333332,0.16666666666666666,0.0,0.0,0.020833333333333332,0.0,0.0,0.020833333333333332,0.0625,0.0,0.6041666666666666,0.020833333333333332,0.020833333333333332,0.0625
0.0,0.0,0.015384615384615385,0.18461538461538463,0.0,0.0,0.015384615384615385,0.0,0.0,0.015384615384615385,0.046153846153846156,0.015384615384615385,0.6,0.015384615384615385,0.03076923076923077,0.06153846153846154
0.0,0.02531645569620253,0.012658227848101266,0.22784810126582278,0.0,0.0,0.012658227848101266,0.012658227848101266,0.0,0.012658227848101266,0.0379746835443038,0.012658227848101266,0.569620253164557,0.012658227848101266,0.012658227848101266,0.05063291139240506
0.0,0.018867924528301886,0.009433962264150943,0.2358490566037736,0.0,0.0,0.009433962264150943,0.009433962264150943,0.009433962264150943,0.0,0.03773584905660377,0.009433962264150943,0.5943396226415094,0.009433962264150943,0.009433962264150943,0.04716981132075472
0.0,0.014705882352941176,0.007352941176470588,0.2426470588235294,0.0,0.0,0.007352941176470588,0.014705882352941176,0.007352941176470588,0.0,0.029411764705882353,0.007352941176470588,0.5955882352941176,0.007352941176470588,0.007352941176470588,0.058823529411764705
0.0,0.006134969325153374,0.006134969325153374,0.25766871165644173,0.0,0.0,0.006134969325153374,0.012269938650306749,0.006134969325153374,0.0,0.024539877300613498,0.0,0.6073619631901841,0.006134969325153374,0.012269938650306749,0.05521472392638037
0.0,0.005128205128205128,0.005128205128205128,0.26666666666666666,0.0,0.0,0.005128205128205128,0.005128205128205128,0.005128205128205128,0.0,0.02564102564102564,0.0,0.6,0.015384615384615385,0.015384615384615385,0.05128205128205128
0.0,0.004291845493562232,0.004291845493562232,0.27467811158798283,0.0,0.0,0.004291845493562232,0.0,0.008583690987124463,0.004291845493562232,0.02575107296137339,0.0,0.575107296137339,0.02145922746781116,0.017167381974248927,0.060085836909871244
0.0,0.0035842293906810036,0.0035842293906810036,0.2903225806451613,0.0,0.0035842293906810036,0.007168458781362007,0.0,0.007168458781362007,0.0035842293906810036,0.021505376344086023,0.0,0.5698924731182796,0.025089605734767026,0.010752688172043012,0.053763440860215055
0.0,0.0031645569620253164,0.0031645569620253164,0.30063291139240506,0.0,0.006329113924050633,0.0031645569620253164,0.0,0.006329113924050633,0.006329113924050633,0.015822784810126583,0.0,0.5632911392405063,0.02531645569620253,0.00949367088607595,0.056962025316455694
0.0,0.0028011204481792717,0.008403361344537815,0.2913165266106443,0.0,0.0028011204481792717,0.0056022408963585435,0.0,0.0056022408963585435,0.008403361344537815,0.014005602240896359,0.0,0.5714285714285714,0.025210084033613446,0.008403361344537815,0.056022408963585436
0.0,0.0024154589371980675,0.007246376811594203,0.30434782608695654,0.0,0.0024154589371980675,0.004830917874396135,0.0,0.0024154589371980675,0.007246376811594203,0.00966183574879227,0.0,0.572463768115942,0.021739130434782608,0.007246376811594203,0.057971014492753624
0.0,0.006369426751592357,0.004246284501061571,0.32908704883227174,0.0,0.004246284501061571,0.006369426751592357,0.006369426751592357,0.0021231422505307855,0.004246284501061571,0.006369426751592357,0.0,0.5562632696390658,0.014861995753715499,0.008492569002123142,0.050955414012738856
0.0019342359767891683,0.01160541586073501,0.0038684719535783366,0.32688588007736946,0.0,0.0038684719535783366,0.009671179883945842,0.005802707930367505,0.0019342359767891683,0.0038684719535783366,0.009671179883945842,0.0,0.5551257253384912,0.013539651837524178,0.009671179883945842,0.0425531914893617
0.003389830508474576,0.011864406779661017,0.005084745762711864,0.3220338983050847,0.0,0.003389830508474576,0.010169491525423728,0.006779661016949152,0.003389830508474576,0.005084745762711864,0.006779661016949152,0.001694915254237288,0.5525423728813559,0.013559322033898305,0.010169491525423728,0.04406779661016949
0.003076923076923077,0.015384615384615385,0.004615384615384616,0.32461538461538464,0.003076923076923077,0.004615384615384616,0.010769230769230769,0.009230769230769232,0.004615384615384616,0.006153846153846154,0.006153846153846154,0.0015384615384615385,0.54,0.013846153846153847,0.010769230769230769,0.04153846153846154
0.0028208744710860366,0.012693935119887164,0.004231311706629055,0.32581100141043723,0.0028208744710860366,0.004231311706629055,0.009873060648801129,0.009873060648801129,0.007052186177715092,0.005641748942172073,0.007052186177715092,0.0014104372355430183,0.5345557122708039,0.014104372355430184,0.012693935119887164,0.045133991537376586
0.0025157232704402514,0.016352201257861635,0.005031446540880503,0.3283018867924528,0.005031446540880503,0.0037735849056603774,0.010062893081761006,0.010062893081761006,0.007547169811320755,0.005031446540880503,0.0037735849056603774,0.0025157232704402514,0.5308176100628931,0.01509433962264151,0.012578616352201259,0.04150943396226415
0.002352941176470588,0.012941176470588235,0.0058823529411764705,0.3270588235294118,0.0058823529411764705,0.0035294117647058825,0.00823529411764706,0.00823529411764706,0.00823529411764706,0.007058823529411765,0.0058823529411764705,0.0035294117647058825,0.5352941176470588,0.015294117647058824,0.011764705882352941,0.03882352941176471
0.0032397408207343412,0.009719222462203024,0.005399568034557235,0.3390928725701944,0.004319654427645789,0.004319654427645789,0.00755939524838013,0.008639308855291577,0.008639308855291577,0.0064794816414686825,0.0064794816414686825,0.0032397408207343412,0.5291576673866091,0.014038876889848811,0.012958963282937365,0.0367170626349892
0.002976190476190476,0.00992063492063492,0.005952380952380952,0.3333333333333333,0.00496031746031746,0.003968253968253968,0.006944444444444444,0.007936507936507936,0.006944444444444444,0.005952380952380952,0.005952380952380952,0.001984126984126984,0.5386904761904762,0.017857142857142856,0.00992063492063492,0.03670634920634921
0.0027223230490018148,0.007259528130671506,0.0054446460980036296,0.3393829401088929,0.003629764065335753,0.004537205081669692,0.008166969147005444,0.007259528130671506,0.006352087114337568,0.008166969147005444,0.006352087114337568,0.0018148820326678765,0.5381125226860254,0.016333938294010888,0.009074410163339383,0.03539019963702359
0.0033585222502099076,0.008396305625524769,0.006717044500419815,0.32997481108312343,0.0025188916876574307,0.0033585222502099076,0.007556675062972292,0.006717044500419815,0.005037783375314861,0.008396305625524769,0.006717044500419815,0.0016792611251049538,0.5457598656591099,0.016792611251049538,0.010075566750629723,0.036943744752308987
0.0023455824863174357,0.007036747458952306,0.007818608287724784,0.33541829554339325,0.003127443315089914,0.003127443315089914,0.006254886630179828,0.004691164972634871,0.004691164972634871,0.010164190774042221,0.006254886630179828,0.001563721657544957,0.54573885848319,0.01563721657544957,0.010164190774042221,0.03596559812353401
0.002170767004341534,0.006512301013024602,0.007959479015918957,0.3342981186685962,0.005065123010130246,0.002894356005788712,0.005065123010130246,0.007959479015918957,0.006512301013024602,0.013748191027496382,0.00723589001447178,0.000723589001447178,0.532561505065123,0.01881331403762663,0.010130246020260492,0.03835021707670044
0.0013486176668914363,0.008091706001348618,0.008091706001348618,0.3378287255563048,0.004045853000674309,0.004045853000674309,0.0033715441672285905,0.009440323668240054,0.004720161834120027,0.014160485502360081,0.007417397167902899,0.0006743088334457181,0.5300067430883345,0.01753202966958867,0.010114632501685773,0.03910991233985165
0.0025429116338207248,0.008264462809917356,0.008264462809917356,0.34011443102352196,0.00572155117609663,0.004450095359186269,0.0025429116338207248,0.009535918626827717,0.00572155117609663,0.014621741894469168,0.006993006993006993,0.0006357279084551812,0.5219326128417038,0.017800381436745075,0.010171646535282899,0.040686586141131596
0.003026634382566586,0.007869249394673124,0.007869249394673124,0.33777239709443097,0.006658595641646489,0.005447941888619854,0.003026634382566586,0.009685230024213076,0.006053268765133172,0.01513317191283293,0.006658595641646489,0.0006053268765133172,0.5236077481840193,0.01937046004842615,0.00847457627118644,0.0387409200968523
0.0045871559633027525,0.008027522935779817,0.006880733944954129,0.3400229357798165,0.007454128440366973,0.005733944954128441,0.0028669724770642203,0.009174311926605505,0.006880733944954129,0.013188073394495414,0.008027522935779817,0.0017201834862385322,0.5223623853211009,0.017775229357798166,0.006880733944954129,0.03841743119266055
0.005512679162072767,0.008269018743109152,0.006615214994487321,0.3434399117971334,0.006063947078280044,0.003858875413450937,0.0033076074972436605,0.008820286659316428,0.006063947078280044,0.014332965821389196,0.009922822491730982,0.002205071664829107,0.523704520396913,0.017089305402425578,0.007166482910694598,0.03362734288864388
0.005241090146750524,0.009433962264150943,0.006813417190775681,0.3443396226415094,0.0047169811320754715,0.006289308176100629,0.0031446540880503146,0.009433962264150943,0.006813417190775681,0.015723270440251572,0.00890985324947589,0.002620545073375262,0.5167714884696016,0.01939203354297694,0.006289308176100629,0.034067085953878404
0.00506842372022301,0.00912316269640142,0.006588950836289914,0.3365433350228079,0.0040547389761784085,0.006082108464267613,0.0030410542321338066,0.00963000506842372,0.006082108464267613,0.016218955904713634,0.00912316269640142,0.002534211860111505,0.5291434363912824,0.01926001013684744,0.006588950836289914,0.030917384693360365
0.005949429846306396,0.009419930589985127,0.007932573128408527,0.3371343579573624,0.005453644025780862,0.007932573128408527,0.002974714923153198,0.008924144769459593,0.0074367873078829945,0.015369360436291522,0.009419930589985127,0.002478929102627665,0.5215666831928607,0.01834407535944472,0.007932573128408527,0.03173029251363411
0.006663493574488339,0.007139457401237506,0.00809138505473584,0.3398381722989053,0.00475963826749167,0.009995240361732508,0.0028557829604950024,0.008567348881485007,0.006663493574488339,0.017134697762970014,0.008567348881485007,0.0028557829604950024,0.5192765349833413,0.01903855306996668,0.006663493574488339,0.0318895763921942
0.005193578847969783,0.007082152974504249,0.0084985835694051,0.33994334277620397,0.0056657223796034,0.010859301227573183,0.003777148253068933,0.007082152974504249,0.006137865911237016,0.016525023607176583,0.008970727101038715,0.003777148253068933,0.5203021718602455,0.018885741265344664,0.008026440037771483,0.02927289896128423
0.005941499085923218,0.007312614259597806,0.008683729433272395,0.3468921389396709,0.006855575868372943,0.011425959780621572,0.003656307129798903,0.006398537477148081,0.006855575868372943,0.01736745886654479,0.009140767824497258,0.0031992687385740404,0.5095978062157221,0.02010968921389397,0.008683729433272395,0.027879341864716637
0.006303466906798739,0.00765420981539847,0.009004952723998198,0.33993696533093204,0.00585321927059883,0.012156686177397569,0.004502476361999099,0.00585321927059883,0.006303466906798739,0.016659162539396668,0.00945520036019811,0.004502476361999099,0.5137325529040973,0.01891040072039622,0.00945520036019811,0.029716343989194056
0.005806163465832961,0.008932559178204555,0.010719071013845467,0.3425636444841447,0.005806163465832961,0.013845466726217061,0.004912907548012505,0.005806163465832961,0.006699419383653417,0.01652523447967843,0.008932559178204555,0.003573023671281822,0.5055828494863779,0.02054488610987048,0.008932559178204555,0.030817329164805715
0.00612691466083151,0.009190371991247264,0.010065645514223195,0.33785557986870896,0.0056892778993435445,0.01575492341356674,0.003938730853391685,0.0056892778993435445,0.006564551422319475,0.017943107221006564,0.00962800875273523,0.003063457330415755,0.5085339168490153,0.021444201312910284,0.00962800875273523,0.02888402625820569
0.007107952021323856,0.010661928031985785,0.010217681030653044,0.33096401599289205,0.0053309640159928924,0.015548645046645935,0.003998223011994669,0.006663705019991115,0.006663705019991115,0.018658374055975122,0.00888494002665482,0.003553976010661928,0.5113282985339849,0.019991115059973346,0.011106175033318524,0.029320302087960905
0.00801068090787717,0.01290609701824655,0.010235870048954161,0.3368936359590565,0.005785491766800178,0.01557632398753894,0.003115264797507788,0.005785491766800178,0.006675567423230975,0.020471740097908322,0.008900756564307966,0.0053404539385847796,0.4997774810858923,0.020026702269692925,0.011125945705384957,0.029372496662216287
0.00877963125548727,0.012291483757682178,0.01009657594381036,0.329675153643547,0.006145741878841089,0.016681299385425813,0.0030728709394205445,0.006584723441615452,0.008340649692712906,0.020632133450395083,0.008340649692712906,0.007462686567164179,0.4995610184372256,0.022388059701492536,0.012291483757682178,0.0276558384547849
0.009640666082383873,0.011393514460999123,0.010955302366345312,0.32427695004382123,0.0052585451358457495,0.019281332164767746,0.0043821209465381246,0.006573181419807186,0.009202453987730062,0.02366345311130587,0.009640666082383873,0.007449605609114811,0.49605609114811566,0.019281332164767746,0.013146362839614373,0.029798422436459245
0.009760425909494233,0.011091393078970719,0.01064773735581189,0.318544809228039,0.003992901508429458,0.019964507542147295,0.005323868677905945,0.005767524401064774,0.008873114463176575,0.023957409050576754,0.009760425909494233,0.007985803016858917,0.49955634427684115,0.021739130434782608,0.013309671694764862,0.029724933451641525
0.013644366197183098,0.011443661971830986,0.011003521126760563,0.32130281690140844,0.0035211267605633804,0.020246478873239437,0.007042253521126761,0.006161971830985915,0.009683098591549295,0.02244718309859155,0.007482394366197183,0.007922535211267605,0.4942781690140845,0.02068661971830986,0.014964788732394365,0.028169014084507043
0.012831858407079646,0.011061946902654867,0.011946902654867256,0.3146017699115044,0.003982300884955752,0.019469026548672566,0.00663716814159292,0.00752212389380531,0.010176991150442478,0.021238938053097345,0.007964601769911504,0.008407079646017699,0.4982300884955752,0.020353982300884955,0.01504424778761062,0.030530973451327433
0.014140521431727796,0.010163499779054353,0.013256738842244807,0.308882015024304,0.003977021652673442,0.0207688908528502,0.007070260715863898,0.008395934600088379,0.009279717189571365,0.023862129916040652,0.007954043305346884,0.009279717189571365,0.49536014140521434,0.019443216968625717,0.018117543084401236,0.030048608042421564
0.0164517563361494,0.009782125389061804,0.0164517563361494,0.3072476656291685,0.005335704757670075,0.018674966651845263,0.00755891507336594,0.008448199199644287,0.010226767452200978,0.023566029346376166,0.007114273010226767,0.008448199199644287,0.4904401956425078,0.019119608714984436,0.01823032458870609,0.0329035126722988
0.017982456140350878,0.008771929824561403,0.014912280701754385,0.3092105263157895,0.0061403508771929825,0.0206140350877193,0.007017543859649123,0.008771929824561403,0.010964912280701754,0.02368421052631579,0.007456140350877193,0.008771929824561403,0.4921052631578947,0.017543859649122806,0.016228070175438595,0.02982456140350877
0.01987632508833922,0.0066254416961130744,0.015901060070671377,0.30653710247349825,0.006183745583038869,0.022968197879858657,0.0088339222614841,0.008392226148409895,0.01060070671378092,0.021643109540636044,0.007950530035335688,0.009275618374558304,0.4916077738515901,0.016342756183745585,0.01678445229681979,0.030477031802120143
0.018045774647887324,0.006602112676056338,0.016285211267605633,0.3107394366197183,0.006161971830985915,0.023327464788732395,0.008362676056338027,0.009242957746478873,0.011003521126760563,0.021566901408450703,0.007922535211267605,0.007482394366197183,0.4894366197183099,0.018045774647887324,0.016725352112676055,0.029049295774647887
0.019315188762071993,0.006145741878841089,0.015803336259877086,0.31299385425812115,0.006145741878841089,0.02151009657594381,0.009218612818261633,0.008340649692712906,0.010974539069359086,0.023266022827041263,0.009657594381035996,0.01009657594381036,0.48244073748902544,0.019315188762071993,0.017120280948200176,0.0276558384547849
0.020228671943711522,0.0079155672823219,0.014951627088830254,0.306948109058927,0.0079155672823219,0.022427440633245383,0.010114335971855761,0.008795074758135445,0.010993843447669306,0.023306948109058926,0.008795074758135445,0.010993843447669306,0.48636763412489004,0.018469656992084433,0.016710642040457344,0.025065963060686015
0.01949490474080638,0.008418254319893664,0.014621178555604785,0.30970314576871955,0.007089056269384138,0.022153300841825433,0.0101905183872397,0.011076650420912717,0.012405848471422242,0.02525476295968099,0.00930438635356668,0.01284891448825875,0.47939743021710235,0.018165706690296855,0.01595037660611431,0.023925564909171467
0.020157756354075372,0.009202453987730062,0.013146362839614373,0.30499561787905344,0.007887817703768623,0.02322524101665206,0.009202453987730062,0.011831726555652936,0.011393514460999123,0.02716914986853637,0.010517090271691499,0.014899211218229623,0.4785276073619632,0.017528483786152498,0.016652059596844872,0.02366345311130587
0.02191413237924866,0.008944543828264758,0.013416815742397137,0.29785330948121647,0.00849731663685152,0.023255813953488372,0.011180679785330949,0.012522361359570662,0.012075134168157423,0.0259391771019678,0.00849731663685152,0.01520572450805009,0.4821109123434705,0.018336314847942754,0.01520572450805009,0.025044722719141325
0.021481806225339763,0.008768084173608066,0.012713722051731697,0.29943007452871545,0.00920648838228847,0.02235861464270057,0.012713722051731697,0.011398509425690487,0.01446733888645331,0.026742656729504603,0.008329679964927663,0.01709776413853573,0.48005260850504167,0.01578255151249452,0.014905743095133712,0.024550635686102586
0.020353982300884955,0.007964601769911504,0.01415929203539823,0.3017699115044248,0.008849557522123894,0.020353982300884955,0.01327433628318584,0.010619469026548672,0.01415929203539823,0.02566371681415929,0.008849557522123894,0.018584070796460177,0.4823008849557522,0.017256637168141593,0.013716814159292035,0.022123893805309734
0.019850022055580063,0.009263343625937363,0.013233348037053375,0.2995147772386414,0.007940008822232024,0.0211733568592854,0.012351124834583149,0.009704455227172474,0.015438906043228937,0.024261138067931187,0.00882223202470225,0.020291133656815175,0.48169386854874285,0.015880017644464048,0.015880017644464048,0.024702249669166298
0.022193211488250653,0.008703220191470844,0.013054830287206266,0.29460400348128807,0.007832898172323759,0.02132288946910357,0.01174934725848564,0.009573542210617928,0.015665796344647518,0.02349869451697128,0.010879025239338555,0.020017406440382943,0.4830287206266319,0.01784160139251523,0.015665796344647518,0.024369016536118365
0.023653088042049936,0.007446342531756461,0.012264564169951819,0.2947875602277705,0.008760402978537012,0.02102496714848883,0.010512483574244415,0.009198423127463863,0.016206745510293472,0.023215067893123085,0.010074463425317565,0.018396846254927726,0.4826982041173894,0.017082785808147174,0.018396846254927726,0.026281208935611037
0.024357838795394153,0.007528786536758193,0.012400354295837024,0.2891939769707706,0.008857395925597875,0.021257750221434897,0.011957484499557131,0.00974313551815766,0.01682905225863596,0.022143489813994686,0.009300265721877768,0.01771479185119575,0.4867139061116032,0.01815766164747564,0.017271922054915855,0.026572187776793623
0.025221238938053097,0.007964601769911504,0.011946902654867256,0.28584070796460176,0.009734513274336283,0.02079646017699115,0.011946902654867256,0.009734513274336283,0.017699115044247787,0.02168141592920354,0.009292035398230088,0.018584070796460177,0.48849557522123893,0.017256637168141593,0.01592920353982301,0.027876106194690265
0.025389755011135856,0.0071269487750556795,0.012026726057906459,0.29086859688195993,0.012026726057906459,0.02271714922048998,0.010690423162583519,0.009799554565701559,0.016035634743875277,0.02093541202672606,0.010244988864142539,0.01648106904231626,0.48685968819599107,0.015590200445434299,0.015590200445434299,0.027616926503340758
0.024096385542168676,0.007585899152164213,0.011601963409192326,0.2936189201249442,0.011155734047300312,0.022311468094600623,0.009817045961624275,0.009817045961624275,0.015618027666220438,0.02320392681838465,0.0107095046854083,0.018295403837572513,0.4819277108433735,0.0178491744756805,0.014725568942436412,0.027666220437304774
0.025709219858156027,0.007535460992907801,0.010638297872340425,0.2907801418439716,0.00975177304964539,0.024379432624113476,0.009308510638297872,0.011081560283687944,0.01551418439716312,0.022163120567375887,0.00975177304964539,0.019060283687943262,0.48271276595744683,0.019060283687943262,0.013297872340425532,0.02925531914893617
0.027075011096316024,0.007989347536617843,0.011096316023080338,0.2893919218819352,0.009764758100310697,0.02529960053262317,0.009320905459387484,0.010652463382157125,0.015090989791389259,0.022192632046160676,0.010208610741233911,0.018641810918774968,0.48246782068353306,0.019529516200621395,0.011984021304926764,0.02929427430093209
0.02714535901926445,0.008318739054290718,0.010945709281961471,0.28896672504378285,0.009194395796847636,0.02626970227670753,0.0074430823117338,0.012259194395796848,0.01532399299474606,0.021015761821366025,0.010945709281961471,0.021015761821366025,0.483800350262697,0.01838879159369527,0.010945709281961471,0.028021015761821366
0.029385964912280703,0.009210526315789473,0.011842105263157895,0.28289473684210525,0.008771929824561403,0.02631578947368421,0.007456140350877193,0.014473684210526316,0.014473684210526316,0.02280701754385965,0.010526315789473684,0.019736842105263157,0.4855263157894737,0.017105263157894738,0.011403508771929825,0.028070175438596492
0.029229406554472984,0.007971656333038087,0.012400354295837024,0.2821080602302923,0.009300265721877768,0.027900797165633304,0.0070859167404783,0.013286093888396812,0.015057573073516387,0.024357838795394153,0.011071744906997343,0.019929140832595216,0.4840566873339238,0.01682905225863596,0.011071744906997343,0.0283436669619132
0.029659141212926073,0.007525453740593183,0.012837538733953076,0.2864099158919876,0.00796812749003984,0.0283311199645861,0.007082779991146525,0.013280212483399735,0.01637892872952634,0.02434705621956618,0.011066843736166445,0.02036299247454626,0.482514386896857,0.015493581230633024,0.009738822487826471,0.027003098716246128
0.029155787641427327,0.006092254134029591,0.012184508268059183,0.2845953002610966,0.007832898172323759,0.028285465622280244,0.006962576153176675,0.014360313315926894,0.014795474325500435,0.02567449956483899,0.011314186248912098,0.017406440382941687,0.489556135770235,0.014795474325500435,0.009573542210617928,0.02741514360313316
0.02867225408028231,0.0070577856197618,0.012351124834583149,0.2858403176003529,0.0070577856197618,0.02867225408028231,0.007498897220996913,0.0141155712395236,0.015880017644464048,0.024261138067931187,0.013233348037053375,0.018526687251874726,0.4843405381561535,0.014997794441993825,0.009704455227172474,0.027790030877812087
0.0276558384547849,0.007901668129938543,0.011852502194907815,0.2857769973661106,0.007023705004389816,0.029411764705882353,0.007023705004389816,0.013608428446005268,0.015364354697102721,0.022388059701492536,0.014047410008779631,0.02019315188762072,0.4890254609306409,0.014486391571553995,0.010974539069359086,0.023266022827041263
0.03163444639718805,0.007908611599297012,0.011862917398945518,0.27943760984182775,0.007908611599297012,0.027680140597539545,0.006590509666080844,0.013620386643233744,0.016695957820738138,0.025043936731107205,0.013181019332161687,0.0210896309314587,0.4929701230228471,0.014059753954305799,0.010105448154657293,0.020210896309314587
0.0320738137082601,0.007908611599297012,0.011423550087873463,0.28075571177504394,0.007029876977152899,0.028119507908611598,0.006151142355008787,0.012741652021089631,0.01845342706502636,0.02460456942003515,0.014059753954305799,0.02240773286467487,0.48945518453427067,0.012302284710017574,0.01054481546572935,0.021968365553602813
0.03324468085106383,0.007535460992907801,0.01152482269503546,0.2801418439716312,0.007535460992907801,0.026595744680851064,0.0062056737588652485,0.01374113475177305,0.019060283687943262,0.02526595744680851,0.013297872340425532,0.02304964539007092,0.48891843971631205,0.012854609929078014,0.009308510638297872,0.02171985815602837
0.03198578409595735,0.007552199022656597,0.009773434029320302,0.2807641048422923,0.007552199022656597,0.02665482007996446,0.007107952021323856,0.01288316303864949,0.01776988005330964,0.023545091070635273,0.01288316303864949,0.02221235006663705,0.4935584184806753,0.014215904042647711,0.010217681030653044,0.02132385606397157
0.03379279679857715,0.00755891507336594,0.009337483325922631,0.28234771009337484,0.007114273010226767,0.024899955535793685,0.007114273010226767,0.013339261894175189,0.016896398399288574,0.021787461093819474,0.011560693641618497,0.023566029346376166,0.49444197421076036,0.013783903957314362,0.010226767452200978,0.022232103156958647
0.033216783216783216,0.006118881118881119,0.009615384615384616,0.27884615384615385,0.00743006993006993,0.025349650349650348,0.00743006993006993,0.011363636363636364,0.018793706293706292,0.026223776223776224,0.011363636363636364,0.023164335664335664,0.4951923076923077,0.014423076923076924,0.009178321678321678,0.022290209790209792
0.038191395961369626,0.005706760316066725,0.009657594381035996,0.2796312554872695,0.006145741878841089,0.025460930640913083,0.007462686567164179,0.012730465320456541,0.01755926251097454,0.025899912203687446,0.012291483757682178,0.0228270412642669,0.4938542581211589,0.014047410008779631,0.006584723441615452,0.021949078138718173
0.036547776309995596,0.007045354469396741,0.011889035667107,0.27344782034346105,0.0066050198150594455,0.02553940995156319,0.007045354469396741,0.016292382210479964,0.015852047556142668,0.027300748568912372,0.013210039630118891,0.022016732716864818,0.49185380889476,0.014971378247468076,0.00836635843240863,0.022016732716864818
0.037411971830985914,0.008362676056338027,0.010123239436619719,0.27816901408450706,0.007482394366197183,0.025528169014084508,0.006161971830985915,0.015404929577464789,0.014964788732394365,0.02640845070422535,0.013204225352112676,0.02244718309859155,0.4876760563380282,0.01584507042253521,0.008802816901408451,0.022007042253521125
0.038903625110521665,0.009725906277630416,0.010167992926613616,0.2723253757736516,0.008841732979664015,0.026083112290008842,0.007073386383731211,0.016799292661361626,0.015915119363395226,0.02475685234305924,0.01282051282051282,0.022546419098143235,0.48673740053050396,0.015030946065428824,0.010610079575596816,0.021662245800176835
0.039293598233995586,0.010154525386313467,0.010154525386313467,0.2693156732891832,0.009271523178807948,0.026490066225165563,0.00706401766004415,0.016335540838852098,0.01545253863134658,0.024282560706401765,0.013245033112582781,0.02075055187637969,0.4860927152317881,0.016777041942604858,0.011920529801324504,0.023399558498896248
0.038410596026490065,0.011479028697571744,0.010596026490066225,0.26578366445916113,0.009713024282560706,0.026048565121412803,0.0075055187637969095,0.016777041942604858,0.01545253863134658,0.026048565121412803,0.012803532008830023,0.022516556291390728,0.48300220750551875,0.017660044150110375,0.011479028697571744,0.024724061810154525
0.04083405734144222,0.01259774109470026,0.00999131190269331,0.2680278019113814,0.010860121633362294,0.023457862728062554,0.008688097306689836,0.016941789748045177,0.015638575152041704,0.02476107732406603,0.01216333622936577,0.021720243266724587,0.4808861859252824,0.01737619461337967,0.010425716768027803,0.025629887054735012
0.0415573053368329,0.012248468941382326,0.008748906386701663,0.2655293088363955,0.010061242344706912,0.024059492563429572,0.007874015748031496,0.016622922134733157,0.017935258092738406,0.027559055118110236,0.011811023622047244,0.020559930008748905,0.479002624671916,0.018810148731408575,0.011373578302712161,0.026246719160104987
0.042309387395328336,0.011458792419568091,0.00881445570736007,0.2626707800793301,0.011018069634200088,0.022036139268400177,0.007051564565888057,0.016747465843984136,0.01630674305861613,0.02908770383428823,0.0123402379903041,0.02247686205376818,0.47994711326575584,0.01851035698545615,0.011899515204936095,0.027324812692816218
0.0400355871886121,0.012900355871886121,0.008451957295373666,0.2677935943060498,0.013790035587188613,0.019572953736654804,0.0071174377224199285,0.016459074733096084,0.014234875444839857,0.029359430604982206,0.010676156583629894,0.023131672597864767,0.4786476868327402,0.018238434163701068,0.011565836298932384,0.02802491103202847
0.040475142982842056,0.012758468983721953,0.008798944126704795,0.2591289045314562,0.013198416190057193,0.020237571491421028,0.007039155301363837,0.015398152221733392,0.01583809942806863,0.029916410030796304,0.010558732952045754,0.024637043554773426,0.4821821381434228,0.020237571491421028,0.011878574571051475,0.027716673999120107
0.042222222222222223,0.012444444444444444,0.010222222222222223,0.25555555555555554,0.014222222222222223,0.021777777777777778,0.008444444444444444,0.014666666666666666,0.015111111111111112,0.030666666666666665,0.009777777777777778,0.025777777777777778,0.4791111111111111,0.01911111111111111,0.012444444444444444,0.028444444444444446
0.04075372480280456,0.012708150744960562,0.011393514460999123,0.2581069237510955,0.011831726555652936,0.02147239263803681,0.007449605609114811,0.015337423312883436,0.014022787028921999,0.02716914986853637,0.008764241893076249,0.02673093777388256,0.4851007887817704,0.01971954425942156,0.012708150744960562,0.02673093777388256
0.03950834064969271,0.011852502194907815,0.012730465320456541,0.257243195785777,0.012291483757682178,0.024143985952589993,0.006584723441615452,0.016681299385425813,0.014486391571553995,0.027216856892010536,0.007462686567164179,0.026777875329236173,0.480684811237928,0.019754170324846356,0.011852502194907815,0.030728709394205442
0.038903625110521665,0.010610079575596816,0.013262599469496022,0.251105216622458,0.01282051282051282,0.023872679045092837,0.00618921308576481,0.016357206012378427,0.015030946065428824,0.026525198938992044,0.008399646330680813,0.026525198938992044,0.48717948717948717,0.022546419098143235,0.010610079575596816,0.030061892130857647
0.04108391608391608,0.009615384615384616,0.013548951048951048,0.2508741258741259,0.013111888111888112,0.022727272727272728,0.005244755244755245,0.016608391608391608,0.016608391608391608,0.02666083916083916,0.009178321678321678,0.02666083916083916,0.48513986013986016,0.0236013986013986,0.010052447552447552,0.029283216783216784
0.04424003504161191,0.009198423127463863,0.011826544021024968,0.2558037669732808,0.011388523872098117,0.02146298729741568,0.005256241787122208,0.017958826106000875,0.016206745510293472,0.024529128339903637,0.008760402978537012,0.025843188786684186,0.48138414367060883,0.024529128339903637,0.010950503723171266,0.030661410424879545
0.04569420035149385,0.008787346221441126,0.01054481546572935,0.25,0.012741652021089631,0.020650263620386643,0.0057117750439367315,0.015377855887521968,0.015377855887521968,0.02592267135325132,0.007029876977152899,0.025043936731107205,0.492091388400703,0.025483304042179262,0.01054481546572935,0.02899824253075571
0.04567413263065437,0.00878348704435661,0.011857707509881422,0.2503293807641634,0.013175230566534914,0.021519543258673692,0.006148440931049627,0.015810276679841896,0.015371102327624066,0.02678963548528766,0.007465963987703118,0.025472112428634168,0.4931927975406236,0.023276240667545016,0.010540184453227932,0.024593763724198508
0.04529463500439754,0.010114335971855761,0.010993843447669306,0.2532981530343008,0.014951627088830254,0.023746701846965697,0.006156552330694811,0.01802990325417766,0.01759014951627089,0.025945470536499562,0.008355321020228672,0.024626209322779244,0.48284960422163586,0.022867194371152155,0.010554089709762533,0.024626209322779244
0.04875886524822695,0.007978723404255319,0.01152482269503546,0.24379432624113476,0.01374113475177305,0.02304964539007092,0.0062056737588652485,0.016843971631205674,0.018173758865248225,0.024379432624113476,0.010195035460992909,0.025709219858156027,0.4924645390070922,0.02304964539007092,0.01152482269503546,0.022606382978723406
0.04642857142857143,0.006696428571428571,0.013392857142857142,0.25089285714285714,0.015178571428571428,0.024553571428571428,0.005357142857142857,0.017857142857142856,0.017410714285714286,0.024107142857142858,0.009821428571428571,0.025892857142857145,0.48839285714285713,0.022321428571428572,0.011160714285714286,0.020535714285714286
0.04801762114537445,0.006607929515418502,0.01277533039647577,0.2511013215859031,0.014537444933920705,0.02378854625550661,0.0052863436123348016,0.018502202643171806,0.01762114537444934,0.024229074889867842,0.009251101321585903,0.02555066079295154,0.48546255506607927,0.022466960352422908,0.011894273127753305,0.02290748898678414
0.04845045831514622,0.005237887385421213,0.013094718463553033,0.24749017896115233,0.013967699694456569,0.02531645569620253,0.004801396769969445,0.02007856831078132,0.018769096464426014,0.026625927542557836,0.011348756001745963,0.027062418158009603,0.4818856394587516,0.020515058926233086,0.011348756001745963,0.02400698384984723
0.047074351077870655,0.0061592608886933565,0.012318521777386713,0.24593048834139902,0.013638363396392433,0.026396832380114386,0.007039155301363837,0.01759788825340959,0.01847778266608007,0.027716673999120107,0.012758468983721953,0.025076990761108666,0.47954245490541136,0.02199736031676199,0.013198416190057193,0.025076990761108666
0.046147148454505876,0.006530256856769699,0.012189812799303439,0.24161950370047888,0.014366565084893338,0.023944275141488898,0.0087070091423596,0.01610796691336526,0.01872006965607314,0.028297779712668697,0.013495864170657379,0.026121027427078797,0.48323900740095777,0.02220287331301698,0.012189812799303439,0.026121027427078797
0.04835164835164835,0.006153846153846154,0.011428571428571429,0.24483516483516485,0.015824175824175824,0.023296703296703296,0.008351648351648353,0.015384615384615385,0.018901098901098902,0.03032967032967033,0.013186813186813187,0.026373626373626374,0.47692307692307695,0.02241758241758242,0.012307692307692308,0.025934065934065935
0.044591611479028695,0.006622516556291391,0.010596026490066225,0.2392935982339956,0.016777041942604858,0.022958057395143488,0.009271523178807948,0.01545253863134658,0.019867549668874173,0.029580573951434878,0.0141280353200883,0.02913907284768212,0.4803532008830022,0.022958057395143488,0.012362030905077263,0.026048565121412803
0.04668741662961316,0.006224988883948421,0.011116051578479324,0.24099599822143175,0.0164517563361494,0.022232103156958647,0.008892841262783458,0.016896398399288574,0.020008892841262782,0.029346376167185415,0.013339261894175189,0.02845709204090707,0.47398843930635837,0.025344597598932858,0.012449977767896843,0.027567807914628723
0.04495372410753636,0.006610841780520053,0.011018069634200088,0.24195680916703394,0.017188188629352136,0.024239753195240195,0.010136624063464082,0.015425297487880123,0.020273248126928163,0.029528426619656236,0.013221683561040106,0.026884089907448214,0.4746584398413398,0.0251211987659762,0.0123402379903041,0.026443367122080213
0.04549469964664311,0.006183745583038869,0.011042402826855124,0.23454063604240283,0.0176678445229682,0.02429328621908127,0.010159010600706713,0.018109540636042403,0.019434628975265017,0.03180212014134275,0.011484098939929329,0.02561837455830389,0.47659010600706714,0.026501766784452298,0.013692579505300354,0.027385159010600707
0.04553492484526967,0.00618921308576481,0.010610079575596816,0.23607427055702918,0.015915119363395226,0.025198938992042442,0.009283819628647215,0.01768346595932803,0.01856763925729443,0.03050397877984085,0.011494252873563218,0.026967285587975242,0.48054818744473915,0.02564102564102564,0.01237842617152962,0.027409372236958444
0.04563579973416039,0.005316792202038104,0.011519716437749225,0.2352680549401861,0.016836508639787327,0.026140894993354008,0.008861320336730172,0.01905183872396987,0.015507310589277802,0.030128489144882586,0.010633584404076208,0.026140894993354008,0.4811696942844484,0.027913159060700046,0.01329198050509526,0.02658396101019052
0.04384042086804033,0.005699254712845244,0.01183691363437089,0.2345462516440158,0.01578255151249452,0.024550635686102586,0.008329679964927663,0.016220955721174924,0.016220955721174924,0.029373081981587022,0.010960105217010083,0.025427444103463395,0.4866286716352477,0.029373081981587022,0.013590530469092503,0.02761946514686541
0.04667547335975341,0.0066050198150594455,0.012769704975781594,0.23337736679876706,0.017173051519154558,0.02553940995156319,0.00836635843240863,0.01673271686481726,0.014971378247468076,0.03038309114927345,0.010568031704095112,0.02553940995156319,0.4804051078819903,0.028621752531924262,0.014090708938793483,0.028181417877586965
0.048224462954844366,0.00657606313020605,0.012275317843051293,0.23279263480929416,0.01797457255589654,0.024550635686102586,0.008329679964927663,0.017536168347216132,0.016659359929855327,0.029373081981587022,0.01183691363437089,0.025865848312143797,0.4778605874616396,0.027181060938185005,0.014905743095133712,0.028057869355545814
0.05017605633802817,0.007042253521126761,0.011883802816901408,0.23415492957746478,0.018045774647887324,0.02420774647887324,0.008362676056338027,0.018485915492957746,0.01716549295774648,0.030809859154929578,0.011003521126760563,0.02640845070422535,0.4744718309859155,0.026848591549295774,0.016285211267605633,0.02464788732394366
0.04938811188811189,0.007867132867132868,0.014423076923076924,0.23645104895104896,0.016608391608391608,0.024912587412587412,0.007867132867132868,0.021416083916083916,0.016171328671328672,0.031031468531468532,0.010052447552447552,0.027972027972027972,0.46678321678321677,0.027972027972027972,0.015734265734265736,0.025349650349650348
0.04847950639048039,0.007933010136624064,0.01498457470251212,0.23402379903040987,0.015425297487880123,0.025561921551344204,0.00749228735125606,0.018069634200088145,0.017188188629352136,0.030409872190392245,0.010577346848832084,0.029528426619656236,0.47377699427060377,0.02864698104892023,0.014103129131776113,0.02379903040987219
