C_R,C_A,C_S,C_N,D_R,D_A,D_S,D_N,Oc_R,Oc_A,Oc_S,Oc_N,Od_R,Od_A,Od_S,Od_N
1.0,0.0,0.0,0.0,0.0,0.0,0.0,0.0,0.0,0.0,0.0,0.0,0.0,0.0,0.0,0.0
0.6,0.0,0.0,0.0,0.0,0.0,0.0,0.0,0.0,0.0,0.4,0.0,0.0,0.0,0.0,0.0
0.5454545454545454,0.0,0.0,0.0,0.0,0.0,0.0,0.0,0.0,0.0,0.36363636363636365,0.0,0.09090909090909091,0.0,0.0,0.0
0.5,0.0,0.0,0.0,0.0,0.0,0.0,0.0,0.0,0.0,0.3181818181818182,0.0,0.18181818181818182,0.0,0.0,0.0
0.4166666666666667,0.0,0.0,0.0,0.0,0.0,0.0,0.0,0.0,0.0,0.3611111111111111,0.0,0.2222222222222222,0.0,0.0,0.0
0.4098360655737705,0.0,0.0,0.0,0.0,0.0,0.0,0.01639344262295082,0.0,0.0,0.32786885245901637,0.0,0.2459016393442623,0.0,0.0,0.0
0.35555555555555557,0.0,0.0,0.011111111111111112,0.0,0.0,0.0,0.022222222222222223,0.011111111111111112,0.0,0.3111111111111111,0.0,0.28888888888888886,0.0,0.0,0.0
0.36923076923076925,0.0,0.0,0.015384615384615385,0.0,0.0,0.0,0.007692307692307693,0.007692307692307693,0.0,0.25384615384615383,0.0,0.3230769230769231,0.007692307692307693,0.0,0.015384615384615385
0.3620689655172414,0.0,0.005747126436781609,0.017241379310344827,0.0,0.0,0.0,0.005747126436781609,0.005747126436781609,0.0,0.2471264367816092,0.0,0.3218390804597701,0.005747126436781609,0.0,0.028735632183908046
0.358974358974359,0.0,0.017094017094017096,0.021367521367521368,0.0,0.0,0.0,0.004273504273504274,0.01282051282051282,0.0,0.21367521367521367,0.0,0.32905982905982906,0.008547008547008548,0.0,0.03418803418803419
0.3366013071895425,0.0,0.0196078431372549,0.0196078431372549,0.0,0.0,0.0,0.0032679738562091504,0.013071895424836602,0.0,0.20588235294117646,0.006535947712418301,0.34967320261437906,0.006535947712418301,0.0,0.0392156862745098
0.327319587628866,0.005154639175257732,0.02577319587628866,0.02577319587628866,0.0,0.002577319587628866,0.0,0.005154639175257732,0.01288659793814433,0.0,0.18298969072164947,0.010309278350515464,0.35051546391752575,0.005154639175257732,0.005154639175257732,0.041237113402061855
0.3367768595041322,0.010330578512396695,0.030991735537190084,0.03305785123966942,0.0,0.002066115702479339,0.0,0.006198347107438017,0.01652892561983471,0.0,0.17148760330578514,0.014462809917355372,0.3305785123966942,0.004132231404958678,0.004132231404958678,0.03925619834710744
0.32124352331606215,0.012089810017271158,0.03454231433506045,0.037996545768566495,0.0017271157167530224,0.0017271157167530224,0.0,0.010362694300518135,0.022452504317789293,0.0017271157167530224,0.16234887737478412,0.02072538860103627,0.3177892918825561,0.008635578583765112,0.0051813471502590676,0.04145077720207254
0.3130311614730878,0.0113314447592068,0.03824362606232295,0.042492917847025496,0.00424929178470255,0.0028328611898017,0.0,0.009915014164305949,0.031161473087818695,0.00141643059490085,0.15722379603399433,0.0226628895184136,0.3045325779036827,0.007082152974504249,0.0056657223796034,0.04815864022662889
0.3061699650756694,0.009313154831199068,0.04540162980209546,0.047729918509895226,0.0034924330616996507,0.0034924330616996507,0.0,0.013969732246798603,0.037252619324796274,0.0034924330616996507,0.14318975552968569,0.023282887077997673,0.3050058207217695,0.006984866123399301,0.006984866123399301,0.04423748544819558
0.2892057026476578,0.007128309572301426,0.045824847250509164,0.051934826883910386,0.003054989816700611,0.003054989816700611,0.0010183299389002036,0.017311608961303463,0.04786150712830957,0.004073319755600814,0.1395112016293279,0.026476578411405296,0.2983706720977597,0.010183299389002037,0.010183299389002037,0.04480651731160896
0.29017857142857145,0.007142857142857143,0.045535714285714284,0.06339285714285714,0.0026785714285714286,0.0026785714285714286,0.0008928571428571428,0.025,0.05357142857142857,0.0026785714285714286,0.12857142857142856,0.026785714285714284,0.2892857142857143,0.01607142857142857,0.011607142857142858,0.033928571428571426
0.2810810810810811,0.008494208494208495,0.04633204633204633,0.06718146718146718,0.003861003861003861,0.003088803088803089,0.0023166023166023165,0.02857142857142857,0.055598455598455596,0.003088803088803089,0.1274131274131274,0.029343629343629343,0.27953667953667954,0.021621621621621623,0.011583011583011582,0.03088803088803089
0.27564102564102566,0.009971509971509971,0.049145299145299144,0.06908831908831908,0.004273504273504274,0.002849002849002849,0.004273504273504274,0.03133903133903134,0.05698005698005698,0.004985754985754986,0.12179487179487179,0.027065527065527065,0.27564102564102566,0.022792022792022793,0.01282051282051282,0.03133903133903134
0.2729019859064702,0.008327994875080076,0.05124919923126201,0.07174887892376682,0.003843689942344651,0.0019218449711723255,0.007687379884689302,0.03651505445227418,0.060858424087123636,0.005765534913516977,0.1210762331838565,0.025624599615631006,0.2626521460602178,0.02626521460602178,0.014734144778987828,0.028827674567584883
0.25812167749556997,0.00767867690490254,0.05020673360897814,0.08269344359125812,0.004725339633786178,0.002362669816893089,0.00767867690490254,0.04370939161252215,0.06202008269344359,0.0070880094506792675,0.1151801535735381,0.025398700531600708,0.2551683402244536,0.02835203780271707,0.017129356172474897,0.032486709982279975
0.25336927223719674,0.007547169811320755,0.04743935309973046,0.08840970350404313,0.00431266846361186,0.004851752021563342,0.007547169811320755,0.04851752021563342,0.05983827493261455,0.007547169811320755,0.11913746630727763,0.024797843665768194,0.2463611859838275,0.031266846361185985,0.01725067385444744,0.031805929919137464
0.25599184089750127,0.006629270780214177,0.046914839367669554,0.09077001529831719,0.0035696073431922487,0.0056093829678735335,0.00815910249872514,0.05507394186639469,0.05813360530341662,0.010198878123406425,0.11575726670066293,0.022437531871494134,0.2345741968383478,0.033656297807241206,0.018867924528301886,0.033656297807241206
0.25562072336265884,0.00635386119257087,0.04594330400782014,0.09335288367546432,0.006842619745845552,0.007820136852394917,0.009286412512218964,0.05816226783968719,0.054252199413489736,0.010752688172043012,0.11388074291300097,0.021994134897360705,0.22727272727272727,0.03567937438905181,0.01857282502443793,0.03421309872922776
0.25199063231850116,0.006557377049180328,0.04355971896955504,0.09274004683840749,0.007962529274004685,0.008899297423887589,0.008430913348946136,0.05901639344262295,0.05620608899297424,0.010772833723653397,0.11522248243559718,0.022482435597189696,0.2252927400468384,0.034660421545667446,0.020608899297423888,0.035597189695550355
0.25480994838104176,0.0070389488503050214,0.042702956358517126,0.09619896762083528,0.007977475363679024,0.010793054903801032,0.007977475363679024,0.06053496011262318,0.05349601126231816,0.012200844673862036,0.11356170811825433,0.02346316283435007,0.21773815110276865,0.0342562177381511,0.02017832003754106,0.03707179727827311
0.25618698441796517,0.007332722273143905,0.04170485792850596,0.09578368469294225,0.007791017415215398,0.013290559120073327,0.009624197983501375,0.06370302474793767,0.05820348304307974,0.012832263978001834,0.1145737855178735,0.022456461961503207,0.20485792850595783,0.033455545371219066,0.021081576535288724,0.03712190650779102
0.25797752808988766,0.00853932584269663,0.03910112359550562,0.09573033707865168,0.008089887640449439,0.014382022471910113,0.00943820224719101,0.06426966292134831,0.05438202247191011,0.01348314606741573,0.1101123595505618,0.024269662921348314,0.20719101123595507,0.03146067415730337,0.02202247191011236,0.039550561797752806
0.25775978407557354,0.00899685110211426,0.04048582995951417,0.09716599190283401,0.007197480881691408,0.017094017094017096,0.00899685110211426,0.06522717049032839,0.05263157894736842,0.013045434098065677,0.10571300044984255,0.023391812865497075,0.20647773279352227,0.03598740440845704,0.020242914979757085,0.03958614484930274
0.2621923937360179,0.008501118568232663,0.03847874720357942,0.09753914988814318,0.008501118568232663,0.014317673378076063,0.010738255033557046,0.06621923937360179,0.05548098434004474,0.013422818791946308,0.10469798657718121,0.022818791946308724,0.20268456375838925,0.03668903803131991,0.01923937360178971,0.03847874720357942
0.2585517547756553,0.007996446023989337,0.03998223011994669,0.09551310528653932,0.00888494002665482,0.01776988005330964,0.0110.01655824955647546,0.11472501478415138,0.09225310467179183,0.01714961561206387,0.04553518628030751,0.10881135422826729,0.11058545239503252,0.05558840922531047,0.03311649911295092
0.03559127439724455,0.09184845005740529,0.0505166475315729,0.01722158438576349,0.11653272101033295,0.04707233065442021,0.03903559127439724,0.01894374282433984,0.11366245694603903,0.09644087256027555,0.016647531572904706,0.03788748564867968,0.11423650975889782,0.11194029850746269,0.05970149253731343,0.032721010332950634
0.03982300884955752,0.09347345132743363,0.05309734513274336,0.018805309734513276,0.11283185840707964,0.04480088495575221,0.03650442477876106,0.018805309734513276,0.11559734513274336,0.10121681415929204,0.016039823008849558,0.03650442477876106,0.11283185840707964,0.10564159292035398,0.061946902654867256,0.032079646017699116
0.04042553191489362,0.09095744680851064,0.056914893617021275,0.018617021276595744,0.1074468085106383,0.043617021276595745,0.03829787234042553,0.019148936170212766,0.11542553191489362,0.10159574468085106,0.01648936170212766,0.039361702127659576,0.10957446808510639,0.10691489361702128,0.06063829787234042,0.034574468085106384
0.043345232024477306,0.08771035186129526,0.05711371749107598,0.017848036715961243,0.10453850076491586,0.04385517593064763,0.03926568077511474,0.01988781234064253,0.12136664966853646,0.10198878123406425,0.017848036715961243,0.03773584905660377,0.10453850076491586,0.10198878123406425,0.06425293217746048,0.03671596124426313
0.04609218436873747,0.08517034068136273,0.057615230460921846,0.018537074148296594,0.10320641282565131,0.04659318637274549,0.03807615230460922,0.02004008016032064,0.12224448897795591,0.09919839679358718,0.02004008016032064,0.039579158316633264,0.09619238476953908,0.10470941883767534,0.06312625250501001,0.039579158316633264
0.04645476772616137,0.08655256723716381,0.05721271393643032,0.019559902200488997,0.09877750611246944,0.04987775061124694,0.03569682151589242,0.025427872860635695,0.12176039119804401,0.097799511002445,0.020048899755501223,0.038141809290953545,0.0938875305623472,0.10709046454767726,0.062102689486552565,0.03960880195599022
0.04855769230769231,0.08221153846153846,0.05336538461538461,0.020673076923076922,0.09615384615384616,0.04903846153846154,0.03317307692307692,0.026923076923076925,0.12355769230769231,0.09903846153846153,0.01875,0.03701923076923077,0.09567307692307692,0.1076923076923077,0.06490384615384616,0.04326923076923077
0.05211726384364821,0.08236389018147976,0.05444392740809679,0.021405304792926943,0.09678920428106096,0.051186598417868774,0.03489995346672871,0.029315960912052116,0.12052117263843648,0.09399720800372266,0.01907864122847836,0.03536528617961843,0.09446254071661238,0.10144253140995813,0.068869241507678,0.043741275011633315
0.055479138010087116,0.08207244383310408,0.052269601100412656,0.02200825309491059,0.10408069692801467,0.051811095827602016,0.033012379642365884,0.02888583218707015,0.11966987620357634,0.09491059147180192,0.019715726730857405,0.03255387436955525,0.0921595598349381,0.1008711600183402,0.06602475928473177,0.044475011462631824
0.061869844179651697,0.076993583868011,0.05316223648029331,0.021081576535288724,0.10128322639780019,0.05224564619615032,0.03253895508707608,0.028872593950504125,0.11961503208065995,0.0999083409715857,0.019706691109074245,0.033455545371219066,0.0921173235563703,0.09532538955087076,0.0692025664527956,0.042621448212648946
0.06157303370786517,0.07865168539325842,0.05573033707865169,0.02202247191011236,0.0997752808988764,0.05393258426966292,0.0350561797752809,0.027415730337078652,0.12,0.09887640449438202,0.017977528089887642,0.03550561797752809,0.09123595505617978,0.09438202247191012,0.06741573033707865,0.04044943820224719
0.06328545780969479,0.07899461400359066,0.05206463195691203,0.02333931777378815,0.09829443447037702,0.04937163375224417,0.03590664272890485,0.03096947935368043,0.12118491921005387,0.09874326750448834,0.017953321364452424,0.036355475763016155,0.08527827648114901,0.0973967684021544,0.06912028725314183,0.041741472172351884
0.06345634563456345,0.07245724572457246,0.04995499549954995,0.023402340234023402,0.09495949594959496,0.05310531053105311,0.03555355535553555,0.030153015301530153,0.12016201620162016,0.10261026102610261,0.018901890189018902,0.041404140414041404,0.08955895589558956,0.09495949594959496,0.06930693069306931,0.040054005400540056
0.06286223807400802,0.07177886758805171,0.051270619705751225,0.026749888542131076,0.09317877842175658,0.05394560855996433,0.03566651805617477,0.034329023629068214,0.11413285777975925,0.09719126170307624,0.021845742309407043,0.03744984395898351,0.08872046366473473,0.09942041908158716,0.06999554168524298,0.041462327240303166
0.06729475100942127,0.07267833109017496,0.05069537909376402,0.029161058770749215,0.09331538806639748,0.05204127411395244,0.03768506056527591,0.03275011215791835,0.1117092866756393,0.09645580978017047,0.021085688649618663,0.040376850605652756,0.08344549125168237,0.09914759982054733,0.06953790937640197,0.04262000897263347
0.06876404494382023,0.07191011235955057,0.052584269662921346,0.028314606741573035,0.09348314606741573,0.052584269662921346,0.039550561797752806,0.03191011235955056,0.11191011235955056,0.09438202247191012,0.02247191011235955,0.043146067415730335,0.08404494382022472,0.09438202247191012,0.07146067415730337,0.03910112359550562
0.06912028725314183,0.06822262118491922,0.05206463195691203,0.031867145421903054,0.09066427289048475,0.049820466786355475,0.039946140035906644,0.034560143626570915,0.11131059245960502,0.09874326750448834,0.02378815080789946,0.041741472172351884,0.08527827648114901,0.09784560143626571,0.06732495511669659,0.03770197486535009
0.06945074897866546,0.06627326373127554,0.055832955061280075,0.031320926009986386,0.09078529278256922,0.04993191103041307,0.03949160236041761,0.033590558329550615,0.10985020426690877,0.09623241034952337,0.024058102587380843,0.042669087607807535,0.08579210167952792,0.09668633681343622,0.06672719019518839,0.041307308216069
0.0720680393912265,0.06714413607878246,0.05416293643688451,0.03133393017009848,0.08504923903312445,0.050134288272157566,0.04162936436884512,0.03760071620411817,0.10608773500447627,0.09668755595344673,0.023276633840644583,0.043867502238137866,0.0837063563115488,0.10384959713518353,0.06356311548791406,0.03983885407341092
0.06762203313927452,0.06806986117330945,0.055978504254366325,0.032243618450515,0.08598298253470667,0.05105239587998209,0.042991491267353334,0.03896103896103896,0.10165696372592924,0.09538737124944022,0.02418271383788625,0.04612628750559785,0.08329601433049709,0.0980743394536498,0.06806986117330945,0.040304523063143756
0.07040358744394619,0.06950672645739911,0.056950672645739914,0.03587443946188341,0.08295964125560538,0.0484304932735426,0.045291479820627804,0.04125560538116592,0.09417040358744394,0.09506726457399103,0.022869955156950672,0.04663677130044843,0.08206278026905829,0.10089686098654709,0.06771300448430494,0.03991031390134529
0.07130044843049327,0.07040358744394619,0.054260089686098655,0.03632286995515695,0.08475336322869956,0.04977578475336323,0.04170403587443946,0.03856502242152467,0.09551569506726458,0.09596412556053811,0.02242152466367713,0.04977578475336323,0.08071748878923767,0.09910313901345291,0.06905829596412556,0.04035874439461883
0.07023863124718595,0.0679873930661864,0.050877982890589826,0.037370553804592525,0.0855470508779829,0.04907699234579019,0.041422782530391715,0.038271049076992344,0.09320126069338136,0.09590274651058082,0.02296262944619541,0.052678973435389465,0.08059432687978388,0.09995497523638001,0.07113912651958577,0.04277352543899145
0.06805807622504537,0.06669691470054447,0.04945553539019964,0.038112522686025406,0.08030852994555354,0.04945553539019964,0.04219600725952813,0.04128856624319419,0.09891107078039928,0.10390199637023594,0.022686025408348458,0.05172413793103448,0.0794010889292196,0.09891107078039928,0.06760435571687841,0.04128856624319419
0.06642728904847396,0.06912028725314183,0.049820466786355475,0.040843806104129264,0.0803411131059246,0.04847396768402154,0.04308797127468582,0.04039497307001795,0.09694793536804308,0.09874326750448834,0.02333931777378815,0.05206463195691203,0.078540.058588548600.10053859964093358,0.07136445242369839,0.039946140035906644
0.06753130590339892,0.06663685152057246,0.05411449016100179,0.04025044722719141,0.07915921288014312,0.049194991055456175,0.04203935599284436,0.04159212880143113,0.09525939177101968,0.09615384615384616,0.024597495527728087,0.0518783542039356,0.08094812164579607,0.1001788908765653,0.0720035778175313,0.038461538461538464
0.06168392615938766,0.06573615488518686,0.05628095452498874,0.03692030616839262,0.07969383160738407,0.04727600180099054,0.04322377307519135,0.04322377307519135,0.09410175596578119,0.10175596578117965,0.026114362899594776,0.054930211616389016,0.08059432687978388,0.0995047276001801,0.0724898694281855,0.036470058532192706
0.06269453090262339,0.062249888839484215,0.055135615829257446,0.039573143619386394,0.07914628723877279,0.048910626945309024,0.041796353935082256,0.04313028012449978,0.09293019119608716,0.10137839039573143,0.023121387283236993,0.05558025789239662,0.08314806580702534,0.10182303245887062,0.07025344597598933,0.03912850155624722
0.06119673617407072,0.05893019038984588,0.05530371713508613,0.0385312783318223,0.0829555757026292,0.05122393472348141,0.043517679057116954,0.04306436990027199,0.09383499546690843,0.10607434270172257,0.021758839528558477,0.0557570262919311,0.08023572076155938,0.09927470534904805,0.06980961015412511,0.0385312783318223
0.059587813620071685,0.059587813620071685,0.06048387096774194,0.03853046594982079,0.08288530465949821,0.0492831541218638,0.04659498207885305,0.04390681003584229,0.09453405017921147,0.10349462365591398,0.023745519713261647,0.05421146953405018,0.07795698924731183,0.10125448028673835,0.06720430107526881,0.036738351254480286
0.06355555555555556,0.060444444444444446,0.057777777777777775,0.03911111111111111,0.07777777777777778,0.051111111111111114,0.04666666666666667,0.043555555555555556,0.09422222222222222,0.10755555555555556,0.024888888888888887,0.05511111111111111,0.07555555555555556,0.09733333333333333,0.06577777777777778,0.03955555555555555
0.06453048509123276,0.059190031152647975,0.05829995549621718,0.04005340453938585,0.07209612817089453,0.050734312416555405,0.04672897196261682,0.04450378282153983,0.09479305740987984,0.1032487761459724,0.028037383177570093,0.056074766355140186,0.0774365821094793,0.10013351134846461,0.06898086337338674,0.03515798842901647
0.06457399103139014,0.06143497757847534,0.05784753363228699,0.042600896860986545,0.07219730941704036,0.05291479820627803,0.04304932735426009,0.04618834080717489,0.09551569506726458,0.10269058295964126,0.03228699551569507,0.05650224215246637,0.0757847533632287,0.09551569506726458,0.06591928251121076,0.03497757847533632
0.0642243328810493,0.05970149253731343,0.056535504296698326,0.04251469923111714,0.07327001356852103,0.052917232021709636,0.04341926729986431,0.04703753957485301,0.09588421528720036,0.10040705563093623,0.033921302578018994,0.05608322026232474,0.07327001356852103,0.09859791949344188,0.06693803708729082,0.035278154681139755
0.06224627875507442,0.060442038791159225,0.05412719891745602,0.044654939106901215,0.07307171853856563,0.05006765899864682,0.04330175913396482,0.04645917907081642,0.09246729815065403,0.10284167794316644,0.03337843933243121,0.05502931889941362,0.07487595850248083,0.10103743797925124,0.06856111862877763,0.037437979251240414
0.06387764282501125,0.06297795771479982,0.058029689608636977,0.04543409806567701,0.07017543859649122,0.04993252361673414,0.04093567251461988,0.04543409806567701,0.09176788124156546,0.10436347278452542,0.032388663967611336,0.05443094916779127,0.07467386414754835,0.10121457489878542,0.06657669815564553,0.037786774628879895
0.06508078994614004,0.06508078994614004,0.059694793536804305,0.04578096947935368,0.0718132854578097,0.04757630161579892,0.042639138240574505,0.044434470377019746,0.08842010771992818,0.10727109515260323,0.031867145421903054,0.05385996409335727,0.072262118491921,0.10457809694793536,0.06373429084380611,0.03590664272890485
0.07204349796103307,0.06751246035342093,0.060262800181241506,0.04666968735840508,0.07068418667874943,0.05346624376982329,0.03624830086089714,0.04395106479383779,0.08654281830539194,0.10240144993203444,0.02945174444947893,0.05210693248753965,0.07385591300407793,0.10602628001812416,0.06162211146352515,0.03715450838241957
0.06735985533453888,0.06374321880650995,0.05877034358047016,0.048824593128390596,0.0705244122965642,0.054249547920433995,0.0352622061482821,0.04746835443037975,0.08905967450271247,0.10397830018083183,0.0325497287522604,0.051537070524412296,0.07459312839059674,0.10126582278481013,0.06374321880650995,0.037070524412296565
0.06941334527541423,0.06583072100313479,0.0600089565606807,0.04970891177787729,0.06896551724137931,0.05373936408419167,0.033139274518584866,0.04746977160770264,0.08463949843260188,0.1038961038961039,0.03179579041648007,0.05329153605015674,0.07433945364979848,0.09852216748768473,0.06583072100313479,0.03940886699507389
0.06884219937416182,0.06481895395619133,0.062136790344211,0.048725972284309346,0.07063030844881538,0.05632543585158695,0.033080017881090745,0.0464908359409924,0.08225301743406348,0.10952168082253018,0.031291908806437195,0.05096110862762628,0.07420652659812249,0.09387572641931158,0.0657130084935181,0.04112650871703174
0.07044749667700487,0.06247230837394772,0.06424457244129375,0.05050952591936198,0.07089056269384138,0.056712450155073105,0.03278688524590164,0.04474966770048737,0.08285334514842711,0.10456357997341603,0.03190075321222862,0.05050952591936198,0.07797961896322551,0.09437306158617634,0.0664599025254763,0.038546743464776254
0.07155715571557156,0.063006300630063,0.05670567056705671,0.050405040504050404,0.0738073807380738,0.054005400540054004,0.032403240324032405,0.046804680468046804,0.08775877587758776,0.10261026102610261,0.03195319531953195,0.04815481548154815,0.07920792079207921,0.09585958595859587,0.06570657065706571,0.040054005400540056
0.07367475292003593,0.06199460916442048,0.05840071877807727,0.047619047619047616,0.07457322551662174,0.057053009883198565,0.03234501347708895,0.0444743935309973,0.08445642407906559,0.10197663971248877,0.03369272237196765,0.05390835579514825,0.07592093441150045,0.09523809523809523,0.06558849955076371,0.03908355795148248
0.07037203047960555,0.06409681757059614,0.05692514567458539,0.04482294935006723,0.07350963693411026,0.059614522635589424,0.03272075302554908,0.04437471985656656,0.0811295383236217,0.10398924249215598,0.03585835948005379,0.05378753922008068,0.0761990138951143,0.09681757059614522,0.06454504706409682,0.041237113402061855
0.07276785714285715,0.06428571428571428,0.05714285714285714,0.044196428571428574,0.07589285714285714,0.059375,0.03214285714285714,0.04642857142857143,0.07901785714285714,0.10758928571428572,0.03660714285714286,0.053125,0.07410714285714286,0.09553571428571428,0.061160714285714284,0.040625
0.0736331569664903,0.06481481481481481,0.05864197530864197,0.04188712522045855,0.07231040564373897,0.05864197530864197,0.03306878306878307,0.047619047619047616,0.08156966490299823,0.10405643738977072,0.03571428571428571,0.053791887125220456,0.07451499118165784,0.09479717813051146,0.06393298059964726,0.041005291005291
0.076650420912716,0.06734603455914931,0.056269384138236594,0.044306601683650866,0.07487815684536996,0.056712450155073105,0.03234381922906513,0.04519273371732388,0.08019494904740807,0.10633584404076207,0.03677447939743022,0.05405405405405406,0.07266282676118742,0.09703145768719539,0.05892778023925565,0.04031900753212229
0.07630878438331855,0.061224489795918366,0.05723158828748891,0.04259094942324756,0.07364685004436557,0.05856255545696539,0.03194321206743567,0.04614019520851819,0.08074534161490683,0.10514640638864241,0.03593611357586513,0.05767524401064774,0.07453416149068323,0.09361135758651287,0.062111801242236024,0.04259094942324756
0.07583148558758315,0.06075388026607539,0.05853658536585366,0.04434589800443459,0.07494456762749446,0.05853658536585366,0.03547671840354767,0.04390243902439024,0.07849223946784922,0.10199556541019955,0.03547671840354767,0.05853658536585366,0.07494456762749446,0.09534368070953436,0.05898004434589801,0.04390243902439024
0.07568293775190327,0.06045678459471563,0.05687416032243618,0.043439319301388266,0.073443790.049144360.057321988356471114,0.033139274518584866,0.04612628750559785,0.08016121809225257,0.10300044782803404,0.03537841468875952,0.06538289296909987,0.07568293775190327,0.09628302731751008,0.05463502015226153,0.042991491267353334
0.07579787234042554,0.057624113475177305,0.057180851063829786,0.04521276595744681,0.07313829787234043,0.05851063829787234,0.031914893617021274,0.04698581560283688,0.07890070921985816,0.10283687943262411,0.03546099290780142,0.0625,0.07446808510638298,0.09530141843971632,0.05673758865248227,0.047429078014184396
0.07784166298098187,0.05749668288367979,0.055285272003538256,0.0437859354268023,0.06943830163644406,0.053516143299425036,0.02786377708978328,0.04909332153914197,0.08182220256523662,0.10570544007076514,0.03847854931446263,0.06191950464396285,0.07651481645289694,0.09553295002211411,0.05616983635559487,0.04953560371517028
0.07712765957446809,0.05895390070921986,0.0549645390070922,0.043882978723404256,0.06648936170212766,0.05452127659574468,0.028368794326241134,0.05230496453900709,0.0749113475177305,0.10726950354609929,0.03856382978723404,0.06471631205673758,0.07535460992907801,0.09840425531914894,0.05230496453900709,0.05186170212765957
0.07911392405063292,0.056962025316455694,0.056962025316455694,0.0461121157323689,0.06374321880650995,0.05334538878842676,0.028933092224231464,0.05334538878842676,0.0705244122965642,0.1035262206148282,0.03842676311030741,0.06555153707052441,0.07414104882459313,0.09764918625678119,0.056962025316455694,0.054701627486437615
0.07863171923589515,0.05553087516659263,0.05597512216792536,0.0444247001332741,0.06530430919591293,0.050644158151932475,0.028431808085295423,0.05242114615726344,0.0693025322079076,0.10350955131052865,0.04175921812527766,0.06619280319857841,0.07418924922256774,0.0986228342958685,0.06086183918258552,0.054198134162594405
0.07880676758682101,0.054764024933214604,0.05832591273374889,0.0458593054318789,0.06455921638468388,0.04986642920747997,0.02983081032947462,0.053428317008014245,0.06544968833481746,0.10284951024042743,0.0396260017809439,0.06366874443455031,0.07569011576135352,0.09973285841495994,0.06277827248441674,0.054764024933214604
0.07633587786259542,0.05074090704984284,0.05927256398742703,0.0449034575662326,0.06421194431971262,0.05074090704984284,0.029636281993713515,0.0552312528064661,0.06870229007633588,0.10148181409968568,0.042209250112258644,0.06331387516838796,0.07364167040862146,0.1037269869779973,0.060170633138751685,0.05568028738212842
0.0799097065462754,0.053724604966139955,0.058239277652370205,0.04785553047404063,0.0636568848758465,0.049209932279909704,0.030248306997742665,0.057787810383747175,0.06772009029345373,0.10112866817155756,0.04334085778781038,0.060948081264108354,0.0690744920993228,0.09887133182844243,0.059593679458239276,0.05869074492099323
0.07650520597555455,0.05658669081032141,0.057039384336803986,0.04934359438660027,0.06111362607514713,0.05387052965142598,0.032593933906745136,0.05930285196921684,0.06564056133997284,0.10502489814395655,0.039384336803983705,0.0615663196016297,0.07062019013128112,0.09687641466727026,0.05930285196921684,0.0552286102308737
0.07584650112866817,0.05869074492099323,0.058239277652370205,0.04785553047404063,0.057787810383747175,0.05553047404063206,0.03069977426636569,0.055079006772009026,0.06772009029345373,0.10609480812641084,0.04198645598194131,0.060948081264108354,0.07584650112866817,0.09661399548532731,0.05598194130925508,0.055079006772009026
0.07540394973070018,0.057899461400359065,0.05655296229802514,0.04757630161579892,0.059245960502693,0.05385996409335727,0.03007181328545781,0.059245960502693,0.07001795332136446,0.10233393177737882,0.041741472172351884,0.05565529622980251,0.07809694793536805,0.09649910233393177,0.057001795332136444,0.058797127468581685
0.07565643079661771,0.059635068980863376,0.05518469069870939,0.04672897196261682,0.05785491766800178,0.05651980418335559,0.03204272363150868,0.06008010680907877,0.06720071206052515,0.102803738317757,0.04183355585224744,0.05696484201157098,0.07610146862483311,0.09612817089452604,0.056074766355140186,0.059190031152647975
0.07582515611061552,0.06021409455842997,0.05798394290811775,0.04727921498661909,0.06021409455842997,0.054415700267618196,0.028545941123996433,0.06021409455842997,0.06824264049955397,0.09946476360392506,0.04192685102586976,0.05753791257805531,0.07448706512042819,0.09857270294380018,0.056645851917930416,0.058429973238180194
0.07695709862892526,0.057054400707651484,0.055285272003538256,0.047766475011057054,0.06015037593984962,0.057054400707651484,0.0291906236178682,0.06103494029190624,0.06943830163644406,0.0950906678460858,0.044228217602830605,0.055285272003538256,0.07518796992481203,0.09774436090225563,0.05926581158779301,0.05926581158779301
0.07442067736185383,0.06016042780748663,0.05614973262032086,0.04723707664884135,0.06060606060606061,0.05837789661319073,0.031194295900178252,0.06016042780748663,0.06862745098039216,0.09670231729055258,0.0427807486631016,0.05614973262032086,0.07308377896613191,0.09759358288770054,0.0570409982174688,0.059714795008912656
0.06810035842293907,0.05824372759856631,0.05779569892473118,0.0456989247311828,0.05869175627240143,0.059587813620071685,0.03136200716845878,0.06093189964157706,0.06720430107526881,0.1003584229390681,0.0456989247311828,0.05734767025089606,0.0739247311827957,0.09946236559139784,0.05869175627240143,0.056899641577060935
0.06960035922766053,0.060170633138751685,0.05972159856308936,0.0449034575662326,0.05657835653345308,0.057476425684777725,0.030085316569375842,0.060170633138751685,0.06960035922766053,0.0983385720700494,0.047597665020206556,0.05837449483610238,0.07409070498428379,0.09744050291872475,0.057476425684777725,0.05837449483610238
0.07274360125729681,0.06241580601706331,0.057925460260440056,0.041311180960933995,0.05657835653345308,0.0570273911091154,0.030534351145038167,0.0570273911091154,0.07049842837898518,0.09654243376740008,0.049842837898518184,0.05612932195779075,0.07453973955994611,0.09744050291872475,0.058823529411764705,0.06061966771441401
0.07068418667874943,0.06207521522428636,0.057997281377435435,0.0412324422292705,0.06071590394200272,0.05845038513819665,0.029904848210240146,0.057997281377435435,0.06751246035342093,0.09877661984594473,0.048482102401449935,0.05663797009515179,0.07838695061169007,0.09651110104213866,0.05618486633439058,0.05845038513819665
0.0661231884057971,0.0625,0.059782608695652176,0.04076086956521739,0.05615942028985507,0.06068840579710145,0.030797101449275364,0.059329710144927536,0.07065217391304347,0.0973731884057971,0.04800724637681159,0.058876811594202896,0.0792572463768116,0.10144927536231885,0.05344202898550725,0.05480072463768116
0.06552962298025135,0.058797127468581685,0.059245960502693,0.0466786355475763,0.05475763016157989,0.06193895870736086,0.03007181328545781,0.059694793536804305,0.0718132854578097,0.09515260323159784,0.048922800718132854,0.057899461400359065,0.07719928186714542,0.10188509874326751,0.05834829443447038,0.05206463195691203
0.06651685393258427,0.05797752808988764,0.05752808988764045,0.04359550561797753,0.05348314606741573,0.06247191011235955,0.0301123595505618,0.059775280898876404,0.07101123595505618,0.10067415730337079,0.048988764044943824,0.05797752808988764,0.07550561797752808,0.10337078651685393,0.058426966292134834,0.052584269662921346
0.06950672645739911,0.06098654708520179,0.05739910313901345,0.04618834080717489,0.05336322869955157,0.06278026905829596,0.03228699551569507,0.056950672645739914,0.07174887892376682,0.09820627802690583,0.04753363228699552,0.05829596412556054,0.07309417040358744,0.10269058295964126,0.05784753363228699,0.051121076233183856
0.06690454950936664,0.058876003568242644,0.058429973238180194,0.04817127564674398,0.054415700267618196,0.06199821587867975,0.030776092774308653,0.057091882247992866,0.07091882247992863,0.10035682426404996,0.04460303300624442,0.056199821587867974,0.07404103479036575,0.10437109723461195,0.059322033898305086,0.05352363960749331
0.06983985765124555,0.056494661921708184,0.05604982206405694,0.04893238434163701,0.05516014234875445,0.06005338078291815,0.03291814946619217,0.059608540925266906,0.06983985765124555,0.1045373665480427,0.043594306049822060.05558025789239662,0.07384341637010676,0.10542704626334519,0.05604982206405694,0.052935943060498224
0.06666666666666667,0.058666666666666666,0.05733333333333333,0.04666666666666667,0.05644444444444444,0.06133333333333333,0.03333333333333333,0.060444444444444446,0.06666666666666667,0.10222222222222223,0.042222222222222223,0.056,0.07377777777777778,0.10888888888888888,0.05511111111111111,0.05422222222222222
0.06786516853932584,0.05752808988764045,0.05707865168539326,0.046741573033707864,0.05573033707865169,0.06382022471910112,0.03056179775280899,0.059325842696629216,0.06561797752808989,0.10202247191011236,0.041797752808988765,0.05797752808988764,0.07415730337078652,0.10741573033707866,0.05528089887640449,0.05707865168539326
0.06786516853932584,0.05573033707865169,0.05573033707865169,0.0449438202247191,0.05528089887640449,0.06426966292134831,0.03191011235955056,0.06337078651685393,0.0651685393258427,0.09842696629213483,0.0449438202247191,0.05528089887640449,0.07910112359550561,0.10696629213483146,0.052584269662921346,0.058426966292134834
0.06887298747763863,0.05456171735241502,0.061717352415026835,0.04516994633273703,0.05456171735241502,0.06037567084078712,0.029516994633273702,0.059481216457960645,0.06305903398926654,0.09838998211091235,0.04516994633273703,0.057692307692307696,0.08318425760286226,0.10599284436493739,0.053220035778175315,0.059033989266547404
0.07258791704238052,0.0527502254283138,0.057709648331830475,0.043733092876465283,0.05500450856627592,0.061316501352569885,0.030207394048692517,0.062218214607754736,0.06402164111812443,0.09377817853922453,0.045536519386834985,0.05545536519386835,0.08205590622182146,0.1073038773669973,0.0545536519386835,0.06176735798016231
0.07367475292003593,0.050314465408805034,0.05390835579514825,0.0431266846361186,0.05525606469002695,0.06019766397124888,0.030548068283917342,0.0637915543575921,0.0637915543575921,0.09568733153638814,0.04806828391734052,0.055705300988319856,0.08445642407906559,0.1069182389937107,0.05435759209344115,0.06019766397124888
0.06860986547085202,0.0515695067264574,0.05605381165919283,0.04349775784753363,0.05560538116591928,0.06278026905829596,0.02914798206278027,0.059192825112107626,0.06502242152466367,0.09596412556053811,0.0484304932735426,0.05336322869955157,0.08385650224215246,0.10896860986547086,0.054708520179372194,0.06322869955156951
0.06300268096514745,0.049597855227882036,0.05674709562109026,0.045576407506702415,0.05451295799821269,0.0612153708668454,0.03127792672028597,0.06344950848972297,0.06568364611260054,0.09919571045576407,0.04736371760500447,0.054959785522788206,0.08176943699731903,0.10723860589812333,0.05585344057193923,0.06255585344057193
0.06512042818911686,0.0504014272970562,0.056645851917930416,0.0463871543264942,0.054415700267618196,0.06467439785905442,0.03389830508474576,0.061106155218554864,0.06378233719892953,0.09812667261373774,0.04817127564674398,0.052185548617305975,0.0816235504014273,0.1079393398751115,0.054415700267618196,0.061106155218554864
0.06559571619812583,0.0499776885319054,0.055778670236501564,0.04551539491298527,0.05622489959839357,0.06381079875055778,0.03346720214190094,0.06247211066488175,0.06381079875055778,0.0999553770638108,0.04506916555109326,0.0535475234270415,0.08433734939759036,0.10664881749219099,0.052655064703257475,0.06113342257920571
0.06230529595015576,0.051179350244770806,0.06008010680907877,0.04539385847797063,0.059635068980863376,0.06631063640409435,0.03649310191366266,0.06141522029372497,0.06008010680907877,0.09657320872274143,0.04672897196261682,0.0534045393858478,0.08322207387627949,0.102803738317757,0.0529595015576324,0.06141522029372497
0.059192825112107626,0.04977578475336323,0.05829596412556054,0.04394618834080718,0.05829596412556054,0.06591928251121076,0.03811659192825112,0.06233183856502242,0.06143497757847534,0.09551569506726458,0.04708520179372197,0.054708520179372194,0.08744394618834081,0.10448430493273543,0.05022421524663677,0.06322869955156951
0.061407440609592114,0.05154639175257732,0.055580457194083374,0.04482294935006723,0.05692514567458539,0.06768265351860152,0.03496190049305244,0.06095921111609144,0.06454504706409682,0.09905871806364859,0.047512326311071267,0.05199462124607799,0.08785298072613178,0.10264455401165397,0.04796055580457194,0.06454504706409682
0.060948081264108354,0.05056433408577878,0.05553047404063206,0.04740406320541761,0.0600451467268623,0.06681715575620767,0.03611738148984198,0.058239277652370205,0.06591422121896162,0.09661399548532731,0.045146726862302484,0.05553047404063206,0.09029345372460497,0.10022573363431152,0.04785553047404063,0.06275395033860046
0.058876003568242644,0.05307760927743087,0.05263157894736842,0.04727921498661909,0.059322033898305086,0.06690454950936664,0.038804638715432646,0.056199821587867974,0.06601248884924175,0.09188224799286351,0.04683318465655665,0.054861730597680645,0.08876003568242641,0.10347903657448707,0.04817127564674398,0.06690454950936664
0.05714285714285714,0.054910714285714285,0.05357142857142857,0.04776785714285714,0.05669642857142857,0.06517857142857143,0.03705357142857143,0.055357142857142855,0.06696428571428571,0.09732142857142857,0.046875,0.054464285714285715,0.08883928571428572,0.10267857142857142,0.05133928571428571,0.06383928571428571
0.05866547245857591,0.05687416032243618,0.054187192118226604,0.04612628750559785,0.057321988356471114,0.06314375279892522,0.03761755485893417,0.05821764442454098,0.06583072100313479,0.09538737124944022,0.04612628750559785,0.05329153605015674,0.09046126287505597,0.09986565158978952,0.04970891177787729,0.06717420510523958
0.0570409982174688,0.05659536541889483,0.05035650623885918,0.04500891265597148,0.06060606060606061,0.06194295900178253,0.036541889483065956,0.05570409982174688,0.06550802139037433,0.0962566844919786,0.04500891265597148,0.05303030303030303,0.09536541889483066,0.10204991087344029,0.05213903743315508,0.06684491978609626
0.0570409982174688,0.05570409982174688,0.05080213903743316,0.04233511586452763,0.059269162210338684,0.0659536541889483,0.03698752228163993,0.05659536541889483,0.06639928698752229,0.09714795008912656,0.045454545454545456,0.05169340463458111,0.09670231729055258,0.09982174688057041,0.05303030303030303,0.06506238859180036
0.0571173583221776,0.053993752788933515,0.049531459170013385,0.0428380187416332,0.06336456938866578,0.06470325747434182,0.038821954484605084,0.05488621151271754,0.06648817492190987,0.09504685408299866,0.04685408299866131,0.05220883534136546,0.09370816599732262,0.10531012940651495,0.051316376617581434,0.06381079875055778
0.05475763016157989,0.05385996409335727,0.04847396768402154,0.04039497307001795,0.06104129263913824,0.06508078994614004,0.03770197486535009,0.057001795332136444,0.06822262118491922,0.09649910233393177,0.04847396768402154,0.056104129263913824,0.0973967684021544,0.10412926391382406,0.047127468581687613,0.06373429084380611
0.05518169582772544,0.05383580080753701,0.047106325706594884,0.038582323912068194,0.06056527590847914,0.06415432929564828,0.037236428891879766,0.061462539255271426,0.07178106774338268,0.09331538806639748,0.05114401076716016,0.054284432480933155,0.09690444145356662,0.10453117990130104,0.0462090623598026,0.06370569762225213
