C_R,C_A,C_S,C_N,D_R,D_A,D_S,D_N,Oc_R,Oc_A,Oc_S,Oc_N,Od_R,Od_A,Od_S,Od_N
0,0,0,0,0,0,0,0,0,0,0,0,0,0,0,0
0.0,0.0,1.0,0.0,0.0,0.0,0.0,0.0,0.0,0.0,0.0,0.0,0.0,0.0,0.0,0.0
0.0,0.0,0.5,0.0,0.0,0.0,0.0,0.0,0.0,0.0,0.0,0.0,0.0,0.0,0.5,0.0
0.0,0.0,0.25,0.0,0.25,0.0,0.0,0.0,0.0,0.0,0.0,0.0,0.0,0.0,0.5,0.0
0.0,0.4,0.2,0.0,0.2,0.0,0.0,0.0,0.0,0.0,0.0,0.0,0.0,0.0,0.2,0.0
0.0,0.3333333333333333,0.16666666666666666,0.0,0.16666666666666666,0.16666666666666666,0.0,0.0,0.0,0.0,0.0,0.0,0.0,0.0,0.16666666666666666,0.0
0.0,0.25,0.125,0.0,0.125,0.25,0.0,0.0,0.125,0.0,0.0,0.0,0.0,0.0,0.125,0.0
0.0,0.2222222222222222,0.2222222222222222,0.0,0.1111111111111111,0.2222222222222222,0.0,0.0,0.1111111111111111,0.0,0.0,0.0,0.0,0.0,0.1111111111111111,0.0
0.18181818181818182,0.18181818181818182,0.18181818181818182,0.0,0.09090909090909091,0.18181818181818182,0.0,0.0,0.09090909090909091,0.0,0.0,0.0,0.0,0.0,0.09090909090909091,0.0
0.3333333333333333,0.16666666666666666,0.16666666666666666,0.0,0.08333333333333333,0.08333333333333333,0.0,0.0,0.16666666666666666,0.0,0.0,0.0,0.0,0.0,0.0,0.0
0.4,0.13333333333333333,0.13333333333333333,0.0,0.06666666666666667,0.06666666666666667,0.0,0.0,0.13333333333333333,0.0,0.0,0.0,0.0,0.06666666666666667,0.0,0.0
0.35294117647058826,0.17647058823529413,0.11764705882352941,0.0,0.058823529411764705,0.058823529411764705,0.0,0.0,0.11764705882352941,0.0,0.0,0.0,0.0,0.11764705882352941,0.0,0.0
0.3888888888888889,0.16666666666666666,0.1111111111111111,0.0,0.05555555555555555,0.0,0.05555555555555555,0.0,0.1111111111111111,0.0,0.0,0.0,0.0,0.1111111111111111,0.0,0.0
0.4,0.15,0.1,0.05,0.05,0.0,0.05,0.0,0.1,0.0,0.0,0.0,0.0,0.1,0.0,0.0
0.5217391304347826,0.08695652173913043,0.08695652173913043,0.0,0.043478260869565216,0.043478260869565216,0.043478260869565216,0.0,0.08695652173913043,0.0,0.0,0.0,0.0,0.08695652173913043,0.0,0.0
0.52,0.04,0.12,0.0,0.04,0.0,0.08,0.0,0.08,0.0,0.0,0.0,0.0,0.08,0.04,0.0
0.5714285714285714,0.02857142857142857,0.08571428571428572,0.0,0.02857142857142857,0.0,0.05714285714285714,0.0,0.11428571428571428,0.0,0.0,0.0,0.0,0.05714285714285714,0.05714285714285714,0.0
0.5909090909090909,0.045454545454545456,0.11363636363636363,0.0,0.022727272727272728,0.0,0.045454545454545456,0.0,0.09090909090909091,0.0,0.0,0.0,0.0,0.045454545454545456,0.045454545454545456,0.0
0.6666666666666666,0.0196078431372549,0.0784313725490196,0.0,0.0392156862745098,0.0,0.0392156862745098,0.0,0.058823529411764705,0.0,0.0,0.0,0.0,0.058823529411764705,0.0392156862745098,0.0
0.6885245901639344,0.01639344262295082,0.04918032786885246,0.0,0.03278688524590164,0.0,0.03278688524590164,0.0,0.04918032786885246,0.0,0.0,0.0,0.0,0.08196721311475409,0.04918032786885246,0.0
0.7121212121212122,0.015151515151515152,0.045454545454545456,0.0,0.030303030303030304,0.0,0.030303030303030304,0.0,0.045454545454545456,0.0,0.0,0.0,0.0,0.07575757575757576,0.045454545454545456,0.0
0.7368421052631579,0.013157894736842105,0.02631578947368421,0.0,0.02631578947368421,0.0,0.02631578947368421,0.0,0.05263157894736842,0.0,0.0,0.0,0.0,0.06578947368421052,0.02631578947368421,0.02631578947368421
0.7340425531914894,0.010638297872340425,0.02127659574468085,0.0,0.031914893617021274,0.0,0.02127659574468085,0.02127659574468085,0.0425531914893617,0.0,0.0,0.0,0.0,0.06382978723404255,0.02127659574468085,0.031914893617021274
0.7543859649122807,0.008771929824561403,0.017543859649122806,0.0,0.03508771929824561,0.0,0.008771929824561403,0.008771929824561403,0.03508771929824561,0.0,0.0,0.008771929824561403,0.0,0.07894736842105263,0.017543859649122806,0.02631578947368421
0.7518796992481203,0.007518796992481203,0.015037593984962405,0.0,0.03759398496240601,0.0,0.007518796992481203,0.007518796992481203,0.03007518796992481,0.0,0.0,0.015037593984962405,0.0,0.08270676691729323,0.015037593984962405,0.03007518796992481
0.7763157894736842,0.013157894736842105,0.013157894736842105,0.0,0.03289473684210526,0.0,0.006578947368421052,0.006578947368421052,0.02631578947368421,0.0,0.0,0.02631578947368421,0.0,0.05921052631578947,0.013157894736842105,0.02631578947368421
0.783625730994152,0.011695906432748537,0.017543859649122806,0.0,0.04093567251461988,0.0,0.005847953216374269,0.005847953216374269,0.017543859649122806,0.0,0.0,0.029239766081871343,0.005847953216374269,0.04678362573099415,0.011695906432748537,0.023391812865497075
0.7990196078431373,0.00980392156862745,0.014705882352941176,0.0,0.049019607843137254,0.0,0.004901960784313725,0.004901960784313725,0.014705882352941176,0.0,0.0,0.024509803921568627,0.0,0.04411764705882353,0.004901960784313725,0.029411764705882353
0.8153153153153153,0.013513513513513514,0.013513513513513514,0.0,0.04504504504504504,0.0,0.0045045045045045045,0.0045045045045045045,0.013513513513513514,0.0,0.0,0.02252252252252252,0.0,0.03153153153153153,0.0045045045045045045,0.03153153153153153
0.8288973384030418,0.0076045627376425855,0.015209125475285171,0.0,0.03802281368821293,0.0,0.0076045627376425855,0.0076045627376425855,0.015209125475285171,0.0,0.0,0.019011406844106463,0.0,0.026615969581749048,0.0038022813688212928,0.030418250950570342
0.8408304498269896,0.006920415224913495,0.01384083044982699,0.0,0.031141868512110725,0.0,0.0034602076124567475,0.010380622837370242,0.01730103806228374,0.0,0.006920415224913495,0.01384083044982699,0.0,0.02768166089965398,0.0034602076124567475,0.02422145328719723
0.8409785932721713,0.0061162079510703364,0.012232415902140673,0.0,0.027522935779816515,0.0,0.0030581039755351682,0.012232415902140673,0.021406727828746176,0.0061162079510703364,0.0,0.012232415902140673,0.0061162079510703364,0.024464831804281346,0.0061162079510703364,0.021406727828746176
0.8594594594594595,0.005405405405405406,0.010810810810810811,0.0,0.02972972972972973,0.0,0.002702702702702703,0.008108108108108109,0.016216216216216217,0.005405405405405406,0.0,0.010810810810810811,0.002702702702702703,0.024324324324324326,0.005405405405405406,0.01891891891891892
0.8734491315136477,0.0024813895781637717,0.009925558312655087,0.0,0.02977667493796526,0.0,0.0024813895781637717,0.007444168734491315,0.01240694789081886,0.004962779156327543,0.0,0.009925558312655087,0.0024813895781637717,0.022332506203473945,0.004962779156327543,0.017369727047146403
0.8820861678004536,0.0045351473922902496,0.009070294784580499,0.0,0.027210884353741496,0.0,0.0022675736961451248,0.009070294784580499,0.011337868480725623,0.0045351473922902496,0.0,0.011337868480725623,0.0022675736961451248,0.02040816326530612,0.0022675736961451248,0.013605442176870748
0.8752556237218814,0.010224948875255624,0.010224948875255624,0.002044989775051125,0.02044989775051125,0.0,0.00408997955010225,0.014314928425357873,0.0081799591002045,0.00408997955010225,0.0,0.012269938650306749,0.00408997955010225,0.02044989775051125,0.002044989775051125,0.012269938650306749
0.8754646840148699,0.007434944237918215,0.011152416356877323,0.0037174721189591076,0.020446096654275093,0.0,0.0055762081784386614,0.01486988847583643,0.0055762081784386614,0.0037174721189591076,0.0,0.011152416356877323,0.0055762081784386614,0.024163568773234202,0.0018587360594795538,0.00929368029739777
0.8782894736842105,0.004934210526315789,0.011513157894736841,0.003289473684210526,0.019736842105263157,0.0,0.008223684210526315,0.013157894736842105,0.004934210526315789,0.003289473684210526,0.0,0.006578947368421052,0.009868421052631578,0.024671052631578948,0.003289473684210526,0.008223684210526315
0.8837920489296636,0.0045871559633027525,0.00764525993883792,0.0030581039755351682,0.016819571865443424,0.0,0.009174311926605505,0.013761467889908258,0.0045871559633027525,0.0030581039755351682,0.0,0.00764525993883792,0.009174311926605505,0.02599388379204893,0.0030581039755351682,0.00764525993883792
0.8913649025069638,0.004178272980501393,0.006963788300835654,0.002785515320334262,0.013927576601671309,0.0,0.008356545961002786,0.013927576601671309,0.002785515320334262,0.005571030640668524,0.0,0.008356545961002786,0.009749303621169917,0.025069637883008356,0.004178272980501393,0.002785515320334262
0.8931788931788932,0.002574002574002574,0.006435006435006435,0.003861003861003861,0.015444015444015444,0.001287001287001287,0.006435006435006435,0.01673101673101673,0.001287001287001287,0.003861003861003861,0.001287001287001287,0.006435006435006435,0.011583011583011582,0.021879021879021878,0.005148005148005148,0.002574002574002574
0.8972286374133949,0.0023094688221709007,0.005773672055427252,0.004618937644341801,0.013856812933025405,0.0011547344110854503,0.004618937644341801,0.015011547344110854,0.0023094688221709007,0.003464203233256351,0.0023094688221709007,0.008083140877598153,0.012702078521939953,0.020785219399538105,0.004618937644341801,0.0011547344110854503
0.9048648648648648,0.002162162162162162,0.003243243243243243,0.003243243243243243,0.012972972972972972,0.002162162162162162,0.004324324324324324,0.015135135135135135,0.002162162162162162,0.004324324324324324,0.002162162162162162,0.006486486486486486,0.012972972972972972,0.01945945945945946,0.004324324324324324,0.0
0.8979591836734694,0.003061224489795918,0.003061224489795918,0.006122448979591836,0.013265306122448979,0.0020408163265306124,0.004081632653061225,0.015306122448979591,0.0020408163265306124,0.004081632653061225,0.003061224489795918,0.007142857142857143,0.014285714285714285,0.017346938775510204,0.006122448979591836,0.0010204081632653062
0.8930936613055819,0.002838221381267739,0.001892147587511826,0.006622516556291391,0.011352885525070956,0.002838221381267739,0.003784295175023652,0.013245033112582781,0.005676442762535478,0.006622516556291391,0.003784295175023652,0.007568590350047304,0.017029328287606435,0.01608325449385052,0.005676442762535478,0.001892147587511826
0.883289124668435,0.004420866489832007,0.0017683465959328027,0.010610079575596816,0.011494252873563218,0.0008841732979664014,0.0035366931918656055,0.015030946065428824,0.007073386383731211,0.007957559681697613,0.004420866489832007,0.00618921308576481,0.01768346595932803,0.01768346595932803,0.004420866489832007,0.0035366931918656055
0.8774671052631579,0.005756578947368421,0.003289473684210526,0.009046052631578948,0.011513157894736841,0.0008223684210526315,0.003289473684210526,0.015625,0.007401315789473684,0.009046052631578948,0.004111842105263158,0.004934210526315789,0.02138157894736842,0.018914473684210526,0.004111842105263158,0.003289473684210526
0.8824921135646687,0.00473186119873817,0.00473186119873817,0.007886435331230283,0.011041009463722398,0.0007886435331230284,0.0031545741324921135,0.014195583596214511,0.007886435331230283,0.006309148264984227,0.005520504731861199,0.00473186119873817,0.01971608832807571,0.018138801261829655,0.00473186119873817,0.003943217665615142
0.8796087283671934,0.005267118133935289,0.005267118133935289,0.007524454477050414,0.009781790820165538,0.0007524454477050414,0.0030097817908201654,0.013544018058690745,0.007524454477050414,0.004514672686230248,0.008276899924755455,0.005267118133935289,0.0218209179834462,0.018811136192626036,0.004514672686230248,0.004514672686230248
0.87701317715959,0.005856515373352855,0.0036603221083455345,0.008784773060029283,0.012445095168374817,0.0007320644216691069,0.005856515373352855,0.012445095168374817,0.007320644216691069,0.005856515373352855,0.008052708638360176,0.004392386530014641,0.024158125915080528,0.014641288433382138,0.0036603221083455345,0.005124450951683748
0.8800548320767649,0.0054832076764907475,0.003427004797806717,0.008910212474297465,0.011651816312542838,0.0006854009595613434,0.00616860863605209,0.009595613433858808,0.0075394105551747775,0.00616860863605209,0.00822481151473612,0.0054832076764907475,0.022618231665524333,0.01439342015078821,0.004797806716929404,0.004797806716929404
0.8790106951871658,0.0053475935828877,0.0033422459893048127,0.010026737967914439,0.012032085561497326,0.002005347593582888,0.0053475935828877,0.008021390374331552,0.007352941176470588,0.0053475935828877,0.008021390374331552,0.006016042780748663,0.02406417112299465,0.014037433155080214,0.004010695187165776,0.006016042780748663
0.8784565916398713,0.005787781350482315,0.003215434083601286,0.010932475884244373,0.01157556270096463,0.0038585209003215433,0.005144694533762058,0.005787781350482315,0.0077170418006430866,0.005787781350482315,0.00707395498392283,0.006430868167202572,0.026366559485530548,0.012861736334405145,0.0045016077170418,0.0045016077170418
0.8775137111517367,0.006093845216331505,0.002437538086532602,0.01157830591102986,0.012797074954296161,0.0042656916514320535,0.005484460694698354,0.006093845216331505,0.007921998781230956,0.007312614259597806,0.005484460694698354,0.006703229737964655,0.02681291895185862,0.009140767824497258,0.003656307129798903,0.006703229737964655
0.874113475177305,0.0065011820330969266,0.002364066193853428,0.013002364066193853,0.013002364066193853,0.005319148936170213,0.004137115839243499,0.0070921985815602835,0.008274231678486997,0.008865248226950355,0.004728132387706856,0.00591016548463357,0.026595744680851064,0.008865248226950355,0.004137115839243499,0.0070921985815602835
0.8713956170703575,0.006343713956170703,0.0034602076124567475,0.01384083044982699,0.0132641291810842,0.005190311418685121,0.0034602076124567475,0.007497116493656286,0.00922722029988466,0.00980392156862745,0.0057670126874279125,0.0057670126874279125,0.025951557093425604,0.007497116493656286,0.0034602076124567475,0.008073817762399077
0.8696629213483146,0.0056179775280898875,0.0033707865168539327,0.014606741573033709,0.01348314606741573,0.006179775280898876,0.003932584269662922,0.007303370786516854,0.008426966292134831,0.009550561797752809,0.0056179775280898875,0.006741573033707865,0.028089887640449437,0.007865168539325843,0.0033707865168539327,0.006179775280898876
0.8652291105121294,0.007008086253369272,0.0037735849056603774,0.013477088948787063,0.011859838274932614,0.00431266846361186,0.005929919137466307,0.007008086253369272,0.00862533692722372,0.009703504043126684,0.00646900269541779,0.005929919137466307,0.030727762803234502,0.009703504043126684,0.0026954177897574125,0.007547169811320755
0.8649214659685864,0.0062827225130890054,0.005759162303664921,0.014659685863874346,0.010471204188481676,0.0036649214659685864,0.0062827225130890054,0.006806282722513089,0.008900523560209424,0.010471204188481676,0.005235602094240838,0.005759162303664921,0.030366492146596858,0.009424083769633508,0.0031413612565445027,0.007853403141361256
0.8535695674830641,0.006253256904637832,0.007295466388744137,0.01771756122980719,0.010943199583116207,0.004689942678478374,0.005732152162584679,0.007816571130797291,0.008858780614903595,0.010943199583116207,0.004689942678478374,0.006774361646690985,0.03178738926524231,0.010422094841063054,0.004168837936425221,0.008337675872850442
0.8504338948443083,0.006125574272588055,0.009188361408882083,0.018376722817764167,0.011230219499744768,0.004594180704441042,0.006125574272588055,0.008677896886166412,0.009698825931597753,0.010719754977029096,0.004594180704441042,0.00816743236345074,0.030117406840224605,0.009188361408882083,0.004594180704441042,0.00816743236345074
0.8519068845963348,0.0064388311045071814,0.009410599306587419,0.01981178801386825,0.010896483407627538,0.004457652303120356,0.0064388311045071814,0.007429420505200594,0.008915304606240713,0.011391778107974244,0.004952947003467063,0.008420009905894007,0.029717682020802376,0.008915304606240713,0.004457652303120356,0.0064388311045071814
0.8482490272373541,0.005350194552529183,0.009727626459143969,0.02091439688715953,0.011186770428015564,0.00632295719844358,0.007782101167315175,0.007782101167315175,0.008268482490272374,0.013132295719844358,0.005350194552529183,0.006809338521400778,0.029669260700389104,0.008268482490272374,0.0038910505836575876,0.007295719844357977
0.8466376390904693,0.005805515239477504,0.009192065795839382,0.021286889211417512,0.009675858732462506,0.006773101112723754,0.00725689404934688,0.008708272859216255,0.00822447992259313,0.013062409288824383,0.006289308176100629,0.00822447992259313,0.029511369134010642,0.00822447992259313,0.0043541364296081275,0.006773101112723754
0.8464454976303317,0.005687203791469194,0.009478672985781991,0.023222748815165877,0.007582938388625593,0.00900473933649289,0.006635071090047393,0.00900473933649289,0.008530805687203791,0.01042654028436019,0.006161137440758294,0.00900473933649289,0.029383886255924172,0.007582938388625593,0.0042654028436018955,0.007582938388625593
0.8403203014601979,0.005652378709373528,0.009420631182289214,0.024964672633066416,0.006123410268487989,0.00800753650494583,0.006123410268487989,0.009420631182289214,0.008478568064060292,0.011304757418747056,0.005652378709373528,0.009420631182289214,0.03297220913801225,0.00706547338671691,0.004710315591144607,0.010362694300518135
0.8426443202979516,0.00558659217877095,0.00931098696461825,0.023277467411545624,0.00558659217877095,0.008845437616387336,0.00558659217877095,0.008379888268156424,0.008379888268156424,0.010242085661080074,0.006052141527001862,0.008845437616387336,0.03398510242085661,0.008379888268156424,0.005121042830540037,0.009776536312849162
0.838147638697845,0.006419073819348923,0.007336084364970197,0.02521779000458505,0.005960568546538285,0.00871160018340211,0.005502063273727648,0.01054562127464466,0.008253094910591471,0.011004126547455296,0.006419073819348923,0.009628610729023384,0.033929390187987164,0.008253094910591471,0.0050435580009170105,0.009628610729023384
0.8336388634280477,0.006416131989000917,0.006416131989000917,0.025206232813932174,0.006416131989000917,0.01008249312557287,0.005957836846929423,0.01008249312557287,0.007791017415215398,0.010999083409715857,0.005957836846929423,0.00916590284142988,0.03620531622364803,0.00916590284142988,0.005957836846929423,0.010540788267644362
0.8303774442928604,0.007276034561164165,0.0068212824010914054,0.02364711232378354,0.007730786721236926,0.010004547521600727,0.005457025920873124,0.010004547521600727,0.008640291041382447,0.010459299681673489,0.0068212824010914054,0.010004547521600727,0.03728967712596635,0.009095043201455207,0.005911778080945885,0.010459299681673489
0.8286479250334672,0.008032128514056224,0.0071396697902722,0.024542614904060688,0.008032128514056224,0.01249442213297635,0.005800981704596163,0.010263275323516287,0.008478357875948238,0.008478357875948238,0.006247211066488175,0.011155734047300312,0.036590807675145026,0.00892458723784025,0.005800981704596163,0.009370816599732263
0.8250559284116331,0.007606263982102908,0.007606263982102908,0.025503355704697986,0.008053691275167786,0.012080536912751677,0.0058165548098434005,0.01029082774049217,0.008948545861297539,0.008948545861297539,0.0058165548098434005,0.013422818791946308,0.03803131991051454,0.009843400447427294,0.004921700223713647,0.008053691275167786
0.8291167332445628,0.006657789613848202,0.007989347536617843,0.022636484687083888,0.008433200177541057,0.012427873945849977,0.005770084332001775,0.010208610741233911,0.009320905459387484,0.009320905459387484,0.004882379050155349,0.011096316023080338,0.03817132711939636,0.009320905459387484,0.005326231691078562,0.009320905459387484
0.8322177599286033,0.006247211066488175,0.006693440428380187,0.02320392681838465,0.007585899152164213,0.012048192771084338,0.005800981704596163,0.011155734047300312,0.008032128514056224,0.009370816599732263,0.0049085229808121375,0.011155734047300312,0.03748326639892905,0.009817045961624275,0.0049085229808121375,0.009370816599732263
0.8344459279038718,0.006675567423230975,0.006675567423230975,0.022251891410769914,0.0075656430796617715,0.01290609701824655,0.006675567423230975,0.010235870048954161,0.00801068090787717,0.009345794392523364,0.004895416110369382,0.009345794392523364,0.03871829105473965,0.009790832220738763,0.004450378282153983,0.00801068090787717
0.8320712694877506,0.0062360801781737195,0.0062360801781737195,0.02271714922048998,0.0071269487750556795,0.013808463251670379,0.008017817371937639,0.009354120267260579,0.0075723830734966595,0.009799554565701559,0.004454342984409799,0.010244988864142539,0.03964365256124722,0.010244988864142539,0.004899777282850779,0.0075723830734966595
0.8276016078606521,0.006699419383653417,0.006699419383653417,0.025457793657882984,0.007146047342563644,0.01563197856185797,0.008932559178204555,0.007592675301473872,0.006699419383653417,0.008932559178204555,0.00401965163019205,0.009379187137114784,0.042876284055381866,0.009379187137114784,0.0044662795891022775,0.008485931219294328
0.8257003112494442,0.007114273010226767,0.007114273010226767,0.026233881725211204,0.00755891507336594,0.015562472209871054,0.008892841262783458,0.00755891507336594,0.006224988883948421,0.01067140951534015,0.0035571365051133837,0.009337483325922631,0.04090706980880391,0.011116051578479324,0.004001778568252557,0.008448199199644287
0.821203953279425,0.0071877807726864335,0.006738544474393531,0.025606469002695417,0.008535489667565139,0.014375561545372867,0.009433962264150943,0.0071877807726864335,0.005840071877807727,0.011230907457322551,0.0035938903863432167,0.011230907457322551,0.043575920934411504,0.009883198562443846,0.004492362982929021,0.009883198562443846
0.8208955223880597,0.006584723441615452,0.007023705004389816,0.0276558384547849,0.008340649692712906,0.014486391571553995,0.009218612818261633,0.006584723441615452,0.006584723441615452,0.011852502194907815,0.0030728709394205445,0.01141352063213345,0.043898156277436345,0.00877963125548727,0.004828797190517998,0.00877963125548727
0.8193891102257637,0.00796812749003984,0.007082779991146525,0.0283311199645861,0.00796812749003984,0.013280212483399735,0.007525453740593183,0.005754758742806552,0.007082779991146525,0.011509517485613104,0.003098716246126605,0.01239486498450642,0.04780876494023904,0.007082779991146525,0.00398406374501992,0.009738822487826471
0.8203883495145631,0.0088261253309797,0.007502206531332745,0.02559576345984113,0.008384819064430714,0.011032656663724626,0.00794351279788173,0.006619593998234775,0.00706090026478376,0.011032656663724626,0.00353045013239188,0.012797881729920565,0.04942630185348632,0.00617828773168579,0.00353045013239188,0.010150044130626656
0.821301247771836,0.00980392156862745,0.008467023172905526,0.024955436720142603,0.007575757575757576,0.009358288770053475,0.008467023172905526,0.008467023172905526,0.0071301247771836,0.010249554367201427,0.0031194295900178253,0.012477718360071301,0.049910873440285206,0.0053475935828877,0.0035650623885918,0.00980392156862745
0.8161732213875387,0.009279717189571365,0.009721608484312859,0.029164825452938577,0.007512152010605391,0.008837825894829872,0.007512152010605391,0.008837825894829872,0.007070260715863898,0.011489173663278833,0.003535130357931949,0.0136986301369863,0.04993371630578878,0.0057445868316394165,0.003535130357931949,0.007954043305346884
0.8227960819234195,0.008014247551202136,0.009795191451469279,0.02626892252894034,0.007569011576135352,0.008014247551202136,0.007569011576135352,0.009349955476402494,0.006678539626001781,0.013357079252003561,0.003561887800534283,0.013802315227070348,0.04719501335707925,0.00578806767586821,0.004007123775601068,0.006233303650934996
0.8305160142348754,0.006227758007117438,0.008896797153024912,0.02491103202846975,0.00800711743772242,0.007562277580071174,0.005782918149466192,0.008896797153024912,0.0071174377224199285,0.012900355871886121,0.00400355871886121,0.013790035587188613,0.04359430604982206,0.0066725978647686835,0.0035587188612099642,0.007562277580071174
0.8292574477545576,0.005780346820809248,0.009337483325922631,0.026233881725211204,0.008003557136505114,0.008448199199644287,0.006224988883948421,0.008892841262783458,0.005780346820809248,0.012449977767896843,0.005780346820809248,0.013339261894175189,0.04224099599822143,0.005780346820809248,0.0035571365051133837,0.008892841262783458
0.822310405643739,0.006613756613756613,0.009259259259259259,0.02821869488536155,0.007054673721340388,0.00837742504409171,0.006172839506172839,0.009700176366843033,0.005731922398589065,0.012345679012345678,0.005731922398589065,0.013227513227513227,0.04497354497354497,0.007495590828924162,0.003968253968253968,0.008818342151675485
0.8172185430463577,0.006181015452538631,0.008830022075055188,0.02781456953642384,0.008388520971302429,0.008830022075055188,0.00706401766004415,0.011037527593818985,0.00706401766004415,0.012362030905077263,0.005739514348785872,0.012803532008830023,0.045474613686534215,0.008388520971302429,0.003973509933774834,0.008830022075055188
0.8127507802050825,0.006687472135532769,0.008916629514043692,0.026749888542131076,0.00980829246544806,0.008470798038341507,0.006241640659830584,0.012483281319661168,0.006687472135532769,0.013374944271065538,0.006241640659830584,0.012929112795363353,0.043691484618814086,0.009362460989745877,0.004012483281319661,0.0115916183682568
0.8100706713780919,0.0066254416961130744,0.008392226148409895,0.02561837455830389,0.010159010600706713,0.008392226148409895,0.005742049469964664,0.012367491166077738,0.008392226148409895,0.012367491166077738,0.006183745583038869,0.014134275618374558,0.04196113074204947,0.01060070671378092,0.00441696113074205,0.014575971731448763
0.8037383177570093,0.008455718736092568,0.00801068090787717,0.0267022696929239,0.011125945705384957,0.008455718736092568,0.006675567423230975,0.012016021361815754,0.009790832220738763,0.012461059190031152,0.0053404539385847796,0.01335113484646195,0.04361370716510903,0.010680907877169559,0.0053404539385847796,0.014241210502892745
0.801693404634581,0.007575757575757576,0.008467023172905526,0.025846702317290554,0.00980392156862745,0.008021390374331552,0.007575757575757576,0.0106951871657754,0.00980392156862745,0.012032085561497326,0.007575757575757576,0.016042780748663103,0.044563279857397504,0.008467023172905526,0.006238859180035651,0.015597147950089126
0.8084821428571428,0.008035714285714285,0.008035714285714285,0.026339285714285714,0.010267857142857143,0.007142857142857143,0.006696428571428571,0.011160714285714286,0.009821428571428571,0.0125,0.007142857142857143,0.015625,0.04285714285714286,0.006696428571428571,0.005803571428571429,0.013392857142857142
0.8023978685612788,0.009325044404973356,0.007548845470692718,0.02708703374777975,0.009325044404973356,0.008436944937833037,0.007104795737122558,0.009325044404973356,0.009769094138543518,0.012433392539964476,0.006216696269982238,0.014653641207815276,0.04884547069271759,0.007548845470692718,0.005772646536412078,0.014209591474245116
0.8008869179600887,0.009312638580931265,0.007095343680709534,0.026607538802660754,0.007982261640798226,0.010643015521064302,0.008425720620842573,0.008869179600886918,0.010199556541019957,0.012860310421286032,0.006208425720620843,0.015964523281596452,0.048337028824833705,0.00753880266075388,0.006208425720620843,0.012860310421286032
0.7969588550983899,0.010286225402504472,0.006261180679785331,0.02996422182468694,0.007155635062611807,0.009838998211091235,0.008050089445438283,0.00849731663685152,0.010286225402504472,0.013864042933810376,0.005813953488372093,0.01520572450805009,0.04964221824686941,0.007602862254025045,0.006261180679785331,0.014311270125223614
0.7908930150309461,0.010610079575596816,0.005747126436781609,0.034482758620689655,0.007073386383731211,0.011052166224580018,0.008841732979664015,0.008399646330680813,0.008841732979664015,0.014146772767462422,0.005305039787798408,0.016357206012378427,0.05128205128205128,0.007957559681697613,0.00618921308576481,0.01282051282051282
0.7914055505819159,0.011190689346463742,0.005819158460161146,0.03581020590868397,0.007162041181736795,0.010743061772605193,0.008504923903312443,0.008504923903312443,0.008057296329453895,0.01432408236347359,0.006266786034019696,0.01566696508504924,0.049686660698299016,0.007609668755595345,0.006714413607878245,0.012533572068039392
0.7891699955614736,0.012427873945849977,0.004882379050155349,0.03550821127385708,0.006657789613848202,0.01154016866400355,0.008433200177541057,0.010652463382157125,0.009320905459387484,0.015534842432312472,0.005770084332001775,0.015090989791389259,0.048823790501553485,0.006213936972924989,0.007101642254771416,0.01287172658677319
0.7945632798573975,0.012032085561497326,0.004456327985739751,0.034759358288770054,0.0066844919786096255,0.011586452762923352,0.008467023172905526,0.011140819964349376,0.008912655971479501,0.015597147950089126,0.004901960784313725,0.013368983957219251,0.04857397504456328,0.0066844919786096255,0.0053475935828877,0.012923351158645277
0.7945084145261293,0.013286093888396812,0.005314437555358724,0.03631532329495128,0.0070859167404783,0.010628875110717449,0.00841452612931798,0.00974313551815766,0.00841452612931798,0.017271922054915855,0.00487156775907883,0.014614703277236492,0.045172719220549155,0.005314437555358724,0.005314437555358724,0.013728963684676704
0.7931646693297825,0.01154016866400355,0.004438526409232135,0.033732800710164226,0.007545494895694629,0.011984021304926764,0.008433200177541057,0.011096316023080338,0.007989347536617843,0.016866400355082113,0.005326231691078562,0.015978695073235686,0.04704837993786063,0.0039946737683089215,0.004882379050155349,0.015978695073235686
0.7921964050854888,0.00920648838228847,0.004822446295484437,0.03551074090311267,0.007452871547566856,0.0131521262604121,0.008768084173608066,0.009644892590968873,0.008329679964927663,0.016659359929855327,0.005699254712845244,0.014905743095133712,0.04690925032880316,0.00526085050416484,0.004822446295484437,0.016659359929855327
0.7966252220248667,0.008880994671403197,0.004440497335701598,0.03507992895204263,0.008436944937833037,0.011989342806394316,0.008436944937833037,0.008436944937833037,0.009769094138543518,0.014209591474245116,0.005772646536412078,0.013321492007104795,0.047513321492007106,0.0053285968028419185,0.004440497335701598,0.017317939609236235
0.7984084880636605,0.008841732979664015,0.005747126436781609,0.034924845269672856,0.007957559681697613,0.011052166224580018,0.009725906277630416,0.008399646330680813,0.009283819628647215,0.013704686118479222,0.00618921308576481,0.011052166224580018,0.048187444739168875,0.00618921308576481,0.003978779840848806,0.016357206012378427
0.7944593386952636,0.0071492403932082215,0.006255585344057194,0.03708668453976765,0.00938337801608579,0.01161751563896336,0.010277033065236819,0.00804289544235925,0.00938337801608579,0.012064343163538873,0.007596067917783735,0.011170688114387846,0.04691689008042895,0.0071492403932082215,0.004021447721179625,0.01742627345844504
0.7877984084880637,0.007073386383731211,0.00618921308576481,0.038903625110521665,0.008841732979664015,0.01282051282051282,0.011936339522546418,0.008841732979664015,0.008399646330680813,0.010610079575596816,0.008841732979664015,0.01237842617152962,0.04907161803713528,0.007073386383731211,0.004420866489832007,0.016799292661361626
0.7926720285969616,0.0071492403932082215,0.00580875781948168,0.03708668453976765,0.00804289544235925,0.012957998212689902,0.013404825737265416,0.008936550491510277,0.008936550491510277,0.010277033065236819,0.007596067917783735,0.01161751563896336,0.04825737265415549,0.00804289544235925,0.004915102770330653,0.014298480786416443
0.7871591908531222,0.007475813544415127,0.007475813544415127,0.03605980650835532,0.0079155672823219,0.014072119613016711,0.012313104661389622,0.008355321020228672,0.007475813544415127,0.012752858399296393,0.008355321020228672,0.011873350923482849,0.05013192612137203,0.008355321020228672,0.005716798592788039,0.014511873350923483
0.7892635314995563,0.006654835847382431,0.00709849157054126,0.0385980479148181,0.00709849157054126,0.014640638864241348,0.011535048802129548,0.008873114463176575,0.007985803016858917,0.012422360248447204,0.008873114463176575,0.011091393078970719,0.04791481810115351,0.009316770186335404,0.005767524401064774,0.012866015971606033
0.8000890471950134,0.006233303650934996,0.007123775601068566,0.0365093499554764,0.007569011576135352,0.012911843276936777,0.009349955476402494,0.008014247551202136,0.008014247551202136,0.01157613535173642,0.008014247551202136,0.012021371326803205,0.04674977738201247,0.008459483526268923,0.005342831700801425,0.012021371326803205
0.7937140327578575,0.006640106241699867,0.007082779991146525,0.034528552456839307,0.008853474988933156,0.011066843736166445,0.009738822487826471,0.00796812749003984,0.00796812749003984,0.01018149623727313,0.009738822487826471,0.013280212483399735,0.05444887118193891,0.00796812749003984,0.005754758742806552,0.011066843736166445
0.7906153165117309,0.007525453740593183,0.007525453740593183,0.03408587870739265,0.008410801239486499,0.011509517485613104,0.009296148738379814,0.009738822487826471,0.007525453740593183,0.01018149623727313,0.009296148738379814,0.012837538733953076,0.057104913678618856,0.006640106241699867,0.006640106241699867,0.011066843736166445
0.7871396895787139,0.008869179600886918,0.008869179600886918,0.037694013303769404,0.008425720620842573,0.011529933481152993,0.008869179600886918,0.009312638580931265,0.007095343680709534,0.011086474501108648,0.010199556541019957,0.013303769401330377,0.05232815964523282,0.0066518847006651885,0.00753880266075388,0.011086474501108648
0.7749110320284698,0.008896797153024912,0.010676156583629894,0.03692170818505338,0.008896797153024912,0.012455516014234875,0.00800711743772242,0.010676156583629894,0.00800711743772242,0.01112099644128114,0.012455516014234875,0.013790035587188613,0.05604982206405694,0.007562277580071174,0.0071174377224199285,0.012455516014234875
0.7776304155614501,0.008399646330680813,0.010610079575596816,0.038461538461538464,0.008841732979664015,0.01237842617152962,0.007957559681697613,0.011052166224580018,0.008841732979664015,0.010167992926613616,0.01237842617152962,0.01282051282051282,0.05570291777188329,0.007957559681697613,0.005747126436781609,0.011052166224580018
0.7751322751322751,0.00837742504409171,0.009259259259259259,0.04144620811287478,0.009259259259259259,0.011904761904761904,0.007054673721340388,0.012345679012345678,0.009700176366843033,0.010141093474426807,0.012786596119929453,0.013227513227513227,0.05555555555555555,0.007495590828924162,0.0048500881834215165,0.01146384479717813
0.775635407537248,0.007449605609114811,0.007449605609114811,0.042068361086765996,0.008326029798422436,0.011831726555652936,0.0056967572304995615,0.013146362839614373,0.010517090271691499,0.011831726555652936,0.012708150744960562,0.014022787028921999,0.05696757230499562,0.007011393514460999,0.004820333041191937,0.010517090271691499
0.7719220549158547,0.008857395925597875,0.00841452612931798,0.03941541186891054,0.00974313551815766,0.012843224092116917,0.005314437555358724,0.013728963684676704,0.00974313551815766,0.011514614703277236,0.011514614703277236,0.014614703277236492,0.058015943312666074,0.007528786536758193,0.005757307351638618,0.011071744906997343
0.7710093374833259,0.008448199199644287,0.008448199199644287,0.039573143619386394,0.008003557136505114,0.013783903957314362,0.005335704757670075,0.014228546020453535,0.009337483325922631,0.012449977767896843,0.011560693641618497,0.015562472209871054,0.05824811027123166,0.006224988883948421,0.005780346820809248,0.01200533570475767
0.7665178571428571,0.008928571428571428,0.008928571428571428,0.04285714285714286,0.009375,0.013839285714285714,0.005357142857142857,0.014732142857142857,0.008482142857142856,0.011160714285714286,0.012053571428571429,0.015178571428571428,0.05758928571428571,0.005803571428571429,0.005357142857142857,0.013839285714285714
0.766459074733096,0.009786476868327402,0.008451957295373666,0.03870106761565836,0.009341637010676156,0.014234875444839857,0.004448398576512456,0.016459074733096084,0.008896797153024912,0.010231316725978648,0.012455516014234875,0.014679715302491103,0.060498220640569395,0.0071174377224199285,0.004448398576512456,0.013790035587188613
0.7690602836879432,0.009308510638297872,0.008865248226950355,0.03945035460992908,0.007978723404255319,0.014184397163120567,0.003989361702127659,0.016843971631205674,0.008421985815602837,0.011081560283687944,0.011081560283687944,0.012411347517730497,0.060726950354609927,0.009308510638297872,0.004432624113475178,0.012854609929078014
0.7666370896184561,0.009316770186335404,0.008429458740017746,0.04259094942324756,0.009316770186335404,0.01419698314108252,0.0044365572315882874,0.01685891748003549,0.008429458740017746,0.01064773735581189,0.009316770186335404,0.013753327417923691,0.05944986690328305,0.008429458740017746,0.005767524401064774,0.012422360248447204
0.7620949844651576,0.00887705281846427,0.008433200177541057,0.044829116733244564,0.010208610741233911,0.013759431868619618,0.004882379050155349,0.015534842432312472,0.009764758100310697,0.011096316023080338,0.009320905459387484,0.013759431868619618,0.06125166444740346,0.007989347536617843,0.005326231691078562,0.01287172658677319
0.7662971175166298,0.008425720620842573,0.00975609756097561,0.04434589800443459,0.010643015521064302,0.014190687361419069,0.004434589800443459,0.015521064301552107,0.007982261640798226,0.011086474501108648,0.009312638580931265,0.013303769401330377,0.05853658536585366,0.007982261640798226,0.005321507760532151,0.012860310421286032
0.7732558139534884,0.008050089445438283,0.00849731663685152,0.04427549194991055,0.010286225402504472,0.013864042933810376,0.005813953488372093,0.013864042933810376,0.007155635062611807,0.01073345259391771,0.009391771019677997,0.011627906976744186,0.059033989266547404,0.008944543828264758,0.004472271914132379,0.01073345259391771
0.7744092732946946,0.007579135086937138,0.008470798038341507,0.0463664734730272,0.008916629514043692,0.012929112795363353,0.0057958091841284,0.013820775746767721,0.007133303611234953,0.00980829246544806,0.009362460989745877,0.0115916183682568,0.057958091841284,0.00980829246544806,0.004458314757021846,0.0115916183682568
0.7758164165931156,0.00794351279788173,0.006619593998234775,0.045454545454545456,0.007502206531332745,0.01323918799646955,0.00529567519858782,0.01500441306266549,0.007502206531332745,0.009708737864077669,0.009267431597528684,0.01147396293027361,0.05736981465136805,0.009708737864077669,0.003971756398940865,0.01412180052956752
0.7689243027888446,0.009738822487826471,0.007525453740593183,0.04869411243913236,0.007082779991146525,0.012837538733953076,0.005312084993359893,0.014608233731739707,0.007525453740593183,0.011066843736166445,0.011066843736166445,0.01239486498450642,0.054006197432492256,0.011066843736166445,0.00398406374501992,0.01416555998229305
0.7701612903225806,0.009408602150537635,0.006720430107526882,0.0492831541218638,0.008960573476702509,0.011648745519713262,0.004480286738351254,0.016129032258064516,0.006720430107526882,0.012544802867383513,0.00985663082437276,0.012096774193548387,0.05197132616487455,0.011648745519713262,0.0035842293906810036,0.01478494623655914
0.7699866011612327,0.010719071013845467,0.005806163465832961,0.04689593568557392,0.01027244305493524,0.010719071013845467,0.005806163465832961,0.01652523447967843,0.006699419383653417,0.013398838767306834,0.008485931219294328,0.01205895489057615,0.05448861098704779,0.00982581509602501,0.00401965163019205,0.014292094685127288
0.7701505757307352,0.010186005314437556,0.005757307351638618,0.05004428697962799,0.010628875110717449,0.011957484499557131,0.005314437555358724,0.015943312666076175,0.005314437555358724,0.014614703277236492,0.00841452612931798,0.011514614703277236,0.054030115146147036,0.009300265721877768,0.003100088573959256,0.013728963684676704
0.7628865979381443,0.00941281936351412,0.007171671896010758,0.052891080233079334,0.00941281936351412,0.01344688480502017,0.004930524428507396,0.014791573285522188,0.0044822949350067235,0.014791573285522188,0.008516360376512775,0.012998655311519497,0.05647691618108472,0.00941281936351412,0.002689376961004034,0.015688032272523533
0.7582708425231584,0.009704455227172474,0.0070577856197618,0.05205116894574327,0.010145566828407587,0.013233348037053375,0.005734450816056462,0.015438906043228937,0.003970004411116012,0.0141155712395236,0.00882223202470225,0.011910013233348038,0.06043228936921041,0.009704455227172474,0.0035288928098809,0.015880017644464048
