C_R,C_A,C_S,C_N,D_R,D_A,D_S,D_N,Oc_R,Oc_A,Oc_S,Oc_N,Od_R,Od_A,Od_S,Od_N
0.0,1.0,0.0,0.0,0.0,0.0,0.0,0.0,0.0,0.0,0.0,0.0,0.0,0.0,0.0,0.0
0.5,0.5,0.0,0.0,0.0,0.0,0.0,0.0,0.0,0.0,0.0,0.0,0.0,0.0,0.0,0.0
0.25,0.25,0.0,0.0,0.0,0.0,0.0,0.0,0.5,0.0,0.0,0.0,0.0,0.0,0.0,0.0
0.16666666666666666,0.16666666666666666,0.0,0.0,0.0,0.3333333333333333,0.0,0.0,0.3333333333333333,0.0,0.0,0.0,0.0,0.0,0.0,0.0
0.14285714285714285,0.14285714285714285,0.0,0.0,0.0,0.42857142857142855,0.0,0.0,0.2857142857142857,0.0,0.0,0.0,0.0,0.0,0.0,0.0
0.2,0.2,0.0,0.0,0.0,0.3,0.0,0.0,0.3,0.0,0.0,0.0,0.0,0.0,0.0,0.0
0.25,0.16666666666666666,0.0,0.0,0.0,0.3333333333333333,0.0,0.0,0.25,0.0,0.0,0.0,0.0,0.0,0.0,0.0
0.2857142857142857,0.14285714285714285,0.0,0.0,0.0,0.35714285714285715,0.0,0.0,0.21428571428571427,0.0,0.0,0.0,0.0,0.0,0.0,0.0
0.4166666666666667,0.0,0.0,0.0,0.0,0.3333333333333333,0.0,0.0,0.25,0.0,0.0,0.0,0.0,0.0,0.0,0.0
0.4666666666666667,0.0,0.0,0.0,0.0,0.26666666666666666,0.0,0.0,0.2,0.0,0.0,0.0,0.0,0.0,0.06666666666666667,0.0
0.47058823529411764,0.058823529411764705,0.0,0.0,0.0,0.23529411764705882,0.0,0.0,0.17647058823529413,0.0,0.0,0.0,0.0,0.0,0.058823529411764705,0.0
0.4444444444444444,0.05555555555555555,0.0,0.0,0.0,0.2222222222222222,0.0,0.0,0.1111111111111111,0.0,0.05555555555555555,0.0,0.0,0.0,0.1111111111111111,0.0
0.42857142857142855,0.047619047619047616,0.0,0.0,0.0,0.19047619047619047,0.0,0.0,0.09523809523809523,0.0,0.09523809523809523,0.0,0.0,0.0,0.14285714285714285,0.0
0.42105263157894735,0.05263157894736842,0.0,0.0,0.0,0.21052631578947367,0.0,0.05263157894736842,0.10526315789473684,0.0,0.05263157894736842,0.0,0.0,0.0,0.10526315789473684,0.0
0.42857142857142855,0.047619047619047616,0.0,0.0,0.0,0.14285714285714285,0.0,0.09523809523809523,0.047619047619047616,0.0,0.047619047619047616,0.0,0.0,0.0,0.14285714285714285,0.047619047619047616
0.43478260869565216,0.043478260869565216,0.0,0.0,0.0,0.13043478260869565,0.0,0.08695652173913043,0.043478260869565216,0.0,0.08695652173913043,0.0,0.0,0.0,0.13043478260869565,0.043478260869565216
0.4230769230769231,0.038461538461538464,0.0,0.0,0.0,0.15384615384615385,0.0,0.07692307692307693,0.038461538461538464,0.0,0.07692307692307693,0.0,0.0,0.0,0.11538461538461539,0.07692307692307693
0.5625,0.03125,0.03125,0.0,0.0,0.09375,0.0,0.0625,0.03125,0.0,0.0625,0.0,0.0,0.0,0.0625,0.0625
0.5384615384615384,0.05128205128205128,0.02564102564102564,0.0,0.0,0.07692307692307693,0.0,0.10256410256410256,0.02564102564102564,0.0,0.05128205128205128,0.0,0.0,0.0,0.05128205128205128,0.07692307692307693
0.5869565217391305,0.021739130434782608,0.021739130434782608,0.0,0.0,0.08695652173913043,0.0,0.08695652173913043,0.021739130434782608,0.0,0.043478260869565216,0.0,0.0,0.0,0.06521739130434782,0.06521739130434782
0.6346153846153846,0.019230769230769232,0.0,0.0,0.0,0.07692307692307693,0.038461538461538464,0.057692307692307696,0.019230769230769232,0.0,0.038461538461538464,0.0,0.0,0.0,0.057692307692307696,0.057692307692307696
0.6721311475409836,0.01639344262295082,0.0,0.0,0.0,0.06557377049180328,0.03278688524590164,0.04918032786885246,0.01639344262295082,0.0,0.04918032786885246,0.0,0.0,0.0,0.04918032786885246,0.04918032786885246
0.704225352112676,0.014084507042253521,0.0,0.0,0.0,0.056338028169014086,0.028169014084507043,0.056338028169014086,0.014084507042253521,0.0,0.04225352112676056,0.0,0.0,0.0,0.04225352112676056,0.04225352112676056
0.6888888888888889,0.011111111111111112,0.0,0.0,0.0,0.05555555555555555,0.022222222222222223,0.06666666666666667,0.011111111111111112,0.022222222222222223,0.03333333333333333,0.0,0.0,0.0,0.05555555555555555,0.03333333333333333
0.7087378640776699,0.009708737864077669,0.0,0.0,0.0,0.05825242718446602,0.019417475728155338,0.04854368932038835,0.009708737864077669,0.019417475728155338,0.038834951456310676,0.0,0.0,0.0,0.038834951456310676,0.04854368932038835
0.7192982456140351,0.008771929824561403,0.0,0.0,0.0,0.05263157894736842,0.017543859649122806,0.03508771929824561,0.017543859649122806,0.017543859649122806,0.043859649122807015,0.0,0.017543859649122806,0.0,0.03508771929824561,0.03508771929824561
0.751937984496124,0.007751937984496124,0.0,0.0,0.0,0.031007751937984496,0.015503875968992248,0.023255813953488372,0.015503875968992248,0.015503875968992248,0.046511627906976744,0.0,0.023255813953488372,0.0,0.03875968992248062,0.031007751937984496
0.8014184397163121,0.0,0.0,0.0,0.0,0.03546099290780142,0.014184397163120567,0.02127659574468085,0.0070921985815602835,0.014184397163120567,0.04964539007092199,0.0,0.028368794326241134,0.0,0.02127659574468085,0.0070921985815602835
0.8027210884353742,0.006802721088435374,0.0,0.0,0.0,0.02040816326530612,0.02040816326530612,0.02040816326530612,0.006802721088435374,0.02040816326530612,0.05442176870748299,0.0,0.027210884353741496,0.0,0.013605442176870748,0.006802721088435374
0.8083832335329342,0.011976047904191617,0.0,0.0,0.005988023952095809,0.017964071856287425,0.017964071856287425,0.023952095808383235,0.005988023952095809,0.017964071856287425,0.023952095808383235,0.0,0.04790419161676647,0.0,0.011976047904191617,0.005988023952095809
0.8031088082901554,0.010362694300518135,0.0,0.0,0.0051813471502590676,0.025906735751295335,0.015544041450777202,0.031088082901554404,0.0051813471502590676,0.015544041450777202,0.015544041450777202,0.0,0.05181347150259067,0.0,0.010362694300518135,0.010362694300518135
0.8028846153846154,0.009615384615384616,0.0,0.0,0.004807692307692308,0.02403846153846154,0.014423076923076924,0.02403846153846154,0.004807692307692308,0.014423076923076924,0.014423076923076924,0.004807692307692308,0.057692307692307696,0.0,0.009615384615384616,0.014423076923076924
0.8018018018018018,0.009009009009009009,0.0,0.0045045045045045045,0.0045045045045045045,0.018018018018018018,0.009009009009009009,0.02252252252252252,0.0045045045045045045,0.009009009009009009,0.018018018018018018,0.009009009009009009,0.06756756756756757,0.0,0.009009009009009009,0.013513513513513514
0.7894736842105263,0.012145748987854251,0.0,0.008097165991902834,0.004048582995951417,0.016194331983805668,0.008097165991902834,0.016194331983805668,0.008097165991902834,0.012145748987854251,0.016194331983805668,0.012145748987854251,0.07692307692307693,0.0,0.008097165991902834,0.012145748987854251
0.8028673835125448,0.007168458781362007,0.0,0.010752688172043012,0.007168458781362007,0.014336917562724014,0.007168458781362007,0.017921146953405017,0.007168458781362007,0.014336917562724014,0.014336917562724014,0.010752688172043012,0.07168458781362007,0.0,0.007168458781362007,0.007168458781362007
0.7917981072555205,0.006309148264984227,0.0,0.015772870662460567,0.0031545741324921135,0.012618296529968454,0.006309148264984227,0.01892744479495268,0.0031545741324921135,0.012618296529968454,0.012618296529968454,0.00946372239747634,0.08517350157728706,0.0,0.006309148264984227,0.015772870662460567
0.7909090909090909,0.00909090909090909,0.0,0.015151515151515152,0.0,0.012121212121212121,0.006060606060606061,0.021212121212121213,0.0030303030303030303,0.006060606060606061,0.012121212121212121,0.012121212121212121,0.08787878787878788,0.0,0.006060606060606061,0.01818181818181818
0.8045325779036827,0.0084985835694051,0.0,0.014164305949008499,0.0,0.0113314447592068,0.0056657223796034,0.019830028328611898,0.0,0.0056657223796034,0.0084985835694051,0.0084985835694051,0.09631728045325778,0.0,0.0028328611898017,0.014164305949008499
0.8102564102564103,0.007692307692307693,0.0,0.01282051282051282,0.0,0.010256410256410256,0.007692307692307693,0.017948717948717947,0.0,0.002564102564102564,0.007692307692307693,0.010256410256410256,0.09743589743589744,0.0,0.005128205128205128,0.010256410256410256
0.8090692124105012,0.00477326968973747,0.0,0.014319809069212411,0.0,0.00954653937947494,0.007159904534606206,0.016706443914081145,0.0,0.00477326968973747,0.00477326968973747,0.00954653937947494,0.10739856801909307,0.0,0.00477326968973747,0.007159904534606206
0.7982062780269058,0.006726457399103139,0.0,0.02914798206278027,0.0,0.008968609865470852,0.006726457399103139,0.011210762331838564,0.0,0.002242152466367713,0.008968609865470852,0.008968609865470852,0.10762331838565023,0.0,0.004484304932735426,0.006726457399103139
0.782258064516129,0.008064516129032258,0.0,0.03225806451612903,0.0,0.010080645161290322,0.008064516129032258,0.012096774193548387,0.0,0.0020161290322580645,0.010080645161290322,0.012096774193548387,0.11491935483870967,0.0,0.004032258064516129,0.004032258064516129
0.7715355805243446,0.0056179775280898875,0.0018726591760299626,0.03932584269662921,0.0,0.009363295880149813,0.00749063670411985,0.011235955056179775,0.0018726591760299626,0.0018726591760299626,0.00749063670411985,0.016853932584269662,0.11797752808988764,0.0,0.003745318352059925,0.003745318352059925
0.7577854671280276,0.005190311418685121,0.0017301038062283738,0.04325259515570934,0.0,0.0034602076124567475,0.00865051903114187,0.012110726643598616,0.0017301038062283738,0.005190311418685121,0.006920415224913495,0.015570934256055362,0.12975778546712802,0.0,0.005190311418685121,0.0034602076124567475
0.7446457990115322,0.0016474464579901153,0.0032948929159802307,0.044481054365733116,0.0032948929159802307,0.0032948929159802307,0.006589785831960461,0.014827018121911038,0.0016474464579901153,0.004942339373970346,0.006589785831960461,0.014827018121911038,0.1416803953871499,0.0,0.004942339373970346,0.0032948929159802307
0.7358778625954199,0.0015267175572519084,0.0030534351145038168,0.0549618320610687,0.004580152671755725,0.0030534351145038168,0.007633587786259542,0.012213740458015267,0.0015267175572519084,0.0030534351145038168,0.0061068702290076335,0.015267175572519083,0.14198473282442747,0.0015267175572519084,0.004580152671755725,0.0030534351145038168
0.7377963737796374,0.002789400278940028,0.002789400278940028,0.05439330543933055,0.005578800557880056,0.002789400278940028,0.005578800557880056,0.009762900976290097,0.002789400278940028,0.005578800557880056,0.005578800557880056,0.011157601115760111,0.14086471408647142,0.002789400278940028,0.005578800557880056,0.0041841004184100415
0.7365038560411311,0.002570694087403599,0.002570694087403599,0.061696658097686374,0.005141388174807198,0.002570694087403599,0.005141388174807198,0.011568123393316195,0.002570694087403599,0.005141388174807198,0.0038560411311053984,0.010282776349614395,0.13881748071979436,0.0038560411311053984,0.005141388174807198,0.002570694087403599
0.7278250303766707,0.002430133657351154,0.002430133657351154,0.06682867557715674,0.007290400972053463,0.0036452004860267314,0.006075334143377886,0.012150668286755772,0.002430133657351154,0.0036452004860267314,0.002430133657351154,0.00850546780072904,0.1445929526123937,0.0036452004860267314,0.004860267314702308,0.001215066828675577
0.7219003476245655,0.002317497103128621,0.0034762456546929316,0.0660486674391657,0.009269988412514484,0.0034762456546929316,0.005793742757821553,0.010428736964078795,0.0034762456546929316,0.004634994206257242,0.002317497103128621,0.005793742757821553,0.15063731170336037,0.0034762456546929316,0.004634994206257242,0.002317497103128621
0.70620239390642,0.004352557127312296,0.003264417845484222,0.06855277475516866,0.008705114254624592,0.006528835690968444,0.004352557127312296,0.013057671381936888,0.004352557127312296,0.004352557127312296,0.001088139281828074,0.008705114254624592,0.15669205658324264,0.003264417845484222,0.004352557127312296,0.002176278563656148
0.6933198380566802,0.004048582995951417,0.003036437246963563,0.07591093117408906,0.008097165991902834,0.008097165991902834,0.004048582995951417,0.011133603238866396,0.006072874493927126,0.005060728744939271,0.0010121457489878543,0.009109311740890687,0.15991902834008098,0.003036437246963563,0.006072874493927126,0.0020242914979757085
0.6802721088435374,0.0058309037900874635,0.003887269193391642,0.08357628765792031,0.009718172983479106,0.008746355685131196,0.003887269193391642,0.010689990281827016,0.004859086491739553,0.0058309037900874635,0.0009718172983479105,0.006802721088435374,0.16326530612244897,0.0029154518950437317,0.0058309037900874635,0.0029154518950437317
0.6779359430604982,0.0026690391459074734,0.005338078291814947,0.08362989323843416,0.009786476868327402,0.00800711743772242,0.004448398576512456,0.009786476868327402,0.005338078291814947,0.005338078291814947,0.0017793594306049821,0.008896797153024912,0.16370106761565836,0.0026690391459074734,0.006227758007117438,0.004448398576512456
0.6755593803786575,0.0034423407917383822,0.00774526678141136,0.08864027538726334,0.00774526678141136,0.008605851979345954,0.0025817555938037868,0.00774526678141136,0.0051635111876075735,0.0051635111876075735,0.0017211703958691911,0.008605851979345954,0.16265060240963855,0.0025817555938037868,0.00774526678141136,0.004302925989672977
0.6771263418662262,0.0033030553261767133,0.007431874483897605,0.08587943848059455,0.007431874483897605,0.009083402146985962,0.0033030553261767133,0.00495458298926507,0.005780346820809248,0.002477291494632535,0.002477291494632535,0.008257638315441783,0.16680429397192403,0.0033030553261767133,0.007431874483897605,0.00495458298926507
0.6693037974683544,0.006329113924050633,0.007911392405063292,0.08781645569620253,0.007120253164556962,0.007911392405063292,0.004746835443037975,0.004746835443037975,0.004746835443037975,0.0031645569620253164,0.0015822784810126582,0.007120253164556962,0.17009493670886075,0.0031645569620253164,0.00870253164556962,0.005537974683544304
0.6764264264264265,0.006756756756756757,0.008258258258258258,0.09009009009009009,0.006006006006006006,0.006756756756756757,0.0045045045045045045,0.005255255255255256,0.003003003003003003,0.0037537537537537537,0.0007507507507507507,0.0075075075075075074,0.16216216216216217,0.0037537537537537537,0.009009009009009009,0.006006006006006006
0.6666666666666666,0.00641025641025641,0.007834757834757835,0.09472934472934473,0.00641025641025641,0.007122507122507123,0.005698005698005698,0.005698005698005698,0.0035612535612535613,0.004985754985754986,0.0007122507122507123,0.00641025641025641,0.16524216524216523,0.004273504273504274,0.009971509971509971,0.004273504273504274
0.6662116040955631,0.007508532423208191,0.008873720136518772,0.0962457337883959,0.00477815699658703,0.007508532423208191,0.0061433447098976105,0.00477815699658703,0.004095563139931741,0.0061433447098976105,0.0027303754266211604,0.006825938566552901,0.16109215017064846,0.00477815699658703,0.007508532423208191,0.00477815699658703
0.6627140974967062,0.007246376811594203,0.009881422924901186,0.1067193675889328,0.003952569169960474,0.006587615283267457,0.007246376811594203,0.00461133069828722,0.003952569169960474,0.005270092226613966,0.002635046113306983,0.005270092226613966,0.15876152832674573,0.003952569169960474,0.007246376811594203,0.003952569169960474
0.6566604127579737,0.006253908692933083,0.009380863039399626,0.10881801125703565,0.0050031269543464665,0.005628517823639775,0.006253908692933083,0.0075046904315197,0.00375234521575985,0.0050031269543464665,0.001876172607879925,0.0050031269543464665,0.1651031894934334,0.0050031269543464665,0.005628517823639775,0.0031269543464665416
0.6458459672528806,0.004851425106124924,0.011522134627046696,0.11522134627046694,0.004244996967859308,0.006064281382656155,0.004851425106124924,0.0072771376591873865,0.0036385688295936932,0.0036385688295936932,0.0030321406913280777,0.005457853244390539,0.16919345057610674,0.006064281382656155,0.006064281382656155,0.0030321406913280777
0.638840579710145,0.00463768115942029,0.011014492753623189,0.12115942028985507,0.00463768115942029,0.005797101449275362,0.006376811594202898,0.008115942028985508,0.004057971014492754,0.004057971014492754,0.002318840579710145,0.0052173913043478265,0.16695652173913045,0.006376811594202898,0.006956521739130435,0.0034782608695652175
0.6324446965399887,0.0045377197958026095,0.011344299489506523,0.12648893930799773,0.003403289846851957,0.005672149744753261,0.006239364719228588,0.009642654566080544,0.003403289846851957,0.0045377197958026095,0.003403289846851957,0.0045377197958026095,0.16676120249574589,0.006806579693703914,0.005672149744753261,0.005104934770277935
0.6183628318584071,0.00497787610619469,0.00995575221238938,0.13440265486725664,0.0027654867256637168,0.006084070796460177,0.007743362831858407,0.00995575221238938,0.00331858407079646,0.00497787610619469,0.00331858407079646,0.004424778761061947,0.17035398230088494,0.00663716814159292,0.007190265486725664,0.0055309734513274336
0.6114718614718615,0.00487012987012987,0.008116883116883116,0.13906926406926406,0.003787878787878788,0.007034632034632035,0.007034632034632035,0.0091991341991342,0.005411255411255411,0.00487012987012987,0.003787878787878788,0.0027056277056277055,0.1737012987012987,0.006493506493506494,0.007575757575757576,0.00487012987012987
0.6114315679077085,0.004195070791819612,0.007865757734661772,0.1457787100157315,0.0036706869428421605,0.0057682223387519665,0.007865757734661772,0.008390141583639224,0.005243838489774515,0.0068169900367068695,0.004195070791819612,0.002097535395909806,0.16780283167278448,0.006292606187729418,0.0068169900367068695,0.0057682223387519665
0.595213319458897,0.004682622268470343,0.008324661810613945,0.15920915712799166,0.004682622268470343,0.005202913631633715,0.007804370447450572,0.007804370447450572,0.005723204994797087,0.005723204994797087,0.0036420395421436005,0.002081165452653486,0.17013527575442247,0.007284079084287201,0.006763787721123829,0.005723204994797087
0.5926299848561333,0.004543160020191822,0.008581524482584554,0.1580010095911156,0.005552751135790005,0.006057546693589096,0.005552751135790005,0.008581524482584554,0.006562342251388188,0.008581524482584554,0.004038364462392731,0.0035335689045936395,0.1696113074204947,0.006057546693589096,0.006562342251388188,0.005552751135790005
0.5959142999501744,0.004982561036372696,0.006975585450921774,0.16093672147483806,0.004484304932735426,0.005979073243647235,0.0064773293472845045,0.007972097658196313,0.005979073243647235,0.008470353761833582,0.003986048829098156,0.003487792725460887,0.16741405082212257,0.0064773293472845045,0.0064773293472845045,0.003986048829098156
0.5851851851851851,0.005432098765432099,0.005925925925925926,0.17135802469135802,0.0044444444444444444,0.005925925925925926,0.005432098765432099,0.007407407407407408,0.005432098765432099,0.007407407407407408,0.0049382716049382715,0.0034567901234567903,0.1688888888888889,0.007901234567901235,0.006913580246913581,0.003950617283950617
0.580283064909712,0.00634455832113226,0.005368472425573451,0.17227916056612982,0.005368472425573451,0.006832601268911664,0.005368472425573451,0.007320644216691069,0.005856515373352855,0.007320644216691069,0.004392386530014641,0.003904343582235237,0.1703269887750122,0.008784773060029283,0.006832601268911664,0.003416300634455832
0.5748474894415767,0.006100422336931018,0.005161895823557016,0.17691224777099954,0.005631159080244017,0.006100422336931018,0.005161895823557016,0.008446738620366025,0.0070389488503050214,0.007508212106992022,0.004223369310183012,0.0028155795401220087,0.1694040356640075,0.011262318160488035,0.005631159080244017,0.003754106053496011
0.5716972261401034,0.0061118946873530795,0.004231311706629055,0.17959567465914433,0.005641748942172073,0.007992477668077104,0.0061118946873530795,0.007052186177715092,0.0061118946873530795,0.006582040432534086,0.0037611659614480487,0.0028208744710860366,0.16972261401034322,0.011753643629525154,0.007522331922896097,0.003291020216267043
0.5749884633133364,0.005999077065066913,0.0036917397323488694,0.17997231195200739,0.0055376095985233045,0.008306414397784956,0.006460544531610522,0.006460544531610522,0.005999077065066913,0.006460544531610522,0.004153207198892478,0.0018458698661744347,0.16658975542224272,0.011075219197046609,0.009690816797415782,0.0027688047992616522
0.5736253494874185,0.0060577819198508855,0.005125815470643057,0.18080149114631874,0.006989748369058714,0.0097856477166822,0.006989748369058714,0.0060577819198508855,0.006989748369058714,0.007455731593662628,0.004193849021435228,0.001863932898415657,0.16123019571295433,0.011649580615097856,0.007921714818266543,0.0032618825722274
0.567143516382095,0.007383479464697739,0.0055376095985233045,0.17951084448546378,0.007383479464697739,0.010613751730503,0.00692201199815413,0.006460544531610522,0.005999077065066913,0.006460544531610522,0.0046146746654360865,0.0018458698661744347,0.16612828795569912,0.011998154130133826,0.007844946931241348,0.004153207198892478
0.562037037037037,0.008333333333333333,0.005092592592592593,0.1837962962962963,0.008796296296296297,0.010648148148148148,0.006481481481481481,0.0060185185185185185,0.004166666666666667,0.006944444444444444,0.004166666666666667,0.001388888888888889,0.1675925925925926,0.011574074074074073,0.00787037037037037,0.005092592592592593
0.5660550458715596,0.00963302752293578,0.0045871559633027525,0.181651376146789,0.00963302752293578,0.00963302752293578,0.006422018348623854,0.006422018348623854,0.003669724770642202,0.007339449541284404,0.004128440366972477,0.0022935779816513763,0.16422018348623854,0.011009174311926606,0.008256880733944955,0.005045871559633028
0.5712988192552225,0.009990917347865577,0.004995458673932788,0.18301544050862853,0.009082652134423252,0.009082652134423252,0.005903723887375113,0.006357856494096276,0.0036330608537693005,0.00862851952770209,0.004995458673932788,0.002270663033605813,0.1589464123524069,0.00862851952770209,0.009082652134423252,0.004087193460490463
0.5688032272523532,0.009861048857014791,0.005378753922008068,0.18691169878978037,0.008516360376512775,0.00941281936351412,0.005378753922008068,0.007171671896010758,0.0031376064545047063,0.008516360376512775,0.0044822949350067235,0.001344688480502017,0.15867324069923802,0.008068130883012102,0.008964589870013447,0.005378753922008068
0.5666368515205724,0.010286225402504472,0.005813953488372093,0.18649373881932022,0.007155635062611807,0.008944543828264758,0.005366726296958855,0.00849731663685152,0.0031305903398926656,0.008050089445438283,0.004025044722719142,0.0013416815742397137,0.16234347048300538,0.007602862254025045,0.008944543828264758,0.005366726296958855
0.5686800894854586,0.008948545861297539,0.006711409395973154,0.18568232662192394,0.006711409395973154,0.008948545861297539,0.004921700223713647,0.008501118568232663,0.003131991051454139,0.007606263982102908,0.005369127516778523,0.0017897091722595079,0.16062639821029082,0.007606263982102908,0.008948545861297539,0.0058165548098434005
0.5645088275237664,0.009053870529651425,0.006337709370755998,0.1878678134902671,0.006337709370755998,0.009053870529651425,0.004979628791308284,0.007695789950203712,0.0036215482118605704,0.008148483476686284,0.005885015844273427,0.001358080579447714,0.16070620190131282,0.008148483476686284,0.009959257582616569,0.006337709370755998
0.563882618510158,0.008577878103837472,0.006320541760722348,0.18600451467268622,0.007223476297968397,0.009029345372460496,0.005417607223476298,0.007674943566591422,0.004063205417607223,0.007674943566591422,0.006320541760722348,0.0018058690744920992,0.16027088036117382,0.007674943566591422,0.010835214446952596,0.007223476297968397
0.5659192825112107,0.008520179372197309,0.005829596412556054,0.18565022421524663,0.006278026905829596,0.008520179372197309,0.005829596412556054,0.008520179372197309,0.003587443946188341,0.009417040358744395,0.005829596412556054,0.002242152466367713,0.1600896860986547,0.006726457399103139,0.009417040358744395,0.007623318385650224
0.5655080213903744,0.008467023172905526,0.006238859180035651,0.1836007130124777,0.006238859180035651,0.008467023172905526,0.0071301247771836,0.008467023172905526,0.0035650623885918,0.010249554367201427,0.0053475935828877,0.0022281639928698753,0.16176470588235295,0.0066844919786096255,0.009358288770053475,0.0066844919786096255
0.5630327501121579,0.009421265141318977,0.006729475100942127,0.1848362494392104,0.006280843427545985,0.008075370121130552,0.008972633467922835,0.008075370121130552,0.00493494840735756,0.008972633467922835,0.00493494840735756,0.0022431583669807087,0.16240466576940332,0.007178106774338268,0.008524001794526694,0.005383580080753701
0.5666368515205724,0.008944543828264758,0.005366726296958855,0.1771019677996422,0.006261180679785331,0.007602862254025045,0.009391771019677997,0.008050089445438283,0.004919499105545617,0.008944543828264758,0.004919499105545617,0.0035778175313059034,0.167262969588551,0.006261180679785331,0.008944543828264758,0.005813953488372093
0.5625835189309577,0.009354120267260579,0.005345211581291759,0.18351893095768373,0.0066815144766146995,0.0071269487750556795,0.010244988864142539,0.0071269487750556795,0.004899777282850779,0.008908685968819599,0.0035634743875278397,0.0035634743875278397,0.16614699331848554,0.0062360801781737195,0.008908685968819599,0.005790645879732739
0.5611738148984199,0.009029345372460496,0.006320541760722348,0.18419864559819413,0.007223476297968397,0.008577878103837472,0.01038374717832957,0.007223476297968397,0.005869074492099322,0.009932279909706547,0.004514672686230248,0.0036117381489841984,0.16252821670428894,0.005869074492099322,0.007674943566591422,0.005869074492099322
0.5635029802842733,0.009170105456212746,0.0068775790921595595,0.1792755616689592,0.007336084364970197,0.00871160018340211,0.011004126547455296,0.007794589637780834,0.005960568546538285,0.008253094910591471,0.0050435580009170105,0.0036680421824850985,0.16414488766620816,0.0050435580009170105,0.008253094910591471,0.005960568546538285
0.5601092896174863,0.007741347905282332,0.006830601092896175,0.17987249544626593,0.007741347905282332,0.009107468123861567,0.010018214936247723,0.007285974499089253,0.00546448087431694,0.008652094717668488,0.004553734061930784,0.0036429872495446266,0.16939890710382513,0.005009107468123861,0.00819672131147541,0.006375227686703097
0.5705882352941176,0.008144796380090498,0.0058823529411764705,0.17782805429864254,0.008144796380090498,0.008597285067873304,0.009502262443438913,0.006787330316742082,0.004977375565610859,0.00904977375565611,0.004524886877828055,0.004524886877828055,0.1597285067873303,0.0058823529411764705,0.00904977375565611,0.006787330316742082
0.568100358422939,0.008960573476702509,0.005824372759856631,0.1760752688172043,0.0076164874551971325,0.0062724014336917565,0.009408602150537635,0.006720430107526882,0.005824372759856631,0.008512544802867384,0.00492831541218638,0.00492831541218638,0.16263440860215053,0.0076164874551971325,0.008512544802867384,0.008064516129032258
0.5713008493518105,0.008940545373267769,0.00581135449262405,0.1743406347787215,0.007599463567277604,0.006258381761287439,0.008493518104604381,0.007152436298614216,0.006258381761287439,0.008940545373267769,0.005364327223960662,0.005364327223960662,0.16137684398748323,0.006258381761287439,0.008046490835940992,0.008493518104604381
0.5619686800894854,0.009843400447427294,0.005369127516778523,0.17583892617449665,0.0071588366890380315,0.0071588366890380315,0.008053691275167786,0.007606263982102908,0.0071588366890380315,0.009395973154362415,0.0044742729306487695,0.004921700223713647,0.16554809843400448,0.007606263982102908,0.008501118568232663,0.009395973154362415
0.5640561339972838,0.01041195110909914,0.005432322317790856,0.17564508827523767,0.007243096423721141,0.006337709370755998,0.008148483476686284,0.007695789950203712,0.006790402897238569,0.008601177003168854,0.005432322317790856,0.005432322317790856,0.1625169760072431,0.008601177003168854,0.007695789950203712,0.009959257582616569
0.5548617305976806,0.009812667261373774,0.006244424620874219,0.1743978590544157,0.007136485280999108,0.006244424620874219,0.008920606601248885,0.007136485280999108,0.008028545941123996,0.007582515611061552,0.006690454950936664,0.0053523639607493305,0.17172167707404104,0.008028545941123996,0.008028545941123996,0.009812667261373774
0.5552092609082814,0.008904719501335707,0.006233303650934996,0.17809439002671415,0.006233303650934996,0.00578806767586821,0.007123775601068566,0.006678539626001781,0.007123775601068566,0.008459483526268923,0.007123775601068566,0.006678539626001781,0.1705253784505788,0.008459483526268923,0.007123775601068566,0.010240427426536063
0.5519713261648745,0.010304659498207885,0.005824372759856631,0.17697132616487454,0.0062724014336917565,0.0062724014336917565,0.008064516129032258,0.008960573476702509,0.007168458781362007,0.008512544802867384,0.0062724014336917565,0.0076164874551971325,0.1693548387096774,0.0076164874551971325,0.007168458781362007,0.011648745519713262
0.5503173164097914,0.009972801450589302,0.008612873980054397,0.17180417044424298,0.006346328195829556,0.007252946509519492,0.0077062556663644605,0.008612873980054397,0.008159564823209429,0.009066183136899365,0.005439709882139619,0.009066183136899365,0.17089755213055305,0.008159564823209429,0.006799637352674524,0.011786038077969175
0.5415342714480255,0.011348161597821153,0.008170676350431231,0.17158420335905583,0.006808896958692692,0.006808896958692692,0.008170676350431231,0.006354970494779845,0.008624602814344077,0.008624602814344077,0.006808896958692692,0.01044030866999546,0.17793917385383567,0.008624602814344077,0.006354970494779845,0.011802088061733999
0.5421195652173914,0.010869565217391304,0.006340579710144928,0.1721014492753623,0.006793478260869565,0.006340579710144928,0.007699275362318841,0.007699275362318841,0.009057971014492754,0.009057971014492754,0.007246376811594203,0.010416666666666666,0.17798913043478262,0.008605072463768116,0.00588768115942029,0.01177536231884058
0.5475543478260869,0.009963768115942028,0.007699275362318841,0.16847826086956522,0.006793478260869565,0.006793478260869565,0.007246376811594203,0.008605072463768116,0.008152173913043478,0.009057971014492754,0.007699275362318841,0.009510869565217392,0.17481884057971014,0.009057971014492754,0.007246376811594203,0.011322463768115942
0.5529891304347826,0.009510869565217392,0.009963768115942028,0.17617753623188406,0.00588768115942029,0.00588768115942029,0.007699275362318841,0.007699275362318841,0.008605072463768116,0.008152173913043478,0.006793478260869565,0.008152173913043478,0.1671195652173913,0.008605072463768116,0.006340579710144928,0.010416666666666666
0.5497953615279673,0.009549795361527967,0.010004547521600727,0.17053206002728513,0.005911778080945885,0.006366530241018645,0.0068212824010914054,0.008185538881309686,0.007730786721236926,0.008185538881309686,0.0068212824010914054,0.007730786721236926,0.17598908594815826,0.007730786721236926,0.007276034561164165,0.011368804001819008
0.5518634934889987,0.008082622361921869,0.009878760664571173,0.1710821733273462,0.006286484059272564,0.007184553210597216,0.006286484059272564,0.008531656937584195,0.007633587786259542,0.007633587786259542,0.006286484059272564,0.008082622361921869,0.17332734620565785,0.007184553210597216,0.008082622361921869,0.012572968118545127
0.5512415349887133,0.006772009029345372,0.009480812641083521,0.17336343115124153,0.006320541760722348,0.007223476297968397,0.005417607223476298,0.007223476297968397,0.008577878103837472,0.007674943566591422,0.006320541760722348,0.008126410835214447,0.17516930022573363,0.006772009029345372,0.008126410835214447,0.01218961625282167
0.5450470640968176,0.007171671896010758,0.008516360376512775,0.17570596145226355,0.00761990138951143,0.006723442402510085,0.006723442402510085,0.008068130883012102,0.008068130883012102,0.00761990138951143,0.0062752129090094125,0.008068130883012102,0.1797400268937696,0.0062752129090094125,0.007171671896010758,0.011205737337516808
0.5429079590929302,0.00755891507336594,0.007114273010226767,0.17785682525566918,0.008003557136505114,0.007114273010226767,0.006224988883948421,0.00755891507336594,0.009337483325922631,0.008003557136505114,0.005780346820809248,0.008892841262783458,0.18052467763450422,0.005335704757670075,0.006669630947087594,0.011116051578479324
0.5432263814616756,0.0066844919786096255,0.006238859180035651,0.17290552584670232,0.00980392156862745,0.0066844919786096255,0.0066844919786096255,0.0071301247771836,0.010249554367201427,0.0071301247771836,0.005793226381461676,0.008912655971479501,0.18226381461675578,0.0071301247771836,0.0066844919786096255,0.012477718360071301
0.5367483296213809,0.0075723830734966595,0.0066815144766146995,0.16748329621380847,0.009799554565701559,0.008463251670378619,0.005790645879732739,0.0071269487750556795,0.008908685968819599,0.008463251670378619,0.0071269487750556795,0.008463251670378619,0.1888641425389755,0.008017817371937639,0.0071269487750556795,0.013363028953229399
0.5400447427293065,0.0071588366890380315,0.006263982102908278,0.16554809843400448,0.008501118568232663,0.010738255033557046,0.006711409395973154,0.007606263982102908,0.008948545861297539,0.008948545861297539,0.0071588366890380315,0.009395973154362415,0.18568232662192394,0.008948545861297539,0.006711409395973154,0.011633109619686801
0.542896050839764,0.006808896958692692,0.006354970494779845,0.16613708579210168,0.007716749886518384,0.010894235133908307,0.006354970494779845,0.007716749886518384,0.009078529278256923,0.009986382206082615,0.006808896958692692,0.011348161597821153,0.1820245120290513,0.009532455742169769,0.005901044030866999,0.01044030866999546
0.5358592692828146,0.006765899864682003,0.007216959855660803,0.17365809652683806,0.006765899864682003,0.010374379792512404,0.005412719891745603,0.008570139828597204,0.009472259810554804,0.010374379792512404,0.008570139828597204,0.010825439783491205,0.18042399639152007,0.010374379792512404,0.005863779882724403,0.009472259810554804
0.5286363636363637,0.006818181818181818,0.007727272727272728,0.17227272727272727,0.006363636363636364,0.010454545454545454,0.005909090909090909,0.008636363636363636,0.008181818181818182,0.01,0.008181818181818182,0.011818181818181818,0.18863636363636363,0.01,0.006363636363636364,0.01
0.5292529252925292,0.0072007200720072,0.00765076507650765,0.16786678667866786,0.0072007200720072,0.012151215121512151,0.0058505850585058505,0.008550855085508551,0.009000900090009001,0.011251125112511251,0.008550855085508551,0.010801080108010801,0.18721872187218722,0.010801080108010801,0.0063006300630063005,0.010351035103510351
0.5330932012606934,0.007203962179198559,0.008554705087798289,0.16434038721296712,0.007203962179198559,0.013057181449797388,0.00675371454299865,0.008554705087798289,0.00810445745159838,0.012156686177397569,0.00810445745159838,0.00945520036019811,0.18865375956776226,0.009004952723998198,0.005402971634398919,0.010355695632597929
0.5338413267593007,0.007171671896010758,0.007171671896010758,0.16629314208874943,0.006723442402510085,0.011205737337516808,0.0062752129090094125,0.008516360376512775,0.008068130883012102,0.012550425818018825,0.008516360376512775,0.008964589870013447,0.18915284625728374,0.009861048857014791,0.0044822949350067235,0.011205737337516808
0.5340550293188994,0.007216959855660803,0.008119079837618403,0.16734325665313488,0.006765899864682003,0.011276499774470004,0.005863779882724403,0.008570139828597204,0.008570139828597204,0.014433919711321606,0.007668019846639603,0.009923319801533603,0.18538565629228687,0.009923319801533603,0.0045105999097880016,0.010374379792512404
0.5365193868349865,0.006762849413886384,0.009467989179440937,0.1659152389540126,0.005410279531109108,0.012623985572587917,0.005861136158701533,0.009017132551848512,0.008566275924256087,0.011722272317403066,0.008115419296663661,0.01127141568981064,0.18575293056807934,0.009467989179440937,0.004959422903516681,0.008566275924256087
0.5316052751250568,0.007276034561164165,0.008640291041382447,0.16916780354706684,0.005457025920873124,0.013642564802182811,0.0050022737608003635,0.007730786721236926,0.009095043201455207,0.01182355616189177,0.007730786721236926,0.010914051841746248,0.1882673942701228,0.010004547521600727,0.005457025920873124,0.008185538881309686
0.5280289330922242,0.007233273056057866,0.009041591320072333,0.16500904159132007,0.004972875226039783,0.015370705244122965,0.004972875226039783,0.009041591320072333,0.009041591320072333,0.011301989150090416,0.0076853526220614825,0.011301989150090416,0.19349005424954793,0.011301989150090416,0.0045207956600361665,0.0076853526220614825
0.5290671473636773,0.007210455159981974,0.00946372239747634,0.16178458765209555,0.004957187922487607,0.014871563767462822,0.004506534474988734,0.00811176205497972,0.00946372239747634,0.01216764308246958,0.0076611086074808476,0.010815682739972961,0.19378098242451555,0.011266336187471835,0.004957187922487607,0.009914375844975214
0.5219159511974695,0.0072300045187528245,0.009489380930863081,0.16448260280162674,0.00587437867148667,0.014460009037505649,0.00587437867148667,0.0072300045187528245,0.010393131495707185,0.012200632625395391,0.00858563036601898,0.01174875734297334,0.1974694984184365,0.010393131495707185,0.004518752824220515,0.008133755083596927
0.5151789759855007,0.009062075215224286,0.010874490258269144,0.16266425011327593,0.0058903488898957865,0.01359311282283643,0.007249660172179429,0.007702763932940644,0.0095151789759855,0.012686905301314002,0.008608971454463071,0.013140009062075216,0.20027186225645674,0.0095151789759855,0.0040779338468509285,0.009968282736746714
0.5172727272727272,0.008181818181818182,0.01,0.1618181818181818,0.006818181818181818,0.011363636363636364,0.006363636363636364,0.007727272727272728,0.01090909090909091,0.013636363636363636,0.010454545454545454,0.013636363636363636,0.19954545454545455,0.010454545454545454,0.0036363636363636364,0.008181818181818182
0.5189816882536846,0.0080393032603841,0.009379187137114784,0.16123269316659222,0.005359535506922733,0.011612326931665922,0.005359535506922733,0.008485931219294328,0.010719071013845467,0.012952210808396605,0.01027244305493524,0.013398838767306834,0.2009825815096025,0.0080393032603841,0.004912907548012505,0.01027244305493524
0.5208613728129206,0.007178106774338268,0.009421265141318977,0.1601615074024226,0.005832211754149843,0.011664423508299685,0.00493494840735756,0.008972633467922835,0.011215791834903545,0.01256168685509197,0.010767160161507403,0.014356213548676536,0.19694930462090623,0.008075370121130552,0.005383580080753701,0.011664423508299685
0.5226449275362319,0.008605072463768116,0.009510869565217392,0.1598731884057971,0.00588768115942029,0.011322463768115942,0.004981884057971014,0.009510869565217392,0.010416666666666666,0.012681159420289856,0.009510869565217392,0.014039855072463768,0.19384057971014493,0.008605072463768116,0.005434782608695652,0.013134057971014492
0.5227479526842584,0.008644222020018199,0.009099181073703366,0.16560509554140126,0.005004549590536852,0.009554140127388535,0.006369426751592357,0.00818926296633303,0.01091901728844404,0.011373976342129208,0.010009099181073703,0.014103730664240218,0.1924476797088262,0.007279344858962694,0.005914467697907188,0.012738853503184714
0.5192483959670028,0.007791017415215398,0.01008249312557287,0.15948670944087992,0.005499541704857928,0.009624197983501375,0.007332722273143905,0.008249312557286892,0.011915673693858845,0.01008249312557287,0.010999083409715857,0.01466544454628781,0.19844179651695693,0.008249312557286892,0.005499541704857928,0.012832263978001834
0.5128205128205128,0.008241758241758242,0.01098901098901099,0.15979853479853479,0.005952380952380952,0.010073260073260074,0.008241758241758242,0.0086996336996337,0.010531135531135532,0.010073260073260074,0.010531135531135532,0.014652014652014652,0.2032967032967033,0.006868131868131868,0.005494505494505495,0.013736263736263736
0.5103510351035103,0.00765076507650765,0.010801080108010801,0.162016201620162,0.0067506750675067504,0.010351035103510351,0.010351035103510351,0.010351035103510351,0.010801080108010801,0.009900990099009901,0.010351035103510351,0.013501350135013501,0.20432043204320433,0.0054005400540054005,0.0054005400540054005,0.011701170117011701
0.5116591928251121,0.007174887892376682,0.011210762331838564,0.1618834080717489,0.008071748878923767,0.009417040358744395,0.009417040358744395,0.010762331838565023,0.010762331838565023,0.008968609865470852,0.008968609865470852,0.013004484304932735,0.20493273542600896,0.006278026905829596,0.0053811659192825115,0.01210762331838565
