C_R,C_A,C_S,C_N,D_R,D_A,D_S,D_N,Oc_R,Oc_A,Oc_S,Oc_N,Od_R,Od_A,Od_S,Od_N
0.0,0.0,1.0,0.0,0.0,0.0,0.0,0.0,0.0,0.0,0.0,0.0,0.0,0.0,0.0,0.0
0.0,0.0,0.5,0.0,0.0,0.0,0.0,0.0,0.0,0.0,0.0,0.0,0.5,0.0,0.0,0.0
0.0,0.0,0.25,0.0,0.0,0.0,0.0,0.0,0.0,0.0,0.0,0.0,0.25,0.5,0.0,0.0
0.0,0.0,0.3333333333333333,0.0,0.3333333333333333,0.0,0.0,0.0,0.0,0.0,0.0,0.0,0.16666666666666666,0.16666666666666666,0.0,0.0
0.0,0.0,0.14285714285714285,0.0,0.2857142857142857,0.0,0.0,0.0,0.0,0.0,0.0,0.14285714285714285,0.2857142857142857,0.14285714285714285,0.0,0.0
0.0,0.0,0.18181818181818182,0.18181818181818182,0.18181818181818182,0.0,0.0,0.0,0.0,0.0,0.0,0.09090909090909091,0.18181818181818182,0.18181818181818182,0.0,0.0
0.0,0.0,0.07142857142857142,0.14285714285714285,0.14285714285714285,0.0,0.0,0.0,0.0,0.0,0.0,0.07142857142857142,0.35714285714285715,0.21428571428571427,0.0,0.0
0.0,0.0,0.0,0.15,0.1,0.0,0.0,0.0,0.0,0.0,0.0,0.1,0.4,0.25,0.0,0.0
0.0,0.0,0.0,0.19230769230769232,0.07692307692307693,0.0,0.0,0.0,0.0,0.0,0.038461538461538464,0.038461538461538464,0.4230769230769231,0.19230769230769232,0.0,0.038461538461538464
0.0,0.0,0.0,0.20588235294117646,0.08823529411764706,0.0,0.0,0.0,0.0,0.0,0.029411764705882353,0.029411764705882353,0.38235294117647056,0.23529411764705882,0.0,0.029411764705882353
0.04,0.0,0.0,0.22,0.1,0.0,0.0,0.02,0.0,0.0,0.02,0.04,0.36,0.16,0.0,0.04
0.045454545454545456,0.0,0.0,0.21212121212121213,0.045454545454545456,0.0,0.0,0.015151515151515152,0.0,0.0,0.015151515151515152,0.045454545454545456,0.3939393939393939,0.19696969696969696,0.0,0.030303030303030304
0.04040404040404041,0.0,0.0,0.23232323232323232,0.030303030303030304,0.0,0.0,0.010101010101010102,0.0,0.0,0.010101010101010102,0.050505050505050504,0.42424242424242425,0.18181818181818182,0.0,0.020202020202020204
0.03875968992248062,0.007751937984496124,0.0,0.24806201550387597,0.023255813953488372,0.0,0.0,0.007751937984496124,0.0,0.0,0.007751937984496124,0.03875968992248062,0.4496124031007752,0.15503875968992248,0.0,0.023255813953488372
0.055900621118012424,0.006211180124223602,0.0,0.2608695652173913,0.024844720496894408,0.006211180124223602,0.0,0.006211180124223602,0.0,0.0,0.006211180124223602,0.018633540372670808,0.4472049689440994,0.14285714285714285,0.0,0.024844720496894408
0.07142857142857142,0.00510204081632653,0.0,0.25,0.02040816326530612,0.00510204081632653,0.0,0.00510204081632653,0.0,0.0,0.01020408163265306,0.015306122448979591,0.45918367346938777,0.12755102040816327,0.00510204081632653,0.025510204081632654
0.08225108225108226,0.004329004329004329,0.0,0.22943722943722944,0.012987012987012988,0.012987012987012988,0.0,0.004329004329004329,0.0,0.0,0.012987012987012988,0.012987012987012988,0.4588744588744589,0.12987012987012986,0.008658008658008658,0.030303030303030304
0.06296296296296296,0.003703703703703704,0.0,0.2518518518518518,0.011111111111111112,0.007407407407407408,0.007407407407407408,0.003703703703703704,0.0,0.0,0.011111111111111112,0.018518518518518517,0.4740740740740741,0.1111111111111111,0.003703703703703704,0.03333333333333333
0.06875,0.003125,0.003125,0.2625,0.0125,0.00625,0.009375,0.003125,0.0,0.0,0.0125,0.025,0.45,0.103125,0.003125,0.0375
0.07008086253369272,0.0026954177897574125,0.0026954177897574125,0.2641509433962264,0.01078167115902965,0.0026954177897574125,0.008086253369272238,0.0026954177897574125,0.0026954177897574125,0.0,0.01078167115902965,0.0215633423180593,0.4636118598382749,0.10242587601078167,0.0,0.03504043126684636
0.07801418439716312,0.01182033096926714,0.002364066193853428,0.2647754137115839,0.009456264775413711,0.002364066193853428,0.009456264775413711,0.002364066193853428,0.002364066193853428,0.004728132387706856,0.0070921985815602835,0.02127659574468085,0.4515366430260047,0.1016548463356974,0.0,0.030732860520094562
0.07851239669421488,0.014462809917355372,0.002066115702479339,0.26859504132231404,0.010330578512396695,0.002066115702479339,0.008264462809917356,0.002066115702479339,0.006198347107438017,0.004132231404958678,0.012396694214876033,0.022727272727272728,0.44421487603305787,0.08884297520661157,0.0,0.03512396694214876
0.08458646616541353,0.013157894736842105,0.0037593984962406013,0.26127819548872183,0.007518796992481203,0.0018796992481203006,0.007518796992481203,0.0018796992481203006,0.009398496240601503,0.005639097744360902,0.011278195488721804,0.02819548872180451,0.4548872180451128,0.07706766917293233,0.0,0.03195488721804511
0.09390444810543658,0.011532125205930808,0.0032948929159802307,0.2685337726523888,0.006589785831960461,0.0016474464579901153,0.004942339373970346,0.0016474464579901153,0.008237232289950576,0.008237232289950576,0.009884678747940691,0.026359143327841845,0.4612850082372323,0.07084019769357495,0.0,0.023064250411861616
0.10487444608567208,0.0103397341211226,0.0029542097488921715,0.2717872968980798,0.007385524372230428,0.005908419497784343,0.007385524372230428,0.0014771048744460858,0.008862629246676515,0.008862629246676515,0.008862629246676515,0.025110782865583457,0.4519940915805022,0.06351550960118169,0.0,0.0206794682422452
0.1194225721784777,0.011811023622047244,0.0,0.2532808398950131,0.005249343832020997,0.003937007874015748,0.010498687664041995,0.003937007874015748,0.006561679790026247,0.011811023622047244,0.005249343832020997,0.027559055118110236,0.452755905511811,0.06692913385826772,0.0,0.02099737532808399
0.13099415204678364,0.014035087719298246,0.0,0.24678362573099416,0.005847953216374269,0.0035087719298245615,0.010526315789473684,0.005847953216374269,0.005847953216374269,0.011695906432748537,0.004678362573099415,0.025730994152046785,0.45263157894736844,0.06198830409356725,0.0,0.019883040935672516
0.14545454545454545,0.014973262032085561,0.0,0.23422459893048128,0.009625668449197862,0.0042780748663101605,0.008556149732620321,0.0053475935828877,0.0053475935828877,0.012834224598930482,0.0042780748663101605,0.02459893048128342,0.44171122994652406,0.06737967914438503,0.0021390374331550803,0.019251336898395723
0.14688715953307394,0.013618677042801557,0.0019455252918287938,0.23638132295719844,0.008754863813229572,0.0048638132295719845,0.007782101167315175,0.007782101167315175,0.006809338521400778,0.010700389105058366,0.0038910505836575876,0.024319066147859923,0.4357976653696498,0.06809338521400778,0.0019455252918287938,0.020428015564202335
0.15030946065428824,0.015030946065428824,0.002652519893899204,0.23253757736516356,0.007957559681697613,0.005305039787798408,0.008841732979664015,0.007073386383731211,0.005305039787798408,0.01237842617152962,0.00618921308576481,0.026525198938992044,0.4358974358974359,0.0627763041556145,0.002652519893899204,0.01856763925729443
0.15213815789473684,0.014802631578947368,0.0024671052631578946,0.2294407894736842,0.009868421052631578,0.005756578947368421,0.007401315789473684,0.007401315789473684,0.003289473684210526,0.012335526315789474,0.006578947368421052,0.02631578947368421,0.43667763157894735,0.06332236842105263,0.004934210526315789,0.017269736842105265
0.16289592760180996,0.015082956259426848,0.0022624434389140274,0.2149321266968326,0.007541478129713424,0.006033182503770739,0.006787330316742082,0.007541478129713424,0.004524886877828055,0.012066365007541479,0.006033182503770739,0.026395173453996983,0.4434389140271493,0.06259426847662142,0.0030165912518853697,0.01885369532428356
0.1678224687933426,0.017337031900138695,0.0048543689320388345,0.21428571428571427,0.0062413314840499305,0.0062413314840499305,0.0062413314840499305,0.006934812760055479,0.004160887656033287,0.011789181692094313,0.005547850208044383,0.02288488210818308,0.44382801664355065,0.06171983356449376,0.0034674063800277394,0.016643550624133148
0.1780909673286355,0.014734144778987828,0.003843689942344651,0.21460602178090968,0.007046764894298526,0.0064061499039077515,0.005765534913516977,0.0064061499039077515,0.003843689942344651,0.012812299807815503,0.005765534913516977,0.02242152466367713,0.44202434336963486,0.05637411915438821,0.0032030749519538757,0.016655989750160152
0.17604355716878403,0.014519056261343012,0.003629764065335753,0.21415607985480944,0.008469449485783424,0.007259528130671506,0.004839685420447671,0.006654567453115548,0.004234724742891712,0.011494252873563218,0.004839685420447671,0.022988505747126436,0.44343617664851787,0.056261343012704176,0.004234724742891712,0.01693889897156685
0.17697107203630175,0.01588201928530913,0.003970504821327283,0.21157118547929665,0.006806579693703914,0.007941009642654566,0.005672149744753261,0.005104934770277935,0.005672149744753261,0.01191151446398185,0.0045377197958026095,0.022688598979013045,0.44809982983550767,0.052750992626205334,0.003970504821327283,0.016449234259784458
0.17922497308934338,0.015608180839612486,0.0032292787944025836,0.21259418729817006,0.008611410118406888,0.006996770721205597,0.004305705059203444,0.007534983853606028,0.006458557588805167,0.011302475780409042,0.002691065662002153,0.022604951560818085,0.44510226049515605,0.051130247578040904,0.005382131324004306,0.017222820236813777
0.18704663212435232,0.015544041450777202,0.003626943005181347,0.20725388601036268,0.00932642487046632,0.006735751295336788,0.004145077720207254,0.007772020725388601,0.007253886010362694,0.011398963730569948,0.0031088082901554403,0.021761658031088083,0.4398963730569948,0.05336787564766839,0.0051813471502590676,0.016580310880829015
0.18241869918699186,0.012703252032520325,0.004573170731707317,0.20579268292682926,0.009146341463414634,0.007621951219512195,0.005589430894308943,0.008130081300813009,0.007113821138211382,0.011686991869918699,0.0040650406504065045,0.020833333333333332,0.44359756097560976,0.054878048780487805,0.006097560975609756,0.015752032520325202
0.1895456765999023,0.01074743527112848,0.004885197850512946,0.205666829506595,0.008304836345872008,0.007816316560820713,0.005862237420615535,0.007816316560820713,0.0073277967757694185,0.010258915486077186,0.003419638495359062,0.020029311187103077,0.441133365901319,0.05471421592574499,0.006839276990718124,0.015632633121641426
0.1910982099661345,0.009192065795839382,0.005321722302854378,0.20125786163522014,0.0077406869859700045,0.008708272859216255,0.006773101112723754,0.00725689404934688,0.00725689404934688,0.010159651669085631,0.0024189646831156266,0.019351717464925013,0.44702467343976776,0.05370101596516691,0.006289308176100629,0.01644895984518626
0.19117647058823528,0.010436432637571158,0.006166982922201139,0.198292220113852,0.007590132827324478,0.009013282732447819,0.008064516129032258,0.007115749525616698,0.007115749525616698,0.010910815939278937,0.0028462998102466793,0.018026565464895637,0.4449715370018975,0.05455407969639469,0.006641366223908918,0.017077798861480076
0.195179584120983,0.010869565217391304,0.006143667296786389,0.20463137996219283,0.007088846880907372,0.008979206049149339,0.006143667296786389,0.007088846880907372,0.007088846880907372,0.008979206049149339,0.001890359168241966,0.017485822306238186,0.44234404536862004,0.05198487712665406,0.006616257088846881,0.017485822306238186
0.1972693032015066,0.009416195856873822,0.005649717514124294,0.2010357815442561,0.006591337099811676,0.00847457627118644,0.007532956685499058,0.006120527306967985,0.007062146892655367,0.007532956685499058,0.003766478342749529,0.017419962335216574,0.4477401129943503,0.04943502824858757,0.007062146892655367,0.017890772128060263
0.19010535959688502,0.008703618873110398,0.005497022446174988,0.20018323408153918,0.00641319285387082,0.008703618873110398,0.007329363261566651,0.00641319285387082,0.007329363261566651,0.008245533669262483,0.0036646816307833257,0.01603298213467705,0.4557947778286761,0.05084745762711865,0.007329363261566651,0.017407237746220796
0.1938305709023941,0.008747697974217311,0.0050644567219152855,0.19705340699815838,0.005985267034990792,0.007366482504604052,0.006445672191528545,0.005985267034990792,0.007366482504604052,0.007826887661141806,0.0032228360957642726,0.015193370165745856,0.4558011049723757,0.05294659300184162,0.008747697974217311,0.01841620626151013
0.19680365296803654,0.008675799086757991,0.005479452054794521,0.1954337899543379,0.00684931506849315,0.00684931506849315,0.007762557077625571,0.005936073059360731,0.006392694063926941,0.008675799086757991,0.0036529680365296802,0.011872146118721462,0.4589041095890411,0.049771689497716896,0.0091324200913242,0.01780821917808219
0.20143562135486764,0.008972633467922835,0.00762673844773441,0.19291161956034095,0.007178106774338268,0.006280843427545985,0.008972633467922835,0.006729475100942127,0.005832211754149843,0.008972633467922835,0.004486316733961417,0.012113055181695828,0.4522207267833109,0.05024674742036788,0.008524001794526694,0.017496635262449527
0.19735099337748344,0.009271523178807948,0.0075055187637969095,0.1911699779249448,0.0075055187637969095,0.00706401766004415,0.008388520971302429,0.006622516556291391,0.00706401766004415,0.008830022075055188,0.003973509933774834,0.011920529801324504,0.4538631346578366,0.052097130242825605,0.008388520971302429,0.018984547461368653
0.19373345101500442,0.0088261253309797,0.00794351279788173,0.1915269196822595,0.00617828773168579,0.00706090026478376,0.008384819064430714,0.00794351279788173,0.00706090026478376,0.009708737864077669,0.00441306266548985,0.01059135039717564,0.4589585172109444,0.05030891438658429,0.0088261253309797,0.018534863195057368
0.19624497094322754,0.008493518104604381,0.007599463567277604,0.18551631649530623,0.007599463567277604,0.007599463567277604,0.009387572641931158,0.007599463567277604,0.006705409029950827,0.010728654447921324,0.0049172999552972736,0.010728654447921324,0.45820295037997316,0.05185516316495306,0.008940545373267769,0.017881090746535537
0.20629991126885536,0.009760425909494233,0.006211180124223602,0.1867790594498669,0.00709849157054126,0.00709849157054126,0.009316770186335404,0.009316770186335404,0.005323868677905945,0.01064773735581189,0.003992901508429458,0.009760425909494233,0.45430346051464066,0.049689440993788817,0.0075421472937000885,0.01685891748003549
0.20499108734402852,0.008912655971479501,0.0053475935828877,0.18716577540106952,0.0066844919786096255,0.007575757575757576,0.009358288770053475,0.0106951871657754,0.006238859180035651,0.010249554367201427,0.004010695187165776,0.00980392156862745,0.4536541889483066,0.04946524064171123,0.0071301247771836,0.01871657754010695
0.20159857904085257,0.008436944937833037,0.006216696269982238,0.17984014209591473,0.005772646536412078,0.007548845470692718,0.009769094138543518,0.009325044404973356,0.0066607460035523975,0.011989342806394316,0.003996447602131439,0.009769094138543518,0.4613676731793961,0.05017761989342807,0.007548845470692718,0.019982238010657193
0.20996912218791355,0.00882223202470225,0.004852227613586237,0.1835024261138068,0.005734450816056462,0.007498897220996913,0.010145566828407587,0.008381120423467137,0.007498897220996913,0.0105866784296427,0.003970004411116012,0.009704455227172474,0.4534627260696956,0.04852227613586237,0.007940008822232024,0.01940891045434495
0.20579201404124617,0.008775778850372971,0.004387889425186486,0.18209741114523914,0.004387889425186486,0.007898200965335674,0.010092145677928916,0.007459412022817025,0.011408512505484861,0.008775778850372971,0.005704256252742431,0.008775778850372971,0.4620447564721369,0.046072838964458095,0.007459412022817025,0.018867924528301886
0.20211827007943514,0.0088261253309797,0.00617828773168579,0.18667255075022066,0.00441306266548985,0.007502206531332745,0.01059135039717564,0.00794351279788173,0.009708737864077669,0.008384819064430714,0.00617828773168579,0.009267431597528684,0.45984112974404234,0.04677846425419241,0.00794351279788173,0.0176522506619594
0.20159503766061143,0.00930438635356668,0.005316792202038104,0.18121400088613204,0.005316792202038104,0.007532122286220647,0.011962782454585734,0.008861320336730172,0.0101905183872397,0.007089056269384138,0.006202924235711121,0.007089056269384138,0.4665485157288436,0.046964997784669914,0.008861320336730172,0.01595037660611431
0.2043343653250774,0.007518796992481203,0.006634232640424591,0.17779743476337903,0.005307386112339673,0.008403361344537815,0.01238390092879257,0.009287925696594427,0.010172490048651039,0.007076514816452897,0.006634232640424591,0.008403361344537815,0.46218487394957986,0.04909332153914197,0.00796107916850951,0.01680672268907563
0.20176211453744494,0.009251101321585903,0.006607929515418502,0.17224669603524229,0.0052863436123348016,0.009251101321585903,0.012334801762114538,0.01145374449339207,0.01145374449339207,0.007488986784140969,0.007488986784140969,0.011013215859030838,0.46079295154185024,0.04801762114537445,0.007488986784140969,0.018061674008810574
0.20168439716312056,0.008865248226950355,0.006648936170212766,0.17420212765957446,0.005319148936170213,0.00975177304964539,0.011081560283687944,0.011081560283687944,0.012411347517730497,0.008421985815602837,0.0070921985815602835,0.00975177304964539,0.462322695035461,0.04654255319148936,0.007535460992907801,0.017287234042553192
0.20415377817057004,0.008837825894829872,0.007070260715863898,0.1723376049491825,0.0061864781263809105,0.010605391073795847,0.01104728236853734,0.012372956252761821,0.011489173663278833,0.007954043305346884,0.008395934600088379,0.008395934600088379,0.4613345117101193,0.043747238179407864,0.007954043305346884,0.018117543084401236
0.20935412026726058,0.009354120267260579,0.0075723830734966595,0.17193763919821825,0.005790645879732739,0.010244988864142539,0.010690423162583519,0.013808463251670379,0.011581291759465479,0.008463251670378619,0.008908685968819599,0.009354120267260579,0.4561247216035635,0.04142538975501114,0.0071269487750556795,0.01826280623608018
0.20133037694013303,0.010199556541019957,0.007982261640798226,0.1720620842572062,0.007095343680709534,0.010643015521064302,0.010643015521064302,0.012860310421286032,0.011086474501108648,0.011086474501108648,0.008425720620842573,0.00975609756097561,0.46518847006651887,0.03813747228381375,0.0066518847006651885,0.016851441241685146
0.20115452930728242,0.010213143872113677,0.008436944937833037,0.17495559502664298,0.008436944937833037,0.009325044404973356,0.010657193605683837,0.011989342806394316,0.011545293072824156,0.011101243339253997,0.008436944937833037,0.008880994671403197,0.46314387211367675,0.03818827708703375,0.007548845470692718,0.015985790408525755
0.19982316534040673,0.011936339522546418,0.008841732979664015,0.16622458001768348,0.008841732979664015,0.009725906277630416,0.011052166224580018,0.014146772767462422,0.011052166224580018,0.010167992926613616,0.007073386383731211,0.007957559681697613,0.47214854111405835,0.03757736516357206,0.009283819628647215,0.014146772767462422
0.20150575730735165,0.011514614703277236,0.008857395925597875,0.17316209034543845,0.009300265721877768,0.010186005314437556,0.010628875110717449,0.013728963684676704,0.011514614703277236,0.010628875110717449,0.0070859167404783,0.010186005314437556,0.46279893711248893,0.0354295837023915,0.008857395925597875,0.014614703277236492
0.19752540874944763,0.012814847547503314,0.009279717189571365,0.17057003977021654,0.008837825894829872,0.010163499779054353,0.01104728236853734,0.013256738842244807,0.011489173663278833,0.009721608484312859,0.007512152010605391,0.010605391073795847,0.46796288113124174,0.0344675209898365,0.010163499779054353,0.014582412726469289
0.19895059029296022,0.011368605159597726,0.00874508089199825,0.16834280717096634,0.008307826847398338,0.011805859204197638,0.011368605159597726,0.01355487538259729,0.011805859204197638,0.010931351114997814,0.005684302579798863,0.010931351114997814,0.46961084390030605,0.033668561434193264,0.010056843025797988,0.014866637516397026
0.20195295162006213,0.013315579227696404,0.00887705281846427,0.16555703506435862,0.007989347536617843,0.010652463382157125,0.010208610741233911,0.014203284509542832,0.011984021304926764,0.011984021304926764,0.006657789613848202,0.010208610741233911,0.4704837993786063,0.03151353750554816,0.00887705281846427,0.015534842432312472
0.19647577092511012,0.01145374449339207,0.009691629955947136,0.17224669603524229,0.007929515418502203,0.011013215859030838,0.011013215859030838,0.013656387665198238,0.011013215859030838,0.012334801762114538,0.007048458149779736,0.011013215859030838,0.47004405286343615,0.029515418502202642,0.009691629955947136,0.015859030837004406
0.1998227735932654,0.010633584404076208,0.00974745237040319,0.17146654851572884,0.00664599025254763,0.0101905183872397,0.010633584404076208,0.01329198050509526,0.011076650420912717,0.015507310589277802,0.0057598582188746125,0.012405848471422242,0.4678777137793531,0.02968542312804608,0.008861320336730172,0.01639344262295082
0.20335244816938686,0.0105866784296427,0.00882223202470225,0.1693868548742832,0.008381120423467137,0.009704455227172474,0.011468901632112925,0.013674459638288486,0.011910013233348038,0.014997794441993825,0.00529333921482135,0.011468901632112925,0.4653727393030437,0.029554477282752536,0.009704455227172474,0.016321129245699163
0.20743034055727555,0.009287925696594427,0.00796107916850951,0.17116320212295444,0.008403361344537815,0.010172490048651039,0.012826183104820876,0.013268465280849183,0.009730207872622734,0.0145953118089341,0.004865103936311367,0.010172490048651039,0.465280849181778,0.03051747014595312,0.009287925696594427,0.015037593984962405
0.21222862206468765,0.00930438635356668,0.007975188303057155,0.17013735046521933,0.007089056269384138,0.0101905183872397,0.01284891448825875,0.011519716437749225,0.010633584404076208,0.01595037660611431,0.004873726185201595,0.00974745237040319,0.4652193176783341,0.027470093043863535,0.00974745237040319,0.015064244572441293
0.21150442477876105,0.008849557522123894,0.00752212389380531,0.17168141592920355,0.00752212389380531,0.00752212389380531,0.012389380530973451,0.011946902654867256,0.011504424778761062,0.01504424778761062,0.004424778761061947,0.011504424778761062,0.47079646017699117,0.025221238938053097,0.008849557522123894,0.013716814159292035
0.21301247771836007,0.00980392156862745,0.007575757575757576,0.17557932263814616,0.009358288770053475,0.007575757575757576,0.012032085561497326,0.011140819964349376,0.0106951871657754,0.0142602495543672,0.004456327985739751,0.011140819964349376,0.464349376114082,0.026737967914438502,0.008912655971479501,0.013368983957219251
0.2066518847006652,0.008869179600886918,0.008869179600886918,0.17427937915742794,0.00975609756097561,0.007982261640798226,0.011086474501108648,0.01197339246119734,0.009312638580931265,0.016407982261640797,0.004434589800443459,0.010643015521064302,0.47184035476718406,0.02483370288248337,0.010199556541019957,0.012860310421286032
0.20838852097130242,0.008388520971302429,0.0075055187637969095,0.16777041942604856,0.009271523178807948,0.00706401766004415,0.010596026490066225,0.012362030905077263,0.009713024282560706,0.015011037527593819,0.004415011037527594,0.011479028697571744,0.4768211920529801,0.027373068432671083,0.011037527593818985,0.012803532008830023
0.1972517730496454,0.00975177304964539,0.005319148936170213,0.17464539007092197,0.010195035460992909,0.006648936170212766,0.010195035460992909,0.011968085106382979,0.00975177304964539,0.01551418439716312,0.004875886524822695,0.00975177304964539,0.48226950354609927,0.026595744680851064,0.01152482269503546,0.01374113475177305
0.20274457724656927,0.01018149623727313,0.005312084993359893,0.17220008853474988,0.010624169986719787,0.006640106241699867,0.011066843736166445,0.01195219123505976,0.009738822487826471,0.01593625498007968,0.004869411243913236,0.009738822487826471,0.47454625940681716,0.0283311199645861,0.010624169986719787,0.015493581230633024
0.20097173144876326,0.010159010600706713,0.007067137809187279,0.1696113074204947,0.011042402826855124,0.007508833922261484,0.011925795053003533,0.011925795053003533,0.009717314487632508,0.015459363957597174,0.00530035335689046,0.009717314487632508,0.4739399293286219,0.03136042402826855,0.011042402826855124,0.013250883392226149
0.20326999558108705,0.009721608484312859,0.006628369421122404,0.17145382235969953,0.01104728236853734,0.007512152010605391,0.010605391073795847,0.01104728236853734,0.012372956252761821,0.016791869200176758,0.004860804242156429,0.010163499779054353,0.4697304463102077,0.03093239063190455,0.01104728236853734,0.012814847547503314
0.20938468348826914,0.009738822487826471,0.006640106241699867,0.16821602478972997,0.011066843736166445,0.00796812749003984,0.008853474988933156,0.01195219123505976,0.01239486498450642,0.014608233731739707,0.004869411243913236,0.010624169986719787,0.4710048694112439,0.0283311199645861,0.011066843736166445,0.013280212483399735
0.2135879218472469,0.009769094138543518,0.005772646536412078,0.17184724689165187,0.011101243339253997,0.007548845470692718,0.011101243339253997,0.012877442273534635,0.011545293072824156,0.013765541740674956,0.0053285968028419185,0.010657193605683837,0.4613676731793961,0.02975133214920071,0.010657193605683837,0.013321492007104795
0.21298354824366386,0.010226767452200978,0.004891062694530902,0.16718541574032902,0.01200533570475767,0.00755891507336594,0.011116051578479324,0.012894619831036016,0.013339261894175189,0.01511783014673188,0.007114273010226767,0.010226767452200978,0.4606491774121832,0.031124944419742107,0.010226767452200978,0.013339261894175189
0.20816688859298713,0.009764758100310697,0.004438526409232135,0.17265867731913004,0.011984021304926764,0.007989347536617843,0.007989347536617843,0.013759431868619618,0.013315579227696404,0.015090989791389259,0.006213936972924989,0.009764758100310697,0.46515756768752775,0.031069684864624945,0.010208610741233911,0.012427873945849977
0.21133567662565905,0.008787346221441126,0.0048330404217926184,0.1687170474516696,0.014059753954305799,0.008347978910369069,0.008347978910369069,0.013181019332161687,0.011862917398945518,0.014499121265377855,0.006590509666080844,0.010105448154657293,0.46968365553602814,0.028558875219683654,0.008787346221441126,0.012302284710017574
0.21589403973509932,0.009713024282560706,0.005298013245033113,0.1704194260485651,0.011920529801324504,0.008830022075055188,0.008388520971302429,0.012803532008830023,0.011479028697571744,0.015894039735099338,0.0075055187637969095,0.010154525386313467,0.46357615894039733,0.02869757174392936,0.00706401766004415,0.012362030905077263
0.21522887323943662,0.01056338028169014,0.0048415492957746475,0.16637323943661972,0.013204225352112676,0.007922535211267605,0.007482394366197183,0.013204225352112676,0.011003521126760563,0.01584507042253521,0.009242957746478873,0.01056338028169014,0.46786971830985913,0.027288732394366196,0.007042253521126761,0.01232394366197183
0.21584334668446817,0.008900756564307966,0.004450378282153983,0.17356475300400534,0.015131286159323543,0.007120605251446373,0.007120605251446373,0.01335113484646195,0.010235870048954161,0.015131286159323543,0.009790832220738763,0.011125945705384957,0.46417445482866043,0.024477080551846907,0.007120605251446373,0.012461059190031152
0.2132616487455197,0.0076164874551971325,0.004480286738351254,0.17293906810035842,0.014336917562724014,0.008064516129032258,0.006720430107526882,0.012096774193548387,0.011200716845878136,0.013440860215053764,0.010752688172043012,0.011200716845878136,0.47087813620071683,0.023297491039426525,0.008960573476702509,0.010752688172043012
0.20921985815602837,0.006648936170212766,0.0031028368794326243,0.17863475177304963,0.01551418439716312,0.008865248226950355,0.0070921985815602835,0.012411347517730497,0.012411347517730497,0.012411347517730497,0.008421985815602837,0.010195035460992909,0.4720744680851064,0.02349290780141844,0.007978723404255319,0.01152482269503546
0.21583370190181336,0.007076514816452897,0.003980539584254755,0.17691287041132242,0.015037593984962405,0.009730207872622734,0.006191950464396285,0.014153029632905795,0.01238390092879257,0.013710747456877488,0.00796107916850951,0.010172490048651039,0.4670499778858912,0.022114108801415303,0.007076514816452897,0.010614772224679346
0.22369584438549955,0.007073386383731211,0.003978779840848806,0.1768346595932803,0.014588859416445624,0.009283819628647215,0.004862953138815208,0.013704686118479222,0.01237842617152962,0.013704686118479222,0.007515473032714412,0.011052166224580018,0.46109637488947836,0.022104332449160036,0.007515473032714412,0.010610079575596816
0.21763931548924967,0.007898200965335674,0.005265467310223783,0.18034225537516455,0.014041246160596753,0.009653356735410267,0.005265467310223783,0.012724879333040808,0.012724879333040808,0.01228609039052216,0.007459412022817025,0.01184730144800351,0.4629223343571742,0.021939447125932425,0.008336989907854322,0.009653356735410267
0.21453900709219859,0.008421985815602837,0.006648936170212766,0.1799645390070922,0.01551418439716312,0.010195035460992909,0.004875886524822695,0.01152482269503546,0.012854609929078014,0.012411347517730497,0.007978723404255319,0.011968085106382979,0.4649822695035461,0.019060283687943262,0.007535460992907801,0.01152482269503546
0.21685144124168515,0.007982261640798226,0.005764966740576497,0.18048780487804877,0.01507760532150776,0.00975609756097561,0.004878048780487805,0.01197339246119734,0.013303769401330377,0.012860310421286032,0.007982261640798226,0.01197339246119734,0.4656319290465632,0.016407982261640797,0.00753880266075388,0.011529933481152993
0.21875,0.007922535211267605,0.0044014084507042256,0.18089788732394366,0.014964788732394365,0.010123239436619719,0.005721830985915493,0.011883802816901408,0.012764084507042254,0.014524647887323943,0.008362676056338027,0.011883802816901408,0.46170774647887325,0.017605633802816902,0.007482394366197183,0.011003521126760563
0.2151060070671378,0.008392226148409895,0.003975265017667844,0.18418727915194347,0.012367491166077738,0.010159010600706713,0.006183745583038869,0.012367491166077738,0.011925795053003533,0.014134275618374558,0.0066254416961130744,0.013692579505300354,0.4620141342756184,0.019434628975265017,0.008392226148409895,0.011042402826855124
0.21333922261484098,0.0066254416961130744,0.00441696113074205,0.1784452296819788,0.011484098939929329,0.010159010600706713,0.007067137809187279,0.013692579505300354,0.012367491166077738,0.014575971731448763,0.006183745583038869,0.014575971731448763,0.46819787985865724,0.019434628975265017,0.008392226148409895,0.011042402826855124
0.21134249003101463,0.006202924235711121,0.0057598582188746125,0.17766947275143996,0.012405848471422242,0.010633584404076208,0.00664599025254763,0.01639344262295082,0.011962782454585734,0.013735046521931768,0.0057598582188746125,0.01329198050509526,0.4669915817456801,0.021267168808152416,0.007532122286220647,0.012405848471422242
0.21225577264653642,0.006216696269982238,0.006216696269982238,0.17406749555950266,0.010657193605683837,0.010657193605683837,0.005772646536412078,0.014653641207815276,0.011989342806394316,0.013765541740674956,0.007104795737122558,0.011545293072824156,0.4724689165186501,0.022202486678507993,0.007548845470692718,0.012877442273534635
0.21220159151193635,0.006631299734748011,0.006631299734748011,0.1825817860300619,0.009283819628647215,0.011052166224580018,0.006631299734748011,0.013262599469496022,0.011936339522546418,0.013704686118479222,0.00618921308576481,0.010610079575596816,0.46551724137931033,0.022988505747126436,0.007073386383731211,0.013704686118479222
0.21124286341677645,0.00834431269213878,0.007026789635485288,0.17786561264822134,0.00878348704435661,0.011418533157663592,0.00834431269213878,0.013175230566534914,0.010979358805445762,0.012736056214317084,0.005270092226613966,0.011857707509881422,0.4699165568730786,0.021958717610891524,0.007026789635485288,0.014053579270970576
0.21322241681260945,0.006567425569176883,0.006567425569176883,0.17381786339754815,0.00788091068301226,0.011821366024518389,0.008756567425569177,0.014010507880910683,0.011821366024518389,0.012697022767075307,0.005691768826619965,0.010070052539404553,0.47504378283712784,0.020577933450087564,0.0074430823117338,0.014010507880910683
0.21551344204495373,0.007933010136624064,0.006610841780520053,0.17276333186425738,0.007051564565888057,0.0123402379903041,0.00881445570736007,0.013662406346408109,0.011458792419568091,0.011899515204936095,0.006610841780520053,0.011899515204936095,0.4728955486998678,0.019391802556192154,0.007051564565888057,0.014103129131776113
0.21015138023152272,0.007123775601068566,0.006678539626001781,0.1709706144256456,0.006678539626001781,0.012021371326803205,0.007569011576135352,0.014247551202137132,0.01157613535173642,0.01157613535173642,0.007569011576135352,0.012021371326803205,0.481300089047195,0.018699910952804988,0.006678539626001781,0.015138023152270703
0.2085752568110764,0.0080393032603841,0.007592675301473872,0.17463153193389908,0.007592675301473872,0.00982581509602501,0.008485931219294328,0.01205895489057615,0.011612326931665922,0.011165698972755694,0.007592675301473872,0.012952210808396605,0.48280482358195626,0.016971862438588656,0.005806163465832961,0.014292094685127288
0.21115013169446883,0.007901668129938543,0.00877963125548727,0.17603160667251974,0.00877963125548727,0.010974539069359086,0.007901668129938543,0.012730465320456541,0.012291483757682178,0.010535557506584723,0.007901668129938543,0.011852502194907815,0.47805092186128184,0.016681299385425813,0.005706760316066725,0.012730465320456541
0.21596452328159646,0.009312638580931265,0.008425720620842573,0.17383592017738358,0.00975609756097561,0.01197339246119734,0.007095343680709534,0.011529933481152993,0.01197339246119734,0.008869179600886918,0.007095343680709534,0.013747228381374724,0.47671840354767187,0.015521064301552107,0.006208425720620843,0.01197339246119734
0.2134387351778656,0.00922266139657444,0.00878348704435661,0.17215634606938954,0.00878348704435661,0.011418533157663592,0.006587615283267457,0.011857707509881422,0.012296881862099254,0.00966183574879227,0.006587615283267457,0.014492753623188406,0.47913921826965306,0.015371102327624066,0.006148440931049627,0.014053579270970576
0.21403197158081705,0.008436944937833037,0.010213143872113677,0.16829484902309058,0.010213143872113677,0.010213143872113677,0.0066607460035523975,0.012433392539964476,0.011989342806394316,0.008880994671403197,0.007548845470692718,0.015985790408525755,0.47912966252220246,0.015541740674955595,0.007104795737122558,0.013321492007104795
0.21712268314210062,0.007502206531332745,0.010150044130626656,0.16637246248896734,0.011032656663724626,0.011032656663724626,0.006619593998234775,0.011915269196822596,0.011032656663724626,0.00706090026478376,0.007502206531332745,0.01676963812886143,0.4770520741394528,0.0176522506619594,0.00794351279788173,0.01323918799646955
0.21796565389696168,0.007485689123734038,0.009247027741083224,0.16380449141347425,0.010568031704095112,0.011889035667107,0.006164685160722149,0.010568031704095112,0.011448701012769706,0.007926023778071334,0.007485689123734038,0.015852047556142668,0.479964773227653,0.017613386173491855,0.009687362395420519,0.012329370321444297
0.21463852716659182,0.0058374494836102376,0.007633587786259542,0.16838796587337224,0.010327795240233499,0.013022002694207453,0.007633587786259542,0.009878760664571173,0.012572968118545127,0.00673551863493489,0.007633587786259542,0.01661427929950606,0.4786708576560395,0.01661427929950606,0.00898069151324652,0.014818140996856757
0.21840598855129897,0.007045354469396741,0.006164685160722149,0.16776750330250992,0.010568031704095112,0.011889035667107,0.006164685160722149,0.009687362395420519,0.012329370321444297,0.006164685160722149,0.007926023778071334,0.01805372082782915,0.4795244385733157,0.01453104359313078,0.009687362395420519,0.014090708938793483
0.21801159161836825,0.007579135086937138,0.005349977708426215,0.16406598305840392,0.011145786892554615,0.012483281319661168,0.006241640659830584,0.010254123941150245,0.012483281319661168,0.007133303611234953,0.008470798038341507,0.01649576460098083,0.4810521622826572,0.014266607222469906,0.010254123941150245,0.014712438698172091
0.21906873614190686,0.008869179600886918,0.005321507760532151,0.16452328159645233,0.00975609756097561,0.014634146341463415,0.00753880266075388,0.011086474501108648,0.012860310421286032,0.00753880266075388,0.007982261640798226,0.014190687361419069,0.47982261640798224,0.014190687361419069,0.008425720620842573,0.014190687361419069
0.2218763895064473,0.008448199199644287,0.005335704757670075,0.16585148955091153,0.009337483325922631,0.015562472209871054,0.00755891507336594,0.01200533570475767,0.012894619831036016,0.008892841262783458,0.007114273010226767,0.013783903957314362,0.47710093374833257,0.013339261894175189,0.008448199199644287,0.012449977767896843
0.22256365232660227,0.009657594381035996,0.006145741878841089,0.16593503072870938,0.01009657594381036,0.014925373134328358,0.006584723441615452,0.013608428446005268,0.013169446883230905,0.010535557506584723,0.006584723441615452,0.015364354697102721,0.4736611062335382,0.012291483757682178,0.007901668129938543,0.010974539069359086
0.22324966974900926,0.010127697049757816,0.006164685160722149,0.16336415675913693,0.009687362395420519,0.014090708938793483,0.0066050198150594455,0.014090708938793483,0.012769704975781594,0.011448701012769706,0.0066050198150594455,0.01453104359313078,0.47512109202994274,0.012329370321444297,0.007926023778071334,0.011889035667107
0.2227093380096449,0.01052170100832968,0.006137658921525646,0.16352476983779043,0.00789127575624726,0.01446733888645331,0.00789127575624726,0.01183691363437089,0.012275317843051293,0.01183691363437089,0.006137658921525646,0.014905743095133712,0.47654537483559845,0.012275317843051293,0.008329679964927663,0.012713722051731697
0.22296099290780141,0.010638297872340425,0.005319148936170213,0.162677304964539,0.00975177304964539,0.014627659574468085,0.008865248226950355,0.012411347517730497,0.012411347517730497,0.01152482269503546,0.0062056737588652485,0.013297872340425532,0.4769503546099291,0.011968085106382979,0.007535460992907801,0.012854609929078014
0.2145374449339207,0.01013215859030837,0.0052863436123348016,0.16431718061674008,0.01013215859030837,0.014096916299559472,0.00881057268722467,0.014537444933920705,0.012334801762114538,0.011013215859030838,0.007048458149779736,0.01277533039647577,0.48061674008810573,0.01277533039647577,0.00881057268722467,0.01277533039647577
0.2185022026431718,0.009691629955947136,0.006167400881057269,0.15859030837004406,0.009691629955947136,0.014537444933920705,0.00881057268722467,0.015859030837004406,0.013215859030837005,0.012334801762114538,0.006167400881057269,0.01145374449339207,0.4797356828193833,0.01277533039647577,0.009251101321585903,0.013215859030837005
0.22810858143607707,0.008756567425569177,0.005253940455341506,0.159369527145359,0.010070052539404553,0.014448336252189142,0.009194395796847636,0.017075306479859893,0.011821366024518389,0.01138353765323993,0.006567425569176883,0.012259194395796848,0.47066549912434325,0.013572679509632224,0.008318739054290718,0.013134851138353765
0.22944297082228116,0.008841732979664015,0.004420866489832007,0.15649867374005305,0.010167992926613616,0.013704686118479222,0.009283819628647215,0.01856763925729443,0.01237842617152962,0.011936339522546418,0.007073386383731211,0.011936339522546418,0.47126436781609193,0.013262599469496022,0.008399646330680813,0.01282051282051282
0.2268270944741533,0.009358288770053475,0.005793226381461676,0.16310160427807488,0.008912655971479501,0.011586452762923352,0.006238859180035651,0.017825311942959002,0.0106951871657754,0.012477718360071301,0.005793226381461676,0.012477718360071301,0.47237076648841353,0.013814616755793227,0.008912655971479501,0.013814616755793227
0.23001776198934282,0.010213143872113677,0.0053285968028419185,0.15763765541740674,0.011101243339253997,0.011545293072824156,0.006216696269982238,0.021314387211367674,0.010657193605683837,0.012877442273534635,0.005772646536412078,0.011545293072824156,0.46847246891651867,0.014653641207815276,0.009325044404973356,0.013321492007104795
0.22735268249780125,0.011433597185576077,0.0043975373790677225,0.15303430079155672,0.011873350923482849,0.010554089709762533,0.006596306068601583,0.023306948109058926,0.011873350923482849,0.013192612137203167,0.005716798592788039,0.012313104661389622,0.4687774846086192,0.013632365875109938,0.011873350923482849,0.014072119613016711
