C_R,C_A,C_S,C_N,D_R,D_A,D_S,D_N,Oc_R,Oc_A,Oc_S,Oc_N,Od_R,Od_A,Od_S,Od_N
0,0,0,0,0,0,0,0,0,0,0,0,0,0,0,0
0.0,0.0,0.0,0.0,0.0,0.0,0.0,1.0,0.0,0.0,0.0,0.0,0.0,0.0,0.0,0.0
0.0,0.0,0.0,0.0,0.0,0.0,0.0,0.5,0.0,0.0,0.5,0.0,0.0,0.0,0.0,0.0
0.0,0.0,0.0,0.0,0.25,0.0,0.0,0.5,0.0,0.0,0.25,0.0,0.0,0.0,0.0,0.0
0.0,0.16666666666666666,0.0,0.0,0.16666666666666666,0.0,0.0,0.5,0.0,0.0,0.16666666666666666,0.0,0.0,0.0,0.0,0.0
0.0,0.14285714285714285,0.0,0.0,0.14285714285714285,0.0,0.0,0.42857142857142855,0.0,0.0,0.14285714285714285,0.0,0.0,0.14285714285714285,0.0,0.0
0.0,0.125,0.125,0.0,0.0,0.0,0.0,0.375,0.0,0.0,0.25,0.0,0.0,0.125,0.0,0.0
0.0,0.07692307692307693,0.15384615384615385,0.0,0.0,0.0,0.0,0.38461538461538464,0.0,0.07692307692307693,0.15384615384615385,0.15384615384615385,0.0,0.0,0.0,0.0
0.0,0.07142857142857142,0.14285714285714285,0.0,0.0,0.0,0.0,0.35714285714285715,0.07142857142857142,0.07142857142857142,0.14285714285714285,0.14285714285714285,0.0,0.0,0.0,0.0
0.0,0.07142857142857142,0.14285714285714285,0.0,0.0,0.0,0.0,0.2857142857142857,0.07142857142857142,0.14285714285714285,0.14285714285714285,0.07142857142857142,0.0,0.0,0.0,0.07142857142857142
0.0,0.05555555555555555,0.16666666666666666,0.0,0.0,0.0,0.0,0.3333333333333333,0.05555555555555555,0.16666666666666666,0.1111111111111111,0.05555555555555555,0.0,0.0,0.0,0.05555555555555555
0.0,0.047619047619047616,0.09523809523809523,0.0,0.0,0.0,0.0,0.3333333333333333,0.09523809523809523,0.14285714285714285,0.09523809523809523,0.047619047619047616,0.0,0.0,0.0,0.14285714285714285
0.0,0.038461538461538464,0.07692307692307693,0.0,0.0,0.0,0.0,0.38461538461538464,0.07692307692307693,0.23076923076923078,0.038461538461538464,0.0,0.0,0.0,0.0,0.15384615384615385
0.0,0.03571428571428571,0.03571428571428571,0.0,0.0,0.0,0.0,0.39285714285714285,0.10714285714285714,0.21428571428571427,0.03571428571428571,0.0,0.0,0.0,0.0,0.17857142857142858
0.0,0.05263157894736842,0.05263157894736842,0.0,0.0,0.0,0.0,0.42105263157894735,0.13157894736842105,0.15789473684210525,0.02631578947368421,0.0,0.0,0.0,0.0,0.15789473684210525
0.0,0.07692307692307693,0.05128205128205128,0.0,0.0,0.0,0.02564102564102564,0.46153846153846156,0.07692307692307693,0.1282051282051282,0.02564102564102564,0.0,0.0,0.0,0.0,0.15384615384615385
0.0425531914893617,0.0851063829787234,0.0425531914893617,0.0,0.0,0.0,0.02127659574468085,0.44680851063829785,0.0425531914893617,0.1276595744680851,0.02127659574468085,0.02127659574468085,0.0,0.0,0.0,0.14893617021276595
0.057692307692307696,0.07692307692307693,0.038461538461538464,0.0,0.038461538461538464,0.0,0.019230769230769232,0.46153846153846156,0.038461538461538464,0.09615384615384616,0.019230769230769232,0.0,0.0,0.0,0.0,0.15384615384615385
0.07575757575757576,0.045454545454545456,0.06060606060606061,0.0,0.030303030303030304,0.0,0.015151515151515152,0.45454545454545453,0.06060606060606061,0.09090909090909091,0.015151515151515152,0.0,0.0,0.0,0.0,0.15151515151515152
0.09210526315789473,0.05263157894736842,0.06578947368421052,0.0,0.02631578947368421,0.0,0.013157894736842105,0.42105263157894735,0.05263157894736842,0.07894736842105263,0.013157894736842105,0.0,0.0,0.013157894736842105,0.0,0.17105263157894737
0.10227272727272728,0.045454545454545456,0.06818181818181818,0.0,0.022727272727272728,0.0,0.0,0.42045454545454547,0.045454545454545456,0.10227272727272728,0.011363636363636364,0.0,0.0,0.0,0.0,0.18181818181818182
0.13636363636363635,0.03636363636363636,0.06363636363636363,0.0,0.01818181818181818,0.0,0.0,0.38181818181818183,0.03636363636363636,0.12727272727272726,0.00909090909090909,0.0,0.01818181818181818,0.0,0.0,0.17272727272727273
0.15151515151515152,0.030303030303030304,0.07575757575757576,0.0,0.015151515151515152,0.0,0.015151515151515152,0.36363636363636365,0.030303030303030304,0.12878787878787878,0.007575757575757576,0.0,0.030303030303030304,0.0,0.0,0.15151515151515152
0.1506849315068493,0.0273972602739726,0.07534246575342465,0.0,0.0136986301369863,0.0,0.0136986301369863,0.3698630136986301,0.0136986301369863,0.136986301369863,0.00684931506849315,0.0,0.04794520547945205,0.00684931506849315,0.0,0.136986301369863
0.1686046511627907,0.03488372093023256,0.08139534883720931,0.0,0.011627906976744186,0.0,0.011627906976744186,0.3488372093023256,0.011627906976744186,0.13953488372093023,0.005813953488372093,0.0,0.06395348837209303,0.011627906976744186,0.0,0.11046511627906977
0.185,0.03,0.08,0.0,0.01,0.0,0.01,0.325,0.015,0.15,0.005,0.0,0.08,0.015,0.0,0.095
0.20512820512820512,0.029914529914529916,0.0811965811965812,0.0,0.008547008547008548,0.0,0.004273504273504274,0.3034188034188034,0.01282051282051282,0.14102564102564102,0.004273504273504274,0.0,0.10256410256410256,0.01282051282051282,0.0,0.09401709401709402
0.2342007434944238,0.01858736059479554,0.06691449814126393,0.0,0.007434944237918215,0.0,0.007434944237918215,0.29739776951672864,0.01486988847583643,0.11895910780669144,0.0037174721189591076,0.0,0.12267657992565056,0.011152416356877323,0.0,0.09665427509293681
0.2280130293159609,0.013029315960912053,0.06840390879478828,0.003257328990228013,0.006514657980456026,0.0,0.006514657980456026,0.28013029315960913,0.009771986970684038,0.13355048859934854,0.003257328990228013,0.0,0.14006514657980457,0.019543973941368076,0.0,0.08794788273615635
0.2334293948126801,0.01729106628242075,0.06051873198847262,0.002881844380403458,0.005763688760806916,0.002881844380403458,0.005763688760806916,0.25360230547550433,0.011527377521613832,0.1440922190201729,0.005763688760806916,0.0,0.15561959654178675,0.020172910662824207,0.0,0.08069164265129683
0.22531645569620254,0.017721518987341773,0.060759493670886074,0.0,0.005063291139240506,0.005063291139240506,0.005063291139240506,0.23544303797468355,0.010126582278481013,0.1341772151898734,0.005063291139240506,0.0,0.17721518987341772,0.030379746835443037,0.0,0.08860759493670886
0.22799097065462753,0.01580135440180587,0.05417607223476298,0.0,0.004514672686230248,0.006772009029345372,0.004514672686230248,0.22121896162528218,0.006772009029345372,0.1309255079006772,0.006772009029345372,0.0,0.1963882618510158,0.03611738148984198,0.0,0.08803611738148984
0.2147117296222664,0.015904572564612324,0.04572564612326044,0.0,0.003976143141153081,0.005964214711729622,0.005964214711729622,0.24453280318091453,0.005964214711729622,0.11530815109343936,0.005964214711729622,0.003976143141153081,0.20278330019880716,0.039761431411530816,0.0,0.08946322067594434
0.22743682310469315,0.01444043321299639,0.04693140794223827,0.0,0.005415162454873646,0.005415162454873646,0.0036101083032490976,0.2148014440433213,0.007220216606498195,0.11552346570397112,0.007220216606498195,0.0036101083032490976,0.22563176895306858,0.039711191335740074,0.0018050541516245488,0.0812274368231047
0.22330097087378642,0.012944983818770227,0.045307443365695796,0.0,0.0048543689320388345,0.0048543689320388345,0.003236245954692557,0.2022653721682848,0.006472491909385114,0.12459546925566344,0.006472491909385114,0.003236245954692557,0.2459546925566343,0.03398058252427184,0.003236245954692557,0.07928802588996764
0.23845007451564829,0.01788375558867362,0.041728763040238454,0.0014903129657228018,0.004470938897168405,0.005961251862891207,0.004470938897168405,0.19821162444113263,0.004470938897168405,0.10432190760059612,0.004470938897168405,0.0029806259314456036,0.2563338301043219,0.029806259314456036,0.005961251862891207,0.07898658718330849
0.2232876712328767,0.019178082191780823,0.045205479452054796,0.0013698630136986301,0.005479452054794521,0.005479452054794521,0.005479452054794521,0.19452054794520549,0.00410958904109589,0.1095890410958904,0.00410958904109589,0.0027397260273972603,0.2671232876712329,0.030136986301369864,0.00821917808219178,0.07397260273972603
0.23362175525339926,0.013597033374536464,0.042027194066749075,0.0012360939431396785,0.004944375772558714,0.004944375772558714,0.004944375772558714,0.18788627935723115,0.003708281829419036,0.10877626699629171,0.004944375772558714,0.002472187886279357,0.26823238566131025,0.034610630407911,0.00865265760197775,0.0754017305315204
0.2242562929061785,0.010297482837528604,0.043478260869565216,0.0011441647597254005,0.004576659038901602,0.005720823798627002,0.005720823798627002,0.18421052631578946,0.003432494279176201,0.10411899313501144,0.003432494279176201,0.002288329519450801,0.2940503432494279,0.03546910755148741,0.008009153318077803,0.06979405034324943
0.22105263157894736,0.009473684210526316,0.04,0.002105263157894737,0.005263157894736842,0.005263157894736842,0.005263157894736842,0.19052631578947368,0.002105263157894737,0.09578947368421052,0.003157894736842105,0.003157894736842105,0.30526315789473685,0.03368421052631579,0.005263157894736842,0.07263157894736842
0.21324245374878287,0.009737098344693282,0.03700097370983447,0.0029211295034079843,0.004868549172346641,0.005842259006815969,0.005842259006815969,0.17526777020447906,0.004868549172346641,0.09834469328140215,0.0029211295034079843,0.005842259006815969,0.32035053554040893,0.034079844206426485,0.004868549172346641,0.07400194741966894
0.2122854561878952,0.009033423667570008,0.03342366757000903,0.005420054200542005,0.005420054200542005,0.005420054200542005,0.006323396567299007,0.16982836495031617,0.0027100271002710027,0.1020776874435411,0.0027100271002710027,0.006323396567299007,0.32700993676603435,0.04065040650406504,0.004516711833785004,0.06684733514001806
0.21202003338898165,0.010851419031719533,0.030884808013355594,0.00667779632721202,0.005843071786310518,0.00667779632721202,0.005843071786310518,0.15943238731218698,0.00333889816360601,0.1018363939899833,0.0025041736227045075,0.005008347245409015,0.3363939899833055,0.04340567612687813,0.004173622704507512,0.0651085141903172
0.21283255086071987,0.009389671361502348,0.025039123630672927,0.007042253521126761,0.006259780907668232,0.007042253521126761,0.006259780907668232,0.1486697965571205,0.006259780907668232,0.10172143974960876,0.003129890453834116,0.005477308294209703,0.33881064162754304,0.046948356807511735,0.004694835680751174,0.07042253521126761
0.20471281296023564,0.009572901325478646,0.021354933726067747,0.008836524300441826,0.005891016200294551,0.011045655375552283,0.008100147275405008,0.1480117820324006,0.004418262150220913,0.10088365243004419,0.0029455081001472753,0.005154639175257732,0.3446244477172312,0.050073637702503684,0.004418262150220913,0.06995581737849779
0.2038700760193504,0.0110573600552868,0.018659295093296474,0.009675190048375951,0.0048375950241879755,0.013130615065653075,0.006910850034554251,0.1492743607463718,0.00414651002073255,0.09744298548721493,0.0027643400138217,0.0055286800276434,0.3441603317208017,0.053213545266067724,0.00414651002073255,0.07118175535590877
0.20144832126398945,0.01184990125082291,0.016458196181698487,0.012508229098090849,0.004608294930875576,0.013824884792626729,0.005266622778143515,0.14614878209348256,0.004608294930875576,0.09545753785385122,0.0026333113890717576,0.005924950625411455,0.35286372613561556,0.055299539170506916,0.003949967083607637,0.06714944042132982
0.20474406991260924,0.011860174781523096,0.016229712858926344,0.011860174781523096,0.004993757802746567,0.012484394506866416,0.004993757802746567,0.14232209737827714,0.006242197253433208,0.09925093632958802,0.0024968789013732834,0.00686641697877653,0.352059925093633,0.05493133583021224,0.004369538077403246,0.06429463171036205
0.20048602673147023,0.010328068043742407,0.015188335358444714,0.013365735115431349,0.006075334143377886,0.01275820170109356,0.0036452004860267314,0.14094775212636695,0.0054678007290400975,0.10206561360874848,0.002430133657351154,0.007290400972053463,0.35905224787363305,0.05285540704738761,0.0036452004860267314,0.06439854191980558
0.1963869463869464,0.006993006993006993,0.014568764568764568,0.016317016317016316,0.00641025641025641,0.013986013986013986,0.0034965034965034965,0.13344988344988346,0.004662004662004662,0.10256410256410256,0.002913752913752914,0.008158508158508158,0.36655011655011654,0.05827505827505827,0.0034965034965034965,0.06177156177156177
0.19875070982396364,0.0073821692220329355,0.01306076093128904,0.014764338444065871,0.006246450880181715,0.015332197614991482,0.0034071550255536627,0.13231118682566723,0.0056785917092561046,0.10164679159568427,0.0028392958546280523,0.008517887563884156,0.3685406019307212,0.06076093128904032,0.003975014196479273,0.05678591709256105
0.1976998904709748,0.007667031763417305,0.012595837897042717,0.016976998904709748,0.007667031763417305,0.014238773274917854,0.0032858707557502738,0.1330777656078861,0.00547645125958379,0.09748083242059145,0.002738225629791895,0.008762322015334063,0.3723986856516977,0.06133625410733844,0.004381161007667032,0.05421686746987952
0.1990343347639485,0.008047210300429184,0.012875536480686695,0.0203862660944206,0.008047210300429184,0.013412017167381975,0.002682403433476395,0.13090128755364808,0.00536480686695279,0.09549356223175966,0.002682403433476395,0.008047210300429184,0.37339055793991416,0.05847639484978541,0.003218884120171674,0.05793991416309013
0.19822175732217573,0.007845188284518828,0.013598326359832637,0.021443514644351465,0.007845188284518828,0.013598326359832637,0.0031380753138075313,0.13023012552301255,0.005230125523012552,0.09100418410041841,0.0036610878661087866,0.007322175732217573,0.3807531380753138,0.05753138075313807,0.0031380753138075313,0.05543933054393305
0.20040691759918616,0.009155645981688708,0.013733468972533061,0.019328585961342827,0.008646998982706003,0.014242115971515769,0.003051881993896236,0.12309257375381485,0.006612410986775178,0.09053916581892167,0.004577822990844354,0.009664292980671414,0.38250254323499494,0.0595116988809766,0.00254323499491353,0.05239064089521872
0.2038310412573674,0.009823182711198428,0.012770137524557957,0.022593320235756387,0.008840864440078585,0.01669941060903733,0.003929273084479371,0.1193516699410609,0.0063850687622789785,0.09184675834970531,0.0054027504911591355,0.009823182711198428,0.3762278978388998,0.055992141453831044,0.002455795677799607,0.054027504911591355
0.2050168837433671,0.00964785335262904,0.013989387361312108,0.02363724071394115,0.008683068017366137,0.014954172696575013,0.00482392667631452,0.12108055957549445,0.006753497346840328,0.08779546550892427,0.005306319343945972,0.009165460684997588,0.3757838880849011,0.056922334780511334,0.001929570670525808,0.05451037144235408
0.20305052430886558,0.011439466158245948,0.011916110581506196,0.02478551000953289,0.008102955195424213,0.015252621544327931,0.004289799809342231,0.11677788369876073,0.0076263107721639654,0.08579599618684461,0.005719733079122974,0.008579599618684462,0.3794089609151573,0.061487130600571975,0.0023832221163012394,0.05338417540514776
0.20322886989553657,0.011396011396011397,0.010921177587844255,0.028964862298195632,0.008547008547008548,0.015194681861348529,0.004273504273504274,0.11016144349477683,0.007597340930674264,0.08452041785375118,0.004748338081671415,0.007597340930674264,0.3808167141500475,0.06457739791073125,0.0023741690408357074,0.055080721747388414
0.20904476234425473,0.009690816797415782,0.009229349330872173,0.03137978772496539,0.009690816797415782,0.01430549146285187,0.004153207198892478,0.10890632210429164,0.007844946931241348,0.08352561144439317,0.004153207198892478,0.009229349330872173,0.3765574526995847,0.06275957544993079,0.0023073373327180432,0.05722196585140748
0.20683371298405467,0.009567198177676537,0.008200455580865604,0.03462414578587699,0.010022779043280182,0.015034168564920273,0.004100227790432802,0.10933940774487472,0.007289293849658315,0.07790432801822324,0.004100227790432802,0.009567198177676537,0.3845102505694761,0.06059225512528474,0.0031890660592255125,0.055125284738041
0.2055103884372177,0.00993676603432701,0.009485094850948509,0.03477868112014453,0.01038843721770551,0.016711833785004515,0.0040650406504065045,0.10794941282746161,0.0076784101174345075,0.07859078590785908,0.004516711833785004,0.009485094850948509,0.37895212285456187,0.06052393857271906,0.0027100271002710027,0.05871725383920506
0.20634211701652524,0.010719071013845467,0.01027244305493524,0.037516748548459135,0.00982581509602501,0.01652523447967843,0.006252791424743189,0.10317105850826262,0.004912907548012505,0.07503349709691827,0.0044662795891022775,0.0080393032603841,0.38499330058061637,0.060741402411790976,0.0031263957123715946,0.058061634658329614
0.208955223880597,0.009950248756218905,0.010402532790592492,0.03618272274988693,0.008593396653098146,0.016282225237449117,0.0067842605156037995,0.10538218000904569,0.003165988240615106,0.0741745816372682,0.004522840343735866,0.009497964721845319,0.38489371325192223,0.05970149253731343,0.004070556309362279,0.0574400723654455
0.20322291853178157,0.008057296329453895,0.011190689346463742,0.03670546105640107,0.007162041181736795,0.017009847806624886,0.005819158460161146,0.10608773500447627,0.003133393017009848,0.07520143240823635,0.005371530886302597,0.009400179051029543,0.38719785138764545,0.06132497761862131,0.004476275738585497,0.05863921217547001
0.20213713268032057,0.008904719501335707,0.01157613535173642,0.034728406055209264,0.006233303650934996,0.014247551202137132,0.00578806767586821,0.10463045414069456,0.004452359750667854,0.07346393588601959,0.005342831700801425,0.01157613535173642,0.39269813000890474,0.0609973285841496,0.005342831700801425,0.0578806767586821
0.2060414788097385,0.007664562669071236,0.01127141568981064,0.03606853020739405,0.005410279531109108,0.015329125338142471,0.005861136158701533,0.10324616771866546,0.004508566275924256,0.07303877366997295,0.004959422903516681,0.013525698827772768,0.3854824165915239,0.06266907123534717,0.005861136158701533,0.059062218214607755
0.21178057553956833,0.007643884892086331,0.010341726618705036,0.03776978417266187,0.006294964028776978,0.014838129496402877,0.0049460431654676255,0.09937050359712231,0.006744604316546762,0.06924460431654676,0.0049460431654676255,0.012140287769784174,0.38758992805755393,0.06294964028776978,0.007194244604316547,0.05620503597122302
0.21300448430493274,0.007174887892376682,0.011210762331838564,0.04035874439461883,0.006726457399103139,0.015246636771300448,0.004484304932735426,0.10044843049327354,0.006278026905829596,0.06816143497757847,0.004484304932735426,0.013452914798206279,0.38699551569506724,0.059192825112107626,0.007623318385650224,0.05515695067264574
0.2163846838824577,0.007569011576135352,0.012021371326803205,0.040516473731077474,0.007569011576135352,0.015138023152270703,0.004452359750667854,0.10151380231522707,0.00578806767586821,0.06901157613535173,0.004007123775601068,0.014247551202137132,0.38023152270703475,0.0578806767586821,0.007569011576135352,0.05609973285841496
0.21141837644959857,0.006690454950936664,0.010258697591436218,0.04415700267618198,0.008028545941123996,0.014272970561998216,0.004906333630686887,0.09768064228367529,0.008028545941123996,0.06824264049955397,0.0044603033006244425,0.013380909901873328,0.3835860838537021,0.061106155218554864,0.008028545941123996,0.05575379125780553
0.21897163120567376,0.006648936170212766,0.010195035460992909,0.04210992907801418,0.007535460992907801,0.01374113475177305,0.00576241134751773,0.09973404255319149,0.007978723404255319,0.06294326241134751,0.005319148936170213,0.011968085106382979,0.3816489361702128,0.060726950354609927,0.007535460992907801,0.057180851063829786
0.21466198419666374,0.007462686567164179,0.01009657594381036,0.043898156277436345,0.007023705004389816,0.014925373134328358,0.006145741878841089,0.10008779631255488,0.007462686567164179,0.06277436347673397,0.005706760316066725,0.014486391571553995,0.38147497805092184,0.058823529411764705,0.007023705004389816,0.05794556628621598
0.22044444444444444,0.0057777777777777775,0.011555555555555555,0.043111111111111114,0.006666666666666667,0.015555555555555555,0.006666666666666667,0.10044444444444445,0.0071111111111111115,0.060444444444444446,0.005333333333333333,0.012888888888888889,0.37866666666666665,0.058666666666666666,0.007555555555555556,0.059111111111111114
0.22192513368983957,0.006238859180035651,0.011140819964349376,0.044563279857397504,0.0066844919786096255,0.016042780748663103,0.0066844919786096255,0.09759358288770054,0.005793226381461676,0.06149732620320856,0.0053475935828877,0.012032085561497326,0.37967914438502676,0.059269162210338684,0.008021390374331552,0.05748663101604278
0.22227191413237926,0.006261180679785331,0.013416815742397137,0.04293381037567084,0.007602862254025045,0.016547406082289804,0.006708407871198569,0.09704830053667263,0.005366726296958855,0.0626118067978533,0.005366726296958855,0.014758497316636851,0.3738819320214669,0.057692307692307696,0.009391771019677997,0.05813953488372093
0.22570532915360503,0.005821764442454098,0.012539184952978056,0.043439319301388266,0.007165248544558889,0.0161218092252575,0.006717420510523959,0.09404388714733543,0.005373936408419167,0.06135244066278549,0.0044782803403493054,0.013434841021047918,0.3757277205553068,0.057769816390506046,0.009852216748768473,0.06045678459471563
0.2192513368983957,0.004456327985739751,0.011586452762923352,0.04411764705882353,0.007575757575757576,0.015597147950089126,0.006238859180035651,0.09224598930481283,0.005793226381461676,0.06105169340463458,0.0053475935828877,0.011586452762923352,0.3859180035650624,0.059714795008912656,0.0106951871657754,0.058823529411764705
0.2268870031263957,0.005359535506922733,0.012952210808396605,0.04510942384993301,0.008485931219294328,0.0160786065207682,0.004912907548012505,0.0884323358642251,0.006252791424743189,0.05761500669941939,0.005806163465832961,0.01027244305493524,0.3885663242518982,0.05448861098704779,0.010719071013845467,0.058061634658329614
0.22879061371841156,0.0058664259927797835,0.013086642599277979,0.04828519855595668,0.008574007220216607,0.016245487364620937,0.00631768953068592,0.08935018050541517,0.0058664259927797835,0.05776173285198556,0.005415162454873646,0.009927797833935019,0.3862815884476534,0.052346570397111915,0.010830324909747292,0.055054151624548735
0.2223218287763335,0.00582698341550874,0.01344688480502017,0.047512326311071267,0.00761990138951143,0.01523980277902286,0.00582698341550874,0.08606006275212909,0.00582698341550874,0.05647691618108472,0.0044822949350067235,0.00941281936351412,0.40116539668310175,0.051098162259076645,0.010309278350515464,0.05737337516808606
0.23434704830053668,0.005366726296958855,0.012075134168157423,0.04606440071556351,0.00849731663685152,0.015652951699463326,0.005366726296958855,0.08452593917710197,0.004919499105545617,0.055008944543828264,0.004472271914132379,0.0129695885509839,0.3957960644007156,0.049194991055456175,0.008944543828264758,0.056797853309481214
0.23124177270732776,0.005704256252742431,0.01228609039052216,0.04738920579201404,0.007898200965335674,0.01491882404563405,0.004826678367705134,0.08293111013602457,0.005704256252742431,0.05704256252742431,0.0035103115401491883,0.013602457218078104,0.40193067134708205,0.046072838964458095,0.008336989907854322,0.05660377358490566
0.22995594713656387,0.0052863436123348016,0.011894273127753305,0.050220264317180616,0.007929515418502203,0.015859030837004406,0.004845814977973568,0.08237885462555065,0.006607929515418502,0.05462555066079295,0.003524229074889868,0.01145374449339207,0.40881057268722465,0.04449339207048458,0.007929515418502203,0.05418502202643172
0.23349579087284006,0.0057598582188746125,0.01284891448825875,0.04918032786885246,0.007975188303057155,0.01595037660611431,0.007089056269384138,0.08373947718210013,0.00664599025254763,0.052281789986708016,0.003544528134692069,0.011519716437749225,0.40407620735489586,0.04519273371732388,0.008418254319893664,0.052281789986708016
0.237017310252996,0.005770084332001775,0.01154016866400355,0.048823790501553485,0.007989347536617843,0.016866400355082113,0.005770084332001775,0.08300044385264092,0.007545494895694629,0.052374611628939194,0.0039946737683089215,0.011096316023080338,0.40390590324012426,0.04438526409232135,0.007101642254771416,0.052818464269862406
0.2359249329758713,0.006255585344057194,0.010277033065236819,0.049151027703306524,0.008489722966934763,0.01742627345844504,0.007596067917783735,0.08087578194816801,0.008489722966934763,0.05361930294906166,0.004021447721179625,0.011170688114387846,0.40840035746201964,0.0420017873100983,0.006255585344057194,0.050044682752457555
0.22925958965209633,0.006690454950936664,0.009812667261373774,0.04727921498661909,0.008028545941123996,0.01650312221231044,0.008028545941123996,0.0816235504014273,0.009812667261373774,0.05530776092774309,0.0044603033006244425,0.011150758251561105,0.41614629794826047,0.041480820695807316,0.006244424620874219,0.04817127564674398
0.23691215616681455,0.006654835847382431,0.011535048802129548,0.04702750665483585,0.008429458740017746,0.01685891748003549,0.007985803016858917,0.07985803016858918,0.008873114463176575,0.051907719609582965,0.0044365572315882874,0.011978704525288377,0.40949423247559896,0.04392191659272405,0.0048802129547471165,0.04924578527062999
0.2357866901718819,0.007051564565888057,0.011458792419568091,0.04627589246364037,0.009255178492728075,0.015866020273248127,0.00881445570736007,0.07844865579550463,0.009255178492728075,0.05156456588805641,0.004407227853680035,0.011458792419568091,0.4133979726751873,0.041427941824592335,0.006610841780520053,0.048920229175848394
0.24124168514412417,0.007982261640798226,0.011529933481152993,0.04745011086474501,0.010199556541019957,0.015964523281596452,0.008869179600886918,0.07494456762749446,0.008425720620842573,0.05144124168514413,0.005321507760532151,0.00975609756097561,0.4133037694013304,0.042572062084257206,0.0066518847006651885,0.04434589800443459
0.24342398573339277,0.008470798038341507,0.013374944271065538,0.05082478823004904,0.01069995541685243,0.01649576460098083,0.008470798038341507,0.07489968791796701,0.007579135086937138,0.05082478823004904,0.00490414623272403,0.011145786892554615,0.40927329469460544,0.04012483281319661,0.006687472135532769,0.04279982166740972
0.24326750448833034,0.00807899461400359,0.013016157989228007,0.04937163375224417,0.010323159784560144,0.017055655296229804,0.009425493716337522,0.072262118491921,0.00763016157989228,0.05251346499102334,0.004039497307001795,0.010771992818671455,0.41337522441651703,0.0381508078994614,0.0062836624775583485,0.044434470377019746
0.24041034790365745,0.006690454950936664,0.012934879571810883,0.05129348795718109,0.012488849241748439,0.01784121320249777,0.008920606601248885,0.07270294380017842,0.007582515611061552,0.04861730597680642,0.004906333630686887,0.010704727921498661,0.4170383586083854,0.039250669045495096,0.005798394290811775,0.042818911685994644
0.24288939051918737,0.005869074492099322,0.012641083521444696,0.05011286681715576,0.011738148984198645,0.017155756207674944,0.007674943566591422,0.0690744920993228,0.008126410835214447,0.05056433408577878,0.006320541760722348,0.011286681715575621,0.418961625282167,0.03927765237020316,0.006772009029345372,0.04153498871331828
0.24542614904060686,0.006247211066488175,0.01249442213297635,0.0499776885319054,0.013386880856760375,0.016956715751896476,0.0071396697902722,0.0678268630075859,0.007585899152164213,0.049531459170013385,0.0071396697902722,0.0107095046854083,0.4203480589022758,0.036590807675145026,0.00892458723784025,0.03971441320838911
0.2455116696588869,0.0062836624775583485,0.010323159784560144,0.05206463195691203,0.011669658886894075,0.017504488330341114,0.0062836624775583485,0.0718132854578097,0.00763016157989228,0.049820466786355475,0.00718132854578097,0.010323159784560144,0.42190305206463197,0.035457809694793535,0.010323159784560144,0.03590664272890485
0.2507795100222717,0.0062360801781737195,0.008908685968819599,0.051670378619153676,0.011135857461024499,0.017817371937639197,0.005790645879732739,0.07082405345211581,0.0062360801781737195,0.04721603563474387,0.0075723830734966595,0.011135857461024499,0.4258351893095768,0.03474387527839644,0.010244988864142539,0.033853006681514475
0.2517636684303351,0.007495590828924162,0.00837742504409171,0.05246913580246913,0.012345679012345678,0.018077601410934743,0.005731922398589065,0.0736331569664903,0.007054673721340388,0.042328042328042326,0.007495590828924162,0.011904761904761904,0.4228395061728395,0.034832451499118164,0.010141093474426807,0.03350970017636684
0.25937362152624616,0.0061755624172915745,0.00882223202470225,0.050727834142037936,0.012351124834583149,0.0176444640494045,0.0061755624172915745,0.07146007940008822,0.007498897220996913,0.04102337891486546,0.0070577856197618,0.012351124834583149,0.4239082487869431,0.03573003970004411,0.009263343625937363,0.030436700485222762
0.25957257346393586,0.006233303650934996,0.008014247551202136,0.052983081032947466,0.01157613535173642,0.016918967052537846,0.007123775601068566,0.07079252003561888,0.006678539626001781,0.04096170970614425,0.007569011576135352,0.01157613535173642,0.4269813000890472,0.03250222617987533,0.009349955476402494,0.031166518254674976
0.25520602569782896,0.0057598582188746125,0.007532122286220647,0.05494018608772707,0.011519716437749225,0.017722640673460344,0.007532122286220647,0.06778910057598582,0.007089056269384138,0.038546743464776254,0.007975188303057155,0.010633584404076208,0.43198936641559593,0.03322995126273815,0.008861320336730172,0.033673017279574655
0.2620415377817057,0.0057445868316394165,0.007512152010605391,0.05214317277949625,0.009279717189571365,0.017675651789659744,0.0057445868316394165,0.07026071586389748,0.007512152010605391,0.03623508616880247,0.008395934600088379,0.01104728236853734,0.43128590366769776,0.032699955810870526,0.009279717189571365,0.03314184710561202
0.26580587711487086,0.006678539626001781,0.006678539626001781,0.054764024933214604,0.008904719501335707,0.017809439002671415,0.00578806767586821,0.06856634016028496,0.008014247551202136,0.03561887800534283,0.008459483526268923,0.009795191451469279,0.43054318788958146,0.03250222617987533,0.007123775601068566,0.03294746215494212
0.2693156732891832,0.007947019867549669,0.006181015452538631,0.05121412803532009,0.008388520971302429,0.017218543046357615,0.006181015452538631,0.06490066225165562,0.0075055187637969095,0.03620309050772627,0.008388520971302429,0.008830022075055188,0.43222958057395144,0.03443708609271523,0.006622516556291391,0.03443708609271523
0.2694663167104112,0.0074365704286964126,0.006124234470691163,0.051618547681539804,0.009186351706036745,0.016622922134733157,0.00699912510936133,0.06167979002624672,0.007874015748031496,0.03587051618547681,0.008311461067366578,0.009623797025371828,0.4326334208223972,0.0336832895888014,0.005686789151356081,0.03718285214348206
0.26849800620292424,0.006202924235711121,0.007975188303057155,0.051395657953035,0.007975188303057155,0.01595037660611431,0.007532122286220647,0.06202924235711121,0.007532122286220647,0.03766061143110323,0.007975188303057155,0.00930438635356668,0.43420469649977844,0.033673017279574655,0.005316792202038104,0.03677447939743022
0.26373626373626374,0.006593406593406593,0.008351648351648353,0.052307692307692305,0.008351648351648353,0.014065934065934066,0.0074725274725274725,0.0589010989010989,0.007912087912087912,0.04,0.007032967032967033,0.00967032967032967,0.43824175824175826,0.03560439560439561,0.005274725274725275,0.036483516483516484
0.26486246672582076,0.007985803016858917,0.008429458740017746,0.05368234250221828,0.008429458740017746,0.015084294587400177,0.007985803016858917,0.05944986690328305,0.0075421472937000885,0.03948535936113576,0.005323868677905945,0.008873114463176575,0.435226264418811,0.035048802129547474,0.0044365572315882874,0.038154392191659274
0.2576632607729898,0.00888494002665482,0.006663705019991115,0.05286539315859618,0.006663705019991115,0.015992892047978675,0.008440693025322079,0.05864060417592181,0.006663705019991115,0.04042647712127943,0.004886717014660151,0.009329187027987561,0.4482452243447357,0.03198578409595735,0.00444247001332741,0.03820524211461573
0.2656042496679947,0.008853474988933156,0.008853474988933156,0.055776892430278883,0.006640106241699867,0.015493581230633024,0.009296148738379814,0.056219566179725546,0.007082779991146525,0.03851261620185923,0.00398406374501992,0.010624169986719787,0.4444444444444444,0.03275785745905268,0.00398406374501992,0.03187250996015936
0.2653985507246377,0.008605072463768116,0.008605072463768116,0.05570652173913043,0.006793478260869565,0.01585144927536232,0.009057971014492754,0.0552536231884058,0.006793478260869565,0.03940217391304348,0.004528985507246377,0.009510869565217392,0.447463768115942,0.029891304347826088,0.004076086956521739,0.03306159420289855
0.2654049295774648,0.007922535211267605,0.011003521126760563,0.055897887323943664,0.0044014084507042256,0.014964788732394365,0.007922535211267605,0.050616197183098594,0.006161971830985915,0.037411971830985914,0.005721830985915493,0.01056338028169014,0.4546654929577465,0.027288732394366196,0.0044014084507042256,0.035651408450704226
0.2605633802816901,0.008802816901408451,0.011003521126760563,0.05457746478873239,0.00528169014084507,0.01584507042253521,0.007922535211267605,0.050616197183098594,0.005721830985915493,0.03961267605633803,0.00528169014084507,0.012764084507042254,0.457306338028169,0.028169014084507043,0.0044014084507042256,0.032130281690140844
0.26395039858281666,0.010186005314437556,0.011514614703277236,0.05535872453498671,0.006200177147918512,0.01682905225863596,0.00841452612931798,0.0491585473870682,0.00487156775907883,0.03720106288751107,0.0070859167404783,0.012400354295837024,0.4508414526129318,0.030115146147032774,0.003100088573959256,0.03277236492471213
0.25756227758007116,0.01112099644128114,0.012455516014234875,0.06005338078291815,0.0066725978647686835,0.017793594306049824,0.009786476868327402,0.04715302491103203,0.004448398576512456,0.036476868327402136,0.008896797153024912,0.012455516014234875,0.44928825622775803,0.03113879003558719,0.003113879003558719,0.03158362989323844
0.2599118942731278,0.010572687224669603,0.01277533039647577,0.06079295154185022,0.007048458149779736,0.01894273127753304,0.00881057268722467,0.04757709251101322,0.004845814977973568,0.033920704845814977,0.00881057268722467,0.01145374449339207,0.4506607929515419,0.028634361233480177,0.0030837004405286344,0.032158590308370046
0.2647450110864745,0.010643015521064302,0.012416851441241685,0.06031042128603104,0.005764966740576497,0.01818181818181818,0.010643015521064302,0.04700665188470066,0.005321507760532151,0.03148558758314856,0.008869179600886918,0.01197339246119734,0.44878048780487806,0.027494456762749447,0.004878048780487805,0.03148558758314856
0.2614089499335401,0.011076650420912717,0.01284891448825875,0.06025697828976517,0.0057598582188746125,0.01905183872396987,0.00974745237040319,0.047408063801506424,0.004873726185201595,0.03190075321222862,0.007975188303057155,0.012405848471422242,0.4545857332742579,0.026140894993354008,0.0057598582188746125,0.028799291094373063
0.26984834968777877,0.00936663693131133,0.012042818911685994,0.060660124888492414,0.005798394290811775,0.018287243532560213,0.008920606601248885,0.04460303300624442,0.004014272970561998,0.032114183764495985,0.006690454950936664,0.012934879571810883,0.4527207850133809,0.028545941123996433,0.005798394290811775,0.027653880463871544
0.27078701645175635,0.008448199199644287,0.01200533570475767,0.06402845709204091,0.005335704757670075,0.016896398399288574,0.008448199199644287,0.04224099599822143,0.004891062694530902,0.03156958648288128,0.00755891507336594,0.01200533570475767,0.4530902623388173,0.026233881725211204,0.006224988883948421,0.03023566029346376
0.27284826974267967,0.009760425909494233,0.011535048802129548,0.05989352262644188,0.006211180124223602,0.015971606033717833,0.009316770186335404,0.04392191659272405,0.005767524401064774,0.031055900621118012,0.006654835847382431,0.011978704525288377,0.4520851818988465,0.025288376220053237,0.005767524401064774,0.03194321206743567
0.27155555555555555,0.008888888888888889,0.010222222222222223,0.05644444444444444,0.0071111111111111115,0.016888888888888887,0.009333333333333334,0.044,0.0057777777777777775,0.030222222222222223,0.006666666666666667,0.012444444444444444,0.4573333333333333,0.024888888888888887,0.006222222222222222,0.032
0.2711864406779661,0.007582515611061552,0.010258697591436218,0.059322033898305086,0.006244424620874219,0.01873327386262266,0.008028545941123996,0.043264942016057094,0.007136485280999108,0.03166815343443354,0.007582515611061552,0.014272970561998216,0.4464763603925067,0.0231935771632471,0.007582515611061552,0.03746654772524532
0.2662251655629139,0.006181015452538631,0.010596026490066225,0.060044150110375276,0.006181015452538631,0.02075055187637969,0.007947019867549669,0.04282560706401766,0.00706401766004415,0.031346578366445915,0.006622516556291391,0.013245033112582781,0.4534216335540839,0.02207505518763797,0.0075055187637969095,0.037969094922737305
0.2667554371948513,0.006657789613848202,0.009320905459387484,0.05903240124278739,0.007101642254771416,0.02130492676431425,0.007545494895694629,0.04216600088770528,0.007989347536617843,0.03062583222370173,0.005326231691078562,0.015090989791389259,0.45006657789613846,0.023968042609853527,0.00887705281846427,0.03817132711939636
0.2696530522617479,0.007026789635485288,0.00922266139657444,0.05665349143610013,0.007905138339920948,0.022397891963109356,0.007026789635485288,0.03908651734738691,0.006148440931049627,0.030303030303030304,0.005270092226613966,0.016249451032059728,0.45322793148880103,0.022397891963109356,0.00834431269213878,0.03908651734738691
0.269757174392936,0.006181015452538631,0.009713024282560706,0.05695364238410596,0.0075055187637969095,0.02163355408388521,0.006622516556291391,0.03620309050772627,0.006181015452538631,0.030463576158940398,0.006622516556291391,0.015894039735099338,0.4573951434878587,0.02384105960264901,0.0075055187637969095,0.037527593818984545
0.26222222222222225,0.006666666666666667,0.008444444444444444,0.060444444444444446,0.008888888888888889,0.022222222222222223,0.006666666666666667,0.03688888888888889,0.006222222222222222,0.028444444444444446,0.006666666666666667,0.018222222222222223,0.4582222222222222,0.025333333333333333,0.008444444444444444,0.036
0.26598579040852577,0.007548845470692718,0.008436944937833037,0.06039076376554174,0.009325044404973356,0.019094138543516874,0.007104795737122558,0.03596802841918295,0.006216696269982238,0.027531083481349913,0.006216696269982238,0.019094138543516874,0.458259325044405,0.023978685612788632,0.008436944937833037,0.03641207815275311
0.26868327402135234,0.007562277580071174,0.009341637010676156,0.05782918149466192,0.008451957295373666,0.016903914590747332,0.0071174377224199285,0.035142348754448396,0.005782918149466192,0.027580071174377226,0.0066725978647686835,0.018238434163701068,0.46352313167259784,0.024466192170818506,0.008896797153024912,0.033807829181494664
0.26273458445040215,0.0071492403932082215,0.009830205540661306,0.058534405719392314,0.008936550491510277,0.016979445933869526,0.006702412868632708,0.03351206434316354,0.006702412868632708,0.027256478999106343,0.006255585344057194,0.017873100983020553,0.4709562109025916,0.023681858802502235,0.00804289544235925,0.03485254691689008
0.2665198237885463,0.006607929515418502,0.009691629955947136,0.05726872246696035,0.007488986784140969,0.015859030837004406,0.005726872246696035,0.03524229074889868,0.008370044052863436,0.028634361233480177,0.007048458149779736,0.018061674008810574,0.4669603524229075,0.022466960352422908,0.009251101321585903,0.03480176211453744
0.2652970075926753,0.007146047342563644,0.00982581509602501,0.05448861098704779,0.008485931219294328,0.014738722644037517,0.007146047342563644,0.03394372487717731,0.007592675301473872,0.026351049575703438,0.006699419383653417,0.01652523447967843,0.4743188923626619,0.025011165698972757,0.0080393032603841,0.03439035283608754
0.26449912126537783,0.006590509666080844,0.009666080843585237,0.05755711775043937,0.00922671353251318,0.013620386643233744,0.007469244288224956,0.035588752196836555,0.007469244288224956,0.02460456942003515,0.006590509666080844,0.017135325131810195,0.4710017574692443,0.025483304042179262,0.00922671353251318,0.03427065026362039
