C_R,C_A,C_S,C_N,D_R,D_A,D_S,D_N,Oc_R,Oc_A,Oc_S,Oc_N,Od_R,Od_A,Od_S,Od_N
0.0,1.0,0.0,0.0,0.0,0.0,0.0,0.0,0.0,0.0,0.0,0.0,0.0,0.0,0.0,0.0
0.0,0.6,0.0,0.0,0.0,0.0,0.0,0.4,0.0,0.0,0.0,0.0,0.0,0.0,0.0,0.0
0.0,0.5,0.0,0.25,0.0,0.0,0.0,0.25,0.0,0.0,0.0,0.0,0.0,0.0,0.0,0.0
0.0,0.38461538461538464,0.0,0.23076923076923078,0.0,0.0,0.0,0.38461538461538464,0.0,0.0,0.0,0.0,0.0,0.0,0.0,0.0
0.0,0.23809523809523808,0.0,0.23809523809523808,0.0,0.0,0.0,0.42857142857142855,0.0,0.0,0.0,0.0,0.0,0.0,0.09523809523809523,0.0
0.0,0.24242424242424243,0.0,0.24242424242424243,0.0,0.0,0.0,0.36363636363636365,0.0,0.0,0.0,0.0,0.06060606060606061,0.0,0.09090909090909091,0.0
0.0,0.20408163265306123,0.0,0.2653061224489796,0.0,0.0,0.0,0.32653061224489793,0.0,0.08163265306122448,0.0,0.0,0.061224489795918366,0.0,0.061224489795918366,0.0
0.0,0.140625,0.0,0.265625,0.0,0.0,0.0,0.359375,0.0,0.09375,0.03125,0.0,0.078125,0.0,0.03125,0.0
0.0,0.13636363636363635,0.0,0.2840909090909091,0.0,0.0,0.0,0.3068181818181818,0.0,0.09090909090909091,0.022727272727272728,0.0,0.11363636363636363,0.0,0.045454545454545456,0.0
0.0,0.14049586776859505,0.0,0.2975206611570248,0.0,0.0,0.0,0.2809917355371901,0.0,0.08264462809917356,0.03305785123966942,0.0,0.12396694214876033,0.0,0.04132231404958678,0.0
0.00625,0.14375,0.0,0.2875,0.0,0.0125,0.0,0.25625,0.0,0.0625,0.03125,0.0,0.15,0.0,0.05,0.0
0.024154589371980676,0.1497584541062802,0.0,0.2608695652173913,0.0,0.014492753623188406,0.0,0.24154589371980675,0.0,0.04830917874396135,0.03864734299516908,0.0,0.16908212560386474,0.0,0.05314009661835749,0.0
0.032846715328467155,0.13503649635036497,0.0,0.23357664233576642,0.0,0.021897810218978103,0.0,0.22627737226277372,0.0,0.04744525547445255,0.043795620437956206,0.0072992700729927005,0.1897810218978102,0.0,0.06204379562043796,0.0
0.045845272206303724,0.12893982808022922,0.0,0.22349570200573066,0.0057306590257879654,0.025787965616045846,0.0,0.2148997134670487,0.0,0.05157593123209169,0.04297994269340974,0.008595988538681949,0.19484240687679083,0.0,0.05730659025787966,0.0
0.05411764705882353,0.1388235294117647,0.002352941176470588,0.21411764705882352,0.007058823529411765,0.03058823529411765,0.0,0.18823529411764706,0.0,0.04941176470588235,0.042352941176470586,0.009411764705882352,0.1976470588235294,0.0,0.06352941176470588,0.002352941176470588
0.060903732809430254,0.15717092337917485,0.0019646365422396855,0.2200392927308448,0.009823182711198428,0.03143418467583497,0.0,0.1512770137524558,0.0019646365422396855,0.04911591355599214,0.0412573673870334,0.015717092337917484,0.18860510805500982,0.0,0.068762278978389,0.0019646365422396855
0.08221476510067115,0.1493288590604027,0.0016778523489932886,0.20469798657718122,0.010067114093959731,0.03355704697986577,0.0,0.14597315436241612,0.0016778523489932886,0.04865771812080537,0.04194630872483222,0.016778523489932886,0.1929530201342282,0.0,0.06543624161073826,0.0050335570469798654
0.08701854493580599,0.15834522111269614,0.0014265335235378032,0.18544935805991442,0.014265335235378032,0.034236804564907276,0.0,0.1383737517831669,0.0014265335235378032,0.05135520684736091,0.039942938659058486,0.021398002853067047,0.19686162624821682,0.0,0.06419400855920114,0.005706134094151213
0.09819121447028424,0.15374677002583978,0.0012919896640826874,0.19121447028423771,0.012919896640826873,0.03488372093023256,0.0012919896640826874,0.12919896640826872,0.00516795865633075,0.05167958656330749,0.037467700258397935,0.01808785529715762,0.19509043927648578,0.0,0.06459948320413436,0.00516795865633075
0.10430839002267574,0.15759637188208617,0.0011337868480725624,0.18594104308390022,0.015873015873015872,0.034013605442176874,0.0011337868480725624,0.11337868480725624,0.005668934240362812,0.05328798185941043,0.03741496598639456,0.02040816326530612,0.1927437641723356,0.0,0.07029478458049887,0.006802721088435374
0.1056338028169014,0.15090543259557343,0.002012072434607646,0.1981891348088531,0.013078470824949699,0.03722334004024145,0.0,0.11468812877263582,0.007042253521126761,0.05331991951710262,0.03118712273641851,0.02012072434607646,0.19416498993963782,0.0,0.06539235412474849,0.007042253521126761
0.11252268602540835,0.14882032667876588,0.0009074410163339383,0.19147005444646098,0.011796733212341199,0.041742286751361164,0.0009074410163339383,0.10072595281306715,0.007259528130671506,0.05989110707803993,0.034482758620689655,0.020871143375680582,0.19419237749546278,0.0027223230490018148,0.06533575317604355,0.006352087114337568
0.12273476112026359,0.14332784184514002,0.002471169686985173,0.19192751235584843,0.015650741350906095,0.042009884678747944,0.0008237232289950577,0.09802306425041186,0.008237232289950576,0.05930807248764415,0.029654036243822075,0.025535420098846788,0.18945634266886327,0.004118616144975288,0.05683690280065898,0.009884678747940691
0.12175204157386786,0.13808463251670378,0.003711952487008166,0.1855976243504083,0.019302152932442463,0.041573867854491464,0.0014847809948032665,0.09799554565701558,0.009651076466221232,0.060133630289532294,0.028210838901262063,0.030438010393466965,0.19227913882702302,0.002969561989606533,0.05493689680772086,0.011878247958426132
0.11961722488038277,0.13260423786739575,0.005468215994531784,0.18796992481203006,0.022556390977443608,0.0430622009569378,0.000683526999316473,0.08817498291182502,0.009569377990430622,0.05878332194121668,0.03144224196855776,0.03212576896787423,0.19207108680792892,0.002734107997265892,0.056049213943950786,0.017088174982911826
0.11912427559562137,0.12685125563425628,0.004507405022537025,0.18480360592401804,0.02189311010946555,0.0463618802318094,0.0019317450096587251,0.08564069542820348,0.009658725048293626,0.06825499034127495,0.030264005151320026,0.038634900193174504,0.1880231809401159,0.003219575016097875,0.049581455247907275,0.021249195106245976
0.12265861027190332,0.12507552870090635,0.0036253776435045317,0.18126888217522658,0.02416918429003021,0.045317220543806644,0.002416918429003021,0.08277945619335347,0.011480362537764351,0.07371601208459215,0.03141993957703928,0.04169184290030212,0.1782477341389728,0.0036253776435045317,0.04833836858006042,0.02416918429003021
0.12211981566820276,0.12327188940092165,0.0034562211981566822,0.18317972350230416,0.02707373271889401,0.04377880184331797,0.002880184331797235,0.07891705069124424,0.012672811059907835,0.07315668202764977,0.03341013824884793,0.04377880184331797,0.17453917050691245,0.004032258064516129,0.04838709677419355,0.02534562211981567
0.12625698324022347,0.12290502793296089,0.00558659217877095,0.1793296089385475,0.028491620111731845,0.042458100558659215,0.0022346368715083797,0.08044692737430167,0.012849162011173185,0.07318435754189945,0.034636871508379886,0.04692737430167598,0.1659217877094972,0.006145251396648044,0.044134078212290505,0.028491620111731845
0.12891046386192018,0.12297734627831715,0.005933117583603021,0.17367853290183388,0.03182308522114347,0.040453074433656956,0.002157497303128371,0.07389428263214672,0.015102481121898598,0.07389428263214672,0.036138079827400214,0.05070118662351672,0.16235167206040993,0.005393743257820928,0.04584681769147789,0.030744336569579287
0.13666838576585869,0.1186178442496132,0.006188757091284167,0.17328519855595667,0.02888086642599278,0.037648272305312015,0.0015471892728210418,0.07323362558019597,0.01701908200103146,0.07581227436823104,0.035069623517276945,0.05415162454873646,0.1624548736462094,0.006188757091284167,0.042805569881382156,0.030428055698813822
0.13493253373313344,0.10944527736131934,0.0069965017491254375,0.175912043978011,0.028985507246376812,0.038980509745127435,0.0014992503748125937,0.0704647676161919,0.018490754622688656,0.0769615192403798,0.035982008995502246,0.05847076461769116,0.15892053973013492,0.00849575212393803,0.04147926036981509,0.03398300849575212
0.13570038910505836,0.11284046692607004,0.007782101167315175,0.16828793774319067,0.027237354085603113,0.037937743190661476,0.0014591439688715954,0.07101167315175097,0.019455252918287938,0.08122568093385214,0.0316147859922179,0.0622568093385214,0.1566147859922179,0.008268482490272374,0.04426070038910506,0.03404669260700389
0.1329862754377662,0.11168954093705631,0.007572172266919072,0.16848083293894936,0.024136299100804542,0.038334122101277804,0.001893043066729768,0.06672976810222432,0.02082347373402745,0.08566019876952201,0.03502129673450071,0.06247042120208235,0.1575958353052532,0.008045433033601515,0.04495977283483199,0.03360151443445338
0.13073713490959665,0.11172925359295317,0.006954102920723227,0.1645804357904497,0.025961984237366714,0.03708854891052388,0.0027816411682892906,0.06954102920723226,0.01808066759388039,0.08623087621696801,0.037552155771905425,0.06490496059341679,0.15808993973110802,0.00927213722763097,0.04357904496986555,0.03291608715808994
0.13369467028003612,0.10569105691056911,0.0076784101174345075,0.16485998193315266,0.023035230352303523,0.037488708220415536,0.002258355916892502,0.06729900632339657,0.017163504968383016,0.0948509485094851,0.03884372177055104,0.06549232158988257,0.15718157181571815,0.008130081300813009,0.04200542005420054,0.03432700993676603
0.1318781264211005,0.10595725329695316,0.007730786721236926,0.16098226466575716,0.022737608003638016,0.03956343792633015,0.004547521600727604,0.06684856753069578,0.019099590723055934,0.0927694406548431,0.041837198726693954,0.06775807185084129,0.15325147794452024,0.009095043201455207,0.04001819008640291,0.035925420645748066
0.12939585211902616,0.10414788097385032,0.009467989179440937,0.16321009918845808,0.024346257889990983,0.0351668169522092,0.004959422903516681,0.06311992786293959,0.019837691614066726,0.09648331830477908,0.04012623985572588,0.06537421100090171,0.15554553651938682,0.009467989179440937,0.03922452660054103,0.04012623985572588
0.13122171945701358,0.10135746606334842,0.007692307692307693,0.16968325791855204,0.026244343891402715,0.03619909502262444,0.004524886877828055,0.06515837104072399,0.019909502262443438,0.09457013574660633,0.0416289592760181,0.06153846153846154,0.15339366515837105,0.009954751131221719,0.038461538461538464,0.038461538461538464
0.13360507246376813,0.09782608695652174,0.006793478260869565,0.16893115942028986,0.02309782608695652,0.034420289855072464,0.004981884057971014,0.06476449275362318,0.021286231884057972,0.09873188405797101,0.041666666666666664,0.06295289855072464,0.15081521739130435,0.009963768115942028,0.03894927536231884,0.04121376811594203
0.1352808988764045,0.10112359550561797,0.006741573033707865,0.16764044943820225,0.02696629213483146,0.03640449438202247,0.005393258426966292,0.06337078651685393,0.020224719101123594,0.0948314606741573,0.03910112359550562,0.060674157303370786,0.15146067415730338,0.011685393258426966,0.03775280898876404,0.04134831460674157
0.13694975544686527,0.09515340151178302,0.009337483325922631,0.16896398399288573,0.02712316585148955,0.03601600711427301,0.006224988883948421,0.062249888839484215,0.018674966651845263,0.09470875944864385,0.03868385949310805,0.06136060471320587,0.15651400622498887,0.014228546020453535,0.03423743886171632,0.039573143619386394
0.13800904977375567,0.09457013574660633,0.011312217194570135,0.17330316742081447,0.026244343891402715,0.03936651583710407,0.006787330316742082,0.05927601809954751,0.01809954751131222,0.08914027149321267,0.03484162895927602,0.06244343891402715,0.15656108597285068,0.017194570135746608,0.0334841628959276,0.03936651583710407
0.14337240757439135,0.08926961226330027,0.01127141568981064,0.17493237150586113,0.027051397655545536,0.0369702434625789,0.008566275924256087,0.057709648331830475,0.01848512173128945,0.08476104598737602,0.034265103697024346,0.06582506762849413,0.16050495942290352,0.015779981965734897,0.029756537421100092,0.04147880973850315
0.14292134831460673,0.08674157303370786,0.00943820224719101,0.17393258426966293,0.029662921348314608,0.038651685393258424,0.008988764044943821,0.05752808988764045,0.01752808988764045,0.08943820224719101,0.03550561797752809,0.0651685393258427,0.15955056179775282,0.016179775280898877,0.029662921348314608,0.03910112359550562
0.14130434782608695,0.08559782608695653,0.010416666666666666,0.17300724637681159,0.028532608695652172,0.03940217391304348,0.008605072463768116,0.058423913043478264,0.017210144927536232,0.08559782608695653,0.03260869565217391,0.06385869565217392,0.1634963768115942,0.01947463768115942,0.03125,0.04121376811594203
0.14369633981021238,0.08269317668323543,0.011296882060551287,0.1735201084500678,0.02666064166290104,0.039313149570718485,0.0072300045187528245,0.06190691369182106,0.016719385449615907,0.08224130140081337,0.031631269769543606,0.06461816538635337,0.16583822864889292,0.02078626299141437,0.030727519204699502,0.041120650700406686
0.14382022471910114,0.07640449438202247,0.011685393258426966,0.1752808988764045,0.02651685393258427,0.04,0.0071910112359550565,0.060674157303370786,0.01662921348314607,0.08269662921348314,0.0301123595505618,0.06382022471910112,0.1707865168539326,0.02202247191011236,0.03325842696629214,0.03910112359550562
0.14016172506738545,0.07502246181491465,0.01302785265049416,0.1752021563342318,0.027403414195867025,0.03728661275831087,0.006738544474393531,0.061096136567834684,0.017969451931716084,0.08265947888589398,0.03234501347708895,0.0651392632524708,0.1761006289308176,0.02021563342318059,0.03009883198562444,0.039532794249775384
0.1413141314131413,0.07290729072907291,0.011701170117011701,0.1773177317731773,0.0288028802880288,0.03735373537353735,0.008100810081008101,0.0594059405940594,0.01935193519351935,0.08235823582358236,0.032403240324032405,0.06570657065706571,0.17506750675067506,0.01935193519351935,0.0297029702970297,0.03915391539153915
0.14599193909538738,0.07344379758172861,0.012091356918943126,0.17733990147783252,0.027765338110165697,0.0380653828929691,0.007165248544558889,0.05687416032243618,0.019256605463502014,0.08419167039856695,0.032243618450515,0.06851768920734438,0.1683833407971339,0.02104791759964174,0.028660994178235557,0.03896103896103896
0.149118843199277,0.0727519204699503,0.012652507907817443,0.17397198373248984,0.02937189335743335,0.034794396746497966,0.006778129236330773,0.05919566199728875,0.01807501129688206,0.08088567555354723,0.030727519204699502,0.06913691821057388,0.17487573429733394,0.021238138273836422,0.028468142792589246,0.037957523723452326
0.14878268710550044,0.07078449053201082,0.012173128944995492,0.1762849413886384,0.030658250676284943,0.035617673579801626,0.008115419296663661,0.059513074842200184,0.017132551848512173,0.08025247971145176,0.031109107303877368,0.06582506762849413,0.17177637511271415,0.022993688007213707,0.027051397655545536,0.04192966636609558
0.14713774597495527,0.06797853309481217,0.011180679785330949,0.17844364937388194,0.02996422182468694,0.03488372093023256,0.008944543828264758,0.06037567084078712,0.01699463327370304,0.08228980322003578,0.03175313059033989,0.06529516994633273,0.17620751341681573,0.024150268336314847,0.0259391771019678,0.038461538461538464
0.14600179694519316,0.0664869721473495,0.013477088948787063,0.1765498652291105,0.027403414195867025,0.03638814016172507,0.010332434860736747,0.06064690026954178,0.015274034141958671,0.08131176999101528,0.027852650494159928,0.0664869721473495,0.18014375561545373,0.02425876010781671,0.02605570530098832,0.04132973944294699
0.1475702184574231,0.06464556397681677,0.015158270173874276,0.18279090503789566,0.028979045920642,0.03611234953187695,0.009362460989745877,0.06018724921979492,0.01649576460098083,0.07980383415069103,0.024520731163620153,0.06598305840392332,0.18056174765938476,0.022737405260811413,0.024966562639322336,0.04012483281319661
0.1476147614761476,0.06345634563456345,0.0153015301530153,0.1773177317731773,0.0306030603060306,0.03735373537353735,0.010801080108010801,0.0594059405940594,0.01665166516651665,0.081008100810081,0.023402340234023402,0.06885688568856886,0.17686768676867687,0.023852385238523854,0.026552655265526554,0.04095409540954095
0.1548791405550582,0.06401074306177261,0.017457475380483437,0.17949865711727842,0.03178155774395703,0.03715308863025962,0.011190689346463742,0.05908683974932856,0.01656222023276634,0.07341092211280215,0.022381378692927483,0.06624888093106536,0.17636526410026857,0.022381378692927483,0.024619516562220233,0.04297224709042077
0.1510952168082253,0.06526598122485472,0.017881090746535537,0.18372820742065266,0.03218596334376397,0.03933839964237819,0.013857845328565042,0.059901654000894054,0.013410818059901655,0.06884219937416182,0.025033527045149755,0.06258381761287439,0.17746982565936523,0.023692445239159587,0.024586499776486366,0.04112650871703174
0.15349887133182843,0.0654627539503386,0.02076749435665914,0.18419864559819413,0.028442437923250564,0.037923250564334085,0.01218961625282167,0.05733634311512415,0.013544018058690745,0.07223476297968397,0.025733634311512415,0.06139954853273138,0.18013544018058691,0.02347629796839729,0.022573363431151242,0.04108352144469526
0.1545045045045045,0.062162162162162166,0.024324324324324326,0.18423423423423424,0.025225225225225224,0.04009009009009009,0.01126126126126126,0.05900900900900901,0.014864864864864866,0.06891891891891892,0.025225225225225224,0.06126126126126126,0.18063063063063062,0.023873873873873873,0.022972972972972974,0.04144144144144144
0.15695864828812806,0.06358381502890173,0.02401067140951534,0.1840818141396176,0.024455313472654512,0.03868385949310805,0.011560693641618497,0.052912405513561585,0.015562472209871054,0.0689195197865718,0.02267674522009782,0.062249888839484215,0.18497109826589594,0.024455313472654512,0.022232103156958647,0.0426856380613606
0.16001792917974003,0.05916629314208875,0.024204392649036306,0.1828776333482743,0.027790228597041687,0.03675481846705513,0.010309278350515464,0.05244285073957866,0.016136261766024205,0.06902734199910354,0.021963245181532944,0.06095921111609144,0.18825638727028238,0.024652622142536978,0.02330793366203496,0.0421335723890632
0.16276978417266186,0.06025179856115108,0.024280575539568347,0.1843525179856115,0.027428057553956834,0.03776978417266187,0.009442446043165468,0.0539568345323741,0.015287769784172662,0.06924460431654676,0.022032374100719423,0.05935251798561151,0.18615107913669066,0.022931654676258992,0.02473021582733813,0.04001798561151079
0.15904042647712127,0.05908485117725455,0.025322079075966238,0.1799200355397601,0.02798756108396268,0.04042647712127943,0.009773434029320302,0.05153265215459796,0.015992892047978675,0.06796979120390938,0.02221235006663705,0.06219458018658374,0.19369169258107508,0.021768103065304308,0.02221235006663705,0.040870724122612175
0.16651705565529623,0.058797127468581685,0.02423698384201077,0.1817773788150808,0.027378815080789945,0.040843806104129264,0.011669658886894075,0.05026929982046679,0.017055655296229804,0.06373429084380611,0.019748653500897665,0.05834829443447038,0.19254937163375224,0.02154398563734291,0.02333931777378815,0.0421903052064632
0.16651825467497774,0.05966162065894924,0.0213713268032057,0.18788958147818344,0.024933214603739984,0.04007123775601069,0.012021371326803205,0.051647373107747106,0.017809439002671415,0.06010685663401603,0.017809439002671415,0.05966162065894924,0.19634906500445237,0.021816562778272486,0.021816562778272486,0.040516473731077474
0.16592920353982302,0.05752212389380531,0.01991150442477876,0.19513274336283185,0.023893805309734513,0.03805309734513274,0.011504424778761062,0.048230088495575224,0.016371681415929203,0.06548672566371681,0.01592920353982301,0.05796460176991151,0.1986725663716814,0.023008849557522124,0.020353982300884955,0.0420353982300885
0.1704697986577181,0.05548098434004474,0.02058165548098434,0.19507829977628635,0.025503355704697986,0.03847874720357942,0.012080536912751677,0.04787472035794183,0.015212527964205816,0.06577181208053691,0.015212527964205816,0.059955257270693514,0.19463087248322147,0.02505592841163311,0.01923937360178971,0.039373601789709174
0.1678539626001781,0.05520926090828139,0.020035618878005344,0.19634906500445237,0.024933214603739984,0.034728406055209264,0.013357079252003561,0.04808548530721282,0.01647373107747106,0.06411398040961709,0.015583259127337488,0.057435440783615316,0.19857524487978628,0.025823686553873553,0.01914514692787177,0.04229741763134461
0.1702127659574468,0.05585106382978723,0.018173758865248225,0.1879432624113475,0.026152482269503546,0.0350177304964539,0.010195035460992909,0.05186170212765957,0.016400709219858155,0.06693262411347518,0.016843971631205674,0.05629432624113475,0.19946808510638298,0.0274822695035461,0.02127659574468085,0.0398936170212766
0.16606822262118492,0.05341113105924596,0.018850987432675045,0.18581687612208259,0.027827648114901255,0.034560143626570915,0.010323159784560144,0.05341113105924596,0.01436265709156194,0.06463195691202872,0.018850987432675045,0.05655296229802514,0.20242369838420107,0.03052064631956912,0.019299820466786355,0.04308797127468582
0.16733961417676088,0.05114401076716016,0.018842530282637954,0.1933602512337371,0.02557200538358008,0.03454463885150292,0.008972633467922835,0.05069537909376402,0.01301031852848811,0.06684611933602512,0.018842530282637954,0.054284432480933155,0.20502467474203678,0.03050695379093764,0.020188425302826378,0.0408254822790489
0.1732142857142857,0.048214285714285716,0.01875,0.19598214285714285,0.026785714285714284,0.034375,0.008482142857142856,0.048214285714285716,0.014285714285714285,0.06383928571428571,0.017857142857142856,0.053125,0.2044642857142857,0.03080357142857143,0.020982142857142855,0.040625
0.1738544474393531,0.04806828391734052,0.018418688230008983,0.19811320754716982,0.02605570530098832,0.03638814016172507,0.009433962264150943,0.050314465408805034,0.013926325247079964,0.061096136567834684,0.016621743036837375,0.053009883198562445,0.20215633423180593,0.03099730458221024,0.02336028751123091,0.038185085354896675
0.17360178970917226,0.04742729306487696,0.016554809843400447,0.19373601789709172,0.02774049217002237,0.03847874720357942,0.009395973154362415,0.04832214765100671,0.012527964205816556,0.06263982102908278,0.015659955257270694,0.05190156599552573,0.20626398210290828,0.02953020134228188,0.024608501118568233,0.04161073825503356
0.17927046263345195,0.04848754448398576,0.01601423487544484,0.19172597864768684,0.02802491103202847,0.036476868327402136,0.009341637010676156,0.05115658362989324,0.013790035587188613,0.059163701067615655,0.015124555160142349,0.054270462633451956,0.199288256227758,0.03158362989323844,0.02402135231316726,0.04225978647686833
0.17377777777777778,0.04488888888888889,0.016888888888888887,0.1942222222222222,0.029333333333333333,0.03777777777777778,0.008,0.05288888888888889,0.014666666666666666,0.059555555555555556,0.014222222222222223,0.050666666666666665,0.21022222222222223,0.030666666666666665,0.021777777777777778,0.04044444444444444
0.17535971223021582,0.045863309352517985,0.01618705035971223,0.1960431654676259,0.027428057553956834,0.03866906474820144,0.0085431654676259,0.05170863309352518,0.014388489208633094,0.05935251798561151,0.013489208633093525,0.048111510791366906,0.21402877697841727,0.03147482014388489,0.020233812949640287,0.03911870503597122
0.177390527256479,0.04423592493297587,0.016979445933869526,0.19258266309204647,0.028150134048257374,0.03753351206434316,0.007596067917783735,0.05317247542448615,0.01161751563896336,0.06032171581769437,0.012064343163538873,0.05227882037533512,0.2193923145665773,0.02993744414655943,0.01831992850759607,0.03842716711349419
0.18059901654000893,0.04380867232901207,0.015645954403218598,0.19400983459991059,0.028162717925793473,0.03933839964237819,0.008493518104604381,0.051408135896289675,0.012069736253911488,0.058113544926240504,0.0116227089852481,0.054090299508270004,0.21904336164506036,0.027715690657130084,0.018775145283862316,0.037103263299061245
0.18473351400180668,0.045618789521228546,0.016260162601626018,0.1897018970189702,0.025745257452574527,0.03974706413730804,0.01038843721770551,0.051490514905149054,0.011743450767841012,0.057362240289069555,0.011291779584462511,0.053297199638663056,0.2181571815718157,0.028906955736224028,0.017615176151761516,0.037940379403794036
0.18548387096774194,0.043010752688172046,0.017921146953405017,0.1863799283154122,0.025089605734767026,0.03853046594982079,0.00985663082437276,0.05241935483870968,0.011648745519713262,0.05600358422939068,0.012544802867383513,0.05510752688172043,0.22267025089605735,0.02867383512544803,0.017025089605734768,0.03763440860215054
0.190561797752809,0.041797752808988765,0.017977528089887642,0.1856179775280899,0.024719101123595506,0.04044943820224719,0.00943820224719101,0.0498876404494382,0.010337078651685393,0.05887640449438202,0.013932584269662922,0.048988764044943824,0.2251685393258427,0.028314606741573035,0.01752808988764045,0.03640449438202247
0.18735992828328105,0.043478260869565216,0.01703272075302555,0.18915284625728374,0.025549081129538322,0.04034065441506051,0.010309278350515464,0.0502017032720753,0.010757507844016136,0.05468399820708202,0.014343343792021516,0.047512326311071267,0.22770058269834156,0.027790228597041687,0.016584491259524877,0.037203047960555805
0.18970917225950784,0.042505592841163314,0.017002237136465325,0.18344519015659955,0.02774049217002237,0.038926174496644296,0.01029082774049217,0.05011185682326622,0.012080536912751677,0.052796420581655484,0.015212527964205816,0.04742729306487696,0.23176733780760628,0.02774049217002237,0.016107382550335572,0.03713646532438479
0.19049733570159857,0.04218472468916518,0.016429840142095916,0.18339253996447602,0.02708703374777975,0.038632326820603906,0.010213143872113677,0.04884547069271759,0.012877442273534635,0.052397868561278864,0.013765541740674956,0.04662522202486678,0.23090586145648312,0.03019538188277087,0.016873889875666074,0.03907637655417407
0.1919463087248322,0.042058165548098436,0.016107382550335572,0.1821029082774049,0.027293064876957495,0.040268456375838924,0.009843400447427294,0.04697986577181208,0.013422818791946308,0.05145413870246085,0.013870246085011185,0.04832214765100671,0.23221476510067113,0.031767337807606266,0.016554809843400447,0.035794183445190156
0.19165927240461403,0.04392191659272405,0.01730257320319432,0.18278615794143743,0.026175687666370896,0.041259982253771074,0.009316770186335404,0.04392191659272405,0.01419698314108252,0.050576752440106475,0.011535048802129548,0.04791481810115351,0.23558118899733807,0.030168589174800354,0.01730257320319432,0.03637976929902396
0.19642058165548099,0.04161073825503356,0.0174496644295302,0.1825503355704698,0.025503355704697986,0.042058165548098436,0.009395973154362415,0.04429530201342282,0.014317673378076063,0.05100671140939597,0.01029082774049217,0.04697986577181208,0.23624161073825503,0.029977628635346757,0.016107382550335572,0.035794183445190156
0.19614003590664272,0.04129263913824058,0.01615798922800718,0.19075403949730702,0.026032315978456014,0.04039497307001795,0.008976660682226212,0.04308797127468582,0.013464991023339317,0.049820466786355475,0.010323159784560144,0.04488330341113106,0.23518850987432674,0.0296229802513465,0.017055655296229804,0.03680430879712747
0.199288256227758,0.04048042704626335,0.015124555160142349,0.18861209964412812,0.025800711743772242,0.03870106761565836,0.00800711743772242,0.042704626334519574,0.014679715302491103,0.04893238434163701,0.009341637010676156,0.04581850533807829,0.23887900355871886,0.029804270462633453,0.017348754448398576,0.036476868327402136
0.19820627802690582,0.04125560538116592,0.01390134529147982,0.18251121076233184,0.026457399103139014,0.04035874439461883,0.006726457399103139,0.039461883408071746,0.016591928251121078,0.04708520179372197,0.010762331838565023,0.0484304932735426,0.24439461883408073,0.02914798206278027,0.019282511210762333,0.03542600896860987
0.19884853852967227,0.03985828166519043,0.013286093888396812,0.1762621789193977,0.02612931798051373,0.04074402125775022,0.005757307351638618,0.037643932683790966,0.015943312666076175,0.046058458813108945,0.011957484499557131,0.05270150575730735,0.25022143489813997,0.02967227635075288,0.018600531443755536,0.03631532329495128
0.19522968197879859,0.037544169611307424,0.011484098939929329,0.1793286219081272,0.02561837455830389,0.04107773851590106,0.005742049469964664,0.037985865724381625,0.015901060070671377,0.04946996466431095,0.011484098939929329,0.05079505300353357,0.2570671378091873,0.028268551236749116,0.017226148409893994,0.0357773851590106
0.20035382574082264,0.03715170278637771,0.01238390092879257,0.17779743476337903,0.024325519681556832,0.04201680672268908,0.007076514816452897,0.03715170278637771,0.0145953118089341,0.04643962848297214,0.01238390092879257,0.048651039363113664,0.26094648385670055,0.02786377708978328,0.017691287041132243,0.033171163202122954
0.20071047957371227,0.035523978685612786,0.013321492007104795,0.17673179396092362,0.02486678507992895,0.043516873889875664,0.0066607460035523975,0.03818827708703375,0.011989342806394316,0.044849023090586145,0.012877442273534635,0.04662522202486678,0.2655417406749556,0.02708703374777975,0.018206039076376555,0.03330373001776199
0.19937694704049844,0.035603026257231864,0.01290609701824655,0.17623497997329773,0.024477080551846907,0.047619047619047616,0.006675567423230975,0.040498442367601244,0.01290609701824655,0.044058744993324434,0.012461059190031152,0.04361370716510903,0.2630173564753004,0.0267022696929239,0.01824655095683133,0.035603026257231864
0.2027815163750561,0.03275011215791835,0.01256168685509197,0.1812471960520413,0.023777478689995513,0.04576043068640646,0.005383580080753701,0.03813369223867205,0.013907581875280395,0.04800358905338717,0.01256168685509197,0.04486316733961418,0.2620008972633468,0.024674742036787798,0.018842530282637954,0.03275011215791835
0.1995505617977528,0.033707865168539325,0.011235955056179775,0.18337078651685393,0.023370786516853932,0.046741573033707864,0.006292134831460674,0.03910112359550562,0.01303370786516854,0.04584269662921348,0.01348314606741573,0.045393258426966294,0.261123595505618,0.02696629213483146,0.01662921348314607,0.03415730337078652
0.20133333333333334,0.03422222222222222,0.012,0.18222222222222223,0.02311111111111111,0.044,0.0057777777777777775,0.034666666666666665,0.013333333333333334,0.04711111111111111,0.013333333333333334,0.044444444444444446,0.26844444444444443,0.025777777777777778,0.016888888888888887,0.03333333333333333
0.20097604259094942,0.030168589174800354,0.012422360248447204,0.1867790594498669,0.02129547471162378,0.04303460514640639,0.005323868677905945,0.03771073646850044,0.015084294587400177,0.04835847382431233,0.012866015971606033,0.040372670807453416,0.2675244010647737,0.024844720496894408,0.01730257320319432,0.03593611357586513
0.19937694704049844,0.02848242100578549,0.01335113484646195,0.18691588785046728,0.025367156208277702,0.04183355585224744,0.0053404539385847796,0.037383177570093455,0.013796172674677348,0.04895416110369381,0.01335113484646195,0.04227859368046284,0.26479750778816197,0.022696929238985315,0.01913662661326213,0.03693813974187806
0.20204262877442272,0.025310834813499113,0.013321492007104795,0.1891651865008881,0.02575488454706927,0.040408525754884544,0.004884547069271759,0.03596802841918295,0.014209591474245116,0.047513321492007106,0.011989342806394316,0.044849023090586145,0.26865008880994673,0.023978685612788632,0.017761989342806393,0.034191829484902306
0.2041814946619217,0.025800711743772242,0.015124555160142349,0.18594306049822065,0.024466192170818506,0.03914590747330961,0.004893238434163701,0.037811387900355875,0.014679715302491103,0.04937722419928826,0.01201067615658363,0.04225978647686833,0.27001779359430605,0.024466192170818506,0.017793594306049824,0.03202846975088968
0.20329181494661921,0.023131672597864767,0.016903914590747332,0.19306049822064056,0.025355871886120998,0.03870106761565836,0.006227758007117438,0.03825622775800712,0.013790035587188613,0.04715302491103203,0.012900355871886121,0.0400355871886121,0.2669039145907473,0.027135231316725978,0.017348754448398576,0.029804270462633453
0.21193232413178986,0.02226179875333927,0.015138023152270703,0.19056099732858414,0.024487978628673197,0.04140694568121104,0.006678539626001781,0.03873552983081033,0.013357079252003561,0.048975957257346395,0.011130899376669634,0.040516473731077474,0.26135351736420304,0.026714158504007122,0.016918967052537846,0.02983081032947462
0.21773835920177384,0.02261640798226164,0.014634146341463415,0.18492239467849225,0.02261640798226164,0.03991130820399113,0.007982261640798226,0.039467849223946784,0.012416851441241685,0.04656319290465632,0.012860310421286032,0.03991130820399113,0.2616407982261641,0.02616407982261641,0.01729490022172949,0.03325942350332594
0.22054915854738708,0.02037201062887511,0.013728963684676704,0.18777679362267494,0.025243578387953942,0.03897254207263064,0.006643046944198406,0.03941541186891054,0.013728963684676704,0.04384410983170948,0.012843224092116917,0.03985828166519043,0.2608503100088574,0.024357838795394153,0.01948627103631532,0.032329495128432244
0.2146341463414634,0.019955654101995565,0.013747228381374724,0.18802660753880265,0.025720620842572064,0.04124168514412417,0.00753880266075388,0.03813747228381375,0.013747228381374724,0.042572062084257206,0.014190687361419069,0.039467849223946784,0.2660753880266075,0.02261640798226164,0.020399113082039913,0.031929046563192905
0.22102908277404923,0.01879194630872483,0.013870246085011185,0.18523489932885906,0.026845637583892617,0.03982102908277405,0.007606263982102908,0.03668903803131991,0.012527964205816556,0.04519015659955257,0.013870246085011185,0.03847874720357942,0.2657718120805369,0.023266219239373602,0.021476510067114093,0.02953020134228188
0.21550179211469533,0.02060931899641577,0.01478494623655914,0.1868279569892473,0.024193548387096774,0.03718637992831541,0.006720430107526882,0.03539426523297491,0.013888888888888888,0.042114695340501794,0.016129032258064516,0.03853046594982079,0.27419354838709675,0.023745519713261647,0.01971326164874552,0.03046594982078853
0.21194431971261787,0.02155365963179165,0.014818140996856757,0.1917377638078132,0.025594970812752582,0.03502469690166143,0.007633587786259542,0.03367759317467445,0.013022002694207453,0.04265828468792097,0.017512348450830714,0.03816793893129771,0.27166591827570724,0.023798832510103278,0.02155365963179165,0.029636281993713515
0.21457308895842647,0.02011622708985248,0.015645954403218598,0.19222172552525704,0.024139472507822977,0.033974072418417524,0.005364327223960662,0.03442109968708091,0.0116227089852481,0.039785426911041574,0.016987036209208762,0.03665623603039785,0.27760393383996423,0.025033527045149755,0.02056325435851587,0.031291908806437195
0.2153846153846154,0.01934065934065934,0.017142857142857144,0.19472527472527473,0.023296703296703296,0.03340659340659341,0.004835164835164835,0.033846153846153845,0.01098901098901099,0.04087912087912088,0.015824175824175824,0.03604395604395604,0.2778021978021978,0.024175824175824177,0.02021978021978022,0.03208791208791209
0.21733333333333332,0.017333333333333333,0.016888888888888887,0.19777777777777777,0.023555555555555555,0.03333333333333333,0.004888888888888889,0.03111111111111111,0.010222222222222223,0.03911111111111111,0.016888888888888887,0.03866666666666667,0.276,0.023555555555555555,0.020444444444444446,0.03288888888888889
0.21457308895842647,0.01743406347787215,0.015645954403218598,0.20026821636119804,0.022798390701832812,0.03442109968708091,0.00581135449262405,0.028162717925793473,0.010281627179257935,0.03844434510505141,0.016092981671881983,0.03799731783638802,0.28073312472060796,0.022798390701832812,0.021904336164506034,0.03263299061242736
0.21120497999110716,0.017785682525566917,0.015562472209871054,0.19919964428634948,0.025344597598932858,0.032458870609159626,0.006224988883948421,0.029346376167185415,0.010226767452200978,0.037349933303690526,0.014673188083592708,0.04224099599822143,0.28145842596709647,0.023566029346376166,0.021787461093819474,0.03156958648288128
0.21078214759169245,0.018117543084401236,0.015024304021210782,0.19796730004418914,0.026513477684489615,0.0344675209898365,0.006628369421122404,0.03314184710561202,0.010605391073795847,0.037560760053026956,0.015908086610693768,0.03932832523199293,0.28104286345558993,0.022536456031816175,0.0207688908528502,0.029606716747680072
0.21106194690265487,0.018584070796460177,0.01592920353982301,0.20176991150442478,0.026991150442477876,0.03584070796460177,0.007079646017699115,0.031415929203539826,0.010619469026548672,0.033628318584070796,0.01592920353982301,0.03716814159292035,0.28230088495575223,0.024336283185840708,0.018141592920353982,0.02920353982300885
0.20866845397676498,0.01966041108132261,0.0160857908847185,0.19526362823949955,0.025915996425379804,0.036193029490616625,0.0071492403932082215,0.03127792672028597,0.00938337801608579,0.034405719392314564,0.01653261840929401,0.04244861483467382,0.28596961572832885,0.02546916890080429,0.01742627345844504,0.028150134048257374
0.21101732563305198,0.02087960906263883,0.015992892047978675,0.19635717458907154,0.027099067081297203,0.03331852509995557,0.007107952021323856,0.030208796090626388,0.010661928031985785,0.03642825410928476,0.016437139049311416,0.04175921812527766,0.28520657485561973,0.025322079075966238,0.015992892047978675,0.02621057307863172
0.2180922525750112,0.017913121361397222,0.014330497089117778,0.1961486789072996,0.024630541871921183,0.03493058665472459,0.00850873264666368,0.032691446484549934,0.011643528884908196,0.03537841468875952,0.016569637259292433,0.03761755485893417,0.290192566054635,0.0219435736677116,0.013882669055082848,0.025526197939991044
0.22093541202672606,0.01737193763919822,0.014699331848552339,0.20133630289532295,0.024944320712694878,0.03429844097995546,0.008463251670378619,0.032516703786191536,0.010244988864142539,0.03608017817371938,0.017817371937639197,0.039198218262806235,0.28329621380846326,0.02093541202672606,0.012472160356347439,0.025389755011135856
0.215878679750223,0.017395182872435324,0.013826940231935772,0.20428189116859946,0.025423728813559324,0.032114183764495985,0.008028545941123996,0.03479036574487065,0.00936663693131133,0.03568242640499554,0.017395182872435324,0.04014272970561998,0.2885816235504014,0.020517395182872437,0.012488849241748439,0.02408563782337199
0.22321031569586483,0.017341040462427744,0.01200533570475767,0.2058692752334371,0.026678523788350377,0.03156958648288128,0.00755891507336594,0.0329035126722988,0.008448199199644287,0.0329035126722988,0.01823032458870609,0.03912850155624722,0.2894619831036016,0.0213428190306803,0.011560693641618497,0.021787461093819474
0.22507753655294638,0.017722640673460344,0.011076650420912717,0.20336730172795747,0.026140894993354008,0.02924235711120957,0.007532122286220647,0.03234381922906513,0.008418254319893664,0.034559149313247675,0.016836508639787327,0.038546743464776254,0.2959680992467878,0.01993797075764289,0.011519716437749225,0.021710234824988923
0.22808586762075134,0.018336314847942754,0.011180679785330949,0.2075134168157424,0.026833631484794274,0.029516994633273702,0.007602862254025045,0.03175313059033989,0.008944543828264758,0.03398926654740608,0.014311270125223614,0.03667262969588551,0.2947227191413238,0.018783542039355994,0.010286225402504472,0.02146690518783542
0.23300536672629696,0.017889087656529516,0.009838998211091235,0.20796064400715564,0.027728085867620753,0.030858676207513418,0.007602862254025045,0.027728085867620753,0.01073345259391771,0.03577817531305903,0.014758497316636851,0.0353309481216458,0.28846153846153844,0.020572450805008944,0.01073345259391771,0.02101967799642218
0.23625886524822695,0.015957446808510637,0.00975177304964539,0.20434397163120568,0.024822695035460994,0.027925531914893616,0.007978723404255319,0.02969858156028369,0.010638297872340425,0.03324468085106383,0.014627659574468085,0.03546099290780142,0.29609929078014185,0.01950354609929078,0.011081560283687944,0.022606382978723406
0.23659725299069562,0.015064244572441293,0.008861320336730172,0.2051395657953035,0.024811696942844484,0.027470093043863535,0.008418254319893664,0.030128489144882586,0.010633584404076208,0.03234381922906513,0.014178112538768276,0.03322995126273815,0.30084182543198934,0.01993797075764289,0.011519716437749225,0.020824102791315906
