C_R,C_A,C_S,C_N,D_R,D_A,D_S,D_N,Oc_R,Oc_A,Oc_S,Oc_N,Od_R,Od_A,Od_S,Od_N
0.0,0.0,0.0,1.0,0.0,0.0,0.0,0.0,0.0,0.0,0.0,0.0,0.0,0.0,0.0,0.0
0.0,0.0,0.0,0.6666666666666666,0.3333333333333333,0.0,0.0,0.0,0.0,0.0,0.0,0.0,0.0,0.0,0.0,0.0
0.4,0.0,0.0,0.4,0.2,0.0,0.0,0.0,0.0,0.0,0.0,0.0,0.0,0.0,0.0,0.0
0.4,0.0,0.1,0.4,0.1,0.0,0.0,0.0,0.0,0.0,0.0,0.0,0.0,0.0,0.0,0.0
0.375,0.0,0.0625,0.4375,0.0625,0.0,0.0,0.0,0.0,0.0,0.0625,0.0,0.0,0.0,0.0,0.0
0.4090909090909091,0.0,0.045454545454545456,0.45454545454545453,0.045454545454545456,0.0,0.0,0.0,0.0,0.0,0.045454545454545456,0.0,0.0,0.0,0.0,0.0
0.45714285714285713,0.0,0.02857142857142857,0.45714285714285713,0.02857142857142857,0.0,0.0,0.0,0.0,0.0,0.02857142857142857,0.0,0.0,0.0,0.0,0.0
0.38461538461538464,0.0,0.019230769230769232,0.5,0.019230769230769232,0.019230769230769232,0.0,0.038461538461538464,0.0,0.0,0.019230769230769232,0.0,0.0,0.0,0.0,0.0
0.4305555555555556,0.027777777777777776,0.013888888888888888,0.4583333333333333,0.013888888888888888,0.013888888888888888,0.0,0.027777777777777776,0.0,0.0,0.013888888888888888,0.0,0.0,0.0,0.0,0.0
0.42696629213483145,0.02247191011235955,0.02247191011235955,0.42696629213483145,0.011235955056179775,0.011235955056179775,0.0,0.0449438202247191,0.0,0.0,0.02247191011235955,0.0,0.0,0.011235955056179775,0.0,0.0
0.415929203539823,0.02654867256637168,0.017699115044247787,0.40707964601769914,0.008849557522123894,0.017699115044247787,0.0,0.061946902654867256,0.0,0.0,0.02654867256637168,0.0,0.0,0.017699115044247787,0.0,0.0
0.4122137404580153,0.022900763358778626,0.015267175572519083,0.40458015267175573,0.007633587786259542,0.015267175572519083,0.0,0.06870229007633588,0.015267175572519083,0.0,0.022900763358778626,0.0,0.0,0.015267175572519083,0.0,0.0
0.4050632911392405,0.0189873417721519,0.012658227848101266,0.4240506329113924,0.006329113924050633,0.0189873417721519,0.0,0.06329113924050633,0.012658227848101266,0.012658227848101266,0.0189873417721519,0.0,0.0,0.006329113924050633,0.0,0.0
0.40414507772020725,0.02072538860103627,0.010362694300518135,0.44041450777202074,0.010362694300518135,0.010362694300518135,0.0,0.06217616580310881,0.0051813471502590676,0.015544041450777202,0.015544041450777202,0.0,0.0,0.0051813471502590676,0.0,0.0
0.39545454545454545,0.022727272727272728,0.00909090909090909,0.4409090909090909,0.00909090909090909,0.00909090909090909,0.0,0.05909090909090909,0.013636363636363636,0.01818181818181818,0.01818181818181818,0.0,0.0,0.004545454545454545,0.0,0.0
0.3790322580645161,0.024193548387096774,0.008064516129032258,0.43951612903225806,0.016129032258064516,0.012096774193548387,0.0,0.06451612903225806,0.012096774193548387,0.020161290322580645,0.012096774193548387,0.0,0.004032258064516129,0.008064516129032258,0.0,0.0
0.38513513513513514,0.02702702702702703,0.0033783783783783786,0.43243243243243246,0.02364864864864865,0.02027027027027027,0.0,0.057432432432432436,0.013513513513513514,0.016891891891891893,0.006756756756756757,0.0,0.0033783783783783786,0.010135135135135136,0.0,0.0
0.3630952380952381,0.03273809523809524,0.0,0.4494047619047619,0.02976190476190476,0.023809523809523808,0.0,0.047619047619047616,0.011904761904761904,0.020833333333333332,0.002976190476190476,0.002976190476190476,0.002976190476190476,0.011904761904761904,0.0,0.0
0.3394255874673629,0.033942558746736295,0.005221932114882507,0.46475195822454307,0.031331592689295036,0.020887728459530026,0.0026109660574412533,0.0391644908616188,0.010443864229765013,0.028720626631853787,0.005221932114882507,0.0026109660574412533,0.0026109660574412533,0.013054830287206266,0.0,0.0
0.334916864608076,0.03800475059382423,0.007125890736342043,0.4679334916864608,0.030878859857482184,0.019002375296912115,0.0023752969121140144,0.03800475059382423,0.009501187648456057,0.028503562945368172,0.009501187648456057,0.0023752969121140144,0.0023752969121140144,0.009501187648456057,0.0,0.0
0.3390191897654584,0.029850746268656716,0.008528784648187633,0.47121535181236673,0.031982942430703626,0.023454157782515993,0.0021321961620469083,0.03411513859275053,0.010660980810234541,0.02771855010660981,0.008528784648187633,0.0021321961620469083,0.0021321961620469083,0.006396588486140725,0.0021321961620469083,0.0
0.3288973384030418,0.03231939163498099,0.011406844106463879,0.47718631178707227,0.03612167300380228,0.019011406844106463,0.0019011406844106464,0.030418250950570342,0.013307984790874524,0.026615969581749048,0.0076045627376425855,0.0038022813688212928,0.0019011406844106464,0.0038022813688212928,0.0019011406844106464,0.0038022813688212928
0.3333333333333333,0.03281519861830743,0.012089810017271158,0.47322970639032813,0.03454231433506045,0.015544041450777202,0.0017271157167530224,0.03281519861830743,0.010362694300518135,0.027633851468048358,0.0069084628670120895,0.0051813471502590676,0.0034542314335060447,0.0051813471502590676,0.0017271157167530224,0.0034542314335060447
0.31832298136645965,0.024844720496894408,0.015527950310559006,0.4798136645962733,0.043478260869565216,0.023291925465838508,0.0,0.034161490683229816,0.010869565217391304,0.026397515527950312,0.006211180124223602,0.004658385093167702,0.003105590062111801,0.004658385093167702,0.0015527950310559005,0.003105590062111801
0.30995792426367463,0.03225806451612903,0.014025245441795231,0.4894810659186536,0.04488078541374474,0.019635343618513323,0.001402524544179523,0.030855539971949508,0.009817671809256662,0.02244039270687237,0.009817671809256662,0.004207573632538569,0.001402524544179523,0.005610098176718092,0.001402524544179523,0.002805049088359046
0.305591677503251,0.033810143042912875,0.013003901170351105,0.47334200260078024,0.053315994798439535,0.022106631989596878,0.0013003901170351106,0.02990897269180754,0.010403120936280884,0.0247074122236671,0.013003901170351105,0.006501950585175552,0.002600780234070221,0.005201560468140442,0.0013003901170351106,0.0039011703511053317
0.2991850989522701,0.034924330616996506,0.013969732246798603,0.48544819557625146,0.048894062863795114,0.024447031431897557,0.002328288707799767,0.025611175785797437,0.009313154831199068,0.023282887077997673,0.009313154831199068,0.006984866123399301,0.005820721769499418,0.0034924330616996507,0.0011641443538998836,0.005820721769499418
0.29911699779249445,0.03421633554083885,0.017660044150110375,0.47902869757174393,0.04525386313465784,0.02759381898454746,0.005518763796909493,0.023178807947019868,0.00772626931567329,0.02097130242825607,0.009933774834437087,0.009933774834437087,0.006622516556291391,0.005518763796909493,0.0011037527593818985,0.006622516556291391
0.281563126252505,0.04208416833667335,0.01503006012024048,0.47695390781563124,0.045090180360721446,0.031062124248496994,0.006012024048096192,0.018036072144288578,0.009018036072144289,0.027054108216432865,0.01002004008016032,0.013026052104208416,0.008016032064128256,0.006012024048096192,0.001002004008016032,0.01002004008016032
0.28238583410997203,0.04380242311276794,0.017707362534948742,0.47343895619757687,0.048462255358807084,0.03168685927306617,0.005591798695246971,0.0130475302889096,0.009319664492078284,0.02702702702702703,0.011183597390493943,0.012115563839701771,0.007455731593662628,0.005591798695246971,0.0009319664492078285,0.010251630941286114
0.28744588744588745,0.03982683982683983,0.01818181818181818,0.4683982683982684,0.046753246753246755,0.03722943722943723,0.006060606060606061,0.012121212121212121,0.012121212121212121,0.025974025974025976,0.01038961038961039,0.012121212121212121,0.006060606060606061,0.005194805194805195,0.003463203463203463,0.008658008658008658
0.2835820895522388,0.0384917517674784,0.018067556952081697,0.4642576590730558,0.05027494108405342,0.041633935585231735,0.0054988216810683424,0.012568735271013355,0.01335428122545169,0.022780832678711706,0.01021209740769835,0.01335428122545169,0.007069913589945012,0.006284367635506678,0.002356637863315004,0.01021209740769835
0.28175182481751826,0.0364963503649635,0.015328467153284672,0.4686131386861314,0.050364963503649635,0.043795620437956206,0.00583941605839416,0.00948905109489051,0.014598540145985401,0.021167883211678833,0.008759124087591242,0.016788321167883213,0.006569343065693431,0.006569343065693431,0.0021897810218978104,0.01167883211678832
0.28040540540540543,0.03581081081081081,0.014864864864864866,0.47635135135135137,0.0472972972972973,0.0472972972972973,0.005405405405405406,0.008108108108108109,0.013513513513513514,0.01891891891891892,0.008108108108108109,0.016216216216216217,0.007432432432432433,0.006756756756756757,0.002027027027027027,0.011486486486486487
0.28671775223499363,0.035759897828863345,0.013409961685823755,0.46424010217113665,0.05108556832694764,0.04789272030651341,0.0070242656449553,0.006385696040868455,0.011494252873563218,0.016602809706257982,0.010855683269476373,0.017241379310344827,0.008939974457215836,0.0070242656449553,0.0031928480204342275,0.012132822477650063
0.2901271956390067,0.034524530587522716,0.015748031496062992,0.45790430042398544,0.047244094488188976,0.04663840096910963,0.01029678982434888,0.0072683222289521504,0.012113870381586917,0.019382192610539067,0.0072683222289521504,0.016959418534221685,0.008479709267110842,0.009085402786190187,0.004239854633555421,0.012719563900666263
0.2853828306264501,0.031322505800464036,0.016241299303944315,0.4622969837587007,0.043503480278422275,0.049303944315545245,0.010440835266821345,0.008700696055684454,0.015661252900232018,0.01740139211136891,0.0063805104408352666,0.0191415313225058,0.008700696055684454,0.008120649651972157,0.005220417633410673,0.012180974477958236
0.28579325594250965,0.033720287451630734,0.01658374792703151,0.45439469320066334,0.04367053620784964,0.048645660585959094,0.011608623548922056,0.008844665561083471,0.016030956329463792,0.018794914317302378,0.004975124378109453,0.01824212271973466,0.007739082365948038,0.009950248756218905,0.00552791597567717,0.015478164731896076
0.285865537321334,0.03388035997882478,0.019057702488088937,0.45156167284277393,0.04076230809952356,0.05029115934356802,0.011646373742721016,0.009528851244044468,0.015881418740074114,0.017469560614081524,0.004764425622022234,0.02223398623610376,0.006352567496029645,0.009528851244044468,0.005823186871360508,0.015352038115404976
0.287292817679558,0.03314917127071823,0.017076845806127575,0.45454545454545453,0.03817177297840281,0.04922149673530889,0.012054244098442994,0.008538422903063787,0.013561024610748368,0.0155700652938222,0.006027122049221497,0.024108488196885988,0.010045203415369162,0.010045203415369162,0.0065293822199899544,0.014063284781516826
0.2888555722138931,0.033483258370814596,0.01699150424787606,0.45327336331834084,0.03648175912043978,0.047476261869065464,0.012993503248375811,0.0079960019990005,0.012993503248375811,0.01649175412293853,0.006496751624187906,0.025987006496751622,0.009995002498750625,0.009995002498750625,0.0074962518740629685,0.012993503248375811
0.29383659818442426,0.02866698518872432,0.016244624940277116,0.45819397993311034,0.033444816053511704,0.04634495938843765,0.01385570950788342,0.008600095556617296,0.013377926421404682,0.015766841853798376,0.006688963210702341,0.024844720496894408,0.01098901098901099,0.01051122790253225,0.007644529383659818,0.01098901098901099
0.2889400921658986,0.02857142857142857,0.018433179723502304,0.4539170506912442,0.029953917050691243,0.046543778801843315,0.012442396313364055,0.010138248847926268,0.016589861751152075,0.01889400921658986,0.007373271889400922,0.02534562211981567,0.013364055299539171,0.010599078341013824,0.007373271889400922,0.01152073732718894
0.2913816689466484,0.028271773825809393,0.0196078431372549,0.4523483812129503,0.029639762881896944,0.04331965344277246,0.011855905152758778,0.012767897856817145,0.0168718650250798,0.019151846785225718,0.007751937984496124,0.02416780665754674,0.012767897856817145,0.010031919744642043,0.008663930688554491,0.011399908800729594
0.28635749662314275,0.0270148581719946,0.01936064835659613,0.4529491220171094,0.029716343989194056,0.04277352543899145,0.01125619090499775,0.012156686177397569,0.01891040072039622,0.01936064835659613,0.00810445745159838,0.025213867627194957,0.013057181449797388,0.01125619090499775,0.010355695632597929,0.012156686177397569
0.28481862964621585,0.028660994178235557,0.018360949395432154,0.4509628302731751,0.027317510076130765,0.04478280340349306,0.010300044782803403,0.013434841021047918,0.020152261531571878,0.019704433497536946,0.008956560680698611,0.025526197939991044,0.012539184952978056,0.010747872816838333,0.011195700850873265,0.012539184952978056
0.28780487804878047,0.028824833702882482,0.017738359201773836,0.4434589800443459,0.027937915742793792,0.04390243902439024,0.010643015521064302,0.014634146341463415,0.020842572062084258,0.020842572062084258,0.010643015521064302,0.02394678492239468,0.014634146341463415,0.010199556541019957,0.010643015521064302,0.013303769401330377
0.281983178397521,0.02877379371403276,0.021248339973439574,0.4417884019477645,0.029216467463479414,0.043824701195219126,0.011066843736166445,0.015050907481186366,0.02080566622399292,0.02036299247454626,0.011066843736166445,0.021691013722886232,0.01593625498007968,0.01239486498450642,0.011066843736166445,0.013722886232846392
0.2817824377457405,0.02621231979030144,0.021406727828746176,0.43905635648754915,0.03145478374836173,0.04106596767147226,0.010921799912625601,0.013543031891655745,0.023591087811271297,0.02053298383573613,0.009611183923110528,0.024464831804281346,0.01703800786369594,0.014416775884665793,0.010484927916120577,0.014416775884665793
0.2860310421286031,0.027494456762749447,0.019068736141906874,0.43458980044345896,0.031929046563192905,0.04301552106430155,0.011086474501108648,0.014634146341463415,0.021286031042128603,0.021286031042128603,0.010199556541019957,0.02261640798226164,0.015964523281596452,0.01507760532150776,0.011529933481152993,0.014190687361419069
0.2770658418029165,0.026071586389748123,0.017675651789659744,0.4418912947414936,0.030048608042421564,0.04551480335837384,0.012372956252761821,0.015466195315952275,0.021210782147591693,0.019443216968625717,0.009721608484312859,0.025187803800265134,0.018117543084401236,0.014582412726469289,0.010163499779054353,0.015466195315952275
0.28106904231625834,0.024498886414253896,0.01737193763919822,0.4374164810690423,0.028953229398663696,0.044543429844097995,0.014253897550111359,0.014699331848552339,0.0200445434298441,0.01915367483296214,0.008908685968819599,0.023608017817371936,0.0200445434298441,0.01737193763919822,0.010690423162583519,0.01737193763919822
0.2808340727595386,0.026175687666370896,0.01685891748003549,0.43478260869565216,0.02839396628216504,0.046583850931677016,0.012422360248447204,0.015971606033717833,0.019964507542147295,0.015971606033717833,0.01064773735581189,0.023513753327417924,0.019077196095829637,0.019520851818988466,0.011535048802129548,0.01774622892635315
0.2814292015880018,0.026025584472871635,0.015438906043228937,0.43317159241288045,0.02999558888398765,0.044111160123511246,0.011468901632112925,0.015880017644464048,0.0211733568592854,0.015880017644464048,0.011027790030877812,0.02293780326422585,0.020732245258050286,0.0211733568592854,0.011468901632112925,0.01808557565063961
0.28008849557522125,0.024778761061946902,0.015486725663716814,0.43495575221238936,0.027876106194690265,0.0420353982300885,0.009734513274336283,0.017256637168141593,0.020353982300884955,0.017256637168141593,0.011061946902654867,0.02256637168141593,0.023451327433628318,0.02168141592920354,0.011504424778761062,0.01991150442477876
0.2791946308724832,0.025503355704697986,0.015212527964205816,0.4389261744966443,0.025503355704697986,0.04161073825503356,0.011633109619686801,0.017897091722595078,0.018344519015659956,0.01476510067114094,0.012080536912751677,0.02505592841163311,0.023266219239373602,0.020134228187919462,0.010738255033557046,0.020134228187919462
0.27763041556145,0.027851458885941646,0.015473032714412025,0.43412908930150307,0.025198938992042442,0.042440318302387266,0.01237842617152962,0.018125552608311227,0.01900972590627763,0.015915119363395226,0.010610079575596816,0.025198938992042442,0.02431476569407604,0.021220159151193633,0.009725906277630416,0.020778072502210435
0.27493380406001766,0.028684907325684024,0.01588702559576346,0.43733451015004415,0.02471315092674316,0.03927625772285966,0.012797881729920565,0.019417475728155338,0.018093556928508385,0.016328331862312445,0.009267431597528684,0.02471315092674316,0.02559576345984113,0.022506619593998235,0.0088261253309797,0.021624007060900265
0.28185840707964605,0.027876106194690265,0.01504424778761062,0.43097345132743364,0.02566371681415929,0.03761061946902655,0.012831858407079646,0.01902654867256637,0.015486725663716814,0.01504424778761062,0.009292035398230088,0.02566371681415929,0.026991150442477876,0.023008849557522124,0.009734513274336283,0.023893805309734513
0.2746761947297901,0.026797677534613668,0.0160786065207682,0.43501563197856186,0.02456453774006253,0.0401965163019205,0.01205895489057615,0.01965163019205002,0.01786511835640911,0.013398838767306834,0.008932559178204555,0.02590442161679321,0.028584189370254576,0.022778025904421618,0.007592675301473872,0.02590442161679321
0.27770300583221175,0.026917900403768506,0.016599371915657246,0.43248093315388064,0.02736653207716465,0.040376850605652756,0.011215791834903545,0.01973979362943024,0.01570210856886496,0.014804845222072678,0.00762673844773441,0.026917900403768506,0.02781516375056079,0.021982951996410947,0.008524001794526694,0.024226110363391656
0.2732506643046944,0.024800708591674048,0.015057573073516387,0.43932683790965454,0.025243578387953942,0.03808680248007086,0.011514614703277236,0.023472099202834367,0.012843224092116917,0.016386182462356066,0.0070859167404783,0.026572187776793623,0.027900797165633304,0.022586359610274578,0.00841452612931798,0.02745792736935341
0.2741003998223012,0.02576632607729898,0.014660151043980453,0.4375832963127499,0.02265659706796979,0.03864948911594847,0.01332741003998223,0.024877832074633496,0.014660151043980453,0.013771657041314972,0.007552199022656597,0.023545091070635273,0.027543314082629944,0.02087960906263883,0.00888494002665482,0.03154153709462461
0.27903871829105475,0.02403204272363151,0.014686248331108143,0.43346684468179797,0.02403204272363151,0.037383177570093455,0.01335113484646195,0.027592345349354695,0.013796172674677348,0.013796172674677348,0.007120605251446373,0.023141967067200713,0.029372496662216287,0.019581664441477527,0.008455718736092568,0.03115264797507788
0.2762455516014235,0.02179715302491103,0.013345195729537367,0.4332740213523132,0.025355871886120998,0.03870106761565836,0.012455516014234875,0.027135231316725978,0.014234875444839857,0.016903914590747332,0.008451957295373666,0.020462633451957295,0.03113879003558719,0.018238434163701068,0.010231316725978648,0.03202846975088968
0.2757238307349666,0.02093541202672606,0.014699331848552339,0.4334075723830735,0.024053452115812918,0.0400890868596882,0.011581291759465479,0.028062360801781736,0.015144766146993319,0.017817371937639197,0.008463251670378619,0.01915367483296214,0.032071269487750555,0.01737193763919822,0.009799554565701559,0.03162583518930958
0.27589285714285716,0.019196428571428573,0.014285714285714285,0.4361607142857143,0.023214285714285715,0.038392857142857145,0.009821428571428571,0.026785714285714284,0.015625,0.017857142857142856,0.009821428571428571,0.017410714285714286,0.032589285714285716,0.020982142857142855,0.009375,0.032589285714285716
0.2778264680105171,0.019281332164767746,0.015775635407537247,0.42769500438212094,0.024101665205959685,0.03943908851884312,0.012708150744960562,0.028045574057843997,0.013146362839614373,0.017090271691498685,0.009202453987730062,0.01971954425942156,0.03286590709903593,0.020157756354075372,0.010078878177037686,0.03286590709903593
0.2707501109631602,0.01908566355969818,0.017310252996005325,0.4309809143364403,0.024411895250776743,0.040390590324012425,0.01287172658677319,0.02885042166000888,0.015534842432312472,0.018197958277851752,0.008433200177541057,0.019529516200621395,0.033732800710164226,0.018197958277851752,0.010652463382157125,0.031069684864624945
0.27320954907161804,0.01989389920424403,0.018125552608311227,0.4297082228116711,0.02431476569407604,0.03934571175950486,0.011052166224580018,0.02961980548187445,0.014588859416445624,0.01856763925729443,0.008399646330680813,0.01900972590627763,0.03669319186560566,0.015473032714412025,0.011494252873563218,0.03050397877984085
0.2742653606411398,0.020035618878005344,0.018699910952804988,0.4296527159394479,0.024487978628673197,0.040516473731077474,0.011130899376669634,0.02804986642920748,0.014247551202137132,0.019590382902938557,0.008014247551202136,0.01914514692787177,0.03695458593054319,0.014692787177203919,0.010240427426536063,0.030276046304541407
0.27333038478549315,0.020344980097302078,0.01680672268907563,0.4268022998673153,0.02344095532950022,0.04290137107474569,0.011499336576735958,0.0291906236178682,0.015479876160990712,0.018575851393188854,0.008403361344537815,0.01813356921716055,0.03847854931446263,0.015479876160990712,0.009730207872622734,0.03140203449800973
0.272887323943662,0.019806338028169015,0.016725352112676055,0.42649647887323944,0.022887323943661973,0.04533450704225352,0.011883802816901408,0.028169014084507043,0.015404929577464789,0.01716549295774648,0.009242957746478873,0.018485915492957746,0.03653169014084507,0.016285211267605633,0.008802816901408451,0.03389084507042254
0.2684117125110914,0.018633540372670808,0.01730257320319432,0.422360248447205,0.02129547471162378,0.04569653948535936,0.011535048802129548,0.02839396628216504,0.015971606033717833,0.019520851818988466,0.007985803016858917,0.019964507542147295,0.03992901508429459,0.016415261756876662,0.009316770186335404,0.037267080745341616
0.26734875444839856,0.01912811387900356,0.016903914590747332,0.42437722419928825,0.02001779359430605,0.04448398576512456,0.012455516014234875,0.02891459074733096,0.016903914590747332,0.018238434163701068,0.0071174377224199285,0.02090747330960854,0.03959074733096085,0.016459074733096084,0.009341637010676156,0.037811387900355875
0.26919682259488087,0.018534863195057368,0.018976169461606355,0.4187996469549868,0.018976169461606355,0.045454545454545456,0.011032656663724626,0.03133274492497794,0.017210944395410415,0.019417475728155338,0.006619593998234775,0.02206531332744925,0.04148278905560459,0.01588702559576346,0.0088261253309797,0.03618711385701677
0.27256637168141595,0.016814159292035398,0.01902654867256637,0.41460176991150444,0.017256637168141593,0.046902654867256637,0.010176991150442478,0.03274336283185841,0.018584070796460177,0.01902654867256637,0.006194690265486726,0.02168141592920354,0.04247787610619469,0.01902654867256637,0.010619469026548672,0.032300884955752215
0.27388815499779834,0.016292382210479964,0.018494055482166448,0.4178775869660942,0.01673271686481726,0.04667547335975341,0.011448701012769706,0.03258476442095993,0.01805372082782915,0.019374724790841038,0.007045354469396741,0.02025539409951563,0.04227212681638045,0.016292382210479964,0.012769704975781594,0.029942756494936152
0.2662483191393994,0.018377409233527566,0.018377409233527566,0.424025100851636,0.018377409233527566,0.04616763783056925,0.010309278350515464,0.03227252353204841,0.020170327207530255,0.01882563872702824,0.008068130883012102,0.019722097714029583,0.04392649036306589,0.01523980277902286,0.009861048857014791,0.03003137606454505
0.2676496872207328,0.01653261840929401,0.017873100983020553,0.42359249329758714,0.02100089365504915,0.04870420017873101,0.010277033065236819,0.03306523681858802,0.0160857908847185,0.01966041108132261,0.008489722966934763,0.020554066130473638,0.03842716711349419,0.016979445933869526,0.009830205540661306,0.03127792672028597
0.2740511915269197,0.018093556928508385,0.018093556928508385,0.4205648720211827,0.019858781994704325,0.04457193292144748,0.009267431597528684,0.03353927625772286,0.015445719329214475,0.018534863195057368,0.0088261253309797,0.018534863195057368,0.04324801412180053,0.016328331862312445,0.009708737864077669,0.03133274492497794
0.27639751552795033,0.015971606033717833,0.016415261756876662,0.4139307897071872,0.019964507542147295,0.04525288376220053,0.009316770186335404,0.03327417923691216,0.015527950310559006,0.021739130434782608,0.007985803016858917,0.019077196095829637,0.04392191659272405,0.01685891748003549,0.011535048802129548,0.032830523513753325
0.2779991146525011,0.013280212483399735,0.01814962372731297,0.40947321823815847,0.019034971226206288,0.043824701195219126,0.01018149623727313,0.033200531208499334,0.013280212483399735,0.023461708720672863,0.008410801239486499,0.019034971226206288,0.046923417441345726,0.017264276228419653,0.01195219123505976,0.034528552456839307
0.27913159060700043,0.01329198050509526,0.018165706690296855,0.4049623393885689,0.0203810367744794,0.04209127159946832,0.010633584404076208,0.03234381922906513,0.014621178555604785,0.024368630926007974,0.0101905183872397,0.018165706690296855,0.04563579973416039,0.01905183872396987,0.014178112538768276,0.03278688524590164
0.284452296819788,0.014575971731448763,0.019434628975265017,0.40591872791519434,0.018109540636042403,0.04284452296819788,0.010159010600706713,0.03312720848056537,0.013692579505300354,0.022526501766784453,0.01060070671378092,0.018109540636042403,0.045053003533568906,0.0176678445229682,0.014134275618374558,0.02959363957597173
0.28173374613003094,0.0145953118089341,0.01901813356921716,0.40468819106590004,0.017691287041132243,0.039805395842547546,0.011057054400707651,0.03184431667403804,0.013710747456877488,0.023883237505528527,0.010614772224679346,0.017691287041132243,0.04909332153914197,0.019460415745245468,0.01238390092879257,0.03272888102609465
0.2845020098258151,0.014738722644037517,0.01831174631531934,0.4041983028137561,0.01563197856185797,0.03796337650736936,0.012505582849486378,0.03573023671281822,0.013398838767306834,0.02456453774006253,0.01027244305493524,0.016971862438588656,0.047342563644484144,0.020991514068780706,0.011612326931665922,0.03126395712371594
0.29020824102791315,0.014178112538768276,0.017279574656623838,0.3996455471865308,0.013735046521931768,0.03677447939743022,0.012405848471422242,0.034116083296411165,0.013735046521931768,0.026140894993354008,0.011076650420912717,0.017279574656623838,0.04918032786885246,0.020824102791315906,0.013735046521931768,0.02968542312804608
0.2898876404494382,0.01348314606741573,0.016179775280898877,0.39685393258426965,0.015730337078651686,0.03775280898876404,0.012134831460674157,0.03325842696629214,0.013932584269662922,0.02696629213483146,0.009887640449438202,0.015280898876404495,0.05078651685393258,0.021123595505617977,0.01348314606741573,0.03325842696629214
0.28482697426796805,0.014640638864241348,0.016415261756876662,0.3979591836734694,0.015971606033717833,0.0417036379769299,0.01064773735581189,0.0354924578527063,0.012422360248447204,0.026619343389529725,0.009760425909494233,0.015084294587400177,0.052795031055900624,0.02085181898846495,0.01419698314108252,0.030612244897959183
0.2962313759859772,0.014460999123575811,0.014899211218229623,0.39351446099912357,0.014022787028921999,0.03856266432953549,0.010955302366345312,0.034618755477651184,0.012708150744960562,0.02673093777388256,0.008764241893076249,0.015775635407537247,0.053023663453111304,0.02147239263803681,0.014899211218229623,0.029360210341805432
0.29348795718108833,0.014719000892060661,0.014719000892060661,0.39964317573595004,0.013380909901873328,0.038804638715432646,0.010258697591436218,0.03568242640499554,0.010258697591436218,0.02631578947368421,0.008028545941123996,0.014272970561998216,0.05263157894736842,0.02230151650312221,0.014719000892060661,0.030776092774308653
0.2911111111111111,0.016444444444444446,0.014222222222222223,0.396,0.013777777777777778,0.035555555555555556,0.010666666666666666,0.03688888888888889,0.009777777777777778,0.026222222222222223,0.007555555555555556,0.013333333333333334,0.058222222222222224,0.02266666666666667,0.014222222222222223,0.03333333333333333
0.2969237628176549,0.015158270173874276,0.013820775746767721,0.3958983504235399,0.012483281319661168,0.03566651805617477,0.008916629514043692,0.036558181007579134,0.008916629514043692,0.024966562639322336,0.008916629514043692,0.013820775746767721,0.05751226036558181,0.022737405260811413,0.013374944271065538,0.034329023629068214
0.2988556338028169,0.014964788732394365,0.013204225352112676,0.39348591549295775,0.012764084507042254,0.03653169014084507,0.01056338028169014,0.03477112676056338,0.008362676056338027,0.025088028169014086,0.008802816901408451,0.015404929577464789,0.05985915492957746,0.02244718309859155,0.012764084507042254,0.032130281690140844
0.2939885914874945,0.014480035103115402,0.013602457218078104,0.3918385256691531,0.012724879333040808,0.036858271171566474,0.010530934620447565,0.03554190434401053,0.008336989907854322,0.025888547608600262,0.010092145677928916,0.014480035103115402,0.05748135146994296,0.025449758666081616,0.012724879333040808,0.035980693286529176
0.30004361098996946,0.012211077191452245,0.01439162668992586,0.3916266899258613,0.012211077191452245,0.03619712167466201,0.010902747492368076,0.033144352376798955,0.009158307893589184,0.027474923680767552,0.01003052769297863,0.01439162668992586,0.05756650675970344,0.024858264282599216,0.011774967291757523,0.0340165721761884
0.2961657117672984,0.011458792419568091,0.012780960775672102,0.39400617011899514,0.013662406346408109,0.0379021595416483,0.011899515204936095,0.030850594975760245,0.00749228735125606,0.027765535478184222,0.009255178492728075,0.013662406346408109,0.05817540766857646,0.0251211987659762,0.013221683561040106,0.036579991185544294
0.3052863436123348,0.011013215859030838,0.014096916299559472,0.39162995594713657,0.01277533039647577,0.033480176211453744,0.011013215859030838,0.028193832599118944,0.006167400881057269,0.027312775330396475,0.011013215859030838,0.013215859030837005,0.05947136563876652,0.024229074889867842,0.013215859030837005,0.03788546255506608
0.30083811204234673,0.011027790030877812,0.015438906043228937,0.39126599029554476,0.012792236435818262,0.03352448169386855,0.0105866784296427,0.027790030877812087,0.005734450816056462,0.02690780767534186,0.011910013233348038,0.013233348037053375,0.06219673577415086,0.026025584472871635,0.013233348037053375,0.03749448610498456
0.3053097345132743,0.012389380530973451,0.01415929203539823,0.39070796460176993,0.012389380530973451,0.03274336283185841,0.009734513274336283,0.024778761061946902,0.007079646017699115,0.024336283185840708,0.01327433628318584,0.013716814159292035,0.06371681415929203,0.025221238938053097,0.013716814159292035,0.03672566371681416
0.30505494505494507,0.014065934065934066,0.013626373626373627,0.389010989010989,0.011428571428571429,0.03340659340659341,0.01010989010989011,0.024615384615384615,0.007032967032967033,0.024615384615384615,0.011868131868131869,0.014505494505494506,0.05978021978021978,0.027252747252747254,0.015824175824175824,0.037802197802197804
0.2995126273814798,0.013735046521931768,0.01284891448825875,0.39122729286663716,0.011519716437749225,0.03322995126273815,0.008418254319893664,0.0256978289765175,0.007089056269384138,0.02702702702702703,0.011962782454585734,0.015507310589277802,0.06114311032343819,0.02702702702702703,0.015064244572441293,0.03898980948161276
0.30905861456483125,0.014209591474245116,0.011545293072824156,0.37921847246891655,0.012433392539964476,0.03374777975133215,0.009769094138543518,0.02664298401420959,0.007548845470692718,0.02486678507992895,0.011989342806394316,0.015985790408525755,0.06349911190053285,0.03019538188277087,0.014209591474245116,0.03507992895204263
0.30442477876106194,0.011946902654867256,0.010176991150442478,0.381858407079646,0.010176991150442478,0.034955752212389384,0.009734513274336283,0.026991150442477876,0.00752212389380531,0.024778761061946902,0.012389380530973451,0.017699115044247787,0.06548672566371681,0.032300884955752215,0.014601769911504425,0.034955752212389384
0.30266666666666664,0.013333333333333334,0.010666666666666666,0.38,0.009333333333333334,0.03688888888888889,0.008,0.025333333333333333,0.008888888888888889,0.024888888888888887,0.012444444444444444,0.017777777777777778,0.06755555555555555,0.030666666666666665,0.015111111111111112,0.036444444444444446
0.3107747105966162,0.012021371326803205,0.010240427426536063,0.377560106856634,0.009795191451469279,0.03695458593054319,0.008904719501335707,0.024933214603739984,0.008014247551202136,0.02404274265360641,0.01068566340160285,0.017364203027604632,0.06634016028495103,0.031166518254674976,0.015583259127337488,0.03561887800534283
0.3037918871252205,0.012786596119929453,0.010582010582010581,0.3844797178130511,0.008818342151675485,0.03747795414462081,0.009700176366843033,0.02601410934744268,0.007054673721340388,0.02601410934744268,0.010582010582010581,0.019400352733686066,0.06657848324514991,0.026895943562610228,0.01455026455026455,0.03527336860670194
0.3082706766917293,0.01238390092879257,0.009730207872622734,0.37195931003980537,0.008403361344537815,0.03803626713843432,0.010614772224679346,0.026094648385670056,0.00796107916850951,0.025210084033613446,0.01238390092879257,0.018575851393188854,0.07164971251658558,0.026536930561698365,0.01592215833701902,0.0362671384343211
0.30340557275541796,0.011941618752764263,0.009287925696594427,0.38124723573639985,0.007518796992481203,0.039805395842547546,0.011941618752764263,0.026094648385670056,0.008845643520566122,0.025210084033613446,0.009730207872622734,0.019902697921273773,0.07164971251658558,0.02476780185758514,0.015037593984962405,0.03361344537815126
0.314298362107127,0.012837538733953076,0.01018149623727313,0.37317397078353254,0.007082779991146525,0.03939796370075255,0.011066843736166445,0.02478972996901284,0.00796812749003984,0.027445772465692783,0.009296148738379814,0.02080566622399292,0.07171314741035857,0.02434705621956618,0.013722886232846392,0.03187250996015936
0.31393298059964725,0.012786596119929453,0.010141093474426807,0.37433862433862436,0.007936507936507936,0.039241622574955906,0.00837742504409171,0.025573192239858905,0.009259259259259259,0.0291005291005291,0.008818342151675485,0.02072310405643739,0.07142857142857142,0.023368606701940034,0.013668430335097001,0.03130511463844797
0.31158455392809586,0.014647137150466045,0.007101642254771416,0.3719485130936529,0.008433200177541057,0.040390590324012425,0.009320905459387484,0.024855747891699954,0.009764758100310697,0.02929427430093209,0.009320905459387484,0.01775410563692854,0.07012871726586774,0.02529960053262317,0.016422547714158898,0.033732800710164226
0.31216931216931215,0.014991181657848324,0.007054673721340388,0.3699294532627866,0.008818342151675485,0.041005291005291,0.01146384479717813,0.023809523809523808,0.008818342151675485,0.028659611992945325,0.009700176366843033,0.017195767195767195,0.07319223985890652,0.023809523809523808,0.01763668430335097,0.031746031746031744
0.30684811237928006,0.013608428446005268,0.007023705004389816,0.36962247585601404,0.00877963125548727,0.04170324846356453,0.012730465320456541,0.0228270412642669,0.008340649692712906,0.031167690956979806,0.009657594381035996,0.017120280948200176,0.07857769973661106,0.024143985952589993,0.01755926251097454,0.03028972783143108
0.3087719298245614,0.014473684210526316,0.0061403508771929825,0.36798245614035086,0.008333333333333333,0.04035087719298246,0.012280701754385965,0.0206140350877193,0.009210526315789473,0.034210526315789476,0.010087719298245614,0.017543859649122806,0.07675438596491228,0.02543859649122807,0.017543859649122806,0.030263157894736843
0.30738434163701067,0.013790035587188613,0.006227758007117438,0.36565836298932386,0.008451957295373666,0.04092526690391459,0.012455516014234875,0.021352313167259787,0.010231316725978648,0.03603202846975089,0.008451957295373666,0.017793594306049824,0.0791814946619217,0.022686832740213523,0.017348754448398576,0.03202846975088968
0.3108348134991119,0.013321492007104795,0.005772646536412078,0.3672291296625222,0.009769094138543518,0.041740674955595025,0.013765541740674956,0.020426287744227355,0.009769094138543518,0.03596802841918295,0.008436944937833037,0.018650088809946713,0.07815275310834814,0.021314387211367674,0.014653641207815276,0.03019538188277087
0.31756460797196673,0.01357862461673237,0.004818221638195357,0.3648707840560666,0.010512483574244415,0.039859833552343404,0.013140604467805518,0.021901007446342532,0.008760402978537012,0.03591765221200175,0.008760402978537012,0.017082785808147174,0.08059570740254052,0.02146298729741568,0.01445466491458607,0.026719229084537888
0.31808183018037833,0.014078310602727673,0.004839419269687638,0.3603167619885614,0.010118785745710514,0.04223493180818302,0.013638363396392433,0.02155741311042675,0.010998680158380994,0.032996040475142985,0.007039155301363837,0.01803783545974483,0.08139023317201936,0.02287725472943247,0.013198416190057193,0.028596568411790584
0.3170194003527337,0.013227513227513227,0.005291005291005291,0.36243386243386244,0.009259259259259259,0.040123456790123455,0.014991181657848324,0.021164021164021163,0.011022927689594356,0.03262786596119929,0.006172839506172839,0.01895943562610229,0.08245149911816578,0.023368606701940034,0.013227513227513227,0.028659611992945325
0.3223508459483526,0.01157613535173642,0.004007123775601068,0.3628673196794301,0.007123775601068566,0.04229741763134461,0.014692787177203919,0.021816562778272486,0.010240427426536063,0.029385574354407838,0.007123775601068566,0.0182546749777382,0.08325912733748887,0.022707034728406055,0.014247551202137132,0.02804986642920748
0.31616341030195383,0.010213143872113677,0.004884547069271759,0.3725577264653641,0.008436944937833037,0.04218472468916518,0.014209591474245116,0.020870337477797513,0.010213143872113677,0.02664298401420959,0.007992895204262877,0.017761989342806393,0.0830373001776199,0.022202486678507993,0.015097690941385435,0.027531083481349913
0.3181615350290049,0.011155734047300312,0.006247211066488175,0.36590807675145026,0.007585899152164213,0.040160642570281124,0.013386880856760375,0.020526550647032574,0.00892458723784025,0.025881302989736725,0.00892458723784025,0.020526550647032574,0.08656849620705043,0.02320392681838465,0.014725568942436412,0.028112449799196786
0.3206958073148974,0.012488849241748439,0.006690454950936664,0.36351471900089205,0.007136485280999108,0.040588760035682424,0.013380909901873328,0.02230151650312221,0.007136485280999108,0.024977698483496878,0.008028545941123996,0.019625334522747548,0.08385370205173952,0.026761819803746655,0.012934879571810883,0.029884032114183764
0.32202643171806167,0.014537444933920705,0.006607929515418502,0.36255506607929516,0.006607929515418502,0.039207048458149776,0.012334801762114538,0.02158590308370044,0.006607929515418502,0.024229074889867842,0.00881057268722467,0.020704845814977973,0.086784140969163,0.027312775330396475,0.012334801762114538,0.027753303964757708
0.3221978021978022,0.013626373626373627,0.0074725274725274725,0.36,0.007032967032967033,0.03912087912087912,0.012307692307692308,0.02065934065934066,0.005274725274725275,0.023736263736263738,0.008791208791208791,0.022857142857142857,0.09274725274725275,0.027252747252747254,0.01098901098901099,0.025934065934065935
0.32134931202840655,0.013315579227696404,0.007101642254771416,0.35730137594318684,0.007545494895694629,0.03772747447847315,0.01154016866400355,0.022192632046160676,0.005770084332001775,0.027518863737239236,0.00887705281846427,0.023968042609853527,0.0923213493120284,0.027075011096316024,0.010208610741233911,0.026187305814469597
0.325540361711513,0.013233348037053375,0.0070577856197618,0.3506837229819144,0.0061755624172915745,0.038376709307454786,0.011910013233348038,0.02293780326422585,0.005734450816056462,0.029113365681517425,0.007940008822232024,0.02293780326422585,0.09704455227172475,0.024261138067931187,0.011027790030877812,0.026025584472871635
0.31940167179938406,0.012758468983721953,0.007479102507699076,0.3594368675758909,0.005719313682358117,0.039595248570171576,0.012318521777386713,0.02243730752309723,0.0061592608886933565,0.028156621205455347,0.008358996920369555,0.025076990761108666,0.09370875494940607,0.02375714914210295,0.011878574571051475,0.02375714914210295
