C_R,C_A,C_S,C_N,D_R,D_A,D_S,D_N,Oc_R,Oc_A,Oc_S,Oc_N,Od_R,Od_A,Od_S,Od_N
0.0,0.0,0.0,1.0,0.0,0.0,0.0,0.0,0.0,0.0,0.0,0.0,0.0,0.0,0.0,0.0
0.3333333333333333,0.0,0.0,0.6666666666666666,0.0,0.0,0.0,0.0,0.0,0.0,0.0,0.0,0.0,0.0,0.0,0.0
0.2857142857142857,0.0,0.0,0.5714285714285714,0.0,0.0,0.0,0.0,0.0,0.0,0.14285714285714285,0.0,0.0,0.0,0.0,0.0
0.2857142857142857,0.0,0.0,0.5357142857142857,0.0,0.0,0.0,0.0,0.0,0.0,0.10714285714285714,0.07142857142857142,0.0,0.0,0.0,0.0
0.2978723404255319,0.0,0.0,0.46808510638297873,0.0,0.0,0.0,0.0,0.0,0.0,0.10638297872340426,0.0851063829787234,0.0,0.0,0.0,0.0425531914893617
0.3157894736842105,0.0,0.0,0.42105263157894735,0.0,0.0,0.0,0.0,0.0,0.02631578947368421,0.10526315789473684,0.09210526315789473,0.0,0.0,0.0,0.039473684210526314
0.3162393162393162,0.0,0.0,0.38461538461538464,0.0,0.008547008547008548,0.0,0.0,0.0,0.03418803418803419,0.09401709401709402,0.1111111111111111,0.0,0.0,0.0,0.05128205128205128
0.2937853107344633,0.0,0.011299435028248588,0.3220338983050847,0.011299435028248588,0.011299435028248588,0.0,0.0,0.0,0.03389830508474576,0.11864406779661017,0.12429378531073447,0.005649717514124294,0.0,0.0,0.06779661016949153
0.28793774319066145,0.0,0.011673151750972763,0.30739299610894943,0.019455252918287938,0.011673151750972763,0.0,0.0,0.0,0.04669260700389105,0.10894941634241245,0.1245136186770428,0.0038910505836575876,0.0,0.0,0.07782101167315175
0.2619047619047619,0.002976190476190476,0.017857142857142856,0.2857142857142857,0.023809523809523808,0.01488095238095238,0.0,0.005952380952380952,0.0,0.05357142857142857,0.10416666666666667,0.13095238095238096,0.002976190476190476,0.0,0.0,0.09523809523809523
0.2579908675799087,0.0045662100456621,0.02054794520547945,0.2671232876712329,0.03424657534246575,0.01598173515981735,0.0,0.0091324200913242,0.0,0.0502283105022831,0.10273972602739725,0.13470319634703196,0.00228310502283105,0.00228310502283105,0.0,0.09817351598173515
0.2517482517482518,0.005244755244755245,0.019230769230769232,0.25524475524475526,0.045454545454545456,0.03146853146853147,0.0017482517482517483,0.012237762237762238,0.0,0.04895104895104895,0.09615384615384616,0.12937062937062938,0.0034965034965034965,0.0017482517482517483,0.0,0.0979020979020979
0.24743777452415813,0.004392386530014641,0.016105417276720352,0.24597364568081992,0.0424597364568082,0.03806734992679356,0.0014641288433382138,0.017569546120058566,0.004392386530014641,0.05417276720351391,0.08638360175695461,0.13177159590043924,0.005856515373352855,0.0029282576866764276,0.0,0.10102489019033675
0.23642943305186973,0.0036188178528347406,0.016887816646562123,0.23281061519903498,0.04945717732207479,0.04945717732207479,0.0036188178528347406,0.021712907117008445,0.0048250904704463205,0.061519903498190594,0.07961399276236429,0.13268998793727382,0.008443908323281062,0.0048250904704463205,0.0024125452352231603,0.09167671893848009
0.22512562814070353,0.003015075376884422,0.018090452261306532,0.22311557788944725,0.04723618090452261,0.06030150753768844,0.005025125628140704,0.032160804020100506,0.004020100502512563,0.062311557788944726,0.07336683417085427,0.12864321608040202,0.011055276381909548,0.008040201005025126,0.004020100502512563,0.09447236180904522
0.2215464813205908,0.004344048653344918,0.020851433536055605,0.20417028670721113,0.059079061685490875,0.06689834926151172,0.007819287576020852,0.043440486533449174,0.0069504778453518675,0.0677671589921807,0.05734144222415291,0.12250217202432667,0.013032145960034752,0.013032145960034752,0.004344048653344918,0.08688097306689835
0.21547799696509864,0.004552352048558422,0.021244309559939303,0.19575113808801214,0.0637329286798179,0.07359635811836115,0.009104704097116844,0.05235204855842185,0.006828528072837633,0.07283763277693475,0.05083459787556904,0.11456752655538695,0.015933232169954476,0.015174506828528073,0.0037936267071320183,0.08421851289833081
0.20574482297929192,0.0033400133600534404,0.020708082832331328,0.19171676686706746,0.0674682698730795,0.08216432865731463,0.012692050768203072,0.058784235136940546,0.006680026720106881,0.07014028056112225,0.052104208416833664,0.11022044088176353,0.01736806947227789,0.015364061456245824,0.006012024048096192,0.07949231796927188
0.19542994588093807,0.004810583283223091,0.018641010222489478,0.18400481058328322,0.07456404088995791,0.08238123872519543,0.013830426939266387,0.06313890559230306,0.010222489476849068,0.07576668671076368,0.04509921828021648,0.10523150932050511,0.01984365604329525,0.01683704149128082,0.00661455201443175,0.0835838845460012
0.19052803483941208,0.005988023952095809,0.018508437670114317,0.1769188894937398,0.08002177463255307,0.08437670114316821,0.014697876973326075,0.06695699510070767,0.012520413718018509,0.07784431137724551,0.03592814371257485,0.10179640718562874,0.021774632553075667,0.015242242787152967,0.008709853021230268,0.08818726183995645
0.1816357250376317,0.007024586051179127,0.014550928248871048,0.1741093828399398,0.08730556949322629,0.09031610637230306,0.013045659809332665,0.07074761665830406,0.016056196688409432,0.08078273958855996,0.035122930255895635,0.09483191169091822,0.02408429503261415,0.017059708981435023,0.012543903662819869,0.08078273958855996
0.17946257197696738,0.0067178502879078695,0.014395393474088292,0.1708253358925144,0.08205374280230326,0.08877159309021113,0.012476007677543186,0.07389635316698656,0.018234165067178502,0.08205374280230326,0.03262955854126679,0.1017274472168906,0.025911708253358926,0.016794625719769675,0.01199616122840691,0.08205374280230326
0.17375400091449475,0.006401463191586648,0.01417466849565615,0.1627800640146319,0.0827617741197988,0.08916323731138547,0.013717421124828532,0.07773205304069501,0.019661636945587563,0.0823045267489712,0.031092821216278006,0.10745313214449016,0.029721079103795154,0.01828989483310471,0.012345679012345678,0.07864654778235025
0.17596371882086168,0.0072562358276643995,0.014965986394557823,0.16235827664399094,0.08072562358276644,0.08934240362811792,0.013605442176870748,0.07573696145124717,0.017687074829931974,0.08117913832199547,0.02585034013605442,0.11201814058956916,0.033560090702947847,0.017233560090702947,0.010430839002267574,0.08208616780045351
0.17515364354697102,0.007462686567164179,0.014925373134328358,0.15978928884986832,0.07550482879719052,0.08691834942932397,0.015364354697102721,0.07462686567164178,0.021949078138718173,0.08516242317822652,0.026777875329236173,0.11106233538191396,0.038630377524143986,0.017998244073748903,0.013169446883230905,0.07550482879719052
0.17626373626373626,0.007032967032967033,0.014505494505494506,0.16,0.07824175824175825,0.08835164835164835,0.012747252747252748,0.07428571428571429,0.021538461538461538,0.08527472527472528,0.025054945054945054,0.11076923076923077,0.03912087912087912,0.02065934065934066,0.01054945054945055,0.07560439560439561
0.1742756804214223,0.006145741878841089,0.011852502194907815,0.1584723441615452,0.07726075504828797,0.08999122036874452,0.012730465320456541,0.0781387181738367,0.020632133450395083,0.08647936786654961,0.021949078138718173,0.10667251975417033,0.040825285338015806,0.024143985952589993,0.01141352063213345,0.07901668129938542
0.1717171717171717,0.007465963987703118,0.010540184453227932,0.16205533596837945,0.06763285024154589,0.08915239350021958,0.014931927975406236,0.07685551163812034,0.020641194554238032,0.08915239350021958,0.022837066315327184,0.11023276240667546,0.039525691699604744,0.024154589371980676,0.010979358805445762,0.0821256038647343
0.17206654991243434,0.008756567425569177,0.009632224168126095,0.159369527145359,0.06304728546409807,0.09281961471103327,0.0148861646234676,0.07924693520140105,0.021453590192644482,0.08844133099824869,0.023204903677758317,0.10901926444833625,0.040718038528896675,0.026707530647985988,0.012259194395796848,0.07837127845884413
0.16968911917098445,0.008203799654576857,0.010362694300518135,0.15716753022452504,0.0613126079447323,0.09412780656303972,0.014248704663212436,0.08117443868739206,0.022452504317789293,0.08808290155440414,0.023747841105354058,0.10880829015544041,0.041018998272884286,0.025906735751295335,0.013816925734024179,0.07987910189982729
0.1718004338394794,0.008676789587852495,0.00824295010845987,0.1540130151843818,0.06464208242950109,0.09327548806941431,0.013015184381778741,0.08026030368763558,0.021691973969631236,0.08850325379609544,0.020824295010845987,0.11236442516268981,0.04338394793926247,0.026464208242950107,0.009978308026030369,0.08286334056399132
0.1756993006993007,0.008304195804195804,0.009178321678321678,0.1547202797202797,0.06293706293706294,0.09265734265734266,0.013111888111888112,0.08173076923076923,0.02054195804195804,0.09047202797202797,0.017482517482517484,0.1131993006993007,0.04414335664335664,0.025349650349650348,0.010926573426573426,0.07954545454545454
0.17568152315015145,0.009519688446559932,0.009086975335352661,0.1549112938122025,0.06620510601471224,0.08913890090869753,0.012115967113803548,0.08437905668541756,0.019039376893119863,0.088273474686283,0.01730852444829078,0.11293812202509736,0.04500216356555604,0.026395499783643445,0.009086975335352661,0.08091735179575942
0.17861799217731422,0.009995654063450673,0.009561060408518035,0.15254237288135594,0.06301607996523251,0.08996088657105607,0.010430247718383311,0.0869187309865276,0.017383746197305518,0.08909169926119079,0.017383746197305518,0.11429813124728379,0.048674489352455455,0.023902651021295088,0.009995654063450673,0.07822685788787484
0.17950925527335343,0.011192423590185106,0.009900990099009901,0.1545415411106328,0.05983641842445114,0.09169177787343952,0.009900990099009901,0.0865260439087387,0.015497201894102454,0.09298321136461472,0.01248385708136031,0.11149375807145932,0.04950495049504951,0.02582866982350409,0.009900990099009901,0.07920792079207921
0.17914322803980962,0.013414106447425357,0.011683254002596278,0.1523150151449589,0.05495456512332324,0.08957161401990481,0.0073561228905235825,0.08351363046300303,0.018173950670705322,0.0938987451319775,0.013846819558632626,0.11337083513630462,0.05495456512332324,0.027260926006057985,0.009086975335352661,0.07745564690610125
0.17954251186879586,0.013379369874838154,0.011652999568407424,0.15235217954251187,0.053517479499352615,0.09020284851100561,0.0069054812257229176,0.08027621924902892,0.018990073370738023,0.0932239965472594,0.0146741476046612,0.1148036253776435,0.05567544238239102,0.027190332326283987,0.011221406991799741,0.07639188605955978
0.18521739130434783,0.012608695652173913,0.011304347826086957,0.15347826086956523,0.04826086956521739,0.09130434782608696,0.006956521739130435,0.08304347826086957,0.02,0.09434782608695652,0.012608695652173913,0.1117391304347826,0.059130434782608696,0.026521739130434784,0.01,0.07347826086956522
0.18452895419187554,0.012100259291270527,0.012532411408815903,0.1529818496110631,0.05056179775280899,0.09248055315471046,0.008210890233362144,0.0808124459809853,0.018582541054451167,0.09464131374243734,0.012532411408815903,0.10847018150388937,0.057476231633535005,0.02895419187554019,0.010803802938634399,0.07433016421780467
0.18450826805918188,0.01174934725848564,0.010879025239338555,0.1544821583986075,0.04699738903394256,0.0926892950391645,0.0073977371627502175,0.08137510879025239,0.020452567449956483,0.09878154917319408,0.009138381201044387,0.1114012184508268,0.0587467362924282,0.030461270670147953,0.007832898172323759,0.0731070496083551
0.18409680207433016,0.009939498703543647,0.009075194468452896,0.15557476231633535,0.0449438202247191,0.09550561797752809,0.009075194468452896,0.08426966292134831,0.016853932584269662,0.0972342264477096,0.011668107173725151,0.10674157303370786,0.058772687986171135,0.03025064822817632,0.009939498703543647,0.07605877268798616
0.18170158187259514,0.00897819581017529,0.00983326207781103,0.15519452757588714,0.042325780247969215,0.09918768704574604,0.010260795211628902,0.0880718255664814,0.01838392475416845,0.09662248824283882,0.010260795211628902,0.10431808465156049,0.058999572466866185,0.032492518170158184,0.010688328345446772,0.07268063274903805
0.18063958513396716,0.007778738115816767,0.008210890233362144,0.16119273984442523,0.04062229904926534,0.09636992221261884,0.010371650821089023,0.08902333621434745,0.016853932584269662,0.09939498703543648,0.009939498703543647,0.10587726879861711,0.06050129645635264,0.03111495246326707,0.009939498703543647,0.07216940363007779
0.17927773000859845,0.007738607050730868,0.009888220120378332,0.15477214101461736,0.03998280309544282,0.09845227858985382,0.009888220120378332,0.08770421324161651,0.016766981943250214,0.0997420464316423,0.008598452278589854,0.11006018916595013,0.06233877901977644,0.03267411865864144,0.009458297506448839,0.07265692175408427
0.18291112065264062,0.0072992700729927005,0.0098754830399313,0.15543151567196223,0.038213825676255905,0.1000429368827823,0.009446114212108201,0.08673250322026621,0.014598540145985401,0.09832546157148991,0.009016745384285102,0.10991841992271362,0.06655216831258051,0.033061399742378705,0.007728638900815801,0.07084585659081151
0.1813893653516295,0.00986277873070326,0.009005145797598629,0.15308747855917668,0.033876500857632934,0.10034305317324185,0.011578044596912522,0.0879073756432247,0.012435677530017153,0.10120068610634649,0.00986277873070326,0.10934819897084049,0.06989708404802744,0.030017152658662092,0.008576329331046312,0.0716123499142367
0.18405172413793103,0.009051724137931035,0.01163793103448276,0.15258620689655172,0.03405172413793103,0.09956896551724138,0.009051724137931035,0.0853448275862069,0.01293103448275862,0.09956896551724138,0.010344827586206896,0.1103448275862069,0.06982758620689655,0.03103448275862069,0.008189655172413794,0.07241379310344828
0.18252260008609555,0.008179078777442962,0.010331467929401636,0.15109771846749892,0.03314679294016358,0.09814894532931553,0.008179078777442962,0.0878174773999139,0.01162290142057684,0.1024537236332329,0.009900990099009901,0.11020232458028412,0.07361170899698666,0.030133448127421438,0.007318123116659492,0.07533362031855359
0.18431204457779682,0.007286755250750107,0.011144449207029576,0.15259322760394342,0.03000428632661809,0.10030004286326619,0.008144020574367767,0.08829832833261894,0.012001714530647235,0.10458636948135448,0.010715816545220747,0.10887269609944278,0.07286755250750107,0.030432918988426916,0.007286755250750107,0.07115302186026576
0.19196237708422403,0.007268063274903805,0.010260795211628902,0.14878153056861906,0.02864471996579735,0.1013253527148354,0.007268063274903805,0.08336896109448483,0.012398460880718255,0.10517315091919624,0.010260795211628902,0.10517315091919624,0.07439076528430953,0.03163745190252244,0.006840530141085934,0.07524583155194528
0.19229103508012127,0.0086617583369424,0.009094846253789519,0.1494153313122564,0.02728453876136856,0.10047639670853183,0.007795582503248159,0.08098744045041144,0.013425725422260719,0.10350801212646167,0.009527934170636639,0.10870506712862711,0.07752273711563447,0.03204850584668688,0.006063230835859679,0.07319185794716328
0.19080360979802322,0.009883970777825527,0.0111731843575419,0.15083798882681565,0.026643747314138374,0.09712075633863343,0.006016330038676407,0.07907176622260421,0.013321873657069187,0.10442629995702621,0.009883970777825527,0.1087236785560808,0.07950150408250967,0.03094112591319295,0.00730554361839278,0.07434464976364417
0.19033361847733105,0.009837467921300257,0.008126603934987169,0.1454234388366125,0.02566295979469632,0.10179640718562874,0.007271171941830625,0.08126603934987169,0.013259195893926433,0.10906757912745936,0.008982035928143712,0.10607356715141146,0.08083832335329341,0.032506415739948676,0.007271171941830625,0.07228400342172797
0.1904150620453573,0.008985879332477536,0.008557980316645272,0.14719726144629866,0.02610183996576808,0.10226786478391099,0.004706889174154899,0.0834403080872914,0.01069747539580659,0.10611895592640137,0.008130081300813009,0.10611895592640137,0.08172871202396234,0.030380830124090714,0.009413778348309799,0.07573812580231065
0.1893162393162393,0.009401709401709401,0.008974358974358974,0.1482905982905983,0.02606837606837607,0.10085470085470086,0.003418803418803419,0.0829059829059829,0.011538461538461539,0.10555555555555556,0.00811965811965812,0.10128205128205128,0.08632478632478632,0.03076923076923077,0.008974358974358974,0.0782051282051282
0.1878476679503637,0.008985879332477536,0.007274283269148481,0.14377406931964057,0.02781343602909713,0.10269576379974327,0.004278990158322636,0.08515190415062045,0.012409071459135643,0.10526315789473684,0.006418485237483954,0.10141206675224647,0.08943089430894309,0.030380830124090714,0.009841677364142062,0.07702182284980745
0.1867007672634271,0.010656436487638534,0.0068201193520886615,0.1466325660699062,0.028132992327365727,0.10230179028132992,0.0038363171355498722,0.08226768968456948,0.013640238704177323,0.10272804774083547,0.007246376811594203,0.10017050298380221,0.08951406649616368,0.0319693094629156,0.010230179028132993,0.07715260017050299
0.1891313649978605,0.010269576379974325,0.007274283269148481,0.1433461703038083,0.024818142918271287,0.10269576379974327,0.004278990158322636,0.08301240907145914,0.014120667522464698,0.10611895592640137,0.007702182284980745,0.0962772785622593,0.09199828840393667,0.0329482242190843,0.009841677364142062,0.07616602481814291
0.1876068376068376,0.010256410256410256,0.008547008547008548,0.1405982905982906,0.023076923076923078,0.10341880341880341,0.003418803418803419,0.08205128205128205,0.015384615384615385,0.10897435897435898,0.009401709401709401,0.09145299145299145,0.09401709401709402,0.03162393162393162,0.010683760683760684,0.07948717948717948
0.1841310909874946,0.01034928848641656,0.008193186718413108,0.1375592927986201,0.02328589909443726,0.10651142733937041,0.0038809831824062097,0.08279430789133248,0.017680034497628287,0.10478654592496765,0.007761966364812419,0.09659335920655455,0.09616213885295385,0.031047865459249677,0.009055627425614488,0.08020698576972833
0.1871244635193133,0.009012875536480686,0.007725321888412017,0.14034334763948497,0.022317596566523604,0.1055793991416309,0.0038626609442060085,0.0815450643776824,0.016738197424892704,0.10643776824034334,0.007296137339055794,0.09570815450643777,0.09484978540772532,0.03476394849785408,0.007296137339055794,0.07939914163090128
0.18547008547008548,0.009401709401709401,0.00811965811965812,0.13675213675213677,0.02264957264957265,0.10555555555555556,0.004273504273504274,0.07692307692307693,0.01581196581196581,0.10982905982905983,0.006837606837606838,0.09914529914529914,0.10128205128205128,0.031196581196581197,0.005982905982905983,0.08076923076923077
0.18252260008609555,0.007748600947051227,0.007318123116659492,0.1360309944037882,0.02152389151958674,0.10977184674989238,0.004735256134309083,0.07705553164012054,0.014636246233318984,0.1076194575979337,0.006887645286267757,0.10116229014205769,0.09987085665088248,0.03357727077055531,0.008179078777442962,0.08136030994403788
0.18396226415094338,0.009005145797598629,0.007289879931389366,0.137221269296741,0.019296740994854202,0.11234991423670669,0.0038593481989708405,0.07547169811320754,0.0137221269296741,0.10763293310463122,0.006003430531732418,0.09905660377358491,0.10334476843910806,0.03344768439108062,0.00686106346483705,0.08147512864493997
0.18376985830828682,0.0098754830399313,0.008158007728638901,0.13396307428080723,0.019321597252039503,0.10820094461142121,0.0034349506225848005,0.0785744954916273,0.014169171318162302,0.10734220695577501,0.0060111635895234005,0.09789609274366681,0.10433662516101332,0.0347788750536711,0.006440532417346501,0.0837269214255045
0.18317677198975235,0.009393680614859094,0.007685738684884714,0.13663535439795046,0.018787361229718188,0.107600341588386,0.004269854824935952,0.07813834329632792,0.012382578992314262,0.1071733561058924,0.006831767719897523,0.09649871904355252,0.10503842869342442,0.036293766011955594,0.005550811272416738,0.08454312553373185
0.18356047700170358,0.010221465076660987,0.008091993185689948,0.13330494037478705,0.017035775127768313,0.10647359454855196,0.00596252129471891,0.07793867120954004,0.011499148211243612,0.11073253833049404,0.00596252129471891,0.0975298126064736,0.10434412265758092,0.036626916524701875,0.005110732538330494,0.08560477001703577
0.18521701761925224,0.009883970777825527,0.00730554361839278,0.13579716373012463,0.01847872797593468,0.1065749892565535,0.006446067898581865,0.07907176622260421,0.010743446497636441,0.10743446497636441,0.006446067898581865,0.0923936398796734,0.1065749892565535,0.03824666953158573,0.004727116458960034,0.08465835840137516
0.18496110630942092,0.011235955056179775,0.006050129645635264,0.13699222126188418,0.016853932584269662,0.10285220397579949,0.006050129645635264,0.0808124459809853,0.010803802938634399,0.11192739844425238,0.0056179775280898875,0.09075194468452895,0.11019878997407087,0.03932584269662921,0.004753673292999135,0.0808124459809853
0.17970765262252794,0.012467755803955288,0.0060189165950128975,0.13757523645743766,0.014617368873602751,0.10318142734307825,0.0060189165950128975,0.08125537403267412,0.012037833190025795,0.10920034393809114,0.005159071367153913,0.09501289767841789,0.11092003439380911,0.03912295786758384,0.005159071367153913,0.0825451418744626
0.18019549511262217,0.012324691882702932,0.006374840628984276,0.13472163195920103,0.016574585635359115,0.10157246068848279,0.005099872503187421,0.07947301317467063,0.010199745006374841,0.10624734381640459,0.005949851253718657,0.09562260943476412,0.11219719507012324,0.03994900127496812,0.005949851253718657,0.08754781130471738
0.17802385008517888,0.009369676320272573,0.00596252129471891,0.13500851788756388,0.01746166950596252,0.09965928449744463,0.005110732538330494,0.07964224872231687,0.011073253833049404,0.10732538330494037,0.005536626916524702,0.09710391822827939,0.1141396933560477,0.039182282793867124,0.004684838160136286,0.09071550255536627
0.1784955376115597,0.009349766255843604,0.006374840628984276,0.13514662133446664,0.018699532511687208,0.10072248193795155,0.004674883127921802,0.08202294942626434,0.011899702507437314,0.10539736506587336,0.004674883127921802,0.09477263068423289,0.11517212069698257,0.03994900127496812,0.004674883127921802,0.087972800679983
0.1822070145423439,0.007698887938408896,0.00641573994867408,0.1330196749358426,0.017964071856287425,0.10265183917878529,0.003849443969204448,0.08383233532934131,0.011548331907613344,0.1009409751924722,0.005560307955517536,0.09281437125748503,0.11890504704875962,0.03934987168520103,0.003421727972626176,0.08982035928143713
0.18422174840085287,0.007249466950959489,0.004690831556503198,0.13347547974413645,0.018763326226012792,0.0997867803837953,0.003411513859275053,0.08656716417910448,0.011087420042643924,0.10149253731343283,0.00511727078891258,0.08912579957356077,0.1232409381663113,0.037526652452025584,0.003837953091684435,0.09040511727078891
0.18758029978586724,0.006852248394004282,0.003854389721627409,0.1349036402569593,0.017987152034261242,0.09550321199143469,0.003426124197002141,0.08308351177730193,0.01113490364025696,0.10364025695931478,0.00556745182012848,0.09164882226980728,0.12291220556745182,0.035974304068522485,0.003854389721627409,0.09207708779443255
0.18760757314974183,0.00774526678141136,0.00387263339070568,0.1342512908777969,0.014629948364888123,0.09079173838209983,0.0051635111876075735,0.08175559380378658,0.011187607573149742,0.10671256454388985,0.006024096385542169,0.0950946643717728,0.12607573149741824,0.03657487091222031,0.0025817555938037868,0.08993115318416524
0.18958155422715628,0.008112724167378309,0.004269854824935952,0.1332194705380017,0.015371477369769428,0.09222886421861656,0.005550811272416738,0.08283518360375747,0.009393680614859094,0.10418445772843724,0.004269854824935952,0.09479077711357814,0.12766865926558496,0.035439795046968404,0.0025619128949615714,0.09052092228864218
0.18824531516183987,0.008091993185689948,0.005110732538330494,0.13287904599659284,0.016183986371379896,0.0924190800681431,0.005536626916524702,0.08304940374787052,0.010647359454855196,0.10391822827938671,0.0038330494037478705,0.0919931856899489,0.1307495741056218,0.03747870528109029,0.002129471890971039,0.08773424190800681
0.18579931972789115,0.008078231292517007,0.00467687074829932,0.13180272108843538,0.01403061224489796,0.09141156462585034,0.0055272108843537416,0.07950680272108844,0.00977891156462585,0.1054421768707483,0.003826530612244898,0.09608843537414966,0.13477891156462585,0.03741496598639456,0.0021258503401360546,0.0897108843537415
0.18888888888888888,0.007692307692307693,0.0029914529914529917,0.1311965811965812,0.013675213675213675,0.08803418803418804,0.004700854700854701,0.07692307692307693,0.011965811965811967,0.10811965811965812,0.0038461538461538464,0.09230769230769231,0.13675213675213677,0.037606837606837605,0.0029914529914529917,0.09230769230769231
0.18638297872340426,0.008085106382978723,0.002553191489361702,0.13063829787234044,0.013617021276595745,0.08553191489361703,0.003829787234042553,0.07914893617021276,0.010638297872340425,0.10808510638297872,0.003404255319148936,0.09234042553191489,0.14,0.03702127659574468,0.003829787234042553,0.09489361702127659
0.1861951427354069,0.007669365146996165,0.0038346825734980826,0.12526629740093737,0.012356199403493822,0.08649339582445675,0.004686834256497656,0.07882403067746059,0.011077971878994461,0.10694503621644652,0.004686834256497656,0.09671921602045164,0.14145717937792926,0.03621644652748189,0.004260758414997869,0.09331060928845335
0.18460229689493832,0.0076563164610803916,0.0038281582305401958,0.1220757124627818,0.013611229264142918,0.08719693747341557,0.0038281582305401958,0.07528711186729052,0.01105912377711612,0.10888983411314335,0.0063802637175669925,0.09570395576350489,0.14376860910250958,0.038281582305401955,0.004253509145044662,0.09357720119098256
0.18846153846153846,0.008547008547008548,0.004273504273504274,0.12051282051282051,0.013675213675213675,0.0841880341880342,0.005128205128205128,0.07692307692307693,0.011538461538461539,0.11025641025641025,0.008547008547008548,0.09230769230769231,0.14102564102564102,0.035897435897435895,0.003418803418803419,0.0952991452991453
0.1889797675419716,0.006887645286267757,0.005596211795092553,0.11967283684890229,0.01420576840292725,0.08609556607834697,0.005596211795092553,0.07361170899698666,0.009900990099009901,0.10718897976754198,0.007748600947051227,0.09384416702539819,0.14765389582436506,0.036160137752905726,0.003013344812742144,0.09384416702539819
0.1879280821917808,0.00684931506849315,0.004708904109589041,0.12157534246575342,0.014982876712328766,0.0839041095890411,0.005565068493150685,0.06934931506849315,0.010702054794520547,0.1053082191780822,0.007705479452054794,0.09717465753424658,0.1485445205479452,0.036815068493150686,0.005136986301369863,0.09375
0.18469431380932022,0.005985463873450192,0.004275331338178709,0.11928174433518597,0.01453612654980761,0.08251389482684908,0.006412997007268063,0.06968790081231295,0.012398460880718255,0.1085934159897392,0.008123129542539546,0.09191962377084224,0.15348439504061565,0.03847798204360838,0.00470286447199658,0.09491235570756734
0.1842560553633218,0.007352941176470588,0.004757785467128028,0.11548442906574395,0.014273356401384083,0.08174740484429066,0.007352941176470588,0.07396193771626297,0.013408304498269897,0.10856401384083045,0.006055363321799308,0.09299307958477508,0.15570934256055363,0.039792387543252594,0.005622837370242215,0.08866782006920415
0.18458244111349037,0.007708779443254818,0.004282655246252677,0.11477516059957174,0.014561027837259101,0.08394004282655246,0.006423982869379015,0.0715203426124197,0.014561027837259101,0.10620985010706638,0.0059957173447537475,0.09379014989293362,0.15631691648822268,0.039400428265524624,0.005139186295503212,0.09079229122055675
0.1813893653516295,0.007718696397941681,0.004288164665523156,0.11406518010291596,0.015866209262435677,0.08533447684391081,0.008147512864493996,0.07204116638078903,0.015437392795883362,0.10591766723842196,0.006003430531732418,0.09219554030874785,0.15866209262435677,0.03987993138936535,0.0047169811320754715,0.08833619210977701
0.18008474576271186,0.007627118644067797,0.00423728813559322,0.11610169491525424,0.014830508474576272,0.0847457627118644,0.008898305084745763,0.07457627118644068,0.015254237288135594,0.1016949152542373,0.00423728813559322,0.0923728813559322,0.1635593220338983,0.04194915254237288,0.004661016949152543,0.08516949152542373
0.17899659863945577,0.006802721088435374,0.00467687074829932,0.11394557823129252,0.01488095238095238,0.08290816326530612,0.00935374149659864,0.07312925170068027,0.015306122448979591,0.1050170068027211,0.0055272108843537416,0.09056122448979592,0.1679421768707483,0.04124149659863945,0.00467687074829932,0.08503401360544217
0.18058499364137345,0.00847816871555744,0.00423908435777872,0.11699872827469267,0.01526070368800339,0.0830860534124629,0.008902077151335312,0.07248834251801611,0.016108520559559136,0.1030097498940229,0.005086901229334464,0.08902077151335312,0.16871555743959304,0.03899957609156422,0.005934718100890208,0.0830860534124629
0.18232280102476517,0.008112724167378309,0.005123825789923143,0.11784799316823227,0.014090520922288642,0.07856532877882152,0.008112724167378309,0.07386848847139198,0.016652433817250213,0.09948761742100769,0.005123825789923143,0.08795900939368062,0.17335610589239966,0.040563620836891544,0.005977796754910333,0.08283518360375747
0.1835334476843911,0.00686106346483705,0.005574614065180103,0.11878216123499143,0.012006861063464836,0.0767581475128645,0.006003430531732418,0.07504288164665524,0.016295025728987993,0.09862778730703259,0.005145797598627788,0.08962264150943396,0.1758147512864494,0.03945111492281304,0.00686106346483705,0.08361921097770154
0.1852010265183918,0.007271171941830625,0.0051325919589392645,0.11377245508982035,0.014114627887082978,0.07955517536355859,0.005988023952095809,0.07228400342172797,0.017536355859709155,0.10350727117194183,0.0051325919589392645,0.0872540633019675,0.1757912745936698,0.04148845166809239,0.005988023952095809,0.07998289136013687
0.18621575342465754,0.006421232876712328,0.004280821917808219,0.11044520547945205,0.0136986301369863,0.07705479452054795,0.006421232876712328,0.07148972602739725,0.01797945205479452,0.1014554794520548,0.006421232876712328,0.08518835616438356,0.18065068493150685,0.04323630136986301,0.005136986301369863,0.0839041095890411
0.1881145788798632,0.006412997007268063,0.004275331338178709,0.10944848225737494,0.013253527148353997,0.07695596408721676,0.006840530141085934,0.07396323215049166,0.016673792218896963,0.10089781958101753,0.004275331338178709,0.0867892261650278,0.1778537836682343,0.042325780247969215,0.005130397605814451,0.0867892261650278
0.18982471141513468,0.006412997007268063,0.002992731936725096,0.1115861479264643,0.013253527148353997,0.07652843095339888,0.006840530141085934,0.07524583155194528,0.01581872595126122,0.09619495510902094,0.00470286447199658,0.08507909362975631,0.18255664814023087,0.042325780247969215,0.00470286447199658,0.08593415989739205
0.19201359388275277,0.00594732370433305,0.004248088360237893,0.10960067969413764,0.014868309260832626,0.0751911639762107,0.0076465590484282074,0.07051826677994902,0.01656754460492778,0.09643160577740018,0.004672897196261682,0.08496176720475786,0.1860662701784197,0.04248088360237893,0.005097706032285472,0.08368734069668649
0.1947549441100602,0.006878761822871883,0.003869303525365434,0.11349957007738606,0.015047291487532245,0.07437661220980224,0.007738607050730868,0.07136715391229578,0.018916595012897677,0.08985382631126397,0.003869303525365434,0.08641444539982802,0.18615649183147034,0.04170249355116079,0.005159071367153913,0.08039552880481514
0.1917691981332202,0.007636826474331778,0.003818413237165889,0.11370386084005091,0.013576580398812049,0.07297411964361476,0.007636826474331778,0.07000424268137463,0.017394993635977938,0.09121764955451846,0.004666949512091642,0.0848536274925753,0.18922358930844294,0.04200254560882478,0.0067882901994060245,0.08273228680526093
0.1956241956241956,0.009009009009009009,0.006435006435006435,0.11368511368511368,0.012012012012012012,0.07035607035607036,0.006435006435006435,0.0682110682110682,0.018447018447018446,0.0888030888030888,0.003432003432003432,0.08408408408408409,0.1909051909051909,0.04118404118404118,0.006006006006006006,0.08537108537108537
0.19822109275730623,0.009741634900465904,0.007200338839474798,0.11139347734011013,0.011012282930961457,0.0724269377382465,0.007200338839474798,0.06946209233375689,0.015247776365946633,0.09063955950868276,0.0033883947479881405,0.084286319356205,0.1927149512918255,0.03939008894536213,0.005506141465480729,0.08216857263871241
0.1979256698357822,0.00864304235090752,0.00432152117545376,0.10847018150388937,0.009939498703543647,0.0756266205704408,0.007346585998271392,0.06914433880726016,0.01512532411408816,0.09031979256698358,0.0025929127052722557,0.0847018150388937,0.19533275713050993,0.04278305963699222,0.00432152117545376,0.08340535868625756
0.1999152901313003,0.009318085556967387,0.0033883947479881405,0.10715798390512495,0.009741634900465904,0.07581533248623465,0.008894536213468869,0.06819144430326134,0.013130029648454045,0.09063955950868276,0.0033883947479881405,0.084286319356205,0.1973739940703092,0.043202033036848796,0.004235493434985175,0.08132147395171538
0.1978902953586498,0.009282700421940928,0.0033755274261603376,0.10548523206751055,0.009704641350210971,0.0729957805907173,0.007172995780590718,0.06919831223628692,0.014345991561181435,0.09662447257383966,0.002953586497890295,0.08312236286919832,0.20253164556962025,0.04092827004219409,0.005485232067510549,0.07890295358649789
0.19566142067205444,0.008507018290089324,0.0034028073160357296,0.10165886856656742,0.00893236920459379,0.07145895363675032,0.0076563164610803916,0.07103360272224585,0.015312632922160783,0.09400255210548703,0.0029774564015312634,0.08507018290089324,0.20799659719268396,0.04210974053594215,0.004678860059549128,0.07954062101233518
0.19484978540772532,0.0068669527896995704,0.002575107296137339,0.10343347639484979,0.007725321888412017,0.06952789699570816,0.00815450643776824,0.07124463519313305,0.013733905579399141,0.09570815450643777,0.0030042918454935624,0.08283261802575108,0.21888412017167383,0.04034334763948498,0.004291845493562232,0.07682403433476395
0.19711129991503823,0.00594732370433305,0.0033984706881903144,0.10152931180968564,0.0076465590484282074,0.06839422259983008,0.008071367884451997,0.07264231096006797,0.014443500424808835,0.09005947323704333,0.004248088360237893,0.08113848768054376,0.22132540356839422,0.04035683942225998,0.005097706032285472,0.07858963466440103
0.19402356902356901,0.006313131313131313,0.0025252525252525255,0.10016835016835017,0.007154882154882155,0.06818181818181818,0.007575757575757576,0.07407407407407407,0.013888888888888888,0.09132996632996633,0.005892255892255892,0.08249158249158249,0.22264309764309764,0.03787878787878788,0.006734006734006734,0.07912457912457913
0.19424151267726686,0.005156854318865492,0.0021486892995272885,0.09926944563816072,0.00730554361839278,0.0700472711645896,0.005156854318865492,0.0730554361839278,0.013751611516974646,0.08895573700042973,0.004727116458960034,0.08336914482165879,0.22948001718951438,0.0365277180919639,0.006875805758487323,0.07993124194241513
0.1932059447983015,0.004246284501061571,0.0025477707006369425,0.09936305732484077,0.008492569002123142,0.06666666666666667,0.004670912951167728,0.07303609341825902,0.013588110403397028,0.08747346072186836,0.004246284501061571,0.08280254777070063,0.2356687898089172,0.03779193205944798,0.007643312101910828,0.07855626326963906
0.19567062818336162,0.0038200339558573855,0.0029711375212224107,0.09762308998302208,0.007640067911714771,0.0666383701188455,0.00466893039049236,0.07215619694397284,0.014431239388794566,0.08701188455008489,0.004244482173174873,0.08276740237691002,0.23769100169779286,0.03735144312393888,0.007215619694397283,0.07809847198641766
0.1983718937446444,0.003427592116538132,0.0038560411311053984,0.09640102827763496,0.005998286203941731,0.06683804627249357,0.004712939160239932,0.0728363324764353,0.01456726649528706,0.08654670094258783,0.003427592116538132,0.08097686375321336,0.23693230505569837,0.038560411311053984,0.005998286203941731,0.0805484147386461
0.19796954314720813,0.004653130287648054,0.00338409475465313,0.09390862944162437,0.004230118443316413,0.0676818950930626,0.004230118443316413,0.07529610829103214,0.014382402707275803,0.08629441624365482,0.005922165820642978,0.08037225042301184,0.2428087986463621,0.03680203045685279,0.005499153976311337,0.07656514382402707
0.1969243912857753,0.004271678769756515,0.0034173430158052115,0.0914139256727894,0.0025630072618539087,0.06663818880820162,0.006834686031610423,0.0721913712088851,0.014523707817172148,0.0888509184109355,0.005553182400683468,0.07988039299444681,0.24861170439982913,0.03673643741990602,0.004698846646732166,0.07689021785561725
0.19812925170068027,0.003826530612244898,0.004251700680272109,0.09013605442176871,0.002976190476190476,0.06547619047619048,0.005952380952380952,0.07312925170068027,0.013180272108843538,0.08758503401360544,0.006802721088435374,0.08163265306122448,0.25297619047619047,0.03571428571428571,0.00510204081632653,0.07312925170068027
0.1939600170140366,0.0034028073160357296,0.0063802637175669925,0.09017439387494683,0.002552105487026797,0.06465333900467886,0.00552956188855806,0.07528711186729052,0.01233517652062952,0.08507018290089324,0.006805614632071459,0.07826456826882178,0.25818800510421097,0.03955763504891536,0.004253509145044662,0.07358570820927265
0.19212665810868634,0.004278990158322636,0.008985879332477536,0.0928540864356012,0.0038510911424903724,0.0658964484381686,0.005562687205819427,0.07274283269148481,0.01069747539580659,0.08600770218228498,0.006418485237483954,0.07488232777064613,0.26272999572100986,0.036799315361574665,0.004278990158322636,0.07188703465982028
0.19152542372881357,0.004661016949152543,0.009745762711864408,0.08983050847457627,0.004661016949152543,0.06567796610169492,0.00423728813559322,0.07161016949152542,0.010169491525423728,0.08305084745762711,0.006355932203389831,0.07754237288135593,0.2669491525423729,0.03771186440677966,0.005084745762711864,0.0711864406779661
0.19138959931798807,0.005541346973572037,0.008098891730605285,0.09036658141517477,0.0068201193520886615,0.06351236146632566,0.0038363171355498722,0.07161125319693094,0.00980392156862745,0.08226768968456948,0.00639386189258312,0.0784313725490196,0.27024722932651324,0.036231884057971016,0.005115089514066497,0.07033248081841433
0.1888466413181242,0.006759611322348965,0.006759611322348965,0.08871989860583017,0.0076045627376425855,0.06506125897760878,0.002957329953527672,0.0697084917617237,0.009716941275876637,0.08238276299112801,0.0076045627376425855,0.07900295732995352,0.27207435572454586,0.03633291085762569,0.005914659907055344,0.07055344317701732
0.19017094017094016,0.00811965811965812,0.007264957264957265,0.08675213675213675,0.00811965811965812,0.06452991452991454,0.003418803418803419,0.06752136752136752,0.009401709401709401,0.08333333333333333,0.007264957264957265,0.07606837606837606,0.2743589743589744,0.03504273504273504,0.005555555555555556,0.07307692307692308
0.1897590361445783,0.006024096385542169,0.008175559380378658,0.08777969018932874,0.008605851979345954,0.06497418244406196,0.0034423407917383822,0.06669535283993115,0.010757314974182444,0.07917383820998279,0.006454388984509466,0.076592082616179,0.27925989672977625,0.03442340791738382,0.0051635111876075735,0.07271944922547333
0.18657033574160645,0.005949851253718657,0.010624734381640459,0.08669783255418614,0.008924776880577986,0.06332341691457713,0.0025499362515937103,0.06927326816829579,0.010199745006374841,0.0832979175520612,0.004674883127921802,0.07607309817254569,0.28389290267743306,0.03314917127071823,0.004249893752656183,0.07054823629409265
0.18524798643493007,0.005934718100890208,0.0105977108944468,0.0877490462060195,0.009325985587113183,0.06316235693090293,0.002543450614667232,0.0665536244171259,0.009749894022891056,0.08181432810512929,0.00423908435777872,0.07545570156846121,0.2891055532005087,0.0347604917337855,0.003391267486222976,0.07036880033912675
