C_R,C_A,C_S,C_N,D_R,D_A,D_S,D_N,Oc_R,Oc_A,Oc_S,Oc_N,Od_R,Od_A,Od_S,Od_N
0.0,0.0,0.0,0.0,0.0,0.0,0.0,0.0,0.0,0.0,0.0,1.0,0.0,0.0,0.0,0.0
0.0,0.0,0.0,0.0,0.0,0.0,0.0,0.0,0.0,0.0,0.0,1.0,0.0,0.0,0.0,0.0
0.0,0.0,0.0,0.0,0.0,0.0,0.0,0.0,0.0,0.2,0.0,0.8,0.0,0.0,0.0,0.0
0.0,0.0,0.0,0.0,0.0,0.1111111111111111,0.0,0.0,0.0,0.2222222222222222,0.0,0.6666666666666666,0.0,0.0,0.0,0.0
0.0,0.0,0.0,0.0,0.0,0.11428571428571428,0.0,0.0,0.0,0.22857142857142856,0.0,0.6,0.05714285714285714,0.0,0.0,0.0
0.0,0.0,0.0,0.0,0.0,0.1016949152542373,0.0,0.0,0.0,0.2542372881355932,0.0,0.559322033898305,0.05084745762711865,0.03389830508474576,0.0,0.0
0.0,0.0,0.0,0.0,0.0,0.08791208791208792,0.0,0.01098901098901099,0.02197802197802198,0.24175824175824176,0.0,0.5274725274725275,0.07692307692307693,0.03296703296703297,0.0,0.0
0.0,0.0,0.007407407407407408,0.0,0.0,0.0962962962962963,0.0,0.007407407407407408,0.014814814814814815,0.2222222222222222,0.0,0.5111111111111111,0.0962962962962963,0.044444444444444446,0.0,0.0
0.0,0.0,0.00546448087431694,0.01092896174863388,0.0,0.07103825136612021,0.0,0.00546448087431694,0.02185792349726776,0.22950819672131148,0.0,0.4918032786885246,0.10382513661202186,0.04918032786885246,0.01092896174863388,0.0
0.0,0.0,0.016877637130801686,0.012658227848101266,0.0,0.06751054852320675,0.0,0.004219409282700422,0.02531645569620253,0.21940928270042195,0.0,0.4641350210970464,0.1308016877637131,0.05063291139240506,0.008438818565400843,0.0
0.0,0.006269592476489028,0.01567398119122257,0.025078369905956112,0.0,0.06269592476489028,0.0,0.003134796238244514,0.018808777429467086,0.20376175548589343,0.0,0.4482758620689655,0.13793103448275862,0.06896551724137931,0.009404388714733543,0.0
0.0,0.0049261083743842365,0.022167487684729065,0.034482758620689655,0.0049261083743842365,0.06403940886699508,0.0049261083743842365,0.0,0.019704433497536946,0.19458128078817735,0.0049261083743842365,0.41625615763546797,0.14039408866995073,0.07635467980295567,0.012315270935960592,0.0
0.004048582995951417,0.006072874493927126,0.030364372469635626,0.048582995951417005,0.008097165991902834,0.058704453441295545,0.006072874493927126,0.0,0.020242914979757085,0.16396761133603238,0.004048582995951417,0.4068825910931174,0.1437246963562753,0.08502024291497975,0.01417004048582996,0.0
0.006557377049180328,0.006557377049180328,0.029508196721311476,0.06229508196721312,0.011475409836065573,0.054098360655737705,0.003278688524590164,0.001639344262295082,0.022950819672131147,0.16885245901639345,0.003278688524590164,0.3950819672131147,0.1377049180327869,0.08688524590163935,0.00819672131147541,0.001639344262295082
0.009845288326300985,0.007032348804500703,0.02390998593530239,0.07876230661040788,0.011251758087201125,0.05063291139240506,0.011251758087201125,0.0014064697609001407,0.030942334739803096,0.1420534458509142,0.0028129395218002813,0.37834036568213786,0.14345991561181434,0.09563994374120956,0.009845288326300985,0.0028129395218002813
0.014906832298136646,0.004968944099378882,0.02732919254658385,0.08571428571428572,0.011180124223602485,0.03975155279503106,0.014906832298136646,0.0012422360248447205,0.02608695652173913,0.13291925465838508,0.004968944099378882,0.37142857142857144,0.1453416149068323,0.10559006211180125,0.009937888198757764,0.0037267080745341614
0.020964360587002098,0.006289308176100629,0.02830188679245283,0.09853249475890985,0.015723270440251572,0.039832285115303984,0.013626834381551363,0.0041928721174004195,0.027253668763102725,0.12264150943396226,0.0031446540880503146,0.3553459119496855,0.14465408805031446,0.10587002096436059,0.008385744234800839,0.005241090146750524
0.025328330206378986,0.006566604127579738,0.029080675422138838,0.10600375234521577,0.019699812382739212,0.03470919324577861,0.012195121951219513,0.005628517823639775,0.03095684803001876,0.11632270168855535,0.005628517823639775,0.3395872420262664,0.150093808630394,0.10131332082551595,0.0075046904315197,0.009380863039399626
0.03607382550335571,0.0050335570469798654,0.030201342281879196,0.11241610738255034,0.016778523489932886,0.03104026845637584,0.010906040268456376,0.009228187919463088,0.02936241610738255,0.1098993288590604,0.008389261744966443,0.33640939597315433,0.14429530201342283,0.09815436241610738,0.006711409395973154,0.015100671140939598
0.0392156862745098,0.006033182503770739,0.026395173453996983,0.11463046757164404,0.016591251885369532,0.02790346907993967,0.012066365007541479,0.013574660633484163,0.02865761689291101,0.09954751131221719,0.008295625942684766,0.33634992458521873,0.14177978883861236,0.1033182503770739,0.006787330316742082,0.01885369532428356
0.043115438108484005,0.004867872044506259,0.02294853963838665,0.12239221140472879,0.022253129346314324,0.02851182197496523,0.008344923504867872,0.01321279554937413,0.03477051460361613,0.09666203059805285,0.006258692628650904,0.327538247566064,0.13977746870653684,0.10361613351877608,0.006954102920723227,0.018776077885952713
0.045969773299748114,0.005667506297229219,0.02518891687657431,0.12027707808564232,0.023299748110831235,0.027707808564231738,0.00818639798488665,0.015113350125944584,0.030226700251889168,0.0982367758186398,0.0069269521410579345,0.3167506297229219,0.14231738035264482,0.10957178841309824,0.006297229219143577,0.018261964735516372
0.04831199068684517,0.004656577415599534,0.023864959254947613,0.11932479627473806,0.02852153667054715,0.024447031431897557,0.006984866123399301,0.016880093131548313,0.025611175785797437,0.1030267753201397,0.00989522700814901,0.3149010477299185,0.14377182770663563,0.10651920838183934,0.006984866123399301,0.01629802095459837
0.047286405158516925,0.004836109618484685,0.023643202579258463,0.1155292853304675,0.037614185921547555,0.023643202579258463,0.006985491671144546,0.02041912950026867,0.0231058570660935,0.10639441160666309,0.008060182697474477,0.3121977431488447,0.13970983342289092,0.10370768404083826,0.006448146157979581,0.02041912950026867
0.051508844953173774,0.004162330905306972,0.023933402705515087,0.11654526534859522,0.03537981269510926,0.021852237252861603,0.005723204994797087,0.021852237252861603,0.022892819979188347,0.10145681581685743,0.008324661810613945,0.3090530697190427,0.13995837669094693,0.10457856399583768,0.009365244536940686,0.023413111342351717
0.04595404595404595,0.004995004995004995,0.02197802197802198,0.11488511488511488,0.038461538461538464,0.023476523476523476,0.004995004995004995,0.01998001998001998,0.02047952047952048,0.1018981018981019,0.011988011988011988,0.3111888111888112,0.13986013986013987,0.10789210789210789,0.007992007992007992,0.023976023976023976
0.04752572268495835,0.005389514943655071,0.021068103870651642,0.11121999020088193,0.03674669279764821,0.02449779519843214,0.005389514943655071,0.021558059774620286,0.0171484566389025,0.10730034296913278,0.009799118079372856,0.3101420872121509,0.13718765311122,0.11073003429691328,0.009799118079372856,0.02449779519843214
0.04575471698113207,0.0047169811320754715,0.02311320754716981,0.10518867924528302,0.03820754716981132,0.024528301886792454,0.0047169811320754715,0.020754716981132074,0.017452830188679245,0.10943396226415095,0.014150943396226415,0.31839622641509435,0.1339622641509434,0.10377358490566038,0.011320754716981131,0.024528301886792454
0.04817586529466791,0.004677268475210477,0.02432179607109448,0.10570626753975679,0.03835360149672591,0.02432179607109448,0.0037418147801683817,0.01777362020579981,0.014499532273152479,0.10898035547240412,0.013096351730589336,0.3147801683816651,0.13797942001870908,0.10523854069223573,0.011225444340505144,0.027128157156220765
0.04852125693160813,0.0046210720887245845,0.024029574861367836,0.10397412199630314,0.036968576709796676,0.024491682070240297,0.0023105360443622922,0.018484288354898338,0.011090573012939002,0.1067467652495379,0.013401109057301294,0.3202402957486137,0.1400184842883549,0.10720887245841035,0.010628465804066543,0.027264325323475048
0.051433773327264454,0.004096495220755576,0.024123805188893947,0.10650887573964497,0.03732362312243969,0.023668639053254437,0.0013654984069185253,0.016385980883022302,0.01137915339098771,0.11470186618115612,0.013199817933545745,0.31178880291306327,0.1406463359126081,0.10286754665452891,0.010923987255348202,0.029585798816568046
0.05409153952843273,0.0027739251040221915,0.026352288488210817,0.10864539990753583,0.03559870550161812,0.024040684234858993,0.0009246417013407304,0.01849283402681461,0.008321775312066574,0.1155802126675913,0.009246417013407305,0.30235783633841884,0.14470642625982433,0.10540915395284327,0.010171058714748035,0.033287101248266296
0.04895738893925657,0.003173164097914778,0.025838621940163193,0.10879419764279238,0.03535811423390753,0.02629193109700816,0.001813236627379873,0.01813236627379873,0.008612873980054397,0.11876699909338169,0.007252946509519492,0.30507706255666367,0.14324569356300998,0.10924750679963735,0.007252946509519492,0.03218495013599275
0.05131698455949137,0.003178928247048138,0.025431425976385105,0.11080835603996367,0.035422343324250684,0.024069028156221618,0.002270663033605813,0.02089009990917348,0.007266121707538601,0.11217075386012716,0.006811989100817439,0.3033605812897366,0.148047229791099,0.1067211625794732,0.007266121707538601,0.03496821071752952
0.05163897620116749,0.00224517287831163,0.025145936237090254,0.10956443646160755,0.029636281993713515,0.022900763358778626,0.003143242029636282,0.019757521329142345,0.006286484059272564,0.11540188594521779,0.0058374494836102376,0.3066906151773687,0.15267175572519084,0.11091154018859452,0.006286484059272564,0.03188145487202514
0.053694355208811384,0.0018357044515832951,0.024782010096374485,0.10784763653051858,0.029830197338228545,0.02294630564479119,0.0036714089031665903,0.01973382285452042,0.006424965580541533,0.11748508490133089,0.004130335016062414,0.3074804956402019,0.15557595227168425,0.10968334098210188,0.0032124827902707664,0.03166590178981184
0.052895576835385316,0.0027359781121751026,0.02188782489740082,0.11126310989512084,0.02918376652986776,0.02416780665754674,0.004103967168262654,0.021431828545371637,0.007751937984496124,0.11582307341541268,0.005927952576379389,0.3032375740994072,0.15595075239398085,0.11035111719106247,0.002279981760145919,0.031007751937984496
0.053579468707789284,0.00405222872579919,0.020711391265195857,0.11166141377757767,0.026114362899594776,0.023863124718595228,0.004502476361999099,0.020261143628995948,0.00810445745159838,0.11796488068437641,0.004502476361999099,0.30616839261593876,0.16163890139576767,0.10490769923457902,0.0018009905447996398,0.030166591625393965
0.050877982890589826,0.00495272399819901,0.020711391265195857,0.11526339486717695,0.025213867627194957,0.02341287708239532,0.005402971634398919,0.022062134173795586,0.00675371454299865,0.12246735704637551,0.00495272399819901,0.2976136875281405,0.16343989194056732,0.1040072039621792,0.0013507429085997298,0.0315173345339937
0.05032021957913998,0.005032021957913998,0.019670631290027447,0.11573650503202196,0.02516010978956999,0.0242451967063129,0.005032021957913998,0.0242451967063129,0.005946935041171089,0.12031107044830741,0.005946935041171089,0.30237877401646845,0.1605672461116194,0.10155535224153706,0.0013723696248856359,0.032479414455626715
0.05203619909502263,0.0036199095022624436,0.019457013574660634,0.11945701357466064,0.021266968325791856,0.023076923076923078,0.004524886877828055,0.024434389140271493,0.0058823529411764705,0.12217194570135746,0.004977375565610859,0.3004524886877828,0.16470588235294117,0.10090497737556561,0.0018099547511312218,0.031221719457013575
0.050983899821109124,0.0022361359570661895,0.018336314847942754,0.11806797853309481,0.01967799642218247,0.024150268336314847,0.006708407871198569,0.024150268336314847,0.006708407871198569,0.12119856887298748,0.004919499105545617,0.3054561717352415,0.1686046511627907,0.09570661896243292,0.0026833631484794273,0.03041144901610018
0.05701357466063348,0.0018099547511312218,0.019457013574660634,0.11447963800904977,0.02171945701357466,0.024434389140271493,0.006787330316742082,0.024886877828054297,0.004977375565610859,0.12262443438914027,0.004977375565610859,0.3009049773755656,0.17420814479638008,0.09049773755656108,0.0013574660633484162,0.02986425339366516
0.057207207207207206,0.002702702702702703,0.01891891891891892,0.11306306306306306,0.017117117117117116,0.022972972972972974,0.005855855855855856,0.025675675675675677,0.004954954954954955,0.11981981981981982,0.004954954954954955,0.30495495495495495,0.17702702702702702,0.09144144144144144,0.0022522522522522522,0.031081081081081083
0.06009941256213285,0.0018075011296882061,0.01807501129688206,0.11793944871215545,0.016719385449615907,0.023045639403524627,0.004518752824220515,0.02666064166290104,0.004066877541798464,0.11703569814731134,0.004518752824220515,0.3032083145051966,0.18300948938093087,0.0867600542250339,0.0009037505648441031,0.031631269769543606
0.05994671403197158,0.0026642984014209592,0.017761989342806393,0.1172291296625222,0.015985790408525755,0.02486678507992895,0.003552397868561279,0.024422735346358793,0.003996447602131439,0.11900532859680284,0.004440497335701598,0.30550621669627,0.18206039076376554,0.08614564831261101,0.0008880994671403197,0.03152753108348135
0.06331387516838796,0.00224517287831163,0.016165244723843737,0.11989223170184105,0.013920071845532105,0.022900763358778626,0.003592276605298608,0.02469690166142793,0.004041311180960934,0.11674898967220476,0.003143242029636282,0.30130220026942073,0.18904355635383924,0.08307139649753031,0.000898069151324652,0.03502469690166143
0.06356311548791406,0.0035810205908683975,0.019247985675917637,0.11504028648164727,0.01477170993733214,0.023724261414503133,0.003133393017009848,0.022381378692927483,0.0040286481647269475,0.11459265890778872,0.0040286481647269475,0.3043867502238138,0.18979409131602507,0.08415398388540735,0.0008952551477170994,0.03267681289167413
0.06313917296576256,0.0035571365051133837,0.01600711427301023,0.11605157847932414,0.01600711427301023,0.024455313472654512,0.0013339261894175188,0.024455313472654512,0.004891062694530902,0.11338372610048911,0.004001778568252557,0.30680302356602934,0.18986216096042685,0.08048021342819031,0.0022232103156958646,0.03334815473543797
0.06518786781349027,0.0018107741059302852,0.01403349932095971,0.12086917157084653,0.01403349932095971,0.022634676324128564,0.0022634676324128564,0.02082390221819828,0.004074241738343142,0.11226799456767768,0.0018107741059302852,0.30647351742870077,0.19601629696695339,0.08284291534631055,0.0018107741059302852,0.033046627433227706
0.06350626118067978,0.0017889087656529517,0.015652951699463326,0.11762075134168157,0.01073345259391771,0.022808586762075134,0.0017889087656529517,0.02191413237924866,0.0035778175313059034,0.11762075134168157,0.0031305903398926656,0.30500894454382826,0.19499105545617174,0.08318425760286226,0.0017889087656529517,0.03488372093023256
0.06499327655759748,0.0017929179740026895,0.01703272075302555,0.11474675033617213,0.010757507844016136,0.0210667861945316,0.0022411474675033617,0.02285970416853429,0.005378753922008068,0.12236665172568355,0.002689376961004034,0.2944867772299417,0.19856566562079786,0.08381891528462573,0.0017929179740026895,0.035410129986553115
0.06496415770609319,0.0017921146953405018,0.015232974910394265,0.117831541218638,0.010752688172043012,0.02060931899641577,0.002688172043010753,0.025089605734767026,0.0031362007168458782,0.12275985663082438,0.002688172043010753,0.2939068100358423,0.2007168458781362,0.08064516129032258,0.0017921146953405018,0.03539426523297491
0.0630550621669627,0.002220248667850799,0.014209591474245116,0.11811722912966252,0.009769094138543518,0.020870337477797513,0.003996447602131439,0.02486678507992895,0.003996447602131439,0.11500888099467141,0.003108348134991119,0.2997335701598579,0.2024866785079929,0.07770870337477798,0.0026642984014209592,0.03818827708703375
0.06480248557478917,0.0022192632046160675,0.014647137150466045,0.118508655126498,0.010652463382157125,0.020417221482467822,0.0039946737683089215,0.0230803373280071,0.0031069684864624943,0.11318242343541944,0.003550821127385708,0.3022636484687084,0.20550377274744785,0.07634265423879272,0.001775410563692854,0.03595206391478029
0.07014388489208633,0.0022482014388489208,0.012589928057553957,0.11870503597122302,0.008992805755395683,0.021133093525179857,0.003147482014388489,0.021133093525179857,0.0035971223021582736,0.11241007194244604,0.003147482014388489,0.30080935251798563,0.20953237410071943,0.07823741007194245,0.0013489208633093526,0.03282374100719424
0.07104557640750671,0.002234137622877569,0.012957998212689902,0.11885612153708669,0.00804289544235925,0.021894548704200177,0.003127792672028597,0.023681858802502235,0.004915102770330653,0.11215370866845398,0.0008936550491510277,0.30205540661304736,0.20911528150134048,0.07283288650580876,0.0035746201966041107,0.03261840929401251
0.06946323861073522,0.0018042399639152007,0.012629679747406405,0.11862877762742445,0.007668019846639603,0.02390617952187641,0.005412719891745603,0.02345511953089761,0.0045105999097880016,0.10915651781686965,0.0013531799729364006,0.2976995940460081,0.2119981957600361,0.07397383852052324,0.0045105999097880016,0.03382949932341001
0.07258064516129033,0.002240143369175627,0.00985663082437276,0.11469534050179211,0.006720430107526882,0.021057347670250897,0.004032258064516129,0.026881720430107527,0.005824372759856631,0.10931899641577061,0.0013440860215053765,0.2974910394265233,0.21505376344086022,0.07347670250896057,0.00492831541218638,0.03449820788530466
0.07040998217468805,0.0017825311942959,0.008467023172905526,0.11363636363636363,0.004010695187165776,0.024509803921568627,0.004901960784313725,0.02540106951871658,0.0071301247771836,0.10828877005347594,0.0022281639928698753,0.29322638146167557,0.22459893048128343,0.07174688057040998,0.004456327985739751,0.035204991087344026
0.07152496626180836,0.001349527665317139,0.007647323436797121,0.11650922177237967,0.004948268106162843,0.02384165542060279,0.003148897885739991,0.0206927575348628,0.007197480881691408,0.10796221322537113,0.002249212775528565,0.2941970310391363,0.22807017543859648,0.0728744939271255,0.005847953216374269,0.031938821412505626
0.07397504456327986,0.0017825311942959,0.0071301247771836,0.11274509803921569,0.005793226381461676,0.023172905525846704,0.0035650623885918,0.020053475935828877,0.006238859180035651,0.10784313725490197,0.0022281639928698753,0.29322638146167557,0.23083778966131907,0.07085561497326204,0.004901960784313725,0.035650623885918005
0.07339857651245552,0.0008896797153024911,0.006227758007117438,0.10854092526690391,0.005782918149466192,0.02491103202846975,0.0026690391459074734,0.02224199288256228,0.007562277580071174,0.10498220640569395,0.00400355871886121,0.2931494661921708,0.2313167259786477,0.07250889679715303,0.004893238434163701,0.03692170818505338
0.07527839643652562,0.0017817371937639199,0.005345211581291759,0.11269487750556793,0.004454342984409799,0.026280623608017816,0.0026726057906458797,0.021380846325167038,0.008463251670378619,0.10824053452115813,0.0031180400890868597,0.28997772828507795,0.23028953229398663,0.07216035634743875,0.0031180400890868597,0.03474387527839644
0.07888839085611833,0.001344688480502017,0.004930524428507396,0.11116091438816675,0.0031376064545047063,0.02510085163603765,0.0017929179740026895,0.019722097714029583,0.006723442402510085,0.10129986553115194,0.004034065441506051,0.2917974002689377,0.23800986104885702,0.07395786642761093,0.005378753922008068,0.03272075302554908
0.08062360801781737,0.0017817371937639199,0.004899777282850779,0.11046770601336303,0.0031180400890868597,0.027171492204899776,0.0022271714922048997,0.0200445434298441,0.0075723830734966595,0.10289532293986638,0.0035634743875278397,0.28596881959910914,0.24142538975501113,0.07349665924276169,0.0026726057906458797,0.032071269487750555
0.08028545941123996,0.0031222123104371097,0.004014272970561998,0.11462979482604817,0.003568242640499554,0.025423728813559324,0.0022301516503122213,0.02096342551293488,0.008028545941123996,0.10035682426404996,0.0044603033006244425,0.27876895628902765,0.24710080285459413,0.07136485280999108,0.0026761819803746653,0.03300624442462088
0.08429458740017746,0.001774622892635315,0.003105590062111801,0.11712511091393078,0.0048802129547471165,0.024844720496894408,0.00354924578527063,0.021739130434782608,0.0075421472937000885,0.09494232475598935,0.0044365572315882874,0.2839396628216504,0.24711623779946762,0.06743566992014197,0.003105590062111801,0.030168589174800354
0.08455718736092568,0.003115264797507788,0.003115264797507788,0.11303960836671118,0.006230529595015576,0.021361815754339118,0.004450378282153983,0.020471740097908322,0.008455718736092568,0.09390298175344905,0.004450378282153983,0.2803738317757009,0.255896751223854,0.06408544726301736,0.003115264797507788,0.03337783711615487
0.0856760374832664,0.002677376171352075,0.002677376171352075,0.11646586345381527,0.005800981704596163,0.024542614904060688,0.002677376171352075,0.01963409192324855,0.008032128514056224,0.09058456046407853,0.004016064257028112,0.27309236947791166,0.26282909415439537,0.06336456938866578,0.004016064257028112,0.03391343150379295
0.0818661971830986,0.0017605633802816902,0.0022007042253521128,0.11355633802816902,0.007042253521126761,0.025088028169014086,0.0022007042253521128,0.021566901408450703,0.008362676056338027,0.08890845070422536,0.003961267605633803,0.2794894366197183,0.2658450704225352,0.06514084507042253,0.0035211267605633804,0.02948943661971831
0.08258928571428571,0.0026785714285714286,0.0017857142857142857,0.11607142857142858,0.004910714285714286,0.021875,0.002232142857142857,0.019196428571428573,0.010267857142857143,0.08794642857142858,0.003125,0.27723214285714287,0.2674107142857143,0.06696428571428571,0.003125,0.032589285714285716
0.08060904612628751,0.0026869682042095834,0.0008956560680698612,0.11777877295118674,0.0049261083743842365,0.02373488580385132,0.0022391401701746527,0.0219435736677116,0.009852216748768473,0.08419167039856695,0.0026869682042095834,0.27183161665920286,0.2749664128974474,0.06806986117330945,0.0026869682042095834,0.03090013434841021
0.08185053380782918,0.002224199288256228,0.0017793594306049821,0.11699288256227758,0.004893238434163701,0.023131672597864767,0.0026690391459074734,0.019572953736654804,0.01112099644128114,0.08941281138790036,0.0026690391459074734,0.2629003558718861,0.28113879003558717,0.0645017793594306,0.0026690391459074734,0.032473309608540925
0.0812720848056537,0.0008833922261484099,0.0008833922261484099,0.11616607773851591,0.00265017667844523,0.022968197879858657,0.00265017667844523,0.020318021201413426,0.011042402826855124,0.09231448763250884,0.002208480565371025,0.2592756183745583,0.2875441696113074,0.06625441696113074,0.003975265017667844,0.02959363957597173
0.08200354609929078,0.0008865248226950354,0.0017730496453900709,0.11613475177304965,0.004432624113475178,0.02526595744680851,0.0035460992907801418,0.01950354609929078,0.007978723404255319,0.08732269503546099,0.0026595744680851063,0.2579787234042553,0.2929964539007092,0.06604609929078015,0.005319148936170213,0.026152482269503546
0.08434275459847465,0.00044863167339614175,0.0022431583669807087,0.11350381336922387,0.005832211754149843,0.02512337371018394,0.004486316733961417,0.016599371915657246,0.006729475100942127,0.09107222969941678,0.0026917900403768506,0.2597577388963661,0.2934051144010767,0.06280843427545985,0.003589053387169134,0.02736653207716465
0.08429973238180197,0.00044603033006244426,0.0013380909901873326,0.11418376449598573,0.004906333630686887,0.025869759143621766,0.004906333630686887,0.015611061552185548,0.007582515611061552,0.08519179304192685,0.001784121320249777,0.25780553077609275,0.30017841213202495,0.06333630686886708,0.003568242640499554,0.028991971454058876
0.08395604395604396,0.0008791208791208791,0.0013186813186813187,0.11120879120879121,0.005714285714285714,0.02241758241758242,0.005714285714285714,0.015824175824175824,0.0074725274725274725,0.08791208791208792,0.0013186813186813187,0.2540659340659341,0.3068131868131868,0.06241758241758242,0.003956043956043956,0.029010989010989013
0.0887809187279152,0.0017667844522968198,0.002208480565371025,0.11174911660777385,0.00530035335689046,0.023851590106007067,0.0035335689045936395,0.015901060070671377,0.006183745583038869,0.08789752650176678,0.0008833922261484099,0.25618374558303886,0.30874558303886923,0.060954063604240286,0.0030918727915194345,0.022968197879858657
0.09030249110320285,0.0026690391459074734,0.002224199288256228,0.11565836298932385,0.005338078291814947,0.024466192170818506,0.004893238434163701,0.014234875444839857,0.0066725978647686835,0.08407473309608542,0.0013345195729537367,0.2548932384341637,0.3096085409252669,0.059163701067615655,0.0017793594306049821,0.022686832740213523
0.0896121266161391,0.004012483281319661,0.002229157378510923,0.1154703522068658,0.005349977708426215,0.026749888542131076,0.0035666518056174765,0.01649576460098083,0.004458314757021846,0.08470798038341507,0.0017833259028087382,0.24431564868479716,0.32010699955416855,0.05572893446277307,0.0026749888542131075,0.022737405260811413
0.08802502234137623,0.004468275245755138,0.003127792672028597,0.11438784629133154,0.006702412868632708,0.024128686327077747,0.004468275245755138,0.01742627345844504,0.004915102770330653,0.08221626452189455,0.003127792672028597,0.24620196604110814,0.32082216264521896,0.05451295799821269,0.002234137622877569,0.02323503127792672
0.09042553191489362,0.005319148936170213,0.002216312056737589,0.11569148936170212,0.006648936170212766,0.026595744680851064,0.002216312056737589,0.016843971631205674,0.004432624113475178,0.08466312056737589,0.0035460992907801418,0.2424645390070922,0.32402482269503546,0.050975177304964536,0.0017730496453900709,0.022163120567375887
0.09469026548672567,0.0048672566371681415,0.002654867256637168,0.11592920353982301,0.005752212389380531,0.02831858407079646,0.002654867256637168,0.016371681415929203,0.0035398230088495575,0.08097345132743362,0.0017699115044247787,0.23716814159292035,0.33008849557522124,0.05176991150442478,0.001327433628318584,0.022123893805309734
0.09933481152993348,0.004434589800443459,0.0031042128603104213,0.11662971175166297,0.005764966740576497,0.02616407982261641,0.004434589800443459,0.015964523281596452,0.003991130820399113,0.07893569844789357,0.0022172949002217295,0.2337028824833703,0.3325942350332594,0.05188470066518847,0.0013303769401330377,0.01951219512195122
0.09675987572126055,0.0039946737683089215,0.004438526409232135,0.11318242343541944,0.006213936972924989,0.02574345317354638,0.004438526409232135,0.015534842432312472,0.003550821127385708,0.07811806480248558,0.0022192632046160675,0.22858411007545495,0.3444296493564137,0.05148690634709276,0.0013315579227696406,0.019973368841544607
0.09647577092511013,0.0030837004405286344,0.003524229074889868,0.11145374449339207,0.005726872246696035,0.024229074889867842,0.003524229074889868,0.014977973568281937,0.003524229074889868,0.07973568281938326,0.0030837004405286344,0.23215859030837005,0.3431718061674009,0.05066079295154185,0.001762114537444934,0.02290748898678414
0.0962566844919786,0.00089126559714795,0.004456327985739751,0.11051693404634581,0.004901960784313725,0.024509803921568627,0.0017825311942959,0.015597147950089126,0.0031194295900178253,0.0784313725490196,0.0022281639928698753,0.22415329768270945,0.35784313725490197,0.05080213903743316,0.0022281639928698753,0.022281639928698752
0.09477841158402808,0.0013163668275559457,0.0035103115401491883,0.11540149188240456,0.004826678367705134,0.025449758666081616,0.0026327336551118913,0.017990346643264588,0.00307152259763054,0.08293111013602457,0.004387889425186486,0.2114962702939886,0.3606845107503291,0.046072838964458095,0.0017551557700745941,0.02369460289600702
0.09427312775330396,0.001762114537444934,0.003524229074889868,0.113215859030837,0.005726872246696035,0.026872246696035242,0.0026431718061674008,0.016740088105726872,0.003964757709251102,0.07973568281938326,0.003964757709251102,0.20881057268722467,0.3651982378854626,0.04933920704845815,0.001762114537444934,0.022466960352422908
0.09841129744042365,0.00176522506619594,0.0048543689320388345,0.11297440423654016,0.006619593998234775,0.026037069726390114,0.003089143865842895,0.01412180052956752,0.003971756398940865,0.08120035304501325,0.00264783759929391,0.20520741394527803,0.3680494263018535,0.04677846425419241,0.002206531332744925,0.02206531332744925
0.09467195068251871,0.0017613386173491853,0.0030823425803610744,0.11536767943637165,0.005284015852047556,0.024218405988551298,0.002642007926023778,0.015411712901805373,0.005284015852047556,0.07970057243505063,0.002201673271686482,0.21003963011889035,0.3720827829150154,0.044033465433729636,0.0030823425803610744,0.021136063408190225
0.09778761061946903,0.0022123893805309734,0.002654867256637168,0.11460176991150442,0.005309734513274336,0.024778761061946902,0.002654867256637168,0.01504424778761062,0.0048672566371681415,0.07920353982300884,0.0017699115044247787,0.20530973451327433,0.37920353982300886,0.03982300884955752,0.003097345132743363,0.02168141592920354
0.0964332892998679,0.002642007926023778,0.002642007926023778,0.11404667547335975,0.004403346543372964,0.02509907529722589,0.0030823425803610744,0.017173051519154558,0.005724350506384853,0.07749889916336415,0.0017613386173491853,0.20871862615587847,0.3756054601497138,0.041831792162043156,0.002201673271686482,0.021136063408190225
0.09335094671950682,0.002201673271686482,0.002642007926023778,0.11184500220167327,0.003963011889035667,0.02686041391457508,0.0017613386173491853,0.015411712901805373,0.006164685160722149,0.083223249669749,0.0017613386173491853,0.20123293703214443,0.3861734918538089,0.04007045354469397,0.001321003963011889,0.022016732716864818
0.09511343804537521,0.0008726003490401396,0.0017452006980802793,0.112565445026178,0.003926701570680628,0.02574171029668412,0.0017452006980802793,0.01614310645724258,0.005671902268760907,0.08158813263525305,0.002617801047120419,0.20113438045375218,0.38612565445026176,0.041884816753926704,0.0013089005235602095,0.02181500872600349
0.09933774834437085,0.0004415011037527594,0.0026490066225165563,0.10816777041942605,0.004415011037527594,0.025607064017660046,0.003973509933774834,0.01545253863134658,0.006622516556291391,0.08079470198675497,0.0017660044150110375,0.19646799116997793,0.39249448123620306,0.038410596026490065,0.0017660044150110375,0.02163355408388521
0.09517485613103142,0.0004426737494466578,0.003098716246126605,0.10712704736609119,0.0035413899955732625,0.025675077467906152,0.003098716246126605,0.017264276228419653,0.006640106241699867,0.0796812749003984,0.002213368747233289,0.19167773351040282,0.4028331119964586,0.036741921204072596,0.0013280212483399733,0.023461708720672863
0.09336823734729494,0.0004363001745200698,0.004363001745200698,0.11212914485165794,0.0034904013961605585,0.02181500872600349,0.0034904013961605585,0.02050610820244328,0.007853403141361256,0.0780977312390925,0.002617801047120419,0.18673647469458987,0.4048865619546248,0.034031413612565446,0.0008726003490401396,0.02530541012216405
0.09358523725834798,0.0,0.005272407732864675,0.11335676625659051,0.0030755711775043936,0.021968365553602813,0.0035149384885764497,0.020210896309314587,0.008787346221441126,0.0773286467486819,0.0035149384885764497,0.18233743409490333,0.4090509666080844,0.032952548330404216,0.0013181019332161687,0.023725834797891036
0.09492563429571303,0.0004374453193350831,0.004811898512685914,0.11067366579177602,0.0026246719160104987,0.024059492563429572,0.003937007874015748,0.021434820647419073,0.007874015748031496,0.07699037620297462,0.0026246719160104987,0.17760279965004375,0.4142607174103237,0.03237095363079615,0.0008748906386701663,0.024496937882764653
0.09559471365638766,0.000881057268722467,0.004845814977973568,0.10704845814977973,0.0026431718061674008,0.02555066079295154,0.0026431718061674008,0.022466960352422908,0.006607929515418502,0.07488986784140969,0.0026431718061674008,0.17665198237885463,0.4198237885462555,0.03259911894273128,0.001762114537444934,0.023348017621145373
0.0973568281938326,0.0026431718061674008,0.003524229074889868,0.10748898678414097,0.003524229074889868,0.024229074889867842,0.003964757709251102,0.02378854625550661,0.006607929515418502,0.07400881057268723,0.003964757709251102,0.17048458149779736,0.4167400881057269,0.03436123348017621,0.001762114537444934,0.02555066079295154
0.09898812142542895,0.002199736031676199,0.0035195776506819184,0.10426748790145182,0.0035195776506819184,0.02287725472943247,0.0026396832380114386,0.02375714914210295,0.005279366476022877,0.07259128904531456,0.002199736031676199,0.1737791465024197,0.4271887373515178,0.03167619885613726,0.0017597888253409592,0.02375714914210295
0.1003052769297863,0.0017444395987788923,0.0034888791975577847,0.10728303532490188,0.0034888791975577847,0.02311382468382032,0.0030527692978630614,0.0226777147841256,0.004797208896641954,0.07195813344962931,0.0017444395987788923,0.170082860880942,0.4317488006977758,0.030527692978630616,0.0008722197993894462,0.02311382468382032
0.10256410256410256,0.001738374619730552,0.003042155584528466,0.10604085180356367,0.005649717514124294,0.02564102564102564,0.000869187309865276,0.024337244676227728,0.003042155584528466,0.0686657974793568,0.001738374619730552,0.16210343328987398,0.4406779661016949,0.02824858757062147,0.000869187309865276,0.024771838331160364
0.10319195452557936,0.003060778312199388,0.003935286401399213,0.10406646261477918,0.006996064713598601,0.02579798863139484,0.0017490161783996502,0.02579798863139484,0.0034980323567993005,0.06733712286838653,0.0017490161783996502,0.1565369479667687,0.44381285526891123,0.026672496720594664,0.0008745080891998251,0.024923480542195016
0.10346339324857519,0.003068829460762823,0.003068829460762823,0.09732573432704954,0.00789127575624726,0.025427444103463395,0.00043840420868040335,0.0263042525208242,0.0035072336694432268,0.06313020604997809,0.0017536168347216134,0.1578255151249452,0.4480491012713722,0.03024989039894783,0.0017536168347216134,0.026742656729504603
0.104340201665936,0.00394563787812363,0.00394563787812363,0.09688733011836914,0.00657606313020605,0.024550635686102586,0.00131521262604121,0.025427444103463395,0.0035072336694432268,0.06137658921525647,0.00131521262604121,0.1578255151249452,0.44936431389741344,0.029811486190267425,0.00263042525208242,0.027181060938185005
0.10891523935002195,0.003513394817742644,0.004391743522178305,0.09705753184014053,0.006587615283267457,0.022837066315327184,0.001756697408871322,0.02678963548528766,0.0030742204655248135,0.058410188844971456,0.001756697408871322,0.15810276679841898,0.4492753623188406,0.02766798418972332,0.003513394817742644,0.026350461133069828
0.1059285091543156,0.002179598953792502,0.004359197907585004,0.0980819529206626,0.006974716652136007,0.023103748910200523,0.0026155187445510027,0.02659110723626853,0.0034873583260680036,0.05972101133391456,0.0026155187445510027,0.15823888404533565,0.45422842197035745,0.025283347863993024,0.0017436791630340018,0.024847428073234524
0.10827197921177999,0.0017323516673884798,0.0038977912516240795,0.09657860545690775,0.006929406669553919,0.023819835426591596,0.0034647033347769596,0.02468601126028584,0.00259852750108272,0.058899956691208316,0.00259852750108272,0.16024252923343438,0.4560415764400173,0.0259852750108272,0.00129926375054136,0.022953659592897357
0.10636442894507411,0.0026155187445510027,0.002179598953792502,0.09328683522231909,0.0074106364428945075,0.025719267654751524,0.0008718395815170009,0.025283347863993024,0.003923278116826504,0.06015693112467306,0.0017436791630340018,0.15431560592850915,0.46774193548387094,0.022667829119442023,0.0017436791630340018,0.023975588491717523
0.1070811744386874,0.002158894645941278,0.0012953367875647669,0.09196891191709844,0.0069084628670120895,0.027202072538860103,0.0017271157167530224,0.024179620034542316,0.0051813471502590676,0.05872193436960276,0.002158894645941278,0.14982728842832468,0.4749568221070812,0.024179620034542316,0.0017271157167530224,0.02072538860103627
0.10862068965517241,0.003017241379310345,0.001293103448275862,0.09137931034482759,0.007327586206896552,0.027155172413793102,0.0017241379310344827,0.02327586206896552,0.005172413793103448,0.059051724137931035,0.001293103448275862,0.15043103448275863,0.47758620689655173,0.022844827586206897,0.0017241379310344827,0.01810344827586207
0.10739130434782608,0.0034782608695652175,0.0017391304347826088,0.08739130434782609,0.006956521739130435,0.02826086956521739,0.0013043478260869566,0.021739130434782608,0.006521739130434782,0.06260869565217392,0.0017391304347826088,0.14478260869565218,0.4865217391304348,0.021739130434782608,0.0,0.017826086956521738
0.11159546643417612,0.0034873583260680036,0.0026155187445510027,0.08369659982563209,0.006974716652136007,0.02877070619006103,0.0017436791630340018,0.023103748910200523,0.005666957279860506,0.05797733217088056,0.0017436791630340018,0.14036617262423715,0.495640802092415,0.017872711421098517,0.0008718395815170009,0.017872711421098517
0.11231569817866435,0.004770164787510842,0.0026019080659150044,0.08326105810928014,0.007805724197745013,0.029488291413703384,0.002168256721595837,0.0199479618386817,0.0026019080659150044,0.0611448395490026,0.0013009540329575022,0.13790112749349523,0.4978317432784042,0.01777970511708586,0.0004336513443191674,0.0186470078057242
0.11473272490221642,0.005649717514124294,0.001738374619730552,0.0847457627118644,0.008257279443720122,0.02824858757062147,0.003042155584528466,0.021295089091699262,0.0021729682746631897,0.061712299000434595,0.001738374619730552,0.1303780964797914,0.49847892220773576,0.017383746197305518,0.001738374619730552,0.018687527162103434
0.10793237971391417,0.005635023840485479,0.0017338534893801473,0.08365843086259211,0.007368877329865626,0.030775899436497615,0.003034243606415258,0.022540095361941917,0.003034243606415258,0.05895101863892501,0.0013003901170351106,0.1304724750758561,0.5067186822713481,0.01907238838318162,0.0013003901170351106,0.0164716081491114
0.11324879755137734,0.005684302579798863,0.0026235242675994755,0.08264101442938347,0.00874508089199825,0.031045037166593792,0.0017490161783996502,0.019676432006996064,0.0026235242675994755,0.05684302579798863,0.0013117621337997377,0.12636641888937472,0.5089637079142982,0.01880192391779624,0.0021862702229995625,0.0174901617839965
0.11508282476024412,0.006538796861377506,0.003051438535309503,0.08108108108108109,0.008282476024411508,0.03051438535309503,0.0013077593722755014,0.02005231037489102,0.0026155187445510027,0.05710549258936356,0.0013077593722755014,0.12685265911072363,0.5108979947689625,0.01961639058413252,0.0008718395815170009,0.014821272885789015
0.11597374179431072,0.00525164113785558,0.002188183807439825,0.08402625820568928,0.008315098468271335,0.029321663019693654,0.000437636761487965,0.018380743982494528,0.00175054704595186,0.05776805251641138,0.001312910284463895,0.12560175054704595,0.513347921225383,0.019693654266958426,0.00087527352297593,0.01575492341356674
0.11844405594405595,0.006555944055944056,0.0021853146853146855,0.0826048951048951,0.010052447552447552,0.027972027972027972,0.0013111888111888112,0.017482517482517484,0.0017482517482517483,0.05332167832167832,0.00043706293706293706,0.1215034965034965,0.520541958041958,0.020104895104895104,0.0008741258741258741,0.01486013986013986
0.11535125758889853,0.006071118820468344,0.004770164787510842,0.0836947094535993,0.007805724197745013,0.029054640069384217,0.0,0.019514310494362534,0.0026019080659150044,0.058109280138768434,0.0004336513443191674,0.11144839549002603,0.5247181266261925,0.019080659150043366,0.0008673026886383347,0.01647875108412836
0.1175446234218546,0.006965607313887679,0.00261210274270788,0.08315193730953417,0.0087070091423596,0.029603831084022637,0.0,0.01784936874183718,0.00261210274270788,0.05964301262516326,0.00043535045711797995,0.11275576839355682,0.5254680017414018,0.01567261645624728,0.0017414018284719198,0.015237265999129298
