C_R,C_A,C_S,C_N,D_R,D_A,D_S,D_N,Oc_R,Oc_A,Oc_S,Oc_N,Od_R,Od_A,Od_S,Od_N
0.0,0.0,0.0,0.0,0.0,0.0,0.0,0.0,0.0,0.0,0.0,0.0,0.0,0.0,1.0,0.0
0.0,0.0,0.0,0.0,0.0,0.0,0.0,0.0,0.0,0.0,0.0,0.0,0.0,0.0,1.0,0.0
0.0,0.0,0.0,0.0,0.0,0.0,0.0,0.4,0.0,0.0,0.0,0.0,0.0,0.0,0.6,0.0
0.1111111111111111,0.0,0.0,0.0,0.0,0.0,0.0,0.4444444444444444,0.0,0.0,0.0,0.0,0.0,0.0,0.4444444444444444,0.0
0.09090909090909091,0.0,0.0,0.0,0.0,0.0,0.0,0.36363636363636365,0.0,0.0,0.0,0.0,0.09090909090909091,0.0,0.45454545454545453,0.0
0.06666666666666667,0.0,0.0,0.0,0.0,0.0,0.0,0.3333333333333333,0.0,0.0,0.0,0.0,0.06666666666666667,0.0,0.4666666666666667,0.06666666666666667
0.047619047619047616,0.0,0.047619047619047616,0.0,0.0,0.0,0.0,0.38095238095238093,0.0,0.0,0.0,0.0,0.09523809523809523,0.0,0.38095238095238093,0.047619047619047616
0.0967741935483871,0.0,0.06451612903225806,0.0,0.0,0.0,0.0,0.3548387096774194,0.0,0.0,0.0,0.0,0.12903225806451613,0.0,0.3225806451612903,0.03225806451612903
0.13953488372093023,0.0,0.06976744186046512,0.0,0.0,0.0,0.0,0.32558139534883723,0.023255813953488372,0.0,0.0,0.0,0.16279069767441862,0.0,0.23255813953488372,0.046511627906976744
0.15254237288135594,0.0,0.06779661016949153,0.0,0.0,0.0,0.0,0.3220338983050847,0.01694915254237288,0.0,0.0,0.01694915254237288,0.1694915254237288,0.0,0.22033898305084745,0.03389830508474576
0.15384615384615385,0.0,0.0641025641025641,0.0,0.01282051282051282,0.0,0.0,0.3333333333333333,0.01282051282051282,0.0,0.0,0.01282051282051282,0.1794871794871795,0.01282051282051282,0.1794871794871795,0.038461538461538464
0.15625,0.010416666666666666,0.07291666666666667,0.0,0.010416666666666666,0.0,0.0,0.3333333333333333,0.010416666666666666,0.0,0.0,0.020833333333333332,0.14583333333333334,0.010416666666666666,0.17708333333333334,0.052083333333333336
0.1724137931034483,0.008620689655172414,0.05172413793103448,0.0,0.008620689655172414,0.0,0.0,0.3448275862068966,0.008620689655172414,0.0,0.0,0.034482758620689655,0.12931034482758622,0.008620689655172414,0.16379310344827586,0.06896551724137931
0.17266187050359713,0.007194244604316547,0.050359712230215826,0.0,0.014388489208633094,0.0,0.0,0.3237410071942446,0.014388489208633094,0.0,0.0,0.02877697841726619,0.12949640287769784,0.007194244604316547,0.1510791366906475,0.10071942446043165
0.1744186046511628,0.005813953488372093,0.046511627906976744,0.0,0.023255813953488372,0.0,0.0,0.3430232558139535,0.01744186046511628,0.005813953488372093,0.0,0.029069767441860465,0.12790697674418605,0.005813953488372093,0.12790697674418605,0.09302325581395349
0.1836734693877551,0.015306122448979591,0.03571428571428571,0.0,0.02040816326530612,0.0,0.0,0.37755102040816324,0.01020408163265306,0.00510204081632653,0.0,0.04081632653061224,0.11224489795918367,0.00510204081632653,0.10714285714285714,0.08673469387755102
0.2,0.017777777777777778,0.02666666666666667,0.0,0.017777777777777778,0.0,0.0,0.37777777777777777,0.008888888888888889,0.0044444444444444444,0.0,0.04,0.10222222222222223,0.0044444444444444444,0.10222222222222223,0.09777777777777778
0.2054263565891473,0.015503875968992248,0.027131782945736434,0.007751937984496124,0.023255813953488372,0.0,0.0,0.35271317829457366,0.015503875968992248,0.003875968992248062,0.0,0.03875968992248062,0.10852713178294573,0.007751937984496124,0.10465116279069768,0.08914728682170543
0.19934640522875818,0.02287581699346405,0.03594771241830065,0.006535947712418301,0.0196078431372549,0.0,0.0,0.31699346405228757,0.02287581699346405,0.006535947712418301,0.0,0.05555555555555555,0.09803921568627451,0.013071895424836602,0.10457516339869281,0.09803921568627451
0.2087912087912088,0.027472527472527472,0.046703296703296704,0.013736263736263736,0.016483516483516484,0.0027472527472527475,0.0,0.3021978021978022,0.02197802197802198,0.008241758241758242,0.0,0.054945054945054944,0.09340659340659341,0.013736263736263736,0.0989010989010989,0.09065934065934066
0.21666666666666667,0.03571428571428571,0.0380952380952381,0.014285714285714285,0.016666666666666666,0.002380952380952381,0.0,0.2761904761904762,0.02619047619047619,0.011904761904761904,0.002380952380952381,0.06190476190476191,0.09761904761904762,0.016666666666666666,0.09523809523809523,0.0880952380952381
0.21729957805907174,0.035864978902953586,0.04219409282700422,0.014767932489451477,0.0189873417721519,0.004219409282700422,0.0,0.26582278481012656,0.02109704641350211,0.016877637130801686,0.002109704641350211,0.06962025316455696,0.08438818565400844,0.02109704641350211,0.0949367088607595,0.09071729957805907
0.22574626865671643,0.041044776119402986,0.03731343283582089,0.014925373134328358,0.020522388059701493,0.0037313432835820895,0.0,0.24440298507462688,0.022388059701492536,0.018656716417910446,0.0037313432835820895,0.07835820895522388,0.09328358208955224,0.024253731343283583,0.08955223880597014,0.08208955223880597
0.22842639593908629,0.043993231810490696,0.03553299492385787,0.01353637901861252,0.028764805414551606,0.005076142131979695,0.001692047377326565,0.23011844331641285,0.02707275803722504,0.023688663282571912,0.00338409475465313,0.0829103214890017,0.09137055837563451,0.02707275803722504,0.0829103214890017,0.07445008460236886
0.22822822822822822,0.04954954954954955,0.042042042042042045,0.013513513513513514,0.03003003003003003,0.0075075075075075074,0.0045045045045045045,0.2222222222222222,0.028528528528528527,0.024024024024024024,0.0045045045045045045,0.08708708708708708,0.08558558558558559,0.03003003003003003,0.07507507507507508,0.06756756756756757
0.2348901098901099,0.050824175824175824,0.04395604395604396,0.012362637362637362,0.028846153846153848,0.008241758241758242,0.005494505494505495,0.2239010989010989,0.0260989010989011,0.0260989010989011,0.004120879120879121,0.08516483516483517,0.08928571428571429,0.03159340659340659,0.06593406593406594,0.06318681318681318
0.22415940224159403,0.05105853051058531,0.049813200498132,0.014943960149439602,0.0273972602739726,0.009962640099626401,0.0049813200498132005,0.21419676214196762,0.0273972602739726,0.028642590286425903,0.0062266500622665,0.0859277708592777,0.10087173100871731,0.0323785803237858,0.06102117061021171,0.06102117061021171
0.22310305775764439,0.05436013590033975,0.0464326160815402,0.014722536806342015,0.02944507361268403,0.010192525481313703,0.0056625141562853904,0.20838052095130238,0.02944507361268403,0.028312570781426953,0.0056625141562853904,0.08946772366930918,0.10079275198187995,0.035107587768969425,0.056625141562853906,0.0622876557191393
0.22694300518134716,0.06010362694300518,0.04766839378238342,0.012435233160621761,0.029015544041450778,0.015544041450777202,0.0062176165803108805,0.20414507772020726,0.03005181347150259,0.025906735751295335,0.007253886010362694,0.08808290155440414,0.09533678756476684,0.04041450777202073,0.04766839378238342,0.06321243523316063
0.22821969696969696,0.06628787878787878,0.04640151515151515,0.01231060606060606,0.027462121212121212,0.017992424242424244,0.008522727272727272,0.20359848484848486,0.03125,0.027462121212121212,0.010416666666666666,0.08712121212121213,0.0928030303030303,0.038825757575757576,0.04261363636363636,0.058712121212121215
0.22026431718061673,0.06784140969162995,0.04229074889867841,0.014096916299559472,0.02555066079295154,0.018502202643171806,0.009691629955947136,0.19559471365638767,0.03436123348017621,0.02555066079295154,0.010572687224669603,0.09162995594713656,0.09515418502202644,0.04317180616740088,0.05110132158590308,0.05462555066079295
0.21428571428571427,0.06896551724137931,0.040229885057471264,0.014778325123152709,0.024630541871921183,0.020525451559934318,0.008210180623973728,0.1921182266009852,0.03776683087027915,0.026272577996715927,0.013957307060755337,0.0960591133004926,0.09277504105090312,0.05008210180623974,0.05008210180623974,0.04926108374384237
0.2118003025718608,0.0718608169440242,0.040090771558245086,0.01588502269288956,0.024962178517397883,0.019667170953101363,0.009833585476550681,0.18608169440242056,0.040090771558245086,0.02798789712556732,0.01588502269288956,0.09682299546142209,0.09001512859304085,0.05370650529500756,0.05068078668683813,0.04462934947049924
0.20503597122302158,0.07194244604316546,0.041726618705035974,0.015827338129496403,0.02446043165467626,0.020863309352517987,0.008633093525179856,0.1856115107913669,0.038129496402877695,0.027338129496402876,0.017985611510791366,0.09568345323741007,0.09568345323741007,0.05683453237410072,0.050359712230215826,0.04388489208633094
0.20524899057873486,0.07604306864064603,0.039030955585464336,0.014131897711978465,0.02288021534320323,0.026244952893674293,0.010767160161507403,0.18775235531628534,0.03835800807537012,0.029609690444145357,0.017496635262449527,0.09353970390309556,0.09286675639300135,0.05114401076716016,0.05047106325706595,0.04441453566621804
0.19478039465308722,0.07447485677912158,0.042011457670273714,0.016549968173138127,0.025461489497135583,0.026098026734563972,0.010821133036282623,0.1820496499045194,0.04328453214513049,0.02928071292170592,0.01782304264799491,0.09611712285168682,0.10057288351368555,0.05728835136855506,0.04583068109484405,0.037555697008274984
0.19817629179331306,0.07477203647416414,0.03951367781155015,0.01458966565349544,0.02553191489361702,0.026139817629179333,0.013373860182370821,0.182370820668693,0.038905775075987845,0.029787234042553193,0.019452887537993922,0.0911854103343465,0.11003039513677812,0.05714285714285714,0.04376899696048632,0.03525835866261398
0.19492502883506344,0.07785467128027682,0.04209919261822376,0.015570934256055362,0.02364475201845444,0.02825836216839677,0.014994232987312572,0.1776239907727797,0.03806228373702422,0.031141868512110725,0.0196078431372549,0.09169550173010381,0.11245674740484429,0.05594002306805075,0.04267589388696655,0.03344867358708189
0.19487750556792874,0.07126948775055679,0.037305122494432075,0.015590200445434299,0.024498886414253896,0.026726057906458798,0.015590200445434299,0.1759465478841871,0.03953229398663697,0.030623608017817373,0.022828507795100223,0.0957683741648107,0.11859688195991092,0.05679287305122494,0.042316258351893093,0.03173719376391982
0.18673087212413056,0.0754414125200642,0.038523274478330656,0.01658640984483681,0.023006955591225255,0.025682182985553772,0.015516318887105404,0.17388978063135366,0.03531300160513644,0.030497592295345103,0.021401819154628143,0.09523809523809523,0.12359550561797752,0.061530230069555915,0.04226859283039058,0.034777956126270736
0.18724066390041494,0.07520746887966805,0.040975103734439834,0.015560165975103735,0.022302904564315353,0.02437759336099585,0.01504149377593361,0.16701244813278007,0.03578838174273859,0.032157676348547715,0.01970954356846473,0.09595435684647304,0.13174273858921162,0.060684647302904564,0.04253112033195021,0.03371369294605809
0.18554095045500504,0.0717896865520728,0.03842264914054601,0.019211324570273004,0.023255813953488372,0.027805864509605663,0.014661274014155713,0.16430738119312438,0.03842264914054601,0.03134479271991911,0.021233569261880688,0.09403437815975733,0.12891809908998988,0.06370070778564206,0.044489383215369056,0.03286147623862487
0.18181818181818182,0.07342657342657342,0.036463536463536464,0.01948051948051948,0.024975024975024976,0.026973026973026972,0.015984015984015984,0.15884115884115885,0.03396603396603397,0.033466533466533464,0.022977022977022976,0.09540459540459541,0.13686313686313686,0.060939060939060936,0.04395604395604396,0.034465534465534464
0.1845325501713167,0.07342143906020558,0.03671071953010279,0.01908957415565345,0.023005384238864415,0.02643171806167401,0.01811062163485071,0.16005873715124816,0.033284385707293196,0.034263338228095935,0.024473813020068527,0.09251101321585903,0.1395007342143906,0.06020558002936858,0.03915810083210964,0.03524229074889868
0.18388030888030887,0.07818532818532818,0.03861003861003861,0.02027027027027027,0.024613899613899613,0.02702702702702703,0.02027027027027027,0.15685328185328185,0.03571428571428571,0.037162162162162164,0.02364864864864865,0.08832046332046332,0.1336872586872587,0.061293436293436296,0.037644787644787646,0.032818532818532815
0.1783500238435861,0.07534573199809251,0.04101096804959466,0.023843586075345733,0.024320457796852647,0.025274201239866477,0.02050548402479733,0.1535526943252265,0.036242250834525515,0.039580352885073916,0.025274201239866477,0.08965188364329996,0.13590844062947066,0.06056270863137816,0.03814973772055317,0.03242727706247019
0.17467652495378927,0.07393715341959335,0.041589648798521256,0.024953789279112754,0.02541589648798521,0.025878003696857672,0.02310536044362292,0.15388170055452866,0.0355822550831793,0.041589648798521256,0.024953789279112754,0.08826247689463956,0.13632162661737524,0.057763401109057304,0.03743068391866913,0.03465804066543438
0.17261635788522367,0.07772254857659286,0.04292815183009489,0.026208766380478987,0.024853140533212834,0.02394938996836873,0.02394938996836873,0.1500225937641211,0.03389064618165386,0.041120650700406686,0.024401265250790782,0.08450067781292363,0.14279258924536828,0.058291911432444644,0.03886127428829643,0.03389064618165386
0.1703670140462166,0.07793384685092886,0.043044857272315364,0.028998640688717717,0.02492070684186679,0.022202084277299503,0.028545536927956503,0.14725872224739464,0.034435885817852285,0.043044857272315364,0.02401449932034436,0.08473040326234708,0.14136837335749886,0.05527865881286815,0.03896692342546443,0.0348889895786135
0.16115889542779538,0.0755998189225894,0.04436396559529199,0.030330466274332276,0.026708918062471707,0.02444545043005885,0.029425079221367133,0.14667270258035311,0.03485740153915799,0.04119511090991399,0.025350837483023993,0.0851063829787234,0.14395654142145767,0.05658669081032141,0.03802625622453599,0.0362154821186057
0.16345723242274968,0.07657859381997313,0.04791759964173757,0.03000447828034035,0.026869682042095836,0.025526197939991044,0.026869682042095836,0.14017017465293327,0.032243618450515,0.04120017913121361,0.027765338110165697,0.08419167039856695,0.14599193909538738,0.05553067622033139,0.03940886699507389,0.036274070756829375
0.16530797101449277,0.0769927536231884,0.04664855072463768,0.03260869565217391,0.028532608695652172,0.02309782608695652,0.02717391304347826,0.1381340579710145,0.03260869565217391,0.04030797101449275,0.026268115942028984,0.08514492753623189,0.14945652173913043,0.052083333333333336,0.0384963768115942,0.03713768115942029
0.15883668903803133,0.07472035794183446,0.04787472035794183,0.031767337807606266,0.029082774049217,0.02192393736017897,0.028187919463087248,0.1413870246085011,0.0348993288590604,0.038926174496644296,0.024608501118568233,0.08501118568232663,0.14854586129753916,0.058165548098434,0.0407158836689038,0.03534675615212528
0.1577301161751564,0.07596067917783736,0.049151027703306524,0.032171581769437,0.02770330652368186,0.023681858802502235,0.02770330652368186,0.1389633601429848,0.03395889186773905,0.03842716711349419,0.025022341376228777,0.08623771224307418,0.1487935656836461,0.06076854334226988,0.03932082216264522,0.034405719392314564
0.16073840612336784,0.07429085997298514,0.046375506528590724,0.0315173345339937,0.03061683926159388,0.027465105808194508,0.027915353444394417,0.13822602431337236,0.03466906798739307,0.03692030616839262,0.023863124718595228,0.08824853669518234,0.15083295812696984,0.058982440342188205,0.03872129671319226,0.03061683926159388
0.16205357142857144,0.07544642857142857,0.044642857142857144,0.033928571428571426,0.027232142857142858,0.026785714285714284,0.029464285714285714,0.1357142857142857,0.03571428571428571,0.03616071428571429,0.024107142857142858,0.08928571428571429,0.14642857142857144,0.060267857142857144,0.038839285714285715,0.033928571428571426
0.1571621014818141,0.0794791198922317,0.0449034575662326,0.03322855859901212,0.028738212842388863,0.0224517287831163,0.02918724741805119,0.13785361472833407,0.03906600808262236,0.03367759317467445,0.022002694207453974,0.09250112258643915,0.1450381679389313,0.060170633138751685,0.03906600808262236,0.03547373147732375
0.15006759801712483,0.08246958089229382,0.04551599819738621,0.03605227579990987,0.030193780982424517,0.023433979269941414,0.02794051374493015,0.13384407390716538,0.03650292924740874,0.03785488958990536,0.02253267237494367,0.09283461018476791,0.14420910319963948,0.06219017575484453,0.04010815682739973,0.034249662009914375
0.15601251676352257,0.0813589628967367,0.04380867232901207,0.0348681269557443,0.029056772463120252,0.024586499776486366,0.029056772463120252,0.13276709879302637,0.03665623603039785,0.03665623603039785,0.02548055431381314,0.0925346446133214,0.1399195350916406,0.06347787215020116,0.03933839964237819,0.03442109968708091
0.14979757085020243,0.0827710301394512,0.044084570400359874,0.03733693207377418,0.029239766081871343,0.026090868196131354,0.030589293747188485,0.12910481331533963,0.03418803418803419,0.03733693207377418,0.024741340530814216,0.09626630679262259,0.13900134952766532,0.06477732793522267,0.03958614484930274,0.03508771929824561
0.1483126110124334,0.08126110124333925,0.0452930728241563,0.03641207815275311,0.027531083481349913,0.02486678507992895,0.03108348134991119,0.13010657193605685,0.035523978685612786,0.03685612788632327,0.02575488454706927,0.09502664298401421,0.14431616341030196,0.06349911190053285,0.04085257548845471,0.03330373001776199
0.1497326203208556,0.07531194295900179,0.0481283422459893,0.035650623885918005,0.026292335115864526,0.02406417112299465,0.03163992869875223,0.12878787878787878,0.034759358288770054,0.03609625668449198,0.0285204991087344,0.09135472370766488,0.14393939393939395,0.06729055258467023,0.04233511586452763,0.03609625668449198
0.14828048235819563,0.07235372934345691,0.04600267976775346,0.03707012058954891,0.027244305493523895,0.023671281822242072,0.03126395712371594,0.12952210808396605,0.0321572130415364,0.038856632425189816,0.03126395712371594,0.09200535953550693,0.14247431889236267,0.06878070567217508,0.04242965609647164,0.03662349263063868
0.1504265828468792,0.07274360125729681,0.049842837898518184,0.037269869779973056,0.02469690166142793,0.02155365963179165,0.030534351145038167,0.12662775033677592,0.0327795240233498,0.03771890435563539,0.03143242029636282,0.09250112258643915,0.15132465199820386,0.06331387516838796,0.04535249214189493,0.03188145487202514
0.14100268576544314,0.0747538048343778,0.047000895255147716,0.03491495076096687,0.02775290957923008,0.023724261414503133,0.03178155774395703,0.13249776186213072,0.03312444046553268,0.03760071620411817,0.03043867502238138,0.09355416293643688,0.1459265890778872,0.06535362578334826,0.045658012533572066,0.03491495076096687
0.1385165326184093,0.07596067917783736,0.04781054512957998,0.035299374441465595,0.02680965147453083,0.02323503127792672,0.032171581769437,0.13092046470062557,0.03306523681858802,0.03842716711349419,0.03261840929401251,0.09606791778373548,0.14655942806076855,0.06032171581769437,0.04647006255585344,0.035746201966041107
0.1357142857142857,0.075,0.049553571428571426,0.039285714285714285,0.027232142857142858,0.024107142857142858,0.033482142857142856,0.13035714285714287,0.03571428571428571,0.03526785714285714,0.030357142857142857,0.09464285714285714,0.1455357142857143,0.0625,0.045535714285714284,0.03571428571428571
0.1305704099821747,0.07397504456327986,0.0481283422459893,0.03877005347593583,0.027629233511586453,0.024955436720142603,0.036541889483065956,0.1323529411764706,0.03698752228163993,0.03787878787878788,0.028966131907308377,0.0962566844919786,0.14260249554367202,0.06149732620320856,0.04590017825311943,0.03698752228163993
0.1304938830992297,0.07204349796103307,0.047575894879927506,0.03670140462165836,0.029904848210240146,0.021295876755777075,0.035342093339374714,0.13457181694608064,0.03715450838241957,0.038060715903942,0.02809243316719529,0.09877661984594473,0.1463525147258722,0.06071590394200272,0.044404168554599006,0.038513819664703214
0.12600896860986546,0.07219730941704036,0.04618834080717489,0.039461883408071746,0.03139013452914798,0.021076233183856503,0.03632286995515695,0.13228699551569506,0.039013452914798206,0.04080717488789238,0.029596412556053813,0.09641255605381166,0.1493273542600897,0.05739910313901345,0.045291479820627804,0.037219730941704034
0.12527864467231387,0.06821221578243424,0.04859563085153812,0.034329023629068214,0.03209986625055729,0.021845742309407043,0.03967900133749443,0.13062862238074008,0.04012483281319661,0.04101649576460098,0.02808738296923763,0.10209540793580027,0.14712438698172092,0.06018724921979492,0.04279982166740972,0.03789567543468569
0.13315579227696406,0.06968486462494451,0.04749223257878384,0.032401242787394584,0.03151353750554816,0.02130492676431425,0.03905903240124279,0.12960497114957834,0.03994673768308921,0.040834442964935644,0.029738126941855306,0.09587217043941411,0.15002219263204616,0.05903240124278739,0.04216600088770528,0.03817132711939636
0.1274027715690657,0.07063030844881538,0.047384890478319175,0.03665623603039785,0.029950827000447027,0.021457308895842648,0.03755029056772463,0.12695574430040232,0.04336164506034868,0.04425569959767546,0.03173893607510058,0.09968708091193562,0.1439427805096111,0.057219490388913725,0.04336164506034868,0.03844434510505141
0.1311329170383586,0.07091882247992863,0.04504906333630687,0.034344335414808205,0.028099910793933987,0.021855486173059768,0.038804638715432646,0.12845673505798394,0.042818911685994644,0.04460303300624442,0.034344335414808205,0.09946476360392506,0.14362176628010706,0.05530776092774309,0.045495093666369314,0.03568242640499554
0.13085764809902742,0.06984969053934571,0.04509283819628647,0.032714412024756855,0.026967285587975242,0.022988505747126436,0.042440318302387266,0.1290893015030946,0.04376657824933687,0.04288240495137047,0.03227232537577365,0.10212201591511937,0.14102564102564102,0.0592396109637489,0.04509283819628647,0.03359858532272325
0.13223508459483527,0.07034728406055209,0.0458593054318789,0.031166518254674976,0.02626892252894034,0.022707034728406055,0.04452359750667854,0.13045414069456812,0.041852181656277826,0.043187889581478185,0.03428317008014248,0.10017809439002671,0.14425645592163847,0.053428317008014245,0.044968833481745324,0.03428317008014248
0.12955465587044535,0.07062528115159694,0.04768331084120558,0.0346378767431399,0.02699055330634278,0.021592442645074223,0.04633378317588844,0.1318038686459739,0.04228520017993702,0.0449842555105713,0.03643724696356275,0.09401709401709402,0.14035087719298245,0.05623031938821413,0.043184885290148446,0.033288349077822764
0.13004882379050156,0.07190412782956059,0.0461606746560142,0.033732800710164226,0.027518863737239236,0.022636484687083888,0.0461606746560142,0.13315579227696406,0.03905903240124279,0.04438526409232135,0.03772747447847315,0.09720372836218376,0.13759431868619618,0.05459387483355526,0.04305370616955171,0.03506435863293387
0.12821650399290152,0.07497781721384206,0.048802129547471165,0.0323868677905945,0.025732031943212066,0.024844720496894408,0.04569653948535936,0.13487133984028393,0.034161490683229816,0.043478260869565216,0.03682342502218278,0.09760425909494233,0.13797692990239574,0.055900621118012424,0.04525288376220053,0.03327417923691216
0.12616614837849843,0.07685473123056419,0.04975566414926699,0.03198578409595735,0.028876055086628164,0.02310084406930253,0.04309195912927588,0.1301643713904931,0.03864948911594847,0.04264771212794314,0.0368725011106175,0.09684584629053754,0.14038205242114615,0.056863616170590846,0.04531319413593958,0.03243003109729009
0.12811387900355872,0.07517793594306049,0.050711743772241996,0.033807829181494664,0.029359430604982206,0.023576512455516015,0.046263345195729534,0.12633451957295375,0.03825622775800712,0.046708185053380785,0.03825622775800712,0.09564056939501779,0.13834519572953738,0.056494661921708184,0.04181494661921708,0.03113879003558719
0.1283542039355993,0.07871198568872988,0.04785330948121646,0.03398926654740608,0.03220035778175313,0.024150268336314847,0.046958855098389984,0.12567084078711985,0.0389087656529517,0.044722719141323794,0.03801431127012522,0.09794275491949911,0.13506261180679785,0.05411449016100179,0.040697674418604654,0.03264758497316637
0.13157894736842105,0.07983942908117753,0.04861730597680642,0.03479036574487065,0.034344335414808205,0.021409455842997322,0.04594112399643176,0.12890276538804638,0.041480820695807316,0.04415700267618198,0.037020517395182875,0.09812667261373774,0.1271186440677966,0.05396966993755575,0.03969669937555754,0.03300624442462088
0.129695885509839,0.07826475849731664,0.05232558139534884,0.03354203935599284,0.03488372093023256,0.020572450805008944,0.04382826475849732,0.13059033989266547,0.04338103756708408,0.042486583184257604,0.038461538461538464,0.09570661896243292,0.1274597495527728,0.055008944543828264,0.04159212880143113,0.03220035778175313
0.1352914997774811,0.07298620382732532,0.05384957721406319,0.032487761459724075,0.03426791277258567,0.020026702269692925,0.04361370716510903,0.1312861593235425,0.042723631508678236,0.040943480195816645,0.037828215398308856,0.09657320872274143,0.12550066755674233,0.056074766355140186,0.044058744993324434,0.032487761459724075
0.13796212804328223,0.07484220018034266,0.05229936880072137,0.032010820559062216,0.0369702434625789,0.019837691614066726,0.046889089269612265,0.12894499549143373,0.04192966636609558,0.04102795311091073,0.0351668169522092,0.09287646528403967,0.1266907123534716,0.0545536519386835,0.04418394950405771,0.03381424706943192
0.13342379014020805,0.07553143374038897,0.05110809588421529,0.03346901854364541,0.03889642695612845,0.019448213478064226,0.04613297150610583,0.12980551786521935,0.040253279059249206,0.03753957485300769,0.03573043871551334,0.09588421528720036,0.12935323383084577,0.056535504296698326,0.04251469923111714,0.034373586612392586
0.13458110516934046,0.07308377896613191,0.053475935828877004,0.03253119429590018,0.03431372549019608,0.019162210338680926,0.04768270944741533,0.13368983957219252,0.039661319073083776,0.03698752228163993,0.0392156862745098,0.09491978609625669,0.13101604278074866,0.05748663101604278,0.03832442067736185,0.0338680926916221
0.14046216583597643,0.07159039420027186,0.04802899864068872,0.03262347077480743,0.03307657453556864,0.021295876755777075,0.04576347983688265,0.13502492070684186,0.04259175351155415,0.03398278205709107,0.0412324422292705,0.09062075215224287,0.12868146805618486,0.05890348889895786,0.0412324422292705,0.0348889895786135
0.13730803974706413,0.06955736224028906,0.04742547425474255,0.03432700993676603,0.03387533875338753,0.02077687443541102,0.04290876242095754,0.13504968383017163,0.04155374887082204,0.03477868112014453,0.04155374887082204,0.0939476061427281,0.13008130081300814,0.057362240289069555,0.04065040650406504,0.03884372177055104
0.13491707754370239,0.07395786642761093,0.0502017032720753,0.0340654415060511,0.033617212012550426,0.021515015688032272,0.043030031376064544,0.13491707754370239,0.04258180188256387,0.0340654415060511,0.04034065441506051,0.09188704616763783,0.12953832362169432,0.055580457194083374,0.043030031376064544,0.03675481846705513
0.13489208633093525,0.07329136690647482,0.052158273381294966,0.03552158273381295,0.03372302158273381,0.02068345323741007,0.043615107913669064,0.12994604316546762,0.044064748201438846,0.03552158273381295,0.042715827338129495,0.09217625899280575,0.12634892086330934,0.05575539568345324,0.043615107913669064,0.03597122302158273
0.13154362416107382,0.07472035794183446,0.052348993288590606,0.03534675615212528,0.031767337807606266,0.02505592841163311,0.04563758389261745,0.12885906040268458,0.0407158836689038,0.03400447427293065,0.042953020134228186,0.0912751677852349,0.12885906040268458,0.05503355704697987,0.04384787472035794,0.03803131991051454
0.1291759465478842,0.07349665924276169,0.04855233853006682,0.035634743875278395,0.030734966592427616,0.026726057906458798,0.0467706013363029,0.13452115812917595,0.04365256124721604,0.0334075723830735,0.042316258351893093,0.09086859688195992,0.12783964365256126,0.0556792873051225,0.04320712694877506,0.037416481069042315
0.1287305122494432,0.07171492204899778,0.049888641425389756,0.0378619153674833,0.03296213808463252,0.028507795100222718,0.04543429844097996,0.1287305122494432,0.04365256124721604,0.03429844097995546,0.042316258351893093,0.08908685968819599,0.13229398663697103,0.053452115812917596,0.04365256124721604,0.037416481069042315
0.12387387387387387,0.07297297297297298,0.05,0.03558558558558558,0.03288288288288288,0.02927927927927928,0.0472972972972973,0.12612612612612611,0.04954954954954955,0.03333333333333333,0.04099099099099099,0.08603603603603603,0.13423423423423422,0.054954954954954956,0.0445945945945946,0.038288288288288286
0.12723214285714285,0.07410714285714286,0.05,0.03616071428571429,0.03125,0.029464285714285714,0.046875,0.121875,0.048660714285714286,0.03660714285714286,0.039732142857142855,0.08392857142857142,0.1375,0.054910714285714285,0.045535714285714284,0.03616071428571429
0.1261180679785331,0.07826475849731664,0.048747763864042934,0.0353309481216458,0.03175313059033989,0.03175313059033989,0.049194991055456175,0.11762075134168157,0.04785330948121646,0.03309481216457961,0.03935599284436494,0.0836314847942755,0.1404293381037567,0.055456171735241505,0.044722719141323794,0.03667262969588551
0.12505562972852693,0.07476635514018691,0.05028927458834001,0.032487761459724075,0.03159768580329328,0.032487761459724075,0.0516243880729862,0.11793502447708056,0.047619047619047616,0.03204272363150868,0.04005340453938585,0.08233199821984868,0.14063195371606588,0.05518469069870939,0.047619047619047616,0.03827325322652426
0.12133333333333333,0.07555555555555556,0.04933333333333333,0.034666666666666665,0.03288888888888889,0.036,0.04933333333333333,0.12088888888888889,0.050222222222222224,0.03288888888888889,0.04,0.0791111111111111,0.13733333333333334,0.052444444444444446,0.04844444444444444,0.03955555555555555
0.11883408071748879,0.07847533632286996,0.050672645739910316,0.03542600896860987,0.033632286995515695,0.03452914798206278,0.05022421524663677,0.1210762331838565,0.05201793721973094,0.03273542600896861,0.042152466367713005,0.07937219730941704,0.1349775784753363,0.051121076233183856,0.04484304932735426,0.03991031390134529
0.12062780269058296,0.07623318385650224,0.05291479820627803,0.03497757847533632,0.03139013452914798,0.033632286995515695,0.04977578475336323,0.11928251121076233,0.0515695067264574,0.034080717488789235,0.042152466367713005,0.08026905829596413,0.1336322869955157,0.0515695067264574,0.04798206278026906,0.03991031390134529
0.11819803746654772,0.07850133809099019,0.05263157894736842,0.03300624442462088,0.03389830508474576,0.03300624442462088,0.04861730597680642,0.11552185548617305,0.05129348795718109,0.03300624442462088,0.0423728813559322,0.0816235504014273,0.13425512934879572,0.05129348795718109,0.05263157894736842,0.04014272970561998
0.1174631531933899,0.080393032603841,0.051362215274676194,0.034836980794997766,0.033497096918267084,0.03573023671281822,0.05091558731576597,0.11389012952210809,0.052702099151406875,0.0321572130415364,0.03974988834301027,0.080393032603841,0.1335417597141581,0.05091558731576597,0.05002233139794551,0.04242965609647164
0.12150776053215077,0.07716186252771619,0.04966740576496674,0.03148558758314856,0.03592017738359202,0.03636363636363636,0.04700665188470066,0.11529933481152993,0.057649667405764965,0.03458980044345898,0.038580931263858094,0.0802660753880266,0.13481152993348117,0.048337028824833705,0.05188470066518847,0.039467849223946784
0.12021611886537596,0.0769923457901846,0.05042773525438991,0.03286807744259343,0.03376857271499325,0.037370553804592525,0.05222872579918955,0.11121116614137776,0.05718144979738857,0.03286807744259343,0.037370553804592525,0.08059432687978388,0.1359747861323728,0.04997748761819001,0.05132823052678973,0.03962179198559208
0.1200902934537246,0.07584650112866817,0.05056433408577878,0.03611738148984198,0.032054176072234764,0.03837471783295711,0.04740406320541761,0.11286681715575621,0.059593679458239276,0.03250564334085779,0.042437923250564336,0.07855530474040633,0.13408577878103836,0.051015801354401806,0.05056433408577878,0.037923250564334085
0.12221231043710973,0.07270294380017842,0.052185548617305975,0.03612845673505798,0.03256021409455843,0.0383586083853702,0.04817127564674398,0.10749330954504906,0.05976806422836753,0.034344335414808205,0.040588760035682424,0.07894736842105263,0.13380909901873328,0.05129348795718109,0.052185548617305975,0.039250669045495096
0.12303547373147733,0.07049842837898518,0.05298607992815447,0.037269869779973056,0.030085316569375842,0.039964077233947015,0.04804669959586888,0.11136057476425684,0.05837449483610238,0.03188145487202514,0.0431073192635833,0.07813201616524472,0.13381230354737314,0.05029187247418051,0.051189941625505164,0.039964077233947015
0.12834467120181406,0.06712018140589569,0.05215419501133787,0.037188208616780044,0.02947845804988662,0.042630385487528344,0.050340136054421766,0.11156462585034013,0.053514739229024944,0.03310657596371882,0.04353741496598639,0.07755102040816327,0.13242630385487528,0.053514739229024944,0.049886621315192746,0.03764172335600907
0.12433628318584071,0.06592920353982301,0.048672566371681415,0.03761061946902655,0.029646017699115044,0.03938053097345133,0.050442477876106194,0.11415929203539824,0.05132743362831858,0.034513274336283185,0.04026548672566372,0.07876106194690266,0.14115044247787611,0.05575221238938053,0.05309734513274336,0.034955752212389384
0.1257349615558571,0.0710085933966531,0.04568068747173225,0.036635006784260515,0.028946178199909543,0.040253279059249206,0.04975124378109453,0.11668928086838534,0.04975124378109453,0.036635006784260515,0.03980099502487562,0.07553143374038897,0.13794663048394393,0.05698778833107191,0.052464947987336044,0.03618272274988693
0.12293249888243182,0.06660706303084488,0.04693786320965579,0.037103263299061245,0.029503799731783638,0.042914617791685296,0.04962002682163612,0.1126508717031739,0.05185516316495306,0.03442109968708091,0.04023245417970496,0.08314707197139025,0.13321412606168975,0.058113544926240504,0.05274921770227984,0.03799731783638802
0.11982182628062361,0.06325167037861916,0.04899777282850779,0.03875278396436525,0.029398663697104678,0.04187082405345212,0.05033407572383074,0.1091314031180401,0.05211581291759466,0.033853006681514475,0.04187082405345212,0.08596881959910913,0.13452115812917595,0.06102449888641425,0.05256124721603563,0.03652561247216036
0.11918475852902083,0.06291537439078422,0.05095259193619849,0.03766061143110323,0.02968542312804608,0.04031900753212229,0.05050952591936198,0.1076650420912716,0.05095259193619849,0.03544528134692069,0.0412051395657953,0.08285334514842711,0.13735046521931768,0.06025697828976517,0.05183872396987151,0.0412051395657953
0.11767337807606264,0.059955257270693514,0.05190156599552573,0.03534675615212528,0.03131991051454139,0.03982102908277405,0.052348993288590606,0.10961968680089486,0.053243847874720356,0.03445190156599553,0.042953020134228186,0.08322147651006712,0.13467561521252797,0.058165548098434,0.05458612975391499,0.0407158836689038
0.11788435679067683,0.05871806364858808,0.051098162259076645,0.035410129986553115,0.03003137606454505,0.041237113402061855,0.05468399820708202,0.10891976692066338,0.055580457194083374,0.03496190049305244,0.0421335723890632,0.08157776781712237,0.1362617660242044,0.05871806364858808,0.05199462124607799,0.04078888390856118
0.1142347166443552,0.05934850513163766,0.05042391789379741,0.03614457831325301,0.027666220437304774,0.04417670682730924,0.05220883534136546,0.10932619366354306,0.05310129406514949,0.03614457831325301,0.04194556001784917,0.0856760374832664,0.13297634984381973,0.0606871932173137,0.05220883534136546,0.04373047746541722
0.11469534050179211,0.06182795698924731,0.05152329749103943,0.03763440860215054,0.025985663082437275,0.04390681003584229,0.05241935483870968,0.11021505376344086,0.05465949820788531,0.03539426523297491,0.039874551971326166,0.08557347670250896,0.128584229390681,0.059587813620071685,0.051075268817204304,0.04704301075268817
0.11036639857015192,0.06076854334226988,0.05093833780160858,0.0388739946380697,0.02680965147453083,0.04781054512957998,0.05138516532618409,0.11215370866845398,0.05317247542448615,0.03663985701519214,0.040214477211796246,0.08847184986595175,0.12466487935656836,0.06210902591599642,0.049597855227882036,0.04602323503127793
0.11395244504262,0.063257065948856,0.05114401076716016,0.040376850605652756,0.024674742036787798,0.0462090623598026,0.05114401076716016,0.11036339165545088,0.05024674742036788,0.034993270524899055,0.04127411395244504,0.08389412292507852,0.1256168685509197,0.06460296096904442,0.05114401076716016,0.047106325706594884
0.11251125112511251,0.0666066606660666,0.052205220522052204,0.036453645364536456,0.027002700270027002,0.045004500450045004,0.050405040504050404,0.11071107110711072,0.05130513051305131,0.03555355535553555,0.03915391539153915,0.08775877587758776,0.12646264626462647,0.063006300630063,0.04815481548154815,0.04770477047704771
0.11592241768155165,0.06495263870094722,0.05277401894451962,0.03924221921515562,0.02435723951285521,0.04330175913396482,0.05051871898962562,0.11096075778078485,0.05096977898060442,0.03608479927830401,0.037437979251240414,0.08525033829499323,0.12900315741993684,0.06540369869192603,0.05006765899864682,0.043752819124943616
0.1087248322147651,0.06263982102908278,0.053691275167785234,0.039373601789709174,0.025503355704697986,0.042058165548098436,0.052796420581655484,0.11588366890380314,0.052796420581655484,0.03400447427293065,0.036241610738255034,0.08322147651006712,0.13243847874720358,0.06353467561521253,0.05011185682326622,0.04697986577181208
0.11106194690265486,0.06371681415929203,0.05176991150442478,0.04026548672566372,0.02743362831858407,0.04070796460176991,0.050442477876106194,0.11150442477876106,0.05309734513274336,0.034513274336283185,0.03584070796460177,0.0827433628318584,0.1331858407079646,0.061946902654867256,0.05265486725663717,0.04911504424778761
0.10807174887892376,0.06816143497757847,0.0515695067264574,0.04125560538116592,0.028251121076233184,0.04170403587443946,0.05022421524663677,0.10986547085201794,0.05291479820627803,0.03587443946188341,0.03228699551569507,0.08340807174887892,0.12869955156950671,0.06412556053811659,0.05246636771300448,0.051121076233183856
0.10842293906810035,0.06899641577060932,0.05241935483870968,0.04525089605734767,0.02867383512544803,0.042114695340501794,0.04883512544802868,0.10887096774193548,0.056451612903225805,0.03942652329749104,0.030017921146953404,0.07840501792114696,0.12992831541218638,0.06048387096774194,0.051075268817204304,0.050627240143369175
0.10750777432252333,0.0670812972012439,0.05153265215459796,0.047534429142603286,0.028876055086628164,0.043536206130608615,0.047534429142603286,0.11195024433585073,0.05775211017325633,0.03509551310528654,0.029320302087960905,0.08085295424255887,0.12972012438916036,0.05908485117725455,0.04797867614393603,0.054642381163927146
0.10232350312779268,0.06702412868632708,0.05674709562109026,0.04736371760500447,0.029490616621983913,0.045576407506702415,0.04781054512957998,0.1126005361930295,0.05361930294906166,0.03708668453976765,0.028150134048257374,0.07640750670241286,0.13270777479892762,0.06032171581769437,0.049597855227882036,0.05317247542448615
0.10053859964093358,0.06642728904847396,0.05745062836624776,0.04622980251346499,0.02917414721723519,0.047127468581687613,0.048922800718132854,0.11579892280071813,0.05565529622980251,0.037253141831238776,0.02872531418312388,0.07405745062836624,0.12567324955116696,0.06193895870736086,0.04937163375224417,0.05565529622980251
0.10106856634016029,0.06901157613535173,0.05031166518254675,0.04674977738201247,0.029385574354407838,0.0458593054318789,0.04719501335707925,0.12065894924309885,0.057435440783615316,0.036064113980409616,0.028495102404274265,0.07435440783615316,0.13000890471950133,0.0578806767586821,0.05075690115761353,0.054764024933214604
0.10246085011185682,0.07248322147651007,0.053691275167785234,0.04429530201342282,0.030425055928411632,0.04697986577181208,0.04697986577181208,0.1185682326621924,0.05548098434004474,0.03668903803131991,0.028635346756152126,0.07651006711409396,0.1261744966442953,0.052348993288590606,0.05190156599552573,0.056375838926174496
