C_R,C_A,C_S,C_N,D_R,D_A,D_S,D_N,Oc_R,Oc_A,Oc_S,Oc_N,Od_R,Od_A,Od_S,Od_N
0.0,0.0,0.0,0.0,0.0,0.0,0.0,0.0,0.0,0.0,0.0,0.0,0.0,0.0,1.0,0.0
0.0,0.0,0.0,0.0,0.0,0.5,0.0,0.0,0.0,0.0,0.0,0.0,0.0,0.0,0.5,0.0
0.0,0.0,0.0,0.0,0.0,0.0,0.0,0.0,0.5,0.0,0.0,0.0,0.0,0.0,0.5,0.0
0.0,0.0,0.25,0.0,0.0,0.0,0.0,0.0,0.25,0.0,0.0,0.0,0.0,0.0,0.5,0.0
0.0,0.0,0.0,0.0,0.0,0.0,0.0,0.0,0.25,0.0,0.25,0.0,0.0,0.0,0.5,0.0
0.0,0.0,0.0,0.0,0.0,0.2,0.0,0.0,0.2,0.0,0.2,0.0,0.0,0.0,0.4,0.0
0.0,0.0,0.0,0.0,0.0,0.16666666666666666,0.0,0.0,0.16666666666666666,0.0,0.16666666666666666,0.0,0.0,0.0,0.5,0.0
0.0,0.0,0.0,0.0,0.16666666666666666,0.16666666666666666,0.0,0.0,0.16666666666666666,0.0,0.16666666666666666,0.0,0.0,0.0,0.3333333333333333,0.0
0.0,0.0,0.16666666666666666,0.0,0.0,0.16666666666666666,0.0,0.0,0.16666666666666666,0.0,0.16666666666666666,0.0,0.0,0.0,0.3333333333333333,0.0
0.0,0.0,0.14285714285714285,0.0,0.0,0.14285714285714285,0.0,0.0,0.14285714285714285,0.0,0.14285714285714285,0.14285714285714285,0.0,0.0,0.2857142857142857,0.0
0.0,0.0,0.125,0.125,0.0,0.125,0.0,0.0,0.125,0.0,0.125,0.125,0.0,0.0,0.25,0.0
0.0,0.0,0.1111111111111111,0.1111111111111111,0.0,0.1111111111111111,0.0,0.0,0.1111111111111111,0.0,0.2222222222222222,0.1111111111111111,0.0,0.1111111111111111,0.1111111111111111,0.0
0.0,0.0,0.0,0.18181818181818182,0.0,0.09090909090909091,0.09090909090909091,0.0,0.09090909090909091,0.0,0.09090909090909091,0.18181818181818182,0.0,0.09090909090909091,0.18181818181818182,0.0
0.0,0.0,0.0,0.2,0.0,0.1,0.0,0.0,0.0,0.0,0.1,0.3,0.0,0.1,0.2,0.0
0.0,0.0,0.0,0.18181818181818182,0.0,0.09090909090909091,0.0,0.0,0.0,0.0,0.09090909090909091,0.2727272727272727,0.0,0.18181818181818182,0.18181818181818182,0.0
0.07142857142857142,0.0,0.0,0.14285714285714285,0.0,0.07142857142857142,0.0,0.0,0.0,0.0,0.07142857142857142,0.35714285714285715,0.0,0.14285714285714285,0.14285714285714285,0.0
0.06666666666666667,0.0,0.0,0.2,0.06666666666666667,0.06666666666666667,0.0,0.0,0.0,0.0,0.06666666666666667,0.3333333333333333,0.0,0.13333333333333333,0.06666666666666667,0.0
0.05555555555555555,0.0,0.0,0.2222222222222222,0.05555555555555555,0.1111111111111111,0.0,0.0,0.0,0.0,0.05555555555555555,0.2222222222222222,0.0,0.1111111111111111,0.16666666666666666,0.0
0.1111111111111111,0.0,0.0,0.2222222222222222,0.05555555555555555,0.1111111111111111,0.0,0.0,0.0,0.0,0.0,0.2222222222222222,0.0,0.1111111111111111,0.16666666666666666,0.0
0.125,0.0,0.0,0.2916666666666667,0.041666666666666664,0.08333333333333333,0.0,0.0,0.0,0.0,0.0,0.20833333333333334,0.0,0.08333333333333333,0.16666666666666666,0.0
0.12903225806451613,0.0,0.0,0.2903225806451613,0.03225806451612903,0.06451612903225806,0.0,0.0,0.0,0.0,0.0,0.22580645161290322,0.0,0.0967741935483871,0.16129032258064516,0.0
0.17073170731707318,0.0,0.0,0.36585365853658536,0.024390243902439025,0.07317073170731707,0.0,0.0,0.0,0.0,0.0,0.17073170731707318,0.0,0.07317073170731707,0.12195121951219512,0.0
0.19607843137254902,0.0,0.0,0.4117647058823529,0.0196078431372549,0.058823529411764705,0.0,0.0,0.0,0.0,0.0,0.13725490196078433,0.0,0.0784313725490196,0.09803921568627451,0.0
0.27586206896551724,0.0,0.0,0.41379310344827586,0.017241379310344827,0.05172413793103448,0.0,0.0,0.0,0.0,0.0,0.08620689655172414,0.034482758620689655,0.05172413793103448,0.06896551724137931,0.0
0.3424657534246575,0.0136986301369863,0.0,0.410958904109589,0.0,0.0410958904109589,0.0,0.0,0.0136986301369863,0.0,0.0,0.0410958904109589,0.0410958904109589,0.0410958904109589,0.0547945205479452,0.0
0.4069767441860465,0.023255813953488372,0.0,0.3953488372093023,0.0,0.03488372093023256,0.0,0.0,0.011627906976744186,0.0,0.0,0.023255813953488372,0.023255813953488372,0.03488372093023256,0.046511627906976744,0.0
0.4166666666666667,0.027777777777777776,0.0,0.4074074074074074,0.0,0.027777777777777776,0.0,0.0,0.009259259259259259,0.0,0.0,0.018518518518518517,0.027777777777777776,0.027777777777777776,0.037037037037037035,0.0
0.4126984126984127,0.023809523809523808,0.0,0.4365079365079365,0.0,0.023809523809523808,0.0,0.0,0.007936507936507936,0.0,0.0,0.007936507936507936,0.03968253968253968,0.023809523809523808,0.023809523809523808,0.0
0.3972602739726027,0.02054794520547945,0.0,0.4657534246575342,0.0,0.0273972602739726,0.0,0.0,0.00684931506849315,0.0,0.0,0.00684931506849315,0.04794520547945205,0.00684931506849315,0.02054794520547945,0.0
0.4011299435028249,0.01694915254237288,0.0,0.4519774011299435,0.0,0.01694915254237288,0.0,0.0,0.011299435028248588,0.0,0.0,0.005649717514124294,0.062146892655367235,0.005649717514124294,0.02824858757062147,0.0
0.4,0.014285714285714285,0.0,0.4523809523809524,0.0,0.01904761904761905,0.0,0.0,0.014285714285714285,0.0,0.0,0.004761904761904762,0.06190476190476191,0.009523809523809525,0.023809523809523808,0.0
0.39183673469387753,0.012244897959183673,0.0,0.4530612244897959,0.0,0.012244897959183673,0.004081632653061225,0.0,0.0163265306122449,0.0,0.00816326530612245,0.004081632653061225,0.06938775510204082,0.012244897959183673,0.0163265306122449,0.0
0.4007352941176471,0.011029411764705883,0.0,0.4485294117647059,0.0,0.011029411764705883,0.0,0.003676470588235294,0.014705882352941176,0.0,0.007352941176470588,0.007352941176470588,0.07352941176470588,0.003676470588235294,0.01838235294117647,0.0
0.3753943217665615,0.00946372239747634,0.0,0.48264984227129337,0.0031545741324921135,0.012618296529968454,0.0,0.006309148264984227,0.012618296529968454,0.0,0.0031545741324921135,0.0031545741324921135,0.07255520504731862,0.0031545741324921135,0.015772870662460567,0.0
0.40599455040871935,0.0027247956403269754,0.0,0.46321525885558584,0.0027247956403269754,0.010899182561307902,0.0,0.005449591280653951,0.010899182561307902,0.0,0.0027247956403269754,0.0027247956403269754,0.0653950953678474,0.010899182561307902,0.01634877384196185,0.0
0.3844282238442822,0.0024330900243309003,0.0,0.45742092457420924,0.0024330900243309003,0.012165450121654502,0.0,0.0072992700729927005,0.0072992700729927005,0.0,0.0024330900243309003,0.0024330900243309003,0.0851581508515815,0.014598540145985401,0.019464720194647202,0.0024330900243309003
0.3916849015317287,0.006564551422319475,0.0,0.45295404814004375,0.002188183807439825,0.0087527352297593,0.0,0.00437636761487965,0.0087527352297593,0.0,0.002188183807439825,0.00437636761487965,0.08533916849015317,0.01312910284463895,0.0175054704595186,0.002188183807439825
0.369140625,0.0078125,0.001953125,0.45703125,0.001953125,0.009765625,0.0,0.001953125,0.0078125,0.0,0.001953125,0.0078125,0.09765625,0.013671875,0.017578125,0.00390625
0.37213403880070545,0.007054673721340388,0.0,0.4462081128747795,0.001763668430335097,0.008818342151675485,0.0,0.001763668430335097,0.008818342151675485,0.0,0.001763668430335097,0.007054673721340388,0.1128747795414462,0.010582010582010581,0.01763668430335097,0.003527336860670194
0.35944700460829493,0.009216589861751152,0.0,0.4470046082949309,0.0015360983102918587,0.009216589861751152,0.0,0.0030721966205837174,0.004608294930875576,0.0,0.0015360983102918587,0.007680491551459293,0.130568356374808,0.007680491551459293,0.016897081413210446,0.0015360983102918587
0.35149863760217986,0.008174386920980926,0.0,0.44005449591280654,0.0013623978201634877,0.009536784741144414,0.0,0.0013623978201634877,0.005449591280653951,0.004087193460490463,0.0027247956403269754,0.005449591280653951,0.14577656675749318,0.006811989100817439,0.014986376021798364,0.0027247956403269754
0.3417569193742479,0.006016847172081829,0.0,0.4296028880866426,0.0012033694344163659,0.010830324909747292,0.0,0.0012033694344163659,0.006016847172081829,0.0048134777376654635,0.0036101083032490976,0.0048134777376654635,0.16606498194945848,0.007220216606498195,0.013237063778580024,0.0036101083032490976
0.33773377337733773,0.009900990099009901,0.0,0.42244224422442245,0.0011001100110011,0.011001100110011002,0.0,0.0011001100110011,0.006600660066006601,0.0044004400440044,0.0044004400440044,0.005500550055005501,0.1716171617161716,0.009900990099009901,0.009900990099009901,0.0044004400440044
0.32736318407960197,0.007960199004975124,0.0,0.42885572139303485,0.0009950248756218905,0.008955223880597015,0.0029850746268656717,0.0009950248756218905,0.006965174129353234,0.003980099502487562,0.003980099502487562,0.004975124378109453,0.1781094527363184,0.010945273631840797,0.008955223880597015,0.003980099502487562
0.31569173630454966,0.007428040854224698,0.0,0.43175487465181056,0.0009285051067780873,0.008356545961002786,0.003714020427112349,0.002785515320334262,0.0064995357474466105,0.004642525533890436,0.003714020427112349,0.004642525533890436,0.1894150417827298,0.01021355617455896,0.0064995357474466105,0.003714020427112349
0.3155668358714044,0.005922165820642978,0.0008460236886632825,0.41624365482233505,0.001692047377326565,0.00676818950930626,0.004230118443316413,0.00338409475465313,0.007614213197969543,0.005922165820642978,0.0025380710659898475,0.005076142131979695,0.20558375634517767,0.009306260575296108,0.005922165820642978,0.00338409475465313
0.3103448275862069,0.0054858934169279,0.001567398119122257,0.4114420062695925,0.0007836990595611285,0.006269592476489028,0.004702194357366771,0.003134796238244514,0.007836990595611285,0.006269592476489028,0.0007836990595611285,0.004702194357366771,0.2170846394984326,0.009404388714733543,0.0054858934169279,0.004702194357366771
0.3031837916063676,0.005788712011577424,0.002894356005788712,0.40665701881331406,0.001447178002894356,0.004341534008683068,0.004341534008683068,0.005788712011577424,0.00723589001447178,0.005788712011577424,0.001447178002894356,0.004341534008683068,0.22793053545586106,0.009406657018813314,0.005788712011577424,0.00361794500723589
0.30612244897959184,0.006802721088435374,0.003401360544217687,0.3891156462585034,0.0006802721088435374,0.004761904761904762,0.004081632653061225,0.005442176870748299,0.007482993197278911,0.008843537414965987,0.0013605442176870747,0.004761904761904762,0.23605442176870747,0.009523809523809525,0.007482993197278911,0.004081632653061225
0.30495552731893266,0.00698856416772554,0.005082592121982211,0.38818297331639134,0.0006353240152477764,0.0038119440914866584,0.0031766200762388818,0.005717916137229987,0.005717916137229987,0.010165184243964422,0.0012706480304955528,0.0044472681067344345,0.23951715374841168,0.008259212198221092,0.008259212198221092,0.0038119440914866584
0.30017974835230676,0.005991611743559017,0.005392450569203115,0.3804673457159976,0.0011983223487118035,0.004194128220491312,0.0029958058717795086,0.004793289394847214,0.005392450569203115,0.009586578789694428,0.0011983223487118035,0.0035949670461354103,0.25404433792690234,0.007789095266626723,0.007789095266626723,0.005392450569203115
0.30642410460488917,0.0045480386583285955,0.0045480386583285955,0.3769187038089824,0.0017055144968732233,0.00511654349061967,0.0028425241614553724,0.0062535531552018195,0.0045480386583285955,0.008527572484366117,0.0017055144968732233,0.0045480386583285955,0.251847640704946,0.006822057987492893,0.007959067652075043,0.005685048322910745
0.3011789924973205,0.0053590568060021436,0.0053590568060021436,0.37513397642015006,0.0021436227224008574,0.00482315112540193,0.003215434083601286,0.0053590568060021436,0.004287245444801715,0.010718113612004287,0.0021436227224008574,0.0053590568060021436,0.2540192926045016,0.00857449088960343,0.005894962486602358,0.006430868167202572
0.2981303688731683,0.004547751389590703,0.00404244567963618,0.37645275391611926,0.0025265285497726125,0.00404244567963618,0.0035371399696816574,0.005053057099545225,0.00404244567963618,0.01010611419909045,0.00202122283981809,0.0055583628094997475,0.2597271349166246,0.00808489135927236,0.005053057099545225,0.007074279939363315
0.29715127701375244,0.0054027504911591355,0.00343811394891945,0.37328094302554027,0.0029469548133595285,0.004911591355599214,0.0029469548133595285,0.0063850687622789785,0.003929273084479371,0.009332023575638507,0.0029469548133595285,0.005893909626719057,0.26080550098231825,0.008349705304518664,0.005893909626719057,0.0063850687622789785
0.30206830206830204,0.005772005772005772,0.003848003848003848,0.3617123617123617,0.003367003367003367,0.00481000481000481,0.002886002886002886,0.005291005291005291,0.005291005291005291,0.00962000962000962,0.003848003848003848,0.005291005291005291,0.26455026455026454,0.00913900913900914,0.005772005772005772,0.006734006734006734
0.2966461974492206,0.0051960321209258385,0.006140765233821445,0.3561643835616438,0.0033065658951346244,0.004723665564478035,0.002834199338686821,0.007085498346717053,0.004251299008030231,0.011336797354747285,0.004251299008030231,0.0051960321209258385,0.27113840340103923,0.009919697685403874,0.006140765233821445,0.005668398677373642
0.29743589743589743,0.005594405594405594,0.006060606060606061,0.34825174825174826,0.0037296037296037296,0.005128205128205128,0.0032634032634032634,0.007459207459207459,0.004195804195804196,0.011655011655011656,0.004662004662004662,0.005594405594405594,0.27365967365967364,0.009790209790209791,0.006060606060606061,0.007459207459207459
0.2899679340357306,0.004580852038479157,0.007329363261566651,0.3499770957398076,0.00320659642693541,0.005955107650022904,0.004122766834631242,0.008245533669262483,0.005497022446174988,0.011452130096197893,0.004122766834631242,0.005955107650022904,0.277141548327989,0.00961978928080623,0.005038937242327073,0.007787448465414567
0.2989080982711556,0.003639672429481347,0.006369426751592357,0.3416742493175614,0.004549590536851683,0.006824385805277525,0.004094631483166515,0.006824385805277525,0.006369426751592357,0.011828935395814377,0.004094631483166515,0.00545950864422202,0.27934485896269334,0.009554140127388535,0.004094631483166515,0.006369426751592357
0.3032375740994072,0.004559963520291838,0.006383948928408573,0.3397172822617419,0.005015959872321021,0.006839945280437756,0.005471956224350205,0.00729594163246694,0.006839945280437756,0.012311901504787962,0.004559963520291838,0.005471956224350205,0.2722298221614227,0.009119927040583675,0.00364797081623347,0.00729594163246694
0.3013945119208277,0.004948268106162843,0.006297795771479982,0.34143049932523617,0.00449842555105713,0.006297795771479982,0.004048582995951417,0.009896536212325686,0.006747638326585695,0.012595591542959963,0.004948268106162843,0.004948268106162843,0.2726045883940621,0.008547008547008548,0.003598740440845704,0.007197480881691408
0.30013580805794476,0.004979628791308284,0.004074241738343142,0.3404255319148936,0.005432322317790856,0.006337709370755998,0.004526935264825713,0.01041195110909914,0.007695789950203712,0.01041195110909914,0.005432322317790856,0.004979628791308284,0.27342688999547304,0.011770031688546853,0.004074241738343142,0.005885015844273427
0.3086199196069674,0.0044662795891022775,0.005359535506922733,0.3327378293881197,0.006252791424743189,0.0044662795891022775,0.0044662795891022775,0.00982581509602501,0.007592675301473872,0.00982581509602501,0.006699419383653417,0.0044662795891022775,0.2733363108530594,0.010719071013845467,0.0044662795891022775,0.006699419383653417
0.3019451812555261,0.004420866489832007,0.005305039787798408,0.3390804597701149,0.00618921308576481,0.004862953138815208,0.003978779840848806,0.009725906277630416,0.007515473032714412,0.010167992926613616,0.007073386383731211,0.005305039787798408,0.27276746242263483,0.009725906277630416,0.005747126436781609,0.00618921308576481
0.31112091791703445,0.005736981465136805,0.00441306266548985,0.3283318623124448,0.0088261253309797,0.0048543689320388345,0.00441306266548985,0.011032656663724626,0.007502206531332745,0.009708737864077669,0.006619593998234775,0.00617828773168579,0.26919682259488087,0.011032656663724626,0.005736981465136805,0.00529567519858782
0.31112091791703445,0.00617828773168579,0.003089143865842895,0.32215357458075905,0.009267431597528684,0.00617828773168579,0.00529567519858782,0.01059135039717564,0.006619593998234775,0.009267431597528684,0.00706090026478376,0.00617828773168579,0.27493380406001766,0.01147396293027361,0.005736981465136805,0.0048543689320388345
0.3122775800711744,0.005782918149466192,0.00400355871886121,0.3180604982206406,0.009786476868327402,0.006227758007117438,0.006227758007117438,0.009341637010676156,0.00800711743772242,0.009341637010676156,0.008451957295373666,0.0066725978647686835,0.27268683274021355,0.012455516014234875,0.004893238434163701,0.005782918149466192
0.3114247904719894,0.005734450816056462,0.004852227613586237,0.3153947948831054,0.011468901632112925,0.0061755624172915745,0.005734450816056462,0.00882223202470225,0.0061755624172915745,0.0105866784296427,0.008381120423467137,0.007940008822232024,0.27525363917071016,0.0105866784296427,0.005734450816056462,0.005734450816056462
0.31574279379157427,0.0066518847006651885,0.005321507760532151,0.3099778270509978,0.011529933481152993,0.007095343680709534,0.006208425720620843,0.009312638580931265,0.004878048780487805,0.008869179600886918,0.008869179600886918,0.008869179600886918,0.2745011086474501,0.009312638580931265,0.006208425720620843,0.0066518847006651885
0.3120035304501324,0.00706090026478376,0.006619593998234775,0.30714916151809357,0.010150044130626656,0.00706090026478376,0.00617828773168579,0.0088261253309797,0.0048543689320388345,0.0088261253309797,0.0088261253309797,0.011032656663724626,0.2780229479258605,0.010150044130626656,0.00617828773168579,0.00706090026478376
0.31536748329621384,0.0075723830734966595,0.008017817371937639,0.3002227171492205,0.008017817371937639,0.0066815144766146995,0.0071269487750556795,0.010690423162583519,0.004008908685968819,0.010244988864142539,0.010244988864142539,0.012917594654788419,0.27527839643652563,0.008908685968819599,0.0062360801781737195,0.008463251670378619
0.31604609929078015,0.008421985815602837,0.007535460992907801,0.299645390070922,0.006648936170212766,0.00576241134751773,0.007535460992907801,0.011968085106382979,0.003989361702127659,0.010195035460992909,0.010195035460992909,0.014184397163120567,0.27349290780141844,0.010638297872340425,0.0062056737588652485,0.007535460992907801
0.3102836879432624,0.008421985815602837,0.007535460992907801,0.2969858156028369,0.006648936170212766,0.006648936170212766,0.007978723404255319,0.015957446808510637,0.003989361702127659,0.011968085106382979,0.011968085106382979,0.012411347517730497,0.27393617021276595,0.012411347517730497,0.0062056737588652485,0.006648936170212766
0.31092436974789917,0.007076514816452897,0.00796107916850951,0.29544449358690844,0.007076514816452897,0.007518796992481203,0.008403361344537815,0.01680672268907563,0.004422821760283061,0.011499336576735958,0.010172490048651039,0.011499336576735958,0.2750995134896064,0.0145953118089341,0.006634232640424591,0.004865103936311367
0.3125827814569536,0.007947019867549669,0.006622516556291391,0.29315673289183225,0.006622516556291391,0.008388520971302429,0.009271523178807948,0.017660044150110375,0.003973509933774834,0.011920529801324504,0.010154525386313467,0.010596026490066225,0.27461368653421636,0.01456953642384106,0.006622516556291391,0.005298013245033113
0.3091231178033658,0.007528786536758193,0.0070859167404783,0.29096545615589015,0.006643046944198406,0.007971656333038087,0.00974313551815766,0.01682905225863596,0.00354295837023915,0.013286093888396812,0.008857395925597875,0.011514614703277236,0.28033658104517273,0.012843224092116917,0.007528786536758193,0.006200177147918512
0.31062303899596594,0.006723442402510085,0.0044822949350067235,0.28776333482743166,0.006723442402510085,0.007171671896010758,0.008068130883012102,0.01882563872702824,0.004930524428507396,0.013895114298520844,0.00941281936351412,0.011205737337516808,0.2819363514119229,0.013895114298520844,0.00761990138951143,0.006723442402510085
0.31380381713271194,0.006213936972924989,0.004438526409232135,0.2836218375499334,0.006213936972924989,0.007101642254771416,0.007545494895694629,0.017310252996005325,0.005326231691078562,0.015534842432312472,0.008433200177541057,0.011096316023080338,0.28450954283177987,0.014647137150466045,0.007101642254771416,0.007101642254771416
0.3110914714980115,0.005302695536897923,0.004860804242156429,0.28413610251878035,0.005302695536897923,0.007070260715863898,0.007954043305346884,0.016791869200176758,0.004418912947414936,0.015024304021210782,0.008837825894829872,0.010605391073795847,0.28855501546619533,0.014582412726469289,0.007070260715863898,0.008395934600088379
0.3148065807025345,0.006224988883948421,0.004891062694530902,0.2743441529568697,0.004891062694530902,0.00755891507336594,0.008003557136505114,0.01511783014673188,0.005780346820809248,0.01511783014673188,0.009337483325922631,0.010226767452200978,0.2925744775455758,0.014673188083592708,0.007114273010226767,0.009337483325922631
0.3136645962732919,0.005767524401064774,0.005323868677905945,0.2741792369121562,0.0048802129547471165,0.008429458740017746,0.009316770186335404,0.015971606033717833,0.0048802129547471165,0.015527950310559006,0.008873114463176575,0.01020408163265306,0.29103815439219166,0.013309671694764862,0.007985803016858917,0.01064773735581189
0.31646693297825124,0.005326231691078562,0.006657789613848202,0.2707501109631602,0.0039946737683089215,0.00887705281846427,0.007989347536617843,0.01775410563692854,0.005326231691078562,0.014203284509542832,0.007989347536617843,0.010652463382157125,0.2924988903683977,0.014203284509542832,0.007545494895694629,0.009764758100310697
0.31876379690949225,0.004856512141280353,0.006622516556291391,0.26578366445916113,0.004415011037527594,0.008830022075055188,0.0075055187637969095,0.017660044150110375,0.004415011037527594,0.013245033112582781,0.008830022075055188,0.010596026490066225,0.295364238410596,0.015894039735099338,0.008388520971302429,0.008830022075055188
0.3181818181818182,0.003971756398940865,0.006619593998234775,0.2621359223300971,0.00529567519858782,0.009267431597528684,0.00706090026478376,0.019417475728155338,0.00441306266548985,0.014563106796116505,0.008384819064430714,0.011915269196822596,0.29523389232127095,0.01500441306266549,0.009267431597528684,0.009267431597528684
0.32355555555555554,0.004888888888888889,0.006666666666666667,0.2617777777777778,0.005333333333333333,0.010666666666666666,0.006666666666666667,0.017777777777777778,0.005333333333333333,0.014666666666666666,0.007555555555555556,0.011555555555555555,0.28844444444444445,0.016444444444444446,0.009777777777777778,0.008888888888888889
0.316235504014273,0.0053523639607493305,0.006244424620874219,0.26851025869759143,0.004014272970561998,0.012488849241748439,0.005798394290811775,0.01784121320249777,0.004906333630686887,0.015165031222123104,0.008028545941123996,0.012934879571810883,0.2863514719000892,0.01650312221231044,0.00936663693131133,0.010258697591436218
0.3152317880794702,0.005298013245033113,0.00706401766004415,0.26490066225165565,0.003532008830022075,0.011920529801324504,0.006622516556291391,0.017660044150110375,0.005298013245033113,0.015894039735099338,0.008388520971302429,0.012803532008830023,0.28874172185430463,0.015894039735099338,0.010154525386313467,0.010596026490066225
0.3178984861976848,0.00578806767586821,0.007123775601068566,0.26580587711487086,0.003561887800534283,0.013802315227070348,0.00578806767586821,0.01647373107747106,0.003561887800534283,0.016918967052537846,0.007123775601068566,0.012021371326803205,0.2898486197684773,0.015138023152270703,0.009349955476402494,0.009795191451469279
0.3187444739168877,0.00618921308576481,0.007957559681697613,0.26657824933687,0.0035366931918656055,0.01282051282051282,0.005305039787798408,0.015473032714412025,0.0035366931918656055,0.017241379310344827,0.007073386383731211,0.011494252873563218,0.2922192749778957,0.014146772767462422,0.008399646330680813,0.009283819628647215
0.32045654082528535,0.007023705004389816,0.007462686567164179,0.2598770851624232,0.003511852502194908,0.012291483757682178,0.006145741878841089,0.014486391571553995,0.004828797190517998,0.017120280948200176,0.007462686567164179,0.011852502194907815,0.2976294995610184,0.012291483757682178,0.007901668129938543,0.009657594381035996
0.3191300488237905,0.007101642254771416,0.007545494895694629,0.25876608965823344,0.004438526409232135,0.011096316023080338,0.006657789613848202,0.015090989791389259,0.005326231691078562,0.01775410563692854,0.007989347536617843,0.012427873945849977,0.2969374167776298,0.013315579227696404,0.007101642254771416,0.009320905459387484
0.31891168599464764,0.006690454950936664,0.007582515611061552,0.2604817127564674,0.0044603033006244425,0.011150758251561105,0.006690454950936664,0.013826940231935772,0.004906333630686887,0.018287243532560213,0.007582515611061552,0.013380909901873328,0.2925958965209634,0.016057091882247992,0.007136485280999108,0.010258697591436218
0.31975199291408324,0.006200177147918512,0.007971656333038087,0.2604074402125775,0.0044286979627989375,0.011957484499557131,0.006643046944198406,0.015057573073516387,0.003985828166519044,0.01682905225863596,0.007528786536758193,0.011957484499557131,0.2945084145261293,0.015057573073516387,0.007528786536758193,0.010186005314437556
0.32486631016042783,0.0066844919786096255,0.008912655971479501,0.2580213903743315,0.005793226381461676,0.012923351158645277,0.007575757575757576,0.015151515151515152,0.004010695187165776,0.01871657754010695,0.006238859180035651,0.010249554367201427,0.2878787878787879,0.013814616755793227,0.008021390374331552,0.011140819964349376
0.3213644524236984,0.0062836624775583485,0.008527827648114902,0.2612208258527828,0.006732495511669659,0.012567324955116697,0.00807899461400359,0.013464991023339317,0.004039497307001795,0.017055655296229804,0.0062836624775583485,0.009425493716337522,0.28994614003590663,0.01526032315978456,0.00763016157989228,0.012118491921005385
0.32427695004382123,0.007449605609114811,0.008326029798422436,0.254601226993865,0.006573181419807186,0.010955302366345312,0.007887817703768623,0.013584574934268186,0.004820333041191937,0.017090271691498685,0.006134969325153374,0.009640666082383873,0.29053461875547765,0.017090271691498685,0.007887817703768623,0.013146362839614373
0.31180893409995575,0.007518796992481203,0.00796107916850951,0.2565236620964175,0.007076514816452897,0.011499336576735958,0.00796107916850951,0.01592215833701902,0.005749668288367979,0.016364440513047324,0.006191950464396285,0.009730207872622734,0.2989827509951349,0.015037593984962405,0.008403361344537815,0.013268465280849183
0.3181818181818182,0.007502206531332745,0.008384819064430714,0.25728155339805825,0.006619593998234775,0.011915269196822596,0.00706090026478376,0.012797881729920565,0.00617828773168579,0.01588702559576346,0.005736981465136805,0.01059135039717564,0.2925860547219771,0.017210944395410415,0.007502206531332745,0.014563106796116505
0.31263957123715946,0.00982581509602501,0.006699419383653417,0.251004912907548,0.006252791424743189,0.01205895489057615,0.007592675301473872,0.012952210808396605,0.006699419383653417,0.0160786065207682,0.007146047342563644,0.012505582849486378,0.30102724430549355,0.01563197856185797,0.007592675301473872,0.014292094685127288
0.31860776439089694,0.010263275323516287,0.006247211066488175,0.2427487728692548,0.005800981704596163,0.0142793395805444,0.007585899152164213,0.013833110218652387,0.008478357875948238,0.013386880856760375,0.007585899152164213,0.012048192771084338,0.3003123605533244,0.015618027666220438,0.009370816599732263,0.013833110218652387
0.30892857142857144,0.009821428571428571,0.005803571428571429,0.24464285714285713,0.005803571428571429,0.014732142857142857,0.007589285714285714,0.01607142857142857,0.008928571428571428,0.014732142857142857,0.008482142857142856,0.0125,0.3049107142857143,0.015178571428571428,0.008928571428571428,0.012946428571428572
0.3145374449339207,0.00881057268722467,0.0052863436123348016,0.24581497797356827,0.007048458149779736,0.014096916299559472,0.007929515418502203,0.014977973568281937,0.00881057268722467,0.014096916299559472,0.008370044052863436,0.012334801762114538,0.30088105726872244,0.014977973568281937,0.008370044052863436,0.013656387665198238
0.315626383355467,0.008853474988933156,0.005754758742806552,0.24479858344400177,0.005754758742806552,0.01416555998229305,0.00796812749003984,0.01593625498007968,0.009738822487826471,0.013280212483399735,0.007082779991146525,0.010624169986719787,0.30278884462151395,0.01593625498007968,0.008853474988933156,0.012837538733953076
0.3068081343943413,0.008399646330680813,0.006631299734748011,0.2497789566755084,0.006631299734748011,0.013704686118479222,0.008399646330680813,0.017241379310344827,0.010167992926613616,0.014146772767462422,0.006631299734748011,0.010610079575596816,0.3045977011494253,0.015915119363395226,0.007515473032714412,0.01282051282051282
0.3070097604259095,0.00709849157054126,0.00709849157054126,0.2502218278615794,0.00709849157054126,0.01419698314108252,0.007985803016858917,0.018633540372670808,0.011535048802129548,0.013753327417923691,0.00709849157054126,0.01020408163265306,0.3003549245785271,0.015527950310559006,0.0075421472937000885,0.014640638864241348
0.30666666666666664,0.0057777777777777775,0.008444444444444444,0.25333333333333335,0.0057777777777777775,0.013777777777777778,0.008,0.01911111111111111,0.010222222222222223,0.013333333333333334,0.0071111111111111115,0.009333333333333334,0.2995555555555556,0.015111111111111112,0.008,0.016444444444444446
0.30167844522968196,0.005742049469964664,0.0088339222614841,0.2508833922261484,0.005742049469964664,0.012367491166077738,0.007067137809187279,0.018992932862190812,0.009717314487632508,0.012809187279151944,0.007950530035335688,0.009275618374558304,0.30962897526501765,0.015901060070671377,0.007950530035335688,0.015459363957597174
0.2992407324698526,0.005359535506922733,0.008485931219294328,0.24877177311299686,0.005359535506922733,0.012505582849486378,0.007146047342563644,0.02054488610987048,0.009379187137114784,0.012505582849486378,0.008485931219294328,0.00982581509602501,0.31397945511389014,0.01563197856185797,0.007592675301473872,0.015185350602947744
0.30201342281879195,0.004921700223713647,0.01029082774049217,0.24742729306487696,0.005369127516778523,0.011185682326621925,0.007606263982102908,0.021029082774049218,0.009843400447427294,0.012080536912751677,0.008948545861297539,0.01029082774049217,0.3118568232662192,0.013422818791946308,0.008053691275167786,0.015659955257270694
0.30323151837096063,0.00398406374501992,0.010624169986719787,0.24701195219123506,0.00619743249225321,0.010624169986719787,0.008410801239486499,0.01859229747675963,0.011066843736166445,0.01195219123505976,0.00796812749003984,0.010624169986719787,0.3147410358565737,0.01239486498450642,0.00619743249225321,0.01637892872952634
0.30066225165562915,0.005298013245033113,0.010154525386313467,0.24547461368653423,0.005298013245033113,0.010154525386313467,0.008830022075055188,0.019426048565121413,0.011479028697571744,0.011920529801324504,0.0075055187637969095,0.011037527593818985,0.31920529801324504,0.011920529801324504,0.005298013245033113,0.016335540838852098
0.30185348631950576,0.00441306266548985,0.0088261253309797,0.2471315092674316,0.00617828773168579,0.009708737864077669,0.009267431597528684,0.019858781994704325,0.011915269196822596,0.013680494263018535,0.00617828773168579,0.010150044130626656,0.3181818181818182,0.01147396293027361,0.005736981465136805,0.015445719329214475
0.30013339261894173,0.005335704757670075,0.008892841262783458,0.24232992441084927,0.005780346820809248,0.01067140951534015,0.008003557136505114,0.01956425077812361,0.011560693641618497,0.013339261894175189,0.008003557136505114,0.011116051578479324,0.32325477990217877,0.011116051578479324,0.006224988883948421,0.014673188083592708
0.3044064748201439,0.00539568345323741,0.008992805755395683,0.23696043165467626,0.00539568345323741,0.009892086330935251,0.007643884892086331,0.01933453237410072,0.011241007194244604,0.013489208633093525,0.008992805755395683,0.010341726618705036,0.3273381294964029,0.010341726618705036,0.006744604316546762,0.013489208633093525
0.3042316258351893,0.005345211581291759,0.009799554565701559,0.23563474387527839,0.005345211581291759,0.010690423162583519,0.008463251670378619,0.021380846325167038,0.012026726057906459,0.013363028953229399,0.010244988864142539,0.009799554565701559,0.3224944320712695,0.011135857461024499,0.0071269487750556795,0.012917594654788419
0.30632235084594833,0.004897595725734639,0.009349955476402494,0.23063223508459482,0.005342831700801425,0.012466607301869992,0.008904719501335707,0.020480854853072127,0.012021371326803205,0.01157613535173642,0.009795191451469279,0.012466607301869992,0.3254674977738201,0.01157613535173642,0.006233303650934996,0.012466607301869992
0.30951317552478785,0.005359535506922733,0.009379187137114784,0.22778025904421617,0.004912907548012505,0.012952210808396605,0.008485931219294328,0.01831174631531934,0.011612326931665922,0.011165698972755694,0.008932559178204555,0.013845466726217061,0.32693166592228673,0.011165698972755694,0.007592675301473872,0.01205895489057615
0.3028953229398664,0.005790645879732739,0.009354120267260579,0.23518930957683742,0.004899777282850779,0.011581291759465479,0.0075723830734966595,0.0200445434298441,0.012472160356347439,0.010244988864142539,0.008017817371937639,0.013808463251670379,0.3265033407572383,0.010690423162583519,0.0066815144766146995,0.014253897550111359
0.2998212689901698,0.006255585344057194,0.00938337801608579,0.24039320822162646,0.005361930294906166,0.011170688114387846,0.0071492403932082215,0.01876675603217158,0.012511170688114389,0.010723860589812333,0.00804289544235925,0.013404825737265416,0.32439678284182305,0.010277033065236819,0.00580875781948168,0.01653261840929401
0.2995555555555556,0.0057777777777777775,0.008,0.24,0.005333333333333333,0.010666666666666666,0.007555555555555556,0.017777777777777778,0.012444444444444444,0.011111111111111112,0.008,0.013333333333333334,0.328,0.011111111111111112,0.0057777777777777775,0.015555555555555555
0.3010610079575597,0.005305039787798408,0.009725906277630416,0.23916887709991158,0.005305039787798408,0.009283819628647215,0.008399646330680813,0.016799292661361626,0.011936339522546418,0.01237842617152962,0.007073386383731211,0.011936339522546418,0.32935455349248455,0.010610079575596816,0.005305039787798408,0.016357206012378427
0.2982842058952926,0.005279366476022877,0.009238891333040036,0.24285085789705235,0.004839419269687638,0.009678838539375276,0.008798944126704795,0.01627804663440387,0.012318521777386713,0.010998680158380994,0.005719313682358117,0.013198416190057193,0.332160140783106,0.009678838539375276,0.004839419269687638,0.01583809942806863
0.30102724430549355,0.006252791424743189,0.00982581509602501,0.23403305046895936,0.0044662795891022775,0.011165698972755694,0.008485931219294328,0.01786511835640911,0.01205895489057615,0.01205895489057615,0.004912907548012505,0.01205895489057615,0.33541759714158104,0.008485931219294328,0.005806163465832961,0.0160786065207682
0.30216144684605206,0.005734450816056462,0.009263343625937363,0.24305249228054698,0.00176444640494045,0.011027790030877812,0.007940008822232024,0.016762240846934274,0.009704455227172474,0.011910013233348038,0.004411116012351125,0.012792236435818262,0.33480370533745035,0.00882223202470225,0.004852227613586237,0.014997794441993825
0.3007485689123734,0.005724350506384853,0.008806693086745927,0.23778071334214002,0.0030823425803610744,0.010127697049757816,0.007485689123734038,0.019374724790841038,0.008806693086745927,0.012329370321444297,0.0035226772346983706,0.012329370321444297,0.34081902245706736,0.009247027741083224,0.0048436811977102595,0.014971378247468076
0.29511867442901923,0.005821764442454098,0.006269592476489028,0.24093148231079264,0.0044782803403493054,0.011643528884908196,0.00806090461262875,0.020152261531571878,0.008956560680698611,0.011195700850873265,0.004030452306314375,0.011643528884908196,0.34214061800268697,0.010300044782803403,0.004030452306314375,0.01522615315718764
0.30017761989342806,0.004440497335701598,0.006216696269982238,0.23756660746003552,0.0053285968028419185,0.013321492007104795,0.007104795737122558,0.022202486678507993,0.007548845470692718,0.008880994671403197,0.003552397868561279,0.011101243339253997,0.34058614564831263,0.011545293072824156,0.003996447602131439,0.016429840142095916
0.30376940133037694,0.005321507760532151,0.006208425720620843,0.2407982261640798,0.004878048780487805,0.012416851441241685,0.0066518847006651885,0.021729490022172948,0.006208425720620843,0.00975609756097561,0.004434589800443459,0.011086474501108648,0.33303769401330374,0.011529933481152993,0.004878048780487805,0.01729490022172949
0.30406001765225066,0.005736981465136805,0.005736981465136805,0.23962930273609886,0.003971756398940865,0.011032656663724626,0.005736981465136805,0.023389232127096204,0.006619593998234775,0.01147396293027361,0.00529567519858782,0.01059135039717564,0.3340688437775816,0.011032656663724626,0.0048543689320388345,0.01676963812886143
0.31019136626613264,0.0053404539385847796,0.005785491766800178,0.23809523809523808,0.004005340453938585,0.011570983533600357,0.0053404539385847796,0.021361815754339118,0.007120605251446373,0.011125945705384957,0.004895416110369382,0.011570983533600357,0.33288829550511795,0.011125945705384957,0.004895416110369382,0.014686248331108143
0.3046181172291297,0.004440497335701598,0.006216696269982238,0.2353463587921847,0.0053285968028419185,0.011989342806394316,0.0053285968028419185,0.022202486678507993,0.007548845470692718,0.010213143872113677,0.0053285968028419185,0.012433392539964476,0.33570159857904086,0.011101243339253997,0.006216696269982238,0.015985790408525755
0.31297369594293356,0.004012483281319661,0.007133303611234953,0.22781988408381632,0.006241640659830584,0.012929112795363353,0.006241640659830584,0.02050824788230049,0.007579135086937138,0.008916629514043692,0.00490414623272403,0.012037449843958983,0.335711101203745,0.01069995541685243,0.006687472135532769,0.01560410164957646
0.3073192239858907,0.004409171075837742,0.007495590828924162,0.23148148148148148,0.006172839506172839,0.013227513227513227,0.006613756613756613,0.021604938271604937,0.007054673721340388,0.00837742504409171,0.005731922398589065,0.01146384479717813,0.3368606701940035,0.009700176366843033,0.005731922398589065,0.01675485008818342
0.3097463284379172,0.004895416110369382,0.006675567423230975,0.22741433021806853,0.005785491766800178,0.012461059190031152,0.007120605251446373,0.022696929238985315,0.00801068090787717,0.0075656430796617715,0.004895416110369382,0.010680907877169559,0.33822874944370274,0.010680907877169559,0.005785491766800178,0.017356475300400534
0.3038086802480071,0.005314437555358724,0.006200177147918512,0.22763507528786536,0.005757307351638618,0.011957484499557131,0.0070859167404783,0.027015057573073518,0.007528786536758193,0.009300265721877768,0.005314437555358724,0.012843224092116917,0.3365810451727192,0.009300265721877768,0.005314437555358724,0.01904340124003543
0.3058510638297872,0.00576241134751773,0.0062056737588652485,0.22783687943262412,0.004875886524822695,0.011081560283687944,0.007535460992907801,0.026152482269503546,0.0070921985815602835,0.009308510638297872,0.003989361702127659,0.012854609929078014,0.3404255319148936,0.009308510638297872,0.004432624113475178,0.017287234042553192
0.3085867620751342,0.005366726296958855,0.006261180679785331,0.22450805008944544,0.005813953488372093,0.0129695885509839,0.007602862254025045,0.022808586762075134,0.006708407871198569,0.009391771019677997,0.005366726296958855,0.013416815742397137,0.3416815742397138,0.00849731663685152,0.0035778175313059034,0.01744186046511628
0.3073516386182462,0.00487156775907883,0.005314437555358724,0.22807794508414525,0.006643046944198406,0.013728963684676704,0.005757307351638618,0.025243578387953942,0.006643046944198406,0.009300265721877768,0.00487156775907883,0.012843224092116917,0.34056687333923824,0.009300265721877768,0.0044286979627989375,0.015057573073516387
0.3025732031943212,0.005767524401064774,0.006211180124223602,0.22715173025732033,0.006654835847382431,0.012866015971606033,0.006654835847382431,0.023070097604259095,0.006211180124223602,0.009760425909494233,0.0044365572315882874,0.011978704525288377,0.3464951197870453,0.01064773735581189,0.0044365572315882874,0.015084294587400177
