C_R,C_A,C_S,C_N,D_R,D_A,D_S,D_N,Oc_R,Oc_A,Oc_S,Oc_N,Od_R,Od_A,Od_S,Od_N
0.0,0.0,0.0,0.0,0.0,1.0,0.0,0.0,0.0,0.0,0.0,0.0,0.0,0.0,0.0,0.0
0.0,0.0,0.0,0.4,0.0,0.6,0.0,0.0,0.0,0.0,0.0,0.0,0.0,0.0,0.0,0.0
0.0,0.0,0.0,0.3333333333333333,0.0,0.5,0.0,0.0,0.0,0.0,0.0,0.0,0.0,0.0,0.0,0.16666666666666666
0.0,0.0,0.0,0.3181818181818182,0.0,0.4090909090909091,0.0,0.0,0.0,0.09090909090909091,0.0,0.0,0.0,0.0,0.0,0.18181818181818182
0.0,0.0,0.02564102564102564,0.3076923076923077,0.0,0.41025641025641024,0.0,0.0,0.0,0.10256410256410256,0.0,0.0,0.0,0.0,0.0,0.15384615384615385
0.0,0.01639344262295082,0.03278688524590164,0.3114754098360656,0.0,0.3442622950819672,0.0,0.01639344262295082,0.0,0.13114754098360656,0.0,0.0,0.0,0.0,0.0,0.14754098360655737
0.0,0.021052631578947368,0.042105263157894736,0.29473684210526313,0.0,0.3368421052631579,0.0,0.010526315789473684,0.0,0.14736842105263157,0.0,0.0,0.0,0.0,0.0,0.14736842105263157
0.0,0.028169014084507043,0.04225352112676056,0.31690140845070425,0.0,0.323943661971831,0.0,0.0,0.0,0.15492957746478872,0.0,0.0,0.0,0.0,0.0,0.13380281690140844
0.0,0.03980099502487562,0.04975124378109453,0.2885572139303483,0.0,0.32338308457711445,0.0,0.0,0.0,0.16417910447761194,0.0,0.0,0.0,0.009950248756218905,0.0,0.12437810945273632
0.0035714285714285713,0.05357142857142857,0.06428571428571428,0.275,0.0,0.2892857142857143,0.0,0.0035714285714285713,0.0,0.16428571428571428,0.007142857142857143,0.0,0.0,0.014285714285714285,0.0,0.125
0.002680965147453083,0.058981233243967826,0.07238605898123325,0.257372654155496,0.005361930294906166,0.2734584450402145,0.005361930294906166,0.002680965147453083,0.0,0.16353887399463807,0.00804289544235925,0.0,0.0,0.021447721179624665,0.0,0.128686327077748
0.002109704641350211,0.07172995780590717,0.07172995780590717,0.24050632911392406,0.012658227848101266,0.25949367088607594,0.006329113924050633,0.002109704641350211,0.004219409282700422,0.1518987341772152,0.010548523206751054,0.0,0.0,0.03164556962025317,0.0,0.1350210970464135
0.001697792869269949,0.0730050933786078,0.06960950764006792,0.22071307300509338,0.015280135823429542,0.2597623089983022,0.006791171477079796,0.001697792869269949,0.003395585738539898,0.15280135823429541,0.015280135823429542,0.0,0.0,0.044142614601018676,0.003395585738539898,0.13242784380305603
0.001388888888888889,0.08194444444444444,0.0763888888888889,0.1986111111111111,0.016666666666666666,0.25555555555555554,0.006944444444444444,0.009722222222222222,0.002777777777777778,0.1375,0.015277777777777777,0.0,0.0,0.043055555555555555,0.004166666666666667,0.15
0.0034762456546929316,0.08111239860950174,0.07415990730011587,0.18192352259559674,0.023174971031286212,0.2410196987253766,0.006952491309385863,0.015063731170336037,0.0034762456546929316,0.1413673232908459,0.02085747392815759,0.0011587485515643105,0.0011587485515643105,0.046349942062572425,0.004634994206257242,0.1541135573580533
0.004024144869215292,0.08953722334004025,0.08048289738430583,0.16398390342052313,0.028169014084507043,0.2323943661971831,0.011066398390342052,0.019114688128772636,0.006036217303822937,0.12977867203219315,0.025150905432595575,0.001006036217303823,0.001006036217303823,0.04527162977867203,0.007042253521126761,0.15593561368209255
0.006306306306306306,0.0891891891891892,0.08738738738738738,0.15855855855855855,0.027927927927927927,0.22342342342342342,0.008108108108108109,0.023423423423423424,0.005405405405405406,0.13153153153153152,0.02702702702702703,0.0018018018018018018,0.0009009009009009009,0.047747747747747746,0.006306306306306306,0.15495495495495495
0.0064,0.0832,0.088,0.1512,0.0288,0.2248,0.0104,0.0272,0.004,0.1256,0.0304,0.0032,0.0008,0.0528,0.0056,0.1576
0.006423982869379015,0.08565310492505353,0.09350463954318344,0.14632405424696646,0.029978586723768737,0.21770164168451106,0.010706638115631691,0.028551034975017844,0.004996431120628123,0.1206281227694504,0.03140613847251963,0.0028551034975017845,0.0007137758743754461,0.052105638829407566,0.007851534618129907,0.16059957173447537
0.00796812749003984,0.08632138114209828,0.09163346613545817,0.1407702523240372,0.027888446215139442,0.21646746347941567,0.01195219123505976,0.03187250996015936,0.005312084993359893,0.11620185922974767,0.03253652058432935,0.005312084993359893,0.00398406374501992,0.05444887118193891,0.00796812749003984,0.1593625498007968
0.009846153846153846,0.0843076923076923,0.08553846153846154,0.14153846153846153,0.021538461538461538,0.22153846153846155,0.009846153846153846,0.03446153846153846,0.006153846153846154,0.11753846153846154,0.03323076923076923,0.0073846153846153844,0.0036923076923076922,0.060307692307692305,0.008,0.15507692307692308
0.009742120343839542,0.08710601719197708,0.08595988538681948,0.13982808022922635,0.02521489971346705,0.2166189111747851,0.010888252148997135,0.03782234957020057,0.005157593123209169,0.11232091690544413,0.033810888252149,0.009169054441260744,0.004584527220630372,0.05959885386819484,0.009169054441260744,0.1530085959885387
0.013933547695605574,0.08628081457663452,0.08735262593783494,0.13612004287245444,0.02090032154340836,0.21596998928188638,0.010718113612004287,0.03858520900321544,0.008038585209003215,0.10610932475884244,0.03590568060021436,0.011789924973204717,0.006430868167202572,0.0632368703108253,0.010182207931404072,0.14844587352625938
0.019817073170731708,0.08485772357723577,0.08231707317073171,0.133130081300813,0.022865853658536585,0.20985772357723578,0.011686991869918699,0.036077235772357726,0.009146341463414634,0.11280487804878049,0.031504065040650404,0.014735772357723578,0.007621951219512195,0.06808943089430894,0.009146341463414634,0.14634146341463414
0.02768496420047733,0.08257756563245823,0.08210023866348448,0.1341288782816229,0.021479713603818614,0.20477326968973747,0.012887828162291169,0.03484486873508353,0.010501193317422435,0.10930787589498807,0.03007159904534606,0.018138424821002388,0.0076372315035799524,0.06825775656324583,0.008114558472553698,0.14749403341288783
0.03451407811080836,0.08537693006357856,0.07811080835603997,0.13169845594913715,0.02316076294277929,0.20027247956403268,0.01407811080835604,0.0340599455040872,0.011807447774750226,0.10717529518619437,0.03224341507720254,0.01907356948228883,0.009082652134423252,0.06993642143505904,0.01044504995458674,0.13896457765667575
0.03859964093357271,0.08707360861759425,0.08258527827648116,0.12971274685816875,0.018850987432675045,0.20197486535008977,0.011220825852782765,0.03321364452423698,0.013464991023339317,0.10412926391382406,0.02917414721723519,0.02064631956912029,0.009874326750448833,0.07450628366247755,0.00763016157989228,0.13734290843806105
0.038630377524143986,0.08428446005267778,0.0781387181738367,0.12774363476733977,0.020632133450395083,0.20368744512730466,0.01141352063213345,0.03467954345917471,0.014486391571553995,0.10140474100087796,0.033801580333625986,0.020632133450395083,0.01009657594381036,0.07726075504828797,0.008340649692712906,0.13476733977172958
0.03849557522123894,0.09070796460176991,0.07743362831858407,0.12964601769911505,0.018584070796460177,0.20619469026548673,0.01327433628318584,0.033185840707964605,0.013716814159292035,0.1,0.02743362831858407,0.018141592920353982,0.011946902654867256,0.07699115044247788,0.007079646017699115,0.13716814159292035
0.039647577092511016,0.08766519823788546,0.07709251101321586,0.13127753303964756,0.017180616740088105,0.20792951541850221,0.014977973568281937,0.03259911894273128,0.015859030837004406,0.10352422907488987,0.029955947136563875,0.02026431718061674,0.012334801762114538,0.07268722466960352,0.006167400881057269,0.13083700440528634
0.04017467248908297,0.08427947598253276,0.07248908296943231,0.13056768558951964,0.016157205240174673,0.20655021834061135,0.013973799126637555,0.03318777292576419,0.014410480349344978,0.10349344978165939,0.028820960698689956,0.0222707423580786,0.014410480349344978,0.07991266375545851,0.0069868995633187774,0.13231441048034934
0.04010462074978204,0.08369659982563209,0.06974716652136007,0.12859633827375763,0.017872711421098517,0.2070619006102877,0.012641673931996512,0.03400174367916303,0.014385353095030515,0.10854402789886661,0.02833478639930253,0.021360069747166522,0.017872711421098517,0.07628596338273758,0.008718395815170008,0.13077593722755013
0.04181338028169014,0.0801056338028169,0.0682218309859155,0.12764084507042253,0.016725352112676055,0.2169894366197183,0.01056338028169014,0.03301056338028169,0.014964788732394365,0.10299295774647887,0.026848591549295774,0.022887323943661973,0.018045774647887324,0.07746478873239436,0.01056338028169014,0.1311619718309859
0.04424003504161191,0.07446342531756461,0.06701708278580815,0.1305300043802015,0.02014892685063513,0.2102496714848883,0.012264564169951819,0.03416557161629435,0.016644765659220323,0.10162067455102934,0.02803328953131844,0.025405168637757335,0.019272886552781428,0.07840560665790626,0.009198423127463863,0.12833990363556724
0.04686815593517302,0.07752956636005257,0.06307490144546649,0.1305300043802015,0.016644765659220323,0.211125711782742,0.012264564169951819,0.03591765221200175,0.017958826106000875,0.1029347349978099,0.024967148488830485,0.023653088042049936,0.02058694699956198,0.07577748576434516,0.011388523872098117,0.1287779237844941
0.0479964773227653,0.0726552179656539,0.06605019815059446,0.12989872302950242,0.01893439013650374,0.21576398062527521,0.007926023778071334,0.034346103038309116,0.015411712901805373,0.10215763980625275,0.02289740202553941,0.02553940995156319,0.022457067371202115,0.08014090708938794,0.011448701012769706,0.12637604579480405
0.04849279161205767,0.07426823940585409,0.057667103538663174,0.12800349497597205,0.018785495849716033,0.2166885102664919,0.0069899519440803845,0.037570991699432066,0.01616426387068589,0.10135430318916558,0.020969855832241154,0.02708606378331149,0.024464831804281346,0.0782000873743993,0.011795543905635648,0.13149847094801223
0.04895104895104895,0.07517482517482517,0.057692307692307696,0.12893356643356643,0.018793706293706292,0.21503496503496503,0.005681818181818182,0.038461538461538464,0.015297202797202798,0.10445804195804195,0.021853146853146852,0.026223776223776224,0.024912587412587412,0.07867132867132867,0.0118006993006993,0.12805944055944055
0.05279232111692845,0.07242582897033159,0.053228621291448515,0.12652705061082026,0.017452006980802792,0.22076788830715532,0.005235602094240838,0.036212914485165795,0.013089005235602094,0.10471204188481675,0.02050610820244328,0.029232111692844676,0.02574171029668412,0.08420593368237347,0.010471204188481676,0.1273996509598604
0.05353225098727512,0.07108380868802106,0.04870557261956999,0.1303203159280386,0.016235190873189996,0.21676173760421238,0.00307152259763054,0.03773584905660377,0.014041246160596753,0.10838086880210619,0.019306713470820535,0.028082492321193506,0.028960070206230804,0.08644142167617376,0.010092145677928916,0.12724879333040806
0.05555555555555555,0.06944444444444445,0.04513888888888889,0.1284722222222222,0.015190972222222222,0.2204861111111111,0.0026041666666666665,0.03819444444444445,0.013020833333333334,0.1037326388888889,0.018229166666666668,0.031684027777777776,0.031684027777777776,0.08550347222222222,0.010416666666666666,0.1306423611111111
0.05575065847234416,0.06760316066725197,0.04214223002633889,0.13081650570676032,0.015803336259877086,0.21597892888498682,0.0030728709394205445,0.03775241439859526,0.014925373134328358,0.1057945566286216,0.01755926251097454,0.03160667251975417,0.033801580333625986,0.08911325724319578,0.010535557506584723,0.12774363476733977
0.054848617814831066,0.06713470820535322,0.03729706011408512,0.1303203159280386,0.018429135585783237,0.2180781044317683,0.0035103115401491883,0.03729706011408512,0.015796401930671347,0.10838086880210619,0.016673979815708645,0.030715225976305396,0.03554190434401053,0.0903905221588416,0.010092145677928916,0.1254936375603335
0.057876414273281114,0.05961705831157528,0.036118363794604,0.13272410791993036,0.016971279373368148,0.21496953872932986,0.004786771105308964,0.04003481288076589,0.015230635335073977,0.10530896431679722,0.018711923411662314,0.03220191470844212,0.03698868581375109,0.09355961705831158,0.009138381201044387,0.1257615317667537
0.059003496503496504,0.054632867132867136,0.03583916083916084,0.13111888111888112,0.01486013986013986,0.21372377622377622,0.006555944055944056,0.0388986013986014,0.013111888111888112,0.11013986013986014,0.018793706293706292,0.03365384615384615,0.03802447552447553,0.09746503496503496,0.008304195804195804,0.1258741258741259
0.06074967686342094,0.05945713054717794,0.034467901766479965,0.12968548039638086,0.013356311934510987,0.2158552348125808,0.006031882809133994,0.04093063334769496,0.012925463162429988,0.1055579491598449,0.01680310211115898,0.03662214562688496,0.040499784575613956,0.0947867298578199,0.010771219302024989,0.12149935372684188
0.060790273556231005,0.05644811115935736,0.0316977854971776,0.12983065566652194,0.015197568389057751,0.2153712548849327,0.0039079461571862786,0.04168475900998697,0.013894919669995658,0.10247503256621798,0.01997394702561876,0.03603994789405124,0.04298740772904907,0.09422492401215805,0.00998697351280938,0.12548849326964828
0.0639686684073107,0.054395126196692775,0.030461270670147953,0.13228894691035684,0.015665796344647518,0.22019147084421237,0.004786771105308964,0.03959965187119234,0.013489991296779809,0.1061792863359443,0.015665796344647518,0.03655352480417755,0.04308093994778068,0.0918189730200174,0.009138381201044387,0.1227154046997389
0.0640415404586759,0.05106014712245781,0.028991778450887063,0.13067935958459542,0.014712245781047165,0.21808740804846388,0.004327131112072695,0.0398096062310688,0.014279532669839896,0.1025530073561229,0.017741237559498052,0.038078753786239726,0.04500216356555604,0.09476417135439204,0.009086975335352661,0.12678494158373
0.06174438687392055,0.049654576856649396,0.02849740932642487,0.12953367875647667,0.015544041450777202,0.22538860103626943,0.005613126079447323,0.042746113989637305,0.014248704663212436,0.10319516407599309,0.013816925734024179,0.041018998272884286,0.047495682210708115,0.09153713298791019,0.007772020725388601,0.12219343696027633
0.06269180184129768,0.04603244191144235,0.0263042525208242,0.13064445418676018,0.016220955721174924,0.2235861464270057,0.00657606313020605,0.04515563349408154,0.013590530469092503,0.10214818062253397,0.01446733888645331,0.04296361245067953,0.04603244191144235,0.0925032880315651,0.0070144673388864535,0.12406839105655414
0.060922541340295906,0.044386422976501305,0.023063533507397736,0.13185378590078328,0.018276762402088774,0.21845082680591818,0.008268059181897302,0.04656222802436902,0.012619669277632724,0.10182767624020887,0.013489991296779809,0.044386422976501305,0.04873803307223673,0.09442993907745866,0.006527415143603133,0.12619669277632725
0.06258092360811394,0.03970651704790678,0.02330599913681485,0.13034095813552007,0.01640051791109193,0.22054380664652568,0.008631851532153647,0.0487699611566681,0.013379369874838154,0.10574018126888217,0.011221406991799741,0.0466119982736297,0.050927924039706515,0.09365558912386707,0.0069054812257229176,0.12127751402675874
0.062065972222222224,0.0390625,0.024739583333333332,0.1323784722222222,0.015625,0.21788194444444445,0.0078125,0.048177083333333336,0.012152777777777778,0.10546875,0.01171875,0.04600694444444445,0.053385416666666664,0.09461805555555555,0.005642361111111111,0.1232638888888889
0.06171773845489858,0.041432887354337505,0.020716443677168753,0.12904618040569701,0.015968925334484248,0.21838584376348727,0.008200258955545965,0.0466119982736297,0.012084592145015106,0.10617177384548986,0.012084592145015106,0.047475183426845056,0.054380664652567974,0.09797151488994389,0.006042296072507553,0.12170910660336642
0.061765985210961286,0.039582427142235754,0.020008699434536755,0.12962157459765114,0.01783384080034798,0.22096563723357981,0.006959547629404089,0.04567203131796433,0.0117442366246194,0.10221835580687255,0.01087429317094389,0.04654197477163984,0.058721183123097,0.09656372335798173,0.006524575902566333,0.12440191387559808
0.0625,0.038628472222222224,0.01953125,0.1284722222222222,0.017361111111111112,0.21788194444444445,0.006944444444444444,0.04774305555555555,0.009982638888888888,0.10199652777777778,0.009982638888888888,0.049479166666666664,0.05946180555555555,0.09765625,0.005642361111111111,0.1267361111111111
0.06501950585175553,0.035543996532293023,0.01950585175552666,0.13090593844820111,0.013437364542696142,0.22063285652362374,0.006501950585175552,0.04768097095795405,0.009102730819245773,0.1022973558734287,0.00953619419159081,0.04768097095795405,0.06155179887299523,0.09796272214997832,0.006501950585175552,0.12613784135240572
0.06594827586206897,0.03405172413793103,0.017241379310344827,0.1314655172413793,0.01206896551724138,0.22112068965517243,0.00646551724137931,0.04827586206896552,0.009051724137931035,0.10431034482758621,0.009051724137931035,0.04870689655172414,0.06206896551724138,0.1,0.005603448275862069,0.12456896551724138
0.06723768736616702,0.03169164882226981,0.01841541755888651,0.1323340471092077,0.010706638115631691,0.21884368308351176,0.006423982869379015,0.04925053533190578,0.009421841541755889,0.10021413276231263,0.006423982869379015,0.04753747323340471,0.06423982869379015,0.10235546038543897,0.006423982869379015,0.1284796573875803
0.06707053223712678,0.03288619645175249,0.01730852444829078,0.13067935958459542,0.01038511466897447,0.21592384249242752,0.006490696668109044,0.05192557334487235,0.01038511466897447,0.09909130246646473,0.007788836001730853,0.04759844223279965,0.0683686715707486,0.10341843357853743,0.005192557334487235,0.12548680225010816
0.06565874730021598,0.03326133909287257,0.01814254859611231,0.1304535637149028,0.010367170626349892,0.22073434125269978,0.007775377969762419,0.05010799136069115,0.012526997840172787,0.09762419006479482,0.007775377969762419,0.04362850971922246,0.07127429805615551,0.10107991360691145,0.004319654427645789,0.12526997840172785
0.06436077057793345,0.03064798598949212,0.016199649737302976,0.13266199649737304,0.010070052539404553,0.21847635726795098,0.006129597197898424,0.050350262697022766,0.012697022767075307,0.10157618213660245,0.006567425569176883,0.043782837127845885,0.07311733800350263,0.1020140105078809,0.0035026269702276708,0.12784588441331
0.06429192006950478,0.029105125977410946,0.015638575152041704,0.13423110338835795,0.00999131190269331,0.21980886185925283,0.005647263249348393,0.05082536924413553,0.01216333622936577,0.10121633362293658,0.007384882710686359,0.045178105994787145,0.07775847089487402,0.09904430929626412,0.003909643788010426,0.12380538662033015
0.06880138468195586,0.026395499783643445,0.016875811337083515,0.1367373431414972,0.009519688446559932,0.2176546949372566,0.004327131112072695,0.05235828645607962,0.010817827780181739,0.10082215491129382,0.0073561228905235825,0.044569450454348764,0.07875378623972307,0.099524015577672,0.0021635655560363477,0.12332323669407183
0.07066381156316917,0.024411134903640257,0.013704496788008565,0.13319057815845825,0.009850107066381156,0.2171306209850107,0.003854389721627409,0.05481798715203426,0.010706638115631691,0.10235546038543897,0.007280513918629551,0.042826552462526764,0.0835117773019272,0.09764453961456103,0.0021413276231263384,0.1259100642398287
0.06996957844415472,0.022598870056497175,0.012603215993046502,0.13689700130378096,0.009561060408518035,0.21903520208604954,0.003911342894393742,0.05388961321164711,0.011299435028248588,0.1016949152542373,0.005649717514124294,0.042155584528465885,0.08735332464146023,0.09691438504997828,0.001303780964797914,0.12516297262059975
0.07074652777777778,0.026041666666666668,0.010850694444444444,0.1345486111111111,0.011284722222222222,0.2152777777777778,0.0030381944444444445,0.05295138888888889,0.012152777777777778,0.0998263888888889,0.006076388888888889,0.04296875,0.08897569444444445,0.09678819444444445,0.0013020833333333333,0.1271701388888889
0.07224168126094571,0.023204903677758317,0.012259194395796848,0.13266199649737304,0.012697022767075307,0.2119089316987741,0.003064798598949212,0.05122591943957969,0.011821366024518389,0.1020140105078809,0.004816112084063047,0.04203152364273205,0.09194395796847636,0.10026269702276708,0.003064798598949212,0.12478108581436077
0.0729706390328152,0.023747841105354058,0.011658031088082901,0.133419689119171,0.011658031088082901,0.20898100172711573,0.0030224525043177895,0.047495682210708115,0.01468048359240069,0.10276338514680483,0.005613126079447323,0.04015544041450777,0.09758203799654577,0.09585492227979274,0.0038860103626943004,0.12651122625215888
0.07043478260869565,0.020869565217391306,0.012608695652173913,0.13304347826086957,0.012608695652173913,0.20956521739130435,0.0034782608695652175,0.050434782608695654,0.013478260869565217,0.10173913043478261,0.0052173913043478265,0.041304347826086954,0.10086956521739131,0.09434782608695652,0.00391304347826087,0.12608695652173912
0.07145969498910676,0.017429193899782137,0.009150326797385621,0.1328976034858388,0.01437908496732026,0.21350762527233116,0.003485838779956427,0.05010893246187364,0.01437908496732026,0.09891067538126362,0.006100217864923747,0.040522875816993466,0.10326797385620914,0.09237472766884532,0.00392156862745098,0.12810457516339868
0.07309688581314878,0.015570934256055362,0.009083044982698962,0.1319204152249135,0.012110726643598616,0.21237024221453288,0.0038927335640138406,0.0523356401384083,0.013408304498269897,0.09688581314878893,0.006487889273356401,0.04152249134948097,0.10553633217993079,0.09169550173010381,0.004325259515570935,0.12975778546712802
0.07312851579402856,0.013414106447425357,0.009086975335352661,0.13500649069666812,0.013414106447425357,0.20726958026828213,0.004327131112072695,0.05106014712245781,0.013414106447425357,0.09692773691042839,0.005625270445694505,0.04154045867589788,0.11207269580268282,0.0938987451319775,0.004327131112072695,0.12548680225010816
0.0743623000432339,0.014267185473411154,0.007782101167315175,0.1340250756593169,0.012537829658452227,0.2057933419801124,0.0034587116299178555,0.04712494595763078,0.012105490704712495,0.09554690877648075,0.005620406398616515,0.042801556420233464,0.11802853437094682,0.09295287505404237,0.0038910505836575876,0.1297016861219196
0.07692307692307693,0.015040825096691019,0.007735281478298238,0.12935109583154275,0.013751611516974646,0.20627417275461968,0.004727116458960034,0.050709067468844,0.0111731843575419,0.09454232917920069,0.00558659217877095,0.041254834550923936,0.11645896003437903,0.09368285345938977,0.004727116458960034,0.12806188225182638
0.07955036748811067,0.014267185473411154,0.007349762213575443,0.1327280587980977,0.01297016861219196,0.20492866407263294,0.0038910505836575876,0.04928664072632944,0.01124081279723303,0.09381755296152183,0.004755728491137051,0.043666234327712924,0.12105490704712495,0.09252053610030264,0.005188067444876783,0.12278426286208387
0.08084738434932988,0.012537829658452227,0.0060527453523562475,0.13186338089061825,0.011673151750972763,0.20622568093385213,0.005620406398616515,0.05231301340250757,0.011673151750972763,0.09381755296152183,0.004755728491137051,0.04236921746649373,0.12408127972330307,0.0907911802853437,0.00432338953739732,0.12105490704712495
0.07752273711563447,0.0129926375054136,0.004763967085318319,0.12992637505413598,0.0129926375054136,0.20138588133391078,0.0043308791684712,0.05326981377219576,0.01126028583802512,0.09831095712429623,0.00519705500216544,0.043308791684711995,0.12646167171935904,0.09181463837158943,0.0038977912516240795,0.12256388046773495
0.07635893011216566,0.015099223468507334,0.003451251078515962,0.13071613459879206,0.012942191544434857,0.2001725625539258,0.004314063848144953,0.05220017256255392,0.012079378774805867,0.09577221742881795,0.0056082830025884385,0.04314063848144953,0.1285591026747196,0.09404659188955997,0.003882657463330457,0.12165660051768766
0.07751937984496124,0.012489233419465978,0.0034453057708871662,0.12876830318690785,0.012058570198105082,0.20241171403962102,0.005598621877691645,0.05426356589147287,0.010766580534022395,0.09776055124892334,0.004737295434969853,0.04521963824289406,0.13092161929371232,0.09000861326442722,0.003875968992248062,0.12015503875968993
0.0782122905027933,0.011602922217447357,0.0030081650193382035,0.1289213579716373,0.013321873657069187,0.20154705629565964,0.005156854318865492,0.055865921787709494,0.010743446497636441,0.09669101847872798,0.005156854318865492,0.04254404813064031,0.13364847443059732,0.09282337773957886,0.00558659217877095,0.11516974645466266
0.07855902777777778,0.011284722222222222,0.00390625,0.13368055555555555,0.014322916666666666,0.1970486111111111,0.006076388888888889,0.0546875,0.011284722222222222,0.09765625,0.004774305555555556,0.04210069444444445,0.1345486111111111,0.09114583333333333,0.004774305555555556,0.11414930555555555
0.078125,0.011284722222222222,0.004340277777777778,0.13541666666666666,0.013888888888888888,0.2026909722222222,0.005208333333333333,0.051215277777777776,0.01171875,0.09505208333333333,0.004340277777777778,0.04470486111111111,0.1371527777777778,0.0876736111111111,0.00390625,0.11328125
0.0770223752151463,0.012478485370051634,0.004733218588640275,0.13253012048192772,0.012048192771084338,0.20051635111876076,0.0051635111876075735,0.050774526678141134,0.00946643717728055,0.10068846815834767,0.004302925989672977,0.043029259896729774,0.14070567986230637,0.08993115318416524,0.004302925989672977,0.11230636833046471
0.07935819601040764,0.011274934952298352,0.005203816131830009,0.13139635732870772,0.013009540329575022,0.20511708586296618,0.005637467476149176,0.05073720728534258,0.00823937554206418,0.10147441457068516,0.0039028620988725065,0.0411968777103209,0.14267129228100608,0.08673026886383348,0.004770164787510842,0.10928013876843018
0.0800171159606333,0.01069747539580659,0.005134788189987163,0.1258023106546855,0.013692768506632435,0.20282413350449294,0.00599058622165169,0.050919982884039365,0.010269576379974325,0.10055626872058195,0.004706889174154899,0.04193410355156183,0.14719726144629866,0.08643560119811725,0.005134788189987163,0.10868635002139496
0.08459214501510574,0.011221406991799741,0.005179110919292188,0.12602503236944324,0.012516184721622789,0.1981009926629262,0.0069054812257229176,0.053517479499352615,0.008200258955545965,0.09797151488994389,0.0043159257660768235,0.04315925766076824,0.1493310315062581,0.0832973672852827,0.006042296072507553,0.10962451445835132
0.08185361628410567,0.009094846253789519,0.00519705500216544,0.1281940233867475,0.012126461671719359,0.1996535296665223,0.0073624945864010395,0.05413598960588999,0.0064963187527068,0.09614551754006063,0.0043308791684712,0.04287570376786488,0.15461238631442184,0.08358596795149416,0.0064963187527068,0.10783889129493288
0.0825451418744626,0.00816852966466036,0.005159071367153913,0.12725709372312985,0.013757523645743766,0.19561478933791918,0.007308684436801376,0.052450558899398106,0.005588993981083405,0.0941530524505589,0.004299226139294927,0.04557179707652623,0.15735167669819433,0.08641444539982802,0.006878761822871883,0.10748065348237318
0.08451918930573524,0.008193186718413108,0.00560586459680897,0.12634756360500216,0.014230271668822769,0.1927554980595084,0.00603708495040966,0.05390254420008624,0.00517464424320828,0.08883139284174213,0.0038809831824062097,0.047003018542475204,0.16127641224665804,0.08667529107373868,0.007761966364812419,0.10780508840017249
0.08408796895213454,0.008624407072013798,0.00517464424320828,0.12246658042259595,0.013367830961621389,0.19146183699870634,0.00517464424320828,0.05260888313928418,0.0068995256576110395,0.09098749460974558,0.004312203536006899,0.047003018542475204,0.16472617507546355,0.08710651142733937,0.007761966364812419,0.10823630875377317
0.08265524625267666,0.008565310492505354,0.005139186295503212,0.11734475374732334,0.01284796573875803,0.19357601713062098,0.005139186295503212,0.05310492505353319,0.006852248394004282,0.09207708779443255,0.003854389721627409,0.04753747323340471,0.16488222698072805,0.09207708779443255,0.00556745182012848,0.10877944325481799
0.079317697228145,0.00767590618336887,0.005543710021321962,0.11727078891257996,0.012366737739872069,0.19445628997867803,0.005543710021321962,0.05543710021321962,0.00810234541577825,0.09339019189765459,0.0021321961620469083,0.04904051172707889,0.16801705756929639,0.08571428571428572,0.006396588486140725,0.10959488272921108
0.08165019338203695,0.007735281478298238,0.005156854318865492,0.11688869789428448,0.012462397937258273,0.19037387193811775,0.006446067898581865,0.05371723248818221,0.00730554361839278,0.08981521272024065,0.0034379028792436614,0.05199828104856038,0.172754619681994,0.08766652342071336,0.005156854318865492,0.10743446497636441
0.08522483940042827,0.00556745182012848,0.004282655246252677,0.11477516059957174,0.011563169164882228,0.19143468950749465,0.008993576017130621,0.052676659528907925,0.007280513918629551,0.09122055674518201,0.004282655246252677,0.052676659528907925,0.1721627408993576,0.0860813704496788,0.003854389721627409,0.10792291220556745
0.08665808665808666,0.00429000429000429,0.004719004719004719,0.11025311025311026,0.012012012012012012,0.1909051909051909,0.007722007722007722,0.057057057057057055,0.007293007293007293,0.09180609180609181,0.004719004719004719,0.053625053625053626,0.17546117546117546,0.08151008151008152,0.003861003861003861,0.10810810810810811
0.08626609442060086,0.004721030042918455,0.004721030042918455,0.11244635193133047,0.012446351931330472,0.18969957081545064,0.007725321888412017,0.055793991416309016,0.007725321888412017,0.0905579399141631,0.004721030042918455,0.05278969957081545,0.17982832618025751,0.08068669527896996,0.0034334763948497852,0.10643776824034334
0.08559139784946236,0.005161290322580645,0.005161290322580645,0.11526881720430107,0.011182795698924731,0.19311827956989247,0.0064516129032258064,0.05548387096774193,0.008602150537634409,0.08903225806451613,0.004301075268817204,0.05290322580645161,0.18064516129032257,0.0821505376344086,0.0034408602150537634,0.10150537634408602
0.08718170047475184,0.004747518342684506,0.0043159257660768235,0.11437203280103582,0.011221406991799741,0.1976694000863185,0.006473888649115235,0.053949072075960294,0.007768666378938282,0.08631851532153648,0.004747518342684506,0.04963314630988347,0.18256365990504964,0.08502373759171342,0.0043159257660768235,0.09969788519637462
0.08847647820457488,0.005179110919292188,0.0056107034958998705,0.11609840310746655,0.012084592145015106,0.18990073370738023,0.0073370738023306,0.05222270176952956,0.008631851532153647,0.0854553301683211,0.004747518342684506,0.050927924039706515,0.1860164005179111,0.08588692274492879,0.003884333189469141,0.0975399223133362
0.08989247311827957,0.005591397849462366,0.004731182795698925,0.11612903225806452,0.00989247311827957,0.18666666666666668,0.006881720430107527,0.05204301075268817,0.007741935483870968,0.08430107526881721,0.004301075268817204,0.053763440860215055,0.19268817204301075,0.08129032258064516,0.0034408602150537634,0.10064516129032258
0.09156729131175469,0.005536626916524702,0.004258943781942078,0.11030664395229983,0.010647359454855196,0.18696763202725725,0.007666098807495741,0.05323679727427598,0.007240204429301534,0.08091993185689948,0.004684838160136286,0.05366269165247019,0.19420783645655879,0.08347529812606473,0.002981260647359455,0.10264054514480409
0.09339019189765459,0.004690831556503198,0.003837953091684435,0.10746268656716418,0.009381663113006396,0.19019189765458422,0.009381663113006396,0.05159914712153518,0.006823027718550106,0.07974413646055437,0.0042643923240938165,0.05458422174840085,0.1995735607675906,0.08230277185501066,0.0029850746268656717,0.0997867803837953
0.09507346585998272,0.005185825410544511,0.003457216940363008,0.10933448573898012,0.00950734658599827,0.19014693171996544,0.00864304235090752,0.05229040622299049,0.006914433880726016,0.0808124459809853,0.004753673292999135,0.05185825410544512,0.20095073465859983,0.0808124459809853,0.00432152117545376,0.09593777009507347
0.09636992221261884,0.003457216940363008,0.00216076058772688,0.1063094209161625,0.00950734658599827,0.18582541054451165,0.00648228176318064,0.05185825410544512,0.00864304235090752,0.08426966292134831,0.005185825410544511,0.05229040622299049,0.20440795159896283,0.07951598962834917,0.003457216940363008,0.10025929127052723
0.09674657534246575,0.005136986301369863,0.0017123287671232876,0.10573630136986302,0.010702054794520547,0.1853595890410959,0.00684931506849315,0.05179794520547945,0.008561643835616438,0.08304794520547945,0.005136986301369863,0.0547945205479452,0.2054794520547945,0.07962328767123288,0.003424657534246575,0.0958904109589041
0.0958904109589041,0.004708904109589041,0.0008561643835616438,0.10402397260273973,0.009845890410958904,0.1870719178082192,0.00898972602739726,0.04965753424657534,0.011558219178082191,0.08433219178082192,0.004708904109589041,0.054366438356164386,0.2071917808219178,0.0783390410958904,0.0029965753424657533,0.0954623287671233
0.1008186126669539,0.005170185264971995,0.0008616975441619991,0.10512710038776389,0.01120206807410599,0.18224903059026282,0.008186126669538992,0.04825506247307195,0.010771219302024989,0.08487720809995691,0.004739336492890996,0.052563550193881946,0.2093925032313658,0.07755277897457992,0.002154243860404998,0.09607927617406291
0.09970047068891741,0.0038510911424903724,0.0012836970474967907,0.10269576379974327,0.01198117244330338,0.18528027385537013,0.005562687205819427,0.047068891741549,0.012836970474967908,0.08087291399229782,0.004706889174154899,0.055198973042362,0.21352160890029953,0.0787334189131365,0.002139495079161318,0.09456568249893026
0.10298572046733016,0.004759844223279966,0.0017308524448290783,0.1025530073561229,0.011683254002596278,0.18130679359584595,0.006057983556901774,0.048031155344006926,0.012981393336218087,0.08005192557334487,0.004327131112072695,0.05279099956728689,0.21938554738208568,0.07659022068368672,0.003028991778450887,0.09173517957594116
0.09863364645602049,0.004696840307429547,0.002134927412467976,0.10204953031596925,0.01152860802732707,0.18061485909479078,0.005123825789923143,0.04739538855678907,0.014090520922288642,0.07899231426131512,0.004269854824935952,0.053800170794193,0.2241673783091375,0.07728437233134074,0.0034158838599487617,0.09180187873612297
0.09640102827763496,0.004712939160239932,0.0004284490145672665,0.10111396743787489,0.011139674378748929,0.17652099400171378,0.005998286203941731,0.04498714652956298,0.013281919451585262,0.0818337617823479,0.005141388174807198,0.055269922879177376,0.23393316195372751,0.07540702656383891,0.0038560411311053984,0.08997429305912596
0.09645753307725138,0.004694835680751174,0.0008536064874093043,0.10115236875800256,0.011096884336320957,0.17456252667520272,0.00810926163038839,0.04524114383269313,0.012804097311139564,0.08322663252240717,0.005121638924455826,0.05932565087494665,0.235595390524968,0.07212974818608621,0.002987622705932565,0.08664105847204438
0.09871244635193133,0.0038626609442060085,0.0012875536480686696,0.1017167381974249,0.011158798283261802,0.16952789699570817,0.007725321888412017,0.045064377682403435,0.011158798283261802,0.08025751072961373,0.0038626609442060085,0.06051502145922747,0.24206008583690988,0.07167381974248926,0.0030042918454935624,0.08841201716738198
0.10107066381156317,0.003426124197002141,0.001284796573875803,0.10192719486081371,0.010706638115631691,0.16916488222698073,0.007708779443254818,0.048394004282655244,0.010278372591006424,0.08094218415417559,0.0029978586723768737,0.061670235546038545,0.24325481798715204,0.06638115631691649,0.0029978586723768737,0.08779443254817987
0.10271646859083192,0.0029711375212224107,0.001697792869269949,0.10144312393887946,0.010186757215619695,0.16426146010186757,0.0055178268251273345,0.04796264855687606,0.009762308998302207,0.08234295415959253,0.003395585738539898,0.06196943972835314,0.25127334465195245,0.06281833616298811,0.0038200339558573855,0.08786078098471986
0.10594315245478036,0.00516795865633075,0.002153316106804479,0.09732988802756244,0.0103359173126615,0.165374677002584,0.006459948320413436,0.04780361757105943,0.009905254091300603,0.07967269595176572,0.004306632213608958,0.059431524547803614,0.2553832902670112,0.06373815676141258,0.003875968992248062,0.08311800172265288
0.10627400768245839,0.0038412291933418692,0.002560819462227913,0.0973111395646607,0.010243277848911651,0.16261203585147246,0.00810926163038839,0.050789586000853607,0.009816474605207,0.078531796841656,0.002987622705932565,0.06145966709346991,0.25309432351685873,0.06274007682458387,0.004694835680751174,0.08493384549722578
0.10353642948444823,0.0038346825734980826,0.0034086067319982955,0.10097997443544951,0.0097997443544951,0.16063059224541967,0.007669365146996165,0.0489987217724755,0.008947592671495527,0.08138048572645931,0.0034086067319982955,0.06007669365146996,0.2582019599488709,0.06178099701746911,0.0051129100979974435,0.08223263740945888
0.10663811563169165,0.0059957173447537475,0.003426124197002141,0.1006423982869379,0.009421841541755889,0.15160599571734476,0.006423982869379015,0.050535331905781584,0.008993576017130621,0.07837259100642398,0.0029978586723768737,0.059528907922912204,0.2663811563169165,0.059528907922912204,0.0059957173447537475,0.0835117773019272
0.10901287553648069,0.006437768240343348,0.0038626609442060085,0.1,0.00944206008583691,0.15278969957081545,0.005579399141630901,0.046781115879828326,0.008583690987124463,0.07553648068669527,0.002145922746781116,0.0592274678111588,0.2716738197424893,0.060085836909871244,0.006008583690987125,0.08283261802575108
0.11063464837049743,0.005145797598627788,0.0047169811320754715,0.09862778730703259,0.008147512864493996,0.153516295025729,0.0047169811320754715,0.04502572898799314,0.008576329331046312,0.07847341337907375,0.001286449399656947,0.05960548885077187,0.274442538593482,0.058319039451114926,0.007289879931389366,0.08147512864493997
0.1111111111111111,0.005148005148005148,0.00429000429000429,0.0978120978120978,0.007722007722007722,0.14757614757614756,0.004719004719004719,0.04676104676104676,0.007722007722007722,0.07979407979407979,0.001287001287001287,0.0622050622050622,0.27885027885027885,0.0561990561990562,0.006006006006006006,0.0827970827970828
0.11191489361702128,0.005106382978723404,0.005531914893617021,0.09829787234042553,0.008085106382978723,0.14808510638297873,0.003829787234042553,0.04765957446808511,0.008085106382978723,0.07574468085106383,0.000851063829787234,0.05872340425531915,0.28212765957446806,0.05446808510638298,0.006808510638297872,0.08468085106382979
0.11130210571551354,0.004727116458960034,0.005156854318865492,0.09669101847872798,0.008594757198109154,0.1439621830683283,0.003867640739149119,0.047700902449505804,0.006446067898581865,0.07391491190373872,0.0008594757198109154,0.06102277610657499,0.2831972496776966,0.05758487322733133,0.006875805758487323,0.08809626128061883
0.1145788798631894,0.006840530141085934,0.003847798204360838,0.09533988884138521,0.00983326207781103,0.14493373236425822,0.004275331338178709,0.04745617785378367,0.006412997007268063,0.06669516887558785,0.0012825994014536127,0.059854638734501926,0.2902949978623343,0.055151774262505344,0.008123129542539546,0.08507909362975631
0.11671654553227875,0.00470286447199658,0.004275331338178709,0.09320222317229586,0.010260795211628902,0.14151346729371525,0.00470286447199658,0.045318512184694314,0.0055579307396323215,0.0675502351432236,0.0025651988029072254,0.05814450619923044,0.29243266353142366,0.05857203933304831,0.00897819581017529,0.08550662676357418
0.1167381974248927,0.005579399141630901,0.0038626609442060085,0.0944206008583691,0.00815450643776824,0.14206008583690988,0.004291845493562232,0.0463519313304721,0.005579399141630901,0.06824034334763948,0.002575107296137339,0.05793991416309013,0.2931330472103004,0.05708154506437768,0.007725321888412017,0.08626609442060086
0.11877394636015326,0.005534269902085994,0.004682843763303533,0.09195402298850575,0.008514261387824606,0.13963388676032354,0.005534269902085994,0.04427415921668795,0.005108556832694764,0.06683695189442315,0.002979991485738612,0.05832269050659855,0.2997020008514261,0.05576841209025117,0.006385696040868455,0.08599404001702853
