C_R,C_A,C_S,C_N,D_R,D_A,D_S,D_N,Oc_R,Oc_A,Oc_S,Oc_N,Od_R,Od_A,Od_S,Od_N
0.0,0.0,0.0,0.0,0.0,0.0,0.0,0.0,0.0,0.0,0.0,0.0,0.0,0.0,0.0,1.0
0.0,0.0,0.0,0.0,0.0,0.0,0.0,0.0,0.0,0.0,0.0,0.3333333333333333,0.0,0.0,0.0,0.6666666666666666
0.0,0.0,0.0,0.0,0.0,0.0,0.2857142857142857,0.0,0.0,0.0,0.0,0.14285714285714285,0.0,0.0,0.0,0.5714285714285714
0.0,0.0,0.0,0.0,0.0,0.0,0.18181818181818182,0.0,0.0,0.18181818181818182,0.0,0.18181818181818182,0.0,0.0,0.0,0.45454545454545453
0.0,0.0,0.0,0.10526315789473684,0.0,0.0,0.21052631578947367,0.0,0.0,0.05263157894736842,0.0,0.15789473684210525,0.0,0.0,0.0,0.47368421052631576
0.0,0.0,0.0,0.125,0.0,0.0,0.15625,0.0,0.0,0.0625,0.0,0.1875,0.0625,0.0,0.0,0.40625
0.0,0.0,0.0,0.1590909090909091,0.0,0.0,0.1590909090909091,0.0,0.0,0.06818181818181818,0.0,0.18181818181818182,0.06818181818181818,0.0,0.0,0.36363636363636365
0.0,0.0,0.0,0.2,0.0,0.0,0.15384615384615385,0.0,0.0,0.07692307692307693,0.0,0.16923076923076924,0.07692307692307693,0.015384615384615385,0.0,0.3076923076923077
0.0,0.0,0.0,0.21978021978021978,0.0,0.0,0.15384615384615385,0.0,0.0,0.08791208791208792,0.0,0.15384615384615385,0.0989010989010989,0.02197802197802198,0.0,0.26373626373626374
0.0,0.0,0.008333333333333333,0.21666666666666667,0.0,0.0,0.14166666666666666,0.0,0.0,0.09166666666666666,0.0,0.13333333333333333,0.09166666666666666,0.025,0.0,0.2916666666666667
0.0,0.0,0.0,0.2088607594936709,0.0,0.0,0.12658227848101267,0.0,0.0,0.0949367088607595,0.0,0.13924050632911392,0.12658227848101267,0.02531645569620253,0.0,0.27848101265822783
0.0,0.004761904761904762,0.0,0.18571428571428572,0.0,0.0,0.13333333333333333,0.0,0.004761904761904762,0.1,0.0,0.14285714285714285,0.14285714285714285,0.03333333333333333,0.004761904761904762,0.24761904761904763
0.0,0.007575757575757576,0.0,0.16666666666666666,0.0,0.007575757575757576,0.125,0.0,0.007575757575757576,0.0946969696969697,0.0,0.1553030303030303,0.17045454545454544,0.03787878787878788,0.0,0.22727272727272727
0.0,0.008982035928143712,0.0,0.15568862275449102,0.0,0.011976047904191617,0.12574850299401197,0.0,0.014970059880239521,0.09880239520958084,0.0,0.1497005988023952,0.18263473053892215,0.041916167664670656,0.0,0.20958083832335328
0.0,0.007281553398058253,0.0,0.1650485436893204,0.0,0.012135922330097087,0.13592233009708737,0.0024271844660194173,0.014563106796116505,0.08980582524271845,0.0,0.14805825242718446,0.1820388349514563,0.050970873786407765,0.0,0.19174757281553398
0.00199203187250996,0.00597609561752988,0.0,0.1593625498007968,0.0,0.01593625498007968,0.1394422310756972,0.00199203187250996,0.01593625498007968,0.0796812749003984,0.0,0.1394422310756972,0.20119521912350596,0.05976095617529881,0.00398406374501992,0.1752988047808765
0.003389830508474576,0.005084745762711864,0.0,0.15254237288135594,0.0,0.01864406779661017,0.13728813559322034,0.001694915254237288,0.013559322033898305,0.06949152542372881,0.0,0.1423728813559322,0.21694915254237288,0.06271186440677966,0.006779661016949152,0.1694915254237288
0.004149377593360996,0.009681881051175657,0.0013831258644536654,0.14107883817427386,0.0027662517289073307,0.022130013831258646,0.14384508990318118,0.004149377593360996,0.009681881051175657,0.07330567081604426,0.0,0.1507607192254495,0.2074688796680498,0.06500691562932227,0.0027662517289073307,0.16182572614107885
0.006067961165048544,0.012135922330097087,0.0012135922330097086,0.1383495145631068,0.0036407766990291263,0.02669902912621359,0.13713592233009708,0.0036407766990291263,0.007281553398058253,0.0703883495145631,0.0,0.1407766990291262,0.21723300970873785,0.06553398058252427,0.0024271844660194173,0.16747572815533981
0.0054525627044711015,0.011995637949836423,0.0,0.1341330425299891,0.003271537622682661,0.03162486368593239,0.13195201744820065,0.003271537622682661,0.007633587786259542,0.07088331515812432,0.0,0.1395856052344602,0.22900763358778625,0.064340239912759,0.0021810250817884407,0.16466739367502725
0.00975609756097561,0.011707317073170732,0.000975609756097561,0.13073170731707318,0.004878048780487805,0.03804878048780488,0.1326829268292683,0.002926829268292683,0.007804878048780488,0.07121951219512195,0.001951219512195122,0.13463414634146342,0.23219512195121952,0.06341463414634146,0.001951219512195122,0.1551219512195122
0.013663535439795047,0.014517506404782237,0.0008539709649871904,0.1263877028181042,0.004269854824935952,0.04269854824935952,0.13151152860802734,0.0025619128949615714,0.006831767719897523,0.059777967549103334,0.0025619128949615714,0.13663535439795046,0.23057216054654142,0.05892399658411614,0.004269854824935952,0.16396242527754057
0.018532818532818532,0.014671814671814672,0.0007722007722007722,0.12432432432432433,0.003088803088803089,0.04247104247104247,0.1335907335907336,0.0023166023166023165,0.005405405405405406,0.05714285714285714,0.003088803088803089,0.14285714285714285,0.22702702702702704,0.06254826254826255,0.005405405405405406,0.15675675675675677
0.02,0.015172413793103448,0.000689655172413793,0.12206896551724138,0.004137931034482759,0.044137931034482755,0.1386206896551724,0.004137931034482759,0.004827586206896552,0.05931034482758621,0.002758620689655172,0.1386206896551724,0.22689655172413792,0.05931034482758621,0.004137931034482759,0.15517241379310345
0.026098026734563972,0.015913430935709738,0.001273074474856779,0.11839592616168046,0.005728835136855506,0.046467218332272436,0.1336728198599618,0.0038192234245703373,0.0038192234245703373,0.0547422024188415,0.0038192234245703373,0.14258434118395927,0.218968809675366,0.05856142584341184,0.004455760661998727,0.16168045830681094
0.02965599051008304,0.017793594306049824,0.0011862396204033216,0.11387900355871886,0.005338078291814947,0.04804270462633452,0.14116251482799524,0.004151838671411625,0.005338078291814947,0.051008303677342826,0.0029655990510083037,0.13701067615658363,0.2188612099644128,0.05634638196915777,0.006524317912218268,0.16073546856465007
0.03685368536853685,0.019801980198019802,0.0011001100110011,0.10726072607260725,0.00605060506050605,0.0517051705170517,0.13861386138613863,0.0033003300330033004,0.0049504950495049506,0.045104510451045104,0.0038503850385038503,0.13806380638063806,0.21892189218921893,0.058305830583058306,0.00825082508250825,0.15786578657865788
0.04502617801047121,0.020418848167539267,0.0015706806282722514,0.10471204188481675,0.0062827225130890054,0.05130890052356021,0.13717277486910995,0.0036649214659685864,0.004712041884816754,0.041361256544502616,0.004188481675392671,0.13717277486910995,0.21413612565445025,0.05863874345549738,0.009424083769633508,0.16020942408376965
0.04745427582797825,0.021749876421156698,0.0014829461196243204,0.11220958971824024,0.006426099851705388,0.05239742956005932,0.13643104300543746,0.002965892239248641,0.004448838358872961,0.03905091448344043,0.003954522985664854,0.13791398912506178,0.21403855659911022,0.055857637172516066,0.008897676717745922,0.1547207118141374
0.04895437262357415,0.024714828897338403,0.0019011406844106464,0.10503802281368821,0.006178707224334601,0.0556083650190114,0.1373574144486692,0.0042775665399239545,0.005228136882129277,0.03897338403041825,0.0028517110266159697,0.13830798479087453,0.20199619771863117,0.06226235741444867,0.009505703422053232,0.15684410646387834
0.04856614246068455,0.025901942645698426,0.0018501387604070306,0.10222016651248844,0.0064754856614246065,0.05550416281221091,0.13691026827012026,0.005550416281221091,0.0064754856614246065,0.03700277520814061,0.0018501387604070306,0.14431082331174838,0.20212765957446807,0.06521739130434782,0.008788159111933395,0.15124884366327473
0.050271739130434784,0.025362318840579712,0.003170289855072464,0.1082427536231884,0.007246376811594203,0.057065217391304345,0.13541666666666666,0.005434782608695652,0.005434782608695652,0.03759057971014493,0.0022644927536231885,0.13677536231884058,0.19746376811594202,0.06884057971014493,0.009057971014492754,0.1503623188405797
0.049349484073575596,0.02512337371018394,0.0031404217137729925,0.10497981157469717,0.007178106774338268,0.05697622252131,0.13324360699865412,0.00493494840735756,0.005832211754149843,0.03768506056527591,0.0022431583669807087,0.13683266038582323,0.19470614625392552,0.06908927770300584,0.008075370121130552,0.16061013907581875
0.04975566414926699,0.023545091070635273,0.003109729009329187,0.10262105730786317,0.009773434029320302,0.05775211017325633,0.12972012438916036,0.003998223011994669,0.006663705019991115,0.034207019102621056,0.003553976010661928,0.14304753442914261,0.19546868058640604,0.06974677920924034,0.006663705019991115,0.16037316748111952
0.05543138131426017,0.02548055431381314,0.004023245417970496,0.10460438086723291,0.010728654447921324,0.057219490388913725,0.13097898971837282,0.003576218149307108,0.007152436298614216,0.03531515422440769,0.0031291908806437194,0.13768439874832364,0.19132767098793027,0.07197139025480555,0.006258381761287439,0.1551184622261958
0.056838365896980464,0.024422735346358793,0.003552397868561279,0.10968028419182949,0.012877442273534635,0.0586145648312611,0.12788632326820604,0.005772646536412078,0.0066607460035523975,0.03596802841918295,0.003108348134991119,0.13676731793960922,0.1847246891651865,0.0719360568383659,0.006216696269982238,0.1549733570159858
0.053753887161261664,0.024433585073300755,0.00444247001332741,0.11061750333185251,0.01288316303864949,0.06130608618391826,0.12438916037316748,0.005775211017325633,0.006663705019991115,0.03553976010661928,0.003553976010661928,0.1386050644158152,0.1874722345624167,0.07285650821856952,0.005775211017325633,0.1519324744557974
0.05555555555555555,0.024444444444444446,0.004888888888888889,0.11511111111111111,0.013777777777777778,0.059111111111111114,0.12266666666666666,0.006666666666666667,0.006222222222222222,0.035555555555555556,0.004888888888888889,0.13955555555555554,0.18444444444444444,0.06844444444444445,0.004888888888888889,0.1537777777777778
0.056813138038171326,0.02529960053262317,0.004438526409232135,0.11451398135818908,0.013759431868619618,0.06080781180648025,0.11939636040834443,0.008433200177541057,0.007101642254771416,0.033288948069241014,0.005770084332001775,0.13715046604527298,0.18819351975144252,0.07012871726586774,0.006657789613848202,0.14824678206835332
0.06114311032343819,0.024811696942844484,0.006202924235711121,0.10988037217545414,0.015064244572441293,0.05892778023925565,0.11564023039432876,0.00974745237040319,0.007532122286220647,0.035002215330084185,0.0057598582188746125,0.14000886132033674,0.1891891891891892,0.0664599025254763,0.006202924235711121,0.1484271156402304
0.06327433628318584,0.026106194690265486,0.005752212389380531,0.11415929203539824,0.01415929203539823,0.05929203539823009,0.11106194690265486,0.009734513274336283,0.008407079646017699,0.034513274336283185,0.006194690265486726,0.13584070796460176,0.19424778761061948,0.0668141592920354,0.006194690265486726,0.14424778761061946
0.06325167037861916,0.023162583518930958,0.0066815144766146995,0.11224944320712694,0.012917594654788419,0.057015590200445436,0.11224944320712694,0.009799554565701559,0.011135857461024499,0.03518930957683741,0.004899777282850779,0.133184855233853,0.1973273942093541,0.06948775055679288,0.008017817371937639,0.14342984409799556
0.062389380530973454,0.02256637168141593,0.007079646017699115,0.11061946902654868,0.014601769911504425,0.05796460176991151,0.11327433628318584,0.011504424778761062,0.011946902654867256,0.035398230088495575,0.005309734513274336,0.13053097345132744,0.19557522123893806,0.06725663716814159,0.009734513274336283,0.14424778761061946
0.05978742249778565,0.023029229406554472,0.007528786536758193,0.11514614703277236,0.014614703277236492,0.05757307351638618,0.10806023029229407,0.012400354295837024,0.011514614703277236,0.034986713906111605,0.005757307351638618,0.13330380868024802,0.1979627989371125,0.06465899025686449,0.010186005314437556,0.14348981399468555
0.06045895851721095,0.02471315092674316,0.007502206531332745,0.11032656663724624,0.01588702559576346,0.05648720211827008,0.10812003530450133,0.01235657546337158,0.01147396293027361,0.03353927625772286,0.00529567519858782,0.13371579876434245,0.20123565754633715,0.06663724624889673,0.01235657546337158,0.13989408649602825
0.06255545696539486,0.024844720496894408,0.008873114463176575,0.11135758651286602,0.015971606033717833,0.059006211180124224,0.10381543921916593,0.011535048802129548,0.011091393078970719,0.035048802129547474,0.005323868677905945,0.1313220940550133,0.19920141969831412,0.06699201419698314,0.012866015971606033,0.1401952085181899
0.06366874443455031,0.02226179875333927,0.009795191451469279,0.10819234194122886,0.016918967052537846,0.057435440783615316,0.10373998219056099,0.01068566340160285,0.012466607301869992,0.037399821905609976,0.00578806767586821,0.13268032056990206,0.20480854853072128,0.06812110418521816,0.01068566340160285,0.13535173642030277
0.058061634658329614,0.023224653863331845,0.008485931219294328,0.11299687360428763,0.0160786065207682,0.06297454220634212,0.1013845466726217,0.01027244305493524,0.012505582849486378,0.037516748548459135,0.006699419383653417,0.13488164359088878,0.20500223313979454,0.06297454220634212,0.01205895489057615,0.13488164359088878
0.062081286288521664,0.025011165698972757,0.01027244305493524,0.11299687360428763,0.015185350602947744,0.060741402411790976,0.10361768646717284,0.00982581509602501,0.010719071013845467,0.03796337650736936,0.006699419383653417,0.1299687360428763,0.20544886109870478,0.0643144260830728,0.013398838767306834,0.1317552478785172
0.05796460176991151,0.026106194690265486,0.010176991150442478,0.11061946902654868,0.016814159292035398,0.062389380530973454,0.10088495575221239,0.010176991150442478,0.012389380530973451,0.03805309734513274,0.00663716814159292,0.13008849557522123,0.2084070796460177,0.06371681415929203,0.011946902654867256,0.1336283185840708
0.0637732506643047,0.021700620017714792,0.010186005314437556,0.11116031886625333,0.016386182462356066,0.06111603188662533,0.10053144375553587,0.012843224092116917,0.011957484499557131,0.038529672276350756,0.007528786536758193,0.1328609388839681,0.20504871567759078,0.06200177147918512,0.012843224092116917,0.13153232949512844
0.06356861025865848,0.019289785181937746,0.010083296799649276,0.11354669004822446,0.016220955721174924,0.05962297238053485,0.09907935116177115,0.014028934677772907,0.0131521262604121,0.03814116615519509,0.008768084173608066,0.13415168785620343,0.20473476545374836,0.06313020604997809,0.012713722051731697,0.1297676457693994
0.05978021978021978,0.01978021978021978,0.01054945054945055,0.10989010989010989,0.014945054945054945,0.05978021978021978,0.09582417582417582,0.016703296703296705,0.011868131868131869,0.03912087912087912,0.007912087912087912,0.13934065934065934,0.2087912087912088,0.06241758241758242,0.013186813186813187,0.1301098901098901
0.06354810238305383,0.020741394527802295,0.010150044130626656,0.10988526037069726,0.014563106796116505,0.06001765225066196,0.09664607237422772,0.01676963812886143,0.011915269196822596,0.038834951456310676,0.00794351279788173,0.13680494263018536,0.206090026478376,0.06531332744924978,0.014563106796116505,0.1262135922330097
0.06424457244129375,0.0203810367744794,0.011519716437749225,0.10810810810810811,0.014178112538768276,0.057155516171909615,0.09392999556933983,0.01949490474080638,0.01329198050509526,0.038546743464776254,0.008861320336730172,0.13513513513513514,0.2095702259636686,0.06468763845813026,0.014178112538768276,0.12671688081524146
0.06560986349625715,0.020695728753852928,0.011889035667107,0.11140466754733598,0.012329370321444297,0.05372082782915016,0.09247027741083223,0.02025539409951563,0.016292382210479964,0.039189784236019376,0.00836635843240863,0.1338617349185381,0.20827829150154117,0.06428885953324527,0.014090708938793483,0.12725671510347863
0.06339285714285714,0.017410714285714286,0.012053571428571429,0.11116071428571428,0.011607142857142858,0.054017857142857145,0.09419642857142857,0.022767857142857142,0.01830357142857143,0.04017857142857143,0.008482142857142856,0.13348214285714285,0.20848214285714287,0.06383928571428571,0.014285714285714285,0.1263392857142857
0.06277436347673397,0.01755926251097454,0.012730465320456541,0.11237928007023705,0.011852502194907815,0.053994732221246705,0.09174714661984197,0.02370500438981563,0.01887620719929763,0.03950834064969271,0.007462686567164179,0.1321334503950834,0.21115013169446883,0.06540825285338016,0.011852502194907815,0.12686567164179105
0.06302335830762451,0.01895107977082415,0.012780960775672102,0.11679153812252094,0.010577346848832084,0.054649625385632436,0.0868223887174967,0.02379903040987219,0.01762891141472014,0.03878360511238431,0.00749228735125606,0.13530189510797708,0.2124283825473777,0.06654914059056853,0.0123402379903041,0.12208021154693698
0.06398210290827741,0.017897091722595078,0.013870246085011185,0.11543624161073826,0.010738255033557046,0.052796420581655484,0.08501118568232663,0.02505592841163311,0.020134228187919462,0.03758389261744966,0.006263982102908278,0.12706935123042506,0.21476510067114093,0.07427293064876958,0.013422818791946308,0.12170022371364653
0.06241758241758242,0.02021978021978022,0.014505494505494506,0.11868131868131868,0.01010989010989011,0.055384615384615386,0.07868131868131868,0.024175824175824177,0.01978021978021978,0.03956043956043956,0.005274725274725275,0.1279120879120879,0.2189010989010989,0.07384615384615385,0.012747252747252748,0.1178021978021978
0.06418769366976539,0.021691013722886232,0.01593625498007968,0.12306330234617087,0.009296148738379814,0.05312084993359894,0.07702523240371846,0.02611775121735281,0.019034971226206288,0.0398406374501992,0.005312084993359893,0.12837538733953077,0.21027003098716246,0.07304116865869854,0.012837538733953076,0.12084993359893759
0.0625,0.020833333333333332,0.01551418439716312,0.11702127659574468,0.010195035460992909,0.05274822695035461,0.07668439716312057,0.02526595744680851,0.020833333333333332,0.03900709219858156,0.0062056737588652485,0.12854609929078015,0.21631205673758866,0.0749113475177305,0.01152482269503546,0.12189716312056738
0.06159260888693357,0.02111746590409151,0.01671799384073911,0.11702595688517378,0.009678838539375276,0.05455345358556973,0.07215134183897932,0.026836779586449627,0.02243730752309723,0.03915530136383634,0.007919049714034315,0.12758468983721954,0.21865376154861416,0.07127144742630884,0.010998680158380994,0.12230532336119665
0.06462882096069869,0.0222707423580786,0.017903930131004366,0.11746724890829695,0.009170305676855894,0.055458515283842796,0.07161572052401746,0.027074235807860263,0.021834061135371178,0.03842794759825328,0.007860262008733625,0.13056768558951964,0.21965065502183406,0.07074235807860262,0.008733624454148471,0.1165938864628821
0.0641476274165202,0.0210896309314587,0.019332161687170474,0.11906854130052724,0.008787346221441126,0.05755711775043937,0.06766256590509666,0.028119507908611598,0.023725834797891036,0.03954305799648506,0.008347978910369069,0.12390158172231985,0.22100175746924428,0.06810193321616871,0.009666080843585237,0.11994727592267135
0.061224489795918366,0.01774622892635315,0.02085181898846495,0.12289263531499556,0.008873114463176575,0.05678793256433008,0.07009760425909495,0.032830523513753325,0.023513753327417924,0.0385980479148181,0.011091393078970719,0.1188997338065661,0.22315882874889087,0.06699201419698314,0.008429458740017746,0.11801242236024845
0.06136060471320587,0.018674966651845263,0.020453534904401955,0.12939084037349932,0.00755891507336594,0.05869275233437083,0.0706980880391285,0.03201422854602046,0.02401067140951534,0.040017785682525564,0.010226767452200978,0.11738550466874166,0.22009782125389063,0.06358381502890173,0.009337483325922631,0.11649622054246332
0.06490066225165562,0.018543046357615896,0.02075055187637969,0.1271523178807947,0.009271523178807948,0.054304635761589407,0.06887417218543046,0.032671081677704196,0.024724061810154525,0.037969094922737305,0.009713024282560706,0.11611479028697572,0.22958057395143489,0.0640176600441501,0.010596026490066225,0.11081677704194261
0.06147722246793454,0.01813356921716055,0.019460415745245468,0.13003095975232198,0.009730207872622734,0.05572755417956656,0.06811145510835913,0.03184431667403804,0.02697921273772667,0.044228217602830605,0.010172490048651039,0.11455108359133127,0.2251216275984078,0.06147722246793454,0.011499336576735958,0.11145510835913312
0.06764574988874054,0.019581664441477527,0.018691588785046728,0.1308411214953271,0.008455718736092568,0.056074766355140186,0.06542056074766354,0.032932799287939477,0.027592345349354695,0.042723631508678236,0.010680907877169559,0.11170449488206498,0.22785936804628393,0.059190031152647975,0.009790832220738763,0.11081441922563418
0.06631299734748011,0.017241379310344827,0.01768346595932803,0.1286472148541114,0.007073386383731211,0.0592396109637489,0.0627763041556145,0.033156498673740056,0.026083112290008842,0.044650751547303275,0.010167992926613616,0.11096374889478337,0.23430592396109637,0.060123784261715295,0.010610079575596816,0.11096374889478337
0.06666666666666667,0.017105263157894738,0.017543859649122806,0.13026315789473683,0.007456140350877193,0.05745614035087719,0.06096491228070176,0.033771929824561404,0.02456140350877193,0.04298245614035088,0.011842105263157895,0.11271929824561404,0.2307017543859649,0.06140350877192982,0.010964912280701754,0.11359649122807018
0.06970626918018413,0.01578255151249452,0.01709776413853573,0.1323980710214818,0.008329679964927663,0.06137658921525647,0.05830775975449364,0.03463393248575186,0.02367382726874178,0.04515563349408154,0.012275317843051293,0.10784743533537922,0.22577816747040771,0.06269180184129768,0.011398509425690487,0.11354669004822446
0.07177242888402625,0.015317286652078774,0.018818380743982493,0.13522975929978118,0.00787746170678337,0.05776805251641138,0.05733041575492341,0.036323851203501095,0.022319474835886213,0.045514223194748356,0.01225382932166302,0.11028446389496718,0.224945295404814,0.05908096280087528,0.010940919037199124,0.11422319474835886
0.07509881422924901,0.014053579270970576,0.01756697408871322,0.1383399209486166,0.007465963987703118,0.05928853754940711,0.06236275801493193,0.034255599472990776,0.023276240667545016,0.04655248133509003,0.011418533157663592,0.1080368906455863,0.22441809398331136,0.058410188844971456,0.010101010101010102,0.10935441370223979
0.07549668874172186,0.013245033112582781,0.015011037527593819,0.13642384105960265,0.008830022075055188,0.060044150110375276,0.06181015452538632,0.03443708609271523,0.022516556291390728,0.046357615894039736,0.011920529801324504,0.10375275938189846,0.2304635761589404,0.05607064017660044,0.011479028697571744,0.11214128035320088
0.07760141093474426,0.013668430335097001,0.014991181657848324,0.1353615520282187,0.009700176366843033,0.057760141093474424,0.059964726631393295,0.033950617283950615,0.021164021164021163,0.04717813051146384,0.01146384479717813,0.10493827160493827,0.23368606701940034,0.054673721340388004,0.01146384479717813,0.11243386243386243
0.077733860342556,0.012736056214317084,0.015371102327624066,0.13790074659639878,0.00834431269213878,0.054457619675010976,0.05928853754940711,0.03293807641633729,0.020202020202020204,0.048748353096179184,0.012296881862099254,0.10320597277119016,0.233201581027668,0.058410188844971456,0.011418533157663592,0.1137461572244181
0.07888937858087264,0.015425297487880123,0.015425297487880123,0.1392684001762891,0.007933010136624064,0.05376817981489643,0.05641251652710445,0.03349493168796827,0.01983252534156016,0.0493609519612164,0.011458792419568091,0.10665491405905686,0.23446452181577787,0.055531070956368445,0.011458792419568091,0.11062141912736889
0.07940008822232025,0.015880017644464048,0.014997794441993825,0.14027348919276578,0.00882223202470225,0.0599911777679753,0.05778561976179974,0.033083370092633436,0.020732245258050286,0.050286722540802825,0.013233348037053375,0.105866784296427,0.22893692104102337,0.05116894574327305,0.011910013233348038,0.10763123070136744
0.08086610693769333,0.015466195315952275,0.015024304021210782,0.14140521431727796,0.007954043305346884,0.06009721608484313,0.05170128148475475,0.0344675209898365,0.019885108263367212,0.05125939019001326,0.010605391073795847,0.10561201944321696,0.2359699513919576,0.05081749889527176,0.011931064958020326,0.10693769332744145
0.08227571115973742,0.01663019693654267,0.01400437636761488,0.14266958424507659,0.009190371991247264,0.061706783369803064,0.052954048140043765,0.0350109409190372,0.02100656455142232,0.05076586433260394,0.01050328227571116,0.1050328227571116,0.2275711159737418,0.052078774617067836,0.013566739606126914,0.1050328227571116
0.08292898103220114,0.0176444640494045,0.013674459638288486,0.14380238200264667,0.009263343625937363,0.06352007057785619,0.050286722540802825,0.033083370092633436,0.018967798853109837,0.05205116894574327,0.0105866784296427,0.1023378914865461,0.22981914424349362,0.050286722540802825,0.015438906043228937,0.10630789589766211
0.08377659574468085,0.0199468085106383,0.013297872340425532,0.14627659574468085,0.008865248226950355,0.06161347517730496,0.050088652482269506,0.034131205673758866,0.01950354609929078,0.050088652482269506,0.00975177304964539,0.10150709219858156,0.22872340425531915,0.04920212765957447,0.014627659574468085,0.10859929078014184
0.08582923558337059,0.02101028162717926,0.014304872597228431,0.1506481895395619,0.008940545373267769,0.05945462673223067,0.04783191774698257,0.0348681269557443,0.017881090746535537,0.050514081358962896,0.008940545373267769,0.10639248994188645,0.22574877067501117,0.05006705409029951,0.013410818059901655,0.10415735359856951
0.08605472197705208,0.018534863195057368,0.01235657546337158,0.15180935569285084,0.009708737864077669,0.059576345984112974,0.045454545454545456,0.03486319505736982,0.01676963812886143,0.05207413945278023,0.0088261253309797,0.10547219770520741,0.22992056487202117,0.04942630185348632,0.01323918799646955,0.1059135039717564
0.08789752650176678,0.018109540636042403,0.012367491166077738,0.15547703180212014,0.010159010600706713,0.05962897526501767,0.04063604240282685,0.03312720848056537,0.015901060070671377,0.05256183745583039,0.009717314487632508,0.10556537102473498,0.2318904593639576,0.04858657243816254,0.011042402826855124,0.1073321554770318
0.08716600963644328,0.017520805957074025,0.010950503723171266,0.14936487078405605,0.010512483574244415,0.05825667980727114,0.04117389399912396,0.037669732807709154,0.016206745510293472,0.05168637757336837,0.011388523872098117,0.10249671484888305,0.2378449408672799,0.05168637757336837,0.011388523872098117,0.10468681559351731
0.08844444444444445,0.016888888888888887,0.011111111111111112,0.15155555555555555,0.010222222222222223,0.05555555555555555,0.03955555555555555,0.03911111111111111,0.016888888888888887,0.05511111111111111,0.011111111111111112,0.09822222222222222,0.23422222222222222,0.05288888888888889,0.012444444444444444,0.10666666666666667
0.08736141906873614,0.017738359201773836,0.010643015521064302,0.14855875831485588,0.011086474501108648,0.05853658536585366,0.043458980044345896,0.03813747228381375,0.016851441241685146,0.05232815964523282,0.010643015521064302,0.1015521064301552,0.2337028824833703,0.05188470066518847,0.012416851441241685,0.10509977827050998
0.08733624454148471,0.019650655021834062,0.01222707423580786,0.15021834061135372,0.011790393013100437,0.056768558951965066,0.043668122270742356,0.03711790393013101,0.016593886462882096,0.051965065502183404,0.011353711790393014,0.10087336244541485,0.2292576419213974,0.051965065502183404,0.014847161572052401,0.10436681222707424
0.08626760563380281,0.018485915492957746,0.012764084507042254,0.14920774647887325,0.013644366197183098,0.05677816901408451,0.04137323943661972,0.035211267605633804,0.016285211267605633,0.05017605633802817,0.011883802816901408,0.09815140845070422,0.2381161971830986,0.05237676056338028,0.012764084507042254,0.10651408450704225
0.08885941644562334,0.020335985853227233,0.013704686118479222,0.15075154730327145,0.01237842617152962,0.05791335101679929,0.041998231653404064,0.03183023872679045,0.016799292661361626,0.052166224580017684,0.011936339522546418,0.10035366931918656,0.23165340406719717,0.05172413793103448,0.014588859416445624,0.10300618921308577
0.08820921985815602,0.02171985815602837,0.014184397163120567,0.14937943262411346,0.012411347517730497,0.05629432624113475,0.040780141843971635,0.034131205673758866,0.018617021276595744,0.04920212765957447,0.012854609929078014,0.0975177304964539,0.23625886524822695,0.053634751773049646,0.01551418439716312,0.09929078014184398
0.08447589562140646,0.020787262273330383,0.0145953118089341,0.14727996461742593,0.012826183104820876,0.059708093763821316,0.04113224237063246,0.03361344537815126,0.01592215833701902,0.05218929677134011,0.012826183104820876,0.09553295002211411,0.23529411764705882,0.05395842547545334,0.016364440513047324,0.10349402919062362
0.08716600963644328,0.02102496714848883,0.013140604467805518,0.1445466491458607,0.012264564169951819,0.058694699956197985,0.038545773105562856,0.036355672360928605,0.012702584318878668,0.05519053876478318,0.013140604467805518,0.09505037231712658,0.2413491020586947,0.05300043802014893,0.016206745510293472,0.10162067455102934
0.08534975802903652,0.02243730752309723,0.013198416190057193,0.14650241970963485,0.011438627364716234,0.05983282006159261,0.04003519577650682,0.03739551253849538,0.012758468983721953,0.05279366476022877,0.012318521777386713,0.0963484381874175,0.23933128024637043,0.05103387593488781,0.013638363396392433,0.10558732952045755
0.0885852798589687,0.021154693697664168,0.014103129131776113,0.14543851917144116,0.011018069634200088,0.06170118995152049,0.04098721903922433,0.03437637725870427,0.011458792419568091,0.052886734244160426,0.011899515204936095,0.09695901278096078,0.2371088585279859,0.05156456588805641,0.01630674305861613,0.10445130013221683
0.08577777777777777,0.020888888888888887,0.013333333333333334,0.14222222222222222,0.012,0.058666666666666666,0.03911111111111111,0.037333333333333336,0.013333333333333334,0.051555555555555556,0.011555555555555555,0.09155555555555556,0.24444444444444444,0.05422222222222222,0.015555555555555555,0.10844444444444444
0.08771929824561403,0.019736842105263157,0.011842105263157895,0.14298245614035088,0.012719298245614035,0.058333333333333334,0.037719298245614034,0.03728070175438596,0.013596491228070176,0.052192982456140354,0.010964912280701754,0.09429824561403509,0.24649122807017543,0.05350877192982456,0.015789473684210527,0.10482456140350878
0.08626056024899956,0.020008892841262782,0.012894619831036016,0.14495331258337038,0.011560693641618497,0.055135615829257446,0.03646064917741218,0.039573143619386394,0.012894619831036016,0.05202312138728324,0.012894619831036016,0.09515340151178302,0.24544241885282347,0.05469097376611828,0.01600711427301023,0.10404624277456648
0.08630559225011009,0.019374724790841038,0.010568031704095112,0.13914575077058564,0.011889035667107,0.057683839718185824,0.04051078819903126,0.03830911492734478,0.011889035667107,0.052840158520475564,0.013210039630118891,0.095112285336856,0.25055041831792163,0.05680317040951123,0.01453104359313078,0.10127697049757815
0.08839050131926121,0.019349164467897976,0.010554089709762533,0.14116094986807387,0.013192612137203167,0.055408970976253295,0.040897097625329816,0.03781882145998241,0.012752858399296393,0.051890941072999124,0.014511873350923483,0.09542656112576957,0.24934036939313983,0.05672823218997362,0.013632365875109938,0.09894459102902374
0.09231448763250884,0.01678445229681979,0.010159010600706713,0.13780918727915195,0.013250883392226149,0.05609540636042403,0.03975265017667844,0.03842756183745583,0.012809187279151944,0.054328621908127206,0.015017667844522967,0.09717314487632508,0.25353356890459366,0.054770318021201414,0.014134275618374558,0.09363957597173145
0.08929364726788094,0.0173256330519769,0.009329187027987561,0.13949355841848068,0.015548645046645935,0.05508662816525989,0.041314971123944916,0.037760995113282986,0.01288316303864949,0.05508662816525989,0.013771657041314972,0.09462461128387384,0.2554420257663261,0.056863616170590846,0.012438916037316748,0.09373611728120836
0.09347442680776014,0.015432098765432098,0.008818342151675485,0.13668430335097,0.015432098765432098,0.05731922398589065,0.04188712522045855,0.03659611992945326,0.012786596119929453,0.05599647266313933,0.013668430335097001,0.09523809523809523,0.25485008818342153,0.053791887125220456,0.012345679012345678,0.09567901234567901
0.09307454786060873,0.014997794441993825,0.009704455227172474,0.13806793118659022,0.015438906043228937,0.0564622849580944,0.04102337891486546,0.03573003970004411,0.011910013233348038,0.05690339655932951,0.013674459638288486,0.0952801058667843,0.25849139832377593,0.05337450374944861,0.009704455227172474,0.09616232906925452
0.09452296819787986,0.01678445229681979,0.009717314487632508,0.12676678445229683,0.015901060070671377,0.055212014134275615,0.04284452296819788,0.0357773851590106,0.012809187279151944,0.05918727915194346,0.013692579505300354,0.09275618374558305,0.26325088339222613,0.05565371024734982,0.009717314487632508,0.09540636042402827
0.08999563128003495,0.016601135867190912,0.010921799912625601,0.13368283093053734,0.01616426387068589,0.05417212756662298,0.04281345565749235,0.0345128877238969,0.012669287898645697,0.0563564875491481,0.014416775884665793,0.0891218872870249,0.2656181738750546,0.057667103538663174,0.00873743993010048,0.09654871122761031
0.09265734265734266,0.016171328671328672,0.011363636363636364,0.13374125874125875,0.016608391608391608,0.05113636363636364,0.04108391608391608,0.0388986013986014,0.012237762237762238,0.059877622377622376,0.015297202797202798,0.08916083916083917,0.26617132867132864,0.054632867132867136,0.008304195804195804,0.09265734265734266
0.08701355487538259,0.016178399650196764,0.01355487538259729,0.13467424573677306,0.018364669873196328,0.052470485351989504,0.03979011805859204,0.038478355924792304,0.012680367293397464,0.055531263664188896,0.01530389156099694,0.09357236554438128,0.27153476169654567,0.05465675557498907,0.009182334936598164,0.08701355487538259
0.08978328173374613,0.015479876160990712,0.014153029632905795,0.1318000884564352,0.01680672268907563,0.053516143299425036,0.03847854931446263,0.03715170278637771,0.01238390092879257,0.058823529411764705,0.014153029632905795,0.0950906678460858,0.2724458204334365,0.05263157894736842,0.008403361344537815,0.08889871738168952
0.08896797153024912,0.015569395017793594,0.013790035587188613,0.13167259786476868,0.017793594306049824,0.05604982206405694,0.035142348754448396,0.03692170818505338,0.013790035587188613,0.05782918149466192,0.013790035587188613,0.09341637010676157,0.2793594306049822,0.050266903914590745,0.008451957295373666,0.08718861209964412
0.08428949691085613,0.015445719329214475,0.014563106796116505,0.13106796116504854,0.01676963812886143,0.05472197705207414,0.03442188879082083,0.03486319505736982,0.011915269196822596,0.059576345984112974,0.013680494263018535,0.09267431597528684,0.28773168578993824,0.05030891438658429,0.0088261253309797,0.08914386584289496
0.08431629532546964,0.01616426387068589,0.014853647881170816,0.12844036697247707,0.01703800786369594,0.055919615552643076,0.0327653997378768,0.03407601572739188,0.010048055919615552,0.06072520751419834,0.012232415902140673,0.09217999126256007,0.2839667977282656,0.05198776758409786,0.010484927916120577,0.09480122324159021
0.08551174124944617,0.017722640673460344,0.014621178555604785,0.12671688081524146,0.017722640673460344,0.05538325210456358,0.03322995126273815,0.03544528134692069,0.011519716437749225,0.05981391227292867,0.0101905183872397,0.09171466548515729,0.282233052724856,0.05316792202038104,0.010633584404076208,0.09437306158617634
0.08859649122807017,0.017543859649122806,0.016666666666666666,0.12192982456140351,0.018421052631578946,0.056578947368421055,0.02982456140350877,0.03508771929824561,0.011842105263157895,0.06096491228070176,0.009210526315789473,0.08947368421052632,0.28114035087719297,0.056140350877192984,0.011403508771929825,0.09517543859649123
0.09183673469387756,0.016415261756876662,0.016415261756876662,0.12422360248447205,0.016415261756876662,0.05634427684117125,0.02839396628216504,0.0323868677905945,0.012866015971606033,0.05944986690328305,0.008873114463176575,0.08828748890860692,0.28127772848269744,0.058118899733806566,0.012422360248447204,0.09627329192546584
0.08634361233480176,0.022466960352422908,0.015859030837004406,0.12511013215859032,0.01894273127753304,0.05638766519823789,0.026872246696035242,0.03127753303964758,0.01277533039647577,0.06255506607929516,0.008370044052863436,0.08546255506607929,0.27973568281938327,0.05682819383259912,0.011013215859030838,0.1
0.08737864077669903,0.023389232127096204,0.016328331862312445,0.12753751103265668,0.01676963812886143,0.05692850838481906,0.027802294792586054,0.030450132391879964,0.01323918799646955,0.06045895851721095,0.0088261253309797,0.08296557811120918,0.27758164165931154,0.05913503971756399,0.01235657546337158,0.09885260370697264
0.09106830122591944,0.024080560420315235,0.01576182136602452,0.1243432574430823,0.016199649737302976,0.0595446584938704,0.026707530647985988,0.03064798598949212,0.012697022767075307,0.05779334500875657,0.010070052539404553,0.08450087565674255,0.27933450087565675,0.05779334500875657,0.01138353765323993,0.09807355516637478
0.09158960810215765,0.023337736679876705,0.015411712901805373,0.12549537648612946,0.016292382210479964,0.05900484368119771,0.02686041391457508,0.029502421840598855,0.012769704975781594,0.059445178335535004,0.010127697049757816,0.08278291501541171,0.28401585204755614,0.057683839718185824,0.011008366358432409,0.09467195068251871
0.09195912927587739,0.023545091070635273,0.016437139049311416,0.13282985339848957,0.015992892047978675,0.05952909817858729,0.02665482007996446,0.03065304309195913,0.01288316303864949,0.05730786317192359,0.010217681030653044,0.08351843625055531,0.2812083518436251,0.056419369169258105,0.011106175033318524,0.08973789426921368
0.09857904085257549,0.023534635879218474,0.015985790408525755,0.13232682060390763,0.015097690941385435,0.05994671403197158,0.025310834813499113,0.03241563055062167,0.012433392539964476,0.05994671403197158,0.009769094138543518,0.07726465364120781,0.28374777975133214,0.055062166962699825,0.011101243339253997,0.08747779751332149
0.0963484381874175,0.02287725472943247,0.014078310602727673,0.13198416190057194,0.014518257809062912,0.05939287285525737,0.025076990761108666,0.032116146062472505,0.012318521777386713,0.05807303123625165,0.008798944126704795,0.07655081390233172,0.29564452265728114,0.05587329520457545,0.011878574571051475,0.08446986361636603
0.10022075055187638,0.025165562913907286,0.013686534216335542,0.12847682119205298,0.016777041942604858,0.06136865342163356,0.025165562913907286,0.03090507726269316,0.012803532008830023,0.060485651214128036,0.011037527593818985,0.0772626931567329,0.2847682119205298,0.05783664459161148,0.010596026490066225,0.08344370860927153
0.10052910052910052,0.02601410934744268,0.011022927689594356,0.13051146384479717,0.015432098765432098,0.0582010582010582,0.021604938271604937,0.03306878306878307,0.012345679012345678,0.059082892416225746,0.011904761904761904,0.07848324514991181,0.29012345679012347,0.05555555555555555,0.011904761904761904,0.08421516754850088
0.10035366931918656,0.026083112290008842,0.010167992926613616,0.129973474801061,0.015030946065428824,0.05747126436781609,0.020335985853227233,0.033156498673740056,0.011494252873563218,0.0592396109637489,0.010610079575596816,0.08045977011494253,0.2917771883289125,0.05658709106984969,0.01282051282051282,0.08443854995579134
0.10314298362107127,0.023019034971226208,0.011509517485613104,0.12749003984063745,0.01637892872952634,0.056219566179725546,0.02080566622399292,0.033200531208499334,0.011509517485613104,0.057104913678618856,0.010624169986719787,0.08366533864541832,0.29526339088092074,0.056219566179725546,0.010624169986719787,0.08322266489597167
0.10258658483121438,0.023235423060061378,0.012713722051731697,0.12889083735203857,0.016659359929855327,0.05392371766768961,0.020604997807978958,0.03594914511179308,0.010960105217010083,0.0530469092503288,0.010083296799649276,0.079351161771153,0.2985532661113547,0.05962297238053485,0.010083296799649276,0.08373520385795703
