C_R,C_A,C_S,C_N,D_R,D_A,D_S,D_N,Oc_R,Oc_A,Oc_S,Oc_N,Od_R,Od_A,Od_S,Od_N
0.0,0.0,0.0,0.0,0.0,0.0,0.0,0.0,0.0,0.0,1.0,0.0,0.0,0.0,0.0,0.0
0.0,0.0,0.0,0.0,0.0,0.0,0.0,0.0,0.0,0.0,1.0,0.0,0.0,0.0,0.0,0.0
0.0,0.0,0.0,0.0,0.0,0.0,0.0,0.1,0.0,0.0,0.9,0.0,0.0,0.0,0.0,0.0
0.0,0.0,0.0,0.0,0.0,0.0,0.0,0.06666666666666667,0.0,0.0,0.9333333333333333,0.0,0.0,0.0,0.0,0.0
0.0,0.08333333333333333,0.0,0.0,0.0,0.0,0.0,0.08333333333333333,0.0,0.0,0.8333333333333334,0.0,0.0,0.0,0.0,0.0
0.0,0.1111111111111111,0.0,0.0,0.0,0.0,0.0,0.08333333333333333,0.0,0.0,0.75,0.0,0.0,0.0,0.05555555555555555,0.0
0.0425531914893617,0.14893617021276595,0.0,0.0,0.0,0.0,0.0,0.10638297872340426,0.0,0.0,0.6170212765957447,0.0,0.0,0.0,0.06382978723404255,0.02127659574468085
0.057971014492753624,0.15942028985507245,0.0,0.0,0.0,0.0,0.0,0.11594202898550725,0.0,0.0,0.5797101449275363,0.0,0.0,0.0,0.057971014492753624,0.028985507246376812
0.07777777777777778,0.17777777777777778,0.0,0.0,0.0,0.0,0.0,0.12222222222222222,0.0,0.0,0.4888888888888889,0.022222222222222223,0.0,0.0,0.05555555555555555,0.05555555555555555
0.10084033613445378,0.15966386554621848,0.0,0.0,0.0,0.0,0.0,0.12605042016806722,0.0,0.01680672268907563,0.46218487394957986,0.03361344537815126,0.0,0.0,0.04201680672268908,0.058823529411764705
0.11801242236024845,0.17391304347826086,0.0,0.0,0.0,0.012422360248447204,0.0,0.14906832298136646,0.0,0.018633540372670808,0.36645962732919257,0.043478260869565216,0.0,0.0,0.062111801242236024,0.055900621118012424
0.13425925925925927,0.1574074074074074,0.0,0.0,0.004629629629629629,0.009259259259259259,0.0,0.16203703703703703,0.0,0.027777777777777776,0.33796296296296297,0.05555555555555555,0.0,0.0,0.06018518518518518,0.05092592592592592
0.12318840579710146,0.16304347826086957,0.0,0.0036231884057971015,0.007246376811594203,0.014492753623188406,0.007246376811594203,0.16304347826086957,0.0,0.03985507246376811,0.3079710144927536,0.06521739130434782,0.0,0.0,0.06159420289855073,0.043478260869565216
0.1506849315068493,0.14794520547945206,0.0,0.0027397260273972603,0.00821917808219178,0.021917808219178082,0.00821917808219178,0.1726027397260274,0.0,0.04657534246575343,0.2684931506849315,0.07671232876712329,0.0,0.0,0.052054794520547946,0.043835616438356165
0.15565031982942432,0.14712153518123666,0.0,0.0,0.010660980810234541,0.029850746268656716,0.006396588486140725,0.17057569296375266,0.0,0.053304904051172705,0.24733475479744135,0.08315565031982942,0.0,0.0,0.053304904051172705,0.042643923240938165
0.14487632508833923,0.14840989399293286,0.0017667844522968198,0.0,0.007067137809187279,0.038869257950530034,0.00530035335689046,0.16784452296819788,0.0,0.05653710247349823,0.23674911660777384,0.08303886925795052,0.0,0.0,0.061837455830388695,0.04770318021201413
0.15177304964539007,0.14468085106382977,0.0014184397163120568,0.0,0.0070921985815602835,0.04539007092198582,0.00425531914893617,0.1702127659574468,0.0028368794326241137,0.059574468085106386,0.225531914893617,0.08652482269503546,0.0,0.0028368794326241137,0.06099290780141844,0.03687943262411347
0.13846153846153847,0.1455621301775148,0.001183431952662722,0.002366863905325444,0.008284023668639054,0.054437869822485205,0.004733727810650888,0.1739644970414201,0.0035502958579881655,0.06745562130177515,0.21775147928994082,0.08284023668639054,0.0,0.002366863905325444,0.05917159763313609,0.0378698224852071
0.1337386018237082,0.15096251266464034,0.002026342451874367,0.00303951367781155,0.00911854103343465,0.06585612968591692,0.00303951367781155,0.16818642350557245,0.005065856129685917,0.06990881458966565,0.2006079027355623,0.0911854103343465,0.0,0.0010131712259371835,0.05673758865248227,0.03951367781155015
0.13093145869947276,0.14586994727592267,0.0017574692442882249,0.006151142355008787,0.007029876977152899,0.07381370826010544,0.0035149384885764497,0.16432337434094904,0.005272407732864675,0.07381370826010544,0.2038664323374341,0.08611599297012303,0.0,0.0008787346221441124,0.05799648506151142,0.03866432337434095
0.1313364055299539,0.1390168970814132,0.0030721966205837174,0.0069124423963133645,0.0069124423963133645,0.07987711213517665,0.005376344086021506,0.16436251920122888,0.004608294930875576,0.08294930875576037,0.1935483870967742,0.09216589861751152,0.0,0.0007680491551459293,0.05145929339477726,0.03763440860215054
0.1290983606557377,0.13797814207650272,0.0034153005464480873,0.007513661202185792,0.008879781420765027,0.08538251366120218,0.006830601092896175,0.16256830601092895,0.00546448087431694,0.08743169398907104,0.1830601092896175,0.09289617486338798,0.0006830601092896175,0.0006830601092896175,0.0546448087431694,0.03346994535519126
0.12155388471177944,0.13784461152882205,0.003132832080200501,0.009398496240601503,0.010651629072681704,0.09022556390977443,0.008771929824561403,0.16729323308270677,0.006265664160401002,0.09398496240601503,0.17543859649122806,0.08897243107769423,0.0012531328320802004,0.0012531328320802004,0.05012531328320802,0.03383458646616541
0.11856564488143435,0.13880855986119145,0.004626951995373048,0.012145748987854251,0.012724117987275883,0.0896471949103528,0.010410641989589358,0.16194331983805668,0.00578368999421631,0.09832272990167727,0.1700404858299595,0.09022556390977443,0.003470213996529786,0.002313475997686524,0.048582995951417005,0.032388663967611336
0.1190855927698033,0.13609782030834663,0.004784688995215311,0.013822434875066455,0.014885699096225412,0.09197235513024987,0.009569377990430622,0.16480595427963848,0.005847953216374269,0.10047846889952153,0.16427432216905902,0.08452950558213716,0.004253056884635832,0.003189792663476874,0.04891015417331207,0.03349282296650718
0.11559541604384654,0.13602391629297458,0.004484304932735426,0.016940707523667164,0.015445939212755356,0.08918784255107125,0.008470353761833582,0.16243148978574987,0.0064773293472845045,0.10712506228201295,0.1574489287493772,0.08470353761833582,0.006975585450921774,0.004484304932735426,0.051818634778276036,0.03238664673642252
0.11371237458193979,0.1333014811275681,0.004300047778308648,0.017677974199713332,0.017200191113234592,0.09507883420926899,0.009555661729574774,0.1657907310081223,0.00716674629718108,0.10702341137123746,0.1505016722408027,0.08217869087434305,0.010033444816053512,0.005733397037744864,0.05016722408026756,0.030578117534639272
0.11665888940737285,0.1301913205786281,0.005132991133924405,0.015865608959402706,0.01773215118992067,0.09472701819878675,0.011665888940737284,0.1572561829211386,0.008399440037330844,0.11245916938870743,0.14839010732617824,0.08259449370041998,0.012599160055996267,0.005132991133924405,0.049463369108726084,0.03173121791880541
0.11501597444089456,0.1300775901414879,0.006389776357827476,0.016430853491556367,0.018256503879507075,0.08991328160657235,0.012779552715654952,0.16020082154267457,0.00867183934276586,0.11273391145595618,0.14650844363304427,0.08032861706983113,0.015518028297581013,0.005933363760839799,0.05066179826563213,0.03057964399817435
0.11522819701762313,0.12833258020786262,0.0063262539539087215,0.02033438770899232,0.016719385449615907,0.09805693628558518,0.013104383190239493,0.1631269769543606,0.00903750564844103,0.1061906913691821,0.140533212833258,0.07953004970628107,0.01852688657930411,0.0076818798011748755,0.048802530501581565,0.028468142792589246
0.11519497982967279,0.12281488121918423,0.0062752129090094125,0.019722097714029583,0.01748095024652622,0.09861048857014791,0.014343343792021516,0.16270730614074405,0.00941281936351412,0.1084715374271627,0.13984760197220977,0.07799193186911699,0.01927386822052891,0.008516360376512775,0.05199462124607799,0.02734199910354101
0.11366651923927466,0.1238390092879257,0.005749668288367979,0.022114108801415303,0.01901813356921716,0.09641751437417072,0.015037593984962405,0.15966386554621848,0.009730207872622734,0.11278195488721804,0.13489606368863336,0.0804953560371517,0.020344980097302078,0.009730207872622734,0.04732419283502875,0.0291906236178682
0.11183923110528615,0.12319790301441677,0.007426823940585408,0.021843599825251202,0.020096111839231105,0.09480122324159021,0.013979903888160769,0.15683704674530363,0.010484927916120577,0.11183923110528615,0.13324595893403232,0.08213193534294452,0.020969855832241154,0.010921799912625601,0.049366535605067714,0.031017911751856708
0.11130978989718372,0.12114438980777828,0.007152436298614216,0.022351363433169423,0.022798390701832812,0.09924005364327224,0.014751899865891819,0.1546714349575324,0.0116227089852481,0.11130978989718372,0.12695574430040232,0.0813589628967367,0.021457308895842648,0.011175681716584712,0.05185516316495306,0.030844881537773806
0.11291739894551846,0.12170474516695957,0.008347978910369069,0.024165202108963092,0.021968365553602813,0.09358523725834798,0.015817223198594025,0.15246045694200352,0.013181019332161687,0.10764499121265378,0.12917398945518455,0.08260105448154657,0.024165202108963092,0.012302284710017574,0.05008787346221441,0.029876977152899824
0.11125886524822695,0.11879432624113476,0.00975177304964539,0.022606382978723406,0.022606382978723406,0.09485815602836879,0.015957446808510637,0.15381205673758866,0.012411347517730497,0.10904255319148937,0.12677304964539007,0.08377659574468085,0.024822695035460994,0.01374113475177305,0.04875886524822695,0.03102836879432624
0.11106233538191396,0.12071992976294996,0.009657594381035996,0.02370500438981563,0.02502194907813872,0.09701492537313433,0.014925373134328358,0.15539947322212466,0.010974539069359086,0.1093064091308165,0.1237928007023705,0.08077260755048288,0.025460930640913083,0.015803336259877086,0.04521510096575944,0.031167690956979806
0.112488928255093,0.11558901682905226,0.010186005314437556,0.023472099202834367,0.024800708591674048,0.09565987599645705,0.015057573073516387,0.15323294951284322,0.012400354295837024,0.10983170947741364,0.12267493356953056,0.08237378210806023,0.027015057573073518,0.017271922054915855,0.04650132860938884,0.031443755535872454
0.1096859796550199,0.11543564794338788,0.009287925696594427,0.02565236620964175,0.024325519681556832,0.0950906678460858,0.015479876160990712,0.15081822202565237,0.012826183104820876,0.10703228659885007,0.1251658558160106,0.08580274214949138,0.0291906236178682,0.019902697921273773,0.044228217602830605,0.03007518796992481
0.11120957022596367,0.11386796632698272,0.00930438635356668,0.02658396101019052,0.0256978289765175,0.09481612760301285,0.015064244572441293,0.15241470979175897,0.013735046521931768,0.10855117412494461,0.11962782454585734,0.08373947718210013,0.030128489144882586,0.020824102791315906,0.04474966770048737,0.02968542312804608
0.11496270293988592,0.11145239139973673,0.011408512505484861,0.025888547608600262,0.025010969723562967,0.09697235629662132,0.013163668275559455,0.14874945151382185,0.01491882404563405,0.10881965774462483,0.11627906976744186,0.08512505484861782,0.030276437033786747,0.021939447125932425,0.0443176831943835,0.030715225976305396
0.11096605744125326,0.10139251523063533,0.012184508268059183,0.0278503046127067,0.02741514360313316,0.09747606614447346,0.013054830287206266,0.15404699738903394,0.01610095735422106,0.10530896431679722,0.11488250652741515,0.09051348999129678,0.028720626631853787,0.022193211488250653,0.04612706701479547,0.03176675369886858
0.10765124555160142,0.099644128113879,0.012900355871886121,0.027135231316725978,0.028469750889679714,0.09919928825622776,0.012900355871886121,0.14902135231316727,0.015124555160142349,0.10854092526690391,0.11788256227758007,0.08674377224199288,0.03069395017793594,0.025800711743772242,0.04937722419928826,0.02891459074733096
0.1066257130320316,0.09960508995173321,0.01184730144800351,0.027643703378674857,0.027643703378674857,0.09653356735410268,0.013163668275559455,0.15138218516893373,0.015357612988152698,0.11145239139973673,0.11627906976744186,0.08468626590609916,0.031592803861342694,0.028082492321193506,0.04782799473453269,0.030276437033786747
0.10779510022271716,0.0957683741648107,0.012472160356347439,0.030289532293986638,0.028062360801781736,0.09888641425389755,0.012026726057906459,0.15723830734966593,0.015144766146993319,0.10957683741648107,0.10779510022271716,0.08730512249443208,0.030734966592427616,0.028062360801781736,0.051224944320712694,0.027616926503340758
0.11022927689594356,0.0974426807760141,0.013227513227513227,0.029982363315696647,0.025573192239858905,0.10185185185185185,0.012345679012345678,0.15079365079365079,0.014991181657848324,0.10846560846560846,0.10978835978835978,0.0855379188712522,0.03218694885361552,0.029982363315696647,0.048500881834215165,0.0291005291005291
0.10919540229885058,0.10123784261715296,0.01282051282051282,0.03094606542882405,0.022988505747126436,0.10521662245800177,0.011494252873563218,0.15119363395225463,0.013262599469496022,0.11007957559681697,0.10565870910698497,0.08488063660477453,0.034482758620689655,0.030061892130857647,0.04597701149425287,0.03050397877984085
0.1114070128717266,0.09942299156679982,0.012427873945849977,0.033732800710164226,0.0230803373280071,0.09942299156679982,0.011984021304926764,0.1473590767865069,0.013315579227696404,0.10474922325787839,0.10430537061695518,0.09098979138925876,0.037283621837549935,0.03062583222370173,0.04837993786063027,0.03151353750554816
0.1131161971830986,0.09551056338028169,0.013204225352112676,0.03477112676056338,0.022887323943661973,0.10431338028169014,0.011883802816901408,0.14744718309859156,0.013204225352112676,0.10255281690140845,0.10035211267605634,0.08846830985915492,0.03873239436619718,0.03345070422535211,0.04709507042253521,0.03301056338028169
0.11096374889478337,0.09814323607427056,0.014146772767462422,0.03757736516357206,0.023430592396109638,0.10433244916003537,0.014588859416445624,0.14367816091954022,0.011494252873563218,0.10256410256410256,0.09902740937223696,0.09106984969053934,0.038461538461538464,0.032714412024756855,0.04774535809018567,0.030061892130857647
0.11179577464788733,0.09154929577464789,0.014084507042253521,0.03829225352112676,0.02464788732394366,0.10431338028169014,0.014084507042253521,0.14216549295774647,0.01232394366197183,0.1073943661971831,0.09815140845070422,0.09066901408450705,0.03829225352112676,0.032570422535211266,0.04709507042253521,0.032570422535211266
0.11479028697571744,0.09536423841059603,0.012362030905077263,0.038852097130242826,0.026048565121412803,0.10596026490066225,0.012803532008830023,0.14392935982339955,0.010596026490066225,0.09845474613686535,0.09801324503311258,0.09315673289183223,0.039735099337748346,0.031346578366445915,0.045033112582781455,0.033554083885209716
0.11575704225352113,0.09507042253521127,0.011883802816901408,0.0409330985915493,0.02420774647887324,0.10475352112676056,0.013644366197183098,0.13908450704225353,0.011883802816901408,0.0994718309859155,0.09551056338028169,0.09066901408450705,0.04445422535211268,0.032570422535211266,0.04753521126760563,0.032570422535211266
0.1170539237176677,0.09425690486628671,0.012275317843051293,0.040333187198597104,0.02235861464270057,0.10346339324857519,0.01578255151249452,0.1446733888645331,0.013590530469092503,0.09732573432704954,0.09074967119684349,0.0933800964489259,0.04296361245067953,0.033757124068391056,0.04384042086804033,0.03419552827707146
0.11638120333772507,0.09354413702239789,0.013614404918752744,0.04435660957400088,0.021958717610891524,0.10540184453227931,0.017127799736495388,0.13965744400527008,0.014931927975406236,0.09705753184014053,0.09266578831796222,0.09003074220465525,0.043039086517347384,0.03162055335968379,0.04391743522178305,0.03469477382520861
0.11422222222222222,0.09688888888888889,0.012444444444444444,0.044,0.021333333333333333,0.10844444444444444,0.018222222222222223,0.14,0.015555555555555555,0.09911111111111111,0.08577777777777777,0.08977777777777778,0.044444444444444446,0.029333333333333333,0.044,0.036444444444444446
0.11506730351715154,0.09161962657403387,0.013460703430308293,0.04211897524967434,0.01997394702561876,0.10551454624402953,0.017368649587494574,0.14242292661745548,0.01606600086843248,0.10290924880590534,0.08163265306122448,0.0924880590534086,0.04732957012592271,0.02822405557967868,0.04602692140686062,0.0377768128528007
0.11513301351940688,0.09201918883558657,0.013955516790231139,0.041866550370693416,0.020933275185346708,0.10510248582642825,0.017880505887483647,0.14304404709986918,0.016572176188399478,0.10292193632795464,0.0832969908416921,0.08896641953772351,0.05058874836458788,0.028347143480157,0.042302660270388134,0.03706934147405146
0.11334792122538294,0.0936542669584245,0.01400437636761488,0.04201312910284464,0.02188183807439825,0.10678336980306345,0.018380743982494528,0.14179431072210066,0.01925601750547046,0.0962800875273523,0.08052516411378556,0.0949671772428884,0.05164113785557987,0.025820568927789934,0.04288840262582057,0.036761487964989056
0.12077294685990338,0.0922266139657444,0.013175230566534914,0.04259991216512956,0.023276240667545016,0.10540184453227931,0.018006148440931048,0.1414141414141414,0.01844532279314888,0.09969257795344752,0.07553798858146685,0.09310496267018006,0.052261747913921824,0.02678963548528766,0.04040404040404041,0.03689064558629776
0.11945542380324989,0.09442248572683355,0.012736056214317084,0.04259991216512956,0.021080368906455864,0.10101010101010101,0.01932367149758454,0.13965744400527008,0.021958717610891524,0.10144927536231885,0.07290294246815986,0.09354413702239789,0.05709266578831796,0.026350461133069828,0.04084321475625823,0.03557312252964427
0.12708883025505716,0.09234828496042216,0.013632365875109938,0.04133685136323659,0.020668425681618294,0.10202286719437115,0.019349164467897976,0.13852242744063326,0.021547933157431837,0.0980650835532102,0.07343887423043095,0.09058927000879508,0.058927000879507474,0.025065963060686015,0.04001759014951627,0.03737906772207564
0.12456140350877193,0.09429824561403509,0.013596491228070176,0.04342105263157895,0.021929824561403508,0.0956140350877193,0.019736842105263157,0.1368421052631579,0.02280701754385965,0.1013157894736842,0.07412280701754385,0.0912280701754386,0.060087719298245613,0.02456140350877193,0.038157894736842106,0.037719298245614034
0.12592916484477482,0.0940096195889812,0.014429383471797114,0.04416265850459117,0.021425448185395716,0.0975076519457805,0.019676432006996064,0.1324879755137735,0.02229995627459554,0.10275470048097946,0.07039790118058592,0.09007433318758198,0.06252732837778749,0.025360734586794928,0.038478355924792304,0.038478355924792304
0.1267605633802817,0.09286971830985916,0.014524647887323943,0.04401408450704225,0.021566901408450703,0.09903169014084508,0.018926056338028168,0.13160211267605634,0.02464788732394366,0.10431338028169014,0.06866197183098592,0.08890845070422536,0.06205985915492958,0.02640845070422535,0.03609154929577465,0.03961267605633803
0.12527280663465734,0.09253601047577477,0.013094718463553033,0.044522042776080316,0.02182453077258839,0.09515495416848538,0.017023134002618942,0.13487560017459624,0.023134002618943692,0.1030117852466172,0.06940200785683108,0.092099519860323,0.06329113924050633,0.02968136185072021,0.031863814927979045,0.04321257092972501
0.12904656319290467,0.08647450110864745,0.012860310421286032,0.04478935698447894,0.022172949002217297,0.09445676274944567,0.01818181818181818,0.12993348115299336,0.023059866962305987,0.10598669623059867,0.06784922394678493,0.09534368070953436,0.06341463414634146,0.03148558758314856,0.030598669623059866,0.04434589800443459
0.12783964365256126,0.09042316258351893,0.013808463251670379,0.04855233853006682,0.01915367483296214,0.09621380846325167,0.01737193763919822,0.13452115812917595,0.018708240534521157,0.10244988864142539,0.06726057906458797,0.09799554565701558,0.06146993318485523,0.031180400890868598,0.030734966592427616,0.042316258351893093
0.13315812527376258,0.08541392904073587,0.01445466491458607,0.04949627682873412,0.016644765659220323,0.0976784932106877,0.016206745510293472,0.1322820849759089,0.017958826106000875,0.105562855891371,0.06526500219010074,0.0976784932106877,0.06526500219010074,0.029785370127025843,0.02759526938239159,0.04555409548839247
0.13169446883230904,0.08779631255487269,0.014047410008779631,0.04960491659350307,0.015803336259877086,0.09657594381035997,0.015803336259877086,0.13388937664618086,0.01755926251097454,0.10798946444249341,0.06453028972783142,0.09657594381035997,0.0601404741000878,0.031167690956979806,0.02897278314310799,0.04784899034240562
0.13574261789334507,0.08594094314676069,0.013221683561040106,0.05200528867342442,0.015425297487880123,0.09431467606875275,0.01498457470251212,0.12825033054208904,0.01762891141472014,0.10929925077126487,0.06478624944909651,0.09607756721022477,0.06434552666372852,0.03349493168796827,0.02864698104892023,0.045835169678272364
0.13694407749889917,0.0845442536327609,0.012769704975781594,0.05195948921180097,0.014971378247468076,0.09951563188022898,0.014971378247468076,0.12857771906649054,0.01673271686481726,0.10788199031263761,0.059885512989872304,0.09467195068251871,0.06164685160722149,0.03963011889035667,0.02686041391457508,0.048436811977102597
0.13525305410122165,0.08944153577661432,0.011343804537521814,0.05279232111692845,0.015270506108202443,0.09598603839441536,0.013961605584642234,0.12783595113438045,0.018760907504363003,0.10732984293193717,0.060209424083769635,0.09293193717277487,0.062390924956369984,0.04275741710296684,0.026614310645724257,0.04712041884816754
0.13424295774647887,0.09198943661971831,0.014084507042253521,0.05193661971830986,0.014524647887323943,0.09595070422535211,0.014084507042253521,0.1289612676056338,0.01936619718309859,0.10695422535211267,0.05765845070422535,0.09154929577464789,0.0625,0.043133802816901406,0.025528169014084508,0.04753521126760563
0.13969938107869143,0.08841732979664015,0.015915119363395226,0.052608311229000886,0.01282051282051282,0.09858532272325375,0.011936339522546418,0.12245800176834659,0.017241379310344827,0.10344827586206896,0.05570291777188329,0.09991158267020336,0.06321839080459771,0.04288240495137047,0.02475685234305924,0.050397877984084884
0.14040492957746478,0.08890845070422536,0.01584507042253521,0.0528169014084507,0.011883802816901408,0.09683098591549295,0.01232394366197183,0.12411971830985916,0.017605633802816902,0.10167253521126761,0.05545774647887324,0.09551056338028169,0.06910211267605634,0.04137323943661972,0.02420774647887324,0.05193661971830986
0.1407702523240372,0.08366533864541832,0.015050907481186366,0.05223550243470562,0.01239486498450642,0.09694555112881806,0.013280212483399735,0.1248339973439575,0.017706949977866312,0.10712704736609119,0.05002213368747233,0.09561752988047809,0.07082779991146525,0.041168658698539175,0.02390438247011952,0.05444887118193891
0.13917296576256113,0.08448199199644287,0.013783903957314362,0.05113383726100489,0.014673188083592708,0.09782125389061805,0.013339261894175189,0.12939084037349932,0.018674966651845263,0.10715873721654068,0.04802134281903068,0.09648732770120054,0.06980880391285016,0.041351711871943087,0.021787461093819474,0.052912405513561585
0.13964757709251102,0.08986784140969163,0.014096916299559472,0.052422907488986786,0.014096916299559472,0.09515418502202644,0.014537444933920705,0.12951541850220263,0.020704845814977973,0.1013215859030837,0.04713656387665198,0.09823788546255506,0.06563876651982378,0.04140969162995595,0.023348017621145373,0.05286343612334802
0.14167753150804,0.08518035636679705,0.015210777922642329,0.055193394176445025,0.014341590612777053,0.0938722294654498,0.016514558887440245,0.12863972186006084,0.018687527162103434,0.1016949152542373,0.04563233376792699,0.09908735332464146,0.0686657974793568,0.0434593654932638,0.02216427640156454,0.04997827031725337
0.14052143172779497,0.08395934600088378,0.016349977905435263,0.0552364118426867,0.014582412726469289,0.08926204153778171,0.016349977905435263,0.12814847547503314,0.019885108263367212,0.10693769332744145,0.04286345558992488,0.10075121520106053,0.06981882456915599,0.04551480335837384,0.02209456473707468,0.047724259832081305
0.13865730583589295,0.08336989907854322,0.016235190873189996,0.05616498464238701,0.013163668275559455,0.09258446687143485,0.017990346643264588,0.12988152698551997,0.020623080298376482,0.10530934620447564,0.04212373848179026,0.10004387889425187,0.07152259763053971,0.0451952610794208,0.020184291355857833,0.04695041684949539
0.1388888888888889,0.08465608465608465,0.01675485008818342,0.0582010582010582,0.01146384479717813,0.0855379188712522,0.015873015873015872,0.12962962962962962,0.01984126984126984,0.10714285714285714,0.043209876543209874,0.10141093474426807,0.07671957671957672,0.046296296296296294,0.019400352733686066,0.04497354497354497
0.13732394366197184,0.08714788732394366,0.015404929577464789,0.05765845070422535,0.011443661971830986,0.08494718309859155,0.014964788732394365,0.12764084507042253,0.022007042253521125,0.10519366197183098,0.04225352112676056,0.10387323943661972,0.08054577464788733,0.04533450704225352,0.018926056338028168,0.04533450704225352
0.13901147396293026,0.08473080317740513,0.01676963812886143,0.05736981465136805,0.01059135039717564,0.08605472197705208,0.01412180052956752,0.12268314210061783,0.02030008826125331,0.10900264783759929,0.03927625772285966,0.10414827890556046,0.08031774051191527,0.05030891438658429,0.019858781994704325,0.045454545454545456
0.13698030634573305,0.08183807439824946,0.0175054704595186,0.05601750547045952,0.011378555798687089,0.08402625820568928,0.01487964989059081,0.12428884026258205,0.020568927789934355,0.11466083150984682,0.037199124726477024,0.10196936542669584,0.08315098468271334,0.04901531728665208,0.02013129102844639,0.04638949671772429
0.14097496706192358,0.07861220904699165,0.018006148440931048,0.05709266578831796,0.013614404918752744,0.0821256038647343,0.015371102327624066,0.12077294685990338,0.021519543258673692,0.11506368028107158,0.03645147123407993,0.09881422924901186,0.08519982433025912,0.048748353096179184,0.019762845849802372,0.04787000439174352
0.13676341248900617,0.0773966578715919,0.01759014951627089,0.05408970976253298,0.014511873350923483,0.0839929639401935,0.016270888302550572,0.1218117854001759,0.020228671943711522,0.11961301671064203,0.036499560246262094,0.09938434476693052,0.08883025505716799,0.05013192612137203,0.01802990325417766,0.044854881266490766
0.1363435148295706,0.0765825586542718,0.017706949977866312,0.0566622399291722,0.013280212483399735,0.08410801239486498,0.01637892872952634,0.1239486498450642,0.02080566622399292,0.11952191235059761,0.03762726870296591,0.10048694112439133,0.08543603364320496,0.05267817618415228,0.015493581230633024,0.04293935369632581
0.13153232949512844,0.07395925597874226,0.01904340124003543,0.05757307351638618,0.01550044286979628,0.07927369353410098,0.016386182462356066,0.12311780336581045,0.02037201062887511,0.1204605845881311,0.03675819309123118,0.10141718334809566,0.09255978742249779,0.05358724534986714,0.016386182462356066,0.0420726306465899
0.13045375218150088,0.07024432809773123,0.02006980802792321,0.05977312390924956,0.014397905759162303,0.08071553228621292,0.016579406631762654,0.12260034904013961,0.02181500872600349,0.12172774869109948,0.03577661431064572,0.10078534031413612,0.09336823734729494,0.0549738219895288,0.01614310645724258,0.04057591623036649
0.1313708260105448,0.06766256590509666,0.0210896309314587,0.058875219683655534,0.015377855887521968,0.0812829525483304,0.015817223198594025,0.12390158172231985,0.0210896309314587,0.1195079086115993,0.03427065026362039,0.10193321616871705,0.09797891036906854,0.0531634446397188,0.01625659050966608,0.040421792618629174
0.12927256792287467,0.06660823838737949,0.01971954425942156,0.06266432953549518,0.01621384750219106,0.07931638913234006,0.013584574934268186,0.12094653812445223,0.022348816827344433,0.11875547765118318,0.03374233128834356,0.10341805433829973,0.09991235758106924,0.053023663453111304,0.016652059596844872,0.04382120946538125
0.12913177611282503,0.0639048038783605,0.018069634200088145,0.06346408109299251,0.01762891141472014,0.08241516086381666,0.014103129131776113,0.125165271044513,0.023358307624504186,0.11987659762009696,0.03261348611723226,0.1004847950639048,0.09651828999559277,0.05244601145879242,0.01630674305861613,0.04451300132216836
0.13200883002207506,0.06490066225165562,0.017218543046357615,0.06445916114790287,0.018101545253863136,0.08344370860927153,0.012803532008830023,0.12317880794701987,0.02207505518763797,0.11611479028697572,0.030022075055187638,0.1011037527593819,0.10331125827814569,0.04988962472406181,0.016777041942604858,0.044591611479028695
0.12866520787746172,0.0700218818380744,0.017943107221006564,0.06433260393873086,0.01925601750547046,0.08315098468271334,0.012691466083150985,0.11991247264770241,0.022319474835886213,0.11334792122538294,0.030196936542669583,0.09803063457330416,0.10634573304157549,0.053829321663019694,0.01487964989059081,0.045076586433260395
0.12423178226514486,0.06892010535557506,0.017998244073748903,0.06628621597892889,0.02019315188762072,0.08252853380158033,0.014486391571553995,0.12291483757682177,0.022388059701492536,0.11852502194907814,0.02897278314310799,0.09438103599648814,0.10359964881474978,0.05311676909569798,0.014486391571553995,0.04697102721685689
0.11873350923482849,0.06860158311345646,0.017150395778364115,0.0681618293755497,0.01978891820580475,0.08267370272647317,0.016270888302550572,0.11873350923482849,0.024186455584872472,0.11609498680738786,0.029023746701846966,0.09630606860158311,0.1077396657871592,0.05452946350043975,0.014951627088830254,0.047053649956024624
0.11894273127753303,0.07048458149779736,0.017180616740088105,0.06696035242290749,0.019383259911894272,0.08590308370044053,0.017180616740088105,0.11762114537444934,0.02378854625550661,0.1145374449339207,0.030837004405286344,0.09691629955947137,0.10308370044052863,0.051982378854625554,0.015418502202643172,0.04977973568281938
0.11738746690203,0.06840247131509268,0.014563106796116505,0.0648720211827008,0.019417475728155338,0.08914386584289496,0.01500441306266549,0.11915269196822595,0.02559576345984113,0.11429832303618712,0.030450132391879964,0.09752868490732568,0.1059135039717564,0.0529567519858782,0.01500441306266549,0.05030891438658429
0.1220053238686779,0.06610470275066549,0.015527950310559006,0.06521739130434782,0.01818988464951198,0.08251996450754215,0.015084294587400177,0.12067435669920142,0.027062999112688554,0.11401952085181899,0.027950310559006212,0.09671694764862467,0.10603371783496007,0.055900621118012424,0.016415261756876662,0.050576752440106475
0.12050832602979843,0.06573181419807186,0.011831726555652936,0.06704645048203331,0.019281332164767746,0.08019281332164768,0.015775635407537247,0.1196319018404908,0.024101665205959685,0.11437335670464505,0.028045574057843997,0.0985977212971078,0.1091148115687993,0.05696757230499562,0.01621384750219106,0.05258545135845749
0.12390158172231985,0.06678383128295255,0.01054481546572935,0.06502636203866433,0.020210896309314587,0.07952548330404217,0.015377855887521968,0.11687170474516696,0.02592267135325132,0.11379613356766256,0.028119507908611598,0.09885764499121265,0.10764499121265378,0.056678383128295255,0.01757469244288225,0.0531634446397188
0.12286090390522159,0.06669591926283458,0.010092145677928916,0.06318560772268539,0.019306713470820535,0.0759104870557262,0.015796401930671347,0.11715664765247916,0.025449758666081616,0.11584028082492322,0.027643703378674857,0.10092145677928917,0.11057481351469943,0.05748135146994296,0.017551557700745943,0.05353225098727512
0.1175430844012373,0.062306672558550595,0.01104728236853734,0.06672558550596554,0.018117543084401236,0.07335395492708793,0.0136986301369863,0.12107821475916924,0.02828104286345559,0.11444984533804684,0.03093239063190455,0.10119310649580203,0.1095890410958904,0.05788775961113566,0.017675651789659744,0.05612019443216969
0.11800968736239542,0.0603258476442096,0.012329370321444297,0.07089387934830471,0.01805372082782915,0.0726552179656539,0.01453104359313078,0.12197269925143109,0.030823425803610745,0.11933069132540731,0.029502421840598855,0.09467195068251871,0.10744165565830031,0.0607661822985469,0.01673271686481726,0.05195948921180097
0.11824175824175824,0.05934065934065934,0.013626373626373627,0.07076923076923076,0.018901098901098902,0.07868131868131868,0.013626373626373627,0.11912087912087913,0.03164835164835165,0.1156043956043956,0.028131868131868132,0.090989010989011,0.10813186813186813,0.06285714285714286,0.016263736263736263,0.05406593406593407
0.12182061579651941,0.05845604640785364,0.0142793395805444,0.07184292726461401,0.019187862561356538,0.07585899152164212,0.012940651494868362,0.12003569834895136,0.031236055332440876,0.11557340473003123,0.02677376171352075,0.08790718429272647,0.1106648817492191,0.06693440428380187,0.01606425702811245,0.05042391789379741
0.12450679526523455,0.05611573871109163,0.014905743095133712,0.07584392810170977,0.01797457255589654,0.07321350284962735,0.0131521262604121,0.1179307321350285,0.030688294607628234,0.11968434896975011,0.02761946514686541,0.08417360806663744,0.10653222270933801,0.06970626918018413,0.015344147303814117,0.0526085050416484
0.12494402149574563,0.055978504254366325,0.0161218092252575,0.07254814151365875,0.016569637259292433,0.07210031347962383,0.012091356918943126,0.1141961486789073,0.03179579041648007,0.11688311688311688,0.027765338110165697,0.08866995073891626,0.109717868338558,0.07165248544558889,0.013434841021047918,0.05553067622033139
0.12659902955447727,0.05734450816056462,0.016321129245699163,0.0741067490074989,0.0176444640494045,0.07454786060873402,0.011468901632112925,0.11424790471989413,0.032201146890163214,0.11733568592853992,0.027790030877812087,0.08734009704455227,0.10410233789148654,0.06925452139391267,0.014997794441993825,0.054697838553153945
0.12532981530343007,0.0584872471416007,0.016270888302550572,0.07695690413368514,0.01802990325417766,0.07167985927880387,0.010114335971855761,0.11653474054529464,0.03210202286719437,0.11741424802110818,0.028583992963940194,0.08619173262972735,0.09938434476693052,0.07167985927880387,0.016710642040457344,0.05452946350043975
0.12610229276895943,0.05599647266313933,0.016313932980599646,0.07892416225749559,0.018518518518518517,0.07319223985890652,0.01146384479717813,0.11552028218694885,0.03218694885361552,0.1146384479717813,0.02821869488536155,0.08641975308641975,0.10229276895943562,0.07098765432098765,0.014991181657848324,0.05423280423280423
0.12587719298245614,0.05394736842105263,0.016228070175438595,0.07763157894736843,0.017982456140350878,0.07719298245614035,0.010526315789473684,0.11754385964912281,0.032017543859649125,0.11842105263157894,0.030263157894736843,0.0868421052631579,0.09912280701754386,0.06754385964912281,0.014473684210526316,0.054385964912280704
0.12769704975781593,0.05372082782915016,0.015852047556142668,0.07705856450902686,0.017173051519154558,0.07926023778071334,0.011448701012769706,0.11404667547335975,0.02906208718626156,0.11712901805372083,0.029502421840598855,0.08938793483047115,0.10039630118890357,0.06825187142228094,0.016292382210479964,0.05372082782915016
0.12598770851624233,0.053555750658472345,0.01624231782265145,0.07726075504828797,0.019754170324846356,0.0733099209833187,0.012291483757682178,0.11237928007023705,0.028533801580333626,0.11633011413520632,0.029850746268656716,0.09306409130816505,0.10184372256365233,0.06804214223002635,0.017120280948200176,0.05443371378402107
0.12466725820763087,0.050576752440106475,0.01774622892635315,0.0740905057675244,0.021739130434782608,0.07586512866015972,0.012422360248447204,0.11535048802129548,0.02883762200532387,0.11934338952972494,0.029281277728482696,0.0878438331854481,0.10692102928127772,0.06433007985803017,0.016415261756876662,0.05456965394853593
0.11806167400881057,0.050220264317180616,0.018061674008810574,0.07356828193832599,0.02290748898678414,0.07533039647577093,0.01145374449339207,0.1145374449339207,0.02907488986784141,0.11894273127753303,0.029955947136563875,0.09162995594713656,0.10616740088105726,0.06607929515418502,0.018502202643171806,0.055506607929515416
0.11894273127753303,0.05066079295154185,0.018061674008810574,0.07268722466960352,0.02290748898678414,0.07268722466960352,0.010572687224669603,0.11938325991189427,0.028634361233480177,0.12290748898678414,0.028634361233480177,0.086784140969163,0.10704845814977973,0.06563876651982378,0.018061674008810574,0.05638766519823789
0.11899515204936095,0.050683120317320404,0.01762891141472014,0.0740414279418246,0.0246804759806082,0.07360070515645659,0.010136624063464082,0.11679153812252094,0.029528426619656236,0.11635081533715293,0.027765535478184222,0.0872631115028647,0.10533274570295284,0.06787130894667254,0.01983252534156016,0.059497576024680476
0.1196467991169978,0.051655629139072845,0.015894039735099338,0.07593818984547461,0.025607064017660046,0.07019867549668875,0.011037527593818985,0.11258278145695365,0.02913907284768212,0.11832229580573951,0.029580573951434878,0.0847682119205298,0.10463576158940398,0.06887417218543046,0.02119205298013245,0.060927152317880796
0.11853162317558602,0.04599734630694383,0.016364440513047324,0.0800530738611234,0.02830605926581159,0.06988058381247236,0.010614772224679346,0.11278195488721804,0.02830605926581159,0.11455108359133127,0.027421494913754976,0.08934099955771782,0.09862892525431226,0.0725342768686422,0.020344980097302078,0.06634232640424591
0.12423178226514486,0.04521510096575944,0.016681299385425813,0.07199297629499561,0.029850746268656716,0.0697980684811238,0.010974539069359086,0.1154521510096576,0.0276558384547849,0.11325724319578578,0.028533801580333626,0.08867427568042142,0.09657594381035997,0.07287093942054433,0.020632133450395083,0.06760316066725197
0.12418014866637517,0.04285089637079143,0.013992129427197202,0.07258417140358549,0.02929602098819414,0.07039790118058592,0.009619588981198076,0.11324879755137734,0.031045037166593792,0.12068211630957586,0.02929602098819414,0.08570179274158286,0.09663314385658067,0.07302142544818539,0.020988194140795804,0.0664626147791867
0.11855442926399296,0.043190832966064345,0.015425297487880123,0.07095636844424857,0.02996914940502424,0.07007492287351257,0.010136624063464082,0.11635081533715293,0.02864698104892023,0.12119876597620097,0.030409872190392245,0.0872631115028647,0.09563684442485676,0.07271925958572058,0.020713970912296167,0.06875275451740855
0.11625835189309577,0.04142538975501114,0.016035634743875277,0.06993318485523385,0.032516703786191536,0.07216035634743875,0.011135857461024499,0.11848552338530066,0.027171492204899776,0.11848552338530066,0.032071269487750555,0.08819599109131403,0.09710467706013363,0.07126948775055679,0.0200445434298441,0.06770601336302895
0.11707746478873239,0.04225352112676056,0.017605633802816902,0.07174295774647887,0.03125,0.06866197183098592,0.011443661971830986,0.1210387323943662,0.028169014084507043,0.12015845070422536,0.03125,0.08582746478873239,0.09507042253521127,0.07086267605633803,0.018926056338028168,0.06866197183098592
0.11889035667107001,0.03742844561867019,0.01893439013650374,0.07309555261999119,0.03258476442095993,0.06913254073095552,0.011889035667107,0.12373403786878027,0.027300748568912372,0.11800968736239542,0.03126376045794804,0.08498458828709819,0.09335094671950682,0.07001321003963012,0.01893439013650374,0.07045354469396742
0.11725955204216074,0.03864734299516908,0.01932367149758454,0.07202459376372419,0.032059727711901624,0.06895037329819939,0.011857707509881422,0.12165129556433904,0.029863855950812472,0.11682037768994291,0.03162055335968379,0.08871321914800176,0.09574000878348704,0.06938954765041722,0.018006148440931048,0.06807202459376373
0.11674008810572688,0.039207048458149776,0.019383259911894272,0.07180616740088105,0.033480176211453744,0.06475770925110132,0.012334801762114538,0.12687224669603525,0.029955947136563875,0.1211453744493392,0.03127753303964758,0.08546255506607929,0.09427312775330396,0.06872246696035242,0.018502202643171806,0.06607929515418502
0.11853162317558602,0.03538257408226449,0.019902697921273773,0.0729765590446705,0.03272888102609465,0.06501547987616099,0.01238390092879257,0.12560813799203893,0.029632905793896505,0.11764705882352941,0.033171163202122954,0.08491817779743477,0.09862892525431226,0.06678460858027421,0.018575851393188854,0.06811145510835913
