C_R,C_A,C_S,C_N,D_R,D_A,D_S,D_N,Oc_R,Oc_A,Oc_S,Oc_N,Od_R,Od_A,Od_S,Od_N
0.0,0.0,1.0,0.0,0.0,0.0,0.0,0.0,0.0,0.0,0.0,0.0,0.0,0.0,0.0,0.0
0.0,0.0,0.0,0.0,0.0,0.0,0.0,0.0,1.0,0.0,0.0,0.0,0.0,0.0,0.0,0.0
0.0,0.0,0.0,0.0,0.0,0.0,0.0,0.0,0.0,0.0,0.0,0.0,0.0,0.0,1.0,0.0
0.0,0.0,0.0,0.0,0.5,0.0,0.0,0.0,0.0,0.0,0.0,0.0,0.0,0.0,0.5,0.0
0.0,0.0,0.0,0.0,0.3333333333333333,0.0,0.0,0.0,0.0,0.0,0.0,0.0,0.0,0.0,0.6666666666666666,0.0
0.0,0.25,0.0,0.0,0.25,0.0,0.0,0.0,0.0,0.0,0.0,0.0,0.0,0.0,0.5,0.0
0.0,0.0,0.0,0.0,0.3333333333333333,0.3333333333333333,0.0,0.0,0.0,0.0,0.0,0.0,0.0,0.0,0.3333333333333333,0.0
0.0,0.0,0.0,0.0,0.2,0.4,0.0,0.0,0.0,0.0,0.0,0.0,0.0,0.2,0.2,0.0
0.0,0.0,0.16666666666666666,0.0,0.16666666666666666,0.3333333333333333,0.0,0.0,0.0,0.0,0.0,0.0,0.0,0.16666666666666666,0.16666666666666666,0.0
0.0,0.0,0.2857142857142857,0.0,0.14285714285714285,0.2857142857142857,0.0,0.0,0.0,0.0,0.0,0.0,0.0,0.14285714285714285,0.14285714285714285,0.0
0.0,0.0,0.2857142857142857,0.0,0.14285714285714285,0.14285714285714285,0.0,0.0,0.0,0.0,0.14285714285714285,0.0,0.0,0.14285714285714285,0.14285714285714285,0.0
0.0,0.0,0.25,0.0,0.125,0.125,0.125,0.0,0.0,0.0,0.125,0.0,0.0,0.125,0.125,0.0
0.0,0.0,0.3333333333333333,0.0,0.0,0.1111111111111111,0.1111111111111111,0.1111111111111111,0.0,0.0,0.1111111111111111,0.0,0.0,0.1111111111111111,0.1111111111111111,0.0
0.0,0.0,0.3,0.0,0.0,0.1,0.1,0.1,0.0,0.0,0.2,0.0,0.0,0.1,0.1,0.0
0.0,0.0,0.3333333333333333,0.0,0.0,0.08333333333333333,0.08333333333333333,0.08333333333333333,0.0,0.0,0.08333333333333333,0.0,0.0,0.16666666666666666,0.08333333333333333,0.08333333333333333
0.0,0.0,0.2857142857142857,0.0,0.0,0.07142857142857142,0.07142857142857142,0.07142857142857142,0.0,0.0,0.14285714285714285,0.0,0.0,0.21428571428571427,0.07142857142857142,0.07142857142857142
0.0,0.0,0.26666666666666666,0.0,0.0,0.06666666666666667,0.06666666666666667,0.06666666666666667,0.06666666666666667,0.0,0.13333333333333333,0.0,0.0,0.26666666666666666,0.0,0.06666666666666667
0.0,0.0,0.21428571428571427,0.0,0.0,0.07142857142857142,0.07142857142857142,0.07142857142857142,0.07142857142857142,0.0,0.14285714285714285,0.0,0.0,0.2857142857142857,0.0,0.07142857142857142
0.0,0.0,0.16666666666666666,0.0,0.0,0.16666666666666666,0.08333333333333333,0.16666666666666666,0.08333333333333333,0.0,0.08333333333333333,0.0,0.0,0.25,0.0,0.0
0.0,0.08333333333333333,0.08333333333333333,0.0,0.0,0.16666666666666666,0.08333333333333333,0.25,0.08333333333333333,0.0,0.08333333333333333,0.0,0.0,0.16666666666666666,0.0,0.0
0.0,0.08333333333333333,0.08333333333333333,0.0,0.0,0.16666666666666666,0.08333333333333333,0.25,0.0,0.0,0.08333333333333333,0.0,0.0,0.25,0.0,0.0
0.0,0.06666666666666667,0.06666666666666667,0.0,0.0,0.13333333333333333,0.06666666666666667,0.2,0.0,0.0,0.06666666666666667,0.0,0.0,0.4,0.0,0.0
0.0,0.125,0.0625,0.0,0.0,0.125,0.0625,0.1875,0.0,0.0,0.125,0.0,0.0,0.3125,0.0,0.0
0.0,0.0,0.0625,0.0,0.0,0.125,0.125,0.1875,0.0,0.0,0.125,0.0,0.0,0.375,0.0,0.0
0.0,0.0,0.047619047619047616,0.0,0.0,0.14285714285714285,0.047619047619047616,0.23809523809523808,0.0,0.0,0.14285714285714285,0.0,0.047619047619047616,0.3333333333333333,0.0,0.0
0.0,0.0,0.0,0.0,0.0,0.17391304347826086,0.043478260869565216,0.30434782608695654,0.0,0.0,0.13043478260869565,0.0,0.043478260869565216,0.2608695652173913,0.043478260869565216,0.0
0.0,0.0,0.0,0.0,0.0,0.16,0.04,0.28,0.0,0.0,0.12,0.04,0.04,0.24,0.08,0.0
0.06666666666666667,0.0,0.0,0.0,0.0,0.2,0.03333333333333333,0.3,0.0,0.0,0.06666666666666667,0.03333333333333333,0.03333333333333333,0.2,0.06666666666666667,0.0
0.07407407407407407,0.0,0.0,0.0,0.0,0.2222222222222222,0.037037037037037035,0.2962962962962963,0.0,0.0,0.037037037037037035,0.037037037037037035,0.1111111111111111,0.18518518518518517,0.0,0.0
0.1,0.0,0.0,0.0,0.0,0.23333333333333334,0.03333333333333333,0.26666666666666666,0.0,0.0,0.03333333333333333,0.03333333333333333,0.16666666666666666,0.13333333333333333,0.0,0.0
0.14285714285714285,0.0,0.0,0.0,0.0,0.2,0.02857142857142857,0.2,0.0,0.02857142857142857,0.02857142857142857,0.02857142857142857,0.22857142857142856,0.11428571428571428,0.0,0.0
0.16666666666666666,0.0,0.0,0.0,0.0,0.14285714285714285,0.023809523809523808,0.19047619047619047,0.0,0.023809523809523808,0.023809523809523808,0.047619047619047616,0.2619047619047619,0.11904761904761904,0.0,0.0
0.17647058823529413,0.0,0.0196078431372549,0.0,0.0,0.13725490196078433,0.0196078431372549,0.13725490196078433,0.0,0.0196078431372549,0.0196078431372549,0.0392156862745098,0.29411764705882354,0.13725490196078433,0.0,0.0
0.1774193548387097,0.0,0.016129032258064516,0.0,0.0,0.14516129032258066,0.016129032258064516,0.14516129032258066,0.0,0.016129032258064516,0.016129032258064516,0.04838709677419355,0.3225806451612903,0.0967741935483871,0.0,0.0
0.19480519480519481,0.0,0.05194805194805195,0.0,0.0,0.11688311688311688,0.012987012987012988,0.11688311688311688,0.0,0.012987012987012988,0.012987012987012988,0.05194805194805195,0.35064935064935066,0.07792207792207792,0.0,0.0
0.2391304347826087,0.010869565217391304,0.043478260869565216,0.0,0.021739130434782608,0.09782608695652174,0.010869565217391304,0.11956521739130435,0.0,0.0,0.010869565217391304,0.03260869565217391,0.34782608695652173,0.06521739130434782,0.0,0.0
0.25925925925925924,0.0,0.037037037037037035,0.0,0.027777777777777776,0.06481481481481481,0.009259259259259259,0.09259259259259259,0.0,0.0,0.0,0.027777777777777776,0.4166666666666667,0.06481481481481481,0.0,0.0
0.27906976744186046,0.0,0.031007751937984496,0.0,0.031007751937984496,0.05426356589147287,0.007751937984496124,0.09302325581395349,0.0,0.007751937984496124,0.007751937984496124,0.023255813953488372,0.4108527131782946,0.05426356589147287,0.0,0.0
0.2911392405063291,0.0,0.03164556962025317,0.0,0.02531645569620253,0.04430379746835443,0.006329113924050633,0.08860759493670886,0.0,0.006329113924050633,0.012658227848101266,0.0189873417721519,0.4430379746835443,0.03164556962025317,0.0,0.0
0.30851063829787234,0.0,0.031914893617021274,0.010638297872340425,0.015957446808510637,0.03723404255319149,0.005319148936170213,0.0851063829787234,0.0,0.005319148936170213,0.010638297872340425,0.015957446808510637,0.44148936170212766,0.031914893617021274,0.0,0.0
0.3121951219512195,0.0,0.03414634146341464,0.00975609756097561,0.004878048780487805,0.03414634146341464,0.00975609756097561,0.07317073170731707,0.0,0.004878048780487805,0.00975609756097561,0.014634146341463415,0.4634146341463415,0.02926829268292683,0.0,0.0
0.31666666666666665,0.0,0.029166666666666667,0.0125,0.004166666666666667,0.03333333333333333,0.008333333333333333,0.058333333333333334,0.004166666666666667,0.004166666666666667,0.008333333333333333,0.020833333333333332,0.475,0.025,0.0,0.0
0.31560283687943264,0.0,0.02127659574468085,0.01773049645390071,0.0035460992907801418,0.028368794326241134,0.0070921985815602835,0.0425531914893617,0.0035460992907801418,0.0035460992907801418,0.0035460992907801418,0.024822695035460994,0.5035460992907801,0.01773049645390071,0.0070921985815602835,0.0
0.3035143769968051,0.0,0.01597444089456869,0.01597444089456869,0.003194888178913738,0.03194888178913738,0.009584664536741214,0.03194888178913738,0.003194888178913738,0.003194888178913738,0.003194888178913738,0.022364217252396165,0.5303514376996805,0.01597444089456869,0.006389776357827476,0.003194888178913738
0.307909604519774,0.0,0.014124293785310734,0.022598870056497175,0.002824858757062147,0.025423728813559324,0.005649717514124294,0.02824858757062147,0.0,0.002824858757062147,0.002824858757062147,0.014124293785310734,0.5536723163841808,0.011299435028248588,0.005649717514124294,0.002824858757062147
0.31,0.0,0.015,0.025,0.0025,0.02,0.0075,0.0225,0.0,0.0025,0.0025,0.0175,0.56,0.0075,0.005,0.0025
0.30620985010706636,0.0021413276231263384,0.01284796573875803,0.029978586723768737,0.004282655246252677,0.021413276231263382,0.006423982869379015,0.019271948608137045,0.0,0.0021413276231263384,0.006423982869379015,0.017130620985010708,0.5588865096359743,0.006423982869379015,0.004282655246252677,0.0021413276231263384
0.3107569721115538,0.00199203187250996,0.01195219123505976,0.03187250996015936,0.00398406374501992,0.017928286852589643,0.00796812749003984,0.0199203187250996,0.00199203187250996,0.00597609561752988,0.00398406374501992,0.01593625498007968,0.5517928286852589,0.00796812749003984,0.00398406374501992,0.00199203187250996
0.304029304029304,0.005494505494505495,0.01098901098901099,0.040293040293040296,0.003663003663003663,0.016483516483516484,0.007326007326007326,0.016483516483516484,0.0018315018315018315,0.003663003663003663,0.005494505494505495,0.01282051282051282,0.5586080586080586,0.007326007326007326,0.003663003663003663,0.0018315018315018315
0.3223684210526316,0.006578947368421052,0.011513157894736841,0.044407894736842105,0.003289473684210526,0.013157894736842105,0.006578947368421052,0.01644736842105263,0.001644736842105263,0.0,0.006578947368421052,0.014802631578947368,0.5427631578947368,0.004934210526315789,0.003289473684210526,0.001644736842105263
0.321483771251932,0.0061823802163833074,0.00927357032457496,0.05409582689335394,0.0030911901081916537,0.013910355486862442,0.0061823802163833074,0.017001545595054096,0.0015455950540958269,0.0,0.00463678516228748,0.00927357032457496,0.5425038639876353,0.0030911901081916537,0.0061823802163833074,0.0015455950540958269
0.3138888888888889,0.005555555555555556,0.008333333333333333,0.06388888888888888,0.002777777777777778,0.0125,0.008333333333333333,0.016666666666666666,0.001388888888888889,0.0,0.006944444444444444,0.009722222222222222,0.5388888888888889,0.004166666666666667,0.005555555555555556,0.001388888888888889
0.30994897959183676,0.006377551020408163,0.008928571428571428,0.07015306122448979,0.003826530612244898,0.01020408163265306,0.008928571428571428,0.01913265306122449,0.002551020408163265,0.0,0.006377551020408163,0.008928571428571428,0.5318877551020408,0.003826530612244898,0.006377551020408163,0.002551020408163265
0.31145584725536996,0.0059665871121718375,0.010739856801909307,0.07875894988066826,0.0059665871121718375,0.008353221957040573,0.00954653937947494,0.015513126491646777,0.002386634844868735,0.0,0.0059665871121718375,0.007159904534606206,0.5238663484486874,0.00477326968973747,0.0059665871121718375,0.003579952267303103
0.305159165751921,0.006586169045005488,0.009879253567508232,0.0845225027442371,0.007683863885839737,0.007683863885839737,0.010976948408342482,0.013172338090010977,0.0021953896816684962,0.0,0.007683863885839737,0.007683863885839737,0.5225027442371021,0.0043907793633369925,0.006586169045005488,0.003293084522502744
0.30558375634517765,0.007106598984771574,0.007106598984771574,0.09340101522842639,0.008121827411167513,0.008121827411167513,0.01015228426395939,0.012182741116751269,0.0020304568527918783,0.0020304568527918783,0.008121827411167513,0.005076142131979695,0.516751269035533,0.0040609137055837565,0.005076142131979695,0.005076142131979695
0.29703915950334286,0.007640878701050621,0.007640878701050621,0.09264565425023878,0.008595988538681949,0.0057306590257879654,0.007640878701050621,0.010506208213944603,0.0019102196752626551,0.0028653295128939827,0.007640878701050621,0.004775549188156638,0.5300859598853869,0.0038204393505253103,0.0066857688634192934,0.004775549188156638
0.29281277728482696,0.00709849157054126,0.00709849157054126,0.10204081632653061,0.00709849157054126,0.006211180124223602,0.006211180124223602,0.01064773735581189,0.001774622892635315,0.0026619343389529724,0.007985803016858917,0.006211180124223602,0.5288376220053239,0.0044365572315882874,0.0044365572315882874,0.0044365572315882874
0.29401993355481726,0.005813953488372093,0.005813953488372093,0.10880398671096346,0.007475083056478406,0.005813953488372093,0.006644518272425249,0.009136212624584718,0.0049833887043189366,0.0024916943521594683,0.007475083056478406,0.0049833887043189366,0.5240863787375415,0.004152823920265781,0.004152823920265781,0.004152823920265781
0.2942564909520063,0.0055074744295830055,0.007081038552321007,0.1077891424075531,0.007081038552321007,0.0055074744295830055,0.007081038552321007,0.011801730920535013,0.003933910306845004,0.003147128245476003,0.007867820613690008,0.006294256490952006,0.5200629425649095,0.004720692368214005,0.003933910306845004,0.003933910306845004
0.28982300884955753,0.005162241887905605,0.008112094395280236,0.11356932153392331,0.007374631268436578,0.005162241887905605,0.007374631268436578,0.011799410029498525,0.0029498525073746312,0.0029498525073746312,0.007374631268436578,0.005162241887905605,0.5213864306784661,0.005162241887905605,0.0029498525073746312,0.003687315634218289
0.2854122621564482,0.004228329809725159,0.006342494714587738,0.11486962649753348,0.007047216349541931,0.004933051444679351,0.006342494714587738,0.010570824524312896,0.0028188865398167725,0.0035236081747709656,0.007751937984496124,0.005637773079633545,0.5278365045806906,0.005637773079633545,0.0035236081747709656,0.0035236081747709656
0.2833109017496635,0.0033647375504710633,0.005383580080753701,0.11238223418573351,0.008075370121130552,0.005383580080753701,0.006729475100942127,0.010767160161507403,0.0026917900403768506,0.004037685060565276,0.006729475100942127,0.006056527590847914,0.531628532974428,0.006056527590847914,0.004710632570659489,0.0026917900403768506
0.2729608220937701,0.0038535645472061657,0.005138086062941554,0.11753371868978806,0.007707129094412331,0.005780346820809248,0.005780346820809248,0.010918432883750802,0.0032113037893384713,0.005138086062941554,0.005138086062941554,0.007064868336544637,0.535645472061657,0.007064868336544637,0.0038535645472061657,0.0032113037893384713
0.28059332509270707,0.003708281829419036,0.005562422744128554,0.11742892459826947,0.00865265760197775,0.004944375772558714,0.004326328800988875,0.009888751545117428,0.0030902348578491965,0.006798516687268232,0.006798516687268232,0.006180469715698393,0.5278121137206427,0.007416563658838072,0.003708281829419036,0.0030902348578491965
0.27001194743130225,0.004181600955794504,0.004181600955794504,0.11887694145758662,0.008363201911589008,0.005973715651135006,0.0047789725209080045,0.008960573476702509,0.002986857825567503,0.005973715651135006,0.007765830346475508,0.005376344086021506,0.5364396654719236,0.007765830346475508,0.0047789725209080045,0.0035842293906810036
0.2700983227299017,0.004048582995951417,0.004048582995951417,0.12203585887796414,0.00578368999421631,0.005205320994794679,0.004626951995373048,0.010410641989589358,0.004626951995373048,0.005205320994794679,0.007518796992481203,0.00578368999421631,0.5349913244650086,0.007518796992481203,0.005205320994794679,0.002891844997108155
0.2634797109505281,0.0044469149527515284,0.0038910505836575876,0.1272929405225125,0.005558643690939411,0.005558643690939411,0.0044469149527515284,0.010005558643690939,0.0044469149527515284,0.006670372429127293,0.006670372429127293,0.006670372429127293,0.5358532518065592,0.007226236798221234,0.005002779321845469,0.0027793218454697055
0.26440495422724825,0.003769520732364028,0.003769520732364028,0.12924071082390953,0.007000538502961767,0.0059235325794291865,0.005385029617662897,0.011847065158858373,0.0032310177705977385,0.006462035541195477,0.007000538502961767,0.006462035541195477,0.5320409262250942,0.006462035541195477,0.004846526655896607,0.002154011847065159
0.258030542390732,0.003686150605581885,0.004739336492890996,0.13059505002632965,0.005792522380200105,0.005792522380200105,0.00737230121116377,0.011058451816745656,0.003686150605581885,0.0052659294365455505,0.006845708267509215,0.007898894154818325,0.5344918378093734,0.007898894154818325,0.004739336492890996,0.00210637177461822
0.26394628099173556,0.005165289256198347,0.006198347107438017,0.1265495867768595,0.005681818181818182,0.006714876033057851,0.008264462809917356,0.00981404958677686,0.004132231404958678,0.0046487603305785125,0.007231404958677686,0.007747933884297521,0.5278925619834711,0.00878099173553719,0.005165289256198347,0.002066115702479339
0.25646224024328435,0.006082108464267613,0.00506842372022301,0.12671059300557527,0.006082108464267613,0.006082108464267613,0.008109477952356817,0.008616320324379118,0.0040547389761784085,0.00506842372022301,0.007602635580334516,0.006588950836289914,0.53522554485555,0.00912316269640142,0.005575266092245312,0.0035478966041561076
0.262720156555773,0.00684931506849315,0.004892367906066536,0.1223091976516634,0.00684931506849315,0.00684931506849315,0.007338551859099804,0.009784735812133072,0.004403131115459882,0.0053816046966731895,0.00684931506849315,0.0053816046966731895,0.5308219178082192,0.010273972602739725,0.005870841487279843,0.003424657534246575
0.2562984496124031,0.006782945736434108,0.0048449612403100775,0.12742248062015504,0.005813953488372093,0.007267441860465116,0.007267441860465116,0.010174418604651164,0.005329457364341085,0.005329457364341085,0.006298449612403101,0.005329457364341085,0.5285852713178295,0.011143410852713179,0.007267441860465116,0.0048449612403100775
0.25177472787505917,0.00709891150023663,0.005205868433506862,0.12399432087079981,0.005679129200189304,0.007572172266919072,0.008045433033601515,0.009938476100331283,0.005205868433506862,0.005679129200189304,0.005679129200189304,0.006152389966871746,0.5338381448177946,0.011358258400378608,0.00709891150023663,0.005679129200189304
0.2529439472444654,0.006123410268487989,0.0051813471502590676,0.125765426283561,0.004239284032030146,0.00659444182760245,0.00706547338671691,0.009420631182289214,0.0051813471502590676,0.006123410268487989,0.005652378709373528,0.00659444182760245,0.5341497880357984,0.012246820536975978,0.00706547338671691,0.005652378709373528
0.2496493688639551,0.0065451145395044414,0.005142589995324918,0.12903225806451613,0.004207573632538569,0.007947639083683964,0.006077606358111267,0.008415147265077139,0.004207573632538569,0.006077606358111267,0.005610098176718092,0.006077606358111267,0.5343618513323983,0.011220196353436185,0.008882655446470314,0.0065451145395044414
0.2513940520446097,0.006970260223048327,0.004646840148698885,0.13197026022304834,0.0032527881040892194,0.00929368029739777,0.006970260223048327,0.006970260223048327,0.004646840148698885,0.006970260223048327,0.0055762081784386614,0.005111524163568773,0.5306691449814126,0.010687732342007435,0.007899628252788104,0.006970260223048327
0.2588126159554731,0.006957328385899814,0.004174397031539889,0.12708719851576994,0.004174397031539889,0.008348794063079777,0.006957328385899814,0.007884972170686457,0.004174397031539889,0.006957328385899814,0.00510204081632653,0.00510204081632653,0.5292207792207793,0.010667903525046383,0.007884972170686457,0.006493506493506494
0.2587316176470588,0.0078125,0.004595588235294118,0.12270220588235294,0.003676470588235294,0.008272058823529412,0.0059742647058823525,0.008272058823529412,0.004595588235294118,0.0078125,0.00505514705882353,0.00505514705882353,0.5349264705882353,0.009650735294117647,0.0078125,0.00505514705882353
0.2574931880108992,0.006811989100817439,0.004995458673932788,0.1271571298819255,0.0027247956403269754,0.009536784741144414,0.005903723887375113,0.008174386920980926,0.004541326067211626,0.008174386920980926,0.006811989100817439,0.005449591280653951,0.5295186194368756,0.00862851952770209,0.007720254314259764,0.006357856494096276
0.2608499095840868,0.0054249547920434,0.0045207956600361665,0.13652802893309224,0.003616636528028933,0.010397830018083183,0.006781193490054249,0.00949367088607595,0.00406871609403255,0.0081374321880651,0.005877034358047016,0.006329113924050633,0.515370705244123,0.008589511754068717,0.006781193490054249,0.007233273056057866
0.25622775800711745,0.005782918149466192,0.004448398576512456,0.13167259786476868,0.00400355871886121,0.010231316725978648,0.0066725978647686835,0.008451957295373666,0.0035587188612099642,0.008451957295373666,0.005338078291814947,0.0071174377224199285,0.5249110320284698,0.009341637010676156,0.0066725978647686835,0.0071174377224199285
0.2576164874551971,0.005376344086021506,0.004480286738351254,0.1388888888888889,0.00492831541218638,0.009408602150537635,0.0062724014336917565,0.008512544802867384,0.002688172043010753,0.008960573476702509,0.005824372759856631,0.007168458781362007,0.5161290322580645,0.010304659498207885,0.0062724014336917565,0.007168458781362007
0.2556291390728477,0.004856512141280353,0.005739514348785872,0.13642384105960265,0.004415011037527594,0.009271523178807948,0.006622516556291391,0.010596026490066225,0.003532008830022075,0.008388520971302429,0.006181015452538631,0.00706401766004415,0.5187637969094923,0.009713024282560706,0.005739514348785872,0.00706401766004415
0.25617283950617287,0.003968253968253968,0.006172839506172839,0.1300705467372134,0.003527336860670194,0.009700176366843033,0.005291005291005291,0.011904761904761904,0.005731922398589065,0.008818342151675485,0.006172839506172839,0.005291005291005291,0.5224867724867724,0.011022927689594356,0.005731922398589065,0.007936507936507936
0.2498888394842152,0.004001778568252557,0.004891062694530902,0.1329479768786127,0.004001778568252557,0.009782125389061804,0.006224988883948421,0.011560693641618497,0.005780346820809248,0.008892841262783458,0.005780346820809248,0.006224988883948421,0.5233437083148066,0.012449977767896843,0.006669630947087594,0.00755891507336594
0.250886524822695,0.004432624113475178,0.004875886524822695,0.13031914893617022,0.004875886524822695,0.011081560283687944,0.004875886524822695,0.011081560283687944,0.00576241134751773,0.008865248226950355,0.0062056737588652485,0.004875886524822695,0.526595744680851,0.010638297872340425,0.006648936170212766,0.007978723404255319
0.25254312251216277,0.004865103936311367,0.005307386112339673,0.13268465280849182,0.006191950464396285,0.009730207872622734,0.003980539584254755,0.011499336576735958,0.006634232640424591,0.009730207872622734,0.006191950464396285,0.005749668288367979,0.5161432994250331,0.013710747456877488,0.007076514816452897,0.00796107916850951
0.247992863514719,0.006244424620874219,0.006244424620874219,0.13291703835860838,0.007136485280999108,0.009812667261373774,0.004014272970561998,0.01159678858162355,0.006690454950936664,0.010704727921498661,0.005798394290811775,0.007136485280999108,0.5133809099018734,0.013826940231935772,0.007582515611061552,0.008920606601248885
0.24295302013422818,0.009395973154362415,0.006711409395973154,0.12930648769574943,0.006263982102908278,0.01029082774049217,0.0035794183445190158,0.013870246085011185,0.006711409395973154,0.010738255033557046,0.005369127516778523,0.006711409395973154,0.5167785234899329,0.013870246085011185,0.008053691275167786,0.009395973154362415
0.24487978628673196,0.010240427426536063,0.005342831700801425,0.13045414069456812,0.00578806767586821,0.01068566340160285,0.002226179875333927,0.015138023152270703,0.00578806767586821,0.009795191451469279,0.004897595725734639,0.007123775601068566,0.5173642030276047,0.012911843276936777,0.006678539626001781,0.01068566340160285
0.24955277280858676,0.008944543828264758,0.004919499105545617,0.1319320214669052,0.007602862254025045,0.008944543828264758,0.0026833631484794273,0.01520572450805009,0.005813953488372093,0.01073345259391771,0.006708407871198569,0.007155635062611807,0.5116279069767442,0.012522361359570662,0.005813953488372093,0.009838998211091235
0.24124168514412417,0.010643015521064302,0.004878048780487805,0.13215077605321507,0.0066518847006651885,0.010199556541019957,0.0026607538802660754,0.012860310421286032,0.004878048780487805,0.00975609756097561,0.007095343680709534,0.007982261640798226,0.5223946784922394,0.011086474501108648,0.005764966740576497,0.00975609756097561
0.2464476021314387,0.010213143872113677,0.0053285968028419185,0.13099467140319715,0.007104795737122558,0.009769094138543518,0.0026642984014209592,0.013765541740674956,0.003996447602131439,0.008880994671403197,0.0066607460035523975,0.008880994671403197,0.5182060390763765,0.010657193605683837,0.006216696269982238,0.010213143872113677
0.24489795918367346,0.011091393078970719,0.006211180124223602,0.12910381543921917,0.006211180124223602,0.01064773735581189,0.003105590062111801,0.013309671694764862,0.0044365572315882874,0.0075421472937000885,0.00709849157054126,0.009316770186335404,0.518189884649512,0.011535048802129548,0.006211180124223602,0.011091393078970719
0.247682119205298,0.010154525386313467,0.006181015452538631,0.12891832229580574,0.006622516556291391,0.008830022075055188,0.003973509933774834,0.013686534216335542,0.005298013245033113,0.008388520971302429,0.00706401766004415,0.008388520971302429,0.5152317880794702,0.010596026490066225,0.007947019867549669,0.011037527593818985
0.2441189525077674,0.009320905459387484,0.005770084332001775,0.13004882379050156,0.007101642254771416,0.009764758100310697,0.0031069684864624943,0.013315579227696404,0.006657789613848202,0.009320905459387484,0.007101642254771416,0.007545494895694629,0.5153129161118508,0.011096316023080338,0.00887705281846427,0.01154016866400355
0.24556737588652483,0.008421985815602837,0.0062056737588652485,0.12898936170212766,0.008421985815602837,0.011081560283687944,0.0035460992907801418,0.01374113475177305,0.0070921985815602835,0.00975177304964539,0.006648936170212766,0.007978723404255319,0.5093085106382979,0.01152482269503546,0.00975177304964539,0.011968085106382979
0.24519015659955257,0.008501118568232663,0.006263982102908278,0.1261744966442953,0.0071588366890380315,0.011185682326621925,0.004026845637583893,0.014317673378076063,0.007606263982102908,0.009843400447427294,0.0071588366890380315,0.007606263982102908,0.5118568232662193,0.012527964205816556,0.008948545861297539,0.011633109619686801
0.2428443649373882,0.008944543828264758,0.006708407871198569,0.12567084078711985,0.007602862254025045,0.011180679785330949,0.0031305903398926656,0.013416815742397137,0.007602862254025045,0.01073345259391771,0.006261180679785331,0.007602862254025045,0.5165474060822898,0.011627906976744186,0.007602862254025045,0.012522361359570662
0.24243772241992884,0.0071174377224199285,0.007562277580071174,0.12677935943060498,0.0066725978647686835,0.01112099644128114,0.003113879003558719,0.014234875444839857,0.007562277580071174,0.008896797153024912,0.005782918149466192,0.008451957295373666,0.5182384341637011,0.010676156583629894,0.008451957295373666,0.012900355871886121
0.23875278396436525,0.0071269487750556795,0.0071269487750556795,0.12383073496659243,0.0075723830734966595,0.011581291759465479,0.0035634743875278397,0.012472160356347439,0.008908685968819599,0.010690423162583519,0.005345211581291759,0.008017817371937639,0.5211581291759465,0.010690423162583519,0.008463251670378619,0.014699331848552339
0.2385809312638581,0.00753880266075388,0.007095343680709534,0.1237250554323725,0.007982261640798226,0.01197339246119734,0.004434589800443459,0.012860310421286032,0.00975609756097561,0.011529933481152993,0.005321507760532151,0.007095343680709534,0.517960088691796,0.010643015521064302,0.008869179600886918,0.014634146341463415
0.238585496866607,0.007162041181736795,0.007609668755595345,0.12309758281110117,0.008952551477170993,0.011190689346463742,0.004476275738585497,0.012533572068039392,0.009847806624888093,0.012085944494180842,0.005371530886302597,0.007162041181736795,0.5214861235452104,0.009400179051029543,0.008057296329453895,0.012981199641897942
0.23508299685957829,0.005832211754149843,0.006729475100942127,0.126514131897712,0.008524001794526694,0.011215791834903545,0.005383580080753701,0.010767160161507403,0.010767160161507403,0.00986989681471512,0.005383580080753701,0.007178106774338268,0.5266935845670704,0.00986989681471512,0.008524001794526694,0.011664423508299685
0.23616071428571428,0.005357142857142857,0.007589285714285714,0.12946428571428573,0.008035714285714285,0.010714285714285714,0.004464285714285714,0.009821428571428571,0.009821428571428571,0.011160714285714286,0.005357142857142857,0.007142857142857143,0.525,0.009375,0.008928571428571428,0.011607142857142858
0.23461708720672864,0.005754758742806552,0.007525453740593183,0.12616201859229748,0.007082779991146525,0.011509517485613104,0.00398406374501992,0.010624169986719787,0.010624169986719787,0.011066843736166445,0.005754758742806552,0.007082779991146525,0.5285524568393094,0.008410801239486499,0.008853474988933156,0.01239486498450642
0.23754448398576514,0.006227758007117438,0.007562277580071174,0.12544483985765126,0.0066725978647686835,0.01201067615658363,0.0035587188612099642,0.010676156583629894,0.010676156583629894,0.010676156583629894,0.004893238434163701,0.0071174377224199285,0.5262455516014235,0.009341637010676156,0.00800711743772242,0.013345195729537367
0.24282560706401765,0.008388520971302429,0.007947019867549669,0.12494481236203091,0.006181015452538631,0.011037527593818985,0.0030905077262693157,0.009713024282560706,0.009271523178807948,0.010596026490066225,0.003973509933774834,0.00706401766004415,0.5200883002207506,0.010596026490066225,0.008830022075055188,0.01545253863134658
0.24456280514869064,0.007545494895694629,0.008433200177541057,0.1216156236129605,0.006213936972924989,0.011096316023080338,0.003550821127385708,0.010652463382157125,0.009320905459387484,0.009764758100310697,0.004438526409232135,0.007989347536617843,0.5233022636484687,0.008433200177541057,0.007989347536617843,0.015090989791389259
0.241714538223597,0.007954043305346884,0.007070260715863898,0.1179849756959788,0.0061864781263809105,0.01104728236853734,0.003977021652673442,0.010163499779054353,0.008837825894829872,0.008837825894829872,0.004860804242156429,0.009279717189571365,0.5302695536897923,0.008837825894829872,0.007954043305346884,0.015024304021210782
0.24142538975501113,0.0075723830734966595,0.0075723830734966595,0.12026726057906459,0.005790645879732739,0.010244988864142539,0.0035634743875278397,0.008463251670378619,0.0071269487750556795,0.008017817371937639,0.004454342984409799,0.008463251670378619,0.534075723830735,0.009354120267260579,0.008017817371937639,0.015590200445434299
0.246776345042241,0.007114273010226767,0.006669630947087594,0.12138728323699421,0.006669630947087594,0.008003557136505114,0.0035571365051133837,0.008448199199644287,0.00755891507336594,0.008892841262783458,0.004001778568252557,0.007114273010226767,0.5331258337038683,0.00755891507336594,0.00755891507336594,0.015562472209871054
0.24910714285714286,0.007589285714285714,0.007142857142857143,0.12098214285714286,0.005803571428571429,0.008035714285714285,0.0040178571428571425,0.008928571428571428,0.007589285714285714,0.008035714285714285,0.0040178571428571425,0.007142857142857143,0.5316964285714286,0.007142857142857143,0.007142857142857143,0.015625
0.2441189525077674,0.007989347536617843,0.007101642254771416,0.11984021304926765,0.006657789613848202,0.006213936972924989,0.004438526409232135,0.007989347536617843,0.007101642254771416,0.007989347536617843,0.005770084332001775,0.005326231691078562,0.5401686640035508,0.007101642254771416,0.007101642254771416,0.015090989791389259
0.24955985915492956,0.008802816901408451,0.007482394366197183,0.11971830985915492,0.006161971830985915,0.006602112676056338,0.0048415492957746475,0.007482394366197183,0.007042253521126761,0.008802816901408451,0.006161971830985915,0.006602112676056338,0.53125,0.006602112676056338,0.007042253521126761,0.01584507042253521
0.2507753655294639,0.008418254319893664,0.007089056269384138,0.11741249446167479,0.0057598582188746125,0.007532122286220647,0.004873726185201595,0.007975188303057155,0.008418254319893664,0.00930438635356668,0.00664599025254763,0.006202924235711121,0.5281346920691183,0.007089056269384138,0.007532122286220647,0.016836508639787327
0.25155555555555553,0.008,0.0071111111111111115,0.11733333333333333,0.006666666666666667,0.008,0.0044444444444444444,0.008444444444444444,0.008444444444444444,0.008888888888888889,0.006666666666666667,0.006666666666666667,0.528,0.004888888888888889,0.006666666666666667,0.018222222222222223
0.259391771019678,0.008944543828264758,0.005813953488372093,0.11896243291592129,0.007155635062611807,0.008050089445438283,0.004025044722719142,0.009391771019677997,0.008050089445438283,0.00849731663685152,0.008050089445438283,0.005366726296958855,0.5205724508050089,0.004025044722719142,0.006261180679785331,0.01744186046511628
0.24988804299149125,0.009404388714733543,0.005821764442454098,0.11688311688311688,0.00806090461262875,0.00761307657859382,0.004030452306314375,0.00761307657859382,0.006717420510523959,0.006717420510523959,0.00806090461262875,0.0049261083743842365,0.5360501567398119,0.0049261083743842365,0.005821764442454098,0.017465293327362293
0.2546419098143236,0.008399646330680813,0.005747126436781609,0.11671087533156499,0.007957559681697613,0.007957559681697613,0.003978779840848806,0.007515473032714412,0.007073386383731211,0.005747126436781609,0.007073386383731211,0.004420866489832007,0.53315649867374,0.00618921308576481,0.005305039787798408,0.018125552608311227
0.2575221238938053,0.009292035398230088,0.0048672566371681415,0.11592920353982301,0.007964601769911504,0.007964601769911504,0.005309734513274336,0.007964601769911504,0.005309734513274336,0.006194690265486726,0.007079646017699115,0.004424778761061947,0.5323008849557522,0.005752212389380531,0.005309734513274336,0.016814159292035398
0.2605820105820106,0.008818342151675485,0.0048500881834215165,0.11552028218694885,0.007936507936507936,0.006172839506172839,0.005731922398589065,0.00837742504409171,0.005291005291005291,0.006172839506172839,0.007054673721340388,0.004409171075837742,0.5286596119929453,0.007495590828924162,0.006172839506172839,0.01675485008818342
0.2541998231653404,0.008841732979664015,0.004862953138815208,0.11936339522546419,0.007957559681697613,0.00618921308576481,0.006631299734748011,0.009725906277630416,0.005747126436781609,0.00618921308576481,0.00618921308576481,0.004420866489832007,0.5274093722369585,0.008841732979664015,0.005305039787798408,0.018125552608311227
0.24966740576496674,0.009312638580931265,0.005764966740576497,0.12239467849223946,0.008869179600886918,0.007982261640798226,0.007982261640798226,0.009312638580931265,0.004878048780487805,0.0066518847006651885,0.007095343680709534,0.005321507760532151,0.5228381374722838,0.008869179600886918,0.0066518847006651885,0.016407982261640797
0.25110717449069975,0.010186005314437556,0.007528786536758193,0.1200177147918512,0.007971656333038087,0.009300265721877768,0.007528786536758193,0.00841452612931798,0.0044286979627989375,0.006200177147918512,0.0070859167404783,0.005314437555358724,0.5243578387953941,0.007971656333038087,0.0070859167404783,0.01550044286979628
0.25513851653261843,0.010723860589812333,0.007596067917783735,0.113047363717605,0.0071492403932082215,0.010277033065236819,0.0071492403932082215,0.008489722966934763,0.004468275245755138,0.00580875781948168,0.0071492403932082215,0.006255585344057194,0.5254691689008043,0.008936550491510277,0.0071492403932082215,0.01519213583556747
0.2598214285714286,0.010267857142857143,0.007589285714285714,0.11160714285714286,0.008035714285714285,0.012053571428571429,0.006696428571428571,0.006696428571428571,0.0040178571428571425,0.005357142857142857,0.008035714285714285,0.00625,0.5254464285714285,0.009375,0.005357142857142857,0.013392857142857142
0.26163578852236785,0.00858563036601898,0.0076818798011748755,0.10935381834613647,0.008133755083596927,0.011296882060551287,0.00587437867148667,0.006778129236330773,0.005422503389064619,0.005422503389064619,0.0076818798011748755,0.0063262539539087215,0.5300497062810664,0.00858563036601898,0.005422503389064619,0.01174875734297334
0.26308784383318545,0.008873114463176575,0.008429458740017746,0.11180124223602485,0.008873114463176575,0.011535048802129548,0.005323868677905945,0.006654835847382431,0.006211180124223602,0.005767524401064774,0.007985803016858917,0.006654835847382431,0.5204081632653061,0.009760425909494233,0.005767524401064774,0.012866015971606033
0.2599020916777926,0.009790832220738763,0.008455718736092568,0.11081441922563418,0.009345794392523364,0.011125945705384957,0.005785491766800178,0.006230529595015576,0.005785491766800178,0.005785491766800178,0.008900756564307966,0.007120605251446373,0.5246995994659546,0.008455718736092568,0.006230529595015576,0.011570983533600357
0.2558654271801682,0.00796812749003984,0.008410801239486499,0.11288180610889774,0.008853474988933156,0.01018149623727313,0.00619743249225321,0.007082779991146525,0.007082779991146525,0.007082779991146525,0.00796812749003984,0.007525453740593183,0.5267817618415228,0.00796812749003984,0.007082779991146525,0.011066843736166445
0.26042133572389065,0.007171671896010758,0.008068130883012102,0.10802330793366204,0.008516360376512775,0.010309278350515464,0.004930524428507396,0.008516360376512775,0.008516360376512775,0.00761990138951143,0.007171671896010758,0.007171671896010758,0.5284625728372927,0.007171671896010758,0.007171671896010758,0.010757507844016136
0.2620967741935484,0.005824372759856631,0.006720430107526882,0.10797491039426524,0.008064516129032258,0.010752688172043012,0.004032258064516129,0.008960573476702509,0.008512544802867384,0.007168458781362007,0.007168458781362007,0.008064516129032258,0.5318100358422939,0.008064516129032258,0.0062724014336917565,0.008512544802867384
0.2603287427809862,0.007552199022656597,0.00888494002665482,0.1061750333185251,0.006219458018658374,0.01288316303864949,0.003998223011994669,0.007996446023989337,0.00888494002665482,0.006663705019991115,0.007552199022656597,0.007552199022656597,0.5330964015992892,0.007996446023989337,0.006663705019991115,0.007552199022656597
0.2628797886393659,0.007045354469396741,0.009247027741083224,0.10171730515191546,0.0066050198150594455,0.013210039630118891,0.003963011889035667,0.007485689123734038,0.009247027741083224,0.0066050198150594455,0.007485689123734038,0.007485689123734038,0.535006605019815,0.00836635843240863,0.0066050198150594455,0.007045354469396741
0.26479750778816197,0.006675567423230975,0.008455718736092568,0.10235870048954161,0.007120605251446373,0.014241210502892745,0.003115264797507788,0.00801068090787717,0.008455718736092568,0.006675567423230975,0.0075656430796617715,0.006675567423230975,0.5344904316866934,0.0075656430796617715,0.007120605251446373,0.006675567423230975
0.2661647475642161,0.005757307351638618,0.007971656333038087,0.09787422497785651,0.005314437555358724,0.013728963684676704,0.003985828166519044,0.00841452612931798,0.007971656333038087,0.006200177147918512,0.007971656333038087,0.007971656333038087,0.5380868024800709,0.007528786536758193,0.007971656333038087,0.0070859167404783
0.26437806509139544,0.006687472135532769,0.007579135086937138,0.09897458760588497,0.0057958091841284,0.013374944271065538,0.004458314757021846,0.006687472135532769,0.007579135086937138,0.007579135086937138,0.008470798038341507,0.007133303611234953,0.5394560855996433,0.006687472135532769,0.008024966562639322,0.007133303611234953
0.26434245366284204,0.006619593998234775,0.006619593998234775,0.0997352162400706,0.00441306266548985,0.012797881729920565,0.00441306266548985,0.006619593998234775,0.007502206531332745,0.0088261253309797,0.007502206531332745,0.008384819064430714,0.5401588702559577,0.00706090026478376,0.008384819064430714,0.006619593998234775
0.26808699511762096,0.005770084332001775,0.007545494895694629,0.09409675987572126,0.005326231691078562,0.013759431868619618,0.006213936972924989,0.008433200177541057,0.007101642254771416,0.007101642254771416,0.007545494895694629,0.008433200177541057,0.5379494007989347,0.007101642254771416,0.00887705281846427,0.006657789613848202
0.2652877697841727,0.006294964028776978,0.007194244604316547,0.09442446043165467,0.00539568345323741,0.014388489208633094,0.00539568345323741,0.0085431654676259,0.006294964028776978,0.006744604316546762,0.006294964028776978,0.008992805755395683,0.5427158273381295,0.006294964028776978,0.0085431654676259,0.007194244604316547
0.2630395683453237,0.00539568345323741,0.007643884892086331,0.09262589928057553,0.0049460431654676255,0.01393884892086331,0.005845323741007194,0.008093525179856115,0.0049460431654676255,0.005845323741007194,0.006744604316546762,0.008992805755395683,0.5517086330935251,0.00539568345323741,0.007643884892086331,0.007194244604316547
