C_R,C_A,C_S,C_N,D_R,D_A,D_S,D_N,Oc_R,Oc_A,Oc_S,Oc_N,Od_R,Od_A,Od_S,Od_N
0.0,0.0,0.0,0.0,0.0,1.0,0.0,0.0,0.0,0.0,0.0,0.0,0.0,0.0,0.0,0.0
0.0,0.0,0.0,0.0,0.0,0.5,0.5,0.0,0.0,0.0,0.0,0.0,0.0,0.0,0.0,0.0
0.0,0.0,0.0,0.0,0.0,0.6666666666666666,0.3333333333333333,0.0,0.0,0.0,0.0,0.0,0.0,0.0,0.0,0.0
0.0,0.0,0.5,0.0,0.0,0.25,0.25,0.0,0.0,0.0,0.0,0.0,0.0,0.0,0.0,0.0
0.0,0.25,0.25,0.0,0.0,0.25,0.25,0.0,0.0,0.0,0.0,0.0,0.0,0.0,0.0,0.0
0.0,0.125,0.25,0.0,0.0,0.25,0.375,0.0,0.0,0.0,0.0,0.0,0.0,0.0,0.0,0.0
0.0,0.16666666666666666,0.16666666666666666,0.0,0.0,0.16666666666666666,0.3333333333333333,0.0,0.0,0.0,0.16666666666666666,0.0,0.0,0.0,0.0,0.0
0.0,0.19047619047619047,0.19047619047619047,0.0,0.09523809523809523,0.14285714285714285,0.23809523809523808,0.0,0.0,0.0,0.14285714285714285,0.0,0.0,0.0,0.0,0.0
0.0,0.25925925925925924,0.14814814814814814,0.0,0.1111111111111111,0.18518518518518517,0.2222222222222222,0.0,0.0,0.0,0.07407407407407407,0.0,0.0,0.0,0.0,0.0
0.0,0.2,0.17142857142857143,0.0,0.11428571428571428,0.2,0.2571428571428571,0.0,0.0,0.0,0.05714285714285714,0.0,0.0,0.0,0.0,0.0
0.0,0.125,0.175,0.0,0.175,0.175,0.275,0.0,0.025,0.0,0.025,0.0,0.0,0.025,0.0,0.0
0.0,0.18181818181818182,0.14545454545454545,0.0,0.18181818181818182,0.16363636363636364,0.2545454545454545,0.0,0.01818181818181818,0.0,0.01818181818181818,0.0,0.0,0.03636363636363636,0.0,0.0
0.0,0.17073170731707318,0.14634146341463414,0.0,0.1951219512195122,0.14634146341463414,0.25609756097560976,0.0,0.024390243902439025,0.0,0.024390243902439025,0.0,0.0,0.036585365853658534,0.0,0.0
0.0,0.16037735849056603,0.12264150943396226,0.0,0.1792452830188679,0.1509433962264151,0.29245283018867924,0.0,0.018867924528301886,0.0,0.02830188679245283,0.0,0.0,0.02830188679245283,0.0,0.018867924528301886
0.0,0.16279069767441862,0.13178294573643412,0.0,0.17054263565891473,0.13178294573643412,0.29457364341085274,0.0,0.023255813953488372,0.007751937984496124,0.023255813953488372,0.0,0.015503875968992248,0.023255813953488372,0.0,0.015503875968992248
0.0,0.15384615384615385,0.1346153846153846,0.00641025641025641,0.1794871794871795,0.1346153846153846,0.2948717948717949,0.0,0.019230769230769232,0.00641025641025641,0.02564102564102564,0.0,0.01282051282051282,0.019230769230769232,0.0,0.01282051282051282
0.0,0.16666666666666666,0.15656565656565657,0.010101010101010102,0.1717171717171717,0.12121212121212122,0.2727272727272727,0.0,0.015151515151515152,0.010101010101010102,0.030303030303030304,0.0,0.010101010101010102,0.020202020202020204,0.0,0.015151515151515152
0.015810276679841896,0.1541501976284585,0.15810276679841898,0.015810276679841896,0.16600790513833993,0.12648221343873517,0.26877470355731226,0.0,0.011857707509881422,0.007905138339920948,0.02766798418972332,0.0,0.003952569169960474,0.03162055335968379,0.0,0.011857707509881422
0.019672131147540985,0.16721311475409836,0.16065573770491803,0.022950819672131147,0.16393442622950818,0.10491803278688525,0.25245901639344265,0.0,0.009836065573770493,0.009836065573770493,0.02622950819672131,0.003278688524590164,0.009836065573770493,0.03278688524590164,0.0,0.01639344262295082
0.027247956403269755,0.16348773841961853,0.1553133514986376,0.02997275204359673,0.17438692098092642,0.11444141689373297,0.22343324250681199,0.0,0.010899182561307902,0.008174386920980926,0.027247956403269755,0.0027247956403269754,0.01634877384196185,0.027247956403269755,0.0,0.01907356948228883
0.024886877828054297,0.16515837104072398,0.1583710407239819,0.04524886877828054,0.167420814479638,0.11085972850678733,0.20361990950226244,0.0,0.011312217194570135,0.006787330316742082,0.033936651583710405,0.004524886877828055,0.020361990950226245,0.027149321266968326,0.0,0.020361990950226245
0.025691699604743084,0.18181818181818182,0.1482213438735178,0.05731225296442688,0.1482213438735178,0.1007905138339921,0.191699604743083,0.0,0.01383399209486166,0.007905138339920948,0.03557312252964427,0.005928853754940711,0.029644268774703556,0.029644268774703556,0.0,0.023715415019762844
0.029950083194675542,0.16805324459234608,0.1497504159733777,0.07487520798668885,0.1464226289517471,0.09484193011647254,0.17803660565723795,0.0033277870216306157,0.014975041597337771,0.008319467554076539,0.033277870216306155,0.004991680532445923,0.03494176372712146,0.029950083194675542,0.0,0.028286189683860232
0.034532374100719423,0.1539568345323741,0.15251798561151078,0.08489208633093526,0.1410071942446043,0.08776978417266187,0.1683453237410072,0.008633093525179856,0.02014388489208633,0.008633093525179856,0.02877697841726619,0.0057553956834532375,0.0460431654676259,0.030215827338129497,0.0,0.02877697841726619
0.03598014888337469,0.1488833746898263,0.1575682382133995,0.09057071960297766,0.1401985111662531,0.08933002481389578,0.15632754342431762,0.01240694789081886,0.02109181141439206,0.008684863523573201,0.026054590570719603,0.004962779156327543,0.05334987593052109,0.026054590570719603,0.0,0.028535980148883373
0.0397422126745435,0.15037593984962405,0.14930182599355532,0.10741138560687433,0.14715359828141783,0.08163265306122448,0.1364124597207304,0.011815252416756176,0.021482277121374866,0.007518796992481203,0.02577873254564984,0.00644468313641246,0.05800214822771214,0.023630504833512353,0.0021482277121374865,0.031149301825993556
0.035781544256120526,0.14218455743879474,0.14595103578154425,0.11299435028248588,0.1384180790960452,0.07909604519774012,0.13465160075329566,0.015065913370998116,0.023540489642184557,0.00847457627118644,0.02824858757062147,0.006591337099811676,0.06685499058380415,0.023540489642184557,0.004708097928436911,0.03389830508474576
0.039316239316239315,0.14188034188034188,0.14444444444444443,0.12051282051282051,0.13162393162393163,0.07435897435897436,0.12393162393162394,0.01282051282051282,0.024786324786324785,0.011965811965811967,0.02735042735042735,0.010256410256410256,0.07606837606837606,0.022222222222222223,0.005128205128205128,0.03333333333333333
0.040912667191188044,0.13768686073957515,0.14004720692368214,0.11172305271439811,0.13453973249409915,0.07395751376868608,0.11801730920535011,0.012588512981904013,0.02832415420928403,0.014948859166011016,0.02753737214791503,0.010228166797797011,0.08261211644374508,0.020456333595594022,0.0055074744295830055,0.040912667191188044
0.03470715835140998,0.1381055676066522,0.14533622559652928,0.12364425162689804,0.12364425162689804,0.06579898770788142,0.1193058568329718,0.010845986984815618,0.02964569775849602,0.015907447577729574,0.02675343456254519,0.009399855386840203,0.08966015907447578,0.021691973969631236,0.005061460592913955,0.04049168474331164
0.03835978835978836,0.1388888888888889,0.14682539682539683,0.12037037037037036,0.11507936507936507,0.061507936507936505,0.11970899470899471,0.011904761904761904,0.031084656084656083,0.015873015873015872,0.027116402116402115,0.00992063492063492,0.09788359788359788,0.021164021164021163,0.005291005291005291,0.03902116402116402
0.03518518518518519,0.13765432098765432,0.14814814814814814,0.12222222222222222,0.11851851851851852,0.05740740740740741,0.10987654320987654,0.011111111111111112,0.03209876543209877,0.016666666666666666,0.027160493827160494,0.009876543209876543,0.10740740740740741,0.021604938271604937,0.006790123456790123,0.03827160493827161
0.03499713138267355,0.13482501434308664,0.1514629948364888,0.12392426850258176,0.11302352266207688,0.055077452667814115,0.10269650028686174,0.013769363166953529,0.03327596098680436,0.01721170395869191,0.026965002868617326,0.010327022375215147,0.11359724612736662,0.023522662076878944,0.007458405048766495,0.0378657487091222
0.030711206896551723,0.12984913793103448,0.15247844827586207,0.12338362068965517,0.10991379310344827,0.05603448275862069,0.10129310344827586,0.018318965517241378,0.036637931034482756,0.014547413793103448,0.02586206896551724,0.012392241379310345,0.11799568965517242,0.02478448275862069,0.007004310344827586,0.03879310344827586
0.033776867963152504,0.12077789150460594,0.14534288638689866,0.1269191402251791,0.1120777891504606,0.05527123848515865,0.1023541453428864,0.016376663254861822,0.04196519959058342,0.01330603889457523,0.0255885363357216,0.012282497441146366,0.11924257932446264,0.02917093142272262,0.006141248720573183,0.03940634595701126
0.030377266046055854,0.12003919647231749,0.15139637432631065,0.1259186673199412,0.10779029887310142,0.05291523762861342,0.10044096031357178,0.016658500734933857,0.04164625183733464,0.01567858892699657,0.02449779519843214,0.011758941695247428,0.12395884370406664,0.02792748652621264,0.008329250367466928,0.040666340029397355
0.031914893617021274,0.11798839458413926,0.1518375241779497,0.1276595744680851,0.10348162475822051,0.05270793036750483,0.1039651837524178,0.015957446808510637,0.043036750483559,0.015957446808510637,0.026595744680851064,0.010154738878143133,0.11992263056092843,0.029980657640232108,0.008220502901353965,0.04061895551257253
0.03257328990228013,0.11261051651931131,0.14937180083759888,0.13075849232201023,0.10237319683573755,0.051186598417868774,0.10004653327128897,0.015355979525360632,0.043275942298743604,0.01814797580269893,0.026989297347603535,0.01209865053513262,0.1265704979060028,0.03303862261516985,0.007445323406235459,0.03815728245695672
0.0347985347985348,0.11263736263736264,0.1488095238095238,0.12774725274725274,0.1021062271062271,0.05448717948717949,0.09615384615384616,0.01694139194139194,0.042582417582417584,0.017857142857142856,0.026556776556776556,0.01282051282051282,0.12408424908424909,0.0347985347985348,0.00641025641025641,0.04120879120879121
0.034389140271493215,0.1167420814479638,0.14389140271493212,0.12941176470588237,0.10135746606334842,0.05656108597285068,0.09502262443438914,0.01764705882352941,0.04389140271493212,0.017194570135746608,0.027149321266968326,0.012217194570135747,0.12262443438914027,0.03665158371040724,0.006334841628959276,0.03891402714932127
0.03412662775033678,0.11674898967220476,0.1414458913336327,0.12572968118545128,0.0983385720700494,0.060170633138751685,0.09025594970812753,0.01796138302649304,0.04400538841490795,0.01571621014818141,0.02828917826672654,0.01347103726986978,0.1279748540637629,0.03502469690166143,0.007633587786259542,0.0431073192635833
0.03476297968397291,0.11693002257336343,0.14221218961625282,0.12595936794582394,0.0943566591422122,0.062302483069977425,0.08803611738148984,0.016704288939051917,0.04334085778781038,0.016704288939051917,0.025733634311512415,0.015349887133182845,0.13137697516930022,0.03566591422121896,0.009029345372460496,0.04153498871331828
0.035252119589468986,0.11691209281570727,0.14100847835787594,0.12182061579651941,0.09772423025435073,0.0606871932173137,0.0892458723784025,0.014725568942436412,0.0464078536367693,0.01651048639000446,0.024542614904060688,0.01606425702811245,0.13386880856760375,0.036590807675145026,0.007585899152164213,0.04105310129406515
0.036771300448430494,0.11345291479820628,0.14080717488789238,0.12556053811659193,0.09641255605381166,0.059641255605381166,0.09103139013452914,0.017040358744394617,0.04887892376681614,0.016143497757847534,0.026905829596412557,0.015246636771300448,0.13228699551569506,0.03497757847533632,0.007623318385650224,0.037219730941704034
0.03756708407871199,0.11046511627906977,0.13998211091234347,0.12924865831842575,0.09749552772808587,0.05858676207513417,0.0885509838998211,0.016100178890876567,0.04382826475849732,0.017889087656529516,0.029069767441860465,0.01744186046511628,0.13282647584973167,0.03488372093023256,0.00849731663685152,0.03756708407871199
0.038069942452412575,0.10889774236387782,0.1385568835768039,0.12571934484285083,0.09738822487826472,0.05843293492695883,0.0880920761398849,0.017264276228419653,0.04293935369632581,0.0199203187250996,0.02877379371403276,0.0199203187250996,0.13457281983178399,0.03497122620628597,0.009738822487826471,0.036741921204072596
0.03829225352112676,0.1073943661971831,0.13512323943661972,0.125,0.09507042253521127,0.06205985915492958,0.08846830985915492,0.020246478873239437,0.04225352112676056,0.021566901408450703,0.026848591549295774,0.022007042253521125,0.13336267605633803,0.035651408450704226,0.010123239436619719,0.03653169014084507
0.0385980479148181,0.10692102928127772,0.1326530612244898,0.12377994676131322,0.08961845607808341,0.061224489795918366,0.09139307897071872,0.021739130434782608,0.04214729370008873,0.022626441881100266,0.02839396628216504,0.022182786157941437,0.13620230700976044,0.032830523513753325,0.011978704525288377,0.03771073646850044
0.042515500442869794,0.10584588131089459,0.12843224092116917,0.12887511071744906,0.09255978742249779,0.061558901682905225,0.08901682905225863,0.021700620017714792,0.03808680248007086,0.025243578387953942,0.031443755535872454,0.023472099202834367,0.13064658990256864,0.030558015943312665,0.012400354295837024,0.037643932683790966
0.04188712522045855,0.10493827160493827,0.1283068783068783,0.12962962962962962,0.09171075837742504,0.057760141093474424,0.08994708994708994,0.02292768959435626,0.040123456790123455,0.02513227513227513,0.030864197530864196,0.025573192239858905,0.1335978835978836,0.029541446208112873,0.010582010582010581,0.03747795414462081
0.04212860310421286,0.10554323725055433,0.12638580931263857,0.13392461197339245,0.09046563192904657,0.057649667405764965,0.08514412416851441,0.02350332594235033,0.040354767184035474,0.02394678492239468,0.03370288248337029,0.027494456762749447,0.13170731707317074,0.028381374722838137,0.01197339246119734,0.037694013303769404
0.0422034651266104,0.10262105730786317,0.12527765437583296,0.13238560639715682,0.09151488227454464,0.05864060417592181,0.08396268325188805,0.02310084406930253,0.03909373611728121,0.02265659706796979,0.03598400710795202,0.024433585073300755,0.13949355841848068,0.03065304309195913,0.011994669035984007,0.03598400710795202
0.04031900753212229,0.10279131590607,0.12317235268054941,0.13026140894993354,0.08949933540097474,0.05937084625609216,0.08418254319893664,0.023925564909171467,0.03987594151528578,0.024811696942844484,0.03544528134692069,0.026140894993354008,0.14133805937084626,0.030128489144882586,0.011519716437749225,0.03721754541426672
0.04098721903922433,0.1000440722785368,0.12031732040546496,0.13133539003966505,0.08990744821507272,0.05641251652710445,0.08285588364918467,0.024239753195240195,0.0379021595416483,0.025561921551344204,0.03525782282944028,0.026884089907448214,0.14631996474217718,0.030850594975760245,0.011018069634200088,0.04010577346848832
0.0412051395657953,0.09658839167035889,0.11918475852902083,0.13070447496677004,0.08949933540097474,0.05494018608772707,0.07753655294638902,0.024811696942844484,0.03943287549844927,0.028799291094373063,0.034116083296411165,0.028799291094373063,0.1497563136907399,0.03234381922906513,0.01284891448825875,0.03943287549844927
0.04032258064516129,0.09498207885304659,0.12365591397849462,0.13306451612903225,0.08646953405017921,0.05824372759856631,0.07616487455197132,0.025985663082437275,0.038978494623655914,0.028225806451612902,0.033602150537634407,0.03046594982078853,0.15053763440860216,0.03046594982078853,0.010304659498207885,0.03853046594982079
0.039964077233947015,0.09564436461607544,0.11809609339919173,0.13246519982038618,0.08666367310282892,0.058823529411764705,0.07409070498428379,0.02694207453973956,0.03682083520431073,0.030534351145038167,0.03412662775033678,0.032330489447687474,0.14952851369555456,0.03188145487202514,0.011674898967220475,0.04041311180960934
0.038069942452412575,0.09251881363435148,0.11863656485170429,0.13767153607791058,0.08587870739265162,0.05843293492695883,0.07569721115537849,0.02611775121735281,0.03408587870739265,0.02877379371403276,0.03142983621071271,0.033200531208499334,0.15360779105799027,0.03142983621071271,0.01239486498450642,0.04205400619743249
0.039661319073083776,0.09180035650623886,0.11675579322638147,0.13859180035650623,0.08065953654188948,0.059269162210338684,0.07887700534759358,0.026292335115864526,0.0338680926916221,0.028966131907308377,0.031194295900178252,0.0338680926916221,0.15775401069518716,0.03208556149732621,0.011586452762923352,0.03877005347593583
0.041536400178651185,0.09200535953550693,0.115676641357749,0.14113443501563197,0.07949977668602054,0.060741402411790976,0.07949977668602054,0.023224653863331845,0.0321572130415364,0.030370701205895488,0.030370701205895488,0.03260384100044663,0.15631978561857973,0.030817329164805715,0.012952210808396605,0.04108977221974096
0.04265828468792097,0.08711270767849125,0.11180960933991918,0.14593623709025594,0.07678491243825775,0.061068702290076333,0.07903008531656938,0.025594970812752582,0.03188145487202514,0.030534351145038167,0.02828917826672654,0.032330489447687474,0.16030534351145037,0.032330489447687474,0.012123933542882801,0.042209250112258644
0.04242156429518339,0.0821917808219178,0.11356606274856386,0.14228899690676095,0.07688908528501988,0.06053910737958462,0.0821917808219178,0.02562969509500663,0.032699955810870526,0.033583738400353516,0.027839151568714096,0.03314184710561202,0.16084843128590368,0.03314184710561202,0.012372956252761821,0.040653999116217414
0.041816546762589925,0.08048561151079137,0.11061151079136691,0.1452338129496403,0.07823741007194245,0.05710431654676259,0.07868705035971223,0.02473021582733813,0.03282374100719424,0.0341726618705036,0.027428057553956834,0.0341726618705036,0.1672661870503597,0.03147482014388489,0.01393884892086331,0.041816546762589925
0.04322638146167558,0.08333333333333333,0.10918003565062388,0.14215686274509803,0.07709447415329768,0.05837789661319073,0.08244206773618538,0.023618538324420676,0.03163992869875223,0.034759358288770054,0.03163992869875223,0.03342245989304813,0.16176470588235295,0.034759358288770054,0.0142602495543672,0.03832442067736185
0.045495093666369314,0.07983942908117753,0.10526315789473684,0.1462979482604817,0.07582515611061552,0.056199821587867974,0.08028545941123996,0.022747546833184657,0.03479036574487065,0.0352363960749331,0.032114183764495985,0.03256021409455843,0.16503122212310437,0.03612845673505798,0.014719000892060661,0.03746654772524532
0.042723631508678236,0.0796617712505563,0.10013351134846461,0.15175789942145082,0.07209612817089453,0.05696484201157098,0.0792167334223409,0.0262572318647085,0.03337783711615487,0.03649310191366266,0.030262572318647086,0.03337783711615487,0.16822429906542055,0.03515798842901647,0.016466399643969738,0.037828215398308856
0.042058165548098436,0.0796420581655481,0.1029082774049217,0.1512304250559284,0.07069351230425056,0.05548098434004474,0.08187919463087248,0.024161073825503355,0.031767337807606266,0.035794183445190156,0.028187919463087248,0.03445190156599553,0.1704697986577181,0.0348993288590604,0.015659955257270694,0.0407158836689038
0.047471162377994675,0.07763975155279502,0.09671694764862467,0.14729370008873113,0.06921029281277728,0.058118899733806566,0.07675244010647737,0.023070097604259095,0.03460514640638864,0.03771073646850044,0.026619343389529725,0.035048802129547474,0.17657497781721385,0.03460514640638864,0.015527950310559006,0.04303460514640639
0.04198302813756141,0.07592675301473872,0.10004466279589103,0.15006699419383654,0.06922733363108531,0.058061634658329614,0.07726663689146941,0.025457793657882984,0.0321572130415364,0.03573023671281822,0.027690933452434122,0.034836980794997766,0.18133095131755247,0.0321572130415364,0.015185350602947744,0.042876284055381866
0.041852181656277826,0.07569011576135352,0.097506678539626,0.14692787177203917,0.06767586821015138,0.05699020480854853,0.07747105966162066,0.024487978628673197,0.031611754229741766,0.0365093499554764,0.02894033837934105,0.03428317008014248,0.18833481745325023,0.034728406055209264,0.014692787177203919,0.04229741763134461
0.04316866933689364,0.07610146862483311,0.09790832220738763,0.15086782376502003,0.06720071206052515,0.05785491766800178,0.0778816199376947,0.025367156208277702,0.03515798842901647,0.035603026257231864,0.027592345349354695,0.032487761459724075,0.1886960391633289,0.03159768580329328,0.014241210502892745,0.03827325322652426
0.04533333333333334,0.07822222222222222,0.09644444444444444,0.14622222222222223,0.064,0.060444444444444446,0.07777777777777778,0.025333333333333333,0.036444444444444446,0.035555555555555556,0.028,0.03111111111111111,0.18577777777777776,0.03288888888888889,0.014222222222222223,0.042222222222222223
0.04497354497354497,0.0718694885361552,0.09391534391534391,0.14594356261022928,0.06525573192239859,0.06128747795414462,0.07627865961199294,0.021604938271604937,0.034832451499118164,0.037037037037037035,0.0291005291005291,0.03130511463844797,0.195326278659612,0.03218694885361552,0.015432098765432098,0.04365079365079365
0.04338103756708408,0.0706618962432916,0.0907871198568873,0.1440071556350626,0.06663685152057246,0.06350626118067978,0.07826475849731664,0.025491949910554562,0.03622540250447227,0.03756708407871199,0.02728085867620751,0.03354203935599284,0.19320214669051877,0.03354203935599284,0.013416815742397137,0.042486583184257604
0.04596162427487729,0.07273538598839803,0.09236947791164658,0.142347166443552,0.06693440428380187,0.05979473449352968,0.07541276215975011,0.02677376171352075,0.035252119589468986,0.04060687193217314,0.02677376171352075,0.03346720214190094,0.19321731369924142,0.0321285140562249,0.014725568942436412,0.041499330655957165
0.04719501335707925,0.06812110418521816,0.09082813891362422,0.14247551202137132,0.06634016028495103,0.05966162065894924,0.07257346393588603,0.025823686553873553,0.03695458593054319,0.041852181656277826,0.02715939447907391,0.03561887800534283,0.19323241317898487,0.031611754229741766,0.01647373107747106,0.04407836153161175
0.048984995586937335,0.06707855251544571,0.08870255957634599,0.1416593115622242,0.06884377758164166,0.061341571050308914,0.07016769638128861,0.024271844660194174,0.03662842012356576,0.04060017652250662,0.02736098852603707,0.03795233892321271,0.19285083848190646,0.03398058252427184,0.01676963812886143,0.04280670785525154
0.04789356984478936,0.06873614190687362,0.08780487804878048,0.13702882483370288,0.06696230598669622,0.06164079822616408,0.07095343680709534,0.024390243902439025,0.03547671840354767,0.038580931263858094,0.026607538802660754,0.03991130820399113,0.1973392461197339,0.03370288248337029,0.017738359201773836,0.04523281596452328
0.04933333333333333,0.06888888888888889,0.08266666666666667,0.1448888888888889,0.06755555555555555,0.06488888888888888,0.06666666666666667,0.024,0.035555555555555556,0.037333333333333336,0.02311111111111111,0.03866666666666667,0.2,0.035111111111111114,0.016888888888888887,0.044444444444444446
0.049491825011047284,0.06407423773751657,0.0821917808219178,0.14582412726469288,0.06451612903225806,0.06495802032699956,0.06363234644277507,0.024304021210782147,0.037560760053026956,0.03844454264250994,0.025187803800265134,0.04021210782147592,0.20150243040212107,0.034025629695095004,0.015908086610693768,0.0481661511268228
0.05128205128205128,0.0645446507515473,0.07957559681697612,0.14235190097259062,0.06631299734748011,0.0645446507515473,0.0592396109637489,0.022988505747126436,0.03978779840848806,0.03934571175950486,0.025198938992042442,0.04420866489832007,0.20335985853227231,0.03359858532272325,0.016357206012378427,0.04730327144120248
0.049686660698299016,0.06624888093106536,0.0756490599820949,0.14816472694717994,0.0684870188003581,0.06042972247090421,0.05863921217547001,0.021933751119068933,0.04028648164726947,0.04207699194270367,0.02775290957923008,0.044762757385854966,0.20188003581020592,0.03357206803939123,0.01611459265890779,0.044315129811996416
0.04858657243816254,0.0636042402826855,0.07597173144876325,0.15061837455830387,0.06757950530035335,0.06007067137809187,0.06007067137809187,0.02120141342756184,0.03931095406360424,0.04284452296819788,0.026501766784452298,0.044169611307420496,0.2049469964664311,0.03268551236749117,0.01678445229681979,0.045053003533568906
0.0488556338028169,0.06514084507042253,0.07878521126760564,0.14920774647887325,0.06514084507042253,0.06205985915492958,0.05765845070422535,0.021566901408450703,0.04005281690140845,0.0409330985915493,0.02640845070422535,0.0409330985915493,0.2051056338028169,0.035211267605633804,0.016285211267605633,0.04665492957746479
0.051111111111111114,0.06711111111111111,0.076,0.15288888888888888,0.06444444444444444,0.058666666666666666,0.05377777777777778,0.021333333333333333,0.03866666666666667,0.041777777777777775,0.02666666666666667,0.03866666666666667,0.2071111111111111,0.035111111111111114,0.016444444444444446,0.050222222222222224
0.05190156599552573,0.06487695749440715,0.0756152125279642,0.15167785234899328,0.0621923937360179,0.060850111856823264,0.05413870246085011,0.023266219239373602,0.038926174496644296,0.043400447427293064,0.028187919463087248,0.04116331096196868,0.20626398210290828,0.03355704697986577,0.013870246085011185,0.05011185682326622
0.053009883198562445,0.06873315363881402,0.07322551662174304,0.1518418688230009,0.057951482479784364,0.06199460916442048,0.055705300988319856,0.024707996406109614,0.03863432165318958,0.0426774483378257,0.027852650494159928,0.039532794249775384,0.20709793351302785,0.03324348607367475,0.01302785265049416,0.05076370170709793
0.053006681514476614,0.06770601336302895,0.0779510022271715,0.14699331848552338,0.05746102449888642,0.058797327394209356,0.054788418708240534,0.022271714922048998,0.0400890868596882,0.042761692650334075,0.027171492204899776,0.04187082405345212,0.2111358574610245,0.032516703786191536,0.014699331848552339,0.05077951002227171
0.05508662816525989,0.06841403820524211,0.073745002221235,0.14571301643713905,0.054198134162594405,0.06352732119058196,0.05553087516659263,0.02576632607729898,0.037316748111950244,0.04309195912927588,0.02621057307863172,0.040870724122612175,0.20968458462905376,0.03198578409595735,0.018658374055975122,0.050199911150599734
0.05538325210456358,0.06424457244129375,0.07487815684536996,0.14665485157288435,0.05095259193619849,0.06513070447496677,0.05316792202038104,0.024368630926007974,0.0358883473637572,0.047851129818342934,0.027913159060700046,0.0407620735489588,0.21400088613203366,0.03190075321222862,0.017722640673460344,0.04918032786885246
0.053691275167785234,0.06442953020134229,0.0756152125279642,0.14630872483221477,0.05413870246085011,0.06308724832214765,0.05458612975391499,0.02774049217002237,0.035794183445190156,0.05011185682326622,0.027293064876957495,0.03803131991051454,0.2134228187919463,0.03087248322147651,0.0174496644295302,0.04742729306487696
0.0541019955654102,0.0647450110864745,0.07538802660753881,0.14900221729490024,0.05055432372505543,0.06164079822616408,0.05188470066518847,0.028824833702882482,0.03725055432372506,0.055875831485587585,0.028824833702882482,0.03813747228381375,0.20532150776053215,0.03237250554323725,0.017738359201773836,0.048337028824833705
0.05634427684117125,0.06743566992014197,0.07364685004436557,0.14995563442768411,0.049689440993788817,0.061224489795918366,0.05146406388642413,0.030168589174800354,0.03637976929902396,0.05235137533274179,0.030168589174800354,0.03904170363797693,0.2085181898846495,0.02883762200532387,0.016415261756876662,0.04835847382431233
0.05913503971756399,0.06222418358340689,0.06928508384819064,0.1526919682259488,0.05207413945278023,0.0617828773168579,0.050750220653133275,0.03177405119152692,0.037069726390114736,0.05383936451897617,0.03133274492497794,0.038393645189761696,0.2082965578111209,0.02824360105913504,0.017210944395410415,0.04589585172109444
0.058823529411764705,0.06584723441615452,0.06716417910447761,0.15408252853380158,0.05004389815627744,0.06277436347673397,0.05267778753292362,0.029850746268656716,0.03906935908691835,0.05311676909569798,0.03204565408252853,0.03687445127304653,0.2032484635645303,0.029850746268656716,0.016681299385425813,0.04784899034240562
0.059582036460649176,0.0658070253445976,0.06625166740773678,0.15206758559359715,0.05157847932414406,0.06136060471320587,0.048910626945309024,0.03423743886171632,0.037349933303690526,0.05246776345042241,0.03334815473543797,0.03601600711427301,0.2085371276122721,0.02845709204090707,0.017341040462427744,0.04668741662961316
0.0583812472357364,0.06457319770013269,0.06501547987616099,0.1534719150818222,0.0513047324192835,0.058823529411764705,0.0513047324192835,0.034055727554179564,0.04024767801857585,0.05174701459531181,0.03272888102609465,0.0367094206103494,0.20566121185316233,0.0291906236178682,0.01813356921716055,0.048651039363113664
0.06081974438078449,0.06170118995152049,0.06478624944909651,0.1511679153812252,0.049801674746584396,0.05773468488320846,0.0502423975319524,0.03481710004407228,0.0379021595416483,0.05244601145879242,0.031732040546496254,0.03878360511238431,0.2124283825473777,0.029528426619656236,0.01762891141472014,0.04847950639048039
0.058982440342188205,0.06033318325078793,0.06033318325078793,0.14768122467357048,0.051778478162989645,0.058081945069788386,0.05042773525438991,0.036470058532192706,0.036470058532192706,0.05222872579918955,0.030166591625393965,0.038271049076992344,0.21927059882935615,0.030166591625393965,0.017559657811796487,0.051778478162989645
0.060444444444444446,0.05733333333333333,0.06355555555555556,0.1471111111111111,0.05288888888888889,0.05644444444444444,0.050222222222222224,0.03688888888888889,0.034666666666666665,0.049777777777777775,0.032,0.035111111111111114,0.22755555555555557,0.028,0.016,0.052
0.05702917771883289,0.05526083112290009,0.0636604774535809,0.14854111405835543,0.05172413793103448,0.05481874447391689,0.048187444739168875,0.03536693191865606,0.03404067197170645,0.04995579133510168,0.03404067197170645,0.033156498673740056,0.23253757736516356,0.02961980548187445,0.016799292661361626,0.05526083112290009
0.05533421868083223,0.055776892430278883,0.06374501992031872,0.14696768481629038,0.04869411243913236,0.05267817618415228,0.05090748118636565,0.036741921204072596,0.03275785745905268,0.04780876494023904,0.03408587870739265,0.03098716246126605,0.24258521469676847,0.02877379371403276,0.017264276228419653,0.054891544931385566
0.056419369169258105,0.05553087516659263,0.06530430919591293,0.15015548645046645,0.04531319413593958,0.05153265215459796,0.051088405153265216,0.040870724122612175,0.03331852509995557,0.04931141714793425,0.034207019102621056,0.027543314082629944,0.24566859173700578,0.02621057307863172,0.016881386050644157,0.050644158151932475
0.05730786317192359,0.054642381163927146,0.061750333185251,0.15415370946246112,0.04486894713460684,0.050644158151932475,0.051088405153265216,0.03998223011994669,0.03109729009329187,0.04975566414926699,0.03598400710795202,0.029320302087960905,0.24478009773434029,0.027099067081297203,0.01776988005330964,0.04975566414926699
0.061106155218554864,0.05173951828724353,0.05798394290811775,0.15477252453166815,0.0463871543264942,0.04950936663693131,0.05129348795718109,0.040588760035682424,0.028545941123996433,0.04504906333630687,0.0383586083853702,0.031222123104371096,0.2488849241748439,0.025423728813559324,0.017395182872435324,0.05173951828724353
0.06076854334226988,0.050491510277033066,0.05630026809651475,0.15638963360142985,0.05138516532618409,0.04870420017873101,0.050491510277033066,0.039767649687220734,0.0290437890974084,0.045576407506702415,0.03798033958891868,0.03261840929401251,0.2479892761394102,0.02323503127792672,0.017873100983020553,0.05138516532618409
0.0600089565606807,0.05508284818629646,0.05687416032243618,0.15450067174205107,0.04791759964173757,0.05150022391401702,0.05105239587998209,0.03940886699507389,0.02910882221227049,0.04612628750559785,0.03896103896103896,0.032691446484549934,0.2431706224809673,0.02328705776981639,0.018808777429467086,0.05150022391401702
0.05989352262644188,0.05146406388642413,0.05545696539485359,0.15394853593611357,0.04569653948535936,0.05235137533274179,0.04791481810115351,0.040372670807453416,0.029281277728482696,0.04614019520851819,0.03992901508429459,0.0354924578527063,0.2466725820763088,0.023957409050576754,0.01818988464951198,0.05323868677905945
0.06335844040762073,0.05050952591936198,0.056269384138236594,0.1497563136907399,0.04474966770048737,0.05449712007089056,0.04519273371732388,0.04164820558263181,0.028356225077536552,0.04474966770048737,0.03677447939743022,0.033673017279574655,0.2521045635799734,0.026140894993354008,0.018165706690296855,0.05405405405405406
0.06565430995980348,0.052702099151406875,0.05582849486377847,0.15096025011165698,0.044662795891022775,0.05180884323358642,0.04689593568557392,0.041536400178651185,0.027690933452434122,0.04332291201429209,0.03662349263063868,0.03394372487717731,0.25011165698972754,0.026797677534613668,0.01965163019205002,0.05180884323358642
0.06592920353982301,0.05176991150442478,0.05663716814159292,0.1504424778761062,0.0420353982300885,0.05,0.047345132743362835,0.04336283185840708,0.028761061946902654,0.04336283185840708,0.034955752212389384,0.034955752212389384,0.2557522123893805,0.02654867256637168,0.018141592920353982,0.05
0.06530430919591293,0.05286539315859618,0.054198134162594405,0.15370946246112838,0.03909373611728121,0.04931141714793425,0.04797867614393603,0.04531319413593958,0.02621057307863172,0.043536206130608615,0.0346512661039538,0.03598400710795202,0.258996001776988,0.02576632607729898,0.019546868058640605,0.047534429142603286
0.06728232189973615,0.051890941072999124,0.05364995602462621,0.148636763412489,0.03869832893579595,0.0505716798592788,0.04573438874230431,0.04573438874230431,0.027704485488126648,0.044415127528583995,0.03562005277044855,0.03605980650835532,0.26297273526824977,0.028583992963940194,0.016270888302550572,0.04617414248021108
0.06995515695067264,0.053811659192825115,0.04977578475336323,0.1493273542600897,0.039013452914798206,0.05022421524663677,0.04708520179372197,0.04798206278026906,0.026905829596412557,0.04798206278026906,0.033183856502242155,0.03632286995515695,0.25605381165919283,0.027354260089686097,0.017937219730941704,0.04708520179372197
0.07180851063829788,0.053634751773049646,0.04609929078014184,0.15381205673758866,0.03634751773049645,0.051418439716312055,0.04521276595744681,0.04964539007092199,0.026152482269503546,0.050088652482269506,0.028812056737588652,0.038120567375886524,0.26152482269503546,0.026595744680851064,0.016400709219858155,0.044326241134751775
0.07271925958572058,0.05376817981489643,0.04715733803437638,0.15733803437637725,0.03525782282944028,0.052886734244160426,0.04495372410753636,0.0493609519612164,0.026884089907448214,0.048920229175848394,0.026884089907448214,0.03966505068312032,0.2560599382988101,0.02864698104892023,0.01498457470251212,0.04451300132216836
0.07603379279679857,0.05558025789239662,0.04668741662961316,0.15829257447754558,0.036905291240551356,0.048465984882169855,0.041796353935082256,0.046242774566473986,0.026233881725211204,0.04979991107158737,0.02712316585148955,0.04090706980880391,0.25878168074699864,0.02712316585148955,0.01511783014673188,0.04490884837705647
0.0792167334223409,0.056074766355140186,0.04227859368046284,0.16110369381397419,0.03515798842901647,0.0516243880729862,0.03960836671117045,0.05028927458834001,0.0262572318647085,0.04895416110369381,0.0267022696929239,0.04138851802403204,0.25322652425456166,0.027592345349354695,0.01335113484646195,0.04717400979083222
0.07763975155279502,0.05368234250221828,0.04303460514640639,0.15705412599822538,0.038154392191659274,0.051907719609582965,0.0385980479148181,0.04791481810115351,0.024401064773735583,0.051907719609582965,0.026619343389529725,0.03904170363797693,0.2639751552795031,0.025732031943212066,0.013309671694764862,0.04702750665483585
0.08015768725361366,0.05300043802014893,0.04029785370127026,0.16031537450722733,0.03504161191414805,0.04949627682873412,0.03898379325448971,0.04730617608409987,0.024967148488830485,0.05168637757336837,0.029347349978098992,0.03810775295663601,0.2628120893561104,0.024091108190976786,0.015330705212439772,0.049058256679807274
0.08171378091872791,0.052120141342756186,0.04107773851590106,0.15856890459363956,0.03489399293286219,0.04991166077738516,0.037544169611307424,0.04946996466431095,0.02561837455830389,0.05256183745583039,0.027385159010600707,0.037544169611307424,0.26369257950530034,0.026501766784452298,0.014134275618374558,0.04726148409893993
0.08140569395017794,0.04715302491103203,0.04181494661921708,0.1610320284697509,0.03158362989323844,0.04848754448398576,0.037366548042704624,0.05382562277580071,0.026245551601423486,0.050711743772241996,0.02402135231316726,0.0400355871886121,0.26734875444839856,0.027580071174377226,0.014679715302491103,0.046708185053380785
0.08267020335985853,0.04288240495137047,0.038903625110521665,0.16224580017683465,0.032714412024756855,0.04995579133510168,0.03580901856763926,0.05481874447391689,0.026083112290008842,0.048187444739168875,0.026083112290008842,0.041998231653404064,0.26702033598585323,0.025198938992042442,0.015030946065428824,0.050397877984084884
0.07897071872227152,0.043478260869565216,0.03948535936113576,0.15705412599822538,0.0323868677905945,0.047471162377994675,0.032830523513753325,0.055013309671694766,0.027062999112688554,0.051907719609582965,0.025288376220053237,0.04303460514640639,0.274622892635315,0.025288376220053237,0.01419698314108252,0.051907719609582965
0.08028545941123996,0.04460303300624442,0.038804638715432646,0.15789473684210525,0.029884032114183764,0.045495093666369314,0.032114183764495985,0.05753791257805531,0.026761819803746655,0.049955396966993755,0.025869759143621766,0.041480820695807316,0.27430865298840323,0.025869759143621766,0.017395182872435324,0.05173951828724353
0.08716814159292036,0.04336283185840708,0.03982300884955752,0.15132743362831858,0.030530973451327433,0.04469026548672567,0.03185840707964602,0.05752212389380531,0.026106194690265486,0.05265486725663717,0.027876106194690265,0.04026548672566372,0.2734513274336283,0.023451327433628318,0.018141592920353982,0.05176991150442478
0.08864142538975502,0.04498886414253898,0.0378619153674833,0.15857461024498887,0.030289532293986638,0.048106904231625836,0.028953229398663696,0.056570155902004454,0.024498886414253896,0.051224944320712694,0.025835189309576838,0.03964365256124722,0.2730512249443207,0.024053452115812918,0.018708240534521157,0.04899777282850779
0.09330357142857143,0.044642857142857144,0.0375,0.16473214285714285,0.03080357142857143,0.049107142857142856,0.027678571428571427,0.05223214285714286,0.021875,0.05133928571428571,0.024107142857142858,0.04017857142857143,0.26964285714285713,0.026339285714285714,0.01875,0.04776785714285714
0.09490022172949002,0.039467849223946784,0.037694013303769404,0.1583148558758315,0.030598669623059866,0.050997782705099776,0.026607538802660754,0.05365853658536585,0.02483370288248337,0.05055432372505543,0.02350332594235033,0.03813747228381375,0.27671840354767185,0.025720620842572064,0.01951219512195122,0.04878048780487805
0.0940096195889812,0.041101880192391776,0.03716659379099257,0.15391342369916922,0.03235679930039353,0.048097944905990384,0.02710975076519458,0.050721469173589856,0.022737210319195452,0.04940970703979012,0.026235242675994752,0.04022737210319195,0.2794053344993441,0.02710975076519458,0.020113686051595976,0.050284215128989944
0.09698848538529672,0.04074402125775022,0.03808680248007086,0.15810451727192207,0.030558015943312665,0.046058458813108945,0.026572187776793623,0.05358724534986714,0.023472099202834367,0.048715677590788306,0.023914968999114262,0.03941541186891054,0.2763507528786537,0.027900797165633304,0.020814880425155006,0.048715677590788306
0.09782125389061805,0.03912850155624722,0.0377945753668297,0.15651400622498887,0.029346376167185415,0.04757670075589151,0.02578923966207203,0.05380168963983993,0.02578923966207203,0.04757670075589151,0.023121387283236993,0.041351711871943087,0.2787905735882614,0.026678523788350377,0.022232103156958647,0.04668741662961316
0.10673162090345438,0.03675819309123118,0.037643932683790966,0.1550044286979628,0.026572187776793623,0.04650132860938884,0.027015057573073518,0.05270150575730735,0.024800708591674048,0.048715677590788306,0.023914968999114262,0.03985828166519043,0.27945084145261295,0.024800708591674048,0.023029229406554472,0.04650132860938884
0.10512367491166077,0.037985865724381625,0.0353356890459364,0.1598939929328622,0.026501766784452298,0.04814487632508834,0.02782685512367491,0.054770318021201414,0.02429328621908127,0.05123674911660778,0.024734982332155476,0.04063604240282685,0.2751766784452297,0.022526501766784453,0.02120141342756184,0.0446113074204947
