C_R,C_A,C_S,C_N,D_R,D_A,D_S,D_N,Oc_R,Oc_A,Oc_S,Oc_N,Od_R,Od_A,Od_S,Od_N
0.0,0.0,0.0,0.0,0.0,1.0,0.0,0.0,0.0,0.0,0.0,0.0,0.0,0.0,0.0,0.0
0.0,0.0,0.5,0.0,0.0,0.5,0.0,0.0,0.0,0.0,0.0,0.0,0.0,0.0,0.0,0.0
0.0,0.0,0.3333333333333333,0.0,0.0,0.3333333333333333,0.0,0.3333333333333333,0.0,0.0,0.0,0.0,0.0,0.0,0.0,0.0
0.0,0.0,0.2,0.0,0.0,0.2,0.2,0.4,0.0,0.0,0.0,0.0,0.0,0.0,0.0,0.0
0.0,0.0,0.2,0.0,0.0,0.26666666666666666,0.13333333333333333,0.3333333333333333,0.0,0.0,0.06666666666666667,0.0,0.0,0.0,0.0,0.0
0.0,0.0,0.11538461538461539,0.0,0.0,0.34615384615384615,0.11538461538461539,0.38461538461538464,0.0,0.0,0.038461538461538464,0.0,0.0,0.0,0.0,0.0
0.0,0.0,0.14285714285714285,0.0,0.023809523809523808,0.38095238095238093,0.09523809523809523,0.3333333333333333,0.0,0.0,0.023809523809523808,0.0,0.0,0.0,0.0,0.0
0.0,0.0,0.1016949152542373,0.0,0.03389830508474576,0.3898305084745763,0.06779661016949153,0.3898305084745763,0.0,0.0,0.01694915254237288,0.0,0.0,0.0,0.0,0.0
0.0,0.0,0.09302325581395349,0.0,0.023255813953488372,0.4186046511627907,0.046511627906976744,0.3953488372093023,0.0,0.0,0.023255813953488372,0.0,0.0,0.0,0.0,0.0
0.0,0.0,0.09166666666666666,0.0,0.03333333333333333,0.425,0.05,0.36666666666666664,0.0,0.0,0.016666666666666666,0.0,0.016666666666666666,0.0,0.0,0.0
0.0,0.0,0.11180124223602485,0.0,0.031055900621118012,0.422360248447205,0.043478260869565216,0.36024844720496896,0.0,0.0,0.006211180124223602,0.0,0.018633540372670808,0.006211180124223602,0.0,0.0
0.0,0.0,0.1004566210045662,0.0,0.0319634703196347,0.4246575342465753,0.0502283105022831,0.3561643835616438,0.0,0.0,0.0045662100456621,0.0,0.0273972602739726,0.0045662100456621,0.0,0.0
0.0071174377224199285,0.0,0.10676156583629894,0.0,0.02491103202846975,0.43416370106761565,0.03914590747330961,0.3487544483985765,0.0,0.0,0.0035587188612099642,0.0,0.03202846975088968,0.0035587188612099642,0.0,0.0
0.011267605633802818,0.0,0.10704225352112676,0.0028169014084507044,0.022535211267605635,0.4507042253521127,0.02535211267605634,0.3295774647887324,0.0,0.0,0.005633802816901409,0.0,0.04225352112676056,0.0028169014084507044,0.0,0.0
0.011312217194570135,0.0,0.09954751131221719,0.00904977375565611,0.020361990950226245,0.4411764705882353,0.029411764705882353,0.32805429864253394,0.0,0.0,0.00904977375565611,0.0022624434389140274,0.04751131221719457,0.0022624434389140274,0.0,0.0
0.015037593984962405,0.0,0.10526315789473684,0.013157894736842105,0.02443609022556391,0.4398496240601504,0.022556390977443608,0.31203007518796994,0.0,0.0,0.005639097744360902,0.0018796992481203006,0.05451127819548872,0.005639097744360902,0.0,0.0
0.01579778830963665,0.0,0.09162717219589257,0.020537124802527645,0.02527646129541864,0.4439178515007899,0.023696682464454975,0.296998420221169,0.001579778830963665,0.0,0.007898894154818325,0.00315955766192733,0.061611374407582936,0.007898894154818325,0.0,0.0
0.01349527665317139,0.0,0.09581646423751687,0.03643724696356275,0.032388663967611336,0.42105263157894735,0.018893387314439947,0.2901484480431849,0.004048582995951417,0.0,0.008097165991902834,0.002699055330634278,0.06612685560053981,0.010796221322537112,0.0,0.0
0.013761467889908258,0.0,0.09518348623853211,0.05619266055045872,0.03211009174311927,0.4208715596330275,0.0194954128440367,0.268348623853211,0.0022935779816513763,0.0011467889908256881,0.010321100917431193,0.0011467889908256881,0.06536697247706422,0.011467889908256881,0.0022935779816513763,0.0
0.012795275590551181,0.002952755905511811,0.08464566929133858,0.0688976377952756,0.028543307086614175,0.39960629921259844,0.02066929133858268,0.2765748031496063,0.002952755905511811,0.000984251968503937,0.00984251968503937,0.002952755905511811,0.07283464566929133,0.012795275590551181,0.002952755905511811,0.0
0.011206896551724138,0.0034482758620689655,0.08448275862068966,0.08103448275862069,0.029310344827586206,0.39913793103448275,0.022413793103448276,0.2706896551724138,0.004310344827586207,0.0017241379310344827,0.009482758620689655,0.004310344827586207,0.06379310344827586,0.01206896551724138,0.002586206896551724,0.0
0.01474010861132661,0.0031031807602792862,0.07990690457719161,0.09154383242823895,0.028704422032583398,0.39332816136539955,0.02017067494181536,0.2699767261442979,0.004654771140418929,0.0023273855702094647,0.008533747090768037,0.005430566330488751,0.062063615205585725,0.011636927851047323,0.003878975950349108,0.0
0.01485148514851485,0.004243281471004243,0.07496463932107496,0.10042432814710042,0.027581329561527583,0.3917963224893918,0.02050919377652051,0.26025459688826025,0.004243281471004243,0.0014144271570014145,0.008486562942008486,0.005657708628005658,0.06435643564356436,0.01272984441301273,0.008486562942008486,0.0
0.013149243918474688,0.009861932938856016,0.07363576594345825,0.1051939513477975,0.026298487836949377,0.3800131492439185,0.018408941485864562,0.26429980276134124,0.003287310979618672,0.0019723865877712033,0.007232084155161078,0.007232084155161078,0.06443129520052597,0.015779092702169626,0.009204470742932281,0.0
0.013838748495788207,0.013838748495788207,0.06919374247894103,0.11432009626955475,0.02707581227436823,0.3658243080625752,0.015643802647412757,0.2677496991576414,0.0036101083032490976,0.0030084235860409147,0.006016847172081829,0.007821901323706379,0.06257521058965103,0.017448856799037304,0.01022864019253911,0.0018050541516245488
0.016891891891891893,0.01632882882882883,0.06362612612612613,0.12105855855855856,0.02421171171171171,0.36204954954954954,0.014076576576576577,0.26295045045045046,0.003941441441441441,0.003941441441441441,0.003941441441441441,0.01126126126126126,0.06418918918918919,0.017454954954954954,0.010698198198198198,0.0033783783783783786
0.018114011720831113,0.019179541822056473,0.06020245071923282,0.1289291422482685,0.022376132125732553,0.36068193926478426,0.013851891315929675,0.2583910495471497,0.0037293553542887587,0.0037293553542887587,0.005327650506126798,0.013319126265316995,0.0554075652637187,0.019179541822056473,0.012253596164091636,0.005327650506126798
0.019548872180451128,0.02155388471177945,0.05664160401002506,0.12982456140350876,0.02205513784461153,0.349874686716792,0.014035087719298246,0.25664160401002506,0.0040100250626566416,0.005012531328320802,0.005513784461152882,0.015037593984962405,0.058646616541353384,0.01904761904761905,0.016541353383458645,0.006015037593984963
0.017391304347826087,0.02753623188405797,0.05458937198067633,0.13285024154589373,0.023671497584541065,0.34106280193236715,0.013043478260869565,0.25555555555555554,0.003864734299516908,0.006280193236714976,0.005314009661835749,0.015942028985507246,0.05748792270531401,0.021256038647342997,0.015942028985507246,0.00821256038647343
0.01863932898415657,0.029356943150046597,0.04986020503261883,0.13280521901211556,0.023765144454799627,0.3364398881640261,0.011649580615097856,0.2548928238583411,0.005591798695246971,0.006989748369058714,0.0065237651444548,0.0195712954333644,0.05917986952469711,0.021435228331780055,0.013979496738117428,0.009319664492078284
0.020380434782608696,0.03215579710144927,0.050271739130434784,0.1322463768115942,0.02309782608695652,0.33605072463768115,0.009510869565217392,0.24547101449275363,0.005434782608695652,0.008605072463768116,0.008152173913043478,0.021739130434782608,0.059329710144927536,0.02309782608695652,0.01358695652173913,0.010869565217391304
0.021486123545210387,0.03178155774395703,0.047000895255147716,0.13205013428827217,0.025514771709937333,0.3348254252461952,0.010743061772605193,0.2439570277529096,0.006266786034019696,0.009847806624888093,0.007162041181736795,0.021486123545210387,0.05998209489704566,0.022381378692927483,0.012533572068039392,0.012981199641897942
0.022737405260811413,0.034329023629068214,0.04993312527864467,0.13508693713776193,0.024966562639322336,0.3272403031654035,0.011145786892554615,0.23941150245207313,0.006687472135532769,0.008916629514043692,0.007579135086937138,0.02139991083370486,0.0606330806954971,0.023629068212215783,0.013374944271065538,0.012929112795363353
0.020526550647032574,0.03435966086568496,0.047746541722445336,0.13342257920571174,0.024542614904060688,0.32663989290495316,0.011601963409192326,0.24230254350736277,0.006693440428380187,0.009817045961624275,0.007585899152164213,0.022311468094600623,0.062025881302989735,0.0249888442659527,0.01249442213297635,0.012940651494868362
0.021662245800176835,0.03536693191865606,0.048187444739168875,0.1330680813439434,0.023872679045092837,0.3253757736516357,0.01282051282051282,0.24049513704686118,0.007957559681697613,0.010610079575596816,0.007515473032714412,0.021220159151193633,0.060123784261715295,0.026083112290008842,0.011052166224580018,0.014588859416445624
0.020824102791315906,0.035002215330084185,0.05006645990252548,0.13469206911829862,0.024368630926007974,0.3212228622064688,0.012405848471422242,0.23748338502436864,0.008418254319893664,0.011076650420912717,0.007532122286220647,0.02259636685866194,0.06291537439078422,0.0256978289765175,0.011076650420912717,0.014621178555604785
0.022847100175746926,0.035588752196836555,0.04789103690685413,0.13005272407732865,0.023725834797891036,0.31985940246045697,0.013620386643233744,0.2390158172231986,0.007469244288224956,0.010984182776801407,0.008347978910369069,0.022847100175746926,0.06370826010544815,0.027240773286467488,0.01054481546572935,0.01625659050966608
0.022104332449160036,0.03404067197170645,0.04862953138815208,0.1330680813439434,0.02475685234305924,0.3160919540229885,0.013262599469496022,0.23872679045092837,0.006631299734748011,0.01237842617152962,0.009283819628647215,0.02431476569407604,0.0645446507515473,0.027851458885941646,0.009725906277630416,0.014588859416445624
0.02384105960264901,0.033554083885209716,0.046799116997792496,0.1368653421633554,0.024724061810154525,0.31169977924944814,0.012362030905077263,0.24194260485651214,0.005739514348785872,0.013245033112582781,0.009271523178807948,0.022516556291390728,0.06578366445916115,0.027373068432671083,0.009713024282560706,0.01456953642384106
0.025143361270401413,0.030436700485222762,0.050727834142037936,0.1301279223643582,0.025143361270401413,0.3145125716806352,0.011027790030877812,0.2434936038817821,0.0061755624172915745,0.013674459638288486,0.007940008822232024,0.021614468460520512,0.06396118217909132,0.029113365681517425,0.010145566828407587,0.016762240846934274
0.025483304042179262,0.032952548330404216,0.0492091388400703,0.13224956063268892,0.025043936731107205,0.3172231985940246,0.010984182776801407,0.23681898066783832,0.006151142355008787,0.013181019332161687,0.007908611599297012,0.020650263620386643,0.06590509666080843,0.029437609841827767,0.009666080843585237,0.017135325131810195
0.027450980392156862,0.03442265795206972,0.04967320261437908,0.13246187363834422,0.023965141612200435,0.31285403050108934,0.010021786492374727,0.23921568627450981,0.005664488017429194,0.011764705882352941,0.008278867102396514,0.02091503267973856,0.06492374727668845,0.03137254901960784,0.009150326797385621,0.01786492374727669
0.026895943562610228,0.03306878306878307,0.04894179894179894,0.13271604938271606,0.02204585537918871,0.3205467372134039,0.009259259259259259,0.23544973544973544,0.005731922398589065,0.012345679012345678,0.008818342151675485,0.02204585537918871,0.06569664902998236,0.029982363315696647,0.008818342151675485,0.01763668430335097
0.024357838795394153,0.032329495128432244,0.04738706820194863,0.1328609388839681,0.022586359610274578,0.32418069087688217,0.010628875110717449,0.23383525243578387,0.005757307351638618,0.012843224092116917,0.009300265721877768,0.024357838795394153,0.06687333923826395,0.0283436669619132,0.006643046944198406,0.01771479185119575
0.025607064017660046,0.032671081677704196,0.05121412803532009,0.1315673289183223,0.023399558498896248,0.31920529801324504,0.009713024282560706,0.23576158940397351,0.004856512141280353,0.01456953642384106,0.010154525386313467,0.023399558498896248,0.06754966887417219,0.029580573951434878,0.006181015452538631,0.01456953642384106
0.02673093777388256,0.03155127081507449,0.049079754601226995,0.13058720420683612,0.022787028921998246,0.32077125328659073,0.009640666082383873,0.2388255915863278,0.003943908851884312,0.014460999123575811,0.012269938650306749,0.02322524101665206,0.06573181419807186,0.029798422436459245,0.006134969325153374,0.014460999123575811
0.03090507726269316,0.032229580573951436,0.04900662251655629,0.12582781456953643,0.022516556291390728,0.3161147902869757,0.010596026490066225,0.2423841059602649,0.003973509933774834,0.016335540838852098,0.012803532008830023,0.02384105960264901,0.06225165562913907,0.02913907284768212,0.0075055187637969095,0.01456953642384106
0.02897278314310799,0.03204565408252853,0.046532045654082525,0.13037752414398596,0.024582967515364356,0.3173836698858648,0.01009657594381036,0.2370500438981563,0.004389815627743635,0.016681299385425813,0.012730465320456541,0.025460930640913083,0.058384547848990345,0.031167690956979806,0.00877963125548727,0.015364354697102721
0.03032967032967033,0.032527472527472526,0.04263736263736264,0.130989010989011,0.025494505494505496,0.31164835164835164,0.01010989010989011,0.2378021978021978,0.004395604395604396,0.01802197802197802,0.013626373626373627,0.025494505494505496,0.06153846153846154,0.03120879120879121,0.01054945054945055,0.013626373626373627
0.02969858156028369,0.031914893617021274,0.04343971631205674,0.12810283687943264,0.026595744680851064,0.313386524822695,0.011081560283687944,0.23670212765957446,0.003989361702127659,0.017287234042553192,0.014627659574468085,0.025709219858156027,0.05939716312056738,0.03324468085106383,0.010195035460992909,0.014627659574468085
0.03145478374836173,0.031017911751856708,0.04237658366098733,0.13018785495849716,0.027959807776321538,0.3036260375709917,0.011795543905635648,0.23853211009174313,0.0030581039755351682,0.01747487986020096,0.015727391874180863,0.027522935779816515,0.062035823503713415,0.03363914373088685,0.010048055919615552,0.013543031891655745
0.032059727711901624,0.032498902064119456,0.039525691699604744,0.12736056214317085,0.027228809837505488,0.3008344312692139,0.011857707509881422,0.23978919631093545,0.003513394817742644,0.019762845849802372,0.015371102327624066,0.029424681598594644,0.06324110671936758,0.032498902064119456,0.00922266139657444,0.015810276679841896
0.03463393248575186,0.03419552827707146,0.0394563787812363,0.12319158263919333,0.028057869355545814,0.3016220955721175,0.013590530469092503,0.23279263480929416,0.00394563787812363,0.019289785181937746,0.016220955721174924,0.030688294607628234,0.06313020604997809,0.033318719859710653,0.008768084173608066,0.01709776413853573
0.03513394817742644,0.030742204655248132,0.04040404040404041,0.12033377250768555,0.02766798418972332,0.30171277997364954,0.013614404918752744,0.23671497584541062,0.0030742204655248135,0.019762845849802372,0.016249451032059728,0.029424681598594644,0.06499780412823891,0.03337725076855512,0.00878348704435661,0.018006148440931048
0.03617115130127922,0.033083370092633436,0.038376709307454786,0.12351124834583149,0.027790030877812087,0.29863255403617117,0.013233348037053375,0.22761358623731803,0.003970004411116012,0.0211733568592854,0.016321129245699163,0.032201146890163214,0.0674900749889722,0.03617115130127922,0.008381120423467137,0.015880017644464048
0.03590425531914894,0.034574468085106384,0.03856382978723404,0.12810283687943264,0.028812056737588652,0.29343971631205673,0.011081560283687944,0.22650709219858156,0.0035460992907801418,0.02127659574468085,0.016843971631205674,0.03102836879432624,0.06914893617021277,0.03546099290780142,0.010638297872340425,0.015070921985815602
0.03507992895204263,0.03507992895204263,0.04085257548845471,0.12033747779751332,0.02930728241563055,0.2912966252220249,0.011989342806394316,0.2313499111900533,0.003552397868561279,0.021314387211367674,0.015985790408525755,0.03197158081705151,0.07104795737122557,0.03641207815275311,0.009769094138543518,0.014653641207815276
0.035964912280701755,0.035526315789473684,0.03859649122807018,0.12412280701754386,0.02894736842105263,0.2969298245614035,0.012280701754385965,0.21929824561403508,0.0030701754385964912,0.021929824561403508,0.014912280701754385,0.03289473684210526,0.07105263157894737,0.038157894736842106,0.010526315789473684,0.015789473684210527
0.03721754541426672,0.0358883473637572,0.03987594151528578,0.12051395657953035,0.02702702702702703,0.2875498449268941,0.012405848471422242,0.22241914045192734,0.004430660168365086,0.02303943287549845,0.013735046521931768,0.035002215330084185,0.07133362871067789,0.03987594151528578,0.011519716437749225,0.018165706690296855
0.03607567091948966,0.03607567091948966,0.03915530136383634,0.12538495380554335,0.027276726792784867,0.28244610646722396,0.013198416190057193,0.22173339199296085,0.007479102507699076,0.024637043554773426,0.012758468983721953,0.03167619885613726,0.0708315002199736,0.040475142982842056,0.012318521777386713,0.01847778266608007
0.03352448169386855,0.03617115130127922,0.03970004411116013,0.12439347154830172,0.024702249669166298,0.28407587119541244,0.012792236435818262,0.22143802382002647,0.0066166740185266875,0.023820026466696075,0.012792236435818262,0.03396559329510366,0.07146007940008822,0.043670048522276135,0.0105866784296427,0.020291133656815175
0.032545697726259475,0.03522068658047258,0.03611234953187695,0.12082032991529201,0.025858225590726706,0.2804279982166741,0.013374944271065538,0.2224699063753901,0.007579135086937138,0.024520731163620153,0.014266607222469906,0.03566651805617477,0.0722246990637539,0.04681230494872938,0.00980829246544806,0.02229157378510923
0.03272888102609465,0.03361344537815126,0.03582485625829279,0.12472357363998231,0.02697921273772667,0.27598407784166296,0.015479876160990712,0.22158337019018134,0.008845643520566122,0.022556390977443608,0.0145953118089341,0.03759398496240601,0.07474568774878372,0.044228217602830605,0.009730207872622734,0.020787262273330383
0.03354203935599284,0.03175313059033989,0.03398926654740608,0.129695885509839,0.025044722719141325,0.2817531305903399,0.016100178890876567,0.21556350626118068,0.009391771019677997,0.02191413237924866,0.014311270125223614,0.038461538461538464,0.07468694096601074,0.042486583184257604,0.010286225402504472,0.02101967799642218
0.03527336860670194,0.03218694885361552,0.03571428571428571,0.12389770723104056,0.024250440917107582,0.2830687830687831,0.014991181657848324,0.21825396825396826,0.007936507936507936,0.022486772486772486,0.012345679012345678,0.03835978835978836,0.07716049382716049,0.042328042328042326,0.010582010582010581,0.021164021164021163
0.0357773851590106,0.03180212014134275,0.0353356890459364,0.11837455830388692,0.023409893992932862,0.28533568904593637,0.014134275618374558,0.21775618374558303,0.010159010600706713,0.022968197879858657,0.013250883392226149,0.037102473498233215,0.0799469964664311,0.04240282685512368,0.009717314487632508,0.022526501766784453
0.03340659340659341,0.02945054945054945,0.033846153846153845,0.11868131868131868,0.024175824175824177,0.28835164835164834,0.014945054945054945,0.2123076923076923,0.01010989010989011,0.025934065934065935,0.014065934065934066,0.03868131868131868,0.07956043956043957,0.04131868131868132,0.00967032967032967,0.025494505494505496
0.03622872108249672,0.029244871235268442,0.036665211697948494,0.11741597555652554,0.02400698384984723,0.2837189000436491,0.014404190309908338,0.2112614578786556,0.01003928415539066,0.023134002618943692,0.013967699694456569,0.03753819292885203,0.08075076385857705,0.044085552160628545,0.008729812309035356,0.028808380619816675
0.03747795414462081,0.03130511463844797,0.03659611992945326,0.10978835978835978,0.024250440917107582,0.2826278659611993,0.01455026455026455,0.21869488536155202,0.009259259259259259,0.022486772486772486,0.015432098765432098,0.037037037037037035,0.07716049382716049,0.04497354497354497,0.008818342151675485,0.029541446208112873
0.03760384783559248,0.030170529077393964,0.036292085701792744,0.11456055968517709,0.024048972452995192,0.2829033668561434,0.013992129427197202,0.21031919545255795,0.010931351114997814,0.023611718408395276,0.01355487538259729,0.03935286401399213,0.07914298207258418,0.04722343681679055,0.007870572802798426,0.028421512898994316
0.03903508771929825,0.02894736842105263,0.037719298245614034,0.1118421052631579,0.02587719298245614,0.28157894736842104,0.013157894736842105,0.21228070175438596,0.011842105263157895,0.02368421052631579,0.012719298245614035,0.035964912280701755,0.08070175438596491,0.046052631578947366,0.009210526315789473,0.029385964912280703
0.03913808267370272,0.02990325417766051,0.04001759014951627,0.11301671064204045,0.025945470536499562,0.2827616534740545,0.012752858399296393,0.2075637642919965,0.012313104661389622,0.024186455584872472,0.012313104661389622,0.03386103781882146,0.08135444151275285,0.04529463500439754,0.009674582233948988,0.02990325417766051
0.04052863436123348,0.030837004405286344,0.038766519823788544,0.11277533039647578,0.023348017621145373,0.2801762114537445,0.01277533039647577,0.20352422907488987,0.014096916299559472,0.026872246696035242,0.012334801762114538,0.03612334801762115,0.0828193832599119,0.044933920704845816,0.01013215859030837,0.029955947136563875
0.04081632653061224,0.03149955634427684,0.040372670807453416,0.11446317657497782,0.024401064773735583,0.28305235137533274,0.011535048802129548,0.19787045252883761,0.015527950310559006,0.025288376220053237,0.013309671694764862,0.03460514640638864,0.08207630878438332,0.04569653948535936,0.008873114463176575,0.030612244897959183
0.04212860310421286,0.031042128603104215,0.03813747228381375,0.11175166297117517,0.02350332594235033,0.2802660753880266,0.010643015521064302,0.20133037694013303,0.01729490022172949,0.0270509977827051,0.014634146341463415,0.03503325942350333,0.08292682926829269,0.04434589800443459,0.00975609756097561,0.03015521064301552
0.044415127528583995,0.032541776605101144,0.03781882145998241,0.10993843447669305,0.022867194371152155,0.27924362357080035,0.009234828496042216,0.20140721196130168,0.015391380826737027,0.029023746701846966,0.014072119613016711,0.03386103781882146,0.08179419525065963,0.047493403693931395,0.010114335971855761,0.030782761653474055
0.04438526409232135,0.03462050599201065,0.03772747447847315,0.1083000443852641,0.023524189968930315,0.27518863737239235,0.00887705281846427,0.20150909897913893,0.015090989791389259,0.031069684864624945,0.014203284509542832,0.032845095428317796,0.08477585441633377,0.04749223257878384,0.010208610741233911,0.030181979582778518
0.0446113074204947,0.030918727915194347,0.03666077738515901,0.11130742049469965,0.023409893992932862,0.28091872791519434,0.009275618374558304,0.20185512367491165,0.012809187279151944,0.03180212014134275,0.014575971731448763,0.030918727915194347,0.0803886925795053,0.04726148409893993,0.010159010600706713,0.03312720848056537
0.043288150415391344,0.03235679930039353,0.03760384783559248,0.1080017490161784,0.024923480542195016,0.27590730214254483,0.009619588981198076,0.20419763882815917,0.014866637516397026,0.033668561434193264,0.014429383471797114,0.03235679930039353,0.07958023611718408,0.04678618277219064,0.010931351114997814,0.031482291211193704
0.04555409548839247,0.03153745072273324,0.03810775295663601,0.1020586946999562,0.025405168637757335,0.2781427945685502,0.010950503723171266,0.20280332895313186,0.01357862461673237,0.0337275514673675,0.01576872536136662,0.030223390275952694,0.08059570740254052,0.04862023653088042,0.010512483574244415,0.032413491020586944
0.044697633654688866,0.030236634531113058,0.03943908851884312,0.10385626643295355,0.02366345311130587,0.27957931638913236,0.012708150744960562,0.19675723049956179,0.011831726555652936,0.03374233128834356,0.015775635407537247,0.031113058720420684,0.08194566170026293,0.050394390885188434,0.010078878177037686,0.03418054338299737
0.04487461504619446,0.030356357237131544,0.040475142982842056,0.10426748790145182,0.02331720193576771,0.2740871095468544,0.011878574571051475,0.194456665200176,0.012758468983721953,0.0365156181258249,0.015398152221733392,0.03519577650681918,0.08358996920369556,0.04839419269687637,0.010998680158380994,0.03343598768147822
0.04957945993802568,0.03231518370960602,0.043382027445772464,0.10314298362107127,0.02257636122177955,0.27091633466135456,0.013280212483399735,0.1899070385126162,0.012837538733953076,0.03497122620628597,0.01416555998229305,0.04028331119964586,0.08322266489597167,0.04736609119079239,0.01018149623727313,0.03187250996015936
0.04910127137220517,0.030688294607628234,0.041209995615957916,0.10039456378781236,0.022797018851380975,0.27268741779921085,0.01183691363437089,0.18895221394125383,0.01446733888645331,0.03857957036387549,0.014028934677772907,0.042525208241999124,0.08110477860587462,0.04778605874616396,0.01052170100832968,0.033318719859710653
0.04726148409893993,0.03180212014134275,0.03842756183745583,0.09849823321554771,0.02120141342756184,0.2769434628975265,0.011484098939929329,0.19125441696113074,0.012809187279151944,0.04019434628975265,0.013692579505300354,0.04328621908127209,0.0812720848056537,0.04726148409893993,0.011042402826855124,0.03356890459363958
0.04557405784399649,0.03067484662576687,0.03680981595092025,0.09991235758106924,0.022348816827344433,0.2677475898334794,0.011831726555652936,0.19149868536371603,0.012708150744960562,0.04163014899211218,0.012708150744960562,0.04645048203330412,0.08588957055214724,0.05083260297984225,0.010955302366345312,0.03242769500438212
0.04675782973092192,0.031760035288928096,0.03970004411116013,0.10057344508160565,0.019850022055580063,0.2690780767534186,0.013674459638288486,0.18614909572121746,0.013233348037053375,0.044111160123511246,0.012351124834583149,0.04719894133215704,0.08292898103220114,0.04675782973092192,0.011910013233348038,0.03396559329510366
0.04810238305383936,0.030450132391879964,0.03751103265666372,0.09620476610767872,0.02030008826125331,0.2705207413945278,0.015445719329214475,0.18932038834951456,0.01323918799646955,0.04060017652250662,0.013680494263018535,0.04677846425419241,0.08561341571050309,0.04766107678729038,0.01059135039717564,0.03398058252427184
0.04944812362030905,0.029580573951434878,0.038410596026490065,0.10154525386313466,0.019867549668874173,0.2710816777041943,0.01456953642384106,0.1836644591611479,0.013686534216335542,0.04282560706401766,0.0141280353200883,0.04812362030905077,0.07770419426048565,0.04900662251655629,0.011479028697571744,0.03487858719646799
0.048834139903211615,0.029916410030796304,0.0365156181258249,0.097228332600088,0.01803783545974483,0.2635283765948086,0.014518257809062912,0.19181698196216454,0.013198416190057193,0.04487461504619446,0.014078310602727673,0.047074351077870655,0.08227012758468984,0.04927408710954685,0.012318521777386713,0.0365156181258249
0.0446113074204947,0.02871024734982332,0.0353356890459364,0.10114840989399293,0.020318021201413426,0.26899293286219084,0.013692579505300354,0.19037102473498232,0.011925795053003533,0.04240282685512368,0.016342756183745585,0.04549469964664311,0.08259717314487633,0.04814487632508834,0.013692579505300354,0.036219081272084806
0.046255506607929514,0.02907488986784141,0.033920704845814977,0.09911894273127753,0.019383259911894272,0.26387665198237886,0.012334801762114538,0.18898678414096917,0.011894273127753305,0.04317180616740088,0.015859030837004406,0.04581497797356828,0.08766519823788546,0.051982378854625554,0.013656387665198238,0.03700440528634361
0.043591979075850044,0.02964254577157803,0.03269398430688753,0.0976460331299041,0.018308631211857017,0.26155187445510025,0.012205754141238012,0.1878814298169137,0.011769834350479512,0.044899738448125545,0.014821272885789015,0.04838709677419355,0.0919790758500436,0.05405405405405406,0.013513513513513514,0.037053182214472534
0.045053003533568906,0.02959363957597173,0.03489399293286219,0.10026501766784453,0.018992932862190812,0.2579505300353357,0.012367491166077738,0.18595406360424027,0.011484098939929329,0.045053003533568906,0.016342756183745585,0.04858657243816254,0.09231448763250884,0.05079505300353357,0.011925795053003533,0.03842756183745583
0.04581497797356828,0.028634361233480177,0.03259911894273128,0.1013215859030837,0.018061674008810574,0.25726872246696036,0.011894273127753305,0.18370044052863435,0.011013215859030838,0.04801762114537445,0.015418502202643172,0.04801762114537445,0.09515418502202644,0.050220264317180616,0.01277533039647577,0.04008810572687225
0.046511627906976744,0.029398859148749453,0.031154014918824045,0.10048266783677051,0.017990346643264588,0.2523036419482229,0.011408512505484861,0.18429135585783238,0.010969723562966213,0.049583150504607286,0.01491882404563405,0.050021939447125935,0.09609477841158402,0.05089951733216323,0.013163668275559455,0.040807371654234315
0.046532045654082525,0.029411764705882353,0.028533801580333626,0.10316066725197541,0.014925373134328358,0.2515364354697103,0.013169446883230905,0.1865671641791045,0.009657594381035996,0.046532045654082525,0.013169446883230905,0.04916593503072871,0.09833187006145742,0.05179982440737489,0.014486391571553995,0.04302019315188762
0.04780876494023904,0.025675077467906152,0.0283311199645861,0.10447100486941124,0.01416555998229305,0.2505533421868083,0.012837538733953076,0.18813634351482958,0.009296148738379814,0.046923417441345726,0.013280212483399735,0.05267817618415228,0.09606020362992475,0.053563523683045594,0.017706949977866312,0.03851261620185923
0.04732419283502875,0.02697921273772667,0.026536930561698365,0.10614772224679346,0.013268465280849183,0.2565236620964175,0.011941618752764263,0.189296771340115,0.010172490048651039,0.04688191065900044,0.01238390092879257,0.05174701459531181,0.09641751437417072,0.04997788589119859,0.015479876160990712,0.038920831490490936
0.05017605633802817,0.02772887323943662,0.023327464788732395,0.1073943661971831,0.011443661971830986,0.2548415492957746,0.013204225352112676,0.18485915492957747,0.011003521126760563,0.04665492957746479,0.011443661971830986,0.05017605633802817,0.0994718309859155,0.05501760563380282,0.015404929577464789,0.037852112676056336
0.05081749889527176,0.02695536897923111,0.02562969509500663,0.1095890410958904,0.011931064958020326,0.24922669023420238,0.015908086610693768,0.18250110472823686,0.010605391073795847,0.04728236853733982,0.012372956252761821,0.04993371630578878,0.10207688908528502,0.05214317277949625,0.015466195315952275,0.037560760053026956
0.050727834142037936,0.02867225408028231,0.02646669607410675,0.10807234230260256,0.0141155712395236,0.23952359947066607,0.0141155712395236,0.18217909131010146,0.011468901632112925,0.04719894133215704,0.013674459638288486,0.049845610939567714,0.10542567269519189,0.054256726951918834,0.015438906043228937,0.0388178209086899
0.05357142857142857,0.02857142857142857,0.026785714285714284,0.103125,0.014732142857142857,0.24642857142857144,0.013392857142857142,0.178125,0.009821428571428571,0.048214285714285716,0.0125,0.04776785714285714,0.10982142857142857,0.054910714285714285,0.013839285714285714,0.038392857142857145
0.05647985989492119,0.027583187390542906,0.028458844133099823,0.1063922942206655,0.014448336252189142,0.2381786339754816,0.014448336252189142,0.1786339754816112,0.010945709281961471,0.04597197898423818,0.0148861646234676,0.05166374781085814,0.1063922942206655,0.05604203152364273,0.013134851138353765,0.03633975481611208
0.059030837004405284,0.026872246696035242,0.02555066079295154,0.10572687224669604,0.013215859030837005,0.24008810572687225,0.014977973568281937,0.17841409691629956,0.012334801762114538,0.04581497797356828,0.012334801762114538,0.05462555066079295,0.10792951541850221,0.055506607929515416,0.01277533039647577,0.03480176211453744
0.057649667405764965,0.021729490022172948,0.025720620842572064,0.10465631929046564,0.012860310421286032,0.24301552106430155,0.014634146341463415,0.1827050997782705,0.012860310421286032,0.04434589800443459,0.012860310421286032,0.05188470066518847,0.10997782705099779,0.0541019955654102,0.014190687361419069,0.03680709534368071
0.06027276726792785,0.02375714914210295,0.02331720193576771,0.10778706555213374,0.013198416190057193,0.24153101627804663,0.013198416190057193,0.17861856577210736,0.013198416190057193,0.04399472063352398,0.013198416190057193,0.05367355917289925,0.10866695996480423,0.056313242410910694,0.014518257809062912,0.034755829300483945
0.0649867374005305,0.022988505747126436,0.022546419098143235,0.10742705570291777,0.01237842617152962,0.23297966401414677,0.011936339522546418,0.1843501326259947,0.011936339522546418,0.04597701149425287,0.013262599469496022,0.05172413793103448,0.11273209549071618,0.05658709106984969,0.01237842617152962,0.03580901856763926
0.06455862977602109,0.022397891963109356,0.022837066315327184,0.10540184453227931,0.011857707509881422,0.230566534914361,0.011418533157663592,0.18401405357927098,0.011418533157663592,0.04567413263065437,0.015810276679841896,0.056214317083882304,0.11462450592885376,0.05665349143610013,0.010979358805445762,0.03557312252964427
0.06542882404951371,0.021662245800176835,0.022104332449160036,0.10786914235190097,0.011494252873563218,0.22767462422634838,0.011494252873563218,0.18037135278514588,0.011936339522546418,0.046861184792219276,0.016799292661361626,0.054376657824933686,0.11892130857648099,0.05791335101679929,0.011052166224580018,0.03404067197170645
0.0674900749889722,0.020732245258050286,0.0211733568592854,0.10719011910013233,0.012792236435818262,0.2329069254521394,0.009704455227172474,0.17468019408910454,0.013233348037053375,0.04852227613586237,0.015880017644464048,0.056021173356859286,0.1164534627260697,0.05866784296426996,0.009704455227172474,0.03484781649757389
0.0673076923076923,0.02054195804195804,0.021416083916083916,0.10402097902097902,0.012674825174825174,0.23470279720279721,0.010926573426573426,0.1756993006993007,0.014423076923076924,0.04807692307692308,0.014423076923076924,0.05506993006993007,0.11713286713286714,0.059877622377622376,0.009615384615384616,0.03409090909090909
0.06820194862710363,0.022143489813994686,0.023029229406554472,0.10673162090345438,0.010628875110717449,0.23472099202834368,0.010186005314437556,0.17404782993799822,0.013728963684676704,0.047829937998228524,0.012400354295837024,0.05757307351638618,0.11780336581045173,0.0562444641275465,0.010186005314437556,0.03454384410983171
0.07020623080298377,0.020623080298376482,0.022817025010969723,0.10530934620447564,0.011408512505484861,0.23387450636243967,0.01184730144800351,0.1763931548924967,0.014480035103115402,0.0434401053093462,0.01228609039052216,0.05616498464238701,0.11803422553751645,0.05704256252742431,0.010530934620447565,0.03554190434401053
0.06954971020954079,0.02050824788230049,0.021845742309407043,0.10967454302273741,0.012483281319661168,0.23272403031654035,0.013820775746767721,0.17209094962104324,0.013374944271065538,0.045474810521622826,0.010254123941150245,0.057066428889879624,0.1185911725367811,0.056620597414177444,0.0115916183682568,0.034329023629068214
0.06721955477957224,0.01920558707987778,0.022697512003491925,0.10824967263203841,0.012221737232649499,0.23352247926669575,0.01571366215626364,0.1680488869489306,0.013967699694456569,0.04975993016150153,0.011348756001745963,0.05761676123963335,0.12090790048013968,0.05543430816237451,0.01178524661719773,0.032300305543430816
0.06803023566029347,0.020453534904401955,0.023121387283236993,0.10404624277456648,0.013783903957314362,0.23699421965317918,0.014673188083592708,0.16896398399288573,0.01600711427301023,0.048910626945309024,0.01200533570475767,0.05691418408181414,0.11960871498443752,0.053357047576700754,0.011116051578479324,0.03201422854602046
0.06455862977602109,0.01668862538427756,0.025032938076416336,0.10144927536231885,0.014053579270970576,0.24242424242424243,0.013175230566534914,0.1642512077294686,0.015371102327624066,0.048748353096179184,0.012736056214317084,0.05577514273166447,0.11989459815546773,0.05665349143610013,0.013175230566534914,0.036012296881862096
0.06382978723404255,0.018173758865248225,0.026152482269503546,0.10106382978723404,0.014184397163120567,0.2402482269503546,0.012854609929078014,0.16578014184397163,0.014184397163120567,0.04654255319148936,0.012411347517730497,0.05673758865248227,0.12411347517730496,0.05585106382978723,0.011968085106382979,0.03590425531914894
0.06316254416961131,0.015459363957597174,0.026501766784452298,0.10335689045936396,0.012809187279151944,0.24602473498233215,0.012809187279151944,0.16298586572438162,0.016342756183745585,0.04858657243816254,0.015017667844522967,0.055212014134275615,0.12146643109540636,0.052120141342756186,0.012367491166077738,0.0357773851590106
0.062025881302989735,0.014725568942436412,0.0249888442659527,0.10307898259705489,0.013833110218652387,0.24854975457385095,0.013386880856760375,0.15618027666220438,0.018741633199464525,0.04462293618920125,0.0178491744756805,0.05800981704596162,0.11914323962516733,0.052655064703257475,0.0142793395805444,0.03792949576082106
0.05964912280701754,0.014912280701754385,0.02543859649122807,0.10657894736842105,0.014473684210526316,0.2482456140350877,0.012719298245614035,0.16052631578947368,0.016666666666666666,0.04473684210526316,0.016228070175438595,0.05570175438596491,0.11885964912280701,0.05394736842105263,0.013157894736842105,0.038157894736842106
0.057760141093474424,0.017195767195767195,0.02601410934744268,0.10582010582010581,0.013227513227513227,0.24735449735449735,0.013668430335097001,0.16137566137566137,0.016313932980599646,0.0427689594356261,0.018077601410934743,0.05731922398589065,0.11948853615520282,0.05335097001763668,0.011904761904761904,0.03835978835978836
0.05985915492957746,0.01584507042253521,0.02464788732394366,0.11047535211267606,0.013204225352112676,0.24867957746478872,0.014084507042253521,0.15757042253521128,0.01716549295774648,0.04181338028169014,0.017605633802816902,0.05369718309859155,0.12059859154929578,0.0528169014084507,0.012764084507042254,0.03917253521126761
0.060526315789473685,0.015789473684210527,0.02456140350877193,0.11359649122807018,0.013157894736842105,0.24210526315789474,0.012719298245614035,0.16271929824561404,0.015350877192982455,0.042105263157894736,0.017543859649122806,0.05175438596491228,0.12192982456140351,0.05394736842105263,0.011403508771929825,0.04078947368421053
0.060673162090345435,0.015943312666076175,0.025243578387953942,0.11381753764393268,0.012843224092116917,0.24180690876882197,0.013286093888396812,0.16341895482728078,0.015057573073516387,0.043401240035429584,0.017271922054915855,0.054030115146147036,0.12311780336581045,0.05225863596102746,0.00974313551815766,0.03808680248007086
0.06525573192239859,0.01675485008818342,0.02601410934744268,0.11552028218694885,0.014991181657848324,0.23544973544973544,0.013227513227513227,0.15564373897707232,0.01455026455026455,0.04497354497354497,0.018077601410934743,0.0564373897707231,0.12257495590828923,0.05202821869488536,0.010582010582010581,0.03791887125220458
0.060619469026548675,0.018141592920353982,0.023008849557522124,0.1172566371681416,0.01415929203539823,0.2415929203539823,0.011946902654867256,0.15530973451327434,0.014601769911504425,0.04292035398230089,0.018584070796460177,0.05663716814159292,0.12477876106194691,0.05132743362831858,0.010619469026548672,0.03849557522123894
0.06327433628318584,0.017699115044247787,0.023451327433628318,0.11991150442477876,0.01327433628318584,0.23893805309734514,0.010619469026548672,0.15530973451327434,0.015486725663716814,0.04424778761061947,0.017699115044247787,0.06017699115044248,0.12168141592920353,0.05,0.010176991150442478,0.03805309734513274
0.0623342175066313,0.018125552608311227,0.022546419098143235,0.1229000884173298,0.01282051282051282,0.24182139699381078,0.010610079575596816,0.15030946065428824,0.016357206012378427,0.04155614500442087,0.01989389920424403,0.0605658709106985,0.1206896551724138,0.046419098143236075,0.01237842617152962,0.040671971706454466
0.06285464862505456,0.017023134002618942,0.02357049323439546,0.12745525971191618,0.013094718463553033,0.23876036665211697,0.00960279353993889,0.14927979048450457,0.017023134002618942,0.04277608031427324,0.018332605848974247,0.058053251855085114,0.12221737232649497,0.046704495853339155,0.010475774770842427,0.04277608031427324
