C_R,C_A,C_S,C_N,D_R,D_A,D_S,D_N,Oc_R,Oc_A,Oc_S,Oc_N,Od_R,Od_A,Od_S,Od_N
0.0,0.0,0.0,0.0,0.0,0.0,0.0,0.0,0.0,0.0,0.0,0.0,0.0,1.0,0.0,0.0
0.0,0.0,0.0,0.0,0.0,0.6666666666666666,0.0,0.0,0.0,0.0,0.0,0.0,0.0,0.3333333333333333,0.0,0.0
0.0,0.0,0.0,0.0,0.0,0.5,0.0,0.0,0.0,0.16666666666666666,0.0,0.0,0.0,0.3333333333333333,0.0,0.0
0.0,0.0,0.0,0.0,0.0,0.36363636363636365,0.0,0.0,0.0,0.18181818181818182,0.0,0.18181818181818182,0.0,0.2727272727272727,0.0,0.0
0.05,0.1,0.0,0.0,0.0,0.35,0.0,0.0,0.0,0.0,0.0,0.2,0.0,0.3,0.0,0.0
0.05555555555555555,0.1111111111111111,0.0,0.0,0.0,0.2777777777777778,0.027777777777777776,0.0,0.0,0.0,0.0,0.2222222222222222,0.0,0.2222222222222222,0.05555555555555555,0.027777777777777776
0.034482758620689655,0.13793103448275862,0.0,0.0,0.0,0.2413793103448276,0.034482758620689655,0.0,0.0,0.0,0.0,0.1896551724137931,0.0,0.20689655172413793,0.1206896551724138,0.034482758620689655
0.06060606060606061,0.10101010101010101,0.0,0.0,0.020202020202020204,0.24242424242424243,0.04040404040404041,0.0,0.030303030303030304,0.0,0.0,0.16161616161616163,0.0,0.1919191919191919,0.1111111111111111,0.04040404040404041
0.0684931506849315,0.1095890410958904,0.0,0.0,0.04794520547945205,0.2328767123287671,0.06164383561643835,0.0,0.04794520547945205,0.0,0.0136986301369863,0.14383561643835616,0.0,0.17123287671232876,0.07534246575342465,0.0273972602739726
0.05555555555555555,0.11574074074074074,0.004629629629629629,0.018518518518518517,0.05555555555555555,0.2222222222222222,0.06481481481481481,0.009259259259259259,0.041666666666666664,0.004629629629629629,0.018518518518518517,0.13425925925925927,0.013888888888888888,0.12962962962962962,0.06018518518518518,0.05092592592592592
0.048701298701298704,0.11688311688311688,0.00974025974025974,0.016233766233766232,0.05519480519480519,0.16558441558441558,0.05194805194805195,0.01948051948051948,0.048701298701298704,0.016233766233766232,0.02922077922077922,0.1525974025974026,0.012987012987012988,0.13636363636363635,0.06818181818181818,0.05194805194805195
0.04228855721393035,0.11940298507462686,0.024875621890547265,0.017412935323383085,0.05472636815920398,0.1417910447761194,0.06467661691542288,0.01990049751243781,0.05721393034825871,0.01990049751243781,0.03233830845771144,0.16169154228855723,0.007462686567164179,0.12189054726368159,0.06716417910447761,0.0472636815920398
0.04038461538461539,0.12692307692307692,0.025,0.025,0.05576923076923077,0.12115384615384615,0.06346153846153846,0.019230769230769232,0.07692307692307693,0.019230769230769232,0.028846153846153848,0.15,0.009615384615384616,0.11346153846153846,0.0673076923076923,0.057692307692307696
0.040123456790123455,0.12654320987654322,0.038580246913580245,0.024691358024691357,0.05246913580246913,0.1111111111111111,0.06481481481481481,0.020061728395061727,0.07716049382716049,0.016975308641975308,0.038580246913580245,0.1388888888888889,0.015432098765432098,0.10648148148148148,0.06790123456790123,0.06018518518518518
0.03965303593556382,0.13011152416356878,0.040892193308550186,0.03345724907063197,0.05947955390334572,0.09665427509293681,0.0644361833952912,0.01734820322180917,0.080545229244114,0.0161090458488228,0.048327137546468404,0.11895910780669144,0.021065675340768277,0.11152416356877323,0.06319702602230483,0.058240396530359353
0.037987679671457907,0.1324435318275154,0.048254620123203286,0.02566735112936345,0.055441478439425054,0.08726899383983573,0.06262833675564682,0.02053388090349076,0.08829568788501027,0.022587268993839837,0.04004106776180698,0.11806981519507187,0.023613963039014373,0.11806981519507187,0.06365503080082136,0.055441478439425054
0.0412280701754386,0.12543859649122807,0.056140350877192984,0.02456140350877193,0.04649122807017544,0.09210526315789473,0.06578947368421052,0.02631578947368421,0.09035087719298246,0.021929824561403508,0.04736842105263158,0.10438596491228071,0.027192982456140352,0.10789473684210527,0.06140350877192982,0.06140350877192982
0.042073628850488355,0.12321562734785875,0.059353869271224644,0.02404207362885049,0.04658151765589782,0.08414725770097671,0.067618332081142,0.03005259203606311,0.09015777610818933,0.03005259203606311,0.04658151765589782,0.10217881292261458,0.022539444027047332,0.09917355371900827,0.06235912847483095,0.06987227648384674
0.038461538461538464,0.123342175066313,0.06830238726790451,0.025198938992042442,0.050397877984084884,0.08156498673740054,0.07029177718832891,0.03183023872679045,0.09814323607427056,0.029840848806366047,0.046419098143236075,0.09018567639257294,0.020557029177718834,0.09946949602122016,0.05636604774535809,0.06962864721485411
0.04319136172765447,0.11937612477504499,0.07438512297540492,0.02459508098380324,0.05458908218356329,0.08218356328734253,0.06898620275944811,0.03059388122375525,0.09778044391121776,0.03959208158368326,0.04559088182363527,0.08218356328734253,0.01859628074385123,0.09598080383923216,0.055188962207558485,0.06718656268746251
0.04215196894065446,0.11425402107598447,0.07487520798668885,0.022185246810870772,0.056572379367720464,0.06988352745424292,0.07487520798668885,0.029950083194675542,0.09983361064891846,0.044370493621741544,0.048807542983915694,0.0776483638380477,0.017193566278424846,0.09706045479755962,0.056017748197448695,0.07432057681641709
0.04024767801857585,0.11197110423116616,0.0825593395252838,0.024251805985552117,0.05985552115583075,0.06243550051599587,0.07327141382868937,0.033539731682146544,0.10629514963880289,0.04231166150670795,0.04643962848297214,0.07533539731682147,0.015479876160990712,0.09545923632610939,0.05933952528379773,0.07120743034055728
0.03795620437956204,0.11094890510948906,0.08856447688564477,0.0267639902676399,0.05547445255474453,0.06326034063260341,0.07639902676399027,0.032116788321167884,0.10754257907542579,0.04282238442822384,0.04866180048661801,0.072992700729927,0.018491484184914843,0.08613138686131387,0.06374695863746958,0.0681265206812652
0.04045155221072436,0.1077140169332079,0.08795860771401694,0.028692380056444027,0.05879586077140169,0.05973659454374412,0.07525870178739416,0.03198494825964252,0.11429915333960489,0.03951081843838194,0.05221072436500471,0.06773283160865474,0.018344308560677328,0.07902163687676388,0.06961429915333961,0.06867356538099718
0.04183908045977011,0.1103448275862069,0.0928735632183908,0.02666666666666667,0.06114942528735632,0.056091954022988506,0.07816091954022988,0.03586206896551724,0.11954022988505747,0.03632183908045977,0.05839080459770115,0.05839080459770115,0.019310344827586208,0.07172413793103448,0.06620689655172414,0.06712643678160919
0.03411131059245961,0.11086175942549371,0.09380610412926392,0.026929982046678635,0.05834829443447038,0.059245960502693,0.07809694793536805,0.031867145421903054,0.11938958707360861,0.037253141831238776,0.06463195691202872,0.06059245960502693,0.02289048473967684,0.07046678635547576,0.06508078994614004,0.06642728904847396
0.033920704845814977,0.11365638766519824,0.10088105726872247,0.027753303964757708,0.06167400881057269,0.05859030837004405,0.07797356828193833,0.030837004405286344,0.11189427312775331,0.040969162995594714,0.06475770925110132,0.06035242290748899,0.019383259911894272,0.06740088105726873,0.06651982378854626,0.06343612334801763
0.03764604067503245,0.11466897446992644,0.10731285157940286,0.02942449156209433,0.06490696668109043,0.05279099956728689,0.07485936823885764,0.03028991778450887,0.10688013846819559,0.04110774556469061,0.06577239290350498,0.059281696235395934,0.018606663781912593,0.06750324534833406,0.07053223712678494,0.05841627001298139
0.03362068965517241,0.11939655172413793,0.10646551724137931,0.032758620689655175,0.0668103448275862,0.052155172413793104,0.07413793103448275,0.03318965517241379,0.10431034482758621,0.04267241379310345,0.06810344827586207,0.059482758620689656,0.01939655172413793,0.059051724137931035,0.07370689655172413,0.054741379310344826
0.030616645105648987,0.1246226821905994,0.11082363087537732,0.03492884864165589,0.06597671410090557,0.05088400172488142,0.0771884432945235,0.03406640793445451,0.09918068132815869,0.043553255713669685,0.0724450194049159,0.058645968089693835,0.019836136265631736,0.05260888313928418,0.07503234152652005,0.049590340664079344
0.032354193273733504,0.1306939123031077,0.11153682418050234,0.031928480204342274,0.06300553426990209,0.04767986377181779,0.07747977862920391,0.032779906343124735,0.0940825883354619,0.04427415921668795,0.07407407407407407,0.05534269902085994,0.020008514261387826,0.05363984674329502,0.0800340570455513,0.05108556832694764
0.03144921376965576,0.12452188695282618,0.1155971100722482,0.03357416064598385,0.06289842753931152,0.046323841903952404,0.07989800254993625,0.03484912877178071,0.09434764130896728,0.04547386315342117,0.0739481512962176,0.05227369315767106,0.02252443688907777,0.05439864003399915,0.08032299192520187,0.04759881002974926
0.02848639455782313,0.13010204081632654,0.11819727891156463,0.03443877551020408,0.06760204081632654,0.04804421768707483,0.07865646258503402,0.03741496598639456,0.08886054421768708,0.0467687074829932,0.06930272108843537,0.04804421768707483,0.020833333333333332,0.04974489795918367,0.08078231292517007,0.05272108843537415
0.02918781725888325,0.13028764805414553,0.1218274111675127,0.02961082910321489,0.06683587140439932,0.047800338409475465,0.077834179357022,0.03468697123519458,0.08629441624365482,0.047800338409475465,0.07106598984771574,0.047800338409475465,0.021573604060913704,0.050338409475465314,0.08460236886632826,0.05245346869712352
0.027530707327403644,0.12621770436255825,0.12240576027107158,0.03261329944938585,0.06861499364675985,0.04913172384582804,0.08005082592121983,0.03303684879288437,0.08725116476069462,0.04193138500635324,0.07581533248623465,0.045743329097839895,0.022871664548919948,0.05040237187632359,0.08809826344769166,0.048284625158831
0.029573299535276723,0.1267427122940431,0.1263202365863963,0.032953105196451206,0.07139839459231094,0.046894803548795945,0.08027038445289396,0.03506548373468526,0.09125475285171103,0.04224757076468103,0.07266582171525138,0.04478242501056189,0.024926066751161807,0.048162230671736375,0.08365019011406843,0.043092522179974654
0.02601279317697228,0.13134328358208955,0.1279317697228145,0.032409381663113,0.07206823027718551,0.049466950959488276,0.08272921108742004,0.03582089552238806,0.09040511727078891,0.041791044776119404,0.0767590618336887,0.037526652452025584,0.019616204690831557,0.04605543710021322,0.08528784648187633,0.04477611940298507
0.02392947103274559,0.14021830394626364,0.12720403022670027,0.030646515533165407,0.07598656591099916,0.049958018471872374,0.0818639798488665,0.037783375314861464,0.08816120906801007,0.04114189756507137,0.07556675062972293,0.04114189756507137,0.018052057094878254,0.04240134340890008,0.08270361041141898,0.04324097397145256
0.02364864864864865,0.140625,0.1266891891891892,0.030405405405405407,0.07432432432432433,0.052364864864864864,0.08530405405405406,0.03842905405405406,0.08826013513513513,0.03969594594594594,0.07601351351351351,0.040962837837837836,0.019425675675675675,0.04391891891891892,0.08150337837837837,0.03842905405405406
0.025738396624472575,0.1388185654008439,0.1291139240506329,0.03080168776371308,0.07341772151898734,0.049367088607594936,0.08523206751054853,0.0379746835443038,0.0890295358649789,0.039662447257383965,0.08059071729957806,0.039240506329113925,0.016877637130801686,0.043037974683544304,0.08438818565400844,0.03670886075949367
0.027472527472527472,0.1386306001690617,0.12848689771766694,0.029585798816568046,0.07311918850380389,0.047337278106508875,0.08579881656804733,0.03888419273034658,0.08622147083685545,0.03930684699915469,0.08030431107354184,0.04015215553677092,0.01775147928994083,0.04564666103127642,0.08284023668639054,0.038461538461538464
0.028704094554664415,0.13803292528493036,0.12283663993246095,0.028704094554664415,0.08062473617560152,0.045166737019839594,0.09033347403967919,0.03630223723089911,0.08526804558885606,0.04221190375685943,0.08146897425073871,0.04010130856901646,0.016884761502743775,0.04263402279442803,0.0818910932883073,0.038834951456310676
0.02863157894736842,0.1406315789473684,0.12631578947368421,0.029052631578947368,0.08505263157894737,0.04252631578947368,0.08463157894736842,0.039578947368421054,0.08463157894736842,0.03915789473684211,0.08336842105263158,0.04294736842105263,0.013473684210526317,0.04252631578947368,0.08421052631578947,0.03326315789473684
0.029448885149347917,0.1400925536390408,0.13083718973496003,0.02860748843079512,0.08792595708876735,0.04122843920908709,0.08708456037021456,0.038704249053428695,0.08498106857383256,0.0357593605384939,0.08329827513672697,0.03912494741270509,0.01093815734118637,0.04375262936474548,0.08203618005889778,0.0361800588977703
0.031512605042016806,0.13655462184873948,0.13067226890756303,0.029411764705882353,0.0861344537815126,0.04327731092436975,0.09243697478991597,0.03823529411764706,0.07983193277310924,0.034453781512605045,0.08319327731092437,0.037394957983193276,0.013865546218487394,0.043697478991596636,0.08697478991596638,0.03235294117647059
0.03296703296703297,0.14074387151310228,0.1301775147928994,0.0283178360101437,0.08664412510566356,0.042265426880811495,0.09129332206255283,0.034657650042265425,0.08030431107354184,0.033389687235841084,0.07819103972950127,0.039729501267962805,0.014792899408284023,0.04311073541842773,0.0874894336432798,0.035925612848689774
0.03220409870347135,0.14052697616060225,0.1275616896695943,0.03220409870347135,0.08573818485989126,0.043914680050188205,0.0890840652446675,0.034713508992053534,0.08531994981179424,0.03304056879966541,0.07695524884985362,0.03847762442492681,0.01547469677959013,0.04182350480970305,0.08866583019657047,0.034295273943956504
0.027333894028595457,0.1404541631623213,0.12910008410428933,0.031118587047939444,0.08410428931875526,0.042472666105971404,0.09251471825063078,0.0391084945332212,0.08578637510513036,0.032380151387720775,0.07317073170731707,0.040370058873002525,0.01471825063078217,0.04289318755256518,0.09083263246425567,0.0336417157275021
0.027989821882951654,0.14546225614927905,0.13358778625954199,0.030534351145038167,0.08015267175572519,0.041560644614079725,0.0916030534351145,0.039440203562340966,0.0835453774385072,0.029686174724342665,0.07718405428329092,0.03816793893129771,0.014843087362171332,0.041560644614079725,0.09117896522476675,0.033502968617472435
0.024472573839662448,0.14261603375527426,0.1341772151898734,0.03333333333333333,0.07890295358649789,0.043459915611814344,0.09240506329113925,0.0350210970464135,0.08649789029535865,0.03333333333333333,0.07974683544303797,0.035864978902953586,0.01729957805907173,0.04388185654008439,0.08945147679324894,0.029535864978902954
0.028858218318695106,0.14052697616060225,0.13132580510246758,0.03220409870347135,0.07779171894604768,0.040568799665411964,0.09075700543705563,0.03889585947302384,0.08992053534086157,0.03680468423253869,0.07779171894604768,0.04265997490589712,0.01631116687578419,0.03847762442492681,0.08824759514847344,0.028858218318695106
0.03104026845637584,0.1438758389261745,0.1325503355704698,0.031879194630872486,0.07550335570469799,0.038171140939597316,0.0910234899328859,0.040687919463087245,0.08850671140939598,0.03565436241610738,0.07843959731543625,0.038171140939597316,0.01971476510067114,0.0398489932885906,0.08766778523489933,0.02726510067114094
0.03031578947368421,0.14105263157894737,0.13221052631578947,0.032,0.07410526315789474,0.037894736842105266,0.08968421052631578,0.03873684210526316,0.09052631578947369,0.032842105263157895,0.0808421052631579,0.04168421052631579,0.018105263157894735,0.04042105263157895,0.09473684210526316,0.024842105263157895
0.030456852791878174,0.14255499153976312,0.13028764805414553,0.03341793570219966,0.0727580372250423,0.03722504230118443,0.09052453468697123,0.03637901861252115,0.08629441624365482,0.031302876480541454,0.08375634517766498,0.043993231810490696,0.020727580372250424,0.04060913705583756,0.0892554991539763,0.030456852791878174
0.03251689189189189,0.1414695945945946,0.13260135135135134,0.03589527027027027,0.07390202702702703,0.033361486486486486,0.0929054054054054,0.03420608108108108,0.08699324324324324,0.030405405405405407,0.08910472972972973,0.03589527027027027,0.017736486486486486,0.040962837837837836,0.09121621621621621,0.030827702702702704
0.031354515050167224,0.14046822742474915,0.13127090301003344,0.03302675585284281,0.07274247491638795,0.03511705685618729,0.09657190635451506,0.034280936454849496,0.08403010033444816,0.028846153846153848,0.09448160535117058,0.037207357859531776,0.020066889632107024,0.03804347826086957,0.08821070234113712,0.034280936454849496
0.031407035175879394,0.13442211055276382,0.12897822445561138,0.03433835845896147,0.0711892797319933,0.03559463986599665,0.09631490787269682,0.03685092127303183,0.08668341708542714,0.02931323283082077,0.09547738693467336,0.038944723618090454,0.02135678391959799,0.03726968174204355,0.08668341708542714,0.035175879396984924
0.027507405840033854,0.1358442657638595,0.12949640287769784,0.03554803216250529,0.07109606432501057,0.033855268726195514,0.09521794329242489,0.03808717731696995,0.086754126110876,0.02920016927634363,0.09775708844688955,0.04189589504866695,0.017350825222175202,0.03597122302158273,0.09183241641980533,0.03258569614896318
0.028463792381749686,0.13855169526998745,0.1297614064462118,0.03390539974884889,0.07283382168271244,0.02971954792800335,0.09711176224361658,0.03599832565927166,0.08622854750941816,0.033486814566764334,0.09585600669736291,0.03809125156969443,0.019254918375889492,0.03725408120552533,0.09083298451234827,0.03264964420259523
0.02678945165341147,0.13855169526998745,0.12934282126412724,0.033486814566764334,0.07492674759313521,0.030556718292172456,0.10339053997488488,0.03181247383842612,0.08706571787358727,0.02971954792800335,0.09543742151527836,0.03725408120552533,0.014650481372959398,0.03809125156969443,0.09543742151527836,0.033486814566764334
0.024624373956594323,0.13397328881469114,0.12646076794657762,0.03005008347245409,0.0709515859766277,0.028797996661101836,0.10308848080133556,0.03213689482470785,0.08848080133555926,0.030884808013355594,0.09766277128547579,0.041736227045075125,0.020450751252086813,0.03547579298831385,0.09891485809682804,0.03631051752921536
0.026282853566958697,0.13308302044221945,0.1251564455569462,0.03128911138923655,0.06967042136003337,0.03254067584480601,0.10054234459741343,0.03504380475594493,0.09052982895285774,0.030037546933667083,0.0951188986232791,0.03796412181894034,0.0229453483521068,0.03420942845223195,0.09720483938256154,0.03838130997079683
0.025792811839323467,0.13446088794926003,0.12558139534883722,0.03340380549682875,0.0668076109936575,0.03678646934460888,0.10063424947145877,0.035940803382663845,0.08372093023255814,0.03382663847780127,0.09767441860465116,0.034249471458773786,0.018604651162790697,0.03340380549682875,0.09936575052854123,0.039746300211416494
0.026083298275136727,0.14556163230963398,0.12536811106436685,0.034917963819941104,0.06647034076567102,0.0353386621792175,0.10012620950778292,0.03323517038283551,0.08624316365166176,0.0344972654606647,0.09970551114850652,0.02902818679007152,0.014724442574673959,0.0344972654606647,0.09802271771140092,0.0361800588977703
0.025512337933918862,0.1493099121706399,0.12170639899623588,0.03304056879966541,0.07193642827268926,0.034713508992053534,0.09577582601422,0.03136762860727729,0.08281053952321205,0.0397323295692179,0.0987034713508992,0.03220409870347135,0.015056461731493099,0.03680468423253869,0.09535759096612297,0.03596821413634463
0.025576519916142557,0.15010482180293502,0.11236897274633123,0.03228511530398323,0.07337526205450734,0.033962264150943396,0.09350104821802935,0.03270440251572327,0.08092243186582809,0.04109014675052411,0.10272536687631027,0.031446540880503145,0.018448637316561847,0.03857442348008386,0.09811320754716982,0.03480083857442348
0.02648171500630517,0.15384615384615385,0.1105506515342581,0.03026481715006305,0.07061790668348046,0.03614964270701976,0.09457755359394704,0.034047919293820936,0.0773434216057167,0.04077343421605717,0.1034047919293821,0.029003783102143757,0.019756200084068937,0.04077343421605717,0.09667927700714586,0.03572929802437999
0.027522935779816515,0.1501251042535446,0.10967472894078399,0.029608006672226857,0.07172643869891576,0.03836530442035029,0.09549624687239366,0.03461217681401168,0.07881567973311093,0.04128440366972477,0.10050041701417849,0.03252710592160134,0.01793160967472894,0.041701417848206836,0.0963302752293578,0.03377814845704754
0.031144781144781145,0.15193602693602692,0.10942760942760943,0.03367003367003367,0.06860269360269361,0.039141414141414144,0.09090909090909091,0.03535353535353535,0.07912457912457913,0.040824915824915826,0.09932659932659933,0.03493265993265993,0.017255892255892257,0.03872053872053872,0.09806397306397306,0.03156565656565657
0.02861952861952862,0.15193602693602692,0.11026936026936027,0.03198653198653199,0.06397306397306397,0.041666666666666664,0.08838383838383838,0.03493265993265993,0.07828282828282829,0.03998316498316498,0.10185185185185185,0.0361952861952862,0.017255892255892257,0.04208754208754209,0.10101010101010101,0.03156565656565657
0.025210084033613446,0.15252100840336136,0.11134453781512606,0.030672268907563024,0.06512605042016807,0.04243697478991597,0.09201680672268908,0.03277310924369748,0.08067226890756303,0.04201680672268908,0.10336134453781512,0.031932773109243695,0.01680672268907563,0.041176470588235294,0.10126050420168067,0.030672268907563024
0.025576519916142557,0.14842767295597484,0.1140461215932914,0.02851153039832285,0.06708595387840671,0.04318658280922432,0.09182389937106918,0.03605870020964361,0.0830188679245283,0.04067085953878407,0.10314465408805032,0.03480083857442348,0.016771488469601678,0.039832285115303984,0.0989517819706499,0.028092243186582808
0.027219430485762145,0.14530988274706869,0.11139028475711893,0.031825795644891124,0.06197654941373534,0.04396984924623116,0.09547738693467336,0.03685092127303183,0.08668341708542714,0.04103852596314908,0.10427135678391959,0.03350083752093802,0.015494137353433836,0.038107202680067,0.09757118927973199,0.02931323283082077
0.025094102885821833,0.1463822668339607,0.11166875784190715,0.03304056879966541,0.06273525721455459,0.043496445002091176,0.09159347553324969,0.03847762442492681,0.08824759514847344,0.043496445002091176,0.10204935173567545,0.03805938937682978,0.014638226683396068,0.03304056879966541,0.09619406106231702,0.03178586365537432
0.02619349387410224,0.15082382762991128,0.10942120828052387,0.03506548373468526,0.06294888043937473,0.04224757076468103,0.08998732572877059,0.034220532319391636,0.09252217997465145,0.04140261934938741,0.09885931558935361,0.03506548373468526,0.016476552598225603,0.035910435149978874,0.09716941275876637,0.031685678073510776
0.024132091447925486,0.15198983911939035,0.10795935647756139,0.03640982218458933,0.06562235393734124,0.04360711261642676,0.08721422523285352,0.03217612193056731,0.09652836579170194,0.04149026248941575,0.10076206604572396,0.03640982218458933,0.014817950889077053,0.03048264182895851,0.09652836579170194,0.03386960203217612
0.028092243186582808,0.15178197064989518,0.1069182389937107,0.04067085953878407,0.06918238993710692,0.04360587002096436,0.08385744234800839,0.031446540880503145,0.09056603773584905,0.044444444444444446,0.0989517819706499,0.03605870020964361,0.018029350104821804,0.02851153039832285,0.0939203354297694,0.033962264150943396
0.0266497461928934,0.15862944162436549,0.10152284263959391,0.03722504230118443,0.07318104906937395,0.03722504230118443,0.0850253807106599,0.031725888324873094,0.09602368866328258,0.04568527918781726,0.09602368866328258,0.03468697123519458,0.01692047377326565,0.027918781725888325,0.09729272419627749,0.03426395939086294
0.02645947081058379,0.15875682486350273,0.10583788324233516,0.034019319613607726,0.07643847123057539,0.0373792524149517,0.08441831163376733,0.030659386812263753,0.09743805123897523,0.04325913481730365,0.09113817723645527,0.03989920201595968,0.016799664006719867,0.028139437211255777,0.09323813523729525,0.03611927761444771
0.027437737441958633,0.16715913887716335,0.10721823554242296,0.03292528493035036,0.07387083157450401,0.03588011819333052,0.08569016462642465,0.03419164204305614,0.09497678345293373,0.04263402279442803,0.08611228366399325,0.038412832418742084,0.015196285352469396,0.027859856479527226,0.0966652596032081,0.03376952300548755
0.02433906840117499,0.165757448594209,0.10616869492236676,0.027276542173730593,0.07511540075535039,0.040285354595048256,0.08057070919009651,0.03399076793957197,0.09441879983214435,0.043642467477968946,0.08728493495593789,0.0419639110365086,0.015526647083508182,0.029794376835921108,0.1019723038187159,0.03189257238774654
0.02512562814070352,0.1624790619765494,0.10971524288107203,0.03015075376884422,0.07412060301507538,0.039782244556113906,0.08165829145728644,0.035175879396984924,0.09254606365159129,0.04103852596314908,0.09045226130653267,0.04020100502512563,0.013819095477386936,0.02931323283082077,0.10134003350083752,0.0330820770519263
0.024030354131534568,0.1639966273187184,0.11045531197301856,0.03330522765598651,0.07124789207419899,0.04005059021922428,0.08010118043844856,0.03541315345699832,0.09232715008431704,0.03836424957841484,0.09317032040472176,0.0366779089376054,0.01475548060708263,0.026559865092748734,0.10792580101180438,0.031618887015177066
0.02556580050293378,0.16680637049455155,0.10980720871751885,0.029756915339480303,0.07124895222129086,0.040234702430846606,0.08256496227996647,0.038139145012573344,0.09430008382229674,0.039815590947191955,0.09220452640402348,0.03436714165968147,0.012992455993294216,0.028918692372170998,0.10352053646269908,0.029756915339480303
0.023559108119478336,0.16491375683634835,0.10938157341186369,0.032393773664282706,0.0710980227177114,0.04249053428691628,0.08498106857383256,0.033655868742111905,0.09591922591501893,0.03912494741270509,0.09002944888514935,0.0357593605384939,0.01430374421539756,0.03281447202355911,0.10138830458561211,0.02818679007151872
0.02645947081058379,0.15917681646367074,0.1121377572448551,0.03233935321293574,0.07265854682906342,0.04283914321713566,0.08273834523309534,0.03107937841243175,0.09617807643847123,0.04031919361612768,0.0873582528349433,0.04073918521629567,0.019319613607727847,0.03359932801343973,0.09659806803863923,0.02645947081058379
0.02857142857142857,0.1584033613445378,0.11470588235294117,0.03235294117647059,0.07142857142857142,0.04285714285714286,0.08529411764705883,0.031092436974789917,0.09285714285714286,0.041176470588235294,0.08739495798319327,0.04243697478991597,0.01764705882352941,0.030672268907563024,0.0953781512605042,0.02773109243697479
0.026515151515151516,0.15951178451178452,0.117003367003367,0.034511784511784514,0.0723905723905724,0.04250841750841751,0.08249158249158249,0.03367003367003367,0.09301346801346802,0.041245791245791245,0.0867003367003367,0.040824915824915826,0.013888888888888888,0.03156565656565657,0.09595959595959595,0.0281986531986532
0.023979806478754733,0.15944467816575517,0.11821623895666807,0.0344972654606647,0.07320151451409339,0.04459402608329827,0.07993268826251577,0.030290281867900715,0.09087084560370215,0.041649137568363484,0.08834665544804375,0.03828355069415229,0.015986537652503154,0.031131678586453514,0.09970551114850652,0.029869583508624318
0.02762662201758058,0.15948095437421514,0.11552951025533696,0.032231059020510676,0.0740895772289661,0.041858518208455424,0.08078694014231896,0.034742570113018,0.08832147341984094,0.04311427375470908,0.08622854750941816,0.040184177480117204,0.015487651737128506,0.03390539974884889,0.09543742151527836,0.03097530347425701
0.02689075630252101,0.15630252100840336,0.11134453781512606,0.034873949579831934,0.07184873949579831,0.04159663865546218,0.07941176470588235,0.034873949579831934,0.08823529411764706,0.043697478991596636,0.08697478991596638,0.03823529411764706,0.015966386554621848,0.03949579831932773,0.1004201680672269,0.029831932773109245
0.028080469404861693,0.15968147527242246,0.11148365465213747,0.03185247275775356,0.07460184409052809,0.039815590947191955,0.07837384744341995,0.03478625314333613,0.08717518860016764,0.04694048616932104,0.08507963118189438,0.03562447611064543,0.014668901927912825,0.04274937133277452,0.10016764459346186,0.028918692372170998
0.025391451544646636,0.15742699957680914,0.11553110452814219,0.02877697841726619,0.07575116377486246,0.03977994075327973,0.07786711807024968,0.03216250528988574,0.09310198899703766,0.04189589504866695,0.09183241641980533,0.03808717731696995,0.015658061785865426,0.0414727041895895,0.098180279305967,0.027084214980956412
0.02524190155658393,0.15397559949516196,0.11989903239377367,0.03323517038283551,0.07698779974758098,0.040387042490534285,0.07824989482541019,0.03281447202355911,0.09255363904080774,0.04206983592763988,0.09171224232225494,0.034917963819941104,0.012200252419015565,0.038704249053428695,0.10012620950778292,0.026924694993689526
0.026083298275136727,0.15355490113588557,0.11863693731594446,0.03828355069415229,0.07656710138830458,0.03912494741270509,0.0736222128733698,0.0340765671013883,0.09676062263357173,0.04375262936474548,0.09297433740008414,0.03281447202355911,0.016407236011779555,0.0344972654606647,0.09760201935212452,0.02524190155658393
0.024727577535624476,0.14962279966471081,0.11986588432523052,0.041911148365465216,0.08046940486169321,0.03227158424140821,0.07544006705783739,0.03185247275775356,0.10184409052808047,0.04358759430008382,0.09597652975691534,0.03310980720871752,0.014668901927912825,0.03436714165968147,0.09597652975691534,0.024308466051969825
0.02781289506953224,0.15634218289085547,0.11967973029919933,0.03708386009270965,0.07753898019384745,0.03286978508217446,0.07669616519174041,0.03286978508217446,0.09776654024441635,0.04087652760219132,0.0965023177412558,0.036241045090602615,0.014327855035819638,0.03202697008006743,0.09903076274757691,0.022334597555836493
0.025555090071219103,0.15751989945538333,0.11436950146627566,0.03602848764139087,0.07624633431085044,0.03519061583577713,0.07875994972769167,0.036447423544197735,0.09258483452031839,0.04189359028068706,0.09551738583996648,0.03896103896103896,0.013405948889819858,0.03393380812735652,0.09844993715961457,0.025136154168412233
0.026981450252951095,0.15893760539629004,0.12436762225969646,0.03625632377740304,0.07588532883642496,0.03372681281618887,0.07672849915682968,0.03204047217537943,0.0906408094435076,0.04342327150084317,0.0948566610455312,0.03372681281618887,0.01391231028667791,0.031618887015177066,0.10370994940978077,0.023187183811129847
0.02335279399499583,0.16013344453711426,0.1263552960800667,0.03502919099249374,0.07673060884070058,0.03502919099249374,0.07047539616346955,0.03377814845704754,0.09299416180150125,0.03919933277731443,0.09382819015846539,0.03628023352793995,0.017097581317764805,0.03461217681401168,0.10383653044203503,0.021267723102585488
0.022509378907878283,0.1558982909545644,0.12838682784493538,0.03251354731137974,0.07628178407669862,0.0358482701125469,0.07211338057523968,0.03834931221342226,0.0921217173822426,0.04418507711546478,0.0921217173822426,0.03418090871196332,0.015423092955398083,0.035014589412255104,0.10295956648603585,0.02209253855773239
0.027615062761506277,0.15564853556485356,0.12719665271966527,0.032635983263598324,0.07531380753138076,0.037238493723849374,0.07112970711297072,0.037238493723849374,0.09372384937238494,0.0397489539748954,0.09372384937238494,0.033891213389121336,0.01715481171548117,0.03556485355648536,0.10125523012552301,0.02092050209205021
0.022457627118644068,0.1504237288135593,0.1271186440677966,0.03771186440677966,0.07203389830508475,0.03728813559322034,0.07457627118644068,0.036440677966101696,0.09152542372881356,0.04025423728813559,0.09576271186440678,0.030084745762711865,0.019491525423728815,0.03898305084745763,0.10466101694915254,0.0211864406779661
0.026138279932546374,0.15008431703204048,0.12521079258010118,0.0387858347386172,0.06956155143338955,0.03709949409780776,0.07967959527824621,0.03456998313659359,0.08895446880269814,0.04005059021922428,0.09654300168634064,0.02993254637436762,0.01854974704890388,0.04005059021922428,0.10286677908937605,0.021922428330522766
0.02980688497061293,0.1439966414777498,0.12930310663308145,0.03946263643996641,0.06926952141057935,0.038623005877413935,0.0785054575986566,0.03232577665827036,0.09235936188077246,0.04030226700251889,0.09445843828715365,0.03400503778337532,0.017212426532325777,0.03526448362720403,0.10033585222502099,0.02476910159529807
0.029523407844791228,0.14592998734711093,0.12948123154787008,0.036271615352172076,0.07380851961197807,0.03374103753690426,0.08140025305778152,0.03289751159848165,0.08688317165752847,0.0396457191058625,0.09953606073386756,0.03500632644453817,0.01687051876845213,0.03247574862927035,0.09995782370307887,0.026571067060312106
0.027196652719665274,0.14435146443514643,0.12510460251046024,0.03472803347280335,0.0790794979079498,0.029288702928870293,0.08158995815899582,0.03807531380753138,0.0887029288702929,0.045188284518828455,0.09539748953974896,0.03765690376569038,0.015481171548117154,0.03138075313807531,0.099163179916318,0.027615062761506277
0.02863157894736842,0.14357894736842106,0.12547368421052632,0.031578947368421054,0.08042105263157895,0.029894736842105262,0.08,0.03494736842105263,0.09178947368421053,0.04631578947368421,0.09010526315789473,0.03663157894736842,0.015578947368421053,0.03326315789473684,0.10147368421052631,0.03031578947368421
0.030710980227177113,0.14934791754312157,0.12074042911232646,0.02902818679007152,0.08203618005889778,0.030290281867900715,0.07867059318468658,0.0357593605384939,0.09339503575936053,0.04501472444257468,0.09171224232225494,0.03155237694572991,0.01851072780816155,0.036600757257046694,0.09465713083718974,0.03197307530500631
0.029957805907172997,0.15147679324894514,0.1219409282700422,0.028270042194092827,0.08143459915611814,0.03164556962025317,0.07805907172995781,0.031223628691983123,0.0940928270042194,0.043459915611814344,0.09156118143459915,0.035443037974683546,0.015189873417721518,0.03417721518987342,0.09915611814345991,0.03291139240506329
0.03058232090490155,0.15584415584415584,0.11730205278592376,0.03058232090490155,0.08127356514453289,0.02932551319648094,0.07624633431085044,0.031001256807708422,0.09467951403435275,0.04356933389191454,0.09342270632593214,0.038542103058232094,0.015919564306661083,0.033514872224549644,0.09886887306242145,0.02932551319648094
0.032150313152400835,0.1524008350730689,0.118580375782881,0.03465553235908142,0.08183716075156576,0.025887265135699375,0.07849686847599165,0.02964509394572025,0.09519832985386222,0.043006263048016705,0.08935281837160751,0.03549060542797495,0.017954070981210855,0.03298538622129436,0.10187891440501044,0.030480167014613778
0.030840726658217153,0.14955640050697086,0.11956062526404732,0.035487959442332066,0.07604562737642585,0.026615969581749048,0.08111533586818757,0.029573299535276723,0.09928179129700042,0.04267004647232784,0.0904098014364174,0.035487959442332066,0.019856358259400086,0.030840726658217153,0.10308407266582172,0.029573299535276723
0.033460398136382886,0.14866581956797967,0.12198221092757307,0.03600169419737399,0.07666243117323168,0.0241423125794155,0.07835662854722575,0.03176620076238882,0.096569250317662,0.041084286319356206,0.09191020753917832,0.03261329944938585,0.017789072426937738,0.03176620076238882,0.1012282930961457,0.03600169419737399
0.03353140916808149,0.15110356536502548,0.12224108658743633,0.035653650254668934,0.07767402376910017,0.02461799660441426,0.08276740237691002,0.03098471986417657,0.0967741935483871,0.04074702886247878,0.09168081494057725,0.03098471986417657,0.014431239388794566,0.035653650254668934,0.100169779286927,0.03098471986417657
0.03026481715006305,0.14796132828919714,0.12484237074401008,0.03488860865910046,0.07944514501891552,0.029844472467423288,0.08196721311475409,0.031525851197982346,0.09457755359394704,0.03825136612021858,0.09079445145018916,0.031105506515342583,0.017234131988230348,0.03488860865910046,0.10172341319882304,0.030685161832702815
0.0301255230125523,0.1489539748953975,0.12384937238493723,0.032635983263598324,0.07615062761506276,0.027615062761506277,0.08284518828451883,0.03430962343096234,0.09246861924686192,0.038493723849372385,0.08912133891213389,0.03556485355648536,0.017573221757322177,0.03682008368200837,0.1,0.03347280334728033
0.03251689189189189,0.14949324324324326,0.11908783783783784,0.029138513513513514,0.08065878378378379,0.03251689189189189,0.08699324324324324,0.03420608108108108,0.09037162162162163,0.03842905405405406,0.08826013513513513,0.036739864864864864,0.016891891891891893,0.03547297297297297,0.09923986486486487,0.029983108108108107
0.031459731543624164,0.15016778523489932,0.11786912751677853,0.031879194630872486,0.08011744966442953,0.031459731543624164,0.08137583892617449,0.031459731543624164,0.09521812080536912,0.040268456375838924,0.08808724832214765,0.04194630872483222,0.016778523489932886,0.03271812080536913,0.0964765100671141,0.03271812080536913
0.028104026845637585,0.15100671140939598,0.11954697986577181,0.033976510067114093,0.08095637583892618,0.02978187919463087,0.0759228187919463,0.03355704697986577,0.09521812080536912,0.040687919463087245,0.08934563758389262,0.04194630872483222,0.015100671140939598,0.03565436241610738,0.09731543624161074,0.031879194630872486
0.02741459299873471,0.1564740615773935,0.11851539434837621,0.02825811893715732,0.08435259384226065,0.030788696752425137,0.07507380851961198,0.037115141290594685,0.09405314213412062,0.04091100801349642,0.08983551244200759,0.043441585828764236,0.016026992830029525,0.03289751159848165,0.09405314213412062,0.030788696752425137
0.023919429290809903,0.1477129668485103,0.12337389844733529,0.02643726395300042,0.08854385228703315,0.03063365505665128,0.07679395719681074,0.03734788082249266,0.09525807805287453,0.03692824171212757,0.09022240872849349,0.04154427192614352,0.019723038187159043,0.03566932438103231,0.09274024339068401,0.0331514897188418
0.023919429290809903,0.14645404951741503,0.12421317666806546,0.026856903063365505,0.09441879983214435,0.03441040704993705,0.07469576164498531,0.03524968527066723,0.09148132605958875,0.03776751993285774,0.08812421317666806,0.04112463281577843,0.01888375996642887,0.03441040704993705,0.09274024339068401,0.03524968527066723
0.023539302227826818,0.1471206389239176,0.13156788566624633,0.026902059688944935,0.09583858764186633,0.032366540563261874,0.07524169819251786,0.0332072299285414,0.08869272803699033,0.036990332072299285,0.09121479613282892,0.03783102143757881,0.014291719209751997,0.034047919293820936,0.09541824295922656,0.03572929802437999
0.024030354131534568,0.1433389544688027,0.12900505902192244,0.02866779089376054,0.09738617200674536,0.030775716694772345,0.07925801011804384,0.03246205733558179,0.0906408094435076,0.03920741989881956,0.09232715008431704,0.0387858347386172,0.013069139966273187,0.03414839797639123,0.0948566610455312,0.03204047217537943
0.02322635135135135,0.15076013513513514,0.12626689189189189,0.028293918918918918,0.09248310810810811,0.03420608108108108,0.08065878378378379,0.032939189189189186,0.08572635135135136,0.04265202702702703,0.09163851351351351,0.03462837837837838,0.01266891891891892,0.033361486486486486,0.09712837837837837,0.033361486486486486
0.025231286795626577,0.15222876366694701,0.1261564339781329,0.027333894028595457,0.09293523969722456,0.03532380151387721,0.07779646761984861,0.032380151387720775,0.08284272497897392,0.04415475189234651,0.09251471825063078,0.03868797308662742,0.0159798149705635,0.032380151387720775,0.0941968040370059,0.029857022708158116
0.024842105263157895,0.15705263157894736,0.13010526315789472,0.02863157894736842,0.09221052631578948,0.04168421052631579,0.07073684210526315,0.031578947368421054,0.08,0.043789473684210524,0.09221052631578948,0.03663157894736842,0.01136842105263158,0.03536842105263158,0.09305263157894737,0.030736842105263156
0.02496826068556919,0.15954295387219636,0.1290732120186204,0.029623360135421075,0.09437156157427,0.03766398645789251,0.07363520947947524,0.028353787558188744,0.07702073635209479,0.044858231062209056,0.09479475243334744,0.03554803216250529,0.010579771476936098,0.03343207786711807,0.09648751586965722,0.03004655099449852
