C_R,C_A,C_S,C_N,D_R,D_A,D_S,D_N,Oc_R,Oc_A,Oc_S,Oc_N,Od_R,Od_A,Od_S,Od_N
0.0,0.0,0.0,0.0,0.0,0.0,0.0,0.0,0.0,1.0,0.0,0.0,0.0,0.0,0.0,0.0
0.0,0.0,0.0,0.0,0.0,0.0,0.0,1.0,0.0,0.0,0.0,0.0,0.0,0.0,0.0,0.0
0.0,0.0,0.5,0.0,0.0,0.0,0.0,0.5,0.0,0.0,0.0,0.0,0.0,0.0,0.0,0.0
0.0,0.0,0.25,0.0,0.0,0.0,0.0,0.75,0.0,0.0,0.0,0.0,0.0,0.0,0.0,0.0
0.0,0.0,0.14285714285714285,0.0,0.0,0.0,0.0,0.5714285714285714,0.0,0.0,0.0,0.2857142857142857,0.0,0.0,0.0,0.0
0.0,0.0,0.375,0.0,0.0,0.0,0.0,0.375,0.0,0.0,0.0,0.25,0.0,0.0,0.0,0.0
0.0,0.0,0.4,0.0,0.0,0.0,0.0,0.3,0.0,0.0,0.1,0.2,0.0,0.0,0.0,0.0
0.0,0.0,0.36363636363636365,0.0,0.0,0.0,0.0,0.36363636363636365,0.0,0.0,0.0,0.18181818181818182,0.0,0.0,0.09090909090909091,0.0
0.0,0.0,0.3333333333333333,0.0,0.0,0.0,0.0,0.3333333333333333,0.0,0.06666666666666667,0.0,0.2,0.0,0.0,0.06666666666666667,0.0
0.0,0.0,0.29411764705882354,0.0,0.0,0.0,0.0,0.29411764705882354,0.0,0.058823529411764705,0.0,0.23529411764705882,0.058823529411764705,0.0,0.058823529411764705,0.0
0.0,0.0,0.30434782608695654,0.0,0.0,0.0,0.0,0.30434782608695654,0.0,0.043478260869565216,0.0,0.21739130434782608,0.043478260869565216,0.0,0.08695652173913043,0.0
0.0,0.0,0.32142857142857145,0.03571428571428571,0.0,0.0,0.0,0.25,0.0,0.07142857142857142,0.0,0.21428571428571427,0.0,0.0,0.10714285714285714,0.0
0.0,0.0,0.35135135135135137,0.02702702702702703,0.0,0.0,0.0,0.21621621621621623,0.0,0.08108108108108109,0.0,0.1891891891891892,0.0,0.0,0.13513513513513514,0.0
0.0,0.0,0.34146341463414637,0.024390243902439025,0.0,0.024390243902439025,0.0,0.24390243902439024,0.0,0.04878048780487805,0.0,0.17073170731707318,0.0,0.0,0.14634146341463414,0.0
0.0,0.0,0.38636363636363635,0.022727272727272728,0.0,0.022727272727272728,0.0,0.18181818181818182,0.0,0.06818181818181818,0.0,0.13636363636363635,0.0,0.0,0.18181818181818182,0.0
0.0,0.0,0.32558139534883723,0.046511627906976744,0.0,0.023255813953488372,0.0,0.20930232558139536,0.0,0.046511627906976744,0.0,0.16279069767441862,0.0,0.0,0.18604651162790697,0.0
0.0,0.0,0.3333333333333333,0.058823529411764705,0.0,0.0196078431372549,0.0,0.19607843137254902,0.0,0.058823529411764705,0.0392156862745098,0.13725490196078433,0.0,0.0,0.1568627450980392,0.0
0.0,0.0,0.36923076923076925,0.046153846153846156,0.0,0.03076923076923077,0.0,0.2153846153846154,0.0,0.03076923076923077,0.046153846153846156,0.1076923076923077,0.0,0.0,0.13846153846153847,0.015384615384615385
0.0,0.0,0.4,0.0625,0.0,0.0375,0.0,0.175,0.0,0.0375,0.05,0.1125,0.0,0.0,0.1125,0.0125
0.0,0.0,0.36363636363636365,0.08080808080808081,0.0,0.050505050505050504,0.0,0.18181818181818182,0.0,0.04040404040404041,0.050505050505050504,0.10101010101010101,0.0,0.0,0.1111111111111111,0.020202020202020204
0.0,0.0,0.2831858407079646,0.10619469026548672,0.0,0.05309734513274336,0.008849557522123894,0.21238938053097345,0.008849557522123894,0.035398230088495575,0.05309734513274336,0.10619469026548672,0.0,0.0,0.10619469026548672,0.02654867256637168
0.0,0.0,0.2867647058823529,0.1323529411764706,0.0,0.04411764705882353,0.014705882352941176,0.19117647058823528,0.014705882352941176,0.03676470588235294,0.04411764705882353,0.10294117647058823,0.007352941176470588,0.0,0.09558823529411764,0.029411764705882353
0.0,0.0,0.2777777777777778,0.15432098765432098,0.006172839506172839,0.037037037037037035,0.012345679012345678,0.16666666666666666,0.018518518518518517,0.030864197530864196,0.04938271604938271,0.1111111111111111,0.006172839506172839,0.0,0.09876543209876543,0.030864197530864196
0.0,0.0,0.26063829787234044,0.18085106382978725,0.010638297872340425,0.03723404255319149,0.010638297872340425,0.16489361702127658,0.015957446808510637,0.026595744680851064,0.047872340425531915,0.12234042553191489,0.0,0.0,0.09042553191489362,0.031914893617021274
0.0,0.0,0.2672811059907834,0.2073732718894009,0.013824884792626729,0.027649769585253458,0.004608294930875576,0.18433179723502305,0.009216589861751152,0.018433179723502304,0.041474654377880185,0.11981566820276497,0.0,0.0,0.06451612903225806,0.041474654377880185
0.004,0.0,0.244,0.224,0.02,0.032,0.004,0.18,0.008,0.012,0.04,0.124,0.0,0.0,0.064,0.044
0.0035335689045936395,0.0,0.23674911660777384,0.24734982332155478,0.0176678445229682,0.03180212014134275,0.0035335689045936395,0.1696113074204947,0.01060070671378092,0.01060070671378092,0.024734982332155476,0.127208480565371,0.0,0.0,0.06713780918727916,0.04946996466431095
0.0031446540880503146,0.0,0.22012578616352202,0.29245283018867924,0.015723270440251572,0.031446540880503145,0.0031446540880503146,0.16037735849056603,0.009433962264150943,0.015723270440251572,0.0220125786163522,0.11320754716981132,0.0,0.0,0.06289308176100629,0.050314465408805034
0.002702702702702703,0.0,0.21891891891891893,0.2945945945945946,0.016216216216216217,0.04054054054054054,0.002702702702702703,0.16486486486486487,0.008108108108108109,0.016216216216216217,0.016216216216216217,0.11081081081081082,0.0,0.0,0.05675675675675676,0.051351351351351354
0.0024154589371980675,0.00966183574879227,0.20531400966183574,0.3115942028985507,0.016908212560386472,0.033816425120772944,0.0024154589371980675,0.1473429951690821,0.012077294685990338,0.016908212560386472,0.016908212560386472,0.11835748792270531,0.0,0.0,0.05314009661835749,0.05314009661835749
0.004347826086956522,0.010869565217391304,0.20652173913043478,0.30434782608695654,0.01956521739130435,0.03260869565217391,0.002173913043478261,0.14782608695652175,0.013043478260869565,0.017391304347826087,0.017391304347826087,0.12173913043478261,0.002173913043478261,0.0,0.05217391304347826,0.04782608695652174
0.0038314176245210726,0.013409961685823755,0.19157088122605365,0.3103448275862069,0.02490421455938697,0.03639846743295019,0.0019157088122605363,0.15134099616858238,0.011494252873563218,0.01532567049808429,0.0210727969348659,0.12260536398467432,0.0038314176245210726,0.0,0.044061302681992334,0.04789272030651341
0.003278688524590164,0.014754098360655738,0.17704918032786884,0.30327868852459017,0.03442622950819672,0.03770491803278689,0.001639344262295082,0.1540983606557377,0.013114754098360656,0.014754098360655738,0.021311475409836064,0.12622950819672132,0.006557377049180328,0.0,0.04426229508196721,0.047540983606557376
0.0028735632183908046,0.020114942528735632,0.16954022988505746,0.3175287356321839,0.033045977011494254,0.040229885057471264,0.0028735632183908046,0.14655172413793102,0.014367816091954023,0.014367816091954023,0.022988505747126436,0.1221264367816092,0.005747126436781609,0.0,0.04310344827586207,0.04454022988505747
0.0038461538461538464,0.02564102564102564,0.16025641025641027,0.3128205128205128,0.03205128205128205,0.03717948717948718,0.005128205128205128,0.14358974358974358,0.015384615384615385,0.014102564102564103,0.026923076923076925,0.12692307692307692,0.010256410256410256,0.0,0.038461538461538464,0.047435897435897434
0.004662004662004662,0.03146853146853147,0.15151515151515152,0.31934731934731936,0.026806526806526808,0.038461538461538464,0.006993006993006993,0.13636363636363635,0.015151515151515152,0.018648018648018648,0.024475524475524476,0.12121212121212122,0.013986013986013986,0.0,0.039627039627039624,0.05128205128205128
0.005319148936170213,0.030851063829787233,0.15531914893617021,0.3223404255319149,0.027659574468085105,0.035106382978723406,0.009574468085106383,0.13404255319148936,0.013829787234042552,0.019148936170212766,0.027659574468085105,0.11702127659574468,0.014893617021276596,0.0010638297872340426,0.03723404255319149,0.04893617021276596
0.0058309037900874635,0.03206997084548105,0.14382896015549076,0.3333333333333333,0.023323615160349854,0.03498542274052478,0.008746355685131196,0.13022351797862003,0.010689990281827016,0.021379980563654033,0.03012633624878523,0.11078717201166181,0.015549076773566569,0.003887269193391642,0.042759961127308066,0.052478134110787174
0.0072992700729927005,0.03102189781021898,0.14233576642335766,0.3284671532846715,0.025547445255474453,0.03193430656934307,0.010036496350364963,0.13047445255474452,0.010948905109489052,0.02281021897810219,0.029197080291970802,0.10583941605839416,0.01916058394160584,0.006386861313868613,0.041970802919708027,0.05656934306569343
0.011608623548922056,0.03233830845771144,0.13930348258706468,0.32172470978441126,0.02736318407960199,0.03233830845771144,0.008291873963515755,0.12271973466003316,0.01077943615257048,0.01990049751243781,0.03150912106135987,0.10281923714759536,0.02902155887230514,0.007462686567164179,0.04643449419568822,0.05638474295190713
0.014763014763014764,0.03418803418803419,0.1351981351981352,0.32167832167832167,0.027195027195027196,0.027195027195027196,0.006993006993006993,0.12121212121212122,0.010878010878010878,0.02097902097902098,0.03341103341103341,0.09867909867909867,0.03496503496503497,0.006993006993006993,0.045066045066045064,0.06060606060606061
0.01763409257898604,0.03232916972814107,0.1293166789125643,0.319617927994122,0.028655400440852314,0.027920646583394562,0.006612784717119765,0.11462160176340926,0.009551800146950772,0.020573108008817047,0.03306392358559882,0.09625275532696546,0.04041146216017634,0.0073475385745775165,0.04922850844966936,0.0668626010286554
0.017955801104972375,0.03383977900552486,0.125,0.319060773480663,0.026933701657458564,0.031767955801104975,0.006215469613259668,0.11602209944751381,0.012430939226519336,0.015193370165745856,0.03314917127071823,0.09461325966850828,0.04834254143646409,0.0055248618784530384,0.04903314917127072,0.0649171270718232
0.02127659574468085,0.03723404255319149,0.12167553191489362,0.31050531914893614,0.025930851063829786,0.036569148936170214,0.005319148936170213,0.11436170212765957,0.011968085106382979,0.013962765957446808,0.031914893617021274,0.09707446808510638,0.05585106382978723,0.007313829787234043,0.043882978723404256,0.06515957446808511
0.02125,0.035,0.115625,0.308125,0.02875,0.03625,0.004375,0.113125,0.010625,0.015625,0.033125,0.096875,0.058125,0.006875,0.046875,0.069375
0.02142857142857143,0.034523809523809526,0.1130952380952381,0.30654761904761907,0.030357142857142857,0.036904761904761905,0.004166666666666667,0.11190476190476191,0.011904761904761904,0.017261904761904763,0.030952380952380953,0.09821428571428571,0.06190476190476191,0.007142857142857143,0.04523809523809524,0.06845238095238096
0.025787965616045846,0.032664756446991405,0.10487106017191977,0.3031518624641834,0.030945558739255013,0.032664756446991405,0.006303724928366762,0.11404011461318052,0.012607449856733524,0.015472779369627506,0.030945558739255013,0.0991404011461318,0.067621776504298,0.008595988538681949,0.04183381088825215,0.07335243553008595
0.026717557251908396,0.029989094874591057,0.09869138495092694,0.29880043620501634,0.030534351145038167,0.03380588876772083,0.0054525627044711015,0.11177753544165758,0.012540894220283533,0.018538713195201745,0.03162486368593239,0.0970556161395856,0.07688113413304253,0.010359869138495093,0.03980370774263904,0.07742639040348964
0.02953813104189044,0.030612244897959183,0.0966702470461869,0.2975295381310419,0.03383458646616541,0.03007518796992481,0.004296455424274973,0.10848549946294307,0.01288936627282492,0.017185821697099892,0.03168635875402793,0.09989258861439312,0.08109559613319012,0.01288936627282492,0.03759398496240601,0.0757250268528464
0.028556319407720784,0.03225806451612903,0.09888947646747752,0.29508196721311475,0.02749867794817557,0.03172924378635643,0.005288207297726071,0.10576414595452142,0.015335801163405606,0.015864621893178214,0.028027498677948175,0.10153358011634056,0.08302485457429931,0.01269169751454257,0.03966155473294553,0.07879428873611846
0.029881504379185988,0.03606388459556929,0.09582689335394126,0.29778464708912933,0.026790314270994334,0.02833590932509016,0.004121586810922205,0.10097887686759402,0.013395157135497167,0.015455950540958269,0.03194229778464709,0.10252447192168986,0.08500772797527048,0.01287995878413189,0.03915507470376095,0.07985574446161772
0.032663316582914576,0.035678391959798994,0.09698492462311557,0.3005025125628141,0.02814070351758794,0.02864321608040201,0.004522613065326633,0.0914572864321608,0.01407035175879397,0.017085427135678392,0.033668341708542715,0.1,0.08592964824120602,0.011557788944723618,0.03819095477386935,0.08090452261306533
0.03308641975308642,0.03358024691358025,0.09333333333333334,0.30617283950617286,0.029135802469135802,0.030123456790123456,0.005925925925925926,0.09234567901234568,0.014320987654320988,0.016296296296296295,0.034074074074074076,0.09333333333333334,0.08888888888888889,0.010864197530864197,0.03308641975308642,0.0854320987654321
0.03696498054474708,0.033073929961089495,0.08463035019455253,0.3010700389105058,0.0311284046692607,0.028696498054474707,0.005350194552529183,0.09192607003891051,0.014105058365758755,0.015077821011673152,0.03404669260700389,0.09727626459143969,0.0958171206225681,0.011673151750972763,0.033073929961089495,0.08608949416342412
0.040326452232357174,0.03408545367258761,0.08353336533845415,0.2957273163706193,0.028324531925108018,0.030724915986557848,0.00528084493518963,0.09505520883341334,0.014402304368698993,0.015362457993278924,0.03600576092174748,0.09505520883341334,0.09793566970715314,0.011521843494959194,0.033125300048007685,0.08353336533845415
0.04170616113744076,0.03459715639810427,0.08341232227488152,0.2933649289099526,0.02890995260663507,0.030805687203791468,0.005213270142180095,0.08862559241706161,0.012796208530805687,0.016113744075829384,0.035545023696682464,0.0966824644549763,0.1018957345971564,0.012796208530805687,0.03364928909952607,0.08388625592417062
0.0413953488372093,0.03488372093023256,0.08046511627906977,0.29023255813953486,0.027906976744186046,0.03162790697674418,0.0051162790697674414,0.08976744186046512,0.012558139534883722,0.01581395348837209,0.03488372093023256,0.09813953488372093,0.10837209302325582,0.013953488372093023,0.03209302325581395,0.0827906976744186
0.04283054003724395,0.0335195530726257,0.08333333333333333,0.28910614525139666,0.028398510242085662,0.028398510242085662,0.004655493482309125,0.08286778398510242,0.012104283054003724,0.015828677839851025,0.03677839851024209,0.09962756052141528,0.11405959031657356,0.01303538175046555,0.030726256983240222,0.08472998137802606
0.04674610449129239,0.031164069660861594,0.08157653528872594,0.28689275893675525,0.028872593950504125,0.02841429880843263,0.006416131989000917,0.08524289642529789,0.010540788267644362,0.017415215398716773,0.034830430797433545,0.09670027497708525,0.1154903758020165,0.015123739688359304,0.03024747937671861,0.0843263061411549
0.044151115157032315,0.032771961766044605,0.0755575785161584,0.28994082840236685,0.030496131087847066,0.027309968138370506,0.007737824305871643,0.08830223031406463,0.010923987255348202,0.01729631315430132,0.03504779244424215,0.09558488848429676,0.11743286299499317,0.016385980883022302,0.030040964952207556,0.0810195721438325
0.04252400548696845,0.031092821216278006,0.0772748056698674,0.2871513488797439,0.03246456332876086,0.026520347508001828,0.009144947416552356,0.0877914951989026,0.011431184270690443,0.017375400091449476,0.0361225422953818,0.09419295839048926,0.12162780064014632,0.017375400091449476,0.0283493369913123,0.07956104252400549
0.04178019981834696,0.031335149863760216,0.08219800181653043,0.2847411444141689,0.030881017257039057,0.02633969118982743,0.009990917347865577,0.08764759309718438,0.011353315168029064,0.018165304268846504,0.03860127157129882,0.08991825613079019,0.1226158038147139,0.01725703905540418,0.030426884650317895,0.07674841053587647
0.03972911963882619,0.03295711060948081,0.08081264108352144,0.2767494356659142,0.031151241534988713,0.02618510158013544,0.009932279909706547,0.09029345372460497,0.011286681715575621,0.01851015801354402,0.03747178329571106,0.08984198645598195,0.12866817155756208,0.01851015801354402,0.028442437923250564,0.07945823927765237
0.039373601789709174,0.029977628635346757,0.07874720357941835,0.2827740492170022,0.028187919463087248,0.026398210290827742,0.011185682326621925,0.09351230425055929,0.013422818791946308,0.019686800894854587,0.03803131991051454,0.08859060402684564,0.12527964205816555,0.01923937360178971,0.028635346756152126,0.07695749440715884
0.04023245417970496,0.030844881537773806,0.08001788109074653,0.2798390701832812,0.02637460885113992,0.023692445239159587,0.009387572641931158,0.09387572641931158,0.013410818059901655,0.02011622708985248,0.03755029056772463,0.09074653553866786,0.13410818059901655,0.019222172552525705,0.027268663388466695,0.0733124720607957
0.040289723856948845,0.03078315980081485,0.07695789950203712,0.2842915346310548,0.026256224535989137,0.027161611588954276,0.009053870529651425,0.09099139882299682,0.012675418741511997,0.02127659574468085,0.03712086917157085,0.08963331824354911,0.1308284291534631,0.02082390221819828,0.02761430511543685,0.0742417383431417
0.04334085778781038,0.030248306997742665,0.0744920993227991,0.2817155756207675,0.026636568848758466,0.027539503386004513,0.007223476297968397,0.09164785553047404,0.015349887133182845,0.022121896162528215,0.03611738148984198,0.08623024830699774,0.13498871331828444,0.022573363431151242,0.02618510158013544,0.07358916478555305
0.042991491267353334,0.02910882221227049,0.07165248544558889,0.28884908195253023,0.02418271383788625,0.028660994178235557,0.00806090461262875,0.09135691894312584,0.014778325123152709,0.02239140170174653,0.03761755485893417,0.09001343484102105,0.1303179579041648,0.02373488580385132,0.02418271383788625,0.07210031347962383
0.04275427542754275,0.029252925292529253,0.07200720072007201,0.28532853285328535,0.023852385238523854,0.029252925292529253,0.008100810081008101,0.08640864086408641,0.01575157515751575,0.021602160216021602,0.03735373537353735,0.09135913591359136,0.13906390639063906,0.024302430243024302,0.024302430243024302,0.06930693069306931
0.047619047619047616,0.026504941599281222,0.07277628032345014,0.284366576819407,0.027403414195867025,0.029200359389038633,0.008086253369272238,0.0880503144654088,0.014824797843665768,0.020664869721473494,0.03459119496855346,0.09029649595687332,0.1334231805929919,0.026954177897574125,0.02425876010781671,0.07097933513027853
0.04839439167797377,0.026232473993668022,0.0710085933966531,0.2804161013116237,0.02939846223428313,0.02939846223428313,0.009045680687471733,0.08955223880597014,0.014020805065581185,0.019448213478064226,0.034373586612392586,0.09000452284034374,0.13658977838082315,0.02532790592492085,0.02532790592492085,0.07146087743102668
0.049388309922972363,0.025373810602628003,0.06207521522428636,0.28590847304032624,0.031264159492523785,0.02718622564567286,0.01042138649750793,0.08971454463072044,0.0158586316266425,0.02084277299501586,0.032170367014046214,0.08473040326234708,0.14227458087902128,0.024467603081105575,0.023561395559583146,0.07476212052560036
0.04904632152588556,0.02861035422343324,0.059491371480472295,0.28792007266121705,0.030426884650317895,0.02861035422343324,0.010899182561307902,0.08764759309718438,0.017711171662125342,0.019981834695731154,0.03224341507720254,0.08719346049046321,0.13760217983651227,0.02452316076294278,0.022706630336058128,0.07538601271571299
0.0510250569476082,0.02915717539863326,0.05968109339407745,0.28656036446469246,0.030068337129840545,0.025968109339407745,0.01184510250569476,0.08656036446469248,0.020045558086560365,0.01958997722095672,0.03143507972665148,0.08929384965831436,0.13712984054669705,0.025056947608200455,0.022779043280182234,0.07380410022779044
0.050627240143369175,0.027777777777777776,0.05869175627240143,0.2840501792114695,0.030017921146953404,0.025537634408602152,0.011200716845878136,0.08870967741935484,0.020161290322580645,0.020161290322580645,0.029121863799283155,0.09184587813620072,0.1478494623655914,0.0228494623655914,0.021953405017921146,0.06944444444444445
0.049305244285073956,0.029583146571044376,0.05826983415508741,0.28462572837292693,0.03047960555804572,0.02510085163603765,0.014343343792021516,0.08561183325862842,0.020170327207530255,0.020618556701030927,0.025997310623038995,0.08830121021963246,0.1510533393097266,0.023756163155535633,0.022411474675033616,0.07037203047960555
0.052703316674238984,0.027714675147660156,0.055883689232167195,0.2898682417083144,0.03134938664243526,0.02407996365288505,0.014538845979100408,0.0854157201272149,0.019082235347569285,0.0222626079054975,0.02453430258973194,0.0858700590640618,0.16038164470695138,0.020899591094956836,0.019082235347569285,0.06633348477964561
0.05187189896256202,0.02706359945872801,0.05187189896256202,0.2886783942264321,0.03112313937753721,0.02525935949481281,0.013982859720342805,0.08389715832205684,0.02074875958502481,0.02210193955796121,0.02435723951285521,0.08479927830401443,0.16689219666215607,0.019395579612088407,0.02029769959404601,0.06765899864682003
0.05493523894595802,0.026797677534613668,0.055381866904868245,0.2880750334970969,0.029477445288075034,0.026797677534613668,0.014738722644037517,0.08351942831621259,0.018758374274229567,0.02456453774006253,0.02456453774006253,0.08351942831621259,0.16167932112550246,0.01965163019205002,0.01652523447967843,0.07101384546672622
0.05237020316027088,0.023927765237020317,0.055079006772009026,0.2866817155756208,0.031151241534988713,0.02708803611738149,0.014446952595936794,0.0835214446952596,0.017607223476297968,0.026636568848758466,0.024830699774266364,0.08216704288939052,0.16659142212189615,0.01851015801354402,0.016252821670428894,0.07313769751693003
0.05370960400546199,0.02230314064633591,0.05507510241238052,0.28265817023213474,0.030040964952207556,0.02867546654528903,0.016385980883022302,0.08375056895766955,0.01729631315430132,0.02639963586709149,0.024578971324533454,0.081474738279472,0.1679563040509786,0.021392808375056895,0.015930814747382796,0.07237141556668183
0.05768364127985579,0.021631365479945923,0.055430374042361424,0.2825597115817936,0.03199639477242001,0.027039206849932402,0.014871563767462822,0.08382154123479045,0.017124831004957188,0.026137899954934655,0.022082018927444796,0.07931500675980171,0.17169896349707076,0.02298332582244254,0.014871563767462822,0.07075259125732312
0.053497942386831275,0.0205761316872428,0.053040695016003656,0.28532235939643347,0.03292181069958848,0.02606310013717421,0.013717421124828532,0.0850480109739369,0.015089163237311385,0.026520347508001828,0.022862368541380886,0.0823045267489712,0.1755829903978052,0.026520347508001828,0.014631915866483767,0.06630086877000457
0.057518115942028984,0.018568840579710144,0.051630434782608696,0.2826086956521739,0.03306159420289855,0.028532608695652172,0.012228260869565218,0.08695652173913043,0.013134057971014492,0.026721014492753624,0.02355072463768116,0.08242753623188406,0.17074275362318841,0.026268115942028984,0.014945652173913044,0.07110507246376811
0.05595996360327571,0.019563239308462238,0.053230209281164696,0.2807097361237489,0.03230209281164695,0.025932666060054597,0.013193812556869881,0.08462238398544131,0.014103730664240218,0.0272975432211101,0.02456778889899909,0.07870791628753412,0.17788898999090083,0.02684258416742493,0.015013648771610554,0.07006369426751592
0.056962025316455694,0.02034358047016275,0.05018083182640145,0.27893309222423146,0.03074141048824593,0.025768535262206148,0.013110307414104882,0.08996383363471971,0.011301989150090416,0.027576853526220614,0.024864376130198915,0.07730560578661845,0.1794755877034358,0.02802893309222423,0.014466546112115732,0.07097649186256781
0.05733634311512415,0.021218961625282168,0.04740406320541761,0.272686230248307,0.028442437923250564,0.02528216704288939,0.013544018058690745,0.09074492099322799,0.011738148984198645,0.02708803611738149,0.02437923250564334,0.07945823927765237,0.18645598194130925,0.029345372460496615,0.01399548532731377,0.0708803611738149
0.05983680870353581,0.02085222121486854,0.04805077062556664,0.2751586582048957,0.02901178603807797,0.02674524025385313,0.014052583862194016,0.09111514052583862,0.011332728921124207,0.02901178603807797,0.023118766999093383,0.0743427017225748,0.185856754306437,0.027198549410698096,0.012692656391659111,0.07162284678150499
0.05965391621129326,0.020491803278688523,0.052367941712204005,0.2768670309653916,0.029143897996357013,0.023679417122040074,0.014571948998178506,0.09016393442622951,0.01092896174863388,0.028688524590163935,0.02459016393442623,0.07285974499089254,0.18533697632058288,0.0273224043715847,0.014116575591985429,0.0692167577413479
0.059955257270693514,0.019686800894854587,0.049217002237136466,0.27695749440715883,0.029977628635346757,0.024608501118568233,0.013870246085011185,0.087248322147651,0.009843400447427294,0.029977628635346757,0.025503355704697986,0.07337807606263982,0.19149888143176733,0.02505592841163311,0.015212527964205816,0.0680089485458613
0.06224809673085535,0.020152261531571878,0.04791759964173757,0.27407075682937754,0.02910882221227049,0.02418271383788625,0.014778325123152709,0.08508732646663682,0.011195700850873265,0.03090013434841021,0.026421854008060904,0.07120465741155396,0.19346171070309,0.025526197939991044,0.014330497089117778,0.06941334527541423
0.0596475372797108,0.02078626299141437,0.044283777677361046,0.26796204247627653,0.028468142792589246,0.02349751468594668,0.0149118843199277,0.08359692724807953,0.013104383190239493,0.031631269769543606,0.02666064166290104,0.07049254405784004,0.20379575237234523,0.028920018075011298,0.012652507907817443,0.06958879349299593
0.06266786034019696,0.019247985675917637,0.04207699194270367,0.2712623097582811,0.02730528200537153,0.024619516562220233,0.017009847806624886,0.08057296329453895,0.011190689346463742,0.03088630259623993,0.02820053715308863,0.07341092211280215,0.20008952551477172,0.02954341987466428,0.01477170993733214,0.06714413607878246
0.06481895395619133,0.018328118015198926,0.04336164506034868,0.2744747429593205,0.02592758158247653,0.024586499776486366,0.016540008940545373,0.08001788109074653,0.012963790791238265,0.02637460885113992,0.02637460885113992,0.07197139025480555,0.20205632543585159,0.029503799731783638,0.015198927134555208,0.06750111756817166
0.06266666666666666,0.018666666666666668,0.044,0.2777777777777778,0.028444444444444446,0.02266666666666667,0.016888888888888887,0.08088888888888889,0.013333333333333334,0.026222222222222223,0.024444444444444446,0.06977777777777777,0.2031111111111111,0.028444444444444446,0.016888888888888887,0.06577777777777778
0.06219458018658374,0.019102621057307864,0.043536206130608615,0.27232341181697023,0.027543314082629944,0.02265659706796979,0.01821412705464238,0.07729897823189694,0.014660151043980453,0.02576632607729898,0.02576632607729898,0.0670812972012439,0.2123500666370502,0.028431808085295423,0.015548645046645935,0.06752554420257663
0.06532438478747203,0.018344519015659956,0.0407158836689038,0.27114093959731544,0.02953020134228188,0.021029082774049218,0.016554809843400447,0.08053691275167785,0.014317673378076063,0.024161073825503355,0.026845637583892617,0.06711409395973154,0.2152125279642058,0.026845637583892617,0.01476510067114094,0.06756152125279642
0.062275985663082435,0.017921146953405017,0.039874551971326166,0.2746415770609319,0.02956989247311828,0.019265232974910396,0.017921146953405017,0.07974910394265233,0.013888888888888888,0.025537634408602152,0.026881720430107527,0.06720430107526881,0.21863799283154123,0.025537634408602152,0.017921146953405017,0.06317204301075269
0.06567028985507246,0.019021739130434784,0.0384963768115942,0.2717391304347826,0.029891304347826088,0.019021739130434784,0.017210144927536232,0.07744565217391304,0.014492753623188406,0.024909420289855072,0.024909420289855072,0.07065217391304347,0.21875,0.0276268115942029,0.01947463768115942,0.06068840579710145
0.06526598122485472,0.019222172552525705,0.038891372373714796,0.2708985248100134,0.030397854269110416,0.02056325435851587,0.018328118015198926,0.07465355386678588,0.014751899865891819,0.021457308895842648,0.021904336164506034,0.06928922664282522,0.2253017434063478,0.02682163611980331,0.019669199821189094,0.06258381761287439
0.0667562724014337,0.02060931899641577,0.03539426523297491,0.27553763440860213,0.02867383512544803,0.023297491039426525,0.017921146953405017,0.07437275985663082,0.01568100358422939,0.0228494623655914,0.023297491039426525,0.06451612903225806,0.2253584229390681,0.027777777777777776,0.01881720430107527,0.05913978494623656
0.06936936936936937,0.01981981981981982,0.03648648648648649,0.27837837837837837,0.02927927927927928,0.02252252252252252,0.015765765765765764,0.07342342342342342,0.016666666666666666,0.02117117117117117,0.024774774774774775,0.062162162162162166,0.22657657657657657,0.027927927927927927,0.017117117117117116,0.05855855855855856
0.07412398921832884,0.019766397124887692,0.036837376460017966,0.27313566936208444,0.026954177897574125,0.02336028751123091,0.015723270440251572,0.07322551662174304,0.017070979335130278,0.019766397124887692,0.02425876010781671,0.057951482479784364,0.23090745732255166,0.027403414195867025,0.01931716082659479,0.06019766397124888
0.07577807848443843,0.02074875958502481,0.03382949932341001,0.2764997744700045,0.02435723951285521,0.02345511953089761,0.015336039693279206,0.07171853856562922,0.017140279657194408,0.02029769959404601,0.021199819576003608,0.05999097880018042,0.23410013531799728,0.02931889941362201,0.019395579612088407,0.056833558863328824
0.07129963898916968,0.018050541516245487,0.03203971119133574,0.2870036101083033,0.024819494584837544,0.023014440433212997,0.016245487364620937,0.07355595667870037,0.016696750902527077,0.021209386281588447,0.020306859205776174,0.06092057761732852,0.22653429602888087,0.030685920577617327,0.02075812274368231,0.05685920577617329
0.07146047342563644,0.018758374274229567,0.030370701205895488,0.2880750334970969,0.022331397945511387,0.022331397945511387,0.01652523447967843,0.07458686913800804,0.01652523447967843,0.022331397945511387,0.01831174631531934,0.059401518535060295,0.23403305046895936,0.027690933452434122,0.02054488610987048,0.056721750781598926
0.075,0.019642857142857142,0.029910714285714287,0.29196428571428573,0.02142857142857143,0.020089285714285716,0.016964285714285713,0.07276785714285715,0.015625,0.02142857142857143,0.020535714285714286,0.05803571428571429,0.23125,0.025892857142857145,0.020535714285714286,0.05892857142857143
0.07322551662174304,0.0215633423180593,0.03099730458221024,0.29380053908355797,0.021114106019766397,0.020664869721473494,0.016172506738544475,0.07457322551662174,0.017070979335130278,0.021114106019766397,0.01931716082659479,0.057053009883198565,0.23450134770889489,0.024707996406109614,0.019766397124887692,0.05435759209344115
0.07726864330637916,0.020664869721473494,0.029649595687331536,0.28751123090745734,0.023809523809523808,0.021114106019766397,0.015723270440251572,0.07367475292003593,0.016621743036837375,0.019766397124887692,0.017070979335130278,0.05435759209344115,0.2416891284815813,0.02425876010781671,0.021114106019766397,0.055705300988319856
0.08060904612628751,0.020152261531571878,0.03000447828034035,0.29198387819077476,0.02104791759964174,0.020600089565606806,0.014778325123152709,0.06851768920734438,0.017913121361397222,0.0219435736677116,0.016569637259292433,0.05194805194805195,0.2413793103448276,0.025974025974025976,0.02104791759964174,0.05553067622033139
0.08014407924358397,0.01981089599279604,0.03061683926159388,0.28680774425934263,0.021611886537595677,0.01981089599279604,0.014858171994597028,0.06933813597478614,0.016659162539396668,0.022062134173795586,0.017559657811796487,0.052678973435389465,0.24718595227375056,0.023863124718595228,0.02296262944619541,0.0540297163439892
0.07917228969860549,0.020242914979757085,0.030589293747188485,0.2941970310391363,0.02114260008996851,0.02114260008996851,0.013045434098065677,0.06747638326585695,0.016194331983805668,0.021592442645074223,0.018893387314439947,0.053531264057579846,0.249212775528565,0.021592442645074223,0.021592442645074223,0.05038236617183985
0.08318425760286226,0.019230769230769232,0.03175313059033989,0.28488372093023256,0.024597495527728087,0.020125223613595707,0.012522361359570662,0.0706618962432916,0.014758497316636851,0.023255813953488372,0.01744186046511628,0.05411449016100179,0.25,0.023255813953488372,0.02370304114490161,0.046511627906976744
0.08977777777777778,0.018222222222222223,0.030222222222222223,0.2768888888888889,0.024444444444444446,0.02,0.011555555555555555,0.07111111111111111,0.016444444444444446,0.023555555555555555,0.016,0.05511111111111111,0.2511111111111111,0.02311111111111111,0.024,0.04844444444444444
0.0912751677852349,0.015659955257270694,0.02953020134228188,0.2814317673378076,0.02371364653243848,0.02058165548098434,0.012080536912751677,0.06756152125279642,0.01476510067114094,0.022818791946308724,0.015212527964205816,0.053243847874720356,0.2563758389261745,0.024608501118568233,0.024161073825503355,0.04697986577181208
0.09681757059614522,0.014343343792021516,0.02734199910354101,0.28910802330793367,0.021515015688032272,0.016136261766024205,0.013895114298520844,0.06678619453160017,0.01523980277902286,0.022411474675033616,0.016136261766024205,0.05064993276557597,0.25862841774988793,0.023756163155535633,0.023756163155535633,0.043478260869565216
0.09538737124944022,0.0161218092252575,0.028660994178235557,0.2861621137483206,0.020600089565606806,0.017465293327362293,0.013882669055082848,0.06090461262875056,0.014778325123152709,0.021495745633676667,0.0161218092252575,0.054187192118226604,0.2601880877742947,0.024630541871921183,0.025526197939991044,0.0438871473354232
0.10004446420631392,0.01511783014673188,0.027567807914628723,0.2881280569141841,0.01823032458870609,0.016896398399288574,0.013783903957314362,0.06313917296576256,0.015562472209871054,0.0213428190306803,0.015562472209871054,0.050689195197865716,0.2605602489995554,0.022232103156958647,0.02578923966207203,0.04535349044019564
0.10589277802392556,0.015064244572441293,0.028356225077536552,0.28311918475852904,0.017279574656623838,0.01860877270713336,0.01595037660611431,0.061586176340274704,0.015064244572441293,0.01993797075764289,0.01595037660611431,0.04474966770048737,0.26495347806823216,0.02259636685866194,0.023925564909171467,0.046964997784669914
0.10911540188594522,0.016165244723843737,0.02334979793444095,0.2815446789402784,0.016165244723843737,0.021104625056129322,0.01661427929950606,0.05837449483610238,0.013920071845532105,0.017512348450830714,0.014818140996856757,0.048944768747193536,0.263134261338123,0.02469690166142793,0.023798832510103278,0.05074090704984284
0.11006711409395974,0.01476510067114094,0.024161073825503355,0.2782997762863535,0.017002237136465325,0.01923937360178971,0.016554809843400447,0.06129753914988814,0.013870246085011185,0.017897091722595078,0.015212527964205816,0.04429530201342282,0.2702460850111857,0.024161073825503355,0.021029082774049218,0.05190156599552573
0.11289602855867917,0.0142793395805444,0.022311468094600623,0.27710843373493976,0.015171798304328426,0.0178491744756805,0.01606425702811245,0.05979473449352968,0.013386880856760375,0.01651048639000446,0.01606425702811245,0.04685408299866131,0.2784471218206158,0.0214190093708166,0.0214190093708166,0.05042391789379741
0.1145413870246085,0.015659955257270694,0.02192393736017897,0.2715883668903803,0.01476510067114094,0.017002237136465325,0.016107382550335572,0.06040268456375839,0.015212527964205816,0.018344519015659956,0.017897091722595078,0.0447427293064877,0.2814317673378076,0.019686800894854587,0.02058165548098434,0.05011185682326622
0.10918003565062388,0.015597147950089126,0.021836007130124777,0.2736185383244207,0.015151515151515152,0.016042780748663103,0.01693404634581105,0.062388591800356503,0.014705882352941176,0.01871657754010695,0.015597147950089126,0.0481283422459893,0.28609625668449196,0.01871657754010695,0.019162210338680926,0.0481283422459893
0.11303960836671118,0.013796172674677348,0.021361815754339118,0.27592345349354697,0.014241210502892745,0.016466399643969738,0.016911437472185136,0.06364040943480195,0.014686248331108143,0.01824655095683133,0.015131286159323543,0.04672897196261682,0.2839341344014241,0.021361815754339118,0.017356475300400534,0.04717400979083222
0.11288888888888889,0.011555555555555555,0.02,0.284,0.014222222222222223,0.016888888888888887,0.016,0.06177777777777778,0.013333333333333334,0.017777777777777778,0.013777777777777778,0.04666666666666667,0.2831111111111111,0.021333333333333333,0.017777777777777778,0.04888888888888889
0.10889774236387782,0.011066843736166445,0.02036299247454626,0.2793271359008411,0.013280212483399735,0.017706949977866312,0.016821602478972998,0.0619743249225321,0.015050907481186366,0.017706949977866312,0.01416555998229305,0.04648074369189907,0.2903939796370075,0.02080566622399292,0.017706949977866312,0.048251438689685705
0.112488928255093,0.012843224092116917,0.020814880425155006,0.275022143489814,0.012400354295837024,0.018600531443755536,0.01550044286979628,0.06023029229406555,0.014614703277236492,0.01771479185119575,0.0141718334809566,0.047829937998228524,0.2945084145261293,0.01948627103631532,0.01815766164747564,0.04561558901682905
0.10879218472468917,0.012877442273534635,0.019982238010657193,0.27886323268206037,0.012877442273534635,0.018650088809946713,0.012433392539964476,0.05950266429840142,0.016429840142095916,0.016873889875666074,0.015097690941385435,0.04573712255772647,0.29795737122557725,0.019982238010657193,0.019982238010657193,0.04396092362344583
0.11341571050308914,0.010150044130626656,0.018534863195057368,0.27890556045895853,0.014563106796116505,0.018976169461606355,0.01147396293027361,0.05736981465136805,0.016328331862312445,0.016328331862312445,0.01412180052956752,0.04677846425419241,0.29832303618711387,0.02030008826125331,0.018534863195057368,0.04589585172109444
0.11994669035984007,0.011550422034651266,0.018658374055975122,0.2732119058196357,0.014660151043980453,0.019546868058640605,0.011550422034651266,0.054642381163927146,0.015992892047978675,0.015992892047978675,0.011550422034651266,0.04486894713460684,0.30075521990226567,0.021768103065304308,0.019546868058640605,0.04575744113727232
0.12247585601404741,0.009657594381035996,0.016681299385425813,0.2721685689201054,0.013169446883230905,0.019754170324846356,0.012291483757682178,0.05223880597014925,0.015364354697102721,0.016681299385425813,0.012291483757682178,0.04741000877963126,0.3033362598770852,0.021949078138718173,0.01755926251097454,0.04697102721685689
0.12208021154693698,0.009255178492728075,0.014543851917144116,0.28294402820625825,0.011899515204936095,0.01983252534156016,0.011899515204936095,0.05200528867342442,0.014103129131776113,0.01630674305861613,0.013221683561040106,0.04715733803437638,0.2988100484795064,0.02379903040987219,0.016747465843984136,0.045394446892904367
0.12377560106856635,0.008459483526268923,0.013802315227070348,0.2804986642920748,0.012021371326803205,0.01914514692787177,0.012466607301869992,0.04808548530721282,0.013357079252003561,0.016918967052537846,0.013802315227070348,0.04808548530721282,0.3045414069456812,0.02315227070347284,0.0182546749777382,0.04363312555654497
0.12226684515841142,0.008032128514056224,0.015171798304328426,0.2824631860776439,0.010263275323516287,0.018295403837572513,0.013386880856760375,0.04819277108433735,0.0142793395805444,0.018295403837572513,0.012940651494868362,0.04730031236055333,0.30165104863900044,0.024542614904060688,0.018741633199464525,0.04417670682730924
0.12411347517730496,0.008865248226950355,0.015070921985815602,0.2765957446808511,0.010195035460992909,0.019060283687943262,0.015070921985815602,0.047872340425531915,0.01374113475177305,0.014627659574468085,0.011968085106382979,0.04875886524822695,0.30895390070921985,0.023936170212765957,0.01950354609929078,0.041666666666666664
0.12444246208742195,0.008920606601248885,0.014272970561998216,0.2769848349687779,0.010704727921498661,0.01873327386262266,0.015611061552185548,0.045495093666369314,0.014719000892060661,0.018287243532560213,0.014272970561998216,0.043710972346119537,0.3113291703835861,0.0231935771632471,0.01873327386262266,0.040588760035682424
0.12600178094390027,0.008459483526268923,0.01647373107747106,0.2747105966162066,0.010240427426536063,0.018699910952804988,0.014247551202137132,0.04674977738201247,0.014692787177203919,0.017364203027604632,0.013802315227070348,0.041852181656277826,0.3170080142475512,0.022707034728406055,0.0182546749777382,0.03873552983081033
