C_R,C_A,C_S,C_N,D_R,D_A,D_S,D_N,Oc_R,Oc_A,Oc_S,Oc_N,Od_R,Od_A,Od_S,Od_N
0.0,0.0,0.0,0.0,0.0,0.0,0.0,0.0,0.0,0.0,0.0,0.0,1.0,0.0,0.0,0.0
0.0,0.0,0.0,0.0,0.0,0.0,0.0,0.0,0.0,0.0,0.0,0.0,1.0,0.0,0.0,0.0
0.0,0.0,0.0,0.0,0.0,0.0,0.0,0.0,0.0,0.0,0.0,0.0,1.0,0.0,0.0,0.0
0.0,0.0,0.0,0.3333333333333333,0.0,0.0,0.0,0.0,0.0,0.0,0.0,0.0,0.6666666666666666,0.0,0.0,0.0
0.0,0.0,0.0,0.2,0.0,0.0,0.0,0.0,0.2,0.0,0.0,0.0,0.6,0.0,0.0,0.0
0.0,0.0,0.0,0.125,0.0,0.0,0.0,0.125,0.125,0.0,0.0,0.0,0.625,0.0,0.0,0.0
0.0,0.0,0.0,0.09090909090909091,0.0,0.0,0.09090909090909091,0.18181818181818182,0.09090909090909091,0.0,0.0,0.0,0.5454545454545454,0.0,0.0,0.0
0.0,0.0,0.0,0.07142857142857142,0.0,0.0,0.07142857142857142,0.07142857142857142,0.07142857142857142,0.0,0.0,0.0,0.7142857142857143,0.0,0.0,0.0
0.0,0.0,0.0,0.10526315789473684,0.0,0.0,0.05263157894736842,0.0,0.05263157894736842,0.0,0.0,0.0,0.7368421052631579,0.0,0.0,0.05263157894736842
0.0,0.0,0.0,0.1111111111111111,0.0,0.0,0.037037037037037035,0.0,0.037037037037037035,0.0,0.0,0.037037037037037035,0.7407407407407407,0.0,0.0,0.037037037037037035
0.0,0.0,0.0,0.08108108108108109,0.0,0.0,0.02702702702702703,0.0,0.02702702702702703,0.02702702702702703,0.0,0.02702702702702703,0.7567567567567568,0.0,0.0,0.05405405405405406
0.0,0.0,0.0,0.06521739130434782,0.0,0.0,0.0,0.021739130434782608,0.0,0.021739130434782608,0.0,0.021739130434782608,0.8260869565217391,0.0,0.0,0.043478260869565216
0.0,0.0,0.0,0.07017543859649122,0.0,0.0,0.0,0.017543859649122806,0.03508771929824561,0.017543859649122806,0.0,0.017543859649122806,0.8070175438596491,0.0,0.0,0.03508771929824561
0.013513513513513514,0.0,0.0,0.05405405405405406,0.013513513513513514,0.0,0.0,0.013513513513513514,0.02702702702702703,0.013513513513513514,0.0,0.013513513513513514,0.8243243243243243,0.0,0.0,0.02702702702702703
0.011363636363636364,0.0,0.0,0.056818181818181816,0.011363636363636364,0.0,0.0,0.011363636363636364,0.022727272727272728,0.022727272727272728,0.0,0.0,0.8295454545454546,0.0,0.011363636363636364,0.022727272727272728
0.009523809523809525,0.0,0.0,0.0761904761904762,0.009523809523809525,0.0,0.0,0.01904761904761905,0.01904761904761905,0.01904761904761905,0.0,0.0,0.819047619047619,0.0,0.009523809523809525,0.01904761904761905
0.007751937984496124,0.0,0.0,0.08527131782945736,0.007751937984496124,0.0,0.007751937984496124,0.023255813953488372,0.015503875968992248,0.007751937984496124,0.0,0.007751937984496124,0.813953488372093,0.0,0.007751937984496124,0.015503875968992248
0.02564102564102564,0.0,0.0,0.10256410256410256,0.00641025641025641,0.0,0.00641025641025641,0.019230769230769232,0.019230769230769232,0.00641025641025641,0.00641025641025641,0.00641025641025641,0.782051282051282,0.0,0.00641025641025641,0.01282051282051282
0.026737967914438502,0.0,0.0,0.10695187165775401,0.0053475935828877,0.0,0.0053475935828877,0.0427807486631016,0.016042780748663103,0.0053475935828877,0.0,0.0053475935828877,0.7700534759358288,0.0,0.0053475935828877,0.0106951871657754
0.021834061135371178,0.0,0.0,0.12663755458515283,0.004366812227074236,0.0,0.004366812227074236,0.034934497816593885,0.013100436681222707,0.004366812227074236,0.0,0.004366812227074236,0.759825327510917,0.0,0.008733624454148471,0.017467248908296942
0.03125,0.0,0.0,0.13671875,0.00390625,0.0,0.00390625,0.0390625,0.015625,0.00390625,0.0,0.00390625,0.734375,0.0,0.0078125,0.01953125
0.040268456375838924,0.0,0.0,0.1610738255033557,0.003355704697986577,0.0,0.003355704697986577,0.03691275167785235,0.010067114093959731,0.006711409395973154,0.0,0.003355704697986577,0.7013422818791947,0.0,0.010067114093959731,0.02348993288590604
0.04722222222222222,0.0,0.0,0.17222222222222222,0.002777777777777778,0.0,0.002777777777777778,0.041666666666666664,0.013888888888888888,0.008333333333333333,0.0,0.002777777777777778,0.6777777777777778,0.0,0.008333333333333333,0.022222222222222223
0.05263157894736842,0.0,0.0,0.18899521531100477,0.0023923444976076554,0.004784688995215311,0.007177033492822967,0.04066985645933014,0.01674641148325359,0.009569377990430622,0.0,0.0023923444976076554,0.645933014354067,0.0,0.007177033492822967,0.0215311004784689
0.061052631578947365,0.0,0.0,0.1936842105263158,0.004210526315789474,0.008421052631578947,0.008421052631578947,0.02736842105263158,0.014736842105263158,0.00631578947368421,0.0,0.002105263157894737,0.6442105263157895,0.0,0.00631578947368421,0.023157894736842106
0.07924528301886792,0.0,0.0,0.19433962264150945,0.0018867924528301887,0.007547169811320755,0.007547169811320755,0.03207547169811321,0.01509433962264151,0.009433962264150943,0.0,0.0018867924528301887,0.620754716981132,0.0,0.005660377358490566,0.024528301886792454
0.08547008547008547,0.003418803418803419,0.0017094017094017094,0.20854700854700856,0.0017094017094017094,0.006837606837606838,0.003418803418803419,0.037606837606837605,0.017094017094017096,0.008547008547008548,0.0,0.0017094017094017094,0.5965811965811966,0.0,0.006837606837606838,0.020512820512820513
0.08638360175695461,0.005856515373352855,0.0029282576866764276,0.21522693997071743,0.0014641288433382138,0.007320644216691069,0.005856515373352855,0.032210834553440704,0.017569546120058566,0.01171303074670571,0.0,0.0014641288433382138,0.5885797950219619,0.0014641288433382138,0.005856515373352855,0.016105417276720352
0.09542483660130718,0.009150326797385621,0.00261437908496732,0.21176470588235294,0.00130718954248366,0.006535947712418301,0.00522875816993464,0.032679738562091505,0.01568627450980392,0.01045751633986928,0.0,0.00130718954248366,0.5830065359477125,0.00261437908496732,0.00392156862745098,0.018300653594771243
0.1064327485380117,0.00935672514619883,0.0023391812865497076,0.22807017543859648,0.0011695906432748538,0.008187134502923977,0.004678362573099415,0.026900584795321637,0.014035087719298246,0.008187134502923977,0.0023391812865497076,0.0011695906432748538,0.5590643274853802,0.0035087719298245615,0.004678362573099415,0.019883040935672516
0.11316872427983539,0.0102880658436214,0.00205761316872428,0.23559670781893005,0.00411522633744856,0.009259259259259259,0.0030864197530864196,0.024691358024691357,0.01131687242798354,0.0051440329218107,0.00102880658436214,0.00102880658436214,0.5493827160493827,0.00411522633744856,0.0051440329218107,0.0205761316872428
0.10813308687615526,0.010166358595194085,0.0027726432532347504,0.2513863216266174,0.0036968576709796672,0.00831792975970425,0.006469500924214418,0.024953789279112754,0.010166358595194085,0.005545286506469501,0.0009242144177449168,0.0009242144177449168,0.5388170055452866,0.0027726432532347504,0.005545286506469501,0.019408502772643253
0.1267723102585488,0.010842368640533779,0.0025020850708924102,0.24770642201834864,0.003336113427856547,0.009174311926605505,0.005838198498748957,0.02335279399499583,0.009174311926605505,0.005838198498748957,0.0,0.0016680567139282735,0.5246038365304421,0.0025020850708924102,0.0050041701417848205,0.021684737281067557
0.14166666666666666,0.010606060606060607,0.003787878787878788,0.25,0.003787878787878788,0.00909090909090909,0.006060606060606061,0.022727272727272728,0.007575757575757576,0.005303030303030303,0.0,0.0022727272727272726,0.5121212121212121,0.0030303030303030303,0.004545454545454545,0.017424242424242425
0.14796971782518925,0.009635237439779766,0.0027529249827942187,0.258086717136958,0.0055058499655884375,0.008947006194081212,0.006882312456985547,0.022711631108052306,0.007570543702684102,0.0055058499655884375,0.0,0.0013764624913971094,0.49965588437715075,0.0027529249827942187,0.0041293874741913286,0.016517549896765314
0.15246636771300448,0.010249839846252402,0.004484304932735426,0.2549647661755285,0.004484304932735426,0.008327994875080076,0.0064061499039077515,0.024343369634849454,0.007687379884689302,0.0064061499039077515,0.0012812299807815502,0.0019218449711723255,0.4926329276105061,0.0025624599615631004,0.004484304932735426,0.01729660474055093
0.16204819277108434,0.010240963855421687,0.006626506024096385,0.24819277108433735,0.005421686746987952,0.010240963855421687,0.007228915662650603,0.02530120481927711,0.009036144578313253,0.006024096385542169,0.0024096385542168677,0.0018072289156626507,0.4819277108433735,0.0024096385542168677,0.004819277108433735,0.016265060240963854
0.1623740201567749,0.010078387458006719,0.006159014557670772,0.25027995520716684,0.006159014557670772,0.011198208286674132,0.006159014557670772,0.026875699888017916,0.008958566629339306,0.006159014557670772,0.0022396416573348264,0.0016797312430011197,0.47704367301231804,0.002799552071668533,0.005599104143337066,0.016237402015677492
0.16648764769065522,0.010741138560687433,0.00644468313641246,0.24758324382384533,0.006981740064446832,0.010741138560687433,0.006981740064446832,0.024167561761546726,0.008592910848549946,0.006981740064446832,0.0021482277121374865,0.001611170784103115,0.4747583243823845,0.004296455424274973,0.00644468313641246,0.015037593984962405
0.16598360655737704,0.011270491803278689,0.00819672131147541,0.2464139344262295,0.00665983606557377,0.011270491803278689,0.00665983606557377,0.02305327868852459,0.009221311475409836,0.007684426229508197,0.0015368852459016393,0.0025614754098360654,0.47438524590163933,0.004610655737704918,0.0056352459016393444,0.01485655737704918
0.171072319201995,0.012468827930174564,0.008478802992518703,0.24039900249376558,0.007481296758104738,0.009476309226932668,0.0059850374064837905,0.022443890274314215,0.010473815461346634,0.008478802992518703,0.0014962593516209476,0.0024937655860349127,0.4763092269326683,0.00399002493765586,0.0059850374064837905,0.012967581047381545
0.16895200783545544,0.01028403525954946,0.007835455435847209,0.24534769833496572,0.007835455435847209,0.00832517140058766,0.004897159647404506,0.021057786483839373,0.00930460333006856,0.00881488736532811,0.002448579823702253,0.004897159647404506,0.4745347698334966,0.0039177277179236044,0.0068560235063663075,0.014691478942213516
0.16914230953521803,0.011020603737422138,0.009103977000479156,0.24245328222328702,0.007666506947771922,0.007666506947771922,0.005270723526593196,0.022520364159080018,0.009583133684714902,0.008624820316243412,0.0028749401054144704,0.0033540967896502154,0.4729276473406804,0.005270723526593196,0.006229036895064686,0.01629132726401533
0.1669776119402985,0.01166044776119403,0.008861940298507462,0.24580223880597016,0.009794776119402986,0.006996268656716418,0.005597014925373134,0.024253731343283583,0.010727611940298507,0.009794776119402986,0.0032649253731343282,0.004197761194029851,0.46455223880597013,0.0046641791044776115,0.006063432835820896,0.016791044776119403
0.16964695093993581,0.01054562127464466,0.009170105456212746,0.23750573131591013,0.011004126547455296,0.007794589637780834,0.005960568546538285,0.02567629527739569,0.009170105456212746,0.009628610729023384,0.002751031636863824,0.0050435580009170105,0.46813388353966073,0.0050435580009170105,0.005960568546538285,0.016964695093993582
0.16765375854214123,0.01275626423690205,0.008656036446469248,0.23690205011389523,0.009567198177676537,0.007744874715261959,0.005466970387243736,0.023234624145785875,0.01184510250569476,0.008656036446469248,0.0031890660592255125,0.005011389521640091,0.46879271070615036,0.00683371298405467,0.00683371298405467,0.01685649202733485
0.16315553563424473,0.00941281936351412,0.00941281936351412,0.23532048408785297,0.012102196324518153,0.008964589870013447,0.004930524428507396,0.024652622142536978,0.012102196324518153,0.00941281936351412,0.003585835948005379,0.006723442402510085,0.47064096817570594,0.0062752129090094125,0.006723442402510085,0.016584491259524877
0.16622222222222222,0.008444444444444444,0.008444444444444444,0.232,0.012888888888888889,0.009333333333333334,0.006222222222222222,0.024888888888888887,0.010666666666666666,0.009333333333333334,0.0035555555555555557,0.007555555555555556,0.4706666666666667,0.0057777777777777775,0.006222222222222222,0.017777777777777778
0.16733067729083664,0.008410801239486499,0.00796812749003984,0.22797698096502877,0.013280212483399735,0.010624169986719787,0.00619743249225321,0.02478972996901284,0.011066843736166445,0.009296148738379814,0.0026560424966799467,0.007082779991146525,0.4723328906595839,0.00619743249225321,0.006640106241699867,0.01814962372731297
0.16330998248686515,0.009194395796847636,0.006129597197898424,0.23336252189141857,0.014448336252189142,0.01138353765323993,0.0070052539404553416,0.02583187390542907,0.010945709281961471,0.008756567425569177,0.002626970227670753,0.006567425569176883,0.46978984238178634,0.004816112084063047,0.00788091068301226,0.01795096322241681
0.16328331862312445,0.009708737864077669,0.00706090026478376,0.23124448367166814,0.01412180052956752,0.01147396293027361,0.00706090026478376,0.026037069726390114,0.011915269196822596,0.01147396293027361,0.00353045013239188,0.00617828773168579,0.4655781112091792,0.00529567519858782,0.009267431597528684,0.01676963812886143
0.16228070175438597,0.007894736842105263,0.007456140350877193,0.23684210526315788,0.014035087719298246,0.011403508771929825,0.0061403508771929825,0.025,0.013157894736842105,0.011403508771929825,0.002631578947368421,0.006578947368421052,0.46403508771929824,0.005263157894736842,0.008333333333333333,0.017543859649122806
0.16418563922942206,0.01138353765323993,0.0070052539404553416,0.23423817863397547,0.0148861646234676,0.013134851138353765,0.006129597197898424,0.02714535901926445,0.012259194395796848,0.01138353765323993,0.0043782837127845885,0.0070052539404553416,0.45446584938704027,0.006129597197898424,0.009194395796847636,0.017075306479859893
0.1628721541155867,0.01138353765323993,0.0074430823117338,0.23598949211908932,0.016637478108581436,0.012259194395796848,0.006129597197898424,0.02583187390542907,0.010945709281961471,0.012259194395796848,0.0043782837127845885,0.0074430823117338,0.45140105078809106,0.006129597197898424,0.008756567425569177,0.020140105078809107
0.15666372462488967,0.01235657546337158,0.00794351279788173,0.24051191526919682,0.0176522506619594,0.011915269196822596,0.00617828773168579,0.02736098852603707,0.011915269196822596,0.01235657546337158,0.00441306266548985,0.008384819064430714,0.4479258605472198,0.005736981465136805,0.0088261253309797,0.019858781994704325
0.1554381329810656,0.012769704975781594,0.007485689123734038,0.23690004403346543,0.016292382210479964,0.011448701012769706,0.007045354469396741,0.028621752531924262,0.012329370321444297,0.014090708938793483,0.003963011889035667,0.007485689123734038,0.45134302069572874,0.006164685160722149,0.009247027741083224,0.019374724790841038
0.15645658880564126,0.012780960775672102,0.00881445570736007,0.2371088585279859,0.016747465843984136,0.011018069634200088,0.007051564565888057,0.02864698104892023,0.0123402379903041,0.014543851917144116,0.004407227853680035,0.00749228735125606,0.4486557955046276,0.0057293962097840455,0.00881445570736007,0.019391802556192154
0.15239350021958717,0.011857707509881422,0.00966183574879227,0.2393500219587176,0.015371102327624066,0.011418533157663592,0.00834431269213878,0.028985507246376812,0.013175230566534914,0.014931927975406236,0.004391743522178305,0.00878348704435661,0.4470794905577514,0.006148440931049627,0.00834431269213878,0.019762845849802372
0.15101860053144375,0.00974313551815766,0.00841452612931798,0.24313551815766166,0.014614703277236492,0.011514614703277236,0.007528786536758193,0.0283436669619132,0.0141718334809566,0.015057573073516387,0.00354295837023915,0.009300265721877768,0.44862710363153235,0.005757307351638618,0.007971656333038087,0.021257750221434897
0.15259454705364994,0.011433597185576077,0.008355321020228672,0.2357080035180299,0.016270888302550572,0.010114335971855761,0.007475813544415127,0.02990325417766051,0.014072119613016711,0.014511873350923483,0.0030782761653474055,0.010114335971855761,0.45074758135444154,0.007475813544415127,0.007475813544415127,0.020668425681618294
0.1520106053910738,0.011489173663278833,0.009279717189571365,0.23862129916040653,0.015466195315952275,0.010163499779054353,0.008395934600088379,0.02828104286345559,0.013256738842244807,0.016349977905435263,0.003977021652673442,0.01104728236853734,0.4427750773309766,0.009279717189571365,0.007954043305346884,0.021652673442333185
0.14971378247468076,0.011448701012769706,0.011008366358432409,0.23734037868780272,0.014971378247468076,0.011008366358432409,0.008806693086745927,0.02906208718626156,0.012329370321444297,0.016292382210479964,0.0048436811977102595,0.011889035667107,0.4434169969176574,0.010568031704095112,0.007926023778071334,0.019374724790841038
0.1549604916593503,0.011852502194907815,0.012291483757682178,0.22651448639157157,0.012730465320456541,0.009218612818261633,0.007901668129938543,0.02897278314310799,0.013608428446005268,0.018437225636523266,0.003950834064969272,0.01141352063213345,0.4482001755926251,0.01141352063213345,0.007901668129938543,0.020632133450395083
0.15598762704374725,0.012372956252761821,0.014582412726469289,0.22801590808661068,0.012814847547503314,0.008837825894829872,0.008837825894829872,0.028722934158197082,0.012814847547503314,0.017675651789659744,0.004860804242156429,0.010605391073795847,0.4445426425099426,0.011489173663278833,0.007512152010605391,0.020326999558108707
0.15445719329214475,0.01412180052956752,0.014563106796116505,0.2290379523389232,0.012797881729920565,0.010150044130626656,0.007502206531332745,0.03133274492497794,0.012797881729920565,0.01676963812886143,0.00529567519858782,0.011915269196822596,0.43777581641659313,0.01235657546337158,0.00794351279788173,0.02118270079435128
0.1539815222173339,0.014078310602727673,0.01627804663440387,0.22833260008798945,0.014518257809062912,0.008798944126704795,0.007479102507699076,0.03167619885613726,0.013638363396392433,0.01671799384073911,0.0061592608886933565,0.012318521777386713,0.4337879454465464,0.011878574571051475,0.007919049714034315,0.02243730752309723
0.15544729849424269,0.014614703277236492,0.016386182462356066,0.22763507528786536,0.015943312666076175,0.008857395925597875,0.007528786536758193,0.03188662533215235,0.013286093888396812,0.015943312666076175,0.0070859167404783,0.012400354295837024,0.43179805137289634,0.011071744906997343,0.007971656333038087,0.022143489813994686
0.1529255319148936,0.015070921985815602,0.016843971631205674,0.22916666666666666,0.012411347517730497,0.008865248226950355,0.010195035460992909,0.028812056737588652,0.013297872340425532,0.015957446808510637,0.0062056737588652485,0.012854609929078014,0.436613475177305,0.011081560283687944,0.007978723404255319,0.02171985815602837
0.1536105032822757,0.01487964989059081,0.018380743982494528,0.2288840262582057,0.01225382932166302,0.010065645514223195,0.010065645514223195,0.02800875273522976,0.01400437636761488,0.01487964989059081,0.00525164113785558,0.013566739606126914,0.43588621444201314,0.010065645514223195,0.007439824945295405,0.022757111597374178
0.1511783014673188,0.014673188083592708,0.01823032458870609,0.22321031569586483,0.014228546020453535,0.012894619831036016,0.008892841262783458,0.029346376167185415,0.01511783014673188,0.014673188083592708,0.004891062694530902,0.014228546020453535,0.4353045798132503,0.010226767452200978,0.008892841262783458,0.02401067140951534
0.15901060070671377,0.011925795053003533,0.016342756183745585,0.22879858657243815,0.012809187279151944,0.013250883392226149,0.008392226148409895,0.029151943462897525,0.018551236749116608,0.012809187279151944,0.005742049469964664,0.013692579505300354,0.424469964664311,0.011925795053003533,0.007508833922261484,0.02561837455830389
0.1574977817213842,0.012422360248447204,0.014640638864241348,0.22715173025732033,0.012422360248447204,0.013753327417923691,0.0075421472937000885,0.030168589174800354,0.018633540372670808,0.014640638864241348,0.006211180124223602,0.012866015971606033,0.42502218278615794,0.012866015971606033,0.01020408163265306,0.023957409050576754
0.15223097112860892,0.01268591426071741,0.014873140857392825,0.22965879265091863,0.011811023622047244,0.012248468941382326,0.007874015748031496,0.03062117235345582,0.017935258092738406,0.01531058617672791,0.006561679790026247,0.011811023622047244,0.42825896762904636,0.012248468941382326,0.011373578302712161,0.024496937882764653
0.14986737400530503,0.013704686118479222,0.014588859416445624,0.23474801061007958,0.011936339522546418,0.013704686118479222,0.008841732979664015,0.03050397877984085,0.016357206012378427,0.015030946065428824,0.005747126436781609,0.010610079575596816,0.4244031830238727,0.01237842617152962,0.011936339522546418,0.02564102564102564
0.15422006186478127,0.014582412726469289,0.0136986301369863,0.23022536456031817,0.012372956252761821,0.016791869200176758,0.008837825894829872,0.028722934158197082,0.014140521431727796,0.015466195315952275,0.0057445868316394165,0.010605391073795847,0.42554131683605834,0.011489173663278833,0.011931064958020326,0.02562969509500663
0.15387987724682156,0.014028934677772907,0.014905743095133712,0.22577816747040771,0.01183691363437089,0.01578255151249452,0.00920648838228847,0.030688294607628234,0.014028934677772907,0.01446733888645331,0.005699254712845244,0.01183691363437089,0.42788250767207364,0.012275317843051293,0.012275317843051293,0.025427444103463395
0.1531651173085436,0.013280212483399735,0.015493581230633024,0.22399291722000886,0.01239486498450642,0.016821602478972998,0.009296148738379814,0.03010181496237273,0.015493581230633024,0.01593625498007968,0.007082779991146525,0.01195219123505976,0.42363877822045154,0.015493581230633024,0.010624169986719787,0.025232403718459494
0.15300306882946077,0.010960105217010083,0.016220955721174924,0.22183252959228408,0.014028934677772907,0.016659359929855327,0.00920648838228847,0.03024989039894783,0.014905743095133712,0.014905743095133712,0.0070144673388864535,0.009644892590968873,0.4296361245067953,0.014905743095133712,0.01183691363437089,0.02498903989478299
0.149822695035461,0.011968085106382979,0.016400709219858155,0.22606382978723405,0.014627659574468085,0.017287234042553192,0.010195035460992909,0.0274822695035461,0.016843971631205674,0.01374113475177305,0.007535460992907801,0.009308510638297872,0.42597517730496454,0.014627659574468085,0.011968085106382979,0.026152482269503546
0.1497349823321555,0.011925795053003533,0.014575971731448763,0.22173144876325088,0.015017667844522967,0.018109540636042403,0.009717314487632508,0.02959363957597173,0.0176678445229682,0.014575971731448763,0.005742049469964664,0.011484098939929329,0.4253533568904594,0.015459363957597174,0.012367491166077738,0.026943462897526502
0.15502854633289415,0.012296881862099254,0.012296881862099254,0.2222222222222222,0.014931927975406236,0.01668862538427756,0.00966183574879227,0.032059727711901624,0.016249451032059728,0.014931927975406236,0.006587615283267457,0.010101010101010102,0.4224857268335529,0.016249451032059728,0.010979358805445762,0.027228809837505488
0.15197164377492248,0.011962782454585734,0.013735046521931768,0.22773593265396544,0.016836508639787327,0.016836508639787327,0.00930438635356668,0.03278688524590164,0.01329198050509526,0.015507310589277802,0.0057598582188746125,0.00930438635356668,0.42224191404519273,0.01639344262295082,0.00930438635356668,0.02702702702702703
0.15219298245614035,0.013157894736842105,0.013596491228070176,0.23201754385964912,0.014912280701754385,0.018859649122807017,0.009649122807017544,0.029385964912280703,0.014035087719298246,0.017105263157894738,0.006578947368421052,0.010087719298245614,0.42105263157894735,0.013596491228070176,0.007017543859649123,0.02675438596491228
0.14583333333333334,0.01374113475177305,0.014627659574468085,0.23359929078014185,0.01551418439716312,0.018617021276595744,0.009308510638297872,0.03102836879432624,0.01374113475177305,0.016400709219858155,0.0062056737588652485,0.011081560283687944,0.4237588652482269,0.013297872340425532,0.0070921985815602835,0.026152482269503546
0.1453667105841019,0.013614404918752744,0.013614404918752744,0.22705314009661837,0.01668862538427756,0.01932367149758454,0.010101010101010102,0.032498902064119456,0.013175230566534914,0.01932367149758454,0.007905138339920948,0.011857707509881422,0.4233640755379886,0.014931927975406236,0.007026789635485288,0.024154589371980676
0.14593406593406594,0.013626373626373627,0.012747252747252748,0.2312087912087912,0.016703296703296705,0.02065934065934066,0.01098901098901099,0.03120879120879121,0.01054945054945055,0.018461538461538463,0.007912087912087912,0.01054945054945055,0.42153846153846153,0.015824175824175824,0.006153846153846154,0.025934065934065935
0.1457507705856451,0.012769704975781594,0.012329370321444297,0.2289740202553941,0.015852047556142668,0.021136063408190225,0.011889035667107,0.029942756494936152,0.009687362395420519,0.019374724790841038,0.007926023778071334,0.010127697049757816,0.42536327608982827,0.015852047556142668,0.006164685160722149,0.02686041391457508
0.1427304964539007,0.013297872340425532,0.012411347517730497,0.22650709219858156,0.01551418439716312,0.02304964539007092,0.01152482269503546,0.030585106382978722,0.008865248226950355,0.020390070921985817,0.006648936170212766,0.009308510638297872,0.42730496453900707,0.018173758865248225,0.0062056737588652485,0.0274822695035461
0.14178775869660942,0.012769704975781594,0.01453104359313078,0.2188463232056363,0.015852047556142668,0.022457067371202115,0.011889035667107,0.031704095112285335,0.009687362395420519,0.021136063408190225,0.00836635843240863,0.009247027741083224,0.42800528401585203,0.019374724790841038,0.006164685160722149,0.028181417877586965
0.1416555998229305,0.013722886232846392,0.015050907481186366,0.21469676848162905,0.014608233731739707,0.02611775121735281,0.012837538733953076,0.03010181496237273,0.008853474988933156,0.02213368747233289,0.008853474988933156,0.008853474988933156,0.4271801682160248,0.02036299247454626,0.006640106241699867,0.0283311199645861
0.1424162257495591,0.012786596119929453,0.015873015873015872,0.21516754850088182,0.014109347442680775,0.026455026455026454,0.011904761904761904,0.030864197530864196,0.011022927689594356,0.022486772486772486,0.008818342151675485,0.008818342151675485,0.42328042328042326,0.020282186948853614,0.00837742504409171,0.027336860670194002
0.14430268367795865,0.011878574571051475,0.012758468983721953,0.21733391992960846,0.012758468983721953,0.025516937967443906,0.011878574571051475,0.029916410030796304,0.012318521777386713,0.020237571491421028,0.008798944126704795,0.010118785745710514,0.42454905411350635,0.019797624285085788,0.007479102507699076,0.030356357237131544
0.13744493392070484,0.012334801762114538,0.014537444933920705,0.21277533039647578,0.012334801762114538,0.028193832599118944,0.011013215859030838,0.029955947136563875,0.011894273127753305,0.019383259911894272,0.007929515418502203,0.01145374449339207,0.4299559471365639,0.022026431718061675,0.00881057268722467,0.029955947136563875
0.14367562802996914,0.012780960775672102,0.012780960775672102,0.21375055090348172,0.013221683561040106,0.026443367122080213,0.011018069634200088,0.030850594975760245,0.0123402379903041,0.01983252534156016,0.008373732921992068,0.011899515204936095,0.4248567650947554,0.01983252534156016,0.008373732921992068,0.02996914940502424
0.14475431606905712,0.01239486498450642,0.01239486498450642,0.2129260734838424,0.010624169986719787,0.027445772465692783,0.009738822487826471,0.029659141212926073,0.012837538733953076,0.02036299247454626,0.009738822487826471,0.011509517485613104,0.42363877822045154,0.023461708720672863,0.008410801239486499,0.03010181496237273
0.14010507880910683,0.014010507880910683,0.013134851138353765,0.2119089316987741,0.01138353765323993,0.027583187390542906,0.009632224168126095,0.03152364273204904,0.012259194395796848,0.01838879159369527,0.009632224168126095,0.01138353765323993,0.425569176882662,0.025394045534150613,0.008318739054290718,0.0297723292469352
0.14579684763572678,0.01576182136602452,0.013134851138353765,0.20183887915936952,0.012259194395796848,0.028458844133099823,0.009632224168126095,0.0297723292469352,0.010945709281961471,0.01838879159369527,0.009194395796847636,0.010070052539404553,0.4308231173380035,0.026707530647985988,0.00788091068301226,0.02933450087565674
0.1429197720298115,0.01446733888645331,0.012275317843051293,0.20385795703638754,0.012275317843051293,0.0263042525208242,0.009644892590968873,0.030688294607628234,0.011398509425690487,0.019289785181937746,0.008768084173608066,0.009644892590968873,0.4362121876370013,0.025427444103463395,0.00789127575624726,0.02893467777290662
0.14741035856573706,0.015050907481186366,0.01239486498450642,0.20805666223992916,0.011509517485613104,0.02434705621956618,0.011066843736166445,0.02877379371403276,0.011066843736166445,0.021248339973439574,0.009296148738379814,0.01018149623727313,0.42540947321823813,0.02478972996901284,0.008410801239486499,0.03098716246126605
0.14676068752754517,0.014543851917144116,0.0123402379903041,0.20890260026443366,0.012780960775672102,0.0246804759806082,0.009695901278096077,0.02996914940502424,0.0123402379903041,0.02247686205376818,0.009695901278096077,0.010136624063464082,0.4248567650947554,0.024239753195240195,0.00881445570736007,0.027765535478184222
0.14991258741258742,0.01486013986013986,0.010926573426573426,0.20410839160839161,0.013986013986013986,0.025349650349650348,0.008741258741258742,0.029283216783216784,0.012237762237762238,0.024475524475524476,0.009615384615384616,0.011363636363636364,0.42132867132867136,0.025786713286713288,0.009615384615384616,0.028409090909090908
0.14816433566433568,0.014423076923076924,0.010052447552447552,0.2062937062937063,0.012674825174825174,0.024912587412587412,0.006555944055944056,0.032342657342657344,0.013548951048951048,0.021853146853146852,0.009178321678321678,0.0118006993006993,0.42701048951048953,0.025349650349650348,0.009178321678321678,0.02666083916083916
0.14543851917144116,0.01498457470251212,0.010577346848832084,0.20669898633759365,0.0123402379903041,0.0246804759806082,0.00749228735125606,0.03393565447333627,0.011899515204936095,0.023358307624504186,0.007933010136624064,0.011899515204936095,0.42706037902159544,0.025561921551344204,0.009255178492728075,0.026884089907448214
0.14551083591331268,0.015479876160990712,0.008845643520566122,0.20477664750110572,0.012826183104820876,0.02697921273772667,0.007076514816452897,0.034055727554179564,0.012826183104820876,0.02344095532950022,0.008403361344537815,0.013710747456877488,0.41972578505086244,0.02565236620964175,0.009730207872622734,0.030959752321981424
0.14749000444247,0.015548645046645935,0.009329187027987561,0.20213238560639715,0.011994669035984007,0.025322079075966238,0.008440693025322079,0.03553976010661928,0.013771657041314972,0.025322079075966238,0.010217681030653044,0.011550422034651266,0.41981341625944024,0.023545091070635273,0.00888494002665482,0.03109729009329187
0.14607237422771405,0.0176522506619594,0.012797881729920565,0.1977052074139453,0.01500441306266549,0.02206531332744925,0.009267431597528684,0.03618711385701677,0.012797881729920565,0.026037069726390114,0.01147396293027361,0.01235657546337158,0.41438658428949693,0.02471315092674316,0.008384819064430714,0.03309796999117388
0.14690265486725665,0.016814159292035398,0.012831858407079646,0.19690265486725664,0.016371681415929203,0.01991150442477876,0.010619469026548672,0.03761061946902655,0.01327433628318584,0.025221238938053097,0.011061946902654867,0.015486725663716814,0.4119469026548673,0.023893805309734513,0.008849557522123894,0.032300884955752215
0.14839277851166888,0.01673271686481726,0.013210039630118891,0.19418758256274768,0.016292382210479964,0.021136063408190225,0.009247027741083224,0.0361074416556583,0.012329370321444297,0.026420079260237782,0.010568031704095112,0.01673271686481726,0.41259357111404665,0.02289740202553941,0.009247027741083224,0.033905768383971815
0.14323490524460114,0.01498457470251212,0.014103129131776113,0.19039224327897752,0.016747465843984136,0.01895107977082415,0.00749228735125606,0.04010577346848832,0.011018069634200088,0.026443367122080213,0.011018069634200088,0.01762891141472014,0.4239753195240194,0.022917584839136182,0.009255178492728075,0.031732040546496254
0.14885159010600707,0.016342756183745585,0.013692579505300354,0.1894876325088339,0.014575971731448763,0.018109540636042403,0.007508833922261484,0.03666077738515901,0.011484098939929329,0.026943462897526502,0.011042402826855124,0.018551236749116608,0.41828621908127206,0.02517667844522968,0.010159010600706713,0.03312720848056537
0.15077605321507762,0.01507760532150776,0.014190687361419069,0.18713968957871396,0.013747228381374724,0.01818181818181818,0.008869179600886918,0.03458980044345898,0.011086474501108648,0.027494456762749447,0.011086474501108648,0.01729490022172949,0.42572062084257206,0.02350332594235033,0.010643015521064302,0.030598669623059866
0.14886164623467601,0.014010507880910683,0.01532399299474606,0.18870402802101577,0.013134851138353765,0.017075306479859893,0.009632224168126095,0.03590192644483362,0.012259194395796848,0.03064798598949212,0.010507880910683012,0.017513134851138354,0.4203152364273205,0.024956217162872153,0.010507880910683012,0.03064798598949212
0.15198237885462554,0.013215859030837005,0.015418502202643172,0.19162995594713655,0.014537444933920705,0.01894273127753304,0.01013215859030837,0.03480176211453744,0.01145374449339207,0.02907488986784141,0.009691629955947136,0.018502202643171806,0.41541850220264315,0.02378854625550661,0.01145374449339207,0.029955947136563875
0.15093499554764025,0.014247551202137132,0.014247551202137132,0.19011576135351738,0.015138023152270703,0.019590382902938557,0.010240427426536063,0.037399821905609976,0.012021371326803205,0.027604630454140695,0.010240427426536063,0.017809439002671415,0.41985752448797864,0.022707034728406055,0.01068566340160285,0.02715939447907391
0.1488701816570669,0.01284891448825875,0.014621178555604785,0.19229065130704476,0.01329198050509526,0.01993797075764289,0.00974745237040319,0.03810367744793974,0.011519716437749225,0.027470093043863535,0.00930438635356668,0.01949490474080638,0.4191404519273372,0.024368630926007974,0.00974745237040319,0.02924235711120957
0.15121951219512195,0.013303769401330377,0.01507760532150776,0.19246119733924613,0.012860310421286032,0.020842572062084258,0.008869179600886918,0.03725055432372506,0.013303769401330377,0.029711751662971176,0.00753880266075388,0.019068736141906874,0.4146341463414634,0.02483370288248337,0.008425720620842573,0.030598669623059866
0.15198237885462554,0.013215859030837005,0.015418502202643172,0.18854625550660792,0.014096916299559472,0.018502202643171806,0.007929515418502203,0.03612334801762115,0.013215859030837005,0.032158590308370046,0.006607929515418502,0.020704845814977973,0.41894273127753306,0.025991189427312777,0.007048458149779736,0.029515418502202642
0.15093499554764025,0.013357079252003561,0.016918967052537846,0.1834372217275156,0.014692787177203919,0.01914514692787177,0.007569011576135352,0.036064113980409616,0.01157613535173642,0.030721282279608193,0.007569011576135352,0.020035618878005344,0.42653606411398043,0.024487978628673197,0.006678539626001781,0.030276046304541407
0.15081822202565237,0.013268465280849183,0.018575851393188854,0.183547103051747,0.015037593984962405,0.020787262273330383,0.009287925696594427,0.03538257408226449,0.011057054400707651,0.027421494913754976,0.006634232640424591,0.021229544449358692,0.4281291463954003,0.023883237505528527,0.007518796992481203,0.027421494913754976
0.14918105356352368,0.013722886232846392,0.019034971226206288,0.18548030101814963,0.014608233731739707,0.01859229747675963,0.008853474988933156,0.03762726870296591,0.010624169986719787,0.027003098716246128,0.00796812749003984,0.021248339973439574,0.42762284196547146,0.021691013722886232,0.008410801239486499,0.0283311199645861
0.16028181417877588,0.011889035667107,0.018494055482166448,0.18405988551298988,0.01453104359313078,0.01805372082782915,0.009247027741083224,0.038749449581682076,0.011448701012769706,0.02774108322324967,0.008806693086745927,0.02157639806252752,0.41611624834874505,0.02157639806252752,0.007926023778071334,0.029502421840598855
0.15644171779141106,0.011831726555652936,0.01796669588080631,0.18141980718667836,0.013146362839614373,0.017528483786152498,0.008326029798422436,0.03724802804557406,0.011831726555652936,0.029798422436459245,0.008326029798422436,0.01971954425942156,0.42857142857142855,0.022787028921998246,0.007011393514460999,0.028045574057843997
0.15637494446912484,0.012438916037316748,0.019102621057307864,0.18391825855175478,0.013771657041314972,0.01821412705464238,0.00888494002665482,0.03642825410928476,0.012438916037316748,0.03154153709462461,0.007107952021323856,0.019546868058640605,0.4238116392714349,0.019991115059973346,0.009329187027987561,0.027099067081297203
0.15233522479266695,0.012221737232649499,0.018769096464426014,0.1828895678742907,0.013967699694456569,0.01964207769532955,0.007420340462680052,0.037101702313400264,0.012658227848101266,0.029244871235268442,0.006110868616324749,0.020951549541684853,0.42994325621999124,0.01964207769532955,0.009166302924487123,0.027935399388913137
0.14949137549756744,0.01238390092879257,0.01680672268907563,0.18222025652366208,0.015037593984962405,0.01901813356921716,0.008845643520566122,0.03715170278637771,0.0145953118089341,0.03007518796992481,0.007076514816452897,0.021671826625386997,0.42768686421937196,0.020787262273330383,0.010172490048651039,0.02697921273772667
0.14840989399293286,0.012809187279151944,0.017226148409893994,0.18242049469964663,0.013250883392226149,0.017226148409893994,0.009717314487632508,0.037102473498233215,0.013250883392226149,0.029151943462897525,0.0066254416961130744,0.022526501766784453,0.43242049469964666,0.021643109540636044,0.009717314487632508,0.026501766784452298
0.1477124183006536,0.013507625272331155,0.017429193899782137,0.1843137254901961,0.015250544662309368,0.018736383442265796,0.009150326797385621,0.03616557734204793,0.01437908496732026,0.02962962962962963,0.006971677559912854,0.021350762527233117,0.42657952069716776,0.020479302832244008,0.010021786492374727,0.02832244008714597
0.14922737306843267,0.011920529801324504,0.017218543046357615,0.1858719646799117,0.01545253863134658,0.018543046357615896,0.009713024282560706,0.03532008830022075,0.012803532008830023,0.029580573951434878,0.0075055187637969095,0.022516556291390728,0.42560706401766,0.020309050772626933,0.011037527593818985,0.027373068432671083
0.15323294951284322,0.011071744906997343,0.017271922054915855,0.18777679362267494,0.01815766164747564,0.017271922054915855,0.009300265721877768,0.03631532329495128,0.010628875110717449,0.027900797165633304,0.007971656333038087,0.023029229406554472,0.4242692648361382,0.021257750221434897,0.00974313551815766,0.024800708591674048
0.15169039145907473,0.008896797153024912,0.018238434163701068,0.19617437722419928,0.017793594306049824,0.018238434163701068,0.006227758007117438,0.033807829181494664,0.010676156583629894,0.02891459074733096,0.007562277580071174,0.023131672597864767,0.42526690391459077,0.018683274021352312,0.010676156583629894,0.02402135231316726
0.1481156879929886,0.007887817703768623,0.01971954425942156,0.19763365468886943,0.01796669588080631,0.018404907975460124,0.007011393514460999,0.030236634531113058,0.012708150744960562,0.029798422436459245,0.007449605609114811,0.022348816827344433,0.42418930762489043,0.021034180543382998,0.012269938650306749,0.02322524101665206
0.1472902097902098,0.00743006993006993,0.019667832167832168,0.19667832167832167,0.017045454545454544,0.018793706293706292,0.008304195804195804,0.030594405594405596,0.0118006993006993,0.031031468531468532,0.006555944055944056,0.023164335664335664,0.42395104895104896,0.021416083916083916,0.012237762237762238,0.02403846153846154
0.14692982456140352,0.009210526315789473,0.0206140350877193,0.2,0.017105263157894738,0.017543859649122806,0.008333333333333333,0.03333333333333333,0.012280701754385965,0.032017543859649125,0.007456140350877193,0.021052631578947368,0.41885964912280704,0.019736842105263157,0.011403508771929825,0.02412280701754386
0.14762741652021089,0.010984182776801407,0.0210896309314587,0.19244288224956063,0.01845342706502636,0.01977152899824253,0.008347978910369069,0.03427065026362039,0.011862917398945518,0.031195079086115993,0.008347978910369069,0.021968365553602813,0.413884007029877,0.020210896309314587,0.012302284710017574,0.027240773286467488
