C_R,C_A,C_S,C_N,D_R,D_A,D_S,D_N,Oc_R,Oc_A,Oc_S,Oc_N,Od_R,Od_A,Od_S,Od_N
0.0,0.0,0.0,0.0,0.0,1.0,0.0,0.0,0.0,0.0,0.0,0.0,0.0,0.0,0.0,0.0
0.0,0.0,0.6666666666666666,0.0,0.0,0.3333333333333333,0.0,0.0,0.0,0.0,0.0,0.0,0.0,0.0,0.0,0.0
0.0,0.0,0.3333333333333333,0.0,0.0,0.3333333333333333,0.0,0.0,0.0,0.0,0.3333333333333333,0.0,0.0,0.0,0.0,0.0
0.0,0.0,0.2,0.0,0.0,0.4,0.0,0.0,0.0,0.0,0.2,0.0,0.2,0.0,0.0,0.0
0.0,0.0,0.0,0.0,0.0,0.3333333333333333,0.0,0.0,0.16666666666666666,0.0,0.16666666666666666,0.0,0.3333333333333333,0.0,0.0,0.0
0.0,0.0,0.0,0.0,0.0,0.36363636363636365,0.0,0.18181818181818182,0.09090909090909091,0.0,0.09090909090909091,0.0,0.2727272727272727,0.0,0.0,0.0
0.15384615384615385,0.0,0.0,0.0,0.0,0.23076923076923078,0.0,0.15384615384615385,0.07692307692307693,0.0,0.07692307692307693,0.0,0.3076923076923077,0.0,0.0,0.0
0.17647058823529413,0.0,0.0,0.058823529411764705,0.0,0.29411764705882354,0.0,0.17647058823529413,0.058823529411764705,0.0,0.058823529411764705,0.0,0.17647058823529413,0.0,0.0,0.0
0.2631578947368421,0.0,0.0,0.05263157894736842,0.0,0.21052631578947367,0.0,0.15789473684210525,0.05263157894736842,0.0,0.05263157894736842,0.0,0.21052631578947367,0.0,0.0,0.0
0.3333333333333333,0.0,0.0,0.1111111111111111,0.0,0.14814814814814814,0.0,0.1111111111111111,0.037037037037037035,0.0,0.037037037037037035,0.0,0.2222222222222222,0.0,0.0,0.0
0.35294117647058826,0.0,0.0,0.11764705882352941,0.0,0.11764705882352941,0.029411764705882353,0.029411764705882353,0.029411764705882353,0.0,0.029411764705882353,0.0,0.29411764705882354,0.0,0.0,0.0
0.37777777777777777,0.022222222222222223,0.0,0.1111111111111111,0.0,0.08888888888888889,0.022222222222222223,0.022222222222222223,0.022222222222222223,0.0,0.022222222222222223,0.0,0.3111111111111111,0.0,0.0,0.0
0.42592592592592593,0.018518518518518517,0.0,0.12962962962962962,0.0,0.05555555555555555,0.037037037037037035,0.018518518518518517,0.0,0.0,0.018518518518518517,0.0,0.2777777777777778,0.0,0.0,0.018518518518518517
0.36231884057971014,0.014492753623188406,0.0,0.15942028985507245,0.014492753623188406,0.043478260869565216,0.028985507246376812,0.014492753623188406,0.0,0.0,0.014492753623188406,0.0,0.3188405797101449,0.0,0.014492753623188406,0.014492753623188406
0.39080459770114945,0.011494252873563218,0.0,0.1839080459770115,0.011494252873563218,0.034482758620689655,0.022988505747126436,0.011494252873563218,0.011494252873563218,0.0,0.011494252873563218,0.0,0.28735632183908044,0.0,0.011494252873563218,0.011494252873563218
0.39285714285714285,0.008928571428571428,0.0,0.17857142857142858,0.008928571428571428,0.03571428571428571,0.017857142857142856,0.017857142857142856,0.008928571428571428,0.0,0.008928571428571428,0.0,0.30357142857142855,0.0,0.008928571428571428,0.008928571428571428
0.375,0.007352941176470588,0.0,0.18382352941176472,0.007352941176470588,0.029411764705882353,0.014705882352941176,0.014705882352941176,0.007352941176470588,0.0,0.007352941176470588,0.0,0.3382352941176471,0.0,0.007352941176470588,0.007352941176470588
0.3619631901840491,0.006134969325153374,0.0,0.19631901840490798,0.006134969325153374,0.03680981595092025,0.012269938650306749,0.012269938650306749,0.012269938650306749,0.0,0.006134969325153374,0.0,0.34355828220858897,0.0,0.0,0.006134969325153374
0.3686868686868687,0.005050505050505051,0.0,0.21717171717171718,0.010101010101010102,0.03535353535353535,0.005050505050505051,0.010101010101010102,0.015151515151515152,0.005050505050505051,0.005050505050505051,0.0,0.3181818181818182,0.0,0.0,0.005050505050505051
0.3333333333333333,0.004219409282700422,0.004219409282700422,0.25316455696202533,0.008438818565400843,0.03375527426160337,0.004219409282700422,0.008438818565400843,0.012658227848101266,0.004219409282700422,0.004219409282700422,0.0,0.32489451476793246,0.0,0.0,0.004219409282700422
0.3357142857142857,0.0035714285714285713,0.0,0.275,0.007142857142857143,0.017857142857142856,0.0035714285714285713,0.010714285714285714,0.010714285714285714,0.010714285714285714,0.0035714285714285713,0.0,0.31785714285714284,0.0,0.0,0.0035714285714285713
0.321875,0.003125,0.003125,0.296875,0.00625,0.015625,0.00625,0.0125,0.009375,0.0125,0.0,0.0,0.30625,0.003125,0.0,0.003125
0.31016042780748665,0.00267379679144385,0.00267379679144385,0.3048128342245989,0.0053475935828877,0.01871657754010695,0.0053475935828877,0.0106951871657754,0.008021390374331552,0.0106951871657754,0.00267379679144385,0.0,0.3074866310160428,0.00267379679144385,0.00267379679144385,0.0053475935828877
0.3088888888888889,0.0022222222222222222,0.0022222222222222222,0.3111111111111111,0.006666666666666667,0.024444444444444446,0.0044444444444444444,0.013333333333333334,0.006666666666666667,0.008888888888888889,0.0022222222222222222,0.0,0.29777777777777775,0.0022222222222222222,0.0044444444444444444,0.0044444444444444444
0.2901960784313726,0.00196078431372549,0.00196078431372549,0.3254901960784314,0.0058823529411764705,0.021568627450980392,0.0058823529411764705,0.013725490196078431,0.00784313725490196,0.00980392156862745,0.00196078431372549,0.0,0.30392156862745096,0.00196078431372549,0.00392156862745098,0.00392156862745098
0.30017452006980805,0.0034904013961605585,0.0017452006980802793,0.3333333333333333,0.005235602094240838,0.020942408376963352,0.006980802792321117,0.013961605584642234,0.006980802792321117,0.006980802792321117,0.0017452006980802793,0.0,0.28970331588132636,0.0,0.0017452006980802793,0.006980802792321117
0.2981366459627329,0.004658385093167702,0.0015527950310559005,0.3245341614906832,0.003105590062111801,0.021739130434782608,0.006211180124223602,0.012422360248447204,0.006211180124223602,0.009316770186335404,0.0015527950310559005,0.0,0.3027950310559006,0.0,0.0015527950310559005,0.006211180124223602
0.2863070539419087,0.004149377593360996,0.0027662517289073307,0.31950207468879666,0.0027662517289073307,0.022130013831258646,0.006915629322268326,0.011065006915629323,0.006915629322268326,0.006915629322268326,0.0013831258644536654,0.0013831258644536654,0.31673582295988933,0.0013831258644536654,0.0027662517289073307,0.006915629322268326
0.2793017456359102,0.007481296758104738,0.0024937655860349127,0.33665835411471323,0.0012468827930174563,0.02119700748129676,0.004987531172069825,0.00997506234413965,0.006234413965087282,0.007481296758104738,0.0012468827930174563,0.0024937655860349127,0.30423940149625933,0.0012468827930174563,0.0024937655860349127,0.011221945137157107
0.2710495963091119,0.0057670126874279125,0.0034602076124567475,0.328719723183391,0.0034602076124567475,0.02306805074971165,0.00461361014994233,0.008073817762399077,0.006920415224913495,0.0057670126874279125,0.0011534025374855825,0.002306805074971165,0.31718569780853517,0.0034602076124567475,0.00461361014994233,0.010380622837370242
0.2699896157840083,0.007268951194184839,0.004153686396677051,0.34475597092419524,0.004153686396677051,0.021806853582554516,0.004153686396677051,0.008307372793354102,0.006230529595015576,0.005192107995846314,0.0,0.0020768431983385254,0.30218068535825543,0.005192107995846314,0.004153686396677051,0.010384215991692628
0.2768791627021884,0.005708848715509039,0.003805899143672693,0.35394862036156044,0.003805899143672693,0.022835394862036156,0.0028544243577545195,0.008563273073263558,0.006660323501427212,0.003805899143672693,0.0,0.0028544243577545195,0.28924833491912466,0.005708848715509039,0.0028544243577545195,0.010466222645099905
0.2612137203166227,0.006156552330694811,0.002638522427440633,0.3641160949868074,0.003518029903254178,0.021108179419525065,0.002638522427440633,0.0079155672823219,0.007036059806508356,0.003518029903254178,0.001759014951627089,0.0043975373790677225,0.29815303430079154,0.005277044854881266,0.001759014951627089,0.008795074758135445
0.2549833887043189,0.005813953488372093,0.004152823920265781,0.36627906976744184,0.0033222591362126247,0.020764119601328904,0.0024916943521594683,0.007475083056478406,0.006644518272425249,0.004152823920265781,0.0016611295681063123,0.0049833887043189366,0.3014950166112957,0.005813953488372093,0.0016611295681063123,0.008305647840531562
0.25540123456790126,0.004629629629629629,0.0023148148148148147,0.36728395061728397,0.0030864197530864196,0.017746913580246913,0.0023148148148148147,0.008487654320987654,0.006172839506172839,0.0030864197530864196,0.0023148148148148147,0.0038580246913580245,0.3055555555555556,0.008487654320987654,0.0015432098765432098,0.007716049382716049
0.25888324873096447,0.00435097897026831,0.0036258158085569255,0.3633067440174039,0.00435097897026831,0.018129079042784626,0.002175489485134155,0.006526468455402465,0.00435097897026831,0.0029006526468455403,0.002175489485134155,0.0036258158085569255,0.3096446700507614,0.006526468455402465,0.002175489485134155,0.007251631617113851
0.26383265856950067,0.0033738191632928477,0.0033738191632928477,0.3616734143049933,0.005398110661268556,0.016869095816464237,0.001349527665317139,0.008097165991902834,0.0033738191632928477,0.004048582995951417,0.002699055330634278,0.004723346828609987,0.3076923076923077,0.006747638326585695,0.0020242914979757085,0.004723346828609987
0.25839793281653745,0.003229974160206718,0.003229974160206718,0.3624031007751938,0.006459948320413436,0.01744186046511628,0.001937984496124031,0.009689922480620155,0.001937984496124031,0.004521963824289405,0.003229974160206718,0.005813953488372093,0.3087855297157623,0.006459948320413436,0.001937984496124031,0.004521963824289405
0.27082048118445406,0.0024676125848241827,0.003701418877236274,0.3571869216533004,0.005552128315854411,0.015422578655151141,0.001850709438618137,0.00987045033929673,0.0030845157310302285,0.00431832202344232,0.00431832202344232,0.004935225169648365,0.3041332510795805,0.006169031462060457,0.001850709438618137,0.00431832202344232
0.2620569436374201,0.003486345148169669,0.003486345148169669,0.3637420104590354,0.006391632771644393,0.01568855316676351,0.0005810575246949448,0.009296920395119116,0.002905287623474724,0.005229517722254503,0.004648460197559558,0.004648460197559558,0.3038930854154561,0.006391632771644393,0.002324230098779779,0.005229517722254503
0.25381571509327305,0.00395703787450537,0.00395703787450537,0.3634821933295647,0.005087620124364048,0.01582815149802148,0.0005652911249293386,0.010175240248728096,0.0033917467495760316,0.005087620124364048,0.00395703787450537,0.007348784624081402,0.30864895421141886,0.006218202374222725,0.0033917467495760316,0.005087620124364048
0.25189599133261104,0.004875406283856988,0.004333694474539545,0.34994582881906827,0.005417118093174431,0.016793066088840736,0.0005417118093174431,0.010834236186348862,0.003791982665222102,0.004333694474539545,0.004875406283856988,0.007583965330444204,0.3206933911159263,0.004875406283856988,0.003791982665222102,0.005417118093174431
0.25694808599895125,0.0036706869428421605,0.006292606187729418,0.3413738856843209,0.0057682223387519665,0.016255899318300997,0.002097535395909806,0.012060828526481384,0.0047194546407970635,0.005243838489774515,0.0068169900367068695,0.006292606187729418,0.31620346093340324,0.0057682223387519665,0.0036706869428421605,0.0068169900367068695
0.251672671127123,0.003602676273803397,0.0066906845084920225,0.34276891405043747,0.006176016469377252,0.018013381369016986,0.002058672156459084,0.013381369016984045,0.004632012352032939,0.005661348430262481,0.006176016469377252,0.0066906845084920225,0.3175501801338137,0.0051466803911477095,0.0025733401955738548,0.007205352547606794
0.2512588116817724,0.003524672708962739,0.006545820745216516,0.3429003021148036,0.006042296072507553,0.017623363544813697,0.002014098690835851,0.012588116817724069,0.005035246727089627,0.007049345417925478,0.006042296072507553,0.006545820745216516,0.31772406847935547,0.005035246727089627,0.0030211480362537764,0.007049345417925478
0.2502458210422812,0.00344149459193707,0.005408062930186824,0.32989183874139627,0.005408062930186824,0.01720747295968535,0.0029498525073746312,0.011799410029498525,0.006391347099311701,0.00688298918387414,0.007374631268436578,0.007374631268436578,0.33185840707964603,0.004424778761061947,0.0029498525073746312,0.006391347099311701
0.25253500724287786,0.0043457267020762915,0.004828585224529213,0.3264123611781748,0.005794302269435055,0.0159343312409464,0.0028971511347175277,0.013037180106228875,0.006277160791887977,0.006760019314340898,0.007242877836793819,0.00772573635924674,0.3302752293577982,0.004828585224529213,0.0043457267020762915,0.006760019314340898
0.25059552167698906,0.004287756074321105,0.004764173415912339,0.32539304430681276,0.005717008099094807,0.017627441638875654,0.0019056693663649356,0.014292520247737018,0.006193425440686041,0.006669842782277275,0.007622677465459742,0.008099094807050978,0.3301572177227251,0.004764173415912339,0.004764173415912339,0.007146260123868509
0.25719679093912223,0.004719207173194903,0.004247286455875413,0.32468145351580935,0.004247286455875413,0.01557338367154318,0.0033034450212364322,0.0146295422369042,0.0066068900424728644,0.0075507314771118455,0.0066068900424728644,0.008494572911750826,0.32515337423312884,0.004247286455875413,0.005191127890514393,0.0075507314771118455
0.2677746999076639,0.003693444136657433,0.0050784856879039705,0.3190212373037858,0.004155124653739612,0.014312096029547553,0.0023084025854108957,0.014312096029547553,0.006001846722068329,0.009233610341643583,0.007386888273314866,0.007386888273314866,0.32271468144044324,0.003693444136657433,0.004155124653739612,0.008771929824561403
0.2671896631287494,0.005076142131979695,0.006460544531610522,0.3133364097831103,0.0036917397323488694,0.011998154130133826,0.003230272265805261,0.01338255652976465,0.00692201199815413,0.01015228426395939,0.007844946931241348,0.007383479464697739,0.32579603137978774,0.0036917397323488694,0.005076142131979695,0.008767881864328565
0.2580348943985308,0.005968778696051423,0.006887052341597796,0.3140495867768595,0.004591368227731864,0.012396694214876033,0.004132231404958678,0.013774104683195593,0.006887052341597796,0.010560146923783287,0.006887052341597796,0.008264462809917356,0.32644628099173556,0.005509641873278237,0.005968778696051423,0.009641873278236915
0.25917636526410026,0.005371530886302597,0.007162041181736795,0.3097582811101164,0.004923903312444047,0.01342882721575649,0.0040286481647269475,0.012533572068039392,0.007162041181736795,0.009847806624888093,0.006714413607878245,0.008057296329453895,0.3272157564905998,0.006714413607878245,0.006714413607878245,0.011190689346463742
0.26141450313339304,0.005819158460161146,0.007162041181736795,0.3124440465532677,0.004476275738585497,0.012533572068039392,0.0035810205908683975,0.011638316920322292,0.006714413607878245,0.010743061772605193,0.006714413607878245,0.008504923903312443,0.3245299910474485,0.007609668755595345,0.007162041181736795,0.008952551477170993
0.2605570530098832,0.005390835579514825,0.006289308176100629,0.31536388140161725,0.004043126684636119,0.012578616352201259,0.0035938903863432167,0.01078167115902965,0.006738544474393531,0.011680143755615454,0.004941599281221923,0.010332434860736747,0.3247978436657682,0.0071877807726864335,0.0071877807726864335,0.008535489667565139
0.25476295968099244,0.006202924235711121,0.0057598582188746125,0.30837394771821003,0.004430660168365086,0.011076650420912717,0.003987594151528578,0.00974745237040319,0.00664599025254763,0.010633584404076208,0.0057598582188746125,0.01329198050509526,0.33407177669472754,0.007089056269384138,0.008418254319893664,0.00974745237040319
0.2532613585245164,0.006297795771479982,0.006747638326585695,0.30589293747188484,0.005847953216374269,0.010796221322537112,0.004048582995951417,0.0103463787674314,0.006297795771479982,0.011246063877642825,0.006297795771479982,0.014844804318488529,0.33648223121907334,0.006747638326585695,0.006297795771479982,0.008547008547008548
0.25353356890459366,0.0066254416961130744,0.008392226148409895,0.303886925795053,0.0066254416961130744,0.01060070671378092,0.0035335689045936395,0.011042402826855124,0.005742049469964664,0.008392226148409895,0.006183745583038869,0.015017667844522967,0.3374558303886926,0.006183745583038869,0.007067137809187279,0.009717314487632508
0.2545374059318282,0.005312084993359893,0.008853474988933156,0.29836210712704736,0.008410801239486499,0.010624169986719787,0.00398406374501992,0.011509517485613104,0.00619743249225321,0.009296148738379814,0.00619743249225321,0.01416555998229305,0.3377600708277999,0.00619743249225321,0.007525453740593183,0.011066843736166445
0.25963668586619404,0.0057598582188746125,0.007089056269384138,0.2995126273814798,0.00930438635356668,0.010633584404076208,0.0031014621178555605,0.012405848471422242,0.00664599025254763,0.008861320336730172,0.00664599025254763,0.01329198050509526,0.33407177669472754,0.007089056269384138,0.007532122286220647,0.008418254319893664
0.2532850022655188,0.006343452650657001,0.0058903488898957865,0.30222020842772995,0.009062075215224286,0.01042138649750793,0.0040779338468509285,0.011780697779791573,0.0058903488898957865,0.010874490258269144,0.007249660172179429,0.014499320344358859,0.3321250566379701,0.008155867693701857,0.008155867693701857,0.009968282736746714
0.25419240953221534,0.00617828773168579,0.00617828773168579,0.2969991173874669,0.009708737864077669,0.011032656663724626,0.003971756398940865,0.011032656663724626,0.006619593998234775,0.01059135039717564,0.007502206531332745,0.014563106796116505,0.3353927625772286,0.008384819064430714,0.00706090026478376,0.01059135039717564
0.25518763796909494,0.005739514348785872,0.00706401766004415,0.2988962472406181,0.008830022075055188,0.011037527593818985,0.005298013245033113,0.011920529801324504,0.006181015452538631,0.013245033112582781,0.00706401766004415,0.015011037527593819,0.33112582781456956,0.008830022075055188,0.006622516556291391,0.007947019867549669
0.25542275343072157,0.005754758742806552,0.00619743249225321,0.29393536963258077,0.008853474988933156,0.01018149623727313,0.005754758742806552,0.01195219123505976,0.005754758742806552,0.013722886232846392,0.00796812749003984,0.01637892872952634,0.3333333333333333,0.009296148738379814,0.005754758742806552,0.009738822487826471
0.25154457193292146,0.00617828773168579,0.00529567519858782,0.2969991173874669,0.0088261253309797,0.010150044130626656,0.00617828773168579,0.011032656663724626,0.005736981465136805,0.01412180052956752,0.0088261253309797,0.016328331862312445,0.33318623124448365,0.010150044130626656,0.00441306266548985,0.011032656663724626
0.25408028231142477,0.00529333921482135,0.00529333921482135,0.2968681076312307,0.009263343625937363,0.009704455227172474,0.0066166740185266875,0.011910013233348038,0.005734450816056462,0.013233348037053375,0.00882223202470225,0.016321129245699163,0.333480370533745,0.009704455227172474,0.004411116012351125,0.009263343625937363
0.2560813799203892,0.005749668288367979,0.004422821760283061,0.2950022114108801,0.008845643520566122,0.009730207872622734,0.006634232640424591,0.01238390092879257,0.005307386112339673,0.0145953118089341,0.008403361344537815,0.0145953118089341,0.33790358248562585,0.00796107916850951,0.003980539584254755,0.008403361344537815
0.25945705384957723,0.005785491766800178,0.0053404539385847796,0.29506008010680906,0.008455718736092568,0.009345794392523364,0.0075656430796617715,0.01335113484646195,0.0053404539385847796,0.013796172674677348,0.009345794392523364,0.015131286159323543,0.3311081441922563,0.008900756564307966,0.004450378282153983,0.0075656430796617715
0.25760286225402507,0.005366726296958855,0.005366726296958855,0.29651162790697677,0.008050089445438283,0.008050089445438283,0.006261180679785331,0.014758497316636851,0.005366726296958855,0.011180679785330949,0.008944543828264758,0.013416815742397137,0.3349731663685152,0.009391771019677997,0.005813953488372093,0.008944543828264758
0.25764966740576495,0.005321507760532151,0.006208425720620843,0.2953436807095344,0.009312638580931265,0.008425720620842573,0.006208425720620843,0.014190687361419069,0.005321507760532151,0.010199556541019957,0.008425720620842573,0.013303769401330377,0.33392461197339246,0.00975609756097561,0.006208425720620843,0.010199556541019957
0.2596830985915493,0.0048415492957746475,0.007042253521126761,0.30061619718309857,0.009242957746478873,0.009242957746478873,0.007482394366197183,0.013644366197183098,0.0048415492957746475,0.01056338028169014,0.007482394366197183,0.012764084507042254,0.3279049295774648,0.011003521126760563,0.00528169014084507,0.008362676056338027
0.25445632798573975,0.004901960784313725,0.007575757575757576,0.3016934046345811,0.009358288770053475,0.00980392156862745,0.008021390374331552,0.012923351158645277,0.0053475935828877,0.012032085561497326,0.0071301247771836,0.013814616755793227,0.32798573975044565,0.011586452762923352,0.006238859180035651,0.0071301247771836
0.2529854046881911,0.004865103936311367,0.007518796992481203,0.3051747014595312,0.009287925696594427,0.009287925696594427,0.007076514816452897,0.011941618752764263,0.004865103936311367,0.013268465280849183,0.006191950464396285,0.013710747456877488,0.32994250331711633,0.012826183104820876,0.004422821760283061,0.006634232640424591
0.2544642857142857,0.004464285714285714,0.008035714285714285,0.2955357142857143,0.008035714285714285,0.008928571428571428,0.008035714285714285,0.011607142857142858,0.005357142857142857,0.012946428571428572,0.006696428571428571,0.012946428571428572,0.33839285714285716,0.0125,0.004464285714285714,0.007589285714285714
0.25436632333184056,0.0049261083743842365,0.00850873264666368,0.29780564263322884,0.00806090461262875,0.00761307657859382,0.00850873264666368,0.011195700850873265,0.006269592476489028,0.013434841021047918,0.005821764442454098,0.012539184952978056,0.33721450962830274,0.011643528884908196,0.0044782803403493054,0.00761307657859382
0.25527142216240467,0.005832211754149843,0.00762673844773441,0.29564827276805744,0.007178106774338268,0.008972633467922835,0.008972633467922835,0.011215791834903545,0.006280843427545985,0.013458950201884253,0.005832211754149843,0.014356213548676536,0.33692238672050245,0.01031852848811126,0.00493494840735756,0.007178106774338268
0.256021409455843,0.006690454950936664,0.007582515611061552,0.28501338090990186,0.007582515611061552,0.010704727921498661,0.00936663693131133,0.01159678858162355,0.005798394290811775,0.014719000892060661,0.005798394290811775,0.012934879571810883,0.34255129348795715,0.010258697591436218,0.006244424620874219,0.007136485280999108
0.2637411347517731,0.006648936170212766,0.006648936170212766,0.28324468085106386,0.008421985815602837,0.007535460992907801,0.008865248226950355,0.011968085106382979,0.00576241134751773,0.015957446808510637,0.0062056737588652485,0.012854609929078014,0.3377659574468085,0.010638297872340425,0.0062056737588652485,0.007535460992907801
0.25859030837004404,0.0052863436123348016,0.007048458149779736,0.28370044052863436,0.007929515418502203,0.009691629955947136,0.006607929515418502,0.012334801762114538,0.006607929515418502,0.017180616740088105,0.006607929515418502,0.013215859030837005,0.3378854625550661,0.01145374449339207,0.006607929515418502,0.009251101321585903
0.2636727434415296,0.004891062694530902,0.008003557136505114,0.27523343708314807,0.00755891507336594,0.01067140951534015,0.007114273010226767,0.012894619831036016,0.005780346820809248,0.016896398399288574,0.006669630947087594,0.01511783014673188,0.3383726100489106,0.011116051578479324,0.007114273010226767,0.008892841262783458
0.2571807335395493,0.004418912947414936,0.007070260715863898,0.273972602739726,0.008395934600088379,0.010163499779054353,0.007512152010605391,0.015024304021210782,0.005302695536897923,0.01723376049491825,0.006628369421122404,0.0136986301369863,0.345558992487848,0.011931064958020326,0.0057445868316394165,0.010163499779054353
0.25955555555555554,0.004888888888888889,0.0071111111111111115,0.2768888888888889,0.0071111111111111115,0.008888888888888889,0.008,0.014666666666666666,0.006222222222222222,0.017333333333333333,0.007555555555555556,0.012,0.3417777777777778,0.012,0.005333333333333333,0.010666666666666666
0.2682060390763766,0.0053285968028419185,0.0066607460035523975,0.2775310834813499,0.006216696269982238,0.008880994671403197,0.007548845470692718,0.016873889875666074,0.005772646536412078,0.016429840142095916,0.006216696269982238,0.011545293072824156,0.33481349911190056,0.012433392539964476,0.0053285968028419185,0.010213143872113677
0.2616946160635481,0.0048543689320388345,0.00706090026478376,0.28067078552515445,0.00529567519858782,0.01059135039717564,0.00794351279788173,0.016328331862312445,0.00529567519858782,0.01676963812886143,0.007502206531332745,0.010150044130626656,0.33715798764342453,0.01147396293027361,0.006619593998234775,0.01059135039717564
0.26416778224007137,0.00535475234270415,0.005800981704596163,0.2797858099062918,0.004016064257028112,0.009817045961624275,0.007585899152164213,0.015171798304328426,0.005800981704596163,0.0178491744756805,0.0071396697902722,0.009370816599732263,0.34002677376171353,0.011601963409192326,0.0071396697902722,0.009370816599732263
0.2664604507291206,0.0057445868316394165,0.004860804242156429,0.2752982766239505,0.003977021652673442,0.009721608484312859,0.007954043305346884,0.015908086610693768,0.007070260715863898,0.018117543084401236,0.007070260715863898,0.008395934600088379,0.34114007954043307,0.011489173663278833,0.0057445868316394165,0.01104728236853734
0.2667836770513383,0.005265467310223783,0.005265467310223783,0.27424308907415534,0.0035103115401491883,0.010092145677928916,0.008775778850372971,0.017551557700745943,0.008336989907854322,0.019306713470820535,0.007459412022817025,0.009214567792891619,0.3369899078543221,0.01184730144800351,0.004387889425186486,0.010969723562966213
0.2647702407002188,0.00437636761487965,0.00525164113785558,0.2673960612691466,0.00437636761487965,0.010065645514223195,0.00962800875273523,0.01663019693654267,0.007439824945295405,0.018380743982494528,0.00787746170678337,0.010065645514223195,0.34310722100656454,0.011816192560175055,0.0056892778993435445,0.01312910284463895
0.26007975188303056,0.004430660168365086,0.004873726185201595,0.2711564023039433,0.004873726185201595,0.00974745237040319,0.00930438635356668,0.01639344262295082,0.007532122286220647,0.017279574656623838,0.008861320336730172,0.010633584404076208,0.3442622950819672,0.013735046521931768,0.004873726185201595,0.011962782454585734
0.2554711924966503,0.00401965163019205,0.007146047342563644,0.26976328718177756,0.0031263957123715946,0.011612326931665922,0.0080393032603841,0.014738722644037517,0.006699419383653417,0.018758374274229567,0.008932559178204555,0.01205895489057615,0.34613666815542654,0.015185350602947744,0.004912907548012505,0.013398838767306834
0.2572577043322912,0.003573023671281822,0.006699419383653417,0.27244305493523896,0.003573023671281822,0.011165698972755694,0.0080393032603841,0.014738722644037517,0.005359535506922733,0.01786511835640911,0.00982581509602501,0.012505582849486378,0.34345690040196514,0.014292094685127288,0.005359535506922733,0.013845466726217061
0.25866666666666666,0.0035555555555555557,0.0057777777777777775,0.27066666666666667,0.0035555555555555557,0.011555555555555555,0.008,0.016,0.004888888888888889,0.017333333333333333,0.010222222222222223,0.012,0.3422222222222222,0.014222222222222223,0.0057777777777777775,0.015555555555555555
0.265625,0.0035714285714285713,0.005803571428571429,0.26473214285714286,0.0040178571428571425,0.009821428571428571,0.008035714285714285,0.014732142857142857,0.003125,0.015625,0.009375,0.011160714285714286,0.34776785714285713,0.015178571428571428,0.006696428571428571,0.014732142857142857
0.2595248767368893,0.0031376064545047063,0.004930524428507396,0.2711788435679068,0.005378753922008068,0.010309278350515464,0.008068130883012102,0.01523980277902286,0.002689376961004034,0.016136261766024205,0.010309278350515464,0.01165396683101748,0.34424025100851635,0.015688032272523533,0.0062752129090094125,0.01523980277902286
0.25364560318161733,0.004418912947414936,0.005302695536897923,0.27176314626601855,0.004860804242156429,0.011931064958020326,0.007512152010605391,0.013256738842244807,0.003535130357931949,0.016349977905435263,0.008837825894829872,0.010163499779054353,0.3521873619089704,0.014140521431727796,0.0061864781263809105,0.015908086610693768
0.25643300798580304,0.0048802129547471165,0.005323868677905945,0.27639751552795033,0.0048802129547471165,0.01064773735581189,0.00709849157054126,0.013309671694764862,0.00354924578527063,0.014640638864241348,0.008429458740017746,0.009760425909494233,0.3464951197870453,0.015527950310559006,0.006211180124223602,0.016415261756876662
0.2594908441268423,0.004912907548012505,0.006699419383653417,0.26976328718177756,0.005806163465832961,0.01027244305493524,0.006252791424743189,0.012952210808396605,0.0044662795891022775,0.014738722644037517,0.008485931219294328,0.008932559178204555,0.34658329611433675,0.014738722644037517,0.0080393032603841,0.01786511835640911
0.2594402487783207,0.004886717014660151,0.007107952021323856,0.26610395379831187,0.006663705019991115,0.010217681030653044,0.005775211017325633,0.01332741003998223,0.004886717014660151,0.015548645046645935,0.00888494002665482,0.011106175033318524,0.34606841403820526,0.014660151043980453,0.007996446023989337,0.0173256330519769
0.254207263064659,0.00487156775907883,0.0070859167404783,0.27015057573073514,0.007528786536758193,0.009300265721877768,0.005314437555358724,0.013728963684676704,0.005314437555358724,0.013728963684676704,0.00841452612931798,0.011514614703277236,0.3489813994685562,0.014614703277236492,0.007971656333038087,0.017271922054915855
0.25573192239858905,0.0048500881834215165,0.007936507936507936,0.27116402116402116,0.00837742504409171,0.00837742504409171,0.005291005291005291,0.012786596119929453,0.005291005291005291,0.012786596119929453,0.00837742504409171,0.01146384479717813,0.35008818342151676,0.013227513227513227,0.007495590828924162,0.01675485008818342
0.25786442179884805,0.003987594151528578,0.007975188303057155,0.2751439964554719,0.008418254319893664,0.008861320336730172,0.006202924235711121,0.01284891448825875,0.004430660168365086,0.012405848471422242,0.008418254319893664,0.011962782454585734,0.3429330970314577,0.013735046521931768,0.007975188303057155,0.016836508639787327
0.25789239662072033,0.0031124944419742106,0.006669630947087594,0.2734548688305914,0.007114273010226767,0.010226767452200978,0.006224988883948421,0.012894619831036016,0.004891062694530902,0.013339261894175189,0.008892841262783458,0.011116051578479324,0.34593152512227654,0.013339261894175189,0.008448199199644287,0.0164517563361494
0.2608311229000884,0.0035366931918656055,0.005305039787798408,0.2723253757736516,0.006631299734748011,0.010167992926613616,0.006631299734748011,0.011936339522546418,0.004420866489832007,0.01282051282051282,0.007957559681697613,0.01282051282051282,0.34703801945181256,0.013262599469496022,0.007515473032714412,0.016799292661361626
0.2607158638974812,0.003535130357931949,0.004860804242156429,0.2691117984975696,0.007954043305346884,0.010605391073795847,0.006628369421122404,0.014140521431727796,0.004418912947414936,0.011931064958020326,0.006628369421122404,0.013256738842244807,0.34644277507733096,0.015908086610693768,0.007070260715863898,0.016791869200176758
0.25649059982094896,0.0035810205908683975,0.005819158460161146,0.270367054610564,0.006714413607878245,0.010743061772605193,0.007162041181736795,0.01656222023276634,0.0040286481647269475,0.012533572068039392,0.007162041181736795,0.012533572068039392,0.34646374216651743,0.01521933751119069,0.007609668755595345,0.017009847806624886
0.25543237250554324,0.004434589800443459,0.006208425720620843,0.27006651884700666,0.006208425720620843,0.010643015521064302,0.006208425720620843,0.015964523281596452,0.004878048780487805,0.013747228381374724,0.0066518847006651885,0.013747228381374724,0.3450110864745011,0.01507760532150776,0.00753880266075388,0.01818181818181818
0.26019503546099293,0.003989361702127659,0.0062056737588652485,0.2650709219858156,0.005319148936170213,0.010195035460992909,0.006648936170212766,0.017287234042553192,0.004432624113475178,0.013297872340425532,0.006648936170212766,0.014184397163120567,0.3475177304964539,0.01551418439716312,0.007535460992907801,0.015957446808510637
0.26512455516014233,0.00400355871886121,0.0071174377224199285,0.26334519572953735,0.006227758007117438,0.009786476868327402,0.00800711743772242,0.016903914590747332,0.004893238434163701,0.013790035587188613,0.007562277580071174,0.013790035587188613,0.3429715302491103,0.015124555160142349,0.0071174377224199285,0.014234875444839857
0.25820763087843834,0.0044365572315882874,0.0075421472937000885,0.2653061224489796,0.006654835847382431,0.011978704525288377,0.009760425909494233,0.01419698314108252,0.006211180124223602,0.013309671694764862,0.0075421472937000885,0.012422360248447204,0.34205856255545697,0.01685891748003549,0.0075421472937000885,0.015971606033717833
0.262621789193977,0.005314437555358724,0.0070859167404783,0.2657218777679362,0.0070859167404783,0.011514614703277236,0.009300265721877768,0.014614703277236492,0.006200177147918512,0.013286093888396812,0.006200177147918512,0.012843224092116917,0.34189548272807796,0.015057573073516387,0.005757307351638618,0.01550044286979628
0.25510204081632654,0.005323868677905945,0.0075421472937000885,0.26796805678793256,0.00709849157054126,0.011535048802129548,0.01020408163265306,0.014640638864241348,0.006211180124223602,0.013753327417923691,0.00709849157054126,0.013309671694764862,0.3464951197870453,0.01419698314108252,0.005767524401064774,0.013753327417923691
0.2566607460035524,0.006216696269982238,0.007104795737122558,0.2633214920071048,0.0066607460035523975,0.011545293072824156,0.011989342806394316,0.016429840142095916,0.006216696269982238,0.014653641207815276,0.006216696269982238,0.012433392539964476,0.34591474245115456,0.013321492007104795,0.006216696269982238,0.015097690941385435
0.256092157731502,0.006202924235711121,0.007089056269384138,0.2609658839167036,0.007532122286220647,0.012405848471422242,0.0101905183872397,0.017722640673460344,0.00664599025254763,0.013735046521931768,0.004873726185201595,0.012405848471422242,0.3500221533008418,0.01329198050509526,0.00664599025254763,0.014178112538768276
0.25317564607971965,0.00700832238282961,0.006570302233902759,0.261060008760403,0.007446342531756461,0.011826544021024968,0.009636443276390714,0.01576872536136662,0.006132282084975909,0.013140604467805518,0.006132282084975909,0.011826544021024968,0.35742444152431013,0.013140604467805518,0.00700832238282961,0.012702584318878668
0.2475642161204606,0.0070859167404783,0.006200177147918512,0.2652790079716563,0.007971656333038087,0.011071744906997343,0.010628875110717449,0.015943312666076175,0.006643046944198406,0.013286093888396812,0.005757307351638618,0.012843224092116917,0.35473870682019487,0.013286093888396812,0.007971656333038087,0.013728963684676704
0.2532150776053215,0.0066518847006651885,0.005764966740576497,0.26740576496674057,0.007095343680709534,0.012860310421286032,0.008869179600886918,0.016407982261640797,0.005321507760532151,0.013303769401330377,0.003991130820399113,0.014190687361419069,0.34944567627494455,0.013747228381374724,0.00753880266075388,0.014190687361419069
0.24854975457385095,0.0071396697902722,0.005800981704596163,0.2668451584114235,0.008032128514056224,0.013833110218652387,0.008032128514056224,0.01740294511378849,0.004016064257028112,0.0142793395805444,0.002677376171352075,0.0142793395805444,0.35475234270414996,0.0142793395805444,0.006693440428380187,0.013386880856760375
0.25313059033989266,0.008944543828264758,0.006261180679785331,0.2584973166368515,0.010286225402504472,0.014311270125223614,0.008944543828264758,0.018336314847942754,0.004919499105545617,0.013864042933810376,0.0026833631484794273,0.013416815742397137,0.35286225402504473,0.01520572450805009,0.004472271914132379,0.013864042933810376
0.24966740576496674,0.007982261640798226,0.007095343680709534,0.25853658536585367,0.009312638580931265,0.01507760532150776,0.008869179600886918,0.017738359201773836,0.004878048780487805,0.013303769401330377,0.003547671840354767,0.014190687361419069,0.3565410199556541,0.014634146341463415,0.004878048780487805,0.013747228381374724
0.2554131683605833,0.007070260715863898,0.007954043305346884,0.25894829871851527,0.009721608484312859,0.014582412726469289,0.008837825894829872,0.017675651789659744,0.005302695536897923,0.014140521431727796,0.003535130357931949,0.012814847547503314,0.35439681838267784,0.013256738842244807,0.0026513477684489617,0.0136986301369863
0.2526595744680851,0.0062056737588652485,0.0062056737588652485,0.2566489361702128,0.007535460992907801,0.016400709219858155,0.00975177304964539,0.018617021276595744,0.004432624113475178,0.01374113475177305,0.003989361702127659,0.01374113475177305,0.35815602836879434,0.013297872340425532,0.0026595744680851063,0.015957446808510637
0.25793650793650796,0.005291005291005291,0.006613756613756613,0.25220458553791886,0.007054673721340388,0.018077601410934743,0.011022927689594356,0.019400352733686066,0.005731922398589065,0.012786596119929453,0.003968253968253968,0.012786596119929453,0.359347442680776,0.009700176366843033,0.0026455026455026454,0.015432098765432098
0.26336898395721925,0.006238859180035651,0.005793226381461676,0.2557932263814617,0.005793226381461676,0.019162210338680926,0.00980392156862745,0.01871657754010695,0.006238859180035651,0.012477718360071301,0.0031194295900178253,0.012923351158645277,0.3560606060606061,0.008021390374331552,0.0022281639928698753,0.0142602495543672
0.26007975188303056,0.007089056269384138,0.0057598582188746125,0.2583074878156845,0.0057598582188746125,0.01993797075764289,0.00974745237040319,0.01993797075764289,0.004873726185201595,0.013735046521931768,0.0031014621178555605,0.01284891448825875,0.35090828533451485,0.00664599025254763,0.002658396101019052,0.01860877270713336
0.25590726705305394,0.006241640659830584,0.0057958091841284,0.2634864021399911,0.005349977708426215,0.02050824788230049,0.009362460989745877,0.016941596076683014,0.004458314757021846,0.014712438698172091,0.0035666518056174765,0.014712438698172091,0.352652697280428,0.0057958091841284,0.003120820329915292,0.017387427552385197
0.2592429577464789,0.006602112676056338,0.005721830985915493,0.2605633802816901,0.00528169014084507,0.02068661971830986,0.009683098591549295,0.01936619718309859,0.00528169014084507,0.014964788732394365,0.0035211267605633804,0.01232394366197183,0.34991197183098594,0.00528169014084507,0.0030809859154929575,0.018485915492957746
0.25787838437638705,0.007101642254771416,0.006213936972924989,0.2547714158899245,0.005326231691078562,0.022636484687083888,0.00887705281846427,0.019529516200621395,0.006657789613848202,0.016866400355082113,0.002663115845539281,0.014203284509542832,0.35153129161118507,0.004438526409232135,0.0031069684864624943,0.018197958277851752
0.25155832591273375,0.007569011576135352,0.006233303650934996,0.25066785396260016,0.005342831700801425,0.022707034728406055,0.009349955476402494,0.019590382902938557,0.008014247551202136,0.016028495102404273,0.0026714158504007124,0.015583259127337488,0.3593054318788958,0.004452359750667854,0.003116651825467498,0.017809439002671415
0.25396825396825395,0.006172839506172839,0.007054673721340388,0.24691358024691357,0.005291005291005291,0.02292768959435626,0.009259259259259259,0.02072310405643739,0.00837742504409171,0.017195767195767195,0.0030864197530864196,0.015873015873015872,0.3558201058201058,0.006613756613756613,0.0030864197530864196,0.01763668430335097
0.2565352237483385,0.00664599025254763,0.00664599025254763,0.2467877713779353,0.004430660168365086,0.022153300841825433,0.00974745237040319,0.020824102791315906,0.007532122286220647,0.017279574656623838,0.003987594151528578,0.017279574656623838,0.35135135135135137,0.00664599025254763,0.004430660168365086,0.017722640673460344
0.25789239662072033,0.007114273010226767,0.007114273010226767,0.24811027123165852,0.004001778568252557,0.02267674522009782,0.010226767452200978,0.0213428190306803,0.007114273010226767,0.0164517563361494,0.004446420631391729,0.01823032458870609,0.3485993775011116,0.007114273010226767,0.004446420631391729,0.01511783014673188
