C_R,C_A,C_S,C_N,D_R,D_A,D_S,D_N,Oc_R,Oc_A,Oc_S,Oc_N,Od_R,Od_A,Od_S,Od_N
0.0,0.0,0.0,0.0,0.0,1.0,0.0,0.0,0.0,0.0,0.0,0.0,0.0,0.0,0.0,0.0
0.0,0.0,0.0,0.0,0.5,0.5,0.0,0.0,0.0,0.0,0.0,0.0,0.0,0.0,0.0,0.0
0.0,0.0,0.0,0.0,0.3333333333333333,0.3333333333333333,0.0,0.3333333333333333,0.0,0.0,0.0,0.0,0.0,0.0,0.0,0.0
0.0,0.0,0.0,0.0,0.25,0.25,0.0,0.25,0.0,0.0,0.0,0.0,0.25,0.0,0.0,0.0
0.2,0.0,0.0,0.0,0.2,0.2,0.0,0.2,0.0,0.0,0.0,0.0,0.2,0.0,0.0,0.0
0.16666666666666666,0.0,0.0,0.0,0.16666666666666666,0.16666666666666666,0.0,0.16666666666666666,0.0,0.0,0.0,0.0,0.3333333333333333,0.0,0.0,0.0
0.16666666666666666,0.0,0.0,0.0,0.16666666666666666,0.0,0.0,0.16666666666666666,0.0,0.16666666666666666,0.0,0.0,0.3333333333333333,0.0,0.0,0.0
0.25,0.0,0.0,0.0,0.125,0.0,0.0,0.125,0.0,0.25,0.0,0.0,0.25,0.0,0.0,0.0
0.18181818181818182,0.0,0.0,0.0,0.09090909090909091,0.0,0.0,0.09090909090909091,0.0,0.18181818181818182,0.0,0.0,0.45454545454545453,0.0,0.0,0.0
0.23529411764705882,0.0,0.0,0.0,0.058823529411764705,0.0,0.0,0.058823529411764705,0.0,0.11764705882352941,0.0,0.0,0.5294117647058824,0.0,0.0,0.0
0.22727272727272727,0.0,0.0,0.0,0.0,0.0,0.0,0.045454545454545456,0.0,0.09090909090909091,0.0,0.0,0.5909090909090909,0.0,0.045454545454545456,0.0
0.23529411764705882,0.0,0.0,0.0,0.0,0.0,0.0,0.029411764705882353,0.0,0.058823529411764705,0.0,0.0,0.6176470588235294,0.029411764705882353,0.029411764705882353,0.0
0.2708333333333333,0.0,0.0,0.0,0.0,0.0,0.0,0.0,0.0,0.041666666666666664,0.0,0.0,0.6458333333333334,0.020833333333333332,0.020833333333333332,0.0
0.29577464788732394,0.0,0.0,0.0,0.014084507042253521,0.0,0.0,0.0,0.0,0.028169014084507043,0.0,0.0,0.6338028169014085,0.014084507042253521,0.014084507042253521,0.0
0.28431372549019607,0.00980392156862745,0.0,0.0,0.00980392156862745,0.0,0.0,0.00980392156862745,0.0,0.0196078431372549,0.0,0.0,0.6470588235294118,0.00980392156862745,0.00980392156862745,0.0
0.28776978417266186,0.007194244604316547,0.0,0.0,0.007194244604316547,0.0,0.0,0.014388489208633094,0.007194244604316547,0.014388489208633094,0.0,0.0,0.6474820143884892,0.007194244604316547,0.007194244604316547,0.0
0.2802197802197802,0.005494505494505495,0.0,0.0,0.005494505494505495,0.0,0.0,0.01098901098901099,0.01098901098901099,0.01098901098901099,0.01098901098901099,0.0,0.6483516483516484,0.005494505494505495,0.01098901098901099,0.0
0.2711864406779661,0.00423728813559322,0.0,0.00847457627118644,0.00847457627118644,0.00423728813559322,0.0,0.01694915254237288,0.0211864406779661,0.00847457627118644,0.012711864406779662,0.0,0.6271186440677966,0.00423728813559322,0.012711864406779662,0.0
0.28222996515679444,0.003484320557491289,0.0,0.013937282229965157,0.006968641114982578,0.003484320557491289,0.0,0.013937282229965157,0.027874564459930314,0.006968641114982578,0.013937282229965157,0.0,0.6062717770034843,0.003484320557491289,0.017421602787456445,0.0
0.2857142857142857,0.0029154518950437317,0.0,0.014577259475218658,0.008746355685131196,0.0029154518950437317,0.0,0.008746355685131196,0.026239067055393587,0.0029154518950437317,0.008746355685131196,0.0,0.6209912536443148,0.0029154518950437317,0.014577259475218658,0.0
0.29280397022332505,0.0024813895781637717,0.0,0.019851116625310174,0.004962779156327543,0.0,0.0,0.004962779156327543,0.02977667493796526,0.0024813895781637717,0.009925558312655087,0.0,0.6178660049627791,0.0024813895781637717,0.01240694789081886,0.0
0.3030927835051546,0.002061855670103093,0.0,0.018556701030927835,0.004123711340206186,0.0,0.002061855670103093,0.006185567010309278,0.03711340206185567,0.002061855670103093,0.010309278350515464,0.0,0.5958762886597938,0.004123711340206186,0.01443298969072165,0.0
0.3181818181818182,0.0034965034965034965,0.0,0.015734265734265736,0.0034965034965034965,0.0,0.0017482517482517483,0.01048951048951049,0.03146853146853147,0.0017482517482517483,0.006993006993006993,0.0,0.5891608391608392,0.005244755244755245,0.012237762237762238,0.0
0.3166926677067083,0.0031201248049922,0.0015600624024961,0.0171606864274571,0.0046801872074883,0.0,0.0015600624024961,0.0109204368174727,0.029641185647425898,0.0015600624024961,0.0078003120124804995,0.0,0.5881435257410297,0.0046801872074883,0.0124804992199688,0.0
0.32763157894736844,0.005263157894736842,0.0013157894736842105,0.013157894736842105,0.003947368421052632,0.0,0.0,0.009210526315789473,0.031578947368421054,0.0013157894736842105,0.006578947368421052,0.0,0.5828947368421052,0.003947368421052632,0.013157894736842105,0.0
0.32906976744186045,0.0034883720930232558,0.002325581395348837,0.011627906976744186,0.0069767441860465115,0.0034883720930232558,0.0,0.00813953488372093,0.029069767441860465,0.0034883720930232558,0.005813953488372093,0.0,0.5813953488372093,0.0034883720930232558,0.011627906976744186,0.0
0.3333333333333333,0.003105590062111801,0.003105590062111801,0.011387163561076604,0.007246376811594203,0.004140786749482402,0.0,0.009316770186335404,0.032091097308488616,0.002070393374741201,0.004140786749482402,0.0,0.577639751552795,0.003105590062111801,0.009316770186335404,0.0
0.3314967860422406,0.0027548209366391185,0.0036730945821854912,0.011019283746556474,0.0073461891643709825,0.006427915518824609,0.0,0.008264462809917356,0.027548209366391185,0.0027548209366391185,0.005509641873278237,0.0,0.5803489439853077,0.004591368227731864,0.008264462809917356,0.0
0.32923832923832924,0.001638001638001638,0.003276003276003276,0.009009009009009009,0.009009009009009009,0.007371007371007371,0.0,0.009828009828009828,0.028665028665028666,0.004095004095004095,0.004914004914004914,0.000819000819000819,0.5782145782145782,0.005733005733005733,0.007371007371007371,0.000819000819000819
0.3303303303303303,0.0045045045045045045,0.0037537537537537537,0.0075075075075075074,0.0075075075075075074,0.008258258258258258,0.0022522522522522522,0.00975975975975976,0.02927927927927928,0.006006006006006006,0.0045045045045045045,0.0015015015015015015,0.5705705705705706,0.005255255255255256,0.006006006006006006,0.003003003003003003
0.32972972972972975,0.005405405405405406,0.005405405405405406,0.008108108108108109,0.007432432432432433,0.007432432432432433,0.00472972972972973,0.010810810810810811,0.027702702702702704,0.008108108108108109,0.006756756756756757,0.002027027027027027,0.5621621621621622,0.005405405405405406,0.005405405405405406,0.0033783783783783786
0.31327543424317617,0.006823821339950372,0.007444168734491315,0.011166253101736972,0.008064516129032258,0.009305210918114143,0.0037220843672456576,0.009305210918114143,0.02791563275434243,0.009305210918114143,0.00620347394540943,0.0037220843672456576,0.56575682382134,0.006823821339950372,0.007444168734491315,0.0037220843672456576
0.3197437390797903,0.0064065230052417,0.006988934187536401,0.010483401281304601,0.008153756552125802,0.010483401281304601,0.0064065230052417,0.009318578916715201,0.027373325567850902,0.008736167734420501,0.0052417006406523005,0.004659289458357601,0.5567850902737332,0.006988934187536401,0.007571345369831101,0.004659289458357601
0.3172302737520129,0.00644122383252818,0.007514761137949544,0.00966183574879227,0.008588298443370907,0.010198604401502952,0.005904455179817499,0.007514761137949544,0.026301663982823402,0.00912506709608159,0.006977992485238862,0.005367686527106817,0.558239398819109,0.00644122383252818,0.008051529790660225,0.00644122383252818
0.3164042661249365,0.006094464195022855,0.007110208227526663,0.009649568308786187,0.008633824276282377,0.01218892839004571,0.006602336211274758,0.0111731843575419,0.0228542407313357,0.01015744032503809,0.008125952260030472,0.007110208227526663,0.5551041137633317,0.00558659217877095,0.007618080243778568,0.00558659217877095
0.31374453618261294,0.006313744536182613,0.00825643516270034,0.009713453132588635,0.010199125789218067,0.012141816415735794,0.007285089849441476,0.008742107819329771,0.022826614861583293,0.010199125789218067,0.007285089849441476,0.007285089849441476,0.5551238465274405,0.005342399222923749,0.008742107819329771,0.006799417192812044
0.31220876048462254,0.005125815470643057,0.007921714818266543,0.009319664492078284,0.010251630941286114,0.012581547064305684,0.008853681267474371,0.008853681267474371,0.021435228331780055,0.0097856477166822,0.008853681267474371,0.007455731593662628,0.554520037278658,0.005591798695246971,0.010717614165890028,0.0065237651444548
0.31255686988171066,0.005914467697907188,0.006824385805277525,0.01091901728844404,0.009554140127388535,0.012738853503184714,0.010009099181073703,0.008644222020018199,0.022747952684258416,0.009099181073703366,0.009099181073703366,0.008644222020018199,0.551410373066424,0.005004549590536852,0.009554140127388535,0.007279344858962694
0.3020833333333333,0.006793478260869565,0.006793478260869565,0.012228260869565218,0.01177536231884058,0.012681159420289856,0.009963768115942028,0.008152173913043478,0.02355072463768116,0.009057971014492754,0.009057971014492754,0.009510869565217392,0.5552536231884058,0.006340579710144928,0.010869565217391304,0.00588768115942029
0.3011135857461025,0.0066815144766146995,0.0075723830734966595,0.013363028953229399,0.012472160356347439,0.013363028953229399,0.010690423162583519,0.008017817371937639,0.02271714922048998,0.009799554565701559,0.009354120267260579,0.010244988864142539,0.5518930957683742,0.0062360801781737195,0.011581291759465479,0.004899777282850779
0.294404973357016,0.007992895204262877,0.0066607460035523975,0.013321492007104795,0.013321492007104795,0.011989342806394316,0.010657193605683837,0.008436944937833037,0.023534635879218474,0.011989342806394316,0.010213143872113677,0.010213143872113677,0.5537300177619894,0.006216696269982238,0.011545293072824156,0.005772646536412078
0.2981148619026743,0.008329679964927663,0.007452871547566856,0.01183691363437089,0.015344147303814117,0.014028934677772907,0.00920648838228847,0.00789127575624726,0.02367382726874178,0.010960105217010083,0.011398509425690487,0.01052170100832968,0.5493204734765453,0.005699254712845244,0.010960105217010083,0.00526085050416484
0.2954645530603259,0.008806693086745927,0.007045354469396741,0.01453104359313078,0.014971378247468076,0.014971378247468076,0.009247027741083224,0.00836635843240863,0.023778071334214,0.010568031704095112,0.011889035667107,0.010127697049757816,0.5460149713782475,0.007485689123734038,0.011448701012769706,0.005284015852047556
0.29816112084063046,0.00788091068301226,0.00788091068301226,0.016637478108581436,0.0148861646234676,0.01576182136602452,0.009194395796847636,0.00788091068301226,0.024080560420315235,0.010507880910683012,0.011821366024518389,0.0070052539404553416,0.5433450087565674,0.0074430823117338,0.012697022767075307,0.004816112084063047
0.29223343571741994,0.008336989907854322,0.008336989907854322,0.017551557700745943,0.014041246160596753,0.015357612988152698,0.008336989907854322,0.008336989907854322,0.02369460289600702,0.009653356735410267,0.012724879333040808,0.007459412022817025,0.550680122860904,0.006581834137779728,0.01184730144800351,0.004826678367705134
0.2847069193477303,0.007933010136624064,0.00881445570736007,0.01895107977082415,0.014543851917144116,0.015425297487880123,0.009695901278096077,0.010136624063464082,0.02379903040987219,0.00881445570736007,0.014103129131776113,0.007051564565888057,0.5513442044953724,0.006610841780520053,0.012780960775672102,0.005288673424416042
0.2848297213622291,0.00796107916850951,0.008845643520566122,0.01901813356921716,0.013710747456877488,0.014153029632905795,0.010172490048651039,0.010614772224679346,0.025210084033613446,0.010172490048651039,0.013710747456877488,0.007518796992481203,0.5493144626271561,0.006634232640424591,0.011941618752764263,0.006191950464396285
0.28866432337434095,0.010105448154657293,0.008347978910369069,0.01977152899824253,0.014938488576449912,0.012741652021089631,0.010105448154657293,0.00922671353251318,0.02460456942003515,0.012302284710017574,0.014499121265377855,0.007029876977152899,0.5421792618629174,0.008347978910369069,0.011862917398945518,0.005272407732864675
0.2898297686599738,0.010475774770842427,0.00960279353993889,0.020951549541684853,0.01571366215626364,0.013531209079004802,0.010912265386294195,0.008729812309035356,0.023134002618943692,0.012221737232649499,0.013094718463553033,0.006983849847228284,0.5373199476211261,0.00960279353993889,0.011348756001745963,0.006547359231776516
0.2885042166000888,0.009764758100310697,0.010208610741233911,0.019529516200621395,0.016422547714158898,0.013315579227696404,0.01154016866400355,0.00887705281846427,0.024411895250776743,0.010652463382157125,0.014203284509542832,0.007989347536617843,0.5335108743897026,0.010652463382157125,0.012427873945849977,0.007989347536617843
0.28771929824561404,0.010087719298245614,0.010087719298245614,0.018859649122807017,0.017105263157894738,0.014035087719298246,0.013157894736842105,0.010964912280701754,0.02324561403508772,0.009649122807017544,0.016228070175438595,0.007894736842105263,0.5302631578947369,0.010964912280701754,0.011842105263157895,0.007894736842105263
0.2872855257369116,0.009238891333040036,0.010998680158380994,0.02287725472943247,0.01759788825340959,0.013198416190057193,0.012758468983721953,0.011438627364716234,0.025956885173779146,0.009678838539375276,0.01671799384073911,0.010118785745710514,0.5182578090629124,0.011878574571051475,0.014078310602727673,0.007919049714034315
0.2849040139616056,0.009162303664921465,0.011343804537521814,0.02268760907504363,0.017452006980802792,0.013525305410122163,0.015706806282722512,0.011343804537521814,0.02617801047120419,0.010034904013961605,0.017452006980802792,0.011343804537521814,0.5135253054101222,0.011343804537521814,0.015706806282722512,0.008289703315881327
0.28270412642669007,0.009657594381035996,0.00877963125548727,0.02151009657594381,0.016681299385425813,0.014047410008779631,0.015803336259877086,0.01141352063213345,0.028094820017559263,0.010974539069359086,0.018437225636523266,0.009657594381035996,0.5153643546971027,0.012291483757682178,0.014925373134328358,0.009657594381035996
0.28226514486391574,0.010974539069359086,0.009657594381035996,0.024582967515364356,0.017998244073748903,0.014925373134328358,0.015803336259877086,0.012291483757682178,0.028533801580333626,0.012730465320456541,0.01624231782265145,0.009218612818261633,0.5057067603160668,0.012291483757682178,0.014047410008779631,0.012730465320456541
0.28108581436077057,0.010945709281961471,0.010070052539404553,0.024956217162872153,0.017513134851138354,0.01532399299474606,0.017075306479859893,0.011821366024518389,0.02714535901926445,0.012259194395796848,0.016199649737302976,0.010945709281961471,0.5056917688266199,0.010507880910683012,0.01532399299474606,0.013134851138353765
0.26413427561837455,0.01060070671378092,0.01060070671378092,0.026060070671378093,0.0176678445229682,0.015901060070671377,0.01678445229681979,0.013692579505300354,0.02871024734982332,0.015017667844522967,0.017226148409893994,0.011925795053003533,0.5128091872791519,0.011042402826855124,0.013692579505300354,0.014134275618374558
0.27244718309859156,0.011443661971830986,0.011003521126760563,0.02772887323943662,0.017605633802816902,0.016725352112676055,0.01584507042253521,0.01232394366197183,0.028169014084507043,0.014524647887323943,0.018045774647887324,0.013644366197183098,0.5022007042253521,0.011003521126760563,0.014084507042253521,0.013204225352112676
0.26948480845442535,0.010127697049757816,0.012769704975781594,0.028181417877586965,0.017613386173491855,0.01805372082782915,0.017173051519154558,0.01453104359313078,0.03038309114927345,0.013650374284456186,0.017613386173491855,0.011008366358432409,0.5006605019815059,0.011448701012769706,0.012769704975781594,0.01453104359313078
0.268859649122807,0.010087719298245614,0.011403508771929825,0.02850877192982456,0.018421052631578946,0.016666666666666666,0.0206140350877193,0.013596491228070176,0.02894736842105263,0.014912280701754385,0.019736842105263157,0.012280701754385965,0.49605263157894736,0.012280701754385965,0.013596491228070176,0.014035087719298246
0.2683982683982684,0.008658008658008658,0.012121212121212121,0.02857142857142857,0.01904761904761905,0.01818181818181818,0.022943722943722943,0.012987012987012988,0.02813852813852814,0.016883116883116882,0.018614718614718615,0.012987012987012988,0.49134199134199136,0.012987012987012988,0.01341991341991342,0.01471861471861472
0.27073277753400615,0.009214567792891619,0.012724879333040808,0.027643703378674857,0.020623080298376482,0.017112768758227294,0.025449758666081616,0.010969723562966213,0.028960070206230804,0.018867924528301886,0.016673979815708645,0.01228609039052216,0.4883720930232558,0.014041246160596753,0.013163668275559455,0.013163668275559455
0.26972234464521816,0.00881445570736007,0.012780960775672102,0.026884089907448214,0.01851035698545615,0.01762891141472014,0.022036139268400177,0.011899515204936095,0.02996914940502424,0.020713970912296167,0.01630674305861613,0.0123402379903041,0.49316879682679593,0.013221683561040106,0.013221683561040106,0.012780960775672102
0.2660228270412643,0.008340649692712906,0.011852502194907815,0.024582967515364356,0.01887620719929763,0.017120280948200176,0.022388059701492536,0.012291483757682178,0.029411764705882353,0.021071115013169446,0.015364354697102721,0.013169446883230905,0.4991220368744513,0.013169446883230905,0.014047410008779631,0.013169446883230905
0.2574823943661972,0.008802816901408451,0.014084507042253521,0.023327464788732395,0.018045774647887324,0.01936619718309859,0.02244718309859155,0.01232394366197183,0.029049295774647887,0.023767605633802816,0.016285211267605633,0.013204225352112676,0.5004401408450704,0.012764084507042254,0.013644366197183098,0.014964788732394365
0.2594381035996488,0.00877963125548727,0.013608428446005268,0.0228270412642669,0.01755926251097454,0.019315188762071993,0.02502194907813872,0.011852502194907815,0.028094820017559263,0.025899912203687446,0.018437225636523266,0.013169446883230905,0.4934152765583846,0.014047410008779631,0.014486391571553995,0.014047410008779631
0.2559262510974539,0.009218612818261633,0.013169446883230905,0.022388059701492536,0.016681299385425813,0.01755926251097454,0.02370500438981563,0.010974539069359086,0.028094820017559263,0.024582967515364356,0.018437225636523266,0.01624231782265145,0.4986830553116769,0.014047410008779631,0.015364354697102721,0.014925373134328358
0.2586054721977052,0.010150044130626656,0.01323918799646955,0.02294792586054722,0.01588702559576346,0.018976169461606355,0.02383053839364519,0.012797881729920565,0.02736098852603707,0.02471315092674316,0.018093556928508385,0.01676963812886143,0.49382171226831423,0.01412180052956752,0.014563106796116505,0.01412180052956752
0.26102449888641427,0.008908685968819599,0.012026726057906459,0.020489977728285078,0.014699331848552339,0.020489977728285078,0.021380846325167038,0.011581291759465479,0.026280623608017816,0.024944320712694878,0.01826280623608018,0.020489977728285078,0.4939866369710468,0.014699331848552339,0.015590200445434299,0.015144766146993319
0.2583074878156845,0.008861320336730172,0.011962782454585734,0.021267168808152416,0.015064244572441293,0.020824102791315906,0.020824102791315906,0.012405848471422242,0.027470093043863535,0.023925564909171467,0.01639344262295082,0.01949490474080638,0.4957908728400532,0.013735046521931768,0.018165706690296855,0.015507310589277802
0.25758241758241757,0.008351648351648353,0.013186813186813187,0.02021978021978022,0.014945054945054945,0.021538461538461538,0.01978021978021978,0.014065934065934066,0.025934065934065935,0.022857142857142857,0.016703296703296705,0.01802197802197802,0.49626373626373627,0.015384615384615385,0.018461538461538463,0.016703296703296705
0.25866666666666666,0.009777777777777778,0.015111111111111112,0.020888888888888887,0.015111111111111112,0.02266666666666667,0.018666666666666668,0.014222222222222223,0.02711111111111111,0.023555555555555555,0.016888888888888887,0.018222222222222223,0.488,0.016888888888888887,0.018222222222222223,0.016
0.25526315789473686,0.008771929824561403,0.014035087719298246,0.02017543859649123,0.014035087719298246,0.02280701754385965,0.01929824561403509,0.014473684210526316,0.03070175438596491,0.025,0.017105263157894738,0.017543859649122806,0.48947368421052634,0.016666666666666666,0.02017543859649123,0.014473684210526316
0.25088495575221237,0.011061946902654867,0.014601769911504425,0.01902654867256637,0.014601769911504425,0.023893805309734513,0.019469026548672566,0.013716814159292035,0.030973451327433628,0.024778761061946902,0.016371681415929203,0.02079646017699115,0.4889380530973451,0.01415929203539823,0.021238938053097345,0.015486725663716814
0.2451669595782074,0.01054481546572935,0.015817223198594025,0.020650263620386643,0.014059753954305799,0.024165202108963092,0.019332161687170474,0.016695957820738138,0.031195079086115993,0.025043936731107205,0.015377855887521968,0.02328646748681898,0.4890158172231986,0.014059753954305799,0.021968365553602813,0.013620386643233744
0.2427873945849978,0.010652463382157125,0.015534842432312472,0.023524189968930315,0.013315579227696404,0.024855747891699954,0.019529516200621395,0.016422547714158898,0.033288948069241014,0.024855747891699954,0.015978695073235686,0.023524189968930315,0.48246782068353306,0.016422547714158898,0.022192632046160676,0.014647137150466045
0.23925564909171468,0.011519716437749225,0.015507310589277802,0.023925564909171467,0.01284891448825875,0.026140894993354008,0.01949490474080638,0.014621178555604785,0.03190075321222862,0.0256978289765175,0.016836508639787327,0.02259636685866194,0.48294195835179443,0.015507310589277802,0.026140894993354008,0.015064244572441293
0.2419283502874834,0.010172490048651039,0.015037593984962405,0.025210084033613446,0.013268465280849183,0.025210084033613446,0.020344980097302078,0.013268465280849183,0.033171163202122954,0.02697921273772667,0.015479876160990712,0.022998673153471916,0.47810703228659884,0.017249004865103935,0.02697921273772667,0.0145953118089341
0.2423162583518931,0.009354120267260579,0.015590200445434299,0.025389755011135856,0.014253897550111359,0.026726057906458798,0.0200445434298441,0.012472160356347439,0.032071269487750555,0.026280623608017816,0.01648106904231626,0.023162583518930958,0.47884187082405344,0.015144766146993319,0.026726057906458798,0.015144766146993319
0.23581560283687944,0.010638297872340425,0.014627659574468085,0.026152482269503546,0.013297872340425532,0.027039007092198582,0.020390070921985817,0.014184397163120567,0.03679078014184397,0.02526595744680851,0.013297872340425532,0.024822695035460994,0.48359929078014185,0.015957446808510637,0.023936170212765957,0.014184397163120567
0.236784622105723,0.010048055919615552,0.01616426387068589,0.026649191786806466,0.012232415902140673,0.027959807776321538,0.02053298383573613,0.014416775884665793,0.03800786369593709,0.02708606378331149,0.013979903888160769,0.024464831804281346,0.47750109217999126,0.018785495849716033,0.021843599825251202,0.013543031891655745
0.23467600700525393,0.010945709281961471,0.0148861646234676,0.028458844133099823,0.011821366024518389,0.0297723292469352,0.021891418563922942,0.017075306479859893,0.03896672504378284,0.02583187390542907,0.011821366024518389,0.024956217162872153,0.4754816112084063,0.01795096322241681,0.0223292469352014,0.013134851138353765
0.2362906821221578,0.0115916183682568,0.015158270173874276,0.029424877396344182,0.012483281319661168,0.02808738296923763,0.02139991083370486,0.017833259028087384,0.04012483281319661,0.030762371823450735,0.012037449843958983,0.024074899687917966,0.4707980383415069,0.016941596076683014,0.02050824788230049,0.012483281319661168
0.24110671936758893,0.013614404918752744,0.015371102327624066,0.028107158541941152,0.013175230566534914,0.031181379007465964,0.021080368906455864,0.01668862538427756,0.04040404040404041,0.029424681598594644,0.015371102327624066,0.025032938076416336,0.461133069828722,0.018006148440931048,0.018006148440931048,0.012296881862099254
0.23661106233538193,0.01624231782265145,0.01755926251097454,0.0276558384547849,0.01141352063213345,0.0324846356453029,0.020632133450395083,0.017120280948200176,0.03906935908691835,0.029850746268656716,0.014486391571553995,0.02502194907813872,0.4640035118525022,0.015364354697102721,0.02019315188762072,0.012291483757682178
0.23464912280701755,0.017543859649122806,0.017982456140350878,0.02894736842105263,0.011403508771929825,0.031578947368421054,0.02280701754385965,0.016666666666666666,0.037719298245614034,0.028070175438596492,0.015350877192982455,0.02587719298245614,0.4631578947368421,0.016228070175438595,0.02149122807017544,0.010526315789473684
0.23124722592099423,0.015534842432312472,0.01775410563692854,0.032401242787394584,0.010208610741233911,0.03195739014647137,0.022192632046160676,0.018641810918774968,0.037283621837549935,0.02885042166000888,0.015534842432312472,0.02663115845539281,0.46160674656014206,0.016866400355082113,0.0230803373280071,0.010208610741233911
0.2310070671378092,0.015901060070671377,0.01678445229681979,0.03356890459363958,0.009275618374558304,0.03268551236749117,0.023409893992932862,0.018109540636042403,0.03666077738515901,0.02871024734982332,0.016342756183745585,0.02959363957597173,0.45671378091872794,0.0176678445229682,0.022526501766784453,0.011042402826855124
0.2369584438549956,0.015915119363395226,0.015030946065428824,0.036251105216622455,0.008399646330680813,0.03138815207780725,0.022546419098143235,0.019451812555260833,0.03580901856763926,0.027851458885941646,0.017241379310344827,0.02961980548187445,0.44916003536693194,0.01768346595932803,0.025198938992042442,0.011494252873563218
0.2337604949182501,0.019885108263367212,0.015466195315952275,0.0344675209898365,0.009721608484312859,0.029164825452938577,0.021652673442333185,0.019443216968625717,0.033583738400353516,0.028722934158197082,0.016791869200176758,0.027839151568714096,0.45426425099425544,0.019001325673884226,0.02562969509500663,0.010605391073795847
0.2341910161360663,0.01831661578717837,0.013955516790231139,0.03488879197557784,0.010466637592673354,0.027474923680767552,0.02136938508504143,0.01962494548626254,0.033580462276493674,0.03009158307893589,0.0170082860880942,0.027474923680767552,0.453554295682512,0.02006105538595726,0.024858264282599216,0.013083296990841693
0.23807439824945295,0.017943107221006564,0.01400437636761488,0.03326039387308534,0.011378555798687089,0.027571115973741796,0.020568927789934355,0.019693654266958426,0.0350109409190372,0.03238512035010941,0.017943107221006564,0.024945295404814005,0.4472647702407002,0.01925601750547046,0.025820568927789934,0.01487964989059081
0.23209549071618038,0.015915119363395226,0.015915119363395226,0.03536693191865606,0.011494252873563218,0.028735632183908046,0.01856763925729443,0.022104332449160036,0.034924845269672856,0.032714412024756855,0.016799292661361626,0.025198938992042442,0.4473916887709991,0.022104332449160036,0.026083112290008842,0.014588859416445624
0.23110720562390158,0.018014059753954304,0.016695957820738138,0.03602811950790861,0.012302284710017574,0.03031634446397188,0.01845342706502636,0.021968365553602813,0.03427065026362039,0.0320738137082601,0.015817223198594025,0.024165202108963092,0.4428822495606327,0.025043936731107205,0.02592267135325132,0.014938488576449912
0.23093971631205673,0.019060283687943262,0.01773049645390071,0.03324468085106383,0.013297872340425532,0.031471631205673756,0.016843971631205674,0.02349290780141844,0.03368794326241135,0.03102836879432624,0.01551418439716312,0.02349290780141844,0.44636524822695034,0.026595744680851064,0.022163120567375887,0.015070921985815602
0.22777047744196233,0.01971090670170828,0.017082785808147174,0.031099430573806396,0.01357862461673237,0.0337275514673675,0.018396846254927726,0.025843188786684186,0.033289531318440646,0.0346035917652212,0.015330705212439772,0.025405168637757335,0.4445904511607534,0.025843188786684186,0.023215067893123085,0.010512483574244415
0.22441809398331136,0.018884497145366712,0.01756697408871322,0.031181379007465964,0.014053579270970576,0.034255599472990776,0.017127799736495388,0.023276240667545016,0.033816425120772944,0.03293807641633729,0.014931927975406236,0.025032938076416336,0.4492753623188406,0.02678963548528766,0.024154589371980676,0.012296881862099254
0.22202643171806166,0.018061674008810574,0.018061674008810574,0.030837004405286344,0.015418502202643172,0.03524229074889868,0.015859030837004406,0.024229074889867842,0.03171806167400881,0.033480176211453744,0.015418502202643172,0.026872246696035242,0.45154185022026433,0.025110132158590308,0.02158590308370044,0.014537444933920705
0.2210065645514223,0.017067833698030634,0.020568927789934355,0.03326039387308534,0.014442013129102845,0.0350109409190372,0.01575492341356674,0.02363238512035011,0.03369803063457331,0.03413566739606127,0.017943107221006564,0.026695842450765863,0.4485776805251641,0.022757111597374178,0.02188183807439825,0.013566739606126914
0.21308576480990274,0.018125552608311227,0.021220159151193633,0.03669319186560566,0.01282051282051282,0.036251105216622455,0.015030946065428824,0.02564102564102564,0.03183023872679045,0.034924845269672856,0.01856763925729443,0.026967285587975242,0.4531388152077807,0.022104332449160036,0.01856763925729443,0.015030946065428824
0.21346830985915494,0.01936619718309859,0.022887323943661973,0.037411971830985914,0.013204225352112676,0.03653169014084507,0.014084507042253521,0.023327464788732395,0.032570422535211266,0.03609154929577465,0.01936619718309859,0.025088028169014086,0.44938380281690143,0.022007042253521125,0.01936619718309859,0.01584507042253521
0.2166885102664919,0.019222367846221056,0.024027959807776323,0.037570991699432066,0.014853647881170816,0.03844473569244211,0.01529051987767584,0.022280471821756225,0.031891655744866756,0.03582350371341197,0.020096111839231105,0.026649191786806466,0.4394932284840542,0.022280471821756225,0.01747487986020096,0.017911751856705984
0.21602787456445993,0.016114982578397212,0.024825783972125436,0.03789198606271777,0.01524390243902439,0.039634146341463415,0.012630662020905924,0.023083623693379792,0.03092334494773519,0.037456445993031356,0.0195993031358885,0.02700348432055749,0.44076655052264807,0.023519163763066203,0.018292682926829267,0.016986062717770034
0.21416083916083917,0.015734265734265736,0.025786713286713288,0.03583916083916084,0.01486013986013986,0.038461538461538464,0.012674825174825174,0.021853146853146852,0.030594405594405596,0.03671328671328671,0.018793706293706292,0.027097902097902096,0.44624125874125875,0.0236013986013986,0.019230769230769232,0.018356643356643356
0.2092616863259065,0.01616426387068589,0.02708606378331149,0.039318479685452164,0.01310615989515072,0.03582350371341197,0.013979903888160769,0.02490170380078637,0.03145478374836173,0.03669724770642202,0.016601135867190912,0.027959807776321538,0.44823066841415465,0.024027959807776323,0.01834862385321101,0.01703800786369594
0.20287958115183247,0.017015706806282723,0.027050610820244327,0.037521815008726006,0.014834205933682374,0.03577661431064572,0.014397905759162303,0.02443280977312391,0.03315881326352531,0.037085514834205933,0.01788830715532286,0.027050610820244327,0.4524432809773124,0.02268760907504363,0.017452006980802792,0.01832460732984293
0.2052980132450331,0.016777041942604858,0.026490066225165563,0.03664459161147903,0.015894039735099338,0.037527593818984545,0.01545253863134658,0.024282560706401765,0.032229580573951436,0.037527593818984545,0.01456953642384106,0.027373068432671083,0.44900662251655626,0.025165562913907286,0.017218543046357615,0.018543046357615896
0.20350877192982456,0.015350877192982455,0.02631578947368421,0.03640350877192983,0.016666666666666666,0.03684210526315789,0.015350877192982455,0.027192982456140352,0.030263157894736843,0.03903508771929825,0.016228070175438595,0.028070175438596492,0.44473684210526315,0.025,0.017543859649122806,0.02149122807017544
0.19912280701754387,0.015789473684210527,0.025,0.03508771929824561,0.016666666666666666,0.03728070175438596,0.017105263157894738,0.02675438596491228,0.032017543859649125,0.038157894736842106,0.016228070175438595,0.02982456140350877,0.4442982456140351,0.02456140350877193,0.018421052631578946,0.02368421052631579
0.20166229221347332,0.016185476815398076,0.024059492563429572,0.03455818022747156,0.01706036745406824,0.0389326334208224,0.01837270341207349,0.02930883639545057,0.030183727034120734,0.03718285214348206,0.014873140857392825,0.02930883639545057,0.442257217847769,0.024496937882764653,0.01837270341207349,0.023184601924759404
0.20545534535855697,0.01715794104707435,0.02243730752309723,0.033875934887813465,0.01759788825340959,0.0409150901891773,0.01627804663440387,0.029476462824461064,0.030796304443466784,0.03827540695116586,0.014958205015398152,0.031236251649802024,0.4368675758908931,0.025076990761108666,0.01759788825340959,0.02199736031676199
0.20212295444493586,0.017691287041132243,0.024325519681556832,0.03272888102609465,0.017691287041132243,0.04157452454666077,0.01901813356921716,0.029632905793896505,0.03184431667403804,0.03715170278637771,0.015479876160990712,0.03051747014595312,0.43343653250773995,0.026094648385670056,0.01813356921716055,0.022556390977443608
0.2,0.01545253863134658,0.024724061810154525,0.033112582781456956,0.019426048565121413,0.039293598233995586,0.019867549668874173,0.030463576158940398,0.033554083885209716,0.03576158940397351,0.018101545253863136,0.030022075055187638,0.4326710816777042,0.027373068432671083,0.018543046357615896,0.02163355408388521
0.1998227735932654,0.017279574656623838,0.02303943287549845,0.03544528134692069,0.01993797075764289,0.03987594151528578,0.01905183872396987,0.031014621178555603,0.0358883473637572,0.03544528134692069,0.017279574656623838,0.030128489144882586,0.42755870624723086,0.028799291094373063,0.01860877270713336,0.020824102791315906
0.1971892841458059,0.015810276679841896,0.022397891963109356,0.03513394817742644,0.01932367149758454,0.03908651734738691,0.020202020202020204,0.030742204655248132,0.03645147123407993,0.03864734299516908,0.017127799736495388,0.031181379007465964,0.42863416776460256,0.028985507246376812,0.019762845849802372,0.01932367149758454
0.19428571428571428,0.014505494505494506,0.023736263736263738,0.03736263736263736,0.018901098901098902,0.04131868131868132,0.0210989010989011,0.02945054945054945,0.03472527472527472,0.036483516483516484,0.018461538461538463,0.03164835164835165,0.42725274725274726,0.027692307692307693,0.01978021978021978,0.023296703296703296
0.19047619047619047,0.013979903888160769,0.024464831804281346,0.03844473569244211,0.019222367846221056,0.04193971166448231,0.022717343818261248,0.02927042376583661,0.03494975972040192,0.0345128877238969,0.017911751856705984,0.03232852774137178,0.4237658366098733,0.027959807776321538,0.02490170380078637,0.023154215814766274
0.1861184792219275,0.017241379310344827,0.025198938992042442,0.04288240495137047,0.01856763925729443,0.041998231653404064,0.021220159151193633,0.028735632183908046,0.03580901856763926,0.033156498673740056,0.01768346595932803,0.03183023872679045,0.4217506631299735,0.029177718832891247,0.02475685234305924,0.023872679045092837
0.1856763925729443,0.018125552608311227,0.02564102564102564,0.04420866489832007,0.016799292661361626,0.04155614500442087,0.020778072502210435,0.030061892130857647,0.034482758620689655,0.034924845269672856,0.013704686118479222,0.030061892130857647,0.42528735632183906,0.029177718832891247,0.02431476569407604,0.025198938992042442
0.18997361477572558,0.01759014951627089,0.022867194371152155,0.04397537379067722,0.016710642040457344,0.040457343887423045,0.020228671943711522,0.030343007915567283,0.032541776605101144,0.0316622691292876,0.013192612137203167,0.034740545294635,0.42788038698328934,0.02990325417766051,0.024626209322779244,0.023306948109058926
0.1882404563405002,0.015796401930671347,0.02457218078104432,0.0434401053093462,0.017551557700745943,0.041246160596752963,0.02106186924089513,0.030276437033786747,0.03378674857393594,0.027643703378674857,0.01228609039052216,0.03466432645897324,0.4322071083808688,0.0298376480912681,0.02457218078104432,0.022817025010969723
0.18788958147818344,0.014692787177203919,0.024933214603739984,0.04229741763134461,0.017809439002671415,0.041852181656277826,0.023597506678539625,0.02983081032947462,0.03561887800534283,0.029385574354407838,0.013802315227070348,0.03561887800534283,0.42653606411398043,0.02894033837934105,0.02404274265360641,0.02315227070347284
0.19079238601150952,0.013722886232846392,0.02213368747233289,0.041168658698539175,0.01814962372731297,0.04205400619743249,0.025675077467906152,0.03010181496237273,0.03629924745462594,0.029216467463479414,0.013280212483399735,0.034528552456839307,0.42319610447100486,0.029216467463479414,0.027003098716246128,0.023461708720672863
0.18634361233480176,0.013215859030837005,0.024669603524229075,0.039207048458149776,0.017180616740088105,0.040969162995594714,0.025991189427312777,0.02907488986784141,0.037444933920704845,0.029515418502202642,0.01277533039647577,0.033920704845814977,0.42951541850220265,0.02907488986784141,0.02643171806167401,0.024669603524229075
0.18338488731771985,0.0136986301369863,0.027839151568714096,0.0410958904109589,0.016791869200176758,0.04330534688466637,0.026513477684489615,0.029164825452938577,0.03535130357931949,0.027839151568714096,0.014582412726469289,0.033583738400353516,0.42863455589924876,0.0273972602739726,0.027839151568714096,0.022978347326557666
0.1852337265181302,0.013543031891655745,0.02490170380078637,0.043687199650502405,0.019222367846221056,0.04325032765399738,0.027522935779816515,0.031891655744866756,0.03669724770642202,0.027522935779816515,0.016601135867190912,0.03363914373088685,0.42245522062035823,0.02490170380078637,0.026649191786806466,0.022280471821756225
0.1838170624450308,0.013192612137203167,0.026385224274406333,0.040897097625329816,0.0158311345646438,0.04309586631486367,0.025505716798592787,0.032541776605101144,0.03518029903254178,0.027704485488126648,0.01802990325417766,0.032981530343007916,0.42700087950747584,0.025945470536499562,0.028144239226033423,0.023746701846965697
0.19041394335511982,0.013943355119825708,0.027450980392156862,0.04357298474945534,0.017429193899782137,0.04400871459694989,0.023965141612200435,0.0318082788671024,0.033115468409586055,0.026579520697167756,0.01699346405228758,0.0318082788671024,0.42135076252723314,0.02701525054466231,0.02483660130718954,0.02570806100217865
0.18758256274768825,0.012769704975781594,0.02774108322324967,0.041391457507705856,0.018494055482166448,0.04535446939674152,0.022457067371202115,0.034346103038309116,0.03302509907529723,0.02906208718626156,0.015852047556142668,0.033905768383971815,0.4196389255834434,0.025979744605900485,0.026420079260237782,0.025979744605900485
0.1850877192982456,0.012719298245614035,0.02543859649122807,0.0412280701754386,0.017543859649122806,0.042105263157894736,0.02149122807017544,0.03640350877192983,0.03289473684210526,0.031140350877192982,0.015789473684210527,0.03333333333333333,0.42719298245614035,0.02631578947368421,0.02675438596491228,0.02456140350877193
0.1940891045434495,0.0141155712395236,0.027348919276576972,0.04190560211733568,0.0176444640494045,0.044111160123511246,0.021614468460520512,0.035288928098809,0.032201146890163214,0.02999558888398765,0.0141155712395236,0.031318923687692984,0.42082046757829733,0.023820026466696075,0.026025584472871635,0.025584472871636524
0.19629466254962505,0.013674459638288486,0.02337891486546096,0.043228936921041024,0.0176444640494045,0.044111160123511246,0.021614468460520512,0.035288928098809,0.032201146890163214,0.02867225408028231,0.015880017644464048,0.032642258491398325,0.42126157917953244,0.022496691662990738,0.02337891486546096,0.0282311424790472
0.19127368884971352,0.012780960775672102,0.024239753195240195,0.042309387395328336,0.01762891141472014,0.04715733803437638,0.02247686205376818,0.03437637725870427,0.031732040546496254,0.02996914940502424,0.015866020273248127,0.03525782282944028,0.4191273688849714,0.02247686205376818,0.023358307624504186,0.02996914940502424
0.18838652482269502,0.012411347517730497,0.023936170212765957,0.040336879432624116,0.01950354609929078,0.044326241134751775,0.02304964539007092,0.034574468085106384,0.03280141843971631,0.02925531914893617,0.015957446808510637,0.03546099290780142,0.42109929078014185,0.024379432624113476,0.02171985815602837,0.03280141843971631
