C_R,C_A,C_S,C_N,D_R,D_A,D_S,D_N,Oc_R,Oc_A,Oc_S,Oc_N,Od_R,Od_A,Od_S,Od_N
0.0,0.0,0.0,0.0,1.0,0.0,0.0,0.0,0.0,0.0,0.0,0.0,0.0,0.0,0.0,0.0
0.6666666666666666,0.0,0.0,0.0,0.3333333333333333,0.0,0.0,0.0,0.0,0.0,0.0,0.0,0.0,0.0,0.0,0.0
0.6666666666666666,0.0,0.16666666666666666,0.0,0.16666666666666666,0.0,0.0,0.0,0.0,0.0,0.0,0.0,0.0,0.0,0.0,0.0
0.6666666666666666,0.0,0.1111111111111111,0.0,0.1111111111111111,0.0,0.1111111111111111,0.0,0.0,0.0,0.0,0.0,0.0,0.0,0.0,0.0
0.8125,0.0,0.0625,0.0,0.0625,0.0,0.0625,0.0,0.0,0.0,0.0,0.0,0.0,0.0,0.0,0.0
0.7692307692307693,0.0,0.07692307692307693,0.0,0.038461538461538464,0.0,0.038461538461538464,0.0,0.0,0.0,0.0,0.07692307692307693,0.0,0.0,0.0,0.0
0.8108108108108109,0.0,0.05405405405405406,0.0,0.02702702702702703,0.0,0.02702702702702703,0.0,0.0,0.0,0.0,0.08108108108108109,0.0,0.0,0.0,0.0
0.8,0.0,0.044444444444444446,0.0,0.022222222222222223,0.0,0.022222222222222223,0.0,0.0,0.0,0.0,0.08888888888888889,0.022222222222222223,0.0,0.0,0.0
0.8333333333333334,0.0,0.03333333333333333,0.0,0.016666666666666666,0.03333333333333333,0.016666666666666666,0.0,0.0,0.0,0.0,0.05,0.016666666666666666,0.0,0.0,0.0
0.8356164383561644,0.0,0.0273972602739726,0.0,0.0136986301369863,0.0410958904109589,0.0136986301369863,0.0,0.0,0.0,0.0,0.0547945205479452,0.0136986301369863,0.0,0.0,0.0
0.8367346938775511,0.0,0.02040816326530612,0.0,0.01020408163265306,0.04081632653061224,0.01020408163265306,0.0,0.0,0.0,0.0,0.07142857142857142,0.01020408163265306,0.0,0.0,0.0
0.8455284552845529,0.0,0.008130081300813009,0.0,0.008130081300813009,0.04878048780487805,0.016260162601626018,0.0,0.0,0.0,0.0,0.056910569105691054,0.016260162601626018,0.0,0.0,0.0
0.8289473684210527,0.0,0.006578947368421052,0.0,0.006578947368421052,0.05263157894736842,0.019736842105263157,0.0,0.0,0.0,0.006578947368421052,0.05921052631578947,0.019736842105263157,0.0,0.0,0.0
0.8387096774193549,0.0,0.0,0.0,0.005376344086021506,0.04838709677419355,0.005376344086021506,0.0,0.0,0.0,0.010752688172043012,0.06989247311827956,0.021505376344086023,0.0,0.0,0.0
0.8154506437768241,0.004291845493562232,0.0,0.004291845493562232,0.004291845493562232,0.05150214592274678,0.004291845493562232,0.0,0.0,0.0,0.008583690987124463,0.07725321888412018,0.02575107296137339,0.0,0.0,0.004291845493562232
0.78839590443686,0.0,0.006825938566552901,0.006825938566552901,0.0034129692832764505,0.06484641638225255,0.0034129692832764505,0.0,0.0,0.0,0.006825938566552901,0.07508532423208192,0.034129692832764506,0.0,0.006825938566552901,0.0034129692832764505
0.7885714285714286,0.0,0.005714285714285714,0.005714285714285714,0.002857142857142857,0.05714285714285714,0.002857142857142857,0.0,0.0,0.0,0.008571428571428572,0.08,0.04285714285714286,0.0,0.002857142857142857,0.002857142857142857
0.7631578947368421,0.0,0.004784688995215311,0.009569377990430622,0.0023923444976076554,0.07177033492822966,0.0023923444976076554,0.0,0.0,0.004784688995215311,0.007177033492822967,0.06937799043062201,0.05263157894736842,0.004784688995215311,0.004784688995215311,0.0023923444976076554
0.7591836734693878,0.0,0.004081632653061225,0.00816326530612245,0.0,0.06938775510204082,0.0020408163265306124,0.0,0.0020408163265306124,0.004081632653061225,0.006122448979591836,0.0653061224489796,0.06326530612244897,0.01020408163265306,0.004081632653061225,0.0020408163265306124
0.7517605633802817,0.0,0.00528169014084507,0.008802816901408451,0.0,0.06338028169014084,0.00528169014084507,0.0,0.0017605633802816902,0.0035211267605633804,0.00528169014084507,0.06690140845070422,0.07042253521126761,0.01056338028169014,0.00528169014084507,0.0017605633802816902
0.7425149700598802,0.0014970059880239522,0.004491017964071856,0.011976047904191617,0.0,0.06437125748502993,0.004491017964071856,0.0,0.0014970059880239522,0.005988023952095809,0.004491017964071856,0.0748502994011976,0.06736526946107785,0.010479041916167664,0.004491017964071856,0.0014970059880239522
0.7225891677675033,0.001321003963011889,0.003963011889035667,0.009247027741083224,0.0,0.06737120211360634,0.005284015852047556,0.0,0.003963011889035667,0.0066050198150594455,0.003963011889035667,0.08190224570673713,0.07793923381770146,0.009247027741083224,0.005284015852047556,0.001321003963011889
0.7152858809801633,0.003500583430571762,0.004667444574095682,0.010501750291715286,0.0,0.06301050175029171,0.003500583430571762,0.002333722287047841,0.003500583430571762,0.007001166861143524,0.005834305717619603,0.08284714119019837,0.08168028004667445,0.010501750291715286,0.004667444574095682,0.0011668611435239206
0.7070600632244468,0.001053740779768177,0.004214963119072708,0.011591148577449948,0.0,0.06533192834562697,0.004214963119072708,0.003161222339304531,0.002107481559536354,0.009483667017913594,0.005268703898840885,0.08640674394099052,0.0821917808219178,0.0136986301369863,0.004214963119072708,0.0
0.7021883920076119,0.0019029495718363464,0.005708848715509039,0.014272121788772598,0.0009514747859181732,0.06374881065651761,0.004757373929590866,0.0028544243577545195,0.0019029495718363464,0.010466222645099905,0.004757373929590866,0.09324452901998097,0.0780209324452902,0.012369172216936251,0.0028544243577545195,0.0
0.6937882764654418,0.0017497812773403325,0.005249343832020997,0.015748031496062992,0.0008748906386701663,0.06561679790026247,0.005249343832020997,0.0026246719160104987,0.0026246719160104987,0.009623797025371828,0.004374453193350831,0.09536307961504811,0.0804899387576553,0.013123359580052493,0.0017497812773403325,0.0017497812773403325
0.673182173573104,0.0023455824863174357,0.00547302580140735,0.018764659890539485,0.001563721657544957,0.06411258795934324,0.004691164972634871,0.0023455824863174357,0.003127443315089914,0.011727912431587178,0.003909304143862392,0.1016419077404222,0.08678655199374512,0.01641907740422205,0.0023455824863174357,0.001563721657544957
0.6678912564290963,0.002204261572373255,0.0036737692872887582,0.019838354151359296,0.0029390154298310064,0.06318883174136664,0.002204261572373255,0.002204261572373255,0.002204261572373255,0.013960323291697281,0.0036737692872887582,0.106539309331374,0.08743570903747244,0.01763409257898604,0.002204261572373255,0.002204261572373255
0.6540837336993823,0.002059025394646534,0.00549073438572409,0.02059025394646534,0.004118050789293068,0.07069320521619767,0.002745367192862045,0.0034317089910775567,0.002059025394646534,0.015099519560741249,0.0034317089910775567,0.10569663692518874,0.08853809196980096,0.017158544955387784,0.002745367192862045,0.002059025394646534
0.6468279921517331,0.0013080444735120995,0.005232177894048398,0.02289077828646174,0.003924133420536298,0.06932635709614127,0.002616088947024199,0.0032701111837802484,0.001962066710268149,0.015696533682145193,0.002616088947024199,0.1105297580117724,0.09352517985611511,0.015042511445389144,0.0032701111837802484,0.001962066710268149
0.6496932515337424,0.0018404907975460123,0.0049079754601227,0.025153374233128835,0.0036809815950920245,0.0687116564417178,0.00245398773006135,0.0036809815950920245,0.0018404907975460123,0.016564417177914112,0.0018404907975460123,0.11288343558282209,0.0852760736196319,0.015950920245398775,0.0036809815950920245,0.0018404907975460123
0.6462781304096942,0.002308136180034622,0.004039238315060588,0.025389497980380843,0.0028851702250432777,0.0675129832660127,0.0028851702250432777,0.003462204270051933,0.002308136180034622,0.016156953260242354,0.0017311021350259665,0.11482977495672245,0.08886324293133295,0.015002885170225043,0.004616272360069244,0.0017311021350259665
0.6367144432194046,0.0027563395810363835,0.004961411245865491,0.023704520396912898,0.0033076074972436605,0.0689084895259096,0.0016538037486218302,0.003858875413450937,0.0027563395810363835,0.018191841234840134,0.0016538037486218302,0.11190738699007717,0.0970231532524807,0.014332965821389196,0.005512679162072767,0.0027563395810363835
0.6228391828182295,0.0026191723415400735,0.004714510214772132,0.02357255107386066,0.003143006809848088,0.07543216343635412,0.0020953378732320588,0.004714510214772132,0.003666841278156103,0.01885804085908853,0.0020953378732320588,0.11576741749607124,0.09481403876375065,0.016238868517548456,0.005762179151388162,0.003666841278156103
0.6168271667511404,0.0020273694880892043,0.0040547389761784085,0.026862645717181957,0.005575266092245312,0.07197161682716675,0.0020273694880892043,0.0040547389761784085,0.00456158134820071,0.01824632539280284,0.0030410542321338066,0.11809427268119614,0.0963000506842372,0.015205271160669031,0.00506842372022301,0.006082108464267613
0.6112457586039748,0.00290838584585555,0.003877847794474067,0.025206010664081433,0.004362578768783325,0.07270964614638875,0.0019389238972370335,0.003877847794474067,0.004362578768783325,0.019389238972370333,0.00290838584585555,0.11972855065438681,0.09985458070770722,0.016965584100824042,0.004847309743092583,0.0058167716917111
0.6042352941176471,0.0042352941176470585,0.004705882352941176,0.023529411764705882,0.0042352941176470585,0.07247058823529412,0.002823529411764706,0.0037647058823529413,0.004705882352941176,0.018823529411764704,0.0032941176470588237,0.1228235294117647,0.10447058823529412,0.014588235294117647,0.0051764705882352945,0.00611764705882353
0.5993575034419458,0.004130335016062414,0.004589261128958238,0.022487379531895366,0.004589261128958238,0.07388710417622762,0.002294630564479119,0.004589261128958238,0.004589261128958238,0.019274896741624598,0.0032124827902707664,0.12115649380449747,0.10968334098210188,0.014685635612666361,0.005048187241854061,0.006424965580541533
0.5905547913801009,0.0032095369096744614,0.0050435580009170105,0.026593305823016965,0.004585052728106373,0.07473635946813388,0.002751031636863824,0.0050435580009170105,0.004585052728106373,0.02063273727647868,0.0032095369096744614,0.1178358551123338,0.11325080238422743,0.014213663457129757,0.005502063273727648,0.008253094910591471
0.5885275519421861,0.0027100271002710027,0.005420054200542005,0.025745257452574527,0.0040650406504065045,0.07723577235772358,0.0031616982836495033,0.0040650406504065045,0.004516711833785004,0.02168021680216802,0.0018066847335140017,0.11472448057813911,0.11878952122854562,0.012646793134598013,0.006323396567299007,0.008581752484191508
0.5874943769680612,0.002699055330634278,0.004948268106162843,0.027890238416554206,0.004048582995951417,0.07647323436797121,0.003598740440845704,0.003598740440845704,0.005398110661268556,0.0206927575348628,0.002699055330634278,0.11785874943769681,0.11650922177237967,0.013045434098065677,0.005398110661268556,0.007647323436797121
0.5845539280958721,0.003550821127385708,0.003550821127385708,0.028406569019085663,0.0039946737683089215,0.07767421216156237,0.004438526409232135,0.0039946737683089215,0.005770084332001775,0.019529516200621395,0.002663115845539281,0.11762094984465157,0.11717709720372836,0.013759431868619618,0.005326231691078562,0.007989347536617843
0.5886272767658818,0.004886717014660151,0.003998223011994669,0.02798756108396268,0.003998223011994669,0.07641048422923145,0.003998223011994669,0.00444247001332741,0.00444247001332741,0.019991115059973346,0.003109729009329187,0.11505997334517992,0.11728120835184362,0.01332741003998223,0.00444247001332741,0.007996446023989337
0.589010989010989,0.005274725274725275,0.005714285714285714,0.03164835164835165,0.0035164835164835165,0.07472527472527472,0.003956043956043956,0.004835164835164835,0.003956043956043956,0.02021978021978022,0.004395604395604396,0.10901098901098902,0.1178021978021978,0.012747252747252748,0.005274725274725275,0.007912087912087912
0.5893805309734513,0.0048672566371681415,0.00663716814159292,0.036283185840707964,0.0035398230088495575,0.0747787610619469,0.003982300884955752,0.005752212389380531,0.004424778761061947,0.020353982300884955,0.003097345132743363,0.10707964601769912,0.11548672566371682,0.010619469026548672,0.005309734513274336,0.008407079646017699
0.5827017387427552,0.005349977708426215,0.006241640659830584,0.036558181007579134,0.004012483281319661,0.07356219349086046,0.003120820329915292,0.006241640659830584,0.003120820329915292,0.02050824788230049,0.002229157378510923,0.11101203744984396,0.11992866696388765,0.01069995541685243,0.0057958091841284,0.008916629514043692
0.5823399558498896,0.005739514348785872,0.0075055187637969095,0.03443708609271523,0.003973509933774834,0.07373068432671082,0.0030905077262693157,0.00706401766004415,0.002207505518763797,0.019867549668874173,0.003532008830022075,0.10993377483443709,0.11743929359823399,0.012362030905077263,0.00706401766004415,0.009713024282560706
0.5762411347517731,0.00576241134751773,0.0070921985815602835,0.03723404255319149,0.004432624113475178,0.0726950354609929,0.0031028368794326243,0.007535460992907801,0.002216312056737589,0.019060283687943262,0.0035460992907801418,0.10859929078014184,0.12234042553191489,0.01374113475177305,0.0070921985815602835,0.009308510638297872
0.5762863534675615,0.006711409395973154,0.006711409395973154,0.036241610738255034,0.004921700223713647,0.07158836689038031,0.003131991051454139,0.008053691275167786,0.0022371364653243847,0.019686800894854587,0.004026845637583893,0.10514541387024609,0.12393736017897092,0.012975391498881432,0.008053691275167786,0.01029082774049217
0.5746566238369517,0.00664599025254763,0.006202924235711121,0.03766061143110323,0.0057598582188746125,0.06778910057598582,0.002658396101019052,0.00974745237040319,0.002658396101019052,0.01993797075764289,0.003544528134692069,0.1072219760744351,0.1236154186973859,0.012405848471422242,0.008861320336730172,0.010633584404076208
0.5688888888888889,0.004888888888888889,0.007555555555555556,0.03911111111111111,0.005333333333333333,0.06755555555555555,0.0026666666666666666,0.008888888888888889,0.003111111111111111,0.02,0.0026666666666666666,0.10888888888888888,0.12666666666666668,0.012,0.009333333333333334,0.012444444444444444
0.5755011135857461,0.004899777282850779,0.0066815144766146995,0.04053452115812917,0.0035634743875278397,0.06636971046770601,0.0031180400890868597,0.008908685968819599,0.0031180400890868597,0.019599109131403118,0.0031180400890868597,0.10779510022271716,0.12383073496659243,0.013363028953229399,0.008017817371937639,0.011581291759465479
0.5676392572944297,0.005747126436781609,0.006631299734748011,0.040229885057471264,0.0035366931918656055,0.0680813439434129,0.004420866489832007,0.008841732979664015,0.003978779840848806,0.01768346595932803,0.0035366931918656055,0.10831122900088418,0.12643678160919541,0.015030946065428824,0.007515473032714412,0.01237842617152962
0.5595505617977528,0.006741573033707865,0.007640449438202248,0.038202247191011236,0.004943820224719101,0.0696629213483146,0.004044943820224719,0.00943820224719101,0.005393258426966292,0.018426966292134833,0.0035955056179775282,0.10696629213483146,0.12629213483146068,0.016179775280898877,0.007640449438202248,0.015280898876404495
0.5608988764044944,0.006741573033707865,0.006741573033707865,0.041797752808988765,0.006292134831460674,0.06561797752808989,0.0035955056179775282,0.009887640449438202,0.005393258426966292,0.01662921348314607,0.0044943820224719105,0.10606741573033708,0.12808988764044943,0.015280898876404495,0.0071910112359550565,0.015280898876404495
0.5624450307827616,0.006156552330694811,0.007036059806508356,0.04397537379067722,0.006156552330694811,0.06200527704485488,0.00395778364116095,0.007475813544415127,0.0043975373790677225,0.016710642040457344,0.004837291116974494,0.10202286719437115,0.13236587510993844,0.0158311345646438,0.0079155672823219,0.016710642040457344
0.554610564010743,0.005819158460161146,0.008057296329453895,0.043867502238137866,0.005819158460161146,0.06132497761862131,0.0040286481647269475,0.006266786034019696,0.004923903312444047,0.019695613249776187,0.005819158460161146,0.09982094897045658,0.13742166517457474,0.01656222023276634,0.008057296329453895,0.017905102954341987
0.5539947322212467,0.005706760316066725,0.00877963125548727,0.043898156277436345,0.005706760316066725,0.06233538191395961,0.0052677787532923615,0.006584723441615452,0.004828797190517998,0.019315188762071993,0.006145741878841089,0.0996488147497805,0.13652326602282705,0.015803336259877086,0.007023705004389816,0.018437225636523266
0.551678445229682,0.007950530035335688,0.009275618374558304,0.04240282685512368,0.006183745583038869,0.06139575971731449,0.004858657243816254,0.007508833922261484,0.005742049469964664,0.0176678445229682,0.005742049469964664,0.09584805653710247,0.1413427561837456,0.015901060070671377,0.0066254416961130744,0.01987632508833922
0.5514348785871964,0.009713024282560706,0.008830022075055188,0.04370860927152318,0.005739514348785872,0.06181015452538632,0.003973509933774834,0.008388520971302429,0.004856512141280353,0.02119205298013245,0.004415011037527594,0.09977924944812362,0.13598233995584988,0.015011037527593819,0.00706401766004415,0.018101545253863136
0.5505117935024477,0.010235870048954161,0.008455718736092568,0.04539385847797063,0.006230529595015576,0.059635068980863376,0.004450378282153983,0.007120605251446373,0.004895416110369382,0.023141967067200713,0.004895416110369382,0.09835336003560302,0.13840676457498888,0.01335113484646195,0.007120605251446373,0.017801513128615932
0.5473451327433628,0.008407079646017699,0.008849557522123894,0.045575221238938056,0.006194690265486726,0.05530973451327434,0.0035398230088495575,0.009292035398230088,0.005752212389380531,0.024336283185840708,0.0048672566371681415,0.09690265486725663,0.14601769911504425,0.012389380530973451,0.00663716814159292,0.018584070796460177
0.5452922802320392,0.008032128514056224,0.00892458723784025,0.049085229808121376,0.0049085229808121375,0.0499776885319054,0.004016064257028112,0.009817045961624275,0.007585899152164213,0.023650156180276664,0.0049085229808121375,0.09683177153056671,0.14725568942436412,0.013833110218652387,0.008032128514056224,0.0178491744756805
0.5466960352422907,0.009251101321585903,0.00881057268722467,0.04801762114537445,0.003964757709251102,0.05462555066079295,0.0030837004405286344,0.009691629955947136,0.006607929515418502,0.02290748898678414,0.0052863436123348016,0.09691629955947137,0.1444933920704846,0.013656387665198238,0.007488986784140969,0.018502202643171806
0.5464700625558534,0.008489722966934763,0.008489722966934763,0.04602323503127793,0.004915102770330653,0.05361930294906166,0.002680965147453083,0.009830205540661306,0.0071492403932082215,0.024128686327077747,0.005361930294906166,0.09517426273458444,0.14745308310991956,0.014298480786416443,0.00580875781948168,0.020107238605898123
0.5510835913312694,0.00796107916850951,0.008403361344537815,0.04688191065900044,0.005307386112339673,0.0513047324192835,0.0030959752321981426,0.010172490048651039,0.006191950464396285,0.022114108801415303,0.005307386112339673,0.09818664307828394,0.14241486068111456,0.01592215833701902,0.003980539584254755,0.021671826625386997
0.5490716180371353,0.008399646330680813,0.008399646330680813,0.04509283819628647,0.005305039787798408,0.052166224580017684,0.0035366931918656055,0.010167992926613616,0.00618921308576481,0.021220159151193633,0.004862953138815208,0.09372236958443855,0.14809902740937222,0.017241379310344827,0.004420866489832007,0.022104332449160036
0.5516629711751663,0.008425720620842573,0.007982261640798226,0.043458980044345896,0.005764966740576497,0.05454545454545454,0.004878048780487805,0.010643015521064302,0.004878048780487805,0.019955654101995565,0.006208425720620843,0.0917960088691796,0.14944567627494457,0.01729490022172949,0.003991130820399113,0.019068736141906874
0.5512304250559285,0.007606263982102908,0.008501118568232663,0.04519015659955257,0.004026845637583893,0.05190156599552573,0.004026845637583893,0.011633109619686801,0.0044742729306487695,0.020134228187919462,0.0071588366890380315,0.0894854586129754,0.1534675615212528,0.017002237136465325,0.0044742729306487695,0.019686800894854587
0.5473359753412593,0.007485689123734038,0.009247027741083224,0.047556142668428,0.0048436811977102595,0.05151915455746367,0.004403346543372964,0.011889035667107,0.005724350506384853,0.020695728753852928,0.00836635843240863,0.08366358432408631,0.1576398062527521,0.015852047556142668,0.0035226772346983706,0.02025539409951563
0.5461368653421633,0.006622516556291391,0.009713024282560706,0.04988962472406181,0.006181015452538631,0.051655629139072845,0.004856512141280353,0.011479028697571744,0.005298013245033113,0.019867549668874173,0.008388520971302429,0.08123620309050773,0.1576158940397351,0.016777041942604858,0.004415011037527594,0.019867549668874173
0.5487914055505819,0.006714413607878245,0.008504923903312443,0.05416293643688451,0.006714413607878245,0.049239033124440466,0.004476275738585497,0.009847806624888093,0.005819158460161146,0.019247985675917637,0.007609668755595345,0.07788719785138765,0.15980304386750224,0.017009847806624886,0.004923903312444047,0.019247985675917637
0.5466960352422907,0.006607929515418502,0.00881057268722467,0.053744493392070485,0.007488986784140969,0.048458149779735685,0.003964757709251102,0.01013215859030837,0.007048458149779736,0.018061674008810574,0.007048458149779736,0.07400881057268723,0.16079295154185022,0.019383259911894272,0.004845814977973568,0.02290748898678414
0.5498901098901099,0.007032967032967033,0.009230769230769232,0.05318681318681319,0.0074725274725274725,0.04659340659340659,0.003956043956043956,0.009230769230769232,0.007912087912087912,0.01934065934065934,0.007032967032967033,0.07076923076923076,0.16307692307692306,0.01934065934065934,0.003956043956043956,0.02197802197802198
0.5486450466459352,0.007552199022656597,0.00888494002665482,0.053753887161261664,0.007107952021323856,0.0444247001332741,0.003109729009329187,0.009773434029320302,0.007552199022656597,0.019991115059973346,0.006663705019991115,0.07063527321190582,0.1679253665037761,0.01821412705464238,0.003998223011994669,0.021768103065304308
0.5501990269792127,0.007076514816452897,0.009287925696594427,0.055285272003538256,0.006634232640424591,0.0437859354268023,0.003980539584254755,0.008845643520566122,0.009287925696594427,0.019902697921273773,0.007076514816452897,0.07209199469261389,0.1601061477222468,0.019460415745245468,0.004422821760283061,0.022556390977443608
0.5419982316534041,0.007073386383731211,0.010610079575596816,0.05658709106984969,0.007073386383731211,0.04111405835543767,0.003978779840848806,0.009725906277630416,0.008841732979664015,0.01856763925729443,0.007073386383731211,0.07294429708222812,0.16799292661361626,0.01989389920424403,0.003978779840848806,0.022546419098143235
0.5490973139586085,0.0066050198150594455,0.010127697049757816,0.05636283575517393,0.007926023778071334,0.041391457507705856,0.0035226772346983706,0.011448701012769706,0.007045354469396741,0.01893439013650374,0.006164685160722149,0.07045354469396742,0.16556583003082342,0.019374724790841038,0.003963011889035667,0.022016732716864818
0.5394853593611357,0.005323868677905945,0.012422360248447204,0.055900621118012424,0.008873114463176575,0.04259094942324756,0.003105590062111801,0.012866015971606033,0.005767524401064774,0.01818988464951198,0.005323868677905945,0.07320319432120674,0.17169476486246674,0.01774622892635315,0.003992901508429458,0.023513753327417924
0.5477565526432696,0.005775211017325633,0.012438916037316748,0.05508662816525989,0.008440693025322079,0.0422034651266104,0.0026654820079964462,0.014215904042647711,0.0053309640159928924,0.0173256330519769,0.004886717014660151,0.07019102621057308,0.16970235450910706,0.01776988005330964,0.005775211017325633,0.020435362061306087
0.5423654015887026,0.00617828773168579,0.01147396293027361,0.054280670785525155,0.009708737864077669,0.040158870255957636,0.003971756398940865,0.014563106796116505,0.005736981465136805,0.020741394527802295,0.00529567519858782,0.07016769638128861,0.16990291262135923,0.018093556928508385,0.006619593998234775,0.020741394527802295
0.5425155004428698,0.0070859167404783,0.011957484499557131,0.05270150575730735,0.010186005314437556,0.04074402125775022,0.0044286979627989375,0.013728963684676704,0.0070859167404783,0.018600531443755536,0.006200177147918512,0.06510186005314438,0.17271922054915856,0.01771479185119575,0.007971656333038087,0.021257750221434897
0.5329500221141088,0.009287925696594427,0.011941618752764263,0.055285272003538256,0.011057054400707651,0.040689960194604156,0.0035382574082264487,0.01592215833701902,0.006191950464396285,0.020344980097302078,0.005307386112339673,0.0654577620521893,0.17558602388323752,0.01901813356921716,0.006634232640424591,0.020787262273330383
0.5328628142920159,0.011027790030877812,0.011468901632112925,0.05337450374944861,0.011910013233348038,0.043670048522276135,0.004411116012351125,0.016762240846934274,0.0066166740185266875,0.017203352448169385,0.004852227613586237,0.0674900749889722,0.17159241288045876,0.019850022055580063,0.0066166740185266875,0.020291133656815175
0.5375280898876404,0.010337078651685393,0.011235955056179775,0.05303370786516854,0.011235955056179775,0.041797752808988765,0.004943820224719101,0.015730337078651686,0.0071910112359550565,0.01662921348314607,0.004943820224719101,0.06651685393258427,0.1748314606741573,0.018426966292134833,0.005393258426966292,0.020224719101123594
0.5361552028218695,0.009259259259259259,0.012786596119929453,0.05335097001763668,0.01146384479717813,0.041005291005291,0.005731922398589065,0.01675485008818342,0.007936507936507936,0.01675485008818342,0.005731922398589065,0.06657848324514991,0.17416225749559083,0.01675485008818342,0.005291005291005291,0.020282186948853614
0.5304232804232805,0.010582010582010581,0.013227513227513227,0.05555555555555555,0.008818342151675485,0.03968253968253968,0.006172839506172839,0.01763668430335097,0.007936507936507936,0.016313932980599646,0.0048500881834215165,0.06613756613756613,0.18209876543209877,0.01675485008818342,0.0048500881834215165,0.01895943562610229
0.531431119037004,0.010254123941150245,0.012037449843958983,0.057066428889879624,0.008470798038341507,0.038341506910387874,0.006687472135532769,0.017833259028087384,0.008916629514043692,0.01649576460098083,0.00490414623272403,0.06419973250111458,0.18323673651359787,0.017387427552385197,0.00490414623272403,0.017833259028087384
0.5342105263157895,0.010087719298245614,0.012280701754385965,0.05570175438596491,0.007894736842105263,0.03640350877192983,0.0061403508771929825,0.016228070175438595,0.010087719298245614,0.015350877192982455,0.004824561403508772,0.06754385964912281,0.181140350877193,0.01929824561403509,0.0043859649122807015,0.018421052631578946
0.5348939929328622,0.0088339222614841,0.012809187279151944,0.0534452296819788,0.008392226148409895,0.0357773851590106,0.004858657243816254,0.01678445229681979,0.010159010600706713,0.015901060070671377,0.00530035335689046,0.06802120141342756,0.18374558303886926,0.018109540636042403,0.004858657243816254,0.018109540636042403
0.5363554757630161,0.009425493716337522,0.012118491921005385,0.04847396768402154,0.00763016157989228,0.03590664272890485,0.004937163375224416,0.01615798922800718,0.009874326750448833,0.013913824057450628,0.0058348294434470375,0.0677737881508079,0.18895870736086176,0.017953321364452424,0.004488330341113106,0.020197486535008975
0.5331868131868132,0.008351648351648353,0.012307692307692308,0.04923076923076923,0.006593406593406593,0.03428571428571429,0.004835164835164835,0.014945054945054945,0.00967032967032967,0.015384615384615385,0.006153846153846154,0.06857142857142857,0.19428571428571428,0.01802197802197802,0.005274725274725275,0.018901098901098902
0.5377483443708609,0.009271523178807948,0.011479028697571744,0.05121412803532009,0.006181015452538631,0.03399558498896247,0.005298013245033113,0.015011037527593819,0.008388520971302429,0.01456953642384106,0.005739514348785872,0.0706401766004415,0.18631346578366445,0.019867549668874173,0.006622516556291391,0.017660044150110375
0.5354609929078015,0.008865248226950355,0.011968085106382979,0.054078014184397165,0.0062056737588652485,0.034131205673758866,0.00576241134751773,0.015957446808510637,0.0070921985815602835,0.01374113475177305,0.00576241134751773,0.06870567375886524,0.18661347517730498,0.0199468085106383,0.0062056737588652485,0.01950354609929078
0.5343137254901961,0.008912655971479501,0.0106951871657754,0.05525846702317291,0.0066844919786096255,0.03342245989304813,0.004456327985739751,0.016488413547237075,0.006238859180035651,0.015151515151515152,0.0053475935828877,0.06729055258467023,0.1889483065953654,0.02094474153297683,0.006238859180035651,0.0196078431372549
0.5345519393669194,0.008470798038341507,0.009362460989745877,0.05572893446277307,0.007579135086937138,0.032545697726259475,0.00490414623272403,0.015158270173874276,0.0057958091841284,0.015158270173874276,0.005349977708426215,0.06553722692822113,0.19215336602764155,0.01961658493089612,0.006241640659830584,0.021845742309407043
0.5383259911894274,0.00881057268722467,0.008370044052863436,0.05506607929515418,0.007048458149779736,0.03039647577092511,0.007048458149779736,0.014977973568281937,0.007048458149779736,0.016740088105726872,0.005726872246696035,0.06387665198237885,0.18766519823788547,0.020704845814977973,0.006167400881057269,0.022026431718061675
0.5310406431442608,0.009379187137114784,0.009379187137114784,0.05180884323358642,0.006252791424743189,0.02992407324698526,0.007146047342563644,0.014738722644037517,0.0080393032603841,0.017418490397498883,0.007592675301473872,0.06386779812416257,0.1942831621259491,0.02009825815096025,0.005806163465832961,0.023224653863331845
0.5360104757747708,0.008729812309035356,0.00960279353993889,0.05456132693147097,0.006983849847228284,0.030990833697075514,0.006547359231776516,0.014840680925360105,0.007420340462680052,0.016150152771715408,0.006983849847228284,0.05979921431689219,0.1938018332605849,0.017459624618070713,0.005237887385421213,0.024879965080750764
0.5400619743249225,0.009738822487826471,0.010624169986719787,0.05223550243470562,0.00619743249225321,0.029216467463479414,0.005312084993359893,0.01637892872952634,0.00619743249225321,0.016821602478972998,0.005754758742806552,0.05887560867640549,0.19389110225763612,0.019034971226206288,0.00398406374501992,0.025675077467906152
0.5432692307692307,0.008304195804195804,0.010926573426573426,0.05506993006993007,0.005681818181818182,0.026223776223776224,0.0030594405594405595,0.016608391608391608,0.005681818181818182,0.017482517482517484,0.006555944055944056,0.05550699300699301,0.19493006993006992,0.019667832167832168,0.004370629370629371,0.02666083916083916
0.5434973637961336,0.007469244288224956,0.01054481546572935,0.05711775043936731,0.0048330404217926184,0.026362038664323375,0.0030755711775043936,0.01757469244288225,0.0048330404217926184,0.01625659050966608,0.006590509666080844,0.054481546572934976,0.19727592267135324,0.01757469244288225,0.005272407732864675,0.027240773286467488
0.5405168637757337,0.00788436268068331,0.009636443276390714,0.05694261936049058,0.005256241787122208,0.02759526938239159,0.003942181340341655,0.016644765659220323,0.006570302233902759,0.01576872536136662,0.00700832238282961,0.05081033727551467,0.202365308804205,0.017520805957074025,0.005256241787122208,0.026281208935611037
0.5444493586908448,0.006634232640424591,0.009287925696594427,0.05572755417956656,0.004422821760283061,0.028748341441839895,0.0035382574082264487,0.01680672268907563,0.006634232640424591,0.017249004865103935,0.007076514816452897,0.05307386112339673,0.1977001326846528,0.017691287041132243,0.004865103936311367,0.026094648385670056
0.5352993744414656,0.006702412868632708,0.009830205540661306,0.058534405719392314,0.004021447721179625,0.026362823949955316,0.004021447721179625,0.01742627345844504,0.007596067917783735,0.016979445933869526,0.00804289544235925,0.05317247542448615,0.2037533512064343,0.01876675603217158,0.004468275245755138,0.025022341376228777
0.5382222222222223,0.007555555555555556,0.009777777777777778,0.057777777777777775,0.004,0.025777777777777778,0.0035555555555555557,0.015555555555555555,0.007555555555555556,0.016444444444444446,0.007555555555555556,0.051111111111111114,0.204,0.021777777777777778,0.0035555555555555557,0.025777777777777778
0.5266429840142096,0.006216696269982238,0.009769094138543518,0.06039076376554174,0.0053285968028419185,0.027531083481349913,0.003552397868561279,0.015985790408525755,0.007104795737122558,0.015985790408525755,0.007992895204262877,0.05106571936056838,0.20959147424511546,0.02264653641207815,0.003996447602131439,0.026198934280639432
0.5330105633802817,0.007042253521126761,0.008802816901408451,0.05721830985915493,0.006161971830985915,0.028169014084507043,0.0044014084507042256,0.018485915492957746,0.007482394366197183,0.01584507042253521,0.007922535211267605,0.04973591549295775,0.20642605633802816,0.02112676056338028,0.003961267605633803,0.02420774647887324
0.5315952275740168,0.008395934600088379,0.008837825894829872,0.05788775961113566,0.0057445868316394165,0.026071586389748123,0.004860804242156429,0.019001325673884226,0.007954043305346884,0.016349977905435263,0.007512152010605391,0.049491825011047284,0.20813079982324348,0.019885108263367212,0.003977021652673442,0.024304021210782147
0.5336559612846459,0.009678838539375276,0.007479102507699076,0.05763308402991641,0.005279366476022877,0.025516937967443906,0.004399472063352398,0.01935767707875055,0.008798944126704795,0.01627804663440387,0.007039155301363837,0.04839419269687637,0.20809502859656842,0.01935767707875055,0.004399472063352398,0.024637043554773426
0.5346578366445917,0.008830022075055188,0.0075055187637969095,0.059161147902869755,0.005298013245033113,0.022516556291390728,0.004415011037527594,0.018984547461368653,0.008830022075055188,0.017218543046357615,0.00706401766004415,0.046799116997792496,0.2088300220750552,0.020309050772626933,0.004415011037527594,0.025165562913907286
0.5305763308402992,0.010118785745710514,0.007919049714034315,0.06247250329960405,0.005279366476022877,0.02243730752309723,0.004399472063352398,0.01759788825340959,0.008798944126704795,0.01627804663440387,0.007039155301363837,0.047074351077870655,0.20985481742190937,0.02111746590409151,0.004839419269687638,0.024197096348438186
0.532179316466933,0.00887705281846427,0.007101642254771416,0.06302707501109632,0.004882379050155349,0.023524189968930315,0.004882379050155349,0.017310252996005325,0.007989347536617843,0.018197958277851752,0.006657789613848202,0.04349755881047492,0.21260541500221927,0.019973368841544607,0.004882379050155349,0.024411895250776743
0.5300884955752212,0.008849557522123894,0.007079646017699115,0.0668141592920354,0.003097345132743363,0.022123893805309734,0.0048672566371681415,0.017256637168141593,0.008407079646017699,0.016814159292035398,0.006194690265486726,0.04292035398230089,0.21415929203539824,0.02079646017699115,0.0048672566371681415,0.02566371681415929
0.531055900621118,0.009316770186335404,0.00709849157054126,0.06521739130434782,0.003992901508429458,0.019520851818988466,0.003992901508429458,0.01685891748003549,0.00709849157054126,0.016415261756876662,0.006211180124223602,0.04214729370008873,0.21694764862466726,0.023513753327417924,0.006211180124223602,0.024401064773735583
0.5323581560283688,0.008865248226950355,0.006648936170212766,0.06382978723404255,0.003989361702127659,0.020833333333333332,0.00576241134751773,0.018173758865248225,0.0070921985815602835,0.01551418439716312,0.0070921985815602835,0.041666666666666664,0.2176418439716312,0.0199468085106383,0.005319148936170213,0.02526595744680851
0.5297487880123403,0.009255178492728075,0.006610841780520053,0.0625826355222565,0.004407227853680035,0.021595416483032173,0.006610841780520053,0.01983252534156016,0.006610841780520053,0.014543851917144116,0.006610841780520053,0.04010577346848832,0.22300572939620977,0.019391802556192154,0.005288673424416042,0.02379903040987219
0.5276447540269917,0.00957771005659556,0.006965607313887679,0.06269046582498912,0.0030474531998258597,0.02046147148454506,0.0060949063996517195,0.01872006965607314,0.0060949063996517195,0.01567261645624728,0.006965607313887679,0.04179364388332608,0.22289943404440574,0.01872006965607314,0.00478885502829778,0.027862429255550717
0.5307017543859649,0.010087719298245614,0.007456140350877193,0.06359649122807018,0.002631578947368421,0.018859649122807017,0.005701754385964913,0.02017543859649123,0.005701754385964913,0.016228070175438595,0.007017543859649123,0.04078947368421053,0.2236842105263158,0.018421052631578946,0.0043859649122807015,0.02456140350877193
0.534307215582116,0.009296148738379814,0.008410801239486499,0.06064630367419212,0.002213368747233289,0.017264276228419653,0.00619743249225321,0.019034971226206288,0.004869411243913236,0.017264276228419653,0.007525453740593183,0.04072598494909252,0.22355024347056218,0.01859229747675963,0.004426737494466578,0.025675077467906152
0.5235765124555161,0.010676156583629894,0.008896797153024912,0.059163701067615655,0.002224199288256228,0.017348754448398576,0.005782918149466192,0.01912811387900356,0.005782918149466192,0.01912811387900356,0.00800711743772242,0.04225978647686833,0.2313167259786477,0.018683274021352312,0.003113879003558719,0.02491103202846975
0.5206574855619724,0.011550422034651266,0.00888494002665482,0.05908485117725455,0.002221235006663705,0.015992892047978675,0.0053309640159928924,0.02087960906263883,0.0053309640159928924,0.01776988005330964,0.006663705019991115,0.04309195912927588,0.2394491337183474,0.015992892047978675,0.003553976010661928,0.023545091070635273
0.5222173339199296,0.010558732952045754,0.009678838539375276,0.05939287285525737,0.002199736031676199,0.01583809942806863,0.004399472063352398,0.02111746590409151,0.005719313682358117,0.01715794104707435,0.0061592608886933565,0.04135503739551254,0.2402111746590409,0.01583809942806863,0.003959524857017158,0.024197096348438186
0.5189761694616064,0.01147396293027361,0.009267431597528684,0.059576345984112974,0.00264783759929391,0.01500441306266549,0.00529567519858782,0.02030008826125331,0.005736981465136805,0.018534863195057368,0.007502206531332745,0.04060017652250662,0.24227714033539277,0.01500441306266549,0.00441306266548985,0.023389232127096204
0.528277071459886,0.011398509425690487,0.007452871547566856,0.06049978079789566,0.0017536168347216134,0.01446733888645331,0.006137658921525646,0.01972818939061815,0.007452871547566856,0.017536168347216132,0.007452871547566856,0.0398947829899167,0.23366944322665498,0.015344147303814117,0.004822446295484437,0.024112231477422183
0.521835024261138,0.011027790030877812,0.0070577856197618,0.06440229378032643,0.00176444640494045,0.0141155712395236,0.0066166740185266875,0.019850022055580063,0.007940008822232024,0.018526687251874726,0.0066166740185266875,0.04102337891486546,0.2368769298632554,0.0141155712395236,0.004411116012351125,0.023820026466696075
0.5252525252525253,0.010101010101010102,0.007465963987703118,0.06499780412823891,0.002635046113306983,0.015810276679841896,0.006587615283267457,0.018884497145366712,0.007905138339920948,0.01668862538427756,0.007026789635485288,0.041282389108476064,0.23539745278875715,0.013614404918752744,0.003513394817742644,0.022837066315327184
0.5269911504424779,0.008849557522123894,0.00752212389380531,0.06327433628318584,0.003097345132743363,0.016371681415929203,0.00663716814159292,0.016814159292035398,0.008849557522123894,0.017699115044247787,0.007079646017699115,0.0420353982300885,0.23539823008849559,0.011946902654867256,0.003982300884955752,0.023451327433628318
0.5311808934099955,0.010172490048651039,0.00796107916850951,0.06191950464396285,0.005307386112339673,0.014153029632905795,0.007518796992481203,0.017691287041132243,0.007518796992481203,0.01592215833701902,0.006634232640424591,0.04157452454666077,0.2335249889429456,0.011499336576735958,0.003980539584254755,0.02344095532950022
0.5296742525658188,0.0107095046854083,0.00892458723784025,0.05845604640785364,0.00535475234270415,0.013833110218652387,0.008032128514056224,0.018741633199464525,0.0071396697902722,0.015618027666220438,0.005800981704596163,0.040160642570281124,0.23828647925033467,0.009817045961624275,0.0049085229808121375,0.024542614904060688
0.5392762577228597,0.01147396293027361,0.008384819064430714,0.059576345984112974,0.00529567519858782,0.01412180052956752,0.006619593998234775,0.018534863195057368,0.006619593998234775,0.017210944395410415,0.00706090026478376,0.03662842012356576,0.23389232127096204,0.009708737864077669,0.003971756398940865,0.021624007060900265
