C_R,C_A,C_S,C_N,D_R,D_A,D_S,D_N,Oc_R,Oc_A,Oc_S,Oc_N,Od_R,Od_A,Od_S,Od_N
0.0,0.0,0.0,0.0,0.0,0.0,0.0,0.0,0.0,1.0,0.0,0.0,0.0,0.0,0.0,0.0
0.0,0.0,0.0,0.0,0.0,0.0,0.0,0.0,0.0,0.6666666666666666,0.0,0.0,0.0,0.0,0.0,0.3333333333333333
0.0,0.0,0.0,0.0,0.0,0.0,0.0,0.0,0.0,0.3333333333333333,0.0,0.0,0.0,0.0,0.0,0.6666666666666666
0.0,0.0,0.0,0.0,0.0,0.0,0.0,0.25,0.0,0.25,0.0,0.0,0.0,0.0,0.0,0.5
0.0,0.0,0.0,0.0,0.0,0.0,0.0,0.16666666666666666,0.0,0.3333333333333333,0.0,0.0,0.0,0.0,0.0,0.5
0.0,0.0,0.0,0.0,0.0,0.0,0.0,0.14285714285714285,0.0,0.2857142857142857,0.0,0.0,0.14285714285714285,0.0,0.0,0.42857142857142855
0.08333333333333333,0.0,0.0,0.0,0.0,0.0,0.0,0.16666666666666666,0.0,0.25,0.0,0.0,0.16666666666666666,0.0,0.0,0.3333333333333333
0.0625,0.0,0.0,0.0,0.0,0.0,0.0,0.1875,0.0,0.1875,0.0625,0.0,0.125,0.0625,0.0,0.3125
0.1111111111111111,0.0,0.0,0.0,0.0,0.0,0.0,0.16666666666666666,0.0,0.16666666666666666,0.05555555555555555,0.05555555555555555,0.05555555555555555,0.05555555555555555,0.0,0.3333333333333333
0.1111111111111111,0.0,0.0,0.0,0.0,0.0,0.0,0.16666666666666666,0.0,0.16666666666666666,0.05555555555555555,0.05555555555555555,0.05555555555555555,0.0,0.0,0.3888888888888889
0.14285714285714285,0.0,0.0,0.0,0.0,0.0,0.0,0.09523809523809523,0.0,0.14285714285714285,0.047619047619047616,0.047619047619047616,0.047619047619047616,0.047619047619047616,0.0,0.42857142857142855
0.11538461538461539,0.0,0.0,0.0,0.0,0.0,0.0,0.07692307692307693,0.0,0.19230769230769232,0.038461538461538464,0.038461538461538464,0.038461538461538464,0.11538461538461539,0.0,0.38461538461538464
0.11428571428571428,0.05714285714285714,0.0,0.0,0.0,0.0,0.0,0.11428571428571428,0.0,0.08571428571428572,0.02857142857142857,0.05714285714285714,0.02857142857142857,0.11428571428571428,0.0,0.4
0.11627906976744186,0.046511627906976744,0.0,0.0,0.023255813953488372,0.0,0.0,0.09302325581395349,0.0,0.09302325581395349,0.023255813953488372,0.09302325581395349,0.023255813953488372,0.13953488372093023,0.0,0.3488372093023256
0.14814814814814814,0.018518518518518517,0.0,0.0,0.018518518518518517,0.0,0.0,0.09259259259259259,0.0,0.05555555555555555,0.07407407407407407,0.1111111111111111,0.037037037037037035,0.1111111111111111,0.0,0.3333333333333333
0.16393442622950818,0.03278688524590164,0.0,0.0,0.03278688524590164,0.0,0.0,0.08196721311475409,0.0,0.04918032786885246,0.06557377049180328,0.08196721311475409,0.04918032786885246,0.09836065573770492,0.0,0.3442622950819672
0.1506849315068493,0.0136986301369863,0.0,0.0,0.0273972602739726,0.0,0.0,0.0821917808219178,0.0,0.0684931506849315,0.0684931506849315,0.0958904109589041,0.0273972602739726,0.1232876712328767,0.0,0.3424657534246575
0.1348314606741573,0.02247191011235955,0.0,0.0,0.02247191011235955,0.0,0.0,0.0898876404494382,0.0,0.056179775280898875,0.07865168539325842,0.10112359550561797,0.011235955056179775,0.11235955056179775,0.0,0.3707865168539326
0.1568627450980392,0.00980392156862745,0.0,0.0,0.0196078431372549,0.0,0.0,0.09803921568627451,0.00980392156862745,0.0392156862745098,0.08823529411764706,0.08823529411764706,0.00980392156862745,0.13725490196078433,0.0,0.3431372549019608
0.14655172413793102,0.008620689655172414,0.0,0.0,0.02586206896551724,0.0,0.017241379310344827,0.06896551724137931,0.017241379310344827,0.04310344827586207,0.06896551724137931,0.09482758620689655,0.008620689655172414,0.13793103448275862,0.0,0.3620689655172414
0.17567567567567569,0.013513513513513514,0.0,0.0,0.04054054054054054,0.0,0.013513513513513514,0.05405405405405406,0.006756756756756757,0.033783783783783786,0.07432432432432433,0.10135135135135136,0.02027027027027027,0.14189189189189189,0.013513513513513514,0.3108108108108108
0.16167664670658682,0.017964071856287425,0.0,0.011976047904191617,0.03592814371257485,0.0,0.011976047904191617,0.059880239520958084,0.005988023952095809,0.029940119760479042,0.07784431137724551,0.10778443113772455,0.029940119760479042,0.1437125748502994,0.017964071856287425,0.2874251497005988
0.16666666666666666,0.015151515151515152,0.0,0.015151515151515152,0.03535353535353535,0.0,0.010101010101010102,0.06565656565656566,0.010101010101010102,0.03535353535353535,0.08080808080808081,0.10606060606060606,0.030303030303030304,0.13131313131313133,0.020202020202020204,0.2777777777777778
0.1598173515981735,0.0182648401826484,0.0,0.0182648401826484,0.0365296803652968,0.0,0.0136986301369863,0.0730593607305936,0.0136986301369863,0.0319634703196347,0.0684931506849315,0.1050228310502283,0.045662100456621,0.1141552511415525,0.0136986301369863,0.2876712328767123
0.16455696202531644,0.02109704641350211,0.008438818565400843,0.016877637130801686,0.02531645569620253,0.0,0.016877637130801686,0.0759493670886076,0.016877637130801686,0.029535864978902954,0.06751054852320675,0.10126582278481013,0.04219409282700422,0.12236286919831224,0.016877637130801686,0.2742616033755274
0.16546762589928057,0.017985611510791366,0.01079136690647482,0.014388489208633094,0.02877697841726619,0.0,0.02158273381294964,0.07913669064748201,0.014388489208633094,0.025179856115107913,0.06474820143884892,0.10071942446043165,0.046762589928057555,0.13309352517985612,0.01079136690647482,0.26618705035971224
0.15081967213114755,0.02622950819672131,0.013114754098360656,0.013114754098360656,0.02622950819672131,0.0,0.02622950819672131,0.07868852459016394,0.022950819672131147,0.019672131147540985,0.06229508196721312,0.09508196721311475,0.04590163934426229,0.14426229508196722,0.02622950819672131,0.24918032786885247
0.15294117647058825,0.023529411764705882,0.008823529411764706,0.014705882352941176,0.029411764705882353,0.0029411764705882353,0.01764705882352941,0.07058823529411765,0.023529411764705882,0.023529411764705882,0.06470588235294118,0.10588235294117647,0.047058823529411764,0.1323529411764706,0.03235294117647059,0.25
0.14285714285714285,0.03116883116883117,0.01038961038961039,0.015584415584415584,0.03116883116883117,0.0025974025974025974,0.01818181818181818,0.08051948051948052,0.023376623376623377,0.025974025974025976,0.07272727272727272,0.09350649350649351,0.04935064935064935,0.12727272727272726,0.03116883116883117,0.24415584415584415
0.15789473684210525,0.03349282296650718,0.011961722488038277,0.014354066985645933,0.03349282296650718,0.0023923444976076554,0.0215311004784689,0.07416267942583732,0.01674641148325359,0.023923444976076555,0.07894736842105263,0.09808612440191387,0.05741626794258373,0.12679425837320574,0.03110047846889952,0.21770334928229665
0.14912280701754385,0.03070175438596491,0.010964912280701754,0.019736842105263157,0.03508771929824561,0.0021929824561403508,0.019736842105263157,0.07675438596491228,0.015350877192982455,0.02412280701754386,0.08333333333333333,0.09429824561403509,0.06578947368421052,0.13596491228070176,0.03289473684210526,0.20394736842105263
0.14940239043824702,0.037848605577689244,0.0099601593625498,0.01593625498007968,0.0398406374501992,0.0,0.021912350597609563,0.0796812749003984,0.00796812749003984,0.025896414342629483,0.08167330677290836,0.09163346613545817,0.07171314741035857,0.13745019920318724,0.03386454183266932,0.1952191235059761
0.13468634686346864,0.03874538745387454,0.01107011070110701,0.014760147601476014,0.03874538745387454,0.0018450184501845018,0.02029520295202952,0.07933579335793357,0.005535055350553505,0.033210332103321034,0.08487084870848709,0.09225092250922509,0.07195571955719557,0.13468634686346864,0.04059040590405904,0.1974169741697417
0.1373534338358459,0.04020100502512563,0.008375209380234505,0.01675041876046901,0.04355108877721943,0.0016750418760469012,0.020100502512562814,0.07537688442211055,0.008375209380234505,0.035175879396984924,0.08040201005025126,0.08542713567839195,0.08375209380234507,0.12562814070351758,0.04355108877721943,0.19430485762144054
0.12792511700468018,0.0405616224648986,0.0062402496099844,0.015600624024960999,0.0405616224648986,0.0031201248049922,0.0218408736349454,0.07956318252730109,0.0078003120124804995,0.0390015600624025,0.07020280811232449,0.08892355694227769,0.0904836193447738,0.1310452418096724,0.0436817472698908,0.1934477379095164
0.12917271407837447,0.036284470246734396,0.008708272859216255,0.018867924528301886,0.03918722786647315,0.00725689404934688,0.02177068214804064,0.0899854862119013,0.008708272859216255,0.03773584905660377,0.07111756168359942,0.09143686502177069,0.0841799709724238,0.12191582002902758,0.040638606676342524,0.193033381712627
0.12037037037037036,0.046296296296296294,0.009259259259259259,0.017195767195767195,0.03571428571428571,0.006613756613756613,0.021164021164021163,0.09391534391534391,0.009259259259259259,0.03968253968253968,0.07539682539682539,0.09523809523809523,0.07936507936507936,0.11375661375661375,0.042328042328042326,0.19444444444444445
0.12311557788944724,0.04522613065326633,0.010050251256281407,0.017587939698492462,0.035175879396984924,0.00628140703517588,0.020100502512562814,0.09673366834170855,0.011306532663316583,0.04271356783919598,0.0678391959798995,0.0992462311557789,0.0829145728643216,0.11809045226130653,0.035175879396984924,0.1884422110552764
0.12761020881670534,0.04756380510440835,0.010440835266821345,0.01740139211136891,0.037122969837587005,0.0069605568445475635,0.018561484918793503,0.09396751740139211,0.009280742459396751,0.04640371229698376,0.06960556844547564,0.09396751740139211,0.09164733178654293,0.11716937354988399,0.033642691415313224,0.17865429234338748
0.1261061946902655,0.048672566371681415,0.011061946902654867,0.016592920353982302,0.03650442477876106,0.007743362831858407,0.022123893805309734,0.09070796460176991,0.01327433628318584,0.04092920353982301,0.06637168141592921,0.09292035398230089,0.09955752212389381,0.11504424778761062,0.035398230088495575,0.17699115044247787
0.12815126050420167,0.04726890756302521,0.01050420168067227,0.015756302521008403,0.031512605042016806,0.008403361344537815,0.02100840336134454,0.09453781512605042,0.01680672268907563,0.03991596638655462,0.06932773109243698,0.09243697478991597,0.10609243697478991,0.11449579831932773,0.032563025210084036,0.17121848739495799
0.12626262626262627,0.052525252525252523,0.011111111111111112,0.01616161616161616,0.030303030303030304,0.00808080808080808,0.023232323232323233,0.1,0.01717171717171717,0.044444444444444446,0.07474747474747474,0.08484848484848485,0.1,0.11313131313131314,0.03333333333333333,0.16464646464646465
0.13408876298394712,0.05004721435316336,0.009442870632672332,0.01794145420207743,0.027384324834749764,0.009442870632672332,0.028328611898016998,0.09631728045325778,0.018885741265344664,0.0453257790368272,0.07271010387157696,0.08404154863078375,0.10009442870632672,0.11425873465533522,0.033050047214353166,0.15864022662889518
0.12877442273534637,0.050621669626998225,0.009769094138543518,0.013321492007104795,0.027531083481349913,0.009769094138543518,0.02575488454706927,0.10568383658969804,0.019538188277087035,0.050621669626998225,0.07282415630550622,0.08880994671403197,0.10035523978685613,0.11634103019538189,0.03285968028419183,0.14742451154529307
0.134953897736798,0.050293378038558254,0.01173512154233026,0.013411567476948869,0.026823134953897737,0.009220452640402346,0.025146689019279127,0.10477787091366303,0.020117351215423303,0.04777870913663034,0.07879295892707461,0.08633696563285834,0.10477787091366303,0.10813076278290025,0.03436714165968147,0.14333612740989102
0.1271860095389507,0.046104928457869634,0.01589825119236884,0.013513513513513514,0.023052464228934817,0.01192368839427663,0.02384737678855326,0.0985691573926868,0.021462639109697933,0.04372019077901431,0.07869634340222575,0.09220985691573927,0.11287758346581876,0.11208267090620032,0.03656597774244833,0.1422893481717011
0.13257575757575757,0.04621212121212121,0.019696969696969695,0.015909090909090907,0.023484848484848483,0.009848484848484848,0.022727272727272728,0.10151515151515152,0.01893939393939394,0.038636363636363635,0.07651515151515151,0.09166666666666666,0.1143939393939394,0.11363636363636363,0.037121212121212124,0.13712121212121212
0.1251840942562592,0.04491899852724595,0.01914580265095729,0.016200294550810016,0.023564064801178203,0.010309278350515464,0.023564064801178203,0.10824742268041238,0.021354933726067747,0.04197349042709867,0.07658321060382917,0.09867452135493372,0.11045655375552282,0.11119293078055964,0.035346097201767304,0.1332842415316642
0.12393162393162394,0.04487179487179487,0.020655270655270654,0.01638176638176638,0.023504273504273504,0.012108262108262107,0.02564102564102564,0.10541310541310542,0.02207977207977208,0.039886039886039885,0.07905982905982906,0.09615384615384616,0.11467236467236468,0.10826210826210826,0.038461538461538464,0.12891737891737892
0.12533512064343164,0.04624664879356569,0.01943699731903485,0.018096514745308313,0.024798927613941018,0.014075067024128687,0.024798927613941018,0.11058981233243968,0.021447721179624665,0.0388739946380697,0.07707774798927614,0.09919571045576407,0.10656836461126006,0.10857908847184987,0.04088471849865952,0.1239946380697051
0.12324393358876118,0.05172413793103448,0.020434227330779056,0.016602809706257982,0.02681992337164751,0.01277139208173691,0.02490421455938697,0.10855683269476372,0.0210727969348659,0.037675606641123884,0.07854406130268199,0.09897828863346105,0.10855683269476372,0.10727969348659004,0.04086845466155811,0.12196679438058748
0.1198044009779951,0.05134474327628362,0.020171149144254278,0.018337408312958436,0.023227383863080684,0.012224938875305624,0.02567237163814181,0.1069682151589242,0.020171149144254278,0.03850855745721271,0.0776283618581907,0.1008557457212714,0.1100244498777506,0.10635696821515893,0.042787286063569685,0.12591687041564792
0.12364945978391356,0.05402160864345738,0.02220888355342137,0.018607442977190875,0.01920768307322929,0.013205282112845138,0.027611044417767107,0.11104441776710684,0.0234093637454982,0.03721488595438175,0.07503001200480192,0.10024009603841537,0.10744297719087635,0.10264105642256903,0.04321728691476591,0.1212484993997599
0.12609457092819615,0.050204319906596614,0.027437244600116754,0.01634559252772913,0.016929363689433742,0.013426736719206071,0.028021015761821366,0.11208406304728546,0.021599532983070636,0.03794512551079977,0.07764156450671336,0.10040863981319323,0.10799766491535318,0.10040863981319323,0.04495037945125511,0.11850554582603619
0.12996594778660614,0.05391600454029512,0.027809307604994324,0.015891032917139614,0.0170261066969353,0.013053348467650397,0.029511918274687854,0.11010215664018161,0.020998864926220204,0.038024971623155504,0.07832009080590238,0.0981838819523269,0.1021566401816118,0.09534619750283768,0.04597048808172531,0.12372304199772985
0.12767123287671234,0.055342465753424656,0.027945205479452055,0.015342465753424657,0.015342465753424657,0.015342465753424657,0.028493150684931506,0.1073972602739726,0.020273972602739727,0.04,0.0821917808219178,0.09534246575342466,0.10301369863013699,0.0958904109589041,0.043835616438356165,0.12657534246575342
0.1261455525606469,0.05390835579514825,0.027493261455525605,0.016172506738544475,0.014555256064690027,0.01293800539083558,0.028032345013477088,0.10566037735849057,0.02371967654986523,0.042587601078167114,0.08463611859838274,0.09595687331536389,0.10835579514824797,0.09433962264150944,0.042587601078167114,0.12291105121293801
0.13284518828451883,0.05543933054393305,0.02615062761506276,0.014644351464435146,0.015690376569037656,0.012552301255230125,0.028765690376569036,0.11035564853556486,0.023535564853556484,0.03922594142259414,0.0794979079497908,0.09571129707112971,0.10617154811715482,0.09414225941422594,0.043410041841004186,0.12186192468619247
0.133298755186722,0.05446058091286307,0.026970954356846474,0.01711618257261411,0.015560165975103735,0.012448132780082987,0.03008298755186722,0.1078838174273859,0.024896265560165973,0.040975103734439834,0.08091286307053942,0.09699170124481328,0.10580912863070539,0.09699170124481328,0.03993775933609958,0.11566390041493776
0.13117283950617284,0.05401234567901234,0.02417695473251029,0.01800411522633745,0.015432098765432098,0.01440329218106996,0.03292181069958848,0.10545267489711935,0.02726337448559671,0.03652263374485597,0.08024691358024691,0.09979423868312758,0.10699588477366255,0.10082304526748971,0.04218106995884774,0.11059670781893004
0.1352852094901565,0.05401312468450278,0.02574457344775366,0.01817264008076729,0.013629480060575468,0.01514386673397274,0.03230691569914185,0.10701665825340737,0.027763755678950026,0.038869257950530034,0.08228167592125189,0.09490156486622918,0.10449268046441192,0.09994952044422009,0.04139323573952549,0.10903584048460374
0.12738853503184713,0.05732484076433121,0.02645761881430671,0.01910828025477707,0.013228809407153356,0.01567858892699657,0.03478686918177364,0.10534051935325821,0.029887310142087214,0.041156295933366,0.08378245957863792,0.0926016658500735,0.10485056344928956,0.0926016658500735,0.041156295933366,0.11464968152866242
0.12818003913894324,0.060665362035225046,0.024951076320939333,0.02054794520547945,0.0136986301369863,0.017123287671232876,0.03571428571428571,0.1022504892367906,0.03277886497064579,0.04060665362035225,0.08268101761252446,0.087573385518591,0.10518590998043052,0.09686888454011741,0.03962818003913894,0.11154598825831702
0.13141182217879824,0.057156814851001464,0.023937469467513434,0.020029311187103077,0.015144113336590131,0.01709819247679531,0.03663898387884709,0.10258915486077186,0.03224230581338544,0.03859306301905227,0.0810942843185149,0.08695652173913043,0.1074743527112848,0.0991695163654128,0.04054714215925745,0.10991695163654128
0.1303088803088803,0.059845559845559844,0.025096525096525095,0.019787644787644786,0.017374517374517374,0.017857142857142856,0.03812741312741313,0.10666023166023166,0.03137065637065637,0.033783783783783786,0.0834942084942085,0.0859073359073359,0.10521235521235521,0.09652509652509653,0.04005791505791506,0.1085907335907336
0.13527724665391969,0.05975143403441682,0.027246653919694074,0.02055449330783939,0.015296367112810707,0.01768642447418738,0.0372848948374761,0.10707456978967496,0.033938814531548754,0.033460803059273424,0.07695984703632887,0.08508604206500955,0.10325047801147227,0.09894837476099426,0.04063097514340344,0.10755258126195029
0.13250120019203074,0.057129140662506,0.028324531925108018,0.02160345655304849,0.01584253480556889,0.01728276524243879,0.03888622179548728,0.10897743638982237,0.03456553048487758,0.03264522323571772,0.07873259721555449,0.08593374939990399,0.10177628420547287,0.09697551608257321,0.041766682669227076,0.10705712914066251
0.13320825515947468,0.053939962476547844,0.027673545966228893,0.021106941838649154,0.017823639774859287,0.016416510318949345,0.038930581613508444,0.10834896810506567,0.03517823639774859,0.036116322701688554,0.07692307692307693,0.0848968105065666,0.10412757973733583,0.09896810506566604,0.04409005628517824,0.1022514071294559
0.1378026070763501,0.051675977653631286,0.03026070763500931,0.023743016759776536,0.01722532588454376,0.0148975791433892,0.03957169459962756,0.1042830540037244,0.038175046554934824,0.03957169459962756,0.07309124767225327,0.08193668528864059,0.1084729981378026,0.09869646182495345,0.04329608938547486,0.0972998137802607
0.1393939393939394,0.05174825174825175,0.03263403263403263,0.027972027972027972,0.017715617715617717,0.013986013986013986,0.039627039627039624,0.1062937062937063,0.04009324009324009,0.04195804195804196,0.07365967365967366,0.07972027972027972,0.1048951048951049,0.09230769230769231,0.04382284382284382,0.09417249417249417
0.14459522695367338,0.0500701918577445,0.03369209171736079,0.028544688816097334,0.017781937295273748,0.013102480112306972,0.04258306036499766,0.10060832943378568,0.03696771174543753,0.040243331773514274,0.07580720636406177,0.07861488067384183,0.1085634066448292,0.09265325222274216,0.04445484323818437,0.09171736078614881
0.14372659176029962,0.05056179775280899,0.03323970037453183,0.02949438202247191,0.019662921348314606,0.011704119850187267,0.03698501872659176,0.10580524344569288,0.03698501872659176,0.03838951310861423,0.07256554307116105,0.08099250936329588,0.11376404494382023,0.08941947565543071,0.04447565543071161,0.09222846441947566
0.14572629612330687,0.05044371788883699,0.033162073797290983,0.030826716487622606,0.021018215787015414,0.0135450723960766,0.03736571695469407,0.09948622139187295,0.037832788416627745,0.03829985987856142,0.06865950490425035,0.08547407753386269,0.11349836524988323,0.08687529191966371,0.045773003269500234,0.09201307800093414
0.14696337505795085,0.05146036161335188,0.03291608715808994,0.031061659712563746,0.022716736207695872,0.012980992118683357,0.037552155771905425,0.10106629578117757,0.03569772832637923,0.03616133518776078,0.06490496059341679,0.08484005563282336,0.11590171534538711,0.09086694483078349,0.0440426518312471,0.09086694483078349
0.14344827586206896,0.049195402298850575,0.03218390804597701,0.029885057471264367,0.022528735632183907,0.015172413793103448,0.03586206896551724,0.09839080459770115,0.03632183908045977,0.037241379310344824,0.06804597701149426,0.08459770114942529,0.12183908045977011,0.0896551724137931,0.04091954022988506,0.09471264367816092
0.14513856270549555,0.04931892907468295,0.030061061531235323,0.028651949271958667,0.02160638797557539,0.01456082667919211,0.03428839830906529,0.09628933771723815,0.03851573508689526,0.03757632691404415,0.07045561296383279,0.08454673555659935,0.12588069516204792,0.09018318459370596,0.04133395960544857,0.09159229685298262
0.148592524227042,0.04891555145362252,0.029072450392247345,0.02861098292570374,0.023534840793724043,0.016151361329026302,0.029533917858790955,0.10013844023996309,0.03784033225657591,0.03876326718966313,0.07014305491462852,0.08214120904476234,0.127365020766036,0.08583294877711121,0.04476234425473004,0.08860175357637287
0.1511627906976744,0.046511627906976744,0.02883720930232558,0.026976744186046512,0.022790697674418603,0.014883720930232559,0.03209302325581395,0.10046511627906977,0.03953488372093023,0.03627906976744186,0.06744186046511629,0.08511627906976744,0.1283720930232558,0.08511627906976744,0.04372093023255814,0.09069767441860466
0.15192218619731357,0.04585456229735989,0.02871699861046781,0.031032885595182955,0.025474756831866605,0.014821676702176934,0.029180176007410838,0.10097267253358036,0.03844372394627142,0.03890690134321445,0.06716072255673923,0.08476146364057434,0.12691060676239,0.08429828624363131,0.04353867531264474,0.08800370541917554
0.15096108766994842,0.049695264885138306,0.030004688232536336,0.030004688232536336,0.02719174871073605,0.015002344116268168,0.032817627754336616,0.09751523675574308,0.0403187998124707,0.03938115330520394,0.06563525550867323,0.08345053914674168,0.12705110173464604,0.08016877637130802,0.0403187998124707,0.09048288795124239
0.15104895104895105,0.052214452214452214,0.029836829836829837,0.027505827505827505,0.02843822843822844,0.015384615384615385,0.03263403263403263,0.09883449883449884,0.04195804195804196,0.0386946386946387,0.0648018648018648,0.08158508158508158,0.12494172494172494,0.08391608391608392,0.041025641025641026,0.08717948717948718
0.15085608514576584,0.05090236001850995,0.03146691346598797,0.026376677464136973,0.027302174919018974,0.015733456732993985,0.03146691346598797,0.0939379916705229,0.04257288292457196,0.03794539565016196,0.06432207311429894,0.0893105043961129,0.12910689495603886,0.08422026839426192,0.03887089310504396,0.08560851457658492
0.15286041189931351,0.0540045766590389,0.033409610983981694,0.02654462242562929,0.02745995423340961,0.015102974828375287,0.030205949656750573,0.0919908466819222,0.0471395881006865,0.037070938215102975,0.06407322654462243,0.0874141876430206,0.12906178489702516,0.08329519450800915,0.037528604118993135,0.082837528604119
0.15804195804195803,0.05314685314685315,0.029836829836829837,0.027505827505827505,0.026573426573426574,0.014918414918414918,0.031235431235431235,0.08811188811188811,0.04568764568764569,0.03776223776223776,0.06573426573426573,0.08624708624708624,0.13193473193473193,0.08018648018648018,0.0386946386946387,0.08438228438228439
0.1586046511627907,0.05674418604651163,0.02930232558139535,0.029767441860465118,0.026976744186046512,0.013953488372093023,0.029767441860465118,0.08790697674418604,0.04372093023255814,0.038604651162790694,0.06697674418604652,0.08418604651162791,0.12976744186046513,0.08186046511627906,0.035813953488372095,0.08604651162790698
0.15384615384615385,0.05560704355885079,0.028730305838739572,0.030583873957367932,0.027803521779425393,0.014365152919369786,0.027340129749768304,0.09128822984244671,0.04680259499536608,0.04031510658016682,0.06348470806302131,0.082483781278962,0.1334569045412419,0.08294717330861909,0.03521779425393883,0.08572752548656164
0.1503970107426436,0.0560485754320411,0.03035964502568893,0.02849135917795423,0.027557216254086876,0.013078000934142924,0.02802428771602055,0.08640822045773003,0.04764128911723494,0.04156936011209715,0.0639887902849136,0.0812704343764596,0.1373190098085007,0.08220457730032694,0.039701074264362445,0.08594114899579636
0.15535797847449695,0.055217594759007955,0.03088441740758072,0.02901263453439401,0.02526906878802059,0.01357042583060365,0.029480580252690687,0.08937763219466542,0.04679457182966776,0.0416471689284043,0.06738418343472158,0.0795507721104352,0.1338324754328498,0.08376228357510529,0.03696771174543753,0.08189050070191858
0.1534195933456562,0.05591497227356747,0.030499075785582256,0.02911275415896488,0.02541589648798521,0.015711645101663587,0.030036968576709795,0.09057301293900184,0.04343807763401109,0.04343807763401109,0.06146025878003697,0.08595194085027727,0.13817005545286506,0.08086876155268022,0.03743068391866913,0.07855822550831792
0.15143120960295475,0.055401662049861494,0.02816251154201293,0.030470914127423823,0.024469067405355493,0.014312096029547553,0.03139427516158818,0.09372114496768236,0.04247460757156048,0.041089566020313946,0.06371191135734072,0.0886426592797784,0.141735918744229,0.07663896583564174,0.038781163434903045,0.07756232686980609
0.15307057745187902,0.05316223648029331,0.031164069660861594,0.03299725022914757,0.02612282309807516,0.017415215398716773,0.029789184234647114,0.09074243813015583,0.04170485792850596,0.04078826764436297,0.061869844179651697,0.08295142071494042,0.14298808432630614,0.07653528872593951,0.03941338221814849,0.07928505957836847
0.1566152407667134,0.05329593267882188,0.031790556334735855,0.031323048153342685,0.027115474520804116,0.018700327255726974,0.028985507246376812,0.08976157082748948,0.03927068723702665,0.04254324450677887,0.06030855539971949,0.08041140719962599,0.1463300607760636,0.07433380084151472,0.04020570359981299,0.07900888265544646
0.15627906976744185,0.05069767441860465,0.030697674418604652,0.03209302325581395,0.02558139534883721,0.01953488372093023,0.030697674418604652,0.08883720930232558,0.03953488372093023,0.04325581395348837,0.06,0.08232558139534883,0.14790697674418604,0.0758139534883721,0.038604651162790694,0.07813953488372093
0.15512465373961218,0.04986149584487535,0.032317636195752536,0.03185595567867036,0.027700831024930747,0.018467220683287166,0.030932594644506,0.08910433979686057,0.038781163434903045,0.04293628808864266,0.05817174515235457,0.08818097876269622,0.1440443213296399,0.07479224376731301,0.03785780240073869,0.07987072945521699
0.15716911764705882,0.05238970588235294,0.03125,0.035386029411764705,0.027113970588235295,0.01884191176470588,0.03079044117647059,0.08823529411764706,0.03998161764705882,0.04457720588235294,0.058363970588235295,0.08501838235294118,0.13924632352941177,0.07628676470588236,0.03998161764705882,0.07536764705882353
0.15765141007859454,0.04946833102172908,0.03143781784558484,0.036523347202958856,0.029588534442903373,0.02034211742949607,0.03143781784558484,0.08876560332871013,0.03975959315765141,0.04946833102172908,0.05547850208044383,0.0850670365233472,0.13638465094775776,0.0758206195099399,0.03698566805362922,0.0758206195099399
0.1541318477251625,0.04828226555246054,0.032961931290622096,0.03574744661095636,0.030176415970287838,0.02042711234911792,0.028783658310120707,0.0872794800371402,0.03806870937790158,0.04967502321262767,0.059424326833797586,0.0840297121634169,0.13788300835654596,0.07242339832869081,0.04224698235840297,0.07845868152274837
0.1572617946345976,0.05087881591119334,0.03283996299722479,0.03515263644773358,0.02682701202590194,0.020814061054579093,0.03145235892691952,0.08603145235892692,0.03746530989824237,0.05041628122109158,0.05689176688251619,0.08140610545790934,0.1419981498612396,0.07169287696577244,0.04070305272895467,0.07816836262719704
0.1561065197428834,0.05417814508723599,0.028925619834710745,0.03397612488521579,0.03213957759412305,0.02157943067033976,0.03076216712580349,0.0876951331496786,0.03856749311294766,0.046372819100091826,0.05831037649219467,0.07851239669421488,0.14049586776859505,0.06932966023875115,0.04132231404958678,0.08172635445362718
0.15249537892791126,0.05314232902033272,0.02865064695009242,0.03465804066543438,0.031423290203327174,0.020794824399260628,0.034195933456561925,0.08317929759704251,0.038817005545286505,0.048983364140480594,0.05499075785582255,0.08040665434380777,0.14463955637707948,0.066543438077634,0.042975970425138635,0.08410351201478743
0.15300045808520385,0.05176362803481448,0.03160787906550618,0.038021071919377,0.031149793861658268,0.020613834173156206,0.03298213467704993,0.08245533669262482,0.03573064590013743,0.04855703160787907,0.05405405405405406,0.081539166284929,0.14796152084287678,0.06596426935409987,0.04351809436555199,0.08108108108108109
0.15626444752658344,0.050392972723069814,0.03143781784558484,0.03513638465094776,0.0319001386962552,0.022653721682847898,0.03143781784558484,0.08090614886731391,0.03467406380027739,0.050855293573740176,0.05501618122977346,0.07859454461396209,0.14979195561719832,0.06426259824318077,0.047156726768377254,0.07951918631530282
0.15309898242368178,0.05041628122109158,0.02960222016651249,0.04116558741905643,0.032377428307123035,0.02312673450508788,0.03145235892691952,0.07724329324699353,0.03469010175763182,0.05087881591119334,0.05550416281221091,0.0786308973172988,0.15032377428307123,0.06429232192414432,0.04671600370027752,0.08048103607770583
0.15335169880624427,0.048209366391184574,0.02800734618916437,0.04269972451790634,0.03397612488521579,0.023415977961432508,0.031221303948576674,0.0775941230486685,0.03810835629017447,0.047750229568411386,0.05234159779614325,0.08080808080808081,0.14967860422405876,0.0642791551882461,0.046372819100091826,0.08218549127640037
0.149025069637883,0.04874651810584958,0.03064066852367688,0.04549675023212628,0.034818941504178275,0.02414113277623027,0.032961931290622096,0.07613741875580315,0.036211699164345405,0.04874651810584958,0.05153203342618384,0.07799442896935933,0.1532033426183844,0.06360259981429899,0.04410399257195915,0.08263695450324977
0.14332399626517273,0.049953314659197015,0.029411764705882353,0.049953314659197015,0.037815126050420166,0.02334267040149393,0.03314659197012138,0.07563025210084033,0.03454715219421102,0.0480859010270775,0.05415499533146592,0.0765639589169001,0.15126050420168066,0.06349206349206349,0.04341736694677871,0.08590102707749767
0.1419953596287703,0.04918793503480278,0.027842227378190254,0.05104408352668213,0.03897911832946636,0.02134570765661253,0.03433874709976798,0.07795823665893271,0.033874709976798145,0.048723897911832945,0.05243619489559165,0.07424593967517401,0.15266821345707657,0.0654292343387471,0.04222737819025522,0.08770301624129931
0.14516129032258066,0.04930875576036867,0.027188940092165898,0.05161290322580645,0.03778801843317972,0.019815668202764977,0.03317972350230415,0.07649769585253456,0.03317972350230415,0.05069124423963134,0.05069124423963134,0.07142857142857142,0.16175115207373272,0.06221198156682028,0.04423963133640553,0.08525345622119816
0.14073385973060845,0.04876915931258709,0.024152345564328843,0.053413841151881095,0.04040873200185787,0.019972131908964234,0.034370645610775664,0.07338597306084534,0.03204830469112866,0.04876915931258709,0.05294937296795169,0.07152810032512773,0.1686019507663725,0.06409660938225732,0.046911286576869486,0.07988852763585694
0.1437847866419295,0.04916512059369202,0.023191094619666047,0.05102040816326531,0.037569573283859,0.02040816326530612,0.03385899814471243,0.07328385899814471,0.03200371057513915,0.05287569573283859,0.05241187384044527,0.07328385899814471,0.16883116883116883,0.06168831168831169,0.04638218923933209,0.08024118738404452
0.14716805942432684,0.0510677808727948,0.023676880222841225,0.04967502321262767,0.037604456824512536,0.017177344475394613,0.033426183844011144,0.07056638811513463,0.032961931290622096,0.05246053853296193,0.0510677808727948,0.07474466109563603,0.17084493964716807,0.061745589600742806,0.04596100278551532,0.07985143918291551
0.14497452524316815,0.05187586845761927,0.024548402037980546,0.048170449282075034,0.036591014358499305,0.018990273274664196,0.03242241778601204,0.06947660954145438,0.03520148216767022,0.04909680407596109,0.05048633626679018,0.07410838351088467,0.1681333950903196,0.06484483557202408,0.05002315886984715,0.0810560444650301
0.14587155963302753,0.05045871559633028,0.026605504587155965,0.04908256880733945,0.03853211009174312,0.02018348623853211,0.03577981651376147,0.06834862385321101,0.03211009174311927,0.05,0.04862385321100918,0.07385321100917432,0.1688073394495413,0.06376146788990826,0.04954128440366973,0.07844036697247707
0.14213197969543148,0.04568527918781726,0.02722658052607291,0.05168435625288417,0.04014766958929396,0.018920166128287955,0.0373788647900323,0.0692201199815413,0.032764190124596214,0.04568527918781726,0.05168435625288417,0.07614213197969544,0.17305029995385326,0.06691278264882326,0.04568527918781726,0.07568066451315182
0.14391143911439114,0.045202952029520294,0.024907749077490774,0.052583025830258305,0.043357933579335796,0.019833948339483393,0.035977859778597784,0.06411439114391145,0.03367158671586716,0.04658671586715867,0.050276752767527674,0.06872693726937269,0.17619926199261993,0.06688191881918819,0.04797047970479705,0.0797970479704797
0.14140009272137227,0.043115438108484005,0.027816411682892908,0.05331478905887807,0.043115438108484005,0.02086230876216968,0.03847936949466852,0.061196105702364396,0.03291608715808994,0.04357904496986555,0.049142327306444133,0.07185906351414001,0.17941585535465926,0.06675938803894298,0.04821511358368104,0.07881316643486323
0.14166666666666666,0.04259259259259259,0.029166666666666667,0.05277777777777778,0.04212962962962963,0.021296296296296296,0.03796296296296296,0.06296296296296296,0.033796296296296297,0.04212962962962963,0.04953703703703704,0.06805555555555555,0.18009259259259258,0.06620370370370371,0.05,0.07962962962962963
0.1392988929889299,0.04658671586715867,0.027675276752767528,0.0544280442804428,0.03966789667896679,0.023062730627306273,0.03690036900369004,0.06457564575645756,0.03413284132841329,0.046125461254612546,0.0507380073800738,0.06688191881918819,0.17712177121771217,0.06411439114391145,0.050276752767527674,0.07841328413284133
0.13938560293443375,0.04630903255387437,0.02888583218707015,0.05685465382851903,0.03897294818890417,0.024759284731774415,0.03759743237047226,0.06464924346629987,0.033929390187987164,0.04722604309949564,0.05089408528198074,0.06648326455754242,0.176983035304906,0.06419073819348922,0.048143053645116916,0.07473635946813388
0.14050343249427918,0.044851258581235696,0.028832951945080093,0.05308924485125858,0.035697940503432495,0.022425629290617848,0.036155606407322655,0.06727688787185354,0.034782608695652174,0.04668192219679634,0.05354691075514874,0.06681922196796339,0.17528604118993135,0.06864988558352403,0.04851258581235698,0.07688787185354691
0.13851817763460653,0.0446387482742752,0.02807179015186378,0.053842613897837094,0.035895075931891396,0.02208927749654855,0.04003681546249425,0.06396686608375518,0.03451449608835711,0.04509894155545329,0.053842613897837094,0.06810860561435803,0.1767142199723884,0.07179015186378279,0.046479521398987575,0.07639208467556374
0.14081255771006462,0.04524469067405355,0.030009233610341645,0.05263157894736842,0.0332409972299169,0.02123730378578024,0.04016620498614958,0.06463527239150507,0.037396121883656507,0.046168051708217916,0.0530932594644506,0.06602031394275161,0.1809787626962142,0.07109879963065559,0.04339796860572484,0.07386888273314866
0.14040778498609824,0.04448563484708063,0.028266913809082483,0.052363299351251155,0.033827618164967564,0.021316033364226137,0.03985171455050973,0.06580166821130677,0.038461538461538464,0.047265987025023166,0.04958294717330862,0.06672845227062095,0.1793327154772938,0.0732159406858202,0.04170528266913809,0.07738646895273402
0.13984410820724438,0.04264099037138927,0.029344337459880788,0.0504355800091701,0.03530490600641907,0.02200825309491059,0.04126547455295736,0.06740027510316368,0.03576341127922971,0.044475011462631824,0.048601558917927556,0.06556625401192114,0.1829436038514443,0.07198532783127005,0.044475011462631824,0.07794589637780834
0.13876040703052728,0.0393154486586494,0.030527289546716005,0.05411655874190564,0.034227567067530065,0.020814061054579093,0.03839037927844589,0.06614246068455135,0.03469010175763182,0.04440333024976873,0.05041628122109158,0.06475485661424607,0.1887141535615171,0.07261794634597594,0.043478260869565216,0.0786308973172988
0.1406896551724138,0.04091954022988506,0.03264367816091954,0.05379310344827586,0.034482758620689655,0.01885057471264368,0.03908045977011494,0.06712643678160919,0.035402298850574714,0.04459770114942529,0.050114942528735634,0.06436781609195402,0.18804597701149425,0.07126436781609195,0.04275862068965517,0.07586206896551724
0.14193548387096774,0.041013824884792625,0.033640552995391704,0.052534562211981564,0.034101382488479264,0.01889400921658986,0.03870967741935484,0.06451612903225806,0.03686635944700461,0.047926267281105994,0.04470046082949309,0.06359447004608294,0.18940092165898617,0.0728110599078341,0.04470046082949309,0.07465437788018434
0.14377289377289376,0.045787545787545784,0.03205128205128205,0.0521978021978022,0.03571428571428571,0.021062271062271064,0.039377289377289376,0.06501831501831502,0.03708791208791209,0.04395604395604396,0.04304029304029304,0.06318681318681318,0.1891025641025641,0.07142857142857142,0.04395604395604396,0.07326007326007326
0.14615029967727064,0.041954817888427844,0.0318118948824343,0.05486399262332872,0.03826648224988474,0.021668971876440755,0.04057169202397418,0.06546795758414016,0.03550023052097741,0.042876901798063624,0.04057169202397418,0.06408483171968649,0.18994928538497002,0.06961733517750116,0.04472106961733518,0.07192254495159059
0.14862981885740828,0.04180213655364608,0.03344170924291686,0.0557361820715281,0.03715745471435207,0.018578727357176035,0.03994426381792847,0.06270320483046911,0.037621922898281465,0.04226660473757548,0.04551788202508128,0.06595448211797492,0.18950301904319555,0.06967022758941012,0.04226660473757548,0.06920575940548072
0.14621771217712176,0.043357933579335796,0.03459409594095941,0.05304428044280443,0.03505535055350553,0.017527675276752766,0.03966789667896679,0.06273062730627306,0.038284132841328415,0.04289667896678967,0.043357933579335796,0.06826568265682657,0.19649446494464945,0.06734317343173432,0.04012915129151291,0.07103321033210332
0.1488095238095238,0.04532967032967033,0.03296703296703297,0.05311355311355311,0.034340659340659344,0.019688644688644688,0.039377289377289376,0.06364468864468864,0.03891941391941392,0.045787545787545784,0.043498168498168496,0.06822344322344322,0.19917582417582416,0.06272893772893773,0.038461538461538464,0.06593406593406594
0.15303308823529413,0.04549632352941176,0.03400735294117647,0.05330882352941176,0.03354779411764706,0.021599264705882353,0.0390625,0.06387867647058823,0.04090073529411765,0.046875,0.043658088235294115,0.06709558823529412,0.19439338235294118,0.06112132352941176,0.0390625,0.06295955882352941
0.15214384508990317,0.046104195481788846,0.034578146611341634,0.0516366989396035,0.0318118948824343,0.02120792992162287,0.03780544029506685,0.0636237897648686,0.04149377593360996,0.0437989857076994,0.045182111572153065,0.06546795758414016,0.20239741816505302,0.0599354541263255,0.041954817888427844,0.06085753803596127
