C_R,C_A,C_S,C_N,D_R,D_A,D_S,D_N,Oc_R,Oc_A,Oc_S,Oc_N,Od_R,Od_A,Od_S,Od_N
0.0,0.0,0.0,0.0,0.0,0.0,0.0,0.0,1.0,0.0,0.0,0.0,0.0,0.0,0.0,0.0
0.0,0.0,0.0,0.6666666666666666,0.3333333333333333,0.0,0.0,0.0,0.0,0.0,0.0,0.0,0.0,0.0,0.0,0.0
0.25,0.0,0.0,0.75,0.0,0.0,0.0,0.0,0.0,0.0,0.0,0.0,0.0,0.0,0.0,0.0
0.25,0.0,0.0,0.75,0.0,0.0,0.0,0.0,0.0,0.0,0.0,0.0,0.0,0.0,0.0,0.0
0.21428571428571427,0.0,0.0,0.7142857142857143,0.0,0.0,0.07142857142857142,0.0,0.0,0.0,0.0,0.0,0.0,0.0,0.0,0.0
0.24,0.0,0.0,0.68,0.0,0.04,0.04,0.0,0.0,0.0,0.0,0.0,0.0,0.0,0.0,0.0
0.32432432432432434,0.0,0.0,0.6216216216216216,0.0,0.0,0.02702702702702703,0.0,0.0,0.0,0.0,0.02702702702702703,0.0,0.0,0.0,0.0
0.3333333333333333,0.0,0.0,0.625,0.0,0.020833333333333332,0.020833333333333332,0.0,0.0,0.0,0.0,0.0,0.0,0.0,0.0,0.0
0.36619718309859156,0.0,0.028169014084507043,0.5915492957746479,0.0,0.0,0.014084507042253521,0.0,0.0,0.0,0.0,0.0,0.0,0.0,0.0,0.0
0.3229166666666667,0.0,0.020833333333333332,0.6145833333333334,0.0,0.0,0.010416666666666666,0.0,0.010416666666666666,0.0,0.0,0.0,0.0,0.020833333333333332,0.0,0.0
0.36752136752136755,0.0,0.02564102564102564,0.5555555555555556,0.0,0.008547008547008548,0.008547008547008548,0.0,0.008547008547008548,0.0,0.008547008547008548,0.0,0.0,0.017094017094017096,0.0,0.0
0.36666666666666664,0.0,0.02,0.56,0.0,0.006666666666666667,0.006666666666666667,0.0,0.013333333333333334,0.006666666666666667,0.006666666666666667,0.0,0.0,0.013333333333333334,0.0,0.0
0.38144329896907214,0.0,0.02577319587628866,0.5257731958762887,0.005154639175257732,0.0,0.005154639175257732,0.0,0.010309278350515464,0.005154639175257732,0.005154639175257732,0.010309278350515464,0.0,0.015463917525773196,0.010309278350515464,0.0
0.38016528925619836,0.0,0.02066115702479339,0.512396694214876,0.0,0.008264462809917356,0.008264462809917356,0.012396694214876033,0.008264462809917356,0.004132231404958678,0.008264462809917356,0.008264462809917356,0.0,0.02066115702479339,0.008264462809917356,0.0
0.37748344370860926,0.0,0.016556291390728478,0.5132450331125827,0.0,0.006622516556291391,0.006622516556291391,0.013245033112582781,0.006622516556291391,0.006622516556291391,0.006622516556291391,0.013245033112582781,0.0,0.026490066225165563,0.006622516556291391,0.0
0.37254901960784315,0.0,0.014005602240896359,0.49859943977591037,0.0028011204481792717,0.008403361344537815,0.008403361344537815,0.01680672268907563,0.0056022408963585435,0.0056022408963585435,0.0056022408963585435,0.0196078431372549,0.0,0.036414565826330535,0.0056022408963585435,0.0
0.35121951219512193,0.0,0.01707317073170732,0.5,0.0024390243902439024,0.00975609756097561,0.007317073170731708,0.01707317073170732,0.00975609756097561,0.00975609756097561,0.007317073170731708,0.01707317073170732,0.0,0.041463414634146344,0.00975609756097561,0.0
0.3333333333333333,0.0,0.016666666666666666,0.5104166666666666,0.0020833333333333333,0.010416666666666666,0.008333333333333333,0.020833333333333332,0.00625,0.008333333333333333,0.00625,0.01875,0.0,0.03958333333333333,0.0125,0.00625
0.32637571157495254,0.0,0.013282732447817837,0.5123339658444023,0.0018975332068311196,0.011385199240986717,0.007590132827324478,0.028462998102466792,0.0056925996204933585,0.009487666034155597,0.0056925996204933585,0.020872865275142316,0.0,0.04174573055028463,0.007590132827324478,0.007590132827324478
0.32367972742759793,0.0,0.01192504258943782,0.504258943781942,0.0017035775127768314,0.010221465076660987,0.0017035775127768314,0.03236797274275979,0.0017035775127768314,0.010221465076660987,0.005110732538330494,0.02555366269165247,0.0,0.05281090289608177,0.010221465076660987,0.008517887563884156
0.30441400304414,0.0030441400304414,0.0106544901065449,0.4992389649923896,0.0030441400304414,0.0091324200913242,0.0015220700152207,0.0365296803652968,0.0015220700152207,0.0121765601217656,0.0030441400304414,0.030441400304414,0.0,0.0669710806697108,0.0106544901065449,0.0076103500761035
0.3015006821282401,0.004092769440654843,0.01227830832196453,0.4870395634379263,0.004092769440654843,0.0068212824010914054,0.002728512960436562,0.040927694406548434,0.0,0.015006821282401092,0.002728512960436562,0.030013642564802184,0.0,0.0723055934515689,0.009549795361527967,0.010914051841746248
0.2914572864321608,0.00628140703517588,0.013819095477386936,0.4685929648241206,0.00628140703517588,0.007537688442211055,0.002512562814070352,0.04396984924623116,0.0,0.013819095477386936,0.0037688442211055275,0.03391959798994975,0.0,0.08417085427135679,0.008793969849246231,0.01507537688442211
0.28227571115973743,0.006564551422319475,0.012035010940919038,0.46061269146608314,0.005470459518599562,0.0087527352297593,0.002188183807439825,0.05142231947483589,0.002188183807439825,0.015317286652078774,0.0032822757111597373,0.038293216630196934,0.0,0.08971553610503283,0.006564551422319475,0.015317286652078774
0.2755511022044088,0.004008016032064128,0.012024048096192385,0.46292585170340683,0.0070140280561122245,0.012024048096192385,0.002004008016032064,0.05110220440881764,0.001002004008016032,0.01603206412825651,0.004008016032064128,0.041082164328657314,0.0,0.08917835671342686,0.006012024048096192,0.01603206412825651
0.2679245283018868,0.006603773584905661,0.011320754716981131,0.4660377358490566,0.008490566037735849,0.012264150943396227,0.0018867924528301887,0.052830188679245285,0.0009433962264150943,0.014150943396226415,0.005660377358490566,0.03773584905660377,0.0,0.09150943396226414,0.0047169811320754715,0.017924528301886792
0.2569204152249135,0.006920415224913495,0.009515570934256055,0.45069204152249137,0.007785467128027681,0.014705882352941176,0.0025951557093425604,0.06747404844290658,0.0008650519031141869,0.01730103806228374,0.005190311418685121,0.04152249134948097,0.0025951557093425604,0.09342560553633218,0.006055363321799308,0.01643598615916955
0.23225806451612904,0.008870967741935484,0.008064516129032258,0.45564516129032256,0.007258064516129033,0.016935483870967744,0.0024193548387096775,0.06935483870967742,0.0016129032258064516,0.020967741935483872,0.004838709677419355,0.0467741935483871,0.004838709677419355,0.09758064516129032,0.004838709677419355,0.017741935483870968
0.22385861561119294,0.009572901325478646,0.007363770250368188,0.4543446244477172,0.005891016200294551,0.018409425625920472,0.005154639175257732,0.06848306332842416,0.0022091310751104565,0.022827687776141383,0.005154639175257732,0.04344624447717231,0.0066273932253313695,0.10088365243004419,0.005154639175257732,0.020618556701030927
0.21143250688705234,0.010330578512396695,0.008953168044077135,0.46005509641873277,0.005509641873278237,0.01859504132231405,0.006887052341597796,0.06887052341597796,0.0013774104683195593,0.023415977961432508,0.004132231404958678,0.04269972451790634,0.009641873278236915,0.10192837465564739,0.0048209366391184574,0.02134986225895317
0.20687418936446172,0.009079118028534372,0.008430609597924773,0.4591439688715953,0.0019455252918287938,0.020752269779507133,0.00648508430609598,0.07328145265888457,0.0012970168612191958,0.02204928664072633,0.00324254215304799,0.042801556420233464,0.01297016861219196,0.10505836575875487,0.004539559014267186,0.02204928664072633
0.19795427196149218,0.007220216606498195,0.006618531889290012,0.463898916967509,0.0030084235860409147,0.0210589651022864,0.005415162454873646,0.0776173285198556,0.0030084235860409147,0.026474127557160047,0.0030084235860409147,0.04271961492178099,0.015042117930204572,0.10409145607701564,0.0036101083032490976,0.019253910950661854
0.19094036697247707,0.006307339449541285,0.009174311926605505,0.4673165137614679,0.0034403669724770644,0.023509174311926607,0.005160550458715597,0.07740825688073394,0.0022935779816513763,0.027522935779816515,0.0028669724770642203,0.040137614678899085,0.017201834862385322,0.10091743119266056,0.0034403669724770644,0.02236238532110092
0.18904109589041096,0.006027397260273973,0.00821917808219178,0.4684931506849315,0.0016438356164383563,0.023013698630136987,0.004931506849315068,0.07726027397260274,0.0027397260273972603,0.02958904109589041,0.0032876712328767125,0.040547945205479455,0.019726027397260273,0.09808219178082192,0.004383561643835616,0.023013698630136987
0.1883150756390193,0.006259780907668232,0.008346374543557642,0.46531038080333853,0.0020865936358894104,0.02190923317683881,0.006259780907668232,0.07616066770996348,0.003129890453834116,0.03025560772039645,0.0036515388628064684,0.03912363067292645,0.02190923317683881,0.09963484611371935,0.0036515388628064684,0.023995826812728223
0.18581418581418582,0.005494505494505495,0.008491508491508492,0.45354645354645357,0.001998001998001998,0.024975024975024976,0.005994005994005994,0.08441558441558442,0.0034965034965034965,0.029970029970029972,0.002997002997002997,0.041458541458541456,0.024475524475524476,0.09540459540459541,0.005994005994005994,0.025474525474525476
0.18427518427518427,0.004422604422604423,0.009336609336609337,0.458968058968059,0.0034398034398034397,0.025552825552825554,0.004422604422604423,0.07862407862407862,0.003931203931203931,0.03095823095823096,0.0029484029484029483,0.03783783783783784,0.026044226044226043,0.09680589680589681,0.005896805896805897,0.026535626535626536
0.18450704225352113,0.004225352112676056,0.009859154929577466,0.45492957746478874,0.0032863849765258214,0.023943661971830985,0.005164319248826291,0.07934272300469483,0.004225352112676056,0.03051643192488263,0.003755868544600939,0.04037558685446009,0.027230046948356807,0.09671361502347418,0.006103286384976526,0.025821596244131457
0.1808952468850946,0.0046146746654360865,0.010613751730503,0.4591601292108906,0.004153207198892478,0.025380710659898477,0.004153207198892478,0.08260267651130596,0.005076142131979695,0.029533917858790955,0.0046146746654360865,0.03645592985694508,0.023534840793724043,0.09875403784033225,0.006460544531610522,0.023996308260267652
0.18351548269581056,0.005009107468123861,0.009562841530054645,0.4581056466302368,0.005009107468123861,0.02686703096539162,0.004098360655737705,0.08287795992714025,0.004553734061930784,0.028688524590163935,0.0036429872495446266,0.038706739526411654,0.023224043715846996,0.0942622950819672,0.006375227686703097,0.025500910746812388
0.18161333934204596,0.00405588102748986,0.009914375844975214,0.45425867507886436,0.004506534474988734,0.028391167192429023,0.00405588102748986,0.08111762054979721,0.005858494817485353,0.028391167192429023,0.00405588102748986,0.039206849932401984,0.02433528616493916,0.09598918431726003,0.0067598017124831005,0.027489860297431275
0.1791179117911791,0.0049504950495049506,0.008550855085508551,0.4522952295229523,0.0031503150315031502,0.029252925292529253,0.0063006300630063005,0.0783078307830783,0.0049504950495049506,0.028352835283528353,0.0067506750675067504,0.038253825382538256,0.027002700270027002,0.09675967596759676,0.0067506750675067504,0.029252925292529253
0.18382022471910112,0.006292134831460674,0.008089887640449439,0.45258426966292137,0.0022471910112359553,0.03280898876404494,0.004943820224719101,0.07730337078651685,0.004943820224719101,0.027415730337078652,0.006741573033707865,0.037303370786516854,0.02606741573033708,0.09303370786516854,0.007640449438202248,0.028764044943820226
0.18197958277851753,0.007545494895694629,0.007989347536617843,0.44873501997336884,0.001775410563692854,0.033732800710164226,0.006213936972924989,0.07501109631602308,0.004882379050155349,0.027075011096316024,0.006657789613848202,0.037283621837549935,0.028406569019085663,0.09320905459387484,0.009320905459387484,0.030181979582778518
0.18088888888888888,0.008444444444444444,0.007555555555555556,0.44755555555555554,0.0022222222222222222,0.03422222222222222,0.006222222222222222,0.076,0.004888888888888889,0.027555555555555555,0.006222222222222222,0.037333333333333336,0.028,0.09022222222222222,0.009777777777777778,0.03288888888888889
0.1806797853309481,0.008050089445438283,0.008050089445438283,0.44543828264758495,0.0026833631484794273,0.03488372093023256,0.006708407871198569,0.07960644007155634,0.004025044722719142,0.027728085867620753,0.006708407871198569,0.03667262969588551,0.029516994633273702,0.08765652951699464,0.01073345259391771,0.030858676207513418
0.18245923314235346,0.009255178492728075,0.006610841780520053,0.44424856765094756,0.002644336712208021,0.036579991185544294,0.007051564565888057,0.07844865579550463,0.0057293962097840455,0.027324812692816218,0.0057293962097840455,0.03525782282944028,0.029528426619656236,0.0872631115028647,0.010136624063464082,0.031732040546496254
0.17904509283819628,0.008841732979664015,0.006631299734748011,0.4389920424403183,0.003094606542882405,0.03801945181255526,0.006631299734748011,0.08267020335985853,0.005305039787798408,0.028293545534924844,0.005747126436781609,0.03713527851458886,0.028293545534924844,0.09018567639257294,0.010167992926613616,0.03094606542882405
0.18129686810763124,0.009263343625937363,0.0070577856197618,0.4402293780326423,0.004852227613586237,0.037935597706219674,0.0061755624172915745,0.07454786060873402,0.0061755624172915745,0.025143361270401413,0.005734450816056462,0.03440670489633877,0.031318923687692984,0.09131010145566829,0.011027790030877812,0.03352448169386855
0.18551631649530623,0.008493518104604381,0.006705409029950827,0.4421099687080912,0.004470272686633884,0.04023245417970496,0.005364327223960662,0.07867679928475638,0.006258381761287439,0.02682163611980331,0.004470272686633884,0.03218596334376397,0.03218596334376397,0.08225301743406348,0.012516763522574878,0.03173893607510058
0.18193832599118942,0.00881057268722467,0.006607929515418502,0.4409691629955947,0.004845814977973568,0.04052863436123348,0.004845814977973568,0.07973568281938326,0.007048458149779736,0.025991189427312777,0.004405286343612335,0.029955947136563875,0.03303964757709251,0.0841409691629956,0.014537444933920705,0.03259911894273128
0.1840818141396176,0.008448199199644287,0.007114273010226767,0.4375277901289462,0.004446420631391729,0.039573143619386394,0.005335704757670075,0.07959092930191196,0.007114273010226767,0.026233881725211204,0.004001778568252557,0.03201422854602046,0.035126722987994664,0.082258781680747,0.013783903957314362,0.03334815473543797
0.18763796909492272,0.007947019867549669,0.008830022075055188,0.43002207505518764,0.004415011037527594,0.04150110375275938,0.005739514348785872,0.08123620309050773,0.00706401766004415,0.0282560706401766,0.003973509933774834,0.03090507726269316,0.03487858719646799,0.08123620309050773,0.0141280353200883,0.032229580573951436
0.18777484608619174,0.008355321020228672,0.008795074758135445,0.42480211081794195,0.0043975373790677225,0.040457343887423045,0.006596306068601583,0.079155672823219,0.007036059806508356,0.028144239226033423,0.004837291116974494,0.031222515391380826,0.036939313984168866,0.08487247141600704,0.013632365875109938,0.032981530343007916
0.1917989417989418,0.007936507936507936,0.008818342151675485,0.42328042328042326,0.005291005291005291,0.041005291005291,0.007054673721340388,0.08156966490299823,0.007936507936507936,0.028659611992945325,0.005291005291005291,0.030864197530864196,0.03350970017636684,0.08421516754850088,0.011022927689594356,0.031746031746031744
0.18830305715551618,0.008418254319893664,0.007975188303057155,0.42268498006202926,0.00664599025254763,0.03943287549844927,0.007532122286220647,0.0815241470979176,0.007532122286220647,0.02968542312804608,0.0057598582188746125,0.027913159060700046,0.03987594151528578,0.08551174124944617,0.010633584404076208,0.030571555161719097
0.18515245249668583,0.008395934600088379,0.009279717189571365,0.4259832081307998,0.007070260715863898,0.0410958904109589,0.007070260715863898,0.07954043305346885,0.006628369421122404,0.028722934158197082,0.0061864781263809105,0.03049049933716306,0.04197967300044189,0.08086610693769333,0.011489173663278833,0.030048608042421564
0.1835387323943662,0.007922535211267605,0.008802816901408451,0.42561619718309857,0.007042253521126761,0.04137323943661972,0.008362676056338027,0.07834507042253522,0.007042253521126761,0.02992957746478873,0.006602112676056338,0.02992957746478873,0.043133802816901406,0.0818661971830986,0.01056338028169014,0.02992957746478873
0.18209876543209877,0.005731922398589065,0.00837742504409171,0.41622574955908287,0.006613756613756613,0.04365079365079365,0.009259259259259259,0.082010582010582,0.007054673721340388,0.03218694885361552,0.007495590828924162,0.029541446208112873,0.04805996472663139,0.08421516754850088,0.008818342151675485,0.028659611992945325
0.18539823008849557,0.004424778761061947,0.009292035398230088,0.41283185840707964,0.005752212389380531,0.04513274336283186,0.009292035398230088,0.08451327433628318,0.006194690265486726,0.03185840707964602,0.008407079646017699,0.030973451327433628,0.045575221238938056,0.084070796460177,0.008849557522123894,0.02743362831858407
0.18531623175586023,0.004422821760283061,0.010614772224679346,0.4099955771782397,0.006634232640424591,0.04201680672268908,0.009730207872622734,0.08668730650154799,0.007076514816452897,0.03140203449800973,0.008403361344537815,0.03272888102609465,0.044228217602830605,0.08403361344537816,0.008403361344537815,0.02830605926581159
0.18265845070422534,0.0044014084507042256,0.011003521126760563,0.40536971830985913,0.006161971830985915,0.040492957746478875,0.009242957746478873,0.08758802816901408,0.008362676056338027,0.03125,0.008362676056338027,0.03345070422535211,0.04709507042253521,0.08846830985915492,0.008362676056338027,0.02772887323943662
0.18978423601937472,0.005724350506384853,0.011008366358432409,0.396741523557904,0.008806693086745927,0.04007045354469397,0.009687362395420519,0.08542492294143549,0.011008366358432409,0.03258476442095993,0.007485689123734038,0.03522677234698371,0.0479964773227653,0.0841039189784236,0.008806693086745927,0.02553940995156319
0.1888392857142857,0.006696428571428571,0.011607142857142858,0.40133928571428573,0.008482142857142856,0.039732142857142855,0.010267857142857143,0.08392857142857142,0.011160714285714286,0.03169642857142857,0.008035714285714285,0.033482142857142856,0.05133928571428571,0.07991071428571428,0.008928571428571428,0.024553571428571428
0.19102112676056338,0.007482394366197183,0.011003521126760563,0.3983274647887324,0.009242957746478873,0.03873239436619718,0.009242957746478873,0.08098591549295775,0.011003521126760563,0.03301056338028169,0.007042253521126761,0.03345070422535211,0.05237676056338028,0.08054577464788733,0.009683098591549295,0.026848591549295774
0.18852097130242826,0.005739514348785872,0.011920529801324504,0.4044150110375276,0.010154525386313467,0.037527593818984545,0.009271523178807948,0.08388520971302428,0.010596026490066225,0.031346578366445915,0.0075055187637969095,0.032229580573951436,0.04900662251655629,0.07947019867549669,0.009713024282560706,0.02869757174392936
0.19761799735333038,0.00529333921482135,0.009704455227172474,0.4093515659461844,0.00882223202470225,0.04014115571239524,0.007940008822232024,0.0811645346272607,0.009263343625937363,0.030877812086457873,0.007940008822232024,0.029113365681517425,0.04719894133215704,0.07719453021614468,0.010145566828407587,0.0282311424790472
0.19381533101045295,0.004790940766550522,0.009581881533101045,0.41202090592334495,0.0078397212543554,0.041811846689895474,0.0078397212543554,0.07970383275261324,0.009581881533101045,0.03266550522648084,0.007404181184668989,0.029181184668989547,0.050522648083623695,0.0744773519163763,0.010452961672473868,0.028310104529616725
0.1978021978021978,0.006153846153846154,0.008791208791208791,0.40835164835164833,0.008351648351648353,0.043076923076923075,0.0074725274725274725,0.07824175824175825,0.009230769230769232,0.03120879120879121,0.0074725274725274725,0.027252747252747254,0.05406593406593407,0.07560439560439561,0.009230769230769232,0.027692307692307693
0.19805050952591935,0.004873726185201595,0.008861320336730172,0.40762073548958794,0.008418254319893664,0.03943287549844927,0.0057598582188746125,0.07797961896322551,0.008418254319893664,0.03234381922906513,0.00664599025254763,0.028356225077536552,0.056269384138236594,0.07930881701373504,0.007975188303057155,0.02968542312804608
0.19619973486522316,0.004418912947414936,0.008395934600088379,0.40874944763588156,0.009279717189571365,0.039770216526734424,0.005302695536897923,0.08042421564295184,0.008837825894829872,0.03049049933716306,0.007070260715863898,0.02828104286345559,0.0547945205479452,0.07865665046398586,0.009721608484312859,0.029606716747680072
0.1991111111111111,0.004888888888888889,0.008888888888888889,0.4151111111111111,0.009777777777777778,0.037333333333333336,0.005333333333333333,0.0768888888888889,0.008444444444444444,0.029777777777777778,0.007555555555555556,0.028444444444444446,0.05377777777777778,0.0791111111111111,0.009333333333333334,0.026222222222222223
0.2006213936972925,0.005770084332001775,0.010208610741233911,0.40390590324012426,0.011096316023080338,0.03506435863293387,0.005770084332001775,0.07989347536617843,0.00887705281846427,0.029738126941855306,0.007989347536617843,0.02796271637816245,0.056813138038171326,0.08078118064802485,0.00887705281846427,0.02663115845539281
0.20169567157518964,0.00535475234270415,0.0107095046854083,0.4038375725122713,0.0107095046854083,0.03346720214190094,0.005800981704596163,0.07764390896921017,0.009370816599732263,0.03034359660865685,0.008032128514056224,0.028112449799196786,0.055778670236501564,0.0825524319500223,0.008478357875948238,0.028112449799196786
0.20132450331125828,0.006181015452538631,0.009713024282560706,0.4052980132450331,0.011479028697571744,0.03399558498896247,0.005298013245033113,0.0781456953642384,0.007947019867549669,0.029580573951434878,0.0075055187637969095,0.027373068432671083,0.05695364238410596,0.08388520971302428,0.0075055187637969095,0.02781456953642384
0.19397697077059345,0.005757307351638618,0.011071744906997343,0.41319751992914083,0.011071744906997343,0.03720106288751107,0.00354295837023915,0.07661647475642161,0.0070859167404783,0.030115146147032774,0.007971656333038087,0.025686448184233834,0.05713020372010629,0.08148804251550044,0.007971656333038087,0.030115146147032774
0.19441984056687334,0.005314437555358724,0.008857395925597875,0.4065544729849424,0.013286093888396812,0.038529672276350756,0.003985828166519044,0.07705934455270151,0.0070859167404783,0.0283436669619132,0.0070859167404783,0.025686448184233834,0.06111603188662533,0.08325952170062002,0.00841452612931798,0.03100088573959256
0.1957857769973661,0.004828797190517998,0.006584723441615452,0.4108867427568042,0.013608428446005268,0.03687445127304653,0.004389815627743635,0.07506584723441616,0.009218612818261633,0.02633889376646181,0.0052677787532923615,0.025460930640913083,0.0649692712906058,0.07989464442493416,0.00877963125548727,0.03204565408252853
0.19547872340425532,0.0062056737588652485,0.006648936170212766,0.41134751773049644,0.012854609929078014,0.034131205673758866,0.004432624113475178,0.0749113475177305,0.00975177304964539,0.025709219858156027,0.00576241134751773,0.027925531914893616,0.06515957446808511,0.08156028368794327,0.009308510638297872,0.028812056737588652
0.1931216931216931,0.006613756613756613,0.007054673721340388,0.4149029982363316,0.01146384479717813,0.03350970017636684,0.0048500881834215165,0.07319223985890652,0.008818342151675485,0.02513227513227513,0.005731922398589065,0.030864197530864196,0.06613756613756613,0.07848324514991181,0.008818342151675485,0.03130511463844797
0.19298245614035087,0.007456140350877193,0.007456140350877193,0.41228070175438597,0.010964912280701754,0.034210526315789476,0.004824561403508772,0.0706140350877193,0.009210526315789473,0.02894736842105263,0.006578947368421052,0.029385964912280703,0.06885964912280702,0.0780701754385965,0.007894736842105263,0.030263157894736843
0.18382677861246133,0.0057445868316394165,0.007512152010605391,0.41626159964648696,0.010605391073795847,0.034909412284577994,0.004418912947414936,0.07158638974812197,0.010605391073795847,0.03093239063190455,0.006628369421122404,0.030048608042421564,0.0684931506849315,0.07998232434821034,0.007954043305346884,0.03049049933716306
0.18562610229276896,0.005291005291005291,0.00837742504409171,0.42504409171075835,0.010141093474426807,0.030864197530864196,0.0048500881834215165,0.0736331569664903,0.009700176366843033,0.027777777777777776,0.006613756613756613,0.029982363315696647,0.07098765432098765,0.07583774250440917,0.007936507936507936,0.027336860670194002
0.1850044365572316,0.0044365572315882874,0.008429458740017746,0.4321206743566992,0.01064773735581189,0.03194321206743567,0.0048802129547471165,0.07187222715173026,0.01020408163265306,0.029724933451641525,0.005323868677905945,0.026619343389529725,0.06965394853593611,0.07497781721384206,0.007985803016858917,0.026175687666370896
0.1861184792219275,0.004420866489832007,0.008841732979664015,0.4288240495137047,0.011052166224580018,0.030061892130857647,0.006631299734748011,0.0680813439434129,0.008399646330680813,0.030061892130857647,0.005305039787798408,0.027851458885941646,0.07338638373121131,0.07515473032714412,0.007515473032714412,0.028293545534924844
0.18327402135231316,0.006227758007117438,0.009786476868327402,0.43238434163701067,0.010676156583629894,0.027580071174377226,0.0066725978647686835,0.06761565836298933,0.008451957295373666,0.032473309608540925,0.004893238434163701,0.026690391459074734,0.07250889679715303,0.07517793594306049,0.007562277580071174,0.02802491103202847
0.1882145998240985,0.005277044854881266,0.010554089709762533,0.42700087950747584,0.010114335971855761,0.028583992963940194,0.006156552330694811,0.06156552330694811,0.008355321020228672,0.03210202286719437,0.004837291116974494,0.027704485488126648,0.07783641160949868,0.07651715039577836,0.006156552330694811,0.029023746701846966
0.1907488986784141,0.004845814977973568,0.011894273127753305,0.42466960352422906,0.00881057268722467,0.028634361233480177,0.005726872246696035,0.06475770925110132,0.007488986784140969,0.030837004405286344,0.004405286343612335,0.028634361233480177,0.07973568281938326,0.07533039647577093,0.0052863436123348016,0.028193832599118944
0.1903485254691689,0.005361930294906166,0.012064343163538873,0.42761394101876676,0.008489722966934763,0.029490616621983913,0.004915102770330653,0.06389633601429848,0.006702412868632708,0.03395889186773905,0.004915102770330653,0.026362823949955316,0.08266309204647006,0.07238605898123325,0.004468275245755138,0.026362823949955316
0.1957765068191817,0.005719313682358117,0.013198416190057193,0.4139903211614606,0.007479102507699076,0.029916410030796304,0.004399472063352398,0.06159260888693357,0.005719313682358117,0.03783545974483062,0.0035195776506819184,0.026396832380114386,0.08930928288605368,0.07259128904531456,0.005279366476022877,0.027276726792784867
0.1910856134157105,0.005736981465136805,0.01235657546337158,0.41438658428949693,0.007502206531332745,0.02912621359223301,0.00529567519858782,0.06090026478375993,0.00617828773168579,0.038834951456310676,0.0048543689320388345,0.026919682259488084,0.09223300970873786,0.07413945278022947,0.00617828773168579,0.024271844660194174
0.18923687692986327,0.005734450816056462,0.011027790030877812,0.4203793559770622,0.0070577856197618,0.0282311424790472,0.005734450816056462,0.061314512571680635,0.0061755624172915745,0.038376709307454786,0.0035288928098809,0.02867225408028231,0.0886634318482576,0.07322452580502867,0.0061755624172915745,0.02646669607410675
0.19393139841688653,0.006596306068601583,0.009674582233948988,0.4173262972735268,0.007475813544415127,0.031222515391380826,0.005277044854881266,0.0584872471416007,0.005716798592788039,0.03781882145998241,0.003518029903254178,0.029023746701846966,0.08839050131926121,0.07080035180299032,0.006156552330694811,0.028583992963940194
0.19477644975652944,0.006640106241699867,0.008410801239486499,0.41080123948649844,0.00796812749003984,0.03054448871181939,0.005754758742806552,0.06108897742363878,0.006640106241699867,0.04028331119964586,0.00398406374501992,0.029659141212926073,0.09207613988490483,0.0681717574147853,0.004869411243913236,0.0283311199645861
0.1898846495119787,0.0075421472937000885,0.007985803016858917,0.4179236912156167,0.0075421472937000885,0.02839396628216504,0.0048802129547471165,0.061224489795918366,0.006654835847382431,0.03771073646850044,0.0044365572315882874,0.03194321206743567,0.09094942324755989,0.0709849157054126,0.003992901508429458,0.027950310559006212
0.1926646045072912,0.007512152010605391,0.007954043305346884,0.4211224038886434,0.007512152010605391,0.026071586389748123,0.005302695536897923,0.05700397702165267,0.0057445868316394165,0.03711886875828546,0.004418912947414936,0.031816173221387536,0.09191338930623066,0.06937693327441449,0.004860804242156429,0.029606716747680072
0.19336534264513314,0.006110868616324749,0.007420340462680052,0.42077695329550413,0.007420340462680052,0.02531645569620253,0.005237887385421213,0.05761676123963335,0.008293321693583587,0.03841117415975556,0.003491924923614142,0.032736796158882586,0.09122653862941947,0.06809253601047577,0.005237887385421213,0.029244871235268442
0.19367588932806323,0.005709266578831796,0.00922266139657444,0.409310496267018,0.007465963987703118,0.028107158541941152,0.005270092226613966,0.05577514273166447,0.00922266139657444,0.039964866051822576,0.004391743522178305,0.03689064558629776,0.09046991655687307,0.07158541941150637,0.005270092226613966,0.02766798418972332
0.18944099378881987,0.006211180124223602,0.007985803016858917,0.40949423247559896,0.007985803016858917,0.030168589174800354,0.006654835847382431,0.055013309671694766,0.009316770186335404,0.03948535936113576,0.005323868677905945,0.0385980479148181,0.09094942324755989,0.06876663708961846,0.006654835847382431,0.027950310559006212
0.18065934065934067,0.007032967032967033,0.009230769230769232,0.40923076923076923,0.008791208791208791,0.03164835164835165,0.006593406593406593,0.052307692307692305,0.009230769230769232,0.04087912087912088,0.006593406593406593,0.03956043956043956,0.0967032967032967,0.06505494505494505,0.007912087912087912,0.02857142857142857
0.18213969938107868,0.006631299734748011,0.008399646330680813,0.4093722369584439,0.005747126436781609,0.03050397877984085,0.00618921308576481,0.05128205128205128,0.009725906277630416,0.04111405835543767,0.007515473032714412,0.038461538461538464,0.10123784261715296,0.0658709106984969,0.007957559681697613,0.027851458885941646
0.18322981366459629,0.0075421472937000885,0.007985803016858917,0.4090505767524401,0.005767524401064774,0.029724933451641525,0.006211180124223602,0.052795031055900624,0.009760425909494233,0.04214729370008873,0.0075421472937000885,0.0385980479148181,0.09671694764862467,0.06521739130434782,0.0075421472937000885,0.030168589174800354
0.1868953386103782,0.006596306068601583,0.008355321020228672,0.40589270008795075,0.006156552330694811,0.028144239226033423,0.007475813544415127,0.055408970976253295,0.009234828496042216,0.040457343887423045,0.0079155672823219,0.03781882145998241,0.09586631486367635,0.06552330694810905,0.007036059806508356,0.031222515391380826
0.19007155635062611,0.007602862254025045,0.009391771019677997,0.4007155635062612,0.006261180679785331,0.028622540250447227,0.007602862254025045,0.05635062611806798,0.009838998211091235,0.04114490161001789,0.007602862254025045,0.03488372093023256,0.09615384615384616,0.06574239713774598,0.006261180679785331,0.03175313059033989
0.19014084507042253,0.008362676056338027,0.008362676056338027,0.3970070422535211,0.0044014084507042256,0.02772887323943662,0.007922535211267605,0.05721830985915493,0.009242957746478873,0.040492957746478875,0.008362676056338027,0.03609154929577465,0.10123239436619719,0.06426056338028169,0.006161971830985915,0.03301056338028169
0.19384615384615383,0.008351648351648353,0.008791208791208791,0.3903296703296703,0.004395604395604396,0.03120879120879121,0.008351648351648353,0.052307692307692305,0.008791208791208791,0.0421978021978022,0.008791208791208791,0.03868131868131868,0.10373626373626374,0.06285714285714286,0.006153846153846154,0.03120879120879121
0.19411506368028106,0.007905138339920948,0.00834431269213878,0.38998682476943347,0.004830917874396135,0.028985507246376812,0.00878348704435661,0.052700922266139656,0.00922266139657444,0.039525691699604744,0.011418533157663592,0.03908651734738691,0.10408432147562582,0.06280193236714976,0.005709266578831796,0.032498902064119456
0.19541243934715483,0.007498897220996913,0.00882223202470225,0.39126599029554476,0.0061755624172915745,0.02690780767534186,0.008381120423467137,0.05161005734450816,0.009704455227172474,0.04014115571239524,0.0105866784296427,0.0388178209086899,0.10498456109395678,0.061314512571680635,0.0066166740185266875,0.031760035288928096
0.1960088691796009,0.00753880266075388,0.009312638580931265,0.38980044345898,0.006208425720620843,0.025277161862527715,0.008425720620842573,0.05232815964523282,0.011086474501108648,0.03991130820399113,0.01197339246119734,0.03902439024390244,0.1033259423503326,0.06075388026607539,0.0066518847006651885,0.03237250554323725
0.19551845342706503,0.007029876977152899,0.008787346221441126,0.38400702987697716,0.007029876977152899,0.03031634446397188,0.008787346221441126,0.04964850615114236,0.010105448154657293,0.04130052724077329,0.010984182776801407,0.03910369068541301,0.10808435852372583,0.06063268892794376,0.006151142355008787,0.03251318101933216
0.20124113475177305,0.006648936170212766,0.007535460992907801,0.38475177304964536,0.007978723404255319,0.028368794326241134,0.009308510638297872,0.04875886524822695,0.00975177304964539,0.040336879432624116,0.01152482269503546,0.040780141843971635,0.10460992907801418,0.060726950354609927,0.005319148936170213,0.03235815602836879
0.2014165559982293,0.007525453740593183,0.008853474988933156,0.38689685701637894,0.007525453740593183,0.0283311199645861,0.008410801239486499,0.04780876494023904,0.010624169986719787,0.03851261620185923,0.011066843736166445,0.04028331119964586,0.10358565737051793,0.06108897742363878,0.005754758742806552,0.03231518370960602
0.19955849889624724,0.008830022075055188,0.008830022075055188,0.3766004415011038,0.008388520971302429,0.0282560706401766,0.008830022075055188,0.052538631346578366,0.010154525386313467,0.038410596026490065,0.011920529801324504,0.040176600441501106,0.10331125827814569,0.060044150110375276,0.006622516556291391,0.037527593818984545
0.19911504424778761,0.007964601769911504,0.010176991150442478,0.3831858407079646,0.009734513274336283,0.029646017699115044,0.009292035398230088,0.05132743362831858,0.009292035398230088,0.03761061946902655,0.011061946902654867,0.03849557522123894,0.10176991150442478,0.05707964601769912,0.007964601769911504,0.036283185840707964
0.1947648624667258,0.009316770186335404,0.01020408163265306,0.3793256433007986,0.01064773735581189,0.029724933451641525,0.011091393078970719,0.05146406388642413,0.011091393078970719,0.037267080745341616,0.012422360248447204,0.038154392191659274,0.1033717834960071,0.05723158828748891,0.006654835847382431,0.037267080745341616
0.19068934646374217,0.009400179051029543,0.011190689346463742,0.38137869292748433,0.011638316920322292,0.02864816472694718,0.011190689346463742,0.05416293643688451,0.011190689346463742,0.03401969561324977,0.01342882721575649,0.03849597135183527,0.10429722470904208,0.05684870188003581,0.006266786034019696,0.03715308863025962
0.19336283185840708,0.008849557522123894,0.011504424778761062,0.38141592920353984,0.011061946902654867,0.02566371681415929,0.011946902654867256,0.048230088495575224,0.010176991150442478,0.034955752212389384,0.012389380530973451,0.03849557522123894,0.1088495575221239,0.05752212389380531,0.00752212389380531,0.03805309734513274
0.18702460850111857,0.009843400447427294,0.010738255033557046,0.3785234899328859,0.010738255033557046,0.024608501118568233,0.011185682326621925,0.04832214765100671,0.010738255033557046,0.036241610738255034,0.012975391498881432,0.03803131991051454,0.11677852348993288,0.05861297539149888,0.007606263982102908,0.03803131991051454
0.18752764263600177,0.008845643520566122,0.011057054400707651,0.3741707209199469,0.011499336576735958,0.02697921273772667,0.011057054400707651,0.047766475011057054,0.009287925696594427,0.03715170278637771,0.01238390092879257,0.03582485625829279,0.12118531623175587,0.058823529411764705,0.00796107916850951,0.03847854931446263
0.19020300088261252,0.009267431597528684,0.009708737864077669,0.3768755516328332,0.01147396293027361,0.02824360105913504,0.011915269196822596,0.04236540158870256,0.008384819064430714,0.03574580759046778,0.01235657546337158,0.03574580759046778,0.12135922330097088,0.057811120917917035,0.009708737864077669,0.038834951456310676
0.18836072856508218,0.010217681030653044,0.009329187027987561,0.3780541981341626,0.011106175033318524,0.02798756108396268,0.011550422034651266,0.04264771212794314,0.00888494002665482,0.03598400710795202,0.011994669035984007,0.03820524211461573,0.12172367836517103,0.05864060417592181,0.009329187027987561,0.03598400710795202
0.1901813356921716,0.009287925696594427,0.009730207872622734,0.37770897832817335,0.013710747456877488,0.02830605926581159,0.008403361344537815,0.040689960194604156,0.008845643520566122,0.03715170278637771,0.011941618752764263,0.03759398496240601,0.12162759840778417,0.057054400707651484,0.008845643520566122,0.038920831490490936
0.19416187527642637,0.009287925696594427,0.008845643520566122,0.37638213180008845,0.012826183104820876,0.028748341441839895,0.009287925696594427,0.03936311366651924,0.009287925696594427,0.03538257408226449,0.011499336576735958,0.03803626713843432,0.1172047766475011,0.0583812472357364,0.009287925696594427,0.04201680672268908
0.19177469825659366,0.008940545373267769,0.010281627179257935,0.3763969602145731,0.013410818059901655,0.029950827000447027,0.009834599910594547,0.03755029056772463,0.010281627179257935,0.033974072418417524,0.012069736253911488,0.03665623603039785,0.12069736253911488,0.058113544926240504,0.010281627179257935,0.039785426911041574
0.19078947368421054,0.008771929824561403,0.010087719298245614,0.3828947368421053,0.011403508771929825,0.02850877192982456,0.011403508771929825,0.04035087719298246,0.009210526315789473,0.03333333333333333,0.011403508771929825,0.035526315789473684,0.12412280701754386,0.05526315789473684,0.010964912280701754,0.035964912280701755
0.19034971226206285,0.008410801239486499,0.011509517485613104,0.3789287295263391,0.011066843736166445,0.02877379371403276,0.011509517485613104,0.041168658698539175,0.008853474988933156,0.033643204957945996,0.011509517485613104,0.035856573705179286,0.1248339973439575,0.056219566179725546,0.01018149623727313,0.03718459495351926
0.19320214669051877,0.008944543828264758,0.009838998211091235,0.37164579606440074,0.012522361359570662,0.02996422182468694,0.009838998211091235,0.04159212880143113,0.009391771019677997,0.03667262969588551,0.011627906976744186,0.03622540250447227,0.12298747763864043,0.056797853309481214,0.011180679785330949,0.03756708407871199
0.18927304964539007,0.010638297872340425,0.011081560283687944,0.37189716312056736,0.012411347517730497,0.02925531914893617,0.011081560283687944,0.04343971631205674,0.008865248226950355,0.03723404255319149,0.011968085106382979,0.034574468085106384,0.125,0.05673758865248227,0.010195035460992909,0.03634751773049645
0.18930957683741648,0.012026726057906459,0.012472160356347439,0.3710467706013363,0.012917594654788419,0.029844097995545656,0.010244988864142539,0.04365256124721604,0.009354120267260579,0.03429844097995546,0.012026726057906459,0.03429844097995546,0.12694877505567928,0.055233853006681516,0.010244988864142539,0.03608017817371938
0.18518518518518517,0.01249442213297635,0.013386880856760375,0.3757251227130745,0.012940651494868362,0.02989736724676484,0.00892458723784025,0.04506916555109326,0.009817045961624275,0.035252119589468986,0.01249442213297635,0.03480589022757698,0.12360553324408746,0.052655064703257475,0.011155734047300312,0.036590807675145026
0.1902654867256637,0.011061946902654867,0.01327433628318584,0.3756637168141593,0.011061946902654867,0.028761061946902654,0.008407079646017699,0.047345132743362835,0.008849557522123894,0.034955752212389384,0.011061946902654867,0.033628318584070796,0.12212389380530973,0.05353982300884956,0.009734513274336283,0.04026548672566372
