C_R,C_A,C_S,C_N,D_R,D_A,D_S,D_N,Oc_R,Oc_A,Oc_S,Oc_N,Od_R,Od_A,Od_S,Od_N
0.0,0.0,1.0,0.0,0.0,0.0,0.0,0.0,0.0,0.0,0.0,0.0,0.0,0.0,0.0,0.0
0.0,0.0,0.5,0.0,0.0,0.0,0.0,0.0,0.0,0.0,0.0,0.0,0.5,0.0,0.0,0.0
0.0,0.0,0.3333333333333333,0.0,0.0,0.0,0.0,0.0,0.0,0.0,0.0,0.0,0.6666666666666666,0.0,0.0,0.0
0.0,0.0,0.2,0.0,0.0,0.0,0.0,0.0,0.2,0.0,0.0,0.0,0.6,0.0,0.0,0.0
0.0,0.0,0.16666666666666666,0.16666666666666666,0.0,0.0,0.0,0.0,0.16666666666666666,0.0,0.0,0.0,0.5,0.0,0.0,0.0
0.1111111111111111,0.0,0.1111111111111111,0.1111111111111111,0.0,0.0,0.0,0.0,0.1111111111111111,0.0,0.0,0.0,0.5555555555555556,0.0,0.0,0.0
0.07142857142857142,0.0,0.07142857142857142,0.14285714285714285,0.0,0.0,0.0,0.07142857142857142,0.0,0.0,0.0,0.0,0.6428571428571429,0.0,0.0,0.0
0.05555555555555555,0.0,0.05555555555555555,0.1111111111111111,0.0,0.0,0.0,0.05555555555555555,0.0,0.05555555555555555,0.0,0.0,0.6666666666666666,0.0,0.0,0.0
0.09090909090909091,0.0,0.09090909090909091,0.045454545454545456,0.0,0.0,0.0,0.045454545454545456,0.0,0.045454545454545456,0.0,0.0,0.6818181818181818,0.0,0.0,0.0
0.14285714285714285,0.0,0.07142857142857142,0.03571428571428571,0.0,0.0,0.0,0.03571428571428571,0.0,0.03571428571428571,0.0,0.0,0.6785714285714286,0.0,0.0,0.0
0.11428571428571428,0.0,0.08571428571428572,0.02857142857142857,0.0,0.0,0.0,0.02857142857142857,0.0,0.02857142857142857,0.0,0.0,0.7142857142857143,0.0,0.0,0.0
0.05555555555555555,0.0,0.05555555555555555,0.05555555555555555,0.0,0.0,0.0,0.027777777777777776,0.0,0.027777777777777776,0.0,0.0,0.7777777777777778,0.0,0.0,0.0
0.046511627906976744,0.0,0.046511627906976744,0.046511627906976744,0.0,0.023255813953488372,0.0,0.023255813953488372,0.0,0.023255813953488372,0.0,0.0,0.7674418604651163,0.023255813953488372,0.0,0.0
0.04081632653061224,0.0,0.04081632653061224,0.08163265306122448,0.0,0.04081632653061224,0.0,0.02040816326530612,0.0,0.02040816326530612,0.0,0.0,0.7142857142857143,0.02040816326530612,0.0,0.02040816326530612
0.014925373134328358,0.0,0.029850746268656716,0.07462686567164178,0.0,0.029850746268656716,0.0,0.014925373134328358,0.014925373134328358,0.014925373134328358,0.014925373134328358,0.0,0.7611940298507462,0.014925373134328358,0.0,0.014925373134328358
0.024390243902439025,0.0,0.024390243902439025,0.0975609756097561,0.0,0.024390243902439025,0.0,0.024390243902439025,0.012195121951219513,0.012195121951219513,0.012195121951219513,0.0,0.7317073170731707,0.012195121951219513,0.0,0.024390243902439025
0.041666666666666664,0.0,0.020833333333333332,0.10416666666666667,0.0,0.020833333333333332,0.0,0.020833333333333332,0.020833333333333332,0.0,0.010416666666666666,0.010416666666666666,0.71875,0.010416666666666666,0.0,0.020833333333333332
0.05555555555555555,0.0,0.009259259259259259,0.12962962962962962,0.0,0.018518518518518517,0.0,0.018518518518518517,0.018518518518518517,0.0,0.009259259259259259,0.009259259259259259,0.6944444444444444,0.009259259259259259,0.009259259259259259,0.018518518518518517
0.058394160583941604,0.0072992700729927005,0.0072992700729927005,0.12408759124087591,0.0,0.014598540145985401,0.0,0.014598540145985401,0.0072992700729927005,0.0,0.0072992700729927005,0.0072992700729927005,0.7226277372262774,0.0,0.0072992700729927005,0.021897810218978103
0.07975460122699386,0.012269938650306749,0.006134969325153374,0.1411042944785276,0.006134969325153374,0.012269938650306749,0.0,0.006134969325153374,0.012269938650306749,0.0,0.006134969325153374,0.006134969325153374,0.6871165644171779,0.0,0.006134969325153374,0.018404907975460124
0.0913978494623656,0.010752688172043012,0.005376344086021506,0.1881720430107527,0.005376344086021506,0.010752688172043012,0.005376344086021506,0.005376344086021506,0.010752688172043012,0.0,0.005376344086021506,0.005376344086021506,0.6397849462365591,0.0,0.0,0.016129032258064516
0.0958904109589041,0.0091324200913242,0.0045662100456621,0.2009132420091324,0.0045662100456621,0.0091324200913242,0.0045662100456621,0.0091324200913242,0.0091324200913242,0.0045662100456621,0.0045662100456621,0.0091324200913242,0.6210045662100456,0.0,0.0,0.0136986301369863
0.11065573770491803,0.00819672131147541,0.004098360655737705,0.20901639344262296,0.004098360655737705,0.00819672131147541,0.004098360655737705,0.00819672131147541,0.01639344262295082,0.0,0.004098360655737705,0.00819672131147541,0.6065573770491803,0.0,0.0,0.00819672131147541
0.12714776632302405,0.006872852233676976,0.003436426116838488,0.2027491408934708,0.003436426116838488,0.006872852233676976,0.003436426116838488,0.006872852233676976,0.010309278350515464,0.0,0.003436426116838488,0.006872852233676976,0.6082474226804123,0.0,0.003436426116838488,0.006872852233676976
0.12269938650306748,0.006134969325153374,0.003067484662576687,0.22085889570552147,0.003067484662576687,0.006134969325153374,0.003067484662576687,0.006134969325153374,0.009202453987730062,0.0,0.0,0.006134969325153374,0.6012269938650306,0.0,0.003067484662576687,0.009202453987730062
0.1346153846153846,0.01098901098901099,0.0027472527472527475,0.23076923076923078,0.0,0.008241758241758242,0.0027472527472527475,0.005494505494505495,0.008241758241758242,0.0,0.0027472527472527475,0.005494505494505495,0.5714285714285714,0.0,0.0027472527472527475,0.013736263736263736
0.14,0.01,0.0025,0.2525,0.0025,0.005,0.0025,0.0,0.005,0.0,0.0025,0.0025,0.5575,0.0,0.005,0.0125
0.13846153846153847,0.008791208791208791,0.002197802197802198,0.26373626373626374,0.006593406593406593,0.004395604395604396,0.002197802197802198,0.002197802197802198,0.008791208791208791,0.0,0.002197802197802198,0.002197802197802198,0.5428571428571428,0.0,0.004395604395604396,0.01098901098901099
0.1402061855670103,0.006185567010309278,0.004123711340206186,0.2597938144329897,0.008247422680412371,0.006185567010309278,0.002061855670103093,0.0,0.01443298969072165,0.0,0.0,0.002061855670103093,0.5422680412371134,0.0,0.004123711340206186,0.010309278350515464
0.15370018975332067,0.003795066413662239,0.003795066413662239,0.25996204933586337,0.009487666034155597,0.007590132827324478,0.0018975332068311196,0.0,0.015180265654648957,0.0018975332068311196,0.0,0.0018975332068311196,0.5275142314990512,0.0,0.003795066413662239,0.009487666034155597
0.15901060070671377,0.0035335689045936395,0.00530035335689046,0.254416961130742,0.0088339222614841,0.0088339222614841,0.0017667844522968198,0.0,0.014134275618374558,0.0017667844522968198,0.0,0.0035335689045936395,0.5265017667844523,0.0017667844522968198,0.0017667844522968198,0.0088339222614841
0.16476345840130505,0.0032626427406199023,0.0032626427406199023,0.2495921696574225,0.0065252854812398045,0.0065252854812398045,0.0032626427406199023,0.0,0.013050570962479609,0.004893964110929853,0.0,0.0032626427406199023,0.5301794453507341,0.0016313213703099511,0.0016313213703099511,0.008156606851549755
0.18181818181818182,0.0030303030303030303,0.0030303030303030303,0.24393939393939393,0.004545454545454545,0.007575757575757576,0.0030303030303030303,0.0,0.012121212121212121,0.006060606060606061,0.0,0.006060606060606061,0.5166666666666667,0.0030303030303030303,0.0015151515151515152,0.007575757575757576
0.18181818181818182,0.002797202797202797,0.002797202797202797,0.23636363636363636,0.005594405594405594,0.008391608391608392,0.002797202797202797,0.0,0.009790209790209791,0.004195804195804196,0.002797202797202797,0.005594405594405594,0.5230769230769231,0.004195804195804196,0.0013986013986013986,0.008391608391608392
0.1800262812089356,0.001314060446780552,0.002628120893561104,0.24967148488830487,0.005256241787122208,0.010512483574244415,0.003942181340341655,0.0,0.00788436268068331,0.003942181340341655,0.001314060446780552,0.003942181340341655,0.5164257555847569,0.003942181340341655,0.002628120893561104,0.006570302233902759
0.17537313432835822,0.0012437810945273632,0.0037313432835820895,0.25,0.004975124378109453,0.011194029850746268,0.0037313432835820895,0.0012437810945273632,0.008706467661691543,0.0037313432835820895,0.0024875621890547263,0.0037313432835820895,0.5161691542288557,0.006218905472636816,0.0012437810945273632,0.006218905472636816
0.16996507566938301,0.002328288707799767,0.004656577415599534,0.25029103608847497,0.006984866123399301,0.011641443538998836,0.0034924330616996507,0.0011641443538998836,0.006984866123399301,0.0034924330616996507,0.0034924330616996507,0.002328288707799767,0.5215366705471478,0.005820721769499418,0.0,0.005820721769499418
0.1756311745334797,0.003293084522502744,0.0043907793633369925,0.2524698133918771,0.006586169045005488,0.009879253567508232,0.0043907793633369925,0.0010976948408342481,0.006586169045005488,0.003293084522502744,0.003293084522502744,0.0021953896816684962,0.5137211855104281,0.0043907793633369925,0.0010976948408342481,0.007683863885839737
0.18341968911917098,0.002072538860103627,0.0062176165803108805,0.24455958549222798,0.0062176165803108805,0.011398963730569948,0.004145077720207254,0.0010362694300518134,0.0051813471502590676,0.0031088082901554403,0.004145077720207254,0.002072538860103627,0.5119170984455959,0.004145077720207254,0.002072538860103627,0.008290155440414507
0.1840843720038351,0.0009587727708533077,0.005752636625119847,0.2521572387344199,0.006711409395973154,0.00862895493767977,0.003835091083413231,0.0009587727708533077,0.005752636625119847,0.004793863854266539,0.003835091083413231,0.003835091083413231,0.5052732502396932,0.0028763183125599234,0.0019175455417066154,0.00862895493767977
0.19273743016759776,0.00186219739292365,0.00558659217877095,0.24487895716945995,0.00558659217877095,0.0074487895716946,0.0037243947858473,0.000931098696461825,0.0037243947858473,0.006517690875232775,0.0037243947858473,0.002793296089385475,0.5065176908752328,0.004655493482309125,0.00186219739292365,0.0074487895716946
0.19395017793594305,0.0008896797153024911,0.0071174377224199285,0.24822064056939502,0.005338078291814947,0.0071174377224199285,0.004448398576512456,0.0008896797153024911,0.004448398576512456,0.0071174377224199285,0.0035587188612099642,0.0008896797153024911,0.5026690391459074,0.0035587188612099642,0.0026690391459074734,0.0071174377224199285
0.18958155422715628,0.0017079419299743809,0.005977796754910333,0.24338172502134928,0.005977796754910333,0.005977796754910333,0.0034158838599487617,0.0,0.005977796754910333,0.006831767719897523,0.004269854824935952,0.0008539709649871904,0.5098206660973527,0.004269854824935952,0.0025619128949615714,0.009393680614859094
0.1921537229783827,0.0024019215372297837,0.006405124099279423,0.2514011208967174,0.004803843074459567,0.005604483586869495,0.0032025620496397116,0.0016012810248198558,0.004803843074459567,0.009607686148919135,0.004803843074459567,0.0008006405124099279,0.49719775820656525,0.004803843074459567,0.0008006405124099279,0.009607686148919135
0.20229885057471264,0.0030651340996168583,0.006130268199233717,0.24444444444444444,0.004597701149425287,0.0053639846743295016,0.0038314176245210726,0.0038314176245210726,0.0038314176245210726,0.00842911877394636,0.004597701149425287,0.0007662835249042146,0.4896551724137931,0.004597701149425287,0.004597701149425287,0.00996168582375479
0.1924198250728863,0.0029154518950437317,0.0058309037900874635,0.2456268221574344,0.004373177842565598,0.004373177842565598,0.004373177842565598,0.00510204081632653,0.004373177842565598,0.008017492711370262,0.0058309037900874635,0.0007288629737609329,0.4963556851311953,0.0058309037900874635,0.004373177842565598,0.009475218658892129
0.19222761970853575,0.002775850104094379,0.004163775156141568,0.24705065926439973,0.002775850104094379,0.0034698126301179735,0.005551700208188758,0.005551700208188758,0.0034698126301179735,0.006939625260235947,0.005551700208188758,0.0006939625260235947,0.49826509368494104,0.005551700208188758,0.004857737682165163,0.011103400416377515
0.2,0.004,0.004,0.238,0.004,0.0033333333333333335,0.005333333333333333,0.005333333333333333,0.0026666666666666666,0.008666666666666666,0.006,0.0013333333333333333,0.496,0.006,0.004,0.011333333333333334
0.20076238881829733,0.0038119440914866584,0.0038119440914866584,0.23697585768742058,0.0038119440914866584,0.0038119440914866584,0.005082592121982211,0.0044472681067344345,0.0025412960609911056,0.008894536213468869,0.0044472681067344345,0.0019059720457433292,0.49682337992376113,0.007623888182973317,0.0031766200762388818,0.01207115628970775
0.20537897310513448,0.004278728606356968,0.004889975550122249,0.22188264058679708,0.003056234718826406,0.004889975550122249,0.004278728606356968,0.004889975550122249,0.003056234718826406,0.009168704156479218,0.005501222493887531,0.0024449877750611247,0.5024449877750611,0.008557457212713936,0.004278728606356968,0.011002444987775062
0.2126642771804062,0.004181600955794504,0.0047789725209080045,0.22580645161290322,0.004181600955794504,0.006571087216248507,0.004181600955794504,0.0047789725209080045,0.004181600955794504,0.01015531660692951,0.0047789725209080045,0.0023894862604540022,0.48805256869773,0.007168458781362007,0.0047789725209080045,0.011350059737156512
0.21037463976945245,0.004610951008645533,0.004610951008645533,0.22478386167146974,0.004034582132564841,0.0069164265129683,0.004034582132564841,0.004610951008645533,0.005763688760806916,0.008645533141210375,0.006340057636887608,0.0023054755043227667,0.48760806916426513,0.008069164265129682,0.005763688760806916,0.011527377521613832
0.21135469364811693,0.0039347948285553686,0.004496908375491849,0.21585160202360876,0.003372681281618887,0.006183249016301293,0.004496908375491849,0.004496908375491849,0.006183249016301293,0.008993816750983699,0.0039347948285553686,0.003372681281618887,0.5014052838673412,0.006745362563237774,0.0039347948285553686,0.011242270938729624
0.20824295010845986,0.003796095444685466,0.005422993492407809,0.22071583514099782,0.003796095444685466,0.006507592190889371,0.005422993492407809,0.006507592190889371,0.00596529284164859,0.009219088937093275,0.004338394793926247,0.004338394793926247,0.4924078091106291,0.0070498915401301515,0.004338394793926247,0.01193058568329718
0.21157894736842106,0.0036842105263157894,0.004736842105263158,0.21789473684210525,0.004210526315789474,0.006842105263157895,0.005789473684210527,0.00631578947368421,0.007368421052631579,0.009473684210526316,0.0036842105263157894,0.006842105263157895,0.48947368421052634,0.007368421052631579,0.0036842105263157894,0.011052631578947368
0.2146516393442623,0.0030737704918032786,0.004098360655737705,0.21875,0.004098360655737705,0.00665983606557377,0.006147540983606557,0.0056352459016393444,0.00665983606557377,0.00819672131147541,0.003586065573770492,0.007172131147540984,0.48975409836065575,0.007684426229508197,0.004098360655737705,0.00973360655737705
0.21456888007928643,0.0019821605550049554,0.003964321110009911,0.2195242814667988,0.003468780971258672,0.006442021803766105,0.005450941526263627,0.005946481665014866,0.005450941526263627,0.007928642220019821,0.003964321110009911,0.005946481665014866,0.4940535183349851,0.007433102081268583,0.0044598612487611496,0.009415262636273538
0.21618953603158933,0.0029615004935834156,0.003948667324777887,0.21767028627838106,0.0029615004935834156,0.005923000987166831,0.005429417571569595,0.006416584402764067,0.005429417571569595,0.007897334649555774,0.004935834155972359,0.007403751233958539,0.49358341559723595,0.006910167818361303,0.003948667324777887,0.00839091806515301
0.21861366941347551,0.0024236548715462916,0.0033931168201648087,0.22443044110518662,0.0033931168201648087,0.004847309743092583,0.005332040717401842,0.004847309743092583,0.004362578768783325,0.007755695588948134,0.005332040717401842,0.0067862336403296175,0.48957828405235093,0.007270964614638876,0.004847309743092583,0.0067862336403296175
0.2197437114380636,0.0028476506881822496,0.0037968675842429997,0.21831988609397246,0.0037968675842429997,0.005220692928334125,0.005220692928334125,0.005695301376364499,0.004271476032273375,0.007593735168485999,0.005220692928334125,0.007119126720455624,0.4931181775035596,0.007119126720455624,0.004271476032273375,0.006644518272425249
0.21607565011820332,0.002364066193853428,0.004728132387706856,0.22316784869976358,0.00425531914893617,0.005673758865248227,0.006146572104018913,0.005673758865248227,0.0037825059101654845,0.006146572104018913,0.005673758865248227,0.006146572104018913,0.4912529550827423,0.007565011820330969,0.00425531914893617,0.0070921985815602835
0.21295433364398883,0.002329916123019571,0.004193849021435228,0.22646784715750232,0.003727865796831314,0.005125815470643057,0.0060577819198508855,0.005591798695246971,0.0032618825722274,0.0060577819198508855,0.005591798695246971,0.0060577819198508855,0.49534016775396084,0.0065237651444548,0.004659832246039142,0.0060577819198508855
0.2096997690531178,0.003695150115473441,0.004618937644341801,0.22170900692840648,0.004157043879907622,0.006004618937644342,0.004618937644341801,0.006004618937644342,0.002771362586605081,0.006928406466512702,0.006466512702078522,0.006928406466512702,0.4997690531177829,0.006466512702078522,0.004157043879907622,0.006004618937644342
0.20829493087557605,0.004147465437788019,0.004608294930875576,0.22580645161290322,0.004147465437788019,0.005069124423963134,0.004608294930875576,0.0069124423963133645,0.0018433179723502304,0.005990783410138249,0.0064516129032258064,0.0064516129032258064,0.5,0.004608294930875576,0.004147465437788019,0.0069124423963133645
0.2126019945602901,0.004986400725294651,0.004986400725294651,0.2198549410698096,0.004079782411604714,0.005439709882139619,0.004986400725294651,0.006799637352674524,0.0022665457842248413,0.005439709882139619,0.006799637352674524,0.006799637352674524,0.5018132366273799,0.004079782411604714,0.0027198549410698096,0.006346328195829556
0.20909090909090908,0.005909090909090909,0.005,0.22136363636363637,0.004090909090909091,0.005454545454545455,0.005,0.007272727272727273,0.0022727272727272726,0.004545454545454545,0.006818181818181818,0.007272727272727273,0.5013636363636363,0.005,0.0018181818181818182,0.007727272727272728
0.20933333333333334,0.0057777777777777775,0.0035555555555555557,0.22311111111111112,0.004,0.006222222222222222,0.004888888888888889,0.008,0.0026666666666666666,0.005333333333333333,0.006222222222222222,0.007555555555555556,0.49733333333333335,0.0057777777777777775,0.0022222222222222222,0.008
0.20463847203274216,0.005911778080945885,0.004092769440654843,0.2246475670759436,0.004092769440654843,0.007276034561164165,0.004547521600727604,0.0068212824010914054,0.002728512960436562,0.0050022737608003635,0.005911778080945885,0.009095043201455207,0.5002273760800364,0.006366530241018645,0.002273760800363802,0.006366530241018645
0.20742065265981224,0.007599463567277604,0.004023245417970496,0.22261957979436744,0.004470272686633884,0.009387572641931158,0.003576218149307108,0.006705409029950827,0.002682163611980331,0.0049172999552972736,0.00581135449262405,0.007599463567277604,0.5002235136343317,0.00581135449262405,0.001788109074653554,0.005364327223960662
0.20850111856823267,0.0071588366890380315,0.0026845637583892616,0.21923937360178972,0.0044742729306487695,0.009395973154362415,0.003131991051454139,0.006711409395973154,0.0026845637583892616,0.005369127516778523,0.0071588366890380315,0.007606263982102908,0.4993288590604027,0.007606263982102908,0.003131991051454139,0.0058165548098434005
0.20527472527472526,0.007032967032967033,0.002197802197802198,0.22065934065934065,0.004835164835164835,0.009230769230769232,0.003076923076923077,0.008351648351648353,0.003076923076923077,0.004835164835164835,0.005714285714285714,0.007912087912087912,0.5006593406593407,0.0074725274725274725,0.004395604395604396,0.005274725274725275
0.2039268183846497,0.006247211066488175,0.0031236055332440876,0.21597501115573406,0.0049085229808121375,0.00892458723784025,0.0035698348951361,0.009370816599732263,0.002677376171352075,0.004462293618920125,0.00535475234270415,0.008032128514056224,0.5055778670236502,0.0071396697902722,0.0049085229808121375,0.005800981704596163
0.2118270079435128,0.00529567519858782,0.003089143865842895,0.21270962047661077,0.0048543689320388345,0.008384819064430714,0.003971756398940865,0.009708737864077669,0.002206531332744925,0.003971756398940865,0.005736981465136805,0.00794351279788173,0.5048543689320388,0.005736981465136805,0.00441306266548985,0.00529567519858782
0.2090218847699866,0.006252791424743189,0.004912907548012505,0.21482804823581955,0.004912907548012505,0.0080393032603841,0.0026797677534613666,0.008485931219294328,0.0026797677534613666,0.005806163465832961,0.006252791424743189,0.007592675301473872,0.503796337650737,0.006252791424743189,0.0044662795891022775,0.00401965163019205
0.20571173583221777,0.006693440428380187,0.004016064257028112,0.21552878179384202,0.006247211066488175,0.008032128514056224,0.002677376171352075,0.0107095046854083,0.0022311468094600626,0.005800981704596163,0.0071396697902722,0.008478357875948238,0.500669344042838,0.006693440428380187,0.004016064257028112,0.00535475234270415
0.2041274113952445,0.006280843427545985,0.004486316733961417,0.2189322566173172,0.006729475100942127,0.008075370121130552,0.004486316733961417,0.009421265141318977,0.0022431583669807087,0.005832211754149843,0.007178106774338268,0.00762673844773441,0.49753252579632123,0.006729475100942127,0.004486316733961417,0.005832211754149843
0.20248116969428445,0.005316792202038104,0.004430660168365086,0.21311475409836064,0.007089056269384138,0.00974745237040319,0.003987594151528578,0.0101905183872397,0.003544528134692069,0.0057598582188746125,0.007089056269384138,0.007532122286220647,0.5011076650420913,0.007532122286220647,0.005316792202038104,0.0057598582188746125
0.21087533156498675,0.004862953138815208,0.004420866489832007,0.20512820512820512,0.006631299734748011,0.009725906277630416,0.004420866489832007,0.011936339522546418,0.003094606542882405,0.005747126436781609,0.006631299734748011,0.007073386383731211,0.5008841732979664,0.007957559681697613,0.004862953138815208,0.005747126436781609
0.2111801242236025,0.0048802129547471165,0.003992901508429458,0.19964507542147295,0.006211180124223602,0.01064773735581189,0.0048802129547471165,0.008873114463176575,0.003105590062111801,0.005767524401064774,0.00709849157054126,0.007985803016858917,0.5075421472937001,0.00709849157054126,0.005767524401064774,0.005323868677905945
0.20905459387483355,0.006213936972924989,0.003550821127385708,0.19928983577452286,0.006657789613848202,0.012427873945849977,0.004882379050155349,0.007989347536617843,0.0039946737683089215,0.005770084332001775,0.007545494895694629,0.008433200177541057,0.5055481580115402,0.007545494895694629,0.005770084332001775,0.005326231691078562
0.20785013380909903,0.007582515611061552,0.004906333630686887,0.20205173951828725,0.007582515611061552,0.014272970561998216,0.0053523639607493305,0.008028545941123996,0.0044603033006244425,0.006244424620874219,0.008028545941123996,0.007582515611061552,0.49732381801962533,0.007582515611061552,0.006244424620874219,0.004906333630686887
0.21156432093231733,0.008068130883012102,0.0044822949350067235,0.19677274764679517,0.006723442402510085,0.01344688480502017,0.005378753922008068,0.006723442402510085,0.004034065441506051,0.007171671896010758,0.007171671896010758,0.00761990138951143,0.502017032720753,0.007171671896010758,0.00582698341550874,0.00582698341550874
0.21071428571428572,0.008035714285714285,0.005357142857142857,0.19330357142857144,0.006696428571428571,0.013839285714285714,0.006696428571428571,0.008035714285714285,0.0040178571428571425,0.005357142857142857,0.00625,0.008928571428571428,0.503125,0.008035714285714285,0.00625,0.005357142857142857
0.209438202247191,0.0071910112359550565,0.006292134831460674,0.1950561797752809,0.006292134831460674,0.011685393258426966,0.005393258426966292,0.0071910112359550565,0.004044943820224719,0.006741573033707865,0.008089887640449439,0.009887640449438202,0.503370786516854,0.008089887640449439,0.006741573033707865,0.0044943820224719105
0.21297539149888142,0.007606263982102908,0.004921700223713647,0.19328859060402684,0.006263982102908278,0.012527964205816556,0.0044742729306487695,0.006711409395973154,0.0044742729306487695,0.006711409395973154,0.009395973154362415,0.009843400447427294,0.5020134228187919,0.008501118568232663,0.0058165548098434005,0.0044742729306487695
0.20740410347903657,0.008028545941123996,0.0053523639607493305,0.19982158786797502,0.007136485280999108,0.013826940231935772,0.0053523639607493305,0.006690454950936664,0.004014272970561998,0.006244424620874219,0.008920606601248885,0.010258697591436218,0.49732381801962533,0.00936663693131133,0.006244424620874219,0.004014272970561998
0.2068661971830986,0.009242957746478873,0.0048415492957746475,0.19410211267605634,0.007042253521126761,0.013644366197183098,0.0048415492957746475,0.007482394366197183,0.0048415492957746475,0.007042253521126761,0.008362676056338027,0.009683098591549295,0.5013204225352113,0.010123239436619719,0.00528169014084507,0.00528169014084507
0.20462633451957296,0.007562277580071174,0.004448398576512456,0.19483985765124556,0.007562277580071174,0.013790035587188613,0.005338078291814947,0.00800711743772242,0.004893238434163701,0.006227758007117438,0.00800711743772242,0.010676156583629894,0.5044483985765125,0.010231316725978648,0.004893238434163701,0.004448398576512456
0.20840787119856888,0.007155635062611807,0.005813953488372093,0.19230769230769232,0.007602862254025045,0.010286225402504472,0.004472271914132379,0.006261180679785331,0.004919499105545617,0.004919499105545617,0.00849731663685152,0.010286225402504472,0.5084973166368515,0.010286225402504472,0.004919499105545617,0.005366726296958855
0.20596085409252668,0.005338078291814947,0.0066725978647686835,0.19395017793594305,0.007562277580071174,0.010676156583629894,0.005338078291814947,0.0071174377224199285,0.005782918149466192,0.005338078291814947,0.00800711743772242,0.01112099644128114,0.5066725978647687,0.010231316725978648,0.004448398576512456,0.005782918149466192
0.20786767992847563,0.00581135449262405,0.00581135449262405,0.1904336164506035,0.008046490835940992,0.009834599910594547,0.005364327223960662,0.008046490835940992,0.005364327223960662,0.006258381761287439,0.007599463567277604,0.010728654447921324,0.5078229772016093,0.010281627179257935,0.00581135449262405,0.0049172999552972736
0.21610915492957747,0.0048415492957746475,0.005721830985915493,0.1892605633802817,0.007922535211267605,0.009683098591549295,0.00528169014084507,0.009683098591549295,0.0048415492957746475,0.006161971830985915,0.006602112676056338,0.01056338028169014,0.5022007042253521,0.01056338028169014,0.0044014084507042256,0.006161971830985915
0.21267985611510792,0.0044964028776978415,0.006294964028776978,0.18570143884892087,0.007643884892086331,0.008992805755395683,0.00539568345323741,0.0085431654676259,0.0049460431654676255,0.005845323741007194,0.007194244604316547,0.009442446043165468,0.5107913669064749,0.01079136690647482,0.0049460431654676255,0.006294964028776978
0.215695067264574,0.004035874439461884,0.005829596412556054,0.18475336322869956,0.007623318385650224,0.007623318385650224,0.004932735426008968,0.006278026905829596,0.004932735426008968,0.005829596412556054,0.006726457399103139,0.009417040358744395,0.5134529147982063,0.011210762331838564,0.004932735426008968,0.006726457399103139
0.2168458781362007,0.0035842293906810036,0.00492831541218638,0.18593189964157705,0.008512544802867384,0.0062724014336917565,0.004480286738351254,0.0076164874551971325,0.005824372759856631,0.005824372759856631,0.008064516129032258,0.008960573476702509,0.5116487455197133,0.010304659498207885,0.005376344086021506,0.005824372759856631
0.22127084272194683,0.00405588102748986,0.00405588102748986,0.1879224876070302,0.00811176205497972,0.006309148264984227,0.003605227579990987,0.0076611086074808476,0.005407841369986481,0.007210455159981974,0.0076611086074808476,0.00811176205497972,0.5051825146462371,0.01216764308246958,0.005858494817485353,0.005407841369986481
0.2182061579651941,0.004016064257028112,0.0049085229808121375,0.18518518518518517,0.0071396697902722,0.005800981704596163,0.0035698348951361,0.006693440428380187,0.0049085229808121375,0.0071396697902722,0.006247211066488175,0.00892458723784025,0.5158411423471665,0.010263275323516287,0.005800981704596163,0.00535475234270415
0.22478898267436695,0.00444247001332741,0.0053309640159928924,0.18169702354509107,0.006663705019991115,0.0053309640159928924,0.003553976010661928,0.007996446023989337,0.005775211017325633,0.007996446023989337,0.005775211017325633,0.007107952021323856,0.5113282985339849,0.011994669035984007,0.004886717014660151,0.0053309640159928924
0.22599118942731278,0.003964757709251102,0.0052863436123348016,0.1841409691629956,0.007048458149779736,0.005726872246696035,0.003524229074889868,0.007488986784140969,0.004405286343612335,0.007488986784140969,0.0052863436123348016,0.009251101321585903,0.5066079295154186,0.013656387665198238,0.004405286343612335,0.005726872246696035
0.21845742309407043,0.004012483281319661,0.00490414623272403,0.18858671422202408,0.006687472135532769,0.005349977708426215,0.003120820329915292,0.007579135086937138,0.004458314757021846,0.007579135086937138,0.0057958091841284,0.011145786892554615,0.507356219349086,0.014266607222469906,0.0057958091841284,0.00490414623272403
0.22341376228775692,0.004021447721179625,0.004915102770330653,0.1840929401251117,0.007596067917783735,0.004915102770330653,0.003127792672028597,0.0071492403932082215,0.005361930294906166,0.010277033065236819,0.005361930294906166,0.011170688114387846,0.5022341376228776,0.01519213583556747,0.005361930294906166,0.00580875781948168
0.21808510638297873,0.004432624113475178,0.004875886524822695,0.18218085106382978,0.007535460992907801,0.004875886524822695,0.0031028368794326243,0.007978723404255319,0.005319148936170213,0.009308510638297872,0.006648936170212766,0.012854609929078014,0.5057624113475178,0.014627659574468085,0.004875886524822695,0.007535460992907801
0.21798848028356224,0.004873726185201595,0.004873726185201595,0.18121400088613204,0.007975188303057155,0.003987594151528578,0.002215330084182543,0.007089056269384138,0.0057598582188746125,0.008418254319893664,0.007089056269384138,0.013735046521931768,0.5108551174124945,0.01329198050509526,0.004430660168365086,0.006202924235711121
0.21876409562471807,0.0045105999097880016,0.005863779882724403,0.18448353631032927,0.007668019846639603,0.0036084799278304014,0.0022552999548940008,0.007668019846639603,0.005412719891745603,0.008570139828597204,0.007216959855660803,0.013080739738385205,0.5083446098331078,0.010825439783491205,0.005412719891745603,0.006314839873703203
0.21779548472775564,0.005312084993359893,0.006640106241699867,0.18016821602478972,0.008410801239486499,0.004426737494466578,0.002213368747233289,0.007082779991146525,0.004869411243913236,0.008853474988933156,0.007525453740593183,0.013280212483399735,0.5112881806108898,0.010624169986719787,0.004869411243913236,0.006640106241699867
0.21648106904231626,0.0066815144766146995,0.005790645879732739,0.1844097995545657,0.0075723830734966595,0.005345211581291759,0.0031180400890868597,0.0066815144766146995,0.005790645879732739,0.009799554565701559,0.0071269487750556795,0.010690423162583519,0.5082405345211581,0.010244988864142539,0.004899777282850779,0.0071269487750556795
0.2192324658138509,0.0066166740185266875,0.00529333921482135,0.17776797529775032,0.007498897220996913,0.004852227613586237,0.0030877812086457872,0.0070577856197618,0.0061755624172915745,0.0105866784296427,0.007498897220996913,0.010145566828407587,0.5112483458314954,0.009704455227172474,0.00529333921482135,0.007940008822232024
0.2198581560283688,0.007978723404255319,0.005319148936170213,0.17819148936170212,0.00576241134751773,0.004432624113475178,0.0031028368794326243,0.006648936170212766,0.00576241134751773,0.010638297872340425,0.00576241134751773,0.01152482269503546,0.5124113475177305,0.00975177304964539,0.004875886524822695,0.007978723404255319
0.2259810554803789,0.006765899864682003,0.004961659900766802,0.17501127649977447,0.005412719891745603,0.005863779882724403,0.0045105999097880016,0.007668019846639603,0.004961659900766802,0.008570139828597204,0.005863779882724403,0.009923319801533603,0.5119530897609382,0.009923319801533603,0.005412719891745603,0.007216959855660803
0.22679045092838196,0.005305039787798408,0.002652519893899204,0.1825817860300619,0.005305039787798408,0.00618921308576481,0.003978779840848806,0.007073386383731211,0.003978779840848806,0.009725906277630416,0.005305039787798408,0.009283819628647215,0.5097259062776304,0.010167992926613616,0.005305039787798408,0.006631299734748011
0.22715173025732033,0.005767524401064774,0.0026619343389529724,0.17790594498669032,0.005767524401064774,0.006211180124223602,0.00354924578527063,0.007985803016858917,0.0044365572315882874,0.011091393078970719,0.005323868677905945,0.01020408163265306,0.5106477373558119,0.01020408163265306,0.005767524401064774,0.005323868677905945
0.2232223222322232,0.00765076507650765,0.0027002700270027003,0.17371737173717372,0.0067506750675067504,0.00765076507650765,0.004500450045004501,0.008100810081008101,0.0049504950495049506,0.011701170117011701,0.0067506750675067504,0.009900990099009901,0.5135013501350135,0.009000900090009001,0.0054005400540054005,0.004500450045004501
0.22586439155814997,0.00673551863493489,0.00224517287831163,0.17647058823529413,0.006286484059272564,0.007184553210597216,0.0058374494836102376,0.007633587786259542,0.00673551863493489,0.012123933542882801,0.0058374494836102376,0.009429726088908847,0.5069600359227661,0.010776829815895825,0.00449034575662326,0.005388414907947912
0.2256500661084178,0.006610841780520053,0.002644336712208021,0.1754076685764654,0.00617011899515205,0.00749228735125606,0.0057293962097840455,0.007933010136624064,0.00749228735125606,0.011899515204936095,0.006610841780520053,0.009695901278096077,0.5063904803878361,0.011458792419568091,0.0035257822829440283,0.005288673424416042
0.22330097087378642,0.006619593998234775,0.00264783759929391,0.17475728155339806,0.00529567519858782,0.00617828773168579,0.00706090026478376,0.00794351279788173,0.00706090026478376,0.013680494263018535,0.00617828773168579,0.01235657546337158,0.5057369814651368,0.011032656663724626,0.00353045013239188,0.006619593998234775
0.22909252669039146,0.006227758007117438,0.0026690391459074734,0.17126334519572953,0.006227758007117438,0.007562277580071174,0.007562277580071174,0.00800711743772242,0.006227758007117438,0.011565836298932384,0.0071174377224199285,0.012900355871886121,0.5022241992882562,0.01112099644128114,0.00400355871886121,0.006227758007117438
0.22256774766770324,0.0053309640159928924,0.003109729009329187,0.17503331852509996,0.006663705019991115,0.007107952021323856,0.007107952021323856,0.008440693025322079,0.0053309640159928924,0.010661928031985785,0.007996446023989337,0.011550422034651266,0.507774322523323,0.010661928031985785,0.00444247001332741,0.006219458018658374
0.2264403751674855,0.005359535506922733,0.0031263957123715946,0.17641804376953998,0.005806163465832961,0.006699419383653417,0.007146047342563644,0.008485931219294328,0.005806163465832961,0.010719071013845467,0.008485931219294328,0.012952210808396605,0.5002233139794551,0.011165698972755694,0.004912907548012505,0.006252791424743189
0.22607921673342235,0.005785491766800178,0.004450378282153983,0.16866933689363595,0.005785491766800178,0.00801068090787717,0.006675567423230975,0.006675567423230975,0.005785491766800178,0.010235870048954161,0.008900756564307966,0.012461059190031152,0.5060080106809078,0.011570983533600357,0.004895416110369382,0.00801068090787717
0.22340898976412996,0.006675567423230975,0.004895416110369382,0.17400979083222073,0.006230529595015576,0.007120605251446373,0.006230529595015576,0.005785491766800178,0.005785491766800178,0.010235870048954161,0.009345794392523364,0.011570983533600357,0.5024477080551847,0.012461059190031152,0.0053404539385847796,0.008455718736092568
0.22341376228775692,0.008489722966934763,0.004915102770330653,0.1747095621090259,0.006255585344057194,0.00580875781948168,0.00580875781948168,0.005361930294906166,0.00580875781948168,0.010277033065236819,0.010723860589812333,0.010723860589812333,0.5026809651474531,0.01161751563896336,0.00580875781948168,0.007596067917783735
0.22419928825622776,0.00800711743772242,0.004893238434163701,0.17526690391459074,0.0066725978647686835,0.0066725978647686835,0.005782918149466192,0.004893238434163701,0.005338078291814947,0.010676156583629894,0.008896797153024912,0.009341637010676156,0.5057829181494662,0.01112099644128114,0.005338078291814947,0.0071174377224199285
0.21887461231723526,0.007532122286220647,0.004873726185201595,0.17634027470093044,0.0057598582188746125,0.007089056269384138,0.00664599025254763,0.004873726185201595,0.0057598582188746125,0.00974745237040319,0.00930438635356668,0.00974745237040319,0.5086397873283119,0.01284891448825875,0.005316792202038104,0.00664599025254763
0.22560429722470904,0.008504923903312443,0.005371530886302597,0.170993733213966,0.006266786034019696,0.007609668755595345,0.007162041181736795,0.004476275738585497,0.005371530886302597,0.009400179051029543,0.008952551477170993,0.009847806624888093,0.5049239033124441,0.012533572068039392,0.004923903312444047,0.008057296329453895
0.22321428571428573,0.008035714285714285,0.005357142857142857,0.17455357142857142,0.005803571428571429,0.009821428571428571,0.007142857142857143,0.004910714285714286,0.004910714285714286,0.009821428571428571,0.009821428571428571,0.010267857142857143,0.5,0.013392857142857142,0.004464285714285714,0.008482142857142856
0.2266786840919333,0.0076611086074808476,0.004957187922487607,0.17485353762956288,0.006309148264984227,0.0076611086074808476,0.007210455159981974,0.005407841369986481,0.004957187922487607,0.009013068949977467,0.009013068949977467,0.011266336187471835,0.5002253267237494,0.01216764308246958,0.003605227579990987,0.009013068949977467
0.2247992863514719,0.00847457627118644,0.005798394290811775,0.17216770740410348,0.0053523639607493305,0.008028545941123996,0.006690454950936664,0.0053523639607493305,0.004906333630686887,0.009812667261373774,0.00936663693131133,0.012488849241748439,0.5022301516503123,0.01159678858162355,0.004014272970561998,0.008920606601248885
0.2193176783340718,0.007532122286220647,0.006202924235711121,0.17058041648205582,0.003544528134692069,0.008861320336730172,0.007089056269384138,0.004430660168365086,0.004873726185201595,0.00974745237040319,0.008418254319893664,0.015064244572441293,0.5095259193619849,0.011962782454585734,0.004430660168365086,0.008418254319893664
0.22690941385435168,0.007104795737122558,0.004884547069271759,0.17095914742451154,0.004440497335701598,0.006216696269982238,0.007104795737122558,0.004440497335701598,0.004884547069271759,0.010213143872113677,0.008880994671403197,0.012433392539964476,0.5071047957371225,0.009325044404973356,0.006216696269982238,0.008880994671403197
0.22777532065457762,0.006634232640424591,0.005307386112339673,0.16806722689075632,0.005307386112339673,0.005749668288367979,0.007076514816452897,0.004865103936311367,0.004865103936311367,0.011057054400707651,0.009730207872622734,0.013268465280849183,0.5072976559044671,0.009730207872622734,0.004865103936311367,0.008403361344537815
0.2268870031263957,0.006699419383653417,0.00401965163019205,0.16659222867351497,0.004912907548012505,0.005359535506922733,0.007146047342563644,0.004912907548012505,0.005359535506922733,0.00982581509602501,0.00982581509602501,0.01205895489057615,0.5127288968289415,0.009379187137114784,0.005359535506922733,0.008932559178204555
0.2284826974267968,0.006654835847382431,0.003992901508429458,0.16459627329192547,0.005323868677905945,0.005323868677905945,0.006654835847382431,0.005767524401064774,0.005323868677905945,0.01020408163265306,0.008429458740017746,0.012866015971606033,0.5128660159716061,0.008429458740017746,0.005767524401064774,0.009316770186335404
0.2284812978819288,0.0076611086074808476,0.004506534474988734,0.16313654799459215,0.005858494817485353,0.004506534474988734,0.004506534474988734,0.005858494817485353,0.005858494817485353,0.010365029292474088,0.0076611086074808476,0.012618296529968454,0.5155475439387112,0.0076611086074808476,0.006309148264984227,0.00946372239747634
