C_R,C_A,C_S,C_N,D_R,D_A,D_S,D_N,Oc_R,Oc_A,Oc_S,Oc_N,Od_R,Od_A,Od_S,Od_N
0.0,0.0,0.0,0.0,0.0,0.0,0.0,0.0,0.0,0.0,0.0,0.0,0.0,0.0,1.0,0.0
0.0,0.0,0.0,0.0,0.0,0.0,0.0,0.5,0.0,0.0,0.0,0.0,0.0,0.0,0.5,0.0
0.0,0.0,0.0,0.0,0.0,0.0,0.0,0.3333333333333333,0.0,0.0,0.0,0.3333333333333333,0.0,0.0,0.3333333333333333,0.0
0.2857142857142857,0.0,0.0,0.0,0.0,0.0,0.0,0.2857142857142857,0.0,0.0,0.0,0.14285714285714285,0.0,0.0,0.2857142857142857,0.0
0.3076923076923077,0.0,0.0,0.15384615384615385,0.0,0.0,0.0,0.3076923076923077,0.0,0.0,0.0,0.07692307692307693,0.0,0.0,0.15384615384615385,0.0
0.3888888888888889,0.0,0.0,0.1111111111111111,0.0,0.05555555555555555,0.05555555555555555,0.2222222222222222,0.0,0.0,0.0,0.0,0.0,0.0,0.16666666666666666,0.0
0.391304347826087,0.0,0.0,0.08695652173913043,0.043478260869565216,0.08695652173913043,0.043478260869565216,0.21739130434782608,0.0,0.0,0.0,0.0,0.0,0.0,0.13043478260869565,0.0
0.36363636363636365,0.0,0.0,0.06060606060606061,0.06060606060606061,0.09090909090909091,0.06060606060606061,0.18181818181818182,0.0,0.030303030303030304,0.0,0.0,0.0,0.0,0.15151515151515152,0.0
0.3333333333333333,0.0,0.044444444444444446,0.06666666666666667,0.022222222222222223,0.1111111111111111,0.0,0.24444444444444444,0.0,0.044444444444444446,0.0,0.0,0.0,0.0,0.13333333333333333,0.0
0.3333333333333333,0.0,0.07017543859649122,0.03508771929824561,0.0,0.10526315789473684,0.0,0.2631578947368421,0.0,0.05263157894736842,0.0,0.0,0.0,0.0,0.14035087719298245,0.0
0.3287671232876712,0.0,0.0958904109589041,0.0547945205479452,0.0,0.0821917808219178,0.0,0.273972602739726,0.0,0.0547945205479452,0.0,0.0,0.0,0.0,0.1095890410958904,0.0
0.34065934065934067,0.0,0.07692307692307693,0.08791208791208792,0.0,0.07692307692307693,0.0,0.2857142857142857,0.0,0.04395604395604396,0.0,0.0,0.0,0.0,0.08791208791208792,0.0
0.3,0.0,0.08181818181818182,0.10909090909090909,0.01818181818181818,0.05454545454545454,0.0,0.3,0.0,0.05454545454545454,0.0,0.0,0.0,0.0,0.08181818181818182,0.0
0.30656934306569344,0.0072992700729927005,0.0948905109489051,0.08759124087591241,0.029197080291970802,0.058394160583941604,0.014598540145985401,0.2773722627737226,0.0,0.0364963503649635,0.0,0.0,0.0,0.0,0.08759124087591241,0.0
0.28402366863905326,0.005917159763313609,0.09467455621301775,0.11242603550295859,0.029585798816568046,0.03550295857988166,0.011834319526627219,0.27218934911242604,0.0,0.047337278106508875,0.005917159763313609,0.0,0.0,0.0,0.10059171597633136,0.0
0.2835820895522388,0.004975124378109453,0.08955223880597014,0.11442786069651742,0.04975124378109453,0.03482587064676617,0.009950248756218905,0.25870646766169153,0.0,0.05472636815920398,0.004975124378109453,0.0,0.004975124378109453,0.0,0.08955223880597014,0.0
0.24472573839662448,0.004219409282700422,0.10548523206751055,0.09282700421940929,0.05063291139240506,0.046413502109704644,0.012658227848101266,0.2742616033755274,0.0,0.05485232067510549,0.004219409282700422,0.0,0.008438818565400843,0.004219409282700422,0.09282700421940929,0.004219409282700422
0.24,0.0036363636363636364,0.10909090909090909,0.09818181818181818,0.06181818181818182,0.03272727272727273,0.01818181818181818,0.26181818181818184,0.0,0.05818181818181818,0.0036363636363636364,0.0036363636363636364,0.007272727272727273,0.01090909090909091,0.08727272727272728,0.0036363636363636364
0.23839009287925697,0.0030959752321981426,0.12074303405572756,0.09597523219814241,0.06501547987616099,0.034055727554179564,0.021671826625386997,0.24458204334365324,0.0,0.06501547987616099,0.0030959752321981426,0.006191950464396285,0.006191950464396285,0.01238390092879257,0.07739938080495357,0.006191950464396285
0.23544973544973544,0.005291005291005291,0.12698412698412698,0.1111111111111111,0.06084656084656084,0.026455026455026454,0.023809523809523808,0.2275132275132275,0.0026455026455026454,0.07142857142857142,0.0026455026455026454,0.010582010582010581,0.005291005291005291,0.010582010582010581,0.07407407407407407,0.005291005291005291
0.23394495412844038,0.0045871559633027525,0.12155963302752294,0.10779816513761468,0.06880733944954129,0.02522935779816514,0.022935779816513763,0.22706422018348624,0.0045871559633027525,0.06880733944954129,0.0022935779816513763,0.016055045871559634,0.0045871559633027525,0.011467889908256881,0.07568807339449542,0.0045871559633027525
0.2167689161554192,0.0081799591002045,0.1329243353783231,0.11042944785276074,0.06339468302658487,0.032719836400818,0.022494887525562373,0.2065439672801636,0.006134969325153374,0.07770961145194274,0.00408997955010225,0.028629856850715747,0.006134969325153374,0.0081799591002045,0.07157464212678936,0.00408997955010225
0.22105263157894736,0.010526315789473684,0.12982456140350876,0.11578947368421053,0.05964912280701754,0.03859649122807018,0.02631578947368421,0.20175438596491227,0.007017543859649123,0.06491228070175438,0.008771929824561403,0.02982456140350877,0.005263157894736842,0.008771929824561403,0.06842105263157895,0.0035087719298245615
0.20583717357910905,0.013824884792626729,0.13210445468509985,0.10599078341013825,0.06451612903225806,0.041474654377880185,0.03379416282642089,0.18740399385560677,0.010752688172043012,0.06758832565284179,0.009216589861751152,0.03533026113671275,0.006144393241167435,0.01228878648233487,0.0706605222734255,0.0030721966205837174
0.19618528610354224,0.013623978201634877,0.11444141689373297,0.11444141689373297,0.0667574931880109,0.04223433242506812,0.03814713896457766,0.1771117166212534,0.017711171662125342,0.07901907356948229,0.009536784741144414,0.035422343324250684,0.005449591280653951,0.01226158038147139,0.07356948228882834,0.004087193460490463
0.19482120838471023,0.016029593094944512,0.11097410604192355,0.11344019728729964,0.07028360049321825,0.04562268803945746,0.040690505548705305,0.16522811344019728,0.016029593094944512,0.08138101109741061,0.012330456226880395,0.0345252774352651,0.011097410604192354,0.014796547472256474,0.0690505548705302,0.0036991368680641184
0.1893424036281179,0.015873015873015872,0.10884353741496598,0.12131519274376418,0.07256235827664399,0.046485260770975055,0.045351473922902494,0.14965986394557823,0.015873015873015872,0.08956916099773243,0.012471655328798186,0.034013605442176874,0.01020408163265306,0.013605442176870748,0.07142857142857142,0.003401360544217687
0.19487179487179487,0.021538461538461538,0.1117948717948718,0.11384615384615385,0.06666666666666667,0.04205128205128205,0.046153846153846156,0.14871794871794872,0.019487179487179488,0.09538461538461539,0.014358974358974359,0.036923076923076927,0.012307692307692308,0.012307692307692308,0.059487179487179485,0.0041025641025641026
0.18691588785046728,0.026168224299065422,0.11401869158878504,0.10093457943925234,0.07757009345794393,0.04018691588785047,0.05046728971962617,0.14392523364485982,0.02149532710280374,0.1,0.014018691588785047,0.038317757009345796,0.014018691588785047,0.013084112149532711,0.05514018691588785,0.003738317757009346
0.18804159445407279,0.02859618717504333,0.11871750433275563,0.09618717504332755,0.07712305025996534,0.0389948006932409,0.049393414211438474,0.14211438474870017,0.022530329289428077,0.10051993067590988,0.01559792027729636,0.0389948006932409,0.01559792027729636,0.012131715771230503,0.05199306759098787,0.0034662045060658577
0.18998410174880764,0.030206677265500796,0.1192368839427663,0.0890302066772655,0.08108108108108109,0.03577106518282989,0.046104928457869634,0.1383147853736089,0.026232114467408585,0.10810810810810811,0.01192368839427663,0.04213036565977742,0.014308426073131956,0.01192368839427663,0.05087440381558029,0.0047694753577106515
0.18358208955223881,0.03283582089552239,0.12388059701492538,0.09253731343283582,0.0791044776119403,0.03582089552238806,0.04701492537313433,0.1335820895522388,0.028358208955223882,0.1126865671641791,0.013432835820895522,0.03955223880597015,0.015671641791044775,0.009701492537313432,0.048507462686567165,0.0037313432835820895
0.18422889043963714,0.0314026517794836,0.12002791346824843,0.09351011863224006,0.08094905792044661,0.03698534542916958,0.045359385903698535,0.13049546406140963,0.0314026517794836,0.11584089323098395,0.01256106071179344,0.04396371249127704,0.016050244242847175,0.007676203768318213,0.045359385903698535,0.00418702023726448
0.18200134318334452,0.03290799194089993,0.11484217595701814,0.09200805910006717,0.08394895903290799,0.035594358629952985,0.041638683680322364,0.132303559435863,0.03425117528542646,0.11618535930154467,0.012760241773002015,0.042981867024848894,0.016118200134318333,0.009402283411685695,0.04768300873069174,0.005372733378106112
0.17728706624605678,0.03406940063091483,0.11861198738170348,0.09022082018927445,0.08454258675078864,0.03785488958990536,0.039116719242902206,0.12492113564668769,0.033438485804416405,0.12681388012618297,0.013249211356466877,0.04100946372239748,0.0138801261829653,0.00946372239747634,0.049842271293375394,0.0056782334384858045
0.1715833835039133,0.03552077062010837,0.11739915713425647,0.09090909090909091,0.08669476219145093,0.03913305237808549,0.039735099337748346,0.12040939193257075,0.03371462974111981,0.1312462372065021,0.013847080072245636,0.047561709813365445,0.013245033112582781,0.00963275135460566,0.04515352197471403,0.004214328717639976
0.1679212507237985,0.03126809496236248,0.11754487550665894,0.0903300521134916,0.08743485813549508,0.04169079328314997,0.03821656050955414,0.11986103068905617,0.034163288940359006,0.1349160393746381,0.01679212507237985,0.045744064852345105,0.013896931094383324,0.009264620729588882,0.04400694846554719,0.006948465547191662
0.16803503010399562,0.031198686371100164,0.11713191023535852,0.08812260536398467,0.08538587848932677,0.04707170224411604,0.038314176245210725,0.1116584564860427,0.033388067870826495,0.13574165298303228,0.01532567049808429,0.05090311986863711,0.014230979748221127,0.009852216748768473,0.046524356869184456,0.0071154898741105635
0.16170212765957448,0.030851063829787233,0.11382978723404255,0.08776595744680851,0.08882978723404256,0.04414893617021277,0.03776595744680851,0.11223404255319148,0.03351063829787234,0.13936170212765958,0.015425531914893617,0.05159574468085106,0.014361702127659574,0.009574468085106383,0.04946808510638298,0.009574468085106383
0.15674300254452928,0.03206106870229008,0.11603053435114503,0.0900763358778626,0.0905852417302799,0.04631043256997455,0.03307888040712468,0.11195928753180662,0.03307888040712468,0.13689567430025446,0.017302798982188294,0.0549618320610687,0.011704834605597965,0.011704834605597965,0.04783715012722646,0.009669211195928753
0.1523145843703335,0.03086112493777999,0.10851169736187158,0.09308113489298159,0.09059233449477352,0.05027376804380289,0.03334992533598805,0.10652065704330513,0.03633648581383773,0.14235938277750124,0.019412643106022896,0.05226480836236934,0.011946241911398706,0.011448481831757094,0.049776007964161276,0.010950721752115481
0.1470873786407767,0.030097087378640777,0.11019417475728155,0.09223300970873786,0.09077669902912622,0.048058252427184464,0.03349514563106796,0.10145631067961165,0.03932038834951456,0.1436893203883495,0.02233009708737864,0.05339805825242718,0.012135922330097087,0.010679611650485437,0.05436893203883495,0.010679611650485437
0.14305949008498584,0.028800755429650614,0.10859301227573183,0.091123701605288,0.08970727101038715,0.05240793201133145,0.032577903682719546,0.10056657223796034,0.04154863078375826,0.14117091595845138,0.0226628895184136,0.05712936732766761,0.0113314447592068,0.011803588290840416,0.05571293673276676,0.011803588290840416
0.14118747078073865,0.027115474520804116,0.11220196353436185,0.08976157082748948,0.08835904628330996,0.05236091631603553,0.035530621785881254,0.10285179990649837,0.04114071996259935,0.13651238896680692,0.02431042543244507,0.05750350631136045,0.009817671809256662,0.014492753623188406,0.05516596540439458,0.01168770453482936
0.14100185528756956,0.02922077922077922,0.10899814471243043,0.08905380333951762,0.08302411873840446,0.05241187384044527,0.03571428571428571,0.10157699443413729,0.041280148423005564,0.14192949907235622,0.026901669758812616,0.055658627087198514,0.008812615955473098,0.013450834879406308,0.05844155844155844,0.012523191094619666
0.14436296975252064,0.029789184234647114,0.10815765352887259,0.08615948670944087,0.07836846929422549,0.053620531622364805,0.03758020164986251,0.1008249312557287,0.04216315307057745,0.13703024747937673,0.0307057745187901,0.052703941338221816,0.00916590284142988,0.016040329972502293,0.06003666361136572,0.013290559120073327
0.1381340579710145,0.03260869565217391,0.10054347826086957,0.08967391304347826,0.07653985507246377,0.05344202898550725,0.0384963768115942,0.10054347826086957,0.042572463768115944,0.14221014492753623,0.03170289855072464,0.052083333333333336,0.010416666666666666,0.01585144927536232,0.06159420289855073,0.01358695652173913
0.1366742596810934,0.03189066059225513,0.10068337129840546,0.08701594533029612,0.08018223234624146,0.0510250569476082,0.03553530751708428,0.09977220956719818,0.04100227790432802,0.14396355353075171,0.03462414578587699,0.05239179954441914,0.01184510250569476,0.019134396355353075,0.06104783599088838,0.013211845102505695
0.13821138211382114,0.03387533875338753,0.1011743450767841,0.08717253839205058,0.07678410117434507,0.052393857271906055,0.037037037037037035,0.0993676603432701,0.04200542005420054,0.14408310749774164,0.036585365853658534,0.05103884372177055,0.011743450767841012,0.017615176151761516,0.057813911472448055,0.013098464317976514
0.13490650044523597,0.033392698130008905,0.10463045414069456,0.08993766696349065,0.07791629563668745,0.05431878895814782,0.037399821905609976,0.09394479073909172,0.0427426536064114,0.14203027604630455,0.0365093499554764,0.04942119323241318,0.011130899376669634,0.0182546749777382,0.058771148708815675,0.014692787177203919
0.13424036281179139,0.0326530612244898,0.10158730158730159,0.09160997732426304,0.07664399092970521,0.058503401360544216,0.04036281179138322,0.09070294784580499,0.04308390022675737,0.14240362811791382,0.034013605442176874,0.050340136054421766,0.010430839002267574,0.017233560090702947,0.06167800453514739,0.014512471655328799
0.1366906474820144,0.03372302158273381,0.10386690647482015,0.08947841726618705,0.07059352517985612,0.05800359712230216,0.043615107913669064,0.08992805755395683,0.042715827338129495,0.14388489208633093,0.03462230215827338,0.053057553956834536,0.010341726618705036,0.016636690647482015,0.05935251798561151,0.013489208633093525
0.13208389112003568,0.03435966086568496,0.09861668897813476,0.08790718429272647,0.07273538598839803,0.06157965194109773,0.043284248103525214,0.09236947791164658,0.04373047746541722,0.14190093708165996,0.035252119589468986,0.055778670236501564,0.011155734047300312,0.01740294511378849,0.05934850513163766,0.01249442213297635
0.13234634365186182,0.03409600717810678,0.10363391655450875,0.0847913862718708,0.07447285778375953,0.0623598026020637,0.04306864064602961,0.08838043965903992,0.04306864064602961,0.1395244504262001,0.03409600717810678,0.05563032750112158,0.011664423508299685,0.01973979362943024,0.059668012561686856,0.013458950201884253
0.13465883416177135,0.03524627202892002,0.10393131495707185,0.08224130140081337,0.08224130140081337,0.06507004066877542,0.04066877541798464,0.0867600542250339,0.042476276547672845,0.13285133303208316,0.03298689561680976,0.05603253502033439,0.01174875734297334,0.018978761861726163,0.061455038409399004,0.012652507907817443
0.13006681514476615,0.03608017817371938,0.10690423162583519,0.08285077951002227,0.08062360801781737,0.06325167037861916,0.040979955456570155,0.08685968819599109,0.044543429844097995,0.13719376391982183,0.03162583518930958,0.053452115812917596,0.011135857461024499,0.021380846325167038,0.05968819599109131,0.013363028953229399
0.13375224416517056,0.03500897666068223,0.10682226211849193,0.0803411131059246,0.08123877917414722,0.06418312387791741,0.03949730700179533,0.08572710951526032,0.04398563734290844,0.13464991023339318,0.032764811490125674,0.05341113105924596,0.013016157989228007,0.02333931777378815,0.057899461400359065,0.01436265709156194
0.12952210808396605,0.03707012058954891,0.10495757034390353,0.07860652076820009,0.07860652076820009,0.06297454220634212,0.03796337650736936,0.08709245198749442,0.04376953997320232,0.14024117909781153,0.03305046895935686,0.055381866904868245,0.012952210808396605,0.023671281822242072,0.05984814649397052,0.014292094685127288
0.12861593235425012,0.037828215398308856,0.1041388518024032,0.0774365821094793,0.0774365821094793,0.06186025812194036,0.04138851802403204,0.08945260347129506,0.04494882064975523,0.13662661326212727,0.03471295060080107,0.0534045393858478,0.014686248331108143,0.024477080551846907,0.05874499332443257,0.014241210502892745
0.1271571298819255,0.03905540417801998,0.10626702997275204,0.0776566757493188,0.07901907356948229,0.05994550408719346,0.03996366939146231,0.09037238873751136,0.045413260672116255,0.13124432334241598,0.035876475930971846,0.055404178019981834,0.01725703905540418,0.025431425976385105,0.05812897366030881,0.011807447774750226
0.13027689514298685,0.035860190649114845,0.106218792555606,0.07489786654561961,0.07716749886518384,0.06445755787562416,0.04221516114389469,0.08624602814344076,0.04675442578302315,0.1316386745347254,0.035406264185202,0.05447117566954154,0.015887426236949616,0.029051293690422152,0.058102587380844305,0.011348161597821153
0.12952210808396605,0.038856632425189816,0.10674408217954444,0.07458686913800804,0.07548012505582849,0.06297454220634212,0.042876284055381866,0.08664582402858419,0.04600267976775346,0.13086199196069673,0.03528360875390799,0.05448861098704779,0.018758374274229567,0.027244305493523895,0.059401518535060295,0.01027244305493524
0.1321762349799733,0.037828215398308856,0.10102358700489542,0.07654650645304852,0.07832665776591011,0.06720071206052515,0.040943480195816645,0.08633733867378728,0.04539385847797063,0.1272808188696039,0.037383177570093455,0.05384957721406319,0.022251891410769914,0.0267022696929239,0.05696484201157098,0.009790832220738763
0.1285140562248996,0.03971441320838911,0.1035252119589469,0.07719767960731816,0.08032128514056225,0.06514948683623382,0.037037037037037035,0.08879964301651048,0.04462293618920125,0.12672913877733155,0.036590807675145026,0.053993752788933515,0.023650156180276664,0.026327532351628737,0.05756358768406961,0.010263275323516287
0.12416555407209613,0.039163328882955054,0.09701824655095684,0.0774365821094793,0.08233199821984868,0.06675567423230974,0.037828215398308856,0.09256786826880285,0.04717400979083222,0.12283044058744993,0.03827325322652426,0.05518469069870939,0.022251891410769914,0.028037383177570093,0.05740987983978638,0.011570983533600357
0.1273054430949168,0.0413855150697256,0.09716599190283401,0.07422402159244265,0.0832208726945569,0.06297795771479982,0.03958614484930274,0.08726945569050833,0.04633378317588844,0.12595591542959964,0.04228520017993702,0.05398110661268556,0.024291497975708502,0.027440395861448492,0.054880791722896984,0.011695906432748537
0.12421242124212421,0.04095409540954095,0.0999099909990999,0.0711071107110711,0.08145814581458145,0.06435643564356436,0.0405040504050405,0.08415841584158416,0.045004500450045004,0.1269126912691269,0.0423042304230423,0.05310531053105311,0.024752475247524754,0.0279027902790279,0.05895589558955896,0.0144014401440144
0.12347904461469131,0.040558810274898605,0.103199639477242,0.07255520504731862,0.07661108607480847,0.06219017575484453,0.04100946372239748,0.08652546191978369,0.044614691302388466,0.12438035150968905,0.04100946372239748,0.0558810274898603,0.02568724650743578,0.027039206849932402,0.059486255069851286,0.015772870662460567
0.12056737588652482,0.037677304964539006,0.1023936170212766,0.07446808510638298,0.07712765957446809,0.06161347517730496,0.041666666666666664,0.08643617021276596,0.04698581560283688,0.12145390070921985,0.040780141843971635,0.0549645390070922,0.028368794326241134,0.0274822695035461,0.06028368794326241,0.01773049645390071
0.11695906432748537,0.03958614484930274,0.100314889788574,0.07827260458839407,0.0796221322537112,0.06162843004948268,0.042735042735042736,0.08591992802519119,0.04633378317588844,0.12010796221322537,0.03958614484930274,0.05443094916779127,0.025191183085919926,0.026090868196131354,0.06297795771479982,0.020242914979757085
0.11399195350916407,0.041573535985695124,0.09789897183728208,0.07688869021010282,0.07957085382208315,0.06392489941886455,0.04514975413500223,0.08940545373267769,0.047384890478319175,0.11935628073312472,0.039785426911041574,0.05856057219490389,0.024139472507822977,0.023692445239159587,0.05856057219490389,0.02011622708985248
0.11270125223613596,0.042486583184257604,0.09749552772808587,0.07826475849731664,0.07692307692307693,0.06574239713774598,0.04338103756708408,0.08765652951699464,0.05143112701252236,0.1167262969588551,0.038461538461538464,0.059033989266547404,0.027728085867620753,0.025044722719141325,0.056797853309481214,0.020125223613595707
0.11222171740118128,0.039527487505679235,0.09586551567469333,0.0817810086324398,0.07905497501135847,0.06633348477964561,0.044525215810995,0.08814175374829623,0.05088596092685143,0.11403907314856883,0.04134484325306679,0.056338028169014086,0.02453430258973194,0.02680599727396638,0.05679236710586097,0.021808268968650613
0.10787824529991047,0.03849597135183527,0.10116383169203223,0.0863921217547001,0.07967770814682185,0.06580125335720681,0.04207699194270367,0.08818263205013428,0.050134288272157566,0.11951656222023277,0.043867502238137866,0.05461056401074306,0.021038495971351837,0.025514771709937333,0.05371530886302596,0.021933751119068933
0.10884051532652154,0.03864948911594847,0.10128831630386495,0.0844069302532208,0.07996446023989338,0.06885828520657486,0.04175921812527766,0.08396268325188805,0.0519768991559307,0.11461572634384717,0.04264771212794314,0.05330964015992892,0.02087960906263883,0.02576632607729898,0.05819635717458907,0.024877832074633496
0.10821733273462057,0.03906600808262236,0.09923664122137404,0.08486753480017961,0.08217332734620565,0.06960035922766053,0.04176021553659632,0.08845981140547822,0.04939380332285586,0.11315671306690615,0.04400538841490795,0.05612932195779075,0.019308486753480018,0.026044005388414906,0.05388414907947912,0.02469690166142793
0.10759493670886076,0.039330922242314645,0.0981012658227848,0.08725135623869801,0.08047016274864376,0.06962025316455696,0.0406871609403255,0.08363471971066908,0.051537070524412296,0.1112115732368897,0.04746835443037975,0.05560578661844485,0.019891500904159132,0.024412296564195298,0.057414104882459314,0.025768535262206148
0.10941704035874439,0.04035874439461883,0.09775784753363229,0.08565022421524664,0.07757847533632287,0.06771300448430494,0.04439461883408072,0.08565022421524664,0.053811659192825115,0.10762331838565023,0.04663677130044843,0.054708520179372194,0.020179372197309416,0.02242152466367713,0.056950672645739914,0.02914798206278027
0.11331828442437923,0.040632054176072234,0.09841986455981941,0.08848758465011286,0.0781038374717833,0.06681715575620767,0.04379232505643341,0.08487584650112867,0.05553047404063206,0.10428893905191873,0.04424379232505643,0.05237020316027088,0.01805869074492099,0.023927765237020317,0.057787810383747175,0.029345372460496615
0.11456483126110124,0.0452930728241563,0.09147424511545293,0.08570159857904085,0.08214920071047957,0.0652753108348135,0.04085257548845471,0.08259325044404973,0.0541740674955595,0.10213143872113677,0.04662522202486678,0.053730017761989345,0.019982238010657193,0.02486678507992895,0.058170515097690945,0.03241563055062167
0.11526339486717695,0.045024763619991,0.09230076542098153,0.08599729851418281,0.07789284106258443,0.06708689779378658,0.03872129671319226,0.08104457451598379,0.055830706888788835,0.1040072039621792,0.045475011256190905,0.0544799639801891,0.021161638901395767,0.024763619990995047,0.055830706888788835,0.035119315623592974
0.11447661469933185,0.04498886414253898,0.09621380846325167,0.08418708240534521,0.07839643652561247,0.06503340757238307,0.04053452115812917,0.08062360801781737,0.0556792873051225,0.10200445434298441,0.046325167037861915,0.05256124721603563,0.02271714922048998,0.025389755011135856,0.05612472160356347,0.03474387527839644
0.11160714285714286,0.044642857142857144,0.10044642857142858,0.08035714285714286,0.07544642857142857,0.07321428571428572,0.039732142857142855,0.08214285714285714,0.05669642857142857,0.09776785714285714,0.04196428571428571,0.055357142857142855,0.024107142857142858,0.026339285714285714,0.053125,0.03705357142857143
0.10660124888492417,0.043710972346119537,0.10035682426404996,0.08206958073148975,0.07627118644067797,0.0767172167707404,0.03791257805530776,0.07939339875111508,0.05575379125780553,0.1008028545941124,0.041480820695807316,0.05753791257805531,0.025423728813559324,0.027653880463871544,0.05352363960749331,0.03479036574487065
0.10784313725490197,0.04411764705882353,0.09937611408199644,0.08467023172905526,0.07620320855614973,0.07397504456327986,0.03832442067736185,0.08155080213903744,0.05481283422459893,0.09803921568627451,0.04411764705882353,0.05748663101604278,0.023172905525846704,0.026737967914438502,0.05303030303030303,0.036541889483065956
0.10431654676258993,0.043615107913669064,0.10071942446043165,0.0822841726618705,0.0764388489208633,0.07598920863309352,0.03597122302158273,0.07508992805755396,0.05575539568345324,0.10611510791366907,0.044514388489208634,0.05800359712230216,0.023830935251798562,0.02787769784172662,0.05170863309352518,0.03776978417266187
0.10447100486941124,0.04648074369189907,0.09783089862771138,0.08145196989818504,0.0787959274015051,0.0787959274015051,0.035413899955732624,0.07481186365648516,0.057104913678618856,0.1018149623727313,0.04426737494466578,0.06108897742363878,0.021691013722886232,0.02611775121735281,0.05090748118636565,0.038955289951305885
0.09924343569203382,0.04717400979083222,0.09746328437917223,0.08411214953271028,0.07832665776591011,0.0801068090787717,0.03426791277258567,0.07476635514018691,0.05651980418335559,0.10191366266132622,0.042723631508678236,0.06408544726301736,0.022251891410769914,0.0262572318647085,0.04984423676012461,0.040943480195816645
0.10022271714922049,0.04498886414253898,0.09665924276169265,0.08685968819599109,0.07438752783964366,0.0775055679287305,0.033853006681514475,0.07706013363028953,0.05612472160356347,0.10155902004454342,0.045879732739420934,0.06280623608017817,0.023162583518930958,0.029398663697104678,0.049888641425389756,0.03964365256124722
0.10200445434298441,0.04498886414253898,0.09621380846325167,0.08864142538975502,0.07349665924276169,0.07616926503340757,0.030289532293986638,0.07706013363028953,0.06102449888641425,0.09977728285077951,0.04543429844097996,0.061915367483296214,0.024944320712694878,0.028953229398663696,0.051670378619153676,0.037416481069042315
0.10419426048565121,0.045474613686534215,0.09624724061810154,0.08653421633554084,0.07505518763796909,0.07505518763796909,0.030022075055187638,0.07902869757174392,0.059161147902869755,0.09713024282560706,0.047240618101545256,0.06136865342163356,0.026931567328918323,0.02869757174392936,0.05121412803532009,0.03664459161147903
0.10695187165775401,0.045454545454545456,0.09224598930481283,0.08912655971479501,0.07174688057040998,0.0766488413547237,0.03074866310160428,0.07798573975044563,0.059714795008912656,0.09848484848484848,0.04500891265597148,0.06550802139037433,0.024955436720142603,0.029857397504456328,0.05035650623885918,0.035204991087344026
0.10719071013845467,0.047342563644484144,0.08709245198749442,0.09245198749441715,0.06922733363108531,0.07503349709691827,0.030817329164805715,0.07682000893255918,0.06163465832961143,0.10049129075480125,0.04644930772666369,0.06163465832961143,0.026351049575703438,0.030817329164805715,0.05091558731576597,0.03573023671281822
0.10646900269541779,0.048966756513926325,0.0862533692722372,0.09389038634321653,0.06873315363881402,0.07816711590296496,0.03369272237196765,0.07547169811320754,0.062443845462713386,0.10242587601078167,0.043575920934411504,0.06019766397124888,0.027852650494159928,0.02830188679245283,0.04806828391734052,0.035489667565139264
0.10699774266365689,0.04875846501128668,0.0889390519187359,0.09300225733634311,0.0654627539503386,0.07765237020316026,0.032054176072234764,0.07584650112866817,0.06275395033860046,0.10654627539503386,0.03972911963882619,0.0600451467268623,0.02799097065462754,0.028442437923250564,0.05056433408577878,0.035214446952595936
0.10604026845637583,0.04787472035794183,0.0894854586129754,0.0912751677852349,0.06577181208053691,0.0738255033557047,0.03087248322147651,0.07695749440715884,0.06398210290827741,0.10604026845637583,0.04116331096196868,0.06263982102908278,0.029082774049217,0.029082774049217,0.05190156599552573,0.03400447427293065
0.10183117463153193,0.047342563644484144,0.09245198749441715,0.0933452434122376,0.0643144260830728,0.07682000893255918,0.03260384100044663,0.07101384546672622,0.06386779812416257,0.10808396605627513,0.03841000446627959,0.06297454220634212,0.030370701205895488,0.029030817329164807,0.05225547119249665,0.03528360875390799
0.10126012601260126,0.050855085508550855,0.09360936093609361,0.09405940594059406,0.06435643564356436,0.07560756075607561,0.03375337533753375,0.0675067506750675,0.06525652565256526,0.09900990099009901,0.03915391539153915,0.0612061206120612,0.034203420342034205,0.028352835283528353,0.0558055805580558,0.036003600360036005
0.10076130765785939,0.04970891177787729,0.09762651141961487,0.09628302731751008,0.06314375279892522,0.0761307657859382,0.03537841468875952,0.06851768920734438,0.06135244066278549,0.096730855351545,0.040304523063143756,0.06269592476489028,0.03761755485893417,0.03045230631437528,0.04746977160770264,0.035826242722794444
0.1031852848811126,0.04800358905338717,0.0955585464333782,0.0955585464333782,0.06729475100942127,0.07895917451772096,0.03409600717810678,0.06864064602960969,0.059668012561686856,0.10049349484073576,0.04127411395244504,0.06056527590847914,0.033647375504710635,0.03095558546433378,0.04576043068640646,0.03633916554508748
0.10071620411817368,0.047896150402864816,0.09579230080572963,0.09668755595344673,0.06714413607878246,0.08057296329453895,0.03491495076096687,0.06893464637421665,0.05953446732318711,0.10071620411817368,0.04028648164726947,0.06042972247090421,0.03312444046553268,0.02864816472694718,0.047000895255147716,0.03760071620411817
0.0964716391246092,0.04644930772666369,0.09959803483698079,0.09691826708351943,0.06788744975435462,0.07905314872711032,0.036176864671728454,0.06744082179544439,0.06476105404198303,0.09468512728896829,0.042876284055381866,0.05850826261723984,0.03305046895935686,0.028584189370254576,0.04912907548012506,0.03841000446627959
0.10008936550491511,0.04825737265415549,0.09517426273458444,0.09517426273458444,0.0679177837354781,0.0773011617515639,0.034405719392314564,0.06613047363717604,0.06523681858802502,0.09740840035746202,0.04155495978552279,0.054959785522788206,0.03395889186773905,0.030831099195710455,0.05093833780160858,0.04066130473637176
0.10135746606334842,0.04932126696832579,0.1,0.09276018099547512,0.0669683257918552,0.0755656108597285,0.0334841628959276,0.0669683257918552,0.06334841628959276,0.09819004524886878,0.04343891402714932,0.05656108597285068,0.03257918552036199,0.02986425339366516,0.04841628959276018,0.041176470588235294
0.10159716060337179,0.046583850931677016,0.09937888198757763,0.09094942324755989,0.06965394853593611,0.07586512866015972,0.03371783496007098,0.07187222715173026,0.05989352262644188,0.09849157054125998,0.04259094942324756,0.055900621118012424,0.0323868677905945,0.031055900621118012,0.048802129547471165,0.041259982253771074
0.10201342281879194,0.04384787472035794,0.10022371364653244,0.08859060402684564,0.07158836689038031,0.07874720357941835,0.032214765100671144,0.07024608501118568,0.059507829977628636,0.10022371364653244,0.042505592841163314,0.056375838926174496,0.032214765100671144,0.03131991051454139,0.049217002237136466,0.04116331096196868
0.10719011910013233,0.04190560211733568,0.0992501102779003,0.08910454344949272,0.07234230260255844,0.07631230701367446,0.033083370092633436,0.07013674459638289,0.06219673577415086,0.09616232906925452,0.03970004411116013,0.05822673136303485,0.030877812086457873,0.031318923687692984,0.049845610939567714,0.0423467137185708
0.10818059901654001,0.03933839964237819,0.09879302637460885,0.09029950827000446,0.0733124720607957,0.07778274474742959,0.03263299061242736,0.07018328118015199,0.06124273580688422,0.0925346446133214,0.04202056325435852,0.06124273580688422,0.029950827000447027,0.03352704514975414,0.047384890478319175,0.041573535985695124
0.10789121711992866,0.03967900133749443,0.09986625055728934,0.0927329469460544,0.07177886758805171,0.07668301382077575,0.03031654034774855,0.06865804725813643,0.06286223807400802,0.09451627284886313,0.04279982166740972,0.06107891217119929,0.02808738296923763,0.034329023629068214,0.04681230494872938,0.04190815871600535
0.10679177837354781,0.03798033958891868,0.09606791778373548,0.09159964253798034,0.07104557640750671,0.08087578194816801,0.03485254691689008,0.07149240393208221,0.06032171581769437,0.09562109025915996,0.04244861483467382,0.06076854334226988,0.026362823949955316,0.03351206434316354,0.049151027703306524,0.041108132260947276
0.10806023029229407,0.04074402125775022,0.09211691762621789,0.08901682905225863,0.07218777679362268,0.07883082373782108,0.03365810451727192,0.0704162976085031,0.06111603188662533,0.09654561558901682,0.0420726306465899,0.0633303808680248,0.025243578387953942,0.034986713906111605,0.05093002657218778,0.04074402125775022
0.11051693404634581,0.04055258467023173,0.08689839572192513,0.08645276292335116,0.07040998217468805,0.08021390374331551,0.034759358288770054,0.06951871657754011,0.06194295900178253,0.09893048128342247,0.04367201426024955,0.06105169340463458,0.02540106951871658,0.036541889483065956,0.053475935828877004,0.039661319073083776
0.1103202846975089,0.04181494661921708,0.09297153024911033,0.0898576512455516,0.06895017793594306,0.07784697508896797,0.035142348754448396,0.06806049822064057,0.05782918149466192,0.09741992882562278,0.0400355871886121,0.06405693950177936,0.02402135231316726,0.036476868327402136,0.05204626334519573,0.04314946619217082
0.11175422974176313,0.04140694568121104,0.09305431878895815,0.09305431878895815,0.06812110418521816,0.0761353517364203,0.03695458593054319,0.06723063223508459,0.05654496883348174,0.09483526268922529,0.040516473731077474,0.06322350845948353,0.024487978628673197,0.034728406055209264,0.052983081032947466,0.044968833481745324
0.11320754716981132,0.04132973944294699,0.09074573225516622,0.09299191374663072,0.0673854447439353,0.07637017070979335,0.036837376460017966,0.062443845462713386,0.05750224618149147,0.10152740341419586,0.042228212039532795,0.057951482479784364,0.025157232704402517,0.03638814016172507,0.05256064690026954,0.04537286612758311
0.11081081081081082,0.04009009009009009,0.08873873873873873,0.09144144144144144,0.06981981981981981,0.07747747747747748,0.03918918918918919,0.05990990990990991,0.05990990990990991,0.1009009009009009,0.04369369369369369,0.06036036036036036,0.026576576576576576,0.03423423423423423,0.05405405405405406,0.04279279279279279
0.11239964317573595,0.04103479036574487,0.08652988403211419,0.09455842997323818,0.06735057983942908,0.07850133809099019,0.04192685102586976,0.05753791257805531,0.06422836752899197,0.1008028545941124,0.04460303300624442,0.05575379125780553,0.026761819803746655,0.03568242640499554,0.05263157894736842,0.03969669937555754
0.11150758251561106,0.041480820695807316,0.08786797502230152,0.09009812667261374,0.0695807314897413,0.07716324710080286,0.0423728813559322,0.058876003568242644,0.06467439785905442,0.1008028545941124,0.04415700267618198,0.05798394290811775,0.026761819803746655,0.03568242640499554,0.049955396966993755,0.04103479036574487
0.10867620751341682,0.04025044722719141,0.08989266547406083,0.09033989266547406,0.07289803220035779,0.07379248658318426,0.042486583184257604,0.05858676207513417,0.0626118067978533,0.1050983899821109,0.04293381037567084,0.055008944543828264,0.02817531305903399,0.03622540250447227,0.050983899821109124,0.04203935599284436
0.10901749663526245,0.042171377299237325,0.08613728129205922,0.09510991475998205,0.06819201435621355,0.07581875280394795,0.04262000897263347,0.05652759084791386,0.060116644235083,0.10363391655450875,0.042171377299237325,0.05787348586810229,0.03050695379093764,0.036787797218483624,0.04979811574697174,0.04351727231942575
0.11256190904997748,0.045024763619991,0.07924358397118415,0.09680324178298064,0.06438541197658712,0.07158937415578569,0.045024763619991,0.05718144979738857,0.059882935614588025,0.1044574515983791,0.041422782530391715,0.05538045925258892,0.031967582170193604,0.03872129671319226,0.05132823052678973,0.045024763619991
0.11314031180400891,0.04365256124721604,0.08418708240534521,0.09398663697104677,0.06592427616926504,0.06993318485523385,0.045879732739420934,0.058797327394209356,0.05746102449888642,0.10378619153674833,0.04142538975501114,0.0556792873051225,0.032516703786191536,0.0378619153674833,0.053452115812917596,0.042316258351893093
0.11545372866127583,0.0444743935309973,0.08355795148247978,0.09389038634321653,0.061096136567834684,0.07053009883198562,0.04582210242587601,0.05480682839173405,0.05615453728661276,0.10422282120395328,0.0431266846361186,0.057951482479784364,0.03189577717879605,0.03638814016172507,0.05345911949685535,0.04716981132075472
0.11387257117035698,0.04699502937189336,0.08224130140081337,0.09353818346136467,0.06281066425666516,0.06823316764572977,0.04654315408947131,0.05332128332580208,0.05648441030275644,0.10212381382738364,0.04292815183009489,0.061455038409399004,0.03253502033438771,0.036601897876186174,0.054676909173068236,0.045639403524627205
0.11145926589077887,0.047000895255147716,0.0810205908683975,0.09176365264100268,0.06356311548791406,0.0738585496866607,0.043867502238137866,0.05640107430617726,0.05595344673231871,0.09982094897045658,0.04207699194270367,0.06266786034019696,0.03446732318710832,0.03491495076096687,0.052820053715308866,0.048343777976723366
0.11263858093126386,0.04523281596452328,0.08159645232815965,0.09002217294900222,0.06031042128603104,0.07272727272727272,0.04124168514412417,0.05809312638580931,0.05631929046563193,0.10199556541019955,0.04212860310421286,0.06297117516629712,0.03458980044345898,0.03547671840354767,0.05454545454545454,0.050110864745011086
0.1111111111111111,0.04417670682730924,0.08165997322623829,0.09147701918786257,0.0571173583221776,0.07184292726461401,0.03971441320838911,0.055778670236501564,0.05622489959839357,0.107095046854083,0.04239178937974119,0.06604194556001784,0.03346720214190094,0.038375725122713075,0.054439982150825524,0.049085229808121376
0.11370786516853933,0.04044943820224719,0.0853932584269663,0.09662921348314607,0.05797752808988764,0.07101123595505618,0.038651685393258424,0.054831460674157305,0.05303370786516854,0.10247191011235955,0.041797752808988765,0.06651685393258427,0.03550561797752809,0.036853932584269666,0.05662921348314607,0.04853932584269663
0.11170212765957446,0.041666666666666664,0.08023049645390071,0.09618794326241134,0.060726950354609927,0.0749113475177305,0.03900709219858156,0.054078014184397165,0.054078014184397165,0.10150709219858156,0.04210992907801418,0.06205673758865248,0.03723404255319149,0.03679078014184397,0.0598404255319149,0.047872340425531915
0.11251125112511251,0.04410441044104411,0.07875787578757876,0.09585958595859587,0.06030603060306031,0.0747074707470747,0.0369036903690369,0.05310531053105311,0.05715571557155716,0.10441044104410441,0.041854185418541856,0.0639063906390639,0.0333033303330333,0.037803780378037805,0.05895589558955896,0.04635463546354635
0.10982658959537572,0.044464206313917294,0.08003557136505113,0.09470875944864385,0.06002667852378835,0.07425522454424188,0.037349933303690526,0.0542463317029791,0.05602489995553579,0.10626945309026234,0.03823921742996887,0.06358381502890173,0.03468208092485549,0.041351711871943087,0.057803468208092484,0.04713205869275233
