C_R,C_A,C_S,C_N,D_R,D_A,D_S,D_N,Oc_R,Oc_A,Oc_S,Oc_N,Od_R,Od_A,Od_S,Od_N
0,0,0,0,0,0,0,0,0,0,0,0,0,0,0,0
0.0,1.0,0.0,0.0,0.0,0.0,0.0,0.0,0.0,0.0,0.0,0.0,0.0,0.0,0.0,0.0
0.0,0.5,0.0,0.0,0.0,0.0,0.0,0.0,0.0,0.0,0.5,0.0,0.0,0.0,0.0,0.0
0.0,0.4,0.0,0.0,0.0,0.0,0.0,0.0,0.0,0.2,0.4,0.0,0.0,0.0,0.0,0.0
0.0,0.2222222222222222,0.0,0.0,0.0,0.0,0.0,0.0,0.0,0.2222222222222222,0.4444444444444444,0.0,0.0,0.1111111111111111,0.0,0.0
0.0,0.14285714285714285,0.0,0.0,0.0,0.0,0.0,0.0,0.0,0.21428571428571427,0.5,0.0,0.0,0.14285714285714285,0.0,0.0
0.0,0.1111111111111111,0.0,0.0,0.0,0.0,0.0,0.0,0.0,0.16666666666666666,0.5,0.0,0.0,0.1111111111111111,0.1111111111111111,0.0
0.0,0.1,0.0,0.0,0.0,0.0,0.0,0.0,0.0,0.2,0.45,0.0,0.0,0.1,0.15,0.0
0.0,0.16666666666666666,0.0,0.0,0.0,0.0,0.08333333333333333,0.0,0.0,0.25,0.2916666666666667,0.0,0.0,0.08333333333333333,0.125,0.0
0.0,0.15151515151515152,0.0,0.0,0.0,0.0,0.12121212121212122,0.0,0.0,0.2727272727272727,0.2727272727272727,0.0,0.0,0.06060606060606061,0.12121212121212122,0.0
0.0,0.11428571428571428,0.0,0.0,0.02857142857142857,0.0,0.14285714285714285,0.0,0.0,0.2571428571428571,0.3142857142857143,0.0,0.0,0.02857142857142857,0.11428571428571428,0.0
0.0,0.11627906976744186,0.0,0.0,0.046511627906976744,0.0,0.13953488372093023,0.0,0.0,0.23255813953488372,0.27906976744186046,0.0,0.046511627906976744,0.046511627906976744,0.09302325581395349,0.0
0.0,0.14893617021276595,0.0,0.0,0.0425531914893617,0.0,0.1702127659574468,0.0,0.0,0.1702127659574468,0.2978723404255319,0.0,0.0425531914893617,0.0425531914893617,0.0851063829787234,0.0
0.0,0.14,0.0,0.0,0.0,0.0,0.18,0.0,0.0,0.16,0.34,0.0,0.04,0.08,0.06,0.0
0.0,0.12903225806451613,0.016129032258064516,0.0,0.0,0.0,0.16129032258064516,0.0,0.0,0.16129032258064516,0.3387096774193548,0.0,0.06451612903225806,0.08064516129032258,0.04838709677419355,0.0
0.0,0.1232876712328767,0.0,0.0,0.0,0.0,0.1780821917808219,0.0,0.0,0.1917808219178082,0.2876712328767123,0.0,0.0821917808219178,0.0821917808219178,0.0547945205479452,0.0
0.0,0.1411764705882353,0.0,0.0,0.0,0.0,0.16470588235294117,0.0,0.0,0.18823529411764706,0.24705882352941178,0.0,0.10588235294117647,0.08235294117647059,0.07058823529411765,0.0
0.0,0.12844036697247707,0.0,0.0,0.0,0.01834862385321101,0.1651376146788991,0.0,0.0,0.1834862385321101,0.23853211009174313,0.0,0.12844036697247707,0.08256880733944955,0.05504587155963303,0.0
0.0,0.10687022900763359,0.0,0.0,0.0,0.022900763358778626,0.17557251908396945,0.0,0.0,0.16030534351145037,0.22900763358778625,0.007633587786259542,0.16030534351145037,0.08396946564885496,0.04580152671755725,0.007633587786259542
0.0,0.10457516339869281,0.0,0.0,0.0,0.0196078431372549,0.17647058823529413,0.0,0.0,0.13725490196078433,0.19607843137254902,0.013071895424836602,0.2222222222222222,0.0718954248366013,0.0457516339869281,0.013071895424836602
0.0,0.10674157303370786,0.0,0.0056179775280898875,0.0,0.011235955056179775,0.19662921348314608,0.0,0.0,0.12359550561797752,0.16853932584269662,0.016853932584269662,0.25842696629213485,0.06741573033707865,0.033707865168539325,0.011235955056179775
0.0,0.09134615384615384,0.0,0.014423076923076924,0.0,0.014423076923076924,0.17307692307692307,0.0,0.009615384615384616,0.12980769230769232,0.13942307692307693,0.014423076923076924,0.2932692307692308,0.07692307692307693,0.03365384615384615,0.009615384615384616
0.0,0.092,0.0,0.02,0.0,0.012,0.172,0.0,0.008,0.132,0.152,0.016,0.284,0.068,0.036,0.008
0.0,0.07260726072607261,0.0,0.026402640264026403,0.0,0.013201320132013201,0.16501650165016502,0.0,0.009900990099009901,0.12211221122112212,0.13861386138613863,0.0165016501650165,0.33003300330033003,0.0627062706270627,0.036303630363036306,0.006600660066006601
0.0,0.07183908045977011,0.0,0.034482758620689655,0.0,0.011494252873563218,0.15804597701149425,0.0,0.008620689655172414,0.12643678160919541,0.14080459770114942,0.017241379310344827,0.32471264367816094,0.06321839080459771,0.031609195402298854,0.011494252873563218
0.0,0.058673469387755105,0.0,0.04336734693877551,0.0,0.012755102040816327,0.1683673469387755,0.0,0.01020408163265306,0.1326530612244898,0.12244897959183673,0.02040816326530612,0.32142857142857145,0.06377551020408163,0.03316326530612245,0.012755102040816327
0.0,0.047516198704103674,0.0021598272138228943,0.05399568034557235,0.0,0.01079913606911447,0.1447084233261339,0.0,0.008639308855291577,0.12311015118790497,0.12095032397408208,0.019438444924406047,0.34773218142548595,0.07127429805615551,0.038876889848812095,0.01079913606911447
0.0,0.05,0.0019230769230769232,0.06346153846153846,0.0019230769230769232,0.013461538461538462,0.15384615384615385,0.0,0.007692307692307693,0.11346153846153846,0.11346153846153846,0.021153846153846155,0.3576923076923077,0.0673076923076923,0.028846153846153848,0.0057692307692307696
0.0,0.04861111111111111,0.003472222222222222,0.07291666666666667,0.001736111111111111,0.013888888888888888,0.1527777777777778,0.0,0.006944444444444444,0.10590277777777778,0.11631944444444445,0.020833333333333332,0.3559027777777778,0.0625,0.03125,0.006944444444444444
0.0,0.04984423676012461,0.003115264797507788,0.0794392523364486,0.001557632398753894,0.017133956386292833,0.14018691588785046,0.0,0.00778816199376947,0.11059190031152648,0.11993769470404984,0.018691588785046728,0.35358255451713394,0.06386292834890965,0.029595015576323987,0.004672897196261682
0.0,0.04721030042918455,0.005722460658082976,0.08297567954220315,0.001430615164520744,0.015736766809728183,0.1402002861230329,0.0,0.008583690987124463,0.09871244635193133,0.12017167381974249,0.02145922746781116,0.3562231759656652,0.06866952789699571,0.02861230329041488,0.004291845493562232
0.002574002574002574,0.05148005148005148,0.003861003861003861,0.08622908622908623,0.002574002574002574,0.015444015444015444,0.13384813384813385,0.0,0.009009009009009009,0.0978120978120978,0.1093951093951094,0.023166023166023165,0.36293436293436293,0.07078507078507079,0.02702702702702703,0.003861003861003861
0.0035252643948296123,0.04935370152761457,0.005875440658049354,0.08930669800235018,0.0023501762632197414,0.01527614571092832,0.12925969447708577,0.0,0.009400705052878966,0.09400705052878966,0.10575793184488837,0.021151586368977675,0.37132784958871917,0.07285546415981199,0.025851938895417155,0.004700352526439483
0.007551240560949299,0.045307443365695796,0.004314994606256742,0.09924487594390508,0.002157497303128371,0.011866235167206042,0.12944983818770225,0.0,0.008629989212513484,0.08522114347357065,0.10248112189859762,0.023732470334412083,0.3732470334412082,0.07119741100323625,0.02912621359223301,0.006472491909385114
0.011834319526627219,0.04930966469428008,0.0039447731755424065,0.10650887573964497,0.0019723865877712033,0.014792899408284023,0.11932938856015779,0.0009861932938856016,0.008875739644970414,0.07889546351084813,0.09763313609467456,0.02564102564102564,0.3796844181459566,0.0631163708086785,0.029585798816568046,0.007889546351084813
0.014828544949026877,0.05097312326227989,0.005560704355885079,0.10750695088044486,0.0027803521779425394,0.016682113067655237,0.11306765523632993,0.0018535681186283596,0.0074142724745134385,0.08063021316033364,0.10009267840593142,0.027803521779425393,0.37812789620018533,0.05375347544022243,0.030583873957367932,0.008341056533827619
0.0181190681622088,0.0457290767903365,0.006902502157031924,0.10440034512510785,0.003451251078515962,0.01725625539257981,0.11216566005176877,0.003451251078515962,0.009490940465918895,0.08024158757549611,0.10440034512510785,0.028472821397756688,0.37618636755823986,0.054357204486626405,0.027610008628127698,0.007765314926660914
0.02283464566929134,0.047244094488188976,0.010236220472440945,0.1094488188976378,0.004724409448818898,0.01653543307086614,0.1062992125984252,0.003937007874015748,0.009448818897637795,0.07716535433070866,0.09291338582677165,0.025984251968503937,0.38110236220472443,0.05669291338582677,0.026771653543307086,0.008661417322834646
0.026490066225165563,0.04856512141280353,0.011037527593818985,0.12067696835908756,0.007358351729212656,0.01839587932303164,0.10301692420897719,0.003679175864606328,0.008094186902133923,0.0728476821192053,0.09197939661515821,0.022810890360559236,0.37380426784400295,0.05665930831493746,0.025754231052244298,0.008830022075055188
0.030513176144244106,0.0478502080443828,0.010402219140083218,0.12343966712898752,0.0062413314840499305,0.01872399445214979,0.10402219140083217,0.0027739251040221915,0.006934812760055479,0.07073509015256588,0.08668515950069348,0.021497919556171984,0.37725381414701803,0.05547850208044383,0.027045769764216365,0.010402219140083218
0.03672680412371134,0.043170103092783504,0.011597938144329897,0.12693298969072164,0.008376288659793814,0.01997422680412371,0.09471649484536082,0.0032216494845360823,0.008376288659793814,0.06894329896907217,0.0856958762886598,0.02190721649484536,0.3788659793814433,0.0547680412371134,0.027061855670103094,0.009664948453608248
0.04091456077015644,0.04151624548736462,0.009626955475330927,0.12755716004813478,0.00842358604091456,0.019253910950661854,0.09566787003610108,0.00421179302045728,0.007821901323706379,0.06558363417569193,0.08483754512635379,0.021660649819494584,0.381468110709988,0.05475330926594465,0.02707581227436823,0.009626955475330927
0.04262672811059908,0.03513824884792627,0.010368663594470046,0.13191244239631336,0.008064516129032258,0.018433179723502304,0.09619815668202765,0.004608294930875576,0.008640552995391706,0.06451612903225806,0.08237327188940093,0.020737327188940093,0.3882488479262673,0.052995391705069124,0.02534562211981567,0.009792626728110598
0.040465631929046564,0.03215077605321508,0.012749445676274944,0.13303769401330376,0.009423503325942351,0.018292682926829267,0.09645232815964523,0.004988913525498891,0.009423503325942351,0.06707317073170732,0.0803769401330377,0.020509977827051,0.3874722838137472,0.04988913525498891,0.027161862527716185,0.010532150776053215
0.04362050163576881,0.03271537622682661,0.011995637949836423,0.1390403489640131,0.010359869138495093,0.019629225736095966,0.0910577971646674,0.004362050163576881,0.009814612868047983,0.064340239912759,0.07851690294438386,0.022355507088331516,0.37949836423118866,0.05507088331515812,0.023446019629225736,0.014176663031624863
0.043615344193378876,0.033631108775617445,0.011560693641618497,0.13767735155018393,0.010509721492380452,0.01839201261166579,0.08250131371518654,0.004203888596952181,0.01208617971623752,0.06358381502890173,0.07094062007356805,0.021019442984760904,0.396216500262743,0.05202312138728324,0.02627430373095113,0.015764582238570676
0.04723618090452261,0.034170854271356785,0.01407035175879397,0.1407035175879397,0.009045226130653266,0.0185929648241206,0.08090452261306533,0.0035175879396984926,0.009547738693467337,0.062311557788944726,0.06834170854271357,0.017085427135678392,0.3954773869346734,0.052763819095477386,0.03015075376884422,0.016080402010050253
0.04582730342498794,0.03376748673420164,0.01447178002894356,0.14616497829232997,0.00964785335262904,0.014954172696575013,0.07911239749155813,0.00482392667631452,0.011577424023154847,0.06271104679208876,0.06222865412445731,0.015918958031837915,0.3960443801254221,0.056922334780511334,0.029908345393150026,0.015918958031837915
0.04780114722753346,0.033460803059273424,0.013862332695984704,0.14244741873804972,0.010516252390057362,0.014818355640535373,0.07600382409177821,0.0057361376673040155,0.011950286806883365,0.0621414913957935,0.06405353728489484,0.015296367112810707,0.39961759082217974,0.058317399617590825,0.029636711281070746,0.014340344168260038
0.05218617771509168,0.034790785143394454,0.013164080865068171,0.14104372355430184,0.011753643629525154,0.013634226610249177,0.07898448519040903,0.005641748942172073,0.011753643629525154,0.06393982134461683,0.0615890926187118,0.01457451810061119,0.39727315467795016,0.05735778091208275,0.02914903620122238,0.013164080865068171
0.05034324942791762,0.033409610983981694,0.011899313501144164,0.140045766590389,0.011899313501144164,0.014187643020594966,0.0782608695652174,0.005949656750572082,0.011441647597254004,0.06498855835240275,0.058581235697940506,0.016933638443935927,0.39862700228832953,0.056292906178489706,0.033409610983981694,0.013729977116704805
0.05313788364635822,0.03435639028859368,0.011910215300045808,0.13925790196976637,0.010994044892349977,0.015116811726981219,0.07695831424644985,0.005955107650022904,0.012368300503893724,0.061383417315620706,0.05451213925790197,0.01603298213467705,0.4012826385707742,0.054970224461749886,0.03435639028859368,0.017407237746220796
0.055,0.034545454545454546,0.013181818181818182,0.14,0.01090909090909091,0.015454545454545455,0.07681818181818181,0.005909090909090909,0.012727272727272728,0.057727272727272724,0.056818181818181816,0.018636363636363635,0.3986363636363636,0.05227272727272727,0.034545454545454546,0.01681818181818182
0.05415162454873646,0.0351985559566787,0.013086642599277979,0.14034296028880866,0.010379061371841155,0.015342960288808664,0.07490974729241877,0.0058664259927797835,0.011732851985559567,0.05550541516245487,0.05550541516245487,0.0194043321299639,0.4056859205776173,0.052346570397111915,0.03429602888086643,0.016245487364620937
0.05630026809651475,0.03306523681858802,0.012511170688114389,0.14164432529043788,0.00938337801608579,0.0160857908847185,0.07104557640750671,0.005361930294906166,0.012511170688114389,0.05317247542448615,0.05674709562109026,0.01966041108132261,0.403485254691689,0.05361930294906166,0.03753351206434316,0.017873100983020553
0.05480682839173405,0.03369272237196765,0.012578616352201259,0.14061096136567836,0.009433962264150943,0.017070979335130278,0.07187780772686433,0.006738544474393531,0.012129380053908356,0.05660377358490566,0.05345911949685535,0.017969451931716084,0.40700808625336926,0.05211141060197664,0.03638814016172507,0.01752021563342318
0.05652759084791386,0.03454463885150292,0.013907581875280395,0.13683266038582323,0.009421265141318977,0.017496635262449527,0.06998654104979811,0.008075370121130552,0.011215791834903545,0.05383580080753701,0.05383580080753701,0.01794526693584567,0.41094661283086587,0.052489905787348586,0.0354419021982952,0.017496635262449527
0.05630026809651475,0.03127792672028597,0.013404825737265416,0.1389633601429848,0.009830205540661306,0.016979445933869526,0.06702412868632708,0.009830205540661306,0.012064343163538873,0.05451295799821269,0.05227882037533512,0.020107238605898123,0.41242180518319926,0.05093833780160858,0.035746201966041107,0.01831992850759607
0.059113300492610835,0.034482758620689655,0.012987012987012988,0.1406180026869682,0.008956560680698611,0.01701746529332736,0.06493506493506493,0.009852216748768473,0.012539184952978056,0.05284370801612181,0.04926108374384237,0.020600089565606806,0.4070756829377519,0.05508284818629646,0.03672189879086431,0.017913121361397222
0.05691418408181414,0.03334815473543797,0.012449977767896843,0.1365051133837261,0.008892841262783458,0.017785682525566917,0.06447309915518008,0.011116051578479324,0.011560693641618497,0.05380168963983993,0.048465984882169855,0.01956425077812361,0.41218319253001334,0.05602489995553579,0.03646064917741218,0.020453534904401955
0.05874439461883408,0.03183856502242152,0.011659192825112108,0.13901345291479822,0.008968609865470852,0.01748878923766816,0.06053811659192825,0.009865470852017937,0.011210762331838564,0.05022421524663677,0.04887892376681614,0.017937219730941704,0.4224215246636771,0.05650224215246637,0.03587443946188341,0.01883408071748879
0.05647691618108472,0.03227252353204841,0.012998655311519497,0.1362617660242044,0.009861048857014791,0.017929179740026894,0.0681308830121022,0.009861048857014791,0.012102196324518153,0.04975347377857463,0.04571940833706858,0.018377409233527566,0.42536978933213804,0.055132227700582695,0.03047960555804572,0.01927386822052891
0.06040268456375839,0.03131991051454139,0.012975391498881432,0.1342281879194631,0.009843400447427294,0.01923937360178971,0.06532438478747203,0.008948545861297539,0.011633109619686801,0.04787472035794183,0.04429530201342282,0.020134228187919462,0.42058165548098436,0.05727069351230425,0.03445190156599553,0.021476510067114093
0.06222023276633841,0.03267681289167413,0.012981199641897942,0.13563115487914054,0.010295434198746643,0.017905102954341987,0.05998209489704566,0.009400179051029543,0.009847806624888093,0.046553267681289166,0.04028648164726947,0.018800358102059087,0.4306177260519248,0.05684870188003581,0.03491495076096687,0.021038495971351837
0.06263882718791648,0.03109729009329187,0.01332741003998223,0.13505108840515326,0.010661928031985785,0.018658374055975122,0.060417592181252776,0.009329187027987561,0.010661928031985785,0.047090182141270545,0.03864948911594847,0.019991115059973346,0.4269213682807641,0.05730786317192359,0.03642825410928476,0.021768103065304308
0.06825325550067356,0.030534351145038167,0.010327795240233499,0.13650651100134711,0.01122586439155815,0.01796138302649304,0.057476425684777725,0.00898069151324652,0.00898069151324652,0.04714863044454423,0.03592276605298608,0.019308486753480018,0.4351145038167939,0.05568028738212842,0.0345756623259991,0.022002694207453974
0.06746560142032845,0.029738126941855306,0.009320905459387484,0.13892587660896583,0.012427873945849977,0.017310252996005325,0.05415002219263205,0.010652463382157125,0.007545494895694629,0.04749223257878384,0.033288948069241014,0.020861074123391034,0.43497558810474923,0.056369285397248114,0.03772747447847315,0.02174877940523746
0.07066666666666667,0.03244444444444444,0.009777777777777778,0.13955555555555554,0.013333333333333334,0.017777777777777778,0.05288888888888889,0.009777777777777778,0.0071111111111111115,0.04844444444444444,0.036,0.02266666666666667,0.42577777777777776,0.05555555555555555,0.035555555555555556,0.02266666666666667
0.07117595048629531,0.030061892130857647,0.011052166224580018,0.13925729442970822,0.013262599469496022,0.01900972590627763,0.05349248452696728,0.011052166224580018,0.00618921308576481,0.046419098143236075,0.032714412024756855,0.021662245800176835,0.4297082228116711,0.05570291777188329,0.034924845269672856,0.02431476569407604
0.07117117117117117,0.02837837837837838,0.01126126126126126,0.1463963963963964,0.012612612612612612,0.02027027027027027,0.05,0.01126126126126126,0.007207207207207207,0.046396396396396394,0.03018018018018018,0.02117117117117117,0.4292792792792793,0.05540540540540541,0.034684684684684684,0.024324324324324326
0.07391113066432028,0.032116146062472505,0.011878574571051475,0.14518257809062912,0.011878574571051475,0.02067751869775627,0.05015398152221733,0.012758468983721953,0.006599208095028597,0.04487461504619446,0.029476462824461064,0.02111746590409151,0.4285085789705235,0.05103387593488781,0.034755829300483945,0.025076990761108666
0.07550561797752808,0.031011235955056178,0.011235955056179775,0.1447191011235955,0.012134831460674157,0.020674157303370785,0.04808988764044944,0.01348314606741573,0.0071910112359550565,0.04359550561797753,0.029213483146067417,0.021573033707865168,0.4287640449438202,0.050337078651685394,0.03460674157303371,0.027865168539325844
0.07729897823189694,0.030208796090626388,0.011106175033318524,0.13904931141714794,0.011994669035984007,0.01821412705464238,0.04931141714793425,0.015104398045313194,0.00888494002665482,0.043980453131941356,0.028431808085295423,0.023989338071968014,0.43091959129275875,0.047534429142603286,0.037316748111950244,0.02665482007996446
0.07458075904677847,0.027802294792586054,0.01147396293027361,0.14210061782877317,0.013680494263018535,0.018976169461606355,0.04810238305383936,0.01323918799646955,0.010150044130626656,0.043689320388349516,0.02736098852603707,0.026919682259488084,0.4298323036187114,0.047219770520741396,0.03574580759046778,0.02912621359223301
0.07404103479036575,0.024977698483496878,0.012488849241748439,0.14183764495985726,0.014272970561998216,0.01784121320249777,0.04683318465655665,0.016057091882247992,0.00936663693131133,0.04415700267618198,0.029438001784121322,0.027207850133809098,0.4295272078501338,0.04817127564674398,0.0352363960749331,0.028545941123996433
0.07556341140079541,0.025187803800265134,0.01104728236853734,0.13742819266460451,0.013256738842244807,0.020326999558108707,0.044631020768890854,0.015466195315952275,0.009279717189571365,0.04286345558992488,0.03093239063190455,0.02828104286345559,0.4352629253203712,0.0481661511268228,0.033583738400353516,0.028722934158197082
0.07280035730236713,0.0241179097811523,0.010719071013845467,0.13130861991960696,0.01563197856185797,0.02054488610987048,0.04242965609647164,0.013845466726217061,0.0080393032603841,0.04376953997320232,0.03126395712371594,0.026351049575703438,0.4519874944171505,0.045556051808843236,0.034836980794997766,0.026797677534613668
0.07811806480248558,0.024411895250776743,0.011096316023080338,0.13315579227696406,0.015978695073235686,0.018197958277851752,0.044829116733244564,0.016422547714158898,0.007989347536617843,0.03994673768308921,0.03062583222370173,0.027518863737239236,0.44651575676875277,0.04349755881047492,0.03683976919662672,0.024855747891699954
0.07948490230905861,0.02486678507992895,0.011989342806394316,0.1372113676731794,0.015985790408525755,0.020870337477797513,0.04440497335701599,0.015541740674955595,0.008880994671403197,0.03641207815275311,0.028419182948490232,0.027531083481349913,0.4436056838365897,0.044849023090586145,0.03463587921847247,0.025310834813499113
0.076067615658363,0.02491103202846975,0.01112099644128114,0.13612099644128114,0.017348754448398576,0.020462633451957295,0.04359430604982206,0.016459074733096084,0.008896797153024912,0.03870106761565836,0.02802491103202847,0.028469750889679714,0.4501779359430605,0.04448398576512456,0.03113879003558719,0.02402135231316726
0.07820738137082602,0.025483304042179262,0.010984182776801407,0.13224956063268892,0.018014059753954304,0.021968365553602813,0.040421792618629174,0.014499121265377855,0.00922671353251318,0.03866432337434095,0.027680140597539545,0.03163444639718805,0.45123022847100175,0.04569420035149385,0.03163444639718805,0.02240773286467487
0.07932263814616755,0.024955436720142603,0.011140819964349376,0.13324420677361853,0.017379679144385027,0.02094474153297683,0.03877005347593583,0.016042780748663103,0.00980392156862745,0.0374331550802139,0.027629233511586453,0.029411764705882353,0.45409982174688057,0.04634581105169341,0.029411764705882353,0.02406417112299465
0.07937219730941704,0.0242152466367713,0.011210762331838564,0.1304932735426009,0.01748878923766816,0.020179372197309416,0.036771300448430494,0.016143497757847534,0.009865470852017937,0.033183856502242155,0.02914798206278027,0.02914798206278027,0.46322869955156953,0.04663677130044843,0.030044843049327353,0.022869955156950672
0.08146821844225605,0.023276633840644583,0.009847806624888093,0.13831692032229184,0.017905102954341987,0.019695613249776187,0.03491495076096687,0.01611459265890779,0.009400179051029543,0.03267681289167413,0.02864816472694718,0.02954341987466428,0.4601611459265891,0.044762757385854966,0.02954341987466428,0.023724261414503133
0.08170515097690942,0.021314387211367674,0.008880994671403197,0.13676731793960922,0.017761989342806393,0.020426287744227355,0.034191829484902306,0.019538188277087035,0.011101243339253997,0.03063943161634103,0.02975133214920071,0.02975133214920071,0.46003552397868563,0.04573712255772647,0.02797513321492007,0.024422735346358793
0.08329641116526362,0.021710234824988923,0.00974745237040319,0.13646433318564466,0.017279574656623838,0.021267168808152416,0.033673017279574655,0.0203810367744794,0.010633584404076208,0.027913159060700046,0.02702702702702703,0.03190075321222862,0.4594594594594595,0.044306601683650866,0.028799291094373063,0.026140894993354008
0.07795698924731183,0.021505376344086023,0.010752688172043012,0.13664874551971326,0.016577060931899642,0.021057347670250897,0.03136200716845878,0.022401433691756272,0.011200716845878136,0.02956989247311828,0.02867383512544803,0.03181003584229391,0.4632616487455197,0.04390681003584229,0.029121863799283155,0.024193548387096774
0.07556341140079541,0.019885108263367212,0.010163499779054353,0.14140521431727796,0.015466195315952275,0.021210782147591693,0.03049049933716306,0.022536456031816175,0.013256738842244807,0.02828104286345559,0.028722934158197082,0.03225806451612903,0.4613345117101193,0.04242156429518339,0.03093239063190455,0.026071586389748123
0.07641342756183746,0.02075971731448763,0.010159010600706713,0.1435512367491166,0.015017667844522967,0.019434628975265017,0.02871024734982332,0.019434628975265017,0.012367491166077738,0.026943462897526502,0.02959363957597173,0.029151943462897525,0.46819787985865724,0.04240282685512368,0.03224381625441696,0.02561837455830389
0.08055805580558056,0.02115211521152115,0.010351035103510351,0.1395139513951395,0.0144014401440144,0.022502250225022502,0.028352835283528353,0.018901890189018902,0.013501350135013501,0.025202520252025202,0.031053105310531053,0.0288028802880288,0.46804680468046805,0.0423042304230423,0.030153015301530153,0.025202520252025202
0.0811295383236217,0.018377409233527566,0.010757507844016136,0.14164051994621246,0.014343343792021516,0.02285970416853429,0.026445540116539667,0.017929179740026894,0.012550425818018825,0.02510085163603765,0.02868668758404303,0.029583146571044376,0.47601972209771404,0.04034065441506051,0.03003137606454505,0.024204392649036306
0.08388814913448735,0.018641810918774968,0.011096316023080338,0.13448735019973368,0.014203284509542832,0.023968042609853527,0.02574345317354638,0.018641810918774968,0.012427873945849977,0.023968042609853527,0.02796271637816245,0.03195739014647137,0.48379937860630273,0.037283621837549935,0.027075011096316024,0.024855747891699954
0.08244680851063829,0.0199468085106383,0.010638297872340425,0.13386524822695037,0.014184397163120567,0.025709219858156027,0.026595744680851064,0.018617021276595744,0.013297872340425532,0.023936170212765957,0.026595744680851064,0.03235815602836879,0.4853723404255319,0.03679078014184397,0.026152482269503546,0.02349290780141844
0.08289007092198582,0.019060283687943262,0.013297872340425532,0.13652482269503546,0.01551418439716312,0.022606382978723406,0.025709219858156027,0.01773049645390071,0.012411347517730497,0.024822695035460994,0.025709219858156027,0.02969858156028369,0.48936170212765956,0.03679078014184397,0.024822695035460994,0.02304964539007092
0.0875718708536046,0.01680672268907563,0.012826183104820876,0.12781954887218044,0.0145953118089341,0.021671826625386997,0.027421494913754976,0.018575851393188854,0.012826183104820876,0.023883237505528527,0.029632905793896505,0.03007518796992481,0.491375497567448,0.0362671384343211,0.02565236620964175,0.022998673153471916
0.08888888888888889,0.016444444444444446,0.013333333333333334,0.12711111111111112,0.012444444444444444,0.020444444444444446,0.02711111111111111,0.019555555555555555,0.013333333333333334,0.025333333333333333,0.02711111111111111,0.029777777777777778,0.49422222222222223,0.036444444444444446,0.025333333333333333,0.02311111111111111
0.08897742363877822,0.016821602478972998,0.011509517485613104,0.13103142983621072,0.01195219123505976,0.02213368747233289,0.025675077467906152,0.02036299247454626,0.01195219123505976,0.023019034971226208,0.02611775121735281,0.027888446215139442,0.5064187693669765,0.034528552456839307,0.02257636122177955,0.019034971226206288
0.09098939929328621,0.015901060070671377,0.011925795053003533,0.1333922261484099,0.013692579505300354,0.020318021201413426,0.024734982332155476,0.01987632508833922,0.011925795053003533,0.022526501766784453,0.02561837455830389,0.02782685512367491,0.4986749116607774,0.037544169611307424,0.023851590106007067,0.02120141342756184
0.08964589870013447,0.016584491259524877,0.012998655311519497,0.13043478260869565,0.012550425818018825,0.020618556701030927,0.023756163155535633,0.020618556701030927,0.011205737337516808,0.021515015688032272,0.02689376961004034,0.027790228597041687,0.5056028686687584,0.0340654415060511,0.022411474675033616,0.02330793366203496
0.08762659621312198,0.014971378247468076,0.012769704975781594,0.13474240422721268,0.011448701012769706,0.019374724790841038,0.023778071334214,0.02157639806252752,0.011448701012769706,0.022016732716864818,0.028181417877586965,0.027300748568912372,0.5033025099075297,0.03478643769264641,0.024218405988551298,0.022457067371202115
0.08876003568242641,0.013826940231935772,0.012488849241748439,0.13425512934879572,0.012488849241748439,0.021409455842997322,0.0231935771632471,0.02230151650312221,0.012934879571810883,0.020517395182872437,0.027653880463871544,0.024977698483496878,0.5035682426404996,0.034344335414808205,0.023639607493309546,0.023639607493309546
0.08559964333481944,0.014266607222469906,0.012929112795363353,0.13107445385644226,0.012483281319661168,0.018724921979491754,0.023629068212215783,0.022737405260811413,0.014266607222469906,0.020062416406598307,0.02719572001783326,0.025858225590726706,0.5064645563976817,0.034774855104770394,0.024074899687917966,0.025858225590726706
0.09320557491289198,0.01524390243902439,0.01132404181184669,0.13022648083623695,0.012630662020905924,0.018728222996515678,0.021341463414634148,0.020470383275261322,0.014808362369337979,0.020470383275261322,0.02700348432055749,0.02613240418118467,0.507404181184669,0.03397212543554007,0.023083623693379792,0.023954703832752614
0.08929364726788094,0.015992892047978675,0.012438916037316748,0.13282985339848957,0.011994669035984007,0.01776988005330964,0.02087960906263883,0.02221235006663705,0.014660151043980453,0.01776988005330964,0.02621057307863172,0.02621057307863172,0.5126610395379831,0.03287427809862283,0.023545091070635273,0.02265659706796979
0.08492663405958203,0.01600711427301023,0.011560693641618497,0.13694975544686527,0.01200533570475767,0.017785682525566917,0.020898176967541128,0.020008892841262782,0.015562472209871054,0.01956425077812361,0.024455313472654512,0.02578923966207203,0.5171187194308582,0.032458870609159626,0.02401067140951534,0.020898176967541128
0.08957219251336898,0.01693404634581105,0.011586452762923352,0.1305704099821747,0.012032085561497326,0.017825311942959002,0.020053475935828877,0.02094474153297683,0.015597147950089126,0.019162210338680926,0.02406417112299465,0.02406417112299465,0.5204991087344029,0.03208556149732621,0.02406417112299465,0.02094474153297683
0.09155241043785936,0.017249004865103935,0.011057054400707651,0.13710747456877487,0.011941618752764263,0.01813356921716055,0.020787262273330383,0.01813356921716055,0.016364440513047324,0.019460415745245468,0.023883237505528527,0.023883237505528527,0.5161432994250331,0.029632905793896505,0.024325519681556832,0.020344980097302078
0.0896520963425513,0.015611061552185548,0.012488849241748439,0.1391614629794826,0.011150758251561105,0.01784121320249777,0.02096342551293488,0.01650312221231044,0.014719000892060661,0.02007136485280999,0.021855486173059768,0.022747546833184657,0.5214094558429974,0.03166815343443354,0.0231935771632471,0.02096342551293488
0.0898876404494382,0.015730337078651686,0.012134831460674157,0.13752808988764045,0.010786516853932584,0.016179775280898877,0.017977528089887642,0.01662921348314607,0.014382022471910113,0.019775280898876403,0.023370786516853932,0.02202247191011236,0.527191011235955,0.029213483146067417,0.02606741573033708,0.021123595505617977
0.08718626155878467,0.01805372082782915,0.011448701012769706,0.13914575077058564,0.009687362395420519,0.015411712901805373,0.016292382210479964,0.014971378247468076,0.014971378247468076,0.02025539409951563,0.022457067371202115,0.019815059445178335,0.5380889476001761,0.02686041391457508,0.024658740642888595,0.020695728753852928
0.09018917729872415,0.01891772987241531,0.011438627364716234,0.14078310602727673,0.009678838539375276,0.014958205015398152,0.01583809942806863,0.015398152221733392,0.012758468983721953,0.02111746590409151,0.02375714914210295,0.02155741311042675,0.5349758029036515,0.025076990761108666,0.02243730752309723,0.02111746590409151
0.08740475123263111,0.018377409233527566,0.01165396683101748,0.14612281488121917,0.00941281936351412,0.013895114298520844,0.014791573285522188,0.014791573285522188,0.012998655311519497,0.022411474675033616,0.025549081129538322,0.01927386822052891,0.5365307037203048,0.026445540116539667,0.020618556701030927,0.019722097714029583
0.09288888888888888,0.018222222222222223,0.011111111111111112,0.14622222222222223,0.008444444444444444,0.012,0.012888888888888889,0.013333333333333334,0.012,0.024888888888888887,0.025777777777777778,0.02,0.5333333333333333,0.02711111111111111,0.022222222222222223,0.019555555555555555
0.0894854586129754,0.018344519015659956,0.012975391498881432,0.14317673378076062,0.008501118568232663,0.012527964205816556,0.013422818791946308,0.013422818791946308,0.011185682326621925,0.02371364653243848,0.025950782997762864,0.020134228187919462,0.5404921700223714,0.026845637583892617,0.02192393736017897,0.017897091722595078
0.09147701918786257,0.016956715751896476,0.01249442213297635,0.14145470771976795,0.008478357875948238,0.01249442213297635,0.01249442213297635,0.015171798304328426,0.0107095046854083,0.020526550647032574,0.0249888442659527,0.020080321285140562,0.5461847389558233,0.026327532351628737,0.020526550647032574,0.01963409192324855
0.09737661182747888,0.016896398399288574,0.011560693641618497,0.1431747443308137,0.008003557136505114,0.012894619831036016,0.01200533570475767,0.0164517563361494,0.008892841262783458,0.020453534904401955,0.025344597598932858,0.018674966651845263,0.5442418852823477,0.026233881725211204,0.017341040462427744,0.020453534904401955
0.09479717813051146,0.015873015873015872,0.011904761904761904,0.14506172839506173,0.007495590828924162,0.011904761904761904,0.01146384479717813,0.014991181657848324,0.009700176366843033,0.02204585537918871,0.025573192239858905,0.020282186948853614,0.5462962962962963,0.025573192239858905,0.01763668430335097,0.019400352733686066
0.09673144876325088,0.014575971731448763,0.011925795053003533,0.14443462897526502,0.008392226148409895,0.011042402826855124,0.010159010600706713,0.014134275618374558,0.0088339222614841,0.01987632508833922,0.026501766784452298,0.019434628975265017,0.5507950530035336,0.024734982332155476,0.017226148409893994,0.02120141342756184
0.09700176366843033,0.013227513227513227,0.012345679012345678,0.14594356261022928,0.00837742504409171,0.01146384479717813,0.011904761904761904,0.015432098765432098,0.00837742504409171,0.021604938271604937,0.026455026455026454,0.019400352733686066,0.5440917107583775,0.025573192239858905,0.01763668430335097,0.021164021164021163
0.09766827980642323,0.014518257809062912,0.011438627364716234,0.14562252529696437,0.009238891333040036,0.010998680158380994,0.011878574571051475,0.01583809942806863,0.009678838539375276,0.02155741311042675,0.024197096348438186,0.01847778266608007,0.5437747470303563,0.026396832380114386,0.01759788825340959,0.02111746590409151
0.09832451499118165,0.012345679012345678,0.01146384479717813,0.14417989417989419,0.01146384479717813,0.012345679012345678,0.012345679012345678,0.016313932980599646,0.010141093474426807,0.01895943562610229,0.023368606701940034,0.01984126984126984,0.5414462081128748,0.026455026455026454,0.018077601410934743,0.02292768959435626
0.10146211785556047,0.011962782454585734,0.011519716437749225,0.14443952148870182,0.011519716437749225,0.011519716437749225,0.010633584404076208,0.017279574656623838,0.00974745237040319,0.0203810367744794,0.02259636685866194,0.021710234824988923,0.5378821444395215,0.027470093043863535,0.017279574656623838,0.02259636685866194
0.0946483856700575,0.01238390092879257,0.013268465280849183,0.13976116762494473,0.011499336576735958,0.012826183104820876,0.010614772224679346,0.016364440513047324,0.009730207872622734,0.020344980097302078,0.022556390977443608,0.022998673153471916,0.5426802299867315,0.02786377708978328,0.01901813356921716,0.02344095532950022
0.0917960088691796,0.011086474501108648,0.012860310421286032,0.1419068736141907,0.011086474501108648,0.015964523281596452,0.009312638580931265,0.016851441241685146,0.010199556541019957,0.019955654101995565,0.019955654101995565,0.024390243902439025,0.5436807095343681,0.027937915742793792,0.020399113082039913,0.02261640798226164
0.0878438331854481,0.011535048802129548,0.012422360248447204,0.14463176574977818,0.012422360248447204,0.015971606033717833,0.01064773735581189,0.015971606033717833,0.01020408163265306,0.021739130434782608,0.019077196095829637,0.026619343389529725,0.5403726708074534,0.02839396628216504,0.02040816326530612,0.021739130434782608
0.08876003568242641,0.010704727921498661,0.010704727921498661,0.14272970561998216,0.012934879571810883,0.015165031222123104,0.01159678858162355,0.01650312221231044,0.011150758251561105,0.021409455842997322,0.0191793041926851,0.028545941123996433,0.544157002676182,0.027653880463871544,0.01784121320249777,0.02096342551293488
0.09195912927587739,0.010661928031985785,0.008440693025322079,0.14438027543314083,0.013771657041314972,0.014660151043980453,0.010661928031985785,0.015104398045313194,0.011106175033318524,0.02310084406930253,0.0173256330519769,0.029320302087960905,0.5428698356286095,0.027099067081297203,0.01821412705464238,0.02132385606397157
0.0957683741648107,0.010244988864142539,0.008017817371937639,0.14298440979955457,0.016035634743875277,0.014253897550111359,0.012472160356347439,0.015590200445434299,0.008908685968819599,0.025389755011135856,0.016926503340757237,0.028507795100222718,0.5376391982182628,0.028507795100222718,0.017817371937639197,0.02093541202672606
0.09458259325044405,0.009769094138543518,0.007104795737122558,0.14120781527531084,0.015097690941385435,0.014653641207815276,0.011545293072824156,0.014653641207815276,0.009325044404973356,0.02886323268206039,0.019094138543516874,0.03019538188277087,0.5386323268206039,0.02575488454706927,0.017761989342806393,0.021758436944937832
0.09657320872274143,0.011570983533600357,0.007120605251446373,0.14285714285714285,0.014241210502892745,0.011570983533600357,0.012461059190031152,0.012016021361815754,0.009345794392523364,0.02892745883400089,0.01913662661326213,0.028037383177570093,0.5416110369381397,0.025367156208277702,0.01557632398753894,0.02358700489541611
0.10053380782918149,0.011565836298932384,0.0066725978647686835,0.13790035587188612,0.015124555160142349,0.011565836298932384,0.012900355871886121,0.014234875444839857,0.008896797153024912,0.027135231316725978,0.018683274021352312,0.027135231316725978,0.5453736654804271,0.02491103202846975,0.015124555160142349,0.02224199288256228
0.09965034965034965,0.010926573426573426,0.006555944055944056,0.13854895104895104,0.017045454545454544,0.011363636363636364,0.012674825174825174,0.016171328671328672,0.008741258741258742,0.028846153846153848,0.017482517482517484,0.028846153846153848,0.5406468531468531,0.024475524475524476,0.01486013986013986,0.023164335664335664
0.10083296799649277,0.012275317843051293,0.005699254712845244,0.13678211310828584,0.01841297676457694,0.012713722051731697,0.0131521262604121,0.01709776413853573,0.010083296799649276,0.028496273564226217,0.016659359929855327,0.029811486190267425,0.5357299430074529,0.02498903989478299,0.01446733888645331,0.022797018851380975
0.10286975717439294,0.011920529801324504,0.005739514348785872,0.13333333333333333,0.015894039735099338,0.013686534216335542,0.012362030905077263,0.015894039735099338,0.011037527593818985,0.02869757174392936,0.018101545253863136,0.03090507726269316,0.5364238410596026,0.025607064017660046,0.012803532008830023,0.024724061810154525
0.10909893992932862,0.011925795053003533,0.007508833922261484,0.13074204946996468,0.015901060070671377,0.013692579505300354,0.011484098939929329,0.018992932862190812,0.009717314487632508,0.030477031802120143,0.018551236749116608,0.027385159010600707,0.5335689045936396,0.02517667844522968,0.013250883392226149,0.022526501766784453
0.10596616206589493,0.012466607301869992,0.008904719501335707,0.13268032056990206,0.016028495102404273,0.014692787177203919,0.012021371326803205,0.019590382902938557,0.008014247551202136,0.02804986642920748,0.01647373107747106,0.02715939447907391,0.5378450578806767,0.02315227070347284,0.014247551202137132,0.022707034728406055
