C_R,C_A,C_S,C_N,D_R,D_A,D_S,D_N,Oc_R,Oc_A,Oc_S,Oc_N,Od_R,Od_A,Od_S,Od_N
1.0,0.0,0.0,0.0,0.0,0.0,0.0,0.0,0.0,0.0,0.0,0.0,0.0,0.0,0.0,0.0
0.3333333333333333,0.0,0.0,0.3333333333333333,0.0,0.3333333333333333,0.0,0.0,0.0,0.0,0.0,0.0,0.0,0.0,0.0,0.0
0.3,0.0,0.0,0.4,0.0,0.2,0.0,0.0,0.0,0.0,0.0,0.0,0.0,0.1,0.0,0.0
0.375,0.0,0.0,0.25,0.0,0.1875,0.0,0.0,0.0,0.0,0.0,0.125,0.0,0.0625,0.0,0.0
0.34782608695652173,0.0,0.0,0.17391304347826086,0.0,0.17391304347826086,0.08695652173913043,0.0,0.0,0.0,0.0,0.13043478260869565,0.043478260869565216,0.043478260869565216,0.0,0.0
0.35294117647058826,0.0,0.0,0.14705882352941177,0.0,0.14705882352941177,0.14705882352941177,0.0,0.0,0.0,0.0,0.11764705882352941,0.029411764705882353,0.058823529411764705,0.0,0.0
0.34615384615384615,0.0,0.0,0.15384615384615385,0.0,0.15384615384615385,0.11538461538461539,0.0,0.0,0.0,0.0,0.11538461538461539,0.038461538461538464,0.057692307692307696,0.019230769230769232,0.0
0.3287671232876712,0.0,0.0,0.136986301369863,0.0,0.1780821917808219,0.0958904109589041,0.0136986301369863,0.0,0.0,0.0,0.1232876712328767,0.0547945205479452,0.0547945205479452,0.0136986301369863,0.0
0.3269230769230769,0.0,0.009615384615384616,0.15384615384615385,0.0,0.18269230769230768,0.08653846153846154,0.009615384615384616,0.0,0.0,0.0,0.09615384615384616,0.0673076923076923,0.057692307692307696,0.009615384615384616,0.0
0.29577464788732394,0.007042253521126761,0.007042253521126761,0.15492957746478872,0.0,0.20422535211267606,0.07746478873239436,0.007042253521126761,0.0,0.0,0.007042253521126761,0.11267605633802817,0.06338028169014084,0.06338028169014084,0.0,0.0
0.2736842105263158,0.010526315789473684,0.010526315789473684,0.13157894736842105,0.0,0.20526315789473684,0.07368421052631578,0.010526315789473684,0.005263157894736842,0.0,0.010526315789473684,0.12631578947368421,0.07894736842105263,0.06315789473684211,0.0,0.0
0.23673469387755103,0.012244897959183673,0.012244897959183673,0.13877551020408163,0.0,0.22448979591836735,0.05714285714285714,0.012244897959183673,0.004081632653061225,0.0,0.00816326530612245,0.15510204081632653,0.07346938775510205,0.0653061224489796,0.0,0.0
0.24025974025974026,0.012987012987012988,0.012987012987012988,0.13636363636363635,0.0,0.2012987012987013,0.05844155844155844,0.012987012987012988,0.003246753246753247,0.0,0.012987012987012988,0.1590909090909091,0.07467532467532467,0.07467532467532467,0.0,0.0
0.23872679045092837,0.010610079575596816,0.010610079575596816,0.1220159151193634,0.0,0.1989389920424403,0.0610079575596817,0.01856763925729443,0.002652519893899204,0.0,0.015915119363395226,0.16180371352785147,0.07957559681697612,0.07957559681697612,0.0,0.0
0.2275711159737418,0.01312910284463895,0.010940919037199124,0.11816192560175055,0.0,0.19474835886214442,0.05689277899343545,0.0262582056892779,0.002188183807439825,0.0,0.0175054704595186,0.175054704595186,0.06345733041575492,0.09190371991247265,0.0,0.002188183807439825
0.21311475409836064,0.018214936247723135,0.01092896174863388,0.1111111111111111,0.0,0.1894353369763206,0.052823315118397086,0.030965391621129327,0.0018214936247723133,0.0036429872495446266,0.02185792349726776,0.1766848816029144,0.07103825136612021,0.0965391621129326,0.0,0.0018214936247723133
0.21020092735703247,0.02627511591962906,0.00927357032457496,0.1035548686244204,0.0030911901081916537,0.17928902627511592,0.05409582689335394,0.03400309119010819,0.0015455950540958269,0.00463678516228748,0.02472952086553323,0.1839258114374034,0.06800618238021638,0.09582689335394126,0.0,0.0015455950540958269
0.19436997319034852,0.03351206434316354,0.006702412868632708,0.10723860589812333,0.002680965147453083,0.17962466487935658,0.05227882037533512,0.04289544235924933,0.004021447721179625,0.004021447721179625,0.022788203753351208,0.1742627345844504,0.07640750670241286,0.09517426273458444,0.0,0.004021447721179625
0.18427230046948356,0.04107981220657277,0.005868544600938967,0.09859154929577464,0.005868544600938967,0.176056338028169,0.045774647887323945,0.04460093896713615,0.007042253521126761,0.004694835680751174,0.028169014084507043,0.1772300469483568,0.07746478873239436,0.09976525821596244,0.0,0.0035211267605633804
0.1807967313585291,0.043922369765066395,0.008171603677221655,0.10520939734422881,0.006128702757916241,0.1767109295199183,0.04290091930541369,0.043922369765066395,0.006128702757916241,0.0040858018386108275,0.028600612870275793,0.17160367722165476,0.08171603677221655,0.09601634320735444,0.0,0.0040858018386108275
0.16918714555765596,0.052930056710775046,0.00945179584120983,0.11247637051039698,0.007561436672967864,0.17391304347826086,0.04064272211720227,0.04725897920604915,0.008506616257088847,0.002835538752362949,0.02930056710775047,0.16351606805293006,0.07750472589792061,0.09735349716446125,0.001890359168241966,0.005671077504725898
0.16567036720751493,0.05807002561912895,0.010247651579846286,0.11528608027327071,0.011101622544833475,0.1707941929974381,0.04184457728437233,0.04953031596925705,0.008539709649871904,0.0034158838599487617,0.025619128949615714,0.161400512382579,0.07600341588385995,0.09479077711357814,0.0017079419299743809,0.005977796754910333
0.16189000774593337,0.05731990704879938,0.0077459333849728895,0.11696359411309062,0.017041053446940357,0.17195972114639815,0.044151820294345466,0.048024786986831915,0.011618900077459334,0.0038729666924864447,0.026336173508907823,0.16189000774593337,0.07513555383423702,0.08752904725019364,0.0038729666924864447,0.004647560030983733
0.15229885057471265,0.0653735632183908,0.007183908045977011,0.11925287356321838,0.020833333333333332,0.16163793103448276,0.04454022988505747,0.04741379310344827,0.014367816091954023,0.005747126436781609,0.02442528735632184,0.16307471264367815,0.07327586206896551,0.09051724137931035,0.0035919540229885057,0.00646551724137931
0.15415282392026577,0.06445182724252492,0.007308970099667774,0.12425249169435217,0.022591362126245847,0.16279069767441862,0.043853820598006646,0.046511627906976744,0.014617940199335547,0.003986710963455149,0.022591362126245847,0.1574750830564784,0.06976744186046512,0.09368770764119601,0.0053156146179402,0.006644518272425249
0.15159076731129134,0.06674984404242046,0.006238303181534623,0.1260137242669994,0.022457891453524642,0.16656269494697443,0.046787273861509666,0.048034934497816595,0.01372426699937617,0.0037429819089207735,0.022457891453524642,0.14847161572052403,0.06986899563318777,0.09606986899563319,0.0056144728633811605,0.0056144728633811605
0.14452896430661205,0.0649502633118783,0.005851375073142188,0.1339964891749561,0.027501462843768285,0.1673493270918666,0.042715038033937974,0.05090696313633704,0.016968987712112346,0.002925687536571094,0.021064950263311878,0.14101813926272674,0.07197191339964892,0.0965476887068461,0.006436512580456407,0.0052662375658279695
0.14645053102291783,0.06931246506428172,0.005030743432084964,0.13415315818893236,0.027948574622694244,0.16545556176634993,0.045276690888764674,0.05142537730575741,0.016769144773616546,0.002794857462269424,0.022358859698155393,0.1324762437115707,0.07043040804918949,0.09726103968697597,0.008384572386808273,0.004471771939631079
0.14489687995769435,0.06768905341089371,0.005288207297726071,0.13907985193019567,0.03225806451612903,0.16129032258064516,0.04230565838180857,0.05764145954521417,0.01850872554204125,0.0026441036488630354,0.021152829190904283,0.13061872025383395,0.06874669487043893,0.09465891062929667,0.007932310946589107,0.005288207297726071
0.14307304785894207,0.06750629722921915,0.005037783375314861,0.13602015113350127,0.033753148614609575,0.16070528967254408,0.03929471032745592,0.06649874055415617,0.02115869017632242,0.003022670025188917,0.01964735516372796,0.12292191435768261,0.06347607052896725,0.09924433249370278,0.012090680100755667,0.00654911838790932
0.13953488372093023,0.07073643410852713,0.005813953488372093,0.13953488372093023,0.03488372093023256,0.1564922480620155,0.041666666666666664,0.06734496124031007,0.023255813953488372,0.0048449612403100775,0.01937984496124031,0.11579457364341085,0.06637596899224807,0.09835271317829457,0.011143410852713179,0.0048449612403100775
0.13995271867612294,0.07139479905437353,0.004728132387706856,0.14042553191489363,0.03593380614657211,0.15460992907801419,0.0425531914893617,0.06808510638297872,0.021749408983451537,0.006146572104018913,0.02127659574468085,0.11442080378250591,0.06193853427895981,0.09645390070921986,0.013711583924349883,0.006619385342789598
0.13808870598994055,0.06904435299497028,0.005029721079103796,0.1444901691815272,0.037951531778692274,0.15637860082304528,0.038408779149519894,0.06584362139917696,0.02423411065386374,0.007315957933241884,0.02194787379972565,0.11294010059442158,0.06035665294924554,0.0978509373571102,0.01417466849565615,0.00594421582075903
0.13309352517985612,0.07149280575539568,0.006294964028776978,0.14883093525179855,0.039568345323741004,0.15737410071942445,0.03821942446043165,0.07014388489208633,0.025179856115107913,0.0085431654676259,0.020233812949640287,0.11061151079136691,0.05935251798561151,0.09217625899280575,0.012140287769784174,0.006744604316546762
0.13249776186213072,0.0738585496866607,0.007162041181736795,0.1504028648164727,0.03894359892569382,0.14905998209489704,0.04118173679498657,0.07072515666965085,0.024619516562220233,0.009847806624888093,0.020143240823634737,0.11145926589077887,0.05684870188003581,0.09176365264100268,0.01477170993733214,0.006714413607878245
0.13403880070546736,0.07495590828924162,0.007054673721340388,0.1472663139329806,0.039241622574955906,0.15211640211640212,0.04056437389770723,0.06701940035273368,0.023809523809523808,0.009259259259259259,0.021604938271604937,0.10802469135802469,0.0582010582010582,0.09347442680776014,0.014109347442680775,0.009259259259259259
0.1287779237844941,0.0700832238282961,0.008322382829610162,0.15286903197547086,0.04029785370127026,0.14936487078405605,0.040735873850197106,0.0700832238282961,0.025405168637757335,0.012264564169951819,0.024091108190976786,0.11038107752956636,0.05825667980727114,0.08979413053000437,0.010512483574244415,0.008760402978537012
0.1311619718309859,0.07086267605633803,0.009242957746478873,0.15316901408450703,0.040492957746478875,0.14392605633802816,0.0409330985915493,0.06954225352112677,0.02596830985915493,0.01232394366197183,0.023767605633802816,0.10915492957746478,0.0625,0.08758802816901408,0.009683098591549295,0.009683098591549295
0.13181019332161686,0.06854130052724078,0.01054481546572935,0.15905096660808435,0.03998242530755712,0.13840070298769772,0.04173989455184534,0.07293497363796134,0.02592267135325132,0.014938488576449912,0.02328646748681898,0.10896309314586995,0.058875219683655534,0.08479789103690685,0.010105448154657293,0.010105448154657293
0.13170731707317074,0.0647450110864745,0.01197339246119734,0.15875831485587583,0.03458980044345898,0.14456762749445676,0.04124168514412417,0.07006651884700665,0.025277161862527715,0.01729490022172949,0.02350332594235033,0.10598669623059867,0.055875831485587585,0.0917960088691796,0.012416851441241685,0.010199556541019957
0.12999560825647782,0.06763285024154589,0.014053579270970576,0.15458937198067632,0.03689064558629776,0.1427316644707949,0.04259991216512956,0.06807202459376373,0.026350461133069828,0.018006148440931048,0.025032938076416336,0.1023276240667545,0.058410188844971456,0.08959156785243742,0.013614404918752744,0.010101010101010102
0.13204225352112675,0.06602112676056338,0.012764084507042254,0.15404929577464788,0.037852112676056336,0.1382042253521127,0.04445422535211268,0.07174295774647887,0.027288732394366196,0.01716549295774648,0.02772887323943662,0.10519366197183098,0.058538732394366196,0.08274647887323944,0.012764084507042254,0.011443661971830986
0.13058875608676407,0.06595838866755202,0.014608233731739707,0.15582115980522354,0.03762726870296591,0.13545816733067728,0.043382027445772464,0.06684373616644533,0.02656042496679947,0.01859229747675963,0.02877379371403276,0.10624169986719788,0.05799026117751217,0.08632138114209828,0.013280212483399735,0.01195219123505976
0.12886142983230361,0.06531332744924978,0.015445719329214475,0.15357458075904679,0.03751103265666372,0.1354810238305384,0.04810238305383936,0.06663724624889673,0.025154457193292144,0.019417475728155338,0.028684907325684024,0.10635481023830538,0.06001765225066196,0.08561341571050309,0.012797881729920565,0.011032656663724626
0.12708883025505716,0.06112576956904134,0.017150395778364115,0.15699208443271767,0.03825857519788918,0.13324538258575197,0.04661389621811785,0.06728232189973615,0.025505716798592787,0.01978891820580475,0.026824978012313105,0.10554089709762533,0.06068601583113457,0.08927000879507475,0.014072119613016711,0.010554089709762533
0.13333333333333333,0.06266666666666666,0.015111111111111112,0.1537777777777778,0.03822222222222222,0.12933333333333333,0.04533333333333334,0.06666666666666667,0.024888888888888887,0.01911111111111111,0.024888888888888887,0.112,0.06088888888888889,0.08711111111111111,0.014666666666666666,0.012
0.13028169014084506,0.06338028169014084,0.01584507042253521,0.1487676056338028,0.03477112676056338,0.12808098591549297,0.047975352112676055,0.06690140845070422,0.027288732394366196,0.02244718309859155,0.02464788732394366,0.11355633802816902,0.0664612676056338,0.08318661971830986,0.014524647887323943,0.011883802816901408
0.1314060446780552,0.06219886114761279,0.017958826106000875,0.1533070521243977,0.0346035917652212,0.12176960140166447,0.04818221638195357,0.06438896189224705,0.02715724923346474,0.02146298729741568,0.024091108190976786,0.11344721857205431,0.0657030223390276,0.08760402978537013,0.01576872536136662,0.010950503723171266
0.12818222420723538,0.06163465832961143,0.01786511835640911,0.1514068780705672,0.03662349263063868,0.12014292094685128,0.047342563644484144,0.06610093791871371,0.026351049575703438,0.025011165698972757,0.022331397945511387,0.11701652523447968,0.0643144260830728,0.08753907994640464,0.0160786065207682,0.01205895489057615
0.12940651494868363,0.06381079875055778,0.01963409192324855,0.14904060687193219,0.03748326639892905,0.11601963409192324,0.049531459170013385,0.06961178045515395,0.024542614904060688,0.02677376171352075,0.022311468094600623,0.11200356983489514,0.06291834002677377,0.08746095493083444,0.01606425702811245,0.013386880856760375
0.12511130899376668,0.060552092609082814,0.020480854853072127,0.14737310774710596,0.040516473731077474,0.1188780053428317,0.04808548530721282,0.06945681211041853,0.026714158504007122,0.026714158504007122,0.0213713268032057,0.11175422974176313,0.06767586821015138,0.08682101513802315,0.016028495102404273,0.012466607301869992
0.12615384615384614,0.0610989010989011,0.023296703296703296,0.1468131868131868,0.036923076923076927,0.12087912087912088,0.047472527472527476,0.07164835164835165,0.026373626373626374,0.026373626373626374,0.023296703296703296,0.11164835164835164,0.06593406593406594,0.08395604395604396,0.014505494505494506,0.013626373626373627
0.12527472527472527,0.06285714285714286,0.024175824175824177,0.14857142857142858,0.036483516483516484,0.11956043956043956,0.04967032967032967,0.06901098901098901,0.02857142857142857,0.024615384615384615,0.024175824175824177,0.11252747252747253,0.0654945054945055,0.07912087912087912,0.015824175824175824,0.014065934065934066
0.1239486498450642,0.06285967242142541,0.023461708720672863,0.1438689685701638,0.04028331119964586,0.11996458610004426,0.046923417441345726,0.07127047366091191,0.02656042496679947,0.02611775121735281,0.02656042496679947,0.1111111111111111,0.06728640991589199,0.08100929614873838,0.01637892872952634,0.01239486498450642
0.12477718360071301,0.059269162210338684,0.021836007130124777,0.1448306595365419,0.03787878787878788,0.12076648841354724,0.04679144385026738,0.07308377896613191,0.029857397504456328,0.026292335115864526,0.02540106951871658,0.11452762923351159,0.06684491978609626,0.07932263814616755,0.015151515151515152,0.013368983957219251
0.1252212389380531,0.06327433628318584,0.020353982300884955,0.1491150442477876,0.04070796460176991,0.1172566371681416,0.04380530973451328,0.07123893805309735,0.029646017699115044,0.023451327433628318,0.02831858407079646,0.11061946902654868,0.0668141592920354,0.08008849557522124,0.016371681415929203,0.013716814159292035
0.12697022767075306,0.06260945709281962,0.019702276707530646,0.14842381786339756,0.040280210157618214,0.11558669001751314,0.04816112084063047,0.07049036777583187,0.0297723292469352,0.024518388791593695,0.0297723292469352,0.10945709281961472,0.06611208406304729,0.07749562171628721,0.017075306479859893,0.013572679509632224
0.12184315463003988,0.06114311032343819,0.01949490474080638,0.14709791758972088,0.03766061143110323,0.12051395657953035,0.0460788657509969,0.0717766947275144,0.031014621178555603,0.026140894993354008,0.02924235711120957,0.10899424014178112,0.06911829862649535,0.07797961896322551,0.016836508639787327,0.015064244572441293
0.125165271044513,0.06434552666372852,0.01983252534156016,0.1489643014543852,0.0370207139709123,0.11899515204936095,0.049801674746584396,0.06875275451740855,0.02996914940502424,0.026443367122080213,0.030409872190392245,0.10445130013221683,0.06610841780520053,0.07844865579550463,0.016747465843984136,0.014543851917144116
0.13106796116504854,0.06354810238305383,0.02030008826125331,0.147396293027361,0.03486319505736982,0.11827007943512798,0.04810238305383936,0.06928508384819064,0.03177405119152692,0.025154457193292144,0.028684907325684024,0.10194174757281553,0.06751985878199471,0.07855251544571933,0.017210944395410415,0.016328331862312445
0.1324561403508772,0.06315789473684211,0.01929824561403509,0.14868421052631578,0.03464912280701754,0.11885964912280701,0.04649122807017544,0.0662280701754386,0.031578947368421054,0.02543859649122807,0.028070175438596492,0.10482456140350878,0.06798245614035088,0.07719298245614035,0.019736842105263157,0.015350877192982455
0.12797881729920565,0.06443071491615181,0.020741394527802295,0.146954986760812,0.03398058252427184,0.11827007943512798,0.04589585172109444,0.06531332744924978,0.032215357458075904,0.026037069726390114,0.029567519858781994,0.1059135039717564,0.06707855251544571,0.08120035304501325,0.02030008826125331,0.01412180052956752
0.12764084507042253,0.0625,0.02112676056338028,0.14568661971830985,0.037411971830985914,0.11707746478873239,0.043133802816901406,0.06558098591549295,0.03345070422535211,0.027288732394366196,0.028169014084507043,0.10651408450704225,0.06954225352112677,0.08230633802816902,0.018926056338028168,0.013644366197183098
0.1273209549071618,0.058797524314765696,0.023430592396109638,0.14677276746242263,0.040229885057471264,0.1198054818744474,0.044650751547303275,0.07029177718832891,0.03536693191865606,0.026967285587975242,0.028293545534924844,0.10079575596816977,0.0649867374005305,0.07957559681697612,0.019451812555260833,0.013262599469496022
0.12960497114957834,0.05770084332001776,0.024855747891699954,0.14203284509542832,0.03683976919662672,0.12072791833111407,0.04571682201509099,0.06657789613848203,0.03151353750554816,0.02796271637816245,0.027518863737239236,0.10297381269418553,0.06790945406125166,0.08433200177541056,0.020417221482467822,0.013315579227696404
0.13421633554083887,0.05607064017660044,0.024282560706401765,0.15055187637969095,0.03532008830022075,0.11479028697571744,0.046799116997792496,0.06931567328918323,0.033554083885209716,0.026048565121412803,0.026931567328918323,0.10198675496688742,0.06578366445916115,0.07947019867549669,0.02207505518763797,0.012803532008830023
0.13327487943884261,0.05611573871109163,0.025865848312143797,0.14730381411661553,0.035072336694432264,0.11661551950898728,0.044278825076720735,0.07189829022358615,0.033318719859710653,0.025865848312143797,0.02761946514686541,0.10083296799649277,0.06444541867601929,0.0789127575624726,0.02367382726874178,0.014905743095133712
0.12669287898645698,0.0581039755351682,0.024027959807776323,0.14766273481869813,0.03582350371341197,0.11970292704237659,0.04412407164700743,0.07514198339886413,0.031891655744866756,0.02708606378331149,0.027522935779816515,0.09785932721712538,0.06684141546526867,0.07732634338138926,0.02621231979030144,0.013979903888160769
0.12795363352652697,0.05617476593847526,0.024520731163620153,0.14623272403031654,0.03522068658047258,0.11457868925546144,0.04235399019170753,0.07623718234507357,0.034329023629068214,0.02541239411502452,0.02719572001783326,0.09763709317877842,0.06865804725813643,0.0780205082478823,0.02808738296923763,0.017387427552385197
0.1312417145382236,0.05391073795846222,0.023862129916040652,0.1444984533804684,0.03535130357931949,0.11135660627485638,0.04242156429518339,0.0760053026955369,0.0344675209898365,0.024304021210782147,0.028722934158197082,0.09942554131683606,0.06716747680070703,0.07954043305346885,0.029164825452938577,0.01855943437914273
0.13135780628040689,0.05307386112339673,0.023883237505528527,0.1468376824413976,0.0362671384343211,0.11145510835913312,0.04290137107474569,0.0800530738611234,0.03494029190623618,0.02565236620964175,0.0291906236178682,0.0946483856700575,0.06722689075630252,0.07695709862892526,0.02786377708978328,0.017691287041132243
0.13164893617021275,0.05585106382978723,0.024379432624113476,0.14051418439716312,0.03634751773049645,0.11391843971631206,0.040780141843971635,0.0797872340425532,0.03368794326241135,0.025709219858156027,0.026595744680851064,0.09707446808510638,0.06870567375886524,0.07845744680851063,0.026152482269503546,0.020390070921985817
0.13155555555555556,0.057777777777777775,0.025333333333333333,0.14266666666666666,0.03822222222222222,0.11377777777777778,0.03911111111111111,0.08088888888888889,0.03288888888888889,0.026222222222222223,0.024888888888888887,0.09733333333333333,0.06488888888888888,0.0768888888888889,0.025333333333333333,0.022222222222222223
0.12874779541446207,0.059964726631393295,0.024691358024691357,0.14506172839506173,0.04056437389770723,0.11022927689594356,0.04144620811287478,0.08068783068783068,0.03350970017636684,0.02601410934744268,0.025573192239858905,0.09171075837742504,0.06657848324514991,0.07451499118165784,0.027336860670194002,0.023368606701940034
0.13247100802854594,0.059322033898305086,0.024531668153434435,0.1471900089206066,0.03969669937555754,0.10838537020517396,0.040588760035682424,0.07850133809099019,0.03479036574487065,0.028099910793933987,0.024977698483496878,0.08563782337198929,0.06690454950936664,0.07493309545049064,0.028545941123996433,0.025423728813559324
0.1262693156732892,0.060485651214128036,0.02384105960264901,0.14437086092715232,0.04194260485651214,0.10816777041942605,0.038852097130242826,0.07770419426048565,0.03708609271523179,0.02781456953642384,0.026048565121412803,0.08741721854304636,0.0706401766004415,0.07417218543046358,0.0282560706401766,0.026931567328918323
0.12439772229522558,0.05913272010512484,0.024529128339903637,0.14848883048620237,0.039859833552343404,0.1073149364870784,0.038545773105562856,0.07665352606219886,0.03810775295663601,0.02847130968024529,0.02759526938239159,0.08891809023215068,0.0700832238282961,0.07490144546649145,0.025405168637757335,0.02759526938239159
0.1286472148541114,0.05702917771883289,0.02475685234305924,0.14279398762157383,0.04155614500442087,0.10786914235190097,0.03801945181255526,0.07736516357206012,0.038903625110521665,0.027851458885941646,0.02961980548187445,0.08841732979664015,0.07029177718832891,0.07338638373121131,0.026083112290008842,0.027409372236958444
0.13127753303964756,0.05859030837004405,0.02555066079295154,0.14052863436123347,0.04008810572687225,0.10396475770925111,0.039207048458149776,0.07709251101321586,0.04140969162995595,0.030837004405286344,0.027753303964757708,0.08502202643171806,0.06784140969162995,0.07665198237885462,0.02643171806167401,0.027753303964757708
0.1315673289183223,0.05518763796909492,0.025607064017660046,0.14701986754966886,0.04061810154525387,0.10242825607064018,0.039293598233995586,0.07549668874172186,0.04150110375275938,0.0282560706401766,0.0282560706401766,0.08344370860927153,0.06666666666666667,0.07902869757174392,0.02781456953642384,0.02781456953642384
0.13176574977817213,0.05634427684117125,0.027506654835847383,0.145075421472937,0.0385980479148181,0.1033717834960071,0.03904170363797693,0.07941437444543034,0.04392191659272405,0.026619343389529725,0.027062999112688554,0.08296362023070097,0.06566104702750665,0.07808340727595386,0.025288376220053237,0.029281277728482696
0.13240574506283662,0.05385996409335727,0.027378815080789945,0.14721723518850988,0.04039497307001795,0.10008976660682226,0.037253141831238776,0.07450628366247755,0.043536804308797125,0.026929982046678635,0.0296229802513465,0.0848294434470377,0.06867145421903052,0.07405745062836624,0.02872531418312388,0.03052064631956912
0.13330400351957766,0.05367355917289925,0.026836779586449627,0.14650241970963485,0.039595248570171576,0.09986801583809943,0.03915530136383634,0.07391113066432028,0.04267487901451826,0.026396832380114386,0.029036515618125824,0.08666959964804223,0.0664320281566212,0.07655081390233172,0.029916410030796304,0.029476462824461064
0.1337748344370861,0.05474613686534217,0.024282560706401765,0.14657836644591613,0.04282560706401766,0.10022075055187638,0.037969094922737305,0.07240618101545254,0.04326710816777042,0.02781456953642384,0.030463576158940398,0.08432671081677705,0.06534216335540839,0.07505518763796909,0.029580573951434878,0.031346578366445915
0.1380080393032604,0.0562751228226887,0.026351049575703438,0.1433675748101831,0.04198302813756141,0.10272443054935239,0.03707012058954891,0.06788744975435462,0.04242965609647164,0.02813756141134435,0.02992407324698526,0.08083966056275123,0.06654756587762393,0.07860652076820009,0.028584189370254576,0.03126395712371594
0.13861824623560673,0.05580159433126661,0.025243578387953942,0.1483613817537644,0.04030115146147033,0.10230292294065545,0.0354295837023915,0.07218777679362268,0.04295837023914969,0.027015057573073518,0.03100088573959256,0.08060230292294066,0.06510186005314438,0.0775022143489814,0.02612931798051373,0.031443755535872454
0.13421633554083887,0.05827814569536424,0.026931567328918323,0.15055187637969095,0.04105960264900662,0.10419426048565121,0.03443708609271523,0.0684326710816777,0.04105960264900662,0.02913907284768212,0.030463576158940398,0.08035320088300221,0.06534216335540839,0.07549668874172186,0.026490066225165563,0.033554083885209716
0.1381898454746137,0.059161147902869755,0.026931567328918323,0.15143487858719648,0.0423841059602649,0.10463576158940398,0.031346578366445915,0.06710816777041943,0.03708609271523179,0.02869757174392936,0.030463576158940398,0.07991169977924945,0.06445916114790287,0.07770419426048565,0.027373068432671083,0.033112582781456956
0.142226148409894,0.05742049469964664,0.028268551236749116,0.15415194346289754,0.04063604240282685,0.10070671378091872,0.03312720848056537,0.06713780918727916,0.03975265017667844,0.029151943462897525,0.027385159010600707,0.08215547703180212,0.061837455830388695,0.07597173144876325,0.028268551236749116,0.03180212014134275
0.13901147396293026,0.05825242718446602,0.02736098852603707,0.1562224183583407,0.0441306266548985,0.09620476610767872,0.03398058252427184,0.06884377758164166,0.038834951456310676,0.03089143865842895,0.027802294792586054,0.08120035304501325,0.06222418358340689,0.07678729037952339,0.027802294792586054,0.030450132391879964
0.13986013986013987,0.05506993006993007,0.02972027972027972,0.1577797202797203,0.04283216783216783,0.09527972027972027,0.03277972027972028,0.06861888111888112,0.037587412587412584,0.031031468531468532,0.03146853146853147,0.08304195804195805,0.06337412587412587,0.07561188811188811,0.026223776223776224,0.02972027972027972
0.1447721179624665,0.05674709562109026,0.031724754244861486,0.1554959785522788,0.04244861483467382,0.08891867739052725,0.031724754244861486,0.0679177837354781,0.03753351206434316,0.031724754244861486,0.0290437890974084,0.0835567470956211,0.06478999106344951,0.07596067917783736,0.028150134048257374,0.029490616621983913
0.14991103202846975,0.05782918149466192,0.030249110320284697,0.16147686832740213,0.041370106761565835,0.09074733096085409,0.03158362989323844,0.06405693950177936,0.03870106761565836,0.02802491103202847,0.029804270462633453,0.08185053380782918,0.059608540925266906,0.07517793594306049,0.027135231316725978,0.032473309608540925
0.15123456790123457,0.05864197530864197,0.029541446208112873,0.15828924162257496,0.04144620811287478,0.09082892416225749,0.03130511463844797,0.06481481481481481,0.03880070546737213,0.029982363315696647,0.0291005291005291,0.08597883597883597,0.06040564373897707,0.07142857142857142,0.026455026455026454,0.031746031746031744
0.15041905602117336,0.05381561535068372,0.030877812086457873,0.1588001764446405,0.0423467137185708,0.09086898985443317,0.031318923687692984,0.0674900749889722,0.036612262902514334,0.029554477282752536,0.031760035288928096,0.08645787384208205,0.06043228936921041,0.07190119100132333,0.024702249669166298,0.032642258491398325
0.14925373134328357,0.053994732221246705,0.029411764705882353,0.15408252853380158,0.04433713784021071,0.09086918349429324,0.0324846356453029,0.06892010535557506,0.03731343283582089,0.03160667251975417,0.033362598770851626,0.08428446005267778,0.06277436347673397,0.0684811237928007,0.024582967515364356,0.03424056189640035
0.15015411712901805,0.05019815059445178,0.028181417877586965,0.15587846763540292,0.04711580801409071,0.08894760017613386,0.03478643769264641,0.071334214002642,0.036988110964332896,0.03258476442095993,0.03522677234698371,0.08234258036107442,0.06164685160722149,0.06649053280493175,0.024218405988551298,0.033905768383971815
0.1457507705856451,0.047556142668428,0.026420079260237782,0.1554381329810656,0.047556142668428,0.09423161602818142,0.03478643769264641,0.0717745486569793,0.03830911492734478,0.033905768383971815,0.034346103038309116,0.0841039189784236,0.06252752091589608,0.06737120211360634,0.025979744605900485,0.029942756494936152
0.14367816091954022,0.04907161803713528,0.02564102564102564,0.15517241379310345,0.048187444739168875,0.09681697612732096,0.032714412024756855,0.07073386383731212,0.03757736516357206,0.03801945181255526,0.03227232537577365,0.08532272325375774,0.0623342175066313,0.06763925729442971,0.02564102564102564,0.029177718832891247
0.1512866015971606,0.04835847382431233,0.027506654835847383,0.15350488021295475,0.04835847382431233,0.09760425909494233,0.0354924578527063,0.0709849157054126,0.03771073646850044,0.03637976929902396,0.027950310559006212,0.08118899733806566,0.059006211180124224,0.06876663708961846,0.026619343389529725,0.029281277728482696
0.148636763412489,0.048372911169744945,0.027264731750219876,0.15127528583992964,0.04793315743183817,0.09410729991204925,0.03562005277044855,0.07080035180299032,0.03781882145998241,0.036939313984168866,0.026385224274406333,0.08047493403693931,0.06640281442392261,0.0681618293755497,0.02990325417766051,0.02990325417766051
0.14872021182700795,0.04766107678729038,0.027802294792586054,0.15136804942630186,0.04766107678729038,0.09355692850838482,0.03398058252427184,0.06840247131509268,0.03927625772285966,0.0410414827890556,0.026919682259488084,0.07811120917917035,0.06531332744924978,0.06928508384819064,0.030450132391879964,0.030450132391879964
0.14732142857142858,0.044642857142857144,0.026339285714285714,0.15089285714285713,0.05223214285714286,0.09285714285714286,0.03571428571428571,0.07053571428571428,0.039732142857142855,0.039732142857142855,0.026339285714285714,0.07767857142857143,0.06651785714285714,0.06696428571428571,0.029910714285714287,0.032589285714285716
0.14854111405835543,0.04332449160035367,0.027851458885941646,0.14500442086648982,0.05172413793103448,0.09372236958443855,0.03536693191865606,0.07471264367816093,0.040229885057471264,0.04332449160035367,0.02431476569407604,0.07648099027409372,0.06542882404951371,0.07029177718832891,0.02961980548187445,0.030061892130857647
0.15048543689320387,0.04589585172109444,0.02824360105913504,0.14783759929390997,0.05383936451897617,0.09355692850838482,0.03486319505736982,0.07105030891438659,0.03795233892321271,0.04148278905560459,0.025154457193292144,0.07590467784642542,0.06663724624889673,0.06707855251544571,0.030450132391879964,0.029567519858781994
0.15336879432624115,0.04343971631205674,0.027925531914893616,0.14317375886524822,0.054078014184397165,0.09485815602836879,0.03634751773049645,0.06959219858156028,0.038120567375886524,0.037677304964539006,0.025709219858156027,0.0775709219858156,0.0678191489361702,0.07047872340425532,0.03235815602836879,0.0274822695035461
0.1556043956043956,0.047032967032967034,0.02989010989010989,0.14461538461538462,0.05010989010989011,0.0945054945054945,0.037802197802197804,0.06637362637362637,0.03824175824175824,0.03956043956043956,0.025054945054945054,0.07604395604395604,0.06725274725274726,0.06813186813186813,0.032527472527472526,0.027252747252747254
0.15663716814159293,0.04380530973451328,0.02920353982300885,0.14734513274336283,0.050442477876106194,0.09734513274336283,0.04026548672566372,0.06725663716814159,0.03716814159292035,0.03849557522123894,0.023451327433628318,0.07345132743362832,0.06814159292035399,0.07123893805309735,0.030973451327433628,0.024778761061946902
0.15724381625441697,0.04284452296819788,0.02959363957597173,0.1439929328621908,0.04991166077738516,0.09231448763250884,0.04019434628975265,0.06934628975265017,0.03842756183745583,0.04107773851590106,0.026060070671378093,0.07641342756183746,0.071113074204947,0.06802120141342756,0.029151943462897525,0.02429328621908127
0.1569742020113686,0.041101880192391776,0.028858766943594228,0.14866637516397027,0.048097944905990384,0.09007433318758198,0.04022737210319195,0.06821163095758635,0.03541757761259292,0.04197638828159161,0.026672496720594664,0.07739396589418453,0.0695233930913861,0.069960647135986,0.031045037166593792,0.02579798863139484
0.15733803437637725,0.04363155575143235,0.028206258263552227,0.14587924195680918,0.0502423975319524,0.08638166593212869,0.03922432789775231,0.06831203173204055,0.0374614367562803,0.03878360511238431,0.027765535478184222,0.07668576465403261,0.07360070515645659,0.07227853680035258,0.02996914940502424,0.024239753195240195
0.1576596694953104,0.04644930772666369,0.027690933452434122,0.14024117909781153,0.045556051808843236,0.08977221974095578,0.03930326038410004,0.07414024117909782,0.037516748548459135,0.03841000446627959,0.02590442161679321,0.07414024117909782,0.07592675301473872,0.07414024117909782,0.030370701205895488,0.022778025904421618
0.16137566137566137,0.043209876543209874,0.027777777777777776,0.1419753086419753,0.04497354497354497,0.08774250440917107,0.039241622574955906,0.07275132275132275,0.03571428571428571,0.03791887125220458,0.023809523809523808,0.07627865961199294,0.07892416225749559,0.07275132275132275,0.03306878306878307,0.022486772486772486
0.1568281938325991,0.040969162995594714,0.02907488986784141,0.14405286343612334,0.04537444933920705,0.08149779735682819,0.038766519823788544,0.07180616740088105,0.035682819383259914,0.035682819383259914,0.026872246696035242,0.08061674008810572,0.08237885462555065,0.07268722466960352,0.03303964757709251,0.024669603524229075
0.1508849557522124,0.04336283185840708,0.03008849557522124,0.14380530973451328,0.04247787610619469,0.08451327433628318,0.04336283185840708,0.06991150442477877,0.034955752212389384,0.036283185840707964,0.02654867256637168,0.08230088495575222,0.08141592920353982,0.07168141592920355,0.033185840707964605,0.025221238938053097
0.15637319316688567,0.04161191414805081,0.031099430573806396,0.1410424879544459,0.04204993429697766,0.08541392904073587,0.040735873850197106,0.07052124397722295,0.032413491020586944,0.03679369250985545,0.024091108190976786,0.08453788874288218,0.08628996933858958,0.0700832238282961,0.0328515111695138,0.024091108190976786
0.16046099290780141,0.0398936170212766,0.028812056737588652,0.14140070921985815,0.04343971631205674,0.08643617021276596,0.040780141843971635,0.06826241134751773,0.03546099290780142,0.03723404255319149,0.024822695035460994,0.08244680851063829,0.08421985815602837,0.06959219858156028,0.03102836879432624,0.025709219858156027
0.16380449141347425,0.03786878027300748,0.028621752531924262,0.142668428005284,0.03963011889035667,0.08762659621312198,0.03963011889035667,0.06693086745926904,0.03258476442095993,0.033905768383971815,0.02553940995156319,0.08366358432408631,0.08498458828709819,0.0722148833113166,0.03302509907529723,0.027300748568912372
0.16585581601061478,0.03715170278637771,0.02786377708978328,0.14197257850508624,0.04024767801857585,0.08270676691729323,0.040689960194604156,0.06457319770013269,0.03361344537815126,0.038920831490490936,0.02344095532950022,0.08403361344537816,0.08491817779743477,0.06988058381247236,0.03228659885006634,0.03184431667403804
0.16769911504424778,0.03849557522123894,0.02831858407079646,0.1407079646017699,0.04070796460176991,0.0827433628318584,0.0420353982300885,0.06017699115044248,0.031415929203539826,0.03893805309734513,0.023008849557522124,0.0831858407079646,0.08893805309734513,0.06725663716814159,0.033628318584070796,0.03274336283185841
0.16490299823633156,0.03835978835978836,0.0291005291005291,0.13624338624338625,0.042328042328042326,0.08862433862433862,0.04497354497354497,0.06084656084656084,0.03350970017636684,0.03835978835978836,0.021604938271604937,0.08245149911816578,0.08421516754850088,0.07098765432098765,0.03218694885361552,0.03130511463844797
0.1609347442680776,0.03880070546737213,0.029982363315696647,0.13315696649029982,0.042328042328042326,0.09082892416225749,0.04585537918871252,0.06393298059964726,0.03218694885361552,0.037037037037037035,0.01984126984126984,0.0837742504409171,0.09082892416225749,0.06657848324514991,0.031746031746031744,0.03218694885361552
0.15854738706820196,0.04118689105403012,0.03100088573959256,0.13153232949512844,0.04118689105403012,0.0912311780336581,0.046944198405668734,0.06465899025686449,0.030115146147032774,0.038529672276350756,0.021700620017714792,0.08237378210806023,0.08813108945969884,0.06687333923826395,0.032329495128432244,0.03365810451727192
0.1630674305861613,0.04186866460996033,0.028206258263552227,0.13486117232260908,0.04275011018069634,0.0885852798589687,0.045394446892904367,0.0639048038783605,0.030850594975760245,0.03437637725870427,0.021595416483032173,0.08373732921992066,0.0877038342882327,0.06787130894667254,0.030850594975760245,0.03437637725870427
0.16334661354581673,0.03939796370075255,0.027888446215139442,0.13899955732625055,0.043382027445772464,0.0903054448871182,0.04780876494023904,0.06020362992474546,0.03187250996015936,0.034528552456839307,0.02080566622399292,0.08233731739707835,0.08853474988933156,0.0681717574147853,0.02877379371403276,0.033643204957945996
0.16608084358523725,0.03866432337434095,0.027240773286467488,0.13576449912126537,0.04305799648506151,0.08787346221441125,0.04789103690685413,0.06063268892794376,0.033391915641476276,0.03251318101933216,0.022847100175746926,0.07908611599297012,0.09358523725834798,0.06985940246045694,0.02899824253075571,0.03251318101933216
0.16094516272848863,0.03700401248328132,0.028979045920642,0.1359786000891663,0.04279982166740972,0.08693713776192599,0.04993312527864467,0.06107891217119929,0.03611234953187695,0.03120820329915292,0.024074899687917966,0.07980383415069103,0.09451627284886313,0.07044137316094516,0.028533214444939812,0.03165403477485511
0.1644678979771328,0.036499560246262094,0.030782761653474055,0.1279683377308707,0.04353562005277045,0.0822339489885664,0.048812664907651716,0.05716798592788039,0.03386103781882146,0.032541776605101144,0.025505716798592787,0.08311345646437995,0.0998240985048373,0.07167985927880387,0.027704485488126648,0.03430079155672823
0.16124780316344464,0.03690685413005272,0.029437609841827767,0.13181019332161686,0.043936731107205626,0.08304042179261863,0.048769771528998244,0.05799648506151142,0.03427065026362039,0.03427065026362039,0.026362038664323375,0.08172231985940245,0.10061511423550087,0.06854130052724078,0.025483304042179262,0.035588752196836555
0.16170026292725678,0.03593339176161262,0.02673093777388256,0.13277826468010517,0.04425942156003506,0.08413672217353199,0.04645048203330412,0.05828220858895705,0.03374233128834356,0.03549517966695881,0.02716914986853637,0.08063102541630149,0.1016652059596845,0.06967572304995617,0.024539877300613498,0.03680981595092025
