C_R,C_A,C_S,C_N,D_R,D_A,D_S,D_N,Oc_R,Oc_A,Oc_S,Oc_N,Od_R,Od_A,Od_S,Od_N
0.0,0.0,0.0,0.0,0.0,0.0,0.0,0.0,0.0,0.0,0.0,0.0,0.0,1.0,0.0,0.0
0.0,0.0,0.2,0.0,0.0,0.0,0.0,0.0,0.0,0.0,0.0,0.0,0.0,0.8,0.0,0.0
0.0,0.0,0.2857142857142857,0.0,0.0,0.0,0.0,0.0,0.0,0.0,0.0,0.0,0.0,0.7142857142857143,0.0,0.0
0.0,0.0,0.16666666666666666,0.08333333333333333,0.0,0.0,0.0,0.0,0.0,0.0,0.0,0.0,0.0,0.75,0.0,0.0
0.0,0.0,0.125,0.0625,0.0,0.0,0.0,0.0,0.0,0.0,0.0,0.0,0.0,0.75,0.0,0.0625
0.0,0.0,0.10526315789473684,0.10526315789473684,0.0,0.0,0.0,0.0,0.0,0.0,0.0,0.0,0.0,0.631578947368421,0.05263157894736842,0.10526315789473684
0.0,0.0,0.16666666666666666,0.125,0.0,0.0,0.041666666666666664,0.0,0.0,0.0,0.0,0.0,0.0,0.5,0.041666666666666664,0.125
0.0,0.030303030303030304,0.15151515151515152,0.12121212121212122,0.0,0.0,0.0,0.030303030303030304,0.0,0.0,0.0,0.0,0.0,0.45454545454545453,0.030303030303030304,0.18181818181818182
0.0,0.022727272727272728,0.11363636363636363,0.18181818181818182,0.0,0.0,0.0,0.0,0.022727272727272728,0.0,0.0,0.0,0.0,0.4772727272727273,0.022727272727272728,0.1590909090909091
0.0,0.03508771929824561,0.10526315789473684,0.19298245614035087,0.0,0.0,0.0,0.0,0.017543859649122806,0.0,0.0,0.0,0.0,0.42105263157894735,0.017543859649122806,0.21052631578947367
0.012987012987012988,0.025974025974025976,0.09090909090909091,0.24675324675324675,0.025974025974025976,0.0,0.0,0.0,0.025974025974025976,0.0,0.0,0.0,0.0,0.36363636363636365,0.012987012987012988,0.19480519480519481
0.01904761904761905,0.02857142857142857,0.05714285714285714,0.2571428571428571,0.02857142857142857,0.0,0.0,0.0,0.047619047619047616,0.0,0.01904761904761905,0.0,0.0,0.34285714285714286,0.01904761904761905,0.18095238095238095
0.020689655172413793,0.020689655172413793,0.07586206896551724,0.23448275862068965,0.020689655172413793,0.0,0.013793103448275862,0.0,0.06896551724137931,0.0,0.020689655172413793,0.013793103448275862,0.0,0.296551724137931,0.020689655172413793,0.19310344827586207
0.026595744680851064,0.02127659574468085,0.07446808510638298,0.2553191489361702,0.026595744680851064,0.0,0.02127659574468085,0.0,0.06914893617021277,0.0,0.015957446808510637,0.015957446808510637,0.010638297872340425,0.26063829787234044,0.026595744680851064,0.17553191489361702
0.02575107296137339,0.017167381974248927,0.06866952789699571,0.27467811158798283,0.034334763948497854,0.0,0.017167381974248927,0.008583690987124463,0.060085836909871244,0.0,0.017167381974248927,0.017167381974248927,0.017167381974248927,0.22746781115879827,0.03862660944206009,0.1759656652360515
0.025547445255474453,0.014598540145985401,0.06934306569343066,0.2846715328467153,0.0364963503649635,0.0,0.010948905109489052,0.010948905109489052,0.06934306569343066,0.0,0.014598540145985401,0.010948905109489052,0.025547445255474453,0.20802919708029197,0.0364963503649635,0.18248175182481752
0.024096385542168676,0.015060240963855422,0.07228915662650602,0.25301204819277107,0.04216867469879518,0.0,0.012048192771084338,0.009036144578313253,0.08132530120481928,0.0,0.015060240963855422,0.012048192771084338,0.024096385542168676,0.21385542168674698,0.02710843373493976,0.19879518072289157
0.022556390977443608,0.020050125313283207,0.07268170426065163,0.24310776942355888,0.042606516290726815,0.0,0.010025062656641603,0.007518796992481203,0.08521303258145363,0.0,0.012531328320802004,0.015037593984962405,0.03759398496240601,0.19799498746867167,0.040100250626566414,0.19298245614035087
0.024896265560165973,0.01867219917012448,0.07676348547717843,0.24066390041493776,0.05394190871369295,0.0,0.012448132780082987,0.008298755186721992,0.08921161825726141,0.0,0.012448132780082987,0.01867219917012448,0.04149377593360996,0.17842323651452283,0.04149377593360996,0.1825726141078838
0.029159519725557463,0.02058319039451115,0.0634648370497427,0.241852487135506,0.060034305317324184,0.0,0.008576329331046312,0.008576329331046312,0.08747855917667238,0.00686106346483705,0.0137221269296741,0.02058319039451115,0.051457975986277875,0.16295025728987994,0.044596912521440824,0.18010291595197256
0.02976190476190476,0.013392857142857142,0.07291666666666667,0.23065476190476192,0.06101190476190476,0.0,0.00744047619047619,0.013392857142857142,0.08482142857142858,0.008928571428571428,0.01636904761904762,0.022321428571428572,0.06994047619047619,0.15029761904761904,0.043154761904761904,0.17559523809523808
0.029601029601029602,0.01287001287001287,0.0694980694980695,0.22522522522522523,0.059202059202059204,0.0,0.006435006435006435,0.01287001287001287,0.08622908622908623,0.010296010296010296,0.015444015444015444,0.029601029601029602,0.07464607464607464,0.14543114543114544,0.047619047619047616,0.17503217503217502
0.02944507361268403,0.01245753114382786,0.07814269535673839,0.232163080407701,0.0622876557191393,0.0,0.0056625141562853904,0.01812004530011325,0.08720271800679502,0.010192525481313703,0.01698754246885617,0.031710079275198186,0.072480181200453,0.1291053227633069,0.04983012457531144,0.16421291053227632
0.029615004935834157,0.01085883514313919,0.07502467917077986,0.22606120434353405,0.06515301085883514,0.0,0.004935834155972359,0.019743336623889437,0.08884501480750247,0.009871668311944718,0.017769002961500493,0.0315893385982231,0.07502467917077986,0.12734452122408688,0.04738400789733465,0.17077986179664364
0.030276046304541407,0.013357079252003561,0.07569011576135352,0.22172751558325912,0.06322350845948353,0.0,0.005342831700801425,0.02404274265360641,0.0917186108637578,0.01068566340160285,0.0213713268032057,0.029385574354407838,0.07747105966162066,0.1246660730186999,0.04452359750667854,0.16651825467497774
0.03132530120481928,0.012048192771084338,0.07309236947791165,0.21204819277108433,0.06907630522088354,0.0008032128514056225,0.008032128514056224,0.02971887550200803,0.09317269076305221,0.013654618473895583,0.02650602409638554,0.02971887550200803,0.0714859437751004,0.12289156626506025,0.04096385542168675,0.16546184738955824
0.03099630996309963,0.014760147601476014,0.07380073800738007,0.21254612546125462,0.06789667896678966,0.0007380073800738007,0.010332103321033211,0.03099630996309963,0.08782287822878229,0.016236162361623615,0.03173431734317343,0.02952029520295203,0.07011070110701106,0.11881918819188192,0.04649446494464945,0.15719557195571957
0.03257103257103257,0.01386001386001386,0.07484407484407485,0.21413721413721415,0.06514206514206514,0.000693000693000693,0.012474012474012475,0.033264033264033266,0.09216909216909216,0.016632016632016633,0.033264033264033266,0.02564102564102564,0.06999306999306999,0.11573111573111573,0.04781704781704782,0.15176715176715178
0.03359173126614987,0.015503875968992248,0.06782945736434108,0.21382428940568476,0.06976744186046512,0.0012919896640826874,0.011627906976744186,0.040051679586563305,0.08979328165374677,0.01808785529715762,0.03488372093023256,0.02648578811369509,0.07170542635658915,0.1111111111111111,0.044573643410852716,0.14987080103359174
0.029607250755287008,0.017522658610271902,0.0688821752265861,0.21148036253776434,0.0755287009063444,0.002416918429003021,0.013293051359516616,0.04229607250755287,0.09365558912386707,0.01812688821752266,0.038066465256797584,0.02416918429003021,0.0743202416918429,0.10694864048338369,0.0404833836858006,0.143202416918429
0.02891156462585034,0.018140589569160998,0.06689342403628118,0.213718820861678,0.07879818594104308,0.002834467120181406,0.012471655328798186,0.04251700680272109,0.09807256235827665,0.017573696145124718,0.0391156462585034,0.022108843537414966,0.07086167800453515,0.1082766439909297,0.04308390022675737,0.13662131519274376
0.032955159373311727,0.01620745542949757,0.0675310642895732,0.20205294435440302,0.07833603457590492,0.002701242571582928,0.011345218800648298,0.04213938411669368,0.09562398703403566,0.019989195029713667,0.04321988114532685,0.02215018908698001,0.06969205834683954,0.1085899513776337,0.044840626688276604,0.1426256077795786
0.035677352637021716,0.017580144777662874,0.0703205791106515,0.20165460186142709,0.0749741468459152,0.0025853154084798345,0.012926577042399173,0.04033092037228542,0.09669079627714582,0.019131334022750777,0.04653567735263702,0.022750775594622543,0.06670113753877974,0.10392967942088935,0.045501551189245086,0.14270941054808686
0.037,0.016,0.0725,0.202,0.0755,0.0025,0.012,0.0395,0.0975,0.02,0.047,0.0215,0.067,0.105,0.0445,0.1405
0.040611562350692784,0.015289058767319636,0.06880076445293837,0.21165790731008122,0.0778786430960344,0.0023889154323936935,0.01385570950788342,0.03870043000477783,0.0926899187768753,0.019111323459149548,0.046822742474916385,0.020544672718585764,0.07118967988533206,0.10559006211180125,0.04108934543717153,0.13377926421404682
0.043703007518796994,0.01550751879699248,0.07095864661654136,0.20394736842105263,0.0794172932330827,0.0018796992481203006,0.014097744360902255,0.03853383458646616,0.09304511278195489,0.01926691729323308,0.046052631578947366,0.020676691729323307,0.07424812030075188,0.10432330827067669,0.044172932330827065,0.13016917293233082
0.045706371191135735,0.01662049861495845,0.06971375807940905,0.20452446906740535,0.07940904893813482,0.0023084025854108957,0.015235457063711912,0.03508771929824561,0.09418282548476455,0.019852262234533704,0.04709141274238227,0.02169898430286242,0.07340720221606649,0.10341643582640812,0.0443213296398892,0.12742382271468145
0.04666056724611162,0.016925892040256175,0.06587374199451052,0.20951509606587373,0.0736505032021958,0.0018298261665141812,0.016925892040256175,0.036596523330283626,0.08600182982616651,0.02241537053979872,0.04666056724611162,0.022872827081427266,0.07456541628545288,0.10384263494967978,0.04666056724611162,0.12900274473924978
0.049553571428571426,0.017410714285714286,0.065625,0.2017857142857143,0.07678571428571429,0.002232142857142857,0.016517857142857143,0.03660714285714286,0.08526785714285715,0.021875,0.048214285714285716,0.023660714285714285,0.07678571428571429,0.10401785714285715,0.04776785714285714,0.12589285714285714
0.05338078291814947,0.016459074733096084,0.06494661921708185,0.2041814946619217,0.07473309608540925,0.0035587188612099642,0.015569395017793594,0.03692170818505338,0.08674377224199288,0.02491103202846975,0.04848754448398576,0.025800711743772242,0.07784697508896797,0.10008896797153025,0.04314946619217082,0.12322064056939502
0.050110864745011086,0.01862527716186253,0.06341463414634146,0.1982261640798226,0.07450110864745012,0.003991130820399113,0.014634146341463415,0.03725055432372506,0.08824833702882483,0.02350332594235033,0.04789356984478936,0.027494456762749447,0.07937915742793791,0.1033259423503326,0.04611973392461197,0.12328159645232815
0.054030115146147036,0.01948627103631532,0.06598759964570416,0.20017714791851196,0.07395925597874226,0.00487156775907883,0.014614703277236492,0.04030115146147033,0.0841452612931798,0.02612931798051373,0.0491585473870682,0.025243578387953942,0.07617360496014172,0.10274579273693533,0.046944198405668734,0.11603188662533215
0.052120141342756186,0.019434628975265017,0.06846289752650177,0.1978798586572438,0.0706713780918728,0.004858657243816254,0.015459363957597174,0.03975265017667844,0.08348056537102473,0.026501766784452298,0.04814487632508834,0.02782685512367491,0.07641342756183746,0.10203180212014135,0.04770318021201413,0.11925795053003534
0.05316792202038104,0.01860877270713336,0.06557377049180328,0.20248116969428445,0.07044749667700487,0.006202924235711121,0.013735046521931768,0.03766061143110323,0.08418254319893664,0.024368630926007974,0.046964997784669914,0.027470093043863535,0.08108108108108109,0.10057598582188747,0.046964997784669914,0.12051395657953035
0.05176260597947345,0.018295403837572513,0.06381079875055778,0.2003569834895136,0.06693440428380187,0.008032128514056224,0.01606425702811245,0.038375725122713075,0.0825524319500223,0.024542614904060688,0.049085229808121376,0.028112449799196786,0.08746095493083444,0.09772423025435073,0.051316376617581434,0.11557340473003123
0.0549645390070922,0.01950354609929078,0.0625,0.20035460992907803,0.06560283687943262,0.009308510638297872,0.016843971631205674,0.038120567375886524,0.08554964539007093,0.025709219858156027,0.04875886524822695,0.0274822695035461,0.08554964539007093,0.09796099290780141,0.04964539007092199,0.11214539007092199
0.055233853006681516,0.019599109131403118,0.06414253897550111,0.1977728285077951,0.06414253897550111,0.011581291759465479,0.01826280623608018,0.0400890868596882,0.08641425389755011,0.024944320712694878,0.04899777282850779,0.025835189309576838,0.08953229398663697,0.09755011135857461,0.047661469933184854,0.10824053452115813
0.05358724534986714,0.019929140832595216,0.06200177147918512,0.1904340124003543,0.06465899025686449,0.013286093888396812,0.018600531443755536,0.03808680248007086,0.08813108945969884,0.024800708591674048,0.05225863596102746,0.027015057573073518,0.0912311780336581,0.09477413640389726,0.049601417183348095,0.11160318866253321
0.054439982150825524,0.0178491744756805,0.05934850513163766,0.19455600178491744,0.06648817492190987,0.013833110218652387,0.020080321285140562,0.038821954484605084,0.08835341365461848,0.024542614904060688,0.053993752788933515,0.02677376171352075,0.09058456046407853,0.09460062472110665,0.04730031236055333,0.10843373493975904
0.05326231691078562,0.019529516200621395,0.06258322237017311,0.19440745672436752,0.06435863293386596,0.013759431868619618,0.019973368841544607,0.037283621837549935,0.08344429649356414,0.027518863737239236,0.05326231691078562,0.02929427430093209,0.09143364403018198,0.09098979138925876,0.047936085219707054,0.11096316023080337
0.05339805825242718,0.02118270079435128,0.061341571050308914,0.19461606354810237,0.06443071491615181,0.014563106796116505,0.02030008826125331,0.03795233892321271,0.08605472197705208,0.025154457193292144,0.05207413945278023,0.030450132391879964,0.09135039717563989,0.08958517210944396,0.04810238305383936,0.10944395410414828
0.05383936451897617,0.021624007060900265,0.06001765225066196,0.19240953221535745,0.06354810238305383,0.01676963812886143,0.020741394527802295,0.038393645189761696,0.08384819064430715,0.026037069726390114,0.050750220653133275,0.032215357458075904,0.09179170344218888,0.09223300970873786,0.04942630185348632,0.10635481023830538
0.053485313459009205,0.021481806225339763,0.05918456817185445,0.1968434896975011,0.06181499342393687,0.016220955721174924,0.020166593599298552,0.03770276194651469,0.08066637439719421,0.025865848312143797,0.050416483998246386,0.032003507233669445,0.0916264796142043,0.0920648838228847,0.04866286716352477,0.11179307321350285
0.0534452296819788,0.02120141342756184,0.06139575971731449,0.19169611307420495,0.0636042402826855,0.01678445229681979,0.01987632508833922,0.037102473498233215,0.08568904593639576,0.026943462897526502,0.05123674911660778,0.03136042402826855,0.09231448763250884,0.09010600706713781,0.046819787985865724,0.11042402826855123
0.054066130473637175,0.02323503127792672,0.06300268096514745,0.19213583556747096,0.06166219839142091,0.020107238605898123,0.01831992850759607,0.035746201966041107,0.08489722966934764,0.02770330652368186,0.049151027703306524,0.0290437890974084,0.0938337801608579,0.08757819481680071,0.04781054512957998,0.11170688114387846
0.05173951828724353,0.02408563782337199,0.060660124888492414,0.1926851025869759,0.06155218554861731,0.02096342551293488,0.02007136485280999,0.03746654772524532,0.08296164139161463,0.02631578947368421,0.04861730597680642,0.027207850133809098,0.09812667261373774,0.08608385370205174,0.0463871543264942,0.11507582515611062
0.05459387483355526,0.023968042609853527,0.05947625388371061,0.19618286728806036,0.05903240124278739,0.022192632046160676,0.019529516200621395,0.039502885042166,0.0821127385707945,0.02663115845539281,0.045272969374167776,0.030181979582778518,0.09986684420772303,0.08166888592987129,0.04571682201509099,0.11407012871726586
0.054481546572934976,0.024165202108963092,0.05799648506151142,0.19947275922671354,0.05711775043936731,0.021968365553602813,0.017135325131810195,0.03910369068541301,0.08216168717047452,0.028558875219683654,0.04525483304042179,0.03031634446397188,0.10105448154657294,0.0843585237258348,0.04481546572934974,0.11203866432337434
0.05151915455746367,0.02509907529722589,0.05900484368119771,0.20079260237780713,0.05812417437252312,0.020695728753852928,0.016292382210479964,0.0361074416556583,0.07970057243505063,0.02774108322324967,0.047556142668428,0.030823425803610745,0.10347864376926465,0.08542492294143549,0.04447380008806693,0.11316600616468515
0.05286539315859618,0.02310084406930253,0.06086183918258552,0.20302087960906265,0.05908485117725455,0.02132385606397157,0.020435362061306087,0.03820524211461573,0.07641048422923145,0.027099067081297203,0.047534429142603286,0.030208796090626388,0.09995557529986672,0.08307418924922257,0.041314971123944916,0.11550422034651266
0.054649625385632436,0.0246804759806082,0.060379021595416485,0.20361392684001764,0.05773468488320846,0.02247686205376818,0.01895107977082415,0.04098721903922433,0.0753635962979286,0.0251211987659762,0.04847950639048039,0.02908770383428823,0.1000440722785368,0.08417805200528868,0.041427941824592335,0.1128250330542089
0.05384957721406319,0.021806853582554516,0.06364040943480195,0.20382732532265244,0.056074766355140186,0.022696929238985315,0.01824655095683133,0.03871829105473965,0.07298620382732532,0.0262572318647085,0.04806408544726302,0.029817534490431688,0.10191366266132622,0.08455718736092568,0.04316866933689364,0.11437472185135737
0.05389755011135858,0.022271714922048998,0.060579064587973276,0.2071269487750557,0.058351893095768374,0.023162583518930958,0.021380846325167038,0.03697104677060133,0.07216035634743875,0.027616926503340758,0.04899777282850779,0.028507795100222718,0.10512249443207126,0.08552338530066815,0.04365256124721604,0.10467706013363029
0.05487269534679543,0.0228270412642669,0.0649692712906058,0.20280948200175591,0.05662862159789289,0.022388059701492536,0.022388059701492536,0.03467954345917471,0.07506584723441616,0.02897278314310799,0.048287971905179985,0.029850746268656716,0.10491659350307288,0.08340649692712906,0.04302019315188762,0.10491659350307288
0.05358724534986714,0.023472099202834367,0.06288751107174491,0.204162976085031,0.05580159433126661,0.020814880425155006,0.023472099202834367,0.03365810451727192,0.07661647475642161,0.02745792736935341,0.050487156775907885,0.029229406554472984,0.10628875110717449,0.08281665190434012,0.04074402125775022,0.10850310008857396
0.05711775043936731,0.021528998242530756,0.06239015817223199,0.20826010544815465,0.058875219683655534,0.020210896309314587,0.02328646748681898,0.03646748681898067,0.07557117750439367,0.028558875219683654,0.048769771528998244,0.029876977152899824,0.1063268892794376,0.0804042179261863,0.038224956063268895,0.10413005272407733
0.05535872453498671,0.020814880425155006,0.06023029229406555,0.20903454384410983,0.06200177147918512,0.01948627103631532,0.023029229406554472,0.03675819309123118,0.07573073516386182,0.030115146147032774,0.04650132860938884,0.029229406554472984,0.10806023029229407,0.08148804251550044,0.03675819309123118,0.1054030115146147
0.05599647266313933,0.02072310405643739,0.059082892416225746,0.20679012345679013,0.06128747795414462,0.020282186948853614,0.02292768959435626,0.036155202821869487,0.07319223985890652,0.03130511463844797,0.04982363315696649,0.029982363315696647,0.11199294532627865,0.08289241622574955,0.036155202821869487,0.10141093474426807
0.058351893095768374,0.021380846325167038,0.05790645879732739,0.2044543429844098,0.060133630289532294,0.02182628062360802,0.021380846325167038,0.0334075723830735,0.07126948775055679,0.032071269487750555,0.05211581291759466,0.029844097995545656,0.11314031180400891,0.08151447661469934,0.037416481069042315,0.10378619153674833
0.05918727915194346,0.02120141342756184,0.05565371024734982,0.2053886925795053,0.060954063604240286,0.020318021201413426,0.02429328621908127,0.03489399293286219,0.06890459363957598,0.03268551236749117,0.05123674911660778,0.028268551236749116,0.11484098939929328,0.08171378091872791,0.04107773851590106,0.09938162544169611
0.058061634658329614,0.022331397945511387,0.05716837874050915,0.205895489057615,0.06297454220634212,0.019205002233139794,0.02188476998660116,0.03841000446627959,0.06699419383653417,0.03260384100044663,0.053595355069227336,0.029030817329164807,0.11656989727556945,0.07949977668602054,0.04064314426083073,0.09513175524787852
0.05908485117725455,0.02221235006663705,0.05553087516659263,0.2016881386050644,0.060417592181252776,0.02087960906263883,0.023989338071968014,0.0368725011106175,0.0670812972012439,0.033762772101288314,0.05330964015992892,0.029764549089293647,0.11861394935584185,0.08218569524655708,0.03864948911594847,0.09595735228787206
0.06,0.02266666666666667,0.05511111111111111,0.1968888888888889,0.06088888888888889,0.023555555555555555,0.024888888888888887,0.03688888888888889,0.06755555555555555,0.03333333333333333,0.051555555555555556,0.03155555555555556,0.11777777777777777,0.084,0.03777777777777778,0.09555555555555556
0.05978021978021978,0.021538461538461538,0.05406593406593407,0.19824175824175824,0.06197802197802198,0.024615384615384615,0.025054945054945054,0.03824175824175824,0.07032967032967033,0.03164835164835165,0.05186813186813187,0.032527472527472526,0.11648351648351649,0.08,0.03868131868131868,0.09494505494505495
0.06149732620320856,0.0213903743315508,0.0570409982174688,0.19696969696969696,0.06149732620320856,0.02406417112299465,0.024509803921568627,0.0374331550802139,0.07040998217468805,0.03163992869875223,0.05124777183600713,0.03208556149732621,0.11720142602495544,0.08110516934046345,0.03877005347593583,0.09313725490196079
0.06424457244129375,0.022153300841825433,0.05095259193619849,0.19672131147540983,0.06380150642445724,0.023482498892334957,0.027470093043863535,0.03943287549844927,0.06778910057598582,0.03190075321222862,0.051395657953035,0.035002215330084185,0.11962782454585734,0.07753655294638902,0.03633141338059371,0.0921577315019938
0.06752554420257663,0.018658374055975122,0.05153265215459796,0.19546868058640604,0.06263882718791648,0.02265659706796979,0.02576632607729898,0.03909373611728121,0.07152376721457131,0.03065304309195913,0.047090182141270545,0.03820524211461573,0.12438916037316748,0.07685473123056419,0.03864948911594847,0.08929364726788094
0.06888888888888889,0.017333333333333333,0.05333333333333334,0.1928888888888889,0.06311111111111112,0.026222222222222223,0.027555555555555555,0.03911111111111111,0.068,0.029333333333333333,0.050666666666666665,0.03911111111111111,0.12711111111111112,0.07466666666666667,0.03777777777777778,0.08488888888888889
0.07123775601068566,0.01914514692787177,0.05075690115761353,0.19011576135351738,0.06366874443455031,0.027604630454140695,0.027604630454140695,0.04140694568121104,0.06990204808548531,0.03250222617987533,0.047640249332146035,0.041852181656277826,0.12243989314336598,0.07524487978628673,0.03561887800534283,0.08325912733748887
0.07202459376372419,0.020641194554238032,0.04743083003952569,0.18972332015810275,0.06060606060606061,0.02766798418972332,0.025911286780852,0.039525691699604744,0.0707070707070707,0.030742204655248132,0.04655248133509003,0.04479578392621871,0.12648221343873517,0.0733421168203777,0.037768994290733424,0.08607817303469477
0.07377777777777778,0.01911111111111111,0.051555555555555556,0.18711111111111112,0.06133333333333333,0.029333333333333333,0.02711111111111111,0.042666666666666665,0.068,0.03111111111111111,0.04666666666666667,0.044444444444444446,0.12533333333333332,0.07244444444444445,0.037333333333333336,0.08266666666666667
0.07247017233760494,0.021210782147591693,0.05081749889527176,0.19619973486522316,0.06363234644277507,0.028722934158197082,0.02695536897923111,0.0410958904109589,0.06584180291648255,0.030048608042421564,0.043747238179407864,0.04507291206363235,0.12859036676977464,0.07070260715863898,0.03535130357931949,0.07954043305346885
0.07085561497326204,0.02094474153297683,0.04723707664884135,0.19563279857397503,0.0659536541889483,0.02807486631016043,0.027183600713012478,0.03877005347593583,0.06506238859180036,0.030303030303030304,0.04500891265597148,0.04723707664884135,0.1305704099821747,0.06951871657754011,0.035204991087344026,0.08244206773618538
0.07263814616755793,0.0213903743315508,0.045454545454545456,0.19563279857397503,0.06149732620320856,0.029411764705882353,0.02540106951871658,0.03877005347593583,0.06417112299465241,0.030303030303030304,0.04723707664884135,0.04723707664884135,0.13368983957219252,0.07130124777183601,0.035204991087344026,0.08065953654188948
0.0719964664310954,0.021643109540636044,0.044169611307420496,0.19522968197879859,0.0636042402826855,0.02871024734982332,0.024734982332155476,0.04107773851590106,0.06713780918727916,0.030918727915194347,0.04902826855123675,0.04726148409893993,0.13692579505300354,0.06404593639575971,0.037102473498233215,0.07641342756183746
0.07549668874172186,0.022958057395143488,0.04326710816777042,0.19381898454746138,0.060044150110375276,0.027373068432671083,0.026048565121412803,0.04194260485651214,0.06754966887417219,0.031788079470198675,0.05033112582781457,0.044591611479028695,0.13200883002207506,0.06490066225165562,0.039735099337748346,0.0781456953642384
0.073745002221235,0.019991115059973346,0.0422034651266104,0.1950244335850733,0.05775211017325633,0.028431808085295423,0.02665482007996446,0.0422034651266104,0.06574855619724566,0.03198578409595735,0.04886717014660151,0.04486894713460684,0.1386050644158152,0.06352732119058196,0.04175921812527766,0.07863171923589515
0.07511111111111111,0.017777777777777778,0.042222222222222223,0.18977777777777777,0.05511111111111111,0.028,0.028444444444444446,0.03955555555555555,0.068,0.033777777777777775,0.04933333333333333,0.04622222222222222,0.1448888888888889,0.058666666666666666,0.043111111111111114,0.08
0.07461368653421634,0.018984547461368653,0.04194260485651214,0.18763796909492272,0.05783664459161148,0.02781456953642384,0.029580573951434878,0.039293598233995586,0.06666666666666667,0.03399558498896247,0.04988962472406181,0.045033112582781455,0.14437086092715232,0.058719646799116995,0.044591611479028695,0.07902869757174392
0.07505518763796909,0.018984547461368653,0.04061810154525387,0.1858719646799117,0.059161147902869755,0.02869757174392936,0.031788079470198675,0.038410596026490065,0.06490066225165562,0.03399558498896247,0.05121412803532009,0.046799116997792496,0.14525386313465782,0.060044150110375276,0.04415011037527594,0.07505518763796909
0.07332155477031801,0.021643109540636044,0.038869257950530034,0.1872791519434629,0.05962897526501767,0.029151943462897525,0.030477031802120143,0.037102473498233215,0.06404593639575971,0.03356890459363958,0.05035335689045936,0.04858657243816254,0.14752650176678445,0.05830388692579505,0.045053003533568906,0.07508833922261485
0.07614879649890591,0.021444201312910284,0.036323851203501095,0.19474835886214442,0.05951859956236324,0.02975929978118162,0.027133479212253828,0.035448577680525166,0.062144420131291025,0.03369803063457331,0.05164113785557987,0.051203501094091906,0.14792122538293218,0.05733041575492341,0.04288840262582057,0.07264770240700219
0.07212822796081923,0.02315227070347284,0.03784505788067676,0.1918967052537845,0.06010685663401603,0.030721282279608193,0.02715939447907391,0.035173642030276044,0.06322350845948353,0.035173642030276044,0.04674977738201247,0.04452359750667854,0.15761353517364202,0.05654496883348174,0.04407836153161175,0.07390917186108638
0.07356828193832599,0.02290748898678414,0.040969162995594714,0.18766519823788547,0.06387665198237885,0.03039647577092511,0.026872246696035242,0.035682819383259914,0.06431718061674009,0.03700440528634361,0.04405286343612335,0.04317180616740088,0.15462555066079295,0.05682819383259912,0.04801762114537445,0.07004405286343612
0.07504440497335702,0.021758436944937832,0.04262877442273535,0.18872113676731794,0.05905861456483126,0.03063943161634103,0.02708703374777975,0.03463587921847247,0.06127886323268206,0.03685612788632327,0.041740674955595025,0.04262877442273535,0.15630550621669628,0.058170515097690945,0.051953818827708706,0.07149200710479574
0.07992895204262877,0.02486678507992895,0.038632326820603906,0.19538188277087035,0.0563943161634103,0.03019538188277087,0.024422735346358793,0.03330373001776199,0.06216696269982238,0.03330373001776199,0.04440497335701599,0.03996447602131439,0.1549733570159858,0.0586145648312611,0.05017761989342807,0.07326820603907638
0.08391915641476275,0.024165202108963092,0.03734622144112478,0.19727592267135324,0.05360281195079086,0.030755711775043937,0.021968365553602813,0.0351493848857645,0.059314586994727594,0.0351493848857645,0.04657293497363796,0.03866432337434095,0.15333919156414763,0.05843585237258348,0.05052724077328647,0.07381370826010544
0.08633733867378728,0.022696929238985315,0.037383177570093455,0.19225634178905207,0.0534045393858478,0.03159768580329328,0.024477080551846907,0.036048064085447265,0.056074766355140186,0.03515798842901647,0.04494882064975523,0.039163328882955054,0.1526479750778816,0.05740987983978638,0.05384957721406319,0.07654650645304852
0.08303886925795052,0.020318021201413426,0.037985865724381625,0.19390459363957596,0.053003533568904596,0.03401060070671378,0.022968197879858657,0.0353356890459364,0.055212014134275615,0.03666077738515901,0.04858657243816254,0.03666077738515901,0.1523851590106007,0.05962897526501767,0.05256183745583039,0.07773851590106007
0.08333333333333333,0.022163120567375887,0.037677304964539006,0.19370567375886524,0.05230496453900709,0.03634751773049645,0.02127659574468085,0.034131205673758866,0.05540780141843971,0.03368794326241135,0.04875886524822695,0.038120567375886524,0.15780141843971632,0.06028368794326241,0.05053191489361702,0.07446808510638298
0.08626760563380281,0.023327464788732395,0.04005281690140845,0.19586267605633803,0.047975352112676055,0.035211267605633804,0.02112676056338028,0.03433098591549296,0.05765845070422535,0.03697183098591549,0.04357394366197183,0.037852112676056336,0.15492957746478872,0.061179577464788734,0.05149647887323944,0.0721830985915493
0.08927000879507475,0.021108179419525065,0.04001759014951627,0.19261213720316622,0.04661389621811785,0.03386103781882146,0.022867194371152155,0.03342128408091469,0.055848724714160074,0.03605980650835532,0.04573438874230431,0.03869832893579595,0.15875109938434476,0.06068601583113457,0.05452946350043975,0.06992084432717678
0.08602620087336245,0.0222707423580786,0.03668122270742358,0.1930131004366812,0.0462882096069869,0.03449781659388646,0.02445414847161572,0.034934497816593885,0.05458515283842795,0.03406113537117904,0.046724890829694325,0.0388646288209607,0.1615720524017467,0.06157205240174673,0.05327510917030567,0.07117903930131005
0.08997772828507795,0.021380846325167038,0.035634743875278395,0.18975501113585747,0.04721603563474387,0.03652561247216036,0.025835189309576838,0.03474387527839644,0.056570155902004454,0.03429844097995546,0.046325167037861915,0.039198218262806235,0.15723830734966593,0.06146993318485523,0.05434298440979955,0.06948775055679288
0.09221128021486123,0.020143240823634737,0.03715308863025962,0.19247985675917637,0.044762757385854966,0.03715308863025962,0.026410026857654433,0.03536257833482542,0.05774395702775291,0.03357206803939123,0.045658012533572066,0.04162936436884512,0.1566696508504924,0.05953446732318711,0.05550581915846016,0.06401074306177261
0.09183673469387756,0.01818988464951198,0.03460514640638864,0.1960958296362023,0.04259094942324756,0.0385980479148181,0.027506654835847383,0.0354924578527063,0.05767524401064774,0.03327417923691216,0.04569653948535936,0.041259982253771074,0.15971606033717836,0.05723158828748891,0.055013309671694766,0.06521739130434782
0.09954954954954955,0.018018018018018018,0.03288288288288288,0.19369369369369369,0.04279279279279279,0.03783783783783784,0.02927927927927928,0.033783783783783786,0.05405405405405406,0.03198198198198198,0.0472972972972973,0.04279279279279279,0.15855855855855855,0.055855855855855854,0.055855855855855854,0.06576576576576576
0.09718557607739665,0.018909410729991204,0.03386103781882146,0.18997361477572558,0.044854881266490766,0.03737906772207564,0.027704485488126648,0.032981530343007916,0.052770448548812667,0.03386103781882146,0.0505716798592788,0.04529463500439754,0.15963060686015831,0.051451187335092345,0.05716798592788039,0.06640281442392261
0.09567901234567901,0.018518518518518517,0.03262786596119929,0.19268077601410935,0.046296296296296294,0.03659611992945326,0.027336860670194002,0.03350970017636684,0.05202821869488536,0.03659611992945326,0.05026455026455026,0.04188712522045855,0.15564373897707232,0.05423280423280423,0.05731922398589065,0.06878306878306878
0.10119310649580203,0.019885108263367212,0.03137428192664605,0.19045514803358374,0.047724259832081305,0.03800265134776845,0.0273972602739726,0.0344675209898365,0.054352629253203714,0.03623508616880247,0.04684047724259832,0.0415377817057004,0.15996464869642069,0.05125939019001326,0.053468846663720725,0.06584180291648255
0.10284951024042743,0.017809439002671415,0.03428317008014248,0.18699910952804988,0.047640249332146035,0.040516473731077474,0.02715939447907391,0.03250222617987533,0.051647373107747106,0.0365093499554764,0.04630454140694568,0.0427426536064114,0.15627782724844166,0.051647373107747106,0.05565449688334818,0.06945681211041853
0.10786914235190097,0.018125552608311227,0.03536693191865606,0.1874447391688771,0.046861184792219276,0.041998231653404064,0.02475685234305924,0.03227232537577365,0.04951370468611848,0.03359858532272325,0.04288240495137047,0.04332449160035367,0.16180371352785147,0.04907161803713528,0.054376657824933686,0.07073386383731212
0.10939567710630789,0.0176444640494045,0.03484781649757389,0.18482576091751213,0.0458756065284517,0.04146449051610057,0.025143361270401413,0.030436700485222762,0.04631671812968681,0.035288928098809,0.04719894133215704,0.044111160123511246,0.16188795765328629,0.050727834142037936,0.05249228054697839,0.07234230260255844
0.10935441370223979,0.018884497145366712,0.031181379007465964,0.18972332015810275,0.04567413263065437,0.04479578392621871,0.027228809837505488,0.030303030303030304,0.046991655687307864,0.034255599472990776,0.04435660957400088,0.043039086517347384,0.15942028985507245,0.051822573561704,0.052261747913921824,0.0707070707070707
0.11160123511248346,0.01808557565063961,0.032201146890163214,0.19364799294221438,0.04455227172474636,0.04278782531980591,0.0282311424790472,0.02999558888398765,0.04719894133215704,0.032642258491398325,0.0458756065284517,0.04278782531980591,0.16497573886193206,0.049845610939567714,0.050286722540802825,0.06528451698279665
0.11259457053849577,0.016911437472185136,0.03426791277258567,0.19626168224299065,0.04494882064975523,0.04227859368046284,0.02892745883400089,0.030262572318647086,0.047619047619047616,0.03159768580329328,0.04717400979083222,0.04138851802403204,0.1606586559857588,0.04717400979083222,0.0520694259012016,0.06586559857587895
0.1227292866637129,0.017279574656623838,0.03633141338059371,0.19627824545857334,0.04209127159946832,0.03898980948161276,0.027913159060700046,0.02968542312804608,0.046964997784669914,0.02968542312804608,0.048294195835179445,0.03987594151528578,0.16038989809481613,0.048294195835179445,0.05006645990252548,0.06513070447496677
0.1232876712328767,0.017675651789659744,0.035793194874060984,0.19708351745470615,0.04418912947414936,0.037560760053026956,0.025187803800265134,0.029606716747680072,0.04595669465311533,0.029606716747680072,0.05125939019001326,0.03932832523199293,0.16084843128590368,0.05081749889527176,0.04595669465311533,0.06584180291648255
0.1248339973439575,0.015493581230633024,0.034528552456839307,0.19344842850818947,0.044710048694112436,0.03718459495351926,0.025675077467906152,0.03054448871181939,0.048251438689685705,0.029659141212926073,0.05002213368747233,0.038955289951305885,0.16024789729969013,0.05223550243470562,0.046923417441345726,0.06728640991589199
0.12373403786878027,0.017173051519154558,0.0361074416556583,0.19110523998238663,0.044033465433729636,0.036988110964332896,0.02774108322324967,0.02906208718626156,0.0479964773227653,0.028621752531924262,0.05063848524878908,0.041391457507705856,0.16248348745046234,0.052840158520475564,0.04315279612505504,0.06693086745926904
0.12438916037316748,0.016881386050644157,0.0346512661039538,0.19458018658374057,0.04531319413593958,0.034207019102621056,0.027543314082629944,0.028431808085295423,0.04620168813860506,0.02798756108396268,0.04886717014660151,0.041314971123944916,0.16836961350510884,0.0519768991559307,0.04309195912927588,0.06619280319857841
0.12606168976307555,0.016987036209208762,0.03352704514975414,0.19311578006258381,0.048278945015645953,0.03352704514975414,0.028162717925793473,0.028162717925793473,0.04783191774698257,0.030844881537773806,0.04962002682163612,0.0424675905230219,0.16808225301743407,0.04962002682163612,0.041573535985695124,0.062136790344211
0.12159141707644167,0.017881090746535537,0.03531515422440769,0.1935628073312472,0.050514081358962896,0.03263299061242736,0.028162717925793473,0.029503799731783638,0.047384890478319175,0.029950827000447027,0.05096110862762628,0.04202056325435852,0.16763522574877068,0.05006705409029951,0.04202056325435852,0.06079570853822083
0.1188997338065661,0.01685891748003549,0.03149955634427684,0.1929902395740905,0.04924578527062999,0.0323868677905945,0.02883762200532387,0.0323868677905945,0.046583850931677016,0.029724933451641525,0.051907719609582965,0.0417036379769299,0.16858917480035493,0.052795031055900624,0.04525288376220053,0.06033717834960071
0.12154453707766565,0.017112768758227294,0.028960070206230804,0.19921017990346643,0.046072838964458095,0.03290917068889864,0.029398859148749453,0.03247038174637999,0.04914436156208864,0.02720491443615621,0.05265467310223782,0.0434401053093462,0.16673979815708645,0.05265467310223782,0.04212373848179026,0.05835892935498026
0.1272889682894149,0.017418490397498883,0.030370701205895488,0.19919606967396158,0.04376953997320232,0.033497096918267084,0.027244305493523895,0.03260384100044663,0.048682447521214825,0.025457793657882984,0.05091558731576597,0.04421616793211255,0.17284502009825814,0.051362215274676194,0.04242965609647164,0.052702099151406875
0.125,0.016285211267605633,0.030809859154929578,0.19674295774647887,0.04401408450704225,0.03477112676056338,0.027288732394366196,0.03477112676056338,0.04709507042253521,0.025528169014084508,0.04841549295774648,0.04621478873239437,0.17341549295774647,0.053257042253521125,0.04181338028169014,0.05457746478873239
0.12571934484285083,0.01814962372731297,0.029659141212926073,0.2036299247454626,0.04072598494909252,0.03187250996015936,0.025675077467906152,0.03497122620628597,0.04648074369189907,0.02611775121735281,0.04780876494023904,0.045595396193005754,0.1806108897742364,0.051350154935812305,0.038955289951305885,0.05267817618415228
0.12307013674459638,0.018967798853109837,0.029113365681517425,0.2086457873842082,0.03970004411116013,0.03352448169386855,0.024261138067931187,0.03352448169386855,0.044111160123511246,0.022055580061755623,0.04808116453462726,0.04278782531980591,0.18659020732245257,0.0529333921482135,0.03970004411116013,0.0529333921482135
0.1250562303193882,0.018443544759334234,0.028789923526765633,0.21187584345479082,0.03688708951866847,0.032388663967611336,0.024291497975708502,0.030589293747188485,0.04363472784525416,0.022042285200179937,0.04723346828609987,0.042735042735042736,0.18533513270355376,0.05443094916779127,0.04183535762483131,0.05443094916779127
0.12461059190031153,0.017356475300400534,0.02848242100578549,0.2131731197151758,0.037828215398308856,0.032932799287939477,0.024477080551846907,0.03426791277258567,0.04450378282153983,0.020471740097908322,0.04672897196261682,0.04494882064975523,0.1860258121940365,0.052514463729417,0.03871829105473965,0.0529595015576324
0.12433155080213903,0.0196078431372549,0.028966131907308377,0.21301247771836007,0.03787878787878788,0.03297682709447415,0.025846702317290554,0.035204991087344026,0.04188948306595366,0.0196078431372549,0.04367201426024955,0.04144385026737968,0.18805704099821746,0.05169340463458111,0.0392156862745098,0.05659536541889483
