C_R,C_A,C_S,C_N,D_R,D_A,D_S,D_N,Oc_R,Oc_A,Oc_S,Oc_N,Od_R,Od_A,Od_S,Od_N
0.0,0.0,0.0,0.0,0.0,0.0,0.0,0.0,0.0,0.0,0.0,0.0,0.0,0.0,0.0,1.0
0.0,0.0,0.0,0.0,0.0,0.0,0.0,0.0,0.0,0.6666666666666666,0.0,0.0,0.0,0.0,0.0,0.3333333333333333
0.0,0.0,0.0,0.0,0.0,0.3333333333333333,0.0,0.0,0.0,0.5,0.0,0.0,0.0,0.0,0.0,0.16666666666666666
0.0,0.0,0.0,0.0,0.0,0.25,0.0,0.0,0.0,0.5,0.0,0.0,0.125,0.0,0.0,0.125
0.07142857142857142,0.0,0.0,0.0,0.0,0.21428571428571427,0.0,0.0,0.0,0.5,0.0,0.0,0.14285714285714285,0.0,0.0,0.07142857142857142
0.1111111111111111,0.0,0.0,0.0,0.0,0.2222222222222222,0.0,0.0,0.0,0.3888888888888889,0.0,0.0,0.16666666666666666,0.0,0.0,0.1111111111111111
0.24,0.0,0.0,0.0,0.0,0.2,0.0,0.0,0.0,0.28,0.0,0.0,0.2,0.0,0.0,0.08
0.30303030303030304,0.0,0.0,0.0,0.0,0.15151515151515152,0.0,0.0,0.0,0.21212121212121213,0.0,0.0,0.24242424242424243,0.0,0.030303030303030304,0.06060606060606061
0.2978723404255319,0.0,0.0,0.0,0.0,0.1276595744680851,0.0,0.0,0.0,0.2127659574468085,0.0,0.0,0.2765957446808511,0.02127659574468085,0.02127659574468085,0.0425531914893617
0.3235294117647059,0.0,0.0,0.0,0.0,0.1323529411764706,0.0,0.0,0.0,0.19117647058823528,0.0,0.0,0.29411764705882354,0.014705882352941176,0.014705882352941176,0.029411764705882353
0.33707865168539325,0.0,0.0,0.0,0.0,0.1348314606741573,0.0,0.0,0.0,0.16853932584269662,0.0,0.0,0.2808988764044944,0.033707865168539325,0.011235955056179775,0.033707865168539325
0.3333333333333333,0.0,0.0,0.015873015873015872,0.0,0.10317460317460317,0.0,0.0,0.0,0.1746031746031746,0.0,0.0,0.30158730158730157,0.03968253968253968,0.007936507936507936,0.023809523809523808
0.37037037037037035,0.0,0.0,0.012345679012345678,0.0,0.08641975308641975,0.0,0.0,0.0,0.1419753086419753,0.0,0.0,0.3271604938271605,0.024691358024691357,0.006172839506172839,0.030864197530864196
0.3615023474178404,0.0,0.0,0.014084507042253521,0.0,0.0892018779342723,0.0,0.0,0.0,0.14084507042253522,0.0,0.0,0.323943661971831,0.028169014084507043,0.009389671361502348,0.03286384976525822
0.3862815884476534,0.0036101083032490976,0.0,0.01444043321299639,0.0,0.08303249097472924,0.0,0.0,0.0,0.12274368231046931,0.0,0.01444043321299639,0.3104693140794224,0.02888086642599278,0.0036101083032490976,0.032490974729241874
0.3994252873563218,0.0028735632183908046,0.0,0.020114942528735632,0.0,0.09195402298850575,0.0,0.0,0.0028735632183908046,0.10057471264367816,0.0,0.011494252873563218,0.2959770114942529,0.034482758620689655,0.005747126436781609,0.034482758620689655
0.39759036144578314,0.0024096385542168677,0.0,0.016867469879518072,0.0,0.09879518072289156,0.0,0.0,0.0024096385542168677,0.10602409638554217,0.0024096385542168677,0.012048192771084338,0.28433734939759037,0.03614457831325301,0.004819277108433735,0.03614457831325301
0.38271604938271603,0.00205761316872428,0.00205761316872428,0.024691358024691357,0.0,0.08847736625514403,0.0,0.0,0.00205761316872428,0.10082304526748971,0.00205761316872428,0.012345679012345678,0.294238683127572,0.047325102880658436,0.00411522633744856,0.037037037037037035
0.38945578231292516,0.0017006802721088435,0.003401360544217687,0.027210884353741496,0.0,0.08503401360544217,0.0,0.0,0.00510204081632653,0.1054421768707483,0.0017006802721088435,0.017006802721088437,0.28061224489795916,0.04591836734693878,0.00510204081632653,0.03231292517006803
0.3779411764705882,0.0014705882352941176,0.0029411764705882353,0.03529411764705882,0.0,0.08676470588235294,0.0,0.0,0.004411764705882353,0.09264705882352942,0.004411764705882353,0.01764705882352941,0.2926470588235294,0.045588235294117645,0.0058823529411764705,0.03235294117647059
0.377431906614786,0.0,0.0038910505836575876,0.03761348897535668,0.0012970168612191958,0.08300907911802853,0.0,0.0038910505836575876,0.005188067444876783,0.08690012970168612,0.005188067444876783,0.018158236057068743,0.29571984435797666,0.04669260700389105,0.005188067444876783,0.029831387808041506
0.37915234822451316,0.001145475372279496,0.003436426116838488,0.043528064146620846,0.001145475372279496,0.08247422680412371,0.001145475372279496,0.003436426116838488,0.003436426116838488,0.0836197021764032,0.004581901489117984,0.01718213058419244,0.29896907216494845,0.043528064146620846,0.003436426116838488,0.029782359679266894
0.3825301204819277,0.0030120481927710845,0.004016064257028112,0.04618473895582329,0.001004016064257028,0.07931726907630522,0.001004016064257028,0.004016064257028112,0.0,0.07730923694779117,0.004016064257028112,0.020080321285140562,0.3042168674698795,0.04216867469879518,0.0030120481927710845,0.028112449799196786
0.3836363636363636,0.005454545454545455,0.0036363636363636364,0.046363636363636364,0.0018181818181818182,0.08181818181818182,0.0018181818181818182,0.005454545454545455,0.0009090909090909091,0.07363636363636364,0.0036363636363636364,0.017272727272727273,0.2990909090909091,0.04181818181818182,0.0027272727272727275,0.03090909090909091
0.3945409429280397,0.006617038875103391,0.0041356492969396195,0.045492142266335814,0.0024813895781637717,0.08023159636062861,0.0016542597187758478,0.0024813895781637717,0.0008271298593879239,0.07113316790736146,0.0033085194375516956,0.018196856906534328,0.2919768403639371,0.043837882547559964,0.0024813895781637717,0.030603804797353185
0.3916349809885932,0.006844106463878327,0.0022813688212927757,0.044866920152091254,0.0022813688212927757,0.07832699619771863,0.001520912547528517,0.003041825095057034,0.0022813688212927757,0.06844106463878327,0.003041825095057034,0.01596958174904943,0.30342205323193916,0.04182509505703422,0.0022813688212927757,0.03193916349809886
0.383638928067701,0.006346967559943582,0.0014104372355430183,0.04372355430183357,0.0021156558533145277,0.076163610719323,0.0014104372355430183,0.004936530324400564,0.0021156558533145277,0.06488011283497884,0.0021156558533145277,0.015514809590973202,0.3159379407616361,0.04301833568406206,0.0021156558533145277,0.03455571227080395
0.38978668390433097,0.006464124111182934,0.002585649644473174,0.04589528118939883,0.002585649644473174,0.07433742727860375,0.0019392372333548805,0.004524886877828055,0.0019392372333548805,0.058177117000646414,0.002585649644473174,0.015513897866839044,0.3154492566257272,0.04395604395604396,0.0019392372333548805,0.03232062055591468
0.3791641429436705,0.0060569351907934586,0.0018170805572380376,0.04603270745003028,0.0030284675953967293,0.07813446396123562,0.0012113870381586917,0.006662628709872804,0.0012113870381586917,0.05754088431253786,0.0030284675953967293,0.015142337976983646,0.3185947910357359,0.04663840096910963,0.0018170805572380376,0.03391883706844337
0.3869115958668197,0.004592422502870264,0.001722158438576349,0.04707233065442021,0.0028702640642939152,0.07290470723306544,0.001722158438576349,0.007462686567164179,0.001722158438576349,0.05453501722158439,0.0028702640642939152,0.014351320321469576,0.31917336394948337,0.04535017221584386,0.002296211251435132,0.03444316877152698
0.38170005414185165,0.003789929615592853,0.002165674066053059,0.049269085002707096,0.004331348132106118,0.07146724417975095,0.002165674066053059,0.007038440714672442,0.0010828370330265296,0.05305901461829995,0.0027070925825663237,0.017325392528424473,0.32160259880887926,0.04385489983757444,0.0027070925825663237,0.035733622089875475
0.3827098078867543,0.003538928210313448,0.00455005055611729,0.04853387259858443,0.003538928210313448,0.07128412537917088,0.003538928210313448,0.008088978766430738,0.0010111223458038423,0.04903943377148635,0.003033367037411527,0.016683518705763397,0.3250758341759353,0.043478260869565216,0.0025278058645096056,0.033367037411526794
0.37750611246943766,0.0024449877750611247,0.004889975550122249,0.05232273838630807,0.004400977995110024,0.06748166259168704,0.003911980440097799,0.008312958435207823,0.001466992665036675,0.0469437652811736,0.003911980440097799,0.017114914425427872,0.3354523227383863,0.03863080684596577,0.003911980440097799,0.03129584352078239
0.3775656324582339,0.002863961813842482,0.0038186157517899762,0.05489260143198091,0.0042959427207637235,0.06682577565632458,0.003341288782816229,0.008114558472553698,0.002863961813842482,0.04343675417661098,0.005727923627684964,0.018138424821002388,0.3303102625298329,0.04200477326968974,0.003341288782816229,0.032458233890214794
0.3736111111111111,0.003703703703703704,0.004629629629629629,0.058333333333333334,0.005092592592592593,0.06620370370370371,0.003703703703703704,0.008796296296296297,0.0032407407407407406,0.04398148148148148,0.0060185185185185185,0.01712962962962963,0.32916666666666666,0.043055555555555555,0.002777777777777778,0.030555555555555555
0.3642143505903724,0.004087193460490463,0.004541326067211626,0.06039963669391462,0.004995458673932788,0.06721162579473206,0.004087193460490463,0.00862851952770209,0.004087193460490463,0.043596730245231606,0.005449591280653951,0.01634877384196185,0.33651226158038144,0.043596730245231606,0.003178928247048138,0.029064486830154404
0.3679927667269439,0.003616636528028933,0.004972875226039783,0.0628390596745027,0.0045207956600361665,0.06871609403254973,0.0031645569620253164,0.009041591320072333,0.0045207956600361665,0.0433996383363472,0.0045207956600361665,0.017179023508137433,0.3291139240506329,0.045207956600361664,0.0027124773960217,0.028481012658227847
0.35858359480053786,0.003585835948005379,0.004930524428507396,0.06275212909009413,0.004930524428507396,0.06768265351860152,0.003585835948005379,0.00941281936351412,0.003585835948005379,0.043030031376064544,0.004930524428507396,0.017929179740026894,0.33527566113850293,0.047064096817570594,0.002689376961004034,0.03003137606454505
0.3615488518685277,0.0027014858171994596,0.00495272399819901,0.056731202161188654,0.004502476361999099,0.06393516434038721,0.00495272399819901,0.008554705087798289,0.00405222872579919,0.04412426834759117,0.006303466906798739,0.01981089599279604,0.3390364700585322,0.04412426834759117,0.0027014858171994596,0.031967582170193604
0.3582485625829279,0.003980539584254755,0.005307386112339673,0.06015037593984962,0.004865103936311367,0.0654577620521893,0.004865103936311367,0.008403361344537815,0.004865103936311367,0.04290137107474569,0.005307386112339673,0.020344980097302078,0.33878814683768244,0.042459088898717384,0.0030959752321981426,0.030959752321981424
0.3621837549933422,0.0039946737683089215,0.004882379050155349,0.05858854860186418,0.004438526409232135,0.06746560142032845,0.004438526409232135,0.00887705281846427,0.005770084332001775,0.04305370616955171,0.006213936972924989,0.019529516200621395,0.3333333333333333,0.04305370616955171,0.004438526409232135,0.029738126941855306
0.3605980650835532,0.003518029903254178,0.00395778364116095,0.0584872471416007,0.004837291116974494,0.06464379947229551,0.004837291116974494,0.010554089709762533,0.005716798592788039,0.040457343887423045,0.005716798592788039,0.021547933157431837,0.33641160949868076,0.04309586631486367,0.004837291116974494,0.030782761653474055
0.35900841080123946,0.0035413899955732625,0.0035413899955732625,0.05533421868083223,0.004869411243913236,0.06728640991589199,0.004426737494466578,0.011509517485613104,0.005754758742806552,0.04161133244798584,0.004426737494466578,0.021691013722886232,0.3382027445772466,0.043824701195219126,0.004426737494466578,0.03054448871181939
0.36319505736981467,0.003971756398940865,0.00353045013239188,0.05736981465136805,0.00529567519858782,0.06575463371579876,0.003971756398940865,0.01059135039717564,0.005736981465136805,0.045454545454545456,0.00353045013239188,0.02118270079435128,0.3340688437775816,0.04280670785525154,0.003971756398940865,0.029567519858781994
0.3601600711427301,0.005335704757670075,0.0035571365051133837,0.05469097376611828,0.004891062694530902,0.06402845709204091,0.004001778568252557,0.012449977767896843,0.006224988883948421,0.04224099599822143,0.0035571365051133837,0.020898176967541128,0.34104046242774566,0.04357492218763895,0.004001778568252557,0.029346376167185415
0.36208445642407905,0.004941599281221923,0.0031446540880503146,0.05525606469002695,0.004941599281221923,0.059748427672955975,0.004941599281221923,0.013477088948787063,0.006738544474393531,0.03863432165318958,0.004492362982929021,0.02021563342318059,0.3481581311769991,0.0431266846361186,0.0022461814914645105,0.027852650494159928
0.3601959038290294,0.00578806767586821,0.0026714158504007124,0.05387355298308103,0.006233303650934996,0.05832591273374889,0.004452359750667854,0.014247551202137132,0.006678539626001781,0.0396260017809439,0.004007123775601068,0.01914514692787177,0.3495102404274265,0.043187889581478185,0.0026714158504007124,0.029385574354407838
0.35770925110132157,0.006607929515418502,0.0026431718061674008,0.053744493392070485,0.007048458149779736,0.05814977973568282,0.004405286343612335,0.013656387665198238,0.007048458149779736,0.039207048458149776,0.004845814977973568,0.019823788546255508,0.34845814977973566,0.04185022026431718,0.003524229074889868,0.03127753303964758
0.35587188612099646,0.0066725978647686835,0.0035587188612099642,0.05115658362989324,0.007562277580071174,0.05738434163701068,0.004893238434163701,0.013790035587188613,0.006227758007117438,0.03959074733096085,0.004448398576512456,0.022686832740213523,0.34830960854092524,0.042704626334519574,0.00400355871886121,0.03113879003558719
0.35496688741721855,0.007947019867549669,0.003973509933774834,0.046799116997792496,0.007947019867549669,0.05827814569536424,0.005298013245033113,0.016335540838852098,0.005739514348785872,0.037527593818984545,0.004415011037527594,0.02384105960264901,0.3518763796909492,0.04105960264900662,0.003532008830022075,0.030463576158940398
0.3591800356506239,0.008021390374331552,0.0022281639928698753,0.045454545454545456,0.008912655971479501,0.05837789661319073,0.005793226381461676,0.016488413547237075,0.006238859180035651,0.0374331550802139,0.004456327985739751,0.024509803921568627,0.3471479500891266,0.0427807486631016,0.00267379679144385,0.030303030303030304
0.3482896490448689,0.007107952021323856,0.0026654820079964462,0.04886717014660151,0.009773434029320302,0.059973345179920035,0.006663705019991115,0.0173256330519769,0.007552199022656597,0.03598400710795202,0.003553976010661928,0.02576632607729898,0.3496223900488672,0.04042647712127943,0.0026654820079964462,0.033762772101288314
0.35403726708074534,0.005767524401064774,0.0026619343389529724,0.04480922803904171,0.009316770186335404,0.058118899733806566,0.006654835847382431,0.015527950310559006,0.006654835847382431,0.03371783496007098,0.00354924578527063,0.024844720496894408,0.35581188997338065,0.04259094942324756,0.0022182786157941437,0.03371783496007098
0.35593971631205673,0.004432624113475178,0.002216312056737589,0.04831560283687943,0.008421985815602837,0.057624113475177305,0.0070921985815602835,0.01551418439716312,0.006648936170212766,0.03235815602836879,0.003989361702127659,0.026152482269503546,0.3497340425531915,0.041666666666666664,0.0031028368794326243,0.03679078014184397
0.352787456445993,0.0078397212543554,0.0021777003484320556,0.04921602787456446,0.006968641114982578,0.05618466898954704,0.006533101045296167,0.016550522648083623,0.006533101045296167,0.03353658536585366,0.003484320557491289,0.023519163763066203,0.352787456445993,0.039198606271777,0.003484320557491289,0.039198606271777
0.352,0.008,0.0022222222222222222,0.050666666666666665,0.008,0.058666666666666666,0.006222222222222222,0.018222222222222223,0.007555555555555556,0.034666666666666665,0.005333333333333333,0.021333333333333333,0.3502222222222222,0.03822222222222222,0.003111111111111111,0.035555555555555556
0.35255281690140844,0.006602112676056338,0.002640845070422535,0.047975352112676055,0.007922535211267605,0.058098591549295774,0.005721830985915493,0.017605633802816902,0.006602112676056338,0.032570422535211266,0.0044014084507042256,0.021566901408450703,0.36047535211267606,0.03697183098591549,0.003961267605633803,0.03433098591549296
0.3500443655723159,0.005767524401064774,0.0026619343389529724,0.046583850931677016,0.0075421472937000885,0.06078083407275954,0.006211180124223602,0.01685891748003549,0.006654835847382431,0.032830523513753325,0.0048802129547471165,0.021739130434782608,0.3629103815439219,0.03682342502218278,0.003992901508429458,0.03371783496007098
0.3512323943661972,0.006161971830985915,0.0022007042253521128,0.04665492957746479,0.007922535211267605,0.05677816901408451,0.006161971830985915,0.017605633802816902,0.00528169014084507,0.035211267605633804,0.003961267605633803,0.022007042253521125,0.366637323943662,0.03477112676056338,0.003961267605633803,0.03345070422535211
0.34675615212527966,0.006263982102908278,0.0022371364653243847,0.05100671140939597,0.0058165548098434005,0.059507829977628636,0.0044742729306487695,0.015659955257270694,0.005369127516778523,0.03355704697986577,0.0044742729306487695,0.023266219239373602,0.370917225950783,0.033109619686800894,0.0035794183445190158,0.03400447427293065
0.3499554764024933,0.006678539626001781,0.003561887800534283,0.04853072128227961,0.005342831700801425,0.05699020480854853,0.005342831700801425,0.017364203027604632,0.004452359750667854,0.033392698130008905,0.004007123775601068,0.02315227070347284,0.36731967943009797,0.03294746215494212,0.003561887800534283,0.037399821905609976
0.3470562195661797,0.006640106241699867,0.0035413899955732625,0.04869411243913236,0.005312084993359893,0.05799026117751217,0.005754758742806552,0.02036299247454626,0.005754758742806552,0.033643204957945996,0.004426737494466578,0.02213368747233289,0.3652058432934927,0.03275785745905268,0.004869411243913236,0.035856573705179286
0.3444592790387183,0.007120605251446373,0.0035603026257231864,0.04717400979083222,0.005785491766800178,0.05562972852692479,0.0053404539385847796,0.02091677792612372,0.005785491766800178,0.03204272363150868,0.004450378282153983,0.022251891410769914,0.369826435246996,0.03337783711615487,0.004895416110369382,0.037383177570093455
0.34397163120567376,0.007535460992907801,0.0035460992907801418,0.04920212765957447,0.004875886524822695,0.05274822695035461,0.0062056737588652485,0.020390070921985817,0.006648936170212766,0.028812056737588652,0.004875886524822695,0.02171985815602837,0.37677304964539005,0.03280141843971631,0.004432624113475178,0.03546099290780142
0.3461024498886414,0.008908685968819599,0.0035634743875278397,0.049888641425389756,0.005345211581291759,0.05211581291759466,0.005790645879732739,0.019599109131403118,0.0062360801781737195,0.028507795100222718,0.005345211581291759,0.021380846325167038,0.3732739420935412,0.033853006681514475,0.004454342984409799,0.035634743875278395
0.33865248226950356,0.008865248226950355,0.0031028368794326243,0.05230496453900709,0.007535460992907801,0.054078014184397165,0.004875886524822695,0.017287234042553192,0.006648936170212766,0.02969858156028369,0.005319148936170213,0.020833333333333332,0.375886524822695,0.03368794326241135,0.00576241134751773,0.03546099290780142
0.34111943587483473,0.00881445570736007,0.003966505068312032,0.049801674746584396,0.009255178492728075,0.05376817981489643,0.004847950639048039,0.017188188629352136,0.006610841780520053,0.029528426619656236,0.0057293962097840455,0.021154693697664168,0.374173644777435,0.03305420890260027,0.004407227853680035,0.036579991185544294
0.34419642857142857,0.008035714285714285,0.0035714285714285713,0.05357142857142857,0.009375,0.054464285714285715,0.004910714285714286,0.017857142857142856,0.00625,0.03125,0.006696428571428571,0.020089285714285716,0.37142857142857144,0.03169642857142857,0.0040178571428571425,0.032589285714285716
0.34025629695095005,0.008395934600088379,0.004418912947414936,0.05302695536897923,0.009721608484312859,0.05125939019001326,0.005302695536897923,0.019443216968625717,0.0057445868316394165,0.02828104286345559,0.0061864781263809105,0.019443216968625717,0.38135218736190896,0.031816173221387536,0.003535130357931949,0.031816173221387536
0.3424416042309387,0.006610841780520053,0.005288673424416042,0.05156456588805641,0.009695901278096077,0.049801674746584396,0.004847950639048039,0.01895107977082415,0.0057293962097840455,0.028206258263552227,0.0057293962097840455,0.021154693697664168,0.37990304098721905,0.03393565447333627,0.004847950639048039,0.03129131776112825
0.33362714852357866,0.00617011899515205,0.005288673424416042,0.05376817981489643,0.010577346848832084,0.05376817981489643,0.00617011899515205,0.01895107977082415,0.006610841780520053,0.02996914940502424,0.007051564565888057,0.019391802556192154,0.38078448655795505,0.031732040546496254,0.005288673424416042,0.030850594975760245
0.3348115299334812,0.007982261640798226,0.006208425720620843,0.0541019955654102,0.011086474501108648,0.050997782705099776,0.0066518847006651885,0.019955654101995565,0.006208425720620843,0.029711751662971176,0.0066518847006651885,0.01818181818181818,0.3787139689578714,0.03237250554323725,0.004434589800443459,0.031929046563192905
0.33866666666666667,0.009333333333333334,0.005333333333333333,0.052,0.010666666666666666,0.04888888888888889,0.006222222222222222,0.020444444444444446,0.006666666666666667,0.032,0.006222222222222222,0.017777777777777778,0.3791111111111111,0.030666666666666665,0.0035555555555555557,0.03244444444444444
0.33539549270879365,0.008837825894829872,0.0061864781263809105,0.0552364118426867,0.01104728236853734,0.0481661511268228,0.006628369421122404,0.019443216968625717,0.0057445868316394165,0.030048608042421564,0.0057445868316394165,0.018117543084401236,0.3866548828988069,0.027839151568714096,0.004418912947414936,0.03049049933716306
0.33744493392070485,0.009691629955947136,0.007048458149779736,0.05286343612334802,0.010572687224669603,0.04889867841409692,0.007048458149779736,0.020704845814977973,0.004845814977973568,0.03171806167400881,0.006607929515418502,0.016740088105726872,0.3876651982378855,0.025110132158590308,0.003524229074889868,0.029515418502202642
0.33303769401330374,0.00975609756097561,0.005764966740576497,0.05232815964523282,0.00975609756097561,0.04878048780487805,0.007095343680709534,0.021729490022172948,0.003991130820399113,0.032815964523281595,0.0066518847006651885,0.01729490022172949,0.39157427937915745,0.0270509977827051,0.003991130820399113,0.028381374722838137
0.33155792276964047,0.009764758100310697,0.005326231691078562,0.055481580115401684,0.009320905459387484,0.04971149578339991,0.007545494895694629,0.02174877940523746,0.005326231691078562,0.031069684864624945,0.006657789613848202,0.01775410563692854,0.38881491344873503,0.027518863737239236,0.004438526409232135,0.02796271637816245
0.3287671232876712,0.009721608484312859,0.0061864781263809105,0.0552364118426867,0.010163499779054353,0.04728236853733982,0.004860804242156429,0.021210782147591693,0.0057445868316394165,0.03137428192664605,0.0057445868316394165,0.018117543084401236,0.3932832523199293,0.027839151568714096,0.003977021652673442,0.03049049933716306
0.3299244108492663,0.008892841262783458,0.005335704757670075,0.053357047576700754,0.009782125389061804,0.04757670075589151,0.005335704757670075,0.01956425077812361,0.005780346820809248,0.0329035126722988,0.006224988883948421,0.017341040462427744,0.3966207203201423,0.02845709204090707,0.0035571365051133837,0.029346376167185415
0.32755555555555554,0.008444444444444444,0.0057777777777777775,0.056,0.008444444444444444,0.04844444444444444,0.004888888888888889,0.01911111111111111,0.005333333333333333,0.03288888888888889,0.005333333333333333,0.017333333333333333,0.39955555555555555,0.027555555555555555,0.0035555555555555557,0.029777777777777778
0.32666666666666666,0.007555555555555556,0.0071111111111111115,0.059111111111111114,0.010222222222222223,0.04622222222222222,0.004888888888888889,0.018666666666666668,0.005333333333333333,0.03155555555555556,0.0044444444444444444,0.016444444444444446,0.4026666666666667,0.028444444444444446,0.0044444444444444444,0.026222222222222223
0.3279120879120879,0.006153846153846154,0.007032967032967033,0.056263736263736264,0.008351648351648353,0.045714285714285714,0.004835164835164835,0.01978021978021978,0.006593406593406593,0.03208791208791209,0.004395604395604396,0.014945054945054945,0.4105494505494505,0.027692307692307693,0.004395604395604396,0.023296703296703296
0.3297919433377601,0.004426737494466578,0.006640106241699867,0.05533421868083223,0.008853474988933156,0.046923417441345726,0.005754758742806552,0.02080566622399292,0.005754758742806552,0.035413899955732624,0.004869411243913236,0.01416555998229305,0.4063745019920319,0.0283311199645861,0.0035413899955732625,0.023019034971226208
0.32877919788453064,0.005288673424416042,0.006610841780520053,0.05861613045394447,0.009255178492728075,0.04759806081974438,0.005288673424416042,0.022917584839136182,0.0057293962097840455,0.03305420890260027,0.004407227853680035,0.014543851917144116,0.40546496253856323,0.027324812692816218,0.003085059497576025,0.022036139268400177
0.3224956063268893,0.0057117750439367315,0.007029876977152899,0.059314586994727594,0.010105448154657293,0.046133567662565905,0.0057117750439367315,0.0210896309314587,0.006151142355008787,0.03427065026362039,0.0048330404217926184,0.014938488576449912,0.4116871704745167,0.026362038664323375,0.0035149384885764497,0.020650263620386643
0.3246581385090428,0.00529333921482135,0.0061755624172915745,0.061755624172915746,0.009704455227172474,0.043228936921041024,0.00529333921482135,0.0211733568592854,0.0061755624172915745,0.03484781649757389,0.0061755624172915745,0.014556682840758712,0.4097926775474195,0.02646669607410675,0.0030877812086457872,0.021614468460520512
0.31943835015357613,0.00614304519526108,0.007459412022817025,0.06581834137779728,0.007898200965335674,0.04256252742430891,0.00614304519526108,0.02106186924089513,0.00614304519526108,0.03290917068889864,0.005265467310223783,0.014480035103115402,0.41377797279508555,0.025888547608600262,0.0035103115401491883,0.02150065818341378
0.325354609929078,0.0062056737588652485,0.0070921985815602835,0.06427304964539007,0.007978723404255319,0.04210992907801418,0.006648936170212766,0.020833333333333332,0.005319148936170213,0.034131205673758866,0.006648936170212766,0.01551418439716312,0.40691489361702127,0.02526595744680851,0.003989361702127659,0.02171985815602837
0.3259521700620018,0.005757307351638618,0.006200177147918512,0.06687333923826395,0.007528786536758193,0.04118689105403012,0.006643046944198406,0.02037201062887511,0.00487156775907883,0.032329495128432244,0.0070859167404783,0.014614703277236492,0.41009743135518156,0.024357838795394153,0.00487156775907883,0.021257750221434897
0.3248126928162186,0.00617011899515205,0.007051564565888057,0.06566769501983252,0.006610841780520053,0.04186866460996033,0.007051564565888057,0.01895107977082415,0.0057293962097840455,0.03393565447333627,0.005288673424416042,0.015866020273248127,0.4116350815337153,0.0246804759806082,0.004407227853680035,0.020273248126928163
0.328159645232816,0.005764966740576497,0.006208425720620843,0.0647450110864745,0.007095343680709534,0.04567627494456763,0.0066518847006651885,0.01729490022172949,0.006208425720620843,0.03325942350332594,0.003547671840354767,0.016407982261640797,0.4088691796008869,0.02350332594235033,0.004878048780487805,0.021729490022172948
0.3260772989782319,0.004886717014660151,0.005775211017325633,0.06441581519324745,0.007107952021323856,0.047090182141270545,0.007107952021323856,0.01821412705464238,0.006219458018658374,0.03065304309195913,0.003553976010661928,0.015992892047978675,0.41226121723678366,0.023989338071968014,0.004886717014660151,0.021768103065304308
0.3251209854817422,0.004399472063352398,0.006599208095028597,0.06379234491860977,0.007919049714034315,0.04399472063352398,0.006599208095028597,0.01715794104707435,0.006599208095028597,0.028596568411790584,0.003959524857017158,0.01627804663440387,0.42014958205015396,0.02155741311042675,0.005719313682358117,0.02155741311042675
0.3270412642669008,0.004828797190517998,0.007023705004389816,0.06233538191395961,0.007462686567164179,0.04477611940298507,0.006145741878841089,0.017120280948200176,0.006584723441615452,0.028533801580333626,0.004828797190517998,0.014925373134328358,0.4218612818261633,0.021071115013169446,0.0052677787532923615,0.02019315188762072
0.32172763331864257,0.0057293962097840455,0.007933010136624064,0.06170118995152049,0.007051564565888057,0.044072278536800354,0.006610841780520053,0.015866020273248127,0.006610841780520053,0.027765535478184222,0.005288673424416042,0.01498457470251212,0.4261789334508594,0.021595416483032173,0.004847950639048039,0.022036139268400177
0.3216814159292035,0.0048672566371681415,0.008849557522123894,0.062389380530973454,0.007079646017699115,0.04513274336283186,0.00663716814159292,0.016814159292035398,0.007079646017699115,0.024778761061946902,0.005309734513274336,0.015486725663716814,0.42787610619469024,0.020353982300884955,0.0048672566371681415,0.02079646017699115
0.32001775410563693,0.005326231691078562,0.009320905459387484,0.06258322237017311,0.009320905459387484,0.04660452729693742,0.007101642254771416,0.013315579227696404,0.006657789613848202,0.0230803373280071,0.007101642254771416,0.014203284509542832,0.4278739458499778,0.01908566355969818,0.005770084332001775,0.022636484687083888
0.3130242825607064,0.00706401766004415,0.009713024282560706,0.0631346578366446,0.008388520971302429,0.04768211920529802,0.006181015452538631,0.011920529801324504,0.006622516556291391,0.02207505518763797,0.005739514348785872,0.015894039735099338,0.43532008830022073,0.018101545253863136,0.005298013245033113,0.02384105960264901
0.3173893607510058,0.007599463567277604,0.010728654447921324,0.06392489941886455,0.007599463567277604,0.0424675905230219,0.006705409029950827,0.008940545373267769,0.007152436298614216,0.021904336164506034,0.00581135449262405,0.015198927134555208,0.4389807778274475,0.01743406347787215,0.005364327223960662,0.022798390701832812
0.31957857769973663,0.007462686567164179,0.01009657594381036,0.06540825285338016,0.007462686567164179,0.04170324846356453,0.006584723441615452,0.00877963125548727,0.007462686567164179,0.021949078138718173,0.005706760316066725,0.014486391571553995,0.44029850746268656,0.014925373134328358,0.0052677787532923615,0.0228270412642669
0.3185217773867136,0.007919049714034315,0.010118785745710514,0.06291245050593929,0.008798944126704795,0.04003519577650682,0.007479102507699076,0.009678838539375276,0.007479102507699076,0.02111746590409151,0.004839419269687638,0.014078310602727673,0.44302683677958643,0.01627804663440387,0.005719313682358117,0.02199736031676199
0.31333333333333335,0.006666666666666667,0.010222222222222223,0.06355555555555556,0.0071111111111111115,0.042222222222222223,0.006222222222222222,0.011111111111111112,0.0071111111111111115,0.020888888888888887,0.0057777777777777775,0.014222222222222223,0.4471111111111111,0.017333333333333333,0.0057777777777777775,0.021333333333333333
0.31277533039647576,0.007488986784140969,0.011013215859030838,0.06299559471365639,0.007048458149779736,0.04052863436123348,0.006167400881057269,0.012334801762114538,0.005726872246696035,0.022466960352422908,0.004405286343612335,0.014537444933920705,0.44757709251101324,0.017180616740088105,0.006607929515418502,0.021145374449339206
0.3199470432480141,0.008384819064430714,0.009708737864077669,0.06796116504854369,0.007502206531332745,0.04060017652250662,0.0048543689320388345,0.012797881729920565,0.006619593998234775,0.023389232127096204,0.003971756398940865,0.013680494263018535,0.43733451015004415,0.01500441306266549,0.00706090026478376,0.02118270079435128
0.3170731707317073,0.008710801393728223,0.009581881533101045,0.06968641114982578,0.009146341463414634,0.040940766550522645,0.004790940766550522,0.012630662020905924,0.006533101045296167,0.024825783972125436,0.002613240418118467,0.012630662020905924,0.4368466898954704,0.0156794425087108,0.006968641114982578,0.021341463414634148
0.30813186813186816,0.008351648351648353,0.00967032967032967,0.07032967032967033,0.0074725274725274725,0.04087912087912088,0.005274725274725275,0.012747252747252748,0.006153846153846154,0.024615384615384615,0.0026373626373626374,0.015384615384615385,0.4421978021978022,0.016703296703296705,0.007032967032967033,0.02241758241758242
0.3086145648312611,0.008436944937833037,0.009325044404973356,0.0719360568383659,0.007548845470692718,0.044849023090586145,0.004884547069271759,0.012433392539964476,0.007104795737122558,0.023090586145648313,0.002220248667850799,0.015097690941385435,0.4382770870337478,0.015985790408525755,0.007104795737122558,0.023090586145648313
0.3038086802480071,0.00841452612931798,0.00841452612931798,0.07440212577502214,0.0070859167404783,0.043401240035429584,0.003985828166519044,0.011514614703277236,0.007971656333038087,0.023472099202834367,0.002657218777679362,0.01815766164747564,0.4402125775022144,0.014614703277236492,0.007971656333038087,0.023914968999114262
0.3071460275188637,0.00887705281846427,0.00887705281846427,0.06968486462494451,0.007545494895694629,0.04349755881047492,0.002663115845539281,0.01154016866400355,0.006213936972924989,0.0230803373280071,0.002663115845539281,0.018197958277851752,0.44252108300044385,0.014203284509542832,0.007545494895694629,0.02574345317354638
0.3130738959335374,0.00874508089199825,0.009182334936598164,0.06908613904678618,0.007433318758198513,0.04416265850459117,0.0013117621337997377,0.010056843025797988,0.006121556624398776,0.022737210319195452,0.0034980323567993005,0.01880192391779624,0.4372540445999126,0.01355487538259729,0.006558810668998688,0.028421512898994316
0.3108167770419426,0.0075055187637969095,0.009713024282560706,0.07196467991169977,0.006622516556291391,0.04370860927152318,0.002207505518763797,0.011037527593818985,0.005298013245033113,0.019426048565121413,0.0026490066225165563,0.018984547461368653,0.4388520971302428,0.015011037527593819,0.006622516556291391,0.029580573951434878
0.3102076889085285,0.006628369421122404,0.008837825894829872,0.06937693327441449,0.007070260715863898,0.04507291206363235,0.003535130357931949,0.012814847547503314,0.005302695536897923,0.020326999558108707,0.003977021652673442,0.020326999558108707,0.43305346884666374,0.015466195315952275,0.007512152010605391,0.03049049933716306
0.30409872190392245,0.007051564565888057,0.00881445570736007,0.07051564565888056,0.006610841780520053,0.04275011018069634,0.0035257822829440283,0.0123402379903041,0.004847950639048039,0.021154693697664168,0.0035257822829440283,0.022036139268400177,0.4376377258704275,0.015425297487880123,0.007933010136624064,0.031732040546496254
0.3062390158172232,0.006590509666080844,0.00922671353251318,0.07161687170474516,0.007029876977152899,0.03866432337434095,0.0030755711775043936,0.012741652021089631,0.006151142355008787,0.0210896309314587,0.0035149384885764497,0.01977152899824253,0.44332161687170474,0.014059753954305799,0.008347978910369069,0.028558875219683654
0.3010989010989011,0.006593406593406593,0.008791208791208791,0.07560439560439561,0.0074725274725274725,0.036923076923076927,0.0035164835164835165,0.012747252747252748,0.005714285714285714,0.018901098901098902,0.003956043956043956,0.018461538461538463,0.45054945054945056,0.014505494505494506,0.007032967032967033,0.028131868131868132
0.29464285714285715,0.006696428571428571,0.009821428571428571,0.07321428571428572,0.007142857142857143,0.03660714285714286,0.0026785714285714286,0.012946428571428572,0.00625,0.01830357142857143,0.0035714285714285713,0.019196428571428573,0.45803571428571427,0.014285714285714285,0.007142857142857143,0.029464285714285714
0.30191196087149846,0.007114273010226767,0.009782125389061804,0.07647843485993774,0.006669630947087594,0.035571365051133834,0.0031124944419742106,0.012449977767896843,0.006224988883948421,0.020898176967541128,0.004001778568252557,0.016896398399288574,0.44953312583370386,0.014228546020453535,0.006669630947087594,0.02845709204090707
0.2924988903683977,0.007545494895694629,0.010208610741233911,0.07678650687971593,0.006213936972924989,0.033732800710164226,0.0031069684864624943,0.01154016866400355,0.006213936972924989,0.022636484687083888,0.004438526409232135,0.016866400355082113,0.45894363071460276,0.013315579227696404,0.005326231691078562,0.03062583222370173
0.30158730158730157,0.007936507936507936,0.009700176366843033,0.07407407407407407,0.006172839506172839,0.03262786596119929,0.003527336860670194,0.013227513227513227,0.005291005291005291,0.02292768959435626,0.004409171075837742,0.015873015873015872,0.4523809523809524,0.013668430335097001,0.0048500881834215165,0.031746031746031744
0.2943530457981325,0.007114273010226767,0.008892841262783458,0.07247665629168519,0.005780346820809248,0.0329035126722988,0.0035571365051133837,0.014673188083592708,0.005335704757670075,0.021787461093819474,0.005335704757670075,0.016896398399288574,0.4593152512227657,0.014228546020453535,0.004891062694530902,0.032458870609159626
0.2981148619026743,0.00920648838228847,0.00920648838228847,0.07365190705830776,0.005699254712845244,0.03156510302498904,0.0035072336694432268,0.012713722051731697,0.006137658921525646,0.02235861464270057,0.00526085050416484,0.01578255151249452,0.45769399386234105,0.014028934677772907,0.005699254712845244,0.029373081981587022
0.2946150422785937,0.010235870048954161,0.009790832220738763,0.07254116599910992,0.008455718736092568,0.029817534490431688,0.004450378282153983,0.013796172674677348,0.0075656430796617715,0.02403204272363151,0.004895416110369382,0.01557632398753894,0.4543836226079217,0.01557632398753894,0.0053404539385847796,0.02892745883400089
0.29406593406593406,0.008791208791208791,0.008351648351648353,0.07648351648351648,0.009230769230769232,0.02989010989010989,0.005714285714285714,0.014505494505494506,0.007032967032967033,0.024615384615384615,0.005714285714285714,0.016263736263736263,0.450989010989011,0.015384615384615385,0.004835164835164835,0.028131868131868132
0.30133333333333334,0.010222222222222223,0.0071111111111111115,0.07822222222222222,0.008888888888888889,0.028888888888888888,0.0057777777777777775,0.013777777777777778,0.007555555555555556,0.025333333333333333,0.005333333333333333,0.015555555555555555,0.4431111111111111,0.016444444444444446,0.0044444444444444444,0.028
0.29853398489560196,0.010661928031985785,0.005775211017325633,0.0812972012438916,0.009329187027987561,0.028876055086628164,0.0053309640159928924,0.014660151043980453,0.007996446023989337,0.025322079075966238,0.003998223011994669,0.014660151043980453,0.44424700133274103,0.01821412705464238,0.00444247001332741,0.02665482007996446
0.29833040421792617,0.01054481546572935,0.0057117750439367315,0.08304042179261863,0.009666080843585237,0.027680140597539545,0.0048330404217926184,0.013181019332161687,0.007469244288224956,0.02592267135325132,0.0048330404217926184,0.014938488576449912,0.44507908611599295,0.01757469244288225,0.005272407732864675,0.02592267135325132
0.3018951079770824,0.010136624063464082,0.007051564565888057,0.08285588364918467,0.009255178492728075,0.030850594975760245,0.003966505068312032,0.012780960775672102,0.008373732921992068,0.02600264433671221,0.004407227853680035,0.015425297487880123,0.4402820625826355,0.015425297487880123,0.0057293962097840455,0.025561921551344204
0.2978628673196794,0.009795191451469279,0.006678539626001781,0.07836153161175423,0.008904719501335707,0.030721282279608193,0.005342831700801425,0.014692787177203919,0.009349955476402494,0.02226179875333927,0.004452359750667854,0.015138023152270703,0.44879786286731965,0.016028495102404273,0.004897595725734639,0.026714158504007122
0.3028953229398664,0.010244988864142539,0.0071269487750556795,0.07661469933184856,0.0075723830734966595,0.030734966592427616,0.0062360801781737195,0.012917594654788419,0.008908685968819599,0.019599109131403118,0.0035634743875278397,0.014699331848552339,0.45256124721603563,0.016926503340757237,0.005345211581291759,0.024053452115812918
0.30718378140149843,0.009695901278096077,0.007933010136624064,0.07271925958572058,0.007933010136624064,0.02996914940502424,0.0057293962097840455,0.011899515204936095,0.00881445570736007,0.01762891141472014,0.003966505068312032,0.014103129131776113,0.4526223005729396,0.01983252534156016,0.005288673424416042,0.0246804759806082
