C_R,C_A,C_S,C_N,D_R,D_A,D_S,D_N,Oc_R,Oc_A,Oc_S,Oc_N,Od_R,Od_A,Od_S,Od_N
0.0,0.0,0.0,0.0,0.0,1.0,0.0,0.0,0.0,0.0,0.0,0.0,0.0,0.0,0.0,0.0
0.0,0.0,0.0,0.0,0.5,0.5,0.0,0.0,0.0,0.0,0.0,0.0,0.0,0.0,0.0,0.0
0.0,0.0,0.0,0.0,0.25,0.5,0.0,0.0,0.25,0.0,0.0,0.0,0.0,0.0,0.0,0.0
0.0,0.0,0.0,0.0,0.14285714285714285,0.42857142857142855,0.0,0.0,0.14285714285714285,0.0,0.0,0.0,0.2857142857142857,0.0,0.0,0.0
0.0,0.0,0.0,0.0,0.14285714285714285,0.2857142857142857,0.0,0.0,0.14285714285714285,0.0,0.0,0.0,0.42857142857142855,0.0,0.0,0.0
0.0,0.0,0.0,0.18181818181818182,0.09090909090909091,0.2727272727272727,0.0,0.0,0.09090909090909091,0.0,0.0,0.0,0.36363636363636365,0.0,0.0,0.0
0.0,0.0,0.0,0.07142857142857142,0.07142857142857142,0.21428571428571427,0.0,0.0,0.07142857142857142,0.0,0.0,0.07142857142857142,0.5,0.0,0.0,0.0
0.0,0.0,0.0,0.045454545454545456,0.045454545454545456,0.2727272727272727,0.0,0.0,0.045454545454545456,0.0,0.0,0.09090909090909091,0.5,0.0,0.0,0.0
0.0,0.03225806451612903,0.0,0.06451612903225806,0.03225806451612903,0.3225806451612903,0.0,0.0,0.0,0.0,0.0,0.06451612903225806,0.4838709677419355,0.0,0.0,0.0
0.0,0.022222222222222223,0.0,0.06666666666666667,0.022222222222222223,0.28888888888888886,0.0,0.0,0.0,0.0,0.022222222222222223,0.06666666666666667,0.5111111111111111,0.0,0.0,0.0
0.0,0.016129032258064516,0.0,0.06451612903225806,0.016129032258064516,0.2903225806451613,0.0,0.0,0.0,0.0,0.0,0.08064516129032258,0.532258064516129,0.0,0.0,0.0
0.0,0.011494252873563218,0.011494252873563218,0.09195402298850575,0.0,0.27586206896551724,0.0,0.0,0.0,0.0,0.0,0.06896551724137931,0.5402298850574713,0.0,0.0,0.0
0.0,0.009345794392523364,0.009345794392523364,0.102803738317757,0.0,0.2336448598130841,0.0,0.0,0.009345794392523364,0.0,0.0,0.07476635514018691,0.5607476635514018,0.0,0.0,0.0
0.0,0.007352941176470588,0.014705882352941176,0.1323529411764706,0.0,0.2426470588235294,0.0,0.0,0.014705882352941176,0.0,0.0,0.08088235294117647,0.5073529411764706,0.0,0.0,0.0
0.0,0.006535947712418301,0.006535947712418301,0.1437908496732026,0.0,0.24183006535947713,0.0,0.013071895424836602,0.013071895424836602,0.0,0.006535947712418301,0.0784313725490196,0.49019607843137253,0.0,0.0,0.0
0.0,0.005319148936170213,0.005319148936170213,0.13829787234042554,0.0,0.24468085106382978,0.0,0.015957446808510637,0.010638297872340425,0.0,0.005319148936170213,0.0797872340425532,0.48404255319148937,0.0,0.0,0.010638297872340425
0.0,0.00904977375565611,0.0,0.1493212669683258,0.0,0.23529411764705882,0.004524886877828055,0.02262443438914027,0.00904977375565611,0.0,0.004524886877828055,0.07692307692307693,0.4751131221719457,0.004524886877828055,0.0,0.00904977375565611
0.0,0.008,0.0,0.144,0.0,0.232,0.008,0.036,0.008,0.0,0.008,0.068,0.472,0.004,0.0,0.012
0.0,0.006802721088435374,0.003401360544217687,0.14965986394557823,0.0,0.22108843537414966,0.006802721088435374,0.04081632653061224,0.0,0.003401360544217687,0.003401360544217687,0.07142857142857142,0.47619047619047616,0.003401360544217687,0.0,0.013605442176870748
0.0029850746268656717,0.008955223880597015,0.005970149253731343,0.14328358208955225,0.0,0.22686567164179106,0.0029850746268656717,0.04477611940298507,0.0,0.008955223880597015,0.0029850746268656717,0.08059701492537313,0.4597014925373134,0.0,0.0,0.011940298507462687
0.005128205128205128,0.007692307692307693,0.01282051282051282,0.14871794871794872,0.0,0.23076923076923078,0.002564102564102564,0.04358974358974359,0.0,0.007692307692307693,0.002564102564102564,0.08717948717948718,0.4307692307692308,0.005128205128205128,0.0,0.015384615384615385
0.0045871559633027525,0.006880733944954129,0.009174311926605505,0.14908256880733944,0.0022935779816513763,0.22018348623853212,0.0022935779816513763,0.045871559633027525,0.0,0.006880733944954129,0.0045871559633027525,0.08486238532110092,0.44036697247706424,0.0045871559633027525,0.0,0.01834862385321101
0.0040650406504065045,0.0040650406504065045,0.01016260162601626,0.1565040650406504,0.0020325203252032522,0.21951219512195122,0.0020325203252032522,0.046747967479674794,0.0,0.006097560975609756,0.006097560975609756,0.08536585365853659,0.43089430894308944,0.006097560975609756,0.0,0.02032520325203252
0.005545286506469501,0.005545286506469501,0.0073937153419593345,0.15526802218114602,0.0018484288354898336,0.21811460258780038,0.0018484288354898336,0.04805914972273567,0.0018484288354898336,0.005545286506469501,0.005545286506469501,0.07948243992606285,0.4343807763401109,0.0073937153419593345,0.0,0.022181146025878003
0.0065252854812398045,0.0065252854812398045,0.0065252854812398045,0.15823817292006526,0.0016313213703099511,0.20717781402936378,0.0016313213703099511,0.04730831973898858,0.0016313213703099511,0.0032626427406199023,0.0032626427406199023,0.08809135399673736,0.433931484502447,0.0065252854812398045,0.0016313213703099511,0.026101141924959218
0.004451038575667656,0.00741839762611276,0.005934718100890208,0.16468842729970326,0.001483679525222552,0.20178041543026706,0.002967359050445104,0.050445103857566766,0.001483679525222552,0.001483679525222552,0.004451038575667656,0.09643916913946587,0.41839762611275966,0.008902077151335312,0.001483679525222552,0.028189910979228485
0.003931847968545216,0.007863695937090432,0.005242463958060288,0.1651376146788991,0.002621231979030144,0.20838794233289645,0.002621231979030144,0.04849279161205767,0.001310615989515072,0.002621231979030144,0.003931847968545216,0.09436435124508519,0.4167758846657929,0.005242463958060288,0.001310615989515072,0.03014416775884666
0.0023584905660377358,0.007075471698113208,0.0047169811320754715,0.1792452830188679,0.0023584905660377358,0.19929245283018868,0.0023584905660377358,0.055424528301886794,0.0023584905660377358,0.003537735849056604,0.003537735849056604,0.08962264150943396,0.41037735849056606,0.003537735849056604,0.003537735849056604,0.030660377358490566
0.002152852529601722,0.005382131324004306,0.004305705059203444,0.19052744886975242,0.004305705059203444,0.1916038751345533,0.002152852529601722,0.05059203444564048,0.002152852529601722,0.0032292787944025836,0.004305705059203444,0.09257265877287406,0.40796555435952636,0.0032292787944025836,0.0032292787944025836,0.03229278794402583
0.002976190476190476,0.006944444444444444,0.00496031746031746,0.1984126984126984,0.003968253968253968,0.1865079365079365,0.001984126984126984,0.05952380952380952,0.002976190476190476,0.001984126984126984,0.003968253968253968,0.08928571428571429,0.3948412698412698,0.003968253968253968,0.001984126984126984,0.03571428571428571
0.004578754578754579,0.007326007326007326,0.004578754578754579,0.20512820512820512,0.003663003663003663,0.18406593406593408,0.0018315018315018315,0.056776556776556776,0.003663003663003663,0.0027472527472527475,0.003663003663003663,0.08608058608058608,0.39285714285714285,0.003663003663003663,0.003663003663003663,0.03571428571428571
0.0034602076124567475,0.006920415224913495,0.005190311418685121,0.21193771626297578,0.004325259515570935,0.17993079584775087,0.0017301038062283738,0.05795847750865052,0.0025951557093425604,0.0034602076124567475,0.0034602076124567475,0.08737024221453288,0.3884083044982699,0.0034602076124567475,0.005190311418685121,0.03460207612456748
0.0024057738572574178,0.007217321571772253,0.0048115477145148355,0.2157177225340818,0.0048115477145148355,0.1740176423416199,0.0016038492381716118,0.06575781876503609,0.0024057738572574178,0.0048115477145148355,0.0032076984763432237,0.09222133119486768,0.37048917401764236,0.0048115477145148355,0.0056134723336006415,0.040096230954290296
0.0022338049143708115,0.006701414743112435,0.004467609828741623,0.21593447505584512,0.0052122114668652275,0.17647058823529413,0.0022338049143708115,0.06403574087862993,0.0029784065524944155,0.004467609828741623,0.0037230081906180195,0.08562918838421445,0.37527922561429633,0.004467609828741623,0.006701414743112435,0.039463886820551006
0.0021156558533145277,0.007757404795486601,0.004231311706629055,0.21227080394922426,0.005641748942172073,0.17418899858956277,0.0028208744710860366,0.06699576868829338,0.0028208744710860366,0.003526093088857546,0.003526093088857546,0.08603667136812412,0.37447108603667134,0.004231311706629055,0.006346967559943582,0.04301833568406206
0.0013395847287340924,0.007367716008037508,0.004018754186202277,0.2203616878767582,0.0053583389149363695,0.16744809109176156,0.003348961821835231,0.072337575351641,0.0026791694574681848,0.003348961821835231,0.004688546550569324,0.0810448760884126,0.36905559276624245,0.0053583389149363695,0.006028131279303416,0.046215673141326186
0.0012853470437017994,0.005784061696658098,0.004498714652956298,0.2236503856041131,0.006426735218508998,0.16902313624678664,0.003213367609254499,0.07776349614395887,0.002570694087403599,0.003213367609254499,0.005784061696658098,0.08097686375321336,0.35668380462724936,0.006426735218508998,0.007069408740359897,0.04562982005141388
0.0012315270935960591,0.0049261083743842365,0.006157635467980296,0.2210591133004926,0.0049261083743842365,0.16933497536945813,0.004310344827586207,0.08004926108374384,0.0024630541871921183,0.0018472906403940886,0.005541871921182266,0.08004926108374384,0.3552955665024631,0.007389162561576354,0.0067733990147783255,0.04864532019704434
0.0018028846153846155,0.004807692307692308,0.006610576923076923,0.21875,0.006610576923076923,0.16346153846153846,0.004807692307692308,0.08473557692307693,0.002403846153846154,0.002403846153846154,0.004807692307692308,0.07992788461538461,0.3563701923076923,0.0078125,0.006009615384615385,0.048677884615384616
0.002290950744558992,0.003436426116838488,0.006872852233676976,0.21993127147766323,0.006300114547537228,0.1672394043528064,0.004009163802978236,0.09163802978235967,0.0028636884306987398,0.002290950744558992,0.0057273768613974796,0.07961053837342497,0.34421534936998854,0.006872852233676976,0.006300114547537228,0.050400916380297825
0.003837719298245614,0.003289473684210526,0.005482456140350877,0.22423245614035087,0.007675438596491228,0.1611842105263158,0.0043859649122807015,0.09100877192982457,0.0027412280701754384,0.003289473684210526,0.005482456140350877,0.07949561403508772,0.3475877192982456,0.005482456140350877,0.004934210526315789,0.049890350877192985
0.005319148936170213,0.002127659574468085,0.006914893617021276,0.22021276595744682,0.00851063829787234,0.1601063829787234,0.003723404255319149,0.09148936170212765,0.0026595744680851063,0.0031914893617021275,0.005319148936170213,0.07393617021276595,0.3515957446808511,0.005319148936170213,0.005319148936170213,0.05425531914893617
0.006276150627615063,0.002615062761506276,0.007845188284518828,0.2290794979079498,0.00889121338912134,0.16265690376569036,0.0031380753138075313,0.08838912133891214,0.002615062761506276,0.002615062761506276,0.0041841004184100415,0.07688284518828452,0.34675732217573224,0.004707112970711297,0.005753138075313808,0.047594142259414225
0.005612244897959183,0.003061224489795918,0.00816326530612245,0.22959183673469388,0.007142857142857143,0.1586734693877551,0.0035714285714285713,0.09438775510204081,0.004081632653061225,0.003061224489795918,0.003061224489795918,0.07193877551020408,0.34591836734693876,0.00510204081632653,0.0066326530612244895,0.05
0.006458022851465474,0.0024838549428713363,0.007451564828614009,0.23497267759562843,0.006458022851465474,0.15350223546944858,0.004470938897168405,0.09587680079483359,0.0024838549428713363,0.004470938897168405,0.0029806259314456036,0.07153502235469449,0.3462493790362643,0.00546448087431694,0.006458022851465474,0.04868355688027819
0.0058309037900874635,0.0029154518950437317,0.007288629737609329,0.23517978620019436,0.0058309037900874635,0.15403304178814384,0.004859086491739553,0.09815354713313897,0.0024295432458697765,0.006802721088435374,0.003401360544217687,0.06948493683187561,0.34402332361516036,0.006316812439261419,0.004859086491739553,0.04859086491739553
0.006134969325153374,0.0033034450212364322,0.008494572911750826,0.2340726757904672,0.005191127890514393,0.14771118452100046,0.005191127890514393,0.09863142991977347,0.0023596035865974517,0.0066068900424728644,0.0033034450212364322,0.06701274185936762,0.3496932515337423,0.008966493629070316,0.005191127890514393,0.04813591316658802
0.006472491909385114,0.003236245954692557,0.008321775312066574,0.23763291724456773,0.004160887656033287,0.14563106796116504,0.006934812760055479,0.09893666204345816,0.002311604253351826,0.00785945446139621,0.003236245954692557,0.06333795654184003,0.34905224225612574,0.009708737864077669,0.005547850208044383,0.047619047619047616
0.007428040854224698,0.002785515320334262,0.006963788300835654,0.24187558031569173,0.004178272980501393,0.14113277623026926,0.0060352831940575676,0.10167130919220056,0.002785515320334262,0.008356545961002786,0.004642525533890436,0.06128133704735376,0.3500464252553389,0.008356545961002786,0.005571030640668524,0.04688950789229341
0.009025270758122744,0.002707581227436823,0.006768953068592058,0.24684115523465705,0.004061371841155234,0.13763537906137185,0.0058664259927797835,0.10379061371841156,0.002707581227436823,0.008122743682310469,0.00631768953068592,0.060018050541516245,0.3479241877256318,0.007220216606498195,0.005415162454873646,0.04557761732851986
0.011235955056179775,0.002696629213483146,0.006741573033707865,0.2498876404494382,0.004044943820224719,0.1397752808988764,0.006741573033707865,0.0997752808988764,0.0035955056179775282,0.008089887640449439,0.005842696629213483,0.059775280898876404,0.34247191011235956,0.006741573033707865,0.006292134831460674,0.04629213483146068
0.011601963409192326,0.0022311468094600626,0.005800981704596163,0.250334672021419,0.0031236055332440876,0.14190093708165996,0.0071396697902722,0.10263275323516287,0.004016064257028112,0.008478357875948238,0.006247211066488175,0.058902275769745646,0.3391343150379295,0.005800981704596163,0.005800981704596163,0.04685408299866131
0.012747252747252748,0.0026373626373626374,0.006153846153846154,0.2518681318681319,0.0035164835164835165,0.13626373626373625,0.008791208791208791,0.09846153846153846,0.004395604395604396,0.007912087912087912,0.0074725274725274725,0.05714285714285714,0.34417582417582415,0.007032967032967033,0.006593406593406593,0.04483516483516484
0.013796172674677348,0.0035603026257231864,0.006230529595015576,0.25100133511348466,0.004450378282153983,0.13840676457498888,0.009345794392523364,0.09568313306631064,0.0035603026257231864,0.009345794392523364,0.007120605251446373,0.05518469069870939,0.3462394303515799,0.007120605251446373,0.006230529595015576,0.042723631508678236
0.013783903957314362,0.0035571365051133837,0.006669630947087594,0.24855491329479767,0.005335704757670075,0.13561582925744775,0.009337483325922631,0.09737661182747888,0.004001778568252557,0.009782125389061804,0.00755891507336594,0.052912405513561585,0.35126722987994663,0.007114273010226767,0.007114273010226767,0.040017785682525564
0.013489208633093525,0.002697841726618705,0.006294964028776978,0.24955035971223022,0.006294964028776978,0.13534172661870503,0.009442446043165468,0.10071942446043165,0.0044964028776978415,0.011241007194244604,0.007643884892086331,0.05350719424460432,0.3444244604316547,0.007643884892086331,0.005845323741007194,0.04136690647482014
0.014499320344358859,0.004984141368373357,0.007249660172179429,0.24830086089714545,0.0058903488898957865,0.1368373357498867,0.009968282736746714,0.09922972360670594,0.004531037607612143,0.01042138649750793,0.008608971454463071,0.05301314000906208,0.34254644313547805,0.008155867693701857,0.006796556411418215,0.03896692342546443
0.015057573073516387,0.005314437555358724,0.0070859167404783,0.24180690876882197,0.005757307351638618,0.13684676705048715,0.008857395925597875,0.10008857395925598,0.00487156775907883,0.011514614703277236,0.008857395925597875,0.05358724534986714,0.3463241806908769,0.008857395925597875,0.006200177147918512,0.03897254207263064
0.015185350602947744,0.006699419383653417,0.006252791424743189,0.2523447967842787,0.005806163465832961,0.1397945511389013,0.008485931219294328,0.09915140687807057,0.004912907548012505,0.011165698972755694,0.0080393032603841,0.05225547119249665,0.33854399285395265,0.008932559178204555,0.0044662795891022775,0.03796337650736936
0.015638963360142984,0.0071492403932082215,0.006702412868632708,0.24754244861483468,0.00580875781948168,0.13270777479892762,0.007596067917783735,0.09472743521000894,0.00580875781948168,0.012511170688114389,0.00804289544235925,0.05361930294906166,0.3512064343163539,0.009830205540661306,0.005361930294906166,0.035746201966041107
0.01818988464951198,0.0075421472937000885,0.005323868677905945,0.24622892635314997,0.006211180124223602,0.1344276841171251,0.00709849157054126,0.09272404614019521,0.00709849157054126,0.013309671694764862,0.008429458740017746,0.05235137533274179,0.35226264418811004,0.009316770186335404,0.005323868677905945,0.034161490683229816
0.016896398399288574,0.006224988883948421,0.005780346820809248,0.24811027123165852,0.006224988883948421,0.13250333481547355,0.00755891507336594,0.09248554913294797,0.007114273010226767,0.012894619831036016,0.009782125389061804,0.05246776345042241,0.3490440195642508,0.01200533570475767,0.006669630947087594,0.03423743886171632
0.01871657754010695,0.0066844919786096255,0.004901960784313725,0.23885918003565063,0.006238859180035651,0.13324420677361853,0.008912655971479501,0.09090909090909091,0.007575757575757576,0.014705882352941176,0.008467023172905526,0.054367201426024955,0.35249554367201424,0.012477718360071301,0.0053475935828877,0.03609625668449198
0.018141592920353982,0.007964601769911504,0.005309734513274336,0.23716814159292035,0.007079646017699115,0.13274336283185842,0.008407079646017699,0.08938053097345133,0.006194690265486726,0.013716814159292035,0.007964601769911504,0.05530973451327434,0.3566371681415929,0.012389380530973451,0.00663716814159292,0.034955752212389384
0.018360949395432154,0.00806090461262875,0.005373936408419167,0.23645320197044334,0.006269592476489028,0.13076578593819974,0.009852216748768473,0.08911777877295118,0.00761307657859382,0.011643528884908196,0.00761307657859382,0.05508284818629646,0.35781459919390957,0.012987012987012988,0.005821764442454098,0.03716972682489924
0.02056325435851587,0.008046490835940992,0.00581135449262405,0.23513634331694233,0.006705409029950827,0.13097898971837282,0.008493518104604381,0.08582923558337059,0.008046490835940992,0.011175681716584712,0.005364327223960662,0.058113544926240504,0.3598569512740277,0.012516763522574878,0.006258381761287439,0.037103263299061245
0.020471740097908322,0.0075656430796617715,0.005785491766800178,0.2349799732977303,0.006230529595015576,0.1308411214953271,0.00801068090787717,0.08322207387627949,0.008455718736092568,0.011570983533600357,0.006230529595015576,0.056074766355140186,0.3622607921673342,0.012461059190031152,0.005785491766800178,0.04005340453938585
0.02040816326530612,0.0075421472937000885,0.006211180124223602,0.2377994676131322,0.00709849157054126,0.12599822537710736,0.006654835847382431,0.0834072759538598,0.007985803016858917,0.011978704525288377,0.005323868677905945,0.05723158828748891,0.3646850044365572,0.011535048802129548,0.005767524401064774,0.040372670807453416
0.02213368747233289,0.006640106241699867,0.005754758742806552,0.23860115095174855,0.007525453740593183,0.1248339973439575,0.006640106241699867,0.08410801239486498,0.008853474988933156,0.01239486498450642,0.005754758742806552,0.05754758742806552,0.36343514829570606,0.010624169986719787,0.005312084993359893,0.0398406374501992
0.02332884701659937,0.008075370121130552,0.005383580080753701,0.24091520861372812,0.00762673844773441,0.12427097353073127,0.007178106774338268,0.0816509645580978,0.00762673844773441,0.011664423508299685,0.006280843427545985,0.057424854194706144,0.3651861821444594,0.00986989681471512,0.005832211754149843,0.03768506056527591
0.024822695035460994,0.007535460992907801,0.005319148936170213,0.2375886524822695,0.007535460992907801,0.12189716312056738,0.0062056737588652485,0.08333333333333333,0.007535460992907801,0.012411347517730497,0.0062056737588652485,0.054078014184397165,0.3727836879432624,0.00975177304964539,0.004875886524822695,0.038120567375886524
0.026421854008060904,0.00761307657859382,0.0049261083743842365,0.23421406180026869,0.006269592476489028,0.12180922525750112,0.005821764442454098,0.08374384236453201,0.006717420510523959,0.013434841021047918,0.005821764442454098,0.05821764442454098,0.37393640841916703,0.009852216748768473,0.0049261083743842365,0.036274070756829375
0.026327532351628737,0.008032128514056224,0.0049085229808121375,0.23650156180276663,0.008478357875948238,0.12360553324408746,0.00535475234270415,0.07942882641677822,0.006247211066488175,0.013833110218652387,0.00535475234270415,0.0535475234270415,0.37527889335118253,0.009817045961624275,0.004462293618920125,0.038821954484605084
0.02546916890080429,0.008489722966934763,0.006255585344057194,0.23190348525469168,0.00804289544235925,0.11796246648793565,0.004021447721179625,0.08266309204647006,0.006702412868632708,0.01519213583556747,0.005361930294906166,0.05317247542448615,0.38248436103663985,0.007596067917783735,0.005361930294906166,0.03932082216264522
0.027583187390542906,0.0074430823117338,0.006129597197898424,0.23598949211908932,0.0074430823117338,0.11252189141856392,0.004816112084063047,0.08143607705779335,0.006567425569176883,0.017075306479859893,0.005253940455341506,0.05122591943957969,0.38879159369527144,0.0070052539404553416,0.005253940455341506,0.03546409807355517
0.02666666666666667,0.008,0.006222222222222222,0.232,0.006666666666666667,0.11466666666666667,0.004888888888888889,0.07733333333333334,0.006222222222222222,0.017333333333333333,0.004888888888888889,0.052444444444444446,0.3933333333333333,0.007555555555555556,0.004888888888888889,0.03688888888888889
0.028469750889679714,0.008451957295373666,0.006227758007117438,0.23354092526690393,0.0071174377224199285,0.11209964412811388,0.0071174377224199285,0.07161921708185054,0.0066725978647686835,0.01601423487544484,0.005782918149466192,0.05115658362989324,0.39501779359430605,0.007562277580071174,0.004893238434163701,0.03825622775800712
0.030262572318647086,0.009345794392523364,0.006675567423230975,0.23319982198486872,0.00801068090787717,0.10725411659991099,0.006230529595015576,0.07076101468624833,0.007120605251446373,0.015131286159323543,0.007120605251446373,0.04806408544726302,0.3978638184245661,0.007120605251446373,0.0053404539385847796,0.040498442367601244
0.03261840929401251,0.010277033065236819,0.006255585344057194,0.2323503127792672,0.0071492403932082215,0.10277033065236818,0.006255585344057194,0.07238605898123325,0.005361930294906166,0.012511170688114389,0.0071492403932082215,0.050491510277033066,0.40303842716711347,0.007596067917783735,0.005361930294906166,0.03842716711349419
0.03757736516357206,0.008841732979664015,0.007073386383731211,0.22988505747126436,0.007515473032714412,0.10079575596816977,0.005747126436781609,0.06896551724137931,0.004862953138815208,0.01237842617152962,0.007073386383731211,0.046419098143236075,0.4120247568523431,0.009283819628647215,0.005747126436781609,0.03580901856763926
0.038529672276350756,0.00841452612931798,0.0070859167404783,0.2240921169176262,0.00841452612931798,0.10496014171833482,0.0070859167404783,0.06953055801594331,0.005757307351638618,0.012843224092116917,0.007528786536758193,0.050487156775907885,0.4061116031886625,0.010186005314437556,0.005314437555358724,0.03365810451727192
0.03992979376919702,0.008336989907854322,0.008336989907854322,0.21588415971917507,0.007898200965335674,0.09872751206669592,0.007459412022817025,0.06625713032031592,0.00614304519526108,0.01228609039052216,0.008336989907854322,0.050460728389644584,0.419482229047828,0.010530934620447565,0.005265467310223783,0.03466432645897324
0.03967900133749443,0.008916629514043692,0.008470798038341507,0.2135532768613464,0.00980829246544806,0.09942041908158716,0.006241640659830584,0.06286223807400802,0.00490414623272403,0.012037449843958983,0.008470798038341507,0.0521622826571556,0.4239857333927775,0.010254123941150245,0.006241640659830584,0.03299152920196166
0.04467049977885891,0.009287925696594427,0.007518796992481203,0.2118531623175586,0.008845643520566122,0.09774436090225563,0.006191950464396285,0.06059265811587793,0.005749668288367979,0.012826183104820876,0.00796107916850951,0.05174701459531181,0.42591773551525874,0.009287925696594427,0.006191950464396285,0.03361344537815126
0.0422034651266104,0.00888494002665482,0.007996446023989337,0.21634828964904487,0.009773434029320302,0.09551310528653932,0.0053309640159928924,0.059973345179920035,0.004886717014660151,0.014215904042647711,0.007996446023989337,0.04842292314526877,0.4260328742780986,0.009773434029320302,0.006663705019991115,0.03598400710795202
0.040897097625329816,0.009674582233948988,0.007036059806508356,0.21108179419525067,0.008795074758135445,0.09674582233948989,0.006156552330694811,0.060246262093227795,0.005277044854881266,0.014951627088830254,0.008355321020228672,0.04661389621811785,0.4340369393139842,0.010993843447669306,0.006156552330694811,0.032981530343007916
0.040870724122612175,0.011550422034651266,0.007996446023989337,0.20879609062638826,0.008440693025322079,0.09684584629053754,0.006663705019991115,0.05508662816525989,0.004886717014660151,0.014215904042647711,0.007552199022656597,0.05153265215459796,0.43491781430475346,0.01332741003998223,0.006663705019991115,0.03065304309195913
0.04224099599822143,0.011116051578479324,0.006224988883948421,0.21431747443308136,0.009337483325922631,0.0938194753223655,0.005780346820809248,0.055135615829257446,0.005335704757670075,0.012449977767896843,0.008003557136505114,0.048465984882169855,0.43797243219208537,0.012894619831036016,0.007114273010226767,0.029791018230324588
0.04384410983170948,0.011957484499557131,0.005757307351638618,0.21523472099202834,0.007528786536758193,0.09433126660761736,0.00487156775907883,0.05535872453498671,0.005757307351638618,0.012400354295837024,0.007528786536758193,0.046944198405668734,0.4402125775022144,0.011071744906997343,0.007971656333038087,0.029229406554472984
0.04709507042253521,0.011443661971830986,0.006161971830985915,0.21170774647887325,0.007042253521126761,0.09066901408450705,0.0048415492957746475,0.05457746478873239,0.005721830985915493,0.013204225352112676,0.008362676056338027,0.053257042253521125,0.43705985915492956,0.012764084507042254,0.008802816901408451,0.027288732394366196
0.047681539807524057,0.011811023622047244,0.005249343832020997,0.21084864391951005,0.006124234470691163,0.08748906386701662,0.006561679790026247,0.051618547681539804,0.00699912510936133,0.01268591426071741,0.00699912510936133,0.051181102362204724,0.4453193350831146,0.012248468941382326,0.009186351706036745,0.02799650043744532
0.047851129818342934,0.01284891448825875,0.005316792202038104,0.2095702259636686,0.007089056269384138,0.08817013735046522,0.006202924235711121,0.052724856003544526,0.00664599025254763,0.013735046521931768,0.007089056269384138,0.052724856003544526,0.4408506867523261,0.012405848471422242,0.010633584404076208,0.026140894993354008
0.047064096817570594,0.012998655311519497,0.005378753922008068,0.20349619004930525,0.00761990138951143,0.08874943971313312,0.005378753922008068,0.0502017032720753,0.0062752129090094125,0.016584491259524877,0.006723442402510085,0.05423576871358135,0.4468848050201703,0.012998655311519497,0.008964589870013447,0.026445540116539667
0.046532045654082525,0.012730465320456541,0.0052677787532923615,0.2067603160667252,0.007462686567164179,0.08516242317822652,0.005706760316066725,0.051360842844600525,0.006584723441615452,0.017120280948200176,0.006584723441615452,0.05004389815627744,0.45258999122036875,0.010974539069359086,0.008340649692712906,0.026777875329236173
0.04842292314526877,0.01332741003998223,0.005775211017325633,0.20568636161705908,0.006663705019991115,0.08396268325188805,0.0053309640159928924,0.050644158151932475,0.00888494002665482,0.0173256330519769,0.006219458018658374,0.05242114615726344,0.4495779653487339,0.010661928031985785,0.007996446023989337,0.027099067081297203
0.048984995586937335,0.012797881729920565,0.00441306266548985,0.20344218887908208,0.00529567519858782,0.0794351279788173,0.0048543689320388345,0.05030891438658429,0.008384819064430714,0.018976169461606355,0.006619593998234775,0.0529567519858782,0.4585172109443954,0.01147396293027361,0.007502206531332745,0.026037069726390114
0.04886717014660151,0.011550422034651266,0.004886717014660151,0.20613060861839183,0.00444247001332741,0.07863171923589515,0.0053309640159928924,0.047534429142603286,0.008440693025322079,0.01821412705464238,0.006663705019991115,0.05153265215459796,0.4624611283873834,0.011106175033318524,0.00888494002665482,0.025322079075966238
0.050442477876106194,0.011061946902654867,0.0048672566371681415,0.20619469026548673,0.00663716814159292,0.08141592920353982,0.005309734513274336,0.04469026548672567,0.007964601769911504,0.019469026548672566,0.005309734513274336,0.05,0.46194690265486726,0.009292035398230088,0.00752212389380531,0.027876106194690265
0.049868766404199474,0.010498687664041995,0.004811898512685914,0.20166229221347332,0.005686789151356081,0.0804899387576553,0.005249343832020997,0.04505686789151356,0.008311461067366578,0.019247594050743656,0.005686789151356081,0.051618547681539804,0.4658792650918635,0.010061242344706912,0.007874015748031496,0.02799650043744532
0.05119152691968226,0.011032656663724626,0.005736981465136805,0.206090026478376,0.00617828773168579,0.07722859664607237,0.005736981465136805,0.045454545454545456,0.00794351279788173,0.018534863195057368,0.00529567519858782,0.05207413945278023,0.4655781112091792,0.009267431597528684,0.005736981465136805,0.026919682259488084
0.05392156862745098,0.011140819964349376,0.0053475935828877,0.2090017825311943,0.0066844919786096255,0.07887700534759358,0.005793226381461676,0.04322638146167558,0.007575757575757576,0.020053475935828877,0.004901960784313725,0.05080213903743316,0.4612299465240642,0.010249554367201427,0.005793226381461676,0.02540106951871658
0.051907719609582965,0.01020408163265306,0.005767524401064774,0.20896184560780834,0.005767524401064774,0.0771960958296362,0.005323868677905945,0.04081632653061224,0.007985803016858917,0.02040816326530612,0.0044365572315882874,0.049689440993788817,0.4707187222715173,0.01020408163265306,0.005767524401064774,0.024844720496894408
0.05321507760532151,0.010199556541019957,0.007095343680709534,0.2031042128603104,0.007095343680709534,0.07716186252771619,0.006208425720620843,0.04301552106430155,0.007095343680709534,0.019068736141906874,0.004878048780487805,0.05055432372505543,0.4727272727272727,0.010199556541019957,0.004878048780487805,0.02350332594235033
0.05015398152221733,0.010118785745710514,0.005279366476022877,0.20501539815222172,0.006599208095028597,0.075230972283326,0.0061592608886933565,0.04135503739551254,0.007039155301363837,0.01891772987241531,0.004839419269687638,0.049714034315882095,0.47866256049274086,0.011878574571051475,0.005279366476022877,0.02375714914210295
0.054041983028137563,0.010719071013845467,0.006252791424743189,0.19919606967396158,0.006699419383653417,0.07637338097364894,0.007592675301473872,0.04242965609647164,0.007592675301473872,0.01831174631531934,0.004912907548012505,0.051362215274676194,0.47655203215721303,0.011612326931665922,0.0044662795891022775,0.02188476998660116
0.053006681514476614,0.010690423162583519,0.005345211581291759,0.20489977728285078,0.0075723830734966595,0.07527839643652562,0.0071269487750556795,0.042761692650334075,0.0071269487750556795,0.01737193763919822,0.005345211581291759,0.049888641425389756,0.47616926503340756,0.011581291759465479,0.0035634743875278397,0.022271714922048998
0.051541850220264314,0.01013215859030837,0.006167400881057269,0.20484581497797358,0.009691629955947136,0.07004405286343612,0.007488986784140969,0.04052863436123348,0.0052863436123348016,0.018502202643171806,0.006607929515418502,0.051541850220264314,0.4779735682819383,0.011894273127753305,0.003964757709251102,0.02378854625550661
0.053125,0.009821428571428571,0.00625,0.19866071428571427,0.008482142857142856,0.06964285714285715,0.007589285714285714,0.03705357142857143,0.0035714285714285713,0.01830357142857143,0.005803571428571429,0.05133928571428571,0.490625,0.012053571428571429,0.0040178571428571425,0.023660714285714285
0.05125939019001326,0.010163499779054353,0.005302695536897923,0.2010605391073796,0.007954043305346884,0.068935041979673,0.0061864781263809105,0.0410958904109589,0.003977021652673442,0.019001325673884226,0.006628369421122404,0.04904993371630579,0.48740609809986746,0.012814847547503314,0.004860804242156429,0.024304021210782147
0.05172413793103448,0.009283819628647215,0.004862953138815208,0.1976127320954907,0.008399646330680813,0.0658709106984969,0.004420866489832007,0.04332449160035367,0.0035366931918656055,0.017241379310344827,0.007073386383731211,0.04730327144120248,0.497789566755084,0.01237842617152962,0.004420866489832007,0.02475685234305924
0.04964850615114236,0.007908611599297012,0.0048330404217926184,0.19859402460456943,0.007908611599297012,0.06195079086115993,0.0048330404217926184,0.04086115992970123,0.0030755711775043936,0.018014059753954304,0.008347978910369069,0.04789103690685413,0.5048330404217927,0.012741652021089631,0.0048330404217926184,0.023725834797891036
0.05286343612334802,0.008370044052863436,0.005726872246696035,0.19823788546255505,0.008370044052863436,0.05947136563876652,0.0052863436123348016,0.039207048458149776,0.003964757709251102,0.018502202643171806,0.00881057268722467,0.048458149779735685,0.5008810572687225,0.014096916299559472,0.005726872246696035,0.022026431718061675
0.05387355298308103,0.008014247551202136,0.006678539626001781,0.19634906500445237,0.008014247551202136,0.058771148708815675,0.005342831700801425,0.040516473731077474,0.004897595725734639,0.0182546749777382,0.008014247551202136,0.048975957257346395,0.5035618878005342,0.013357079252003561,0.00578806767586821,0.019590382902938557
0.054017857142857145,0.007142857142857143,0.007142857142857143,0.20089285714285715,0.00625,0.05848214285714286,0.005357142857142857,0.039285714285714285,0.005803571428571429,0.01875,0.007589285714285714,0.044642857142857144,0.5040178571428572,0.014285714285714285,0.005803571428571429,0.020535714285714286
0.05491585473870682,0.007528786536758193,0.005757307351638618,0.19574844995571303,0.006200177147918512,0.0566873339238264,0.00487156775907883,0.03897254207263064,0.006200177147918512,0.015057573073516387,0.00841452612931798,0.045172719220549155,0.5128432240921169,0.01550044286979628,0.006200177147918512,0.019929140832595216
0.05398230088495575,0.00752212389380531,0.0048672566371681415,0.19601769911504424,0.006194690265486726,0.05309734513274336,0.0048672566371681415,0.03716814159292035,0.00663716814159292,0.017256637168141593,0.008407079646017699,0.04513274336283186,0.515929203539823,0.01504424778761062,0.00663716814159292,0.021238938053097345
0.05767524401064774,0.008429458740017746,0.0044365572315882874,0.1974267968056788,0.005767524401064774,0.050576752440106475,0.0048802129547471165,0.037267080745341616,0.006211180124223602,0.01730257320319432,0.0075421472937000885,0.04569653948535936,0.5146406388642414,0.015084294587400177,0.006654835847382431,0.02040816326530612
0.05853658536585366,0.007982261640798226,0.005764966740576497,0.1973392461197339,0.003547671840354767,0.05454545454545454,0.004878048780487805,0.03325942350332594,0.006208425720620843,0.017738359201773836,0.00753880266075388,0.04301552106430155,0.5135254988913526,0.016851441241685146,0.0066518847006651885,0.02261640798226164
0.057598582188746125,0.00664599025254763,0.00664599025254763,0.19406291537439077,0.005316792202038104,0.05183872396987151,0.005316792202038104,0.034559149313247675,0.006202924235711121,0.018165706690296855,0.007089056269384138,0.0407620735489588,0.5223748338502436,0.015064244572441293,0.006202924235711121,0.022153300841825433
0.054788418708240534,0.0071269487750556795,0.005345211581291759,0.19688195991091315,0.004454342984409799,0.057015590200445436,0.005345211581291759,0.03429844097995546,0.004454342984409799,0.016035634743875277,0.0066815144766146995,0.03830734966592428,0.5265033407572383,0.014699331848552339,0.005345211581291759,0.02271714922048998
0.057760141093474424,0.007495590828924162,0.005291005291005291,0.1984126984126984,0.004409171075837742,0.054673721340388004,0.004409171075837742,0.03747795414462081,0.003527336860670194,0.016313932980599646,0.007054673721340388,0.04144620811287478,0.5233686067019401,0.012345679012345678,0.005291005291005291,0.02072310405643739
0.059366754617414245,0.008355321020228672,0.005277044854881266,0.193051890941073,0.005716798592788039,0.05408970976253298,0.004837291116974494,0.036499560246262094,0.003518029903254178,0.017150395778364115,0.005716798592788039,0.04177660510114336,0.5272647317502199,0.013632365875109938,0.0043975373790677225,0.019349164467897976
0.05864060417592181,0.00888494002665482,0.004886717014660151,0.1928031985784096,0.006663705019991115,0.05153265215459796,0.003998223011994669,0.03642825410928476,0.002221235006663705,0.015992892047978675,0.005775211017325633,0.0422034651266104,0.5330964015992892,0.013771657041314972,0.00444247001332741,0.018658374055975122
0.05494018608772707,0.008861320336730172,0.003544528134692069,0.19672131147540983,0.006202924235711121,0.04962339388568897,0.004430660168365086,0.03633141338059371,0.002658396101019052,0.01595037660611431,0.004430660168365086,0.04253433761630483,0.536552946389012,0.014178112538768276,0.004430660168365086,0.01860877270713336
0.056712450155073105,0.008418254319893664,0.003544528134692069,0.19229065130704476,0.0057598582188746125,0.05006645990252548,0.005316792202038104,0.03766061143110323,0.002658396101019052,0.017279574656623838,0.004430660168365086,0.04253433761630483,0.536552946389012,0.01284891448825875,0.004873726185201595,0.01905183872396987
0.05317247542448615,0.008936550491510277,0.003127792672028597,0.19526362823949955,0.006702412868632708,0.04691689008042895,0.004915102770330653,0.03663985701519214,0.003127792672028597,0.01653261840929401,0.004915102770330653,0.043789097408400354,0.5370866845397676,0.013404825737265416,0.004468275245755138,0.02100089365504915
0.057445868316394165,0.009279717189571365,0.0026513477684489617,0.18868758285461776,0.006628369421122404,0.044631020768890854,0.003535130357931949,0.0344675209898365,0.0030932390631904553,0.014582412726469289,0.005302695536897923,0.040653999116217414,0.5519222271321255,0.0136986301369863,0.003977021652673442,0.019443216968625717
0.05994671403197158,0.008880994671403197,0.002220248667850799,0.19049733570159857,0.008436944937833037,0.041740674955595025,0.004440497335701598,0.034191829484902306,0.003552397868561279,0.014653641207815276,0.004884547069271759,0.04262877442273535,0.5457371225577264,0.013765541740674956,0.003996447602131439,0.020426287744227355
0.06199821587867975,0.00936663693131133,0.001784121320249777,0.19313113291703835,0.00847457627118644,0.038804638715432646,0.004014272970561998,0.0352363960749331,0.0026761819803746653,0.013380909901873328,0.004906333630686887,0.043710972346119537,0.5419268510258698,0.015611061552185548,0.004014272970561998,0.02096342551293488
0.06519823788546256,0.007488986784140969,0.001762114537444934,0.19515418502202644,0.009691629955947136,0.03832599118942731,0.004405286343612335,0.03303964757709251,0.003964757709251102,0.013215859030837005,0.004845814977973568,0.04317180616740088,0.5405286343612334,0.014977973568281937,0.0030837004405286344,0.021145374449339206
0.06719367588932806,0.00834431269213878,0.002635046113306983,0.1971892841458059,0.010101010101010102,0.03689064558629776,0.004830917874396135,0.032059727711901624,0.0030742204655248135,0.012736056214317084,0.004830917874396135,0.04084321475625823,0.5393061045234958,0.015810276679841896,0.003513394817742644,0.020641194554238032
0.06255506607929516,0.007929515418502203,0.0022026431718061676,0.19162995594713655,0.009691629955947136,0.035682819383259914,0.004845814977973568,0.030837004405286344,0.0026431718061674008,0.011894273127753305,0.004845814977973568,0.039207048458149776,0.5555066079295155,0.015859030837004406,0.003964757709251102,0.020704845814977973
