C_R,C_A,C_S,C_N,D_R,D_A,D_S,D_N,Oc_R,Oc_A,Oc_S,Oc_N,Od_R,Od_A,Od_S,Od_N
0.0,0.0,0.0,0.0,1.0,0.0,0.0,0.0,0.0,0.0,0.0,0.0,0.0,0.0,0.0,0.0
0.0,0.2,0.0,0.0,0.8,0.0,0.0,0.0,0.0,0.0,0.0,0.0,0.0,0.0,0.0,0.0
0.0,0.125,0.0,0.0,0.625,0.0,0.25,0.0,0.0,0.0,0.0,0.0,0.0,0.0,0.0,0.0
0.0,0.14285714285714285,0.0,0.0,0.5,0.0,0.21428571428571427,0.14285714285714285,0.0,0.0,0.0,0.0,0.0,0.0,0.0,0.0
0.0,0.11764705882352941,0.0,0.0,0.47058823529411764,0.0,0.23529411764705882,0.17647058823529413,0.0,0.0,0.0,0.0,0.0,0.0,0.0,0.0
0.0,0.10344827586206896,0.0,0.0,0.3793103448275862,0.0,0.2413793103448276,0.20689655172413793,0.06896551724137931,0.0,0.0,0.0,0.0,0.0,0.0,0.0
0.0,0.13636363636363635,0.0,0.0,0.4090909090909091,0.0,0.18181818181818182,0.18181818181818182,0.045454545454545456,0.0,0.0,0.0,0.0,0.045454545454545456,0.0,0.0
0.0,0.13793103448275862,0.034482758620689655,0.0,0.3448275862068966,0.0,0.20689655172413793,0.1724137931034483,0.05172413793103448,0.0,0.0,0.0,0.0,0.05172413793103448,0.0,0.0
0.0,0.12987012987012986,0.05194805194805195,0.0,0.3116883116883117,0.0,0.2077922077922078,0.15584415584415584,0.05194805194805195,0.025974025974025976,0.0,0.0,0.0,0.06493506493506493,0.0,0.0
0.0,0.13725490196078433,0.06862745098039216,0.0,0.28431372549019607,0.0,0.17647058823529413,0.1568627450980392,0.058823529411764705,0.0392156862745098,0.0,0.00980392156862745,0.0,0.06862745098039216,0.0,0.0
0.0,0.16176470588235295,0.07352941176470588,0.0,0.27205882352941174,0.0,0.16176470588235295,0.16911764705882354,0.0661764705882353,0.029411764705882353,0.0,0.0,0.0,0.0661764705882353,0.0,0.0
0.0,0.14367816091954022,0.08045977011494253,0.011494252873563218,0.3160919540229885,0.0,0.14367816091954022,0.13793103448275862,0.06896551724137931,0.028735632183908046,0.0,0.0,0.0,0.06896551724137931,0.0,0.0
0.0,0.13551401869158877,0.08411214953271028,0.018691588785046728,0.2897196261682243,0.009345794392523364,0.13551401869158877,0.14485981308411214,0.06542056074766354,0.03271028037383177,0.0,0.0,0.009345794392523364,0.07476635514018691,0.0,0.0
0.0,0.14559386973180077,0.10344827586206896,0.03065134099616858,0.26436781609195403,0.022988505747126436,0.1111111111111111,0.13409961685823754,0.06130268199233716,0.034482758620689655,0.007662835249042145,0.0,0.011494252873563218,0.07279693486590039,0.0,0.0
0.0,0.14285714285714285,0.09316770186335403,0.031055900621118012,0.2484472049689441,0.027950310559006212,0.11180124223602485,0.13975155279503104,0.052795031055900624,0.043478260869565216,0.006211180124223602,0.0,0.021739130434782608,0.08074534161490683,0.0,0.0
0.0,0.15736040609137056,0.09137055837563451,0.03553299492385787,0.22081218274111675,0.030456852791878174,0.1065989847715736,0.14213197969543148,0.05583756345177665,0.04060913705583756,0.007614213197969543,0.0,0.02030456852791878,0.08883248730964467,0.0,0.0025380710659898475
0.004132231404958678,0.15495867768595042,0.08471074380165289,0.04132231404958678,0.2066115702479339,0.03305785123966942,0.10537190082644628,0.13016528925619836,0.05991735537190083,0.049586776859504134,0.006198347107438017,0.0,0.030991735537190084,0.08884297520661157,0.0,0.004132231404958678
0.007054673721340388,0.14991181657848324,0.08112874779541446,0.04585537918871252,0.19929453262786595,0.03350970017636684,0.09876543209876543,0.12698412698412698,0.0582010582010582,0.05291005291005291,0.008818342151675485,0.0,0.04409171075837742,0.08818342151675485,0.0,0.005291005291005291
0.009009009009009009,0.15015015015015015,0.07957957957957958,0.057057057057057055,0.1891891891891892,0.03303303303303303,0.0960960960960961,0.12912912912912913,0.05405405405405406,0.057057057057057055,0.0075075075075075074,0.0,0.04354354354354354,0.09009009009009009,0.0,0.0045045045045045045
0.01955671447196871,0.1577574967405476,0.07561929595827901,0.061277705345501955,0.1760104302477184,0.03650586701434159,0.09778357235984354,0.12777053455019557,0.05345501955671447,0.05345501955671447,0.007822685788787484,0.0,0.04432855280312908,0.0847457627118644,0.0,0.003911342894393742
0.02235294117647059,0.15411764705882353,0.06941176470588235,0.06941176470588235,0.16470588235294117,0.042352941176470586,0.09058823529411765,0.12,0.05176470588235294,0.05647058823529412,0.00823529411764706,0.002352941176470588,0.04941176470588235,0.09058823529411765,0.0035294117647058825,0.004705882352941176
0.025879917184265012,0.13975155279503104,0.07142857142857142,0.07246376811594203,0.15734989648033126,0.048654244306418216,0.08488612836438923,0.11801242236024845,0.052795031055900624,0.056935817805383024,0.014492753623188406,0.003105590062111801,0.054865424430641824,0.09109730848861283,0.004140786749482402,0.004140786749482402
0.023032629558541268,0.13147792706333974,0.07581573896353166,0.07677543186180422,0.16314779270633398,0.04990403071017274,0.07869481765834933,0.11612284069097889,0.04030710172744722,0.05758157389635317,0.015355086372360844,0.003838771593090211,0.05566218809980806,0.1036468330134357,0.003838771593090211,0.0047984644913627635
0.02888086642599278,0.1299638989169675,0.08212996389891697,0.08303249097472924,0.15342960288808663,0.05054151624548736,0.07490974729241877,0.11101083032490974,0.0388086642599278,0.05595667870036101,0.016245487364620937,0.005415162454873646,0.058664259927797835,0.10198555956678701,0.0036101083032490976,0.005415162454873646
0.024855012427506214,0.12924606462303231,0.08036454018227009,0.08947804473902236,0.14167357083678542,0.04722452361226181,0.07042253521126761,0.11184755592377796,0.03893951946975974,0.06296603148301574,0.01739850869925435,0.007456503728251864,0.06462303231151616,0.10273405136702568,0.004142502071251036,0.006628003314001657
0.028125,0.11953125,0.07734375,0.09765625,0.15078125,0.04921875,0.0671875,0.1015625,0.03828125,0.059375,0.0203125,0.0125,0.0609375,0.103125,0.00625,0.0078125
0.02645113886847906,0.112417340191036,0.0683321087435709,0.09919177075679647,0.14915503306392358,0.050698016164584865,0.06245407788390889,0.10433504775900074,0.04041146216017634,0.06098457016899339,0.02718589272593681,0.012490815576781777,0.06318883174136664,0.1080088170462895,0.005143277002204262,0.009551800146950772
0.025245441795231416,0.10378681626928471,0.07012622720897616,0.10518934081346423,0.1423562412342216,0.0546984572230014,0.0638148667601683,0.10378681626928471,0.04067321178120617,0.061009817671809255,0.0273492286115007,0.014726507713884993,0.0638148667601683,0.10869565217391304,0.005610098176718092,0.0091164095371669
0.026472534745201854,0.10258107213765719,0.06882859033752482,0.10853739245532759,0.13368630046326935,0.06088682991396426,0.062210456651224356,0.10258107213765719,0.039046988749172735,0.0641958967571145,0.033752481800132364,0.015221707478491065,0.0641958967571145,0.10390469887491727,0.005294506949040371,0.008603573792190603
0.025157232704402517,0.09811320754716982,0.06918238993710692,0.11257861635220126,0.13333333333333333,0.06289308176100629,0.06666666666666667,0.10503144654088051,0.03459119496855346,0.06855345911949685,0.035849056603773584,0.013207547169811321,0.061635220125786164,0.09874213836477988,0.0037735849056603774,0.010691823899371069
0.02581032412965186,0.09483793517406963,0.06782713085234093,0.12004801920768307,0.12845138055222088,0.06422569027611044,0.06842737094837935,0.10264105642256903,0.034213685474189674,0.06722689075630252,0.036614645858343335,0.015006002400960384,0.062424969987995196,0.09723889555822329,0.004201680672268907,0.010804321728691477
0.024726854514088556,0.08970672800460035,0.06785508913168488,0.12075905692926969,0.12708453133985048,0.06612995974698102,0.06440483036227718,0.10235767682576193,0.03335250143760782,0.06670500287521564,0.041403105232892465,0.014951121334100058,0.0655549166187464,0.097757331799885,0.005750431282346176,0.011500862564692352
0.025358324145534728,0.09151047409040794,0.06560088202866593,0.12624035281146637,0.1185226019845645,0.06670341786108049,0.06670341786108049,0.10474090407938258,0.03031973539140022,0.07056229327453142,0.043550165380374865,0.014332965821389196,0.06063947078280044,0.09757442116868799,0.004961411245865491,0.012679162072767364
0.0256,0.08853333333333334,0.06186666666666667,0.12426666666666666,0.1232,0.0656,0.06773333333333334,0.10346666666666667,0.029333333333333333,0.0736,0.0464,0.015466666666666667,0.0608,0.0944,0.0048,0.014933333333333333
0.026180698151950718,0.08880903490759753,0.06365503080082136,0.1257700205338809,0.11960985626283367,0.06673511293634497,0.06878850102669405,0.10420944558521561,0.029774127310061602,0.07238193018480493,0.045174537987679675,0.014887063655030801,0.062114989733059546,0.09188911704312115,0.004106776180698152,0.01591375770020534
0.024353876739562623,0.08697813121272366,0.06411530815109344,0.12773359840954274,0.11481113320079522,0.06709741550695825,0.06958250497017893,0.10288270377733598,0.029324055666003976,0.07306163021868788,0.04821073558648111,0.01441351888667992,0.06510934393638171,0.09095427435387674,0.0044731610337972166,0.016898608349900597
0.02629016553067186,0.08568646543330087,0.05988315481986368,0.13388510223953262,0.11197663096397274,0.06767283349561831,0.07156767283349562,0.09980525803310614,0.026777020447906523,0.07351509250243428,0.0501460564751704,0.013631937682570594,0.06523855890944498,0.09250243427458617,0.004868549172346641,0.016553067185978577
0.023166023166023165,0.08301158301158301,0.06322393822393822,0.13127413127413126,0.11052123552123552,0.0637065637065637,0.07094594594594594,0.0999034749034749,0.02702702702702703,0.07480694980694981,0.05067567567567568,0.013030888030888031,0.06998069498069498,0.0945945945945946,0.005791505791505791,0.01833976833976834
0.02263083451202263,0.08015087223008015,0.06223479490806223,0.132013201320132,0.11173974540311174,0.066006600660066,0.06412069778406412,0.10466760961810467,0.026874115983026876,0.06883545497406883,0.055634134842055635,0.015558698727015558,0.06930693069306931,0.0942951438000943,0.007543611504007544,0.018387553041018388
0.024801123069723912,0.0795507721104352,0.06644829199812821,0.12962096396817968,0.10575573233504913,0.06410856340664482,0.0687880205896116,0.10809546092653252,0.026204960224613945,0.0687880205896116,0.05568554047730463,0.016378100140383715,0.0669162377164249,0.08937763219466542,0.009826860084230228,0.019653720168460457
0.022738038844149693,0.07910942681193747,0.06584557081951682,0.13121743249644718,0.10516342965419233,0.06489815253434392,0.06963524396020843,0.10895310279488395,0.026527711984841308,0.06679298910468973,0.05352913311226907,0.018474656560871626,0.07247749881572714,0.08432022738038844,0.010895310279488394,0.019422074846044527
0.022024367385192128,0.07403936269915651,0.060449859418931585,0.1330834114339269,0.10449859418931584,0.06232427366447985,0.06935332708528585,0.11246485473289597,0.028116213683223992,0.06747891283973759,0.054826616682286784,0.019212746016869727,0.07216494845360824,0.08528584817244611,0.011715089034676664,0.02296157450796626
0.020018621973929236,0.07309124767225327,0.059124767225325885,0.13547486033519554,0.10148975791433892,0.06471135940409684,0.06797020484171322,0.11266294227188083,0.028864059590316574,0.06657355679702048,0.05540037243947858,0.0223463687150838,0.0712290502793296,0.08659217877094973,0.011638733705772812,0.02281191806331471
0.02297794117647059,0.07169117647058823,0.06020220588235294,0.1332720588235294,0.09880514705882353,0.06066176470588235,0.06433823529411764,0.11443014705882353,0.03125,0.0666360294117647,0.05422794117647059,0.021599264705882353,0.07720588235294118,0.08547794117647059,0.012867647058823529,0.024356617647058824
0.022315202231520222,0.06927010692701069,0.0599721059972106,0.13668061366806136,0.099488609948861,0.05904230590423059,0.06322640632264064,0.11668991166899116,0.03161320316132032,0.06648070664807067,0.056717805671780565,0.022315202231520222,0.07717340771734077,0.08414690841469084,0.01208740120874012,0.02278010227801023
0.023394495412844038,0.06972477064220184,0.06192660550458716,0.13577981651376148,0.09724770642201835,0.05963302752293578,0.06330275229357799,0.11697247706422019,0.03256880733944954,0.06926605504587156,0.05596330275229358,0.021559633027522937,0.07431192660550459,0.081651376146789,0.014220183486238533,0.022477064220183487
0.02512562814070352,0.07126541799908634,0.059844677935130194,0.14024668798538145,0.09639104613978985,0.05664687071722248,0.06395614435815442,0.11283691183188671,0.03015075376884422,0.07126541799908634,0.053905893101873,0.022384650525354044,0.07629054362722705,0.0808588396528095,0.015989036089538604,0.02284148012791229
0.022789425706472195,0.07019143117593436,0.0601640838650866,0.14357338195077485,0.09298085688240657,0.06198723792160438,0.06381039197812215,0.11212397447584321,0.031449407474931634,0.07019143117593436,0.05332725615314494,0.023701002734731084,0.07657247037374658,0.07976298997265269,0.015496809480401094,0.02187784867821331
0.022435897435897436,0.0673076923076923,0.059981684981684984,0.14652014652014653,0.09065934065934066,0.06227106227106227,0.06639194139194139,0.1163003663003663,0.033424908424908424,0.0673076923076923,0.051739926739926737,0.022893772893772892,0.07554945054945054,0.07692307692307693,0.01694139194139194,0.023351648351648352
0.022170900692840646,0.06189376443418014,0.06143187066974596,0.1464203233256351,0.08822170900692841,0.057736720554272515,0.06466512702078522,0.11778290993071594,0.03325635103926097,0.06789838337182448,0.053117782909930716,0.023094688221709007,0.08175519630484988,0.07806004618937644,0.017090069284064664,0.025404157043879907
0.02394106813996317,0.05985267034990792,0.06261510128913444,0.15009208103130756,0.08701657458563536,0.062154696132596686,0.0639963167587477,0.1132596685082873,0.03130755064456722,0.06537753222836096,0.05386740331491713,0.02394106813996317,0.0865561694290976,0.07366482504604052,0.01703499079189687,0.02532228360957643
0.02440147329650092,0.06077348066298342,0.061694290976058934,0.1505524861878453,0.08379373848987108,0.05939226519337017,0.061694290976058934,0.11878453038674033,0.02992633517495396,0.06675874769797421,0.05294659300184162,0.02532228360957643,0.08609576427255985,0.07412523020257827,0.017955801104972375,0.02578268876611418
0.025408348457350273,0.061252268602540835,0.061252268602540835,0.15199637023593465,0.08166969147005444,0.060798548094373864,0.05535390199637023,0.11388384754990925,0.030852994555353903,0.06715063520871144,0.05263157894736842,0.027676950998185117,0.08892921960072596,0.07531760435571688,0.017695099818511795,0.028130671506352088
0.02459016393442623,0.06238615664845173,0.060109289617486336,0.1534608378870674,0.07695810564663023,0.06284153005464481,0.058287795992714025,0.1133879781420765,0.03233151183970856,0.0651183970856102,0.051001821493624776,0.028233151183970857,0.09153005464480875,0.07468123861566485,0.017759562841530054,0.0273224043715847
0.02585034013605442,0.06349206349206349,0.05895691609977324,0.1528344671201814,0.0761904761904762,0.06485260770975057,0.05623582766439909,0.11927437641723355,0.03310657596371882,0.06303854875283446,0.04671201814058957,0.02857142857142857,0.09115646258503401,0.07573696145124717,0.016780045351473923,0.027210884353741496
0.024545454545454544,0.06363636363636363,0.056363636363636366,0.15363636363636363,0.07636363636363637,0.06136363636363636,0.055,0.11818181818181818,0.035,0.065,0.04727272727272727,0.026818181818181817,0.09363636363636364,0.07545454545454545,0.018636363636363635,0.02909090909090909
0.02416780665754674,0.060191518467852256,0.057455540355677154,0.15503875968992248,0.07979936160510716,0.061103511171910624,0.055175558595531235,0.1121751025991792,0.0364797081623347,0.062471500227998175,0.045599635202918376,0.026447788417692658,0.09621523027815777,0.07706338349293206,0.0196078431372549,0.031007751937984496
0.02727272727272727,0.05954545454545455,0.05181818181818182,0.1572727272727273,0.07636363636363637,0.060909090909090906,0.05454545454545454,0.11090909090909092,0.03681818181818182,0.05909090909090909,0.04772727272727273,0.02772727272727273,0.09954545454545455,0.07772727272727273,0.020454545454545454,0.03227272727272727
0.029572338489535943,0.059144676979071886,0.050955414012738856,0.15286624203821655,0.07597816196542312,0.06050955414012739,0.056414922656960874,0.10828025477707007,0.040036396724294813,0.05686988171064604,0.04640582347588717,0.028662420382165606,0.10373066424021839,0.07734303912647862,0.0186533212010919,0.034576888080072796
0.02711251694532309,0.0587437867148667,0.04970628106642567,0.16357885223678265,0.0736556710347944,0.05919566199728875,0.05332128332580208,0.10664256665160415,0.04021690013556258,0.0605512878445549,0.045639403524627205,0.03027564392227745,0.10664256665160415,0.07501129688206055,0.016719385449615907,0.03298689561680976
0.03313663186563777,0.05946436677258284,0.04902405810258738,0.1625056740807989,0.0758057194734453,0.05628688152519292,0.053563322741715845,0.106218792555606,0.03722197004085338,0.05764866091693146,0.048116205174761686,0.03041307308216069,0.10848842487517023,0.07308216068996823,0.015433499773036768,0.033590558329550615
0.03746002740977615,0.058931018730013704,0.05207857469164002,0.161717679305619,0.07035175879396985,0.05664687071722248,0.052535404294198264,0.10324349017816355,0.03654636820465966,0.06212882594792143,0.04842393787117405,0.03015075376884422,0.107811786203746,0.07217907720420283,0.015532206486980357,0.034262220191868434
0.038178472861085555,0.05703771849126035,0.04967801287948482,0.17065317387304507,0.06899724011039558,0.05887764489420423,0.05105795768169273,0.09797608095676173,0.035878564857405704,0.06393744250229991,0.04415823367065318,0.029438822447102116,0.11085556577736891,0.07175712971481141,0.01701931922723091,0.03449862005519779
0.040237768632830365,0.053497942386831275,0.04755372656607224,0.17192501143118427,0.06858710562414266,0.05715592135345222,0.05212620027434842,0.10196616369455876,0.0361225422953818,0.05898491083676269,0.04206675811614083,0.031092821216278006,0.11431184270690443,0.07041609510745313,0.01828989483310471,0.03566529492455418
0.04119511090991399,0.052059755545495696,0.04526935264825713,0.1751923947487551,0.06926210955183341,0.058397464916251696,0.04798551380715256,0.10366681756450882,0.03485740153915799,0.06020823902218198,0.04391127206880942,0.030330466274332276,0.11770031688546853,0.06926210955183341,0.017202354006337708,0.033499320959710276
0.0379746835443038,0.04701627486437613,0.045207956600361664,0.17405063291139242,0.06645569620253164,0.054701627486437615,0.05018083182640145,0.10262206148282098,0.03571428571428571,0.06057866184448463,0.0461121157323689,0.034358047016274866,0.12386980108499096,0.07007233273056059,0.017179023508137433,0.033905967450271246
0.039269406392694065,0.047488584474885846,0.04474885844748858,0.17625570776255708,0.06347031963470319,0.05570776255707763,0.052054794520547946,0.09954337899543379,0.036073059360730596,0.062100456621004566,0.047031963470319633,0.034703196347031964,0.12420091324200913,0.07031963470319634,0.015068493150684932,0.0319634703196347
0.044444444444444446,0.048072562358276644,0.04353741496598639,0.18049886621315192,0.06258503401360545,0.053061224489795916,0.05215419501133787,0.09795918367346938,0.03492063492063492,0.05895691609977324,0.044444444444444446,0.036281179138321996,0.12426303854875284,0.07120181405895691,0.0163265306122449,0.031292517006802724
0.045310376076121435,0.046216583597643864,0.046216583597643864,0.1803352967829633,0.06162211146352515,0.049388309922972363,0.04893520616221115,0.10149524241051201,0.03579519710013593,0.05935659265971908,0.04576347983688265,0.035342093339374714,0.12958767557770728,0.06570004531037607,0.017671046669687357,0.031264159492523785
0.04613297150610583,0.0438715513342379,0.04613297150610583,0.18091361374943465,0.06377204884667571,0.04929895974672094,0.053821800090456805,0.09769335142469471,0.036635006784260515,0.05879692446856626,0.04839439167797377,0.03618272274988693,0.12890094979647218,0.06196291270918137,0.01854364540931705,0.028946178199909543
0.0488909008601177,0.04391127206880942,0.046174739701222274,0.18696242643730196,0.058850158442734266,0.047532820280669984,0.0552286102308737,0.09732910819375283,0.03757356269805342,0.05930285196921684,0.04934359438660027,0.034404708012675415,0.1231326392032594,0.06292440018107741,0.018560434585785424,0.029877772747849706
0.0535302261190586,0.04153207198892478,0.04522381172127365,0.1868943239501615,0.05722196585140748,0.048454083987078914,0.05260729118597139,0.09690816797415783,0.0373788647900323,0.06137517305029996,0.047531149053991695,0.03461005999077065,0.127365020766036,0.06183664051684356,0.01753576372865713,0.029995385325334564
0.05547976352887676,0.04047294224647567,0.04456571168713051,0.18644838562983174,0.057753524329240566,0.048658481127785355,0.05411550704865848,0.0941336971350614,0.03819918144611187,0.062301045929968164,0.04365620736698499,0.035925420645748066,0.13096862210095497,0.057753524329240566,0.018190086402910415,0.03137789904502047
0.060372219700408535,0.03903767589650477,0.04357694053563323,0.18747162959600544,0.05674080798910577,0.049477984566500224,0.053109396277803,0.09214707217430776,0.03858374943259192,0.05946436677258284,0.04403086699954607,0.03631411711302769,0.1307308216068997,0.05719473445301861,0.018157058556513846,0.033590558329550615
0.06666666666666667,0.037188208616780044,0.039909297052154194,0.19229024943310657,0.05986394557823129,0.04625850340136054,0.053061224489795916,0.08979591836734693,0.03582766439909297,0.05759637188208617,0.045351473922902494,0.0326530612244898,0.13424036281179139,0.058049886621315196,0.019501133786848073,0.031746031746031744
0.06470325747434182,0.038821954484605084,0.038821954484605084,0.19544846050870146,0.05845604640785364,0.0464078536367693,0.05622489959839357,0.08656849620705043,0.03302097278000892,0.05756358768406961,0.04685408299866131,0.02989736724676484,0.13877733154841587,0.058902275769745646,0.018295403837572513,0.031236055332440876
0.06963162623539983,0.04132973944294699,0.03998203054806829,0.19946091644204852,0.057053009883198565,0.04582210242587601,0.055705300988319856,0.07951482479784366,0.029200359389038633,0.05525606469002695,0.046271338724168914,0.03009883198562444,0.14465408805031446,0.05929919137466307,0.015723270440251572,0.03099730458221024
0.06451612903225806,0.03853046594982079,0.03763440860215054,0.20340501792114696,0.05824372759856631,0.04614695340501792,0.05734767025089606,0.08378136200716846,0.02956989247311828,0.05824372759856631,0.04973118279569892,0.02867383512544803,0.14202508960573476,0.056899641577060935,0.016129032258064516,0.029121863799283155
0.0654627539503386,0.03972911963882619,0.03837471783295711,0.20225733634311513,0.05688487584650113,0.04469525959367946,0.054627539503386,0.08487584650112867,0.030248306997742665,0.059593679458239276,0.05011286681715576,0.028893905191873587,0.14130925507900677,0.055079006772009026,0.016704288939051917,0.031151241534988713
0.06371441482150926,0.03750564844103028,0.03750564844103028,0.20560325350203343,0.05738816086760054,0.04518752824220515,0.05693628558517849,0.08540442837776774,0.03027564392227745,0.05693628558517849,0.04925440578400361,0.02937189335743335,0.1396294622684139,0.05738816086760054,0.016267510167193855,0.031631269769543606
0.06602914389799636,0.0377959927140255,0.03415300546448088,0.21357012750455373,0.05555555555555555,0.04371584699453552,0.05373406193078324,0.08424408014571949,0.030965391621129327,0.05418943533697632,0.046903460837887066,0.02686703096539162,0.14799635701275046,0.05555555555555555,0.017304189435336976,0.031420765027322405
0.0681198910081744,0.03814713896457766,0.03678474114441417,0.21798365122615804,0.05449591280653951,0.043596730245231606,0.053587647593097185,0.07901907356948229,0.029064486830154404,0.051771117166212535,0.04586739327883742,0.02861035422343324,0.15213442325158946,0.053587647593097185,0.01725703905540418,0.02997275204359673
0.06862302483069978,0.03882618510158013,0.03611738148984198,0.2162528216704289,0.05237020316027088,0.04108352144469526,0.056433408577878104,0.07584650112866817,0.03069977426636569,0.05282167042889391,0.04153498871331828,0.031151241534988713,0.1562076749435666,0.054627539503386,0.016704288939051917,0.03069977426636569
0.06453068592057762,0.0388086642599278,0.033393501805054154,0.22202166064981949,0.050090252707581225,0.043772563176895304,0.058664259927797835,0.07490974729241877,0.031137184115523464,0.05415162454873646,0.04512635379061372,0.030685920577617327,0.15297833935018051,0.053700361010830325,0.0157942238267148,0.03023465703971119
0.06419529837251356,0.03842676311030741,0.03209764918625678,0.2201627486437613,0.05108499095840868,0.044755877034358044,0.060126582278481014,0.07730560578661845,0.0325497287522604,0.051537070524412296,0.045207956600361664,0.0325497287522604,0.1523508137432188,0.05289330922242315,0.015822784810126583,0.028933092224231464
0.06464737793851717,0.03887884267631103,0.03209764918625678,0.21654611211573238,0.051989150090415916,0.04385171790235081,0.05786618444846293,0.081374321880651,0.03074141048824593,0.05063291139240506,0.0433996383363472,0.03209764918625678,0.15687160940325498,0.051537070524412296,0.015822784810126583,0.03164556962025317
0.06703146374829001,0.03784769721842225,0.03191974464204286,0.21295029639762883,0.050159598723210214,0.04331965344277246,0.05927952576379389,0.08207934336525308,0.03237574099407205,0.0533515731874145,0.04514363885088919,0.03146374829001368,0.15959872321021432,0.04879160966712266,0.015503875968992248,0.02918376652986776
0.07055630936227951,0.036635006784260515,0.031207598371777476,0.21890547263681592,0.04975124378109453,0.04206241519674356,0.05924920850293985,0.07824513794663049,0.031659882406151064,0.05472636815920398,0.0407055630936228,0.03075531433740389,0.16010854816824965,0.04929895974672094,0.014020805065581185,0.03211216644052465
0.0708085883965281,0.034262220191868434,0.03243490178163545,0.2224760164458657,0.047967108268615805,0.04111466423024212,0.05527638190954774,0.07857469164001828,0.03015075376884422,0.05481955230698949,0.039744175422567384,0.03197807217907721,0.16491548652352672,0.04659661946094107,0.015989036089538604,0.0328917313841937
0.07371794871794872,0.035256410256410256,0.031135531135531136,0.21978021978021978,0.04487179487179487,0.03983516483516483,0.057692307692307696,0.08195970695970696,0.03159340659340659,0.052655677655677656,0.041666666666666664,0.030677655677655676,0.16437728937728938,0.047619047619047616,0.016025641025641024,0.031135531135531136
0.07139629462268414,0.03705377315860822,0.03524627202892002,0.22413014008133755,0.041120650700406686,0.04157252598282874,0.05558065973791233,0.07953004970628107,0.03434252146407592,0.05106190691369182,0.04021690013556258,0.03027564392227745,0.16538635336647087,0.04518752824220515,0.016267510167193855,0.031631269769543606
0.07342342342342342,0.03423423423423423,0.03558558558558558,0.2328828828828829,0.04144144144144144,0.04009009009009009,0.053603603603603604,0.07972972972972973,0.034684684684684684,0.051351351351351354,0.04369369369369369,0.02882882882882883,0.16036036036036036,0.04369369369369369,0.016666666666666666,0.02972972972972973
0.07608695652173914,0.034420289855072464,0.036231884057971016,0.23822463768115942,0.03804347826086957,0.03894927536231884,0.05570652173913043,0.07971014492753623,0.03713768115942029,0.04755434782608696,0.041666666666666664,0.028079710144927536,0.16032608695652173,0.043931159420289856,0.016304347826086956,0.0276268115942029
0.07341541267669859,0.03283173734610123,0.03283173734610123,0.23757409940720475,0.040583675330597355,0.03875968992248062,0.05471956224350205,0.07615139078887369,0.03556771545827633,0.04970360237118103,0.041951664386684906,0.028727770177838577,0.16507067943456452,0.04468764249886001,0.016415868673050615,0.031007751937984496
0.07779799818016378,0.033212010919017286,0.030482256596906277,0.24067333939945404,0.039126478616924476,0.03776160145586897,0.053230209281164696,0.07643312101910828,0.03275705186533212,0.05232029117379436,0.04185623293903549,0.03002729754322111,0.16424021838034578,0.04413102820746133,0.01592356687898089,0.03002729754322111
0.07480847228481298,0.03334835511491663,0.029743127534925643,0.242000901306895,0.036953582694907616,0.039206849932401984,0.05362776025236593,0.0743578188373141,0.032897701667417754,0.05137449301487156,0.0423614240648941,0.03064443442992339,0.1689950428120775,0.044614691302388466,0.013519603424966201,0.031545741324921134
0.07709648331830478,0.03381424706943192,0.028854824165915238,0.23669972948602344,0.03832281334535618,0.04102795311091073,0.05500450856627592,0.07439134355275022,0.031559963931469794,0.047790802524797116,0.04283137962128043,0.029305680793507663,0.17538322813345356,0.04328223624887286,0.014427412082957619,0.030207394048692517
0.07796304641730509,0.03244704821991888,0.02794051374493015,0.24155024785939613,0.035601622352410996,0.04010815682739973,0.054078413699864804,0.07300585849481749,0.031095087877422264,0.0473186119873817,0.041910770617395225,0.02929247408742677,0.17800811176205497,0.043262730959891846,0.014871563767462822,0.031545741324921134
0.07775280898876405,0.03146067415730337,0.02651685393258427,0.2440449438202247,0.03325842696629214,0.038202247191011236,0.05303370786516854,0.07415730337078652,0.03191011235955056,0.04764044943820225,0.04044943820224719,0.029213483146067417,0.1856179775280899,0.04089887640449438,0.01348314606741573,0.032359550561797755
0.08131176999101528,0.03459119496855346,0.02605570530098832,0.2362982929020665,0.03189577717879605,0.03728661275831087,0.050314465408805034,0.07457322551662174,0.03099730458221024,0.04806828391734052,0.03998203054806829,0.03009883198562444,0.18957771787960467,0.0426774483378257,0.014375561545372867,0.03189577717879605
0.08300220750551876,0.032229580573951436,0.025165562913907286,0.2445916114790287,0.031788079470198675,0.03443708609271523,0.04944812362030905,0.07637969094922738,0.029580573951434878,0.04812362030905077,0.04194260485651214,0.02781456953642384,0.1845474613686534,0.04415011037527594,0.013686534216335542,0.033112582781456956
0.08426214890771289,0.03388319215336603,0.026749888542131076,0.24743646901471245,0.03388319215336603,0.034329023629068214,0.047258136424431565,0.07668301382077575,0.02808738296923763,0.047258136424431565,0.04101649576460098,0.02719572001783326,0.18100757913508694,0.043245653143111906,0.014712438698172091,0.03299152920196166
0.08455068614431165,0.03275785745905268,0.025675077467906152,0.24081451969898185,0.03231518370960602,0.03408587870739265,0.045595396193005754,0.07613988490482515,0.02656042496679947,0.04869411243913236,0.04028331119964586,0.027445772465692783,0.19477644975652944,0.043382027445772464,0.01593625498007968,0.03098716246126605
0.08296164139161463,0.03389830508474576,0.02408563782337199,0.24977698483496877,0.031222123104371096,0.03300624442462088,0.0463871543264942,0.07225691347011597,0.030776092774308653,0.0463871543264942,0.038804638715432646,0.028991971454058876,0.19090098126672614,0.0423728813559322,0.01694915254237288,0.031222123104371096
0.08058771148708815,0.035173642030276044,0.022707034728406055,0.25244879786286734,0.02894033837934105,0.030276046304541407,0.04541406945681211,0.07836153161175423,0.02983081032947462,0.04541406945681211,0.04140694568121104,0.030721282279608193,0.19145146927871773,0.040516473731077474,0.016028495102404273,0.030721282279608193
0.07821737153251478,0.03456116416552979,0.02501136880400182,0.25420645748067305,0.030468394724874944,0.030468394724874944,0.04638472032742155,0.07185084129149613,0.02955889040472942,0.04638472032742155,0.03638017280582083,0.030468394724874944,0.1959981809913597,0.04456571168713051,0.01682582992269213,0.0286493860845839
0.08475336322869956,0.03183856502242152,0.026457399103139014,0.26188340807174887,0.028251121076233184,0.029596412556053813,0.04125560538116592,0.07130044843049327,0.030493273542600896,0.04439461883408072,0.03766816143497758,0.029596412556053813,0.1968609865470852,0.042152466367713005,0.016143497757847534,0.027354260089686097
0.08066696710229833,0.031095087877422264,0.02568724650743578,0.26363226678684093,0.026137899954934655,0.028841820639927896,0.04100946372239748,0.07075259125732312,0.030193780982424517,0.04416403785488959,0.03785488958990536,0.030193780982424517,0.20414601171698962,0.04416403785488959,0.014420910319963948,0.027039206849932402
0.08254397834912043,0.03112313937753721,0.026612539467749212,0.2580063148398737,0.02345511953089761,0.02931889941362201,0.041046459179070814,0.06856111862877763,0.029769959404600813,0.04510599909788002,0.04194857916102842,0.02751465944970681,0.20568335588633288,0.046008119079837616,0.013080739738385205,0.030221019395579612
0.08441850022451729,0.030085316569375842,0.029636281993713515,0.2568477772788505,0.0224517287831163,0.02918724741805119,0.04265828468792097,0.0673551863493489,0.027391109115401886,0.0466995958688819,0.041311180960933995,0.02784014369106421,0.20835204310731925,0.0431073192635833,0.01347103726986978,0.02918724741805119
0.09009009009009009,0.02882882882882883,0.027927927927927927,0.2585585585585586,0.022072072072072072,0.027477477477477478,0.04234234234234234,0.06756756756756757,0.027477477477477478,0.04369369369369369,0.04009009009009009,0.02882882882882883,0.21081081081081082,0.04504504504504504,0.013063063063063063,0.026126126126126126
0.08968609865470852,0.027354260089686097,0.026905829596412557,0.25829596412556055,0.0242152466367713,0.02600896860986547,0.04035874439461883,0.06322869955156951,0.028251121076233184,0.04125560538116592,0.042152466367713005,0.02914798206278027,0.22017937219730943,0.04394618834080718,0.011659192825112108,0.027354260089686097
0.091273374888691,0.028495102404274265,0.025823686553873553,0.2684772929652716,0.023597506678539625,0.02715939447907391,0.03873552983081033,0.06322350845948353,0.026714158504007122,0.04096170970614425,0.04007123775601069,0.02894033837934105,0.2163846838824577,0.04140694568121104,0.01157613535173642,0.02715939447907391
0.0975177304964539,0.02969858156028369,0.025709219858156027,0.26728723404255317,0.023936170212765957,0.026595744680851064,0.0398936170212766,0.060726950354609927,0.02526595744680851,0.040780141843971635,0.038120567375886524,0.030141843971631204,0.21453900709219859,0.044326241134751775,0.010638297872340425,0.024822695035460994
0.0964015992892048,0.028431808085295423,0.024877832074633496,0.2705464238116393,0.02265659706796979,0.02665482007996446,0.03998223011994669,0.060417592181252776,0.024877832074633496,0.037760995113282986,0.03953798311861395,0.028876055086628164,0.22034651266103955,0.04175921812527766,0.011550422034651266,0.025322079075966238
0.09906708129720124,0.027099067081297203,0.02221235006663705,0.2732119058196357,0.024433585073300755,0.028431808085295423,0.03642825410928476,0.06086183918258552,0.02665482007996446,0.03642825410928476,0.0368725011106175,0.030208796090626388,0.2252332296756997,0.03953798311861395,0.011994669035984007,0.02132385606397157
0.09617977528089888,0.027415730337078652,0.02247191011235955,0.2669662921348315,0.02292134831460674,0.027865168539325844,0.036853932584269666,0.06426966292134831,0.025617977528089888,0.036853932584269666,0.037303370786516854,0.02606741573033708,0.23595505617977527,0.036853932584269666,0.01303370786516854,0.023370786516853932
0.09719126170307624,0.024074899687917966,0.0231832367365136,0.27284886312973694,0.02229157378510923,0.02808738296923763,0.03522068658047258,0.06330806954971022,0.023629068212215783,0.034329023629068214,0.03611234953187695,0.02719572001783326,0.2371823450735622,0.03744984395898351,0.015158270173874276,0.022737405260811413
0.09901873327386262,0.023639607493309546,0.02408563782337199,0.26806422836752897,0.0231935771632471,0.028099910793933987,0.03568242640499554,0.060660124888492414,0.024977698483496878,0.0352363960749331,0.03612845673505798,0.024977698483496878,0.23996431757359502,0.03746654772524532,0.014719000892060661,0.02408563782337199
0.09855334538878843,0.02396021699819168,0.024864376130198915,0.2667269439421338,0.022603978300180832,0.025768535262206148,0.0325497287522604,0.05831826401446655,0.026220614828209764,0.034358047016274866,0.036618444846292945,0.025768535262206148,0.24773960216998192,0.039330922242314645,0.012658227848101266,0.02396021699819168
0.09825815096025012,0.022331397945511387,0.022331397945511387,0.2702099151406878,0.02054488610987048,0.0241179097811523,0.034836980794997766,0.053595355069227336,0.026351049575703438,0.0321572130415364,0.03707012058954891,0.026797677534613668,0.25636444841447076,0.03662349263063868,0.013398838767306834,0.025011165698972757
0.0966576332429991,0.02122854561878952,0.023486901535682024,0.2696476964769648,0.02122854561878952,0.025293586269196026,0.03116531165311653,0.05420054200542006,0.025293586269196026,0.03116531165311653,0.03568202348690153,0.026196928635953028,0.26287262872628725,0.03523035230352303,0.014001806684733513,0.026648599819331528
0.09852875613018279,0.018279090503789567,0.021845742309407043,0.2724030316540348,0.020954079358002677,0.02541239411502452,0.03165403477485511,0.04993312527864467,0.022737405260811413,0.03120820329915292,0.03566651805617477,0.027641551493535442,0.265715559518502,0.036558181007579134,0.014266607222469906,0.02719572001783326
0.10132743362831859,0.01902654867256637,0.02079646017699115,0.27477876106194693,0.01991150442477876,0.024336283185840708,0.032300884955752215,0.049557522123893805,0.02168141592920354,0.030530973451327433,0.033185840707964605,0.028761061946902654,0.268141592920354,0.034955752212389384,0.013716814159292035,0.026991150442477876
0.10266666666666667,0.02,0.020444444444444446,0.27155555555555555,0.02,0.024888888888888887,0.032,0.04888888888888889,0.021333333333333333,0.030666666666666665,0.03155555555555556,0.029777777777777778,0.2733333333333333,0.035111111111111114,0.013777777777777778,0.024
0.10421286031042129,0.020399113082039913,0.019068736141906874,0.27849223946784923,0.019955654101995565,0.02616407982261641,0.030598669623059866,0.04700665188470066,0.023059866962305987,0.029711751662971176,0.030598669623059866,0.027494456762749447,0.2722838137472284,0.03458980044345898,0.012416851441241685,0.02394678492239468
0.10944395410414828,0.019858781994704325,0.020741394527802295,0.26654898499558694,0.019417475728155338,0.02559576345984113,0.03353927625772286,0.04677846425419241,0.02294792586054722,0.03133274492497794,0.03177405119152692,0.02559576345984113,0.2722859664607237,0.03486319505736982,0.01412180052956752,0.025154457193292144
0.10698299015219337,0.020590868397493287,0.020143240823634737,0.26544315129811996,0.020143240823634737,0.025067144136078783,0.03222918531781558,0.046105640107430616,0.023724261414503133,0.03312444046553268,0.03178155774395703,0.02775290957923008,0.2721575649059982,0.03401969561324977,0.01566696508504924,0.025067144136078783
0.10771992818671454,0.019299820466786355,0.018850987432675045,0.263016157989228,0.02064631956912029,0.026481149012567325,0.03141831238779174,0.04622980251346499,0.02378815080789946,0.03411131059245961,0.0296229802513465,0.027827648114901255,0.2742369838420108,0.035457809694793535,0.01570915619389587,0.025583482944344704
0.10887996430165105,0.020080321285140562,0.018741633199464525,0.26506024096385544,0.020526550647032574,0.025435073627844713,0.0321285140562249,0.0464078536367693,0.02186523873270861,0.035252119589468986,0.02989736724676484,0.027666220437304774,0.2744310575635877,0.036590807675145026,0.012048192771084338,0.0249888442659527
0.11126005361930295,0.020107238605898123,0.017873100983020553,0.2658623771224307,0.020107238605898123,0.02680965147453083,0.030831099195710455,0.04781054512957998,0.020554066130473638,0.03261840929401251,0.028596961572832886,0.027256478999106343,0.2761394101876676,0.036193029490616625,0.011170688114387846,0.02680965147453083
0.10640216411181244,0.018935978358881875,0.0175834084761046,0.2601442741208296,0.021190261496844005,0.02750225428313796,0.030658250676284943,0.04733994589720469,0.018034265103697024,0.03381424706943192,0.027953110910730387,0.02750225428313796,0.2867448151487827,0.03606853020739405,0.011722272317403066,0.028403967538322812
