C_R,C_A,C_S,C_N,D_R,D_A,D_S,D_N,Oc_R,Oc_A,Oc_S,Oc_N,Od_R,Od_A,Od_S,Od_N
0.0,0.0,0.0,0.0,0.0,0.0,0.0,0.0,0.0,0.0,0.0,0.0,0.0,0.0,1.0,0.0
0.0,0.0,0.4,0.0,0.0,0.0,0.0,0.0,0.0,0.0,0.0,0.0,0.0,0.0,0.6,0.0
0.0,0.0,0.5555555555555556,0.0,0.0,0.0,0.0,0.0,0.0,0.0,0.0,0.0,0.0,0.0,0.4444444444444444,0.0
0.0,0.0,0.42857142857142855,0.0,0.0,0.0,0.07142857142857142,0.0,0.0,0.0,0.0,0.0,0.07142857142857142,0.0,0.42857142857142855,0.0
0.0,0.0,0.3888888888888889,0.0,0.0,0.0,0.1111111111111111,0.0,0.1111111111111111,0.0,0.0,0.0,0.05555555555555555,0.0,0.3333333333333333,0.0
0.0,0.0,0.3225806451612903,0.0,0.0,0.0,0.06451612903225806,0.0,0.0967741935483871,0.0,0.06451612903225806,0.0,0.12903225806451613,0.0,0.3225806451612903,0.0
0.0,0.0,0.3333333333333333,0.0,0.0,0.0,0.047619047619047616,0.0,0.07142857142857142,0.0,0.023809523809523808,0.0,0.19047619047619047,0.0,0.3333333333333333,0.0
0.0,0.0,0.3018867924528302,0.0,0.0,0.0,0.05660377358490566,0.0,0.11320754716981132,0.0,0.0,0.018867924528301886,0.2641509433962264,0.0,0.24528301886792453,0.0
0.0,0.013157894736842105,0.32894736842105265,0.0,0.0,0.0,0.02631578947368421,0.0,0.10526315789473684,0.0,0.0,0.02631578947368421,0.2894736842105263,0.0,0.21052631578947367,0.0
0.0,0.01904761904761905,0.34285714285714286,0.0,0.0,0.0,0.01904761904761905,0.0,0.10476190476190476,0.0,0.01904761904761905,0.01904761904761905,0.2857142857142857,0.0,0.19047619047619047,0.0
0.0,0.021739130434782608,0.30434782608695654,0.0,0.0,0.0,0.014492753623188406,0.007246376811594203,0.10144927536231885,0.014492753623188406,0.014492753623188406,0.028985507246376812,0.3188405797101449,0.0,0.17391304347826086,0.0
0.0,0.027472527472527472,0.29120879120879123,0.0,0.0,0.0,0.01098901098901099,0.01098901098901099,0.09340659340659341,0.01098901098901099,0.02197802197802198,0.027472527472527472,0.33516483516483514,0.0,0.17032967032967034,0.0
0.0,0.029166666666666667,0.2791666666666667,0.0,0.0,0.0,0.008333333333333333,0.0125,0.09166666666666666,0.008333333333333333,0.029166666666666667,0.025,0.35833333333333334,0.004166666666666667,0.15416666666666667,0.0
0.0,0.02097902097902098,0.2902097902097902,0.0,0.0,0.0,0.006993006993006993,0.013986013986013986,0.0944055944055944,0.006993006993006993,0.024475524475524476,0.024475524475524476,0.36013986013986016,0.0034965034965034965,0.15384615384615385,0.0
0.0,0.023054755043227664,0.25936599423631124,0.005763688760806916,0.0,0.0,0.005763688760806916,0.020172910662824207,0.08645533141210375,0.005763688760806916,0.023054755043227664,0.03170028818443804,0.3804034582132565,0.005763688760806916,0.15273775216138327,0.0
0.0,0.024096385542168676,0.25060240963855424,0.00963855421686747,0.0,0.0,0.00963855421686747,0.014457831325301205,0.08433734939759036,0.0024096385542168677,0.016867469879518072,0.04096385542168675,0.38795180722891565,0.004819277108433735,0.1493975903614458,0.004819277108433735
0.0,0.031936127744510975,0.24151696606786427,0.011976047904191617,0.001996007984031936,0.0,0.011976047904191617,0.013972055888223553,0.0718562874251497,0.005988023952095809,0.013972055888223553,0.041916167664670656,0.4111776447105788,0.003992015968063872,0.13373253493013973,0.003992015968063872
0.0017064846416382253,0.03924914675767918,0.23378839590443687,0.015358361774744027,0.0017064846416382253,0.0,0.010238907849829351,0.013651877133105802,0.06996587030716724,0.006825938566552901,0.013651877133105802,0.03924914675767918,0.41467576791808874,0.008532423208191127,0.12798634812286688,0.0034129692832764505
0.004347826086956522,0.043478260869565216,0.22028985507246376,0.01884057971014493,0.0,0.0,0.010144927536231883,0.010144927536231883,0.07681159420289856,0.010144927536231883,0.010144927536231883,0.0391304347826087,0.4057971014492754,0.011594202898550725,0.13333333333333333,0.005797101449275362
0.0038022813688212928,0.04182509505703422,0.21799746514575413,0.016476552598225603,0.0,0.0,0.008871989860583017,0.011406844106463879,0.07477820025348543,0.011406844106463879,0.011406844106463879,0.043092522179974654,0.4233206590621039,0.010139416983523447,0.11913814955640051,0.0063371356147021544
0.005482456140350877,0.046052631578947366,0.20285087719298245,0.01864035087719298,0.0,0.0010964912280701754,0.009868421052631578,0.009868421052631578,0.07894736842105263,0.01206140350877193,0.009868421052631578,0.043859649122807015,0.42543859649122806,0.01425438596491228,0.11293859649122807,0.008771929824561403
0.007774538386783284,0.043731778425655975,0.19144800777453838,0.025267249757045675,0.0,0.0009718172983479105,0.007774538386783284,0.010689990281827016,0.07677356656948493,0.011661807580174927,0.011661807580174927,0.04859086491739553,0.4227405247813411,0.0184645286686103,0.11564625850340136,0.006802721088435374
0.007778738115816767,0.04407951598962835,0.1944684528954192,0.032843560933448576,0.000864304235090752,0.0,0.007778738115816767,0.010371650821089023,0.07519446845289542,0.011235955056179775,0.00864304235090752,0.04840103716508211,0.43301642178046673,0.01901469317199654,0.09939498703543648,0.006914433880726016
0.007861635220125786,0.041666666666666664,0.18474842767295596,0.04009433962264151,0.0007861635220125787,0.0015723270440251573,0.007075471698113208,0.012578616352201259,0.06918238993710692,0.013364779874213837,0.0110062893081761,0.04559748427672956,0.43238993710691825,0.020440251572327043,0.10613207547169812,0.00550314465408805
0.008438818565400843,0.04289732770745429,0.18143459915611815,0.0450070323488045,0.002109704641350211,0.0014064697609001407,0.007735583684950774,0.012658227848101266,0.0710267229254571,0.015471167369901548,0.012658227848101266,0.04430379746835443,0.4170182841068917,0.02250351617440225,0.1111111111111111,0.004219409282700422
0.010423452768729642,0.04169381107491857,0.17133550488599347,0.04755700325732899,0.003257328990228013,0.0026058631921824105,0.006514657980456026,0.011726384364820847,0.06905537459283388,0.016938110749185668,0.013029315960912053,0.04495114006514658,0.4208469055374593,0.026710097719869708,0.10814332247557003,0.005211726384364821
0.011976047904191617,0.041916167664670656,0.1688622754491018,0.053293413173652694,0.0029940119760479044,0.0023952095808383233,0.007784431137724551,0.010778443113772455,0.06646706586826347,0.020958083832335328,0.011377245508982036,0.04251497005988024,0.41437125748502995,0.03053892215568862,0.10838323353293414,0.005389221556886228
0.013112884834663626,0.042759407069555305,0.1653363740022805,0.052451539338654506,0.0028506271379703536,0.0034207525655644243,0.009122006841505131,0.010832383124287344,0.06670467502850627,0.02508551881413911,0.010832383124287344,0.04389965792474344,0.4053591790193843,0.03078677309007982,0.11117445838084379,0.006271379703534778
0.01229946524064171,0.04171122994652406,0.15935828877005348,0.051336898395721926,0.0032085561497326204,0.0037433155080213902,0.00909090909090909,0.009625668449197862,0.059358288770053474,0.031016042780748664,0.0106951871657754,0.044919786096256686,0.413903743315508,0.03155080213903743,0.11069518716577541,0.0074866310160427805
0.014894709809964048,0.040061633281972264,0.1633281972265023,0.053929121725731895,0.0030816640986132513,0.004622496147919877,0.01078582434514638,0.009758602978941962,0.06111967128916281,0.03338469440164355,0.011299435028248588,0.040575243965074476,0.40472521828454033,0.030303030303030304,0.11196712891628145,0.0061633281972265025
0.013392857142857142,0.037698412698412696,0.1572420634920635,0.05406746031746032,0.00248015873015873,0.006944444444444444,0.00992063492063492,0.009424603174603174,0.06001984126984127,0.033234126984126984,0.014384920634920634,0.03968253968253968,0.4126984126984127,0.030257936507936508,0.1130952380952381,0.005456349206349206
0.014360938247965534,0.03781713738630924,0.15414073719483007,0.053614169459071326,0.00430828147438966,0.006223073240785065,0.011010052656773576,0.00861656294877932,0.060794638583054096,0.03829583532790809,0.015797032072762087,0.040210627094303494,0.4030636668262326,0.03015797032072762,0.11440880804212541,0.007180469123982767
0.013133208255159476,0.04080675422138837,0.1529080675422139,0.05112570356472795,0.005628517823639775,0.007035647279549718,0.01172607879924953,0.009849906191369606,0.05863039399624766,0.038930581613508444,0.01547842401500938,0.039399624765478425,0.4024390243902439,0.02954971857410882,0.11397748592870544,0.009380863039399626
0.01429889298892989,0.03874538745387454,0.14990774907749077,0.056734317343173434,0.005996309963099631,0.008763837638376383,0.010608856088560886,0.009686346863468635,0.05904059040590406,0.03874538745387454,0.017527675276752766,0.03690036900369004,0.3994464944649446,0.03044280442804428,0.11392988929889299,0.00922509225092251
0.015887426236949616,0.03676804357694054,0.14434861552428507,0.05901044030867,0.006808896958692692,0.009986382206082615,0.009986382206082615,0.012256014525646845,0.05855651384475715,0.03903767589650477,0.019064911484339538,0.03949160236041761,0.3949160236041761,0.029505220154335,0.11484339536995007,0.009532455742169769
0.01744186046511628,0.0353309481216458,0.14803220035778175,0.06082289803220036,0.006708407871198569,0.01073345259391771,0.009838998211091235,0.012075134168157423,0.056797853309481214,0.03622540250447227,0.01967799642218247,0.03801431127012522,0.3953488372093023,0.029516994633273702,0.11359570661896243,0.009838998211091235
0.0196078431372549,0.03698752228163993,0.14393939393939395,0.06372549019607843,0.0066844919786096255,0.0106951871657754,0.0106951871657754,0.012032085561497326,0.05614973262032086,0.035650623885918005,0.020053475935828877,0.0374331550802139,0.39438502673796794,0.031194295900178252,0.10873440285204991,0.012032085561497326
0.02011622708985248,0.038891372373714796,0.14617791685292802,0.06258381761287439,0.007152436298614216,0.010728654447921324,0.010728654447921324,0.013857845328565042,0.05543138131426017,0.03755029056772463,0.02011622708985248,0.03665623603039785,0.38980777827447477,0.030397854269110416,0.10773357174787662,0.012069736253911488
0.01977152899824253,0.03471001757469244,0.14938488576449913,0.05975395430579965,0.007469244288224956,0.010984182776801407,0.011423550087873463,0.012741652021089631,0.056239015817223195,0.03866432337434095,0.018014059753954304,0.03866432337434095,0.39191564147627417,0.02899824253075571,0.10720562390158173,0.014059753954305799
0.021438142027690933,0.037516748548459135,0.14515408664582402,0.06476105404198303,0.006699419383653417,0.00982581509602501,0.012952210808396605,0.010719071013845467,0.05761500669941939,0.038856632425189816,0.018758374274229567,0.0401965163019205,0.3854399285395266,0.027690933452434122,0.1062974542206342,0.0160786065207682
0.021710234824988923,0.03633141338059371,0.13956579530350022,0.06513070447496677,0.0057598582188746125,0.00974745237040319,0.01329198050509526,0.011519716437749225,0.056712450155073105,0.03898980948161276,0.0203810367744794,0.04253433761630483,0.384138236597253,0.03234381922906513,0.10677891005759858,0.015064244572441293
0.024150268336314847,0.03443649373881932,0.14221824686940965,0.06350626118067978,0.005366726296958855,0.010286225402504472,0.012522361359570662,0.012522361359570662,0.05858676207513417,0.03756708407871199,0.02101967799642218,0.04114490161001789,0.3828264758497317,0.03130590339892665,0.10688729874776387,0.015652951699463326
0.024542614904060688,0.035252119589468986,0.13208389112003568,0.06291834002677377,0.005800981704596163,0.008478357875948238,0.0142793395805444,0.01249442213297635,0.0571173583221776,0.038821954484605084,0.020972780008924587,0.041499330655957165,0.392681838464971,0.03480589022757698,0.10441767068273092,0.013833110218652387
0.025675077467906152,0.03629924745462594,0.13280212483399734,0.061531651173085435,0.005754758742806552,0.009296148738379814,0.015050907481186366,0.01239486498450642,0.05799026117751217,0.03939796370075255,0.0199203187250996,0.043382027445772464,0.3904382470119522,0.033643204957945996,0.10225763612217796,0.01416555998229305
0.028181417877586965,0.03478643769264641,0.1316600616468516,0.06164685160722149,0.006164685160722149,0.009687362395420519,0.01453104359313078,0.014090708938793483,0.05812417437252312,0.039189784236019376,0.02289740202553941,0.04007045354469397,0.3958608542492294,0.032144429766622636,0.095112285336856,0.015852047556142668
0.029515418502202642,0.032158590308370046,0.12466960352422908,0.05859030837004405,0.007488986784140969,0.009251101321585903,0.014977973568281937,0.015859030837004406,0.055947136563876655,0.039207048458149776,0.022466960352422908,0.04052863436123348,0.40220264317180615,0.03436123348017621,0.0973568281938326,0.015418502202643172
0.029411764705882353,0.03074866310160428,0.12433155080213903,0.06283422459893048,0.008467023172905526,0.008912655971479501,0.0142602495543672,0.01693404634581105,0.05748663101604278,0.0392156862745098,0.022281639928698752,0.0392156862745098,0.4015151515151515,0.0338680926916221,0.0962566844919786,0.0142602495543672
0.03272075302554908,0.03003137606454505,0.1201255042581802,0.06409681757059614,0.008068130883012102,0.009861048857014791,0.013895114298520844,0.01882563872702824,0.05468399820708202,0.04034065441506051,0.02330793366203496,0.04078888390856118,0.39982070820259974,0.03496190049305244,0.09278350515463918,0.015688032272523533
0.03558718861209965,0.027135231316725978,0.12099644128113879,0.06405693950177936,0.009341637010676156,0.011565836298932384,0.015124555160142349,0.018683274021352312,0.0547153024911032,0.04359430604982206,0.02090747330960854,0.037811387900355875,0.39902135231316727,0.033807829181494664,0.09163701067615658,0.01601423487544484
0.03538257408226449,0.03007518796992481,0.12339672711189739,0.06855373728438743,0.009730207872622734,0.01238390092879257,0.014153029632905795,0.019460415745245468,0.05218929677134011,0.0437859354268023,0.022114108801415303,0.0367094206103494,0.38965059708093763,0.03228659885006634,0.09376382131800089,0.016364440513047324
0.034924845269672856,0.02961980548187445,0.1206896551724138,0.0694076038903625,0.010167992926613616,0.011052166224580018,0.015030946065428824,0.020335985853227233,0.05128205128205128,0.044650751547303275,0.022546419098143235,0.03713527851458886,0.39566755083996463,0.03094606542882405,0.08930150309460655,0.017241379310344827
0.036470058532192706,0.027465105808194508,0.11886537595677622,0.07113912651958577,0.00990544799639802,0.00990544799639802,0.01575866726699685,0.01981089599279604,0.0540297163439892,0.042323277802791534,0.020711391265195857,0.039171544349392164,0.3953174245835209,0.028365601080594327,0.09410175596578119,0.016659162539396668
0.03506435863293387,0.028406569019085663,0.11451398135818908,0.07456724367509987,0.010208610741233911,0.010652463382157125,0.013759431868619618,0.019529516200621395,0.05193075898801598,0.040834442964935644,0.01908566355969818,0.03772747447847315,0.40390590324012426,0.028406569019085663,0.09365290723479805,0.01775410563692854
0.03755029056772463,0.02682163611980331,0.1126508717031739,0.07286544479213232,0.0116227089852481,0.011175681716584712,0.013410818059901655,0.021904336164506034,0.050514081358962896,0.042914617791685296,0.02056325435851587,0.03799731783638802,0.40366562360303976,0.02682163611980331,0.09119356280733125,0.018328118015198926
0.03861517976031957,0.027518863737239236,0.11318242343541944,0.07323568575233022,0.012427873945849977,0.01154016866400355,0.013315579227696404,0.023968042609853527,0.05104305370616955,0.04349755881047492,0.018641810918774968,0.03817132711939636,0.4016866400355082,0.027075011096316024,0.08788282290279627,0.018197958277851752
0.04005340453938585,0.028037383177570093,0.11170449488206498,0.07031597685803294,0.012016021361815754,0.012461059190031152,0.014241210502892745,0.027147307521139297,0.047619047619047616,0.04539385847797063,0.017356475300400534,0.04005340453938585,0.4076546506453049,0.0262572318647085,0.08322207387627949,0.016466399643969738
0.03878360511238431,0.026443367122080213,0.11106214191273689,0.07007492287351257,0.011458792419568091,0.011458792419568091,0.013221683561040106,0.028206258263552227,0.048920229175848394,0.042309387395328336,0.01762891141472014,0.038342882327016305,0.41736447774349933,0.026443367122080213,0.08241516086381666,0.015866020273248127
0.03645147123407993,0.025032938076416336,0.1080368906455863,0.07026789635485288,0.012296881862099254,0.013175230566534914,0.013175230566534914,0.025472112428634168,0.04435660957400088,0.04655248133509003,0.017127799736495388,0.03864734299516908,0.42028985507246375,0.02854633289415898,0.08388230127360562,0.01668862538427756
0.038157894736842106,0.02368421052631579,0.11535087719298245,0.0706140350877193,0.011842105263157895,0.013596491228070176,0.014035087719298246,0.025,0.0456140350877193,0.04736842105263158,0.016666666666666666,0.03728070175438596,0.4144736842105263,0.02894736842105263,0.08070175438596491,0.016666666666666666
0.03938053097345133,0.023008849557522124,0.11017699115044248,0.07123893805309735,0.011946902654867256,0.01415929203539823,0.014601769911504425,0.026106194690265486,0.04513274336283186,0.046460176991150445,0.018584070796460177,0.03716814159292035,0.41150442477876104,0.030530973451327433,0.0831858407079646,0.016814159292035398
0.038869257950530034,0.02429328621908127,0.11484098939929328,0.07641342756183746,0.012809187279151944,0.015459363957597174,0.016342756183745585,0.02429328621908127,0.03975265017667844,0.04372791519434629,0.018992932862190812,0.03489399293286219,0.4121024734982332,0.030035335689045935,0.08083038869257951,0.016342756183745585
0.040780141843971635,0.023936170212765957,0.11702127659574468,0.07313829787234043,0.012854609929078014,0.014184397163120567,0.01551418439716312,0.024379432624113476,0.03856382978723404,0.043882978723404256,0.018173758865248225,0.034131205673758866,0.4171099290780142,0.03235815602836879,0.07801418439716312,0.015957446808510637
0.04046242774566474,0.02578923966207203,0.11783014673188083,0.07336594041796354,0.01200533570475767,0.013339261894175189,0.017341040462427744,0.024455313472654512,0.03646064917741218,0.04490884837705647,0.016896398399288574,0.03468208092485549,0.4148510449088484,0.03334815473543797,0.07870164517563362,0.015562472209871054
0.03961267605633803,0.02420774647887324,0.11267605633802817,0.07174295774647887,0.013644366197183098,0.014084507042253521,0.01716549295774648,0.025528169014084508,0.03653169014084507,0.04357394366197183,0.016725352112676055,0.03697183098591549,0.4185739436619718,0.032570422535211266,0.0801056338028169,0.016285211267605633
0.04,0.027555555555555555,0.11333333333333333,0.06977777777777777,0.015111111111111112,0.015111111111111112,0.017333333333333333,0.024,0.03288888888888889,0.042666666666666665,0.015555555555555555,0.03688888888888889,0.41955555555555557,0.03422222222222222,0.08,0.016
0.04382826475849732,0.026386404293381037,0.11583184257602862,0.07155635062611806,0.014758497316636851,0.016100178890876567,0.015652951699463326,0.023255813953488372,0.03041144901610018,0.03980322003577817,0.016547406082289804,0.03801431127012522,0.42486583184257604,0.03130590339892665,0.07513416815742398,0.016547406082289804
0.04332291201429209,0.025011165698972757,0.11389012952210809,0.07280035730236713,0.0160786065207682,0.01563197856185797,0.01786511835640911,0.023671281822242072,0.030817329164805715,0.038856632425189816,0.017418490397498883,0.03662349263063868,0.421616793211255,0.03171058508262617,0.07682000893255918,0.01786511835640911
0.04597701149425287,0.026525198938992044,0.11140583554376658,0.07338638373121131,0.015030946065428824,0.017241379310344827,0.021220159151193633,0.02431476569407604,0.03138815207780725,0.03934571175950486,0.015030946065428824,0.03978779840848806,0.4151193633952255,0.02961980548187445,0.07603890362511052,0.01856763925729443
0.046038069942452416,0.027888446215139442,0.11642319610447101,0.07171314741035857,0.01416555998229305,0.015493581230633024,0.02080566622399292,0.02080566622399292,0.03187250996015936,0.038955289951305885,0.015050907481186366,0.0398406374501992,0.4209827357237716,0.029216467463479414,0.07348384240814519,0.017264276228419653
0.04975781594011449,0.024658740642888595,0.11448701012769705,0.0717745486569793,0.01453104359313078,0.012769704975781594,0.02025539409951563,0.022016732716864818,0.029942756494936152,0.041831792162043156,0.01453104359313078,0.04095112285336856,0.42140026420079263,0.030823425803610745,0.07353588727432848,0.01673271686481726
0.04887892376681614,0.023318385650224215,0.1147982062780269,0.07533632286995516,0.016143497757847534,0.011210762331838564,0.017040358744394617,0.020179372197309416,0.029596412556053813,0.04080717488789238,0.013004484304932735,0.04484304932735426,0.42152466367713004,0.03139013452914798,0.07399103139013453,0.017937219730941704
0.048802129547471165,0.025288376220053237,0.11490683229813664,0.07453416149068323,0.01730257320319432,0.011978704525288377,0.015971606033717833,0.019520851818988466,0.030612244897959183,0.043478260869565216,0.012422360248447204,0.043478260869565216,0.42679680567879325,0.03149955634427684,0.06654835847382432,0.01685891748003549
0.04917299955297273,0.025033527045149755,0.10907465355386678,0.07644166294143943,0.016987036209208762,0.013410818059901655,0.016987036209208762,0.02056325435851587,0.029056772463120252,0.04425569959767546,0.012516763522574878,0.0424675905230219,0.42914617791685294,0.030397854269110416,0.06660706303084488,0.017881090746535537
0.050750220653133275,0.025154457193292144,0.10944395410414828,0.07722859664607237,0.016328331862312445,0.01323918799646955,0.01676963812886143,0.020741394527802295,0.02736098852603707,0.04280670785525154,0.01147396293027361,0.04457193292144748,0.43027360988526037,0.027802294792586054,0.06707855251544571,0.018976169461606355
0.05469097376611828,0.02712316585148955,0.10938194753223655,0.07469986660738105,0.012894619831036016,0.01200533570475767,0.017341040462427744,0.020008892841262782,0.028901734104046242,0.041351711871943087,0.012449977767896843,0.04313028012449978,0.4353045798132503,0.031124944419742107,0.06047132058692752,0.019119608714984436
0.0541740674955595,0.027531083481349913,0.10568383658969804,0.07682060390763766,0.012433392539964476,0.011989342806394316,0.017761989342806393,0.018650088809946713,0.02975133214920071,0.04262877442273535,0.012877442273534635,0.04085257548845471,0.4382770870337478,0.03063943161634103,0.05950266429840142,0.020426287744227355
0.055357142857142855,0.029464285714285714,0.103125,0.07946428571428571,0.0125,0.011160714285714286,0.019642857142857142,0.017410714285714286,0.029464285714285714,0.04285714285714286,0.012053571428571429,0.040625,0.4357142857142857,0.029910714285714287,0.059375,0.021875
0.056620597414177444,0.027641551493535442,0.09986625055728934,0.07935800267498885,0.0115916183682568,0.0115916183682568,0.019170753455193937,0.017387427552385197,0.02808738296923763,0.041462327240303166,0.012037449843958983,0.04101649576460098,0.44048149799375835,0.03120820329915292,0.05929558626839055,0.0231832367365136
0.0556792873051225,0.028953229398663696,0.09621380846325167,0.0775055679287305,0.012917594654788419,0.011135857461024499,0.01915367483296214,0.01915367483296214,0.027171492204899776,0.0400890868596882,0.011581291759465479,0.03964365256124722,0.443652561247216,0.03162583518930958,0.061915367483296214,0.023608017817371936
0.05682819383259912,0.026872246696035242,0.09823788546255506,0.08193832599118943,0.011894273127753305,0.011013215859030838,0.02026431718061674,0.019823788546255508,0.02643171806167401,0.039647577092511016,0.01145374449339207,0.04008810572687225,0.4431718061674009,0.03127753303964758,0.057709251101321586,0.023348017621145373
0.062111801242236024,0.029281277728482696,0.09982253771073647,0.0771960958296362,0.011091393078970719,0.011535048802129548,0.019964507542147295,0.022182786157941437,0.024401064773735583,0.0417036379769299,0.011535048802129548,0.03904170363797693,0.4423247559893523,0.02883762200532387,0.055900621118012424,0.023070097604259095
0.06236275801493193,0.028985507246376812,0.09793588054457619,0.08300395256916997,0.010540184453227932,0.011418533157663592,0.018884497145366712,0.021519543258673692,0.025032938076416336,0.039525691699604744,0.011418533157663592,0.03645147123407993,0.4444444444444444,0.028985507246376812,0.056214317083882304,0.023276240667545016
0.06354810238305383,0.02736098852603707,0.09179170344218888,0.08473080317740513,0.011032656663724626,0.011915269196822596,0.019417475728155338,0.023389232127096204,0.025154457193292144,0.038834951456310676,0.011032656663724626,0.037069726390114736,0.44307149161518095,0.02736098852603707,0.059576345984112974,0.02471315092674316
0.06177777777777778,0.027555555555555555,0.08844444444444445,0.08533333333333333,0.012,0.012,0.020444444444444446,0.024,0.025333333333333333,0.04088888888888889,0.013333333333333334,0.036444444444444446,0.4448888888888889,0.025777777777777778,0.058222222222222224,0.023555555555555555
0.0654945054945055,0.026813186813186812,0.08307692307692308,0.08175824175824176,0.012747252747252748,0.011428571428571429,0.01802197802197802,0.024175824175824177,0.027252747252747254,0.04351648351648352,0.015384615384615385,0.03428571428571429,0.44659340659340657,0.028131868131868132,0.05714285714285714,0.024175824175824177
0.0625826355222565,0.028206258263552227,0.08241516086381666,0.07977082415160863,0.014543851917144116,0.011458792419568091,0.01762891141472014,0.024239753195240195,0.0246804759806082,0.04010577346848832,0.014543851917144116,0.03393565447333627,0.45791097399735564,0.029528426619656236,0.05509034817100044,0.023358307624504186
0.06468531468531469,0.029283216783216784,0.08085664335664336,0.08041958041958042,0.015297202797202798,0.0118006993006993,0.01791958041958042,0.0236013986013986,0.0236013986013986,0.042395104895104896,0.013986013986013986,0.03496503496503497,0.4527972027972028,0.029283216783216784,0.055944055944055944,0.023164335664335664
0.0659000442282176,0.03140203449800973,0.08270676691729323,0.08270676691729323,0.015037593984962405,0.010172490048651039,0.01680672268907563,0.022556390977443608,0.02565236620964175,0.0437859354268023,0.015037593984962405,0.03184431667403804,0.45422379478107033,0.02830605926581159,0.0508624502432552,0.022998673153471916
0.06453028972783142,0.03160667251975417,0.08647936786654961,0.08121158911325724,0.014925373134328358,0.011852502194907815,0.015364354697102721,0.0228270412642669,0.023266022827041263,0.043459174714661986,0.015803336259877086,0.033801580333625986,0.45829675153643545,0.0276558384547849,0.04741000877963126,0.02151009657594381
0.0673758865248227,0.031471631205673756,0.08333333333333333,0.08111702127659574,0.015070921985815602,0.01152482269503546,0.015070921985815602,0.02304964539007092,0.02304964539007092,0.0425531914893617,0.018617021276595744,0.03723404255319149,0.4574468085106383,0.027039007092198582,0.044326241134751775,0.02171985815602837
0.0681717574147853,0.03010181496237273,0.08587870739265162,0.08145196989818504,0.01593625498007968,0.01195219123505976,0.015050907481186366,0.02213368747233289,0.02390438247011952,0.04293935369632581,0.017706949977866312,0.034528552456839307,0.45595396193005755,0.02656042496679947,0.046038069942452416,0.021691013722886232
0.06884377758164166,0.02912621359223301,0.0820829655781112,0.0763459841129744,0.017210944395410415,0.01147396293027361,0.015445719329214475,0.018534863195057368,0.025154457193292144,0.04324801412180053,0.018093556928508385,0.03353927625772286,0.46866725507502205,0.02471315092674316,0.045454545454545456,0.02206531332744925
0.06904231625835189,0.030289532293986638,0.0775055679287305,0.07349665924276169,0.01737193763919822,0.011135857461024499,0.017817371937639197,0.021380846325167038,0.026726057906458798,0.03964365256124722,0.016926503340757237,0.03608017817371938,0.47037861915367485,0.023608017817371936,0.04365256124721604,0.024944320712694878
0.06740088105726873,0.02907488986784141,0.0801762114537445,0.07753303964757709,0.018061674008810574,0.01145374449339207,0.018061674008810574,0.020704845814977973,0.025110132158590308,0.04229074889867841,0.016740088105726872,0.033920704845814977,0.4669603524229075,0.023348017621145373,0.04361233480176212,0.02555066079295154
0.07127047366091191,0.029216467463479414,0.07702523240371846,0.0818946436476317,0.019034971226206288,0.01239486498450642,0.01637892872952634,0.021691013722886232,0.025232403718459494,0.038955289951305885,0.016821602478972998,0.033200531208499334,0.4718902169101372,0.023461708720672863,0.03939796370075255,0.02213368747233289
0.07590467784642542,0.032215357458075904,0.0794351279788173,0.07811120917917035,0.018093556928508385,0.012797881729920565,0.016328331862312445,0.024271844660194174,0.0264783759929391,0.03927625772285966,0.01412180052956752,0.03000882612533098,0.46601941747572817,0.02383053839364519,0.0410414827890556,0.02206531332744925
0.07508833922261485,0.02959363957597173,0.07862190812720848,0.0803886925795053,0.01987632508833922,0.014134275618374558,0.016342756183745585,0.023851590106007067,0.026060070671378093,0.036219081272084806,0.013250883392226149,0.030035335689045935,0.4717314487632509,0.023851590106007067,0.03842756183745583,0.022526501766784453
0.07535460992907801,0.02925531914893617,0.07801418439716312,0.08111702127659574,0.01950354609929078,0.013297872340425532,0.014184397163120567,0.02304964539007092,0.025709219858156027,0.038120567375886524,0.014627659574468085,0.030585106382978722,0.4729609929078014,0.026152482269503546,0.03634751773049645,0.02171985815602837
0.07934397163120567,0.0274822695035461,0.07579787234042554,0.07890070921985816,0.0199468085106383,0.012854609929078014,0.012854609929078014,0.022163120567375887,0.023936170212765957,0.03856382978723404,0.013297872340425532,0.030141843971631204,0.4773936170212766,0.027039007092198582,0.03679078014184397,0.02349290780141844
0.07906360424028269,0.028268551236749116,0.07508833922261485,0.07773851590106007,0.02075971731448763,0.014134275618374558,0.015017667844522967,0.022526501766784453,0.021643109540636044,0.03975265017667844,0.012367491166077738,0.030035335689045935,0.47614840989399293,0.027385159010600707,0.0353356890459364,0.024734982332155476
0.07532122286220647,0.02658396101019052,0.07487815684536996,0.07709348692955251,0.02259636685866194,0.01284891448825875,0.015507310589277802,0.02259636685866194,0.020824102791315906,0.0412051395657953,0.011076650420912717,0.02924235711120957,0.48427115640230395,0.024811696942844484,0.03544528134692069,0.0256978289765175
0.07559681697612732,0.027409372236958444,0.07648099027409372,0.07957559681697612,0.023430592396109638,0.011936339522546418,0.017241379310344827,0.021662245800176835,0.022546419098143235,0.04155614500442087,0.011936339522546418,0.026967285587975242,0.47568523430592397,0.025198938992042442,0.03757736516357206,0.025198938992042442
0.07495590828924162,0.026895943562610228,0.07231040564373897,0.07716049382716049,0.02292768959435626,0.012786596119929453,0.018518518518518517,0.02292768959435626,0.022486772486772486,0.041005291005291,0.011904761904761904,0.027777777777777776,0.4810405643738977,0.025573192239858905,0.036155202821869487,0.025573192239858905
0.07603890362511052,0.025198938992042442,0.07294429708222812,0.07869142351900972,0.022988505747126436,0.014588859416445624,0.017241379310344827,0.022988505747126436,0.021220159151193633,0.041998231653404064,0.013704686118479222,0.03050397877984085,0.47524314765694076,0.026525198938992044,0.03404067197170645,0.026083112290008842
0.07914628723877279,0.023566029346376166,0.06936416184971098,0.0773677189862161,0.021787461093819474,0.014673188083592708,0.019119608714984436,0.022232103156958647,0.023121387283236993,0.04357492218763895,0.015562472209871054,0.029791018230324588,0.4744330813694976,0.02578923966207203,0.03423743886171632,0.026233881725211204
0.07266282676118742,0.02259636685866194,0.06557377049180328,0.07842268498006202,0.022153300841825433,0.014621178555604785,0.0203810367744794,0.024811696942844484,0.022153300841825433,0.04519273371732388,0.017279574656623838,0.028799291094373063,0.4767390341160833,0.02658396101019052,0.035002215330084185,0.02702702702702703
0.07413945278022947,0.02294792586054722,0.06619593998234775,0.08031774051191527,0.02118270079435128,0.01412180052956752,0.02206531332744925,0.02471315092674316,0.02294792586054722,0.043689320388349516,0.018534863195057368,0.02912621359223301,0.47572815533980584,0.02559576345984113,0.032215357458075904,0.0264783759929391
0.08307418924922257,0.02576632607729898,0.06619280319857841,0.07774322523322967,0.02132385606397157,0.015548645046645935,0.019102621057307864,0.02665482007996446,0.021768103065304308,0.04309195912927588,0.019102621057307864,0.02798756108396268,0.46868058640604177,0.02310084406930253,0.0346512661039538,0.02621057307863172
0.08318739054290718,0.025394045534150613,0.06567425569176882,0.07530647985989491,0.024080560420315235,0.013134851138353765,0.017513134851138354,0.024080560420315235,0.021891418563922942,0.042907180385288964,0.019702276707530646,0.027583187390542906,0.47591943957968474,0.024518388791593695,0.03283712784588441,0.02626970227670753
0.08432671081677705,0.026931567328918323,0.06490066225165562,0.07240618101545254,0.024282560706401765,0.012803532008830023,0.016777041942604858,0.024282560706401765,0.02207505518763797,0.04370860927152318,0.018984547461368653,0.02869757174392936,0.4746136865342163,0.022516556291390728,0.033554083885209716,0.02913907284768212
0.08285334514842711,0.02702702702702703,0.06114311032343819,0.07532122286220647,0.0256978289765175,0.014178112538768276,0.01595037660611431,0.027470093043863535,0.021710234824988923,0.043863535666814356,0.01860877270713336,0.026140894993354008,0.47363757199822776,0.023482498892334957,0.034116083296411165,0.028799291094373063
0.08480565371024736,0.02561837455830389,0.062279151943462896,0.07376325088339222,0.026501766784452298,0.014134275618374558,0.015901060070671377,0.026943462897526502,0.02075971731448763,0.04063604240282685,0.018109540636042403,0.026501766784452298,0.47747349823321555,0.024734982332155476,0.03489399293286219,0.026943462897526502
0.085219707057257,0.02574345317354638,0.05903240124278739,0.07501109631602308,0.022636484687083888,0.014647137150466045,0.015978695073235686,0.027518863737239236,0.018641810918774968,0.04349755881047492,0.019529516200621395,0.028406569019085663,0.480248557478917,0.023968042609853527,0.032845095428317796,0.027075011096316024
0.08296557811120918,0.02559576345984113,0.0529567519858782,0.07811120917917035,0.02294792586054722,0.015445719329214475,0.01500441306266549,0.02736098852603707,0.020741394527802295,0.04280670785525154,0.018093556928508385,0.02824360105913504,0.4885260370697264,0.02471315092674316,0.030450132391879964,0.026037069726390114
0.08190224570673713,0.02774108322324967,0.05548216644649934,0.08366358432408631,0.023337736679876705,0.014090708938793483,0.015411712901805373,0.028621752531924262,0.023337736679876705,0.041391457507705856,0.016292382210479964,0.029942756494936152,0.4804051078819903,0.02553940995156319,0.02906208718626156,0.023778071334214
0.07869142351900972,0.029177718832891247,0.052166224580017684,0.08178603006189213,0.021662245800176835,0.014146772767462422,0.015473032714412025,0.030061892130857647,0.023872679045092837,0.04376657824933687,0.017241379310344827,0.027409372236958444,0.48629531388152075,0.02475685234305924,0.028735632183908046,0.02475685234305924
0.08226448474126492,0.02786377708978328,0.05616983635559487,0.08137992038920831,0.022556390977443608,0.012826183104820876,0.01592215833701902,0.030959752321981424,0.023883237505528527,0.04290137107474569,0.016364440513047324,0.02565236620964175,0.4834144183989385,0.02565236620964175,0.02565236620964175,0.026536930561698365
0.08355321020228672,0.026824978012313105,0.055408970976253295,0.08179419525065963,0.020668425681618294,0.011433597185576077,0.015391380826737027,0.03210202286719437,0.022427440633245383,0.04353562005277045,0.015391380826737027,0.026385224274406333,0.48768689533861037,0.026385224274406333,0.025945470536499562,0.025065963060686015
0.0831858407079646,0.028761061946902654,0.05619469026548673,0.08097345132743362,0.02168141592920354,0.009734513274336283,0.015486725663716814,0.032300884955752215,0.020353982300884955,0.04601769911504425,0.014601769911504425,0.026106194690265486,0.4889380530973451,0.02566371681415929,0.023451327433628318,0.02654867256637168
0.07994640464493077,0.029030817329164807,0.05716837874050915,0.07949977668602054,0.023224653863331845,0.011165698972755694,0.014738722644037517,0.030817329164805715,0.02188476998660116,0.04644930772666369,0.013845466726217061,0.025011165698972757,0.49084412684234036,0.025011165698972757,0.0241179097811523,0.027244305493523895
0.08148804251550044,0.027900797165633304,0.050487156775907885,0.08193091231178033,0.022586359610274578,0.012400354295837024,0.01550044286979628,0.02878653675819309,0.023472099202834367,0.04384410983170948,0.013728963684676704,0.0283436669619132,0.491585473870682,0.025686448184233834,0.023472099202834367,0.02878653675819309
0.08190224570673713,0.02553940995156319,0.04975781594011449,0.08234258036107442,0.023337736679876705,0.013210039630118891,0.016292382210479964,0.030823425803610745,0.02157639806252752,0.04271246147071774,0.014090708938793483,0.02553940995156319,0.49757815940114486,0.024658740642888595,0.023337736679876705,0.027300748568912372
0.0828193832599119,0.024669603524229075,0.04669603524229075,0.0828193832599119,0.02290748898678414,0.01277533039647577,0.015418502202643172,0.030837004405286344,0.02158590308370044,0.04185022026431718,0.014537444933920705,0.025110132158590308,0.5035242290748899,0.024229074889867842,0.021145374449339206,0.02907488986784141
0.08070953436807095,0.02483370288248337,0.048337028824833705,0.08869179600886919,0.022172949002217297,0.013303769401330377,0.01507760532150776,0.03015521064301552,0.01862527716186253,0.042572062084257206,0.014634146341463415,0.025277161862527715,0.5033259423503326,0.02261640798226164,0.021729490022172948,0.027937915742793792
0.08519982433025912,0.023276240667545016,0.04655248133509003,0.08651734738691261,0.020641194554238032,0.012296881862099254,0.015371102327624066,0.030742204655248132,0.019762845849802372,0.043039086517347384,0.012736056214317084,0.023715415019762844,0.5063680281071585,0.022397891963109356,0.021519543258673692,0.029863855950812472
0.08908685968819599,0.022271714922048998,0.047661469933184854,0.09398663697104677,0.021380846325167038,0.012472160356347439,0.015590200445434299,0.028953229398663696,0.01915367483296214,0.0400890868596882,0.011581291759465479,0.023608017817371936,0.5042316258351893,0.02093541202672606,0.019599109131403118,0.029398663697104678
0.08745080891998251,0.024048972452995192,0.04503716659379099,0.09138609532138173,0.021862702229995628,0.013117621337997376,0.017052907739396588,0.03060778312199388,0.018364669873196328,0.03935286401399213,0.014866637516397026,0.025360734586794928,0.5002186270222999,0.020988194140795804,0.019676432006996064,0.03060778312199388
0.0921577315019938,0.0256978289765175,0.04164820558263181,0.09392999556933983,0.02303943287549845,0.013735046521931768,0.01595037660611431,0.030128489144882586,0.017722640673460344,0.038546743464776254,0.014178112538768276,0.02525476295968099,0.4957908728400532,0.022153300841825433,0.01905183872396987,0.031014621178555603
0.09038546743464776,0.024368630926007974,0.0412051395657953,0.09437306158617634,0.023925564909171467,0.013735046521931768,0.01595037660611431,0.03278688524590164,0.017722640673460344,0.03898980948161276,0.01329198050509526,0.02525476295968099,0.4957908728400532,0.023482498892334957,0.01860877270713336,0.030128489144882586
0.09317877842175658,0.02630405706642889,0.04012483281319661,0.0954079358002675,0.02139991083370486,0.013820775746767721,0.017387427552385197,0.03165403477485511,0.016941596076683014,0.03700401248328132,0.013374944271065538,0.02630405706642889,0.4948729380294249,0.024966562639322336,0.01560410164957646,0.03165403477485511
