C_R,C_A,C_S,C_N,D_R,D_A,D_S,D_N,Oc_R,Oc_A,Oc_S,Oc_N,Od_R,Od_A,Od_S,Od_N
0.0,0.0,0.0,0.0,0.0,0.0,0.0,0.0,1.0,0.0,0.0,0.0,0.0,0.0,0.0,0.0
0.0,0.0,0.0,0.0,0.0,0.0,0.0,0.0,0.5,0.0,0.0,0.0,0.0,0.0,0.5,0.0
0.0,0.0,0.0,0.0,0.0,0.0,0.0,0.0,0.5,0.0,0.0,0.0,0.0,0.0,0.5,0.0
0.0,0.3333333333333333,0.0,0.0,0.0,0.0,0.0,0.0,0.3333333333333333,0.0,0.0,0.0,0.0,0.0,0.3333333333333333,0.0
0.0,0.0,0.0,0.0,0.0,0.0,0.0,0.0,0.5,0.0,0.0,0.0,0.0,0.25,0.25,0.0
0.0,0.0,0.0,0.0,0.0,0.2,0.0,0.0,0.4,0.0,0.0,0.0,0.0,0.4,0.0,0.0
0.0,0.0,0.0,0.0,0.0,0.25,0.0,0.0,0.25,0.0,0.0,0.0,0.25,0.25,0.0,0.0
0.0,0.0,0.0,0.0,0.0,0.16666666666666666,0.0,0.0,0.16666666666666666,0.0,0.0,0.0,0.3333333333333333,0.3333333333333333,0.0,0.0
0.0,0.0,0.0,0.0,0.0,0.125,0.0,0.0,0.125,0.0,0.125,0.0,0.375,0.25,0.0,0.0
0.0,0.0,0.0,0.0,0.0,0.07692307692307693,0.0,0.0,0.15384615384615385,0.0,0.07692307692307693,0.0,0.46153846153846156,0.23076923076923078,0.0,0.0
0.0,0.0,0.0,0.0,0.0,0.058823529411764705,0.0,0.0,0.11764705882352941,0.0,0.058823529411764705,0.058823529411764705,0.5294117647058824,0.17647058823529413,0.0,0.0
0.08333333333333333,0.0,0.0,0.0,0.0,0.041666666666666664,0.0,0.0,0.041666666666666664,0.0,0.041666666666666664,0.041666666666666664,0.625,0.125,0.0,0.0
0.058823529411764705,0.029411764705882353,0.0,0.0,0.0,0.0,0.0,0.0,0.058823529411764705,0.0,0.029411764705882353,0.029411764705882353,0.7058823529411765,0.08823529411764706,0.0,0.0
0.06382978723404255,0.02127659574468085,0.0,0.0,0.0,0.0,0.0,0.0,0.0425531914893617,0.0,0.02127659574468085,0.02127659574468085,0.7659574468085106,0.06382978723404255,0.0,0.0
0.07575757575757576,0.015151515151515152,0.0,0.0,0.0,0.015151515151515152,0.0,0.0,0.045454545454545456,0.0,0.015151515151515152,0.045454545454545456,0.7424242424242424,0.045454545454545456,0.0,0.0
0.10714285714285714,0.023809523809523808,0.0,0.0,0.0,0.011904761904761904,0.0,0.0,0.03571428571428571,0.0,0.011904761904761904,0.03571428571428571,0.7380952380952381,0.03571428571428571,0.0,0.0
0.14285714285714285,0.017857142857142856,0.017857142857142856,0.0,0.0,0.008928571428571428,0.0,0.0,0.03571428571428571,0.008928571428571428,0.008928571428571428,0.03571428571428571,0.6964285714285714,0.026785714285714284,0.0,0.0
0.17647058823529413,0.014705882352941176,0.014705882352941176,0.0,0.0,0.007352941176470588,0.0,0.0,0.03676470588235294,0.007352941176470588,0.014705882352941176,0.022058823529411766,0.6985294117647058,0.007352941176470588,0.0,0.0
0.21965317919075145,0.011560693641618497,0.005780346820809248,0.0,0.0,0.0,0.0,0.0,0.04046242774566474,0.005780346820809248,0.011560693641618497,0.028901734104046242,0.6705202312138728,0.005780346820809248,0.0,0.0
0.23636363636363636,0.013636363636363636,0.004545454545454545,0.0,0.0,0.0,0.004545454545454545,0.0,0.03636363636363636,0.004545454545454545,0.00909090909090909,0.022727272727272728,0.6636363636363637,0.004545454545454545,0.0,0.0
0.23106060606060605,0.011363636363636364,0.003787878787878788,0.0,0.0,0.0,0.003787878787878788,0.0,0.041666666666666664,0.003787878787878788,0.003787878787878788,0.01893939393939394,0.6666666666666666,0.007575757575757576,0.0,0.007575757575757576
0.2598187311178248,0.006042296072507553,0.0030211480362537764,0.0,0.0,0.0,0.0030211480362537764,0.0,0.04833836858006042,0.0030211480362537764,0.0030211480362537764,0.01812688821752266,0.6404833836858006,0.0030211480362537764,0.0,0.012084592145015106
0.26700251889168763,0.005037783375314861,0.0025188916876574307,0.0,0.0,0.0,0.0025188916876574307,0.0025188916876574307,0.05793450881612091,0.005037783375314861,0.0025188916876574307,0.015113350125944584,0.6221662468513854,0.0025188916876574307,0.0025188916876574307,0.012594458438287154
0.27765726681127983,0.006507592190889371,0.0021691973969631237,0.0,0.0,0.0,0.0021691973969631237,0.0021691973969631237,0.06290672451193059,0.006507592190889371,0.0021691973969631237,0.013015184381778741,0.6095444685466378,0.0021691973969631237,0.0021691973969631237,0.010845986984815618
0.29345794392523367,0.007476635514018692,0.005607476635514018,0.0,0.0,0.0,0.001869158878504673,0.003738317757009346,0.05794392523364486,0.005607476635514018,0.001869158878504673,0.013084112149532711,0.5925233644859813,0.003738317757009346,0.001869158878504673,0.011214953271028037
0.27874015748031494,0.006299212598425197,0.004724409448818898,0.0,0.0,0.0015748031496062992,0.0015748031496062992,0.004724409448818898,0.06771653543307087,0.006299212598425197,0.0015748031496062992,0.012598425196850394,0.5984251968503937,0.0031496062992125984,0.0031496062992125984,0.009448818897637795
0.2822695035460993,0.005673758865248227,0.0028368794326241137,0.0,0.0,0.0028368794326241137,0.0014184397163120568,0.005673758865248227,0.06382978723404255,0.005673758865248227,0.0014184397163120568,0.00851063829787234,0.6,0.0070921985815602835,0.0028368794326241137,0.009929078014184398
0.27757125154894674,0.004956629491945477,0.0024783147459727386,0.0,0.0,0.0024783147459727386,0.0012391573729863693,0.006195786864931847,0.06815365551425032,0.007434944237918215,0.0012391573729863693,0.007434944237918215,0.5985130111524164,0.006195786864931847,0.0024783147459727386,0.013630731102850062
0.2775330396475771,0.007709251101321586,0.0011013215859030838,0.0,0.0022026431718061676,0.003303964757709251,0.0022026431718061676,0.004405286343612335,0.06938325991189427,0.006607929515418502,0.0,0.00881057268722467,0.5958149779735683,0.005506607929515419,0.004405286343612335,0.011013215859030838
0.2759295499021526,0.004892367906066536,0.0009784735812133072,0.0009784735812133072,0.0019569471624266144,0.0029354207436399216,0.003913894324853229,0.004892367906066536,0.0675146771037182,0.007827788649706457,0.0009784735812133072,0.007827788649706457,0.5958904109589042,0.00684931506849315,0.004892367906066536,0.011741682974559686
0.2745274527452745,0.0036003600360036,0.0018001800180018,0.0018001800180018,0.0027002700270027003,0.004500450045004501,0.004500450045004501,0.0027002700270027003,0.0702070207020702,0.0072007200720072,0.0018001800180018,0.008100810081008101,0.5922592259225923,0.0054005400540054005,0.0063006300630063005,0.012601260126012601
0.2759472817133443,0.004942339373970346,0.002471169686985173,0.0016474464579901153,0.002471169686985173,0.0032948929159802307,0.005766062602965404,0.0032948929159802307,0.0700164744645799,0.006589785831960461,0.002471169686985173,0.009884678747940691,0.5873146622734761,0.005766062602965404,0.006589785831960461,0.011532125205930808
0.28226415094339624,0.004528301886792453,0.0030188679245283017,0.0015094339622641509,0.0015094339622641509,0.0037735849056603774,0.004528301886792453,0.0030188679245283017,0.06943396226415094,0.006792452830188679,0.0022641509433962265,0.009056603773584906,0.5841509433962264,0.005283018867924529,0.005283018867924529,0.013584905660377358
0.27889273356401384,0.002768166089965398,0.0034602076124567475,0.0020761245674740486,0.0020761245674740486,0.004844290657439446,0.0034602076124567475,0.004152249134948097,0.07058823529411765,0.005536332179930796,0.001384083044982699,0.008304498269896194,0.5910034602076124,0.004844290657439446,0.004844290657439446,0.011764705882352941
0.28784925276153345,0.002599090318388564,0.003898635477582846,0.002599090318388564,0.001949317738791423,0.004548408057179987,0.004548408057179987,0.004548408057179987,0.06432748538011696,0.005847953216374269,0.001949317738791423,0.008447043534762833,0.5893437296946069,0.005198180636777128,0.002599090318388564,0.009746588693957114
0.28518971848225216,0.0030599755201958386,0.0030599755201958386,0.0030599755201958386,0.0012239902080783353,0.0030599755201958386,0.004283965728274173,0.004283965728274173,0.06303549571603427,0.006119951040391677,0.0018359853121175031,0.0073439412484700125,0.5966952264381885,0.0036719706242350062,0.0024479804161566705,0.011627906976744186
0.28766344513928366,0.005685048322910745,0.003979533826037522,0.0034110289937464467,0.0017055144968732233,0.0028425241614553724,0.003979533826037522,0.00511654349061967,0.06424104604889141,0.005685048322910745,0.0017055144968732233,0.0062535531552018195,0.5901080159181353,0.0034110289937464467,0.0022740193291642978,0.011938601478112564
0.2925764192139738,0.0049126637554585155,0.0049126637554585155,0.0032751091703056767,0.0016375545851528383,0.003820960698689956,0.004366812227074236,0.0054585152838427945,0.060043668122270744,0.006004366812227074,0.001091703056768559,0.003820960698689956,0.5895196506550219,0.0032751091703056767,0.002183406113537118,0.013100436681222707
0.29464285714285715,0.0063025210084033615,0.005777310924369748,0.004201680672268907,0.0026260504201680674,0.004726890756302521,0.004201680672268907,0.0063025210084033615,0.06039915966386555,0.005252100840336135,0.0010504201680672268,0.004201680672268907,0.5803571428571429,0.003676470588235294,0.0021008403361344537,0.014180672268907563
0.2941473259334006,0.005549949545913219,0.005045408678102927,0.005549949545913219,0.0035317860746720484,0.006054490413723511,0.004036326942482341,0.005549949545913219,0.056508577194752774,0.005549949545913219,0.0030272452068617556,0.0035317860746720484,0.5802219979818365,0.004036326942482341,0.0025227043390514633,0.015136226034308779
0.29828009828009827,0.004914004914004914,0.005896805896805897,0.005896805896805897,0.005896805896805897,0.0063882063882063885,0.004914004914004914,0.0063882063882063885,0.05405405405405406,0.0063882063882063885,0.0014742014742014742,0.003931203931203931,0.572972972972973,0.004914004914004914,0.002457002457002457,0.015233415233415233
0.30042714760322736,0.005220692928334125,0.005220692928334125,0.005695301376364499,0.007119126720455624,0.006169909824394874,0.004746084480303749,0.005220692928334125,0.05552918841955387,0.006644518272425249,0.0018984337921214998,0.004746084480303749,0.5676317038443285,0.005220692928334125,0.0028476506881822496,0.01566207878500237
0.3125884016973126,0.005657708628005658,0.005657708628005658,0.004243281471004243,0.007543611504007544,0.005657708628005658,0.004714757190004715,0.005657708628005658,0.053276756247053275,0.007072135785007072,0.002828854314002829,0.005657708628005658,0.5553983969825554,0.005657708628005658,0.0033003300330033004,0.015087223008015087
0.30974264705882354,0.004136029411764706,0.003676470588235294,0.00505514705882353,0.008272058823529412,0.00505514705882353,0.00505514705882353,0.0055147058823529415,0.05284926470588235,0.007352941176470588,0.003216911764705882,0.0059742647058823525,0.5611213235294118,0.004136029411764706,0.003676470588235294,0.015165441176470588
0.30995475113122173,0.004524886877828055,0.004072398190045249,0.004524886877828055,0.007239819004524887,0.004072398190045249,0.004977375565610859,0.005429864253393665,0.050226244343891405,0.006787330316742082,0.003167420814479638,0.006787330316742082,0.5656108597285068,0.004977375565610859,0.004072398190045249,0.013574660633484163
0.3110712684894666,0.003585835948005379,0.003585835948005379,0.0044822949350067235,0.00761990138951143,0.0044822949350067235,0.004930524428507396,0.00582698341550874,0.05423576871358135,0.006723442402510085,0.0031376064545047063,0.00582698341550874,0.5647691618108471,0.003585835948005379,0.003585835948005379,0.012550425818018825
0.31005338078291816,0.0035587188612099642,0.00400355871886121,0.004448398576512456,0.0066725978647686835,0.005338078291814947,0.005338078291814947,0.0071174377224199285,0.04759786476868327,0.007562277580071174,0.004448398576512456,0.005338078291814947,0.5707295373665481,0.0035587188612099642,0.0035587188612099642,0.010676156583629894
0.31455190771960956,0.003992901508429458,0.003992901508429458,0.0048802129547471165,0.00709849157054126,0.005323868677905945,0.005323868677905945,0.00709849157054126,0.04835847382431233,0.007985803016858917,0.003992901508429458,0.005323868677905945,0.564773735581189,0.003992901508429458,0.0026619343389529724,0.01064773735581189
0.3075211392968402,0.0035603026257231864,0.004450378282153983,0.004005340453938585,0.0075656430796617715,0.006230529595015576,0.004895416110369382,0.007120605251446373,0.04984423676012461,0.0075656430796617715,0.004895416110369382,0.0053404539385847796,0.5696484201157098,0.004895416110369382,0.0026702269692923898,0.009790832220738763
0.31236055332440876,0.004016064257028112,0.00535475234270415,0.00535475234270415,0.0071396697902722,0.006693440428380187,0.004462293618920125,0.007585899152164213,0.04730031236055333,0.008478357875948238,0.006247211066488175,0.006247211066488175,0.5622489959839357,0.004016064257028112,0.0031236055332440876,0.009370816599732263
0.30688294607628236,0.004822446295484437,0.005699254712845244,0.005699254712845244,0.00920648838228847,0.006137658921525646,0.005699254712845244,0.008329679964927663,0.04866286716352477,0.00920648838228847,0.006137658921525646,0.006137658921525646,0.559842174484875,0.004384042086804033,0.0035072336694432268,0.009644892590968873
0.3020695728753853,0.005284015852047556,0.005284015852047556,0.005284015852047556,0.008806693086745927,0.006164685160722149,0.006164685160722149,0.007926023778071334,0.04711580801409071,0.00836635843240863,0.006164685160722149,0.0066050198150594455,0.5640686922060766,0.005284015852047556,0.004403346543372964,0.011008366358432409
0.30474934036939316,0.005277044854881266,0.005716798592788039,0.005716798592788039,0.009234828496042216,0.005277044854881266,0.007036059806508356,0.007475813544415127,0.047053649956024624,0.0079155672823219,0.006596306068601583,0.006156552330694811,0.5620052770448549,0.0043975373790677225,0.004837291116974494,0.010554089709762533
0.30914687774846084,0.005277044854881266,0.004837291116974494,0.005277044854881266,0.009234828496042216,0.004837291116974494,0.006156552330694811,0.008795074758135445,0.048812664907651716,0.007475813544415127,0.007036059806508356,0.007036059806508356,0.5545294635004397,0.0043975373790677225,0.004837291116974494,0.012313104661389622
0.3074520303435966,0.00535475234270415,0.004462293618920125,0.005800981704596163,0.009370816599732263,0.0049085229808121375,0.005800981704596163,0.008478357875948238,0.049531459170013385,0.006247211066488175,0.008032128514056224,0.007585899152164213,0.5568942436412316,0.004016064257028112,0.0049085229808121375,0.011155734047300312
0.3079630444346678,0.0061592608886933565,0.003959524857017158,0.005719313682358117,0.009678838539375276,0.004399472063352398,0.007479102507699076,0.007479102507699076,0.04575450945886494,0.0061592608886933565,0.006599208095028597,0.007919049714034315,0.5618125824901012,0.003959524857017158,0.004839419269687638,0.010118785745710514
0.3089143865842895,0.006619593998234775,0.00441306266548985,0.007502206531332745,0.008384819064430714,0.0048543689320388345,0.00706090026478376,0.007502206531332745,0.04633715798764342,0.005736981465136805,0.00706090026478376,0.0088261253309797,0.5578111209179171,0.003971756398940865,0.00441306266548985,0.01059135039717564
0.3068181818181818,0.005681818181818182,0.003933566433566434,0.00743006993006993,0.008304195804195804,0.005244755244755245,0.00743006993006993,0.006555944055944056,0.045454545454545456,0.005681818181818182,0.00743006993006993,0.01048951048951049,0.5607517482517482,0.005244755244755245,0.003933566433566434,0.009615384615384616
0.3031774051191527,0.005736981465136805,0.00353045013239188,0.008384819064430714,0.007502206531332745,0.007502206531332745,0.00706090026478376,0.00617828773168579,0.04677846425419241,0.005736981465136805,0.007502206531332745,0.01059135039717564,0.5600176522506619,0.005736981465136805,0.003971756398940865,0.01059135039717564
0.3000871080139373,0.005226480836236934,0.0039198606271777,0.008710801393728223,0.008275261324041812,0.0078397212543554,0.006968641114982578,0.006533101045296167,0.043118466898954703,0.005226480836236934,0.0078397212543554,0.01088850174216028,0.5622822299651568,0.006533101045296167,0.004355400696864111,0.012195121951219513
0.30465320456540823,0.0052677787532923615,0.004389815627743635,0.009218612818261633,0.009657594381035996,0.008340649692712906,0.007462686567164179,0.007462686567164179,0.043459174714661986,0.0052677787532923615,0.008340649692712906,0.010535557506584723,0.5522388059701493,0.006145741878841089,0.005706760316066725,0.011852502194907815
0.30595026642984013,0.007104795737122558,0.004440497335701598,0.009769094138543518,0.008436944937833037,0.007992895204262877,0.007548845470692718,0.0066607460035523975,0.043072824156305506,0.004884547069271759,0.008436944937833037,0.009325044404973356,0.5519538188277087,0.006216696269982238,0.0053285968028419185,0.012877442273534635
0.3076923076923077,0.007114273010226767,0.005780346820809248,0.009337483325922631,0.009782125389061804,0.007114273010226767,0.007114273010226767,0.00755891507336594,0.03912850155624722,0.006669630947087594,0.008892841262783458,0.010226767452200978,0.5491329479768786,0.006224988883948421,0.005780346820809248,0.012449977767896843
0.3044434667839859,0.006599208095028597,0.005279366476022877,0.010558732952045754,0.007919049714034315,0.007479102507699076,0.0061592608886933565,0.007039155301363837,0.0431148262208535,0.007919049714034315,0.007919049714034315,0.009678838539375276,0.550373955125385,0.008358996920369555,0.005279366476022877,0.011878574571051475
0.30026338893766463,0.006145741878841089,0.005706760316066725,0.010974539069359086,0.008340649692712906,0.007462686567164179,0.0052677787532923615,0.006145741878841089,0.043898156277436345,0.007462686567164179,0.008340649692712906,0.01009657594381036,0.5561896400351185,0.007901668129938543,0.004389815627743635,0.01141352063213345
0.3032172763331864,0.0057293962097840455,0.005288673424416042,0.011899515204936095,0.009255178492728075,0.00749228735125606,0.00749228735125606,0.00617011899515205,0.04451300132216836,0.007051564565888057,0.007933010136624064,0.009695901278096077,0.5522256500661085,0.00749228735125606,0.004407227853680035,0.010136624063464082
0.3077258838934963,0.006547359231776516,0.006110868616324749,0.012221737232649499,0.010475774770842427,0.007420340462680052,0.00785683107813182,0.007420340462680052,0.041903099083369706,0.008729812309035356,0.006983849847228284,0.009166302924487123,0.545176778699258,0.006983849847228284,0.004801396769969445,0.010475774770842427
0.3067078552515446,0.00706090026478376,0.00617828773168579,0.013680494263018535,0.010150044130626656,0.00617828773168579,0.007502206531332745,0.009267431597528684,0.043689320388349516,0.009267431597528684,0.00794351279788173,0.008384819064430714,0.5423654015887026,0.006619593998234775,0.0048543689320388345,0.010150044130626656
0.30873956960913485,0.006587615283267457,0.006587615283267457,0.014492753623188406,0.010540184453227932,0.005709266578831796,0.007026789635485288,0.00966183574879227,0.041721563460693896,0.007905138339920948,0.00834431269213878,0.00878348704435661,0.5419411506368028,0.007465963987703118,0.004391743522178305,0.010101010101010102
0.3134590092064884,0.005699254712845244,0.006137658921525646,0.014905743095133712,0.010960105217010083,0.00526085050416484,0.007452871547566856,0.010083296799649276,0.04208680403331872,0.00789127575624726,0.0070144673388864535,0.008768084173608066,0.5401139850942569,0.007452871547566856,0.0035072336694432268,0.00920648838228847
0.3103448275862069,0.005747126436781609,0.005747126436781609,0.013704686118479222,0.011052166224580018,0.005305039787798408,0.007957559681697613,0.010610079575596816,0.04332449160035367,0.007073386383731211,0.007515473032714412,0.008399646330680813,0.5428824049513705,0.00618921308576481,0.0035366931918656055,0.010610079575596816
0.30975395430579966,0.006151142355008787,0.006590509666080844,0.013181019332161687,0.011862917398945518,0.006151142355008787,0.007469244288224956,0.011423550087873463,0.03954305799648506,0.007029876977152899,0.007469244288224956,0.007908611599297012,0.5434973637961336,0.007029876977152899,0.0035149384885764497,0.011423550087873463
0.31252747252747254,0.006593406593406593,0.006593406593406593,0.015384615384615385,0.01098901098901099,0.006593406593406593,0.007032967032967033,0.01098901098901099,0.04087912087912088,0.007032967032967033,0.0074725274725274725,0.007912087912087912,0.5375824175824175,0.0074725274725274725,0.0035164835164835165,0.011428571428571429
0.3132209405501331,0.006654835847382431,0.005767524401064774,0.014640638864241348,0.011091393078970719,0.006211180124223602,0.006211180124223602,0.009760425909494233,0.03992901508429459,0.005767524401064774,0.006654835847382431,0.008429458740017746,0.5425909494232476,0.007985803016858917,0.003992901508429458,0.011091393078970719
0.31758530183727035,0.00699912510936133,0.006124234470691163,0.015748031496062992,0.011373578302712161,0.005686789151356081,0.006561679790026247,0.009186351706036745,0.03980752405949256,0.006124234470691163,0.005249343832020997,0.007874015748031496,0.5380577427821522,0.0074365704286964126,0.004374453193350831,0.011811023622047244
0.31266375545851527,0.007423580786026201,0.006550218340611353,0.017467248908296942,0.010917030567685589,0.004366812227074236,0.006550218340611353,0.008733624454148471,0.039301310043668124,0.0069868995633187774,0.00611353711790393,0.007860262008733625,0.5427947598253275,0.0069868995633187774,0.003930131004366812,0.011353711790393014
0.31305114638447973,0.007495590828924162,0.006613756613756613,0.018518518518518517,0.009700176366843033,0.003968253968253968,0.005731922398589065,0.008818342151675485,0.03571428571428571,0.007054673721340388,0.005731922398589065,0.007936507936507936,0.5480599647266314,0.006613756613756613,0.0048500881834215165,0.010141093474426807
0.3124452234881683,0.007887817703768623,0.006573181419807186,0.019281332164767746,0.009640666082383873,0.0035056967572304996,0.006573181419807186,0.008764241893076249,0.03680981595092025,0.007011393514460999,0.004820333041191937,0.007011393514460999,0.5464504820333042,0.008326029798422436,0.0043821209465381246,0.010517090271691499
0.30962897526501765,0.0066254416961130744,0.005742049469964664,0.02075971731448763,0.009717314487632508,0.003975265017667844,0.005742049469964664,0.007950530035335688,0.03489399293286219,0.005742049469964664,0.007067137809187279,0.007950530035335688,0.551678445229682,0.007508833922261484,0.00441696113074205,0.01060070671378092
0.3114247904719894,0.0066166740185266875,0.00529333921482135,0.01940891045434495,0.009704455227172474,0.0035288928098809,0.00529333921482135,0.00882223202470225,0.03352448169386855,0.0061755624172915745,0.0070577856197618,0.0070577856197618,0.5527128363475959,0.007940008822232024,0.0061755624172915745,0.009263343625937363
0.3172231985940246,0.006151142355008787,0.005272407732864675,0.01845342706502636,0.00922671353251318,0.0030755711775043936,0.0048330404217926184,0.008787346221441126,0.03163444639718805,0.0048330404217926184,0.007029876977152899,0.007908611599297012,0.554481546572935,0.007908611599297012,0.0048330404217926184,0.008347978910369069
0.3223972003499563,0.005249343832020997,0.005686789151356081,0.014435695538057743,0.008748906386701663,0.003937007874015748,0.005686789151356081,0.007874015748031496,0.02974628171478565,0.004374453193350831,0.006561679790026247,0.008748906386701663,0.5555555555555556,0.0074365704286964126,0.005249343832020997,0.008311461067366578
0.3176831943835015,0.00614304519526108,0.004826678367705134,0.014041246160596753,0.010530934620447565,0.004826678367705134,0.005704256252742431,0.007898200965335674,0.029398859148749453,0.004387889425186486,0.006581834137779728,0.008775778850372971,0.5568231680561649,0.007020623080298377,0.005704256252742431,0.009653356735410267
0.31341301460823373,0.005754758742806552,0.004869411243913236,0.01593625498007968,0.011066843736166445,0.005754758742806552,0.00619743249225321,0.00619743249225321,0.03010181496237273,0.0035413899955732625,0.006640106241699867,0.010624169986719787,0.5577689243027888,0.00796812749003984,0.004869411243913236,0.009296148738379814
0.313215859030837,0.006607929515418502,0.0030837004405286344,0.014537444933920705,0.010572687224669603,0.006607929515418502,0.006167400881057269,0.006167400881057269,0.032158590308370046,0.003524229074889868,0.006167400881057269,0.010572687224669603,0.560352422907489,0.006607929515418502,0.004405286343612335,0.009251101321585903
0.31369924141008476,0.005800981704596163,0.0035698348951361,0.015171798304328426,0.0107095046854083,0.006247211066488175,0.0071396697902722,0.0071396697902722,0.03168228469433289,0.0035698348951361,0.0049085229808121375,0.010263275323516287,0.5564480142793395,0.008032128514056224,0.00535475234270415,0.010263275323516287
0.3044631020768891,0.005302695536897923,0.0026513477684489617,0.015466195315952275,0.011931064958020326,0.006628369421122404,0.0061864781263809105,0.007070260715863898,0.03314184710561202,0.003977021652673442,0.004418912947414936,0.010605391073795847,0.5651789659743703,0.007954043305346884,0.0057445868316394165,0.009279717189571365
0.30616740088105726,0.0052863436123348016,0.0026431718061674008,0.014977973568281937,0.010572687224669603,0.007929515418502203,0.006607929515418502,0.006607929515418502,0.033920704845814977,0.0052863436123348016,0.004405286343612335,0.009251101321585903,0.5634361233480176,0.008370044052863436,0.0052863436123348016,0.009251101321585903
0.3051372896368468,0.005757307351638618,0.00354295837023915,0.0141718334809566,0.0141718334809566,0.0070859167404783,0.007971656333038087,0.0070859167404783,0.032329495128432244,0.003985828166519044,0.00487156775907883,0.009300265721877768,0.558458813108946,0.00974313551815766,0.005757307351638618,0.010628875110717449
0.30918727915194344,0.005742049469964664,0.003975265017667844,0.012809187279151944,0.012367491166077738,0.007067137809187279,0.006183745583038869,0.007950530035335688,0.02959363957597173,0.00441696113074205,0.00530035335689046,0.011042402826855124,0.556095406360424,0.010159010600706713,0.0066254416961130744,0.011484098939929329
0.30176211453744495,0.007048458149779736,0.0052863436123348016,0.013215859030837005,0.010572687224669603,0.005726872246696035,0.005726872246696035,0.007048458149779736,0.028193832599118944,0.0052863436123348016,0.006167400881057269,0.010572687224669603,0.5665198237885463,0.009251101321585903,0.005726872246696035,0.011894273127753305
0.3039258932509925,0.007940008822232024,0.004852227613586237,0.014997794441993825,0.012351124834583149,0.005734450816056462,0.00529333921482135,0.0070577856197618,0.027348919276576972,0.004852227613586237,0.0066166740185266875,0.007940008822232024,0.565063961182179,0.00882223202470225,0.005734450816056462,0.011468901632112925
0.30796617712505564,0.00801068090787717,0.0053404539385847796,0.01557632398753894,0.013796172674677348,0.007120605251446373,0.0053404539385847796,0.004450378282153983,0.0262572318647085,0.005785491766800178,0.006675567423230975,0.0075656430796617715,0.5603026257231865,0.009345794392523364,0.005785491766800178,0.010680907877169559
0.30806737588652483,0.008865248226950355,0.004875886524822695,0.015070921985815602,0.01374113475177305,0.0062056737588652485,0.004875886524822695,0.004875886524822695,0.025709219858156027,0.00576241134751773,0.0070921985815602835,0.007535460992907801,0.56072695035461,0.00975177304964539,0.005319148936170213,0.01152482269503546
0.3093462044756472,0.009214567792891619,0.004387889425186486,0.015357612988152698,0.01228609039052216,0.006581834137779728,0.00614304519526108,0.004826678367705134,0.02720491443615621,0.006581834137779728,0.007459412022817025,0.007459412022817025,0.5572619569986836,0.010092145677928916,0.005704256252742431,0.010092145677928916
0.3006535947712418,0.00784313725490196,0.004793028322440087,0.016122004357298474,0.012200435729847494,0.007407407407407408,0.006100217864923747,0.005664488017429194,0.026143790849673203,0.006971677559912854,0.008278867102396514,0.007407407407407408,0.5655773420479303,0.01045751633986928,0.006535947712418301,0.00784313725490196
0.30131004366812225,0.0069868995633187774,0.005676855895196507,0.01572052401746725,0.012663755458515284,0.007423580786026201,0.00611353711790393,0.006550218340611353,0.026637554585152837,0.0069868995633187774,0.00960698689956332,0.0069868995633187774,0.5650655021834061,0.009170305676855894,0.005676855895196507,0.007423580786026201
0.3075221238938053,0.00752212389380531,0.005752212389380531,0.016814159292035398,0.012831858407079646,0.00752212389380531,0.006194690265486726,0.00663716814159292,0.024336283185840708,0.00663716814159292,0.008849557522123894,0.007079646017699115,0.5588495575221238,0.010176991150442478,0.00663716814159292,0.00663716814159292
0.2993854258121159,0.007462686567164179,0.007462686567164179,0.015803336259877086,0.013169446883230905,0.00877963125548727,0.005706760316066725,0.006584723441615452,0.02370500438981563,0.007462686567164179,0.009218612818261633,0.007023705004389816,0.564091308165057,0.009657594381035996,0.007462686567164179,0.007023705004389816
0.29850746268656714,0.007023705004389816,0.007462686567164179,0.014486391571553995,0.012291483757682178,0.00877963125548727,0.0052677787532923615,0.007462686567164179,0.025899912203687446,0.007023705004389816,0.009218612818261633,0.007023705004389816,0.564091308165057,0.010535557506584723,0.007023705004389816,0.007901668129938543
0.30772626931567326,0.006622516556291391,0.00706401766004415,0.0141280353200883,0.011920529801324504,0.009713024282560706,0.005298013245033113,0.0075055187637969095,0.025607064017660046,0.0075055187637969095,0.009713024282560706,0.005739514348785872,0.5593818984547462,0.008388520971302429,0.00706401766004415,0.006622516556291391
0.30647291941875826,0.005724350506384853,0.0066050198150594455,0.012769704975781594,0.012329370321444297,0.007926023778071334,0.005284015852047556,0.007045354469396741,0.025979744605900485,0.009247027741083224,0.008806693086745927,0.005284015852047556,0.563188022897402,0.009247027741083224,0.0066050198150594455,0.007485689123734038
0.30977312390924955,0.004799301919720768,0.007417102966841187,0.011343804537521814,0.013525305410122163,0.008289703315881327,0.004363001745200698,0.007417102966841187,0.02530541012216405,0.007853403141361256,0.008726003490401396,0.005671902268760907,0.5636998254799301,0.009162303664921465,0.006108202443280977,0.006544502617801047
0.3063457330415755,0.00525164113785558,0.00787746170678337,0.012691466083150985,0.01400437636761488,0.008315098468271335,0.00525164113785558,0.007439824945295405,0.022757111597374178,0.00787746170678337,0.00962800875273523,0.00612691466083151,0.5636761487964989,0.010065645514223195,0.0056892778993435445,0.00700218818380744
0.3055922501100837,0.005284015852047556,0.007045354469396741,0.014090708938793483,0.015852047556142668,0.006164685160722149,0.005284015852047556,0.0066050198150594455,0.024218405988551298,0.006164685160722149,0.008806693086745927,0.007045354469396741,0.5640686922060766,0.011008366358432409,0.005724350506384853,0.007045354469396741
0.30599647266313934,0.005291005291005291,0.007495590828924162,0.013668430335097001,0.01763668430335097,0.007054673721340388,0.005291005291005291,0.007495590828924162,0.023809523809523808,0.006613756613756613,0.008818342151675485,0.007054673721340388,0.562610229276896,0.009700176366843033,0.005291005291005291,0.006172839506172839
0.3030837004405286,0.004845814977973568,0.007929515418502203,0.012334801762114538,0.018502202643171806,0.006167400881057269,0.005726872246696035,0.006607929515418502,0.025110132158590308,0.006607929515418502,0.008370044052863436,0.007048458149779736,0.5643171806167401,0.009251101321585903,0.007048458149779736,0.007048458149779736
0.3038086802480071,0.005757307351638618,0.0070859167404783,0.012400354295837024,0.01948627103631532,0.005757307351638618,0.006200177147918512,0.006643046944198406,0.022586359610274578,0.006643046944198406,0.007528786536758193,0.007971656333038087,0.5651018600531443,0.00974313551815766,0.006643046944198406,0.006643046944198406
0.29959875167186806,0.00490414623272403,0.007579135086937138,0.012483281319661168,0.021845742309407043,0.0057958091841284,0.006687472135532769,0.006687472135532769,0.0231832367365136,0.005349977708426215,0.007579135086937138,0.008470798038341507,0.5648684797146678,0.01069995541685243,0.0057958091841284,0.008470798038341507
0.3005729396209784,0.004407227853680035,0.007051564565888057,0.011458792419568091,0.02247686205376818,0.005288673424416042,0.00749228735125606,0.007051564565888057,0.020713970912296167,0.007051564565888057,0.00617011899515205,0.008373732921992068,0.5654473336271485,0.0123402379903041,0.004847950639048039,0.009255178492728075
0.29594063727629855,0.00392841553906591,0.006547359231776516,0.01178524661719773,0.022261021388040158,0.005674378000872981,0.00785683107813182,0.007420340462680052,0.020515058926233086,0.006547359231776516,0.006547359231776516,0.009166302924487123,0.5683107813182017,0.013094718463553033,0.005674378000872981,0.008729812309035356
0.30048823790501555,0.0039946737683089215,0.007545494895694629,0.011984021304926764,0.02130492676431425,0.005770084332001775,0.007545494895694629,0.007101642254771416,0.020861074123391034,0.007545494895694629,0.006213936972924989,0.009320905459387484,0.5628051486906347,0.01287172658677319,0.006213936972924989,0.008433200177541057
0.2974156811213316,0.0030661410424879547,0.006132282084975909,0.012264564169951819,0.019272886552781428,0.00700832238282961,0.008322382829610162,0.00700832238282961,0.01971090670170828,0.006132282084975909,0.0056942619360490585,0.009198423127463863,0.5729303547963206,0.012264564169951819,0.005256241787122208,0.008322382829610162
0.2923280423280423,0.003968253968253968,0.006172839506172839,0.013668430335097001,0.01984126984126984,0.007495590828924162,0.007495590828924162,0.006613756613756613,0.021164021164021163,0.004409171075837742,0.005731922398589065,0.008818342151675485,0.576278659611993,0.012345679012345678,0.0048500881834215165,0.008818342151675485
0.30336581045172717,0.00487156775907883,0.0070859167404783,0.01550044286979628,0.01904340124003543,0.006643046944198406,0.005757307351638618,0.006200177147918512,0.022586359610274578,0.00487156775907883,0.005314437555358724,0.009300265721877768,0.5646589902568645,0.012400354295837024,0.003985828166519044,0.00841452612931798
0.2970950704225352,0.00528169014084507,0.006602112676056338,0.014084507042253521,0.020246478873239437,0.007042253521126761,0.00528169014084507,0.007042253521126761,0.022887323943661973,0.0044014084507042256,0.0044014084507042256,0.008362676056338027,0.5717429577464789,0.011443661971830986,0.0048415492957746475,0.009242957746478873
0.30097087378640774,0.00529567519858782,0.00617828773168579,0.01323918799646955,0.018534863195057368,0.00617828773168579,0.00441306266548985,0.008384819064430714,0.022506619593998235,0.00617828773168579,0.0048543689320388345,0.00794351279788173,0.5710503089143866,0.010150044130626656,0.00529567519858782,0.0088261253309797
0.29396209784045835,0.00617011899515205,0.00617011899515205,0.012780960775672102,0.016747465843984136,0.006610841780520053,0.004407227853680035,0.007933010136624064,0.02247686205376818,0.00749228735125606,0.004847950639048039,0.008373732921992068,0.5760246804759807,0.010577346848832084,0.0057293962097840455,0.009695901278096077
0.3024800708591674,0.005314437555358724,0.005757307351638618,0.0141718334809566,0.015943312666076175,0.006643046944198406,0.00354295837023915,0.0070859167404783,0.021700620017714792,0.007971656333038087,0.00487156775907883,0.0070859167404783,0.5735163861824624,0.009300265721877768,0.00487156775907883,0.00974313551815766
0.3013215859030837,0.006167400881057269,0.0052863436123348016,0.015859030837004406,0.014977973568281937,0.007048458149779736,0.003524229074889868,0.006167400881057269,0.022026431718061675,0.008370044052863436,0.003964757709251102,0.007048458149779736,0.5740088105726873,0.008370044052863436,0.004845814977973568,0.011013215859030838
0.3017699115044248,0.00663716814159292,0.005752212389380531,0.01592920353982301,0.014601769911504425,0.00752212389380531,0.0022123893805309734,0.007964601769911504,0.02079646017699115,0.007079646017699115,0.003097345132743363,0.00663716814159292,0.5716814159292035,0.009734513274336283,0.006194690265486726,0.012389380530973451
0.3004405286343612,0.007048458149779736,0.007048458149779736,0.014977973568281937,0.014537444933920705,0.007929515418502203,0.0030837004405286344,0.008370044052863436,0.01894273127753304,0.00881057268722467,0.003964757709251102,0.008370044052863436,0.5687224669603524,0.009251101321585903,0.005726872246696035,0.01277533039647577
0.3033757124068391,0.006137658921525646,0.007452871547566856,0.016220955721174924,0.014028934677772907,0.00789127575624726,0.00263042525208242,0.007452871547566856,0.020166593599298552,0.008329679964927663,0.004822446295484437,0.0070144673388864535,0.567295046032442,0.008768084173608066,0.005699254712845244,0.012713722051731697
0.30140597539543057,0.007029876977152899,0.007469244288224956,0.013620386643233744,0.014938488576449912,0.00922671353251318,0.0030755711775043936,0.007908611599297012,0.022847100175746926,0.007029876977152899,0.005272407732864675,0.0057117750439367315,0.5685413005272407,0.008787346221441126,0.0057117750439367315,0.011423550087873463
0.30949227373068433,0.00706401766004415,0.0075055187637969095,0.012803532008830023,0.0141280353200883,0.008388520971302429,0.003973509933774834,0.008830022075055188,0.022958057395143488,0.006181015452538631,0.005739514348785872,0.006181015452538631,0.5620309050772627,0.007947019867549669,0.006622516556291391,0.010154525386313467
0.3116423196104471,0.00796812749003984,0.007525453740593183,0.013280212483399735,0.01195219123505976,0.00796812749003984,0.004426737494466578,0.009738822487826471,0.0199203187250996,0.005754758742806552,0.005312084993359893,0.006640106241699867,0.5617529880478087,0.007082779991146525,0.006640106241699867,0.01239486498450642
0.29780701754385963,0.008333333333333333,0.007456140350877193,0.014035087719298246,0.011403508771929825,0.009210526315789473,0.004824561403508772,0.009210526315789473,0.02017543859649123,0.004824561403508772,0.0061403508771929825,0.007456140350877193,0.5741228070175438,0.007017543859649123,0.006578947368421052,0.011403508771929825
0.2949389179755672,0.008289703315881327,0.009162303664921465,0.013525305410122163,0.013089005235602094,0.008726003490401396,0.005235602094240838,0.009162303664921465,0.02006980802792321,0.004799301919720768,0.006544502617801047,0.007417102966841187,0.5719895287958116,0.008289703315881327,0.006544502617801047,0.012216404886561954
0.29859894921190894,0.008318739054290718,0.010507880910683012,0.012697022767075307,0.013572679509632224,0.008318739054290718,0.005691768826619965,0.009194395796847636,0.01795096322241681,0.004816112084063047,0.0070052539404553416,0.00788091068301226,0.5683012259194395,0.008318739054290718,0.006567425569176883,0.012259194395796848
0.2971656333038087,0.007971656333038087,0.011071744906997343,0.012843224092116917,0.0141718334809566,0.006643046944198406,0.005314437555358724,0.007971656333038087,0.01904340124003543,0.005757307351638618,0.005314437555358724,0.008857395925597875,0.5735163861824624,0.006643046944198406,0.005757307351638618,0.011957484499557131
0.29916040653999115,0.007512152010605391,0.011489173663278833,0.015466195315952275,0.0136986301369863,0.0061864781263809105,0.005302695536897923,0.007954043305346884,0.016791869200176758,0.006628369421122404,0.005302695536897923,0.009279717189571365,0.5691559876270438,0.006628369421122404,0.006628369421122404,0.012814847547503314
0.2993799822852081,0.0070859167404783,0.011071744906997343,0.014614703277236492,0.0141718334809566,0.006200177147918512,0.0044286979627989375,0.008857395925597875,0.017271922054915855,0.005757307351638618,0.005314437555358724,0.009300265721877768,0.5713020372010629,0.0070859167404783,0.005757307351638618,0.012400354295837024
0.2989827509951349,0.008845643520566122,0.010614772224679346,0.012826183104820876,0.013268465280849183,0.006191950464396285,0.005307386112339673,0.00796107916850951,0.015037593984962405,0.005749668288367979,0.004422821760283061,0.008845643520566122,0.5758513931888545,0.007518796992481203,0.007076514816452897,0.011499336576735958
