C_R,C_A,C_S,C_N,D_R,D_A,D_S,D_N,Oc_R,Oc_A,Oc_S,Oc_N,Od_R,Od_A,Od_S,Od_N
0.0,0.0,0.0,0.0,0.0,0.0,0.0,0.0,0.0,0.0,0.0,1.0,0.0,0.0,0.0,0.0
0.0,0.0,0.0,0.0,0.0,0.0,0.6666666666666666,0.0,0.0,0.0,0.0,0.3333333333333333,0.0,0.0,0.0,0.0
0.0,0.0,0.0,0.5,0.0,0.0,0.25,0.0,0.0,0.0,0.0,0.25,0.0,0.0,0.0,0.0
0.0,0.0,0.125,0.375,0.0,0.0,0.25,0.0,0.0,0.0,0.0,0.25,0.0,0.0,0.0,0.0
0.0,0.0,0.0625,0.4375,0.0,0.0,0.25,0.0,0.0,0.0,0.0,0.25,0.0,0.0,0.0,0.0
0.0,0.0,0.07142857142857142,0.42857142857142855,0.0,0.0,0.21428571428571427,0.0,0.0,0.0,0.0,0.25,0.03571428571428571,0.0,0.0,0.0
0.0,0.0,0.045454545454545456,0.4318181818181818,0.0,0.0,0.20454545454545456,0.0,0.0,0.0,0.0,0.29545454545454547,0.022727272727272728,0.0,0.0,0.0
0.0,0.0,0.030303030303030304,0.42424242424242425,0.0,0.0,0.18181818181818182,0.0,0.0,0.0,0.0,0.30303030303030304,0.06060606060606061,0.0,0.0,0.0
0.0,0.0,0.020202020202020204,0.43434343434343436,0.0,0.0,0.1717171717171717,0.0,0.0,0.0,0.020202020202020204,0.2828282828282828,0.0707070707070707,0.0,0.0,0.0
0.006578947368421052,0.0,0.02631578947368421,0.4276315789473684,0.0,0.0,0.1513157894736842,0.0,0.0,0.0,0.019736842105263157,0.3026315789473684,0.06578947368421052,0.0,0.0,0.0
0.004761904761904762,0.0,0.023809523809523808,0.4142857142857143,0.0,0.0,0.1380952380952381,0.0,0.0,0.0,0.03333333333333333,0.3047619047619048,0.08095238095238096,0.0,0.0,0.0
0.010452961672473868,0.006968641114982578,0.0313588850174216,0.36585365853658536,0.0,0.0,0.1254355400696864,0.003484320557491289,0.0,0.0,0.0313588850174216,0.3240418118466899,0.10104529616724739,0.0,0.0,0.0
0.01078167115902965,0.008086253369272238,0.02425876010781671,0.3557951482479784,0.0,0.0,0.12398921832884097,0.005390835579514825,0.0,0.005390835579514825,0.029649595687331536,0.31266846361185985,0.11859838274932614,0.005390835579514825,0.0,0.0
0.010526315789473684,0.010526315789473684,0.02526315789473684,0.33263157894736844,0.0,0.0,0.11157894736842106,0.00631578947368421,0.004210526315789474,0.00631578947368421,0.031578947368421054,0.30736842105263157,0.14526315789473684,0.00631578947368421,0.0,0.002105263157894737
0.010033444816053512,0.011705685618729096,0.023411371237458192,0.32441471571906355,0.0,0.0,0.1020066889632107,0.008361204013377926,0.006688963210702341,0.008361204013377926,0.033444816053511704,0.3093645484949833,0.15384615384615385,0.006688963210702341,0.0,0.0016722408026755853
0.009641873278236915,0.013774104683195593,0.023415977961432508,0.3154269972451791,0.0,0.0013774104683195593,0.09228650137741047,0.011019283746556474,0.008264462809917356,0.013774104683195593,0.03581267217630854,0.3085399449035813,0.15977961432506887,0.006887052341597796,0.0,0.0
0.009433962264150943,0.018867924528301886,0.025943396226415096,0.30424528301886794,0.0011792452830188679,0.0011792452830188679,0.08608490566037735,0.014150943396226415,0.007075471698113208,0.01768867924528302,0.03891509433962264,0.2959905660377358,0.16863207547169812,0.007075471698113208,0.0011792452830188679,0.0023584905660377358
0.007121057985757884,0.019328585961342827,0.029501525940996948,0.28484231943031535,0.002034587995930824,0.001017293997965412,0.08748728382502544,0.01627670396744659,0.006103763987792472,0.018311291963377416,0.04577822990844354,0.29298067141403866,0.1780264496439471,0.007121057985757884,0.002034587995930824,0.002034587995930824
0.007174887892376682,0.02062780269058296,0.034080717488789235,0.2825112107623318,0.0017937219730941704,0.003587443946188341,0.07533632286995516,0.023318385650224215,0.006278026905829596,0.017040358744394617,0.05022421524663677,0.2914798206278027,0.17488789237668162,0.006278026905829596,0.0026905829596412557,0.0026905829596412557
0.008006405124099279,0.02321857485988791,0.0344275420336269,0.2562049639711769,0.0024019215372297837,0.0040032025620496394,0.07526020816653323,0.028823058446757407,0.006405124099279423,0.024819855884707767,0.053642914331465175,0.28262610088070456,0.19055244195356286,0.005604483586869495,0.0024019215372297837,0.0016012810248198558
0.005826656955571741,0.023306627822286964,0.031318281136198105,0.2629278951201748,0.0029133284777858705,0.004369992716678805,0.06846321922796796,0.03423160961398398,0.0065549890750182084,0.027676620538965767,0.05753823743627094,0.26219956300072833,0.19810633648943918,0.00873998543335761,0.0021849963583394027,0.003641660597232338
0.0053226879574184965,0.023286759813705923,0.029940119760479042,0.25615435795076513,0.004657351962741184,0.004657351962741184,0.06786427145708583,0.034597471723220224,0.005988023952095809,0.027278775781769793,0.056553559547571526,0.2554890219560878,0.20625415834996674,0.00998003992015968,0.003992015968063872,0.007984031936127744
0.008069522036002483,0.024208566108007448,0.028553693358162633,0.25884543761638734,0.00558659217877095,0.004965859714463066,0.06828057107386716,0.03476101800124146,0.00558659217877095,0.027932960893854747,0.057107386716325266,0.23960273122284295,0.21291123525760397,0.008069522036002483,0.00558659217877095,0.009931719428926133
0.008187134502923977,0.025146198830409357,0.02865497076023392,0.247953216374269,0.007017543859649123,0.005263157894736842,0.06549707602339182,0.042105263157894736,0.005263157894736842,0.02865497076023392,0.05497076023391813,0.23742690058479532,0.21578947368421053,0.00935672514619883,0.00760233918128655,0.011111111111111112
0.010828370330265295,0.027612344342176503,0.027612344342176503,0.24526258798050893,0.005414185165132647,0.006497022198159177,0.06063887384948565,0.04114780725500812,0.005414185165132647,0.03194369247428262,0.05576610720086627,0.22198159177043855,0.22956145100162426,0.009204114780725501,0.008662696264212236,0.01245262587980509
0.012539184952978056,0.028735632183908046,0.027690700104493208,0.24869383490073146,0.00522466039707419,0.006269592476489028,0.06060606060606061,0.045454545454545456,0.00522466039707419,0.03134796238244514,0.05381400208986416,0.21212121212121213,0.22361546499477533,0.009926854754440962,0.013584117032392894,0.015151515151515152
0.014449427005480818,0.026905829596412557,0.027404085700049825,0.24514200298953662,0.005979073243647235,0.0064773293472845045,0.05829596412556054,0.0458395615346288,0.0064773293472845045,0.03089187842551071,0.05530642750373692,0.19930244145490783,0.23019431988041852,0.013452914798206279,0.014449427005480818,0.01943198804185351
0.017652671755725192,0.02767175572519084,0.025286259541984733,0.23568702290076335,0.0057251908396946565,0.006679389312977099,0.05295801526717557,0.050095419847328244,0.00715648854961832,0.03101145038167939,0.05343511450381679,0.2008587786259542,0.2318702290076336,0.01431297709923664,0.015744274809160304,0.02385496183206107
0.017815283638068447,0.02531645569620253,0.026722925457102673,0.23863103609939054,0.006563525550867323,0.007501172058134084,0.05250820440693858,0.052039381153305204,0.008438818565400843,0.029067041725269572,0.05250820440693858,0.19503047351148617,0.23300515705578997,0.016877637130801686,0.015002344116268168,0.02297233942803563
0.018433179723502304,0.025806451612903226,0.025806451612903226,0.23087557603686637,0.0064516129032258064,0.008294930875576038,0.05069124423963134,0.054838709677419356,0.008294930875576038,0.02488479262672811,0.052534562211981564,0.2,0.23179723502304148,0.017511520737327188,0.014746543778801843,0.02903225806451613
0.017921146953405017,0.025089605734767026,0.025089605734767026,0.2302867383512545,0.007168458781362007,0.008512544802867384,0.047939068100358424,0.05869175627240143,0.010752688172043012,0.0264336917562724,0.051075268817204304,0.1922043010752688,0.235663082437276,0.017025089605734768,0.015232974910394265,0.030913978494623656
0.018650088809946713,0.02486678507992895,0.026198934280639432,0.2291296625222025,0.007992895204262877,0.008880994671403197,0.04706927175843695,0.0608348134991119,0.010657193605683837,0.02664298401420959,0.04840142095914742,0.1891651865008881,0.2357904085257549,0.020426287744227355,0.016429840142095916,0.02886323268206039
0.018543046357615896,0.025165562913907286,0.026048565121412803,0.2229580573951435,0.008388520971302429,0.009271523178807948,0.045474613686534215,0.06225165562913907,0.010154525386313467,0.025607064017660046,0.04812362030905077,0.1955849889624724,0.23532008830022075,0.020309050772626933,0.016777041942604858,0.030022075055187638
0.018396846254927726,0.022339027595269383,0.026281208935611037,0.22470433639947437,0.007446342531756461,0.011388523872098117,0.045992115637319315,0.06176084099868594,0.010512483574244415,0.024967148488830485,0.04424003504161191,0.19448094612352168,0.240473061760841,0.022339027595269383,0.01576872536136662,0.02890932982917214
0.018077601410934743,0.023809523809523808,0.023809523809523808,0.2275132275132275,0.007936507936507936,0.013227513227513227,0.0445326278659612,0.06349206349206349,0.011904761904761904,0.024691358024691357,0.0445326278659612,0.19135802469135801,0.2328042328042328,0.024250440917107582,0.018077601410934743,0.029982363315696647
0.017777777777777778,0.025777777777777778,0.021333333333333333,0.22266666666666668,0.009777777777777778,0.012,0.043555555555555556,0.06488888888888888,0.012888888888888889,0.024,0.04577777777777778,0.19511111111111112,0.23244444444444445,0.022222222222222223,0.01911111111111111,0.030666666666666665
0.018502202643171806,0.027753303964757708,0.019383259911894272,0.2211453744493392,0.011013215859030838,0.011894273127753305,0.042731277533039645,0.06651982378854626,0.013215859030837005,0.023348017621145373,0.042731277533039645,0.19427312775330396,0.23612334801762114,0.02378854625550661,0.018061674008810574,0.029515418502202642
0.01775410563692854,0.02929427430093209,0.019529516200621395,0.22325787838437638,0.011984021304926764,0.012427873945849977,0.0426098535286285,0.06746560142032845,0.012427873945849977,0.02174877940523746,0.03905903240124279,0.18908122503328895,0.2396804260985353,0.024855747891699954,0.018641810918774968,0.030181979582778518
0.019520851818988466,0.027062999112688554,0.01685891748003549,0.21827861579414373,0.013309671694764862,0.012866015971606033,0.0417036379769299,0.06699201419698314,0.01419698314108252,0.021739130434782608,0.0385980479148181,0.18899733806566105,0.2453416149068323,0.025288376220053237,0.019964507542147295,0.029281277728482696
0.02120141342756184,0.02871024734982332,0.016342756183745585,0.21952296819787986,0.014134275618374558,0.013250883392226149,0.03931095406360424,0.06934628975265017,0.015901060070671377,0.02120141342756184,0.038869257950530034,0.18197879858657243,0.24425795053003532,0.02429328621908127,0.022084805653710248,0.02959363957597173
0.021768103065304308,0.028431808085295423,0.015992892047978675,0.21190581963571745,0.015548645046645935,0.01288316303864949,0.03909373611728121,0.0670812972012439,0.0173256330519769,0.020435362061306087,0.03820524211461573,0.18791648156374943,0.24655708573967125,0.02621057307863172,0.02132385606397157,0.029320302087960905
0.024143985952589993,0.027216856892010536,0.015803336259877086,0.21685689201053557,0.017120280948200176,0.012291483757682178,0.04258121158911326,0.06716417910447761,0.017120280948200176,0.022388059701492536,0.03511852502194908,0.1861281826163301,0.2405618964003512,0.028533801580333626,0.019315188762071993,0.0276558384547849
0.024239753195240195,0.024239753195240195,0.01498457470251212,0.21683561040105773,0.01762891141472014,0.011899515204936095,0.03966505068312032,0.06610841780520053,0.01895107977082415,0.01983252534156016,0.03437637725870427,0.1886293521375055,0.24548259144997797,0.02864698104892023,0.01983252534156016,0.02864698104892023
0.022887323943661973,0.02464788732394366,0.016725352112676055,0.21522887323943662,0.019806338028169015,0.011883802816901408,0.03961267605633803,0.06954225352112677,0.018926056338028168,0.021566901408450703,0.032130281690140844,0.18882042253521128,0.2425176056338028,0.02640845070422535,0.020246478873239437,0.029049295774647887
0.024637043554773426,0.024197096348438186,0.01627804663440387,0.21601407831060274,0.019797624285085788,0.012318521777386713,0.03915530136383634,0.06995160580730313,0.01891772987241531,0.02243730752309723,0.03343598768147822,0.1847778266608007,0.23977122745270568,0.029916410030796304,0.02199736031676199,0.026396832380114386
0.02537182852143482,0.022747156605424323,0.01531058617672791,0.21478565179352582,0.01968503937007874,0.013123359580052493,0.03980752405949256,0.07086614173228346,0.020559930008748905,0.023622047244094488,0.0336832895888014,0.18416447944007,0.23534558180227472,0.03062117235345582,0.021434820647419073,0.028871391076115485
0.02420774647887324,0.022007042253521125,0.014084507042253521,0.2169894366197183,0.02068661971830986,0.012764084507042254,0.03653169014084507,0.07482394366197183,0.021566901408450703,0.025088028169014086,0.032570422535211266,0.17913732394366197,0.238556338028169,0.032130281690140844,0.02068661971830986,0.028169014084507043
0.02456140350877193,0.021052631578947368,0.013596491228070176,0.2219298245614035,0.0206140350877193,0.013157894736842105,0.034210526315789476,0.07192982456140351,0.02149122807017544,0.025,0.031140350877192982,0.1850877192982456,0.23289473684210527,0.03245614035087719,0.019736842105263157,0.031140350877192982
0.023914968999114262,0.02037201062887511,0.0141718334809566,0.21656333038086803,0.022143489813994686,0.0141718334809566,0.034100974313551816,0.0704162976085031,0.021257750221434897,0.025243578387953942,0.034100974313551816,0.1837909654561559,0.2382639503985828,0.03277236492471213,0.01771479185119575,0.03100088573959256
0.025277161862527715,0.019955654101995565,0.014634146341463415,0.21995565410199558,0.021286031042128603,0.01507760532150776,0.02926829268292683,0.07095343680709534,0.021729490022172948,0.026607538802660754,0.032815964523281595,0.18048780487804877,0.23680709534368072,0.03592017738359202,0.017738359201773836,0.03148558758314856
0.024734982332155476,0.02075971731448763,0.014134275618374558,0.2234982332155477,0.022084805653710248,0.013692579505300354,0.029151943462897525,0.07022968197879859,0.021643109540636044,0.02871024734982332,0.03180212014134275,0.1775618374558304,0.2332155477031802,0.037544169611307424,0.017226148409893994,0.03401060070671378
0.025800711743772242,0.02090747330960854,0.014679715302491103,0.2206405693950178,0.02001779359430605,0.015124555160142349,0.028469750889679714,0.06983985765124555,0.021352313167259787,0.02802491103202847,0.03069395017793594,0.17749110320284697,0.23709964412811388,0.03870106761565836,0.015569395017793594,0.03558718861209965
0.028310104529616725,0.02264808362369338,0.013937282229965157,0.2264808362369338,0.01916376306620209,0.01524390243902439,0.028310104529616725,0.07099303135888502,0.021341463414634148,0.027439024390243903,0.03092334494773519,0.17029616724738675,0.23606271777003485,0.03876306620209059,0.01524390243902439,0.03484320557491289
0.028795811518324606,0.02225130890052356,0.013961605584642234,0.2212041884816754,0.01788830715532286,0.017452006980802792,0.02443280977312391,0.07417102966841187,0.02356020942408377,0.027923211169284468,0.030104712041884817,0.16579406631762653,0.24040139616055847,0.04057591623036649,0.014834205933682374,0.03664921465968586
0.029463500439753737,0.022867194371152155,0.014072119613016711,0.21591908531222515,0.018469656992084433,0.016710642040457344,0.023306948109058926,0.07343887423043095,0.024186455584872472,0.029463500439753737,0.0316622691292876,0.1723834652594547,0.23350923482849603,0.04221635883905013,0.013632365875109938,0.03869832893579595
0.027802294792586054,0.022506619593998235,0.01412180052956752,0.2175639894086496,0.018534863195057368,0.017210944395410415,0.02294792586054722,0.07413945278022947,0.024271844660194174,0.02912621359223301,0.03265666372462489,0.17255075022065314,0.23300970873786409,0.040158870255957636,0.013680494263018535,0.03971756398940865
0.02799650043744532,0.021434820647419073,0.010936132983377077,0.21653543307086615,0.019247594050743656,0.01706036745406824,0.021872265966754154,0.07436570428696412,0.023622047244094488,0.03237095363079615,0.031496062992125984,0.1714785651793526,0.23534558180227472,0.044181977252843396,0.013560804899387576,0.03849518810148731
0.027753303964757708,0.022466960352422908,0.009691629955947136,0.21585903083700442,0.019823788546255508,0.01894273127753304,0.021145374449339206,0.07444933920704846,0.025110132158590308,0.03127753303964758,0.028634361233480177,0.173568281938326,0.23348017621145375,0.04669603524229075,0.013215859030837005,0.03788546255506608
0.028659611992945325,0.02072310405643739,0.008818342151675485,0.2208994708994709,0.019400352733686066,0.018518518518518517,0.021164021164021163,0.07495590828924162,0.02513227513227513,0.029541446208112873,0.02821869488536155,0.16887125220458554,0.23500881834215168,0.047619047619047616,0.013227513227513227,0.039241622574955906
0.027135231316725978,0.021352313167259787,0.009341637010676156,0.21930604982206406,0.019572953736654804,0.017793594306049824,0.02224199288256228,0.07651245551601424,0.027580071174377226,0.02891459074733096,0.02891459074733096,0.16681494661921709,0.23976868327402134,0.04448398576512456,0.011565836298932384,0.03870106761565836
0.025979744605900485,0.022016732716864818,0.009247027741083224,0.22280933509467196,0.01893439013650374,0.017173051519154558,0.021136063408190225,0.07353588727432848,0.025979744605900485,0.02906208718626156,0.026420079260237782,0.16732716864817263,0.24438573315719947,0.04535446939674152,0.011889035667107,0.038749449581682076
0.026501766784452298,0.020318021201413426,0.0088339222614841,0.2226148409893993,0.018992932862190812,0.015901060070671377,0.02120141342756184,0.07332155477031801,0.026943462897526502,0.03268551236749117,0.026060070671378093,0.1625441696113074,0.247791519434629,0.04726148409893993,0.011925795053003533,0.037102473498233215
0.029385964912280703,0.017982456140350878,0.007894736842105263,0.2206140350877193,0.017982456140350878,0.016228070175438595,0.01929824561403509,0.07324561403508772,0.02763157894736842,0.03289473684210526,0.02587719298245614,0.16140350877192983,0.25263157894736843,0.04780701754385965,0.011403508771929825,0.037719298245614034
0.03021015761821366,0.01795096322241681,0.0070052539404553416,0.22110332749562173,0.019702276707530646,0.016637478108581436,0.01838879159369527,0.07443082311733801,0.0297723292469352,0.03283712784588441,0.02583187390542907,0.15805604203152365,0.2539404553415061,0.046409807355516634,0.01138353765323993,0.03633975481611208
0.03152753108348135,0.019094138543516874,0.007548845470692718,0.21847246891651864,0.020870337477797513,0.017761989342806393,0.017317939609236235,0.07548845470692718,0.02975133214920071,0.03507992895204263,0.023978685612788632,0.152753108348135,0.2539964476021314,0.050621669626998225,0.010213143872113677,0.035523978685612786
0.031346578366445915,0.018543046357615896,0.005739514348785872,0.21721854304635763,0.022516556291390728,0.016335540838852098,0.016335540838852098,0.07240618101545254,0.03090507726269316,0.03443708609271523,0.023399558498896248,0.16158940397350993,0.25298013245033113,0.05077262693156733,0.010154525386313467,0.03532008830022075
0.03155555555555556,0.016888888888888887,0.006222222222222222,0.21466666666666667,0.023555555555555555,0.017777777777777778,0.015555555555555555,0.07244444444444445,0.03333333333333333,0.035111111111111114,0.02266666666666667,0.16044444444444445,0.25022222222222223,0.05466666666666667,0.011555555555555555,0.03333333333333333
0.03370288248337029,0.01729490022172949,0.007095343680709534,0.21685144124168515,0.021729490022172948,0.017738359201773836,0.014634146341463415,0.06917960088691796,0.03458980044345898,0.03636363636363636,0.02261640798226164,0.1623059866962306,0.2443458980044346,0.054988913525498895,0.012416851441241685,0.03414634146341464
0.029916410030796304,0.01715794104707435,0.008358996920369555,0.21733391992960846,0.019797624285085788,0.01715794104707435,0.014078310602727673,0.06995160580730313,0.03607567091948966,0.03607567091948966,0.02243730752309723,0.16190057193136823,0.24505059392872855,0.055433347998240214,0.013638363396392433,0.03563572371315442
0.03138622493461203,0.015693112467306015,0.00959023539668701,0.21621621621621623,0.01918047079337402,0.016129032258064516,0.014821272885789015,0.06756756756756757,0.03530950305143853,0.03574542284219703,0.01961639058413252,0.16346992153443765,0.24978204010462074,0.05492589363557106,0.014821272885789015,0.03574542284219703
0.03609154929577465,0.015404929577464789,0.01056338028169014,0.20950704225352113,0.018485915492957746,0.016725352112676055,0.016285211267605633,0.06690140845070422,0.03301056338028169,0.03829225352112676,0.018485915492957746,0.16681338028169015,0.2442781690140845,0.05985915492957746,0.012764084507042254,0.03653169014084507
0.03931095406360424,0.015459363957597174,0.011042402826855124,0.21024734982332155,0.0176678445229682,0.016342756183745585,0.015017667844522967,0.0715547703180212,0.03136042402826855,0.03666077738515901,0.018992932862190812,0.16210247349823323,0.247791519434629,0.05742049469964664,0.013250883392226149,0.0357773851590106
0.03804110188019239,0.017052907739396588,0.011805859204197638,0.20769567118495846,0.018364669873196328,0.014429383471797114,0.014429383471797114,0.069960647135986,0.03235679930039353,0.03760384783559248,0.017052907739396588,0.16484477481416704,0.2431132487975514,0.05859204197638828,0.014866637516397026,0.03979011805859204
0.03682595352915388,0.01797457255589654,0.012275317843051293,0.2104340201665936,0.019289785181937746,0.016659359929855327,0.01446733888645331,0.0661990355107409,0.03244191144234985,0.03814116615519509,0.01841297676457694,0.16177115300306882,0.2384918895221394,0.06006137658921526,0.015344147303814117,0.041209995615957916
0.039180765805877114,0.019590382902938557,0.01157613535173642,0.20792520035618878,0.01914514692787177,0.016918967052537846,0.015138023152270703,0.06812110418521816,0.031611754229741766,0.039180765805877114,0.015138023152270703,0.1558325912733749,0.24309884238646481,0.059216384683882455,0.015583259127337488,0.0427426536064114
0.03683976919662672,0.017310252996005325,0.011984021304926764,0.20816688859298713,0.020861074123391034,0.018197958277851752,0.014203284509542832,0.06569019085663559,0.03151353750554816,0.04438526409232135,0.014647137150466045,0.15357301375943186,0.24101198402130491,0.06391478029294274,0.014203284509542832,0.04349755881047492
0.03781882145998241,0.017150395778364115,0.014511873350923483,0.2106420404573439,0.024186455584872472,0.017150395778364115,0.010554089709762533,0.06244503078276165,0.03210202286719437,0.04133685136323659,0.014951627088830254,0.1547933157431838,0.24318381706244502,0.06376429199648197,0.014511873350923483,0.040897097625329816
0.039241622574955906,0.014991181657848324,0.013227513227513227,0.20899470899470898,0.024250440917107582,0.01675485008818342,0.01146384479717813,0.06261022927689594,0.03350970017636684,0.043209876543209874,0.01455026455026455,0.15476190476190477,0.24559082892416226,0.06349206349206349,0.013227513227513227,0.040123456790123455
0.04179498460184778,0.014518257809062912,0.014078310602727673,0.20105587329520458,0.026396832380114386,0.01627804663440387,0.007919049714034315,0.06555213374395072,0.034755829300483945,0.044434667839859214,0.01583809942806863,0.15442146942366916,0.2454905411350638,0.06379234491860977,0.012318521777386713,0.04135503739551254
0.04151943462897526,0.015017667844522967,0.014134275618374558,0.1965547703180212,0.02561837455830389,0.014575971731448763,0.007950530035335688,0.06713780918727916,0.03312720848056537,0.046819787985865724,0.014134275618374558,0.15724381625441697,0.24646643109540636,0.06537102473498234,0.014134275618374558,0.04019434628975265
0.04051078819903126,0.013210039630118891,0.01453104359313078,0.20079260237780713,0.02553940995156319,0.01453104359313078,0.008806693086745927,0.06472919418758256,0.032144429766622636,0.04667547335975341,0.013650374284456186,0.15587846763540292,0.2399823866138265,0.06825187142228094,0.014971378247468076,0.04579480405107882
0.04305370616955171,0.013759431868619618,0.015090989791389259,0.19573901464713714,0.02529960053262317,0.015090989791389259,0.00887705281846427,0.06702174877940524,0.03550821127385708,0.048823790501553485,0.014203284509542832,0.1509098979138926,0.24101198402130491,0.06790945406125166,0.015090989791389259,0.0426098535286285
0.04298245614035088,0.012719298245614035,0.014035087719298246,0.19298245614035087,0.02543859649122807,0.015789473684210527,0.008333333333333333,0.0662280701754386,0.03728070175438596,0.04956140350877193,0.014035087719298246,0.14868421052631578,0.24736842105263157,0.0662280701754386,0.014912280701754385,0.04342105263157895
0.045931758530183726,0.013123359580052493,0.01399825021872266,0.194663167104112,0.024496937882764653,0.015748031496062992,0.008748906386701663,0.06692913385826772,0.04024496937882765,0.052930883639545054,0.013560804899387576,0.1452318460192476,0.23753280839895013,0.06649168853893263,0.01531058617672791,0.04505686789151356
0.04473684210526316,0.013157894736842105,0.014473684210526316,0.19298245614035087,0.02543859649122807,0.017105263157894738,0.008333333333333333,0.06535087719298245,0.03728070175438596,0.05175438596491228,0.013157894736842105,0.14473684210526316,0.24298245614035088,0.0662280701754386,0.015789473684210527,0.04649122807017544
0.045992115637319315,0.01445466491458607,0.01445466491458607,0.18791064388961892,0.025843188786684186,0.018834866403854577,0.00788436268068331,0.06657906263688129,0.036355672360928605,0.04949627682873412,0.012702584318878668,0.14323258869908015,0.2501095050372317,0.06482698204117389,0.01576872536136662,0.04555409548839247
0.04461942257217848,0.013560804899387576,0.014873140857392825,0.18460192475940507,0.02712160979877515,0.017497812773403325,0.008748906386701663,0.06692913385826772,0.0363079615048119,0.05249343832020997,0.013123359580052493,0.14566929133858267,0.2440944881889764,0.06824146981627296,0.01706036745406824,0.04505686789151356
0.04757709251101322,0.013656387665198238,0.016740088105726872,0.18061674008810572,0.024669603524229075,0.01762114537444934,0.00881057268722467,0.07048458149779736,0.03480176211453744,0.055506607929515416,0.012334801762114538,0.14405286343612334,0.23876651982378855,0.07180616740088105,0.017180616740088105,0.04537444933920705
0.045474420638390904,0.01355487538259729,0.01530389156099694,0.184958460865763,0.025360734586794928,0.01880192391779624,0.00874508089199825,0.0664626147791867,0.03323130738959335,0.055094009619588984,0.01355487538259729,0.1425448185395715,0.2439877568867512,0.07433318758198514,0.014866637516397026,0.043725404459991256
0.046242774566473986,0.01511783014673188,0.01600711427301023,0.18497109826589594,0.025344597598932858,0.019119608714984436,0.008003557136505114,0.06669630947087594,0.03423743886171632,0.05558025789239662,0.013339261894175189,0.14184081814139618,0.24232992441084927,0.07114273010226767,0.01600711427301023,0.044019564250778125
0.0461133069828722,0.015371102327624066,0.015810276679841896,0.18093983311374615,0.023276240667545016,0.018884497145366712,0.00922266139657444,0.06543697848045674,0.03293807641633729,0.05665349143610013,0.012296881862099254,0.14317083882301274,0.2481335090030742,0.07158541941150637,0.015810276679841896,0.04435660957400088
0.044650751547303275,0.015030946065428824,0.016799292661361626,0.18037135278514588,0.023872679045092837,0.020335985853227233,0.009725906277630416,0.07029177718832891,0.03138815207780725,0.05526083112290009,0.011052166224580018,0.14235190097259062,0.2493368700265252,0.07073386383731212,0.015030946065428824,0.04376657824933687
0.04719894133215704,0.014997794441993825,0.015880017644464048,0.1799735333039259,0.025143361270401413,0.0211733568592854,0.009263343625937363,0.06881340979267754,0.031318923687692984,0.055580061755624174,0.011468901632112925,0.1482134980149978,0.24084693427437143,0.070577856197618,0.015438906043228937,0.044111160123511246
0.04807692307692308,0.014423076923076924,0.014423076923076924,0.17875874125874125,0.02666083916083916,0.021416083916083916,0.008304195804195804,0.0673076923076923,0.030157342657342656,0.05856643356643357,0.010926573426573426,0.1464160839160839,0.24125874125874125,0.07211538461538461,0.016171328671328672,0.04501748251748252
0.04652193176783341,0.013735046521931768,0.012405848471422242,0.17589720868409392,0.027913159060700046,0.022153300841825433,0.008861320336730172,0.06778910057598582,0.035002215330084185,0.05981391227292867,0.0101905183872397,0.14665485157288435,0.24147097917589722,0.07133362871067789,0.015064244572441293,0.04519273371732388
0.049491825011047284,0.0136986301369863,0.012814847547503314,0.17543084401237297,0.03137428192664605,0.02562969509500663,0.008395934600088379,0.068935041979673,0.03623508616880247,0.05877154220061865,0.009721608484312859,0.13963764913831198,0.23817940786566505,0.07158638974812197,0.014582412726469289,0.04551480335837384
0.04820333041191937,0.014460999123575811,0.014899211218229623,0.17835232252410166,0.029798422436459245,0.02497808939526731,0.008764241893076249,0.06792287467134094,0.03812445223488168,0.05696757230499562,0.008764241893076249,0.14022787028921999,0.2357581069237511,0.07186678352322524,0.013584574934268186,0.04732690622261174
0.04391743522178305,0.013175230566534914,0.012736056214317084,0.18093983311374615,0.029863855950812472,0.026350461133069828,0.00834431269213878,0.06938954765041722,0.04040404040404041,0.05665349143610013,0.00878348704435661,0.1383399209486166,0.23539745278875715,0.07026789635485288,0.014053579270970576,0.05138339920948617
0.044933920704845816,0.014537444933920705,0.012334801762114538,0.17797356828193833,0.029955947136563875,0.026872246696035242,0.00881057268722467,0.06872246696035242,0.03788546255506608,0.05682819383259912,0.008370044052863436,0.13964757709251102,0.23127753303964757,0.07444933920704846,0.014096916299559472,0.05330396475770925
0.04177660510114336,0.014072119613016711,0.010993843447669306,0.18117854001759015,0.029463500439753737,0.026824978012313105,0.010114335971855761,0.06992084432717678,0.036939313984168866,0.05672823218997362,0.010554089709762533,0.13676341248900617,0.23350923482849603,0.07519788918205805,0.014511873350923483,0.051451187335092345
0.04081632653061224,0.012866015971606033,0.011091393078970719,0.18633540372670807,0.02883762200532387,0.027950310559006212,0.009760425909494233,0.07275953859804792,0.0385980479148181,0.055900621118012424,0.01020408163265306,0.13753327417923691,0.22582076308784382,0.0771960958296362,0.015084294587400177,0.04924578527062999
0.04188712522045855,0.011904761904761904,0.010582010582010581,0.18606701940035272,0.026895943562610228,0.02601410934744268,0.011022927689594356,0.07098765432098765,0.03571428571428571,0.05291005291005291,0.010141093474426807,0.1349206349206349,0.23192239858906524,0.08112874779541446,0.01455026455026455,0.05335097001763668
0.04030115146147033,0.011514614703277236,0.009300265721877768,0.19441984056687334,0.024800708591674048,0.025686448184233834,0.010628875110717449,0.07263064658990256,0.03587245349867139,0.053144375553587246,0.010186005314437556,0.12931798051372898,0.23383525243578387,0.0841452612931798,0.013728963684676704,0.050487156775907885
0.04038630377524144,0.012291483757682178,0.00877963125548727,0.1900790166812994,0.026777875329236173,0.027216856892010536,0.010535557506584723,0.07550482879719052,0.03467954345917471,0.053555750658472345,0.00877963125548727,0.1273046532045654,0.2370500438981563,0.08428446005267778,0.014486391571553995,0.048287971905179985
0.04223493180818302,0.012758468983721953,0.009238891333040036,0.18829740431148262,0.029036515618125824,0.025076990761108666,0.010558732952045754,0.07479102507699076,0.03563572371315442,0.05015398152221733,0.009238891333040036,0.1293444786625605,0.2358117025956885,0.0818301803783546,0.01583809942806863,0.05015398152221733
0.04119193689745837,0.014022787028921999,0.010517090271691499,0.18755477651183172,0.02848378615249781,0.02673093777388256,0.010078878177037686,0.0775635407537248,0.03418054338299737,0.05214723926380368,0.008764241893076249,0.12489044697633654,0.2366345311130587,0.08063102541630149,0.016652059596844872,0.04995617879053462
0.03975265017667844,0.013250883392226149,0.011042402826855124,0.1881625441696113,0.028268551236749116,0.026060070671378093,0.009275618374558304,0.07508833922261485,0.03312720848056537,0.055212014134275615,0.009275618374558304,0.13250883392226148,0.23586572438162545,0.07818021201413428,0.015459363957597174,0.04946996466431095
0.03943908851884312,0.012269938650306749,0.010955302366345312,0.18229623137598597,0.03067484662576687,0.02497808939526731,0.009640666082383873,0.07537248028045573,0.033304119193689745,0.05214723926380368,0.008326029798422436,0.12795793163891322,0.24189307624890447,0.07887817703768624,0.014460999123575811,0.05740578439964943
0.042309387395328336,0.011458792419568091,0.010136624063464082,0.18025561921551345,0.030850594975760245,0.02379903040987219,0.010136624063464082,0.06875275451740855,0.03305420890260027,0.05156456588805641,0.00881445570736007,0.13309828118113706,0.23975319524019392,0.08373732921992066,0.015425297487880123,0.05685323931247246
0.0415377817057004,0.009721608484312859,0.010163499779054353,0.1802916482545294,0.031816173221387536,0.024745912505523642,0.010605391073795847,0.06628369421122404,0.0344675209898365,0.052585064074237735,0.008395934600088379,0.12991604065399912,0.2412726469288555,0.08661069376933274,0.015908086610693768,0.05567830313742819
0.04525483304042179,0.010105448154657293,0.010984182776801407,0.18101933216168717,0.029876977152899824,0.025043936731107205,0.009666080843585237,0.0672231985940246,0.035588752196836555,0.050966608084358524,0.008787346221441126,0.1265377855887522,0.23681898066783832,0.08655536028119508,0.015377855887521968,0.06019332161687171
0.042977403633141335,0.008861320336730172,0.010633584404076208,0.18077093486929552,0.02968542312804608,0.023482498892334957,0.00930438635356668,0.0664599025254763,0.03677447939743022,0.05006645990252548,0.008418254319893664,0.1284891448825875,0.23925564909171468,0.0872840053167922,0.015507310589277802,0.06202924235711121
0.04382120946538125,0.010078878177037686,0.009640666082383873,0.1765994741454864,0.031113058720420684,0.024101665205959685,0.009202453987730062,0.06397896581945661,0.03724802804557406,0.049079754601226995,0.008326029798422436,0.13014899211218228,0.23444347063978965,0.08939526730937773,0.017090271691498685,0.06573181419807186
0.043133802816901406,0.01232394366197183,0.009242957746478873,0.17209507042253522,0.02948943661971831,0.022007042253521125,0.009683098591549295,0.06205985915492958,0.03477112676056338,0.051056338028169015,0.009242957746478873,0.1311619718309859,0.2381161971830986,0.09286971830985916,0.019806338028169015,0.06294014084507042
0.04614019520851819,0.012866015971606033,0.008429458740017746,0.16903283052351376,0.030612244897959183,0.021739130434782608,0.009760425909494233,0.061224489795918366,0.035048802129547474,0.049689440993788817,0.008873114463176575,0.13176574977817213,0.2377994676131322,0.09316770186335403,0.02129547471162378,0.06255545696539486
0.04631671812968681,0.013233348037053375,0.007498897220996913,0.17115130127922365,0.031760035288928096,0.02293780326422585,0.009704455227172474,0.060873400970445524,0.03396559329510366,0.05337450374944861,0.009263343625937363,0.12968681076312308,0.23158359064843406,0.09704455227172475,0.020732245258050286,0.060873400970445524
0.046708185053380785,0.012455516014234875,0.006227758007117438,0.17348754448398576,0.032473309608540925,0.022686832740213523,0.010231316725978648,0.06361209964412812,0.033807829181494664,0.04848754448398576,0.009341637010676156,0.1307829181494662,0.23576512455516013,0.0947508896797153,0.020462633451957295,0.05871886120996441
0.051550895587592835,0.012232415902140673,0.00655307994757536,0.17387505460899957,0.031891655744866756,0.024464831804281346,0.010484927916120577,0.06334643949322849,0.03407601572739188,0.04674530362603757,0.007863695937090432,0.13193534294451725,0.23372651813018785,0.08955875928352992,0.020096111839231105,0.061598951507208385
0.049491825011047284,0.013256738842244807,0.0057445868316394165,0.16880247459125056,0.03049049933716306,0.023862129916040652,0.009279717189571365,0.0618647812638091,0.03314184710561202,0.047724259832081305,0.008837825894829872,0.13345117101193107,0.23729562527618206,0.09456473707467963,0.0207688908528502,0.06142288996906761
0.04717813051146384,0.014109347442680775,0.005291005291005291,0.17504409171075838,0.03042328042328042,0.023809523809523808,0.00837742504409171,0.06128747795414462,0.03306878306878307,0.048500881834215165,0.010582010582010581,0.13271604938271606,0.23589065255731922,0.09700176366843033,0.018077601410934743,0.05864197530864197
0.047957371225577264,0.011989342806394316,0.0053285968028419185,0.17229129662522202,0.03108348134991119,0.023978685612788632,0.009325044404973356,0.06705150976909414,0.035523978685612786,0.047957371225577264,0.011101243339253997,0.13321492007104796,0.23312611012433393,0.09502664298401421,0.017761989342806393,0.05728241563055062
0.051473823141223056,0.011878574571051475,0.004839419269687638,0.17465904091509019,0.0343158820941487,0.02155741311042675,0.008798944126704795,0.06599208095028597,0.03519577650681918,0.04487461504619446,0.010118785745710514,0.13242410910690716,0.23405191377034756,0.09194896612406511,0.01715794104707435,0.06071271447426309
0.05114638447971781,0.013227513227513227,0.0048500881834215165,0.16710758377425045,0.03306878306878307,0.023809523809523808,0.007054673721340388,0.059964726631393295,0.036155202821869487,0.04717813051146384,0.010141093474426807,0.12918871252204586,0.23809523809523808,0.09656084656084656,0.01763668430335097,0.06481481481481481
0.054376657824933686,0.011936339522546418,0.004862953138815208,0.16357206012378425,0.03227232537577365,0.02564102564102564,0.006631299734748011,0.0636604774535809,0.03536693191865606,0.040671971706454466,0.011052166224580018,0.13085764809902742,0.23872679045092837,0.09460654288240496,0.017241379310344827,0.06852343059239611
0.057683839718185824,0.012329370321444297,0.003963011889035667,0.1668868339938353,0.03038309114927345,0.02509907529722589,0.007045354469396741,0.062087186261558784,0.03478643769264641,0.03963011889035667,0.010127697049757816,0.12945838837516513,0.23822104799647734,0.09379128137384413,0.017613386173491855,0.07089387934830471
0.05572755417956656,0.011057054400707651,0.003980539584254755,0.16497125165855817,0.030959752321981424,0.024325519681556832,0.006634232640424591,0.06147722246793454,0.03361344537815126,0.04290137107474569,0.010172490048651039,0.12560813799203893,0.24148606811145512,0.09597523219814241,0.017249004865103935,0.07386112339672711
0.06129597197898424,0.011821366024518389,0.005253940455341506,0.15761821366024517,0.03239929947460595,0.02583187390542907,0.006567425569176883,0.06436077057793345,0.03415061295971979,0.04115586690017513,0.009632224168126095,0.12302977232924693,0.24299474605954466,0.09588441330998249,0.016199649737302976,0.07180385288966724
0.06111603188662533,0.013286093888396812,0.005757307351638618,0.15544729849424269,0.033215234720992026,0.024800708591674048,0.0070859167404783,0.06598759964570416,0.037643932683790966,0.04428697962798937,0.009300265721877768,0.11824623560673161,0.23870682019486272,0.09610274579273693,0.015943312666076175,0.07307351638618247
0.06399651719634306,0.013060513713539399,0.00478885502829778,0.15106660861993906,0.0348280365694384,0.024379625598606878,0.0087070091423596,0.0631258162821071,0.036134087940792335,0.04309969525468002,0.00783630822812364,0.12276882890727035,0.24336090552895082,0.09447104919460166,0.015237265999129298,0.07313887679582064
0.06613404349755882,0.013759431868619618,0.0039946737683089215,0.1513537505548158,0.033732800710164226,0.024411895250776743,0.007545494895694629,0.06080781180648025,0.036395916555703504,0.044829116733244564,0.00887705281846427,0.12383488681757657,0.2441189525077674,0.09498446515756769,0.016422547714158898,0.06879715934309809
