C_R,C_A,C_S,C_N,D_R,D_A,D_S,D_N,Oc_R,Oc_A,Oc_S,Oc_N,Od_R,Od_A,Od_S,Od_N
0.0,0.0,1.0,0.0,0.0,0.0,0.0,0.0,0.0,0.0,0.0,0.0,0.0,0.0,0.0,0.0
0.0,0.0,0.3333333333333333,0.0,0.0,0.0,0.0,0.0,0.0,0.0,0.0,0.0,0.6666666666666666,0.0,0.0,0.0
0.0,0.0,0.2857142857142857,0.2857142857142857,0.0,0.0,0.0,0.0,0.0,0.0,0.0,0.0,0.42857142857142855,0.0,0.0,0.0
0.0,0.0,0.21428571428571427,0.2857142857142857,0.0,0.07142857142857142,0.0,0.0,0.0,0.0,0.0,0.0,0.42857142857142855,0.0,0.0,0.0
0.0,0.0,0.125,0.25,0.0,0.08333333333333333,0.0,0.0,0.0,0.0,0.0,0.0,0.4583333333333333,0.0,0.0,0.08333333333333333
0.046511627906976744,0.0,0.11627906976744186,0.20930232558139536,0.0,0.09302325581395349,0.0,0.0,0.0,0.0,0.0,0.0,0.4186046511627907,0.046511627906976744,0.0,0.06976744186046512
0.046875,0.0,0.09375,0.21875,0.0,0.078125,0.0,0.015625,0.0,0.0,0.0,0.0,0.40625,0.046875,0.0,0.09375
0.07766990291262135,0.0,0.0970873786407767,0.23300970873786409,0.0,0.08737864077669903,0.0,0.009708737864077669,0.0,0.0,0.0,0.0,0.36893203883495146,0.04854368932038835,0.0,0.07766990291262135
0.09090909090909091,0.006993006993006993,0.09090909090909091,0.23076923076923078,0.0,0.0979020979020979,0.006993006993006993,0.0,0.0,0.0,0.0,0.013986013986013986,0.3006993006993007,0.06993006993006994,0.0,0.09090909090909091
0.10638297872340426,0.010638297872340425,0.0797872340425532,0.22872340425531915,0.0,0.10106382978723404,0.005319148936170213,0.0,0.0,0.0,0.005319148936170213,0.010638297872340425,0.30319148936170215,0.07446808510638298,0.0,0.07446808510638298
0.09623430962343096,0.016736401673640166,0.07531380753138076,0.20920502092050208,0.0,0.08786610878661087,0.0041841004184100415,0.016736401673640166,0.0,0.0,0.0041841004184100415,0.0041841004184100415,0.3054393305439331,0.08786610878661087,0.0,0.09205020920502092
0.0950920245398773,0.018404907975460124,0.07668711656441718,0.19631901840490798,0.0,0.08895705521472393,0.003067484662576687,0.018404907975460124,0.003067484662576687,0.0,0.006134969325153374,0.003067484662576687,0.29141104294478526,0.09815950920245399,0.0,0.10122699386503067
0.08845208845208845,0.019656019656019656,0.085995085995086,0.20393120393120392,0.0,0.07616707616707617,0.002457002457002457,0.0171990171990172,0.002457002457002457,0.0,0.004914004914004914,0.002457002457002457,0.28992628992628994,0.11302211302211303,0.0,0.09336609336609336
0.1006036217303823,0.01609657947686117,0.07243460764587525,0.1891348088531187,0.0,0.08048289738430583,0.002012072434607646,0.02012072434607646,0.004024144869215292,0.0,0.004024144869215292,0.002012072434607646,0.27364185110663986,0.13279678068410464,0.0,0.10261569416498995
0.11037891268533773,0.019769357495881382,0.07248764415156507,0.18945634266886327,0.0,0.0757825370675453,0.0,0.02471169686985173,0.004942339373970346,0.0,0.0032948929159802307,0.004942339373970346,0.24217462932454695,0.1416803953871499,0.0032948929159802307,0.1070840197693575
0.11608391608391608,0.02097902097902098,0.06713286713286713,0.17202797202797201,0.002797202797202797,0.08531468531468532,0.0,0.027972027972027972,0.006993006993006993,0.0,0.004195804195804196,0.005594405594405594,0.23916083916083916,0.14265734265734265,0.004195804195804196,0.1048951048951049
0.1135005973715651,0.02031063321385902,0.06929510155316607,0.16965352449223417,0.0011947431302270011,0.0931899641577061,0.0,0.023894862604540025,0.007168458781362007,0.0,0.005973715651135006,0.008363201911589008,0.2222222222222222,0.15053763440860216,0.005973715651135006,0.1087216248506571
0.11806981519507187,0.019507186858316223,0.07494866529774127,0.1570841889117043,0.002053388090349076,0.08624229979466119,0.0,0.027720739219712527,0.007186858316221766,0.0,0.00513347022587269,0.009240246406570842,0.21971252566735114,0.16324435318275154,0.003080082135523614,0.10677618069815195
0.12036199095022625,0.019004524886877826,0.07239819004524888,0.15475113122171946,0.0018099547511312218,0.07963800904977375,0.0009049773755656109,0.03167420814479638,0.006334841628959276,0.0009049773755656109,0.006334841628959276,0.009954751131221719,0.21085972850678733,0.16923076923076924,0.0018099547511312218,0.11402714932126697
0.13050440352281825,0.018414731785428344,0.07606084867894315,0.1465172137710168,0.0008006405124099279,0.07766212970376302,0.0016012810248198558,0.0344275420336269,0.007205764611689352,0.0008006405124099279,0.008006405124099279,0.01120896717373899,0.20576461168935148,0.1689351481184948,0.0016012810248198558,0.11048839071257005
0.1339031339031339,0.021367521367521368,0.0754985754985755,0.1339031339031339,0.0014245014245014246,0.07977207977207977,0.0014245014245014246,0.03276353276353276,0.00641025641025641,0.002849002849002849,0.009259259259259259,0.010683760683760684,0.20726495726495728,0.1623931623931624,0.002849002849002849,0.11823361823361823
0.13788575180564674,0.01969796454366382,0.07222586999343401,0.1319763624425476,0.001969796454366382,0.07944845699277742,0.003939592908732764,0.03742613263296126,0.006565988181221274,0.007222586999343401,0.007222586999343401,0.013131976362442548,0.20288903479973736,0.1608667104399212,0.001969796454366382,0.11556139198949442
0.15100060642813826,0.020618556701030927,0.06852637962401456,0.12856276531231048,0.002425712553062462,0.08368708308065494,0.004244996967859308,0.03759854457246816,0.0072771376591873865,0.0072771376591873865,0.0066707095209217705,0.01758641600970285,0.19405700424499697,0.14918132201334142,0.0036385688295936932,0.11764705882352941
0.14684120660216277,0.01935116676152533,0.07455890722822994,0.12407512805919181,0.0028457598178713715,0.08195788275469551,0.005122367672168469,0.03870233352305066,0.007398975526465566,0.010813887307911212,0.006260671599317018,0.0221969265793967,0.19123505976095617,0.1485486624928856,0.00398406374501992,0.11610700056915196
0.14255431902490726,0.017488076311605722,0.07419183889772125,0.12135665076841548,0.002649708532061473,0.08267090620031796,0.005299417064122946,0.0392156862745098,0.00794912559618442,0.011128775834658187,0.007419183889772125,0.025437201907790145,0.19395866454689983,0.1489136195018548,0.0047694753577106515,0.11499735029146795
0.14241486068111456,0.021155830753353973,0.07327141382868937,0.11919504643962849,0.003611971104231166,0.07997936016511868,0.006191950464396285,0.04024767801857585,0.007739938080495356,0.011867905056759546,0.007739938080495356,0.030959752321981424,0.19195046439628483,0.14293085655314758,0.005159958720330237,0.11558307533539731
0.1463293650793651,0.022817460317460316,0.0679563492063492,0.1195436507936508,0.003968253968253968,0.08283730158730158,0.006944444444444444,0.042162698412698416,0.006448412698412698,0.012896825396825396,0.00744047619047619,0.030753968253968252,0.1875,0.14484126984126985,0.00496031746031746,0.11259920634920635
0.14581328200192492,0.024542829643888354,0.06785370548604427,0.11790182868142444,0.004331087584215592,0.08180943214629452,0.006737247353224254,0.04282964388835419,0.005774783445620789,0.01203079884504331,0.007699711260827719,0.0356111645813282,0.18864292589027912,0.1395572666025024,0.005774783445620789,0.11308950914340712
0.14495499763145428,0.023211747986736146,0.06631927996210327,0.11511132164850782,0.0047370914258645196,0.08053055423969682,0.006158218853623875,0.04405495026054003,0.005684509711037423,0.011842728564661297,0.008053055423969682,0.03505447655139744,0.19374703931785883,0.14306016106110847,0.006631927996210327,0.11084793936522976
0.14174311926605504,0.023853211009174313,0.06834862385321101,0.11697247706422019,0.005963302752293578,0.08119266055045872,0.006880733944954129,0.04174311926605505,0.007339449541284404,0.012385321100917432,0.009174311926605505,0.035321100917431195,0.19770642201834862,0.13761467889908258,0.006422018348623854,0.10733944954128441
0.14142335766423358,0.025547445255474453,0.072992700729927,0.114507299270073,0.005018248175182482,0.08302919708029197,0.008211678832116789,0.04333941605839416,0.0072992700729927005,0.01322992700729927,0.0072992700729927005,0.03604014598540146,0.19297445255474452,0.13594890510948904,0.006843065693430657,0.1062956204379562
0.14145907473309607,0.028469750889679714,0.07250889679715303,0.11788256227758007,0.006227758007117438,0.08407473309608542,0.007562277580071174,0.04448398576512456,0.0071174377224199285,0.012900355871886121,0.0066725978647686835,0.03603202846975089,0.18994661921708186,0.13612099644128114,0.00800711743772242,0.10053380782918149
0.1404772624943719,0.027465105808194508,0.07068887888338586,0.11346240432237731,0.00675371454299865,0.08464655560558307,0.00810445745159838,0.04592525889239082,0.00810445745159838,0.013957676722197209,0.007203962179198559,0.034218820351193155,0.18820351193156237,0.13732552904097253,0.010355695632597929,0.10310670868977938
0.14190391459074733,0.029359430604982206,0.06583629893238434,0.11432384341637011,0.008451957295373666,0.07695729537366548,0.008451957295373666,0.04715302491103203,0.00800711743772242,0.015124555160142349,0.009341637010676156,0.03469750889679715,0.18994661921708186,0.14056939501779359,0.009786476868327402,0.10008896797153025
0.13297872340425532,0.030585106382978722,0.06914893617021277,0.11391843971631206,0.008865248226950355,0.08067375886524823,0.009308510638297872,0.04654255319148936,0.008421985815602837,0.019060283687943262,0.009308510638297872,0.034131205673758866,0.19104609929078015,0.1347517730496454,0.010638297872340425,0.10062056737588652
0.1350637923449186,0.027716673999120107,0.06731192256929168,0.11350637923449186,0.009678838539375276,0.07787065552133744,0.009238891333040036,0.048834139903211615,0.008798944126704795,0.01935767707875055,0.010998680158380994,0.03563572371315442,0.19093708754949407,0.13638363396392433,0.011438627364716234,0.097228332600088
0.13417832167832167,0.027097902097902096,0.07167832167832168,0.11669580419580419,0.008304195804195804,0.07910839160839161,0.008304195804195804,0.05113636363636364,0.008741258741258742,0.01791958041958042,0.0118006993006993,0.037587412587412584,0.18924825174825174,0.13374125874125875,0.01048951048951049,0.09396853146853147
0.13825088339222616,0.027385159010600707,0.06713780918727916,0.11219081272084806,0.007067137809187279,0.08083038869257951,0.009717314487632508,0.054770318021201414,0.010159010600706713,0.018109540636042403,0.011484098939929329,0.036219081272084806,0.19081272084805653,0.1333922261484099,0.010159010600706713,0.09231448763250884
0.13095238095238096,0.029982363315696647,0.06613756613756613,0.11507936507936507,0.006613756613756613,0.07539682539682539,0.009700176366843033,0.05423280423280423,0.010582010582010581,0.018077601410934743,0.013227513227513227,0.03791887125220458,0.19047619047619047,0.13624338624338625,0.011022927689594356,0.09435626102292768
0.13081650570676032,0.02897278314310799,0.06672519754170325,0.11676909569798069,0.007901668129938543,0.07374890254609306,0.009218612818261633,0.05487269534679543,0.012291483757682178,0.018437225636523266,0.012730465320456541,0.03994732221246708,0.18525021949078138,0.13784021071115013,0.010974539069359086,0.09350307287093942
0.1340979267754742,0.02999558888398765,0.06396118217909132,0.11248345831495368,0.0070577856197618,0.0780767534186149,0.007498897220996913,0.05161005734450816,0.014997794441993825,0.020291133656815175,0.011910013233348038,0.037935597706219674,0.18482576091751213,0.13850904278782533,0.012351124834583149,0.09439788266431408
0.13422222222222221,0.03111111111111111,0.06266666666666666,0.11288888888888889,0.007555555555555556,0.0791111111111111,0.010222222222222223,0.05288888888888889,0.013777777777777778,0.020444444444444446,0.011555555555555555,0.03955555555555555,0.1831111111111111,0.13377777777777777,0.013333333333333334,0.09377777777777778
0.1331858407079646,0.030530973451327433,0.05796460176991151,0.11415929203539824,0.008407079646017699,0.07699115044247788,0.011946902654867256,0.05265486725663717,0.013716814159292035,0.02079646017699115,0.010619469026548672,0.03716814159292035,0.18628318584070797,0.13584070796460176,0.011946902654867256,0.09778761061946903
0.12749003984063745,0.03187250996015936,0.05799026117751217,0.11730854360336432,0.008853474988933156,0.07525453740593183,0.011509517485613104,0.05179282868525897,0.01195219123505976,0.021248339973439574,0.01018149623727313,0.03762726870296591,0.18902169101372288,0.13811420982735723,0.011066843736166445,0.09871624612660469
0.13495575221238937,0.032300884955752215,0.05663716814159292,0.11371681415929204,0.009734513274336283,0.07300884955752213,0.011061946902654867,0.05442477876106195,0.01504424778761062,0.024778761061946902,0.009734513274336283,0.03982300884955752,0.18053097345132743,0.13584070796460176,0.010619469026548672,0.09778761061946903
0.1323594510845507,0.03142983621071271,0.05754758742806552,0.11730854360336432,0.01018149623727313,0.07481186365648516,0.009738822487826471,0.05533421868083223,0.01416555998229305,0.027888446215139442,0.010624169986719787,0.035856573705179286,0.1814962372731297,0.1363435148295706,0.01018149623727313,0.09473218238158478
0.13594368675758908,0.031236251649802024,0.056313242410910694,0.11130664320281566,0.009678838539375276,0.07347118345798505,0.008798944126704795,0.05939287285525737,0.013638363396392433,0.027716673999120107,0.010558732952045754,0.03695556533216014,0.18653761548614167,0.13066432028156622,0.010998680158380994,0.09678838539375274
0.13704686118479223,0.03050397877984085,0.0592396109637489,0.11052166224580018,0.008841732979664015,0.07338638373121131,0.007957559681697613,0.05526083112290009,0.015473032714412025,0.029177718832891247,0.011494252873563218,0.03934571175950486,0.1843501326259947,0.1317418213969938,0.010610079575596816,0.09504862953138815
0.13857016769638128,0.03133274492497794,0.05825242718446602,0.11429832303618712,0.009708737864077669,0.0706090026478376,0.00794351279788173,0.05516328331862312,0.01676963812886143,0.03000882612533098,0.01147396293027361,0.03574580759046778,0.18358340688437777,0.1297440423654016,0.01059135039717564,0.09620476610767872
0.13513513513513514,0.030128489144882586,0.05449712007089056,0.1178555604785113,0.00930438635356668,0.06823216659282233,0.007089056269384138,0.05981391227292867,0.017279574656623838,0.02924235711120957,0.0101905183872397,0.03544528134692069,0.1909614532565352,0.13026140894993354,0.0101905183872397,0.09437306158617634
0.1388642413487134,0.027950310559006212,0.05545696539485359,0.1157941437444543,0.008873114463176575,0.06433007985803017,0.008873114463176575,0.058118899733806566,0.015971606033717833,0.030168589174800354,0.009316770186335404,0.0385980479148181,0.18544809228039041,0.13620230700976044,0.009316770186335404,0.09671694764862467
0.13646433318564466,0.024368630926007974,0.051395657953035,0.11874169251218432,0.008418254319893664,0.07000443066016837,0.00930438635356668,0.05494018608772707,0.01639344262295082,0.03322995126273815,0.007532122286220647,0.0412051395657953,0.1847585290208241,0.13247673903411608,0.008861320336730172,0.10190518387239698
0.1410989010989011,0.024175824175824177,0.04835164835164835,0.11604395604395605,0.007032967032967033,0.06813186813186813,0.00967032967032967,0.05758241758241758,0.015824175824175824,0.03164835164835165,0.007912087912087912,0.04351648351648352,0.18593406593406595,0.13186813186813187,0.008791208791208791,0.10241758241758242
0.1426056338028169,0.02420774647887324,0.051056338028169015,0.11267605633802817,0.009242957746478873,0.06866197183098592,0.008802816901408451,0.056338028169014086,0.014964788732394365,0.03389084507042254,0.008802816901408451,0.040492957746478875,0.18794014084507044,0.12852112676056338,0.008802816901408451,0.10299295774647887
0.1345054945054945,0.025494505494505496,0.04923076923076923,0.11428571428571428,0.00967032967032967,0.06901098901098901,0.0074725274725274725,0.05846153846153846,0.014505494505494506,0.03472527472527472,0.008791208791208791,0.041758241758241756,0.18813186813186814,0.13186813186813187,0.009230769230769232,0.10285714285714286
0.1361626878868258,0.02431476569407604,0.04730327144120248,0.11229000884173299,0.009283819628647215,0.06542882404951371,0.006631299734748011,0.05658709106984969,0.015030946065428824,0.03801945181255526,0.009725906277630416,0.04553492484526967,0.1852343059239611,0.1348364279398762,0.008841732979664015,0.10477453580901856
0.1356007067137809,0.024734982332155476,0.045936395759717315,0.11484098939929328,0.009275618374558304,0.06934628975265017,0.007067137809187279,0.05786219081272085,0.015017667844522967,0.037102473498233215,0.0088339222614841,0.04284452296819788,0.18860424028268552,0.13427561837455831,0.008392226148409895,0.10026501766784453
0.13574261789334507,0.02379903040987219,0.04627589246364037,0.11062141912736889,0.009255178492728075,0.06743058616130454,0.00749228735125606,0.06302335830762451,0.01630674305861613,0.0374614367562803,0.009695901278096077,0.043190832966064345,0.1855442926399295,0.13133539003966505,0.00881445570736007,0.10401057734684883
0.13259423503325943,0.02483370288248337,0.04523281596452328,0.11441241685144124,0.00975609756097561,0.06651884700665188,0.00753880266075388,0.06164079822616408,0.014634146341463415,0.03813747228381375,0.008869179600886918,0.04567627494456763,0.1844789356984479,0.13392461197339245,0.008869179600886918,0.10288248337028826
0.1361833406787131,0.0251211987659762,0.043190832966064345,0.1123843102688409,0.010577346848832084,0.06566769501983252,0.007933010136624064,0.06170118995152049,0.014543851917144116,0.041427941824592335,0.008373732921992068,0.04671661524900837,0.1864257382106655,0.13177611282503304,0.009255178492728075,0.0987219039224328
0.13664596273291926,0.023957409050576754,0.03904170363797693,0.11047027506654836,0.012422360248447204,0.06344276841171251,0.008873114463176575,0.0616681455190772,0.01419698314108252,0.03948535936113576,0.008429458740017746,0.047471162377994675,0.18944099378881987,0.13487133984028393,0.009316770186335404,0.1002661934338953
0.13616071428571427,0.022767857142857142,0.040625,0.11026785714285714,0.0125,0.06473214285714286,0.007142857142857143,0.06160714285714286,0.012946428571428572,0.040625,0.007589285714285714,0.05,0.1888392857142857,0.13303571428571428,0.009821428571428571,0.10133928571428572
0.1310101455668284,0.0211733568592854,0.043670048522276135,0.1129245699161888,0.012351124834583149,0.06307895897662108,0.0070577856197618,0.06219673577415086,0.013233348037053375,0.04102337891486546,0.007940008822232024,0.050286722540802825,0.1874724305249228,0.13145125716806352,0.00882223202470225,0.10630789589766211
0.13111111111111112,0.020888888888888887,0.04088888888888889,0.116,0.012,0.06488888888888888,0.008,0.060444444444444446,0.013333333333333334,0.04,0.008888888888888889,0.051111111111111114,0.18622222222222223,0.13422222222222221,0.008,0.104
0.12759381898454747,0.02119205298013245,0.038852097130242826,0.1130242825607064,0.011479028697571744,0.06357615894039735,0.00706401766004415,0.06181015452538632,0.015011037527593819,0.039735099337748346,0.009713024282560706,0.054304635761589407,0.19249448123620308,0.13200883002207506,0.008830022075055188,0.10331125827814569
0.12860892388451445,0.022747156605424323,0.03674540682414698,0.1115485564304462,0.013123359580052493,0.06386701662292213,0.007874015748031496,0.0621172353455818,0.014873140857392825,0.03937007874015748,0.009623797025371828,0.05468066491688539,0.18722659667541558,0.13123359580052493,0.010061242344706912,0.1062992125984252
0.12890453145622524,0.02331720193576771,0.034755829300483945,0.11086669599648043,0.014078310602727673,0.06555213374395072,0.007919049714034315,0.06247250329960405,0.012758468983721953,0.03783545974483062,0.009678838539375276,0.05411350637923449,0.194456665200176,0.1293444786625605,0.010558732952045754,0.10338759348878135
0.12708883025505716,0.023306948109058926,0.0316622691292876,0.11301671064204045,0.013192612137203167,0.06948109058927,0.0079155672823219,0.06376429199648197,0.013632365875109938,0.03869832893579595,0.011433597185576077,0.05452946350043975,0.1864555848724714,0.13280562884784522,0.011433597185576077,0.10158311345646438
0.12876106194690265,0.024336283185840708,0.030973451327433628,0.11415929203539824,0.011504424778761062,0.06725663716814159,0.00752212389380531,0.06504424778761062,0.013716814159292035,0.03716814159292035,0.012389380530973451,0.05486725663716814,0.18584070796460178,0.12920353982300886,0.012389380530973451,0.10486725663716814
0.12488888888888888,0.02311111111111111,0.028888888888888888,0.11688888888888889,0.012,0.068,0.007555555555555556,0.06444444444444444,0.015555555555555555,0.036,0.011555555555555555,0.05288888888888889,0.18844444444444444,0.1288888888888889,0.012888888888888889,0.108
0.12182296231375986,0.02147239263803681,0.029798422436459245,0.11875547765118318,0.010955302366345312,0.06748466257668712,0.007011393514460999,0.06485539000876424,0.01621384750219106,0.03418054338299737,0.011393514460999123,0.05346187554776512,0.18843120070113936,0.12927256792287467,0.013146362839614373,0.11174408413672217
0.12050832602979843,0.022787028921998246,0.027607361963190184,0.1165644171779141,0.011831726555652936,0.07142857142857142,0.007449605609114811,0.07099035933391762,0.015775635407537247,0.03418054338299737,0.012269938650306749,0.053023663453111304,0.18492550394390886,0.1266432953549518,0.011831726555652936,0.11218229623137599
0.12192982456140351,0.02324561403508772,0.02982456140350877,0.1206140350877193,0.011842105263157895,0.06973684210526315,0.008333333333333333,0.0706140350877193,0.015350877192982455,0.03289473684210526,0.011842105263157895,0.05263157894736842,0.18421052631578946,0.12456140350877193,0.012719298245614035,0.10964912280701754
0.12660469234174412,0.023019034971226208,0.02877379371403276,0.11509517485613104,0.011066843736166445,0.06772908366533864,0.00796812749003984,0.07215582115980522,0.015050907481186366,0.03408587870739265,0.011066843736166445,0.049136786188579015,0.1921204072598495,0.12439132359451084,0.01239486498450642,0.10934041611332448
0.1268357810413885,0.022251891410769914,0.030262572318647086,0.11659991099243436,0.01335113484646195,0.07076101468624833,0.009790832220738763,0.06987093902981753,0.01602136181575434,0.03515798842901647,0.010235870048954161,0.0534045393858478,0.1882510013351135,0.12060525144637294,0.012016021361815754,0.1045838896306186
0.1294838145231846,0.022747156605424323,0.02799650043744532,0.1115485564304462,0.013560804899387576,0.0726159230096238,0.008748906386701663,0.06605424321959755,0.01531058617672791,0.03412073490813648,0.010498687664041995,0.05861767279090114,0.18985126859142606,0.12117235345581802,0.011811023622047244,0.10586176727909011
0.12709620476610767,0.024271844660194174,0.028684907325684024,0.11165048543689321,0.01412180052956752,0.07281553398058252,0.009267431597528684,0.06531332744924978,0.0176522506619594,0.03486319505736982,0.011032656663724626,0.06001765225066196,0.18887908208296558,0.12003530450132392,0.01235657546337158,0.10194174757281553
0.1272808188696039,0.0258121940364931,0.029372496662216287,0.10992434356920339,0.013796172674677348,0.06987093902981753,0.009790832220738763,0.06497552291944815,0.016466399643969738,0.03693813974187806,0.010235870048954161,0.059190031152647975,0.18958611481975968,0.11882510013351134,0.012016021361815754,0.1059190031152648
0.13041575492341356,0.025820568927789934,0.028446389496717725,0.11072210065645514,0.01312910284463895,0.0700218818380744,0.009190371991247264,0.06564551422319474,0.014442013129102845,0.038074398249452954,0.009190371991247264,0.05864332603938731,0.19037199124726478,0.11772428884026258,0.01050328227571116,0.10765864332603939
0.1293598233995585,0.024282560706401765,0.03090507726269316,0.11125827814569536,0.013686534216335542,0.07240618101545254,0.009271523178807948,0.06534216335540839,0.013245033112582781,0.03487858719646799,0.009713024282560706,0.05827814569536424,0.19381898454746138,0.11390728476821192,0.008830022075055188,0.11081677704194261
0.1277258566978193,0.0258121940364931,0.029817534490431688,0.11615487316421896,0.01290609701824655,0.07209612817089453,0.008455718736092568,0.06586559857587895,0.012461059190031152,0.03693813974187806,0.009790832220738763,0.05696484201157098,0.19982198486871383,0.10947930574098798,0.008455718736092568,0.10725411659991099
0.12827341322680869,0.024411895250776743,0.03151353750554816,0.1083000443852641,0.013315579227696404,0.07323568575233022,0.010208610741233911,0.06480248557478917,0.012427873945849977,0.03994673768308921,0.008433200177541057,0.05814469596094097,0.1935197514425211,0.11584553928095873,0.009320905459387484,0.1083000443852641
0.12560386473429952,0.022397891963109356,0.032059727711901624,0.10847606499780413,0.014492753623188406,0.07290294246815986,0.010101010101010102,0.0663153271848924,0.014492753623188406,0.03645147123407993,0.007905138339920948,0.061484409310496264,0.1976284584980237,0.1137461572244181,0.00878348704435661,0.10715854194115064
0.12466725820763087,0.021739130434782608,0.032830523513753325,0.10825199645075421,0.013309671694764862,0.07497781721384206,0.008873114463176575,0.06566104702750665,0.016415261756876662,0.03771073646850044,0.008873114463176575,0.06078083407275954,0.20319432120674358,0.11313220940550132,0.0075421472937000885,0.10204081632653061
0.12505484861781482,0.022378236068451074,0.030276437033786747,0.10881965774462483,0.014041246160596753,0.0732777534006143,0.008775778850372971,0.06537955243527863,0.016235190873189996,0.03817463799912242,0.009214567792891619,0.06143045195261079,0.2053532250987275,0.10925844668714349,0.007898200965335674,0.10443176831943835
0.1271523178807947,0.02384105960264901,0.02781456953642384,0.11081677704194261,0.01456953642384106,0.07549668874172186,0.010596026490066225,0.06225165562913907,0.01545253863134658,0.040176600441501106,0.008830022075055188,0.06136865342163356,0.2044150110375276,0.11037527593818984,0.008830022075055188,0.09801324503311258
0.12765017667844522,0.021643109540636044,0.030035335689045935,0.10159010600706714,0.014575971731448763,0.07685512367491167,0.01060070671378092,0.0636042402826855,0.015017667844522967,0.045053003533568906,0.008392226148409895,0.05874558303886926,0.20273851590106007,0.11351590106007067,0.0088339222614841,0.10114840989399293
0.12576687116564417,0.021910604732690624,0.028921998247151623,0.10604732690622261,0.014899211218229623,0.07887817703768624,0.010955302366345312,0.05959684487291849,0.015337423312883436,0.04513584574934268,0.008764241893076249,0.05740578439964943,0.20683610867659946,0.11218229623137599,0.008326029798422436,0.09903593339176162
0.12979482604817127,0.020517395182872437,0.027653880463871544,0.10347903657448707,0.015165031222123104,0.07894736842105263,0.009812667261373774,0.06155218554861731,0.014272970561998216,0.04504906333630687,0.00936663693131133,0.05753791257805531,0.20383586083853703,0.11106155218554861,0.008920606601248885,0.10303300624442462
0.12599118942731277,0.02158590308370044,0.028193832599118944,0.10396475770925111,0.014977973568281937,0.08237885462555065,0.009251101321585903,0.059030837004405284,0.014537444933920705,0.04581497797356828,0.009691629955947136,0.053744493392070485,0.20176211453744494,0.113215859030837,0.01013215859030837,0.10572687224669604
0.1282389108476065,0.021958717610891524,0.028985507246376812,0.10496267018006149,0.013175230566534914,0.08080808080808081,0.00922266139657444,0.058410188844971456,0.014492753623188406,0.04567413263065437,0.00922266139657444,0.054457619675010976,0.20377689942907334,0.11155028546332894,0.00966183574879227,0.10540184453227931
0.12571934484285083,0.021248339973439574,0.027888446215139442,0.10934041611332448,0.012837538733953076,0.08145196989818504,0.008853474988933156,0.06330234617087206,0.015050907481186366,0.046923417441345726,0.008853474988933156,0.056219566179725546,0.20407259849490925,0.10978308986277113,0.01018149623727313,0.09827357237715803
0.12781954887218044,0.020344980097302078,0.03007518796992481,0.10835913312693499,0.013268465280849183,0.07872622733303848,0.009730207872622734,0.06678460858027421,0.014153029632905795,0.04732419283502875,0.008845643520566122,0.05749668288367979,0.20610349402919062,0.10305174701459531,0.010614772224679346,0.09730207872622733
0.12538495380554335,0.019797624285085788,0.025516937967443906,0.11526616805983282,0.013198416190057193,0.07831060272767268,0.011438627364716234,0.06555213374395072,0.014078310602727673,0.04927408710954685,0.008358996920369555,0.05807303123625165,0.20545534535855697,0.10470743510778707,0.010118785745710514,0.09546854377474703
0.12345679012345678,0.01984126984126984,0.024691358024691357,0.1146384479717813,0.012345679012345678,0.07892416225749559,0.011022927689594356,0.06657848324514991,0.01455026455026455,0.050705467372134036,0.009700176366843033,0.0582010582010582,0.20855379188712522,0.10317460317460317,0.010582010582010581,0.09303350970017636
0.12240388864339373,0.021210782147591693,0.022536456031816175,0.11312417145382236,0.01104728236853734,0.07865665046398586,0.01104728236853734,0.0684931506849315,0.012372956252761821,0.05170128148475475,0.009279717189571365,0.05612019443216969,0.20989836500220946,0.10296067167476801,0.012814847547503314,0.0963323022536456
0.1239523599470666,0.0211733568592854,0.022055580061755623,0.11380679311865902,0.011468901632112925,0.0776356418173798,0.011027790030877812,0.07013674459638289,0.011027790030877812,0.05116894574327305,0.009704455227172474,0.0564622849580944,0.21305690339655933,0.10145566828407587,0.0141155712395236,0.0917512130569034
0.12688553682342502,0.019964507542147295,0.023513753327417924,0.1095829636202307,0.011978704525288377,0.08074534161490683,0.011535048802129548,0.07009760425909495,0.01020408163265306,0.05013309671694765,0.008873114463176575,0.059006211180124224,0.21251109139307897,0.1033717834960071,0.013753327417923691,0.0878438331854481
0.12699115044247788,0.01902654867256637,0.02256637168141593,0.1163716814159292,0.010176991150442478,0.08053097345132744,0.012389380530973451,0.06769911504424779,0.009734513274336283,0.047345132743362835,0.009734513274336283,0.060619469026548675,0.2172566371681416,0.09955752212389381,0.012831858407079646,0.08716814159292036
0.13315696649029982,0.01895943562610229,0.023368606701940034,0.11331569664902998,0.01146384479717813,0.07583774250440917,0.013227513227513227,0.06305114638447971,0.010141093474426807,0.04717813051146384,0.010141093474426807,0.0564373897707231,0.22178130511463845,0.09964726631393298,0.01146384479717813,0.09082892416225749
0.13359614542268944,0.02014892685063513,0.023215067893123085,0.10906701708278581,0.010950503723171266,0.07446342531756461,0.011826544021024968,0.06263688129653965,0.010950503723171266,0.04993429697766097,0.010512483574244415,0.05781865965834428,0.22120017520805957,0.10074463425317565,0.01401664476565922,0.08891809023215068
0.13430206957287538,0.019815059445178335,0.023337736679876705,0.10920299427564949,0.012329370321444297,0.07485689123734038,0.011008366358432409,0.06605019815059446,0.011008366358432409,0.04667547335975341,0.008806693086745927,0.0603258476442096,0.22236900044033464,0.09819462791721709,0.014090708938793483,0.08762659621312198
0.1374113475177305,0.018617021276595744,0.022163120567375887,0.11214539007092199,0.012854609929078014,0.0749113475177305,0.01152482269503546,0.06604609929078015,0.010195035460992909,0.04698581560283688,0.009308510638297872,0.05895390070921986,0.22118794326241134,0.09884751773049645,0.015070921985815602,0.08377659574468085
0.1380080393032604,0.01965163019205002,0.020991514068780706,0.11076373380973649,0.014292094685127288,0.07548012505582849,0.011165698972755694,0.06788744975435462,0.011165698972755694,0.045556051808843236,0.007592675301473872,0.05895489057615007,0.22465386333184456,0.09781152300133988,0.014292094685127288,0.08173291648057168
0.1434878587196468,0.018543046357615896,0.019867549668874173,0.11125827814569536,0.01456953642384106,0.07549668874172186,0.011479028697571744,0.06490066225165562,0.011037527593818985,0.044591611479028695,0.0075055187637969095,0.058719646799116995,0.22737306843267108,0.09713024282560706,0.013245033112582781,0.08079470198675497
0.14474845542806708,0.018534863195057368,0.019417475728155338,0.11738746690203,0.01412180052956752,0.07458075904677847,0.01147396293027361,0.06398940864960283,0.011032656663724626,0.04677846425419241,0.009708737864077669,0.059576345984112974,0.21844660194174756,0.09885260370697264,0.013680494263018535,0.07766990291262135
0.14285714285714285,0.017911751856705984,0.019222367846221056,0.11751856705985146,0.015727391874180863,0.07863695937090433,0.011795543905635648,0.06072520751419834,0.011358671909130624,0.04193971166448231,0.009174311926605505,0.059851463521188294,0.22455220620358235,0.09785932721712538,0.011795543905635648,0.07907383136740935
0.14191564147627417,0.018892794376098417,0.019332161687170474,0.11379613356766256,0.013620386643233744,0.07908611599297012,0.010984182776801407,0.06107205623901582,0.011862917398945518,0.04305799648506151,0.009666080843585237,0.05799648506151142,0.23154657293497363,0.09797891036906854,0.012741652021089631,0.07644991212653779
0.14108801415302963,0.016364440513047324,0.019460415745245468,0.11543564794338788,0.015037593984962405,0.08403361344537816,0.011057054400707651,0.05926581158779301,0.010614772224679346,0.044228217602830605,0.008845643520566122,0.057938965059708095,0.22821760283060594,0.09818664307828394,0.013268465280849183,0.07695709862892526
0.13732394366197184,0.01716549295774648,0.02112676056338028,0.11883802816901408,0.014524647887323943,0.08362676056338028,0.011883802816901408,0.06205985915492958,0.011443661971830986,0.043133802816901406,0.009242957746478873,0.05941901408450704,0.22315140845070422,0.09991197183098592,0.014084507042253521,0.07306338028169014
0.14167031045037168,0.017052907739396588,0.020550940096195888,0.11805859204197638,0.01530389156099694,0.08788806296458242,0.011805859204197638,0.05596851770878881,0.01355487538259729,0.041101880192391776,0.00874508089199825,0.06034105815478793,0.2229995627459554,0.0975076519457805,0.011368605159597726,0.07608220376038478
0.14626601855943439,0.016791869200176758,0.019001325673884226,0.11356606274856386,0.015908086610693768,0.08837825894829872,0.011931064958020326,0.05788775961113566,0.013256738842244807,0.03844454264250994,0.009279717189571365,0.06407423773751657,0.22448077772867875,0.09500662836942113,0.010163499779054353,0.07556341140079541
0.1433628318584071,0.018141592920353982,0.017699115044247787,0.11991150442477876,0.015486725663716814,0.08584070796460178,0.011946902654867256,0.05353982300884956,0.01415929203539823,0.04070796460176991,0.008849557522123894,0.06283185840707965,0.22787610619469026,0.09380530973451327,0.008849557522123894,0.07699115044247788
0.1455584872471416,0.019349164467897976,0.018909410729991204,0.113896218117854,0.015391380826737027,0.0853122251539138,0.012752858399296393,0.05321020228671944,0.014072119613016711,0.04221635883905013,0.009234828496042216,0.06640281442392261,0.2260334212840809,0.09542656112576957,0.008795074758135445,0.07343887423043095
0.13925729442970822,0.01856763925729443,0.01900972590627763,0.11317418213969938,0.015030946065428824,0.08664898320070734,0.013704686118479222,0.054376657824933686,0.014588859416445624,0.042440318302387266,0.008399646330680813,0.0671971706454465,0.22767462422634838,0.09460654288240496,0.007515473032714412,0.07780725022104333
0.1448577680525164,0.018818380743982493,0.0175054704595186,0.11466083150984682,0.014442013129102845,0.08884026258205689,0.01312910284463895,0.05514223194748359,0.01487964989059081,0.038074398249452954,0.007439824945295405,0.06695842450765864,0.22450765864332603,0.09540481400437636,0.0087527352297593,0.07658643326039387
0.1517699115044248,0.018141592920353982,0.017256637168141593,0.11150442477876106,0.014601769911504425,0.08451327433628318,0.013716814159292035,0.05663716814159292,0.01415929203539823,0.03849557522123894,0.007964601769911504,0.06858407079646017,0.2234513274336283,0.09646017699115045,0.008407079646017699,0.0743362831858407
0.14806678383128294,0.01845342706502636,0.01757469244288225,0.11291739894551846,0.012741652021089631,0.08919156414762741,0.012302284710017574,0.05140597539543058,0.015377855887521968,0.03602811950790861,0.008787346221441126,0.06810193321616871,0.22495606326889278,0.09622144112478032,0.010105448154657293,0.07776801405975395
0.14474263088429387,0.01891772987241531,0.01715794104707435,0.11702595688517378,0.011878574571051475,0.08534975802903652,0.011878574571051475,0.04663440387153542,0.014958205015398152,0.03739551253849538,0.009238891333040036,0.06775186977562693,0.23141223053233612,0.09458864936207655,0.010118785745710514,0.08095028596568411
0.15042278593680464,0.016466399643969738,0.016911437472185136,0.11971517578994215,0.012461059190031152,0.08500222518914108,0.010680907877169559,0.04895416110369381,0.014241210502892745,0.03871829105473965,0.008900756564307966,0.06764574988874054,0.22474410324877614,0.09390298175344905,0.010680907877169559,0.08055184690698709
0.15391419725785052,0.01592215833701902,0.016364440513047324,0.12339672711189739,0.013710747456877488,0.08536045997346307,0.011941618752764263,0.04732419283502875,0.014153029632905795,0.03582485625829279,0.008845643520566122,0.06766917293233082,0.22556390977443608,0.09420610349402919,0.00796107916850951,0.07784166298098187
0.15787159190853123,0.016270888302550572,0.014072119613016711,0.12401055408970976,0.012313104661389622,0.08970976253298153,0.010114335971855761,0.04793315743183817,0.014072119613016711,0.036499560246262094,0.009674582233948988,0.0681618293755497,0.22691292875989447,0.09058927000879508,0.008795074758135445,0.07299912049252419
0.15333919156414763,0.017135325131810195,0.012741652021089631,0.12214411247803164,0.012302284710017574,0.08699472759226713,0.00922671353251318,0.0492091388400703,0.014059753954305799,0.038224956063268895,0.01054481546572935,0.07161687170474516,0.22539543057996486,0.09050966608084358,0.008347978910369069,0.07820738137082602
0.15555555555555556,0.016444444444444446,0.012888888888888889,0.12088888888888889,0.013333333333333334,0.08933333333333333,0.010222222222222223,0.04933333333333333,0.014666666666666666,0.04,0.010666666666666666,0.06711111111111111,0.22577777777777777,0.088,0.009333333333333334,0.07644444444444444
0.15214506855373727,0.016364440513047324,0.013268465280849183,0.1251658558160106,0.011499336576735958,0.08403361344537816,0.009730207872622734,0.04953560371517028,0.016364440513047324,0.042459088898717384,0.011057054400707651,0.06855373728438743,0.22777532065457762,0.08624502432551968,0.008845643520566122,0.07695709862892526
0.1543564794338788,0.015479876160990712,0.012826183104820876,0.12605042016806722,0.01238390092879257,0.08536045997346307,0.010172490048651039,0.04820875718708536,0.015037593984962405,0.045112781954887216,0.011057054400707651,0.06988058381247236,0.226890756302521,0.08536045997346307,0.008403361344537815,0.0734188412206988
0.16251113089937666,0.015138023152270703,0.012466607301869992,0.12733748886910062,0.01157613535173642,0.07969723953695458,0.009795191451469279,0.05253784505788068,0.015583259127337488,0.041852181656277826,0.01068566340160285,0.06812110418521816,0.22439893143365983,0.08682101513802315,0.007123775601068566,0.07435440783615316
0.15669014084507044,0.016725352112676055,0.013644366197183098,0.12411971830985916,0.01056338028169014,0.07658450704225352,0.009242957746478873,0.05017605633802817,0.01584507042253521,0.04533450704225352,0.009683098591549295,0.07086267605633803,0.22887323943661972,0.08626760563380281,0.007042253521126761,0.07834507042253522
0.1509517485613103,0.01814962372731297,0.014608233731739707,0.12616201859229748,0.011066843736166445,0.07702523240371846,0.009296148738379814,0.048251438689685705,0.016821602478972998,0.049136786188579015,0.010624169986719787,0.06905710491367861,0.22620628596724215,0.08764940239043825,0.008853474988933156,0.07613988490482515
0.15868794326241134,0.018617021276595744,0.01551418439716312,0.12588652482269502,0.011081560283687944,0.07579787234042554,0.0070921985815602835,0.04654255319148936,0.016843971631205674,0.04654255319148936,0.009308510638297872,0.0700354609929078,0.22163120567375885,0.09308510638297872,0.00975177304964539,0.07358156028368794
