C_R,C_A,C_S,C_N,D_R,D_A,D_S,D_N,Oc_R,Oc_A,Oc_S,Oc_N,Od_R,Od_A,Od_S,Od_N
0.0,0.0,0.0,0.0,1.0,0.0,0.0,0.0,0.0,0.0,0.0,0.0,0.0,0.0,0.0,0.0
0.0,0.0,0.0,0.0,0.6666666666666666,0.0,0.0,0.3333333333333333,0.0,0.0,0.0,0.0,0.0,0.0,0.0,0.0
0.0,0.25,0.0,0.0,0.5,0.0,0.0,0.25,0.0,0.0,0.0,0.0,0.0,0.0,0.0,0.0
0.0,0.25,0.25,0.0,0.25,0.0,0.0,0.25,0.0,0.0,0.0,0.0,0.0,0.0,0.0,0.0
0.0,0.25,0.25,0.0,0.0,0.0,0.0,0.375,0.0,0.0,0.125,0.0,0.0,0.0,0.0,0.0
0.0,0.09090909090909091,0.36363636363636365,0.0,0.0,0.0,0.0,0.2727272727272727,0.0,0.0,0.18181818181818182,0.0,0.0,0.0,0.09090909090909091,0.0
0.0,0.10526315789473684,0.21052631578947367,0.0,0.0,0.0,0.0,0.42105263157894735,0.0,0.0,0.15789473684210525,0.0,0.0,0.0,0.10526315789473684,0.0
0.0,0.12,0.16,0.0,0.0,0.0,0.0,0.44,0.0,0.0,0.12,0.0,0.0,0.04,0.12,0.0
0.0,0.13513513513513514,0.13513513513513514,0.0,0.0,0.0,0.0,0.4594594594594595,0.0,0.0,0.08108108108108109,0.05405405405405406,0.0,0.05405405405405406,0.08108108108108109,0.0
0.0,0.19148936170212766,0.14893617021276595,0.0,0.0,0.0,0.0,0.3829787234042553,0.0,0.0,0.06382978723404255,0.06382978723404255,0.0,0.0851063829787234,0.06382978723404255,0.0
0.0,0.21428571428571427,0.11428571428571428,0.02857142857142857,0.0,0.0,0.0,0.38571428571428573,0.0,0.0,0.02857142857142857,0.08571428571428572,0.0,0.08571428571428572,0.05714285714285714,0.0
0.0,0.23655913978494625,0.06451612903225806,0.043010752688172046,0.010752688172043012,0.010752688172043012,0.0,0.3870967741935484,0.0,0.0,0.03225806451612903,0.08602150537634409,0.021505376344086023,0.06451612903225806,0.043010752688172046,0.0
0.0,0.21487603305785125,0.06611570247933884,0.05785123966942149,0.008264462809917356,0.008264462809917356,0.0,0.3884297520661157,0.0,0.0,0.03305785123966942,0.0743801652892562,0.03305785123966942,0.08264462809917356,0.03305785123966942,0.0
0.0,0.20833333333333334,0.06547619047619048,0.07738095238095238,0.005952380952380952,0.017857142857142856,0.0,0.36904761904761907,0.0,0.0,0.02976190476190476,0.05952380952380952,0.047619047619047616,0.10119047619047619,0.017857142857142856,0.0
0.0,0.19090909090909092,0.05909090909090909,0.1,0.004545454545454545,0.013636363636363636,0.0,0.36818181818181817,0.0,0.004545454545454545,0.02727272727272727,0.05909090909090909,0.05909090909090909,0.1,0.013636363636363636,0.0
0.0,0.18772563176895307,0.06498194945848375,0.11191335740072202,0.0036101083032490976,0.018050541516245487,0.0,0.34296028880866425,0.0,0.0036101083032490976,0.02527075812274368,0.061371841155234655,0.06498194945848375,0.10469314079422383,0.010830324909747292,0.0
0.002881844380403458,0.16714697406340057,0.07492795389048991,0.12968299711815562,0.005763688760806916,0.020172910662824207,0.002881844380403458,0.33429394812680113,0.0,0.002881844380403458,0.025936599423631124,0.06051873198847262,0.08357348703170028,0.08357348703170028,0.005763688760806916,0.0
0.004705882352941176,0.16705882352941176,0.07058823529411765,0.1388235294117647,0.011764705882352941,0.023529411764705882,0.007058823529411765,0.3035294117647059,0.0,0.002352941176470588,0.018823529411764704,0.07058823529411765,0.09176470588235294,0.08470588235294117,0.004705882352941176,0.0
0.003816793893129771,0.16603053435114504,0.061068702290076333,0.15648854961832062,0.011450381679389313,0.03244274809160305,0.0057251908396946565,0.29770992366412213,0.0,0.0019083969465648854,0.015267175572519083,0.0648854961832061,0.09351145038167939,0.08587786259541985,0.003816793893129771,0.0
0.004746835443037975,0.17088607594936708,0.056962025316455694,0.1518987341772152,0.00949367088607595,0.0379746835443038,0.007911392405063292,0.2689873417721519,0.0031645569620253164,0.0031645569620253164,0.014240506329113924,0.07436708860759493,0.10917721518987342,0.08227848101265822,0.004746835443037975,0.0
0.005457025920873124,0.16098226466575716,0.04638472032742155,0.16371077762619374,0.004092769440654843,0.03956343792633015,0.0068212824010914054,0.27148703956343795,0.004092769440654843,0.001364256480218281,0.01227830832196453,0.0723055934515689,0.11732605729877217,0.09004092769440655,0.004092769440654843,0.0
0.006872852233676976,0.15349369988545247,0.043528064146620846,0.14776632302405499,0.003436426116838488,0.049255441008018326,0.0057273768613974796,0.27033218785796104,0.004581901489117984,0.002290950744558992,0.011454753722794959,0.07674684994272624,0.12371134020618557,0.09621993127147767,0.002290950744558992,0.002290950744558992
0.008832188420019628,0.15407262021589793,0.040235525024533855,0.14720314033366044,0.001962708537782139,0.05103042198233562,0.004906771344455349,0.26594700686947986,0.002944062806673209,0.001962708537782139,0.008832188420019628,0.0775269872423945,0.14033366045142295,0.08832188420019627,0.004906771344455349,0.0009813542688910696
0.00950734658599827,0.14693171996542784,0.037165082108902334,0.14174589455488332,0.001728608470181504,0.05704407951598963,0.0025929127052722557,0.2627484874675886,0.00432152117545376,0.0025929127052722557,0.007778738115816767,0.07778738115816768,0.15038893690579083,0.09248055315471046,0.0025929127052722557,0.0025929127052722557
0.010069713400464756,0.15646785437645236,0.03408210689388071,0.1409759876065066,0.0023237800154918666,0.05809450038729667,0.003098373353989156,0.25484120836560803,0.006196746707978312,0.001549186676994578,0.006971340046475601,0.07281177381874517,0.15491866769945778,0.09140201394268009,0.0023237800154918666,0.0038729666924864447
0.009648518263266712,0.14541695382494832,0.03445899379738112,0.14541695382494832,0.004135079255685734,0.05513439007580979,0.0034458993797381117,0.2584424534803584,0.005513439007580979,0.0013783597518952446,0.006891798759476223,0.07994486560992418,0.1536871123363198,0.08890420399724328,0.002067539627842867,0.005513439007580979
0.008788449466415568,0.15254237288135594,0.02824858757062147,0.14375392341494037,0.006277463904582548,0.053358443188951665,0.003766478342749529,0.24984306340238543,0.004394224733207784,0.0012554927809165098,0.006277463904582548,0.07909604519774012,0.16446955430006277,0.0903954802259887,0.0018832391713747645,0.005649717514124294
0.009065155807365438,0.14957507082152974,0.029461756373937678,0.14277620396600565,0.006232294617563739,0.06005665722379604,0.00396600566572238,0.23796033994334279,0.004532577903682719,0.0016997167138810198,0.0056657223796034,0.07592067988668555,0.17223796033994335,0.09291784702549576,0.0016997167138810198,0.006232294617563739
0.01193058568329718,0.14967462039045554,0.027114967462039046,0.1393709327548807,0.006507592190889371,0.06399132321041215,0.0021691973969631237,0.23481561822125813,0.00596529284164859,0.0016268980477223427,0.00596529284164859,0.0737527114967462,0.17841648590021691,0.09002169197396963,0.0016268980477223427,0.0070498915401301515
0.011282051282051283,0.15025641025641026,0.026153846153846153,0.13794871794871794,0.007692307692307693,0.06871794871794872,0.002564102564102564,0.23692307692307693,0.005128205128205128,0.0041025641025641026,0.004615384615384616,0.07230769230769231,0.17487179487179488,0.0882051282051282,0.0020512820512820513,0.0071794871794871795
0.011175898931000973,0.14723032069970846,0.024295432458697766,0.13556851311953352,0.00826044703595724,0.06365403304178814,0.0029154518950437317,0.23226433430515064,0.00826044703595724,0.007288629737609329,0.003887269193391642,0.0738581146744412,0.17881438289601556,0.09183673469387756,0.0024295432458697765,0.00826044703595724
0.011336797354747285,0.1478507321681625,0.024090694378837978,0.1365139348134152,0.008974964572508267,0.06424185167690127,0.0023618327822390174,0.22626358053849788,0.00803023145961266,0.008502598016060462,0.004251299008030231,0.06613131790269249,0.1889466225791214,0.0930562116202173,0.0023618327822390174,0.007085498346717053
0.012184115523465704,0.14620938628158844,0.02572202166064982,0.13673285198555957,0.009025270758122744,0.06543321299638989,0.0013537906137184115,0.23014440433212996,0.009025270758122744,0.009927797833935019,0.004061371841155234,0.0582129963898917,0.18953068592057762,0.09250902527075812,0.00315884476534296,0.006768953068592058
0.012715712988192553,0.14577656675749318,0.02452316076294278,0.13669391462306993,0.009536784741144414,0.06267029972752043,0.0027247956403269754,0.22343324250681199,0.009990917347865577,0.01044504995458674,0.005449591280653951,0.06403269754768393,0.19118982742960944,0.09037238873751136,0.003178928247048138,0.007266121707538601
0.014446952595936794,0.145372460496614,0.024830699774266364,0.1327313769751693,0.009932279909706547,0.062302483069977425,0.002257336343115124,0.2270880361173815,0.011738148984198645,0.011286681715575621,0.007674943566591422,0.0600451467268623,0.19187358916478556,0.08758465011286681,0.0036117381489841984,0.007223476297968397
0.014420910319963948,0.14420910319963948,0.023433979269941414,0.13474538080216314,0.010815682739972961,0.0644434429923389,0.0031545741324921135,0.2149616944569626,0.013519603424966201,0.013519603424966201,0.0067598017124831005,0.06219017575484453,0.19333032897701669,0.0878774222622803,0.004957187922487607,0.0076611086074808476
0.016599371915657246,0.14221624046657694,0.021982951996410947,0.13144908030506955,0.010767160161507403,0.06684611933602512,0.0031404217137729925,0.21399730820995963,0.014356213548676536,0.013907581875280395,0.00762673844773441,0.06415432929564828,0.19201435621354868,0.08793180798564379,0.004486316733961417,0.008524001794526694
0.018287243532560213,0.1391614629794826,0.02408563782337199,0.13247100802854594,0.011150758251561105,0.06601248884924175,0.0031222123104371097,0.211864406779661,0.013826940231935772,0.014719000892060661,0.007582515611061552,0.06199821587867975,0.19402319357716324,0.09099018733273863,0.003568242640499554,0.007136485280999108
0.01730257320319432,0.13620230700976044,0.023513753327417924,0.12866015971606035,0.013753327417923691,0.06876663708961846,0.0048802129547471165,0.21517302573203195,0.013753327417923691,0.015971606033717833,0.00709849157054126,0.06078083407275954,0.19165927240461403,0.08917480035492457,0.0048802129547471165,0.008429458740017746
0.017982456140350878,0.13026315789473683,0.02412280701754386,0.1307017543859649,0.013596491228070176,0.0706140350877193,0.005263157894736842,0.21140350877192982,0.012719298245614035,0.015789473684210527,0.0061403508771929825,0.06359649122807018,0.19298245614035087,0.09210526315789473,0.004824561403508772,0.007894736842105263
0.020166593599298552,0.12757562472599737,0.024550635686102586,0.131521262604121,0.013590530469092503,0.07145988601490574,0.006137658921525646,0.2073651907058308,0.013590530469092503,0.01797457255589654,0.0070144673388864535,0.05830775975449364,0.19465146865409907,0.09425690486628671,0.004384042086804033,0.007452871547566856
0.0210896309314587,0.12478031634446397,0.02328646748681898,0.12302284710017575,0.01625659050966608,0.07073813708260106,0.0057117750439367315,0.20826010544815465,0.013181019332161687,0.01845342706502636,0.006590509666080844,0.06107205623901582,0.1968365553602812,0.09666080843585237,0.005272407732864675,0.008787346221441126
0.02280701754385965,0.12631578947368421,0.02543859649122807,0.125,0.015350877192982455,0.06885964912280702,0.0043859649122807015,0.20657894736842106,0.012280701754385965,0.018859649122807017,0.005701754385964913,0.060526315789473685,0.19736842105263158,0.09429824561403509,0.005701754385964913,0.010526315789473684
0.022348816827344433,0.12182296231375986,0.024101665205959685,0.11919368974583698,0.015775635407537247,0.07318141980718668,0.0052585451358457495,0.2072743207712533,0.010955302366345312,0.018843120070113933,0.0056967572304995615,0.06091148115687993,0.19938650306748465,0.09772129710780017,0.007011393514460999,0.010517090271691499
0.023925564909171467,0.11918475852902083,0.024368630926007974,0.12140008861320337,0.015507310589277802,0.07221976074435091,0.00664599025254763,0.20558263181214,0.0101905183872397,0.01993797075764289,0.007532122286220647,0.06202924235711121,0.20159503766061143,0.09348692955250332,0.006202924235711121,0.0101905183872397
0.02543859649122807,0.11578947368421053,0.02236842105263158,0.11929824561403508,0.015350877192982455,0.07456140350877193,0.007017543859649123,0.20877192982456141,0.009649122807017544,0.019736842105263157,0.0061403508771929825,0.06184210526315789,0.20789473684210527,0.0881578947368421,0.007017543859649123,0.010964912280701754
0.025355871886120998,0.11076512455516015,0.02224199288256228,0.1201067615658363,0.014234875444839857,0.074288256227758,0.008896797153024912,0.20685053380782917,0.01112099644128114,0.02090747330960854,0.0071174377224199285,0.059163701067615655,0.20551601423487545,0.09386120996441281,0.00800711743772242,0.011565836298932384
0.022055580061755623,0.10101455668284076,0.020732245258050286,0.12307013674459638,0.014556682840758712,0.0780767534186149,0.008381120423467137,0.20379355977062197,0.011027790030877812,0.020732245258050286,0.0066166740185266875,0.061314512571680635,0.21438023820026467,0.09395677106307895,0.00882223202470225,0.011468901632112925
0.026625927542557836,0.09646442601484068,0.01920558707987778,0.1204714098646879,0.012658227848101266,0.07813182016586644,0.008729812309035356,0.20515058926233087,0.010912265386294195,0.02400698384984723,0.006110868616324749,0.05718027062418158,0.21911828895678742,0.09646442601484068,0.008293321693583587,0.010475774770842427
0.027900797165633304,0.09521700620017715,0.02037201062887511,0.12400354295837024,0.011514614703277236,0.07971656333038087,0.007528786536758193,0.20150575730735165,0.011071744906997343,0.023914968999114262,0.006200177147918512,0.0566873339238264,0.22276350752878654,0.091674047829938,0.007528786536758193,0.012400354295837024
0.027888446215139442,0.0934041611332448,0.021248339973439574,0.12084993359893759,0.01239486498450642,0.07835325365205843,0.00796812749003984,0.19477644975652944,0.01018149623727313,0.02390438247011952,0.005312084993359893,0.05976095617529881,0.22576361221779548,0.09827357237715803,0.00619743249225321,0.013722886232846392
0.027348919276576972,0.09307454786060873,0.020732245258050286,0.12174680194089105,0.014556682840758712,0.08425231583590649,0.0070577856197618,0.19673577415086016,0.011027790030877812,0.02337891486546096,0.00529333921482135,0.05910895456550507,0.21879135421261578,0.0952801058667843,0.00529333921482135,0.016321129245699163
0.02904204594711747,0.09362808842652796,0.01907238838318162,0.11833550065019506,0.013003901170351105,0.08712613784135241,0.005635023840485479,0.1907238838318162,0.009102730819245773,0.025140875596012136,0.006068487212830516,0.06241872561768531,0.22149978326831382,0.09622886866059818,0.004768097095795405,0.018205461638491547
0.030168589174800354,0.08961845607808341,0.01774622892635315,0.11845607808340727,0.012422360248447204,0.08740017746228926,0.005767524401064774,0.18722271517302574,0.009316770186335404,0.02839396628216504,0.006211180124223602,0.06255545696539486,0.22759538598047915,0.09494232475598935,0.005323868677905945,0.01685891748003549
0.028985507246376812,0.08827404479578392,0.018884497145366712,0.12077294685990338,0.012296881862099254,0.08607817303469477,0.006148440931049627,0.19104084321475626,0.00878348704435661,0.029863855950812472,0.005709266578831796,0.061923583662714096,0.22134387351778656,0.09574000878348704,0.005270092226613966,0.018884497145366712
0.030831099195710455,0.08310991957104558,0.019213583556747096,0.1193029490616622,0.012064343163538873,0.0840035746201966,0.006255585344057194,0.18945487042001788,0.009830205540661306,0.029490616621983913,0.005361930294906166,0.06300268096514745,0.22654155495978553,0.09204647006255585,0.006702412868632708,0.022788203753351208
0.03184431667403804,0.07961079168509509,0.019902697921273773,0.11853162317558602,0.012826183104820876,0.0804953560371517,0.005749668288367979,0.18620079610791684,0.008403361344537815,0.03007518796992481,0.005307386112339673,0.06147722246793454,0.232640424590889,0.09553295002211411,0.007518796992481203,0.023883237505528527
0.03142983621071271,0.07613988490482515,0.019477644975652943,0.11952191235059761,0.012837538733953076,0.0818946436476317,0.00619743249225321,0.18016821602478972,0.007525453740593183,0.029659141212926073,0.005312084993359893,0.06551571491810536,0.23107569721115537,0.099601593625498,0.008853474988933156,0.02478972996901284
0.029398859148749453,0.0732777534006143,0.018429135585783237,0.11759543659499781,0.012724879333040808,0.08029837648091268,0.006581834137779728,0.1882404563405002,0.008336989907854322,0.03247038174637999,0.004826678367705134,0.060991663010092144,0.23475208424747696,0.10004387889425187,0.008336989907854322,0.02369460289600702
0.027099067081297203,0.0693025322079076,0.019546868058640605,0.11683696135051089,0.01332741003998223,0.08529542425588628,0.006663705019991115,0.18836072856508218,0.009329187027987561,0.03509551310528654,0.006663705019991115,0.060417592181252776,0.23767214571301643,0.09107063527321191,0.00888494002665482,0.024433585073300755
0.028966131907308377,0.06951871657754011,0.016042780748663103,0.12121212121212122,0.012477718360071301,0.08600713012477719,0.005793226381461676,0.18449197860962566,0.010249554367201427,0.03163992869875223,0.0066844919786096255,0.059714795008912656,0.2410873440285205,0.09180035650623886,0.008021390374331552,0.026292335115864526
0.030196936542669583,0.06783369803063458,0.018380743982494528,0.12253829321663019,0.014442013129102845,0.08358862144420132,0.006564551422319475,0.18161925601750548,0.010065645514223195,0.030634573304157548,0.006564551422319475,0.05864332603938731,0.23894967177242887,0.0962800875273523,0.00787746170678337,0.025820568927789934
0.03188662533215235,0.06111603188662533,0.01904340124003543,0.12533215234720993,0.012843224092116917,0.08591674047829938,0.006643046944198406,0.17891939769707707,0.010628875110717449,0.03365810451727192,0.006200177147918512,0.061558901682905225,0.23604960141718334,0.09388839681133747,0.00841452612931798,0.027900797165633304
0.031933508311461065,0.0594925634295713,0.020122484689413824,0.1242344706911636,0.013560804899387576,0.09011373578302712,0.0074365704286964126,0.17672790901137359,0.010498687664041995,0.031496062992125984,0.006561679790026247,0.06124234470691164,0.2379702537182852,0.09361329833770779,0.0074365704286964126,0.027559055118110236
0.031346578366445915,0.05739514348785872,0.018101545253863136,0.12185430463576159,0.01456953642384106,0.08520971302428255,0.0075055187637969095,0.17969094922737308,0.010596026490066225,0.031788079470198675,0.0075055187637969095,0.060927152317880796,0.2379690949227373,0.09713024282560706,0.008830022075055188,0.029580573951434878
0.03195739014647137,0.056369285397248114,0.017310252996005325,0.12072791833111407,0.013759431868619618,0.0821127385707945,0.007989347536617843,0.1744340878828229,0.010652463382157125,0.032845095428317796,0.007101642254771416,0.06391478029294274,0.23923657345761207,0.09986684420772303,0.010208610741233911,0.03151353750554816
0.034618755477651184,0.05390008764241893,0.016652059596844872,0.12138475021910605,0.013584574934268186,0.08238387379491674,0.008326029798422436,0.17484662576687116,0.010955302366345312,0.031113058720420684,0.006134969325153374,0.06266432953549518,0.24408413672217352,0.09772129710780017,0.010517090271691499,0.031113058720420684
0.03437637725870427,0.052886734244160426,0.01630674305861613,0.11679153812252094,0.012780960775672102,0.08594094314676069,0.00881445570736007,0.17893345085940943,0.010577346848832084,0.02864698104892023,0.007933010136624064,0.061260467166152494,0.24592331423534597,0.0987219039224328,0.010136624063464082,0.02996914940502424
0.036579991185544294,0.05112384310268841,0.01630674305861613,0.11723226090788894,0.011458792419568091,0.08902600264433672,0.00881445570736007,0.18245923314235346,0.011899515204936095,0.03305420890260027,0.007933010136624064,0.06346408109299251,0.23666813574261789,0.09343323049801674,0.011458792419568091,0.02908770383428823
0.035555555555555556,0.051111111111111114,0.016444444444444446,0.11244444444444444,0.009777777777777778,0.09066666666666667,0.008,0.1831111111111111,0.012444444444444444,0.03288888888888889,0.008444444444444444,0.06266666666666666,0.2431111111111111,0.09288888888888888,0.012,0.028444444444444446
0.0379021595416483,0.050683120317320404,0.01498457470251212,0.11062141912736889,0.009255178492728075,0.08638166593212869,0.00881445570736007,0.18378140149845748,0.011458792419568091,0.03393565447333627,0.007933010136624064,0.06170118995152049,0.24416042309387395,0.09519612163948876,0.012780960775672102,0.030409872190392245
0.0367094206103494,0.04643962848297214,0.015037593984962405,0.11764705882352941,0.009730207872622734,0.0875718708536046,0.009730207872622734,0.1760283060592658,0.011941618752764263,0.034055727554179564,0.007518796992481203,0.06413091552410438,0.2476780185758514,0.09287925696594428,0.011941618752764263,0.030959752321981424
0.03683976919662672,0.0426098535286285,0.014647137150466045,0.11762094984465157,0.011984021304926764,0.08344429649356414,0.01154016866400355,0.17709720372836218,0.013315579227696404,0.03817132711939636,0.00887705281846427,0.06258322237017311,0.25033288948069243,0.09187749667110519,0.010652463382157125,0.028406569019085663
0.03677447939743022,0.04253433761630483,0.013735046521931768,0.11829862649534781,0.012405848471422242,0.08551174124944617,0.011076650420912717,0.17058041648205582,0.013735046521931768,0.03633141338059371,0.008861320336730172,0.06380150642445724,0.2583074878156845,0.09171466548515729,0.010633584404076208,0.0256978289765175
0.03894967177242888,0.03982494529540481,0.013566739606126914,0.11947483588621444,0.01400437636761488,0.08315098468271334,0.010940919037199124,0.17067833698030635,0.013566739606126914,0.036323851203501095,0.0087527352297593,0.059956236323851206,0.262144420131291,0.09102844638949671,0.01050328227571116,0.027133479212253828
0.04073410922112802,0.03670546105640107,0.011638316920322292,0.11996418979409132,0.012533572068039392,0.0819158460161146,0.010295434198746643,0.17905102954341987,0.012085944494180842,0.03760071620411817,0.009400179051029543,0.06042972247090421,0.26275738585496866,0.08818263205013428,0.009847806624888093,0.02685765443151298
0.04186866460996033,0.03349493168796827,0.012780960775672102,0.12031732040546496,0.012780960775672102,0.07977082415160863,0.011458792419568091,0.17055971793741737,0.011899515204936095,0.03437637725870427,0.010136624063464082,0.061260467166152494,0.26928162185985016,0.08902600264433672,0.010136624063464082,0.030850594975760245
0.03729706011408512,0.03203159280386134,0.01228609039052216,0.11978938130759105,0.01228609039052216,0.08117595436594997,0.011408512505484861,0.17683194383501535,0.013163668275559455,0.03422553751645459,0.010530934620447565,0.06450197455024133,0.26897762176393153,0.08644142167617376,0.008336989907854322,0.030715225976305396
0.037444933920704845,0.032158590308370046,0.01145374449339207,0.11938325991189427,0.012334801762114538,0.08193832599118943,0.012334801762114538,0.17224669603524229,0.014537444933920705,0.03832599118942731,0.01013215859030837,0.06343612334801763,0.2696035242290749,0.08546255506607929,0.008370044052863436,0.030837004405286344
0.03851261620185923,0.03054448871181939,0.011509517485613104,0.11819389110225764,0.011509517485613104,0.07791057990261177,0.012837538733953076,0.17220008853474988,0.01416555998229305,0.03629924745462594,0.009738822487826471,0.06684373616644533,0.2718016821602479,0.08410801239486498,0.009296148738379814,0.034528552456839307
0.040807371654234315,0.030276437033786747,0.009653356735410267,0.12461605967529618,0.011408512505484861,0.08029837648091268,0.010530934620447565,0.17419921017990347,0.012724879333040808,0.03992979376919702,0.009653356735410267,0.06143045195261079,0.2702939885914875,0.08117595436594997,0.009214567792891619,0.03378674857393594
0.04194260485651214,0.029580573951434878,0.009713024282560706,0.12141280353200883,0.009713024282560706,0.08035320088300221,0.009713024282560706,0.17262693156732892,0.012362030905077263,0.04105960264900662,0.009713024282560706,0.06269315673289183,0.27770419426048565,0.07682119205298013,0.008388520971302429,0.03620309050772627
0.042693661971830985,0.030369718309859156,0.01056338028169014,0.125,0.011003521126760563,0.07658450704225352,0.008802816901408451,0.16857394366197184,0.014084507042253521,0.03873239436619718,0.009683098591549295,0.06734154929577464,0.27420774647887325,0.0801056338028169,0.007482394366197183,0.03477112676056338
0.04051078819903126,0.028621752531924262,0.010568031704095112,0.12417437252311757,0.011448701012769706,0.07441655658300309,0.008806693086745927,0.16732716864817263,0.01453104359313078,0.04051078819903126,0.010568031704095112,0.06957287538529282,0.2752091589608102,0.08190224570673713,0.0066050198150594455,0.03522677234698371
0.04236540158870256,0.025154457193292144,0.011915269196822596,0.12003530450132392,0.010150044130626656,0.07722859664607237,0.009267431597528684,0.16813768755516328,0.01412180052956752,0.04324801412180053,0.011032656663724626,0.07281553398058252,0.27537511032656664,0.07766990291262135,0.008384819064430714,0.03309796999117388
0.04382120946538125,0.024101665205959685,0.011831726555652936,0.12620508326029797,0.010517090271691499,0.07537248028045573,0.008326029798422436,0.16389132340052587,0.014022787028921999,0.044697633654688866,0.010955302366345312,0.07274320771253287,0.27607361963190186,0.0740578439964943,0.009202453987730062,0.03418054338299737
0.04745166959578207,0.022847100175746926,0.011423550087873463,0.1234622144112478,0.008347978910369069,0.07601054481546574,0.007029876977152899,0.16212653778558875,0.013181019332161687,0.04130052724077329,0.010105448154657293,0.07469244288224956,0.2789982425307557,0.07864674868189807,0.009666080843585237,0.03471001757469244
0.05214723926380368,0.02147239263803681,0.010078878177037686,0.12050832602979843,0.008764241893076249,0.07581069237510955,0.007887817703768623,0.16082383873794917,0.012269938650306749,0.04382120946538125,0.010955302366345312,0.07493426818580193,0.27957931638913236,0.07843996494303243,0.010078878177037686,0.03242769500438212
0.05033112582781457,0.018984547461368653,0.010596026490066225,0.12538631346578366,0.008830022075055188,0.07461368653421634,0.007947019867549669,0.1629139072847682,0.012362030905077263,0.045916114790286976,0.011479028697571744,0.0781456953642384,0.2763796909492274,0.07593818984547461,0.009713024282560706,0.030463576158940398
0.05093600348280366,0.01872006965607314,0.00957771005659556,0.12276882890727035,0.00827165868524162,0.07488027862429256,0.00783630822812364,0.16064431867653461,0.012189812799303439,0.045276447540269917,0.0108837614279495,0.07792773182411841,0.28123639529821504,0.07879843273835438,0.00957771005659556,0.030474531998258596
0.053144375553587246,0.019929140832595216,0.011071744906997343,0.12311780336581045,0.00841452612931798,0.07661647475642161,0.007528786536758193,0.15810451727192207,0.012400354295837024,0.04428697962798937,0.012843224092116917,0.0775022143489814,0.27900797165633306,0.07838795394154119,0.007971656333038087,0.02967227635075288
0.05408970976253298,0.020228671943711522,0.010993843447669306,0.12049252418645559,0.008355321020228672,0.07695690413368514,0.007475813544415127,0.15875109938434476,0.012313104661389622,0.04177660510114336,0.012752858399296393,0.07563764291996482,0.28408091468777485,0.0773966578715919,0.008795074758135445,0.02990325417766051
0.05137289636846767,0.022143489813994686,0.008857395925597875,0.12488928255093003,0.007528786536758193,0.07838795394154119,0.005314437555358724,0.15234720992028344,0.011514614703277236,0.04030115146147033,0.012843224092116917,0.07528786536758193,0.2883082373782108,0.08015943312666077,0.008857395925597875,0.03188662533215235
0.05223550243470562,0.02213368747233289,0.006640106241699867,0.1301460823373174,0.00796812749003984,0.08100929614873838,0.00619743249225321,0.15139442231075698,0.01239486498450642,0.038955289951305885,0.01018149623727313,0.07481186365648516,0.2872952633908809,0.08056662239929172,0.008410801239486499,0.029659141212926073
0.052307692307692305,0.0210989010989011,0.007912087912087912,0.12923076923076923,0.008791208791208791,0.07692307692307693,0.004835164835164835,0.15296703296703296,0.01098901098901099,0.03956043956043956,0.009230769230769232,0.07428571428571429,0.2927472527472528,0.08043956043956044,0.008351648351648353,0.03032967032967033
0.054788418708240534,0.022271714922048998,0.0066815144766146995,0.1242761692650334,0.0071269487750556795,0.0775055679287305,0.004899777282850779,0.15278396436525613,0.011581291759465479,0.03964365256124722,0.0075723830734966595,0.07661469933184856,0.2979955456570156,0.08062360801781737,0.0075723830734966595,0.028062360801781736
0.05423280423280423,0.021164021164021163,0.006172839506172839,0.12654320987654322,0.007936507936507936,0.07936507936507936,0.004409171075837742,0.14858906525573193,0.01146384479717813,0.03880070546737213,0.007495590828924162,0.07627865961199294,0.2993827160493827,0.07804232804232804,0.009259259259259259,0.030864197530864196
0.05407762756214566,0.0226777147841256,0.005233318796336677,0.12996075010902747,0.007413868294810292,0.07806367204535543,0.0065416484954208464,0.14827736589620585,0.011774967291757523,0.04143044047099869,0.00872219799389446,0.0776275621456607,0.29044919319668555,0.0793720017444396,0.008286088094199739,0.03009158307893589
0.05472197705207414,0.022506619593998235,0.0048543689320388345,0.12753751103265668,0.00617828773168579,0.0825242718446602,0.00706090026478376,0.14783759929390997,0.01235657546337158,0.04324801412180053,0.009267431597528684,0.07766990291262135,0.2908208296557811,0.07722859664607237,0.008384819064430714,0.027802294792586054
0.052930883639545054,0.023622047244094488,0.005686789151356081,0.12817147856517935,0.008311461067366578,0.08223972003499562,0.006124234470691163,0.14829396325459318,0.011811023622047244,0.04199475065616798,0.010061242344706912,0.07655293088363954,0.2922134733158355,0.07436570428696412,0.007874015748031496,0.02974628171478565
0.056712450155073105,0.02259636685866194,0.0057598582188746125,0.1329198050509526,0.00930438635356668,0.08063801506424458,0.005316792202038104,0.14665485157288435,0.011076650420912717,0.03987594151528578,0.010633584404076208,0.07487815684536996,0.2862206468763846,0.07709348692955251,0.00930438635356668,0.031014621178555603
0.06053910737958462,0.02209456473707468,0.005302695536897923,0.1316836058329651,0.008837825894829872,0.0764471939902784,0.005302695536897923,0.1449403446752099,0.011931064958020326,0.04021210782147592,0.01104728236853734,0.0764471939902784,0.28546177640300485,0.07865665046398586,0.009279717189571365,0.031816173221387536
0.060114085125054846,0.022378236068451074,0.005265467310223783,0.12900394910048266,0.008336989907854322,0.0776656428258008,0.007459412022817025,0.14611671785870997,0.011408512505484861,0.03817463799912242,0.010969723562966213,0.07722685388328214,0.28609039052215884,0.07985958753839403,0.008775778850372971,0.031154014918824045
0.06125166444740346,0.02130492676431425,0.005326231691078562,0.13093652907234798,0.009320905459387484,0.08078118064802485,0.007101642254771416,0.14913448735019974,0.011984021304926764,0.037283621837549935,0.011984021304926764,0.07412339103417666,0.28539724811362627,0.07723035952063914,0.006213936972924989,0.03062583222370173
0.06211453744493392,0.020704845814977973,0.005726872246696035,0.13392070484581498,0.00881057268722467,0.08325991189427313,0.007488986784140969,0.14537444933920704,0.011013215859030838,0.038766519823788544,0.01013215859030837,0.07312775330396476,0.28370044052863436,0.07929515418502203,0.005726872246696035,0.030837004405286344
0.06307090039147456,0.020008699434536755,0.006089604175728578,0.1322314049586777,0.009134406263592866,0.0830795998260113,0.006959547629404089,0.14919530230535016,0.011309264897781644,0.04132231404958678,0.009134406263592866,0.07003044802087864,0.28708133971291866,0.07698999565028274,0.005219660722053067,0.029143105698129623
0.06713780918727916,0.018109540636042403,0.007508833922261484,0.1356007067137809,0.0088339222614841,0.0799469964664311,0.007067137809187279,0.14796819787985865,0.01060070671378092,0.04019434628975265,0.010159010600706713,0.07022968197879859,0.29019434628975266,0.07332155477031801,0.00530035335689046,0.02782685512367491
0.06573181419807186,0.01971954425942156,0.006573181419807186,0.13540753724802804,0.007887817703768623,0.08063102541630149,0.006573181419807186,0.14899211218229624,0.009640666082383873,0.04119193689745837,0.010078878177037686,0.06792287467134094,0.2887817703768624,0.07712532865907099,0.0056967572304995615,0.028045574057843997
0.06433007985803017,0.02129547471162378,0.005767524401064774,0.1326530612244898,0.0075421472937000885,0.08074534161490683,0.005323868677905945,0.1495119787045253,0.01020408163265306,0.0417036379769299,0.011535048802129548,0.06743566992014197,0.2950310559006211,0.0740905057675244,0.005767524401064774,0.027062999112688554
0.06557377049180328,0.01905183872396987,0.003987594151528578,0.13469206911829862,0.007532122286220647,0.07532122286220647,0.005316792202038104,0.15019937970757644,0.010633584404076208,0.04164820558263181,0.01329198050509526,0.06823216659282233,0.2968542312804608,0.07443509082853345,0.006202924235711121,0.02702702702702703
0.06478624944909651,0.018069634200088145,0.003966505068312032,0.1361833406787131,0.008373732921992068,0.07888937858087264,0.005288673424416042,0.14720141031291317,0.009695901278096077,0.044072278536800354,0.013221683561040106,0.07139709122961657,0.29484354341119434,0.06963420008814455,0.006610841780520053,0.027765535478184222
0.06812110418521816,0.016918967052537846,0.004007123775601068,0.13891362422083706,0.008459483526268923,0.07390917186108638,0.005342831700801425,0.1464826357969724,0.010240427426536063,0.04452359750667854,0.013357079252003561,0.0730186999109528,0.29385574354407834,0.06812110418521816,0.007569011576135352,0.02715939447907391
0.07102148180622533,0.016659359929855327,0.004822446295484437,0.13809732573432704,0.008768084173608066,0.07672073651907059,0.005699254712845244,0.1442349846558527,0.010083296799649276,0.04778605874616396,0.013590530469092503,0.06970626918018413,0.2919772029811486,0.06663743971942131,0.00657606313020605,0.02761946514686541
0.07726465364120781,0.017317939609236235,0.0066607460035523975,0.14031971580817051,0.008880994671403197,0.07149200710479574,0.005772646536412078,0.14342806394316163,0.012433392539964476,0.04840142095914742,0.013321492007104795,0.06705150976909414,0.28907637655417406,0.06571936056838366,0.0066607460035523975,0.026198934280639432
0.0764163372859025,0.01756697408871322,0.006148440931049627,0.13965744400527008,0.010540184453227932,0.07202459376372419,0.004830917874396135,0.1383399209486166,0.010979358805445762,0.04962670180061485,0.012736056214317084,0.06982872200263504,0.29117259552042163,0.06368028107158542,0.007026789635485288,0.029424681598594644
0.07980599647266313,0.015873015873015872,0.004409171075837742,0.14329805996472664,0.010141093474426807,0.06790123456790123,0.0048500881834215165,0.13624338624338625,0.01146384479717813,0.05026455026455026,0.013668430335097001,0.07054673721340388,0.28880070546737213,0.06525573192239859,0.006172839506172839,0.03130511463844797
0.08148804251550044,0.016386182462356066,0.005757307351638618,0.13640389725420726,0.010186005314437556,0.06465899025686449,0.005314437555358724,0.13773250664304695,0.011514614703277236,0.053144375553587246,0.0141718334809566,0.06775907883082374,0.28786536758193093,0.06908768821966342,0.0070859167404783,0.031443755535872454
0.08392539964476022,0.015541740674955595,0.006216696269982238,0.13676731793960922,0.011101243339253997,0.06571936056838366,0.003996447602131439,0.1372113676731794,0.013321492007104795,0.05106571936056838,0.013321492007104795,0.06971580817051509,0.2864120781527531,0.06705150976909414,0.0066607460035523975,0.03197158081705151
0.0839929639401935,0.014951627088830254,0.004837291116974494,0.1358839050131926,0.011433597185576077,0.06464379947229551,0.0043975373790677225,0.13676341248900617,0.013192612137203167,0.052770448548812667,0.014072119613016711,0.0681618293755497,0.29243623570800353,0.06684256816182937,0.005716798592788039,0.02990325417766051
0.08303571428571428,0.014285714285714285,0.00625,0.1419642857142857,0.010267857142857143,0.06517857142857143,0.0035714285714285713,0.1375,0.012946428571428572,0.05044642857142857,0.013392857142857142,0.06741071428571428,0.29017857142857145,0.06607142857142857,0.00625,0.03125
0.08894760017613386,0.013210039630118891,0.005724350506384853,0.1435490973139586,0.009247027741083224,0.06384852487890796,0.0035226772346983706,0.13650374284456188,0.01453104359313078,0.05195948921180097,0.011008366358432409,0.06869220607661823,0.2888595332452664,0.06296785557023338,0.007045354469396741,0.03038309114927345
0.08797524314765694,0.010167992926613616,0.00618921308576481,0.13969938107869143,0.007957559681697613,0.06321839080459771,0.002652519893899204,0.13704686118479223,0.013704686118479222,0.04995579133510168,0.010610079575596816,0.07382847038019452,0.29619805481874445,0.0645446507515473,0.007073386383731211,0.029177718832891247
0.08634361233480176,0.01013215859030837,0.006167400881057269,0.1378854625550661,0.006607929515418502,0.06651982378854626,0.0030837004405286344,0.1378854625550661,0.01277533039647577,0.053744493392070485,0.01013215859030837,0.07180616740088105,0.2955947136563877,0.06563876651982378,0.008370044052863436,0.027312775330396475
0.0855379188712522,0.010141093474426807,0.007054673721340388,0.13580246913580246,0.006613756613756613,0.06746031746031746,0.003968253968253968,0.13580246913580246,0.014991181657848324,0.05731922398589065,0.010141093474426807,0.06878306878306878,0.29717813051146386,0.06040564373897707,0.008818342151675485,0.029982363315696647
0.0877577885037297,0.010092145677928916,0.007898200965335674,0.12944273804300133,0.007459412022817025,0.06450197455024133,0.004826678367705134,0.13339183852566916,0.013602457218078104,0.0596752961825362,0.010092145677928916,0.06888986397542782,0.298376480912681,0.06581834137779728,0.008775778850372971,0.029398859148749453
0.08622222222222223,0.009777777777777778,0.008,0.1288888888888889,0.0071111111111111115,0.06,0.005333333333333333,0.13644444444444445,0.014222222222222223,0.060444444444444446,0.009777777777777778,0.072,0.2991111111111111,0.06488888888888888,0.008888888888888889,0.028888888888888888
0.08772707133362871,0.008418254319893664,0.008418254319893664,0.13026140894993354,0.007089056269384138,0.06468763845813026,0.004430660168365086,0.12627381479840497,0.012405848471422242,0.05892778023925565,0.00974745237040319,0.07354895879486044,0.306601683650864,0.06247230837394772,0.008418254319893664,0.030571555161719097
0.08915239350021958,0.00878348704435661,0.00922266139657444,0.13570487483530963,0.007465963987703118,0.06324110671936758,0.004830917874396135,0.12648221343873517,0.010979358805445762,0.06236275801493193,0.00966183574879227,0.07202459376372419,0.29995608256477824,0.060166886253842776,0.00834431269213878,0.03162055335968379
0.09234828496042216,0.008355321020228672,0.009234828496042216,0.13720316622691292,0.006156552330694811,0.06728232189973615,0.005277044854881266,0.12752858399296393,0.011873350923482849,0.060246262093227795,0.007036059806508356,0.07036059806508356,0.2994722955145119,0.05716798592788039,0.0079155672823219,0.032541776605101144
0.09406593406593407,0.009230769230769232,0.009230769230769232,0.1402197802197802,0.005714285714285714,0.06461538461538462,0.005714285714285714,0.12747252747252746,0.011868131868131869,0.05846153846153846,0.007032967032967033,0.07428571428571429,0.2967032967032967,0.054945054945054944,0.008791208791208791,0.03164835164835165
0.09784045835169679,0.00749228735125606,0.007933010136624064,0.1388276773909211,0.005288673424416042,0.06698986337593654,0.004847950639048039,0.12648743940061702,0.011458792419568091,0.06081974438078449,0.009255178492728075,0.06919347730277656,0.2974878801234024,0.054649625385632436,0.009695901278096077,0.031732040546496254
