C_R,C_A,C_S,C_N,D_R,D_A,D_S,D_N,Oc_R,Oc_A,Oc_S,Oc_N,Od_R,Od_A,Od_S,Od_N
1.0,0.0,0.0,0.0,0.0,0.0,0.0,0.0,0.0,0.0,0.0,0.0,0.0,0.0,0.0,0.0
0.6666666666666666,0.0,0.0,0.0,0.0,0.3333333333333333,0.0,0.0,0.0,0.0,0.0,0.0,0.0,0.0,0.0,0.0
0.7142857142857143,0.0,0.0,0.0,0.0,0.2857142857142857,0.0,0.0,0.0,0.0,0.0,0.0,0.0,0.0,0.0,0.0
0.6551724137931034,0.06896551724137931,0.06896551724137931,0.0,0.0,0.20689655172413793,0.0,0.0,0.0,0.0,0.0,0.0,0.0,0.0,0.0,0.0
0.6071428571428571,0.07142857142857142,0.03571428571428571,0.03571428571428571,0.0,0.19642857142857142,0.017857142857142856,0.0,0.03571428571428571,0.0,0.0,0.0,0.0,0.0,0.0,0.0
0.574468085106383,0.07446808510638298,0.02127659574468085,0.0425531914893617,0.02127659574468085,0.18085106382978725,0.031914893617021274,0.0,0.031914893617021274,0.0,0.0,0.0,0.0,0.0,0.02127659574468085,0.0
0.49324324324324326,0.08783783783783784,0.04054054054054054,0.033783783783783786,0.02027027027027027,0.16216216216216217,0.02702702702702703,0.02027027027027027,0.033783783783783786,0.006756756756756757,0.0,0.0,0.006756756756756757,0.0,0.04054054054054054,0.02702702702702703
0.43946188340807174,0.10762331838565023,0.04035874439461883,0.04932735426008968,0.03139013452914798,0.15246636771300448,0.017937219730941704,0.017937219730941704,0.03587443946188341,0.017937219730941704,0.0,0.0,0.004484304932735426,0.0,0.06278026905829596,0.02242152466367713
0.396875,0.10625,0.03125,0.059375,0.03125,0.140625,0.015625,0.021875,0.046875,0.03125,0.00625,0.0,0.00625,0.00625,0.078125,0.021875
0.3724137931034483,0.10804597701149425,0.029885057471264367,0.06666666666666667,0.03218390804597701,0.12643678160919541,0.011494252873563218,0.029885057471264367,0.04597701149425287,0.03218390804597701,0.006896551724137931,0.0022988505747126436,0.011494252873563218,0.004597701149425287,0.09425287356321839,0.02528735632183908
0.3185689948892675,0.11925042589437819,0.02385008517887564,0.07325383304940375,0.02385008517887564,0.1141396933560477,0.018739352640545145,0.044293015332197615,0.056218057921635436,0.039182282793867124,0.015332197614991482,0.0,0.018739352640545145,0.010221465076660987,0.09540034071550256,0.028960817717206135
0.2704485488126649,0.11345646437994723,0.023746701846965697,0.079155672823219,0.029023746701846966,0.10422163588390501,0.027704485488126648,0.05013192612137203,0.052770448548812667,0.044854881266490766,0.021108179419525065,0.0079155672823219,0.01978891820580475,0.014511873350923483,0.10158311345646438,0.0395778364116095
0.23117154811715482,0.11192468619246862,0.02301255230125523,0.07740585774058577,0.032426778242677826,0.09100418410041841,0.027196652719665274,0.05439330543933055,0.056485355648535567,0.05439330543933055,0.02301255230125523,0.01778242677824268,0.027196652719665274,0.013598326359832637,0.11401673640167365,0.04497907949790795
0.19880546075085323,0.11092150170648464,0.026450511945392493,0.07593856655290103,0.03583617747440273,0.08873720136518772,0.029863481228668942,0.05887372013651877,0.05631399317406143,0.05802047781569966,0.026450511945392493,0.02218430034129693,0.03839590443686007,0.015358361774744027,0.1075085324232082,0.050341296928327645
0.180386542591267,0.1145311381531854,0.030064423765211165,0.07516105941302792,0.03793843951324266,0.08303507516105942,0.031496062992125984,0.06227630637079456,0.06012884753042233,0.05869720830350752,0.02934860415175376,0.02290622763063708,0.04438081603435934,0.01789549033643522,0.10164638511095204,0.05010737294201861
0.16349108789182545,0.11124769514443761,0.0313460356484327,0.06945298094652735,0.03995082974800246,0.07744314689612784,0.03687768899815612,0.06515058389674247,0.06515058389674247,0.05531653349723417,0.037492317148125384,0.02581438229870928,0.04671173939766441,0.0215119852489244,0.10018438844499078,0.0528580208973571
0.14782608695652175,0.1092391304347826,0.034239130434782605,0.06739130434782609,0.045108695652173916,0.07119565217391305,0.03641304347826087,0.06902173913043479,0.06847826086956521,0.058695652173913045,0.0391304347826087,0.029891304347826088,0.05217391304347826,0.021739130434782608,0.10108695652173913,0.0483695652173913
0.13475882645450024,0.11188463451019394,0.03381402287419195,0.06414719045251119,0.045251118846345105,0.06663351566384883,0.03928393833913476,0.07011437095972153,0.07110890104425659,0.0591745400298359,0.04127299850820487,0.036300348085529587,0.05469915464942814,0.024365987071108902,0.09945300845350571,0.047737444057682744
0.12494194147700882,0.1110078959591268,0.034370645610775664,0.06316767301439852,0.04923362749651649,0.06363214119832791,0.04226660473757548,0.06734788666976312,0.06734788666976312,0.06038086391082211,0.04412447747329308,0.04180213655364608,0.0562006502554575,0.026010218300046448,0.09986065954482118,0.048304691128657685
0.11674008810572688,0.1092511013215859,0.038766519823788544,0.05947136563876652,0.05110132158590308,0.05947136563876652,0.04449339207048458,0.06784140969162995,0.06960352422907488,0.05682819383259912,0.04713656387665198,0.04317180616740088,0.06035242290748899,0.03039647577092511,0.09515418502202644,0.050220264317180616
0.10950764006791172,0.10780984719864177,0.04032258064516129,0.06112054329371817,0.05432937181663837,0.05730050933786078,0.04456706281833616,0.06960950764006792,0.06876061120543293,0.056876061120543296,0.052207130730050934,0.04711375212224109,0.06239388794567063,0.03438030560271647,0.08531409168081494,0.04838709677419355
0.10099337748344371,0.10513245033112582,0.04304635761589404,0.06167218543046358,0.05173841059602649,0.058774834437086095,0.0451158940397351,0.07036423841059603,0.06995033112582781,0.059602649006622516,0.05173841059602649,0.05173841059602649,0.060430463576158944,0.03518211920529801,0.08567880794701986,0.048841059602649006
0.09791921664626684,0.10444716442268462,0.044471644226846185,0.06323949408404733,0.051407588739290085,0.06201550387596899,0.04814361485108119,0.06976744186046512,0.06731946144430845,0.058343533251733984,0.053039575683394534,0.05385556915544676,0.05997552019583843,0.033047735618115054,0.08527131782945736,0.04773561811505508
0.09435483870967742,0.09919354838709678,0.0467741935483871,0.06008064516129032,0.05403225806451613,0.06129032258064516,0.05282258064516129,0.07298387096774193,0.06733870967741935,0.054838709677419356,0.05524193548387097,0.05403225806451613,0.059274193548387095,0.037096774193548385,0.08225806451612903,0.04838709677419355
0.08733974358974358,0.09415064102564102,0.04607371794871795,0.06049679487179487,0.05568910256410257,0.0641025641025641,0.05368589743589743,0.07011217948717949,0.07011217948717949,0.057291666666666664,0.058493589743589744,0.05689102564102564,0.058493589743589744,0.036458333333333336,0.07932692307692307,0.05128205128205128
0.0864,0.0928,0.0492,0.0624,0.0524,0.0632,0.0548,0.0684,0.0684,0.0568,0.0564,0.0584,0.0612,0.0376,0.0796,0.052
0.0816,0.0932,0.0492,0.0632,0.0548,0.0624,0.0564,0.0684,0.0672,0.0604,0.0592,0.0576,0.0604,0.0344,0.0796,0.052
0.0788,0.0908,0.0508,0.0632,0.0532,0.0632,0.0564,0.0668,0.0664,0.0556,0.0604,0.06,0.0644,0.0372,0.078,0.0548
0.08,0.0836,0.0552,0.0624,0.0564,0.0616,0.0564,0.0664,0.0656,0.0516,0.0596,0.0652,0.064,0.0424,0.0752,0.0544
0.0812,0.0824,0.0548,0.064,0.056,0.0628,0.056,0.0652,0.064,0.0496,0.058,0.0624,0.0648,0.0448,0.0776,0.0564
0.0776,0.08,0.052,0.0628,0.058,0.0648,0.0556,0.066,0.0664,0.0504,0.06,0.062,0.0648,0.0476,0.0764,0.0556
0.0776,0.0784,0.0544,0.066,0.0552,0.0648,0.0532,0.066,0.0676,0.0516,0.0584,0.06,0.0644,0.0496,0.078,0.0548
0.0752,0.0792,0.0544,0.0644,0.0564,0.0656,0.0548,0.064,0.0696,0.052,0.0592,0.0608,0.0616,0.0516,0.0728,0.0584
0.0736,0.0788,0.056,0.0644,0.0588,0.0656,0.0512,0.0636,0.0704,0.0536,0.0604,0.06,0.0612,0.0536,0.0708,0.058
0.0744,0.0756,0.056,0.066,0.0624,0.0616,0.0516,0.0656,0.0692,0.0544,0.0604,0.0584,0.056,0.0564,0.0732,0.0588
0.0724,0.0744,0.0564,0.0664,0.0592,0.0632,0.0528,0.0652,0.0684,0.0524,0.06,0.0604,0.058,0.0576,0.0736,0.0596
0.0688,0.0724,0.0612,0.0668,0.0624,0.062,0.0544,0.0684,0.068,0.0504,0.0568,0.0572,0.0608,0.0576,0.0732,0.0596
0.07,0.0732,0.0604,0.0668,0.0604,0.0632,0.0548,0.0688,0.068,0.0492,0.0568,0.0556,0.0612,0.0588,0.0728,0.06
0.0704,0.0696,0.0612,0.0624,0.0596,0.0648,0.058,0.0704,0.0668,0.0492,0.058,0.0556,0.0608,0.0612,0.0716,0.0604
0.0712,0.0688,0.0632,0.0652,0.0556,0.0676,0.0596,0.07,0.0652,0.0492,0.0584,0.0576,0.06,0.0564,0.0684,0.0636
0.0712,0.068,0.0648,0.066,0.058,0.0672,0.0612,0.0644,0.064,0.0512,0.058,0.0568,0.0576,0.058,0.0692,0.0644
0.0688,0.0644,0.0652,0.0664,0.0576,0.0656,0.0632,0.0648,0.0612,0.0544,0.0548,0.056,0.0596,0.0604,0.0712,0.0664
0.066,0.0644,0.0696,0.0664,0.0588,0.0644,0.0648,0.0628,0.06,0.0524,0.0572,0.0548,0.058,0.06,0.0736,0.0668
0.0624,0.0636,0.0668,0.064,0.0636,0.062,0.0676,0.0656,0.0628,0.0528,0.0552,0.0576,0.058,0.0612,0.0756,0.0612
0.0636,0.0672,0.0644,0.068,0.0616,0.0644,0.0712,0.0648,0.0636,0.0496,0.0588,0.0556,0.0548,0.0588,0.072,0.0616
0.0636,0.0684,0.0648,0.0672,0.0604,0.0624,0.0712,0.0632,0.0612,0.052,0.0592,0.0604,0.0544,0.0616,0.0668,0.0632
0.0612,0.068,0.0652,0.0648,0.0612,0.0636,0.0692,0.0648,0.0612,0.0512,0.0652,0.0592,0.0568,0.0632,0.0656,0.0596
0.062,0.0692,0.062,0.0664,0.062,0.0628,0.0708,0.0672,0.0628,0.0508,0.0644,0.0588,0.058,0.062,0.0604,0.0604
0.0608,0.0656,0.0664,0.0644,0.06,0.062,0.0656,0.0668,0.0636,0.0528,0.0636,0.0608,0.0604,0.0612,0.0608,0.0652
0.0604,0.062,0.0668,0.0604,0.0592,0.062,0.0664,0.0684,0.0632,0.0512,0.0692,0.0612,0.06,0.0628,0.0608,0.066
0.0608,0.0616,0.066,0.0624,0.0572,0.0596,0.0668,0.066,0.0648,0.0512,0.0676,0.064,0.062,0.0656,0.0592,0.0652
0.0592,0.058,0.0668,0.0632,0.0544,0.0596,0.0716,0.0628,0.0668,0.0556,0.0668,0.0608,0.0628,0.0676,0.0568,0.0672
0.062,0.0592,0.0652,0.066,0.056,0.0596,0.0692,0.0616,0.07,0.0524,0.0688,0.064,0.0612,0.0632,0.0532,0.0684
0.0612,0.058,0.0672,0.0636,0.0568,0.0604,0.0652,0.0604,0.0708,0.056,0.066,0.0616,0.0652,0.0668,0.0516,0.0692
0.0612,0.0584,0.066,0.0652,0.058,0.0628,0.064,0.0616,0.0712,0.0584,0.0636,0.0636,0.064,0.0668,0.05,0.0652
0.0592,0.0616,0.068,0.0652,0.0596,0.062,0.0636,0.0616,0.0676,0.06,0.0632,0.062,0.0644,0.0656,0.0504,0.066
0.0624,0.0628,0.0656,0.0648,0.0624,0.0604,0.0628,0.0644,0.0688,0.0624,0.0612,0.062,0.062,0.0644,0.048,0.0656
0.0616,0.0628,0.0652,0.0652,0.0632,0.0632,0.062,0.064,0.0692,0.0636,0.0592,0.062,0.0612,0.0644,0.048,0.0652
0.0636,0.0616,0.0632,0.0688,0.0632,0.066,0.0644,0.0636,0.0688,0.062,0.0596,0.0612,0.0576,0.0632,0.0504,0.0628
0.064,0.058,0.0624,0.07,0.0612,0.0668,0.0636,0.0656,0.0676,0.062,0.0584,0.0616,0.058,0.0632,0.0512,0.0664
0.064,0.0592,0.0636,0.0708,0.0604,0.0632,0.0628,0.0636,0.0644,0.0664,0.058,0.0672,0.0564,0.0604,0.0512,0.0684
0.07,0.0612,0.0636,0.0688,0.0564,0.0608,0.0676,0.066,0.0652,0.0608,0.0564,0.0688,0.0556,0.0652,0.05,0.0636
0.0704,0.0588,0.0684,0.0672,0.0548,0.062,0.0704,0.062,0.062,0.0624,0.058,0.0672,0.0556,0.0684,0.0464,0.066
0.0728,0.0588,0.068,0.0664,0.0576,0.0636,0.068,0.0592,0.0616,0.0624,0.0604,0.0668,0.0556,0.066,0.0468,0.066
0.0724,0.0612,0.0656,0.0648,0.056,0.0672,0.0664,0.0604,0.0616,0.0592,0.0596,0.0672,0.0544,0.068,0.0492,0.0668
0.0656,0.0628,0.0636,0.0644,0.0576,0.0676,0.0684,0.0592,0.0628,0.058,0.0568,0.07,0.0532,0.068,0.0532,0.0688
0.0644,0.0636,0.0604,0.0664,0.056,0.0668,0.0692,0.0616,0.0644,0.0588,0.058,0.0696,0.0524,0.0656,0.0564,0.0664
0.0628,0.0612,0.0604,0.0656,0.0612,0.0696,0.066,0.0588,0.0628,0.0584,0.0584,0.0704,0.052,0.0672,0.0576,0.0676
0.064,0.06,0.0588,0.0664,0.0632,0.0664,0.0652,0.0612,0.0624,0.0604,0.0592,0.0688,0.0528,0.0668,0.0576,0.0668
0.0664,0.0612,0.058,0.0672,0.0616,0.0644,0.0656,0.062,0.06,0.0608,0.0588,0.0684,0.0536,0.068,0.0572,0.0668
0.0648,0.0592,0.0576,0.066,0.062,0.0672,0.0676,0.0616,0.064,0.0608,0.0588,0.07,0.0512,0.064,0.058,0.0672
0.0652,0.0576,0.054,0.0652,0.062,0.068,0.0684,0.062,0.0656,0.0592,0.0568,0.0704,0.0536,0.0648,0.0588,0.0684
0.064,0.0596,0.0564,0.0668,0.0604,0.0676,0.0652,0.06,0.0644,0.062,0.0556,0.07,0.0548,0.066,0.056,0.0712
0.0656,0.0572,0.058,0.066,0.062,0.0668,0.066,0.0616,0.0604,0.0664,0.0544,0.0684,0.0572,0.0664,0.054,0.0696
0.0656,0.0588,0.0588,0.0608,0.0604,0.0676,0.0648,0.0628,0.0608,0.0672,0.054,0.07,0.0588,0.0668,0.0528,0.07
0.068,0.06,0.0608,0.0608,0.0628,0.0656,0.0668,0.0596,0.06,0.066,0.0552,0.068,0.0604,0.0608,0.0556,0.0696
0.068,0.0616,0.0608,0.0612,0.0636,0.0596,0.068,0.062,0.0616,0.0696,0.0568,0.0664,0.0616,0.0568,0.0548,0.0676
0.0672,0.06,0.0632,0.0628,0.06,0.0592,0.064,0.0644,0.0636,0.068,0.054,0.0664,0.0644,0.06,0.054,0.0688
0.0688,0.0592,0.0628,0.0632,0.0596,0.0616,0.064,0.064,0.0644,0.0692,0.054,0.0672,0.0616,0.0592,0.0556,0.0656
0.0684,0.0592,0.0628,0.0636,0.0596,0.0636,0.064,0.062,0.064,0.0736,0.0548,0.0664,0.06,0.0576,0.0556,0.0648
0.0652,0.0572,0.0624,0.0628,0.0636,0.0624,0.0672,0.066,0.0632,0.0756,0.056,0.0636,0.0588,0.0592,0.0512,0.0656
0.0648,0.0588,0.0612,0.0632,0.0632,0.0604,0.0676,0.0664,0.0632,0.0792,0.0572,0.0612,0.0572,0.0612,0.0504,0.0648
0.0604,0.0572,0.058,0.0652,0.0664,0.0632,0.0668,0.0652,0.066,0.078,0.0592,0.0604,0.0556,0.0636,0.0496,0.0652
0.0624,0.0576,0.0564,0.0628,0.0668,0.0632,0.0672,0.0624,0.0628,0.0756,0.06,0.0628,0.0572,0.0648,0.0524,0.0656
0.0656,0.0604,0.0584,0.0608,0.0668,0.0604,0.0644,0.0624,0.0628,0.0764,0.0596,0.0608,0.0576,0.0648,0.0548,0.064
0.0648,0.0604,0.0648,0.0624,0.0628,0.0624,0.0644,0.0608,0.0604,0.0724,0.0644,0.06,0.0572,0.0664,0.054,0.0624
0.066,0.062,0.0624,0.0624,0.0648,0.0596,0.0636,0.062,0.0616,0.0708,0.0632,0.0608,0.0572,0.0688,0.0516,0.0632
0.0648,0.0584,0.0644,0.0616,0.066,0.0604,0.0644,0.0592,0.064,0.0672,0.0656,0.0596,0.0608,0.0664,0.0532,0.064
0.0636,0.0612,0.0612,0.0616,0.0644,0.062,0.0664,0.0576,0.0628,0.0636,0.066,0.0624,0.06,0.0664,0.058,0.0628
0.0648,0.0596,0.0604,0.0584,0.0636,0.0632,0.0648,0.0608,0.0648,0.066,0.0636,0.0604,0.0604,0.066,0.058,0.0652
0.0636,0.0608,0.0612,0.0592,0.0632,0.0628,0.0652,0.0616,0.0616,0.0684,0.064,0.0592,0.0612,0.0664,0.0564,0.0652
0.0588,0.0588,0.06,0.0644,0.066,0.0612,0.064,0.0568,0.0624,0.0696,0.062,0.0616,0.0628,0.0664,0.06,0.0652
0.0608,0.0508,0.0612,0.0612,0.0644,0.0604,0.0636,0.0592,0.0644,0.072,0.0628,0.0576,0.0676,0.0632,0.0644,0.0664
0.0628,0.052,0.0588,0.0636,0.0628,0.0572,0.0628,0.0564,0.0644,0.0712,0.0692,0.0528,0.0688,0.064,0.064,0.0692
0.0632,0.052,0.0608,0.068,0.0644,0.0604,0.0576,0.0548,0.066,0.0708,0.0664,0.0532,0.0676,0.064,0.0632,0.0676
0.0608,0.0524,0.0608,0.066,0.0648,0.0596,0.0596,0.0528,0.0632,0.0716,0.0636,0.056,0.0724,0.0644,0.0636,0.0684
0.0608,0.054,0.0636,0.0668,0.0652,0.0628,0.0596,0.0508,0.0612,0.072,0.0628,0.054,0.076,0.0644,0.06,0.066
0.0612,0.0548,0.0608,0.0676,0.062,0.0588,0.06,0.0512,0.0596,0.076,0.0628,0.0556,0.0744,0.0648,0.0592,0.0712
0.0632,0.0524,0.062,0.0644,0.0644,0.058,0.0568,0.0532,0.0608,0.0748,0.0624,0.0588,0.0736,0.0636,0.06,0.0716
0.0632,0.0524,0.0612,0.0648,0.0624,0.06,0.0556,0.054,0.0588,0.0716,0.064,0.0608,0.0772,0.0664,0.0596,0.068
0.0632,0.052,0.0624,0.0612,0.0644,0.058,0.0564,0.0548,0.0592,0.07,0.0656,0.0596,0.0776,0.0692,0.0596,0.0668
0.0648,0.05,0.0628,0.0628,0.0636,0.0592,0.0588,0.0548,0.058,0.068,0.066,0.0596,0.078,0.07,0.0604,0.0632
0.064,0.0496,0.06,0.064,0.0624,0.0588,0.0592,0.0584,0.0568,0.0664,0.0648,0.056,0.0768,0.0736,0.0632,0.066
0.0632,0.0488,0.0572,0.0664,0.06,0.0572,0.0572,0.0632,0.058,0.0684,0.0652,0.0548,0.0748,0.074,0.0636,0.068
0.0628,0.0496,0.056,0.0664,0.058,0.0596,0.0564,0.0628,0.0584,0.0636,0.068,0.0556,0.074,0.0736,0.0664,0.0688
0.0588,0.0504,0.0556,0.0676,0.0552,0.0616,0.056,0.0636,0.0624,0.0664,0.0672,0.0568,0.0728,0.0704,0.0668,0.0684
0.0584,0.0548,0.0572,0.066,0.0544,0.0608,0.0564,0.0644,0.0628,0.064,0.0676,0.0588,0.0712,0.07,0.0684,0.0648
0.0568,0.0588,0.0568,0.0672,0.058,0.0632,0.0592,0.0644,0.062,0.0616,0.0652,0.0576,0.0704,0.07,0.0672,0.0616
0.0588,0.0572,0.0568,0.0656,0.056,0.0624,0.0588,0.066,0.0648,0.0616,0.0668,0.06,0.0728,0.0672,0.0644,0.0608
0.0612,0.058,0.0596,0.0668,0.056,0.064,0.0584,0.068,0.066,0.0584,0.0652,0.0596,0.0684,0.0672,0.0592,0.064
0.0616,0.0568,0.0636,0.0648,0.054,0.0664,0.0568,0.0684,0.0656,0.0564,0.0636,0.0612,0.066,0.0684,0.0608,0.0656
0.0596,0.0564,0.0652,0.0624,0.0572,0.0712,0.0532,0.0684,0.066,0.0548,0.0656,0.058,0.0636,0.076,0.0588,0.0636
0.0596,0.0552,0.0672,0.0628,0.06,0.072,0.0532,0.0672,0.0644,0.0564,0.0644,0.0524,0.07,0.076,0.0564,0.0628
0.06,0.0576,0.0648,0.0632,0.0608,0.0716,0.0548,0.0648,0.0636,0.0572,0.0604,0.054,0.07,0.0736,0.06,0.0636
0.0624,0.0568,0.0636,0.0624,0.062,0.0704,0.056,0.0656,0.0624,0.056,0.0624,0.0564,0.0672,0.074,0.0616,0.0608
0.0616,0.0612,0.0616,0.0632,0.0632,0.0688,0.0552,0.0636,0.064,0.0572,0.0636,0.0552,0.068,0.0696,0.0608,0.0632
0.06,0.06,0.0656,0.0652,0.0616,0.0712,0.0552,0.062,0.0648,0.0592,0.0604,0.056,0.0684,0.068,0.06,0.0624
0.0612,0.062,0.0664,0.0696,0.0604,0.0692,0.052,0.0588,0.0652,0.0572,0.062,0.0556,0.068,0.068,0.0624,0.062
0.0592,0.0608,0.0644,0.072,0.0604,0.072,0.0548,0.0616,0.062,0.0568,0.0608,0.058,0.0692,0.0656,0.0616,0.0608
0.0588,0.0604,0.066,0.072,0.0604,0.0728,0.0516,0.0628,0.0596,0.0548,0.0616,0.0592,0.0716,0.062,0.0632,0.0632
0.0596,0.058,0.0672,0.0716,0.0636,0.0744,0.0548,0.0588,0.06,0.0548,0.0604,0.0616,0.0676,0.0616,0.0668,0.0592
0.0588,0.0576,0.0688,0.0676,0.064,0.0736,0.0608,0.0576,0.0628,0.0544,0.0596,0.0612,0.0684,0.0624,0.0648,0.0576
0.0592,0.058,0.0692,0.068,0.0608,0.072,0.0612,0.0608,0.0628,0.0576,0.0604,0.0596,0.0664,0.0608,0.066,0.0572
0.0584,0.0572,0.066,0.0708,0.0604,0.0664,0.0584,0.0604,0.0644,0.0576,0.0616,0.0604,0.0696,0.0604,0.0696,0.0584
0.0608,0.0556,0.0648,0.07,0.0568,0.064,0.0592,0.064,0.0672,0.056,0.0628,0.062,0.068,0.0596,0.068,0.0612
0.0624,0.0556,0.066,0.0712,0.0572,0.0612,0.0604,0.0652,0.066,0.0572,0.0608,0.0632,0.07,0.0584,0.0668,0.0584
0.0628,0.06,0.0644,0.0696,0.0568,0.0612,0.0592,0.0636,0.0668,0.0592,0.062,0.0632,0.0676,0.0596,0.0656,0.0584
0.0612,0.0568,0.06,0.0728,0.058,0.0624,0.0608,0.0604,0.068,0.0636,0.0628,0.0624,0.0672,0.0572,0.0672,0.0592
0.0592,0.056,0.0624,0.0696,0.0604,0.0616,0.0568,0.0628,0.0652,0.064,0.064,0.0652,0.0648,0.0576,0.0688,0.0616
0.0592,0.0584,0.0604,0.0668,0.0588,0.0624,0.0572,0.0608,0.0636,0.0652,0.0636,0.0632,0.0672,0.0584,0.0728,0.062
0.0564,0.0584,0.0604,0.0668,0.0564,0.06,0.0608,0.0616,0.062,0.0656,0.0628,0.0624,0.0676,0.0632,0.0752,0.0604
0.0568,0.0604,0.0592,0.0652,0.0576,0.0596,0.062,0.064,0.0584,0.0644,0.0624,0.0636,0.0672,0.064,0.0732,0.062
0.0564,0.0628,0.062,0.0624,0.0556,0.0564,0.0604,0.0644,0.0584,0.0652,0.0632,0.066,0.0656,0.0624,0.0744,0.0644
0.056,0.0592,0.0604,0.0596,0.0532,0.0576,0.0588,0.0648,0.0576,0.0684,0.068,0.074,0.0628,0.0612,0.0724,0.066
0.0584,0.058,0.0652,0.0588,0.0544,0.0536,0.0592,0.0632,0.0596,0.0704,0.0668,0.0728,0.062,0.0612,0.0708,0.0656
0.0568,0.0592,0.0688,0.0596,0.0552,0.052,0.0596,0.0624,0.0584,0.068,0.0656,0.0732,0.0648,0.0576,0.0696,0.0692
0.0572,0.0568,0.068,0.0552,0.058,0.0544,0.0624,0.0624,0.0576,0.068,0.0656,0.07,0.0672,0.0604,0.0692,0.0676
0.0572,0.0572,0.0676,0.0584,0.0592,0.0576,0.0668,0.0632,0.0556,0.0664,0.0632,0.0668,0.066,0.06,0.0672,0.0676
0.0604,0.0564,0.0632,0.0608,0.0612,0.058,0.0672,0.062,0.0572,0.0648,0.0656,0.0604,0.0656,0.064,0.066,0.0672
0.0564,0.058,0.0648,0.0564,0.064,0.0552,0.0648,0.0616,0.0592,0.0636,0.0656,0.0596,0.068,0.0664,0.0672,0.0692
0.0576,0.0576,0.0688,0.058,0.0644,0.0572,0.0648,0.0616,0.0588,0.0652,0.0616,0.0572,0.0684,0.0644,0.066,0.0684
0.0612,0.054,0.0716,0.0584,0.0648,0.0604,0.0668,0.0596,0.0596,0.0628,0.06,0.0576,0.07,0.0628,0.0648,0.0656
0.0608,0.054,0.0716,0.0592,0.0644,0.0612,0.0676,0.0616,0.0624,0.062,0.066,0.0556,0.066,0.0588,0.0636,0.0652
0.0608,0.0556,0.072,0.0592,0.062,0.0596,0.0688,0.0632,0.0624,0.0656,0.0668,0.0576,0.0616,0.0576,0.0648,0.0624
0.0616,0.0556,0.0728,0.0604,0.0648,0.0556,0.066,0.0668,0.0612,0.064,0.0664,0.0596,0.0612,0.0596,0.0648,0.0596
0.0608,0.058,0.0708,0.0616,0.066,0.0556,0.0684,0.0664,0.0612,0.0588,0.0652,0.0592,0.0624,0.0624,0.0644,0.0588
0.0604,0.0548,0.0692,0.0616,0.0672,0.0556,0.0684,0.0664,0.064,0.0568,0.064,0.0596,0.0628,0.0652,0.0644,0.0596
0.0596,0.0544,0.0704,0.0608,0.0696,0.0564,0.066,0.0636,0.0644,0.0564,0.0612,0.0616,0.0612,0.062,0.0664,0.066
0.058,0.0524,0.0716,0.0572,0.0664,0.0576,0.0692,0.0592,0.0664,0.0572,0.0608,0.0652,0.062,0.0676,0.0656,0.0636
0.0556,0.0524,0.0764,0.0572,0.0676,0.0604,0.07,0.0616,0.0664,0.0552,0.0612,0.0676,0.0616,0.0664,0.056,0.0644
0.0572,0.054,0.0716,0.0596,0.0672,0.0572,0.0712,0.062,0.0688,0.0564,0.0576,0.0644,0.0604,0.068,0.0596,0.0648
0.0564,0.0544,0.0704,0.0596,0.0684,0.0592,0.0688,0.0608,0.0668,0.054,0.056,0.0668,0.0612,0.0672,0.0636,0.0664
0.0564,0.0524,0.0732,0.0604,0.0656,0.0604,0.07,0.0572,0.0664,0.0532,0.0592,0.0672,0.0608,0.0656,0.0664,0.0656
0.0564,0.0548,0.0728,0.0592,0.0652,0.0588,0.0712,0.0552,0.066,0.0552,0.0624,0.064,0.0608,0.0652,0.0664,0.0664
0.054,0.0548,0.0756,0.0592,0.0668,0.0592,0.0716,0.0556,0.0624,0.0556,0.0604,0.0632,0.0588,0.0644,0.07,0.0684
0.0568,0.052,0.0724,0.0612,0.0648,0.0568,0.07,0.0568,0.0624,0.0536,0.0636,0.0648,0.0608,0.0652,0.0708,0.068
0.0604,0.056,0.0688,0.06,0.0604,0.0576,0.0668,0.0604,0.0636,0.056,0.0592,0.0676,0.0596,0.0652,0.0716,0.0668
0.0644,0.0544,0.0696,0.062,0.0632,0.058,0.0648,0.06,0.0612,0.0548,0.0584,0.0712,0.0592,0.0608,0.0696,0.0684
0.0652,0.0528,0.0684,0.0632,0.066,0.0568,0.0608,0.0604,0.0644,0.052,0.0568,0.0692,0.0644,0.0604,0.0708,0.0684
0.0664,0.0536,0.0672,0.0632,0.0668,0.0592,0.0588,0.0608,0.0636,0.0536,0.0556,0.0672,0.064,0.0584,0.0752,0.0664
0.0656,0.0576,0.0632,0.0616,0.068,0.0592,0.06,0.058,0.0656,0.0544,0.056,0.0664,0.062,0.0568,0.078,0.0676
0.0648,0.0628,0.0616,0.062,0.0672,0.0588,0.0604,0.0588,0.0636,0.0544,0.056,0.0672,0.064,0.0584,0.0768,0.0632
0.0644,0.0636,0.0596,0.0628,0.0688,0.0588,0.0588,0.0576,0.0628,0.0568,0.0576,0.066,0.0628,0.0584,0.0752,0.066
0.0632,0.0684,0.06,0.0616,0.0684,0.0608,0.0604,0.0556,0.0632,0.0576,0.0536,0.0664,0.064,0.0572,0.0752,0.0644
0.0636,0.0664,0.0596,0.0604,0.0668,0.0604,0.0592,0.0552,0.0612,0.0592,0.0544,0.0652,0.0696,0.0604,0.0732,0.0652
0.0616,0.0672,0.0576,0.06,0.066,0.0628,0.0644,0.0576,0.058,0.0604,0.0536,0.066,0.0692,0.0616,0.068,0.066
0.0656,0.066,0.054,0.062,0.068,0.0636,0.0684,0.0556,0.0584,0.0612,0.0532,0.0644,0.0708,0.0576,0.0664,0.0648
0.0668,0.064,0.0556,0.0616,0.0688,0.0612,0.0656,0.0492,0.0604,0.0636,0.0536,0.0656,0.0688,0.0644,0.0636,0.0672
0.068,0.0624,0.0528,0.0608,0.0688,0.0616,0.0664,0.0488,0.0592,0.0644,0.0548,0.0648,0.072,0.0672,0.0612,0.0668
0.068,0.062,0.0508,0.06,0.0672,0.0632,0.0672,0.0496,0.0604,0.0644,0.0568,0.0624,0.0712,0.0652,0.0636,0.068
0.0688,0.0592,0.052,0.0624,0.0692,0.0628,0.0664,0.0508,0.0616,0.0636,0.054,0.064,0.074,0.0592,0.0648,0.0672
0.0648,0.058,0.0548,0.0632,0.0708,0.0608,0.066,0.0504,0.0632,0.0624,0.0552,0.0644,0.0744,0.0576,0.0656,0.0684
0.0596,0.0608,0.056,0.0616,0.0712,0.0616,0.066,0.0484,0.0668,0.064,0.0556,0.0628,0.0744,0.0604,0.0652,0.0656
0.06,0.0656,0.0544,0.0644,0.0696,0.058,0.0684,0.05,0.0644,0.0644,0.0552,0.0636,0.072,0.06,0.0648,0.0652
0.0556,0.0636,0.0536,0.0684,0.0688,0.0576,0.0696,0.0524,0.0652,0.0636,0.0548,0.0624,0.0708,0.0612,0.0664,0.066
0.0564,0.062,0.056,0.0668,0.0684,0.0592,0.066,0.0496,0.0668,0.0624,0.0584,0.0652,0.0692,0.0604,0.0636,0.0696
0.0548,0.0648,0.0604,0.0636,0.0704,0.0556,0.0632,0.0484,0.0664,0.0612,0.06,0.0668,0.0704,0.0628,0.0648,0.0664
0.0588,0.066,0.0616,0.062,0.072,0.0544,0.0608,0.05,0.0628,0.06,0.0608,0.07,0.0692,0.0588,0.068,0.0648
0.0588,0.0624,0.0604,0.0616,0.0708,0.056,0.062,0.0488,0.064,0.0612,0.0612,0.066,0.0704,0.062,0.068,0.0664
0.0564,0.0652,0.0596,0.0648,0.0688,0.0532,0.0684,0.0488,0.064,0.0592,0.064,0.066,0.066,0.0624,0.0668,0.0664
0.0588,0.0664,0.0628,0.0612,0.0684,0.0556,0.0676,0.0484,0.062,0.0572,0.0672,0.0664,0.062,0.0588,0.0692,0.068
0.0588,0.066,0.0652,0.0644,0.0704,0.0572,0.0688,0.0496,0.0564,0.056,0.0672,0.06,0.0604,0.058,0.0732,0.0684
0.0584,0.0632,0.0672,0.0636,0.0688,0.058,0.07,0.054,0.0568,0.058,0.0668,0.0588,0.06,0.0584,0.0716,0.0664
0.0564,0.0628,0.0664,0.0616,0.068,0.0568,0.0692,0.0516,0.0584,0.0604,0.0672,0.064,0.0576,0.0572,0.076,0.0664
0.0556,0.0636,0.0652,0.064,0.0644,0.0564,0.07,0.0544,0.0572,0.062,0.0668,0.0664,0.0576,0.0556,0.0744,0.0664
0.056,0.0632,0.0636,0.0632,0.0652,0.0568,0.0696,0.0532,0.0604,0.0632,0.0664,0.0684,0.058,0.0528,0.0716,0.0684
0.0576,0.0612,0.064,0.0656,0.0656,0.058,0.0692,0.0548,0.0604,0.0612,0.0652,0.07,0.0556,0.054,0.0696,0.068
0.058,0.0628,0.0632,0.064,0.0628,0.0576,0.0748,0.0576,0.058,0.0644,0.0644,0.066,0.0528,0.0548,0.0696,0.0692
0.0568,0.0632,0.0608,0.0624,0.0644,0.0568,0.0724,0.058,0.0592,0.066,0.0612,0.0644,0.0552,0.0524,0.0744,0.0724
0.0572,0.0608,0.0592,0.0604,0.0628,0.0588,0.0712,0.06,0.06,0.0684,0.0624,0.062,0.0552,0.0568,0.0732,0.0716
0.0576,0.0632,0.0604,0.06,0.0644,0.056,0.0676,0.0628,0.0604,0.0668,0.0636,0.0636,0.052,0.0552,0.0748,0.0716
0.0568,0.0612,0.0628,0.0604,0.0628,0.0556,0.0688,0.0636,0.0604,0.0692,0.0608,0.0628,0.052,0.056,0.0744,0.0724
0.0576,0.0592,0.0644,0.0592,0.064,0.054,0.0708,0.062,0.0588,0.066,0.0592,0.0628,0.0544,0.0604,0.0756,0.0716
0.0592,0.06,0.0688,0.0576,0.0616,0.0544,0.0704,0.0648,0.0616,0.0644,0.0592,0.0652,0.0536,0.0532,0.0776,0.0684
0.0584,0.0608,0.0744,0.0572,0.0624,0.0532,0.0712,0.0664,0.0616,0.062,0.0576,0.0648,0.0512,0.0548,0.078,0.066
0.0632,0.0596,0.0712,0.0596,0.0648,0.0488,0.0716,0.0648,0.0632,0.0624,0.058,0.068,0.0512,0.056,0.074,0.0636
0.0628,0.0592,0.072,0.0636,0.0652,0.048,0.072,0.0668,0.06,0.0616,0.0568,0.07,0.0496,0.0548,0.0748,0.0628
0.0616,0.0632,0.0704,0.0612,0.0652,0.05,0.0716,0.0664,0.0592,0.0632,0.0552,0.066,0.0544,0.0556,0.0728,0.064
0.0632,0.0616,0.0684,0.0604,0.0684,0.0516,0.0708,0.0664,0.0568,0.062,0.0544,0.0668,0.0548,0.056,0.074,0.0644
0.0612,0.062,0.0652,0.0612,0.0688,0.0516,0.0716,0.0656,0.0596,0.0636,0.0556,0.0684,0.0512,0.056,0.0748,0.0636
0.064,0.066,0.0612,0.0612,0.0712,0.0496,0.0708,0.0644,0.0572,0.064,0.0564,0.0684,0.0544,0.0576,0.072,0.0616
0.0664,0.0668,0.0624,0.0624,0.0696,0.0484,0.0696,0.0616,0.0564,0.0636,0.0588,0.0644,0.0556,0.0564,0.0712,0.0664
0.0652,0.0648,0.0616,0.0624,0.0696,0.048,0.0688,0.0612,0.06,0.064,0.0592,0.0684,0.0568,0.0532,0.0708,0.066
0.066,0.0648,0.0648,0.0664,0.066,0.048,0.0676,0.0592,0.0548,0.0612,0.0616,0.0724,0.056,0.0568,0.0664,0.068
0.0692,0.064,0.0616,0.0688,0.0668,0.0476,0.0644,0.0596,0.0532,0.0612,0.0648,0.076,0.0528,0.0576,0.0636,0.0688
0.0668,0.0604,0.0624,0.0652,0.0668,0.0488,0.0648,0.0604,0.0528,0.0608,0.0656,0.0752,0.0552,0.0616,0.0632,0.07
0.0628,0.0564,0.0604,0.0696,0.0664,0.05,0.0632,0.06,0.0548,0.0588,0.0644,0.0768,0.0584,0.0596,0.0648,0.0736
0.064,0.0572,0.058,0.07,0.0644,0.052,0.0628,0.0596,0.0536,0.0592,0.0628,0.0784,0.0576,0.0628,0.066,0.0716
0.0624,0.058,0.0592,0.07,0.0612,0.0496,0.0628,0.0564,0.0556,0.0628,0.0612,0.0784,0.0588,0.0668,0.0636,0.0732
0.0608,0.0584,0.062,0.068,0.0592,0.0488,0.0624,0.0552,0.0556,0.0648,0.0612,0.0784,0.06,0.066,0.0644,0.0748
0.0584,0.0608,0.0608,0.0668,0.0596,0.0508,0.0632,0.056,0.056,0.0648,0.0584,0.0788,0.058,0.0672,0.0652,0.0752
0.0544,0.0604,0.0572,0.0672,0.064,0.052,0.0628,0.0592,0.0556,0.0664,0.06,0.078,0.0604,0.0688,0.0664,0.0672
0.0512,0.06,0.0572,0.0672,0.0652,0.0544,0.0624,0.0588,0.0564,0.0664,0.06,0.0788,0.0636,0.0672,0.0652,0.066
0.0512,0.06,0.0576,0.0664,0.062,0.0504,0.0616,0.0612,0.0556,0.0688,0.062,0.0824,0.0624,0.0684,0.0648,0.0652
0.0504,0.062,0.0556,0.0688,0.0632,0.0532,0.0596,0.0608,0.0544,0.0672,0.0612,0.0828,0.0656,0.0712,0.0628,0.0612
0.0484,0.0652,0.0576,0.066,0.0624,0.0536,0.0616,0.0612,0.0532,0.0712,0.0608,0.0852,0.0648,0.0692,0.0596,0.06
0.0504,0.0636,0.0576,0.0672,0.0616,0.0544,0.058,0.0608,0.052,0.072,0.0616,0.0824,0.0696,0.0676,0.0592,0.062
0.0496,0.0668,0.058,0.0668,0.0604,0.0572,0.0616,0.0588,0.052,0.0668,0.0628,0.0816,0.068,0.0684,0.0596,0.0616
0.0496,0.0664,0.0576,0.0676,0.0616,0.0588,0.0616,0.0604,0.0548,0.0652,0.0616,0.0808,0.0656,0.068,0.0616,0.0588
0.0532,0.064,0.0604,0.066,0.0592,0.0568,0.0592,0.06,0.0544,0.0652,0.0664,0.0784,0.0688,0.0676,0.0604,0.06
0.0516,0.0672,0.0596,0.0664,0.0608,0.0552,0.058,0.0604,0.0548,0.0648,0.0692,0.0784,0.0648,0.0688,0.0592,0.0608
0.0492,0.0668,0.0592,0.0644,0.0584,0.0544,0.0572,0.064,0.0564,0.0684,0.0704,0.0816,0.0608,0.066,0.0604,0.0624
0.0484,0.0664,0.06,0.066,0.06,0.0532,0.0576,0.0644,0.056,0.0696,0.068,0.0796,0.06,0.068,0.0616,0.0612
0.0492,0.0632,0.0592,0.0624,0.0596,0.0524,0.0588,0.0628,0.0616,0.0736,0.0648,0.0744,0.064,0.068,0.0632,0.0628
0.0488,0.0652,0.0588,0.0652,0.062,0.0544,0.0604,0.062,0.058,0.0692,0.0644,0.074,0.0656,0.0676,0.0624,0.062
0.0496,0.0624,0.0612,0.0636,0.0604,0.0576,0.0596,0.0612,0.0572,0.0668,0.0684,0.0724,0.0652,0.0688,0.0612,0.0644
0.0548,0.0632,0.0636,0.064,0.0576,0.0568,0.0576,0.0584,0.0604,0.0656,0.0672,0.0704,0.0624,0.0704,0.0632,0.0644
0.0556,0.0644,0.0644,0.0624,0.058,0.058,0.058,0.0576,0.058,0.0644,0.0644,0.072,0.0632,0.0708,0.0652,0.0636
0.0528,0.0676,0.062,0.0632,0.0608,0.0568,0.0572,0.06,0.06,0.0664,0.0608,0.072,0.0612,0.0704,0.0668,0.062
0.0528,0.07,0.058,0.0664,0.0612,0.0592,0.0572,0.0624,0.0608,0.066,0.0612,0.0692,0.0612,0.0656,0.0672,0.0616
0.0564,0.0708,0.0584,0.0672,0.062,0.0568,0.056,0.0624,0.0636,0.064,0.0584,0.0712,0.0604,0.0644,0.0644,0.0636
0.0548,0.0724,0.0584,0.066,0.058,0.0592,0.0588,0.0656,0.064,0.0668,0.0552,0.0688,0.0584,0.0636,0.068,0.062
0.0556,0.0744,0.0592,0.0664,0.058,0.0588,0.0544,0.066,0.0652,0.066,0.06,0.0672,0.0628,0.0644,0.0648,0.0568
0.0576,0.0716,0.0588,0.0676,0.0596,0.0572,0.0564,0.0648,0.0648,0.0688,0.0596,0.0644,0.0624,0.0656,0.0644,0.0564
0.0592,0.0696,0.0624,0.0688,0.0608,0.0596,0.0548,0.064,0.064,0.0644,0.0604,0.0648,0.0616,0.0652,0.0672,0.0532
0.062,0.07,0.0616,0.0684,0.062,0.0604,0.0528,0.068,0.0616,0.062,0.0596,0.0648,0.0608,0.068,0.0664,0.0516
0.0644,0.0744,0.06,0.0652,0.0632,0.064,0.0488,0.0672,0.0632,0.0604,0.06,0.062,0.0612,0.068,0.0656,0.0524
0.0664,0.0728,0.0596,0.068,0.062,0.0628,0.052,0.0684,0.0604,0.0608,0.0608,0.0656,0.0596,0.0696,0.0616,0.0496
0.0656,0.0724,0.06,0.0636,0.0604,0.0644,0.0572,0.066,0.0596,0.0608,0.0652,0.066,0.062,0.0676,0.0604,0.0488
0.0668,0.0696,0.062,0.064,0.0592,0.0632,0.0532,0.0636,0.0628,0.0608,0.0656,0.0608,0.0636,0.0696,0.0624,0.0528
0.066,0.0712,0.0636,0.0624,0.06,0.0648,0.0568,0.0636,0.0648,0.0616,0.0628,0.0592,0.0588,0.0668,0.0644,0.0532
0.0672,0.0704,0.0652,0.0648,0.0608,0.0652,0.0576,0.0612,0.06,0.0612,0.062,0.0588,0.06,0.0684,0.0612,0.056
0.0692,0.0672,0.0668,0.0664,0.0592,0.0652,0.0612,0.0628,0.0624,0.0628,0.0624,0.0568,0.06,0.0636,0.0604,0.0536
0.07,0.0656,0.0656,0.0636,0.0636,0.0668,0.0624,0.0604,0.0612,0.06,0.0612,0.06,0.0588,0.0644,0.0608,0.0556
0.0644,0.0648,0.0668,0.0632,0.0648,0.066,0.0664,0.0584,0.0624,0.0584,0.064,0.0584,0.058,0.066,0.062,0.056
0.0644,0.0696,0.0668,0.064,0.062,0.0636,0.0664,0.0568,0.0636,0.0596,0.064,0.0572,0.058,0.0648,0.0596,0.0596
0.0648,0.0668,0.0668,0.0636,0.0576,0.064,0.0668,0.0552,0.0644,0.0652,0.0652,0.0592,0.0572,0.0628,0.0608,0.0596
0.066,0.0688,0.0672,0.0652,0.0568,0.0668,0.0632,0.056,0.0648,0.0616,0.0644,0.058,0.0568,0.0652,0.0612,0.058
0.0644,0.07,0.0648,0.0668,0.0568,0.0628,0.066,0.058,0.0664,0.0568,0.0668,0.0584,0.0572,0.0648,0.0628,0.0572
0.0612,0.0676,0.0656,0.0712,0.0572,0.0604,0.0656,0.06,0.064,0.0572,0.0664,0.06,0.0572,0.0636,0.0648,0.058
0.0596,0.0664,0.0652,0.0728,0.0568,0.0604,0.064,0.0628,0.0668,0.0564,0.0688,0.0592,0.0528,0.0636,0.0644,0.06
0.0636,0.0648,0.064,0.0748,0.0592,0.0592,0.0632,0.062,0.0676,0.0588,0.0656,0.0612,0.0516,0.0624,0.0612,0.0608
0.064,0.0636,0.0632,0.0756,0.0592,0.0608,0.0656,0.0604,0.0644,0.0568,0.064,0.0656,0.0536,0.062,0.06,0.0612
0.0616,0.0672,0.0636,0.078,0.0604,0.0604,0.0648,0.0616,0.066,0.0544,0.0604,0.066,0.0512,0.0616,0.0616,0.0612
0.0592,0.0672,0.0608,0.0776,0.0632,0.0612,0.066,0.0604,0.064,0.0596,0.06,0.0652,0.0516,0.0588,0.0632,0.062
0.0596,0.064,0.06,0.08,0.0644,0.0584,0.0688,0.0612,0.0632,0.058,0.0584,0.064,0.0504,0.0596,0.064,0.066
0.0556,0.0664,0.0608,0.0776,0.0624,0.0596,0.0704,0.0624,0.0644,0.0584,0.0572,0.0624,0.0496,0.0608,0.066,0.066
0.0536,0.0652,0.0576,0.0748,0.0628,0.062,0.0684,0.0656,0.0648,0.054,0.06,0.064,0.0528,0.0568,0.0688,0.0688
0.0576,0.0664,0.0576,0.07,0.0628,0.0632,0.0656,0.0644,0.0644,0.0544,0.0592,0.0644,0.0572,0.0572,0.0668,0.0688
0.0552,0.0664,0.0568,0.0704,0.0632,0.064,0.0644,0.066,0.0652,0.0536,0.0576,0.0656,0.0572,0.0556,0.0684,0.0704
0.056,0.0656,0.0544,0.0736,0.066,0.0608,0.062,0.0672,0.0648,0.0572,0.0572,0.0652,0.0588,0.056,0.0688,0.0664
0.0584,0.066,0.0556,0.0752,0.0624,0.0612,0.0632,0.0664,0.0664,0.0556,0.0572,0.0656,0.06,0.0516,0.0656,0.0696
0.0576,0.0636,0.0592,0.078,0.0632,0.0636,0.0636,0.0656,0.0676,0.054,0.056,0.0668,0.0604,0.0508,0.0644,0.0656
0.0556,0.0668,0.0592,0.0756,0.0648,0.0616,0.06,0.0708,0.0676,0.054,0.0532,0.0664,0.0628,0.0516,0.0636,0.0664
0.0576,0.0656,0.0568,0.0716,0.0668,0.0636,0.0592,0.0672,0.0664,0.056,0.0572,0.0656,0.0604,0.0524,0.0604,0.0732
0.0584,0.062,0.0584,0.0724,0.0684,0.0648,0.0576,0.0672,0.0628,0.054,0.0596,0.0676,0.0592,0.0572,0.0584,0.072
0.0556,0.058,0.06,0.0736,0.0676,0.0664,0.0604,0.066,0.064,0.0544,0.0584,0.0668,0.058,0.0592,0.0592,0.0724
0.0564,0.058,0.058,0.0716,0.0676,0.0656,0.0608,0.0648,0.0604,0.058,0.0604,0.064,0.0596,0.0596,0.06,0.0752
0.054,0.0564,0.0592,0.07,0.0696,0.0668,0.0624,0.0632,0.0608,0.0572,0.0616,0.066,0.0588,0.0596,0.0604,0.074
0.0532,0.0528,0.06,0.07,0.0716,0.0656,0.06,0.064,0.0604,0.0584,0.0636,0.0648,0.0588,0.0624,0.0616,0.0728
0.0512,0.056,0.06,0.0676,0.0716,0.0676,0.0604,0.0604,0.0604,0.0612,0.0648,0.064,0.0588,0.0644,0.0616,0.07
0.0548,0.0564,0.0584,0.0672,0.0668,0.0664,0.0572,0.0596,0.062,0.062,0.066,0.0644,0.0612,0.0656,0.0628,0.0692
0.0548,0.0556,0.0596,0.0672,0.066,0.0668,0.0588,0.0608,0.0644,0.0612,0.064,0.0636,0.0596,0.0612,0.0684,0.068
0.0568,0.0548,0.0608,0.0696,0.0656,0.0644,0.0588,0.058,0.0668,0.0608,0.0656,0.0632,0.0592,0.0628,0.0692,0.0636
0.0556,0.0544,0.0628,0.0648,0.0648,0.0648,0.058,0.0604,0.0688,0.06,0.0652,0.0644,0.0596,0.0632,0.0688,0.0644
0.0576,0.0532,0.0632,0.0636,0.0644,0.066,0.0588,0.0588,0.0692,0.0604,0.0648,0.064,0.0612,0.0636,0.0692,0.062
0.056,0.0508,0.0632,0.0616,0.0648,0.0656,0.0572,0.0592,0.0692,0.0616,0.0692,0.0672,0.0576,0.0652,0.0696,0.062
0.052,0.0492,0.0632,0.0644,0.0652,0.0692,0.0576,0.056,0.0684,0.062,0.0692,0.0652,0.0576,0.0664,0.0688,0.0656
0.052,0.0516,0.062,0.062,0.0656,0.0712,0.0564,0.058,0.0652,0.062,0.0696,0.0648,0.0608,0.0668,0.0648,0.0672
0.0512,0.0544,0.0632,0.0616,0.0656,0.0728,0.0596,0.0576,0.0644,0.0624,0.0712,0.0628,0.0596,0.0656,0.0624,0.0656
0.0528,0.052,0.0688,0.062,0.064,0.0728,0.0568,0.0604,0.0644,0.0636,0.068,0.0612,0.0588,0.0644,0.0628,0.0672
0.0564,0.0604,0.0664,0.062,0.062,0.0736,0.0536,0.0608,0.0636,0.0612,0.0668,0.0616,0.0592,0.0648,0.062,0.0656
0.06,0.0564,0.066,0.0644,0.0636,0.0708,0.0552,0.0632,0.0608,0.0628,0.066,0.062,0.06,0.0624,0.0624,0.064
0.0604,0.0572,0.064,0.066,0.0676,0.0696,0.0556,0.0672,0.0568,0.064,0.0668,0.06,0.06,0.06,0.0592,0.0656
0.0612,0.0576,0.0644,0.0652,0.0676,0.0708,0.054,0.0676,0.0572,0.066,0.068,0.058,0.0596,0.0612,0.0608,0.0608
0.0592,0.0592,0.0656,0.0648,0.0664,0.0736,0.054,0.068,0.056,0.0616,0.0696,0.0568,0.0596,0.0624,0.062,0.0612
0.062,0.0588,0.064,0.0664,0.0656,0.072,0.056,0.0664,0.0556,0.0564,0.0708,0.0556,0.06,0.0624,0.064,0.064
0.06,0.0596,0.0664,0.0668,0.0644,0.0704,0.0544,0.0632,0.058,0.0596,0.07,0.0552,0.0596,0.0636,0.0628,0.066
0.0596,0.06,0.0652,0.064,0.0648,0.0656,0.054,0.0656,0.0616,0.0624,0.0704,0.0552,0.0608,0.0612,0.0632,0.0664
0.0624,0.0624,0.0628,0.0636,0.0624,0.0684,0.0528,0.0644,0.0644,0.0608,0.0704,0.0536,0.0588,0.0596,0.0676,0.0656
0.0612,0.0648,0.0612,0.0636,0.0624,0.066,0.05,0.064,0.0692,0.0608,0.0684,0.0544,0.0596,0.0628,0.0672,0.0644
0.0596,0.064,0.0612,0.062,0.0612,0.0656,0.0512,0.064,0.0708,0.0628,0.0708,0.0508,0.0608,0.0652,0.0664,0.0636
0.0596,0.0632,0.062,0.0636,0.0604,0.064,0.0552,0.064,0.0736,0.0632,0.0708,0.048,0.0568,0.066,0.0676,0.062
0.0604,0.062,0.0644,0.0644,0.0592,0.064,0.0524,0.068,0.0716,0.0652,0.0692,0.0468,0.056,0.0684,0.0676,0.0604
0.0576,0.0636,0.0664,0.0624,0.0572,0.0648,0.0516,0.0708,0.0712,0.0648,0.0744,0.0492,0.0556,0.0624,0.0684,0.0596
0.0628,0.0628,0.0688,0.0632,0.0596,0.0616,0.0512,0.068,0.0692,0.0688,0.0724,0.0492,0.0544,0.0636,0.066,0.0584
0.0644,0.0624,0.0684,0.0616,0.0612,0.062,0.0516,0.0688,0.068,0.0688,0.0748,0.0524,0.0524,0.0632,0.0616,0.0584
0.0636,0.0636,0.0684,0.0608,0.064,0.0608,0.0532,0.068,0.0672,0.0668,0.0712,0.0532,0.0556,0.0652,0.0616,0.0568
0.0644,0.0624,0.068,0.0628,0.0672,0.0572,0.056,0.0656,0.0668,0.0692,0.0744,0.0536,0.0548,0.0624,0.06,0.0552
0.064,0.0632,0.0692,0.0628,0.0656,0.0576,0.0576,0.0636,0.0692,0.0656,0.0732,0.0528,0.0572,0.0636,0.0592,0.0556
0.0656,0.0636,0.0692,0.0628,0.0664,0.0576,0.06,0.0612,0.0708,0.066,0.0692,0.0516,0.0536,0.0632,0.0612,0.058
0.0664,0.0624,0.07,0.064,0.068,0.062,0.0572,0.0624,0.0692,0.0664,0.0676,0.0516,0.052,0.0612,0.0624,0.0572
0.0652,0.0628,0.07,0.064,0.068,0.0592,0.06,0.06,0.0664,0.066,0.0692,0.0544,0.052,0.0596,0.0636,0.0596
0.0612,0.0608,0.0668,0.0632,0.0704,0.0568,0.0612,0.0632,0.0704,0.0688,0.068,0.0512,0.0548,0.0592,0.0652,0.0588
0.062,0.0616,0.066,0.0616,0.0696,0.0548,0.062,0.062,0.0704,0.0708,0.0684,0.0544,0.0552,0.0576,0.0644,0.0592
0.0624,0.06,0.0648,0.0616,0.0716,0.0548,0.0636,0.0628,0.0668,0.0688,0.0712,0.0556,0.0552,0.0568,0.0656,0.0584
0.06,0.0628,0.0628,0.0608,0.0732,0.054,0.0628,0.0632,0.0652,0.0692,0.0692,0.058,0.0548,0.0564,0.0684,0.0592
0.0592,0.0636,0.064,0.0616,0.0716,0.058,0.058,0.0628,0.0664,0.066,0.0704,0.0568,0.056,0.058,0.0676,0.06
0.0608,0.064,0.0624,0.0652,0.0708,0.0596,0.0596,0.062,0.0656,0.0656,0.0732,0.056,0.0548,0.0568,0.0668,0.0568
0.0608,0.0612,0.0628,0.0676,0.0728,0.0572,0.0592,0.0604,0.0668,0.0676,0.0736,0.052,0.0556,0.0568,0.066,0.0596
0.062,0.0596,0.0612,0.068,0.0732,0.0572,0.0588,0.064,0.0704,0.0684,0.0712,0.0532,0.0532,0.0572,0.064,0.0584
0.0632,0.0588,0.0612,0.068,0.0724,0.0564,0.0588,0.0624,0.068,0.0672,0.0736,0.0516,0.0564,0.0576,0.0632,0.0612
0.062,0.0616,0.06,0.0672,0.0688,0.0552,0.056,0.0648,0.0656,0.0676,0.0744,0.0556,0.0604,0.0552,0.0644,0.0612
0.0584,0.0612,0.0604,0.068,0.0664,0.0552,0.0572,0.0636,0.0648,0.0704,0.074,0.056,0.058,0.0588,0.0676,0.06
0.056,0.0644,0.06,0.0684,0.0664,0.0584,0.058,0.0644,0.0668,0.0692,0.072,0.0572,0.0556,0.0584,0.064,0.0608
0.0528,0.0652,0.0588,0.0704,0.0668,0.062,0.056,0.0648,0.066,0.0688,0.0724,0.0584,0.0536,0.0604,0.0612,0.0624
0.056,0.0676,0.0584,0.0696,0.0668,0.0632,0.0592,0.062,0.0652,0.0632,0.0708,0.0568,0.0552,0.0612,0.0624,0.0624
0.0568,0.066,0.058,0.0708,0.0668,0.062,0.0612,0.0624,0.0652,0.0652,0.07,0.0576,0.0556,0.0596,0.062,0.0608
0.0568,0.0632,0.0588,0.0716,0.0676,0.0604,0.0616,0.0616,0.0664,0.0648,0.0716,0.0572,0.0568,0.0592,0.0608,0.0616
0.0592,0.0596,0.0588,0.0712,0.0692,0.0608,0.0632,0.064,0.064,0.0656,0.0688,0.0532,0.0588,0.0588,0.064,0.0608
0.0608,0.06,0.0616,0.0692,0.068,0.0604,0.0608,0.0632,0.0616,0.0664,0.0644,0.0544,0.0612,0.0616,0.0628,0.0636
0.0624,0.0612,0.0604,0.0704,0.0684,0.0584,0.0624,0.0652,0.0612,0.0652,0.066,0.0548,0.0588,0.0644,0.0592,0.0616
0.062,0.0648,0.0624,0.072,0.0656,0.0568,0.0624,0.066,0.0624,0.0636,0.0644,0.0536,0.0596,0.0656,0.0564,0.0624
0.0632,0.0616,0.0656,0.0704,0.0636,0.0572,0.064,0.0624,0.0616,0.064,0.0636,0.0548,0.058,0.0664,0.0572,0.0664
0.0636,0.0604,0.064,0.0708,0.0668,0.0584,0.0624,0.0652,0.0628,0.0636,0.0636,0.052,0.0568,0.064,0.0604,0.0652
0.0652,0.0568,0.0632,0.0684,0.0644,0.0568,0.0636,0.0668,0.062,0.0624,0.066,0.0548,0.0592,0.0636,0.0616,0.0652
0.0648,0.0596,0.0616,0.0712,0.0608,0.0604,0.064,0.0656,0.06,0.0628,0.0636,0.0568,0.06,0.062,0.0628,0.064
0.0608,0.0596,0.062,0.0692,0.0596,0.0576,0.0648,0.0624,0.0616,0.0624,0.0668,0.0592,0.0604,0.0644,0.0624,0.0668
0.0628,0.0584,0.0632,0.068,0.0568,0.0588,0.064,0.0664,0.0632,0.0576,0.0656,0.0596,0.06,0.064,0.064,0.0676
0.0624,0.0608,0.062,0.0636,0.0576,0.0552,0.064,0.0684,0.0676,0.058,0.0656,0.0584,0.0632,0.0624,0.0632,0.0676
0.0628,0.0596,0.0616,0.0644,0.0604,0.058,0.066,0.0632,0.0648,0.0564,0.066,0.062,0.0636,0.0612,0.0636,0.0664
0.0648,0.06,0.0628,0.064,0.0616,0.0564,0.0648,0.0636,0.0668,0.056,0.0656,0.0572,0.066,0.06,0.0624,0.068
