C_R,C_A,C_S,C_N,D_R,D_A,D_S,D_N,Oc_R,Oc_A,Oc_S,Oc_N,Od_R,Od_A,Od_S,Od_N
1.0,0.0,0.0,0.0,0.0,0.0,0.0,0.0,0.0,0.0,0.0,0.0,0.0,0.0,0.0,0.0
0.5,0.5,0.0,0.0,0.0,0.0,0.0,0.0,0.0,0.0,0.0,0.0,0.0,0.0,0.0,0.0
0.5,0.5,0.0,0.0,0.0,0.0,0.0,0.0,0.0,0.0,0.0,0.0,0.0,0.0,0.0,0.0
0.25,0.25,0.0,0.0,0.0,0.0,0.0,0.0,0.0,0.0,0.0,0.0,0.0,0.0,0.0,0.5
0.2,0.2,0.0,0.0,0.0,0.2,0.0,0.0,0.0,0.0,0.0,0.0,0.0,0.0,0.0,0.4
0.2,0.4,0.0,0.0,0.0,0.2,0.0,0.0,0.0,0.0,0.0,0.0,0.0,0.0,0.0,0.2
0.2,0.2,0.2,0.0,0.0,0.2,0.0,0.0,0.0,0.0,0.0,0.0,0.0,0.0,0.0,0.2
0.1111111111111111,0.2222222222222222,0.1111111111111111,0.0,0.0,0.2222222222222222,0.0,0.0,0.0,0.0,0.0,0.0,0.0,0.0,0.1111111111111111,0.2222222222222222
0.08333333333333333,0.08333333333333333,0.08333333333333333,0.0,0.0,0.25,0.0,0.0,0.0,0.0,0.0,0.16666666666666666,0.0,0.0,0.08333333333333333,0.25
0.06666666666666667,0.13333333333333333,0.06666666666666667,0.0,0.0,0.2,0.0,0.06666666666666667,0.0,0.0,0.0,0.13333333333333333,0.0,0.0,0.06666666666666667,0.26666666666666666
0.06666666666666667,0.06666666666666667,0.13333333333333333,0.0,0.0,0.06666666666666667,0.06666666666666667,0.06666666666666667,0.0,0.0,0.0,0.13333333333333333,0.0,0.0,0.06666666666666667,0.3333333333333333
0.125,0.0625,0.0625,0.0,0.0,0.0625,0.0625,0.0625,0.0,0.0,0.0,0.1875,0.0,0.0,0.0625,0.3125
0.14285714285714285,0.09523809523809523,0.09523809523809523,0.0,0.0,0.047619047619047616,0.09523809523809523,0.047619047619047616,0.0,0.0,0.0,0.23809523809523808,0.0,0.0,0.0,0.23809523809523808
0.13043478260869565,0.043478260869565216,0.08695652173913043,0.0,0.0,0.043478260869565216,0.08695652173913043,0.08695652173913043,0.0,0.0,0.0,0.21739130434782608,0.0,0.043478260869565216,0.0,0.2608695652173913
0.125,0.041666666666666664,0.08333333333333333,0.0,0.0,0.08333333333333333,0.08333333333333333,0.08333333333333333,0.0,0.0,0.0,0.20833333333333334,0.0,0.041666666666666664,0.0,0.25
0.1724137931034483,0.034482758620689655,0.06896551724137931,0.0,0.0,0.06896551724137931,0.06896551724137931,0.06896551724137931,0.0,0.0,0.0,0.20689655172413793,0.0,0.06896551724137931,0.0,0.2413793103448276
0.18181818181818182,0.030303030303030304,0.09090909090909091,0.0,0.030303030303030304,0.06060606060606061,0.06060606060606061,0.030303030303030304,0.0,0.0,0.0,0.21212121212121213,0.0,0.06060606060606061,0.0,0.24242424242424243
0.18421052631578946,0.02631578947368421,0.05263157894736842,0.0,0.02631578947368421,0.05263157894736842,0.10526315789473684,0.02631578947368421,0.0,0.0,0.0,0.18421052631578946,0.0,0.05263157894736842,0.0,0.2894736842105263
0.2,0.025,0.025,0.0,0.025,0.1,0.125,0.0,0.0,0.0,0.0,0.175,0.0,0.075,0.0,0.25
0.21153846153846154,0.019230769230769232,0.019230769230769232,0.0,0.019230769230769232,0.11538461538461539,0.1346153846153846,0.0,0.0,0.0,0.0,0.1346153846153846,0.0,0.07692307692307693,0.019230769230769232,0.25
0.20634920634920634,0.015873015873015872,0.015873015873015872,0.0,0.015873015873015872,0.1111111111111111,0.12698412698412698,0.0,0.0,0.0,0.015873015873015872,0.12698412698412698,0.0,0.07936507936507936,0.015873015873015872,0.2698412698412698
0.21621621621621623,0.013513513513513514,0.02702702702702703,0.0,0.013513513513513514,0.10810810810810811,0.14864864864864866,0.013513513513513514,0.0,0.0,0.02702702702702703,0.0945945945945946,0.0,0.05405405405405406,0.013513513513513514,0.2702702702702703
0.23595505617977527,0.011235955056179775,0.02247191011235955,0.0,0.011235955056179775,0.11235955056179775,0.12359550561797752,0.011235955056179775,0.0,0.0,0.0449438202247191,0.10112359550561797,0.0,0.07865168539325842,0.011235955056179775,0.23595505617977527
0.24509803921568626,0.00980392156862745,0.029411764705882353,0.00980392156862745,0.0196078431372549,0.11764705882352941,0.11764705882352941,0.0,0.0,0.0,0.029411764705882353,0.09803921568627451,0.0,0.06862745098039216,0.0196078431372549,0.23529411764705882
0.256,0.008,0.016,0.016,0.016,0.12,0.112,0.016,0.016,0.0,0.024,0.08,0.0,0.072,0.024,0.224
0.23404255319148937,0.0070921985815602835,0.028368794326241134,0.014184397163120567,0.02127659574468085,0.12056737588652482,0.10638297872340426,0.014184397163120567,0.02127659574468085,0.0,0.028368794326241134,0.0851063829787234,0.0,0.07801418439716312,0.0070921985815602835,0.23404255319148937
0.2275449101796407,0.005988023952095809,0.03592814371257485,0.017964071856287425,0.023952095808383235,0.10778443113772455,0.10778443113772455,0.005988023952095809,0.029940119760479042,0.005988023952095809,0.03592814371257485,0.08383233532934131,0.0,0.08982035928143713,0.017964071856287425,0.20359281437125748
0.2193877551020408,0.01020408163265306,0.04591836734693878,0.02040816326530612,0.025510204081632654,0.08163265306122448,0.11224489795918367,0.00510204081632653,0.04081632653061224,0.00510204081632653,0.03571428571428571,0.08673469387755102,0.0,0.09183673469387756,0.015306122448979591,0.20408163265306123
0.22077922077922077,0.008658008658008658,0.04329004329004329,0.030303030303030304,0.017316017316017316,0.08225108225108226,0.11255411255411256,0.004329004329004329,0.04329004329004329,0.004329004329004329,0.047619047619047616,0.09090909090909091,0.0,0.09090909090909091,0.012987012987012988,0.19047619047619047
0.21011673151750973,0.007782101167315175,0.038910505836575876,0.0311284046692607,0.023346303501945526,0.08560311284046693,0.11284046692607004,0.0038910505836575876,0.038910505836575876,0.0038910505836575876,0.038910505836575876,0.0933852140077821,0.0,0.08560311284046693,0.01556420233463035,0.21011673151750973
0.21379310344827587,0.006896551724137931,0.03793103448275862,0.027586206896551724,0.02413793103448276,0.08620689655172414,0.11724137931034483,0.0034482758620689655,0.034482758620689655,0.0034482758620689655,0.041379310344827586,0.0896551724137931,0.0,0.1,0.013793103448275862,0.2
0.22324159021406728,0.0061162079510703364,0.027522935779816515,0.03363914373088685,0.021406727828746176,0.0764525993883792,0.12232415902140673,0.0061162079510703364,0.03669724770642202,0.0030581039755351682,0.05504587155963303,0.09174311926605505,0.0,0.09480122324159021,0.012232415902140673,0.18960244648318042
0.19662921348314608,0.0028089887640449437,0.028089887640449437,0.03089887640449438,0.025280898876404494,0.09550561797752809,0.12921348314606743,0.0056179775280898875,0.03932584269662921,0.0028089887640449437,0.05337078651685393,0.08426966292134831,0.0,0.0898876404494382,0.028089887640449437,0.18820224719101122
0.19799498746867167,0.005012531328320802,0.02506265664160401,0.042606516290726815,0.022556390977443608,0.10275689223057644,0.13283208020050125,0.007518796992481203,0.03258145363408521,0.005012531328320802,0.05012531328320802,0.08020050125313283,0.0,0.09774436090225563,0.02506265664160401,0.17293233082706766
0.19036697247706422,0.006880733944954129,0.027522935779816515,0.05045871559633028,0.022935779816513763,0.11238532110091744,0.13073394495412843,0.011467889908256881,0.03211009174311927,0.009174311926605505,0.05733944954128441,0.07568807339449542,0.0,0.0963302752293578,0.022935779816513763,0.1536697247706422
0.1888412017167382,0.004291845493562232,0.030042918454935622,0.05150214592274678,0.02145922746781116,0.11373390557939914,0.12875536480686695,0.01072961373390558,0.027896995708154508,0.017167381974248927,0.060085836909871244,0.07296137339055794,0.002145922746781116,0.09227467811158799,0.023605150214592276,0.15450643776824036
0.194,0.006,0.034,0.052,0.026,0.126,0.128,0.012,0.032,0.014,0.052,0.064,0.006,0.094,0.018,0.142
0.17259786476868327,0.005338078291814947,0.030249110320284697,0.060498220640569395,0.023131672597864767,0.13345195729537365,0.12455516014234876,0.0071174377224199285,0.028469750889679714,0.012455516014234875,0.05516014234875445,0.05871886120996441,0.008896797153024912,0.099644128113879,0.026690391459074734,0.15302491103202848
0.1772357723577236,0.004878048780487805,0.030894308943089432,0.061788617886178863,0.024390243902439025,0.13333333333333333,0.11382113821138211,0.008130081300813009,0.026016260162601626,0.011382113821138212,0.055284552845528454,0.06016260162601626,0.008130081300813009,0.0959349593495935,0.026016260162601626,0.16260162601626016
0.18562874251497005,0.008982035928143712,0.03293413173652695,0.06736526946107785,0.025449101796407185,0.13622754491017963,0.1092814371257485,0.008982035928143712,0.02694610778443114,0.010479041916167664,0.04940119760479042,0.061377245508982034,0.010479041916167664,0.08233532934131736,0.02694610778443114,0.15718562874251496
0.17304964539007092,0.01276595744680851,0.032624113475177303,0.062411347517730496,0.02695035460992908,0.14468085106382977,0.1049645390070922,0.00851063829787234,0.029787234042553193,0.011347517730496455,0.04822695035460993,0.06524822695035461,0.009929078014184398,0.08652482269503546,0.02269503546099291,0.16028368794326242
0.1566757493188011,0.01226158038147139,0.0340599455040872,0.05722070844686648,0.02997275204359673,0.14305177111716622,0.10490463215258855,0.008174386920980926,0.02861035422343324,0.01226158038147139,0.05449591280653951,0.07084468664850137,0.01226158038147139,0.09400544959128065,0.02452316076294278,0.1566757493188011
0.15949367088607594,0.017721518987341773,0.03670886075949367,0.05443037974683544,0.030379746835443037,0.13670886075949368,0.10126582278481013,0.006329113924050633,0.03164556962025317,0.012658227848101266,0.060759493670886074,0.06582278481012659,0.013924050632911392,0.09746835443037975,0.024050632911392405,0.15063291139240506
0.16121212121212122,0.020606060606060607,0.03272727272727273,0.055757575757575756,0.03515151515151515,0.13454545454545455,0.0993939393939394,0.008484848484848486,0.03272727272727273,0.012121212121212121,0.059393939393939395,0.06787878787878789,0.013333333333333334,0.09333333333333334,0.024242424242424242,0.14909090909090908
0.17084282460136674,0.02164009111617312,0.030751708428246014,0.05353075170842825,0.03189066059225513,0.1378132118451025,0.09453302961275627,0.011389521640091117,0.02847380410022779,0.012528473804100227,0.05922551252847381,0.07403189066059225,0.01366742596810934,0.08997722095671981,0.022779043280182234,0.1469248291571754
0.17400644468313642,0.023630504833512353,0.031149301825993556,0.05370569280343716,0.03759398496240601,0.13748657357679914,0.09129967776584318,0.010741138560687433,0.03007518796992481,0.011815252416756176,0.06552094522019335,0.07303974221267455,0.015037593984962405,0.08807733619763695,0.018259935553168637,0.1385606874328679
0.1785345717234262,0.026831785345717233,0.030959752321981424,0.05159958720330237,0.0412796697626419,0.1393188854489164,0.0825593395252838,0.011351909184726523,0.02786377708978328,0.013415892672858616,0.0629514963880289,0.07120743034055728,0.016511867905056758,0.09287925696594428,0.0196078431372549,0.13312693498452013
0.18137254901960784,0.026470588235294117,0.03333333333333333,0.056862745098039215,0.04215686274509804,0.1323529411764706,0.08235294117647059,0.00980392156862745,0.029411764705882353,0.014705882352941176,0.058823529411764705,0.0696078431372549,0.01568627450980392,0.09215686274509804,0.021568627450980392,0.13333333333333333
0.18121442125237192,0.026565464895635674,0.03795066413662239,0.056925996204933584,0.04364326375711575,0.13757115749525617,0.08633776091081594,0.009487666034155597,0.028462998102466792,0.013282732447817837,0.05977229601518026,0.06925996204933586,0.017077798861480076,0.0825426944971537,0.019924098671726755,0.12998102466793168
0.17844202898550723,0.024456521739130436,0.04076086956521739,0.0552536231884058,0.04528985507246377,0.12771739130434784,0.08786231884057971,0.01177536231884058,0.03170289855072464,0.016304347826086956,0.05615942028985507,0.0769927536231884,0.019021739130434784,0.08333333333333333,0.020833333333333332,0.12409420289855072
0.17881944444444445,0.024305555555555556,0.04079861111111111,0.059895833333333336,0.04774305555555555,0.13541666666666666,0.08940972222222222,0.011284722222222222,0.033854166666666664,0.017361111111111112,0.0546875,0.07378472222222222,0.017361111111111112,0.07725694444444445,0.022569444444444444,0.1154513888888889
0.17051070840197693,0.026359143327841845,0.04118616144975288,0.057660626029654036,0.048599670510708404,0.13838550247116968,0.09637561779242175,0.01070840197693575,0.03212520593080725,0.018945634266886325,0.054365733113673806,0.07248764415156507,0.01729818780889621,0.07907742998352553,0.023064250411861616,0.1128500823723229
0.17405063291139242,0.02610759493670886,0.040348101265822785,0.05775316455696203,0.048259493670886076,0.1360759493670886,0.09414556962025317,0.00870253164556962,0.03243670886075949,0.01977848101265823,0.056962025316455694,0.07278481012658228,0.01819620253164557,0.07515822784810126,0.02610759493670886,0.11313291139240507
0.17553191489361702,0.028875379939209727,0.04027355623100304,0.057750759878419454,0.05015197568389058,0.13221884498480244,0.09270516717325228,0.008358662613981762,0.030395136778115502,0.020516717325227963,0.05623100303951368,0.07750759878419453,0.019756838905775075,0.07142857142857142,0.02735562310030395,0.11094224924012158
0.17303532804614274,0.03028118240807498,0.03893294881038212,0.05767844268204758,0.05118961788031723,0.13121845710165825,0.09300648882480173,0.007930785868781542,0.032444124008651765,0.021629416005767843,0.05767844268204758,0.07858687815428983,0.01946647440519106,0.07137707281903388,0.032444124008651765,0.10310021629416005
0.1724137931034483,0.03166783954961295,0.04292751583391977,0.06052076002814919,0.04996481351161154,0.12596762843068263,0.09429978888106967,0.009148486980999296,0.03166783954961295,0.019000703729767768,0.05840957072484166,0.07952146375791697,0.017593244194229415,0.07389162561576355,0.036593947923997186,0.0964109781843772
0.17445054945054944,0.03296703296703297,0.04189560439560439,0.061126373626373624,0.04945054945054945,0.1311813186813187,0.08791208791208792,0.008928571428571428,0.032280219780219783,0.018543956043956044,0.052884615384615384,0.0782967032967033,0.016483516483516484,0.07417582417582418,0.03777472527472527,0.10164835164835165
0.17,0.029333333333333333,0.04,0.064,0.04533333333333334,0.13666666666666666,0.08933333333333333,0.011333333333333334,0.03266666666666666,0.02,0.050666666666666665,0.08533333333333333,0.016,0.07333333333333333,0.04,0.096
0.1681877444589309,0.029335071707953065,0.04302477183833116,0.059322033898305086,0.04954367666232073,0.13689700130378096,0.08344198174706649,0.012385919165580182,0.03259452411994785,0.020208604954367666,0.05345501955671447,0.08735332464146023,0.01564537157757497,0.07366362451108213,0.038461538461538464,0.09647979139504563
0.16496815286624203,0.02929936305732484,0.04076433121019108,0.05923566878980892,0.04904458598726115,0.1337579617834395,0.08598726114649681,0.01464968152866242,0.02802547770700637,0.021019108280254776,0.055414012738853505,0.08789808917197452,0.01464968152866242,0.07643312101910828,0.038853503184713374,0.1
0.15776550030693678,0.030693677102516883,0.04112952731737262,0.06261510128913444,0.04665438919582566,0.13996316758747698,0.08348680171884591,0.012277470841006752,0.028238182934315532,0.02394106813996317,0.055248618784530384,0.08717004297114794,0.015346838551258441,0.07734806629834254,0.03806015960712093,0.10006138735420503
0.16125150421179302,0.029482551143200964,0.04091456077015644,0.061371841155234655,0.04753309265944645,0.1444043321299639,0.07942238267148015,0.011432009626955475,0.02527075812274368,0.024067388688327317,0.060770156438026475,0.08965102286401926,0.017448856799037304,0.07460890493381468,0.040312876052948254,0.09205776173285199
0.1588235294117647,0.031176470588235295,0.04588235294117647,0.057058823529411766,0.04823529411764706,0.14294117647058824,0.07823529411764706,0.013529411764705882,0.027647058823529413,0.027058823529411764,0.061764705882352944,0.08705882352941176,0.019411764705882354,0.07470588235294118,0.039411764705882354,0.08705882352941176
0.1518324607329843,0.031413612565445025,0.051774287376381616,0.0535194880744619,0.048283885980221056,0.14136125654450263,0.08027923211169284,0.01687027341477603,0.027341477603257707,0.02675974403723095,0.06108202443280977,0.08784176847004072,0.019197207678883072,0.07329842931937172,0.038394415357766144,0.09075043630017451
0.1451520367183018,0.03155479059093517,0.051061388410786,0.055651176133103844,0.04876649454962708,0.13769363166953527,0.08032128514056225,0.01721170395869191,0.030407343660355707,0.026965002868617326,0.058519793459552494,0.09122203098106713,0.021801491681009755,0.07802639127940333,0.03843947217441193,0.08720596672403902
0.14594894561598223,0.029966703662597113,0.049389567147613764,0.05549389567147614,0.049389567147613764,0.13485016648168702,0.08435072142064373,0.017203107658157604,0.031631520532741396,0.02830188679245283,0.06270810210876804,0.08934517203107659,0.021087680355160933,0.07380688124306327,0.03773584905660377,0.08879023307436182
0.1402936378466558,0.03099510603588907,0.046220772158781946,0.05600870038064165,0.052202283849918436,0.13268080478520936,0.08537248504622078,0.018488308863512777,0.03099510603588907,0.030451332245785754,0.06090266449157151,0.08809135399673736,0.021207177814029365,0.07939097335508428,0.040783034257748776,0.08591625883632409
0.13727560718057022,0.03009503695881732,0.049102428722280884,0.054910242872228086,0.0501583949313622,0.12882787750791974,0.08553326293558607,0.019535374868004225,0.030623020063357972,0.03009503695881732,0.06282998944033791,0.09292502639915523,0.022175290390707498,0.0723336853220697,0.046462513199577615,0.08711721224920803
0.13720316622691292,0.02849604221635884,0.04802110817941953,0.05329815303430079,0.05382585751978892,0.13298153034300791,0.08496042216358839,0.022691292875989446,0.02955145118733509,0.027440633245382585,0.0633245382585752,0.09182058047493404,0.02321899736147757,0.0733509234828496,0.04221635883905013,0.08759894459102903
0.13457556935817805,0.026397515527950312,0.04813664596273292,0.05538302277432712,0.051759834368530024,0.13664596273291926,0.08799171842650104,0.021739130434782608,0.030538302277432712,0.030538302277432712,0.06055900621118013,0.08850931677018634,0.023291925465838508,0.07660455486542443,0.04399585921325052,0.08333333333333333
0.12651209677419356,0.026713709677419355,0.04889112903225806,0.05695564516129032,0.05090725806451613,0.14112903225806453,0.08770161290322581,0.02217741935483871,0.029737903225806453,0.029233870967741934,0.06149193548387097,0.08921370967741936,0.025705645161290324,0.07308467741935484,0.046370967741935484,0.08417338709677419
0.12914572864321608,0.02864321608040201,0.05075376884422111,0.053266331658291456,0.04824120603015075,0.14170854271356784,0.08442211055276382,0.022110552763819097,0.02914572864321608,0.02613065326633166,0.06080402010050251,0.0899497487437186,0.02613065326633166,0.07939698492462312,0.04824120603015075,0.08190954773869347
0.12874692874692875,0.02702702702702703,0.04914004914004914,0.056511056511056514,0.04520884520884521,0.14496314496314497,0.08501228501228501,0.02506142506142506,0.02800982800982801,0.02702702702702703,0.06388206388206388,0.09434889434889435,0.02506142506142506,0.07665847665847667,0.046191646191646195,0.07714987714987714
0.12798053527980535,0.02579075425790754,0.05012165450121654,0.05742092457420925,0.04476885644768856,0.13576642335766423,0.08661800486618004,0.024330900243309004,0.029683698296836983,0.02579075425790754,0.06520681265206812,0.09537712895377129,0.024330900243309004,0.07980535279805352,0.045742092457420926,0.08126520681265206
0.125,0.0263671875,0.05224609375,0.05908203125,0.0439453125,0.134765625,0.08935546875,0.0224609375,0.029296875,0.029296875,0.0693359375,0.08984375,0.0244140625,0.07861328125,0.04638671875,0.07958984375
0.12408759124087591,0.026277372262773723,0.05206812652068127,0.05693430656934306,0.04476885644768856,0.13236009732360096,0.08710462287104623,0.02141119221411192,0.026277372262773723,0.028710462287104624,0.0705596107055961,0.09343065693430656,0.02579075425790754,0.08077858880778589,0.04720194647201947,0.08223844282238443
0.12367661212704524,0.02598652550529355,0.05245428296438884,0.05919153031761309,0.04234841193455245,0.13715110683349374,0.0846968238691049,0.02213666987487969,0.026948989412897015,0.026948989412897015,0.0726660250240616,0.0933589990375361,0.026467757459095284,0.07699711260827719,0.05101058710298364,0.07795957651588066
0.12219570405727924,0.025298329355608593,0.05441527446300716,0.05489260143198091,0.04152744630071599,0.13747016706443915,0.08162291169451073,0.024821002386634844,0.028162291169451074,0.028162291169451074,0.07016706443914081,0.0973747016706444,0.026252983293556086,0.079236276849642,0.050119331742243436,0.0782816229116945
0.1224976167778837,0.026215443279313633,0.053860819828408006,0.05862726406101049,0.03956148713060057,0.1344137273593899,0.07959961868446139,0.025262154432793137,0.028598665395614873,0.02716873212583413,0.06959008579599618,0.09914204003813155,0.02716873212583413,0.0786463298379409,0.05147759771210677,0.07816968541468065
0.12423529411764705,0.024941176470588234,0.05270588235294118,0.06211764705882353,0.0371764705882353,0.13505882352941176,0.08,0.02588235294117647,0.031058823529411764,0.025411764705882352,0.06776470588235294,0.09741176470588235,0.02823529411764706,0.07858823529411765,0.05270588235294118,0.07670588235294118
0.12228517469310671,0.02502360717658168,0.05193578847969783,0.06232294617563739,0.04107648725212465,0.13408876298394712,0.08356940509915015,0.025967894239848913,0.031161473087818695,0.02644003777148253,0.0679886685552408,0.09773371104815864,0.02785646836638338,0.07837582625118036,0.05288007554296506,0.07129367327667611
0.1240018788163457,0.024424612494128698,0.05354626585251292,0.06294034758102396,0.04180366369187412,0.13292625645843117,0.08548614372945045,0.02677313292625646,0.033818694222639736,0.025364020666979802,0.06904650070455613,0.099577266322217,0.028651949271958667,0.07045561296383279,0.04931892907468295,0.07186472522310944
0.12577417818008577,0.027632205812291567,0.05288232491662696,0.06383992377322535,0.04383039542639352,0.12863268222963317,0.08242020009528347,0.0281086231538828,0.03525488327775131,0.0266793711291091,0.07146260123868509,0.09909480705097666,0.028585040495474036,0.07050976655550262,0.050976655550262026,0.06431634111481659
0.12941176470588237,0.02776470588235294,0.05270588235294118,0.06823529411764706,0.04094117647058824,0.12564705882352942,0.08047058823529411,0.029176470588235293,0.03670588235294118,0.02776470588235294,0.06729411764705882,0.09929411764705882,0.02823529411764706,0.072,0.04752941176470588,0.06682352941176471
0.12751050910789352,0.030826716487622606,0.04997664642690332,0.06632414759458197,0.04297057449789818,0.1279775805698272,0.07940214852872489,0.03035964502568893,0.03503035964502569,0.026623073330219522,0.06212050443717889,0.10555815039701075,0.029425502101821578,0.07379729098552079,0.04950957496496964,0.06258757589911257
0.12136594370096908,0.029995385325334564,0.050299953853253344,0.06460544531610521,0.04060913705583756,0.12690355329949238,0.08167974157821874,0.029533917858790955,0.03876326718966313,0.026303645592985696,0.063682510383018,0.10429164743885556,0.029533917858790955,0.07660359944623904,0.05122288878634056,0.06460544531610521
0.11654135338345864,0.028665413533834585,0.046522556390977444,0.06672932330827068,0.04182330827067669,0.12453007518796992,0.081296992481203,0.03148496240601504,0.040413533834586464,0.02819548872180451,0.06578947368421052,0.10385338345864661,0.030545112781954886,0.07800751879699248,0.04887218045112782,0.06672932330827068
0.11795357650402653,0.027475130270014213,0.04784462340123164,0.05921364282330649,0.04216011369019422,0.12363808621506395,0.08100426338228328,0.030317385125532923,0.037423022264329704,0.02794883941260066,0.06442444339175746,0.10563713879677877,0.031264803410705824,0.07768829938417811,0.05447655139744197,0.07153008053055424
0.12109920819748486,0.02654867256637168,0.04937121564974383,0.05728924080111784,0.04611085235211924,0.12203074056823475,0.07731718677224034,0.032603632976245925,0.035398230088495575,0.02887750349324639,0.06334420121099209,0.10572892408011178,0.0312063344201211,0.07778295295761528,0.053563111318118306,0.07172799254774104
0.12459016393442623,0.030913348946135833,0.047775175644028105,0.05573770491803279,0.046370023419203744,0.12177985948477751,0.07634660421545668,0.03278688524590164,0.03325526932084309,0.029039812646370025,0.06088992974238876,0.10351288056206089,0.03044496487119438,0.07681498829039812,0.05714285714285714,0.07259953161592506
0.1223529411764706,0.032,0.04941176470588235,0.05411764705882353,0.04941176470588235,0.1223529411764706,0.0743529411764706,0.033411764705882356,0.03576470588235294,0.029176470588235293,0.06023529411764706,0.10070588235294117,0.033411764705882356,0.07623529411764705,0.050823529411764705,0.07623529411764705
0.11968209443665265,0.033660589060308554,0.05049088359046283,0.05329593267882188,0.047685834502103785,0.12155212716222534,0.07573632538569425,0.03319308087891538,0.035998129967274424,0.028050490883590462,0.06030855539971949,0.10191678354371202,0.03740065451145395,0.0748013090229079,0.05095839177185601,0.07526881720430108
0.11634479510127178,0.03532736693358455,0.0527555346208196,0.04992934526613283,0.05040037682524729,0.12011304757418748,0.06971267074894018,0.03485633537447009,0.03250117757889778,0.030617051342439944,0.0645313235986811,0.10456900612341027,0.038153556288271315,0.07395195478097033,0.05181347150259067,0.07442298634008479
0.11798017932987258,0.03303445021236432,0.052855120339782916,0.05191127890514394,0.048607833883907506,0.12222746578574799,0.0736196319018405,0.03539405379896177,0.03209060877772534,0.0292590844738084,0.06559697970740916,0.10382255781028787,0.03680981595092025,0.0684285040113261,0.05002359603586597,0.07833883907503539
0.11079943899018233,0.033660589060308554,0.053763440860215055,0.051893408134642355,0.049555867227676485,0.12155212716222534,0.07246376811594203,0.035530621785881254,0.03412809724170173,0.030388031790556335,0.06591865357643759,0.10331930808789154,0.0383356708742403,0.07106124357176251,0.05002337540906966,0.07760635811126694
0.11142322097378277,0.03745318352059925,0.054775280898876406,0.05149812734082397,0.05290262172284644,0.12078651685393259,0.07069288389513109,0.03417602996254682,0.03698501872659176,0.032303370786516857,0.06132958801498127,0.10112359550561797,0.03651685393258427,0.0702247191011236,0.04915730337078652,0.07865168539325842
0.11254612546125461,0.03367158671586716,0.05488929889298893,0.05350553505535055,0.05166051660516605,0.12177121771217712,0.0724169741697417,0.03551660516605166,0.03690036900369004,0.030904059040590407,0.059501845018450183,0.09916974169741698,0.035977859778597784,0.07287822878228782,0.04843173431734318,0.08025830258302583
0.11416589002795899,0.03308480894687791,0.055452003727865795,0.05265610438024231,0.0521901211556384,0.12162162162162163,0.0684995340167754,0.03727865796831314,0.03494874184529357,0.030288909599254427,0.056383970177073625,0.09739049394221808,0.04193849021435228,0.07409133271202237,0.047530288909599254,0.08247903075489282
0.11318118304611086,0.033535165346995806,0.053563111318118306,0.05309734513274336,0.05309734513274336,0.11737307871448532,0.07312529110386586,0.03959012575687005,0.0367955286446204,0.0312063344201211,0.0568234746157429,0.09408476944573824,0.04052165812761994,0.07312529110386586,0.047973917093619006,0.08290638099673964
0.11356170811825433,0.0333176912247771,0.05678085405912717,0.05302674800563116,0.05161895823557015,0.11450023463162834,0.07508212106992022,0.038010323791647115,0.035194744251525106,0.03050211168465509,0.05255748474894416,0.09526044110746129,0.045518535898639134,0.07038948850305021,0.04692632566870014,0.08775222900046926
0.11562057574327513,0.03303445021236432,0.053327041057102405,0.053327041057102405,0.053798961774421894,0.1165644171779141,0.07456347333647947,0.038225578102878716,0.03728173666823974,0.03114676734308636,0.05096743747050495,0.09108069844266163,0.04624823029731005,0.06795658329400661,0.04719207173194903,0.08966493629070316
0.11811764705882354,0.034823529411764705,0.05411764705882353,0.05411764705882353,0.055058823529411764,0.11058823529411765,0.07717647058823529,0.03670588235294118,0.03764705882352941,0.033411764705882356,0.04988235294117647,0.08941176470588236,0.0451764705882353,0.06729411764705882,0.046588235294117646,0.08988235294117647
0.11487758945386065,0.035781544256120526,0.054613935969868174,0.054143126177024485,0.05649717514124294,0.10828625235404897,0.07297551789077213,0.04048964218455744,0.038135593220338986,0.03389830508474576,0.04896421845574388,0.09227871939736347,0.046139359698681735,0.06826741996233522,0.04472693032015066,0.089924670433145
0.11630079402148528,0.03362914525922466,0.051377860812704346,0.05184493227463802,0.05791686127977581,0.11256422232601589,0.07239607659971976,0.04110228865016347,0.03829985987856142,0.03643157403082672,0.04764128911723494,0.09061186361513311,0.04624007473143391,0.07052779075198505,0.045773003269500234,0.08734236338159738
0.11737307871448532,0.03306939916162087,0.04983698183511877,0.05309734513274336,0.058220773171867725,0.11085235211923615,0.07219375873311598,0.04145319049836982,0.04052165812761994,0.03493246390312063,0.04937121564974383,0.09222170470423847,0.04750815090824406,0.06893339543549139,0.04424778761061947,0.08616674429436423
0.11538461538461539,0.03283302063789869,0.04784240150093809,0.0525328330206379,0.057692307692307696,0.10647279549718575,0.06941838649155722,0.04174484052532833,0.04455909943714822,0.03799249530956848,0.04784240150093809,0.09615384615384616,0.04971857410881801,0.06801125703564728,0.04409005628517824,0.0877110694183865
0.11152764761012184,0.035145267104029994,0.04920337394564199,0.05295220243673852,0.057638238050609185,0.11105904404873478,0.07216494845360824,0.04217432052483599,0.048266166822867856,0.033739456419868794,0.04639175257731959,0.09184629803186505,0.04967197750702906,0.06513589503280225,0.04451733833177132,0.08856607310215557
0.10785241248817408,0.03736991485335856,0.0510879848628193,0.05250709555345317,0.056291390728476824,0.1097445600756859,0.07095553453169347,0.042100283822138124,0.04683065279091769,0.03453169347209082,0.046357615894039736,0.09082308420056764,0.0510879848628193,0.06859035004730368,0.04446546830652791,0.08940397350993377
0.10863377609108159,0.03795066413662239,0.04981024667931689,0.04981024667931689,0.055977229601518026,0.10815939278937381,0.06736242884250475,0.04411764705882353,0.046489563567362426,0.03320683111954459,0.04459203036053131,0.09250474383301707,0.05455407969639469,0.06783681214421253,0.04838709677419355,0.09060721062618596
0.11232227488151658,0.03933649289099526,0.05118483412322275,0.05118483412322275,0.05260663507109005,0.10853080568720379,0.06777251184834124,0.04597156398104266,0.04454976303317536,0.035071090047393366,0.04265402843601896,0.09146919431279621,0.05545023696682464,0.06113744075829384,0.04928909952606635,0.09146919431279621
0.1113216485078162,0.038844149692089054,0.053055423969682616,0.053055423969682616,0.05684509711037423,0.10611084793936523,0.06489815253434392,0.04452865940312648,0.04358124111795358,0.037423022264329704,0.04594978683088584,0.09189957366177168,0.05779251539554713,0.060161061108479394,0.04594978683088584,0.0885836096636665
0.10892018779342723,0.03755868544600939,0.0568075117370892,0.0539906103286385,0.056338028169014086,0.10375586854460093,0.0676056338028169,0.044131455399061034,0.0431924882629108,0.03755868544600939,0.04788732394366197,0.0892018779342723,0.05539906103286385,0.06244131455399061,0.045539906103286384,0.08967136150234742
0.11279620853080569,0.03933649289099526,0.055924170616113746,0.05402843601895735,0.054502369668246446,0.1037914691943128,0.06303317535545024,0.04407582938388625,0.045023696682464455,0.037914691943127965,0.046445497630331754,0.08388625592417062,0.05971563981042654,0.06492890995260664,0.04834123222748815,0.08625592417061612
0.11349546971864569,0.036242250834525515,0.053886504530281355,0.05484024797329518,0.05340963280877444,0.10300429184549356,0.06628516928946114,0.04101096804959466,0.04482594182164998,0.04196471149260849,0.045779685264663805,0.08536003814973772,0.058655221745350504,0.06342393896041965,0.04625655698617072,0.09155937052932761
0.11178957256928135,0.033818694222639736,0.055894786284640674,0.055894786284640674,0.057303898543917334,0.10286519492719587,0.06622827618600281,0.04180366369187412,0.045561296383278535,0.03851573508689526,0.045561296383278535,0.08454673555659935,0.05965241897604509,0.06716768435885392,0.04368248003757633,0.08971348050728041
0.110269758637009,0.0326549929010885,0.05868433506862281,0.057264552768575484,0.05679129200189304,0.10033128253667771,0.07004259346900142,0.041173686701372454,0.04543303360151443,0.035494557501183154,0.050165641268338855,0.08187411263606247,0.06247042120208235,0.07004259346900142,0.04259346900141978,0.08471367723615712
0.10645313235986811,0.03297220913801225,0.05934997644842204,0.0574658502119642,0.05605275553462082,0.10268487988695242,0.06924163918982572,0.04380593499764484,0.04380593499764484,0.03485633537447009,0.045690061234102686,0.0814884597268017,0.06217616580310881,0.07253886010362694,0.046632124352331605,0.08478568064060292
0.10558423275457532,0.03144063819802909,0.06053496011262318,0.055373064289066166,0.055373064289066166,0.1027686532144533,0.07132801501642422,0.04317221961520413,0.044110746128578134,0.03660253402158611,0.04176442984514313,0.07883622712341623,0.0642890661661192,0.07226654152979822,0.05021116846550915,0.08634443923040826
0.10637300843486411,0.029522024367385193,0.05716963448922212,0.057638238050609185,0.054826616682286784,0.0979381443298969,0.07169634489222118,0.04498594189315839,0.04217432052483599,0.03748828491096532,0.04498594189315839,0.07966260543580131,0.06326148078725398,0.07357075913776945,0.05060918462980318,0.08809746954076851
0.10369318181818182,0.030776515151515152,0.058712121212121215,0.05587121212121212,0.052556818181818184,0.09848484848484848,0.07196969696969698,0.045454545454545456,0.04214015151515151,0.039299242424242424,0.047821969696969696,0.08001893939393939,0.061553030303030304,0.07291666666666667,0.050662878787878785,0.08806818181818182
0.10232117479867361,0.03173851255329228,0.05589767882520132,0.05684509711037423,0.053055423969682616,0.10421601136901942,0.0720037896731407,0.04405495026054003,0.04073898626243486,0.03979156797726196,0.04689720511605874,0.08195168166745619,0.06158218853623875,0.07153008053055424,0.052581714827096164,0.0847939365229749
0.1044349070100143,0.03242727706247019,0.05293276108726753,0.055317119694802096,0.05674773485932284,0.10205054840247973,0.0681926561754888,0.04291845493562232,0.04005722460658083,0.04005722460658083,0.043872198378636144,0.08488316642823081,0.06628516928946114,0.07248450166905103,0.05340963280877444,0.08392942298521698
0.10456273764258556,0.03612167300380228,0.05370722433460076,0.05275665399239544,0.057034220532319393,0.10171102661596958,0.06701520912547529,0.04467680608365019,0.03612167300380228,0.03944866920152091,0.04420152091254753,0.08269961977186312,0.0679657794676806,0.0741444866920152,0.04895437262357415,0.08887832699619772
0.10444234404536862,0.03213610586011342,0.052930056710775046,0.05671077504725898,0.06143667296786389,0.10113421550094517,0.0671077504725898,0.046313799621928164,0.035916824196597356,0.04111531190926276,0.0444234404536862,0.08081285444234404,0.06568998109640832,0.06947069943289225,0.05151228733459357,0.0888468809073724
0.10799438990182328,0.03225806451612903,0.056100981767180924,0.056100981767180924,0.06124357176250585,0.10144927536231885,0.06545114539504442,0.04441327723235157,0.0364656381486676,0.04114071996259935,0.04441327723235157,0.0822814399251987,0.06451612903225806,0.06545114539504442,0.05236091631603553,0.08835904628330996
0.10333642261353104,0.032900834105653386,0.05560704355885079,0.05838739573679333,0.060240963855421686,0.10518999073215941,0.06487488415199258,0.04633920296570899,0.03707136237256719,0.04077849860982391,0.04355885078776645,0.08341056533827618,0.06533827618164968,0.06533827618164968,0.04865616311399444,0.08897126969416126
0.10687732342007435,0.03392193308550186,0.0525092936802974,0.05808550185873606,0.0604089219330855,0.10130111524163568,0.06552044609665428,0.04507434944237918,0.040427509293680296,0.041356877323420076,0.04321561338289963,0.08364312267657993,0.06412639405204461,0.06691449814126393,0.04972118959107807,0.08689591078066915
0.11007025761124122,0.03372365339578454,0.053864168618266976,0.053864168618266976,0.06463700234192038,0.10491803278688525,0.06651053864168618,0.047306791569086654,0.03981264637002342,0.03934426229508197,0.04449648711943794,0.08009367681498829,0.06463700234192038,0.06370023419203748,0.047306791569086654,0.08571428571428572
0.10546139359698682,0.03154425612052731,0.051318267419962336,0.054613935969868174,0.06544256120527307,0.10263653483992467,0.07062146892655367,0.04849340866290019,0.03531073446327684,0.03766478342749529,0.04566854990583804,0.0852165725047081,0.06826741996233522,0.062146892655367235,0.05084745762711865,0.0847457627118644
0.10312204351939451,0.032639545884579,0.05203405865657521,0.05912961210974456,0.06575212866603596,0.097918637653737,0.06717123935666983,0.04966887417218543,0.035477767265846734,0.036896877956480605,0.04777672658467361,0.08845789971617786,0.07190160832544938,0.06433301797540208,0.046357615894039736,0.08136234626300852
0.1024785510009533,0.032411820781696854,0.055290753098188754,0.06053384175405148,0.06530028598665395,0.1024785510009533,0.06768350810295519,0.05147759771210677,0.03622497616777884,0.03670162059103908,0.04575786463298379,0.08627264061010487,0.07054337464251668,0.06053384175405148,0.04861773117254528,0.0776930409914204
0.1076995748700992,0.03212092583845064,0.052432687765706185,0.055739253660840815,0.061880018894662256,0.10439300897496458,0.06613131790269249,0.04912612187057156,0.040151157298063296,0.03684459140292867,0.04581955597543694,0.08597071327350024,0.07132735002361833,0.06376948512045347,0.047709022201228156,0.07888521492678319
0.107981220657277,0.030985915492957747,0.04929577464788732,0.05539906103286385,0.05821596244131456,0.10422535211267606,0.0676056338028169,0.05070422535211268,0.04084507042253521,0.038028169014084505,0.04835680751173709,0.08967136150234742,0.06619718309859154,0.059154929577464786,0.05070422535211268,0.08262910798122065
0.106203007518797,0.03148496240601504,0.048402255639097745,0.05780075187969925,0.0568609022556391,0.10385338345864661,0.06860902255639098,0.051221804511278196,0.041353383458646614,0.04182330827067669,0.046052631578947366,0.08928571428571429,0.06296992481203008,0.05921052631578947,0.05263157894736842,0.08223684210526316
0.10543580131208997,0.03139643861293346,0.04592314901593252,0.059044048734770385,0.05576382380506092,0.09981255857544517,0.06982193064667291,0.052014995313964384,0.039831302717900655,0.04311152764761012,0.04498594189315839,0.09184629803186505,0.06373008434864105,0.06091846298031865,0.054826616682286784,0.08153701968134958
0.10645313235986811,0.03203014601978332,0.045219029674988226,0.05934997644842204,0.05982100800753651,0.09609043805934997,0.07018370230805464,0.053697597739048517,0.038624587847385775,0.04097974564295808,0.046632124352331605,0.08902496467263307,0.06076307112576543,0.06406029203956665,0.05228450306170514,0.08478568064060292
0.10748106060606061,0.030776515151515152,0.04640151515151515,0.056818181818181816,0.06392045454545454,0.09611742424242424,0.07244318181818182,0.054450757575757576,0.038825757575757576,0.041193181818181816,0.043560606060606064,0.08617424242424243,0.058712121212121215,0.06439393939393939,0.054450757575757576,0.08428030303030302
0.10736052508204406,0.03422409751523676,0.0473511486169714,0.05532114392873887,0.0637599624941397,0.09751523675574308,0.07454289732770746,0.05063291139240506,0.03938115330520394,0.037037037037037035,0.0426629160806376,0.0853258321612752,0.0637599624941397,0.06563525550867323,0.05485232067510549,0.0806375996249414
