C_R,C_A,C_S,C_N,D_R,D_A,D_S,D_N,Oc_R,Oc_A,Oc_S,Oc_N,Od_R,Od_A,Od_S,Od_N
0.0,0.0,0.0,0.0,0.0,1.0,0.0,0.0,0.0,0.0,0.0,0.0,0.0,0.0,0.0,0.0
0.0,0.0,0.0,0.0,0.0,0.6666666666666666,0.0,0.0,0.0,0.0,0.0,0.0,0.0,0.3333333333333333,0.0,0.0
0.0,0.0,0.3333333333333333,0.0,0.0,0.16666666666666666,0.0,0.0,0.16666666666666666,0.0,0.0,0.0,0.0,0.3333333333333333,0.0,0.0
0.0,0.0,0.5,0.0,0.0,0.2,0.0,0.0,0.0,0.0,0.0,0.0,0.0,0.3,0.0,0.0
0.0,0.0,0.5625,0.0,0.0,0.1875,0.0,0.0625,0.0,0.0,0.0,0.0,0.0,0.1875,0.0,0.0
0.0,0.0,0.48,0.0,0.0,0.16,0.0,0.12,0.0,0.0,0.0,0.0,0.0,0.24,0.0,0.0
0.0,0.0,0.4594594594594595,0.0,0.0,0.1891891891891892,0.0,0.10810810810810811,0.0,0.0,0.0,0.05405405405405406,0.02702702702702703,0.13513513513513514,0.0,0.02702702702702703
0.0,0.02,0.32,0.0,0.0,0.16,0.0,0.14,0.04,0.0,0.0,0.02,0.08,0.18,0.0,0.04
0.0,0.0,0.24615384615384617,0.0,0.0,0.15384615384615385,0.0,0.13846153846153847,0.03076923076923077,0.0,0.0,0.015384615384615385,0.13846153846153847,0.2153846153846154,0.0,0.06153846153846154
0.0,0.0,0.13829787234042554,0.05319148936170213,0.0,0.14893617021276595,0.02127659574468085,0.13829787234042554,0.02127659574468085,0.02127659574468085,0.010638297872340425,0.02127659574468085,0.19148936170212766,0.1702127659574468,0.010638297872340425,0.05319148936170213
0.01639344262295082,0.0,0.1557377049180328,0.04918032786885246,0.0,0.09836065573770492,0.01639344262295082,0.09016393442622951,0.040983606557377046,0.01639344262295082,0.0,0.040983606557377046,0.19672131147540983,0.1885245901639344,0.00819672131147541,0.08196721311475409
0.018404907975460124,0.0,0.13496932515337423,0.06134969325153374,0.0,0.09815950920245399,0.006134969325153374,0.07975460122699386,0.03680981595092025,0.03067484662576687,0.006134969325153374,0.049079754601226995,0.22699386503067484,0.1656441717791411,0.018404907975460124,0.06748466257668712
0.03286384976525822,0.0,0.09859154929577464,0.06103286384976526,0.004694835680751174,0.09389671361502347,0.004694835680751174,0.0892018779342723,0.028169014084507043,0.028169014084507043,0.014084507042253521,0.04225352112676056,0.2347417840375587,0.18779342723004694,0.014084507042253521,0.06572769953051644
0.034482758620689655,0.0,0.09195402298850575,0.06513409961685823,0.007662835249042145,0.08812260536398467,0.011494252873563218,0.09578544061302682,0.022988505747126436,0.022988505747126436,0.011494252873563218,0.04980842911877394,0.23371647509578544,0.1839080459770115,0.01532567049808429,0.06513409961685823
0.045180722891566265,0.006024096385542169,0.09337349397590361,0.060240963855421686,0.009036144578313253,0.08734939759036145,0.012048192771084338,0.10240963855421686,0.024096385542168676,0.02108433734939759,0.009036144578313253,0.060240963855421686,0.21084337349397592,0.16566265060240964,0.015060240963855422,0.0783132530120482
0.05597964376590331,0.010178117048346057,0.06615776081424936,0.07633587786259542,0.01272264631043257,0.089058524173028,0.015267175572519083,0.10941475826972011,0.027989821882951654,0.02544529262086514,0.007633587786259542,0.06361323155216285,0.20610687022900764,0.13486005089058525,0.015267175572519083,0.08396946564885496
0.07246376811594203,0.010351966873706004,0.060041407867494824,0.08281573498964803,0.022774327122153208,0.10351966873706005,0.020703933747412008,0.09316770186335403,0.028985507246376812,0.033126293995859216,0.012422360248447204,0.057971014492753624,0.2070393374741201,0.11180124223602485,0.012422360248447204,0.07039337474120083
0.08925318761384335,0.012750455373406194,0.04189435336976321,0.10382513661202186,0.03278688524590164,0.09289617486338798,0.02185792349726776,0.07468123861566485,0.029143897996357013,0.03278688524590164,0.01639344262295082,0.056466302367941715,0.20947176684881602,0.10018214936247723,0.01639344262295082,0.0692167577413479
0.09692307692307692,0.016923076923076923,0.03230769230769231,0.10307692307692308,0.02923076923076923,0.0876923076923077,0.021538461538461538,0.09076923076923077,0.02923076923076923,0.046153846153846156,0.02,0.06307692307692307,0.18923076923076923,0.09230769230769231,0.015384615384615385,0.06615384615384616
0.10066225165562914,0.015894039735099338,0.031788079470198675,0.09668874172185431,0.02913907284768212,0.08609271523178808,0.02384105960264901,0.0847682119205298,0.01456953642384106,0.038410596026490065,0.022516556291390728,0.08211920529801324,0.18940397350993377,0.10331125827814569,0.019867549668874173,0.060927152317880796
0.11216056670602124,0.01652892561983471,0.030696576151121605,0.1038961038961039,0.03541912632821724,0.08382526564344746,0.025974025974025976,0.07674144037780402,0.015348288075560802,0.03659976387249114,0.023612750885478158,0.07674144037780402,0.18417945690672963,0.0885478158205431,0.020070838252656435,0.06965761511216056
0.11214953271028037,0.02284527518172378,0.033229491173416406,0.1111111111111111,0.033229491173416406,0.06853582554517133,0.024922118380062305,0.08515057113187954,0.01973001038421599,0.033229491173416406,0.03115264797507788,0.06542056074766354,0.18483904465212878,0.08826583592938733,0.020768431983385256,0.06542056074766354
0.12181303116147309,0.021718602455146365,0.03493862134088763,0.11709159584513693,0.030217186024551465,0.06704438149197356,0.019830028328611898,0.0764872521246459,0.02077431539187913,0.033050047214353166,0.027384324834749764,0.06610009442870633,0.19452313503305005,0.0821529745042493,0.018885741265344664,0.0679886685552408
0.12447786131996658,0.02172096908939014,0.03926482873851295,0.12698412698412698,0.03007518796992481,0.06432748538011696,0.01670843776106934,0.07184628237259816,0.017543859649122806,0.036758563074352546,0.026733500417710943,0.06516290726817042,0.19381787802840433,0.07936507936507936,0.020885547201336674,0.06432748538011696
0.12287480680061824,0.02241112828438949,0.03632148377125193,0.12442040185471406,0.03168469860896445,0.06800618238021638,0.01854714064914992,0.06800618238021638,0.019319938176197836,0.04173106646058733,0.027820710973724884,0.061823802163833076,0.19319938176197837,0.07959814528593509,0.021638330757341576,0.062596599690881
0.11627906976744186,0.018322762508809022,0.035940803382663845,0.1331923890063425,0.026779422128259338,0.06342494714587738,0.019732205778717406,0.06553911205073996,0.021141649048625793,0.042283298097251586,0.030303030303030304,0.06976744186046512,0.1952078928823115,0.0711768851303735,0.023255813953488372,0.06765327695560254
0.12346477052359406,0.019392372333548805,0.03361344537815126,0.13251454427925016,0.027795733678086618,0.058823529411764705,0.017453135100193924,0.06658047834518423,0.02456367162249515,0.0491273432449903,0.029734970911441498,0.07433742727860375,0.18422753716871365,0.07110536522301228,0.0200387847446671,0.06722689075630252
0.125,0.02014218009478673,0.03139810426540284,0.13270142180094788,0.02843601895734597,0.054502369668246446,0.019549763033175356,0.07049763033175356,0.02132701421800948,0.04917061611374408,0.029028436018957347,0.0764218009478673,0.17950236966824645,0.07582938388625593,0.022511848341232227,0.06398104265402843
0.11787709497206704,0.024022346368715083,0.02905027932960894,0.13910614525139664,0.028491620111731845,0.054748603351955305,0.021787709497206705,0.06815642458100558,0.02346368715083799,0.049720670391061456,0.0329608938547486,0.07877094972067039,0.17150837988826817,0.07262569832402235,0.02905027932960894,0.05865921787709497
0.1080797481636936,0.0236096537250787,0.03147953830010493,0.13431269674711438,0.030430220356768102,0.059286463798530954,0.02465897166841553,0.06925498426023086,0.021511017838405037,0.05141657922350472,0.02938090241343127,0.07817418677859392,0.16421825813221405,0.07555089192025184,0.03252885624344176,0.06610703043022036
0.10779352226720648,0.025303643724696356,0.029352226720647773,0.1214574898785425,0.03289473684210526,0.057186234817813764,0.02479757085020243,0.06781376518218624,0.024291497975708502,0.05566801619433198,0.0298582995951417,0.07692307692307693,0.15991902834008098,0.08248987854251012,0.034919028340080975,0.06933198380566802
0.11052378664103796,0.029312830370014416,0.03171552138395002,0.12013455069678039,0.03171552138395002,0.05862566074002883,0.022585295530994715,0.06583373378183566,0.02739067755886593,0.0557424315233061,0.028351753964440174,0.08986064392119174,0.15953868332532437,0.07496395963479097,0.0312349831811629,0.0624699663623258
0.10526315789473684,0.0312063344201211,0.0367955286446204,0.12016767582673497,0.03400093153237075,0.06380996739636702,0.02701443875174662,0.05961807172799255,0.02887750349324639,0.059152305542617606,0.02934326967862133,0.08290638099673964,0.15882626921285514,0.06893339543549139,0.02887750349324639,0.06520726595249185
0.11166818596171377,0.032816773017319965,0.03828623518687329,0.11212397447584321,0.032816773017319965,0.06654512306289881,0.03099361896080219,0.059708295350957154,0.029626253418413857,0.0601640838650866,0.02917046490428441,0.07520510483135825,0.15314494074749316,0.07474931631722881,0.030537830446672742,0.06244302643573382
0.11339285714285714,0.03705357142857143,0.03571428571428571,0.10446428571428572,0.03214285714285714,0.06383928571428571,0.029464285714285714,0.05892857142857143,0.028125,0.059375,0.029910714285714287,0.07991071428571428,0.15848214285714285,0.07857142857142857,0.02857142857142857,0.06205357142857143
0.108,0.03688888888888889,0.03777777777777778,0.10266666666666667,0.03333333333333333,0.06888888888888889,0.030222222222222223,0.06533333333333333,0.03244444444444444,0.06088888888888889,0.029777777777777778,0.07955555555555556,0.1511111111111111,0.07022222222222223,0.03111111111111111,0.06177777777777778
0.10948581560283688,0.03723404255319149,0.03679078014184397,0.10416666666666667,0.031471631205673756,0.06826241134751773,0.031914893617021274,0.06914893617021277,0.03280141843971631,0.06560283687943262,0.02526595744680851,0.0749113475177305,0.14671985815602837,0.06914893617021277,0.03546099290780142,0.06161347517730496
0.10983170947741364,0.034100974313551816,0.03454384410983171,0.10407440212577503,0.031443755535872454,0.07395925597874226,0.029229406554472984,0.06598759964570416,0.03277236492471213,0.06997342781222321,0.02745792736935341,0.06864481842338352,0.1483613817537644,0.06953055801594331,0.037643932683790966,0.062444641275465014
0.10919540229885058,0.03580901856763926,0.03580901856763926,0.10565870910698497,0.032714412024756855,0.06984969053934571,0.03138815207780725,0.06763925729442971,0.034924845269672856,0.07250221043324491,0.028735632183908046,0.0680813439434129,0.14854111405835543,0.0680813439434129,0.03536693191865606,0.05570291777188329
0.10880141530296329,0.03494029190623618,0.03582485625829279,0.10128261831048209,0.0367094206103494,0.07474568774878372,0.03140203449800973,0.0654577620521893,0.03715170278637771,0.07164971251658558,0.03272888102609465,0.06943830163644406,0.14020344980097302,0.06634232640424591,0.03759398496240601,0.05572755417956656
0.10737958462218294,0.03711886875828546,0.03535130357931949,0.09456473707467963,0.03800265134776845,0.07467962881131242,0.03093239063190455,0.07026071586389748,0.03623508616880247,0.07026071586389748,0.034909412284577994,0.06981882456915599,0.136986301369863,0.06539991162174105,0.03800265134776845,0.06009721608484313
0.10076130765785939,0.03672189879086431,0.03940886699507389,0.09896999552171966,0.036274070756829375,0.07881773399014778,0.03672189879086431,0.06583072100313479,0.03851321092700403,0.06493506493506493,0.036274070756829375,0.06672637707120466,0.13927451858486342,0.06135244066278549,0.03851321092700403,0.06090461262875056
0.10483506552191595,0.032083145051965654,0.041120650700406686,0.09670131043831902,0.03840939900587438,0.07862629914143697,0.037957523723452326,0.06732941708088568,0.036601897876186174,0.06868504292815183,0.033438770899231814,0.06868504292815183,0.13014008133755084,0.06416629010393131,0.03569814731134207,0.06552191595119747
0.10512367491166077,0.037544169611307424,0.04151943462897526,0.09275618374558305,0.03842756183745583,0.07685512367491167,0.03666077738515901,0.06537102473498234,0.03445229681978799,0.06846289752650177,0.03136042402826855,0.07553003533568904,0.12853356890459364,0.06625441696113074,0.037985865724381625,0.06316254416961131
0.09969257795344752,0.03908651734738691,0.043478260869565216,0.09574000878348704,0.037768994290733424,0.08168642951251646,0.03689064558629776,0.060166886253842776,0.034255599472990776,0.06895037329819939,0.03293807641633729,0.07509881422924901,0.12692138779095302,0.06455862977602109,0.03820816864295125,0.06455862977602109
0.09572573463935886,0.04007123775601069,0.0427426536064114,0.09617097061442564,0.04007123775601069,0.0792520035618878,0.03695458593054319,0.059216384683882455,0.03561887800534283,0.0761353517364203,0.035173642030276044,0.07479964381121995,0.11798753339269813,0.06010685663401603,0.043187889581478185,0.06678539626001781
0.09315673289183223,0.04194260485651214,0.0423841059602649,0.09624724061810154,0.039293598233995586,0.07902869757174392,0.039293598233995586,0.060927152317880796,0.037527593818984545,0.07461368653421634,0.032229580573951436,0.07637969094922738,0.11346578366445915,0.0631346578366446,0.0423841059602649,0.06799116997792494
0.0894854586129754,0.04161073825503356,0.04116331096196868,0.09261744966442953,0.04429530201342282,0.07472035794183446,0.039373601789709174,0.059955257270693514,0.039373601789709174,0.07606263982102908,0.03355704697986577,0.07606263982102908,0.11051454138702461,0.07024608501118568,0.03982102908277405,0.07114093959731543
0.08389112003569835,0.04506916555109326,0.04060687193217314,0.09549308344489067,0.03971441320838911,0.07407407407407407,0.04239178937974119,0.060240963855421686,0.04105310129406515,0.07764390896921017,0.035252119589468986,0.07898259705488621,0.10664881749219099,0.07318161535029005,0.04060687193217314,0.06514948683623382
0.08288530465949821,0.041666666666666664,0.04256272401433692,0.09587813620071685,0.03494623655913978,0.07795698924731183,0.04121863799283154,0.06630824372759857,0.0456989247311828,0.07437275985663082,0.03225806451612903,0.08646953405017921,0.10707885304659498,0.06765232974910394,0.04077060931899642,0.062275985663082435
0.0822339489885664,0.04353562005277045,0.040897097625329816,0.0980650835532102,0.03737906772207564,0.07783641160949868,0.04001759014951627,0.06684256816182937,0.04309586631486367,0.07387862796833773,0.03210202286719437,0.08443271767810026,0.11169744942832015,0.06684256816182937,0.0395778364116095,0.06156552330694811
0.08249232119350593,0.0443176831943835,0.040368582711715666,0.0903905221588416,0.040368582711715666,0.08424747696358052,0.03949100482667837,0.07152259763053971,0.0434401053093462,0.07547169811320754,0.030276437033786747,0.08293111013602457,0.10838086880210619,0.06757349714787188,0.03729706011408512,0.06143045195261079
0.08046490835940992,0.04693786320965579,0.039785426911041574,0.08046490835940992,0.04336164506034868,0.0813589628967367,0.04023245417970496,0.07152436298614215,0.0464908359409924,0.07510058113544926,0.033974072418417524,0.08314707197139025,0.10773357174787662,0.07152436298614215,0.03844434510505141,0.05945462673223067
0.07870164517563362,0.04490884837705647,0.03823921742996887,0.07647843485993774,0.041796353935082256,0.08270342374388617,0.03823921742996887,0.07247665629168519,0.04668741662961316,0.08003557136505113,0.039573143619386394,0.08048021342819031,0.1084926634059582,0.0706980880391285,0.037349933303690526,0.06313917296576256
0.07754010695187166,0.04500891265597148,0.0374331550802139,0.07709447415329768,0.0427807486631016,0.08155080213903744,0.0374331550802139,0.07620320855614973,0.0481283422459893,0.07620320855614973,0.04188948306595366,0.0873440285204991,0.10873440285204991,0.06729055258467023,0.03609625668449198,0.059269162210338684
0.07938655841226883,0.04691023906179522,0.03924221921515562,0.07397383852052324,0.03924221921515562,0.08254397834912043,0.037437979251240414,0.07081641858367163,0.04420387911592242,0.08434821831303563,0.04149751917004962,0.08750563824988723,0.10960757780784844,0.06765899864682003,0.03382949932341001,0.061795218764095626
0.08131176999101528,0.051662174303683736,0.03728661275831087,0.07187780772686433,0.03863432165318958,0.08355795148247978,0.034141958670260555,0.07547169811320754,0.0444743935309973,0.08445642407906559,0.038185085354896675,0.0880503144654088,0.1091644204851752,0.06783468104222821,0.03234501347708895,0.06154537286612758
0.08765652951699464,0.048747763864042934,0.0389087656529517,0.0706618962432916,0.03711985688729875,0.0872093023255814,0.03130590339892665,0.07692307692307693,0.04830053667262969,0.08497316636851521,0.03622540250447227,0.08228980322003578,0.10554561717352415,0.06797853309481217,0.03130590339892665,0.0648479427549195
0.0825524319500223,0.049085229808121376,0.0392681838464971,0.0749665327978581,0.036590807675145026,0.09415439535921463,0.035252119589468986,0.07809013833110219,0.04685408299866131,0.08746095493083444,0.0321285140562249,0.08746095493083444,0.09906291834002677,0.06336456938866578,0.0285586791610888,0.06514948683623382
0.08617594254937164,0.04847396768402154,0.037253141831238776,0.07271095152603231,0.03949730700179533,0.09290843806104129,0.036355475763016155,0.07585278276481149,0.048025134649910234,0.09245960502692999,0.02827648114901257,0.08886894075403949,0.09919210053859964,0.06867145421903052,0.026481149012567325,0.058797127468581685
0.08408273381294964,0.045863309352517985,0.03821942446043165,0.0764388489208633,0.04091726618705036,0.09532374100719425,0.03192446043165468,0.07464028776978417,0.048111510791366906,0.09082733812949641,0.029676258992805755,0.08678057553956835,0.10071942446043165,0.06744604316546762,0.02877697841726619,0.06025179856115108
0.08441268423403304,0.044662795891022775,0.03796337650736936,0.07771326485037963,0.042876284055381866,0.09557838320678874,0.029030817329164807,0.07592675301473872,0.04689593568557392,0.09021884769986602,0.029030817329164807,0.09021884769986602,0.10272443054935239,0.06788744975435462,0.02590442161679321,0.05895489057615007
0.07784697508896797,0.04804270462633452,0.03914590747330961,0.08318505338078291,0.045373665480427046,0.0898576512455516,0.029804270462633453,0.07384341637010676,0.04759786476868327,0.0898576512455516,0.027135231316725978,0.08274021352313167,0.1045373665480427,0.07206405693950178,0.026245551601423486,0.06272241992882563
0.07798573975044563,0.04367201426024955,0.03877005347593583,0.08333333333333333,0.0392156862745098,0.09001782531194295,0.0338680926916221,0.08021390374331551,0.05213903743315508,0.08288770053475936,0.030303030303030304,0.08199643493761141,0.10294117647058823,0.06862745098039216,0.026292335115864526,0.0677361853832442
0.08072342302602559,0.043228936921041024,0.04190560211733568,0.08028231142479048,0.038376709307454786,0.08337009263343625,0.03573003970004411,0.07631230701367446,0.0529333921482135,0.07675341861490957,0.033083370092633436,0.07984119982355536,0.10498456109395678,0.06793118659020732,0.02867225408028231,0.07587119541243935
0.0799469964664311,0.044169611307420496,0.04328621908127209,0.08259717314487633,0.04107773851590106,0.08083038869257951,0.03445229681978799,0.07420494699646643,0.05079505300353357,0.07376325088339222,0.03356890459363958,0.0812720848056537,0.10424028268551237,0.0719964664310954,0.02561837455830389,0.07818021201413428
0.08403361344537816,0.0437859354268023,0.044228217602830605,0.08447589562140646,0.0362671384343211,0.08403361344537816,0.03582485625829279,0.06855373728438743,0.04953560371517028,0.06943830163644406,0.03361344537815126,0.08270676691729323,0.10482087571870853,0.07120743034055728,0.02697921273772667,0.0804953560371517
0.08519982433025912,0.045234958278436536,0.043478260869565216,0.08344312692138779,0.036012296881862096,0.0764163372859025,0.03337725076855512,0.06719367588932806,0.04787000439174352,0.0733421168203777,0.033816425120772944,0.08519982433025912,0.10979358805445762,0.07465963987703118,0.029863855950812472,0.07509881422924901
0.08085295424255887,0.050199911150599734,0.03998223011994669,0.08573967125721901,0.03998223011994669,0.07952021323856064,0.03553976010661928,0.06974677920924034,0.04842292314526877,0.0670812972012439,0.034207019102621056,0.08307418924922257,0.10661928031985785,0.07774322523322967,0.028431808085295423,0.07285650821856952
0.08633733867378728,0.04895416110369381,0.040943480195816645,0.08500222518914108,0.040943480195816645,0.0787716955941255,0.03693813974187806,0.07120605251446373,0.04895416110369381,0.06764574988874054,0.032932799287939477,0.07832665776591011,0.11170449488206498,0.07476635514018691,0.027592345349354695,0.06898086337338674
0.08684093929995569,0.047408063801506424,0.044306601683650866,0.08285334514842711,0.0412051395657953,0.08108108108108109,0.035002215330084185,0.07487815684536996,0.04918032786885246,0.06778910057598582,0.034116083296411165,0.07797961896322551,0.11032343819229065,0.0717766947275144,0.03145768719539211,0.06380150642445724
0.08582923558337059,0.0464908359409924,0.04604380867232901,0.07778274474742959,0.04202056325435852,0.08180599016540009,0.0348681269557443,0.07375949932945909,0.04783191774698257,0.07197139025480555,0.0348681269557443,0.0813589628967367,0.11041573535985695,0.06928922664282522,0.028609745194456863,0.06705409029950828
0.08577777777777777,0.043555555555555556,0.043111111111111114,0.08355555555555555,0.03822222222222222,0.08488888888888889,0.030222222222222223,0.07155555555555555,0.04755555555555555,0.07333333333333333,0.032,0.07955555555555556,0.11777777777777777,0.07111111111111111,0.035555555555555556,0.06222222222222222
0.08429973238180197,0.03969669937555754,0.04103479036574487,0.08251561106155218,0.037020517395182875,0.08742194469223907,0.028099910793933987,0.07404103479036575,0.049955396966993755,0.07493309545049064,0.030330062444246207,0.08028545941123996,0.11418376449598573,0.0704727921498662,0.039250669045495096,0.06645851917930419
0.08785871964679912,0.037969094922737305,0.038410596026490065,0.0847682119205298,0.038410596026490065,0.08609271523178808,0.026931567328918323,0.07461368653421634,0.04856512141280353,0.07682119205298013,0.031346578366445915,0.08211920529801324,0.11567328918322296,0.07373068432671082,0.03399558498896247,0.06269315673289183
0.09287925696594428,0.04201680672268908,0.039805395842547546,0.08447589562140646,0.039805395842547546,0.0875718708536046,0.028748341441839895,0.0729765590446705,0.047766475011057054,0.06988058381247236,0.03140203449800973,0.0800530738611234,0.1172047766475011,0.07607253427686864,0.03228659885006634,0.057054400707651484
0.08890845070422536,0.042693661971830985,0.03653169014084507,0.09419014084507042,0.0409330985915493,0.08274647887323944,0.030369718309859156,0.07262323943661972,0.04533450704225352,0.0682218309859155,0.03477112676056338,0.07966549295774648,0.11003521126760564,0.0743838028169014,0.035651408450704226,0.06294014084507042
0.08908685968819599,0.04721603563474387,0.03474387527839644,0.09086859688195992,0.04365256124721604,0.08463251670378619,0.032071269487750555,0.06993318485523385,0.04498886414253898,0.06503340757238307,0.032516703786191536,0.08106904231625835,0.10155902004454342,0.07305122494432072,0.040979955456570155,0.06859688195991091
0.08148804251550044,0.04827280779450841,0.03277236492471213,0.0912311780336581,0.04118689105403012,0.0841452612931798,0.029229406554472984,0.07484499557130203,0.04074402125775022,0.0637732506643047,0.03277236492471213,0.0845881310894597,0.10628875110717449,0.07440212577502214,0.04428697962798937,0.06997342781222321
0.0787716955941255,0.046283934134401426,0.03115264797507788,0.09390298175344905,0.04227859368046284,0.0801068090787717,0.036048064085447265,0.0787716955941255,0.040943480195816645,0.06408544726301736,0.03115264797507788,0.08455718736092568,0.10858923008455719,0.07476635514018691,0.04138851802403204,0.06720071206052515
0.07245724572457246,0.04410441044104411,0.030153015301530153,0.09495949594959496,0.043204320432043204,0.08280828082808281,0.034203420342034205,0.0783078307830783,0.04095409540954095,0.06525652565256526,0.0333033303330333,0.0891089108910891,0.10846084608460846,0.06885688568856886,0.041404140414041404,0.07245724572457246
0.07678571428571429,0.044196428571428574,0.03214285714285714,0.096875,0.038839285714285715,0.08928571428571429,0.030357142857142857,0.07544642857142857,0.038839285714285715,0.06651785714285714,0.03125,0.090625,0.11473214285714285,0.06964285714285715,0.03660714285714286,0.06785714285714285
0.07623318385650224,0.04439461883408072,0.03497757847533632,0.09730941704035874,0.04349775784753363,0.08206278026905829,0.03273542600896861,0.0757847533632287,0.039461883408071746,0.06547085201793722,0.030044843049327353,0.08878923766816144,0.11434977578475336,0.07085201793721974,0.03856502242152467,0.06547085201793722
0.07969723953695458,0.04363312555654497,0.031166518254674976,0.10017809439002671,0.0458593054318789,0.08014247551202137,0.030276046304541407,0.08014247551202137,0.0396260017809439,0.06544968833481746,0.02983081032947462,0.08726625111308994,0.10819234194122886,0.07390917186108638,0.04007123775601069,0.06455921638468388
0.07565643079661771,0.04227859368046284,0.0267022696929239,0.09835336003560302,0.04717400979083222,0.08055184690698709,0.032487761459724075,0.07832665776591011,0.04316866933689364,0.06809078771695594,0.030262572318647086,0.08366711170449488,0.11214953271028037,0.07387627948375612,0.040498442367601244,0.06675567423230974
0.07610619469026549,0.03761061946902655,0.030973451327433628,0.09424778761061947,0.04424778761061947,0.0827433628318584,0.03274336283185841,0.08230088495575222,0.0420353982300885,0.07168141592920355,0.029646017699115044,0.08230088495575222,0.11371681415929204,0.0743362831858407,0.04380530973451328,0.061504424778761065
0.08789752650176678,0.037985865724381625,0.02871024734982332,0.09673144876325088,0.04019434628975265,0.08083038869257951,0.03489399293286219,0.08303886925795052,0.04107773851590106,0.07287985865724382,0.03224381625441696,0.07685512367491167,0.10821554770318022,0.07773851590106007,0.04107773851590106,0.05962897526501767
0.08448815377738042,0.035762181493071074,0.03442109968708091,0.09834599910594546,0.039785426911041574,0.08046490835940992,0.035762181493071074,0.07957085382208315,0.041573535985695124,0.07286544479213232,0.029503799731783638,0.07688869021010282,0.10594546267322306,0.07912382655341976,0.04604380867232901,0.05945462673223067
0.08070333633904418,0.0369702434625789,0.0351668169522092,0.09332732191163211,0.04012623985572588,0.08160504959422904,0.03967538322813345,0.07844905320108206,0.03832281334535618,0.07664562669071236,0.029305680793507663,0.0757439134355275,0.10820559062218214,0.08160504959422904,0.04508566275924256,0.059062218214607755
0.07856191744340879,0.03817132711939636,0.03195739014647137,0.10075454948956947,0.04216600088770528,0.07678650687971593,0.03861517976031957,0.0758988015978695,0.040390590324012425,0.07767421216156237,0.03151353750554816,0.07856191744340879,0.10918774966711052,0.07634265423879272,0.04349755881047492,0.05992010652463382
0.08145196989818504,0.04072598494909252,0.03142983621071271,0.10092961487383798,0.04028331119964586,0.07525453740593183,0.03939796370075255,0.07746790615316512,0.038069942452412575,0.08322266489597167,0.036741921204072596,0.08233731739707835,0.1049136786188579,0.07348384240814519,0.04161133244798584,0.05267817618415228
0.08385093167701864,0.04303460514640639,0.0323868677905945,0.09671694764862467,0.04303460514640639,0.07675244010647737,0.03771073646850044,0.0771960958296362,0.037267080745341616,0.08207630878438332,0.037267080745341616,0.07808340727595386,0.10470275066548358,0.07497781721384206,0.03948535936113576,0.05545696539485359
0.08329679964927664,0.04603244191144235,0.03024989039894783,0.09820254274441034,0.0394563787812363,0.08022797018851381,0.035072336694432264,0.07628233231039018,0.03814116615519509,0.08592722490135905,0.03682595352915388,0.07672073651907059,0.10740903112669882,0.07452871547566857,0.033757124068391056,0.05786935554581324
0.07908847184986595,0.04334226988382484,0.02993744414655943,0.09785522788203753,0.03842716711349419,0.07864164432529044,0.03485254691689008,0.07685433422698838,0.04244861483467382,0.08757819481680071,0.03753351206434316,0.08087578194816801,0.10723860589812333,0.07596067917783736,0.034405719392314564,0.054959785522788206
0.07886575099689853,0.042977403633141335,0.02702702702702703,0.09525919361984936,0.043863535666814356,0.08108108108108109,0.0358883473637572,0.076650420912716,0.04563579973416039,0.08196721311475409,0.03677447939743022,0.07886575099689853,0.1072219760744351,0.07753655294638902,0.034559149313247675,0.05582631812140009
0.08118899733806566,0.04392191659272405,0.0323868677905945,0.09849157054125998,0.044365572315882874,0.08118899733806566,0.03593611357586513,0.07497781721384206,0.047471162377994675,0.08296362023070097,0.037267080745341616,0.06743566992014197,0.10825199645075421,0.07586512866015972,0.03194321206743567,0.05634427684117125
0.08344370860927153,0.04370860927152318,0.03399558498896247,0.09713024282560706,0.046799116997792496,0.07858719646799117,0.03532008830022075,0.0781456953642384,0.04768211920529802,0.07991169977924945,0.03487858719646799,0.06975717439293598,0.09845474613686535,0.07682119205298013,0.03487858719646799,0.060485651214128036
0.08377659574468085,0.04609929078014184,0.03324468085106383,0.09618794326241134,0.04565602836879433,0.08067375886524823,0.03590425531914894,0.07047872340425532,0.04875886524822695,0.0775709219858156,0.0398936170212766,0.0726950354609929,0.09663120567375887,0.07890070921985816,0.03368794326241135,0.0598404255319149
0.08048021342819031,0.05202312138728324,0.03201422854602046,0.09693196976433971,0.048465984882169855,0.07647843485993774,0.03379279679857715,0.07114273010226767,0.04802134281903068,0.07425522454424188,0.036905291240551356,0.07425522454424188,0.09604268563806136,0.08003557136505113,0.03868385949310805,0.06047132058692752
0.07960644007155634,0.050983899821109124,0.03354203935599284,0.10420393559928444,0.04830053667262969,0.0742397137745975,0.030858676207513418,0.06887298747763863,0.0518783542039356,0.07289803220035779,0.03443649373881932,0.07155635062611806,0.09525939177101968,0.08452593917710197,0.0353309481216458,0.06350626118067978
0.0719360568383659,0.05106571936056838,0.03108348134991119,0.10079928952042629,0.05106571936056838,0.07238010657193605,0.03374777975133215,0.06838365896980461,0.052397868561278864,0.07326820603907638,0.034191829484902306,0.07593250444049733,0.09369449378330373,0.08658969804618118,0.03685612788632327,0.06660746003552398
0.0695807314897413,0.054861730597680645,0.03166815343443354,0.1016949152542373,0.052185548617305975,0.07225691347011597,0.03479036574487065,0.0695807314897413,0.05173951828724353,0.06155218554861731,0.03479036574487065,0.0767172167707404,0.09500446030330062,0.08385370205173952,0.04014272970561998,0.0695807314897413
0.06871932173136992,0.0535475234270415,0.03302097278000892,0.10129406514948684,0.0499776885319054,0.06961178045515395,0.03346720214190094,0.06827309236947791,0.054439982150825524,0.06336456938866578,0.03614457831325301,0.08299866131191433,0.09504685408299866,0.07764390896921017,0.04194556001784917,0.07050423917893797
0.070298769771529,0.048330404217926184,0.0351493848857645,0.0984182776801406,0.04657293497363796,0.06766256590509666,0.03471001757469244,0.07513181019332162,0.05492091388400703,0.06502636203866433,0.03954305799648506,0.08216168717047452,0.09534270650263621,0.07601054481546574,0.040421792618629174,0.070298769771529
0.06999554168524298,0.04859563085153812,0.036558181007579134,0.09094962104324565,0.04859563085153812,0.07267053053945609,0.03611234953187695,0.0722246990637539,0.05082478823004904,0.06910387873383861,0.03878733838609006,0.08114132857779759,0.09407044137316095,0.07579135086937137,0.04235399019170753,0.0722246990637539
0.07127047366091191,0.0451527224435591,0.03939796370075255,0.09074811863656485,0.04780876494023904,0.07702523240371846,0.03010181496237273,0.06861443116423196,0.048251438689685705,0.07171314741035857,0.041168658698539175,0.08012394864984507,0.09473218238158478,0.0787959274015051,0.043824701195219126,0.07127047366091191
0.06696230598669622,0.04523281596452328,0.039467849223946784,0.08824833702882483,0.04478935698447894,0.08381374722838138,0.03414634146341464,0.06518847006651884,0.04700665188470066,0.07804878048780488,0.03991130820399113,0.07937915742793791,0.09268292682926829,0.08292682926829269,0.041685144124168516,0.070509977827051
0.06815144766146994,0.044097995545657014,0.04187082405345212,0.08685968819599109,0.04498886414253898,0.08552338530066815,0.031180400890868598,0.06859688195991091,0.0400890868596882,0.07661469933184856,0.04142538975501114,0.08151447661469934,0.09710467706013363,0.07928730512249443,0.03830734966592428,0.07438752783964366
0.06491774121831925,0.044464206313917294,0.041796353935082256,0.08359270787016451,0.04357492218763895,0.08448199199644287,0.029346376167185415,0.0706980880391285,0.04313028012449978,0.07647843485993774,0.041796353935082256,0.08359270787016451,0.10182303245887062,0.07959092930191196,0.03646064917741218,0.07425522454424188
0.06971580817051509,0.04440497335701599,0.040408525754884544,0.0763765541740675,0.04440497335701599,0.08392539964476022,0.03063943161634103,0.07104795737122557,0.04396092362344583,0.07904085257548846,0.04218472468916518,0.08259325044404973,0.10568383658969804,0.0763765541740675,0.03774422735346359,0.07149200710479574
0.07327971403038427,0.04647006255585344,0.03663985701519214,0.07998212689901697,0.0451295799821269,0.08087578194816801,0.03306523681858802,0.06970509383378017,0.04289544235924933,0.07819481680071493,0.04423592493297587,0.07819481680071493,0.10366398570151922,0.07640750670241286,0.03753351206434316,0.07372654155495978
0.07219730941704036,0.04439461883408072,0.037219730941704034,0.07982062780269059,0.042600896860986545,0.08071748878923767,0.03542600896860987,0.06995515695067264,0.04304932735426009,0.07488789237668161,0.04125560538116592,0.08116591928251121,0.10807174887892376,0.07713004484304933,0.03587443946188341,0.07623318385650224
0.07152436298614215,0.04336164506034868,0.037103263299061245,0.08627626285203398,0.04202056325435852,0.07644166294143943,0.03263299061242736,0.07197139025480555,0.04514975413500223,0.07465355386678588,0.04202056325435852,0.07957085382208315,0.10952168082253018,0.07644166294143943,0.035762181493071074,0.07554760840411265
0.07247017233760494,0.04197967300044189,0.03800265134776845,0.0897039328325232,0.03932832523199293,0.07556341140079541,0.031816173221387536,0.068935041979673,0.04639858594785683,0.07202828104286346,0.0415377817057004,0.07821475916924436,0.1175430844012373,0.07777286787450287,0.038886433937251434,0.06981882456915599
0.07321428571428572,0.04107142857142857,0.038392857142857145,0.09151785714285714,0.0375,0.07633928571428572,0.029464285714285714,0.06785714285714285,0.045089285714285714,0.07410714285714286,0.039732142857142855,0.07857142857142857,0.11741071428571428,0.07991071428571428,0.038839285714285715,0.07098214285714285
0.07212822796081923,0.040516473731077474,0.0396260017809439,0.08147818343722173,0.035173642030276044,0.07479964381121995,0.029385574354407838,0.07168299198575245,0.04853072128227961,0.07390917186108638,0.039180765805877114,0.08281389136242208,0.11754229741763135,0.07969723953695458,0.03784505788067676,0.07569011576135352
0.07476635514018691,0.04005340453938585,0.03693813974187806,0.0792167334223409,0.035603026257231864,0.07387627948375612,0.02892745883400089,0.07343124165554073,0.049399198931909215,0.07298620382732532,0.037383177570093455,0.0792167334223409,0.12550066755674233,0.07565643079661771,0.04316866933689364,0.07387627948375612
0.07503349709691827,0.03930326038410004,0.03439035283608754,0.08173291648057168,0.03974988834301027,0.07190710138454667,0.030370701205895488,0.07726663689146941,0.044662795891022775,0.07682000893255918,0.03930326038410004,0.08217954443948192,0.12639571237159447,0.07682000893255918,0.03841000446627959,0.06565430995980348
0.07489968791796701,0.03789567543468569,0.034329023629068214,0.07891217119928667,0.03878733838609006,0.07489968791796701,0.029870708872046365,0.07668301382077575,0.04681230494872938,0.08024966562639323,0.038341506910387874,0.08114132857779759,0.1301827909050379,0.07712884529647793,0.03566651805617477,0.06419973250111458
0.07987505577867024,0.03480589022757698,0.031236055332440876,0.07318161535029005,0.041499330655957165,0.07452030343596609,0.030789825970548863,0.08165997322623829,0.04506916555109326,0.07407407407407407,0.038821954484605084,0.08299866131191433,0.13386880856760375,0.07184292726461401,0.03971441320838911,0.06604194556001784
0.07901785714285714,0.032589285714285716,0.033928571428571426,0.07633928571428572,0.045089285714285714,0.07589285714285714,0.029910714285714287,0.08660714285714285,0.04732142857142857,0.071875,0.03526785714285714,0.07678571428571429,0.13080357142857144,0.075,0.04017857142857143,0.06339285714285714
0.08158716005349978,0.034774855104770394,0.03744984395898351,0.07935800267498885,0.04101649576460098,0.07489968791796701,0.032545697726259475,0.08203299152920196,0.04458314757021846,0.07133303611234953,0.03566651805617477,0.0780205082478823,0.12795363352652697,0.07177886758805171,0.038341506910387874,0.06865804725813643
0.08507795100222718,0.035634743875278395,0.03830734966592428,0.07661469933184856,0.04142538975501114,0.07260579064587973,0.03162583518930958,0.08151447661469934,0.04142538975501114,0.06547884187082405,0.03652561247216036,0.0775055679287305,0.12650334075723832,0.0775055679287305,0.03652561247216036,0.0757238307349666
0.086784140969163,0.035682819383259914,0.039207048458149776,0.07709251101321586,0.04449339207048458,0.06784140969162995,0.03700440528634361,0.07929515418502203,0.04449339207048458,0.06563876651982378,0.037444933920704845,0.07533039647577093,0.11894273127753303,0.07709251101321586,0.03612334801762115,0.07753303964757709
0.08037718904355635,0.04265828468792097,0.03771890435563539,0.0794791198922317,0.05163897620116749,0.07139649753030983,0.03592276605298608,0.07274360125729681,0.047597665020206556,0.06600808262236192,0.03592276605298608,0.07498877413560844,0.1122586439155815,0.07903008531656938,0.03771890435563539,0.07453973955994611
0.0821062025881303,0.041499330655957165,0.03792949576082106,0.07942882641677822,0.05310129406514949,0.07050423917893797,0.03168228469433289,0.0678268630075859,0.049085229808121376,0.06648817492190987,0.0392681838464971,0.07407407407407407,0.10843373493975904,0.0821062025881303,0.040160642570281124,0.07630522088353414
0.08678237650200267,0.045838896306186025,0.035603026257231864,0.08544726301735647,0.046283934134401426,0.06497552291944815,0.032932799287939477,0.06186025812194036,0.04494882064975523,0.06898086337338674,0.03960836671117045,0.0796617712505563,0.11348464619492657,0.0796617712505563,0.03827325322652426,0.07565643079661771
0.08466312056737589,0.04920212765957447,0.034574468085106384,0.0851063829787234,0.040336879432624116,0.06161347517730496,0.03368794326241135,0.06205673758865248,0.043882978723404256,0.07535460992907801,0.0398936170212766,0.08111702127659574,0.12189716312056738,0.07402482269503546,0.03590425531914894,0.07668439716312057
0.0819525302283923,0.04746977160770264,0.03493058665472459,0.08911777877295118,0.03896103896103896,0.06180026869682042,0.03537841468875952,0.06672637707120466,0.041648007165248545,0.07433945364979848,0.03761755485893417,0.08016121809225257,0.12539184952978055,0.07299596954769369,0.03761755485893417,0.07389162561576355
0.08104517271922054,0.04650132860938884,0.030558015943312665,0.08015943312666077,0.037643932683790966,0.06598759964570416,0.03587245349867139,0.06510186005314438,0.045172719220549155,0.07395925597874226,0.03631532329495128,0.07661647475642161,0.13728963684676704,0.06997342781222321,0.03720106288751107,0.08060230292294066
0.08016121809225257,0.048813255709807435,0.034482758620689655,0.08150470219435736,0.03716972682489924,0.06269592476489028,0.035826242722794444,0.06269592476489028,0.04254366323331841,0.07254814151365875,0.03358710255261979,0.08284818629646216,0.13837886251679354,0.06896551724137931,0.035826242722794444,0.0819525302283923
