C_R,C_A,C_S,C_N,D_R,D_A,D_S,D_N,Oc_R,Oc_A,Oc_S,Oc_N,Od_R,Od_A,Od_S,Od_N
0.0,0.0,0.0,0.0,0.0,0.0,0.0,0.0,0.0,0.0,0.0,1.0,0.0,0.0,0.0,0.0
0.0,0.0,0.0,0.3333333333333333,0.0,0.0,0.0,0.0,0.0,0.0,0.0,0.6666666666666666,0.0,0.0,0.0,0.0
0.0,0.0,0.0,0.3333333333333333,0.0,0.16666666666666666,0.0,0.0,0.0,0.0,0.0,0.5,0.0,0.0,0.0,0.0
0.0,0.0,0.0,0.45454545454545453,0.0,0.18181818181818182,0.0,0.0,0.0,0.0,0.0,0.36363636363636365,0.0,0.0,0.0,0.0
0.0,0.0,0.0,0.4,0.0,0.2,0.06666666666666667,0.0,0.0,0.0,0.0,0.3333333333333333,0.0,0.0,0.0,0.0
0.0,0.0,0.0,0.4166666666666667,0.0,0.25,0.041666666666666664,0.0,0.0,0.0,0.0,0.25,0.041666666666666664,0.0,0.0,0.0
0.0,0.0,0.0,0.47058823529411764,0.0,0.23529411764705882,0.029411764705882353,0.0,0.0,0.0,0.0,0.23529411764705882,0.029411764705882353,0.0,0.0,0.0
0.0,0.0,0.0,0.46,0.0,0.2,0.02,0.0,0.0,0.02,0.0,0.18,0.08,0.04,0.0,0.0
0.0,0.0,0.0,0.48148148148148145,0.0,0.13580246913580246,0.024691358024691357,0.0,0.012345679012345678,0.024691358024691357,0.0,0.19753086419753085,0.09876543209876543,0.024691358024691357,0.0,0.0
0.0,0.0,0.0,0.47368421052631576,0.0,0.12280701754385964,0.02631578947368421,0.0,0.008771929824561403,0.02631578947368421,0.017543859649122806,0.18421052631578946,0.11403508771929824,0.02631578947368421,0.0,0.0
0.0,0.0,0.0,0.5126582278481012,0.0,0.10126582278481013,0.03164556962025317,0.0,0.006329113924050633,0.02531645569620253,0.0189873417721519,0.13924050632911392,0.12025316455696203,0.03164556962025317,0.0,0.012658227848101266
0.0,0.0,0.0,0.5185185185185185,0.0,0.07407407407407407,0.015873015873015872,0.005291005291005291,0.005291005291005291,0.026455026455026454,0.021164021164021163,0.15873015873015872,0.12698412698412698,0.031746031746031744,0.0,0.015873015873015872
0.0,0.0,0.0,0.5019607843137255,0.0,0.07450980392156863,0.011764705882352941,0.00784313725490196,0.00784313725490196,0.023529411764705882,0.023529411764705882,0.16470588235294117,0.13333333333333333,0.03529411764705882,0.0,0.01568627450980392
0.0,0.0,0.006134969325153374,0.4938650306748466,0.0,0.06748466257668712,0.003067484662576687,0.015337423312883436,0.012269938650306749,0.018404907975460124,0.03067484662576687,0.15950920245398773,0.1441717791411043,0.03067484662576687,0.003067484662576687,0.015337423312883436
0.0,0.0,0.005012531328320802,0.49373433583959897,0.0,0.06766917293233082,0.005012531328320802,0.017543859649122806,0.012531328320802004,0.012531328320802004,0.040100250626566414,0.15789473684210525,0.14285714285714285,0.02756892230576441,0.002506265664160401,0.015037593984962405
0.0,0.0,0.010351966873706004,0.45962732919254656,0.0,0.06832298136645963,0.004140786749482402,0.020703933747412008,0.012422360248447204,0.010351966873706004,0.041407867494824016,0.16356107660455488,0.16356107660455488,0.026915113871635612,0.002070393374741201,0.016563146997929608
0.0,0.003395585738539898,0.011884550084889643,0.45500848896434637,0.0,0.07979626485568761,0.0050933786078098476,0.022071307300509338,0.01867572156196944,0.008488964346349746,0.042444821731748725,0.15959252971137522,0.15619694397283532,0.022071307300509338,0.001697792869269949,0.013582342954159592
0.0029455081001472753,0.0029455081001472753,0.016200294550810016,0.43593519882179677,0.0,0.08394698085419734,0.004418262150220913,0.025036818851251842,0.020618556701030927,0.007363770250368188,0.044182621502209134,0.15022091310751104,0.16936671575846834,0.01914580265095729,0.0014727540500736377,0.016200294550810016
0.005121638924455826,0.0012804097311139564,0.014084507042253521,0.4238156209987196,0.0,0.088348271446863,0.005121638924455826,0.026888604353393086,0.020486555697823303,0.0076824583866837385,0.04353393085787452,0.14596670934699105,0.1792573623559539,0.015364916773367477,0.005121638924455826,0.01792573623559539
0.0044444444444444444,0.0011111111111111111,0.014444444444444444,0.4077777777777778,0.0,0.08555555555555555,0.005555555555555556,0.027777777777777776,0.01888888888888889,0.0077777777777777776,0.04,0.14666666666666667,0.19777777777777777,0.014444444444444444,0.0077777777777777776,0.02
0.007042253521126761,0.001006036217303823,0.01710261569416499,0.39436619718309857,0.0030181086519114686,0.08249496981891348,0.006036217303822937,0.03118712273641851,0.022132796780684104,0.01006036217303823,0.03722334004024145,0.14084507042253522,0.20422535211267606,0.014084507042253521,0.008048289738430584,0.02112676056338028
0.008992805755395683,0.0017985611510791368,0.017985611510791366,0.37949640287769787,0.0035971223021582736,0.08453237410071943,0.007194244604316547,0.029676258992805755,0.022482014388489208,0.008992805755395683,0.03866906474820144,0.1366906474820144,0.21133093525179855,0.014388489208633094,0.01079136690647482,0.023381294964028777
0.007974481658692184,0.001594896331738437,0.015151515151515152,0.37799043062200954,0.003987240829346092,0.0773524720893142,0.007974481658692184,0.030303030303030304,0.022328548644338118,0.007974481658692184,0.03668261562998405,0.13636363636363635,0.22169059011164274,0.014354066985645933,0.013556618819776715,0.024720893141945772
0.008875739644970414,0.0007396449704142012,0.015532544378698224,0.3683431952662722,0.005177514792899409,0.08210059171597633,0.0073964497041420114,0.03106508875739645,0.023668639053254437,0.0073964497041420114,0.03698224852071006,0.13757396449704143,0.22263313609467456,0.013313609467455622,0.014053254437869823,0.02514792899408284
0.011095700416088766,0.0006934812760055479,0.016643550624133148,0.36130374479889044,0.0062413314840499305,0.07281553398058252,0.009015256588072122,0.033287101248266296,0.02288488210818308,0.006934812760055479,0.03744798890429958,0.13869625520110956,0.2302357836338419,0.015256588072122053,0.014563106796116505,0.02288488210818308
0.011680726800778715,0.0006489292667099286,0.01752109020116807,0.34263465282284233,0.007787151200519144,0.07722258273848151,0.011680726800778715,0.03374432186891629,0.024010382868267358,0.007138221933809215,0.035691109669046074,0.1382219338092148,0.24010382868267358,0.0136275146009085,0.015574302401038288,0.0227125243348475
0.013056379821958458,0.0005934718100890207,0.01661721068249258,0.3400593471810089,0.008902077151335312,0.07299703264094956,0.012462908011869436,0.039762611275964393,0.026112759643916916,0.00830860534124629,0.03382789317507418,0.13293768545994064,0.23798219584569733,0.011869436201780416,0.018397626112759646,0.026112759643916916
0.011267605633802818,0.0016901408450704226,0.017464788732394366,0.327887323943662,0.012957746478873239,0.06985915492957746,0.013521126760563381,0.03830985915492958,0.029295774647887324,0.0067605633802816905,0.03436619718309859,0.13690140845070423,0.24394366197183098,0.011267605633802818,0.02028169014084507,0.024225352112676058
0.011375947995666305,0.0016251354279523294,0.016251354279523293,0.32231852654387866,0.016251354279523293,0.06771397616468039,0.012459371614301192,0.040628385698808236,0.0276273022751896,0.0065005417118093175,0.03304442036836403,0.13596966413867823,0.25189599133261104,0.011375947995666305,0.02112676056338028,0.023835319609967497
0.013265306122448979,0.0020408163265306124,0.015816326530612244,0.3153061224489796,0.015816326530612244,0.06683673469387755,0.015306122448979591,0.0413265306122449,0.027551020408163266,0.0066326530612244895,0.03316326530612245,0.13826530612244897,0.2530612244897959,0.011224489795918367,0.020918367346938777,0.02346938775510204
0.012224938875305624,0.00293398533007335,0.018092909535452322,0.30464547677261616,0.018092909535452322,0.06552567237163814,0.016625916870415647,0.04058679706601467,0.02885085574572127,0.006356968215158924,0.029339853300733496,0.1374083129584352,0.26405867970660146,0.0117359413202934,0.020048899755501223,0.0234718826405868
0.015259895088221268,0.003814973772055317,0.01764425369575584,0.2837386742966142,0.018121125417262757,0.0681926561754888,0.016690510252742013,0.04148783977110158,0.027181688125894134,0.00619933237958989,0.030042918454935622,0.14639961850262279,0.268001907486886,0.01239866475917978,0.02145922746781116,0.023366714353838816
0.017975402081362345,0.003784295175023652,0.017029328287606435,0.28429517502365187,0.019867549668874173,0.06291390728476821,0.01892147587511826,0.044938505203405865,0.028855250709555344,0.006149479659413435,0.0293282876064333,0.1400189214758751,0.2672658467360454,0.01466414380321665,0.02128666035950804,0.02270577105014191
0.02044525215810995,0.004543389368468878,0.017719218537028625,0.27351203998182644,0.021808268968650613,0.061790095411176735,0.017264879600181735,0.04679691049522944,0.029077691958200817,0.0068150840527033164,0.03044070876874148,0.13993639254884144,0.2698773284870513,0.016810540663334848,0.02044525215810995,0.02271694684234439
0.020306859205776174,0.005415162454873646,0.016696750902527077,0.2657942238267148,0.02211191335740072,0.06092057761732852,0.018050541516245487,0.04512635379061372,0.02888086642599278,0.007671480144404332,0.03023465703971119,0.1385379061371841,0.27842960288808666,0.017148014440433214,0.023014440433212997,0.021660649819494584
0.020972780008924587,0.005800981704596163,0.015618027666220438,0.2614904060687193,0.024542614904060688,0.060240963855421686,0.01740294511378849,0.04462293618920125,0.03168228469433289,0.008478357875948238,0.03168228469433289,0.13476126729138777,0.2824631860776439,0.0178491744756805,0.023650156180276664,0.018741633199464525
0.021248339973439574,0.00796812749003984,0.01859229747675963,0.2558654271801682,0.021691013722886232,0.0619743249225321,0.01637892872952634,0.04249667994687915,0.0283311199645861,0.007525453740593183,0.03142983621071271,0.13545816733067728,0.2886232846392209,0.016821602478972998,0.02611775121735281,0.019477644975652943
0.021845742309407043,0.007579135086937138,0.019170753455193937,0.25769059295586266,0.021845742309407043,0.06152474364690147,0.015158270173874276,0.04458314757021846,0.028533214444939812,0.009362460989745877,0.032545697726259475,0.12839946500222915,0.2893446277307178,0.017833259028087384,0.025858225590726706,0.018724921979491754
0.024411895250776743,0.00887705281846427,0.020861074123391034,0.2636484687083888,0.022636484687083888,0.05992010652463382,0.013759431868619618,0.04216600088770528,0.02796271637816245,0.010208610741233911,0.032401242787394584,0.12649800266311584,0.2822902796271638,0.01908566355969818,0.026187305814469597,0.01908566355969818
0.024197096348438186,0.008798944126704795,0.020237571491421028,0.25736911570611526,0.02199736031676199,0.06159260888693357,0.015398152221733392,0.04487461504619446,0.029476462824461064,0.010998680158380994,0.030356357237131544,0.12626484821821382,0.2820061592608887,0.01803783545974483,0.028596568411790584,0.019797624285085788
0.025869759143621766,0.00847457627118644,0.02230151650312221,0.25958965209634255,0.02230151650312221,0.06378233719892953,0.01650312221231044,0.04727921498661909,0.028099910793933987,0.009812667261373774,0.028991971454058876,0.12221231043710973,0.2778768956289028,0.017395182872435324,0.028991971454058876,0.020517395182872437
0.025367156208277702,0.009345794392523364,0.022251891410769914,0.2576769025367156,0.023141967067200713,0.06052514463729417,0.016466399643969738,0.04361370716510903,0.027147307521139297,0.009345794392523364,0.030262572318647086,0.12327547841566533,0.27859368046283933,0.02091677792612372,0.030262572318647086,0.021806853582554516
0.02697921273772667,0.009287925696594427,0.022114108801415303,0.2565236620964175,0.022998673153471916,0.06059265811587793,0.01901813356921716,0.043343653250773995,0.02697921273772667,0.010172490048651039,0.03051747014595312,0.11941618752764263,0.2812914639540027,0.020787262273330383,0.028748341441839895,0.021229544449358692
0.025911286780852,0.00966183574879227,0.021958717610891524,0.25384277558190604,0.023715415019762844,0.06236275801493193,0.018884497145366712,0.041721563460693896,0.028985507246376812,0.010101010101010102,0.031181379007465964,0.11989459815546773,0.279754062362758,0.020641194554238032,0.029863855950812472,0.021519543258673692
0.029333333333333333,0.010222222222222223,0.02311111111111111,0.25333333333333335,0.024,0.06088888888888889,0.019555555555555555,0.043111111111111114,0.029333333333333333,0.009333333333333334,0.03111111111111111,0.11955555555555555,0.2777777777777778,0.02,0.027555555555555555,0.021777777777777778
0.028812056737588652,0.00975177304964539,0.02349290780141844,0.25177304964539005,0.024822695035460994,0.06161347517730496,0.019060283687943262,0.04210992907801418,0.031914893617021274,0.00975177304964539,0.03235815602836879,0.11835106382978723,0.2796985815602837,0.01773049645390071,0.025709219858156027,0.02304964539007092
0.028446389496717725,0.012691466083150985,0.02363238512035011,0.25076586433260395,0.028446389496717725,0.062144420131291025,0.02188183807439825,0.03851203501094092,0.03150984682713348,0.010940919037199124,0.03457330415754924,0.11772428884026258,0.2726477024070022,0.016192560175054705,0.026695842450765863,0.023194748358862146
0.03003137606454505,0.012550425818018825,0.02285970416853429,0.2505602868668758,0.02734199910354101,0.061855670103092786,0.021515015688032272,0.03675481846705513,0.029583146571044376,0.012102196324518153,0.03272075302554908,0.11967727476467951,0.2707306140744061,0.017929179740026894,0.02868668758404303,0.02510085163603765
0.029876977152899824,0.011423550087873463,0.021968365553602813,0.26054481546572933,0.028558875219683654,0.05975395430579965,0.02240773286467487,0.03427065026362039,0.028119507908611598,0.011423550087873463,0.030755711775043937,0.11818980667838312,0.27240773286467485,0.018892794376098417,0.027680140597539545,0.023725834797891036
0.030959752321981424,0.010614772224679346,0.020344980097302078,0.254312251216276,0.029632905793896505,0.0583812472357364,0.021671826625386997,0.0367094206103494,0.0291906236178682,0.011499336576735958,0.03228659885006634,0.11587793011941619,0.27465723131357805,0.021229544449358692,0.028748341441839895,0.023883237505528527
0.02992407324698526,0.00982581509602501,0.021438142027690933,0.25368468066100935,0.02813756141134435,0.056721750781598926,0.020991514068780706,0.03662349263063868,0.02813756141134435,0.012505582849486378,0.029477445288075034,0.11478338543992854,0.2827154979901742,0.023224653863331845,0.027690933452434122,0.0241179097811523
0.03244444444444444,0.010666666666666666,0.02266666666666667,0.2511111111111111,0.029777777777777778,0.05288888888888889,0.018222222222222223,0.03911111111111111,0.030222222222222223,0.013333333333333334,0.029777777777777778,0.10888888888888888,0.2853333333333333,0.022222222222222223,0.028444444444444446,0.024888888888888887
0.036,0.010222222222222223,0.020444444444444446,0.26,0.027555555555555555,0.05333333333333334,0.020444444444444446,0.036444444444444446,0.028888888888888888,0.012444444444444444,0.029333333333333333,0.10844444444444444,0.2831111111111111,0.022222222222222223,0.028,0.02311111111111111
0.036853932584269666,0.010786516853932584,0.020224719101123594,0.2503370786516854,0.02696629213483146,0.05573033707865169,0.018426966292134833,0.038202247191011236,0.028764044943820226,0.015280898876404495,0.029662921348314608,0.10831460674157303,0.28584269662921347,0.02202247191011236,0.027865168539325844,0.024719101123595506
0.034405719392314564,0.011170688114387846,0.01966041108132261,0.2546916890080429,0.027256478999106343,0.05451295799821269,0.01966041108132261,0.03932082216264522,0.02993744414655943,0.014298480786416443,0.029490616621983913,0.10053619302949061,0.289544235924933,0.022788203753351208,0.027256478999106343,0.02546916890080429
0.037283621837549935,0.009320905459387484,0.01908566355969818,0.25787838437638705,0.02529960053262317,0.05148690634709276,0.020861074123391034,0.040834442964935644,0.027518863737239236,0.014647137150466045,0.02663115845539281,0.0989791389258766,0.29516200621393696,0.024855747891699954,0.026187305814469597,0.023968042609853527
0.04236540158870256,0.011032656663724626,0.018093556928508385,0.2546337157987643,0.0264783759929391,0.0498676081200353,0.02030008826125331,0.03971756398940865,0.02736098852603707,0.012797881729920565,0.026037069726390114,0.09620476610767872,0.2974404236540159,0.026037069726390114,0.0264783759929391,0.025154457193292144
0.04353562005277045,0.011433597185576077,0.017150395778364115,0.2484608619173263,0.027704485488126648,0.047493403693931395,0.021108179419525065,0.03737906772207564,0.026824978012313105,0.014511873350923483,0.026824978012313105,0.09674582233948989,0.30255057167985927,0.029463500439753737,0.024626209322779244,0.024186455584872472
0.04157452454666077,0.011499336576735958,0.01680672268907563,0.2560813799203892,0.02786377708978328,0.04820875718708536,0.017691287041132243,0.03847854931446263,0.02786377708978328,0.0145953118089341,0.0291906236178682,0.09420610349402919,0.2963290579389651,0.0291906236178682,0.02565236620964175,0.02476780185758514
0.04382826475849732,0.01073345259391771,0.016547406082289804,0.2522361359570662,0.027728085867620753,0.053220035778175315,0.018336314847942754,0.03935599284436494,0.026386404293381037,0.01520572450805009,0.029069767441860465,0.09257602862254025,0.2947227191413238,0.029069767441860465,0.027728085867620753,0.023255813953488372
0.04502897904592064,0.0115916183682568,0.01649576460098083,0.24654480606330806,0.02808738296923763,0.053053945608559964,0.016941596076683014,0.04279982166740972,0.02630405706642889,0.016049933125278644,0.026749888542131076,0.0896121266161391,0.2982612572447615,0.03343736067766384,0.028979045920642,0.020062416406598307
0.043747238179407864,0.012372956252761821,0.014140521431727796,0.25629695095006627,0.0273972602739726,0.05170128148475475,0.016349977905435263,0.043747238179407864,0.025187803800265134,0.016349977905435263,0.02562969509500663,0.08882015024304021,0.29606716747680073,0.032699955810870526,0.029164825452938577,0.020326999558108707
0.04249667994687915,0.012837538733953076,0.015493581230633024,0.25232403718459495,0.027445772465692783,0.04957945993802568,0.017706949977866312,0.04293935369632581,0.02656042496679947,0.01593625498007968,0.027445772465692783,0.08764940239043825,0.29836210712704736,0.03275785745905268,0.03010181496237273,0.02036299247454626
0.041740674955595025,0.013765541740674956,0.015985790408525755,0.25488454706927177,0.023090586145648313,0.052397868561278864,0.019538188277087035,0.04262877442273535,0.02575488454706927,0.015985790408525755,0.02664298401420959,0.09014209591474245,0.294404973357016,0.03374777975133215,0.02930728241563055,0.019982238010657193
0.03912850155624722,0.014228546020453535,0.01600711427301023,0.2516674077367719,0.02578923966207203,0.05380168963983993,0.020898176967541128,0.041796353935082256,0.024899955535793685,0.0164517563361494,0.02401067140951534,0.09070698088039128,0.2996887505558026,0.0329035126722988,0.02845709204090707,0.01956425077812361
0.03810367744793974,0.015507310589277802,0.016836508639787327,0.24900310146211785,0.026140894993354008,0.05006645990252548,0.020824102791315906,0.04031900753212229,0.02658396101019052,0.01639344262295082,0.026140894993354008,0.09392999556933983,0.2981834293309703,0.034559149313247675,0.027913159060700046,0.01949490474080638
0.038920831490490936,0.0145953118089341,0.01680672268907563,0.24635117204776646,0.026536930561698365,0.05263157894736842,0.022114108801415303,0.04201680672268908,0.02830605926581159,0.016364440513047324,0.02344095532950022,0.09022556390977443,0.2998673153471915,0.034055727554179564,0.028748341441839895,0.01901813356921716
0.038869257950530034,0.015459363957597174,0.0176678445229682,0.23542402826855124,0.026501766784452298,0.05123674911660778,0.022084805653710248,0.04328621908127209,0.027385159010600707,0.016342756183745585,0.02429328621908127,0.09584805653710247,0.3052120141342756,0.03445229681978799,0.02871024734982332,0.017226148409893994
0.041101880192391776,0.016178399650196764,0.018364669873196328,0.23524267599475296,0.024048972452995192,0.048097944905990384,0.022737210319195452,0.043725404459991256,0.026672496720594664,0.01530389156099694,0.024486226497595104,0.09488412767818102,0.30432881504153914,0.03585483165719283,0.02929602098819414,0.019676432006996064
0.04226579520697168,0.016122004357298474,0.01917211328976035,0.23485838779956428,0.023965141612200435,0.0514161220043573,0.02309368191721133,0.046623093681917215,0.02570806100217865,0.01568627450980392,0.024400871459694988,0.09106753812636166,0.30501089324618735,0.03442265795206972,0.02832244008714597,0.01786492374727669
0.0412051395657953,0.01639344262295082,0.018165706690296855,0.2370403190075321,0.026140894993354008,0.052281789986708016,0.02303943287549845,0.047408063801506424,0.02303943287549845,0.01639344262295082,0.02303943287549845,0.09481612760301285,0.3030571555161719,0.03544528134692069,0.023925564909171467,0.01860877270713336
0.04336283185840708,0.01902654867256637,0.018584070796460177,0.23716814159292035,0.024778761061946902,0.04911504424778761,0.01991150442477876,0.04469026548672567,0.023893805309734513,0.017256637168141593,0.02256637168141593,0.09292035398230089,0.30575221238938055,0.03672566371681416,0.024778761061946902,0.019469026548672566
0.0409150901891773,0.020237571491421028,0.01891772987241531,0.23405191377034756,0.02243730752309723,0.05279366476022877,0.02331720193576771,0.04839419269687637,0.02375714914210295,0.01671799384073911,0.02243730752309723,0.08886933567971843,0.30488341399032115,0.03519577650681918,0.027716673999120107,0.01935767707875055
0.04298245614035088,0.01929824561403509,0.017543859649122806,0.22982456140350876,0.02149122807017544,0.05,0.02412280701754386,0.04649122807017544,0.02412280701754386,0.018421052631578946,0.0206140350877193,0.09035087719298246,0.3105263157894737,0.035526315789473684,0.02631578947368421,0.02236842105263158
0.044097995545657014,0.01826280623608018,0.018708240534521157,0.23563474387527839,0.019599109131403118,0.04899777282850779,0.025835189309576838,0.045879732739420934,0.023608017817371936,0.019599109131403118,0.019599109131403118,0.09086859688195992,0.30645879732739423,0.035634743875278395,0.027616926503340758,0.019599109131403118
0.046012269938650305,0.018404907975460124,0.016652059596844872,0.23356704645048204,0.018404907975460124,0.047765118317265556,0.02673093777388256,0.047765118317265556,0.02497808939526731,0.019281332164767746,0.021034180543382998,0.08895705521472393,0.30368098159509205,0.036371603856266435,0.027607361963190184,0.022787028921998246
0.04429530201342282,0.01879194630872483,0.01923937360178971,0.2366890380313199,0.017897091722595078,0.04519015659955257,0.026845637583892617,0.04832214765100671,0.024608501118568233,0.02058165548098434,0.01923937360178971,0.08903803131991052,0.305592841163311,0.03355704697986577,0.02774049217002237,0.02237136465324385
0.04557405784399649,0.018843120070113933,0.018404907975460124,0.2366345311130587,0.015337423312883436,0.04557405784399649,0.026292725679228746,0.049079754601226995,0.02366345311130587,0.020595968448729185,0.018843120070113933,0.09070990359333918,0.30718667835232255,0.033304119193689745,0.02673093777388256,0.02322524101665206
0.04732419283502875,0.018575851393188854,0.019460415745245468,0.23706324635117204,0.013268465280849183,0.043343653250773995,0.02565236620964175,0.048651039363113664,0.023883237505528527,0.020787262273330383,0.018575851393188854,0.08978328173374613,0.30959752321981426,0.03538257408226449,0.024325519681556832,0.024325519681556832
0.04911504424778761,0.02256637168141593,0.01902654867256637,0.2336283185840708,0.012389380530973451,0.04513274336283186,0.024778761061946902,0.05132743362831858,0.025221238938053097,0.021238938053097345,0.017699115044247787,0.08539823008849558,0.3084070796460177,0.034955752212389384,0.024336283185840708,0.024778761061946902
0.05214317277949625,0.02342023862129916,0.019001325673884226,0.22713212549712772,0.013256738842244807,0.0415377817057004,0.022536456031816175,0.04993371630578878,0.023862129916040652,0.022978347326557666,0.016349977905435263,0.08661069376933274,0.32081307998232433,0.0344675209898365,0.022978347326557666,0.022978347326557666
0.052795031055900624,0.023957409050576754,0.02085181898846495,0.225377107364685,0.014640638864241348,0.04303460514640639,0.023513753327417924,0.04924578527062999,0.025288376220053237,0.024401064773735583,0.01818988464951198,0.08473824312333629,0.31410825199645076,0.03460514640638864,0.023070097604259095,0.022182786157941437
0.05211581291759466,0.023608017817371936,0.02182628062360802,0.22138084632516702,0.015144766146993319,0.042316258351893093,0.024053452115812918,0.05077951002227171,0.025389755011135856,0.02271714922048998,0.019599109131403118,0.08418708240534521,0.3158129175946548,0.03518930957683741,0.02182628062360802,0.024053452115812918
0.05367355917289925,0.024637043554773426,0.02199736031676199,0.22613286405631325,0.014518257809062912,0.04179498460184778,0.024197096348438186,0.05367355917289925,0.02331720193576771,0.02111746590409151,0.01891772987241531,0.08666959964804223,0.3070831500219974,0.034755829300483945,0.02199736031676199,0.025516937967443906
0.05121412803532009,0.024282560706401765,0.024282560706401765,0.21986754966887417,0.015894039735099338,0.04150110375275938,0.024724061810154525,0.053421633554083886,0.02384105960264901,0.02163355408388521,0.018543046357615896,0.08388520971302428,0.31567328918322296,0.03532008830022075,0.02075055187637969,0.025165562913907286
0.050442477876106194,0.02168141592920354,0.02168141592920354,0.22654867256637168,0.01504424778761062,0.04026548672566372,0.023451327433628318,0.05486725663716814,0.024336283185840708,0.02256637168141593,0.020353982300884955,0.08539823008849558,0.3084070796460177,0.03761061946902655,0.020353982300884955,0.026991150442477876
0.048988764044943824,0.02292134831460674,0.021573033707865168,0.22382022471910112,0.015730337078651686,0.038202247191011236,0.02247191011235955,0.058426966292134834,0.02606741573033708,0.025168539325842697,0.01707865168539326,0.08044943820224719,0.31235955056179776,0.04,0.01887640449438202,0.027865168539325844
0.05170128148475475,0.02342023862129916,0.021652673442333185,0.2213875386654883,0.016791869200176758,0.03844454264250994,0.02209456473707468,0.057445868316394165,0.026071586389748123,0.025187803800265134,0.019885108263367212,0.07777286787450287,0.30976579761378703,0.0415377817057004,0.019443216968625717,0.0273972602739726
0.05310129406514949,0.025435073627844713,0.022311468094600623,0.22266845158411425,0.01606425702811245,0.037037037037037035,0.023650156180276664,0.05667112896028559,0.027666220437304774,0.024542614904060688,0.020080321285140562,0.07809013833110219,0.3043284248103525,0.041499330655957165,0.01963409192324855,0.027219991075412762
0.054328621908127206,0.022968197879858657,0.023851590106007067,0.22173144876325088,0.015459363957597174,0.036219081272084806,0.022968197879858657,0.05830388692579505,0.026060070671378093,0.02120141342756184,0.020318021201413426,0.07729681978798586,0.3083038869257951,0.0446113074204947,0.018109540636042403,0.028268551236749116
0.05361098803721755,0.02303943287549845,0.01993797075764289,0.22729286663712894,0.015507310589277802,0.03766061143110323,0.022153300841825433,0.057155516171909615,0.02702702702702703,0.01993797075764289,0.020824102791315906,0.07709348692955251,0.31058927780239254,0.043420469649977846,0.017722640673460344,0.02702702702702703
0.05511463844797178,0.018077601410934743,0.01763668430335097,0.2275132275132275,0.015873015873015872,0.03791887125220458,0.021164021164021163,0.05864197530864197,0.026455026455026454,0.021164021164021163,0.021604938271604937,0.08156966490299823,0.3099647266313933,0.04188712522045855,0.018077601410934743,0.027336860670194002
0.05725524475524475,0.01791958041958042,0.01791958041958042,0.22552447552447552,0.017045454545454544,0.03977272727272727,0.02054195804195804,0.05812937062937063,0.024912587412587412,0.0236013986013986,0.020104895104895104,0.07910839160839161,0.3125,0.04283216783216783,0.017482517482517484,0.025349650349650348
0.05955006616674018,0.017203352448169385,0.018526687251874726,0.2262902514336127,0.01808557565063961,0.04058226731363035,0.021614468460520512,0.05778561976179974,0.024702249669166298,0.02293780326422585,0.021614468460520512,0.08160564622849581,0.30569033965593295,0.04102337891486546,0.01808557565063961,0.024702249669166298
0.06111603188662533,0.016386182462356066,0.018600531443755536,0.22232063773250665,0.01771479185119575,0.038529672276350756,0.022143489813994686,0.061558901682905225,0.026572187776793623,0.022143489813994686,0.020814880425155006,0.07971656333038087,0.3069087688219663,0.04162976085031001,0.018600531443755536,0.025243578387953942
0.059213433495360145,0.016791869200176758,0.019885108263367212,0.21961997348652232,0.015908086610693768,0.03800265134776845,0.024745912505523642,0.059213433495360145,0.02695536897923111,0.02209456473707468,0.021210782147591693,0.08042421564295184,0.3119752540874945,0.0415377817057004,0.019001325673884226,0.02342023862129916
0.06164079822616408,0.01729490022172949,0.01729490022172949,0.2155210643015521,0.01729490022172949,0.03725055432372506,0.02394678492239468,0.057649667405764965,0.028381374722838137,0.022172949002217297,0.02261640798226164,0.08381374722838138,0.31574279379157427,0.039467849223946784,0.016851441241685146,0.023059866962305987
0.06307895897662108,0.017203352448169385,0.016321129245699163,0.21658579620644022,0.018526687251874726,0.037935597706219674,0.025584472871636524,0.055580061755624174,0.0282311424790472,0.020732245258050286,0.0211733568592854,0.08425231583590649,0.31318923687692984,0.04014115571239524,0.016321129245699163,0.025143361270401413
0.06398940864960283,0.017210944395410415,0.014563106796116505,0.2122683142100618,0.02030008826125331,0.03618711385701677,0.025154457193292144,0.05339805825242718,0.03089143865842895,0.020741394527802295,0.02383053839364519,0.0820829655781112,0.3181818181818182,0.04148278905560459,0.013680494263018535,0.026037069726390114
0.06401074306177261,0.01611459265890779,0.01566696508504924,0.2135183527305282,0.019695613249776187,0.03581020590868397,0.02685765443151298,0.05595344673231871,0.03178155774395703,0.022829006266786033,0.025514771709937333,0.0747538048343778,0.3173679498657117,0.043419874664279316,0.012533572068039392,0.024171888988361683
0.06463195691202872,0.01615798922800718,0.017504488330341114,0.21364452423698385,0.019748653500897665,0.033662477558348294,0.02333931777378815,0.05430879712746858,0.033662477558348294,0.02064631956912029,0.025134649910233394,0.0807899461400359,0.31956912028725315,0.0381508078994614,0.013913824057450628,0.025134649910233394
0.0640176600441501,0.015011037527593819,0.016335540838852098,0.21766004415011037,0.020309050772626933,0.031788079470198675,0.024282560706401765,0.052097130242825605,0.03399558498896247,0.02163355408388521,0.024282560706401765,0.08123620309050773,0.3200883002207506,0.03708609271523179,0.01545253863134658,0.024724061810154525
0.06408544726301736,0.016466399643969738,0.016911437472185136,0.21228304405874499,0.020471740097908322,0.027592345349354695,0.02091677792612372,0.0520694259012016,0.03471295060080107,0.021361815754339118,0.02358700489541611,0.08589230084557187,0.32843791722296395,0.037383177570093455,0.01335113484646195,0.024477080551846907
0.06607142857142857,0.015625,0.01607142857142857,0.21607142857142858,0.01875,0.028125,0.022321428571428572,0.05044642857142857,0.03526785714285714,0.022767857142857142,0.023214285714285715,0.08035714285714286,0.33169642857142856,0.03705357142857143,0.012053571428571429,0.024107142857142858
0.06382042253521127,0.01716549295774648,0.01716549295774648,0.21170774647887325,0.02068661971830986,0.029049295774647887,0.021566901408450703,0.04841549295774648,0.037411971830985914,0.02596830985915493,0.02112676056338028,0.07966549295774648,0.33274647887323944,0.03609154929577465,0.01232394366197183,0.025088028169014086
0.06748466257668712,0.017090271691498685,0.018843120070113933,0.20902716914986855,0.021034180543382998,0.028921998247151623,0.02322524101665206,0.04732690622261174,0.035056967572304996,0.027607361963190184,0.02147239263803681,0.07800175284837861,0.32690622261174407,0.03856266432953549,0.011831726555652936,0.027607361963190184
0.06569019085663559,0.01775410563692854,0.018641810918774968,0.2103861517976032,0.01908566355969818,0.030181979582778518,0.02130492676431425,0.04438526409232135,0.03462050599201065,0.02885042166000888,0.020861074123391034,0.07811806480248558,0.33510874389702616,0.03817132711939636,0.011096316023080338,0.02574345317354638
0.06481481481481481,0.014991181657848324,0.018518518518518517,0.21164021164021163,0.01984126984126984,0.029982363315696647,0.023368606701940034,0.043209876543209874,0.036155202821869487,0.03042328042328042,0.019400352733686066,0.07804232804232804,0.33465608465608465,0.041005291005291,0.010582010582010581,0.023368606701940034
0.06725274725274726,0.015824175824175824,0.018461538461538463,0.2087912087912088,0.017142857142857144,0.029010989010989013,0.025054945054945054,0.04395604395604396,0.03472527472527472,0.03208791208791209,0.02021978021978022,0.07824175824175825,0.33714285714285713,0.03868131868131868,0.00967032967032967,0.023736263736263738
0.06637362637362637,0.016263736263736263,0.02021978021978022,0.20483516483516484,0.014945054945054945,0.02857142857142857,0.025054945054945054,0.044395604395604395,0.036483516483516484,0.03164835164835165,0.021538461538461538,0.07604395604395604,0.34065934065934067,0.04,0.01098901098901099,0.02197802197802198
0.06488888888888888,0.015111111111111112,0.022222222222222223,0.2088888888888889,0.015111111111111112,0.029333333333333333,0.02666666666666667,0.043111111111111114,0.035555555555555556,0.03111111111111111,0.020888888888888887,0.07555555555555556,0.33955555555555555,0.03822222222222222,0.011111111111111112,0.02266666666666667
0.06711111111111111,0.015111111111111112,0.022222222222222223,0.20977777777777779,0.015111111111111112,0.030222222222222223,0.024888888888888887,0.044,0.03866666666666667,0.03333333333333333,0.022222222222222223,0.07466666666666667,0.3333333333333333,0.036444444444444446,0.011555555555555555,0.021333333333333333
0.0648720211827008,0.015445719329214475,0.020741394527802295,0.20962047661076788,0.017210944395410415,0.032215357458075904,0.024271844660194174,0.0410414827890556,0.037069726390114736,0.03089143865842895,0.02118270079435128,0.07722859664607237,0.3389232127096205,0.03662842012356576,0.01059135039717564,0.02206531332744925
0.06710816777041943,0.015894039735099338,0.02163355408388521,0.20353200883002207,0.015894039735099338,0.032229580573951436,0.026490066225165563,0.04150110375275938,0.03708609271523179,0.031346578366445915,0.02207505518763797,0.07549668874172186,0.3408388520971302,0.03532008830022075,0.011479028697571744,0.02207505518763797
0.06775907883082374,0.0141718334809566,0.020814880425155006,0.20017714791851196,0.01771479185119575,0.03277236492471213,0.02745792736935341,0.04428697962798937,0.0354295837023915,0.030115146147032774,0.022143489813994686,0.07528786536758193,0.34189548272807796,0.034100974313551816,0.012843224092116917,0.023029229406554472
0.06460176991150443,0.012831858407079646,0.019469026548672566,0.19513274336283185,0.017699115044247787,0.033628318584070796,0.027876106194690265,0.04601769911504425,0.03716814159292035,0.030973451327433628,0.022123893805309734,0.07610619469026549,0.34601769911504426,0.034070796460176994,0.01504424778761062,0.021238938053097345
0.06672558550596554,0.012372956252761821,0.019001325673884226,0.19973486522315512,0.015908086610693768,0.033583738400353516,0.028722934158197082,0.04595669465311533,0.03623508616880247,0.030048608042421564,0.020326999558108707,0.07688908528501988,0.343791427308882,0.034025629695095004,0.015908086610693768,0.0207688908528502
0.06566104702750665,0.013753327417923691,0.01774622892635315,0.19653948535936114,0.015527950310559006,0.03327417923691216,0.027506654835847383,0.04614019520851819,0.03593611357586513,0.029281277728482696,0.019077196095829637,0.07364685004436557,0.35403726708074534,0.03327417923691216,0.01685891748003549,0.021739130434782608
0.06263784737538597,0.015438906043228937,0.0176444640494045,0.1945302161446846,0.018526687251874726,0.032642258491398325,0.027790030877812087,0.04852227613586237,0.03484781649757389,0.0282311424790472,0.01940891045434495,0.07234230260255844,0.35730039700044114,0.030436700485222762,0.0176444640494045,0.022055580061755623
0.06868867082961641,0.01650312221231044,0.01694915254237288,0.19179304192685104,0.018287243532560213,0.03166815343443354,0.02631578947368421,0.047725245316681535,0.03256021409455843,0.03166815343443354,0.019625334522747548,0.06601248884924175,0.360392506690455,0.032114183764495985,0.01873327386262266,0.02096342551293488
0.07209612817089453,0.01824655095683133,0.017356475300400534,0.1864708500222519,0.019581664441477527,0.030262572318647086,0.027147307521139297,0.05028927458834001,0.029817534490431688,0.035603026257231864,0.01913662661326213,0.06675567423230974,0.3582554517133956,0.03115264797507788,0.017356475300400534,0.020471740097908322
0.06922398589065255,0.018077601410934743,0.01675485008818342,0.18738977072310406,0.01984126984126984,0.030864197530864196,0.029541446208112873,0.04938271604938271,0.03218694885361552,0.036155202821869487,0.018077601410934743,0.06128747795414462,0.3619929453262787,0.030864197530864196,0.019400352733686066,0.01895943562610229
0.06869220607661823,0.017613386173491855,0.017613386173491855,0.18934390136503743,0.019815059445178335,0.028181417877586965,0.028181417877586965,0.05019815059445178,0.029502421840598855,0.03522677234698371,0.017613386173491855,0.06428885953324527,0.3663584324086306,0.03038309114927345,0.018494055482166448,0.018494055482166448
0.06734603455914931,0.017722640673460344,0.018165706690296855,0.19051838723969872,0.01993797075764289,0.027913159060700046,0.027470093043863535,0.047851129818342934,0.03234381922906513,0.0358883473637572,0.018165706690296855,0.06070004430660168,0.3673017279574657,0.02968542312804608,0.01905183872396987,0.01993797075764289
0.06866197183098592,0.018045774647887324,0.020246478873239437,0.18661971830985916,0.020246478873239437,0.02948943661971831,0.02772887323943662,0.04753521126760563,0.03301056338028169,0.03697183098591549,0.020246478873239437,0.05985915492957746,0.3644366197183099,0.028609154929577465,0.018485915492957746,0.019806338028169015
0.06948109058927,0.01978891820580475,0.01978891820580475,0.18469656992084432,0.019349164467897976,0.027704485488126648,0.029463500439753737,0.04309586631486367,0.030782761653474055,0.03913808267370272,0.021108179419525065,0.06068601583113457,0.36675461741424803,0.028583992963940194,0.020228671943711522,0.019349164467897976
0.06724890829694323,0.018777292576419215,0.021397379912663755,0.1873362445414847,0.020087336244541485,0.02794759825327511,0.026200873362445413,0.044978165938864625,0.03056768558951965,0.04017467248908297,0.02314410480349345,0.055458515283842796,0.3655021834061135,0.0314410480349345,0.020087336244541485,0.019650655021834062
0.06581834137779728,0.019745502413339184,0.019745502413339184,0.1882404563405002,0.022817025010969723,0.02720491443615621,0.025888547608600262,0.04387889425186485,0.031154014918824045,0.03992979376919702,0.022378236068451074,0.05616498464238701,0.3641948222904783,0.030715225976305396,0.02457218078104432,0.017551557700745943
0.0662280701754386,0.02149122807017544,0.01929824561403509,0.18201754385964913,0.02149122807017544,0.027192982456140352,0.025,0.04736842105263158,0.034210526315789476,0.039473684210526314,0.025,0.05526315789473684,0.36140350877192984,0.031578947368421054,0.02587719298245614,0.017105263157894738
0.06597222222222222,0.022135416666666668,0.018663194444444444,0.17881944444444445,0.019965277777777776,0.027777777777777776,0.02734375,0.048177083333333336,0.03515625,0.03819444444444445,0.023871527777777776,0.055989583333333336,0.3680555555555556,0.029947916666666668,0.024739583333333332,0.015190972222222222
0.06322350845948353,0.0182546749777382,0.021816562778272486,0.1794300979519145,0.019590382902938557,0.02804986642920748,0.024487978628673197,0.04808548530721282,0.03561887800534283,0.040516473731077474,0.024933214603739984,0.05565449688334818,0.3691006233303651,0.030276046304541407,0.026714158504007122,0.014247551202137132
