C_R,C_A,C_S,C_N,D_R,D_A,D_S,D_N,Oc_R,Oc_A,Oc_S,Oc_N,Od_R,Od_A,Od_S,Od_N
1.0,0.0,0.0,0.0,0.0,0.0,0.0,0.0,0.0,0.0,0.0,0.0,0.0,0.0,0.0,0.0
1.0,0.0,0.0,0.0,0.0,0.0,0.0,0.0,0.0,0.0,0.0,0.0,0.0,0.0,0.0,0.0
1.0,0.0,0.0,0.0,0.0,0.0,0.0,0.0,0.0,0.0,0.0,0.0,0.0,0.0,0.0,0.0
0.896551724137931,0.0,0.06896551724137931,0.0,0.0,0.0,0.0,0.0,0.0,0.0,0.0,0.0,0.0,0.0,0.0,0.034482758620689655
0.8269230769230769,0.0,0.057692307692307696,0.0,0.0,0.0,0.07692307692307693,0.0,0.0,0.0,0.0,0.0,0.0,0.0,0.0,0.038461538461538464
0.8,0.0,0.058823529411764705,0.023529411764705882,0.0,0.0,0.07058823529411765,0.0,0.0,0.0,0.0,0.0,0.0,0.0,0.0,0.047058823529411764
0.7761194029850746,0.0,0.05223880597014925,0.029850746268656716,0.0,0.0,0.06716417910447761,0.0,0.0,0.0,0.0,0.0,0.014925373134328358,0.0,0.0,0.05970149253731343
0.7371134020618557,0.0,0.05154639175257732,0.030927835051546393,0.0,0.005154639175257732,0.07731958762886598,0.0,0.0,0.0,0.0,0.0,0.020618556701030927,0.0,0.0,0.07731958762886598
0.7047970479704797,0.0,0.04428044280442804,0.04059040590405904,0.0,0.0036900369003690036,0.08118081180811808,0.0,0.0,0.0,0.0,0.007380073800738007,0.025830258302583026,0.0,0.0,0.09225092250922509
0.6675675675675675,0.0,0.03783783783783784,0.04864864864864865,0.0,0.002702702702702703,0.07297297297297298,0.005405405405405406,0.0,0.0,0.0,0.010810810810810811,0.03783783783783784,0.0,0.0,0.11621621621621622
0.6303901437371663,0.0,0.030800821355236138,0.057494866529774126,0.0,0.002053388090349076,0.07186858316221766,0.01026694045174538,0.0,0.004106776180698152,0.0,0.014373716632443531,0.049281314168377825,0.0,0.0,0.1293634496919918
0.5916398713826366,0.0,0.027331189710610933,0.05787781350482315,0.0,0.003215434083601286,0.07234726688102894,0.017684887459807074,0.003215434083601286,0.00482315112540193,0.0,0.02090032154340836,0.0594855305466238,0.0,0.0,0.1414790996784566
0.5629820051413882,0.002570694087403599,0.02313624678663239,0.05398457583547558,0.0,0.002570694087403599,0.06812339331619537,0.02442159383033419,0.005141388174807198,0.006426735218508998,0.0012853470437017994,0.028277634961439587,0.07197943444730077,0.0,0.0,0.14910025706940874
0.5284210526315789,0.004210526315789474,0.022105263157894735,0.05368421052631579,0.0010526315789473684,0.002105263157894737,0.06947368421052631,0.030526315789473683,0.007368421052631579,0.008421052631578947,0.002105263157894737,0.03684210526315789,0.08,0.0,0.0,0.15368421052631578
0.49912739965095987,0.006108202443280977,0.020942408376963352,0.05235602094240838,0.0008726003490401396,0.0017452006980802793,0.06980802792321117,0.038394415357766144,0.011343804537521814,0.007853403141361256,0.002617801047120419,0.04537521815008726,0.08551483420593368,0.0,0.0,0.15794066317626526
0.47115384615384615,0.008136094674556213,0.020710059171597635,0.04955621301775148,0.0014792899408284023,0.0014792899408284023,0.07100591715976332,0.04437869822485207,0.01849112426035503,0.0073964497041420114,0.004437869822485207,0.05103550295857988,0.09023668639053255,0.0007396449704142012,0.0,0.15976331360946747
0.44851994851994853,0.010939510939510939,0.019948519948519948,0.04826254826254826,0.002574002574002574,0.0032175032175032173,0.06885456885456885,0.05019305019305019,0.023809523809523808,0.009009009009009009,0.005791505791505791,0.05405405405405406,0.0933075933075933,0.001287001287001287,0.0,0.16023166023166024
0.4267806267806268,0.011965811965811967,0.019943019943019943,0.04786324786324787,0.003418803418803419,0.005698005698005698,0.07179487179487179,0.05413105413105413,0.02905982905982906,0.009116809116809116,0.005698005698005698,0.05641025641025641,0.09401709401709402,0.002279202279202279,0.0005698005698005698,0.16125356125356125
0.4128865979381443,0.013917525773195877,0.020103092783505156,0.04536082474226804,0.005154639175257732,0.005670103092783505,0.07422680412371134,0.05824742268041237,0.03608247422680412,0.008247422680412371,0.006185567010309278,0.058762886597938144,0.09175257731958762,0.002061855670103093,0.0010309278350515464,0.16030927835051548
0.39624413145539905,0.01596244131455399,0.019248826291079813,0.0431924882629108,0.006572769953051643,0.006572769953051643,0.07370892018779343,0.06338028169014084,0.0431924882629108,0.007511737089201878,0.006103286384976526,0.061971830985915494,0.09014084507042254,0.002347417840375587,0.0014084507042253522,0.1624413145539906
0.3834717971141233,0.017927415828596416,0.019676432006996064,0.04022737210319195,0.007870572802798426,0.006996064713598601,0.07258417140358549,0.0664626147791867,0.04897245299519021,0.006996064713598601,0.005247048535198951,0.06427634455618715,0.09007433318758198,0.003060778312199388,0.0013117621337997377,0.16484477481416704
0.3723936613844871,0.02043369474562135,0.020016680567139282,0.040033361134278564,0.009591326105087573,0.007506255212677231,0.07172643869891576,0.06797331109257715,0.05212677231025855,0.007089241034195163,0.005421184320266889,0.0646371976647206,0.09007506255212677,0.003336113427856547,0.0025020850708924102,0.1651376146788991
0.36807817589576547,0.019951140065146578,0.02035830618892508,0.039495114006514655,0.012214983713355049,0.007736156351791531,0.0736970684039088,0.06799674267100977,0.05374592833876222,0.006921824104234527,0.006514657980456026,0.06514657980456026,0.08794788273615635,0.003257328990228013,0.0028501628664495114,0.16408794788273615
0.3638186923385479,0.02045728038507822,0.020056157240272765,0.03931006819093462,0.01444043321299639,0.00842358604091456,0.0754111512234256,0.06738868832731648,0.05254713196951464,0.007220216606498195,0.006417970316887284,0.06618531889290012,0.08503810669875651,0.003208985158443642,0.004412354592860008,0.16566385880465304
0.3608,0.0204,0.02,0.04,0.0152,0.0088,0.0744,0.0676,0.0524,0.0076,0.0072,0.0672,0.0852,0.004,0.0044,0.1648
0.3592,0.0216,0.0196,0.04,0.0156,0.01,0.0748,0.068,0.052,0.0088,0.0076,0.0672,0.0836,0.0044,0.0044,0.1632
0.3572,0.0216,0.022,0.0396,0.016,0.0108,0.0744,0.0668,0.0516,0.01,0.008,0.0664,0.0844,0.0048,0.0044,0.162
0.3536,0.0212,0.0216,0.04,0.0164,0.0112,0.0736,0.068,0.0508,0.0104,0.0092,0.068,0.0844,0.0048,0.0052,0.1616
0.3512,0.0212,0.0216,0.0396,0.0168,0.0116,0.0728,0.0688,0.0508,0.0116,0.01,0.0676,0.084,0.0048,0.0052,0.1624
0.3476,0.0212,0.022,0.0404,0.0172,0.012,0.072,0.0688,0.0516,0.0116,0.0104,0.0676,0.0844,0.0056,0.006,0.1616
0.3428,0.0212,0.0244,0.0412,0.0176,0.0124,0.0712,0.0688,0.0516,0.0124,0.0104,0.0676,0.0844,0.0064,0.006,0.1616
0.3416,0.0208,0.0244,0.0412,0.018,0.0132,0.0704,0.068,0.0516,0.0128,0.0124,0.0676,0.0844,0.0076,0.0064,0.1596
0.3388,0.0212,0.0244,0.0416,0.0184,0.0136,0.0692,0.068,0.0516,0.014,0.014,0.0676,0.0848,0.008,0.0076,0.1572
0.334,0.0212,0.0244,0.0416,0.0184,0.014,0.0684,0.0684,0.0528,0.0136,0.0152,0.068,0.0844,0.0096,0.008,0.158
0.3312,0.0216,0.0248,0.0412,0.0196,0.0148,0.0688,0.0684,0.0532,0.0152,0.0156,0.0672,0.0836,0.0096,0.0084,0.1568
0.3288,0.0228,0.0256,0.0416,0.0204,0.0148,0.0684,0.0668,0.0532,0.016,0.0152,0.0668,0.0832,0.0108,0.0088,0.1568
0.3248,0.0228,0.0264,0.042,0.0212,0.0152,0.0688,0.0668,0.0536,0.0164,0.0164,0.0664,0.0832,0.0108,0.0088,0.1564
0.3228,0.024,0.028,0.0424,0.0212,0.016,0.068,0.0676,0.054,0.0172,0.0164,0.0644,0.0824,0.0112,0.0084,0.156
0.3188,0.024,0.0284,0.0424,0.0224,0.0172,0.068,0.0688,0.0536,0.0172,0.016,0.064,0.082,0.0116,0.0096,0.156
0.3172,0.024,0.028,0.042,0.0232,0.0184,0.0676,0.0676,0.054,0.0172,0.0164,0.0636,0.0824,0.0116,0.0112,0.1556
0.3136,0.0244,0.0284,0.0428,0.0244,0.0188,0.068,0.0676,0.054,0.0184,0.0168,0.0636,0.0828,0.0112,0.0108,0.1544
0.3108,0.0244,0.0288,0.044,0.0256,0.0196,0.0672,0.0676,0.0544,0.0184,0.0168,0.0632,0.0816,0.0128,0.0116,0.1532
0.3076,0.024,0.0292,0.0444,0.0272,0.0204,0.0676,0.0668,0.0544,0.0188,0.0176,0.0636,0.0808,0.0136,0.012,0.152
0.3052,0.0248,0.0304,0.044,0.028,0.0216,0.0664,0.0668,0.0544,0.0196,0.0176,0.064,0.08,0.0144,0.012,0.1508
0.3008,0.0256,0.0312,0.0448,0.0284,0.0224,0.0656,0.0664,0.0544,0.02,0.0184,0.0652,0.0812,0.0148,0.0124,0.1484
0.2968,0.026,0.0312,0.0448,0.0292,0.0228,0.066,0.0668,0.0536,0.0204,0.0192,0.066,0.0808,0.016,0.0132,0.1472
0.2912,0.0264,0.0316,0.0456,0.0296,0.0232,0.0668,0.0668,0.0544,0.022,0.02,0.0652,0.0796,0.0172,0.0148,0.1456
0.288,0.0272,0.032,0.0464,0.0292,0.0236,0.0668,0.0664,0.0544,0.0228,0.0196,0.0664,0.08,0.0176,0.0152,0.1444
0.2872,0.0284,0.032,0.046,0.0292,0.0248,0.066,0.0656,0.0556,0.0236,0.02,0.0644,0.0796,0.018,0.016,0.1436
0.2852,0.0288,0.0336,0.0448,0.0296,0.0256,0.0656,0.0656,0.0552,0.0236,0.0204,0.0644,0.0792,0.018,0.016,0.1444
0.2812,0.0296,0.0344,0.0448,0.03,0.026,0.0652,0.0652,0.0556,0.0244,0.0212,0.064,0.0788,0.0188,0.0168,0.144
0.2796,0.0304,0.0348,0.0452,0.03,0.0276,0.0652,0.0652,0.0552,0.0252,0.0212,0.064,0.0788,0.0188,0.0168,0.142
0.2776,0.0312,0.0348,0.0444,0.03,0.0276,0.0656,0.0644,0.056,0.0248,0.022,0.0636,0.0788,0.0204,0.0176,0.1412
0.2748,0.032,0.0348,0.044,0.0304,0.0276,0.066,0.0644,0.0568,0.0248,0.0224,0.0644,0.0796,0.0196,0.0172,0.1412
0.2732,0.0316,0.0356,0.0432,0.0312,0.0284,0.0668,0.064,0.0564,0.0256,0.0224,0.064,0.0796,0.0196,0.0176,0.1408
0.272,0.0316,0.0356,0.0436,0.0316,0.0284,0.0668,0.064,0.0572,0.0272,0.0232,0.0644,0.0784,0.02,0.0176,0.1384
0.2704,0.0324,0.0352,0.0432,0.0316,0.0292,0.0668,0.064,0.0568,0.0284,0.0228,0.0644,0.0792,0.0196,0.018,0.138
0.27,0.0328,0.0352,0.0424,0.0324,0.0288,0.0656,0.064,0.0564,0.0288,0.0228,0.0644,0.0796,0.0204,0.0188,0.1376
0.2672,0.0332,0.0356,0.0424,0.0324,0.0308,0.0664,0.064,0.056,0.0292,0.022,0.0648,0.0792,0.0204,0.0196,0.1368
0.2656,0.0336,0.0368,0.0428,0.032,0.0308,0.0664,0.064,0.056,0.0288,0.0224,0.0648,0.0792,0.0204,0.0196,0.1368
0.2616,0.0336,0.0364,0.0428,0.0312,0.0312,0.0668,0.0652,0.056,0.0288,0.0236,0.0652,0.0808,0.0204,0.0192,0.1372
0.26,0.034,0.0368,0.0432,0.0312,0.0308,0.0664,0.0656,0.0568,0.0284,0.0236,0.0656,0.0808,0.0212,0.0192,0.1364
0.2596,0.0352,0.0372,0.0436,0.0316,0.0312,0.0672,0.0648,0.0564,0.0284,0.024,0.0644,0.0808,0.0208,0.02,0.1348
0.2584,0.0348,0.038,0.044,0.0328,0.032,0.066,0.0652,0.0556,0.0292,0.0244,0.064,0.0812,0.0212,0.02,0.1332
0.2564,0.0344,0.0376,0.0448,0.0344,0.0324,0.0652,0.0656,0.0556,0.0292,0.0252,0.064,0.0812,0.0204,0.0204,0.1332
0.2564,0.0344,0.038,0.0456,0.0344,0.032,0.0644,0.0648,0.0556,0.0296,0.0248,0.0644,0.0812,0.0208,0.0208,0.1328
0.2532,0.0336,0.0392,0.0468,0.034,0.0324,0.0644,0.0652,0.0544,0.0304,0.026,0.0652,0.0812,0.0212,0.0208,0.132
0.2528,0.0336,0.0392,0.0464,0.034,0.032,0.0648,0.066,0.0548,0.0316,0.0264,0.0644,0.0812,0.0208,0.0216,0.1304
0.25,0.0328,0.04,0.0472,0.0336,0.0324,0.0648,0.066,0.0552,0.032,0.0268,0.0652,0.082,0.0212,0.0216,0.1292
0.248,0.0328,0.04,0.0468,0.0336,0.0324,0.0656,0.066,0.0552,0.0336,0.0276,0.0648,0.0828,0.0212,0.0216,0.128
0.2448,0.0328,0.0404,0.0468,0.0344,0.0324,0.0652,0.0652,0.0556,0.0336,0.0284,0.0652,0.0832,0.022,0.022,0.128
0.2408,0.0328,0.042,0.0484,0.0344,0.0324,0.0664,0.068,0.056,0.0308,0.0296,0.0632,0.0832,0.0216,0.0224,0.128
0.2408,0.032,0.0424,0.048,0.0348,0.0328,0.0664,0.07,0.056,0.0304,0.03,0.0628,0.0832,0.022,0.0228,0.1256
0.2376,0.0324,0.0428,0.048,0.0352,0.0328,0.0676,0.0692,0.0568,0.0308,0.0304,0.0628,0.0828,0.0224,0.0232,0.1252
0.2344,0.0336,0.0428,0.048,0.0352,0.0332,0.0672,0.0688,0.0576,0.0312,0.032,0.0632,0.0836,0.0228,0.0232,0.1232
0.2312,0.0336,0.0436,0.0496,0.0348,0.0344,0.0672,0.0684,0.0568,0.0324,0.032,0.0628,0.0824,0.024,0.0232,0.1236
0.2292,0.0344,0.0444,0.0492,0.034,0.0348,0.0672,0.0692,0.0568,0.0324,0.0324,0.0628,0.0828,0.0232,0.024,0.1232
0.2276,0.0364,0.0444,0.0496,0.0336,0.0344,0.0672,0.0692,0.0568,0.0332,0.0324,0.0616,0.082,0.0244,0.0248,0.1224
0.2264,0.0372,0.0444,0.0508,0.0332,0.0344,0.0676,0.0688,0.0564,0.0324,0.0332,0.0612,0.082,0.0244,0.0256,0.122
0.2256,0.038,0.0452,0.0508,0.0336,0.0344,0.0664,0.07,0.056,0.0328,0.0324,0.0612,0.0816,0.0244,0.026,0.1216
0.2228,0.0376,0.046,0.0496,0.0336,0.0344,0.0668,0.0704,0.0568,0.0332,0.034,0.0604,0.0812,0.0248,0.0272,0.1212
0.2216,0.0372,0.0468,0.0496,0.0336,0.0364,0.0676,0.0708,0.0564,0.0336,0.0336,0.0592,0.0804,0.0252,0.0272,0.1208
0.2208,0.0368,0.0464,0.0496,0.0328,0.0364,0.0668,0.0716,0.0564,0.034,0.0348,0.0592,0.08,0.026,0.028,0.1204
0.22,0.0376,0.0472,0.0492,0.0336,0.0368,0.0668,0.07,0.0564,0.0332,0.036,0.0592,0.08,0.0264,0.028,0.1196
0.2188,0.038,0.0476,0.0492,0.034,0.0364,0.0668,0.0704,0.0568,0.0336,0.0364,0.0592,0.0808,0.026,0.0272,0.1188
0.2176,0.038,0.0476,0.05,0.0336,0.0364,0.0668,0.0708,0.056,0.0348,0.0364,0.0588,0.082,0.026,0.0276,0.1176
0.2148,0.0372,0.048,0.0488,0.0352,0.0384,0.0664,0.0704,0.0556,0.0364,0.0364,0.0588,0.082,0.0264,0.0288,0.1164
0.214,0.0376,0.048,0.0492,0.0352,0.0388,0.0664,0.0716,0.056,0.0364,0.0364,0.0584,0.0816,0.0264,0.0284,0.1156
0.212,0.0384,0.0476,0.0496,0.0356,0.0388,0.0672,0.0716,0.056,0.0356,0.0372,0.058,0.0804,0.0264,0.0304,0.1152
0.2108,0.0376,0.0472,0.0496,0.0364,0.0396,0.068,0.0708,0.0556,0.0356,0.036,0.0588,0.0804,0.0276,0.0304,0.1156
0.2088,0.0372,0.048,0.0496,0.036,0.0404,0.0696,0.0704,0.0552,0.0352,0.0364,0.06,0.0804,0.0272,0.0312,0.1144
0.2072,0.0376,0.048,0.0504,0.0352,0.0404,0.0692,0.072,0.0552,0.036,0.0368,0.0588,0.0788,0.0276,0.0328,0.114
0.2056,0.0384,0.0472,0.0504,0.0368,0.0416,0.0688,0.0728,0.0552,0.036,0.0372,0.058,0.0788,0.0276,0.0328,0.1128
0.2032,0.0384,0.0476,0.0504,0.0372,0.042,0.0688,0.074,0.0548,0.0356,0.0372,0.058,0.0788,0.0272,0.0332,0.1136
0.2,0.0392,0.0472,0.0508,0.0384,0.042,0.0688,0.0744,0.0548,0.036,0.0368,0.0576,0.08,0.0272,0.0332,0.1136
0.1972,0.0396,0.0476,0.0516,0.0376,0.042,0.0688,0.0744,0.0548,0.0356,0.036,0.0576,0.0808,0.028,0.0348,0.1136
0.196,0.04,0.046,0.052,0.04,0.0424,0.0688,0.0736,0.0552,0.0356,0.0352,0.0576,0.0812,0.0284,0.0352,0.1128
0.1936,0.0416,0.046,0.0508,0.0404,0.0424,0.0688,0.0756,0.0548,0.036,0.036,0.0576,0.0816,0.0284,0.036,0.1104
0.1912,0.042,0.046,0.05,0.0408,0.0424,0.0688,0.0764,0.0552,0.0364,0.0364,0.0576,0.0812,0.028,0.0368,0.1108
0.1908,0.042,0.0456,0.0484,0.042,0.0424,0.0684,0.076,0.0552,0.0364,0.0356,0.058,0.0808,0.0296,0.0368,0.112
0.19,0.0424,0.0452,0.0488,0.0432,0.042,0.0676,0.0752,0.0548,0.0364,0.0368,0.058,0.0804,0.0304,0.0376,0.1112
0.19,0.0432,0.0456,0.0492,0.0432,0.0412,0.0668,0.0752,0.0548,0.0364,0.038,0.0592,0.0792,0.0312,0.0372,0.1096
0.1884,0.0432,0.0464,0.0508,0.0432,0.0412,0.0664,0.0748,0.0548,0.0368,0.0396,0.0588,0.0772,0.032,0.0376,0.1088
0.186,0.0428,0.0464,0.0508,0.0432,0.0412,0.0656,0.0752,0.0552,0.038,0.0404,0.0584,0.0776,0.0328,0.0384,0.108
0.1852,0.0432,0.0472,0.0504,0.0436,0.0416,0.0644,0.0756,0.056,0.038,0.0408,0.0588,0.0764,0.034,0.0372,0.1076
0.1836,0.0432,0.0468,0.0496,0.0436,0.042,0.0652,0.0752,0.056,0.0384,0.0416,0.0588,0.0764,0.0344,0.0376,0.1076
0.182,0.0436,0.0468,0.0484,0.0444,0.0424,0.0656,0.0752,0.0564,0.0396,0.042,0.0588,0.0756,0.0348,0.0376,0.1068
0.1804,0.0448,0.0456,0.0496,0.0432,0.0432,0.0664,0.0748,0.0568,0.04,0.042,0.0592,0.0764,0.0352,0.0372,0.1052
0.1792,0.0452,0.046,0.05,0.0428,0.044,0.0664,0.0748,0.0568,0.04,0.042,0.06,0.0768,0.0344,0.0364,0.1052
0.1756,0.046,0.0464,0.0504,0.0424,0.0452,0.0656,0.076,0.0568,0.0396,0.042,0.0608,0.0768,0.0352,0.0372,0.104
0.1752,0.0452,0.0468,0.05,0.0428,0.0448,0.0656,0.0756,0.0576,0.04,0.0416,0.062,0.0768,0.0348,0.0372,0.104
0.1744,0.0452,0.048,0.0488,0.0444,0.0456,0.0656,0.0752,0.0572,0.04,0.042,0.0616,0.0772,0.0348,0.0368,0.1032
0.1744,0.046,0.048,0.0492,0.0444,0.0464,0.0652,0.0756,0.0572,0.04,0.0424,0.0624,0.076,0.0348,0.036,0.102
0.1748,0.046,0.0472,0.0504,0.0444,0.0464,0.0636,0.0756,0.0576,0.04,0.0428,0.0632,0.0756,0.0356,0.0352,0.1016
0.1736,0.0464,0.0488,0.0512,0.0444,0.0456,0.0636,0.0756,0.0588,0.0404,0.0428,0.062,0.0756,0.0344,0.0356,0.1012
0.1728,0.0472,0.0488,0.0508,0.0456,0.0456,0.064,0.0744,0.058,0.0396,0.042,0.0632,0.076,0.0352,0.0356,0.1012
0.1708,0.0476,0.0488,0.0508,0.046,0.0456,0.0632,0.0748,0.0576,0.0392,0.042,0.0644,0.0764,0.0356,0.0352,0.102
0.1696,0.0472,0.0492,0.052,0.0464,0.046,0.0632,0.0752,0.0572,0.0396,0.042,0.064,0.0756,0.036,0.0352,0.1016
0.1684,0.0476,0.0484,0.0512,0.0472,0.0464,0.064,0.0756,0.0572,0.0392,0.0416,0.0648,0.0764,0.0364,0.0348,0.1008
0.1672,0.048,0.048,0.0516,0.0476,0.0464,0.0632,0.0752,0.0576,0.0396,0.0408,0.0652,0.076,0.038,0.034,0.1016
0.1672,0.048,0.0492,0.0524,0.0476,0.046,0.0632,0.0756,0.0572,0.04,0.0404,0.066,0.0744,0.0376,0.034,0.1012
0.1664,0.0488,0.0488,0.0524,0.0476,0.046,0.0624,0.0756,0.0576,0.0408,0.04,0.066,0.0744,0.038,0.0336,0.1016
0.1656,0.0492,0.0476,0.0528,0.0472,0.0464,0.0632,0.0768,0.0588,0.0396,0.0396,0.0676,0.0732,0.038,0.0324,0.102
0.1656,0.0484,0.0476,0.0528,0.048,0.046,0.0628,0.0772,0.0588,0.04,0.0388,0.0672,0.0732,0.0384,0.0328,0.1024
0.1632,0.048,0.0492,0.0536,0.0472,0.0456,0.0636,0.0768,0.0596,0.0396,0.0396,0.0684,0.0724,0.0384,0.0328,0.102
0.162,0.0492,0.0496,0.054,0.0472,0.0452,0.0644,0.0764,0.0588,0.0396,0.0384,0.0684,0.0732,0.0388,0.0344,0.1004
0.1604,0.0484,0.05,0.054,0.0484,0.046,0.0656,0.0756,0.0596,0.0392,0.0384,0.068,0.0716,0.0404,0.0344,0.1
0.1592,0.0488,0.05,0.0536,0.048,0.0464,0.0652,0.074,0.0596,0.0396,0.04,0.0688,0.0716,0.0408,0.0344,0.1
0.1592,0.0492,0.0492,0.0528,0.0476,0.0468,0.066,0.074,0.0608,0.04,0.04,0.0684,0.0712,0.0408,0.0344,0.0996
0.158,0.0492,0.0492,0.0528,0.0472,0.0472,0.0656,0.0744,0.062,0.0392,0.0408,0.0676,0.0704,0.0416,0.0348,0.1
0.1576,0.0488,0.0492,0.0536,0.0476,0.0472,0.0656,0.0752,0.0624,0.0384,0.0404,0.0676,0.0712,0.0416,0.0344,0.0992
0.1576,0.0484,0.0488,0.052,0.0468,0.0488,0.0652,0.076,0.0628,0.0384,0.0412,0.068,0.0716,0.042,0.034,0.0984
0.1588,0.048,0.0488,0.0524,0.0468,0.0484,0.0648,0.0748,0.0628,0.0388,0.0416,0.068,0.0712,0.0424,0.0348,0.0976
0.1576,0.0476,0.0488,0.0528,0.0464,0.0484,0.0644,0.0748,0.0624,0.0388,0.04,0.0684,0.072,0.0436,0.036,0.098
0.1572,0.0472,0.0492,0.0548,0.046,0.0484,0.0632,0.0744,0.062,0.0408,0.04,0.0672,0.0728,0.0436,0.0364,0.0968
0.156,0.0468,0.0496,0.054,0.0468,0.0488,0.0632,0.0748,0.0628,0.0408,0.04,0.0668,0.0736,0.0432,0.0368,0.096
0.1564,0.0468,0.0488,0.0536,0.0476,0.0488,0.0636,0.0728,0.062,0.0412,0.04,0.068,0.074,0.044,0.0368,0.0956
0.1552,0.0476,0.0484,0.0536,0.048,0.048,0.0632,0.0724,0.062,0.0424,0.04,0.0676,0.0736,0.0448,0.0368,0.0964
0.1532,0.0472,0.0488,0.0532,0.0496,0.0476,0.064,0.0708,0.0624,0.0416,0.0404,0.0676,0.0736,0.0452,0.038,0.0968
0.1528,0.0476,0.0484,0.0528,0.05,0.0476,0.064,0.0708,0.062,0.0412,0.0412,0.068,0.0732,0.0456,0.0384,0.0964
0.152,0.0476,0.0488,0.0532,0.0508,0.048,0.0632,0.0708,0.0612,0.0408,0.042,0.0676,0.0728,0.046,0.0388,0.0964
0.152,0.0472,0.0488,0.0528,0.05,0.048,0.064,0.0704,0.0608,0.0412,0.0416,0.068,0.0732,0.046,0.0396,0.0964
0.1516,0.046,0.0484,0.0552,0.05,0.048,0.0624,0.0708,0.0616,0.0408,0.0416,0.0676,0.0732,0.0468,0.0404,0.0956
0.152,0.046,0.0488,0.0548,0.0496,0.0476,0.062,0.0704,0.0616,0.0404,0.0416,0.0672,0.0748,0.0468,0.0408,0.0956
0.1516,0.0472,0.0492,0.0552,0.0488,0.048,0.0604,0.0712,0.0616,0.0396,0.042,0.066,0.0756,0.0468,0.0412,0.0956
0.1512,0.0472,0.0496,0.0552,0.0476,0.048,0.0608,0.0724,0.0612,0.04,0.0416,0.0676,0.0752,0.046,0.0412,0.0952
0.15,0.0476,0.0508,0.056,0.0476,0.0488,0.0596,0.0716,0.0596,0.04,0.0428,0.0688,0.074,0.0456,0.0424,0.0948
0.1484,0.048,0.0516,0.0556,0.0476,0.0488,0.0592,0.0732,0.0596,0.0388,0.0432,0.0696,0.0736,0.0456,0.0432,0.094
0.148,0.0488,0.0512,0.056,0.0472,0.0492,0.06,0.0728,0.0604,0.0396,0.0428,0.0692,0.072,0.0452,0.0436,0.094
0.1484,0.0496,0.0516,0.0568,0.046,0.05,0.0596,0.072,0.0608,0.04,0.042,0.0688,0.0724,0.0456,0.0428,0.0936
0.1468,0.0492,0.052,0.0576,0.0456,0.0512,0.0592,0.0708,0.06,0.0408,0.0424,0.0688,0.0728,0.0452,0.0436,0.094
0.146,0.0496,0.052,0.0572,0.046,0.0516,0.0588,0.07,0.0592,0.0416,0.042,0.068,0.074,0.0452,0.0444,0.0944
0.146,0.0496,0.0512,0.0564,0.048,0.0516,0.0592,0.0688,0.0592,0.044,0.0428,0.0684,0.0744,0.044,0.044,0.0924
0.1444,0.0496,0.0512,0.056,0.0472,0.054,0.06,0.0692,0.058,0.0444,0.0424,0.068,0.0756,0.0448,0.0428,0.0924
0.1436,0.0504,0.0512,0.056,0.0468,0.0536,0.0604,0.0696,0.058,0.0452,0.0428,0.0676,0.0756,0.0448,0.0432,0.0912
0.1432,0.052,0.0508,0.0564,0.0472,0.0536,0.0584,0.0692,0.058,0.0456,0.0436,0.0664,0.0752,0.0448,0.0432,0.0924
0.1416,0.052,0.0524,0.0572,0.0476,0.0536,0.058,0.0692,0.0572,0.0452,0.044,0.0656,0.076,0.0448,0.044,0.0916
0.14,0.0524,0.0512,0.0576,0.0476,0.054,0.0572,0.0684,0.0592,0.046,0.0444,0.0656,0.076,0.0444,0.044,0.092
0.1412,0.052,0.0512,0.0576,0.0476,0.0536,0.0572,0.068,0.0596,0.0456,0.044,0.066,0.0756,0.0448,0.044,0.092
0.14,0.0528,0.052,0.0572,0.0472,0.054,0.0568,0.068,0.0596,0.0464,0.044,0.0652,0.0764,0.0444,0.044,0.092
0.14,0.0524,0.0528,0.0568,0.0472,0.0532,0.0568,0.0672,0.0604,0.046,0.044,0.0648,0.0764,0.0448,0.0444,0.0928
0.1392,0.0524,0.0532,0.0568,0.048,0.0524,0.0572,0.0668,0.0616,0.046,0.044,0.0652,0.076,0.0448,0.0444,0.092
0.1388,0.0512,0.0536,0.056,0.0484,0.0532,0.0556,0.0664,0.0628,0.046,0.0452,0.0648,0.0768,0.0452,0.044,0.092
0.1384,0.0512,0.0536,0.0556,0.0492,0.0532,0.0544,0.0656,0.0628,0.0464,0.0456,0.0644,0.0756,0.0456,0.0444,0.094
0.136,0.052,0.0544,0.0552,0.0492,0.0536,0.0548,0.0656,0.0648,0.0456,0.046,0.0636,0.0752,0.046,0.0448,0.0932
0.1352,0.0524,0.0548,0.0548,0.0488,0.0544,0.0548,0.064,0.0656,0.0464,0.046,0.0644,0.0756,0.0448,0.0448,0.0932
0.1348,0.0516,0.0548,0.0544,0.0488,0.0532,0.0556,0.064,0.0664,0.0472,0.0472,0.0632,0.0752,0.0448,0.0464,0.0924
0.1348,0.0516,0.0528,0.0544,0.0484,0.0532,0.0556,0.0632,0.0672,0.048,0.0468,0.064,0.076,0.046,0.0468,0.0912
0.1352,0.0512,0.052,0.0556,0.0476,0.0528,0.0556,0.0632,0.0668,0.048,0.0464,0.0648,0.0752,0.0468,0.0468,0.092
0.1336,0.0512,0.0524,0.0556,0.0464,0.0524,0.0552,0.0628,0.0668,0.048,0.0476,0.0652,0.0756,0.0468,0.0468,0.0936
0.1344,0.0512,0.052,0.0556,0.0476,0.0512,0.0552,0.0632,0.0672,0.0488,0.0472,0.066,0.074,0.0468,0.0468,0.0928
0.1336,0.0516,0.052,0.056,0.048,0.0508,0.0568,0.0636,0.0676,0.0492,0.0472,0.0648,0.074,0.046,0.0464,0.0924
0.1328,0.0524,0.052,0.056,0.048,0.0516,0.0564,0.0632,0.0684,0.05,0.0476,0.0656,0.072,0.0452,0.0464,0.0924
0.132,0.0528,0.0532,0.0564,0.0484,0.052,0.0564,0.0624,0.0672,0.05,0.048,0.0644,0.0724,0.046,0.0464,0.092
0.1316,0.0528,0.0548,0.0568,0.0496,0.052,0.056,0.0616,0.0676,0.0496,0.0484,0.0648,0.0728,0.0464,0.046,0.0892
0.132,0.0524,0.0548,0.0568,0.0504,0.052,0.056,0.0616,0.068,0.0492,0.0476,0.0648,0.0732,0.0464,0.046,0.0888
0.1324,0.0524,0.0552,0.0568,0.0508,0.0528,0.0556,0.062,0.0672,0.0492,0.0472,0.0652,0.0732,0.0464,0.0456,0.088
0.1312,0.0528,0.0556,0.0568,0.0512,0.0528,0.0556,0.0616,0.0684,0.05,0.0468,0.0644,0.0728,0.046,0.046,0.088
0.1308,0.0536,0.0556,0.0568,0.0512,0.0524,0.056,0.0612,0.068,0.0496,0.0472,0.0644,0.072,0.0472,0.0472,0.0868
0.1316,0.0536,0.0556,0.0564,0.0512,0.0524,0.0556,0.0616,0.068,0.0488,0.0476,0.0644,0.072,0.0472,0.048,0.086
0.1324,0.0536,0.0548,0.0564,0.05,0.0532,0.056,0.0604,0.0688,0.048,0.0476,0.0644,0.0716,0.0484,0.0484,0.086
0.1316,0.0544,0.0548,0.0576,0.0496,0.0528,0.0552,0.0604,0.0688,0.0492,0.0476,0.064,0.0712,0.0496,0.0484,0.0848
0.132,0.0548,0.0552,0.0572,0.0504,0.0532,0.0556,0.0608,0.0672,0.0504,0.0472,0.064,0.0708,0.05,0.0468,0.0844
0.1312,0.0548,0.0556,0.0568,0.0508,0.0536,0.056,0.0612,0.0676,0.0504,0.0472,0.0648,0.0704,0.0504,0.046,0.0832
0.1304,0.0544,0.0564,0.0576,0.0508,0.0532,0.0564,0.0612,0.0676,0.0508,0.0472,0.064,0.07,0.0492,0.0464,0.0844
0.1288,0.0544,0.0564,0.058,0.0508,0.0536,0.0568,0.0612,0.0672,0.052,0.0468,0.064,0.0692,0.0508,0.0464,0.0836
0.1292,0.0544,0.0576,0.0576,0.052,0.0544,0.0568,0.0608,0.0668,0.0504,0.0464,0.064,0.0692,0.0504,0.046,0.084
0.1288,0.0536,0.0584,0.0584,0.0516,0.0544,0.0568,0.0612,0.068,0.0504,0.0468,0.064,0.0688,0.0496,0.0456,0.0836
0.1272,0.0532,0.0576,0.058,0.0512,0.054,0.0576,0.0608,0.0688,0.0512,0.0468,0.0652,0.0684,0.0508,0.0456,0.0836
0.1268,0.0532,0.058,0.058,0.0508,0.0532,0.0592,0.0604,0.0684,0.0524,0.0476,0.0652,0.068,0.0512,0.0452,0.0824
0.1272,0.0524,0.058,0.058,0.05,0.0528,0.0592,0.06,0.0676,0.0528,0.048,0.0652,0.068,0.0528,0.0452,0.0828
0.1264,0.0536,0.0584,0.0588,0.05,0.0532,0.058,0.06,0.0684,0.0528,0.0476,0.066,0.068,0.0524,0.0448,0.0816
0.1252,0.0544,0.0588,0.0592,0.0504,0.0532,0.058,0.0596,0.0684,0.0536,0.0476,0.0656,0.0676,0.052,0.0448,0.0816
0.1256,0.054,0.0592,0.0592,0.0504,0.0524,0.0576,0.0596,0.0692,0.0536,0.0476,0.066,0.0664,0.0528,0.0456,0.0808
0.126,0.052,0.0592,0.0592,0.0504,0.0528,0.0588,0.06,0.068,0.054,0.0476,0.0668,0.066,0.0528,0.046,0.0804
0.1244,0.0528,0.0588,0.0588,0.0508,0.054,0.0592,0.0584,0.0676,0.0548,0.0488,0.0672,0.0664,0.052,0.0456,0.0804
0.1244,0.0516,0.0596,0.0584,0.052,0.0536,0.0596,0.0576,0.0668,0.0544,0.0488,0.068,0.0664,0.052,0.046,0.0808
0.1232,0.0516,0.0604,0.0584,0.0524,0.0536,0.0596,0.0576,0.0672,0.0552,0.0492,0.0684,0.0652,0.0524,0.0464,0.0792
0.1228,0.0512,0.0596,0.0596,0.0532,0.054,0.0592,0.0576,0.0676,0.0556,0.0492,0.0688,0.0656,0.052,0.0464,0.0776
0.122,0.052,0.0596,0.06,0.0532,0.0544,0.0588,0.0568,0.0672,0.0564,0.0488,0.068,0.0664,0.052,0.0464,0.078
0.1208,0.052,0.0604,0.06,0.0532,0.054,0.0592,0.0568,0.0668,0.0568,0.0496,0.0692,0.0656,0.052,0.0456,0.078
0.1208,0.0524,0.0596,0.0592,0.0532,0.054,0.0588,0.0588,0.0672,0.0576,0.0484,0.0684,0.0652,0.0524,0.0464,0.0776
0.1204,0.0528,0.06,0.0588,0.0532,0.0544,0.0588,0.06,0.0676,0.0572,0.0476,0.0684,0.0644,0.0524,0.0468,0.0772
0.122,0.0524,0.0608,0.058,0.0528,0.054,0.0588,0.0596,0.0684,0.0568,0.0476,0.0684,0.0644,0.0528,0.0456,0.0776
0.1224,0.0516,0.062,0.0592,0.0516,0.054,0.058,0.0608,0.068,0.056,0.0476,0.0688,0.064,0.0516,0.046,0.0784
0.1196,0.0512,0.062,0.0588,0.0528,0.0536,0.0576,0.062,0.068,0.0572,0.0468,0.0692,0.0644,0.052,0.0464,0.0784
0.1188,0.0524,0.0632,0.0592,0.0512,0.0532,0.0584,0.0624,0.0684,0.0572,0.046,0.0688,0.0636,0.0528,0.0464,0.078
0.1188,0.0528,0.0636,0.0592,0.0504,0.0528,0.0588,0.0624,0.0684,0.0564,0.0456,0.0696,0.0636,0.0524,0.0476,0.0776
0.118,0.0532,0.0632,0.0592,0.0508,0.0528,0.0592,0.0632,0.0684,0.0552,0.0456,0.0692,0.0636,0.0532,0.048,0.0772
0.1176,0.0528,0.0636,0.058,0.0508,0.0532,0.0592,0.0636,0.0692,0.0564,0.0452,0.0684,0.0628,0.0524,0.0492,0.0776
0.1176,0.0536,0.0624,0.0568,0.0512,0.0528,0.0596,0.0644,0.0696,0.0572,0.0452,0.0688,0.0624,0.0524,0.05,0.076
0.1168,0.0548,0.0624,0.0568,0.0516,0.0528,0.0592,0.0656,0.068,0.0568,0.0448,0.0688,0.0632,0.0532,0.0508,0.0744
0.1148,0.0544,0.062,0.0576,0.0504,0.0536,0.0596,0.0656,0.0684,0.0556,0.046,0.07,0.0632,0.0536,0.0512,0.074
0.114,0.056,0.0612,0.056,0.0496,0.0544,0.06,0.066,0.068,0.0564,0.0456,0.0712,0.062,0.0544,0.0508,0.0744
0.1148,0.0568,0.0608,0.056,0.0496,0.054,0.06,0.066,0.0672,0.0568,0.0468,0.0716,0.0616,0.0532,0.0516,0.0732
0.1148,0.0564,0.0612,0.0556,0.0492,0.0548,0.06,0.066,0.0668,0.0572,0.0468,0.0712,0.062,0.0524,0.0532,0.0724
0.1132,0.0552,0.0616,0.056,0.0492,0.0548,0.0592,0.0668,0.0664,0.0584,0.048,0.0716,0.062,0.0532,0.0528,0.0716
0.112,0.0552,0.0624,0.0556,0.0496,0.0556,0.0592,0.0668,0.0656,0.058,0.0484,0.0708,0.0628,0.0532,0.0536,0.0712
0.1108,0.0552,0.062,0.0556,0.05,0.0556,0.0596,0.0664,0.066,0.0584,0.0484,0.0708,0.0628,0.054,0.054,0.0704
0.1104,0.0552,0.0624,0.056,0.05,0.056,0.0596,0.0672,0.0664,0.0576,0.0484,0.0712,0.0616,0.0544,0.054,0.0696
0.1088,0.056,0.0632,0.056,0.05,0.0564,0.06,0.0672,0.0652,0.058,0.0484,0.072,0.0612,0.0532,0.0544,0.07
0.1076,0.0564,0.064,0.0568,0.0508,0.0556,0.06,0.0668,0.0652,0.0576,0.05,0.072,0.0604,0.0536,0.054,0.0692
0.1064,0.058,0.0644,0.0564,0.0504,0.0556,0.0604,0.0676,0.0648,0.0576,0.0504,0.0724,0.0596,0.0528,0.0552,0.068
0.1052,0.0584,0.0644,0.0568,0.05,0.0564,0.06,0.0668,0.0656,0.0576,0.0508,0.0716,0.0596,0.054,0.0556,0.0672
0.1032,0.0572,0.0648,0.0568,0.05,0.0564,0.0612,0.0684,0.0652,0.058,0.0512,0.0712,0.0596,0.054,0.0568,0.066
0.1036,0.0572,0.0656,0.0584,0.0496,0.0568,0.0608,0.0676,0.0636,0.0572,0.0504,0.0708,0.0604,0.054,0.0576,0.0664
0.1028,0.058,0.0652,0.058,0.0492,0.0576,0.0604,0.0684,0.064,0.0568,0.0504,0.0716,0.0616,0.0532,0.0572,0.0656
0.102,0.058,0.0648,0.058,0.0496,0.0584,0.0608,0.068,0.0652,0.0572,0.0512,0.072,0.06,0.0544,0.0564,0.064
0.1028,0.0588,0.0644,0.0584,0.0504,0.0584,0.06,0.0672,0.0648,0.0568,0.0512,0.0716,0.0608,0.0548,0.056,0.0636
0.1032,0.058,0.0636,0.0576,0.0512,0.0576,0.0596,0.0672,0.064,0.0572,0.0512,0.0716,0.0624,0.0552,0.0568,0.0636
0.1032,0.058,0.0632,0.0584,0.052,0.058,0.0592,0.066,0.0648,0.056,0.0512,0.0716,0.0628,0.0552,0.058,0.0624
0.1036,0.0588,0.0636,0.0588,0.0508,0.0568,0.0604,0.0652,0.0648,0.0568,0.0524,0.0712,0.0624,0.0548,0.058,0.0616
0.1032,0.0588,0.0644,0.0584,0.0504,0.0576,0.06,0.0648,0.0656,0.0564,0.0532,0.0704,0.0612,0.0544,0.0584,0.0628
0.1024,0.0592,0.0644,0.0584,0.0508,0.0568,0.0596,0.0636,0.0648,0.0568,0.0536,0.0716,0.0612,0.054,0.0596,0.0632
0.1012,0.0596,0.0648,0.0576,0.052,0.0564,0.0592,0.0648,0.0644,0.0564,0.0544,0.0716,0.0608,0.0536,0.0596,0.0636
0.1004,0.06,0.0644,0.0576,0.052,0.0572,0.0608,0.0648,0.064,0.0556,0.0532,0.072,0.0608,0.0544,0.0592,0.0636
0.0988,0.0588,0.0652,0.058,0.0516,0.0568,0.062,0.0636,0.064,0.0556,0.0544,0.0716,0.0608,0.0552,0.0588,0.0648
0.0992,0.0584,0.0636,0.058,0.052,0.0576,0.062,0.064,0.0636,0.0544,0.0548,0.0716,0.0608,0.0552,0.06,0.0648
0.0968,0.058,0.0636,0.0588,0.0516,0.0588,0.062,0.0636,0.0632,0.0556,0.0556,0.072,0.0608,0.0544,0.0608,0.0644
0.0956,0.0572,0.0636,0.0596,0.0524,0.058,0.0624,0.0636,0.064,0.0556,0.056,0.072,0.0608,0.0536,0.0612,0.0644
0.0964,0.058,0.0636,0.06,0.0536,0.0588,0.064,0.0632,0.0632,0.0544,0.0564,0.0708,0.0596,0.0528,0.0608,0.0644
0.0952,0.0576,0.0636,0.0604,0.054,0.0588,0.064,0.0628,0.0636,0.0544,0.0556,0.0708,0.0592,0.0532,0.0616,0.0652
0.0948,0.0572,0.0636,0.0608,0.0556,0.058,0.064,0.0636,0.0628,0.0544,0.0552,0.0708,0.0592,0.0532,0.0616,0.0652
0.0952,0.0576,0.0628,0.0616,0.0548,0.0588,0.0644,0.064,0.0628,0.0536,0.0552,0.0712,0.0596,0.0524,0.0612,0.0648
0.0948,0.0568,0.0628,0.0616,0.0552,0.0592,0.064,0.0636,0.0632,0.054,0.0548,0.072,0.0596,0.052,0.0612,0.0652
0.0948,0.0552,0.0616,0.0608,0.0548,0.06,0.0652,0.064,0.0636,0.0544,0.0552,0.072,0.0608,0.0512,0.062,0.0644
0.0952,0.0552,0.0608,0.0608,0.0548,0.0596,0.0652,0.0648,0.064,0.054,0.0556,0.0724,0.062,0.0504,0.0616,0.0636
0.0948,0.0564,0.0604,0.0608,0.0552,0.0596,0.0652,0.0644,0.0636,0.0552,0.0548,0.072,0.0624,0.0516,0.06,0.0636
0.0952,0.0568,0.0608,0.0608,0.0552,0.0604,0.0644,0.0648,0.0624,0.0532,0.054,0.072,0.064,0.0516,0.0608,0.0636
0.096,0.0572,0.062,0.0608,0.0556,0.0592,0.0644,0.0648,0.0616,0.0524,0.054,0.072,0.064,0.052,0.0604,0.0636
0.0952,0.0572,0.0612,0.0624,0.0548,0.0588,0.0644,0.0652,0.062,0.0516,0.0556,0.0704,0.0644,0.0524,0.06,0.0644
0.0948,0.0568,0.0612,0.0636,0.0548,0.0592,0.0652,0.0648,0.0612,0.052,0.0552,0.0704,0.0636,0.0528,0.0608,0.0636
0.0932,0.058,0.062,0.0632,0.0548,0.06,0.0664,0.0648,0.0604,0.0516,0.0544,0.07,0.0632,0.0532,0.0608,0.064
0.0928,0.0584,0.0616,0.0624,0.056,0.0596,0.0668,0.0648,0.0604,0.052,0.0544,0.0704,0.064,0.0528,0.0608,0.0628
0.0928,0.0596,0.0608,0.0628,0.0556,0.0592,0.0664,0.0652,0.0596,0.0524,0.054,0.0712,0.0636,0.0528,0.0608,0.0632
0.092,0.06,0.0604,0.0624,0.0568,0.0592,0.0656,0.0648,0.06,0.0528,0.054,0.0716,0.0632,0.0532,0.0612,0.0628
0.0916,0.0592,0.0604,0.0624,0.0572,0.0592,0.0652,0.0656,0.0612,0.0536,0.0544,0.0712,0.062,0.054,0.0612,0.0616
0.092,0.0592,0.0596,0.0628,0.0572,0.0592,0.0668,0.0648,0.0616,0.0536,0.0536,0.0712,0.062,0.054,0.0612,0.0612
0.0924,0.0584,0.06,0.0628,0.0568,0.0592,0.066,0.0644,0.062,0.0544,0.0532,0.0716,0.0624,0.054,0.0604,0.062
0.0924,0.0588,0.06,0.062,0.0568,0.0588,0.0652,0.0648,0.062,0.0548,0.0532,0.0716,0.0636,0.0544,0.0604,0.0612
0.0932,0.0604,0.0608,0.0612,0.0572,0.0588,0.0636,0.0644,0.0624,0.0548,0.0532,0.0708,0.0636,0.0544,0.06,0.0612
0.0932,0.0604,0.06,0.0604,0.0572,0.0596,0.0632,0.064,0.0628,0.0556,0.054,0.0712,0.0636,0.0548,0.0596,0.0604
0.0944,0.0608,0.0596,0.0604,0.0568,0.0592,0.0628,0.0632,0.0624,0.0564,0.054,0.0712,0.0644,0.0552,0.06,0.0592
0.0944,0.0616,0.0604,0.0608,0.0568,0.0592,0.0636,0.0624,0.062,0.0564,0.0536,0.072,0.0636,0.0552,0.0604,0.0576
0.0948,0.0608,0.0604,0.0616,0.056,0.0588,0.0636,0.0624,0.062,0.0564,0.054,0.0716,0.064,0.0552,0.0604,0.058
0.0956,0.0608,0.06,0.0624,0.0572,0.058,0.0632,0.062,0.0628,0.0572,0.0524,0.07,0.0648,0.056,0.0604,0.0572
0.0952,0.0604,0.06,0.0632,0.058,0.0584,0.0624,0.0616,0.0612,0.0572,0.052,0.0704,0.0664,0.056,0.06,0.0576
0.0948,0.0596,0.0592,0.0636,0.0592,0.0588,0.0624,0.0624,0.062,0.058,0.0512,0.07,0.0656,0.0556,0.06,0.0576
0.0936,0.0596,0.0588,0.0628,0.0592,0.06,0.0632,0.0624,0.0624,0.0576,0.0508,0.0684,0.0656,0.0556,0.06,0.06
0.0932,0.0596,0.06,0.0628,0.0596,0.0608,0.0624,0.062,0.0616,0.0576,0.0508,0.068,0.0656,0.0556,0.0604,0.06
0.0932,0.0592,0.06,0.0632,0.0604,0.0608,0.0628,0.0624,0.062,0.058,0.0496,0.0676,0.0652,0.0556,0.0608,0.0592
0.0924,0.0612,0.06,0.0632,0.0596,0.0612,0.0636,0.06,0.0624,0.0576,0.0496,0.0676,0.0652,0.0556,0.0612,0.0596
0.0908,0.062,0.0596,0.0636,0.0596,0.062,0.0636,0.0604,0.062,0.0584,0.0488,0.0668,0.0644,0.0564,0.062,0.0596
0.0908,0.0612,0.06,0.0636,0.06,0.0628,0.0632,0.0616,0.0624,0.0584,0.0488,0.066,0.0644,0.056,0.0616,0.0592
0.0912,0.0608,0.06,0.0628,0.0612,0.062,0.064,0.062,0.0628,0.0584,0.048,0.0644,0.0644,0.0564,0.062,0.0596
0.0912,0.0604,0.0604,0.0612,0.0616,0.0608,0.0664,0.0632,0.0624,0.0592,0.0464,0.0648,0.0652,0.0564,0.0612,0.0592
0.092,0.0616,0.0608,0.0604,0.0612,0.06,0.066,0.0632,0.0632,0.06,0.0452,0.0644,0.0652,0.0564,0.0608,0.0596
0.092,0.0616,0.0612,0.06,0.0608,0.0612,0.0656,0.0632,0.0644,0.0604,0.0436,0.0644,0.0648,0.0564,0.0604,0.06
0.0924,0.0608,0.0616,0.0608,0.0604,0.062,0.0648,0.064,0.0636,0.0604,0.0432,0.0644,0.0648,0.056,0.0604,0.0604
0.092,0.06,0.062,0.0604,0.0612,0.062,0.0648,0.0636,0.0632,0.06,0.0428,0.0648,0.0648,0.056,0.0608,0.0616
0.0928,0.0596,0.0624,0.0608,0.0616,0.0616,0.0648,0.0644,0.0624,0.0596,0.0428,0.064,0.064,0.0564,0.0608,0.062
0.0928,0.0592,0.062,0.0608,0.0608,0.062,0.0652,0.0644,0.0624,0.0596,0.0432,0.064,0.0648,0.056,0.0604,0.0624
0.0932,0.0592,0.0608,0.0612,0.0604,0.062,0.0656,0.064,0.0628,0.0596,0.0436,0.064,0.0644,0.056,0.0608,0.0624
0.0932,0.0592,0.062,0.0592,0.0616,0.062,0.0652,0.0632,0.0636,0.0608,0.0432,0.0648,0.0636,0.0548,0.0604,0.0632
0.0936,0.0596,0.0616,0.0608,0.0616,0.062,0.0644,0.062,0.064,0.06,0.0432,0.0644,0.064,0.0548,0.0608,0.0632
0.0932,0.0588,0.062,0.06,0.062,0.0632,0.0648,0.0612,0.0644,0.0604,0.0432,0.0648,0.064,0.0532,0.0604,0.0644
0.092,0.058,0.0616,0.06,0.062,0.0628,0.0656,0.0616,0.0644,0.0612,0.0436,0.0656,0.0628,0.0524,0.0612,0.0652
0.092,0.0572,0.0612,0.0592,0.0624,0.0624,0.0652,0.0624,0.0648,0.0612,0.0428,0.0664,0.0628,0.0536,0.0612,0.0652
0.0932,0.0568,0.0612,0.0596,0.0628,0.0628,0.0656,0.062,0.064,0.0608,0.0428,0.066,0.0632,0.0524,0.0616,0.0652
0.0932,0.0576,0.06,0.06,0.0632,0.0624,0.0652,0.0612,0.0624,0.0612,0.0428,0.066,0.0624,0.0528,0.0636,0.066
0.0924,0.058,0.0596,0.0604,0.0628,0.0636,0.0656,0.0608,0.0624,0.0616,0.0428,0.0652,0.0636,0.052,0.0632,0.066
0.0916,0.0584,0.06,0.0596,0.0624,0.0636,0.0664,0.0612,0.0632,0.0604,0.0432,0.0652,0.0632,0.0524,0.0632,0.066
0.0908,0.0588,0.06,0.0592,0.0616,0.0632,0.0676,0.0624,0.0628,0.0588,0.044,0.0644,0.0624,0.0536,0.064,0.0664
0.09,0.0596,0.0588,0.0592,0.0612,0.0652,0.068,0.0624,0.062,0.0576,0.044,0.0652,0.0624,0.0536,0.0644,0.0664
0.0904,0.0584,0.0584,0.0588,0.0612,0.0652,0.0684,0.0636,0.062,0.0568,0.0444,0.0664,0.0624,0.054,0.0636,0.066
0.0904,0.0584,0.058,0.0584,0.0616,0.0652,0.0676,0.0644,0.0616,0.0564,0.0448,0.066,0.0632,0.0544,0.0632,0.0664
0.0896,0.058,0.0588,0.0588,0.0612,0.066,0.0676,0.0636,0.0608,0.0576,0.0448,0.0664,0.0636,0.0536,0.0632,0.0664
0.0888,0.0584,0.06,0.0588,0.062,0.0656,0.0676,0.0636,0.0608,0.0572,0.0452,0.0656,0.0632,0.0548,0.0628,0.0656
0.0888,0.0588,0.0596,0.0592,0.0612,0.0664,0.0672,0.0636,0.0612,0.0572,0.046,0.0664,0.0632,0.054,0.062,0.0652
0.0888,0.0592,0.0588,0.0588,0.0596,0.0676,0.0676,0.0632,0.0612,0.0576,0.0468,0.066,0.0632,0.054,0.062,0.0656
0.088,0.0584,0.0588,0.0592,0.0596,0.0676,0.0672,0.0636,0.0608,0.058,0.0472,0.0656,0.0632,0.0544,0.0628,0.0656
0.0872,0.0596,0.0596,0.0588,0.06,0.0668,0.0684,0.0628,0.0608,0.0584,0.0476,0.0652,0.0628,0.0548,0.0628,0.0644
0.0876,0.0596,0.0596,0.0596,0.0604,0.0652,0.0688,0.0624,0.0612,0.0588,0.048,0.0652,0.0624,0.0548,0.0632,0.0632
0.0876,0.0596,0.0588,0.0588,0.0616,0.0656,0.0676,0.0624,0.062,0.0592,0.048,0.0652,0.0648,0.0548,0.0616,0.0624
0.0868,0.0592,0.058,0.0588,0.0612,0.0652,0.068,0.062,0.0612,0.06,0.0496,0.0664,0.0648,0.0552,0.0616,0.062
0.0848,0.0588,0.0588,0.0584,0.062,0.0652,0.0696,0.0616,0.0612,0.0604,0.0492,0.066,0.066,0.056,0.0596,0.0624
0.0844,0.0588,0.0588,0.0584,0.062,0.0652,0.0708,0.0616,0.0612,0.06,0.0496,0.066,0.0652,0.0556,0.0592,0.0632
0.0844,0.0592,0.0592,0.0588,0.0624,0.0656,0.0708,0.0624,0.06,0.0592,0.0492,0.066,0.0648,0.0552,0.0592,0.0636
0.084,0.0584,0.0592,0.0588,0.0616,0.0664,0.072,0.062,0.06,0.0592,0.05,0.0656,0.0652,0.0536,0.0592,0.0648
0.0836,0.0592,0.0588,0.058,0.0624,0.0664,0.0716,0.0624,0.0608,0.0592,0.0504,0.0644,0.0648,0.0532,0.0604,0.0644
0.0836,0.0592,0.0588,0.058,0.0616,0.0664,0.0712,0.0628,0.0612,0.0604,0.0504,0.064,0.0656,0.0532,0.0604,0.0632
0.0832,0.0596,0.0588,0.0588,0.0616,0.066,0.0708,0.0624,0.0616,0.06,0.0516,0.0632,0.0652,0.0536,0.0612,0.0624
0.0836,0.0592,0.0588,0.0576,0.062,0.0672,0.0716,0.0628,0.062,0.0604,0.0508,0.0624,0.064,0.0536,0.0616,0.0624
0.0836,0.0584,0.0592,0.0572,0.062,0.066,0.0724,0.0628,0.0616,0.0608,0.0512,0.062,0.064,0.0544,0.0628,0.0616
0.0828,0.0596,0.0588,0.0588,0.062,0.066,0.0728,0.0612,0.0616,0.0616,0.052,0.0608,0.0644,0.054,0.0616,0.062
0.0824,0.0604,0.0588,0.0596,0.0624,0.0668,0.0712,0.0608,0.0628,0.0616,0.052,0.0596,0.0648,0.0532,0.0616,0.062
0.0828,0.0612,0.058,0.0604,0.0616,0.0664,0.0704,0.0608,0.064,0.0608,0.0512,0.0604,0.0644,0.0544,0.0612,0.062
0.0812,0.0616,0.0572,0.0608,0.0612,0.0664,0.0708,0.0604,0.0652,0.0604,0.052,0.06,0.0648,0.0548,0.0612,0.062
0.0816,0.0612,0.0584,0.0608,0.0608,0.0652,0.07,0.0604,0.066,0.0608,0.0524,0.0608,0.0648,0.0548,0.0604,0.0616
0.0804,0.0604,0.0588,0.062,0.0612,0.0656,0.0692,0.06,0.066,0.0612,0.0536,0.0596,0.0656,0.0544,0.0604,0.0616
0.0824,0.0604,0.0596,0.0612,0.0616,0.0652,0.0692,0.0596,0.0656,0.0604,0.0528,0.0596,0.0664,0.0544,0.0596,0.062
0.0828,0.0608,0.0596,0.0612,0.0612,0.0656,0.0688,0.06,0.0656,0.0612,0.052,0.06,0.066,0.0544,0.0592,0.0616
0.0824,0.0596,0.0608,0.0608,0.0604,0.0644,0.0688,0.06,0.0644,0.0608,0.054,0.0608,0.066,0.0568,0.0584,0.0616
0.0812,0.06,0.06,0.06,0.0604,0.064,0.0692,0.06,0.0648,0.0604,0.054,0.0608,0.066,0.058,0.0596,0.0616
0.082,0.0596,0.0592,0.0608,0.0608,0.064,0.07,0.0592,0.0644,0.0596,0.054,0.0608,0.0664,0.0588,0.0588,0.0616
0.0804,0.0588,0.0592,0.0608,0.0612,0.0636,0.07,0.06,0.0644,0.0592,0.0536,0.0612,0.066,0.06,0.06,0.0616
0.08,0.0592,0.0592,0.06,0.06,0.0648,0.0696,0.0596,0.0656,0.0592,0.054,0.0604,0.0664,0.0596,0.0596,0.0628
0.0788,0.06,0.0584,0.06,0.0604,0.0644,0.0692,0.06,0.0656,0.0596,0.0544,0.0608,0.0668,0.06,0.0592,0.0624
0.0792,0.06,0.0584,0.06,0.0608,0.0644,0.0692,0.0604,0.0656,0.0604,0.0544,0.0608,0.0668,0.0604,0.0588,0.0604
0.0796,0.06,0.0588,0.0604,0.0612,0.064,0.0708,0.06,0.066,0.0584,0.054,0.0592,0.0668,0.0616,0.0596,0.0596
0.0808,0.0596,0.0584,0.06,0.062,0.0636,0.0704,0.0592,0.0664,0.0584,0.0548,0.06,0.0668,0.0612,0.0596,0.0588
0.0816,0.0588,0.0592,0.0608,0.062,0.0632,0.0692,0.0576,0.066,0.0592,0.0552,0.06,0.0672,0.062,0.0588,0.0592
0.0816,0.0588,0.0604,0.0608,0.0624,0.0636,0.0696,0.0568,0.0656,0.0596,0.056,0.0592,0.0668,0.0616,0.0576,0.0596
0.0804,0.0596,0.06,0.0612,0.062,0.064,0.0708,0.0568,0.0652,0.0588,0.056,0.0596,0.0676,0.0612,0.058,0.0588
0.0804,0.0588,0.0608,0.0612,0.0616,0.0644,0.0716,0.0556,0.0652,0.058,0.0556,0.0592,0.068,0.0624,0.0584,0.0588
0.0812,0.0588,0.0592,0.0604,0.0616,0.0628,0.072,0.0572,0.066,0.058,0.056,0.0592,0.0668,0.0636,0.0584,0.0588
0.0812,0.0588,0.0584,0.06,0.062,0.0632,0.072,0.056,0.066,0.0576,0.0564,0.06,0.0668,0.0636,0.058,0.06
0.0808,0.0588,0.0588,0.0596,0.0608,0.0624,0.072,0.0568,0.0656,0.0584,0.0572,0.0604,0.0672,0.0636,0.058,0.0596
0.0808,0.0588,0.0596,0.0588,0.0612,0.0628,0.072,0.0576,0.0656,0.0576,0.0556,0.0608,0.0668,0.0636,0.0568,0.0616
0.0796,0.0596,0.06,0.0588,0.0612,0.062,0.0708,0.058,0.0664,0.0568,0.0564,0.0616,0.0664,0.0636,0.0564,0.0624
0.08,0.0596,0.0596,0.0584,0.0604,0.062,0.0712,0.0584,0.066,0.0572,0.056,0.062,0.066,0.0636,0.0564,0.0632
0.0796,0.0584,0.0604,0.0584,0.0604,0.0628,0.0728,0.058,0.0644,0.058,0.0552,0.062,0.066,0.0636,0.0564,0.0636
