C_R,C_A,C_S,C_N,D_R,D_A,D_S,D_N,Oc_R,Oc_A,Oc_S,Oc_N,Od_R,Od_A,Od_S,Od_N
0.0,0.0,0.0,1.0,0.0,0.0,0.0,0.0,0.0,0.0,0.0,0.0,0.0,0.0,0.0,0.0
0.0,0.0,0.0,0.5,0.0,0.0,0.5,0.0,0.0,0.0,0.0,0.0,0.0,0.0,0.0,0.0
0.0,0.0,0.0,0.3333333333333333,0.0,0.0,0.3333333333333333,0.0,0.0,0.0,0.0,0.0,0.0,0.0,0.0,0.3333333333333333
0.0,0.0,0.0,0.4,0.0,0.0,0.2,0.2,0.0,0.0,0.0,0.0,0.0,0.0,0.0,0.2
0.0,0.0,0.0,0.4,0.0,0.0,0.2,0.2,0.0,0.0,0.0,0.0,0.0,0.0,0.0,0.2
0.0,0.0,0.0,0.3333333333333333,0.0,0.0,0.0,0.16666666666666666,0.0,0.0,0.0,0.0,0.0,0.0,0.0,0.5
0.0,0.0,0.0,0.4444444444444444,0.0,0.0,0.0,0.1111111111111111,0.0,0.0,0.0,0.1111111111111111,0.0,0.0,0.0,0.3333333333333333
0.0,0.0,0.0,0.45454545454545453,0.0,0.0,0.09090909090909091,0.09090909090909091,0.0,0.09090909090909091,0.0,0.09090909090909091,0.0,0.0,0.0,0.18181818181818182
0.0,0.0,0.0,0.5333333333333333,0.0,0.0,0.13333333333333333,0.06666666666666667,0.0,0.06666666666666667,0.0,0.06666666666666667,0.0,0.0,0.0,0.13333333333333333
0.0,0.047619047619047616,0.0,0.5714285714285714,0.0,0.0,0.09523809523809523,0.09523809523809523,0.0,0.047619047619047616,0.0,0.047619047619047616,0.0,0.0,0.0,0.09523809523809523
0.0,0.12,0.0,0.6,0.0,0.0,0.08,0.04,0.0,0.04,0.0,0.04,0.0,0.0,0.0,0.08
0.029411764705882353,0.058823529411764705,0.0,0.6470588235294118,0.0,0.029411764705882353,0.058823529411764705,0.029411764705882353,0.029411764705882353,0.029411764705882353,0.0,0.029411764705882353,0.0,0.0,0.0,0.058823529411764705
0.02564102564102564,0.02564102564102564,0.0,0.6666666666666666,0.0,0.05128205128205128,0.05128205128205128,0.02564102564102564,0.02564102564102564,0.05128205128205128,0.0,0.02564102564102564,0.0,0.0,0.0,0.05128205128205128
0.02040816326530612,0.0,0.0,0.7346938775510204,0.0,0.04081632653061224,0.04081632653061224,0.02040816326530612,0.02040816326530612,0.04081632653061224,0.0,0.02040816326530612,0.0,0.02040816326530612,0.0,0.04081632653061224
0.017241379310344827,0.0,0.0,0.7586206896551724,0.0,0.017241379310344827,0.017241379310344827,0.017241379310344827,0.017241379310344827,0.05172413793103448,0.0,0.017241379310344827,0.0,0.017241379310344827,0.0,0.06896551724137931
0.030303030303030304,0.0,0.0,0.7727272727272727,0.0,0.015151515151515152,0.015151515151515152,0.0,0.015151515151515152,0.045454545454545456,0.0,0.0,0.0,0.030303030303030304,0.0,0.07575757575757576
0.04,0.0,0.013333333333333334,0.7733333333333333,0.0,0.013333333333333334,0.013333333333333334,0.0,0.013333333333333334,0.02666666666666667,0.0,0.0,0.0,0.02666666666666667,0.0,0.08
0.031914893617021274,0.0,0.02127659574468085,0.8191489361702128,0.0,0.010638297872340425,0.010638297872340425,0.0,0.010638297872340425,0.010638297872340425,0.0,0.0,0.0,0.02127659574468085,0.0,0.06382978723404255
0.0297029702970297,0.0,0.019801980198019802,0.8118811881188119,0.009900990099009901,0.0,0.009900990099009901,0.0,0.0,0.019801980198019802,0.0,0.0,0.0,0.0297029702970297,0.0,0.06930693069306931
0.03361344537815126,0.0,0.01680672268907563,0.8151260504201681,0.01680672268907563,0.0,0.008403361344537815,0.0,0.0,0.01680672268907563,0.0,0.0,0.0,0.03361344537815126,0.0,0.058823529411764705
0.037037037037037035,0.0,0.007407407407407408,0.8148148148148148,0.022222222222222223,0.0,0.007407407407407408,0.0,0.0,0.037037037037037035,0.0,0.0,0.0,0.02962962962962963,0.0,0.044444444444444446
0.05161290322580645,0.0,0.012903225806451613,0.8064516129032258,0.01935483870967742,0.0,0.0064516129032258064,0.0,0.0,0.03870967741935484,0.0,0.0,0.0,0.01935483870967742,0.0,0.04516129032258064
0.06593406593406594,0.0,0.02197802197802198,0.7912087912087912,0.016483516483516484,0.0,0.0,0.0,0.0,0.038461538461538464,0.0,0.0,0.0,0.016483516483516484,0.0,0.04945054945054945
0.06862745098039216,0.004901960784313725,0.0196078431372549,0.7892156862745098,0.00980392156862745,0.004901960784313725,0.0,0.0,0.0,0.03431372549019608,0.0,0.0,0.0,0.024509803921568627,0.0,0.04411764705882353
0.09051724137931035,0.004310344827586207,0.021551724137931036,0.7629310344827587,0.004310344827586207,0.004310344827586207,0.0,0.0,0.0,0.034482758620689655,0.008620689655172414,0.0,0.0,0.021551724137931036,0.0,0.04741379310344827
0.12307692307692308,0.0038461538461538464,0.015384615384615385,0.7461538461538462,0.0038461538461538464,0.0038461538461538464,0.0038461538461538464,0.0,0.0,0.03461538461538462,0.007692307692307693,0.0,0.0,0.019230769230769232,0.0,0.038461538461538464
0.1444043321299639,0.0036101083032490976,0.01444043321299639,0.7256317689530686,0.007220216606498195,0.0036101083032490976,0.007220216606498195,0.0,0.0,0.032490974729241874,0.007220216606498195,0.0,0.0,0.01444043321299639,0.0036101083032490976,0.036101083032490974
0.16772151898734178,0.0031645569620253164,0.00949367088607595,0.7183544303797469,0.0031645569620253164,0.0,0.012658227848101266,0.0,0.0,0.022151898734177215,0.006329113924050633,0.0,0.0,0.0189873417721519,0.0031645569620253164,0.03481012658227848
0.19436619718309858,0.0028169014084507044,0.011267605633802818,0.6957746478873239,0.0028169014084507044,0.005633802816901409,0.011267605633802818,0.0,0.0,0.01971830985915493,0.005633802816901409,0.0,0.0,0.01971830985915493,0.0028169014084507044,0.028169014084507043
0.1984126984126984,0.0026455026455026454,0.007936507936507936,0.6851851851851852,0.005291005291005291,0.005291005291005291,0.010582010582010581,0.005291005291005291,0.0,0.021164021164021163,0.0026455026455026454,0.0,0.005291005291005291,0.015873015873015872,0.005291005291005291,0.0291005291005291
0.23261390887290168,0.002398081534772182,0.004796163069544364,0.657074340527578,0.004796163069544364,0.002398081534772182,0.007194244604316547,0.004796163069544364,0.0,0.019184652278177457,0.004796163069544364,0.002398081534772182,0.007194244604316547,0.014388489208633094,0.007194244604316547,0.02877697841726619
0.22698072805139186,0.004282655246252677,0.0021413276231263384,0.6680942184154176,0.004282655246252677,0.0021413276231263384,0.008565310492505354,0.004282655246252677,0.0,0.019271948608137045,0.004282655246252677,0.0021413276231263384,0.008565310492505354,0.010706638115631691,0.010706638115631691,0.023554603854389723
0.22896281800391388,0.0019569471624266144,0.0019569471624266144,0.675146771037182,0.005870841487279843,0.0019569471624266144,0.003913894324853229,0.007827788649706457,0.0,0.0136986301369863,0.003913894324853229,0.0019569471624266144,0.011741682974559686,0.005870841487279843,0.009784735812133072,0.025440313111545987
0.23049645390070922,0.005319148936170213,0.0017730496453900709,0.6719858156028369,0.005319148936170213,0.005319148936170213,0.0035460992907801418,0.0070921985815602835,0.0017730496453900709,0.008865248226950355,0.0017730496453900709,0.0017730496453900709,0.012411347517730497,0.0070921985815602835,0.010638297872340425,0.024822695035460994
0.24375,0.0046875,0.0015625,0.6609375,0.003125,0.0078125,0.003125,0.0078125,0.0015625,0.00625,0.0015625,0.0015625,0.0171875,0.00625,0.0078125,0.025
0.24441340782122906,0.004189944134078212,0.0013966480446927375,0.6606145251396648,0.002793296089385475,0.008379888268156424,0.004189944134078212,0.009776536312849162,0.0013966480446927375,0.00558659217877095,0.0013966480446927375,0.002793296089385475,0.0223463687150838,0.006983240223463687,0.006983240223463687,0.01675977653631285
0.25647668393782386,0.0038860103626943004,0.0038860103626943004,0.6437823834196891,0.0025906735751295338,0.007772020725388601,0.0051813471502590676,0.009067357512953367,0.0025906735751295338,0.007772020725388601,0.0012953367875647669,0.0012953367875647669,0.025906735751295335,0.006476683937823834,0.0051813471502590676,0.01683937823834197
0.24758454106280192,0.0024154589371980675,0.0036231884057971015,0.6509661835748792,0.0036231884057971015,0.008454106280193236,0.0024154589371980675,0.008454106280193236,0.0024154589371980675,0.007246376811594203,0.0024154589371980675,0.0024154589371980675,0.024154589371980676,0.006038647342995169,0.006038647342995169,0.021739130434782608
0.2528344671201814,0.0022675736961451248,0.0022675736961451248,0.6462585034013606,0.003401360544217687,0.01020408163265306,0.0022675736961451248,0.006802721088435374,0.0022675736961451248,0.009070294784580499,0.0022675736961451248,0.0022675736961451248,0.026077097505668934,0.0045351473922902496,0.0045351473922902496,0.022675736961451247
0.2435064935064935,0.003246753246753247,0.0021645021645021645,0.6536796536796536,0.003246753246753247,0.00974025974025974,0.0021645021645021645,0.003246753246753247,0.0010822510822510823,0.00974025974025974,0.0021645021645021645,0.0021645021645021645,0.02922077922077922,0.006493506493506494,0.006493506493506494,0.021645021645021644
0.2494949494949495,0.0030303030303030303,0.0030303030303030303,0.6464646464646465,0.0030303030303030303,0.00909090909090909,0.00202020202020202,0.0030303030303030303,0.00202020202020202,0.00909090909090909,0.00202020202020202,0.00202020202020202,0.030303030303030304,0.005050505050505051,0.007070707070707071,0.023232323232323233
0.25290697674418605,0.0009689922480620155,0.0029069767441860465,0.6375968992248062,0.003875968992248062,0.009689922480620155,0.001937984496124031,0.001937984496124031,0.001937984496124031,0.009689922480620155,0.001937984496124031,0.0029069767441860465,0.031007751937984496,0.006782945736434108,0.006782945736434108,0.027131782945736434
0.2537174721189591,0.0009293680297397769,0.0018587360594795538,0.6319702602230484,0.0027881040892193307,0.012081784386617101,0.0037174721189591076,0.0018587360594795538,0.0027881040892193307,0.011152416356877323,0.0018587360594795538,0.0055762081784386614,0.032527881040892194,0.007434944237918215,0.0055762081784386614,0.024163568773234202
0.2528837622005324,0.0008873114463176575,0.0,0.6299911268855368,0.00354924578527063,0.012422360248447204,0.0044365572315882874,0.0026619343389529724,0.0026619343389529724,0.011535048802129548,0.001774622892635315,0.00709849157054126,0.03371783496007098,0.00709849157054126,0.005323868677905945,0.023957409050576754
0.25213675213675213,0.0008547008547008547,0.0,0.6256410256410256,0.003418803418803419,0.011111111111111112,0.005982905982905983,0.003418803418803419,0.003418803418803419,0.011965811965811967,0.0017094017094017094,0.008547008547008548,0.03247863247863248,0.006837606837606838,0.005982905982905983,0.026495726495726495
0.2602627257799672,0.0008210180623973727,0.0008210180623973727,0.6083743842364532,0.003284072249589491,0.013957307060755337,0.0049261083743842365,0.003284072249589491,0.0049261083743842365,0.012315270935960592,0.0024630541871921183,0.0090311986863711,0.03694581280788178,0.006568144499178982,0.005747126436781609,0.026272577996715927
0.2589703588143526,0.0015600624024961,0.00078003120124805,0.6021840873634945,0.0039001560062402497,0.015600624024960999,0.0031201248049922,0.0031201248049922,0.0062402496099844,0.01170046801872075,0.00234009360374415,0.01014040561622465,0.042901716068642744,0.0062402496099844,0.0062402496099844,0.0249609984399376
0.2669172932330827,0.002255639097744361,0.0007518796992481203,0.58796992481203,0.004511278195488722,0.013533834586466165,0.0030075187969924814,0.0030075187969924814,0.007518796992481203,0.009774436090225564,0.0030075187969924814,0.010526315789473684,0.042105263157894736,0.010526315789473684,0.006766917293233083,0.027819548872180452
0.2638788752703677,0.002883922134102379,0.0007209805335255948,0.5897620764239365,0.004325883201153569,0.012256669069935111,0.002883922134102379,0.003604902667627974,0.007209805335255948,0.010093727469358327,0.004325883201153569,0.010814708002883922,0.0418168709444845,0.009372746935832732,0.006488824801730353,0.029560201874549386
0.26099290780141843,0.0035460992907801418,0.0,0.5921985815602837,0.0035460992907801418,0.010638297872340425,0.0028368794326241137,0.00425531914893617,0.006382978723404255,0.010638297872340425,0.0070921985815602835,0.010638297872340425,0.04326241134751773,0.010638297872340425,0.005673758865248227,0.027659574468085105
0.2673469387755102,0.003401360544217687,0.0,0.5884353741496599,0.004081632653061225,0.010884353741496598,0.004081632653061225,0.004761904761904762,0.006122448979591836,0.01020408163265306,0.006802721088435374,0.012244897959183673,0.04217687074829932,0.009523809523809525,0.006802721088435374,0.02312925170068027
0.2678690714762859,0.004008016032064128,0.0013360053440213762,0.5838343353373413,0.004008016032064128,0.01068804275217101,0.004008016032064128,0.006680026720106881,0.006012024048096192,0.009352037408149633,0.006680026720106881,0.01068804275217101,0.04342017368069472,0.009352037408149633,0.008016032064128256,0.02404809619238477
0.2678117048346056,0.003816793893129771,0.0031806615776081423,0.5776081424936387,0.004452926208651399,0.009541984732824428,0.0031806615776081423,0.007633587786259542,0.0057251908396946565,0.010814249363867684,0.0057251908396946565,0.010814249363867684,0.04580152671755725,0.009541984732824428,0.008905852417302799,0.02544529262086514
0.27419354838709675,0.0024813895781637717,0.0037220843672456576,0.5713399503722084,0.004342431761786601,0.008064516129032258,0.0037220843672456576,0.006823821339950372,0.006823821339950372,0.009925558312655087,0.005583126550868486,0.009925558312655087,0.05024813895781638,0.008064516129032258,0.009925558312655087,0.02481389578163772
0.2743097238895558,0.0024009603841536613,0.004201680672268907,0.5738295318127251,0.003601440576230492,0.0078031212484993995,0.003601440576230492,0.008403361344537815,0.006002400960384154,0.008403361344537815,0.006002400960384154,0.01020408163265306,0.05042016806722689,0.0078031212484993995,0.00900360144057623,0.024009603841536616
0.27906976744186046,0.0029069767441860465,0.004069767441860465,0.5627906976744186,0.0034883720930232558,0.00872093023255814,0.004069767441860465,0.010465116279069767,0.006395348837209302,0.00813953488372093,0.00872093023255814,0.013372093023255814,0.04941860465116279,0.006395348837209302,0.00872093023255814,0.023255813953488372
0.2734463276836158,0.002824858757062147,0.0039548022598870055,0.5677966101694916,0.003389830508474576,0.0096045197740113,0.0039548022598870055,0.0096045197740113,0.0062146892655367235,0.0096045197740113,0.010169491525423728,0.012994350282485875,0.04971751412429379,0.005649717514124294,0.00847457627118644,0.022598870056497175
0.27298050139275765,0.003342618384401114,0.002785515320334262,0.5671309192200558,0.004456824512534819,0.008356545961002786,0.004456824512534819,0.00947075208913649,0.006128133704735376,0.010027855153203343,0.010027855153203343,0.012256267409470752,0.05459610027855153,0.004456824512534819,0.008356545961002786,0.02116991643454039
0.27850877192982454,0.003837719298245614,0.0021929824561403508,0.5603070175438597,0.004934210526315789,0.009868421052631578,0.003837719298245614,0.011513157894736841,0.005482456140350877,0.01206140350877193,0.007675438596491228,0.013157894736842105,0.054276315789473686,0.003837719298245614,0.006578947368421052,0.021929824561403508
0.2802786709539121,0.005894962486602358,0.0021436227224008574,0.5680600214362272,0.0037513397642015005,0.009110396570203644,0.0053590568060021436,0.009110396570203644,0.0053590568060021436,0.010182207931404072,0.006966773847802787,0.012861736334405145,0.05359056806002144,0.0037513397642015005,0.005894962486602358,0.017684887459807074
0.2882836587872559,0.0051387461459403904,0.0025693730729701952,0.5616649537512847,0.003083247687564234,0.008221993833504625,0.005652620760534429,0.009763617677286743,0.0046248715313463515,0.01079136690647482,0.006166495375128468,0.013360739979445015,0.05447070914696814,0.0041109969167523125,0.006166495375128468,0.01593011305241521
0.2949238578680203,0.005076142131979695,0.004568527918781726,0.5517766497461929,0.003045685279187817,0.009644670050761422,0.005583756345177665,0.01065989847715736,0.004568527918781726,0.01015228426395939,0.005583756345177665,0.013197969543147208,0.05431472081218274,0.004568527918781726,0.006598984771573604,0.015736040609137057
0.3093241243216576,0.0059200789343857915,0.006906758756783424,0.5382338431179082,0.003946719289590528,0.009373458312777503,0.003946719289590528,0.008880118401578688,0.0029600394671928957,0.010360138135175136,0.005426739023186976,0.013320177602368031,0.05525407005426739,0.003946719289590528,0.006413418845584608,0.015786877158362113
0.3040737148399612,0.006304558680892337,0.0072744907856450046,0.5407371483996121,0.0033947623666343357,0.009699321047526674,0.0033947623666343357,0.00921435499515034,0.002909796314258002,0.01066925315227934,0.00533462657613967,0.014064015518913677,0.05431619786614937,0.004849660523763337,0.006789524733268671,0.01697381183317168
0.3074698795180723,0.006746987951807229,0.006265060240963855,0.5368674698795181,0.004819277108433735,0.008674698795180723,0.0033734939759036144,0.009156626506024097,0.0024096385542168677,0.010602409638554217,0.006265060240963855,0.015421686746987951,0.05445783132530121,0.005301204819277108,0.005301204819277108,0.016867469879518072
0.30636913063691307,0.005578800557880056,0.00604370060437006,0.5378893537889354,0.004649000464900047,0.010692701069270108,0.0041841004184100415,0.00790330079033008,0.0023245002324500234,0.010227801022780102,0.006508600650860065,0.016271501627150162,0.05392840539284054,0.00604370060437006,0.004649000464900047,0.016736401673640166
0.3077638307763831,0.005578800557880056,0.007438400743840074,0.5346350534635054,0.005578800557880056,0.009762900976290097,0.0041841004184100415,0.00790330079033008,0.004649000464900047,0.010227801022780102,0.005578800557880056,0.017201301720130173,0.05206880520688052,0.006508600650860065,0.005113900511390051,0.01580660158066016
0.31295955882352944,0.006433823529411764,0.006433823529411764,0.5275735294117647,0.00505514705882353,0.011029411764705883,0.004136029411764706,0.007352941176470588,0.004136029411764706,0.01011029411764706,0.004136029411764706,0.016544117647058824,0.05606617647058824,0.0078125,0.00505514705882353,0.015165441176470588
0.307412460209186,0.006366530241018645,0.006366530241018645,0.5416098226466576,0.005457025920873124,0.010004547521600727,0.004092769440654843,0.007730786721236926,0.0036380172805820826,0.010459299681673489,0.0050022737608003635,0.013642564802182811,0.053660754888585724,0.006366530241018645,0.004092769440654843,0.01409731696225557
0.3064443442992339,0.006309148264984227,0.007210455159981974,0.5295178008111762,0.005858494817485353,0.011716989634970707,0.004506534474988734,0.00811176205497972,0.0031545741324921135,0.011716989634970707,0.004957187922487607,0.015772870662460567,0.05723298783235692,0.00811176205497972,0.004506534474988734,0.014871563767462822
0.3076233183856502,0.007623318385650224,0.007174887892376682,0.52152466367713,0.0053811659192825115,0.010762331838565023,0.004484304932735426,0.01031390134529148,0.003587443946188341,0.011659192825112108,0.0053811659192825115,0.01569506726457399,0.06053811659192825,0.007174887892376682,0.004035874439461884,0.017040358744394617
0.31805929919137466,0.0071877807726864335,0.0076370170709793355,0.5035938903863432,0.005840071877807727,0.011230907457322551,0.004492362982929021,0.011680143755615454,0.004492362982929021,0.009883198562443846,0.005390835579514825,0.01931716082659479,0.06064690026954178,0.0076370170709793355,0.004492362982929021,0.018418688230008983
0.31258396775638153,0.006269592476489028,0.00850873264666368,0.509628302731751,0.0049261083743842365,0.011643528884908196,0.004030452306314375,0.011643528884908196,0.0044782803403493054,0.010747872816838333,0.006269592476489028,0.02104791759964174,0.057321988356471114,0.006717420510523959,0.0049261083743842365,0.019256605463502014
0.31733333333333336,0.0057777777777777775,0.008,0.5008888888888889,0.004888888888888889,0.012,0.004,0.011555555555555555,0.0057777777777777775,0.010666666666666666,0.005333333333333333,0.020444444444444446,0.060444444444444446,0.0071111111111111115,0.005333333333333333,0.020444444444444446
0.30930129060970185,0.006675567423230975,0.008455718736092568,0.5024477080551847,0.0053404539385847796,0.012016021361815754,0.0035603026257231864,0.010680907877169559,0.005785491766800178,0.012461059190031152,0.006675567423230975,0.021361815754339118,0.060970182465509566,0.00801068090787717,0.0053404539385847796,0.02091677792612372
0.31058927780239254,0.007532122286220647,0.007089056269384138,0.5033229951262738,0.004430660168365086,0.011962782454585734,0.003987594151528578,0.011962782454585734,0.004873726185201595,0.011519716437749225,0.00664599025254763,0.021267168808152416,0.06380150642445724,0.0057598582188746125,0.004873726185201595,0.0203810367744794
0.32222222222222224,0.008444444444444444,0.009333333333333334,0.48977777777777776,0.006222222222222222,0.010666666666666666,0.004888888888888889,0.011111111111111112,0.0044444444444444444,0.012444444444444444,0.007555555555555556,0.021333333333333333,0.06177777777777778,0.006222222222222222,0.004888888888888889,0.018666666666666668
0.3185413005272408,0.008347978910369069,0.00922671353251318,0.4929701230228471,0.0057117750439367315,0.011423550087873463,0.0048330404217926184,0.01054481546572935,0.004393673110720563,0.013181019332161687,0.006590509666080844,0.022847100175746926,0.061511423550087874,0.0057117750439367315,0.006151142355008787,0.018014059753954304
0.31135857461024496,0.008463251670378619,0.008908685968819599,0.4904231625835189,0.0062360801781737195,0.012026726057906459,0.0062360801781737195,0.010244988864142539,0.0062360801781737195,0.012917594654788419,0.0071269487750556795,0.023608017817371936,0.061915367483296214,0.008017817371937639,0.0062360801781737195,0.0200445434298441
0.3136645962732919,0.009316770186335404,0.008429458740017746,0.4849157054125998,0.006211180124223602,0.011535048802129548,0.008429458740017746,0.009760425909494233,0.00709849157054126,0.012866015971606033,0.0075421472937000885,0.023070097604259095,0.06078083407275954,0.009316770186335404,0.006211180124223602,0.02085181898846495
0.31005338078291816,0.008896797153024912,0.009786476868327402,0.48131672597864766,0.004893238434163701,0.010676156583629894,0.008896797153024912,0.01201067615658363,0.007562277580071174,0.014679715302491103,0.00800711743772242,0.023576512455516015,0.06405693950177936,0.009786476868327402,0.007562277580071174,0.018238434163701068
0.30711444984533803,0.008837825894829872,0.010605391073795847,0.48740609809986746,0.003977021652673442,0.010605391073795847,0.008837825894829872,0.011489173663278833,0.0061864781263809105,0.015024304021210782,0.008395934600088379,0.022536456031816175,0.0627485638532921,0.008837825894829872,0.007954043305346884,0.019443216968625717
0.3138815207780725,0.009283819628647215,0.009283819628647215,0.47524314765694076,0.004862953138815208,0.011052166224580018,0.008841732979664015,0.013704686118479222,0.005305039787798408,0.015915119363395226,0.007515473032714412,0.022988505747126436,0.06542882404951371,0.008399646330680813,0.007515473032714412,0.020778072502210435
0.30975395430579966,0.007469244288224956,0.008787346221441126,0.48242530755711777,0.005272407732864675,0.01054481546572935,0.010105448154657293,0.014059753954305799,0.0057117750439367315,0.016695957820738138,0.006590509666080844,0.02240773286467487,0.0632688927943761,0.008787346221441126,0.006590509666080844,0.021528998242530756
0.3138913624220837,0.007569011576135352,0.010240427426536063,0.4755120213713268,0.004897595725734639,0.010240427426536063,0.010240427426536063,0.016918967052537846,0.006233303650934996,0.01647373107747106,0.006233303650934996,0.023597506678539625,0.06366874443455031,0.007569011576135352,0.006678539626001781,0.020035618878005344
0.3092920353982301,0.006194690265486726,0.009734513274336283,0.4849557522123894,0.0048672566371681415,0.009292035398230088,0.010176991150442478,0.017256637168141593,0.007964601769911504,0.014601769911504425,0.005752212389380531,0.024336283185840708,0.061061946902654866,0.007964601769911504,0.00663716814159292,0.01991150442477876
0.30864745011086475,0.0066518847006651885,0.009312638580931265,0.48470066518847005,0.005321507760532151,0.008425720620842573,0.010199556541019957,0.016851441241685146,0.007095343680709534,0.015964523281596452,0.005321507760532151,0.02394678492239468,0.06208425720620843,0.008869179600886918,0.007095343680709534,0.01951219512195122
0.3112290008841733,0.007957559681697613,0.008399646330680813,0.48054818744473915,0.005305039787798408,0.008841732979664015,0.009725906277630416,0.01856763925729443,0.007073386383731211,0.015473032714412025,0.006631299734748011,0.02431476569407604,0.05968169761273209,0.008841732979664015,0.008841732979664015,0.01856763925729443
0.31283185840707967,0.007964601769911504,0.009292035398230088,0.47743362831858405,0.006194690265486726,0.008849557522123894,0.009292035398230088,0.01991150442477876,0.00663716814159292,0.01592920353982301,0.006194690265486726,0.024336283185840708,0.060619469026548675,0.009292035398230088,0.008849557522123894,0.016371681415929203
0.3138556883576804,0.007525453740593183,0.008410801239486499,0.481186365648517,0.006640106241699867,0.00796812749003984,0.009296148738379814,0.019477644975652943,0.007082779991146525,0.014608233731739707,0.005754758742806552,0.025232403718459494,0.059318282425852145,0.008853474988933156,0.008410801239486499,0.01637892872952634
0.31362007168458783,0.0076164874551971325,0.0076164874551971325,0.4829749103942652,0.005824372759856631,0.008064516129032258,0.008960573476702509,0.019265232974910396,0.005376344086021506,0.01568100358422939,0.0062724014336917565,0.025537634408602152,0.05913978494623656,0.010752688172043012,0.0076164874551971325,0.01568100358422939
0.3073516386182462,0.006643046944198406,0.007971656333038087,0.48317094774136404,0.0070859167404783,0.007971656333038087,0.009300265721877768,0.01771479185119575,0.005757307351638618,0.015943312666076175,0.003985828166519044,0.027015057573073518,0.06465899025686449,0.012400354295837024,0.007971656333038087,0.015057573073516387
0.31272401433691754,0.008512544802867384,0.008960573476702509,0.4771505376344086,0.007168458781362007,0.006720430107526882,0.009408602150537635,0.017921146953405017,0.005376344086021506,0.01568100358422939,0.00492831541218638,0.025089605734767026,0.06630824372759857,0.012544802867383513,0.0076164874551971325,0.013888888888888888
0.31057563587684067,0.009817045961624275,0.008032128514056224,0.4738955823293173,0.008032128514056224,0.008032128514056224,0.010263275323516287,0.01963409192324855,0.005800981704596163,0.015171798304328426,0.006247211066488175,0.023650156180276664,0.06381079875055778,0.014725568942436412,0.0071396697902722,0.015171798304328426
0.30745062836624776,0.010771992818671455,0.00807899461400359,0.4744165170556553,0.00807899461400359,0.008976660682226212,0.011220825852782765,0.018402154398563735,0.004488330341113106,0.017055655296229804,0.005385996409335727,0.02199281867145422,0.06552962298025135,0.01570915619389587,0.00763016157989228,0.01481149012567325
0.3041144901610018,0.011180679785330949,0.008944543828264758,0.47450805008944547,0.00849731663685152,0.008050089445438283,0.012075134168157423,0.017889087656529516,0.004472271914132379,0.018336314847942754,0.004472271914132379,0.02146690518783542,0.06797853309481217,0.01520572450805009,0.008050089445438283,0.014758497316636851
0.302785265049416,0.008984725965858042,0.009433962264150943,0.4743935309973046,0.008086253369272238,0.009433962264150943,0.012578616352201259,0.01752021563342318,0.004492362982929021,0.017969451931716084,0.004492362982929021,0.0215633423180593,0.07232704402515723,0.014375561545372867,0.006738544474393531,0.014824797843665768
0.3071111111111111,0.008444444444444444,0.010222222222222223,0.4666666666666667,0.007555555555555556,0.010222222222222223,0.012,0.017333333333333333,0.0044444444444444444,0.01911111111111111,0.004,0.020888888888888887,0.07555555555555556,0.013333333333333334,0.0071111111111111115,0.016
0.3096085409252669,0.009341637010676156,0.009786476868327402,0.46352313167259784,0.0066725978647686835,0.009786476868327402,0.01201067615658363,0.016459074733096084,0.004448398576512456,0.02001779359430605,0.00400355871886121,0.022686832740213523,0.07740213523131673,0.012900355871886121,0.0071174377224199285,0.014234875444839857
0.3156723063223508,0.008904719501335707,0.007569011576135352,0.45547640249332144,0.006678539626001781,0.010240427426536063,0.01068566340160285,0.017809439002671415,0.004452359750667854,0.020480854853072127,0.004007123775601068,0.02404274265360641,0.07569011576135352,0.013802315227070348,0.008014247551202136,0.01647373107747106
0.31224944320712694,0.008017817371937639,0.0071269487750556795,0.45434298440979953,0.0062360801781737195,0.009354120267260579,0.010690423162583519,0.01826280623608018,0.005790645879732739,0.0200445434298441,0.004454342984409799,0.023162583518930958,0.07928730512249443,0.014699331848552339,0.008908685968819599,0.01737193763919822
0.31088314005352363,0.007136485280999108,0.007582515611061552,0.4487065120428189,0.005798394290811775,0.012488849241748439,0.012042818911685994,0.01873327386262266,0.005798394290811775,0.019625334522747548,0.004906333630686887,0.024977698483496878,0.07805530776092774,0.014719000892060661,0.00936663693131133,0.0191793041926851
0.3079308817013735,0.007975188303057155,0.007089056269384138,0.4523704031900753,0.00664599025254763,0.012405848471422242,0.011076650420912717,0.016836508639787327,0.006202924235711121,0.01905183872396987,0.004873726185201595,0.02658396101019052,0.08019494904740807,0.01329198050509526,0.00930438635356668,0.018165706690296855
0.3067926225820963,0.007197480881691408,0.007197480881691408,0.4579397210976158,0.007197480881691408,0.0103463787674314,0.009896536212325686,0.014844804318488529,0.006297795771479982,0.020242914979757085,0.005398110661268556,0.024291497975708502,0.08007197480881692,0.013945119208277103,0.009896536212325686,0.018443544759334234
0.302797833935018,0.0058664259927797835,0.007671480144404332,0.45712996389891697,0.007671480144404332,0.009927797833935019,0.010379061371841155,0.01444043321299639,0.0058664259927797835,0.019855595667870037,0.004963898916967509,0.026624548736462094,0.08348375451263539,0.01444043321299639,0.010830324909747292,0.018050541516245487
0.3040358744394619,0.004932735426008968,0.007623318385650224,0.4547085201793722,0.007623318385650224,0.008968609865470852,0.009417040358744395,0.014798206278026907,0.005829596412556054,0.01883408071748879,0.005829596412556054,0.026905829596412557,0.08609865470852018,0.016143497757847534,0.010762331838565023,0.01748878923766816
0.30485091232754785,0.004895416110369382,0.0075656430796617715,0.45349354695149086,0.00801068090787717,0.008455718736092568,0.008900756564307966,0.014686248331108143,0.004895416110369382,0.016911437472185136,0.0053404539385847796,0.028037383177570093,0.08856252781486426,0.01602136181575434,0.010235870048954161,0.01913662661326213
0.30566711289602855,0.004462293618920125,0.009370816599732263,0.45203034359660865,0.008478357875948238,0.00892458723784025,0.009370816599732263,0.013386880856760375,0.005800981704596163,0.01651048639000446,0.00535475234270415,0.026327532351628737,0.08969210174029452,0.01651048639000446,0.00892458723784025,0.019187862561356538
0.31007067137809186,0.003975265017667844,0.008392226148409895,0.4500883392226148,0.007508833922261484,0.009717314487632508,0.009717314487632508,0.014575971731448763,0.00441696113074205,0.017226148409893994,0.004858657243816254,0.024734982332155476,0.09054770318021202,0.018551236749116608,0.007508833922261484,0.018109540636042403
0.3081952920662598,0.004795117698343505,0.008282476024411508,0.44638186573670446,0.008282476024411508,0.00959023539668701,0.009154315605928508,0.015257192676547515,0.004795117698343505,0.016129032258064516,0.006538796861377506,0.023975588491717523,0.0963382737576286,0.018308631211857017,0.006102877070619006,0.017872711421098517
0.3130550621669627,0.003996447602131439,0.007548845470692718,0.44094138543516875,0.008436944937833037,0.011101243339253997,0.009325044404973356,0.013765541740674956,0.0053285968028419185,0.016873889875666074,0.0066607460035523975,0.02486678507992895,0.0941385435168739,0.017317939609236235,0.0053285968028419185,0.021314387211367674
0.3123615418697386,0.004430660168365086,0.007089056269384138,0.44306601683650865,0.008418254319893664,0.011076650420912717,0.007975188303057155,0.014178112538768276,0.004873726185201595,0.01639344262295082,0.006202924235711121,0.023482498892334957,0.09658839167035889,0.01860877270713336,0.004873726185201595,0.0203810367744794
0.3114463176574978,0.0048802129547471165,0.00709849157054126,0.4520851818988465,0.006211180124223602,0.008873114463176575,0.008429458740017746,0.015527950310559006,0.0048802129547471165,0.015527950310559006,0.00709849157054126,0.022626441881100266,0.09272404614019521,0.01730257320319432,0.0044365572315882874,0.02085181898846495
0.30369052912405514,0.005335704757670075,0.008003557136505114,0.4544241885282348,0.005780346820809248,0.008448199199644287,0.008448199199644287,0.01600711427301023,0.004446420631391729,0.01511783014673188,0.006669630947087594,0.021787461093819474,0.09782125389061805,0.017785682525566917,0.004891062694530902,0.0213428190306803
0.3030707610146863,0.0053404539385847796,0.008455718736092568,0.4459279038718291,0.006230529595015576,0.008455718736092568,0.009345794392523364,0.016466399643969738,0.005785491766800178,0.01557632398753894,0.008455718736092568,0.021361815754339118,0.10146862483311081,0.01913662661326213,0.0053404539385847796,0.019581664441477527
0.3086859688195991,0.005790645879732739,0.008908685968819599,0.44543429844098,0.0062360801781737195,0.008463251670378619,0.008463251670378619,0.016926503340757237,0.0066815144766146995,0.015590200445434299,0.008017817371937639,0.019599109131403118,0.09888641425389755,0.0200445434298441,0.005345211581291759,0.016926503340757237
0.31043710972346117,0.005798394290811775,0.008920606601248885,0.4527207850133809,0.006244424620874219,0.008920606601248885,0.007582515611061552,0.014719000892060661,0.005798394290811775,0.015165031222123104,0.007136485280999108,0.0191793041926851,0.09812667261373774,0.02007136485280999,0.004014272970561998,0.015165031222123104
0.30498016747465845,0.0057293962097840455,0.009255178492728075,0.4530630233583076,0.005288673424416042,0.011018069634200088,0.006610841780520053,0.01498457470251212,0.004847950639048039,0.014543851917144116,0.00617011899515205,0.01983252534156016,0.10445130013221683,0.020273248126928163,0.004407227853680035,0.014543851917144116
0.30759046778464255,0.00617828773168579,0.009708737864077669,0.44660194174757284,0.00529567519858782,0.01059135039717564,0.00617828773168579,0.016328331862312445,0.00441306266548985,0.015445719329214475,0.00617828773168579,0.018976169461606355,0.1059135039717564,0.020741394527802295,0.005736981465136805,0.01412180052956752
0.3031774051191527,0.00706090026478376,0.008384819064430714,0.44263018534863197,0.0048543689320388345,0.01147396293027361,0.006619593998234775,0.01676963812886143,0.00529567519858782,0.018093556928508385,0.00617828773168579,0.02030008826125331,0.10856134157105031,0.02030008826125331,0.00617828773168579,0.01412180052956752
0.3000886524822695,0.0070921985815602835,0.008421985815602837,0.4432624113475177,0.004432624113475178,0.01152482269503546,0.006648936170212766,0.018173758865248225,0.006648936170212766,0.017287234042553192,0.0070921985815602835,0.019060283687943262,0.10904255319148937,0.020390070921985817,0.00576241134751773,0.015070921985815602
0.3007585899152164,0.006247211066488175,0.009370816599732263,0.44087460954930835,0.00535475234270415,0.012048192771084338,0.006247211066488175,0.01740294511378849,0.007585899152164213,0.0178491744756805,0.006693440428380187,0.018741633199464525,0.10932619366354306,0.018295403837572513,0.007585899152164213,0.015618027666220438
0.304270462633452,0.0066725978647686835,0.01112099644128114,0.43994661921708184,0.005338078291814947,0.011565836298932384,0.006227758007117438,0.01601423487544484,0.009341637010676156,0.016903914590747332,0.0071174377224199285,0.017348754448398576,0.10898576512455516,0.017348754448398576,0.0071174377224199285,0.014679715302491103
0.3018699910952805,0.005342831700801425,0.009795191451469279,0.44256455921638466,0.006233303650934996,0.01157613535173642,0.006233303650934996,0.015583259127337488,0.008459483526268923,0.017364203027604632,0.007569011576135352,0.020926090828138913,0.11041852181656278,0.015138023152270703,0.006678539626001781,0.014247551202137132
0.30255057167985927,0.00395778364116095,0.009234828496042216,0.43579595426561124,0.007036059806508356,0.012313104661389622,0.006156552330694811,0.0158311345646438,0.008355321020228672,0.016710642040457344,0.0079155672823219,0.021547933157431837,0.11433597185576078,0.016710642040457344,0.007036059806508356,0.014511873350923483
0.2954645530603259,0.005284015852047556,0.009687362395420519,0.4438573315719947,0.005284015852047556,0.013650374284456186,0.007045354469396741,0.016292382210479964,0.008806693086745927,0.015852047556142668,0.0066050198150594455,0.023337736679876705,0.11228533685601057,0.017173051519154558,0.005724350506384853,0.013650374284456186
0.289086859688196,0.004454342984409799,0.008463251670378619,0.44498886414253896,0.005345211581291759,0.014699331848552339,0.0075723830734966595,0.01737193763919822,0.009354120267260579,0.015144766146993319,0.0066815144766146995,0.023162583518930958,0.11625835189309577,0.01826280623608018,0.004899777282850779,0.014253897550111359
0.2929112795363353,0.004458314757021846,0.008024966562639322,0.44360231832367364,0.006687472135532769,0.012483281319661168,0.008470798038341507,0.018279090503789567,0.009362460989745877,0.014266607222469906,0.005349977708426215,0.024520731163620153,0.11190370040124833,0.019170753455193937,0.00490414623272403,0.01560410164957646
0.28215398308856254,0.004450378282153983,0.006675567423230975,0.45571873609256786,0.007120605251446373,0.01290609701824655,0.00801068090787717,0.018691588785046728,0.008455718736092568,0.015131286159323543,0.006230529595015576,0.023141967067200713,0.11170449488206498,0.017801513128615932,0.0053404539385847796,0.016466399643969738
0.2824360105913504,0.00441306266548985,0.007502206531332745,0.45189761694616065,0.00617828773168579,0.012797881729920565,0.00794351279788173,0.02030008826125331,0.007502206531332745,0.012797881729920565,0.0048543689320388345,0.02383053839364519,0.11738746690203,0.018093556928508385,0.00529567519858782,0.01676963812886143
0.28855501546619533,0.0057445868316394165,0.008395934600088379,0.447635881573133,0.006628369421122404,0.014140521431727796,0.008395934600088379,0.019443216968625717,0.008395934600088379,0.0136986301369863,0.004418912947414936,0.024745912505523642,0.11179849756959788,0.01855943437914273,0.005302695536897923,0.014140521431727796
0.28420123565754635,0.00529567519858782,0.008384819064430714,0.4492497793468667,0.00617828773168579,0.01412180052956752,0.0088261253309797,0.02118270079435128,0.008384819064430714,0.01412180052956752,0.0048543689320388345,0.02471315092674316,0.11297440423654016,0.019858781994704325,0.00529567519858782,0.01235657546337158
0.2831029870708872,0.004458314757021846,0.008916629514043692,0.44761480160499334,0.006241640659830584,0.014266607222469906,0.00980829246544806,0.02139991083370486,0.008916629514043692,0.014266607222469906,0.003120820329915292,0.024966562639322336,0.11457868925546144,0.01961658493089612,0.007133303611234953,0.0115916183682568
0.28390596745027125,0.003616636528028933,0.008589511754068717,0.44710669077757687,0.005877034358047016,0.014466546112115732,0.00949367088607595,0.021247739602169982,0.008589511754068717,0.014466546112115732,0.0031645569620253164,0.024864376130198915,0.11618444846292948,0.019891500904159132,0.0076853526220614825,0.0108499095840868
0.28501118568232664,0.004921700223713647,0.008053691275167786,0.44563758389261743,0.006263982102908278,0.013870246085011185,0.008501118568232663,0.021476510067114093,0.007606263982102908,0.012975391498881432,0.0035794183445190158,0.025503355704697986,0.11991051454138703,0.018344519015659956,0.006711409395973154,0.011633109619686801
