C_R,C_A,C_S,C_N,D_R,D_A,D_S,D_N,Oc_R,Oc_A,Oc_S,Oc_N,Od_R,Od_A,Od_S,Od_N
0.0,0.0,0.0,0.0,0.0,0.0,0.0,0.0,0.0,0.0,0.0,0.0,0.0,1.0,0.0,0.0
0.0,0.0,0.0,0.0,0.0,0.0,0.0,0.0,0.0,0.0,0.5,0.0,0.0,0.5,0.0,0.0
0.0,0.0,0.0,0.0,0.0,0.0,0.0,0.0,0.0,0.0,0.5,0.0,0.0,0.5,0.0,0.0
0.0,0.0,0.0,0.0,0.18181818181818182,0.0,0.0,0.0,0.0,0.0,0.5454545454545454,0.0,0.0,0.2727272727272727,0.0,0.0
0.0,0.0,0.0,0.0,0.125,0.0,0.0,0.0,0.0,0.0,0.5625,0.0,0.0,0.3125,0.0,0.0
0.0,0.0,0.0,0.08333333333333333,0.16666666666666666,0.0,0.0,0.0,0.0,0.0,0.3333333333333333,0.0,0.0,0.3333333333333333,0.0,0.08333333333333333
0.0,0.0,0.07317073170731707,0.04878048780487805,0.12195121951219512,0.0,0.0,0.0,0.04878048780487805,0.0,0.21951219512195122,0.0,0.0,0.4146341463414634,0.04878048780487805,0.024390243902439025
0.0,0.029411764705882353,0.07352941176470588,0.058823529411764705,0.10294117647058823,0.0,0.014705882352941176,0.0,0.058823529411764705,0.0,0.14705882352941177,0.0,0.0,0.4264705882352941,0.058823529411764705,0.029411764705882353
0.0,0.027777777777777776,0.05555555555555555,0.06481481481481481,0.08333333333333333,0.018518518518518517,0.027777777777777776,0.0,0.046296296296296294,0.0,0.12037037037037036,0.037037037037037035,0.018518518518518517,0.4074074074074074,0.07407407407407407,0.018518518518518517
0.0,0.04861111111111111,0.041666666666666664,0.06944444444444445,0.09722222222222222,0.013888888888888888,0.027777777777777776,0.0,0.05555555555555555,0.0,0.10416666666666667,0.013888888888888888,0.027777777777777776,0.4027777777777778,0.0763888888888889,0.020833333333333332
0.005319148936170213,0.05319148936170213,0.05851063829787234,0.0797872340425532,0.10106382978723404,0.015957446808510637,0.031914893617021274,0.010638297872340425,0.05319148936170213,0.010638297872340425,0.06914893617021277,0.005319148936170213,0.0425531914893617,0.35638297872340424,0.07446808510638298,0.031914893617021274
0.012096774193548387,0.04435483870967742,0.05241935483870968,0.06854838709677419,0.10080645161290322,0.03225806451612903,0.03225806451612903,0.020161290322580645,0.056451612903225805,0.016129032258064516,0.07258064516129033,0.004032258064516129,0.04838709677419355,0.3185483870967742,0.06048387096774194,0.06048387096774194
0.02258064516129032,0.05161290322580645,0.04516129032258064,0.08387096774193549,0.0935483870967742,0.02903225806451613,0.02903225806451613,0.01935483870967742,0.05806451612903226,0.02258064516129032,0.07419354838709677,0.00967741935483871,0.054838709677419356,0.2645161290322581,0.07096774193548387,0.07096774193548387
0.031088082901554404,0.06217616580310881,0.046632124352331605,0.09067357512953368,0.07772020725388601,0.025906735751295335,0.02072538860103627,0.046632124352331605,0.04922279792746114,0.023316062176165803,0.04145077720207254,0.02072538860103627,0.05958549222797927,0.2616580310880829,0.06994818652849741,0.07253886010362694
0.02569593147751606,0.06638115631691649,0.04925053533190578,0.07922912205567452,0.08779443254817987,0.027837259100642397,0.014989293361884369,0.047109207708779445,0.042826552462526764,0.032119914346895075,0.047109207708779445,0.021413276231263382,0.057815845824411134,0.25267665952890794,0.06852248394004283,0.07922912205567452
0.03202846975088968,0.06761565836298933,0.05516014234875445,0.08718861209964412,0.0693950177935943,0.030249110320284697,0.019572953736654804,0.060498220640569395,0.051601423487544484,0.030249110320284697,0.03558718861209965,0.021352313167259787,0.06405693950177936,0.21708185053380782,0.060498220640569395,0.09786476868327403
0.032904148783977114,0.06437768240343347,0.06294706723891273,0.08583690987124463,0.06580829756795423,0.03719599427753934,0.022889842632331903,0.06723891273247497,0.04864091559370529,0.04864091559370529,0.04005722460658083,0.020028612303290415,0.06437768240343347,0.19599427753934193,0.05007153075822604,0.09298998569384835
0.03150525087514586,0.07117852975495916,0.059509918319719954,0.08284714119019837,0.05484247374562427,0.044340723453908985,0.019836639439906652,0.060676779463243874,0.046674445740956826,0.052508751458576426,0.039673278879813305,0.026837806301050177,0.07117852975495916,0.18786464410735124,0.045507584597432905,0.10501750291715285
0.029850746268656716,0.06965174129353234,0.05472636815920398,0.08358208955223881,0.04975124378109453,0.05771144278606965,0.01890547263681592,0.06766169154228856,0.04079601990049751,0.050746268656716415,0.03980099502487562,0.03582089552238806,0.06965174129353234,0.17114427860696518,0.03681592039800995,0.12338308457711443
0.036051502145922745,0.07381974248927038,0.050643776824034335,0.08841201716738198,0.04377682403433476,0.061802575107296136,0.01888412017167382,0.07381974248927038,0.041201716738197426,0.054935622317596564,0.0351931330472103,0.034334763948497854,0.06609442060085836,0.15965665236051502,0.03690987124463519,0.12446351931330472
0.03666921313980138,0.06646294881588999,0.054239877769289534,0.08479755538579067,0.04507257448433919,0.06493506493506493,0.020626432391138275,0.07028265851795264,0.04660045836516425,0.058823529411764705,0.030557677616501147,0.03666921313980138,0.07410236822001529,0.14056531703590527,0.03590527119938885,0.13368983957219252
0.03762376237623762,0.058745874587458745,0.058745874587458745,0.08712871287128712,0.04554455445544554,0.06468646864686468,0.022442244224422443,0.06732673267326733,0.04356435643564356,0.05478547854785479,0.039603960396039604,0.03762376237623762,0.06930693069306931,0.13399339933993398,0.04356435643564356,0.1353135313531353
0.04171779141104295,0.06257668711656442,0.06503067484662577,0.07914110429447853,0.03987730061349693,0.0687116564417178,0.026993865030674847,0.06196319018404908,0.04723926380368098,0.06012269938650307,0.03619631901840491,0.04171779141104295,0.06932515337423313,0.11901840490797547,0.044171779141104296,0.1361963190184049
0.04439511653718091,0.061598224195338516,0.059378468368479466,0.07380688124306327,0.04328523862375139,0.06825749167591565,0.024972253052164262,0.061598224195338516,0.04827968923418424,0.06381798002219756,0.04439511653718091,0.04550499445061043,0.07713651498335183,0.10987791342952276,0.04605993340732519,0.12763596004439512
0.04915433403805497,0.05866807610993657,0.054439746300211415,0.07822410147991543,0.046511627906976744,0.07822410147991543,0.026955602536997886,0.06553911205073996,0.048625792811839326,0.05708245243128964,0.04386892177589852,0.04756871035940803,0.0776955602536998,0.1083509513742072,0.03646934460887949,0.1226215644820296
0.05404040404040404,0.05404040404040404,0.05404040404040404,0.07828282828282829,0.04595959595959596,0.07525252525252525,0.026767676767676767,0.07424242424242425,0.043434343434343436,0.05909090909090909,0.03737373737373737,0.05303030303030303,0.08131313131313131,0.10858585858585859,0.03939393939393939,0.11515151515151516
0.061981454367984384,0.05514885309907272,0.043923865300146414,0.07564665690580771,0.038555392874572963,0.07613469985358712,0.029282576866764276,0.07759882869692533,0.04489995119570522,0.05905319668130796,0.04587603709126403,0.0527086383601757,0.084431429965837,0.10980966325036604,0.03806734992679356,0.10688140556368961
0.06861804222648753,0.05710172744721689,0.03982725527831094,0.07533589251439539,0.040786948176583494,0.08061420345489444,0.028790786948176585,0.07677543186180422,0.041746641074856046,0.06238003838771593,0.046065259117082535,0.056142034548944335,0.0854126679462572,0.10508637236084453,0.029750479846449136,0.10556621880998081
0.07044264635887673,0.047596382674916705,0.0376011423131842,0.0794859590671109,0.039504997620180865,0.0780580675868634,0.03046168491194669,0.07663017610661589,0.043312708234174206,0.0637791527843884,0.046644455021418375,0.06330318895763921,0.08662541646834841,0.10566396953831508,0.029033793431699192,0.10185625892432175
0.07634660421545668,0.046370023419203744,0.040749414519906324,0.08009367681498829,0.041686182669789226,0.07447306791569086,0.03044496487119438,0.07681498829039812,0.041686182669789226,0.07166276346604215,0.03887587822014051,0.06323185011709602,0.09133489461358314,0.10398126463700234,0.024824355971896955,0.09742388758782201
0.07573632538569425,0.04628330995792426,0.035998129967274424,0.07807386629266012,0.03693314633006078,0.07947639083683965,0.025245441795231416,0.08041140719962599,0.04020570359981299,0.07433380084151472,0.03506311360448808,0.06451612903225806,0.09817671809256662,0.10659186535764376,0.025245441795231416,0.09770920991117345
0.08069029850746269,0.049440298507462684,0.036380597014925374,0.08488805970149253,0.03684701492537314,0.08022388059701492,0.02751865671641791,0.08162313432835822,0.03824626865671642,0.06996268656716417,0.030783582089552237,0.06856343283582089,0.09748134328358209,0.1021455223880597,0.024720149253731342,0.09048507462686567
0.08108108108108109,0.04100652376514446,0.030288909599254427,0.08807082945013979,0.033550792171481825,0.08294501397949673,0.023765144454799627,0.08620689655172414,0.04193849021435228,0.0750232991612302,0.028890959925442685,0.07082945013979497,0.1015843429636533,0.09739049394221808,0.0260950605778192,0.09133271202236719
0.08341099720410065,0.03960857409133271,0.033550792171481825,0.09319664492078285,0.03215284249767009,0.08061509785647716,0.01863932898415657,0.08807082945013979,0.04100652376514446,0.07222739981360671,0.026561043802423114,0.07315936626281454,0.10950605778191985,0.09739049394221808,0.02190121155638397,0.08900279589934762
0.08853681267474371,0.034482758620689655,0.03168685927306617,0.08760484622553588,0.031220876048462257,0.0782851817334576,0.022367194780987885,0.08946877912395154,0.04193849021435228,0.07595526561043803,0.02702702702702703,0.07688723205964586,0.11463187325256291,0.09086672879776328,0.02096924510717614,0.08807082945013979
0.09015639374425023,0.03771849126034959,0.03541858325666973,0.08831646734130635,0.03035878564857406,0.078196872125115,0.027138914443422264,0.0827966881324747,0.045998160073597055,0.08049678012879485,0.025758969641214352,0.0749770009199632,0.11269549218031279,0.08555657773689053,0.021619135234590615,0.0827966881324747
0.09820193637621023,0.03826648224988474,0.03826648224988474,0.08206546795758414,0.030889810972798526,0.0834485938220378,0.024896265560165973,0.08575380359612725,0.04057169202397418,0.07976025818349469,0.022591055786076533,0.07376671277086215,0.11433840479483633,0.08298755186721991,0.019363762102351315,0.08483171968649147
0.10087517273146016,0.03638876093965914,0.032243205895900504,0.0856748042376785,0.03362505757715339,0.0852141870105942,0.023030861354214647,0.0852141870105942,0.04053431598341778,0.0842929525564256,0.019806540764624597,0.0787655458314141,0.117918010133579,0.07968678028558268,0.016121602947950252,0.08060801473975127
0.0953262378528459,0.033317908375751965,0.031929662193428965,0.0893105043961129,0.034706154558074964,0.08838500694123091,0.02128644146228598,0.08468301712170291,0.03933364183248496,0.08560851457658492,0.02313743637204998,0.08190652475705691,0.11938917167977788,0.07774178621008793,0.015733456732993985,0.07820453493752892
0.09065420560747664,0.029906542056074768,0.032242990654205606,0.0883177570093458,0.032242990654205606,0.0808411214953271,0.02336448598130841,0.08551401869158878,0.03644859813084112,0.09065420560747664,0.02383177570093458,0.08271028037383178,0.12990654205607477,0.07336448598130842,0.020093457943925235,0.07990654205607477
0.09274563820018365,0.031221303948576674,0.02800734618916437,0.09228650137741047,0.03351698806244261,0.07713498622589532,0.023415977961432508,0.08494031221303948,0.03810835629017447,0.09182736455463728,0.024793388429752067,0.08264462809917356,0.13636363636363635,0.07024793388429752,0.018365472910927456,0.0743801652892562
0.09632387156817124,0.03629595160539786,0.022335970218706376,0.08701721731037693,0.03350395532805956,0.07538389948813401,0.01907864122847836,0.08841321544904607,0.03536528617961843,0.09306654257794322,0.02280130293159609,0.0777105630525826,0.14053047929269427,0.07259190321079571,0.021405304792926943,0.0781758957654723
0.0956561922365989,0.03650646950092421,0.02033271719038817,0.0854898336414048,0.038817005545286505,0.07486136783733827,0.019408502772643253,0.08410351201478743,0.03650646950092421,0.09473197781885398,0.025878003696857672,0.08317929759704251,0.13585951940850277,0.0711645101663586,0.020794824399260628,0.0767097966728281
0.09798534798534798,0.034340659340659344,0.022893772893772892,0.08104395604395605,0.03388278388278388,0.07463369963369963,0.018772893772893772,0.08470695970695971,0.04075091575091575,0.09661172161172162,0.0260989010989011,0.08058608058608059,0.13324175824175824,0.07509157509157509,0.023809523809523808,0.07554945054945054
0.09906976744186047,0.03209302325581395,0.022325581395348838,0.07906976744186046,0.03395348837209302,0.08232558139534883,0.020930232558139535,0.08372093023255814,0.04232558139534884,0.09162790697674418,0.02186046511627907,0.08046511627906977,0.14093023255813952,0.07441860465116279,0.019069767441860466,0.0758139534883721
0.09967547519703292,0.0296708391284191,0.019007881316643487,0.0871580899397311,0.027816411682892908,0.0890125173852573,0.01761706073249884,0.08854891052387576,0.037552155771905425,0.08298562818729717,0.02364394993045897,0.08066759388038942,0.14000927213722764,0.08159480760315253,0.01808066759388039,0.07695873898933704
0.09895120839033288,0.02781577747378021,0.02188782489740082,0.0816233470132239,0.030551755585955312,0.08891928864569083,0.0196078431372549,0.0953032375740994,0.04149566803465572,0.08344733242134063,0.019151846785225718,0.07523939808481532,0.13953488372093023,0.07934336525307797,0.017327861377108983,0.07979936160510716
0.09655172413793103,0.028505747126436783,0.020689655172413793,0.0832183908045977,0.028965517241379312,0.09011494252873563,0.01885057471264368,0.09517241379310344,0.04091954022988506,0.08689655172413793,0.016551724137931035,0.07540229885057471,0.13885057471264367,0.07954022988505748,0.01885057471264368,0.08091954022988505
0.08819476343592099,0.02756086357372531,0.016995865870463943,0.0840606338998622,0.03353238401469913,0.0932475884244373,0.021589343132751494,0.09554432705558108,0.0399632521819017,0.08819476343592099,0.018833256775378962,0.07303628847037207,0.14423518603582913,0.0757923748277446,0.017914561322921452,0.08130454754248967
0.09314179796107507,0.026413345690454126,0.015755329008341055,0.09128822984244671,0.0366079703429101,0.08480074142724744,0.021316033364226137,0.08897126969416126,0.03938832252085264,0.09036144578313253,0.018072289156626505,0.07367933271547729,0.1422613531047266,0.07738646895273402,0.018072289156626505,0.082483781278962
0.09369202226345083,0.02040816326530612,0.015769944341372914,0.09276437847866419,0.038033395176252316,0.08766233766233766,0.02040816326530612,0.09044526901669758,0.03525046382189239,0.08905380333951762,0.01948051948051948,0.07096474953617811,0.14517625231910947,0.08209647495361781,0.021799628942486084,0.07699443413729128
0.09451360073766712,0.022130013831258646,0.019363762102351315,0.09359151682803135,0.042876901798063624,0.08575380359612725,0.021668971876440755,0.0880590133702167,0.03734439834024896,0.08390963577685569,0.02858460119870908,0.06869525126786538,0.13831258644536654,0.07976025818349469,0.024896265560165973,0.07053941908713693
0.08669724770642202,0.020642201834862386,0.027522935779816515,0.09587155963302753,0.03990825688073395,0.08853211009174312,0.022477064220183487,0.08302752293577982,0.036238532110091745,0.0871559633027523,0.028440366972477066,0.07064220183486239,0.13990825688073394,0.07522935779816514,0.020642201834862386,0.07706422018348624
0.08159480760315253,0.02410755679184052,0.023180343069077423,0.09318497913769123,0.0449698655540102,0.09503940658321743,0.019935095039406582,0.07974038015762633,0.03801576263328697,0.08344923504867872,0.025961984237366714,0.06722299490032453,0.14881780250347706,0.07834955957348169,0.01761706073249884,0.07881316643486323
0.08313980492336275,0.025545750116117046,0.026474686483975846,0.09614491407338598,0.04551788202508128,0.09475150952159778,0.02183000464468184,0.07477937761263354,0.029725963771481654,0.08917789131444497,0.024152345564328843,0.06734788666976312,0.1555968416163493,0.07524384579656293,0.014862981885740827,0.07570831398049234
0.07954022988505748,0.028045977011494253,0.02160919540229885,0.10022988505747127,0.04275862068965517,0.09241379310344827,0.019310344827586208,0.07770114942528736,0.03402298850574713,0.09011494252873563,0.02436781609195402,0.06206896551724138,0.15402298850574714,0.07540229885057471,0.01793103448275862,0.08045977011494253
0.08197484862598975,0.025151374010246856,0.02328830926874709,0.09827666511411272,0.03959012575687005,0.08896134140661388,0.018630647414997672,0.0768514205868654,0.033535165346995806,0.09082440614811364,0.025617140195621797,0.0624126688402422,0.15416860735910573,0.08290638099673964,0.019096413600372612,0.07871448532836516
0.08719596145020651,0.02294630564479119,0.026158788435061954,0.0927030748049564,0.03396053235429096,0.08765488756310234,0.02202845341899954,0.07801743919229004,0.030289123451124368,0.08949059201468564,0.025240936209270308,0.07205139972464433,0.1505277650298302,0.08168884809545664,0.01973382285452042,0.08031206975676916
0.09103512014787431,0.024953789279112754,0.026802218114602587,0.0956561922365989,0.029574861367837338,0.09057301293900184,0.02033271719038817,0.0711645101663586,0.03373382624768946,0.08872458410351201,0.024953789279112754,0.07393715341959335,0.1511090573012939,0.07578558225508318,0.018484288354898338,0.08317929759704251
0.08784096162736939,0.023578363384188627,0.027739251040221916,0.09338881183541378,0.029588534442903373,0.08969024503005085,0.019879796578825704,0.07212205270457697,0.03559870550161812,0.08876560332871013,0.028663892741562644,0.07165973185390662,0.15117891816920942,0.07766990291262135,0.022191400832177532,0.08044382801664356
0.09300140911225928,0.021136683889149837,0.026303428839830906,0.0967590418036637,0.030530765617660875,0.08924377642085486,0.017848755284170972,0.06904650070455613,0.03287928604978863,0.08736496007515265,0.031000469704086424,0.07562235791451385,0.1611085016439643,0.07797087834664161,0.01737905119774542,0.07280413339596055
0.09456372772955687,0.021014161717679305,0.025582457743261764,0.08634079488350845,0.03197807217907721,0.08999543170397442,0.020100502512562814,0.0749200548195523,0.03654636820465966,0.08359981726815897,0.02603928734582001,0.0758337140246688,0.15806304248515304,0.0808588396528095,0.02055733211512106,0.07400639561443581
0.09967547519703292,0.01808066759388039,0.025961984237366714,0.08530366249420492,0.0315252665739453,0.09133055169216504,0.01854427445526194,0.07788595271210014,0.03708854891052388,0.08298562818729717,0.027816411682892908,0.07649513212795549,0.16040797403801577,0.0774223458507186,0.021789522484932777,0.06768660176170607
0.1020128087831656,0.018755718206770355,0.024702653247941447,0.0818847209515096,0.03385178408051235,0.08966148215919488,0.018298261665141813,0.07410795974382434,0.039341262580054895,0.08005489478499543,0.03202195791399817,0.07227813357731015,0.1555352241537054,0.08234217749313816,0.021043000914913082,0.07410795974382434
0.1008792225821379,0.024525682554372975,0.029153169828782972,0.07727903748264692,0.03378065710319297,0.09440074039796391,0.015733456732993985,0.06848681166126794,0.03933364183248496,0.07496529384544193,0.035168903285515966,0.08144377602961592,0.15502082369273484,0.07589079130032392,0.017584451642757983,0.07635354002776493
0.09499536607970342,0.020852641334569044,0.028730305838739572,0.08202038924930491,0.03104726598702502,0.0917516218721038,0.014828544949026877,0.0685820203892493,0.03985171455050973,0.07692307692307693,0.0319740500463392,0.08063021316033364,0.1519925857275255,0.08526413345690455,0.019462465245597776,0.08109360518999073
0.10031919744642043,0.02188782489740082,0.030551755585955312,0.08299133606931144,0.028271773825809393,0.08846329229366165,0.012311901504787962,0.07523939808481532,0.04103967168262654,0.07706338349293206,0.03283173734610123,0.08755129958960328,0.15047879616963064,0.08071135430916553,0.0196078431372549,0.07067943456452348
0.10136086344439231,0.027686532144533083,0.02346316283435007,0.08634443923040826,0.02674800563115908,0.08493664946034725,0.015954950727358048,0.0675739089629282,0.03566400750821211,0.08024401689347724,0.03050211168465509,0.08634443923040826,0.15861098076020647,0.08540591271703425,0.021586109807602064,0.0675739089629282
0.10097719869706841,0.025127966496044672,0.021870637505816658,0.09120521172638436,0.0288506281991624,0.08748255002326663,0.01814797580269893,0.07026523964634714,0.03489995346672871,0.0749185667752443,0.02652396463471382,0.08701721731037693,0.1614704513727315,0.08003722661703118,0.02047463936714751,0.07073057235923685
0.09752747252747253,0.023351648351648352,0.022435897435897436,0.0924908424908425,0.028388278388278388,0.08608058608058608,0.018315018315018316,0.07417582417582418,0.03021978021978022,0.07875457875457875,0.02564102564102564,0.08287545787545787,0.16346153846153846,0.07371794871794872,0.023351648351648352,0.07921245421245421
0.09869646182495345,0.02281191806331471,0.020484171322160148,0.0931098696461825,0.0297951582867784,0.08100558659217877,0.02094972067039106,0.0712290502793296,0.027001862197392923,0.08286778398510242,0.027467411545623835,0.07774674115456238,0.17271880819366853,0.07262569832402235,0.019087523277467412,0.0824022346368715
0.08600182982616651,0.02516010978956999,0.023787740164684355,0.09515096065873742,0.03110704483074108,0.07136322049405307,0.021043000914913082,0.07182067703568161,0.029734675205855442,0.07959743824336687,0.0292772186642269,0.07639524245196706,0.18526989935956084,0.07456541628545288,0.023787740164684355,0.07593778591033852
0.08493150684931507,0.023287671232876714,0.02511415525114155,0.09954337899543379,0.02968036529680365,0.06940639269406393,0.0228310502283105,0.07397260273972603,0.030136986301369864,0.07808219178082192,0.026940639269406392,0.08127853881278539,0.1821917808219178,0.07853881278538813,0.0228310502283105,0.07123287671232877
0.08703703703703704,0.02175925925925926,0.024074074074074074,0.09861111111111111,0.030555555555555555,0.07453703703703704,0.024537037037037038,0.07407407407407407,0.03194444444444444,0.07824074074074074,0.02546296296296296,0.07824074074074074,0.18287037037037038,0.08055555555555556,0.017592592592592594,0.0699074074074074
0.08545454545454545,0.025,0.020454545454545454,0.1,0.03318181818181818,0.07681818181818181,0.022727272727272728,0.07863636363636364,0.02590909090909091,0.07818181818181819,0.018636363636363635,0.08,0.18181818181818182,0.08181818181818182,0.02,0.07136363636363637
0.08685661764705882,0.025735294117647058,0.021139705882352942,0.10340073529411764,0.03860294117647059,0.07720588235294118,0.02389705882352941,0.0818014705882353,0.0234375,0.07628676470588236,0.02068014705882353,0.07950367647058823,0.17876838235294118,0.07169117647058823,0.022058823529411766,0.06893382352941177
0.0890316659017898,0.02569986232216613,0.020192748967416244,0.09912804038549794,0.041762276273519965,0.07664066085360258,0.018815970628728775,0.08260670032124828,0.024782010096374485,0.07985314364387333,0.018815970628728775,0.08077099586966498,0.17576870123910052,0.07664066085360258,0.01973382285452042,0.06975676916016521
0.09044995408631772,0.024793388429752067,0.024334251606978878,0.09779614325068871,0.04315886134067952,0.07621671258034894,0.01928374655647383,0.07621671258034894,0.026170798898071626,0.08034894398530762,0.015610651974288337,0.081267217630854,0.17860422405876952,0.07988980716253444,0.02066115702479339,0.06519742883379247
0.08195970695970696,0.025183150183150184,0.028846153846153848,0.10393772893772894,0.03983516483516483,0.0815018315018315,0.01694139194139194,0.07417582417582418,0.027472527472527472,0.07875457875457875,0.021062271062271064,0.08424908424908426,0.1794871794871795,0.07234432234432235,0.019688644688644688,0.06456043956043957
0.0798165137614679,0.026605504587155965,0.02614678899082569,0.1018348623853211,0.034403669724770644,0.08440366972477065,0.014678899082568808,0.07889908256880734,0.030733944954128442,0.07935779816513762,0.023853211009174313,0.08623853211009175,0.1761467889908257,0.07018348623853211,0.02018348623853211,0.06651376146788991
0.07760223048327138,0.02695167286245353,0.023234200743494422,0.09340148698884758,0.03531598513011153,0.08921933085501858,0.015799256505576207,0.07946096654275094,0.029275092936802975,0.08085501858736059,0.022304832713754646,0.08596654275092937,0.17518587360594795,0.07016728624535316,0.019981412639405203,0.07527881040892194
0.078125,0.024816176470588234,0.024356617647058824,0.09283088235294118,0.035845588235294115,0.08547794117647059,0.017922794117647058,0.08318014705882353,0.034466911764705885,0.078125,0.021139705882352942,0.08823529411764706,0.16865808823529413,0.07215073529411764,0.02022058823529412,0.0744485294117647
0.0843978102189781,0.023266423357664233,0.021897810218978103,0.09124087591240876,0.038777372262773724,0.08667883211678833,0.01551094890510949,0.08667883211678833,0.03193430656934307,0.07572992700729927,0.02052919708029197,0.09169708029197081,0.1729014598540146,0.07344890510948905,0.019616788321167884,0.06569343065693431
0.0913682277318641,0.02800734618916437,0.01928374655647383,0.09366391184573003,0.03627180899908173,0.08172635445362718,0.016069788797061526,0.08723599632690542,0.03627180899908173,0.0711662075298439,0.018365472910927456,0.08999081726354453,0.16988062442607896,0.07162534435261708,0.02157943067033976,0.0674931129476584
0.0919908466819222,0.030205949656750573,0.018306636155606407,0.09565217391304348,0.037528604118993135,0.082837528604119,0.018306636155606407,0.08146453089244851,0.037986270022883295,0.07139588100686499,0.015560640732265447,0.094279176201373,0.17437070938215102,0.06590389016018307,0.018764302059496567,0.0654462242562929
0.09003215434083602,0.02572347266881029,0.021589343132751494,0.0932475884244373,0.03812586127698668,0.08268259072117592,0.020211299954065228,0.08451998162609095,0.035829122645842905,0.07533302710151585,0.018373909049150206,0.09232889297197978,0.1681212677997244,0.06384933394579696,0.021589343132751494,0.06844281120808451
0.08969641214351426,0.028978840846366146,0.021159153633854646,0.09015639374425023,0.04231830726770929,0.08831646734130635,0.020699172033118676,0.08417663293468261,0.034958601655933765,0.06761729530818768,0.021159153633854646,0.08969641214351426,0.16375344986200552,0.07083716651333946,0.021619135234590615,0.06485740570377185
0.0879222582137899,0.027302174919018974,0.016658954187875982,0.1004164738546969,0.04072188801480796,0.08745950948634891,0.01897269782508098,0.08468301712170291,0.03054141601110597,0.07172605275335493,0.02128644146228598,0.08514576584914392,0.16890328551596484,0.07172605275335493,0.02036094400740398,0.06617306802406293
0.09434822242479489,0.029626253418413857,0.017775752051048314,0.09662716499544212,0.0414767547857794,0.08979033728350046,0.020054694621695533,0.08796718322698267,0.03236098450319052,0.06517775752051048,0.020966271649954422,0.07839562443026436,0.16773017319963537,0.07930720145852324,0.017775752051048314,0.060619872379216046
0.09562841530054644,0.028688524590163935,0.016848816029143898,0.1029143897996357,0.03961748633879782,0.0883424408014572,0.022768670309653915,0.08561020036429873,0.03506375227686703,0.06967213114754098,0.02185792349726776,0.07240437158469945,0.1621129326047359,0.0778688524590164,0.016848816029143898,0.06375227686703097
0.09622467771639043,0.0285451197053407,0.020718232044198894,0.09622467771639043,0.03821362799263352,0.08379373848987108,0.024861878453038673,0.0865561694290976,0.03591160220994475,0.0630755064456722,0.02117863720073665,0.07412523020257827,0.1703499079189687,0.08287292817679558,0.01703499079189687,0.06031307550644567
0.10499770747363595,0.029344337459880788,0.02109124254928932,0.0921595598349381,0.03897294818890417,0.07565337001375516,0.03255387436955525,0.07886290692342962,0.033929390187987164,0.06419073819348922,0.02109124254928932,0.07565337001375516,0.17285648784961027,0.08069692801467217,0.018340210912425492,0.05960568546538285
0.10876548875631023,0.028453418999541073,0.021110601193207894,0.08857273978889399,0.039926571821936666,0.08581918311151905,0.0289123451124369,0.07709958696649839,0.038549793483249196,0.06470858191831115,0.01973382285452042,0.07388710417622762,0.16980266177145478,0.07939421753097751,0.01698026617714548,0.05828361633776962
0.11203703703703703,0.02824074074074074,0.024537037037037038,0.08333333333333333,0.0375,0.08611111111111111,0.026851851851851852,0.0763888888888889,0.03981481481481482,0.060648148148148145,0.022685185185185187,0.07453703703703704,0.17592592592592593,0.07546296296296297,0.018055555555555554,0.05787037037037037
0.11382488479262673,0.027649769585253458,0.020276497695852536,0.0815668202764977,0.03640552995391705,0.08433179723502304,0.024423963133640553,0.07972350230414746,0.03778801843317972,0.060829493087557605,0.023502304147465437,0.07834101382488479,0.17511520737327188,0.08294930875576037,0.018433179723502304,0.054838709677419356
0.11269549218031279,0.029898804047838085,0.019779208831646734,0.08325666973321068,0.03265869365225391,0.07773689052437903,0.02621895124195032,0.07313707451701931,0.038178472861085555,0.06807727690892364,0.023459061637534497,0.08233670653173873,0.17617295308187672,0.07727690892364306,0.021619135234590615,0.05749770009199632
0.11372007366482505,0.026243093922651933,0.02394106813996317,0.08839779005524862,0.03038674033149171,0.07228360957642725,0.029005524861878452,0.07458563535911603,0.03913443830570902,0.0639963167587477,0.02394106813996317,0.08011049723756906,0.1662062615101289,0.0787292817679558,0.026703499079189688,0.06261510128913444
0.1148369315571888,0.027101515847496555,0.021589343132751494,0.08314193844740468,0.034451079467156635,0.06844281120808451,0.02847955902618282,0.07441433164905834,0.04134129536058796,0.06476802939825448,0.02067064768029398,0.08268259072117592,0.17271474506201195,0.07533302710151585,0.022967386311437757,0.06706476802939826
0.11270871985157699,0.03153988868274583,0.019944341372912802,0.08256029684601113,0.036641929499072357,0.06771799628942486,0.02504638218923933,0.07838589981447125,0.03849721706864564,0.06910946196660482,0.01948051948051948,0.0774582560296846,0.17996289424860853,0.07653061224489796,0.02411873840445269,0.06029684601113173
0.11901504787961696,0.030095759233926128,0.02188782489740082,0.0756953944368445,0.03146374829001368,0.06931144550843593,0.023255813953488372,0.07113543091655267,0.03784769721842225,0.07432740538075695,0.0196078431372549,0.08207934336525308,0.1828545371637027,0.07478340173278614,0.024623803009575923,0.06201550387596899
0.11732101616628175,0.029099307159353348,0.022170900692840646,0.07575057736720554,0.02956120092378753,0.06605080831408776,0.023094688221709007,0.07436489607390301,0.03602771362586605,0.08129330254041571,0.015704387990762125,0.08406466512702078,0.18383371824480368,0.07944572748267899,0.020323325635103928,0.06189376443418014
0.11223551057957681,0.025758969641214352,0.023459061637534497,0.07681692732290708,0.027598896044158234,0.06761729530818768,0.022999080036798528,0.07773689052437903,0.035878564857405704,0.08095676172953081,0.015639374425023,0.07911683532658693,0.1858325666973321,0.07865685372585096,0.017939282428702852,0.07175712971481141
0.11667432246210381,0.02572347266881029,0.022048690858980247,0.07349563619660082,0.02847955902618282,0.059715204409738175,0.025264124942581533,0.07349563619660082,0.04088194763435921,0.0799265043638034,0.014699127239320165,0.08130454754248967,0.18925126320624713,0.08451998162609095,0.016536518144235186,0.06798346348185577
0.12234533702677747,0.023084025854108958,0.02816251154201293,0.07063711911357341,0.03185595567867036,0.05955678670360111,0.02677746999076639,0.06971375807940905,0.038781163434903045,0.07987072945521699,0.013850415512465374,0.08125577100646353,0.18744228993536471,0.08633425669436749,0.014773776546629732,0.06555863342566944
0.11676510676965016,0.023171285779191277,0.024988641526578828,0.06860517946388005,0.03180372557928214,0.06360745115856428,0.0222626079054975,0.07632894139027714,0.03861880963198546,0.0813266696955929,0.02044525215810995,0.07723761926397092,0.18037255792821444,0.0858700590640618,0.017719218537028625,0.0708768741481145
0.12007332722273144,0.025206232813932174,0.02474793767186068,0.07470210815765353,0.034830430797433545,0.06416131989000917,0.021081576535288724,0.07745187901008249,0.03666361136571952,0.07745187901008249,0.021998166819431713,0.07195233730522456,0.18056828597616864,0.0847846012832264,0.015582034830430797,0.06874427131072411
0.12196261682242991,0.02570093457943925,0.02336448598130841,0.07757009345794393,0.03551401869158879,0.06261682242990654,0.024766355140186914,0.07289719626168224,0.03644859813084112,0.0780373831775701,0.021962616822429906,0.06962616822429907,0.18271028037383177,0.08364485981308412,0.01822429906542056,0.06495327102803738
0.11929986181483188,0.021188392445877474,0.021188392445877474,0.08106863196683556,0.032243205895900504,0.07369875633348687,0.021188392445877474,0.07093505297098111,0.03869184707508061,0.07968678028558268,0.023952095808383235,0.0713956701980654,0.17964071856287425,0.08337171810225702,0.017964071856287425,0.06448641179180101
0.11385459533607682,0.0205761316872428,0.021033379058070414,0.08184727937814358,0.035208047553726564,0.07315957933241884,0.016918152720621856,0.07407407407407407,0.0438957475994513,0.07956104252400549,0.024691358024691357,0.0695016003657979,0.17924096936442616,0.08459076360310928,0.018747142203932327,0.06310013717421124
0.11740331491712708,0.018876611418047883,0.022099447513812154,0.08195211786372007,0.03729281767955801,0.0649171270718232,0.02117863720073665,0.070902394106814,0.04189686924493554,0.08057090239410682,0.02440147329650092,0.0639963167587477,0.18278084714548803,0.08287292817679558,0.022099447513812154,0.06675874769797421
0.11172925359295317,0.016226240148354196,0.02132591562355123,0.07927677329624479,0.037552155771905425,0.05702364394993046,0.01808066759388039,0.07881316643486323,0.04033379694019471,0.08252202132591563,0.025961984237366714,0.06907742234585072,0.18219749652294853,0.08113120074177098,0.02920723226703755,0.06954102920723226
0.11508482347546997,0.016964695093993582,0.024759284731774415,0.07657038055937643,0.033929390187987164,0.05318661164603393,0.02109124254928932,0.07565337001375516,0.033470884915176524,0.08574048601558917,0.02567629527739569,0.07152682255845942,0.18890417239798257,0.08298945437872536,0.026134800550206328,0.06831728564878496
0.12396313364055299,0.017511520737327188,0.023963133640552997,0.07695852534562211,0.03271889400921659,0.05852534562211981,0.020737327188940093,0.07050691244239632,0.03271889400921659,0.0815668202764977,0.02488479262672811,0.06912442396313365,0.18986175115207374,0.08018433179723503,0.023502304147465437,0.07327188940092166
0.12206356517733763,0.016121602947950252,0.022109626900046062,0.07508060801473976,0.030861354214647627,0.05849838783970521,0.02164900967296177,0.07415937356057116,0.02947950253339475,0.07784431137724551,0.026715799170888992,0.07001381851681253,0.19345923537540305,0.08152924919391985,0.021188392445877474,0.07922616305849839
0.12197350388305161,0.01827318410232983,0.0219278209227958,0.07354956601187757,0.03471904979442668,0.05573321151210599,0.022384650525354044,0.07035175879396985,0.027409776153494745,0.07948835084513477,0.02923709456372773,0.07400639561443581,0.19506624029237093,0.07811786203746003,0.02147099132023755,0.07629054362722705
0.11892873354516569,0.02315024965955515,0.02088061733999092,0.06808896958692692,0.03449841125737631,0.05719473445301861,0.018157058556513846,0.07172038129822969,0.026327734906945077,0.082614616432138,0.024965955515206535,0.076713572401271,0.19473445301861098,0.08352246935996369,0.01997276441216523,0.07852927825692238
0.12183908045977011,0.02528735632183908,0.01885057471264368,0.06804597701149426,0.03586206896551724,0.057011494252873565,0.01885057471264368,0.072183908045977,0.022988505747126436,0.08045977011494253,0.020689655172413793,0.07632183908045977,0.20413793103448277,0.08183908045977012,0.01885057471264368,0.07678160919540229
0.12234762979683973,0.02528216704288939,0.02167042889390519,0.06772009029345373,0.036568848758465014,0.056433408577878104,0.020316027088036117,0.0781038374717833,0.022573363431151242,0.07945823927765237,0.01851015801354402,0.0708803611738149,0.1981941309255079,0.08939051918735892,0.01580135440180587,0.07674943566591422
0.12482853223593965,0.025148605395518976,0.02194787379972565,0.06492912665752172,0.031092821216278006,0.05852766346593507,0.01828989483310471,0.07864654778235025,0.026977594878829447,0.07361682670324646,0.020118884316415182,0.06995884773662552,0.20164609053497942,0.09190672153635117,0.01600365797896662,0.07636031092821216
0.12900274473924978,0.022872827081427266,0.0192131747483989,0.060841720036596526,0.028819762122598354,0.06038426349496798,0.019670631290027447,0.07639524245196706,0.02607502287282708,0.0777676120768527,0.021500457456541628,0.07548032936870998,0.19990850869167429,0.09423604757548033,0.01738334858188472,0.07044830741079597
0.12700596056854654,0.017881705639614855,0.022925263640531865,0.06327372764786796,0.02888583218707015,0.0614397065566254,0.016506189821182942,0.0761118752865658,0.02567629527739569,0.07381934892251261,0.02384227418615314,0.07977991746905089,0.2063273727647868,0.08940852819807428,0.016047684548372305,0.07106831728564879
0.12655315232397607,0.021629084215370454,0.02393005062126093,0.06718821905200184,0.031753336401288544,0.05890473999079614,0.016566958122411414,0.07501150483202945,0.02807179015186378,0.07179015186378279,0.02024850437183617,0.07501150483202945,0.21076852277956742,0.08697653014265992,0.019328117809479982,0.06626783248964566
0.12962117754450023,0.02190780465540849,0.02464628023733455,0.06754906435417618,0.03651300775901415,0.05476951163852122,0.01734367868553172,0.07895937927886809,0.031036056595162027,0.07165677772706527,0.017800091282519397,0.0689183021451392,0.20994979461433136,0.07759014148790506,0.020994979461433135,0.07074395253308992
0.12888482632541134,0.024223034734917732,0.022851919561243144,0.07495429616087751,0.03290676416819013,0.05210237659963437,0.015996343692870202,0.0763254113345521,0.029707495429616086,0.07449725776965264,0.018281535648994516,0.07221206581352833,0.20749542961608775,0.0763254113345521,0.024223034734917732,0.0690127970749543
0.13011828935395814,0.02684258416742493,0.023202911737943584,0.07279344858962693,0.030482256596906277,0.06050955414012739,0.014558689717925387,0.07233848953594177,0.033212010919017286,0.06915377616014559,0.01910828025477707,0.07597816196542312,0.2111010009099181,0.0732484076433121,0.023202911737943584,0.06414922656960874
0.13015873015873017,0.026303854875283448,0.02312925170068027,0.07392290249433106,0.024943310657596373,0.06666666666666667,0.018594104308390022,0.07256235827664399,0.03219954648526077,0.06349206349206349,0.016780045351473923,0.07301587301587302,0.2108843537414966,0.07936507936507936,0.026757369614512472,0.061224489795918366
0.12772727272727272,0.026363636363636363,0.020454545454545454,0.07909090909090909,0.03363636363636364,0.06772727272727273,0.019545454545454546,0.07181818181818182,0.03227272727272727,0.06181818181818182,0.019545454545454546,0.06818181818181818,0.20772727272727273,0.07272727272727272,0.028636363636363637,0.06272727272727273
0.12863636363636363,0.025,0.02409090909090909,0.06818181818181818,0.034545454545454546,0.07272727272727272,0.022727272727272728,0.06863636363636363,0.035,0.065,0.015909090909090907,0.07318181818181818,0.20454545454545456,0.07136363636363637,0.025454545454545455,0.065
0.13312130849613812,0.02680599727396638,0.025442980463425715,0.06633348477964561,0.03589277601090413,0.06587914584279873,0.02271694684234439,0.06951385733757383,0.03498409813721036,0.0631531122217174,0.017719218537028625,0.07042253521126761,0.20717855520218081,0.07178555202180827,0.023171285779191277,0.06587914584279873
