C_R,C_A,C_S,C_N,D_R,D_A,D_S,D_N,Oc_R,Oc_A,Oc_S,Oc_N,Od_R,Od_A,Od_S,Od_N
0.0,0.0,0.0,0.0,0.0,0.0,0.0,0.0,0.0,1.0,0.0,0.0,0.0,0.0,0.0,0.0
0.0,0.0,0.0,0.0,0.0,0.0,0.0,0.0,0.0,1.0,0.0,0.0,0.0,0.0,0.0,0.0
0.0,0.0,0.0,0.0,0.0,0.0,0.0,0.0,0.4,0.6,0.0,0.0,0.0,0.0,0.0,0.0
0.0,0.0,0.0,0.0,0.125,0.0,0.0,0.0,0.25,0.625,0.0,0.0,0.0,0.0,0.0,0.0
0.0,0.0,0.0,0.0,0.14285714285714285,0.0,0.0,0.0,0.14285714285714285,0.5714285714285714,0.0,0.0,0.0,0.14285714285714285,0.0,0.0
0.0,0.0,0.0,0.0,0.04,0.08,0.0,0.0,0.12,0.56,0.0,0.0,0.0,0.12,0.0,0.08
0.0,0.0,0.027777777777777776,0.0,0.027777777777777776,0.1111111111111111,0.0,0.0,0.1111111111111111,0.5555555555555556,0.0,0.0,0.0,0.1111111111111111,0.0,0.05555555555555555
0.0,0.0,0.017857142857142856,0.0,0.03571428571428571,0.10714285714285714,0.0,0.017857142857142856,0.08928571428571429,0.5535714285714286,0.0,0.0,0.0,0.10714285714285714,0.0,0.07142857142857142
0.0,0.02564102564102564,0.01282051282051282,0.0,0.0,0.10256410256410256,0.0,0.02564102564102564,0.0641025641025641,0.5641025641025641,0.0,0.0,0.02564102564102564,0.08974358974358974,0.0,0.08974358974358974
0.0,0.017857142857142856,0.017857142857142856,0.0,0.0,0.05357142857142857,0.0,0.03571428571428571,0.05357142857142857,0.5892857142857143,0.0,0.0,0.017857142857142856,0.11607142857142858,0.0,0.09821428571428571
0.0,0.027210884353741496,0.02040816326530612,0.0,0.0,0.04081632653061224,0.0,0.04081632653061224,0.047619047619047616,0.564625850340136,0.0,0.0,0.027210884353741496,0.12244897959183673,0.0,0.10884353741496598
0.0,0.031413612565445025,0.015706806282722512,0.0,0.005235602094240838,0.041884816753926704,0.0,0.04712041884816754,0.031413612565445025,0.5340314136125655,0.0,0.0,0.03664921465968586,0.14136125654450263,0.0,0.11518324607329843
0.0,0.03435114503816794,0.022900763358778626,0.0,0.003816793893129771,0.05725190839694656,0.0,0.04961832061068702,0.030534351145038167,0.48854961832061067,0.003816793893129771,0.0,0.04961832061068702,0.14885496183206107,0.003816793893129771,0.10687022900763359
0.003067484662576687,0.03374233128834356,0.03067484662576687,0.0,0.003067484662576687,0.05828220858895705,0.0,0.05521472392638037,0.02147239263803681,0.4601226993865031,0.003067484662576687,0.006134969325153374,0.06441717791411043,0.15030674846625766,0.003067484662576687,0.10736196319018405
0.007462686567164179,0.03980099502487562,0.02736318407960199,0.0024875621890547263,0.004975124378109453,0.06467661691542288,0.0,0.05223880597014925,0.017412935323383085,0.43532338308457713,0.0024875621890547263,0.007462686567164179,0.06716417910447761,0.16666666666666666,0.0024875621890547263,0.10199004975124377
0.010245901639344262,0.0389344262295082,0.028688524590163935,0.0020491803278688526,0.006147540983606557,0.07377049180327869,0.0,0.05327868852459016,0.012295081967213115,0.41188524590163933,0.006147540983606557,0.010245901639344262,0.06557377049180328,0.16598360655737704,0.0020491803278688526,0.11270491803278689
0.011725293132328308,0.04187604690117253,0.03350083752093802,0.0016750418760469012,0.005025125628140704,0.06867671691792294,0.0,0.05360134003350084,0.01340033500837521,0.4020100502512563,0.006700167504187605,0.01340033500837521,0.06867671691792294,0.1708542713567839,0.0033500837520938024,0.10552763819095477
0.016129032258064516,0.045454545454545456,0.02932551319648094,0.001466275659824047,0.005865102639296188,0.07038123167155426,0.0,0.04985337243401759,0.01466275659824047,0.3870967741935484,0.007331378299120235,0.016129032258064516,0.0689149560117302,0.17888563049853373,0.002932551319648094,0.10557184750733138
0.01715686274509804,0.04779411764705882,0.03308823529411765,0.003676470588235294,0.007352941176470588,0.0784313725490196,0.0012254901960784314,0.05514705882352941,0.013480392156862746,0.3700980392156863,0.007352941176470588,0.022058823529411766,0.058823529411764705,0.17524509803921567,0.003676470588235294,0.1053921568627451
0.016042780748663103,0.047058823529411764,0.03208556149732621,0.0053475935828877,0.008556149732620321,0.08021390374331551,0.0010695187165775401,0.059893048128342244,0.014973262032085561,0.3679144385026738,0.006417112299465241,0.029946524064171122,0.058823529411764705,0.1679144385026738,0.0021390374331550803,0.10160427807486631
0.012560386473429951,0.05314009661835749,0.03285024154589372,0.005797101449275362,0.010628019323671498,0.08599033816425121,0.001932367149758454,0.06183574879227053,0.01352657004830918,0.3516908212560386,0.003864734299516908,0.033816425120772944,0.05410628019323672,0.17971014492753623,0.001932367149758454,0.0966183574879227
0.014873140857392825,0.05511811023622047,0.03237095363079615,0.004374453193350831,0.010498687664041995,0.08923884514435695,0.0017497812773403325,0.05774278215223097,0.011373578302712161,0.34820647419072615,0.006124234470691163,0.03762029746281715,0.05249343832020997,0.17410323709536307,0.004374453193350831,0.09973753280839895
0.015822784810126583,0.06091772151898734,0.03243670886075949,0.005537974683544304,0.00949367088607595,0.08306962025316456,0.0023734177215189874,0.056962025316455694,0.015031645569620253,0.33939873417721517,0.006329113924050633,0.04113924050632911,0.058544303797468354,0.17484177215189872,0.0031645569620253164,0.0949367088607595
0.013878743608473338,0.06939371804236669,0.03360116873630387,0.004382761139517896,0.009495982468955442,0.08327246165084003,0.002191380569758948,0.05989773557341125,0.015339663988312637,0.32505478451424397,0.006574141709276844,0.04601899196493791,0.06574141709276844,0.168736303871439,0.003652300949598247,0.09276844411979547
0.01292517006802721,0.07482993197278912,0.034013605442176874,0.005442176870748299,0.009523809523809525,0.08027210884353742,0.0027210884353741495,0.061224489795918366,0.017006802721088437,0.3129251700680272,0.007482993197278911,0.04965986394557823,0.0653061224489796,0.17142857142857143,0.004081632653061225,0.09115646258503401
0.014392991239048811,0.07634543178973717,0.03566958698372966,0.004380475594493116,0.010638297872340425,0.07884856070087609,0.0025031289111389237,0.06445556946182729,0.01877346683354193,0.3091364205256571,0.008135168961201502,0.04943679599499374,0.07008760951188986,0.16458072590738423,0.005632040050062578,0.0869837296620776
0.015294117647058824,0.07352941176470588,0.03588235294117647,0.00411764705882353,0.010588235294117647,0.07882352941176471,0.0029411764705882353,0.06588235294117648,0.015294117647058824,0.3,0.007647058823529412,0.05058823529411765,0.07647058823529412,0.16823529411764707,0.00411764705882353,0.09058823529411765
0.016483516483516484,0.08021978021978023,0.03461538461538462,0.005494505494505495,0.00934065934065934,0.08296703296703296,0.0027472527472527475,0.06318681318681318,0.015384615384615385,0.29725274725274725,0.008241758241758242,0.05,0.07637362637362638,0.1697802197802198,0.004945054945054945,0.08296703296703296
0.016886543535620052,0.08443271767810026,0.03852242744063324,0.005277044854881266,0.0079155672823219,0.08021108179419525,0.0031662269129287598,0.06437994722955145,0.016886543535620052,0.2870712401055409,0.0079155672823219,0.051715039577836415,0.08073878627968338,0.17308707124010553,0.004221635883905013,0.07757255936675461
0.01904761904761905,0.08671679197994987,0.03458646616541353,0.007518796992481203,0.011027568922305764,0.08421052631578947,0.0030075187969924814,0.06265664160401002,0.017543859649122806,0.2781954887218045,0.007017543859649123,0.05263157894736842,0.08070175438596491,0.17142857142857143,0.004511278195488722,0.07919799498746867
0.016496846191169336,0.09218825812712275,0.03784570596797671,0.006792819019893256,0.008733624454148471,0.08442503639010189,0.003396409509946628,0.060164968461911696,0.018437651625424552,0.27219796215429404,0.006792819019893256,0.053372149442018436,0.08636584182435711,0.1722464822901504,0.005337214944201844,0.07520621057738962
0.01794145420207743,0.09206798866855524,0.04060434372049103,0.0084985835694051,0.008970727101038715,0.08168083097261568,0.0033050047214353163,0.06373937677053824,0.01935788479697828,0.26770538243626063,0.0056657223796034,0.054296506137865914,0.08451369216241737,0.17138810198300283,0.00424929178470255,0.07601510859301228
0.021967963386727688,0.09290617848970252,0.041189931350114416,0.010983981693363844,0.008695652173913044,0.08146453089244851,0.003203661327231121,0.06132723112128147,0.019679633867276888,0.26956521739130435,0.005491990846681922,0.05354691075514874,0.07963386727688787,0.17025171624713958,0.0036613272311212816,0.07643020594965676
0.02264653641207815,0.08792184724689166,0.04129662522202487,0.011545293072824156,0.010213143872113677,0.08348134991119005,0.003996447602131439,0.06039076376554174,0.019982238010657193,0.27486678507992895,0.005772646536412078,0.05150976909413854,0.07948490230905861,0.16429840142095914,0.0053285968028419185,0.07726465364120781
0.02483370288248337,0.09534368070953436,0.03813747228381375,0.012860310421286032,0.010199556541019957,0.07937915742793791,0.004878048780487805,0.057649667405764965,0.020399113082039913,0.2656319290465632,0.005764966740576497,0.05277161862527716,0.07804878048780488,0.1662971175166297,0.008425720620842573,0.07937915742793791
0.02561837455830389,0.0896643109540636,0.03975265017667844,0.015017667844522967,0.010159010600706713,0.07818021201413428,0.00530035335689046,0.05697879858657244,0.019434628975265017,0.26457597173144876,0.005742049469964664,0.05256183745583039,0.07906360424028269,0.16475265017667845,0.01060070671378092,0.08259717314487633
0.02457218078104432,0.08907415533128565,0.03905221588415972,0.017551557700745943,0.01184730144800351,0.08029837648091268,0.005704256252742431,0.05792014041246161,0.018429135585783237,0.25976305397103994,0.005704256252742431,0.05704256252742431,0.0767880649407635,0.1645458534444932,0.010092145677928916,0.08161474330846863
0.025283347863993024,0.08805579773321709,0.03966870095902354,0.017872711421098517,0.014385353095030515,0.07759372275501308,0.0052310374891020054,0.05536181342632956,0.01918047079337402,0.26416739319965127,0.006102877070619006,0.05492589363557106,0.07672188317349608,0.16129032258064516,0.010462074978204011,0.08369659982563209
0.027409372236958444,0.08620689655172414,0.03801945181255526,0.016799292661361626,0.015915119363395226,0.08222811671087533,0.005305039787798408,0.058797524314765696,0.01856763925729443,0.257736516357206,0.007073386383731211,0.053934571175950484,0.07692307692307693,0.16401414677276746,0.011052166224580018,0.08001768346595933
0.02513227513227513,0.08465608465608465,0.03747795414462081,0.017195767195767195,0.015873015873015872,0.08333333333333333,0.005291005291005291,0.05952380952380952,0.018518518518518517,0.2508818342151676,0.007054673721340388,0.053791887125220456,0.08156966490299823,0.16313932980599646,0.011904761904761904,0.08465608465608465
0.025333333333333333,0.07955555555555556,0.035555555555555556,0.017777777777777778,0.017777777777777778,0.08222222222222222,0.006666666666666667,0.06133333333333333,0.016,0.24933333333333332,0.006222222222222222,0.050222222222222224,0.08488888888888889,0.1688888888888889,0.012444444444444444,0.08577777777777777
0.025505716798592787,0.08311345646437995,0.036499560246262094,0.01802990325417766,0.018469656992084433,0.08311345646437995,0.0079155672823219,0.06112576956904134,0.01759014951627089,0.24802110817941952,0.006156552330694811,0.04925241864555849,0.08795074758135445,0.16182937554969218,0.011873350923482849,0.08355321020228672
0.02592267135325132,0.08347978910369068,0.0320738137082601,0.01757469244288225,0.019332161687170474,0.0812829525483304,0.007469244288224956,0.059314586994727594,0.017135325131810195,0.24121265377855888,0.006590509666080844,0.0531634446397188,0.08787346221441125,0.16739894551845344,0.012302284710017574,0.08787346221441125
0.026094648385670056,0.08093763821318001,0.030959752321981424,0.019460415745245468,0.020787262273330383,0.08226448474126492,0.00796107916850951,0.06280406899601947,0.01592215833701902,0.23839009287925697,0.007076514816452897,0.054400707651481646,0.08845643520566121,0.16452896948252985,0.01238390092879257,0.0875718708536046
0.02509907529722589,0.07617789520035227,0.032144429766622636,0.019815059445178335,0.02157639806252752,0.08542492294143549,0.009247027741083224,0.0607661822985469,0.015411712901805373,0.24350506384852488,0.007926023778071334,0.05239982386613826,0.08850726552179657,0.166446499339498,0.010568031704095112,0.08498458828709819
0.027666220437304774,0.0749665327978581,0.03257474341811691,0.0214190093708166,0.02320392681838465,0.08299866131191433,0.009370816599732263,0.06157965194109773,0.015618027666220438,0.24096385542168675,0.008478357875948238,0.050870147255689425,0.08746095493083444,0.16956715751896476,0.011601963409192326,0.08165997322623829
0.026848591549295774,0.06998239436619719,0.03477112676056338,0.019806338028169015,0.023327464788732395,0.08670774647887323,0.010123239436619719,0.06426056338028169,0.014964788732394365,0.23591549295774647,0.008362676056338027,0.04973591549295775,0.08670774647887323,0.16857394366197184,0.011443661971830986,0.08846830985915492
0.027075011096316024,0.06657789613848203,0.03506435863293387,0.01908566355969818,0.02529960053262317,0.09098979138925876,0.009764758100310697,0.06524633821571238,0.016422547714158898,0.23524189968930315,0.007545494895694629,0.05059920106524634,0.08921438082556592,0.16333777185974258,0.010652463382157125,0.08788282290279627
0.027790030877812087,0.06572562858403176,0.033083370092633436,0.016762240846934274,0.024261138067931187,0.08954565505072784,0.010145566828407587,0.0674900749889722,0.0176444640494045,0.2364358182620203,0.008381120423467137,0.05249228054697839,0.0917512130569034,0.1583590648434054,0.010145566828407587,0.08998676665196295
0.028293545534924844,0.06631299734748011,0.030061892130857647,0.018125552608311227,0.022104332449160036,0.08709106984969053,0.010610079575596816,0.0694076038903625,0.015473032714412025,0.2413793103448276,0.008841732979664015,0.05305039787798409,0.08753315649867374,0.16357206012378425,0.008841732979664015,0.08930150309460655
0.029437609841827767,0.06810193321616871,0.03251318101933216,0.01977152899824253,0.02328646748681898,0.0843585237258348,0.010984182776801407,0.06810193321616871,0.015377855887521968,0.242091388400703,0.008347978910369069,0.0492091388400703,0.08347978910369068,0.16695957820738136,0.008787346221441126,0.08919156414762741
0.02990325417766051,0.06508355321020229,0.028583992963940194,0.020668425681618294,0.020668425681618294,0.08927000879507475,0.011873350923482849,0.0681618293755497,0.014951627088830254,0.24626209322779244,0.008795074758135445,0.05013192612137203,0.0901495162708883,0.15787159190853123,0.009234828496042216,0.08839050131926121
0.03149955634427684,0.06388642413487133,0.027506654835847383,0.021739130434782608,0.02085181898846495,0.08961845607808341,0.012422360248447204,0.06876663708961846,0.014640638864241348,0.23646850044365572,0.0075421472937000885,0.05146406388642413,0.09139307897071872,0.16326530612244897,0.008429458740017746,0.09050576752440107
0.03487858719646799,0.06357615894039735,0.025607064017660046,0.02075055187637969,0.018984547461368653,0.08344370860927153,0.011479028697571744,0.07196467991169977,0.016335540838852098,0.2370860927152318,0.008830022075055188,0.05607064017660044,0.0922737306843267,0.16247240618101547,0.009713024282560706,0.08653421633554084
0.03487858719646799,0.058719646799116995,0.026048565121412803,0.02163355408388521,0.018101545253863136,0.08388520971302428,0.011479028697571744,0.07108167770419425,0.018984547461368653,0.23664459161147902,0.008830022075055188,0.05607064017660044,0.0988962472406181,0.15849889624724062,0.010154525386313467,0.08609271523178808
0.03494029190623618,0.0583812472357364,0.025210084033613446,0.020787262273330383,0.015479876160990712,0.08536045997346307,0.010614772224679346,0.07032286598850067,0.01901813356921716,0.23839009287925697,0.009287925696594427,0.05749668288367979,0.09730207872622733,0.15701017249004864,0.011057054400707651,0.08934099955771782
0.03803626713843432,0.05572755417956656,0.025210084033613446,0.020344980097302078,0.015479876160990712,0.08447589562140646,0.009730207872622734,0.06811145510835913,0.018575851393188854,0.24325519681556834,0.009730207872622734,0.05572755417956656,0.10305174701459531,0.15479876160990713,0.010614772224679346,0.0871295886775763
0.03994732221246708,0.05575065847234416,0.024143985952589993,0.02151009657594381,0.016681299385425813,0.08735733099209833,0.00877963125548727,0.06935908691834942,0.01887620719929763,0.2405618964003512,0.007901668129938543,0.05487269534679543,0.10052677787532924,0.1562774363476734,0.010535557506584723,0.08691834942932397
0.04214223002633889,0.05179982440737489,0.02370500438981563,0.0228270412642669,0.01755926251097454,0.08911325724319578,0.00877963125548727,0.06804214223002635,0.019315188762071993,0.2405618964003512,0.009218612818261633,0.05662862159789289,0.09877085162423178,0.15364354697102722,0.01141352063213345,0.08647936786654961
0.0398406374501992,0.054006197432492256,0.025232403718459494,0.02080566622399292,0.017264276228419653,0.08587870739265162,0.008853474988933156,0.06640106241699867,0.02080566622399292,0.23904382470119523,0.008853474988933156,0.05887560867640549,0.10402833111996458,0.15670650730411687,0.011066843736166445,0.08233731739707835
0.04151943462897526,0.054770318021201414,0.024734982332155476,0.022526501766784453,0.017226148409893994,0.08480565371024736,0.011042402826855124,0.06713780918727916,0.02075971731448763,0.23674911660777384,0.007950530035335688,0.06007067137809187,0.10291519434628975,0.15106007067137808,0.01060070671378092,0.08613074204946997
0.043133802816901406,0.05457746478873239,0.025528169014084508,0.02244718309859155,0.015404929577464789,0.08670774647887323,0.009683098591549295,0.06338028169014084,0.018926056338028168,0.23547535211267606,0.007922535211267605,0.06205985915492958,0.10431338028169014,0.15272887323943662,0.011003521126760563,0.08670774647887323
0.04117389399912396,0.05519053876478318,0.025405168637757335,0.023653088042049936,0.017082785808147174,0.08322382829610162,0.010512483574244415,0.06438896189224705,0.017520805957074025,0.23039859833552342,0.00788436268068331,0.06482698204117389,0.10643889618922471,0.15243101182654403,0.012702584318878668,0.08716600963644328
0.04314946619217082,0.052935943060498224,0.02402135231316726,0.023576512455516015,0.015124555160142349,0.0849644128113879,0.009786476868327402,0.06494661921708185,0.017348754448398576,0.22731316725978648,0.008451957295373666,0.06405693950177936,0.10898576512455516,0.1543594306049822,0.012900355871886121,0.08807829181494661
0.0420824295010846,0.05509761388286334,0.02299349240780911,0.025596529284164858,0.01388286334056399,0.08676789587852494,0.008676789587852495,0.06811279826464209,0.01735357917570499,0.22689804772234273,0.00737527114967462,0.06377440347071583,0.10932754880694143,0.1544468546637744,0.012147505422993492,0.08546637744034707
0.04286964129483815,0.0542432195975503,0.023184601924759404,0.025809273840769902,0.01399825021872266,0.08530183727034121,0.009186351706036745,0.06911636045494313,0.017497812773403325,0.2230971128608924,0.008311461067366578,0.06036745406824147,0.11023622047244094,0.1557305336832896,0.012248468941382326,0.08880139982502187
0.04476950354609929,0.051418439716312055,0.025709219858156027,0.028368794326241134,0.012854609929078014,0.08421985815602837,0.008421985815602837,0.06338652482269504,0.017287234042553192,0.22163120567375885,0.007978723404255319,0.06338652482269504,0.11702127659574468,0.1529255319148936,0.012411347517730497,0.08820921985815602
0.04933920704845815,0.05066079295154185,0.025110132158590308,0.029515418502202642,0.013656387665198238,0.08237885462555065,0.007929515418502203,0.06696035242290749,0.016740088105726872,0.21629955947136564,0.007929515418502203,0.05991189427312775,0.11585903083700441,0.15462555066079295,0.012334801762114538,0.0907488986784141
0.048294195835179445,0.046964997784669914,0.026140894993354008,0.031014621178555603,0.014621178555604785,0.08329641116526362,0.007532122286220647,0.06911829862649535,0.017279574656623838,0.21843154630039877,0.008418254319893664,0.06202924235711121,0.11519716437749225,0.15019937970757644,0.01329198050509526,0.08817013735046522
0.047872340425531915,0.04609929078014184,0.02526595744680851,0.030141843971631204,0.015070921985815602,0.08643617021276596,0.007535460992907801,0.0673758865248227,0.01551418439716312,0.21586879432624115,0.009308510638297872,0.061170212765957445,0.11835106382978723,0.15070921985815602,0.013297872340425532,0.0899822695035461
0.04953560371517028,0.044228217602830605,0.02476780185758514,0.03228659885006634,0.0145953118089341,0.08668730650154799,0.006634232640424591,0.06722689075630252,0.01680672268907563,0.21406457319770014,0.010172490048651039,0.06191950464396285,0.11499336576735958,0.15302963290579388,0.013710747456877488,0.08934099955771782
0.048330404217926184,0.0421792618629174,0.021968365553602813,0.03383128295254833,0.01757469244288225,0.0852372583479789,0.006590509666080844,0.06766256590509666,0.018892794376098417,0.210896309314587,0.00922671353251318,0.0641476274165202,0.11862917398945519,0.15070298769771528,0.013181019332161687,0.09094903339191564
0.04509632224168126,0.040718038528896675,0.021891418563922942,0.03371278458844133,0.017513134851138354,0.08537653239929947,0.006567425569176883,0.06742556917688267,0.01838879159369527,0.2119089316987741,0.009194395796847636,0.06129597197898424,0.12171628721541156,0.15455341506129597,0.012697022767075307,0.09194395796847636
0.043593130779392336,0.038749449581682076,0.02025539409951563,0.034346103038309116,0.016292382210479964,0.08586525759577279,0.007485689123734038,0.07045354469396742,0.017613386173491855,0.2162043152796125,0.009247027741083224,0.06120651695288419,0.12417437252311757,0.14971378247468076,0.012769704975781594,0.09202994275649494
0.04474966770048737,0.038546743464776254,0.021710234824988923,0.03721754541426672,0.014621178555604785,0.0872840053167922,0.00930438635356668,0.06956136464333186,0.01905183872396987,0.20824102791315907,0.008418254319893664,0.06513070447496677,0.1284891448825875,0.1497563136907399,0.012405848471422242,0.08551174124944617
0.041777777777777775,0.03777777777777778,0.02,0.03911111111111111,0.014222222222222223,0.08577777777777777,0.008444444444444444,0.072,0.02,0.2071111111111111,0.009777777777777778,0.064,0.12844444444444444,0.1471111111111111,0.012444444444444444,0.092
0.044181977252843396,0.03455818022747156,0.01968503937007874,0.03849518810148731,0.013560804899387576,0.08923884514435695,0.008748906386701663,0.06780402449693788,0.020122484689413824,0.20822397200349957,0.010061242344706912,0.06605424321959755,0.12510936132983377,0.15441819772528434,0.01268591426071741,0.08705161854768154
0.04225978647686833,0.03336298932384341,0.019572953736654804,0.033807829181494664,0.013790035587188613,0.09519572953736655,0.008451957295373666,0.0711743772241993,0.01912811387900356,0.2099644128113879,0.008896797153024912,0.06272241992882563,0.1258896797153025,0.15169039145907473,0.010231316725978648,0.09386120996441281
0.04553492484526967,0.03536693191865606,0.01768346595932803,0.03580901856763926,0.013262599469496022,0.08974358974358974,0.009725906277630416,0.07029177718832891,0.01768346595932803,0.20380194518125552,0.008841732979664015,0.06763925729442971,0.1330680813439434,0.14986737400530503,0.010610079575596816,0.09106984969053934
0.04148278905560459,0.032215357458075904,0.017210944395410415,0.03795233892321271,0.012797881729920565,0.09576345984112974,0.008384819064430714,0.06707855251544571,0.017210944395410415,0.20520741394527803,0.008384819064430714,0.06884377758164166,0.1323918799646955,0.14916151809355693,0.01147396293027361,0.09443954104148279
0.04403914590747331,0.030249110320284697,0.017793594306049824,0.037366548042704624,0.01201067615658363,0.08941281138790036,0.008451957295373666,0.0693950177935943,0.017793594306049824,0.20596085409252668,0.008451957295373666,0.06672597864768683,0.1356761565836299,0.148576512455516,0.01201067615658363,0.09608540925266904
0.04609929078014184,0.02969858156028369,0.018173758865248225,0.03634751773049645,0.013297872340425532,0.08820921985815602,0.008865248226950355,0.06693262411347518,0.018173758865248225,0.21409574468085107,0.007978723404255319,0.0678191489361702,0.13829787234042554,0.1449468085106383,0.01152482269503546,0.08953900709219859
0.04643013578624617,0.029347349978098992,0.018396846254927726,0.035479632063074903,0.011826544021024968,0.09067017082785808,0.009198423127463863,0.06964520367936924,0.017082785808147174,0.20718353044240034,0.007446342531756461,0.06876916338151555,0.1401664476565922,0.1462987297415681,0.012264564169951819,0.08979413053000437
0.04892966360856269,0.024027959807776323,0.01834862385321101,0.03713411970292704,0.011795543905635648,0.08650065530799476,0.010048055919615552,0.07121013543031891,0.01747487986020096,0.20795107033639143,0.007426823940585408,0.06989951944080385,0.1437308868501529,0.14591524683267804,0.012232415902140673,0.08737439930100481
0.04642857142857143,0.023214285714285715,0.017410714285714286,0.039285714285714285,0.010714285714285714,0.08526785714285715,0.010267857142857143,0.071875,0.01875,0.20758928571428573,0.006696428571428571,0.071875,0.14910714285714285,0.13839285714285715,0.014285714285714285,0.08883928571428572
0.04597701149425287,0.023872679045092837,0.016799292661361626,0.04111405835543767,0.010610079575596816,0.08355437665782493,0.010610079575596816,0.07869142351900972,0.020335985853227233,0.2002652519893899,0.00618921308576481,0.07206012378426171,0.14235190097259062,0.14014146772767463,0.014588859416445624,0.09283819628647215
0.0456540825285338,0.022388059701492536,0.014925373134328358,0.041264266900790166,0.01141352063213345,0.08340649692712906,0.01009657594381036,0.07506584723441616,0.019315188762071993,0.2032484635645303,0.006145741878841089,0.07111501316944688,0.1453028972783143,0.14266900790166814,0.013169446883230905,0.09482001755926252
0.04859894921190893,0.021453590192644482,0.01576182136602452,0.044220665499124345,0.01138353765323993,0.08581436077057793,0.009194395796847636,0.07005253940455342,0.01795096322241681,0.20271453590192645,0.0070052539404553416,0.07180385288966724,0.14623467600700527,0.138353765323993,0.014010507880910683,0.09544658493870403
0.043190832966064345,0.021154693697664168,0.016747465843984136,0.04847950639048039,0.011458792419568091,0.08550022036139268,0.00881445570736007,0.07227853680035258,0.01851035698545615,0.1974438078448656,0.007933010136624064,0.07139709122961657,0.14323490524460114,0.14455707360070516,0.011458792419568091,0.09784045835169679
0.046419098143236075,0.020778072502210435,0.015915119363395226,0.04774535809018567,0.011494252873563218,0.08355437665782493,0.008841732979664015,0.07515473032714412,0.01768346595932803,0.19849690539345713,0.011494252873563218,0.07029177718832891,0.14456233421750664,0.14279398762157383,0.011936339522546418,0.09283819628647215
0.04820875718708536,0.018575851393188854,0.014153029632905795,0.05174701459531181,0.011941618752764263,0.08491817779743477,0.00796107916850951,0.07651481645289694,0.01813356921716055,0.19902697921273774,0.011499336576735958,0.07164971251658558,0.1468376824413976,0.13710747456877487,0.009730207872622734,0.09199469261388767
0.048823790501553485,0.017310252996005325,0.014647137150466045,0.05148690634709276,0.010208610741233911,0.08610741233910342,0.009764758100310697,0.0758988015978695,0.01908566355969818,0.19928983577452286,0.011984021304926764,0.07146027518863737,0.14647137150466044,0.13626276076342655,0.010652463382157125,0.09054593874833555
0.04604380867232901,0.018775145283862316,0.013410818059901655,0.053196244970943225,0.010281627179257935,0.0813589628967367,0.010281627179257935,0.07465355386678588,0.014751899865891819,0.20116227089852481,0.013857845328565042,0.06928922664282522,0.1510952168082253,0.14126061689763075,0.008493518104604381,0.09208761734465802
0.04415011037527594,0.020309050772626933,0.012803532008830023,0.05562913907284768,0.010596026490066225,0.08211920529801324,0.008830022075055188,0.07682119205298013,0.013245033112582781,0.20088300220750552,0.011920529801324504,0.06754966887417219,0.152317880794702,0.1434878587196468,0.007947019867549669,0.0913907284768212
0.04717813051146384,0.02072310405643739,0.013227513227513227,0.05246913580246913,0.010141093474426807,0.08156966490299823,0.009700176366843033,0.08112874779541446,0.012345679012345678,0.1970899470899471,0.01146384479717813,0.06701940035273368,0.15696649029982362,0.14109347442680775,0.00837742504409171,0.08950617283950617
0.048187444739168875,0.019451812555260833,0.013262599469496022,0.05349248452696728,0.011052166224580018,0.08178603006189213,0.010610079575596816,0.07869142351900972,0.013262599469496022,0.19540229885057472,0.011936339522546418,0.0680813439434129,0.15738284703801944,0.14058355437665782,0.007073386383731211,0.08974358974358974
0.047957371225577264,0.017317939609236235,0.012433392539964476,0.05284191829484902,0.011101243339253997,0.08126110124333925,0.011101243339253997,0.07726465364120781,0.011989342806394316,0.20293072824156305,0.011545293072824156,0.07015985790408526,0.1549733570159858,0.1372113676731794,0.0066607460035523975,0.09325044404973357
0.048834139903211615,0.01759788825340959,0.010118785745710514,0.05719313682358117,0.010558732952045754,0.08051033875934888,0.008798944126704795,0.07875054993400792,0.014078310602727673,0.20369555653321603,0.011438627364716234,0.06819181698196217,0.15530136383633963,0.13770347558293006,0.0061592608886933565,0.09106907171139464
0.05109170305676856,0.01834061135371179,0.010917030567685589,0.05327510917030567,0.011353711790393014,0.0816593886462882,0.008733624454148471,0.07685589519650655,0.013973799126637555,0.2004366812227074,0.012663755458515284,0.06768558951965066,0.1615720524017467,0.1349344978165939,0.006550218340611353,0.08995633187772925
0.05111402359108781,0.01747487986020096,0.010484927916120577,0.053735255570117955,0.010921799912625601,0.08387942332896461,0.008300567933595456,0.0782000873743993,0.013979903888160769,0.19746614242027086,0.012232415902140673,0.06989951944080385,0.16033202271734381,0.13149847094801223,0.0069899519440803845,0.09349060725207514
0.0501964207769533,0.016586643387167175,0.010912265386294195,0.05456132693147097,0.010475774770842427,0.08642514185945002,0.008293321693583587,0.07420340462680053,0.01571366215626364,0.19554779572239198,0.012658227848101266,0.06765604539502401,0.16979484941073766,0.13094718463553034,0.006547359231776516,0.0894805761676124
0.052724856003544526,0.01639344262295082,0.0101905183872397,0.05538325210456358,0.00974745237040319,0.08551174124944617,0.008418254319893664,0.08108108108108109,0.014621178555604785,0.19184758529020823,0.014178112538768276,0.06247230837394772,0.17013735046521933,0.128046078865751,0.007089056269384138,0.0921577315019938
0.052538631346578366,0.016335540838852098,0.011037527593818985,0.05607064017660044,0.010596026490066225,0.08388520971302428,0.009271523178807948,0.08256070640176601,0.01456953642384106,0.1947019867549669,0.013245033112582781,0.060485651214128036,0.16688741721854305,0.12891832229580574,0.0075055187637969095,0.0913907284768212
0.056111352762070466,0.016093953892996955,0.01087429317094389,0.058721183123097,0.010004349717268378,0.08742931709438886,0.009134406263592866,0.078294910830796,0.015224010439321443,0.18921270117442365,0.013484123531970421,0.060896041757285774,0.1661591996520226,0.12831665941713788,0.008264462809917356,0.09177903436276642
0.05548216644649934,0.017173051519154558,0.011448701012769706,0.057243505063848524,0.012329370321444297,0.08366358432408631,0.010127697049757816,0.08014090708938794,0.017613386173491855,0.18714222809335096,0.013650374284456186,0.059445178335535004,0.16996917657419638,0.12505504183179217,0.008806693086745927,0.09070893879348305
0.05575221238938053,0.016814159292035398,0.011946902654867256,0.05929203539823009,0.012831858407079646,0.08584070796460178,0.010619469026548672,0.07743362831858407,0.017699115044247787,0.18230088495575222,0.01327433628318584,0.06017699115044248,0.16681415929203539,0.12699115044247788,0.008849557522123894,0.09336283185840707
0.05509034817100044,0.01630674305861613,0.008373732921992068,0.05861613045394447,0.013221683561040106,0.08197443807844866,0.009255178492728075,0.07624504186866461,0.018069634200088145,0.1881886293521375,0.013221683561040106,0.05773468488320846,0.1771705597179374,0.12604671661524902,0.00881445570736007,0.09167033935654473
0.05401844532279315,0.01668862538427756,0.00966183574879227,0.058410188844971456,0.012736056214317084,0.08388230127360562,0.00966183574879227,0.07246376811594203,0.018884497145366712,0.19367588932806323,0.011857707509881422,0.060166886253842776,0.16908212560386474,0.12560386473429952,0.010540184453227932,0.09266578831796222
0.05221588415971917,0.019306713470820535,0.010092145677928916,0.060991663010092144,0.014480035103115402,0.08293111013602457,0.009653356735410267,0.06932865291794647,0.018867924528301886,0.19131197893813076,0.010530934620447565,0.06143045195261079,0.16805616498464238,0.12768758227292673,0.009214567792891619,0.09390083369899078
0.052912405513561585,0.01823032458870609,0.01200533570475767,0.06313917296576256,0.015562472209871054,0.08759448643841708,0.011560693641618497,0.0675855935971543,0.020898176967541128,0.1871943085815918,0.01067140951534015,0.062249888839484215,0.1707425522454424,0.12138728323699421,0.008892841262783458,0.08937305469097377
0.053626373626373625,0.01978021978021978,0.01054945054945055,0.06725274725274726,0.014945054945054945,0.08527472527472528,0.011868131868131869,0.06637362637362637,0.02021978021978022,0.189010989010989,0.011428571428571429,0.05934065934065934,0.16703296703296702,0.12307692307692308,0.00967032967032967,0.09054945054945054
0.05350877192982456,0.0206140350877193,0.009649122807017544,0.06447368421052632,0.016228070175438595,0.0868421052631579,0.012280701754385965,0.06535087719298245,0.01929824561403509,0.18552631578947368,0.011842105263157895,0.05964912280701754,0.1675438596491228,0.12763157894736843,0.008771929824561403,0.09078947368421053
0.0502423975319524,0.021595416483032173,0.010136624063464082,0.06522697223446453,0.017188188629352136,0.0877038342882327,0.012780960775672102,0.06654914059056853,0.01983252534156016,0.18334067871308946,0.0123402379903041,0.05773468488320846,0.17188188629352139,0.12604671661524902,0.00881445570736007,0.0885852798589687
0.05475251861585633,0.022777047744196234,0.009636443276390714,0.06482698204117389,0.015330705212439772,0.08585194918966273,0.012264564169951819,0.06876916338151555,0.02102496714848883,0.1835304424003504,0.012702584318878668,0.05606657906263688,0.16819973718791065,0.13096802452912834,0.009198423127463863,0.08409986859395532
0.05538325210456358,0.02303943287549845,0.00930438635356668,0.061586176340274704,0.013735046521931768,0.0872840053167922,0.011519716437749225,0.06911829862649535,0.023482498892334957,0.18741692512184316,0.012405848471422242,0.056269384138236594,0.1683650863978733,0.1284891448825875,0.0101905183872397,0.0824102791315906
0.05502183406113537,0.022707423580786028,0.00960698689956332,0.060698689956331875,0.013100436681222707,0.09039301310043668,0.010917030567685589,0.06768558951965066,0.0222707423580786,0.18209606986899562,0.013537117903930132,0.058078602620087336,0.1685589519650655,0.13100436681222707,0.010480349344978166,0.08384279475982533
0.054848617814831066,0.021939447125932425,0.010092145677928916,0.06274681878016675,0.015357612988152698,0.0877577885037297,0.010969723562966213,0.06932865291794647,0.02150065818341378,0.17946467749012726,0.013602457218078104,0.054848617814831066,0.17507678806494076,0.12724879333040806,0.011408512505484861,0.08380868802106187
0.056,0.020888888888888887,0.010222222222222223,0.06266666666666666,0.017333333333333333,0.08488888888888889,0.010222222222222223,0.06488888888888888,0.02311111111111111,0.17866666666666667,0.014666666666666666,0.05688888888888889,0.17555555555555555,0.12622222222222224,0.012888888888888889,0.08488888888888889
0.056570155902004454,0.0200445434298441,0.011135857461024499,0.062360801781737196,0.017817371937639197,0.08730512249443208,0.011581291759465479,0.0645879732739421,0.021380846325167038,0.1732739420935412,0.015144766146993319,0.055233853006681516,0.17505567928730512,0.13006681514476615,0.011581291759465479,0.08685968819599109
0.059375,0.019196428571428573,0.012946428571428572,0.059821428571428574,0.017410714285714286,0.08348214285714285,0.011607142857142858,0.06428571428571428,0.022767857142857142,0.165625,0.012946428571428572,0.05625,0.17633928571428573,0.13616071428571427,0.012053571428571429,0.08973214285714286
0.06084656084656084,0.020282186948853614,0.013668430335097001,0.062169312169312166,0.01895943562610229,0.08686067019400352,0.010582010582010581,0.06437389770723104,0.02292768959435626,0.1675485008818342,0.012345679012345678,0.056878306878306875,0.1746031746031746,0.13095238095238096,0.010582010582010581,0.08641975308641975
0.06021978021978022,0.021538461538461538,0.014065934065934066,0.06285714285714286,0.018461538461538463,0.08263736263736264,0.01054945054945055,0.06593406593406594,0.023736263736263738,0.1657142857142857,0.01010989010989011,0.05714285714285714,0.17582417582417584,0.13186813186813187,0.01098901098901099,0.08835164835164835
0.06299559471365639,0.02158590308370044,0.013656387665198238,0.06167400881057269,0.018061674008810574,0.08061674008810572,0.01145374449339207,0.06519823788546256,0.022466960352422908,0.17180616740088106,0.008370044052863436,0.05682819383259912,0.17885462555066078,0.12731277533039648,0.012334801762114538,0.086784140969163
0.06255468066491689,0.020559930008748905,0.014873140857392825,0.0594925634295713,0.01968503937007874,0.0804899387576553,0.010936132983377077,0.06911636045494313,0.02099737532808399,0.17235345581802275,0.007874015748031496,0.05599300087489064,0.178915135608049,0.12773403324584426,0.010498687664041995,0.08792650918635171
0.06560986349625715,0.019815059445178335,0.015852047556142668,0.059445178335535004,0.01893439013650374,0.08190224570673713,0.011008366358432409,0.06957287538529282,0.020695728753852928,0.17393218846323205,0.007926023778071334,0.05900484368119771,0.178335535006605,0.12593571114046676,0.010127697049757816,0.08190224570673713
0.06634446397188049,0.019332161687170474,0.015377855887521968,0.06063268892794376,0.019332161687170474,0.08216168717047452,0.011423550087873463,0.06590509666080843,0.021968365553602813,0.17311072056239016,0.007029876977152899,0.06195079086115993,0.17706502636203866,0.12521968365553604,0.010984182776801407,0.08216168717047452
0.06648936170212766,0.0199468085106383,0.014184397163120567,0.06161347517730496,0.018173758865248225,0.08599290780141844,0.010195035460992909,0.06604609929078015,0.020390070921985817,0.16888297872340424,0.0070921985815602835,0.061170212765957445,0.18439716312056736,0.1276595744680851,0.010195035460992909,0.0775709219858156
0.0649867374005305,0.01900972590627763,0.01282051282051282,0.0610079575596817,0.01900972590627763,0.08532272325375774,0.010610079575596816,0.06763925729442971,0.022104332449160036,0.17064544650751548,0.006631299734748011,0.058797524314765696,0.1843501326259947,0.1286472148541114,0.009725906277630416,0.07869142351900972
0.06763285024154589,0.017127799736495388,0.012296881862099254,0.060166886253842776,0.016249451032059728,0.08344312692138779,0.00922266139657444,0.07290294246815986,0.021958717610891524,0.17039964866051824,0.007905138339920948,0.05577514273166447,0.1919191919191919,0.12428634167764603,0.00922266139657444,0.07949055775142731
0.06751985878199471,0.01676963812886143,0.012797881729920565,0.06001765225066196,0.01676963812886143,0.08561341571050309,0.009708737864077669,0.07237422771403354,0.02294792586054722,0.17519858781994704,0.00794351279788173,0.05560458958517211,0.18667255075022066,0.12400706090026478,0.010150044130626656,0.07590467784642542
