C_R,C_A,C_S,C_N,D_R,D_A,D_S,D_N,Oc_R,Oc_A,Oc_S,Oc_N,Od_R,Od_A,Od_S,Od_N
0.0,0.0,0.0,0.0,0.0,1.0,0.0,0.0,0.0,0.0,0.0,0.0,0.0,0.0,0.0,0.0
0.0,0.0,0.0,0.0,0.0,0.5,0.5,0.0,0.0,0.0,0.0,0.0,0.0,0.0,0.0,0.0
0.0,0.0,0.0,0.0,0.4,0.4,0.2,0.0,0.0,0.0,0.0,0.0,0.0,0.0,0.0,0.0
0.0,0.0,0.1111111111111111,0.0,0.2222222222222222,0.4444444444444444,0.0,0.0,0.0,0.0,0.0,0.0,0.2222222222222222,0.0,0.0,0.0
0.0,0.0,0.07692307692307693,0.0,0.15384615384615385,0.38461538461538464,0.0,0.0,0.07692307692307693,0.0,0.0,0.0,0.3076923076923077,0.0,0.0,0.0
0.0,0.0,0.1,0.0,0.15,0.45,0.0,0.0,0.05,0.0,0.0,0.0,0.25,0.0,0.0,0.0
0.0,0.0,0.07142857142857142,0.0,0.14285714285714285,0.42857142857142855,0.0,0.0,0.03571428571428571,0.0,0.0,0.0,0.25,0.07142857142857142,0.0,0.0
0.0,0.0,0.07894736842105263,0.0,0.10526315789473684,0.39473684210526316,0.0,0.0,0.02631578947368421,0.0,0.0,0.0,0.2631578947368421,0.07894736842105263,0.0,0.05263157894736842
0.0,0.0,0.11320754716981132,0.03773584905660377,0.09433962264150944,0.3584905660377358,0.0,0.0,0.0,0.0,0.0,0.0,0.22641509433962265,0.09433962264150944,0.0,0.07547169811320754
0.0,0.0,0.13043478260869565,0.043478260869565216,0.07246376811594203,0.3333333333333333,0.0,0.014492753623188406,0.0,0.0,0.0,0.0,0.2608695652173913,0.10144927536231885,0.0,0.043478260869565216
0.0,0.0,0.1134020618556701,0.061855670103092786,0.07216494845360824,0.29896907216494845,0.0,0.020618556701030927,0.0,0.0,0.0,0.0,0.29896907216494845,0.09278350515463918,0.0,0.041237113402061855
0.0,0.014705882352941176,0.11029411764705882,0.07352941176470588,0.07352941176470588,0.27941176470588236,0.0,0.029411764705882353,0.0,0.0,0.0,0.0,0.2867647058823529,0.10294117647058823,0.0,0.029411764705882353
0.0,0.011904761904761904,0.09523809523809523,0.09523809523809523,0.08928571428571429,0.24404761904761904,0.0,0.03571428571428571,0.0,0.0,0.005952380952380952,0.0,0.30357142857142855,0.08333333333333333,0.0,0.03571428571428571
0.00966183574879227,0.014492753623188406,0.0821256038647343,0.1111111111111111,0.1111111111111111,0.2318840579710145,0.0,0.033816425120772944,0.0,0.0,0.00966183574879227,0.0,0.2898550724637681,0.07246376811594203,0.0,0.033816425120772944
0.011764705882352941,0.0196078431372549,0.08235294117647059,0.11372549019607843,0.10196078431372549,0.20784313725490197,0.00784313725490196,0.03137254901960784,0.0,0.0,0.00784313725490196,0.0,0.30980392156862746,0.06666666666666667,0.0,0.0392156862745098
0.01567398119122257,0.012539184952978056,0.07836990595611286,0.11285266457680251,0.09404388714733543,0.20689655172413793,0.01567398119122257,0.034482758620689655,0.0,0.0,0.006269592476489028,0.0,0.30094043887147337,0.06583072100313479,0.006269592476489028,0.050156739811912224
0.02099737532808399,0.013123359580052493,0.06036745406824147,0.11811023622047244,0.09448818897637795,0.2073490813648294,0.015748031496062992,0.031496062992125984,0.0,0.0,0.010498687664041995,0.0026246719160104987,0.30183727034120733,0.06824146981627296,0.007874015748031496,0.047244094488188976
0.02159827213822894,0.012958963282937365,0.06047516198704104,0.1079913606911447,0.08855291576673865,0.20518358531317496,0.01511879049676026,0.032397408207343416,0.0,0.004319654427645789,0.01079913606911447,0.004319654427645789,0.31965442764578833,0.06695464362850972,0.01079913606911447,0.038876889848812095
0.024691358024691357,0.01763668430335097,0.06172839506172839,0.09876543209876543,0.08994708994708994,0.20634920634920634,0.015873015873015872,0.031746031746031744,0.0,0.005291005291005291,0.008818342151675485,0.005291005291005291,0.3262786596119929,0.054673721340388004,0.012345679012345678,0.04056437389770723
0.0319634703196347,0.0197869101978691,0.0624048706240487,0.091324200913242,0.0958904109589041,0.1948249619482496,0.015220700152207,0.0289193302891933,0.0,0.0076103500761035,0.0060882800608828,0.0060882800608828,0.3318112633181126,0.0502283105022831,0.015220700152207,0.0426179604261796
0.039030955585464336,0.018842530282637954,0.063257065948856,0.1009421265141319,0.0901749663526245,0.18842530282637954,0.016150740242261104,0.033647375504710635,0.0,0.005383580080753701,0.004037685060565276,0.004037685060565276,0.3189771197846568,0.052489905787348586,0.024226110363391656,0.040376850605652756
0.04195804195804196,0.017482517482517484,0.06177156177156177,0.10023310023310024,0.08857808857808858,0.18298368298368298,0.019813519813519812,0.037296037296037296,0.0011655011655011655,0.006993006993006993,0.008158508158508158,0.005827505827505828,0.317016317016317,0.05011655011655012,0.023310023310023312,0.037296037296037296
0.044605809128630707,0.015560165975103735,0.061203319502074686,0.09336099585062241,0.08921161825726141,0.18153526970954356,0.02074688796680498,0.03630705394190872,0.001037344398340249,0.008298755186721992,0.011410788381742738,0.007261410788381743,0.31431535269709543,0.05186721991701245,0.025933609958506226,0.03734439834024896
0.051329055912007336,0.011915673693858845,0.05682859761686526,0.09349220898258478,0.08615948670944087,0.17140238313473877,0.022914757103574702,0.03941338221814849,0.0009165902841429881,0.010999083409715857,0.011915673693858845,0.008249312557286892,0.3171402383134739,0.051329055912007336,0.027497708524289642,0.0384967919340055
0.05777054515866558,0.011391375101708706,0.05532953620829943,0.09601301871440195,0.08787632221318145,0.17005695687550854,0.022782750203417412,0.04231082180634662,0.0032546786004882017,0.010577705451586655,0.014646053702196907,0.007323026851098454,0.31000813669650124,0.044751830756712775,0.025223759153783564,0.04068348250610252
0.061755952380952384,0.012648809523809524,0.05431547619047619,0.0974702380952381,0.08110119047619048,0.16294642857142858,0.023065476190476192,0.046130952380952384,0.002232142857142857,0.00818452380952381,0.013392857142857142,0.008928571428571428,0.31398809523809523,0.04092261904761905,0.026785714285714284,0.046130952380952384
0.06504065040650407,0.012195121951219513,0.052845528455284556,0.09823848238482384,0.07859078590785908,0.16056910569105692,0.02168021680216802,0.0508130081300813,0.0027100271002710027,0.008807588075880758,0.012195121951219513,0.008807588075880758,0.3075880758807588,0.04200542005420054,0.03387533875338753,0.04403794037940379
0.06966434452184928,0.012032932235592146,0.05383153894870171,0.09689677010766308,0.07726409119696011,0.1532615579480684,0.0253324889170361,0.05446485117162761,0.0037998733375554147,0.009499683343888538,0.012032932235592146,0.008866371120962635,0.30082330588980366,0.03926535782140595,0.03546548448385054,0.04749841671944269
0.0711743772241993,0.011269276393831554,0.05041518386714116,0.10142348754448399,0.0800711743772242,0.1435349940688019,0.02431791221826809,0.06109134045077105,0.004151838671411625,0.012455516014234875,0.009489916963226572,0.00830367734282325,0.2918149466192171,0.04033214709371293,0.03914590747330961,0.051008303677342826
0.0780814277746793,0.011712214166201896,0.049079754601226995,0.09537088678192973,0.08310094813162298,0.14166201896263245,0.023424428332403793,0.0630228667038483,0.0050195203569436695,0.015616285554935862,0.010039040713887339,0.007808142777467931,0.28165086447295035,0.044060234244283326,0.03959843837144451,0.05075292805354155
0.08452950558213716,0.011164274322169059,0.046251993620414676,0.08825093035619351,0.09037745879851143,0.13875598086124402,0.023391812865497075,0.05901116427432217,0.005847953216374269,0.014885699096225412,0.01063264221158958,0.009569377990430622,0.2817650186071239,0.04199893673577884,0.04040404040404041,0.0531632110579479
0.08453608247422681,0.012371134020618556,0.04690721649484536,0.09329896907216495,0.09278350515463918,0.13402061855670103,0.026288659793814433,0.060309278350515465,0.008762886597938144,0.01443298969072165,0.011855670103092783,0.01134020618556701,0.2737113402061856,0.041237113402061855,0.03556701030927835,0.05257731958762887
0.08963445167751627,0.013520280420630946,0.04356534802203305,0.09213820731096645,0.08763144717075613,0.13119679519278918,0.026539809714571858,0.06059088632949424,0.010515773660490736,0.01602403605408112,0.013520280420630946,0.010515773660490736,0.2699048572859289,0.04406609914872309,0.03505257886830245,0.05558337506259389
0.09861932938856016,0.010355029585798817,0.04043392504930966,0.08530571992110454,0.09122287968441814,0.1301775147928994,0.028599605522682446,0.05571992110453649,0.011341222879684419,0.013806706114398421,0.01232741617357002,0.01232741617357002,0.27416173570019725,0.042899408284023666,0.03747534516765286,0.055226824457593686
0.09861177596936334,0.011010052656773576,0.03925323121110579,0.09191000478697942,0.09526089037817137,0.12111057922450934,0.027285782671134514,0.062230732407850646,0.011488750598372427,0.01723312589755864,0.01244614648157013,0.015318334131163236,0.2647199617041647,0.0421254188606989,0.034944949736716135,0.05505026328386788
0.10330386226151698,0.011633317822242903,0.03908794788273615,0.08841321544904607,0.10283852954862727,0.11959050721265704,0.029315960912052116,0.05816658911121452,0.013029315960912053,0.0144253140995812,0.01209865053513262,0.01814797580269893,0.26058631921824105,0.04048394602140531,0.03350395532805956,0.05537459283387622
0.1045812124016659,0.012494215640906987,0.037482646922720964,0.08977325312355391,0.1036557149467839,0.11568718186024989,0.031004164738546967,0.05599259602036094,0.013419713095788986,0.013882461823229986,0.012956964368347987,0.017584451642757983,0.2614530310041647,0.04257288292457196,0.033317908375751965,0.054141601110596946
0.10300820419325434,0.013673655423883319,0.03463992707383774,0.08842297174111212,0.10437556973564266,0.11166818596171377,0.032816773017319965,0.059708295350957154,0.013217866909753875,0.015952597994530537,0.01276207839562443,0.01731996353691887,0.2593436645396536,0.04694621695533273,0.03372835004557885,0.05241567912488605
0.1092057761732852,0.01444043321299639,0.03384476534296029,0.08799638989169675,0.10243682310469314,0.10830324909747292,0.029783393501805054,0.06046931407942238,0.013537906137184115,0.0157942238267148,0.013086642599277979,0.018501805054151624,0.26037906137184114,0.04648014440433213,0.03384476534296029,0.05189530685920578
0.108329540282203,0.012744651797906235,0.03413746017296313,0.08921256258534364,0.09649522075557579,0.10650887573964497,0.028220300409649523,0.06235776058261265,0.013199817933545745,0.019116977696859355,0.013199817933545745,0.01775147928994083,0.26627218934911245,0.045061447428311335,0.032771961766044605,0.05461993627674101
0.10831460674157303,0.011685393258426966,0.03550561797752809,0.08853932584269662,0.09662921348314607,0.1047191011235955,0.0301123595505618,0.0602247191011236,0.014382022471910113,0.019325842696629212,0.01348314606741573,0.017977528089887642,0.2665168539325843,0.04584269662921348,0.03325842696629214,0.05348314606741573
0.10870545782589085,0.011727559765448805,0.035182679296346414,0.08976093820478123,0.09382047812359044,0.10599909788001805,0.032025259359494816,0.06089309878213803,0.014884979702300407,0.02165087956698241,0.015787099684258007,0.01849345963013081,0.2607126747857465,0.04645917907081642,0.03382949932341001,0.05006765899864682
0.1055025011368804,0.01318781264211005,0.03319690768531151,0.09140518417462483,0.09367894497498863,0.10368349249658936,0.03274215552523874,0.060482037289677125,0.018190086402910415,0.021828103683492497,0.01409731696225557,0.018644838562983174,0.26330150068212826,0.047748976807639835,0.03456116416552979,0.047748976807639835
0.11060743427017226,0.01314596554850408,0.03127833182230281,0.09111514052583862,0.09156844968268359,0.10063463281958296,0.03671804170444243,0.058476881233000905,0.017679057116953764,0.02130553037171351,0.016319129646418858,0.017225747960108794,0.2638259292837715,0.047597461468721666,0.034904805077062555,0.047597461468721666
0.10981098109810981,0.012601260126012601,0.03195319531953195,0.0927092709270927,0.08955895589558956,0.0999099909990999,0.03375337533753375,0.059855985598559855,0.01665166516651665,0.02115211521152115,0.016201620162016202,0.01845184518451845,0.2668766876687669,0.04815481548154815,0.0351035103510351,0.047254725472547256
0.1105550500454959,0.011828935395814377,0.03139217470427662,0.09781619654231119,0.08416742493175614,0.10009099181073704,0.034576888080072796,0.05959963603275705,0.01637852593266606,0.02183803457688808,0.014558689717925387,0.017743403093721567,0.2697907188353048,0.045040946314831666,0.0359417652411283,0.04868061874431301
0.11230907457322552,0.011230907457322551,0.03324348607367475,0.10017969451931716,0.08265947888589398,0.09973045822102426,0.036837376460017966,0.05390835579514825,0.01752021563342318,0.02336028751123091,0.015274034141958671,0.017969451931716084,0.26864330637915546,0.0426774483378257,0.03324348607367475,0.05121293800539083
0.11001347103726987,0.013022002694207453,0.030534351145038167,0.09744050291872475,0.08262236192186799,0.10103277952402336,0.03771890435563539,0.05478221823080377,0.01706331387516839,0.023798832510103278,0.016165244723843737,0.019308486753480018,0.2676246070947463,0.0449034575662326,0.0327795240233498,0.051189941625505164
0.11222627737226278,0.014142335766423358,0.032846715328467155,0.10127737226277372,0.08348540145985402,0.09671532846715329,0.0364963503649635,0.0552007299270073,0.016423357664233577,0.02144160583941606,0.015054744525547446,0.020985401459854013,0.2687043795620438,0.04607664233576642,0.031478102189781025,0.04744525547445255
0.11732851985559567,0.013086642599277979,0.0315884476534296,0.10604693140794223,0.0825812274368231,0.09250902527075812,0.03790613718411552,0.05324909747292419,0.01895306859205776,0.019855595667870037,0.01444043321299639,0.020306859205776174,0.2703068592057762,0.042418772563176894,0.0351985559566787,0.04422382671480144
0.12051971326164874,0.011648745519713262,0.030017921146953404,0.10259856630824372,0.07974910394265233,0.09274193548387097,0.04032258064516129,0.053763440860215055,0.019265232974910396,0.021505376344086023,0.015232974910394265,0.021505376344086023,0.26881720430107525,0.04121863799283154,0.03718637992831541,0.04390681003584229
0.12249443207126949,0.012026726057906459,0.031180400890868598,0.10423162583518931,0.07661469933184856,0.08953229398663697,0.03964365256124722,0.05434298440979955,0.02093541202672606,0.02182628062360802,0.014253897550111359,0.0200445434298441,0.2730512249443207,0.03875278396436525,0.03652561247216036,0.044543429844097995
0.12122577737719693,0.01216764308246958,0.03064443442992339,0.10184767913474538,0.07525912573231185,0.09103199639477241,0.03830554303740424,0.05092383956737269,0.021631365479945923,0.01982875168995043,0.013068949977467327,0.022082018927444796,0.28165840468679587,0.03875619648490311,0.03515096890491212,0.046417305092383954
0.12438698172090949,0.012929112795363353,0.028979045920642,0.103878733838609,0.07311636201515827,0.08649130628622381,0.03923316986179224,0.05394560855996433,0.02229157378510923,0.02050824788230049,0.014266607222469906,0.020062416406598307,0.28131966116807844,0.03789567543468569,0.034774855104770394,0.04592064199732501
0.12656529516994633,0.012075134168157423,0.026386404293381037,0.1050983899821109,0.06976744186046512,0.08810375670840787,0.03801431127012522,0.05456171735241502,0.020125223613595707,0.020572450805008944,0.014311270125223614,0.022808586762075134,0.2826475849731664,0.03711985688729875,0.03398926654740608,0.04785330948121646
0.12086917157084653,0.010864644635581712,0.02761430511543685,0.10819375282933454,0.06926210955183341,0.08872793119058398,0.03757356269805342,0.058397464916251696,0.02127659574468085,0.019918515165233137,0.013128112267994568,0.02444545043005885,0.2811226799456768,0.03531009506564056,0.03666817564508828,0.046627433227704844
0.12348450830713965,0.01122586439155815,0.02694207453973956,0.10731926358329591,0.06870229007633588,0.0880107768298159,0.0345756623259991,0.060170633138751685,0.02020655590480467,0.02020655590480467,0.013022002694207453,0.02334979793444095,0.2860350246969017,0.03547373147732375,0.03592276605298608,0.04535249214189493
0.12093862815884476,0.011732851985559567,0.02527075812274368,0.1069494584837545,0.07220216606498195,0.08528880866425993,0.03835740072202166,0.05776173285198556,0.021209386281588447,0.02075812274368231,0.013989169675090252,0.02211191335740072,0.2824909747292419,0.03429602888086643,0.03835740072202166,0.04828519855595668
0.12432675044883304,0.011220825852782765,0.026032315978456014,0.10951526032315978,0.06956912028725314,0.08258527827648116,0.036355475763016155,0.05296229802513465,0.02289048473967684,0.02333931777378815,0.01570915619389587,0.02154398563734291,0.2868043087971275,0.034560143626570915,0.035457809694793535,0.047127468581687613
0.13015873015873017,0.010430839002267574,0.024036281179138322,0.11020408163265306,0.06893424036281179,0.08435374149659863,0.036281179138321996,0.053514739229024944,0.020861678004535148,0.020861678004535148,0.014965986394557823,0.020861678004535148,0.2857142857142857,0.034013605442176874,0.03945578231292517,0.045351473922902494
0.12998655311519497,0.01165396683101748,0.025549081129538322,0.11026445540116539,0.06678619453160017,0.08516360376512774,0.03675481846705513,0.05244285073957866,0.020170327207530255,0.020170327207530255,0.01344688480502017,0.020618556701030927,0.28641864634692965,0.035410129986553115,0.03809950694755715,0.047064096817570594
0.1356537260151718,0.012048192771084338,0.024542614904060688,0.107541276215975,0.06693440428380187,0.0821062025881303,0.03435966086568496,0.0499776885319054,0.01963409192324855,0.019187862561356538,0.015618027666220438,0.02186523873270861,0.2931726907630522,0.035252119589468986,0.03792949576082106,0.04417670682730924
0.13667117726657646,0.011276499774470004,0.02435723951285521,0.10735227785295444,0.06359945872801083,0.07983761840324763,0.034280559314388816,0.05051871898962562,0.018944519621109608,0.019846639603067207,0.017140279657194408,0.021199819576003608,0.29905277401894453,0.034280559314388816,0.03608479927830401,0.04555705908885882
0.13583032490974728,0.013537906137184115,0.026624548736462094,0.11326714801444043,0.06182310469314079,0.07851985559566788,0.033393501805054154,0.050090252707581225,0.0194043321299639,0.018501805054151624,0.01759927797833935,0.02075812274368231,0.2964801444043321,0.034747292418772564,0.033393501805054154,0.046028880866425995
0.13907581875280395,0.014804845222072678,0.02781516375056079,0.11395244504262,0.05877074921489457,0.0762673844773441,0.03409600717810678,0.04755495737999103,0.018842530282637954,0.017496635262449527,0.016150740242261104,0.021534320323014805,0.30237774786899957,0.03633916554508748,0.03140421713772992,0.04351727231942575
0.13857845328565044,0.016092981671881983,0.028609745194456863,0.1202503352704515,0.06079570853822083,0.07420652659812249,0.03531515422440769,0.04693786320965579,0.018328118015198926,0.017881090746535537,0.016092981671881983,0.021904336164506034,0.29906124273580686,0.03531515422440769,0.029056772463120252,0.041573535985695124
0.1481981981981982,0.016666666666666666,0.02927927927927928,0.12072072072072072,0.05675675675675676,0.07252252252252252,0.03423423423423423,0.04279279279279279,0.01756756756756757,0.016666666666666666,0.016666666666666666,0.022072072072072072,0.30720720720720723,0.03198198198198198,0.027477477477477478,0.03918918918918919
0.15144665461121157,0.0162748643761302,0.0325497287522604,0.11844484629294756,0.05334538878842676,0.06826401446654612,0.03300180831826401,0.04430379746835443,0.015370705244122965,0.01763110307414105,0.01763110307414105,0.022603978300180832,0.310126582278481,0.03074141048824593,0.027576853526220614,0.0406871609403255
0.15516463689670726,0.016689219666215605,0.03337843933243121,0.12178619756427606,0.043752819124943616,0.07036535859269283,0.02931889941362201,0.04645917907081642,0.016689219666215605,0.019846639603067207,0.015787099684258007,0.023004059539918808,0.30987821380243574,0.03067207938655841,0.02616147947677041,0.041046459179070814
0.1561792666364871,0.017202354006337708,0.03214124038026256,0.12041647804436396,0.04210049796287913,0.06880941602535083,0.030330466274332276,0.046174739701222274,0.016749660479855138,0.021729289271163424,0.017202354006337708,0.02082390221819828,0.31416930737890447,0.028519692168401993,0.025803531009506563,0.04164780443639656
0.15394973070017953,0.017953321364452424,0.03231597845601436,0.1229802513464991,0.040843806104129264,0.06508078994614004,0.02827648114901257,0.04622980251346499,0.01481149012567325,0.0210951526032316,0.017055655296229804,0.02199281867145422,0.3213644524236984,0.03007181328545781,0.025134649910233394,0.040843806104129264
0.15367282559711581,0.018026137899954935,0.03334835511491663,0.11762054979720594,0.039206849932401984,0.06309148264984227,0.024785939612438034,0.05317710680486706,0.014420910319963948,0.02118071203244705,0.017124831004957188,0.023433979269941414,0.3271744028841821,0.02794051374493015,0.024785939612438034,0.04100946372239748
0.15780062583817614,0.02056325435851587,0.033080017881090745,0.11935628073312472,0.037103263299061245,0.06079570853822083,0.02592758158247653,0.05185516316495306,0.013857845328565042,0.02056325435851587,0.019222172552525705,0.021904336164506034,0.3218596334376397,0.030397854269110416,0.023692445239159587,0.04202056325435852
0.1556053811659193,0.019282511210762333,0.034080717488789235,0.12286995515695068,0.037219730941704034,0.05874439461883408,0.025112107623318385,0.051121076233183856,0.01390134529147982,0.021524663677130046,0.018385650224215247,0.02242152466367713,0.32107623318385653,0.033183856502242155,0.0242152466367713,0.04125560538116592
0.15812917594654788,0.019599109131403118,0.033853006681514475,0.12383073496659243,0.0378619153674833,0.05612472160356347,0.026280623608017816,0.05077951002227171,0.012917594654788419,0.02182628062360802,0.019599109131403118,0.02182628062360802,0.32115812917594655,0.031180400890868598,0.023162583518930958,0.04187082405345212
0.15902964959568733,0.01931716082659479,0.03504043126684636,0.12488769092542677,0.038185085354896675,0.05256064690026954,0.027403414195867025,0.048966756513926325,0.014824797843665768,0.021114106019766397,0.01931716082659479,0.0220125786163522,0.3225516621743037,0.03189577717879605,0.0215633423180593,0.04132973944294699
0.1578479324144064,0.017785682525566917,0.035571365051133834,0.12272120942641174,0.0377945753668297,0.05558025789239662,0.02712316585148955,0.05157847932414406,0.013339261894175189,0.020008892841262782,0.020453534904401955,0.01956425077812361,0.32636727434415297,0.030680302356602934,0.020453534904401955,0.04313028012449978
0.15924128804587562,0.01940891045434495,0.036612262902514334,0.1239523599470666,0.037935597706219674,0.05381561535068372,0.027790030877812087,0.04543449492721659,0.014997794441993825,0.020732245258050286,0.01940891045434495,0.020732245258050286,0.32377591530657257,0.030877812086457873,0.020732245258050286,0.04455227172474636
0.16548042704626334,0.02179715302491103,0.03469750889679715,0.12277580071174377,0.03425266903914591,0.050711743772241996,0.027580071174377226,0.04448398576512456,0.015569395017793594,0.018683274021352312,0.018683274021352312,0.02090747330960854,0.32962633451957296,0.03158362989323844,0.02090747330960854,0.04225978647686833
0.16486972147349505,0.021114106019766397,0.03324348607367475,0.12353998203054807,0.03324348607367475,0.04986522911051213,0.028751123090745734,0.044923629829290206,0.016172506738544475,0.02021563342318059,0.017969451931716084,0.021114106019766397,0.33153638814016173,0.03099730458221024,0.019766397124887692,0.0426774483378257
0.17137809187279152,0.020318021201413426,0.03401060070671378,0.12323321554770318,0.03224381625441696,0.04902826855123675,0.028268551236749116,0.04328621908127209,0.017226148409893994,0.018109540636042403,0.01987632508833922,0.020318021201413426,0.32420494699646646,0.03224381625441696,0.02120141342756184,0.045053003533568906
0.1704194260485651,0.022516556291390728,0.03399558498896247,0.12582781456953643,0.031788079470198675,0.045033112582781455,0.02869757174392936,0.04282560706401766,0.016777041942604858,0.017660044150110375,0.018984547461368653,0.020309050772626933,0.32847682119205296,0.033112582781456956,0.019426048565121413,0.04415011037527594
0.1740306582506763,0.021190261496844005,0.031559963931469794,0.1266907123534716,0.031109107303877368,0.04192966636609558,0.028854824165915238,0.04102795311091073,0.015329125338142471,0.0193868349864743,0.01848512173128945,0.019837691614066726,0.3367899008115419,0.029305680793507663,0.01848512173128945,0.045987376014427414
0.17733990147783252,0.019704433497536946,0.02910882221227049,0.12673533363188536,0.03000447828034035,0.041648007165248545,0.027765338110165697,0.041648007165248545,0.014778325123152709,0.019256605463502014,0.017465293327362293,0.020152261531571878,0.3399014778325123,0.03090013434841021,0.020600089565606806,0.042991491267353334
0.18185880250223413,0.01876675603217158,0.029490616621983913,0.12198391420911528,0.0290437890974084,0.04423592493297587,0.02770330652368186,0.04155495978552279,0.012957998212689902,0.017873100983020553,0.01653261840929401,0.01876675603217158,0.3480786416443253,0.030831099195710455,0.020107238605898123,0.040214477211796246
0.1824655095683133,0.018691588785046728,0.029372496662216287,0.12238540275923454,0.027592345349354695,0.045838896306186025,0.024922118380062305,0.04361370716510903,0.012461059190031152,0.019581664441477527,0.016466399643969738,0.018691588785046728,0.35246995994659547,0.030707610146862484,0.01824655095683133,0.03649310191366266
0.1818992420864913,0.016049933125278644,0.026749888542131076,0.12394115024520731,0.02808738296923763,0.04413731609451627,0.02541239411502452,0.043245653143111906,0.011145786892554615,0.02050824788230049,0.017833259028087384,0.020062416406598307,0.35399019170753454,0.032545697726259475,0.018724921979491754,0.03566651805617477
0.18571428571428572,0.016964285714285713,0.027232142857142858,0.12232142857142857,0.027678571428571427,0.04285714285714286,0.025892857142857145,0.039285714285714285,0.008482142857142856,0.020535714285714286,0.01830357142857143,0.020982142857142855,0.353125,0.033928571428571426,0.01875,0.03794642857142857
0.18911685994647637,0.01784121320249777,0.028099910793933987,0.11909009812667261,0.027207850133809098,0.043264942016057094,0.026761819803746655,0.03746654772524532,0.008028545941123996,0.02007136485280999,0.017395182872435324,0.021409455842997322,0.3514719000892061,0.03479036574487065,0.020517395182872437,0.03746654772524532
0.19271758436944939,0.016873889875666074,0.02708703374777975,0.12078152753108348,0.02797513321492007,0.04396092362344583,0.02664298401420959,0.03507992895204263,0.007548845470692718,0.021758436944937832,0.017317939609236235,0.021314387211367674,0.35479573712255774,0.03507992895204263,0.019094138543516874,0.03197158081705151
0.1969094922737307,0.016335540838852098,0.025165562913907286,0.11832229580573951,0.026490066225165563,0.04326710816777042,0.02384105960264901,0.03487858719646799,0.008830022075055188,0.02163355408388521,0.017660044150110375,0.02119205298013245,0.3576158940397351,0.03532008830022075,0.016335540838852098,0.03620309050772627
0.19696292987941044,0.016971862438588656,0.026797677534613668,0.12326931665922286,0.025457793657882984,0.04064314426083073,0.025011165698972757,0.034836980794997766,0.008485931219294328,0.023224653863331845,0.0160786065207682,0.02054488610987048,0.35462259937472085,0.036176864671728454,0.0160786065207682,0.034836980794997766
0.19593998234774934,0.018534863195057368,0.02559576345984113,0.1235657546337158,0.026037069726390114,0.041924095322153576,0.02383053839364519,0.03486319505736982,0.00617828773168579,0.02294792586054722,0.018534863195057368,0.018534863195057368,0.3561341571050309,0.03442188879082083,0.018976169461606355,0.03398058252427184
0.19902265659706797,0.01776988005330964,0.02310084406930253,0.12661039537983118,0.02576632607729898,0.03864948911594847,0.021768103065304308,0.03287427809862283,0.005775211017325633,0.023545091070635273,0.01776988005330964,0.019991115059973346,0.36028431808085293,0.033762772101288314,0.019991115059973346,0.03331852509995557
0.20610349402919062,0.01813356921716055,0.021229544449358692,0.12737726669615215,0.025210084033613446,0.04157452454666077,0.021229544449358692,0.034055727554179564,0.005307386112339673,0.021671826625386997,0.017691287041132243,0.017249004865103935,0.3573639982308713,0.03007518796992481,0.020344980097302078,0.03538257408226449
0.20079964460239894,0.019546868058640605,0.019991115059973346,0.13060861839182586,0.024433585073300755,0.0422034651266104,0.020435362061306087,0.03243003109729009,0.006663705019991115,0.019102621057307864,0.019102621057307864,0.01776988005330964,0.3629498000888494,0.028876055086628164,0.019546868058640605,0.03553976010661928
0.20635631154879142,0.017905102954341987,0.018800358102059087,0.13115487914055507,0.025067144136078783,0.04073410922112802,0.020143240823634737,0.03222918531781558,0.007609668755595345,0.017905102954341987,0.01611459265890779,0.017457475380483437,0.3639212175470009,0.02730528200537153,0.018352730528200537,0.03894359892569382
0.21157243816254417,0.015901060070671377,0.01678445229681979,0.12765017667844522,0.02429328621908127,0.038869257950530034,0.020318021201413426,0.03356890459363958,0.007067137809187279,0.018992932862190812,0.015901060070671377,0.017226148409893994,0.36837455830388693,0.029151943462897525,0.0176678445229682,0.03666077738515901
0.209562109025916,0.01742627345844504,0.01831992850759607,0.128686327077748,0.024128686327077747,0.04155495978552279,0.01831992850759607,0.03306523681858802,0.008936550491510277,0.01966041108132261,0.016979445933869526,0.01831992850759607,0.3646112600536193,0.02680965147453083,0.017873100983020553,0.035746201966041107
0.2116820377689943,0.018006148440931048,0.018884497145366712,0.12692138779095302,0.024154589371980676,0.041721563460693896,0.018884497145366712,0.030303030303030304,0.00922266139657444,0.01932367149758454,0.018006148440931048,0.018884497145366712,0.36495388669301715,0.026350461133069828,0.018006148440931048,0.03469477382520861
0.20743034055727555,0.01901813356921716,0.017691287041132243,0.12339672711189739,0.02565236620964175,0.042459088898717384,0.017691287041132243,0.030959752321981424,0.009287925696594427,0.021671826625386997,0.020787262273330383,0.01901813356921716,0.3653250773993808,0.02565236620964175,0.017691287041132243,0.0362671384343211
0.2060256978289765,0.01949490474080638,0.017722640673460344,0.12095702259636686,0.024811696942844484,0.03943287549844927,0.017279574656623838,0.030571555161719097,0.010633584404076208,0.020824102791315906,0.01905183872396987,0.021710234824988923,0.37173238812583076,0.026140894993354008,0.018165706690296855,0.03544528134692069
0.20088300220750552,0.019426048565121413,0.02075055187637969,0.1152317880794702,0.026490066225165563,0.037969094922737305,0.017660044150110375,0.02869757174392936,0.009271523178807948,0.02163355408388521,0.018101545253863136,0.020309050772626933,0.3783664459161148,0.025607064017660046,0.018984547461368653,0.04061810154525387
0.20294380017841213,0.019625334522747548,0.02096342551293488,0.11641391614629795,0.026761819803746655,0.0352363960749331,0.018287243532560213,0.027653880463871544,0.01159678858162355,0.023639607493309546,0.018287243532560213,0.01873327386262266,0.3760035682426405,0.02408563782337199,0.019625334522747548,0.04014272970561998
0.19510022271714922,0.017817371937639197,0.020489977728285078,0.11625835189309577,0.025389755011135856,0.037416481069042315,0.01915367483296214,0.026726057906458798,0.011581291759465479,0.023162583518930958,0.01737193763919822,0.02093541202672606,0.38084632516703787,0.027616926503340758,0.01737193763919822,0.042761692650334075
0.199288256227758,0.016903914590747332,0.018683274021352312,0.11476868327402136,0.02402135231316726,0.03603202846975089,0.016459074733096084,0.028469750889679714,0.011565836298932384,0.024466192170818506,0.017348754448398576,0.020462633451957295,0.38523131672597866,0.026690391459074734,0.017348754448398576,0.04225978647686833
0.2023121387283237,0.016896398399288574,0.019119608714984436,0.11204979991107158,0.0213428190306803,0.03201422854602046,0.017341040462427744,0.028901734104046242,0.01067140951534015,0.023121387283236993,0.01823032458870609,0.023121387283236993,0.38906180524677636,0.028012449977767896,0.015562472209871054,0.04224099599822143
0.20757238307349665,0.016035634743875277,0.019599109131403118,0.11447661469933185,0.022271714922048998,0.031180400890868598,0.016926503340757237,0.024944320712694878,0.011581291759465479,0.023162583518930958,0.019599109131403118,0.021380846325167038,0.3910913140311804,0.025389755011135856,0.015144766146993319,0.03964365256124722
0.20859444941808417,0.017009847806624886,0.018352730528200537,0.11548791405550582,0.019695613249776187,0.02954341987466428,0.01656222023276634,0.024171888988361683,0.011190689346463742,0.019695613249776187,0.019695613249776187,0.022381378692927483,0.39480752014324083,0.025962399283795883,0.01566696508504924,0.04118173679498657
0.209375,0.01607142857142857,0.016517857142857143,0.115625,0.019196428571428573,0.030357142857142857,0.015625,0.023214285714285715,0.011160714285714286,0.02142857142857143,0.019642857142857142,0.02142857142857143,0.4,0.025,0.016517857142857143,0.038839285714285715
0.2132385606397157,0.0173256330519769,0.016437139049311416,0.11106175033318526,0.0173256330519769,0.03065304309195913,0.014215904042647711,0.02265659706796979,0.011550422034651266,0.019991115059973346,0.019546868058640605,0.02265659706796979,0.4029320302087961,0.023545091070635273,0.015548645046645935,0.041314971123944916
0.20972780008924588,0.015618027666220438,0.016956715751896476,0.11289602855867917,0.018295403837572513,0.029451137884872823,0.01606425702811245,0.023650156180276664,0.011601963409192326,0.02186523873270861,0.01963409192324855,0.0214190093708166,0.40473003123605533,0.024096385542168676,0.012940651494868362,0.04105310129406515
0.21816562778272486,0.015583259127337488,0.017364203027604632,0.11353517364203028,0.018699910952804988,0.029385574354407838,0.014692787177203919,0.02315227070347284,0.01068566340160285,0.022707034728406055,0.01914514692787177,0.0213713268032057,0.40071237756010686,0.022707034728406055,0.01157613535173642,0.040516473731077474
0.2174107142857143,0.014732142857142857,0.01607142857142857,0.11607142857142858,0.01875,0.02857142857142857,0.013392857142857142,0.022767857142857142,0.011160714285714286,0.023214285714285715,0.016517857142857143,0.020982142857142855,0.40669642857142857,0.02142857142857143,0.011607142857142858,0.040625
0.22060123784261715,0.015030946065428824,0.015030946065428824,0.11317418213969938,0.01900972590627763,0.027851458885941646,0.015030946065428824,0.022104332449160036,0.011052166224580018,0.021662245800176835,0.016357206012378427,0.022546419098143235,0.40539345711759506,0.022104332449160036,0.011052166224580018,0.041998231653404064
0.2190137716570413,0.016437139049311416,0.016437139049311416,0.11106175033318526,0.01821412705464238,0.02665482007996446,0.013771657041314972,0.019102621057307864,0.011106175033318524,0.02310084406930253,0.014660151043980453,0.02265659706796979,0.4127054642381164,0.02265659706796979,0.011994669035984007,0.04042647712127943
0.22404614019520852,0.016415261756876662,0.014640638864241348,0.11490683229813664,0.019077196095829637,0.024844720496894408,0.01419698314108252,0.01685891748003549,0.01064773735581189,0.021739130434782608,0.015084294587400177,0.02129547471162378,0.4134871339840284,0.023070097604259095,0.011091393078970719,0.0385980479148181
0.22438162544169613,0.015017667844522967,0.016342756183745585,0.11263250883392226,0.019434628975265017,0.02429328621908127,0.013692579505300354,0.015017667844522967,0.007950530035335688,0.02075971731448763,0.017226148409893994,0.022968197879858657,0.4209363957597173,0.023851590106007067,0.007508833922261484,0.037985865724381625
0.22545134302069572,0.016292382210479964,0.016292382210479964,0.11404667547335975,0.02025539409951563,0.02686041391457508,0.013650374284456186,0.015411712901805373,0.007926023778071334,0.02025539409951563,0.016292382210479964,0.023337736679876705,0.4218405988551299,0.019815059445178335,0.007045354469396741,0.03522677234698371
0.22859664607237423,0.01676963812886143,0.01323918799646955,0.1204766107678729,0.019858781994704325,0.02383053839364519,0.012797881729920565,0.01412180052956752,0.00794351279788173,0.018976169461606355,0.0176522506619594,0.025154457193292144,0.4201235657546337,0.019417475728155338,0.00706090026478376,0.03398058252427184
0.22910216718266255,0.015037593984962405,0.01238390092879257,0.12251216275984078,0.01901813356921716,0.02344095532950022,0.013268465280849183,0.013710747456877488,0.009287925696594427,0.01901813356921716,0.017691287041132243,0.025210084033613446,0.42149491375497566,0.019460415745245468,0.007076514816452897,0.03228659885006634
0.2285077951002227,0.015144766146993319,0.013363028953229399,0.11848552338530066,0.017817371937639197,0.021380846325167038,0.014699331848552339,0.015144766146993319,0.008463251670378619,0.01826280623608018,0.01826280623608018,0.024944320712694878,0.42761692650334077,0.0200445434298441,0.0075723830734966595,0.030289532293986638
0.2266489597166888,0.014608233731739707,0.01416555998229305,0.12040725984949092,0.01859229747675963,0.023019034971226208,0.015050907481186366,0.013280212483399735,0.00796812749003984,0.0199203187250996,0.017264276228419653,0.02656042496679947,0.4262948207171315,0.0199203187250996,0.007082779991146525,0.029216467463479414
0.2272120942641174,0.013339261894175189,0.014673188083592708,0.12094264117385504,0.018674966651845263,0.021787461093819474,0.014673188083592708,0.013783903957314362,0.009337483325922631,0.020453534904401955,0.015562472209871054,0.027567807914628723,0.4255224544241885,0.020898176967541128,0.007114273010226767,0.02845709204090707
0.23469387755102042,0.013309671694764862,0.01419698314108252,0.12023070097604259,0.019077196095829637,0.019077196095829637,0.012866015971606033,0.013309671694764862,0.01064773735581189,0.019964507542147295,0.015971606033717833,0.025288376220053237,0.42369121561668144,0.021739130434782608,0.0075421472937000885,0.02839396628216504
0.230193661971831,0.012764084507042254,0.014524647887323943,0.12059859154929578,0.01716549295774648,0.020246478873239437,0.011883802816901408,0.014524647887323943,0.01232394366197183,0.018045774647887324,0.018045774647887324,0.025528169014084508,0.42561619718309857,0.02112676056338028,0.006602112676056338,0.030809859154929578
0.22934973637961337,0.012302284710017574,0.012741652021089631,0.11775043936731107,0.01625659050966608,0.021528998242530756,0.012302284710017574,0.014938488576449912,0.013620386643233744,0.01625659050966608,0.020210896309314587,0.021528998242530756,0.4345342706502636,0.01977152899824253,0.007029876977152899,0.029876977152899824
0.2338638373121132,0.013704686118479222,0.014588859416445624,0.11317418213969938,0.015030946065428824,0.022988505747126436,0.011936339522546418,0.013704686118479222,0.014146772767462422,0.018125552608311227,0.021220159151193633,0.023430592396109638,0.42572944297082227,0.01989389920424403,0.007073386383731211,0.03138815207780725
0.23670212765957446,0.01374113475177305,0.01551418439716312,0.10726950354609929,0.01551418439716312,0.022163120567375887,0.012411347517730497,0.014627659574468085,0.013297872340425532,0.019060283687943262,0.0199468085106383,0.02171985815602837,0.42730496453900707,0.02127659574468085,0.008865248226950355,0.030585106382978722
0.23073496659242762,0.014253897550111359,0.014699331848552339,0.1091314031180401,0.014699331848552339,0.024498886414253896,0.013808463251670379,0.01648106904231626,0.012917594654788419,0.018708240534521157,0.019599109131403118,0.023608017817371936,0.4258351893095768,0.020489977728285078,0.008463251670378619,0.032071269487750555
0.22924028268551236,0.015459363957597174,0.014134275618374558,0.1073321554770318,0.015901060070671377,0.023851590106007067,0.013250883392226149,0.01678445229681979,0.014134275618374558,0.018109540636042403,0.01987632508833922,0.022084805653710248,0.428886925795053,0.022084805653710248,0.007950530035335688,0.030918727915194347
