C_R,C_A,C_S,C_N,D_R,D_A,D_S,D_N,Oc_R,Oc_A,Oc_S,Oc_N,Od_R,Od_A,Od_S,Od_N
0.0,0.0,0.0,0.0,0.0,0.0,0.0,0.0,0.0,1.0,0.0,0.0,0.0,0.0,0.0,0.0
0.0,0.0,0.0,0.0,0.0,0.0,0.0,0.0,0.0,0.5,0.0,0.0,0.5,0.0,0.0,0.0
0.0,0.0,0.0,0.0,0.0,0.0,0.0,0.0,0.0,0.25,0.0,0.0,0.75,0.0,0.0,0.0
0.0,0.0,0.0,0.0,0.0,0.0,0.0,0.0,0.0,0.3333333333333333,0.0,0.0,0.6666666666666666,0.0,0.0,0.0
0.0,0.0,0.0,0.0,0.0,0.0,0.0,0.0,0.0,0.26666666666666666,0.0,0.0,0.6,0.13333333333333333,0.0,0.0
0.0,0.0,0.09090909090909091,0.0,0.0,0.0,0.0,0.0,0.0,0.3181818181818182,0.0,0.0,0.5454545454545454,0.045454545454545456,0.0,0.0
0.0,0.0,0.11764705882352941,0.0,0.0,0.0,0.0,0.0,0.0,0.2647058823529412,0.0,0.0,0.5588235294117647,0.029411764705882353,0.029411764705882353,0.0
0.0,0.0,0.10909090909090909,0.0,0.0,0.0,0.0,0.0,0.0,0.21818181818181817,0.0,0.03636363636363636,0.5818181818181818,0.01818181818181818,0.03636363636363636,0.0
0.0,0.0,0.11627906976744186,0.0,0.023255813953488372,0.0,0.0,0.0,0.0,0.19767441860465115,0.0,0.023255813953488372,0.5465116279069767,0.023255813953488372,0.046511627906976744,0.023255813953488372
0.0,0.017241379310344827,0.1206896551724138,0.0,0.017241379310344827,0.0,0.0,0.0,0.0,0.1896551724137931,0.0,0.017241379310344827,0.5431034482758621,0.017241379310344827,0.0603448275862069,0.017241379310344827
0.0,0.01875,0.1125,0.0,0.01875,0.00625,0.0,0.00625,0.0,0.19375,0.00625,0.00625,0.53125,0.01875,0.06875,0.0125
0.0,0.037037037037037035,0.09722222222222222,0.0,0.023148148148148147,0.004629629629629629,0.0,0.004629629629629629,0.0,0.19444444444444445,0.004629629629629629,0.009259259259259259,0.5231481481481481,0.023148148148148147,0.06481481481481481,0.013888888888888888
0.0,0.043010752688172046,0.0931899641577061,0.0,0.02867383512544803,0.0035842293906810036,0.0,0.007168458781362007,0.0,0.17562724014336917,0.007168458781362007,0.007168458781362007,0.5232974910394266,0.02867383512544803,0.07885304659498207,0.0035842293906810036
0.0,0.05070422535211268,0.09577464788732394,0.0,0.03380281690140845,0.0028169014084507044,0.0028169014084507044,0.014084507042253521,0.0,0.15774647887323945,0.008450704225352112,0.005633802816901409,0.504225352112676,0.04507042253521127,0.07323943661971831,0.005633802816901409
0.0,0.059770114942528735,0.08735632183908046,0.0,0.04367816091954023,0.0,0.0022988505747126436,0.01839080459770115,0.0,0.15632183908045977,0.006896551724137931,0.009195402298850575,0.4804597701149425,0.05747126436781609,0.0735632183908046,0.004597701149425287
0.0,0.06099815157116451,0.08687615526802218,0.0,0.04436229205175601,0.0036968576709796672,0.0018484288354898336,0.025878003696857672,0.0036968576709796672,0.15157116451016636,0.009242144177449169,0.009242144177449169,0.4584103512014787,0.06099815157116451,0.07948243992606285,0.0036968576709796672
0.0,0.06103286384976526,0.081377151799687,0.001564945226917058,0.04538341158059468,0.003129890453834116,0.001564945226917058,0.026604068857589983,0.00782472613458529,0.14553990610328638,0.014084507042253521,0.009389671361502348,0.45539906103286387,0.056338028169014086,0.08763693270735524,0.003129890453834116
0.002638522427440633,0.0633245382585752,0.08311345646437995,0.0013192612137203166,0.04353562005277045,0.0013192612137203166,0.0013192612137203166,0.032981530343007916,0.005277044854881266,0.15303430079155672,0.017150395778364115,0.009234828496042216,0.42744063324538256,0.06068601583113457,0.09498680738786279,0.002638522427440633
0.0034924330616996507,0.059371362048894066,0.08498253783469151,0.0011641443538998836,0.047729918509895226,0.0011641443538998836,0.0011641443538998836,0.037252619324796274,0.008149010477299184,0.15715948777648428,0.018626309662398137,0.008149010477299184,0.409778812572759,0.06519208381839348,0.09545983701979045,0.0011641443538998836
0.007231404958677686,0.058884297520661155,0.08471074380165289,0.0010330578512396695,0.04338842975206612,0.0030991735537190084,0.0010330578512396695,0.05268595041322314,0.010330578512396695,0.1518595041322314,0.022727272727272728,0.012396694214876033,0.3884297520661157,0.06508264462809918,0.09400826446280992,0.0030991735537190084
0.008241758241758242,0.056776556776556776,0.08424908424908426,0.0009157509157509158,0.04487179487179487,0.004578754578754579,0.0018315018315018315,0.05860805860805861,0.010073260073260074,0.14743589743589744,0.023809523809523808,0.014652014652014652,0.3708791208791209,0.07326007326007326,0.09706959706959707,0.0027472527472527475
0.010466988727858293,0.05394524959742351,0.08454106280193237,0.001610305958132045,0.04830917874396135,0.005636070853462158,0.0024154589371980675,0.06763285024154589,0.013687600644122383,0.14492753623188406,0.024154589371980676,0.01610305958132045,0.3534621578099839,0.06924315619967794,0.10225442834138486,0.001610305958132045
0.014524328249818447,0.050835148874364564,0.08424110384894698,0.002178649237472767,0.04793028322440087,0.00944081336238199,0.0036310820624546117,0.07625272331154684,0.013071895424836602,0.14161220043572983,0.027596223674655047,0.01815541031227306,0.3485838779956427,0.06172839506172839,0.09586056644880174,0.004357298474945534
0.019749835418038184,0.04542462146148782,0.08229098090849243,0.0019749835418038184,0.04937458854509546,0.009874917709019092,0.003949967083607637,0.07899934167215274,0.016458196181698487,0.14549045424621462,0.030941408821593155,0.017116524028966424,0.3357472021066491,0.06056616194865043,0.09743252139565503,0.004608294930875576
0.024360535931790498,0.04202192448233861,0.08587088915956151,0.00243605359317905,0.04933008526187576,0.011571254567600487,0.0036540803897685747,0.07429963459196103,0.01705237515225335,0.14007308160779536,0.03349573690621194,0.01766138855054811,0.3258221680876979,0.06272838002436054,0.10475030450669914,0.0048721071863581
0.026106696935300794,0.043132803632236094,0.08342792281498297,0.00510783200908059,0.049943246311010214,0.01532349602724177,0.0028376844494892167,0.07775255391600454,0.016458569807037457,0.13507377979568672,0.03916004540295119,0.019296254256526674,0.3206583427922815,0.05902383654937571,0.1021566401816118,0.004540295119182747
0.028556319407720784,0.04230565838180857,0.08461131676361713,0.007932310946589107,0.04970914859862507,0.01639344262295082,0.004230565838180857,0.08196721311475409,0.017979904812268643,0.13008989952406133,0.040719196192490745,0.021152829190904283,0.3183500793231095,0.05446853516657853,0.09571655208884189,0.005817028027498678
0.03372508942258559,0.03781297904956566,0.08226877874297393,0.010219724067450179,0.05263157894736842,0.018395503321410323,0.005109862033725089,0.08175779253960143,0.017373530914665303,0.1267245784363822,0.04803270311701584,0.020950434338272865,0.3127235564639755,0.05263157894736842,0.09402146142054164,0.005620848237097598
0.035766070565490575,0.041082648622522956,0.0874818753020783,0.01014983083615273,0.05123247945867569,0.02416626389560174,0.006766553890768487,0.07974867085548575,0.017399710004833254,0.125181246979217,0.04688255195746738,0.020782986950217495,0.3001449975833736,0.05268245529241179,0.09424842919284679,0.006283228612856452
0.03840749414519906,0.03981264637002342,0.08149882903981265,0.010772833723653397,0.05245901639344262,0.02529274004683841,0.005620608899297424,0.07868852459016394,0.01826697892271663,0.12318501170960187,0.05011709601873536,0.020608899297423888,0.31053864168618267,0.05105386416861827,0.08758782201405152,0.006088992974238876
0.03903767589650477,0.03949160236041761,0.08397639582387653,0.010894235133908307,0.050385837494325916,0.026327734906945077,0.004993191103041307,0.08216068996822515,0.02088061733999092,0.12029051293690422,0.050385837494325916,0.019064911484339538,0.3109396277802996,0.04902405810258738,0.08579210167952792,0.006354970494779845
0.040870724122612175,0.03953798311861395,0.08040870724122612,0.010217681030653044,0.05553087516659263,0.02798756108396268,0.0053309640159928924,0.08529542425588628,0.02265659706796979,0.11461572634384717,0.05286539315859618,0.019546868058640605,0.3056419369169258,0.050199911150599734,0.08396268325188805,0.0053309640159928924
0.04309195912927588,0.037760995113282986,0.08262994224788983,0.011550422034651266,0.054198134162594405,0.028876055086628164,0.005775211017325633,0.08218569524655708,0.023545091070635273,0.1181697023545091,0.05153265215459796,0.019102621057307864,0.30608618391825854,0.047090182141270545,0.08218569524655708,0.006219458018658374
0.0437636761487965,0.03894967177242888,0.08402625820568928,0.01225382932166302,0.052954048140043765,0.02888402625820569,0.006564551422319475,0.08271334792122538,0.022319474835886213,0.11422319474835886,0.04901531728665208,0.021444201312910284,0.30765864332603937,0.04726477024070022,0.08052516411378556,0.007439824945295405
0.04523281596452328,0.040354767184035474,0.08337028824833703,0.012416851441241685,0.05277161862527716,0.029711751662971176,0.00753880266075388,0.08470066518847007,0.022172949002217297,0.11441241685144124,0.05188470066518847,0.021729490022172948,0.29977827050997785,0.04301552106430155,0.08292682926829269,0.007982261640798226
0.0451952610794208,0.04168494953927161,0.08249232119350593,0.012724879333040808,0.055287406757349715,0.0298376480912681,0.009214567792891619,0.0785432207108381,0.023255813953488372,0.11276875822729267,0.05089951733216323,0.022817025010969723,0.298376480912681,0.046511627906976744,0.08249232119350593,0.007898200965335674
0.04793315743183817,0.04221635883905013,0.08267370272647317,0.013632365875109938,0.052330694810905895,0.029463500439753737,0.009234828496042216,0.08135444151275285,0.02198768689533861,0.11345646437994723,0.052330694810905895,0.023746701846965697,0.2941952506596306,0.047053649956024624,0.08091468777484609,0.007475813544415127
0.048769771528998244,0.0421792618629174,0.0804042179261863,0.014059753954305799,0.05228471001757469,0.027680140597539545,0.01054481546572935,0.07864674868189807,0.02240773286467487,0.11203866432337434,0.0531634446397188,0.024165202108963092,0.29789103690685415,0.04789103690685413,0.07952548330404217,0.008347978910369069
0.05353225098727512,0.04256252742430891,0.08161474330846863,0.01184730144800351,0.054848617814831066,0.030276437033786747,0.011408512505484861,0.0785432207108381,0.022378236068451074,0.11145239139973673,0.05309346204475647,0.022817025010969723,0.2966213251426064,0.04475647213690215,0.0741553312856516,0.010092145677928916
0.051982378854625554,0.04140969162995595,0.07973568281938326,0.01277533039647577,0.05330396475770925,0.03039647577092511,0.011894273127753305,0.07841409691629955,0.02555066079295154,0.10837004405286343,0.05418502202643172,0.022466960352422908,0.2964757709251101,0.04889867841409692,0.07356828193832599,0.010572687224669603
0.054328621908127206,0.04107773851590106,0.0803886925795053,0.013692579505300354,0.04991166077738516,0.03180212014134275,0.01060070671378092,0.07862190812720848,0.026060070671378093,0.10424028268551237,0.052120141342756186,0.023851590106007067,0.2968197879858657,0.05035335689045936,0.07508833922261485,0.011042402826855124
0.05307017543859649,0.04078947368421053,0.07982456140350877,0.014473684210526316,0.04912280701754386,0.03289473684210526,0.010964912280701754,0.08070175438596491,0.02631578947368421,0.10175438596491228,0.04956140350877193,0.02324561403508772,0.30043859649122806,0.05131578947368421,0.07236842105263158,0.013157894736842105
0.04982363315696649,0.041005291005291,0.07892416225749559,0.013227513227513227,0.048500881834215165,0.036155202821869487,0.011022927689594356,0.07936507936507936,0.02821869488536155,0.09964726631393298,0.050705467372134036,0.023368606701940034,0.2998236331569665,0.053791887125220456,0.07142857142857142,0.014991181657848324
0.05302695536897923,0.04021210782147592,0.07998232434821034,0.014140521431727796,0.04904993371630579,0.03667697746354397,0.012372956252761821,0.0830755634114008,0.0273972602739726,0.09765797613787008,0.05081749889527176,0.023862129916040652,0.29916040653999115,0.047724259832081305,0.06981882456915599,0.015024304021210782
0.051822573561704,0.04040404040404041,0.07729468599033816,0.014492753623188406,0.046991655687307864,0.03689064558629776,0.010979358805445762,0.08168642951251646,0.029424681598594644,0.09881422924901186,0.048748353096179184,0.023276240667545016,0.3025911286780852,0.05006587615283267,0.07114624505928854,0.015371102327624066
0.05019815059445178,0.04051078819903126,0.08014090708938794,0.014090708938793483,0.05019815059445178,0.0361074416556583,0.010568031704095112,0.08102157639806253,0.029502421840598855,0.09819462791721709,0.047556142668428,0.022016732716864818,0.3038309114927345,0.05063848524878908,0.06957287538529282,0.015852047556142668
0.052330694810905895,0.040897097625329816,0.07695690413368514,0.014072119613016711,0.04793315743183817,0.03781882145998241,0.011873350923482849,0.08003518029903255,0.028583992963940194,0.10070360598065084,0.05013192612137203,0.024626209322779244,0.2994722955145119,0.04925241864555849,0.06904133685136324,0.016270888302550572
0.052353717553893536,0.040475142982842056,0.075230972283326,0.01627804663440387,0.048834139903211615,0.039595248570171576,0.012318521777386713,0.07919049714034315,0.029916410030796304,0.09678838539375274,0.049714034315882095,0.024197096348438186,0.30136383633963926,0.047074351077870655,0.06995160580730313,0.01671799384073911
0.05577514273166447,0.043039086517347384,0.07817303469477382,0.01668862538427756,0.050944224857268336,0.03820816864295125,0.013614404918752744,0.07992973210364515,0.029424681598594644,0.09354413702239789,0.04830917874396135,0.025032938076416336,0.29556433904259993,0.04743083003952569,0.06719367588932806,0.017127799736495388
0.05506607929515418,0.04229074889867841,0.07533039647577093,0.015859030837004406,0.05110132158590308,0.03656387665198238,0.01629955947136564,0.07841409691629955,0.028634361233480177,0.09559471365638766,0.04801762114537445,0.027753303964757708,0.2955947136563877,0.04757709251101322,0.06696035242290749,0.01894273127753304
0.05309734513274336,0.04247787610619469,0.0747787610619469,0.015486725663716814,0.050442477876106194,0.03805309734513274,0.018141592920353982,0.07787610619469026,0.028761061946902654,0.09424778761061947,0.045575221238938056,0.02654867256637168,0.3017699115044248,0.046460176991150445,0.06725663716814159,0.01902654867256637
0.0534045393858478,0.040498442367601244,0.0774365821094793,0.017801513128615932,0.04806408544726302,0.036048064085447265,0.018691588785046728,0.07610146862483311,0.02892745883400089,0.09657320872274143,0.04895416110369381,0.023141967067200713,0.3008455718736093,0.04672897196261682,0.06764574988874054,0.01913662661326213
0.05398230088495575,0.04292035398230089,0.07389380530973451,0.017699115044247787,0.048672566371681415,0.03274336283185841,0.01902654867256637,0.07743362831858407,0.02831858407079646,0.09336283185840707,0.047345132743362835,0.024336283185840708,0.2995575221238938,0.047787610619469026,0.07035398230088495,0.02256637168141593
0.05818022747156605,0.04068241469816273,0.07305336832895888,0.01968503937007874,0.051618547681539804,0.031933508311461065,0.017935258092738406,0.07392825896762904,0.02799650043744532,0.09098862642169729,0.046806649168853895,0.023622047244094488,0.3022747156605424,0.050306211723534555,0.06911636045494313,0.021872265966754154
0.054988913525498895,0.043458980044345896,0.07317073170731707,0.020399113082039913,0.04966740576496674,0.027937915742793792,0.016407982261640797,0.0762749445676275,0.03015521064301552,0.09578713968957872,0.04700665188470066,0.022172949002217297,0.29977827050997785,0.05144124168514413,0.06962305986696231,0.021729490022172948
0.05897887323943662,0.0448943661971831,0.06998239436619719,0.022007042253521125,0.05237676056338028,0.030809859154929578,0.014964788732394365,0.07306338028169014,0.032130281690140844,0.09286971830985916,0.045774647887323945,0.021566901408450703,0.29577464788732394,0.05017605633802817,0.07042253521126761,0.02420774647887324
0.06020362992474546,0.045595396193005754,0.07215582115980522,0.023461708720672863,0.05046480743691899,0.029216467463479414,0.015050907481186366,0.07702523240371846,0.029659141212926073,0.09251881363435148,0.0451527224435591,0.021248339973439574,0.2912793271359008,0.051350154935812305,0.06994245241257194,0.025675077467906152
0.058098591549295774,0.04445422535211268,0.07482394366197183,0.023767605633802816,0.05149647887323944,0.03301056338028169,0.013644366197183098,0.0761443661971831,0.030809859154929578,0.09154929577464789,0.04753521126760563,0.022007042253521125,0.28741197183098594,0.04929577464788732,0.07042253521126761,0.025528169014084508
0.054256726951918834,0.044993383325981476,0.07675341861490957,0.02293780326422585,0.04719894133215704,0.033083370092633436,0.014556682840758712,0.07719453021614468,0.02999558888398765,0.09395677106307895,0.04675782973092192,0.022055580061755623,0.2911336568151742,0.050727834142037936,0.06969563299514778,0.024702249669166298
0.05822673136303485,0.04631671812968681,0.07631230701367446,0.024261138067931187,0.04675782973092192,0.03396559329510366,0.016321129245699163,0.07851786501985002,0.02690780767534186,0.08778120864578738,0.0458756065284517,0.023820026466696075,0.286281429201588,0.05116894574327305,0.06925452139391267,0.0282311424790472
0.05333333333333334,0.04711111111111111,0.07644444444444444,0.02711111111111111,0.048,0.03288888888888889,0.014666666666666666,0.07866666666666666,0.023555555555555555,0.09066666666666667,0.044,0.02311111111111111,0.2937777777777778,0.04888888888888889,0.06888888888888889,0.028888888888888888
0.054988913525498895,0.04878048780487805,0.0762749445676275,0.026607538802660754,0.04789356984478936,0.03015521064301552,0.013303769401330377,0.07982261640798226,0.02483370288248337,0.0917960088691796,0.04789356984478936,0.02616407982261641,0.2909090909090909,0.04611973392461197,0.06696230598669622,0.027494456762749447
0.05406593406593407,0.046153846153846156,0.07604395604395604,0.027252747252747254,0.04791208791208791,0.03164835164835165,0.012307692307692308,0.08,0.025054945054945054,0.090989010989011,0.046153846153846156,0.025494505494505496,0.29406593406593406,0.04527472527472527,0.06857142857142857,0.029010989010989013
0.05353982300884956,0.048230088495575224,0.08185840707964602,0.028761061946902654,0.047787610619469026,0.028761061946902654,0.01327433628318584,0.08185840707964602,0.02256637168141593,0.08849557522123894,0.046902654867256637,0.02566371681415929,0.2845132743362832,0.046902654867256637,0.07035398230088495,0.030530973451327433
0.05284191829484902,0.047957371225577264,0.08126110124333925,0.02975133214920071,0.0452930728241563,0.02708703374777975,0.012877442273534635,0.07770870337477798,0.023090586145648313,0.09369449378330373,0.04706927175843695,0.02575488454706927,0.2895204262877442,0.04662522202486678,0.06616341030195382,0.03330373001776199
0.051011433597185574,0.04793315743183817,0.08267370272647317,0.0316622691292876,0.04617414248021108,0.028583992963940194,0.013192612137203167,0.0760773966578716,0.024186455584872472,0.09278803869832894,0.04969217238346526,0.023306948109058926,0.29023746701846964,0.04793315743183817,0.06200527704485488,0.032541776605101144
0.050522648083623695,0.04921602787456446,0.08101045296167247,0.028745644599303136,0.04529616724738676,0.028745644599303136,0.014808362369337979,0.0744773519163763,0.02613240418118467,0.09451219512195122,0.050522648083623695,0.023083623693379792,0.2857142857142857,0.047038327526132406,0.06402439024390244,0.03614982578397213
0.055283102987070884,0.049041462327240305,0.07935800267498885,0.028979045920642,0.045474810521622826,0.028533214444939812,0.01560410164957646,0.07623718234507357,0.02808738296923763,0.0927329469460544,0.0463664734730272,0.023629068212215783,0.28979045920642,0.04502897904592064,0.06152474364690147,0.034329023629068214
0.05513895015438906,0.04808116453462726,0.07675341861490957,0.02646669607410675,0.04543449492721659,0.02867225408028231,0.017203352448169385,0.07719453021614468,0.02999558888398765,0.09439788266431408,0.048963387737097484,0.024261138067931187,0.2867225408028231,0.044111160123511246,0.06219673577415086,0.03440670489633877
0.05277161862527716,0.04878048780487805,0.07760532150776053,0.027937915742793792,0.04390243902439024,0.03015521064301552,0.014634146341463415,0.07849223946784922,0.028824833702882482,0.09800443458980045,0.04789356984478936,0.02483370288248337,0.28736141906873613,0.04212860310421286,0.06341463414634146,0.03325942350332594
0.05482456140350877,0.05043859649122807,0.08070175438596491,0.031140350877192982,0.043859649122807015,0.029385964912280703,0.016228070175438595,0.07719298245614035,0.03070175438596491,0.09649122807017543,0.04736842105263158,0.02324561403508772,0.2820175438596491,0.04078947368421053,0.06315789473684211,0.03245614035087719
0.05550699300699301,0.04807692307692308,0.08173076923076923,0.032342657342657344,0.04326923076923077,0.031031468531468532,0.018356643356643356,0.07517482517482517,0.02972027972027972,0.09527972027972027,0.05026223776223776,0.02403846153846154,0.27884615384615385,0.04501748251748252,0.06031468531468531,0.031031468531468532
0.061314512571680635,0.04764005293339215,0.0776356418173798,0.033083370092633436,0.043670048522276135,0.031760035288928096,0.018526687251874726,0.0741067490074989,0.02999558888398765,0.09704455227172475,0.04852227613586237,0.024702249669166298,0.2779003087781209,0.04278782531980591,0.060873400970445524,0.030436700485222762
0.05905511811023622,0.046806649168853895,0.07917760279965004,0.031933508311461065,0.04330708661417323,0.031933508311461065,0.016185476815398076,0.07217847769028872,0.03062117235345582,0.09667541557305337,0.048556430446194225,0.023622047244094488,0.28433945756780404,0.04374453193350831,0.06167979002624672,0.030183727034120734
0.056768558951965066,0.046724890829694325,0.08209606986899563,0.03449781659388646,0.04323144104803493,0.0314410480349345,0.013973799126637555,0.07205240174672489,0.031004366812227076,0.0943231441048035,0.05152838427947598,0.02576419213973799,0.28078602620087334,0.043668122270742356,0.06375545851528384,0.028384279475982533
0.05908485117725455,0.043980453131941356,0.07774322523322967,0.0346512661039538,0.043980453131941356,0.03065304309195913,0.016437139049311416,0.07063527321190582,0.03243003109729009,0.09551310528653932,0.0519768991559307,0.025322079075966238,0.27898711683696137,0.04797867614393603,0.060417592181252776,0.030208796090626388
0.060044150110375276,0.04812362030905077,0.07328918322295806,0.03443708609271523,0.04370860927152318,0.03090507726269316,0.01456953642384106,0.06931567328918323,0.031788079470198675,0.09359823399558499,0.052980132450331126,0.024282560706401765,0.2869757174392936,0.05033112582781457,0.05562913907284768,0.030022075055187638
0.060884800700832235,0.05081033727551467,0.07709154621112571,0.03416557161629435,0.045116075339465614,0.02847130968024529,0.01401664476565922,0.06964520367936924,0.03153745072273324,0.08979413053000437,0.04993429697766097,0.025843188786684186,0.28602715724923344,0.05081033727551467,0.05431449846692948,0.03153745072273324
0.06363234644277507,0.04728236853733982,0.07335395492708793,0.034025629695095004,0.04507291206363235,0.029164825452938577,0.0136986301369863,0.06981882456915599,0.029606716747680072,0.09500662836942113,0.04904993371630579,0.023862129916040652,0.2845779938135219,0.05125939019001326,0.05567830313742819,0.034909412284577994
0.06613756613756613,0.04894179894179894,0.07451499118165784,0.03439153439153439,0.042328042328042326,0.03130511463844797,0.01455026455026455,0.06966490299823633,0.029541446208112873,0.09215167548500881,0.05202821869488536,0.024691358024691357,0.27821869488536155,0.05291005291005291,0.05423280423280423,0.03439153439153439
0.06654914059056853,0.048920229175848394,0.07051564565888056,0.03305420890260027,0.044072278536800354,0.02908770383428823,0.014543851917144116,0.07227853680035258,0.02908770383428823,0.09563684442485676,0.05376817981489643,0.027324812692816218,0.2772146319964742,0.049801674746584396,0.05420890260026443,0.03393565447333627
0.06557377049180328,0.046964997784669914,0.07133362871067789,0.035002215330084185,0.043420469649977846,0.03145768719539211,0.014178112538768276,0.07000443066016837,0.030128489144882586,0.09304386353566682,0.05449712007089056,0.027470093043863535,0.2773593265396544,0.048294195835179445,0.057598582188746125,0.033673017279574655
0.06414253897550111,0.04721603563474387,0.07082405345211581,0.0378619153674833,0.046325167037861915,0.032071269487750555,0.015590200445434299,0.06592427616926504,0.029844097995545656,0.09398663697104677,0.05211581291759466,0.028507795100222718,0.2734966592427617,0.04899777282850779,0.055233853006681516,0.0378619153674833
0.06266548984995587,0.04589585172109444,0.07325684024713151,0.03618711385701677,0.04501323918799647,0.03133274492497794,0.0176522506619594,0.06972639011473963,0.028684907325684024,0.09135039717563989,0.052515445719329215,0.029567519858781994,0.27758164165931154,0.04854368932038835,0.052515445719329215,0.03751103265666372
0.06404593639575971,0.04726148409893993,0.07420494699646643,0.03842756183745583,0.044169611307420496,0.03312720848056537,0.018109540636042403,0.07022968197879859,0.026060070671378093,0.09496466431095406,0.053886925795053005,0.02871024734982332,0.2742932862190813,0.045936395759717315,0.04858657243816254,0.037985865724381625
0.06899601946041574,0.04467049977885891,0.07474568774878372,0.0362671384343211,0.047766475011057054,0.034055727554179564,0.01901813356921716,0.0725342768686422,0.02565236620964175,0.09199469261388767,0.04820875718708536,0.02786377708978328,0.27288810260946483,0.048651039363113664,0.04909332153914197,0.03759398496240601
0.06537955243527863,0.046072838964458095,0.0750329091706889,0.03773584905660377,0.046072838964458095,0.03290917068889864,0.019745502413339184,0.07240017551557701,0.025888547608600262,0.09126810004387889,0.04826678367705134,0.028521281263712155,0.27292672224659936,0.050460728389644584,0.046511627906976744,0.040807371654234315
0.06634016028495103,0.04853072128227961,0.07435440783615316,0.03829029385574354,0.05075690115761353,0.03294746215494212,0.0213713268032057,0.06589492430988424,0.027604630454140695,0.09216384683882457,0.048975957257346395,0.024487978628673197,0.27337488869100623,0.05031166518254675,0.04541406945681211,0.039180765805877114
0.07127144742630884,0.04663440387153542,0.07435107787065552,0.03915530136383634,0.04927408710954685,0.03167619885613726,0.02111746590409151,0.06467223933128025,0.024637043554773426,0.08974923009238892,0.051473823141223056,0.026396832380114386,0.27276726792784867,0.051473823141223056,0.04663440387153542,0.0387153541575011
0.07221006564551423,0.04638949671772429,0.07527352297592997,0.03588621444201313,0.04989059080962801,0.03194748358862144,0.022319474835886213,0.06389496717724288,0.0262582056892779,0.09102844638949671,0.051203501094091906,0.026695842450765863,0.2700218818380744,0.051203501094091906,0.05076586433260394,0.0350109409190372
0.0726950354609929,0.04343971631205674,0.07712765957446809,0.03945035460992908,0.04964539007092199,0.034131205673758866,0.020833333333333332,0.060726950354609927,0.02526595744680851,0.09352836879432624,0.05053191489361702,0.026152482269503546,0.2765957446808511,0.047429078014184396,0.047872340425531915,0.034574468085106384
0.07283896445809565,0.0434401053093462,0.0776656428258008,0.03729706011408512,0.051338306274681875,0.036419482229047825,0.02150065818341378,0.06274681878016675,0.025449758666081616,0.09565598946906538,0.04870557261956999,0.028521281263712155,0.26897762176393153,0.04826678367705134,0.046072838964458095,0.035103115401491886
0.07699076110866696,0.04223493180818302,0.07787065552133744,0.03915530136383634,0.050593928728552576,0.03607567091948966,0.02111746590409151,0.06291245050593929,0.026836779586449627,0.09458864936207655,0.04355477342718874,0.029916410030796304,0.26616805983282005,0.04575450945886494,0.04927408710954685,0.03695556533216014
0.07513181019332162,0.03910369068541301,0.07601054481546574,0.03646748681898067,0.050966608084358524,0.0351493848857645,0.019332161687170474,0.06195079086115993,0.026362038664323375,0.09666080843585237,0.046133567662565905,0.0320738137082601,0.2702108963093146,0.04745166959578207,0.04964850615114236,0.03734622144112478
0.07486865148861646,0.03896672504378284,0.07530647985989491,0.037215411558669004,0.04947460595446585,0.03546409807355517,0.01882661996497373,0.05910683012259194,0.02583187390542907,0.09676007005253941,0.04553415061295972,0.03064798598949212,0.27626970227670755,0.04597197898423818,0.05253940455341506,0.037215411558669004
0.07726075504828797,0.03994732221246708,0.07462686567164178,0.03555750658472344,0.04960491659350307,0.03467954345917471,0.019754170324846356,0.06453028972783142,0.02633889376646181,0.0961369622475856,0.04521510096575944,0.031167690956979806,0.2730465320456541,0.04521510096575944,0.0504828797190518,0.036435469710272166
0.0824102791315906,0.03898980948161276,0.07266282676118742,0.034559149313247675,0.048294195835179445,0.03234381922906513,0.022153300841825433,0.06380150642445724,0.026140894993354008,0.0921577315019938,0.046964997784669914,0.031014621178555603,0.2724856003544528,0.04474966770048737,0.05405405405405406,0.03721754541426672
0.08070175438596491,0.03728070175438596,0.07017543859649122,0.037719298245614034,0.05175438596491228,0.031578947368421054,0.02149122807017544,0.062280701754385964,0.025,0.09078947368421053,0.04517543859649123,0.03464912280701754,0.27587719298245617,0.04429824561403509,0.05482456140350877,0.03640350877192983
0.08033362598770852,0.036435469710272166,0.06804214223002635,0.04170324846356453,0.051360842844600525,0.033362598770851626,0.02151009657594381,0.06321334503950835,0.026777875329236173,0.08911325724319578,0.04214223002633889,0.03511852502194908,0.2739244951712028,0.0456540825285338,0.05487269534679543,0.036435469710272166
0.0794759825327511,0.03755458515283843,0.07074235807860262,0.042358078602620086,0.05109170305676856,0.03449781659388646,0.02096069868995633,0.062882096069869,0.023580786026200874,0.08777292576419214,0.04410480349344978,0.03537117903930131,0.27510917030567683,0.044978165938864625,0.05240174672489083,0.03711790393013101
0.08344370860927153,0.03664459161147903,0.06887417218543046,0.039735099337748346,0.052097130242825605,0.03399558498896247,0.02075055187637969,0.060485651214128036,0.026490066225165563,0.09006622516556291,0.044591611479028695,0.03443708609271523,0.2728476821192053,0.045474613686534215,0.05121412803532009,0.038852097130242826
0.08344429649356414,0.03683976919662672,0.07323568575233022,0.03817132711939636,0.04749223257878384,0.03195739014647137,0.020861074123391034,0.06302707501109632,0.02663115845539281,0.08788282290279627,0.043941411451398134,0.03817132711939636,0.2747447847314691,0.04438526409232135,0.052818464269862406,0.036395916555703504
0.08902600264433672,0.03613926840017629,0.07183781401498457,0.03613926840017629,0.048038783605112385,0.03261348611723226,0.017188188629352136,0.06170118995152049,0.02864698104892023,0.09034817100044072,0.04451300132216836,0.03613926840017629,0.27633318642573823,0.04495372410753636,0.048920229175848394,0.0374614367562803
0.08709106984969053,0.03359858532272325,0.06631299734748011,0.03713527851458886,0.04907161803713528,0.034482758620689655,0.017241379310344827,0.0618921308576481,0.02961980548187445,0.09106984969053934,0.044650751547303275,0.03978779840848806,0.27674624226348365,0.04420866489832007,0.04995579133510168,0.03713527851458886
0.0824561403508772,0.037719298245614034,0.06754385964912281,0.03728070175438596,0.04736842105263158,0.034210526315789476,0.018421052631578946,0.060526315789473685,0.03245614035087719,0.08859649122807017,0.0412280701754386,0.0412280701754386,0.2723684210526316,0.04912280701754386,0.05263157894736842,0.03684210526315789
0.0877577885037297,0.03554190434401053,0.06494076349275998,0.03773584905660377,0.046511627906976744,0.03334795963141729,0.020184291355857833,0.06318560772268539,0.029398859148749453,0.08600263273365512,0.041246160596752963,0.04300131636682756,0.27775340061430454,0.04914436156208864,0.049583150504607286,0.03466432645897324
0.08977777777777778,0.03333333333333333,0.06666666666666667,0.036444444444444446,0.04888888888888889,0.03111111111111111,0.020888888888888887,0.06266666666666666,0.029333333333333333,0.08355555555555555,0.044,0.04133333333333333,0.27955555555555556,0.04755555555555555,0.052,0.03288888888888889
0.09266578831796222,0.031181379007465964,0.06368028107158542,0.03820816864295125,0.04435660957400088,0.028985507246376812,0.020641194554238032,0.06411945542380325,0.028985507246376812,0.08344312692138779,0.04435660957400088,0.04216073781291173,0.28370663153271847,0.046991655687307864,0.05314009661835749,0.03337725076855512
0.09423161602818142,0.03258476442095993,0.059885512989872304,0.036988110964332896,0.0479964773227653,0.032144429766622636,0.020695728753852928,0.06120651695288419,0.027300748568912372,0.08190224570673713,0.041831792162043156,0.044033465433729636,0.2884191985909291,0.0488771466314399,0.048436811977102597,0.03346543372963452
0.08760402978537013,0.029785370127025843,0.059570740254051686,0.039859833552343404,0.04818221638195357,0.030223390275952694,0.02058694699956198,0.06438896189224705,0.02759526938239159,0.08541392904073587,0.04292597459483136,0.04292597459483136,0.2895313184406483,0.04730617608409987,0.04993429697766097,0.03416557161629435
0.08682101513802315,0.030276046304541407,0.05966162065894924,0.04096170970614425,0.048975957257346395,0.02983081032947462,0.020480854853072127,0.06634016028495103,0.025378450578806767,0.0823686553873553,0.04007123775601069,0.039180765805877114,0.2929652715939448,0.04853072128227961,0.05075690115761353,0.037399821905609976
0.08473080317740513,0.03089143865842895,0.05913503971756399,0.03927625772285966,0.05030891438658429,0.028684907325684024,0.019858781994704325,0.06531332744924978,0.026919682259488084,0.0825242718446602,0.04060017652250662,0.03751103265666372,0.2965578111209179,0.04810238305383936,0.050750220653133275,0.038834951456310676
0.0851063829787234,0.02969858156028369,0.06028368794326241,0.03723404255319149,0.050088652482269506,0.027039007092198582,0.020833333333333332,0.06515957446808511,0.028368794326241134,0.08289007092198582,0.041666666666666664,0.03945035460992908,0.29565602836879434,0.04565602836879433,0.051418439716312055,0.03945035460992908
0.08640350877192983,0.029385964912280703,0.05745614035087719,0.035526315789473684,0.05175438596491228,0.027192982456140352,0.018859649122807017,0.06315789473684211,0.02763157894736842,0.08508771929824561,0.04298245614035088,0.038157894736842106,0.3,0.04736842105263158,0.04956140350877193,0.039473684210526314
0.08171378091872791,0.030477031802120143,0.05830388692579505,0.037544169611307424,0.053003533568904596,0.02782685512367491,0.01987632508833922,0.061837455830388695,0.02561837455830389,0.08259717314487633,0.0446113074204947,0.03931095406360424,0.2950530035335689,0.04814487632508834,0.05167844522968198,0.04240282685512368
0.08108108108108109,0.03234381922906513,0.056712450155073105,0.03721754541426672,0.051395657953035,0.02924235711120957,0.01949490474080638,0.06247230837394772,0.026140894993354008,0.08329641116526362,0.043863535666814356,0.038546743464776254,0.29862649534780683,0.046964997784669914,0.04873726185201595,0.043863535666814356
0.08432147562582346,0.030742204655248132,0.05533596837944664,0.03908651734738691,0.05314009661835749,0.029424681598594644,0.019762845849802372,0.06060606060606061,0.023276240667545016,0.08607817303469477,0.04040404040404041,0.041282389108476064,0.29556433904259993,0.050944224857268336,0.04787000439174352,0.04216073781291173
0.08097345132743362,0.02920353982300885,0.05796460176991151,0.03716814159292035,0.05530973451327434,0.030530973451327433,0.02168141592920354,0.05929203539823009,0.02566371681415929,0.08230088495575222,0.0420353982300885,0.03938053097345133,0.29469026548672567,0.05221238938053097,0.048230088495575224,0.04336283185840708
0.08296751536435469,0.03160667251975417,0.0601404741000878,0.03775241439859526,0.051360842844600525,0.030728709394205442,0.0228270412642669,0.06409130816505706,0.02502194907813872,0.0781387181738367,0.04433713784021071,0.041264266900790166,0.2897278314310799,0.04960491659350307,0.04697102721685689,0.043459174714661986
0.08451327433628318,0.030530973451327433,0.061946902654867256,0.03716814159292035,0.048230088495575224,0.033185840707964605,0.02256637168141593,0.06283185840707965,0.024336283185840708,0.07876106194690266,0.04424778761061947,0.04292035398230089,0.2929203539823009,0.050442477876106194,0.04513274336283186,0.04026548672566372
0.08311345646437995,0.030343007915567283,0.0633245382585752,0.03781882145998241,0.048372911169744945,0.03386103781882146,0.021108179419525065,0.06244503078276165,0.023746701846965697,0.0760773966578716,0.047493403693931395,0.04309586631486367,0.29155672823219,0.04969217238346526,0.04661389621811785,0.04133685136323659
0.08207630878438332,0.03149955634427684,0.06255545696539486,0.035048802129547474,0.04614019520851819,0.03327417923691216,0.019964507542147295,0.062111801242236024,0.023957409050576754,0.0771960958296362,0.048802129547471165,0.04214729370008873,0.2976929902395741,0.05235137533274179,0.04480922803904171,0.040372670807453416
0.08651734738691261,0.03293807641633729,0.06543697848045674,0.032498902064119456,0.05138339920948617,0.032498902064119456,0.021080368906455864,0.059727711901624944,0.022397891963109356,0.0764163372859025,0.048748353096179184,0.041282389108476064,0.2946859903381642,0.050944224857268336,0.043478260869565216,0.039964866051822576
0.08505949757602468,0.03305420890260027,0.06522697223446453,0.03261348611723226,0.05244601145879242,0.03393565447333627,0.020713970912296167,0.05685323931247246,0.02379903040987219,0.07712648743940062,0.05156456588805641,0.038342882327016305,0.2895548699867783,0.05112384310268841,0.04495372410753636,0.04363155575143235
0.08252853380158033,0.0324846356453029,0.06935908691834942,0.033801580333625986,0.04960491659350307,0.036435469710272166,0.019315188762071993,0.058823529411764705,0.022388059701492536,0.07901668129938542,0.051360842844600525,0.038630377524143986,0.28665496049165934,0.04960491659350307,0.04477611940298507,0.04521510096575944
0.08362676056338028,0.03125,0.06778169014084508,0.03477112676056338,0.0528169014084507,0.037411971830985914,0.019806338028169015,0.06029929577464789,0.023327464788732395,0.07966549295774648,0.04841549295774648,0.03961267605633803,0.28169014084507044,0.04973591549295775,0.04533450704225352,0.04445422535211268
0.0849933598937583,0.03187250996015936,0.0681717574147853,0.033643204957945996,0.05090748118636565,0.03718459495351926,0.019477644975652943,0.05843293492695883,0.025675077467906152,0.08056662239929172,0.04736609119079239,0.03939796370075255,0.28906595838866755,0.04736609119079239,0.0451527224435591,0.04072598494909252
0.08622222222222223,0.03288888888888889,0.06666666666666667,0.035111111111111114,0.04888888888888889,0.03822222222222222,0.019555555555555555,0.060444444444444446,0.027555555555555555,0.07511111111111111,0.04533333333333334,0.03866666666666667,0.292,0.048,0.044444444444444446,0.04088888888888889
0.08724534986713905,0.033215234720992026,0.06554472984942426,0.03631532329495128,0.046944198405668734,0.03897254207263064,0.01948627103631532,0.05934455270150576,0.027900797165633304,0.07927369353410098,0.04561558901682905,0.03941541186891054,0.2887511071744907,0.04827280779450841,0.04428697962798937,0.03941541186891054
0.08968219416630388,0.03831084022638224,0.06922072268175881,0.03569873748367436,0.047017849368741836,0.037004788855028295,0.01915542011319112,0.05528950805398346,0.028297779712668697,0.0783630822812364,0.04397039616891598,0.04092294296909012,0.28515454941227686,0.047017849368741836,0.04397039616891598,0.04092294296909012
0.08983347940403155,0.03943908851884312,0.06310254163014899,0.03549517966695881,0.04864154250657318,0.03680981595092025,0.020157756354075372,0.05828220858895705,0.029360210341805432,0.08019281332164768,0.04425942156003506,0.04075372480280456,0.287467134092901,0.044697633654688866,0.04382120946538125,0.03768624014022787
