C,D,Oc,Od
1.0,0.0,0.0,0.0
0.5,0.5,0.0,0.0
0.5,0.25,0.0,0.25
0.25,0.25,0.0,0.5
0.38461538461538464,0.23076923076923078,0.0,0.38461538461538464
0.5,0.1875,0.0,0.3125
0.5714285714285714,0.14285714285714285,0.0,0.2857142857142857
0.6285714285714286,0.14285714285714285,0.0,0.22857142857142856
0.5471698113207547,0.1509433962264151,0.018867924528301886,0.2830188679245283
0.5616438356164384,0.0958904109589041,0.0136986301369863,0.3287671232876712
0.5825242718446602,0.07766990291262135,0.009708737864077669,0.3300970873786408
0.5838926174496645,0.06040268456375839,0.006711409395973154,0.348993288590604
0.5945945945945946,0.04864864864864865,0.005405405405405406,0.35135135135135137
0.5669642857142857,0.044642857142857144,0.004464285714285714,0.38392857142857145
0.5665399239543726,0.049429657794676805,0.0076045627376425855,0.376425855513308
0.5878594249201278,0.04472843450479233,0.012779552715654952,0.3546325878594249
0.6016042780748663,0.0374331550802139,0.0106951871657754,0.3502673796791444
0.6297968397291196,0.03611738148984198,0.011286681715575621,0.3227990970654628
0.6295585412667947,0.03838771593090211,0.013435700575815739,0.31861804222648754
0.6461538461538462,0.041025641025641026,0.013675213675213675,0.29914529914529914
0.6549192364170338,0.042584434654919234,0.01762114537444934,0.28487518355359764
0.6571798188874515,0.04398447606727038,0.019404915912031046,0.2794307891332471
0.6595744680851063,0.036954087346024636,0.020156774916013438,0.28331466965285557
0.6605504587155964,0.039755351681957186,0.023445463812436288,0.2762487257900102
0.6545961002785515,0.03899721448467967,0.02414113277623027,0.2822655524605385
0.6617647058823529,0.039792387543252594,0.023356401384083045,0.2750865051903114
0.6669236700077101,0.04240555127216654,0.026985350809560524,0.2636854279105628
0.6657060518731989,0.045389048991354465,0.030979827089337175,0.2579250720461095
0.660904255319149,0.04521276595744681,0.031914893617021274,0.261968085106383
0.6619897959183674,0.051658163265306124,0.03380102040816327,0.25255102040816324
0.6574185765983113,0.05066344993968637,0.03739445114595899,0.2545235223160434
0.6590241034685479,0.052322163433274546,0.03821281599059377,0.25044091710758376
0.6595744680851063,0.05375139977603583,0.04143337066069429,0.24524076147816348
0.654891304347826,0.059782608695652176,0.0483695652173913,0.23695652173913043
0.6540913921360255,0.05844845908607864,0.048884165781083955,0.2385759829968119
0.6594761171032357,0.05752439650744735,0.05084745762711865,0.23215202876219826
0.6523690773067332,0.05685785536159601,0.05685785536159601,0.2339152119700748
0.6496101364522417,0.060916179337231965,0.0550682261208577,0.23440545808966862
0.6422685409597674,0.06834706737760543,0.059621909840038775,0.22976248182258846
0.6495726495726496,0.06505223171889839,0.06172839506172839,0.22364672364672364
0.6506529850746269,0.061567164179104475,0.0648320895522388,0.22294776119402984
0.6529002320185615,0.06450116009280743,0.06682134570765662,0.21577726218097448
0.6587374199451053,0.06404391582799634,0.06404391582799634,0.2131747483989021
0.6472172351885098,0.06822262118491922,0.06508078994614004,0.21947935368043087
0.6406598305840392,0.06954971020954079,0.06553722692822113,0.22425323227819885
0.639877031181379,0.06982872200263504,0.0663153271848924,0.22397891963109354
0.6408450704225352,0.06734154929577464,0.06426056338028169,0.22755281690140844
0.6373530692207227,0.0674793208532869,0.06573791902481498,0.22942969090117546
0.6401952085181899,0.06743566992014197,0.06255545696539486,0.22981366459627328
0.6445916114790287,0.0640176600441501,0.0631346578366446,0.2282560706401766
0.6422222222222222,0.06888888888888889,0.06266666666666666,0.2262222222222222
0.6446023989338072,0.06885828520657486,0.060417592181252776,0.22612172367836517
0.6428571428571429,0.06965394853593611,0.059006211180124224,0.2284826974267968
0.6432384341637011,0.0693950177935943,0.05604982206405694,0.2313167259786477
0.6383355467020806,0.06905710491367861,0.05754758742806552,0.2350597609561753
0.6342222222222222,0.06577777777777778,0.06088888888888889,0.2391111111111111
0.6332744924977934,0.06663724624889673,0.06090026478375993,0.23918799646954986
0.6386925795053003,0.06492932862190813,0.05962897526501767,0.23674911660777384
0.6373239436619719,0.06426056338028169,0.06073943661971831,0.23767605633802816
0.6359223300970874,0.06575463371579876,0.061341571050308914,0.23698146513680493
0.6417910447761194,0.0649692712906058,0.05926251097453907,0.23397717295873574
0.6388888888888888,0.06746031746031746,0.056878306878306875,0.23677248677248677
0.6360017691287041,0.06811145510835913,0.06103494029190624,0.23485183547103053
0.6401245551601423,0.06717081850533808,0.059163701067615655,0.23354092526690393
0.6354441512752859,0.06596306068601583,0.0584872471416007,0.24010554089709762
0.6355140186915887,0.06497552291944815,0.06230529595015576,0.2372051624388073
0.6322350845948352,0.06634016028495103,0.06010685663401603,0.2413178984861977
0.6260485651214128,0.06754966887417219,0.059161147902869755,0.24724061810154527
0.6278145695364239,0.07019867549668875,0.059161147902869755,0.24282560706401765
0.6229580573951435,0.07019867549668875,0.060927152317880796,0.24591611479028697
0.6204028021015762,0.06961471103327496,0.06129597197898424,0.2486865148861646
0.6271409749670619,0.06587615283267458,0.058410188844971456,0.24857268335529206
0.6247230837394772,0.06778910057598582,0.05892778023925565,0.24856003544528135
0.6150793650793651,0.068342151675485,0.06172839506172839,0.25485008818342153
0.6203090507726269,0.06534216335540839,0.06357615894039735,0.2507726269315673
0.6182628062360802,0.06547884187082405,0.061915367483296214,0.2543429844097996
0.6103038309114928,0.06472919418758256,0.06340819022457067,0.261558784676354
0.6135265700483091,0.06675450153711024,0.06587615283267458,0.25384277558190604
0.6105216622458002,0.06321839080459771,0.06542882404951371,0.2608311229000884
0.6118942731277534,0.06079295154185022,0.06475770925110132,0.26255506607929513
0.6145972407654651,0.056074766355140186,0.06898086337338674,0.260347129506008
0.6188983430362741,0.05553067622033139,0.07075682937751904,0.2548141513658755
0.6193206881340979,0.054697838553153945,0.06837229819144243,0.2576091751213057
0.6146707909854175,0.05612019443216969,0.07202828104286346,0.2571807335395493
0.6084070796460177,0.05663716814159292,0.0743362831858407,0.2606194690265487
0.601063829787234,0.05585106382978723,0.07712765957446809,0.26595744680851063
0.6048034934497817,0.056768558951965066,0.07991266375545851,0.25851528384279476
0.5940377027619466,0.05962297238053485,0.0797895659798334,0.26654975887768523
0.5933481152993348,0.0598669623059867,0.0802660753880266,0.2665188470066519
0.5916299559471365,0.05814977973568282,0.07841409691629955,0.27180616740088104
0.5958844133099825,0.05735551663747811,0.07793345008756568,0.26882661996497376
0.5940681717574148,0.05754758742806552,0.0787959274015051,0.2695883134130146
0.5918641037103264,0.05677246312025033,0.07599463567277603,0.2753687974966473
0.5932203389830508,0.05530776092774309,0.07582515611061552,0.27564674397859057
0.594368675758909,0.05675318961724593,0.07831060272767268,0.27056753189617244
0.5988576449912126,0.05579964850615114,0.07776801405975395,0.26757469244288223
0.6020453534904402,0.057358826144953315,0.07914628723877279,0.2614495331258337
0.6075892857142857,0.05357142857142857,0.07857142857142857,0.26026785714285716
0.6007992895204263,0.05461811722912966,0.07859680284191829,0.26598579040852577
0.5979564637938694,0.05730786317192359,0.07507774322523322,0.2696579298089738
0.5991091314031181,0.05924276169265033,0.06993318485523385,0.2717149220489978
0.6052514463729417,0.05785491766800178,0.06898086337338674,0.26791277258566976
0.6036235086168803,0.0618647812638091,0.06716747680070703,0.26734423331860363
0.6023883237505528,0.06280406899601947,0.0659000442282176,0.2689075630252101
0.6048672566371681,0.06415929203539823,0.06283185840707965,0.268141592920354
0.6030465949820788,0.06137992831541219,0.062275985663082435,0.2732974910394265
0.6003576218149307,0.05632543585158695,0.06303084488153778,0.28028609745194455
0.6015171798304328,0.05756358768406961,0.06247211066488175,0.2784471218206158
0.6008028545941124,0.06155218554861731,0.061106155218554864,0.27653880463871544
0.6059544658493871,0.06260945709281962,0.05516637478108581,0.27626970227670755
0.6045895851721095,0.06531332744924978,0.054280670785525155,0.2758164165931156
0.6059265811587793,0.06634232640424591,0.055285272003538256,0.2724458204334365
0.6080960854092526,0.0645017793594306,0.05782918149466192,0.2695729537366548
0.6127753303964758,0.06035242290748899,0.057709251101321586,0.2691629955947137
0.6125608137992039,0.057054400707651484,0.05926581158779301,0.2711189739053516
0.6075339465615418,0.05825667980727114,0.05781865965834428,0.27639071397284276
0.6127622377622378,0.059003496503496504,0.05725524475524475,0.270979020979021
0.6102518780380026,0.057445868316394165,0.05612019443216969,0.2761820592134335
0.6067961165048543,0.05913503971756399,0.06090026478375993,0.2731685789938217
0.6051011433597185,0.060246262093227795,0.06068601583113457,0.27396657871591906
0.602921646746348,0.061531651173085435,0.061531651173085435,0.2740150509074812
0.6086956521739131,0.06033717834960071,0.05856255545696539,0.2724046140195209
0.6078774617067834,0.05820568927789934,0.05864332603938731,0.27527352297593
0.6072856508218569,0.056419369169258105,0.05952909817858729,0.27676588183029766
0.6076173604960142,0.058015943312666074,0.05580159433126661,0.2785651018600531
0.6085424922941436,0.0603258476442096,0.057683839718185824,0.27344782034346105
0.6115333035315155,0.05632543585158695,0.05587840858292356,0.27626285203397405
0.61019955654102,0.05631929046563193,0.05188470066518847,0.28159645232815966
0.6146017699115044,0.05619469026548673,0.05309734513274336,0.2761061946902655
0.6085802742149491,0.05749668288367979,0.05395842547545334,0.2799646174259177
0.6061415220293725,0.05651980418335559,0.0534045393858478,0.2839341344014241
0.6020408163265306,0.05634427684117125,0.055013309671694766,0.28660159716060335
0.6071271447426309,0.05763308402991641,0.05455345358556973,0.28068631764188295
0.6008830022075056,0.05827814569536424,0.052538631346578366,0.2883002207505519
0.5968819599109132,0.058351893095768374,0.05077951002227171,0.29398663697104677
0.6003552397868561,0.058170515097690945,0.047957371225577264,0.2935168738898757
0.5960176991150442,0.060619469026548675,0.048672566371681415,0.29469026548672567
0.5915929203539823,0.06327433628318584,0.048230088495575224,0.29690265486725664
0.5885992045956695,0.06407423773751657,0.04904993371630579,0.2982766239505082
0.5864060417592182,0.061750333185251,0.04975566414926699,0.3020879609062639
0.5841409691629956,0.06167400881057269,0.04713656387665198,0.3070484581497797
0.5921638468388246,0.06188780053428317,0.04541406945681211,0.30053428317008013
0.5876379690949227,0.06357615894039735,0.04812362030905077,0.30066225165562915
0.5803336259877085,0.06584723441615452,0.048726953467954345,0.3050921861281826
0.5764444444444444,0.06488888888888888,0.048,0.31066666666666665
0.5711743772241993,0.06405693950177936,0.05115658362989324,0.3136120996441281
0.5636042402826855,0.06537102473498234,0.052120141342756186,0.31890459363957596
0.5646589902568645,0.06953055801594331,0.05270150575730735,0.31310894596988487
0.5602992957746479,0.06866197183098592,0.0528169014084507,0.3182218309859155
0.5503325942350332,0.06385809312638581,0.05454545454545454,0.33126385809312636
0.5459363957597173,0.06581272084805653,0.05742049469964664,0.3308303886925795
0.5490457168220151,0.06169551708832668,0.055481580115401684,0.33377718597425654
0.5494263018534863,0.06222418358340689,0.05560458958517211,0.3327449249779347
0.5495978552278821,0.06076854334226988,0.05987488829311886,0.3297587131367292
0.5511565836298933,0.05827402135231317,0.060498220640569395,0.3300711743772242
0.5606469002695418,0.05750224618149147,0.05750224618149147,0.3243486073674753
0.5625829279080053,0.05572755417956656,0.0583812472357364,0.3233082706766917
0.5573916927199642,0.0562751228226887,0.0562751228226887,0.33005806163465834
0.5518008003557137,0.055135615829257446,0.05824811027123166,0.33481547354379726
0.5576241134751773,0.054078014184397165,0.06161347517730496,0.3266843971631206
0.5627802690582959,0.053811659192825115,0.056950672645739914,0.32645739910313903
0.5639431616341031,0.05328596802841918,0.052397868561278864,0.33037300177619894
0.5576501534414731,0.05480052608505041,0.0530469092503288,0.3345024112231477
0.5562444641275465,0.053144375553587246,0.05270150575730735,0.3379096545615589
0.55550621669627,0.052397868561278864,0.05106571936056838,0.3410301953818828
0.5531914893617021,0.05053191489361702,0.04831560283687943,0.3479609929078014
0.5660460992907801,0.050088652482269506,0.047872340425531915,0.33599290780141844
0.5589016829052259,0.05225863596102746,0.049601417183348095,0.3392382639503986
0.555307760927743,0.052185548617305975,0.049955396966993755,0.34255129348795715
0.5601420328450954,0.05059920106524634,0.048823790501553485,0.34043497558810476
0.5524691358024691,0.050705467372134036,0.05026455026455026,0.34656084656084657
0.5582631812140009,0.04918032786885246,0.05006645990252548,0.34249003101462117
0.5563976816763263,0.047258136424431565,0.049487293802942485,0.3468568880962996
0.5599118942731277,0.048458149779735685,0.050220264317180616,0.34140969162995594
0.5554089709762533,0.05013192612137203,0.052330694810905895,0.34212840809146877
0.5545212765957447,0.05186170212765957,0.050975177304964536,0.3426418439716312
0.5518008003557137,0.0493552690084482,0.050689195197865716,0.34815473543797243
0.5503706934147405,0.04971652856519843,0.05058874836458788,0.34932402965547316
0.5496014171833481,0.05004428697962799,0.048715677590788306,0.3516386182462356
0.5587979094076655,0.05008710801393728,0.047038327526132406,0.3440766550522648
0.5543672014260249,0.05213903743315508,0.05035650623885918,0.3431372549019608
0.5488721804511278,0.05263157894736842,0.048651039363113664,0.3498452012383901
0.5555068012286091,0.05265467310223782,0.04300131636682756,0.3488372093023256
0.5544729849424269,0.05225863596102746,0.04472984942426927,0.34853852967227633
0.5469933184855233,0.05033407572383074,0.045879732739420934,0.3567928730512249
0.5471111111111111,0.04888888888888889,0.04622222222222222,0.35777777777777775
0.5469588550983899,0.048747763864042934,0.04606440071556351,0.35822898032200357
0.5489154493138557,0.051350154935812305,0.043382027445772464,0.3563523683045595
0.54924578527063,0.047471162377994675,0.04480922803904171,0.35847382431233366
0.5457762052189297,0.048651039363113664,0.04643962848297214,0.3591331269349845
0.5552608311229,0.04907161803713528,0.046861184792219276,0.34880636604774534
0.5613103142983621,0.046038069942452416,0.0451527224435591,0.3474988933156264
0.5535398230088495,0.04601769911504425,0.048672566371681415,0.35176991150442477
0.5593445527015057,0.045172719220549155,0.04827280779450841,0.34720992028343667
0.5507692307692308,0.046153846153846156,0.05142857142857143,0.3516483516483517
0.5489587948604342,0.043863535666814356,0.05405405405405406,0.3531236154186974
0.548993288590604,0.0447427293064877,0.05503355704697987,0.3512304250559284
0.539612676056338,0.04533450704225352,0.05765845070422535,0.3573943661971831
0.5465425531914894,0.044326241134751775,0.057180851063829786,0.3519503546099291
0.5485024586499776,0.04604380867232901,0.05677246312025033,0.348681269557443
0.5406360424028268,0.04946996466431095,0.054770318021201414,0.3551236749116608
0.5369875222816399,0.05035650623885918,0.05080213903743316,0.36185383244206776
0.5386996904024768,0.04997788589119859,0.05174701459531181,0.3595754091110128
0.5335097001763669,0.04982363315696649,0.05114638447971781,0.3655202821869489
0.539612676056338,0.04929577464788732,0.050616197183098594,0.36047535211267606
0.5448092280390417,0.05102040816326531,0.04835847382431233,0.35581188997338065
0.546572934973638,0.04789103690685413,0.050966608084358524,0.3545694200351494
0.5370205173951829,0.0504014272970562,0.052185548617305975,0.360392506690455
0.5324217026907808,0.05249228054697839,0.04764005293339215,0.3674459638288487
0.53125,0.0528169014084507,0.04445422535211268,0.3714788732394366
0.5271763146266019,0.052585064074237735,0.04904993371630579,0.3711886875828546
0.5328888888888889,0.05377777777777778,0.051111111111111114,0.3622222222222222
0.5275555555555556,0.05333333333333334,0.050222222222222224,0.3688888888888889
0.520704845814978,0.05506607929515418,0.04977973568281938,0.3744493392070485
0.521393912659903,0.05249228054697839,0.05205116894574327,0.37406263784737537
0.5161005734450816,0.05381561535068372,0.05205116894574327,0.3780326422584914
0.5085201793721973,0.051121076233183856,0.05246636771300448,0.38789237668161436
0.5028799291094374,0.052724856003544526,0.047851129818342934,0.3965440850686752
0.4978050921861282,0.05223880597014925,0.05004389815627744,0.3999122036874451
0.49209833187006147,0.05575065847234416,0.048287971905179985,0.4038630377524144
0.48544973544973546,0.05423280423280423,0.050705467372134036,0.4096119929453263
0.48344370860927155,0.053421633554083886,0.05518763796909492,0.40794701986754967
0.485510477039679,0.05037895675434686,0.055283102987070884,0.40882746321890323
0.48236331569664903,0.05202821869488536,0.04938271604938271,0.41622574955908287
0.47678018575851394,0.05263157894736842,0.04953560371517028,0.42105263157894735
0.4755772646536412,0.050621669626998225,0.05328596802841918,0.42051509769094136
0.4658385093167702,0.04614019520851819,0.055900621118012424,0.4321206743566992
0.4640957446808511,0.04654255319148936,0.054078014184397165,0.4352836879432624
0.46631205673758863,0.04654255319148936,0.05319148936170213,0.43395390070921985
0.4668131868131868,0.046153846153846156,0.05406593406593407,0.432967032967033
0.4659040915090189,0.044434667839859214,0.052353717553893536,0.4373075230972283
0.4623272403031654,0.047258136424431565,0.05349977708426215,0.43691484618814086
0.4652193176783341,0.04563579973416039,0.052281789986708016,0.43686309260079753
0.46123172352680547,0.043863535666814356,0.05316792202038104,0.44173681878599913
0.4557017543859649,0.04649122807017544,0.05,0.44780701754385965
0.4559721011333915,0.046643417611159546,0.05013077593722755,0.44725370531822145
0.4587400177462289,0.050576752440106475,0.05146406388642413,0.4392191659272405
0.45426425099425544,0.05037560760053027,0.05125939019001326,0.44410075121520104
0.45628051486906346,0.05193075898801598,0.05059920106524634,0.4411895250776742
0.45654121863799285,0.05152329749103943,0.05241935483870968,0.43951612903225806
0.46286472148541113,0.04995579133510168,0.05172413793103448,0.4354553492484527
0.4653333333333333,0.048,0.051111111111111114,0.43555555555555553
0.4638447971781305,0.04805996472663139,0.05291005291005291,0.4351851851851852
0.4629053753887161,0.047534429142603286,0.051088405153265216,0.4384717903154154
0.46645935139937805,0.047534429142603286,0.04886717014660151,0.43713904931141717
0.4676131322094055,0.04569653948535936,0.04835847382431233,0.4383318544809228
0.4608192341941229,0.0458593054318789,0.05031166518254675,0.44300979519145145
0.45345744680851063,0.04565602836879433,0.054078014184397165,0.44680851063829785
0.453125,0.04330357142857143,0.053125,0.4504464285714286
0.4561093956771063,0.043228936921041024,0.05116894574327305,0.4494927216585796
0.4555457746478873,0.04533450704225352,0.05017605633802817,0.448943661971831
0.4608580274214949,0.04467049977885891,0.04909332153914197,0.44537815126050423
0.45426287744227356,0.04662522202486678,0.05328596802841918,0.44582593250444047
0.46403197158081705,0.04396092362344583,0.05150976909413854,0.4404973357015986
0.4624611283873834,0.043980453131941356,0.05242114615726344,0.4411372723234118
0.46527159394479073,0.04229741763134461,0.05075690115761353,0.4416740872662511
0.4604221635883905,0.04397537379067722,0.051890941072999124,0.44371152154793314
0.4508414526129318,0.04827280779450841,0.05181576616474756,0.44906997342781224
0.4569653948535936,0.05102040816326531,0.04835847382431233,0.44365572315882873
0.45822339489885666,0.05013192612137203,0.04925241864555849,0.44239226033421286
0.45911674682990816,0.048535198950590296,0.04984696108439003,0.4425010931351115
0.4594953519256308,0.05267817618415228,0.049136786188579015,0.4386896857016379
0.4653863331844573,0.05225547119249665,0.048682447521214825,0.4336757481018312
0.45740905057675246,0.052795031055900624,0.04702750665483585,0.4427684117125111
0.4602398933807197,0.05508662816525989,0.046645935139937804,0.4380275433140826
0.4619153674832962,0.057015590200445436,0.045879732739420934,0.43518930957683744
0.46437994722955145,0.06200527704485488,0.04397537379067722,0.42963940193491645
0.46325167037861914,0.062360801781737196,0.046325167037861915,0.4280623608017817
0.4632743362831858,0.061061946902654866,0.04469026548672567,0.43097345132743364
0.4602398933807197,0.060417592181252776,0.04486894713460684,0.4344735673034207
0.45539280958721706,0.06080781180648025,0.0461606746560142,0.4376387039502885
0.45910290237467016,0.05716798592788039,0.04529463500439754,0.4384344766930519
0.4593152512227657,0.05869275233437083,0.046242774566473986,0.4357492218763895
0.46143617021276595,0.05673758865248227,0.043882978723404256,0.4379432624113475
0.46326440827100746,0.05675318961724593,0.045314562252529694,0.4346678398592169
0.45604640785363676,0.0571173583221776,0.04685408299866131,0.43998215082552433
0.4570796460176991,0.05707964601769912,0.04513274336283186,0.4407079646017699
0.45353490440195643,0.05602489995553579,0.046242774566473986,0.44419742107603377
0.45253863134657835,0.054304635761589407,0.04812362030905077,0.44503311258278144
0.4493198771390961,0.05397103992979377,0.046511627906976744,0.4501974550241334
0.4464751958224543,0.05134899912967798,0.05134899912967798,0.45082680591818974
0.4423758865248227,0.050975177304964536,0.050088652482269506,0.45656028368794327
0.4408506867523261,0.05006645990252548,0.05050952591936198,0.45857332742578644
0.44724061810154525,0.05077262693156733,0.05077262693156733,0.4512141280353201
0.4334516415261757,0.051907719609582965,0.05013309671694765,0.4645075421472937
0.43976970770593443,0.05270150575730735,0.05181576616474756,0.4557130203720106
0.4335540838852097,0.052980132450331126,0.053421633554083886,0.46004415011037525
0.4398045313194136,0.04931141714793425,0.0519768991559307,0.45890715237672147
0.43805309734513276,0.048672566371681415,0.05,0.4632743362831858
0.4399641577060932,0.04614695340501792,0.04973118279569892,0.46415770609318996
0.4474966770048737,0.043863535666814356,0.05050952591936198,0.4581302614089499
0.4410729991204925,0.04617414248021108,0.047053649956024624,0.4656992084432718
0.4420772303595206,0.04438526409232135,0.047936085219707054,0.465601420328451
0.4383501535761299,0.04168494953927161,0.04870557261956999,0.47125932426502853
0.42488888888888887,0.044,0.04711111111111111,0.484
0.4292639929484354,0.04363155575143235,0.04759806081974438,0.47950639048038785
0.4273693534100974,0.04738706820194863,0.049601417183348095,0.47564216120460584
0.42844600526777876,0.046532045654082525,0.046093064091308165,0.47892888498683056
0.4220264317180617,0.04537444933920705,0.044933920704845816,0.48766519823788546
0.4286349488661627,0.04757670075589151,0.0426856380613606,0.48110271231658513
0.42462087421944694,0.0504014272970562,0.041480820695807316,0.48349687778768957
0.42580361074416556,0.04975781594011449,0.04007045354469397,0.484368119771026
0.4276785714285714,0.05357142857142857,0.04107142857142857,0.47767857142857145
0.4215686274509804,0.05614973262032086,0.0392156862745098,0.483065953654189
0.4276286845578531,0.055433347998240214,0.03783545974483062,0.4791025076990761
0.42932166301969366,0.05470459518599562,0.037636761487964986,0.47833698030634575
0.42712906057945565,0.056189640035118525,0.03687445127304653,0.4798068481123793
0.43013578624616733,0.05475251861585633,0.035479632063074903,0.47963206307490147
0.4320281566212055,0.05587329520457545,0.03563572371315442,0.4764628244610647
0.42555066079295156,0.05859030837004405,0.03259911894273128,0.48325991189427314
0.42096069868995634,0.05764192139737991,0.033624454148471615,0.4877729257641921
0.4243231247225921,0.05992010652463382,0.033732800710164226,0.48202396804260983
0.42314487632508835,0.05962897526501767,0.03356890459363958,0.4836572438162544
0.42044953724107537,0.05861613045394447,0.03217276333186426,0.4887615689731159
0.4240561896400351,0.061018437225636525,0.03160667251975417,0.4833187006145742
0.41818181818181815,0.06385809312638581,0.03237250554323725,0.48558758314855877
0.4269813000890472,0.06277827248441674,0.030721282279608193,0.4795191451469279
0.42528735632183906,0.0610079575596817,0.03094606542882405,0.4827586206896552
0.42515500442869797,0.054030115146147036,0.031443755535872454,0.4893711248892825
0.43222958057395144,0.053421633554083886,0.033112582781456956,0.48123620309050774
0.4336007130124777,0.05258467023172905,0.03253119429590018,0.48128342245989303
0.43404634581105167,0.05258467023172905,0.034759358288770054,0.4786096256684492
0.43092691622103385,0.05080213903743316,0.03698752228163993,0.48128342245989303
0.4261640798226164,0.04656319290465632,0.03902439024390244,0.4882483370288248
0.4269366197183099,0.04753521126760563,0.03873239436619718,0.4867957746478873
0.4259911894273128,0.04801762114537445,0.03656387665198238,0.4894273127753304
0.42623674911660775,0.04946996466431095,0.03666077738515901,0.4876325088339223
0.4321206743566992,0.04835847382431233,0.03637976929902396,0.4831410825199645
0.4332001775410564,0.05193075898801598,0.03462050599201065,0.480248557478917
0.4325767690253672,0.04806408544726302,0.036048064085447265,0.4833110814419226
0.42990239574090505,0.052795031055900624,0.03771073646850044,0.47959183673469385
0.43054318788958146,0.048975957257346395,0.03873552983081033,0.4817453250222618
0.43635551585529253,0.05225547119249665,0.03573023671281822,0.47565877623939257
0.4288849868305531,0.05267778753292362,0.03906935908691835,0.4793678665496049
0.4280639431616341,0.053730017761989345,0.040408525754884544,0.477797513321492
0.4160777385159011,0.05079505300353357,0.03975265017667844,0.49337455830388693
0.42168141592920355,0.047345132743362835,0.04247787610619469,0.48849557522123893
0.42462751971954427,0.04864154250657318,0.042068361086765996,0.48466257668711654
0.42305986696230596,0.049223946784922396,0.042572062084257206,0.48514412416851443
0.422251423565484,0.04862023653088042,0.04555409548839247,0.4835742444152431
0.4245785270629991,0.05013309671694765,0.04702750665483585,0.4782608695652174
0.4263392857142857,0.048214285714285716,0.044196428571428574,0.48125
0.42882641677822403,0.04730031236055333,0.04596162427487729,0.4779116465863454
0.4280639431616341,0.047957371225577264,0.04218472468916518,0.4817939609236234
0.4281891168599465,0.04683318465655665,0.04014272970561998,0.4848349687778769
0.4314586994727592,0.04964850615114236,0.04130052724077329,0.47759226713532515
0.4266900790166813,0.04960491659350307,0.04214223002633889,0.4815627743634767
0.42027690933452433,0.048682447521214825,0.044662795891022775,0.48637784725323807
0.42048997772828506,0.047661469933184854,0.04543429844097996,0.4864142538975501
0.4269911504424779,0.046460176991150445,0.04336283185840708,0.4831858407079646
0.4303515798842902,0.045838896306186025,0.04227859368046284,0.48153093012906095
0.42857142857142855,0.04776785714285714,0.04196428571428571,0.4816964285714286
0.42357111209570225,0.048294195835179445,0.04209127159946832,0.48604342046965
0.4327693677649154,0.04853072128227961,0.036064113980409616,0.4826357969723954
0.43361270401411556,0.04852227613586237,0.03970004411116013,0.4781649757388619
0.42806707855251547,0.04810238305383936,0.04148278905560459,0.4823477493380406
0.42611380679311867,0.04719894133215704,0.04190560211733568,0.48478164975738863
0.42685638061360603,0.04802134281903068,0.04535349044019564,0.4797687861271676
0.4239467849223947,0.050110864745011086,0.048337028824833705,0.4776053215077605
0.42964601769911503,0.05,0.04601769911504425,0.4743362831858407
0.4322409211691763,0.050487156775907885,0.04650132860938884,0.470770593445527
0.42687224669603524,0.048458149779735685,0.04361233480176212,0.48105726872246696
0.4328159645232816,0.04700665188470066,0.04523281596452328,0.47494456762749443
0.4269366197183099,0.04665492957746479,0.042693661971830985,0.4837147887323944
0.4240674955595027,0.047957371225577264,0.04085257548845471,0.48712255772646534
0.42375109553023665,0.04688869412795793,0.03943908851884312,0.4899211218229623
0.42668428005284015,0.047556142668428,0.03830911492734478,0.48745046235138706
0.4271801682160248,0.04736609119079239,0.04072598494909252,0.4847277556440903
0.42543859649122806,0.043859649122807015,0.046052631578947366,0.48464912280701755
0.4209127159946832,0.04563579973416039,0.04519273371732388,0.4882587505538325
0.4208664898320071,0.04288240495137047,0.04420866489832007,0.4920424403183024
0.4209138840070299,0.04437609841827768,0.043497363796133566,0.4912126537785589
0.41889483065953653,0.04411764705882353,0.04322638146167558,0.49376114081996436
0.42545616377392076,0.04450378282153983,0.03871829105473965,0.49132176234979974
0.4263392857142857,0.045535714285714284,0.04017857142857143,0.48794642857142856
0.41828621908127206,0.044169611307420496,0.04240282685512368,0.49514134275618377
0.4217506631299735,0.04553492484526967,0.04376657824933687,0.48894783377542
0.42188879082082964,0.045454545454545456,0.04457193292144748,0.4880847308031774
0.413610251878038,0.04728236853733982,0.04595669465311533,0.4931506849315068
0.41429197720298117,0.04603244191144235,0.04778605874616396,0.49188952213941256
0.41080123948649844,0.048251438689685705,0.046038069942452416,0.4949092518813634
0.4061116031886625,0.048715677590788306,0.04561558901682905,0.4995571302037201
0.41282389108476064,0.04479578392621871,0.04743083003952569,0.494949494949495
0.4142794182459233,0.03966505068312032,0.04627589246364037,0.499779638607316
0.4057777777777778,0.04044444444444444,0.044444444444444446,0.5093333333333333
0.4021164021164021,0.041005291005291,0.046296296296296294,0.5105820105820106
0.406486006219458,0.041314971123944916,0.04531319413593958,0.5068858285206574
0.4067948144836835,0.04202056325435852,0.04604380867232901,0.5051408135896289
0.4047514298284206,0.03915530136383634,0.046194456665200175,0.5098988121425428
0.4038205242114616,0.03820524211461573,0.04486894713460684,0.5131052865393159
0.40412186379928317,0.035842293906810034,0.04435483870967742,0.5156810035842294
0.4036412078152753,0.03374777975133215,0.04440497335701599,0.5182060390763765
0.39699381078691426,0.03536693191865606,0.04597701149425287,0.5216622458001768
0.40379523389232125,0.03398058252427184,0.04854368932038835,0.5136804942630185
0.4042365401588703,0.0353045013239188,0.047219770520741396,0.5132391879964695
0.4014084507042254,0.03477112676056338,0.04445422535211268,0.5193661971830986
0.4006183745583039,0.03401060070671378,0.0446113074204947,0.5207597173144877
0.4,0.03612334801762115,0.04757709251101322,0.5162995594713656
0.3974583698510079,0.03724802804557406,0.047765118317265556,0.5175284837861525
0.3951327433628319,0.03982300884955752,0.04911504424778761,0.515929203539823
0.3925399644760213,0.041740674955595025,0.052397868561278864,0.5133214920071048
0.393859649122807,0.042105263157894736,0.04868421052631579,0.5153508771929824
0.39946855624446415,0.03985828166519043,0.05004428697962799,0.5106288751107174
0.398406374501992,0.038955289951305885,0.04736609119079239,0.5152722443559097
0.39982347749338043,0.04236540158870256,0.04810238305383936,0.5097087378640777
0.3953180212014134,0.04328621908127209,0.045936395759717315,0.5154593639575972
0.3976010661928032,0.04309195912927588,0.04931141714793425,0.5099955575299867
0.39762219286657857,0.04447380008806693,0.04975781594011449,0.50814619110524
0.4019391802556192,0.04010577346848832,0.050683120317320404,0.5072719259585721
0.3988413547237077,0.04144385026737968,0.05169340463458111,0.5080213903743316
0.39991142604074403,0.0420726306465899,0.05093002657218778,0.5070859167404783
0.3969162995594714,0.03788546255506608,0.05110132158590308,0.5140969162995594
0.4003535130357932,0.03844454264250994,0.05037560760053027,0.5108263367211666
0.39839928857269896,0.04090706980880391,0.048910626945309024,0.5117830146731881
0.3982222222222222,0.04,0.04711111111111111,0.5146666666666667
0.39761167624944715,0.038920831490490936,0.04820875718708536,0.5152587350729766
0.4015922158337019,0.038920831490490936,0.04997788589119859,0.5095090667846086
0.40758711954124394,0.0388178209086899,0.049404499338332596,0.5041905602117336
0.40141467727674623,0.038461538461538464,0.04862953138815208,0.5114942528735632
0.40382902938557436,0.041852181656277826,0.04853072128227961,0.5057880676758683
0.4078483245149912,0.041005291005291,0.04717813051146384,0.503968253968254
0.4044642857142857,0.04107142857142857,0.046875,0.5075892857142857
0.40601503759398494,0.042459088898717384,0.045112781954887216,0.5064130915524104
0.40613879003558717,0.04359430604982206,0.04359430604982206,0.5066725978647687
0.40618101545253865,0.04326710816777042,0.044591611479028695,0.5059602649006623
0.40079190497140343,0.04267487901451826,0.046194456665200175,0.5103387593488782
0.4014022787028922,0.04645048203330412,0.04513584574934268,0.507011393514461
0.39928698752228164,0.044563279857397504,0.04590017825311943,0.5102495543672014
0.39762219286657857,0.04315279612505504,0.04579480405107882,0.5134302069572876
0.39841339797267517,0.04451300132216836,0.04759806081974438,0.509475539885412
0.39840283939662824,0.04702750665483585,0.049689440993788817,0.5048802129547472
0.3969026548672566,0.04601769911504425,0.047345132743362835,0.5097345132743363
0.3948535936113576,0.044365572315882874,0.050576752440106475,0.5102040816326531
0.39502885042166,0.04571682201509099,0.04660452729693742,0.5126498002663116
0.3920704845814978,0.04229074889867841,0.04537444933920705,0.5202643171806167
0.3938447814451383,0.043264942016057094,0.04504906333630687,0.5178412132024978
0.3925233644859813,0.04138851802403204,0.044058744993324434,0.5220293724966623
0.3972663139329806,0.04056437389770723,0.0427689594356261,0.5194003527336861
0.3951327433628319,0.04115044247787611,0.04469026548672567,0.5190265486725664
0.3891084760649978,0.04435660957400088,0.04479578392621871,0.5217391304347826
0.39020044543429844,0.040979955456570155,0.04498886414253898,0.5238307349665924
0.3919218819351975,0.03994673768308921,0.04704837993786063,0.5210830004438527
0.3952254641909814,0.038461538461538464,0.04597701149425287,0.5203359858532273
0.39788266431407143,0.0388178209086899,0.04278782531980591,0.5205116894574328
0.40264900662251657,0.04105960264900662,0.04150110375275938,0.5147902869757175
0.40053167922020383,0.043863535666814356,0.0412051395657953,0.5143996455471865
0.39707835325365204,0.044710048694112436,0.04161133244798584,0.5166002656042497
0.3997373029772329,0.046847635726795095,0.03852889667250438,0.5148861646234676
0.39565795303500223,0.046964997784669914,0.038546743464776254,0.5188303057155517
0.399822695035461,0.044326241134751775,0.03590425531914894,0.5199468085106383
0.3989408649602824,0.04457193292144748,0.03618711385701677,0.5203000882612533
0.3955849889624724,0.045916114790286976,0.033112582781456956,0.5253863134657837
0.40098566308243727,0.044802867383512544,0.03270609318996416,0.521505376344086
0.41179058512978445,0.0431148262208535,0.03255609326880774,0.5125384953805543
0.40955329500221144,0.04290137107474569,0.03184431667403804,0.5157010172490049
0.4,0.04523281596452328,0.03503325942350333,0.5197339246119734
0.40494044993383327,0.044111160123511246,0.03573003970004411,0.5152183502426114
0.3958608542492294,0.0488771466314399,0.0361074416556583,0.5191545574636723
0.3929684023141967,0.049399198931909215,0.03649310191366266,0.5211392968402314
0.3943975100044464,0.04757670075589151,0.036905291240551356,0.5211204979991108
0.39840283939662824,0.04614019520851819,0.0385980479148181,0.5168589174800355
0.3885941644562334,0.04553492484526967,0.04155614500442087,0.5243147656940761
0.37979708866343187,0.043670048522276135,0.04102337891486546,0.5355094838994265
0.3872832369942196,0.041351711871943087,0.040017785682525564,0.5313472654513117
0.3874391862007961,0.040689960194604156,0.03759398496240601,0.5342768686421937
0.38348868175765644,0.040834442964935644,0.03994673768308921,0.5357301375943186
0.3856324371970031,0.041427941824592335,0.04098721903922433,0.5319524019391803
0.38652482269503546,0.0425531914893617,0.04210992907801418,0.5288120567375887
0.38821954484605087,0.040160642570281124,0.04462293618920125,0.5269968763944668
0.38672566371681416,0.03938053097345133,0.04601769911504425,0.5278761061946903
0.38928255093002656,0.04118689105403012,0.04428697962798937,0.525243578387954
0.38762794837561193,0.040943480195816645,0.04183355585224744,0.5295950155763239
0.38164251207729466,0.041721563460693896,0.043039086517347384,0.5335968379446641
0.382912793271359,0.04161133244798584,0.043824701195219126,0.5316511730854361
0.37661758143685853,0.03971441320838911,0.04551539491298527,0.5381526104417671
0.38519503546099293,0.03900709219858156,0.04210992907801418,0.5336879432624113
0.39176626826029215,0.038955289951305885,0.04161133244798584,0.5276671093404162
0.38749449581682077,0.03830911492734478,0.04271246147071774,0.5314839277851167
0.39708480565371024,0.037102473498233215,0.03931095406360424,0.5265017667844523
0.3960352422907489,0.035682819383259914,0.038766519823788544,0.5295154185022026
0.3924162257495591,0.03747795414462081,0.041005291005291,0.5291005291005291
0.38716913414087034,0.037236428891879766,0.03992821893225662,0.5356662180349933
0.3872702823845809,0.033168982519049754,0.04034065441506051,0.5392200806813088
0.38492239467849226,0.03370288248337029,0.04212860310421286,0.5392461197339247
0.3844444444444444,0.035555555555555556,0.042222222222222223,0.5377777777777778
0.3745037494486105,0.03705337450374945,0.04146449051610057,0.5469783855315394
0.37116564417177916,0.03593339176161262,0.042068361086765996,0.5508326029798423
0.37023914968999116,0.03454384410983171,0.043401240035429584,0.5518157661647476
0.3691215616681455,0.03371783496007098,0.04392191659272405,0.5532386867790594
0.3734458259325044,0.03197158081705151,0.04218472468916518,0.5523978685612788
0.37296345222369,0.03302509907529723,0.04095112285336856,0.5530603258476442
0.37544014084507044,0.03301056338028169,0.042693661971830985,0.5488556338028169
0.37456140350877193,0.03508771929824561,0.046052631578947366,0.5442982456140351
0.3708668453976765,0.03842716711349419,0.04781054512957998,0.5428954423592494
0.36849015317286654,0.03457330415754924,0.04638949671772429,0.55054704595186
0.3728739642389882,0.032272132577409504,0.045791539467945924,0.5490623637156563
0.3722563652326602,0.0324846356453029,0.04697102721685689,0.54828797190518
0.3748350197976243,0.03167619885613726,0.044434667839859214,0.5490541135063792
0.3750554815801154,0.033288948069241014,0.04438526409232135,0.5472703062583223
0.37742504409171074,0.03306878306878307,0.04409171075837742,0.5454144620811288
0.37511032656663723,0.03133274492497794,0.0441306266548985,0.5494263018534863
0.37788632326820604,0.03063943161634103,0.04262877442273535,0.5488454706927176
0.37146643109540634,0.03180212014134275,0.04328621908127209,0.5534452296819788
0.36965998256320837,0.03356582388840453,0.045771578029642546,0.5510026155187445
0.36484098939929327,0.03224381625441696,0.04858657243816254,0.5543286219081273
0.36743772241992884,0.03113879003558719,0.04804270462633452,0.5533807829181495
0.3788487282463186,0.035252119589468986,0.05042391789379741,0.535475234270415
0.3750548967940272,0.03557312252964427,0.050505050505050504,0.538866930171278
0.3747247908410392,0.036547776309995596,0.04975781594011449,0.5389696169088507
0.37735849056603776,0.036419482229047825,0.04914436156208864,0.5370776656428258
0.3828193832599119,0.03524229074889868,0.051982378854625554,0.5299559471365639
0.38492239467849226,0.03636363636363636,0.049223946784922396,0.529490022172949
0.3846834882691456,0.03408587870739265,0.05267817618415228,0.5285524568393094
