C,D,Oc,Od
0.0,1.0,0.0,0.0
0.5,0.5,0.0,0.0
0.3333333333333333,0.6666666666666666,0.0,0.0
0.36363636363636365,0.6363636363636364,0.0,0.0
0.35,0.55,0.1,0.0
0.4411764705882353,0.47058823529411764,0.08823529411764706,0.0
0.4727272727272727,0.4,0.09090909090909091,0.03636363636363636
0.4444444444444444,0.43209876543209874,0.09876543209876543,0.024691358024691357
0.43243243243243246,0.42342342342342343,0.10810810810810811,0.036036036036036036
0.44594594594594594,0.3783783783783784,0.12837837837837837,0.0472972972972973
0.44878048780487806,0.375609756097561,0.15121951219512195,0.024390243902439025
0.45,0.35714285714285715,0.14642857142857144,0.04642857142857143
0.42209631728045327,0.3597733711048159,0.1529745042492918,0.06515580736543909
0.437636761487965,0.3544857768052516,0.14660831509846828,0.061269146608315096
0.4146341463414634,0.3554006968641115,0.14982578397212543,0.08013937282229965
0.4203102961918195,0.3540197461212976,0.13540197461212977,0.09026798307475317
0.4059633027522936,0.356651376146789,0.13876146788990826,0.09862385321100918
0.40872210953346855,0.345841784989858,0.1359026369168357,0.10953346855983773
0.40281442392260336,0.3412489006156552,0.14599824098504838,0.10993843447669305
0.4001572327044025,0.33176100628930816,0.14858490566037735,0.11949685534591195
0.3898186889818689,0.3382147838214784,0.14504881450488144,0.12691771269177127
0.386691776522285,0.325172630257376,0.15191462649089768,0.1362209667294413
0.3843979649519503,0.320520067834935,0.14867156585641605,0.1464104013566987
0.38016967126193,0.3176033934252386,0.15535524920466595,0.14687168610816542
0.3756243756243756,0.3156843156843157,0.15434565434565434,0.15434565434565434
0.3704061895551257,0.31382978723404253,0.15667311411992263,0.1590909090909091
0.3775322283609576,0.30432780847145485,0.15561694290976058,0.1625230202578269
0.3824324324324324,0.3,0.1572072072072072,0.16036036036036036
0.37983118613949357,0.29542425588627275,0.1559306974677921,0.1688138605064416
0.3784261715296198,0.29929266136162685,0.15384615384615385,0.16843501326259946
0.3814977973568282,0.2911894273127753,0.15418502202643172,0.17312775330396477
0.3789287295263391,0.2872952633908809,0.16024789729969013,0.17352810978308986
0.3696808510638298,0.2912234042553192,0.16179078014184398,0.1773049645390071
0.37400177462289264,0.2883762200532387,0.16282165039929014,0.17480035492457852
0.37122557726465366,0.29396092362344584,0.1594138543516874,0.17539964476021314
0.3736166445329792,0.2886232846392209,0.16113324479858343,0.17662682602921648
0.37267080745341613,0.28615794143744455,0.1668145519077196,0.1743566992014197
0.37227898711683693,0.28698356286095067,0.16570413149711238,0.17503331852509996
0.3729562527618206,0.29164825452938575,0.1590808661069377,0.17631462660185596
0.3700752545374059,0.2775564409030544,0.17131474103585656,0.18105356352368304
0.3694127957931639,0.28001752848378614,0.16958808063102543,0.18098159509202455
0.36119665640123183,0.28112626484821823,0.17333919929608446,0.18433787945446548
0.37056504599211565,0.2720105124835742,0.1782742006132282,0.17915024091108192
0.3746157224418094,0.27053140096618356,0.1769872639437857,0.17786561264822134
0.37743362831858407,0.27079646017699116,0.17345132743362832,0.17831858407079645
0.38005272407732865,0.27152899824253074,0.17926186291739896,0.16915641476274165
0.37389770723104054,0.27336860670194,0.17901234567901234,0.17372134038800705
0.36937334510150044,0.2705207413945278,0.18314210061782876,0.176963812886143
0.37122868386532576,0.26716222125054656,0.17971141233056406,0.18189768255356362
0.3736979166666667,0.265625,0.1840277777777778,0.17664930555555555
0.3733509234828496,0.26561125769569044,0.1785400175901495,0.18249780123131046
0.36934563021519545,0.26130873956960915,0.18840579710144928,0.18093983311374615
0.3702892199824715,0.2598597721297108,0.18886941279579317,0.18098159509202455
0.3683976919662672,0.26542387927208166,0.18686196182867287,0.17931646693297826
0.36997792494481235,0.2635761589403974,0.18322295805739514,0.18322295805739514
0.37144128113879005,0.2615658362989324,0.18416370106761565,0.18282918149466193
0.3648827952233525,0.2622733303847855,0.18796992481203006,0.18487394957983194
0.36937334510150044,0.26257722859664606,0.18270079435127978,0.1853486319505737
0.3622222222222222,0.2564444444444444,0.18755555555555556,0.19377777777777777
0.37181738366988587,0.25065847234416155,0.1887620719929763,0.1887620719929763
0.3671052631578947,0.25263157894736843,0.18771929824561404,0.1925438596491228
0.3631929046563193,0.2545454545454545,0.18669623059866963,0.19556541019955653
0.36343708899605437,0.2494519947391495,0.19070583077597544,0.19640508548882069
0.3547818422212428,0.25165271044513,0.19215513442044954,0.20141031291317762
0.3513392857142857,0.2526785714285714,0.19285714285714287,0.203125
0.34647393780113883,0.24791940429259746,0.1953569864213754,0.2102496714848883
0.3509384548232213,0.2492361414229594,0.19292885202968135,0.20689655172413793
0.35039370078740156,0.24934383202099739,0.19510061242344706,0.205161854768154
0.3499558693733451,0.25198587819947044,0.1941747572815534,0.20388349514563106
0.3485513608428446,0.24714661984196665,0.1997366110623354,0.20456540825285338
0.3488168273444347,0.2427695004382121,0.2007011393514461,0.2077125328659071
0.34973637961335674,0.24736379613356765,0.19595782073813708,0.2069420035149385
0.34278122232063774,0.24977856510186006,0.19353410097431356,0.21390611160318868
0.3349557522123894,0.2535398230088496,0.19424778761061948,0.2172566371681416
0.3289299867899604,0.2509907529722589,0.19815059445178335,0.22192866578599735
0.3333333333333333,0.2484526967285588,0.19982316534040673,0.21839080459770116
0.331856446610545,0.25254762959680993,0.19760744350908285,0.21798848028356224
0.335249889429456,0.2516585581601061,0.19991154356479435,0.21318000884564353
0.33598233995584986,0.25342163355408387,0.1955849889624724,0.21501103752759382
0.33318700614574187,0.2546093064091308,0.19754170324846357,0.21466198419666374
0.3296411165263624,0.2605228178998671,0.1945059813912273,0.2153300841825432
0.3286405631324241,0.2556093268807743,0.1935767707875055,0.22217333919929608
0.329510366122629,0.2562858403176004,0.19364799294221438,0.22055580061755625
0.33624454148471616,0.24890829694323144,0.1960698689956332,0.2187772925764192
0.3283052351375333,0.24933451641526175,0.1960958296362023,0.22626441881100265
0.32713590084108013,0.24524125719344844,0.1952191235059761,0.23240371845949534
0.32629727352682497,0.23922603342128407,0.20008795074758134,0.2343887423043096
0.32568402471315094,0.2383053839364519,0.1994704324801412,0.23654015887025595
0.31625441696113077,0.24249116607773852,0.20141342756183744,0.2398409893992933
0.3219056099732858,0.2350845948352627,0.20436331255565449,0.23864648263579696
0.32367149758454106,0.23583662714097497,0.2059727711901625,0.23451910408432147
0.31957857769973663,0.24012291483757683,0.20719929762949957,0.233099209833187
0.3199647421771706,0.23358307624504188,0.20978404583516969,0.23666813574261789
0.3151648351648352,0.23648351648351648,0.21054945054945054,0.2378021978021978
0.31037527593818987,0.23532008830022075,0.21589403973509932,0.23841059602649006
0.3165784832451499,0.23500881834215168,0.21340388007054673,0.23500881834215168
0.3126376045794804,0.23557904007045355,0.21532364597093792,0.23645970937912814
0.31291028446389496,0.23194748358862144,0.21531728665207878,0.23982494529540482
0.3134065934065934,0.2342857142857143,0.20967032967032967,0.24263736263736263
0.309260079751883,0.23792645104120513,0.21621621621621623,0.23659725299069562
0.3090430201931519,0.23836698858647937,0.21290605794556627,0.23968393327480245
0.30532336119665643,0.24417069951605808,0.20853497580290364,0.24197096348438188
0.3043859649122807,0.2412280701754386,0.20701754385964913,0.24736842105263157
0.3066432028156621,0.2432908051033876,0.20369555653321603,0.24637043554773427
0.301629238221048,0.24746807573756055,0.2047556142668428,0.24614707177454867
0.29846153846153844,0.24967032967032968,0.20483516483516484,0.24703296703296704
0.29723707664884136,0.24554367201426025,0.20944741532976827,0.24777183600713013
0.29657293497363796,0.24077328646748683,0.218804920913884,0.2438488576449912
0.29867256637168144,0.23539823008849559,0.22212389380530972,0.24380530973451328
0.2984084880636605,0.24358974358974358,0.21706454465075153,0.2409372236958444
0.29846153846153844,0.24175824175824176,0.21670329670329672,0.24307692307692308
0.2972972972972973,0.24324324324324326,0.2157802964254577,0.24367916303400175
0.3027075011096316,0.2365734576120728,0.21304926764314247,0.24766977363515313
0.30158730158730157,0.23809523809523808,0.21649029982363316,0.24382716049382716
0.30597014925373134,0.2392449517120281,0.21685689201053557,0.237928007023705
0.30035026269702275,0.23598949211908932,0.2158493870402802,0.2478108581436077
0.3069395017793594,0.22998220640569395,0.2188612099644128,0.2442170818505338
0.3045774647887324,0.23107394366197184,0.2205105633802817,0.2438380281690141
0.30597014925373134,0.23002633889376647,0.2177348551360843,0.2462686567164179
0.3079308817013735,0.23438192290651308,0.2104563579973416,0.2472308373947718
0.3083989501312336,0.23184601924759404,0.2099737532808399,0.24978127734033245
0.31010145566828407,0.22452580502867225,0.21438023820026467,0.250992501102779
0.3181019332161687,0.22319859402460457,0.2095782073813708,0.2491212653778559
0.3119789381307591,0.21939447125932426,0.21588415971917507,0.25274243089074155
0.3177405119152692,0.22418358340688438,0.21359223300970873,0.2444836716681377
0.32270916334661354,0.22089420097388224,0.21381142098273573,0.24258521469676847
0.3196286472148541,0.21927497789566755,0.21706454465075153,0.2440318302387268
0.3155381944444444,0.2170138888888889,0.21961805555555555,0.2478298611111111
0.3201754385964912,0.21096491228070174,0.2179824561403509,0.25087719298245614
0.32145998240985046,0.20976253298153033,0.22075637642919965,0.24802110817941952
0.31934628975265017,0.20715547703180212,0.2248233215547703,0.24867491166077738
0.3165278386672512,0.20473476545374836,0.2240245506356861,0.25471284524331433
0.3185840707964602,0.20530973451327433,0.2247787610619469,0.2513274336283186
0.3210151380231523,0.20525378450578807,0.22039180765805877,0.25333926981300087
0.3171592412880459,0.21041023378914867,0.22452580502867225,0.2479047198941332
0.3164113785557987,0.20700218818380745,0.22319474835886213,0.25339168490153174
0.31648351648351647,0.20527472527472526,0.22285714285714286,0.2553846153846154
0.31936479929422146,0.2011468901632113,0.22408469342743714,0.25540361711513015
0.31112091791703445,0.20962047661076788,0.21800529567519858,0.2612533097969991
0.3160211267605634,0.20642605633802816,0.22007042253521128,0.2574823943661972
0.31581272084805656,0.2053886925795053,0.21863957597173145,0.26015901060070673
0.31553610503282276,0.20656455142231947,0.21925601750547047,0.25864332603938733
0.31741821396993813,0.20424403183023873,0.22369584438549955,0.2546419098143236
0.3134851138353765,0.20271453590192645,0.22723292469352013,0.2565674255691769
0.31225296442687744,0.20245937637241984,0.22924901185770752,0.2560386473429952
0.31496062992125984,0.1994750656167979,0.2222222222222222,0.26334208223972005
0.3128003494975972,0.20227173438182613,0.2219309742245522,0.26299694189602446
0.3072236727589208,0.19973890339425587,0.22323759791122716,0.26979982593559615
0.3065725628584032,0.20423467137185708,0.2227613586237318,0.26643140714600794
0.3106625713032032,0.2071083808688021,0.2180781044317683,0.2641509433962264
0.30613145125716806,0.20820467578297308,0.21305690339655933,0.2726069695632995
0.3078958976621085,0.20026466696074108,0.21835024261138067,0.2734891927657697
0.3080962800875274,0.20437636761487965,0.21663019693654267,0.2708971553610503
0.3122546881814217,0.206279982555604,0.21500218054949846,0.2664631487134758
0.316622691292876,0.20008795074758134,0.21284080914687775,0.2704485488126649
0.3128046078865751,0.20026583961010191,0.22241914045192734,0.26451041205139564
0.3160667251975417,0.20061457418788411,0.21685689201053557,0.2664618086040386
0.325044404973357,0.19671403197158083,0.2135879218472469,0.26465364120781526
0.32630654369784806,0.19499341238471674,0.21695212999560826,0.26174791392182695
0.3229486616937253,0.19921017990346643,0.21588415971917507,0.26195699868363315
0.3213969938107869,0.20070733863837312,0.21441202475685234,0.2634836427939876
0.3206881340979268,0.20247022496691663,0.2121746801940891,0.2646669607410675
0.3240371845949535,0.1961044710048694,0.21336874723328905,0.266489597166888
0.32908051033875935,0.19093708754949407,0.21513418389793224,0.2648482182138143
0.3306808134394341,0.1909814323607427,0.21396993810786913,0.26436781609195403
0.3219746614242027,0.19571865443425077,0.21712538226299694,0.2651813018785496
0.3206474190726159,0.19335083114610674,0.2222222222222222,0.2637795275590551
0.3201407211961302,0.1948109058927001,0.21943711521547934,0.26561125769569044
0.32142857142857145,0.19773519163763068,0.21559233449477352,0.2652439024390244
0.3147410358565737,0.20053120849933598,0.2204515272244356,0.2642762284196547
0.31148262208534977,0.20193576770787505,0.21601407831060274,0.27056753189617244
0.310692375109553,0.19631901840490798,0.2182296231375986,0.2747589833479404
0.3072847682119205,0.19911699779249448,0.22251655629139072,0.2710816777041943
0.3021108179419525,0.20800351802990324,0.21899736147757257,0.27088830255057167
0.30446194225721784,0.20822397200349957,0.2178477690288714,0.2694663167104112
0.3118659020732245,0.20820467578297308,0.21349801499779444,0.26643140714600794
0.30870135548753824,0.2090074333187582,0.21163095758635767,0.27066025360734586
0.31263664188893747,0.20857017927415827,0.2129427197201574,0.2658504591167468
0.32056362835755176,0.2069572875385293,0.21180096873623955,0.26067811536767943
0.31695440460380697,0.20628596724214254,0.20761398849048252,0.26914563966356797
0.31462660185594343,0.20415377817057004,0.20989836500220946,0.27132125497127707
0.31685789938217124,0.20697263901147397,0.2082965578111209,0.2678729037952339
0.3130738959335374,0.20813292522955837,0.20988194140795802,0.26891123742894624
0.312967032967033,0.20703296703296703,0.20835164835164835,0.27164835164835166
0.3132209405501331,0.209849157054126,0.20629991126885536,0.2706299911268855
0.3093873953283385,0.21066549140590568,0.20537681798148966,0.2745702952842662
0.3113456464379947,0.21108179419525067,0.20624450307827616,0.27132805628847845
0.31131660061646854,0.21047996477322764,0.2038749449581682,0.27432848965213563
0.3140350877192982,0.2043859649122807,0.2057017543859649,0.27587719298245617
0.3100088573959256,0.20017714791851196,0.20992028343666963,0.27989371124889284
0.31008440693025324,0.19857840959573522,0.21012883163038648,0.2812083518436251
0.30762489044697633,0.19544259421560034,0.2151621384750219,0.2817703768624014
0.31225296442687744,0.19367588932806323,0.21299956082564778,0.2810715854194115
0.30436681222707423,0.19868995633187772,0.2131004366812227,0.2838427947598253
0.30113636363636365,0.20148601398601398,0.2097902097902098,0.2875874125874126
0.29772329246935203,0.1987740805604203,0.21453590192644484,0.28896672504378285
0.29677134011499334,0.20610349402919062,0.21052631578947367,0.28659885006634234
0.2898103220114689,0.20291133656815175,0.21835024261138067,0.28892809880899867
0.2881504153913424,0.20988194140795802,0.2164407520769567,0.2855268911237429
0.29292929292929293,0.207290294246816,0.2160737812911726,0.28370663153271847
0.30017528483786154,0.21034180543382996,0.2147239263803681,0.2747589833479404
0.3046704495853339,0.21082496726320385,0.21344391095591445,0.2710606721955478
0.30735358872743285,0.21268163804491413,0.21400264200792601,0.265962131219727
0.30404523705959113,0.21574597651152674,0.21183123096998696,0.2683775554588952
0.3162770180855756,0.20776356418173797,0.21393912659902956,0.2620202911336568
0.30498016747465845,0.21551344204495373,0.21022476862053768,0.26928162185985016
0.29917139119058,0.21631051024858264,0.2132577409507196,0.27126035761011774
0.2955947136563877,0.22334801762114537,0.21277533039647578,0.2682819383259912
0.3030973451327434,0.21194690265486726,0.21814159292035398,0.2668141592920354
0.3042128603104213,0.21152993348115298,0.22527716186252772,0.258980044345898
0.3068181818181818,0.21547202797202797,0.2215909090909091,0.2561188811188811
0.3073213502849627,0.21613327487943884,0.2253397632617273,0.2512056115738711
0.30734966592427615,0.21158129175946547,0.22761692650334076,0.2534521158129176
0.3037752414398595,0.21553994732221246,0.23266022827041263,0.24802458296751537
0.3011463844797178,0.21604938271604937,0.22971781305114639,0.25308641975308643
0.2971078001752848,0.21560035056967572,0.22348816827344434,0.26380368098159507
0.2907488986784141,0.21145374449339208,0.22819383259911893,0.2696035242290749
0.2877254729432468,0.2133743950725913,0.23185217773867137,0.26704795424549055
0.2897851819377466,0.21394125383603682,0.2227093380096449,0.27356422621657167
0.2847006651884701,0.2164079822616408,0.22660753880266074,0.2722838137472284
0.28464912280701754,0.21228070175438596,0.22894736842105262,0.2741228070175439
0.2803532008830022,0.22207505518763798,0.22560706401766004,0.27196467991169976
0.278341420379356,0.22143802382002647,0.22540802823114248,0.27481252756947505
0.28144239226033424,0.21591908531222515,0.2247141600703606,0.27792436235708
0.28465238303454304,0.20638390905115872,0.2264975951027547,0.2824661128115435
0.29279080053073864,0.20875718708536045,0.22291021671826625,0.2755417956656347
0.2926829268292683,0.20470383275261325,0.22560975609756098,0.2770034843205575
0.2923617208077261,0.20061457418788411,0.22519754170324846,0.28182616330114135
0.2912621359223301,0.2003530450132392,0.22462488967343336,0.28375992939099737
0.2937803264225849,0.19894133215703572,0.22320247022496692,0.28407587119541244
0.29048042704626337,0.2001779359430605,0.22330960854092527,0.2860320284697509
0.2955145118733509,0.2040457343887423,0.21503957783641162,0.2854001759014952
0.29737991266375546,0.20436681222707423,0.2096069868995633,0.28864628820960697
0.2982917214191853,0.20367936925098554,0.21068769163381515,0.287341217696014
0.29210526315789476,0.20877192982456141,0.2043859649122807,0.29473684210526313
0.289740202553941,0.20915896081021576,0.20343461030383092,0.29766622633201234
0.2978817299205649,0.20697263901147397,0.20211827007943514,0.29302736098852605
0.29924745462594066,0.2107127047366091,0.20495794599380257,0.28508189464364764
0.29708222811671087,0.21220159151193635,0.20070733863837312,0.29000884173297964
0.29508196721311475,0.2153300841825432,0.20203810367744793,0.2875498449268941
0.29712041884816753,0.21422338568935428,0.2024432809773124,0.2862129144851658
0.2967032967032967,0.2175824175824176,0.19472527472527473,0.290989010989011
0.2998236331569665,0.21693121693121692,0.19753086419753085,0.2857142857142857
0.30605926581158777,0.20875718708536045,0.19195046439628483,0.2932330827067669
0.3082706766917293,0.20919946926138877,0.19283502874834144,0.28969482529854046
0.30962897526501765,0.20759717314487633,0.1956713780918728,0.2871024734982332
0.30977312390924955,0.20898778359511344,0.19458987783595114,0.28664921465968585
0.30511463844797176,0.20811287477954143,0.1988536155202822,0.2879188712522046
0.3088170137350465,0.21001329198050508,0.19273371732388125,0.2884359769605671
0.3071808510638298,0.2052304964539007,0.19592198581560283,0.2916666666666667
0.29481546572934975,0.21133567662565905,0.19639718804920914,0.29745166959578206
0.2996469549867608,0.20653133274492497,0.19858781994704325,0.29523389232127095
0.30087336244541485,0.2021834061135371,0.1978165938864629,0.29912663755458513
0.2979194333776007,0.20097388224878265,0.19964586100044268,0.301460823373174
0.29836210712704736,0.20097388224878265,0.19787516600265603,0.30278884462151395
0.29733275032794054,0.20682116309575863,0.19282903366856144,0.3030170529077394
0.2996092053842814,0.20581849761181067,0.19496309161962658,0.2996092053842814
0.2981148619026743,0.20473476545374836,0.19772029811486191,0.29943007452871545
0.29333333333333333,0.2031111111111111,0.19555555555555557,0.308
0.29289810322011467,0.20379355977062197,0.1980591089545655,0.30524922805469784
0.29440282062582634,0.20141031291317762,0.20273248126928162,0.3014543851917144
0.29707295762341634,0.2035823503713412,0.20795107033639143,0.291393621668851
0.3039647577092511,0.20176211453744494,0.19955947136563876,0.2947136563876652
0.29964850615114236,0.2060632688927944,0.19815465729349738,0.2961335676625659
0.3051663747810858,0.2044658493870403,0.19352014010507881,0.2968476357267951
0.30959752321981426,0.20300751879699247,0.19106590004422822,0.2963290579389651
0.30782839451570104,0.20389208314904908,0.18708536045997345,0.3011941618752764
0.30394328754984495,0.21134249003101463,0.18564466105449712,0.29906956136464335
0.303886925795053,0.21113074204946997,0.18595406360424027,0.29902826855123676
0.3009198423127464,0.20805957074025405,0.19360490582566797,0.2974156811213316
0.29398762157382846,0.20468611847922194,0.19540229885057472,0.3059239610963749
0.29401408450704225,0.20774647887323944,0.198943661971831,0.2992957746478873
0.2919772029811486,0.20824199912319158,0.1955282770714599,0.3042525208241999
0.28986784140969163,0.21233480176211453,0.19955947136563876,0.2982378854625551
0.28852889667250436,0.2105954465849387,0.1978984238178634,0.30297723292469353
0.2879512831665942,0.21357111787733798,0.19443236189647672,0.30404523705959113
0.2872246696035242,0.21629955947136564,0.2,0.2964757709251101
0.2867225408028231,0.21658579620644022,0.19717688575209527,0.2995147772386414
0.2851493848857645,0.22231985940246046,0.1977152899824253,0.29481546572934975
0.2872340425531915,0.21675531914893617,0.1972517730496454,0.2987588652482269
0.28876055086628166,0.21545979564637938,0.19635717458907154,0.29942247889826745
0.28259921500218055,0.21631051024858264,0.19799389446140428,0.30309638028783253
0.2820849759088918,0.21243977222952257,0.20455540954883925,0.3009198423127464
0.2829861111111111,0.21180555555555555,0.2013888888888889,0.3038194444444444
0.28565101860053144,0.2201062887511072,0.1975199291408326,0.2967227635075288
0.2833186231244484,0.2118270079435128,0.2003530450132392,0.30450132391879964
0.2883762200532387,0.21428571428571427,0.19920141969831412,0.2981366459627329
0.29289810322011467,0.21482134980149978,0.2007057785619762,0.29157476841640934
0.2958241758241758,0.2123076923076923,0.20131868131868133,0.2905494505494505
0.2969298245614035,0.20921052631578949,0.20394736842105263,0.2899122807017544
0.3063102541630149,0.20902716914986855,0.19938650306748465,0.2852760736196319
0.30558015943312666,0.21036315323294952,0.1970770593445527,0.2869796279893711
0.3087071240105541,0.2088830255057168,0.2009674582233949,0.28144239226033424
0.3109430604982206,0.20373665480427047,0.20151245551601424,0.28380782918149466
0.30653710247349825,0.2058303886925795,0.2058303886925795,0.28180212014134276
0.30346947738252084,0.207290294246816,0.20685111989459815,0.282389108476065
0.2993799822852081,0.20726306465899025,0.20947741364038971,0.2838795394154119
0.3064373897707231,0.20634920634920634,0.20502645502645503,0.2821869488536155
0.3156958648288128,0.200533570475767,0.2058692752334371,0.2779012894619831
0.3152557319223986,0.20282186948853614,0.20414462081128748,0.2777777777777778
0.30816777041942606,0.20353200883002207,0.20750551876379691,0.280794701986755
0.3029229406554473,0.20239149689991143,0.20903454384410983,0.28565101860053144
0.3044631020768891,0.2010605391073796,0.20901458241272647,0.28546177640300485
0.2979842243645925,0.2042068361086766,0.21209465381244522,0.2857142857142857
0.3011994669035984,0.20835184362505554,0.21279431363838294,0.27765437583296315
0.3016220955721175,0.20429636124506795,0.21262604120999562,0.28145550197281893
0.3016978667827601,0.20505006530256856,0.20896821941663038,0.28428384849804095
0.30004399472063353,0.20413550373955125,0.20765508139023317,0.2881654201495821
0.30163644405130474,0.2034498009730208,0.20256523662096418,0.2923485183547103
0.3006189213085765,0.20778072502210435,0.20424403183023873,0.28735632183908044
0.299469964664311,0.20715547703180212,0.20759717314487633,0.2857773851590106
0.2985927880386983,0.20316622691292877,0.21328056288478453,0.2849604221635884
0.30444444444444446,0.20133333333333334,0.2111111111111111,0.2831111111111111
0.31060272767267927,0.19973603167619886,0.20501539815222172,0.2846458424989001
0.31891655744866754,0.19222367846221058,0.20096111839231107,0.28789864569681084
0.31449846692947875,0.1896627244853263,0.20367936925098554,0.29215943933420935
0.3131844064826982,0.1953569864213754,0.19973718791064388,0.29172141918528255
0.31363034847816496,0.18835465372739302,0.2015880017644464,0.2964269960299956
0.31690140845070425,0.18529929577464788,0.2011443661971831,0.2966549295774648
0.31326352530541013,0.18891797556719023,0.20113438045375218,0.29668411867364747
0.32049579459938027,0.18813634351482958,0.19566179725542276,0.2957060646303674
0.32551968155683325,0.18531623175586023,0.1959310039805396,0.2932330827067669
0.32376325088339225,0.18242049469964663,0.1956713780918728,0.29814487632508835
0.3241710296684119,0.17888307155322863,0.1980802792321117,0.2988656195462478
0.3213186813186813,0.181978021978022,0.1978021978021978,0.2989010989010989
0.3210687691633815,0.17958826106000875,0.1988611476127902,0.3004818221638195
0.31926121372031663,0.17458223394898856,0.20580474934036938,0.30035180299032543
0.31581272084805656,0.17977031802120141,0.2049469964664311,0.299469964664311
0.3170838823012736,0.1831357048748353,0.2015810276679842,0.2981993851559069
0.32400524704853517,0.18320944468736336,0.19414079580236118,0.2986445124617403
0.32524271844660196,0.18623124448367168,0.19329214474845544,0.29523389232127095
0.3225520602569783,0.18608772707133364,0.1998227735932654,0.29153743907842267
0.3241349102058695,0.1835304424003504,0.19448094612352168,0.29785370127025845
0.3168360583296509,0.18957136544410075,0.20061864781263808,0.29297392841361025
0.3238262395787626,0.18780166739798157,0.20315928038613426,0.28521281263712156
0.32377591530657257,0.1874724305249228,0.20202911336568152,0.2867225408028231
0.32166592822330525,0.18520159503766062,0.20868409392999557,0.28444838280903856
0.32045654082528535,0.18349429323968394,0.21027216856892011,0.2857769973661106
0.32457293035479634,0.18878668418747263,0.20543144984669295,0.2812089356110381
0.32351648351648354,0.18461538461538463,0.20615384615384616,0.2857142857142857
0.32691466083150983,0.18074398249452955,0.20437636761487965,0.28796498905908097
0.3238387379491674,0.1831726555652936,0.20157756354075373,0.29141104294478526
0.317404647084612,0.1845681718544498,0.2104340201665936,0.2875931608943446
0.31985940246045697,0.18101933216168717,0.21045694200351495,0.28866432337434095
0.31741821396993813,0.17727674624226347,0.21396993810786913,0.29133510167992926
0.3093462044756472,0.1807810443176832,0.21061869240895129,0.29925405879771827
0.30630233583076244,0.1749669457910974,0.2093433230498017,0.3093873953283385
0.3076923076923077,0.17758241758241758,0.20967032967032967,0.30505494505494507
0.30975395430579966,0.17442882249560632,0.2060632688927944,0.30975395430579966
0.3,0.17743362831858406,0.2075221238938053,0.31504424778761064
0.3055555555555556,0.17504409171075838,0.20149911816578484,0.31790123456790126
0.30066225165562915,0.17218543046357615,0.2097130242825607,0.317439293598234
0.30167844522968196,0.1784452296819788,0.2049469964664311,0.31492932862190814
0.30246913580246915,0.1781305114638448,0.20326278659611993,0.31613756613756616
0.3041556145004421,0.1724137931034483,0.20689655172413793,0.3165340406719717
0.30498016747465845,0.1736447774349934,0.2000881445570736,0.3212869105332746
0.30248799650807506,0.1693583587952859,0.19816673941510257,0.32998690528153646
0.30450132391879964,0.1707855251544572,0.19814651368049427,0.3265666372462489
0.2984084880636605,0.17197170645446508,0.20159151193633953,0.3280282935455349
0.30255057167985927,0.16710642040457344,0.19788918205804748,0.3324538258575198
0.3021710234824989,0.16171909614532565,0.20381036774479397,0.3322995126273815
0.2980684811237928,0.16505706760316066,0.20763827919227393,0.3292361720807726
0.2916303400174368,0.16695727986050568,0.20444638186573671,0.33696599825632084
0.2848432055749129,0.16594076655052264,0.2077526132404181,0.34146341463414637
0.2922874671340929,0.16783523225241018,0.2037686240140228,0.33610867659947413
0.29445676274944566,0.1623059866962306,0.21197339246119734,0.33126385809312636
0.29279080053073864,0.16541353383458646,0.21008403361344538,0.33171163202122955
0.28646748681898065,0.16520210896309315,0.2086994727592267,0.3396309314586995
0.28677758318739055,0.16243432574430824,0.2105954465849387,0.3401926444833625
0.2803904170363798,0.16415261756876665,0.2111801242236025,0.3442768411712511
0.2822902796271638,0.170439414114514,0.20372836218375498,0.34354194407456723
0.28777923784494086,0.1660096364432764,0.2076215505913272,0.33858957512045557
0.28224381625441697,0.1696113074204947,0.2049469964664311,0.34319787985865724
0.28653169014084506,0.17077464788732394,0.2051056338028169,0.33758802816901406
0.2838254737769943,0.1740855002203614,0.20449537241075363,0.3375936535918907
0.27931488801054016,0.17610891523935002,0.2028985507246377,0.3416776460254721
0.28249336870026526,0.17771883289124668,0.19982316534040673,0.33996463306808133
0.2849604221635884,0.17766051011433598,0.20580474934036938,0.33157431838170626
0.2862796833773087,0.17282321899736147,0.20580474934036938,0.33509234828496043
0.284452296819788,0.1691696113074205,0.20803886925795054,0.338339222614841
0.28087912087912087,0.1723076923076923,0.20615384615384616,0.34065934065934067
0.27755819060166886,0.16688625384277558,0.20992534036012298,0.3456302151954326
0.273972602739726,0.16924436588599204,0.21520106053910737,0.34158197083517455
0.2747924858016601,0.16819571865443425,0.21799912625600698,0.33901266928789864
0.27425786442179884,0.16526362428001773,0.21621621621621623,0.3442622950819672
0.27333038478549315,0.1685095090667846,0.21318000884564353,0.34498009730207874
0.2799646174259177,0.1685095090667846,0.20875718708536045,0.3427686864219372
0.28021015761821366,0.17600700525394045,0.21015761821366025,0.3336252189141856
0.2739244951712028,0.17998244073748904,0.20983318700614575,0.3362598770851624
0.27411610650371016,0.18507202095154954,0.20427760803142733,0.336534264513313
0.27883340698188247,0.18161732213875387,0.20503756076005303,0.33451171011931063
0.2795936395759717,0.18330388692579505,0.20715547703180212,0.3299469964664311
0.2829033668561434,0.1845212068211631,0.20463489287275907,0.3279405334499344
0.28217602830605926,0.18089340999557718,0.2034498009730208,0.3334807607253428
0.2813321647677476,0.17747589833479405,0.2072743207712533,0.3339176161262051
0.2796833773087071,0.17941952506596306,0.20360598065083554,0.33729111697449426
0.2808641975308642,0.17680776014109348,0.2054673721340388,0.3368606701940035
0.28163444639718804,0.17794376098418277,0.2086994727592267,0.3317223198594025
0.2790594498669033,0.16947648624667258,0.2191659272404614,0.33229813664596275
0.2831858407079646,0.1672566371681416,0.2150442477876106,0.3345132743362832
0.27933450087565675,0.17381786339754815,0.2158493870402802,0.3309982486865149
0.2781954887218045,0.16895179124281293,0.21627598407784165,0.3365767359575409
0.2770034843205575,0.17465156794425088,0.21123693379790942,0.33710801393728224
0.27660510114335973,0.16666666666666666,0.21459982409850484,0.34212840809146877
0.27580225498699046,0.16608846487424112,0.21552471812662619,0.3425845620121422
0.27812223206377323,0.16607617360496013,0.2121346324180691,0.3436669619131975
0.27641921397379915,0.16812227074235808,0.2131004366812227,0.3423580786026201
0.2722419928825623,0.17126334519572953,0.21218861209964412,0.34430604982206403
0.2764835164835165,0.1723076923076923,0.21010989010989012,0.3410989010989011
0.2757709251101322,0.17400881057268722,0.20440528634361232,0.3458149779735683
0.2775564409030544,0.1646746347941567,0.20540061974324922,0.3523683045595396
0.2722100656455142,0.16936542669584245,0.19212253829321663,0.3663019693654267
0.26955002184359983,0.16994320664045434,0.18829183049366535,0.3722149410222805
0.26536930561698363,0.17293233082706766,0.18796992481203006,0.37372843874391865
0.2671922908453789,0.17082785808147175,0.1896627244853263,0.37231712658782307
0.2664604507291206,0.171895713654441,0.1931064958020327,0.3685373398144057
0.2721297107800175,0.17046450482033304,0.19149868536371603,0.3659070990359334
0.27627494456762747,0.16851441241685144,0.18669623059866963,0.36851441241685146
0.27515583259127335,0.1682991985752449,0.19011576135351738,0.3664292074799644
0.2666080070391553,0.17685877694676638,0.19665640123185218,0.3598768147822261
0.27479892761394104,0.17024128686327078,0.19124218051831993,0.36371760500446826
0.27200353825740825,0.17027863777089783,0.19371959310039805,0.3639982308712959
0.27369826435246997,0.17489986648865152,0.19047619047619047,0.36092567868268804
0.2716637781629116,0.1746100519930676,0.1910745233968804,0.3626516464471404
0.274681878016674,0.17770952172005267,0.18780166739798157,0.3598069328652918
0.2715724923346474,0.18046430135786246,0.19097678493210687,0.3569864213753833
0.26919682259488087,0.17475728155339806,0.20123565754633715,0.35481023830538394
0.2673960612691466,0.1711159737417943,0.19956236323851204,0.36192560175054705
0.2699602999558888,0.17468019408910454,0.19717688575209527,0.35818262020291136
0.2650442477876106,0.17300884955752213,0.2004424778761062,0.36150442477876105
0.2699468085106383,0.17553191489361702,0.1945921985815603,0.3599290780141844
0.276707530647986,0.175569176882662,0.18870402802101577,0.35901926444833626
0.2785204991087344,0.17245989304812834,0.18716577540106952,0.36185383244206776
0.28741721854304636,0.17350993377483442,0.18013245033112582,0.35894039735099337
0.2823581560283688,0.17154255319148937,0.18528368794326242,0.3608156028368794
0.2857142857142857,0.17098901098901098,0.18637362637362637,0.3569230769230769
0.28884986830553117,0.17471466198419666,0.1804214223002634,0.3560140474100088
0.2961825362000878,0.16761737604212373,0.17770952172005267,0.3584905660377358
0.2926509186351706,0.173665791776028,0.18547681539807523,0.34820647419072615
0.29333333333333333,0.17377777777777778,0.18488888888888888,0.348
0.29236912156166817,0.17391304347826086,0.18944099378881987,0.3442768411712511
0.28715919085312225,0.17458223394898856,0.19041336851363236,0.34784520668425684
0.28305235137533274,0.1756876663708962,0.18944099378881987,0.3518189884649512
0.284452296819788,0.17446996466431094,0.18992932862190812,0.35114840989399293
0.2888595332452664,0.17569352708058125,0.18978423601937472,0.34566270365477764
0.29117259552042163,0.17742643829600352,0.18620992534036013,0.3451910408432148
0.2926297426951592,0.17880505887483647,0.18229393807239425,0.34627126035761013
0.2948943661971831,0.18045774647887325,0.17825704225352113,0.34639084507042256
0.29253203711886877,0.17498895271763146,0.17852408307556342,0.35395492708793636
0.29728546409807355,0.17425569176882663,0.17600700525394045,0.3524518388791594
0.29664014146772766,0.17418213969938107,0.17197170645446508,0.3572060123784262
0.30127922364358184,0.1733568592853992,0.1729157476841641,0.35244816938685486
0.30196078431372547,0.17559912854030502,0.18213507625272332,0.34030501089324616
0.2992056487202118,0.17255075022065314,0.17740511915269197,0.35083848190644307
0.2998212689901698,0.17247542448614836,0.17292225201072386,0.354781054512958
0.3011836913634371,0.17536168347216133,0.17667689609820253,0.346777729066199
0.2957559681697613,0.17506631299734748,0.17595048629531387,0.3532272325375774
0.2925229558373415,0.18364669873196326,0.17140358548316573,0.35242675994752953
0.2868525896414343,0.18902169101372288,0.17397078353253653,0.35015493581230633
0.2835820895522388,0.18349429323968394,0.17471466198419666,0.3582089552238806
0.2817824377457405,0.17955439056356487,0.17562254259501967,0.36304062909567497
0.27551467367498905,0.1773981603153745,0.1765221200175208,0.37056504599211565
0.2666372851476421,0.18025561921551345,0.18289995592772146,0.37020713970912295
0.26784140969162995,0.18458149779735683,0.1801762114537445,0.3674008810572687
0.26119402985074625,0.18129938542581212,0.1791044776119403,0.3784021071115013
0.2635761589403974,0.18675496688741722,0.1770419426048565,0.3726269315673289
0.26404245908889873,0.18752764263600177,0.18045112781954886,0.36797877045555066
0.26065934065934065,0.18813186813186814,0.1810989010989011,0.3701098901098901
0.2583074878156845,0.18830305715551618,0.18121400088613204,0.3721754541426673
0.25462555066079295,0.1894273127753304,0.18854625550660792,0.3674008810572687
0.25907883082373784,0.1899911426040744,0.18689105403011513,0.3640389725420726
0.25734327049539674,0.19508987286277948,0.18106093818500657,0.3665059184568172
0.26237406920718354,0.19141480508103373,0.18177836180464302,0.36443276390713975
0.2593242650285213,0.19131197893813076,0.18253620008775778,0.3668275559455902
0.260352422907489,0.1973568281938326,0.17797356828193833,0.36431718061674007
0.2560599382988101,0.20449537241075363,0.18157778757161747,0.35786690171881885
0.2635726795096322,0.20665499124343256,0.1808231173380035,0.3489492119089317
0.25976305397103994,0.20754716981132076,0.18253620008775778,0.3501535761298815
0.26301853486319504,0.20123565754633715,0.18755516328331862,0.3481906443071492
0.2635046113306983,0.20202020202020202,0.18840579710144928,0.34606938954765043
0.2625223613595707,0.20572450805008943,0.19007155635062611,0.3416815742397138
0.2676991150442478,0.20265486725663717,0.18893805309734513,0.3407079646017699
0.2644736842105263,0.20350877192982456,0.18859649122807018,0.34342105263157896
0.26790450928381965,0.1958443854995579,0.1905393457117595,0.34571175950486294
0.2702222222222222,0.19066666666666668,0.192,0.3471111111111111
0.26973684210526316,0.1912280701754386,0.1969298245614035,0.34210526315789475
0.2676923076923077,0.1934065934065934,0.19472527472527473,0.34417582417582415
0.2671688081524147,0.20026583961010191,0.1993797075764289,0.3331856446610545
0.2630884293884734,0.2001759788825341,0.1992960844698636,0.3374395072591289
0.2647961420429636,0.19377466023673828,0.19772029811486191,0.3437088996054362
0.261443661971831,0.1875,0.1993838028169014,0.3516725352112676
0.26239578762615184,0.18780166739798157,0.19964896884598507,0.3501535761298815
0.2589991220368745,0.1935908691834943,0.1984196663740123,0.34899034240561894
0.25579361609094886,0.19020550940096195,0.20069960647135987,0.35330126803672934
0.2606969563299515,0.18879576532862816,0.1945302161446846,0.35597706219673575
0.25691699604743085,0.18664909969257795,0.20070267896354854,0.3557312252964427
0.26054806437581557,0.1800782949108308,0.20182688125271858,0.3575467594606351
0.2595352915387988,0.17755370451556335,0.2073651907058308,0.3555458132398071
0.2579505300353357,0.17579505300353357,0.20803886925795054,0.3582155477031802
0.2518615856329391,0.1765221200175208,0.21156373193166886,0.3600525624178712
0.25554569653948533,0.17790594498669032,0.20319432120674358,0.36335403726708076
0.25597874224977857,0.18069087688219662,0.20549158547387067,0.35783879539415414
0.25528169014084506,0.17693661971830985,0.21610915492957747,0.3516725352112676
0.25591586327782645,0.17703768624014024,0.21428571428571427,0.35276073619631904
0.2575957727873184,0.17569352708058125,0.21047996477322764,0.35623073535887273
0.2649647887323944,0.17121478873239437,0.21654929577464788,0.3472711267605634
0.2656729504603244,0.1687856203419553,0.21131082858395442,0.3542306006137659
0.2620202911336568,0.16541685046316718,0.21570357300397,0.35685928539920597
0.2645641699518178,0.16469557599649584,0.219886114761279,0.3508541392904074
0.2609841827768014,0.1704745166959578,0.21528998242530756,0.3532513181019332
0.26834659593280286,0.17727674624226347,0.20601237842617154,0.34836427939876213
0.2634836427939876,0.17152961980548187,0.20822281167108753,0.356763925729443
0.26857142857142857,0.16527472527472528,0.21362637362637363,0.3525274725274725
0.26287744227353466,0.16873889875666073,0.21225577264653642,0.3561278863232682
0.2647702407002188,0.16586433260393874,0.21137855579868708,0.35798687089715536
0.26745718050065875,0.1598594642072903,0.2103645147123408,0.36231884057971014
