C,D,Oc,Od
0.0,0.0,0.0,1.0
0.3333333333333333,0.0,0.0,0.6666666666666666
0.0,0.0,0.3333333333333333,0.6666666666666666
0.0,0.0,0.3333333333333333,0.6666666666666666
0.0,0.0,0.5,0.5
0.14285714285714285,0.0,0.42857142857142855,0.42857142857142855
0.0,0.14285714285714285,0.42857142857142855,0.42857142857142855
0.0,0.0,0.42857142857142855,0.5714285714285714
0.0,0.0,0.4,0.6
0.16666666666666666,0.0,0.3333333333333333,0.5
0.125,0.0,0.25,0.625
0.14285714285714285,0.0,0.14285714285714285,0.7142857142857143
0.0,0.0,0.16666666666666666,0.8333333333333334
0.0,0.0,0.2857142857142857,0.7142857142857143
0.0,0.0,0.375,0.625
0.0,0.0,0.2,0.8
0.0,0.0,0.2,0.8
0.0,0.0,0.23076923076923078,0.7692307692307693
0.07142857142857142,0.0,0.21428571428571427,0.7142857142857143
0.1111111111111111,0.0,0.16666666666666666,0.7222222222222222
0.1,0.05,0.15,0.7
0.047619047619047616,0.047619047619047616,0.14285714285714285,0.7619047619047619
0.06666666666666667,0.03333333333333333,0.1,0.8
0.07692307692307693,0.05128205128205128,0.1282051282051282,0.7435897435897436
0.08163265306122448,0.061224489795918366,0.12244897959183673,0.7346938775510204
0.09523809523809523,0.06349206349206349,0.09523809523809523,0.746031746031746
0.1282051282051282,0.05128205128205128,0.08974358974358974,0.7307692307692307
0.14736842105263157,0.08421052631578947,0.07368421052631578,0.6947368421052632
0.17592592592592593,0.08333333333333333,0.07407407407407407,0.6666666666666666
0.18604651162790697,0.08527131782945736,0.06976744186046512,0.6589147286821705
0.2119205298013245,0.059602649006622516,0.06622516556291391,0.6622516556291391
0.23121387283236994,0.04046242774566474,0.046242774566473986,0.6820809248554913
0.2328042328042328,0.05291005291005291,0.042328042328042326,0.671957671957672
0.2403846153846154,0.04807692307692308,0.04807692307692308,0.6634615384615384
0.2543859649122807,0.04824561403508772,0.03508771929824561,0.6622807017543859
0.25193798449612403,0.050387596899224806,0.031007751937984496,0.6666666666666666
0.2724014336917563,0.05734767025089606,0.02867383512544803,0.6415770609318996
0.27936507936507937,0.05396825396825397,0.02857142857142857,0.638095238095238
0.28732394366197184,0.05070422535211268,0.02535211267605634,0.6366197183098592
0.2904040404040404,0.047979797979797977,0.025252525252525252,0.6363636363636364
0.30385487528344673,0.04081632653061224,0.022675736961451247,0.6326530612244898
0.30677290836653387,0.0398406374501992,0.017928286852589643,0.6354581673306773
0.3295880149812734,0.04307116104868914,0.016853932584269662,0.6104868913857678
0.33728813559322035,0.04745762711864407,0.01864406779661017,0.5966101694915255
0.35358255451713394,0.04205607476635514,0.021806853582554516,0.5825545171339563
0.36142857142857143,0.03571428571428571,0.02142857142857143,0.5814285714285714
0.370757180156658,0.03263707571801567,0.02349869451697128,0.5731070496083551
0.3742550655542312,0.03098927294398093,0.023837902264600714,0.5709177592371871
0.3852097130242826,0.02869757174392936,0.02759381898454746,0.5584988962472406
0.4028197381671702,0.030211480362537766,0.02416918429003021,0.5427995971802618
0.41198501872659177,0.03277153558052434,0.023408239700374533,0.5318352059925093
0.42466960352422906,0.028193832599118944,0.024669603524229075,0.5224669603524229
0.4338235294117647,0.02287581699346405,0.025326797385620915,0.5179738562091504
0.4298850574712644,0.029118773946360154,0.027586206896551724,0.5134099616858238
0.4430746918056563,0.029006526468455404,0.026831036983321246,0.5010877447425671
0.433264887063655,0.028747433264887063,0.026694045174537988,0.5112936344969199
0.43870967741935485,0.02967741935483871,0.027096774193548386,0.5045161290322581
0.4350769230769231,0.029538461538461538,0.02523076923076923,0.5101538461538462
0.4358669833729216,0.028503562945368172,0.02672209026128266,0.5089073634204275
0.43735763097949887,0.02847380410022779,0.025056947608200455,0.5091116173120729
0.44180915609487037,0.02923331494760066,0.024820739106453393,0.5041367898510756
0.43420351624933406,0.02717101758124667,0.02503995737879595,0.5135855087906234
0.43972746331236895,0.027253668763102725,0.02410901467505241,0.5089098532494759
0.44161142274349824,0.02804691483936767,0.02447730749617542,0.5058643549209587
0.4399205561072492,0.03227408142999007,0.02333664349553128,0.5044687189672294
0.4429201371876531,0.03184713375796178,0.021068103870651642,0.5041646251837335
0.44534995206136146,0.027804410354745925,0.019654841802492808,0.5071907957813998
0.4465203176085941,0.02849135917795423,0.018682858477347034,0.5063054647361046
0.4463955637707948,0.028188539741219962,0.019408502772643253,0.506007393715342
0.4408651633686148,0.02761159687068569,0.021629084215370454,0.509894155545329
0.4455490284681428,0.025756891098056935,0.022141888838680523,0.5065521915951198
0.4404869251577998,0.027953110910730387,0.022993688007213707,0.5085662759242561
0.4416740872662511,0.027604630454140695,0.02404274265360641,0.5066785396260017
0.4368279569892473,0.026881720430107527,0.023297491039426525,0.5129928315412187
0.43559928443649376,0.029069767441860465,0.02370304114490161,0.5116279069767442
0.4315742397137746,0.030858676207513418,0.022361359570661897,0.5152057245080501
0.4256546826453617,0.03062583222370173,0.02174877940523746,0.521970705725699
0.42051509769094136,0.03507992895204263,0.021314387211367674,0.5230905861456483
0.4178445229681979,0.03489399293286219,0.02075971731448763,0.5265017667844523
0.4155495978552279,0.035299374441465595,0.020554066130473638,0.5285969615728329
0.41456953642384103,0.03576158940397351,0.02119205298013245,0.528476821192053
0.41540516473731076,0.036064113980409616,0.020480854853072127,0.5280498664292075
0.41721854304635764,0.03443708609271523,0.02207505518763797,0.5262693156732892
0.42105263157894735,0.03759398496240601,0.022556390977443608,0.518796992481203
0.4164079822616408,0.03725055432372506,0.025277161862527715,0.5210643015521065
0.41885282347710096,0.037349933303690526,0.026678523788350377,0.5171187194308582
0.4205648720211827,0.03574580759046778,0.0264783759929391,0.5172109443954104
0.4171806167400881,0.03436123348017621,0.02643171806167401,0.5220264317180616
0.4265486725663717,0.033628318584070796,0.026991150442477876,0.5128318584070797
0.41651865008880995,0.03374777975133215,0.02664298401420959,0.5230905861456483
0.4179824561403509,0.03464912280701754,0.02763157894736842,0.5197368421052632
0.41640935156594616,0.03705337450374945,0.024702249669166298,0.521835024261138
0.4078483245149912,0.03527336860670194,0.024250440917107582,0.5326278659611993
0.40516473731077474,0.03695458593054319,0.02626892252894034,0.5316117542297417
0.4043594306049822,0.03558718861209965,0.026690391459074734,0.5333629893238434
0.401965163019205,0.038856632425189816,0.026351049575703438,0.5328271549799017
0.39653641207815277,0.038632326820603906,0.026198934280639432,0.5386323268206039
0.39228723404255317,0.03856382978723404,0.02526595744680851,0.5438829787234043
0.39111111111111113,0.03866666666666667,0.02711111111111111,0.5431111111111111
0.3924899418864551,0.037103263299061245,0.029056772463120252,0.5413500223513634
0.38633318445734705,0.037516748548459135,0.030817329164805715,0.5453327378293881
0.3841059602649007,0.038410596026490065,0.029580573951434878,0.5479028697571744
0.3874113475177305,0.03590425531914894,0.02969858156028369,0.5469858156028369
0.38738338516215015,0.03331852509995557,0.029764549089293647,0.5495335406486006
0.3836898395721925,0.03208556149732621,0.029411764705882353,0.5548128342245989
0.38970261873058143,0.03195739014647137,0.028406569019085663,0.5499334221038615
0.39084037349933304,0.03156958648288128,0.02712316585148955,0.5504668741662961
0.38103677447939743,0.031014621178555603,0.02658396101019052,0.5613646433318564
0.3845470692717584,0.02886323268206039,0.027531083481349913,0.5590586145648313
0.39155555555555555,0.030666666666666665,0.027555555555555555,0.5502222222222222
0.38224799286351474,0.03166815343443354,0.028545941123996433,0.5575379125780553
0.38547237076648844,0.03297682709447415,0.029857397504456328,0.551693404634581
0.3816021126760563,0.032570422535211266,0.03169014084507042,0.554137323943662
0.38232682060390766,0.03330373001776199,0.034191829484902306,0.5501776198934281
0.38080495356037153,0.0362671384343211,0.03184431667403804,0.5510835913312694
0.3792494481236203,0.03664459161147903,0.032229580573951436,0.5518763796909493
0.3765432098765432,0.033950617283950615,0.03350970017636684,0.5559964726631393
0.37643932683790965,0.03365810451727192,0.03365810451727192,0.5562444641275465
0.3760645450470641,0.03272075302554908,0.031376064545047065,0.5598386373823397
0.37841468875951634,0.032691446484549934,0.03358710255261979,0.5553067622033139
0.37377777777777776,0.03244444444444444,0.032,0.5617777777777778
0.3746116289391922,0.03417665335108744,0.03462050599201065,0.5565912117177098
0.37438643462739846,0.03257474341811691,0.03614457831325301,0.5568942436412316
0.3683045595396193,0.035413899955732624,0.03718459495351926,0.5590969455511288
0.37222715173025733,0.034161490683229816,0.0385980479148181,0.5550133096716947
0.3803191489361702,0.034574468085106384,0.03945035460992908,0.5456560283687943
0.374777183600713,0.03342245989304813,0.04188948306595366,0.5499108734402852
0.37895212285456187,0.03071364046973803,0.04245709123757904,0.547877145438121
0.3717488789237668,0.03273542600896861,0.04304932735426009,0.5524663677130045
0.369826435246996,0.03426791277258567,0.040943480195816645,0.5549621717846017
0.37350993377483444,0.03576158940397351,0.04194260485651214,0.5487858719646799
0.36624775583482944,0.03770197486535009,0.04129263913824058,0.5547576301615799
0.3692375886524823,0.041223404255319146,0.041223404255319146,0.5483156028368794
0.3645320197044335,0.041648007165248545,0.04209583519928348,0.5517241379310345
0.3564044943820225,0.04269662921348315,0.039550561797752806,0.5613483146067416
0.35765124555160144,0.041370106761565835,0.04181494661921708,0.5591637010676157
0.3531499556344277,0.041259982253771074,0.04259094942324756,0.5629991126885537
0.35096153846153844,0.041520979020979024,0.04108391608391608,0.5664335664335665
0.34788418708240537,0.040979955456570155,0.03964365256124722,0.5714922048997773
0.34656084656084657,0.041005291005291,0.04144620811287478,0.5709876543209876
0.34,0.04533333333333334,0.04133333333333333,0.5733333333333334
0.3388245770258237,0.04630454140694568,0.037399821905609976,0.5774710596616207
0.35091640590075995,0.04514975413500223,0.03799731783638802,0.5659365221278498
0.3523683045595396,0.04161133244798584,0.035856573705179286,0.5701637892872953
0.34794156706507307,0.04028331119964586,0.03718459495351926,0.5745905267817618
0.34735899731423453,0.04028648164726947,0.03581020590868397,0.576544315129812
0.3445527015057573,0.04162976085031001,0.03808680248007086,0.5757307351638619
0.341929746554024,0.041351711871943087,0.03868385949310805,0.5780346820809249
0.3317051509769094,0.04129662522202487,0.03774422735346359,0.5892539964476021
0.33111407012871724,0.04172214824678207,0.033732800710164226,0.5934309809143364
0.3337754199823165,0.04111405835543767,0.03227232537577365,0.5928381962864722
0.33613074204946997,0.03975265017667844,0.03356890459363958,0.590547703180212
0.33020554066130475,0.03663985701519214,0.03306523681858802,0.6000893655049151
0.3209054593874834,0.03595206391478029,0.033288948069241014,0.6098535286284953
0.3315508021390374,0.034759358288770054,0.03297682709447415,0.6007130124777184
0.33525243578387953,0.03454384410983171,0.03365810451727192,0.5965456155890169
0.3275862068965517,0.034924845269672856,0.034482758620689655,0.6030061892130858
0.3283052351375333,0.03327417923691216,0.0354924578527063,0.6029281277728483
0.3255605381165919,0.03094170403587444,0.03228699551569507,0.6112107623318386
0.3296411165263624,0.028799291094373063,0.03190075321222862,0.6096588391670359
0.33082039911308203,0.028824833702882482,0.031042128603104215,0.6093126385809312
0.33628710677891005,0.02702702702702703,0.030571555161719097,0.6061143110323438
0.3299379982285208,0.02878653675819309,0.030558015943312665,0.6107174490699734
0.3269657929808974,0.030208796090626388,0.03065304309195913,0.6121723678365171
0.3231871083258729,0.03267681289167413,0.02909579230080573,0.6150402864816473
0.31762114537444935,0.033480176211453744,0.027753303964757708,0.6211453744493393
0.32026431718061676,0.03524229074889868,0.025110132158590308,0.6193832599118942
0.3225377107364685,0.035048802129547474,0.026619343389529725,0.6157941437444543
0.3240371845949535,0.035856573705179286,0.02434705621956618,0.6157591854803011
0.317960088691796,0.03725055432372506,0.023059866962305987,0.6217294900221729
0.323345259391771,0.03756708407871199,0.02191413237924866,0.6171735241502684
0.32639503985828167,0.03587245349867139,0.019929140832595216,0.6178033658104517
0.32376325088339225,0.03975265017667844,0.018551236749116608,0.6179328621908127
0.321285140562249,0.037037037037037035,0.02186523873270861,0.6198125836680054
0.3172992056487202,0.03795233892321271,0.02118270079435128,0.6235657546337158
0.3170947741364039,0.03720106288751107,0.020814880425155006,0.62488928255093
0.32874278098622833,0.03509551310528654,0.02132385606397157,0.6148378498445135
0.3243003109729009,0.03642825410928476,0.02621057307863172,0.6130608618391826
0.32286995515695066,0.039013452914798206,0.027354260089686097,0.610762331838565
0.32755555555555554,0.035111111111111114,0.02666666666666667,0.6106666666666667
0.32695729537366547,0.033807829181494664,0.027135231316725978,0.6120996441281139
0.32487761459724074,0.032487761459724075,0.02848242100578549,0.6141522029372497
0.33124720607957087,0.03442109968708091,0.029056772463120252,0.605274921770228
0.33407572383073497,0.03474387527839644,0.028953229398663696,0.602227171492205
0.32953049583150507,0.03422553751645459,0.029398859148749453,0.6068451075032909
0.3315436241610738,0.032214765100671144,0.029977628635346757,0.6062639821029083
0.3323076923076923,0.03164835164835165,0.03208791208791209,0.603956043956044
0.32958126969833407,0.03286807744259343,0.03376857271499325,0.6037820801440792
0.3312666076173605,0.034986713906111605,0.03277236492471213,0.6009743135518157
0.3291759465478842,0.0334075723830735,0.03429844097995546,0.6031180400890869
0.3283450704225352,0.032570422535211266,0.03345070422535211,0.6056338028169014
0.3318544809228039,0.03327417923691216,0.032830523513753325,0.6020408163265306
0.3412698412698413,0.03218694885361552,0.03306878306878307,0.5934744268077602
0.34342984409799554,0.0334075723830735,0.03162583518930958,0.5915367483296213
0.3470562195661797,0.033200531208499334,0.03054448871181939,0.5891987605135015
0.3483842408145197,0.033200531208499334,0.029659141212926073,0.5887560867640549
0.3435251798561151,0.03327338129496403,0.02787769784172662,0.5953237410071942
0.34137622877569257,0.032171581769437,0.028596961572832886,0.5978552278820375
0.33955555555555555,0.03244444444444444,0.028888888888888888,0.5991111111111111
0.3373386737872719,0.032932799287939477,0.02892745883400089,0.6008010680907877
0.3288650580875782,0.036193029490616625,0.03127792672028597,0.6036639857015192
0.33318525099955576,0.03331852509995557,0.029764549089293647,0.603731674811195
0.3298199385155907,0.032498902064119456,0.03162055335968379,0.6060606060606061
0.3285968028419183,0.03019538188277087,0.03374777975133215,0.6074600355239786
0.32272325375773653,0.03183023872679045,0.03404067197170645,0.6114058355437666
0.31994645247657294,0.03614457831325301,0.03480589022757698,0.6091030789825971
0.32088208820882086,0.0351035103510351,0.03375337533753375,0.6102610261026102
0.322177599286033,0.03480589022757698,0.03257474341811691,0.6104417670682731
0.3232413178984862,0.034728406055209264,0.031611754229741766,0.6104185218165628
0.3279785809906292,0.03614457831325301,0.030789825970548863,0.6050870147255689
0.3229675699689027,0.03509551310528654,0.03198578409595735,0.6099511328298534
0.3285841495992876,0.035173642030276044,0.031166518254674976,0.6050756901157613
0.32860938883968116,0.037643932683790966,0.03188662533215235,0.6018600531443755
0.32450331125827814,0.037969094922737305,0.031346578366445915,0.6061810154525387
0.32073774179037334,0.038686459739091315,0.031938821412505626,0.6086369770580297
0.3191584601611459,0.03894359892569382,0.03625783348254252,0.6056401074306177
0.31932773109243695,0.03847854931446263,0.03715170278637771,0.6050420168067226
0.3238052702099151,0.03707012058954891,0.037516748548459135,0.6016078606520768
0.31892368769298635,0.04190560211733568,0.03925893250992501,0.599911777679753
0.31330092797171893,0.04551480335837384,0.038886433937251434,0.6022978347326557
0.31588366890380315,0.04519015659955257,0.03803131991051454,0.6008948545861298
0.31590607000443066,0.05050952591936198,0.03810367744793974,0.5954807266282676
0.3120567375886525,0.050975177304964536,0.03634751773049645,0.6006205673758865
0.30396083667111706,0.0534045393858478,0.037383177570093455,0.6052514463729417
0.29941467807294014,0.0540297163439892,0.038271049076992344,0.6082845565060784
0.2998655311519498,0.055580457194083374,0.04258180188256387,0.601972209771403
0.2996469549867608,0.05516328331862312,0.0410414827890556,0.6041482789055604
0.30700179533213645,0.05430879712746858,0.0421903052064632,0.5964991023339318
0.302064631956912,0.05026929982046679,0.041741472172351884,0.6059245960502693
0.3065015479876161,0.04643962848297214,0.04157452454666077,0.605484298982751
0.30917225950783,0.043400447427293064,0.038926174496644296,0.6085011185682326
0.3088235294117647,0.039661319073083776,0.03698752228163993,0.6145276292335116
0.3093106535362578,0.04028648164726947,0.03715308863025962,0.6132497761862131
0.31141714793425146,0.04175921812527766,0.037760995113282986,0.6090626388271879
0.3092691622103387,0.040998217468805706,0.03787878787878788,0.6118538324420677
0.30762371823450735,0.04190815871600535,0.041462327240303166,0.6090057958091841
0.31052865393158596,0.0422034651266104,0.043536206130608615,0.603731674811195
0.3085436033643205,0.046038069942452416,0.04205400619743249,0.6033643204957946
0.3037135278514589,0.048187444739168875,0.040229885057471264,0.6078691423519009
0.3044829116733245,0.04660452729693742,0.04349755881047492,0.6054150022192633
0.2954136690647482,0.047212230215827336,0.044514388489208634,0.6128597122302158
0.296,0.04755555555555555,0.043555555555555556,0.6128888888888889
0.2950022114108801,0.045112781954887216,0.04290137107474569,0.616983635559487
0.2979101823032459,0.04535349044019564,0.044464206313917294,0.6122721209426412
0.30191196087149846,0.044464206313917294,0.044019564250778125,0.6096042685638061
0.3035315154224408,0.04380867232901207,0.04425569959767546,0.6084041126508717
0.30562884784520666,0.0426561125769569,0.04177660510114336,0.609938434476693
0.30453944468929045,0.04186866460996033,0.03966505068312032,0.6139268400176289
0.29880478087649404,0.03939796370075255,0.038069942452412575,0.6237273129703409
0.29396092362344584,0.038632326820603906,0.03907637655417407,0.6283303730017762
0.290625,0.038839285714285715,0.038392857142857145,0.6321428571428571
0.29906542056074764,0.03693813974187806,0.037828215398308856,0.6261682242990654
0.29946761313220943,0.03637976929902396,0.0385980479148181,0.6255545696539485
0.2993799822852081,0.03587245349867139,0.034986713906111605,0.6297608503100088
0.30335097001763667,0.03659611992945326,0.033950617283950615,0.6261022927689595
0.3016014234875445,0.03603202846975089,0.03603202846975089,0.6263345195729537
0.3002217294900222,0.03503325942350333,0.03592017738359202,0.6288248337028824
0.2997792494481236,0.03576158940397351,0.03399558498896247,0.6304635761589404
0.30026223776223776,0.036276223776223776,0.032342657342657344,0.6311188811188811
0.30367419212040725,0.035856573705179286,0.03010181496237273,0.6303674192120408
0.30075521990226567,0.037760995113282986,0.028431808085295423,0.6330519768991559
0.30369052912405514,0.037349933303690526,0.026233881725211204,0.6327256558470431
0.30500894454382826,0.03488372093023256,0.0259391771019678,0.6341681574239714
0.3050772626931567,0.03399558498896247,0.026490066225165563,0.6344370860927152
0.3022421524663677,0.033183856502242155,0.027354260089686097,0.637219730941704
0.29554655870445345,0.033738191632928474,0.02699055330634278,0.6437246963562753
0.29817534490431685,0.03159768580329328,0.027592345349354695,0.6426346239430352
0.29706927175843695,0.03019538188277087,0.02708703374777975,0.6456483126110124
0.29959695476936854,0.028660994178235557,0.025974025974025976,0.64576802507837
0.2973928413610252,0.028722934158197082,0.02695536897923111,0.6469288555015467
0.29733333333333334,0.029777777777777778,0.02711111111111111,0.6457777777777778
0.3016014234875445,0.028469750889679714,0.027135231316725978,0.6427935943060499
0.30218068535825543,0.03159768580329328,0.02403204272363151,0.6421895861148198
0.2984670874661858,0.032912533814247066,0.022091974752028856,0.6465284039675383
0.3030035335689046,0.03445229681978799,0.022968197879858657,0.6395759717314488
0.30728241563055064,0.03463587921847247,0.023534635879218474,0.6345470692717584
0.3088888888888889,0.033777777777777775,0.02311111111111111,0.6342222222222222
0.31297369594293356,0.03611234953187695,0.021845742309407043,0.6290682122157825
0.3101153504880213,0.03593611357586513,0.023070097604259095,0.6308784383318545
0.30629432624113473,0.037677304964539006,0.022606382978723406,0.6334219858156028
0.30599647266313934,0.03659611992945326,0.022486772486772486,0.6349206349206349
0.30407801418439717,0.03546099290780142,0.022606382978723406,0.637854609929078
0.30803177405119153,0.03618711385701677,0.019858781994704325,0.6359223300970874
0.29977728285077954,0.03830734966592428,0.023162583518930958,0.6387527839643653
0.2982142857142857,0.0375,0.024553571428571428,0.6397321428571429
0.3041351711871943,0.03646064917741218,0.024455313472654512,0.634948866162739
0.3034605146406389,0.03637976929902396,0.025732031943212066,0.6344276841171251
0.29576837416481067,0.0378619153674833,0.024944320712694878,0.6414253897550112
0.2951404369148462,0.03388319215336603,0.026749888542131076,0.6442264823896567
0.3019867549668874,0.032229580573951436,0.026048565121412803,0.6397350993377483
0.3010610079575597,0.030061892130857647,0.028293545534924844,0.6405835543766578
0.30167844522968196,0.03136042402826855,0.026501766784452298,0.6404593639575972
0.2973928413610252,0.03093239063190455,0.025187803800265134,0.6464869642068052
0.30150976909413857,0.03374777975133215,0.023534635879218474,0.6412078152753108
0.29544449358690844,0.03449800973020787,0.024325519681556832,0.6457319770013269
0.2870452528837622,0.034161490683229816,0.023957409050576754,0.6548358473824313
0.29281277728482696,0.034161490683229816,0.025732031943212066,0.6472937000887311
0.29624664879356566,0.03395889186773905,0.02680965147453083,0.6429848078641645
0.29155555555555557,0.035555555555555556,0.025777777777777778,0.6471111111111111
0.2919254658385093,0.037267080745341616,0.027506654835847383,0.6433007985803016
0.2919611307420495,0.0353356890459364,0.028268551236749116,0.644434628975265
0.2975871313672922,0.03351206434316354,0.028596961572832886,0.6403038427167114
0.29385574354407834,0.03250222617987533,0.02983081032947462,0.6438112199465716
0.29341581970835173,0.0344675209898365,0.03093239063190455,0.6411842686699072
0.29937722419928825,0.03469750889679715,0.032473309608540925,0.6334519572953736
0.2903795233892321,0.03618711385701677,0.03309796999117388,0.6403353927625772
0.2894736842105263,0.036574487065120426,0.032114183764495985,0.6418376449598573
0.2957871396895787,0.03813747228381375,0.027937915742793792,0.6381374722838138
0.2963290579389651,0.03936311366651924,0.028748341441839895,0.6355594869526758
0.29605263157894735,0.03859649122807018,0.02894736842105263,0.6364035087719299
0.3000445831475702,0.03878733838609006,0.03031654034774855,0.6308515381185912
0.2949288256227758,0.03825622775800712,0.027580071174377226,0.6392348754448398
0.2943530457981325,0.037349933303690526,0.028901734104046242,0.6393952867941307
0.29623059866962304,0.03725055432372506,0.027494456762749447,0.6390243902439025
0.2971046770601336,0.0378619153674833,0.028507795100222718,0.6365256124721603
0.29288888888888887,0.037333333333333336,0.028,0.6417777777777778
0.2943278249218401,0.037516748548459135,0.02813756141134435,0.6400178651183565
0.28990662516674076,0.03646064917741218,0.027567807914628723,0.6460649177412183
0.2889767237593325,0.03645147123407993,0.027228809837505488,0.6473429951690821
0.29261744966442954,0.03445190156599553,0.024608501118568233,0.6483221476510067
0.2882327016306743,0.030850594975760245,0.0246804759806082,0.6562362274129573
0.28217602830605926,0.03007518796992481,0.027421494913754976,0.6603272888102609
0.28476232785428696,0.02798756108396268,0.02621057307863172,0.6610395379831187
0.2867256637168142,0.030973451327433628,0.026991150442477876,0.6553097345132743
0.2770330652368186,0.032171581769437,0.028150134048257374,0.662645218945487
0.2735723771580345,0.03142983621071271,0.025675077467906152,0.6693227091633466
0.26948480845442535,0.03302509907529723,0.02686041391457508,0.6706296785557023
0.2773626373626374,0.03076923076923077,0.028131868131868132,0.6637362637362637
0.2768888888888889,0.033777777777777775,0.028,0.6613333333333333
0.2773593265396544,0.02968542312804608,0.030128489144882586,0.6628267611874169
0.2763216348289649,0.03198578409595735,0.03154153709462461,0.6601510439804531
0.28191489361702127,0.030141843971631204,0.03102836879432624,0.6569148936170213
0.27976980965028775,0.0283311199645861,0.03231518370960602,0.6595838866755201
0.28488372093023256,0.029516994633273702,0.0353309481216458,0.6502683363148479
0.2824258521469677,0.03142983621071271,0.035413899955732624,0.650730411686587
0.2814292015880018,0.03352448169386855,0.03440670489633877,0.6506396118217909
0.28938053097345134,0.034955752212389384,0.032300884955752215,0.643362831858407
0.28527336860670194,0.036155202821869487,0.03130511463844797,0.6472663139329806
0.28125,0.03482142857142857,0.03125,0.6526785714285714
0.2812083518436251,0.0368725011106175,0.03154153709462461,0.6503776099511328
0.2774336283185841,0.034955752212389384,0.032300884955752215,0.6553097345132743
0.2778021978021978,0.035164835164835165,0.036923076923076927,0.6501098901098901
0.2801231310466139,0.034740545294635,0.03737906772207564,0.6477572559366754
0.27643703378674855,0.03334795963141729,0.035980693286529176,0.6542343132953049
0.2730496453900709,0.03679078014184397,0.03590425531914894,0.6542553191489362
0.27107364685004437,0.0385980479148181,0.032830523513753325,0.6574977817213842
0.27175843694493784,0.03685612788632327,0.03596802841918295,0.655417406749556
0.26946902654867255,0.03849557522123894,0.035398230088495575,0.6566371681415929
0.2690941385435169,0.03996447602131439,0.03507992895204263,0.6558614564831261
0.2706401766004415,0.039293598233995586,0.033112582781456956,0.6569536423841059
0.26518847006651886,0.038580931263858094,0.032815964523281595,0.6634146341463415
0.26483613817537643,0.03675819309123118,0.03100088573959256,0.6674047829937998
0.2595385980479148,0.03593611357586513,0.030612244897959183,0.6739130434782609
0.261558784676354,0.036547776309995596,0.029502421840598855,0.6723910171730515
0.2622658340767172,0.0383586083853702,0.030330062444246207,0.6690454950936664
0.26225165562913905,0.03664459161147903,0.02913907284768212,0.6719646799116997
0.264218540080609,0.036274070756829375,0.02910882221227049,0.6703985669502911
0.2670530539456086,0.03209986625055729,0.02808738296923763,0.6727596968345966
0.26061689763075546,0.033080017881090745,0.02682163611980331,0.6794814483683504
0.25676895306859204,0.0315884476534296,0.029332129963898917,0.6823104693140795
0.2558139534883721,0.029069767441860465,0.02996422182468694,0.6851520572450805
0.2606969563299515,0.029554477282752536,0.032201146890163214,0.6775474194971328
0.2630173564753004,0.02848242100578549,0.03426791277258567,0.6742323097463284
0.2617893345085941,0.02908770383428823,0.03261348611723226,0.6765094755398854
0.25320938468348825,0.03010181496237273,0.03187250996015936,0.6848162903939796
0.2539964476021314,0.028419182948490232,0.03241563055062167,0.6851687388987566
0.25394736842105264,0.02850877192982456,0.030263157894736843,0.6872807017543859
0.24967032967032968,0.028131868131868132,0.032527472527472526,0.6896703296703297
0.25,0.027827648114901255,0.03411131059245961,0.6880610412926391
0.2518747243052492,0.026025584472871635,0.03440670489633877,0.6876929863255403
0.25320938468348825,0.02611775121735281,0.03408587870739265,0.6865869853917662
0.25939019001325675,0.024745912505523642,0.03314184710561202,0.6827220503756076
0.25377777777777777,0.028,0.03155555555555556,0.6866666666666666
0.25440140845070425,0.030809859154929578,0.03125,0.6835387323943662
0.25603217158176944,0.029490616621983913,0.03127792672028597,0.6831992850759607
0.2601336302895323,0.028953229398663696,0.030734966592427616,0.6801781737193764
0.2637900355871886,0.029359430604982206,0.03113879003558719,0.675711743772242
0.2596537949400799,0.02929427430093209,0.03195739014647137,0.6790945406125166
0.2658677319130049,0.029738126941855306,0.031069684864624945,0.6733244562805148
0.26175687666370895,0.029281277728482696,0.029281277728482696,0.6796805678793256
0.25467497773820125,0.029385574354407838,0.02894033837934105,0.6869991095280499
0.2624555160142349,0.026245551601423486,0.03113879003558719,0.6801601423487544
0.2599118942731278,0.027312775330396475,0.030837004405286344,0.6819383259911894
0.2601232394366197,0.02948943661971831,0.02948943661971831,0.6808978873239436
0.2647189021691014,0.027888446215139442,0.029659141212926073,0.6777335104028331
0.26269315673289184,0.029580573951434878,0.029580573951434878,0.6781456953642384
0.2552338530066815,0.029844097995545656,0.030289532293986638,0.6846325167037862
0.25880281690140844,0.02948943661971831,0.02992957746478873,0.6817781690140845
0.2545374059318282,0.02656042496679947,0.03275785745905268,0.6861443116423196
0.25100133511348466,0.027147307521139297,0.03426791277258567,0.6875834445927904
0.2503364737550471,0.02736653207716465,0.03633916554508748,0.6859578286227007
0.2505592841163311,0.026398210290827742,0.03445190156599553,0.6885906040268457
0.24631202503352703,0.02682163611980331,0.033974072418417524,0.6928922664282521
0.24457244129375277,0.0256978289765175,0.03322995126273815,0.6964997784669916
0.24878048780487805,0.0270509977827051,0.03325942350332594,0.6909090909090909
0.250771264874394,0.026884089907448214,0.03305420890260027,0.6892904363155575
0.253671562082777,0.027147307521139297,0.03159768580329328,0.6875834445927904
0.2498890368397692,0.02929427430093209,0.032845095428317796,0.6879715934309809
0.2543507362784471,0.029451137884872823,0.038375725122713075,0.6778224007139669
0.25764966740576495,0.02926829268292683,0.03991130820399113,0.6731707317073171
0.25687666370896184,0.02839396628216504,0.03948535936113576,0.6752440106477373
0.2547714158899245,0.03062583222370173,0.03772747447847315,0.6768752774079005
0.26313446126447015,0.027604630454140695,0.03695458593054319,0.672306322350846
0.25809312638580933,0.028381374722838137,0.03813747228381375,0.6753880266075388
0.2575011195700851,0.03000447828034035,0.03716972682489924,0.6753246753246753
0.26483613817537643,0.02878653675819309,0.03587245349867139,0.6705048715677591
0.26505494505494503,0.03032967032967033,0.03340659340659341,0.6712087912087912
0.26375545851528387,0.02925764192139738,0.03406113537117904,0.6729257641921398
0.2633908809207614,0.029659141212926073,0.03231518370960602,0.6746347941567065
0.2674315975286849,0.029567519858781994,0.03133274492497794,0.6716681376875552
0.2676246070947463,0.028738212842388863,0.02918724741805119,0.6744499326448137
0.2665188470066519,0.029711751662971176,0.0270509977827051,0.6767184035476719
0.2636001769128704,0.0291906236178682,0.03051747014595312,0.6766917293233082
0.2621359223300971,0.029567519858781994,0.03089143865842895,0.677405119152692
0.2661965623622741,0.02908770383428823,0.030850594975760245,0.6738651388276774
0.2646017699115044,0.027876106194690265,0.029646017699115044,0.6778761061946903
0.27132805628847845,0.028144239226033423,0.029023746701846966,0.6715039577836411
0.27099911582670205,0.027409372236958444,0.028293545534924844,0.6732979664014147
0.26900844819919967,0.028012449977767896,0.026233881725211204,0.6767452200978212
0.2689594356261023,0.029541446208112873,0.026895943562610228,0.6746031746031746
0.2769640479360852,0.029738126941855306,0.027518863737239236,0.6657789613848203
0.27669039145907476,0.029359430604982206,0.025355871886120998,0.6685943060498221
0.27074041034790364,0.028545941123996433,0.024531668153434435,0.6761819803746655
0.27580071174377224,0.027135231316725978,0.024466192170818506,0.6725978647686833
0.277851166886834,0.022457067371202115,0.022457067371202115,0.6772346983707618
0.28245299910474486,0.022829006266786033,0.023724261414503133,0.6709937332139659
0.27920353982300883,0.023451327433628318,0.024336283185840708,0.6730088495575222
0.28054697838553155,0.02293780326422585,0.025143361270401413,0.6713718570798412
0.2791519434628975,0.026501766784452298,0.026501766784452298,0.6678445229681979
0.28437917222963954,0.024922118380062305,0.0258121940364931,0.664886515353805
0.27458834000890076,0.0267022696929239,0.028037383177570093,0.6706720071206053
0.2709447415329768,0.02807486631016043,0.027629233511586453,0.6733511586452763
0.26962305986696233,0.027494456762749447,0.0270509977827051,0.6758314855875831
0.26928162185985016,0.028206258263552227,0.026884089907448214,0.6756280299691494
0.25963668586619404,0.02702702702702703,0.027913159060700046,0.6854231280460789
0.25177304964539005,0.027925531914893616,0.030141843971631204,0.6901595744680851
0.2515391380826737,0.028583992963940194,0.0316622691292876,0.6882145998240985
0.24493392070484582,0.027312775330396475,0.03303964757709251,0.6947136563876652
0.2474636082928981,0.02867225408028231,0.032642258491398325,0.6912218791354212
0.24644128113879005,0.02891459074733096,0.03558718861209965,0.6890569395017794
0.248562582927908,0.02697921273772667,0.03538257408226449,0.6890756302521008
0.24899418864550737,0.02592758158247653,0.033974072418417524,0.6911041573535985
0.25145413870246086,0.02371364653243848,0.031767337807606266,0.6930648769574944
0.25278644672313866,0.023629068212215783,0.029424877396344182,0.6941596076683014
0.2489025460930641,0.023266022827041263,0.031167690956979806,0.6966637401229149
0.2522007042253521,0.025088028169014086,0.032570422535211266,0.6901408450704225
0.23948649845064188,0.02611775121735281,0.033200531208499334,0.701195219123506
0.24478935698447893,0.026607538802660754,0.031929046563192905,0.6966740576496674
0.24491600353669318,0.026967285587975242,0.02961980548187445,0.6984969053934571
0.2409532215357458,0.02824360105913504,0.02824360105913504,0.7025595763459841
0.25067144136078784,0.02820053715308863,0.02864816472694718,0.6924798567591763
0.24622222222222223,0.029777777777777778,0.028444444444444446,0.6955555555555556
0.2492225677476677,0.029764549089293647,0.030208796090626388,0.6908040870724123
0.23907225691347012,0.030776092774308653,0.028545941123996433,0.7016057091882248
0.23542402826855124,0.03312720848056537,0.029151943462897525,0.7022968197879859
0.22696929238985314,0.03337783711615487,0.0258121940364931,0.7138406764574989
0.23242530755711774,0.03471001757469244,0.026362038664323375,0.7065026362038664
0.23182018510356986,0.03349493168796827,0.026443367122080213,0.7082415160863816
0.23807400802496656,0.028979045920642,0.029870708872046365,0.703076237182345
0.23809523809523808,0.02830188679245283,0.027852650494159928,0.7057502246181492
0.23971693940734187,0.0291906236178682,0.02830605926581159,0.7027863777089783
0.23941798941798942,0.028659611992945325,0.029982363315696647,0.7019400352733686
0.235950044603033,0.028545941123996433,0.030776092774308653,0.7047279214986619
0.24044444444444443,0.029777777777777778,0.029777777777777778,0.7
0.23964365256124723,0.029844097995545656,0.028953229398663696,0.7015590200445434
0.24220837043633126,0.029385574354407838,0.02983081032947462,0.6985752448797863
0.24263736263736263,0.02945054945054945,0.02989010989010989,0.6980219780219781
0.24658138509042787,0.02999558888398765,0.02867225408028231,0.6947507719453022
0.24480777728678746,0.034025629695095004,0.025187803800265134,0.6959787892178524
0.24341223760607414,0.03171058508262617,0.0241179097811523,0.7007592675301474
0.240625,0.029910714285714287,0.024553571428571428,0.7049107142857143
0.23584485064645563,0.028979045920642,0.024520731163620153,0.7106553722692822
0.23155103844454264,0.02695536897923111,0.02342023862129916,0.7180733539549271
0.23427812223206376,0.026572187776793623,0.023914968999114262,0.7152347209920283
0.24124168514412417,0.02616407982261641,0.025720620842572064,0.7068736141906874
0.23609885260370697,0.025154457193292144,0.027802294792586054,0.7109443954104149
0.23761061946902653,0.024336283185840708,0.026991150442477876,0.7110619469026549
0.24049513704686118,0.02564102564102564,0.028735632183908046,0.7051282051282052
0.23969871510855117,0.023482498892334957,0.02924235711120957,0.7075764288879043
0.23756660746003552,0.025310834813499113,0.02975133214920071,0.7073712255772646
0.23625164980202376,0.024637043554773426,0.030796304443466784,0.708315002199736
0.23524229074889869,0.02643171806167401,0.029955947136563875,0.7083700440528634
0.2331288343558282,0.025416301489921123,0.02716914986853637,0.7142857142857143
0.237017310252996,0.027075011096316024,0.02885042166000888,0.7070572569906791
0.2357581069237511,0.029798422436459245,0.028921998247151623,0.7055214723926381
0.22995594713656387,0.03039647577092511,0.02907488986784141,0.7105726872246696
0.2296756996890271,0.030208796090626388,0.029320302087960905,0.7107952021323856
0.23418277680140598,0.029437609841827767,0.030755711775043937,0.7056239015817223
0.23452914798206279,0.030493273542600896,0.03273542600896861,0.7022421524663677
0.23503521126760563,0.030369718309859156,0.03125,0.7033450704225352
0.22971175166297117,0.031929046563192905,0.03414634146341464,0.7042128603104213
0.23331860362350862,0.03049049933716306,0.03314184710561202,0.7030490499337163
0.2349582784365393,0.030742204655248132,0.034255599472990776,0.7000439174352218
0.23241317898486197,0.029385574354407838,0.035173642030276044,0.7030276046304541
0.2319679430097952,0.03250222617987533,0.034728406055209264,0.7008014247551202
0.22926829268292684,0.03015521064301552,0.038580931263858094,0.7019955654101996
0.2276605298607993,0.029636281993713515,0.038616973506960035,0.7040862146385272
0.22074468085106383,0.027925531914893616,0.03590425531914894,0.7154255319148937
0.22001763668430335,0.02601410934744268,0.03968253968253968,0.7142857142857143
0.22483370288248336,0.025277161862527715,0.04212860310421286,0.7077605321507761
0.2237422771403354,0.02824360105913504,0.0410414827890556,0.706972639011474
0.21691013722886232,0.029216467463479414,0.04028331119964586,0.7135900841080124
0.2212784979883773,0.02682163611980331,0.04112650871703174,0.7107733571747876
0.22114962702939886,0.0298376480912681,0.03949100482667837,0.7095217200526547
0.2202118270079435,0.03000882612533098,0.040158870255957636,0.7096204766107679
0.2184873949579832,0.028748341441839895,0.03803626713843432,0.7147279964617426
0.2151215121512151,0.03285328532853286,0.03915391539153915,0.7128712871287128
0.2106202588130299,0.03435966086568496,0.03614457831325301,0.7188755020080321
0.20985481742190937,0.03563572371315442,0.03783545974483062,0.7166739991201055
0.2138728323699422,0.035126722987994664,0.03912850155624722,0.7118719430858159
0.21692650334075725,0.03608017817371938,0.03875278396436525,0.7082405345211581
0.21314387211367672,0.037300177619893425,0.03774422735346359,0.7118117229129662
0.21409455842997324,0.037020517395182875,0.036574487065120426,0.7123104371097234
0.2136485280999108,0.03568242640499554,0.03746654772524532,0.7132024977698483
0.21644444444444444,0.033777777777777775,0.036,0.7137777777777777
0.20861074123391035,0.032845095428317796,0.03550821127385708,0.7230359520639148
0.21115537848605578,0.03054448871181939,0.03497122620628597,0.7233289065958388
0.20755555555555555,0.029333333333333333,0.036444444444444446,0.7266666666666667
