C,D,Oc,Od
1.0,0.0,0.0,0.0
0.8,0.2,0.0,0.0
0.6666666666666666,0.3333333333333333,0.0,0.0
0.5625,0.3125,0.125,0.0
0.6086956521739131,0.2608695652173913,0.13043478260869565,0.0
0.5526315789473685,0.2631578947368421,0.18421052631578946,0.0
0.5714285714285714,0.30357142857142855,0.125,0.0
0.524390243902439,0.32926829268292684,0.13414634146341464,0.012195121951219513
0.5128205128205128,0.3076923076923077,0.1623931623931624,0.017094017094017096
0.5098039215686274,0.29411764705882354,0.17647058823529413,0.0196078431372549
0.5190476190476191,0.2761904761904762,0.17142857142857143,0.03333333333333333
0.5440613026819924,0.27586206896551724,0.13409961685823754,0.04597701149425287
0.5368731563421829,0.2743362831858407,0.15339233038348082,0.035398230088495575
0.5243619489559165,0.28074245939675174,0.14849187935034802,0.04640371229698376
0.5327102803738317,0.27102803738317754,0.15514018691588785,0.041121495327102804
0.5483870967741935,0.24731182795698925,0.15821812596006143,0.04608294930875576
0.5574412532637075,0.2545691906005222,0.1462140992167102,0.04177545691906005
0.5506912442396313,0.2534562211981567,0.15552995391705068,0.04032258064516129
0.5538461538461539,0.2553846153846154,0.1558974358974359,0.03487179487179487
0.554249547920434,0.2522603978300181,0.15280289330922242,0.0406871609403255
0.5363489499192245,0.26252019386106623,0.15266558966074315,0.048465266558966075
0.5353982300884956,0.25737463126843657,0.1541297935103245,0.05309734513274336
0.5147361206305688,0.26319396847155585,0.15901302261823166,0.06305688827964359
0.5249360613810742,0.2506393861892583,0.159846547314578,0.06457800511508952
0.5164433617539586,0.243605359317905,0.1638246041412911,0.07612667478684532
0.5124493341053851,0.2362478286045165,0.17197452229299362,0.07932831499710481
0.4988962472406181,0.23344370860927152,0.17328918322295805,0.09437086092715231
0.5068421052631579,0.21789473684210525,0.1763157894736842,0.09894736842105263
0.4965139442231076,0.2156374501992032,0.17928286852589642,0.10856573705179283
0.5067961165048543,0.21844660194174756,0.170873786407767,0.10388349514563107
0.5180201826045171,0.21432003844305622,0.1715521383950024,0.09610764055742431
0.5126250595521677,0.21724630776560266,0.18151500714626012,0.0886136255359695
0.5122180451127819,0.21146616541353383,0.18984962406015038,0.08646616541353383
0.5192850423330198,0.2121354656632173,0.18203198494825965,0.08654750705550329
0.5192575406032482,0.21902552204176334,0.17726218097447796,0.08445475638051043
0.5242311276794035,0.21481826654240446,0.1766076421248835,0.08434296365330848
0.5258259655653792,0.21451838064215914,0.17403443462075385,0.08562121917170777
0.5263888888888889,0.21481481481481482,0.1763888888888889,0.0824074074074074
0.5291954022988505,0.21149425287356322,0.17195402298850573,0.08735632183908046
0.5397859469520707,0.20893438808748255,0.16845044206607723,0.08282922289436948
0.5379659456971928,0.2052462034054303,0.17487344684767603,0.08191440404970088
0.5467957584140156,0.20055325034578148,0.17058552328261872,0.08206546795758414
0.548729792147806,0.19584295612009237,0.1672055427251732,0.08822170900692841
0.5526193787668058,0.18636995827538247,0.16828929068150209,0.0927213722763097
0.5506912442396313,0.18847926267281107,0.1663594470046083,0.0944700460829493
0.5527289546716003,0.18732654949121183,0.16651248843663274,0.09343200740055504
0.5513588208198986,0.18608935974205434,0.1690465223399355,0.09350529709811146
0.5596877869605142,0.1859504132231405,0.1593204775022957,0.09504132231404959
0.559780119102153,0.1841502519468621,0.15941365093907467,0.09665597801191021
0.5548475193445608,0.1893491124260355,0.15475648611743287,0.10104688211197087
0.5591743119266055,0.1811926605504587,0.15642201834862385,0.10321100917431193
0.5597426470588235,0.18336397058823528,0.15073529411764705,0.10615808823529412
0.5548416704910509,0.18494722349701698,0.1505277650298302,0.10968334098210188
0.5593991807009558,0.17751479289940827,0.14747382794720074,0.11561219845243514
0.5582034830430798,0.1842346471127406,0.14069660861594868,0.11686526122823097
0.5591893136803316,0.18056195301704284,0.1372639336711193,0.12298479963150621
0.5556066176470589,0.17003676470588236,0.14292279411764705,0.13143382352941177
0.5548974943052392,0.17539863325740318,0.13895216400911162,0.13075170842824602
0.5568645219755324,0.17444494789306753,0.13774354327140914,0.13094698685999093
0.5481682496607869,0.17322478516508366,0.14020805065581185,0.1383989145183175
0.5552498853736818,0.1682714351215039,0.14030261348005502,0.1361760660247593
0.5591594335312928,0.16491548652352672,0.14024668798538145,0.135678391959799
0.5595831445400997,0.158586316266425,0.14227458087902128,0.139555958314454
0.5469890510948905,0.1624087591240876,0.1446167883211679,0.145985401459854
0.5529680365296804,0.15388127853881278,0.1461187214611872,0.14703196347031963
0.5580009170105457,0.1485557083906465,0.14809720311783586,0.14534617148097204
0.5503840939900587,0.15996384997740623,0.14188883868052418,0.14776321735201084
0.5565177757520511,0.1554238833181404,0.1431175934366454,0.14494074749316319
0.5560578661844484,0.1518987341772152,0.14602169981916818,0.14602169981916818
0.5555555555555556,0.14830119375573922,0.1446280991735537,0.15151515151515152
0.5537340619307832,0.14799635701275046,0.14571948998178508,0.15255009107468123
0.5546448087431693,0.14981785063752276,0.1407103825136612,0.15482695810564662
0.5636114911080712,0.14227086183310533,0.1409028727770178,0.15321477428180574
0.563563115487914,0.1387645478961504,0.1405550581915846,0.15711727842435094
0.5565099457504521,0.14195298372513562,0.1442133815551537,0.15732368896925858
0.5573033707865168,0.14247191011235955,0.1393258426966292,0.16089887640449438
0.5565060783430887,0.14272850067537146,0.1409275101305718,0.15983791085096805
0.5490284681427926,0.14414821509263442,0.14188883868052418,0.1649344780840488
0.5536363636363636,0.14136363636363636,0.14045454545454544,0.16454545454545455
0.5564149226569609,0.14240218380345768,0.13830755232029118,0.16287534121929026
0.5650994575045208,0.1360759493670886,0.13110307414104883,0.16772151898734178
0.5686009896536213,0.13315339631129106,0.1241565452091768,0.17408906882591094
0.5612932195779075,0.14099685675797036,0.12752581948810057,0.17018410417602156
0.5664240218380345,0.1337579617834395,0.12556869881710647,0.17424931756141948
0.5660463004993191,0.13300045392646392,0.12165229232864276,0.1793009532455742
0.5712341197822142,0.12613430127041741,0.11887477313974591,0.1837568058076225
0.570323167956304,0.12335002275830678,0.11925352753755121,0.18707328174783797
0.5734831460674157,0.12314606741573034,0.1150561797752809,0.18831460674157302
0.5732913669064749,0.12769784172661872,0.11555755395683454,0.18345323741007194
0.5773011617515639,0.11751563896336015,0.11572832886505809,0.18945487042001788
0.5711711711711712,0.12117117117117117,0.11531531531531532,0.19234234234234235
0.5713644524236984,0.1144524236983842,0.1144524236983842,0.1997307001795332
0.5795918367346938,0.11020408163265306,0.10748299319727891,0.20272108843537415
0.578827805542935,0.11449341208541572,0.10449795547478419,0.20218082689686506
0.5822898032200358,0.1131484794275492,0.10420393559928444,0.2003577817531306
0.5770964833183048,0.11722272317403065,0.10009017132551848,0.20559062218214608
0.568130375735627,0.11905839746491625,0.1009506564056134,0.21186057039384337
0.5673952641165756,0.12112932604735883,0.1029143897996357,0.20856102003642987
0.5716870194482134,0.11442786069651742,0.10492989597467209,0.208955223880597
0.5723951285520974,0.11231393775372124,0.10013531799729364,0.21515561569688768
0.5810507409070499,0.10776829815895823,0.09878760664571172,0.21239335428828018
0.5754464285714286,0.11026785714285714,0.10133928571428572,0.21294642857142856
0.5815412186379928,0.10259856630824372,0.09811827956989247,0.21774193548387097
0.5866483767718336,0.0978509373571102,0.09282121627800641,0.22267946959304985
0.5836314847942755,0.10241502683363149,0.08989266547406083,0.2240608228980322
0.5876798561151079,0.10071942446043165,0.08678057553956835,0.22482014388489208
0.5894689870593485,0.09549308344489067,0.08612226684515842,0.2289156626506024
0.5880517164511815,0.09585376727596968,0.08247882300490414,0.2336156932679447
0.5918458781362007,0.0931899641577061,0.08243727598566308,0.2325268817204301
0.5919003115264797,0.09167779261237205,0.0778816199376947,0.2385402759234535
0.6006261180679785,0.08452593917710197,0.0778175313059034,0.2370304114490161
0.5956598759964571,0.08635961027457928,0.07927369353410098,0.23870682019486272
0.5909901873327387,0.08831400535236396,0.0767172167707404,0.243978590544157
0.5904634581105169,0.08110516934046345,0.07887700534759358,0.24955436720142601
0.581147176522899,0.0840373499333037,0.07914628723877279,0.25566918630502444
0.5813226094727435,0.0840035746201966,0.07998212689901697,0.2546916890080429
0.5864828812805691,0.08181413961760782,0.08048021342819031,0.2512227656736327
0.5842945874001775,0.08118899733806566,0.08074534161490683,0.25377107364685003
0.5899955337204109,0.07637338097364894,0.07726663689146941,0.25636444841447076
0.588470066518847,0.0762749445676275,0.07760532150776053,0.25764966740576495
0.5950892857142858,0.06964285714285715,0.07455357142857143,0.26071428571428573
0.5851917930419268,0.06913470115967886,0.07760927743086529,0.26806422836752897
0.5830013280212484,0.06684373616644533,0.07525453740593183,0.2749003984063745
0.5794183445190156,0.06442953020134229,0.07695749440715884,0.2791946308724832
0.5861148197596796,0.06364040943480195,0.06898086337338674,0.28126390743213175
0.5838926174496645,0.06532438478747203,0.06890380313199106,0.28187919463087246
0.582737030411449,0.06216457960644007,0.06797853309481217,0.28711985688729874
0.5815096025011166,0.06029477445288075,0.06788744975435462,0.29030817329164804
0.5755711775043937,0.06239015817223199,0.06810193321616871,0.29393673110720564
0.5707338638373121,0.0636604774535809,0.06631299734748011,0.29929266136162685
0.5726306465899026,0.05934455270150576,0.0637732506643047,0.304251550044287
0.5776785714285714,0.059821428571428574,0.0625,0.3
0.5693950177935944,0.06094306049822064,0.054270462633451956,0.3153914590747331
0.5687830687830688,0.062169312169312166,0.057760141093474424,0.31128747795414463
0.5668591737005775,0.05908485117725455,0.054198134162594405,0.31985784095957354
0.5749888740542947,0.059190031152647975,0.052514463729417,0.31330663106364043
0.5650044523597507,0.05966162065894924,0.05520926090828139,0.3201246660730187
0.565236818588025,0.0612153708668454,0.05227882037533512,0.32126899016979443
0.566340160284951,0.05699020480854853,0.05031166518254675,0.3263579697239537
0.5618579723090665,0.05761500669941939,0.04912907548012506,0.331397945511389
0.5541685242978154,0.055283102987070884,0.05349977708426215,0.33704859563085154
0.5584988962472406,0.052980132450331126,0.054304635761589407,0.33421633554083885
0.558303886925795,0.05256183745583039,0.04946996466431095,0.33966431095406363
0.5608465608465608,0.05246913580246913,0.048500881834215165,0.33818342151675485
0.5560869565217391,0.05478260869565217,0.049565217391304345,0.33956521739130435
0.5616071428571429,0.049553571428571426,0.04642857142857143,0.3424107142857143
0.5579646017699115,0.05,0.047787610619469026,0.34424778761061947
0.5630289532293986,0.045879732739420934,0.047661469933184854,0.34342984409799554
0.5573916927199642,0.047342563644484144,0.04644930772666369,0.3488164359088879
0.5608888888888889,0.042222222222222223,0.04933333333333333,0.34755555555555556
0.5529933481152993,0.04478935698447894,0.04966740576496674,0.352549889135255
0.5495137046861185,0.04553492484526967,0.048187444739168875,0.356763925729443
0.5462184873949579,0.04555506413091552,0.05218929677134011,0.3560371517027864
0.5540301151461471,0.0420726306465899,0.050487156775907885,0.3534100974313552
0.5476610767872904,0.03927625772285966,0.05163283318623124,0.3614298323036187
0.5458980044345898,0.04124168514412417,0.049223946784922396,0.36363636363636365
0.5455345358556973,0.044434667839859214,0.050593928728552576,0.3594368675758909
0.548472775564409,0.04426737494466578,0.046923417441345726,0.36033643204957944
0.5444839857651246,0.04359430604982206,0.046263345195729534,0.36565836298932386
0.5456570155902004,0.0467706013363029,0.04543429844097996,0.3621380846325167
0.5446865273454868,0.0426856380613606,0.04357492218763895,0.3690529124055136
0.547153024911032,0.04314946619217082,0.04048042704626335,0.3692170818505338
0.5551617190961453,0.03766061143110323,0.03943287549844927,0.36774479397430215
0.5497382198952879,0.038394415357766144,0.04363001745200698,0.3682373472949389
0.5532386867790594,0.03682342502218278,0.04259094942324756,0.3673469387755102
0.5494505494505495,0.03912087912087912,0.03956043956043956,0.3718681318681319
0.5478723404255319,0.038120567375886524,0.041223404255319146,0.3727836879432624
0.5434494927216585,0.036612262902514334,0.04455227172474636,0.3753859726510807
0.5458573327425786,0.034116083296411165,0.042977403633141335,0.3770491803278688
0.5520741394527803,0.03265666372462489,0.04060017652250662,0.37466902030008825
0.548614166300044,0.03343598768147822,0.04003519577650682,0.37791465024197096
0.5411140583554377,0.03404067197170645,0.04332449160035367,0.38152077807250223
0.5416850463167181,0.029554477282752536,0.04146449051610057,0.38729598588442876
0.5375441696113075,0.03268551236749117,0.04107773851590106,0.38869257950530034
0.5430318916557448,0.03407601572739188,0.039755351681957186,0.3831367409349061
0.5385292822545135,0.03522677234698371,0.039189784236019376,0.3870541611624835
0.5432862190812721,0.03489399293286219,0.03931095406360424,0.3825088339222615
0.5434973637961336,0.032952548330404216,0.03954305799648506,0.38400702987697716
0.543859649122807,0.03333333333333333,0.035526315789473684,0.38728070175438595
0.5459744830620326,0.031236251649802024,0.03519577650681918,0.38759348878134625
0.5356984478935698,0.03592017738359202,0.03725055432372506,0.39113082039911307
0.5376862401402279,0.039000876424189306,0.033304119193689745,0.39000876424189307
0.5384951881014873,0.0389326334208224,0.03587051618547681,0.3867016622922135
0.5379523389232127,0.038393645189761696,0.03398058252427184,0.38967343336275373
0.5401686640035508,0.03462050599201065,0.029738126941855306,0.3954727030625832
0.5416850463167181,0.03573003970004411,0.031318923687692984,0.39126599029554476
0.5493392070484582,0.033480176211453744,0.029515418502202642,0.3876651982378855
0.5475251861585633,0.03679369250985545,0.030661410424879545,0.38501971090670173
0.5482033304119194,0.03680981595092025,0.031113058720420684,0.3838737949167397
0.5450510430537062,0.03417665335108744,0.02929427430093209,0.3914780292942743
0.5439367311072056,0.03383128295254833,0.031195079086115993,0.39103690685413006
0.5403863037752414,0.03467954345917471,0.03204565408252853,0.3928884986830553
0.5376727596968346,0.032545697726259475,0.02808738296923763,0.4016941596076683
0.5320456540825286,0.030728709394205442,0.03160667251975417,0.40561896400351183
0.5298245614035088,0.02982456140350877,0.03640350877192983,0.4039473684210526
0.527520915896081,0.031704095112285335,0.036547776309995596,0.404227212681638
0.53045013239188,0.028684907325684024,0.03662842012356576,0.4042365401588703
0.5318401405357928,0.02678963548528766,0.03469477382520861,0.40667545015371104
0.5352915387987724,0.026742656729504603,0.03419552827707146,0.40377027619465145
0.5373790677220757,0.028583992963940194,0.03430079155672823,0.3997361477572559
0.5364900086880973,0.02736750651607298,0.03388357949609035,0.40225890529973934
0.5335951134380453,0.028359511343804537,0.03446771378708551,0.40357766143106455
0.5412642669007902,0.025460930640913083,0.033362598770851626,0.3999122036874451
0.5391725352112676,0.02112676056338028,0.035651408450704226,0.4040492957746479
0.5351303579319487,0.02209456473707468,0.035793194874060984,0.4069818824569156
0.5312775330396475,0.024229074889867842,0.030837004405286344,0.41365638766519824
0.5386631716906947,0.023591087811271297,0.03145478374836173,0.40629095674967236
0.5377564382365779,0.01964207769532955,0.034046268005237884,0.40855521606285466
0.5437062937062938,0.018356643356643356,0.03190559440559441,0.40603146853146854
0.5437828371278459,0.01795096322241681,0.03371278458844133,0.404553415061296
0.5484154929577465,0.016725352112676055,0.030809859154929578,0.4040492957746479
0.539543057996485,0.017135325131810195,0.03031634446397188,0.4130052724077329
0.5358391608391608,0.020104895104895104,0.03190559440559441,0.41215034965034963
0.5353846153846153,0.01802197802197802,0.02945054945054945,0.41714285714285715
0.5415194346289752,0.020318021201413426,0.028268551236749116,0.4098939929328622
0.5364995602462621,0.020228671943711522,0.027264731750219876,0.4160070360598065
0.5311130587204207,0.020595968448729185,0.024539877300613498,0.42375109553023665
0.537215411558669,0.021015761821366025,0.024080560420315235,0.4176882661996497
0.5363834422657952,0.02091503267973856,0.026143790849673203,0.41655773420479303
0.538562091503268,0.0196078431372549,0.027886710239651415,0.4139433551198257
0.532258064516129,0.01961639058413252,0.02964254577157803,0.4184829991281604
0.5321381722780936,0.017927415828596416,0.027547004809794492,0.4223874070835155
0.5318961724593049,0.01803783545974483,0.025076990761108666,0.42498900131984163
0.5341452805567638,0.021313614615050023,0.023923444976076555,0.42061765985210964
0.5344902386117136,0.021691973969631236,0.02472885032537961,0.4190889370932755
0.5406236275801494,0.021958717610891524,0.023276240667545016,0.41414141414141414
0.5334507042253521,0.023327464788732395,0.022887323943661973,0.4203345070422535
0.5313734093900834,0.025449758666081616,0.02369460289600702,0.419482229047828
0.5285588752196837,0.025043936731107205,0.024165202108963092,0.422231985940246
0.5297225891677675,0.02553940995156319,0.02289740202553941,0.4218405988551299
0.525,0.02280701754385965,0.02324561403508772,0.42894736842105263
0.5283842794759825,0.02052401746724891,0.02314410480349345,0.4279475982532751
0.5264538696982947,0.022737210319195452,0.023174464363795364,0.4276344556187145
0.5216049382716049,0.021604938271604937,0.023368606701940034,0.4334215167548501
0.5273200346921075,0.0199479618386817,0.023850823937554208,0.42888117953165655
0.5213600697471665,0.01918047079337402,0.021795989537925022,0.43766346992153443
0.5284837861524978,0.021034180543382998,0.020157756354075372,0.4303242769500438
0.5264527320034692,0.020815264527320035,0.023850823937554208,0.42888117953165655
0.5312363477501092,0.022280471821756225,0.022717343818261248,0.4237658366098733
0.5366492146596858,0.02268760907504363,0.02181500872600349,0.418848167539267
0.5345201910551455,0.022579244463742945,0.020842379504993486,0.42205818497611813
0.5365746824353921,0.02102496714848883,0.02102496714848883,0.4213753832676303
0.5395714910362921,0.01880192391779624,0.020113686051595976,0.4215128989943157
0.5403508771929825,0.02017543859649123,0.0206140350877193,0.41885964912280704
0.5388307155322862,0.02006980802792321,0.018760907504363003,0.4223385689354276
0.5372940156114484,0.020815264527320035,0.0199479618386817,0.4219427580225499
0.5384283246977547,0.022020725388601035,0.018566493955094993,0.4209844559585492
0.5330126803672934,0.021425448185395716,0.017052907739396588,0.4285089637079143
0.531496062992126,0.021434820647419073,0.01706036745406824,0.4300087489063867
0.5328918322295806,0.019867549668874173,0.02119205298013245,0.4260485651214128
0.5311818578281727,0.020497165285651986,0.02136938508504143,0.4269515918011339
0.5269855199648968,0.023255813953488372,0.018429135585783237,0.4313295304958315
0.5266841644794401,0.024496937882764653,0.020122484689413824,0.42869641294838146
0.5199652777777778,0.027777777777777776,0.019965277777777776,0.4322916666666667
0.5185185185185185,0.027886710239651415,0.02091503267973856,0.4326797385620915
0.5175704989154013,0.026464208242950107,0.02386117136659436,0.4321041214750542
0.515631880228974,0.026420079260237782,0.024218405988551298,0.4337296345222369
0.5199826238053866,0.02780191138140747,0.022589052997393572,0.42962641181581235
0.5123751628310899,0.023881893182805036,0.022579244463742945,0.4411636995223621
0.5106940200785683,0.024879965080750764,0.02182453077258839,0.4426014840680925
0.5151648351648351,0.026813186813186812,0.0210989010989011,0.4369230769230769
0.5068191816981962,0.027276726792784867,0.02155741311042675,0.44434667839859215
0.49802023757149144,0.027276726792784867,0.02067751869775627,0.45402551693796744
0.5028621752531924,0.02774108322324967,0.018494055482166448,0.45090268604139144
0.5015479876160991,0.0291906236178682,0.018575851393188854,0.4506855373728439
0.49713277459197175,0.02690780767534186,0.018526687251874726,0.4574327304808116
0.4993383325981473,0.02293780326422585,0.01808557565063961,0.45963828848698723
0.49498910675381264,0.02178649237472767,0.016557734204793027,0.4666666666666667
0.4925569176882662,0.020577933450087564,0.019702276707530646,0.46716287215411556
0.4910753156290814,0.021767522855899,0.02002612102742708,0.4671310404875925
0.49434290687554394,0.020017406440382943,0.02132288946910357,0.46431679721496955
0.4942528735632184,0.01856763925729443,0.020778072502210435,0.46640141467727675
0.4861781483106626,0.022378236068451074,0.02150065818341378,0.46994295743747255
0.4899912967798085,0.02132288946910357,0.022628372497824196,0.4660574412532637
0.491044124071647,0.01834862385321101,0.021843599825251202,0.4687636522498908
0.48495420846053205,0.020497165285651986,0.0226777147841256,0.47187091146969035
0.4865816102067752,0.020237571491421028,0.01891772987241531,0.47426308842938847
0.4853391684901532,0.021444201312910284,0.013566739606126914,0.47964989059080965
0.48075240594925633,0.024059492563429572,0.01531058617672791,0.4798775153105862
0.4820960698689956,0.024890829694323144,0.014847161572052401,0.4781659388646288
0.48839246605343845,0.02102496714848883,0.01357862461673237,0.47700394218134035
0.4923413566739606,0.02188183807439825,0.01312910284463895,0.4726477024070022
0.5024006983849847,0.023134002618943692,0.01178524661719773,0.46268005237887383
0.5002172968274663,0.02303346371142981,0.013472403302911778,0.4632768361581921
0.5024027959807776,0.023154215814766274,0.011795543905635648,0.46264744429882043
0.4958205015398152,0.02375714914210295,0.015398152221733392,0.46502419709634846
0.49428320140721194,0.026385224274406333,0.013192612137203167,0.46613896218117856
0.503697259678121,0.026533275337103087,0.013484123531970421,0.4562853414528056
0.4958351600175362,0.026742656729504603,0.01446733888645331,0.4629548443665059
0.4964788732394366,0.02464788732394366,0.014084507042253521,0.4647887323943662
0.49105194238323874,0.02138804015713662,0.016150152771715408,0.4714098646879092
0.48984995586937335,0.02294792586054722,0.01676963812886143,0.470432480141218
0.48453159041394334,0.023965141612200435,0.018736383442265796,0.47276688453159044
0.47707231040564374,0.025573192239858905,0.01763668430335097,0.47971781305114636
0.47833698030634575,0.025820568927789934,0.01487964989059081,0.48096280087527354
0.4738691260430391,0.024593763724198508,0.015810276679841896,0.4857268335529205
0.4755458515283843,0.024017467248908297,0.01834061135371179,0.4820960698689956
0.4722711267605634,0.022007042253521125,0.020246478873239437,0.48547535211267606
0.47061365600691446,0.024200518582541054,0.02031114952463267,0.4848746758859118
0.4686265906099166,0.02106186924089513,0.018429135585783237,0.491882404563405
0.47195442594215603,0.01971954425942156,0.01621384750219106,0.4921121822962314
0.46816976127320953,0.022104332449160036,0.016357206012378427,0.493368700265252
0.4671950682518714,0.022457067371202115,0.015411712901805373,0.4949361514751211
0.4656521739130435,0.022608695652173914,0.016956521739130436,0.49478260869565216
0.46436379536510713,0.021862702229995628,0.016178399650196764,0.4975951027547005
0.462784588441331,0.02276707530647986,0.016637478108581436,0.4978108581436077
0.4747787610619469,0.02168141592920354,0.018141592920353982,0.4853982300884956
0.464801049409707,0.024048972452995192,0.019239177962396152,0.49191080017490163
0.4675663909447105,0.023944275141488898,0.01828471919895516,0.49020461471484544
0.46660846791793975,0.02531645569620253,0.020515058926233086,0.48756001745962463
0.4701459531180893,0.024325519681556832,0.01901813356921716,0.4865103936311367
0.46655157531290464,0.026758739749676307,0.01812688821752266,0.48856279671989644
0.46855895196506553,0.026200873362445413,0.017903930131004366,0.4873362445414847
0.47056239015817225,0.027240773286467488,0.01757469244288225,0.48462214411247806
0.4697102721685689,0.028094820017559263,0.018437225636523266,0.48375768217734855
0.4688466637207247,0.026513477684489615,0.01855943437914273,0.48608042421564296
0.47471162377994675,0.024401064773735583,0.016415261756876662,0.484472049689441
0.4749560632688928,0.021528998242530756,0.018014059753954304,0.48550087873462217
0.4672489082969432,0.02314410480349345,0.01921397379912664,0.4903930131004367
0.4692069118298626,0.024811696942844484,0.018165706690296855,0.48781568453699603
0.47197898423817863,0.026707530647985988,0.020577933450087564,0.4807355516637478
0.47035573122529645,0.02678963548528766,0.018884497145366712,0.4839701361440492
0.47208791208791206,0.02197802197802198,0.02065934065934066,0.48527472527472526
0.4707177454865698,0.022457067371202115,0.01893439013650374,0.48789079700572435
0.46707638279192276,0.0228270412642669,0.019315188762071993,0.49078138718173836
0.46187363834422657,0.023529411764705882,0.0196078431372549,0.49498910675381264
0.4650856389986825,0.021958717610891524,0.020641194554238032,0.49231444883618797
0.46524761077324067,0.01998262380538662,0.023892267593397045,0.4908774978279757
0.4630755864465682,0.023457862728062554,0.019113814074717638,0.4943527367506516
0.4656755574989069,0.024923480542195016,0.019676432006996064,0.4897245299519021
0.4576568670469504,0.02632733655111891,0.022378236068451074,0.4936375603334796
0.45268207588312254,0.02703881378107283,0.020933275185346708,0.49934583515045794
0.45387293298520454,0.025239338555265448,0.019147084421235857,0.5017406440382942
0.45430579964850615,0.02240773286467487,0.01845342706502636,0.5048330404217927
0.45359477124183006,0.021350762527233117,0.022222222222222223,0.5028322440087146
0.44624835454146555,0.023255813953488372,0.022378236068451074,0.508117595436595
0.45367132867132864,0.0236013986013986,0.021416083916083916,0.5013111888111889
0.449868073878628,0.026824978012313105,0.021547933157431837,0.5017590149516271
0.4467805519053876,0.025405168637757335,0.02102496714848883,0.5067893123083662
0.44916739702015773,0.022348816827344433,0.018843120070113933,0.5096406660823839
0.44526820758831226,0.02573048408198866,0.016572176188399478,0.5124291321412996
0.4436188811188811,0.021416083916083916,0.021416083916083916,0.513548951048951
0.44351648351648354,0.017582417582417582,0.01934065934065934,0.5195604395604395
0.4485776805251641,0.017943107221006564,0.017943107221006564,0.5155361050328228
0.4480035103115402,0.017990346643264588,0.017990346643264588,0.5160157964019306
0.44670710571923744,0.018630849220103985,0.020363951473136917,0.5142980935875217
0.4463350785340314,0.017452006980802792,0.019197207678883072,0.5170157068062827
0.4441993824437583,0.012792236435818262,0.020291133656815175,0.5227172474636083
0.4477282752536392,0.0141155712395236,0.022055580061755623,0.5161005734450816
0.4515845070422535,0.013204225352112676,0.02068661971830986,0.514524647887324
0.4457092819614711,0.014010507880910683,0.020577933450087564,0.5197022767075307
0.43591979075850046,0.017436791630340016,0.01918047079337402,0.5274629468177855
0.43118466898954705,0.017421602787456445,0.01916376306620209,0.5322299651567944
0.4348398420359807,0.018867924528301886,0.019306713470820535,0.5269855199648968
0.4446389496717724,0.02100656455142232,0.017067833698030634,0.5172866520787747
0.4348958333333333,0.020833333333333332,0.018663194444444444,0.5256076388888888
0.43412908930150307,0.01900972590627763,0.018125552608311227,0.5287356321839081
0.4318676534610361,0.02133217239878102,0.01828471919895516,0.5285154549412276
0.4275109170305677,0.02096069868995633,0.018777292576419215,0.5327510917030568
0.4300884955752212,0.020353982300884955,0.021238938053097345,0.5283185840707965
0.4242957746478873,0.019806338028169015,0.02068661971830986,0.5352112676056338
0.42010535557506584,0.020632133450395083,0.02019315188762072,0.5390693590869183
0.4189010989010989,0.023296703296703296,0.02241758241758242,0.5353846153846153
0.42172383465259455,0.02198768689533861,0.02198768689533861,0.5343007915567283
0.4240174672489083,0.021834061135371178,0.019650655021834062,0.5344978165938865
0.41863517060367456,0.02099737532808399,0.020559930008748905,0.5398075240594926
0.4178052005288673,0.022917584839136182,0.021154693697664168,0.5381225209343323
0.41601049868766404,0.02099737532808399,0.020559930008748905,0.5424321959755031
0.41189331001311763,0.022737210319195452,0.020988194140795804,0.5443812855268911
0.40365376250543716,0.025228360156589823,0.019138755980861243,0.5519791213571118
0.4057971014492754,0.022397891963109356,0.017127799736495388,0.5546772068511199
0.4091312056737589,0.024822695035460994,0.018617021276595744,0.5474290780141844
0.4111160123511248,0.021614468460520512,0.019850022055580063,0.5474194971327746
0.4075055187637969,0.02075055187637969,0.02075055187637969,0.5509933774834437
0.40865384615384615,0.02403846153846154,0.02054195804195804,0.5467657342657343
0.4083700440528634,0.025110132158590308,0.019383259911894272,0.547136563876652
0.4104020979020979,0.024475524475524476,0.018356643356643356,0.5467657342657343
0.4110188019239178,0.027984258854394404,0.017052907739396588,0.5439440314822912
0.4163732394366197,0.027288732394366196,0.014964788732394365,0.5413732394366197
0.4140521431727795,0.026071586389748123,0.015024304021210782,0.5448519664162615
0.4100436681222707,0.02576419213973799,0.014847161572052401,0.5493449781659389
0.4035621198957428,0.026064291920069503,0.014335360556038228,0.5560382276281495
0.40919037199124725,0.025820568927789934,0.014442013129102845,0.55054704595186
0.403921568627451,0.02483660130718954,0.01786492374727669,0.5533769063180828
0.40895129442738043,0.022817025010969723,0.017112768758227294,0.5511189118034225
0.41153169014084506,0.02420774647887324,0.014524647887323943,0.5497359154929577
0.4100087796312555,0.025460930640913083,0.015364354697102721,0.5491659350307287
0.4076822348319511,0.023134002618943692,0.016586643387167175,0.552597119161938
0.4068391056554143,0.022797018851380975,0.017536168347216132,0.5528277071459886
0.40325417766051014,0.022427440633245383,0.018469656992084433,0.55584872471416
0.40622261174408414,0.017528483786152498,0.01621384750219106,0.5600350569675723
0.40382941688424717,0.01610095735422106,0.020017406440382943,0.5600522193211488
0.4003511852502195,0.01624231782265145,0.01755926251097454,0.5658472344161545
0.40573414422241527,0.015638575152041704,0.019113814074717638,0.5595134665508253
0.4100656455142232,0.01312910284463895,0.017067833698030634,0.5597374179431073
0.4052980132450331,0.013686534216335542,0.018101545253863136,0.5629139072847682
0.3975373790677221,0.014072119613016711,0.01759014951627089,0.5708003518029904
0.3943478260869565,0.014347826086956521,0.015217391304347827,0.5760869565217391
0.3906794425087108,0.014372822299651568,0.017421602787456445,0.5775261324041812
0.39277851166886835,0.013650374284456186,0.015411712901805373,0.5781594011448701
0.3967629046369204,0.01268591426071741,0.017497812773403325,0.5730533683289589
0.39096094778411583,0.010092145677928916,0.017990346643264588,0.5809565598946906
0.39399216369177187,0.01044841097083152,0.02046147148454506,0.5750979538528516
0.3915688830943068,0.013906996957844416,0.01955671447196871,0.5749674054758801
0.38903508771929823,0.013157894736842105,0.01929824561403509,0.5785087719298245
0.38763796909492276,0.013686534216335542,0.015011037527593819,0.583664459161148
0.38594969644405897,0.015611448395490026,0.014744145706851692,0.5836947094535994
0.3828947368421053,0.015789473684210527,0.014473684210526316,0.5868421052631579
0.3914949583516002,0.0131521262604121,0.013590530469092503,0.5817623849188952
0.3922942206654991,0.013572679509632224,0.014010507880910683,0.580122591943958
0.3911905800261666,0.013519406890536415,0.012211077191452245,0.5830789358918448
0.3892294220665499,0.014448336252189142,0.014010507880910683,0.5823117338003503
0.39198606271777003,0.014808362369337979,0.01524390243902439,0.5779616724738676
0.38901003052769295,0.014827736589620584,0.01439162668992586,0.5817706061927606
0.3849826388888889,0.016493055555555556,0.016059027777777776,0.5824652777777778
0.38898525585429317,0.012142237640936688,0.016912402428447527,0.5819601040763226
0.38901003052769295,0.013519406890536415,0.014827736589620584,0.58264282599215
0.3861558554636482,0.012189812799303439,0.01654331737048324,0.5851110143665651
0.3885238720981165,0.01445466491458607,0.013140604467805518,0.5838808585194919
0.388986013986014,0.017482517482517484,0.01048951048951049,0.583041958041958
0.37816593886462885,0.017903930131004366,0.017467248908296942,0.5864628820960699
0.3773913043478261,0.017826086956521738,0.01956521739130435,0.5852173913043478
0.374617067833698,0.017943107221006564,0.01575492341356674,0.5916849015317287
0.3793706293706294,0.016608391608391608,0.017482517482517484,0.5865384615384616
0.3754370629370629,0.020104895104895104,0.01791958041958042,0.5865384615384616
0.38294168842471715,0.018711923411662314,0.014360313315926894,0.5839860748476936
0.3787548976926426,0.02089682194166304,0.01872006965607314,0.5816282107096212
0.374173644777435,0.020713970912296167,0.021154693697664168,0.5839576906126047
0.3769129864451246,0.01880192391779624,0.023174464363795364,0.5811106252732838
0.3776711731356302,0.017880505887483647,0.020933275185346708,0.5835150457915395
0.3757655293088364,0.015748031496062992,0.020559930008748905,0.5879265091863517
0.37258347978910367,0.015817223198594025,0.01845342706502636,0.5931458699472759
0.37363596682671324,0.014404190309908338,0.01920558707987778,0.5927542557835006
0.3621668851026649,0.01616426387068589,0.019222367846221056,0.6024464831804281
0.3687851275399914,0.016428880242109815,0.016428880242109815,0.598357111975789
0.3663755458515284,0.014410480349344978,0.01921397379912664,0.6
0.3634389926183239,0.013460703430308293,0.02040816326530612,0.6026921406860617
0.3565857885615251,0.00996533795493934,0.01949740034662045,0.6139514731369151
0.3658112222705524,0.01087429317094389,0.02044367116137451,0.6028708133971292
0.3587719298245614,0.010964912280701754,0.018859649122807017,0.6114035087719298
0.35818262020291136,0.010145566828407587,0.019850022055580063,0.611821790913101
0.35008665511265163,0.01169844020797227,0.01776429809358752,0.6204506065857885
0.35936814392277316,0.010969723562966213,0.017112768758227294,0.6125493637560333
0.35882867132867136,0.011363636363636364,0.017045454545454544,0.6127622377622378
0.3635164835164835,0.011428571428571429,0.015384615384615385,0.6096703296703296
0.352787456445993,0.013066202090592335,0.014808362369337979,0.6193379790940766
0.3520697167755991,0.011764705882352941,0.013071895424836602,0.6230936819172114
0.35742617893345086,0.010577346848832084,0.013662406346408109,0.618334067871309
0.3554295682511993,0.013519406890536415,0.0113388573920628,0.6197121674662015
0.3524554541503694,0.01303780964797914,0.011734028683181226,0.6227727075184702
0.3565484012264564,0.01401664476565922,0.010512483574244415,0.6189224704336399
0.35406698564593303,0.013049151805132666,0.012179208351457155,0.6207046541974771
0.36047535211267606,0.011443661971830986,0.010123239436619719,0.6179577464788732
0.36489407695633375,0.01124081279723303,0.007782101167315175,0.6160830090791181
0.3638353765323993,0.009632224168126095,0.008318739054290718,0.6182136602451839
0.36446568201563856,0.014769765421372719,0.008253692441355343,0.6125108601216334
0.35522256500661087,0.01498457470251212,0.011899515204936095,0.617893345085941
0.3531209079004801,0.014840680925360105,0.010912265386294195,0.6211261457878655
0.35561380515508956,0.018785495849716033,0.012669287898645697,0.6129314110965487
0.36233144845585036,0.019138755980861243,0.01087429317094389,0.6076555023923444
0.3605412483631602,0.01920558707987778,0.008729812309035356,0.6115233522479266
0.36288570186875274,0.01955671447196871,0.010430247718383311,0.6071273359408953
0.36723910171730517,0.017173051519154558,0.010568031704095112,0.6050198150594451
0.3698510078878177,0.017090271691498685,0.010517090271691499,0.6025416301489921
0.37259194395796846,0.0148861646234676,0.011821366024518389,0.6007005253940455
0.3740756850804698,0.01783384080034798,0.0117442366246194,0.5963462374945628
0.37216404886561955,0.015270506108202443,0.010907504363001745,0.6016579406631762
0.3733217843222174,0.013858813339107838,0.012126461671719359,0.6006929406669554
0.37320574162679426,0.011309264897781644,0.012614180078294911,0.6028708133971292
0.37581274382314694,0.011270047680970958,0.011703511053315995,0.6012136974425661
0.3742869679684072,0.013163668275559455,0.010092145677928916,0.6024572180781045
0.3689277899343545,0.012691466083150985,0.009190371991247264,0.6091903719912473
0.36830553116769094,0.012730465320456541,0.013169446883230905,0.6057945566286216
0.36494755244755245,0.013111888111888112,0.012674825174825174,0.6092657342657343
0.36080666374397197,0.011398509425690487,0.011398509425690487,0.6163963174046471
0.3584905660377358,0.011408512505484861,0.013163668275559455,0.6169372531812198
0.351138353765324,0.012697022767075307,0.013572679509632224,0.6225919439579685
0.3463881636205396,0.01174934725848564,0.01392515230635335,0.6279373368146214
0.3504161191414805,0.010512483574244415,0.013140604467805518,0.6259307928164696
0.3387860525182953,0.01334481274214378,0.015497201894102454,0.6323719328454585
0.3369995600527937,0.013198416190057193,0.015398152221733392,0.6344038715354158
0.3362521891418564,0.014010507880910683,0.014010507880910683,0.6357267950963222
0.33742869679684073,0.011408512505484861,0.013163668275559455,0.637999122422115
0.33377020532983837,0.010484927916120577,0.012232415902140673,0.6435124508519003
0.3362598770851624,0.01009657594381036,0.009657594381035996,0.6439859525899913
0.33814523184601925,0.010936132983377077,0.009186351706036745,0.6417322834645669
0.34321849105974706,0.013083296990841693,0.008286088094199739,0.6354121238552115
0.3417281806339557,0.014329135909683021,0.009552757273122015,0.6343899261832393
0.3427209705372617,0.016031195840554593,0.009098786828422877,0.6321490467937608
0.34045335658238884,0.015693112467306015,0.010897994768962511,0.6329555361813426
0.3442551332459589,0.014853647881170816,0.009611183923110528,0.6312800349497597
0.33869565217391306,0.01565217391304348,0.013043478260869565,0.6326086956521739
0.3382867132867133,0.013548951048951048,0.01048951048951049,0.6376748251748252
0.3302591128678085,0.014492753623188406,0.010979358805445762,0.6442687747035574
0.32441911442349847,0.01578255151249452,0.00789127575624726,0.6519070583077597
0.3201581027667984,0.017127799736495388,0.00878348704435661,0.6539306104523496
0.32333767926988266,0.016079965232507605,0.008257279443720122,0.6523250760538896
0.32341526520051744,0.013799051315222079,0.009055627425614488,0.653730056058646
0.32857142857142857,0.015151515151515152,0.009523809523809525,0.6467532467532467
0.3279616724738676,0.01132404181184669,0.010452961672473868,0.6502613240418118
0.326512842838485,0.01044841097083152,0.01044841097083152,0.652590335219852
0.33174740484429066,0.012543252595155709,0.011678200692041523,0.6440311418685121
0.3227490213136146,0.012614180078294911,0.016093953892996955,0.6485428447150935
0.31838170624450307,0.010993843447669306,0.017150395778364115,0.6534740545294635
0.31968295904887717,0.00836635843240863,0.01673271686481726,0.655217965653897
0.32113289760348585,0.01045751633986928,0.013943355119825708,0.6544662309368192
0.3170731707317073,0.013501742160278746,0.014808362369337979,0.6546167247386759
0.31048034934497815,0.01222707423580786,0.017903930131004366,0.6593886462882096
0.31082858395440593,0.01578255151249452,0.01446733888645331,0.6589215256466462
