C,D,Oc,Od
0.0,1.0,0.0,0.0
0.0,0.6666666666666666,0.0,0.3333333333333333
0.0,0.6,0.0,0.4
0.0,0.5,0.0,0.5
0.0,0.5384615384615384,0.0,0.46153846153846156
0.0,0.42857142857142855,0.0,0.5714285714285714
0.0,0.3157894736842105,0.05263157894736842,0.631578947368421
0.0,0.3870967741935484,0.03225806451612903,0.5806451612903226
0.0,0.4473684210526316,0.05263157894736842,0.5
0.0,0.4230769230769231,0.07692307692307693,0.5
0.015151515151515152,0.4090909090909091,0.06060606060606061,0.5151515151515151
0.03488372093023256,0.38372093023255816,0.046511627906976744,0.5348837209302325
0.03636363636363636,0.36363636363636365,0.03636363636363636,0.5636363636363636
0.033783783783783786,0.3716216216216216,0.02702702702702703,0.5675675675675675
0.031914893617021274,0.3776595744680851,0.026595744680851064,0.5638297872340425
0.04329004329004329,0.36363636363636365,0.025974025974025976,0.5670995670995671
0.06451612903225806,0.3727598566308244,0.014336917562724014,0.5483870967741935
0.08433734939759036,0.37349397590361444,0.015060240963855422,0.5271084337349398
0.08478802992518704,0.3491271820448878,0.014962593516209476,0.5511221945137157
0.10425531914893617,0.33617021276595743,0.010638297872340425,0.548936170212766
0.11870503597122302,0.33992805755395683,0.008992805755395683,0.5323741007194245
0.125,0.3421875,0.009375,0.5234375
0.13404825737265416,0.3378016085790885,0.010723860589812333,0.517426273458445
0.14883720930232558,0.3372093023255814,0.010465116279069767,0.5034883720930232
0.1668372569089048,0.33572159672466734,0.012282497441146366,0.4851586489252815
0.18561278863232683,0.32238010657193605,0.012433392539964476,0.47957371225577267
0.2052505966587112,0.30628480509148764,0.013524264120922832,0.47494033412887826
0.22254335260115607,0.2911849710982659,0.015895953757225433,0.4703757225433526
0.2367741935483871,0.292258064516129,0.01870967741935484,0.45225806451612904
0.2471229557843731,0.28952150211992733,0.021804966686856452,0.4415505754088431
0.24139875916525663,0.290468133107727,0.025380710659898477,0.4427523970671179
0.2491961414790997,0.2829581993569132,0.02465166130760986,0.44319399785637725
0.2580321285140562,0.2776104417670683,0.025100401606425703,0.4392570281124498
0.26614481409001955,0.2744618395303327,0.027886497064579255,0.4315068493150685
0.2699443413729128,0.2662337662337662,0.03571428571428571,0.42810760667903525
0.2728921124206709,0.2656391659111514,0.03762466001813237,0.42384406165004535
0.2676118741692512,0.2738147984049623,0.03943287549844927,0.4191404519273372
0.27232142857142855,0.2700892857142857,0.04107142857142857,0.41651785714285716
0.2651080723423026,0.27040141155712394,0.04278782531980591,0.42170269078076755
0.26441881100266196,0.2701863354037267,0.04303460514640639,0.422360248447205
0.26457597173144876,0.26369257950530034,0.04372791519434629,0.4280035335689046
0.2727272727272727,0.2594880847308032,0.04148278905560459,0.4263018534863195
0.27470613844144537,0.2546800174140183,0.040487592511972134,0.43012625163256424
0.2750439367311072,0.2535149384885764,0.04130052724077329,0.43014059753954303
0.2755905511811024,0.25065616797900264,0.04286964129483815,0.4308836395450569
0.27276746242263483,0.2537577365163572,0.042440318302387266,0.43103448275862066
0.26912811387900354,0.2566725978647687,0.04181494661921708,0.43238434163701067
0.26733977172958734,0.2515364354697103,0.03775241439859526,0.4433713784021071
0.26290251433612705,0.2523158359064843,0.03573003970004411,0.4490516100573445
0.2642418930762489,0.2467134092900964,0.040315512708150744,0.44872918492550395
0.27264692885550157,0.24569155987627045,0.03844454264250994,0.4432169686257181
0.2749778956675508,0.2396109637488948,0.040671971706454466,0.4447391688770999
0.27422956677087984,0.24073246985261276,0.03974988834301027,0.4452880750334971
0.2848324514991182,0.23368606701940034,0.040123456790123455,0.44135802469135804
0.284452296819788,0.23233215547703182,0.04328621908127209,0.43992932862190814
0.2857142857142857,0.2302573203194321,0.04525288376220053,0.4387755102040816
0.2876834148510449,0.2218763895064473,0.04357492218763895,0.4468652734548688
0.2899955927721463,0.21683561040105773,0.04451300132216836,0.4486557955046276
0.2930957683741648,0.2155902004454343,0.0467706013363029,0.444543429844098
0.29779735682819386,0.20969162995594715,0.042731277533039645,0.44977973568281937
0.29576837416481067,0.21247216035634744,0.04053452115812917,0.4512249443207127
0.29688888888888887,0.21288888888888888,0.03955555555555555,0.45066666666666666
0.2976085031000886,0.21036315323294952,0.038529672276350756,0.4534986713906112
0.2964757709251101,0.20308370044052865,0.039647577092511016,0.46079295154185024
0.30216144684605206,0.20335244816938686,0.04190560211733568,0.4525805028672254
0.29766622633201234,0.19947159841479525,0.04315279612505504,0.45970937912813736
0.2894736842105263,0.20175438596491227,0.043859649122807015,0.4649122807017544
0.29854046881910656,0.19814241486068113,0.04201680672268908,0.4613003095975232
0.2988962472406181,0.19911699779249448,0.04282560706401766,0.45916114790286977
0.29168499780026397,0.19885613726352838,0.04399472063352398,0.4654641443026837
0.29409151488227453,0.19946690359840072,0.04042647712127943,0.46601510439804533
0.2986445124617403,0.20026235242675994,0.041101880192391776,0.45999125491910803
0.30566534914361,0.1932367149758454,0.04084321475625823,0.46025472112428634
0.2989782318969347,0.19013771657041315,0.040870724122612175,0.47001332741004
0.3037362637362637,0.18285714285714286,0.043076923076923075,0.4703296703296703
0.3062665489849956,0.17519858781994704,0.04633715798764342,0.47219770520741394
0.3080652269722345,0.17144116350815336,0.04451300132216836,0.4759806081974438
0.3056049822064057,0.1748220640569395,0.046263345195729534,0.47330960854092524
0.30318916557448666,0.17518567059851464,0.04892966360856269,0.472695500218436
0.3053000438020149,0.17608409986859397,0.05081033727551467,0.46780551905387646
0.30597014925373134,0.17251975417032483,0.0504828797190518,0.47102721685689203
0.30618466898954705,0.171602787456446,0.05444250871080139,0.46777003484320556
0.30610452349582784,0.16820377689942909,0.05665349143610013,0.46903820816864294
0.3034847816497574,0.16850463167181298,0.0564622849580944,0.47154830172033524
0.3065436978480457,0.16073781291172595,0.05753184014053579,0.4751866490996926
0.30971128608923887,0.16185476815398075,0.05599300087489064,0.47244094488188976
0.308300395256917,0.1629336846728151,0.051822573561704,0.4769433465085639
0.30735358872743285,0.16380449141347425,0.05372082782915016,0.47512109202994274
0.3105590062111801,0.1592724046140195,0.05323868677905945,0.4769299023957409
0.31410825199645076,0.1557231588287489,0.05368234250221828,0.4764862466725821
0.31627296587926507,0.1552930883639545,0.05249343832020997,0.4759405074365704
0.31569664902998235,0.1472663139329806,0.053791887125220456,0.48324514991181655
0.31774475524475526,0.1472902097902098,0.05506993006993007,0.4798951048951049
0.3227792436235708,0.13808267370272648,0.05672823218997362,0.4824098504837291
0.3218694885361552,0.13932980599647266,0.05291005291005291,0.4858906525573192
0.32472647702407004,0.1361050328227571,0.05557986870897155,0.48358862144420134
0.3265755839576906,0.1370647862494491,0.05509034817100044,0.48126928162185983
0.3287731685789938,0.13724624889673434,0.05339805825242718,0.48058252427184467
0.33377896613190733,0.1305704099821747,0.05481283422459893,0.48083778966131907
0.3293598233995585,0.13112582781456952,0.053863134657836646,0.4856512141280353
0.3260772989782319,0.12972012438916036,0.05597512216792536,0.48822745446468235
0.332160140783106,0.13242410910690716,0.05719313682358117,0.47822261328640564
0.3347940403155127,0.13321647677475898,0.054776511831726556,0.47721297107800176
0.3333333333333333,0.1355263157894737,0.05701754385964912,0.47412280701754383
0.33348095659876,0.13463241806908768,0.06200177147918512,0.46988485385296724
0.33494931687968266,0.13133539003966505,0.060379021595416485,0.47333627148523577
0.336115992970123,0.12785588752196836,0.058875219683655534,0.4771528998242531
0.34291938997821353,0.1233115468409586,0.05925925925925926,0.4745098039215686
0.3471978984238179,0.1212784588441331,0.05735551663747811,0.47416812609457093
0.35673289183222956,0.11743929359823399,0.05739514348785872,0.4684326710816777
0.34933920704845817,0.1171806167400881,0.05947136563876652,0.47400881057268723
0.344675209898365,0.11356606274856386,0.06672558550596554,0.4750331418471056
0.35221783047870003,0.11286780851998243,0.06236275801493193,0.4725516029863856
0.35550660792951544,0.11189427312775331,0.06431718061674009,0.4682819383259912
0.35954063604240283,0.11484098939929328,0.06492932862190813,0.46068904593639576
0.3584404076207355,0.12095702259636686,0.06202924235711121,0.45857332742578644
0.3554270462633452,0.12322064056939502,0.06272241992882563,0.45862989323843417
0.3507297655904467,0.11853162317558602,0.06501547987616099,0.4657231313578063
0.3534330985915493,0.1210387323943662,0.0625,0.4630281690140845
0.3597185576077397,0.11961301671064203,0.06508355321020229,0.455584872471416
0.35931307793923384,0.12241303390576838,0.06428885953324527,0.45398502862175255
0.3618507202095155,0.12439982540375381,0.060672195547795724,0.45307725883893496
0.3628747795414462,0.12522045855379188,0.06305114638447971,0.4488536155202822
0.3663410301953819,0.13099467140319715,0.06216696269982238,0.4404973357015986
0.36363636363636365,0.12779973649538867,0.06499780412823891,0.44356609574000877
0.3642413487133984,0.12910381543921917,0.064773735581189,0.4418811002661934
0.37505528527200355,0.12295444493586909,0.06501547987616099,0.4369747899159664
0.3719298245614035,0.12587719298245614,0.062280701754385964,0.43991228070175437
0.36351590106007065,0.12234982332155477,0.06625441696113074,0.44787985865724383
0.36946028960070204,0.12242211496270294,0.06450197455024133,0.44361562088635365
0.3679328621908127,0.12279151943462897,0.06316254416961131,0.446113074204947
0.3656387665198238,0.12202643171806167,0.06431718061674009,0.44801762114537447
0.36988110964332893,0.1210920299427565,0.06605019815059446,0.4429766622633201
0.3713904931141715,0.1181697023545091,0.06308307418924922,0.4473567303420702
0.3684907325684025,0.11562224183583407,0.06310679611650485,0.4527802294792586
0.37043633125556547,0.1126447016918967,0.06500445235975066,0.45191451469278715
0.375495813133539,0.1119435874834729,0.06919347730277656,0.44336712208021156
0.3681878599911387,0.11608329641116526,0.07089056269384138,0.4448382809038547
0.3655111891180342,0.10881965774462483,0.0750329091706889,0.45063624396665203
0.3575174825174825,0.1097027972027972,0.07517482517482517,0.4576048951048951
0.3627968337730871,0.1090589270008795,0.07475813544415127,0.45338610378188215
0.3547818422212428,0.10621419127368885,0.0753635962979286,0.4636403702071397
0.35849889624724063,0.106401766004415,0.07417218543046358,0.4609271523178808
0.3585903083700441,0.11013215859030837,0.07180616740088105,0.4594713656387665
0.3637566137566138,0.10626102292768959,0.068342151675485,0.46164021164021163
0.36795774647887325,0.10519366197183098,0.06558098591549295,0.4612676056338028
0.36542669584245074,0.10678336980306345,0.06564551422319474,0.46214442013129103
0.3686534216335541,0.10507726269315673,0.06754966887417219,0.458719646799117
0.37357830271216097,0.10542432195975503,0.06430446194225722,0.4566929133858268
0.36784140969163,0.1052863436123348,0.06607929515418502,0.46079295154185024
0.3721754541426673,0.1072219760744351,0.06468763845813026,0.4559149313247674
0.3747247908410392,0.10435931307793923,0.06340819022457067,0.4575077058564509
0.37030490499337165,0.10163499779054352,0.06142288996906761,0.46663720724701724
0.37285902503293805,0.10540184453227931,0.057971014492753624,0.463768115942029
0.37644959857270294,0.10615521855486174,0.058876003568242644,0.45851917930419267
0.3702726473175022,0.10422163588390501,0.059366754617414245,0.46613896218117856
0.3747286148501954,0.1033434650455927,0.058619192357794184,0.46330872774641774
0.3734567901234568,0.1027336860670194,0.06128747795414462,0.4625220458553792
0.3720827829150154,0.10612065169528842,0.05900484368119771,0.46279172170849847
0.3804920913884007,0.10369068541300527,0.05755711775043937,0.45826010544815465
0.380449141347424,0.10171730515191546,0.05592250110083664,0.4619110523998239
0.38247011952191234,0.10402833111996458,0.05799026117751217,0.4555112881806109
0.3877909530083443,0.10057092665788318,0.057971014492753624,0.4536671058410189
0.384,0.10177777777777777,0.059555555555555556,0.45466666666666666
0.3817062445030783,0.0998240985048373,0.06156552330694811,0.4569041336851363
0.38528896672504376,0.09632224168126094,0.06304728546409807,0.4553415061295972
0.383362676056338,0.10079225352112677,0.06029929577464789,0.4555457746478873
0.38603425559947296,0.09969257795344752,0.061484409310496264,0.45278875713658323
0.38089005235602097,0.10514834205933682,0.05977312390924956,0.45418848167539266
0.39113257243195787,0.10316066725197541,0.058384547848990345,0.4473222124670764
0.38651388276773907,0.10180696342000882,0.059497576024680476,0.4521815777875716
0.3821571238348868,0.09587217043941411,0.0559254327563249,0.46604527296937415
0.3843137254901961,0.09673202614379085,0.05533769063180828,0.4636165577342048
0.37740805604203154,0.09281961471103327,0.05604203152364273,0.47373029772329245
0.38097345132743365,0.09646017699115045,0.05530973451327434,0.4672566371681416
0.38099428068631763,0.09062912450505939,0.055433347998240214,0.47294324681038274
0.38370044052863433,0.08986784140969163,0.057709251101321586,0.4687224669603524
0.38569548047389207,0.09126810004387889,0.05704256252742431,0.4659938569548047
0.3857331571994716,0.09247027741083223,0.05812417437252312,0.46367239101717306
0.3958790004384042,0.0916264796142043,0.05655414291977203,0.45594037702761947
0.3942982456140351,0.08947368421052632,0.05526315789473684,0.46096491228070174
0.3946784922394678,0.08913525498891353,0.057649667405764965,0.4585365853658537
0.3948516579406632,0.08856893542757417,0.05759162303664921,0.45898778359511344
0.39743021710234827,0.08551174124944617,0.05449712007089056,0.46256092157731504
0.39451570101724903,0.08580274214949138,0.05263157894736842,0.4670499778858912
0.39991181657848324,0.08686067019400352,0.05291005291005291,0.4603174603174603
0.395925597874225,0.08503100088573959,0.053144375553587246,0.4658990256864482
0.40105309346204476,0.08249232119350593,0.05440982887231242,0.4620447564721369
0.39486498450641877,0.08410801239486498,0.05223550243470562,0.46879150066401065
0.39524647887323944,0.08054577464788733,0.05545774647887324,0.46875
0.3963684676705049,0.08193091231178033,0.0566873339238264,0.4650132860938884
0.4002630425252082,0.08154318281455503,0.05523893029373082,0.4629548443665059
0.40176991150442476,0.08008849557522124,0.05575221238938053,0.46238938053097345
0.4069818824569156,0.07954043305346885,0.053468846663720725,0.46000883782589486
0.40704845814977975,0.07665198237885462,0.05506607929515418,0.46123348017621146
0.40748802786242927,0.07139747496734872,0.05616020896821942,0.46495428820200263
0.41303390576838395,0.06957287538529282,0.055041831792162044,0.4623513870541612
0.41648495420846054,0.06890536415176625,0.05407762756214566,0.46053205407762754
0.4202708606378331,0.06858890345128878,0.05417212756662298,0.4569681083442551
0.4225663716814159,0.06946902654867257,0.05752212389380531,0.4504424778761062
0.4121050289274588,0.07120605251446373,0.05829995549621718,0.4583889630618603
0.41555555555555557,0.072,0.059555555555555556,0.4528888888888889
0.41293752769162606,0.07133362871067789,0.05937084625609216,0.45635799734160387
0.4100087796312555,0.07287093942054433,0.0601404741000878,0.4569798068481124
0.41475265017667845,0.07420494699646643,0.061837455830388695,0.44920494699646646
0.4137022397891963,0.07158541941150637,0.06368028107158542,0.4510320597277119
0.41406593406593406,0.06945054945054945,0.06505494505494505,0.4514285714285714
0.4141280353200883,0.07328918322295806,0.06225165562913907,0.4503311258278146
0.41409691629955947,0.07444933920704846,0.05947136563876652,0.45198237885462555
0.4108867427568042,0.0733099209833187,0.05970149253731343,0.4561018437225636
0.4091304347826087,0.07391304347826087,0.06043478260869565,0.45652173913043476
0.41078474353353794,0.07628233231039018,0.05830775975449364,0.45462516440157824
0.414323374340949,0.07425307557117751,0.06019332161687171,0.45123022847100175
0.4129951045838896,0.0774365821094793,0.06186025812194036,0.4477080551846907
0.4146772767462423,0.07648099027409372,0.0627763041556145,0.44606542882404954
0.40648269820411737,0.07314936487078405,0.0639509417433202,0.45641699518177836
0.4068391056554143,0.07628233231039018,0.06532222709338009,0.45155633494081543
0.40546496253856323,0.0758043190832966,0.06346408109299251,0.45526663728514766
0.4056437389770723,0.07451499118165784,0.06481481481481481,0.455026455026455
0.40201665935992986,0.07233669443226655,0.06839105655414292,0.4572555896536607
0.4108867427568042,0.07111501316944688,0.06584723441615452,0.45215100965759436
0.4133805937084626,0.0717766947275144,0.06424457244129375,0.4505981391227293
0.41945560017849176,0.07541276215975011,0.06604194556001784,0.4390896921017403
0.418389793224813,0.07567091948966125,0.06467223933128025,0.4412670479542455
0.41568112133158125,0.07752956636005257,0.06351292159439334,0.44327639071397285
0.42000881445570737,0.0749228735125606,0.06346408109299251,0.4416042309387395
0.41858407079646015,0.07300884955752213,0.06327433628318584,0.4451327433628319
0.42454905411350635,0.0730312362516498,0.06027276726792785,0.442146942366916
0.4186666666666667,0.07022222222222223,0.058222222222222224,0.4528888888888889
0.4243752740026304,0.06926786497150372,0.05523893029373082,0.451117930732135
0.42270318021201414,0.0706713780918728,0.054328621908127206,0.45229681978798586
0.41872791519434627,0.07022968197879859,0.055212014134275615,0.4558303886925795
0.4197967300044189,0.06628369421122404,0.05700397702165267,0.4569155987627044
0.41846153846153844,0.0654945054945055,0.05758241758241758,0.4584615384615385
0.4270557029177719,0.06631299734748011,0.058355437665782495,0.4482758620689655
0.42920158800176444,0.06881340979267754,0.05513895015438906,0.44684605205116895
0.4337296345222369,0.06913254073095552,0.05680317040951123,0.44033465433729635
0.4305249228054698,0.0674900749889722,0.05381561535068372,0.4481693868548743
0.42661965623622744,0.06831203173204055,0.054649625385632436,0.45041868664609963
0.4283201407211961,0.06728232189973615,0.05452946350043975,0.449868073878628
0.4310798946444249,0.06760316066725197,0.058823529411764705,0.4424934152765584
0.4226531511679154,0.07139709122961657,0.05597179374173645,0.4499779638607316
0.4220264317180617,0.07092511013215859,0.05638766519823789,0.4506607929515419
0.42407002188183807,0.0700218818380744,0.061706783369803064,0.4442013129102845
0.4230260255844729,0.06969563299514778,0.0599911777679753,0.44728716365240406
0.41819772528433946,0.07611548556430446,0.05861767279090114,0.44706911636045493
0.412532637075718,0.07745865970409051,0.05918189730200174,0.45082680591818974
0.4088325317009182,0.08132925229558373,0.06296458242238741,0.44687363358111065
0.41003079630444345,0.08139023317201936,0.06511218653761548,0.4434667839859217
0.4112478031634446,0.07996485061511424,0.06239015817223199,0.44639718804920914
0.40734265734265734,0.07648601398601398,0.062062937062937064,0.4541083916083916
0.4096119929453263,0.07451499118165784,0.06084656084656084,0.455026455026455
0.41010989010989013,0.07648351648351648,0.06153846153846154,0.45186813186813185
0.4112399643175736,0.07760927743086529,0.061106155218554864,0.45004460303300625
0.40456340500219395,0.0759104870557262,0.06494076349275998,0.45458534444931986
0.4084257206208426,0.0762749445676275,0.06252771618625277,0.45277161862527715
0.4042459088898717,0.07430340557275542,0.06059265811587793,0.4608580274214949
0.414494034467521,0.06981882456915599,0.05788775961113566,0.45779938135218734
0.4113756613756614,0.07054673721340388,0.05731922398589065,0.4607583774250441
0.4147952443857332,0.0717745486569793,0.05592250110083664,0.4575077058564509
0.4131393298059965,0.07098765432098765,0.05731922398589065,0.4585537918871252
0.4145374449339207,0.06696035242290749,0.05682819383259912,0.4616740088105727
0.4114061819764911,0.0674793208532869,0.058336961253809314,0.4627775359164127
0.4082710074791025,0.06731192256929168,0.061152661680598325,0.46326440827100746
0.40184859154929575,0.06690140845070422,0.06338028169014084,0.46786971830985913
0.4032757857459053,0.06241699867197875,0.06684373616644533,0.4674634794156706
0.3989455184534271,0.06590509666080843,0.06985940246045694,0.46528998242530756
0.4001778568252557,0.06447309915518008,0.0689195197865718,0.46642952423299244
0.4017543859649123,0.06535087719298245,0.0662280701754386,0.4666666666666667
0.4052028218694885,0.068342151675485,0.05952380952380952,0.4669312169312169
0.40375381929288523,0.06416412047140986,0.06372762985595809,0.46835443037974683
0.4116615519508987,0.0648838228846997,0.06269180184129768,0.4607628233231039
0.40673460345591494,0.07044749667700487,0.06070004430660168,0.4621178555604785
0.4099955771782397,0.0725342768686422,0.06103494029190624,0.4564352056612119
0.4061116031886625,0.070859167404783,0.06421612046058459,0.4588131089459699
0.40758711954124394,0.0674900749889722,0.06572562858403176,0.4591971768857521
0.411945542380325,0.06851119894598155,0.06324110671936758,0.4563021519543259
0.4076182136602452,0.07267950963222417,0.0647985989492119,0.45490367775831875
0.4058226731363035,0.07146007940008822,0.06572562858403176,0.4569916188795765
0.40405822673136305,0.070577856197618,0.06484340538156154,0.46052051168945746
0.3966505068312032,0.07051564565888056,0.06831203173204055,0.4645218157778757
0.4021024967148489,0.06964520367936924,0.06526500219010074,0.4629872974156811
0.39413823272090986,0.07086614173228346,0.06780402449693788,0.4671916010498688
0.39744718309859156,0.07130281690140845,0.0664612676056338,0.4647887323943662
0.398152221733392,0.07215134183897932,0.07039155301363836,0.45930488341399034
0.3890845070422535,0.07174295774647887,0.07086267605633803,0.46830985915492956
0.3895297249334516,0.0740905057675244,0.06965394853593611,0.46672582076308783
0.39145750770585647,0.0726552179656539,0.071334214002642,0.46455306032584764
0.3950617283950617,0.0718694885361552,0.07275132275132275,0.4603174603174603
0.391820580474934,0.07299912049252419,0.07299912049252419,0.4621811785400176
0.39356544733362714,0.0740414279418246,0.07183781401498457,0.4605553107095637
0.3937527496700396,0.07259128904531456,0.06995160580730313,0.46370435547734273
0.3917844522968198,0.0719964664310954,0.07022968197879859,0.4659893992932862
0.3912280701754386,0.07149122807017544,0.06973684210526315,0.4675438596491228
0.3904678618277219,0.07345867949278531,0.07258417140358549,0.4634892872759073
0.38686779059449866,0.07231588287488909,0.07675244010647737,0.4640638864241349
0.39113257243195787,0.07550482879719052,0.07287093942054433,0.4604916593503073
0.38344226579520696,0.07450980392156863,0.07320261437908497,0.4688453159041394
0.38187417509898813,0.07259128904531456,0.0730312362516498,0.4725032996040475
0.38097345132743365,0.07123893805309735,0.07389380530973451,0.4738938053097345
0.3783311489733508,0.0690257754477938,0.07688947138488422,0.47575360419397117
0.3764861294583884,0.06913254073095552,0.07309555261999119,0.4812857771906649
0.3742819266460451,0.07247017233760494,0.06584180291648255,0.48740609809986746
0.3672291296625222,0.07548845470692718,0.06927175843694494,0.4880106571936057
0.3718347401155042,0.07863171923589515,0.06752554420257663,0.482007996446024
0.376779359430605,0.0791814946619217,0.06583629893238434,0.47820284697508897
0.371970030850595,0.07933010136624064,0.06566769501983252,0.4830321727633319
0.38095238095238093,0.08038444735692442,0.06640454346876365,0.472258628221931
0.37950747581354444,0.08091468777484609,0.06376429199648197,0.4758135444151275
0.3799392097264438,0.07989578810247504,0.061224489795918366,0.47894051237516283
0.38458110516934046,0.07709447415329768,0.06327985739750445,0.4750445632798574
0.387746170678337,0.07308533916849015,0.06258205689277899,0.47658643326039385
0.376984126984127,0.07980599647266313,0.06128747795414462,0.48192239858906527
0.38309982486865146,0.08012259194395797,0.06129597197898424,0.4754816112084063
0.38120333772507686,0.07861220904699165,0.06455862977602109,0.4756258234519104
0.3825088339222615,0.07906360424028269,0.060954063604240286,0.47747349823321555
0.3842756183745583,0.07862190812720848,0.06139575971731449,0.4757067137809187
0.38461538461538464,0.07471264367816093,0.0592396109637489,0.48143236074270557
0.3852530541012216,0.07591623036649214,0.0606457242582897,0.4781849912739965
0.3817062445030783,0.08003518029903255,0.060246262093227795,0.4780123131046614
0.3855315394794883,0.07675341861490957,0.0599911777679753,0.4777238641376268
0.38169934640522873,0.07538126361655774,0.06274509803921569,0.4801742919389978
0.38608156028368795,0.07801418439716312,0.0625,0.4734042553191489
0.38525669153137343,0.07810443176831944,0.06669591926283458,0.46994295743747255
0.3885663242518982,0.07815989280928987,0.0643144260830728,0.4689593568557392
0.38430851063829785,0.07579787234042554,0.06338652482269504,0.47650709219858156
0.3843447669305189,0.07695690413368514,0.06376429199648197,0.47493403693931396
0.38213180008845643,0.07872622733303848,0.0654577620521893,0.47368421052631576
0.3915156871409633,0.07954043305346885,0.06142288996906761,0.4675209898365002
0.3986784140969163,0.07797356828193833,0.06299559471365639,0.460352422907489
0.3950725912890453,0.07567091948966125,0.06423229212494501,0.46502419709634846
0.3964523281596452,0.0811529933481153,0.06518847006651884,0.45720620842572063
0.39556135770234985,0.07919930374238468,0.060922541340295906,0.46431679721496955
0.3912852112676056,0.07878521126760564,0.0625,0.46742957746478875
0.3882248782647189,0.0796812749003984,0.06285967242142541,0.4692341744134573
0.3909010600706714,0.0803886925795053,0.06404593639575971,0.46466431095406363
0.38668430335097004,0.07936507936507936,0.06613756613756613,0.4678130511463845
0.3872832369942196,0.08048021342819031,0.06269453090262339,0.46954201867496664
0.3849847228284592,0.0785683107813182,0.05979921431689219,0.47664775207333043
0.3835616438356164,0.07998232434821034,0.06053910737958462,0.4759169244365886
0.3811639271434918,0.07729897823189694,0.06308307418924922,0.47845402043536206
0.3783428320911881,0.07496711968434897,0.06356861025865848,0.4831214379658045
0.3873953283384751,0.07624504186866461,0.059497576024680476,0.4768620537681798
0.3951327433628319,0.07743362831858407,0.0584070796460177,0.4690265486725664
0.391651865008881,0.07815275310834814,0.05595026642984014,0.47424511545293074
0.39533861037818824,0.08091468777484609,0.05364995602462621,0.4700967458223395
0.3940864960282436,0.08075904677846425,0.05030891438658429,0.4748455428067079
0.3897707231040564,0.08068783068783068,0.05335097001763668,0.47619047619047616
0.4017429193899782,0.0766884531590414,0.04967320261437908,0.4718954248366013
0.40575221238938053,0.07123893805309735,0.05,0.47300884955752215
0.40511915269196824,0.07016769638128861,0.05207413945278023,0.4726390114739629
0.4067495559502664,0.06927175843694494,0.05106571936056838,0.47291296625222023
0.4075372480280456,0.06923751095530237,0.05083260297984225,0.4723926380368098
0.39598778892280856,0.06759703445268207,0.05276929786306149,0.4836458787614479
0.3993821712268314,0.061341571050308914,0.05472197705207414,0.48455428067078554
0.40097044552271727,0.0599911777679753,0.054256726951918834,0.48478164975738863
0.40193067134708205,0.05835892935498026,0.05660377358490566,0.48310662571303203
0.40343915343915343,0.05864197530864197,0.05599647266313933,0.48192239858906527
0.3954205195948921,0.0603258476442096,0.05812417437252312,0.4861294583883752
0.39342105263157895,0.06140350877192982,0.05701754385964912,0.4881578947368421
0.3962765957446808,0.060726950354609927,0.0549645390070922,0.488031914893617
0.3892294220665499,0.059982486865148864,0.05735551663747811,0.4934325744308231
0.3916114790286976,0.05827814569536424,0.0565121412803532,0.493598233995585
0.3993821712268314,0.0617828773168579,0.05560458958517211,0.48323036187113855
0.4015817223198594,0.05843585237258348,0.05492091388400703,0.4850615114235501
0.39893852277753206,0.0583812472357364,0.05661211853162318,0.48606811145510836
0.40865384615384615,0.05725524475524475,0.05550699300699301,0.4785839160839161
0.41291759465478844,0.055233853006681516,0.05612472160356347,0.4757238307349666
0.41179058512978445,0.055433347998240214,0.05983282006159261,0.47294324681038274
0.4110429447852761,0.056091148115687994,0.06222611744084137,0.4706397896581946
0.4072775098640947,0.05611573871109163,0.06444541867601929,0.4721613327487944
0.4082710074791025,0.05455345358556973,0.06687197536295644,0.4703035635723713
0.4072278536800353,0.05376817981489643,0.06434552666372852,0.4746584398413398
0.40306345733041576,0.05820568927789934,0.06608315098468272,0.4726477024070022
0.4003511852502195,0.06189640035118525,0.06672519754170325,0.47102721685689203
0.39991181657848324,0.062169312169312166,0.06878306878306878,0.4691358024691358
0.40096830985915494,0.061179577464788734,0.0682218309859155,0.46963028169014087
0.3953900709219858,0.057180851063829786,0.06959219858156028,0.4778368794326241
0.3987703118137901,0.05709266578831796,0.07246376811594203,0.47167325428194995
0.39707835325365204,0.057104913678618856,0.07304116865869854,0.47277556440903057
0.4027348919276577,0.05778561976179974,0.07101896779885311,0.46846052051168946
0.40420868040333185,0.05918456817185445,0.07014467338886453,0.46646207803594913
0.4007971656333038,0.0637732506643047,0.06908768821966342,0.4663418954827281
0.4023799030409872,0.06566769501983252,0.07007492287351257,0.4618774790656677
0.4069207183530442,0.067455102934735,0.07095926412614981,0.45466491458607095
0.4014053579270971,0.06938954765041722,0.07422046552481334,0.4549846288976724
0.3985921689397272,0.06687197536295644,0.07479102507699076,0.45974483062032556
0.40226382237701347,0.06835002176752286,0.07531562908141054,0.45407052677405313
0.40353200883002205,0.07152317880794702,0.07152317880794702,0.4534216335540839
0.39727831431079896,0.07199297629499561,0.07243195785776997,0.45829675153643545
0.3946784922394678,0.07095343680709534,0.07228381374722838,0.46208425720620844
0.39345711759504864,0.07382847038019452,0.07338638373121131,0.4593280282935455
0.3943908851884312,0.0740578439964943,0.0740578439964943,0.4574934268185802
0.39369729249889035,0.07323568575233022,0.07412339103417666,0.45894363071460276
0.3959435626102293,0.0736331569664903,0.0718694885361552,0.4585537918871252
0.3934065934065934,0.07428571428571429,0.06901098901098901,0.4632967032967033
0.3963254593175853,0.07174103237095363,0.0673665791776028,0.4645669291338583
0.396683101748095,0.06947557149260421,0.06902734199910354,0.4648139847601972
0.3904382470119522,0.06994245241257194,0.06684373616644533,0.47277556440903057
0.39045936395759717,0.06846289752650177,0.0715547703180212,0.46952296819787986
0.3937937062937063,0.07167832167832168,0.0673076923076923,0.46722027972027974
0.3979103178058337,0.07226817588158467,0.07313887679582064,0.456682629516761
0.3983237759153066,0.07190119100132333,0.07278341420379356,0.4569916188795765
0.39617607825700313,0.07247665629168519,0.07425522454424188,0.4570920409070698
0.39111306643202814,0.075230972283326,0.0730312362516498,0.46062472503299606
0.39236573457612073,0.0754549489569463,0.07456724367509987,0.45761207279183314
0.39565795303500223,0.07310589277802393,0.07576428887904298,0.4554718653079309
0.39536915683704676,0.07295762341633902,0.0672782874617737,0.4643949322848405
0.3944275141488899,0.07270352633870265,0.06486721811057902,0.4680017414018285
0.39189784236019376,0.07485689123734038,0.06428885953324527,0.46895640686922063
0.3974415527128363,0.07454786060873402,0.06307895897662108,0.46493162770180857
0.3942982456140351,0.06973684210526315,0.06359649122807018,0.4723684210526316
0.3902869757174393,0.07240618101545254,0.06445916114790287,0.4728476821192053
0.388913330400352,0.07259128904531456,0.06071271447426309,0.4777826660800704
0.38675496688741723,0.06975717439293598,0.06269315673289183,0.48079470198675495
0.38966725043782835,0.0691768826619965,0.06129597197898424,0.4798598949211909
0.38965059708093763,0.07120743034055728,0.06413091552410438,0.4750110570544007
0.38893766461808604,0.07111501316944688,0.0636523266022827,0.47629499561018435
0.3893999123959702,0.07446342531756461,0.06263688129653965,0.4734997809899255
0.38854895104895104,0.0743006993006993,0.06381118881118882,0.47333916083916083
0.3893569844789357,0.07095343680709534,0.06252771618625277,0.4771618625277162
0.39536915683704676,0.07164700742682394,0.059851463521188294,0.47313237221494103
0.40357766143106455,0.07024432809773123,0.05715532286212915,0.46902268760907506
0.39754278192189557,0.07020623080298377,0.05616498464238701,0.47608600263273365
0.3942857142857143,0.07120879120879121,0.05582417582417582,0.4786813186813187
0.3998242530755712,0.07117750439367311,0.05755711775043937,0.47144112478031636
0.40096830985915494,0.07042253521126761,0.061179577464788734,0.46742957746478875
0.3992932862190813,0.06978798586572438,0.05962897526501767,0.4712897526501767
0.39902568644818426,0.06997342781222321,0.06111603188662533,0.46988485385296724
0.39744718309859156,0.0743838028169014,0.05501760563380282,0.47315140845070425
0.3985921689397272,0.07215134183897932,0.05719313682358117,0.4720633523977123
0.3990321161460625,0.0708315002199736,0.05587329520457545,0.47426308842938847
0.3986813186813187,0.07296703296703297,0.058021978021978025,0.4703296703296703
0.3913427561837456,0.07376325088339222,0.061837455830388695,0.4730565371024735
0.39399293286219084,0.06978798586572438,0.06581272084805653,0.4704063604240283
0.3911699779249448,0.0706401766004415,0.06666666666666667,0.47152317880794703
0.39247787610619467,0.07168141592920355,0.06327433628318584,0.4725663716814159
0.3977924944812362,0.0684326710816777,0.06136865342163356,0.47240618101545256
0.39263803680981596,0.06617002629272568,0.06222611744084137,0.478965819456617
0.394563787812363,0.06882946076282333,0.06225339763261727,0.4743533537921964
0.3981562774363477,0.0697980684811238,0.06233538191395961,0.4697102721685689
0.3951219512195122,0.07494456762749446,0.06031042128603104,0.4696230598669623
0.3980625275209159,0.07045354469396742,0.06428885953324527,0.4671950682518714
0.40017706949977866,0.06772908366533864,0.06640106241699867,0.46569278441788403
0.40185676392572944,0.06763925729442971,0.0641025641025641,0.46640141467727675
0.40061974324922534,0.06905710491367861,0.06418769366976539,0.46613545816733065
0.39920424403183025,0.06896551724137931,0.0645446507515473,0.46728558797524317
0.39920424403183025,0.0680813439434129,0.06321839080459771,0.46949602122015915
0.40855002203613927,0.062141912736888495,0.06434552666372852,0.4649625385632437
0.4028393966282165,0.06521739130434782,0.06388642413487133,0.46805678793256433
0.4051078819903126,0.06428885953324527,0.06384852487890796,0.4667547335975341
0.40758711954124394,0.06307895897662108,0.06528451698279665,0.46404940449933835
0.4051078819903126,0.06605019815059446,0.06428885953324527,0.46455306032584764
0.4012237762237762,0.06293706293706294,0.06643356643356643,0.46940559440559443
0.39790118058592044,0.06340183646698731,0.0660253607345868,0.47267162221250547
0.39263803680981596,0.06222611744084137,0.06748466257668712,0.4776511831726556
0.38884007029876977,0.06107205623901582,0.06985940246045694,0.4802284710017575
0.3888888888888889,0.05423280423280423,0.0701058201058201,0.48677248677248675
0.38376220053238685,0.055900621118012424,0.06876663708961846,0.49157054125998223
0.383793410507569,0.05387355298308103,0.07079252003561888,0.4915405164737311
0.37538461538461537,0.05978021978021978,0.07164835164835165,0.4931868131868132
0.37956847203874944,0.05592250110083664,0.07441655658300309,0.4900924702774108
0.38141592920353984,0.05442477876106195,0.0752212389380531,0.4889380530973451
0.38213180008845643,0.05572755417956656,0.07828394515701018,0.4838567005749668
0.37915742793791574,0.056762749445676275,0.082039911308204,0.482039911308204
0.3745037494486105,0.056021173356859286,0.08292898103220114,0.4865460961623291
0.3750548967940272,0.058410188844971456,0.08080808080808081,0.4857268335529205
0.37483559842174485,0.05392371766768961,0.08241999123191583,0.4888206926786497
0.3749448610498456,0.05866784296426996,0.08028231142479048,0.48610498456109397
0.3786279683377309,0.05452946350043975,0.07959542656112577,0.4872471416007036
0.3769129864451246,0.055094009619588984,0.08176650634018365,0.4862264975951028
0.3679034421099687,0.05945462673223067,0.07912382655341976,0.4935181046043809
0.36534264513312964,0.05979921431689219,0.07944129201222173,0.4954168485377564
0.3583738400353513,0.06009721608484313,0.07998232434821034,0.5015466195315952
0.3574561403508772,0.060087719298245613,0.07763157894736843,0.5048245614035087
0.35651408450704225,0.061619718309859156,0.07702464788732394,0.5048415492957746
0.3512323943661972,0.0664612676056338,0.07350352112676056,0.5088028169014085
0.3547103051747015,0.06811145510835913,0.07430340557275542,0.502874834144184
0.35098468271334793,0.06914660831509847,0.07221006564551423,0.5076586433260394
0.35402906208718626,0.06781153676794363,0.07441655658300309,0.503742844561867
0.35281290885303096,0.06628870475359791,0.07544701264718709,0.505451373746184
0.35434782608695653,0.06739130434782609,0.07391304347826087,0.5043478260869565
0.3514460999123576,0.06529360210341806,0.07099035933391762,0.5122699386503068
0.3543133802816901,0.06602112676056338,0.07306338028169014,0.5066021126760564
0.3508849557522124,0.06725663716814159,0.07610619469026549,0.5057522123893805
0.35376532399299476,0.0647985989492119,0.08012259194395797,0.5013134851138353
0.3584656084656085,0.062169312169312166,0.07627865961199294,0.5030864197530864
0.35792709705753184,0.06411945542380325,0.0733421168203777,0.5046113306982872
0.3550373955125385,0.06687197536295644,0.07831060272767268,0.4997800263968324
0.3522479266695766,0.07027498908773461,0.07420340462680053,0.5032736796158882
0.35013262599469497,0.06984969053934571,0.07427055702917772,0.5057471264367817
0.35,0.06991150442477877,0.0747787610619469,0.5053097345132743
0.3493975903614458,0.07005800981704596,0.07675145024542615,0.5037929495760821
0.344918609766828,0.07039155301363836,0.07479102507699076,0.5098988121425428
0.34933333333333333,0.06844444444444445,0.07377777777777778,0.5084444444444445
0.35210643015521065,0.06740576496674058,0.07538802660753881,0.50509977827051
0.34799824021117465,0.0686317641882974,0.07435107787065552,0.5090189177298724
0.34669603524229076,0.06828193832599119,0.07180616740088105,0.513215859030837
0.3530201342281879,0.06756152125279642,0.07337807606263982,0.5060402684563758
0.3498233215547703,0.07332155477031801,0.07332155477031801,0.5035335689045937
0.34907325684024715,0.07105030891438659,0.0736981465136805,0.5061782877316858
0.34993446920052423,0.07077326343381389,0.07557885539536915,0.5037134119702927
0.3476169654569305,0.07214691735898557,0.07564494971578486,0.5045911674682991
0.34490333919156413,0.07161687170474516,0.07337434094903339,0.5101054481546573
0.3448577680525164,0.07527352297592997,0.07702407002188184,0.5028446389496718
0.35278514588859416,0.07515473032714412,0.07603890362511052,0.4960212201591512
0.3534065934065934,0.07384615384615385,0.07560439560439561,0.49714285714285716
0.352580927384077,0.07480314960629922,0.07436570428696412,0.4982502187226597
0.3485714285714286,0.07472527472527472,0.07648351648351648,0.5002197802197802
0.35369068541300525,0.07117750439367311,0.07205623901581722,0.5030755711775043
0.34396853146853146,0.07386363636363637,0.0729895104895105,0.5091783216783217
0.3453014184397163,0.07668439716312057,0.0749113475177305,0.5031028368794326
0.34280717096633145,0.07783121993878443,0.07127240926978574,0.5080891998250984
0.3414959928762244,0.07658058771148708,0.07257346393588603,0.5093499554764025
0.3374503749448611,0.07984119982355536,0.07190119100132333,0.5108072342302603
