C,D,Oc,Od
1.0,0.0,0.0,0.0
1.0,0.0,0.0,0.0
0.6666666666666666,0.0,0.0,0.3333333333333333
0.4,0.0,0.0,0.6
0.4,0.2,0.0,0.4
0.2857142857142857,0.14285714285714285,0.14285714285714285,0.42857142857142855
0.2222222222222222,0.1111111111111111,0.2222222222222222,0.4444444444444444
0.1111111111111111,0.2222222222222222,0.1111111111111111,0.5555555555555556
0.0,0.2222222222222222,0.1111111111111111,0.6666666666666666
0.0,0.2,0.2,0.6
0.0,0.2,0.2,0.6
0.16666666666666666,0.16666666666666666,0.16666666666666666,0.5
0.2857142857142857,0.14285714285714285,0.14285714285714285,0.42857142857142855
0.23529411764705882,0.11764705882352941,0.29411764705882354,0.35294117647058826
0.19047619047619047,0.14285714285714285,0.2857142857142857,0.38095238095238093
0.16666666666666666,0.125,0.25,0.4583333333333333
0.23333333333333334,0.1,0.2,0.4666666666666667
0.2631578947368421,0.07894736842105263,0.23684210526315788,0.42105263157894735
0.2127659574468085,0.06382978723404255,0.2553191489361702,0.46808510638297873
0.2857142857142857,0.08928571428571429,0.23214285714285715,0.39285714285714285
0.2923076923076923,0.07692307692307693,0.24615384615384617,0.38461538461538464
0.3424657534246575,0.0958904109589041,0.2191780821917808,0.3424657534246575
0.41379310344827586,0.08045977011494253,0.20689655172413793,0.2988505747126437
0.44036697247706424,0.045871559633027525,0.2018348623853211,0.3119266055045872
0.46564885496183206,0.030534351145038167,0.16793893129770993,0.33587786259541985
0.46060606060606063,0.030303030303030304,0.15151515151515152,0.3575757575757576
0.47417840375586856,0.028169014084507043,0.15023474178403756,0.3474178403755869
0.49609375,0.01953125,0.140625,0.34375
0.4867549668874172,0.019867549668874173,0.1423841059602649,0.3509933774834437
0.5211267605633803,0.016901408450704224,0.11830985915492957,0.3436619718309859
0.5301204819277109,0.01927710843373494,0.1180722891566265,0.3325301204819277
0.5433884297520661,0.012396694214876033,0.11776859504132231,0.32644628099173556
0.5567567567567567,0.009009009009009009,0.11171171171171171,0.3225225225225225
0.5530546623794212,0.011254019292604502,0.11736334405144695,0.3183279742765273
0.5514705882352942,0.013235294117647059,0.12205882352941176,0.31323529411764706
0.5527704485488126,0.0158311345646438,0.12928759894459102,0.3021108179419525
0.5510204081632653,0.01800720288115246,0.13925570228091236,0.2917166866746699
0.5627044711014176,0.018538713195201745,0.1341330425299891,0.2846237731733915
0.5658291457286432,0.022110552763819097,0.12964824120603016,0.28241206030150756
0.5655296229802513,0.02154398563734291,0.13734290843806105,0.2755834829443447
0.5609555189456342,0.023064250411861616,0.14085667215815487,0.2751235584843493
0.5670962850644428,0.025018953752843062,0.13040181956027294,0.27748294162244125
0.5666423889293518,0.026948288419519302,0.12964311726147124,0.2767662053896577
0.567235494880546,0.025938566552901023,0.13037542662116042,0.2764505119453925
0.5643180349062702,0.027149321266968326,0.13251454427925016,0.27601809954751133
0.574468085106383,0.02917933130699088,0.1276595744680851,0.26869300911854105
0.5750873108265425,0.030267753201396973,0.13271245634458673,0.2619324796274738
0.5757575757575758,0.03198653198653199,0.132996632996633,0.25925925925925924
0.5800653594771242,0.030501089324618737,0.12962962962962962,0.25980392156862747
0.5774722369116869,0.03437334743521946,0.13220518244315177,0.25594923320994184
0.5812883435582822,0.03834355828220859,0.12678936605316973,0.25357873210633947
0.5910687405920723,0.03562468640240843,0.12694430506773707,0.24636226793778224
0.5797950219619327,0.035627135187896536,0.13128355295265984,0.25329428989751096
0.5648192771084337,0.039518072289156624,0.13879518072289157,0.2568674698795181
0.56657223796034,0.042020774315391876,0.13503305004721436,0.2563739376770538
0.5636792452830188,0.04245283018867924,0.13773584905660377,0.25613207547169814
0.5669581224114127,0.0441785549930971,0.1334560515416475,0.2554072710538426
0.5585421412300683,0.04738041002277904,0.1357630979498861,0.2583143507972665
0.5631768953068592,0.04828519855595668,0.13176895306859207,0.25676895306859204
0.5577009429726089,0.051189941625505164,0.1297709923664122,0.2613381230354737
0.5615453728661276,0.051662174303683736,0.13117699910152741,0.2556154537286613
0.5541144901610018,0.053220035778175315,0.1346153846153846,0.2580500894454383
0.555849889624724,0.051655629139072845,0.1368653421633554,0.2556291390728477
0.5430611334225792,0.055778670236501564,0.13788487282463185,0.26327532351628735
0.5455349248452697,0.05747126436781609,0.14058355437665782,0.2564102564102564
0.5431494661921709,0.05693950177935943,0.14056939501779359,0.25934163701067614
0.5425531914893617,0.05806737588652482,0.13696808510638298,0.2624113475177305
0.5449339207048458,0.05418502202643172,0.1356828193832599,0.26519823788546254
0.5354436023183237,0.055283102987070884,0.1422202407489969,0.2670530539456086
0.5366829702089818,0.0609159626500667,0.14006224988883947,0.26233881725211206
0.532150776053215,0.06031042128603104,0.14501108647450112,0.26252771618625276
0.5350488021295474,0.05944986690328305,0.14463176574977818,0.2608695652173913
0.5388007054673721,0.0582010582010582,0.14153439153439154,0.26146384479717816
0.5424255886272767,0.05952909817858729,0.13505108840515326,0.26299422478898266
0.5408163265306123,0.05678793256433008,0.13531499556344276,0.2670807453416149
0.5381866904868244,0.05582849486377847,0.13264850379633766,0.2733363108530594
0.5418326693227091,0.056219566179725546,0.12970340858787074,0.27224435590969454
0.5421099290780141,0.05673758865248227,0.12810283687943264,0.2730496453900709
0.5388716126166149,0.05508662816525989,0.12172367836517103,0.28431808085295424
0.5459411239964318,0.05263157894736842,0.1239964317573595,0.2774308652988403
0.5447695035460993,0.05274822695035461,0.12056737588652482,0.28191489361702127
0.5478606087340097,0.0529333921482135,0.11777679752977503,0.2814292015880018
0.5439681838267786,0.05302695536897923,0.11886875828546177,0.28413610251878035
0.5462922334357174,0.05089951733216323,0.11759543659499781,0.28521281263712156
0.5468956406869221,0.05063848524878908,0.11580801409070894,0.2866578599735799
0.5506861443116423,0.051350154935812305,0.10579902611775122,0.2921646746347942
0.5516473731077471,0.05120213713268032,0.10463045414069456,0.292520035618878
0.5547671840354768,0.049223946784922396,0.10598669623059867,0.29002217294900223
0.559508124725516,0.046991655687307864,0.10144927536231885,0.2920509442248573
0.5571177504393673,0.050966608084358524,0.09578207381370826,0.2961335676625659
0.5650442477876106,0.045575221238938056,0.09557522123893805,0.2938053097345133
0.5626383355467021,0.043824701195219126,0.09207613988490483,0.301460823373174
0.5661047027506655,0.04702750665483585,0.09139307897071872,0.29547471162378
0.5599647266313933,0.04673721340388007,0.09082892416225749,0.30246913580246915
0.5581497797356828,0.046255506607929514,0.0920704845814978,0.30352422907488985
0.5586297760210803,0.04655248133509003,0.09003074220465525,0.30478700043917434
0.5619469026548672,0.047345132743362835,0.09026548672566372,0.3004424778761062
0.5612153708668454,0.04647006255585344,0.08847184986595175,0.30384271671134944
0.5638061360604714,0.04713205869275233,0.08759448643841708,0.30146731880835925
0.5609647163912461,0.044662795891022775,0.0884323358642251,0.30594015185350604
0.5632235084594835,0.043187889581478185,0.08682101513802315,0.3067675868210151
0.5631578947368421,0.04429824561403509,0.08464912280701754,0.3078947368421053
0.5676741130091985,0.04336399474375821,0.08541392904073587,0.3035479632063075
0.5648888888888889,0.041777777777777775,0.08444444444444445,0.3088888888888889
0.5689346463742166,0.043419874664279316,0.08146821844225605,0.306177260519248
0.5659365221278498,0.048278945015645953,0.08314707197139025,0.302637460885114
0.5606601248884924,0.0504014272970562,0.0816235504014273,0.3073148974130241
0.5609430604982206,0.0547153024911032,0.0791814946619217,0.30516014234875444
0.5593445527015057,0.05757307351638618,0.07838795394154119,0.3046944198405669
0.5588883987648875,0.05513895015438906,0.07454786060873402,0.3114247904719894
0.5602117335685929,0.054697838553153945,0.07454786060873402,0.3105425672695192
0.5608676405489155,0.056219566179725546,0.07304116865869854,0.3098716246126605
0.5614808285588365,0.05817540766857646,0.07007492287351257,0.31026884089907447
0.5548187444739169,0.0605658709106985,0.07206012378426171,0.3125552608311229
0.5595026642984015,0.0630550621669627,0.06838365896980461,0.30905861456483125
0.5585505965532479,0.062306672558550595,0.06495802032699956,0.31418471056120195
0.5526777875329236,0.06233538191395961,0.06409130816505706,0.3208955223880597
0.5592396109637489,0.0614500442086649,0.0671971706454465,0.3121131741821397
0.5595923792645104,0.05937084625609216,0.06734603455914931,0.3136907399202481
0.5628902765388046,0.05753791257805531,0.06779661016949153,0.3117752007136485
0.5615350683722982,0.05381561535068372,0.0674900749889722,0.3171592412880459
0.5710503089143866,0.05163283318623124,0.06443071491615181,0.31288614298323036
0.5601251676352258,0.051408135896289675,0.06481895395619133,0.3236477425122932
0.5649293286219081,0.05123674911660778,0.06625441696113074,0.31757950530035334
0.5712401055408971,0.051890941072999124,0.0633245382585752,0.31354441512752856
0.5791795324217027,0.048963387737097484,0.06043228936921041,0.3114247904719894
0.5836252189141856,0.04816112084063047,0.0595446584938704,0.3086690017513135
0.5785776997366111,0.04960491659350307,0.05794556628621598,0.31387181738366987
0.5838779956427015,0.04749455337690632,0.05315904139433551,0.31546840958605665
0.5843240863055923,0.047556142668428,0.0488771466314399,0.3192426243945399
0.5895979020979021,0.04414335664335664,0.04895104895104895,0.3173076923076923
0.5889867841409692,0.044933920704845816,0.04757709251101322,0.3185022026431718
0.5808303886925795,0.0446113074204947,0.04814487632508834,0.32641342756183744
0.5786713286713286,0.04283216783216783,0.04938811188811189,0.3291083916083916
0.5849802371541502,0.04259991216512956,0.04787000439174352,0.3245498462889767
0.5842547545333923,0.042459088898717384,0.04643962848297214,0.32684652808491815
0.5789473684210527,0.04415700267618198,0.0463871543264942,0.3305084745762712
0.578270509977827,0.04656319290465632,0.04656319290465632,0.3286031042128603
0.5815478793178837,0.048535198950590296,0.04416265850459117,0.32575426322693485
0.5846970367094206,0.04688191065900044,0.044228217602830605,0.32419283502874835
0.5792980897378943,0.047534429142603286,0.04309195912927588,0.33007552199022655
0.5822616407982262,0.04700665188470066,0.042572062084257206,0.328159645232816
0.579133510167993,0.04553492484526967,0.04420866489832007,0.3311229000884173
0.5806167400881057,0.04229074889867841,0.04537444933920705,0.3317180616740088
0.5824078187472235,0.0422034651266104,0.046645935139937804,0.32874278098622833
0.5806733712286839,0.04197638828159161,0.04503716659379099,0.33231307389593356
0.5753119429590018,0.04188948306595366,0.04679144385026738,0.3360071301247772
0.5708609271523178,0.04415011037527594,0.04415011037527594,0.3408388520971302
0.5728241563055062,0.0452930728241563,0.043072824156305506,0.338809946714032
0.5738284703801945,0.04509283819628647,0.041998231653404064,0.3390804597701149
0.5800351802990326,0.04177660510114336,0.04177660510114336,0.33641160949868076
0.5767543859649122,0.04517543859649123,0.04035087719298246,0.33771929824561403
0.5781527531083481,0.04440497335701599,0.03996447602131439,0.33747779751332146
0.5787838437638704,0.045272969374167776,0.03683976919662672,0.3391034176653351
0.5762859633827376,0.045335658238884045,0.03923278116826504,0.33914559721011334
0.5785087719298245,0.04517543859649123,0.042105263157894736,0.33421052631578946
0.5745341614906833,0.044365572315882874,0.04081632653061224,0.34028393966282167
0.5797356828193833,0.04361233480176212,0.04317180616740088,0.33348017621145376
0.5783615316117542,0.04096170970614425,0.04229741763134461,0.3383793410507569
0.5842547545333923,0.0437859354268023,0.04157452454666077,0.33038478549314465
0.577924944812362,0.04282560706401766,0.04415011037527594,0.3350993377483444
0.5801493192797541,0.041721563460693896,0.04040404040404041,0.3377250768555116
0.5737417943107221,0.04245076586433261,0.043326039387308536,0.34048140043763675
0.574106364428945,0.04010462074978204,0.04097646033129904,0.34481255448997383
0.5788091068301225,0.03809106830122592,0.04159369527145359,0.3415061295971979
0.5725055432372506,0.03725055432372506,0.04212860310421286,0.34811529933481156
0.5799386771791503,0.035479632063074903,0.037669732807709154,0.3469119579500657
0.5756910925844668,0.03247038174637999,0.03905221588415972,0.3527863097849934
0.5797101449275363,0.03293807641633729,0.034255599472990776,0.3530961791831357
0.5772285966460724,0.03442188879082083,0.03309796999117388,0.3552515445719329
0.5730088495575221,0.03716814159292035,0.034070796460176994,0.35575221238938054
0.5734971478718737,0.03466432645897324,0.03247038174637999,0.35936814392277316
0.5722492266902341,0.03844454264250994,0.03225806451612903,0.35704816615112683
0.5709297250109122,0.03841117415975556,0.032736796158882586,0.3579223046704496
0.5730039700044112,0.03573003970004411,0.033083370092633436,0.35818262020291136
0.5727432077125328,0.035056967572304996,0.03067484662576687,0.36152497808939527
0.5786713286713286,0.032342657342657344,0.031031468531468532,0.35795454545454547
0.5846491228070175,0.03245614035087719,0.02850877192982456,0.3543859649122807
0.5826666666666667,0.03244444444444444,0.02711111111111111,0.35777777777777775
0.5780141843971631,0.02969858156028369,0.026152482269503546,0.36613475177304966
0.5774207942882642,0.027219991075412762,0.027219991075412762,0.36813922356091033
0.5782073813708261,0.027680140597539545,0.02592267135325132,0.36818980667838314
0.582010582010582,0.026895943562610228,0.025573192239858905,0.3655202821869489
0.5732512098548174,0.028596568411790584,0.028596568411790584,0.3695556533216014
0.5738861932068814,0.030436700485222762,0.02646669607410675,0.36921041023378914
0.5796847635726795,0.028021015761821366,0.02714535901926445,0.36514886164623467
0.5742135578201152,0.02968542312804608,0.02968542312804608,0.36641559592379264
0.5704131497112395,0.03109729009329187,0.028876055086628164,0.3696135051088405
0.5796460176991151,0.032300884955752215,0.030530973451327433,0.35752212389380533
0.576721883173496,0.03138622493461203,0.03095030514385353,0.36094158674803833
0.5720562390158173,0.03383128295254833,0.03251318101933216,0.3615992970123023
0.572562858403176,0.03573003970004411,0.03573003970004411,0.35597706219673575
0.5704903677758318,0.03677758318739054,0.03765323992994746,0.3550788091068301
0.5742135578201152,0.03766061143110323,0.03810367744793974,0.3500221533008418
0.5769569041336852,0.03825857519788918,0.03430079155672823,0.35048372911169745
0.5800087680841736,0.03638754932047348,0.03463393248575186,0.3489697501096011
0.5770593445527015,0.037643932683790966,0.03277236492471213,0.3525243578387954
0.5777875716174526,0.0374614367562803,0.03261348611723226,0.35213750550903483
0.5816102067751869,0.03827540695116586,0.032116146062472505,0.34799824021117465
0.5774899508709245,0.036176864671728454,0.033497096918267084,0.35283608753907997
0.5787852112676056,0.03477112676056338,0.03345070422535211,0.3529929577464789
0.5831858407079646,0.034070796460176994,0.03274336283185841,0.35
0.5904467049977886,0.033171163202122954,0.029632905793896505,0.34674922600619196
0.5938053097345133,0.03274336283185841,0.026991150442477876,0.34646017699115045
0.5921169176262179,0.0283436669619132,0.0283436669619132,0.3511957484499557
0.5922671353251318,0.02899824253075571,0.029437609841827767,0.3492970123022847
0.5911091549295775,0.028609154929577465,0.02948943661971831,0.35079225352112675
0.5904677846425419,0.0264783759929391,0.02824360105913504,0.35481023830538394
0.5838481906443072,0.026037069726390114,0.02736098852603707,0.3627537511032657
0.5844789356984479,0.028381374722838137,0.031042128603104215,0.35609756097560974
0.5865128660159716,0.027062999112688554,0.030168589174800354,0.3562555456965395
0.5813850904278782,0.024702249669166298,0.029554477282752536,0.3643581826202029
0.580787959274015,0.025232403718459494,0.027888446215139442,0.366091190792386
0.582109479305741,0.023141967067200713,0.027592345349354695,0.3671562082777036
0.582562747688243,0.024218405988551298,0.028181417877586965,0.36503742844561865
0.5857519788918206,0.02198768689533861,0.028144239226033423,0.3641160949868074
0.5797613787008395,0.022978347326557666,0.032699955810870526,0.36456031816173223
0.5792035398230089,0.024336283185840708,0.033185840707964605,0.36327433628318584
0.5796847635726795,0.023204903677758317,0.03415061295971979,0.36295971978984237
0.569859402460457,0.025483304042179262,0.0351493848857645,0.3695079086115993
0.5665648188563945,0.026625927542557836,0.034046268005237884,0.37276298559580967
0.5640459363957597,0.026060070671378093,0.03356890459363958,0.3763250883392226
0.5694323144104804,0.026637554585152837,0.0314410480349345,0.37248908296943234
0.5677447552447552,0.028409090909090908,0.033216783216783216,0.3706293706293706
0.5676274944567627,0.028824833702882482,0.031929046563192905,0.3716186252771619
0.569859402460457,0.027680140597539545,0.03251318101933216,0.36994727592267135
0.5687583444592791,0.027592345349354695,0.03204272363150868,0.37160658655985757
0.5670515097690941,0.027531083481349913,0.03285968028419183,0.3725577264653641
0.5705467372134039,0.027777777777777776,0.030864197530864196,0.37081128747795417
0.5637406263784738,0.0282311424790472,0.02999558888398765,0.3780326422584914
0.5681313803817133,0.02929427430093209,0.03062583222370173,0.3719485130936529
0.5706666666666667,0.028,0.03155555555555556,0.36977777777777776
0.5676274944567627,0.027494456762749447,0.03370288248337029,0.3711751662971175
0.5638437911364633,0.025449758666081616,0.030276437033786747,0.38043001316366826
0.5666520017597888,0.025076990761108666,0.030356357237131544,0.37791465024197096
0.572759538598048,0.024401064773735583,0.030168589174800354,0.37267080745341613
0.5749559082892416,0.024250440917107582,0.029982363315696647,0.37081128747795417
0.5709903593339176,0.02497808939526731,0.03067484662576687,0.3733567046450482
0.5661375661375662,0.02513227513227513,0.030864197530864196,0.37786596119929455
0.5677590788308238,0.02612931798051373,0.0283436669619132,0.3777679362267493
0.5721807810443177,0.027643703378674857,0.028082492321193506,0.37209302325581395
0.5746367239101717,0.02906208718626156,0.028181417877586965,0.36811977102597976
0.5709266578831796,0.032059727711901624,0.029863855950812472,0.3671497584541063
0.5719329214474845,0.032215357458075904,0.03398058252427184,0.36187113857016767
0.5682218309859155,0.03169014084507042,0.03125,0.36883802816901406
0.5730735163861824,0.029229406554472984,0.029229406554472984,0.36846767050487156
0.5702917771883289,0.02961980548187445,0.029177718832891247,0.3709106984969054
0.5703022339027596,0.031099430573806396,0.033289531318440646,0.36530880420499345
0.5690949227373069,0.032229580573951436,0.033554083885209716,0.365121412803532
0.5603563474387527,0.030289532293986638,0.03296213808463252,0.37639198218262804
0.5671772428884027,0.027133479212253828,0.03369803063457331,0.37199124726477023
0.5669603524229075,0.028193832599118944,0.033480176211453744,0.37136563876651985
0.5601586602027325,0.030850594975760245,0.03349493168796827,0.375495813133539
0.5590969455511288,0.02877379371403276,0.03497122620628597,0.37715803452855245
0.5626383355467021,0.027003098716246128,0.03275785745905268,0.37760070827799913
0.5618125824901012,0.026836779586449627,0.0343158820941487,0.37703475582930046
0.5657492354740061,0.02927042376583661,0.0345128877238969,0.3704674530362604
0.5657492354740061,0.03058103975535168,0.033202271734381825,0.3704674530362604
0.5595604395604395,0.03296703296703297,0.03560439560439561,0.3718681318681319
0.5621716287215411,0.03458844133099825,0.03283712784588441,0.37040280210157617
0.565063961182179,0.033083370092633436,0.032642258491398325,0.36921041023378914
0.5645805592543276,0.032845095428317796,0.03462050599201065,0.367953839325344
0.5762489044697634,0.03067484662576687,0.03286590709903593,0.3602103418054338
0.5666372462488968,0.03089143865842895,0.03177405119152692,0.3706972639011474
0.5676625659050967,0.03031634446397188,0.029876977152899824,0.37214411247803164
0.5718085106382979,0.02969858156028369,0.02925531914893617,0.3692375886524823
0.5785525154457193,0.029567519858781994,0.029567519858781994,0.3623124448367167
0.5692307692307692,0.02945054945054945,0.026373626373626374,0.3749450549450549
0.5771428571428572,0.02945054945054945,0.024175824175824177,0.36923076923076925
0.5737417943107221,0.028446389496717725,0.024070021881838075,0.3737417943107221
0.5733924611973392,0.03015521064301552,0.025277161862527715,0.3711751662971175
0.5675434685688809,0.03120820329915292,0.026749888542131076,0.37449843958983503
0.5638670166229222,0.03455818022747156,0.02799650043744532,0.37357830271216097
0.5691021126760564,0.03169014084507042,0.027288732394366196,0.37191901408450706
0.5680212014134276,0.03180212014134275,0.028268551236749116,0.37190812720848054
0.5742617893345086,0.03129131776112825,0.02600264433671221,0.36844424856765096
0.5675438596491228,0.02982456140350877,0.027192982456140352,0.37543859649122807
0.5728843597696057,0.031014621178555603,0.02525476295968099,0.3708462560921577
0.5790636042402827,0.030035335689045935,0.024734982332155476,0.3661660777385159
0.5827017387427552,0.03120820329915292,0.022737405260811413,0.36335265269728045
0.583922261484099,0.030918727915194347,0.022526501766784453,0.3626325088339223
0.5845347313237221,0.027959807776321538,0.021406727828746176,0.36609873307121016
0.5795504627589246,0.03129131776112825,0.022917584839136182,0.3662406346408109
0.5758241758241758,0.03076923076923077,0.023296703296703296,0.3701098901098901
0.5770925110132159,0.032158590308370046,0.020704845814977973,0.3700440528634361
0.5723713154421469,0.03167619885613726,0.020237571491421028,0.37571491421029474
0.5782973092192325,0.032642258491398325,0.018967798853109837,0.37009263343625937
0.5743453173546382,0.031069684864624945,0.018197958277851752,0.37638703950288505
0.5709204090706981,0.030680302356602934,0.020898176967541128,0.37750111160515787
0.5711727842435094,0.02909579230080573,0.022381378692927483,0.3773500447627574
0.5691489361702128,0.027925531914893616,0.022163120567375887,0.3807624113475177
0.569859402460457,0.02680140597539543,0.0210896309314587,0.38224956063268895
0.5697879858657244,0.028268551236749116,0.020318021201413426,0.38162544169611307
0.5718681318681319,0.02945054945054945,0.01978021978021978,0.3789010989010989
0.5610184372256365,0.03160667251975417,0.021071115013169446,0.3863037752414399
0.5546143557735176,0.030762371823450735,0.02139991083370486,0.3932233615693268
0.5549183943537715,0.032201146890163214,0.019850022055580063,0.3930304367004852
0.5525154457193292,0.03265666372462489,0.021624007060900265,0.3932038834951456
0.5553097345132744,0.03274336283185841,0.023008849557522124,0.38893805309734514
0.5489849955869374,0.032215357458075904,0.02294792586054722,0.39585172109443956
0.539612676056338,0.030809859154929578,0.023767605633802816,0.40580985915492956
0.5422689443714411,0.030223390275952694,0.024091108190976786,0.40341655716162944
0.5417212756662297,0.0327653997378768,0.025775447793796417,0.399737876802097
0.5460961623290692,0.031760035288928096,0.026025584472871635,0.396118217909131
0.5477763099955967,0.03346543372963452,0.02686041391457508,0.39189784236019376
0.5418309242225142,0.03153745072273324,0.02890932982917214,0.3977222952255804
0.5521201413427562,0.03180212014134275,0.030035335689045935,0.38604240282685515
0.5476504172156346,0.032059727711901624,0.029424681598594644,0.3908651734738691
0.5422907488986785,0.03171806167400881,0.026872246696035242,0.3991189427312775
0.539612676056338,0.032570422535211266,0.027288732394366196,0.4005281690140845
0.5379157427937916,0.03237250554323725,0.029711751662971176,0.4
0.5420186749666518,0.03334815473543797,0.028901734104046242,0.3957314361938639
0.5484444444444444,0.030666666666666665,0.028,0.3928888888888889
0.5456977262594739,0.03031654034774855,0.02808738296923763,0.3958983504235399
0.5320738137082601,0.02899824253075571,0.029437609841827767,0.4094903339191564
0.5383267630310994,0.033289531318440646,0.02759526938239159,0.4007884362680683
0.5427069645203679,0.03153745072273324,0.02803328953131844,0.3977222952255804
0.542907180385289,0.031085814360770576,0.03021015761821366,0.3957968476357268
0.5393700787401575,0.031933508311461065,0.028871391076115485,0.399825021872266
0.5416850463167181,0.03352448169386855,0.02867225408028231,0.396118217909131
0.5464912280701755,0.031578947368421054,0.029385964912280703,0.3925438596491228
0.5440917107583775,0.03350970017636684,0.029541446208112873,0.39285714285714285
0.5423128046078866,0.03322995126273815,0.028799291094373063,0.39565795303500223
0.545058772311711,0.032651284283848496,0.028733130169786677,0.3935568132346539
0.5378590078328982,0.034377719756309835,0.030896431679721496,0.3968668407310705
0.5426186291739895,0.035588752196836555,0.03163444639718805,0.39015817223198596
0.5408611599297012,0.03163444639718805,0.031195079086115993,0.39630931458699475
0.541280353200883,0.031788079470198675,0.033554083885209716,0.3933774834437086
0.5373728438743919,0.030959752321981424,0.03361344537815126,0.3980539584254755
0.5349867139061116,0.031443755535872454,0.034986713906111605,0.3985828166519043
0.5370288248337028,0.028381374722838137,0.032815964523281595,0.4017738359201774
0.5356188780053428,0.028495102404274265,0.031166518254674976,0.40471950133570794
0.5423280423280423,0.02513227513227513,0.03218694885361552,0.400352733686067
0.5445761967501098,0.025472112428634168,0.033816425120772944,0.3961352657004831
0.542492294143549,0.02553940995156319,0.03478643769264641,0.3971818582122413
0.5439056356487549,0.027522935779816515,0.03582350371341197,0.39274792485801663
0.5449389179755671,0.026614310645724257,0.03446771378708551,0.39397905759162305
0.5464912280701755,0.025,0.03333333333333333,0.39517543859649124
0.5436893203883495,0.024271844660194174,0.03486319505736982,0.3971756398940865
0.5444980271810609,0.024550635686102586,0.03463393248575186,0.3963174046470846
0.5409836065573771,0.024811696942844484,0.03322995126273815,0.4009747452370403
0.5378486055776892,0.02656042496679947,0.033200531208499334,0.40239043824701193
0.536980306345733,0.025820568927789934,0.030196936542669583,0.40700218818380746
0.537577365163572,0.02475685234305924,0.030061892130857647,0.40760389036251105
0.5369305616983635,0.02476780185758514,0.030959752321981424,0.4073418841220699
0.5364979847738468,0.02328705776981639,0.03134796238244514,0.4088669950738916
0.532399299474606,0.024080560420315235,0.03064798598949212,0.4128721541155867
0.5302695536897923,0.023862129916040652,0.032699955810870526,0.41316836058329653
0.5273522975929978,0.022757111597374178,0.035448577680525166,0.41444201312910284
0.5271453590192644,0.023642732049036778,0.03546409807355517,0.4137478108581436
0.5275938189845475,0.023399558498896248,0.03532008830022075,0.41368653421633556
0.5323008849557522,0.024336283185840708,0.033628318584070796,0.4097345132743363
0.5381913959613697,0.02502194907813872,0.033362598770851626,0.40342405618964006
0.5369393139841688,0.025505716798592787,0.032981530343007916,0.4045734388742304
0.5268014059753954,0.027240773286467488,0.03646748681898067,0.4094903339191564
0.5272806634657354,0.027935399388913137,0.032300305543430816,0.4124836316019206
0.5185508511567001,0.028371890004364905,0.034919249236141425,0.41815800960279353
0.516629711751663,0.028824833702882482,0.03680709534368071,0.4177383592017738
0.5172413793103449,0.029177718832891247,0.03934571175950486,0.41423519009725907
0.5161147902869757,0.030022075055187638,0.038852097130242826,0.41501103752759383
0.5234752084247477,0.03203159280386134,0.03949100482667837,0.4050021939447126
0.513035793194874,0.03093239063190455,0.04021210782147592,0.4158197083517455
0.516829052258636,0.029229406554472984,0.04074402125775022,0.41319751992914083
0.512910284463895,0.027571115973741796,0.038074398249452954,0.42144420131291027
0.513262599469496,0.027409372236958444,0.036251105216622455,0.4230769230769231
0.514648010494097,0.027984258854394404,0.036292085701792744,0.4210756449497158
0.515618125824901,0.029916410030796304,0.03739551253849538,0.4170699516058073
0.5191111111111111,0.029333333333333333,0.035111111111111114,0.41644444444444445
0.5133451957295374,0.030249110320284697,0.03291814946619217,0.4234875444839858
0.5116894574327305,0.030877812086457873,0.029113365681517425,0.4283193647992942
0.5157205240174673,0.03406113537117904,0.031004366812227076,0.4192139737991266
0.5252747252747253,0.032527472527472526,0.03076923076923077,0.4114285714285714
0.5283185840707965,0.034513274336283185,0.02920353982300885,0.4079646017699115
0.5256581883087907,0.03480589022757698,0.027219991075412762,0.41231593038821956
0.5306487695749441,0.03400447427293065,0.02953020134228188,0.4058165548098434
0.5155417406749556,0.03374777975133215,0.02975133214920071,0.42095914742451157
0.5205599300087489,0.031933508311461065,0.02974628171478565,0.41776027996500437
0.5294894366197183,0.03125,0.029049295774647887,0.4102112676056338
0.5279120879120879,0.03120879120879121,0.03032967032967033,0.4105494505494505
0.5272485600354453,0.031014621178555603,0.033673017279574655,0.40806380150642446
0.5258999122036875,0.03204565408252853,0.03424056189640035,0.40781387181738366
0.5256864481842338,0.03100088573959256,0.032329495128432244,0.41098317094774134
0.5286849073256841,0.02912621359223301,0.03309796999117388,0.4090909090909091
0.5296985815602837,0.03102836879432624,0.03368794326241135,0.40558510638297873
0.5275590551181102,0.02974628171478565,0.033245844269466314,0.4094488188976378
0.5280948200175593,0.03204565408252853,0.03160667251975417,0.40825285338015804
0.5340959084909811,0.030796304443466784,0.031236251649802024,0.4038715354157501
0.5323645970937912,0.02906208718626156,0.030823425803610745,0.4077498899163364
0.537273930304367,0.030436700485222762,0.030877812086457873,0.4014115571239524
0.535904255319149,0.031914893617021274,0.031914893617021274,0.4002659574468085
0.5355887521968365,0.033391915641476276,0.031195079086115993,0.3998242530755712
0.5345581802274716,0.03455818022747156,0.02974628171478565,0.4011373578302712
0.5406001765225066,0.03309796999117388,0.03353927625772286,0.39276257722859664
0.534307215582116,0.029659141212926073,0.03408587870739265,0.4019477644975653
0.5392762577228597,0.029567519858781994,0.03353927625772286,0.3976169461606355
0.547945205479452,0.03093239063190455,0.03137428192664605,0.3897481219619974
0.542492294143549,0.030823425803610745,0.02906208718626156,0.39762219286657857
0.541955017301038,0.030709342560553632,0.02897923875432526,0.39835640138408307
0.5427689594356261,0.030864197530864196,0.03130511463844797,0.3950617283950617
0.5479573712255773,0.02975133214920071,0.03285968028419183,0.3894316163410302
0.551056338028169,0.030369718309859156,0.03125,0.3873239436619718
0.5423803249890207,0.028985507246376812,0.029863855950812472,0.3987703118137901
0.5454545454545454,0.029567519858781994,0.03089143865842895,0.3940864960282436
0.5473965287049399,0.027592345349354695,0.030707610146862484,0.3943035157988429
0.5411198600174978,0.02668416447944007,0.033245844269466314,0.3989501312335958
0.5341560158660202,0.029528426619656236,0.03261348611723226,0.40370207139709124
0.5325417766051012,0.030343007915567283,0.03210202286719437,0.4050131926121372
0.525965379494008,0.02929427430093209,0.03417665335108744,0.4105636928539725
0.5303769401330377,0.027494456762749447,0.03414634146341464,0.4079822616407982
0.5329209014582412,0.024745912505523642,0.033583738400353516,0.40874944763588156
0.5316901408450704,0.02420774647887324,0.03125,0.4128521126760563
0.527972027972028,0.02097902097902098,0.030157342657342656,0.4208916083916084
0.5311676909569798,0.023266022827041263,0.028533801580333626,0.4170324846356453
0.5263858093126386,0.02350332594235033,0.028824833702882482,0.4212860310421286
0.5298276623950509,0.023862129916040652,0.029164825452938577,0.41714538223597
0.5292035398230088,0.024336283185840708,0.028761061946902654,0.4176991150442478
0.5301098901098901,0.024175824175824177,0.027252747252747254,0.41846153846153844
0.5264783759929391,0.02383053839364519,0.026919682259488084,0.4227714033539276
0.5279858968708683,0.02600264433671221,0.027324812692816218,0.4186866460996034
0.5202464788732394,0.027288732394366196,0.029049295774647887,0.4234154929577465
0.5228671943711521,0.025505716798592787,0.028144239226033423,0.4234828496042216
0.5205116894574328,0.026025584472871635,0.02646669607410675,0.4269960299955889
0.5207780725022104,0.026967285587975242,0.026525198938992044,0.42572944297082227
0.5233437083148066,0.028901734104046242,0.02578923966207203,0.42196531791907516
0.5220427760803142,0.02968136185072021,0.026189436927106065,0.42208642514185946
0.512184315463004,0.03145768719539211,0.027913159060700046,0.42844483828090385
0.5156456588805641,0.030409872190392245,0.026443367122080213,0.42750110180696343
0.5169528841919859,0.028621752531924262,0.02686041391457508,0.42756494936151473
0.5113082039911309,0.02926829268292683,0.029711751662971176,0.42971175166297115
0.5089126559714795,0.03074866310160428,0.0285204991087344,0.4318181818181818
0.5102934734997809,0.02890932982917214,0.029347349978098992,0.4314498466929479
0.5075287865367581,0.030115146147032774,0.029229406554472984,0.43312666076173606
0.5074955908289241,0.0291005291005291,0.03042328042328042,0.4329805996472663
0.5076452599388379,0.028833551769331587,0.03145478374836173,0.4320664045434688
0.5081894643647632,0.03142983621071271,0.029216467463479414,0.4311642319610447
0.5039473684210526,0.03508771929824561,0.030263157894736843,0.4307017543859649
0.4991220368744513,0.033801580333625986,0.03028972783143108,0.4367866549604917
0.5041758241758242,0.03076923076923077,0.03428571428571429,0.4307692307692308
0.5063401836466987,0.031919545255793616,0.031919545255793616,0.42982072584171405
0.505726872246696,0.03127753303964758,0.03259911894273128,0.4303964757709251
0.5050817498895271,0.03535130357931949,0.033583738400353516,0.4259832081307998
0.5053191489361702,0.038120567375886524,0.03280141843971631,0.4237588652482269
0.4988883948421521,0.035571365051133834,0.032458870609159626,0.4330813694975545
0.4938434476693052,0.03605980650835532,0.032981530343007916,0.4371152154793316
0.4980044345898004,0.03503325942350333,0.03325942350332594,0.4337028824833703
0.49867139061116034,0.03277236492471213,0.031443755535872454,0.4371124889282551
0.5035180299032542,0.034740545294635,0.032981530343007916,0.4287598944591029
0.5052585451358458,0.034618755477651184,0.031113058720420684,0.4290096406660824
0.4984682713347921,0.036323851203501095,0.03413566739606127,0.4310722100656455
0.5026478375992939,0.03574580759046778,0.03089143865842895,0.43071491615180935
0.4997807978956598,0.03638754932047348,0.029811486190267425,0.4340201665935993
0.5017574692442882,0.03602811950790861,0.027240773286467488,0.4349736379613357
0.49359257622624836,0.03932832523199293,0.026513477684489615,0.44056562085726914
0.4845045831514622,0.03884766477520733,0.027062418158009603,0.4495853339153208
0.48867170146601513,0.03909373611728121,0.028876055086628164,0.44335850733007554
0.4911738746690203,0.03574580759046778,0.02736098852603707,0.4457193292144748
0.49411251635412123,0.03488879197557784,0.02878325337985172,0.4422154382904492
0.4942477876106195,0.034513274336283185,0.031415929203539826,0.4398230088495575
0.4869872077635642,0.03440670489633877,0.033083370092633436,0.4455227172474636
0.4858906525573192,0.034832451499118164,0.033950617283950615,0.445326278659612
0.48351158645276293,0.035650623885918005,0.0338680926916221,0.44696969696969696
0.4853982300884956,0.03185840707964602,0.034955752212389384,0.44778761061946903
0.4920424403183024,0.026967285587975242,0.03536693191865606,0.44562334217506633
0.49166666666666664,0.02763157894736842,0.03333333333333333,0.4473684210526316
0.48566387295985886,0.0282311424790472,0.03396559329510366,0.4521393912659903
0.4859278803869833,0.027264731750219876,0.03342128408091469,0.45338610378188215
0.4855769230769231,0.027534965034965036,0.03146853146853147,0.4554195804195804
0.4837291116974494,0.027704485488126648,0.031222515391380826,0.4573438874230431
0.48325991189427314,0.028193832599118944,0.02907488986784141,0.4594713656387665
0.49007498897220997,0.0282311424790472,0.029554477282752536,0.4521393912659903
0.48171000440722783,0.02864698104892023,0.03129131776112825,0.4583516967827237
0.48664038545773103,0.030223390275952694,0.029347349978098992,0.45378887428821724
0.48756001745962463,0.030554343081623744,0.029244871235268442,0.4526407682234832
0.49381625441696114,0.026060070671378093,0.03136042402826855,0.44876325088339225
0.49452954048140046,0.02538293216630197,0.02975929978118162,0.45032822757111596
0.4851007887817704,0.025416301489921123,0.029360210341805432,0.4601226993865031
0.48378615249780893,0.02716914986853637,0.02848378615249781,0.46056091148115685
0.4823321554770318,0.028268551236749116,0.02871024734982332,0.46068904593639576
0.480658070253446,0.02845709204090707,0.02845709204090707,0.4624277456647399
0.48038783605112384,0.027765535478184222,0.02908770383428823,0.4627589246364037
0.47724259832081306,0.029606716747680072,0.02828104286345559,0.46486964206805126
0.4782801418439716,0.030585106382978722,0.02925531914893617,0.46187943262411346
0.46946902654867256,0.030530973451327433,0.02920353982300885,0.47079646017699117
0.46799116997792495,0.032229580573951436,0.026931567328918323,0.4728476821192053
0.4615044247787611,0.030530973451327433,0.02831858407079646,0.479646017699115
0.4674245736773065,0.028421512898994316,0.02710975076519458,0.4770441626585046
0.46774901272487934,0.028960070206230804,0.028960070206230804,0.4743308468626591
0.47296703296703296,0.029010989010989013,0.02945054945054945,0.4685714285714286
0.47452370403190075,0.0256978289765175,0.028799291094373063,0.47097917589720867
0.47747349823321555,0.02561837455830389,0.029151943462897525,0.46775618374558303
0.4727514399645547,0.02658396101019052,0.028356225077536552,0.4723083739477182
0.48093971631205673,0.025709219858156027,0.028812056737588652,0.4645390070921986
0.47709251101321587,0.02643171806167401,0.02643171806167401,0.47004405286343615
0.47733217088055796,0.02702702702702703,0.02833478639930253,0.4673060156931125
0.4828042328042328,0.026895943562610228,0.0291005291005291,0.46119929453262787
0.4820175438596491,0.02631578947368421,0.02763157894736842,0.46403508771929824
0.4877396344181899,0.027641551493535442,0.02630405706642889,0.45831475702184576
0.48834139903211615,0.025516937967443906,0.025956885173779146,0.4601847778266608
0.48368606701940037,0.023809523809523808,0.027336860670194002,0.4651675485008818
0.48475475033141846,0.022536456031816175,0.026071586389748123,0.46663720724701724
0.48838228846996934,0.021920210434020166,0.024550635686102586,0.46514686540990796
0.48294195835179443,0.02303943287549845,0.02525476295968099,0.46876384581302616
0.4885260370697264,0.02471315092674316,0.026037069726390114,0.46072374227714036
0.4875816993464052,0.023529411764705882,0.023965141612200435,0.46492374727668845
0.4823943661971831,0.022887323943661973,0.023327464788732395,0.47139084507042256
0.48313622426631625,0.024967148488830485,0.025405168637757335,0.4664914586070959
0.4769837790442788,0.024112231477422183,0.02367382726874178,0.4752301622095572
0.47368421052631576,0.02412280701754386,0.02368421052631579,0.47850877192982455
0.47001332741004,0.02621057307863172,0.027099067081297203,0.4766770324300311
0.46846052051168946,0.024261138067931187,0.027348919276576972,0.4799294221438024
0.4666666666666667,0.026048565121412803,0.026490066225165563,0.48079470198675495
0.46628216503992903,0.027062999112688554,0.030168589174800354,0.4764862466725821
0.4658138509042788,0.02646669607410675,0.030436700485222762,0.4772827525363917
