C,D,Oc,Od
1.0,0.0,0.0,0.0
1.0,0.0,0.0,0.0
0.7,0.3,0.0,0.0
0.6666666666666666,0.3333333333333333,0.0,0.0
0.5925925925925926,0.3333333333333333,0.07407407407407407,0.0
0.6136363636363636,0.29545454545454547,0.09090909090909091,0.0
0.5538461538461539,0.3230769230769231,0.09230769230769231,0.03076923076923077
0.5212765957446809,0.3191489361702128,0.1276595744680851,0.031914893617021274
0.4793388429752066,0.34710743801652894,0.1322314049586777,0.04132231404958678
0.4556213017751479,0.33727810650887574,0.17159763313609466,0.03550295857988166
0.4647887323943662,0.3286384976525822,0.1643192488262911,0.04225352112676056
0.4068441064638783,0.3574144486692015,0.17110266159695817,0.06463878326996197
0.37462235649546827,0.3776435045317221,0.18126888217522658,0.06646525679758308
0.35036496350364965,0.3795620437956204,0.19708029197080293,0.072992700729927
0.3392857142857143,0.37103174603174605,0.1984126984126984,0.09126984126984126
0.3414239482200647,0.3511326860841424,0.2087378640776699,0.09870550161812297
0.3138586956521739,0.35733695652173914,0.22010869565217392,0.10869565217391304
0.30941176470588233,0.34352941176470586,0.2388235294117647,0.10823529411764705
0.2997946611909651,0.33880903490759756,0.2433264887063655,0.11806981519507187
0.29063604240282687,0.3489399293286219,0.23674911660777384,0.12367491166077739
0.2923694779116466,0.3381526104417671,0.2353413654618474,0.13413654618473897
0.2911849710982659,0.33670520231213874,0.23771676300578035,0.13439306358381503
0.2963455149501661,0.3275747508305648,0.22724252491694352,0.14883720930232558
0.29495073891625617,0.3232758620689655,0.23275862068965517,0.14901477832512317
0.2991253644314869,0.3160349854227405,0.23556851311953353,0.14927113702623906
0.2872163807415606,0.3154399557277255,0.2423907028223575,0.1549529607083564
0.28753993610223644,0.3093716719914803,0.24440894568690097,0.15867944621938232
0.28407908428720086,0.3152965660770031,0.24141519250780438,0.15920915712799166
0.2780586450960566,0.31648129423660265,0.24014155712841254,0.1653185035389282
0.2872549019607843,0.3107843137254902,0.2357843137254902,0.1661764705882353
0.28227360308285165,0.3092485549132948,0.23747591522157996,0.1710019267822736
0.2820754716981132,0.30518867924528303,0.2438679245283019,0.16886792452830188
0.2834026814609339,0.3069810448451225,0.2436430883032825,0.1659731853906611
0.2800181241504304,0.3076574535568645,0.24512913457181695,0.1671952877208881
0.27456258411843876,0.30776132794975325,0.2503364737550471,0.16733961417676088
0.27374551971326166,0.30510752688172044,0.2531362007168459,0.16801075268817203
0.27349290780141844,0.30186170212765956,0.25398936170212766,0.17065602836879432
0.2708240534521158,0.3086859688195991,0.2485523385300668,0.17193763919821825
0.27568042142230026,0.3077260755048288,0.25065847234416155,0.16593503072870938
0.2752212389380531,0.30619469026548674,0.2513274336283186,0.1672566371681416
0.27586206896551724,0.3037135278514589,0.2515473032714412,0.16887709991158267
0.2716049382716049,0.30511463844797176,0.25220458553791886,0.1710758377425044
0.2732919254658385,0.2972493345164153,0.259094942324756,0.17036379769299023
0.2700087950747581,0.2963940193491645,0.25857519788918204,0.17502198768689534
0.2658782303985983,0.2943495400788436,0.261060008760403,0.17871222076215507
0.2618006993006993,0.2910839160839161,0.26267482517482516,0.18444055944055945
0.27004405286343613,0.2911894273127753,0.2581497797356828,0.18061674008810572
0.26904447380008806,0.2870981946279172,0.25935711140466755,0.18450022016732717
0.2608695652173913,0.2894158981115503,0.25735617039964864,0.19235836627140976
0.26117751217352814,0.28286852589641437,0.2602921646746348,0.19566179725542276
0.2675438596491228,0.2850877192982456,0.2578947368421053,0.18947368421052632
0.2677787532923617,0.2774363476733977,0.25636523266022826,0.1984196663740123
0.2716049382716049,0.28174603174603174,0.25044091710758376,0.19620811287477954
0.2751531058617673,0.2751531058617673,0.2572178477690289,0.19247594050743658
0.27809862283429587,0.27143491781430473,0.25633051976899157,0.19413593958240782
0.27855887521968364,0.2680140597539543,0.2561511423550088,0.19727592267135324
0.2731729055258467,0.2718360071301248,0.2553475935828877,0.19964349376114082
0.2724867724867725,0.2742504409171076,0.25,0.20326278659611993
0.2751766784452297,0.26855123674911663,0.2513250883392226,0.2049469964664311
0.2716049382716049,0.27116402116402116,0.25220458553791886,0.20502645502645503
0.2683677958644963,0.27056753189617244,0.2512098548174219,0.20985481742190937
0.26982041173894,0.2689443714410863,0.24967148488830487,0.21156373193166886
0.27220503756076003,0.2677861246133451,0.2465753424657534,0.21343349536014142
0.2784865816102068,0.2635283765948086,0.24769027716674,0.21029476462824462
0.28167770419426047,0.2618101545253863,0.24812362030905077,0.20838852097130242
0.2843915343915344,0.25573192239858905,0.24867724867724866,0.21119929453262787
0.28372497824194953,0.2515230635335074,0.24760661444734552,0.21714534377719757
0.28152364273204905,0.2513134851138354,0.2539404553415061,0.21322241681260945
0.2828860536735592,0.2564892212934448,0.24593048834139902,0.214694236691597
0.2828860536735592,0.2534095908490981,0.24373075230972283,0.21997360316761988
0.28370663153271847,0.2534036012296882,0.2463768115942029,0.21651295564339043
0.2800528401585205,0.25407309555262,0.2523117569352708,0.21356230735358872
0.281195079086116,0.2539543057996485,0.24165202108963094,0.22319859402460457
0.28102836879432624,0.25398936170212766,0.24867021276595744,0.21631205673758866
0.278341420379356,0.2567269519188355,0.24658138509042787,0.21835024261138067
0.279754062362758,0.25120772946859904,0.24593763724198506,0.2231005709266579
0.2737355811889973,0.25510204081632654,0.24622892635314997,0.22493345164152617
0.2656940760389036,0.2630415561450044,0.2440318302387268,0.22723253757736517
0.25983208130799823,0.2615996464869642,0.25187803800265135,0.2266902342023862
0.2653965440850687,0.2565352237483385,0.2507753655294639,0.22729286663712894
0.26505494505494503,0.258021978021978,0.24967032967032968,0.22725274725274724
0.26821773485513606,0.2550482879719052,0.24582967515364354,0.2309043020193152
0.26843267108167773,0.2582781456953642,0.24944812362030905,0.223841059602649
0.26404245908889873,0.2565236620964175,0.254312251216276,0.2251216275984078
0.2612137203166227,0.2515391380826737,0.2537379067722076,0.23350923482849603
0.2546419098143236,0.25596816976127323,0.25287356321839083,0.23651635720601238
0.25824901011878576,0.25208974923009236,0.24769027716674,0.24197096348438188
0.25772285966460723,0.2511032656663725,0.24889673433362755,0.24227714033539277
0.2596026490066225,0.25386313465783666,0.2445916114790287,0.24194260485651214
0.2599118942731278,0.25903083700440527,0.2444933920704846,0.2365638766519824
0.26148409893992935,0.25176678445229683,0.24646643109540636,0.24028268551236748
0.2561247216035635,0.2579064587973274,0.24097995545657017,0.24498886414253898
0.25922632281013785,0.2574477545575811,0.23788350377945755,0.24544241885282347
0.2559262510974539,0.25417032484635643,0.23968393327480245,0.25021949078138717
0.26052631578947366,0.25043859649122807,0.2381578947368421,0.25087719298245614
0.26100352112676056,0.2557218309859155,0.22843309859154928,0.2548415492957746
0.25862068965517243,0.251105216622458,0.22767462422634838,0.2625994694960212
0.2567269519188355,0.2514336127040141,0.22364358182620203,0.2681958535509484
0.26007975188303056,0.2467877713779353,0.2202038103677448,0.2729286663712893
0.2531138790035587,0.25222419928825623,0.22597864768683273,0.26868327402135234
0.25176678445229683,0.254416961130742,0.21908127208480566,0.2747349823321555
0.2458943630714603,0.2472259209942299,0.22769640479360853,0.2791833111407013
0.25,0.2504416961130742,0.2248233215547703,0.2747349823321555
0.25132275132275134,0.25308641975308643,0.2292768959435626,0.26631393298059963
0.25264084507042256,0.25528169014084506,0.22579225352112675,0.2662852112676056
0.258996001776988,0.25322079075966236,0.22478898267436695,0.26299422478898266
0.25623087013554874,0.2588543944031482,0.21512898994315696,0.26978574551814605
0.25958572058175405,0.2560599382988101,0.21859850154252974,0.2657558395769061
0.25317564607971965,0.2588699080157687,0.21857205431449847,0.26938239159001315
0.2535149384885764,0.2548330404217926,0.2179261862917399,0.27372583479789103
0.25011027790030876,0.2545213939126599,0.21967357741508603,0.27569475077194533
0.2516440157825515,0.2529592284085927,0.22051731696624288,0.2748794388426129
0.2559262510974539,0.25065847234416155,0.22168568920105355,0.271729587357331
0.2535149384885764,0.2508787346221441,0.2179261862917399,0.27768014059753954
0.25829279080053075,0.24546660769570985,0.22379478107032286,0.2724458204334365
0.25875055383252105,0.25033229951262737,0.2202038103677448,0.27071333628710675
0.26015901060070673,0.25220848056537104,0.22217314487632508,0.26545936395759717
0.25650224215246636,0.25246636771300446,0.22331838565022422,0.2677130044843049
0.25729212015672615,0.25163256421419244,0.22551153678711364,0.2655637788419678
0.26290463692038496,0.24803149606299213,0.22178477690288714,0.2672790901137358
0.26897470039946736,0.24456280514869064,0.2268086995117621,0.2596537949400799
0.26803672933974637,0.2409269785745518,0.23130738959335373,0.25972890249234803
0.26371215445370777,0.2430890741553313,0.23168056164984643,0.2615182097411145
0.2631578947368421,0.23903508771929824,0.22763157894736843,0.27017543859649124
0.2628318584070796,0.2424778761061947,0.2247787610619469,0.26991150442477874
0.26163301141352063,0.23836698858647937,0.2295873573309921,0.2704126426690079
0.25951859956236323,0.23326039387308534,0.23544857768052516,0.27177242888402625
0.2657218777679362,0.23427812223206376,0.23472099202834368,0.2652790079716563
0.2603287427809862,0.23989338071968014,0.23367392270102177,0.26610395379831187
0.2595217006200177,0.23870682019486272,0.2316209034543844,0.27015057573073514
0.25739514348785875,0.23620309050772628,0.2423841059602649,0.2640176600441501
0.26490066225165565,0.22913907284768212,0.23973509933774834,0.2662251655629139
0.2695883134130146,0.2297476759628154,0.23948649845064188,0.26117751217352814
0.2671353251318102,0.22539543057996486,0.2438488576449912,0.26362038664323373
0.26953467954345917,0.228270412642669,0.24846356453028973,0.2537313432835821
0.267817618415228,0.22576361221779548,0.2545374059318282,0.2518813634351483
0.2682602921646746,0.22532093846834883,0.2527667109340416,0.2536520584329349
0.2671353251318102,0.22231985940246046,0.2535149384885764,0.2570298769771529
0.2592429577464789,0.2244718309859155,0.25088028169014087,0.2654049295774648
0.25549692172383465,0.22207563764291996,0.25549692172383465,0.2669305189094107
0.2540445999125492,0.22212505465675558,0.25929164844774816,0.2645386969829471
0.25518763796909494,0.22560706401766004,0.25121412803532006,0.26799116997792494
0.2558550596553248,0.2222713212549713,0.2527618205921343,0.2691117984975696
0.25820568927789933,0.22275711159737419,0.24814004376367615,0.2708971553610503
0.25769569041336854,0.2198768689533861,0.25065963060686014,0.2717678100263852
0.2604712041884817,0.2238219895287958,0.24650959860383945,0.26919720767888305
0.26306543697848045,0.22090469916556874,0.24022837066315328,0.27580149319279756
0.2647058823529412,0.22058823529411764,0.23796791443850268,0.2767379679144385
0.26500219010074466,0.22251423565484013,0.23083661848445028,0.28164695575996496
0.26229508196721313,0.22153300841825432,0.22995126273814798,0.2862206468763846
0.26382791922739246,0.22563652326602282,0.22607550482879718,0.2844600526777875
0.2681095406360424,0.22438162544169613,0.22570671378091872,0.28180212014134276
0.27079646017699116,0.21858407079646017,0.22876106194690266,0.28185840707964605
0.27672679278486584,0.2190937087549494,0.22217333919929608,0.2820061592608887
0.2734513274336283,0.22123893805309736,0.2247787610619469,0.28053097345132744
0.2821978021978022,0.22197802197802197,0.22153846153846155,0.2742857142857143
0.28451698279664756,0.21835024261138067,0.21658579620644022,0.28054697838553155
0.2763796909492274,0.21766004415011037,0.22119205298013245,0.2847682119205298
0.27631578947368424,0.21228070175438596,0.22236842105263158,0.28903508771929826
0.27626970227670755,0.2084063047285464,0.22548161120840632,0.28984238178633975
0.27763041556145,0.20114942528735633,0.22590627763041557,0.2953138815207781
0.2805628847845207,0.19876868953386104,0.2247141600703606,0.2959542656112577
0.2814847547503314,0.1935483870967742,0.22448077772867875,0.30048608042421565
0.28533451484271155,0.19273371732388125,0.22507753655294638,0.2968542312804608
0.28058510638297873,0.19370567375886524,0.225177304964539,0.300531914893617
0.2857142857142857,0.18945054945054945,0.2254945054945055,0.29934065934065934
0.28777923784494086,0.1927288655278143,0.22207621550591328,0.2974156811213316
0.29657293497363796,0.18980667838312829,0.21836555360281196,0.29525483304042177
0.29185119574845,0.1886625332152347,0.22984942426926483,0.2896368467670505
0.2917771883289125,0.1847922192749779,0.22944297082228116,0.29398762157382846
0.29027962716378164,0.18908122503328895,0.22192632046160674,0.2987128273413227
0.29473225946887244,0.18676534610361342,0.2194166303874619,0.2990857640400522
0.2975929978118162,0.187308533916849,0.21531728665207878,0.29978118161925604
0.2954946996466431,0.1868374558303887,0.2137809187279152,0.303886925795053
0.297153024911032,0.1854982206405694,0.22019572953736655,0.297153024911032
0.2947181535730138,0.18553040390590325,0.2197070572569907,0.30004438526409233
0.2851423487544484,0.1903914590747331,0.22197508896797152,0.302491103202847
0.28857269897732324,0.1907514450867052,0.2223210315695865,0.29835482436638505
0.2961825362000878,0.1834137779727951,0.21939447125932426,0.3010092145677929
0.28906595838866755,0.18725099601593626,0.21956617972554227,0.3041168658698539
0.29666958808063104,0.18448729184925505,0.22042068361086767,0.29842243645924627
0.2961487383798141,0.1814962372731297,0.22177954847277556,0.30057547587428063
0.2974989030276437,0.18034225537516455,0.21456779289161912,0.30759104870557263
0.304635761589404,0.17660044150110377,0.21986754966887417,0.2988962472406181
0.3034543069523393,0.17708788806296458,0.21818976825535635,0.30126803672933977
0.3010226767452201,0.17518897287683416,0.21920853712761226,0.3045798132503335
0.30083811204234673,0.17379797088663432,0.2223202470224967,0.3030436700485223
0.2995652173913044,0.17478260869565218,0.2273913043478261,0.2982608695652174
0.29793769197016234,0.17507678806494076,0.22948661693725317,0.2974989030276437
0.29547471162378,0.1743566992014197,0.22892635314995563,0.30124223602484473
0.30122591943957966,0.1733800350262697,0.22154115586690018,0.30385288966725044
0.3020282186948854,0.1675485008818342,0.22310405643738976,0.3073192239858907
0.30052724077328646,0.1726713532513181,0.22627416520210897,0.30052724077328646
0.2959858844287605,0.17556241729157476,0.22320247022496692,0.30524922805469784
0.3032172763331864,0.17276333186425738,0.2260907888937858,0.2979286029087704
0.30079505300353354,0.17314487632508835,0.22703180212014135,0.29902826855123676
0.3026431718061674,0.17400881057268722,0.22599118942731278,0.2973568281938326
0.29969012837538733,0.17884019477644975,0.21912350597609562,0.3023461708720673
0.29726148409893993,0.1771201413427562,0.22040636042402828,0.3052120141342756
0.29245699161887956,0.18085575650639613,0.22011468901632114,0.3065725628584032
0.29969012837538733,0.1806108897742364,0.217352810978309,0.3023461708720673
0.2967372134038801,0.18209876543209877,0.21649029982363316,0.304673721340388
0.30718378140149843,0.18289995592772146,0.21419127368884971,0.2957249889819304
0.30576330840299165,0.17949846018477783,0.21513418389793224,0.2996040475142983
0.30711444984533803,0.18205921343349535,0.20945647370746795,0.3013698630136986
0.31338028169014087,0.1835387323943662,0.20290492957746478,0.3001760563380282
0.31125827814569534,0.1814569536423841,0.20485651214128037,0.30242825607064017
0.32192085371276125,0.17518897287683416,0.20364606491774123,0.2992441084926634
0.3198936641559592,0.18342933097031458,0.2051395657953035,0.29153743907842267
0.3132688927943761,0.18409490333919157,0.20738137082601055,0.29525483304042177
0.31562774363476737,0.17998244073748904,0.20851624231782265,0.295873573309921
0.31084656084656087,0.18386243386243387,0.21340388007054673,0.29188712522045857
0.31294014084507044,0.1857394366197183,0.2147887323943662,0.28653169014084506
0.3122251539138083,0.1802990325417766,0.2106420404573439,0.29683377308707126
0.3082010582010582,0.18474426807760141,0.20943562610229277,0.2976190476190476
0.305835892935498,0.1834137779727951,0.20579201404124617,0.3049583150504607
0.30658525948539034,0.1831661578717837,0.20715220235499346,0.30309638028783253
0.30718667835232255,0.1792287467134093,0.2112182296231376,0.3023663453111306
0.30186170212765956,0.18173758865248227,0.2078900709219858,0.30851063829787234
0.29597197898423816,0.18563922942206654,0.20271453590192645,0.3156742556917688
0.2965065502183406,0.18253275109170305,0.20131004366812227,0.31965065502183404
0.3009320905459387,0.18020417221482468,0.20239680426098536,0.31646693297825124
0.3060778312199388,0.17577612592916483,0.20376038478355923,0.31438565806733715
0.30718378140149843,0.17584839136183342,0.20625826355222565,0.31070956368444247
0.3009198423127464,0.17520805957074026,0.20893561103810776,0.3149364870784056
0.30598669623059865,0.17427937915742794,0.20044345898004434,0.31929046563192903
0.3076923076923077,0.17626373626373626,0.19648351648351647,0.31956043956043956
0.30971128608923887,0.17716535433070865,0.18810148731408574,0.32502187226596674
0.30892143808255657,0.1748779405237461,0.19130048823790502,0.3249001331557923
0.30309638028783253,0.1796772786742259,0.19188835586567815,0.3253379851722634
0.3051890941072999,0.17985927880386984,0.18733509234828497,0.3276165347405453
0.30543382997370727,0.1761612620508326,0.18886941279579317,0.32953549517966696
0.3086145648312611,0.17628774422735347,0.18738898756660746,0.327708703374778
0.3137516688918558,0.17356475300400534,0.19448153093012907,0.3182020471740098
0.31625441696113077,0.17667844522968199,0.1868374558303887,0.3202296819787986
0.3172992056487202,0.17784642541924095,0.18181818181818182,0.323036187113857
0.3165562913907285,0.1770419426048565,0.1858719646799117,0.3205298013245033
0.31288614298323036,0.176081200353045,0.1853486319505737,0.32568402471315094
0.3169877408056042,0.1725043782837128,0.17688266199649738,0.3336252189141856
0.32318399304045237,0.17355371900826447,0.177903436276642,0.3253588516746411
0.32831858407079645,0.16902654867256636,0.1765486725663717,0.32610619469026547
0.32360742705570295,0.17197170645446508,0.17771883289124668,0.3267020335985853
0.31937639198218265,0.1759465478841871,0.18307349665924277,0.3216035634743875
0.32497801231310464,0.18161829375549693,0.1785400175901495,0.3148636763412489
0.3109836788707543,0.18614909572121746,0.18306131451257168,0.31980591089545657
0.3106060606060606,0.18538324420677363,0.18092691622103388,0.3230837789661319
0.3123359580052493,0.18460192475940507,0.18110236220472442,0.3219597550306212
0.315188762071993,0.18305531167690958,0.1865671641791045,0.315188762071993
0.3095446584938704,0.18476357267950963,0.18388791593695272,0.32180385288966723
0.3053000438020149,0.18615856329391153,0.18791064388961892,0.32063074901445465
0.3099027409372237,0.1883289124668435,0.1830238726790451,0.3187444739168877
0.312417145382236,0.1935483870967742,0.18250110472823686,0.311533362792753
0.3094820017559263,0.1935908691834943,0.18788410886742757,0.3090430201931519
0.3136645962732919,0.18944099378881987,0.18411712511091394,0.31277728482697426
0.31161971830985913,0.19102112676056338,0.1857394366197183,0.31161971830985913
0.3111888111888112,0.18356643356643357,0.1909965034965035,0.3142482517482518
0.3011941618752764,0.18885448916408668,0.19460415745245466,0.31534719150818225
0.30164371390493117,0.18658374055975122,0.19946690359840072,0.3123056419369169
0.30303030303030304,0.18357487922705315,0.19675010979358806,0.31664470794905575
0.3041168658698539,0.17884019477644975,0.20407259849490925,0.31297034085878706
0.3074520303435966,0.17402945113788487,0.20928157072735387,0.3092369477911647
0.30586161304539444,0.17761128250330543,0.20802115469369767,0.3085059497576025
0.29783473265576665,0.1780821917808219,0.21078214759169245,0.31330092797171893
0.2984154929577465,0.17825704225352113,0.20950704225352113,0.31382042253521125
0.3015317286652079,0.1864332603938731,0.20612691466083152,0.3059080962800875
0.2997802197802198,0.18813186813186814,0.20747252747252748,0.3046153846153846
0.3013274336283186,0.1911504424778761,0.20530973451327433,0.30221238938053097
0.3043859649122807,0.19342105263157894,0.20482456140350877,0.29736842105263156
0.30004418912947417,0.19575784357048165,0.20326999558108705,0.30092797171895713
0.3041958041958042,0.19318181818181818,0.20279720279720279,0.29982517482517484
0.30286975717439296,0.1977924944812362,0.19381898454746138,0.3055187637969095
0.3041191936897458,0.2011393514460999,0.19763365468886943,0.2971078001752848
0.30257979886313946,0.20113686051595978,0.19763882815916048,0.2986445124617403
0.30417582417582417,0.2,0.19692307692307692,0.2989010989010989
0.30216144684605206,0.19673577415086016,0.20291133656815175,0.29819144243493606
0.30406001765225066,0.1994704324801412,0.1994704324801412,0.2969991173874669
0.2989228007181329,0.19614003590664272,0.1997307001795332,0.3052064631956912
0.3037918871252205,0.19444444444444445,0.19400352733686066,0.30776014109347444
0.30488341399032115,0.1922569291684998,0.1979762428508579,0.30488341399032115
0.30482941958351795,0.1949490474080638,0.19184758529020823,0.30837394771821003
0.3089395267309378,0.19281332164767748,0.1936897458369851,0.30455740578439966
0.3097228332600088,0.19049714034315882,0.1935767707875055,0.3062032556093269
0.3076245041868665,0.1890700749228735,0.18951079770824153,0.3137946231820185
0.3112290008841733,0.1918656056587091,0.1865605658709107,0.3103448275862069
0.30678851174934724,0.1927763272410792,0.1927763272410792,0.30765883376849434
0.29925405879771827,0.19569986836331724,0.19131197893813076,0.3137340939008337
0.3030973451327434,0.1920353982300885,0.18982300884955752,0.31504424778761064
0.3105425672695192,0.1901191001323335,0.18835465372739302,0.3109836788707543
0.2997792494481236,0.1947019867549669,0.19293598233995585,0.3125827814569536
0.29934065934065934,0.1956043956043956,0.19164835164835164,0.3134065934065934
0.3,0.20088495575221238,0.19070796460176992,0.3084070796460177
0.3001768346595933,0.20335985853227231,0.1825817860300619,0.3138815207780725
0.3070058009817046,0.19410977242302543,0.18340026773761714,0.31548415885765285
0.30637362637362636,0.19384615384615383,0.17934065934065935,0.32043956043956046
0.3055555555555556,0.18915343915343916,0.18386243386243387,0.32142857142857145
0.30742204655248134,0.19279754062362758,0.18620992534036013,0.31357048748353095
0.3089466725429705,0.19568091670339358,0.18334067871308946,0.3120317320405465
0.30092797171895713,0.19664162615996464,0.18780380026513477,0.31462660185594343
0.30110864745011084,0.19645232815964522,0.1835920177383592,0.3188470066518847
0.29912280701754385,0.2043859649122807,0.17982456140350878,0.31666666666666665
0.29519650655021834,0.2091703056768559,0.18165938864628822,0.31397379912663753
0.29793769197016234,0.20754716981132076,0.18121983326020183,0.31329530495831504
0.289925208974923,0.2168939727232732,0.1803783545974483,0.3128024637043555
0.2953549517966696,0.21735319894829097,0.1730937773882559,0.3141980718667835
0.29571303587051617,0.2121609798775153,0.17804024496937884,0.31408573928258965
0.3026431718061674,0.2171806167400881,0.17092511013215858,0.3092511013215859
0.300087489063867,0.21566054243219598,0.17497812773403323,0.3092738407699038
0.29649356413670663,0.21571238348868177,0.17221482467820684,0.3155792276964048
0.2905375388716126,0.21856952465570859,0.17592181252776543,0.3149711239449134
0.28975265017667845,0.22614840989399293,0.17446996466431094,0.30962897526501765
0.2911392405063291,0.22784810126582278,0.17415975556525534,0.30685290266259274
0.2964912280701754,0.22587719298245615,0.1692982456140351,0.30833333333333335
0.29969012837538733,0.22797698096502877,0.16954404603806994,0.30278884462151395
0.2950242184059885,0.22677234698370763,0.17217084984588288,0.30603258476442097
0.29175848391361836,0.23358307624504188,0.16703393565447333,0.3076245041868665
0.29706927175843695,0.2291296625222025,0.16740674955595028,0.3063943161634103
0.29336283185840706,0.22699115044247786,0.17079646017699116,0.3088495575221239
0.2903225806451613,0.2284577993813522,0.16968625718073355,0.311533362792753
0.29117259552042163,0.22793148880105402,0.1712779973649539,0.3096179183135705
0.2907079646017699,0.2336283185840708,0.17300884955752213,0.30265486725663715
0.292693661971831,0.23591549295774647,0.17033450704225353,0.301056338028169
0.2901805372082783,0.23161602818141788,0.17437252311756934,0.3038309114927345
0.28948526176858774,0.23977122745270568,0.17641882974043116,0.2943246810382754
0.2928666371289322,0.23792645104120513,0.17323881258307489,0.2959680992467878
0.2928445229681979,0.24337455830388693,0.17181978798586572,0.2919611307420495
0.2941952506596306,0.24450307827616535,0.16886543535620052,0.29243623570800353
0.2980132450331126,0.24150110375275938,0.17350993377483442,0.2869757174392936
0.2979664014146773,0.2382847038019452,0.17285587975243147,0.29089301503094606
0.2968542312804608,0.2419140451927337,0.17235268054940187,0.28887904297740363
0.2914462081128748,0.24029982363315697,0.16710758377425045,0.3011463844797178
0.2905375388716126,0.23678365171035096,0.17503331852509996,0.29764549089293646
0.2860915492957746,0.24163732394366197,0.17781690140845072,0.2944542253521127
0.2804232804232804,0.24382716049382716,0.17724867724867724,0.2985008818342152
0.2845132743362832,0.24557522123893805,0.17699115044247787,0.2929203539823009
0.2828773168578994,0.2471315092674316,0.17519858781994704,0.294792586054722
0.2757709251101322,0.24801762114537446,0.18237885462555067,0.2938325991189427
0.27758164165931154,0.24933804060017653,0.18358340688437777,0.28949691085613416
0.28527200353825743,0.24369747899159663,0.18222025652366208,0.2888102609464839
0.289740202553941,0.2426243945398503,0.1814178775869661,0.2862175253192426
0.2919772029811486,0.23980710214818063,0.1823761508110478,0.285839544059623
0.28728070175438597,0.23728070175438595,0.1837719298245614,0.2916666666666667
0.29280070237050043,0.23266022827041263,0.18305531167690958,0.2914837576821773
0.29442738043001315,0.22904782799473453,0.18604651162790697,0.2904782799473453
0.291740674955595,0.23001776198934282,0.18339253996447602,0.29484902309058614
0.29179464677490125,0.23211935059236508,0.18253620008775778,0.29354980254497587
0.2894273127753304,0.23348017621145375,0.18502202643171806,0.2920704845814978
0.29103815439219166,0.22981366459627328,0.19077196095829635,0.2883762200532387
0.2919448153093013,0.2314196706720071,0.19314641744548286,0.2834890965732087
0.28812056737588654,0.2296099290780142,0.19148936170212766,0.2907801418439716
0.2894158981115503,0.22134387351778656,0.19587176108915239,0.2933684672815108
0.2847682119205298,0.22251655629139072,0.1955849889624724,0.29713024282560707
0.2899122807017544,0.2162280701754386,0.19342105263157894,0.30043859649122806
0.2938847338319402,0.214694236691597,0.18873735151781787,0.302683677958645
0.2934497816593886,0.21790393013100437,0.18995633187772926,0.2986899563318777
0.2902222222222222,0.21866666666666668,0.18755555555555556,0.3035555555555556
0.2951404369148462,0.219794917521177,0.18903254569772626,0.29603209986625056
0.2908208296557811,0.22594880847308033,0.18137687555163284,0.30185348631950576
0.2965090587715422,0.2191780821917808,0.18868758285461776,0.2956252761820592
0.30394328754984495,0.21843154630039877,0.18608772707133364,0.29153743907842267
0.3042142230026339,0.21949078138718173,0.18525021949078138,0.291044776119403
0.2957559681697613,0.22634836427939875,0.1870026525198939,0.29089301503094606
0.3005729396209784,0.22212428382547378,0.18995152049360953,0.2873512560599383
0.29880478087649404,0.2204515272244356,0.18902169101372288,0.2917220008853475
0.2953941541186891,0.22364924712134632,0.19309123117803365,0.28786536758193093
0.29346866725507503,0.21888790820829657,0.1977052074139453,0.28993821712268314
0.29349736379613356,0.21616871704745166,0.19595782073813708,0.29437609841827767
0.2979842243645925,0.21384750219106047,0.19237510955302367,0.2957931638913234
0.2992957746478873,0.2125880281690141,0.19234154929577466,0.29577464788732394
0.2983081032947462,0.20480854853072128,0.19723953695458593,0.2996438112199466
0.2963780918727915,0.2053886925795053,0.19964664310954064,0.29858657243816256
0.2893919218819352,0.20550377274744785,0.20372836218375498,0.30137594318686195
0.2937249666221629,0.20249221183800623,0.20204717400979083,0.30173564753004006
0.29273693534100975,0.20239149689991143,0.2046058458813109,0.30026572187776795
0.29668874172185433,0.20132450331125828,0.19823399558498897,0.30375275938189844
0.3,0.1912280701754386,0.20614035087719298,0.3026315789473684
0.2966064345526664,0.19259585720581754,0.21022476862053768,0.3005729396209784
0.2988100484795064,0.19039224327897752,0.21066549140590568,0.3001322168356104
0.30303030303030304,0.1844532279314888,0.21870882740447958,0.2938076416337286
0.3051519154557464,0.18626155878467635,0.21972699251431088,0.2888595332452664
0.3104517271922055,0.18113374667847654,0.21567759078830823,0.29273693534100975
0.3157894736842105,0.17412280701754385,0.21403508771929824,0.29605263157894735
0.31305114638447973,0.18474426807760141,0.21119929453262787,0.291005291005291
0.3169642857142857,0.18169642857142856,0.20758928571428573,0.29375
0.3164113785557987,0.18599562363238512,0.20306345733041575,0.29452954048140045
0.3166592228673515,0.18847699866011614,0.20142920946851273,0.29343456900401965
0.31768796175575836,0.18296392872664058,0.20295523685354194,0.2963928726640591
0.317600352889281,0.1901191001323335,0.19982355535950597,0.29245699161887956
0.3169761273209549,0.1856763925729443,0.1989389920424403,0.2984084880636605
0.3146608315098468,0.18905908096280089,0.20393873085339168,0.2923413566739606
0.3154892496709083,0.18867924528301888,0.209741114523914,0.28609039052215884
0.31842105263157894,0.18903508771929825,0.21403508771929824,0.27850877192982454
0.31291028446389496,0.1899343544857768,0.21269146608315098,0.2844638949671772
0.3124452234881683,0.18580192813321647,0.20902716914986855,0.2927256792287467
0.31599823710885855,0.18378140149845748,0.20758043190832967,0.29263992948435436
0.3147007042253521,0.1835387323943662,0.2108274647887324,0.2909330985915493
0.313386524822695,0.18218085106382978,0.20700354609929078,0.2974290780141844
0.3128565160157964,0.18385256691531374,0.2132514260640632,0.2900394910048267
0.3128834355828221,0.18185801928133216,0.2151621384750219,0.2900964066608238
0.3088363954505687,0.18066491688538933,0.2169728783902012,0.29352580927384075
0.3067078552515446,0.17917034421888792,0.21977052074139453,0.294351279788173
0.310935441370224,0.17742643829600352,0.21651295564339043,0.2951251646903821
0.3157661647475642,0.18423383525243578,0.20992028343666963,0.29007971656333037
0.3132688927943761,0.18409490333919157,0.20738137082601055,0.29525483304042177
0.3197158081705151,0.17850799289520428,0.20959147424511546,0.2921847246891652
0.3233480176211454,0.17929515418502204,0.20484581497797358,0.29251101321585904
0.3216322948661694,0.18253620008775778,0.2053532250987275,0.2904782799473453
0.3181617322138754,0.1864781263809103,0.19840919133893062,0.2969509500662837
0.32419283502874835,0.18796992481203006,0.20168067226890757,0.286156567890314
0.32995147772386413,0.19144243493603882,0.19232465813850905,0.286281429201588
0.3271604938271605,0.195326278659612,0.1917989417989418,0.2857142857142857
0.33274647887323944,0.19806338028169015,0.1892605633802817,0.27992957746478875
0.33110516934046347,0.19162210338680927,0.1925133689839572,0.28475935828877
0.33348017621145376,0.19427312775330396,0.18590308370044054,0.28634361233480177
0.33478639930252835,0.1948561464690497,0.1857018308631212,0.28465562336530076
0.3339222614840989,0.19213780918727916,0.1894876325088339,0.284452296819788
0.3336291038154392,0.1929902395740905,0.19032830523513752,0.28305235137533274
0.32897033158813266,0.19633507853403143,0.19066317626527052,0.28403141361256545
0.3279120879120879,0.2,0.189010989010989,0.28307692307692306
0.3245382585751979,0.1996481970096746,0.19041336851363236,0.2854001759014952
0.3323076923076923,0.1986813186813187,0.1854945054945055,0.2835164835164835
0.3221089942401418,0.20646876384581303,0.18608772707133364,0.28533451484271155
0.32416851441241684,0.20842572062084258,0.1835920177383592,0.2838137472283814
0.32325477990217877,0.20809248554913296,0.18630502445531347,0.28234771009337484
0.3229074889867841,0.20352422907488987,0.1907488986784141,0.2828193832599119
0.31870061457418786,0.20017559262510976,0.1971027216856892,0.2840210711150132
0.3195921985815603,0.20035460992907803,0.1950354609929078,0.2850177304964539
0.31551038444542645,0.20371188687582856,0.19973486522315512,0.28104286345558993
0.31541850220264317,0.1986784140969163,0.2039647577092511,0.28193832599118945
0.31195079086115995,0.19595782073813708,0.2086994727592267,0.28339191564147626
0.31066666666666665,0.19244444444444445,0.21022222222222223,0.2866666666666667
0.31013215859030835,0.1960352422907489,0.21365638766519823,0.2801762114537445
0.3050176056338028,0.19278169014084506,0.2125880281690141,0.289612676056338
0.3118374558303887,0.1868374558303887,0.2124558303886926,0.28886925795053003
0.3169446883230904,0.18700614574187885,0.20719929762949957,0.28884986830553117
0.31755860238832373,0.18443166740380362,0.21008403361344538,0.28792569659442724
0.3239929947460595,0.17819614711033274,0.212784588441331,0.2850262697022767
0.3216814159292035,0.18008849557522125,0.20929203539823008,0.28893805309734516
0.325,0.1793859649122807,0.20877192982456141,0.2868421052631579
0.3246235606731621,0.17936226749335696,0.20903454384410983,0.2869796279893711
0.320862676056338,0.17737676056338028,0.20906690140845072,0.292693661971831
0.32577409507195815,0.1792411687745312,0.20497165285651983,0.2900130832969908
0.32642258491398324,0.18262020291133657,0.20291133656815175,0.28804587560652845
0.32441911442349847,0.1841297676457694,0.1999123191582639,0.2915387987724682
0.32422907488986785,0.18105726872246697,0.20484581497797358,0.28986784140969163
0.3235425011125946,0.17935024477080552,0.20071206052514465,0.2963951935914553
0.3301056338028169,0.17517605633802816,0.20598591549295775,0.2887323943661972
0.32967032967032966,0.1810989010989011,0.19516483516483515,0.29406593406593406
0.33054208902600263,0.18025561921551345,0.1886293521375055,0.3005729396209784
0.32936507936507936,0.18253968253968253,0.1865079365079365,0.30158730158730157
0.33611232996928475,0.17507678806494076,0.193505923650724,0.29530495831505044
0.3397887323943662,0.17165492957746478,0.1936619718309859,0.2948943661971831
0.33875934887813464,0.17113946326440826,0.19753629564452266,0.29256489221293447
0.3416666666666667,0.16973684210526316,0.1956140350877193,0.2929824561403509
0.33819628647214856,0.16887709991158267,0.1976127320954907,0.2953138815207781
0.34078947368421053,0.16666666666666666,0.1986842105263158,0.29385964912280704
0.3369995600527937,0.1702595688517378,0.19533655961284646,0.2974043114826221
0.3328918322295806,0.17218543046357615,0.19646799116997793,0.29845474613686535
0.33421633554083885,0.1695364238410596,0.2,0.29624724061810154
0.33595456531236345,0.17256443861948448,0.19353429445172565,0.2979467016164264
0.33244916003536695,0.17418213969938107,0.19496021220159152,0.2984084880636605
0.33098591549295775,0.17517605633802816,0.18970070422535212,0.304137323943662
0.32932799287939474,0.17222963951935916,0.19181130396083668,0.30663106364040943
0.3274956217162872,0.17469352014010509,0.18607705779334502,0.3117338003502627
0.3292629742695159,0.17226341037941562,0.19363279546445705,0.30484081988661144
0.32788334069818825,0.17498895271763146,0.18957136544410075,0.3075563411400795
0.3328918322295806,0.1695364238410596,0.18940397350993377,0.30816777041942606
0.32980132450331123,0.17086092715231788,0.19381898454746138,0.3055187637969095
0.32661113546690046,0.17273125822007893,0.19421306444541866,0.30644454186760195
0.3279405334499344,0.17490161783996502,0.19326628771316134,0.3038915609969392
0.3233743409490334,0.17530755711775045,0.18804920913884007,0.3132688927943761
0.31838170624450307,0.17370272647317503,0.19085312225153914,0.31706244503078274
0.3131578947368421,0.1763157894736842,0.19473684210526315,0.3157894736842105
0.30612244897959184,0.17923691215616683,0.1947648624667258,0.3198757763975155
0.30759046778464255,0.1796116504854369,0.19285083848190646,0.3199470432480141
0.30803177405119153,0.18049426301853486,0.1884377758164166,0.323036187113857
0.3073861123396727,0.18222025652366208,0.18487394957983194,0.32551968155683325
0.305531167690957,0.1839332748024583,0.18920105355575065,0.32133450395083407
0.2987297415681121,0.18659658344283836,0.19316688567674112,0.32150678931230836
0.29507475813544415,0.18953386103781883,0.1868953386103782,0.32849604221635886
0.2958241758241758,0.18857142857142858,0.18681318681318682,0.32879120879120877
0.29474149359257623,0.19045514803358374,0.1873619089703933,0.32744144940344677
0.29745166959578206,0.19551845342706503,0.18409490333919157,0.3229349736379613
0.30276437033786746,0.1952610794207986,0.1834137779727951,0.31856077226853885
0.2969991173874669,0.19064430714916153,0.1915269196822595,0.3208296557811121
0.2982842058952926,0.194456665200176,0.1847778266608007,0.3224813022437307
0.29609929078014185,0.1972517730496454,0.18572695035460993,0.32092198581560283
0.2987241531016278,0.19533655961284646,0.1891772987241531,0.3167619885613726
0.29212015672616454,0.1911188506747932,0.18545929473225947,0.33130169786678276
0.2910350801212646,0.1931572109138155,0.18709398007795583,0.32871372888696404
0.2941952506596306,0.19525065963060687,0.1868953386103782,0.32365875109938436
0.2898103220114689,0.1985002205558006,0.18438464931627702,0.32730480811645346
0.29383471797114125,0.19632706602536074,0.184958460865763,0.32487975513773504
0.2929602098819414,0.19807608220376038,0.1810231744643638,0.3279405334499344
0.2893467777290662,0.19903551074090312,0.17886891714160455,0.33274879438842614
0.29308836395450566,0.199912510936133,0.18022747156605423,0.32677165354330706
0.290989010989011,0.19516483516483515,0.18065934065934067,0.3331868131868132
0.29302736098852605,0.19329214474845544,0.18446601941747573,0.3292144748455428
0.2907488986784141,0.1920704845814978,0.1801762114537445,0.3370044052863436
0.2989872302950242,0.19154557463672392,0.1787758696609423,0.33069132540730956
0.2997792494481236,0.19205298013245034,0.17483443708609273,0.3333333333333333
0.30070859167404784,0.1904340124003543,0.17271922054915856,0.3361381753764393
0.2951754385964912,0.19736842105263158,0.16885964912280702,0.3385964912280702
0.2968542312804608,0.19627824545857334,0.1696942844483828,0.3371732388125831
0.29515418502202645,0.19823788546255505,0.16740088105726872,0.3392070484581498
0.29916040653999115,0.19885108263367213,0.16394167034909413,0.3380468404772426
0.3029100529100529,0.1984126984126984,0.1609347442680776,0.3377425044091711
0.3032570422535211,0.19630281690140844,0.16593309859154928,0.3345070422535211
0.3037752414398595,0.19534679543459174,0.16681299385425813,0.3340649692712906
0.3093239063190455,0.18603623508616882,0.16747680070702606,0.33716305788775963
0.30850131463628394,0.18711656441717792,0.17046450482033304,0.3339176161262051
0.3087129588677576,0.18796992481203006,0.17116320212295444,0.33215391419725787
0.30772626931567326,0.19072847682119207,0.17130242825607064,0.33024282560706403
0.31277533039647576,0.19030837004405288,0.17136563876651983,0.32555066079295153
0.31046613896218117,0.18997361477572558,0.17370272647317503,0.3258575197889182
0.3080652269722345,0.19171441163508154,0.1749669457910974,0.3252534156015866
0.3036112349531877,0.19438252340615247,0.17699509585376727,0.32501114578689255
