C,D,Oc,Od
0.0,0.0,0.0,1.0
0.0,0.0,0.0,1.0
0.0,0.0,0.0,1.0
0.16666666666666666,0.0,0.0,0.8333333333333334
0.15384615384615385,0.0,0.0,0.8461538461538461
0.18604651162790697,0.0,0.0,0.813953488372093
0.19736842105263158,0.0,0.0,0.8026315789473685
0.20512820512820512,0.008547008547008548,0.017094017094017096,0.7692307692307693
0.17714285714285713,0.011428571428571429,0.017142857142857144,0.7942857142857143
0.16597510373443983,0.02074688796680498,0.016597510373443983,0.7966804979253111
0.19696969696969696,0.030303030303030304,0.015151515151515152,0.7575757575757576
0.1966824644549763,0.035545023696682464,0.011848341232227487,0.7559241706161137
0.1875,0.04779411764705882,0.009191176470588236,0.7555147058823529
0.1819526627218935,0.05325443786982249,0.013313609467455622,0.7514792899408284
0.1881785283474065,0.05910735826296743,0.014475271411338963,0.738238841978287
0.18998978549540346,0.05720122574055159,0.01634320735444331,0.7364657814096016
0.1822262118491921,0.06463195691202872,0.018850987432675045,0.7342908438061041
0.20078125,0.0734375,0.0234375,0.70234375
0.20297029702970298,0.07920792079207921,0.03182461103253183,0.685997171145686
0.19949012109623965,0.08731676226896112,0.03505417463352454,0.6781389420012747
0.20574443141852286,0.08323563892145369,0.041617819460726846,0.6694021101992966
0.2142468733007069,0.08537248504622078,0.04513322457857531,0.655247417074497
0.21187308085977483,0.09007164790174002,0.05424769703172978,0.6438075742067554
0.20839506172839506,0.09283950617283951,0.06024691358024691,0.6385185185185185
0.21124121779859484,0.09601873536299765,0.06463700234192038,0.6281030444964871
0.21021431828545373,0.1012311901504788,0.06794345645234838,0.6206110351117191
0.21198568872987478,0.09704830053667263,0.0720035778175313,0.6189624329159212
0.21696428571428572,0.09553571428571428,0.07991071428571428,0.6075892857142857
0.2165798611111111,0.09418402777777778,0.08072916666666667,0.6085069444444444
0.22310405643738976,0.09876543209876543,0.07848324514991181,0.599647266313933
0.21519543258673693,0.10320597277119016,0.08124725516029864,0.6003513394817742
0.21735241502683364,0.11001788908765653,0.0836314847942755,0.5889982110912343
0.21787461093819474,0.1084926634059582,0.08181413961760782,0.5918185860382392
0.2150727192595857,0.1119435874834729,0.08241516086381666,0.5905685323931247
0.2177599286033021,0.11557340473003123,0.07942882641677822,0.5872378402498885
0.21618037135278514,0.11715296198054818,0.08488063660477453,0.5817860300618921
0.21627598407784165,0.11499336576735958,0.08845643520566121,0.5802742149491376
0.21901007446342532,0.12264564169951818,0.08804204993429698,0.5703022339027596
0.2204585537918871,0.12081128747795414,0.08994708994708994,0.5687830687830688
0.21563460693895475,0.12209046991655688,0.09266578831796222,0.5696091348265261
0.21012883163038648,0.1301643713904931,0.09595735228787206,0.5637494446912483
0.21412705464238116,0.13149711239449133,0.09551310528653932,0.5588627276765882
0.21,0.13,0.09956521739130435,0.5604347826086956
0.21544537077665643,0.13339183852566916,0.10223782360684511,0.5489249670908293
0.2178304787000439,0.13350900307422048,0.10144927536231885,0.5472112428634168
0.21381142098273573,0.13191677733510404,0.10624169986719788,0.5480301018149624
0.21671826625386997,0.13445378151260504,0.10570544007076514,0.5431225121627599
0.20981754995655952,0.1355343179843614,0.10903562119895743,0.5456125108601216
0.21213443910955915,0.12963771278917502,0.11305106940200786,0.545176778699258
0.21525646646207802,0.13371328364752302,0.11310828583954406,0.5379219640508549
0.2178304787000439,0.13482652613087395,0.11682037768994291,0.5305226174791392
0.21996466431095407,0.13825088339222616,0.12146643109540636,0.5203180212014135
0.2135028496273564,0.13722051731696625,0.12143796580447172,0.5278386672512057
0.21202809482001755,0.13432835820895522,0.1299385425812116,0.5237050043898156
0.2119876597620097,0.13574261789334507,0.13001322168356105,0.5222565006610842
0.21073646850044367,0.14108251996450755,0.12555456965394854,0.5226264418811003
0.21343349536014142,0.1391957578435705,0.12947414935925763,0.5178965974370305
0.2088888888888889,0.13866666666666666,0.13244444444444445,0.52
0.21425448185395715,0.14167031045037168,0.13117621337997376,0.5128989943156974
0.21710526315789475,0.1425438596491228,0.12850877192982457,0.5118421052631579
0.22427440633245382,0.14028144239226034,0.1284080914687775,0.5070360598065083
0.22075637642919965,0.14775725593667546,0.13148636763412488,0.5
0.22319474835886213,0.14310722100656456,0.12910284463894967,0.5045951859956236
0.22148541114058357,0.14854111405835543,0.13262599469496023,0.4973474801061008
0.22129710780017528,0.1437335670464505,0.13628396143733568,0.49868536371603855
0.2201509098979139,0.14824678206835332,0.13138038171327118,0.5002219263204616
0.22486772486772486,0.14109347442680775,0.13580246913580246,0.4982363315696649
0.22572178477690288,0.14610673665791776,0.13867016622922135,0.489501312335958
0.23252747252747252,0.14373626373626375,0.1345054945054945,0.48923076923076925
0.2310405643738977,0.1490299823633157,0.1388888888888889,0.4810405643738977
0.22800875273522975,0.1514223194748359,0.1400437636761488,0.48052516411378554
0.22870939420544337,0.15364354697102722,0.13871817383669885,0.47892888498683056
0.23345101500441306,0.15180935569285084,0.14386584289496912,0.470873786407767
0.22655565293602103,0.14986853637160386,0.1441717791411043,0.4794040315512708
0.2192324658138509,0.15350683722981914,0.14865460961623292,0.478606087340097
0.22080211546936976,0.15866020273248127,0.14631996474217718,0.4742177170559718
0.21920210434020165,0.1569487067075844,0.15037264357737834,0.4734765453748356
0.22261174408413673,0.15731814198071867,0.15030674846625766,0.4697633654688869
0.22637362637362637,0.16131868131868132,0.1498901098901099,0.4624175824175824
0.23349579087284006,0.1586176340274701,0.15108551174124946,0.4568010633584404
0.22947181535730138,0.1611185086551265,0.151797603195739,0.45761207279183314
0.2327209098862642,0.16141732283464566,0.14654418197725283,0.45931758530183725
0.22883597883597884,0.15961199294532627,0.14770723104056438,0.4638447971781305
0.22677234698370763,0.1567591369440775,0.15367679436371642,0.46279172170849847
0.22950108459869847,0.15574837310195228,0.15314533622559653,0.4616052060737527
0.2276707530647986,0.15805604203152365,0.15148861646234676,0.462784588441331
0.22540802823114248,0.15924128804587562,0.1517423908248787,0.46360829289810324
0.22517421602787457,0.1559233449477352,0.15113240418118468,0.46777003484320556
0.22373626373626374,0.15868131868131868,0.15032967032967032,0.46725274725274724
0.22778745644599302,0.16376306620209058,0.1485191637630662,0.45993031358885017
0.23208041958041958,0.16127622377622378,0.15734265734265734,0.4493006993006993
0.2283085013146363,0.16739702015775634,0.1520595968448729,0.45223488168273446
0.22942969090117546,0.17326948193295602,0.15063125816282108,0.44666956900304744
0.22935779816513763,0.1712538226299694,0.1559633027522936,0.4434250764525994
0.22887323943661972,0.17473591549295775,0.15492957746478872,0.4414612676056338
0.22217353198948292,0.17747589833479405,0.15600350569675722,0.44434706397896584
0.2230971128608924,0.18110236220472442,0.15485564304461943,0.4409448818897638
0.22393312802463705,0.17905851297844258,0.1561812582490101,0.44082710074791026
0.2222222222222222,0.17768959435626103,0.15961199294532627,0.44047619047619047
0.22251539138082674,0.17018469656992086,0.16886543535620052,0.4384344766930519
0.2268760907504363,0.16841186736474695,0.1649214659685864,0.4397905759162304
0.23016220955721176,0.1705392371766769,0.16834721613327489,0.43095133713283645
0.23312611012433393,0.1736234458259325,0.17229129662522202,0.42095914742451157
0.2315227070347284,0.1767586821015138,0.17586821015138024,0.41585040071237755
0.23550243470562196,0.17884019477644975,0.17485613103142983,0.41080123948649844
0.23252747252747252,0.18417582417582418,0.1767032967032967,0.4065934065934066
0.23100570926657882,0.17962231005709267,0.18093983311374615,0.40843214756258234
0.23215067893123084,0.17871222076215507,0.18134034165571616,0.40779675865089793
0.2319290465631929,0.17516629711751663,0.18004434589800444,0.412860310421286
0.2275109170305677,0.1777292576419214,0.18602620087336244,0.40873362445414846
0.23654015887025595,0.16990291262135923,0.18446601941747573,0.4090909090909091
0.23049956178790534,0.1722173531989483,0.18799298860648553,0.4092900964066608
0.23218189768255357,0.17971141233056406,0.18627022299956275,0.4018364669873196
0.23296703296703297,0.1731868131868132,0.18461538461538463,0.40923076923076923
0.23019034971226207,0.1761841522797698,0.18725099601593626,0.4063745019920319
0.23246581385090428,0.17644464049404499,0.19276576973974416,0.3983237759153066
0.23141592920353982,0.1738938053097345,0.18982300884955752,0.40486725663716816
0.23715415019762845,0.1686429512516469,0.19587176108915239,0.3983311374615722
0.2383053839364519,0.16637246248896734,0.19505736981465135,0.4002647837599294
0.24081451969898185,0.16688800354139,0.19654714475431606,0.39575033200531207
0.24451273046532046,0.16549604916593502,0.19446883230904302,0.39552238805970147
0.24583698510078877,0.16345311130587203,0.19631901840490798,0.3943908851884312
0.24553571428571427,0.17008928571428572,0.19508928571428572,0.3892857142857143
0.2522007042253521,0.17121478873239437,0.1936619718309859,0.3829225352112676
0.25065502183406113,0.17685589519650655,0.1903930131004367,0.38209606986899564
0.25382262996941896,0.17780690257754478,0.18610747051114024,0.382262996941896
0.25822007891275756,0.17843051293292417,0.1850065760631302,0.3783428320911881
0.26048565121412803,0.18189845474613686,0.17924944812362031,0.3783664459161148
0.26294995610184374,0.18086040386303776,0.17866549604916593,0.3775241439859526
0.26716222125054656,0.17752514210756448,0.17665063401836467,0.3786620026235243
0.26773049645390073,0.17198581560283688,0.1777482269503546,0.3825354609929078
0.2635522256500661,0.17276333186425738,0.18378140149845748,0.37990304098721905
0.2650814619110524,0.17393218846323205,0.18185821224130339,0.37912813738441214
0.2616946160635481,0.16857899382171226,0.18314210061782876,0.38658428949691087
0.26657824933687,0.17020335985853227,0.1900972590627763,0.3731211317418214
0.2644444444444444,0.1728888888888889,0.18844444444444444,0.37422222222222223
0.2657952069716776,0.1681917211328976,0.18649237472766886,0.379520697167756
0.27078701645175635,0.16718541574032902,0.1907514450867052,0.3712761227212094
0.2631578947368421,0.176163549369291,0.18660287081339713,0.3740756850804698
0.2615996464869642,0.171895713654441,0.19443216968625718,0.37207247017233763
0.26382791922739246,0.17295873573309922,0.19666374012291485,0.3665496049165935
0.2669902912621359,0.17475728155339806,0.19461606354810237,0.36363636363636365
0.2680140597539543,0.17223198594024605,0.19595782073813708,0.36379613356766255
0.2669305189094107,0.17326297273526825,0.19876868953386104,0.36103781882145997
0.2705207413945278,0.176522506619594,0.19373345101500442,0.3592233009708738
0.2747924858016601,0.16994320664045434,0.1891655744866754,0.36609873307121016
0.27201394943330426,0.17654751525719267,0.19224062772449868,0.35919790758500436
0.2781195079086116,0.1726713532513181,0.19156414762741653,0.35764499121265375
0.26884089907448216,0.17805200528867343,0.1890700749228735,0.3640370207139709
0.2711267605633803,0.176056338028169,0.19278169014084506,0.3600352112676056
0.27076923076923076,0.1767032967032967,0.19032967032967033,0.3621978021978022
0.2747349823321555,0.1691696113074205,0.19257950530035337,0.36351590106007065
0.27453580901856767,0.17595048629531387,0.1905393457117595,0.358974358974359
0.2759526938239159,0.17696014016644765,0.19185282522996058,0.35523434077967586
0.27917217084984586,0.1805372082782915,0.18626155878467635,0.35402906208718626
0.2800349497597204,0.18173875054608998,0.1834862385321101,0.3547400611620795
0.2787028921998247,0.1796669588080631,0.18580192813321647,0.3558282208588957
0.28194993412384717,0.18357487922705315,0.1857707509881423,0.3487044356609574
0.2783143107989464,0.1826163301141352,0.17998244073748904,0.35908691834942935
0.2821650399290151,0.1836734693877551,0.18145519077196096,0.35270629991126884
0.2826373626373626,0.18065934065934067,0.17978021978021977,0.3569230769230769
0.28408091468777485,0.18161829375549693,0.18249780123131046,0.3518029903254178
0.28036971830985913,0.18882042253521128,0.1813380281690141,0.3494718309859155
0.27030625832223704,0.18952507767421217,0.1877496671105193,0.3524189968930315
0.2732072151341839,0.18169819621645403,0.1913770347558293,0.35371755389353277
0.2703768624014023,0.18185801928133216,0.1936897458369851,0.3540753724802805
0.2662826761187417,0.17855560478511298,0.20159503766061143,0.3535666814355339
0.2796312554872695,0.18086040386303776,0.20149253731343283,0.33801580333625986
0.28113879003558717,0.18104982206405695,0.20062277580071175,0.3371886120996441
0.27927529827662395,0.17719840919133892,0.2063632346442775,0.33716305788775963
0.2820738137082601,0.18145869947275922,0.20826010544815465,0.328207381370826
0.28084918177797435,0.17956656346749225,0.21008403361344538,0.329500221141088
0.28233231039017975,0.17536168347216133,0.21569487067075843,0.32661113546690046
0.2801402893467777,0.17536168347216133,0.20955721174923278,0.33494081543182813
0.2752414398595259,0.17120280948200176,0.20939420544337137,0.34416154521510095
0.27692307692307694,0.17142857142857143,0.21274725274725276,0.3389010989010989
0.2734065934065934,0.1723076923076923,0.2145054945054945,0.33978021978021977
0.2718016821602479,0.17751217352810977,0.2182381584772023,0.33244798583444
0.2657618213660245,0.17950963222416813,0.2202276707530648,0.3345008756567426
0.2657894736842105,0.1837719298245614,0.21666666666666667,0.3337719298245614
0.2624834290764472,0.18382677861246133,0.2191780821917808,0.33451171011931063
0.26441881100266196,0.18633540372670807,0.2204968944099379,0.3287488908606921
0.26301853486319504,0.18976169461606354,0.21888790820829657,0.3283318623124448
0.26389496717724287,0.1938730853391685,0.21838074398249452,0.3238512035010941
0.2646544181977253,0.18810148731408574,0.22178477690288714,0.32545931758530183
0.26077396657871593,0.18909410729991205,0.22251539138082674,0.3276165347405453
0.2602197802197802,0.1934065934065934,0.22285714285714286,0.32351648351648354
0.2641093474426808,0.19135802469135801,0.22971781305114639,0.3148148148148148
0.2655141843971631,0.19148936170212766,0.22783687943262412,0.3151595744680851
0.2687937062937063,0.1896853146853147,0.23033216783216784,0.3111888111888112
0.25886524822695034,0.19370567375886524,0.22916666666666666,0.3182624113475177
0.2596322241681261,0.1904553415061296,0.22810858143607707,0.32180385288966723
0.26242371403661724,0.1900610287707062,0.22406277244986922,0.3234524847428073
0.26616805983282005,0.194456665200176,0.22481302243730752,0.31456225252969644
0.26073483842408146,0.19964586100044268,0.22177954847277556,0.3178397521027003
0.2679824561403509,0.19298245614035087,0.21842105263157896,0.3206140350877193
0.2658396101019052,0.19893664155959237,0.2206468763845813,0.31457687195392114
0.2689625108979948,0.1948561464690497,0.2227550130775937,0.3134263295553618
0.2663736263736264,0.20043956043956043,0.2189010989010989,0.3142857142857143
0.26695842450765866,0.20393873085339168,0.21181619256017506,0.3172866520787746
0.2728077945084145,0.19884853852967227,0.20504871567759078,0.3232949512843224
0.270824247710423,0.20322721325774096,0.20976886175316178,0.31617967727867424
0.27088830255057167,0.20580474934036938,0.21108179419525067,0.3122251539138083
0.2781456953642384,0.1969094922737307,0.211037527593819,0.31390728476821195
0.279090113735783,0.19291338582677164,0.21128608923884515,0.31671041119860016
0.28111209179170343,0.19505736981465135,0.2082965578111209,0.3155339805825243
0.2774363476733977,0.19754170324846357,0.20719929762949957,0.31782265144863914
0.27994734532689775,0.19131197893813076,0.2088635366388767,0.3198771390960948
0.276558384547849,0.19666374012291485,0.20237050043898155,0.3244073748902546
0.28188214599824096,0.19349164467897978,0.202726473175022,0.32189973614775724
0.28407587119541244,0.19276576973974416,0.2046757829730922,0.31848257609175123
0.2758164165931156,0.19549867608120036,0.20962047661076788,0.31906443071491614
0.27402135231316727,0.19395017793594305,0.20729537366548043,0.32473309608540923
0.2720070422535211,0.1936619718309859,0.21038732394366197,0.323943661971831
0.27714535901926446,0.19658493870402802,0.20796847635726795,0.3183012259194396
0.2862190812720848,0.19346289752650175,0.2053886925795053,0.31492932862190814
0.28346456692913385,0.20166229221347332,0.20341207349081364,0.3114610673665792
0.2855251544571933,0.206090026478376,0.20123565754633715,0.30714916151809357
0.290150842945874,0.21384205856255545,0.2005323868677906,0.29547471162378
0.2921847246891652,0.2113676731793961,0.19760213143872113,0.2988454706927176
0.2882843352347521,0.2150065818341378,0.20359806932865293,0.2931110136024572
0.29354553492484525,0.21706454465075153,0.19672855879752432,0.2926613616268789
0.2950310559006211,0.21650399290150843,0.1956521739130435,0.29281277728482696
0.29995627459554003,0.22037603847835593,0.18714473108876256,0.2925229558373415
0.28820375335120646,0.22341376228775692,0.18543342269883825,0.30294906166219837
0.2885202968136185,0.22522915757311218,0.18332605848974248,0.3029244871235268
0.2938577110030932,0.21829429960229785,0.1873619089703933,0.30048608042421565
0.29442970822281167,0.22502210433244915,0.1799292661361627,0.3006189213085765
0.29951045838896306,0.22207387627948375,0.17668001780151313,0.30173564753004006
0.2976085031000886,0.2240921169176262,0.17227635075287864,0.30602302922940655
0.30043668122270745,0.22969432314410482,0.16899563318777291,0.30087336244541485
0.30168589174800353,0.22937000887311446,0.17080745341614906,0.2981366459627329
0.3039258932509925,0.2262902514336127,0.1693868548742832,0.3003970004411116
0.30365093499554763,0.2319679430097952,0.1678539626001781,0.2965271593944791
0.29492273730684326,0.2326710816777042,0.176158940397351,0.29624724061810154
0.29745166959578206,0.22978910369068542,0.18541300527240773,0.28734622144112476
0.29876434245366285,0.2325684024713151,0.1822594880847308,0.28640776699029125
0.2979286029087704,0.23226090788893786,0.18201851035698546,0.28779197884530633
0.2954844366505918,0.23323103901797457,0.18062253397632616,0.2906619903551074
0.2980392156862745,0.23355119825708062,0.17908496732026144,0.28932461873638343
0.29576234163390125,0.23372651813018785,0.1799912625600699,0.290519877675841
0.2974628171478565,0.23009623797025372,0.1784776902887139,0.29396325459317585
0.3011565836298932,0.23087188612099643,0.18104982206405695,0.28692170818505336
0.31011826544021026,0.2290845378887429,0.1782742006132282,0.28252299605781866
0.307152259763054,0.22817025010969724,0.1816586222027205,0.2830188679245283
0.30335097001763667,0.2328042328042328,0.18253968253968253,0.281305114638448
0.30148342059336825,0.2325479930191972,0.18368237347294938,0.2822862129144852
0.2969991173874669,0.23654015887025595,0.1849073256840247,0.2815533980582524
0.294478527607362,0.23488168273444346,0.1831726555652936,0.287467134092901
0.29396209784045835,0.23093873953283384,0.1877479065667695,0.2873512560599383
0.29737991266375546,0.22969432314410482,0.19170305676855895,0.2812227074235808
0.29411764705882354,0.22733303847854933,0.19283502874834144,0.2857142857142857
0.29894179894179895,0.2239858906525573,0.19753086419753085,0.2795414462081129
0.30035026269702275,0.22373029772329248,0.19527145359019266,0.28064798598949214
0.29845474613686535,0.22472406181015453,0.1955849889624724,0.28123620309050773
0.3057130396860009,0.22372437854339294,0.1870911469690362,0.28347143480157
0.30419426048565124,0.2260485651214128,0.18410596026490067,0.28565121412803535
0.30083078268473984,0.22693484914735462,0.18583296895496285,0.2864013992129427
0.30057042562527425,0.22729267222465993,0.1799034664326459,0.29223343571741994
0.30478700043917434,0.22837066315327184,0.178743961352657,0.28809837505489677
0.3050328227571116,0.22450765864332603,0.18687089715536104,0.2835886214442013
0.30577777777777776,0.22311111111111112,0.18488888888888888,0.2862222222222222
0.2993881118881119,0.22202797202797203,0.1875,0.2910839160839161
0.3058510638297872,0.21941489361702127,0.1950354609929078,0.2796985815602837
0.30562884784520666,0.22031662269129287,0.18953386103781883,0.28452066842568163
0.30035180299032543,0.22075637642919965,0.1943711521547933,0.28452066842568163
0.30008787346221444,0.22275922671353252,0.19156414762741653,0.28558875219683655
0.2951251646903821,0.21826965305226176,0.19894598155467721,0.287659200702679
0.2959858844287605,0.21746801940891045,0.1945302161446846,0.29201588001764445
0.30065645514223194,0.21312910284463896,0.18949671772428883,0.29671772428884025
0.30083811204234673,0.21041023378914867,0.1905602117335686,0.29819144243493606
0.3013157894736842,0.21535087719298246,0.18640350877192982,0.2969298245614035
0.2971905179982441,0.21115013169446883,0.1865671641791045,0.3050921861281826
0.2875498449268941,0.21178555604785113,0.1891891891891892,0.3114754098360656
0.2959542656112577,0.21416007036059806,0.18997361477572558,0.29991204925241866
0.29308065226972235,0.21066549140590568,0.19215513442044954,0.30409872190392245
0.2937062937062937,0.21416083916083917,0.18924825174825174,0.30288461538461536
0.2922192749778957,0.21264367816091953,0.1892130857648099,0.3059239610963749
0.2969298245614035,0.21052631578947367,0.1899122807017544,0.3026315789473684
0.30149647887323944,0.2108274647887324,0.1892605633802817,0.2984154929577465
0.30691768826619964,0.2149737302977233,0.18826619964973731,0.28984238178633975
0.3045195261079421,0.21412900394910048,0.19394471259324264,0.28740675734971477
0.30410122164048864,0.2168411867364747,0.19589877835951133,0.2831588132635253
0.30419426048565124,0.21456953642384105,0.19823399558498897,0.28300220750551874
0.3086040386303775,0.21246707638279191,0.19402985074626866,0.2848990342405619
0.31796223100570925,0.2059727711901625,0.19587176108915239,0.28019323671497587
0.32438380281690143,0.2068661971830986,0.1993838028169014,0.26936619718309857
0.32188463232056364,0.2144429766622633,0.19682959048877147,0.2668428005284016
0.3126921387790953,0.2222222222222222,0.1976284584980237,0.26745718050065875
0.31595227574016793,0.22403888643393724,0.20150243040212107,0.25850640742377373
0.3126376045794804,0.22985468956406868,0.19859092910612064,0.25891677675033026
0.3144626271561256,0.226890756302521,0.2034498009730208,0.25519681556833257
0.3141223053233612,0.2212934447866256,0.20545534535855697,0.2591289045314562
0.31180893409995575,0.22158337019018134,0.20875718708536045,0.25785050862450243
0.31008771929824563,0.22587719298245615,0.21842105263157896,0.24561403508771928
0.31219938784433754,0.22125054656755574,0.22037603847835593,0.24617402710975075
0.3184233835252436,0.21302037201062887,0.21922054915854738,0.24933569530558017
0.31542461005199307,0.2084055459272097,0.2205372616984402,0.255632582322357
0.31543921916592726,0.2067435669920142,0.22315882874889087,0.2546583850931677
0.3078602620087336,0.21004366812227074,0.22838427947598253,0.2537117903930131
0.30394328754984495,0.21178555604785113,0.22729286663712894,0.256978289765175
0.2987241531016278,0.2190937087549494,0.2322921249450066,0.2498900131984162
0.2940917107583774,0.2156084656084656,0.23236331569664903,0.25793650793650796
0.2952255803766973,0.21681997371879105,0.22689443714410862,0.261060008760403
0.29763986013986016,0.21634615384615385,0.23033216783216784,0.2556818181818182
0.2999128160418483,0.2244986922406277,0.22537053182214473,0.25021795989537926
0.2965578111209179,0.22859664607237423,0.22197705207413945,0.2528684907325684
0.2888402625820569,0.2275711159737418,0.22407002188183808,0.25951859956236323
0.29725010912265387,0.22741161065037102,0.22522915757311218,0.2501091226538629
0.29318681318681317,0.22725274725274724,0.23032967032967033,0.24923076923076923
0.2962138084632517,0.2289532293986637,0.22538975501113587,0.24944320712694878
0.29172141918528255,0.23083661848445028,0.22733245729303547,0.2501095050372317
0.2937249666221629,0.22963951935914553,0.22563417890520696,0.25100133511348466
0.29110039456378783,0.22972380534853135,0.22709338009644892,0.25208241999123193
0.2895080539834567,0.2329124945581193,0.22725293861558554,0.25032651284283847
0.2932098765432099,0.23236331569664903,0.2261904761904762,0.2482363315696649
0.2891725352112676,0.2363556338028169,0.22579225352112675,0.24867957746478872
0.28339191564147626,0.24077328646748683,0.22275922671353252,0.2530755711775044
0.2899955927721463,0.24195680916703394,0.21727633318642575,0.250771264874394
0.2916299559471366,0.24493392070484582,0.213215859030837,0.25022026431718064
0.289760348583878,0.24270152505446624,0.2113289760348584,0.25620915032679736
0.2932799287939475,0.24076546506453048,0.2105028927458834,0.2554517133956386
0.2893467777290662,0.24243752740026303,0.21481806225339764,0.2533976326172731
0.29736842105263156,0.23728070175438595,0.2131578947368421,0.25219298245614036
0.29911894273127754,0.2365638766519824,0.20969162995594715,0.25462555066079295
0.30772626931567326,0.23532008830022075,0.2052980132450331,0.25165562913907286
0.31288614298323036,0.235216240070609,0.20476610767872905,0.2471315092674316
0.3075563411400795,0.2328767123287671,0.21343349536014142,0.24613345117101193
0.3116710875331565,0.23209549071618038,0.21043324491600354,0.2458001768346596
0.3191111111111111,0.23333333333333334,0.20844444444444443,0.2391111111111111
0.3150684931506849,0.22934158197083518,0.21166593018117544,0.24392399469730447
0.31211589113257243,0.23573309920983318,0.21466198419666374,0.23748902546093065
0.3197879858657244,0.22924028268551236,0.21024734982332155,0.24072438162544169
0.3191208791208791,0.22637362637362637,0.2123076923076923,0.2421978021978022
0.31332744924977934,0.22594880847308033,0.21932921447484555,0.24139452780229478
0.30895390070921985,0.22429078014184398,0.22562056737588654,0.24113475177304963
0.31353711790393013,0.22227074235807862,0.2205240174672489,0.24366812227074236
0.31906443071491614,0.22241835834068843,0.2228596646072374,0.235657546337158
0.32169686257180735,0.21696862571807335,0.2200618647812638,0.2412726469288555
0.3199124726477024,0.21575492341356675,0.22669584245076588,0.23763676148796498
0.31975199291408324,0.21656333038086803,0.224977856510186,0.23870682019486272
0.3189995612110575,0.21412900394910048,0.22202720491443614,0.2448442299254059
0.3176418829740431,0.21733391992960846,0.22701275846898372,0.2380114386273647
0.31588209414870216,0.2133743950725913,0.225692916849978,0.24505059392872855
0.319493006993007,0.2097902097902098,0.22552447552447552,0.24519230769230768
0.31882145998240985,0.21284080914687775,0.22251539138082674,0.24582233948988566
0.32473776223776224,0.21241258741258742,0.2229020979020979,0.23994755244755245
0.32583774250440917,0.21340388007054673,0.22971781305114639,0.2310405643738977
0.32954545454545453,0.21153846153846154,0.2277097902097902,0.2312062937062937
0.3219298245614035,0.21140350877192982,0.2293859649122807,0.23728070175438595
0.3266199649737303,0.2053415061295972,0.23161120840630472,0.23642732049036777
0.32789775231379464,0.20625826355222565,0.23005729396209784,0.2357866901718819
0.3315696649029982,0.21075837742504408,0.22001763668430335,0.23765432098765432
0.32783964365256124,0.2071269487750557,0.22048997772828507,0.244543429844098
0.3181615350290049,0.20214190093708165,0.22356091030789826,0.25613565372601516
0.31505046072838966,0.20403685827117157,0.22817025010969724,0.25274243089074155
0.31488801054018445,0.20816864295125165,0.22837066315327184,0.24857268335529206
0.316023080337328,0.20328450954283178,0.23080337328007103,0.2498890368397692
0.3187830687830688,0.19973544973544974,0.2257495590828924,0.25573192239858905
0.31646693297825124,0.19573901464713714,0.23302263648468707,0.2547714158899245
0.3106625713032032,0.20359806932865293,0.23080298376480912,0.2549363756033348
0.3173913043478261,0.2008695652173913,0.2273913043478261,0.2543478260869565
0.31462660185594343,0.19973486522315512,0.22536456031816174,0.2602739726027397
0.31179039301310046,0.19912663755458515,0.2244541484716157,0.2646288209606987
0.31219726992514313,0.19903126376045796,0.23161602818141788,0.2571554381329811
0.3110218652387327,0.19812583668005354,0.22802320392681838,0.26282909415439537
0.3160211267605634,0.20334507042253522,0.22183098591549297,0.25880281690140844
0.31404593639575973,0.19876325088339222,0.2230565371024735,0.26413427561837455
0.3126934984520124,0.19902697921273774,0.21892967713401149,0.2693498452012384
0.31514622435617634,0.19947621126145787,0.21824530772588388,0.2671322566564819
0.3125827814569536,0.19911699779249448,0.2194260485651214,0.26887417218543047
0.3058510638297872,0.20124113475177305,0.22074468085106383,0.2721631205673759
0.3172113289760349,0.19607843137254902,0.22004357298474944,0.26666666666666666
0.3145969498910675,0.1952069716775599,0.22396514161220044,0.2662309368191721
0.31320590790616853,0.20069504778453517,0.22284969591659426,0.263249348392702
0.3172352680549402,0.20203810367744793,0.21843154630039877,0.26229508196721313
0.3212869105332746,0.19612163948876157,0.21683561040105773,0.2657558395769061
0.32260907888937856,0.19303657999118554,0.21992066989863376,0.26443367122080214
0.314611671785871,0.19218955682316805,0.21939447125932426,0.2738043001316367
0.31169977924944814,0.18940397350993377,0.22207505518763798,0.2768211920529801
0.3077593722755013,0.18134263295553618,0.23016564952048824,0.2807323452484743
0.30725274725274726,0.18065934065934067,0.23032967032967033,0.28175824175824177
0.3018037835459745,0.18169819621645403,0.2344918609766828,0.2820061592608887
0.2988606485539001,0.1792287467134093,0.2326906222611744,0.2892199824715162
0.30048608042421565,0.18294299602297834,0.2328767123287671,0.2836942112240389
0.30606860158311344,0.1785400175901495,0.2339489885664028,0.28144239226033424
0.30633802816901406,0.18265845070422534,0.23547535211267606,0.2755281690140845
0.3065725628584032,0.1799735333039259,0.23378914865460962,0.27966475518306133
0.3052863436123348,0.17885462555066078,0.23788546255506607,0.2779735682819383
0.2996040475142983,0.18653761548614167,0.24065112186537616,0.2732072151341839
0.2971887550200803,0.1892012494422133,0.23828647925033467,0.27532351628737173
0.2980684811237928,0.19095697980684812,0.23573309920983318,0.2752414398595259
0.29973474801061006,0.1892130857648099,0.23474801061007958,0.27630415561450045
0.29833040421792617,0.18585237258347978,0.23857644991212654,0.2772407732864675
0.2888402625820569,0.19037199124726478,0.24682713347921226,0.2739606126914661
0.2968402314196707,0.1882510013351135,0.24032042723631508,0.27458834000890076
0.3025685676969961,0.18110579016107967,0.2368306486721811,0.27949499346974316
0.29916776171703896,0.18265440210249673,0.23828296101620675,0.27989487516425754
0.30137594318686195,0.17709720372836218,0.237017310252996,0.28450954283177987
0.3,0.17876106194690267,0.24292035398230089,0.27831858407079646
0.2882686436982119,0.18360226777147842,0.24334932402965548,0.2847797645006542
0.29553415061295973,0.18345008756567427,0.24211908931698775,0.2788966725043783
0.28986784140969163,0.18722466960352424,0.24008810572687225,0.2828193832599119
0.28374777975133214,0.19182948490230906,0.24955595026642985,0.27486678507992895
0.28753852928225454,0.19418758256274768,0.24746807573756055,0.27080581241743723
0.2856516015796402,0.1899956121105748,0.25756910925844667,0.2667836770513383
0.2970950704225352,0.19014084507042253,0.25264084507042256,0.2601232394366197
0.2942982456140351,0.19035087719298247,0.25394736842105264,0.2614035087719298
0.2950530035335689,0.19213780918727916,0.24911660777385158,0.26369257950530034
0.2920704845814978,0.1881057268722467,0.2497797356828194,0.27004405286343613
0.28501988510826337,0.1855943437914273,0.25894829871851527,0.27043747238179405
0.2786596119929453,0.18959435626102292,0.263668430335097,0.26807760141093473
0.2751531058617673,0.194663167104112,0.2585301837270341,0.27165354330708663
0.2756043956043956,0.1956043956043956,0.2540659340659341,0.27472527472527475
0.2658782303985983,0.19579500657030224,0.26018396846254926,0.2781427945685502
0.2616534740545295,0.1961301671064204,0.262532981530343,0.2796833773087071
0.2594880847308032,0.20167696381288613,0.2594880847308032,0.2793468667255075
0.2561511423550088,0.2038664323374341,0.2631810193321617,0.27680140597539543
0.25428194993412384,0.204655248133509,0.2604303908651735,0.28063241106719367
0.2550660792951542,0.1973568281938326,0.2616740088105727,0.28590308370044054
0.2535273368606702,0.19973544973544974,0.263668430335097,0.2830687830687831
0.25573192239858905,0.20326278659611993,0.25440917107583777,0.2865961199294533
0.2580078982009653,0.20096533567354102,0.2544975866608161,0.2865291794646775
0.25320938468348825,0.20274457724656927,0.2536520584329349,0.2903939796370075
0.2575221238938053,0.20398230088495575,0.25663716814159293,0.28185840707964605
0.24572180781044317,0.2071083808688021,0.2615182097411145,0.2856516015796402
0.25010931351114996,0.2094446873633581,0.254919108001749,0.2855268911237429
0.24701723376049492,0.20371188687582856,0.26425099425541315,0.28501988510826337
0.2515473032714412,0.20954907161803712,0.2656940760389036,0.27320954907161804
0.24452234881682736,0.21428571428571427,0.261612620508326,0.27957931638913236
0.24736842105263157,0.21228070175438596,0.26228070175438595,0.27807017543859647
0.24083075563411402,0.2147591692443659,0.25762262483429077,0.28678745028722935
0.23839009287925697,0.21539141972578504,0.25519681556833257,0.29102167182662536
0.2387011847301448,0.2150065818341378,0.25888547608600265,0.28740675734971477
0.2356828193832599,0.2145374449339207,0.26255506607929513,0.2872246696035242
0.23539745278875715,0.21519543258673693,0.2648221343873518,0.2845849802371542
0.2327209098862642,0.21478565179352582,0.268591426071741,0.28390201224846895
0.23359929078014185,0.21586879432624115,0.2695035460992908,0.28102836879432624
0.23651635720601238,0.22148541114058357,0.27011494252873564,0.2718832891246684
0.23138297872340424,0.2220744680851064,0.2730496453900709,0.27349290780141844
0.23008455718736093,0.22518914107699153,0.2719181130396084,0.2728081886960392
0.23076923076923078,0.22593406593406593,0.27296703296703295,0.2703296703296703
0.23480176211453743,0.2286343612334802,0.26519823788546254,0.2713656387665198
0.23063457330415754,0.2223194748358862,0.27045951859956235,0.2765864332603939
0.22917584839136185,0.2265315116791538,0.26972234464521816,0.2745702952842662
0.23012736056214317,0.22968818620992534,0.2665788317962231,0.2736056214317084
0.23393885688967656,0.22773593265396544,0.2676118741692512,0.27071333628710675
0.23145268769435806,0.23367392270102177,0.2687694358063083,0.26610395379831187
0.22985989492119088,0.23380035026269702,0.2679509632224168,0.2683887915936953
0.2263320123293703,0.23029502421840597,0.27212681638044917,0.2712461470717745
0.22709338009644892,0.22884699693117053,0.27005699254712845,0.2740026304252521
0.2262902514336127,0.23378914865460962,0.2717247463608293,0.2681958535509484
0.2243362831858407,0.22831858407079647,0.2738938053097345,0.2734513274336283
0.22457067371202113,0.23293703214442976,0.2716864817261119,0.27080581241743723
0.22576361221779548,0.23284639220894202,0.27135900841080124,0.27003098716246127
0.22955837341495408,0.22912111937035418,0.2728465238303454,0.2684739833843463
0.23073516386182463,0.22940655447298494,0.27015057573073514,0.26970770593445526
0.23036649214659685,0.23167539267015708,0.268760907504363,0.26919720767888305
0.22998220640569395,0.22731316725978648,0.2749110320284697,0.2677935943060498
0.22928540113985094,0.2244629548443665,0.2766330556773345,0.26961858833844804
0.22870939420544337,0.2221246707638279,0.28050921861281825,0.26865671641791045
0.22829440282062582,0.22124283825473778,0.2750110180696342,0.2754517408550022
0.22761358623731803,0.22055580061755625,0.2779003087781209,0.27393030436700483
0.2264731750219877,0.21328056288478453,0.2836411609498681,0.27660510114335973
0.22854640980735552,0.20884413309982486,0.287215411558669,0.2753940455341506
0.22271517302573204,0.2085181898846495,0.29103815439219166,0.2777284826974268
0.22483370288248336,0.20532150776053215,0.2913525498891353,0.27849223946784923
0.22913907284768212,0.1986754966887417,0.2913907284768212,0.280794701986755
0.22819383259911893,0.19691629955947137,0.29427312775330394,0.2806167400881057
0.22589167767503301,0.19815059445178335,0.29370321444297665,0.28225451343020697
0.22011468901632114,0.2015880017644464,0.28848698720776356,0.2898103220114689
0.2142226148409894,0.20715547703180212,0.2963780918727915,0.28224381625441697
0.21932921447484555,0.205648720211827,0.29302736098852605,0.2819947043248014
0.21872265966754156,0.20866141732283464,0.2887139107611549,0.28390201224846895
0.21978984238178634,0.2084063047285464,0.29334500875656744,0.27845884413309985
0.21883173496076722,0.2105492589363557,0.2946817785527463,0.2759372275501308
0.22373626373626374,0.20703296703296703,0.2914285714285714,0.2778021978021978
0.22501100836635843,0.21047996477322764,0.2892998678996037,0.2752091589608102
0.23127753303964757,0.21762114537444935,0.2779735682819383,0.27312775330396477
0.23046532045654083,0.2212467076382792,0.2787532923617208,0.26953467954345917
0.24140969162995596,0.2198237885462555,0.2757709251101322,0.2629955947136564
0.2359402460456942,0.22363796133567662,0.2750439367311072,0.26537785588752194
0.23461708720672864,0.22089420097388224,0.2815405046480744,0.26294820717131473
0.23451910408432147,0.22705314009661837,0.2784365393061045,0.25999121651295565
0.23820026466696073,0.2262902514336127,0.28098808998676666,0.2545213939126599
0.2334065934065934,0.22681318681318682,0.27824175824175823,0.26153846153846155
0.2287467134092901,0.22261174408413673,0.2791411042944785,0.26950043821209463
0.2357830271216098,0.2226596675415573,0.2777777777777778,0.2637795275590551
0.23412698412698413,0.2257495590828924,0.2724867724867725,0.26763668430335097
0.2363394047090182,0.2296756996890271,0.26565970679697914,0.2683251888049756
0.23240371845949534,0.23328906595838866,0.2598494909251881,0.27445772465692786
0.2287467134092901,0.23444347063978965,0.26029798422436456,0.27651183172655563
0.23232323232323232,0.23583662714097497,0.25691699604743085,0.27492314448836186
0.23433362753751102,0.23168578993821712,0.2612533097969991,0.2727272727272727
0.23249669749009247,0.2294143549097314,0.26420079260237783,0.27388815499779834
0.23219814241486067,0.2335249889429456,0.26448474126492705,0.2697921273772667
0.22820284697508897,0.23443060498220641,0.26512455516014233,0.2722419928825623
0.23218997361477572,0.22383465259454705,0.26341248900615655,0.2805628847845207
0.2350861688024746,0.21873619089703933,0.26425099425541315,0.2819266460450729
0.2343132953049583,0.21895568231680562,0.26195699868363315,0.2847740236946029
0.2316209034543844,0.21036315323294952,0.26660761736049604,0.2914083259521701
0.23090353557398516,0.21475338280226974,0.26407682234831953,0.2902662592754256
0.23204179364388333,0.20983892033086635,0.2712233347845015,0.2868959512407488
0.23555166374781086,0.2105954465849387,0.2635726795096322,0.29028021015761823
0.22369000440334655,0.21400264200792601,0.26904447380008806,0.29326287978863935
0.22852081488042517,0.22099202834366696,0.2683790965456156,0.2821080602302923
0.22492266902342023,0.22182942996022978,0.2629253203711887,0.2903225806451613
0.2212467076382792,0.2212467076382792,0.26382791922739246,0.29367866549604915
0.2252723311546841,0.21525054466230936,0.2679738562091503,0.29150326797385623
0.22138420585625554,0.21339840283939662,0.2732919254658385,0.2919254658385093
0.21627598407784165,0.21494913754975675,0.2706766917293233,0.2980981866430783
0.21428571428571427,0.21781305114638447,0.26940035273368607,0.2985008818342152
0.21507760532150777,0.2133037694013304,0.2753880266075388,0.29623059866962304
0.21868179834133566,0.21606285464862504,0.2666957660410301,0.29855958096900914
0.2206140350877193,0.2057017543859649,0.2710526315789474,0.3026315789473684
0.21754541426672575,0.2051395657953035,0.26982720425343376,0.307487815684537
