C,D,Oc,Od
0.0,1.0,0.0,0.0
0.0,0.8,0.2,0.0
0.1,0.7,0.2,0.0
0.1111111111111111,0.6111111111111112,0.2777777777777778,0.0
0.0967741935483871,0.4838709677419355,0.3870967741935484,0.03225806451612903
0.13043478260869565,0.41304347826086957,0.43478260869565216,0.021739130434782608
0.13924050632911392,0.35443037974683544,0.46835443037974683,0.0379746835443038
0.1623931623931624,0.3333333333333333,0.4700854700854701,0.03418803418803419
0.15476190476190477,0.32142857142857145,0.48214285714285715,0.041666666666666664
0.16017316017316016,0.3203463203463203,0.47186147186147187,0.047619047619047616
0.17419354838709677,0.2903225806451613,0.49032258064516127,0.04516129032258064
0.15938303341902313,0.2879177377892031,0.4961439588688946,0.056555269922879174
0.1686746987951807,0.2791164658634538,0.4839357429718876,0.06827309236947791
0.18446601941747573,0.25728155339805825,0.4854368932038835,0.07281553398058252
0.17576564580559254,0.26764314247669774,0.47536617842876167,0.08122503328894808
0.16723549488054607,0.27986348122866894,0.46985210466439137,0.08304891922639362
0.16439688715953307,0.28793774319066145,0.4591439688715953,0.08852140077821012
0.16984402079722705,0.28596187175043325,0.451473136915078,0.0927209705372617
0.17665130568356374,0.28417818740399386,0.4377880184331797,0.10138248847926268
0.17581653926337734,0.28908964558721334,0.43015983321751217,0.10493398193189715
0.19165085388994307,0.2903225806451613,0.4168247944339026,0.10120177103099304
0.1920185078079815,0.286871023713129,0.41700404858299595,0.10410641989589357
0.19936204146730463,0.2892078681552366,0.4098883572567783,0.10154173312068049
0.20724346076458752,0.28672032193158953,0.40191146881287726,0.10412474849094568
0.21510516252390058,0.2872848948374761,0.3919694072657744,0.10564053537284895
0.21478060046189376,0.2877598152424942,0.38475750577367207,0.11270207852193996
0.22639821029082774,0.27740492170022374,0.37718120805369126,0.11901565995525727
0.23443708609271524,0.2781456953642384,0.3695364238410596,0.11788079470198676
0.23433362753751102,0.2731685789938217,0.3733451015004413,0.11915269196822595
0.23516386182462357,0.27236492471213464,0.3640389725420726,0.12843224092116917
0.23664459161147902,0.27461368653421636,0.36644591611479027,0.12229580573951435
0.23788546255506607,0.2669603524229075,0.36784140969163,0.12731277533039648
0.2325684024713151,0.26522506619594,0.36893203883495146,0.13327449249779347
0.23767605633802816,0.2592429577464789,0.37235915492957744,0.1307218309859155
0.23550243470562196,0.26073483842408146,0.3753873395307658,0.12837538733953077
0.2375222816399287,0.2549019607843137,0.3761140819964349,0.13146167557932265
0.237117903930131,0.25109170305676853,0.3812227074235808,0.13056768558951964
0.2409211691762622,0.258193091231178,0.3671390611160319,0.1337466784765279
0.24581497797356827,0.2537444933920705,0.36651982378854625,0.13392070484581498
0.24525805028672254,0.2545213939126599,0.3678870754300838,0.13233348037053375
0.24065836298932383,0.2557829181494662,0.37144128113879005,0.13211743772241993
0.24669603524229075,0.25198237885462554,0.366079295154185,0.13524229074889868
0.24770642201834864,0.25557011795543905,0.3626037570991699,0.13411970292704237
0.24956140350877193,0.25043859649122807,0.3618421052631579,0.13815789473684212
0.2508787346221441,0.2535149384885764,0.35808435852372583,0.1375219683655536
0.24327897752313796,0.25650066108417807,0.3591890700749229,0.14103129131776113
0.24569916188795765,0.24878694309660343,0.36568151742390825,0.13983237759153067
0.24314765694076038,0.2524314765694076,0.3664898320070734,0.13793103448275862
0.24437582708425232,0.25363917071018965,0.3595059550066167,0.14247904719894133
0.24302788844621515,0.2545374059318282,0.3629924745462594,0.1394422310756972
0.24210526315789474,0.25263157894736843,0.3631578947368421,0.14210526315789473
0.244,0.25555555555555554,0.3506666666666667,0.1497777777777778
0.24779929577464788,0.2517605633802817,0.3494718309859155,0.15096830985915494
0.25208241999123193,0.24550635686102587,0.3524769837790443,0.14993423936869793
0.25665648188563944,0.23919685726756876,0.35530336097773896,0.14884329986905281
0.2535398230088496,0.2420353982300885,0.3579646017699115,0.14646017699115044
0.2564102564102564,0.2338638373121132,0.358974358974359,0.15075154730327145
0.25485008818342153,0.2429453262786596,0.3487654320987654,0.15343915343915343
0.25746924428822493,0.23725834797891038,0.3545694200351494,0.15070298769771528
0.2617067833698031,0.2336980306345733,0.3522975929978118,0.15229759299781181
0.26018396846254926,0.23434077967586509,0.346035917652212,0.15943933420937362
0.2598669623059867,0.24124168514412417,0.341019955654102,0.15787139689578714
0.2588495575221239,0.24026548672566372,0.3407079646017699,0.16017699115044248
0.2564551422319475,0.24157549234135667,0.3474835886214442,0.15448577680525163
0.2547294324681038,0.2424109106907171,0.33831940167179936,0.16454025516937967
0.25418502202643173,0.23876651982378855,0.3392070484581498,0.16784140969162994
0.25436632333184056,0.2360053739364084,0.34393193013882667,0.16569637259292433
0.2509821038847665,0.23963334788302051,0.3395896988214753,0.16979484941073766
0.24755989352262645,0.243566992014197,0.3416149068322981,0.16725820763087842
0.2484689413823272,0.24015748031496062,0.34120734908136485,0.17016622922134733
0.2453416149068323,0.2440106477373558,0.3433895297249335,0.16725820763087842
0.2491258741258741,0.23994755244755245,0.34134615384615385,0.16958041958041958
0.2474813841436706,0.24791940429259746,0.3394656154183092,0.1651335961454227
0.2487847989394609,0.23906319045514804,0.34821034025629694,0.16394167034909413
0.2405618964003512,0.23748902546093065,0.3520632133450395,0.16988586479367868
0.24813022437307522,0.2336119665640123,0.35371755389353277,0.16454025516937967
0.2440087145969499,0.2374727668845316,0.3485838779956427,0.16993464052287582
0.2482300884955752,0.23761061946902653,0.34292035398230086,0.17123893805309734
0.2465631929046563,0.24035476718403548,0.33968957871396893,0.17339246119733925
0.24148606811145512,0.2419283502874834,0.34542237947810706,0.17116320212295444
0.24813022437307522,0.24065112186537616,0.34315882094148703,0.1680598328200616
0.24561403508771928,0.24166666666666667,0.34210526315789475,0.1706140350877193
0.2439893143365984,0.2382012466607302,0.342386464826358,0.17542297417631345
0.2462882096069869,0.2349344978165939,0.34323144104803494,0.17554585152838428
0.25320938468348825,0.22930500221336875,0.3430721558211598,0.17441345728198318
0.2583774250440917,0.2239858906525573,0.3439153439153439,0.17372134038800705
0.2581211589113257,0.2212467076382792,0.34328358208955223,0.17734855136084285
0.26763668430335097,0.21693121693121692,0.33377425044091713,0.18165784832451498
0.2642258491398324,0.2227613586237318,0.3281870313189237,0.18482576091751213
0.26006191950464397,0.21627598407784165,0.3432109685979655,0.18045112781954886
0.2635726795096322,0.2119089316987741,0.345446584938704,0.17907180385288968
0.2617273125822008,0.210872424375274,0.3410784743533538,0.1863217886891714
0.26499118165784835,0.20811287477954143,0.34171075837742504,0.18518518518518517
0.2616740088105727,0.21674008810572687,0.33964757709251103,0.18193832599118942
0.25426695842450764,0.22275711159737419,0.33391684901531726,0.18905908096280089
0.2537444933920705,0.22466960352422907,0.3303964757709251,0.19118942731277533
0.25499777876499335,0.22656597067969791,0.3260772989782319,0.19235895157707686
0.25537516454585346,0.2242211496270294,0.330846862659061,0.18955682316805617
0.25076586433260395,0.2214442013129103,0.33698030634573306,0.19080962800875273
0.25176678445229683,0.2234982332155477,0.33171378091872794,0.19302120141342757
0.25196850393700787,0.22572178477690288,0.32764654418197725,0.194663167104112
0.25471284524331433,0.22621657167908812,0.32354230600613765,0.1955282770714599
0.2543859649122807,0.22149122807017543,0.32587719298245615,0.19824561403508772
0.2505475251861586,0.22733245729303547,0.32544897065265005,0.19667104686815592
0.2514210756449497,0.22693484914735462,0.32138172278093574,0.20026235242675994
0.2503299604047514,0.2300923889133304,0.318521777380.23140.20105587329520458
0.2481335090030742,0.230566534914361,0.32103645147123405,0.2002635046113307
0.2462751971954426,0.23356704645048204,0.31156879929886067,0.2085889570552147
0.24680475980608196,0.2371088585279859,0.3098281181137065,0.20625826355222565
0.24157801418439717,0.24202127659574468,0.31072695035460995,0.20567375886524822
0.24502432551968156,0.23794781070322865,0.3073861123396727,0.20964175143741706
0.24813022437307522,0.2410910690717114,0.3084029916410031,0.2023757149142103
0.24396665204036858,0.24265028521281265,0.3093462044756472,0.20403685827117157
0.2412739965095986,0.2395287958115183,0.3032286212914485,0.21596858638743455
0.239647577092511,0.2422907488986784,0.3039647577092511,0.21409691629955946
0.23828296101620675,0.2448532632501095,0.3057380639509417,0.211125711782742
0.24408746095493083,0.24096385542168675,0.30477465417224453,0.2101740294511379
0.24421144604630843,0.23896898208824816,0.30449978156400176,0.21231979030144169
0.2371364653243848,0.2407158836689038,0.30604026845637583,0.21610738255033557
0.23524305555555555,0.2421875,0.3059895833333333,0.2165798611111111
0.23626852659110723,0.24324324324324326,0.3047079337401918,0.2157802964254577
0.2374164810690423,0.24766146993318486,0.30556792873051225,0.20935412026726058
0.2332155477031802,0.24867491166077738,0.3043286219081272,0.2137809187279152
0.2398945518453427,0.2504393673110721,0.29349736379613356,0.21616871704745166
0.2399647110719012,0.2518747243052492,0.29289810322011467,0.2152624614027349
0.2393500219587176,0.24989020641194554,0.2916117698726394,0.2191480017566974
0.24172915747684165,0.24966916629907365,0.2893692104102338,0.2192324658138509
0.24326710816777042,0.24900662251655628,0.2860927152317881,0.22163355408388521
0.2334370831480658,0.2498888394842152,0.2943530457981325,0.2223210315695865
0.23395896988214754,0.24792666957660411,0.2920122217372326,0.22610213880401572
0.2337604949182501,0.2474591250552364,0.29297392841361025,0.22580645161290322
0.23588621444201313,0.24288840262582057,0.2884026258205689,0.23282275711159736
0.23824175824175825,0.24,0.29010989010989013,0.23164835164835165
0.23763676148796498,0.23807439824945295,0.30196936542669583,0.2223194748358862
0.2350109409190372,0.23457330415754923,0.30196936542669583,0.22844638949671772
0.23645970937912814,0.23249669749009247,0.2985468956406869,0.23249669749009247
0.23841059602649006,0.2282560706401766,0.30772626931567326,0.22560706401766004
0.23610493552690084,0.2249888839484215,0.31302801244997774,0.22587816807469988
0.24035087719298245,0.225,0.312719298245614,0.2219298245614035
0.23857205050065303,0.22464083587287767,0.3125816282107096,0.2242054854157597
0.23941798941798942,0.23015873015873015,0.31128747795414463,0.2191358024691358
0.2320730117340287,0.2325076053889613,0.3111690569317688,0.2242503259452412
0.23727312970340858,0.2288623284639221,0.31252766710934043,0.2213368747233289
0.23838737949167396,0.22042068361086767,0.3159509202453988,0.2252410166520596
0.2402111746590409,0.22657281126264847,0.3088429388473383,0.22437307523097227
0.2393992932862191,0.22173144876325088,0.31448763250883394,0.22438162544169613
0.24319578577699735,0.21949078138718173,0.31167690956979804,0.22563652326602282
0.24318381706244502,0.2185576077396658,0.3038698328935796,0.2343887423043096
0.24266316250547526,0.219886114761279,0.3026719229084538,0.23477879982479194
0.2384076990376203,0.2283464566929134,0.3009623797025372,0.23228346456692914
0.24162257495590828,0.22663139329805995,0.2998236331569665,0.23192239858906524
0.24148606811145512,0.226890756302521,0.2998673153471915,0.23175586023883238
0.23516579406631763,0.2281849912739965,0.3080279232111693,0.2286212914485166
0.2412280701754386,0.22324561403508772,0.3109649122807018,0.22456140350877193
0.24250440917107582,0.22001763668430335,0.30599647266313934,0.23148148148148148
0.2462686567164179,0.21685689201053557,0.30026338893766463,0.23661106233538193
0.2451669595782074,0.21353251318101935,0.29745166959578206,0.2438488576449912
0.2421602787456446,0.21646341463414634,0.2931184668989547,0.24825783972125434
0.24636403702071397,0.21683561040105773,0.29440282062582634,0.24239753195240193
0.24856512141280354,0.22472406181015453,0.284326710816777,0.2423841059602649
0.24768620537681799,0.23093873953283384,0.2873512560599383,0.23402379903040987
0.24525805028672254,0.22849580943978826,0.2867225408028231,0.23952359947066607
0.24846625766871167,0.22611744084136723,0.28352322524101664,0.24189307624890447
0.2540445999125492,0.22780935723655443,0.27678181023174464,0.24136423261915171
0.25278148642634624,0.22741433021806853,0.27325322652425454,0.24655095683133066
0.24779929577464788,0.22755281690140844,0.27816901408450706,0.24647887323943662
0.25410928476232786,0.22878720568636163,0.2785428698356286,0.23856063971568192
0.2587873462214411,0.23198594024604569,0.27240773286467485,0.23681898066783832
0.25519681556833257,0.23219814241486067,0.27200353825740825,0.24060150375939848
0.24989020641194554,0.22837066315327184,0.2841458058849363,0.2375933245498463
0.2531868131868132,0.22681318681318682,0.28395604395604396,0.23604395604395603
0.24989078200087375,0.22935779816513763,0.28440366972477066,0.236347750109218
0.2546093064091308,0.22695346795434593,0.28665496049165934,0.2317822651448639
0.25208974923009236,0.22745270567531897,0.2890453145622525,0.23141223053233612
0.2523281596452328,0.2221729490022173,0.28780487804878047,0.2376940133037694
0.2474636082928981,0.22937803264225848,0.28495809439788267,0.23820026466696073
0.24084693427437143,0.22717247463608292,0.2906925452139391,0.24128804587560654
0.23719912472647703,0.22582056892778993,0.29452954048140045,0.2424507658643326
0.23973509933774834,0.2260485651214128,0.2913907284768212,0.24282560706401765
0.23799126637554585,0.23842794759825328,0.28253275109170306,0.2410480349344978
0.23921742996887504,0.23254779902178746,0.2859048465984882,0.24232992441084927
0.23738481790258886,0.23124177270732776,0.28740675734971477,0.24396665204036858
0.2424778761061947,0.2331858407079646,0.2809734513274336,0.24336283185840707
0.23975319524019392,0.23314235345967388,0.28118113706478626,0.24592331423534597
0.2402111746590409,0.2388913330400352,0.28068631764188295,0.2402111746590409
0.23691215616681455,0.24179236912156166,0.27284826974267967,0.2484472049689441
0.23663101604278075,0.24376114081996436,0.27228163992869875,0.24732620320855614
0.23356704645048204,0.24583698510078877,0.275635407537248,0.24496056091148116
0.23179396092362345,0.23978685612788633,0.2775310834813499,0.2508880994671403
0.22879858657243815,0.2416077738515901,0.2773851590106007,0.25220848056537104
0.22227074235807862,0.24497816593886462,0.28253275109170306,0.25021834061135373
0.22314774221832528,0.2362998684787374,0.2766330556773345,0.2639193336256028
0.22546419098143236,0.23563218390804597,0.27453580901856767,0.26436781609195403
0.225976305397104,0.23387450636243967,0.2738043001316367,0.2663448881088197
0.23005729396209784,0.23975319524019392,0.2635522256500661,0.2666372851476421
0.23324514991181658,0.23941798941798942,0.263668430335097,0.263668430335097
0.2266902342023862,0.241714538223597,0.2708793636765356,0.2607158638974812
0.2237017310252996,0.2441189525077674,0.2720816688859299,0.2600976475810031
0.2294143549097314,0.23954205195948922,0.26860413914575076,0.2624394539850286
0.2287951283166594,0.24097433666811657,0.2657677250978686,0.2644628099173554
0.22487826471890218,0.23550243470562196,0.2731297034085879,0.266489597166888
0.23046002679767755,0.2344796784278696,0.2719964269763287,0.2630638677981242
0.23127753303964757,0.23083700440528634,0.27709251101321586,0.2607929515418502
0.229010989010989,0.22857142857142856,0.27824175824175823,0.2641758241758242
0.23390275952693823,0.23083661848445028,0.2781427945685502,0.25711782742006134
0.22876106194690266,0.23539823008849559,0.2752212389380531,0.2606194690265487
0.22764936764064544,0.23549934583515045,0.2769297863061492,0.25992150021805493
0.22965879265091863,0.2335958005249344,0.2764654418197725,0.26027996500437445
0.2338638373121132,0.24182139699381078,0.26790450928381965,0.2564102564102564
0.23925564909171468,0.24324324324324326,0.2614089499335401,0.256092157731502
0.23845138583369996,0.24153101627804663,0.26616805983282005,0.25384953805543337
0.2427142235754676,0.24314919530230536,0.2653327533710309,0.24880382775119617
0.2420494699646643,0.24337455830388693,0.26369257950530034,0.2508833922261484
0.24491600353669318,0.2453580901856764,0.26171529619805484,0.2480106100795756
0.24339788732394366,0.24867957746478872,0.25880281690140844,0.24911971830985916
0.24148471615720524,0.24934497816593887,0.2576419213973799,0.251528384279476
0.24923211935059236,0.24265028521281265,0.24879333040807372,0.2593242650285213
0.24835454146555508,0.23519087318999563,0.2544975866608161,0.26195699868363315
0.2472308373947718,0.24280017722640673,0.25431989366415597,0.2556490917146655
0.24812030075187969,0.23750552852720036,0.25254312251216277,0.2618310482087572
0.24395604395604395,0.2443956043956044,0.24923076923076923,0.2624175824175824
0.24281291463954002,0.248562582927908,0.24900486510393632,0.25961963732861565
0.2411660777385159,0.24381625441696114,0.2513250883392226,0.26369257950530034
0.24418093983311376,0.24286341677646026,0.2490118577075099,0.2639437856829161
0.24242424242424243,0.24777183600713013,0.25,0.25980392156862747
0.24482606781153676,0.24746807573756055,0.2509907529722589,0.2567151034786438
0.2440737489025461,0.24539069359086918,0.2489025460930641,0.26163301141352063
0.23875278396436525,0.25033407572383076,0.25033407572383076,0.26057906458797325
0.238556338028169,0.2535211267605634,0.24691901408450703,0.26100352112676056
0.23467137185707984,0.2562858403176004,0.25011027790030876,0.25893250992501105
0.22985468956406868,0.261558784676354,0.24834874504623514,0.26023778071334214
0.2294143549097314,0.25803610744165567,0.24966974900924702,0.2628797886393659
0.2273924495171203,0.26294995610184374,0.24934152765583845,0.2603160667251975
0.22833260008798945,0.2635283765948086,0.2503299604047514,0.2578090629124505
0.23053368328958881,0.2655293088363955,0.24453193350831146,0.2594050743657043
0.23346473937801138,0.26982041173894,0.24091108190976784,0.2558037669732808
0.2363556338028169,0.2737676056338028,0.23415492957746478,0.2557218309859155
0.22984942426926483,0.28565101860053144,0.2325066430469442,0.2519929140832595
0.23423817863397547,0.28677758318739055,0.23161120840630472,0.24737302977232925
0.23076923076923078,0.29406593406593406,0.22681318681318682,0.24835164835164836
0.23488168273444346,0.2909728308501315,0.22655565293602103,0.24758983347940403
0.23242530755711774,0.29173989455184535,0.22847100175746923,0.24736379613356765
0.23155103844454264,0.29429960229783475,0.2266902342023862,0.2474591250552364
0.23405191377034756,0.29564452265728114,0.22261328640563133,0.24769027716674
0.23056768558951965,0.29519650655021834,0.22270742358078602,0.251528384279476
0.22953736654804271,0.2944839857651246,0.22241992882562278,0.25355871886120995
0.23713154421469423,0.29168499780026397,0.21953365596128466,0.25164980202375714
0.23297180043383947,0.2980477223427332,0.220824295010846,0.24815618221258134
0.23707274320771254,0.29754601226993865,0.21910604732690622,0.2462751971954426
0.23150565709312446,0.3050478677110531,0.21409921671018275,0.24934725848563968
0.23547671840354767,0.29933481152993346,0.2155210643015521,0.24966740576496674
0.23820026466696073,0.2964269960299956,0.21702690780767533,0.24834583149536832
0.2378021978021978,0.2914285714285714,0.21978021978021978,0.250989010989011
0.23628318584070795,0.29513274336283185,0.21548672566371682,0.25309734513274335
0.23248686514886166,0.29071803852889666,0.21978984238178634,0.2570052539404553
0.2384076990376203,0.2878390201224847,0.22397200349956256,0.24978127734033245
0.23565484012264565,0.290407358738502,0.2137538326763031,0.26018396846254926
0.2422522915757311,0.28764731558271495,0.21475338280226974,0.2553470100392842
0.2344918609766828,0.2828860536735592,0.22085349758029035,0.26176858776946765
0.23513986013986013,0.2854020979020979,0.21853146853146854,0.26092657342657344
0.24177777777777779,0.2813333333333333,0.22177777777777777,0.2551111111111111
0.23839009287925697,0.2830605926581159,0.21671826625386997,0.2618310482087572
0.2352156514006225,0.2881280569141841,0.21609604268563806,0.2605602489995554
0.23421854592947322,0.2908141053548106,0.21201567261645624,0.2629516760992599
0.23707274320771254,0.2817703768624014,0.21297107800175286,0.26818580192813324
0.23305272485600353,0.28932210899424016,0.21178555604785113,0.2658396101019052
0.23194748358862144,0.2897155361050328,0.20962800875273524,0.2687089715536105
0.2368306486721811,0.2868959512407488,0.20983892033086635,0.26643447975620377
0.23539745278875715,0.2854633289415898,0.21563460693895475,0.2635046113306983
0.23232323232323232,0.2902942468159859,0.21870882740447958,0.25867369345630215
0.22646536412078153,0.2886323268206039,0.21536412078152753,0.26953818827708703
0.22591943957968477,0.2819614711033275,0.22591943957968477,0.266199649737303
0.22363796133567662,0.28471001757469244,0.22847100175746923,0.2631810193321617
0.2210944395410415,0.2872903795233892,0.2290379523389232,0.26257722859664606
0.23026025584472873,0.28363475959417733,0.2227613586237318,0.26334362593736216
0.2279541446208113,0.2808641975308642,0.22839506172839505,0.26278659611992944
0.22817025010969724,0.2759982448442299,0.22904782799473453,0.2667836770513383
0.22667829119442023,0.27201394943330426,0.23365300784655624,0.26765475152571927
0.2218804920913884,0.27548330404217924,0.23374340949033393,0.2688927943760984
0.21613327487943884,0.27356422621657167,0.2367382726874178,0.27356422621657167
0.21847635726795098,0.2692644483362522,0.23642732049036777,0.27583187390542907
0.22168356104010578,0.2741295724988982,0.23270163067430585,0.27148523578669015
0.2202276707530648,0.27714535901926446,0.22942206654991243,0.2732049036777583
0.22227112676056338,0.2755281690140845,0.2244718309859155,0.2777288732394366
0.22559366754617413,0.27132805628847845,0.23043095866314864,0.2726473175021988
0.22539543057996486,0.27768014059753954,0.22759226713532513,0.2693321616871705
0.22763507528786536,0.27723649247121346,0.22763507528786536,0.2674933569530558
0.22487826471890218,0.2815405046480744,0.23063302346170872,0.26294820717131473
0.22783143107989465,0.2791922739244952,0.22870939420544337,0.2642669007901668
0.2318969346956908,0.2798756108396268,0.22745446468236338,0.26077298978231894
0.2267313630348478,0.28495809439788267,0.22761358623731803,0.2606969563299515
0.22197705207413945,0.2903795233892321,0.22771403353927624,0.2599293909973522
0.21831925300133392,0.2925744775455758,0.22765673632725655,0.2614495331258337
0.21663019693654267,0.29146608315098466,0.2188183807439825,0.27308533916849015
0.2202276707530648,0.2850262697022767,0.21541155866900175,0.27933450087565675
0.2190137716570413,0.2794313638382941,0.22034651266103955,0.2812083518436251
0.2197466142420271,0.27916120576671033,0.21712538226299694,0.2839667977282656
0.22173339199296085,0.27936647602287723,0.21425428948526176,0.2846458424989001
0.22378854625550662,0.2801762114537445,0.20969162995594715,0.28634361233480177
0.22120017520805957,0.28777923784494086,0.21419185282522996,0.2768287341217696
0.22143489813994685,0.2860938883968113,0.2174490699734278,0.275022143489814
0.22378854625550662,0.27973568281938327,0.22026431718061673,0.2762114537444934
0.21916010498687663,0.2804024496937883,0.22397200349956256,0.2764654418197725
0.22291021671826625,0.27775320654577623,0.22291021671826625,0.2764263600176913
0.22236842105263158,0.2754385964912281,0.22763157894736843,0.27456140350877195
0.21721854304635763,0.2803532008830022,0.22560706401766004,0.2768211920529801
0.21760283060592658,0.27908005307386113,0.22467934542237947,0.2786377708978328
0.21947994711326577,0.28250330542089025,0.22036139268400176,0.2776553547818422
0.22104799647732276,0.2818141787758697,0.22501100836635843,0.27212681638044917
0.22084805653710246,0.2871024734982332,0.22217314487632508,0.2698763250883392
0.2283085013146363,0.2817703768624014,0.22042068361086767,0.26950043821209463
0.22354497354497355,0.2777777777777778,0.2244268077601411,0.2742504409171076
0.22717247463608292,0.27657697397441555,0.22540802823114248,0.27084252315835905
0.22992056487202117,0.2766990291262136,0.2210944395410415,0.2722859664607237
0.23218997361477572,0.27440633245382584,0.22515391380826738,0.26824978012313105
0.23776223776223776,0.2736013986013986,0.22115384615384615,0.2674825174825175
0.24068391056554142,0.2740026304252521,0.22051731696624288,0.2647961420429636
0.2375495813133539,0.26972234464521816,0.22300572939620977,0.26972234464521816
0.24164065983058403,0.2652697280427998,0.2255907267053054,0.26749888542131073
0.24265028521281265,0.26590609916630104,0.22553751645458534,0.26590609916630104
0.25055041831792163,0.2624394539850286,0.23029502421840597,0.2567151034786438
0.2496737712048717,0.2640278381905176,0.22662026968247065,0.25967812092214004
0.2483574244415243,0.26237406920718354,0.23039859833552342,0.2588699080157687
0.2478031634446397,0.2557117750439367,0.2359402460456942,0.26054481546572933
0.2436235708003518,0.2546174142480211,0.23790677220756376,0.2638522427440633
0.2453416149068323,0.2528837622005324,0.2360248447204969,0.2657497781721384
0.23641184268669907,0.2554131683605833,0.23994697304463103,0.2682280159080866
0.23920704845814977,0.2537444933920705,0.24008810572687225,0.2669603524229075
0.23824175824175825,0.26065934065934065,0.2356043956043956,0.2654945054945055
0.23761061946902653,0.26017699115044246,0.23716814159292035,0.2650442477876106
0.23786620026235242,0.25972890249234803,0.23218189768255357,0.270222999562746
0.2371766768960982,0.2569048662867163,0.2341078474353354,0.2718106093818501
0.2381160052333188,0.25556040122110774,0.23506323593545572,0.27126035761011774
0.240473061760841,0.2527376259307928,0.23390275952693823,0.2728865527814279
0.240958605664488,0.24836601307189543,0.23921568627450981,0.27145969498910677
0.2337604949182501,0.2607158638974812,0.23685373398144058,0.26866990720282813
0.23931247245482593,0.2604671661524901,0.23226090788893786,0.26795945350374617
0.24224977856510185,0.27147918511957486,0.23029229406554472,0.25597874224977857
0.23912087912087912,0.2742857142857143,0.23076923076923078,0.2558241758241758
0.2364358182620203,0.2734891927657697,0.23202470224966917,0.2580502867225408
0.23824312333629105,0.27107364685004437,0.2315882874889086,0.259094942324756
0.23729562527618206,0.27220503756076003,0.23773751657092354,0.2527618205921343
0.25044563279857396,0.2638146167557932,0.23172905525846701,0.2540106951871658
0.24185022026431718,0.26563876651982377,0.23876651982378855,0.2537444933920705
0.24235711120957024,0.2609658839167036,0.23881258307487815,0.25786442179884805
0.24562976243836845,0.25862841774988793,0.24383684446436577,0.2519049753473779
0.24658138509042787,0.2523158359064843,0.2439347154830172,0.2571680635200706
0.250771264874394,0.25782282944028206,0.2362274129572499,0.255178492728074
0.25876608965823344,0.2569906790945406,0.2268086995117621,0.2574345317354638
0.25507502206531335,0.25728155339805825,0.2294792586054722,0.2581641659311562
0.24944812362030905,0.25518763796909494,0.2304635761589404,0.26490066225165565
0.250996015936255,0.2536520584329349,0.22487826471890218,0.27047366091190794
0.24618070711479703,0.2614578786556089,0.22173723264949805,0.27062418158009605
0.2394303515798843,0.2576769025367156,0.22830440587449932,0.27458834000890076
0.24313551815766166,0.26483613817537643,0.22364924712134632,0.2683790965456156
0.2447089947089947,0.25925925925925924,0.23059964726631393,0.2654320987654321
0.2521853146853147,0.2543706293706294,0.23295454545454544,0.26048951048951047
0.2542299349240781,0.24989154013015186,0.23080260303687636,0.26507592190889373
0.2632046160674656,0.24900133155792276,0.22592099422991566,0.26187305814469597
0.2635761589403974,0.2467991169977925,0.22913907284768212,0.26048565121412803
0.2679362267493357,0.24800708591674048,0.2316209034543844,0.2524357838795394
0.26369257950530034,0.2513250883392226,0.23012367491166077,0.25485865724381623
0.26306543697848045,0.2490118577075099,0.233201581027668,0.2547211242863417
0.2663448881088197,0.24703817463799913,0.23650724001755155,0.25010969723562965
0.26950043821209463,0.24496056091148116,0.23751095530236635,0.24802804557405783
0.26710526315789473,0.24473684210526317,0.24166666666666667,0.24649122807017543
0.2657218777679362,0.2466784765279008,0.23604960141718334,0.25155004428697963
0.27025823686553874,0.2466607301869991,0.23909171861086376,0.2439893143365984
0.2719683655536028,0.2429701230228471,0.23725834797891038,0.2478031634446397
0.2769028871391076,0.2462817147856518,0.2357830271216098,0.2410323709536308
0.27570921985815605,0.23714539007092197,0.24645390070921985,0.24069148936170212
0.27763041556145,0.23342175066312998,0.2519893899204244,0.2369584438549956
0.27643703378674855,0.23124177270732776,0.25186485300570427,0.24045634050021938
0.27007943512797883,0.23477493380406,0.24801412180052956,0.2471315092674316
0.26290251433612705,0.23820026466696073,0.24569916188795765,0.25319805910895454
0.26701800614844096,0.2437417654808959,0.2437417654808959,0.24549846288976723
0.26859688195991094,0.2378619153674833,0.24587973273942093,0.24766146993318486
0.2663405958203646,0.24055135615829257,0.24232992441084927,0.25077812361049356
0.2687029659141213,0.23638778220451528,0.23904382470119523,0.2558654271801682
0.2693156732891832,0.2379690949227373,0.23841059602649006,0.2543046357615894
0.2728471001757469,0.23769771528998243,0.24472759226713534,0.24472759226713534
0.2643524699599466,0.2421005785491767,0.2394303515798843,0.25411659991099245
0.26926483613817537,0.24800708591674048,0.23649247121346323,0.2462356067316209
0.27132805628847845,0.24494283201407213,0.2339489885664028,0.2497801231310466
0.2702108963093146,0.2460456942003515,0.22451669595782073,0.2592267135325132
0.2711715664765248,0.24923211935059236,0.22817025010969724,0.25142606406318563
0.26429809358752165,0.25736568457538994,0.22746967071057192,0.25086655112651646
0.2639683238011439,0.2534095908490981,0.22657281126264847,0.25604927408710954
0.26223776223776224,0.25655594405594406,0.22596153846153846,0.25524475524475526
0.2668416447944007,0.2541557305336833,0.22440944881889763,0.2545931758530184
0.26320384111741596,0.25665648188563944,0.22959406372762986,0.2505456132693147
0.26444833625218916,0.2543782837127846,0.22942206654991243,0.2517513134851138
0.25939019001325675,0.2545293857711003,0.23110914714980116,0.25497127706584183
0.2536136662286465,0.2566798072711345,0.23039859833552342,0.25930792816469556
0.2546501328609389,0.25066430469441986,0.23427812223206376,0.2604074402125775
0.25342163355408387,0.25474613686534214,0.2326710816777042,0.25916114790286976
0.25442477876106195,0.2535398230088496,0.23097345132743363,0.2610619469026549
0.24541484716157205,0.25327510917030566,0.23799126637554585,0.2633187772925764
0.24527472527472527,0.2479120879120879,0.24263736263736263,0.2641758241758242
0.24371970030850595,0.255178492728074,0.2362274129572499,0.26487439400617013
0.23690004403346543,0.25011008366358434,0.23734037868780272,0.2756494936151475
0.24496056091148116,0.24758983347940403,0.2322524101665206,0.2751971954425942
0.23828296101620675,0.24529128339903636,0.2360928602715725,0.2803328953131844
0.24003504161191414,0.2457293035479632,0.23390275952693823,0.2803328953131844
0.24259832081307997,0.24259832081307997,0.2328767123287671,0.2819266460450729
0.24410849266340595,0.246776345042241,0.22810137839039574,0.2810137839039573
0.24361233480176211,0.24581497797356827,0.2290748898678414,0.28149779735682817
0.23786407766990292,0.24227714033539277,0.2290379523389232,0.2908208296557811
0.24019391802556192,0.24063464081092992,0.23226090788893786,0.2869105332745703
0.237928007023705,0.24802458296751537,0.2247585601404741,0.28928884986830555
0.23393091386095322,0.2514210756449497,0.22780935723655443,0.28683865325754265
0.22587816807469988,0.2512227656736327,0.23299244108492664,0.28990662516674076
0.22408469342743714,0.25363917071018965,0.23511248345831495,0.2871636524040582
0.2247686205376818,0.250771264874394,0.23402379903040987,0.2904363155575143
0.22735346358792186,0.25,0.23490230905861456,0.2877442273534636
0.23516386182462357,0.25066430469441986,0.22896368467670505,0.28520814880425155
0.23534558180227472,0.2440944881889764,0.23228346456692914,0.2882764654418198
0.2429701230228471,0.2429701230228471,0.22847100175746923,0.28558875219683655
0.23400525854513585,0.2467134092900964,0.22567922874671342,0.2936021034180543
0.23264949803579224,0.2544740288083806,0.22566564818856394,0.2872108249672632
0.22781456953642384,0.26136865342163357,0.2251655629139073,0.28565121412803535
0.2398409893992933,0.25618374558303886,0.21819787985865724,0.2857773851590106
0.2346442775077331,0.25850640742377373,0.21741051701281486,0.2894387980556783
0.22954444935869084,0.26846528084918175,0.21760283060592658,0.2843874391862008
0.24007060900264784,0.26610767872903796,0.21006178287731686,0.28375992939099737
0.2401592215833702,0.25961963732861565,0.21362229102167182,0.28659885006634234
0.2456839309428951,0.2598494909251881,0.21027003098716246,0.28419654714475434
0.25257040679481446,0.2530174340634779,0.21591417076441663,0.278497988377291
0.24923076923076923,0.2562637362637363,0.20967032967032967,0.28483516483516486
0.24330259112867808,0.25691699604743085,0.20992534036012298,0.2898550724637681
0.24197860962566844,0.2571301247771836,0.21524064171122995,0.285650623885918
0.2440423654015887,0.25507502206531335,0.2113857016769638,0.28949691085613416
0.24214254094732182,0.24922532093846836,0.21602478972996902,0.2926073483842408
0.24165202108963094,0.25,0.2139718804920914,0.29437609841827767
0.24363476733977174,0.2550482879719052,0.21378402107111502,0.28753292361720806
0.2515418502202643,0.24405286343612334,0.2118942731277533,0.29251101321585904
0.2505465675557499,0.240052470485352,0.2120682116309576,0.29733275032794054
0.2511993022241605,0.24509376362843435,0.20671609245529873,0.29699084169210643
0.24956369982547993,0.24956369982547993,0.20724258289703315,0.293630017452007
0.2535026269702277,0.2469352014010508,0.20884413309982486,0.29071803852889666
0.25558965366067515,0.24462954844366505,0.20517316966242877,0.29460762823323106
0.2527280663465735,0.24618070711479703,0.20427760803142733,0.2968136185072021
0.2520971302428256,0.24724061810154527,0.20485651214128037,0.2958057395143488
0.2491212653778559,0.2561511423550088,0.20298769771529,0.29173989455184535
0.2544818539571491,0.24836029733275033,0.20201136860515959,0.295146480104941
0.2509821038847665,0.2492361414229594,0.2047140986468791,0.29506765604539503
0.25098039215686274,0.24618736383442266,0.2,0.3028322440087146
0.2512056115738711,0.2476983779044279,0.20210434020166593,0.2989916703200351
0.25,0.23763250883392226,0.20273851590106007,0.30962897526501765
0.25442477876106195,0.24469026548672565,0.2,0.3008849557522124
0.2563540753724803,0.2397020157756354,0.20508326029798424,0.2988606485539001
0.24822695035460993,0.2375886524822695,0.20390070921985815,0.3102836879432624
0.25055728934462773,0.24074899687917967,0.207757467677218,0.30093624609897457
0.24911971830985916,0.2367957746478873,0.20906690140845072,0.3050176056338028
0.258446687143484,0.23299692847740236,0.21193505923650724,0.2966213251426064
0.25906509392747923,0.236347750109218,0.2092616863259065,0.29532546963739625
0.26525198938992045,0.23740053050397877,0.20689655172413793,0.29045092838196285
0.26637744034707156,0.2334056399132321,0.206941431670282,0.29327548806941434
0.2589676290463692,0.23709536307961504,0.2099737532808399,0.29396325459317585
0.2533215234720992,0.2382639503985828,0.21036315323294952,0.29805137289636846
0.24835164835164836,0.2413186813186813,0.20923076923076922,0.3010989010989011
0.2458943630714603,0.23923657345761207,0.21171770972037285,0.3031513537505548
0.2505533421868083,0.23771580345285526,0.21115537848605578,0.30057547587428063
0.2439347154830172,0.23820026466696073,0.21658579620644022,0.30127922364358184
0.24802804557405783,0.23707274320771254,0.2151621384750219,0.2997370727432077
0.2497793468667255,0.23698146513680493,0.21977052074139453,0.29346866725507503
0.24911816578483245,0.23765432098765432,0.2244268077601411,0.28880070546737213
0.25089605734767023,0.23700716845878136,0.22983870967741934,0.28225806451612906
0.2503293807641634,0.2375933245498463,0.2235397452788757,0.2885375494071146
0.2544897065265002,0.22952255803766974,0.22558037669732808,0.290407358738502
0.2531700918233494,0.23218189768255357,0.22999562745955401,0.28465238303454304
0.25187803800265135,0.23243482103402563,0.23110914714980116,0.2845779938135219
0.2527667109340416,0.22620628596724215,0.23107569721115537,0.28995130588756085
0.25629695095006627,0.22713212549712772,0.23022536456031817,0.28634555899248787
0.2574082264484741,0.22777532065457762,0.22998673153471916,0.2848297213622291
0.25692582663092045,0.22966934763181412,0.23815907059874888,0.2752457551385165
0.2590149516270888,0.2343887423043096,0.23218997361477572,0.27440633245382584
0.2639257294429708,0.23872679045092837,0.22723253757736517,0.27011494252873564
0.2714160839160839,0.229020979020979,0.2285839160839161,0.270979020979021
0.2673702726473175,0.22691292875989447,0.23482849604221637,0.27088830255057167
0.26327433628318586,0.22920353982300884,0.2327433628318584,0.27477876106194693
0.2663448881088197,0.22071083808688022,0.23475208424747696,0.2781921895568232
0.2701401050788091,0.21891418563922943,0.23555166374781086,0.2753940455341506
0.2726069695632995,0.21746801940891045,0.23908248786943095,0.27084252315835905
0.2701863354037267,0.21827861579414373,0.24711623779946762,0.26441881100266196
0.2737676056338028,0.2147887323943662,0.24163732394366197,0.269806338028169
0.2734132268086995,0.20905459387483355,0.24944518419884598,0.26808699511762096
0.28205128205128205,0.21043324491600354,0.24314765694076038,0.26436781609195403
0.2754700480979449,0.20638390905115872,0.2439877568867512,0.27415828596414515
0.2782685512367491,0.20185512367491165,0.24867491166077738,0.2712014134275618
0.2740871095468544,0.20545534535855697,0.24285085789705235,0.2776066871975363
0.2781954887218045,0.20566121185316233,0.23883237505528526,0.2773109243697479
0.2754650132860939,0.20283436669619131,0.2382639503985828,0.283436669619132
0.2702108963093146,0.20826010544815465,0.24165202108963094,0.27987697715289983
0.26973684210526316,0.2057017543859649,0.2469298245614035,0.2776315789473684
0.27200353825740825,0.20787262273330384,0.2410437859354268,0.27908005307386113
0.2750995134896064,0.20389208314904908,0.23927465723131358,0.28173374613003094
0.2773851590106007,0.20273851590106007,0.23719081272084805,0.2826855123674912
0.28244610646722396,0.1992960844698636,0.23845138583369996,0.2798064232292125
0.28350287483414416,0.19946926138876603,0.23883237505528526,0.2781954887218045
0.28145550197281893,0.1968434896975011,0.24199912319158265,0.27970188513809735
0.2815533980582524,0.19902912621359223,0.2436010591350397,0.2758164165931156
0.2815107597716293,0.19543258673693456,0.24462011418533158,0.2784365393061045
0.28160919540229884,0.1874447391688771,0.251105216622458,0.27984084880636606
0.2822902796271638,0.19130048823790502,0.24766977363515313,0.27873945849977805
0.29005281690140844,0.1892605633802817,0.24075704225352113,0.27992957746478875
0.2826655052264808,0.19642857142857142,0.23954703832752614,0.2813588850174216
0.28363475959417733,0.19497132774591971,0.24305249228054698,0.278341420379356
0.27674624226348365,0.19805481874447392,0.24491600353669318,0.28028293545534927
0.27432848965213563,0.19859092910612064,0.24614707177454867,0.2809335094671951
0.27340989399293286,0.20318021201413428,0.2495583038869258,0.27385159010600707
0.271015761821366,0.2097197898423818,0.24824868651488616,0.271015761821366
0.2637604579480405,0.21532364597093792,0.2523117569352708,0.26860413914575076
0.2698689956331878,0.21441048034934498,0.24366812227074236,0.2720524017467249
0.27388815499779834,0.21312197269925143,0.2413033905768384,0.2716864817261119
