C,D,Oc,Od
1.0,0.0,0.0,0.0
0.5,0.0,0.0,0.5
0.3333333333333333,0.0,0.0,0.6666666666666666
0.3333333333333333,0.0,0.05555555555555555,0.6111111111111112
0.2647058823529412,0.0,0.14705882352941177,0.5882352941176471
0.3076923076923077,0.038461538461538464,0.15384615384615385,0.5
0.25925925925925924,0.07407407407407407,0.13580246913580246,0.5308641975308642
0.26495726495726496,0.1282051282051282,0.15384615384615385,0.452991452991453
0.25,0.125,0.17857142857142858,0.44642857142857145
0.2692307692307692,0.14102564102564102,0.19658119658119658,0.39316239316239315
0.25696594427244585,0.15479876160990713,0.21981424148606812,0.3684210526315789
0.2429245283018868,0.18632075471698112,0.2240566037735849,0.3466981132075472
0.2551984877126654,0.2060491493383743,0.21739130434782608,0.32136105860113423
0.2530487804878049,0.21341463414634146,0.2225609756097561,0.31097560975609756
0.25753768844221103,0.21608040201005024,0.22613065326633167,0.30025125628140703
0.2738990332975295,0.21374865735767992,0.23200859291084855,0.280343716433942
0.2756119673617407,0.22212148685403446,0.23753399818676338,0.26473254759746145
0.2654798761609907,0.22678018575851394,0.24380804953560373,0.26393188854489164
0.2782006920415225,0.22768166089965397,0.24013840830449826,0.25397923875432526
0.2775384615384615,0.2276923076923077,0.2363076923076923,0.25846153846153846
0.2895927601809955,0.2228506787330317,0.23529411764705882,0.252262443438914
0.2868462757527734,0.2218700475435816,0.2324352879027998,0.2588483888008452
0.28727634194831014,0.2276341948310139,0.23161033797216699,0.25347912524850896
0.2925557136083452,0.22664770033191087,0.2233285917496444,0.2574679943100996
0.3025171624713959,0.22471395881006864,0.22334096109839818,0.2494279176201373
0.3013260173754001,0.22130772748056698,0.22908093278463648,0.24828532235939643
0.3020372010628875,0.22320637732506643,0.22807794508414525,0.2466784765279008
0.2964269960299956,0.22937803264225848,0.2262902514336127,0.2479047198941332
0.2885375494071146,0.233201581027668,0.22880983750548967,0.2494510320597277
0.29452954048140045,0.2301969365426696,0.2288840262582057,0.24638949671772428
0.28848698720776356,0.23864137626819584,0.23026025584472873,0.24261138067931187
0.2929602098819414,0.23305640577175338,0.2264975951027547,0.2474857892435505
0.2945326278659612,0.23236331569664903,0.22530864197530864,0.24779541446208111
0.28982300884955753,0.2327433628318584,0.23053097345132742,0.24690265486725663
0.28685612788632325,0.23845470692717585,0.22602131438721138,0.24866785079928952
0.2831509846827133,0.24157549234135667,0.22582056892778993,0.24945295404814005
0.28389084507042256,0.2367957746478873,0.22711267605633803,0.2522007042253521
0.2779469334493258,0.24097433666811657,0.21966072205306655,0.2614180078294911
0.28293545534924847,0.24491600353669318,0.22192749778956675,0.2502210433244916
0.27268722466960355,0.2497797356828194,0.22731277533039648,0.25022026431718064
0.27439824945295405,0.24551422319474836,0.22582056892778993,0.25426695842450764
0.27436347673397715,0.242756804214223,0.23046532045654083,0.252414398595259
0.2707597173144876,0.24734982332155478,0.22659010600706714,0.25530035335689044
0.2768211920529801,0.24150110375275938,0.2335540838852097,0.24812362030905077
0.27785175321793165,0.23923657345761207,0.23568575233022637,0.2472259209942299
0.2773882559158633,0.2427695004382121,0.23093777388255915,0.24890446976336547
0.2741003998223012,0.24300310972900932,0.2403376277210129,0.2425588627276766
0.27551467367498905,0.2413491020586947,0.23915900131406045,0.2439772229522558
0.28251318101933215,0.24121265377855888,0.23286467486818982,0.24340949033391915
0.28520499108734404,0.2428698752228164,0.23707664884135474,0.23484848484848486
0.2885375494071146,0.24154589371980675,0.23671497584541062,0.233201581027668
0.28690685413005274,0.23725834797891038,0.24077328646748683,0.23506151142355008
0.285336856010568,0.23866138265081463,0.2430647291941876,0.23293703214442976
0.2875441696113074,0.2398409893992933,0.2398409893992933,0.232773851590106
0.2868490732568402,0.23477493380406,0.2409532215357458,0.23742277140335394
0.2879120879120879,0.2320879120879121,0.2421978021978022,0.2378021978021978
0.28289473684210525,0.23859649122807017,0.24166666666666667,0.23684210526315788
0.2891141472014103,0.2384310268840899,0.2357866901718819,0.23666813574261789
0.29225352112676056,0.24163732394366197,0.2323943661971831,0.23371478873239437
0.29375276916260523,0.23969871510855117,0.23172352680549402,0.23482498892334958
0.29059080962800876,0.24463894967177244,0.22713347921225382,0.23763676148796498
0.2908770383428823,0.24195680916703394,0.2265315116791538,0.24063464081092992
0.29168499780026397,0.23669159700835898,0.23141223053233612,0.2402111746590409
0.2868352223190933,0.24803836094158674,0.22667829119442023,0.23844812554489975
0.29507475813544415,0.23790677220756376,0.22955145118733508,0.23746701846965698
0.2926722246599386,0.24177270732777534,0.22904782799473453,0.23650724001755155
0.2964912280701754,0.23903508771929824,0.23026315789473684,0.23421052631578948
0.30105170902716916,0.2331288343558282,0.2331288343558282,0.2326906222611744
0.3062665489849956,0.23168578993821712,0.22462488967343336,0.23742277140335394
0.3028972783143108,0.2414398595258999,0.22431957857769974,0.23134328358208955
0.3022026431718062,0.24405286343612334,0.2185022026431718,0.23524229074889869
0.30026338893766463,0.24100087796312555,0.21992976294995611,0.23880597014925373
0.2980132450331126,0.24944812362030905,0.2194260485651214,0.23311258278145697
0.2922192749778957,0.2484526967285588,0.22325375773651635,0.23607427055702918
0.2940125111706881,0.25335120643431636,0.21760500446827524,0.2350312779267203
0.29779735682819386,0.24537444933920705,0.22202643171806166,0.23480176211453743
0.2944542253521127,0.24031690140845072,0.22315140845070422,0.2420774647887324
0.2913732394366197,0.2363556338028169,0.23107394366197184,0.24119718309859156
0.29863855950812473,0.24418093983311376,0.22266139657444006,0.23451910408432147
0.3074235807860262,0.2279475982532751,0.225764192139738,0.2388646288209607
0.30799823243482105,0.22359699513919576,0.23331860362350862,0.2350861688024746
0.30993377483443707,0.22075055187637968,0.23002207505518762,0.2392935982339956
0.30630233583076244,0.21859850154252974,0.2357866901718819,0.23931247245482593
0.30698689956331876,0.21615720524017468,0.23755458515283842,0.23930131004366811
0.302683677958645,0.2190937087549494,0.2380114386273647,0.2402111746590409
0.2962313759859772,0.21998247151621383,0.23356704645048204,0.2502191060473269
0.30176211453744495,0.21938325991189428,0.2356828193832599,0.2431718061674009
0.30065645514223194,0.22275711159737419,0.2315098468271335,0.24507658643326038
0.3036419482229048,0.2198332602018429,0.23036419482229048,0.2461605967529618
0.30488341399032115,0.22613286405631325,0.22481302243730752,0.24417069951605808
0.3030436700485223,0.22981914424349362,0.2258491398323776,0.24128804587560654
0.30516014234875444,0.2353202846975089,0.22597864768683273,0.23354092526690393
0.3059239610963749,0.23607427055702918,0.22325375773651635,0.23474801061007958
0.2987588652482269,0.23537234042553193,0.225177304964539,0.24069148936170212
0.31042128603104213,0.23592017738359203,0.21197339246119734,0.24168514412416853
0.3132424109106907,0.23185217773867137,0.21249450065992082,0.2424109106907171
0.313215859030837,0.2290748898678414,0.21365638766519823,0.24405286343612334
0.3168273444347064,0.23707274320771254,0.2107800175284838,0.2353198948290973
0.31195079086115995,0.23681898066783832,0.2139718804920914,0.23725834797891038
0.30584642233856896,0.23036649214659685,0.21509598603839442,0.2486910994764398
0.3055922501100837,0.22985468956406868,0.2175253192426244,0.24702774108322326
0.306948109058927,0.22823218997361477,0.21328056288478453,0.2515391380826737
0.30691325407309555,0.2280933509467195,0.2192866578599736,0.24570673712021135
0.3073555166374781,0.22416812609457093,0.2180385288966725,0.2504378283712785
0.30979699911738745,0.22418358340688438,0.21932921447484555,0.24669020300088262
0.30385288966725044,0.22679509632224168,0.2224168126094571,0.2469352014010.28990.3080330.3749446657813192
0.22054915854738708,0.21346324180690876,0.18511957484499558,0.3808680248007086
0.21729490022172948,0.21286031042128603,0.18580931263858094,0.38403547671840355
0.22085349758029035,0.21381434227892654,0.18609766827980642,0.3792344918609767
0.2204724409448819,0.21434820647419073,0.18853893263342084,0.3766404199475066
0.2222222222222222,0.21828521434820647,0.18678915135608049,0.37270341207349084
0.22168356104010578,0.21727633318642575,0.18951079770824153,0.371529308065227
0.21646746347941567,0.2182381584772023,0.19256308100929614,0.37273129703408586
0.21535745807590467,0.22550750220653135,0.1910856134157105,0.3680494263018535
0.21554770318021202,0.22128975265017667,0.1881625441696113,0.375
0.21766004415011037,0.22781456953642384,0.18233995584988963,0.37218543046357616
0.21453590192644484,0.23073555166374782,0.18870402802101577,0.3660245183887916
0.2179715302491103,0.22686832740213522,0.18816725978647686,0.3669928825622776
0.21766004415011037,0.2269315673289183,0.19072847682119207,0.36467991169977926
0.21560035056967572,0.2287467134092901,0.18930762489044697,0.3663453111305872
0.21598939929328623,0.2248233215547703,0.18992932862190812,0.36925795053003535
0.21710234824988922,0.22640673460345592,0.1843154630039876,0.3721754541426673
0.2166446499339498,0.22413033905768384,0.18890356671070013,0.3703214442976662
0.2223194748358862,0.22800875273522975,0.1886214442013129,0.3610503282275711
0.2260334212840809,0.227792436235708,0.18777484608619174,0.35839929639401935
0.2222222222222222,0.23236331569664903,0.1948853615520282,0.3505291005291005
0.223841059602649,0.2370860927152318,0.19735099337748344,0.34172185430463575
0.22427440633245382,0.23043095866314864,0.19788918205804748,0.34740545294635006
0.2246891651865009,0.23357015985790408,0.19715808170515098,0.34458259325044405
0.22761358623731803,0.22849580943978826,0.19894133215703572,0.34494927216585797
0.23114035087719298,0.23464912280701755,0.19166666666666668,0.3425438596491228
0.22683142100617829,0.23300970873786409,0.19285083848190646,0.3473080317740512
0.23475208424747696,0.22948661693725317,0.19043440105309345,0.3453268977621764
0.23043288150415392,0.22693484914735462,0.19326628771316134,0.3493659816353301
0.23154215814766274,0.23328964613368283,0.1891655744866754,0.34600262123197906
0.2339489885664028,0.22691292875989447,0.1917326297273527,0.34740545294635006
0.23440285204991088,0.22549019607843138,0.19340463458110516,0.34670231729055256
0.23777777777777778,0.22177777777777777,0.19333333333333333,0.3471111111111111
0.23199292973928415,0.21696862571807335,0.19619973486522316,0.3548387096774194
0.23240371845949534,0.21956617972554227,0.18902169101372288,0.35900841080123946
0.22917584839136185,0.21639488761568973,0.19127368884971352,0.36315557514323493
0.23015521064301553,0.21773835920177384,0.18891352549889134,0.3631929046563193
0.22900088417329797,0.22148541114058357,0.1909814323607427,0.35853227232537577
0.22650709219858156,0.22429078014184398,0.19592198581560283,0.3532801418439716
0.2335249889429456,0.2260061919504644,0.19327731092436976,0.3471915081822203
0.23022536456031817,0.23066725585505965,0.19973486522315512,0.3393725143614671
0.22935779816513763,0.23328964613368283,0.19746614242027086,0.3398864132809087
0.2322695035460993,0.23581560283687944,0.19636524822695037,0.3355496453900709
0.22814685314685315,0.23382867132867133,0.20279720279720279,0.3352272727272727
0.22377622377622378,0.23907342657342656,0.19886363636363635,0.3382867132867133
0.22869565217391305,0.22826086956521738,0.20304347826086958,0.34
0.22490135905304692,0.22972380534853135,0.20298114861902675,0.342393686979395
0.22460595446584938,0.23336252189141857,0.2044658493870403,0.3375656742556918
0.22369000440334655,0.23381770145310435,0.20607661822985468,0.3364156759136944
0.22852081488042517,0.22984942426926483,0.20106288751107174,0.34056687333923824
0.23114247904719895,0.23026025584472873,0.21041023378914867,0.3281870313189237
0.22859664607237423,0.2321270962047661,0.2091791703442189,0.3300970873786408
0.23516579406631763,0.22643979057591623,0.20898778359511344,0.3294066317626527
0.22945054945054946,0.2254945054945055,0.20703296703296703,0.33802197802197803
0.22735268249780125,0.2233948988566403,0.20932277924362358,0.33992963940193494
0.2290748898678414,0.22466960352422907,0.2052863436123348,0.3409691629955947
0.233392382639504,0.22807794508414525,0.20150575730735165,0.33702391496899914
0.23026602703881377,0.22372437854339294,0.20453554295682513,0.34147405146096815
0.22948661693725317,0.22378236068451074,0.20184291355857834,0.34488810881965776
0.2307353588727433,0.2280933509467195,0.19374724790841039,0.3474240422721268
0.23683045595396193,0.22399291722000886,0.19167773351040282,0.3474988933156264
0.23899647887323944,0.2244718309859155,0.19190140845070422,0.34463028169014087
0.23490524460114587,0.2260907888937858,0.1868664609960335,0.35213750550903483
0.23954703832752614,0.22081881533101044,0.18989547038327526,0.34973867595818814
0.24406332453825857,0.2167985927880387,0.19217238346525944,0.3469656992084433
0.24062772449869224,0.22319093286835223,0.18482999128160418,0.35135135135135137
0.2458001768346596,0.22148541114058357,0.1839080459770115,0.34880636604774534
0.24933920704845816,0.21585903083700442,0.18458149779735683,0.3502202643171806
0.25100133511348466,0.2131731197151758,0.19003115264797507,0.34579439252336447
0.25043630017452007,0.2107329842931937,0.1893542757417103,0.3494764397905759
0.2516469038208169,0.21212121212121213,0.18664909969257795,0.3495827843653931
0.25809273840769903,0.21128608923884515,0.18722659667541558,0.34339457567804027
0.2579225352112676,0.21038732394366197,0.1892605633802817,0.34242957746478875
0.25428194993412384,0.21124286341677645,0.1932367149758454,0.3412384716732543
0.2520971302428256,0.21545253863134659,0.18940397350993377,0.343046357615894
0.247791519434629,0.21598939929328623,0.19522968197879859,0.3409893992932862
0.25384953805543337,0.21601407831060274,0.19665640123185218,0.33347998240211174
0.25244879786286734,0.2195013357079252,0.19545859305431879,0.3325912733748887
0.2555066079295154,0.21762114537444935,0.2,0.32687224669603526
0.25877192982456143,0.2179824561403509,0.20087719298245615,0.3223684210526316
0.25862822193097423,0.21799912625600698,0.19397116644823068,0.32940148536478814
0.2641093474426808,0.22134038800705466,0.1900352733686067,0.32451499118165783
0.26619343389529726,0.21872227151730259,0.19343389529724933,0.3216503992901508
0.2712906057945566,0.218612818261633,0.18964003511852504,0.32045654082528535
0.2679824561403509,0.21929824561403508,0.19210526315789472,0.3206140350877193
0.2709074733096085,0.22197508896797152,0.1943950177935943,0.3127224199288256
0.2652613087395696,0.22266139657444006,0.1971892841458059,0.31488801054018445
0.27252843394575677,0.2204724409448819,0.1889763779527559,0.31802274715660545
0.27472527472527475,0.22241758241758242,0.18637362637362637,0.31648351648351647
0.27855887521968364,0.22100175746924428,0.18760984182776802,0.31282952548330406
0.28375387339530767,0.22355024347056218,0.1845949535192563,0.30810092961487384
0.2795085563843791,0.22202720491443614,0.1899956121105748,0.3084686265906099
0.27733686067019403,0.22310405643738976,0.19268077601410935,0.30687830687830686
0.2773626373626374,0.2189010989010989,0.19692307692307692,0.3068131868131868
0.27927529827662395,0.21696862571807335,0.1939902783915157,0.30976579761378703
0.28217602830605926,0.21229544449358692,0.1968155683325962,0.3087129588677576
0.281794425087108,0.22168989547038329,0.18989547038327526,0.30662020905923343
0.2830687830687831,0.21693121693121692,0.1935626102292769,0.3064373897707231
0.2882843352347521,0.21193505923650724,0.19131197893813076,0.3084686265906099
0.2923617208077261,0.20719929762949957,0.19315188762071994,0.30728709394205445
0.29352137505509035,0.20890260026443366,0.1890700749228735,0.3085059497576025
0.30158730158730157,0.20899470899470898,0.18474426807760141,0.304673721340388
0.2944542253521127,0.20950704225352113,0.18838028169014084,0.3076584507042254
0.29416884247171454,0.20844212358572672,0.18624891209747607,0.311140121845082660.230.211170.22659660.20421607378129117,0.181379007465964,0.32191480017566976
0.2894387980556783,0.207688908528502,0.1811754308440124,0.32169686257180735
0.29524232992441085,0.20275678079146287,0.1809693196976434,0.3210315695864829
0.29170344218887906,0.20476610767872905,0.18005295675198588,0.323477493380406
0.29396325459317585,0.2069116360454943,0.17716535433070865,0.3219597550306212
0.2922802320392682,0.20928157072735387,0.1749219098616689,0.32351628737170907
0.29063604240282687,0.20053003533568906,0.18065371024734983,0.3281802120141343
0.2876712328767123,0.20150243040212107,0.1811754308440124,0.32965090587715423
0.29215943933420935,0.19973718791064388,0.17783618046430136,0.3302671922908454
0.2843956043956044,0.20087912087912088,0.18637362637362637,0.3283516483516484
0.27964989059080964,0.20043763676148796,0.18818380743982493,0.33172866520787747
0.28609039052215884,0.20447564721369021,0.18385256691531374,0.32558139534883723
0.28439964943032425,0.2007011393514461,0.18448729184925505,0.33041191936897457
0.2888102609464839,0.19725785050862452,0.1760283060592658,0.33790358248562585
0.28533214444939814,0.19527418635755683,0.17565760142666073,0.3437360677663843
0.28527336860670194,0.19620811287477954,0.17857142857142858,0.33994708994708994
0.28660159716060335,0.1974267968056788,0.17968056787932565,0.3362910381543922
0.28163444639718804,0.20518453427065025,0.17706502636203866,0.336115992970123
0.282311424790472,0.20820467578297308,0.17071018967798854,0.3387737097485664
0.27557683935568134,0.21245102307357422,0.173704832390074,0.33826730518067044
0.27132125497127707,0.21343349536014142,0.17101193106495802,0.3442333186036235
0.27300613496932513,0.21910604732690622,0.17002629272567923,0.3378615249780894
0.2747156605424322,0.21566054243219598,0.16885389326334208,0.34076990376202976
0.2749778956675508,0.21308576480990274,0.17108753315649866,0.34084880636604775
0.2709424083769634,0.21902268760907503,0.16797556719022688,0.34205933682373474
0.2770448548812665,0.2185576077396658,0.16534740545294635,0.3390501319261214
0.2799646174259177,0.21804511278195488,0.16585581601061478,0.33613445378151263
0.27972027972027974,0.22202797202797203,0.1652097902097902,0.333041958041958
0.2782956058588549,0.22237017310252996,0.16866400355082112,0.33067021748779407
0.2774846086191733,0.22735268249780125,0.16578715919085313,0.32937554969217236
0.27586206896551724,0.22872108249672632,0.16761239633347882,0.3278044522042776
0.28,0.229010989010989,0.16747252747252747,0.32351648351648354
0.28590308370044054,0.23039647577092512,0.16211453744493393,0.32158590308370044
0.2842197035745423,0.22842197035745423,0.16608544027898867,0.3212728857890148
0.2854001759014952,0.23131046613896217,0.16314863676341249,0.3201407211961302
0.2921646746347942,0.2319610447100487,0.16290393979637008,0.31297034085878706
0.2960352422907489,0.2290748898678414,0.16255506607929515,0.31233480176211453
0.29043478260869565,0.22956521739130434,0.16608695652173913,0.3139130434782609
0.29157476841640934,0.2267313630348478,0.16188795765328629,0.31980591089545657
0.2955947136563877,0.22070484581497798,0.16431718061674008,0.31938325991189426
0.2853380158033363,0.228270412642669,0.16505706760316066,0.32133450395083407
0.2795936395759717,0.23056537102473498,0.16607773851590105,0.32376325088339225
0.279754062362758,0.22529644268774704,0.16952129995608256,0.3254281949934124
0.2809335094671951,0.21840598855129897,0.1686481726111845,0.33201232937032144
0.28232189973614774,0.22075637642919965,0.16314863676341249,0.3337730870712401
0.28003533568904593,0.22217314487632508,0.1704946996466431,0.32729681978798586
0.27380952380952384,0.22178130511463845,0.17328042328042328,0.33112874779541446
0.27586206896551724,0.22015915119363394,0.17064544650751548,0.3333333333333333
0.2702222222222222,0.22533333333333333,0.16844444444444445,0.336
0.2653965440850687,0.2259636685866194,0.17190961453256534,0.3367301727957466
0.2747156605424322,0.21828521434820647,0.1784776902887139,0.32852143482064744
0.27036547776309994,0.22545134302069572,0.18185821224130339,0.32232496697490093
0.2674008810572687,0.22334801762114537,0.18370044052863435,0.32555066079295153
0.2682291666666667,0.22352430555555555,0.18446180555555555,0.3237847222222222
0.2686436982119494,0.2211077191452246,0.18665503706934147,0.3235935455734845
0.27534307215582116,0.2204515272244356,0.18503762726870296,0.3191677733510403
0.27701808557565066,0.21702690780767533,0.18306131451257168,0.32289369210410235
0.2761820592134335,0.21741051701281486,0.18338488731771985,0.3230225364560318
0.28329621380846326,0.21380846325167038,0.18129175946547885,0.3216035634743875
0.2902942468159859,0.2090469916556873,0.1831357048748353,0.31752305665349145
0.2860915492957746,0.20906690140845072,0.18794014084507044,0.31690140845070425
0.28702892199824714,0.21253286590709902,0.18448729184925505,0.3159509202453988
0.2859641451683428,0.21075644949715786,0.184958460865763,0.3183209444687363
0.289740202553941,0.21180096873623955,0.18538088947600176,0.3130779392338177
0.28136042402826855,0.2124558303886926,0.19125441696113074,0.31492932862190814
0.28824833702882485,0.20266075388026608,0.1893569844789357,0.3197339246119734
0.28521281263712156,0.20666959192628345,0.1882404563405002,0.3198771390960948
0.2871024734982332,0.20759717314487633,0.1877208480565371,0.31757950530035334
0.2871111111111111,0.2071111111111111,0.1791111111111111,0.32666666666666666
0.2881729920564872,0.2082965578111209,0.18270079435127978,0.3208296557811121
0.2900394910048267,0.20491443615620886,0.18473014480035102,0.3203159280386134
0.2928321678321678,0.20367132867132867,0.18444055944055945,0.31905594405594406
0.2874779541446208,0.20679012345679013,0.19135802469135801,0.31437389770723106
0.29137010676156583,0.20596085409252668,0.18816725978647686,0.3145017793594306
0.28995130588756085,0.20407259849490925,0.18725099601593626,0.3187250996015936
0.2936263736263736,0.2043956043956044,0.18461538461538463,0.31736263736263737
0.289925208974923,0.2067751869775627,0.19049714034315882,0.3128024637043555
0.28906595838866755,0.2067286409915892,0.1845949535192563,0.3196104471004869
0.28520814880425155,0.20903454384410983,0.18423383525243578,0.32152347209920284
0.28217602830605926,0.21229544449358692,0.18398938522777533,0.3215391419725785
0.2826761187416925,0.21267168808152415,0.1843154630039876,0.32033673017279574
0.2872340425531915,0.20656028368794327,0.18173758865248227,0.324468085106383
0.2891939769707706,0.21169176262178918,0.18157661647475642,0.3175376439326838
0.28615384615384615,0.21494505494505495,0.1824175824175824,0.31648351648351647
0.28835164835164834,0.21846153846153846,0.1753846153846154,0.3178021978021978
0.2781954887218045,0.22246793454223796,0.17470145953118088,0.32463511720477667
0.28277972027972026,0.21896853146853146,0.17526223776223776,0.32298951048951047
0.27570921985815605,0.21941489361702127,0.1799645390070922,0.3249113475177305
0.2772190642763446,0.21512898994315696,0.18583296895496285,0.3218189768255356
0.27841409691629954,0.21894273127753303,0.18237885462555067,0.32026431718061676
0.2753178430512933,0.21876370013152127,0.18851380973257342,0.317404647084612
0.2742857142857143,0.21802197802197804,0.19736263736263737,0.31032967032967035
0.2757255936675462,0.21767810026385223,0.19700967458223395,0.3095866314863676
0.27580225498699046,0.21639202081526454,0.191673894189072,0.316131830008673
0.2774108322324967,0.21312197269925143,0.1950682518714223,0.3143989431968296
0.267927848658161,0.20985481742190937,0.20061592608886933,0.3216014078310603
0.2712087912087912,0.21318681318681318,0.19472527472527473,0.3208791208791209
0.2744410346339325,0.21306444541867603,0.19640508548882069,0.3160894344585708
0.27403846153846156,0.21853146853146854,0.19187062937062938,0.3155594405594406
0.2635726795096322,0.21453590192644484,0.1957092819614711,0.3261821366024518
0.2617777777777778,0.21911111111111112,0.19155555555555556,0.32755555555555554
0.2571053782247486,0.22562308701355488,0.19370354175776125,0.3235679930039353
0.2507726269315673,0.23178807947019867,0.19426048565121412,0.32317880794701986
0.24615384615384617,0.23648351648351648,0.10.3328960.0.24363476733977174,0.2550482879719052
0.27445772465692786,0.23461708720672864,0.24258521469676847,0.24833997343957503
0.2756324900133156,0.23568575233022637,0.23879272081668887,0.2498890368397692
0.2819614711033275,0.2329246935201401,0.239492119089317,0.2456217162872154
0.2859025032938076,0.22880983750548967,0.23978919631093545,0.24549846288976723
0.28932461873638343,0.22745098039215686,0.23877995642701524,0.24444444444444444
0.2922192749778957,0.23121131741821396,0.23121131741821396,0.2453580901856764
0.2993377483443709,0.22163355408388521,0.23178807947019867,0.24724061810154527
0.29717813051146386,0.21649029982363316,0.23368606701940034,0.2526455026455027
0.29295154185022027,0.21365638766519823,0.2365638766519824,0.25682819383259914
0.29342105263157897,0.21666666666666667,0.24385964912280703,0.24605263157894736
0.2976294995610184,0.21729587357330993,0.24100087796312555,0.2440737489025461
0.2967462039045553,0.217353579175705,0.24164859002169198,0.24425162689804772
0.30274822695035464,0.2127659574468085,0.24113475177304963,0.24335106382978725
0.29780701754385963,0.20789473684210527,0.24605263157894736,0.2482456140350877
0.30368098159509205,0.20201577563540754,0.24408413672217352,0.2502191060473269
0.29780701754385963,0.20964912280701756,0.24298245614035088,0.24956140350877193
0.2947181535730138,0.2072791833111407,0.25122059476253883,0.2467820683533067
0.29626373626373625,0.20703296703296703,0.24967032967032968,0.24703296703296704
0.30455740578439966,0.20508326029798424,0.24583698510078877,0.24452234881682736
0.2988100484795064,0.20978404583516969,0.250330542089026,0.24107536359629794
0.297787610619469,0.2084070796460177,0.2504424778761062,0.24336283185840707
0.29592284085927223,0.20341955282770716,0.2512056115738711,0.2494519947391495
0.29623059866962304,0.20709534368070953,0.24789356984478936,0.24878048780487805
0.2901805372082783,0.2073976221928666,0.2509907529722589,0.2514310876265962
0.28735632183908044,0.20468611847922194,0.2572944297082228,0.2506631299734748
0.2867225408028231,0.2051168945743273,0.25319805910895454,0.254962505513895
0.2911169744942832,0.20800351802990324,0.2497801231310466,0.2510993843447669
0.28887904297740363,0.2042534337616305,0.2516614975631369,0.25520602569782896
0.2906772207563764,0.20668425681618294,0.25241864555848725,0.25021987686895336
0.28452433143358175,0.208680403331872,0.2569048662867163,0.2498903989478299
0.29699084169210643,0.20279110335804623,0.25250763192324466,0.2477104230266027
0.2909011373578303,0.20866141732283464,0.25196850393700787,0.2484689413823272
0.29455662862159787,0.2032484635645303,0.252414398595259,0.2497805092186128
0.293909973521624,0.20388349514563106,0.2528684907325684,0.24933804060017653
0.2905375388716126,0.20079964460239894,0.25721901377165707,0.2514438027543314
0.2841409691629956,0.2066079295154185,0.26563876651982377,0.24361233480176211
0.2857771906649053,0.20915896081021576,0.2637604579480405,0.2413033905768384
0.27596830985915494,0.21390845070422534,0.2680457746478873,0.2420774647887324
0.2833260008798944,0.21381434227892654,0.26704795424549055,0.2358117025956885
0.2792122538293217,0.21663019693654267,0.26958424507658646,0.23457330415754923
0.2882172579938677,0.21156373193166886,0.2680683311432326,0.23215067893123084
0.28702892199824714,0.21209465381244522,0.26818580192813324,0.2326906222611744
0.2898486197684773,0.20926090828138913,0.26669634906500445,0.2341941228851291
0.28771316134674246,0.20376038478355923,0.2763445561871447,0.23218189768255357
0.28277071459886016,0.20122753178430514,0.2779482683033757,0.23805348531345902
0.28104286345558993,0.20150243040212107,0.2770658418029165,0.2403888643393725
0.2801762114537445,0.20044052863436124,0.2788546255506608,0.24052863436123348
0.28374777975133214,0.1980461811722913,0.2810834813499112,0.23712255772646537
0.2832369942196532,0.19786571809693196,0.2810137839039573,0.23788350377945755
0.285586791610888,0.19321731369924142,0.2820169567157519,0.2391789379741187
0.2814292015880018,0.19761799735333038,0.2853992059991178,0.23555359505955006
0.2812089356110381,0.1988611476127902,0.2882172579938677,0.231712658782304
0.28189390618149934,0.19465146865409907,0.2981148619026743,0.2253397632617273
0.28779840848806365,0.1900972590627763,0.29442970822281167,0.22767462422634838
0.2855245683930943,0.1983178397521027,0.28596724214254093,0.23019034971226207
0.282311424790472,0.19761799735333038,0.28451698279664756,0.23555359505955006
0.2874015748031496,0.19378827646544183,0.28258967629046366,0.23622047244094488
0.28596568411790585,0.1935767707875055,0.2820061592608887,0.23845138583369996
0.2807017543859649,0.19649122807017544,0.2850877192982456,0.23771929824561402
0.283311199645861,0.19477644975652944,0.28021248339973437,0.24169986719787517
0.2852158744003489,0.19014391626689925,0.2847797645006542,0.2398604448320977
0.28590192644483364,0.19176882661996497,0.28283712784588444,0.239492119089317
0.28314310798946446,0.1874451273046532,0.2906057945566286,0.23880597014925373
0.2828282828282828,0.18840579710144928,0.287659200702679,0.24110671936758893
0.27908005307386113,0.19283502874834144,0.2901371074745688,0.23794781070322865
0.27920353982300883,0.19424778761061948,0.2853982300884956,0.2411504424778761
0.27718832891246686,0.1976127320954907,0.28293545534924847,0.242263483642794
0.27709251101321586,0.19251101321585903,0.28590308370044054,0.2444933920704846
0.2728888888888889,0.19066666666666668,0.29244444444444445,0.244
0.2760898282694848,0.18626155878467635,0.2915015411712902,0.24614707177454867
0.2754650132860939,0.18644818423383525,0.2967227635075288,0.24136403897254208
0.2801953818827709,0.18605683836589698,0.2912966252220249,0.2424511545293073
0.27726675427069647,0.19053876478318002,0.28996933858957513,0.2422251423565484
0.2841262783459315,0.19164072921298356,0.2876834148510449,0.23654957759004003
0.28169014084507044,0.18882042253521128,0.2935739436619718,0.23591549295774647
0.2752091589608102,0.19154557463672392,0.2954645530603259,0.23778071334214002
0.2774390243902439,0.19599303135888502,0.28353658536585363,0.24303135888501742
0.2779003087781209,0.19497132774591971,0.28848698720776356,0.23864137626819584
0.2734065934065934,0.19032967032967033,0.2927472527472528,0.24351648351648353
0.27352682497801234,0.18733509234828497,0.2941952506596306,0.24494283201407213
0.2770979020979021,0.18924825174825174,0.28321678321678323,0.2504370629370629
0.2791411042944785,0.19062226117440842,0.28264680105170903,0.24758983347940403
0.27678181023174464,0.1880192391779624,0.29121119370354176,0.2439877568867512
0.27702407002188184,0.18818380743982493,0.287527352297593,0.24726477024070023
0.28058510638297873,0.1804078014184397,0.2894503546099291,0.2495567375886525
0.28157894736842104,0.17894736842105263,0.2864035087719298,0.2530701754385965
0.2728471001757469,0.18321616871704746,0.28778558875219684,0.2561511423550088
0.2743131269079808,0.18273004797208897,0.2856519843000436,0.25730484081988664
0.2680457746478873,0.18838028169014084,0.2878521126760563,0.2557218309859155
0.2730480811645346,0.18923687692986327,0.2867225408028231,0.250992501102779
0.27555945590171127,0.18736287845546293,0.2878455462922334,0.24923211935059236
0.2704126426690079,0.18700614574187885,0.2844600526777875,0.2581211589113257
0.2667257421355782,0.19716437749224636,0.27957465662383696,0.2565352237483385
0.2678809418036428,0.19857840959573522,0.27498889382496666,0.2585517547756553
0.26375545851528387,0.19868995633187772,0.2790393013100437,0.25851528384279476
0.2713722051731697,0.20166593599298555,0.27005699254712845,0.2569048662867163
0.2741652021089631,0.20518453427065025,0.2640597539543058,0.2565905096660808
0.27165354330708663,0.205161854768154,0.2677165354330709,0.2554680664916885
0.27164835164835166,0.20703296703296703,0.26373626373626374,0.25758241758241757
0.27145969498910677,0.21002178649237474,0.26492374727668844,0.25359477124183005
0.2711267605633803,0.20422535211267606,0.2720070422535211,0.25264084507042256
0.2691292875989446,0.20360598065083554,0.2796833773087071,0.24758135444151275
0.26522506619594,0.20388349514563106,0.27758164165931154,0.2533097969991174
0.269572953730.170.0.2001779359430605,0.27669039145907476,0.25355871886120995
0.266636891469406,0.20500223313979454,0.2782492184010719,0.25011165698972754
0.2662565905096661,0.20738137082601055,0.27987697715289983,0.24648506151142355
0.26948480845442535,0.2051959489211801,0.2848965213562307,0.2404227212681638
0.26821773485513606,0.2054433713784021,0.28270412642669007,0.24363476733977174
0.2641758241758242,0.2057142857142857,0.28,0.2501098901098901
0.2726473175021988,0.2088830255057168,0.27352682497801234,0.24494283201407213
0.2741295724988982,0.21330982811811372,0.2719259585720582,0.24063464081092992
0.27256715103478646,0.2162043152796125,0.26992514310876264,0.2413033905768384
0.2692822113241195,0.20820329915292018,0.2719572001783326,0.25055728934462773
0.2740447957839262,0.2028985507246377,0.27448397013614406,0.24857268335529206
0.2647961420429636,0.2104340201665936,0.27093380096448927,0.2538360368259535
0.2686369651521835,0.2011468901632113,0.2695191883546537,0.2606969563299515
0.26974267968056787,0.20452528837622005,0.2732919254658385,0.2524401064773736
0.2707501109631602,0.2041722148246782,0.26808699511762096,0.2569906790945406
0.2675187307183781,0.20625826355222565,0.27148523578669015,0.254737769942706
0.2702702702702703,0.2066259808195292,0.2715780296425458,0.25152571926765477
0.26940035273368607,0.21604938271604937,0.26675485008818345,0.24779541446208111
0.2725255215268531,0.21615623612960497,0.26276076342654237,0.24855747891699956
0.2677234698370762,0.21796565389696168,0.26904447380008806,0.24526640246587406
0.26631393298059963,0.2156084656084656,0.2777777777777778,0.24029982363315697
0.2732072151341839,0.21293444786625604,0.278926528816542,0.23493180818301804
0.27408056042031526,0.21978984238178634,0.271015761821366,0.2351138353765324
0.27200353825740825,0.21583370190181336,0.27333038478549315,0.23883237505528526
0.2783641160949868,0.21328056288478453,0.2669305189094107,0.24142480211081793
0.2760898282694848,0.22192866578599735,0.2628797886393659,0.23910171730515192
0.27657697397441555,0.21305690339655933,0.2642258491398324,0.24614027348919276
0.271960958296362,0.21162377994676132,0.2604259094942325,0.2559893522626442
0.2756043956043956,0.21362637362637363,0.2562637362637363,0.2545054945054945
0.27393030436700483,0.21746801940891045,0.2479047198941332,0.2606969563299515
0.27011494252873564,0.20778072502210435,0.2568523430592396,0.26525198938992045
0.27440633245382584,0.2075637642919965,0.25505716798592787,0.26297273526824977
0.27308707124010556,0.20800351802990324,0.25725593667546176,0.2616534740545295
0.28188214599824096,0.20668425681618294,0.2563764291996482,0.25505716798592787
0.28178998670801947,0.21355782011519717,0.2521045635799734,0.25254762959680993
0.28338475099162624,0.21066549140590568,0.251211987659762,0.254737769942706
0.27957931638913236,0.20946538124452235,0.2528483786152498,0.2581069237510955
0.27928321678321677,0.20410839160839161,0.2556818181818182,0.26092657342657344
0.2834061135371179,0.2034934497816594,0.25676855895196504,0.25633187772925764
0.28193832599118945,0.20308370044052865,0.2599118942731278,0.2550660792951542
0.27917217084984586,0.20607661822985468,0.2527520915896081,0.2619991193306913
0.27066025360734586,0.20988194140795802,0.2571053782247486,0.2623524267599475
0.27264692885550157,0.21122403888643393,0.2496685815289439,0.2664604507291206
0.2722419928825623,0.2099644128113879,0.24822064056939502,0.2695729537366548
0.27758164165931154,0.2087378640776699,0.23874669020300088,0.27493380406001766
0.2784090909090909,0.20454545454545456,0.24694055944055945,0.2701048951048951
0.28277972027972026,0.2097902097902098,0.24694055944055945,0.26048951048951047
0.2787825319805911,0.20644022937803264,0.24702249669166298,0.26775474194971327
0.2808249232119351,0.20315928038613426,0.24879333040807372,0.26722246599385696
0.28257042253521125,0.20466549295774647,0.24339788732394366,0.26936619718309857
0.28257042253521125,0.2055457746478873,0.24691901408450703,0.2649647887323944
0.2842058952925649,0.20633523977122745,0.23669159700835898,0.27276726792784867
0.28928884986830555,0.20719929762949957,0.233099209833187,0.2704126426690079
0.28471309680245294,0.20630749014454666,0.2387209811651336,0.27025843188786686
0.2833990363556724,0.20324134910205868,0.24353920280332894,0.26982041173894
0.2769434628975265,0.21157243816254417,0.24381625441696114,0.2676678445229682
0.27240773286467485,0.21221441124780316,0.24472759226713534,0.27065026362038663
0.26844444444444443,0.21244444444444444,0.24488888888888888,0.2742222222222222
0.269806338028169,0.22183098591549297,0.24559859154929578,0.26276408450704225
0.2574477545575811,0.22676745220097821,0.24277456647398843,0.2730102267674522
0.2603160667251975,0.22914837576821773,0.24363476733977174,0.266900790166813
0.2583041958041958,0.23076923076923078,0.2416958041958042,0.2692307692307692
0.2608695652173913,0.22924901185770752,0.24418093983311376,0.26570048309178745
0.26024411508282475,0.22929380993897122,0.24629468177855274,0.26416739319965127
0.26153846153846155,0.22505494505494505,0.24703296703296704,0.2663736263736264
0.26063829787234044,0.22650709219858156,0.2424645390070922,0.2703900709219858
0.2590149516270888,0.2233948988566403,0.24494283201407213,0.2726473175021988
0.26380910296067167,0.22359699513919576,0.24436588599204595,0.2682280159080866
0.2611408199643494,0.22370766488413546,0.24242424242424243,0.2727272727272727
0.2600349040139616,0.22469458987783594,0.2456369982547993,0.2696335078534031
0.25666812418014867,0.22780935723655443,0.2444250109313511,0.2710975076519458
0.2595217006200177,0.2240921169176262,0.2475642161204606,0.2688219663418955
0.2567269519188355,0.22717247463608292,0.24658138509042787,0.2695191883546537
0.2550156041016496,0.22692822113241196,0.25055728934462773,0.26749888542131073
0.25392670157068065,0.2238219895287958,0.25392670157068065,0.2683246073298429
0.24944909651829,0.2234464521815778,0.255178492728074,0.2719259585720582
0.2457777777777778,0.22355555555555556,0.2577777777777778,0.2728888888888889
0.2360248447204969,0.23247559893522626,0.25820763087843834,0.2732919254658385
0.23503521126760563,0.22975352112676056,0.2535211267605634,0.28169014084507044
0.2287467134092901,0.2366345311130587,0.2541630148992112,0.28045574057843997
0.23279263480929416,0.24024550635686104,0.2516440157825515,0.2753178430512933
0.2309043020193152,0.242756804214223,0.24451273046532046,0.28182616330114135
0.22644847412649272,0.24679345422379478,0.24237063246351173,0.2843874391862008
0.2252212389380531,0.24557522123893805,0.2415929203539823,0.28761061946902655
0.2318777292576419,0.2406113537117904,0.2410480349344978,0.28646288209606985
0.2379903040987219,0.23666813574261789,0.24371970030850595,0.28162185985015425
0.2351138353765324,0.24080560420315236,0.2447460595446585,0.27933450087565675
0.23545091070635274,0.24078187472234563,0.24389160373167482,0.2798756108396268
0.24332603938730854,0.24201312910284464,0.23588621444201313,0.2787746170678337
0.2430647291941876,0.23734037868780272,0.2413033905768384,0.27829150154117127
0.24571428571428572,0.2342857142857143,0.23824175824175825,0.28175824175824177
0.25122059476253883,0.23568575233022637,0.23568575233022637,0.2774079005770084
