C,D,Oc,Od
0,0,0,0
1.0,0.0,0.0,0.0
0.5,0.0,0.0,0.5
0.25,0.25,0.0,0.5
0.6,0.2,0.0,0.2
0.5,0.3333333333333333,0.0,0.16666666666666666
0.375,0.375,0.125,0.125
0.4444444444444444,0.3333333333333333,0.1111111111111111,0.1111111111111111
0.5454545454545454,0.2727272727272727,0.09090909090909091,0.09090909090909091
0.6666666666666666,0.16666666666666666,0.16666666666666666,0.0
0.6666666666666666,0.13333333333333333,0.13333333333333333,0.06666666666666667
0.6470588235294118,0.11764705882352941,0.11764705882352941,0.11764705882352941
0.6666666666666666,0.1111111111111111,0.1111111111111111,0.1111111111111111
0.7,0.1,0.1,0.1
0.6956521739130435,0.13043478260869565,0.08695652173913043,0.08695652173913043
0.68,0.12,0.08,0.12
0.6857142857142857,0.08571428571428572,0.11428571428571428,0.11428571428571428
0.75,0.06818181818181818,0.09090909090909091,0.09090909090909091
0.7647058823529411,0.0784313725490196,0.058823529411764705,0.09803921568627451
0.7540983606557377,0.06557377049180328,0.04918032786885246,0.13114754098360656
0.7727272727272727,0.06060606060606061,0.045454545454545456,0.12121212121212122
0.7763157894736842,0.05263157894736842,0.05263157894736842,0.11842105263157894
0.7659574468085106,0.07446808510638298,0.0425531914893617,0.11702127659574468
0.7807017543859649,0.05263157894736842,0.043859649122807015,0.12280701754385964
0.7744360902255639,0.05263157894736842,0.045112781954887216,0.12781954887218044
0.8026315789473685,0.046052631578947366,0.05263157894736842,0.09868421052631579
0.8128654970760234,0.05263157894736842,0.04678362573099415,0.08771929824561403
0.8235294117647058,0.058823529411764705,0.0392156862745098,0.0784313725490196
0.8423423423423423,0.05405405405405406,0.036036036036036036,0.06756756756756757
0.8517110266159695,0.053231939163498096,0.034220532319391636,0.060836501901140684
0.8615916955017301,0.04498269896193772,0.03806228373702422,0.05536332179930796
0.8593272171253823,0.04281345565749235,0.039755351681957186,0.0581039755351682
0.8756756756756757,0.04054054054054054,0.032432432432432434,0.051351351351351354
0.8858560794044665,0.03970223325062035,0.02729528535980149,0.04714640198511166
0.8956916099773242,0.03854875283446712,0.027210884353741496,0.03854875283446712
0.8977505112474438,0.03885480572597137,0.024539877300613498,0.03885480572597137
0.8977695167286245,0.040892193308550186,0.020446096654275093,0.040892193308550186
0.8980263157894737,0.04111842105263158,0.014802631578947368,0.046052631578947366
0.8990825688073395,0.039755351681957186,0.01529051987767584,0.045871559633027525
0.9052924791086351,0.036211699164345405,0.016713091922005572,0.04178272980501393
0.9060489060489061,0.039897039897039896,0.01287001287001287,0.04118404118404118
0.9099307159353349,0.03464203233256351,0.016166281755196306,0.03926096997690531
0.9135135135135135,0.034594594594594595,0.015135135135135135,0.036756756756756756
0.9102040816326531,0.03469387755102041,0.0163265306122449,0.03877551020408163
0.9044465468306528,0.03122043519394513,0.023651844843897825,0.04068117313150426
0.9000884173297966,0.03094606542882405,0.02564102564102564,0.04332449160035367
0.8955592105263158,0.03125,0.02549342105263158,0.047697368421052634
0.8998422712933754,0.02917981072555205,0.02444794952681388,0.04652996845425868
0.8976674191121143,0.02708803611738149,0.025583145221971408,0.04966139954853273
0.8953147877013177,0.0314787701317716,0.02562225475841874,0.04758418740849195
0.8978752570253599,0.02810143934201508,0.027416038382453736,0.04660726525017135
0.8977272727272727,0.027406417112299464,0.026737967914438502,0.0481283422459893
0.8983922829581994,0.026366559485530548,0.027009646302250803,0.04823151125401929
0.8976234003656307,0.028641072516758074,0.027422303473491772,0.04631322364411944
0.8959810874704491,0.02955082742316785,0.027777777777777776,0.0466903073286052
0.895040369088812,0.029411764705882353,0.030565167243367934,0.04498269896193772
0.8932584269662921,0.03089887640449438,0.030337078651685393,0.04550561797752809
0.889487870619946,0.029110512129380053,0.030727762803234502,0.050673854447439354
0.8916230366492146,0.027225130890052355,0.030366492146596858,0.050785340314136125
0.8848358520062533,0.02918186555497655,0.031266284523189164,0.05471599791558103
0.8841245533435427,0.030627871362940276,0.033180193976518634,0.05206738131699847
0.8875681030212976,0.02922238732045567,0.033680039623576026,0.04952947003467063
0.8842412451361867,0.033073929961089495,0.03356031128404669,0.04912451361867704
0.8829221093372037,0.0324141267537494,0.03580067731011127,0.04886308659893566
0.8848341232227488,0.03222748815165877,0.034123222748815164,0.04881516587677725
0.880357983984927,0.02967498822421102,0.03485633537447009,0.055110692416391896
0.8808193668528864,0.028398510242085662,0.0335195530726257,0.05726256983240224
0.8771205868867492,0.0307198532783127,0.03530490600641907,0.05685465382851903
0.8716773602199817,0.03253895508707608,0.03391384051329056,0.061869844179651697
0.8681218735788995,0.03319690768531151,0.035925420645748066,0.06275579809004093
0.8683623382418563,0.036590807675145026,0.03435966086568496,0.0606871932173137
0.8657718120805369,0.036241610738255034,0.03713646532438479,0.060850111856823264
0.8664003550821128,0.03683976919662672,0.03462050599201065,0.06213936972924989
0.8683623382418563,0.036590807675145026,0.03346720214190094,0.06157965194109773
0.8700489541611037,0.037383177570093455,0.03159768580329328,0.060970182465509566
0.867260579064588,0.03830734966592428,0.032071269487750555,0.062360801781737196
0.8664582402858418,0.03930326038410004,0.029030817329164807,0.06520768200089326
0.866162738995109,0.039573143619386394,0.029791018230324588,0.06447309915518008
0.8607367475292004,0.039532794249775384,0.03189577717879605,0.06783468104222821
0.8621597892888498,0.038630377524143986,0.03292361720807726,0.06628621597892889
0.8627711376715361,0.034528552456839307,0.03408587870739265,0.06861443116423196
0.8623124448367167,0.03398058252427184,0.03442188879082083,0.06928508384819064
0.8645276292335116,0.0338680926916221,0.03297682709447415,0.06862745098039216
0.8643393725143614,0.032699955810870526,0.035793194874060984,0.06716747680070703
0.8668744434550312,0.03250222617987533,0.037399821905609976,0.06322350845948353
0.8705516014234875,0.030249110320284697,0.037811387900355875,0.06138790035587188
0.8706091596265007,0.03156958648288128,0.037349933303690526,0.06047132058692752
0.8664021164021164,0.03130511463844797,0.037037037037037035,0.06525573192239859
0.8600441501103753,0.03532008830022075,0.037969094922737305,0.06666666666666667
0.85510477039679,0.03700401248328132,0.03923316986179224,0.06865804725813643
0.8507067137809188,0.03666077738515901,0.04107773851590106,0.0715547703180212
0.846906987093903,0.03827325322652426,0.040943480195816645,0.07387627948375612
0.8435828877005348,0.03609625668449198,0.045454545454545456,0.0748663101604278
0.8508928571428571,0.03526785714285714,0.045089285714285714,0.06875
0.8463587921847247,0.034191829484902306,0.043072824156305506,0.0763765541740675
0.8439024390243902,0.03592017738359202,0.04523281596452328,0.07494456762749446
0.8434704830053668,0.03354203935599284,0.04516994633273703,0.0778175313059034
0.8417329796640142,0.03536693191865606,0.044650751547303275,0.07824933687002653
0.8442256042972247,0.03491495076096687,0.044315129811996416,0.076544315129812
0.841988459831336,0.037283621837549935,0.04571682201509099,0.07501109631602308
0.8458110516934046,0.03787878787878788,0.0427807486631016,0.07352941176470588
0.8494242692648362,0.03587245349867139,0.045172719220549155,0.06953055801594331
0.8428761651131824,0.03905903240124279,0.0461606746560142,0.07190412782956059
0.8417360806663744,0.039017974572555895,0.04559403770276195,0.07365190705830776
0.8450266429840142,0.037300177619893425,0.043072824156305506,0.07460035523978685
0.847922192749779,0.03713527851458886,0.040229885057471264,0.07471264367816093
0.8449508489722967,0.03932082216264522,0.040214477211796246,0.07551385165326184
0.8399646330680813,0.042440318302387266,0.040229885057471264,0.07736516357206012
0.8427167113494192,0.04334226988382484,0.03842716711349419,0.07551385165326184
0.8381706244503079,0.0426561125769569,0.040457343887423045,0.07871591908531222
0.8416149068322981,0.04214729370008873,0.040372670807453416,0.07586512866015972
0.8499554764024934,0.03784505788067676,0.0396260017809439,0.07257346393588603
0.8419654714475432,0.03762726870296591,0.041168658698539175,0.07923860115095174
0.8397521027003099,0.038955289951305885,0.0398406374501992,0.08145196989818504
0.8425720620842572,0.03813747228381375,0.041685144124168516,0.07760532150776053
0.8314056939501779,0.0400355871886121,0.045373665480427046,0.08318505338078291
0.8351016799292661,0.040229885057471264,0.04420866489832007,0.08045977011494253
0.8342151675485009,0.04056437389770723,0.04585537918871252,0.07936507936507936
0.8326029798422436,0.039000876424189306,0.049079754601226995,0.07931638913234006
0.8286093888396812,0.04162976085031001,0.04738706820194863,0.08237378210806023
0.8274788795020009,0.041351711871943087,0.048910626945309024,0.082258781680747
0.8272321428571429,0.04330357142857143,0.046875,0.08258928571428571
0.8233985765124555,0.04448398576512456,0.046263345195729534,0.08585409252669039
0.8266843971631206,0.04299645390070922,0.04299645390070922,0.08732269503546099
0.8269742679680568,0.04480922803904171,0.04214729370008873,0.08606921029281278
0.8242343541944075,0.04438526409232135,0.043941411451398134,0.08743897026187306
0.8288248337028825,0.04478935698447894,0.041685144124168516,0.08470066518847007
0.8340787119856887,0.04382826475849732,0.0389087656529517,0.08318425760286226
0.8368256798930005,0.041462327240303166,0.03789567543468569,0.0838163174320107
0.8358340688437775,0.0410414827890556,0.03795233892321271,0.0851721094439541
0.8348826914563966,0.0398406374501992,0.04205400619743249,0.08322266489597167
0.8355734767025089,0.04121863799283154,0.04121863799283154,0.08198924731182795
0.833407771326485,0.04332291201429209,0.04064314426083073,0.08262617239839214
0.8361381753764393,0.04384410983170948,0.03985828166519043,0.08015943312666077
0.8323621694307486,0.04258180188256387,0.04078888390856118,0.0842671447781264
0.8270842523158359,0.04455227172474636,0.0388178209086899,0.08954565505072784
0.8269145639663568,0.04426737494466578,0.038955289951305885,0.08986277113767153
0.8247468075737561,0.041831792162043156,0.041391457507705856,0.09202994275649494
0.8194690265486726,0.04292035398230089,0.04115044247787611,0.09646017699115045
0.8194753223654958,0.041351711871943087,0.039573143619386394,0.09959982214317474
0.817013735046522,0.04031900753212229,0.03810367744793974,0.10456357997341603
0.8147818343722173,0.03829029385574354,0.039180765805877114,0.10774710596616206
0.8129973474801061,0.03934571175950486,0.038461538461538464,0.10919540229885058
0.8136949755446865,0.03823921742996887,0.03646064917741218,0.11160515784793242
0.8123893805309734,0.03938053097345133,0.034513274336283185,0.11371681415929204
0.8098186643078283,0.03847854931446263,0.0362671384343211,0.11543564794338788
0.8018825638727028,0.03989242492155984,0.03496190049305244,0.12326311071268489
0.8024966562639322,0.04012483281319661,0.03700401248328132,0.12037449843958983
0.8075555555555556,0.037333333333333336,0.035111111111111114,0.12
0.8023820026466696,0.04058226731363035,0.03440670489633877,0.12262902514336127
0.7952233524988943,0.0437859354268023,0.0362671384343211,0.12472357363998231
0.7973333333333333,0.04488888888888889,0.03333333333333333,0.12444444444444444
0.7911504424778761,0.047787610619469026,0.034955752212389384,0.1261061946902655
0.7893095768374164,0.04721603563474387,0.03296213808463252,0.13051224944320713
0.7888692579505301,0.045936395759717315,0.03312720848056537,0.13206713780918727
0.7889537494387068,0.04445442299057027,0.03502469690166143,0.1315671306690615
0.7960906263882719,0.0422034651266104,0.034207019102621056,0.12749888938249668
0.7948144836835047,0.03933839964237819,0.0348681269557443,0.13097898971837282
0.7937554969217239,0.03781882145998241,0.03518029903254178,0.13324538258575197
0.79344409519533,0.03816793893129771,0.03367759317467445,0.1347103726986978
0.7914606741573034,0.039550561797752806,0.03460674157303371,0.1343820224719101
0.792225201072386,0.03753351206434316,0.03395889186773905,0.1362823949955317
0.7932098765432098,0.039241622574955906,0.03350970017636684,0.13403880070546736
0.7882037533512064,0.036193029490616625,0.03351206434316354,0.14209115281501342
0.7833775419982316,0.03580901856763926,0.03669319186560566,0.14412024756852343
0.7857142857142857,0.03214285714285714,0.03794642857142857,0.14419642857142856
0.7880941803642826,0.03065304309195913,0.03642825410928476,0.14482452243447358
0.7829354553492485,0.030061892130857647,0.038903625110521665,0.14809902740937222
0.7812086457873842,0.029554477282752536,0.03705337450374945,0.1521835024261138
0.7808340727595386,0.0323868677905945,0.037267080745341616,0.1495119787045253
0.7801857585139319,0.03272888102609465,0.03361344537815126,0.1534719150818222
0.7816651904340124,0.0283436669619132,0.0354295837023915,0.1545615589016829
0.7887075430083811,0.027790030877812087,0.03617115130127922,0.14733127481252756
0.7943387881468377,0.02697921273772667,0.03494029190623618,0.14374170720919946
0.7910579902611775,0.027003098716246128,0.034528552456839307,0.14741035856573706
0.7875555555555556,0.028444444444444446,0.03822222222222222,0.14577777777777778
0.7853285328532853,0.0297029702970297,0.037803780378037805,0.14716471647164717
0.7894736842105263,0.02894736842105263,0.03859649122807018,0.14298245614035088
0.7812223206377326,0.03188662533215235,0.04118689105403012,0.14570416297608504
0.785303231518371,0.029216467463479414,0.0398406374501992,0.1456396635679504
0.7941305300043802,0.02803328953131844,0.03723171265878231,0.14060446780551905
0.7894033837934105,0.032056990204808546,0.03695458593054319,0.14158504007123776
0.7877828054298642,0.03167420814479638,0.03755656108597285,0.1429864253393665
0.7957181088314005,0.028099910793933987,0.039250669045495096,0.13693131132917039
0.8018699910952805,0.027604630454140695,0.036064113980409616,0.13446126447016918
0.798932384341637,0.027580071174377226,0.03603202846975089,0.13745551601423486
0.8071177504393673,0.02899824253075571,0.035588752196836555,0.1282952548330404
0.8035164835164835,0.027252747252747254,0.03824175824175824,0.130989010989011
0.7941696113074205,0.02959363957597173,0.04240282685512368,0.1338339222614841
0.7951111111111111,0.030666666666666665,0.04044444444444444,0.13377777777777777
0.7963860731599823,0.03349493168796827,0.03922432789775231,0.13089466725429705
0.7934879571810883,0.03300624442462088,0.039250669045495096,0.13425512934879572
0.7923766816143498,0.033632286995515695,0.03766816143497758,0.13632286995515694
0.7959910913140312,0.035634743875278395,0.03697104677060133,0.13140311804008908
0.7922487607030194,0.03830554303740424,0.03785488958990536,0.13159080666967102
0.7905015534842432,0.03683976919662672,0.040390590324012425,0.13226808699511763
0.7859019264448336,0.03984238178633975,0.040280210157618214,0.1339754816112084
0.7861552028218695,0.041005291005291,0.03835978835978836,0.13447971781305115
0.7844364937388193,0.04114490161001789,0.0389087656529517,0.1355098389982111
0.7800977343402932,0.03998223011994669,0.037760995113282986,0.14215904042647712
0.7771403353927626,0.038834951456310676,0.03971756398940865,0.1443071491615181
0.7741364038972542,0.038529672276350756,0.03720106288751107,0.15013286093888398
0.7734340293203021,0.037760995113282986,0.037760995113282986,0.15104398045313194
0.7728904847396768,0.03859964093357271,0.03949730700179533,0.1490125673249551
0.767153607791058,0.03851261620185923,0.04028331119964586,0.15405046480743692
0.7640052933392149,0.0423467137185708,0.04014115571239524,0.15350683722981914
0.761101243339254,0.04129662522202487,0.043516873889875664,0.15408525754884547
0.7642384105960265,0.040176600441501106,0.04282560706401766,0.15275938189845475
0.7627268702965914,0.04161133244798584,0.04426737494466578,0.15139442231075698
0.7595385980479148,0.040372670807453416,0.04259094942324756,0.1574977817213842
0.7540035587188612,0.04181494661921708,0.04359430604982206,0.16058718861209964
0.7549933422103862,0.041278295605858856,0.043941411451398134,0.15978695073235685
0.7567928730512249,0.04187082405345212,0.04187082405345212,0.15946547884187082
0.7554858934169278,0.04120017913121361,0.04478280340349306,0.15853112404836542
0.7640798226164079,0.040798226164079826,0.040798226164079826,0.15432372505543238
0.7640052933392149,0.04278782531980591,0.044111160123511246,0.14909572121746803
0.7625994694960212,0.04111405835543767,0.046419098143236075,0.14986737400530503
0.7699386503067485,0.039000876424189306,0.04557405784399649,0.14548641542506574
0.7680776014109347,0.041005291005291,0.0445326278659612,0.14638447971781304
0.7665629168519342,0.041351711871943087,0.044464206313917294,0.14762116496220543
0.7639696021457308,0.04202056325435852,0.04783191774698257,0.14617791685292802
0.7610936799641417,0.041237113402061855,0.04796055580457194,0.14970865082922458
0.7660714285714286,0.038392857142857145,0.045089285714285714,0.15044642857142856
0.7683310841205578,0.03913630229419703,0.0449842555105713,0.14754835807467387
0.7649154051647373,0.0396260017809439,0.04229741763134461,0.15316117542297417
0.7682384341637011,0.03959074733096085,0.041370106761565835,0.15080071174377224
0.7737777777777778,0.03688888888888889,0.04044444444444444,0.14888888888888888
0.7760393383996423,0.03799731783638802,0.038891372373714796,0.1470719713902548
0.7781278127812782,0.0351035103510351,0.0405040504050405,0.14626462646264626
0.7839173405211141,0.032794249775381853,0.03638814016172507,0.14690026954177898
0.7804008908685969,0.032516703786191536,0.03697104677060133,0.15011135857461025
0.773851590106007,0.03268551236749117,0.038869257950530034,0.15459363957597172
0.7758928571428572,0.032589285714285716,0.038392857142857145,0.153125
0.7788120567375887,0.03368794326241135,0.03856382978723404,0.14893617021276595
0.7733924611973393,0.03547671840354767,0.042572062084257206,0.14855875831485588
0.7789237668161435,0.033183856502242155,0.04170403587443946,0.14618834080717488
0.7786666666666666,0.03422222222222222,0.04,0.1471111111111111
0.7817618415227977,0.035413899955732624,0.03718459495351926,0.1456396635679504
0.7796312554872695,0.03467954345917471,0.03511852502194908,0.15057067603160668
0.7808035714285714,0.03526785714285714,0.033928571428571426,0.15
0.7823555754590238,0.03537841468875952,0.032243618450515,0.15002239140170176
0.7771812080536913,0.036241610738255034,0.032662192393736016,0.15391498881431767
0.7795031055900621,0.03371783496007098,0.032830523513753325,0.15394853593611357
0.7800977343402932,0.03243003109729009,0.03509551310528654,0.15237672145713016
0.7777280858676208,0.03220035778175313,0.03488372093023256,0.15518783542039355
0.773593265396544,0.030571555161719097,0.03633141338059371,0.1595037660611431
0.7788038698328936,0.0316622691292876,0.03518029903254178,0.15435356200527706
0.7791629563668745,0.028495102404274265,0.03873552983081033,0.15360641139804096
0.7778272484416741,0.02894033837934105,0.040516473731077474,0.1527159394479074
0.7743225233229676,0.02621057307863172,0.041314971123944916,0.1581519324744558
0.7790492957746479,0.02640845070422535,0.04005281690140845,0.1544894366197183
0.7769467663880334,0.028596568411790584,0.0365156181258249,0.15794104707435108
0.7761459724076547,0.03159768580329328,0.03827325322652426,0.15398308856252782
0.7779255319148937,0.030585106382978722,0.034131205673758866,0.1573581560283688
0.7764550264550265,0.030864197530864196,0.03659611992945326,0.15608465608465608
0.7678334071776695,0.03322995126273815,0.03943287549844927,0.1595037660611431
0.7635555555555555,0.03288888888888889,0.04044444444444444,0.16311111111111112
0.7643652561247216,0.0378619153674833,0.03875278396436525,0.15902004454342986
0.761820592134335,0.03800265134776845,0.039770216526734424,0.16040653999116217
0.7597690941385435,0.03685612788632327,0.04129662522202487,0.16207815275310836
0.7560975609756098,0.03458980044345898,0.04390243902439024,0.16541019955654102
0.7603890362511052,0.03227232537577365,0.04420866489832007,0.16312997347480107
0.7593679458239277,0.03431151241534989,0.04469525959367946,0.1616252821670429
0.7639446675591254,0.037037037037037035,0.0392681838464971,0.15975011155734048
0.7607719928186715,0.03904847396768402,0.03500897666068223,0.1651705565529623
0.7628774422735346,0.04129662522202487,0.03063943161634103,0.16518650088809947
0.7640750670241286,0.04244861483467382,0.030831099195710455,0.16264521894548703
0.765410199556541,0.04301552106430155,0.03015521064301552,0.1614190687361419
0.7608120035304501,0.04457193292144748,0.032215357458075904,0.1624007060900265
0.7623278542869836,0.0422034651266104,0.030208796090626388,0.16525988449577966
0.7615212527964206,0.04429530201342282,0.028635346756152126,0.16554809843400448
0.7684444444444445,0.04088888888888889,0.027555555555555555,0.16311111111111112
0.7688888888888888,0.04488888888888889,0.028,0.1582222222222222
0.7612931798051373,0.04561558901682905,0.031443755535872454,0.1616474756421612
0.7632743362831859,0.04292035398230089,0.03185840707964602,0.16194690265486725
0.7597489914836396,0.03989242492155984,0.030927835051546393,0.16943074854325416
0.7609951132829853,0.037760995113282986,0.03109729009329187,0.1701466015104398
0.7662222222222222,0.03822222222222222,0.030666666666666665,0.1648888888888889
0.7627043747238179,0.03932832523199293,0.03314184710561202,0.16482545293857712
0.7650224215246637,0.039461883408071746,0.03228699551569507,0.16322869955156952
0.7678968430413518,0.039573143619386394,0.03423743886171632,0.15829257447754558
0.7697077059344553,0.03985828166519043,0.03454384410983171,0.15589016829052257
0.7722419928825622,0.04092526690391459,0.03158362989323844,0.1552491103202847
0.7713143872113677,0.04218472468916518,0.03285968028419183,0.15364120781527532
0.7744227353463587,0.03996447602131439,0.03374777975133215,0.15186500888099466
0.7741648106904232,0.03608017817371938,0.037416481069042315,0.15233853006681514
0.7750556792873051,0.033853006681514475,0.03875278396436525,0.15233853006681514
0.7754833040421792,0.033391915641476276,0.03910369068541301,0.15202108963093147
0.7711751662971175,0.03503325942350333,0.04124168514412417,0.152549889135255
0.768481629039398,0.035856573705179286,0.04028331119964586,0.1553784860557769
0.7645232815964523,0.037694013303769404,0.04124168514412417,0.15654101995565411
0.76345042240996,0.03823921742996887,0.041796353935082256,0.15651400622498887
0.761734465802414,0.03665623603039785,0.04336164506034868,0.15824765310683953
0.7679607318161535,0.036590807675145026,0.040160642570281124,0.15528781793842034
0.7653381101656964,0.03493058665472459,0.039856695029108824,0.15987460815047022
0.761419068736142,0.03458980044345898,0.040354767184035474,0.16363636363636364
0.7606194690265486,0.03584070796460177,0.04070796460176991,0.16283185840707964
0.756021409455843,0.03791257805530776,0.03969669937555754,0.1663693131132917
0.7502242152466367,0.03766816143497758,0.039461883408071746,0.1726457399103139
0.7439613526570048,0.039964866051822576,0.04216073781291173,0.17391304347826086
0.7481152993348116,0.03902439024390244,0.04212860310421286,0.17073170731707318
0.7469771607702642,0.039856695029108824,0.045230631437527986,0.16793551276309898
0.7543314082629943,0.03864948911594847,0.04309195912927588,0.16392714349178142
0.7517761989342806,0.037300177619893425,0.046181172291296625,0.16474245115452932
0.7528837622005324,0.0354924578527063,0.04569653948535936,0.16592724046140195
0.7532981530343008,0.03518029903254178,0.044854881266490766,0.16666666666666666
0.7550930026572188,0.03365810451727192,0.045172719220549155,0.16607617360496013
0.7473451327433628,0.034513274336283185,0.046902654867256637,0.17123893805309734
0.7481186365648517,0.035856573705179286,0.04869411243913236,0.16733067729083664
0.7501111605157847,0.035571365051133834,0.052912405513561585,0.16140506891951978
0.7460387323943662,0.03345070422535211,0.053257042253521125,0.16725352112676056
0.7455985915492958,0.035211267605633804,0.05149647887323944,0.167693661971831
0.7464539007092199,0.03546099290780142,0.04875886524822695,0.16932624113475178
0.7484554280670785,0.0353045013239188,0.04589585172109444,0.1703442188879082
0.7424242424242424,0.036541889483065956,0.044563279857397504,0.17647058823529413
0.7455436720142602,0.035204991087344026,0.04590017825311943,0.17335115864527628
0.7501107665042092,0.03278688524590164,0.0460788657509969,0.17102348249889235
0.7474613686534216,0.03487858719646799,0.045916114790286976,0.1717439293598234
0.7520952801058668,0.032642258491398325,0.044993383325981476,0.17026907807675343
0.75,0.0320738137082601,0.04525483304042179,0.1726713532513181
0.744821507271926,0.03305420890260027,0.044072278536800354,0.17805200528867343
0.7451067615658363,0.03425266903914591,0.04581850533807829,0.1748220640569395
0.7458075904677847,0.03353927625772286,0.04810238305383936,0.17255075022065314
0.7464788732394366,0.03389084507042254,0.0448943661971831,0.17473591549295775
0.7429844097995546,0.032071269487750555,0.045879732739420934,0.17906458797327393
0.7482078853046595,0.03449820788530466,0.041666666666666664,0.17562724014336917
0.748314606741573,0.035955056179775284,0.039550561797752806,0.17617977528089887
0.7454710144927537,0.035778985507246376,0.036231884057971016,0.182518115942029
0.7515500442869796,0.034986713906111605,0.03365810451727192,0.17980513728963685
0.7498877413560844,0.03412662775033678,0.03547373147732375,0.18051189941625506
0.7429078014184397,0.03546099290780142,0.03590425531914894,0.18572695035460993
0.7438752783964365,0.0378619153674833,0.03697104677060133,0.18129175946547885
0.7466487935656837,0.034405719392314564,0.03663985701519214,0.18230563002680966
0.743406347787215,0.03531515422440769,0.037103263299061245,0.18417523468931604
0.7546749777382012,0.03294746215494212,0.03561887800534283,0.1767586821015138
0.7579225352112676,0.03169014084507042,0.035211267605633804,0.17517605633802816
0.7534246575342466,0.034025629695095004,0.03711886875828546,0.17543084401237297
0.746684350132626,0.03536693191865606,0.03359858532272325,0.1843501326259947
0.7466725820763088,0.032830523513753325,0.034161490683229816,0.18633540372670807
0.7475468331846565,0.032114183764495985,0.03479036574487065,0.1855486173059768
0.7477758007117438,0.032473309608540925,0.035142348754448396,0.1846085409252669
0.7510058113544926,0.03263299061242736,0.033974072418417524,0.1823871256146625
0.7433510638297872,0.031471631205673756,0.03590425531914894,0.18927304964539007
0.7368651488616462,0.03283712784588441,0.03458844133099825,0.1957092819614711
0.7352415026833632,0.03309481216457961,0.03622540250447227,0.19543828264758498
0.731477323753929,0.0345756623259991,0.03547373147732375,0.1984732824427481
0.7303420701910263,0.03553976010661928,0.03243003109729009,0.2016881386050644
0.7244268077601411,0.037037037037037035,0.03439153439153439,0.20414462081128748
0.7272727272727273,0.03636363636363636,0.03680709534368071,0.19955654101995565
0.7237840249888443,0.036590807675145026,0.037037037037037035,0.20258813029897368
0.7291387773315484,0.03792949576082106,0.03614457831325301,0.19678714859437751
0.7294170004450379,0.03827325322652426,0.03649310191366266,0.19581664441477525
0.7293064876957495,0.03758389261744966,0.03713646532438479,0.1959731543624161
0.726552179656539,0.038749449581682076,0.035667107001321,0.19903126376045796
0.7238772787905736,0.036905291240551356,0.0377945753668297,0.20142285460204534
0.72447614801605,0.03700401248328132,0.03744984395898351,0.20106999554168525
0.7252552152685309,0.03550821127385708,0.03772747447847315,0.20150909897913893
0.7246376811594203,0.03513394817742644,0.04259991216512956,0.1976284584980237
0.7217314487632509,0.0357773851590106,0.04240282685512368,0.20008833922261485
0.7213842058562555,0.037267080745341616,0.04392191659272405,0.1974267968056788
0.7190412782956058,0.03861517976031957,0.04305370616955171,0.19928983577452286
0.7208480565371025,0.03975265017667844,0.04328621908127209,0.196113074204947
0.7146007940008823,0.03970004411116013,0.04102337891486546,0.2046757829730922
0.7157611136057477,0.04041311180960934,0.03951504265828469,0.20431073192635832
0.7234611953612846,0.04014272970561998,0.03791257805530776,0.19848349687778769
0.719290465631929,0.03991130820399113,0.03813747228381375,0.20266075388026608
0.7120070890562694,0.03766061143110323,0.03943287549844927,0.2108994240141781
0.715108551174125,0.03544528134692069,0.03898980948161276,0.2104563579973416
0.7186261558784677,0.03522677234698371,0.03742844561867019,0.20871862615587847
0.7225433526011561,0.03423743886171632,0.03823921742996887,0.20497999110715873
0.7195767195767195,0.034832451499118164,0.039241622574955906,0.20634920634920634
0.718942731277533,0.03436123348017621,0.04185022026431718,0.20484581497797358
0.7161981258366801,0.037037037037037035,0.04462293618920125,0.20214190093708165
0.7199115044247788,0.03584070796460177,0.04380530973451328,0.2004424778761062
0.713527851458886,0.038903625110521665,0.046419098143236075,0.20114942528735633
0.7135254988913525,0.039467849223946784,0.04745011086474501,0.19955654101995565
0.7122144112478032,0.03690685413005272,0.04569420035149385,0.20518453427065025
0.7114449845338047,0.038886433937251434,0.04330534688466637,0.2063632346442775
0.7091633466135459,0.041168658698539175,0.04293935369632581,0.2067286409915892
0.7080357142857143,0.04285714285714286,0.044642857142857144,0.2044642857142857
0.7086822388717496,0.03966505068312032,0.044072278536800354,0.20758043190832967
0.7093227792436235,0.03737906772207564,0.04177660510114336,0.21152154793315744
0.7123467600700525,0.03677758318739054,0.03984238178633975,0.21103327495621715
0.712,0.03822222222222222,0.037333333333333336,0.21244444444444444
0.7156819191470457,0.037760995113282986,0.03909373611728121,0.20746334962239005
0.7160107334525939,0.04025044722719141,0.03756708407871199,0.20617173524150267
0.7169051878354203,0.03801431127012522,0.03175313059033989,0.2133273703041145
0.716880815241471,0.03544528134692069,0.03190075321222862,0.2157731501993797
0.7191565724540152,0.034993270524899055,0.03095558546433378,0.2148945715567519
0.7127096204766108,0.03574580759046778,0.03265666372462489,0.21888790820829657
0.7131578947368421,0.03728070175438596,0.03333333333333333,0.2162280701754386
0.7113857016769638,0.03927625772285966,0.03089143865842895,0.21844660194174756
0.7121412803532009,0.037527593818984545,0.031788079470198675,0.2185430463576159
0.7093639575971732,0.04151943462897526,0.03445229681978799,0.2146643109540636
0.7066902968542312,0.04253433761630483,0.03322995126273815,0.21754541426672575
0.7091474245115453,0.03996447602131439,0.03330373001776199,0.21758436944937834
0.7138434321096859,0.03847854931446263,0.03184431667403804,0.21583370190181336
0.7149161518093556,0.03662842012356576,0.03353927625772286,0.2149161518093557
0.7073170731707317,0.03991130820399113,0.037694013303769404,0.21507760532150777
0.7032772364924712,0.04074402125775022,0.038529672276350756,0.2174490699734278
0.7027987561083963,0.03953798311861395,0.03909373611728121,0.21856952465570859
0.7019187862561357,0.04239178937974119,0.041499330655957165,0.214190093708166
0.7015659955257271,0.0447427293064877,0.03847874720357942,0.2152125279642058
0.7023070097604259,0.047471162377994675,0.03771073646850044,0.21251109139307897
0.6981882456915599,0.047724259832081305,0.038886433937251434,0.21520106053910737
0.7001763668430335,0.04717813051146384,0.03791887125220458,0.21472663139329806
0.6974267968056788,0.04702750665483585,0.038154392191659274,0.21739130434782608
0.6906987093902982,0.04361370716510903,0.039163328882955054,0.22652425456163774
0.7000895255147717,0.04207699194270367,0.03849597135183527,0.21933751119068934
0.6991111111111111,0.04,0.03688888888888889,0.224
0.694284448382809,0.038546743464776254,0.03943287549844927,0.22773593265396544
0.6903283052351376,0.041259982253771074,0.038154392191659274,0.2302573203194321
0.6929941990182954,0.03748326639892905,0.038375725122713075,0.23114680946006247
0.6903168228469433,0.037037037037037035,0.03792949576082106,0.23471664435519857
0.6908040870724123,0.03553976010661928,0.037316748111950244,0.2363394047090182
0.688,0.03288888888888889,0.03822222222222222,0.2408888888888889
0.6860413914575078,0.03522677234698371,0.038749449581682076,0.2399823866138265
0.6896551724137931,0.034482758620689655,0.03934571175950486,0.23651635720601238
0.6843987483236478,0.03799731783638802,0.03755029056772463,0.2400536432722396
0.6846325167037862,0.0378619153674833,0.0378619153674833,0.23964365256124723
0.6871409633230225,0.03667697746354397,0.0344675209898365,0.241714538223597
0.6911111111111111,0.036444444444444446,0.03333333333333333,0.2391111111111111
0.6896703296703297,0.036483516483516484,0.028131868131868132,0.24571428571428572
0.6881340979267755,0.03573003970004411,0.02999558888398765,0.24614027348919276
0.6856634016028496,0.03561887800534283,0.031611754229741766,0.2471059661620659
0.6869138008039303,0.036176864671728454,0.03171058508262617,0.24519874944171505
0.6893374286967968,0.03554190434401053,0.030276437033786747,0.2448442299254059
0.6900844819919965,0.03334815473543797,0.03023566029346376,0.2463317029791018
0.6830892143808256,0.03151353750554816,0.03195739014647137,0.2534398579671549
0.6762240846934274,0.031318923687692984,0.033083370092633436,0.25937362152624616
0.6801781737193764,0.03162583518930958,0.032071269487750555,0.2561247216035635
0.6841403820524211,0.03243003109729009,0.03065304309195913,0.25277654375832964
0.690190856635597,0.03195739014647137,0.029738126941855306,0.24811362627607633
0.6873315363881402,0.031446540880503145,0.031446540880503145,0.24977538185085355
0.6845607808340728,0.032830523513753325,0.030168589174800354,0.2524401064773736
0.6848351648351648,0.03296703296703297,0.02857142857142857,0.25362637362637364
0.6820008932559178,0.03528360875390799,0.029477445288075034,0.25323805270209915
0.6826584507042254,0.03609154929577465,0.02948943661971831,0.2517605633802817
0.6793622674933569,0.033215234720992026,0.03100088573959256,0.25642161204605846
0.6744394618834081,0.033183856502242155,0.03273542600896861,0.25964125560538115
0.6725507502206531,0.03177405119152692,0.032215357458075904,0.263459841129744
0.6696269982238011,0.03197158081705151,0.03108348134991119,0.2673179396092362
0.6622574955908289,0.033950617283950615,0.03306878306878307,0.2707231040564374
0.6638468388245771,0.03383793410507569,0.03383793410507569,0.2684772929652716
0.6639964396973743,0.03159768580329328,0.03382287494437027,0.2705829995549622
0.6718960107575078,0.03047960555804572,0.03227252353204841,0.26535186015239803
0.669683257918552,0.031221719457013575,0.03257918552036199,0.2665158371040724
0.6683035714285714,0.034375,0.033482142857142856,0.2638392857142857
0.6614837849844514,0.034207019102621056,0.03509551310528654,0.2692136828076411
0.6521158129175947,0.035634743875278395,0.037416481069042315,0.2748329621380846
0.651595744680851,0.03723404255319149,0.03590425531914894,0.2752659574468085
0.649602824360106,0.040158870255957636,0.03618711385701677,0.2740511915269197
0.6501547987616099,0.03847854931446263,0.0362671384343211,0.2750995134896064
0.6433659839715049,0.0427426536064114,0.036064113980409616,0.2778272484416741
0.6491615180935569,0.03751103265666372,0.03618711385701677,0.27714033539276256
0.6425055928411633,0.038926174496644296,0.039373601789709174,0.2791946308724832
0.6465631929046564,0.03636363636363636,0.03680709534368071,0.2802660753880266
0.6436476316954405,0.036741921204072596,0.04028331119964586,0.2793271359008411
0.6397849462365591,0.036738351254480286,0.03942652329749104,0.2840501792114695
0.643078283945157,0.03494029190623618,0.03715170278637771,0.2848297213622291
0.6432360742705571,0.034482758620689655,0.03669319186560566,0.28558797524314766
0.6421895861148198,0.035603026257231864,0.035603026257231864,0.2866043613707165
0.6371760500446828,0.03351206434316354,0.03485254691689008,0.29445933869526364
0.6402493321460374,0.032056990204808546,0.03383793410507569,0.29385574354407834
0.6400535236396075,0.03300624442462088,0.034344335414808205,0.2925958965209634
0.6467198581560284,0.03102836879432624,0.031471631205673756,0.2907801418439716
0.6424107142857143,0.03169642857142857,0.029910714285714287,0.29598214285714286
0.6461675579322638,0.03253119429590018,0.028966131907308377,0.29233511586452765
0.6471631205673759,0.03368794326241135,0.02969858156028369,0.2894503546099291
0.6465364120781527,0.03507992895204263,0.02975133214920071,0.2886323268206039
0.6455073759499329,0.033974072418417524,0.029056772463120252,0.2914617791685293
0.6446317657497782,0.03460514640638864,0.02883762200532387,0.2919254658385093
0.639344262295082,0.0358883473637572,0.02968542312804608,0.29508196721311475
0.638815207780725,0.034482758620689655,0.02961980548187445,0.29708222811671087
0.6326077298978232,0.0346512661039538,0.029320302087960905,0.3034207019102621
0.6385809312638581,0.03237250554323725,0.029711751662971176,0.29933481152993346
0.6407982261640798,0.031042128603104215,0.028824833702882482,0.29933481152993346
0.6402465874064289,0.03126376045794804,0.02906208718626156,0.2994275649493615
0.6442564559216385,0.032056990204808546,0.02894033837934105,0.2947462154942119
0.6401766004415012,0.033112582781456956,0.02869757174392936,0.2980132450331126
0.6371720764784349,0.03023566029346376,0.02845709204090707,0.3041351711871943
0.6386630532971996,0.028906955736224028,0.02935862691960253,0.3030713640469738
0.6337777777777778,0.030222222222222223,0.028888888888888888,0.3071111111111111
0.62855871886121,0.03069395017793594,0.027580071174377226,0.31316725978647686
0.6306386779812416,0.02992407324698526,0.0241179097811523,0.3153193389906208
0.6282165039929015,0.02883762200532387,0.024844720496894408,0.3181011535048802
0.6257750221434898,0.027900797165633304,0.024357838795394153,0.32196634189548273
0.6210851345390384,0.02690780767534186,0.02337891486546096,0.3286281429201588
0.6202029113365681,0.025584472871636524,0.025584472871636524,0.3286281429201588
0.6192599197503343,0.023629068212215783,0.025858225590726706,0.3312527864467231
0.6193633952254642,0.02475685234305924,0.023872679045092837,0.33200707338638374
0.6248888888888889,0.024444444444444446,0.023555555555555555,0.32711111111111113
0.6227171492204899,0.02271714922048998,0.026280623608017816,0.3282850779510022
0.6179875333926982,0.023597506678539625,0.028495102404274265,0.329919857524488
0.6214539007092199,0.023936170212765957,0.02969858156028369,0.3249113475177305
0.6190053285968028,0.022202486678507993,0.03152753108348135,0.3272646536412078
0.6256590509666081,0.023725834797891036,0.029437609841827767,0.3211775043936731
0.6230870135548754,0.024048972452995192,0.03279405334499344,0.320069960647136
0.6148409893992933,0.026501766784452298,0.0353356890459364,0.32332155477031804
0.6160035762181493,0.028162717925793473,0.03263299061242736,0.32320071524362987
0.6209322779243623,0.029023746701846966,0.0316622691292876,0.31838170624450307
0.6255585344057194,0.028150134048257374,0.03261840929401251,0.3136729222520107
0.6284444444444445,0.027555555555555555,0.03288888888888889,0.3111111111111111
0.6275465013286093,0.026572187776793623,0.03365810451727192,0.3122232063773251
0.6302521008403361,0.026094648385670056,0.033171163202122954,0.31048208757187085
0.6339285714285714,0.027232142857142858,0.03571428571428571,0.303125
0.632087912087912,0.026373626373626374,0.03340659340659341,0.30813186813186816
0.6290893015030946,0.026083112290008842,0.033156498673740056,0.3116710875331565
0.6310636404094349,0.0267022696929239,0.03382287494437027,0.308411214953271
0.6390374331550802,0.024509803921568627,0.034759358288770054,0.3016934046345811
0.645842498900132,0.02287725472943247,0.034755829300483945,0.2965244170699516
0.6457219251336899,0.023618538324420676,0.03253119429590018,0.29812834224598933
0.6455471865307931,0.0203810367744794,0.031014621178555603,0.3030571555161719
0.6390611160318866,0.02037201062887511,0.03188662533215235,0.30868024800708593
