C,D,Oc,Od
0.0,0.0,1.0,0.0
0.0,0.3333333333333333,0.6666666666666666,0.0
0.0,0.2222222222222222,0.5555555555555556,0.2222222222222222
0.0,0.11764705882352941,0.5882352941176471,0.29411764705882354
0.06451612903225806,0.0967741935483871,0.5483870967741935,0.2903225806451613
0.06521739130434782,0.10869565217391304,0.5869565217391305,0.2391304347826087
0.10294117647058823,0.1323529411764706,0.5441176470588235,0.22058823529411764
0.13541666666666666,0.13541666666666666,0.5104166666666666,0.21875
0.13333333333333333,0.12666666666666668,0.5066666666666667,0.23333333333333334
0.16062176165803108,0.12435233160621761,0.5077720207253886,0.20725388601036268
0.17669172932330826,0.13157894736842105,0.49624060150375937,0.19548872180451127
0.19602272727272727,0.13636363636363635,0.4772727272727273,0.1903409090909091
0.21689497716894976,0.1324200913242009,0.45662100456621,0.19406392694063926
0.22429906542056074,0.13457943925233645,0.43177570093457945,0.20934579439252338
0.23708206686930092,0.13677811550151975,0.43009118541033436,0.196048632218845
0.24031007751937986,0.14470284237726097,0.42118863049095606,0.1937984496124031
0.24623655913978496,0.13870967741935483,0.4150537634408602,0.2
0.25327102803738316,0.14299065420560747,0.4074766355140187,0.19626168224299065
0.26062091503267976,0.1527777777777778,0.39133986928104575,0.19526143790849673
0.26676492262343404,0.16359616801768606,0.3750921149594694,0.19454679439941047
0.2619047619047619,0.17394179894179895,0.37103174603174605,0.1931216931216931
0.2676056338028169,0.1837109614206981,0.3582363747703613,0.1904470300061237
0.26276958002270145,0.1935300794551646,0.35925085130533485,0.1844494892167991
0.25872249060654856,0.2050456253354804,0.3526570048309179,0.18357487922705315
0.25974683544303795,0.21265822784810126,0.34582278481012657,0.18177215189873416
0.255734504636408,0.2230356271351879,0.34260614934114203,0.17862371888726208
0.2587346553352219,0.23229461756373937,0.3319169027384325,0.17705382436260622
0.25981735159817354,0.23013698630136986,0.33378995433789954,0.17625570776255708
0.2589928057553957,0.2329136690647482,0.32419064748201437,0.18390287769784172
0.2606761565836299,0.23176156583629892,0.3265124555160142,0.18104982206405695
0.2594880847308032,0.22992056487202117,0.33142100617828774,0.17917034421888792
0.2592267135325132,0.23110720562390158,0.3308435852372584,0.17882249560632688
0.2517574692442882,0.23286467486818982,0.3343585237258348,0.18101933216168717
0.2539198606271777,0.2312717770034843,0.3314459930313589,0.1833623693379791
0.258121940364931,0.2314196706720071,0.32665776591010237,0.1838006230529595
0.2489025460930641,0.2344161545215101,0.32396839332748023,0.19271290605794555
0.25199645075421473,0.23558118899733807,0.318544809228039,0.19387755102040816
0.25141120277898393,0.23056882327399045,0.3282674772036474,0.1897524967433782
0.2409269785745518,0.23174464363795366,0.3310013117621338,0.19632706602536074
0.23423026025584473,0.23599470666078518,0.3321570357300397,0.19761799735333038
0.24091108190976784,0.23346473937801138,0.3302671922908454,0.1953569864213754
0.24472759226713534,0.23330404217926187,0.3290861159929701,0.19288224956063268
0.2429781542576906,0.2371823450735622,0.32679447168970127,0.1930450289790459
0.24007060900264784,0.23698146513680493,0.33097969991173876,0.19196822594880847
0.24151608638166594,0.23490524460114587,0.3318642573821067,0.19171441163508154
0.23742277140335394,0.23698146513680493,0.33362753751103263,0.19196822594880847
0.23876651982378855,0.23524229074889869,0.32863436123348017,0.1973568281938326
0.23776223776223776,0.23557692307692307,0.326486013986014,0.20017482517482518
0.2398049645390071,0.23093971631205673,0.3275709219858156,0.20168439716312056
0.23625164980202376,0.2353717553893533,0.3273207215134184,0.20105587329520458
0.23584070796460177,0.2407079646017699,0.32964601769911506,0.19380530973451326
0.23599470666078518,0.2368769298632554,0.33039258932509924,0.19673577415086016
0.23638778220451528,0.2381584772023019,0.33023461708720675,0.1952191235059761
0.23464912280701755,0.23421052631578948,0.3320175438596491,0.19912280701754387
0.23346473937801138,0.23565484012264565,0.3302671922908454,0.20061322820849758
0.23645970937912814,0.23293703214442976,0.3271686481726112,0.20343461030383092
0.235216240070609,0.23300970873786409,0.32391879964695497,0.20785525154457193
0.23110720562390158,0.23286467486818982,0.3317223198594025,0.20430579964850615
0.22965879265091863,0.23928258967629046,0.326334208223972,0.2047244094488189
0.22813186813186814,0.2378021978021978,0.3261538461538461,0.2079120879120879
0.23035714285714284,0.2392857142857143,0.3196428571428571,0.21071428571428572
0.23911149825783973,0.2347560975609756,0.31837979094076657,0.2077526132404181
0.24567627494456762,0.2337028824833703,0.31574279379157427,0.2048780487804878
0.2445414847161572,0.23580786026200873,0.31528384279475985,0.20436681222707423
0.2422907488986784,0.23127753303964757,0.31718061674008813,0.2092511013215859
0.23935708079930496,0.23327541268462207,0.3158123370981755,0.21155516941789748
0.2406113537117904,0.22532751091703057,0.32139737991266376,0.2126637554585153
0.23878627968337732,0.2247141600703606,0.3175021987686895,0.21899736147757257
0.23583662714097497,0.2231005709266579,0.32323232323232326,0.2178304787000439
0.24527472527472527,0.21846153846153846,0.32175824175824175,0.2145054945054945
0.2412571934484285,0.22532093846834883,0.31828242585214694,0.2151394422310757
0.24355555555555555,0.22177777777777777,0.3164444444444444,0.21822222222222223
0.24505059392872855,0.22261328640563133,0.31940167179938406,0.21293444786625604
0.24319578577699735,0.22080772607550483,0.3244073748902546,0.2115891132572432
0.2413491020586947,0.22251423565484013,0.3232588699080158,0.21287779237844942
0.24221149627029398,0.21412900394910048,0.3290917068889864,0.21456779289161912
0.2412571934484285,0.21602478972996902,0.32580787959274016,0.21691013722886232
0.24145583666222814,0.22458943630714603,0.3293386595650244,0.20461606746560143
0.24283825473776993,0.2234464521815778,0.33054208902600263,0.20317320405464961
0.2467134092900964,0.22611744084136723,0.32690622261174407,0.2002629272567923
0.2508833922261484,0.22747349823321555,0.3219964664310954,0.19964664310954064
0.25142606406318563,0.23168056164984643,0.3181219833260202,0.19877139096094779
0.24956140350877193,0.22412280701754386,0.32456140350877194,0.20175438596491227
0.24780701754385964,0.22017543859649122,0.3298245614035088,0.20219298245614034
0.24956293706293706,0.22508741258741258,0.32342657342657344,0.20192307692307693
0.24637043554773427,0.21821381434227893,0.3273207215134184,0.20809502859656842
0.25520602569782896,0.21311475409836064,0.3234381922906513,0.20824102791315907
0.25951859956236323,0.22056892778993437,0.31816192560175055,0.20175054704595186
0.25932504440497334,0.21758436944937834,0.31793960923623443,0.20515097690941386
0.2608886933567972,0.21249450065992082,0.3132424109106907,0.2133743950725913
0.2611184500220167,0.21180096873623955,0.32012329370321446,0.2069572875385293
0.2600700525394046,0.21628721541155868,0.31654991243432573,0.20709281961471104
0.26260869565217393,0.21782608695652175,0.31478260869565217,0.20478260869565218
0.2690288713910761,0.21303587051618547,0.31452318460192474,0.20341207349081364
0.26438296003513395,0.22002635046113306,0.3100570926657883,0.20553359683794467
0.2703526338702656,0.2194166303874619,0.3086634740966478,0.20156726164562472
0.2742857142857143,0.21802197802197804,0.30725274725274726,0.20043956043956043
0.2673656618610747,0.22455220620358235,0.308868501529052,0.19921363040629095
0.2632046160674656,0.22503328894806923,0.30803373280071017,0.20372836218375498
0.26071428571428573,0.22767857142857142,0.30357142857142855,0.2080357142857143
0.25631929046563195,0.23547671840354767,0.30110864745011084,0.20709534368070953
0.25929164844774816,0.23043288150415392,0.3034543069523393,0.20682116309575863
0.25704225352112675,0.23283450704225353,0.30809859154929575,0.20202464788732394
0.25691699604743085,0.22880983750548967,0.308300395256917,0.2059727711901625
0.261101243339254,0.22424511545293072,0.31216696269982236,0.2024866785079929
0.25342163355408387,0.22251655629139072,0.31876379690949225,0.2052980132450331
0.25263157894736843,0.22105263157894736,0.32105263157894737,0.20526315789473684
0.2509838216003498,0.2160034980323568,0.32837778749453433,0.20463489287275907
0.25297487880123404,0.21683561040105773,0.31864257382106653,0.2115469369766417
0.25196163905841323,0.2122929380993897,0.3247602441150828,0.2109851787271142
0.2571301247771836,0.21479500891265596,0.32085561497326204,0.2072192513368984
0.25862068965517243,0.21175950486295314,0.32581786030061893,0.20380194518125552
0.2608885017421603,0.21689895470383275,0.32229965156794427,0.1999128919860627
0.2657558395769061,0.2124283825473777,0.32260907888937856,0.19920669898633758
0.2565674255691769,0.2119089316987741,0.329246935201401,0.202276707530648
0.25518763796909494,0.21721854304635763,0.3200883002207506,0.20750551876379691
0.25298013245033113,0.22163355408388521,0.31699779249448123,0.20838852097130242
0.2560069899519441,0.22018348623853212,0.31716906946264745,0.20664045434687636
0.25513324595893405,0.21756225425950196,0.31716906946264745,0.21013543031891654
0.2537577365163572,0.22458001768346597,0.3147656940760389,0.20689655172413793
0.2605820105820106,0.2261904761904762,0.3037918871252205,0.20943562610229277
0.25793650793650796,0.22530864197530864,0.30864197530864196,0.20811287477954143
0.2587260034904014,0.2212041884816754,0.3089005235602094,0.2111692844677138
0.2600087989441267,0.22305323361196655,0.3044434667839859,0.21249450065992082
0.2654320987654321,0.22530864197530864,0.29717813051146386,0.21208112874779542
0.2600700525394046,0.22373029772329248,0.30297723292469353,0.21322241681260945
0.261978021978022,0.22637362637362637,0.2975824175824176,0.21406593406593408
0.25749559082892415,0.22663139329805995,0.30335097001763667,0.21252204585537918
0.2553097345132743,0.22787610619469026,0.3035398230088496,0.21327433628318584
0.2535650623885918,0.22727272727272727,0.2994652406417112,0.2196969696969697
0.25694138386954607,0.23049801674746584,0.2891141472014103,0.2234464521815778
0.25937362152624616,0.22893692104102337,0.2911336568151742,0.22055580061755625
0.2587131367292225,0.225201072386059,0.29177837354781055,0.22430741733690795
0.25847644209599296,0.23029502421840597,0.28269484808454426,0.2285336856010568
0.2650709219858156,0.2198581560283688,0.2859042553191489,0.22916666666666666
0.26546731022378234,0.22071083808688022,0.2856516015796402,0.22817025010969724
0.26810004387889425,0.22027204914436158,0.2856516015796402,0.225976305397104
0.2650814619110524,0.2166446499339498,0.29590488771466317,0.22236900044033464
0.26628771316134675,0.21469173589855706,0.29470922606034106,0.22431132487975514
0.26672496720594663,0.2186270222999563,0.2925229558373415,0.22212505465675558
0.2657281126264848,0.22305323361196655,0.2921249450065992,0.2190937087549494
0.2551602986385595,0.22397891963109354,0.2977602108036891,0.2231005709266579
0.2566725978647687,0.22909252669039146,0.29270462633451955,0.2215302491103203
0.25584472871636527,0.2333480370533745,0.28892809880899867,0.2218791354212616
0.2599293909973522,0.23300970873786409,0.29170344218887906,0.21535745807590467
0.2592756183745583,0.22968197879858657,0.2941696113074205,0.21687279151943462
0.25604927408710954,0.2322921249450066,0.2996040475142983,0.21205455345358556
0.25778167470407715,0.22753178430512933,0.3042525208241999,0.2104340201665936
0.26090750436300175,0.22731239092495636,0.3045375218150087,0.20724258289703315
0.25686448184233834,0.21966341895482727,0.3038086802480071,0.21966341895482727
0.2479157525230364,0.22290478279947346,0.3102237823606845,0.21895568231680562
0.24835164835164836,0.22065934065934065,0.309010989010989,0.22197802197802197
0.24724061810154527,0.21810154525386313,0.30949227373068433,0.2251655629139073
0.2421978021978022,0.22373626373626374,0.3046153846153846,0.22945054945054946
0.24394539850286218,0.22324966974900926,0.30779392338177014,0.22501100836635843
0.24364592462751972,0.21779141104294478,0.3141980718667835,0.22436459246275198
0.24737762237762237,0.2202797202797203,0.30856643356643354,0.22377622377622378
0.24227714033539277,0.22550750220653135,0.30406001765225066,0.22815533980582525
0.24560632688927944,0.22275922671353252,0.30492091388400705,0.22671353251318102
0.2543936731107206,0.21968365553602812,0.30184534270650265,0.22407732864674867
0.25,0.21847246891651864,0.3037300177619893,0.227797513321492
0.25342768686421935,0.21892967713401149,0.30429013710747455,0.22335249889429457
0.2562747688243065,0.2175253192426244,0.30295024218405986,0.22324966974900926
0.2543936731107206,0.22407732864674867,0.3031634446397188,0.21836555360281196
0.25868210151380233,0.22083704363312556,0.3009795191451469,0.2195013357079252
0.2591273374888691,0.21682991985752448,0.29741763134461263,0.22662511130899377
0.24956063268892795,0.21704745166959577,0.2992091388400703,0.23418277680140598
0.2509942554131684,0.21873619089703933,0.2965090587715422,0.2337604949182501
0.2511013215859031,0.21762114537444935,0.2907488986784141,0.24052863436123348
0.2472695500218436,0.21231979030144169,0.29707295762341634,0.24333770205329838
0.25,0.2168411867364747,0.29232111692844676,0.24083769633507854
0.2506631299734748,0.21573828470380194,0.29133510167992926,0.242263483642794
0.2535149384885764,0.21616871704745166,0.29086115992970124,0.23945518453427064
0.2541998231653404,0.21043324491600354,0.2948717948717949,0.24049513704686118
0.25299069561364645,0.2108994240141781,0.2906513070447497,0.2454585733274258
0.2546174142480211,0.21240105540897097,0.29199648197009676,0.24098504837291118
0.25558965366067515,0.21131082858395442,0.2889083735203858,0.24419114423498467
0.25530035335689044,0.21289752650176677,0.29328621908127206,0.23851590106007067
0.2600441501103753,0.21059602649006623,0.28874172185430463,0.24061810154525387
0.2562199912701877,0.2073330423395897,0.29244871235268444,0.2439982540375382
0.2604074402125775,0.20682019486271036,0.2869796279893711,0.245792736935341
0.2642669007901668,0.21071115013169447,0.2835820895522388,0.2414398595258999
0.2638335546702081,0.21204072598494908,0.28419654714475434,0.23992917220008853
0.2543936731107206,0.21836555360281196,0.28954305799648505,0.23769771528998243
0.25485865724381623,0.21908127208480566,0.28975265017667845,0.23630742049469966
0.2567269519188355,0.21393912659902956,0.29289810322011467,0.2364358182620203
0.259375,0.20714285714285716,0.29464285714285715,0.23883928571428573
0.2560069899519441,0.21188291830493666,0.2961992136304063,0.23591087811271297
0.2570546737213404,0.21693121693121692,0.29056437389770723,0.23544973544973544
0.26297273526824977,0.21459982409850484,0.2858399296394019,0.23658751099384345
0.26380910296067167,0.2138753866548829,0.28855501546619533,0.2337604949182501
0.262071992976295,0.21597892888498682,0.28665496049165934,0.23529411764705882
0.26767452200978215,0.21742996887505558,0.2872387727879057,0.22765673632725655
0.264975951027547,0.21469173589855706,0.2855268911237429,0.23480542195015303
0.266900790166813,0.22256365232660227,0.2796312554872695,0.2309043020193152
0.2673656618610747,0.2276103101791175,0.2743556138051551,0.2306684141546527
0.2689260563380282,0.2249119718309859,0.2777288732394366,0.22843309859154928
0.2715939447907391,0.2252894033837934,0.27337488869100623,0.22974176313446126
0.2717247463608293,0.22055580061755625,0.27701808557565066,0.23070136744596384
0.2702939885914875,0.2233435717419921,0.27512066695919263,0.23124177270732776
0.27276707530647987,0.22460595446584938,0.27189141856392296,0.23073555166374782
0.2736141906873614,0.22527716186252772,0.2713968957871397,0.22971175166297117
0.2781456953642384,0.22958057395143489,0.26799116997792494,0.22428256070640176
0.27626970227670755,0.23204903677758318,0.2618213660245184,0.22985989492119088
0.279090113735783,0.22703412073490814,0.2615923009623797,0.23228346456692914
0.28100263852242746,0.2247141600703606,0.2638522427440633,0.23043095866314864
0.2761487964989059,0.2223194748358862,0.2673960612691466,0.23413566739606126
0.2776066871975363,0.22305323361196655,0.2710074791025077,0.22833260008798945
0.2806167400881057,0.22246696035242292,0.27048458149779736,0.226431718061674
0.2843956043956044,0.21934065934065933,0.2654945054945055,0.23076923076923078
0.2895204262877442,0.2202486678507993,0.25843694493783304,0.23179396092362345
0.28350970017636684,0.2239858906525573,0.2566137566137566,0.23589065255731922
0.2796312554872695,0.22036874451273047,0.2677787532923617,0.23222124670763827
0.2814847547503314,0.22315510384445428,0.2633672116659302,0.23199292973928415
0.28527200353825743,0.21229544449358692,0.2631578947368421,0.23927465723131358
0.28433945756780404,0.2169728783902012,0.2664041994750656,0.23228346456692914
0.27984084880636606,0.21529619805481875,0.26702033598585323,0.23784261715296198
0.2786026200873362,0.21528384279475982,0.2668122270742358,0.23930131004366811
0.2755238519839501,0.21266161390994204,0.2639322336156933,0.24788230049041463
0.27758164165931154,0.2091791703442189,0.26919682259488087,0.2440423654015887
0.2783641160949868,0.20976253298153033,0.26824978012313105,0.2436235708003518
0.2796125055041832,0.20783795684720388,0.26816380449141347,0.24438573315719947
0.2820968458462905,0.21057307863171923,0.26299422478898266,0.24433585073300756
0.28169014084507044,0.21390845070422534,0.2632042253521127,0.24119718309859156
0.27571115973741794,0.2188183807439825,0.26433260393873087,0.24113785557986872
0.2741364038972542,0.21567759078830823,0.2657218777679362,0.24446412754650132
0.27816901408450706,0.21390845070422534,0.2654049295774648,0.2425176056338028
0.2726075504828797,0.21641791044776118,0.2677787532923617,0.24319578577699735
0.2718531468531469,0.21765734265734266,0.26354895104895104,0.24694055944055945
0.26834659593280286,0.21529619805481875,0.2656940760389036,0.2506631299734748
0.2722880983750549,0.21826965305226176,0.2621870882740448,0.24725516029863856
0.27296819787985865,0.22128975265017667,0.2623674911660777,0.24337455830388693
0.27088830255057167,0.2198768689533861,0.2678100263852243,0.24142480211081793
0.25684024713150927,0.2263901147396293,0.2815533980582524,0.235216240070609
0.26313446126447015,0.22083704363312556,0.280053428317008,0.23597506678539626
0.2593886462882096,0.2240174672489083,0.27729257641921395,0.23930131004366811
0.26252771618625276,0.22261640798226165,0.270509977827051,0.2443458980044346
0.2638706858890345,0.22935779816513763,0.2673656618610747,0.23940585408475318
0.26821773485513606,0.2273924495171203,0.2647058823529412,0.23968393327480245
0.2672831351827389,0.22589167767503301,0.26420079260237783,0.2426243945398503
0.2651080723423026,0.22849580943978826,0.2651080723423026,0.24128804587560654
0.26894107221976077,0.2259636685866194,0.2671688081524147,0.23792645104120513
0.26997366110623355,0.22563652326602282,0.27699736611062337,0.2273924495171203
0.2676056338028169,0.2249119718309859,0.27816901408450706,0.22931338028169015
0.26409232134931204,0.2228140257434532,0.2796271637816245,0.2334664891256103
0.2550218340611354,0.225764192139738,0.28646288209606985,0.23275109170305677
0.2544897065265002,0.22996057818659657,0.28690319754708715,0.22864651773981604
0.24757281553398058,0.235657546337158,0.2846425419240953,0.2321270962047661
0.24445430346051464,0.2440106477373558,0.2826086956521739,0.22892635314995563
0.2408695652173913,0.24695652173913044,0.2808695652173913,0.23130434782608697
0.23684210526315788,0.25043859649122807,0.28464912280701754,0.22807017543859648
0.2323943661971831,0.24647887323943662,0.28653169014084506,0.23459507042253522
0.2255541069100391,0.24771838331160365,0.2907431551499348,0.23598435462842243
0.22719298245614036,0.24912280701754386,0.2899122807017544,0.2337719298245614
0.22212389380530972,0.24469026548672565,0.28982300884955753,0.24336283185840707
0.22589167767503301,0.24526640246587406,0.2915015411712902,0.23734037868780272
0.22689443714410862,0.24310118265440211,0.2956636005256242,0.23434077967586509
0.2251655629139073,0.24591611479028697,0.29668874172185433,0.23222958057395143
0.22464412811387902,0.2442170818505338,0.2998220640569395,0.2313167259786477
0.22634836427939875,0.2440318302387268,0.2988505747126437,0.23076923076923078
0.22783143107989465,0.242756804214223,0.28884986830553117,0.2405618964003512
0.22659010600706714,0.24381625441696114,0.2941696113074205,0.23542402826855124
0.22484689413823272,0.2458442694663167,0.29308836395450566,0.23622047244094488
0.21822222222222223,0.24355555555555555,0.2946666666666667,0.24355555555555555
0.2207850133809099,0.24219446922390722,0.292149866190901,0.2448706512042819
0.22083704363312556,0.23998219056099732,0.298753339269813,0.2404274265360641
0.219938784433756,0.2369916921731526,0.30170529077393965,0.24136423261915171
0.21995565410199558,0.2394678492239468,0.29490022172949004,0.24567627494456762
0.21894273127753303,0.23920704845814977,0.2982378854625551,0.24361233480176211
0.21438023820026467,0.2474636082928981,0.2937803264225849,0.24437582708425232
0.2114962702939886,0.249670908293111,0.28872312417727075,0.25010969723562965
0.21209465381244522,0.24715162138475022,0.2927256792287467,0.24802804557405783
0.21217391304347827,0.2539130434782609,0.28739130434782606,0.2465217391304348
0.21777777777777776,0.2528888888888889,0.28,0.24933333333333332
0.22256365232660227,0.2467076382791923,0.28226514486391574,0.24846356453028973
0.21794310722100657,0.2525164113785558,0.2800875273522976,0.24945295404814005
0.21924428822495606,0.25,0.281195079086116,0.24956063268892795
0.2160737812911726,0.2534036012296882,0.2841458058849363,0.2463768115942029
0.22071678321678323,0.2416958041958042,0.28452797202797203,0.2530594405594406
0.21825396825396826,0.23633156966490299,0.29056437389770723,0.25485008818342153
0.22369000440334655,0.23645970937912814,0.2818141787758697,0.25803610744165567
0.22715289982425307,0.23022847100175747,0.28031634446397186,0.2623022847100176
0.22377622377622378,0.2312062937062937,0.2749125874125874,0.2701048951048951
0.22822299651567945,0.2260452961672474,0.27656794425087106,0.2691637630662021
0.22493345164152617,0.23247559893522626,0.2732919254658385,0.26929902395740907
0.22681318681318682,0.22637362637362637,0.27472527472527475,0.2720879120879121
0.2297003907946157,0.23187147199305255,0.27312201476335213,0.2653061224489796
0.2326297273526825,0.2326297273526825,0.2691292875989446,0.26561125769569044
0.23110720562390158,0.23198594024604569,0.2697715289982425,0.2671353251318102
0.22587816807469988,0.23388172521120498,0.2774566473988439,0.2627834593152512
0.22207563764291996,0.23966578715919085,0.27924362357080035,0.2590149516270888
0.2191480017566974,0.24022837066315328,0.2815107597716293,0.25911286780852
0.21895568231680562,0.23738481790258886,0.2808249232119351,0.2628345765686705
0.22333916083916083,0.23208041958041958,0.28146853146853146,0.2631118881118881
0.22212389380530972,0.23407079646017698,0.2814159292035398,0.26238938053097344
0.21972699251431088,0.2408630559225011,0.2796125055041832,0.25979744605900484
0.21578243423985732,0.24119482835488185,0.2799821667409719,0.2630405706642889
0.2191480017566974,0.23539745278875715,0.282389108476065,0.26306543697848045
0.21991150442477875,0.2424778761061947,0.2845132743362832,0.25309734513274335
0.21873619089703933,0.24436588599204595,0.28546177640300485,0.25143614670790987
0.21806167400881057,0.24801762114537446,0.2854625550660793,0.24845814977973568
0.21544537077665643,0.2448442299254059,0.2830188679245283,0.2566915313734094
0.21919014084507044,0.24559859154929578,0.28565140845070425,0.24955985915492956
0.225130890052356,0.24476439790575916,0.28184991273996507,0.2482547993019197
0.22119613016710643,0.24538258575197888,0.28408091468777485,0.24934036939313983
0.22659010600706714,0.24381625441696114,0.28091872791519434,0.24867491166077738
0.23158359064843406,0.2439347154830172,0.2858403176003529,0.23864137626819584
0.23237597911227154,0.24586597040905134,0.2859007832898172,0.23585726718885988
0.23243712055507373,0.24371205550737207,0.287510841283608,0.23633998265394623
0.23141223053233612,0.24197096348438188,0.29036515618125824,0.23625164980202376
0.23182018510356986,0.24195680916703394,0.29396209784045835,0.23226090788893786
0.23477100933748332,0.2418852823477101,0.29079590929301913,0.23254779902178746
0.23257878384376388,0.2334664891256103,0.29161118508655126,0.24234354194407456
0.23866138265081463,0.23205636283575518,0.28797886393659183,0.2413033905768384
0.23692307692307693,0.23692307692307693,0.2773626373626374,0.24879120879120878
0.24175824175824176,0.2342857142857143,0.2773626373626374,0.2465934065934066
0.23885209713024283,0.23399558498896247,0.2768211920529801,0.2503311258278146
0.2291849255039439,0.23400525854513585,0.28308501314636286,0.2537248028045574
0.23380035026269702,0.22723292469352013,0.28633975481611207,0.2526269702276708
0.23368606701940034,0.23324514991181658,0.2830687830687831,0.25
0.23748338502436864,0.22729286663712894,0.2875498449268941,0.24767390341160833
0.2392935982339956,0.2229580573951435,0.28520971302428255,0.2525386313465784
0.239492119089317,0.2202276707530648,0.28239929947460596,0.2578809106830123
0.23550243470562196,0.2213368747233289,0.283311199645861,0.2598494909251881
0.2370860927152318,0.22075055187637968,0.284326710816777,0.2578366445916115
0.24511545293072823,0.22291296625222023,0.28374777975133214,0.24822380106571937
0.24681598594642074,0.21563460693895475,0.2894158981115503,0.2481335090030742
0.2525386313465784,0.21236203090507727,0.2878587196467991,0.24724061810154527
0.24944812362030905,0.21147902869757174,0.2878587196467991,0.25121412803532006
0.24336090552895082,0.2107096212451023,0.2916848062690466,0.2542446669569003
0.2425176056338028,0.207306338028169,0.292693661971831,0.2574823943661972
0.2432077125328659,0.2085889570552147,0.29404031551270815,0.2541630148992112
0.23908248786943095,0.20732245258050286,0.29201588001764445,0.2615791795324217
0.24467140319715808,0.20470692717584368,0.28507992895204265,0.2655417406749556
0.24139452780229478,0.2087378640776699,0.2833186231244484,0.26654898499558694
0.24286341677646026,0.2028985507246377,0.28634167764602547,0.2678963548528766
0.24556737588652483,0.20345744680851063,0.2845744680851064,0.26640070921985815
0.2537313432835821,0.20149253731343283,0.2835820895522388,0.26119402985074625
0.2425438596491228,0.2057017543859649,0.2824561403508772,0.2692982456140351
0.24543874891398784,0.20417028670721113,0.28279756733275413,0.2675933970460469
0.24801762114537446,0.20748898678414096,0.2828193832599119,0.2616740088105727
0.2527520915896081,0.20079260237780713,0.2848965213562307,0.261558784676354
0.2507605388961321,0.20903954802259886,0.28074750108648416,0.25945241199478486
0.24879333040807372,0.21193505923650724,0.2781921895568232,0.26107942079859586
0.24649122807017543,0.21096491228070174,0.27850877192982454,0.26403508771929823
0.23805309734513275,0.2168141592920354,0.27654867256637167,0.2685840707964602
0.24338624338624337,0.20811287477954143,0.2791005291005291,0.26940035273368607
0.2490118577075099,0.20685111989459815,0.277119016249451,0.26701800614844096
0.25210084033613445,0.20477664750110572,0.27908005307386113,0.26404245908889873
0.25353356890459366,0.20715547703180212,0.2747349823321555,0.26457597173144876
0.2578947368421053,0.20307017543859648,0.2767543859649123,0.26228070175438595
0.25537516454585346,0.2053532250987275,0.27512066695919263,0.2641509433962264
0.24812030075187969,0.20610349402919062,0.27952233524988945,0.26625386996904027
0.24923211935059236,0.2053532250987275,0.2795085563843791,0.26590609916630104
0.24669603524229075,0.2039647577092511,0.2845814977973568,0.2647577092511013
0.2549363756033348,0.20403685827117157,0.2803861342694164,0.2606406318560772
0.2543859649122807,0.20175438596491227,0.27850877192982454,0.26535087719298245
0.2563876651982379,0.19339207048458149,0.28325991189427313,0.2669603524229075
0.2577680525164114,0.19693654266958424,0.27702407002188184,0.26827133479212256
0.262071992976295,0.19402985074626866,0.2712906057945566,0.2726075504828797
0.2606219886114761,0.19667104686815592,0.2706964520367937,0.2720105124835742
0.2602018429135586,0.19218955682316805,0.2768758227292672,0.27073277753400615
0.2587260034904014,0.19415357766143107,0.27399650959860383,0.2731239092495637
0.26292725679228746,0.19456617002629273,0.2778264680105171,0.26468010517090274
0.25793650793650796,0.19797178130511464,0.2808641975308642,0.26322751322751325
0.2630415561450044,0.19938107869142352,0.2723253757736516,0.26525198938992045
0.25921052631578945,0.20350877192982456,0.2679824561403509,0.2692982456140351
0.2588183421516755,0.20458553791887124,0.2742504409171076,0.2623456790123457
0.256477821695213,0.20114185331576637,0.28019323671497587,0.2621870882740448
0.25022026431718064,0.20484581497797358,0.2801762114537445,0.2647577092511013
0.24180148666375165,0.20988194140795802,0.28377787494534323,0.2645386969829471
0.23757149142102948,0.2111746590409151,0.2846458424989001,0.2666080070391553
0.23669159700835898,0.2111746590409151,0.2886053673559173,0.2635283765948086
0.2364358182620203,0.21658579620644022,0.2867225408028231,0.2602558447287164
0.24445430346051464,0.21162377994676132,0.2857142857142857,0.25820763087843834
0.24450307827616535,0.21459982409850484,0.28671943711521547,0.2541776605101143
0.2395970214629873,0.2146298729741568,0.2943495400788436,0.2514235654840123
0.24483516483516485,0.21846153846153846,0.28307692307692306,0.25362637362637364
0.2381578947368421,0.22017543859649122,0.28289473684210525,0.25877192982456143
0.23680767553423462,0.22023549934583514,0.278674225904928,0.2642825992150022
0.23757628596338273,0.22013949433304272,0.2829119442022668,0.25937227550130776
0.24052863436123348,0.21101321585903085,0.27709251101321586,0.2713656387665198
0.24430823117338005,0.21015761821366025,0.2788966725043783,0.26663747810858146
0.23813670004353504,0.20896821941663038,0.28384849804092294,0.2690465824989116
0.2375886524822695,0.21099290780141844,0.2898936170212766,0.26152482269503546
0.2406675450153711,0.20948616600790515,0.2924901185770751,0.25735617039964864
0.2395970214629873,0.2084975908891809,0.2925974594831362,0.25930792816469556
0.24529951902055094,0.21381722780935725,0.2885876694359423,0.25229558373414956
0.2521853146853147,0.2111013986013986,0.28365384615384615,0.2530594405594406
0.2507685551163812,0.21256038647342995,0.2815107597716293,0.2551602986385595
0.25241016652059595,0.20902716914986855,0.2791411042944785,0.25942156003505695
0.24956521739130436,0.20565217391304347,0.28695652173913044,0.25782608695652176
0.2545374059318282,0.19964586100044268,0.28508189464364764,0.26073483842408146
0.24989020641194554,0.20553359683794467,0.2845849802371542,0.25999121651295565
0.24713656387665198,0.2092511013215859,0.27929515418502204,0.2643171806167401
0.249890590809628,0.21137855579868708,0.27833698030634574,0.2603938730853392
0.24703817463799913,0.20930232558139536,0.2786309784993418,0.2650285212812637
0.2534965034965035,0.20541958041958042,0.2731643356643357,0.2679195804195804
0.2518747243052492,0.2121746801940891,0.2734891927657697,0.26246140273489194
0.253671562082777,0.20738762794837562,0.27102803738317754,0.26791277258566976
0.2501095050372317,0.20455540954883925,0.2781427945685502,0.2671922908453789
0.25749559082892415,0.20679012345679013,0.2698412698412698,0.26587301587301587
0.25768217734855137,0.20280948200175591,0.2774363476733977,0.262071992976295
0.2628120893561104,0.20543144984669295,0.2715724923346474,0.26018396846254926
0.261443661971831,0.20466549295774647,0.2706866197183099,0.2632042253521127
0.26174791392182695,0.20377689942907334,0.27009222661396576,0.26438296003513395
0.2683677958644963,0.20765508139023317,0.2652881654201496,0.258688957325121
0.2683887915936953,0.20490367775831875,0.26882661996497376,0.2578809106830123
0.26451041205139564,0.20691182986264953,0.2662826761187417,0.26229508196721313
0.2691292875989446,0.2075637642919965,0.26824978012313105,0.25505716798592787
0.27365163572060125,0.20380194518125552,0.268788682581786,0.2537577365163572
0.27439824945295405,0.1986870897155361,0.2735229759299781,0.25339168490153174
0.26498002663115844,0.20639147802929428,0.27873945849977805,0.2498890368397692
0.27144742630884294,0.20633523977122745,0.2784865816102068,0.24373075230972283
0.2736842105263158,0.19736842105263158,0.28596491228070176,0.24298245614035088
0.2688553682342502,0.20186335403726707,0.28438331854480925,0.24489795918367346
0.26148409893992935,0.2053886925795053,0.28136042402826855,0.25176678445229683
0.26458797327394207,0.20133630289532295,0.2864142538975501,0.24766146993318486
0.2604074402125775,0.20726306465899025,0.2812223206377325,0.25110717449069975
0.2635761589403974,0.20750551876379691,0.28167770419426047,0.24724061810154527
0.2692822113241195,0.20641997325011147,0.28131966116807844,0.2429781542576906
0.26919642857142856,0.20848214285714287,0.2785714285714286,0.24375
0.26591107236268524,0.2070619006102877,0.2807323452484743,0.24629468177855274
0.26366418889374726,0.20988194140795802,0.279842588543944,0.2466112811543507
0.25906509392747923,0.20795107033639143,0.2874617737003058,0.2455220620358235
0.26132864056313243,0.21249450065992082,0.278926528816542,0.24725032996040475
0.2518847006651885,0.21507760532150777,0.2802660753880266,0.25277161862527714
0.25293861558554637,0.21593382673051806,0.2786242925555072,0.2525032651284284
0.24813022437307522,0.2111746590409151,0.278926528816542,0.26176858776946765
0.2546501328609389,0.20283436669619131,0.2807794508414526,0.26173604960141716
0.2574823943661972,0.19982394366197184,0.2790492957746479,0.2636443661971831
0.25813544415127526,0.19744942832014073,0.27924362357080035,0.26517150395778366
0.2598597721297108,0.19763365468886943,0.275635407537248,0.2668711656441718
0.25738210665491407,0.20669898633759365,0.27060379021595415,0.26531511679153813
0.2550306211723535,0.20603674540682415,0.2751531058617673,0.2637795275590551
0.2526269702276708,0.19964973730297722,0.271015761821366,0.276707530647986
0.2490135905304691,0.20122753178430514,0.2766330556773345,0.27312582200789126
0.24695652173913044,0.20173913043478262,0.27869565217391307,0.27260869565217394
0.238898756660746,0.20381882770870338,0.2801953818827709,0.27708703374777977
0.24856003544528135,0.19893664155959237,0.2835622507753655,0.26894107221976077
0.25485008818342153,0.1948853615520282,0.27645502645502645,0.27380952380952384
0.25429704715733803,0.2005288673424416,0.2776553547818422,0.2675187307183781
0.2542147293700089,0.2005323868677906,0.2759538598047915,0.26929902395740907
0.25264084507042256,0.1949823943661972,0.2869718309859155,0.2654049295774648
0.24923076923076923,0.19692307692307692,0.2857142857142857,0.2681318681318681
0.24526640246587406,0.19682959048877147,0.285336856010568,0.27256715103478646
0.24515845070422534,0.19806338028169015,0.28125,0.2755281690140845
0.2420494699646643,0.19699646643109542,0.28180212014134276,0.2791519434628975
0.24428822495606328,0.19595782073813708,0.28295254833040423,0.27680140597539543
0.23633156966490299,0.1984126984126984,0.2777777777777778,0.2874779541446208
0.24373075230972283,0.20105587329520458,0.28068631764188295,0.2745270567531896
0.23742277140335394,0.2003530450132392,0.2872903795233892,0.27493380406001766
0.2335958005249344,0.20384951881014873,0.28258967629046366,0.2799650043744532
0.22980017376194614,0.2063423110338836,0.2832319721980886,0.28062554300608167
0.2318840579710145,0.2015810276679842,0.2841458058849363,0.282389108476065
0.22860903905221588,0.21061869240895129,0.27906976744186046,0.28170250109697237
0.22579225352112675,0.2112676056338028,0.27816901408450706,0.2847711267605634
0.22957371225577264,0.21492007104795738,0.27353463587921845,0.28197158081705154
0.23023154215814767,0.21144604630843164,0.2778505897771953,0.2804718217562254
0.22895769733972962,0.2102049716528565,0.2769297863061492,0.2839075447012647
0.23713154421469423,0.2045754509458865,0.2692476902771667,0.2890453145622525
0.23279263480929416,0.20955721174923278,0.2713722051731697,0.2862779482683034
0.23539823008849559,0.21061946902654868,0.270353982300885,0.2836283185840708
0.23794916739702016,0.20683610867659946,0.2743207712532866,0.28089395267309375
0.23630742049469966,0.20936395759717313,0.2703180212014134,0.2840106007067138
0.23544973544973544,0.20634920634920634,0.27292768959435626,0.28527336860670194
0.2372278987116837,0.20613060861839183,0.270990670812972,0.28565082185695245
0.23134657836644593,0.21236203090507727,0.27019867549668874,0.2860927152317881
0.2344918609766828,0.20853497580290364,0.27232732072151344,0.2846458424989001
0.22915737851092288,0.2108782880071333,0.2719572001783326,0.2880071333036112
0.22546419098143236,0.21308576480990274,0.2718832891246684,0.2895667550839965
0.2243278977523138,0.22256500661084178,0.2657558395769061,0.2873512560599383
0.2210113339145597,0.22319093286835223,0.26242371403661724,0.2933740191804708
0.22785368003525783,0.2238871749669458,0.2613486117232261,0.2869105332745703
0.2347252747252747,0.22373626373626374,0.2571428571428571,0.2843956043956044
0.23416592328278324,0.21900089206066012,0.2586975914362177,0.288135593220339
0.2360928602715725,0.2172579938677179,0.26018396846254926,0.2864651773981603
0.23765836609873306,0.2197466142420271,0.2581913499344692,0.28440366972477066
0.23609885260370697,0.2210944395410415,0.26434245366284204,0.27846425419240955
0.2370500438981563,0.22388059701492538,0.2581211589113257,0.28094820017559263
0.2358117025956885,0.22613286405631325,0.2600087989441267,0.27804663440387156
0.23452484742807322,0.22231909328683522,0.26591107236268524,0.2772449869224063
0.2289740202553941,0.22148833113166005,0.265962131219727,0.28357551739321885
0.23124722592099423,0.22814025743453173,0.2658677319130049,0.2747447847314691
0.2412739965095986,0.2181500872600349,0.2613438045375218,0.2792321116928447
0.23934280639431615,0.22202486678507993,0.261101243339254,0.2775310834813499
0.2369916921731526,0.22518583296895497,0.2623524267599475,0.2754700480979449
0.23978919631093545,0.22134387351778656,0.26613965744400525,0.2727272727272727
0.23169642857142858,0.22678571428571428,0.2669642857142857,0.27455357142857145
0.2306338028169014,0.22579225352112675,0.2715669014084507,0.2720070422535211
0.23006134969325154,0.22655565293602103,0.27169149868536374,0.27169149868536374
0.22914837576821773,0.22870939420544337,0.26909569798068483,0.2730465320456541
0.23232323232323232,0.2235397452788757,0.27009222661396576,0.2740447957839262
0.2290379523389232,0.22241835834068843,0.2731685789938217,0.27537511032656664
0.23049956178790534,0.2287467134092901,0.2703768624014023,0.2703768624014023
0.2318840579710145,0.22266139657444006,0.27053140096618356,0.27492314448836186
0.2325886990801577,0.22733245729303547,0.26500219010074466,0.2750766535260622
0.23141223053233612,0.225692916849978,0.2736471623405191,0.2692476902771667
0.23182018510356986,0.22917584839136185,0.27060379021595415,0.26840017628911417
0.22869757174392935,0.2282560706401766,0.27019867549668874,0.2728476821192053
0.23552806009721608,0.2342023862129916,0.26690234202386215,0.2633672116659302
0.23306948109058928,0.2339489885664028,0.2695690413368514,0.26341248900615655
0.23482849604221637,0.2343887423043096,0.2695690413368514,0.2612137203166227
0.23411816970235452,0.23145268769435806,0.2696579298089738,0.26477121279431365
0.23178807947019867,0.2260485651214128,0.27461368653421636,0.2675496688741722
0.2335540838852097,0.22030905077262694,0.27770419426048565,0.26843267108167773
0.23817940786566505,0.2205037560760053,0.278391515687141,0.2629253203711887
0.2409532215357458,0.21712268314210062,0.2766990291262136,0.26522506619594
0.23985890652557318,0.21604938271604937,0.27645502645502645,0.26763668430335097
0.24197096348438188,0.214694236691597,0.27672679278486584,0.2666080070391553
0.24199912319158265,0.21964050854888206,0.2779482683033757,0.2604120999561596
0.23734037868780272,0.21796565389696168,0.2774108322324967,0.2672831351827389
0.23483195111305108,0.21693583587952858,0.28240942819729375,0.26582278481012656
0.24227714033539277,0.2144748455428067,0.2740511915269197,0.26919682259488087
