C,D,Oc,Od
0.0,0.0,0.0,1.0
0.0,0.0,0.0,1.0
0.0,0.1,0.0,0.9
0.0,0.09523809523809523,0.09523809523809523,0.8095238095238095
0.05,0.075,0.075,0.8
0.06060606060606061,0.07575757575757576,0.09090909090909091,0.7727272727272727
0.07476635514018691,0.11214953271028037,0.102803738317757,0.7102803738317757
0.09615384615384616,0.12179487179487179,0.12179487179487179,0.6602564102564102
0.1091703056768559,0.13100436681222707,0.1572052401746725,0.6026200873362445
0.11384615384615385,0.15692307692307692,0.1723076923076923,0.556923076923077
0.11791383219954649,0.1564625850340136,0.1836734693877551,0.5419501133786848
0.12478632478632479,0.17094017094017094,0.20170940170940171,0.5025641025641026
0.13531799729364005,0.18267929634641408,0.1975642760487145,0.4844384303112314
0.13822894168466524,0.1976241900647948,0.1976241900647948,0.46652267818574517
0.14272644098810613,0.20219579139981703,0.19853613906678866,0.4565416285452882
0.14514896867838045,0.20091673032849502,0.19480519480519481,0.45912910618792974
0.1453804347826087,0.19972826086956522,0.19701086956521738,0.4578804347826087
0.15568862275449102,0.2119760479041916,0.19281437125748502,0.43952095808383235
0.16711882799782962,0.20130222463374933,0.18882257189365165,0.44275637547476937
0.17334669338677355,0.20140280561122245,0.1908817635270541,0.4343687374749499
0.18010372465818011,0.1933050447901933,0.18906176331918906,0.4375294672324375
0.1778692272519433,0.1929583904892547,0.19021490626428897,0.438957475994513
0.18590308370044054,0.18458149779735683,0.18898678414096917,0.44052863436123346
0.18165938864628822,0.188646288209607,0.1930131004366812,0.4366812227074236
0.18461538461538463,0.18417582417582418,0.1986813186813187,0.43252747252747253
0.18555798687089717,0.17768052516411378,0.20350109409190373,0.43326039387308535
0.1831792162043153,0.18185821224130339,0.19991193306913255,0.4350506384852488
0.18221830985915494,0.1817781690140845,0.2055457746478873,0.43045774647887325
0.1872791519434629,0.18109540636042404,0.20318021201413428,0.4284452296819788
0.1914235190097259,0.1808134394341291,0.20203359858532272,0.42572944297082227
0.1811754308440124,0.19045514803358374,0.20326999558108705,0.42509942554131686
0.18659020732245257,0.1905602117335686,0.20026466696074108,0.4225849139832378
0.18471615720524018,0.18646288209606987,0.2039301310043668,0.4248908296943231
0.18804920913884007,0.19112478031634447,0.20518453427065025,0.4156414762741652
0.1966855647623201,0.19537723506323593,0.19973833406018315,0.4081988661142608
0.20043956043956043,0.18945054945054945,0.1986813186813187,0.4114285714285714
0.1977401129943503,0.18339852238157323,0.2081703607127336,0.4106910039113429
0.20026408450704225,0.18705985915492956,0.20818661971830985,0.4044894366197183
0.20497999110715873,0.17874610938194754,0.20675855935971543,0.4095153401511783
0.20507214691735898,0.18320944468736336,0.21031919545255795,0.40139921294271974
0.20272049144361562,0.18692408951294429,0.20666959192628345,0.40368582711715667
0.20394736842105263,0.1824561403508772,0.21140350877192982,0.4021929824561403
0.2092511013215859,0.17885462555066078,0.20484581497797358,0.40704845814977975
0.20625826355222565,0.18422212428382548,0.20978404583516969,0.3997355663287792
0.2033065236818588,0.1876675603217158,0.21224307417336907,0.3967828418230563
0.20354767184035477,0.18580931263858094,0.2088691796008869,0.4017738359201774
0.20306345733041575,0.18555798687089717,0.20787746170678337,0.4035010940919037
0.20124389160373168,0.18391825855175478,0.20435362061306087,0.41048422923145267
0.2022867194371152,0.1864555848724714,0.2075637642919965,0.40369393139841686
0.1998227735932654,0.18520159503766062,0.21178555604785113,0.40319007532122286
0.19973603167619886,0.18653761548614167,0.21733391992960846,0.39639243290805104
0.19490781387181738,0.18832309043020193,0.21553994732221246,0.40122914837576823
0.19716437749224636,0.1896322552060257,0.21843154630039877,0.3947718210013292
0.20381882770870338,0.1913854351687389,0.21980461811722912,0.3849911190053286
0.19388646288209607,0.1925764192139738,0.22183406113537119,0.39170305676855893
0.19629466254962505,0.2015880017644464,0.21967357741508603,0.38244375827084254
0.19656992084432717,0.2040457343887423,0.21767810026385223,0.3817062445030783
0.19601769911504424,0.20619469026548673,0.21902654867256638,0.3787610619469027
0.1931918656056587,0.20822281167108753,0.21618037135278514,0.3824049513704686
0.20026408450704225,0.21522887323943662,0.20906690140845072,0.37544014084507044
0.2075134168157424,0.21735241502683364,0.20706618962432916,0.3680679785330948
0.20776953295504147,0.21562636403317328,0.20689655172413793,0.3697075512876473
0.20838794233289645,0.21756225425950196,0.20969855832241152,0.36435124508519
0.21400264200792601,0.22324966974900926,0.20607661822985468,0.35667107001321
0.21343349536014142,0.2200618647812638,0.2063632346442775,0.36014140521431726
0.21156373193166886,0.231712658782304,0.2014892685063513,0.35523434077967586
0.21050328227571116,0.23063457330415754,0.2074398249452954,0.3514223194748359
0.20719929762949957,0.23134328358208955,0.21202809482001755,0.3494293239683933
0.21488331131660063,0.23337736679876706,0.21180096873623955,0.33993835314839277
0.21101321585903085,0.23876651982378855,0.21145374449339208,0.3387665198237885
0.20757180156657964,0.24064403829416883,0.21192341166231507,0.3398607484769365
0.2062308029837648,0.2378236068451075,0.21544537077665643,0.3405002193944713
0.2007042253521127,0.23723591549295775,0.21875,0.34330985915492956
0.2019400352733686,0.23985890652557318,0.21957671957671956,0.3386243386243386
0.21419185282522996,0.2378449408672799,0.2172579938677179,0.33070521243977224
0.21252204585537918,0.24162257495590828,0.21825396825396826,0.32760141093474426
0.21840598855129897,0.23734037868780272,0.22060766182298547,0.3236459709379128
0.21769601401664476,0.231712658782304,0.22251423565484013,0.3280770915462111
0.21714285714285714,0.23736263736263735,0.21802197802197804,0.3274725274725275
0.21936327954644572,0.24247710423026603,0.21674662014827736,0.3214129960750109
0.2205037560760053,0.2350861688024746,0.21652673442333187,0.32788334069818825
0.2266725352112676,0.23371478873239437,0.21875,0.320862676056338
0.2198768689533861,0.2343887423043096,0.21943711521547934,0.32629727352682497
0.22087813620071683,0.23700716845878136,0.21953405017921146,0.3225806451612903
0.22314774221832528,0.2389302937308198,0.22183252959228408,0.3160894344585708
0.22711267605633803,0.24031690140845072,0.21963028169014084,0.31294014084507044
0.23121131741821396,0.23784261715296198,0.22634836427939875,0.3045977011494253
0.23425803610744167,0.23734037868780272,0.22457067371202113,0.3038309114927345
0.23485838779956428,0.23921568627450981,0.2222222222222222,0.3037037037037037
0.23254779902178746,0.24855491329479767,0.22321031569586483,0.29568697198755
0.23698146513680493,0.24536628420123566,0.22594880847308033,0.29170344218887906
0.2381578947368421,0.24605263157894736,0.22543859649122808,0.29035087719298247
0.23423026025584473,0.24437582708425232,0.2223202470224967,0.2990736656374063
0.23573309920983318,0.24582967515364354,0.2221246707638279,0.29631255487269537
0.2285336856010568,0.24658740642888596,0.22104799647732276,0.3038309114927345
0.22236784622105724,0.24683267802533856,0.22935779816513763,0.30144167758846657
0.22301199466903598,0.25099955575299865,0.22789871168369613,0.29808973789426924
0.21549847627340007,0.2520679146713104,0.2285589899869395,0.30387461906835
0.2211453744493392,0.2515418502202643,0.2286343612334802,0.2986784140969163
0.2174103237095363,0.24671916010498687,0.22965879265091863,0.30621172353455817
0.218927169646751,0.2529437418229394,0.2250327082424771,0.30309638028783253
0.2209557211749233,0.2476983779044279,0.22490135905304692,0.30644454186760195
0.22690941385435168,0.24911190053285967,0.22246891651865008,0.30150976909413857
0.22981914424349362,0.24834583149536832,0.2161446846052051,0.30569033965593295
0.22354497354497355,0.24559082892416226,0.22178130511463845,0.3090828924162258
0.22408469342743714,0.24437582708425232,0.21570357300397,0.3158359064843405
0.2307353588727433,0.242184059885513,0.21312197269925143,0.3139586085424923
0.23809523809523808,0.25044091710758376,0.20811287477954143,0.30335097001763667
0.2437417654808959,0.24110671936758893,0.21124286341677645,0.3039086517347387
0.2485523385300668,0.23919821826280624,0.2111358574610245,0.3011135857461025
0.2490118577075099,0.23715415019762845,0.21256038647342995,0.3012736056214317
0.24583698510078877,0.24145486415425066,0.2147239263803681,0.2979842243645925
0.2480553154710458,0.23768366464995677,0.2143474503025065,0.2999135695764909
0.24934036939313983,0.23306948109058928,0.2154793315743184,0.3021108179419525
0.2503311258278146,0.23002207505518762,0.21236203090507727,0.3072847682119205
0.24802110817941952,0.23218997361477572,0.21416007036059806,0.30562884784520666
0.2506619593998235,0.2263901147396293,0.21977052074139453,0.3031774051191527
0.2482547993019197,0.2238219895287958,0.225130890052356,0.30279232111692844
0.2506493506493506,0.22251082251082252,0.22467532467532467,0.3021645021645022
0.25903083700440527,0.22466960352422907,0.22246696035242292,0.2938325991189427
0.25961963732861565,0.22202565236620964,0.22733303847854933,0.29102167182662536
0.25768217734855137,0.22783143107989465,0.22344161545215102,0.291044776119403
0.24944616747895437,0.23216659282233051,0.22463447053610988,0.29375276916260523
0.2597345132743363,0.22831858407079647,0.21946902654867256,0.2924778761061947
0.2563764291996482,0.23306948109058928,0.21899736147757257,0.29155672823219
0.2600264433671221,0.2269722344645218,0.2234464521815778,0.2895548699867783
0.2595048629531388,0.23165340406719717,0.21927497789566755,0.2895667550839965
0.25768217734855137,0.233099209833187,0.21905179982440737,0.2901668129938543
0.2546174142480211,0.23043095866314864,0.22427440633245382,0.2906772207563764
0.25143614670790987,0.23155103844454264,0.2284577993813522,0.28855501546619533
0.2504393673110721,0.23154657293497363,0.22891036906854131,0.28910369068541303
0.2483429076447194,0.23552806009721608,0.22580645161290322,0.2903225806451613
0.2491258741258741,0.2381993006993007,0.22202797202797203,0.2906468531468531
0.24878694309660343,0.23908248786943095,0.22540802823114248,0.2867225408028231
0.2507685551163812,0.2406675450153711,0.22529644268774704,0.28326745718050067
0.24283825473776993,0.24856765094755398,0.2234464521815778,0.2851476421330983
0.24812030075187969,0.24546660769570985,0.21671826625386997,0.28969482529854046
0.2515418502202643,0.2444933920704846,0.2198237885462555,0.2841409691629956
0.24803836094158674,0.24978204010462074,0.22188317349607672,0.28029642545771577
0.24945006599208094,0.25252969643642764,0.21821381434227893,0.2798064232292125
0.24912739965095987,0.24912739965095987,0.2168411867364747,0.2849040139616056
0.25474613686534214,0.24150110375275938,0.21898454746136867,0.2847682119205298
0.24746807573756055,0.2426243945398503,0.2166446499339498,0.29326287978863935
0.24582233948988566,0.24626209322779244,0.22031662269129287,0.287598944591029
0.24298662063012516,0.24082865774708676,0.22701769529564092,0.2891670263271472
0.24022837066315328,0.24110671936758893,0.22661396574440051,0.2920509442248573
0.24256993006993008,0.2403846153846154,0.22115384615384615,0.2958916083916084
0.24075704225352113,0.24075704225352113,0.2244718309859155,0.29401408450704225
0.2414398595258999,0.23968393327480245,0.2247585601404741,0.29411764705882354
0.2443280977312391,0.2338568935427574,0.22294938917975568,0.2988656195462478
0.2479010163499779,0.23110914714980116,0.22315510384445428,0.29783473265576665
0.24824868651488616,0.22854640980735552,0.22723292469352013,0.29597197898423816
0.2475770925110132,0.22378854625550662,0.2343612334801762,0.29427312775330394
0.24889086069210292,0.2236024844720497,0.23425022182786157,0.2932564330079858
0.25633187772925764,0.22227074235807862,0.23275109170305677,0.28864628820960697
0.25426695842450764,0.22319474835886213,0.23107221006564552,0.29146608315098466
0.25338575797291396,0.218435998252512,0.23023154215814767,0.2979467016164264
0.2489063867016623,0.2178477690288714,0.23140857392825898,0.30183727034120733
0.24075704225352113,0.2227112676056338,0.23591549295774647,0.30061619718309857
0.249890590809628,0.2188183807439825,0.23282275711159736,0.29846827133479215
0.2508787346221441,0.22363796133567662,0.23286467486818982,0.29261862917398945
0.24857017157941047,0.22481302243730752,0.2331720193576771,0.2934447866256049
0.2476983779044279,0.22621657167908812,0.2345462516440158,0.2915387987724682
0.2516469038208169,0.22573561703996486,0.23407992973210365,0.2885375494071146
0.25325803649000866,0.23023457862728064,0.23023457862728064,0.28627280625543006
0.25471284524331433,0.22621657167908812,0.22621657167908812,0.2928540113985094
0.2544897065265002,0.22820849759088918,0.22426631625054752,0.29303547963206306
0.2502191060473269,0.2287467134092901,0.23006134969325154,0.2909728308501315
0.24622892635314997,0.23735581188997337,0.22937000887311446,0.2870452528837622
0.2434705621956618,0.24612660469234174,0.22355024347056218,0.2868525896414343
0.2487847989394609,0.2346442775077331,0.22713212549712772,0.2894387980556783
0.2541630148992112,0.23400525854513585,0.21998247151621383,0.2918492550394391
0.25826355222565006,0.23226090788893786,0.22256500661084178,0.2869105332745703
0.2556390977443609,0.23706324635117204,0.22158337019018134,0.2857142857142857
0.25799386771791505,0.23346473937801138,0.2233902759526938,0.2851511169513798
0.2570671378091873,0.2332155477031802,0.21952296819787986,0.29019434628975266
0.2609658839167036,0.2357111209570226,0.2206468763845813,0.2826761187416925
0.25594713656387663,0.2365638766519824,0.22731277533039648,0.2801762114537445
0.24779929577464788,0.24559859154929578,0.22931338028169015,0.2772887323943662
0.250330542089026,0.24548259144997797,0.2256500661084178,0.2785368003525782
0.24493392070484582,0.25022026431718064,0.22599118942731278,0.2788546255506608
0.2556291390728477,0.24900662251655628,0.2260485651214128,0.2693156732891832
0.2495567375886525,0.25310283687943264,0.225177304964539,0.2721631205673759
0.2508741258741259,0.2513111888111888,0.2229020979020979,0.2749125874125874
0.2451067615658363,0.25444839857651247,0.22864768683274023,0.27179715302491103
0.24408413672217352,0.25547765118317267,0.22261174408413673,0.2778264680105171
0.24966622162883845,0.25500667556742324,0.2140631953716066,0.28126390743213175
0.24385964912280703,0.2543859649122807,0.21666666666666667,0.2850877192982456
0.23992994746059546,0.25569176882662,0.22110332749562173,0.28327495621716287
0.2436235708003518,0.2484608619173263,0.21591908531222515,0.29199648197009676
0.23920704845814977,0.24537444933920705,0.22026431718061673,0.29515418502202645
0.2432077125328659,0.24452234881682736,0.22217353198948292,0.2900964066608238
0.24682713347921226,0.2437636761487965,0.2214442013129103,0.28796498905908097
0.24305249228054698,0.24437582708425232,0.22011468901632114,0.29245699161887956
0.24101665205959685,0.2401402278702892,0.22129710780017528,0.29754601226993865
0.2411504424778761,0.23849557522123893,0.22566371681415928,0.29469026548672567
0.24162257495590828,0.23633156966490299,0.22839506172839505,0.29365079365079366
0.23467137185707984,0.24040582267313632,0.22849580943978826,0.2964269960299956
0.23628318584070795,0.23761061946902653,0.22920353982300884,0.29690265486725664
0.2442781690140845,0.23591549295774647,0.2319542253521127,0.2878521126760563
0.24469026548672565,0.22876106194690266,0.23097345132743363,0.29557522123893804
0.24315975286849073,0.22683142100617829,0.22771403353927624,0.30229479258605474
0.24015748031496062,0.22134733158355205,0.23403324584426946,0.30446194225721784
0.2437636761487965,0.21925601750547047,0.23719912472647703,0.29978118161925604
0.24503311258278146,0.21986754966887417,0.2326710816777042,0.30242825607064017
0.25341560158660204,0.21595416483032173,0.23093873953283384,0.2996914940502424
0.25296442687747034,0.21519543258673693,0.22924901185770752,0.3025911286780852
0.24593048834139902,0.21425428948526176,0.23185217773867137,0.3079630444346678
0.24846356453028973,0.21685689201053557,0.22607550482879718,0.3086040386303775
0.24824868651488616,0.2202276707530648,0.22416812609457093,0.3073555166374781
0.247450110864745,0.22172949002217296,0.22439024390243903,0.30643015521064304
0.24469964664310953,0.21643109540636044,0.22968197879858657,0.30918727915194344
0.23824175824175825,0.21934065934065933,0.2312087912087912,0.3112087912087912
0.23912087912087912,0.2210989010989011,0.22813186813186814,0.31164835164835164
0.24491600353669318,0.22723253757736517,0.22900088417329797,0.2988505747126437
0.24867957746478872,0.23107394366197184,0.22755281690140844,0.292693661971831
0.2439877568867512,0.23087013554875382,0.23043288150415392,0.29470922606034106
0.24202708606378331,0.23110528615115772,0.23154215814766274,0.29532546963739625
0.24217391304347827,0.2326086956521739,0.2291304347826087,0.2960869565217391
0.24145583666222814,0.23257878384376388,0.23169107856191745,0.29427430093209056
0.24121475054229935,0.23167028199566161,0.23253796095444684,0.29457700650759217
0.2448442299254059,0.23343571741992103,0.23343571741992103,0.2882843352347521
0.24978354978354977,0.23506493506493506,0.22987012987012986,0.2852813852813853
0.24570673712021135,0.23161602818141788,0.23513870541611626,0.28753852928225454
0.24694055944055945,0.2277097902097902,0.23601398601398602,0.2893356643356643
0.24285085789705235,0.23141223053233612,0.23845138583369996,0.2872855257369116
0.24496056091148116,0.22655565293602103,0.2397020157756354,0.2887817703768624
0.24695652173913044,0.22695652173913045,0.2382608695652174,0.28782608695652173
0.24210526315789474,0.2355263157894737,0.23464912280701755,0.28771929824561404
0.2392935982339956,0.22913907284768212,0.23841059602649006,0.29315673289183225
0.24172915747684165,0.2333480370533745,0.23026025584472873,0.2946625496250551
0.24466695690030474,0.22464083587287767,0.2350892468437092,0.2956029603831084
0.24447391688771,0.22679045092838196,0.23563218390804597,0.29310344827586204
0.2446106467223933,0.22745270567531897,0.23405191377034756,0.2938847338319402
0.24616732369689007,0.22689443714410862,0.24003504161191414,0.28690319754708715
0.2507672073651907,0.2227093380096449,0.23980710214818063,0.2867163524769838
0.24814004376367615,0.21925601750547047,0.24420131291028446,0.2884026258205689
0.25055432372505543,0.21951219512195122,0.24700665188470067,0.28292682926829266
0.24733096085409254,0.2179715302491103,0.24777580071174377,0.28692170818505336
0.25,0.2149122807017544,0.24385964912280703,0.2912280701754386
0.25418502202643173,0.21674008810572687,0.2422907488986784,0.286784140969163
0.2579798863139484,0.2164407520769567,0.2374289462177525,0.2881504153913424
0.2570406794814484,0.21859633437639697,0.23245417970496202,0.2919088064371927
0.26037069726390116,0.2118270079435128,0.235657546337158,0.2921447484554281
0.2628345765686705,0.2114962702939886,0.2343132953049583,0.2913558578323826
0.26262626262626265,0.2134387351778656,0.23144488361879667,0.2924901185770751
0.2624394539850286,0.21488331131660063,0.22765301629238222,0.2950242184059885
0.2642258491398324,0.21482134980149978,0.23202470224966917,0.28892809880899867
0.25809273840769903,0.21566054243219598,0.23403324584426946,0.2922134733158355
0.25177304964539005,0.22340425531914893,0.23359929078014185,0.2912234042553192
0.24803836094158674,0.22406277244986922,0.23278116826503922,0.2951176983435048
0.2506631299734748,0.22281167108753316,0.23519009725906279,0.29133510167992926
0.25066079295154187,0.22687224669603523,0.239647577092511,0.2828193832599119
0.2516674077367719,0.2254335260115607,0.23477100933748332,0.2881280569141841
0.25296442687747034,0.22793148880105402,0.23451910408432147,0.2845849802371542
0.2602197802197802,0.22417582417582418,0.2320879120879121,0.2835164835164835
0.2626041209995616,0.22753178430512933,0.22928540113985094,0.2805786935554581
0.259825327510917,0.22663755458515283,0.2279475982532751,0.28558951965065504
0.2624175824175824,0.2254945054945055,0.23252747252747252,0.2795604395604396
0.2739244951712028,0.22388059701492538,0.2344161545215101,0.2677787532923617
0.2706866197183099,0.22403169014084506,0.2319542253521127,0.2733274647887324
0.269806338028169,0.23371478873239437,0.22755281690140844,0.2689260563380282
0.2708333333333333,0.2349290780141844,0.22429078014184398,0.2699468085106383
0.2686369651521835,0.2329069254521394,0.2258491398323776,0.2726069695632995
0.26225919439579687,0.2403677758318739,0.22854640980735552,0.26882661996497376
0.2615182097411145,0.24045634050021938,0.23343571741992103,0.26458973233874505
0.2642258491398324,0.23775915306572562,0.22717247463608292,0.27084252315835905
0.2721685689201054,0.23353819139596138,0.22344161545215102,0.2708516242317823
0.26722246599385696,0.24001755155770074,0.2242211496270294,0.2685388328214129
0.26763668430335097,0.23897707231040563,0.21604938271604937,0.27733686067019403
0.26536930561698363,0.23529411764705882,0.2193719593100398,0.2799646174259177
0.26387665198237886,0.24185022026431718,0.21541850220264316,0.2788546255506608
0.2706964520367937,0.2395970214629873,0.21638195356986423,0.2733245729303548
0.26850635129215944,0.240473061760841,0.22251423565484013,0.26850635129215944
0.2665188470066519,0.23991130820399112,0.22350332594235034,0.27006651884700666
0.26810004387889425,0.23387450636243967,0.225976305397104,0.2720491443615621
0.2677787532923617,0.233099209833187,0.22036874451273047,0.2787532923617208
0.27376259307928164,0.23565484012264565,0.21243977222952257,0.2781427945685502
0.27132805628847845,0.24010554089709762,0.2154793315743184,0.27308707124010556
0.2738938053097345,0.23539823008849559,0.21946902654867256,0.27123893805309734
0.27523343708314807,0.23388172521120498,0.21742996887505558,0.2734548688305914
0.2742222222222222,0.2368888888888889,0.216,0.2728888888888889
0.27939876215738285,0.23253757736516356,0.21750663129973474,0.27055702917771884
0.2745955400087451,0.2334936598163533,0.2190642763445562,0.2728465238303454
0.27224669603524226,0.23171806167400882,0.2211453744493392,0.2748898678414097
0.2660427807486631,0.23172905525846701,0.22147950089126558,0.2807486631016043
0.26065934065934065,0.23868131868131867,0.22241758241758242,0.27824175824175823
0.2582897033158813,0.24083769633507854,0.22251308900523561,0.27835951134380454
0.26060070671378094,0.2411660777385159,0.2248233215547703,0.27340989399293286
0.25785050862450243,0.24546660769570985,0.22865988500663423,0.2680229986731535
0.260507880910683,0.24956217162872155,0.22591943957968477,0.2640105078809107
0.26073483842408146,0.2478972996901284,0.22399291722000886,0.2673749446657813
0.2657894736842105,0.2535087719298246,0.21754385964912282,0.2631578947368421
0.2627673505019642,0.2505456132693147,0.2208642514185945,0.26582278481012656
0.2635761589403974,0.24856512141280354,0.22251655629139072,0.2653421633554084
0.26625386996904027,0.24590888987173817,0.2260061919504644,0.2618310482087572
0.26531511679153813,0.24812692816218598,0.22300572939620977,0.2635522256500661
0.26517150395778366,0.25549692172383465,0.22427440633245382,0.25505716798592787
0.2662251655629139,0.25165562913907286,0.22472406181015453,0.25739514348785875
0.25731760594145914,0.25557011795543905,0.2214941022280472,0.2656181738750546
0.2552539404553415,0.2543782837127846,0.22373029772329248,0.26663747810858146
0.25199645075421473,0.2595385980479148,0.22404614019520852,0.26441881100266196
0.24548259144997797,0.25914499779638606,0.22741295724988983,0.26795945350374617
0.24274406332453827,0.2541776605101143,0.2339489885664028,0.2691292875989446
0.24923480542195015,0.254919108001749,0.23261915172715347,0.26322693484914733
0.24607329842931938,0.2547993019197208,0.23036649214659685,0.268760907504363
0.24371970030850595,0.2609078889378581,0.22741295724988983,0.26795945350374617
0.2393992932862191,0.2623674911660777,0.23233215547703182,0.2659010600706714
0.24136423261915171,0.2544818539571491,0.2365544381285527,0.2675994752951465
0.2438488576449912,0.2583479789103691,0.23286467486818982,0.2649384885764499
0.24812030075187969,0.25519681556833257,0.23485183547103053,0.2618310482087572
0.24967205946655008,0.2575426322693485,0.23480542195015303,0.2579798863139484
0.25254312251216277,0.25519681556833257,0.23529411764705882,0.25696594427244585
0.24065112186537616,0.2683677958644963,0.23141223053233612,0.2595688517377915
0.24618736383442266,0.27145969498910677,0.22745098039215686,0.2549019607843137
0.2409372236958444,0.26702033598585323,0.23342175066312998,0.25862068965517243
0.2410873440285205,0.26737967914438504,0.23529411764705882,0.25623885918003564
0.24612660469234174,0.27135900841080124,0.22576361221779548,0.25675077467906154
0.24194260485651214,0.27196467991169976,0.23532008830022075,0.2507726269315673
0.24035087719298245,0.27631578947368424,0.23596491228070177,0.24736842105263157
0.23589065255731922,0.28174603174603174,0.23192239858906524,0.25044091710758376
0.24012291483757683,0.2739244951712028,0.2370500438981563,0.2489025460930641
0.24003504161191414,0.27113447218572057,0.23390275952693823,0.25492772667542707
0.2378449408672799,0.2742006132282085,0.23127463863337713,0.2566798072711345
0.23555359505955006,0.26775474194971327,0.23599470666078518,0.2606969563299515
0.2380538662033015,0.27150304083405735,0.2319721980886186,0.2584708948740226
0.23544973544973544,0.26940035273368607,0.24029982363315697,0.25485008818342153
0.23485513608428446,0.271729587357331,0.23836698858647937,0.2550482879719052
0.22767462422634838,0.27939876215738285,0.2471264367816092,0.2458001768346596
0.2335249889429456,0.2693498452012384,0.2476780185758514,0.24944714727996462
0.2312038244241634,0.2711864406779661,0.24902216427640156,0.24858757062146894
0.2277314611671786,0.274681878016674,0.249670908293111,0.2479157525230364
0.2267543859649123,0.27324561403508774,0.24780701754385964,0.25219298245614036
0.22378236068451074,0.27424308907415534,0.24835454146555508,0.25362000877577884
0.22462488967343336,0.27714033539276256,0.24801412180052956,0.2502206531332745
0.22246696035242292,0.27268722466960355,0.24845814977973568,0.2563876651982379
0.22207563764291996,0.2691292875989446,0.2515391380826737,0.25725593667546176
0.2261747913921827,0.2639437856829161,0.25120772946859904,0.25867369345630215
0.2277314611671786,0.26107942079859586,0.25274243089074155,0.258446687143484
0.22463447053610988,0.2614089499335401,0.2512184315463004,0.2627381479840496
0.21849865951742628,0.2609472743521001,0.25424486148346737,0.26630920464700625
0.2154382904491932,0.262974269515918,0.25730484081988664,0.2642825992150022
0.22163588390501318,0.2616534740545295,0.25241864555848725,0.2642919964819701
0.21966341895482727,0.25863596102745795,0.25863596102745795,0.2630646589902569
0.21996466431095407,0.25618374558303886,0.25265017667844525,0.2712014134275618
0.2192324658138509,0.250992501102779,0.2562858403176004,0.2734891927657697
0.22441809398331136,0.2450592885375494,0.25911286780852,0.27140974967061926
0.212,0.2528888888888889,0.2613333333333333,0.2737777777777778
0.21604938271604937,0.2552910052910053,0.26102292768959434,0.26763668430335097
0.21369021500658184,0.25756910925844667,0.25888547608600265,0.26985519964896887
0.21978021978021978,0.258021978021978,0.25758241758241757,0.26461538461538464
0.21425448185395715,0.2614779186707477,0.2588543944031482,0.26541320507214694
0.21742996887505558,0.2614495331258337,0.2614495331258337,0.259670964873277
0.21963028169014084,0.2601232394366197,0.25880281690140844,0.261443661971831
0.22407732864674867,0.2539543057996485,0.2649384885764499,0.2570298769771529
0.22324966974900926,0.26067811536767943,0.2567151034786438,0.25935711140466755
0.21594393342093737,0.25799386771791505,0.2614980289093298,0.2645641699518178
0.22217314487632508,0.2504416961130742,0.2597173144876325,0.2676678445229682
0.22148833113166005,0.25891677675033026,0.2567151034786438,0.2628797886393659
0.22416812609457093,0.2513134851138354,0.26225919439579687,0.26225919439579687
0.22231985940246046,0.26142355008787344,0.2596660808435852,0.2565905096660808
0.22439893143365983,0.26625111308993765,0.25333926981300087,0.2560106856634016
0.22034651266103955,0.2643269657929809,0.2581075077743225,0.25721901377165707
0.21998247151621383,0.26555652936021035,0.25854513584574934,0.25591586327782645
0.22148833113166005,0.2672831351827389,0.2628797886393659,0.24834874504623514
0.22543859649122808,0.2600877192982456,0.26052631578947366,0.25394736842105264
0.2189010989010989,0.2602197802197802,0.2602197802197802,0.26065934065934065
0.22314410480349345,0.25589519650655024,0.259825327510917,0.2611353711790393
0.2212934447866256,0.2547294324681038,0.2648482182138143,0.2591289045314562
0.23029772329246936,0.2517513134851138,0.2648861646234676,0.2530647985989492
0.2293859649122807,0.256140350877193,0.262719298245614,0.2517543859649123
0.23565484012264565,0.2518615856329391,0.2606219886114761,0.2518615856329391
0.23053368328958881,0.2541557305336833,0.26290463692038496,0.25240594925634297
0.23164835164835165,0.2558241758241758,0.26065934065934065,0.2518681318681319
0.2304635761589404,0.2565121412803532,0.26799116997792494,0.24503311258278146
0.22374833850243686,0.26362428001772265,0.2605228178998671,0.2521045635799734
0.222663139329806,0.263668430335097,0.26587301587301587,0.24779541446208111
0.21908127208480566,0.2592756183745583,0.2703180212014134,0.2513250883392226
0.21375055090348172,0.26884089907448216,0.27104451300132215,0.24636403702071397
0.214316892186818,0.2618943692710607,0.27324312527280664,0.2505456132693147
0.21973684210526315,0.2530701754385965,0.28289473684210525,0.2442982456140351
0.2247686205376818,0.25253415601586604,0.2754517408550022,0.24724548259145
0.2227112676056338,0.25088028169014087,0.27684859154929575,0.24955985915492956
0.2197563098346388,0.2558746736292428,0.27284595300261094,0.2515230635335074
0.22397891963109354,0.24286341677646026,0.277119016249451,0.2560386473429952
0.22364924712134632,0.2475642161204606,0.2683790965456156,0.2604074402125775
0.22256637168141594,0.24557522123893805,0.2721238938053097,0.2597345132743363
0.21488331131660063,0.24702774108322326,0.2774108322324967,0.26067811536767943
0.22120017520805957,0.2378449408672799,0.27639071397284276,0.2645641699518178
0.218859649122807,0.23859649122807017,0.2719298245614035,0.2706140350877193
0.22651448639157157,0.237928007023705,0.2712906057945566,0.2642669007901668
0.2237701349586417,0.23770134958641706,0.27427078798432736,0.2642577274706138
0.2263901147396293,0.23124448367166814,0.2762577228596646,0.26610767872903796
0.22466960352422907,0.23480176211453743,0.2669603524229075,0.273568281938326
0.22310405643738976,0.2257495590828924,0.27821869488536155,0.27292768959435626
0.2254945054945055,0.22505494505494505,0.2835164835164835,0.26593406593406593
0.2218791354212616,0.2262902514336127,0.2827525363917071,0.2690780767534186
0.2264564169951818,0.23127463863337713,0.2750766535260622,0.2671922908453789
0.22955145118733508,0.22251539138082674,0.27880386983289357,0.2691292875989446
0.22917584839136185,0.22917584839136185,0.27589246364037023,0.2657558395769061
0.2303595206391478,0.22902796271637815,0.28273413226808697,0.25787838437638705
0.22982456140350876,0.23508771929824562,0.2719298245614035,0.2631578947368421
0.2364358182620203,0.2333480370533745,0.26687251874724305,0.26334362593736216
0.23832599118942732,0.22951541850220264,0.26784140969162995,0.2643171806167401
0.24406332453825857,0.2264731750219877,0.2638522427440633,0.26561125769569044
0.24487978628673196,0.2288512911843277,0.2711487088156723,0.25512021371326804
0.23475208424747696,0.24001755155770074,0.2641509433962264,0.26107942079859586
0.2404897245299519,0.240052470485352,0.2606034105815479,0.2588543944031482
0.24724548259145,0.2362274129572499,0.25958572058175405,0.25694138386954607
0.24391323594510844,0.23904382470119523,0.26073483842408146,0.25630810092961487
0.24445430346051464,0.23425022182786157,0.2626441881100266,0.25865128660159714
0.24669020300088262,0.23168578993821712,0.2599293909973522,0.2616946160635481
0.24967032967032968,0.2334065934065934,0.25362637362637364,0.2632967032967033
0.24408413672217352,0.2357581069237511,0.2537248028045574,0.26643295354951796
0.24944419742107604,0.23966207203201423,0.2449977767896843,0.2658959537572254
0.25264084507042256,0.2420774647887324,0.23987676056338028,0.2654049295774648
0.25252082419991234,0.24375274002630426,0.24112231477422183,0.2626041209995616
0.2530647985989492,0.24387040280210157,0.24168126094570927,0.2613835376532399
0.254696373962429,0.2472695500218436,0.24027959807776322,0.2577544779379642
0.25471284524331433,0.24638316527838666,0.2389302937308198,0.2599736957474792
0.2582781456953642,0.24988962472406182,0.23576158940397351,0.2560706401766004
0.258021978021978,0.24879120879120878,0.23956043956043957,0.25362637362637364
0.24888093106535364,0.25246195165622204,0.24171888988361684,0.25693822739480754
0.25033348154735435,0.2512227656736327,0.2498888394842152,0.24855491329479767
0.25044014084507044,0.25308098591549294,0.24955985915492956,0.24691901408450703
0.2545616377392078,0.25189141076991545,0.24966622162883845,0.24388072986203826
0.2565584704313028,0.2498888394842152,0.2414406402845709,0.2521120497999111
0.26276408450704225,0.25440140845070425,0.23767605633802816,0.24515845070422534
0.2627381479840496,0.256092157731502,0.23748338502436864,0.24368630926007975
0.2556053811659193,0.2587443946188341,0.2430493273542601,0.24260089686098654
0.2502168256721596,0.25498699045967044,0.24674761491760624,0.24804856895056374
0.25284339457567806,0.2567804024496938,0.2462817147856518,0.2440944881889764
0.2535087719298246,0.2548245614035088,0.24912280701754386,0.2425438596491228
0.25297487880123404,0.2604671661524901,0.249889819303658,0.23666813574261789
0.2519929140832595,0.254207263064659,0.25155004428697963,0.24224977856510185
0.24313551815766166,0.2577502214348981,0.2528786536758193,0.2462356067316209
0.2497789566755084,0.2546419098143236,0.2480106100795756,0.2475685234305924
0.2505484861781483,0.25625274243089075,0.24396665204036858,0.24923211935059236
0.2479010163499779,0.25673884224480775,0.25231992929739283,0.24304021210782148
0.24570673712021135,0.25539409951563186,0.24878907970057243,0.25011008366358434
0.23369079535299375,0.2578194816800715,0.2515638963360143,0.25692582663092045
0.24125874125874125,0.25786713286713286,0.2521853146853147,0.2486888111888112
0.24603174603174602,0.25485008818342153,0.2517636684303351,0.24735449735449735
0.25109170305676853,0.25633187772925764,0.24497816593886462,0.24759825327510918
0.24956293706293706,0.26136363636363635,0.24388111888111888,0.24519230769230768
0.24812030075187969,0.2605042016806723,0.24413976116762495,0.24723573639982308
0.2375495813133539,0.2670780079330101,0.24592331423534597,0.24944909651829
0.2444836716681377,0.2616946160635481,0.23786407766990292,0.2559576345984113
0.24506795265234546,0.2538360368259535,0.24682156948706707,0.2542744410346339
0.24910873440285206,0.2540106951871658,0.2375222816399287,0.25935828877005346
0.2512184315463004,0.25033229951262737,0.23748338502436864,0.2609658839167036
0.2541776605101143,0.2484608619173263,0.23966578715919085,0.25769569041336854
0.25440917107583777,0.24691358024691357,0.24426807760141092,0.25440917107583777
0.2542744410346339,0.24682156948706707,0.24287593160894344,0.25602805786935556
0.2571174377224199,0.25,0.2459964412811388,0.24688612099644128
0.2557624113475177,0.24822695035460993,0.24468085106382978,0.25132978723404253
0.256466462078036,0.25208241999123193,0.24462954844366505,0.24682156948706707
0.2560706401766004,0.24988962472406182,0.24415011037527592,0.24988962472406182
0.2527376259307928,0.24923346473937802,0.2448532632501095,0.25317564607971965
0.25273283777874944,0.2514210756449497,0.24180148666375165,0.2540445999125492
0.25240594925634297,0.25284339457567806,0.23709536307961504,0.25765529308836393
0.2527280663465735,0.25665648188563944,0.23657791357485813,0.25403753819292885
0.25491051942383236,0.25185508511567,0.23090353557398516,0.26233085988651245
0.2546501328609389,0.25066430469441986,0.2320637732506643,0.262621789193977
0.2546419098143236,0.246684350132626,0.23430592396109637,0.26436781609195403
0.254585152838428,0.2445414847161572,0.23275109170305677,0.26812227074235806
0.2574430823117338,0.23992994746059546,0.23073555166374782,0.27189141856392296
0.25543237250554324,0.24257206208425722,0.23680709534368072,0.26518847006651886
0.2537577365163572,0.2458001768346596,0.23916887709991158,0.2612732095490716
0.2558037669732808,0.2448532632501095,0.23477879982479194,0.2645641699518178
0.2517605633802817,0.24779929577464788,0.23459507042253522,0.2658450704225352
0.25530035335689044,0.24911660777385158,0.22835689045936397,0.267226148409894
0.2534036012296882,0.2490118577075099,0.2261747913921827,0.27140974967061926
0.25377107364685003,0.2422360248447205,0.22448979591836735,0.2795031055900621
0.2531868131868132,0.24483516483516485,0.22329670329670329,0.2786813186813187
0.24912280701754386,0.24649122807017543,0.22280701754385965,0.28157894736842104
0.24539877300613497,0.2462751971954426,0.22567922874671342,0.28264680105170903
0.24770240700218818,0.24770240700218818,0.224945295404814,0.27964989059080964
0.25142606406318563,0.23913997367266346,0.22465993856954805,0.2847740236946029
0.2520860781730347,0.2406675450153711,0.22573561703996486,0.2815107597716293
0.24845814977973568,0.2422907488986784,0.22422907488986785,0.28502202643171803
0.25520602569782896,0.24811696942844483,0.2144439521488702,0.282233052724856
0.25937362152624616,0.24525805028672254,0.22320247022496692,0.2721658579620644
0.2557522123893805,0.25265486725663716,0.21946902654867256,0.2721238938053097
0.2544404973357016,0.25488454706927177,0.2202486678507993,0.27042628774422733
0.25011047282368537,0.2554131683605833,0.2191780821917808,0.2752982766239505
0.2497801231310466,0.2594547053649956,0.22163588390501318,0.2691292875989446
0.24834583149536832,0.2606969563299515,0.21702690780767533,0.27393030436700483
0.24878694309660343,0.2580502867225408,0.21482134980149978,0.278341420379356
0.2479157525230364,0.2628345765686705,0.21237384817902588,0.2768758227292672
0.24373075230972283,0.2648482182138143,0.214694236691597,0.27672679278486584
0.2425588627276766,0.26565970679697914,0.21190581963571745,0.2798756108396268
0.24157801418439717,0.26773049645390073,0.212322695035461,0.2783687943262411
0.23969871510855117,0.2627381479840496,0.21488701816570668,0.2826761187416925
0.23529411764705882,0.26821773485513606,0.21246707638279191,0.2840210711150132
0.23182624113475178,0.2717198581560284,0.21365248226950354,0.2828014184397163
0.23083661848445028,0.2728865527814279,0.211125711782742,0.2851511169513798
0.23103901797457255,0.2805786935554581,0.2117492327926348,0.2766330556773345
0.2243278977523138,0.2789775231379462,0.21375055090348172,0.28294402820625825
0.22280701754385965,0.2776315789473684,0.2179824561403509,0.28157894736842104
0.225976305397104,0.282141290039491,0.21456779289161912,0.2773146116717859
0.22800875273522975,0.2857768052516411,0.21575492341356675,0.27045951859956235
0.22723253757736517,0.27763041556145,0.21839080459770116,0.27674624226348365
0.22727272727272727,0.28234265734265734,0.21765734265734266,0.2727272727272727
0.22457067371202113,0.27873183619550856,0.22060766182298547,0.2760898282694848
0.2290845378887429,0.27901883486640383,0.2146298729741568,0.27726675427069647
0.22785368003525783,0.2736888497135302,0.22168356104010578,0.27677390921110623
0.23130738959335373,0.27765631832094445,0.2186270222999563,0.27240926978574553
0.22766695576756288,0.2831743278404163,0.21639202081526454,0.2727666955767563
0.22793148880105402,0.28502415458937197,0.2204655248133509,0.2665788317962231
0.23169107856191745,0.2818464269862406,0.22148246782068354,0.26498002663115844
0.23192239858906524,0.2914462081128748,0.2138447971781305,0.26278659611992944
0.231239092495637,0.2879581151832461,0.2164048865619546,0.2643979057591623
0.2330396475770925,0.28854625550660795,0.2185022026431718,0.2599118942731278
0.2331858407079646,0.2929203539823009,0.21902654867256638,0.25486725663716814
