C,D,Oc,Od
1.0,0.0,0.0,0.0
1.0,0.0,0.0,0.0
0.8571428571428571,0.0,0.14285714285714285,0.0
0.8214285714285714,0.0,0.17857142857142858,0.0
0.7659574468085106,0.0,0.19148936170212766,0.0425531914893617
0.7368421052631579,0.0,0.2236842105263158,0.039473684210526314
0.7008547008547008,0.008547008547008548,0.23931623931623933,0.05128205128205128
0.6271186440677966,0.022598870056497175,0.2768361581920904,0.07344632768361582
0.6070038910505836,0.0311284046692607,0.2801556420233463,0.08171206225680934
0.5684523809523809,0.044642857142857144,0.28869047619047616,0.09821428571428571
0.5502283105022832,0.0593607305936073,0.2876712328767123,0.10273972602739725
0.5314685314685315,0.09090909090909091,0.2744755244755245,0.10314685314685315
0.513909224011713,0.09956076134699854,0.2767203513909224,0.10980966325036604
0.4897466827503016,0.12424607961399277,0.27864897466827504,0.10735826296743065
0.46934673366834173,0.14472361809045226,0.26834170854271355,0.11758793969849246
0.45091225021720244,0.17723718505647262,0.2545612510860122,0.11728931364031277
0.4370257966616085,0.19878603945371776,0.24506828528072838,0.11911987860394538
0.42150968603874417,0.22110888443553775,0.23914495657982632,0.11823647294589178
0.40288634996993383,0.2339146121467228,0.23631990378833434,0.12687913409500903
0.391943385955362,0.24605334784975502,0.22808927599346762,0.13391399020141534
0.3773206221776217,0.2614149523331661,0.22679377822378324,0.134470647265429
0.3714011516314779,0.2571976967370441,0.23464491362763915,0.13675623800383876
0.35711019661636945,0.26337448559670784,0.24051211705532693,0.1390032007315958
0.36054421768707484,0.2594104308390023,0.23673469387755103,0.14331065759637188
0.35733099209833186,0.252414398595259,0.24495171202809482,0.1453028972783143
0.3578021978021978,0.25362637362637364,0.24263736263736263,0.14593406593406594
0.35074626865671643,0.2581211589113257,0.23573309920983318,0.15539947322212466
0.35177865612648224,0.24857268335529206,0.24286341677646026,0.15678524374176547
0.3498248686514886,0.25,0.24211908931698775,0.15805604203152365
0.3454231433506045,0.2508635578583765,0.24309153713298792,0.16062176165803108
0.34273318872017355,0.25119305856832974,0.24338394793926246,0.16268980477223427
0.3479020979020979,0.2504370629370629,0.2416958041958042,0.15996503496503497
0.34919948074426654,0.2518390307226309,0.237559498052791,0.16140199048031156
0.35071707953063885,0.2503259452411995,0.2381573229030856,0.16079965232507606
0.35514421007318125,0.24795523030563926,0.23245802841153682,0.1644425312096427
0.3565556036347901,0.23539593249675464,0.23929035049762007,0.16875811337083513
0.3569270608545533,0.23090202848511004,0.24169184290030213,0.17047906776003452
0.3626086956521739,0.22956521739130434,0.23869565217391303,0.1691304347826087
0.3621434745030251,0.2320656871218669,0.23422644770959378,0.17156439066551427
0.36161879895561355,0.22845953002610966,0.23977371627502175,0.170147954743255
0.35868625756266204,0.2337942955920484,0.23249783923941228,0.17502160760587726
0.3557075673364686,0.23984608807182556,0.22958529286019666,0.1748610517315092
0.35782195332757133,0.23638720829732066,0.2320656871218669,0.17372515125324114
0.351676698194325,0.2360275150472915,0.2351676698194325,0.177128116938951
0.3555173894375268,0.23443537999141262,0.231859167024474,0.1781880635465865
0.35334476843910806,0.233704974271012,0.23284734133790738,0.18010291595197256
0.35732758620689653,0.22801724137931034,0.2331896551724138,0.1814655172413793
0.3521308652604391,0.227292294446836,0.23417993973310375,0.1863969005596212
0.35533647663951995,0.226746678096871,0.23617659665666524,0.18174024860694385
0.3582727661393758,0.22060709705002138,0.23300555793073963,0.1881145788798632
0.3594629709831096,0.21654395842355997,0.23516673884798614,0.1888263317453443
0.36269875376020627,0.20885259991405242,0.23635582294800173,0.19209282337773959
0.35372112917023096,0.21599657827202737,0.23738237810094098,0.1928999144568007
0.3551561831407788,0.21651690201112536,0.23106546854942234,0.1972614462986735
0.355982905982906,0.21324786324786324,0.2264957264957265,0.20427350427350427
0.3478818998716303,0.21994009413778348,0.2255027813436029,0.20667522464698332
0.35080988917306055,0.216538789428815,0.2237851662404092,0.20886615515771526
0.3500213949507916,0.21480530594779632,0.22421908429610612,0.21095421480530593
0.347008547008547,0.21196581196581196,0.22521367521367522,0.21581196581196582
0.34023285899094435,0.21647261750754634,0.2268219059939629,0.21647261750754634
0.344206008583691,0.21330472103004292,0.22618025751072962,0.21630901287553647
0.33974358974358976,0.2094017094017094,0.23162393162393163,0.21923076923076923
0.3336203185535945,0.21308652604390874,0.23030563925957814,0.22298751614291865
0.3374785591766724,0.2109777015437393,0.22641509433962265,0.2251286449399657
0.3357664233576642,0.20953198797767283,0.22541863460712752,0.22928295405753543
0.3368915456874466,0.20879590093936806,0.2228864218616567,0.2314261315115286
0.3351788756388416,0.2074105621805792,0.22572402044293016,0.23168654173764908
0.33820369574559517,0.21057155135367425,0.21701761925225613,0.23420713364847442
0.33923941227312016,0.2065687121866897,0.21910112359550563,0.23509075194468454
0.3357695614789338,0.205073086844368,0.22141014617368873,0.23774720550300946
0.3336166595835104,0.20271993200169997,0.2180195495112622,0.2456438589035274
0.32836456558773425,0.2018739352640545,0.22103918228279387,0.24872231686541738
0.3293667658308542,0.2061198470038249,0.21674458138546537,0.2477688057798555
0.32934131736526945,0.20829769033361847,0.21086398631308811,0.25149700598802394
0.32963752665245205,0.20852878464818764,0.2068230277185501,0.2550106609808102
0.33319057815845826,0.2,0.21199143468950749,0.25481798715203424
0.3334767641996558,0.1923407917383821,0.21901893287435456,0.25516351118760755
0.33518360375747225,0.1959863364645602,0.2126387702818104,0.2561912894961571
0.33432708688245316,0.19718909710391821,0.21039182282793867,0.2580919931856899
0.33035714285714285,0.19047619047619047,0.2151360544217687,0.26403061224489793
0.33076923076923076,0.18333333333333332,0.21623931623931625,0.26965811965811964
0.3276595744680851,0.18212765957446808,0.214468085106383,0.27574468085106385
0.32296548785683854,0.18236046016190882,0.2194290583723903,0.2752449936088624
0.3181624840493407,0.1799234368353892,0.22203317737133135,0.27988090174393876
0.3217948717948718,0.1799145299145299,0.22264957264957264,0.27564102564102566
0.3211364614722342,0.17950925527335343,0.2186827378390013,0.2806715454154111
0.3210616438356164,0.1738013698630137,0.2208904109589041,0.2842465753424658
0.3142368533561351,0.1731509191962377,0.22103463018383926,0.29157759726378796
0.31185121107266434,0.1773356401384083,0.22102076124567474,0.2897923875432526
0.3113490364025696,0.17644539614561028,0.22055674518201285,0.29164882226980726
0.3074614065180103,0.1813893653516295,0.2195540308747856,0.2915951972555746
0.3080508474576271,0.18305084745762712,0.2135593220338983,0.29533898305084744
0.304421768707483,0.18027210884353742,0.21641156462585034,0.29889455782312924
0.3103009749894023,0.1797371767698177,0.2132259431962696,0.29673590504451036
0.3134073441502989,0.17463706233988044,0.20922288642186165,0.302732707087959
0.31475128644939965,0.16981132075471697,0.20969125214408232,0.305746140651801
0.31137724550898205,0.17194183062446536,0.21343028229255775,0.3032506415739949
0.3073630136986301,0.16866438356164384,0.2110445205479452,0.3129280821917808
0.30825138948268493,0.17101325352714836,0.20863616930312098,0.31209918768704575
0.3108165882855921,0.1718683197947841,0.20179563916203505,0.3155194527575887
0.31180968564146133,0.16822429906542055,0.2026338147833475,0.3173322005097706
0.31900257953568356,0.16852966466036112,0.19905417024935512,0.3134135855546002
0.3169282986847688,0.16419176919813322,0.19813322019516336,0.32074671192193466
0.32475332475332475,0.15701415701415702,0.19476619476619478,0.3234663234663235
0.32655654383735705,0.16010165184243966,0.19356204997882254,0.3197797543413808
0.31936041486603284,0.162057044079516,0.19273984442523767,0.3258426966292135
0.3197797543413808,0.16264294790343076,0.19144430326132994,0.3261329944938585
0.3160337552742616,0.1590717299578059,0.19704641350210972,0.3278481012658228
0.30923011484474694,0.15908124202467036,0.19736282433007232,0.33432581880051043
0.307725321888412,0.15665236051502146,0.19527896995708155,0.340343347639485
0.30798640611724726,0.15675446049277825,0.1898895497026338,0.3453695836873407
0.30303030303030304,0.15698653198653198,0.1936026936026936,0.3463804713804714
0.30081650193382037,0.1555651052857757,0.19080360979802322,0.3528147829823807
0.29936305732484075,0.15286624203821655,0.18811040339702761,0.35966029723991505
0.30008488964346347,0.15110356536502548,0.18845500848896435,0.3603565365025467
0.30205655526992287,0.15038560411311053,0.18551842330762638,0.3620394173093402
0.2999153976311337,0.15143824027072758,0.18697123519458544,0.3616751269035533
0.29602733874412646,0.14822725331055106,0.18880820162323794,0.3669372063220846
0.296343537414966,0.1475340136054422,0.18920068027210885,0.366921768707483
0.29391748192258615,0.14802211824755424,0.182475542322416,0.37558485750744364
0.2982456140350877,0.1480530594779632,0.17800599058622166,0.3756953359007274
0.2957627118644068,0.1461864406779661,0.17711864406779662,0.3809322033898305
0.29539641943734013,0.14578005115089515,0.17689684569479966,0.38192668371696503
0.2910857625686523,0.14533164343050275,0.17870722433460076,0.3848753696662442
0.2923076923076923,0.14358974358974358,0.17606837606837608,0.38803418803418804
0.2917383820998279,0.14371772805507746,0.1729776247848537,0.39156626506024095
0.2898427539311517,0.1440713982150446,0.17424564385890354,0.3918402039949001
0.28952946163628657,0.14158541754980924,0.17125900805426028,0.39762611275964393
0.28739495798319326,0.13907563025210085,0.17352941176470588,0.4
0.29189647857445905,0.14085702163767502,0.1680101824352991,0.3992363173525668
0.28754813863928114,0.13436029097133076,0.17715019255455713,0.40094137783483097
0.2871751171708564,0.13336173838943333,0.17170856412441415,0.4077545803152961
0.2847399829497016,0.13469735720375106,0.17647058823529413,0.4040920716112532
0.29194915254237286,0.13177966101694916,0.17584745762711865,0.4004237288135593
0.29085520745131244,0.13209144792548688,0.1735817104149026,0.40347163420829807
0.2949579831932773,0.1264705882352941,0.16806722689075632,0.41050420168067225
0.2974009373668513,0.12526629740093737,0.170004260758415,0.4073285044737963
0.29786342689568496,0.12609970674486803,0.16296606619187265,0.41307080016757436
0.29662447257383967,0.12658227848101267,0.16160337552742615,0.4151898734177215
0.29775518847945787,0.12960609911054638,0.15840745446844556,0.4142312579415502
0.30109797297297297,0.12922297297297297,0.15287162162162163,0.41680743243243246
0.29639065817409765,0.12738853503184713,0.1554140127388535,0.4208067940552017
0.29807280513918627,0.1284796573875803,0.14732334047109208,0.4261241970021413
0.2965779467680608,0.12970004224757076,0.14237431347697507,0.4313476975073933
0.2970004224757076,0.12589776087874946,0.14237431347697507,0.4347275031685678
0.30300465509944985,0.12484130342784595,0.1366906474820144,0.4354633939906898
0.2970255550900712,0.12358609132802681,0.13615416841223293,0.44323418516966906
0.30042194092827,0.12109704641350211,0.13248945147679325,0.4459915611814346
0.3010204081632653,0.116921768707483,0.13052721088435373,0.45153061224489793
0.2992823976361334,0.1190375685943436,0.1253693541578725,0.4563106796116505
0.30067567567567566,0.11570945945945946,0.12373310810810811,0.45988175675675674
0.303781512605042,0.11554621848739496,0.1264705882352941,0.4542016806722689
0.305897327110734,0.11243105642766228,0.12685617310140007,0.45481544336020363
0.30318471337579617,0.10912951167728238,0.1286624203821656,0.45902335456475585
0.3028643639427127,0.11036225779275484,0.13058129738837404,0.45619208087615837
0.30236486486486486,0.1089527027027027,0.12922297297297297,0.4594594594594595
0.30046550994498517,0.10960643250105798,0.12949640287769784,0.460431654676259
0.3020304568527919,0.10702199661590525,0.13071065989847716,0.4602368866328257
0.30156713257094453,0.1058873358746294,0.12621770436255825,0.4663278271918678
0.29991503823279525,0.1032285471537808,0.1308411214953271,0.46601529311809686
0.2945638432364096,0.10577328276443321,0.1344289928360725,0.46523388116308473
0.29538721963605585,0.10325856961489632,0.13161235717308506,0.46974185357596276
0.2956852791878173,0.10744500846023688,0.12986463620981387,0.467005076142132
0.29224904701397714,0.10885218127911901,0.13087674714104194,0.46802202456586195
0.29209183673469385,0.11181972789115646,0.1292517006802721,0.46683673469387754
0.2908099034830046,0.10994544691565254,0.1263113722198909,0.47293327738145197
0.2899957788096243,0.10679611650485436,0.1270578303081469,0.4761502743773744
0.2878275570583263,0.11031276415891801,0.12806424344885883,0.4737954353338969
0.2854131534569983,0.11045531197301856,0.1302698145025295,0.47386172006745364
0.28111769686706184,0.10880609652836579,0.13082133784928027,0.4792548687552921
0.2800169707254985,0.10861264319049639,0.12770470937632583,0.48366567670767924
0.2789230122002524,0.1089608750525873,0.12663020614219606,0.48548590660496427
0.27744932432432434,0.10430743243243243,0.12795608108108109,0.49028716216216217
0.2765598650927487,0.10244519392917369,0.12563237774030353,0.49536256323777406
0.2748735244519393,0.10370994940978077,0.12478920741989882,0.4966273187183811
0.27153716216216217,0.10388513513513513,0.1266891891891892,0.4978885135135135
0.26712037430880475,0.10123351765206295,0.1271799234368354,0.5044661846022969
0.2670311185870479,0.10134566862910008,0.12153069806560135,0.5100925147182507
0.26581740976645435,0.09723991507430998,0.12399150743099788,0.5129511677282378
0.26992830029523407,0.09784900885702236,0.11767186840995361,0.5145508224377899
0.2739552553820177,0.09793161671591388,0.11608273533136344,0.5120303925707049
0.2684873949579832,0.09663865546218488,0.11764705882352941,0.5172268907563026
0.2658546829063419,0.09659806803863923,0.12263754724905501,0.5149097018059638
0.2658069883527454,0.09276206322795341,0.1252079866888519,0.5162229617304492
0.2643485546711353,0.09258483452031839,0.12358609132802681,0.5194805194805194
0.26711749788672867,0.09509721048182587,0.11792054099746407,0.5198647506339814
0.2664403903266865,0.09376325837929571,0.12176495545184557,0.5180313958421723
0.2652284263959391,0.09348561759729272,0.12225042301184433,0.5190355329949239
0.26313559322033897,0.09152542372881356,0.12161016949152542,0.523728813559322
0.26627218934911245,0.08918005071851226,0.12045646661031277,0.5240912933220625
0.2692307692307692,0.08875739644970414,0.11453930684699916,0.5274725274725275
0.2661839863713799,0.09284497444633731,0.11286201022146508,0.5281090289608177
0.26221294363256786,0.09227557411273486,0.11148225469728601,0.5340292275574112
0.25888324873096447,0.09263959390862944,0.10956006768189509,0.538917089678511
0.2578589634664401,0.08836023789294817,0.1070518266779949,0.5467289719626168
0.2570466975178797,0.09045014724442575,0.10138830458561211,0.5511148506520824
0.25772323317816337,0.08717731696995346,0.10156580617858654,0.5535336436732966
0.2578059071729958,0.09113924050632911,0.09620253164556962,0.5548523206751055
0.25453013063632535,0.08807416772018542,0.09987357774968394,0.5575221238938053
0.25572519083969464,0.08821034775233248,0.09457167090754877,0.5614927905004241
0.25524769101595296,0.08606213266162889,0.10075566750629723,0.5579345088161209
0.2554530201342282,0.08179530201342282,0.100251677852349,0.5625
0.2510530749789385,0.08045492839090143,0.10446503791069923,0.5640269587194608
0.25829483410331794,0.07727845443091139,0.09911801763964721,0.5653086938261235
0.25671140939597314,0.0738255033557047,0.1040268456375839,0.5654362416107382
0.2554530201342282,0.0738255033557047,0.1040268456375839,0.5666946308724832
0.25577488450230995,0.0743385132297354,0.10751784964300715,0.5623687526249475
0.2531328320802005,0.07769423558897243,0.10526315789473684,0.5639097744360902
0.25157496850063,0.07685846283074338,0.0995380092398152,0.5720285594288115
0.2544922691182616,0.07772670288340995,0.09360635185959047,0.574174676138738
0.2524068647969862,0.0757639179573043,0.09711176224361658,0.5747174550020929
0.247795044099118,0.07517849643007139,0.09617807643847123,0.5808483830323393
0.24822101297614063,0.07492674759313521,0.09753034742570113,0.579321892005023
0.24343476448520215,0.07586494372655272,0.10129220508545227,0.5794080867027929
0.24529878813205183,0.07772670288340995,0.09778520685332219,0.579189302131216
0.24442574673958772,0.07488430795119899,0.09465713083718974,0.5860328144720236
0.2426284751474305,0.07497893850042123,0.08930075821398484,0.5930918281381634
0.24309623430962343,0.07112970711297072,0.0895397489539749,0.5962343096234309
0.24392288348700755,0.07292539815590947,0.0892707460184409,0.5938809723386421
0.2431865828092243,0.07085953878406709,0.08763102725366877,0.5983228511530398
0.24078726968174205,0.07035175879396985,0.08584589614740369,0.6030150753768844
0.23947811447811448,0.07028619528619529,0.08164983164983165,0.6085858585858586
0.23821443471005424,0.07092198581560284,0.08010012515644556,0.6107634543178974
0.23765690376569037,0.06820083682008368,0.0803347280334728,0.6138075313807532
0.23931265716680636,0.06580050293378038,0.07921207041072925,0.6156747694886839
0.23253868674194897,0.06649937264742785,0.07570054370556252,0.6252613969050607
0.23089840470193115,0.06465155331654072,0.07724601175482787,0.6272040302267002
0.23134953897736799,0.06244761106454317,0.07669740150880135,0.6295054484492875
0.23594080338266385,0.0587737843551797,0.07441860465116279,0.6308668076109937
0.23628691983122363,0.05864978902953587,0.07721518987341772,0.6278481012658228
0.23815461346633415,0.06192851205320033,0.07564422277639235,0.6242726517040732
0.23241206030150754,0.06113902847571189,0.07370184254606366,0.6327470686767169
0.23270440251572327,0.06415094339622641,0.07169811320754717,0.6314465408805031
0.2357142857142857,0.06050420168067227,0.06764705882352941,0.6361344537815126
0.22988992379339543,0.06181202370872142,0.07112616426756986,0.6371718882303133
0.2272154556908862,0.06341873162536749,0.06803863922721545,0.6413271734565309
0.22842851187994997,0.06419341392246769,0.06711129637348895,0.6402667778240934
0.23109243697478993,0.06134453781512605,0.06638655462184874,0.6411764705882353
0.22931541369172617,0.061738765224695506,0.06341873162536749,0.6455270894582108
0.22976391231028667,0.0602866779089376,0.05860033726812816,0.6513490725126475
0.2293046357615894,0.06167218543046358,0.06084437086092715,0.6481788079470199
0.22778473091364204,0.06132665832290363,0.06341259908218606,0.6474760116812682
0.22717711400925536,0.059739167017248636,0.06058056373580143,0.6525031552376945
0.2246346555323591,0.061795407098121084,0.061795407098121084,0.6517745302713988
0.2261159783062161,0.058823529411764705,0.06341259908218606,0.6516478931998331
0.22431077694235588,0.06015037593984962,0.06223893065998329,0.6532999164578112
0.22845188284518828,0.05690376569037657,0.06192468619246862,0.6527196652719666
0.2316971713810316,0.05823627287853577,0.05324459234608985,0.6568219633943427
0.22816548265775177,0.05933974091099039,0.05432511491851233,0.6581696615127455
0.22907122032486463,0.05830903790087463,0.05539358600583091,0.6572261557684298
0.23025491015461763,0.05432511491851233,0.05850396991224405,0.656916005014626
0.23138075313807532,0.05146443514644351,0.057322175732217574,0.6598326359832636
0.23221757322175732,0.05146443514644351,0.05606694560669456,0.6602510460251046
0.22883487007544007,0.04945515507124895,0.05951383067896061,0.6621961441743504
0.23153942428035043,0.047976637463496036,0.0592407175636212,0.6612432206925324
0.22884535223009586,0.05168820341809087,0.05627344726969571,0.6631929970821175
0.22740524781341107,0.05206164098292378,0.05830903790087463,0.6622240733027905
0.2295492487479132,0.04716193656093489,0.06010016694490818,0.6631886477462438
0.2357142857142857,0.04579831932773109,0.05546218487394958,0.6630252100840336
0.23215031315240084,0.04384133611691023,0.05511482254697286,0.6688935281837161
0.23201663201663203,0.04449064449064449,0.05862785862785863,0.6648648648648648
0.2316715542521994,0.04524507750314202,0.059069962295768746,0.6640134059488898
0.2344139650872818,0.04197838736492103,0.057772236076475476,0.6658354114713217
0.2350730688935282,0.043006263048016705,0.0592901878914405,0.6626304801670146
0.23371164354770912,0.04077343421605717,0.05632618747372846,0.6691887347625053
0.2323443376514835,0.04304220643543669,0.05641454241537819,0.6681989134977017
0.23215031315240084,0.04175365344467641,0.05344467640918581,0.6726513569937369
0.2328881469115192,0.044657762938230386,0.05008347245409015,0.6723706176961602
0.2325,0.042916666666666665,0.04958333333333333,0.675
0.23443376514834935,0.041788549937317176,0.04972837442540744,0.674049310488926
0.2325678496868476,0.037578288100208766,0.05010438413361169,0.679749478079332
0.23485477178423236,0.03858921161825726,0.04854771784232365,0.6780082987551868
0.23337515683814303,0.037641154328732745,0.05144291091593475,0.6775407779171895
0.23661270236612703,0.0361145703611457,0.05188875051888751,0.6753839767538398
0.23654568210262827,0.03629536921151439,0.05047976637463496,0.6766791823112224
0.23745819397993312,0.03678929765886288,0.05016722408026756,0.6755852842809364
0.23549060542797495,0.03549060542797495,0.049686847599164925,0.6793319415448852
0.23421162693433709,0.03680468423253869,0.04809703053115851,0.6808866583019657
0.23445974134334585,0.0392156862745098,0.04630788485607009,0.6800166875260742
0.23308270676691728,0.042606516290726815,0.046365914786967416,0.6779448621553885
0.23382045929018788,0.04509394572025052,0.04509394572025052,0.6759916492693111
0.2274821952241307,0.04566401340594889,0.04566401340594889,0.6811897779639715
0.22799664710813075,0.04400670578373848,0.04568315171835708,0.6823134953897737
0.23118729096989968,0.04389632107023411,0.04389632107023411,0.6810200668896321
0.23373898447335292,0.04616030214015946,0.043642467477968946,0.6764582459085187
0.23070504797663746,0.049228201919065497,0.0425531914893617,0.6775135586149353
0.23109068115336398,0.04847471792728792,0.042206435436690344,0.6782281654826577
0.23245060949978982,0.044976881042454814,0.042034468263976464,0.6805380411937789
0.23458333333333334,0.04541666666666667,0.042916666666666665,0.6770833333333334
0.2339891167852658,0.043532858936793636,0.044370029300962746,0.6781079949769778
0.23568742164646886,0.04304220643543669,0.04346009193480986,0.6778102799832846
0.23529411764705882,0.0425531914893617,0.04338756779307468,0.6787651230705048
0.23064043532858935,0.038509836751778985,0.044370029300962746,0.6864796986186689
0.23035343035343037,0.03908523908523909,0.04573804573804574,0.6848232848232848
0.22841575859178542,0.038139145012573344,0.04610226320201174,0.6873428331936295
0.2302248126561199,0.03788509575353872,0.04621149042464613,0.6856786011656952
0.2280482729920932,0.03953391593841032,0.04411152725759467,0.6883062838119018
0.22878535773710482,0.03826955074875208,0.0478369384359401,0.6851081530782029
0.22792262405382674,0.036585365853658534,0.05004205214465938,0.6854499579478553
0.22670025188916876,0.035684298908480266,0.04953820319059614,0.6880772460117548
0.22426778242677825,0.036401673640167366,0.04769874476987448,0.69163179916318
0.22300958732805334,0.03459774906210921,0.04710295956648604,0.6952897040433514
0.22555139409071992,0.03495630461922597,0.04577611319184353,0.6937161880982106
0.2237936772046589,0.035357737104825294,0.048252911813643926,0.6925956738768719
0.2232327408019843,0.032658123191401406,0.05002066969822241,0.6940884663083919
0.22407330279050397,0.029154518950437316,0.04623073719283632,0.7005414410662224
0.2254575707154742,0.032029950083194675,0.04409317803660566,0.6984193011647255
0.22157676348547717,0.03236514522821577,0.04273858921161826,0.7033195020746889
0.22060050041701418,0.03669724770642202,0.04420350291909925,0.6984987489574646
0.22268731686898283,0.037672666387609875,0.041858518208455424,0.6977814985349519
0.2254697286012526,0.037995824634655534,0.03966597077244259,0.6968684759916492
0.22583333333333333,0.03375,0.04,0.7004166666666667
0.2265331664580726,0.03546099290780142,0.0392156862745098,0.6987901543596162
0.22973540529189415,0.036539269214615706,0.03989920201595968,0.6938261234775305
0.22823823406913785,0.03915035401915869,0.0424822990420658,0.6901291128696376
0.22860738255033558,0.0398489932885906,0.03901006711409396,0.6925335570469798
0.23086627417998318,0.03868797308662742,0.03994953742640875,0.6904962153069807
0.2316971713810316,0.035357737104825294,0.04118136439267887,0.6917637271214643
0.2314392368311904,0.035255080879303194,0.041891331397760266,0.6914143508917462
0.23218007503126303,0.03793247186327636,0.041684035014589414,0.6882034180908712
0.22875,0.04,0.04041666666666666,0.6908333333333333
0.23182384711258827,0.03863730785209805,0.035313668466971336,0.6942251765683424
0.2311536859641816,0.04123281965847563,0.03498542274052478,0.6926280716368179
0.2304185661002901,0.04102776626605885,0.03729796933278077,0.6912556983008703
0.23112033195020748,0.043153526970954356,0.035269709543568464,0.6904564315352697
0.22902684563758388,0.04236577181208054,0.03481543624161074,0.6937919463087249
0.23035117056856189,0.04013377926421405,0.03511705685618729,0.6943979933110368
0.23118279569892472,0.04052936311000827,0.03432588916459884,0.6939619520264682
0.23327759197324416,0.03762541806020067,0.0338628762541806,0.6952341137123745
0.23253868674194897,0.040987034713508994,0.033458803847762446,0.6930154746967796
0.23459326211996714,0.03944124897288414,0.03410024650780608,0.6918652423993427
0.23212045169385195,0.04140526976160602,0.03596821413634463,0.6905060644081974
0.23509655751469352,0.041981528127623846,0.036943744752308987,0.6859781696053736
0.23345817727840198,0.04244694132334582,0.040366208905534745,0.6837286724927174
0.2372247611134192,0.0423764021603656,0.0402991275446614,0.6800997091815538
0.2427265170407315,0.042809642560266,0.04114713216957606,0.6733167082294265
0.24070945945945946,0.04054054054054054,0.040962837837837836,0.6777871621621622
0.2372810675562969,0.042118432026688905,0.039616346955796494,0.6809841534612177
0.2331236897274633,0.04109014675052411,0.04025157232704402,0.6855345911949685
0.23070469798657717,0.044463087248322146,0.044463087248322146,0.6803691275167785
0.2315745393634841,0.044807370184254604,0.046063651591289785,0.6775544388609716
0.2261159783062161,0.04380475594493116,0.04714226115978306,0.6829370045890697
0.2243029546400333,0.04369538077403246,0.05160216396171453,0.6803995006242197
0.22857142857142856,0.0422360248447205,0.0525879917184265,0.6766045548654245
0.22536382536382538,0.04449064449064449,0.05446985446985447,0.6756756756756757
0.22236180904522612,0.04355108877721943,0.05108877721943048,0.682998324958124
0.22695035460992907,0.04297037964121819,0.05089695452649145,0.6791823112223613
0.22338642078792958,0.04400670578373848,0.04945515507124895,0.683151718357083
0.22425249169435216,0.04526578073089701,0.05024916943521595,0.6802325581395349
0.2257250945775536,0.044976881042454814,0.05422446406052964,0.675073560319462
0.2261705685618729,0.04431438127090301,0.054765886287625416,0.6747491638795987
0.22134222592746977,0.04418507711546478,0.05335556481867445,0.681117132138391
0.21934945788156798,0.04420350291909925,0.05379482902418682,0.682652210175146
0.2176642946839682,0.045207199665131856,0.051485977396400165,0.6856425282544998
0.22024056408129408,0.0452094566569888,0.05391953546246371,0.6806304437992534
0.22245409015025042,0.04298831385642738,0.0496661101836394,0.6848914858096828
0.22259414225941423,0.04435146443514645,0.0497907949790795,0.6832635983263599
0.22175906627761569,0.0425177157148812,0.04877032096706961,0.6869528970404335
0.22056384742951907,0.041044776119402986,0.04643449419568822,0.6919568822553898
0.21873693015474696,0.04015056461731493,0.04600585529067336,0.6951066499372648
0.2178794178794179,0.041164241164241167,0.045322245322245325,0.6956340956340956
0.2220360284876414,0.03812316715542522,0.041474654377880185,0.6983661499790532
0.22338204592901878,0.03590814196242171,0.042171189979123176,0.6985386221294363
0.2246346555323591,0.038413361169102295,0.04133611691022965,0.695615866388309
0.21880199667221298,0.0370216306156406,0.047004991680532446,0.697171381031614
0.21780936454849498,0.036371237458193977,0.05142140468227425,0.6943979933110368
0.21434528773978315,0.03711426188490409,0.05254378648874062,0.6959966638865721
0.21231155778894473,0.03685092127303183,0.052345058626465664,0.6984924623115578
0.21434528773978315,0.03669724770642202,0.048790658882402,0.7001668056713928
0.2136609745939192,0.034152436484798,0.05039566847147022,0.7017909204498126
0.21065675340768278,0.03345724907063197,0.05163155720776538,0.7042544403139198
0.211882010801828,0.03406730369754882,0.049023680930619026,0.7050270045700041
0.21181856013316688,0.0328755722014149,0.049937578027465665,0.7053682896379525
0.21316225165562913,0.03559602649006623,0.05173841059602649,0.6995033112582781
0.2119067443796836,0.037052456286427976,0.04870940882597835,0.70233139050791
0.2116910229645094,0.03549060542797495,0.0488517745302714,0.7039665970772443
0.2143752611784371,0.03343083994985374,0.04722106142916841,0.7049728374425407
0.21449518223711772,0.03016338500209468,0.0469208211143695,0.7084206116464181
0.21562110511009555,0.03115911923556294,0.04528458662235148,0.70793518903199
0.2197346600331675,0.03482587064676617,0.043532338308457715,0.7019071310116086
0.22352448723315194,0.03390539974884889,0.043532858936793636,0.6990372540812055
0.22338204592901878,0.03298538622129436,0.043423799582463465,0.7002087682672233
0.22338204592901878,0.03590814196242171,0.038413361169102295,0.7022964509394573
0.22194199243379573,0.03362757461118117,0.03825136612021858,0.7061790668348046
0.2220838522208385,0.0356994603569946,0.039435450394354504,0.7027812370278124
0.22000830220008302,0.0327936903279369,0.0406807804068078,0.7065172270651723
0.21995841995841997,0.03284823284823285,0.03700623700623701,0.7101871101871102
0.22005801906340655,0.03895565685868214,0.040198922503108164,0.7007874015748031
0.21994134897360704,0.03896103896103896,0.03937997486384583,0.7017176372015081
0.22005801906340655,0.03978450062163282,0.04061334438458351,0.6995441359303771
0.2165206508135169,0.040467250730079264,0.041718815185648725,0.7012932832707551
0.21630615640599002,0.039101497504159734,0.04159733777038269,0.7029950083194676
0.21419676214196762,0.0410958904109589,0.0410958904109589,0.7036114570361146
0.2149377593360996,0.038174273858921165,0.04066390041493776,0.7062240663900415
0.21142618849040867,0.039616346955796494,0.040033361134278564,0.7089241034195163
0.21437578814627994,0.03488860865910046,0.03867171080285835,0.7120638923917613
0.2143752611784371,0.03593815294609277,0.04053489343919766,0.7091516924362724
0.211882010801828,0.039052762775238885,0.03863730785209805,0.7104279185708351
0.20892410341951625,0.03544620517097581,0.03878231859883236,0.7168473728106756
0.2124373956594324,0.03672787979966611,0.038814691151919864,0.7120200333889817
0.2106365159128978,0.04061976549413735,0.03726968174204355,0.7114740368509213
0.2134222592746978,0.04085035431429762,0.037098791162984576,0.70862859524802
0.21098626716604243,0.043279234290470245,0.03537245110278818,0.7103620474406991
0.21458160729080364,0.04183927091963546,0.035625517812758904,0.707953603976802
0.2136609745939192,0.03915035401915869,0.037900874635568516,0.7092877967513536
0.21559633027522937,0.0408673894912427,0.03836530442035029,0.7051709758131777
0.21348314606741572,0.039950062421972535,0.03953391593841032,0.7070328755722014
0.21690258118234804,0.035803497085761866,0.03913405495420483,0.7081598667776853
0.21578505457598657,0.03526448362720403,0.03610411418975651,0.7128463476070529
0.21464435146443514,0.036401673640167366,0.03556485355648536,0.7133891213389121
0.21547420965058237,0.03369384359400998,0.035357737104825294,0.7154742096505824
0.21494542401343408,0.03232577665827036,0.037783375314861464,0.7149454240134341
0.21610346266166042,0.03295786399666249,0.03546099290780142,0.7154776804338757
0.2185014650481373,0.03097530347425701,0.03516115529510255,0.7153620761825031
0.21719269102990033,0.031146179401993355,0.03571428571428571,0.7159468438538206
0.21846661170651277,0.03215169002473207,0.03503709810387469,0.7143446001648804
0.21706710853355426,0.0343827671913836,0.037282518641259324,0.7112676056338029
0.22120200333889817,0.031302170283806344,0.037562604340567615,0.7099332220367279
0.2173372044794691,0.03193695562007466,0.03940273745333887,0.7113231024471174
0.2182952182952183,0.03575883575883576,0.040332640332640335,0.7056133056133056
0.21892005023022185,0.033486814566764334,0.03976559229803265,0.7078275429049812
0.22009966777408638,0.03363787375415282,0.04235880398671096,0.7039036544850499
0.21809841534612176,0.03586321934945788,0.040033361134278564,0.7060050041701418
0.216597510373444,0.03402489626556016,0.03900414937759336,0.7103734439834025
0.21692243882206552,0.03442554956449606,0.03898797179593529,0.7096640398175031
0.2188930503537245,0.0328755722014149,0.040366208905534745,0.7078651685393258
0.2218984179850125,0.035803497085761866,0.03663613655287261,0.705661948376353
0.2169378389653734,0.03546099290780142,0.03754693366708386,0.7100542344597414
0.21562891767655662,0.035102381947346425,0.03384872544922691,0.71541997492687
0.21573498964803312,0.03436853002070393,0.03395445134575569,0.7159420289855073
0.2108786610878661,0.03682008368200837,0.030543933054393305,0.7217573221757322
0.21205821205821207,0.038253638253638256,0.0316008316008316,0.7180873180873181
0.21146655587868715,0.03572912339011217,0.03240548400498546,0.7203988367262152
0.21286307053941908,0.04066390041493776,0.02946058091286307,0.7170124481327801
0.21794871794871795,0.03970223325062035,0.030190239867659223,0.7121588089330024
0.21347844286312265,0.03809125156969443,0.031393888656341566,0.7170364169108413
0.20896147403685092,0.03685092127303183,0.035175879396984924,0.7190117252931323
0.21063564603240548,0.03863730785209805,0.037806398005816366,0.7129206481096801
0.21238938053097345,0.035398230088495575,0.03961230509903076,0.7126000842815002
0.20960334029227556,0.03590814196242171,0.037995824634655534,0.7164926931106472
0.21087588210875882,0.0356994603569946,0.0402656704026567,0.7131589871315899
0.2139282735613011,0.03336113427856547,0.039616346955796494,0.713094245204337
0.21092436974789916,0.03277310924369748,0.037394957983193276,0.7189075630252101
0.20967069612338474,0.03334722801167153,0.03751563151313047,0.7194664443518133
0.20742268041237114,0.03505154639175258,0.03711340206185567,0.7204123711340206
0.20644891122278056,0.032663316582914576,0.03768844221105527,0.7231993299832495
0.20217664294683968,0.03390539974884889,0.03683549602344077,0.7270824612808706
0.20492487479131888,0.02921535893155259,0.03547579298831385,0.7303839732888147
0.2048494983277592,0.028428093645484948,0.0338628762541806,0.7328595317725752
0.20995399414470933,0.03178586365537432,0.033877038895859475,0.7243831033040569
0.2127838519764508,0.031118587047939444,0.03280067283431455,0.7232968881412952
0.2086630570595585,0.030403998334027488,0.03498542274052478,0.7259475218658892
0.20731200664727878,0.030328209389281262,0.035313668466971336,0.7270461154964686
0.21026282853566958,0.030037546933667083,0.034626616604088445,0.7250730079265749
0.21000413393964448,0.03307151715584952,0.03224472922695329,0.7246796196775527
0.21008753647353065,0.0358482701125469,0.03251354731137974,0.7215506461025427
0.20916666666666667,0.034166666666666665,0.030416666666666668,0.72625
0.20653973509933773,0.03352649006622516,0.031043046357615893,0.7288907284768212
0.21205821205821207,0.03617463617463618,0.03076923076923077,0.720997920997921
0.2086450540315877,0.038237738985868665,0.030756442227763924,0.7223607647547797
0.2095435684647303,0.03734439834024896,0.030705394190871368,0.7224066390041494
0.20623700623700625,0.03492723492723493,0.03201663201663202,0.7268191268191269
0.20595533498759305,0.036393713813068655,0.03556658395368073,0.7220843672456576
0.2052675585284281,0.03595317725752508,0.0338628762541806,0.7249163879598662
0.20496894409937888,0.03643892339544513,0.034782608695652174,0.7238095238095238
0.20274200249272953,0.03572912339011217,0.03406730369754882,0.7274615704196095
0.20336134453781513,0.03319327731092437,0.03403361344537815,0.7294117647058823
0.204914618908788,0.03540191586838817,0.034152436484798,0.7255310287380258
0.20388751033912325,0.036393713813068655,0.03432588916459884,0.7253928866832092
0.20448877805486285,0.03657522859517872,0.035328345802161265,0.7236076475477972
0.20298260149130073,0.03893951946975974,0.03396851698425849,0.724109362054681
0.20513883133029423,0.03812681309573145,0.03398259428097804,0.7227517612929962
0.20676691729323307,0.036758563074352546,0.03508771929824561,0.7213868003341688
0.20675281367236348,0.035014589412255104,0.03459774906210921,0.7236348478532721
0.20425177157148813,0.037098791162984576,0.03834931221342226,0.7203001250521051
0.2079124579124579,0.03493265993265993,0.03998316498316498,0.7171717171717171
0.20666666666666667,0.03375,0.041666666666666664,0.7179166666666666
0.2096908939014202,0.034252297410192145,0.036758563074352546,0.7192982456140351
0.20986622073578595,0.037207357859531776,0.03678929765886288,0.7161371237458194
0.20883701542309296,0.03751563151313047,0.03751563151313047,0.7161317215506461
0.20947630922693267,0.03740648379052369,0.03740648379052369,0.71571072319202
0.20921544209215442,0.0369447903694479,0.037359900373599,0.7164798671647987
0.2111157196184156,0.03774367482372459,0.035255080879303194,0.7158855246785566
0.21116201582673885,0.037900874635568516,0.03498542274052478,0.7159516867971678
0.20848938826466917,0.0357885975863504,0.03495630461922597,0.7207657095297545
0.20814291649356045,0.036560033236393855,0.03240548400498546,0.7228915662650602
0.21271292064810968,0.036560033236393855,0.03199002908184462,0.7187370170336519
0.2126508531002913,0.0357885975863504,0.033707865168539325,0.717852684144819
0.20767306088407006,0.039616346955796494,0.03211009174311927,0.7206005004170142
0.2101328903654485,0.0377906976744186,0.03280730897009967,0.7192691029900332
0.21485189820609094,0.03295786399666249,0.03128911138923655,0.72090112640801
0.21869782971619364,0.0325542570951586,0.03297161936560935,0.7157762938230384
0.21541010770505387,0.03355426677713339,0.03645401822700911,0.7145816072908037
0.2162944582299421,0.033085194375516956,0.033498759305210915,0.71712158808933
0.21704781704781706,0.033264033264033266,0.03617463617463618,0.7135135135135136
0.21974390747624947,0.03139198678232136,0.03882693102023957,0.7100371747211895
0.21831869510664995,0.03136762860727729,0.03680468423253869,0.7135089920535341
0.21813623067279567,0.03134141245298788,0.03593815294609277,0.7145842039281237
0.21567814184985484,0.03193695562007466,0.03608461219411033,0.7163002903359602
0.21512113617376774,0.03258145363408521,0.036758563074352546,0.7155388471177945
0.21582435791217897,0.03355426677713339,0.0347970173985087,0.7158243579121789
0.2162944582299421,0.03143093465674111,0.033498759305210915,0.7187758478081059
0.21610346266166042,0.03128911138923655,0.03420942845223195,0.718397997496871
0.2184769038701623,0.033707865168539325,0.033707865168539325,0.714107365792759
0.22291407222914073,0.033623910336239106,0.033208800332088007,0.7102532171025322
0.21903574397339984,0.03366583541147132,0.03366583541147132,0.7136325852036576
0.21871101871101872,0.03659043659043659,0.03284823284823285,0.7118503118503119
0.22152690863579474,0.034626616604088445,0.03212348769294952,0.7117229870671673
0.21977565434150395,0.03863730785209805,0.029081844619858747,0.7125051931865393
0.22393020357291235,0.037806398005816366,0.03199002908184462,0.7062733693394266
0.22411642411642413,0.03659043659043659,0.03076923076923077,0.7085239085239086
0.2174457429048414,0.037562604340567615,0.030884808013355594,0.7141068447412354
0.2222222222222222,0.03828547648772368,0.031210986267166042,0.708281315022888
