C,D,Oc,Od
0.0,0.0,0.0,1.0
0.6666666666666666,0.0,0.0,0.3333333333333333
0.6666666666666666,0.0,0.0,0.3333333333333333
0.8,0.0,0.0,0.2
0.7142857142857143,0.0,0.0,0.2857142857142857
0.7,0.0,0.0,0.3
0.7692307692307693,0.0,0.07692307692307693,0.15384615384615385
0.7894736842105263,0.05263157894736842,0.05263157894736842,0.10526315789473684
0.8181818181818182,0.045454545454545456,0.045454545454545456,0.09090909090909091
0.8260869565217391,0.043478260869565216,0.08695652173913043,0.043478260869565216
0.8620689655172413,0.034482758620689655,0.06896551724137931,0.034482758620689655
0.918918918918919,0.02702702702702703,0.05405405405405406,0.0
0.9574468085106383,0.02127659574468085,0.02127659574468085,0.0
0.9649122807017544,0.017543859649122806,0.017543859649122806,0.0
0.935064935064935,0.012987012987012988,0.05194805194805195,0.0
0.9130434782608695,0.021739130434782608,0.06521739130434782,0.0
0.9196428571428571,0.026785714285714284,0.05357142857142857,0.0
0.9389312977099237,0.015267175572519083,0.04580152671755725,0.0
0.9182389937106918,0.031446540880503145,0.0440251572327044,0.006289308176100629
0.9090909090909091,0.0374331550802139,0.0481283422459893,0.0053475935828877
0.8967136150234741,0.03755868544600939,0.051643192488262914,0.014084507042253521
0.8893617021276595,0.0425531914893617,0.04680851063829787,0.02127659574468085
0.8905660377358491,0.04150943396226415,0.04905660377358491,0.018867924528301886
0.886986301369863,0.03767123287671233,0.0547945205479452,0.02054794520547945
0.9036144578313253,0.030120481927710843,0.045180722891566265,0.02108433734939759
0.9093264248704663,0.023316062176165803,0.046632124352331605,0.02072538860103627
0.9214780600461894,0.020785219399538105,0.03233256351039261,0.025404157043879907
0.9233870967741935,0.020161290322580645,0.034274193548387094,0.02217741935483871
0.9239332096474954,0.014842300556586271,0.03525046382189239,0.025974025974025976
0.9176276771004942,0.016474464579901153,0.04118616144975288,0.02471169686985173
0.9201807228915663,0.015060240963855422,0.03463855421686747,0.030120481927710843
0.9152317880794701,0.019867549668874173,0.033112582781456956,0.031788079470198675
0.9159663865546218,0.01800720288115246,0.03601440576230492,0.030012004801920768
0.9253065774804905,0.014492753623188406,0.03678929765886288,0.023411371237458192
0.9298969072164949,0.013402061855670102,0.03402061855670103,0.02268041237113402
0.9303201506591338,0.0160075329566855,0.030131826741996232,0.023540489642184557
0.9236577181208053,0.01929530201342282,0.031879194630872486,0.025167785234899327
0.9178931061192874,0.022463206816421378,0.033307513555383424,0.026336173508907823
0.9070796460176991,0.025811209439528023,0.03908554572271387,0.028023598820058997
0.9017301038062284,0.02629757785467128,0.03667820069204152,0.03529411764705882
0.8978149100257069,0.02634961439588689,0.037275064267352186,0.038560411311053984
0.8980582524271845,0.028519417475728157,0.03398058252427184,0.03944174757281554
0.8942528735632184,0.02471264367816092,0.0367816091954023,0.044252873563218394
0.8914348063284233,0.024004364429896344,0.03873431533006001,0.04582651391162029
0.8861490031479539,0.02465897166841553,0.04249737670514166,0.04669464847848898
0.8872598584428716,0.02275025278058645,0.04196157735085945,0.04802831142568251
0.8813806514341274,0.02771025765678172,0.043753038405444825,0.04715605250364609
0.8837656099903939,0.026416906820365033,0.043707973102785784,0.04610951008645533
0.8816901408450705,0.027230046948356807,0.04225352112676056,0.048826291079812206
0.8833408987743986,0.026327734906945077,0.04085338175215615,0.049477984566500224
0.8861788617886179,0.02710027100271003,0.03929539295392954,0.04742547425474255
0.8841870824053452,0.028507795100222718,0.03964365256124722,0.047661469933184854
0.879766711529834,0.029161058770749215,0.03992821893225662,0.05114401076716016
0.8771454381210478,0.02981029810298103,0.04110207768744354,0.051942186088527555
0.871953921134249,0.031014621178555603,0.04253433761630483,0.05449712007089056
0.8720106288751107,0.03277236492471213,0.04162976085031001,0.05358724534986714
0.8624667258207631,0.0354924578527063,0.04702750665483585,0.055013309671694766
0.8637372392365734,0.03417665335108744,0.045272969374167776,0.056813138038171326
0.8628673196794301,0.036064113980409616,0.04452359750667854,0.05654496883348174
0.8565737051792829,0.036741921204072596,0.04648074369189907,0.06020362992474546
0.8590425531914894,0.03679078014184397,0.0425531914893617,0.06161347517730496
0.8566324251898169,0.03707012058954891,0.04376953997320232,0.06252791424743188
0.8583481349911191,0.037300177619893425,0.04218472468916518,0.06216696269982238
0.8508262617239839,0.03796337650736936,0.04242965609647164,0.06878070567217508
0.8527200353825741,0.03936311366651924,0.039805395842547546,0.06811145510835913
0.8499558693733451,0.04148278905560459,0.041924095322153576,0.06663724624889673
0.8459471562919839,0.041648007165248545,0.04254366323331841,0.06986117330944917
0.8412206988058382,0.04290137107474569,0.04290137107474569,0.0729765590446705
0.83841059602649,0.044591611479028695,0.04150110375275938,0.07549668874172186
0.8386103781882146,0.04397537379067722,0.040457343887423045,0.07695690413368514
0.8355496453900709,0.044326241134751775,0.04476950354609929,0.07535460992907801
0.8331866197183099,0.04445422535211268,0.04533450704225352,0.07702464788732394
0.8339207048458149,0.044933920704845816,0.04449339207048458,0.07665198237885462
0.8311229000884174,0.04597701149425287,0.04288240495137047,0.08001768346595933
0.8210762331838565,0.04484304932735426,0.04708520179372197,0.08699551569506726
0.8183035714285715,0.045535714285714284,0.045089285714285714,0.09107142857142857
0.8231111111111111,0.04488888888888889,0.042666666666666665,0.08933333333333333
0.8238712561466249,0.04112650871703174,0.04425569959767546,0.09074653553866786
0.816290393979637,0.04249667994687915,0.04736609119079239,0.09384683488269145
0.818785999113868,0.04164820558263181,0.0460788657509969,0.09348692955250332
0.8155902004454343,0.04187082405345212,0.045879732739420934,0.09665924276169265
0.8123063302346171,0.043382027445772464,0.0451527224435591,0.09915891987605135
0.8146993318485524,0.04320712694877506,0.044543429844097995,0.09755011135857461
0.812221231043711,0.042818911685994644,0.04460303300624442,0.10035682426404996
0.8090339892665475,0.04293381037567084,0.04427549194991055,0.1037567084078712
0.8072289156626506,0.0428380187416332,0.04462293618920125,0.10531012940651495
0.8095872170439414,0.043941411451398134,0.04438526409232135,0.1020861074123391
0.8100757913508694,0.04502897904592064,0.04413731609451627,0.10075791350869372
0.8069087688219664,0.04561558901682905,0.043401240035429584,0.10407440212577503
0.8055678303137428,0.04595669465311533,0.04330534688466637,0.10517012814847547
0.8047808764940239,0.046038069942452416,0.04293935369632581,0.10624169986719788
0.8008039303260384,0.04510942384993301,0.04376953997320232,0.11031710585082626
0.7988454706927176,0.04573712255772647,0.046181172291296625,0.10923623445825932
0.7963539350822588,0.0493552690084482,0.044464206313917294,0.10982658959537572
0.7959550561797752,0.051235955056179776,0.04404494382022472,0.10876404494382022
0.7953529937444147,0.05361930294906166,0.045576407506702415,0.10545129579982127
0.7926883637984842,0.0521622826571556,0.049487293802942485,0.10566205974141775
0.7850838481906444,0.052515445719329215,0.05163283318623124,0.11076787290379524
0.775200713648528,0.05352363960749331,0.056199821587867974,0.11507582515611062
0.774641577060932,0.05510752688172043,0.05734767025089606,0.11290322580645161
0.7741071428571429,0.05267857142857143,0.05714285714285714,0.11607142857142858
0.7750665483584738,0.05235137533274179,0.05456965394853593,0.11801242236024845
0.7691964285714286,0.05580357142857143,0.054017857142857145,0.12098214285714286
0.7711751662971175,0.05631929046563193,0.050997782705099776,0.12150776053215077
0.7681551646368967,0.05502931889941362,0.04916553901668922,0.12764997744700046
0.7643884892086331,0.05485611510791367,0.046762589928057555,0.13399280575539568
0.7672872340425532,0.050975177304964536,0.04875886524822695,0.13297872340425532
0.761528326745718,0.04962670180061485,0.04962670180061485,0.13921826965305226
0.758362676056338,0.0488556338028169,0.05149647887323944,0.14128521126760563
0.7549844926894107,0.05006645990252548,0.052281789986708016,0.14266725742135578
0.755398854120758,0.04759806081974438,0.04847950639048039,0.1485235786690172
0.7562724014336918,0.047939068100358424,0.04704301075268817,0.14874551971326164
0.7581003106968487,0.04704837993786063,0.044829116733244564,0.15002219263204616
0.7530093624609897,0.04814979937583593,0.047258136424431565,0.15158270173874275
0.7510004446420632,0.046242774566473986,0.046242774566473986,0.15651400622498887
0.7502234137622877,0.04781054512957998,0.043789097408400354,0.1581769436997319
0.752914798206278,0.04484304932735426,0.04394618834080718,0.15829596412556055
0.7540983606557377,0.04652193176783341,0.04164820558263181,0.15773150199379707
0.7486725663716814,0.048672566371681415,0.0415929203539823,0.16106194690265488
0.7459052678176185,0.05046480743691899,0.046038069942452416,0.1575918548030102
0.7492232578783844,0.04971149578339991,0.04349755881047492,0.15756768752774078
0.7435325602140945,0.0504014272970562,0.045495093666369314,0.16057091882247992
0.7485613103142984,0.049136786188579015,0.04205400619743249,0.16024789729969013
0.7487772343263672,0.048465984882169855,0.04224099599822143,0.16051578479324144
0.7454302273740526,0.04859563085153812,0.04235399019170753,0.16362015158270174
0.7375280898876404,0.0498876404494382,0.046741573033707864,0.16584269662921347
0.7364620938628159,0.05144404332129964,0.04557761732851986,0.16651624548736463
0.7364444444444445,0.04888888888888889,0.04533333333333334,0.16933333333333334
0.7345406360424028,0.045053003533568906,0.045053003533568906,0.17535335689045936
0.7287376902417189,0.048791405550581916,0.043867502238137866,0.17860340196956132
0.7301801801801802,0.04684684684684685,0.043243243243243246,0.17972972972972973
0.737219730941704,0.04798206278026906,0.03991031390134529,0.17488789237668162
0.7379991027366533,0.04486316733961418,0.03947958725886048,0.17765814266487215
0.7316193053676139,0.04691023906179522,0.038791159224176815,0.18267929634641408
0.7256042972247091,0.049686660698299016,0.04207699194270367,0.18263205013428827
0.7222707423580786,0.050655021834061134,0.04279475982532751,0.18427947598253275
0.7206079570853822,0.04917299955297273,0.039785426911041574,0.1904336164506035
0.7150513622152747,0.05225547119249665,0.03841000446627959,0.1942831621259491
0.7095902746510581,0.05132823052678973,0.037370553804592525,0.20171094101755965
0.7126334519572953,0.05204626334519573,0.037811387900355875,0.19750889679715303
0.7110719011910013,0.0529333921482135,0.04190560211733568,0.1940891045434495
0.7072630646589902,0.05358724534986714,0.04295837023914969,0.19619131975199292
0.7093178778421757,0.05394560855996433,0.043691484618814086,0.1930450289790459
0.7086298932384342,0.05338078291814947,0.045373665480427046,0.19261565836298933
0.7100671140939597,0.052348993288590606,0.046085011185682326,0.19149888143176733
0.709562109025916,0.05540661304736372,0.043789097408400354,0.19124218051831993
0.7101580135440181,0.05237020316027088,0.04334085778781038,0.19413092550790068
0.7095914742451155,0.049289520426287745,0.04129662522202487,0.19982238010657194
0.7033747779751333,0.05106571936056838,0.04085257548845471,0.20470692717584368
0.7109515260323159,0.044434470377019746,0.04039497307001795,0.20421903052064633
0.7065026362038664,0.04569420035149385,0.04173989455184534,0.2060632688927944
0.7037366548042705,0.04448398576512456,0.04359430604982206,0.20818505338078291
0.7045352492141895,0.04265828468792097,0.04041311180960934,0.21239335428828018
0.7006283662477558,0.043536804308797125,0.039946140035906644,0.21588868940754039
0.7035714285714286,0.04151785714285714,0.038392857142857145,0.21651785714285715
0.6971175166297118,0.04390243902439024,0.03636363636363636,0.22261640798226165
0.6944198405668733,0.045172719220549155,0.03720106288751107,0.22320637732506643
0.6962305986696231,0.04434589800443459,0.03680709534368071,0.22261640798226165
0.6949910554561717,0.04159212880143113,0.038461538461538464,0.22495527728085868
0.6911437472185136,0.04361370716510903,0.03960836671117045,0.22563417890520696
0.6846806610093792,0.04778919160339437,0.04108977221974096,0.2264403751674855
0.6827861579414375,0.04791481810115351,0.04214729370008873,0.22715173025732033
0.6837644959857271,0.04460303300624442,0.041480820695807316,0.23015165031222123
0.6800356506238859,0.04723707664884135,0.03832442067736185,0.23440285204991088
0.6766519823788546,0.04361233480176212,0.038766519823788544,0.2409691629955947
0.6796979120390937,0.043536206130608615,0.037316748111950244,0.2394491337183474
0.6781193490054249,0.04294755877034358,0.03209764918625678,0.2468354430379747
0.6828609986504723,0.0413855150697256,0.033288349077822764,0.24246513720197932
0.6866007194244604,0.0368705035971223,0.03147482014388489,0.24505395683453238
0.6881910659000442,0.03936311366651924,0.03361344537815126,0.23883237505528526
0.6962864721485411,0.03669319186560566,0.03404067197170645,0.23297966401414677
0.6925479696564034,0.038821954484605084,0.03302097278000892,0.23560910307898258
0.6901595744680851,0.038120567375886524,0.030141843971631204,0.24157801418439717
0.6799284756370139,0.03844434510505141,0.03442109968708091,0.24720607957085383
0.6780883678990082,0.03787195671776375,0.033363390441839495,0.25067628494138866
0.6781712236665173,0.03675481846705513,0.033617212012550426,0.2514567458538772
0.6774193548387096,0.03539426523297491,0.036290322580645164,0.25089605734767023
0.6794471689701292,0.036558181007579134,0.03388319215336603,0.2501114578689255
0.6739420935412027,0.039198218262806235,0.03296213808463252,0.25389755011135856
0.6745220097821254,0.035571365051133834,0.03468208092485549,0.2552245442418853
0.6760500446827524,0.0388739946380697,0.03663985701519214,0.2484361036639857
0.670947741364039,0.03941541186891054,0.04030115146147033,0.24933569530558017
0.6711289602855868,0.0392681838464971,0.038821954484605084,0.250780901383311
0.6714031971580817,0.041740674955595025,0.04129662522202487,0.2455595026642984
0.6730597680642284,0.041480820695807316,0.04103479036574487,0.24442462087421946
0.6755912539045069,0.040160642570281124,0.04060687193217314,0.24364123159303883
0.6711170449488206,0.03693813974187806,0.03693813974187806,0.25500667556742324
0.671523178807947,0.032229580573951436,0.03532008830022075,0.2609271523178808
0.6653279785809906,0.03435966086568496,0.03614457831325301,0.26416778224007137
0.6635555555555556,0.03288888888888889,0.036,0.26755555555555555
0.6650420912715995,0.03278688524590164,0.03721754541426672,0.26495347806823216
0.6638468388245771,0.03294746215494212,0.03784505788067676,0.2653606411398041
0.6677004873726186,0.034116083296411165,0.03677447939743022,0.2614089499335401
0.6641659311562225,0.03309796999117388,0.037069726390114736,0.265666372462489
0.6610470275066548,0.03593611357586513,0.035048802129547474,0.26796805678793256
0.6613756613756614,0.03527336860670194,0.033950617283950615,0.26940035273368607
0.6613047363717605,0.036193029490616625,0.036193029490616625,0.26630920464700625
0.6561528209684585,0.03953798311861395,0.03820524211461573,0.26610395379831187
0.6580560420315237,0.037215411558669004,0.03852889667250438,0.266199649737303
0.6559753954305799,0.040421792618629174,0.03954305799648506,0.2640597539543058
0.6516903914590747,0.03959074733096085,0.041370106761565835,0.26734875444839856
0.6534697508896797,0.03959074733096085,0.041370106761565835,0.2655693950177936
0.6565121412803532,0.03664459161147903,0.0423841059602649,0.26445916114790285
0.6451901565995526,0.03713646532438479,0.042505592841163314,0.2751677852348993
0.6377005347593583,0.03787878787878788,0.040998217468805706,0.28342245989304815
0.6377325066430469,0.03985828166519043,0.04162976085031001,0.2807794508414526
0.6370075254537406,0.038069942452412575,0.04249667994687915,0.2824258521469677
0.6326530612244898,0.0354924578527063,0.04480922803904171,0.2870452528837622
0.6372941700044504,0.035603026257231864,0.044058744993324434,0.28304405874499333
0.6397321428571429,0.033928571428571426,0.045535714285714284,0.28080357142857143
0.6423487544483986,0.03558718861209965,0.04314946619217082,0.27891459074733094
0.6379848417298262,0.03700401248328132,0.04413731609451627,0.2808738296923763
0.6381288614298323,0.03618711385701677,0.043689320388349516,0.2819947043248014
0.6372462488967343,0.03574580759046778,0.045454545454545456,0.2815533980582524
0.632,0.037333333333333336,0.04577777777777778,0.2848888888888889
0.6322552060256978,0.03943287549844927,0.04563579973416039,0.2826761187416925
0.6232142857142857,0.04107142857142857,0.04598214285714286,0.2897321428571429
0.6270582999554962,0.04005340453938585,0.04361370716510903,0.2892745883400089
0.6244464127546502,0.04162976085031001,0.04472984942426927,0.2891939769707706
0.6263250883392226,0.037985865724381625,0.0446113074204947,0.2910777385159011
0.6222222222222222,0.03822222222222222,0.04622222222222222,0.29333333333333333
0.6228699551569506,0.03587443946188341,0.04663677130044843,0.2946188340807175
0.6274422735346359,0.03108348134991119,0.04573712255772647,0.29573712255772644
0.6256660746003553,0.03152753108348135,0.043072824156305506,0.2997335701598579
0.616206589492431,0.034728406055209264,0.04363312555654497,0.3054318788958148
0.6102908277404921,0.0348993288590604,0.04876957494407159,0.30604026845637583
0.6081923419412288,0.03784505788067676,0.04808548530721282,0.3058771148708816
0.6100266193433895,0.037267080745341616,0.048802129547471165,0.3039041703637977
0.6064487632508834,0.04063604240282685,0.05035335689045936,0.3025618374558304
0.5997352162400706,0.040158870255957636,0.05119152691968226,0.3089143865842895
0.5974426807760141,0.040123456790123455,0.05291005291005291,0.30952380952380953
0.5917735515258735,0.04157452454666077,0.053516143299425036,0.3131357806280407
0.5833333333333334,0.04077060931899642,0.05465949820788531,0.32123655913978494
0.5876608965823347,0.03772747447847315,0.056369285397248114,0.3182423435419441
0.5841848067525545,0.040870724122612175,0.056419369169258105,0.3185250999555753
0.5870048954161103,0.040943480195816645,0.05384957721406319,0.3182020471740098
0.5908289241622575,0.04188712522045855,0.05511463844797178,0.31216931216931215
0.5844504021447721,0.04244861483467382,0.054959785522788206,0.31814119749776587
0.5831111111111111,0.04622222222222222,0.05555555555555555,0.3151111111111111
0.5847457627118644,0.045495093666369314,0.05575379125780553,0.31400535236396077
0.5831122900088417,0.044650751547303275,0.05526083112290009,0.3169761273209549
0.5771992818671454,0.047127468581687613,0.05430879712746858,0.3213644524236984
0.5689346463742166,0.044762757385854966,0.05416293643688451,0.3321396598030439
0.5742971887550201,0.04730031236055333,0.05488621151271754,0.32351628737170907
0.5748556197245669,0.04486894713460684,0.05508662816525989,0.3251888049755664
0.5727149932462855,0.04592525889239082,0.0540297163439892,0.32733003151733453
0.5698248765154917,0.0431073192635833,0.05388414907947912,0.3331836551414459
0.5750111957008509,0.03851321092700403,0.05329153605015674,0.33318405732198836
0.5838956365272154,0.03688708951866847,0.05038236617183985,0.3288349077822762
0.581147176522899,0.037349933303690526,0.0542463317029791,0.3272565584704313
0.5830762450418686,0.03613926840017629,0.05332745702952843,0.32745702952842665
0.5848806366047745,0.03669319186560566,0.054376657824933686,0.3240495137046861
0.585290208241028,0.03721754541426672,0.05095259193619849,0.32653965440850685
0.5842596709648733,0.03868385949310805,0.048465984882169855,0.3285904846598488
0.5804289544235925,0.04066130473637176,0.04736371760500447,0.3315460232350313
0.5806595365418895,0.040106951871657755,0.04768270944741533,0.3315508021390374
0.5783132530120482,0.040160642570281124,0.047746541722445336,0.33377956269522535
0.5727720555306762,0.041648007165248545,0.04612628750559785,0.33945364979847736
0.5791574279379157,0.04124168514412417,0.04656319290465632,0.33303769401330374
0.5783664459161147,0.038852097130242826,0.045916114790286976,0.3368653421633554
0.5735882614495331,0.0377945753668297,0.04579813250333482,0.34281903068030234
0.5724508050089445,0.038461538461538464,0.04516994633273703,0.34391771019677997
0.5768719539211342,0.03943287549844927,0.04519273371732388,0.3385024368630926
0.5789942145082332,0.036048064085447265,0.042723631508678236,0.3422340898976413
0.5763239875389408,0.035603026257231864,0.040943480195816645,0.3471295060080107
0.5744870651204282,0.03300624442462088,0.042818911685994644,0.3496877787689563
0.5674709562109026,0.03395889186773905,0.04244861483467382,0.35612153708668454
0.5774522858411008,0.03506435863293387,0.03817132711939636,0.349312028406569
0.5739169271996427,0.02992407324698526,0.03796337650736936,0.35819562304600266
0.5805309734513274,0.028761061946902654,0.036283185840707964,0.35442477876106193
0.5806737588652482,0.0274822695035461,0.034131205673758866,0.35771276595744683
0.5781459919390954,0.025526197939991044,0.03493058665472459,0.36139722346618897
0.5709188224799286,0.0231935771632471,0.0352363960749331,0.3706512042818912
0.5683257918552036,0.02850678733031674,0.03574660633484163,0.36742081447963804
0.5663992869875223,0.028966131907308377,0.03208556149732621,0.37254901960784315
0.5641367066134043,0.030181979582778518,0.033288948069241014,0.3723923657345761
0.5580673758865248,0.02925531914893617,0.0350177304964539,0.3776595744680851
0.5687748783724016,0.029632905793896505,0.03184431667403804,0.3697478991596639
0.5637082601054482,0.029437609841827767,0.03602811950790861,0.37082601054481545
0.5698299015219338,0.025962399283795883,0.03446732318710832,0.36974037600716203
0.5642161204605846,0.029229406554472984,0.033215234720992026,0.3733392382639504
0.5682226211849192,0.027827648114901255,0.03231597845601436,0.37163375224416517
0.554760840411265,0.029056772463120252,0.03665623603039785,0.3795261510952168
0.5549621717846017,0.029372496662216287,0.037383177570093455,0.37828215398308856
0.5526315789473685,0.029438001784121322,0.0352363960749331,0.38269402319357715
0.556,0.028444444444444446,0.036,0.37955555555555553
0.5550621669626998,0.02975133214920071,0.03463587921847247,0.380550621669627
0.5518157661647476,0.0283436669619132,0.038529672276350756,0.38131089459698847
0.540734109221128,0.02999104744852283,0.03849597135183527,0.39077887197851385
0.5454144620811288,0.029982363315696647,0.03968253968253968,0.38492063492063494
0.5420186749666518,0.032458870609159626,0.039573143619386394,0.38594931080480216
0.5331244404655326,0.03491495076096687,0.04162936436884512,0.39033124440465533
0.529332736229288,0.03358710255261979,0.04075235109717868,0.39632781012091356
0.5263624280017722,0.034116083296411165,0.03810367744793974,0.4014178112538768
0.5224867724867724,0.03306878306878307,0.03880070546737213,0.4056437389770723
0.526595744680851,0.03546099290780142,0.03634751773049645,0.4015957446808511
0.5302897278314311,0.03511852502194908,0.03687445127304653,0.3977172958735733
0.5241043785935426,0.03494029190623618,0.03272888102609465,0.4082264484741265
0.5151648351648351,0.03428571428571429,0.035164835164835165,0.4153846153846154
0.509657594381036,0.03467954345917471,0.03511852502194908,0.42054433713784023
0.5118250780901383,0.03346720214190094,0.03391343150379295,0.42079428826416776
0.5153265215459796,0.0368725011106175,0.03243003109729009,0.4153709462461128
0.5127630989699955,0.03761755485893417,0.033139274518584866,0.41648007165248546
0.5134896063688633,0.03538257408226449,0.03494029190623618,0.416187527642636
0.5117725455353176,0.037760995113282986,0.033762772101288314,0.4167036872501111
0.5193832599118943,0.038766519823788544,0.033480176211453744,0.4083700440528634
0.5100222717149221,0.03830734966592428,0.03697104677060133,0.41469933184855234
0.5057932263814616,0.03877005347593583,0.03609625668449198,0.4193404634581105
0.5026642984014209,0.04085257548845471,0.037300177619893425,0.4191829484902309
0.5081822202565237,0.04157452454666077,0.03538257408226449,0.4148606811145511
0.5103752759381899,0.04150110375275938,0.03664459161147903,0.41147902869757175
0.5167935512763099,0.042991491267353334,0.036274070756829375,0.4039408866995074
0.5115967885816235,0.04192685102586976,0.036574487065120426,0.40990187332738626
0.5087483176312247,0.04172274562584118,0.038582323912068194,0.41094661283086587
0.5044365572315883,0.04081632653061224,0.03904170363797693,0.4157054125998225
0.5039787798408488,0.04420866489832007,0.03978779840848806,0.4120247568523431
0.504220346512661,0.03953798311861395,0.03909373611728121,0.4171479342514438
0.5037329819938515,0.043478260869565216,0.03645147123407993,0.4163372859025033
0.5035460992907801,0.04343971631205674,0.03324468085106383,0.41976950354609927
0.5073105892778024,0.04474966770048737,0.034559149313247675,0.4133805937084626
0.5122059476253884,0.044829116733244564,0.03151353750554816,0.41145139813581894
0.5046398585947857,0.04728236853733982,0.033583738400353516,0.414494034467521
0.49932945909700494,0.048725972284309346,0.0348681269557443,0.41707644166294144
0.5035366931918656,0.04730327144120248,0.03669319186560566,0.4124668435013263
0.5006699419383653,0.04376953997320232,0.03305046895935686,0.42251004912907547
0.48953229398663695,0.04187082405345212,0.03608017817371938,0.43251670378619156
0.49280575539568344,0.04091726618705036,0.039568345323741004,0.4267086330935252
0.49354695149087674,0.045838896306186025,0.03693813974187806,0.4236760124610592
0.4973285841495993,0.043187889581478185,0.0365093499554764,0.42297417631344614
0.49508928571428573,0.04330357142857143,0.03705357142857143,0.4245535714285714
0.4982300884955752,0.04026548672566372,0.034955752212389384,0.4265486725663717
0.4925503943908852,0.03856266432953549,0.03680981595092025,0.43207712532865905
0.4860927152317881,0.04150110375275938,0.039735099337748346,0.4326710816777042
0.4817615658362989,0.04181494661921708,0.04359430604982206,0.43282918149466193
0.4806924101198402,0.0426098535286285,0.041278295605858856,0.43541944074567246
0.4835847382431233,0.043478260869565216,0.04081632653061224,0.4321206743566992
0.47996438112199463,0.04452359750667854,0.040516473731077474,0.43499554764024934
0.47688243064729197,0.041391457507705856,0.04007045354469397,0.44165565830030823
0.47775280898876404,0.03550561797752809,0.04044943820224719,0.4462921348314607
0.4748653500897666,0.0381508078994614,0.03500897666068223,0.4519748653500898
0.47345132743362833,0.03938053097345133,0.032300884955752215,0.45486725663716815
0.46143557735176105,0.03967900133749443,0.03209986625055729,0.46678555506018726
0.4672897196261682,0.04005340453938585,0.03337783711615487,0.45927903871829107
0.4698198198198198,0.03648648648648649,0.03063063063063063,0.46306306306306305
0.46457399103139013,0.037219730941704034,0.03139013452914798,0.46681614349775785
0.46306943830163644,0.03715170278637771,0.03449800973020787,0.465280849181778
0.4616071428571429,0.0375,0.033482142857142856,0.4674107142857143
0.46038069942452414,0.035413899955732624,0.033643204957945996,0.47056219566179724
0.46164021164021163,0.03791887125220458,0.03439153439153439,0.4660493827160494
0.4696230598669623,0.03902439024390244,0.03237250554323725,0.458980044345898
0.45811051693404636,0.039661319073083776,0.0338680926916221,0.4683600713012478
0.45893719806763283,0.037768994290733424,0.03469477382520861,0.46859903381642515
0.45664739884393063,0.0377945753668297,0.03423743886171632,0.4713205869275233
0.45611702127659576,0.03679078014184397,0.03235815602836879,0.4747340425531915
0.45081605646228495,0.03705337450374945,0.030436700485222762,0.48169386854874285
0.4564926372155288,0.038375725122713075,0.031236055332440876,0.4738955823293173
0.4496674057649667,0.03636363636363636,0.03237250554323725,0.4815964523281596
0.45181255526083114,0.034924845269672856,0.03404067197170645,0.4792219274977896
0.44862710363153235,0.0354295837023915,0.032329495128432244,0.48361381753764393
0.4505592841163311,0.03758389261744966,0.028187919463087248,0.483668903803132
0.44847412649270235,0.03936311366651924,0.027421494913754976,0.48474126492702346
0.4512249443207127,0.03830734966592428,0.025835189309576838,0.4846325167037862
0.4505981391227293,0.03721754541426672,0.02702702702702703,0.48515728843597694
0.44832155477031804,0.037985865724381625,0.02517667844522968,0.48851590106007065
0.4457347029924073,0.038856632425189816,0.026797677534613668,0.4886109870477892
0.44638069705093836,0.03932082216264522,0.02680965147453083,0.4874888293118856
0.44404973357015987,0.035523978685612786,0.02575488454706927,0.4946714031971581
0.4453856442264824,0.036558181007579134,0.027641551493535442,0.49041462327240304
0.444543429844098,0.037416481069042315,0.028507795100222718,0.48953229398663695
0.44143744454303463,0.03637976929902396,0.03194321206743567,0.4902395740905058
0.4424269264836138,0.034986713906111605,0.032329495128432244,0.49025686448184236
0.43585158694680376,0.0348681269557443,0.03442109968708091,0.494859186410371
0.4345105051408136,0.033080017881090745,0.03352704514975414,0.4988824318283415
0.4384105960264901,0.031788079470198675,0.032229580573951436,0.4975717439293598
0.4376377258704275,0.03305420890260027,0.03261348611723226,0.49669457910973996
0.4385733157199472,0.03258476442095993,0.033905768383971815,0.4949361514751211
0.4361888111888112,0.02972027972027972,0.03277972027972028,0.5013111888111889
0.43697104677060133,0.031180400890868598,0.031180400890868598,0.5006681514476615
0.42652970075926755,0.03171058508262617,0.030370701205895488,0.5113890129522108
0.42520035618878005,0.031611754229741766,0.028495102404274265,0.5146927871772039
0.42283675289919714,0.030330062444246207,0.028545941123996433,0.5182872435325602
0.42234089897641297,0.02892745883400089,0.029372496662216287,0.5193591455273698
0.42123893805309737,0.026106194690265486,0.03008849557522124,0.522566371681416
0.4244315648684797,0.028979045920642,0.03299152920196166,0.5135978600089166
0.4274977895667551,0.03227232537577365,0.032714412024756855,0.5075154730327144
0.42901371074745687,0.028748341441839895,0.03272888102609465,0.5095090667846086
0.4306282722513089,0.0274869109947644,0.032722513089005235,0.5091623036649214
0.43670048522276134,0.02867225408028231,0.030877812086457873,0.5037494486104984
0.43284248103525214,0.031236055332440876,0.031236055332440876,0.5046854082998661
0.432154052843708,0.029556650246305417,0.03134796238244514,0.5069413345275414
0.43579595426561124,0.029463500439753737,0.03342128408091469,0.5013192612137203
0.43991130820399116,0.031929046563192905,0.03503325942350333,0.4931263858093126
0.4411372723234118,0.030208796090626388,0.034207019102621056,0.4944469124833407
0.44228217602830605,0.03007518796992481,0.03361344537815126,0.4940291906236179
0.4336870026525199,0.03183023872679045,0.036251105216622455,0.4982316534040672
0.43204957945993805,0.03142983621071271,0.038069942452412575,0.4984506418769367
0.43603364320495797,0.02877379371403276,0.036741921204072596,0.4984506418769367
0.4354767184035477,0.026607538802660754,0.038580931263858094,0.4993348115299335
0.4364937388193202,0.027728085867620753,0.03801431127012522,0.4977638640429338
0.44136078782453,0.02730528200537153,0.03715308863025962,0.4941808415398389
0.4441489361702128,0.0274822695035461,0.03368794326241135,0.4946808510638298
0.44503782821539833,0.029817534490431688,0.03382287494437027,0.49132176234979974
0.4477080551846907,0.029817534490431688,0.03693813974187806,0.48553627058299953
0.44755555555555554,0.032,0.036444444444444446,0.484
0.44330813694975546,0.031124944419742107,0.03468208092485549,0.49088483770564695
0.43622674933569533,0.02967227635075288,0.03365810451727192,0.5004428697962799
0.4382171226831421,0.030450132391879964,0.03486319505736982,0.4964695498676081
0.4413309982486865,0.03152364273204904,0.03371278458844133,0.4934325744308231
0.4408888888888889,0.030222222222222223,0.03111111111111111,0.49777777777777776
0.43862736471623404,0.030356357237131544,0.032116146062472505,0.4989001319841619
0.44203539823008847,0.03008849557522124,0.03274336283185841,0.49513274336283186
0.43951612903225806,0.03136200716845878,0.03270609318996416,0.496415770609319
0.4437975817286162,0.032691446484549934,0.029556650246305417,0.49395432154052843
0.44371152154793314,0.03430079155672823,0.03210202286719437,0.48988566402814426
0.4381374722838137,0.032815964523281595,0.03325942350332594,0.4957871396895787
0.43182834152883326,0.03173893607510058,0.03442109968708091,0.5020116227089853
0.43244444444444446,0.032,0.03288888888888889,0.5026666666666667
0.4319186560565871,0.032714412024756855,0.03359858532272325,0.5017683465959328
0.43007915567282323,0.03342128408091469,0.03342128408091469,0.5030782761653474
0.42408145196989816,0.035413899955732624,0.03231518370960602,0.5081894643647632
0.42025089605734767,0.03539426523297491,0.03494623655913978,0.5094086021505376
0.41897940913160253,0.03625783348254252,0.03357206803939123,0.5111906893464637
0.4198675496688742,0.032229580573951436,0.033112582781456956,0.5147902869757175
0.4227212681638045,0.033905768383971815,0.029942756494936152,0.5134302069572876
0.42082046757829733,0.03484781649757389,0.030436700485222762,0.513895015438906
0.41725352112676056,0.035211267605633804,0.030809859154929578,0.516725352112676
0.41581062974542204,0.033497096918267084,0.03305046895935686,0.517641804376954
0.41614629794826047,0.03300624442462088,0.031222123104371096,0.5196253345227475
0.4228899690676094,0.029606716747680072,0.033583738400353516,0.5139195757843571
0.41438658428949693,0.029567519858781994,0.032215357458075904,0.5238305383936452
0.4124668435013263,0.029177718832891247,0.03138815207780725,0.5269672855879752
0.4182139699381079,0.03094606542882405,0.03050397877984085,0.5203359858532273
0.41996481970096744,0.03342128408091469,0.030782761653474055,0.5158311345646438
0.41033568904593637,0.036219081272084806,0.03224381625441696,0.5212014134275619
0.413716814159292,0.03672566371681416,0.033185840707964605,0.5163716814159292
0.40704845814977975,0.03700440528634361,0.03303964757709251,0.5229074889867842
0.40358744394618834,0.039013452914798206,0.03139013452914798,0.5260089686098655
0.4045192733717324,0.03987594151528578,0.031014621178555603,0.5245901639344263
0.40418894830659535,0.03832442067736185,0.030303030303030304,0.5271836007130125
0.4070284697508897,0.03825622775800712,0.03202846975088968,0.5226868327402135
0.40447427293064875,0.038926174496644296,0.03087248322147651,0.5257270693512305
0.3963360142984808,0.0388739946380697,0.02993744414655943,0.5348525469168901
0.39238263950398583,0.03720106288751107,0.034100974313551816,0.5363153232949512
0.39161462979482603,0.03568242640499554,0.03256021409455843,0.5401427297056199
0.3940352462720289,0.031179394487121554,0.03027564392227745,0.5445097153185721
0.3875448028673835,0.03539426523297491,0.029121863799283155,0.5479390681003584
0.390026714158504,0.035173642030276044,0.030721282279608193,0.5440783615316117
0.3931095406360424,0.0353356890459364,0.030918727915194347,0.5406360424028268
0.3845813026140895,0.03721754541426672,0.031014621178555603,0.5471865307930882
0.3809102960671675,0.0344675209898365,0.030048608042421564,0.5545735749005745
0.37997317836388017,0.038891372373714796,0.030397854269110416,0.5507375949932946
0.38034376377258705,0.0370207139709123,0.03129131776112825,0.5513442044953724
0.3842386464826358,0.033392698130008905,0.033392698130008905,0.5489759572573464
0.38742304309586634,0.034740545294635,0.030782761653474055,0.5470536499560247
0.378076062639821,0.03668903803131991,0.03131991051454139,0.5539149888143177
0.3776785714285714,0.03705357142857143,0.028125,0.5571428571428572
0.3831400535236396,0.039250669045495096,0.027653880463871544,0.5499553969669938
0.3787477954144621,0.04188712522045855,0.027336860670194002,0.5520282186948854
0.3802754331408263,0.041314971123944916,0.028431808085295423,0.5499777876499333
0.3764809126810004,0.03992979376919702,0.0298376480912681,0.5537516454585344
0.37980339588918677,0.040214477211796246,0.029490616621983913,0.550491510277033
0.37777777777777777,0.03866666666666667,0.03155555555555556,0.552
0.37956847203874944,0.03786878027300748,0.029502421840598855,0.5530603258476442
0.3733567046450482,0.036371603856266435,0.029360210341805432,0.5609114811568799
0.3705179282868526,0.035856573705179286,0.03098716246126605,0.5626383355467021
0.36900532859680285,0.03818827708703375,0.03108348134991119,0.5617229129662522
0.3712021136063408,0.03522677234698371,0.032144429766622636,0.5614266842800528
0.3703374777975133,0.034191829484902306,0.03063943161634103,0.5648312611012434
0.37279151943462896,0.03401060070671378,0.030035335689045935,0.5631625441696113
0.3712761227212094,0.035126722987994664,0.03023566029346376,0.5633614939973322
0.36795774647887325,0.030809859154929578,0.030809859154929578,0.5704225352112676
0.3743291592128801,0.029516994633273702,0.03220035778175313,0.563953488372093
0.371415770609319,0.030017921146953404,0.030913978494623656,0.567652329749104
0.375055090348171,0.02864698104892023,0.03217276333186426,0.5641251652710445
0.37660611431103236,0.028799291094373063,0.02968542312804608,0.5649091714665485
0.37064786249449094,0.02996914940502424,0.027765535478184222,0.5716174526223006
0.36524822695035464,0.031914893617021274,0.028368794326241134,0.574468085106383
0.3658645276292335,0.035204991087344026,0.029411764705882353,0.56951871657754
0.3665338645418327,0.03408587870739265,0.03010181496237273,0.5692784417884019
0.3605832965090588,0.034909412284577994,0.029164825452938577,0.5753424657534246
0.3668744434550312,0.03250222617987533,0.032056990204808546,0.568566340160285
0.3623771224307417,0.031724754244861486,0.03261840929401251,0.5732797140303842
0.3695067264573991,0.03273542600896861,0.03139013452914798,0.5663677130044843
0.3674832962138085,0.033853006681514475,0.029398663697104678,0.5692650334075724
0.3611728120835184,0.03287427809862283,0.028876055086628164,0.5770768547312306
0.35875831485587584,0.03458980044345898,0.03148558758314856,0.5751662971175167
0.36104935526900844,0.037349933303690526,0.03156958648288128,0.5700311249444198
0.3613707165109034,0.03649310191366266,0.03115264797507788,0.570983533600356
0.35742617893345086,0.03613926840017629,0.031732040546496254,0.5747025121198766
0.3527580071174377,0.03202846975088968,0.03069395017793594,0.5845195729537367
0.35255281690140844,0.030809859154929578,0.03169014084507042,0.5849471830985915
0.35236396074933096,0.030330062444246207,0.034344335414808205,0.5829616413916147
0.35634743875278396,0.028507795100222718,0.03296213808463252,0.5821826280623608
0.3527839643652561,0.028953229398663696,0.032071269487750555,0.5861915367483296
0.35356200527704484,0.029023746701846966,0.03210202286719437,0.5853122251539138
0.3576158940397351,0.03090507726269316,0.031346578366445915,0.5801324503311258
0.35701598579040855,0.03197158081705151,0.03285968028419183,0.5781527531083481
0.35584184806752556,0.03109729009329187,0.033762772101288314,0.5792980897378943
0.35450910706352734,0.03198578409595735,0.03198578409595735,0.5815193247445579
0.35226264418811004,0.03149955634427684,0.031055900621118012,0.5851818988464951
0.35064935064935066,0.03045230631437528,0.032691446484549934,0.5862068965517241
0.3483842408145197,0.02877379371403276,0.03497122620628597,0.5878707392651615
0.348,0.03111111111111111,0.034666666666666665,0.5862222222222222
0.34300791556728233,0.029463500439753737,0.03386103781882146,0.5936675461741425
0.3423743886171632,0.03023566029346376,0.031124944419742107,0.5962650066696309
0.34320323014804843,0.03140421713772992,0.031852848811126065,0.5935397039030955
0.34239857333927776,0.029424877396344182,0.029424877396344182,0.5987516718680339
0.34406704896338774,0.02867225408028231,0.0282311424790472,0.5990295544772828
0.3497558810474922,0.02929427430093209,0.027075011096316024,0.5938748335552596
0.3479028697571744,0.032229580573951436,0.027373068432671083,0.5924944812362031
0.3482697426796806,0.035048802129547474,0.026175687666370896,0.5905057675244011
