C,D,Oc,Od
0.0,1.0,0.0,0.0
0.0,0.8,0.2,0.0
0.0,0.7,0.1,0.2
0.0,0.7,0.1,0.2
0.0,0.7027027027027027,0.10810810810810811,0.1891891891891892
0.0,0.7068965517241379,0.1206896551724138,0.1724137931034483
0.0,0.6559139784946236,0.16129032258064516,0.1827956989247312
0.0,0.6230769230769231,0.2,0.17692307692307693
0.0,0.5978835978835979,0.20634920634920634,0.19576719576719576
0.0,0.5905511811023622,0.2047244094488189,0.2047244094488189
0.0,0.5519287833827893,0.23738872403560832,0.21068249258160238
0.004608294930875576,0.5460829493087558,0.2350230414746544,0.21428571428571427
0.010810810810810811,0.5207207207207207,0.24864864864864866,0.21981981981981982
0.016830294530154277,0.49368863955119213,0.26227208976157085,0.22720897615708274
0.030162412993039442,0.47215777262180975,0.2679814385150812,0.2296983758700696
0.03488372093023256,0.4437984496124031,0.27810077519379844,0.24321705426356588
0.04156275976724855,0.43474646716541976,0.27514546965918535,0.2485453034081463
0.04758418740849195,0.41654465592972184,0.27379209370424595,0.26207906295754024
0.05416116248348745,0.4180977542932629,0.2536327608982827,0.27410832232496696
0.06420351302241066,0.4094488188976378,0.2549969715324046,0.27135069654754695
0.06366197183098592,0.4056338028169014,0.24225352112676057,0.28845070422535213
0.06530825496342738,0.3887147335423197,0.2471264367816092,0.2988505747126437
0.06835066864784546,0.3922734026745914,0.2441802872709262,0.29519564140663695
0.06901475487862922,0.3888624464540695,0.2370299857210852,0.3050928129462161
0.07438400743840075,0.38633193863319387,0.23756392375639238,0.301720130172013
0.07847636530518587,0.3864157870582836,0.23083983478659936,0.30426801284993116
0.07681940700808626,0.38544474393531,0.23090745732255166,0.30682839173405213
0.08273703041144902,0.38372093023255816,0.23076923076923078,0.3027728085867621
0.08162374508948057,0.3806198166739415,0.23483195111305108,0.3029244871235268
0.09026860413914575,0.38353148392778513,0.22985468956406868,0.29634522236900046
0.08701413427561837,0.38825088339222613,0.23233215547703182,0.2924028268551237
0.090989010989011,0.3802197802197802,0.2342857142857143,0.2945054945054945
0.09349060725207514,0.38051550895587594,0.2324159021406728,0.29357798165137616
0.09362637362637363,0.38373626373626374,0.2312087912087912,0.2914285714285714
0.0956140350877193,0.375,0.23684210526315788,0.29254385964912283
0.09298245614035087,0.38421052631578945,0.23728070175438595,0.2855263157894737
0.09457092819614711,0.37828371278458844,0.23598949211908932,0.29115586690017514
0.09448818897637795,0.38232720909886264,0.23403324584426946,0.2891513560804899
0.1004891062694531,0.38594931080480216,0.23076923076923078,0.282792352156514
0.1001765225066196,0.3843777581641659,0.23168578993821712,0.28375992939099737
0.1017249004865104,0.3861123396727112,0.23706324635117204,0.2750995134896064
0.1050983899821109,0.3904293381037567,0.23434704830053668,0.2701252236135957
0.10595446584938704,0.38309982486865146,0.2351138353765324,0.27583187390542907
0.101138353765324,0.3787215411558669,0.24387040280210157,0.27626970227670755
0.1044776119402985,0.373134328358209,0.24231782265144863,0.2800702370500439
0.10338759348878135,0.3752749670039595,0.24153101627804663,0.2798064232292125
0.10812003530450133,0.37290379523389233,0.24492497793468668,0.2740511915269197
0.10815525512429132,0.3798517226341038,0.2381160052333188,0.2738770170082861
0.11052399823866138,0.3760457948040511,0.23866138265081463,0.2747688243064729
0.11120879120879121,0.37626373626373627,0.2378021978021978,0.27472527472527475
0.11247803163444639,0.37873462214411246,0.23550087873462214,0.273286467486819
0.11610650371017023,0.37887385421213443,0.23614142295940638,0.26887821911828896
0.11730854360336432,0.3745019920318725,0.2381584772023019,0.27003098716246127
0.12178919397697077,0.3720106288751107,0.23604960141718334,0.27015057573073514
0.13114035087719297,0.3719298245614035,0.23201754385964912,0.2649122807017544
0.1370044052863436,0.3744493392070485,0.23127753303964757,0.25726872246696036
0.13680494263018536,0.3715798764342454,0.23433362753751102,0.25728155339805825
0.14097496706192358,0.36978480456741325,0.230566534914361,0.25867369345630215
0.14052863436123347,0.3674008810572687,0.23259911894273128,0.2594713656387665
0.13430206957287538,0.36415675913694406,0.23601937472479084,0.2655217965653897
0.1338306274681878,0.36507240017551557,0.23343571741992103,0.2676612549363756
0.1412180052956752,0.3627537511032657,0.2294792586054722,0.26654898499558694
0.14285714285714285,0.3619631901840491,0.22787028921998248,0.26730937773882557
0.1453104359313078,0.3734037868780273,0.21796565389696168,0.2633201232937032
0.14292015880017644,0.3603881782090869,0.22805469783855314,0.2686369651521835
0.1502864698104892,0.35698545614808286,0.22520934332304982,0.2675187307183781
0.1450482033304119,0.35758106923751093,0.23137598597721298,0.2659947414548642
0.14570416297608504,0.3534100974313552,0.233392382639504,0.2674933569530558
0.14462627156125607,0.3547103051747015,0.232640424590889,0.2680229986731535
0.147239263803681,0.3514460999123576,0.23794916739702016,0.2633654688869413
0.15164835164835164,0.3454945054945055,0.23252747252747252,0.2703296703296703
0.15452930728241562,0.34369449378330375,0.23312611012433393,0.26865008880994673
0.14720141031291317,0.3503746143675628,0.23270163067430585,0.26972234464521816
0.14947552447552448,0.35096153846153844,0.23295454545454544,0.2666083916083916
0.1489643014543852,0.35257822829440283,0.23490524460114587,0.2635522256500661
0.14968722073279714,0.3552278820375335,0.23726541554959785,0.2578194816800715
0.15187119234116622,0.350739773716275,0.2410791993037424,0.25630983463881635
0.1518324607329843,0.3459860383944154,0.2395287958115183,0.262652705061082
0.15980522355024346,0.34971226206285966,0.23948649845064188,0.250996015936255
0.16056462284958095,0.3471548301720335,0.2399647110719012,0.2523158359064843
0.15687992988606486,0.3567046450482033,0.23488168273444346,0.25153374233128833
0.1569742020113686,0.3554875382597289,0.2374289462177525,0.25010931351114996
0.1581970835174547,0.345558992487848,0.2474591250552364,0.2487847989394609
0.16209034543844109,0.3436669619131975,0.24224977856510185,0.2519929140832595
0.1625441696113074,0.340547703180212,0.2420494699646643,0.25485865724381623
0.16352476983779043,0.3441473038141166,0.24462954844366505,0.2476983779044279
0.16505706760316066,0.3424056189640035,0.23617208077260754,0.25636523266022826
0.16571928290336685,0.3406209007433319,0.23917796239615216,0.2544818539571491
0.16784140969162994,0.3387665198237885,0.23788546255506607,0.2555066079295154
0.17094774136403898,0.337466784765279,0.23516386182462357,0.25642161204605846
0.16821602478972997,0.33953076582558656,0.23771580345285526,0.2545374059318282
0.1654234313295305,0.3435717419921018,0.23255813953488372,0.258446687143484
0.16322948661693726,0.3405002193944713,0.22860903905221588,0.2676612549363756
0.16226912928759896,0.3548812664907652,0.2198768689533861,0.26297273526824977
0.166079295154185,0.3524229074889868,0.21938325991189428,0.2621145374449339
0.16431718061674008,0.345374449339207,0.22422907488986785,0.26607929515418505
0.16200621393697293,0.34398579671549046,0.2237017310252996,0.27030625832223704
0.16246126604692343,0.33554670208056664,0.22310756972111553,0.2788844621513944
0.16261599646486966,0.33274414494034465,0.23110914714980116,0.27353071144498453
0.16791538122520935,0.32921992066989864,0.2265315116791538,0.27633318642573823
0.17294220665499124,0.330122591943958,0.22548161120840632,0.2714535901926445
0.17003514938488576,0.3286467486818981,0.22627416520210897,0.2750439367311072
0.17828773168578993,0.32171226831421007,0.22330097087378642,0.2766990291262136
0.1781786185657721,0.31808183018037833,0.22745270567531897,0.27628684557853056
0.18233743409490333,0.3110720562390158,0.23550087873462214,0.2710896309314587
0.17850877192982456,0.3131578947368421,0.2355263157894737,0.27280701754385966
0.1800968736239542,0.3104359313077939,0.23381770145310435,0.2756494936151475
0.18361955085865259,0.301629238221048,0.23469837076177896,0.2800528401585205
0.18476357267950963,0.29816112084063046,0.23774080560420316,0.27933450087565675
0.1868664609960335,0.2966064345526664,0.2371088585279859,0.2794182459233142
0.18595406360424027,0.29858657243816256,0.23851590106007067,0.2769434628975265
0.18670189343901364,0.29414354909731394,0.23866138265081463,0.2804931748128578
0.19129287598944592,0.29507475813544415,0.23658751099384345,0.2770448548812665
0.18733392382639505,0.2953941541186891,0.24224977856510185,0.275022143489814
0.18848167539267016,0.29930191972076786,0.23821989528795812,0.27399650959860383
0.19268077601410935,0.2914462081128748,0.2508818342151676,0.26499118165784835
0.1964517524881004,0.28472522717438337,0.2531371700562527,0.2656858502812635
0.1947136563876652,0.28325991189427313,0.2555066079295154,0.2665198237885463
0.1957857769973661,0.28270412642669007,0.2510974539069359,0.2704126426690079
0.19391802556192156,0.2842661965623623,0.25209343323049804,0.26972234464521816
0.19799389446140428,0.2804186655037069,0.25076319232446576,0.270824247710423
0.19418758256274768,0.2774108322324967,0.2562747688243065,0.27212681638044917
0.2024977698483497,0.2778768956289028,0.25245316681534347,0.2671721677074041
0.20176211453744494,0.2775330396475771,0.2563876651982379,0.2643171806167401
0.20122484689413822,0.2755905511811024,0.2589676290463692,0.2642169728783902
0.20324134910205868,0.2742006132282085,0.2566798072711345,0.2658782303985983
0.20449537241075363,0.2670780079330101,0.25650066108417807,0.2719259585720582
0.19746059544658495,0.2670753064798599,0.2574430823117338,0.27802101576182137
0.2084070796460177,0.2650442477876106,0.2597345132743363,0.2668141592920354
0.21150442477876105,0.2588495575221239,0.26150442477876107,0.268141592920354
0.2088691796008869,0.25942350332594233,0.2611973392461197,0.270509977827051
0.21612200435729848,0.2549019607843137,0.2596949891067538,0.269281045751634
0.21003963011889035,0.2628797886393659,0.25011008366358434,0.2769704975781594
0.20508326029798424,0.2607361963190184,0.2532865907099036,0.28089395267309375
0.2111746590409151,0.25824901011878576,0.24373075230972283,0.28684557853057635
0.21419242490204615,0.2585981715280801,0.24292555507183283,0.28428384849804095
0.21283185840707963,0.26238938053097344,0.24026548672566372,0.2845132743362832
0.21422300263388938,0.2603160667251975,0.2405618964003512,0.2848990342405619
0.21565217391304348,0.26217391304347826,0.2408695652173913,0.28130434782608693
0.21497797356828194,0.2577092511013216,0.2444933920704846,0.2828193832599119
0.2234464521815778,0.255178492728074,0.24416042309387395,0.2772146319964742
0.22485726833552921,0.2534036012296882,0.24110671936758893,0.28063241106719367
0.22358078602620088,0.25240174672489085,0.24366812227074236,0.28034934497816594
0.21813403416557162,0.25843188786684185,0.2448532632501095,0.278580814717477
0.22291021671826625,0.2556390977443609,0.24148606811145512,0.2799646174259177
0.22295514511873352,0.25725593667546176,0.24318381706244502,0.27660510114335973
0.2225623087013555,0.254919108001749,0.23961521644075207,0.2829033668561434
0.21966341895482727,0.2519929140832595,0.24313551815766166,0.28520814880425155
0.2233435717419921,0.250987275120667,0.24001755155770074,0.2856516015796402
0.22965879265091863,0.24540682414698162,0.23665791776027997,0.2882764654418198
0.23306948109058928,0.24098504837291118,0.24142480211081793,0.28452066842568163
0.23713154421469423,0.2353717553893533,0.23977122745270568,0.2877254729432468
0.23617868199911543,0.24237063246351173,0.24369747899159663,0.27775320654577623
0.2471264367816092,0.2396109637488948,0.2338638373121132,0.27939876215738285
0.24370860927152319,0.2379690949227373,0.23576158940397351,0.282560706401766
0.24690812720848057,0.23454063604240283,0.2332155477031802,0.28533568904593637
0.24189307624890447,0.23444347063978965,0.2401402278702892,0.28352322524101664
0.24624889673433362,0.23433362753751102,0.2325684024713151,0.2868490732568402
0.2382639503985828,0.23029229406554472,0.2400354295837024,0.2914083259521701
0.24241071428571428,0.23526785714285714,0.23392857142857143,0.2883928571428571
0.23906319045514804,0.2337604949182501,0.23331860362350862,0.2938577110030932
0.24254561637739208,0.23542501112594572,0.22963951935914553,0.2923898531375167
0.24194260485651214,0.2379690949227373,0.2326710816777042,0.28741721854304636
0.2412571934484285,0.23683045595396193,0.2319610447100487,0.28995130588756085
0.2370403190075321,0.2410279131590607,0.230837394771821,0.2910943730615862
0.2374727668845316,0.244880174291939,0.23355119825708062,0.2840958605664488
0.24716652136006975,0.24062772449869224,0.22580645161290322,0.2863993025283348
0.24669020300088262,0.24051191526919682,0.22197705207413945,0.2908208296557811
0.24514991181657847,0.24118165784832452,0.2191358024691358,0.2945326278659612
0.2477797513321492,0.24023090586145648,0.21847246891651864,0.2935168738898757
0.2506619593998235,0.2440423654015887,0.21535745807590467,0.28993821712268314
0.24613345117101193,0.2483429076447194,0.21608484312859036,0.2894387980556783
0.25077399380804954,0.24812030075187969,0.21494913754975675,0.286156567890314
0.25355239786856126,0.24378330373001778,0.21047957371225579,0.2921847246891652
0.26130434782608697,0.2417391304347826,0.20652173913043478,0.29043478260869565
0.25768217734855137,0.2440737489025461,0.20763827919227393,0.2906057945566286
0.25916114790286976,0.24326710816777042,0.2088300220750552,0.28874172185430463
0.2595352915387988,0.23980710214818063,0.21394125383603682,0.2867163524769838
0.25990422289943405,0.239007400957771,0.21680452764475402,0.28428384849804095
0.2606219886114761,0.23828296101620675,0.21769601401664476,0.2833990363556724
0.26027996500437445,0.23928258967629046,0.2178477690288714,0.28258967629046366
0.2574823943661972,0.23415492957746478,0.21875,0.289612676056338
0.2671654929577465,0.23327464788732394,0.21566901408450703,0.28389084507042256
0.26616805983282005,0.24065112186537616,0.21161460624725034,0.28156621205455346
0.2614980289093298,0.2352168199737188,0.21550591327201052,0.28777923784494086
0.2728081886960392,0.2376502002670227,0.21272808188696038,0.27681352914997776
0.26343847179031543,0.23545091070635274,0.21856952465570859,0.2825410928476233
0.2640176600441501,0.22781456953642384,0.21898454746136867,0.2891832229580574
0.25907883082373784,0.23737821080602303,0.2178919397697077,0.28565101860053144
0.2596830985915493,0.23415492957746478,0.21654929577464788,0.289612676056338
0.26239578762615184,0.23475208424747696,0.2132514260640632,0.28960070206230804
0.26033421284080915,0.23658751099384345,0.21284080914687775,0.29023746701846964
0.25849139832377593,0.23423026025584473,0.2121746801940891,0.2951036612262902
0.25633187772925764,0.23624454148471616,0.21746724890829694,0.28995633187772923
0.2577953447518665,0.23144488361879667,0.21958717610891523,0.29117259552042163
0.2581786030061892,0.23253757736516356,0.22104332449160036,0.28824049513704686
0.267260579064588,0.2267260579064588,0.221826280623608,0.28418708240534524
0.2585517547756553,0.22345624167036873,0.22034651266103955,0.29764549089293646
0.25729212015672615,0.22115803221593383,0.22551153678711364,0.29603831084022636
0.25689277899343543,0.224945295404814,0.22713347921225382,0.2910284463894967
0.2572944297082228,0.22767462422634838,0.22281167108753316,0.2922192749778957
0.25906509392747923,0.22935779816513763,0.22105723023154217,0.290519877675841
0.2616407982261641,0.2337028824833703,0.21951219512195122,0.2851441241685144
0.2609841827768014,0.23681898066783832,0.22231985940246046,0.27987697715289983
0.2591289045314562,0.2424109106907171,0.2234931808183018,0.27496700395952484
0.2626041209995616,0.24199912319158265,0.22709338009644892,0.26830337571240687
0.2666372851476421,0.24283825473776993,0.21859850154252974,0.2719259585720582
0.263901147396293,0.24757281553398058,0.22197705207413945,0.26654898499558694
0.26371215445370777,0.25274243089074155,0.21720052654673103,0.2663448881088197
0.26292725679228746,0.25109553023663456,0.21735319894829097,0.268624014022787
0.26005244755244755,0.2543706293706294,0.2215909090909091,0.263986013986014
0.26514486391571557,0.2510974539069359,0.22036874451273047,0.2633889376646181
0.2596660808435852,0.2513181019332162,0.22539543057996486,0.26362038664323373
0.2556490917146655,0.2534337616304829,0.22330527248560036,0.2676118741692512
0.25253415601586604,0.250771264874394,0.22741295724988983,0.26928162185985016
0.2535026269702277,0.2478108581436077,0.2329246935201401,0.2657618213660245
0.24534986713906112,0.2519929140832595,0.23029229406554472,0.27236492471213464
0.24737762237762237,0.24825174825174826,0.23033216783216784,0.27403846153846156
0.24451273046532046,0.2497805092186128,0.2295873573309921,0.27611940298507465
0.24944714727996462,0.24546660769570985,0.22556390977443608,0.27952233524988945
0.2491212653778559,0.2491212653778559,0.218804920913884,0.28295254833040423
0.2526362038664323,0.2438488576449912,0.21528998242530756,0.28822495606326887
0.24978127734033245,0.24059492563429571,0.22003499562554682,0.289588801399825
0.2561511423550088,0.23857644991212654,0.22012302284710017,0.2851493848857645
0.25806451612903225,0.23365300784655624,0.2227550130775937,0.2855274629468178
0.25786442179884805,0.23216659282233051,0.22241914045192734,0.2875498449268941
0.2566798072711345,0.23083661848445028,0.22689443714410862,0.2855891371003066
0.26948775055679286,0.21959910913140313,0.22360801781737194,0.2873051224944321
0.26972234464521816,0.21947994711326577,0.22212428382547378,0.2886734244160423
0.2736056214317084,0.22397891963109354,0.21563460693895475,0.2867808519982433
0.2713656387665198,0.22246696035242292,0.21629955947136564,0.28986784140969163
0.27555945590171127,0.22729267222465993,0.21895568231680562,0.2781921895568232
0.27117903930131004,0.225764192139738,0.22096069868995633,0.28209606986899566
0.27356422621657167,0.22972380534853135,0.2209557211749233,0.2757562472599737
0.2721685689201054,0.22695346795434593,0.22783143107989465,0.2730465320456541
0.2739244951712028,0.2295873573309921,0.21992976294995611,0.276558384547849
0.2744924977934687,0.2294792586054722,0.21270962047661077,0.2833186231244484
0.2711715664765248,0.225976305397104,0.21588415971917507,0.28696796840719613
0.274681878016674,0.21851689337428698,0.22027204914436158,0.2865291794646775
0.27463863337713534,0.22295225580376699,0.21550591327201052,0.28690319754708715
0.2791519434628975,0.21908127208480566,0.21731448763250882,0.284452296819788
0.2728865527814279,0.21944809461235218,0.22382829610162067,0.28383705650459923
0.27056753189617244,0.21777386713594368,0.22173339199296085,0.289925208974923
0.2678963548528766,0.2191480017566974,0.2222222222222222,0.2907334211682038
0.26884089907448216,0.21683561040105773,0.22080211546936976,0.29352137505509035
0.2644444444444444,0.22266666666666668,0.2262222222222222,0.2866666666666667
0.2604303908651735,0.2231005709266579,0.22441809398331136,0.2920509442248573
0.2589833479404032,0.21954425942156003,0.22436459246275198,0.2971078001752848
0.25891677675033026,0.22016732716864817,0.22545134302069572,0.2954645530603259
0.2622733303847855,0.22025652366209642,0.22158337019018134,0.29588677576293676
0.26117440841367223,0.21297107800175286,0.22173531989482909,0.3041191936897458
0.26104240282685515,0.21687279151943462,0.22128975265017667,0.30079505300353354
0.26278659611992944,0.21472663139329806,0.22707231040564374,0.29541446208112876
0.26518847006651886,0.2097560975609756,0.23148558758314855,0.293569844789357
0.26474442988204455,0.21319353429445173,0.22455220620358235,0.29750982961992134
0.26997366110623355,0.20588235294117646,0.2247585601404741,0.2993854258121159
0.26439326837909655,0.20637732506643047,0.22940655447298494,0.29982285208148807
0.2701048951048951,0.20541958041958042,0.22814685314685315,0.29632867132867136
0.2702939885914875,0.20579201404124617,0.2224659938569548,0.30144800351031154
0.27047038327526135,0.20252613240418119,0.2260452961672474,0.3009581881533101
0.2756183745583039,0.2062720848056537,0.22747349823321555,0.29063604240282687
0.27699736611062337,0.19885864793678665,0.23046532045654083,0.29367866549604915
0.2708150744960561,0.2011393514460999,0.23049956178790534,0.29754601226993865
0.2764263600176913,0.19814241486068113,0.2251216275984078,0.30030959752321984
0.27016306743058616,0.1974438078448656,0.2269722344645218,0.30542089026002645
0.27296819787985865,0.19125441696113074,0.22438162544169613,0.3113957597173145
0.2683887915936953,0.19527145359019266,0.22373029772329248,0.3126094570928196
0.2722880983750549,0.19060166886253843,0.2235397452788757,0.31357048748353095
0.2723666813574262,0.1877479065667695,0.2256500661084178,0.3142353459673865
0.26818580192813324,0.18843120070113936,0.22743207712532865,0.3159509202453988
0.2697777777777778,0.18711111111111112,0.22977777777777778,0.31333333333333335
0.2665505226480836,0.19076655052264807,0.2269163763066202,0.31576655052264807
0.2656319290465632,0.18802660753880265,0.22926829268292684,0.3170731707317073
0.2662619254119688,0.1834345186470078,0.23590633130962707,0.31439722463139635
0.26550218340611353,0.18602620087336244,0.23799126637554585,0.31048034934497815
0.25959860383944156,0.19197207678883071,0.24083769633507854,0.3075916230366492
0.2580078982009653,0.193505923650724,0.2378236068451075,0.3106625713032032
0.257404181184669,0.1955574912891986,0.23736933797909407,0.3096689895470383
0.25799386771791505,0.19491896627244854,0.24003504161191414,0.3070521243977223
0.2591943957968476,0.19746059544658495,0.23423817863397547,0.30910683012259194
0.2579505300353357,0.19964664310954064,0.2398409893992933,0.3025618374558304
0.25565217391304346,0.19608695652173913,0.24347826086956523,0.30478260869565216
0.25365853658536586,0.1951219512195122,0.2407982261640798,0.31042128603104213
0.25087260034904013,0.19589877835951133,0.24214659685863874,0.3110820244328098
0.25462555066079295,0.19295154185022026,0.23876651982378855,0.3136563876651982
0.2546337157987643,0.19638128861429832,0.2321270962047661,0.31685789938217124
0.24823321554770317,0.19302120141342757,0.24072438162544169,0.31802120141342755
0.24857268335529206,0.19499341238471674,0.23891084760649978,0.31752305665349145
0.24788607031597687,0.19626168224299065,0.2398753894080997,0.3159768580329328
0.247001332741004,0.20079964460239894,0.23545091070635274,0.3167481119502443
0.2517513134851138,0.19658493870402802,0.23555166374781086,0.3161120840630473
0.2511032656663725,0.206090026478376,0.235216240070609,0.30759046778464255
0.2510803802938634,0.2104580812445981,0.23292999135695766,0.3055315471045808
0.24802458296751537,0.2115891132572432,0.237928007023705,0.30245829675153646
0.24755989352262645,0.21517302573203195,0.23203194321206744,0.3052351375332742
0.24934036939313983,0.21723834652594548,0.22559366754617413,0.30782761653474056
0.24813022437307522,0.21777386713594368,0.22613286405631325,0.3079630444346678
0.25076452599388377,0.21494102228047182,0.22411533420707733,0.3101791175185671
0.24635117204776646,0.21494913754975675,0.22467934542237947,0.3140203449800973
0.24529128339903636,0.21769601401664476,0.2233902759526938,0.31362242663162504
0.24278215223097113,0.21916010498687663,0.2274715660542432,0.310586176727909
0.24335106382978725,0.2176418439716312,0.22650709219858156,0.3125
0.25,0.21742957746478872,0.22843309859154928,0.304137323943662
0.2543046357615894,0.21368653421633554,0.22428256070640176,0.30772626931567326
0.2504416961130742,0.20980565371024734,0.232773851590106,0.30697879858657245
0.25055530875166593,0.20746334962239005,0.23456241670368724,0.30741892492225675
0.260352422907489,0.2052863436123348,0.23259911894273128,0.30176211453744495
0.25691699604743085,0.2002635046113307,0.23847167325428195,0.30434782608695654
0.2603938730853392,0.1925601750547046,0.24201312910284464,0.3050328227571116
0.2657618213660245,0.18914185639229422,0.24168126094570927,0.30341506129597196
0.2631346578366446,0.18763796909492272,0.2467991169977925,0.30242825607064017
0.26223776223776224,0.1883741258741259,0.2465034965034965,0.30288461538461536
0.26546731022378234,0.18955682316805617,0.24396665204036858,0.3010092145677929
0.2673702726473175,0.18953386103781883,0.24450307827616535,0.2985927880386983
0.2774846086191733,0.18249780123131046,0.24494283201407213,0.29507475813544415
0.2718791648156375,0.18347401155042203,0.25055530875166593,0.29409151488227453
0.2678729037952339,0.18358340688437777,0.2581641659311562,0.2903795233892321
0.27405764966740576,0.18226164079822615,0.2567627494456763,0.2869179600886918
0.27233115468409586,0.19215686274509805,0.25925925925925924,0.2762527233115468
0.2695883134130146,0.19300575475874282,0.2589641434262948,0.2784417884019478
0.2677234698370762,0.19638925583443417,0.26067811536767943,0.2752091589608102
0.26100352112676056,0.19586267605633803,0.2623239436619718,0.28080985915492956
0.26322693484914733,0.19239177962396153,0.26366418889374726,0.28071709663314387
0.2652425456163774,0.19759679572763686,0.2554517133956386,0.2817089452603471
0.2650130548302872,0.195822454308094,0.25413402959094866,0.28503046127067017
0.26445916114790285,0.19646799116997793,0.24988962472406182,0.2891832229580574
0.26389496717724287,0.18818380743982493,0.2617067833698031,0.2862144420131291
0.2611184500220167,0.18978423601937472,0.261558784676354,0.28753852928225454
0.256140350877193,0.193859649122807,0.25701754385964914,0.2929824561403509
0.2600087989441267,0.19665640123185218,0.2578090629124505,0.2855257369115706
0.26327433628318586,0.19646017699115045,0.2517699115044248,0.2884955752212389
0.2622005323868678,0.1960958296362023,0.2515527950310559,0.290150842945874
0.26654975887768523,0.19465146865409907,0.2533976326172731,0.28540113985094256
0.2681958535509484,0.19497132774591971,0.24614027348919276,0.2906925452139391
0.2734891927657697,0.19717688575209527,0.24525805028672254,0.28407587119541244
0.2680683311432326,0.19448094612352168,0.2536136662286465,0.28383705650459923
0.2693321616871705,0.19639718804920914,0.2478031634446397,0.28646748681898065
0.2741295724988982,0.19700308505949757,0.24812692816218598,0.28074041427941826
0.2701174423662462,0.19834710743801653,0.2535885167464115,0.2779469334493258
0.26425099425541315,0.2054794520547945,0.25850640742377373,0.27176314626601855
0.2683677958644963,0.20765508139023317,0.25296964364276286,0.2710074791025077
0.2634573304157549,0.2074398249452954,0.25864332603938733,0.27045951859956235
0.26194690265486725,0.20707964601769913,0.2570796460176991,0.2738938053097345
0.26660761736049604,0.19884853852967227,0.2577502214348981,0.27679362267493357
0.27384615384615385,0.19604395604395605,0.25758241758241757,0.2725274725274725
0.2770979020979021,0.20148601398601398,0.2556818181818182,0.26573426573426573
0.27624066754501536,0.2002635046113307,0.2503293807641634,0.27316644707949056
0.27189141856392296,0.19964973730297722,0.2574430823117338,0.271015761821366
0.2807250221043324,0.1962864721485411,0.25552608311229,0.26746242263483644
0.2833186231244484,0.19814651368049427,0.2559576345984113,0.26257722859664606
0.2769704975781594,0.202113606340819,0.25803610744165567,0.2628797886393659
0.2800875273522976,0.20218818380743983,0.25164113785557984,0.2660831509846827
0.28418230563002683,0.20285969615728328,0.24754244861483468,0.26541554959785524
0.27622841965471445,0.2036299247454626,0.25542275343072157,0.2647189021691014
0.265929203539823,0.20707964601769913,0.2610619469026549,0.265929203539823
0.26850635129215944,0.20630749014454666,0.2575558475689882,0.26763031099430573
0.2645133129637713,0.2073330423395897,0.2618943692710607,0.26625927542557837
0.2668711656441718,0.20595968448729185,0.261612620508326,0.26555652936021035
0.26613965744400525,0.20070267896354854,0.25911286780852,0.2740447957839262
0.2701275846898372,0.20105587329520458,0.26044874615046193,0.2683677958644963
0.2708793636765356,0.19708351745470615,0.25673884224480775,0.2752982766239505
0.2780960775672102,0.19656236227412957,0.254737769942706,0.27060379021595415
0.2806167400881057,0.19427312775330396,0.260352422907489,0.2647577092511013
0.26938413823659724,0.19672131147540983,0.26362428001772265,0.2702702702702703
0.26953818827708703,0.1958259325044405,0.2602131438721137,0.2744227353463588
0.2753880266075388,0.1902439024390244,0.25764966740576495,0.27671840354767185
0.26938239159001315,0.19229084537888744,0.2671922908453789,0.27113447218572057
0.27148523578669015,0.19347730277655356,0.2622300572939621,0.2728074041427942
0.2683677958644963,0.19313682358117026,0.2635283765948086,0.27496700395952484
0.2669305189094107,0.20008795074758134,0.26033421284080915,0.2726473175021988
0.265929203539823,0.19690265486725664,0.2570796460176991,0.28008849557522125
0.26271561256081377,0.19902697921273774,0.25519681556833257,0.2830605926581159
0.26378473753859727,0.19673577415086016,0.25937362152624616,0.28010586678429644
0.26817588158467565,0.19677840661732696,0.2525032651284284,0.282542446669569
0.2707231040564374,0.1966490299823633,0.25749559082892415,0.2751322751322751
0.2688077430708315,0.19885613726352838,0.2595688517377915,0.27276726792784867
0.2702939885914875,0.20315928038613426,0.2606406318560772,0.26590609916630104
0.2657558395769061,0.1974438078448656,0.2617893345085941,0.2750110180696342
0.2654049295774648,0.19410211267605634,0.2632042253521127,0.2772887323943662
0.26564551422319477,0.19649890590809627,0.25864332603938733,0.2792122538293217
0.26251097453906935,0.19798068481123793,0.2603160667251975,0.2791922739244952
0.26899293286219084,0.20141342756183744,0.25353356890459366,0.2760600706713781
0.27208480565371024,0.19964664310954064,0.25353356890459366,0.2747349823321555
0.27149122807017545,0.1969298245614035,0.25394736842105264,0.2776315789473684
0.2649270234409553,0.19637328615656788,0.25829279080053075,0.28040689960194604
0.2640176600441501,0.20264900662251656,0.25298013245033113,0.2803532008830022
0.26269315673289184,0.20353200883002207,0.24856512141280354,0.28520971302428255
0.271015761821366,0.19964973730297722,0.24299474605954466,0.28633975481611207
0.271015761821366,0.20359019264448336,0.24211908931698775,0.28327495621716287
0.27225130890052357,0.20026178010471204,0.2412739965095986,0.2862129144851658
0.2706866197183099,0.19850352112676056,0.2367957746478873,0.29401408450704225
0.2738043001316367,0.1943835015357613,0.23562966213251427,0.2961825362000878
0.2726063829787234,0.19636524822695037,0.2398049645390071,0.2912234042553192
0.2749125874125874,0.19055944055944055,0.23994755244755245,0.2945804195804196
0.2693484914735461,0.19020550940096195,0.2404897245299519,0.29995627459554003
0.2687224669603524,0.1881057268722467,0.24052863436123348,0.3026431718061674
0.26887417218543047,0.18852097130242826,0.2379690949227373,0.304635761589404
0.2662251655629139,0.18410596026490067,0.2304635761589404,0.31920529801324504
0.27224901359053044,0.1819377466023674,0.23147742218325296,0.3143358176238492
0.27276707530647987,0.18038528896672504,0.22635726795096323,0.3204903677758319
0.26946902654867255,0.18495575221238938,0.22566371681415928,0.3199115044247788
0.2692982456140351,0.18070175438596492,0.23333333333333334,0.31666666666666665
0.2712087912087912,0.1723076923076923,0.22989010989010988,0.3265934065934066
0.27616534740545295,0.17766051011433598,0.22911169744942833,0.31706244503078274
0.27908005307386113,0.17204776647501105,0.22556390977443608,0.3233082706766917
0.2740088105726872,0.17973568281938326,0.22290748898678414,0.3233480176211454
0.26907630522088355,0.18206157965194109,0.2222222222222222,0.32663989290495316
0.27512066695919263,0.1799034664326459,0.21939447125932426,0.32558139534883723
0.27113447218572057,0.17915024091108192,0.22207621550591328,0.32763907139728426
0.2763507528786537,0.18069087688219662,0.2240921169176262,0.31886625332152346
0.2738938053097345,0.17920353982300885,0.22787610619469026,0.31902654867256636
0.2746478873239437,0.1813380281690141,0.22359154929577466,0.3204225352112676
0.27496700395952484,0.18081830180378355,0.22525296964364278,0.31896172459304883
0.2779705117085863,0.18473547267996532,0.21856027753686036,0.31873373807458805
0.27850877192982454,0.18552631578947368,0.21447368421052632,0.32149122807017544
0.27966475518306133,0.18306131451257168,0.21746801940891045,0.31980591089545657
0.2769297863061492,0.1853467073702573,0.21979938944614041,0.31792411687745314
0.28105726872246695,0.18105726872246697,0.22466960352422907,0.313215859030837
0.2772449869224063,0.1791630340017437,0.2244986922406277,0.3190932868352223
0.2792321116928447,0.18368237347294938,0.22251308900523561,0.3145724258289703
0.27470093043863536,0.17811253876827648,0.23128046078865752,0.31590607000443066
0.27393030436700483,0.18659020732245257,0.22717247463608292,0.3123070136744596
0.2774617067833698,0.18818380743982493,0.22450765864332603,0.3098468271334792
0.28029969149405026,0.18201851035698546,0.2265315116791538,0.31115028646981047
0.27365163572060125,0.18037135278514588,0.23121131741821396,0.3147656940760389
0.2721658579620644,0.18217909131010146,0.2333480370533745,0.3123070136744596
0.2658782303985983,0.18791064388961892,0.23302671922908455,0.3131844064826982
0.26818580192813324,0.18799298860648553,0.23356704645048204,0.3102541630148992
0.2655293088363955,0.18810148731408574,0.23403324584426946,0.3123359580052493
0.26255506607929513,0.18722466960352424,0.23788546255506607,0.31233480176211453
0.2657894736842105,0.1850877192982456,0.2394736842105263,0.30964912280701756
0.263042525208242,0.19026742656729503,0.24068391056554142,0.30600613765892154
0.2648888888888889,0.18933333333333333,0.24,0.30577777777777776
0.270222999562746,0.17883690424136423,0.2409269785745518,0.310013117621338
0.26675369886858136,0.1823324630113142,0.2484769364664926,0.3024369016536118
0.267927848658161,0.18609766827980642,0.25208974923009236,0.2938847338319402
0.2701525054466231,0.18257080610021786,0.2549019607843137,0.2923747276688453
0.2727272727272727,0.18137687555163284,0.2581641659311562,0.28773168578993824
0.2770658418029165,0.18294299602297834,0.25894829871851527,0.28104286345558993
0.28060097216084845,0.18382677861246133,0.25364560318161733,0.2819266460450729
0.28167770419426047,0.18763796909492272,0.2525386313465784,0.2781456953642384
0.2868421052631579,0.18947368421052632,0.24956140350877193,0.2741228070175439
0.2931937172774869,0.19589877835951133,0.2443280977312391,0.26657940663176266
0.29183049366535607,0.19702927042376583,0.24246395806028834,0.2686762778505898
0.2895548699867783,0.19568091670339358,0.250771264874394,0.26399294843543414
0.29370321444297665,0.19154557463672392,0.25011008366358434,0.2646411272567151
0.28984238178633975,0.19483362521891417,0.2521891418563923,0.2631348511383538
0.28760476400529333,0.1940891045434495,0.2523158359064843,0.2659902955447728
0.2927472527472528,0.19516483516483515,0.2465934065934066,0.2654945054945055
0.2957559681697613,0.1874447391688771,0.246684350132626,0.27011494252873564
0.2946817785527463,0.18831734960767219,0.24934612031386225,0.26765475152571927
0.3013274336283186,0.1902654867256637,0.2482300884955752,0.26017699115044246
0.3000882612533098,0.19020300088261252,0.24801412180052956,0.2616946160635481
0.3049426301853486,0.18755516328331862,0.24669020300088262,0.26081200353045014
0.3020282186948854,0.1917989417989418,0.24338624338624337,0.26278659611992944
0.30186170212765956,0.19326241134751773,0.24512411347517732,0.25975177304964536
0.3014247551202137,0.19857524487978628,0.2462154942119323,0.25378450578806766
0.2995614035087719,0.1956140350877193,0.2442982456140351,0.26052631578947366
0.30623066725585507,0.1926646045072912,0.23994697304463103,0.26115775519222273
0.3066432028156621,0.19533655961284646,0.24065112186537616,0.25736911570611526
0.3086859688195991,0.19866369710467707,0.23697104677060132,0.2556792873051225
0.30809399477806787,0.206266318537859,0.23324630113141862,0.2523933855526545
0.3087719298245614,0.20043859649122808,0.2324561403508772,0.25833333333333336
0.3104982206405694,0.19261565836298933,0.23487544483985764,0.26201067615658363
0.3149847094801223,0.18872870249017037,0.236347750109218,0.2599388379204893
0.31950022311468096,0.1856314145470772,0.23694779116465864,0.25792057117358325
0.3191582639193336,0.18895221394125383,0.2384918895221394,0.2533976326172731
0.32178868917141606,0.1955282770714599,0.22840859272249014,0.2542744410346339
0.3207215134183898,0.1957765068191817,0.22921249450065992,0.2542894852617686
0.3189806678383128,0.19947275922671354,0.22847100175746923,0.2530755711775044
0.32653946227233305,0.19731136166522117,0.22506504770164787,0.2510841283607979
0.32097130242825606,0.1977924944812362,0.22472406181015453,0.2565121412803532
0.320704845814978,0.19515418502202644,0.22555066079295155,0.25859030837004404
0.3252959228408593,0.19245944761069705,0.22621657167908812,0.25602805786935556
0.327795240233498,0.19128872923215087,0.2294566681634486,0.25145936237090255
0.3263157894736842,0.19078947368421054,0.22982456140350876,0.2530701754385965
0.3215391419725785,0.189296771340115,0.22821760283060594,0.26094648385670055
0.3296943231441048,0.1925764192139738,0.22314410480349345,0.254585152838428
0.3253588516746411,0.19356241844280123,0.22618529795563289,0.25489343192692476
0.323036187113857,0.18887908208296558,0.2290379523389232,0.25904677846425417
0.3287852112676056,0.18882042253521128,0.22887323943661972,0.2535211267605634
0.3243006993006993,0.19405594405594406,0.22552447552447552,0.2561188811188811
0.3244798583444002,0.19654714475431606,0.22487826471890218,0.2540947321823816
0.3239312472454826,0.19700308505949757,0.2238871749669458,0.255178492728074
0.3246581385090428,0.19320688134097927,0.22849580943978826,0.25363917071018965
0.3330380868024801,0.19619131975199292,0.22276350752878654,0.24800708591674048
0.3334807607253428,0.19327731092436976,0.21892967713401149,0.254312251216276
0.34037868780273006,0.19726992514310876,0.21268163804491413,0.24966974900924702
0.34832451499118167,0.1900352733686067,0.21119929453262787,0.25044091710758376
0.33964757709251103,0.19162995594713655,0.2171806167400881,0.2515418502202643
0.3461199294532628,0.19047619047619047,0.21296296296296297,0.25044091710758376
0.3476923076923077,0.19296703296703296,0.210989010989011,0.24835164835164836
0.3507692307692308,0.18813186813186814,0.21142857142857144,0.24967032967032968
0.352549889135255,0.18758314855875832,0.2146341463414634,0.2452328159645233
0.3453111305872042,0.19106047326906223,0.2182296231375986,0.24539877300613497
0.3400614304519526,0.1882404563405002,0.22378236068451074,0.2479157525230364
0.34346103038309117,0.18361955085865259,0.22148833113166005,0.2514310876265962
0.3358208955223881,0.19139596136962247,0.21597892888498682,0.25680421422300265
0.3375992939099735,0.18711385701676964,0.21403353927625773,0.2612533097969991
0.33628710677891005,0.18697385910500663,0.21621621621621623,0.2605228178998671
0.3306878306878307,0.1900352733686067,0.2191358024691358,0.2601410934744268
0.32966064345526663,0.18510356985456147,0.22080211546936976,0.26443367122080214
0.3299692847740237,0.19043440105309345,0.21851689337428698,0.26107942079859586
0.3279616724738676,0.1955574912891986,0.21994773519163763,0.25653310104529614
0.32966064345526663,0.19479947113265755,0.21903922432789774,0.25650066108417807
0.3326010544815466,0.19244288224956063,0.21528998242530756,0.2596660808435852
0.3342151675485009,0.1917989417989418,0.21075837742504408,0.26322751322751325
0.33096401599289205,0.19546868058640604,0.2079075966237228,0.26565970679697914
0.3375992939099735,0.19373345101500442,0.205648720211827,0.26301853486319504
0.33157199471598414,0.20299427564949363,0.20123293703214443,0.26420079260237783
0.33099209833187004,0.20368744512730466,0.20149253731343283,0.26382791922739246
0.33201232937032144,0.202113606340819,0.20299427564949363,0.2628797886393659
0.33550630160799655,0.20295523685354194,0.2025206431986093,0.2590178183398522
0.3390052356020942,0.2020069808027923,0.19982547993019198,0.2591623036649215
0.34377758164165934,0.20697263901147397,0.19593998234774934,0.2533097969991174
0.3508153371529308,0.19876597620096959,0.19347730277655356,0.25694138386954607
0.35406486006219456,0.2016881386050644,0.18924922256774768,0.25499777876499335
