C,D,Oc,Od
1.0,0.0,0.0,0.0
0.6,0.0,0.4,0.0
0.8,0.0,0.2,0.0
0.7142857142857143,0.0,0.2857142857142857,0.0
0.6666666666666666,0.05555555555555555,0.2777777777777778,0.0
0.639344262295082,0.01639344262295082,0.3442622950819672,0.0
0.6122448979591837,0.04081632653061224,0.3469387755102041,0.0
0.5821917808219178,0.0547945205479452,0.363013698630137,0.0
0.5523809523809524,0.06666666666666667,0.3761904761904762,0.004761904761904762
0.5425531914893617,0.07801418439716312,0.36524822695035464,0.014184397163120567
0.5289473684210526,0.08947368421052632,0.3684210526315789,0.013157894736842105
0.49795918367346936,0.08979591836734693,0.3836734693877551,0.02857142857142857
0.4858569051580699,0.09317803660565724,0.3810316139767055,0.03993344425956739
0.47580645161290325,0.09946236559139784,0.3803763440860215,0.04435483870967742
0.46757679180887374,0.1012514220705347,0.38111490329920367,0.05005688282138794
0.4603960396039604,0.10297029702970296,0.37425742574257426,0.062376237623762376
0.4486626402070751,0.1000862812769629,0.38481449525452976,0.06643658326143227
0.4417731029301277,0.11269722013523667,0.3756574004507889,0.06987227648384674
0.42140026420079263,0.11756935270805813,0.37912813738441214,0.08190224570673713
0.41325301204819276,0.11927710843373494,0.377710843373494,0.08975903614457831
0.40962506994963627,0.12143256855064354,0.374370453273643,0.09457190822607722
0.4032597266035752,0.12670872765509988,0.36908517350157727,0.10094637223974763
0.3969276511397423,0.12834489593657086,0.36967294350842417,0.10505450941526263
0.3900237529691211,0.13254156769596198,0.366270783847981,0.11116389548693587
0.3904761904761905,0.13197278911564625,0.36235827664399095,0.11519274376417234
0.3865658362989324,0.13523131672597866,0.35765124555160144,0.12055160142348754
0.38556883576803896,0.1279327135900841,0.3616644532979194,0.1248339973439575
0.38484848484848483,0.13463203463203463,0.3502164502164502,0.1303030303030303
0.38900908697533537,0.1293812202509736,0.3479013414106447,0.1337083513630463
0.3867640739149119,0.1289213579716373,0.34464976364417704,0.13966480446927373
0.3829969944182052,0.1275225418634607,0.33705452984113354,0.15242593387720052
0.3840548649807115,0.12687526789541362,0.33219031290184314,0.15687955422203173
0.38332617103566824,0.13021057155135368,0.32746024924795875,0.15900300816501933
0.3877200515242593,0.12322885358522971,0.3284671532846715,0.16058394160583941
0.39226519337016574,0.12409689757756057,0.31619209519762004,0.16744581385465362
0.39195549850235345,0.12280701754385964,0.31407787762088146,0.17115960633290545
0.391989774179804,0.12270984235193864,0.3097571367703451,0.17554324669791224
0.39065817409766457,0.1197452229299363,0.3078556263269639,0.18174097664543523
0.384061042814752,0.122509537939805,0.3128444256040695,0.18058499364137345
0.3857020547945205,0.12243150684931507,0.3095034246575342,0.18236301369863014
0.378343949044586,0.12229299363057325,0.31422505307855625,0.1851380042462845
0.3747341556784347,0.12165036154827732,0.3130582730752871,0.19055720969800086
0.36909323116219667,0.1221796509152831,0.3158790974882929,0.19284802043422733
0.37094017094017095,0.12692307692307692,0.3038461538461538,0.19829059829059828
0.3627906976744186,0.12600422832980973,0.30697674418604654,0.20422832980972516
0.3697123519458545,0.12732656514382404,0.29653130287648055,0.20642978003384094
0.36398305084745763,0.1292372881355932,0.29703389830508475,0.2097457627118644
0.36610169491525424,0.1271186440677966,0.28940677966101697,0.2173728813559322
0.3632514817950889,0.12447078746824725,0.28831498729889926,0.2239627434377646
0.3606073386756643,0.12568536482496837,0.2863770560944749,0.22733024040489244
0.35563973063973064,0.12836700336700338,0.28703703703703703,0.22895622895622897
0.3522966708807417,0.13232195533080487,0.2836072482090181,0.2317741255794353
0.35207721359630717,0.13134704154427193,0.28451531682752834,0.23206042803189258
0.34928027095681624,0.12912785774767147,0.2777307366638442,0.2438611346316681
0.3443456162642948,0.12579415501905972,0.2820838627700127,0.24777636594663277
0.34103317933641325,0.12767744645107099,0.28097438051238977,0.250314993700126
0.3441722972972973,0.13217905405405406,0.27618243243243246,0.24746621621621623
0.34003350083752093,0.13442211055276382,0.27554438860971525,0.25
0.3390974272458878,0.13369886123998312,0.2758329818641923,0.25137072964993673
0.33921815889029006,0.13493064312736444,0.2719630096679277,0.25388818831441784
0.34044332915098285,0.13341698034295274,0.27436219155165203,0.25177749895441237
0.34582982308340354,0.13184498736310024,0.2691659646166807,0.2531592249368155
0.3486703250316589,0.1283241874208527,0.26593499366821444,0.25707049387927394
0.33989941324392287,0.13285834031852473,0.26655490360435874,0.2606873428331936
0.3379746835443038,0.13291139240506328,0.26666666666666666,0.26244725738396624
0.34120624209194433,0.13369886123998312,0.26233656684943063,0.26275832981864194
0.33695652173913043,0.13795986622073578,0.2625418060200669,0.2625418060200669
0.3343108504398827,0.14034352744030162,0.2601591956430666,0.26518642647674906
0.3373493975903614,0.14540922309929372,0.25301204819277107,0.26422933111757374
0.33875677930746767,0.14184397163120568,0.25323320817688777,0.2661660408844389
0.3410041841004184,0.14351464435146444,0.24811715481171548,0.2673640167364017
0.3386221294363257,0.14237995824634656,0.24634655532359082,0.27265135699373694
0.34003350083752093,0.14489112227805695,0.24329983249581238,0.27177554438860974
0.3388842631140716,0.14571190674437967,0.24104912572855952,0.2743547044129892
0.3386023294509151,0.14226289517470883,0.24084858569051582,0.2782861896838602
0.3351555929352397,0.1400336417157275,0.2409587888982338,0.283851976450799
0.3293239319784322,0.13977602654500207,0.24139361260887598,0.28950642886768974
0.3226477935054122,0.1398834304746045,0.24354704412989175,0.2939217318900916
0.3238849520633597,0.1421425593997499,0.23926636098374324,0.2947061275531471
0.3273260687342833,0.14165968147527241,0.2330259849119866,0.29798826487845764
0.3244370308590492,0.1413678065054212,0.23144286905754796,0.30275229357798167
0.3248434237995825,0.13862212943632568,0.2359081419624217,0.30062630480167013
0.3248327759197324,0.13921404682274247,0.229933110367893,0.3060200668896321
0.32802013422818793,0.1342281879194631,0.23238255033557048,0.3053691275167785
0.32705980761187786,0.13258051024675868,0.23086574654956085,0.3094939355918026
0.32456140350877194,0.13283208020050125,0.23182957393483708,0.3107769423558897
0.32362728785357736,0.13061564059900166,0.23128119800332778,0.3144758735440932
0.32010029251984956,0.13330547430004178,0.22983702465524447,0.31675720852486416
0.3242904841402337,0.13230383973288815,0.22495826377295491,0.3184474123539232
0.3240432612312812,0.1343594009983361,0.21838602329450915,0.32321131447587353
0.32177183451734226,0.1316339323025491,0.22273297116590055,0.3238612620142081
0.3207154742096506,0.13103161397670549,0.22254575707154742,0.3257071547420965
0.3182760049730626,0.13385826771653545,0.22503108164111066,0.3228346456692913
0.3195192706174886,0.13593037712391215,0.2233733941152093,0.32117695814339
0.31925465838509315,0.13291925465838508,0.22525879917184266,0.3225672877846791
0.3203842940685046,0.1336675020885547,0.2234753550543024,0.32247284878863824
0.3148457047539616,0.1359466221851543,0.22351959966638865,0.3256880733944954
0.3182196339434276,0.1314475873544093,0.22504159733777038,0.32529118136439267
0.3160100586756077,0.13076278290025148,0.22673931265716682,0.32648784576697404
0.31875,0.135,0.2275,0.31875
0.3244370308590492,0.13135946622185155,0.22477064220183487,0.3194328607172644
0.3209205020920502,0.1322175732217573,0.22343096234309623,0.3234309623430962
0.32096706961233845,0.13130471029595664,0.22342642767819926,0.32430179241350565
0.3172155064610254,0.13255523134639433,0.22551062942892872,0.32471863276365154
0.3129166666666667,0.13833333333333334,0.22666666666666666,0.32208333333333333
0.31021594684385384,0.1382890365448505,0.22549833887043189,0.32599667774086377
0.31192275398824515,0.14021830394626364,0.22208228379513015,0.32577665827036106
0.31112949937939594,0.13322300372362433,0.22631361191559785,0.3293338849813819
0.31218487394957983,0.13361344537815126,0.223109243697479,0.3310924369747899
0.3116721854304636,0.13079470198675497,0.22350993377483444,0.334023178807947
0.3131229235880399,0.132890365448505,0.223421926910299,0.33056478405315615
0.31557035803497085,0.13238967527060783,0.22106577851790174,0.3309741881765196
0.30982994608046455,0.1343840729987557,0.2223143923683119,0.33347158855246783
0.30692243536280234,0.1371976647206005,0.22101751459549623,0.3348623853211009
0.30266444629475436,0.13780183180682765,0.22273105745212324,0.33680266444629475
0.3034970857618651,0.13905079100749376,0.21856786011656953,0.3388842631140716
0.3040568799665412,0.13592639063153492,0.2137181095775826,0.3462986198243413
0.30360846121941104,0.14019079220240563,0.2148486105350477,0.34135213604313563
0.30460251046025105,0.13933054393305438,0.21338912133891214,0.3426778242677824
0.3029925187032419,0.1367414796342477,0.2119700748129676,0.3482959268495428
0.30142140468227424,0.14088628762541805,0.21321070234113712,0.34448160535117056
0.30119983450558546,0.1439801406702524,0.21183285064129084,0.34298717418287133
0.30657237936772047,0.13727121464226288,0.20757071547420966,0.348585690515807
0.30602910602910605,0.13305613305613306,0.21081081081081082,0.3501039501039501
0.3058091286307054,0.13236514522821577,0.2074688796680498,0.35435684647302906
0.3028925619834711,0.1322314049586777,0.2128099173553719,0.35206611570247937
0.30616466694249067,0.1348779478692594,0.2056268100951593,0.3533305750930906
0.30414937759336097,0.13360995850622406,0.20622406639004148,0.35601659751037346
0.30266444629475436,0.1353039134054954,0.2035803497085762,0.35845129059117403
0.30070803831736775,0.1324448146605581,0.20366513952519782,0.3631820074968763
0.2986198243412798,0.13090757005437056,0.20326223337515684,0.3672103722291928
0.30041666666666667,0.13416666666666666,0.2,0.36541666666666667
0.29545454545454547,0.1347107438016529,0.2049586776859504,0.3648760330578512
0.3000416146483562,0.13316687473990846,0.20224719101123595,0.3645443196004994
0.30303030303030304,0.1295143212951432,0.20049813200498132,0.36695724366957244
0.3005828476269775,0.13030807660283097,0.20024979184013322,0.3688592839300583
0.29991680532445925,0.13061564059900166,0.20299500831946754,0.36647254575707155
0.2992093216812318,0.1344153141905951,0.20016645859342488,0.3662089055347482
0.3016991297140489,0.129714048901782,0.1997513468711148,0.36883547451305426
0.30303030303030304,0.13325031133250312,0.1963470319634703,0.36737235367372356
0.30029154518950435,0.13119533527696792,0.19825072886297376,0.37026239067055394
0.29360824742268044,0.12948453608247423,0.20329896907216494,0.3736082474226804
0.290133779264214,0.12750836120401338,0.20066889632107024,0.38168896321070234
0.29171868497711195,0.12817311693716188,0.20432792342904701,0.3757802746566791
0.29346026490066224,0.12748344370860928,0.20198675496688742,0.37706953642384106
0.29178704085843993,0.13041683862979778,0.20140321914981427,0.376392901361948
0.29421556387848524,0.12484394506866417,0.20557636287973366,0.37536412817311693
0.29313929313929316,0.12681912681912683,0.20332640332640334,0.37671517671517674
0.2900667779632721,0.1285475792988314,0.1994991652754591,0.38188647746243737
0.28601079286010794,0.1295143212951432,0.20423412204234123,0.3802407638024076
0.28690575479566305,0.12844036697247707,0.20266889074228525,0.38198498748957466
0.28642797668609493,0.13030807660283097,0.20233139050791007,0.380932556203164
0.28559636813867106,0.12752785802723896,0.2001650846058605,0.3867106892282295
0.28719866999168747,0.12718204488778054,0.1974231088944306,0.3881961762261014
0.29180602006688966,0.12709030100334448,0.1939799331103679,0.387123745819398
0.29419139155871293,0.12787296280819055,0.1909736732135395,0.38696197241955704
0.28868552412645593,0.12895174708818635,0.19217970049916805,0.39018302828618967
0.28887959866220736,0.1258361204013378,0.19021739130434784,0.395066889632107
0.2885572139303483,0.1256218905472637,0.19361525704809288,0.3922056384742952
0.2919435215946844,0.12416943521594684,0.19019933554817275,0.39368770764119604
0.28969243557772234,0.12427265170407314,0.1882793017456359,0.39775561097256856
0.29660314830157414,0.12013256006628004,0.18972659486329743,0.39353769676884837
0.29883624272651704,0.12094763092269327,0.18952618453865336,0.39068994181213634
0.3025210084033613,0.11848739495798319,0.18571428571428572,0.39327731092436974
0.3025279734769996,0.11852465810194779,0.1898052217157066,0.389142146705346
0.29958677685950413,0.12396694214876033,0.1847107438016529,0.39173553719008264
0.2988313856427379,0.12395659432387313,0.18363939899833054,0.3935726210350584
0.30170620058260506,0.12109862671660425,0.1856013316687474,0.39159384103204326
0.30137557315548147,0.12088370154230929,0.1854939558149229,0.3922467694872864
0.2943116240725474,0.11995053586150041,0.1875515251442704,0.39818631492168177
0.30062370062370064,0.11351351351351352,0.18544698544698546,0.40041580041580044
0.29660314830157414,0.11267605633802817,0.1872410936205468,0.40347970173985087
0.2917538719129343,0.11385516952699874,0.1845960652992884,0.40979489326077856
0.2882770129328327,0.114726741760534,0.18147684605757197,0.41551939924906134
0.29209764170459246,0.11377741001241208,0.18038891187422423,0.4137360364087712
0.2922374429223744,0.1141552511415525,0.17310087173100872,0.42050643420506434
0.2904029912754466,0.11632737847943499,0.17199833818030744,0.42127129206481095
0.28910149750415975,0.11522462562396006,0.17346089850249585,0.4222129783693844
0.2893211920529801,0.11589403973509933,0.17259933774834438,0.42218543046357615
0.2898550724637681,0.11594202898550725,0.17060041407867496,0.4236024844720497
0.29291666666666666,0.11708333333333333,0.17083333333333334,0.4191666666666667
0.2939469320066335,0.11774461028192372,0.1691542288557214,0.4191542288557214
0.2916321458160729,0.11930405965202982,0.17108533554266778,0.4179784589892295
0.2902691511387164,0.1246376811594203,0.1701863354037267,0.41490683229813663
0.2899751449875725,0.12924606462303231,0.16777133388566695,0.4130074565037283
0.2899751449875725,0.1296603148301574,0.16777133388566695,0.4125932062966031
0.29221854304635764,0.12458609271523179,0.16556291390728478,0.41763245033112584
0.2919254658385093,0.12836438923395446,0.16273291925465838,0.41697722567287787
0.29054890631448616,0.13248039620305407,0.15930664465538588,0.41766405282707386
0.29280397022332505,0.1315136476426799,0.15591397849462366,0.4197684036393714
0.29367720465890185,0.12936772046589018,0.15557404326123128,0.4213810316139767
0.2975893599334996,0.1313383208645054,0.15336658354114713,0.4177057356608479
0.2990848585690516,0.12770382695507487,0.15349417637271215,0.4197171381031614
0.30054189245518964,0.12421842434347645,0.15298040850354314,0.42225927469779073
0.294824016563147,0.12919254658385093,0.15486542443064183,0.42111801242236024
0.2929752066115702,0.1305785123966942,0.15495867768595042,0.4214876033057851
0.2925709515859766,0.13146911519198665,0.14858096828046743,0.4273789649415693
0.2929671244277986,0.1256762380357886,0.15355805243445692,0.4277985851019559
0.29093198992443325,0.12174643157010916,0.15197313182199831,0.4353484466834593
0.2913907284768212,0.12127483443708609,0.15107615894039736,0.43625827814569534
0.28642179116797356,0.12257531985142385,0.1543541064795708,0.4366487825010318
0.2887966804979253,0.12448132780082988,0.15228215767634853,0.4344398340248963
0.28428927680798005,0.12676641729010807,0.1512884455527847,0.4376558603491272
0.28404831320283214,0.12911286963765098,0.14660558100791338,0.4402332361516035
0.2858323007021892,0.12556794712928543,0.14622057001239158,0.4423791821561338
0.28577353795105764,0.12484446287847366,0.14516798009124846,0.44421401907922026
0.28328494400663623,0.12733305682289506,0.14765657403566984,0.44172542513479884
0.28808634288086343,0.12411789124117892,0.1444582814445828,0.44333748443337484
0.2865400495458299,0.12097440132122213,0.14781172584640792,0.44467382328654004
0.2829409334985543,0.12143742255266418,0.14911193721602645,0.4465097067327551
0.2870793518903199,0.11923556294142086,0.14582467802243457,0.4478604071458247
0.2860727728983689,0.11417816813048934,0.14429109159347553,0.45545796737766625
0.2847682119205298,0.11423841059602649,0.14362582781456953,0.45736754966887416
0.2866638969671791,0.11591192355629414,0.13834648940589947,0.4590776900706273
0.2874896437448219,0.11309030654515327,0.140016570008285,0.45940347970173984
0.28612836438923395,0.11594202898550725,0.13871635610766045,0.45921325051759837
0.28512396694214875,0.11570247933884298,0.14214876033057852,0.4570247933884298
0.28440366972477066,0.11676396997497915,0.14470391993327772,0.4541284403669725
0.28329197684036395,0.11745244003308519,0.14557485525227462,0.45368072787427627
0.28595248020008335,0.11754897874114215,0.14005835764902042,0.45644018340975406
0.2889352818371608,0.11816283924843424,0.1373695198329854,0.45553235908141965
0.28541839270919633,0.12137531068765535,0.13256006628003314,0.46064623032311514
0.28243637880684186,0.11514392991239049,0.13642052565707133,0.4659991656236963
0.2842934106920845,0.11893907998342312,0.13344384583506008,0.46332366348943227
0.28565539983511956,0.11500412201154163,0.13107996702390767,0.4682605111294312
0.28635990139687756,0.11914543960558752,0.12982744453574363,0.46466721446179127
0.28850145288501455,0.11913657119136571,0.1261934412619344,0.46616853466168534
0.2921161825726141,0.11867219917012448,0.12531120331950207,0.46390041493775935
0.29171868497711195,0.11860174781523096,0.12442779858510196,0.46525176862255513
0.2866611433305717,0.12013256006628004,0.1251035625517813,0.46810273405136704
0.28897180762852404,0.11857379767827529,0.12230514096185738,0.4701492537313433
0.285831960461285,0.11779242174629324,0.12067545304777595,0.4757001647446458
0.28178407669862443,0.1200500208420175,0.11629845769070446,0.4818674447686536
0.28034682080924855,0.1222130470685384,0.11436829066886871,0.48307184145334436
0.277317880794702,0.12003311258278146,0.11423841059602649,0.48841059602649006
0.27719883284701957,0.11629845769070446,0.11588161734055856,0.4906210921217174
0.2768338168255284,0.11562370493162039,0.11645254869457107,0.4910899295482801
0.27784730913642053,0.11430955360867752,0.11597830621610346,0.4918648310387985
0.27800829875518673,0.11493775933609958,0.11327800829875519,0.49377593360995853
0.2792046396023198,0.11350455675227837,0.11309030654515327,0.49420049710024855
0.2762613730355666,0.11662531017369727,0.11042183622828784,0.49669148056244833
0.28086164043082024,0.1164043082021541,0.10936205468102735,0.49337199668599835
0.27722772277227725,0.11344884488448845,0.11303630363036303,0.4962871287128713
0.27943615257048093,0.11608623548922056,0.10655058043117745,0.49792703150912104
0.28008213552361394,0.11663244353182751,0.10965092402464066,0.49363449691991784
0.2774113767518549,0.11500412201154163,0.11376751854905194,0.49381698268755153
0.27958333333333335,0.11541666666666667,0.11041666666666666,0.4945833333333333
0.28264462809917357,0.11611570247933885,0.11198347107438017,0.48925619834710743
0.28428927680798005,0.11596009975062344,0.11097256857855362,0.48877805486284287
0.28140495867768595,0.1115702479338843,0.11570247933884298,0.49132231404958676
0.2784915043514298,0.11189390799834231,0.11520928305014505,0.49440530460008286
0.27925311203319503,0.10954356846473029,0.11078838174273858,0.5004149377593361
0.27904092600248037,0.10954940057875155,0.11368334022323275,0.49772633319553533
0.2806652806652807,0.10810810810810811,0.11434511434511435,0.4968814968814969
0.278006589785832,0.10996705107084019,0.11532125205930807,0.49670510708401977
0.2770885028949545,0.11207609594706369,0.11331679073614558,0.4975186104218362
0.27332782824112306,0.11189099917423617,0.1147811725846408,0.5
0.27163561076604553,0.1113871635610766,0.11387163561076605,0.5031055900621118
0.2743472855366763,0.10609200165768752,0.11313717364276833,0.5064235391628678
0.27664869348817916,0.10244711737868105,0.11240149315636665,0.5085026959767731
0.2795876288659794,0.10268041237113402,0.1109278350515464,0.5068041237113402
0.2782357790601814,0.09645507007419621,0.11253091508656224,0.5127782357790602
0.2752785802723896,0.09698720594304581,0.1110193974411886,0.516714816343376
0.27208918249380676,0.09620148637489678,0.11230388109000826,0.5194054500412882
0.27035965274906987,0.09797436957420422,0.10996279454319967,0.5217031831335263
0.26784977300866697,0.09822534048699959,0.1151465125877012,0.5187783739166323
0.2682519816437213,0.09929078014184398,0.11097204839382561,0.5214851898206091
0.2703488372093023,0.10174418604651163,0.10755813953488372,0.5203488372093024
0.2658911508101371,0.1038637307852098,0.1038637307852098,0.5263813876194433
0.27133388566694283,0.10646230323115162,0.10231980115990058,0.519884009942005
0.27254013997529847,0.1070399341292713,0.10045286125977769,0.5199670646356526
0.2679684254258413,0.10677191524719568,0.09970918155380142,0.5255504777731617
0.26899128268991285,0.10460772104607721,0.0950601909506019,0.5313408053134081
0.2679900744416873,0.10256410256410256,0.10049627791563276,0.5289495450785774
0.26934215970211006,0.09846917666528755,0.09846917666528755,0.5337194869673149
0.2705394190871369,0.09626556016597511,0.0991701244813278,0.5340248962655602
0.2675474814203138,0.10198183319570603,0.09867877786952932,0.5317919075144508
0.2704714640198511,0.10339123242349049,0.09636062861869313,0.5297766749379652
0.26888341543513955,0.10426929392446634,0.09729064039408868,0.5295566502463054
0.27325581395348836,0.10215946843853821,0.09593023255813954,0.5286544850498339
0.27257663628831813,0.09942004971002485,0.09154929577464789,0.5364540182270091
0.27096241222635276,0.10161090458488228,0.09045848822800495,0.53696819496076
0.270954356846473,0.0991701244813278,0.0908713692946058,0.5390041493775933
0.2739273927392739,0.09447194719471948,0.09117161716171616,0.5404290429042904
0.27425986842105265,0.09539473684210527,0.08881578947368421,0.5415296052631579
0.2769039735099338,0.09188741721854304,0.08940397350993377,0.5418046357615894
0.2757488715633976,0.09396799343455067,0.09150594993844892,0.5387771850636028
0.27759336099585064,0.09336099585062241,0.08838174273858922,0.5406639004149377
0.2808247422680412,0.09402061855670103,0.08494845360824742,0.5402061855670103
0.2781675608749484,0.094098225340487,0.08460586050350805,0.5431283532810566
0.2777321281840592,0.0932621199671323,0.08340180772391126,0.5456039441248973
0.27563304275633044,0.0967206309672063,0.07887090078870901,0.5487754254877543
0.27591904171829823,0.09789343246592318,0.080545229244114,0.5456422965716646
0.2752598752598753,0.09521829521829522,0.079002079002079,0.5505197505197506
0.27291494632535096,0.09454995871180842,0.0805119735755574,0.5520231213872833
0.27227517612929963,0.09573145462080399,0.08039784500621633,0.5515955242436801
0.27411376751854905,0.09563066776586975,0.08037922506183018,0.549876339653751
0.2734829592684954,0.09476309226932668,0.07605985037406483,0.5556940980881131
0.2740066225165563,0.09312913907284769,0.07201986754966887,0.5608443708609272
0.2701696317749276,0.09557302441042614,0.07323127844435251,0.5610260653702938
0.2700247729149463,0.0953757225433526,0.07225433526011561,0.5623451692815855
0.2711934156378601,0.09382716049382717,0.07242798353909465,0.5625514403292181
0.2662819455894477,0.09356966199505358,0.07131079967023908,0.5688375927452597
0.26872427983539093,0.09382716049382717,0.07160493827160494,0.565843621399177
0.2712700369913687,0.0916563912864776,0.07274969173859433,0.5643238799835594
0.27025915261209377,0.08844097079391197,0.07568901686548746,0.5656108597285068
0.271523178807947,0.08816225165562915,0.07574503311258278,0.5645695364238411
0.2712634186622626,0.08587943848059455,0.07142857142857142,0.5714285714285714
0.26937422295897223,0.08619975134687112,0.07335267302113552,0.5710733526730212
0.26935749588138386,0.08772652388797364,0.07248764415156507,0.5704283360790774
0.26859504132231404,0.0871900826446281,0.07272727272727272,0.5714876033057851
0.2635690789473684,0.08799342105263158,0.07319078947368421,0.5752467105263158
0.2644151565074135,0.08896210873146623,0.0728995057660626,0.5737232289950577
0.26085141903171954,0.08597662771285476,0.07178631051752922,0.5813856427378965
0.25965488907148726,0.08833196384552178,0.07189811010682005,0.580115036976171
0.25682382133995035,0.09057071960297766,0.07485525227460711,0.5777502067824648
0.2572614107883817,0.091701244813278,0.07925311203319502,0.5717842323651452
0.25850622406639007,0.09211618257261411,0.07883817427385892,0.5705394190871369
0.2579185520361991,0.0941999177293295,0.08185931715343481,0.5660222130810366
0.263681592039801,0.09701492537313433,0.0775290215588723,0.5617744610281924
0.2620519159456119,0.09559126493613515,0.07704985578903997,0.565306963329213
0.2624845233182006,0.09657449442839455,0.0780024762690879,0.5629385059843169
0.2620718118035493,0.09698720594304581,0.0751134956665291,0.5658274865868758
0.26045548654244305,0.09565217391304348,0.0761904761904762,0.5677018633540373
0.2563891178895301,0.0989282769991756,0.07378400659521847,0.5708985985160758
0.2539223781998348,0.10156895127993394,0.07390586292320396,0.5706028075970272
0.2525709584533114,0.09913615795968737,0.07610037021801727,0.5721925133689839
0.25673994193280797,0.09290750725839901,0.07507258399004563,0.5752799668187474
0.25330578512396695,0.09173553719008265,0.07727272727272727,0.5776859504132231
0.2528830313014827,0.09472817133443164,0.0757825370675453,0.5766062602965404
0.25237898220935046,0.09515928837401738,0.07571369466280513,0.5767480347538271
0.24876237623762376,0.09694719471947194,0.07590759075907591,0.5783828382838284
0.24690849134377577,0.09686727122835943,0.0741962077493817,0.5820280296784831
0.24896779521056978,0.0953757225433526,0.07514450867052024,0.5805119735755574
0.250206440957886,0.09331131296449216,0.07473162675474815,0.5817506193228736
0.2512396694214876,0.0896694214876033,0.07272727272727272,0.5863636363636363
0.25411184210526316,0.09087171052631579,0.06990131578947369,0.5851151315789473
0.2518610421836228,0.09015715467328371,0.06906534325889165,0.5889164598842018
0.2528925619834711,0.08925619834710743,0.0652892561983471,0.5925619834710744
0.25041254125412543,0.08704620462046204,0.06641914191419142,0.5961221122112211
0.2514450867052023,0.08464079273327828,0.06647398843930635,0.597440132122213
0.24814814814814815,0.08806584362139917,0.06666666666666667,0.597119341563786
0.24647887323943662,0.08740679370339685,0.06586578293289147,0.600248550124275
0.2458609271523179,0.08899006622516556,0.06705298013245033,0.5980960264900662
0.24183546920214966,0.08722612649855312,0.06655642827614716,0.60438197602315
0.2411376751854905,0.0845012366034625,0.06801319043693323,0.6063478977741138
0.23909465020576132,0.0860082304526749,0.0654320987654321,0.6094650205761317
0.24136513157894737,0.08634868421052631,0.06866776315789473,0.6036184210526315
0.24057377049180328,0.08934426229508197,0.06680327868852459,0.6032786885245902
0.24092409240924093,0.091996699669967,0.06683168316831684,0.6002475247524752
0.24059528730880528,0.09177346010748243,0.06531624638280281,0.6023150062009095
0.2422360248447205,0.09026915113871635,0.06376811594202898,0.6037267080745342
0.24146441793500617,0.08967503085150144,0.06458247634718223,0.6042780748663101
0.24054276315789475,0.08799342105263158,0.06537828947368421,0.6060855263157895
0.2421875,0.08758223684210527,0.06620065789473684,0.6040296052631579
0.24062628759785742,0.08529048207663782,0.06592501030078286,0.6081582200247219
0.24099836333878888,0.08469721767594109,0.06955810147299508,0.6047463175122749
0.24116680361544782,0.08586688578471652,0.06820049301561217,0.6047658175842235
0.2407559572719803,0.08299096138044372,0.06984387838948233,0.6064092029580936
0.24099378881987576,0.08074534161490683,0.06749482401656315,0.6107660455486542
0.24378109452736318,0.08084577114427861,0.06467661691542288,0.6106965174129353
0.24391250515889393,0.08047874535699547,0.06479570780024763,0.610813041683863
0.24100868127325342,0.08350558081852005,0.06448945845390658,0.61099627945432
0.2372322899505766,0.08525535420098847,0.06342668863261944,0.6140856672158155
0.23838882038635428,0.08919030004110153,0.061241265926839296,0.6111796136457049
0.2376075378943056,0.08930766079475624,0.06267922982384269,0.6104055714870954
0.2369395310571781,0.08926367749897161,0.06622788975730153,0.6075689016865488
0.2396047756278304,0.08810209962947715,0.06504734458624949,0.6072457801564429
0.2365281777046483,0.08679555738379267,0.06622788975730153,0.6104483751542575
0.23972039473684212,0.08552631578947369,0.06455592105263158,0.6101973684210527
0.24145035022661723,0.08446641944787804,0.0630407911001236,0.6110424392253812
0.24554126918291166,0.0829531314807134,0.05848195769390294,0.613023641642472
0.24034511092851274,0.0838126540673788,0.0628594905505341,0.6129827444535744
0.24085491163173037,0.08466913275791205,0.06370735717221537,0.6107685984381422
0.24254966887417218,0.08236754966887418,0.06291390728476821,0.6121688741721855
0.24403292181069958,0.08148148148148149,0.06337448559670782,0.6111111111111112
0.24173553719008264,0.08099173553719008,0.06818181818181818,0.6090909090909091
0.2438118811881188,0.08292079207920793,0.06848184818481848,0.6047854785478548
0.24062628759785742,0.07828594973217964,0.07045735475896168,0.6106304079110012
0.2403292181069959,0.07860082304526748,0.07242798353909465,0.608641975308642
0.24190871369294606,0.07593360995850622,0.07053941908713693,0.6116182572614108
0.23823286540049546,0.07225433526011561,0.07720891824938067,0.6123038810900082
0.2393092105263158,0.0756578947368421,0.07524671052631579,0.6097861842105263
0.242986798679868,0.07673267326732673,0.07590759075907591,0.6043729372937293
0.24139361260887598,0.0742430526752385,0.07507258399004563,0.6092907507258399
0.2419753086419753,0.07448559670781893,0.07448559670781893,0.6090534979423868
0.24348904505994212,0.07482430756510955,0.07771806531624638,0.603968582058702
0.24021425628347753,0.07828594973217964,0.07663782447466007,0.6048619695096827
0.24177631578947367,0.07648026315789473,0.07689144736842106,0.6048519736842105
0.23844884488448845,0.07466996699669967,0.08127062706270627,0.6056105610561056
0.24026512013256007,0.0695940347970174,0.07870753935376967,0.6114333057166529
0.24236168455821636,0.0685383980181668,0.07679603633360858,0.6123038810900082
0.23884297520661157,0.06900826446280992,0.07727272727272727,0.6148760330578512
0.2364613476643241,0.0715171558495246,0.07647788342290203,0.6155436130632492
0.23493234932349324,0.06888068880688807,0.07749077490774908,0.6186961869618696
0.23689640940982254,0.06562113082955015,0.0771770532397854,0.620305406520842
0.23929159802306424,0.06383855024711697,0.07784184514003295,0.6190280065897859
0.23929159802306424,0.06301482701812192,0.07825370675453047,0.6194398682042833
0.23589954713874023,0.06175380815150268,0.07822149032523672,0.6241251543845204
0.2352455633512175,0.06066859265373504,0.07965332232769294,0.6244325216673545
0.23529411764705882,0.06252570958453312,0.07856849033319621,0.6236116824352118
0.23200329082682025,0.06499382969971206,0.07774578362813657,0.6252570958453312
0.22911497105045492,0.06658395368072788,0.0794044665012407,0.6248966087675765
0.2267106347897774,0.06553998351195384,0.08244023083264633,0.6253091508656224
0.22740404457284358,0.06479570780024763,0.08378043747420554,0.6240198101527032
0.2243801652892562,0.06446280991735537,0.08264462809917356,0.6285123966942149
0.22249589490968802,0.0665024630541872,0.0812807881773399,0.6297208538587848
0.22633744855967078,0.06790123456790123,0.08065843621399177,0.6251028806584362
0.23140495867768596,0.06859504132231405,0.07727272727272727,0.6227272727272727
0.22891072891072892,0.07002457002457002,0.07452907452907453,0.6265356265356266
0.22889072847682118,0.06746688741721854,0.07450331125827815,0.6291390728476821
0.2301980198019802,0.06641914191419142,0.07466996699669967,0.6287128712871287
0.23064250411861614,0.06754530477759473,0.07331136738056013,0.628500823723229
0.2304847986852917,0.06820049301561217,0.07559572719802794,0.6257189811010682
0.23414836303356817,0.06962287608785744,0.07459593866556154,0.6216328222130129
0.23371805441055235,0.06966199505358615,0.0754328112118714,0.6211871393239901
0.2318125770653514,0.07274969173859433,0.07685984381422113,0.6185778873818332
0.2276657060518732,0.07533964594483326,0.07822149032523672,0.6187731576780569
0.22548613984278032,0.07654116673562267,0.07695490277203144,0.6210177906495655
0.22405271828665568,0.07701812191103789,0.07866556836902801,0.6202635914332785
0.22911497105045492,0.076095947063689,0.07733664185277088,0.6174524400330852
0.22732868280672958,0.07591300779647107,0.07837505129257284,0.6183832581042266
0.2314967105263158,0.07853618421052631,0.07524671052631579,0.6147203947368421
0.22946058091286306,0.07759336099585062,0.07468879668049792,0.6182572614107884
0.23042230422304222,0.07380073800738007,0.07749077490774908,0.6182861828618286
0.23184818481848185,0.0721947194719472,0.07797029702970297,0.6179867986798679
0.23410404624277456,0.07060280759702725,0.07514450867052024,0.620148637489678
0.23495465787304204,0.06883759274525969,0.07666941467436109,0.6195383347073372
0.23570836785418392,0.06669428334714167,0.07705053852526926,0.6205468102734052
0.23556105610561057,0.06765676567656766,0.07384488448844885,0.6229372937293729
0.2362660057827344,0.06774060305658819,0.07269723254853366,0.6232961586121437
0.23678820155673905,0.06882425235559197,0.07619827939369112,0.6181892666939779
0.2367330016583748,0.06716417910447761,0.07379767827529021,0.6223051409618574
0.2376607216922439,0.06677727084197428,0.07341352136043136,0.6221484861053505
0.23833126807104502,0.06897976042957456,0.07311028500619579,0.6195786864931846
0.23766447368421054,0.06537828947368421,0.07113486842105263,0.6258223684210527
0.234375,0.0678453947368421,0.07195723684210527,0.6258223684210527
0.23206924979389942,0.06924979389942292,0.07378400659521847,0.6248969497114591
0.2322314049586777,0.06735537190082645,0.07272727272727272,0.6276859504132232
0.2330858085808581,0.06765676567656766,0.07178217821782178,0.6274752475247525
0.23251028806584362,0.06584362139917696,0.07448559670781893,0.6271604938271605
0.23636363636363636,0.06446280991735537,0.07355371900826446,0.6256198347107438
0.23709211069805866,0.06278397356464271,0.07558859975216853,0.6245353159851301
0.23351085620647274,0.06145022531749283,0.07906595657517411,0.6259729619008603
0.23352553542009885,0.060955518945634266,0.07784184514003295,0.627677100494234
0.236168455821635,0.06069364161849711,0.07308009909165979,0.630057803468208
0.23677685950413224,0.0615702479338843,0.07066115702479339,0.6309917355371901
0.23842687423187217,0.058172879967226546,0.07292093404342483,0.6304793117574764
0.24146441793500617,0.059234882764294526,0.07034142328259975,0.6289592760180995
0.24473792818819645,0.059017746595130004,0.0680973999174577,0.6281469252992159
0.24373201808466913,0.060008220304151254,0.06781750924784218,0.6284422523633374
0.24077911313717365,0.06423539162867799,0.06755076668048073,0.6274347285536677
0.2388245033112583,0.06374172185430464,0.0658112582781457,0.6316225165562914
0.24176276771004943,0.06589785831960461,0.06466227347611203,0.627677100494234
0.24188911704312116,0.0673511293634497,0.0673511293634497,0.6234086242299794
0.24693877551020407,0.06571428571428571,0.06571428571428571,0.6216326530612245
0.24451799751758377,0.06537029375258585,0.06454282167976831,0.6255688870500621
0.24590834697217676,0.06342062193126023,0.06423895253682488,0.6264320785597381
0.24517453798767966,0.0648870636550308,0.060369609856262836,0.6295687885010267
0.24525968672712284,0.06430338004946413,0.06265457543281121,0.6277823577906018
0.24351050679851668,0.06468891635764318,0.060156571899464356,0.6316440049443758
0.2458813838550247,0.06383855024711697,0.057660626029654036,0.6326194398682042
0.24588815789473684,0.0625,0.05797697368421053,0.6336348684210527
0.24495677233429394,0.062165500205846026,0.057225195553725815,0.6356525319061342
0.24473792818819645,0.06314486174164259,0.05695418902187371,0.6351630210482873
0.24122263527467988,0.06237092110698059,0.06030565881866997,0.6361007847996696
0.2451426209177346,0.058701942951632904,0.05911533691608103,0.6370400992145515
0.24609695973705834,0.05875102711585867,0.05875102711585867,0.6364009860312243
0.24711221122112212,0.05899339933993399,0.055693069306930694,0.6382013201320133
0.24713584288052373,0.062193126022913256,0.05564648117839607,0.6350245499181669
0.2513435303844564,0.0607689127738735,0.05332782141380736,0.6345597354278627
0.24948453608247423,0.05979381443298969,0.056082474226804124,0.634639175257732
0.2517482517482518,0.06252570958453312,0.055121349238996295,0.6306046894282188
0.25298231180584124,0.060468942821883996,0.055944055944055944,0.6306046894282188
0.25237113402061856,0.05814432989690722,0.05402061855670103,0.6354639175257732
0.2538238941711451,0.058701942951632904,0.052087639520463004,0.6353865233567589
0.25195232223592273,0.05959720509658857,0.05055487053020962,0.637895602137279
0.2583436341161928,0.057684384013185,0.04903172641120725,0.6349402554594149
0.2589249076733689,0.05867870332375872,0.05047189167008617,0.6319244973327862
0.2597187758478081,0.05831265508684864,0.051695616211745246,0.630272952853598
0.2626595306710581,0.06010703993412927,0.04981473857554549,0.6274186908192672
0.2587268993839836,0.06201232032854209,0.049281314168377825,0.6299794661190965
0.2564841498559078,0.06257719226018937,0.05187319884726225,0.6290654590366406
0.25607245780156446,0.06298888431453273,0.04981473857554549,0.6311239193083573
0.2598846787479407,0.06301482701812192,0.04654036243822076,0.6305601317957167
0.26108374384236455,0.0603448275862069,0.047619047619047616,0.6309523809523809
0.25967078189300413,0.06378600823045268,0.047325102880658436,0.6292181069958848
0.25854261012762453,0.062165500205846026,0.04940304652120214,0.6298888431453273
0.26078028747433263,0.06324435318275154,0.049281314168377825,0.626694045174538
0.2602627257799672,0.06280788177339902,0.05008210180623974,0.6268472906403941
0.2599917593737124,0.06221672847136382,0.049855789039967034,0.6279357231149567
0.2579185520361991,0.06458247634718223,0.05306458247634718,0.6244343891402715
0.2599337748344371,0.06291390728476821,0.05256622516556291,0.6245860927152318
0.26274671052631576,0.06455592105263158,0.05057565789473684,0.6221217105263158
0.2623355263157895,0.06578947368421052,0.05098684210526316,0.6208881578947368
0.2606010703993413,0.06381226842321944,0.051461506792918894,0.6241251543845204
0.2604037906880923,0.06262875978574371,0.0519159456118665,0.6250515039142975
0.2566625666256663,0.06519065190651907,0.052070520705207055,0.6260762607626076
0.2554865424430642,0.06749482401656315,0.05010351966873706,0.6269151138716356
0.2507204610951009,0.069164265129683,0.04940304652120214,0.630712227254014
0.2507204610951009,0.069164265129683,0.04940304652120214,0.630712227254014
0.24773662551440329,0.06707818930041153,0.048559670781893,0.6366255144032922
0.2466091245376079,0.07028360049321825,0.048910809699958896,0.6341964652692149
0.24362139917695474,0.07242798353909465,0.04814814814814815,0.6358024691358025
0.24190241902419024,0.07298072980729807,0.04920049200492005,0.6359163591635917
0.24451799751758377,0.07281754240794373,0.048820852296235,0.6338436077782375
0.2448559670781893,0.07407407407407407,0.050205761316872426,0.6308641975308642
0.24444444444444444,0.0757201646090535,0.050617283950617285,0.6292181069958848
0.2439325380501851,0.07692307692307693,0.05141916906622789,0.6277252159605101
0.24183546920214966,0.07771806531624638,0.05084745762711865,0.6295990078544853
0.24146441793500617,0.07939119703825587,0.05183052241875771,0.6273138626079803
0.24383223684210525,0.078125,0.05180921052631579,0.626233552631579
0.2441430332922318,0.07685984381422113,0.05425400739827373,0.6247431154952733
0.24620434961017645,0.07796471070988921,0.053344275748871565,0.6224866639310628
0.2404123711340206,0.07958762886597938,0.053195876288659794,0.6268041237113402
