C,D,Oc,Od
1.0,0.0,0.0,0.0
0.75,0.25,0.0,0.0
0.875,0.125,0.0,0.0
0.7692307692307693,0.23076923076923078,0.0,0.0
0.6666666666666666,0.23809523809523808,0.0,0.09523809523809523
0.6216216216216216,0.24324324324324326,0.05405405405405406,0.08108108108108109
0.58,0.3,0.02,0.1
0.6351351351351351,0.24324324324324326,0.02702702702702703,0.0945945945945946
0.6276595744680851,0.24468085106382978,0.02127659574468085,0.10638297872340426
0.608,0.248,0.024,0.12
0.5935483870967742,0.25161290322580643,0.04516129032258064,0.10967741935483871
0.5968586387434555,0.24607329842931938,0.04712041884816754,0.1099476439790576
0.6050420168067226,0.25630252100840334,0.037815126050420166,0.10084033613445378
0.6153846153846154,0.2467948717948718,0.041666666666666664,0.09615384615384616
0.6225895316804407,0.2396694214876033,0.049586776859504134,0.0881542699724518
0.62004662004662,0.23776223776223776,0.06293706293706294,0.07925407925407925
0.6235059760956175,0.2250996015936255,0.0697211155378486,0.08167330677290836
0.6183333333333333,0.21333333333333335,0.08,0.08833333333333333
0.6237623762376238,0.18953323903818953,0.10183875530410184,0.08486562942008487
0.625154130702836,0.18372379778051787,0.11220715166461159,0.07891491985203453
0.6102620087336245,0.18668122270742357,0.11244541484716157,0.0906113537117904
0.5850540806293019,0.19862340216322516,0.12389380530973451,0.09242871189773845
0.5854092526690391,0.19128113879003558,0.13256227758007116,0.09074733096085409
0.5725741780272654,0.19246190858059342,0.136327185244587,0.09863672814755413
0.5731254639940608,0.18188567186340016,0.14402375649591687,0.10096510764662213
0.5727023319615913,0.17901234567901234,0.1440329218106996,0.10425240054869685
0.5637540453074433,0.1779935275080906,0.15210355987055016,0.10614886731391586
0.5469512195121952,0.17804878048780487,0.16219512195121952,0.11280487804878049
0.5481313703284258,0.17440543601359004,0.1664779161947905,0.11098527746319366
0.5421166306695464,0.17494600431965443,0.1722462203023758,0.11069114470842333
0.5373904074265085,0.16451779267663744,0.1784424961320268,0.11964930376482723
0.5238334169593577,0.1620672353236327,0.19417962870045158,0.11991971901655796
0.5264423076923077,0.15721153846153846,0.19615384615384615,0.1201923076923077
0.5224849327770051,0.15948076031525266,0.1979601298099212,0.12007417709782105
0.5228426395939086,0.16059067835717583,0.19520073834794646,0.12136594370096908
0.5184847101780009,0.16339570972158832,0.20036513007759013,0.11775445002282063
0.5218360071301248,0.1590909090909091,0.1983065953654189,0.12076648841354724
0.5259391771019678,0.1605545617173524,0.19633273703041146,0.11717352415026834
0.5258999122036875,0.1584723441615452,0.19271290605794555,0.12291483757682177
0.517960088691796,0.15654101995565411,0.20221729490022172,0.12328159645232815
0.526595744680851,0.14893617021276595,0.1981382978723404,0.12632978723404256
0.528159645232816,0.14900221729490024,0.19068736141906872,0.13215077605321507
0.5237672145713016,0.14660151043980454,0.1928031985784096,0.13682807641048422
0.521797153024911,0.14635231316725977,0.1943950177935943,0.13745551601423486
0.5237885462555066,0.1458149779735683,0.19339207048458149,0.1370044052863436
0.5150575730735164,0.15766164747564215,0.19309123117803365,0.1341895482728078
0.5245683930942895,0.15050907481186365,0.18592297476759628,0.13899955732625055
0.5188804975566415,0.14882274544646823,0.19102621057307864,0.14127054642381165
0.5233022636484687,0.14957833999112294,0.18863737239236572,0.1384820239680426
0.5240405822673136,0.14247904719894133,0.1879135421261579,0.1455668284075871
0.5205959684487291,0.1481156879929886,0.18404907975460122,0.147239263803681
0.5101590106007067,0.15326855123674912,0.18595406360424027,0.15061837455830387
0.516614975631369,0.15197164377492248,0.18741692512184316,0.14399645547186532
0.5113383726100489,0.15073365940417963,0.187638950644731,0.15028901734104047
0.5048543689320388,0.15225066195939982,0.18887908208296558,0.15401588702559577
0.5077536552946389,0.1484271156402304,0.18564466105449712,0.1581745680106336
0.5029082774049217,0.14809843400447428,0.1906040268456376,0.15838926174496645
0.49889527176314624,0.14980114891736632,0.18957136544410075,0.16173221387538667
0.5,0.14577777777777778,0.19155555555555556,0.16266666666666665
0.49467613132209404,0.14995563442768411,0.19387755102040816,0.16149068322981366
0.4928888888888889,0.148,0.19155555555555556,0.16755555555555557
0.4918032786885246,0.14532565352237484,0.19672131147540983,0.16614975631369075
0.48560035445281347,0.1479840496233939,0.1945059813912273,0.17190961453256534
0.4826666666666667,0.15066666666666667,0.19466666666666665,0.172
0.4819542253521127,0.15184859154929578,0.19058098591549297,0.1756161971830986
0.4833407374500222,0.15237672145713016,0.18302976454908929,0.18125277654375832
0.48779405237461165,0.15312916111850866,0.1810918774966711,0.1779849090102086
0.4864142538975501,0.155456570155902,0.17817371937639198,0.1799554565701559
0.48833113166006165,0.15323645970937913,0.18273888154997797,0.17569352708058125
0.4904571682201509,0.1513537505548158,0.1744340878828229,0.18375499334221038
0.4823896567097637,0.1591618368256799,0.17744092732946945,0.18100757913508694
0.4768270944741533,0.15953654188948307,0.17959001782531195,0.1840463458110517
0.4767596281540505,0.16290393979637008,0.183709606020363,0.17662682602921648
0.4796819787985866,0.16166077738515902,0.18286219081272084,0.17579505300353357
0.4722100656455142,0.16061269146608315,0.18905908096280089,0.17811816192560176
0.47139689578713967,0.16008869179600888,0.18669623059866963,0.18181818181818182
0.4796819787985866,0.15680212014134276,0.18330388692579505,0.18021201413427562
0.4779706275033378,0.15398308856252782,0.1829105473965287,0.1851357365376057
0.47914818101153506,0.1526175687666371,0.1805678793256433,0.18766637089618457
0.4753223654957759,0.15384615384615385,0.1809693196976434,0.18986216096042685
0.4825268817204301,0.15412186379928317,0.17831541218637992,0.18503584229390682
0.4859563085153812,0.15202853321444493,0.17476593847525634,0.18724921979491752
0.48523578669017187,0.1507271925958572,0.17320405464962538,0.19083296606434552
0.4848351648351648,0.15076923076923077,0.17054945054945056,0.19384615384615383
0.4930834448906738,0.1499330655957162,0.1677822400713967,0.1892012494422133
0.49714285714285716,0.14725274725274726,0.16791208791208792,0.18769230769230769
0.48811619718309857,0.144806338028169,0.1742957746478873,0.19278169014084506
0.4833555259653795,0.14647137150466044,0.1744340878828229,0.19573901464713714
0.4838137472283814,0.14944567627494457,0.17073170731707318,0.1960088691796009
0.4849290780141844,0.14893617021276595,0.16888297872340424,0.1972517730496454
0.4859154929577465,0.1500880281690141,0.16725352112676056,0.19674295774647887
0.4899122807017544,0.14692982456140352,0.16271929824561404,0.20043859649122808
0.48463564530289727,0.14749780509218613,0.16286215978928886,0.20500438981562774
0.4807436918990704,0.14741035856573706,0.16600265604249667,0.2058432934926959
0.4757670075589151,0.14584259670964872,0.16585148955091153,0.21253890618052468
0.47283085013146364,0.1481156879929886,0.16257668711656442,0.21647677475898336
0.4749560632688928,0.14762741652021089,0.15905096660808435,0.21836555360281196
0.4756685664182376,0.1451117930732135,0.16571679088119246,0.2135028496273564
0.4712845243314336,0.1433581762384919,0.16834721613327489,0.21701008329679966
0.4745011086474501,0.14412416851441243,0.16541019955654102,0.21596452328159646
0.4869872077635642,0.141155712395236,0.16100573445081606,0.21085134539038378
0.4831858407079646,0.13893805309734514,0.16283185840707964,0.2150442477876106
0.4804096170970614,0.14470169189670526,0.16295636687444345,0.21193232413178986
0.48475475033141846,0.14007954043305346,0.16084843128590368,0.21431727794962438
0.4865951742627346,0.14164432529043788,0.1577301161751564,0.21403038427167115
0.4899508709245199,0.14292094685127288,0.1527467619472979,0.21438142027690935
0.4922737306843267,0.14437086092715232,0.15364238410596026,0.2097130242825607
0.49382716049382713,0.1437389770723104,0.15035273368606702,0.21208112874779542
0.49600709849157054,0.14241348713398402,0.14596273291925466,0.21561668145519078
0.48830022075055185,0.14746136865342163,0.1487858719646799,0.21545253863134659
0.48455428067078554,0.146954986760812,0.14872021182700795,0.21977052074139453
0.4851044908848377,0.14539795464650956,0.14406402845709204,0.2254335260115607
0.48478164975738863,0.14424349360388178,0.145125716806352,0.2258491398323776
0.48584070796460177,0.13982300884955753,0.15398230088495576,0.22035398230088496
0.49094122845779936,0.14317277949624393,0.14626601855943439,0.21961997348652232
0.49262405006705406,0.1430487259722843,0.1479660259275816,0.21636119803308002
0.48255813953488375,0.14579606440071557,0.14713774597495527,0.22450805008944544
0.47494456762749443,0.13569844789356986,0.14900221729490024,0.24035476718403548
0.46970367094206106,0.13622291021671826,0.1525873507297656,0.24148606811145512
0.4647887323943662,0.1382042253521127,0.15536971830985916,0.24163732394366197
0.4734982332155477,0.13780918727915195,0.15106007067137808,0.23763250883392226
0.47629499561018435,0.1369622475856014,0.1479367866549605,0.23880597014925373
0.4798747763864043,0.13729874776386405,0.1449016100178891,0.23792486583184258
0.4801958166444148,0.1348464619492657,0.14463729417000445,0.24032042723631508
0.48278905560458957,0.13327449249779347,0.14298323036187113,0.2409532215357458
0.48168007149240394,0.13315460232350312,0.14432529043789097,0.24084003574620197
0.4757454383622608,0.1326212728081887,0.14864263462394303,0.24299065420560748
0.47899910634495085,0.13181411974977658,0.14700625558534405,0.2421805183199285
0.4726148409893993,0.1333922261484099,0.14796819787985865,0.24602473498233215
0.47591943957968474,0.13266199649737304,0.14798598949211908,0.2434325744308231
0.4768416409351566,0.1301279223643582,0.1446846052051169,0.24834583149536832
0.47659010600706714,0.13074204946996468,0.14796819787985865,0.24469964664310953
0.4839701361440492,0.13131313131313133,0.1458058849363197,0.23891084760649978
0.48619768477292963,0.13134461264470168,0.15093499554764025,0.2315227070347284
0.48169386854874285,0.1310101455668284,0.1513012792236436,0.23599470666078518
0.48079470198675495,0.1315673289183223,0.15496688741721854,0.2326710816777042
0.4856891237340379,0.12857771906649054,0.15103478643769264,0.23469837076177896
0.48123620309050774,0.1271523178807947,0.1576158940397351,0.23399558498896247
0.48051372896368466,0.1275465013286094,0.15766164747564215,0.23427812223206376
0.4817902588854761,0.12637121544537078,0.1553312856516016,0.23650724001755155
0.4793315743183817,0.13060686015831136,0.15391380826737028,0.23614775725593667
0.4776315789473684,0.12894736842105264,0.15263157894736842,0.24078947368421053
0.47058823529411764,0.13268465280849182,0.1525873507297656,0.24413976116762495
0.4752650176678445,0.12941696113074205,0.15326855123674912,0.2420494699646643
0.4739858906525573,0.12742504409171077,0.15079365079365079,0.24779541446208111
0.4756637168141593,0.12964601769911505,0.14734513274336283,0.24734513274336284
0.4761273209549072,0.13085764809902742,0.14500442086648982,0.2480106100795756
0.48224462954844366,0.12669881630863655,0.14116615519508988,0.2498903989478299
0.482316534040672,0.13085764809902742,0.13837312113174183,0.2484526967285588
0.48998664886515353,0.13351134846461948,0.1330663106364041,0.24343569203382287
0.4973474801061008,0.1304155614500442,0.13262599469496023,0.2396109637488948
0.4986725663716814,0.12920353982300886,0.13097345132743363,0.2411504424778761
0.5044130626654898,0.12709620476610767,0.13062665489849956,0.23786407766990292
0.5008802816901409,0.125,0.13556338028169015,0.238556338028169
0.49822380106571934,0.12566607460035523,0.1372113676731794,0.238898756660746
0.4957983193277311,0.12560813799203893,0.13666519239274658,0.2419283502874834
0.49034240561896403,0.1273046532045654,0.13740122914837577,0.24495171202809482
0.482773851590106,0.12411660777385158,0.14090106007067138,0.25220848056537104
0.47994711326575584,0.125165271044513,0.14014984574702513,0.254737769942706
0.484381874175099,0.12450505939287286,0.13770347558293006,0.2534095908490981
0.48851590106007065,0.12190812720848057,0.13604240282685512,0.25353356890459366
0.48822745446468235,0.12438916037316748,0.13238560639715682,0.25499777876499335
0.4886561954624782,0.1212914485165794,0.13481675392670156,0.25523560209424084
0.4951923076923077,0.12237762237762238,0.1354895104895105,0.24694055944055945
0.49669457910973996,0.125605993829881,0.125605993829881,0.25209343323049804
0.49648197009674583,0.12357080035180298,0.12225153913808268,0.25769569041336854
0.4973614775725594,0.1218117854001759,0.12137203166226913,0.2594547053649956
0.5004436557231589,0.12111801242236025,0.11756876663708962,0.2608695652173913
0.4982425307557118,0.12126537785588752,0.11379613356766256,0.2666959578207381
0.49601417183348095,0.12400354295837024,0.11558901682905226,0.26439326837909655
0.48793330408073715,0.12724879333040806,0.12022817025010969,0.26458973233874505
0.4902826855123675,0.127208480565371,0.11837455830388692,0.26413427561837455
0.4904825143868969,0.1279327135900841,0.11243913235945109,0.26914563966356797
0.48523578669017187,0.13001322168356105,0.1123843102688409,0.2723666813574262
0.4820333041191937,0.12971078001752848,0.11218229623137599,0.27607361963190186
0.4783950617283951,0.13227513227513227,0.11375661375661375,0.27557319223985893
0.47491197183098594,0.1324823943661972,0.11443661971830986,0.27816901408450706
0.4796854521625164,0.1345565749235474,0.11577107907383137,0.2699868938401048
0.4845679012345679,0.12610229276895943,0.11507936507936507,0.2742504409171076
0.490325417766051,0.12313104661389622,0.11961301671064203,0.2669305189094107
0.48192239858906527,0.12654320987654322,0.11948853615520282,0.27204585537918874
0.48151408450704225,0.125,0.1192781690140845,0.27420774647887325
0.48023100844069305,0.12039093736117282,0.12083518436250555,0.2785428698356286
0.480658070253446,0.11827478879502001,0.12227656736327257,0.2787905735882614
0.4762323943661972,0.11883802816901408,0.12588028169014084,0.2790492957746479
0.47450805008944547,0.12164579606440072,0.129695885509839,0.27415026833631484
0.47703180212014135,0.11793286219081273,0.12588339222614842,0.2791519434628975
0.4772023019034971,0.11465250110668437,0.12129260734838423,0.2868525896414343
0.47471162377994675,0.11180124223602485,0.12289263531499556,0.2905944986690328
0.47074468085106386,0.1099290780141844,0.12455673758865249,0.29476950354609927
0.4652989960715845,0.11348756001745962,0.12527280663465734,0.29594063727629855
0.458719646799117,0.1196467991169978,0.12317880794701987,0.29845474613686535
0.45844385499557916,0.12157382847038019,0.1246684350132626,0.2953138815207781
0.45977011494252873,0.11936339522546419,0.12157382847038019,0.29929266136162685
0.4637938693913816,0.11861394935584185,0.11505997334517992,0.3025322079075966
0.4594476106970627,0.1192459447610697,0.11398509425690487,0.3073213502849627
0.4618101545253863,0.11743929359823399,0.11390728476821192,0.3068432671081678
0.45991189427312773,0.11409691629955947,0.11762114537444934,0.30837004405286345
0.4526640246587406,0.11580801409070894,0.11933069132540731,0.31219726992514313
0.45511111111111113,0.11688888888888889,0.1111111111111111,0.3168888888888889
0.45474711623779945,0.11934338952972494,0.11490683229813664,0.31100266193433895
0.4536219081272085,0.12279151943462897,0.10909893992932862,0.31448763250883394
0.45422222222222225,0.11688888888888889,0.11066666666666666,0.31822222222222224
0.4552736982643525,0.12372051624388072,0.11170449488206498,0.30930129060970185
0.46003552397868563,0.12566607460035523,0.108348134991119,0.30595026642984013
0.45686619718309857,0.12852112676056338,0.10695422535211267,0.3076584507042254
0.4539795464650956,0.12583370386838594,0.11293908403734994,0.3072476656291685
0.45155633494081543,0.1297676457693994,0.11091626479614204,0.3077597544936431
0.44747252747252747,0.130989010989011,0.11428571428571428,0.30725274725274726
0.4473684210526316,0.12894736842105264,0.11666666666666667,0.30701754385964913
0.4502411223147742,0.1297676457693994,0.1179307321350285,0.3020604997807979
0.4490516100573445,0.12880458756065286,0.1133656815174239,0.30877812086457873
0.45635799734160387,0.13026140894993354,0.10899424014178112,0.3043863535666814
0.4586794927853083,0.13073895933537386,0.11062527328377787,0.29995627459554003
0.4668141592920354,0.1261061946902655,0.10575221238938053,0.3013274336283186
0.47178130511463845,0.12610229276895943,0.09964726631393298,0.30246913580246915
0.4709251101321586,0.126431718061674,0.09691629955947137,0.30572687224669604
0.4712340799297321,0.12428634167764603,0.09442248572683355,0.3100570926657883
0.47168141592920354,0.12433628318584071,0.09424778761061947,0.30973451327433627
0.46936976641692374,0.12428382547377699,0.09519612163948876,0.31115028646981047
0.46765734265734266,0.1215034965034965,0.09571678321678322,0.3151223776223776
0.4576048951048951,0.12062937062937062,0.10358391608391608,0.3181818181818182
0.46248354541465553,0.11803422553751645,0.10355419043440105,0.31592803861342694
0.4620780359491451,0.12012275317843052,0.09995615957913195,0.31784305129329243
0.4524229074889868,0.12070484581497798,0.10308370044052863,0.3237885462555066
0.4515138218516893,0.11584028082492322,0.10530934620447564,0.3273365511189118
0.44765659220324133,0.11651335961454228,0.10819097678493211,0.32763907139728426
0.4496910856134157,0.11959399823477493,0.10370697263901148,0.3270079435127979
0.4529049295774648,0.11795774647887323,0.10299295774647887,0.3261443661971831
0.44336712208021156,0.12031732040546496,0.10312913177611283,0.33318642573821067
0.44916003536693194,0.1184792219274978,0.10123784261715296,0.3311229000884173
0.4541019955654102,0.11929046563192905,0.09933481152993348,0.32727272727272727
0.4611671785870996,0.11627906976744186,0.09697235629662132,0.32558139534883723
0.4634794156706507,0.1133244798583444,0.10092961487383798,0.32226648959716686
0.45798868088811495,0.11536787113626469,0.10056595559425337,0.326077492381367
0.4620505992010652,0.11540168664003551,0.10075454948956947,0.3217931646693298
0.4580759046778464,0.1204766107678729,0.0997352162400706,0.32171226831421007
0.4594953519256308,0.11420982735723771,0.10801239486498451,0.31828242585214694
0.44871794871794873,0.11361626878868258,0.10742705570291777,0.3302387267904509
0.4561637739207833,0.11481975967957277,0.1045838896306186,0.32443257676902537
0.4584259670964873,0.11427301022676745,0.10893730546909737,0.31836371720764783
0.4594594594594595,0.11564023039432876,0.10943730615861763,0.31546300398759414
0.4516982796647552,0.11468901632112924,0.11160123511248346,0.3220114689016321
0.44642063139172966,0.1151622943530458,0.11249444197421075,0.32592263228101376
0.44273804300131636,0.11232996928477403,0.11364633611232997,0.33128565160157963
0.44008810572687224,0.1171806167400881,0.11145374449339207,0.3312775330396476
0.4441489361702128,0.11303191489361702,0.1125886524822695,0.33023049645390073
0.442838370565046,0.11695137976346912,0.1116951379763469,0.328515111695138
0.4442970822281167,0.1229000884173298,0.11007957559681697,0.32272325375773653
0.4430604982206406,0.12188612099644128,0.11699288256227758,0.3180604982206406
0.4437609841827768,0.12214411247803164,0.11775043936731107,0.3163444639718805
0.44129201222173725,0.12352684417285029,0.11479703186381493,0.32038411174159753
0.43478260869565216,0.12999112688553682,0.11535048802129548,0.3198757763975155
0.43251670378619156,0.12694877505567928,0.110913140311804,0.32962138084632514
0.4372523117569353,0.12461470717745486,0.10523998238661382,0.332892998678996
0.4301454385191714,0.127368884971353,0.10753635962979285,0.33494931687968266
0.4285085789705235,0.1271447426308843,0.10558732952045755,0.33875934887813464
0.4270509977827051,0.1188470066518847,0.10554323725055433,0.3485587583148559
0.4289485261768588,0.11878574571051474,0.10250769907611086,0.3497580290365156
0.4172504378283713,0.12171628721541156,0.10683012259194395,0.3542031523642732
0.4192256341789052,0.1268357810413885,0.10769915442812639,0.3462394303515799
0.4148936170212766,0.12588652482269502,0.1099290780141844,0.34929078014184395
0.41362422083704364,0.13045414069456812,0.10908281389136243,0.3468388245770258
0.41633377718597425,0.12383488681757657,0.10963160230803373,0.35019973368841545
0.4166666666666667,0.12105263157894737,0.10877192982456141,0.35350877192982455
0.4138386954605553,0.12075804319083297,0.10929925077126487,0.35610401057734686
0.4075221238938053,0.12256637168141593,0.1075221238938053,0.36238938053097347
0.4111358574610245,0.1220489977728285,0.10824053452115813,0.3585746102449889
0.4037433155080214,0.11942959001782531,0.10650623885918004,0.37032085561497324
0.4077498899163364,0.11580801409070894,0.10568031704095113,0.3707617789520035
0.40686922060766184,0.11668868339938353,0.10171730515191546,0.3747247908410392
0.4059449866903283,0.12156166814551908,0.09760425909494233,0.3748890860692103
0.4043497558810475,0.12028406569019086,0.09631602308033733,0.37905015534842434
0.4041519434628975,0.11925795053003534,0.09496466431095406,0.38162544169611307
0.40618101545253865,0.11390728476821192,0.09580573951434879,0.3841059602649007
0.4065544729849424,0.11647475642161205,0.09743135518157661,0.3795394154118689
0.4033391915641476,0.11599297012302284,0.10017574692442882,0.3804920913884007
0.4078310602727673,0.11482622085349758,0.10206775186977562,0.3752749670039595
0.40407620735489586,0.1129818342933097,0.10456357997341603,0.3783783783783784
0.39761167624944715,0.1096859796550199,0.10482087571870853,0.3878814683768244
0.3958333333333333,0.10460992907801418,0.10593971631205673,0.39361702127659576
0.38376220053238685,0.1095829636202307,0.10248447204968944,0.404170363797693
0.3815155497152869,0.11388523872098116,0.10162067455102934,0.4029785370127026
0.3815261044176707,0.11601963409192324,0.10129406514948684,0.4011601963409192
0.38000880669308673,0.11096433289299867,0.10568031704095113,0.40334654337296344
0.37599645704162976,0.11381753764393268,0.10318866253321524,0.4069973427812223
0.37261852015950375,0.1178555604785113,0.1023482498892335,0.4071776694727514
0.3759431868619618,0.11895250776742122,0.10252996005326231,0.40257434531735464
0.3851917144116351,0.11546936976641692,0.09960334949316879,0.3997355663287792
0.37644959857270294,0.12042818911685994,0.0967885816235504,0.4063336306868867
0.3793256433007986,0.11668145519077196,0.09849157054125998,0.40550133096716945
0.3842058562555457,0.11135758651286602,0.10292812777284827,0.40150842945874
0.38903508771929823,0.1074561403508772,0.1013157894736842,0.4021929824561403
0.39578762615182095,0.10443176831943835,0.10092145677928917,0.3988591487494515
0.3978021978021978,0.10329670329670329,0.09934065934065935,0.3995604395604396
0.39727232732072154,0.10206775186977562,0.10030796304443466,0.4003519577650682
0.3924050632911392,0.09908336970755129,0.10344827586206896,0.4050632911392405
0.3842429577464789,0.10255281690140845,0.09991197183098592,0.41329225352112675
0.38309982486865146,0.09851138353765324,0.10245183887915937,0.4159369527145359
0.3858093126385809,0.10199556541019955,0.09889135254988914,0.4133037694013304
0.3750554815801154,0.10741233910341766,0.10075454948956947,0.4167776298268975
0.38080495356037153,0.1017249004865104,0.09995577178239717,0.4175143741707209
0.38095238095238093,0.10102358700489542,0.09968847352024922,0.4183355585224744
0.3695652173913043,0.1002661934338953,0.10292812777284827,0.4272404614019521
0.36243966652040366,0.10223782360684511,0.10618692408951294,0.42913558578323824
0.3625110521662246,0.10079575596816977,0.11052166224580018,0.4261715296198055
0.36675461741424803,0.10510114335971855,0.10378188214599825,0.42436235708003517
0.37312775330396475,0.10176211453744494,0.10176211453744494,0.4233480176211454
0.37351517817861857,0.10338759348878135,0.1007479102507699,0.4223493180818302
0.37572254335260113,0.09782125389061805,0.09693196976433971,0.4295242329924411
0.3664021164021164,0.0992063492063492,0.10229276895943562,0.43209876543209874
0.3699956005279367,0.10382754069511659,0.09942806863176419,0.4267487901451826
0.3723309608540925,0.10186832740213524,0.09786476868327403,0.4279359430604982
0.36876929863255403,0.0992501102779003,0.10145566828407587,0.4305249228054698
0.37030490499337165,0.103844454264251,0.10075121520106053,0.42509942554131686
0.3681636282792352,0.10137839039573143,0.10315695864828812,0.42730102267674525
0.3644777434993389,0.10401057734684883,0.10489202291758484,0.42661965623622744
0.3676081200353045,0.10503089143865843,0.10635481023830538,0.4210061782877317
0.36012433392539966,0.10479573712255773,0.10435168738898756,0.43072824156305506
0.3609022556390977,0.10614772224679346,0.10659000442282177,0.42636001769128706
0.35389326334208226,0.1089238845144357,0.1062992125984252,0.4308836395450569
0.35500878734622143,0.10588752196836555,0.109402460456942,0.429701230228471
0.35442477876106193,0.10221238938053097,0.10619469026548672,0.43716814159292033
0.3567950420540062,0.10048694112439133,0.10579902611775122,0.43691899070385126
0.3522479266695766,0.09908336970755129,0.10781318201658664,0.44085552160628544
0.35830048182216384,0.10162067455102934,0.10337275514673674,0.4367060884800701
0.3648351648351648,0.09582417582417582,0.10593406593406593,0.43340659340659343
0.3672116659301812,0.10075121520106053,0.10693769332744145,0.42509942554131686
0.3590648434053816,0.10189677988531098,0.10542567269519189,0.43361270401411556
0.3648767605633803,0.09991197183098592,0.1056338028169014,0.4295774647887324
0.3611357586512866,0.10248447204968944,0.10425909494232476,0.4321206743566992
0.37020713970912295,0.10136624063464081,0.10489202291758484,0.4235345967386514
0.36251649802023755,0.10250769907611086,0.10426748790145182,0.43070831500219975
0.36190053285968027,0.09857904085257549,0.09857904085257549,0.44094138543516875
0.36040834442964936,0.10252996005326231,0.0985352862849534,0.43852640923213493
0.35615829257447756,0.10226767452200979,0.10271231658514896,0.43886171631836374
0.35802469135802467,0.10008818342151675,0.10185185185185185,0.4400352733686067
0.34630694383016364,0.09951348960636887,0.11012826183104821,0.44405130473241927
0.3573639982308713,0.10039805395842548,0.11322423706324636,0.42901371074745687
0.3591765221200175,0.1038107752956636,0.10819097678493211,0.42882172579938677
0.3578021978021978,0.10637362637362638,0.10505494505494506,0.4307692307692308
0.35553595059550064,0.10189677988531098,0.10763123070136744,0.4349360388178209
0.35439681838267784,0.1034025629695095,0.10649580203269995,0.4357048166151127
0.3586329338659565,0.10341766533510874,0.09809143364403018,0.43985796715490455
0.35956043956043954,0.10197802197802198,0.09846153846153846,0.44
0.3548672566371681,0.10442477876106195,0.09646017699115045,0.44424778761061945
0.34746136865342164,0.10728476821192053,0.09403973509933775,0.4512141280353201
0.3532272325375774,0.10610079575596817,0.09151193633952255,0.44916003536693194
0.3496257155438133,0.10391897842360194,0.08982826948480846,0.4566270365477763
0.3517454706142289,0.10605391073795846,0.08837825894829872,0.4538223596995139
0.3592576226248343,0.1042863455589925,0.0897039328325232,0.44675209898365004
0.3628747795414462,0.10449735449735449,0.08862433862433862,0.44400352733686066
0.36295971978984237,0.1042031523642732,0.08800350262697022,0.4448336252189142
0.358348134991119,0.10568383658969804,0.0852575488454707,0.45071047957371224
0.3527080581241744,0.10435931307793923,0.08894760017613386,0.45398502862175255
0.3562610229276896,0.09788359788359788,0.08641975308641975,0.45943562610229277
0.3533303925893251,0.0992501102779003,0.08557565063961182,0.4618438464931628
0.3516143299425033,0.09730207872622733,0.08624502432551968,0.46483856700574966
0.35135135135135137,0.09968985378821445,0.08861320336730173,0.4603455914931325
0.34494927216585797,0.10101455668284076,0.09219232465813851,0.4618438464931628
0.3469837076177895,0.10171730515191546,0.09114927344782034,0.46014971378247466
0.3528376594808623,0.09678838539375274,0.09194896612406511,0.45842498900131984
0.34656084656084657,0.1027336860670194,0.09435626102292768,0.45634920634920634
0.3494293239683933,0.10316066725197541,0.09350307287093942,0.45390693590869186
0.3500439753737907,0.10026385224274406,0.09410729991204925,0.455584872471416
0.3498452012383901,0.09907120743034056,0.0946483856700575,0.4564352056612119
0.3448577680525164,0.10065645514223195,0.0936542669584245,0.46083150984682714
0.35110132158590307,0.0973568281938326,0.09823788546255506,0.45330396475770923
0.3412698412698413,0.09788359788359788,0.09656084656084656,0.4642857142857143
0.3363754889178618,0.10473707083876575,0.09343763581051717,0.4654498044328553
0.3368513632365875,0.10202286719437115,0.09718557607739665,0.46394019349164467
0.33761630482941957,0.10279131590607,0.09570225963668587,0.46389011962782456
0.33887915936952717,0.10070052539404553,0.09369527145359019,0.46672504378283713
0.33260297984224363,0.10604732690622261,0.09114811568799298,0.47020157756354075
0.33318623124448365,0.10458958517210945,0.0939982347749338,0.46822594880847307
0.3337777777777778,0.10044444444444445,0.1,0.4657777777777778
0.3373015873015873,0.09656084656084656,0.10052910052910052,0.4656084656084656
0.3407079646017699,0.1,0.09823008849557523,0.46106194690265484
0.3401511783014673,0.09826589595375723,0.09782125389061805,0.4637616718541574
0.33858957512045557,0.09592641261498029,0.09986859395532194,0.46561541830924225
0.33968957871396893,0.09667405764966741,0.09312638580931264,0.470509977827051
0.33407473309608543,0.09697508896797152,0.09786476868327403,0.47108540925266906
0.33629893238434166,0.09297153024911033,0.0947508896797153,0.47597864768683273
0.3394656154183092,0.09636443276390715,0.09592641261498029,0.4682435392028033
0.3389830508474576,0.09589652096342552,0.09634255129348795,0.4687778768956289
0.3422459893048128,0.0962566844919786,0.09714795008912656,0.464349376114082
0.33436259373621524,0.09483899426554919,0.09483899426554919,0.47595941773268635
0.3348076072534277,0.0950906678460858,0.09641751437417072,0.47368421052631576
0.3374722838137472,0.09977827050997783,0.09090909090909091,0.47184035476718406
0.34216335540838855,0.09492273730684327,0.09271523178807947,0.47019867549668876
0.33465608465608465,0.09435626102292768,0.09303350970017636,0.47795414462081126
0.34398579671549046,0.09409675987572126,0.0954283177984909,0.4664891256102974
0.34245366284201234,0.09135039717563989,0.09929390997352162,0.46690203000882613
0.3393248575186322,0.0920648838228847,0.09732573432704954,0.4712845243314336
0.3377659574468085,0.0899822695035461,0.09707446808510638,0.475177304964539
0.3339191564147627,0.0913884007029877,0.09446397188049209,0.4802284710017575
0.33552920509442247,0.08915239350021958,0.09705753184014053,0.4782608695652174
0.33933274802458296,0.08999122036874452,0.09920983318700614,0.47146619841966636
0.3369899078543221,0.09170688898639755,0.09828872312417727,0.4730144800351031
0.32921992066989864,0.09122961657117673,0.09739973556632878,0.4821507271925959
0.3386034255599473,0.09046991655687307,0.09442248572683355,0.47650417215634605
0.3458844133099825,0.09019264448336252,0.08975481611208407,0.47416812609457093
0.34330985915492956,0.09154929577464789,0.09022887323943662,0.47491197183098594
0.33885017421602787,0.0897212543554007,0.08754355400696864,0.4838850174216028
0.34134615384615385,0.08828671328671328,0.08479020979020979,0.4855769230769231
0.34227892652881653,0.086229652441707,0.08534975802903652,0.4861416630004399
0.3437225636523266,0.08560140474100088,0.08691834942932397,0.48375768217734855
0.34227892652881653,0.08446986361636603,0.08315002199736031,0.4901011878574571
0.3379341050756901,0.08949243098842387,0.0823686553873553,0.4902048085485307
0.340547703180212,0.09143109540636042,0.07906360424028269,0.48895759717314485
0.3391034176653351,0.0923213493120284,0.07767421216156237,0.4909010208610741
0.33541480820695807,0.09500446030330062,0.07760927743086529,0.491971454058876
0.34406704896338774,0.09572121746801941,0.07940008822232025,0.48081164534627263
0.3480392156862745,0.09090909090909091,0.0784313725490196,0.48262032085561496
0.3476357267950963,0.09194395796847636,0.07443082311733801,0.4859894921190893
0.34522236900044034,0.09114927344782034,0.07881990312637605,0.4848084544253633
0.3452329124945581,0.09621245102307358,0.07662168045276448,0.48193295602960384
0.33747779751332146,0.09724689165186501,0.07859680284191829,0.4866785079928952
0.33787945446546414,0.09194896612406511,0.07919049714034315,0.4909810822701276
0.337296345222369,0.08938793483047115,0.07881990312637605,0.4944958168207838
0.34058614564831263,0.08747779751332149,0.07770870337477798,0.4942273534635879
0.33744493392070485,0.08105726872246696,0.07797356828193833,0.5035242290748899
0.33304080737165426,0.08468626590609916,0.08293111013602457,0.499341816586222
0.3318719859710653,0.08811924594476107,0.0775975449364314,0.5024112231477422
0.32789055604589584,0.09135039717563989,0.0820829655781112,0.49867608120035306
0.3258575197889182,0.09058927000879508,0.08003518029903255,0.5035180299032542
0.32665776591010237,0.09212283044058744,0.0778816199376947,0.5033377837116155
0.33244798583444,0.0903054448871182,0.07791057990261177,0.49933598937583
0.34116083296411165,0.09082853345148427,0.07753655294638902,0.49047408063801506
0.3407473309608541,0.09208185053380782,0.08407473309608542,0.4830960854092527
0.3386243386243386,0.08950617283950617,0.08112874779541446,0.49074074074074076
0.34110915492957744,0.0880281690140845,0.08494718309859155,0.4859154929577465
0.3386737872719181,0.08945260347129506,0.08099688473520249,0.4908767245215843
0.3362714852357867,0.09475539885412076,0.08021154693697664,0.4887615689731159
0.3381578947368421,0.09473684210526316,0.08201754385964913,0.4850877192982456
0.34171075837742504,0.09656084656084656,0.082010582010582,0.47971781305114636
0.34216335540838855,0.09757174392935983,0.08123620309050773,0.47902869757174393
0.34182776801405973,0.10017574692442882,0.07996485061511424,0.4780316344463972
0.3401060070671378,0.09849823321554771,0.08083038869257951,0.48056537102473496
0.33628710677891005,0.09703145768719539,0.08019494904740807,0.4864864864864865
0.33893805309734515,0.09424778761061947,0.08053097345132744,0.48628318584070795
0.3346508563899868,0.09134826526130874,0.08344312692138779,0.49055775142731667
0.3317180616740088,0.09295154185022027,0.08458149779735682,0.4907488986784141
0.3281802120141343,0.09496466431095406,0.0892226148409894,0.4876325088339223
0.3308303886925795,0.09231448763250884,0.08833922261484099,0.48851590106007065
0.33065236818588023,0.08847184986595175,0.08623771224307418,0.49463806970509383
0.3236459709379128,0.09026860413914575,0.08498458828709819,0.5011008366358433
0.3262316910785619,0.08965823346648913,0.08788282290279627,0.49622725255215266
0.3290748898678414,0.08766519823788546,0.08898678414096917,0.49427312775330395
0.3267020335985853,0.08443854995579134,0.08576480990274093,0.5030946065428824
0.33713784021071114,0.08604038630377524,0.07945566286215978,0.49736611062335384
0.33552920509442247,0.09178743961352658,0.08124725516029864,0.4914361001317523
0.3282141290039491,0.08907415533128565,0.08117595436594997,0.5015357612988153
0.32602862254025045,0.0872093023255814,0.08228980322003578,0.5044722719141324
0.32877919788453064,0.0868223887174967,0.07977082415160863,0.5046275892463641
0.33687943262411346,0.08200354609929078,0.0775709219858156,0.5035460992907801
0.3345024112231477,0.08329679964927664,0.07803594914511179,0.5041648399824639
0.33787945446546414,0.0818301803783546,0.0796304443466784,0.5006599208095028
0.33715798764342453,0.08296557811120918,0.07811120917917035,0.5017652250661959
0.34490333919156413,0.08172231985940245,0.07557117750439367,0.4978031634446397
0.3422671353251318,0.0843585237258348,0.07381370826010544,0.4995606326889279
0.33844804910127135,0.08680403331871986,0.07715914072775099,0.4975887768522578
0.34606938954765043,0.0878348704435661,0.07729468599033816,0.4888010540184453
0.3465433729634522,0.08850726552179657,0.07573756054601496,0.48921180096873623
0.352112676056338,0.08362676056338028,0.07658450704225352,0.4876760563380282
0.3451910408432148,0.08476064997804128,0.07861220904699165,0.4914361001317523
0.3393406593406593,0.08527472527472528,0.08043956043956044,0.4949450549450549
0.3398402839396628,0.08296362023070097,0.08518189884649512,0.4920141969831411
0.33962264150943394,0.07985958753839403,0.0868802106186924,0.4936375603334796
0.3377600708277999,0.08277999114652501,0.08942009738822487,0.4900398406374502
0.33732800710164224,0.085219707057257,0.08788282290279627,0.4895694629383045
0.3389232127096205,0.08031774051191527,0.08693733451015004,0.49382171226831423
0.3402654867256637,0.07876106194690266,0.09026548672566372,0.4907079646017699
0.33893805309734515,0.08097345132743362,0.08761061946902655,0.4924778761061947
0.34458259325044405,0.07726465364120781,0.08880994671403197,0.48934280639431615
0.34523809523809523,0.07848324514991181,0.0873015873015873,0.48897707231040566
0.3415929203539823,0.08141592920353982,0.08716814159292036,0.48982300884955754
0.341019955654102,0.07671840354767184,0.08691796008869179,0.4953436807095344
0.33968113374667847,0.0704162976085031,0.08990256864481842,0.5
0.3415710503089144,0.07237422771403354,0.088261253309797,0.4977934686672551
0.34299516908212563,0.07114624505928854,0.09003074220465525,0.4958278436539306
0.3353927625772286,0.06972639011473963,0.088261253309797,0.5066195939982348
0.34156015866020273,0.06919347730277656,0.08285588364918467,0.5063904803878361
0.3362598770851624,0.06672519754170325,0.08560140474100088,0.5114135206321334
0.3312829525483304,0.06985940246045694,0.08787346221441125,0.5109841827768014
0.3283516483516484,0.06813186813186813,0.08967032967032967,0.5138461538461538
0.32730480811645346,0.06660785178650198,0.08998676665196295,0.5161005734450816
0.3217429577464789,0.06558098591549295,0.08582746478873239,0.5268485915492958
0.3188405797101449,0.06587615283267458,0.08607817303469477,0.5292050944224858
0.3188854489164087,0.06280406899601947,0.08845643520566121,0.5298540468819106
0.3235685752330226,0.06258322237017311,0.08655126498002663,0.5272969374167776
0.3247787610619469,0.06415929203539823,0.08849557522123894,0.522566371681416
0.32365875109938436,0.06508355321020229,0.0919085312225154,0.519349164467898
0.32182381584772024,0.06463036741921203,0.09207613988490483,0.5214696768481629
0.32338745063624397,0.06406318560772269,0.0903905221588416,0.5221588415971917
0.31890459363957596,0.05918727915194346,0.09628975265017668,0.5256183745583038
0.3225520602569783,0.06114311032343819,0.10101905183872396,0.5152857775808596
0.32610619469026547,0.06371681415929203,0.09778761061946903,0.5123893805309735
0.32149200710479575,0.0630550621669627,0.09724689165186501,0.5182060390763765
0.3198757763975155,0.06255545696539486,0.09538598047914817,0.5221827861579414
0.31932773109243695,0.0659000442282176,0.09287925696594428,0.5218929677134011
0.32514260640631854,0.06932865291794647,0.08907415533128565,0.5164545853444493
0.3253588516746411,0.0674206176598521,0.08655937364071335,0.5206611570247934
0.3267020335985853,0.06984969053934571,0.08620689655172414,0.5172413793103449
0.3277310924369748,0.07120743034055728,0.08447589562140646,0.5165855816010615
0.3219814241486068,0.07209199469261389,0.08403361344537816,0.5218929677134011
0.32402482269503546,0.07358156028368794,0.08111702127659574,0.5212765957446809
0.3259423503325942,0.070509977827051,0.08159645232815965,0.5219512195121951
0.3224381625441696,0.06934628975265017,0.08083038869257951,0.5273851590106007
0.3197189284145806,0.07465963987703118,0.07949055775142731,0.5261308739569609
0.31338028169014087,0.07570422535211267,0.07922535211267606,0.5316901408450704
0.31167690956979804,0.08033362598770852,0.07901668129938542,0.528972783143108
0.30983463881636203,0.08181026979982593,0.07658833768494343,0.5317667536988686
0.3087719298245614,0.08289473684210526,0.07675438596491228,0.531578947368421
0.3102076889085285,0.08130799823243483,0.08130799823243483,0.5271763146266019
0.3118942731277533,0.0801762114537445,0.07973568281938326,0.5281938325991189
