C,D,Oc,Od
1.0,0.0,0.0,0.0
0.6,0.4,0.0,0.0
0.5555555555555556,0.3333333333333333,0.1111111111111111,0.0
0.47058823529411764,0.29411764705882354,0.11764705882352941,0.11764705882352941
0.4444444444444444,0.2962962962962963,0.1111111111111111,0.14814814814814814
0.4,0.275,0.125,0.2
0.41818181818181815,0.21818181818181817,0.14545454545454545,0.21818181818181817
0.379746835443038,0.24050632911392406,0.12658227848101267,0.25316455696202533
0.3302752293577982,0.24770642201834864,0.14678899082568808,0.27522935779816515
0.3,0.21333333333333335,0.15333333333333332,0.3333333333333333
0.2602040816326531,0.22959183673469388,0.14795918367346939,0.3622448979591837
0.2423076923076923,0.20384615384615384,0.16153846153846155,0.3923076923076923
0.25,0.19444444444444445,0.1697530864197531,0.38580246913580246
0.22448979591836735,0.18622448979591838,0.17346938775510204,0.41581632653061223
0.21521739130434783,0.18478260869565216,0.19130434782608696,0.40869565217391307
0.22082585278276481,0.17773788150807898,0.19748653500897667,0.40394973070017953
0.2222222222222222,0.1796042617960426,0.197869101978691,0.4003044140030441
0.21846553966189858,0.1755526657997399,0.20546163849154747,0.40052015604681407
0.2245575221238938,0.16592920353982302,0.19469026548672566,0.41482300884955753
0.23655913978494625,0.16911045943304007,0.1906158357771261,0.40371456500488756
0.24326672458731538,0.1685490877497828,0.19808861859252824,0.39009556907037357
0.24307692307692308,0.16846153846153847,0.1946153846153846,0.39384615384615385
0.24445983379501385,0.17382271468144045,0.20290858725761773,0.37880886426592797
0.2388818297331639,0.17344345616264295,0.20838627700127066,0.3792884371029225
0.23761792452830188,0.1792452830188679,0.20695754716981132,0.3761792452830189
0.22819528250137136,0.18376302797586397,0.2057048820625343,0.3823368074602304
0.21939586645468998,0.17435082140964495,0.20296767355590886,0.40328563857975624
0.2121057985757884,0.18209562563580875,0.2029501525940997,0.40284842319430314
0.20555284948855335,0.1850949829517779,0.20311738918655625,0.4062347783731125
0.20402298850574713,0.18342911877394635,0.20833333333333334,0.4042145593869732
0.19915054270882493,0.18404907975460122,0.21094856064181217,0.4058518168947617
0.19497716894977168,0.18949771689497716,0.21050228310502284,0.4050228310502283
0.19334532374100719,0.18525179856115107,0.21717625899280577,0.40422661870503596
0.1974267968056788,0.18722271517302574,0.2129547471162378,0.4023957409050577
0.18947837717342844,0.18724921979491752,0.22024074899687918,0.40303165403477487
0.1950244335850733,0.18347401155042203,0.21501554864504666,0.406486006219458
0.19426048565121412,0.18543046357615894,0.21368653421633554,0.4066225165562914
0.1910913140311804,0.18797327394209354,0.2133630289532294,0.40757238307349664
0.19515418502202644,0.18634361233480176,0.21541850220264316,0.40308370044052866
0.197477163984341,0.18529795563288387,0.21574597651152674,0.40147890387124835
0.1977924944812362,0.18322295805739514,0.21589403973509932,0.4030905077262693
0.2017738359201774,0.18802660753880265,0.21019955654101996,0.4
0.19244444444444445,0.18488888888888888,0.21777777777777776,0.4048888888888889
0.19327731092436976,0.18398938522777533,0.22158337019018134,0.4011499336576736
0.19229065130704476,0.18165706690296854,0.22153300841825432,0.4045192733717324
0.1913197519929141,0.18644818423383525,0.2183348095659876,0.4038972542072631
0.19047619047619047,0.19400352733686066,0.21825396825396826,0.3972663139329806
0.1923248549754574,0.19187862561356536,0.22266845158411425,0.393128067826863
0.19229065130704476,0.19361984935755427,0.22374833850243686,0.3903411608329641
0.1900610287707062,0.1961639058413252,0.22667829119442023,0.3870967741935484
0.19648351648351647,0.19604395604395605,0.21802197802197804,0.38945054945054947
0.19507908611599298,0.20035149384885764,0.21528998242530756,0.38927943760984185
0.1974381625441696,0.20097173144876326,0.21908127208480566,0.3825088339222615
0.1969298245614035,0.20350877192982456,0.21754385964912282,0.38201754385964914
0.1968155683325962,0.20566121185316233,0.21760283060592658,0.3799203892083149
0.1910856134157105,0.206090026478376,0.2210944395410415,0.38172992056487204
0.19496021220159152,0.1989389920424403,0.22855879752431477,0.3775419982316534
0.19902482269503546,0.20434397163120568,0.22916666666666666,0.3674645390070922
0.195326278659612,0.2072310405643739,0.22530864197530864,0.37213403880070545
0.19262834576568671,0.2071083808688021,0.22553751645458534,0.37472575691092586
0.19692307692307692,0.20263736263736265,0.22329670329670329,0.37714285714285717
0.20480349344978166,0.20698689956331878,0.22096069868995633,0.36724890829694323
0.2055580061755624,0.21041023378914867,0.21702690780767533,0.3670048522276136
0.2055580061755624,0.20776356418173797,0.21967357741508603,0.3670048522276136
0.2088495575221239,0.20486725663716815,0.22256637168141594,0.363716814159292
0.20848056537102475,0.20848056537102475,0.2230565371024735,0.35998233215547704
0.21034025629695094,0.2063632346442775,0.2222713212549713,0.3610251878038003
0.21129893238434164,0.2090747330960854,0.21752669039145908,0.3620996441281139
0.21320921985815602,0.212322695035461,0.21631205673758866,0.35815602836879434
0.21800529567519858,0.21359223300970873,0.21359223300970873,0.35481023830538394
0.21535087719298246,0.21842105263157896,0.2131578947368421,0.3530701754385965
0.2187776793622675,0.21700620017714792,0.2112488928255093,0.35296722763507526
0.22256500661084178,0.21727633318642575,0.21110621419127368,0.3490524460114588
0.2212467076382792,0.22519754170324846,0.2032484635645303,0.35030728709394204
0.22423706324635118,0.22644847412649272,0.19902697921273774,0.3502874834144184
0.2206468763845813,0.2255206025697829,0.2042534337616305,0.34957908728400533
0.2264731750219877,0.22031662269129287,0.20360598065083554,0.3496042216358839
0.22379478107032286,0.22069880583812473,0.20654577620521894,0.3489606368863335
0.2257495590828924,0.2244268077601411,0.2019400352733686,0.3478835978835979
0.22753430721558213,0.22532093846834883,0.19876051350154936,0.3483842408145197
0.23012367491166077,0.232773851590106,0.19876325088339222,0.338339222614841
0.2344161545215101,0.2295873573309921,0.19315188762071994,0.3428446005267779
0.2344582593250444,0.2313499111900533,0.19626998223801065,0.33792184724689167
0.23712255772646537,0.23001776198934282,0.19849023090586146,0.33436944937833035
0.24417069951605808,0.225692916849978,0.20061592608886933,0.32952045754509457
0.24624889673433362,0.2263901147396293,0.19726390114739628,0.3300970873786408
0.2440423654015887,0.2290379523389232,0.1968225948808473,0.3300970873786408
0.23966207203201423,0.2285460204535349,0.19519786571809694,0.33659404179635394
0.23529411764705882,0.22733303847854933,0.19725785050862452,0.34011499336576734
0.23182018510356986,0.2256500661084178,0.19876597620096959,0.34376377258704277
0.2363556338028169,0.2244718309859155,0.19718309859154928,0.3419894366197183
0.2379903040987219,0.2234464521815778,0.19920669898633758,0.33935654473336274
0.23526824978012312,0.22383465259454705,0.20052770448548812,0.3403693931398417
0.23714539007092197,0.2225177304964539,0.20079787234042554,0.3395390070921986
0.23954205195948922,0.22016732716864817,0.19903126376045796,0.34125935711140465
0.23138297872340424,0.21365248226950354,0.2025709219858156,0.3523936170212766
0.22781456953642384,0.21501103752759382,0.20309050772626933,0.354083885209713
0.2314196706720071,0.20694259012016022,0.20694259012016022,0.35469514908767247
0.2311446317657498,0.21073646850044367,0.20718722271517304,0.35093167701863354
0.22981366459627328,0.22005323868677906,0.20141969831410825,0.3487133984028394
0.22607921673342235,0.21717846016911438,0.20293724966622162,0.3538050734312417
0.2290748898678414,0.21938325991189428,0.2026431718061674,0.34889867841409694
0.22330960854092527,0.2215302491103203,0.20195729537366547,0.35320284697508897
0.22182942996022978,0.2209456473707468,0.20813079982324348,0.34909412284577995
0.22713212549712772,0.22271321254971277,0.21166593018117544,0.3384887317719841
0.225692916849978,0.225692916849978,0.21249450065992082,0.3361196656401232
0.2236842105263158,0.2307017543859649,0.21140350877192982,0.33421052631578946
0.22144112478031636,0.23506151142355008,0.21133567662565905,0.3321616871704745
0.22484689413823272,0.2357830271216098,0.2069116360454943,0.3324584426946632
0.21957671957671956,0.23589065255731922,0.20326278659611993,0.3412698412698413
0.22212389380530972,0.23495575221238937,0.20619469026548673,0.33672566371681417
0.2230971128608924,0.23228346456692914,0.20909886264216973,0.33552055993000873
0.22183252959228408,0.2341078474353354,0.20473476545374836,0.3393248575186322
0.22266139657444006,0.2362758014931928,0.2090469916556873,0.33201581027667987
0.2252650176678445,0.23233215547703182,0.2058303886925795,0.3365724381625442
0.22528433945756782,0.23053368328958881,0.210411198600175,0.3337707786526684
0.2284577993813522,0.22978347326557666,0.2054794520547945,0.3362792752982766
0.22753178430512933,0.22665497588776853,0.20561157387110915,0.340201665935993
0.2317822651448639,0.2273924495171203,0.20412642669007902,0.3366988586479368
0.2326710816777042,0.22649006622516557,0.20485651214128037,0.33598233995584986
0.234174413457282,0.22177954847277556,0.2058432934926959,0.3382027445772466
0.23185840707964603,0.22964601769911505,0.20353982300884957,0.3349557522123894
0.22920353982300884,0.22212389380530972,0.20530973451327433,0.3433628318584071
0.23315602836879432,0.22118794326241134,0.20611702127659576,0.3395390070921986
0.22329670329670329,0.22153846153846155,0.20967032967032967,0.3454945054945055
0.23039647577092512,0.22290748898678414,0.2039647577092511,0.34273127753303967
0.2267543859649123,0.22719298245614036,0.20614035087719298,0.3399122807017544
0.22192632046160674,0.23124722592099423,0.20772303595206393,0.3391034176653351
0.221826280623608,0.22360801781737194,0.2133630289532294,0.3412026726057906
0.23097345132743363,0.22123893805309736,0.20353982300884957,0.34424778761061947
0.22954444935869084,0.22114108801415303,0.20168067226890757,0.34763379035824854
0.233392382639504,0.2178919397697077,0.20637732506643047,0.34233835252435785
0.23222124670763827,0.21422300263388938,0.21378402107111502,0.33977172958735735
0.23258928571428572,0.21696428571428572,0.21026785714285715,0.34017857142857144
0.23202470224966917,0.2223202470224967,0.211733568592854,0.33392148213498013
0.23864137626819584,0.22143802382002647,0.20732245258050286,0.3325981473312748
0.24049513704686118,0.22236958443854996,0.20822281167108753,0.32891246684350134
0.2471213463241807,0.21966341895482727,0.2108060230292294,0.3224092116917626
0.247682119205298,0.21589403973509932,0.2097130242825607,0.32671081677704195
0.2563429571303587,0.22003499562554682,0.205161854768154,0.3184601924759405
0.25876608965823344,0.22237017310252996,0.19440745672436752,0.3244562805148691
0.25385632437197003,0.22080211546936976,0.20141031291317762,0.3239312472454826
0.25385632437197003,0.21551344204495373,0.20669898633759365,0.3239312472454826
0.2566137566137566,0.20943562610229277,0.21604938271604937,0.31790123456790126
0.25645592163846836,0.20792520035618878,0.21905609973285842,0.3165627782724844
0.259946949602122,0.20866489832007074,0.22060123784261715,0.3107869142351901
0.25984251968503935,0.20603674540682415,0.21916010498687663,0.31496062992125984
0.25691699604743085,0.2059727711901625,0.2235397452788757,0.31357048748353095
0.25252525252525254,0.20685111989459815,0.22661396574440051,0.3140096618357488
0.2592756183745583,0.20273851590106007,0.22173144876325088,0.31625441696113077
0.2655417406749556,0.19982238010657194,0.22380106571936056,0.3108348134991119
0.2676678445229682,0.19964664310954064,0.22614840989399293,0.30653710247349825
0.2655838454784899,0.1997366110623354,0.22651448639157157,0.30816505706760317
0.2617893345085941,0.2005288673424416,0.22212428382547378,0.31555751432349055
0.265817223198594,0.19859402460456943,0.21924428822495606,0.3163444639718805
0.26897470039946736,0.18996893031513537,0.21881935197514424,0.322237017310253
0.26301853486319504,0.18755516328331862,0.2294792586054722,0.3199470432480141
0.26536930561698363,0.18885448916408668,0.22423706324635118,0.3215391419725785
0.2679824561403509,0.1850877192982456,0.22719298245614036,0.31973684210526315
0.2676991150442478,0.17787610619469027,0.23584070796460177,0.3185840707964602
0.2654945054945055,0.18153846153846154,0.23604395604395603,0.3169230769230769
0.2637215528781794,0.178491744756805,0.23114680946006247,0.32663989290495316
0.2575354609929078,0.1804078014184397,0.2327127659574468,0.32934397163120566
0.26048565121412803,0.1845474613686534,0.23576158940397351,0.31920529801324504
0.25686448184233834,0.183348095659876,0.24180690876882197,0.3179805137289637
0.25758241758241757,0.1832967032967033,0.2443956043956044,0.31472527472527473
0.2588495575221239,0.18008849557522125,0.24601769911504426,0.31504424778761064
0.2642762284196547,0.17928286852589642,0.24214254094732182,0.314298362107127
0.26458797327394207,0.1759465478841871,0.24187082405345212,0.3175946547884187
0.2604671661524901,0.17937417364477742,0.24019391802556192,0.3199647421771706
0.2578366445916115,0.17792494481236204,0.24282560706401765,0.32141280353200885
0.25878168074699864,0.17474433081369498,0.24722098710538018,0.3192530013339262
0.2544404973357016,0.17895204262877443,0.25,0.316607460035524
0.26301853486319504,0.17431597528684908,0.24315975286849073,0.3195057369814651
0.2608888888888889,0.18,0.24355555555555555,0.31555555555555553
0.25963668586619404,0.18254319893664156,0.24368630926007975,0.3141338059370846
0.25165562913907286,0.1814569536423841,0.24591611479028697,0.32097130242825606
0.24910394265232974,0.18369175627240145,0.25,0.3172043010752688
0.25764966740576495,0.18758314855875832,0.24035476718403548,0.3144124168514412
0.25055041831792163,0.18626155878467635,0.24702774108322326,0.31616028181417877
0.25120772946859904,0.18489240228370662,0.2494510320597277,0.3144488361879666
0.25176678445229683,0.1868374558303887,0.24558303886925795,0.31581272084805656
0.24777183600713013,0.1893939393939394,0.2464349376114082,0.3163992869875223
0.24118165784832452,0.19135802469135801,0.2508818342151676,0.3165784832451499
0.23868677905944988,0.19032830523513752,0.2506654835847382,0.3203194321206744
0.2409211691762622,0.1970770593445527,0.24534986713906112,0.316651904340124
0.24180690876882197,0.19884853852967227,0.24402125775022143,0.3153232949512843
0.24285085789705235,0.1970963484381874,0.2432908051033876,0.3167619885613726
0.24637043554773427,0.19313682358117026,0.2410910690717114,0.31940167179938406
0.24901011878574572,0.1891772987241531,0.24373075230972283,0.31808183018037833
0.24702774108322326,0.19594892118009688,0.2426243945398503,0.3143989431968296
0.24613345117101193,0.1948740609809987,0.24569155987627045,0.31330092797171893
0.24456280514869064,0.19130048823790502,0.24545051043053706,0.3186861961828673
0.2444933920704846,0.1947136563876652,0.24845814977973568,0.31233480176211453
0.24835164835164836,0.1986813186813187,0.24307692307692308,0.3098901098901099
0.2422907488986784,0.1973568281938326,0.24669603524229075,0.3136563876651982
0.2505513895015439,0.19276576973974416,0.24084693427437143,0.3158359064843405
0.24482606781153676,0.19418758256274768,0.24174372523117568,0.3192426243945399
0.24978127734033245,0.20384951881014873,0.23447069116360456,0.3118985126859143
0.24633821571238348,0.19840213049267644,0.24101198402130491,0.31424766977363516
0.24867021276595744,0.20212765957446807,0.22916666666666666,0.3200354609929078
0.24332603938730854,0.20481400437636763,0.22844638949671772,0.32341356673960614
0.24402125775022143,0.20726306465899025,0.2329495128432241,0.3157661647475642
0.2483429076447194,0.20238621299160406,0.23552806009721608,0.31374281926646047
0.2533097969991174,0.19814651368049427,0.2383053839364519,0.31023830538393643
0.25875055383252105,0.1945059813912273,0.23925564909171468,0.307487815684537
0.25864332603938733,0.19737417943107222,0.23676148796498905,0.3072210065645514
0.2583370386838595,0.19964428634948866,0.23477100933748332,0.3072476656291685
0.2574823943661972,0.207306338028169,0.23327464788732394,0.3019366197183099
0.2631346578366446,0.20176600441501102,0.23532008830022075,0.2997792494481236
0.26222222222222225,0.20044444444444445,0.23866666666666667,0.2986666666666667
0.26538804638715435,0.19892952720785012,0.24174843889384479,0.29393398751115074
0.25696594427244585,0.1977001326846528,0.2503317116320212,0.2950022114108801
0.2615658362989324,0.1943950177935943,0.2548932384341637,0.2891459074733096
0.2595385980479148,0.19432120674356698,0.2528837622005324,0.2932564330079858
0.25650066108417807,0.19171441163508154,0.2600264433671221,0.29175848391361836
0.2555358724534987,0.19530558015943314,0.25686448184233834,0.29229406554472986
0.25813642443156487,0.19572001783325904,0.25769059295586266,0.2884529647793134
0.25756227758007116,0.19750889679715303,0.2531138790035587,0.2918149466192171
0.25925925925925924,0.1931216931216931,0.25617283950617287,0.2914462081128748
0.2612137203166227,0.19041336851363236,0.26033421284080915,0.2880386983289358
0.2641758241758242,0.19472527472527473,0.2567032967032967,0.2843956043956044
0.27042628774422733,0.1869449378330373,0.2566607460035524,0.28596802841918295
0.27104451300132215,0.19039224327897752,0.25341560158660204,0.2851476421330983
0.2641758241758242,0.18373626373626373,0.2654945054945055,0.2865934065934066
0.26369710467706015,0.18396436525612472,0.2619153674832962,0.2904231625835189
0.2640176600441501,0.19293598233995585,0.2556291390728477,0.28741721854304636
0.26148409893992935,0.1965547703180212,0.2539752650176678,0.2879858657243816
0.2631810193321617,0.19068541300527242,0.2543936731107206,0.29173989455184535
0.2600441501103753,0.19823399558498897,0.2560706401766004,0.28565121412803535
0.2589010989010989,0.19956043956043956,0.25142857142857145,0.29010989010989013
0.24899955535793686,0.2058692752334371,0.25033348154735435,0.2947976878612717
0.24921700223713647,0.20536912751677852,0.24787472035794184,0.2975391498881432
0.24697986577181208,0.20536912751677852,0.2483221476510067,0.2993288590604027
0.24867491166077738,0.2045053003533569,0.25220848056537104,0.2946113074204947
0.25332741792369123,0.2067435669920142,0.24622892635314997,0.2937000887311446
0.2546093064091308,0.20412642669007902,0.24539069359086918,0.295873573309921
0.24800354924578527,0.20275066548358472,0.2511091393078971,0.2981366459627329
0.24733570159857904,0.20781527531083482,0.25133214920071045,0.2935168738898757
0.24491600353669318,0.21043324491600354,0.2502210433244916,0.29442970822281167
0.24416042309387395,0.21639488761568973,0.24416042309387395,0.29528426619656234
0.2440423654015887,0.21844660194174756,0.24227714033539277,0.29523389232127095
0.24151785714285715,0.21830357142857143,0.24241071428571428,0.29776785714285714
0.23976868327402134,0.2188612099644128,0.24866548042704625,0.29270462633451955
0.24074880278624292,0.21854592947322596,0.24684370918589466,0.29386155855463647
0.2433392539964476,0.2180284191829485,0.24378330373001778,0.29484902309058614
0.23674911660777384,0.21863957597173145,0.2495583038869258,0.2950530035335689
0.2345073562193491,0.21801159161836825,0.2514489522960321,0.29603209986625056
0.23906319045514804,0.21961997348652232,0.2421564295183385,0.29916040653999115
0.24046140195208518,0.21251109139307897,0.2484472049689441,0.2985803016858917
0.24008810572687225,0.2118942731277533,0.24669603524229075,0.3013215859030837
0.23765432098765432,0.21252204585537918,0.24779541446208111,0.3020282186948854
0.23625886524822695,0.21143617021276595,0.25132978723404253,0.30097517730496454
0.23648351648351648,0.2087912087912088,0.24835164835164836,0.30637362637362636
0.23345101500441306,0.2118270079435128,0.24801412180052956,0.3067078552515446
0.23539901917075345,0.20731163620151583,0.24788230049041463,0.30940704413731607
0.235216240070609,0.2082965578111209,0.24669020300088262,0.30979699911738745
0.24412937527691625,0.19893664155959237,0.2472308373947718,0.30970314576871955
0.24501550731058927,0.19184758529020823,0.24811696942844483,0.31501993797075767
0.24704336399474375,0.19097678493210687,0.24660534384581692,0.31537450722733246
0.23719081272084805,0.1956713780918728,0.24646643109540636,0.3206713780918728
0.2381584772023019,0.19787516600265603,0.2501106684373617,0.3138556883576804
0.24212860310421286,0.1960088691796009,0.2452328159645233,0.316629711751663
0.24005305039787797,0.20645446507515472,0.2409372236958444,0.3125552608311229
0.2401242787394585,0.2072791833111407,0.2436750998668442,0.30892143808255657
0.23976868327402134,0.21352313167259787,0.23976868327402134,0.3069395017793594
0.2413033905768384,0.21092029942756496,0.24174372523117568,0.30603258476442097
0.24769433465085638,0.21519543258673693,0.23715415019762845,0.29995608256477824
0.24559859154929578,0.21346830985915494,0.24339788732394366,0.2975352112676056
0.2491150442477876,0.21017699115044247,0.24424778761061947,0.29646017699115046
0.2518681318681319,0.21318681318681318,0.23912087912087912,0.2958241758241758
0.2514438027543314,0.21279431363838294,0.2403376277210129,0.29542425588627275
0.24581497797356827,0.21277533039647578,0.24273127753303964,0.2986784140969163
0.25588491717523976,0.2109851787271142,0.23888404533565824,0.2942458587619878
0.2536520584329349,0.21204072598494908,0.24302788844621515,0.2912793271359008
0.2537313432835821,0.21553994732221246,0.24187884108867427,0.28884986830553117
0.25381596162232883,0.2132577409507196,0.24073266463148713,0.29219363279546445
0.2535211267605634,0.2108274647887324,0.2420774647887324,0.2935739436619718
0.2537444933920705,0.21013215859030837,0.24933920704845816,0.286784140969163
0.2504370629370629,0.208479020979021,0.2517482517482518,0.2893356643356643
0.24800354924578527,0.2085181898846495,0.25643300798580304,0.2870452528837622
0.25264084507042256,0.20246478873239437,0.2539612676056338,0.2909330985915493
0.25353356890459366,0.20008833922261485,0.25309187279151946,0.29328621908127206
0.25803610744165567,0.19726992514310876,0.26023778071334214,0.28445618670189343
0.2589641434262948,0.1943337760070828,0.26914563966356797,0.2775564409030544
0.2524357838795394,0.19486271036315322,0.2661647475642161,0.2865367581930912
0.2518615856329391,0.1988611476127902,0.266754270696452,0.28252299605781866
0.2557117750439367,0.19200351493848858,0.27548330404217924,0.27680140597539543
0.25299069561364645,0.19406291537439077,0.2729286663712893,0.2800177226406735
0.24822064056939502,0.20062277580071175,0.2655693950177936,0.28558718861209964
0.24966740576496674,0.19778270509977827,0.26696230598669624,0.28558758314855875
0.24128919860627177,0.1999128919860627,0.2682926829268293,0.2905052264808362
0.2419850680720246,0.20114185331576637,0.26877470355731226,0.28809837505489677
0.24813022437307522,0.1948966124065112,0.2622085349758029,0.29476462824461064
0.25239755884917175,0.1987794245858762,0.2611159546643418,0.2877070619006103
0.2555066079295154,0.19823788546255505,0.25594713656387663,0.29030837004405285
0.2566798072711345,0.1988611476127902,0.25317564607971965,0.2912833990363557
0.2607334525939177,0.19856887298747763,0.2464221824686941,0.29427549194991054
0.26060070671378094,0.19257950530035337,0.2504416961130742,0.2963780918727915
0.2599118942731278,0.19515418502202644,0.2515418502202643,0.2933920704845815
0.26517857142857143,0.19196428571428573,0.25,0.29285714285714287
0.2654945054945055,0.1934065934065934,0.24351648351648353,0.2975824175824176
0.26875,0.19598214285714285,0.24017857142857144,0.2950892857142857
0.26516157591854805,0.19876051350154936,0.23992917220008853,0.2961487383798141
0.26206285967242143,0.20628596724214254,0.23461708720672864,0.2970340858787074
0.2683251888049756,0.20568636161705908,0.2296756996890271,0.29631274988893824
0.2676991150442478,0.20663716814159291,0.22831858407079647,0.2973451327433628
0.26387665198237886,0.2105726872246696,0.22995594713656387,0.2955947136563877
0.26137377341659235,0.21097234611953614,0.23015165031222123,0.29750223015165034
0.2655141843971631,0.2052304964539007,0.23182624113475178,0.2974290780141844
0.26799116997792494,0.20485651214128037,0.22781456953642384,0.2993377483443709
0.26711111111111113,0.2048888888888889,0.2222222222222222,0.30577777777777776
0.2639683238011439,0.2067751869775627,0.22481302243730752,0.3044434667839859
0.2675187307183781,0.20361392684001764,0.22917584839136185,0.2996914940502424
0.27043747238179405,0.20238621299160406,0.22978347326557666,0.2973928413610252
0.269687637483502,0.20413550373955125,0.2234931808183018,0.302683677958645
0.2677475898334794,0.20990359333917616,0.22261174408413673,0.2997370727432077
0.26849800620292424,0.20691182986264953,0.22286220646876384,0.3017279574656624
0.2658504591167468,0.20594665500655882,0.2225623087013555,0.3056405771753389
0.26985519964896887,0.2053532250987275,0.22027204914436158,0.3045195261079421
0.2713656387665198,0.19691629955947137,0.22819383259911893,0.30352422907488985
0.27091633466135456,0.1961044710048694,0.2337317397078353,0.29924745462594066
0.26763031099430573,0.1953569864213754,0.23565484012264565,0.30135786246167323
0.26631393298059963,0.19268077601410935,0.24250440917107582,0.2985008818342152
0.2696728558797524,0.1927497789566755,0.2409372236958444,0.29664014146772766
0.2650442477876106,0.19911504424778761,0.23938053097345133,0.29646017699115046
0.26795945350374617,0.2000881445570736,0.2388717496694579,0.29308065226972235
0.26128890837352037,0.20254274441034634,0.23936869793950022,0.29679964927663305
0.26117751217352814,0.20230190349712263,0.23771580345285526,0.29880478087649404
0.26387665198237886,0.20352422907488987,0.23524229074889869,0.2973568281938326
0.26531511679153813,0.1974438078448656,0.23182018510356986,0.30542089026002645
0.27004405286343613,0.19251101321585903,0.2356828193832599,0.30176211453744495
0.26734423331860363,0.19001325673884226,0.24392399469730447,0.29871851524524967
0.27252843394575677,0.18635170603674542,0.2436570428696413,0.2974628171478565
0.26866338846669646,0.19222172552525704,0.24094769780956637,0.2981671881984801
0.27041499330655955,0.1923248549754574,0.23427041499330656,0.3029897367246765
0.2686762778505898,0.19790301441677588,0.23372651813018785,0.2996941896024465
0.2786666666666667,0.1928888888888889,0.232,0.29644444444444445
0.2736185383244207,0.19741532976827095,0.2281639928698752,0.30080213903743314
0.2733333333333333,0.2008888888888889,0.23466666666666666,0.2911111111111111
0.2779255319148936,0.19281914893617022,0.2322695035460993,0.2969858156028369
0.28169014084507044,0.19102112676056338,0.23371478873239437,0.2935739436619718
0.2843874391862008,0.19195046439628483,0.23396727111897392,0.28969482529854046
0.27598407784166296,0.19327731092436976,0.2410437859354268,0.28969482529854046
0.2846425419240953,0.19505736981465135,0.22506619593998234,0.29523389232127095
0.2828860536735592,0.19885613726352838,0.225692916849978,0.29256489221293447
0.28320911880754057,0.20078912757562473,0.2227093380096449,0.2932924156071898
0.28640776699029125,0.19638128861429832,0.22197705207413945,0.29523389232127095
0.28344370860927154,0.20132450331125828,0.21986754966887417,0.295364238410596
0.2874779541446208,0.2001763668430335,0.22178130511463845,0.29056437389770723
0.28812056737588654,0.19946808510638298,0.2198581560283688,0.2925531914893617
0.2920550377274745,0.1970705725699068,0.21793164669329781,0.2929427430093209
0.28680089485458615,0.19149888143176733,0.22237136465324384,0.2993288590604027
0.29289810322011467,0.18614909572121746,0.22496691662990737,0.2959858844287605
0.29290718038528896,0.18870402802101577,0.22197898423817863,0.29640980735551664
0.29404088734232275,0.1918225315354502,0.21966072205306655,0.2944758590691605
0.295364238410596,0.18763796909492272,0.22030905077262694,0.29668874172185433
0.29354980254497587,0.19218955682316805,0.2198332602018429,0.29442738043001315
0.292693661971831,0.19014084507042253,0.2205105633802817,0.2966549295774648
0.2993881118881119,0.1888111888111888,0.22115384615384615,0.2906468531468531
0.3041351711871943,0.1920853712761227,0.2249888839484215,0.2787905735882614
0.2970950704225352,0.18838028169014084,0.22711267605633803,0.28741197183098594
0.30065934065934063,0.189010989010989,0.22197802197802197,0.28835164835164834
0.30265486725663715,0.19469026548672566,0.2176991150442478,0.2849557522123894
0.29634522236900046,0.19991193306913255,0.2162043152796125,0.28753852928225454
0.29678555702333775,0.19859092910612064,0.2188463232056363,0.2857771906649053
0.292094685127289,0.205895489057615,0.21616793211255025,0.28584189370254576
0.2888595332452664,0.2043152796125055,0.21972699251431088,0.2870981946279172
0.29155672823219,0.20140721196130168,0.22251539138082674,0.28452066842568163
0.2879394748553627,0.19848687138406765,0.22696929238985314,0.2866043613707165
0.2871024734982332,0.19832155477031801,0.22703180212014135,0.2875441696113074
0.28400531679220203,0.20336730172795747,0.22463447053610988,0.28799291094373064
0.28476527900797166,0.20504871567759078,0.22364924712134632,0.2865367581930912
0.28647686832740216,0.20774021352313168,0.22731316725978648,0.27846975088967973
0.2870939420544337,0.20763827919227393,0.22651448639157157,0.2787532923617208
0.29063604240282687,0.20318021201413428,0.22968197879858657,0.2765017667844523
0.28679078014184395,0.19858156028368795,0.22828014184397163,0.28634751773049644
0.2832014072119613,0.19656992084432717,0.23043095866314864,0.28979771328056286
0.2774336283185841,0.2,0.23672566371681417,0.28584070796460176
0.2780960775672102,0.20758043190832967,0.2375495813133539,0.27677390921110623
0.2811529933481153,0.2048780487804878,0.23902439024390243,0.2749445676274945
0.28224381625441697,0.2053886925795053,0.23409893992932862,0.2782685512367491
0.28299379982285205,0.2032772364924712,0.233392382639504,0.28033658104517273
0.285336856010568,0.21003963011889035,0.22985468956406868,0.2747688243064729
0.2906097018246551,0.20738762794837562,0.22741433021806853,0.27458834000890076
0.28463922089420096,0.20540061974324922,0.22797698096502877,0.281983178397521
0.28406569019085665,0.20284065690190856,0.23524189968930315,0.27785175321793165
0.2807486631016043,0.2018716577540107,0.232620320855615,0.28475935828877
0.27851458885941643,0.20380194518125552,0.22944297082228116,0.28824049513704686
0.27578574590526783,0.20008853474988933,0.23550243470562196,0.2886232846392209
0.27984084880636606,0.20159151193633953,0.2338638373121132,0.28470380194518125
0.27925531914893614,0.2025709219858156,0.2375886524822695,0.28058510638297873
0.2770714598860149,0.20648838228846997,0.2389302937308198,0.2775098640946953
0.2757255936675462,0.20184696569920843,0.24274406332453827,0.2796833773087071
0.27534307215582116,0.20318725099601595,0.2350597609561753,0.2864099158919876
0.272565584704313,0.2072032014228546,0.23743886171631837,0.282792352156514
0.26701800614844096,0.207290294246816,0.2362758014931928,0.2894158981115503
0.2745702952842662,0.20405464962538564,0.23666813574261789,0.2847069193477303
0.26919682259488087,0.20476610767872905,0.235216240070609,0.2908208296557811
0.26318082788671027,0.20217864923747278,0.24531590413943355,0.28932461873638343
0.26657824933687,0.19938107869142352,0.246684350132626,0.28735632183908044
0.2630405706642889,0.2024074899687918,0.24966562639322337,0.28488631297369593
0.25873507297655907,0.20566121185316233,0.254312251216276,0.2812914639540027
0.2633672116659302,0.20989836500220946,0.24348210340256296,0.2832523199292974
0.26894107221976077,0.20115197164377493,0.24856003544528135,0.281346920691183
0.2706140350877193,0.19736842105263158,0.24385964912280703,0.2881578947368421
0.2716864817261119,0.19947159841479525,0.24526640246587406,0.28357551739321885
0.27420774647887325,0.19982394366197184,0.24515845070422534,0.28080985915492956
0.2743362831858407,0.2004424778761062,0.24424778761061947,0.2809734513274336
0.2696579298089738,0.20079964460239894,0.24655708573967125,0.282985339848956
0.27665198237885463,0.19515418502202644,0.24493392070484582,0.28325991189427313
0.2745702952842662,0.19568091670339358,0.249008373732922,0.28074041427941826
0.27325322652425454,0.19359145527369825,0.2514463729417,0.2817089452603471
0.2713722051731697,0.20078912757562473,0.24375274002630426,0.28408592722490134
0.271523178807947,0.19823399558498897,0.2401766004415011,0.2900662251655629
0.27802690582959644,0.1977578475336323,0.2336322869955157,0.2905829596412556
0.27477876106194693,0.2013274336283186,0.23407079646017698,0.28982300884955753
0.2737306843267108,0.20397350993377483,0.2370860927152318,0.28520971302428255
0.27184892402283706,0.2059727711901625,0.23671497584541062,0.2854633289415898
0.26952253458277553,0.2101740294511379,0.23605533244087462,0.28424810352521196
0.2734165923282783,0.21097234611953614,0.23015165031222123,0.2854594112399643
0.26648841354723707,0.21167557932263814,0.23529411764705882,0.28654188948306597
0.2609841827768014,0.2117750439367311,0.2390158172231986,0.28822495606326887
0.2646544181977253,0.2121609798775153,0.24278215223097113,0.2804024496937883
0.26946902654867255,0.21106194690265487,0.24557522123893805,0.2738938053097345
0.26415929203539823,0.2084070796460177,0.2513274336283186,0.2761061946902655
0.2684234033050469,0.20723537293434569,0.24698526127735596,0.27735596248325145
0.26946902654867255,0.20442477876106194,0.24469026548672565,0.2814159292035398
0.2662251655629139,0.2052980132450331,0.24988962472406182,0.2785871964679912
0.2737306843267108,0.2044150110375276,0.25165562913907286,0.27019867549668874
0.27132805628847845,0.202726473175022,0.2537379067722076,0.272207563764292
0.27802101576182137,0.19527145359019266,0.2508756567425569,0.27583187390542907
0.2893919218819352,0.18996893031513537,0.2467820683533067,0.27385707944962273
0.2867351496203662,0.19160339437248772,0.25011165698972754,0.2715497990174185
0.29473684210526313,0.19210526315789472,0.24166666666666667,0.27149122807017545
0.2892416225749559,0.20149911816578484,0.24162257495590828,0.26763668430335097
0.2911111111111111,0.19955555555555557,0.23822222222222222,0.27111111111111114
0.2890932982917214,0.1979851073149365,0.23828296101620675,0.27463863337713534
0.28565082185695245,0.20613060861839183,0.23767214571301643,0.2705464238116393
0.28577642453240537,0.20182688125271858,0.23749456285341453,0.2749021313614615
0.28015734265734266,0.21197552447552448,0.22814685314685315,0.27972027972027974
0.281972937581842,0.20951549541684852,0.2317765168048887,0.27673505019642075
0.2794182459233142,0.2124283825473777,0.22520934332304982,0.28294402820625825
0.27945084145261295,0.21479185119574845,0.2240921169176262,0.2816651904340124
0.28068631764188295,0.21425428948526176,0.22481302243730752,0.28024637043554773
0.2736098852603707,0.2237422771403354,0.2263901147396293,0.2762577228596646
0.26970770593445526,0.22320637732506643,0.22453498671390612,0.28255093002657217
0.2773403324584427,0.22440944881889763,0.21653543307086615,0.28171478565179353
0.28123620309050773,0.22075055187637968,0.21589403973509932,0.28211920529801326
0.2799646174259177,0.22069880583812473,0.21804511278195488,0.2812914639540027
0.2786377708978328,0.21804511278195488,0.21981424148606812,0.28350287483414416
0.28130590339892664,0.21735241502683364,0.2204830053667263,0.2808586762075134
0.2804931748128578,0.21532364597093792,0.2192866578599736,0.2848965213562307
0.2781195079086116,0.21748681898066785,0.21660808435852372,0.28778558875219684
0.27873183619550856,0.21796565389696168,0.21047996477322764,0.29282254513430206
0.28716814159292037,0.21460176991150443,0.21017699115044247,0.28805309734513274
0.2892998678996037,0.21796565389696168,0.21224130339057684,0.2804931748128578
0.28760476400529333,0.21393912659902956,0.21393912659902956,0.28451698279664756
0.2919227392449517,0.20719929762949957,0.21553994732221246,0.2853380158033363
0.29094922737306844,0.20132450331125828,0.22207505518763798,0.28565121412803535
0.2889767237593325,0.20641194554238032,0.2222222222222222,0.282389108476065
0.2872387727879057,0.200533570475767,0.2272120942641174,0.2850155624722099
0.292415607189829,0.20035072336694432,0.2253397632617273,0.28189390618149934
0.289925208974923,0.19753629564452266,0.22525296964364278,0.2872855257369116
0.2891566265060241,0.20615796519410978,0.22311468094600626,0.2815707273538599
0.28176549264378065,0.2086491306286224,0.2282657155595185,0.28131966116807844
0.2838964458095656,0.21061869240895129,0.22860903905221588,0.2768758227292672
0.2804931748128578,0.21003963011889035,0.23161602818141788,0.277851166886834
0.27881205673758863,0.20921985815602837,0.2322695035460993,0.2796985815602837
0.2747589833479404,0.20902716914986855,0.2401402278702892,0.27607361963190186
0.27917217084984586,0.2073976221928666,0.2430647291941876,0.27036547776309994
0.2745183887915937,0.2136602451838879,0.2447460595446585,0.2670753064798599
0.27598407784166296,0.2118531623175586,0.24369747899159663,0.26846528084918175
0.278391515687141,0.21122403888643393,0.2412726469288555,0.2691117984975696
0.2733274647887324,0.21830985915492956,0.24515845070422534,0.2632042253521127
0.27252650176678445,0.2248233215547703,0.24072438162544169,0.2619257950530035
0.2774591971768858,0.22408469342743714,0.23423026025584473,0.2642258491398324
0.2785204991087344,0.22192513368983957,0.23529411764705882,0.2642602495543672
0.2809439002671416,0.2257346393588602,0.23063223508459482,0.26268922528940336
0.28017817371937637,0.22939866369710468,0.23251670378619155,0.2579064587973274
0.2801590808661069,0.22978347326557666,0.23022536456031817,0.25983208130799823
0.28213028169014087,0.230193661971831,0.22887323943661972,0.25880281690140844
0.28338475099162624,0.2269722344645218,0.2247686205376818,0.26487439400617013
0.2869105332745703,0.22124283825473778,0.22520934332304982,0.2666372851476421
0.28812056737588654,0.21719858156028368,0.225177304964539,0.2695035460992908
0.2763796909492274,0.2229580573951435,0.2282560706401766,0.27240618101545255
0.2754650132860939,0.224977856510186,0.2254207263064659,0.2741364038972542
0.27465723131357805,0.21760283060592658,0.23042901371074745,0.2773109243697479
0.2770448548812665,0.22207563764291996,0.22911169744942833,0.2717678100263852
0.2710074791025077,0.22085349758029035,0.23141223053233612,0.27672679278486584
0.27023440955329503,0.2193719593100398,0.2344095532950022,0.27598407784166296
0.27006651884700666,0.21951219512195122,0.23592017738359203,0.2745011086474501
0.27132125497127707,0.2138753866548829,0.2337604949182501,0.28104286345558993
0.2618941751889729,0.21920853712761226,0.23076923076923078,0.2881280569141841
0.2608311229000884,0.22236958443854996,0.23253757736516356,0.28426171529619804
0.26887417218543047,0.21766004415011037,0.2304635761589404,0.28300220750551874
0.26522506619594,0.21403353927625773,0.235216240070609,0.2855251544571933
0.26290251433612705,0.21702690780767533,0.2368769298632554,0.2831936479929422
0.2612533097969991,0.2228596646072374,0.23433362753751102,0.2815533980582524
0.25853658536585367,0.22350332594235034,0.23813747228381374,0.2798226164079823
0.2605979473449353,0.22266845158411425,0.23605533244087462,0.28067826863007583
0.2611209964412811,0.2255338078291815,0.23443060498220641,0.27891459074733094
0.2605042016806723,0.22865988500663423,0.2335249889429456,0.2773109243697479
0.2615182097411145,0.22992540587977184,0.23124177270732776,0.2773146116717859
0.25859030837004404,0.22951541850220264,0.23259911894273128,0.27929515418502204
0.26369257950530034,0.2248233215547703,0.23807420494699646,0.27340989399293286
0.2649122807017544,0.21578947368421053,0.24605263157894736,0.27324561403508774
0.2618101545253863,0.21810154525386313,0.24282560706401765,0.2772626931567329
0.26499118165784835,0.21516754850088182,0.24118165784832452,0.2786596119929453
0.265962131219727,0.2162043152796125,0.23734037868780272,0.2804931748128578
0.26824978012313105,0.2106420404573439,0.2343887423043096,0.28671943711521547
0.2723666813574262,0.21066549140590568,0.23005729396209784,0.2869105332745703
0.27164835164835166,0.21142857142857144,0.22637362637362637,0.2905494505494505
0.27340989399293286,0.2058303886925795,0.232773851590106,0.2879858657243816
0.2717198581560284,0.21010638297872342,0.23182624113475178,0.28634751773049644
