C,D,Oc,Od
0.0,0.0,0.0,1.0
0.0,0.25,0.5,0.25
0.2857142857142857,0.42857142857142855,0.2857142857142857,0.0
0.2,0.2,0.4,0.2
0.0,0.14285714285714285,0.5714285714285714,0.2857142857142857
0.038461538461538464,0.11538461538461539,0.46153846153846156,0.38461538461538464
0.045454545454545456,0.13636363636363635,0.45454545454545453,0.36363636363636365
0.04477611940298507,0.13432835820895522,0.47761194029850745,0.34328358208955223
0.021505376344086023,0.17204301075268819,0.44086021505376344,0.3655913978494624
0.007751937984496124,0.2558139534883721,0.4108527131782946,0.32558139534883723
0.030303030303030304,0.2606060606060606,0.40606060606060607,0.30303030303030304
0.03773584905660377,0.25,0.4056603773584906,0.30660377358490565
0.07608695652173914,0.25,0.4311594202898551,0.2427536231884058
0.1016949152542373,0.2542372881355932,0.4180790960451977,0.22598870056497175
0.11190476190476191,0.25,0.4119047619047619,0.2261904761904762
0.12524461839530332,0.26810176125244617,0.3933463796477495,0.21330724070450097
0.13917525773195877,0.25257731958762886,0.39862542955326463,0.20962199312714777
0.15976331360946747,0.2692307692307692,0.3698224852071006,0.20118343195266272
0.17118226600985223,0.2770935960591133,0.3682266009852217,0.1834975369458128
0.18231441048034935,0.2663755458515284,0.37117903930131,0.18013100436681223
0.17994376757263356,0.26804123711340205,0.3711340206185567,0.18088097469540768
0.1734860883797054,0.2765957446808511,0.3690671031096563,0.18085106382978725
0.17758369723435224,0.2714701601164483,0.35880640465793306,0.19213973799126638
0.1854043392504931,0.2689020381328074,0.35831689677843526,0.1873767258382643
0.1845780206435944,0.27018822100789314,0.3582270795385549,0.1870066788099575
0.19135802469135801,0.27497194163860833,0.3468013468013468,0.18686868686868688
0.20052356020942408,0.268586387434555,0.33036649214659686,0.20052356020942408
0.1983016983016983,0.2647352647352647,0.33966033966033965,0.1973026973026973
0.2079731027857829,0.2723342939481268,0.3227665706051873,0.19692603266090297
0.21636615811373092,0.26814609338881185,0.32501155802126674,0.19047619047619047
0.2171945701357466,0.27149321266968324,0.32036199095022627,0.19095022624434388
0.2252650176678445,0.27340989399293286,0.31934628975265017,0.18197879858657243
0.23300129926375054,0.27024686011260285,0.31788653096578606,0.17886530965786054
0.24498692240627726,0.27332170880557977,0.3086312118570183,0.17306015693112467
0.2523645743766122,0.27815993121238175,0.29707652622527947,0.17239896818572656
0.25841242450388263,0.27610008628127697,0.29378774805867125,0.17169974115616912
0.2571428571428571,0.2753246753246753,0.2917748917748918,0.17575757575757575
0.26652267818574515,0.2708423326133909,0.28466522678185746,0.17796976241900647
0.2699095996556177,0.27034007748600947,0.2785191562634524,0.18123116659492036
0.26572528883183566,0.27471116816431324,0.28498074454428757,0.17458279845956354
0.27474402730375425,0.2721843003412969,0.28455631399317405,0.16851535836177475
0.28919265271251604,0.2618539085860743,0.28534814181973517,0.1636052968816745
0.29806451612903223,0.25763440860215053,0.28258064516129033,0.16172043010752687
0.3059026281775097,0.25333907798362776,0.27832830676432574,0.16242998707453685
0.3091849935316947,0.25528244933160843,0.2820181112548512,0.15351444588184562
0.30702889176369125,0.24838292367399742,0.2858990944372574,0.1586890901250539
0.30900554844216815,0.2505335040546308,0.283397353819889,0.157063593683312
0.3142979819665092,0.253327608415629,0.2855302705023615,0.1468441391155002
0.30954428202923473,0.2545141874462597,0.29105760963026656,0.14488392089423904
0.3113490364025696,0.2565310492505353,0.2877944325481799,0.1443254817987152
0.3111587982832618,0.25236051502145923,0.2811158798283262,0.15536480686695278
0.3161764705882353,0.2530276816608997,0.27854671280276816,0.1522491349480969
0.3192771084337349,0.25559380378657487,0.27710843373493976,0.14802065404475043
0.3228448275862069,0.2538793103448276,0.27543103448275863,0.1478448275862069
0.3197424892703863,0.26008583690987125,0.2729613733905579,0.14721030042918454
0.31619209519762004,0.26476838079048026,0.2702932426689333,0.1487462813429664
0.3145299145299145,0.26495726495726496,0.2747863247863248,0.14572649572649574
0.3151618398637138,0.2661839863713799,0.2661839863713799,0.1524701873935264
0.3165743502343417,0.26288879420536854,0.2714103110353643,0.14912654452492544
0.3230769230769231,0.2564102564102564,0.27136752136752135,0.14914529914529914
0.3321888412017167,0.259656652360515,0.2575107296137339,0.15064377682403435
0.3373545885394227,0.25506247307195173,0.25678586816027577,0.15079707022834984
0.33866782006920415,0.2556228373702422,0.25908304498269896,0.14662629757785467
0.33925476603119586,0.2512998266897747,0.26126516464471405,0.14818024263431542
0.3420939250323137,0.25118483412322273,0.25850926324859974,0.14821197759586385
0.34488734835355284,0.2551993067590988,0.25433275563258234,0.14558058925476602
0.35475466782457665,0.24924012158054712,0.25271385149804604,0.14329135909683022
0.3562231759656652,0.24248927038626608,0.2515021459227468,0.1497854077253219
0.3445017182130584,0.24140893470790378,0.2547250859106529,0.15936426116838487
0.3458225667527993,0.24203273040482343,0.25193798449612403,0.16020671834625322
0.34547792541791683,0.24089155593656236,0.25503643377625373,0.15859408486926704
0.34355044699872284,0.2418050234142188,0.25202213707960835,0.16262239250744998
0.34279569892473116,0.24559139784946238,0.2486021505376344,0.16301075268817206
0.34587430525865753,0.23471569046601112,0.24454895254382214,0.1748610517315092
0.35189982728842834,0.23661485319516407,0.24654576856649396,0.16493955094991364
0.34814495254529765,0.23813632441760138,0.24762726488352027,0.16609145815358067
0.34765792866351525,0.2406532015470563,0.2509669101847873,0.16072195960464117
0.3474137931034483,0.23922413793103448,0.25517241379310346,0.1581896551724138
0.35012919896640826,0.22609819121447028,0.2648578811369509,0.15891472868217055
0.3611111111111111,0.2282986111111111,0.2565104166666667,0.1540798611111111
0.36450630709003917,0.23183993040452372,0.2514136581122227,0.15224010439321445
0.36568457538994803,0.22833622183708838,0.255632582322357,0.1503466204506066
0.36885245901639346,0.2286453839516825,0.24805867126833478,0.1544434857635893
0.36926406926406924,0.23939393939393938,0.23203463203463204,0.15930735930735931
0.3728448275862069,0.24224137931034484,0.22801724137931034,0.15689655172413794
0.37371134020618557,0.23238831615120276,0.24012027491408935,0.15378006872852235
0.37267617812364895,0.23476005188067445,0.24254215304798962,0.15002161694768698
0.3683760683760684,0.24615384615384617,0.2329059829059829,0.15256410256410258
0.36961160904822876,0.23602219376867264,0.2390098164746052,0.1553563807084934
0.36886993603411516,0.2396588486140725,0.23198294243070364,0.15948827292110873
0.3734581029349213,0.23436835389196087,0.23564440663547426,0.15652913653764355
0.377844568484328,0.23057106054100474,0.23400601116358952,0.1575783598110777
0.3912667531344574,0.23086900129701687,0.22524859489840035,0.1526156506701254
0.39363987967339925,0.22604211431027074,0.22905027932960895,0.1512677266867211
0.39104220499569337,0.23083548664944015,0.22868217054263565,0.14944013781223084
0.39122883195831526,0.23143725575336518,0.23187147199305255,0.14546244029526703
0.3915298184961106,0.23681936041486604,0.22515125324114088,0.14649956784788246
0.37954939341421146,0.23873483535528597,0.23353552859618718,0.14818024263431542
0.37741519965650494,0.23915843709746673,0.23529411764705882,0.1481322455989695
0.38850771869639794,0.23756432246998285,0.22941680960548885,0.14451114922813035
0.3825531914893617,0.23829787234042554,0.23106382978723405,0.14808510638297873
0.3870552936133733,0.23060437205315046,0.23746249464209174,0.14487783969138449
0.3853054250320376,0.22981631781290046,0.24049551473729175,0.1443827424177702
0.38468085106382977,0.22893617021276597,0.24297872340425533,0.14340425531914894
0.390745501285347,0.22579263067694944,0.24121679520137104,0.14224507283633248
0.38874570446735396,0.2349656357388316,0.24140893470790378,0.13487972508591065
0.39766839378238344,0.231433506044905,0.23229706390328153,0.13860103626943004
0.39542906425183266,0.23027166882276842,0.2315653298835705,0.14273393704182838
0.4018010291595197,0.22898799313893653,0.23284734133790738,0.13636363636363635
0.40068346860316106,0.22639897479709525,0.23280649295173003,0.14011106364801368
0.3987941429801895,0.22179155900086134,0.23987941429801896,0.13953488372093023
0.40357598978288634,0.21839080459770116,0.23712217965091528,0.14091102596849722
0.4029335634167386,0.21613459879206212,0.24460742018981882,0.1363244176013805
0.4045768566493955,0.21200345423143352,0.24568221070811744,0.13773747841105355
0.40522036799315364,0.20881471972614463,0.24646983311938384,0.13949507916131793
0.4054286945282206,0.2093925032313658,0.24730719517449376,0.13787160706591986
0.40051129100979976,0.2126118449083937,0.2488282914358756,0.13804857264593098
0.3985445205479452,0.2093321917808219,0.2551369863013699,0.136986301369863
0.3946803946803947,0.21021021021021022,0.25396825396825395,0.14114114114114115
0.40291470210030006,0.20488641234462066,0.24774967852550364,0.14444920702957564
0.40484429065743943,0.20674740484429066,0.2422145328719723,0.14619377162629757
0.40353143841515937,0.20671834625322996,0.23772609819121446,0.1520241171403962
0.3985351141749246,0.2098233520034468,0.23739767341663076,0.15424386040499785
0.39982691475551707,0.20813500649069666,0.23799221116399827,0.15404586758978797
0.3990529487731382,0.2087817477399914,0.23891519586741283,0.1532501076194576
0.39828693790149894,0.20899357601713062,0.2385438972162741,0.15417558886509636
0.3937713310580205,0.21416382252559726,0.23848122866894197,0.15358361774744028
0.3842869342442357,0.2237403928266439,0.23697694278394535,0.15499573014517506
0.392140111063648,0.21913712088850917,0.23323366082870567,0.1554891072191371
0.39455488331892824,0.222990492653414,0.22601555747623164,0.15643906655142611
0.39177025289327044,0.23017573939134162,0.22931847406772396,0.14873553364766395
0.39440860215053763,0.22838709677419355,0.22494623655913978,0.15225806451612903
0.39914163090128757,0.2206008583690987,0.23133047210300428,0.14892703862660944
0.3913601368691189,0.22112917023096665,0.23652694610778444,0.15098374679213003
0.39864003399915005,0.22099447513812154,0.23756906077348067,0.14279643008924778
0.3938879456706282,0.2296264855687606,0.23471986417657045,0.14176570458404075
0.3894333191308053,0.23093310609288453,0.23604601619088197,0.1435875585854282
0.39483870967741935,0.23182795698924732,0.2339784946236559,0.1393548387096774
0.3942390369733448,0.23688736027515048,0.23043852106620807,0.13843508168529664
0.39470256187581415,0.233608336951802,0.2297003907946157,0.14198871037776814
0.38881664499349805,0.23623753792804508,0.235370611183355,0.13957520589510186
0.39487179487179486,0.2282051282051282,0.23247863247863249,0.14444444444444443
0.39766839378238344,0.23618307426597582,0.22582037996545767,0.14032815198618306
0.394017094017094,0.23247863247863249,0.22692307692307692,0.1465811965811966
0.3975181857081729,0.2246469833119384,0.2314933675652546,0.14634146341463414
0.39152759948652116,0.22379118528027386,0.22764227642276422,0.15703893881044073
0.39326800170430337,0.22709842351938644,0.22326374094588836,0.15636983383042183
0.3938356164383562,0.2230308219178082,0.2204623287671233,0.16267123287671234
0.39199655765920827,0.22074010327022375,0.21944922547332185,0.16781411359724613
0.39406961753330466,0.2191663085517834,0.22088525999140524,0.16587881392350667
0.3926275182168881,0.2168881268752679,0.224174882126018,0.16630947278182598
0.3900647948164147,0.22116630669546436,0.22159827213822894,0.16717062634989202
0.383061049011178,0.22184006878761822,0.22012037833190026,0.17497850386930353
0.3892241379310345,0.22370689655172413,0.21508620689655172,0.17198275862068965
0.39399141630901285,0.22317596566523606,0.21416309012875537,0.1686695278969957
0.39072563331902105,0.2206955775010734,0.21768999570631173,0.17088879347359381
0.39853195164075994,0.21848013816925735,0.22409326424870465,0.15889464594127806
0.39777111015859407,0.21817402486069437,0.21903129018431206,0.16502357479639948
0.3997418244406196,0.21729776247848537,0.21987951807228914,0.16308089500860584
0.4025586353944563,0.2166311300639659,0.22217484008528784,0.15863539445629
0.3964041095890411,0.2204623287671233,0.2247431506849315,0.1583904109589041
0.395458440445587,0.22579263067694944,0.21979434447300772,0.15895458440445587
0.3992281303602058,0.22341337907375644,0.21869639794168097,0.15866209262435677
0.39664082687338503,0.22868217054263565,0.21877691645133507,0.15590008613264428
0.3943298969072165,0.2268041237113402,0.22895189003436425,0.14991408934707903
0.39373121511378273,0.22928295405753543,0.22799484757406613,0.1489909832546157
0.39010752688172046,0.23053763440860214,0.22838709677419355,0.15096774193548387
0.38862761864044465,0.23257802479692177,0.22530996152201796,0.15348439504061565
0.40231859167024475,0.231859167024474,0.21811936453413483,0.1477028767711464
0.39482758620689656,0.23017241379310344,0.21767241379310345,0.15732758620689655
0.38044406490179333,0.23654995730145176,0.21904355251921434,0.16396242527754057
0.3828964331757628,0.2324881822088526,0.21959604641168887,0.16501933820369574
0.3884861407249467,0.24093816631130063,0.21279317697228145,0.15778251599147122
0.3923833975181857,0.2409071459135644,0.21523320496362858,0.1514762516046213
0.3982795698924731,0.23440860215053763,0.2189247311827957,0.14838709677419354
0.3981919931123547,0.22858372793801118,0.22341799397331039,0.14980628497632373
0.3949507916131793,0.22764227642276422,0.22978177150192555,0.14762516046213095
0.3889369057908384,0.23249783923941228,0.2320656871218669,0.14649956784788246
0.3854389721627409,0.23511777301927195,0.23554603854389722,0.14389721627408994
0.39158437097466725,0.23014169171318163,0.23443537999141262,0.14383855732073852
0.39527896995708156,0.22832618025751072,0.22918454935622318,0.14721030042918454
0.39206279982555603,0.22982991713911904,0.22939380723942435,0.14871347579590058
0.3892033086634741,0.23117109272964736,0.2281236395298215,0.15150195907705702
0.39136069114470845,0.22894168466522677,0.22375809935205185,0.15593952483801296
0.38893653516295024,0.2307032590051458,0.22684391080617497,0.153516295025729
0.39416058394160586,0.23100042936882784,0.22370115929583512,0.15113782739373122
0.3905579399141631,0.22746781115879827,0.22532188841201717,0.15665236051502146
0.39104477611940297,0.22686567164179106,0.2277185501066098,0.15437100213219615
0.3971600688468158,0.22547332185886404,0.22117039586919104,0.1561962134251291
0.39417309340188517,0.22279348757497858,0.22836332476435303,0.1546700942587832
0.40137516115169747,0.22905027932960895,0.21658788139235066,0.15298667812634292
0.4005167958656331,0.23126614987080105,0.21662360034453057,0.1515934539190353
0.4049657534246575,0.2328767123287671,0.20847602739726026,0.15368150684931506
0.411130284728214,0.2269197584124245,0.20966350301984468,0.15228645383951683
0.3997418244406196,0.2310671256454389,0.21643717728055079,0.1527538726333907
0.40283748925193463,0.22871883061049011,0.21840068787618228,0.15004299226139295
0.40242844752818735,0.23850823937554205,0.2142237640936687,0.1448395490026019
0.4049978457561396,0.23395088323998275,0.2115467470917708,0.14950452391210686
0.3990509059534081,0.23123382226056946,0.2182916307161346,0.15142364106988784
0.4027898866608544,0.22580645161290322,0.22144725370531823,0.14995640802092414
0.39810834049871024,0.2222699914015477,0.23043852106620807,0.14918314703353397
0.40130151843817785,0.22169197396963122,0.2229934924078091,0.1540130151843818
0.40353143841515937,0.22093023255813954,0.2222222222222222,0.1533161068044789
0.39473684210526316,0.225625539257981,0.22950819672131148,0.15012942191544434
0.4010327022375215,0.22375215146299485,0.22203098106712565,0.153184165232358
0.3932101418134938,0.22905027932960895,0.23291792006875806,0.14482165878813924
0.38581314878892736,0.23226643598615918,0.2365916955017301,0.1453287197231834
0.3849425776265419,0.226286686516376,0.24074861760952787,0.14802211824755424
0.38504512247529005,0.22948001718951438,0.23678556080790716,0.14868929952728835
0.38392089423903697,0.22871883061049011,0.2407566638005159,0.146603611349957
0.3734368262181975,0.23113410952996982,0.24277705907718844,0.15265200517464425
0.3756953359007274,0.23534445870774498,0.23534445870774498,0.15361574668378264
0.3838599487617421,0.23014517506404783,0.2412467976088813,0.14474807856532879
0.3849121303043292,0.22588941277325333,0.24646378054007714,0.14273467638234033
0.3738237810094098,0.22668947818648416,0.25320786997433703,0.14627887082976904
0.37041773231031544,0.2297527706734868,0.2531969309462916,0.1466325660699062
0.37233134073441504,0.233134073441503,0.24893253629376602,0.14560204953031597
0.36563307493540054,0.2364341085271318,0.2532299741602067,0.14470284237726097
0.3667523564695801,0.24121679520137104,0.24721508140531276,0.14481576692373607
0.3696865607556891,0.23357664233576642,0.25375697724345214,0.14297981966509232
0.3764093668690373,0.22549869904596703,0.2523850823937554,0.14570685169124023
0.3880597014925373,0.22430703624733475,0.24264392324093817,0.14498933901918976
0.38165296408481175,0.21981826049329295,0.2444829078321073,0.15404586758978797
0.3816300129366106,0.21949115998275118,0.23889607589478223,0.15998275118585598
0.3804347826086957,0.21434782608695652,0.24869565217391304,0.1565217391304348
0.3826311263972485,0.2188306104901118,0.24978503869303526,0.14875322441960448
0.3789836347975883,0.2144702842377261,0.25021533161068044,0.15633074935400518
0.38372591006423984,0.21241970021413276,0.2449678800856531,0.1588865096359743
0.3849462365591398,0.20903225806451614,0.24688172043010753,0.15913978494623657
0.3844167025398192,0.21308652604390874,0.24192854068015499,0.1605682307361171
0.38399318859088977,0.2137079608343976,0.24563644103873988,0.15666240953597274
0.38203695745595184,0.2144391920928234,0.2475290073055436,0.15599484314568113
0.37789203084832906,0.21379605826906597,0.25107112253641817,0.1572407883461868
0.3769363166953528,0.22461273666092943,0.2487091222030981,0.14974182444061962
0.37590464027245635,0.22690506598552576,0.24648786717752236,0.15070242656449553
0.3803786574870912,0.2284853700516351,0.24053356282271945,0.15060240963855423
0.38046272493573263,0.22707797772065125,0.2442159383033419,0.14824335904027422
0.37591397849462366,0.22408602150537635,0.24946236559139784,0.15053763440860216
0.376017130620985,0.22869379014989294,0.2436830835117773,0.15160599571734476
0.3723129836629407,0.22828890799656062,0.24247635425623387,0.15692175408426484
0.37667386609071274,0.22332613390928727,0.23801295896328295,0.16198704103671707
0.3643883326077492,0.22725293861558554,0.25032651284283847,0.15803221593382674
0.3605002156101768,0.23372143165157394,0.24622682190599396,0.1595515308322553
0.35557468790357294,0.22944468359879466,0.24451140766250537,0.170469220835127
0.3578856152512998,0.2296360485268631,0.24783362218370883,0.16464471403812825
0.3595166163141994,0.22529132498921017,0.24730254639620197,0.16788951230038843
0.35486649440137813,0.22695951765719208,0.2523686477174849,0.16580534022394489
0.3619047619047619,0.22683982683982684,0.2523809523809524,0.15887445887445886
0.35902988306626243,0.2278042442615851,0.2572542226071893,0.1559116500649632
0.3603642671292281,0.22116218560277537,0.2623590633130963,0.15611448395490027
0.3567099567099567,0.22164502164502164,0.258008658008658,0.16363636363636364
0.3512699095996556,0.23030563925957814,0.25398191993112357,0.1644425312096427
0.3565957446808511,0.23063829787234041,0.24851063829787234,0.16425531914893618
0.3591941705957994,0.2284612087441063,0.24903557651093014,0.16330904414916417
0.35987946620749034,0.23288850624192853,0.2449418854928971,0.16229014205768402
0.3581833761782348,0.23307626392459296,0.2480719794344473,0.16066838046272494
0.3634804972138877,0.2271753107586798,0.24903557651093014,0.16030861551650236
0.36790439607341013,0.22279129321382843,0.2535211267605634,0.15578318395219803
0.37073802330599914,0.21838584376348727,0.25118687958567115,0.15968925334484246
0.3741349480968858,0.2296712802768166,0.2422145328719723,0.15397923875432526
0.3662214562688496,0.23610512710038775,0.24429125376992675,0.15338216286083584
0.36125429553264604,0.23367697594501718,0.24914089347079038,0.1559278350515464
0.35695764909248057,0.22731201382886776,0.2566983578219533,0.15903197925669835
0.35751295336787564,0.22538860103626943,0.25906735751295334,0.15803108808290156
0.3572354211663067,0.22332613390928727,0.2591792656587473,0.16025917926565875
0.36213634389926186,0.22709509335649153,0.25401650021710814,0.15675206252713852
0.3620689655172414,0.22370689655172413,0.24913793103448276,0.16508620689655173
0.3725065047701648,0.22333044232437121,0.24588031222896792,0.1582827406764961
0.38014737754659733,0.2223667100130039,0.24057217165149544,0.15691374078890333
0.3811386353759235,0.22468491960017384,0.23381138635375923,0.16036505867014342
0.38193548387096776,0.22236559139784945,0.23698924731182797,0.15870967741935485
0.3764503652771809,0.23205844434894715,0.23291792006875806,0.15857327030511387
0.3778642455685257,0.23000432338953739,0.23605706874189364,0.15607436230004323
0.3784135240572172,0.22496749024707413,0.24187256176853056,0.15474642392717816
0.3895599654874892,0.22131147540983606,0.23770491803278687,0.15142364106988784
0.38017241379310346,0.22155172413793103,0.24267241379310345,0.15560344827586206
0.3809318377911993,0.22044866264020707,0.2441760138050043,0.1544434857635893
0.3810544363480497,0.22117445349335618,0.2413201885983712,0.1564509215602229
0.3796928327645051,0.22184300341296928,0.24232081911262798,0.1561433447098976
0.3716475095785441,0.22349936143039592,0.24265644955300128,0.16219667943805874
0.37147736976942786,0.21733561058923997,0.24295473953885569,0.1682322801024765
0.3732876712328767,0.2183219178082192,0.2405821917808219,0.1678082191780822
0.37591084440634376,0.22031718816973853,0.24174882126018002,0.16202314616373767
0.3730703259005146,0.22169811320754718,0.24571183533447685,0.1595197255574614
0.378956372968349,0.22070145423438836,0.2399486740804106,0.16039349871685202
0.3861683848797251,0.21692439862542956,0.23883161512027493,0.15807560137457044
0.3875268817204301,0.20817204301075268,0.23827956989247312,0.16602150537634408
0.37993138936535165,0.21355060034305318,0.24056603773584906,0.16595197255574615
0.38144329896907214,0.21477663230240548,0.24097938144329897,0.16280068728522337
0.38054607508532423,0.2137372013651877,0.24232081911262798,0.16339590443686006
0.382441113490364,0.21798715203426125,0.23725910064239827,0.16231263383297645
0.3837998303647159,0.21882951653944022,0.23197625106022052,0.16539440203562342
0.37708422402736214,0.21846943138093203,0.23386062419837536,0.17058572039333048
0.37714776632302405,0.22379725085910654,0.23195876288659795,0.16709621993127147
0.38369098712446353,0.22532188841201717,0.22875536480686695,0.16223175965665235
0.3776074925500213,0.21966794380587484,0.23627075351213284,0.16645381013197105
0.3792955326460481,0.22036082474226804,0.23797250859106528,0.16237113402061856
0.38123667377398723,0.2230277185501066,0.23795309168443496,0.15778251599147122
0.3836665248830285,0.22586133560187155,0.23819651212250106,0.1522756273925989
0.38373083475298125,0.2270017035775128,0.2342419080068143,0.15502555366269166
0.3744644387317909,0.22922022279348758,0.23736075407026563,0.15895458440445587
0.3685335613510047,0.22958529286019666,0.2419837537409149,0.15989739204788372
0.36375266524520256,0.23283582089552238,0.24733475479744135,0.1560767590618337
0.3614303959131545,0.2358450404427416,0.24691358024691357,0.1558109833971903
0.3606279168434451,0.23462028001697072,0.25243954179041156,0.15231226134917267
0.362736660929432,0.2310671256454389,0.2512908777969019,0.1549053356282272
0.3655821917808219,0.2341609589041096,0.24486301369863014,0.15539383561643835
0.37445887445887444,0.22727272727272727,0.24545454545454545,0.15281385281385282
0.375,0.22456896551724137,0.2439655172413793,0.1564655172413793
0.3703862660944206,0.2278969957081545,0.2463519313304721,0.15536480686695278
0.37221269296740994,0.22727272727272727,0.2388507718696398,0.16166380789022297
0.3708779443254818,0.22740899357601713,0.24411134903640258,0.1576017130620985
0.369546621043627,0.23438836612489308,0.23481608212147134,0.16124893071000856
0.3694158075601375,0.23238831615120276,0.23324742268041238,0.16494845360824742
0.37607204116638077,0.23284734133790738,0.23241852487135506,0.15866209262435677
0.37553648068669526,0.2278969957081545,0.2351931330472103,0.16137339055793992
0.38197424892703863,0.22703862660944207,0.2330472103004292,0.15793991416309014
0.38385573207385143,0.21983683984542723,0.23357664233576642,0.16273078574495492
0.37825159914712153,0.2255863539445629,0.23411513859275054,0.16204690831556504
0.3761348897535668,0.22351923908344143,0.23519239083441418,0.1651534803285776
0.3716012084592145,0.22097539922313336,0.23996547259387138,0.16745791972378074
0.3718723037100949,0.2200172562553926,0.24201898188093185,0.16609145815358067
0.3768303186907838,0.21791559000861327,0.2347114556416882,0.17054263565891473
0.3776732249786142,0.22241231822070145,0.23609923011120615,0.16381522668947818
0.37973605789697745,0.2247765006385696,0.23669646658152405,0.1587909748829289
0.387949718248808,0.22280017338534894,0.23667100130039012,0.15257910706545297
0.3953488372093023,0.2235142118863049,0.23944875107665806,0.1416881998277347
0.3913793103448276,0.225,0.2375,0.14612068965517241
0.3931034482758621,0.2267241379310345,0.23189655172413792,0.1482758620689655
0.40268166089965396,0.21972318339100347,0.22837370242214533,0.14922145328719724
0.39477068152593225,0.22074582083154737,0.22931847406772396,0.1551650235747964
0.3870274914089347,0.22036082474226804,0.234106529209622,0.15850515463917525
0.38807890222984565,0.21569468267581476,0.23284734133790738,0.16337907375643224
0.3974358974358974,0.21837606837606838,0.22008547008547008,0.1641025641025641
0.3847479534683326,0.22964239551917276,0.2214562688496338,0.16415338216286082
0.3817320120637656,0.23653597587246877,0.2193020249892288,0.16242998707453685
0.38822525597269625,0.23122866894197952,0.2235494880546075,0.15699658703071673
0.38612175393784587,0.2260536398467433,0.22435078756917837,0.16347381864623245
0.3844519966015293,0.22982158028887,0.2183517417162277,0.16737468139337297
0.3870967741935484,0.23268817204301076,0.21634408602150537,0.1638709677419355
0.3844510892780863,0.2375053395984622,0.21828278513455787,0.15976078598889362
0.38812392426850256,0.24053356282271945,0.21385542168674698,0.15748709122203097
0.38776389487289964,0.23696682464454977,0.21628608358466178,0.15898319689788884
0.38540772532188844,0.23476394849785406,0.2257510729613734,0.15407725321888413
0.38398622470942745,0.23202755058114508,0.22815325010761947,0.155832974601808
0.3873330461008186,0.22834984920292978,0.22619560534252478,0.15812149935372685
0.38170888793473595,0.23100042936882784,0.2224130528123658,0.16487762988407043
0.377844568484328,0.2327179046801202,0.22756547874624303,0.16187204808930872
0.3690527218174025,0.23617659665666524,0.22588941277325333,0.16888126875267895
0.37440961786174326,0.231859167024474,0.21940747101760413,0.17432374409617862
0.37483898668956633,0.23787033061399743,0.21811936453413483,0.1691713181623014
0.3678800856531049,0.23511777301927195,0.2252676659528908,0.17173447537473233
0.3637916310845431,0.2425277540563621,0.2241673783091375,0.1695132365499573
0.3648763853367434,0.2340153452685422,0.2229326513213981,0.17817561807331628
0.36726804123711343,0.2349656357388316,0.22551546391752578,0.1722508591065292
0.36925719192786605,0.23486474881923572,0.21940747101760413,0.17647058823529413
0.3654995730145175,0.2327070879590094,0.23014517506404783,0.17164816396242527
0.3685113685113685,0.23337623337623337,0.2247962247962248,0.17331617331617333
0.3710718897976754,0.23159707275075334,0.22341799397331039,0.17391304347826086
0.38074588031222895,0.22810060711188204,0.22506504770164787,0.16608846487424112
0.3803122289679098,0.22766695576756288,0.23113616652211622,0.1608846487424111
0.37607204116638077,0.22898799313893653,0.23499142367066894,0.15994854202401373
0.3728163613123136,0.23135918193438432,0.23221133361738389,0.1636131231359182
0.38095238095238093,0.22651222651222652,0.23637923637923638,0.15615615615615616
0.3798548868971404,0.23132735808792146,0.23047375160051217,0.15834400341442595
0.3793103448275862,0.2277564921243082,0.227330779054917,0.16560238399318858
0.37505357908272613,0.23017573939134162,0.2284612087441063,0.16630947278182598
0.3781009409751925,0.23053892215568864,0.2245508982035928,0.16680923866552608
0.382201203783319,0.22656921754084264,0.22484952708512468,0.16638005159071367
0.3787289234760052,0.23216601815823606,0.2222222222222222,0.16688283614353652
0.37736660929432014,0.2314974182444062,0.22332185886402753,0.16781411359724613
0.37707006369426754,0.23014861995753716,0.22250530785562633,0.170276008492569
0.3758503401360544,0.22831632653061223,0.22363945578231292,0.17219387755102042
0.3770985794231597,0.22169608265174343,0.2346104175634955,0.16659492036160137
0.37221269296740994,0.22641509433962265,0.2367066895368782,0.1646655231560892
0.3822125813449024,0.22603036876355748,0.23297180043383947,0.15878524945770064
0.38254172015404364,0.22507488232777065,0.23192126658108686,0.16046213093709885
0.38491379310344825,0.22629310344827586,0.23146551724137931,0.15732758620689655
0.3904433921653035,0.2212656048213517,0.23245802841153682,0.155832974601808
0.38862761864044465,0.22231722958529285,0.22830269345874304,0.16075245831551946
0.38820008550662677,0.2261650277896537,0.22359982898674646,0.16203505771697307
0.38924731182795697,0.22236559139784945,0.22838709677419355,0.16
0.39095177123346136,0.2274861288945796,0.22364489970123774,0.1579172001707213
0.3851091142490372,0.2293538724860933,0.22807017543859648,0.157466837826273
0.3819889031156637,0.23431498079385404,0.22492530943235167,0.1587708066581306
0.38675213675213677,0.2311965811965812,0.22735042735042735,0.1547008547008547
0.39451114922813035,0.23284734133790738,0.2199828473413379,0.15265866209262435
0.39691384483497644,0.23060437205315046,0.22503214744963565,0.14744963566223745
0.3929492691315563,0.22785898538263114,0.2239896818572657,0.15520206362854685
0.39451114922813035,0.2277015437392796,0.22041166380789023,0.15737564322469982
0.3852813852813853,0.23722943722943723,0.23116883116883116,0.14632034632034632
0.3873988931460196,0.2358450404427416,0.22094508301404853,0.1558109833971903
0.3865979381443299,0.23195876288659795,0.22250859106529208,0.15893470790378006
0.383955383955384,0.23895323895323894,0.22093522093522094,0.15615615615615616
0.3849785407725322,0.23605150214592274,0.21759656652360515,0.16137339055793992
0.38271604938271603,0.24010217113665389,0.21583652618135377,0.1613452532992763
0.37948717948717947,0.24188034188034188,0.22136752136752136,0.15726495726495726
0.3776164032464759,0.24519436138402392,0.22597180692011962,0.1512174284493806
0.3791489361702128,0.24382978723404256,0.22638297872340427,0.15063829787234043
0.3816631130063966,0.24051172707889126,0.2230277185501066,0.15479744136460555
0.37944162436548223,0.23815566835871405,0.21785109983079526,0.16455160744500846
0.3787489288774636,0.2377892030848329,0.21422450728363324,0.16923736075407025
0.3784246575342466,0.23929794520547945,0.21875,0.16352739726027396
0.3783433994823123,0.2364106988783434,0.22174288179465057,0.1635030198446937
0.3753740914920906,0.23599828986746474,0.22530996152201796,0.1633176571184267
0.3748925193465176,0.2411865864144454,0.21840068787618228,0.1655202063628547
0.37558886509635975,0.24197002141327623,0.21884368308351176,0.16359743040685226
0.37899740708729474,0.23249783923941228,0.22255834053586862,0.16594641313742436
0.37526928048255065,0.23912106850495476,0.21628608358466178,0.16932356742783283
0.37285223367697595,0.23883161512027493,0.22250859106529208,0.16580756013745704
0.38022165387894286,0.23231031543052003,0.2208013640238704,0.16666666666666666
0.38247863247863245,0.23034188034188033,0.21495726495726497,0.17222222222222222
0.3860325621251071,0.23136246786632392,0.2125107112253642,0.1700942587832048
0.3767741935483871,0.23526881720430107,0.22021505376344086,0.16774193548387098
0.3727351164797239,0.24460742018981882,0.22174288179465057,0.16091458153580673
0.372354211663067,0.24578833693304536,0.2267818574514039,0.1550755939524838
0.3621945992284612,0.24903557651093014,0.23060437205315046,0.1581654522074582
0.3628127696289905,0.2450388265746333,0.23037100949094047,0.16177739430543572
0.3669961323592609,0.24838848302535455,0.22561237645036528,0.15900300816501933
0.36306001690617073,0.23922231614539308,0.231614539306847,0.1661031276415892
0.36475583864118893,0.24288747346072187,0.2326963906581741,0.15966029723991507
0.36989247311827955,0.23956989247311827,0.23182795698924732,0.15870967741935485
0.37220309810671254,0.23752151462994836,0.22633390705679862,0.16394148020654045
0.36685369011653,0.23780750971083298,0.22917565817867933,0.1661631419939577
0.376668101592768,0.24623331898407233,0.22083512699095997,0.15626345243219975
0.3745719178082192,0.24529109589041095,0.22345890410958905,0.1566780821917808
0.37017994858611825,0.2442159383033419,0.22322193658954584,0.16238217652099401
0.36196581196581196,0.24487179487179486,0.23162393162393163,0.16153846153846155
0.3595023595023595,0.2398112398112398,0.23637923637923638,0.1643071643071643
0.3654995730145175,0.24423569598633646,0.22886421861656703,0.161400512382579
0.3644177051998281,0.2406532015470563,0.23033949290932532,0.16458960034379028
0.36982758620689654,0.2439655172413793,0.22327586206896552,0.1629310344827586
0.36952789699570815,0.24678111587982832,0.2240343347639485,0.15965665236051502
0.3644214162348877,0.2452504317789292,0.23186528497409326,0.1584628670120898
0.36461937716262977,0.24524221453287198,0.23529411764705882,0.15484429065743946
0.3757549611734254,0.23943054357204488,0.22821397756686798,0.15660051768766178
0.36936936936936937,0.2441012441012441,0.2295152295152295,0.15701415701415702
0.36496980155306297,0.2454702329594478,0.23209663503019845,0.15746333045729077
0.37123169681309215,0.23901808785529716,0.2368647717484927,0.152885443583118
0.36996971008221546,0.24405019472090003,0.23279965382951104,0.15318044136737344
0.36484174508126604,0.24422583404619333,0.24080410607356714,0.15012831479897348
0.3641025641025641,0.24102564102564103,0.24102564102564103,0.15384615384615385
0.36293436293436293,0.24152724152724153,0.24581724581724582,0.14972114972114972
0.3630901287553648,0.2351931330472103,0.25278969957081543,0.14892703862660944
0.36616702355460384,0.23683083511777303,0.25438972162740897,0.14261241970021413
0.35878839590443684,0.2363481228668942,0.2568259385665529,0.14803754266211605
0.35729567821994007,0.2396234488660676,0.26144629867351304,0.14163457424047926
0.3507718696397942,0.24271012006861065,0.26500857632933106,0.14150943396226415
0.35550847457627116,0.2457627118644068,0.26016949152542374,0.1385593220338983
0.3488869863013699,0.25,0.2607020547945205,0.1404109589041096
0.34473909324208724,0.25278015397775877,0.26390076988879385,0.13857998289136014
0.350765306122449,0.2534013605442177,0.25637755102040816,0.13945578231292516
0.35289079229122056,0.2586723768736617,0.2552462526766595,0.13319057815845825
0.34804753820033957,0.2529711375212224,0.25424448217317486,0.14473684210526316
0.34057971014492755,0.24595055413469735,0.2595907928388747,0.15387894288150042
0.3353191489361702,0.24765957446808512,0.2642553191489362,0.15276595744680851
0.338336192109777,0.25514579759862777,0.25686106346483706,0.14965694682675815
0.33773987206823025,0.2511727078891258,0.25756929637526654,0.1535181236673774
0.33635187580853815,0.24708926261319533,0.26002587322121606,0.15653298835705046
0.34277134277134275,0.24581724581724582,0.2488202488202488,0.1625911625911626
0.3424307036247335,0.24051172707889126,0.2515991471215352,0.16545842217484008
0.34450572761985576,0.240560033941451,0.25031820110309716,0.1646160373355961
0.3384681215233205,0.2443303380402225,0.2558836114676936,0.16131792896876337
0.3444302176696543,0.2501067008109262,0.24583866837387963,0.1596244131455399
0.3433347621088727,0.2498928418345478,0.24389198456922417,0.16288041148735533
0.3455249569707401,0.25430292598967297,0.23666092943201378,0.16351118760757316
0.34664948453608246,0.25601374570446733,0.23067010309278352,0.16666666666666666
0.35168587281263336,0.25650874946649593,0.22492530943235167,0.16688006828851898
0.35405057865409345,0.2541791684526361,0.2271753107586798,0.16459494213459067
0.35185976913210776,0.25181701581872595,0.2321504916631039,0.16417272338606242
0.3482181193645341,0.24602833834263632,0.23915843709746673,0.16659510519536283
0.35160599571734474,0.2423982869379015,0.23940042826552463,0.16659528907922913
0.36053540587219346,0.23618307426597582,0.23661485319516407,0.16666666666666666
0.3642241379310345,0.23275862068965517,0.2396551724137931,0.16336206896551725
0.36551724137931035,0.23060344827586207,0.23405172413793104,0.16982758620689656
0.35680549592099614,0.22713610991841993,0.2421640188922284,0.17389437526835552
0.3626943005181347,0.22452504317789293,0.23834196891191708,0.17443868739205526
0.3568965517241379,0.23405172413793104,0.23275862068965517,0.17629310344827587
0.35828645607961923,0.23712678494158373,0.22674167027260925,0.1778450887061878
0.358974358974359,0.23675213675213674,0.2282051282051282,0.17606837606837608
0.3654012079378775,0.23943054357204488,0.22044866264020707,0.17471958584987057
0.3739872068230277,0.23582089552238805,0.22004264392324094,0.1701492537313433
0.36833119931711483,0.2373026034997866,0.22151088348271447,0.17285531370038412
0.3783668234288157,0.2334330910645575,0.21846943138093203,0.16973065412569474
0.37627986348122866,0.23378839590443687,0.21843003412969283,0.17150170648464164
0.3875,0.22844827586206898,0.21551724137931033,0.16853448275862068
0.38014737754659733,0.23276983094928477,0.2223667100130039,0.164716081491114
0.37920621225194134,0.23252804141501293,0.22303710094909404,0.16522864538395168
0.3784135240572172,0.23493714781100997,0.22323363675769398,0.16341569137407888
0.3815278377211912,0.23133362106171773,0.22831247302546395,0.15882606819162712
0.38478166882836146,0.23173367920449633,0.22827496757457846,0.15520968439256377
0.382187635105923,0.23216601815823606,0.2261132728058798,0.15953307392996108
0.3856292517006803,0.2266156462585034,0.2266156462585034,0.16113945578231292
0.3845497225778916,0.2364489970123773,0.22151088348271447,0.15749039692701663
0.38392475416844807,0.2321504916631039,0.221889696451475,0.16203505771697307
0.386986301369863,0.2247431506849315,0.2281678082191781,0.1601027397260274
0.3791773778920309,0.23564695801199656,0.2240788346186804,0.1610968294772922
0.3892241379310345,0.2267241379310345,0.2267241379310345,0.15732758620689655
0.38547968885047534,0.22947277441659464,0.22601555747623164,0.15903197925669835
0.37757731958762886,0.24312714776632302,0.22293814432989692,0.1563573883161512
0.3795025728987993,0.23241852487135506,0.22727272727272727,0.16080617495711835
0.3809931506849315,0.2358732876712329,0.21875,0.1643835616438356
0.38333333333333336,0.2358974358974359,0.21324786324786324,0.1675213675213675
0.37976853836262325,0.2383197599657094,0.21731675953707671,0.16459494213459067
0.37265758091993184,0.23168654173764908,0.22998296422487224,0.16567291311754684
0.38276896699528506,0.2271753107586798,0.22288898414059152,0.16716673810544364
0.37747205503009457,0.236457437661221,0.22098022355975924,0.1650902837489252
0.3762291577597264,0.2381359555365541,0.22231722958529285,0.1633176571184267
0.37876182287188304,0.2360275150472915,0.22055030094582975,0.16466036113499571
0.38058084091894234,0.23190290420459472,0.22280017338534894,0.164716081491114
0.38318965517241377,0.23663793103448275,0.22155172413793103,0.15862068965517243
0.3792955326460481,0.23883161512027493,0.22422680412371135,0.15764604810996563
0.37387193811774816,0.24581005586592178,0.22174473571121617,0.15857327030511387
