C,D,Oc,Od
0.0,1.0,0.0,0.0
0.0,1.0,0.0,0.0
0.0,0.5,0.5,0.0
0.3333333333333333,0.3333333333333333,0.3333333333333333,0.0
0.3333333333333333,0.0,0.3333333333333333,0.3333333333333333
0.25,0.0,0.5,0.25
0.2,0.2,0.4,0.2
0.4,0.2,0.4,0.0
0.2857142857142857,0.14285714285714285,0.2857142857142857,0.2857142857142857
0.3,0.1,0.3,0.3
0.25,0.16666666666666666,0.25,0.3333333333333333
0.2,0.2,0.13333333333333333,0.4666666666666667
0.22727272727272727,0.18181818181818182,0.09090909090909091,0.5
0.2903225806451613,0.12903225806451613,0.0967741935483871,0.4838709677419355
0.32558139534883723,0.046511627906976744,0.06976744186046512,0.5581395348837209
0.32727272727272727,0.07272727272727272,0.03636363636363636,0.5636363636363636
0.3484848484848485,0.06060606060606061,0.015151515151515152,0.5757575757575758
0.35555555555555557,0.06666666666666667,0.03333333333333333,0.5444444444444444
0.39655172413793105,0.0603448275862069,0.02586206896551724,0.5172413793103449
0.4413793103448276,0.041379310344827586,0.027586206896551724,0.4896551724137931
0.43646408839779005,0.049723756906077346,0.027624309392265192,0.4861878453038674
0.4225352112676056,0.056338028169014086,0.03286384976525822,0.48826291079812206
0.4367816091954023,0.05747126436781609,0.038314176245210725,0.4674329501915709
0.43174603174603177,0.05714285714285714,0.03492063492063492,0.47619047619047616
0.4441489361702128,0.047872340425531915,0.02925531914893617,0.4787234042553192
0.43902439024390244,0.046341463414634146,0.02195121951219512,0.4926829268292683
0.4314516129032258,0.04233870967741935,0.018145161290322582,0.5080645161290323
0.42602495543672014,0.04634581105169341,0.017825311942959002,0.5098039215686274
0.43086816720257237,0.04662379421221865,0.01607717041800643,0.5064308681672026
0.4158273381294964,0.051798561151079135,0.014388489208633094,0.5179856115107914
0.417910447761194,0.04975124378109453,0.012437810945273632,0.5199004975124378
0.4056818181818182,0.05227272727272727,0.0125,0.5295454545454545
0.3947100712105799,0.04679552390640895,0.01627670396744659,0.5422177009155646
0.4061302681992337,0.05172413793103448,0.022030651340996167,0.5201149425287356
0.38854073410922113,0.051924798567591766,0.025962399283795883,0.5335720680393913
0.3946078431372549,0.05800653594771242,0.029411764705882353,0.5179738562091504
0.3863810252486611,0.06197398622800306,0.03289977046671767,0.5187452180566182
0.3773181169757489,0.06633380884450785,0.03209700427960057,0.5242510699001427
0.36934503713706957,0.06144496961512492,0.03916272788656313,0.5300472653612424
0.3623003194888179,0.06389776357827476,0.042172523961661344,0.531629392971246
0.35128518971848227,0.06181150550795594,0.038555691554467565,0.5483476132190942
0.35232558139534886,0.053488372093023255,0.040697674418604654,0.5534883720930233
0.34904109589041094,0.05698630136986301,0.03945205479452055,0.5545205479452054
0.35052083333333334,0.053125,0.04479166666666667,0.5515625
0.34881373043917213,0.05401312468450278,0.04543160020191822,0.5517415446744068
0.34604247104247104,0.05405405405405406,0.04247104247104247,0.5574324324324325
0.34608120868744097,0.05476864966949953,0.040132200188857416,0.559017941454202
0.3572420175844516,0.05229060620083295,0.03979639055992596,0.5506709856547894
0.36114911080711354,0.0533515731874145,0.041951664386684906,0.543547651618787
0.359009009009009,0.0545045045045045,0.04234234234234234,0.5441441441441441
0.3559322033898305,0.05396966993755575,0.0423728813559322,0.5477252453166815
0.3471664435519857,0.055778670236501564,0.04819277108433735,0.5488621151271754
0.3475582930048394,0.05323361196656401,0.048834139903211615,0.550373955125385
0.35436893203883496,0.0529567519858782,0.04766107678729038,0.5450132391879965
0.344918609766828,0.05455345358556973,0.0475142982842059,0.5530136383633963
0.3484982332155477,0.05609540636042403,0.04814487632508834,0.5472614840989399
0.3487044356609574,0.051822573561704,0.048748353096179184,0.5507246376811594
0.3445378151260504,0.055285272003538256,0.04909332153914197,0.5510835913312694
0.3419068736141907,0.05543237250554324,0.04789356984478936,0.5547671840354768
0.3383658969804618,0.0563943161634103,0.04884547069271759,0.5563943161634103
0.343585237258348,0.05711775043936731,0.05052724077328647,0.5487697715289982
0.33524734982332155,0.05962897526501767,0.054770318021201414,0.5503533568904594
0.33421284080914687,0.060246262093227795,0.055848724714160074,0.5496921723834652
0.32468103827540695,0.06159260888693357,0.05807303123625165,0.5556533216014078
0.3260105448154657,0.0632688927943761,0.06063268892794376,0.5500878734622144
0.3240495137046861,0.0680813439434129,0.0610079575596817,0.5468611847922192
0.3171052631578947,0.06578947368421052,0.06096491228070176,0.5561403508771929
0.3163082437275986,0.06182795698924731,0.06406810035842293,0.5577956989247311
0.31687968267959454,0.06522697223446453,0.06478624944909651,0.5531070956368445
0.3183222958057395,0.06887417218543046,0.06666666666666667,0.5461368653421633
0.3177198409191339,0.06937693327441449,0.06539991162174105,0.5475033141847105
0.31838170624450307,0.07563764291996482,0.06376429199648197,0.5422163588390502
0.325066430469442,0.07528786536758193,0.06288751107174491,0.5367581930912312
0.32182381584772024,0.07436918990703852,0.0650730411686587,0.5387339530765826
0.3200883002207506,0.07505518763796909,0.0684326710816777,0.5364238410596026
0.32212389380530976,0.07168141592920355,0.07035398230088495,0.5358407079646018
0.3173415492957746,0.07350352112676056,0.07130281690140845,0.5378521126760564
0.32112550245645377,0.06833407771326486,0.06878070567217508,0.5417597141581063
0.3205240174672489,0.06768558951965066,0.0703056768558952,0.5414847161572053
0.323477493380406,0.06928508384819064,0.06840247131509268,0.5388349514563107
0.3264042459088899,0.07209199469261389,0.07076514816452897,0.5307386112339673
0.3254281949934124,0.07861220904699165,0.07114624505928854,0.5248133509003075
0.32596196373286157,0.07916850950906679,0.07209199469261389,0.5227775320654577
0.31876379690949225,0.07858719646799117,0.07152317880794702,0.5311258278145695
0.3182624113475177,0.07890070921985816,0.07358156028368794,0.5292553191489362
0.3205072146917359,0.07914298207258418,0.07520769567118496,0.525142107564495
0.3104503716659379,0.0835155225185833,0.07958023611718408,0.5264538696982947
0.30887521968365556,0.08479789103690685,0.08260105448154657,0.523725834797891
0.312,0.08222222222222222,0.084,0.5217777777777778
0.31625054752518617,0.07971966710468681,0.08190976784932107,0.522120017520806
0.31724440544098287,0.08117595436594997,0.08205353225098727,0.5195261079420799
0.31117957746478875,0.0818661971830986,0.07966549295774648,0.5272887323943662
0.31371681415929203,0.07831858407079646,0.07920353982300884,0.5287610619469026
0.3178984861976848,0.0819234194122885,0.0761353517364203,0.5240427426536064
0.31625441696113077,0.08171378091872791,0.07862190812720848,0.5234098939929329
0.31169977924944814,0.08653421633554084,0.08035320088300221,0.5214128035320088
0.311922569291685,0.08446986361636603,0.08139023317201936,0.5222173339199296
0.3109729009329187,0.0866281652598845,0.08218569524655708,0.5202132385606397
0.31095406360424027,0.08568904593639576,0.08436395759717315,0.5189929328621908
0.3064091308165057,0.08647936786654961,0.08604038630377524,0.5210711150131695
0.30974224552206203,0.08519003931847968,0.08650065530799476,0.5185670598514636
0.315626383355467,0.08455068614431165,0.08897742363877822,0.5108455068614431
0.3114323258869908,0.08497590889180902,0.08804204993429698,0.5155497152869032
0.31026884089907447,0.0872631115028647,0.08990744821507272,0.5125605993829881
0.3165340406719717,0.08797524314765694,0.08620689655172414,0.5092838196286472
0.3172352680549402,0.0872840053167922,0.08639787328311918,0.5090828533451485
0.3230088495575221,0.08495575221238938,0.08938053097345133,0.5026548672566372
0.32098765432098764,0.08818342151675485,0.08641975308641975,0.5044091710758377
0.3170091823349366,0.08613904678618277,0.09138609532138173,0.5054656755574989
0.3180414644905161,0.08425231583590649,0.08778120864578738,0.50992501102779
0.3134394341290893,0.08178603006189213,0.08576480990274093,0.5190097259062776
0.3110426748790145,0.08842938847338319,0.08974923009238892,0.5107787065552134
0.3140969162995595,0.08766519823788546,0.08546255506607929,0.5127753303964758
0.323477493380406,0.08031774051191527,0.088261253309797,0.5079435127978817
0.31746031746031744,0.08597883597883597,0.08509700176366843,0.5114638447971781
0.31119964586100046,0.08764940239043825,0.0880920761398849,0.5130588756086764
0.31057563587684067,0.08835341365461848,0.08746095493083444,0.5136099955377064
0.3149536832818703,0.08822232024702249,0.08734009704455227,0.5094838994265549
0.31663685152057247,0.09033989266547406,0.08765652951699464,0.5053667262969589
0.30571555161719094,0.09570225963668587,0.09038546743464776,0.5081967213114754
0.3072502210433245,0.09637488947833775,0.09062776304155615,0.5057471264367817
0.3100263852242744,0.0919085312225154,0.0932277924362357,0.5048372911169745
0.30674305861613044,0.09343323049801674,0.09122961657117673,0.5085940943146761
0.30742049469964666,0.09496466431095406,0.09319787985865724,0.5044169611307421
0.30498016747465845,0.09034817100044072,0.09387395328338476,0.510797708241516
0.3118942731277533,0.0907488986784141,0.09559471365638766,0.5017621145374449
0.3075230972283326,0.09062912450505939,0.09942806863176419,0.5024197096348438
0.3076245041868665,0.09563684442485676,0.1000440722785368,0.49669457910973996
0.3055187637969095,0.09624724061810154,0.10596026490066225,0.4922737306843267
0.31169977924944814,0.09359823399558499,0.10816777041942605,0.48653421633554084
0.3124448367166814,0.09576345984112974,0.10458958517210945,0.4872021182700794
0.31252728066346575,0.09690091663029245,0.10824967263203841,0.4823221300742034
0.31244444444444447,0.096,0.11066666666666666,0.48088888888888887
0.3116883116883117,0.09941782355575458,0.11106135244066279,0.47783251231527096
0.3079630444346678,0.0985481742190937,0.1117465904091509,0.48174219093708753
0.314611671785871,0.10267661254936375,0.1075032909170689,0.47520842474769637
0.3104982206405694,0.10409252669039146,0.11076512455516015,0.474644128113879
0.3076584507042254,0.10827464788732394,0.1113556338028169,0.4727112676056338
0.3103901797457256,0.10477860587461639,0.11354669004822446,0.4712845243314336
0.30599647266313934,0.10537918871252204,0.11243386243386243,0.47619047619047616
0.3125,0.10695422535211267,0.1113556338028169,0.46919014084507044
0.3107142857142857,0.109375,0.10714285714285714,0.47276785714285713
0.3093145869947276,0.10984182776801406,0.1063268892794376,0.47451669595782076
0.3108762659621312,0.10788199031263761,0.10920299427564949,0.4720387494495817
0.3074561403508772,0.10789473684210527,0.10701754385964912,0.4776315789473684
0.30610452349582784,0.11330698287220026,0.10628019323671498,0.4743083003952569
0.3122791519434629,0.1073321554770318,0.10556537102473498,0.4748233215547703
0.3129432624113475,0.1077127659574468,0.10460992907801418,0.4747340425531915
0.31838170624450307,0.10861917326297274,0.10729991204925242,0.4656992084432718
0.311353711790393,0.10655021834061135,0.11004366812227075,0.4720524017467249
0.3178021978021978,0.10417582417582417,0.1054945054945055,0.4725274725274725
0.32172763331864257,0.09960334949316879,0.10665491405905686,0.4720141031291318
0.31808183018037833,0.09898812142542895,0.10866695996480423,0.47426308842938847
0.32748024582967517,0.0961369622475856,0.10798946444249341,0.4683933274802458
0.3260201842913559,0.09653356735410268,0.11013602457218079,0.4673102237823607
0.3290293855743544,0.1006233303650935,0.10908281389136243,0.46126447016918964
0.32377591530657257,0.10498456109395678,0.1129245699161888,0.45831495368328184
0.32774591971768857,0.10542567269519189,0.11689457432730481,0.44993383325981473
0.32653061224489793,0.10559006211180125,0.11535048802129548,0.4525288376220053
0.32678025338575795,0.1000436871996505,0.11795543905635648,0.455220620358235
0.32763907139728426,0.10162067455102934,0.11300919842312747,0.4577310556285589
0.3326010544815466,0.1023725834797891,0.11072056239015818,0.45430579964850615
0.33510402833111996,0.099601593625498,0.10978308986277113,0.4555112881806109
0.33980582524271846,0.0997352162400706,0.10679611650485436,0.45366284201235657
0.33983163491360213,0.10101905183872396,0.10589277802392556,0.4532565352237483
0.34394341290893016,0.10433244916003537,0.10300618921308577,0.44871794871794873
0.34169969176574194,0.10347864376926465,0.10039630118890357,0.45442536327608984
0.34007919049714036,0.10778706555213374,0.10206775186977562,0.4500659920809503
0.33595113438045376,0.1055846422338569,0.1055846422338569,0.45287958115183247
0.33274725274725275,0.10241758241758242,0.10725274725274725,0.4575824175824176
0.3361381753764393,0.10363153232949512,0.1054030115146147,0.45482728077945084
0.3416776460254721,0.10188844971453667,0.1067193675889328,0.44971453667105843
0.33672566371681417,0.10353982300884956,0.10619469026548672,0.45353982300884954
0.3396980461811723,0.10257548845470693,0.10479573712255773,0.45293072824156305
0.3380593708462561,0.10013291980505096,0.10544971200708905,0.45635799734160387
0.3337736679876706,0.09819462791721709,0.10391897842360194,0.46411272567151035
0.3393406593406593,0.09714285714285714,0.10373626373626374,0.45978021978021977
0.34384717903154155,0.09773434029320302,0.09773434029320302,0.4606841403820524
0.3420353982300885,0.09823008849557523,0.10088495575221239,0.4588495575221239
0.33609055289508055,0.09925990422289943,0.10622551153678711,0.4584240313452329
0.3343680709534368,0.09977827050997783,0.10598669623059867,0.45986696230598667
0.3365638766519824,0.1013215859030837,0.10220264317180616,0.45991189427312773
0.3367301727957466,0.10367744793974303,0.10323438192290652,0.45635799734160387
0.3361013986013986,0.10227272727272728,0.10751748251748251,0.4541083916083916
0.3302671922908454,0.10074463425317565,0.11213315812527376,0.4568550153307052
0.3262786596119929,0.10582010582010581,0.11022927689594356,0.4576719576719577
0.3289299867899604,0.10788199031263761,0.1083223249669749,0.45486569793042714
0.3264770240700219,0.10634573304157549,0.1111597374179431,0.4560175054704595
0.325164113785558,0.10940919037199125,0.10809628008752735,0.4573304157549234
0.3283318623124448,0.11429832303618712,0.10635481023830538,0.4510150044130627
0.33128565160157963,0.10838086880210619,0.10443176831943835,0.45590171127687584
0.33858957512045557,0.10643889618922471,0.10600087604029786,0.4489706526500219
0.3326010544815466,0.10852372583479789,0.1023725834797891,0.45650263620386644
0.328042328042328,0.10582010582010581,0.10008818342151675,0.4660493827160494
0.3206881340979268,0.1027790030877812,0.10542567269519189,0.4711071901191001
0.3138556883576804,0.10668437361664453,0.10668437361664453,0.47277556440903057
0.3140826299422479,0.10439804531319413,0.10884051532652154,0.4726788094180364
0.3185840707964602,0.10265486725663717,0.10486725663716814,0.4738938053097345
0.31562774363476737,0.09701492537313433,0.10491659350307288,0.48244073748902544
0.31721384205856257,0.09582963620230701,0.10692102928127772,0.4800354924578527
0.3131578947368421,0.09736842105263158,0.10789473684210527,0.48157894736842105
0.3185840707964602,0.10176991150442478,0.10442477876106195,0.47522123893805307
0.31985784095957354,0.10439804531319413,0.10573078631719236,0.47001332741004
0.31699779249448123,0.106401766004415,0.10772626931567329,0.4688741721854305
0.31558098591549294,0.10475352112676056,0.10915492957746478,0.4705105633802817
0.31941359395824076,0.1039537983118614,0.11728120835184362,0.4593513993780542
0.3151837096060204,0.1102257636122178,0.11730854360336432,0.4572819831783975
0.31148262208534977,0.1117465904091509,0.12098548174219094,0.4557853057633084
0.31016042780748665,0.11274509803921569,0.12121212121212122,0.45588235294117646
0.31005338078291816,0.125,0.11788256227758007,0.4470640569395018
0.31013215859030835,0.12334801762114538,0.11541850220264317,0.4511013215859031
0.30638677981241624,0.1205895489057615,0.11612326931665923,0.456900401965163
0.30762489044697633,0.11437335670464505,0.11831726555652936,0.45968448729184924
0.30613145125716806,0.11601235112483459,0.11821790913101014,0.45963828848698723
0.30850131463628394,0.11744084136722173,0.11831726555652936,0.45574057843996496
0.30823117338003503,0.11865148861646235,0.11514886164623468,0.45796847635726795
0.3143358176238492,0.11354669004822446,0.11486190267426567,0.4572555896536607
0.31064958020327,0.11665930181175431,0.12152010605391074,0.45117101193106496
0.3071808510638298,0.1148049645390071,0.12145390070921985,0.45656028368794327
0.3113957597173145,0.11263250883392226,0.12102473498233215,0.4549469964664311
0.31558098591549294,0.11047535211267606,0.12059859154929578,0.4533450704225352
0.3133539003966505,0.11062141912736889,0.12075804319083297,0.45526663728514766
0.31216696269982236,0.11678507992895204,0.12078152753108348,0.4502664298401421
0.31283185840707967,0.11460176991150442,0.12123893805309735,0.45132743362831856
0.31060272767267927,0.11922569291684998,0.1227452705675319,0.4474263088429388
0.30351579884290164,0.11526479750778816,0.12505562972852693,0.4561637739207833
0.30346947738252084,0.11682037768994291,0.11989459815546773,0.4598155467720685
0.3130779392338177,0.11712901805372083,0.1206516952884192,0.44914134742404227
0.30423280423280424,0.12037037037037036,0.12610229276895943,0.44929453262786595
0.3044434667839859,0.12670479542454904,0.12626484821821382,0.4425868895732512
0.30239786856127887,0.12255772646536411,0.12877442273534637,0.4462699822380107
0.30070859167404784,0.12356067316209035,0.12887511071744906,0.44685562444641275
0.3115780062583818,0.11622708985248101,0.12606168976307555,0.4461332141260617
0.31135857461024496,0.11447661469933185,0.12516703786191538,0.4489977728285078
0.30725274725274726,0.11648351648351649,0.12571428571428572,0.45054945054945056
0.31526016615653696,0.1184958460865763,0.1254919108001749,0.44075207695671187
0.3105562855891371,0.11476127901883487,0.12308366184844503,0.451598773543583
0.31456225252969644,0.11570611526616806,0.12230532336119665,0.4474263088429388
0.3200531208499336,0.11553784860557768,0.11775121735281098,0.44665781319167774
0.3147985989492119,0.11514886164623468,0.11996497373029773,0.4500875656742557
0.3114247904719894,0.11777679752977503,0.11689457432730481,0.45390383767093073
0.31258396775638153,0.11643528884908196,0.11867442901925661,0.4523063143752799
0.31057563587684067,0.11735832217759928,0.12048192771084337,0.45158411423471667
0.31282952548330406,0.11994727592267135,0.1195079086115993,0.4477152899824253
0.3147497805092186,0.12203687445127305,0.1154521510096576,0.44776119402985076
0.3150984682713348,0.12735229759299782,0.11072210065645514,0.44682713347921227
0.3176991150442478,0.12964601769911505,0.1079646017699115,0.4446902654867257
0.31922398589065254,0.13139329805996472,0.10802469135802469,0.44135802469135804
0.3180604982206406,0.12944839857651247,0.10854092526690391,0.44395017793594305
0.31509267431597526,0.1262135922330097,0.10767872903795234,0.4510150044130627
0.318141592920354,0.1261061946902655,0.10486725663716814,0.4508849557522124
0.3100263852242744,0.12752858399296393,0.10466138962181179,0.4577836411609499
0.3118374558303887,0.127208480565371,0.11086572438162544,0.4500883392226148
0.3120567375886525,0.1254432624113475,0.10815602836879433,0.45434397163120566
0.30742049469964666,0.12102473498233215,0.10556537102473498,0.4659893992932862
0.30921923246581384,0.12527569475077194,0.105866784296427,0.45963828848698723
0.3151837096060204,0.12837538733953077,0.10447100486941124,0.45196989818503763
0.3098652759669709,0.12733594089526293,0.11125597566275533,0.45154280747501085
0.3092511013215859,0.13083700440528634,0.11585903083700441,0.4440528634361233
0.30393013100436683,0.1331877729257642,0.12008733624454149,0.4427947598253275
0.30863656291100394,0.13064445418676018,0.1188075405523893,0.4419114423498466
0.3010181496237273,0.12970340858787074,0.11996458610004426,0.4493138556883577
0.29398663697104677,0.133184855233853,0.1220489977728285,0.45077951002227173
0.2961165048543689,0.13724624889673434,0.1147396293027361,0.45189761694616065
0.29925405879771827,0.13602457218078104,0.11496270293988592,0.44975866608161474
0.29745166959578206,0.13884007029876977,0.11599297012302284,0.4477152899824253
0.2931726907630522,0.13966979027219992,0.11512717536813923,0.45203034359660865
0.29201588001764445,0.1349801499779444,0.1164534627260697,0.4565505072783414
0.2874779541446208,0.13580246913580246,0.11904761904761904,0.4576719576719577
0.28345765686704694,0.13295304958315052,0.11803422553751645,0.4655550680122861
0.2858411007545495,0.1318242343541944,0.11984021304926765,0.46249445184198845
0.28211920529801326,0.13774834437086092,0.11743929359823399,0.46269315673289185
0.2848939929328622,0.13427561837455831,0.11616607773851591,0.46466431095406363
0.278341420379356,0.13233348037053375,0.12174680194089105,0.46757829730921924
0.2708150744960561,0.13891323400525854,0.1165644171779141,0.47370727432077125
0.27615248226950356,0.13652482269503546,0.11613475177304965,0.47118794326241137
0.2783641160949868,0.14072119613016712,0.11257695690413369,0.4683377308707124
0.2791519434628975,0.13869257950530034,0.11219081272084806,0.46996466431095407
0.28036971830985913,0.13512323943661972,0.11399647887323944,0.4705105633802817
0.28125,0.13336267605633803,0.11047535211267606,0.47491197183098594
0.2822085889570552,0.1371603856266433,0.10999123575810692,0.4706397896581946
0.2862190812720848,0.13427561837455831,0.11130742049469965,0.46819787985865724
0.2803738317757009,0.1299510458388963,0.10769915442812639,0.4819759679572764
0.2834890965732087,0.1312861593235425,0.1059190031152648,0.47930574098798395
0.27851458885941643,0.13572060123784263,0.10521662245800177,0.48054818744473915
0.28476527900797166,0.1341895482728078,0.10628875110717449,0.47475642161204606
0.28309305373525556,0.13368283093053734,0.10397553516819572,0.47924858016601135
0.2833775419982317,0.1348364279398762,0.10610079575596817,0.47568523430592397
0.28508189464364764,0.13545816733067728,0.1049136786188579,0.47454625940681716
0.2903930131004367,0.1331877729257642,0.10262008733624454,0.4737991266375546
0.29096545615589015,0.1337466784765279,0.0987599645704163,0.4765279007971656
0.28678745028722935,0.137870083959346,0.10296067167476801,0.47238179407865666
0.2832523199292974,0.14184710561201944,0.10075121520106053,0.47414935925762264
0.2886053673559173,0.139463264408271,0.10558732952045755,0.4663440387153542
0.2916666666666667,0.1355263157894737,0.10701754385964912,0.46578947368421053
0.28818827708703376,0.13587921847246892,0.10968028419182949,0.46625222024866786
0.29959695476936854,0.13658755038065382,0.11195700850873265,0.451858486341245
0.2947136563876652,0.14008810572687225,0.10616740088105726,0.4590308370044053
0.29336283185840706,0.13893805309734514,0.10530973451327434,0.46238938053097345
0.2898806893504198,0.14273088820150243,0.10472823685373397,0.4626601855943438
0.2935739436619718,0.1386443661971831,0.10299295774647887,0.4647887323943662
0.29305002213368747,0.1416555998229305,0.099601593625498,0.46569278441788403
0.2891939769707706,0.14614703277236493,0.10230292294065545,0.46235606731620904
0.28923076923076924,0.14461538461538462,0.10153846153846154,0.4646153846153846
0.2841409691629956,0.14317180616740088,0.1013215859030837,0.4713656387665198
0.2853992059991178,0.13939126599029555,0.10983678870754301,0.4653727393030437
0.28608809419973835,0.13693850850414305,0.11120802442215438,0.46576537287396425
0.2862144420131291,0.13435448577680525,0.11422319474835886,0.4652078774617068
0.27767936226749335,0.1403897254207263,0.11381753764393268,0.46811337466784764
0.2820061592608887,0.1372635283765948,0.11702595688517378,0.46370435547734273
0.2860938883968113,0.13773250664304695,0.11293179805137289,0.4632418069087688
0.2877254729432468,0.1350637923449186,0.10998680158380994,0.4672239331280246
0.28933333333333333,0.1328888888888889,0.1111111111111111,0.4666666666666667
0.2855263157894737,0.13771929824561405,0.1074561403508772,0.4692982456140351
0.2869105332745703,0.13397972675187308,0.10973997355663288,0.46936976641692374
0.2900394910048267,0.13119789381307592,0.11320754716981132,0.4655550680122861
0.2912966252220249,0.13188277087033748,0.11234458259325045,0.4644760213143872
0.2857768052516411,0.13522975929978118,0.11641137855579868,0.462582056892779
0.2804232804232804,0.13624338624338625,0.11155202821869488,0.47178130511463845
0.2760301284891449,0.13469206911829862,0.1178555604785113,0.4714222419140452
0.26845342706502634,0.13708260105448156,0.11818980667838312,0.47627416520210897
0.27079646017699116,0.13628318584070798,0.12212389380530973,0.47079646017699117
0.2727272727272727,0.13350900307422048,0.12340799297321037,0.47035573122529645
0.26654898499558694,0.1319505736981465,0.12400706090026478,0.47749338040600176
0.27144742630884294,0.13418389793224814,0.12230532336119665,0.4720633523977123
0.2738043001316367,0.13646336112329968,0.12242211496270294,0.4673102237823607
0.27607361963190186,0.14198071866783524,0.1200701139351446,0.4618755477651183
0.27461368653421636,0.1381898454746137,0.12097130242825607,0.46622516556291393
0.2750551876379691,0.1368653421633554,0.1205298013245033,0.4675496688741722
0.26783369803063456,0.13522975929978118,0.12341356673960613,0.4735229759299781
0.2726473175021988,0.13940193491644678,0.1248900615655233,0.4630606860158311
0.2766798418972332,0.1427316644707949,0.12209046991655688,0.45849802371541504
0.2817089452603471,0.13707165109034267,0.12060525144637294,0.4606141522029373
0.2778993435448578,0.13698030634573305,0.12428884026258205,0.46083150984682714
0.2801402893467777,0.14072775098640947,0.11968434896975011,0.4594476106970627
0.28452433143358175,0.1319596668128014,0.12362998684787374,0.4598860149057431
0.28111209179170343,0.13106796116504854,0.12180052956751986,0.46601941747572817
0.28236853733981443,0.12638091029606716,0.12240388864339373,0.4688466637207247
0.27980427046263345,0.12855871886120995,0.11699288256227758,0.474644128113879
0.28163444639718804,0.1265377855887522,0.11643233743409491,0.47539543057996486
0.27741371778069024,0.1288772389689821,0.11664482306684142,0.47706422018348627
0.2833775419982317,0.1282051282051282,0.11450044208664899,0.4739168877099912
0.2844600526777875,0.12774363476733977,0.11237928007023705,0.4754170324846356
0.2906208718626156,0.12681638044914134,0.10568031704095113,0.47688243064729197
0.2886734244160423,0.127368884971353,0.10665491405905686,0.4773027765535478
0.2864099158919876,0.1248339973439575,0.10624169986719788,0.482514386896857
0.28906595838866755,0.1279327135900841,0.10934041611332448,0.47366091190792387
0.28197158081705154,0.13010657193605685,0.10790408525754884,0.4800177619893428
0.29318681318681317,0.12703296703296704,0.10241758241758242,0.47736263736263734
0.3027765535478184,0.12119876597620097,0.09828118113706479,0.4777434993389158
0.3045774647887324,0.1210387323943662,0.0994718309859155,0.47491197183098594
0.31161971830985913,0.1210387323943662,0.09551056338028169,0.47183098591549294
0.31167690956979804,0.1189640035118525,0.10140474100087796,0.4679543459174715
0.3057017543859649,0.11842105263157894,0.10219298245614035,0.47368421052631576
0.30323151837096063,0.12306330234617087,0.10358565737051793,0.4701195219123506
0.30687361419068737,0.12239467849223946,0.1033259423503326,0.4674057649667406
0.30048394192696876,0.12010558732952045,0.09942806863176419,0.4799824021117466
0.29730921923246584,0.12262902514336127,0.10145566828407587,0.478606087340097
0.2978442586889573,0.11702595688517378,0.10338759348878135,0.48174219093708753
0.29691629955947135,0.11938325991189427,0.10220264317180616,0.4814977973568282
0.2958241758241758,0.11956043956043956,0.10241758241758242,0.48219780219780217
0.29683377308707126,0.12049252418645559,0.0998240985048373,0.48284960422163586
0.28810572687224667,0.11806167400881057,0.10352422907488987,0.49030837004405287
0.2888402625820569,0.11291028446389496,0.1037199124726477,0.49452954048140046
0.2879120879120879,0.11648351648351649,0.1010989010989011,0.4945054945054945
0.2946150422785937,0.11704494882064975,0.09879839786381843,0.48954161103693816
0.298021978021978,0.11340659340659341,0.09758241758241758,0.490989010989011
0.2968542312804608,0.11253876827647319,0.1023482498892335,0.4882587505538325
0.2937554969217238,0.1090589270008795,0.1059806508355321,0.49120492524186454
0.2967372134038801,0.11552028218694885,0.1027336860670194,0.48500881834215165
0.2957249889819304,0.11414720141031291,0.10356985456148082,0.4865579550462759
0.3000886524822695,0.11347517730496454,0.10416666666666667,0.48226950354609927
0.2967372134038801,0.11772486772486772,0.10670194003527336,0.47883597883597884
0.29640980735551664,0.11865148861646235,0.10945709281961472,0.4754816112084063
0.29042179261862916,0.12038664323374342,0.11291739894551846,0.47627416520210897
0.2967372134038801,0.11816578483245149,0.11507936507936507,0.47001763668430335
0.29543459174714665,0.11676909569798069,0.11501316944688324,0.47278314310798947
0.2916299559471366,0.1171806167400881,0.11541850220264317,0.47577092511013214
0.29528426619656234,0.1132657558395769,0.11502864698104892,0.4764213309828118
0.29845474613686535,0.10772626931567329,0.11699779249448124,0.4768211920529801
0.3007518796992481,0.10482087571870853,0.11853162317558602,0.4758956214064573
0.30030959752321984,0.10791685095090668,0.11808934099955772,0.47368421052631576
0.29646017699115046,0.10265486725663717,0.12477876106194691,0.4761061946902655
0.29089301503094606,0.10079575596816977,0.1242263483642794,0.48408488063660476
0.2951754385964912,0.10087719298245613,0.12368421052631579,0.48026315789473684
0.2968056787932564,0.09937888198757763,0.12156166814551908,0.48225377107364686
0.29393673110720564,0.11028119507908611,0.1225834797891037,0.47319859402460457
0.2904929577464789,0.11619718309859155,0.12455985915492958,0.46875
0.2932924156071898,0.11486190267426567,0.12626041209995617,0.4655852696185883
0.29388297872340424,0.11702127659574468,0.12588652482269502,0.46320921985815605
0.2911894273127753,0.11365638766519824,0.12246696035242291,0.4726872246696035
0.2946584938704028,0.11295971978984239,0.12171628721541156,0.47066549912434325
0.29978118161925604,0.11859956236323851,0.11947483588621444,0.46214442013129103
0.3050397877984085,0.1198054818744474,0.11538461538461539,0.45977011494252873
0.29973474801061006,0.1242263483642794,0.11405835543766578,0.4619805481874447
0.2937554969217238,0.12313104661389622,0.11565523306948108,0.46745822339489884
0.29610162067455104,0.12395970214629873,0.11563731931668857,0.4643013578624617
0.29429960229783475,0.1254971277065842,0.11489173663278833,0.46531153336279274
0.29308065226972235,0.125165271044513,0.11458792419568092,0.46716615249008375
0.2958057395143488,0.12450331125827814,0.11567328918322296,0.4640176600441501
0.29188712522045857,0.12566137566137567,0.11243386243386243,0.47001763668430335
0.29305002213368747,0.12660469234174412,0.11288180610889774,0.4674634794156706
0.286784140969163,0.13171806167400882,0.11277533039647578,0.4687224669603524
0.29476462824461064,0.12978442586889574,0.11438627364716233,0.4610646722393313
0.29577464788732394,0.12764084507042253,0.11575704225352113,0.4608274647887324
0.2988556338028169,0.1289612676056338,0.11795774647887323,0.45422535211267606
0.29574374725756913,0.13075910487055725,0.12066695919262835,0.4528301886792453
0.29078947368421054,0.12850877192982457,0.12412280701754386,0.45657894736842103
0.2968136185072021,0.12789175032736796,0.12483631601920558,0.45045831514622436
0.2964912280701754,0.13421052631578947,0.1267543859649123,0.4425438596491228
0.2872200263504611,0.13614404918752745,0.12604303908651734,0.4505928853754941
0.2891141472014103,0.1366240634640811,0.125605993829881,0.4486557955046276
0.28880070546737213,0.1371252204585538,0.1247795414462081,0.44929453262786595
0.2872246696035242,0.13348017621145375,0.12422907488986784,0.4550660792951542
0.28646748681898065,0.1335676625659051,0.12697715289982425,0.45298769771528996
0.28350970017636684,0.13403880070546736,0.1247795414462081,0.4576719576719577
0.28111209179170343,0.13415710503089143,0.12709620476610767,0.45763459841129744
0.2782685512367491,0.1329505300353357,0.12367491166077739,0.4651060070671378
0.28234265734265734,0.12805944055944055,0.12674825174825174,0.46284965034965037
0.28010586678429644,0.13145125716806352,0.12042346713718571,0.46801940891045435
0.2803532008830022,0.13245033112582782,0.12494481236203091,0.46225165562913906
0.2786309784993418,0.1320754716981132,0.12461605967529618,0.4646774901272488
0.2780487804878049,0.13569844789356986,0.12638580931263857,0.45986696230598667
0.27654867256637167,0.13539823008849558,0.12787610619469025,0.46017699115044247
0.2775098640946953,0.13459009206488382,0.12889083735203857,0.4590092064883823
0.27883340698188247,0.1316836058329651,0.12859036676977464,0.4608926204153778
0.281346920691183,0.12937527691626052,0.1284891448825875,0.460788657509969
0.2768959435626102,0.13095238095238096,0.12433862433862433,0.4678130511463845
0.27628684557853056,0.12802463704355477,0.13198416190057194,0.46370435547734273
0.27680140597539543,0.13181019332161686,0.13181019332161686,0.45957820738137084
0.27887571365832237,0.12779973649538867,0.13131313131313133,0.46201141853315764
0.27716673999120106,0.13374395072591289,0.13330400351957766,0.4557853057633084
0.27872433377020533,0.1345565749235474,0.13193534294451725,0.45478374836173
0.2779991146525011,0.13191677733510404,0.133244798583444,0.45683930942895085
0.27831010452961674,0.1328397212543554,0.1297909407665505,0.45905923344947736
0.28339191564147626,0.13268892794376097,0.12917398945518455,0.45474516695957823
0.28226514486391574,0.12906057945566285,0.1321334503950834,0.456540825285338
0.28459869848156183,0.13449023861171366,0.12928416485900218,0.4516268980477223
0.2918702798756108,0.13194135939582408,0.1301643713904931,0.44602398933807197
0.28590308370044054,0.13348017621145375,0.13127753303964756,0.44933920704845814
0.2852112676056338,0.1324823943661972,0.13336267605633803,0.448943661971831
0.28640776699029125,0.13327449249779347,0.13503971756398941,0.44527802294792584
0.29328621908127206,0.12853356890459364,0.13030035335689047,0.44787985865724383
0.2965578111209179,0.12444836716681378,0.1323918799646955,0.44660194174757284
0.30148992112182293,0.12094653812445223,0.12927256792287467,0.4482909728308501
0.30057042562527425,0.12154453707766565,0.12856516015796401,0.4493198771390961
0.3039647577092511,0.12070484581497798,0.12863436123348018,0.44669603524229073
0.3053735255570118,0.11970292704237659,0.12669287898645698,0.44823066841415465
0.30398230088495576,0.1168141592920354,0.12787610619469025,0.45132743362831856
0.29713024282560707,0.12008830022075055,0.1280353200883002,0.45474613686534215
0.3104982206405694,0.11120996441281139,0.1307829181494662,0.447508896797153
0.30978499341816584,0.10530934620447564,0.13295304958315052,0.451952610794208
0.3005729396209784,0.11150286469810489,0.13177611282503304,0.45614808285588365
0.30274822695035464,0.11347517730496454,0.1374113475177305,0.44636524822695034
0.30721558211598055,0.11155378486055777,0.13545816733067728,0.4457724656927844
0.3022026431718062,0.11233480176211454,0.13964757709251102,0.4458149779735683
0.30183727034120733,0.11592300962379702,0.1347331583552056,0.44750656167979
0.3041958041958042,0.11494755244755245,0.13155594405594406,0.4493006993006993
0.3122251539138083,0.11433597185576078,0.1297273526824978,0.44371152154793314
0.3067781690140845,0.11443661971830986,0.1307218309859155,0.4480633802816901
0.3055922501100837,0.11316600616468515,0.13870541611624834,0.4425363276089828
0.3095659875996457,0.11691762621789194,0.13330380868024802,0.4402125775022144
0.3116542994325622,0.11916193801833261,0.13312963771278918,0.436054124836316
0.3119789381307591,0.11276875822729267,0.1338306274681878,0.44142167617376044
0.3088170137350465,0.11829862649534781,0.13646433318564466,0.436420026583961
0.3115910092551785,0.12031732040546496,0.1366240634640811,0.43146760687527547
0.3049583150504607,0.12022817025010969,0.1390960947784116,0.435717419921018
0.3051663747810858,0.11952714535901926,0.13747810858143608,0.43782837127845886
0.29573712255772644,0.1216696269982238,0.13898756660746003,0.4436056838365897
0.2976190476190476,0.11948853615520282,0.13403880070546736,0.4488536155202822
0.3051293292415607,0.11573871109162648,0.13459009206488382,0.444541867601929
0.3058978873239437,0.11443661971830986,0.13556338028169015,0.4441021126760563
0.30863656291100394,0.1183691363437089,0.13415168785620343,0.4388426128890837
0.3077597544936431,0.11486190267426567,0.13327487943884261,0.4441034633932486
0.3042128603104213,0.11662971175166297,0.13702882483370288,0.44212860310421287
0.30806100217864923,0.11895424836601307,0.13507625272331156,0.43790849673202614
0.3138974134151688,0.11968434896975011,0.13502849627356422,0.43138974134151686
0.3177242888402626,0.11553610503282276,0.13304157549234136,0.4336980306345733
0.3218390804597701,0.11715296198054818,0.1312997347480106,0.4297082228116711
0.3227373068432671,0.12008830022075055,0.13245033112582782,0.42472406181015454
0.3255093002657219,0.11736049601417184,0.13463241806908768,0.4224977856510186
0.3245266402465874,0.11184500220167327,0.13694407749889917,0.42668428005284015
0.3213173119715176,0.11481975967957277,0.13618157543391188,0.42768135291499776
0.32275132275132273,0.11375661375661375,0.13403880070546736,0.4294532627865961
0.32689776217639316,0.11627906976744186,0.13514699429574376,0.4216761737604212
0.3224813022437307,0.11790585129784426,0.1315442146942367,0.4280686317641883
0.3216168717047452,0.11643233743409491,0.1375219683655536,0.4244288224956063
0.32028156621205456,0.11438627364716233,0.1372635283765948,0.4280686317641883
0.32451499118165783,0.11948853615520282,0.13756613756613756,0.4184303350970018
0.3260965883916704,0.12051395657953035,0.13513513513513514,0.41825431989366413
0.32503334815473545,0.11738550466874166,0.13739439751000446,0.4201867496665185
0.3181019332161687,0.12478031634446397,0.13796133567662566,0.4191564147627416
0.3229486616937253,0.12242211496270294,0.14129003949100483,0.4133391838525669
0.3219597550306212,0.11986001749781278,0.13692038495188102,0.421259842519685
0.3265845070422535,0.12191901408450705,0.13468309859154928,0.4168133802816901
0.3308435852372584,0.11862917398945519,0.1344463971880492,0.4160808435852373
0.33141592920353985,0.12256637168141593,0.1331858407079646,0.41283185840707964
0.3248686514886165,0.12740805604203154,0.13222416812609458,0.4154991243432574
0.3257777777777778,0.1288888888888889,0.132,0.41333333333333333
0.32017353579175706,0.13101952277657267,0.13405639913232104,0.41475054229934927
0.323477493380406,0.12886142983230361,0.13724624889673434,0.41041482789055606
0.3226232394366197,0.13512323943661972,0.1368838028169014,0.40536971830985913
0.3135111499781373,0.13773502404897245,0.13686051595977264,0.41189331001311763
0.31620553359683795,0.13790074659639878,0.1370223978919631,0.4088713219148002
0.3147656940760389,0.13837312113174183,0.13793103448275862,0.40893015030946067
0.31103234381922906,0.1382365972529907,0.12937527691626052,0.42135578201151974
0.31504424778761064,0.13628318584070798,0.12876106194690265,0.41991150442477876
0.3140096618357488,0.1339481774264383,0.12911725955204217,0.42292490118577075
0.30983463881636203,0.13228894691035684,0.1309834638816362,0.42689295039164493
0.3065436978480457,0.13350900307422048,0.13043478260869565,0.4295125164690382
0.31011826544021026,0.1287779237844941,0.1322820849759089,0.42882172579938677
0.3106159895150721,0.12450851900393185,0.13368283093053734,0.43119266055045874
0.31558098591549294,0.12632042253521128,0.13204225352112675,0.426056338028169
0.3235425011125946,0.11838006230529595,0.1348464619492657,0.4232309746328438
0.323036187113857,0.11915269196822595,0.14254192409532215,0.4152691968225949
0.32028156621205456,0.11878574571051474,0.14298284205895292,0.4179498460184778
0.3203159280386134,0.11891180342255375,0.14480035103115402,0.4159719175076788
0.3163265306122449,0.11668145519077196,0.14374445430346053,0.42324755989352264
0.3214129960750109,0.11251635412123855,0.14653292629742695,0.41953772350632357
