C,D,Oc,Od
1.0,0.0,0.0,0.0
0.6666666666666666,0.0,0.3333333333333333,0.0
0.5714285714285714,0.0,0.42857142857142855,0.0
0.5333333333333333,0.06666666666666667,0.4,0.0
0.4716981132075472,0.07547169811320754,0.4528301886792453,0.0
0.4111111111111111,0.08888888888888889,0.5,0.0
0.3617021276595745,0.09219858156028368,0.5319148936170213,0.014184397163120567
0.32701421800947866,0.0947867298578199,0.5592417061611374,0.018957345971563982
0.3087248322147651,0.11409395973154363,0.5536912751677853,0.02348993288590604
0.29064039408866993,0.1206896551724138,0.5640394088669951,0.024630541871921183
0.2757352941176471,0.1323529411764706,0.5680147058823529,0.02389705882352941
0.2597402597402597,0.13564213564213565,0.5728715728715729,0.031746031746031744
0.256140350877193,0.14619883040935672,0.5649122807017544,0.03274853801169591
0.24855491329479767,0.15028901734104047,0.5597302504816956,0.041425818882466284
0.23993558776167473,0.15539452495974235,0.5603864734299517,0.04428341384863124
0.24330042313117067,0.16008462623413258,0.5479548660084627,0.04866008462623413
0.243343653250774,0.16718266253869968,0.5380804953560372,0.051393188854489166
0.2426101505856107,0.1701059676519799,0.5337423312883436,0.053541550474065815
0.23958868894601543,0.17480719794344474,0.5300771208226221,0.055526992287917736
0.2412970910824988,0.1797806390081068,0.5240820219360992,0.05484024797329518
0.24021592442645073,0.1799370220422852,0.5222672064777328,0.057579847053531266
0.23979372582724537,0.18994413407821228,0.5143962183068328,0.055865921787709494
0.24081803005008348,0.19365609348914858,0.5104340567612687,0.05509181969949917
0.2441430332922318,0.19687628442252364,0.5018495684340321,0.057131113851212494
0.24814814814814815,0.1962962962962963,0.49794238683127573,0.05761316872427984
0.2492836676217765,0.19688907081457224,0.4961113385182153,0.05771592304543594
0.24631751227495907,0.19680851063829788,0.4959083469721768,0.06096563011456629
0.24795081967213115,0.19959016393442622,0.4885245901639344,0.06393442622950819
0.2511340206185567,0.19711340206185568,0.4861855670103093,0.06556701030927835
0.25061425061425063,0.1981981981981982,0.4836199836199836,0.06756756756756757
0.24989775051124744,0.20286298568507158,0.48098159509202454,0.06625766871165645
0.24867509172441907,0.2005707297187118,0.4838972686506319,0.06685690990623726
0.24948707427164546,0.2047599507591301,0.47804677882642593,0.06770619614279852
0.2555192150449714,0.20032706459525756,0.4746524938675388,0.06950122649223221
0.2563059397884459,0.2017900732302685,0.47192839707078926,0.06997558991049634
0.2602627257799672,0.201559934318555,0.4671592775041051,0.07101806239737274
0.2679524004924087,0.2047599507591301,0.4554780467788264,0.0718096019696348
0.2672164948453608,0.2045360824742268,0.4552577319587629,0.07298969072164949
0.2697503069995907,0.2030290626279165,0.4539500613999181,0.07327056897257471
0.26902726902726903,0.2035002035002035,0.4517704517704518,0.0757020757020757
0.2700819672131147,0.20245901639344263,0.4491803278688525,0.07827868852459016
0.26979591836734695,0.20612244897959184,0.44571428571428573,0.0783673469387755
0.26827276439363007,0.20906492445896285,0.4422213148223765,0.08044099632503063
0.2736971686499795,0.21050471891670086,0.4374230611407468,0.07837505129257284
0.2731006160164271,0.20944558521560575,0.4357289527720739,0.08172484599589322
0.2732486685784515,0.21056943875460876,0.4342482589102827,0.0819336337566571
0.2788027880278803,0.21238212382123822,0.4264042640426404,0.08241082410824108
0.2843737250101999,0.20889432884536924,0.423500611995104,0.0832313341493268
0.2857142857142857,0.20819805194805194,0.42329545454545453,0.08279220779220779
0.2893235533822331,0.20700896495517523,0.4189079054604727,0.08475957620211899
0.2911392405063291,0.2078399346672111,0.41363821968150266,0.08738260514495713
0.29608482871125613,0.2030995106035889,0.41272430668841764,0.08809135399673736
0.2996331023236853,0.20179372197309417,0.4080717488789238,0.09050142682429678
0.3013420089467263,0.20252135014233427,0.40504270028466854,0.09109394062627084
0.30622204148027654,0.20211468076453842,0.3989426596177308,0.09272061813745425
0.3056804250102166,0.20269718022067837,0.3972210870453617,0.09440130772374336
0.30778688524590164,0.20040983606557378,0.3963114754098361,0.09549180327868853
0.3125763125763126,0.1973951973951974,0.3935693935693936,0.09645909645909646
0.31669394435351883,0.19967266775777415,0.38707037643207853,0.09656301145662848
0.3194444444444444,0.2013888888888889,0.3815359477124183,0.09763071895424837
0.320162932790224,0.2,0.38126272912423625,0.09857433808553971
0.32298897509187424,0.20130665577786852,0.37607186606778276,0.09963250306247448
0.3247863247863248,0.20187220187220187,0.37403337403337406,0.0993080993080993
0.32832792207792205,0.20008116883116883,0.37337662337662336,0.09821428571428571
0.3307504078303426,0.20187601957585644,0.36867862969004894,0.09869494290375204
0.33428107229894394,0.20186839967506093,0.36393176279447603,0.09991876523151909
0.33441690369768384,0.2031694433157253,0.36001625355546524,0.10239739943112555
0.33495736906211937,0.20259845716605765,0.3629719853836784,0.09947218838814453
0.33617539585870887,0.20138043036946812,0.3609419407226959,0.10150223304912707
0.337942252948353,0.203334688897926,0.3574623830825539,0.10126067507116714
0.3409090909090909,0.2012987012987013,0.35714285714285715,0.10064935064935066
0.3392929703372613,0.2023567655424624,0.35798455912230803,0.1003657049979683
0.3398453398453398,0.2035002035002035,0.3561253561253561,0.10052910052910052
0.34457537586347015,0.20195042665583096,0.35432750914262495,0.09914668833807395
0.34595034595034596,0.2039072039072039,0.35327635327635326,0.09686609686609686
0.34330772341285887,0.20339668418924384,0.3546300040436717,0.09866558835422563
0.3447015834348356,0.2046285018270402,0.34916768168899714,0.10150223304912707
0.3488654781199352,0.20380875202593193,0.34521880064829824,0.10210696920583469
0.3511326860841424,0.20469255663430422,0.343042071197411,0.1011326860841424
0.35072815533980584,0.20186084142394822,0.3442556634304207,0.10315533980582524
0.3550871503850831,0.20226996351844345,0.34049452776651806,0.1021483583299554
0.35633116883116883,0.20170454545454544,0.3409090909090909,0.1010551948051948
0.35931790499390986,0.20178643930166465,0.3373934226552984,0.10150223304912707
0.35760517799352753,0.2022653721682848,0.33737864077669905,0.10275080906148867
0.3594957299715331,0.20292801952013012,0.33428222854819034,0.1032940219601464
0.3636731391585761,0.2034789644012945,0.3296925566343042,0.10315533980582524
0.3676530198621808,0.2042967166599108,0.32752330766112686,0.10052695581678152
0.36863379143088115,0.2029102667744543,0.32700080840743734,0.10145513338722716
0.36703207470564353,0.20706455542021923,0.32399512789281365,0.10190824198132359
0.36882591093117406,0.20647773279352227,0.3214574898785425,0.10323886639676114
0.3701010101010101,0.20242424242424242,0.32202020202020204,0.10545454545454545
0.37094155844155846,0.20251623376623376,0.3222402597402597,0.10430194805194805
0.3704003234937323,0.20177921552769915,0.322280630812778,0.10553983016579054
0.3717637540453074,0.2034789644012945,0.3179611650485437,0.10679611650485436
0.37560777957860614,0.20097244732576985,0.31766612641815234,0.10575364667747164
0.3778857837181045,0.19927095990279464,0.3183475091130012,0.10449574726609964
0.37894736842105264,0.2,0.3153846153846154,0.10566801619433198
0.38336713995943206,0.2,0.3103448275862069,0.10628803245436105
0.38473960436011306,0.19943480016148568,0.3068227694792087,0.10900282599919257
0.3889113719142048,0.1962768110076892,0.3055443140428976,0.10926750303520842
0.3896051571313457,0.19782433521353748,0.30257856567284447,0.10999194198227236
0.387409200968523,0.19814366424535915,0.30145278450363194,0.11299435028248588
0.3884163628999595,0.19805589307411908,0.3021466180639935,0.11138112596192791
0.3910411622276029,0.19572235673930588,0.30347054075867635,0.10976594027441484
0.389987888574889,0.19741622930964878,0.30197819943480014,0.11061768268066209
0.3920776071139854,0.1960388035569927,0.3003233629749394,0.11156022635408246
0.38911290322580644,0.19798387096774195,0.3008064516129032,0.11209677419354838
0.39039160274525636,0.19781994348001614,0.2995559144125959,0.11223253936213161
0.3916027452563585,0.19943480016148568,0.297537343560759,0.11142511102139685
0.3923232323232323,0.2,0.29373737373737374,0.11393939393939394
0.3939393939393939,0.1991919191919192,0.29333333333333333,0.11353535353535353
0.39267015706806285,0.2013693113169553,0.2907772855416835,0.11518324607329843
0.39547108774767487,0.20016174686615446,0.29033562474727054,0.11403154063890013
0.3974151857835218,0.20234248788368336,0.28634894991922455,0.11389337641357028
0.3980660757453666,0.20145044319097502,0.2860596293311845,0.11442385173247381
0.3983084977849376,0.19975835682641965,0.2851389448248087,0.11679420056383408
0.4021827000808407,0.19805982215036377,0.28334680679062246,0.116410670978173
0.40250302785627773,0.1986273718207509,0.28219620508679855,0.11667339523617279
0.4029911075181892,0.19886822958771222,0.2825383993532741,0.11560226354082458
0.4028282828282828,0.1991919191919192,0.2812121212121212,0.11676767676767677
0.40290088638195004,0.20064464141821112,0.2784045124899275,0.11804995970991136
0.4021827000808407,0.2016976556184317,0.27566693613581245,0.12045270816491511
0.40112766814337497,0.2045912202980266,0.27587595650422875,0.11840515505436972
0.40250302785627773,0.20468308437626162,0.2729107791683488,0.11990310859911182
0.40476190476190477,0.20419693301049233,0.2707828894269572,0.12025827280064569
0.40346634421604194,0.2015316404675534,0.27327690447400244,0.12172511084240226
0.4026655896607431,0.20153473344103393,0.2738287560581583,0.12197092084006463
0.4029067420266451,0.20226079935405733,0.27250706499798144,0.12232539362131611
0.4022526146419952,0.20313757039420757,0.2739340305711987,0.12067578439259855
0.4045307443365696,0.2010517799352751,0.27548543689320387,0.11893203883495146
0.4036290322580645,0.20080645161290323,0.2770161290322581,0.11854838709677419
0.4058966074313409,0.1987075928917609,0.2762520193861066,0.1191437802907916
0.4053398058252427,0.20064724919093851,0.2750809061488673,0.11893203883495146
0.40418679549114334,0.1972624798711755,0.2749597423510467,0.12359098228663445
0.4036290322580645,0.19879032258064516,0.27580645161290324,0.1217741935483871
0.4067796610169492,0.1977401129943503,0.27602905569007263,0.11945117029862792
0.40524193548387094,0.19838709677419356,0.27661290322580645,0.11975806451612903
0.41033925686591277,0.1938610662358643,0.27463651050080773,0.12116316639741519
0.4110751818916734,0.19401778496362165,0.2700080840743735,0.12489894907033144
0.41033925686591277,0.19668820678513732,0.26696284329563813,0.1260096930533118
0.41193067311567916,0.19669488109633212,0.2623941958887545,0.12898024989923418
0.41555824264409513,0.19347037484885127,0.26320032245062475,0.12777106005642885
0.41498791297340853,0.19500402900886382,0.26148267526188557,0.12852538275584205
0.41427995159338443,0.1964501815248084,0.2613957240822912,0.12787414279951592
0.41411290322580646,0.1971774193548387,0.26048387096774195,0.1282258064516129
0.415124698310539,0.19428801287208367,0.26387771520514886,0.12670957361222848
0.41552142279708976,0.19442198868229588,0.26313662085691186,0.1269199676637025
0.4178441663302382,0.19216794509487284,0.26281792490916434,0.12716996366572467
0.4203307785397338,0.19241629689390882,0.26058894715611136,0.12666397741024607
0.42303030303030303,0.1919191919191919,0.2597979797979798,0.12525252525252525
0.42522231204527083,0.19401778496362165,0.25545675020210185,0.12530315278900567
0.4265002013693113,0.19331453886427707,0.25332259363672976,0.12686266612968183
0.4288019362646228,0.19120613150463897,0.2569584509883017,0.12303348124243646
0.42770841723721303,0.1904953685058397,0.25614176399516714,0.1256544502617801
0.4315704481227291,0.19095680258377068,0.25191764230924507,0.12555510698425515
0.4316170555108608,0.1914722445695897,0.251407884151247,0.1255028157683025
0.4320838371624345,0.1894397420395002,0.25070536074163646,0.12777106005642885
0.4348705501618123,0.18810679611650485,0.2483818770226537,0.12864077669902912
0.43495771244462345,0.18807893677003626,0.2501006846556585,0.12686266612968183
0.43527508090614886,0.1901294498381877,0.2487864077669903,0.12580906148867313
0.43588709677419357,0.19112903225806452,0.2508064516129032,0.12217741935483871
0.4381796214256947,0.1904953685058397,0.24889246878775675,0.12243254128070882
0.43732365981459087,0.19064893188230553,0.24989923417976623,0.12212817412333736
0.4372730939895119,0.1920129084308189,0.245663574021783,0.12505042355788623
0.43536045106725735,0.19250906161900927,0.243254128070882,0.1288763592428514
0.43739903069466884,0.19184168012924072,0.2431340872374798,0.12762520193861066
0.43681873233750507,0.19216794509487284,0.24263221639079532,0.1283811061768268
0.43873837444399516,0.18924383340072787,0.2426202992317024,0.1293974929235746
0.43537964458804523,0.1890145395799677,0.24394184168012925,0.13166397415185785
0.4367954911433172,0.18840579710144928,0.24355877616747182,0.13123993558776167
0.43546441495778043,0.18616807398472054,0.24607961399276237,0.13228789706473662
0.4346774193548387,0.1879032258064516,0.24475806451612903,0.13266129032258064
0.43352135374697826,0.18896051571313457,0.24375503626107978,0.13376309427880742
0.4336425978217023,0.18959257765227913,0.2444534086325131,0.13231141589350545
0.4329979879275654,0.19235412474849095,0.24386317907444668,0.13078470824949698
0.43478260869565216,0.19243156199677938,0.24154589371980675,0.13123993558776167
0.43618739903069464,0.18861066235864296,0.24474959612277866,0.13045234248788368
0.43686970552642196,0.18878580072609924,0.24324324324324326,0.13110125050423557
0.43629032258064515,0.19032258064516128,0.24274193548387096,0.13064516129032258
0.43770096463022506,0.18890675241157556,0.24196141479099678,0.13143086816720256
0.4407258064516129,0.18911290322580646,0.23870967741935484,0.1314516129032258
0.44109368717330116,0.1897868918375553,0.2372336147969441,0.13188580619219945
0.43719806763285024,0.19162640901771336,0.23832528180354268,0.13285024154589373
0.43987086359967714,0.19249394673123488,0.23688458434221146,0.13075060532687652
0.43485276321097216,0.1936264622831787,0.2392093586123437,0.13231141589350545
0.4376261606782398,0.19580137262817926,0.23738393217601939,0.12918853451756157
0.4372730939895119,0.19241629689390882,0.23961274707543365,0.1306978620411456
0.4378769601930036,0.1901889827100925,0.24045034177724164,0.13148371531966224
0.43588709677419357,0.19153225806451613,0.2407258064516129,0.13185483870967743
0.4392109500805153,0.19041867954911434,0.24114331723027374,0.1292270531400966
0.4374495560936239,0.1916868442292171,0.2401129943502825,0.13075060532687652
0.4374748693204664,0.19380780056292723,0.2380377965420185,0.13067953357458786
0.43875906526994357,0.19540692989524577,0.23489121676067687,0.13094278807413376
0.4391619661563255,0.19540692989524577,0.23448831587429492,0.13094278807413376
0.4358353510895884,0.1973365617433414,0.23527037933817596,0.13155770782889428
0.43571140669085046,0.19790407093913745,0.2370012091898428,0.1293833131801693
0.4358353510895884,0.1993543179983858,0.23527037933817596,0.12953995157384987
0.4375503626107977,0.1998388396454472,0.2328767123287671,0.1297340854149879
0.4378531073446328,0.19975786924939468,0.23123486682808717,0.1311541565778854
0.43757575757575756,0.2,0.2307070707070707,0.1317171717171717
0.4396447315300767,0.19943480016148568,0.22809850625756964,0.132821962050868
0.4418042690293999,0.2013693113169553,0.22633910592025774,0.13048731373338704
0.4416633023819136,0.20145337101332256,0.22607993540573273,0.1308033911990311
0.44202020202020204,0.2016161616161616,0.22585858585858587,0.1305050505050505
0.4410339256865913,0.19991922455573505,0.2294022617124394,0.12964458804523424
0.442570281124498,0.20040160642570282,0.2285140562248996,0.1285140562248996
0.4411764705882353,0.20185334407735697,0.22925060435132957,0.12771958098307817
0.4449838187702265,0.20024271844660194,0.2285598705501618,0.1262135922330097
0.4478453483689086,0.19975835682641965,0.22674184454289167,0.1256544502617801
0.4481645824929407,0.2008874546187979,0.2263009277934651,0.12464703509479629
0.4518997574777688,0.20088924818108328,0.22433306386418755,0.12287793047696038
0.45120967741935486,0.19838709677419356,0.2254032258064516,0.125
0.4537373737373737,0.19555555555555557,0.22343434343434343,0.12727272727272726
0.4541784416633024,0.196608800968914,0.22406136455389583,0.12515139281388776
0.4533333333333333,0.19757575757575757,0.22464646464646465,0.12444444444444444
0.4505849132714804,0.19887051230334812,0.2254941508672852,0.12505042355788623
0.453156413349417,0.19662243667068757,0.22476879774829112,0.12545235223160434
0.4511066398390342,0.19798792756539235,0.22655935613682093,0.12434607645875252
0.45293644408688655,0.19710378117457764,0.22646822204344327,0.12349155269509252
0.45304312777106004,0.19709794437726724,0.22692462716646514,0.12293430068520758
0.45553319919517105,0.19597585513078472,0.22615694164989938,0.12233400402414486
0.45549738219895286,0.19855014095851792,0.22553362867498994,0.12041884816753927
0.4587712206952304,0.19805982215036377,0.2231204527081649,0.1200485044462409
0.45930701047542305,0.19661563255439163,0.22401289282836423,0.1200644641418211
0.4570737605804111,0.19951632406287786,0.22168480451430875,0.12172511084240226
0.4590560709963695,0.19887051230334812,0.21944332392093585,0.12263009277934651
0.4593724859211585,0.19750603378921963,0.22164119066773935,0.12148028962188254
0.45974235104669886,0.19806763285024154,0.21940418679549115,0.12278582930756844
0.4570737605804111,0.19750100765820233,0.21966948810963322,0.12575574365175332
0.4561261625556005,0.19733117670845127,0.21997573797007683,0.12656692276587142
0.45700444085587405,0.196608800968914,0.22002422285022205,0.1263625353249899
0.4593724859211585,0.19348350764279967,0.22003218020917137,0.12711182622687048
0.4577974276527331,0.19493569131832797,0.21905144694533762,0.12821543408360128
0.4572925060435133,0.19540692989524577,0.21756647864625303,0.1297340854149879
0.4585346215780998,0.19685990338164253,0.21739130434782608,0.12721417069243157
0.4567404426559356,0.19356136820925554,0.2193158953722334,0.13038229376257546
0.4585346215780998,0.19404186795491143,0.22020933977455717,0.12721417069243157
0.45840064620355414,0.19668820678513732,0.21890145395799676,0.1260096930533118
0.4588709677419355,0.19556451612903225,0.21895161290322582,0.12661290322580646
0.45700444085587405,0.19539765845781187,0.2228502220427937,0.12474767864352039
0.4541800643086817,0.1977491961414791,0.2222668810289389,0.1258038585209003
0.45172968624296056,0.19871279163314562,0.22244569589702334,0.12711182622687048
0.45235223160434257,0.19742661841576195,0.22235625251306795,0.1278648974668275
0.45139169019766034,0.1980637353771682,0.22388059701492538,0.12666397741024607
0.44780330511890365,0.20032245062474807,0.2253123740427247,0.12656187021362353
0.4476228847703465,0.20024174053182917,0.22683319903303786,0.12530217566478646
0.4475806451612903,0.2032258064516129,0.225,0.12419354838709677
0.4513524424707307,0.19983851433185304,0.22567622123536535,0.12313282196205087
0.45171717171717174,0.1987878787878788,0.22545454545454546,0.12404040404040403
0.45132743362831856,0.2015285599356396,0.2240547063555913,0.12308930008045052
0.45132743362831856,0.1999195494770716,0.2236524537409493,0.1251005631536605
0.4510913500404204,0.20048504446240906,0.22392886014551333,0.12449474535165723
0.45092518101367657,0.19831053901850362,0.22646822204344327,0.12429605792437651
0.4536290322580645,0.1967741935483871,0.22661290322580646,0.12298387096774194
0.45293644408688655,0.19469026548672566,0.22968624296057924,0.12268704746580852
0.45304312777106004,0.196291817815397,0.22974607013301088,0.12091898428053205
0.44913550462404506,0.19903498190591074,0.22959388821873744,0.1222356252513068
0.4486094316807739,0.19911326078194277,0.230149133413946,0.12212817412333736
0.450545014129996,0.2006459426725878,0.2289059345983044,0.11990310859911182
0.4515480498592682,0.2010454362685967,0.22718134298351428,0.12022517088862082
0.45296729915220024,0.2010496568429552,0.22567622123536535,0.12030682276947921
0.45153473344103395,0.20113085621970922,0.22738287560581583,0.11995153473344103
0.4548751007252216,0.20064464141821112,0.22562449637389204,0.11885576148267527
0.45304312777106004,0.2015316404675534,0.2249093107617896,0.12051592099959693
0.45172968624296056,0.2003218020917136,0.22566371681415928,0.12228479485116653
0.4515090543259557,0.2012072434607646,0.22615694164989938,0.12112676056338029
0.45030181086519117,0.20080482897384305,0.22494969818913482,0.12394366197183099
0.448692152917505,0.19959758551307846,0.22575452716297786,0.12595573440643862
0.4514699959726138,0.19532823197744664,0.22633910592025774,0.12686266612968183
0.4511066398390342,0.19557344064386317,0.22535211267605634,0.12796780684104628
0.449012494961709,0.19588875453446192,0.2257154373236598,0.1293833131801693
0.44863563402889245,0.1958266452648475,0.22391653290529695,0.13162118780096307
0.4482063683998388,0.19951632406287786,0.22249093107617895,0.12978637646110439
0.4469026548672566,0.19871279163314562,0.2240547063555913,0.13032984714400644
0.4476767676767677,0.19676767676767676,0.22666666666666666,0.1288888888888889
0.44686868686868686,0.19474747474747475,0.22787878787878788,0.1305050505050505
0.4444444444444444,0.1991919191919192,0.2286868686868687,0.12767676767676767
0.4475806451612903,0.19838709677419356,0.22741935483870968,0.12661290322580646
0.4476650563607085,0.1972624798711755,0.22745571658615138,0.12761674718196458
0.4449818621523579,0.19750100765820233,0.2293430068520758,0.12817412333736397
0.44466800804828976,0.19597585513078472,0.23219315895372233,0.1271629778672032
0.4430583501006036,0.19517102615694165,0.2317907444668008,0.12997987927565394
0.4416733708769107,0.19710378117457764,0.23089300080450523,0.13032984714400644
0.43911290322580643,0.19919354838709677,0.2306451612903226,0.1310483870967742
0.4416733708769107,0.19750603378921963,0.23008849557522124,0.13073209975864844
0.44287444489301575,0.19620508679854662,0.23132821962050867,0.12959224868792896
0.4436846339501207,0.19750603378921963,0.22847948511665325,0.13032984714400644
0.44319097502014504,0.19782433521353748,0.22884770346494762,0.13013698630136986
0.44130697862041146,0.19887051230334812,0.22952803549818476,0.13029447357805568
0.4443548387096774,0.1975806451612903,0.22862903225806452,0.12943548387096773
0.4459241323648103,0.1973365617433414,0.22558514931396287,0.1311541565778854
0.44752714113389624,0.19702452754322478,0.22517088862082832,0.13027744270205066
0.44877460827641624,0.19606267577340297,0.22378465247087184,0.13137806347930897
0.449438202247191,0.19662921348314608,0.22391653290529695,0.13001605136436598
0.44699717855703347,0.19790407093913745,0.22329705763804916,0.13180169286577992
0.44560838033843675,0.19863013698630136,0.22441579371474618,0.1313456889605157
0.4450282942603072,0.20008084074373483,0.2223120452708165,0.13257881972514146
0.44812272910779166,0.19983851433185304,0.2224465078724263,0.12959224868792896
0.4492753623188406,0.2000805152979066,0.2210144927536232,0.12962962962962962
0.45158698272398556,0.20008035355564482,0.21976697468862996,0.12856568903173965
0.4519774011299435,0.20137207425343018,0.2179176755447942,0.12873284907183213
0.45318805488297015,0.20056497175141244,0.21872477804681195,0.1275221953188055
0.45516686771210296,0.1998391636509851,0.21793325291515883,0.12706071572175312
0.4551696284329564,0.19991922455573505,0.21647819063004847,0.1284329563812601
0.45609065155807366,0.19870497774180493,0.21732092270335895,0.12788344799676243
0.4571083366894885,0.19693918646798228,0.21707611759967782,0.1288763592428514
0.4587192911800242,0.19573097060008054,0.21707611759967782,0.12847362062021747
0.4590560709963695,0.1920129084308189,0.21782977006857604,0.13110125050423557
0.45739549839228294,0.1917202572347267,0.21583601286173634,0.13504823151125403
0.45725806451612905,0.19314516129032258,0.21653225806451612,0.13306451612903225
0.4569589702333065,0.1914722445695897,0.2176186645213194,0.13395012067578438
0.45757941294732607,0.19099316445516687,0.21793325291515883,0.1334941696823482
0.45850120870265915,0.19016921837228043,0.21796937953263498,0.13336019339242547
0.45556895858464014,0.19139525532770407,0.218335343787696,0.13470044229995978
0.4553499597747385,0.1910699919549477,0.2180209171359614,0.13555913113435236
0.4557522123893805,0.18825422365245373,0.22043443282381336,0.13555913113435236
0.457339264051759,0.1884350990699555,0.22159320663162152,0.13263243024666396
0.45213193885760256,0.18785197103781173,0.2236524537409493,0.13636363636363635
0.45219846712384026,0.18959257765227913,0.2226704316256555,0.1355385235982251
0.4528985507246377,0.18760064412238325,0.22181964573268922,0.13768115942028986
0.45403225806451614,0.1875,0.21895161290322582,0.13951612903225807
0.4538492543329303,0.18863361547763,0.2184602982668279,0.13905683192261184
0.45403452428743474,0.1902850260939382,0.21758329987956643,0.13809714973906062
0.45161290322580644,0.19032258064516128,0.21693548387096775,0.14112903225806453
0.45018152480839047,0.1891891891891892,0.21702299314239612,0.14360629286002422
0.45191146881287725,0.1875251509054326,0.2164989939637827,0.14406438631790744
0.45264006449012495,0.18863361547763,0.21725110842402257,0.1414752116082225
0.4535211267605634,0.19074446680080484,0.21569416498993962,0.14004024144869215
0.4535211267605634,0.1919517102615694,0.21690140845070421,0.13762575452716297
0.45432595573440643,0.1919517102615694,0.21448692152917506,0.1392354124748491
0.45395799676898224,0.19224555735056542,0.2148626817447496,0.13893376413570274
0.45253419147224455,0.19267900241351568,0.2168141592920354,0.13797264682220434
0.4508064516129032,0.19193548387096773,0.21653225806451612,0.1407258064516129
0.4528985507246377,0.19122383252818034,0.21739130434782608,0.13848631239935588
0.4518727345952477,0.1904953685058397,0.21627064035441,0.14136125654450263
0.4538492543329303,0.18903667875856509,0.21563885530028215,0.1414752116082225
0.4545821558336698,0.18853451756156642,0.21598708114654824,0.14089624545821558
0.45374094931617054,0.18946098149637972,0.2176186645213194,0.13917940466613032
0.4528225806451613,0.18951612903225806,0.21854838709677418,0.13911290322580644
0.45348368908578335,0.18888441401530406,0.21908981071284736,0.13854208618606526
0.4524959742351047,0.19082125603864733,0.2181964573268921,0.13848631239935588
0.45311871227364187,0.1875251509054326,0.21851106639839035,0.14084507042253522
0.4534136546184739,0.18875502008032127,0.21967871485943774,0.13815261044176708
0.45469190495368506,0.1900926298832058,0.21908981071284736,0.13612565445026178
0.4562248995983936,0.19116465863453816,0.21807228915662652,0.13453815261044177
0.4560064282844516,0.19003615910004018,0.21815990357573323,0.135797509039775
0.45447219983883963,0.18775181305398872,0.22240128928283642,0.13537469782433523
0.4538492543329303,0.18702136235388955,0.2241031841999194,0.13502619911326078
0.45264006449012495,0.18742442563482467,0.2241031841999194,0.13583232567513098
0.4538492543329303,0.18742442563482467,0.2249093107617896,0.13381700927045545
0.4539951573849879,0.18684422921711058,0.22397094430992737,0.13518966908797417
0.45469190495368506,0.1864679822795006,0.22351993556182037,0.13532017720499395
0.4533762057877814,0.1877009646302251,0.22347266881028938,0.1354501607717042
0.45293644408688655,0.18785197103781173,0.22727272727272727,0.13193885760257443
0.4522754732178816,0.18928715263793797,0.2243254128070882,0.13411196133709222
0.4520161290322581,0.18991935483870967,0.22379032258064516,0.1342741935483871
0.4518727345952477,0.1896898912605719,0.22311719693918647,0.13532017720499395
0.44798387096774195,0.18991935483870967,0.2221774193548387,0.13991935483870968
0.4496779388083736,0.1892109500805153,0.22181964573268922,0.1392914653784219
0.44855305466237944,0.18971061093247588,0.22347266881028938,0.1382636655948553
0.4489139179404666,0.1898632341110217,0.2244569589702333,0.13676588897827835
0.44815112540192925,0.18971061093247588,0.2262861736334405,0.13585209003215434
0.4443548387096774,0.18911290322580646,0.22903225806451613,0.1375
0.44466800804828976,0.18993963782696177,0.22696177062374245,0.13843058350100604
0.4420289855072464,0.1892109500805153,0.2286634460547504,0.14009661835748793
0.4390637610976594,0.1880548829701372,0.23002421307506055,0.14285714285714285
0.4388083735909823,0.18800322061191627,0.2286634460547504,0.14452495974235105
0.43734939759036146,0.1891566265060241,0.2253012048192771,0.14819277108433734
0.4365175332527207,0.19064893188230553,0.22732769044740025,0.14550584441757355
0.4368932038834951,0.1941747572815534,0.22411003236245955,0.1448220064724919
0.4359903381642512,0.19484702093397746,0.22181964573268922,0.1473429951690821
0.43719806763285024,0.19484702093397746,0.22181964573268922,0.1461352657004831
0.43846153846153846,0.1951417004048583,0.22267206477732793,0.1437246963562753
0.4420756234915527,0.19589702333065165,0.21882542236524538,0.14320193081255028
0.44006436041834274,0.19790828640386163,0.2168141592920354,0.14521319388576026
0.4403225806451613,0.1975806451612903,0.2157258064516129,0.14637096774193548
0.43938783729359643,0.19693918646798228,0.21546516310914215,0.1482078131292791
0.43933897621926643,0.196291817815397,0.21442966545747683,0.14993954050785974
0.44063004846526654,0.19668820678513732,0.21324717285945072,0.1494345718901454
0.43822937625754527,0.19476861167002013,0.21690140845070421,0.1501006036217304
0.4409035901573215,0.19402985074626866,0.2154094392900363,0.14965711980637353
0.44135429262394194,0.19226118500604594,0.21604191858121724,0.15034260378879485
0.4423776789324707,0.19369187221997575,0.21512333198544278,0.1488071168621108
0.44417573559048773,0.19145505844417574,0.2132204756146715,0.15114873035066506
0.44157937147461723,0.19016921837228043,0.21635777598710718,0.15189363416599516
0.4440855874041179,0.19095680258377068,0.21437222446507873,0.1505853855470327
0.44740024183796856,0.19064893188230553,0.21080209592906085,0.15114873035066506
0.4511308562197092,0.19063004846526657,0.20880452342487885,0.1494345718901454
0.4478453483689086,0.19250906161900927,0.21063229963753524,0.14901329037454691
0.44887278582930756,0.1928341384863124,0.2109500805152979,0.1473429951690821
0.44951534733441034,0.19224555735056542,0.21405492730210016,0.14418416801292408
0.4515738498789346,0.19249394673123488,0.21509281678773204,0.14083938660209847
0.4492753623188406,0.1956521739130435,0.21537842190016104,0.13969404186795492
0.4515738498789346,0.19531880548829703,0.21267150928167877,0.14043583535108958
0.45293644408688655,0.19469026548672566,0.21279163314561544,0.13958165728077232
0.4498186215235792,0.1954856912535268,0.2132204756146715,0.1414752116082225
0.4529742765273312,0.19413183279742766,0.21302250803858522,0.13987138263665594
0.45751107531212243,0.19331453886427707,0.21143777688280307,0.13773660894079742
0.4612590799031477,0.19451170298627926,0.20782889426957224,0.13640032284100082
0.4622186495176849,0.19573954983922828,0.204983922829582,0.1370578778135048
0.4646750100928543,0.1949939442874445,0.20468308437626162,0.13564796124343964
0.46497584541062803,0.19524959742351047,0.20450885668276972,0.13526570048309178
0.46663987138263663,0.19493569131832797,0.2037781350482315,0.13464630225080385
0.4655380894800484,0.19347037484885127,0.20475614671503425,0.1362353889560661
0.466908797417272,0.1900726392251816,0.20540758676351897,0.13761097659402743
0.46634421604191856,0.1902458686013704,0.20596533655783958,0.13744457879887143
0.4658861526039564,0.19297537343560758,0.20387565603552685,0.13726281792490916
0.4673913043478261,0.19122383252818034,0.20249597423510468,0.1388888888888889
0.4666130329847144,0.1906677393403057,0.20233306516492358,0.1403861625100563
0.46379726468222043,0.1902654867256637,0.20434432823813356,0.1415929203539823
0.4651350261991133,0.18782748891575976,0.2063683998387747,0.14066908504635228
0.463954893274265,0.1864679822795006,0.2098268223922674,0.13975030205396696
0.4637096774193548,0.18911290322580646,0.20725806451612902,0.13991935483870968
0.46274667740636327,0.1900926298832058,0.20741039065646397,0.13975030205396696
0.4608276416231418,0.19164323021293692,0.20851747689835276,0.1390116512655685
0.4587192911800242,0.19250906161900927,0.21063229963753524,0.13813934756343133
0.45930701047542305,0.19137792103142626,0.21313456889605156,0.1361804995970991
0.45878568556493765,0.19099316445516687,0.2147165259348613,0.1355046240450342
0.4570281124497992,0.19437751004016066,0.21244979919678714,0.13614457831325302
0.4567752312022517,0.1946119823080016,0.21109770808202655,0.13751507840772015
0.45549738219895286,0.1941200161095449,0.21143777688280307,0.13894482480869916
0.45791381393475633,0.1941200161095449,0.21063229963753524,0.13733387031816352
0.4553140096618358,0.19484702093397746,0.21014492753623187,0.13969404186795492
0.4530809504631494,0.1945227547321788,0.21022956101490134,0.14216673378977043
0.45374094931617054,0.19469026548672566,0.20957361222847948,0.1419951729686243
0.45432595573440643,0.19476861167002013,0.21006036217303822,0.14084507042253522
0.45140562248995986,0.19397590361445782,0.21204819277108433,0.142570281124498
0.4504830917874396,0.1932367149758454,0.21215780998389694,0.14412238325281804
0.45165189363416597,0.19379532634971797,0.2119258662369057,0.1426269137792103
0.45132743362831856,0.19509251810136766,0.21078037007240547,0.1427996781979083
0.44806763285024154,0.19484702093397746,0.21296296296296297,0.14412238325281804
0.44565217391304346,0.1956521739130435,0.214170692431562,0.14452495974235105
0.44560838033843675,0.19580983078162773,0.21635777598710718,0.14222401289282838
0.44699717855703347,0.19669488109633212,0.21483272873841194,0.1414752116082225
0.44893015744852643,0.19580137262817926,0.21437222446507873,0.14089624545821558
0.4486508256141764,0.19734192509061618,0.21385420861860652,0.1401530406766009
0.4473049074818986,0.19871279163314562,0.2160096540627514,0.13797264682220434
0.4477491961414791,0.20096463022508038,0.21342443729903537,0.13786173633440515
0.4466720128307939,0.1996792301523657,0.214915797914996,0.13873295910184444
0.4456958970233307,0.2003218020917136,0.21480289621882542,0.13917940466613032
0.447887323943662,0.20080482897384305,0.21006036217303822,0.14124748490945674
0.4461041582559548,0.20145337101332256,0.20993136859103753,0.1425111021396851
0.4458752515090543,0.20040241448692153,0.2112676056338028,0.14245472837022133
0.44413183279742763,0.20016077170418006,0.21262057877813506,0.14308681672025725
0.44632086851628466,0.19622034579815037,0.2127060715721753,0.14475271411338964
0.44699717855703347,0.19790407093913745,0.21120515920999597,0.14389359129383314
0.4456958970233307,0.19831053901850362,0.21158487530168946,0.14440868865647627
0.4457395498392283,0.1977491961414791,0.20940514469453375,0.14710610932475884
0.44887278582930756,0.19887278582930756,0.20531400966183574,0.1469404186795491
0.44819277108433736,0.19759036144578312,0.20682730923694778,0.14738955823293173
0.4494155582426441,0.19911326078194277,0.2067714631197098,0.14469971785570335
0.44921718185467685,0.19871537535126454,0.20634283420313126,0.14572460859092734
0.45248685806712496,0.19652244237767894,0.2066316215123332,0.1443590780428629
0.4561970125151393,0.1970125151392814,0.20347194186515946,0.14331853048041987
0.4560483870967742,0.19516129032258064,0.20524193548387096,0.1435483870967742
0.4548751007252216,0.19419822723609992,0.20668815471394036,0.1442385173247381
0.45469190495368506,0.1945227547321788,0.20660491341119613,0.14418042690294
0.45688960515713134,0.19419822723609992,0.20709105560032232,0.14182111200644643
0.45333869670152854,0.19871279163314562,0.20514883346741755,0.1427996781979083
0.45395799676898224,0.1983037156704362,0.2035541195476575,0.14418416801292408
0.45450885668276975,0.19847020933977455,0.20249597423510468,0.14452495974235105
0.4526018555869302,0.19846712384025816,0.2045179507866075,0.1444130697862041
0.4529292929292929,0.19797979797979798,0.20767676767676768,0.1414141414141414
0.4512489927477841,0.19943593875906526,0.20668815471394036,0.1426269137792103
0.45102781136638453,0.2015316404675534,0.20556227327690446,0.1418782748891576
0.45139169019766034,0.20209762000806777,0.20613150463896732,0.14037918515530456
0.4514699959726138,0.20298026580749093,0.20861860652436567,0.1369311316955296
0.45388642770841725,0.20257752718485703,0.20821586790173177,0.13532017720499395
0.4514699959726138,0.1977446637132501,0.21224325412807088,0.13854208618606526
0.45169082125603865,0.19927536231884058,0.20974235104669886,0.1392914653784219
0.4539235412474849,0.19678068410462776,0.20925553319919518,0.14004024144869215
0.451145958986731,0.195416164053076,0.21230398069963813,0.1411338962605549
0.4517684887459807,0.19493569131832797,0.21221864951768488,0.14107717041800644
0.453156413349417,0.195416164053076,0.20948934459187776,0.14193807800562927
0.45740815502624144,0.19539765845781187,0.20791279773920066,0.13928138877674606
0.4562248995983936,0.19437751004016066,0.20763052208835342,0.14176706827309238
0.45682001614205003,0.19491525423728814,0.20702179176755447,0.14124293785310735
0.4593724859211585,0.19428801287208367,0.2063555913113435,0.13998390989541432
0.4592533119229225,0.1963067041348856,0.20714572460859093,0.13729425933360095
0.4596774193548387,0.19596774193548386,0.20846774193548387,0.13588709677419356
0.45823293172690766,0.19759036144578312,0.20682730923694778,0.13734939759036144
0.45502008032128516,0.1963855421686747,0.20883534136546184,0.13975903614457832
0.4541800643086817,0.19734726688102894,0.20779742765273312,0.14067524115755628
0.4572925060435133,0.19500402900886382,0.2054794520547945,0.14222401289282838
0.45755860953920774,0.19280517380759904,0.20654810024252224,0.14308811641067098
0.4602020202020202,0.19393939393939394,0.20525252525252524,0.1406060606060606
0.4631494160289972,0.1941200161095449,0.20298026580749093,0.13975030205396696
0.46318770226537215,0.19498381877022652,0.20307443365695793,0.13875404530744337
0.4638263665594855,0.19292604501607716,0.20217041800643087,0.14107717041800644
0.4661016949152542,0.19128329297820823,0.2046004842615012,0.13801452784503632
0.4693301049233253,0.18724778046811946,0.20581113801452786,0.13761097659402743
0.46954417103670837,0.1863654699475595,0.20653489310205728,0.13755546591367487
0.46806790622473726,0.18593371059013744,0.20937752627324172,0.13662085691188358
0.4680080482897384,0.18430583501006037,0.21167002012072433,0.13601609657947686
0.4683084376261607,0.18409366168752522,0.21154622527250708,0.13605167541380703
0.47077791213220477,0.18097541313986296,0.21039903264812576,0.13784764207980654
0.46983105390185037,0.18141592920353983,0.21078037007240547,0.13797264682220434
0.4692400482509047,0.18375552874949738,0.20868516284680338,0.13831926015279453
0.4678714859437751,0.18473895582329317,0.20803212851405622,0.1393574297188755
0.464170692431562,0.18719806763285024,0.20853462157809985,0.14009661835748793
0.46256038647342995,0.1888083735909823,0.20772946859903382,0.14090177133655393
0.46218825422365245,0.18785197103781173,0.2083668543845535,0.1415929203539823
0.4601449275362319,0.1892109500805153,0.20893719806763286,0.14170692431561996
0.46194120016109547,0.19089810712847363,0.20861860652436567,0.13854208618606526
0.46281325788197253,0.19037995149555376,0.20735650767987066,0.13945028294260306
0.463493344090359,0.1899959661153691,0.20814844695441712,0.1383622428398548
0.46141479099678456,0.19051446945337622,0.2102090032154341,0.13786173633440515
0.4604258738449176,0.19043792687826436,0.21092808356769788,0.13820811570912012
0.45974235104669886,0.19162640901771336,0.21256038647342995,0.1360708534621578
0.4605475040257649,0.19082125603864733,0.21175523349436393,0.13687600644122383
0.46496557310652087,0.1911705143782908,0.20939651680842447,0.13446739570676386
0.46771589991928975,0.1880548829701372,0.20823244552058112,0.13599677158999193
0.4717741935483871,0.18508064516129033,0.21008064516129032,0.13306451612903225
