C,D,Oc,Od
0.0,0.0,1.0,0.0
0.0,0.0,0.0,1.0
0.0,0.0,0.0,1.0
0.0,0.0,0.3333333333333333,0.6666666666666666
0.0,0.0,0.5,0.5
0.0,0.0,0.25,0.75
0.0,0.0,0.2,0.8
0.0,0.0,0.3333333333333333,0.6666666666666666
0.0,0.0,0.14285714285714285,0.8571428571428571
0.0,0.14285714285714285,0.2857142857142857,0.5714285714285714
0.0,0.25,0.25,0.5
0.2222222222222222,0.2222222222222222,0.1111111111111111,0.4444444444444444
0.4,0.1,0.1,0.4
0.3,0.2,0.1,0.4
0.1,0.0,0.2,0.7
0.1,0.0,0.3,0.6
0.1,0.0,0.3,0.6
0.0,0.2,0.3,0.5
0.0,0.2727272727272727,0.18181818181818182,0.5454545454545454
0.0,0.2727272727272727,0.2727272727272727,0.45454545454545453
0.0,0.09090909090909091,0.36363636363636365,0.5454545454545454
0.09090909090909091,0.2727272727272727,0.2727272727272727,0.36363636363636365
0.09090909090909091,0.2727272727272727,0.36363636363636365,0.2727272727272727
0.0,0.5,0.5,0.0
0.0,0.3333333333333333,0.5,0.16666666666666666
0.0,0.18181818181818182,0.5454545454545454,0.2727272727272727
0.0,0.16666666666666666,0.5,0.3333333333333333
0.08333333333333333,0.08333333333333333,0.5833333333333334,0.25
0.25,0.08333333333333333,0.5833333333333334,0.08333333333333333
0.23076923076923078,0.15384615384615385,0.5384615384615384,0.07692307692307693
0.3076923076923077,0.15384615384615385,0.3076923076923077,0.23076923076923078
0.09090909090909091,0.18181818181818182,0.2727272727272727,0.45454545454545453
0.18181818181818182,0.0,0.36363636363636365,0.45454545454545453
0.16666666666666666,0.08333333333333333,0.25,0.5
0.23076923076923078,0.0,0.23076923076923078,0.5384615384615384
0.15384615384615385,0.07692307692307693,0.23076923076923078,0.5384615384615384
0.14285714285714285,0.07142857142857142,0.14285714285714285,0.6428571428571429
0.3333333333333333,0.06666666666666667,0.06666666666666667,0.5333333333333333
0.4375,0.125,0.0,0.4375
0.47058823529411764,0.23529411764705882,0.0,0.29411764705882354
0.5294117647058824,0.17647058823529413,0.0,0.29411764705882354
0.4444444444444444,0.16666666666666666,0.05555555555555555,0.3333333333333333
0.47368421052631576,0.15789473684210525,0.05263157894736842,0.3157894736842105
0.55,0.05,0.1,0.3
0.47619047619047616,0.047619047619047616,0.19047619047619047,0.2857142857142857
0.47619047619047616,0.09523809523809523,0.19047619047619047,0.23809523809523808
0.5217391304347826,0.0,0.2608695652173913,0.21739130434782608
0.5454545454545454,0.0,0.18181818181818182,0.2727272727272727
0.5909090909090909,0.0,0.13636363636363635,0.2727272727272727
0.5416666666666666,0.08333333333333333,0.08333333333333333,0.2916666666666667
0.6086956521739131,0.08695652173913043,0.08695652173913043,0.21739130434782608
0.6666666666666666,0.08333333333333333,0.125,0.125
0.5416666666666666,0.16666666666666666,0.041666666666666664,0.25
0.6296296296296297,0.07407407407407407,0.14814814814814814,0.14814814814814814
0.5,0.07142857142857142,0.32142857142857145,0.10714285714285714
0.6785714285714286,0.10714285714285714,0.14285714285714285,0.07142857142857142
0.7,0.06666666666666667,0.13333333333333333,0.1
0.6,0.1,0.26666666666666666,0.03333333333333333
0.5483870967741935,0.0967741935483871,0.2903225806451613,0.06451612903225806
0.625,0.0625,0.25,0.0625
0.65625,0.09375,0.125,0.125
0.65625,0.09375,0.125,0.125
0.5882352941176471,0.08823529411764706,0.17647058823529413,0.14705882352941177
0.5555555555555556,0.1388888888888889,0.1111111111111111,0.19444444444444445
0.48717948717948717,0.10256410256410256,0.1282051282051282,0.28205128205128205
0.35,0.125,0.15,0.375
0.4883720930232558,0.06976744186046512,0.06976744186046512,0.37209302325581395
0.5333333333333333,0.022222222222222223,0.0,0.4444444444444444
0.5510204081632653,0.02040816326530612,0.04081632653061224,0.3877551020408163
0.5636363636363636,0.03636363636363636,0.0,0.4
0.5932203389830508,0.05084745762711865,0.01694915254237288,0.3389830508474576
0.5806451612903226,0.016129032258064516,0.03225806451612903,0.3709677419354839
0.5652173913043478,0.0,0.057971014492753624,0.37681159420289856
0.5797101449275363,0.0,0.07246376811594203,0.34782608695652173
0.5352112676056338,0.028169014084507043,0.07042253521126761,0.36619718309859156
0.5416666666666666,0.0,0.09722222222222222,0.3611111111111111
0.5352112676056338,0.04225352112676056,0.07042253521126761,0.352112676056338
0.5405405405405406,0.05405405405405406,0.06756756756756757,0.33783783783783783
0.5135135135135135,0.04054054054054054,0.08108108108108109,0.36486486486486486
0.5063291139240507,0.06329113924050633,0.0759493670886076,0.35443037974683544
0.4864864864864865,0.08108108108108109,0.0945945945945946,0.33783783783783783
0.44155844155844154,0.09090909090909091,0.1038961038961039,0.36363636363636365
0.3950617283950617,0.07407407407407407,0.13580246913580246,0.3950617283950617
0.3875,0.1,0.15,0.3625
0.38461538461538464,0.07692307692307693,0.16666666666666666,0.3717948717948718
0.4,0.05,0.15,0.4
0.37349397590361444,0.07228915662650602,0.08433734939759036,0.46987951807228917
0.4,0.07058823529411765,0.07058823529411765,0.4588235294117647
0.35714285714285715,0.07142857142857142,0.09523809523809523,0.47619047619047616
0.3176470588235294,0.08235294117647059,0.16470588235294117,0.43529411764705883
0.36363636363636365,0.06818181818181818,0.14772727272727273,0.42045454545454547
0.38372093023255816,0.05813953488372093,0.22093023255813954,0.3372093023255814
0.4044943820224719,0.07865168539325842,0.23595505617977527,0.2808988764044944
0.44086021505376344,0.03225806451612903,0.1935483870967742,0.3333333333333333
0.4270833333333333,0.03125,0.17708333333333334,0.3645833333333333
0.4020618556701031,0.030927835051546393,0.2268041237113402,0.3402061855670103
0.38613861386138615,0.0594059405940594,0.19801980198019803,0.3564356435643564
0.38235294117647056,0.0784313725490196,0.16666666666666666,0.37254901960784315
0.3235294117647059,0.12745098039215685,0.18627450980392157,0.3627450980392157
0.3333333333333333,0.16666666666666666,0.17647058823529413,0.3235294117647059
0.40384615384615385,0.11538461538461539,0.18269230769230768,0.2980769230769231
0.42990654205607476,0.06542056074766354,0.1308411214953271,0.37383177570093457
0.4485981308411215,0.08411214953271028,0.12149532710280374,0.34579439252336447
0.5363636363636364,0.045454545454545456,0.08181818181818182,0.33636363636363636
0.5132743362831859,0.061946902654867256,0.09734513274336283,0.3274336283185841
0.5043478260869565,0.05217391304347826,0.08695652173913043,0.3565217391304348
0.5086206896551724,0.07758620689655173,0.06896551724137931,0.3448275862068966
0.5213675213675214,0.08547008547008547,0.08547008547008547,0.3076923076923077
0.5478260869565217,0.06956521739130435,0.06956521739130435,0.3130434782608696
0.5847457627118644,0.05084745762711865,0.05084745762711865,0.3135593220338983
0.5811965811965812,0.02564102564102564,0.042735042735042736,0.3504273504273504
0.5853658536585366,0.056910569105691054,0.056910569105691054,0.3008130081300813
0.5873015873015873,0.06349206349206349,0.05555555555555555,0.29365079365079366
0.6307692307692307,0.046153846153846156,0.046153846153846156,0.27692307692307694
0.5833333333333334,0.06060606060606061,0.06060606060606061,0.29545454545454547
0.5441176470588235,0.03676470588235294,0.11029411764705882,0.3088235294117647
0.5285714285714286,0.04285714285714286,0.11428571428571428,0.3142857142857143
0.5531914893617021,0.03546099290780142,0.07801418439716312,0.3333333333333333
0.5140845070422535,0.06338028169014084,0.06338028169014084,0.3591549295774648
0.5068493150684932,0.0410958904109589,0.0958904109589041,0.3561643835616438
0.5422535211267606,0.04929577464788732,0.09859154929577464,0.30985915492957744
0.5277777777777778,0.0763888888888889,0.1111111111111111,0.2847222222222222
0.5,0.04225352112676056,0.1619718309859155,0.29577464788732394
0.4583333333333333,0.041666666666666664,0.2013888888888889,0.2986111111111111
0.45714285714285713,0.05,0.16428571428571428,0.32857142857142857
0.42142857142857143,0.08571428571428572,0.15,0.34285714285714286
0.49635036496350365,0.0364963503649635,0.20437956204379562,0.26277372262773724
0.5214285714285715,0.07857142857142857,0.15714285714285714,0.24285714285714285
0.6206896551724138,0.06896551724137931,0.10344827586206896,0.20689655172413793
0.6821192052980133,0.039735099337748346,0.0728476821192053,0.2052980132450331
0.6624203821656051,0.05732484076433121,0.05732484076433121,0.2229299363057325
0.6193548387096774,0.07741935483870968,0.05161290322580645,0.25161290322580643
0.6257668711656442,0.07975460122699386,0.049079754601226995,0.24539877300613497
0.6149068322981367,0.08695652173913043,0.055900621118012424,0.2422360248447205
0.6407185628742516,0.041916167664670656,0.0718562874251497,0.24550898203592814
0.6235294117647059,0.06470588235294118,0.08235294117647059,0.22941176470588234
0.5978260869565217,0.08152173913043478,0.07065217391304347,0.25
0.5274725274725275,0.12087912087912088,0.12637362637362637,0.22527472527472528
0.5561497326203209,0.0962566844919786,0.12834224598930483,0.2192513368983957
0.554945054945055,0.08791208791208792,0.10989010989010989,0.24725274725274726
0.5274725274725275,0.08791208791208792,0.14835164835164835,0.23626373626373626
0.5108695652173914,0.10326086956521739,0.13043478260869565,0.2554347826086957
0.4574468085106383,0.13297872340425532,0.10106382978723404,0.30851063829787234
0.4810810810810811,0.12972972972972974,0.07567567567567568,0.31351351351351353
0.5,0.13043478260869565,0.08152173913043478,0.28804347826086957
0.5351351351351351,0.0918918918918919,0.10810810810810811,0.2648648648648649
0.518918918918919,0.0918918918918919,0.14054054054054055,0.24864864864864866
0.5519125683060109,0.12568306010928962,0.11475409836065574,0.20765027322404372
0.5254237288135594,0.12429378531073447,0.12429378531073447,0.22598870056497175
0.5454545454545454,0.10227272727272728,0.08522727272727272,0.26704545454545453
0.5344827586206896,0.08620689655172414,0.09770114942528736,0.28160919540229884
0.5303867403314917,0.08839779005524862,0.06077348066298342,0.32044198895027626
0.5519125683060109,0.09289617486338798,0.060109289617486336,0.29508196721311475
0.5375722543352601,0.08670520231213873,0.06936416184971098,0.3063583815028902
0.5301204819277109,0.10240963855421686,0.060240963855421686,0.3072289156626506
0.5207100591715976,0.07100591715976332,0.07100591715976332,0.33727810650887574
0.47337278106508873,0.08875739644970414,0.0650887573964497,0.3727810650887574
0.4152046783625731,0.08187134502923976,0.06432748538011696,0.43859649122807015
0.4418604651162791,0.06395348837209303,0.06976744186046512,0.42441860465116277
0.4350282485875706,0.0847457627118644,0.0903954802259887,0.3898305084745763
0.4134078212290503,0.12290502793296089,0.061452513966480445,0.4022346368715084
0.4101123595505618,0.10112359550561797,0.056179775280898875,0.43258426966292135
0.425414364640884,0.09944751381215469,0.06077348066298342,0.4143646408839779
0.46408839779005523,0.09392265193370165,0.0718232044198895,0.3701657458563536
0.45604395604395603,0.08241758241758242,0.10989010989010989,0.3516483516483517
0.532608695652174,0.10869565217391304,0.06521739130434782,0.29347826086956524
0.4756756756756757,0.0972972972972973,0.0918918918918919,0.33513513513513515
0.5510204081632653,0.08673469387755102,0.05612244897959184,0.30612244897959184
0.5396039603960396,0.09405940594059406,0.054455445544554455,0.3118811881188119
0.5402843601895735,0.12322274881516587,0.06635071090047394,0.27014218009478674
0.5388127853881278,0.1278538812785388,0.0502283105022831,0.2831050228310502
0.555045871559633,0.14220183486238533,0.04128440366972477,0.26146788990825687
0.5291479820627802,0.14349775784753363,0.07623318385650224,0.25112107623318386
0.559322033898305,0.1483050847457627,0.046610169491525424,0.2457627118644068
0.5,0.13983050847457626,0.0847457627118644,0.2754237288135593
0.5084745762711864,0.09322033898305085,0.0847457627118644,0.3135593220338983
0.5021097046413502,0.12236286919831224,0.05485232067510549,0.3206751054852321
0.5188284518828452,0.11715481171548117,0.058577405857740586,0.3054393305439331
0.4957627118644068,0.11440677966101695,0.08050847457627118,0.3093220338983051
0.45569620253164556,0.11814345991561181,0.0759493670886076,0.350210970464135
0.45,0.10416666666666667,0.10416666666666667,0.3416666666666667
0.43568464730290457,0.1037344398340249,0.13692946058091288,0.3236514522821577
0.4472573839662447,0.12658227848101267,0.11392405063291139,0.31223628691983124
0.4050632911392405,0.10126582278481013,0.14345991561181434,0.350210970464135
0.42016806722689076,0.10504201680672269,0.13445378151260504,0.3403361344537815
0.45147679324894513,0.10548523206751055,0.10970464135021098,0.3333333333333333
0.4340425531914894,0.1148936170212766,0.11063829787234042,0.3404255319148936
0.40585774058577406,0.11715481171548117,0.11715481171548117,0.3598326359832636
0.4024390243902439,0.12195121951219512,0.12195121951219512,0.35365853658536583
0.3745019920318725,0.14741035856573706,0.13147410358565736,0.3466135458167331
0.37349397590361444,0.14859437751004015,0.1285140562248996,0.3493975903614458
0.3952569169960474,0.16600790513833993,0.1067193675889328,0.33201581027667987
0.3877551020408163,0.15918367346938775,0.09387755102040816,0.35918367346938773
0.3739495798319328,0.15126050420168066,0.1092436974789916,0.36554621848739494
0.37448559670781895,0.1522633744855967,0.11934156378600823,0.35390946502057613
0.4024896265560166,0.15352697095435686,0.11203319502074689,0.33195020746887965
0.3900414937759336,0.13692946058091288,0.0954356846473029,0.3775933609958506
0.41422594142259417,0.11715481171548117,0.09623430962343096,0.3723849372384937
0.41422594142259417,0.11297071129707113,0.09623430962343096,0.37656903765690375
0.4163265306122449,0.09387755102040816,0.09795918367346938,0.39183673469387753
0.39166666666666666,0.10833333333333334,0.09583333333333334,0.4041666666666667
0.350210970464135,0.10970464135021098,0.12658227848101267,0.41350210970464135
0.3617021276595745,0.10638297872340426,0.10212765957446808,0.4297872340425532
0.3765182186234818,0.07692307692307693,0.0931174089068826,0.4534412955465587
0.3493975903614458,0.08433734939759036,0.08032128514056225,0.4859437751004016
0.3449612403100775,0.07364341085271318,0.07364341085271318,0.5077519379844961
0.3409090909090909,0.06439393939393939,0.06818181818181818,0.5265151515151515
0.3308550185873606,0.05947955390334572,0.06691449814126393,0.5427509293680297
0.3111111111111111,0.04814814814814815,0.07407407407407407,0.5666666666666667
0.3161764705882353,0.05514705882352941,0.06985294117647059,0.5588235294117647
0.32971014492753625,0.050724637681159424,0.09057971014492754,0.5289855072463768
0.352112676056338,0.06338028169014084,0.08450704225352113,0.5
0.3368055555555556,0.07291666666666667,0.06944444444444445,0.5208333333333334
0.34797297297297297,0.057432432432432436,0.08108108108108109,0.5135135135135135
0.339041095890411,0.05136986301369863,0.0958904109589041,0.5136986301369864
0.3274021352313167,0.060498220640569395,0.08896797153024912,0.5231316725978647
0.31802120141342755,0.038869257950530034,0.07773851590106007,0.5653710247349824
0.302491103202847,0.060498220640569395,0.06761565836298933,0.5693950177935944
0.2903225806451613,0.08602150537634409,0.053763440860215055,0.5698924731182796
0.28825622775800713,0.07473309608540925,0.06761565836298933,0.5693950177935944
0.32081911262798635,0.06143344709897611,0.06143344709897611,0.5563139931740614
0.3257328990228013,0.07166123778501629,0.04560260586319218,0.5570032573289903
0.31893687707641194,0.09966777408637874,0.0664451827242525,0.5149501661129569
0.3289036544850498,0.09302325581395349,0.07641196013289037,0.5016611295681063
0.29431438127090304,0.10702341137123746,0.10367892976588629,0.49498327759197325
0.3388704318936877,0.09634551495016612,0.08637873754152824,0.47840531561461797
0.3485342019543974,0.0781758957654723,0.11400651465798045,0.4592833876221498
0.35855263157894735,0.05592105263157895,0.09868421052631579,0.4868421052631579
0.3385579937304075,0.05329153605015674,0.109717868338558,0.49843260188087773
0.3115264797507788,0.040498442367601244,0.12461059190031153,0.5233644859813084
0.3115264797507788,0.06853582554517133,0.102803738317757,0.5171339563862928
0.33229813664596275,0.07142857142857142,0.08385093167701864,0.5124223602484472
0.3343558282208589,0.049079754601226995,0.08895705521472393,0.5276073619631901
0.33933933933933935,0.05105105105105105,0.0960960960960961,0.5135135135135135
0.3303030303030303,0.045454545454545456,0.09090909090909091,0.5333333333333333
0.33540372670807456,0.052795031055900624,0.11180124223602485,0.5
0.34355828220858897,0.049079754601226995,0.10122699386503067,0.5061349693251533
0.33229813664596275,0.046583850931677016,0.12732919254658384,0.4937888198757764
0.345679012345679,0.046296296296296294,0.12345679012345678,0.4845679012345679
0.36085626911314983,0.0672782874617737,0.14067278287461774,0.43119266055045874
0.38972809667673713,0.07854984894259819,0.11782477341389729,0.41389728096676737
0.4090909090909091,0.07878787878787878,0.1303030303030303,0.38181818181818183
0.4126506024096386,0.07530120481927711,0.1355421686746988,0.37650602409638556
0.40797546012269936,0.08282208588957055,0.1165644171779141,0.39263803680981596
0.3890577507598784,0.060790273556231005,0.1276595744680851,0.42249240121580545
0.39209726443769,0.057750759878419454,0.12462006079027356,0.425531914893617
0.4179566563467492,0.058823529411764705,0.1021671826625387,0.42105263157894735
0.39751552795031053,0.07763975155279502,0.08695652173913043,0.43788819875776397
0.3765432098765432,0.08024691358024691,0.08950617283950617,0.4537037037037037
0.3949843260188088,0.07523510971786834,0.07210031347962383,0.45768025078369906
0.38271604938271603,0.07716049382716049,0.05246913580246913,0.4876543209876543
0.3829787234042553,0.07598784194528875,0.0729483282674772,0.46808510638297873
0.38153846153846155,0.06461538461538462,0.06153846153846154,0.49230769230769234
0.3628048780487805,0.06097560975609756,0.051829268292682924,0.524390243902439
0.3425076452599388,0.06116207951070336,0.0764525993883792,0.5198776758409785
0.3261538461538461,0.07692307692307693,0.08307692307692308,0.5138461538461538
0.3486238532110092,0.07951070336391437,0.09785932721712538,0.4740061162079511
0.353125,0.075,0.11875,0.453125
0.37012987012987014,0.08766233766233766,0.09090909090909091,0.4512987012987013
0.34394904458598724,0.10191082802547771,0.1178343949044586,0.43630573248407645
0.3448275862068966,0.10344827586206896,0.10344827586206896,0.4482758620689655
0.3862928348909657,0.09657320872274143,0.08099688473520249,0.43613707165109034
0.3813813813813814,0.1111111111111111,0.06006006006006006,0.44744744744744747
0.375,0.10975609756097561,0.057926829268292686,0.4573170731707317
0.3313253012048193,0.0963855421686747,0.07228915662650602,0.5
0.36,0.06461538461538462,0.08307692307692308,0.49230769230769234
0.36809815950920244,0.05214723926380368,0.08895705521472393,0.49079754601226994
0.3373134328358209,0.050746268656716415,0.11343283582089553,0.49850746268656715
0.3519061583577713,0.04985337243401759,0.10557184750733138,0.49266862170087977
0.34,0.04285714285714286,0.10571428571428572,0.5114285714285715
0.3305084745762712,0.03672316384180791,0.11016949152542373,0.5225988700564972
0.29714285714285715,0.03428571428571429,0.08571428571428572,0.5828571428571429
0.27887323943661974,0.059154929577464786,0.059154929577464786,0.6028169014084507
0.29914529914529914,0.05982905982905983,0.042735042735042736,0.5982905982905983
0.3096590909090909,0.05397727272727273,0.028409090909090908,0.6079545454545454
0.2936046511627907,0.06976744186046512,0.0377906976744186,0.5988372093023255
0.26,0.07428571428571429,0.05142857142857143,0.6142857142857143
0.24166666666666667,0.06666666666666667,0.04722222222222222,0.6444444444444445
0.28296703296703296,0.06318681318681318,0.038461538461538464,0.6153846153846154
0.25340599455040874,0.05449591280653951,0.0653950953678474,0.6267029972752044
0.24396782841823056,0.064343163538874,0.07506702412868632,0.6166219839142091
0.2572944297082228,0.023872679045092837,0.08753315649867374,0.6312997347480106
0.2512820512820513,0.041025641025641026,0.07435897435897436,0.6333333333333333
0.26854219948849106,0.03324808184143223,0.0741687979539642,0.6240409207161125
0.2713178294573643,0.03875968992248062,0.07235142118863049,0.6175710594315246
0.28354430379746837,0.0379746835443038,0.06835443037974684,0.610126582278481
0.2819843342036554,0.07049608355091384,0.0835509138381201,0.5639686684073107
0.2928759894459103,0.0870712401055409,0.0633245382585752,0.5567282321899736
0.3079019073569482,0.08174386920980926,0.08174386920980926,0.5286103542234333
0.31891891891891894,0.07837837837837838,0.07837837837837838,0.5243243243243243
0.30133333333333334,0.08266666666666667,0.08533333333333333,0.5306666666666666
0.2845528455284553,0.0948509485094851,0.0921409214092141,0.5284552845528455
0.2821917808219178,0.09863013698630137,0.10410958904109589,0.5150684931506849
0.26869806094182824,0.10249307479224377,0.12465373961218837,0.5041551246537396
0.2892561983471074,0.08264462809917356,0.1184573002754821,0.509641873278237
0.281767955801105,0.0856353591160221,0.1132596685082873,0.5193370165745856
0.2631578947368421,0.09418282548476455,0.12742382271468145,0.5152354570637119
0.28846153846153844,0.06318681318681318,0.13186813186813187,0.5164835164835165
0.25555555555555554,0.06111111111111111,0.12777777777777777,0.5555555555555556
0.24225352112676057,0.09577464788732394,0.12394366197183099,0.5380281690140845
0.2184873949579832,0.0896358543417367,0.11204481792717087,0.5798319327731093
0.21008403361344538,0.09803921568627451,0.10364145658263306,0.5882352941176471
0.21865889212827988,0.119533527696793,0.10787172011661808,0.5539358600583091
0.2719298245614035,0.11403508771929824,0.0935672514619883,0.52046783625731
0.2774566473988439,0.10404624277456648,0.07514450867052024,0.5433526011560693
0.26392961876832843,0.09970674486803519,0.05571847507331378,0.5806451612903226
0.26512968299711814,0.12103746397694524,0.07780979827089338,0.5360230547550432
0.29289940828402367,0.12130177514792899,0.07988165680473373,0.5059171597633136
0.3088235294117647,0.13823529411764707,0.06764705882352941,0.4852941176470588
0.33527696793002915,0.11661807580174927,0.061224489795918366,0.4868804664723032
0.29793510324483774,0.09144542772861357,0.06784660766961652,0.5427728613569321
0.2653061224489796,0.08746355685131195,0.06997084548104957,0.577259475218659
0.26666666666666666,0.06666666666666667,0.08405797101449275,0.5826086956521739
0.2774566473988439,0.057803468208092484,0.07225433526011561,0.5924855491329479
0.2693409742120344,0.0659025787965616,0.06876790830945559,0.5959885386819485
0.292817679558011,0.07458563535911603,0.08011049723756906,0.5524861878453039
0.2742382271468144,0.11080332409972299,0.08033240997229917,0.5346260387811634
0.3034300791556728,0.08970976253298153,0.052770448548812667,0.554089709762533
0.27055702917771884,0.09814323607427056,0.050397877984084884,0.5809018567639257
0.2657894736842105,0.09473684210526316,0.05263157894736842,0.5868421052631579
0.2782152230971129,0.07874015748031496,0.05249343832020997,0.5905511811023622
0.30158730158730157,0.07671957671957672,0.07142857142857142,0.5502645502645502
0.29521276595744683,0.0851063829787234,0.06648936170212766,0.5531914893617021
0.2677165354330709,0.08136482939632546,0.05511811023622047,0.5958005249343832
0.2682291666666667,0.0625,0.0546875,0.6145833333333334
0.2923076923076923,0.06153846153846154,0.06923076923076923,0.5769230769230769
0.2997416020671835,0.06459948320413436,0.059431524547803614,0.5762273901808785
0.2759493670886076,0.060759493670886074,0.060759493670886074,0.6025316455696202
0.27621483375959077,0.058823529411764705,0.0792838874680307,0.5856777493606138
0.26785714285714285,0.05612244897959184,0.07142857142857142,0.6045918367346939
0.28217821782178215,0.06683168316831684,0.054455445544554455,0.5965346534653465
0.29310344827586204,0.06896551724137931,0.06403940886699508,0.5738916256157636
0.27586206896551724,0.10591133004926108,0.05665024630541872,0.5615763546798029
0.2630272952853598,0.0967741935483871,0.08188585607940446,0.5583126550868487
0.27941176470588236,0.10049019607843138,0.08088235294117647,0.5392156862745098
0.3125,0.105,0.065,0.5175
0.3167082294264339,0.08977556109725686,0.07481296758104738,0.5187032418952618
0.3095823095823096,0.085995085995086,0.07125307125307126,0.5331695331695332
0.30339805825242716,0.10194174757281553,0.08495145631067962,0.5097087378640777
0.3115942028985507,0.07971014492753623,0.10386473429951691,0.5048309178743962
0.3488943488943489,0.07616707616707617,0.09090909090909091,0.48402948402948404
0.312807881773399,0.0812807881773399,0.10098522167487685,0.5049261083743842
0.3179611650485437,0.0825242718446602,0.09951456310679611,0.5
0.29397590361445786,0.09397590361445783,0.08433734939759036,0.5277108433734939
0.3009478672985782,0.061611374407582936,0.09004739336492891,0.54739336492891
0.3016627078384798,0.09501187648456057,0.07838479809976247,0.5249406175771971
0.3129411764705882,0.10352941176470588,0.0611764705882353,0.5223529411764706
0.3069544364508393,0.11270983213429256,0.07434052757793765,0.5059952038369304
0.28674698795180725,0.10361445783132531,0.0819277108433735,0.5277108433734939
0.29850746268656714,0.11940298507462686,0.07462686567164178,0.5074626865671642
0.3135802469135803,0.10617283950617284,0.08641975308641975,0.49382716049382713
0.31527093596059114,0.10591133004926108,0.10098522167487685,0.47783251231527096
0.3316831683168317,0.09900990099009901,0.10643564356435643,0.4628712871287129
0.3502415458937198,0.07246376811594203,0.09178743961352658,0.4855072463768116
0.33170731707317075,0.06829268292682927,0.08292682926829269,0.5170731707317073
0.3284671532846715,0.051094890510948905,0.11192214111922141,0.5085158150851582
0.3374384236453202,0.06403940886699508,0.0812807881773399,0.5172413793103449
0.3609022556390977,0.07769423558897243,0.05764411027568922,0.5037593984962406
0.3783783783783784,0.085995085995086,0.04914004914004914,0.4864864864864865
0.3493975903614458,0.07951807228915662,0.060240963855421686,0.5108433734939759
0.34844868735083534,0.05489260143198091,0.0883054892601432,0.5083532219570406
0.34965034965034963,0.046620046620046623,0.09557109557109557,0.5081585081585082
0.36926605504587157,0.04128440366972477,0.09403669724770643,0.4954128440366973
0.3744394618834081,0.04484304932735426,0.07847533632286996,0.5022421524663677
0.39514348785871967,0.04415011037527594,0.0706401766004415,0.4900662251655629
0.4197802197802198,0.03956043956043956,0.06813186813186813,0.4725274725274725
0.4078091106290672,0.04121475054229935,0.08026030368763558,0.47071583514099785
0.4109014675052411,0.03563941299790356,0.07547169811320754,0.4779874213836478
0.4140786749482402,0.035196687370600416,0.07246376811594203,0.4782608695652174
0.4218106995884774,0.047325102880658436,0.0720164609053498,0.4588477366255144
0.4161490683229814,0.047619047619047616,0.062111801242236024,0.474120082815735
0.3663157894736842,0.05894736842105263,0.06947368421052631,0.5052631578947369
0.3695198329853862,0.06889352818371608,0.07306889352818371,0.48851774530271397
0.3481953290870488,0.08280254777070063,0.06369426751592357,0.505307855626327
0.3431578947368421,0.06526315789473684,0.08210526315789474,0.5094736842105263
0.3553191489361702,0.07021276595744681,0.07234042553191489,0.502127659574468
0.36225596529284165,0.08026030368763558,0.07158351409978309,0.48590021691973967
0.36637931034482757,0.07112068965517242,0.07974137931034483,0.4827586206896552
0.34375,0.06041666666666667,0.058333333333333334,0.5375
0.3114754098360656,0.04918032786885246,0.06557377049180328,0.5737704918032787
0.3046092184368738,0.0841683366733467,0.07014028056112225,0.5410821643286573
0.305327868852459,0.08401639344262295,0.06967213114754098,0.5409836065573771
0.3076923076923077,0.08523908523908524,0.06860706860706861,0.5384615384615384
0.30434782608695654,0.09937888198757763,0.07246376811594203,0.5238095238095238
0.30864197530864196,0.07818930041152264,0.06995884773662552,0.5432098765432098
0.2898550724637681,0.07660455486542443,0.06625258799171843,0.567287784679089
0.32653061224489793,0.05714285714285714,0.0653061224489796,0.5510204081632653
0.32934131736526945,0.06387225548902195,0.059880239520958084,0.5469061876247505
0.34523809523809523,0.06547619047619048,0.05555555555555555,0.5337301587301587
0.3458498023715415,0.05928853754940711,0.07312252964426877,0.5217391304347826
0.3619047619047619,0.06285714285714286,0.07238095238095238,0.5028571428571429
0.35471698113207545,0.07547169811320754,0.06415094339622641,0.5056603773584906
0.31679389312977096,0.08396946564885496,0.08396946564885496,0.5152671755725191
0.32765151515151514,0.06439393939393939,0.08143939393939394,0.5265151515151515
0.30925925925925923,0.053703703703703705,0.08333333333333333,0.5537037037037037
0.3182674199623352,0.04896421845574388,0.09227871939736347,0.5404896421845574
0.3240223463687151,0.040968342644320296,0.07262569832402235,0.5623836126629422
0.3021978021978022,0.040293040293040296,0.07326007326007326,0.5842490842490843
0.27355072463768115,0.06521739130434782,0.07789855072463768,0.5833333333333334
0.2916666666666667,0.06521739130434782,0.07971014492753623,0.5634057971014492
0.30418943533697634,0.0546448087431694,0.07650273224043716,0.5646630236794171
0.2833935018050541,0.08844765342960288,0.0812274368231047,0.5469314079422383
0.26618705035971224,0.10071942446043165,0.08633093525179857,0.5467625899280576
0.2641843971631206,0.08687943262411348,0.08687943262411348,0.5620567375886525
0.274822695035461,0.09397163120567376,0.0797872340425532,0.5514184397163121
0.26480836236933797,0.10278745644599303,0.07491289198606271,0.5574912891986062
0.27101200686106347,0.08061749571183534,0.08576329331046312,0.5626072041166381
0.281195079086116,0.07557117750439367,0.07908611599297012,0.5641476274165202
0.2703180212014134,0.0706713780918728,0.07597173144876325,0.5830388692579506
0.2730496453900709,0.07801418439716312,0.0673758865248227,0.5815602836879432
0.27889908256880735,0.07706422018348624,0.07889908256880734,0.5651376146788991
0.2857142857142857,0.06593406593406594,0.08974358974358974,0.5586080586080586
0.29963235294117646,0.06801470588235294,0.10110294117647059,0.53125
0.3296500920810313,0.07366482504604052,0.07734806629834254,0.5193370165745856
0.3339483394833948,0.06642066420664207,0.06642066420664207,0.533210332103321
0.2979890310786106,0.07312614259597806,0.0712979890310786,0.5575868372943327
0.3053016453382084,0.06764168190127971,0.0712979890310786,0.5557586837294333
0.2909090909090909,0.08181818181818182,0.06545454545454546,0.5618181818181818
0.2711267605633803,0.0880281690140845,0.06514084507042253,0.5757042253521126
0.27256637168141595,0.07610619469026549,0.07787610619469026,0.5734513274336284
0.29173989455184535,0.0843585237258348,0.070298769771529,0.5536028119507909
0.28793103448275864,0.07586206896551724,0.07931034482758621,0.5568965517241379
0.3298059964726631,0.07583774250440917,0.08112874779541446,0.5132275132275133
0.32432432432432434,0.0990990990990991,0.07747747747747748,0.4990990990990991
0.32558139534883723,0.09660107334525939,0.07334525939177101,0.5044722719141324
0.32021466905187834,0.08228980322003578,0.07155635062611806,0.5259391771019678
0.32854578096947934,0.0718132854578097,0.07360861759425494,0.526032315978456
0.3466424682395644,0.04900181488203267,0.08892921960072596,0.515426497277677
0.3619744058500914,0.051188299817184646,0.10237659963436929,0.4844606946983547
0.35390199637023595,0.056261343012704176,0.08711433756805807,0.5027223230490018
0.36528028933092227,0.0759493670886076,0.08860759493670886,0.4701627486437613
0.35992578849721707,0.07792207792207792,0.08348794063079777,0.47866419294990725
0.3486238532110092,0.07889908256880734,0.07155963302752294,0.5009174311926605
0.36745886654478976,0.08592321755027423,0.05850091407678245,0.48811700182815354
0.3723404255319149,0.0851063829787234,0.04609929078014184,0.49645390070921985
0.3576388888888889,0.07465277777777778,0.05381944444444445,0.5138888888888888
0.36610169491525424,0.06440677966101695,0.06271186440677966,0.5067796610169492
0.35413153456998314,0.0657672849915683,0.05564924114671164,0.524451939291737
0.34219269102990035,0.059800664451827246,0.06478405315614617,0.5332225913621262
0.34731543624161076,0.06543624161073826,0.06879194630872483,0.5184563758389261
0.31666666666666665,0.075,0.055,0.5533333333333333
0.3092436974789916,0.08907563025210084,0.06050420168067227,0.5411764705882353
0.32160804020100503,0.09045226130653267,0.05527638190954774,0.5326633165829145
0.35596026490066224,0.07119205298013245,0.04470198675496689,0.5281456953642384
0.37254901960784315,0.058823529411764705,0.0457516339869281,0.5228758169934641
0.3627760252365931,0.05993690851735016,0.050473186119873815,0.526813880126183
0.35202492211838005,0.06853582554517133,0.05451713395638629,0.5249221183800623
0.3605015673981191,0.06269592476489028,0.06583072100313479,0.5109717868338558
0.3430321592649311,0.055130168453292494,0.05819295558958652,0.5436447166921899
0.3374045801526718,0.0717557251908397,0.06412213740458016,0.5267175572519084
0.34782608695652173,0.06366459627329192,0.06677018633540373,0.5217391304347826
0.3390357698289269,0.06842923794712286,0.06220839813374806,0.5303265940902022
0.32171156893819336,0.06656101426307448,0.06497622820919176,0.5467511885895404
0.3192488262910798,0.081377151799687,0.07198748043818466,0.5273865414710485
0.3088923556942278,0.0842433697347894,0.06396255850234009,0.5429017160686428
0.2823343848580442,0.07728706624605679,0.06624605678233439,0.5741324921135647
0.2978395061728395,0.05401234567901234,0.05246913580246913,0.595679012345679
0.3054263565891473,0.07441860465116279,0.05736434108527132,0.5627906976744186
0.30094043887147337,0.08307210031347963,0.05799373040752351,0.5579937304075235
0.3328100470957614,0.09105180533751962,0.04866562009419152,0.5274725274725275
0.3550387596899225,0.07596899224806201,0.05271317829457364,0.5162790697674419
0.35093167701863354,0.07763975155279502,0.05745341614906832,0.5139751552795031
0.34418604651162793,0.09457364341085271,0.040310077519379844,0.5209302325581395
0.3627906976744186,0.09922480620155039,0.046511627906976744,0.49147286821705427
0.3425076452599388,0.09938837920489296,0.04892966360856269,0.5091743119266054
0.332312404287902,0.07963246554364471,0.06738131699846861,0.5206738131699847
0.3574730354391371,0.07858243451463791,0.06933744221879815,0.4946070878274268
0.3474178403755869,0.08763693270735524,0.06416275430359937,0.5007824726134585
0.34335443037974683,0.11234177215189874,0.055379746835443035,0.4889240506329114
0.35266457680250785,0.109717868338558,0.05172413793103448,0.48589341692789967
0.32872503840245776,0.10138248847926268,0.06451612903225806,0.5053763440860215
0.3426791277258567,0.06853582554517133,0.06542056074766354,0.5233644859813084
0.33798449612403103,0.06046511627906977,0.06046511627906977,0.5410852713178295
0.3123076923076923,0.06461538461538462,0.055384615384615386,0.5676923076923077
0.3207261724659607,0.06959152798789713,0.0453857791225416,0.5642965204236006
0.34186746987951805,0.08132530120481928,0.04969879518072289,0.5271084337349398
0.3509544787077827,0.06607929515418502,0.048458149779735685,0.5345080763582967
0.33925925925925926,0.07407407407407407,0.05185185185185185,0.5348148148148149
0.33534743202416917,0.06948640483383686,0.061933534743202415,0.5332326283987915
0.3004484304932735,0.07922272047832586,0.06278026905829596,0.5575485799701047
0.3136094674556213,0.07396449704142012,0.05917159763313609,0.5532544378698225
0.3055555555555556,0.07456140350877193,0.07017543859649122,0.5497076023391813
0.30576070901033975,0.07090103397341212,0.0723781388478582,0.55096011816839
0.32122093023255816,0.06395348837209303,0.06686046511627906,0.5479651162790697
0.3126801152737752,0.06340057636887608,0.07636887608069164,0.547550432276657
0.3051094890510949,0.08613138686131387,0.07591240875912408,0.5328467153284672
0.3217391304347826,0.08115942028985507,0.08115942028985507,0.5159420289855072
0.32323232323232326,0.08513708513708514,0.0735930735930736,0.5180375180375181
0.3201174743024963,0.07342143906020558,0.06754772393538913,0.5389133627019089
0.3066860465116279,0.07412790697674419,0.07122093023255814,0.5479651162790697
0.31703703703703706,0.06074074074074074,0.07555555555555556,0.5466666666666666
0.3135215453194651,0.06092124814264487,0.07429420505200594,0.5512630014858841
0.31212121212121213,0.06666666666666667,0.06515151515151515,0.556060606060606
0.29542097488921715,0.07090103397341212,0.07533234859675036,0.5583456425406204
0.2905109489051095,0.07737226277372262,0.10072992700729927,0.5313868613138686
0.30409356725146197,0.07309941520467836,0.08771929824561403,0.5350877192982456
0.30289855072463767,0.057971014492753624,0.10579710144927536,0.5333333333333333
0.31610044313146235,0.07090103397341212,0.07680945347119646,0.5361890694239291
0.32794117647058824,0.07794117647058824,0.07647058823529412,0.5176470588235295
0.2929745889387145,0.08520179372197309,0.09566517189835576,0.5261584454409567
0.283763277693475,0.09256449165402124,0.09408194233687406,0.5295902883156297
0.2778625954198473,0.08244274809160305,0.09923664122137404,0.5404580152671755
0.28043143297380585,0.0847457627118644,0.10015408320493066,0.5346687211093991
0.2996894409937888,0.08229813664596274,0.10559006211180125,0.5124223602484472
0.3001531393568147,0.07350689127105667,0.10260336906584992,0.5237366003062787
0.30261136712749614,0.07373271889400922,0.0890937019969278,0.5345622119815668
0.3027950310559006,0.08229813664596274,0.10248447204968944,0.5124223602484472
0.28885400313971743,0.08634222919937205,0.09262166405023547,0.5321821036106751
0.3281004709576138,0.07849293563579278,0.08006279434850863,0.5133437990580848
0.33541341653666146,0.07956318252730109,0.054602184087363496,0.5304212168486739
0.36891679748822603,0.0706436420722135,0.054945054945054944,0.5054945054945055
0.3691588785046729,0.09034267912772585,0.045171339563862926,0.4953271028037383
0.3568147013782542,0.10107197549770292,0.05359877488514548,0.4885145482388974
0.3532110091743119,0.0871559633027523,0.05504587155963303,0.5045871559633027
0.36077844311377244,0.07784431137724551,0.05089820359281437,0.5104790419161677
0.3658170914542729,0.07646176911544228,0.05697151424287856,0.5007496251874063
0.38130563798219586,0.05637982195845697,0.05489614243323442,0.5074183976261127
0.3573529411764706,0.054411764705882354,0.07058823529411765,0.5176470588235295
0.3717201166180758,0.043731778425655975,0.06705539358600583,0.5174927113702624
0.3848396501457726,0.052478134110787174,0.07725947521865889,0.48542274052478135
0.39592430858806404,0.050946142649199416,0.06259097525473072,0.49053857350800584
0.3858615611192931,0.048600883652430045,0.053019145802650956,0.5125184094256259
0.38799414348462663,0.055636896046852125,0.06442166910688141,0.49194729136163984
0.3946980854197349,0.05154639175257732,0.07069219440353461,0.48306332842415317
0.3962536023054755,0.05475504322766571,0.07492795389048991,0.47406340057636887
0.396011396011396,0.05982905982905983,0.07407407407407407,0.4700854700854701
0.3940256045519203,0.059743954480796585,0.07681365576102418,0.4694167852062589
0.39106145251396646,0.06284916201117319,0.0712290502793296,0.4748603351955307
0.38935574229691877,0.07282913165266107,0.08123249299719888,0.4565826330532213
0.40730337078651685,0.07443820224719101,0.06320224719101124,0.4550561797752809
0.4101838755304102,0.08486562942008487,0.06930693069306931,0.43564356435643564
0.41143654114365413,0.06834030683403068,0.06694560669456066,0.45327754532775455
0.40027510316368636,0.07565337001375516,0.07977991746905089,0.4442916093535076
0.4032697547683924,0.05858310626702997,0.08991825613079019,0.4482288828337875
0.3971830985915493,0.07464788732394366,0.08169014084507042,0.44647887323943664
0.38142857142857145,0.07285714285714286,0.10428571428571429,0.44142857142857145
0.3932107496463932,0.07637906647807638,0.1074964639321075,0.4229137199434229
0.4263233190271817,0.08011444921316166,0.10300429184549356,0.3905579399141631
0.4161849710982659,0.07803468208092486,0.0953757225433526,0.41040462427745666
0.41594202898550725,0.08405797101449275,0.07536231884057971,0.4246376811594203
