C,D,Oc,Od
0.0,0.0,1.0,0.0
0.0,0.0,0.5,0.5
0.0,0.0,0.2,0.8
0.0,0.0,0.3,0.7
0.05263157894736842,0.0,0.3157894736842105,0.631578947368421
0.05405405405405406,0.05405405405405406,0.24324324324324326,0.6486486486486487
0.05,0.05,0.25,0.65
0.061224489795918366,0.061224489795918366,0.22448979591836735,0.6530612244897959
0.09154929577464789,0.07042253521126761,0.22535211267605634,0.6126760563380281
0.11282051282051282,0.08205128205128205,0.2358974358974359,0.5692307692307692
0.13602941176470587,0.09926470588235294,0.23529411764705882,0.5294117647058824
0.14794520547945206,0.11232876712328767,0.2493150684931507,0.4904109589041096
0.1734475374732334,0.12419700214132762,0.25267665952890794,0.44967880085653106
0.18718381112984822,0.13490725126475547,0.25126475548060706,0.4266441821247892
0.1935933147632312,0.12952646239554316,0.2562674094707521,0.4206128133704735
0.20069605568445475,0.12529002320185614,0.26218097447795824,0.41183294663573083
0.20241691842900303,0.1268882175226586,0.26586102719033233,0.40483383685800606
0.21143847487001732,0.13084922010398614,0.2755632582322357,0.3821490467937608
0.21932515337423314,0.13113496932515337,0.28144171779141103,0.36809815950920244
0.22289972899728996,0.1388888888888889,0.2859078590785908,0.3523035230352303
0.2137452711223203,0.14123581336696092,0.29129886506935687,0.3537200504413619
0.21382161842882458,0.14116952155936208,0.28824571766095686,0.3567631423508565
0.2132752992383025,0.1365614798694233,0.29651795429815014,0.35364526659412404
0.20113753877973112,0.1313340227507756,0.31075491209927614,0.35677352637021714
0.20851688693098386,0.13069016152716592,0.3054331864904552,0.355359765051395
0.20864312267657992,0.13475836431226765,0.3034386617100372,0.35315985130111527
0.21386497507929317,0.1336656094245582,0.3053919347530584,0.3470774807430902
0.20776356418173797,0.1340979267754742,0.3070136744596383,0.3511248345831495
0.20624450307827616,0.13148636763412488,0.30826737027264733,0.3540017590149516
0.20589529256489222,0.13682358117025956,0.3066432028156621,0.3506379234491861
0.20355555555555555,0.14,0.30933333333333335,0.3471111111111111
0.1971153846153846,0.14466783216783216,0.3063811188811189,0.3518356643356643
0.19754170324846357,0.14135206321334504,0.3094820017559263,0.35162423178226515
0.20043859649122808,0.14298245614035088,0.3087719298245614,0.3478070175438597
0.20308370044052865,0.14669603524229075,0.29955947136563876,0.35066079295154184
0.20017520805957073,0.15067893123083662,0.3009198423127464,0.34822601839684625
0.20079260237780713,0.1563188022897402,0.29722589167767505,0.34566270365477764
0.20079260237780713,0.15191545574636725,0.3003082342580361,0.3469837076177895
0.20618101545253864,0.16070640176600443,0.2944812362030905,0.33863134657836647
0.2067751869775627,0.15750109986801583,0.29564452265728114,0.34007919049714036
0.20414462081128748,0.1574074074074074,0.2985008818342152,0.33994708994708994
0.20610349402919062,0.15612560813799203,0.2980981866430783,0.3396727111897391
0.20781527531083482,0.15452930728241562,0.2975133214920071,0.3401420959147424
0.2097197898423818,0.15586690017513136,0.3042907180385289,0.330122591943958
0.20659340659340658,0.16131868131868132,0.301978021978022,0.3301098901098901
0.20448548812664907,0.1627088830255057,0.2941952506596306,0.3386103781882146
0.2000875656742557,0.159369527145359,0.30166374781085814,0.33887915936952717
0.19798068481123793,0.16417910447761194,0.29850746268656714,0.33933274802458296
0.19543258673693456,0.16469038208168643,0.3021519543258674,0.3377250768555116
0.19292885202968135,0.16062854648625055,0.30685290266259274,0.3395896988214753
0.18520140105078808,0.16199649737302976,0.30823117338003503,0.3445709281961471
0.1917989417989418,0.1657848324514991,0.29894179894179895,0.34347442680776014
0.19641294838145232,0.1552930883639545,0.300087489063867,0.34820647419072615
0.19991193306913255,0.1549977983267283,0.3033905768383972,0.34169969176574194
0.19632706602536074,0.16178399650196765,0.3021425448185396,0.33974639265413203
0.1985002205558006,0.1662990736656374,0.3026025584472872,0.3325981473312748
0.19680851063829788,0.16843971631205673,0.3054078014184397,0.32934397163120566
0.2001759788825341,0.17113946326440826,0.29916410030796303,0.32952045754509457
0.1932218309859155,0.16857394366197184,0.3019366197183099,0.3362676056338028
0.195326278659612,0.1675485008818342,0.3002645502645503,0.3368606701940035
0.1947136563876652,0.16784140969162994,0.3004405286343612,0.3370044052863436
0.1899956121105748,0.1654234313295305,0.30627468187801665,0.338306274681878
0.18928414580588493,0.16688625384277558,0.30566534914361,0.33816425120772947
0.19779735682819383,0.16211453744493393,0.3026431718061674,0.33744493392070485
0.20473848904783193,0.15690657130084934,0.3062136790344211,0.33214126061689764
0.20709281961471104,0.16637478108581435,0.29947460595446584,0.32705779334500873
0.2056239015817223,0.16124780316344464,0.30052724077328646,0.3326010544815466
0.20820467578297308,0.16321129245699162,0.30172033524481695,0.32686369651521835
0.21249450065992082,0.15750109986801583,0.3062032556093269,0.32380114386273645
0.21419127368884971,0.15689731159100925,0.3085059497576025,0.3204054649625386
0.21205455345358556,0.1583809942806863,0.3079630444346678,0.3216014078310603
0.2132514260640632,0.15796401930671347,0.30671347082053535,0.32207108380868804
0.21657167908811925,0.15212626041209995,0.30688294607628236,0.32441911442349847
0.22075055187637968,0.1532008830022075,0.3130242825607064,0.3130242825607064
0.2191480017566974,0.15678524374176547,0.30742204655248134,0.31664470794905575
0.22465993856954805,0.1584028082492321,0.305835892935498,0.3111013602457218
0.2218791354212616,0.1667401852668725,0.29863255403617117,0.31274812527569473
0.21685689201053557,0.16769095697980685,0.29850746268656714,0.3169446883230904
0.21646341463414634,0.17029616724738675,0.29965156794425085,0.313588850174216
0.21786971830985916,0.17297535211267606,0.304137323943662,0.3050176056338028
0.21970357454228423,0.16695727986050568,0.3020924149956408,0.3112467306015693
0.21723834652594548,0.17150395778364116,0.29991204925241866,0.3113456464379947
0.21551344204495373,0.16967827236668137,0.30409872190392245,0.31070956368444247
0.21237384817902588,0.16761737604212373,0.31154014918824047,0.3084686265906099
0.2162280701754386,0.16228070175438597,0.312280701754386,0.3092105263157895
0.21737232649498037,0.1615015277171541,0.31645569620253167,0.3046704495853339
0.21813403416557162,0.16206745510293474,0.31449846692947875,0.3053000438020149
0.21888790820829657,0.1641659311562224,0.3146513680494263,0.30229479258605474
0.218804920913884,0.16432337434094904,0.3150263620386643,0.30184534270650265
0.22324561403508772,0.16271929824561404,0.31008771929824563,0.30394736842105263
0.22496691662990737,0.16144684605205117,0.31010145566828407,0.3034847816497574
0.2279541446208113,0.16313932980599646,0.3073192239858907,0.30158730158730157
0.2263901147396293,0.1650485436893204,0.3115622241835834,0.2969991173874669
0.22553751645458534,0.16235190873189995,0.31329530495831504,0.29881526985519963
0.22346119536128456,0.16101694915254236,0.31266726137377343,0.3028545941123996
0.22030905077262694,0.16467991169977925,0.31346578366445915,0.30154525386313463
0.21678321678321677,0.15996503496503497,0.31774475524475526,0.305506993006993
0.21523472099202834,0.15677590788308238,0.3259521700620018,0.3020372010628875
0.2167985927880387,0.1613896218117854,0.322339489885664,0.2994722955145119
0.21269146608315098,0.15185995623632384,0.3308533916849015,0.30459518599562363
0.2089420097388225,0.15449313855688357,0.32625055334218683,0.3103142983621071
0.20520741394527803,0.15180935569285084,0.32789055604589584,0.31509267431597526
0.2023757149142103,0.1539815222173339,0.32908051033875935,0.31456225252969644
0.20607661822985468,0.15323645970937913,0.3258476442095993,0.3148392778511669
0.2052304964539007,0.162677304964539,0.33023049645390073,0.30186170212765956
0.20820602357049323,0.1623745089480576,0.32256656481885637,0.30685290266259274
0.21438023820026467,0.16497573886193206,0.317600352889281,0.3030436700485223
0.2051168945743273,0.17071018967798854,0.32245258050286724,0.30172033524481695
0.2053532250987275,0.17025010969723564,0.32514260640631854,0.29925405879771827
0.2076215505913272,0.17082785808147175,0.32457293035479634,0.29697766097240474
0.21110621419127368,0.17232260907888938,0.3199647421771706,0.2966064345526664
0.20572687224669603,0.1726872246696035,0.32026431718061676,0.3013215859030837
0.20449537241075363,0.1736447774349934,0.3212869105332746,0.3005729396209784
0.20611353711790392,0.1707423580786026,0.31615720524017465,0.30698689956331876
0.20480854853072128,0.1709706144256456,0.3196794300979519,0.3045414069456812
0.21101321585903085,0.17004405286343613,0.3180616740088106,0.30088105726872244
0.21034180543382996,0.1761612620508326,0.31638913234005256,0.2971078001752848
0.21087533156498675,0.17064544650751548,0.3196286472148541,0.2988505747126437
0.21333922261484098,0.1682862190812721,0.32287985865724383,0.2954946996466431
0.21122403888643393,0.16924436588599204,0.31551038444542645,0.3040212107821476
0.21788689171416045,0.1714160455940377,0.3077597544936431,0.30293730819815873
0.2175639894086496,0.16593115622241836,0.3177405119152692,0.29876434245366285
0.2172579938677179,0.1660096364432764,0.3193166885676741,0.2974156811213316
0.2181266261925412,0.16435385949696443,0.3152645273200347,0.30225498699045966
0.21520106053910737,0.17012814847547503,0.31330092797171893,0.3013698630136986
0.20915032679738563,0.17342047930283225,0.3145969498910675,0.3028322440087146
0.2149737302977233,0.16987740805604204,0.3200525394045534,0.29509632224168125
0.2135028496273564,0.1709776413853573,0.31477422183252957,0.3007452871547567
0.20789473684210527,0.17149122807017544,0.3175438596491228,0.3030701754385965
0.2023121387283237,0.18319253001333927,0.31347265451311696,0.3010226767452201
0.198943661971831,0.18221830985915494,0.31558098591549294,0.3032570422535211
0.19526362823949955,0.18185880250223413,0.31143878462913316,0.31143878462913316
0.19556541019955653,0.17915742793791575,0.317960088691796,0.3073170731707317
0.20053120849933598,0.18326693227091634,0.3151837096060204,0.3010181496237273
0.20378521126760563,0.1817781690140845,0.31690140845070425,0.2975352112676056
0.2028985507246377,0.18357487922705315,0.3188405797101449,0.2946859903381642
0.20299427564949363,0.1805372082782915,0.31660061646851606,0.2998678996036988
0.20616319444444445,0.1792534722222222,0.31640625,0.2981770833333333
0.2130782918149466,0.17526690391459074,0.31183274021352314,0.2998220640569395
0.20814880425155005,0.17360496014171833,0.31620903454384414,0.3020372010628875
0.21022476862053768,0.17628911414720141,0.31026884089907447,0.3032172763331864
0.2074561403508772,0.18157894736842106,0.3078947368421053,0.3030701754385965
0.20220264317180617,0.18502202643171806,0.3118942731277533,0.30088105726872244
0.2040457343887423,0.18161829375549693,0.3073878627968338,0.306948109058927
0.2052980132450331,0.18013245033112582,0.304635761589404,0.30993377483443707
0.2056362835755174,0.1814178775869661,0.3033905768383972,0.3095552619991193
0.2057017543859649,0.17894736842105263,0.30833333333333335,0.30701754385964913
0.20070733863837312,0.1812555260831123,0.3125552608311229,0.30548187444739167
0.20320142285460205,0.18363717207647842,0.3116940862605602,0.30146731880835925
0.2033747779751332,0.18072824156305506,0.3046181172291297,0.31127886323268206
0.2,0.17639198218262805,0.31224944320712694,0.31135857461024496
0.20319432120674358,0.1805678793256433,0.30656610470275064,0.30967169476486245
0.20229681978798586,0.1855123674911661,0.3127208480565371,0.299469964664311
0.2058694699956198,0.19010074463425317,0.307928164695576,0.29610162067455104
0.20493609519612163,0.19127368884971352,0.3133539003966505,0.2904363155575143
0.2121746801940891,0.1874724305249228,0.30524922805469784,0.2951036612262902
0.2009674582233949,0.1868953386103782,0.31266490765171506,0.2994722955145119
0.20732245258050286,0.18306131451257168,0.3105425672695192,0.2990736656374063
0.20911528150134048,0.1863270777479893,0.30786416443252906,0.2966934763181412
0.205648720211827,0.1879964695498676,0.30935569285083847,0.2969991173874669
0.19736263736263737,0.1854945054945055,0.31868131868131866,0.29846153846153844
0.20217864923747278,0.18823529411764706,0.3137254901960784,0.29586056644880177
0.20322019147084422,0.1927763272410792,0.308964316797215,0.2950391644908616
0.20351648351648352,0.19252747252747252,0.3046153846153846,0.29934065934065934
0.21015761821366025,0.19220665499124343,0.30691768826619964,0.29071803852889666
0.20831490490933216,0.19327731092436976,0.3038478549314463,0.29455992923485186
0.21447368421052632,0.19210526315789472,0.3013157894736842,0.29210526315789476
0.2136006974716652,0.1891891891891892,0.3042720139494333,0.29293809938971227
0.21520106053910737,0.1864781263809103,0.29871851524524967,0.29960229783473263
0.2205947625388371,0.1810918774966711,0.3009320905459387,0.29738126941855303
0.22154115586690018,0.18563922942206654,0.29772329246935203,0.29509632224168125
0.22007042253521128,0.1857394366197183,0.2984154929577465,0.29577464788732394
0.22042776080314272,0.1924923614142296,0.2928852029681362,0.29419467481449146
0.21794310722100657,0.18949671772428883,0.2936542669584245,0.2989059080962801
0.218435998252512,0.19047619047619047,0.2892092616863259,0.3018785495849716
0.22294938917975568,0.18979057591623036,0.28664921465968585,0.3006108202443281
0.22743362831858407,0.18938053097345134,0.28407079646017697,0.2991150442477876
0.22438162544169613,0.18992932862190812,0.28224381625441697,0.3034452296819788
0.2196969696969697,0.19162210338680927,0.29188948306595364,0.2967914438502674
0.22114962702939886,0.19262834576568671,0.29091706888986396,0.29530495831505044
0.22300884955752212,0.1929203539823009,0.28893805309734516,0.29513274336283185
0.22460595446584938,0.19614711033274956,0.29203152364273205,0.287215411558669
0.23138297872340424,0.19902482269503546,0.2859042553191489,0.28368794326241137
0.23350923482849603,0.19569041336851364,0.2827616534740545,0.2880386983289358
0.23936869793950022,0.19596668128014028,0.28496273564226215,0.27970188513809735
0.2396873643074251,0.20191055145462442,0.2826747720364742,0.27572731220147634
0.23952359947066607,0.19761799735333038,0.2818703131892369,0.28098808998676666
0.23750552852720036,0.19637328615656788,0.2830605926581159,0.2830605926581159
0.2381160052333188,0.19886611426079373,0.28085477540340165,0.2821631051024858
0.2368888888888889,0.19777777777777777,0.28444444444444444,0.2808888888888889
0.2363238512035011,0.2,0.2862144420131291,0.2774617067833698
0.23544973544973544,0.19620811287477954,0.2896825396825397,0.2786596119929453
0.2305641936916926,0.19680142159040426,0.2905375388716126,0.2820968458462905
0.23255813953488372,0.1899956121105748,0.28960070206230804,0.2878455462922334
0.22965244170699517,0.1935767707875055,0.2930048394192697,0.2837659480862297
0.2357080035180299,0.19656992084432717,0.2796833773087071,0.2880386983289358
0.23243482103402563,0.1931064958020327,0.28855501546619533,0.28590366769774633
0.22892092616863258,0.1965923984272608,0.290083005679336,0.28440366972477066
0.22577816747040771,0.19947391494958353,0.2884699693117054,0.2862779482683034
0.23452484742807322,0.2009590235396687,0.28465562336530076,0.2798605056669573
0.23171806167400882,0.20176211453744494,0.28590308370044054,0.2806167400881057
0.23412698412698413,0.19973544973544974,0.2839506172839506,0.2821869488536155
0.23746116289391922,0.2010652463382157,0.2698624056813138,0.29161118508655126
0.23211935059236508,0.20491443615620886,0.27336551118911806,0.28960070206230804
0.23201754385964912,0.20614035087719298,0.275,0.2868421052631579
0.22992540587977184,0.209741114523914,0.2803861342694164,0.27994734532689775
0.231712658782304,0.21243977222952257,0.27639071397284276,0.2794568550153307
0.23298429319371727,0.21422338568935428,0.27399650959860383,0.2787958115183246
0.23141223053233612,0.2067751869775627,0.28024637043554773,0.28156621205455346
0.23278116826503922,0.20793374019180472,0.27768090671316475,0.2816041848299913
0.22948661693725317,0.2079859587538394,0.2781921895568232,0.2843352347520842
0.2362758014931928,0.20333772507685552,0.2779973649538867,0.282389108476065
0.22637362637362637,0.2087912087912088,0.27604395604395604,0.2887912087912088
0.2261747913921827,0.20509442248572685,0.27887571365832237,0.2898550724637681
0.2308362369337979,0.20470383275261325,0.27526132404181186,0.289198606271777
0.233085988651244,0.20384111741597555,0.2736796158882584,0.28939327804452203
0.23425803610744167,0.2025539409951563,0.27256715103478646,0.2906208718626156
0.2384918895221394,0.208680403331872,0.2617273125822008,0.29110039456378783
0.2432908051033876,0.2089749230092389,0.25692916849978004,0.29080510338759347
0.23973509933774834,0.2088300220750552,0.25916114790286976,0.2922737306843267
0.2407982261640798,0.20931263858093127,0.2532150776053215,0.2966740576496674
0.24234470691163604,0.21172353455818022,0.25284339457567806,0.29308836395450566
0.2388913330400352,0.2089749230092389,0.25736911570611526,0.29476462824461064
0.2378236068451075,0.20842474769635805,0.2540587977182975,0.29969284774023697
0.24049513704686118,0.21087533156498675,0.2524314765694076,0.29619805481874445
0.2410596026490066,0.21368653421633554,0.24812362030905077,0.29713024282560707
0.24338624338624337,0.20634920634920634,0.2566137566137566,0.29365079365079366
0.24366812227074236,0.20305676855895197,0.25851528384279476,0.29475982532751094
0.24396665204036858,0.2079859587538394,0.2540587977182975,0.2939885914874945
0.24361233480176211,0.2105726872246696,0.2577092511013216,0.28810572687224667
0.24512411347517732,0.20921985815602837,0.2575354609929078,0.28812056737588654
0.24124343257443082,0.21234676007005254,0.2570052539404553,0.28940455341506127
0.2408630559225011,0.21224130339057684,0.25583443416996915,0.2910612065169529
0.237117903930131,0.2183406113537118,0.2541484716157205,0.2903930131004367
0.2425176056338028,0.21346830985915494,0.2557218309859155,0.28829225352112675
0.2436638506002668,0.21076033792796797,0.2552245442418853,0.29035126722988
0.23904382470119523,0.21159805223550243,0.2589641434262948,0.2903939796370075
0.2373180414644905,0.20644022937803264,0.2651080723423026,0.2911336568151742
0.24327897752313796,0.20669898633759365,0.25650066108417807,0.29352137505509035
0.23354092526690393,0.20951957295373666,0.25934163701067614,0.2975978647686833
0.2336119665640123,0.20853497580290364,0.2591289045314562,0.2987241531016278
0.23604395604395603,0.20307692307692307,0.2558241758241758,0.30505494505494507
0.23141592920353982,0.1986725663716814,0.26017699115044246,0.30973451327433627
0.2307353588727433,0.20079260237780713,0.2664024658740643,0.3020695728753853
0.22540802823114248,0.19673577415086016,0.2681958535509484,0.30966034406704895
0.22506619593998234,0.19505736981465135,0.26610767872903796,0.3137687555163283
0.22764936764064544,0.19755778456170955,0.27169646750981247,0.30309638028783253
0.22857142857142856,0.1956043956043956,0.26989010989010986,0.3059340659340659
0.22780935723655443,0.19588981198076083,0.26628771316134675,0.310013117621338
0.22771403353927624,0.1977052074139453,0.26610767872903796,0.3084730803177405
0.23171806167400882,0.20484581497797358,0.2594713656387665,0.3039647577092511
0.22437307523097227,0.20413550373955125,0.2600087989441267,0.31148262208534977
0.22343681679055533,0.20244862264975952,0.2641014429383472,0.310013117621338
0.22555066079295155,0.20044052863436124,0.26563876651982377,0.30837004405286345
0.22319474835886213,0.19431072210065645,0.26433260393873087,0.31816192560175055
0.22098710538016897,0.19919964428634948,0.26767452200978215,0.31213872832369943
0.21716054842989826,0.19858469703670942,0.26758071649712517,0.31667403803626715
0.21865376154861416,0.20501539815222172,0.269687637483502,0.3066432028156621
0.22128975265017667,0.20759717314487633,0.267226148409894,0.303886925795053
0.21575492341356675,0.212253829321663,0.26389496717724287,0.3080962800875274
0.20978404583516969,0.2128691053327457,0.26884089907448216,0.3085059497576025
0.21444493981275078,0.2166740971912617,0.25902808738296923,0.3098528756130183
0.21639488761568973,0.21815777875716175,0.25209343323049804,0.3133539003966505
0.21428571428571427,0.2182296231375986,0.2607361963190184,0.3067484662576687
0.21670329670329672,0.21318681318681318,0.2632967032967033,0.3068131868131868
0.22105263157894736,0.21359649122807017,0.25833333333333336,0.30701754385964913
0.2206468763845813,0.21710234824988922,0.25875055383252105,0.30350022153300843
0.21976074435090828,0.21976074435090828,0.25919361984935757,0.30128489144882586
0.22478898267436695,0.2123500666370502,0.26077298978231894,0.3020879609062639
0.22485726833552921,0.2204655248133509,0.25252525252525254,0.3021519543258674
0.22329246935201402,0.22898423817863398,0.2517513134851138,0.29597197898423816
0.22635726795096323,0.22635726795096323,0.2486865148861646,0.29859894921190894
0.22163120567375885,0.2322695035460993,0.250886524822695,0.29521276595744683
0.21920853712761226,0.23076923076923078,0.24722098710538018,0.3028012449977768
0.22177777777777777,0.22666666666666666,0.24666666666666667,0.3048888888888889
0.22699386503067484,0.23006134969325154,0.24890446976336547,0.29404031551270815
0.2264564169951818,0.22689443714410862,0.2505475251861586,0.29610162067455104
0.23103901797457255,0.22490135905304692,0.2507672073651907,0.2932924156071898
0.23331860362350862,0.22403888643393724,0.2487847989394609,0.2938577110030932
0.23664459161147902,0.22075055187637968,0.24415011037527592,0.29845474613686535
0.24217026907807676,0.2258491398323776,0.24128804587560654,0.2906925452139391
0.23411816970235452,0.22789871168369613,0.24433585073300756,0.2936472678809418
0.2379690949227373,0.22428256070640176,0.2423841059602649,0.295364238410596
0.24343569203382287,0.21895861148197596,0.24343569203382287,0.2941700044503783
0.23516483516483516,0.22725274725274724,0.2479120879120879,0.2896703296703297
0.23651635720601238,0.22590627763041557,0.2458001768346596,0.2917771883289125
0.2365451388888889,0.22743055555555555,0.2513020833333333,0.2847222222222222
0.2409372236958444,0.22944297082228116,0.2493368700265252,0.28028293545534927
0.2430191972076789,0.22949389179755672,0.24607329842931938,0.281413612565445
0.24438573315719947,0.22721268163804492,0.24482606781153676,0.28357551739321885
0.2432192085371276,0.22810137839039574,0.24544241885282347,0.2832369942196532
0.25384953805543337,0.2300923889133304,0.24153101627804663,0.2745270567531896
0.2504393673110721,0.23066783831282953,0.23857644991212654,0.28031634446397186
0.24769433465085638,0.22573561703996486,0.24242424242424243,0.2841458058849363
0.24327897752313796,0.22741295724988983,0.24371970030850595,0.2855883649184663
0.25654450261780104,0.22294938917975568,0.23778359511343805,0.28272251308900526
0.25584472871636527,0.22408469342743714,0.2364358182620203,0.28363475959417733
0.2545691906005222,0.22541340295909487,0.23368146214099217,0.2863359442993908
0.2507726269315673,0.22913907284768212,0.23222958057395143,0.2878587196467991
0.2439347154830172,0.22540802823114248,0.22981914424349362,0.30083811204234673
0.24988923349579087,0.22419140451927339,0.22640673460345592,0.2995126273814798
0.2439877568867512,0.23043288150415392,0.22955837341495408,0.2960209881941408
0.2391111111111111,0.23466666666666666,0.23155555555555554,0.2946666666666667
0.23323103901797457,0.23103901797457255,0.23147742218325296,0.3042525208241999
0.23415492957746478,0.22799295774647887,0.23459507042253522,0.3032570422535211
0.23484848484848486,0.22147950089126558,0.23529411764705882,0.3083778966131907
0.23215067893123084,0.22864651773981604,0.23083661848445028,0.30836618484450284
0.23604960141718334,0.233392382639504,0.22364924712134632,0.3069087688219663
0.2338568935427574,0.23036649214659685,0.22076788830715532,0.3150087260034904
0.22985468956406868,0.2289740202553941,0.22721268163804492,0.3139586085424923
0.23314235345967388,0.22212428382547378,0.2243278977523138,0.3204054649625386
0.23513870541611626,0.22104799647732276,0.22677234698370763,0.31704095112285335
0.2426243945398503,0.2166446499339498,0.2263320123293703,0.3143989431968296
0.24801762114537446,0.21101321585903085,0.2290748898678414,0.3118942731277533
0.2479047198941332,0.21482134980149978,0.22849580943978826,0.30877812086457873
0.2501091226538629,0.2112614578786556,0.22915757311217808,0.30947184635530334
0.25077812361049356,0.2120942641173855,0.2334370831480658,0.30369052912405514
0.25164113785557984,0.21400437636761488,0.2301969365426696,0.3041575492341357
0.24967148488830487,0.211125711782742,0.23434077967586509,0.30486202365308807
0.24847428073234526,0.21316477768090672,0.23670444638186575,0.3016564952048823
0.2549889135254989,0.20842572062084258,0.23813747228381374,0.2984478935698448
0.2606969563299515,0.2055580061755624,0.22893692104102337,0.30480811645346273
0.2641014429383472,0.20113686051595978,0.23087013554875382,0.3038915609969392
0.25891677675033026,0.2051959489211801,0.2289740202553941,0.30691325407309555
0.2608695652173913,0.20421607378129117,0.2274923144488362,0.30742204655248134
0.26174791392182695,0.2028985507246377,0.2231005709266579,0.31225296442687744
0.2605633802816901,0.2011443661971831,0.2227112676056338,0.31558098591549294
0.25154457193292146,0.20255957634598412,0.22859664607237423,0.3172992056487202
0.25121412803532006,0.2,0.22913907284768212,0.3196467991169978
0.2518681318681319,0.19736263736263737,0.2276923076923077,0.3230769230769231
0.2556390977443609,0.19195046439628483,0.23219814241486067,0.3202122954444936
0.2598494909251881,0.1876936697653829,0.23284639220894202,0.3196104471004869
0.2565674255691769,0.18914185639229422,0.23248686514886166,0.32180385288966723
0.2569444444444444,0.18489583333333334,0.2322048611111111,0.3259548611111111
0.25264084507042256,0.18882042253521128,0.22975352112676056,0.3287852112676056
0.24845814977973568,0.18546255506607928,0.23788546255506607,0.32819383259911894
0.2502218278615794,0.19165927240461403,0.23469387755102042,0.3234250221827862
0.2544662309368192,0.19128540305010894,0.2344226579520697,0.3198257080610022
0.25220848056537104,0.19257950530035337,0.22835689045936397,0.32685512367491165
0.2528334786399303,0.1952920662598082,0.22406277244986922,0.32781168265039234
0.2518847006651885,0.188470066518847,0.22971175166297117,0.32993348115299337
0.2471213463241807,0.18821966341895482,0.2267493356953056,0.3379096545615589
0.25507502206531335,0.1853486319505737,0.22153574580759047,0.3380406001765225
0.25300668151447664,0.18975501113585747,0.22004454342984409,0.3371937639198218
0.2588183421516755,0.19047619047619047,0.2156084656084656,0.3350970017636684
0.2579107065452969,0.1915908105765063,0.21716514954486346,0.3333333333333333
0.2587565674255692,0.19308231173380036,0.21453590192644484,0.3336252189141856
0.25859030837004404,0.19162995594713655,0.21365638766519823,0.33612334801762117
0.25970017636684306,0.19091710758377425,0.2191358024691358,0.33024691358024694
0.2614779186707477,0.19588981198076083,0.21119370354175776,0.3314385658067337
0.259094942324756,0.19875776397515527,0.20940550133096716,0.33274179236912155
0.2659947414548642,0.19675723049956179,0.2081507449605609,0.3290972830850131
0.2694530902623388,0.19608714984437528,0.21076033792796797,0.3236994219653179
0.26570680628272253,0.2006980802792321,0.21029668411867364,0.32329842931937175
0.26897470039946736,0.20372836218375498,0.20683533067021748,0.32046160674656016
0.2620202911336568,0.2051168945743273,0.20732245258050286,0.325540361711513
0.2663716814159292,0.20176991150442478,0.21061946902654868,0.32123893805309733
0.2605228178998671,0.2060256978289765,0.2095702259636686,0.3238812583074878
0.26573426573426573,0.20192307692307693,0.2097902097902098,0.32255244755244755
0.25675077467906154,0.20407259849490925,0.20761398849048252,0.3315626383355467
0.25852146967684814,0.2014165559982293,0.2098273572377158,0.33023461708720675
0.2638335546702081,0.20407259849490925,0.2107127047366091,0.32138114209827356
0.263668430335097,0.1988536155202822,0.21428571428571427,0.32319223985890655
0.2600087989441267,0.2023757149142103,0.21161460624725034,0.3260008798944127
0.2546337157987643,0.20520741394527803,0.21844660194174756,0.32171226831421007
0.2608695652173913,0.20452528837622005,0.21384205856255545,0.3207630878438332
0.2612533097969991,0.20476610767872905,0.21844660194174756,0.3155339805825243
0.25863596102745795,0.20194862710363154,0.20903454384410983,0.3303808680248007
0.26757469244288223,0.19727592267135324,0.2117750439367311,0.3233743409490334
0.26146384479717816,0.20326278659611993,0.2138447971781305,0.32142857142857145
0.2663405958203646,0.20142285460204534,0.2120942641173855,0.3201422854602045
0.25736911570611526,0.21073471183457984,0.21073471183457984,0.32116146062472506
0.25219298245614036,0.2118421052631579,0.21754385964912282,0.31842105263157894
0.25384277558190604,0.21212121212121213,0.21563460693895475,0.3184014053579271
0.24966974900924702,0.20959929546455305,0.21400264200792601,0.32672831351827386
0.25265486725663716,0.21150442477876105,0.21238938053097345,0.3234513274336283
0.2545454545454545,0.2146341463414634,0.2075388026607539,0.3232815964523282
0.2554680664916885,0.21566054243219598,0.20778652668416447,0.321084864391951
0.25526315789473686,0.2149122807017544,0.20833333333333334,0.32149122807017544
0.25650066108417807,0.20890260026443366,0.2115469369766417,0.32304980167474656
0.2544975866608161,0.21193505923650724,0.20930232558139536,0.32426502852128125
0.2587565674255692,0.21847635726795098,0.20359019264448336,0.3191768826619965
0.2570298769771529,0.21748681898066785,0.20826010544815465,0.3172231985940246
0.2540874944763588,0.22315510384445428,0.207688908528502,0.3150684931506849
0.2532923617208077,0.22256365232660227,0.208955223880597,0.315188762071993
0.2532981530343008,0.218117854001759,0.2154793315743184,0.3131046613896218
0.25749559082892415,0.2138447971781305,0.21869488536155202,0.3099647266313933
0.2571807335395493,0.21122403888643393,0.21785240830755634,0.31374281926646047
0.25207152202354993,0.21238552115133014,0.218927169646751,0.31661578717836897
0.25711782742006134,0.20981165133596144,0.211125711782742,0.3219448094612352
0.25122059476253883,0.21304926764314247,0.20905459387483355,0.32667554371948515
0.24889673433362755,0.2144748455428067,0.2149161518093557,0.32171226831421007
0.2503276539973788,0.2166885102664919,0.21581476627348187,0.31716906946264745
0.2508710801393728,0.22038327526132404,0.21515679442508712,0.313588850174216
0.24901531728665208,0.22844638949671772,0.2148796498905908,0.30765864332603937
0.24635117204776646,0.23396727111897392,0.21052631578947367,0.30915524104378594
0.2448442299254059,0.2343132953049583,0.21588415971917507,0.3049583150504607
0.24381625441696114,0.23630742049469966,0.21775618374558303,0.30212014134275617
0.24758135444151275,0.23614775725593667,0.21328056288478453,0.30299032541776605
0.2486910994764398,0.24083769633507854,0.212478184991274,0.29799301919720766
0.25547765118317267,0.2401402278702892,0.2085889570552147,0.2957931638913234
0.2526595744680851,0.2473404255319149,0.20656028368794327,0.29343971631205673
0.2552910052910053,0.24382716049382716,0.20855379188712522,0.2923280423280423
0.25021987686895336,0.25285839929639403,0.20492524186455585,0.29199648197009676
0.25010893246187366,0.25359477124183005,0.2047930283224401,0.29150326797385623
0.2521968365553603,0.2513181019332162,0.20738137082601055,0.28910369068541303
0.25254762959680993,0.25476295968099244,0.20336730172795747,0.28932210899424016
0.25298013245033113,0.2543046357615894,0.20485651214128037,0.2878587196467991
0.24889282550930025,0.24977856510186006,0.2121346324180691,0.2891939769707706
0.24068391056554142,0.2604120999561596,0.20824199912319158,0.2906619903551074
0.2369916921731526,0.25623087013554874,0.2090074333187582,0.2977700043725404
0.23790501553484245,0.25388371060807813,0.20505992010652463,0.3031513537505548
0.23767605633802816,0.25440140845070425,0.2068661971830986,0.301056338028169
0.23550087873462214,0.2592267135325132,0.2047451669595782,0.30052724077328646
0.2369460289600702,0.25274243089074155,0.21763931548924967,0.2926722246599386
0.24405286343612334,0.252863436123348,0.21145374449339208,0.2916299559471366
0.24834874504623514,0.24878907970057243,0.21400264200792601,0.2888595332452664
0.23539668700959024,0.25326939843068874,0.2192676547515257,0.2920662598081953
0.23934280639431615,0.24600355239786856,0.22380106571936056,0.2908525754884547
0.2437417654808959,0.2463768115942029,0.2204655248133509,0.2894158981115503
0.250771264874394,0.24327897752313796,0.22256500661084178,0.28338475099162624
0.25704225352112675,0.2420774647887324,0.22315140845070422,0.2777288732394366
0.2521045635799734,0.24235711120957024,0.22241914045192734,0.28311918475852904
0.25549692172383465,0.23922603342128407,0.2260334212840809,0.27924362357080035
0.26517857142857143,0.234375,0.22232142857142856,0.278125
0.2634836427939876,0.23342175066312998,0.22590627763041557,0.27718832891246686
0.26262626262626265,0.23451910408432147,0.2222222222222222,0.28063241106719367
0.2631115028646981,0.2357866901718819,0.22300572939620977,0.2780960775672102
0.2647317502198769,0.22911169744942833,0.22427440633245382,0.28188214599824096
0.26499118165784835,0.23059964726631393,0.2191358024691358,0.28527336860670194
0.2604671661524901,0.2269722344645218,0.22124283825473778,0.2913177611282503
0.26885098743267505,0.22755834829443447,0.21768402154398564,0.28590664272890487
0.2659010600706714,0.2252650176678445,0.21908127208480566,0.28975265017667845
0.2689594356261023,0.2204585537918871,0.22310405643738976,0.2874779541446208
0.2659667541557305,0.22003499562554682,0.21828521434820647,0.29571303587051617
0.26546731022378234,0.22817025010969724,0.21895568231680562,0.28740675734971477
0.2692307692307692,0.22679045092838196,0.21308576480990274,0.29089301503094606
0.26693227091633465,0.22753430721558213,0.2182381584772023,0.2872952633908809
0.2589641434262948,0.22841965471447542,0.2204515272244356,0.2921646746347942
0.25519681556833257,0.22865988500663423,0.22379478107032286,0.2923485183547103
0.2515310586176728,0.2331583552055993,0.22003499562554682,0.2952755905511811
0.2514210756449497,0.23480542195015303,0.2229995627459554,0.2907739396589418
0.26048951048951047,0.22814685314685315,0.22508741258741258,0.2862762237762238
0.2653862941946748,0.22697512003491924,0.21475338280226974,0.2928852029681362
0.26897762176393153,0.22071083808688022,0.21895568231680562,0.2913558578323826
0.27177242888402625,0.21706783369803062,0.2175054704595186,0.2936542669584245
0.2635283765948086,0.22041355037395513,0.22041355037395513,0.29564452265728114
0.2632042253521127,0.2205105633802817,0.22139084507042253,0.2948943661971831
0.26306543697848045,0.23012736056214317,0.21739130434782608,0.2894158981115503
0.2638522427440633,0.2260334212840809,0.2233948988566403,0.28671943711521547
0.2663736263736264,0.2254945054945055,0.21846153846153846,0.2896703296703297
0.264783759929391,0.2263901147396293,0.21624007060900266,0.2925860547219771
0.26535087719298245,0.22456140350877193,0.21578947368421053,0.2942982456140351
0.27017543859649124,0.22456140350877193,0.21228070175438596,0.2929824561403509
0.26652078774617066,0.22319474835886213,0.2161925601750547,0.29409190371991245
0.27328377787494534,0.21818976825535635,0.2164407520769567,0.29208570179274157
0.2719683655536028,0.22056239015817222,0.2139718804920914,0.29349736379613356
0.26799116997792494,0.22251655629139072,0.2119205298013245,0.2975717439293598
0.2715724923346474,0.21944809461235218,0.2146298729741568,0.2943495400788436
0.27256792287467135,0.22085889570552147,0.21297107800175286,0.2936021034180543
0.2682608695652174,0.22695652173913045,0.21739130434782608,0.28739130434782606
0.2685589519650655,0.22663755458515283,0.21790393013100437,0.2868995633187773
0.2741228070175439,0.22280701754385965,0.2149122807017544,0.2881578947368421
0.2774336283185841,0.2176991150442478,0.2172566371681416,0.28761061946902655
0.2749554367201426,0.21479500891265596,0.21568627450980393,0.2945632798573975
0.27393030436700483,0.21393912659902956,0.2152624614027349,0.2968681076312307
0.2752091589608102,0.2073976221928666,0.2188463232056363,0.2985468956406869
0.27925184862983904,0.20617659852109613,0.21879077859939103,0.29578077424967375
0.2791833111407013,0.2041722148246782,0.21615623612960497,0.30048823790501555
0.2849557522123894,0.2004424778761062,0.21194690265486726,0.30265486725663715
0.28277972027972026,0.20148601398601398,0.2159090909090909,0.29982517482517484
0.27998236331569665,0.20149911816578484,0.2138447971781305,0.304673721340388
0.27636203866432335,0.20254833040421794,0.22100175746924428,0.30008787346221444
0.27229230100043494,0.20269682470639408,0.2231404958677686,0.3018703784254024
0.27607361963190186,0.2042068361086766,0.22261174408413673,0.2971078001752848
0.27403846153846156,0.20585664335664336,0.22508741258741258,0.2950174825174825
0.27324561403508774,0.2043859649122807,0.21929824561403508,0.3030701754385965
0.27296819787985865,0.20715547703180212,0.22084805653710246,0.29902826855123676
0.265962131219727,0.2038749449581682,0.22501100836635843,0.3051519154557464
0.26260869565217393,0.2082608695652174,0.22695652173913045,0.30217391304347824
0.2631810193321617,0.20650263620386644,0.22627416520210897,0.30404217926186294
0.258362676056338,0.21038732394366197,0.2249119718309859,0.30633802816901406
0.2616946160635481,0.2082965578111209,0.22771403353927624,0.30229479258605474
0.25977410947002605,0.2046046915725456,0.23240660295395307,0.3032145960034752
0.2573203194321207,0.20319432120674358,0.23646850044365572,0.30301685891748004
0.2595217006200177,0.20593445527015058,0.233392382639504,0.30115146147032773
0.261443661971831,0.20862676056338028,0.22799295774647887,0.3019366197183099
0.2676056338028169,0.21919014084507044,0.21786971830985916,0.2953345070422535
0.2688927943760984,0.21924428822495606,0.21968365553602812,0.29217926186291737
0.26449912126537783,0.2148506151142355,0.21836555360281196,0.3022847100175747
0.26563876651982377,0.20704845814977973,0.21762114537444935,0.3096916299559471
0.2556390977443609,0.20919946926138877,0.22423706324635118,0.31092436974789917
0.2566137566137566,0.20811287477954143,0.2208994708994709,0.31437389770723106
0.2560813799203892,0.20168067226890757,0.2184873949579832,0.32375055285272003
0.2590968873301184,0.20298114861902675,0.21876370013152127,0.3191582639193336
0.25584472871636527,0.20291133656815175,0.2223202470224967,0.31892368769298635
0.2587260034904014,0.20724258289703315,0.21858638743455497,0.31544502617801046
0.2572577043322912,0.20768200089325592,0.22108083966056274,0.31397945511389014
0.2559262510974539,0.20763827919227393,0.2221246707638279,0.31431079894644426
0.2523117569352708,0.20827829150154117,0.22280933509467196,0.31660061646851606
0.2559756627553238,0.21295089091699262,0.22164276401564537,0.30943068231203824
0.25958572058175405,0.2128691053327457,0.21771705597179375,0.3098281181137065
0.2620842572062084,0.21507760532150777,0.21951219512195122,0.3033259423503326
0.26681318681318683,0.2153846153846154,0.21582417582417582,0.301978021978022
0.2674315975286849,0.2149161518093557,0.21535745807590467,0.30229479258605474
0.2669305189094107,0.21503957783641162,0.21503957783641162,0.30299032541776605
0.2594713656387665,0.2185022026431718,0.22290748898678414,0.29911894273127754
0.25867369345630215,0.2235397452788757,0.2178304787000439,0.29995608256477824
0.25768217734855137,0.22695346795434593,0.218612818261633,0.2967515364354697
0.25523560209424084,0.22774869109947643,0.22294938917975568,0.2940663176265271
0.24944419742107604,0.23477100933748332,0.21965317919075145,0.2961316140506892
0.25426695842450764,0.23194748358862144,0.21663019693654267,0.29715536105032825
0.2535273368606702,0.22971781305114639,0.21296296296296297,0.3037918871252205
0.2559366754617414,0.22383465259454705,0.21899736147757257,0.30123131046613894
0.2513134851138354,0.23029772329246936,0.21760070052539404,0.30078809106830123
0.24642857142857144,0.23258928571428572,0.21607142857142858,0.3049107142857143
