C,D,Oc,Od
0.0,0.0,0.0,1.0
0.0,0.4,0.0,0.6
0.0,0.4444444444444444,0.0,0.5555555555555556
0.0,0.4117647058823529,0.11764705882352941,0.47058823529411764
0.0,0.4074074074074074,0.1111111111111111,0.48148148148148145
0.0,0.3404255319148936,0.1276595744680851,0.5319148936170213
0.0,0.3561643835616438,0.1095890410958904,0.5342465753424658
0.0,0.330188679245283,0.14150943396226415,0.5283018867924528
0.006329113924050633,0.310126582278481,0.1518987341772152,0.5316455696202531
0.028169014084507043,0.2863849765258216,0.14553990610328638,0.539906103286385
0.04693140794223827,0.2563176895306859,0.13357400722021662,0.5631768953068592
0.05737704918032787,0.26229508196721313,0.1284153005464481,0.5519125683060109
0.07391304347826087,0.22608695652173913,0.13043478260869565,0.5695652173913044
0.09566787003610108,0.2364620938628159,0.13357400722021662,0.5342960288808665
0.1054172767203514,0.21376281112737922,0.12884333821376281,0.5519765739385066
0.1038961038961039,0.21038961038961038,0.13506493506493505,0.5506493506493506
0.10434782608695652,0.21304347826086956,0.1391304347826087,0.5434782608695652
0.1142578125,0.2138671875,0.146484375,0.525390625
0.11518771331058021,0.21160409556313994,0.14675767918088736,0.5264505119453925
0.12024825446082234,0.21024049650892165,0.14584949573312644,0.5236617532971296
0.1231933929800413,0.21816930488644184,0.14728148657949072,0.5113558155540262
0.12367270455965022,0.20299812617114305,0.15302935665209244,0.5202998126171143
0.1309175920514319,0.20981881940385738,0.1548801870251315,0.5043834015195792
0.13492927094668117,0.20729053318824808,0.15233949945593037,0.5054406964091404
0.1391170431211499,0.20431211498973306,0.15503080082135523,0.5015400410677618
0.13764591439688717,0.20136186770428016,0.1619649805447471,0.4990272373540856
0.1391465677179963,0.19990723562152132,0.17207792207792208,0.48886827458256027
0.1403349932095971,0.20009053870529653,0.16976007243096425,0.48981439565414214
0.14228546020453534,0.200533570475767,0.16985326811916407,0.4873277012005336
0.14336127040141156,0.20026466696074108,0.1729157476841641,0.4834583149536833
0.1449468085106383,0.2052304964539007,0.16666666666666666,0.48315602836879434
0.15242805755395683,0.19694244604316546,0.16366906474820145,0.4869604316546763
0.1532258064516129,0.20295698924731181,0.1603942652329749,0.48342293906810035
0.15698447893569845,0.1982261640798226,0.15521064301552107,0.48957871396895786
0.1549045716822015,0.19485130936529071,0.16333777185974258,0.4869063470927652
0.15449313855688357,0.19964586100044268,0.16113324479858343,0.4847277556440903
0.15528781793842034,0.19723337795626952,0.1570727353859884,0.49040606871932174
0.1612046058458813,0.19840566873339238,0.16209034543844109,0.4782993799822852
0.1637478108581436,0.19964973730297722,0.159369527145359,0.47723292469352013
0.167693661971831,0.1936619718309859,0.1619718309859155,0.4766725352112676
0.16718541574032902,0.19697643397065362,0.16362827923521564,0.4722098710538017
0.1676300578034682,0.2023121387283237,0.16184971098265896,0.4682080924855491
0.1673951048951049,0.2076048951048951,0.16171328671328672,0.4632867132867133
0.17468573905504986,0.20286085825747724,0.1625487646293888,0.45990463805808407
0.17346053772766695,0.20685169124024286,0.15915004336513444,0.4605377276669558
0.16977046340407104,0.20528367258553487,0.16370723256821135,0.46123863144218274
0.17102966841186737,0.2020069808027923,0.16404886561954624,0.4629144851657941
0.17144116350815336,0.20493609519612163,0.1604230938739533,0.4631996474217717
0.17559912854030502,0.2074074074074074,0.16209150326797386,0.4549019607843137
0.1726713532513181,0.20342706502636204,0.1625659050966608,0.46133567662565905
0.174956369982548,0.20462478184991273,0.15881326352530542,0.46160558464223383
0.1725955204216074,0.20509442248572685,0.1598594642072903,0.4624505928853755
0.17549956559513466,0.20417028670721113,0.1585577758470895,0.46177237185056474
0.17569352708058125,0.19903126376045796,0.15852047556142668,0.4667547335975341
0.17608409986859397,0.19973718791064388,0.1616294349540079,0.46254927726675427
0.1743478260869565,0.1973913043478261,0.16130434782608696,0.46695652173913044
0.1729518855656697,0.19592544429995665,0.16384915474642392,0.4672735153879497
0.17711530030688294,0.20166593599298555,0.1595791319596668,0.4616396317404647
0.1801566579634465,0.19756309834638816,0.15970409051349,0.4625761531766754
0.1791304347826087,0.20304347826086958,0.15478260869565216,0.46304347826086956
0.18264248704663213,0.20682210708117443,0.15500863557858377,0.45552677029360966
0.18079584775086505,0.2041522491349481,0.16262975778546712,0.4524221453287197
0.18162115301257042,0.20632856523623755,0.1621153012570438,0.44993498049414826
0.18121983326020183,0.2062308029837648,0.1671785870996051,0.44537077665642827
0.18639575971731448,0.1978798586572438,0.16342756183745583,0.45229681978798586
0.1840277777777778,0.1948784722222222,0.1657986111111111,0.4552951388888889
0.18122555410691005,0.19513255106475447,0.16297262059973924,0.46066927422859627
0.17833840800347978,0.19791213571117877,0.15963462374945628,0.46411483253588515
0.17957594115101688,0.19558632626568584,0.1592384249242752,0.4655993076590221
0.18687527162103434,0.1912212081703607,0.15384615384615385,0.4680573663624511
0.185580204778157,0.18984641638225255,0.1574232081911263,0.46715017064846415
0.1873373807458803,0.1877710320901995,0.15611448395490027,0.46877710320901994
0.18866291648636954,0.1890956295975768,0.1479878840328862,0.47425356988316747
0.18812745525971192,0.19205587079877784,0.15408118725447403,0.46573548668703624
0.18552232336367577,0.19375812743823148,0.15387949718248808,0.4668400520156047
0.18272569444444445,0.1909722222222222,0.1566840277777778,0.4696180555555556
0.18126626192541198,0.1938421509106678,0.15611448395490027,0.46877710320901994
0.17895644674428632,0.19577404053471323,0.15523932729624837,0.47003018542475206
0.18366464995678478,0.19360414866032843,0.1529818496110631,0.4697493517718237
0.1904351572598018,0.1908660060318828,0.15079707022834984,0.4679017664799655
0.1909965034965035,0.1840034965034965,0.14816433566433568,0.4768356643356643
0.18434559452523525,0.1928999144568007,0.1497005988023952,0.47305389221556887
0.18671298306556666,0.19148936170212766,0.15023881893182806,0.4715588363004776
0.18598615916955016,0.20112456747404844,0.14922145328719724,0.46366782006920415
0.18240343347639484,0.19484978540772532,0.14935622317596567,0.47339055793991414
0.18130679359584595,0.19818260493292947,0.1518823020337516,0.468628299437473
0.18027801911381408,0.1989574283231972,0.14943527367506515,0.47132927888792353
0.17906574394463667,0.19982698961937717,0.14749134948096887,0.4736159169550173
0.17272727272727273,0.2012987012987013,0.1510822510822511,0.47489177489177486
0.17519514310494363,0.194275802254987,0.16001734605377277,0.4705117085862966
0.17830802603036877,0.19869848156182213,0.15357917570498916,0.46941431670281997
0.17728055077452667,0.19707401032702238,0.1553356282271945,0.47030981067125643
0.18209083119108826,0.19065981148243358,0.15509854327335046,0.4721508140531277
0.17914322803980962,0.19082648204240588,0.15274772825616617,0.47728256166161837
0.18115002161694768,0.18849978383052313,0.1599654128837008,0.47038478166882836
0.1843238587424634,0.1847545219638243,0.15977605512489235,0.47114556416882
0.188922284242164,0.18419922713610992,0.1575783598110777,0.46930012881064836
0.18798617113223856,0.18236819360414866,0.15557476231633535,0.47407087294727746
0.18596642272922945,0.18854928971157986,0.1519586741282824,0.4735256134309083
0.1824880797572605,0.18899003034243606,0.15474642392717816,0.47377546597312525
0.17986230636833048,0.18717728055077454,0.15834767641996558,0.47461273666092946
0.17987152034261242,0.19143468950749465,0.15546038543897217,0.4732334047109208
0.17732932589094033,0.19192786603692572,0.15027908973808501,0.48046371833404894
0.17993973310374517,0.19328454584588894,0.14507102884201464,0.48170469220835127
0.17864829961256995,0.19328454584588894,0.14377959535083942,0.48428755919070166
0.17639429312581065,0.18763510592304367,0.14180717682663208,0.49416342412451364
0.17549103330486762,0.19000853970964987,0.14517506404782238,0.4893253629376601
0.17454858125537404,0.19045571797076527,0.14402407566638006,0.49097162510748066
0.17769130998702984,0.18720276696930394,0.14483354950281022,0.490272373540856
0.1782051282051282,0.18205128205128204,0.144017094017094,0.49572649572649574
0.1778537836682343,0.17956391620350576,0.14322359982898675,0.4993587002992732
0.17518248175182483,0.18419922713610992,0.14426792614856163,0.49635036496350365
0.1806813281586891,0.1845623113410953,0.1423027166882277,0.4924536438119879
0.1792452830188679,0.18267581475128644,0.14193825042881647,0.4961406518010292
0.1800424628450106,0.1800424628450106,0.14225053078556263,0.49766454352441614
0.1809280544912729,0.17879948914431673,0.14346530438484462,0.49680715197956576
0.1831470335339639,0.17497850386930353,0.14488392089423904,0.49699054170249357
0.18491379310344827,0.17327586206896553,0.14267241379310344,0.4991379310344828
0.18236819360414866,0.16983578219533277,0.14131374243733794,0.5064822817631807
0.17749469214437366,0.16645435244161358,0.14437367303609341,0.5116772823779193
0.17814113597246128,0.1716867469879518,0.14242685025817556,0.5077452667814114
0.176546949372566,0.16443098225876243,0.14539160536564258,0.513630463003029
0.17621899059024806,0.16039349871685202,0.14456800684345594,0.518819503849444
0.17419354838709677,0.16129032258064516,0.14365591397849461,0.5208602150537635
0.17356076759061834,0.1603411513859275,0.14968017057569297,0.5164179104477612
0.17293558149589278,0.15607436230004323,0.14526588845654995,0.5257241677475141
0.17584293640631668,0.15450277422108408,0.14255228339735382,0.5271020059752454
0.17634500426985483,0.15627668659265584,0.14090520922288644,0.5264730999146029
0.17801724137931035,0.15474137931034482,0.1375,0.5297413793103448
0.18329070758738278,0.1526001705029838,0.13512361466325662,0.5289855072463768
0.18029259896729777,0.1549053356282272,0.13123924268502582,0.5335628227194492
0.18197424892703862,0.15107296137339055,0.13218884120171673,0.534763948497854
0.1847872797593468,0.14911903738719381,0.12978083369144822,0.5363128491620112
0.18444924406047516,0.14773218142548597,0.12958963282937366,0.5382289416846652
0.18493150684931506,0.1481164383561644,0.13398972602739725,0.5329623287671232
0.18880820162323794,0.1486544211875267,0.12985903460059803,0.5326783425886373
0.1935483870967742,0.1449462365591398,0.12989247311827956,0.5316129032258065
0.19047619047619047,0.145002145002145,0.132990132990133,0.5315315315315315
0.19098712446351931,0.14291845493562233,0.1278969957081545,0.5381974248927038
0.19571734475374733,0.13447537473233404,0.12762312633832976,0.5421841541755889
0.1950171821305842,0.13788659793814434,0.125,0.5420962199312714
0.194633730834753,0.1367120954003407,0.12265758091993186,0.5459965928449745
0.19422014449638758,0.13727156821079473,0.11899702507437314,0.5495112622184445
0.19726729291204098,0.13236549957301452,0.11870196413321947,0.5516652433817251
0.20076890217855617,0.12729602733874412,0.11533532678342588,0.5565997436992738
0.20222793487574978,0.12253641816623821,0.11825192802056556,0.5569837189374465
0.205193699446573,0.12175393784589186,0.1166453810131971,0.556406981694338
0.20211864406779662,0.1173728813559322,0.11694915254237288,0.5635593220338984
0.20178799489144317,0.11323967645806726,0.1166453810131971,0.5683269476372924
0.20304568527918782,0.11505922165820642,0.11632825719120135,0.5655668358714044
0.20382978723404255,0.11361702127659574,0.11319148936170213,0.5693617021276596
0.21168501270110077,0.111346316680779,0.111346316680779,0.5656223539373413
0.2104810996563574,0.10695876288659793,0.10824742268041238,0.5743127147766323
0.20847457627118643,0.10974576271186441,0.10508474576271186,0.5766949152542373
0.2050955414012739,0.10955414012738854,0.10276008492569003,0.5825902335456475
0.20889830508474577,0.10550847457627119,0.10338983050847457,0.5822033898305085
0.2129196770080748,0.09902252443688908,0.10454738631534212,0.583510412239694
0.21437686091025096,0.09953211399404509,0.09655465759251382,0.5895363675031902
0.21267545725223308,0.10165886856656742,0.10123351765206295,0.5844321565291365
0.21187526697992312,0.09739427595044853,0.10380179410508329,0.586928662964545
0.2128733697938578,0.09844341607067733,0.10096760622633572,0.5877156079091291
0.21141649048625794,0.0959830866807611,0.10063424947145877,0.5919661733615222
0.21135112240576026,0.09826344769165608,0.10038119440914867,0.590004235493435
0.20695504664970313,0.09796437659033079,0.09923664122137404,0.595843935538592
0.2096293140178952,0.09757136770345122,0.09544098849595228,0.5973583297827013
0.20902511707109409,0.1025968497232865,0.09578544061302682,0.5925925925925926
0.2101018675721562,0.0963497453310696,0.09380305602716468,0.5997453310696095
0.20794590025359255,0.0989010989010989,0.09382924767540152,0.599323753169907
0.21095076400679116,0.09507640067911714,0.09507640067911714,0.5988964346349746
0.20956816257408975,0.09483488569009314,0.09525825571549534,0.6003386960203217
0.20856295040271303,0.09707503179313268,0.09156422212802034,0.602797795676134
0.20603228547153782,0.09430756159728122,0.10067969413763807,0.5989804587935429
0.2098976109215017,0.0908703071672355,0.10025597269624574,0.5989761092150171
0.20603228547153782,0.09303313508920985,0.0951571792693288,0.6057774001699235
0.20584498094027953,0.09021601016518424,0.09826344769165608,0.6056755612028801
0.20322443784471786,0.09376325837929571,0.09164191769198134,0.6113703860840051
0.20517168291649004,0.08902077151335312,0.09495548961424333,0.6108520559559135
0.20463157894736841,0.09094736842105264,0.09305263157894737,0.6113684210526316
0.20407297411964362,0.08952057700466695,0.09630886720407297,0.6100975816716164
0.20686731665960154,0.0877490462060195,0.09325985587113184,0.6121237812632472
0.2089678510998308,0.08460236886632826,0.094331641285956,0.612098138747885
0.2087912087912088,0.08284023668639054,0.09340659340659341,0.6149619611158073
0.2052475666525603,0.07659754549301735,0.09691070672873466,0.6212441811256877
0.2059322033898305,0.075,0.09364406779661016,0.6254237288135593
0.20514985225833685,0.07724778387505277,0.09159983115238497,0.6260025327142255
0.20659062103929024,0.07689057879171948,0.09125475285171103,0.6252640473172792
0.21130324757486293,0.07380851961197807,0.08435259384226065,0.6305356389708984
0.21350671140939598,0.07214765100671142,0.08389261744966443,0.6304530201342282
0.21516306649724692,0.07157983905124947,0.08132147395171538,0.6319356204997882
0.21312872975277067,0.06905370843989769,0.08226768968456948,0.6355498721227621
0.20819256756756757,0.07179054054054054,0.07685810810810811,0.6431587837837838
0.20683832840861122,0.07133811734909244,0.07555930772477838,0.6462642465175179
0.20916666666666667,0.06875,0.07166666666666667,0.6504166666666666
0.20673684210526316,0.06694736842105263,0.07452631578947369,0.6517894736842105
0.20440118493440543,0.06601777401608125,0.06855691917054592,0.6610241218789674
0.20195163343232922,0.06957997454391175,0.06830717013152313,0.6601612218922359
0.20397799407532796,0.06686415573423614,0.06347862886161659,0.6656792213288193
0.20126315789473684,0.06694736842105263,0.06021052631578947,0.671578947368421
0.2054736842105263,0.06315789473684211,0.061894736842105266,0.6694736842105263
0.20525869380831213,0.05767599660729432,0.061068702290076333,0.6759966072943172
0.20440118493440543,0.05670757511637749,0.06220905628438426,0.6766821836648328
0.20446880269814502,0.05902192242833052,0.06408094435075885,0.6724283305227656
0.20551378446115287,0.059314954051796154,0.06140350877192982,0.6737677527151211
0.20815811606391926,0.05971404541631623,0.06223717409587889,0.6698906644238857
0.2110403397027601,0.05435244161358811,0.06029723991507431,0.6743099787685775
0.21065883340327318,0.05371380612673101,0.058749475451112046,0.6768778850188838
0.2080876158382477,0.05560235888795282,0.062342038753159225,0.6739679865206403
0.20707070707070707,0.055134680134680134,0.06271043771043772,0.6750841750841751
0.20632911392405062,0.0540084388185654,0.056962025316455694,0.6827004219409283
0.2042965459140691,0.051811288963774224,0.05728727885425442,0.6866048862679023
0.20445940260832982,0.04753891459823307,0.058897770298695834,0.6891039124947412
0.20218120805369127,0.04907718120805369,0.0587248322147651,0.69001677852349
0.20101137800252844,0.049726085124315214,0.056890012642225034,0.6923725242309313
0.199581589958159,0.04811715481171548,0.05439330543933055,0.697907949790795
0.1994970662196144,0.04945515507124895,0.054065381391450125,0.6969823973176865
0.2008403361344538,0.04579831932773109,0.058403361344537816,0.6949579831932773
0.19915789473684212,0.04926315789473684,0.05726315789473684,0.6943157894736842
0.19613607727845442,0.049559008819823606,0.059218815623687526,0.6950860982780345
0.1968040370058873,0.048359966358284275,0.052565180824222034,0.7022708158116064
0.19731881022203604,0.049434436531210726,0.051110180142438205,0.702136573104315
0.19497907949790794,0.04686192468619247,0.0502092050209205,0.7079497907949791
0.20330368487928843,0.04701397712833545,0.04616687844133842,0.7035154595510377
0.20260613703236655,0.04791929382093316,0.047078604455653636,0.7023959646910467
0.20557197129590546,0.04221190375685943,0.04390037990713381,0.7083157450401013
0.20258980785296574,0.04553049289891395,0.04594820384294068,0.7059314954051796
0.20523648648648649,0.0464527027027027,0.04222972972972973,0.706081081081081
0.20193521245267143,0.04753891459823307,0.04375262936474548,0.70677324358435
0.20218120805369127,0.04572147651006712,0.044463087248322146,0.7076342281879194
0.2042016806722689,0.043697478991596636,0.04201680672268908,0.7100840336134454
0.19983277591973245,0.0451505016722408,0.04222408026755853,0.7127926421404682
0.19624217118997914,0.03966597077244259,0.043423799582463465,0.7206680584551148
0.19624217118997914,0.037578288100208766,0.044258872651356994,0.7219206680584551
0.200418410041841,0.03598326359832636,0.043933054393305436,0.7196652719665272
0.2030859049207673,0.03586321934945788,0.043786488740617184,0.7172643869891576
0.20141784820683903,0.03419516263552961,0.043369474562135114,0.7210175145954962
0.20512820512820512,0.03278688524590164,0.0416141235813367,0.7204707860445565
0.2039529015979815,0.030277544154751892,0.03952901597981497,0.7262405382674516
0.20625,0.03166666666666667,0.04041666666666666,0.7216666666666667
0.20724094881398253,0.0299625468164794,0.036620890553474825,0.7261756138160632
0.21135515955242437,0.031496062992125984,0.03729796933278077,0.7198508081226689
0.21297071129707112,0.029707112970711297,0.036401673640167366,0.7209205020920502
0.2085248641872127,0.0325950689511074,0.0355202674467196,0.7233597994149603
0.2050314465408805,0.03270440251572327,0.03522012578616352,0.7270440251572327
0.2036028487641391,0.03225806451612903,0.0397989107666527,0.7243401759530792
0.20626304801670145,0.0325678496868476,0.04008350730688935,0.7210855949895616
0.20343959731543623,0.034395973154362415,0.03859060402684564,0.7235738255033557
0.2036256323777403,0.03288364249578415,0.03794266441821248,0.725548060708263
0.20384294068504594,0.03216374269005848,0.03884711779448621,0.7251461988304093
0.21037222919280635,0.03178586365537432,0.0397323295692179,0.7181095775826014
0.20939991607217792,0.027696181284095678,0.04154427192614352,0.7213596307175829
0.2101964061847054,0.03134141245298788,0.0384454659423318,0.7200167154199749
0.20896147403685092,0.03015075376884422,0.03685092127303183,0.724036850921273
0.20666666666666667,0.03166666666666667,0.03791666666666667,0.72375
0.2085248641872127,0.030505641454241537,0.03593815294609277,0.725031341412453
0.20930232558139536,0.028654485049833887,0.036544850498338874,0.7254983388704319
0.20819397993311037,0.028010033444816052,0.036371237458193977,0.7274247491638796
0.2068676716917923,0.02847571189279732,0.03433835845896147,0.7303182579564489
0.20835073068893528,0.029227557411273485,0.03298538622129436,0.7294363256784969
0.208455420678108,0.0301381331100879,0.03432398493093344,0.7270824612808706
0.20975199663724253,0.02816309373686423,0.031946195880622114,0.7301387137452712
0.21098626716604243,0.027049521431543905,0.033291718684977115,0.7286724927174365
0.209819555182543,0.027276542173730593,0.031053294167016365,0.73185060847671
0.20644891122278056,0.02847571189279732,0.03098827470686767,0.7340871021775545
0.20600500417014178,0.029608006672226857,0.030025020850708923,0.7343619683069225
0.20927318295739347,0.029239766081871343,0.02882205513784461,0.7326649958228906
0.20911752404851527,0.028021748222501044,0.02969468841488917,0.7331660393140945
0.20734251147267418,0.03254067584480601,0.027117229870671673,0.7329995828118482
0.2082984073763621,0.03394803017602682,0.024727577535624476,0.7330259849119866
0.20793319415448852,0.0325678496868476,0.025052192066805846,0.734446764091858
0.21157850895460226,0.030403998334027488,0.025822573927530196,0.73219491878384
0.21002087682672232,0.02964509394572025,0.025887265135699375,0.734446764091858
0.21015397419891801,0.029130253849354974,0.026217228464419477,0.7344985434873076
0.2068248023304203,0.0299625468164794,0.024968789013732832,0.7382438618393674
0.2066219614417435,0.03143336127409891,0.02305113160100587,0.7388935456831517
0.20575959933222038,0.0325542570951586,0.02671118530884808,0.7349749582637729
0.20658059142024157,0.03165347771761766,0.025406080799666806,0.736359850062474
0.20783007080383173,0.030820491461890878,0.024156601416076635,0.7371928363182008
0.2036028487641391,0.03225806451612903,0.025136154168412233,0.7390029325513197
0.20333333333333334,0.03208333333333333,0.02666666666666667,0.7379166666666667
0.20408163265306123,0.03373594335693461,0.026239067055393587,0.7359433569346105
0.20350291909924936,0.03586321934945788,0.02835696413678065,0.7322768974145121
0.20543933054393304,0.03472803347280335,0.025523012552301255,0.7343096234309623
0.20284995808885165,0.03352891869237217,0.02388935456831517,0.739731768650461
0.20480404551201012,0.0337126000842815,0.025705857564264644,0.7357774968394437
0.20626304801670145,0.03298538622129436,0.02546972860125261,0.7352818371607516
0.2063758389261745,0.02978187919463087,0.025587248322147652,0.738255033557047
0.20477386934673367,0.028894472361809045,0.024706867671691793,0.7416247906197655
0.20408163265306123,0.03248646397334444,0.024573094543940025,0.7388588088296543
0.2029045643153527,0.03443983402489627,0.024481327800829875,0.7381742738589212
0.20810697868783953,0.032177183451734225,0.022565816966151276,0.737150020894275
0.20653540008378718,0.03142019271051529,0.024717218265605363,0.7373271889400922
0.20761825031393888,0.030556718292172456,0.023022185014650483,0.7388028463792382
0.2101723413198823,0.031525851197982346,0.02185792349726776,0.7364438839848676
0.2098456403838131,0.03045473508552357,0.02127659574468085,0.7384230287859824
0.20916666666666667,0.03166666666666667,0.020833333333333332,0.7383333333333333
0.21354383049439135,0.0328209389281263,0.02077274615704196,0.7328624844204403
0.21578505457598657,0.027707808564231738,0.0218303946263644,0.7346767422334173
0.21303258145363407,0.03007518796992481,0.02297410192147034,0.7339181286549707
0.2112086992890004,0.03094939355918026,0.019657047260560435,0.7381848598912589
0.2113144758735441,0.029950083194675542,0.020798668885191347,0.737936772046589
0.21684737281067556,0.03127606338615513,0.019599666388657216,0.7322768974145121
0.21277478224802987,0.03193695562007466,0.022397345499792616,0.7328909166321028
0.21419571608567828,0.030239395212095756,0.02015959680806384,0.7354052918941621
0.21989966555183946,0.03177257525083612,0.023829431438127092,0.7244983277591973
0.22282382340691378,0.03123698458975427,0.026655560183256977,0.7192836318200749
0.22478991596638656,0.031932773109243695,0.025630252100840335,0.7176470588235294
0.22426010837849103,0.030846185910796166,0.025844101709045435,0.7190496040016674
0.22765246449456975,0.03132832080200501,0.02631578947368421,0.7147034252297411
0.2276692978811799,0.03199002908184462,0.028250934773577065,0.7120897382633984
0.22398662766402005,0.029251984956122024,0.029669870455495195,0.7170915169243627
0.22411642411642413,0.028690228690228692,0.029106029106029108,0.7180873180873181
0.21999163529903806,0.027185278126306986,0.02969468841488917,0.7231283981597658
0.21679197994987467,0.026733500417710943,0.028404344193817876,0.7280701754385965
0.21237458193979933,0.023411371237458192,0.025501672240802676,0.7387123745819398
0.21608040201005024,0.02386934673366834,0.025963149078726967,0.7340871021775545
0.2136609745939192,0.023740108288213244,0.027488546438983758,0.7351103706788839
0.21554621848739497,0.02689075630252101,0.024369747899159664,0.7331932773109243
0.2162839248434238,0.02630480167014614,0.022129436325678497,0.7352818371607516
0.21333333333333335,0.02625,0.02375,0.7366666666666667
0.21180410213478443,0.02678945165341147,0.022185014650481373,0.7392214315613227
0.21401752190237797,0.026282853566958697,0.022110972048393827,0.7375886524822695
0.21512113617376774,0.026733500417710943,0.020050125313283207,0.7380952380952381
0.214817880794702,0.02566225165562914,0.01945364238410596,0.7400662251655629
0.21639617145235124,0.024968789013732832,0.019975031210986267,0.7386600083229297
0.21520565018695473,0.024927295388450354,0.019526381387619442,0.7403406730369755
0.2159468438538206,0.02408637873754153,0.020764119601328904,0.739202657807309
0.2116910229645094,0.024634655532359082,0.02129436325678497,0.7423799582463465
0.21191775073436844,0.02308015107007973,0.019723038187159043,0.7452790600083928
0.21410788381742737,0.02199170124481328,0.022821576763485476,0.7410788381742739
0.21046025104602512,0.02510460251046025,0.022175732217573223,0.7422594142259414
0.21149042464612822,0.028309741881765195,0.02373022481265612,0.7364696086594504
0.21087588210875882,0.0273972602739726,0.025736820257368204,0.7359900373599004
0.21699291961682632,0.025822573927530196,0.025406080799666806,0.7317784256559767
0.2138704318936877,0.02408637873754153,0.026993355481727575,0.7350498338870431
0.21171548117154812,0.02384937238493724,0.028451882845188285,0.7359832635983263
0.21368948247078465,0.022537562604340568,0.027963272120200333,0.7358096828046744
0.21512113617376774,0.02297410192147034,0.028404344193817876,0.733500417710944
0.2169179229480737,0.02386934673366834,0.03098827470686767,0.7282244556113903
0.2149768615902398,0.02440050483803113,0.032393773664282706,0.7282288599074463
0.21021528070915999,0.020683832840861123,0.031658927817644573,0.7374419586323343
0.2119067443796836,0.02164862614487927,0.03330557868442964,0.7331390507910075
0.21773522064945877,0.02164862614487927,0.03288925895087427,0.7277268942547876
0.22035323801513879,0.021026072329688814,0.028595458368376788,0.7300252312867956
0.21963394342762063,0.019550748752079867,0.029118136439267885,0.7316971713810316
0.22394957983193278,0.020168067226890758,0.030672268907563024,0.7252100840336134
0.22379958246346554,0.019206680584551147,0.032150313152400835,0.7248434237995824
0.22364613476643241,0.017775940471269118,0.03389830508474576,0.7246796196775527
0.22231508566652738,0.01838696197241956,0.0325950689511074,0.7267028834099457
0.21911519198664442,0.019198664440734557,0.031302170283806344,0.7303839732888147
0.22171189979123174,0.01962421711899791,0.03298538622129436,0.725678496868476
0.2249685798072895,0.01717637201508169,0.032677000418935905,0.7251780477586929
0.22725384295803905,0.018280016618196927,0.03406730369754882,0.7203988367262152
0.2256711409395973,0.01971476510067114,0.03229865771812081,0.7223154362416108
0.2259816207184628,0.021303258145363407,0.03341687552213868,0.7192982456140351
0.22240802675585283,0.021321070234113712,0.03302675585284281,0.7232441471571907
0.21837160751565762,0.020041753653444676,0.03382045929018789,0.7277661795407098
0.21803889118742242,0.02027306578402979,0.033512618949110465,0.7281754240794374
0.22138047138047137,0.022306397306397305,0.03282828282828283,0.7234848484848485
0.2220838522208385,0.021585720215857203,0.031133250311332503,0.7251971772519717
0.22750210260723297,0.023549201009251473,0.027754415475189236,0.7211942809083264
0.22888056595921766,0.025384935497295046,0.026217228464419477,0.7195172700790678
0.227234753550543,0.02297410192147034,0.02631578947368421,0.7234753550543024
0.22478024277940561,0.023022185014650483,0.026370866471326915,0.7258267057346169
0.22717711400925536,0.02187631468237274,0.026924694993689526,0.7240218763146824
0.22418136020151133,0.02392947103274559,0.0272879932829555,0.7246011754827876
0.22851153039832284,0.023060796645702306,0.0259958071278826,0.7224318658280923
0.22687316868982838,0.020092088740058602,0.026370866471326915,0.7266638760987861
0.2290878520386717,0.020596889449348465,0.025220680958385876,0.725094577553594
0.2256857855361596,0.02119700748129676,0.0228595178719867,0.730257689110557
0.22398662766402005,0.02131216046803176,0.022983702465524447,0.7317175094024237
0.22161936560934892,0.02337228714524207,0.024207011686143573,0.7308013355592654
0.22083852220838524,0.0253217102532171,0.024906600249066,0.7289331672893317
0.22000830220008302,0.0273972602739726,0.024491490244914902,0.7281029472810294
0.22366220735785952,0.025919732441471572,0.026337792642140468,0.7240802675585284
0.22143156132272918,0.024277940560904144,0.02595228128924236,0.7283382168271243
0.22129436325678498,0.025052192066805846,0.025052192066805846,0.7286012526096033
0.21709974853310982,0.028499580888516344,0.025146689019279127,0.7292539815590947
0.2159468438538206,0.02574750830564784,0.026993355481727575,0.731312292358804
0.21809841534612176,0.02627189324437031,0.026688907422852376,0.7289407839866555
0.21737305916911456,0.02517834662190516,0.02643726395300042,0.7310113302559799
0.2192179700499168,0.024958402662229616,0.024126455906821963,0.7316971713810316
0.22063758389261745,0.026006711409395974,0.026845637583892617,0.7265100671140939
0.22036727879799667,0.022954924874791317,0.02921535893155259,0.7274624373956594
0.2187241093620547,0.0231980115990058,0.02899751449875725,0.7290803645401823
0.22055137844611528,0.02297410192147034,0.027986633249791143,0.7284878863826232
0.2219430485762144,0.02219430485762144,0.026381909547738693,0.7294807370184254
0.22393661384487074,0.022935779816513763,0.025020850708924104,0.7281067556296914
0.22544080604534006,0.023509655751469353,0.023509655751469353,0.7275398824517213
0.22426010837849103,0.02626094205919133,0.022926219258024176,0.7265527303042935
0.2222222222222222,0.02506265664160401,0.022556390977443608,0.7301587301587301
0.22478991596638656,0.023529411764705882,0.025210084033613446,0.7264705882352941
0.21959319219593193,0.024076380240763803,0.026151930261519303,0.730178497301785
0.21808287986605274,0.0246965257429887,0.02762662201758058,0.729593972373378
0.21830985915492956,0.024855012427506214,0.02775476387738194,0.7290803645401823
0.22236128493950771,0.025448477263245724,0.026282853566958697,0.7259073842302879
0.22347066167290885,0.027049521431543905,0.028297960882230546,0.7211818560133166
0.22510460251046024,0.024686192468619247,0.028451882845188285,0.7217573221757322
0.22166666666666668,0.025416666666666667,0.030416666666666668,0.7225
0.22083333333333333,0.024583333333333332,0.03208333333333333,0.7225
0.2216624685138539,0.025608732157850547,0.028967254408060455,0.7237615449202351
0.22152690863579474,0.025448477263245724,0.02753441802252816,0.7254901960784313
0.2218959731543624,0.024328859060402684,0.031459731543624164,0.7223154362416108
0.2189324437030859,0.026688907422852376,0.030442035029190993,0.7239366138448707
0.22328881469115192,0.02712854757929883,0.030884808013355594,0.7186978297161937
0.22161936560934892,0.025041736227045076,0.02921535893155259,0.7241235392320534
0.2206435436690347,0.028416213957375678,0.027162557459256165,0.7237776849143335
0.22208228379513015,0.028547439126784216,0.02644836272040302,0.7229219143576826
0.22254575707154742,0.029118136439267885,0.026622296173044926,0.7217138103161398
0.22324800671422576,0.026017624842635333,0.026856903063365505,0.7238774653797734
0.221990837151187,0.024156601416076635,0.026239067055393587,0.7276134943773428
0.22208333333333333,0.024166666666666666,0.0275,0.72625
0.22778473091364204,0.024614100959532748,0.026700041718815185,0.72090112640801
0.22662771285475794,0.024624373956594323,0.025041736227045076,0.7237061769616027
0.22790113112693758,0.025136154168412233,0.02262253875157101,0.7243401759530792
0.22418136020151133,0.02392947103274559,0.023089840470193114,0.7287993282955499
0.22361284939507717,0.026282853566958697,0.024196912807676264,0.7259073842302879
0.22087682672233822,0.02755741127348643,0.022129436325678497,0.7294363256784969
0.22157676348547717,0.02946058091286307,0.02033195020746888,0.7286307053941908
0.22425249169435216,0.02782392026578073,0.01951827242524917,0.728405315614618
0.22021812080536912,0.02726510067114094,0.022651006711409395,0.7298657718120806
0.22003352891869238,0.028080469404861693,0.022212908633696564,0.7296730930427494
0.21951219512195122,0.027754415475189236,0.021867115222876366,0.7308662741799832
0.21672212978369385,0.02870216306156406,0.023710482529118136,0.730865224625624
0.22078464106844742,0.02963272120200334,0.026293823038397328,0.7232888146911519
0.21797564048719026,0.031919361612767747,0.027299454010919783,0.7228055438891222
0.21906779661016948,0.030084745762711865,0.027966101694915254,0.7228813559322034
0.22152428810720268,0.027219430485762145,0.02763819095477387,0.7236180904522613
0.22082810539523212,0.030112923462986198,0.028858218318695106,0.7202007528230866
0.2218013468013468,0.027777777777777776,0.027356902356902357,0.7230639730639731
0.22393020357291235,0.024511840465309513,0.024511840465309513,0.7270461154964686
0.22356369691923397,0.02497918401332223,0.02331390507910075,0.728143213988343
0.2267223382045929,0.026722338204592903,0.022129436325678497,0.7244258872651357
0.22610141313383209,0.027847049044056525,0.0228595178719867,0.7231920199501247
0.22538751571009635,0.025555090071219103,0.020527859237536656,0.7285295349811479
0.2254697286012526,0.02546972860125261,0.023799582463465554,0.7252609603340292
0.22647793505412156,0.02497918401332223,0.022064945878434637,0.7264779350541216
0.2280334728033473,0.02594142259414226,0.023430962343096235,0.7225941422594142
0.2309623430962343,0.024686192468619247,0.01799163179916318,0.7263598326359832
0.2311850311850312,0.023284823284823286,0.01704781704781705,0.7284823284823285
0.2269887546855477,0.026655560183256977,0.018325697625989172,0.7280299875052062
0.22436165759732105,0.028463792381749686,0.020929259104227712,0.7262452909167015
0.22226855713094246,0.02835696413678065,0.022518765638031693,0.7268557130942452
0.22106577851790174,0.030807660283097418,0.019983347210657785,0.728143213988343
0.2266610597140454,0.032380151387720775,0.02144659377628259,0.7195121951219512
0.22816548265775177,0.03134141245298788,0.020476389469285417,0.7200167154199749
0.23417721518987342,0.032489451476793246,0.020253164556962026,0.7130801687763713
0.23485165064772254,0.0325950689511074,0.01880484747179273,0.7137484329293774
0.23390112172829247,0.03406730369754882,0.017449106771915246,0.7145824678022434
0.23360995850622407,0.03278008298755187,0.01950207468879668,0.7141078838174274
0.23534303534303536,0.0340956340956341,0.020374220374220375,0.7101871101871102
0.2343880099916736,0.034970857618651124,0.021232306411323898,0.7094088259783514
0.234158623583718,0.03189257238774654,0.019303399076793955,0.7146454049517414
0.23395445134575568,0.034782608695652174,0.02194616977225673,0.7093167701863354
0.23475355054302421,0.03383458646616541,0.02172096908939014,0.7096908939014203
0.23343059608170072,0.03751563151313047,0.0212588578574406,0.7077949145477282
0.2343880099916736,0.034970857618651124,0.019567027477102414,0.7110741049125728
0.23472803347280335,0.035146443514644354,0.021338912133891212,0.7087866108786611
0.23679798826487847,0.03227158424140821,0.020536462699077954,0.7103939647946353
0.23380992430613962,0.03153910849453322,0.01934398654331371,0.7153069806560135
0.23201663201663203,0.03076923076923077,0.018711018711018712,0.7185031185031185
0.23134639433097123,0.030846185910796166,0.020008336807002917,0.7177990829512296
0.2313212325875897,0.027859856479527226,0.020261713803292527,0.7205571971295905
0.2292539815590947,0.026823134953897737,0.020117351215423303,0.7238055322715843
0.22808475280432072,0.029497299542999584,0.02077274615704196,0.7216452014956377
0.22989949748743718,0.02847571189279732,0.01968174204355109,0.7219430485762144
0.22708333333333333,0.02875,0.020416666666666666,0.72375
0.22531120331950208,0.030705394190871368,0.022821576763485476,0.7211618257261411
0.2258469259723965,0.029276453366792136,0.022166457549142617,0.7227101631116688
0.22641509433962265,0.0310272536687631,0.01928721174004193,0.7232704402515723
0.22602168473728107,0.0329441201000834,0.021267723102585488,0.7197664720600501
0.2214765100671141,0.03271812080536913,0.023909395973154363,0.7218959731543624
0.22161936560934892,0.0325542570951586,0.02337228714524207,0.7224540901502504
0.22124265323257766,0.031066330814441646,0.022670025188916875,0.7250209907640638
0.2231920199501247,0.030340814630091438,0.024106400665004156,0.7223607647547797
0.22171189979123174,0.032150313152400835,0.024217118997912318,0.7219206680584551
0.2226855713094245,0.03252710592160134,0.020850708924103418,0.7239366138448707
0.2222222222222222,0.034411276948590384,0.02404643449419569,0.7193200663349917
0.2235147486497715,0.03406730369754882,0.02658911508101371,0.715828832571666
0.22175906627761569,0.033764068361817424,0.027094622759483118,0.7173822426010837
0.2192468619246862,0.03138075313807531,0.02887029288702929,0.7205020920502092
0.2191780821917808,0.0294728102947281,0.0294728102947281,0.721876297218763
0.21818940342094284,0.03420942845223195,0.026700041718815185,0.72090112640801
0.21730045967404932,0.0355202674467196,0.025908900961136648,0.7212703719180944
0.22012578616352202,0.03563941299790356,0.0259958071278826,0.7182389937106918
0.2218972001671542,0.0325950689511074,0.027580442958629336,0.7179272879231091
0.22004991680532446,0.029950083194675542,0.02870216306156406,0.721297836938436
0.22493681550126368,0.02864363942712721,0.02864363942712721,0.7177759056444819
0.22362337116435477,0.032366540563261874,0.026902059688944935,0.7171080285834385
0.2222222222222222,0.031446540880503145,0.027253668763102725,0.7190775681341719
0.2180672268907563,0.03319327731092437,0.0273109243697479,0.7214285714285714
0.22021052631578947,0.03368421052631579,0.02863157894736842,0.7174736842105263
0.22092538557732389,0.035431429762401004,0.03042934556065027,0.7132138390996249
0.2184628237259816,0.03634085213032581,0.02882205513784461,0.716374269005848
0.22157190635451504,0.03762541806020067,0.030100334448160536,0.7107023411371237
0.22115384615384615,0.03511705685618729,0.032190635451505016,0.7115384615384616
0.22217555648887022,0.03527929441411172,0.03359932801343973,0.7089458210835783
0.22333333333333333,0.0325,0.03208333333333333,0.7120833333333333
0.21878914405010438,0.031315240083507306,0.03298538622129436,0.716910229645094
0.2224073302790504,0.028738025822573926,0.036234902124114954,0.7126197417742607
0.22194513715710723,0.030340814630091438,0.03574397339983375,0.7119700748129676
0.22011784511784513,0.02861952861952862,0.03787878787878788,0.7133838383838383
0.22278268179907523,0.02816309373686423,0.03488860865910046,0.7141656158049601
0.21963394342762063,0.03036605657237937,0.03369384359400998,0.71630615640599
0.21621621621621623,0.029521829521829523,0.03575883575883576,0.7185031185031185
0.21281943862589023,0.027649769585253458,0.03519061583577713,0.7243401759530792
0.2117695814338997,0.02859510982179859,0.038541234977206795,0.7210940737670949
0.20757894736842106,0.028210526315789474,0.03747368421052632,0.7267368421052631
0.20352496852706672,0.028955098615190935,0.03776751993285774,0.7297524129248846
0.20201173512154233,0.027242246437552388,0.038558256496227995,0.7321877619446773
0.19933416562630046,0.029130253849354974,0.03911776945484811,0.7324178110694964
0.20260613703236655,0.029003783102143757,0.03656998738965952,0.7318200924758301
