C,D,Oc,Od
0.0,0.0,1.0,0.0
0.5,0.0,0.5,0.0
0.5,0.0,0.5,0.0
0.5,0.0,0.5,0.0
0.25,0.0,0.75,0.0
0.16666666666666666,0.0,0.8333333333333334,0.0
0.2222222222222222,0.0,0.7777777777777778,0.0
0.08333333333333333,0.16666666666666666,0.75,0.0
0.07142857142857142,0.07142857142857142,0.7857142857142857,0.07142857142857142
0.0,0.06666666666666667,0.8666666666666667,0.06666666666666667
0.07142857142857142,0.07142857142857142,0.7857142857142857,0.07142857142857142
0.07692307692307693,0.07692307692307693,0.8461538461538461,0.0
0.06666666666666667,0.06666666666666667,0.8666666666666667,0.0
0.05555555555555555,0.05555555555555555,0.7777777777777778,0.1111111111111111
0.1111111111111111,0.05555555555555555,0.6666666666666666,0.16666666666666666
0.11764705882352941,0.058823529411764705,0.7058823529411765,0.11764705882352941
0.09523809523809523,0.09523809523809523,0.6666666666666666,0.14285714285714285
0.05263157894736842,0.10526315789473684,0.6842105263157895,0.15789473684210525
0.05,0.1,0.7,0.15
0.05555555555555555,0.1111111111111111,0.6111111111111112,0.2222222222222222
0.058823529411764705,0.11764705882352941,0.5882352941176471,0.23529411764705882
0.058823529411764705,0.11764705882352941,0.5882352941176471,0.23529411764705882
0.058823529411764705,0.17647058823529413,0.5294117647058824,0.23529411764705882
0.0,0.1875,0.5625,0.25
0.0,0.2,0.6,0.2
0.0,0.13333333333333333,0.6,0.26666666666666666
0.0,0.15384615384615385,0.6153846153846154,0.23076923076923078
0.07142857142857142,0.14285714285714285,0.5714285714285714,0.21428571428571427
0.07692307692307693,0.15384615384615385,0.5384615384615384,0.23076923076923078
0.07142857142857142,0.14285714285714285,0.5714285714285714,0.21428571428571427
0.07142857142857142,0.21428571428571427,0.5,0.21428571428571427
0.0,0.2857142857142857,0.5,0.21428571428571427
0.0625,0.25,0.4375,0.25
0.0625,0.25,0.5,0.1875
0.06666666666666667,0.26666666666666666,0.6,0.06666666666666667
0.07142857142857142,0.21428571428571427,0.6428571428571429,0.07142857142857142
0.06666666666666667,0.26666666666666666,0.6,0.06666666666666667
0.06666666666666667,0.26666666666666666,0.6,0.06666666666666667
0.0625,0.25,0.5625,0.125
0.125,0.25,0.5,0.125
0.14285714285714285,0.2857142857142857,0.5,0.07142857142857142
0.13333333333333333,0.26666666666666666,0.5333333333333333,0.06666666666666667
0.2,0.26666666666666666,0.4666666666666667,0.06666666666666667
0.2,0.26666666666666666,0.3333333333333333,0.2
0.17647058823529413,0.29411764705882354,0.29411764705882354,0.23529411764705882
0.15,0.25,0.2,0.4
0.17391304347826086,0.17391304347826086,0.17391304347826086,0.4782608695652174
0.14285714285714285,0.17857142857142858,0.14285714285714285,0.5357142857142857
0.15151515151515152,0.15151515151515152,0.12121212121212122,0.5757575757575758
0.12195121951219512,0.12195121951219512,0.0975609756097561,0.6585365853658537
0.09803921568627451,0.0784313725490196,0.0784313725490196,0.7450980392156863
0.09375,0.078125,0.078125,0.75
0.0975609756097561,0.07317073170731707,0.06097560975609756,0.7682926829268293
0.13513513513513514,0.05405405405405406,0.04504504504504504,0.7657657657657657
0.17567567567567569,0.04054054054054054,0.04054054054054054,0.7432432432432432
0.1935483870967742,0.03225806451612903,0.026881720430107527,0.7473118279569892
0.1965065502183406,0.026200873362445413,0.026200873362445413,0.7510917030567685
0.22302158273381295,0.014388489208633094,0.025179856115107913,0.737410071942446
0.23768115942028986,0.014492753623188406,0.02318840579710145,0.7246376811594203
0.26004728132387706,0.014184397163120567,0.02127659574468085,0.7044917257683215
0.2828282828282828,0.012121212121212121,0.020202020202020204,0.6848484848484848
0.28426395939086296,0.011844331641285956,0.028764805414551606,0.6751269035532995
0.29955947136563876,0.013215859030837005,0.027900146842878122,0.6593245227606461
0.3159947984395319,0.010403120936280884,0.02860858257477243,0.6449934980494149
0.31939605110336816,0.010452961672473868,0.03716608594657375,0.6329849012775842
0.3154084798345398,0.010341261633919338,0.038262668045501554,0.6359875904860393
0.32558139534883723,0.009302325581395349,0.045581395348837206,0.6195348837209302
0.32875536480686696,0.012875536480686695,0.04721030042918455,0.6111587982832618
0.3312051077414206,0.011971268954509178,0.04309656823623304,0.6137270550678372
0.35066864784546803,0.008915304606240713,0.03937592867756315,0.6010401188707281
0.34507042253521125,0.01267605633802817,0.03591549295774648,0.606338028169014
0.3535690460306871,0.016010673782521682,0.038692461641094064,0.5917278185456971
0.35641677255400256,0.017153748411689963,0.04066073697585769,0.5857687420584498
0.36308805790108567,0.016887816646562123,0.0428226779252111,0.5772014475271411
0.36146682188591384,0.018626309662398137,0.043655413271245634,0.5762514551804424
0.36670416197975253,0.01856017997750281,0.04611923509561305,0.5686164229471317
0.36314067611777534,0.015812431842966195,0.04580152671755725,0.5752453653217012
0.3645397489539749,0.016736401673640166,0.04497907949790795,0.573744769874477
0.36799184505606525,0.017329255861365953,0.04485219164118247,0.5698267074413863
0.36515151515151517,0.01818181818181818,0.047979797979797977,0.5686868686868687
0.371990171990172,0.019656019656019656,0.04815724815724816,0.5601965601965602
0.3740530303030303,0.020359848484848484,0.04971590909090909,0.5558712121212122
0.37470504955167533,0.019820670127418595,0.05096743747050495,0.5545068428504011
0.37344398340248963,0.0198248040571692,0.0516366989396035,0.5550945136007377
0.37562301767104667,0.022655188038060717,0.05210693248753965,0.549614861803353
0.3750558784085829,0.0232454179704962,0.051408135896289675,0.5502905677246313
0.3746060333183251,0.024763619990995047,0.0540297163439892,0.5466006303466907
0.38078132016165245,0.023798832510103278,0.052537045352492144,0.5428828019757521
0.3843763870395029,0.0230803373280071,0.05193075898801598,0.5406125166444741
0.3836283185840708,0.024336283185840708,0.05088495575221239,0.5411504424778761
0.3874113475177305,0.024822695035460994,0.04831560283687943,0.5394503546099291
0.3856324371970031,0.027324812692816218,0.04759806081974438,0.5394446892904363
0.3891582194799471,0.026443367122080213,0.04759806081974438,0.5368003525782283
0.38735177865612647,0.02678963548528766,0.04743083003952569,0.5384277558190602
0.3880334359876815,0.026836779586449627,0.04663440387153542,0.5384953805543334
0.39355123674911663,0.02782685512367491,0.046819787985865724,0.5318021201413428
0.3972663139329806,0.028659611992945325,0.0445326278659612,0.5295414462081128
0.391651865008881,0.023534635879218474,0.04573712255772647,0.5390763765541741
0.3872113676731794,0.023090586145648313,0.04662522202486678,0.5430728241563055
0.38390092879256965,0.02476780185758514,0.045112781954887216,0.5462184873949579
0.3868421052631579,0.025,0.04649122807017544,0.5416666666666666
0.3913808267370273,0.023746701846965697,0.047493403693931395,0.5373790677220757
0.39053516143299427,0.022114108801415303,0.04997788589119859,0.5373728438743919
0.3976274165202109,0.02328646748681898,0.04745166959578207,0.531634446397188
0.3922773146116718,0.022378236068451074,0.046072838964458095,0.539271610355419
0.39210526315789473,0.02456140350877193,0.043859649122807015,0.5394736842105263
0.3854945054945055,0.025494505494505496,0.04659340659340659,0.5424175824175824
0.38746690203000883,0.026037069726390114,0.0441306266548985,0.5423654015887026
0.3920529801324503,0.027373068432671083,0.044591611479028695,0.5359823399558499
0.3893532776066872,0.029476462824461064,0.04399472063352398,0.5371755389353278
0.3925729442970822,0.029177718832891247,0.046861184792219276,0.5313881520778072
0.3939258597588209,0.030370701205895488,0.04510942384993301,0.5305940151853507
0.3961267605633803,0.03125,0.04445422535211268,0.528169014084507
0.39841339797267517,0.028206258263552227,0.045394446892904367,0.5279858968708683
0.3982222222222222,0.028,0.042222222222222223,0.5315555555555556
0.4029916410030796,0.027276726792784867,0.039595248570171576,0.5301363836339639
0.3967900133749443,0.02808738296923763,0.036558181007579134,0.538564422648239
0.3925729442970822,0.028293545534924844,0.03669319186560566,0.5424403183023873
0.3910565541429198,0.025427444103463395,0.03857957036387549,0.5449364313897413
0.38980836236933797,0.023954703832752614,0.03702090592334495,0.5492160278745645
0.3996478873239437,0.025088028169014086,0.03345070422535211,0.5418133802816901
0.39452780229479256,0.02736098852603707,0.03662842012356576,0.5414827890556045
0.39162995594713657,0.027312775330396475,0.037444933920704845,0.5436123348017621
0.39276257722859664,0.02736098852603707,0.03751103265666372,0.5423654015887026
0.3935226264418811,0.025288376220053237,0.038154392191659274,0.5430346051464063
0.39016829052258634,0.024800708591674048,0.037643932683790966,0.5473870682019486
0.3942652329749104,0.025537634408602152,0.03718637992831541,0.543010752688172
0.3907488986784141,0.027312775330396475,0.03700440528634361,0.5449339207048458
0.39006156552330695,0.024186455584872472,0.03605980650835532,0.5496921723834652
0.3896276595744681,0.024822695035460994,0.03679078014184397,0.5487588652482269
0.3818984547461369,0.026931567328918323,0.038852097130242826,0.552317880794702
0.38532513181019334,0.025483304042179262,0.03866432337434095,0.5505272407732865
0.3802878325337985,0.027474923680767552,0.03663323157435674,0.5556040122110771
0.3800705467372134,0.027336860670194002,0.03527336860670194,0.5573192239858906
0.3884224480777729,0.02695536897923111,0.033583738400353516,0.5510384445426425
0.38288486987207765,0.02690780767534186,0.03573003970004411,0.5544772827525364
0.3808695652173913,0.028695652173913042,0.035217391304347825,0.5552173913043478
0.38869257950530034,0.028268551236749116,0.03445229681978799,0.5485865724381626
0.38593406593406593,0.027692307692307693,0.035164835164835165,0.5512087912087912
0.3888888888888889,0.026222222222222223,0.03333333333333333,0.5515555555555556
0.3875219683655536,0.02592267135325132,0.03163444639718805,0.554920913884007
0.3824823943661972,0.02596830985915493,0.030809859154929578,0.5607394366197183
0.38172992056487204,0.02912621359223301,0.028684907325684024,0.560458958517211
0.3852928225451343,0.02686041391457508,0.030823425803610745,0.5570233377366799
0.3901365037428446,0.02686041391457508,0.03038309114927345,0.552619991193307
0.38370044052863433,0.025991189427312777,0.030837004405286344,0.5594713656387665
0.3894273127753304,0.026872246696035242,0.03127753303964758,0.5524229074889868
0.38683859493108047,0.027567807914628723,0.031124944419742107,0.5544686527345487
0.38563829787234044,0.026152482269503546,0.03324468085106383,0.5549645390070922
0.3920177383592018,0.025720620842572064,0.03148558758314856,0.5507760532150776
0.3983274647887324,0.02420774647887324,0.030809859154929578,0.5466549295774648
0.39840283939662824,0.023957409050576754,0.03194321206743567,0.5456965394853593
0.4002647837599294,0.02383053839364519,0.03000882612533098,0.5458958517210944
0.398573339277753,0.026749888542131076,0.03299152920196166,0.5416852429781542
0.3956140350877193,0.029385964912280703,0.030263157894736843,0.5447368421052632
0.4008733624454148,0.029694323144104803,0.03056768558951965,0.5388646288209606
0.3993835314839278,0.029942756494936152,0.030823425803610745,0.5398502862175253
0.4007954043305347,0.02695536897923111,0.027839151568714096,0.5444100751215201
0.40240641711229946,0.023618538324420676,0.027183600713012478,0.5467914438502673
0.39391265990295543,0.024261138067931187,0.027790030877812087,0.5540361711513013
0.4052863436123348,0.022466960352422908,0.02643171806167401,0.5458149779735683
0.4024443474465299,0.024879965080750764,0.0257529463116543,0.546922741161065
0.39822616407982264,0.027937915742793792,0.0270509977827051,0.5467849223946785
0.39789196310935443,0.028107158541941152,0.025911286780852,0.5480895915678524
0.4001778568252557,0.02845709204090707,0.026678523788350377,0.5446865273454868
0.3903603994789405,0.026921406860616587,0.02822405557967868,0.5544941380807642
0.3895528995130589,0.02390438247011952,0.027888446215139442,0.5586542718016821
0.39206279982555603,0.02311382468382032,0.027911033580462277,0.5569123419101614
0.3921826965305226,0.021958717610891524,0.029424681598594644,0.5564339042599912
0.3956483126110124,0.023534635879218474,0.03241563055062167,0.5484014209591475
0.3962097840458352,0.02379903040987219,0.03261348611723226,0.5473776994270604
0.39557522123893807,0.022123893805309734,0.03185840707964602,0.5504424778761062
0.3925764192139738,0.021397379912663755,0.028820960698689956,0.5572052401746724
0.3919039145907473,0.023576512455516015,0.029359430604982206,0.5551601423487544
0.3905693950177936,0.023131672597864767,0.030249110320284697,0.556049822064057
0.39270008795074757,0.022867194371152155,0.029023746701846966,0.5554089709762533
0.3870967741935484,0.02562969509500663,0.028722934158197082,0.5585505965532479
0.3893532776066872,0.027276726792784867,0.025076990761108666,0.5582930048394192
0.3848538529672276,0.0283436669619132,0.024800708591674048,0.5620017714791852
0.38279192273924495,0.02897278314310799,0.02370500438981563,0.5645302897278315
0.38733624454148474,0.028384279475982533,0.024017467248908297,0.5602620087336244
0.384208204675783,0.02646669607410675,0.025143361270401413,0.5641817379797088
0.37788632326820604,0.02886323268206039,0.025310834813499113,0.5679396092362344
0.37400177462289264,0.02883762200532387,0.027062999112688554,0.570097604259095
0.3763250883392226,0.028268551236749116,0.024734982332155476,0.5706713780918727
0.3791427308882015,0.029164825452938577,0.022978347326557666,0.5687140963323023
0.37771859742565467,0.030181979582778518,0.0230803373280071,0.5690190856635597
0.37990304098721905,0.030409872190392245,0.023358307624504186,0.5663287791978845
0.3802197802197802,0.03164835164835165,0.024615384615384615,0.5635164835164835
0.3729111697449428,0.029023746701846966,0.023746701846965697,0.5743183817062445
0.3771353482260184,0.029347349978098992,0.022777047744196234,0.5707402540516864
0.37353069220722684,0.028733130169786677,0.022638223770134958,0.5750979538528516
0.3764342453662842,0.02559576345984113,0.023389232127096204,0.5745807590467784
0.37785588752196836,0.025043936731107205,0.022847100175746926,0.5742530755711776
0.38712483688560245,0.026533275337103087,0.021313614615050023,0.5650282731622445
0.3808473080317741,0.028684907325684024,0.02206531332744925,0.5684024713150927
0.3829505300353357,0.02782685512367491,0.024734982332155476,0.5644876325088339
0.3811204234671372,0.02690780767534186,0.025143361270401413,0.5668284075871195
0.3783428320911881,0.026742656729504603,0.02498903989478299,0.5699254712845243
0.3758680555555556,0.030381944444444444,0.026041666666666668,0.5677083333333334
0.37715041905602115,0.033083370092633436,0.027790030877812087,0.5619761799735333
0.38631346578366443,0.03090507726269316,0.02781456953642384,0.5549668874172186
0.3817132711939636,0.029738126941855306,0.02574345317354638,0.5628051486906347
0.38331854480922806,0.03149955634427684,0.026175687666370896,0.5590062111801242
0.37984841729826124,0.03209986625055729,0.02719572001783326,0.5608559964333482
0.37893356643356646,0.033216783216783216,0.028409090909090908,0.5594405594405595
0.3744551002615519,0.03225806451612903,0.02877070619006103,0.5645161290322581
0.37256637168141593,0.03274336283185841,0.02920353982300885,0.5654867256637168
0.36589698046181174,0.03197158081705151,0.03108348134991119,0.5710479573712256
0.37302284710017575,0.029876977152899824,0.03031634446397188,0.5667838312829525
0.3687445127304653,0.029850746268656716,0.029411764705882353,0.5719929762949956
0.368141592920354,0.02920353982300885,0.028761061946902654,0.5738938053097346
0.36065573770491804,0.028799291094373063,0.027913159060700046,0.5826318121400088
0.3598768147822261,0.027716673999120107,0.028596568411790584,0.5838099428068632
0.36232517482517484,0.027097902097902096,0.028846153846153848,0.5817307692307693
0.3643581826202029,0.026025584472871635,0.031760035288928096,0.5778561976179973
0.3629531388152078,0.026967285587975242,0.03094606542882405,0.579133510167993
0.36022677714784124,0.02703881378107283,0.032272132577409504,0.5804622764936764
0.35402609086819614,0.026540710751237068,0.030589293747188485,0.5888439046333783
0.3603881782090869,0.02690780767534186,0.029113365681517425,0.5835906484340538
0.35767707875054994,0.026836779586449627,0.026836779586449627,0.5886493620765508
0.36287845546292236,0.02720491443615621,0.02720491443615621,0.5827117156647652
0.35736263736263735,0.02857142857142857,0.026373626373626374,0.5876923076923077
0.35606731620903453,0.02878653675819309,0.024800708591674048,0.5903454384410983
0.357862461673237,0.029785370127025843,0.02759526938239159,0.5847568988173456
0.3605412483631602,0.02749890877346137,0.0257529463116543,0.5862068965517241
0.3560371517027864,0.026094648385670056,0.025210084033613446,0.5926581158779302
0.3526570048309179,0.023715415019762844,0.026350461133069828,0.5972771190162495
0.35019973368841545,0.027518863737239236,0.02529960053262317,0.5969818020417221
0.3591800356506239,0.0285204991087344,0.025846702317290554,0.5864527629233511
0.3484381874175099,0.028596568411790584,0.028156621205455347,0.5948086229652442
0.3528640139921294,0.027984258854394404,0.028421512898994316,0.5907302142544818
0.35059236507240016,0.025449758666081616,0.027643703378674857,0.5963141728828434
0.3420353982300885,0.027876106194690265,0.026106194690265486,0.6039823008849557
0.34684883208461875,0.025561921551344204,0.024239753195240195,0.6033494931687968
0.3486725663716814,0.02566371681415929,0.023008849557522124,0.6026548672566372
0.3483443708609272,0.025165562913907286,0.02207505518763797,0.6044150110375276
0.34615384615384615,0.026967285587975242,0.022104332449160036,0.6047745358090185
0.3473451327433628,0.02654867256637168,0.01991150442477876,0.6061946902654868
0.34398579671549046,0.027075011096316024,0.020861074123391034,0.6080781180648025
0.34765453748355984,0.027181060938185005,0.021920210434020166,0.603244191144235
0.35395492708793636,0.0273972602739726,0.023862129916040652,0.5947856827220503
0.3456953642384106,0.0282560706401766,0.023399558498896248,0.6026490066225165
0.3553321678321678,0.030157342657342656,0.0236013986013986,0.5909090909090909
0.3536693191865606,0.03138815207780725,0.023430592396109638,0.5915119363395226
0.35644876325088337,0.02871024734982332,0.022084805653710248,0.592756183745583
0.35920177383592017,0.028381374722838137,0.02394678492239468,0.588470066518847
0.36070640176600444,0.02913907284768212,0.026048565121412803,0.5841059602649007
0.3637566137566138,0.025573192239858905,0.0291005291005291,0.5815696649029982
0.3574561403508772,0.02543859649122807,0.03245614035087719,0.5846491228070175
0.3572060123784262,0.02431476569407604,0.03359858532272325,0.5848806366047745
0.3536423841059603,0.025165562913907286,0.031788079470198675,0.5894039735099338
0.35132781889420983,0.026556377884196777,0.031780583369612536,0.5903352198519809
0.3534100974313552,0.025686448184233834,0.03100088573959256,0.5899025686448184
0.3510167992926614,0.027409372236958444,0.029177718832891247,0.5923961096374889
0.35145888594164454,0.029177718832891247,0.03050397877984085,0.5888594164456233
0.3461706783369803,0.030196936542669583,0.030634573304157548,0.5929978118161926
0.3511248345831495,0.02999558888398765,0.02867225408028231,0.5902073224525805
0.3482498892334958,0.030128489144882586,0.030128489144882586,0.5914931324767391
0.3595754091110128,0.027421494913754976,0.02830605926581159,0.5846970367094206
0.36519070583077595,0.025427444103463395,0.02761946514686541,0.5817623849188952
0.3678870754300838,0.024702249669166298,0.029113365681517425,0.5782973092192325
0.3655443812855269,0.025360734586794928,0.027547004809794492,0.5815478793178837
0.36524822695035464,0.024822695035460994,0.028812056737588652,0.5811170212765957
0.3587147887323944,0.022887323943661973,0.028609154929577465,0.5897887323943662
0.35595446584938706,0.021453590192644482,0.027583187390542906,0.5950087565674256
0.35224274406332456,0.023746701846965697,0.029023746701846966,0.5949868073878628
0.35827464788732394,0.023767605633802816,0.029049295774647887,0.5889084507042254
0.35506607929515416,0.02290748898678414,0.02907488986784141,0.5929515418502203
0.35686102586584834,0.023235423060061378,0.03024989039894783,0.5896536606751425
0.3637969094922737,0.022516556291390728,0.029580573951434878,0.5841059602649007
0.36343708899605437,0.021920210434020166,0.03244191144234985,0.5822007891275757
0.3617957746478873,0.021566901408450703,0.03433098591549296,0.582306338028169
0.3631085305940152,0.020991514068780706,0.030370701205895488,0.5855292541313086
0.365156181258249,0.02111746590409151,0.029036515618125824,0.5846898372195336
0.3620463489287276,0.023174464363795364,0.031919545255793616,0.5828596414516835
0.35692171605484296,0.025210084033613446,0.03449800973020787,0.5833701901813357
0.3557017543859649,0.02324561403508772,0.03245614035087719,0.5885964912280702
0.3543752720940357,0.023073574227252938,0.03221593382673052,0.5903352198519809
0.36395759717314485,0.023409893992932862,0.03312720848056537,0.5795053003533569
0.3593265396544085,0.023925564909171467,0.03278688524590164,0.5839610101905184
0.36259877085162423,0.024143985952589993,0.03028972783143108,0.5829675153643546
0.36395916555703506,0.022636484687083888,0.029738126941855306,0.5836662228140257
0.3667697746354397,0.022978347326557666,0.027839151568714096,0.5824127264692885
0.36323070058009815,0.022757697456492636,0.025881302989736725,0.5881302989736724
0.3649956024626209,0.023306948109058926,0.026385224274406333,0.5853122251539138
0.35805739514348783,0.023399558498896248,0.026048565121412803,0.5924944812362031
0.3626325088339223,0.02517667844522968,0.02429328621908127,0.5878975265017667
0.3618246235606732,0.025686448184233834,0.024357838795394153,0.5881310894596988
0.35818262020291136,0.027348919276576972,0.026025584472871635,0.58844287604764
0.36688741721854307,0.026931567328918323,0.026048565121412803,0.5801324503311258
0.3657673595754091,0.02786377708978328,0.02344095532950022,0.5829279080053074
0.35914260717410323,0.02799650043744532,0.023622047244094488,0.589238845144357
0.35833333333333334,0.029385964912280703,0.02456140350877193,0.5877192982456141
0.35887274328489654,0.03038309114927345,0.02509907529722589,0.5856450902686041
0.3592317765168049,0.028808380619816675,0.02531645569620253,0.5866433871671759
0.36015831134564646,0.028144239226033423,0.028144239226033423,0.5835532102022867
0.357487922705314,0.030742204655248132,0.02766798418972332,0.5841018884497146
0.3591890700749229,0.026884089907448214,0.027324812692816218,0.5866020273248127
0.36467991169977926,0.026048565121412803,0.026490066225165563,0.5827814569536424
0.36243966652040366,0.028082492321193506,0.025888547608600262,0.5835892935498025
0.362882096069869,0.028820960698689956,0.027510917030567687,0.5807860262008734
0.36331569664902996,0.029541446208112873,0.028659611992945325,0.5784832451499118
0.36479929422143803,0.02867225408028231,0.029113365681517425,0.5774150860167623
0.3634759594177327,0.030436700485222762,0.029554477282752536,0.5765328628142921
0.35929203539823007,0.027876106194690265,0.02920353982300885,0.5836283185840708
0.3569542253521127,0.02596830985915493,0.030369718309859156,0.5867077464788732
0.3524229074889868,0.027312775330396475,0.028193832599118944,0.5920704845814978
0.347326557666814,0.02695536897923111,0.030048608042421564,0.5956694653115333
0.347246891651865,0.025310834813499113,0.02930728241563055,0.5981349911190054
0.3498014997794442,0.02337891486546096,0.0282311424790472,0.5985884428760476
0.345565749235474,0.024027959807776323,0.02839667977282656,0.6020096111839232
0.3503746143675628,0.0246804759806082,0.02996914940502424,0.5949757602468048
0.3458314953683282,0.0282311424790472,0.02999558888398765,0.595941773268637
0.34847816497573886,0.029554477282752536,0.031318923687692984,0.5906484340538156
0.34815140845070425,0.030369718309859156,0.03301056338028169,0.5884683098591549
0.3546690048224463,0.031126698816308637,0.03024989039894783,0.5839544059622972
0.34603455914931325,0.03234381922906513,0.030128489144882586,0.5914931324767391
0.3414954088325317,0.03060778312199388,0.031482291211193704,0.5964145168342807
0.3390652557319224,0.03218694885361552,0.03262786596119929,0.5961199294532628
0.3438192290651307,0.03190075321222862,0.033673017279574655,0.590607000443066
0.3454868830591374,0.032458870609159626,0.030680302356602934,0.5913739439751
0.3410886742756804,0.03292361720807726,0.029850746268656716,0.5961369622475856
0.347136563876652,0.03259911894273128,0.03303964757709251,0.5872246696035243
0.3459009206488382,0.03419552827707146,0.030688294607628234,0.5892152564664621
0.34746136865342164,0.03620309050772627,0.02913907284768212,0.58719646799117
0.3366071428571429,0.03705357142857143,0.029910714285714287,0.5964285714285714
0.3376334519572954,0.03603202846975089,0.029804270462633453,0.5965302491103203
0.3346439493228484,0.036260375709917,0.02927042376583661,0.599825251201398
0.32754010695187163,0.035204991087344026,0.029411764705882353,0.6078431372549019
0.3305383936451898,0.03442188879082083,0.02912621359223301,0.6059135039717564
0.3302387267904509,0.03359858532272325,0.028293545534924844,0.6078691423519009
0.3353819139596137,0.03467954345917471,0.029411764705882353,0.6005267778753293
0.33450859409431466,0.035698545614808286,0.027324812692816218,0.6024680475980608
0.33436259373621524,0.03396559329510366,0.031318923687692984,0.6003528892809881
0.3331854480922804,0.034161490683229816,0.031055900621118012,0.6015971606033718
0.32365875109938436,0.03518029903254178,0.030343007915567283,0.6108179419525066
0.32847038019451813,0.03183023872679045,0.03050397877984085,0.6091954022988506
0.32333480370533746,0.02999558888398765,0.031760035288928096,0.6149095721217468
0.32410714285714287,0.03169642857142857,0.03080357142857143,0.6133928571428572
0.3268206039076377,0.03108348134991119,0.02975133214920071,0.6123445825932504
0.3308402991641003,0.032996040475142985,0.029916410030796304,0.6062472503299604
0.32266549758877683,0.03288031565103025,0.028057869355545814,0.6163963174046471
0.31716906946264745,0.031891655744866756,0.026649191786806466,0.6242900830056793
0.32035398230088497,0.030973451327433628,0.026991150442477876,0.6216814159292036
0.32207108380868804,0.030276437033786747,0.02676612549363756,0.6208863536638877
0.32527964205816556,0.03087248322147651,0.022818791946308724,0.6210290827740492
0.32424109106907173,0.028596568411790584,0.024197096348438186,0.6229652441706995
0.32838427947598253,0.02925764192139738,0.023580786026200874,0.6187772925764192
0.32521045635799734,0.030128489144882586,0.024368630926007974,0.6202924235711121
0.3294642857142857,0.029017857142857144,0.024553571428571428,0.6169642857142857
0.3266843971631206,0.027039007092198582,0.026152482269503546,0.6201241134751773
0.3309765797613787,0.026513477684489615,0.024745912505523642,0.617764030048608
0.3254385964912281,0.027192982456140352,0.02236842105263158,0.625
0.32166592822330525,0.03278688524590164,0.023482498892334957,0.6220646876384581
0.3102541630148992,0.03155127081507449,0.02322524101665206,0.6349693251533742
0.3201927288655278,0.03153745072273324,0.022777047744196234,0.6254927726675427
0.32007073386383733,0.03227232537577365,0.023430592396109638,0.6242263483642794
0.31057563587684067,0.035698348951361,0.025435073627844713,0.6282909415439536
0.3068131868131868,0.03560439560439561,0.028131868131868132,0.6294505494505495
0.3062554300608167,0.03344917463075586,0.02997393570807993,0.6303214596003476
0.3066432028156621,0.03255609326880774,0.029476462824461064,0.6313242410910691
0.30917874396135264,0.03162055335968379,0.030303030303030304,0.6288976723759332
0.31690140845070425,0.03125,0.03125,0.6205985915492958
0.31732040546496254,0.030409872190392245,0.030409872190392245,0.6218598501542529
0.3123893805309734,0.032300884955752215,0.03008849557522124,0.6252212389380531
0.3137687555163283,0.030450132391879964,0.028684907325684024,0.6270962047661077
0.3125560538116592,0.029596412556053813,0.02780269058295964,0.6300448430493274
0.3144908030506954,0.02781516375056079,0.026917900403768506,0.6307761327949754
0.3135111499781373,0.026672496720594664,0.027984258854394404,0.6318320944468736
0.3069828722002635,0.028985507246376812,0.02766798418972332,0.6363636363636364
0.3092691622103387,0.028966131907308377,0.027629233511586453,0.6341354723707665
0.30350877192982456,0.02587719298245614,0.02850877192982456,0.6421052631578947
0.3031634446397188,0.02680140597539543,0.029876977152899824,0.6401581722319859
0.3054448871181939,0.03142983621071271,0.03187250996015936,0.631252766710934
0.2954844366505918,0.031126698816308637,0.029811486190267425,0.6435773783428321
0.2955145118733509,0.03210202286719437,0.032541776605101144,0.6398416886543535
0.2912833990363557,0.032413491020586944,0.032413491020586944,0.6438896189224704
0.2932030208796091,0.03331852509995557,0.03109729009329187,0.6423811639271435
0.2890556045895852,0.03442188879082083,0.03000882612533098,0.646513680494263
0.2864142538975501,0.03296213808463252,0.025389755011135856,0.6552338530066815
0.2860290877038343,0.030850594975760245,0.02600264433671221,0.6571176729836933
0.2847740236946029,0.03422553751645459,0.027643703378674857,0.6533567354102676
0.2817089452603471,0.03204272363150868,0.02892745883400089,0.6573208722741433
0.28419654714475434,0.033643204957945996,0.02656042496679947,0.6555998229305002
0.28437917222963954,0.032487761459724075,0.024477080551846907,0.6586559857587895
0.28634361233480177,0.030837004405286344,0.023348017621145373,0.6594713656387665
0.2957249889819304,0.030409872190392245,0.021595416483032173,0.6522697223446452
0.27992879394748554,0.032487761459724075,0.02358700489541611,0.6639964396973743
0.28036971830985913,0.030809859154929578,0.02420774647887324,0.664612676056338
0.2774336283185841,0.03008849557522124,0.023008849557522124,0.6694690265486726
0.28206258263552225,0.029528426619656236,0.022036139268400177,0.6663728514764213
0.28269484808454426,0.02774108322324967,0.023337736679876705,0.6662263320123294
0.282389108476065,0.024593763724198508,0.022837066315327184,0.6701800614844093
0.27369826435246997,0.025367156208277702,0.024477080551846907,0.6764574988874055
0.2753178430512933,0.027181060938185005,0.026742656729504603,0.6707584392810171
0.2796833773087071,0.027704485488126648,0.027704485488126648,0.6649076517150396
0.2776553547818422,0.02996914940502424,0.02864698104892023,0.6637285147642134
0.2768758227292672,0.030276437033786747,0.028082492321193506,0.6647652479157525
0.2791519434628975,0.030477031802120143,0.02871024734982332,0.661660777385159
0.2824561403508772,0.02894736842105263,0.029385964912280703,0.6592105263157895
0.28615384615384615,0.029010989010989013,0.03120879120879121,0.6536263736263737
0.28653169014084506,0.026848591549295774,0.030369718309859156,0.65625
0.2827525363917071,0.027790030877812087,0.029113365681517425,0.6603440670489634
0.28377787494534323,0.029733275032794052,0.026235242675994752,0.6602536073458679
0.2888986013986014,0.027972027972027972,0.028409090909090908,0.6547202797202797
0.2843874391862008,0.028748341441839895,0.029632905793896505,0.6572313135780629
0.28108581436077057,0.027583187390542906,0.028021015761821366,0.6633099824868651
0.27984084880636606,0.027851458885941646,0.029177718832891247,0.6631299734748011
0.282560706401766,0.02869757174392936,0.030022075055187638,0.658719646799117
0.28452066842568163,0.02990325417766051,0.029463500439753737,0.6561125769569042
0.28300220750551874,0.030022075055187638,0.02913907284768212,0.6578366445916115
0.2809379070777247,0.029960920538428137,0.02735562310030395,0.6617455492835432
0.2775098640946953,0.029373081981587022,0.03156510302498904,0.6615519508987286
0.2745270567531896,0.027716673999120107,0.032996040475142985,0.6647602287725473
0.2759982448442299,0.029398859148749453,0.03378674857393594,0.6608161474330847
0.2724879333040807,0.02676612549363756,0.03466432645897324,0.6660816147433085
0.28028293545534927,0.026967285587975242,0.03094606542882405,0.6618037135278515
0.2785871964679912,0.022958057395143488,0.029580573951434878,0.6688741721854304
0.2744410346339325,0.022797018851380975,0.028057869355545814,0.6747040771591407
0.2753623188405797,0.021519543258673692,0.026350461133069828,0.6767676767676768
0.2772626931567329,0.022958057395143488,0.026931567328918323,0.6728476821192053
0.2752982766239505,0.026513477684489615,0.027839151568714096,0.6703490941228458
0.2726473175021988,0.026824978012313105,0.029023746701846966,0.6715039577836411
0.2687224669603524,0.025110132158590308,0.026872246696035242,0.6792951541850221
0.27003098716246127,0.02478972996901284,0.029216467463479414,0.6759628154050464
0.26751313485113837,0.024518388791593695,0.03021015761821366,0.6777583187390543
0.27816901408450706,0.025088028169014086,0.028609154929577465,0.6681338028169014
0.28028293545534927,0.027409372236958444,0.026967285587975242,0.6653404067197171
0.27723649247121346,0.027015057573073518,0.02612931798051373,0.6696191319751993
0.2764084507042254,0.02948943661971831,0.023327464788732395,0.670774647887324
0.27441449403446755,0.029164825452938577,0.022978347326557666,0.6734423331860362
0.2711189739053516,0.028748341441839895,0.023883237505528527,0.67624944714728
0.27943760984182775,0.027680140597539545,0.02328646748681898,0.6695957820738138
0.2769640479360852,0.02929427430093209,0.022636484687083888,0.6711051930758988
0.28244610646722396,0.027716673999120107,0.02243730752309723,0.6673999120105587
0.2840909090909091,0.027972027972027972,0.02403846153846154,0.6638986013986014
0.28363475959417733,0.02690780767534186,0.02337891486546096,0.6660785178650198
0.2869179600886918,0.025277161862527715,0.024390243902439025,0.6634146341463415
0.278391515687141,0.022536456031816175,0.024304021210782147,0.6747680070702607
0.28809837505489677,0.01932367149758454,0.025032938076416336,0.6675450153711023
0.28346456692913385,0.02230971128608924,0.023184601924759404,0.6710411198600175
0.286281429201588,0.024261138067931187,0.02293780326422585,0.666519629466255
0.2888295505117935,0.02358700489541611,0.02091677792612372,0.6666666666666666
0.2908366533864542,0.02213368747233289,0.02080566622399292,0.66622399291722
0.2901805372082783,0.024218405988551298,0.022016732716864818,0.6635843240863056
0.2854609929078014,0.026152482269503546,0.02127659574468085,0.6671099290780141
0.29050772626931565,0.026490066225165563,0.02075055187637969,0.6622516556291391
0.2919611307420495,0.026060070671378093,0.020318021201413426,0.661660777385159
0.2984014209591474,0.026198934280639432,0.021758436944937832,0.6536412078152753
0.2968542312804608,0.02702702702702703,0.02259636685866194,0.6535223748338502
0.29960229783473263,0.02695536897923111,0.02342023862129916,0.650022094564737
0.2923747276688453,0.02483660130718954,0.025272331154684097,0.657516339869281
0.2977797126686983,0.026121027427078797,0.027427078798432737,0.6486721811057902
0.29172141918528255,0.02803328953131844,0.02715724923346474,0.6530880420499343
0.2891141472014103,0.025561921551344204,0.026884089907448214,0.6584398413397973
0.2909330985915493,0.023327464788732395,0.028169014084507043,0.6575704225352113
0.2968681076312307,0.022496691662990738,0.02646669607410675,0.6541685046316719
0.30241758241758243,0.023296703296703296,0.028131868131868132,0.6461538461538462
0.29846827133479215,0.024945295404814005,0.029321663019693654,0.6472647702407002
0.30065934065934063,0.026373626373626374,0.027692307692307693,0.6452747252747253
0.3084358523725835,0.02592267135325132,0.028119507908611598,0.6375219683655536
0.3141338059370846,0.02702702702702703,0.027470093043863535,0.6313690739920248
0.30715532286212915,0.0274869109947644,0.027050610820244327,0.6383071553228621
0.3075221238938053,0.02831858407079646,0.026106194690265486,0.6380530973451327
0.3037362637362637,0.02857142857142857,0.027252747252747254,0.6404395604395604
0.3048458149779736,0.027753303964757708,0.02555066079295154,0.6418502202643172
0.30993377483443707,0.026931567328918323,0.026490066225165563,0.636644591611479
0.3126934984520124,0.02565236620964175,0.026094648385670056,0.6355594869526758
0.31410825199645076,0.024401064773735583,0.023513753327417924,0.6379769299023957
0.3072210065645514,0.023194748358862146,0.023194748358862146,0.6463894967177243
0.30844012372956253,0.023862129916040652,0.021210782147591693,0.6464869642068052
0.3126094570928196,0.024518388791593695,0.021015761821366025,0.6418563922942206
0.3120879120879121,0.022857142857142857,0.02197802197802198,0.6430769230769231
0.3129131776112825,0.02247686205376818,0.02379903040987219,0.6408109299250772
0.3139586085424923,0.022016732716864818,0.023337736679876705,0.6406869220607662
0.31060272767267927,0.02331720193576771,0.02287725472943247,0.6432028156621206
0.312417145382236,0.024745912505523642,0.022978347326557666,0.6398585947856827
0.3132424109106907,0.024197096348438186,0.025516937967443906,0.6370435547734272
0.3121131741821397,0.022988505747126436,0.026083112290008842,0.638815207780725
0.3170080142475512,0.02315227070347284,0.025823686553873553,0.6340160284951024
0.3101153504880213,0.021739130434782608,0.025288376220053237,0.6428571428571429
0.311613475177305,0.02171985815602837,0.026152482269503546,0.6405141843971631
0.30735358872743285,0.023337736679876705,0.023337736679876705,0.6459709379128138
0.3051890941072999,0.019349164467897976,0.021547933157431837,0.6539138082673702
0.3023255813953488,0.019306713470820535,0.022817025010969723,0.6555506801228609
0.3005729396209784,0.020713970912296167,0.024239753195240195,0.6544733362714852
0.2977602108036891,0.021958717610891524,0.024154589371980676,0.6561264822134387
0.29973591549295775,0.02112676056338028,0.02244718309859155,0.6566901408450704
0.30052956751985876,0.022506619593998235,0.021624007060900265,0.6553398058252428
0.30609540636042404,0.01987632508833922,0.023851590106007067,0.6501766784452296
0.3049049933716306,0.021210782147591693,0.024745912505523642,0.6491383119752541
0.3063583815028902,0.022232103156958647,0.025344597598932858,0.6460649177412183
0.31178033658104515,0.022586359610274578,0.022143489813994686,0.6434898139946855
0.30741892492225675,0.02310084406930253,0.02087960906263883,0.6486006219458018
0.3106625713032032,0.019745502413339184,0.022817025010969723,0.6467749012724879
0.31158455392809586,0.022192632046160676,0.022636484687083888,0.6435863293386596
0.3067781690140845,0.02112676056338028,0.027288732394366196,0.644806338028169
0.3028169014084507,0.020246478873239437,0.02640845070422535,0.6505281690140845
0.3065436978480457,0.01932367149758454,0.025911286780852,0.6482213438735178
0.30786122090469914,0.020202020202020204,0.025911286780852,0.6460254721124287
0.3028824833702882,0.021286031042128603,0.027494456762749447,0.6483370288248337
0.30246913580246915,0.023809523809523808,0.028659611992945325,0.6450617283950617
0.30004418912947417,0.023862129916040652,0.029164825452938577,0.6469288555015467
0.30857142857142855,0.024175824175824177,0.027252747252747254,0.64
0.3050022133687472,0.02478972996901284,0.027003098716246128,0.6432049579459937
0.30765825586542717,0.02656042496679947,0.027003098716246128,0.6387782204515272
0.31043478260869567,0.025652173913043478,0.02826086956521739,0.6356521739130435
0.3092369477911647,0.027219991075412762,0.02989736724676484,0.6336456938866577
0.3088429388473383,0.029036515618125824,0.028596568411790584,0.6335239771227452
0.3042128603104213,0.028824833702882482,0.028824833702882482,0.6381374722838138
0.30627468187801665,0.030276437033786747,0.028521281263712155,0.6349275998244844
0.30721830985915494,0.02992957746478873,0.02948943661971831,0.633362676056338
0.3037752414398595,0.03467954345917471,0.028533801580333626,0.6330114135206322
0.30758988015978694,0.032401242787394584,0.03062583222370173,0.6293830448291168
0.3099209833187006,0.0324846356453029,0.029411764705882353,0.6281826163301142
0.30537061695517087,0.02929427430093209,0.03151353750554816,0.6338215712383488
0.3079295154185022,0.03171806167400881,0.028634361233480177,0.6317180616740088
0.30629432624113473,0.030585106382978722,0.028368794326241134,0.6347517730496454
