C,D,Oc,Od
0.0,0.0,1.0,0.0
0.0,0.5,0.5,0.0
0.0,0.6666666666666666,0.3333333333333333,0.0
0.0,0.4,0.2,0.4
0.0,0.375,0.125,0.5
0.0,0.3333333333333333,0.2222222222222222,0.4444444444444444
0.08333333333333333,0.4166666666666667,0.16666666666666666,0.3333333333333333
0.07142857142857142,0.2857142857142857,0.2857142857142857,0.35714285714285715
0.11764705882352941,0.4117647058823529,0.11764705882352941,0.35294117647058826
0.10526315789473684,0.3684210526315789,0.10526315789473684,0.42105263157894735
0.08333333333333333,0.375,0.08333333333333333,0.4583333333333333
0.041666666666666664,0.2916666666666667,0.08333333333333333,0.5833333333333334
0.03333333333333333,0.23333333333333334,0.13333333333333333,0.6
0.027777777777777776,0.25,0.1388888888888889,0.5833333333333334
0.041666666666666664,0.2708333333333333,0.10416666666666667,0.5833333333333334
0.03333333333333333,0.25,0.11666666666666667,0.6
0.06153846153846154,0.23076923076923078,0.13846153846153847,0.5692307692307692
0.057971014492753624,0.18840579710144928,0.14492753623188406,0.6086956521739131
0.04878048780487805,0.17073170731707318,0.15853658536585366,0.6219512195121951
0.0449438202247191,0.1797752808988764,0.1797752808988764,0.5955056179775281
0.08490566037735849,0.18867924528301888,0.18867924528301888,0.5377358490566038
0.09375,0.171875,0.1875,0.546875
0.09655172413793103,0.1724137931034483,0.18620689655172415,0.5448275862068965
0.10843373493975904,0.19879518072289157,0.1746987951807229,0.5180722891566265
0.10215053763440861,0.22043010752688172,0.17204301075268819,0.5053763440860215
0.1261682242990654,0.2102803738317757,0.16355140186915887,0.5
0.13100436681222707,0.1965065502183406,0.1615720524017467,0.5109170305676856
0.15891472868217055,0.1821705426356589,0.15891472868217055,0.5
0.19377162629757785,0.18685121107266436,0.12802768166089964,0.4913494809688581
0.18960244648318042,0.19571865443425077,0.13761467889908258,0.47706422018348627
0.20810810810810812,0.20810810810810812,0.12162162162162163,0.46216216216216216
0.20952380952380953,0.1976190476190476,0.11666666666666667,0.47619047619047616
0.21382289416846653,0.19438444924406048,0.11663066954643629,0.47516198704103674
0.22264875239923224,0.18618042226487524,0.12092130518234165,0.47024952015355087
0.2276707530647986,0.18388791593695272,0.11558669001751314,0.47285464098073554
0.233387358184765,0.19286871961102106,0.11345218800648298,0.46029173419773095
0.24296296296296296,0.18518518518518517,0.12,0.45185185185185184
0.24731182795698925,0.18548387096774194,0.12634408602150538,0.44086021505376344
0.23739237392373924,0.18081180811808117,0.13407134071340712,0.44772447724477243
0.23515981735159816,0.1780821917808219,0.136986301369863,0.4497716894977169
0.24733475479744135,0.17270788912579957,0.13113006396588486,0.4488272921108742
0.25472636815920396,0.1761194029850746,0.12338308457711443,0.445771144278607
0.25023786869647957,0.16745956232159848,0.1313035204567079,0.4509990485252141
0.24504504504504504,0.17297297297297298,0.13153153153153152,0.45045045045045046
0.24533106960950765,0.16893039049235994,0.13921901528013583,0.4465195246179966
0.2444267515923567,0.17117834394904458,0.14331210191082802,0.4410828025477707
0.248868778280543,0.17420814479638008,0.13499245852187028,0.4419306184012066
0.25703971119133573,0.1776173285198556,0.13501805054151625,0.43032490974729243
0.2652232746955345,0.17253044654939106,0.14073071718538566,0.4215155615696888
0.2599090318388564,0.1728395061728395,0.1397011046133853,0.42755035737491875
0.26990049751243783,0.17288557213930347,0.13992537313432835,0.4172885572139303
0.2682060390763766,0.16459443457667258,0.137951450562463,0.42924807578448787
0.2688110281447444,0.16599655370476737,0.13900057438253877,0.42619184376794944
0.27658402203856747,0.16473829201101928,0.13443526170798897,0.42424242424242425
0.2774227902023429,0.16400425985090522,0.13844515441959532,0.42012779552715657
0.2772536687631027,0.16352201257861634,0.13574423480083858,0.42348008385744235
0.27634297520661155,0.15960743801652894,0.1327479338842975,0.431301652892562
0.2811711256940939,0.1514386673397274,0.1347804139323574,0.4326097930338213
0.2852216748768473,0.15566502463054188,0.13645320197044336,0.42266009852216746
0.28153921091086215,0.15927910375060886,0.13687286897223574,0.42230881636629325
0.2862632084534102,0.15609990393852066,0.13208453410182516,0.425552353506244
0.2852396772662553,0.15282392026578073,0.13383958234456572,0.42809682012339817
0.2796610169491525,0.153954802259887,0.13088512241054615,0.4354990583804143
0.284377923292797,0.14826941066417212,0.12815715622076707,0.4391955098222638
0.28041333959605447,0.15077501174260216,0.1286989196806012,0.4401127289807421
0.28203928905519177,0.14359214218896166,0.13283442469597756,0.441534144059869
0.2788550323176362,0.14450600184672208,0.1352723915050785,0.44136657433056325
0.28145087235996324,0.1414141414141414,0.13452708907254363,0.4426078971533517
0.28486782133090244,0.13810391978122152,0.13673655423883319,0.4402917046490428
0.28139321723189736,0.13703024747937673,0.13565536205316223,0.4459211732355637
0.2810760667903525,0.14332096474953618,0.1349721706864564,0.44063079777365494
0.27818853974122,0.14926062846580407,0.13632162661737524,0.43622920517560076
0.2832183908045977,0.14482758620689656,0.13333333333333333,0.4386206896551724
0.2766155276615528,0.14504881450488144,0.1320316132031613,0.44630404463040446
0.2735717603344171,0.14491407338597306,0.13655364607524384,0.444960520204366
0.27888631090487237,0.14477958236658933,0.13549883990719258,0.4408352668213457
0.2802044609665427,0.14172862453531598,0.13197026022304834,0.44609665427509293
0.2779086198775318,0.1413094677343382,0.13377296278850684,0.4470089495996232
0.275990675990676,0.14032634032634034,0.13752913752913754,0.4461538461538462
0.2753354928273947,0.13604812586765386,0.14113836186950485,0.4474780194354466
0.27414903403863844,0.13155473781048757,0.140754369825207,0.45354185832566696
0.2698993595608417,0.13998170173833485,0.1372369624885636,0.45288197621225984
0.2719378427787934,0.14076782449725778,0.13528336380255943,0.4520109689213894
0.2718491260349586,0.13569457221711131,0.13707451701931922,0.45538178472861085
0.27463503649635035,0.14279197080291972,0.1386861313868613,0.4438868613138686
0.27660550458715594,0.14174311926605504,0.13807339449541284,0.44357798165137613
0.2759090909090909,0.13727272727272727,0.13545454545454547,0.45136363636363636
0.27820922795797165,0.13385107354956602,0.13385107354956602,0.4540886249428963
0.2830188679245283,0.1329958582604694,0.13023469857340084,0.45375057524160145
0.2834862385321101,0.13486238532110092,0.12844036697247707,0.45321100917431195
0.2828282828282828,0.13636363636363635,0.12947658402203857,0.45133149678604223
0.2842248413417951,0.13508612873980055,0.128739800543971,0.4519492293744334
0.28277752398355416,0.13019643672910006,0.13339424394700777,0.45363179534033804
0.28218283582089554,0.1333955223880597,0.13152985074626866,0.4528917910447761
0.28702430077945895,0.1338835396607061,0.13342503438789546,0.44566712517193946
0.2861706983112734,0.13509812870835236,0.13327247832040165,0.4454586946599726
0.29321266968325793,0.132579185520362,0.12805429864253393,0.4461538461538462
0.29918032786885246,0.1325136612021858,0.12932604735883424,0.43897996357012753
0.2959459459459459,0.13288288288288289,0.1292792792792793,0.4418918918918919
0.2926605504587156,0.12706422018348623,0.13119266055045872,0.44908256880733943
0.2929525564256103,0.13265776140027638,0.12851220635651772,0.44587747581759557
0.2910344827586207,0.13379310344827586,0.12735632183908047,0.447816091954023
0.2966728280961183,0.13031423290203328,0.1256931608133087,0.44731977818853974
0.2994039431453462,0.12975699220541037,0.12975699220541037,0.44108207244383313
0.2970882620564149,0.1305732484076433,0.1264786169244768,0.445859872611465
0.30027173913043476,0.129981884057971,0.1286231884057971,0.4411231884057971
0.30128205128205127,0.1336996336996337,0.12912087912087913,0.4358974358974359
0.29954545454545456,0.13727272727272727,0.13045454545454546,0.43272727272727274
0.2862957937584803,0.1320669380370873,0.1352329262777024,0.44640434192673
0.28708352350524874,0.1319032405294386,0.13509812870835236,0.4459151072569603
0.28441617446615175,0.1299409359382099,0.13584734211721944,0.4497955474784189
0.2873510540788268,0.12969752520623282,0.14023831347387716,0.4427131072410632
0.2802021129995407,0.1267799724391364,0.13688562241616903,0.4561322921451539
0.2870201096892139,0.12888482632541134,0.1416819012797075,0.4424131627056673
0.2881433823529412,0.12591911764705882,0.14568014705882354,0.44025735294117646
0.287372330547818,0.127669452181987,0.1457753017641597,0.4391829155060353
0.2882841328413284,0.12361623616236163,0.1416051660516605,0.44649446494464945
0.2872727272727273,0.12636363636363637,0.13772727272727273,0.4486363636363636
0.28440786465477824,0.12574302697759487,0.13580246913580246,0.4540466392318244
0.28169014084507044,0.12903225806451613,0.13448432530667878,0.4547932757837347
0.2824287028518859,0.1297148114075437,0.13247470101195952,0.45538178472861085
0.2907930720145852,0.12215132178669097,0.13536918869644485,0.45168641750227895
0.2857142857142857,0.12277498858968508,0.14103149246919214,0.4504792332268371
0.2886270956048935,0.1169007702763933,0.1368373357498867,0.4576347983688265
0.2895212285456188,0.11653116531165311,0.13595302619692864,0.45799457994579945
0.28953330312641595,0.11599456275487087,0.13185319438151336,0.4626189397371998
0.297804208600183,0.11253430924062215,0.12900274473924978,0.4606587374199451
0.2934981684981685,0.11355311355311355,0.13095238095238096,0.461996336996337
0.29705215419501135,0.11020408163265306,0.13151927437641722,0.46122448979591835
0.2933940774487471,0.11298405466970388,0.13075170842824602,0.46287015945330295
0.29754322111010006,0.11146496815286625,0.12966333030027297,0.46132848043676067
0.29491833030852993,0.10798548094373865,0.13566243194192376,0.4614337568058076
0.2928603910868577,0.1123237835379718,0.13142337426102774,0.4633924511141428
0.2903669724770642,0.11238532110091744,0.13348623853211009,0.46376146788990824
0.2857142857142857,0.11612903225806452,0.13087557603686636,0.46728110599078343
0.2893401015228426,0.11582833410244578,0.1282879556991232,0.46654360867558836
0.29156963204471353,0.11318118304611086,0.1304145319049837,0.4648346530041919
0.2895948434622468,0.11464088397790055,0.12937384898710866,0.466390423572744
0.296875,0.11259191176470588,0.13189338235294118,0.4586397058823529
0.29438822447102114,0.10901563937442502,0.1310947562097516,0.46550137994480223
0.2933088909257562,0.11044912923923006,0.1306141154903758,0.46562786434463793
0.292749658002736,0.1121751025991792,0.13360693114455086,0.46146830825353397
0.29863013698630136,0.11552511415525114,0.1278538812785388,0.4579908675799087
0.29784304726938965,0.11748508490133089,0.13354749885268472,0.45112436897659475
0.30068649885583526,0.1148741418764302,0.13409610983981693,0.45034324942791765
0.3034576888080073,0.1164695177434031,0.13193812556869883,0.4481346678798908
0.31018730013704887,0.11831886706258565,0.12791228871630883,0.44358154408405664
0.30297565374211,0.12082957619477007,0.12623985572587917,0.4499549143372408
0.3003180372557928,0.11767378464334394,0.1308496138119037,0.45115856428895956
0.29945305378304465,0.11577028258887875,0.1267092069279854,0.45806745670009114
0.3044475011462632,0.11600183402109124,0.1265474552957359,0.4530032095369097
0.30128205128205127,0.11401098901098901,0.1295787545787546,0.4551282051282051
0.304168575355016,0.11589555657352267,0.13192853870819973,0.44800732936326154
0.3037974683544304,0.11075949367088607,0.1274864376130199,0.45795660036166363
0.2945174444947893,0.11327594019030358,0.12913457181694607,0.46307204349796105
0.29641544117647056,0.11626838235294118,0.125,0.46231617647058826
0.2902777777777778,0.11805555555555555,0.12407407407407407,0.4675925925925926
0.29503676470588236,0.11810661764705882,0.12270220588235294,0.4641544117647059
0.29571625978811605,0.12068171349608475,0.12114233072316904,0.46245969599263015
0.2950068712780577,0.1168117269812185,0.12047640861200183,0.46770499312872194
0.29400921658986173,0.1175115207373272,0.11566820276497695,0.4728110599078341
0.2896678966789668,0.12130996309963099,0.11992619926199262,0.4690959409594096
0.2922727272727273,0.1190909090909091,0.11727272727272728,0.4713636363636364
0.28519362186788155,0.12118451025056948,0.11571753986332574,0.47790432801822325
0.28610354223433243,0.11716621253405994,0.11762034514078111,0.47910990009082655
0.2826775214834916,0.114880144730891,0.11714156490275893,0.48530076888285845
0.27845254161043637,0.11650922177237967,0.11785874943769681,0.48717948717948717
0.27780279153534443,0.11256190904997748,0.1175146330481765,0.4921206663665016
0.28493894165535955,0.11442786069651742,0.1184984170058797,0.48213478064224335
0.2888283378746594,0.11126248864668484,0.11353315168029064,0.48637602179836514
0.28622862286228623,0.11251125112511251,0.11386138613861387,0.4873987398739874
0.2889699179580675,0.11030082041932543,0.11531449407474932,0.4854147675478578
0.28513145965548503,0.10970081595648232,0.11332728921124206,0.49184043517679055
0.2882433045846573,0.10848842487517023,0.11257376305038584,0.49069450748978666
0.28220300409649524,0.10878470641784252,0.11151570323167956,0.4974965862539827
0.2855191256830601,0.10837887067395265,0.1133879781420765,0.49271402550091076
0.2756294964028777,0.1079136690647482,0.1137589928057554,0.5026978417266187
0.2787550744248985,0.10960757780784844,0.11411817771763645,0.4975191700496166
0.2840343735866124,0.10900045228403438,0.10583446404341927,0.501130710085934
0.2866271109082611,0.11136467366499316,0.10816978548607942,0.49383842994066635
0.28846153846153844,0.10805860805860806,0.10760073260073261,0.4958791208791209
0.2897753324163228,0.11187528656579551,0.10591471801925723,0.4924346629986245
0.2847380410022779,0.110250569476082,0.10660592255125284,0.49840546697038723
0.28056569343065696,0.10903284671532847,0.1062956204379562,0.5041058394160584
0.2769931662870159,0.11161731207289294,0.10387243735763098,0.5075170842824601
0.267612076852699,0.11527904849039342,0.10658737419945105,0.5105215004574566
0.2716499544211486,0.11257976298997266,0.10346399270738377,0.512306289881495
0.2755289788408464,0.11453541858325667,0.09797608095676173,0.5119595216191353
0.2758145938503901,0.1156493804497476,0.09407985314364388,0.5144561725562184
0.2770758122743682,0.11281588447653429,0.0983754512635379,0.5117328519855595
0.2763932940643407,0.11554145899410966,0.10013593112822837,0.5079293158133212
0.276268115942029,0.11458333333333333,0.10280797101449275,0.5063405797101449
0.2731795567616463,0.11352329262777024,0.10085933966530981,0.5124378109452736
0.27544097693351427,0.11080958842152872,0.1044776119402985,0.5092718227046585
0.27024567788899,0.11464968152866242,0.10327570518653321,0.5118289353958144
0.26709499770536943,0.10968334098210188,0.10601193207893529,0.5172097292335934
0.2613480055020633,0.11462631820265932,0.10683172856487849,0.517193947730399
0.26277702397105385,0.10945273631840796,0.10719131614654002,0.5205789235639982
0.26179463459759483,0.10453283996299723,0.10407030527289547,0.5296022201665125
0.269458352298589,0.11015020482476104,0.09922621756941284,0.5211652253072372
0.2719338539274231,0.11208084519981626,0.09738171796049609,0.5186035829122646
0.2787550744248985,0.10960757780784844,0.09652683806946324,0.5151105096977898
0.2774750227066303,0.11126248864668484,0.09627611262488647,0.5149863760217984
0.28232662192393737,0.11051454138702461,0.09574944071588366,0.5114093959731544
0.2783882783882784,0.11217948717948718,0.09844322344322344,0.510989010989011
0.28564940962761126,0.10853769300635786,0.0958219800181653,0.5099909173478656
0.27795382526029877,0.10593028519692169,0.09642372114078769,0.5196921684019918
0.2812360053739364,0.1025526197939991,0.09717868338557993,0.5190326914464846
0.28080357142857143,0.10357142857142858,0.09464285714285714,0.5209821428571428
0.2777023971053822,0.10085933966530981,0.09000452284034374,0.5314337403889643
0.2774988589685075,0.09812870835235052,0.08900045641259699,0.535371976266545
0.28337874659400547,0.09763851044504995,0.09173478655767484,0.5272479564032697
0.28888888888888886,0.09070294784580499,0.09569160997732426,0.5247165532879818
0.2868705035971223,0.09217625899280575,0.09397482014388489,0.5269784172661871
0.287567084078712,0.08765652951699464,0.09212880143112702,0.5326475849731663
0.2803947958725886,0.09062359802602064,0.09510991475998205,0.5338716913414087
0.2823635543527289,0.09156517816869644,0.09246729815065403,0.5336039693279206
0.27797998180163785,0.08780709736123748,0.09463148316651501,0.5395814376706096
0.27173418297678653,0.08784706417842512,0.09604005461993628,0.5443786982248521
0.2708999543170397,0.08314298766560073,0.09958885335769758,0.546368204659662
0.27392290249433104,0.08435374149659863,0.09659863945578231,0.545124716553288
0.27405380756953945,0.08846329229366165,0.09347925216598267,0.5440036479708162
0.2660633484162896,0.083710407239819,0.09909502262443438,0.551131221719457
0.27185354691075514,0.082837528604119,0.10205949656750572,0.5432494279176201
0.265426497277677,0.08620689655172414,0.09482758620689655,0.5535390199637024
0.2632054176072235,0.08442437923250565,0.09932279909706546,0.5530474040632054
0.263963963963964,0.08288288288288288,0.0972972972972973,0.5558558558558558
0.26268115942028986,0.08333333333333333,0.10054347826086957,0.5534420289855072
0.2583258325832583,0.0819081908190819,0.10261026102610261,0.5571557155715572
0.26186131386861317,0.08302919708029197,0.10401459854014598,0.551094890510949
0.26282051282051283,0.08058608058608059,0.10256410256410256,0.5540293040293041
0.2545454545454545,0.08136363636363636,0.10272727272727272,0.5613636363636364
0.25493716337522443,0.07719928186714542,0.1059245960502693,0.5619389587073609
0.2548227904890085,0.07985643786451324,0.10722296994167788,0.5580978017048004
0.2561307901907357,0.07220708446866485,0.10762942779291552,0.5640326975476839
0.24977538185085355,0.07097933513027853,0.10422282120395328,0.5750224618149147
0.2509124087591241,0.07253649635036497,0.10082116788321167,0.5757299270072993
0.25101032779524024,0.07498877413560844,0.10103277952402336,0.572968118545128
0.24900310146211785,0.07576428887904298,0.10057598582188747,0.5746566238369517
0.2549194991055456,0.07602862254025045,0.09749552772808587,0.5715563506261181
0.25424486148346737,0.07462019660411082,0.09562109025915996,0.5755138516532619
0.25375170532060026,0.0745793542519327,0.09822646657571624,0.5734424738517508
0.255079006772009,0.07404063205417608,0.09164785553047404,0.5792325056433408
0.2572837292693859,0.07082025997310623,0.09367996414164052,0.5782160466158673
0.2624209575429088,0.06684733514001806,0.08943089430894309,0.5813008130081301
0.2601994560290118,0.06799637352674524,0.0843155031731641,0.5874886672710788
0.26155226558995065,0.06684611933602512,0.08389412292507852,0.5877074921489457
0.26835902085222124,0.06527651858567543,0.07751586582048957,0.5888485947416138
0.2616568583069262,0.06292440018107741,0.07967406066093255,0.5957446808510638
0.25914221218961625,0.06320541760722348,0.08171557562076749,0.5959367945823928
0.2615803814713896,0.061762034514078114,0.08401453224341508,0.5926430517711172
0.26036036036036037,0.06261261261261261,0.08243243243243244,0.5945945945945946
0.26049661399548535,0.062302483069977425,0.08577878103837472,0.5914221218961625
0.25885558583106266,0.06267029972752043,0.08492279745685741,0.5935513169845595
0.2555006735518635,0.0655590480466996,0.08262236192186799,0.5963179164795689
0.2510176390773406,0.06648575305291723,0.08593396653098145,0.5965626413387607
0.2483130904183536,0.06477732793522267,0.08547008547008547,0.6014394961763383
0.2493212669683258,0.0669683257918552,0.08868778280542987,0.5950226244343891
0.2484076433121019,0.06733393994540492,0.09372156505914468,0.5905368516833485
0.24145785876993167,0.0674259681093394,0.09476082004555808,0.5963553530751708
0.2460425146992311,0.06603346901854365,0.0913613749434645,0.5965626413387607
0.25338753387533874,0.06865401987353206,0.09033423667570009,0.587624209575429
0.2505726065048099,0.07237746220797069,0.09207512597343105,0.5849748053137883
0.2464628023733455,0.07028753993610223,0.09310816978548608,0.5901414879050662
0.2482758620689655,0.06850574712643678,0.09471264367816092,0.5885057471264368
0.2445945945945946,0.06756756756756757,0.09324324324324325,0.5945945945945946
0.24658780709736125,0.06596906278434941,0.09599636032757052,0.5914467697907189
0.24966200991437584,0.0644434429923389,0.09914375844975214,0.5867507886435331
0.24605678233438485,0.0626408292023434,0.09779179810725552,0.5935105903560163
0.24707996406109614,0.06558849955076371,0.09793351302785265,0.5893980233602875
0.2463963963963964,0.07072072072072072,0.09774774774774775,0.5851351351351352
0.24784384929641398,0.06945074897866546,0.09986382206082614,0.5828415796640944
0.24977658623771223,0.06657730116175156,0.09919571045576407,0.5844504021447721
0.24765310683951722,0.06750111756817166,0.10013410818059902,0.5847116674117121
0.23936651583710408,0.0660633484162896,0.10271493212669683,0.5918552036199095
0.23914037494284407,0.06858710562414266,0.09922267946959305,0.5930498399634202
0.242914979757085,0.06882591093117409,0.09896536212325686,0.589293747188484
0.24696356275303644,0.07152496626180836,0.09941520467836257,0.5820962663067927
0.24582015363759602,0.07772254857659286,0.09896068685042927,0.5774966109353818
0.2506811989100817,0.07538601271571299,0.0971843778383288,0.5767484105358764
0.24761904761904763,0.07709750566893424,0.09523809523809523,0.5800453514739229
0.25203989120580234,0.07887579329102448,0.09746146872166818,0.571622846781505
0.24728260869565216,0.0806159420289855,0.10099637681159421,0.5711050724637681
0.2449255751014885,0.07893549842129004,0.09878213802435724,0.5773567884528642
0.24438331040806968,0.07932141219624025,0.09399358092618065,0.5823016964695094
0.2432924056389268,0.08049113233287858,0.0964074579354252,0.5798090040927695
0.24680073126142596,0.0872943327239488,0.08957952468007313,0.5763254113345521
0.2440147329650092,0.0925414364640884,0.08333333333333333,0.580110497237569
0.2456461961503208,0.09440879926672777,0.08753437213565536,0.5724106324472961
0.24417009602194786,0.09556470050297211,0.08916323731138547,0.5711019661636946
0.24250681198910082,0.09037238873751136,0.08537693006357856,0.5817438692098093
0.24007302601551803,0.0885440438156093,0.08580556823368325,0.5855773619351894
0.24183303085299457,0.08892921960072596,0.08575317604355717,0.5834845735027223
0.23779385171790235,0.08770343580470162,0.08453887884267632,0.5899638336347197
0.2346014492753623,0.08967391304347826,0.08967391304347826,0.5860507246376812
0.22731397459165154,0.09301270417422867,0.0911978221415608,0.588475499092559
0.2254857659286037,0.09444193402620876,0.09127880704925441,0.5887934929959331
0.22672064777327935,0.10211426000899686,0.08502024291497975,0.586144849302744
0.22476016445865693,0.09730470534490634,0.08405664687071722,0.5938784833257195
0.22277904328018222,0.09703872437357632,0.0856492027334852,0.5945330296127562
0.2197106690777577,0.0981012658227848,0.08318264014466546,0.599005424954792
0.22797456857402362,0.09536784741144415,0.08083560399636694,0.5958219800181653
0.22747747747747749,0.0945945945945946,0.07972972972972973,0.5981981981981982
0.22875226039783003,0.09358047016274865,0.07820976491862568,0.5994575045207957
0.2301801801801802,0.09594594594594595,0.07882882882882883,0.5950450450450451
0.22343821249430004,0.08846329229366165,0.08344733242134063,0.6046511627906976
0.2250453720508167,0.0866606170598911,0.08756805807622504,0.6007259528130672
0.22403628117913832,0.08435374149659863,0.08480725623582766,0.6068027210884354
0.22788203753351208,0.08489722966934764,0.08489722966934764,0.6023235031277927
0.22801450589301903,0.0815956482320943,0.08567543064369901,0.6047144152311876
0.22480967308553515,0.08374384236453201,0.0864308105687416,0.6050156739811913
0.22197508896797152,0.08540925266903915,0.08674377224199288,0.6058718861209964
0.2193808882907133,0.08838043965903992,0.08568864961866307,0.6065500224315836
0.21942446043165467,0.08902877697841727,0.08048561151079137,0.6110611510791367
0.2169811320754717,0.08715184186882301,0.08041329739442947,0.6154537286612758
0.2147982062780269,0.08430493273542601,0.08071748878923767,0.6201793721973095
0.2133454380390377,0.082614616432138,0.082614616432138,0.6214253290966864
0.21131221719457013,0.08280542986425339,0.08416289592760182,0.6217194570135747
0.20765765765765765,0.08378378378378379,0.08288288288288288,0.6256756756756757
0.20824003582624273,0.08508732646663682,0.08508732646663682,0.6215853112404837
0.20569620253164558,0.08182640144665461,0.0867992766726944,0.6256781193490054
0.20391442876649976,0.08192990441511151,0.08830223031406463,0.6258534365043241
0.20487364620938628,0.08348375451263539,0.09025270758122744,0.6213898916967509
0.20572207084468666,0.08219800181653043,0.09445958219800181,0.6176203451407811
0.2109761583445794,0.08187134502923976,0.09176788124156546,0.6153846153846154
0.2123974475843209,0.08340929808568824,0.09115770282588878,0.613035551504102
0.21713238662391204,0.08382959230416857,0.09024278515803939,0.60879523591388
0.217351598173516,0.0821917808219178,0.08995433789954338,0.6105022831050229
0.21216216216216216,0.08378378378378379,0.09054054054054055,0.6135135135135135
0.21214868540344514,0.08612873980054397,0.08930190389845875,0.6124206708975521
0.2149321266968326,0.08506787330316742,0.09004524886877828,0.6099547511312218
0.21358355674709562,0.08802502234137623,0.09472743521000894,0.6036639857015192
0.21525270758122744,0.08754512635379061,0.08935018050541517,0.6078519855595668
0.21509263443289653,0.08314505196565748,0.0903750564844103,0.6113872571170357
0.21886281588447654,0.0825812274368231,0.08664259927797834,0.6119133574007221
0.2158273381294964,0.08093525179856115,0.08902877697841727,0.6142086330935251
0.2071622846781505,0.07932910244786945,0.09066183136899365,0.6228467815049864
0.21402714932126696,0.07782805429864253,0.08959276018099548,0.618552036199095
0.2132787630741246,0.07503410641200546,0.08867667121418826,0.6230104592996817
0.21166892808683854,0.07462686567164178,0.08729081863410222,0.6264133876074175
0.2109761583445794,0.07332433648223122,0.09041835357624832,0.6252811515969411
0.2098092643051771,0.07311534968210717,0.09037238873751136,0.6267029972752044
0.21306306306306305,0.07162162162162163,0.09054054054054055,0.6247747747747747
0.20807174887892377,0.0726457399103139,0.09417040358744394,0.6251121076233184
0.20820329915292018,0.07133303611234953,0.09719126170307624,0.623272403031654
0.20547330641543293,0.07178106774338268,0.09645580978017047,0.6262898160610139
0.2048247610377788,0.0700955848884843,0.09148839326354119,0.6335912608101957
0.20045977011494254,0.072183908045977,0.09057471264367815,0.6367816091954023
0.19945970283656012,0.0724898694281855,0.08824853669518234,0.639801891040072
0.20712996389891697,0.07265342960288809,0.0861913357400722,0.6340252707581228
0.19819004524886877,0.07239819004524888,0.08823529411764706,0.6411764705882353
0.20127214902317128,0.07042253521126761,0.08950477055883689,0.6388005452067242
0.2014453477868112,0.06955736224028906,0.0921409214092141,0.6368563685636857
0.20477047704770476,0.06930693069306931,0.09090909090909091,0.635013501350135
0.20544886109870478,0.06922733363108531,0.08887896382313533,0.6364448414470746
0.2032520325203252,0.06865401987353206,0.08491418247515808,0.6431797651309846
0.20504731861198738,0.06714736367733214,0.08517350157728706,0.6426318161333934
0.2066003616636528,0.0650994575045208,0.08725135623869801,0.6410488245931284
0.20934411500449238,0.06873315363881402,0.08265947888589398,0.6392632524707996
0.2041553748870822,0.07226738934056007,0.08401084010840108,0.6395663956639567
0.20090702947845804,0.07709750566893424,0.08662131519274377,0.6353741496598639
0.20126926563916592,0.07660924750679964,0.09020852221214869,0.6319129646418857
0.20349619004930525,0.07844016136261767,0.08740475123263111,0.630658897355446
0.2018140589569161,0.08117913832199547,0.08979591836734693,0.6272108843537415
0.20806890299184044,0.07842248413417952,0.08975521305530372,0.6237533998186764
0.21079103795153178,0.0772748056698674,0.09373571101966163,0.6181984453589392
0.20873563218390806,0.07908045977011494,0.09655172413793103,0.615632183908046
0.20961887477313976,0.0794010889292196,0.09573502722323049,0.6152450090744102
0.20880617339990923,0.0817067635043123,0.09487063095778484,0.6146164321379937
0.21024014499320345,0.08291798821930221,0.09379247847757137,0.613049388309923
0.2124492557510149,0.08164185836716284,0.09607577807848444,0.6098331078033379
0.20935513169845596,0.07992733878292461,0.09400544959128065,0.6167120799273388
0.2099820143884892,0.07688848920863309,0.09082733812949641,0.6223021582733813
0.21281362007168458,0.07840501792114696,0.0913978494623656,0.6173835125448028
0.2044642857142857,0.08258928571428571,0.09330357142857143,0.6196428571428572
0.20225225225225224,0.08378378378378379,0.09549549549549549,0.6184684684684685
0.2056199821587868,0.08296164139161463,0.09545049063336307,0.6159678858162355
0.20443238353686116,0.0845771144278607,0.09678878335594754,0.6142017186793306
0.20264116575591987,0.08561020036429873,0.09836065573770492,0.6133879781420765
0.20108695652173914,0.08695652173913043,0.09465579710144928,0.6173007246376812
0.2019013128112268,0.08963331824354911,0.09053870529651425,0.6179266636487099
0.203281677301732,0.0870556061987238,0.08751139471285324,0.622151321786691
0.20009013068949977,0.08697611536728256,0.08517350157728706,0.6277602523659306
0.20081411126187246,0.08548168249660787,0.08322026232473993,0.6304839439167798
0.20270880361173815,0.08623024830699774,0.08758465011286681,0.6234762979683973
0.2014453477868112,0.08310749774164408,0.08897922312556458,0.6264679313459801
0.2019704433497537,0.08016121809225257,0.0877742946708464,0.6300940438871473
0.19817767653758542,0.08382687927107062,0.08610478359908884,0.6318906605922551
0.2,0.08526077097505669,0.07981859410430839,0.6349206349206349
0.20368705035971224,0.08048561151079137,0.07688848920863309,0.6389388489208633
0.208390332877337,0.07934336525307797,0.08116735066119471,0.6310989512083903
0.2076749435665914,0.08081264108352144,0.0762979683972912,0.635214446952596
0.21128021486123547,0.0747538048343778,0.0756490599820949,0.6383169203222918
0.2115732368896926,0.07549728752260398,0.07504520795660036,0.6378842676311031
0.20562868815251928,0.076713572401271,0.07172038129822969,0.64593735814798
0.20478123590437528,0.07577807848443843,0.07397383852052324,0.645466847090663
0.21024258760107817,0.07726864330637916,0.07502246181491465,0.637466307277628
0.20882088208820881,0.07650765076507651,0.0738073807380738,0.6408640864086409
0.21146157263438473,0.07685473123056419,0.073745002221235,0.6379386939138161
0.2108352144469526,0.07900677200902935,0.0762979683972912,0.6338600451467269
0.20797848498431196,0.08202599731062304,0.07530255490811295,0.6346929627969521
0.21220278151637506,0.08209959623149395,0.07537012113055182,0.6303275011215792
0.2145124716553288,0.08435374149659863,0.07346938775510205,0.6276643990929706
0.21392808375056896,0.08602639963586708,0.07510241238051889,0.6249431042330451
0.21112115732368897,0.08589511754068715,0.08318264014466546,0.6198010849909584
0.2203160270880361,0.08171557562076749,0.08442437923250565,0.6135440180586907
0.2170993733213966,0.08057296329453895,0.085496866606983,0.6168307967770814
0.2181736392262708,0.08052181736392262,0.0832208726945569,0.6180836707152496
0.21941309255079006,0.07765237020316026,0.0835214446952596,0.61941309255079
0.2159090909090909,0.08,0.085,0.6190909090909091
0.21637426900584794,0.07917228969860549,0.08502024291497975,0.6194331983805668
0.21578243423985732,0.08203299152920196,0.08604547481052162,0.6161390994204191
0.21801159161836825,0.08158716005349978,0.08649130628622381,0.6139099420419082
0.21660649819494585,0.0825812274368231,0.08889891696750903,0.6119133574007221
0.2124658780709736,0.07961783439490445,0.08553230209281165,0.6223839854413102
0.21576576576576575,0.07882882882882883,0.08603603603603603,0.6193693693693694
0.21028880866425992,0.07626353790613719,0.08393501805054152,0.6295126353790613
0.20896860986547086,0.07623318385650224,0.09058295964125561,0.6242152466367713
0.21272727272727274,0.07454545454545454,0.085,0.6277272727272727
0.21425329096686338,0.07262823422605538,0.082614616432138,0.6305038583749433
0.21760722347629796,0.0762979683972912,0.08081264108352144,0.6252821670428894
0.21988356471115092,0.07568293775190327,0.07971339005821765,0.6247201074787282
0.2210762331838565,0.07040358744394619,0.07802690582959641,0.6304932735426009
0.2236607142857143,0.07455357142857143,0.07767857142857143,0.6241071428571429
0.2174109156517817,0.07577807848443843,0.07803337843933243,0.6287776274244474
0.21818996415770608,0.0721326164874552,0.07974910394265233,0.6299283154121864
0.21917191719171916,0.0711071107110711,0.07920792079207921,0.6305130513051305
0.22024074899687918,0.07044137316094516,0.08337048595630851,0.6259473918858671
0.22162162162162163,0.07207207207207207,0.08648648648648649,0.6198198198198198
0.2203160270880361,0.072686230248307,0.0889390519187359,0.618058690744921
0.23135669362084457,0.07097933513027853,0.08715184186882301,0.610512129380054
0.22799097065462753,0.06997742663656885,0.08848758465011286,0.6135440180586907
0.23518687329079307,0.07019143117593436,0.08842297174111212,0.6061987237921604
0.23056057866184448,0.06962025316455696,0.08996383363471971,0.6098553345388789
0.22849462365591397,0.06944444444444445,0.08915770609318996,0.6129032258064516
0.22437923250564334,0.07042889390519187,0.09164785553047404,0.6135440180586907
0.22413014008133755,0.06778129236330772,0.0903750564844103,0.6177135110709444
0.2211101000909918,0.06915377616014559,0.09008189262966333,0.6196542311191993
0.21975532396918895,0.06841866787494336,0.0915269596737653,0.6202990484821024
0.21224677716390425,0.07136279926335175,0.0916206261510129,0.6247697974217311
0.21354401805869075,0.07178329571106094,0.08758465011286681,0.6270880361173815
0.2131818181818182,0.07181818181818182,0.08818181818181818,0.6268181818181818
0.21079103795153178,0.07590306355738455,0.08962048468221308,0.6236854138088705
0.2153987167736022,0.07195233730522456,0.0838680109990834,0.6287809349220899
0.2115471357690573,0.07126747857465043,0.08479927830401443,0.6323861073522778
0.2157581310123683,0.07237746220797069,0.08703618873110398,0.624828218048557
0.21327231121281465,0.07505720823798627,0.08558352402745996,0.6260869565217392
0.2126019945602901,0.07388939256572982,0.08612873980054397,0.6273798730734361
0.2122854561878952,0.07091237579042457,0.08536585365853659,0.6314363143631436
0.21107580571947346,0.07399001361779392,0.08488424875170222,0.6300499319110304
0.20109439124487005,0.07113543091655267,0.0816233470132239,0.6461468308253534
0.2062415196743555,0.07055630936227951,0.0777928539122569,0.645409317051108
0.20426690876078074,0.07308216068996823,0.08216068996822515,0.6404902405810259
0.20663379650380995,0.07306140744060959,0.08202599731062304,0.6382787987449574
0.20697362539114886,0.07197139025480555,0.08001788109074653,0.6410371032632991
0.20233288470165994,0.07581875280394795,0.08030506953790938,0.6415432929564827
0.19981834695731154,0.07493188010899182,0.07584014532243415,0.6494096276112625
0.20351985559566788,0.07716606498194946,0.07716606498194946,0.6421480144404332
0.2056325435851587,0.07152436298614215,0.07644166294143943,0.6464014304872597
0.20629213483146067,0.07191011235955057,0.07685393258426966,0.6449438202247191
0.20349619004930525,0.0712684894666069,0.07799193186911699,0.6472433886149709
0.20675855935971543,0.06714095153401511,0.07825700311249444,0.6478434859937751
0.2091237579042457,0.06684733514001806,0.07768744354110207,0.6463414634146342
0.2112420670897552,0.06799637352674524,0.07660924750679964,0.6441523118766999
0.21225777377196936,0.07300585849481749,0.0743578188373141,0.6403785488958991
0.20504731861198738,0.07210455159981974,0.07796304641730509,0.6448850833708878
0.20577617328519857,0.0740072202166065,0.07942238267148015,0.6407942238267148
0.20575022461814915,0.07592093441150045,0.07771787960467205,0.6406109613656783
0.20220082530949107,0.08207244383310408,0.0811554332874828,0.634571297569922
0.203778677462888,0.08367071524966262,0.08367071524966262,0.6288798920377868
0.20772727272727273,0.07909090909090909,0.08227272727272728,0.6309090909090909
0.20683371298405467,0.07927107061503418,0.08200455580865604,0.6318906605922551
0.1983546617915905,0.08135283363802559,0.08180987202925045,0.6384826325411335
0.2026471930625285,0.0807850296668188,0.07941579187585578,0.6371519853947969
0.2009936766034327,0.08084914182475159,0.08130081300813008,0.6368563685636857
0.20440251572327045,0.08176100628930817,0.08265947888589398,0.6311769991015274
0.2002694207453974,0.08082622361921868,0.081275258194881,0.6376290974405029
0.19972826086956522,0.07472826086956522,0.0769927536231884,0.6485507246376812
0.20216606498194944,0.07581227436823104,0.07716606498194946,0.64485559566787
0.19873817034700317,0.07300585849481749,0.07931500675980171,0.6489409643983777
0.1990072202166065,0.07445848375451264,0.0776173285198556,0.6489169675090253
0.205208801077683,0.07903008531656938,0.07453973955994611,0.6412213740458015
0.20792520035618878,0.07569011576135352,0.07479964381121995,0.6415850400712377
0.20502467474203678,0.07267833109017496,0.07312696276357111,0.6491700314042171
0.20534904805077062,0.07479601087941977,0.07388939256572982,0.6459655485040798
0.20200181983621474,0.07597816196542312,0.0718835304822566,0.6501364877161055
0.20601436265709155,0.07809694793536805,0.07136445242369839,0.644524236983842
0.2068811438784629,0.08623771224307418,0.07015192135835567,0.6367292225201072
0.2041274113952445,0.08568864961866307,0.0708838043965904,0.639300134589502
0.20397111913357402,0.09250902527075812,0.06994584837545126,0.6335740072202166
0.20464904284412033,0.09298085688240657,0.06882406563354604,0.6335460346399271
0.20367877972184836,0.09421265141318977,0.06908927770300584,0.633019291161956
0.2027690933452434,0.09870477891916034,0.06833407771326486,0.6301920500223314
0.20323741007194246,0.10026978417266187,0.06879496402877698,0.6276978417266187
0.2007233273056058,0.09900542495479205,0.07142857142857142,0.6288426763110307
0.19617660446062812,0.09558488848429676,0.07100591715976332,0.6372325898953118
0.19151846785225718,0.09849521203830369,0.06976744186046512,0.640218878248974
0.1862657091561939,0.09964093357271095,0.07001795332136446,0.6440754039497307
0.1955535390199637,0.09618874773139746,0.07078039927404718,0.6374773139745916
0.19448213478064225,0.09588421528720036,0.07146087743102668,0.6381727725011307
0.2003577817531306,0.0943649373881932,0.07692307692307693,0.6283542039355993
0.2,0.09327354260089686,0.07443946188340807,0.6322869955156951
0.20187583742742296,0.09468512728896829,0.07458686913800804,0.6288521661456007
0.19446922390722568,0.09500446030330062,0.0767172167707404,0.6338090990187333
0.2009090909090909,0.09409090909090909,0.075,0.63
0.19964028776978418,0.09262589928057553,0.0737410071942446,0.6339928057553957
0.1997270245677889,0.09099181073703366,0.07643312101910828,0.6328480436760692
0.1979881115683585,0.08870598994055784,0.07041609510745313,0.6428898033836306
0.19518837948252382,0.0876078075351793,0.06763504312301408,0.6495687698592828
0.19718309859154928,0.08677873693775556,0.06860517946388005,0.6474329850068151
0.2026173285198556,0.08303249097472924,0.06543321299638989,0.6489169675090253
0.2058692752334371,0.08359270787016451,0.06714095153401511,0.6433970653623833
0.20484087852980726,0.08471537427162708,0.06768265351860152,0.6427610936799641
0.20385304659498207,0.07885304659498207,0.06406810035842293,0.6532258064516129
0.206399278954484,0.07886435331230283,0.06534474988733664,0.6493916178458765
0.20666366501575867,0.08329581269698334,0.060783430886987844,0.6492570914002701
0.21125502456453774,0.08441268423403304,0.06342117016525234,0.6409111210361769
0.20674157303370785,0.08314606741573034,0.0651685393258427,0.6449438202247191
0.20917678812415655,0.08547008547008547,0.06612685560053981,0.6392262708052182
