C,D,Oc,Od
0.0,0.0,1.0,0.0
0.25,0.0,0.75,0.0
0.25,0.25,0.5,0.0
0.1875,0.3125,0.5,0.0
0.2,0.36666666666666664,0.43333333333333335,0.0
0.20833333333333334,0.375,0.4166666666666667,0.0
0.2236842105263158,0.3684210526315789,0.40789473684210525,0.0
0.25225225225225223,0.38738738738738737,0.36036036036036034,0.0
0.2802547770700637,0.4012738853503185,0.3184713375796178,0.0
0.29439252336448596,0.4252336448598131,0.2803738317757009,0.0
0.3,0.4142857142857143,0.2857142857142857,0.0
0.3201058201058201,0.41005291005291006,0.2671957671957672,0.0026455026455026454
0.3162217659137577,0.42505133470225875,0.2546201232032854,0.004106776180698152
0.32450331125827814,0.423841059602649,0.24668874172185432,0.004966887417218543
0.32476319350473615,0.41136671177266576,0.2543978349120433,0.009472259810554804
0.33912037037037035,0.4097222222222222,0.23958333333333334,0.011574074074074073
0.334322453016815,0.4124629080118694,0.2344213649851632,0.018793273986152326
0.3333333333333333,0.4158249158249158,0.23063973063973064,0.020202020202020204
0.32705350414468726,0.41974378296910325,0.22833458929917105,0.024868123587038434
0.3233492171545269,0.41933287950987064,0.23008849557522124,0.02722940776038121
0.31405472636815923,0.42786069651741293,0.22512437810945274,0.03296019900497513
0.31841952353282976,0.4177803602556653,0.22486926205694363,0.0389308541545613
0.33277591973244147,0.40858416945373466,0.21683389074693424,0.04180602006688963
0.33120340788072417,0.4057507987220447,0.22097976570820022,0.04206602768903089
0.32942973523421587,0.40529531568228105,0.2230142566191446,0.04226069246435845
0.32205029013539654,0.40667311411992263,0.22388781431334623,0.047388781431334626
0.3277671755725191,0.4026717557251908,0.21898854961832062,0.05057251908396947
0.33223684210526316,0.39614661654135336,0.22086466165413535,0.05075187969924812
0.3320981936081519,0.40250115794349234,0.2172301991662807,0.048170449282075034
0.3269142595139844,0.40027510316368636,0.22054103622191656,0.052269601100412656
0.32943294329432943,0.39603960396039606,0.22007200720072007,0.054455445544554455
0.3279785809906292,0.39357429718875503,0.21999107541276217,0.05845604640785364
0.3342234089897641,0.38495772140631956,0.22073876279483756,0.06008010680907877
0.32360742705570295,0.39080459770114945,0.22104332449160036,0.0645446507515473
0.33023461708720675,0.3806994245241257,0.22177954847277556,0.06728640991589199
0.3260008798944127,0.38671359436867575,0.2168939727232732,0.07039155301363836
0.33112874779541446,0.3765432098765432,0.2156084656084656,0.07671957671957672
0.3251996450754215,0.37533274179236914,0.2191659272404614,0.080301685891748
0.33039258932509924,0.3758270842523158,0.2121746801940891,0.08160564622849581
0.33407177669472754,0.36641559592379264,0.21311475409836064,0.08639787328311918
0.33288770053475936,0.3627450980392157,0.2161319073083779,0.08823529411764706
0.3247787610619469,0.3654867256637168,0.2168141592920354,0.09292035398230089
0.32333480370533746,0.3590648434053816,0.22055580061755625,0.09704455227172475
0.3235945108455069,0.350597609561753,0.22310756972111553,0.10270030987162461
0.3220413550373955,0.3501979762428509,0.2190937087549494,0.10866695996480423
0.31760594145915244,0.35124508519003933,0.21756225425950196,0.11358671909130624
0.3154867256637168,0.3530973451327434,0.21194690265486726,0.11946902654867257
0.31541850220264317,0.34449339207048457,0.21674008810572687,0.12334801762114538
0.32158590308370044,0.3387665198237885,0.2171806167400881,0.12246696035242291
0.3147902869757174,0.34392935982339956,0.21810154525386313,0.12317880794701987
0.3168141592920354,0.34424778761061947,0.21327433628318584,0.1256637168141593
0.3140350877192982,0.3385964912280702,0.22017543859649122,0.12719298245614036
0.3104203152364273,0.3393169877408056,0.22329246935201402,0.12697022767075306
0.31219726992514313,0.3386173491853809,0.2188463232056363,0.13033905768383972
0.31266490765171506,0.3368513632365875,0.22295514511873352,0.12752858399296393
0.3174120712114633,0.3347807207989579,0.21710811984368214,0.13069908814589665
0.3106159895150721,0.3377020532983836,0.21188291830493666,0.1397990388816077
0.30816237450894807,0.3400261894369271,0.20820602357049323,0.1436054124836316
0.310586176727909,0.3394575678040245,0.210411198600175,0.1395450568678915
0.3071210135430319,0.33901266928789864,0.20838794233289645,0.145478374836173
0.3049583150504607,0.3369899078543221,0.20930232558139536,0.14874945151382185
0.3040035195776507,0.33040035195776507,0.21029476462824462,0.15530136383633963
0.30352422907488985,0.33480176211453744,0.20748898678414096,0.15418502202643172
0.304137323943662,0.32922535211267606,0.2055457746478873,0.16109154929577466
0.2969509500662837,0.3305346884666372,0.21122403888643393,0.16129032258064516
0.29640980735551664,0.3266199649737303,0.20884413309982486,0.1681260945709282
0.2974156811213316,0.31975470871660094,0.211125711782742,0.17170389837932545
0.29903677758318736,0.3178633975481611,0.2075306479859895,0.175569176882662
0.29416884247171454,0.31201044386422977,0.21148825065274152,0.1823324630113142
0.29332169358358795,0.3147097337407246,0.21169794849410736,0.1802706241815801
0.29516760992599045,0.3090988245537658,0.2111449717022203,0.1845885938180235
0.2938325991189427,0.3022026431718062,0.21674008810572687,0.18722466960352424
0.2936021034180543,0.30105170902716916,0.21779141104294478,0.18755477651183172
0.29256489221293447,0.3062032556093269,0.20941487021557414,0.19181698196216454
0.2990152193375112,0.30125335720680396,0.20904207699194272,0.19068934646374217
0.29846153846153844,0.30417582417582417,0.2057142857142857,0.19164835164835164
0.2920662598081953,0.3051438535309503,0.2083696599825632,0.1944202266782912
0.2926829268292683,0.29965156794425085,0.2068815331010453,0.20078397212543553
0.2934262080975185,0.2969090117544623,0.2063561166739225,0.20330866347409665
0.29506765604539503,0.29768659973810563,0.20384111741597555,0.2034046268005238
0.2977797126686983,0.29516760992599045,0.20287331301697867,0.20417936438833262
0.30083078268473984,0.29558373414954087,0.1915172715347617,0.2120682116309576
0.29995627459554003,0.2933974639265413,0.1945780498469611,0.2120682116309576
0.2961672473867596,0.29878048780487804,0.19337979094076654,0.21167247386759583
0.295364238410596,0.2944812362030905,0.19911699779249448,0.211037527593819
0.2912621359223301,0.28949691085613416,0.19814651368049427,0.2210944395410415
0.29411764705882354,0.2797385620915033,0.19477124183006536,0.23137254901960785
0.2934734997809899,0.28164695575996496,0.19097678493210687,0.23390275952693823
0.2955236853541938,0.27553237722729246,0.1899174272055628,0.2390265102129509
0.2923951048951049,0.27403846153846156,0.19143356643356643,0.24213286713286714
0.2898866608544028,0.2763731473408893,0.1913687881429817,0.24237140366172624
0.2916303400174368,0.27550130775937226,0.1857018308631212,0.24716652136006975
0.29463500439753737,0.27616534740545295,0.18293755496921724,0.24626209322779244
0.29925077126487437,0.27016306743058616,0.17849272807404143,0.25209343323049804
0.29671772428884025,0.2687089715536105,0.17768052516411378,0.25689277899343543
0.29135909683022143,0.267042987407729,0.18106817194963093,0.26052974381241856
0.291393621668851,0.2577544779379642,0.18435998252512015,0.26649191786806464
0.2928104575163399,0.25925925925925924,0.17995642701525055,0.2679738562091503
0.28883071553228623,0.25785340314136124,0.17844677137870854,0.27486910994764396
0.2893356643356643,0.2583041958041958,0.17351398601398602,0.27884615384615385
0.29033668561434195,0.25666812418014867,0.1709663314385658,0.2820288587669436
0.29460762823323106,0.2507672073651907,0.16922402455063568,0.28540113985094256
0.2963771278917503,0.24312527280663465,0.17154081187254475,0.28895678742907027
0.3016564952048823,0.23844812554489975,0.16477768090671316,0.2951176983435048
0.2943461372464394,0.24428139835994822,0.16443677168752696,0.29693569270608544
0.3011734028683181,0.23163841807909605,0.16210343328987398,0.3050847457627119
0.3033757124068391,0.2341078474353354,0.1582639193336256,0.3042525208241999
0.3021551724137931,0.23189655172413792,0.16336206896551725,0.30258620689655175
0.30126251632564216,0.2303003918154114,0.15498476273400086,0.3134523291249456
0.2956896551724138,0.23103448275862068,0.15689655172413794,0.3163793103448276
0.29734436221158034,0.23552459730082717,0.15237265999129299,0.3147583804962995
0.2974848222029488,0.2328707718993929,0.15047701647875109,0.3191673894189072
0.29978213507625273,0.22004357298474944,0.14989106753812637,0.33028322440087143
0.3023758099352052,0.21943844492440603,0.1490280777537797,0.32915766738660907
0.2990492653414002,0.21866897147796024,0.14693171996542784,0.3353500432152118
0.2956896551724138,0.22198275862068967,0.1478448275862069,0.33448275862068966
0.3009961022087484,0.21611087050671288,0.1455175400606323,0.3373754872239065
0.3056636402939905,0.2148724600086468,0.1422395157803718,0.33722438391699094
0.3019438444924406,0.20777537796976242,0.1447084233261339,0.34557235421166305
0.3063533507397737,0.21627502175805047,0.1362053959965187,0.3411662315056571
0.30134025075659315,0.21444012105490703,0.13748378728923477,0.346735840899265
0.3050478677110531,0.21061792863359444,0.13489991296779807,0.3494342906875544
0.30481513327601034,0.2119518486672399,0.13327601031814273,0.34995700773860705
0.30434782608695654,0.20835126990959965,0.1308652604390874,0.3564356435643564
0.30749354005167956,0.20327304048234282,0.13135228251507322,0.3578811369509044
0.3085197934595525,0.20094664371772805,0.1320998278829604,0.35843373493975905
0.308842375053396,0.19948739854762923,0.12815036309269542,0.3635198633062794
0.3110825845100556,0.19897304236200256,0.12879760376551133,0.36114676936243045
0.30916196265740337,0.19366044290056447,0.12983065566652194,0.3673469387755102
0.3107004727116459,0.18951439621830685,0.12978083369144822,0.3700042973785991
0.3069687900812313,0.19281744335185977,0.12398460880718255,0.3762291577597264
0.30805892547660313,0.18760831889081456,0.12608318890814557,0.3782495667244367
0.3024054982817869,0.19201030927835053,0.12714776632302405,0.3784364261168385
0.29995684074233925,0.19421665947345707,0.12386706948640483,0.3819594302977989
0.3059636992221262,0.18366464995678478,0.11927398444252377,0.39109766637856525
0.30457290767903367,0.1807592752372735,0.12208800690250216,0.3925798101811907
0.30541237113402064,0.18213058419243985,0.11597938144329897,0.39647766323024053
0.3054375531011045,0.1822429906542056,0.11979609175870858,0.3925233644859813
0.3062365591397849,0.18150537634408603,0.11440860215053764,0.3978494623655914
0.30288668677294267,0.18569582076691082,0.11158983196897888,0.3998276604911676
0.30583153347732184,0.183585313174946,0.10583153347732181,0.40475161987041036
0.3048885077186964,0.17753001715265868,0.11234991423670669,0.40523156089193824
0.30858369098712446,0.18068669527896997,0.10343347639484979,0.4072961373390558
0.3119148936170213,0.17617021276595746,0.10170212765957447,0.4102127659574468
0.3163573586534312,0.17177384548985758,0.09710832973672853,0.41476046611998274
0.31505102040816324,0.17304421768707484,0.09863945578231292,0.413265306122449
0.31939655172413794,0.16077586206896552,0.09956896551724138,0.4202586206896552
0.31188331188331186,0.16516516516516516,0.1021021021021021,0.42084942084942084
0.30825451418744626,0.16337059329320722,0.09630266552020636,0.43207222699914016
0.3033033033033033,0.1643071643071643,0.09995709995709996,0.43243243243243246
0.29555175363558595,0.16680923866552608,0.0979469632164243,0.43969204448246363
0.29015544041450775,0.16537132987910189,0.10103626943005181,0.4434369602763385
0.2945470158866466,0.1580077286389008,0.09703735508802061,0.45040790038643197
0.29105760963026656,0.15477214101461736,0.09501289767841789,0.4591573516766982
0.28945111492281306,0.1569468267581475,0.09262435677530018,0.4609777015437393
0.28719723183391005,0.15614186851211073,0.09602076124567474,0.4606401384083045
0.2845528455284553,0.15532734274711169,0.094137783483098,0.46598202824133506
0.2832544123977615,0.1519586741282824,0.09040034438226431,0.4743865690916918
0.27927927927927926,0.1527241527241527,0.09223509223509224,0.47576147576147576
0.2796430089247769,0.15427114322141947,0.08967275818104548,0.4764130896727582
0.2845528455284553,0.14634146341463414,0.08686350021394951,0.48224219084296105
0.27924850555081127,0.14602903501280956,0.08539709649871904,0.4893253629376601
0.2743174061433447,0.14846416382252559,0.0840443686006826,0.4931740614334471
0.27687713310580203,0.14505119453924914,0.08447098976109214,0.49360068259385664
0.2760394342048864,0.14187741105872267,0.08401200171453065,0.4980711530218603
0.2737642585551331,0.13899450781580058,0.08745247148288973,0.49978876214617657
0.27580299785867235,0.1366167023554604,0.08436830835117773,0.5032119914346895
0.27517064846416384,0.13267918088737202,0.0878839590443686,0.5042662116040956
0.2756108015430776,0.13030432918988427,0.08829832833261894,0.5057865409344192
0.2728820774797786,0.12728820774797786,0.08556832694763729,0.5142613878246062
0.2712879760376551,0.12409071459135644,0.08557980316645272,0.5190415062045357
0.2706284737067123,0.12312954253954682,0.08336896109448483,0.5228730226592561
0.26833477135461603,0.12424503882657463,0.08498705780845557,0.5224331320103538
0.26783425886373347,0.12174284493806066,0.08714224690303289,0.523280649295173
0.26747195858498707,0.12165660051768766,0.0811044003451251,0.5297670405522001
0.2687205819426615,0.12066752246469833,0.07830551989730423,0.5323063756953359
0.2695951765719208,0.11498708010335917,0.07622739018087855,0.5391903531438416
0.2686056458511548,0.11248930710008555,0.07784431137724551,0.5410607356715141
0.2647438656909169,0.11235471373224279,0.07877744296168747,0.5441239776151529
0.2710843373493976,0.10886402753872633,0.07788296041308089,0.5421686746987951
0.2654189706507869,0.1080391322841344,0.07911527009783072,0.547426626967248
0.26723768736616704,0.10278372591006424,0.08137044967880086,0.5486081370449679
0.2652192422307365,0.10472541507024266,0.07662835249042145,0.5534269902085994
0.25970149253731345,0.10191897654584221,0.07420042643923241,0.564179104477612
0.2598894087622288,0.10038281582305401,0.07401105912377712,0.56571671629094
0.2594178082191781,0.10059931506849315,0.07106164383561644,0.5689212328767124
0.25675675675675674,0.10008445945945946,0.06925675675675676,0.573902027027027
0.2578992314261315,0.0982066609735269,0.07002561912894961,0.5738684884713919
0.2581335616438356,0.09845890410958905,0.06763698630136987,0.5757705479452054
0.25597269624573377,0.09769624573378839,0.06655290102389079,0.5797781569965871
0.25449101796407186,0.09837467921300257,0.06672369546621043,0.5804106073567151
0.24862579281183933,0.09936575052854123,0.06765327695560254,0.584355179704017
0.2577054794520548,0.09332191780821918,0.0646404109589041,0.584332191780822
0.25223309230114843,0.09953211399404509,0.062101233517652066,0.5861335601871545
0.2479726845924029,0.09603072983354674,0.06487409304310712,0.5911224925309433
0.24763542562338778,0.0941530524505589,0.06405846947549441,0.5941530524505589
0.24454895254382214,0.0940572894399316,0.06370243693886277,0.5976913210773835
0.24154175588865096,0.09207708779443255,0.06509635974304069,0.6012847965738758
0.24544298431538789,0.08817295464179738,0.06697753285290377,0.599406528189911
0.24331210191082803,0.0870488322717622,0.06666666666666667,0.6029723991507431
0.24245002126754572,0.08592088472990217,0.06848149723521905,0.6031475967673331
0.24489795918367346,0.08375850340136054,0.06420068027210885,0.6071428571428571
0.2456586192291402,0.08047437526471835,0.06480304955527319,0.6090639559508683
0.24883425180161084,0.07969478592623994,0.06612971598134802,0.6053412462908012
0.24798301486199575,0.07940552016985138,0.06454352441613588,0.608067940552017
0.2446988973706531,0.08269720101781171,0.06530958439355386,0.6072943172179813
0.24143835616438356,0.07748287671232877,0.06378424657534247,0.6172945205479452
0.24468988954970264,0.07561597281223449,0.06287170773152082,0.616822429906542
0.24559139784946238,0.07741935483870968,0.05806451612903226,0.6189247311827957
0.24947235120303926,0.07302659349936683,0.061629379485014776,0.6158716758125792
0.25170068027210885,0.07610544217687075,0.060799319727891155,0.6113945578231292
0.24747048903878582,0.07715008431703205,0.06239460370994941,0.6129848229342327
0.24690303289192653,0.07603588210166595,0.060657838530542504,0.616403246475865
0.24947235120303926,0.07682566483748417,0.060785141409877584,0.612916842549599
0.2494732406236831,0.07838179519595449,0.056890012642225034,0.6152549515381374
0.25243128964059197,0.0773784355179704,0.05708245243128964,0.6131078224101479
0.2523364485981308,0.07731520815632965,0.055225148683092605,0.6151231945624469
0.2530733361593896,0.07333615938957186,0.05637982195845697,0.6172106824925816
0.25021422450728364,0.0728363324764353,0.05741216795201371,0.6195372750642674
0.24360068259385664,0.07337883959044368,0.05332764505119454,0.6296928327645052
0.2427061310782241,0.07399577167019028,0.05369978858350952,0.6295983086680761
0.24492385786802032,0.07571912013536379,0.05583756345177665,0.6235194585448393
0.24304664099272572,0.07317073170731707,0.05605477107402653,0.6277278562259306
0.24074861760952787,0.07060825180774138,0.056571671629094,0.6320714589536367
0.24296675191815856,0.07203751065643649,0.054987212276214836,0.6300085251491901
0.24283305227655985,0.07124789207419899,0.05311973018549747,0.6327993254637436
0.24468085106382978,0.06893617021276596,0.05404255319148936,0.6323404255319149
0.24310564276622826,0.06915570640644887,0.0560033941450997,0.6317352566822232
0.2390285470813805,0.06348530038346825,0.056668086919471665,0.6408180656156796
0.23674162070428512,0.06321595248196861,0.05218498090793382,0.6478574459058125
0.24057602710715797,0.062261753494282084,0.052096569250317665,0.6450656501482422
0.2409843020789139,0.05939753924480271,0.05218498090793382,0.6474331777683496
0.23586497890295358,0.06244725738396625,0.0540084388185654,0.6476793248945147
0.23978086809945218,0.06278971765697429,0.05351875263379688,0.6439106616097766
0.2383375742154368,0.061068702290076333,0.053011026293469043,0.6475826972010178
0.24040489245044286,0.0645297342893294,0.0518768452129903,0.6431885280472375
0.24139396515087122,0.06332341691457713,0.051423714407139824,0.6438589035274118
0.24758301807482136,0.05926860025220681,0.05128205128205128,0.6418663303909206
0.2448290417897847,0.0595187842971718,0.04896580835795694,0.6466863655550865
0.24371538133787815,0.05752023860247124,0.0489987217724755,0.6497656582871751
0.2383375742154368,0.05979643765903308,0.05216284987277354,0.6497031382527566
0.2456512515910055,0.05897327110733984,0.05515485787017395,0.6402206194314807
0.2501057977147694,0.06136267456622937,0.052052475666525606,0.6364790520524757
0.24242424242424243,0.0585016835016835,0.054292929292929296,0.6447811447811448
0.23779193205944799,0.06029723991507431,0.05435244161358811,0.6475583864118896
0.24447278911564627,0.05739795918367347,0.05442176870748299,0.6437074829931972
0.24170212765957447,0.05787234042553192,0.05063829787234043,0.6497872340425532
0.24478501489995744,0.05917411664538101,0.05065985525755641,0.6453810131971052
0.2454352441613588,0.061146496815286625,0.050955414012738856,0.6424628450106157
0.24421052631578946,0.06442105263157895,0.051789473684210524,0.639578947368421
0.2434709351305813,0.05770850884582982,0.051811288963774224,0.6470092670598147
0.24862579281183933,0.05623678646934461,0.04989429175475687,0.6452431289640592
0.24589473684210525,0.05852631578947368,0.050105263157894736,0.6454736842105263
0.24767540152155537,0.05536770921386306,0.0507185122569738,0.6462383770076078
0.25318066157760816,0.053011026293469043,0.04664970313825276,0.64715860899067
0.25,0.05263157894736842,0.04796264855687606,0.6494057724957555
0.24292353189691593,0.05280946345585129,0.05111956062526405,0.6531474440219688
0.24443511129777404,0.05627887442251155,0.052078958420831586,0.6472070558588828
0.24502750740584003,0.0558611933982226,0.052052475666525606,0.6470588235294118
0.24271844660194175,0.05740818910932883,0.05065428450823132,0.6492190797804981
0.24641350210970464,0.056962025316455694,0.0510548523206751,0.6455696202531646
0.24661590524534688,0.05710659898477157,0.050338409475465314,0.6459390862944162
0.24606215410813112,0.05491698595146871,0.04938271604938271,0.6496381438910175
0.24170212765957447,0.05276595744680851,0.04808510638297872,0.6574468085106383
0.24018573237653018,0.04643309413254538,0.04854368932038835,0.6648374841705361
0.23703078869675243,0.043863348797975536,0.04808097849008857,0.6710248840151835
0.2376530181511186,0.045166737019839594,0.04854368932038835,0.6686365555086534
0.2408821034775233,0.04410517387616624,0.04495335029686175,0.6700593723494487
0.23811544991511036,0.045415959252971136,0.04499151103565365,0.6714770797962648
0.24082665541965415,0.046393926613243354,0.04934626739772248,0.66343315056938
0.2428087986463621,0.04483925549915398,0.048646362098138746,0.6637055837563451
0.24356268467707895,0.04390037990713381,0.04938792739552554,0.6631490080202617
0.24076433121019108,0.041613588110403395,0.0505307855626327,0.6670912951167728
0.2371524852569503,0.04212299915754002,0.04970513900589722,0.6710193765796124
0.240169133192389,0.04186046511627907,0.04693446088794926,0.6710359408033827
0.23423044575273338,0.044575273338940284,0.049201009251471826,0.6719932716568545
0.2345263157894737,0.04294736842105263,0.050105263157894736,0.6724210526315789
0.22966101694915253,0.04364406779661017,0.04957627118644068,0.6771186440677966
0.22998729351969505,0.04193138500635324,0.05040237187632359,0.6776789495976281
0.2297583721916066,0.040695209834675714,0.05214073760067826,0.6774056803730394
0.22542372881355932,0.041101694915254235,0.05127118644067796,0.6822033898305084
0.2196969696969697,0.04040404040404041,0.05260942760942761,0.6872895622895623
0.22725331055104656,0.03929944468175993,0.0457069628363947,0.6877402819307988
0.22527472527472528,0.040997464074387154,0.0452240067624683,0.6885038038884193
0.2240506329113924,0.04219409282700422,0.04556962025316456,0.6881856540084388
0.22127296027338744,0.04015378043571124,0.042716787697565144,0.6958564715933362
0.21928327645051193,0.03668941979522184,0.042662116040955635,0.7013651877133106
0.2231614539306847,0.04015215553677092,0.038461538461538464,0.6982248520710059
0.22044594026083297,0.03828355069415229,0.040387042490534285,0.7008834665544804
0.22409435551811288,0.040859309182813816,0.037910699241786014,0.6971356360572872
0.2211013030685162,0.04371584699453552,0.03656998738965952,0.6986128625472888
0.22283298097251586,0.03763213530655391,0.03932346723044398,0.7002114164904862
0.22259696458684655,0.0366779089376054,0.03920741989881956,0.7015177065767285
0.2240135765803988,0.034365719134493,0.03818413237165889,0.7034365719134493
0.22326374094588836,0.03792074989348104,0.03877290157648061,0.7000426075841499
0.21936842105263157,0.03705263157894737,0.04294736842105263,0.7006315789473684
0.22375575073191134,0.03638644918444166,0.040987034713508994,0.698870765370138
0.2174650275540483,0.03603221704111912,0.0423908435777872,0.7041119118270454
0.22514868309260833,0.0356839422259983,0.03865760407816483,0.7005097706032285
0.22105263157894736,0.03831578947368421,0.039578947368421054,0.7010526315789474
0.22297297297297297,0.03800675675675676,0.04054054054054054,0.6984797297297297
0.22316504030547307,0.03648705982180738,0.03903266864658464,0.7013152312261349
0.22058823529411764,0.03865546218487395,0.040336134453781515,0.7004201680672268
0.22366764582459084,0.03776751993285774,0.040285354595048256,0.6982794796475031
0.22521008403361345,0.0365546218487395,0.040756302521008404,0.6974789915966386
0.22006745362563238,0.03583473861720068,0.04215851602023609,0.7019392917369308
0.21992401857323765,0.03545799915576193,0.038834951456310676,0.7057830308146897
0.22334597555836494,0.03497682258744206,0.041719342604298354,0.6999578592498946
0.22013651877133106,0.03370307167235495,0.037969283276450515,0.7081911262798635
0.22311942201444965,0.03357416064598385,0.03527411814704633,0.7080322991925202
0.2224087284934956,0.03357112882920688,0.03483004616030214,0.7091900965169954
0.22161249472351202,0.03208104685521317,0.032503165892781766,0.7138032925284931
0.22240943555181128,0.02948609941027801,0.02906486941870261,0.719039595619208
0.21987315010570824,0.02748414376321353,0.027906976744186046,0.7247357293868921
0.21662468513853905,0.028967254408060455,0.028547439126784216,0.7258606213266163
0.21671566568668627,0.02645947081058379,0.029399412011759767,0.7274254514909702
0.21588508660752007,0.025348542458808618,0.026615969581749048,0.7321504013519222
0.21658986175115208,0.028068705488060328,0.024298282362798494,0.7310431503979891
0.2164337145277425,0.03176620076238882,0.0241423125794155,0.7276577721304532
0.2176669484361792,0.03508030431107354,0.02282333051563821,0.724429416737109
0.22063157894736843,0.032842105263157895,0.021052631578947368,0.7254736842105263
0.22347066167290885,0.029130253849354974,0.02247191011235955,0.7249271743653766
0.21825063078216989,0.028174936921783012,0.021026072329688814,0.7325483599663583
0.2188026981450253,0.02782462057335582,0.01981450252951096,0.7335581787521079
0.2170803533866218,0.031131678586453514,0.016827934371055953,0.7349600336558687
0.21489001692047377,0.030456852791878174,0.01649746192893401,0.738155668358714
0.21572750210260724,0.028174936921783012,0.017661900756938603,0.7384356602186711
0.21443471005423445,0.03045473508552357,0.02002503128911139,0.7350855235711306
0.21101303068516183,0.031525851197982346,0.018495166036149643,0.7389659520807061
0.2090490155006284,0.03309593632174277,0.018433179723502304,0.7394218684541265
0.20843776106934,0.032999164578111945,0.020050125313283207,0.7385129490392648
0.21264127249895354,0.028463792381749686,0.020092088740058602,0.7388028463792382
0.21311475409836064,0.028583438419503993,0.01807482135350988,0.7402269861286255
0.2158182583087926,0.029869583508624318,0.01851072780816155,0.7358014303744216
0.21826560536237954,0.03142019271051529,0.018852115626309174,0.731462086300796
0.21717171717171718,0.02861952861952862,0.020202020202020204,0.734006734006734
0.21555367709213863,0.03127641589180051,0.018174133558748945,0.7349957734573119
0.21288163948138855,0.03178586365537432,0.02132998745294856,0.7340025094102886
0.21579391891891891,0.0316722972972973,0.02027027027027027,0.7322635135135135
0.21953255425709517,0.031302170283806344,0.021285475792988316,0.7278797996661102
0.21843434343434343,0.032407407407407406,0.021043771043771045,0.7281144781144782
0.2153130287648054,0.031302876480541454,0.021573604060913704,0.7318104906937394
0.21461570768584629,0.031499370012599746,0.02015959680806384,0.7337253254934901
0.2141068447412354,0.028797996661101836,0.020450751252086813,0.736644407345576
0.21154656552886641,0.031184155077960386,0.01980615254951538,0.7374631268436578
0.21130324757486293,0.03163222269084774,0.01982285955293125,0.7372416701813581
0.21297071129707112,0.032635983263598324,0.019665271966527197,0.7347280334728034
0.20977852068533223,0.0325950689511074,0.0192227329711659,0.7384036773923944
0.21437578814627994,0.031105506515342583,0.0201765447667087,0.7343421605716688
0.2135350987810004,0.02648171500630517,0.020596889449348465,0.739386296763346
0.21548821548821548,0.02861952861952862,0.021043771043771045,0.7348484848484849
0.2159565580618212,0.02756892230576441,0.020885547201336674,0.7355889724310777
0.22129086336965634,0.027661357921207042,0.018860016764459347,0.7321877619446773
0.22325189553496208,0.02864363942712721,0.02148272957034541,0.7266217354675653
0.2275775356244761,0.02933780385582565,0.01802179379715004,0.7250628667225482
0.2262103505843072,0.02712854757929883,0.02003338898163606,0.7266277128547579
0.22771033905399748,0.02762662201758058,0.021347844286312263,0.7233151946421097
0.22996223248006714,0.026856903063365505,0.022660511959714646,0.7205203524968528
0.23475355054302421,0.029239766081871343,0.023391812865497075,0.7126148705096074
0.23531896915927333,0.02788339670468948,0.021968736797634135,0.714828897338403
0.23707440100882723,0.028583438419503993,0.02185792349726776,0.712484237074401
0.23524451939291738,0.026138279932546374,0.02023608768971332,0.718381112984823
0.23728813559322035,0.023305084745762712,0.01864406779661017,0.7207627118644068
0.23817496860611134,0.02385935537881959,0.018417748011720386,0.7195479280033487
0.2362337116435477,0.02395964691046658,0.019335855401429174,0.7204707860445565
0.23393532129357414,0.024779504409911803,0.01763964720705586,0.7236455270894582
0.23438155136268343,0.02431865828092243,0.01928721174004193,0.7220125786163522
0.2361344537815126,0.023529411764705882,0.018907563025210083,0.7214285714285714
0.23640960809102401,0.02402022756005057,0.01980615254951538,0.7197640117994101
0.23733108108108109,0.02491554054054054,0.01984797297297297,0.7179054054054054
0.2411050648807032,0.02385935537881959,0.018836333193804938,0.7161992465466722
0.24021876314682372,0.02524190155658393,0.016407236011779555,0.7181320992848128
0.23588456712672523,0.02425763278962777,0.019238812212463405,0.7206189878711836
0.23306689103912495,0.023138409760201935,0.01851072780816155,0.7252839713925116
0.23685317627261254,0.020614219604543543,0.019352124526714348,0.7231804795961295
0.23763621123218776,0.02137468566638726,0.020536462699077954,0.720452640402347
0.2382943143812709,0.020903010033444816,0.02048494983277592,0.7203177257525084
0.23499577345731193,0.017328825021132713,0.018174133558748945,0.7295012679628065
0.2370184254606365,0.015494137353433836,0.017587939698492462,0.7298994974874372
0.23851294903926482,0.021303258145363407,0.018796992481203006,0.7213868003341688
0.23984930933444956,0.022185014650481373,0.017580577647551276,0.7203850983675177
0.23745819397993312,0.021739130434782608,0.016722408026755852,0.7240802675585284
0.23751573646663868,0.020562316407889216,0.01888375996642887,0.7230381871590432
0.2395659432387312,0.021285475792988316,0.018363939899833055,0.7207846410684474
0.2391304347826087,0.0225752508361204,0.01588628762541806,0.7224080267558528
0.24191516169676605,0.02141957160856783,0.016799664006719867,0.7198656026879462
0.2376530181511186,0.022794428028704093,0.017306880540312368,0.7222456732798649
0.2362337116435477,0.02269861286254729,0.018495166036149643,0.7225725094577553
0.23901213897028045,0.023440770196735034,0.017580577647551276,0.7199665131854333
0.2359125315391085,0.023549201009251473,0.017661900756938603,0.7228763666947015
0.23993288590604026,0.023909395973154363,0.02139261744966443,0.714765100671141
0.23811509591326105,0.022518765638031693,0.020016680567139282,0.719349457881568
0.24234800838574425,0.02389937106918239,0.02180293501048218,0.7119496855345911
0.23890063424947147,0.02452431289640592,0.021987315010570826,0.7145877378435518
0.23837700760777683,0.027472527472527472,0.020710059171597635,0.7134404057480981
0.23909395973154363,0.026426174496644295,0.020553691275167787,0.7139261744966443
0.23755274261603376,0.028270042194092827,0.021518987341772152,0.7126582278481013
0.23653198653198654,0.02988215488215488,0.020202020202020204,0.7133838383838383
0.2336842105263158,0.029052631578947368,0.018526315789473686,0.7187368421052631
0.23348758939840134,0.031131678586453514,0.01724863273033235,0.7181320992848128
0.23494736842105263,0.03031578947368421,0.016421052631578947,0.7183157894736842
0.23469818488813846,0.030814689742507388,0.018573237653018153,0.715913887716336
0.23531896915927333,0.02830587241233629,0.01689902830587241,0.719476130122518
0.2306070826306914,0.0290893760539629,0.01854974704890388,0.7217537942664418
0.23667645824590852,0.028115820394460762,0.0180444817456987,0.717163239613932
0.23857868020304568,0.024111675126903553,0.01692047377326565,0.7203891708967851
0.23636363636363636,0.023678646934460888,0.018604651162790697,0.721353065539112
0.2371524852569503,0.02316764953664701,0.02148272957034541,0.7181971356360572
0.2387934645999162,0.02346041055718475,0.0213657310431504,0.7163803937997486
0.2339891167852658,0.025115110925073254,0.020092088740058602,0.7208036835496023
0.23531896915927333,0.022813688212927757,0.021968736797634135,0.7198986058301647
0.2387557797393863,0.021017234131988232,0.02185792349726776,0.7183690626313577
0.23917612442202607,0.022278268179907523,0.02185792349726776,0.7166876839007986
0.23723089911355003,0.021528070915998312,0.0223723089911355,0.7188687209793162
0.24077999152183127,0.022891055532005086,0.022891055532005086,0.7134378974141585
0.24385072094995758,0.02332485156912638,0.02205258693808312,0.7107718405428329
0.24503591043514997,0.022391212505280946,0.020701309674693705,0.7118715673848753
0.24873096446700507,0.020727580372250424,0.020727580372250424,0.7098138747884941
0.24915824915824916,0.020202020202020204,0.020202020202020204,0.7104377104377104
0.24759111855886048,0.017595307917888565,0.019689987431922917,0.715123586091328
0.25104777870913664,0.01592623637887678,0.020955574182732608,0.712070410729254
0.2489415749364945,0.01947502116850127,0.020745131244707875,0.7108382726502963
0.2504222972972973,0.01900337837837838,0.024070945945945946,0.7065033783783784
0.24506094997898276,0.021017234131988232,0.02437999159310635,0.7095418242959226
0.24259102455546147,0.020745131244707875,0.023285351397121085,0.7133784928027096
0.24232225494320572,0.02145561632309634,0.02482120319730753,0.7114009255363904
0.24050632911392406,0.021940928270042195,0.024472573839662448,0.7130801687763713
0.2346251053074979,0.02232518955349621,0.02401010951979781,0.719039595619208
0.23859797297297297,0.02195945945945946,0.025760135135135136,0.7136824324324325
0.23741610738255034,0.02181208053691275,0.02936241610738255,0.7114093959731543
0.233249581239531,0.023031825795644893,0.032663316582914576,0.7110552763819096
0.23258758970029547,0.023638666103841282,0.0299704516673702,0.7138032925284931
0.22976391231028667,0.025295109612141653,0.03330522765598651,0.7116357504215851
0.2297979797979798,0.024831649831649833,0.03198653198653199,0.7133838383838383
0.22875264270613108,0.023255813953488372,0.027906976744186046,0.7200845665961945
0.23264619267984854,0.023979806478754733,0.026924694993689526,0.7164493058477072
0.22872788542544228,0.02990732940185341,0.02906486941870261,0.7122999157540016
0.23041280539174389,0.02906486941870261,0.02864363942712721,0.7118786857624263
0.2276936026936027,0.03409090909090909,0.029461279461279462,0.7087542087542088
0.23138409760201936,0.0340765671013883,0.02566259991586033,0.708876735380732
0.22921063739974673,0.03292528493035036,0.02532714225411566,0.7125369354157872
0.22879932829554997,0.03442485306465155,0.02644836272040302,0.7103274559193955
0.2251795521757499,0.034220532319391636,0.02619349387410224,0.7144064216307562
0.22625580413676658,0.03292528493035036,0.027015618404390037,0.7138032925284931
0.2272536687631027,0.033962264150943396,0.0259958071278826,0.7127882599580713
0.22283298097251586,0.03678646934460888,0.024101479915433405,0.7162790697674418
0.226215644820296,0.0346723044397463,0.027061310782241013,0.7120507399577167
0.22696534234995774,0.034657650042265425,0.0253592561284869,0.7130177514792899
0.22800338409475465,0.03299492385786802,0.023265651438240272,0.7157360406091371
0.22878851836217814,0.03334740396791895,0.021105951878429716,0.7167581257914732
0.2198402690205969,0.0332072299285414,0.021017234131988232,0.7259352669188734
0.2224087284934956,0.0331514897188418,0.02308015107007973,0.7213596307175829
0.22068095838587642,0.03278688524590164,0.023539302227826818,0.7229928541403952
0.22475707646810308,0.02830587241233629,0.021968736797634135,0.7249683143219265
0.22583368509919796,0.02448290417897847,0.024060785141409878,0.7256226255804137
0.2292456805731142,0.022756005056890013,0.02359882005899705,0.7243994943109987
0.22895622895622897,0.022306397306397305,0.020622895622895623,0.7281144781144782
0.23248945147679326,0.02278481012658228,0.0189873417721519,0.7257383966244726
0.23028258118937156,0.024040489245044285,0.021088148460565163,0.724588781105019
0.23430257058575643,0.02402022756005057,0.02064896755162242,0.7210282343025706
0.2354675652906487,0.02274641954507161,0.02148272957034541,0.7203032855939343
0.23650927487352444,0.021500843170320406,0.021922428330522766,0.7200674536256324
0.24295922656578395,0.021017234131988232,0.021437578814627996,0.7145859604875998
0.2403560830860534,0.02373887240356083,0.022043238660449344,0.7138618058499364
0.24148085822465293,0.023138409760201935,0.023138409760201935,0.7122423222549432
0.2448377581120944,0.022756005056890013,0.024441635061104087,0.7079646017699115
0.2469499368952461,0.022717711400925537,0.023979806478754733,0.7063525452250736
0.24512298558100085,0.02374893977947413,0.02374893977947413,0.7073791348600509
0.2434709351305813,0.025695029486099412,0.02232518955349621,0.7085088458298231
0.2438818565400844,0.024894514767932488,0.021518987341772152,0.7097046413502109
0.2401673640167364,0.024686192468619247,0.022594142259414227,0.7125523012552302
0.24028416213957376,0.025073129962390306,0.020058503969912243,0.7145842039281237
0.24422996223248006,0.025597985732270248,0.0209819555182543,0.7091900965169954
0.23986486486486486,0.024493243243243243,0.02195945945945946,0.7136824324324325
0.24228329809725158,0.02452431289640592,0.02029598308668076,0.7128964059196617
0.23534338358458962,0.025963149078726967,0.018425460636515914,0.7202680067001676
0.23343182777543267,0.0223723089911355,0.018995356690586745,0.7252005065428451
0.23243014394580863,0.024555461473327687,0.020745131244707875,0.7222692633361558
0.23703078869675243,0.025305778152678194,0.021509911429776464,0.7161535217207929
0.23717409587888982,0.022708158116063918,0.021026072329688814,0.7190916736753574
0.24119127516778524,0.02307046979865772,0.01971476510067114,0.7160234899328859
0.24548129466162252,0.02269861286254729,0.020596889449348465,0.7112232030264817
0.24748743718592964,0.017587939698492462,0.02051926298157454,0.7144053601340034
0.2465292385359697,0.016827934371055953,0.01809002944888515,0.7185527976440892
0.24851063829787234,0.016170212765957447,0.014893617021276596,0.7204255319148937
0.24422026061370325,0.018915510718789406,0.015552753257671291,0.7213114754098361
0.2484394506866417,0.019975031210986267,0.01373283395755306,0.717852684144819
0.2505263157894737,0.02063157894736842,0.014736842105263158,0.7141052631578947
0.24925941599661447,0.021159542953872196,0.01608125264494287,0.7134997884045705
0.24600504625735914,0.021026072329688814,0.01682085786375105,0.716148023549201
0.24275514489710207,0.02267954640907182,0.015539689206215875,0.7190256194876102
0.24494097807757167,0.023187183811129847,0.01770657672849916,0.7141652613827993
0.23737373737373738,0.021464646464646464,0.017676767676767676,0.7234848484848485
0.23871784057359763,0.021509911429776464,0.020244622522142555,0.7195276254744833
0.24088814411395057,0.0213657310431504,0.018852115626309174,0.7188940092165899
0.24083333333333334,0.021666666666666667,0.0225,0.715
0.24074074074074073,0.025673400673400674,0.023148148148148147,0.7104377104377104
0.23829607760438634,0.02446225221425559,0.021509911429776464,0.7157317587515816
0.23586497890295358,0.026582278481012658,0.023206751054852322,0.7143459915611814
0.23319327731092437,0.024789915966386553,0.024369747899159664,0.7176470588235294
0.23266499582289055,0.025480367585630742,0.02506265664160401,0.7167919799498746
0.23031578947368422,0.024842105263157895,0.024,0.7208421052631578
0.23362536503963288,0.025448477263245724,0.024196912807676264,0.7167292448894451
0.23438155136268343,0.0259958071278826,0.023060796645702306,0.7165618448637316
0.23063973063973064,0.023148148148148147,0.023148148148148147,0.7230639730639731
0.23221757322175732,0.025523012552301255,0.02301255230125523,0.7192468619246862
0.23190235690235692,0.026515151515151516,0.022727272727272728,0.7188552188552189
0.2403035413153457,0.024873524451939293,0.024030354131534568,0.7107925801011804
0.23727387463188893,0.023559108119478336,0.02524190155658393,0.7139251156920488
0.23083403538331929,0.02401010951979781,0.02611625947767481,0.719039595619208
0.2348262871494349,0.023440770196735034,0.02678945165341147,0.7149434910004185
0.23383711167086482,0.02392947103274559,0.02644836272040302,0.7157850545759865
