C,D,Oc,Od
0.0,1.0,0.0,0.0
0.0,0.75,0.25,0.0
0.0,0.5,0.5,0.0
0.0,0.4,0.6,0.0
0.0,0.48,0.52,0.0
0.047619047619047616,0.42857142857142855,0.5238095238095238,0.0
0.05714285714285714,0.44285714285714284,0.5,0.0
0.06,0.41,0.52,0.01
0.09848484848484848,0.4166666666666667,0.4696969696969697,0.015151515151515152
0.11049723756906077,0.39226519337016574,0.47513812154696133,0.022099447513812154
0.12556053811659193,0.4170403587443946,0.4484304932735426,0.008968609865470852
0.14189189189189189,0.42567567567567566,0.41216216216216217,0.02027027027027027
0.15675675675675677,0.41081081081081083,0.4081081081081081,0.024324324324324326
0.1622222222222222,0.4,0.4022222222222222,0.035555555555555556
0.16266173752310537,0.38632162661737524,0.4066543438077634,0.04436229205175601
0.17043740573152338,0.3936651583710407,0.37254901960784315,0.06334841628959276
0.16170763260025872,0.3906856403622251,0.3738680465717982,0.07373868046571798
0.17109826589595376,0.3583815028901734,0.37803468208092483,0.09248554913294797
0.16837782340862423,0.3593429158110883,0.37474332648870634,0.09753593429158111
0.16651665166516652,0.3438343834383438,0.37173717371737175,0.11791179117911792
0.17219078415521422,0.3395311236863379,0.3581244947453517,0.1301535974130962
0.17226277372262774,0.3284671532846715,0.3518248175182482,0.14744525547445256
0.16349310571240971,0.3315824031516743,0.3427445830597505,0.16217990807616547
0.16009852216748768,0.3312807881773399,0.34544334975369456,0.16317733990147784
0.1623006833712984,0.3342824601366743,0.3331435079726651,0.17027334851936218
0.16295116772823778,0.32855626326963905,0.3227176220806794,0.18577494692144372
0.16488004083716182,0.3318019397651863,0.3144461459928535,0.18887187340479836
0.1616795366795367,0.3359073359073359,0.31322393822393824,0.1891891891891892
0.15935334872979215,0.32933025404157046,0.3117782909930716,0.1995381062355658
0.16292639138240575,0.3245062836624776,0.3123877917414722,0.2001795332136445
0.1606822262118492,0.32046678635547576,0.3087971274685817,0.21005385996409337
0.16198125836680052,0.32173136992414103,0.30477465417224453,0.21151271753681392
0.1613909942041908,0.3227819884083816,0.30271957200178334,0.21310744538564422
0.16195939982347748,0.31641659311562226,0.2978817299205649,0.2237422771403354
0.16673941510257528,0.3155827149716281,0.2994325621999127,0.21824530772588388
0.16866933689363595,0.3159768580329328,0.2919448153093013,0.22340898976412996
0.17058041648205582,0.309260079751883,0.2955250332299513,0.22463447053610988
0.16799292661361626,0.3209549071618037,0.29133510167992926,0.21971706454465076
0.1692100538599641,0.31822262118491923,0.2917414721723519,0.22082585278276481
0.1710411198600175,0.3188976377952756,0.2878390201224847,0.2222222222222222
0.17015706806282724,0.3145724258289703,0.28883071553228623,0.22643979057591623
0.16937253181219833,0.307152259763054,0.29530495831505044,0.22817025010969724
0.17054945054945056,0.3046153846153846,0.2975824175824176,0.22725274725274724
0.17295873573309922,0.30597014925373134,0.29850746268656714,0.22256365232660227
0.16946160635481025,0.3058252427184466,0.30185348631950576,0.2228596646072374
0.1738374619730552,0.30378096479791394,0.2937853107344633,0.22859626249456758
0.17419921017990347,0.3018867924528302,0.2966213251426064,0.22729267222465993
0.1754775655264327,0.3065304309195913,0.2900932918702799,0.22789871168369613
0.17516629711751663,0.30687361419068737,0.28780487804878047,0.23015521064301553
0.17584839136183342,0.30409872190392245,0.29219920669898636,0.22785368003525783
0.18129938542581212,0.30465320456540823,0.2870939420544337,0.22695346795434593
0.17309417040358743,0.31390134529147984,0.289237668161435,0.22376681614349775
0.18189768255356362,0.31132487975513773,0.2864013992129427,0.22037603847835593
0.17678100263852242,0.31618293755496923,0.28452066842568163,0.22251539138082674
0.18473014480035102,0.3163668275559456,0.27906976744186046,0.2198332602018429
0.18433787945446548,0.31588209414870216,0.28244610646722396,0.21733391992960846
0.18411867364746945,0.31413612565445026,0.27835951134380454,0.22338568935427575
0.17926186291739896,0.320298769771529,0.2741652021089631,0.22627416520210897
0.1793286219081272,0.3250883392226148,0.2667844522968198,0.22879858657243815
0.18080357142857142,0.32767857142857143,0.2674107142857143,0.22410714285714287
0.18361955085865259,0.3249669749009247,0.2637604579480405,0.22765301629238222
0.18515245249668583,0.3256738842244808,0.25939019001325675,0.22978347326557666
0.17841409691629956,0.33215859030837,0.2616740088105727,0.2277533039647577
0.17913732394366197,0.33186619718309857,0.25044014084507044,0.238556338028169
0.17660044150110377,0.33863134657836647,0.24812362030905077,0.23664459161147902
0.18276762402088773,0.3342036553524804,0.24586597040905134,0.23716275021758051
0.18351063829787234,0.3275709219858156,0.24379432624113476,0.24512411347517732
0.1814569536423841,0.32538631346578367,0.24591611479028697,0.24724061810154527
0.17799210872424376,0.3191582639193336,0.25208241999123193,0.2507672073651907
0.17706949977866313,0.3196104471004869,0.24922532093846836,0.2540947321823816
0.17830478700043917,0.32103645147123405,0.24593763724198506,0.2547211242863417
0.17712505562972852,0.32176234979973295,0.24788607031597687,0.25322652425456166
0.17860262008733624,0.32139737991266376,0.2441048034934498,0.25589519650655024
0.17766947275143996,0.3269827204253434,0.24014178112538767,0.25520602569782896
0.17887261429205503,0.3293386595650244,0.2365734576120728,0.25521526853084775
0.18021978021978022,0.32263736263736265,0.23516483516483516,0.261978021978022
0.18320278503046128,0.3268059181897302,0.23150565709312446,0.2584856396866841
0.180506993006993,0.32823426573426573,0.2263986013986014,0.26486013986013984
0.1836283185840708,0.3252212389380531,0.22079646017699114,0.270353982300885
0.17912428129146396,0.3264042459088899,0.21892967713401149,0.2755417956656347
0.17825704225352113,0.3283450704225352,0.2227112676056338,0.2706866197183099
0.18173875054608998,0.32634338138925295,0.21887287024901703,0.27304499781564
0.1835024261138068,0.32730480811645346,0.21879135421261578,0.27040141155712394
0.17930732135028496,0.32310390179745724,0.22051731696624288,0.2770714598860149
0.1757522895769734,0.3253379851722634,0.2158744003488879,0.2830353249018753
0.18405988551298988,0.3249669749009247,0.21488331131660063,0.2760898282694848
0.1854449802718106,0.3301183691363437,0.21131082858395442,0.27312582200789126
0.18780166739798157,0.32207108380868804,0.21105748135146996,0.27906976744186046
0.18843120070113936,0.3172655565293602,0.20990359333917616,0.28439964943032425
0.19131197893813076,0.314611671785871,0.21061869240895129,0.28345765686704694
0.19079238601150952,0.315626383355467,0.21336874723328905,0.28021248339973437
0.18923687692986327,0.3149536832818703,0.21349801499779444,0.282311424790472
0.19116360454943132,0.3206474190726159,0.20647419072615922,0.28171478565179353
0.18659020732245257,0.31980591089545657,0.20820467578297308,0.2853992059991178
0.18298059964726632,0.3165784832451499,0.21296296296296297,0.2874779541446208
0.18173875054608998,0.31411096548711226,0.21406727828746178,0.290083005679336
0.18547681539807523,0.3206474190726159,0.21084864391951005,0.28302712160979876
0.18747262374069207,0.3105562855891371,0.20981165133596144,0.29215943933420935
0.18629173989455183,0.30404217926186294,0.2139718804920914,0.29569420035149385
0.19377466023673828,0.2981148619026743,0.20955721174923278,0.2985532661113547
0.19058002616659397,0.3087658089838639,0.2093327518534671,0.291321412996075
0.1919545255793616,0.30826410144293837,0.2090074333187582,0.2907739396589418
0.194456665200176,0.3062032556093269,0.21029476462824462,0.2890453145622525
0.1956713780918728,0.3122791519434629,0.21113074204946997,0.28091872791519434
0.19549867608120036,0.3115622241835834,0.2122683142100618,0.28067078552515445
0.19309123117803365,0.3095659875996457,0.2121346324180691,0.28520814880425155
0.1940891045434495,0.31274812527569473,0.2086457873842082,0.28451698279664756
0.1956140350877193,0.3092105263157895,0.20964912280701756,0.2855263157894737
0.19432120674356698,0.30967169476486245,0.20718722271517304,0.2888198757763975
0.19384615384615383,0.30945054945054945,0.2079120879120879,0.2887912087912088
0.19720767888307156,0.3075916230366492,0.20724258289703315,0.2879581151832461
0.19760744350908285,0.31014621178555607,0.20735489587948605,0.2848914488258751
0.2009695901278096,0.2983693256941384,0.20758043190832967,0.29308065226972235
0.1910013233348037,0.30613145125716806,0.20732245258050286,0.29554477282752534
0.18541300527240773,0.30975395430579966,0.2056239015817223,0.2992091388400703
0.18635170603674542,0.30708661417322836,0.20341207349081364,0.3031496062992126
0.18575851393188855,0.29721362229102166,0.20875718708536045,0.3082706766917293
0.1892130857648099,0.29619805481874445,0.21441202475685234,0.3001768346595933
0.19824561403508772,0.2964912280701754,0.20482456140350877,0.30043859649122806
0.19222367846221058,0.2931411096548711,0.21319353429445173,0.30144167758846657
0.19395017793594305,0.2944839857651246,0.21263345195729538,0.298932384341637
0.19614711033274956,0.28327495621716287,0.21760070052539404,0.30297723292469353
0.19281332164767748,0.2900964066608238,0.22085889570552147,0.2962313759859772
0.19290465631929046,0.28780487804878047,0.22084257206208427,0.2984478935698448
0.18850267379679145,0.29233511586452765,0.21301247771836007,0.30614973262032086
0.18722271517302574,0.28748890860692106,0.2178349600709849,0.30745341614906835
0.183348095659876,0.29096545615589015,0.21966341895482727,0.30602302922940655
0.1790258885476086,0.29530495831505044,0.21456779289161912,0.3111013602457218
0.17675438596491228,0.2969298245614035,0.21359649122807017,0.312719298245614
0.1782742006132282,0.28996933858957513,0.21594393342093737,0.3158125273762593
0.17647058823529413,0.2901371074745688,0.21406457319770014,0.31932773109243695
0.17903154153709464,0.28520657485561973,0.21545979564637938,0.32030208796090626
0.1807810443176832,0.2808249232119351,0.21544537077665643,0.3229486616937253
0.18331114070128718,0.28894806924101196,0.2103861517976032,0.31735463826009763
0.1814217182730048,0.2895769733972961,0.20976886175316178,0.31923244657653727
0.18625277161862527,0.28824833702882485,0.20620842572062084,0.31929046563192903
0.18575851393188855,0.28217602830605926,0.20787262273330384,0.32419283502874835
0.18716577540106952,0.27807486631016043,0.20766488413547238,0.3270944741532977
0.1868664609960335,0.2776553547818422,0.20537681798148966,0.33010136624063463
0.18769230769230769,0.2764835164835165,0.2079120879120879,0.3279120879120879
0.18722466960352424,0.2753303964757709,0.21013215859030837,0.3273127753303965
0.1861281826163301,0.28050921861281825,0.20983318700614575,0.3235294117647059
0.18550851156700132,0.2806634657354867,0.20427760803142733,0.3295504146660847
0.19374724790841039,0.2760898282694848,0.20123293703214443,0.3289299867899604
0.20035382574082264,0.2830605926581159,0.20168067226890757,0.3149049093321539
0.202726473175022,0.27792436235708,0.20492524186455585,0.3144239226033421
0.19716437749224636,0.2835622507753655,0.20381036774479397,0.31546300398759414
0.19672855879752432,0.28603006189213087,0.20159151193633953,0.3156498673740053
0.19220549158547387,0.28565101860053144,0.20549158547387067,0.316651904340124
0.1984126984126984,0.2804232804232804,0.2037037037037037,0.31746031746031744
0.20604997807978956,0.2740026304252521,0.1999123191582639,0.3200350723366944
0.2091188075405524,0.27049539675580886,0.20298114861902675,0.317404647084612
0.21001329198050508,0.27558706247230835,0.19627824545857334,0.3181214000886132
0.21040925266903915,0.27669039145907476,0.1903914590747331,0.322508896797153
0.2088055797733217,0.2794245858761988,0.18352223190932868,0.3282476024411508
0.20907900480139677,0.2802269751200349,0.18332605848974248,0.32736796158882586
0.2166446499339498,0.277851166886834,0.18273888154997797,0.3227653016292382
0.21363040629095675,0.2852774137177807,0.18173875054608998,0.3193534294451726
0.2152624614027349,0.286281429201588,0.18173797970886635,0.3167181296868108
0.2212467076382792,0.28050921861281825,0.1861281826163301,0.31211589113257243
0.2229580573951435,0.2768211920529801,0.1902869757174393,0.30993377483443707
0.22036874451273047,0.28050921861281825,0.18305531167690958,0.3160667251975417
0.21573828470380194,0.28779840848806365,0.18213969938107868,0.31432360742705573
0.2209557211749233,0.285839544059623,0.1845681718544498,0.30863656291100394
0.22275711159737419,0.28665207877461707,0.18074398249452955,0.3098468271334792
0.22173144876325088,0.2879858657243816,0.178886925795053,0.3113957597173145
0.218612818261633,0.28797190517998245,0.17603160667251974,0.3173836698858648
0.21898454746136867,0.2838852097130243,0.17836644591611478,0.31876379690949225
0.22154115586690018,0.27802101576182137,0.18695271453590193,0.3134851138353765
0.22531535450195736,0.27881687690300133,0.1848629839060461,0.31100478468899523
0.2236024844720497,0.27684117125110913,0.18722271517302574,0.31233362910381546
0.2243362831858407,0.2809734513274336,0.18539823008849557,0.3092920353982301
0.22817025010969724,0.2803861342694164,0.1834137779727951,0.3080298376480913
0.22167487684729065,0.2727272727272727,0.1831616659202866,0.32243618450515005
0.2237422771403354,0.26831421006178285,0.18049426301853486,0.32744924977934686
0.22717247463608292,0.27128363475959416,0.17776797529775032,0.32377591530657257
0.23001776198934282,0.27486678507992895,0.17984014209591473,0.31527531083481347
0.22300572939620977,0.2776553547818422,0.18157778757161747,0.31776112825033054
0.225130890052356,0.27530541012216403,0.174956369982548,0.32460732984293195
0.22397891963109354,0.2683355292050944,0.17918313570487485,0.3285024154589372
0.22364924712134632,0.2728077945084145,0.17891939769707707,0.3246235606731621
0.22182942996022978,0.2708793636765356,0.17719840919133892,0.3300927971718957
0.2244355909694555,0.266489597166888,0.17397078353253653,0.33510402833111996
0.22311111111111112,0.2751111111111111,0.1711111111111111,0.33066666666666666
0.22261328640563133,0.2740871095468544,0.16981962164540254,0.33347998240211174
0.22192749778956675,0.27895667550839964,0.17108753315649866,0.3280282935455349
0.2233570159857904,0.2753108348134991,0.17273534635879217,0.3285968028419183
0.2253397632617273,0.27005699254712845,0.17974572555896537,0.3248575186321789
0.22697512003491924,0.27062418158009605,0.1828895678742907,0.319511130510694
0.22280933509467196,0.26904447380008806,0.18361955085865259,0.3245266402465874
0.21964050854888206,0.2779482683033757,0.17623849188952215,0.3261727312582201
0.21999107541276217,0.2748772869254797,0.178491744756805,0.32663989290495316
0.22353455818022747,0.27121609798775154,0.17935258092738407,0.3258967629046369
0.22333478450152372,0.2760121898127993,0.1719634305616021,0.32868959512407486
0.22163819535698642,0.2794568550153307,0.1712658782303986,0.32763907139728426
0.22643979057591623,0.2792321116928447,0.1662303664921466,0.32809773123909247
0.23573639982308714,0.28040689960194604,0.16275984077841663,0.32109685979655017
0.227792436235708,0.2836411609498681,0.16842568161829374,0.3201407211961302
0.22934973637961337,0.28251318101933215,0.1665202108963093,0.3216168717047452
0.22883597883597884,0.28703703703703703,0.1657848324514991,0.318342151675485
0.23244444444444445,0.288,0.16844444444444445,0.3111111111111111
0.23563218390804597,0.28603006189213087,0.16976127320954906,0.30857648099027407
0.23913997367266346,0.28960070206230804,0.1689337428696797,0.3023255813953488
0.2370403190075321,0.2906513070447497,0.16747895436420027,0.30482941958351795
0.24006983849847227,0.2902662592754256,0.16586643387167177,0.3037974683544304
0.23385300668151449,0.2930957683741648,0.16570155902004455,0.30734966592427615
0.2349582784365393,0.28809837505489677,0.16996047430830039,0.3069828722002635
0.23433362753751102,0.28993821712268314,0.1676963812886143,0.30803177405119153
0.22968818620992534,0.29600351339481773,0.17039964866051824,0.3039086517347387
0.2268538832821413,0.2961825362000878,0.17112768758227292,0.305835892935498
0.2223202470224967,0.29554477282752534,0.17820908689898543,0.3039258932509925
0.2188449848024316,0.3009118541033435,0.17368649587494572,0.3065566652192792
0.21678321678321677,0.305506993006993,0.17482517482517482,0.30288461538461536
0.21862527716186253,0.29977827050997785,0.17605321507760532,0.3055432372505543
0.22256637168141594,0.29557522123893804,0.17699115044247787,0.3048672566371681
0.22114962702939886,0.29706011408512506,0.17419921017990347,0.30759104870557263
0.22173144876325088,0.2915194346289753,0.17535335689045936,0.3113957597173145
0.22037603847835593,0.29208570179274157,0.17577612592916483,0.31176213379973766
0.21775251421075645,0.29470922606034106,0.17184083952776563,0.31569742020113684
0.21312910284463896,0.2962800875273523,0.1763676148796499,0.31422319474835886
0.20679012345679013,0.2985008818342152,0.17945326278659612,0.3152557319223986
0.20816864295125165,0.30610452349582784,0.17391304347826086,0.31181379007465965
0.2020069808027923,0.3023560209424084,0.17713787085514834,0.31849912739965097
0.2124283825473777,0.2974878801234024,0.18157778757161747,0.3085059497576025
0.21054945054945054,0.29626373626373625,0.1753846153846154,0.3178021978021978
0.2119613016710642,0.2928759894459103,0.1789797713280563,0.31618293755496923
0.21166593018117544,0.2894387980556783,0.17852408307556342,0.32037118868758285
0.21134249003101463,0.28799291094373064,0.18077093486929552,0.3198936641559592
0.2145960034752389,0.288879235447437,0.17940920938314509,0.317115551694179
0.21818976825535635,0.2916484477481417,0.17577612592916483,0.31438565806733715
0.21967357741508603,0.28760476400529333,0.1773268636965152,0.3153947948831054
0.21419242490204615,0.29603831084022636,0.1780583369612538,0.31171092729647365
0.2145054945054945,0.2918681318681319,0.1767032967032967,0.3169230769230769
0.21022476862053768,0.2899955927721463,0.17981489643014545,0.3199647421771706
0.2149161518093557,0.2903795233892321,0.17475728155339806,0.3199470432480141
0.2169894366197183,0.28080985915492956,0.18045774647887325,0.3217429577464789
0.22202643171806166,0.28149779735682817,0.17841409691629956,0.3180616740088106
0.2157731501993797,0.2826761187416925,0.1843154630039876,0.3172352680549402
0.21720052654673103,0.2847740236946029,0.1834137779727951,0.314611671785871
0.21222862206468765,0.2826761187416925,0.18077093486929552,0.32432432432432434
0.21365638766519823,0.29030837004405285,0.17885462555066078,0.31718061674008813
0.2074561403508772,0.2899122807017544,0.18289473684210528,0.31973684210526315
0.20937363118703461,0.28602715724923344,0.1809023215067893,0.32369689005694263
0.20620358235037134,0.28833551769331583,0.18479685452162517,0.32066404543468763
0.21453590192644484,0.28458844133099825,0.1808231173380035,0.3200525394045534
0.21469676848162905,0.28375387339530767,0.17928286852589642,0.32226648959716686
0.21241258741258742,0.2840909090909091,0.1791958041958042,0.3243006993006993
0.21157243816254417,0.2795936395759717,0.18639575971731448,0.3224381625441696
0.2125984251968504,0.2773403324584427,0.189413823272091,0.3206474190726159
0.21643109540636044,0.2751766784452297,0.19434628975265017,0.31404593639575973
0.21171770972037285,0.27385707944962273,0.19618286728806036,0.3182423435419441
0.21671826625386997,0.2724458204334365,0.19195046439628483,0.3188854489164087
0.22065313327449249,0.2705207413945278,0.19373345101500442,0.31509267431597526
0.2193176783340718,0.26849800620292424,0.19539211342490032,0.31679220203810365
0.21965065502183406,0.2689956331877729,0.1930131004366812,0.3183406113537118
0.2252894033837934,0.27515583259127335,0.19278717720391808,0.3067675868210151
0.22797698096502877,0.2779991146525011,0.19034971226206285,0.30367419212040725
0.2263986013986014,0.2736013986013986,0.19187062937062938,0.3081293706293706
0.22651448639157157,0.2796312554872695,0.1865671641791045,0.30728709394205445
0.22143802382002647,0.28407587119541244,0.18835465372739302,0.30613145125716806
0.2279379157427938,0.27893569844789357,0.18580931263858094,0.3073170731707317
0.2224168126094571,0.2788966725043783,0.18651488616462347,0.31217162872154114
0.22074468085106383,0.2801418439716312,0.18882978723404256,0.3102836879432624
0.22105723023154217,0.27916120576671033,0.19047619047619047,0.30930537352555704
0.2223194748358862,0.2765864332603939,0.1951859956236324,0.3059080962800875
0.22755281690140844,0.27024647887323944,0.198943661971831,0.3032570422535211
0.2318141980718668,0.26117440841367223,0.20639789658194566,0.3006134969325153
0.23568575233022637,0.26409232134931204,0.20461606746560143,0.2956058588548602
0.23192239858906524,0.26499118165784835,0.2037037037037037,0.2993827160493827
0.2353198948290973,0.2581069237510955,0.20289219982471515,0.30368098159509205
0.24023090586145648,0.24511545293072823,0.2069271758436945,0.3077264653641208
0.24130434782608695,0.2465217391304348,0.20695652173913043,0.30521739130434783
0.2382847038019452,0.246684350132626,0.20114942528735633,0.3138815207780725
0.23614775725593667,0.2519788918205805,0.19876868953386104,0.3131046613896218
0.2342857142857143,0.2531868131868132,0.19736263736263737,0.3151648351648352
0.2327209098862642,0.24934383202099739,0.19860017497812774,0.3193350831146107
0.238556338028169,0.2517605633802817,0.1936619718309859,0.3160211267605634
0.2303595206391478,0.2498890368397692,0.1970705725699068,0.32268086995117623
0.23015873015873015,0.24911816578483245,0.1966490299823633,0.32407407407407407
0.22982456140350876,0.25219298245614036,0.19649122807017544,0.32149122807017544
0.2265315116791538,0.25209343323049804,0.19920669898633758,0.32216835610401057
0.22091503267973855,0.2496732026143791,0.19694989106753813,0.33246187363834423
0.22474857892435504,0.24486226497595104,0.19632706602536074,0.3340620900743332
0.22377622377622378,0.24256993006993008,0.20017482517482518,0.333479020979021
0.22515391380826738,0.23834652594547054,0.19700967458223395,0.33948988566402816
0.23063457330415754,0.23894967177242887,0.19649890590809627,0.33391684901531726
0.23260965883916704,0.23260965883916704,0.20203810367744793,0.33274257864421797
0.2318840579710145,0.23671497584541062,0.19894598155467721,0.33245498462889767
0.226423487544484,0.23976868327402134,0.20195729537366547,0.3318505338078292
0.22423706324635118,0.23750552852720036,0.2043343653250774,0.3339230429013711
0.21924428822495606,0.24121265377855888,0.1999121265377856,0.3396309314586995
0.21905179982440737,0.23529411764705882,0.2019315188762072,0.3437225636523266
0.21478565179352582,0.2357830271216098,0.20297462817147857,0.3464566929133858
0.2112488928255093,0.23604960141718334,0.20903454384410983,0.3436669619131975
0.21441124780316345,0.23330404217926187,0.20254833040421794,0.34973637961335674
0.21048034934497817,0.23013100436681222,0.2096069868995633,0.3497816593886463
0.21406593406593408,0.22593406593406593,0.21054945054945054,0.34945054945054943
0.20758043190832967,0.2265315116791538,0.2119876597620097,0.3539003966505068
0.20691182986264953,0.2255206025697829,0.20824102791315907,0.3593265396544085
0.2040457343887423,0.2264731750219877,0.21328056288478453,0.3562005277044855
0.21029476462824462,0.2212934447866256,0.21293444786625604,0.3554773427188737
0.21406593406593408,0.21318681318681318,0.20835164835164835,0.3643956043956044
0.2222713212549713,0.2138753866548829,0.21078214759169245,0.3530711444984534
0.2210944395410415,0.21712268314210062,0.21315092674315975,0.34863195057369817
0.22583479789103691,0.22100175746924428,0.2047451669595782,0.3484182776801406
0.22641509433962265,0.21939447125932426,0.20579201404124617,0.34839842035980695
0.23333333333333334,0.21535087719298246,0.2057017543859649,0.3456140350877193
0.23383525243578387,0.21479185119574845,0.20194862710363154,0.34942426926483616
0.22390722569134702,0.2167707404103479,0.2024977698483497,0.3568242640499554
0.22173531989482909,0.22348816827344434,0.19675723049956179,0.35801928133216476
0.22060766182298547,0.22545134302069572,0.19418758256274768,0.35975341259357113
0.2218804920913884,0.22539543057996486,0.20035149384885764,0.3523725834797891
0.2233570159857904,0.22824156305506216,0.19404973357015987,0.3543516873889876
0.22643979057591623,0.22731239092495636,0.19633507853403143,0.349912739965096
0.22679509632224168,0.22723292469352013,0.19527145359019266,0.35070052539404556
0.2264975951027547,0.22912111937035418,0.19588981198076083,0.3484914735461303
0.2222222222222222,0.23364075537988582,0.19499341238471674,0.34914361001317523
0.22697512003491924,0.23264949803579224,0.19423832387603668,0.34613705805325184
0.22930500221336875,0.2319610447100487,0.18902169101372288,0.34971226206285966
0.23183993040452372,0.23140495867768596,0.1926924749891257,0.34406263592866465
0.23423817863397547,0.22985989492119088,0.19133099824868652,0.3445709281961471
0.23637961335676624,0.22847100175746923,0.19156414762741653,0.343585237258348
0.24172915747684165,0.22364358182620203,0.19629466254962505,0.3383325981473313
0.24292555507183283,0.2220287331301698,0.195907705703091,0.3391380060949064
0.2439347154830172,0.22055580061755625,0.19541243934715483,0.34009704455227174
0.24283825473776993,0.22256500661084178,0.19920669898633758,0.3353900396650507
0.2392638036809816,0.2283085013146363,0.1971954425942156,0.3352322524101665
0.2363238512035011,0.22844638949671772,0.2,0.33522975929978116
0.23124177270732776,0.22378236068451074,0.20666959192628345,0.338306274681878
0.23719081272084805,0.2248233215547703,0.20141342756183744,0.3365724381625442
0.24614707177454867,0.22369000440334655,0.19991193306913255,0.33025099075297226
0.2419283502874834,0.22379478107032286,0.20654577620521894,0.3277310924369748
0.24539877300613497,0.21954425942156003,0.20902716914986855,0.32602979842243646
0.24375274002630426,0.21832529592284086,0.210872424375274,0.32704953967558087
0.24514134275618374,0.2137809187279152,0.2146643109540636,0.32641342756183744
0.24547461368653423,0.21147902869757174,0.21766004415011037,0.32538631346578367
0.2432192085371276,0.2089817696754113,0.21742996887505558,0.33036905291240554
0.2422907488986784,0.21541850220264316,0.21541850220264316,0.32687224669603526
0.24769027716674,0.21733391992960846,0.21161460624725034,0.32336119665640123
0.24758135444151275,0.21416007036059806,0.2040457343887423,0.33421284080914687
0.25121412803532006,0.21898454746136867,0.19823399558498897,0.3315673289183223
0.25629695095006627,0.22492266902342023,0.18912947414935927,0.32965090587715423
0.2497805092186128,0.2273924495171203,0.19183494293239683,0.33099209833187004
0.24911347517730498,0.225177304964539,0.19592198581560283,0.32978723404255317
0.24736379613356765,0.22451669595782073,0.20035149384885764,0.327768014059754
0.242091388400703,0.22715289982425307,0.1968365553602812,0.3339191564147627
0.24287593160894344,0.22621657167908812,0.19508987286277948,0.33581762384918895
0.24933095450490633,0.22033898305084745,0.19982158786797502,0.3305084745762712
0.2505533421868083,0.21956617972554227,0.19698981850376274,0.3328906595838867
0.2508818342151676,0.21604938271604937,0.20502645502645503,0.328042328042328
0.24622222222222223,0.216,0.208,0.3297777777777778
0.25021949078138717,0.21246707638279191,0.20719929762949957,0.3301141352063213
0.24901011878574572,0.21381434227892654,0.21029476462824462,0.3268807743070832
0.24901531728665208,0.2100656455142232,0.212253829321663,0.32866520787746173
0.24670184696569922,0.20800351802990324,0.2106420404573439,0.33465259454705365
0.2517543859649123,0.2057017543859649,0.20789473684210527,0.33464912280701753
0.25396825396825395,0.20899470899470898,0.21119929453262787,0.32583774250440917
0.25077399380804954,0.20566121185316233,0.2127377266696152,0.3308270676691729
0.2571554381329811,0.20651695288419197,0.21268163804491413,0.3236459709379128
0.25524475524475526,0.19886363636363635,0.21547202797202797,0.3304195804195804
0.2565789473684211,0.2,0.20964912280701756,0.3337719298245614
0.25087719298245614,0.20482456140350877,0.20701754385964913,0.33728070175438596
0.25077399380804954,0.20875718708536045,0.20300751879699247,0.33746130030959753
0.25274243089074155,0.20579201404124617,0.2062308029837648,0.33523475208424747
0.256816182937555,0.20052770448548812,0.2009674582233949,0.341688654353562
0.25503943908851884,0.2046450482033304,0.2002629272567923,0.34005258545135847
0.25686448184233834,0.20549158547387067,0.20150575730735165,0.3361381753764393
0.2543936731107206,0.2060632688927944,0.2038664323374341,0.335676625659051
0.25799481417458947,0.20916162489196197,0.20440795159896283,0.32843560933448573
0.2642762284196547,0.20849933598937584,0.2067286409915892,0.32049579459938027
0.2583041958041958,0.21153846153846154,0.21197552447552448,0.3181818181818182
0.2620932277924362,0.20580474934036938,0.2102022867194371,0.32189973614775724
0.2647577092511013,0.2092511013215859,0.20616740088105726,0.3198237885462555
0.26322751322751325,0.20634920634920634,0.20679012345679013,0.3236331569664903
0.2635283765948086,0.21161460624725034,0.2067751869775627,0.31808183018037833
0.25689277899343543,0.21400437636761488,0.20656455142231947,0.3225382932166302
0.25320938468348825,0.22000885347498894,0.20628596724214254,0.32049579459938027
0.2514210756449497,0.22343681679055533,0.20638390905115872,0.31875819851333625
0.2560386473429952,0.22266139657444006,0.2090469916556873,0.31225296442687744
0.25382262996941896,0.21930974224552205,0.2105723023154216,0.3162953254696374
0.25880281690140844,0.21610915492957747,0.20642605633802816,0.31866197183098594
0.2561029738126942,0.2166000887705282,0.20683533067021748,0.32046160674656016
0.2576419213973799,0.2131004366812227,0.20786026200873362,0.32139737991266376
0.249670908293111,0.2071083808688021,0.209741114523914,0.3334795963141729
0.24823321554770317,0.20848056537102475,0.20936395759717313,0.3339222614840989
0.24966916629907365,0.2051168945743273,0.20820467578297308,0.33700926334362596
0.24495171202809482,0.2032484635645303,0.21553994732221246,0.3362598770851624
0.24313551815766166,0.21036315323294952,0.21036315323294952,0.3361381753764393
0.24263736263736263,0.20747252747252748,0.20835164835164835,0.3415384615384615
0.24631202503352703,0.20831470719713902,0.2087617344658024,0.3366115333035315
0.24945391000436873,0.21188291830493666,0.20969855832241152,0.3289646133682831
0.25410928476232786,0.20435362061306087,0.20746334962239005,0.33407374500222126
0.2608886933567972,0.20501539815222172,0.20413550373955125,0.32996040475142985
0.25785340314136124,0.20593368237347295,0.21378708551483422,0.32242582897033156
0.2548161120840631,0.20665499124343256,0.21015761821366025,0.3283712784588441
0.26108156028368795,0.20656028368794327,0.20833333333333334,0.32402482269503546
0.2543936731107206,0.20738137082601055,0.21528998242530756,0.3229349736379613
0.24835164835164836,0.2123076923076923,0.21714285714285714,0.3221978021978022
0.24702774108322326,0.21180096873623955,0.22060766182298547,0.32056362835755176
0.25098039215686274,0.21002178649237474,0.22309368191721132,0.3159041394335512
0.25165271044513,0.2124283825473777,0.2256500661084178,0.31026884089907447
0.24868421052631579,0.2057017543859649,0.22324561403508772,0.3223684210526316
0.2501098901098901,0.2057142857142857,0.2276923076923077,0.31648351648351647
0.25165562913907286,0.2044150110375276,0.2251655629139073,0.31876379690949225
0.25680421422300265,0.2080772607550483,0.21729587357330993,0.31782265144863914
0.2647961420429636,0.2073651907058308,0.21657167908811925,0.31126698816308634
0.2597864768683274,0.21040925266903915,0.2206405693950178,0.30916370106761565
0.26136865342163357,0.21059602649006623,0.22428256070640176,0.30375275938189844
0.26341248900615655,0.21284080914687775,0.22251539138082674,0.30123131046613894
0.26366418889374726,0.20857017927415827,0.2225623087013555,0.30520332313073895
0.26225165562913905,0.20838852097130242,0.22251655629139072,0.3068432671081678
0.2627673505019642,0.21475338280226974,0.2221737232649498,0.3003055434308162
0.2592267135325132,0.21353251318101935,0.2218804920913884,0.3053602811950791
0.2625055334218681,0.20717131474103587,0.22355024347056218,0.30677290836653387
0.2606406318560772,0.20359806932865293,0.22904782799473453,0.30671347082053535
0.2569048662867163,0.20561157387110915,0.22709338009644892,0.3103901797457256
0.24735449735449735,0.20767195767195767,0.22971781305114639,0.3152557319223986
0.2509942554131684,0.2072470172337605,0.23110914714980116,0.31064958020327
0.25906277630415564,0.20733863837312114,0.22944297082228116,0.3041556145004421
0.2598597721297108,0.20508326029798424,0.2318141980718668,0.3032427695004382
0.2576091751213057,0.20291133656815175,0.2333480370533745,0.30613145125716806
0.2559390407888839,0.1963245181532945,0.23532048408785297,0.3124159569699686
0.26225919439579687,0.19483362521891417,0.22942206654991243,0.3134851138353765
0.26581158779301195,0.19283502874834144,0.22865988500663423,0.3126934984520124
0.26128890837352037,0.19596668128014028,0.22709338009644892,0.3156510302498904
0.25620567375886527,0.19414893617021275,0.23315602836879432,0.31648936170212766
0.25873507297655907,0.19283502874834144,0.23175586023883238,0.31667403803626715
0.2640845070422535,0.18617957746478872,0.22799295774647887,0.3217429577464789
0.26786497150372646,0.1854449802718106,0.22577816747040771,0.32091188075405525
0.26264848218213815,0.18565772107347117,0.2300923889133304,0.3216014078310603
0.2642669007901668,0.17998244073748904,0.23002633889376647,0.3257243195785777
0.2640597539543058,0.179701230228471,0.23154657293497363,0.3246924428822496
0.2612137203166227,0.1882145998240985,0.2343887423043096,0.31618293755496923
0.262071992976295,0.18700614574187885,0.233099209833187,0.31782265144863914
0.25976909413854354,0.1882770870337478,0.24156305506216696,0.31039076376554176
0.2513250883392226,0.18639575971731448,0.24381625441696114,0.31846289752650175
0.2522875816993464,0.19128540305010894,0.23703703703703705,0.3193899782135076
0.25087719298245614,0.19078947368421054,0.24649122807017543,0.3118421052631579
0.24846356453028973,0.18920105355575065,0.24451273046532046,0.31782265144863914
0.25809273840769903,0.18503937007874016,0.2458442694663167,0.3110236220472441
0.2525386313465784,0.18543046357615894,0.24415011037527592,0.31788079470198677
0.25528169014084506,0.18661971830985916,0.24515845070422534,0.31294014084507044
0.25619469026548675,0.18938053097345134,0.2415929203539823,0.31283185840707967
0.2506573181419807,0.19106047326906223,0.2392638036809816,0.31901840490797545
0.25309187279151946,0.19390459363957596,0.22968197879858657,0.32332155477031804
0.25451343020695727,0.19726992514310876,0.22677234698370763,0.32144429766622634
0.2525164113785558,0.1986870897155361,0.21969365426695842,0.3291028446389497
0.24977777777777777,0.19333333333333333,0.22,0.3368888888888889
0.2559262510974539,0.18920105355575065,0.22431957857769974,0.3305531167690957
0.25355239786856126,0.18561278863232683,0.22690941385435168,0.3339253996447602
0.2549363756033348,0.1807810443176832,0.2268538832821413,0.33742869679684073
0.2605228178998671,0.17811253876827648,0.2259636685866194,0.33540097474523706
0.25505716798592787,0.18293755496921724,0.2260334212840809,0.335971855760774
0.25443262411347517,0.17907801418439717,0.23315602836879432,0.3333333333333333
0.2545054945054945,0.17714285714285713,0.22813186813186814,0.3402197802197802
0.25401650021710814,0.1762917933130699,0.2396873643074251,0.3300043421623969
0.24912280701754386,0.17324561403508773,0.23684210526315788,0.34078947368421053
0.2504432624113475,0.17907801418439717,0.23625886524822695,0.3342198581560284
0.24243752740026303,0.18062253397632616,0.23366944322665498,0.3432704953967558
0.24900486510393632,0.18310482087571872,0.23308270676691728,0.3348076072534277
0.25077399380804954,0.18443166740380362,0.23087129588677577,0.3339230429013711
0.25154457193292146,0.18358340688437777,0.235657546337158,0.3292144748455428
0.2607550482879719,0.18437225636523266,0.2295873573309921,0.32528533801580334
0.2632978723404255,0.18306737588652483,0.22916666666666666,0.324468085106383
0.26425099425541315,0.18294299602297834,0.22624834290764473,0.32655766681396375
0.2643171806167401,0.1841409691629956,0.2211453744493392,0.3303964757709251
0.26516157591854805,0.1845949535192563,0.2288623284639221,0.32138114209827356
0.26704795424549055,0.1803783545974483,0.22437307523097227,0.32820061592608885
0.26294995610184374,0.18349429323968394,0.23134328358208955,0.3222124670763828
0.26548672566371684,0.18008849557522125,0.2323008849557522,0.32212389380530976
0.2692982456140351,0.18070175438596492,0.23464912280701755,0.31535087719298244
0.2662251655629139,0.1805739514348786,0.23399558498896247,0.31920529801324504
0.26914660831509846,0.17680525164113786,0.22932166301969364,0.32472647702407004
0.2710816777041943,0.17306843267108168,0.23090507726269316,0.32494481236203093
0.2680457746478873,0.17737676056338028,0.2319542253521127,0.3226232394366197
0.2658450704225352,0.18265845070422534,0.22799295774647887,0.32350352112676056
0.27660510114335973,0.18249780123131046,0.22427440633245382,0.316622691292876
0.2762577228596646,0.17784642541924095,0.22992056487202117,0.3159752868490733
0.2750766535260622,0.17520805957074026,0.23302671922908455,0.316688567674113
0.27353463587921845,0.1802841918294849,0.23046181172291297,0.3157193605683837
0.27232732072151344,0.1781786185657721,0.2331720193576771,0.3163220413550374
0.2751766784452297,0.18021201413427562,0.23012367491166077,0.31448763250883394
0.2774566473988439,0.17874610938194754,0.22765673632725655,0.316140506891952
0.2775330396475771,0.1762114537444934,0.23524229074889869,0.31101321585903086
0.27859368046283933,0.17489986648865152,0.2349799732977303,0.3115264797507788
0.2755281690140845,0.17341549295774647,0.23943661971830985,0.31161971830985913
0.2700087950747581,0.17326297273526825,0.24318381706244502,0.31354441512752856
0.27407075682937754,0.17062248096730856,0.2400358262427228,0.31527093596059114
0.28183437221727514,0.1705253784505788,0.23330365093499555,0.3143365983971505
0.27846425419240955,0.16902030008826124,0.23698146513680493,0.3155339805825243
0.28153644696639024,0.16673941510257528,0.22915757311217808,0.32256656481885637
0.28421512898994317,0.17009182334936598,0.22824661128115434,0.3174464363795365
0.2834061135371179,0.16812227074235808,0.22707423580786026,0.32139737991266376
0.28300220750551874,0.1704194260485651,0.2229580573951435,0.3236203090507726
0.28234265734265734,0.17001748251748253,0.22246503496503497,0.32517482517482516
0.2828193832599119,0.17577092511013215,0.22202643171806166,0.31938325991189426
0.2823788546255507,0.173568281938326,0.22202643171806166,0.32202643171806167
0.27584689837219534,0.17201935767707874,0.22877254729432467,0.32336119665640123
0.2773626373626374,0.16967032967032966,0.23076923076923078,0.3221978021978022
0.28156621205455346,0.1759788825340959,0.2331720193576771,0.30928288605367354
0.2741364038972542,0.18113374667847654,0.2316209034543844,0.31310894596988487
0.27477876106194693,0.18451327433628317,0.2261061946902655,0.3146017699115044
0.27804663440387156,0.18345798504179497,0.22481302243730752,0.31368235811702594
0.27494553376906317,0.18910675381263617,0.22135076252723312,0.3145969498910675
0.2787028921998247,0.1866783523225241,0.21998247151621383,0.31463628396143734
0.28230088495575223,0.18451327433628317,0.22123893805309736,0.31194690265486724
0.2896825396825397,0.18915343915343916,0.2222222222222222,0.29894179894179895
0.28596724214254093,0.18857901726427623,0.2182381584772023,0.30721558211598055
0.2858399296394019,0.19393139841688653,0.2106420404573439,0.3095866314863676
0.2852112676056338,0.18838028169014084,0.2147887323943662,0.31161971830985913
0.28728070175438597,0.18728070175438596,0.2118421052631579,0.31359649122807015
0.29129263913824055,0.1826750448833034,0.21768402154398564,0.30834829443447037
0.29368191721132897,0.17908496732026144,0.21873638344226579,0.3084967320261438
0.3064373897707231,0.17195767195767195,0.21296296296296297,0.30864197530864196
0.2972972972972973,0.17218831734960768,0.21970357454228423,0.3108108108108108
0.29455992923485186,0.16895179124281293,0.22246793454223796,0.3140203449800973
0.2862190812720848,0.1709363957597173,0.22393992932862192,0.31890459363957596
