C,D,Oc,Od
0.0,0.0,1.0,0.0
0.0,0.6666666666666666,0.3333333333333333,0.0
0.0,0.5,0.16666666666666666,0.3333333333333333
0.0,0.45454545454545453,0.2727272727272727,0.2727272727272727
0.0,0.47368421052631576,0.3157894736842105,0.21052631578947367
0.0,0.4864864864864865,0.35135135135135137,0.16216216216216217
0.0,0.45454545454545453,0.36363636363636365,0.18181818181818182
0.018867924528301886,0.4528301886792453,0.3584905660377358,0.16981132075471697
0.050314465408805034,0.44025157232704404,0.3522012578616352,0.15723270440251572
0.07174887892376682,0.4125560538116592,0.3452914798206278,0.17040358744394618
0.08571428571428572,0.4031746031746032,0.3333333333333333,0.17777777777777778
0.09905660377358491,0.4033018867924528,0.32547169811320753,0.1721698113207547
0.11049723756906077,0.4088397790055249,0.3149171270718232,0.16574585635359115
0.11360239162929746,0.40358744394618834,0.29596412556053814,0.18684603886397608
0.12332112332112333,0.39316239316239315,0.29304029304029305,0.19047619047619047
0.12331606217616581,0.38756476683937824,0.29637305699481864,0.1927461139896373
0.12949640287769784,0.36780575539568344,0.302158273381295,0.20053956834532374
0.14354066985645933,0.3444976076555024,0.30303030303030304,0.20893141945773525
0.15295815295815296,0.3362193362193362,0.29365079365079366,0.21717171717171718
0.15710560625814862,0.32333767926988266,0.2926988265971317,0.22685788787483702
0.1675741076830006,0.30671506352087113,0.294010889292196,0.23169993950393225
0.17494356659142213,0.29345372460496616,0.28893905191873587,0.24266365688487584
0.1842948717948718,0.28685897435897434,0.28365384615384615,0.24519230769230768
0.18897243107769424,0.28170426065162907,0.27769423558897244,0.25162907268170426
0.18962172647914646,0.2749757516973812,0.2725509214354995,0.26285160038797284
0.19329296693060083,0.2594317652538426,0.2738705170004658,0.2734047508150908
0.18948322756119673,0.2606527651858567,0.271532184950136,0.2783318223028105
0.18752783964365255,0.2583518930957684,0.27037861915367484,0.2837416481069042
0.18153710247349825,0.26015901060070673,0.2751766784452297,0.2831272084805654
0.17871222076215507,0.26412614980289095,0.27025843188786686,0.28690319754708715
0.1743978590544157,0.2627118644067797,0.27475468331846564,0.288135593220339
0.18137687555163284,0.2586054721977052,0.265666372462489,0.294351279788173
0.183709606020363,0.2638335546702081,0.26073483842408146,0.2917220008853475
0.18741750989881215,0.25824901011878576,0.258688957325121,0.29564452265728114
0.18839947666812037,0.25861317051897076,0.25817706061927603,0.2948102921936328
0.19166666666666668,0.25701754385964914,0.262719298245614,0.2885964912280702
0.19171441163508154,0.24812692816218598,0.2661965623622741,0.29396209784045835
0.19537723506323593,0.24989097252507633,0.26559092891408637,0.2891408634976014
0.19700308505949757,0.25209343323049804,0.25958572058175405,0.2913177611282503
0.1986813186813187,0.2571428571428571,0.25934065934065936,0.28483516483516486
0.1977052074139453,0.25684024713150927,0.26257722859664606,0.2828773168578994
0.19648351648351647,0.2641758241758242,0.2501098901098901,0.28923076923076924
0.1936619718309859,0.2676056338028169,0.2482394366197183,0.2904929577464789
0.19876868953386104,0.2620932277924362,0.24890061565523308,0.29023746701846964
0.19726390114739628,0.2621359223300971,0.2524271844660194,0.2881729920564872
0.194663167104112,0.26290463692038496,0.25196850393700787,0.2904636920384952
0.19629466254962505,0.2615791795324217,0.25275694750771943,0.2893692104102338
0.20594762538837105,0.2534398579671549,0.25166444740346205,0.28894806924101196
0.1990397206460061,0.2610213880401571,0.2466171977302488,0.29332169358358795
0.19973718791064388,0.261060008760403,0.2395970214629873,0.2996057818659658
0.2073490813648294,0.2559055118110236,0.2410323709536308,0.29571303587051617
0.20620358235037134,0.26256006989951947,0.23416339012669288,0.29707295762341634
0.20715547703180212,0.2676678445229682,0.23542402826855124,0.28975265017667845
0.20743034055727555,0.2649270234409553,0.23308270676691728,0.29455992923485186
0.21284080914687775,0.26824978012313105,0.22999120492524186,0.28891820580474936
0.2096069868995633,0.2606986899563319,0.2349344978165939,0.29475982532751094
0.20809502859656842,0.2666080070391553,0.2344918609766828,0.29080510338759347
0.20679012345679013,0.26631393298059963,0.23368606701940034,0.2932098765432099
0.21031569586482882,0.2627834593152512,0.23076923076923078,0.2961316140506892
0.21180096873623955,0.2646411272567151,0.23381770145310435,0.289740202553941
0.20932277924362358,0.2691292875989446,0.23614775725593667,0.2854001759014952
0.20650759219088938,0.26811279826464207,0.23904555314533624,0.28633405639913234
0.21045694200351495,0.2623022847100176,0.2359402460456942,0.29130052724077327
0.20518453427065025,0.27460456942003514,0.23506151142355008,0.2851493848857645
0.2075637642919965,0.272207563764292,0.2339489885664028,0.2862796833773087
0.20665499124343256,0.2714535901926445,0.23774080560420316,0.2841506129597198
0.20698689956331878,0.2694323144104803,0.23842794759825328,0.2851528384279476
0.20502645502645503,0.26763668430335097,0.23412698412698413,0.2932098765432099
0.2100877192982456,0.26228070175438595,0.23640350877192984,0.2912280701754386
0.21052631578947367,0.26758071649712517,0.23706324635117204,0.2848297213622291
0.20673076923076922,0.2652972027972028,0.23513986013986013,0.2928321678321678
0.2063632346442775,0.26115775519222273,0.23685373398144058,0.2956252761820592
0.20717131474103587,0.26073483842408146,0.23638778220451528,0.2957060646303674
0.20078912757562473,0.2639193336256028,0.23498465585269618,0.30030688294607627
0.2020026121027427,0.2642577274706138,0.2303003918154114,0.30343926861123205
0.2014892685063513,0.26500219010074466,0.22820849759088918,0.3053000438020149
0.20106761565836298,0.26868327402135234,0.22597864768683273,0.304270462633452
0.19337748344370861,0.2768211920529801,0.22913907284768212,0.30066225165562915
0.19508987286277948,0.2779482683033757,0.23016220955721176,0.29679964927663305
0.1927605756650676,0.2738770170082861,0.22328826864369822,0.3100741386829481
0.19737417943107222,0.27571115973741794,0.2236323851203501,0.30328227571115973
0.1971954425942156,0.2721297107800175,0.22743207712532865,0.3032427695004382
0.1979627989371125,0.2674933569530558,0.23383525243578387,0.30070859167404784
0.19193689745836984,0.2712532865907099,0.23093777388255915,0.3058720420683611
0.19736263736263737,0.27076923076923076,0.2246153846153846,0.30725274725274726
0.20123293703214443,0.2628797886393659,0.2289740202553941,0.30691325407309555
0.2053415061295972,0.2635726795096322,0.22197898423817863,0.30910683012259194
0.20792951541850221,0.2607929515418502,0.22555066079295155,0.30572687224669604
0.21153846153846154,0.26092657342657344,0.22421328671328672,0.30332167832167833
0.21700620017714792,0.254207263064659,0.22453498671390612,0.304251550044287
0.22217333919929608,0.2600087989441267,0.22173339199296085,0.29608446986361636
0.22134733158355205,0.26202974628171477,0.22003499562554682,0.29658792650918636
0.22330527248560036,0.26362428001772265,0.22507753655294638,0.28799291094373064
0.2206266318537859,0.2628372497824195,0.22367275892080069,0.2928633594429939
0.219886114761279,0.26018396846254926,0.22514235654840123,0.2947875602277705
0.21836555360281196,0.2640597539543058,0.22847100175746923,0.28910369068541303
0.22207563764291996,0.2647317502198769,0.22295514511873352,0.29023746701846964
0.22241758241758242,0.26593406593406593,0.2189010989010989,0.2927472527472528
0.22677234698370763,0.2628797886393659,0.21180096873623955,0.2985468956406869
0.22478898267436695,0.26299422478898266,0.2123500666370502,0.2998667258996002
0.23130738959335373,0.26672496720594663,0.2094446873633581,0.2925229558373415
0.2262902514336127,0.26687251874724305,0.211733568592854,0.2951036612262902
0.22383465259454705,0.2669305189094107,0.21416007036059806,0.29507475813544415
0.23216659282233051,0.26007975188303056,0.2193176783340718,0.2884359769605671
0.23164335664335664,0.25743006993006995,0.21416083916083917,0.29676573426573427
0.23066783831282953,0.25746924428822493,0.21441124780316345,0.29745166959578206
0.2279090113735783,0.26334208223972005,0.21478565179352582,0.29396325459317585
0.23165340406719717,0.2595048629531388,0.21352785145888595,0.2953138815207781
0.22731277533039648,0.2563876651982379,0.22422907488986785,0.2920704845814978
0.23090353557398516,0.24967263203841117,0.23134002618943691,0.28808380619816676
0.23788546255506607,0.24933920704845816,0.22555066079295155,0.2872246696035242
0.23529411764705882,0.2546093064091308,0.23046532045654083,0.2796312554872695
0.23083661848445028,0.25492772667542707,0.2290845378887429,0.2851511169513798
0.23769771528998243,0.2552724077328647,0.23022847100175747,0.27680140597539543
0.23480542195015303,0.25972890249234803,0.2264975951027547,0.2789680804547442
0.23418277680140598,0.2535149384885764,0.23110720562390158,0.281195079086116
0.23989338071968014,0.25277654375832964,0.22834295868502888,0.27898711683696137
0.24071647007426825,0.25862822193097423,0.2236784622105723,0.27697684578418524
0.24472759226713534,0.2526362038664323,0.22803163444639718,0.27460456942003514
0.23644444444444446,0.25955555555555554,0.22177777777777777,0.2822222222222222
0.23562966213251427,0.258446687143484,0.2250987275120667,0.2808249232119351
0.2380114386273647,0.25736911570611526,0.21865376154861416,0.28596568411790585
0.23359929078014185,0.26063829787234044,0.22118794326241134,0.2845744680851064
0.24337455830388693,0.26015901060070673,0.21598939929328623,0.28047703180212014
0.24412532637075718,0.26109660574412535,0.21714534377719757,0.27763272410791995
0.24022589052997392,0.2593397046046916,0.2206776715899218,0.2797567332754127
0.24253075571177504,0.2671353251318102,0.21616871704745166,0.2741652021089631
0.2458442694663167,0.2637795275590551,0.21609798775153105,0.2742782152230971
0.24278215223097113,0.26115485564304464,0.22353455818022747,0.27252843394575677
0.24396782841823056,0.25960679177837354,0.22117962466487937,0.2752457551385165
0.25,0.25880281690140844,0.22095070422535212,0.27024647887323944
0.25011008366358434,0.25891677675033026,0.22192866578599735,0.26904447380008806
0.261612620508326,0.25766871165644173,0.2151621384750219,0.26555652936021035
0.2581497797356828,0.25242290748898677,0.21894273127753303,0.27048458149779736
0.2563876651982379,0.25242290748898677,0.21938325991189428,0.27180616740088104
0.2565905096660808,0.2521968365553603,0.22759226713532513,0.26362038664323373
0.2594547053649956,0.2537379067722076,0.22295514511873352,0.2638522427440633
0.26104240282685515,0.2583922261484099,0.22040636042402828,0.26015901060070673
0.26252771618625276,0.25809312638580933,0.21951219512195122,0.2598669623059867
0.2658782303985983,0.2483574244415243,0.22426631625054752,0.2614980289093298
0.2672527472527473,0.2501098901098901,0.22505494505494505,0.25758241758241757
0.26963812886142985,0.2502206531332745,0.23124448367166814,0.24889673433362755
0.27709251101321586,0.2488986784140969,0.22995594713656387,0.24405286343612334
0.2655838454784899,0.25065847234416155,0.2414398595258999,0.24231782265144863
0.2722100656455142,0.24814004376367615,0.23982494529540482,0.23982494529540482
0.27328377787494534,0.2444250109313511,0.23961521644075207,0.24267599475295146
0.27356422621657167,0.24813678211310827,0.2384918895221394,0.23980710214818063
0.27292768959435626,0.2517636684303351,0.23941798941798942,0.23589065255731922
0.2744755244755245,0.24956293706293706,0.24475524475524477,0.2312062937062937
0.2670807453416149,0.24800354924578527,0.25377107364685003,0.2311446317657498
0.2660270388137811,0.2529437418229394,0.25032708242477103,0.2307021369385085
0.2661647475642161,0.25155004428697963,0.2537643932683791,0.22852081488042517
0.2685388328214129,0.2430890741553313,0.250987275120667,0.23738481790258886
0.27276746242263483,0.24005305039787797,0.2506631299734748,0.23651635720601238
0.27964989059080964,0.24157549234135667,0.24814004376367615,0.23063457330415754
0.2862762237762238,0.2312062937062937,0.24737762237762237,0.23513986013986013
0.2891352549889135,0.23104212860310422,0.2452328159645233,0.23458980044345898
0.28502415458937197,0.2318840579710145,0.2437417654808959,0.2393500219587176
0.28923076923076924,0.22857142857142856,0.24043956043956044,0.24175824175824176
0.2907334211682038,0.22705314009661837,0.24549846288976723,0.23671497584541062
0.2900490852298081,0.23382418563141455,0.24364123159303883,0.23248549754573852
0.29554477282752534,0.22893692104102337,0.24481693868548743,0.23070136744596384
0.2837896566710126,0.23598435462842243,0.24684919600173838,0.2333767926988266
0.28191489361702127,0.23448581560283688,0.2553191489361702,0.22828014184397163
0.282141290039491,0.23913997367266346,0.24659938569548048,0.23211935059236508
0.28634555899248787,0.23773751657092354,0.2479010163499779,0.22801590808661068
0.28923076923076924,0.2312087912087912,0.2443956043956044,0.23516483516483516
0.2871067789100576,0.2303943287549845,0.24280017722640673,0.23969871510855117
0.2834507042253521,0.22403169014084506,0.2460387323943662,0.24647887323943662
0.28452433143358175,0.2244629548443665,0.24375274002630426,0.24725997369574748
0.2772407732864675,0.22407732864674867,0.2508787346221441,0.2478031634446397
0.2777777777777778,0.2204585537918871,0.24867724867724866,0.25308641975308643
0.2821080602302923,0.22364924712134632,0.24269264836138174,0.25155004428697963
0.28077091546211125,0.22251423565484013,0.24353920280332894,0.25317564607971965
0.27794962439239945,0.2191780821917808,0.24701723376049492,0.2558550596553248
0.27989487516425754,0.219886114761279,0.24310118265440211,0.25711782742006134
0.2821869488536155,0.2239858906525573,0.2447089947089947,0.24911816578483245
0.27697684578418524,0.23023154215814767,0.24639580602883354,0.24639580602883354
0.269010989010989,0.23076923076923078,0.250989010989011,0.24923076923076923
0.27495621716287216,0.22504378283712784,0.24737302977232925,0.2526269702276708
0.27525363917071016,0.22540802823114248,0.2474636082928981,0.2518747243052492
0.2700218818380744,0.22450765864332603,0.249890590809628,0.25557986870897154
0.26882661996497376,0.22373029772329248,0.2491243432574431,0.2583187390542907
0.2728077945084145,0.224977856510186,0.24357838795394154,0.25863596102745795
0.2775831873905429,0.22985989492119088,0.2351138353765324,0.2574430823117338
0.2766990291262136,0.23036187113857018,0.2321270962047661,0.26081200353045014
0.269687637483502,0.23493180818301804,0.23141223053233612,0.2639683238011439
0.268591426071741,0.24190726159230097,0.23228346456692914,0.2572178477690289
0.26486013986013984,0.243006993006993,0.2298951048951049,0.26223776223776224
0.2631812140008861,0.24811696942844483,0.22773593265396544,0.2609658839167036
0.26413427561837455,0.24293286219081273,0.23409893992932862,0.2588339222614841
0.25917832167832167,0.24344405594405594,0.23557692307692307,0.2618006993006993
0.26044874615046193,0.24285085789705235,0.2278926528816542,0.2688077430708315
0.2548330404217926,0.24165202108963094,0.23110720562390158,0.27240773286467485
0.25384277558190604,0.23407992973210365,0.2349582784365393,0.277119016249451
0.2548161120840631,0.23598949211908932,0.23204903677758318,0.27714535901926446
0.25618374558303886,0.23542402826855124,0.23233215547703182,0.2760600706713781
0.2508756567425569,0.23598949211908932,0.23467600700525393,0.27845884413309985
0.2537182852143482,0.23447069116360456,0.23490813648293962,0.2769028871391076
0.25842198581560283,0.23359929078014185,0.2393617021276596,0.26861702127659576
0.25833333333333336,0.2337719298245614,0.2381578947368421,0.26973684210526316
0.2630646589902569,0.2254207263064659,0.2462356067316209,0.2652790079716563
0.2631346578366446,0.2229580573951435,0.24988962472406182,0.2640176600441501
0.2651183172655565,0.22567922874671342,0.2432077125328659,0.2659947414548642
0.2736056214317084,0.21958717610891523,0.24462011418533158,0.2621870882740448
0.26458797327394207,0.2244988864142539,0.24988864142538975,0.26102449888641427
0.2690288713910761,0.22134733158355205,0.2462817147856518,0.26334208223972005
0.2682602921646746,0.22355024347056218,0.24479858344400177,0.2633908809207614
0.2710606721955478,0.22391968572675688,0.2453077258838935,0.25971191619380185
0.27612272120942644,0.21520675855935972,0.2449977767896843,0.2636727434415296
0.27684859154929575,0.22403169014084506,0.2442781690140845,0.2548415492957746
0.26857142857142857,0.22725274725274724,0.24703296703296704,0.2571428571428571
0.2681095406360424,0.22924028268551236,0.24425795053003532,0.2583922261484099
0.26359649122807016,0.23421052631578948,0.2425438596491228,0.2596491228070175
0.26695842450765866,0.2350109409190372,0.23807439824945295,0.25995623632385123
0.2749125874125874,0.23033216783216784,0.24256993006993008,0.2521853146853147
0.27420774647887325,0.22403169014084506,0.23987676056338028,0.26188380281690143
0.27164310954063603,0.2248233215547703,0.24249116607773852,0.26104240282685515
0.2739606126914661,0.2236323851203501,0.24070021881838075,0.2617067833698031
0.2764084507042254,0.2227112676056338,0.24075704225352113,0.2601232394366197
0.2673749446657813,0.22355024347056218,0.24081451969898185,0.2682602921646746
0.2726870296591412,0.21779548472775564,0.2456839309428951,0.2638335546702081
0.270509977827051,0.2221729490022173,0.24212860310421286,0.26518847006651886
0.2710896309314587,0.22407732864674867,0.24340949033391915,0.26142355008787344
0.2724107919930374,0.2245430809399478,0.2432550043516101,0.2597911227154047
0.275022143489814,0.2240921169176262,0.23782108060230292,0.2630646589902569
0.2701275846898372,0.2234931808183018,0.23185217773867137,0.2745270567531896
0.26604692341744135,0.22266489597166889,0.23860115095174855,0.2726870296591412
0.2752212389380531,0.22300884955752212,0.23716814159292035,0.2646017699115044
0.2784365393061045,0.2222222222222222,0.2318840579710145,0.26745718050065875
0.2809587217043941,0.22636484687083888,0.22858411007545495,0.26409232134931204
0.2807250221043324,0.22679045092838196,0.23165340406719717,0.2608311229000884
0.2809335094671951,0.22985468956406868,0.23293703214442976,0.2562747688243065
0.2737355811889973,0.2302573203194321,0.2422360248447205,0.25377107364685003
0.2773333333333333,0.22533333333333333,0.23822222222222222,0.2591111111111111
0.2773913043478261,0.23478260869565218,0.23782608695652174,0.25
0.276623950508175,0.22934158197083518,0.23773751657092354,0.25629695095006627
0.27472527472527475,0.22681318681318682,0.2443956043956044,0.2540659340659341
0.2797723292469352,0.22416812609457093,0.24387040280210157,0.2521891418563923
0.2795936395759717,0.22084805653710246,0.24690812720848057,0.25265017667844525
0.28103146853146854,0.22202797202797203,0.24125874125874125,0.2556818181818182
0.2792236435818262,0.2227613586237318,0.24525805028672254,0.25275694750771943
0.27920353982300883,0.2176991150442478,0.2491150442477876,0.25398230088495577
0.2820738137082601,0.21353251318101935,0.2565905096660808,0.2478031634446397
0.2804931748128578,0.22148833113166005,0.2514310876265962,0.24658740642888596
0.2806634657354867,0.21824530772588388,0.2501091226538629,0.2509821038847665
0.2855891371003066,0.21638195356986423,0.24923346473937802,0.24879544459045116
0.2855883649184663,0.21947994711326577,0.24460114587924195,0.250330542089026
0.28892809880899867,0.21658579620644022,0.23952359947066607,0.254962505513895
0.28659885006634234,0.21008403361344538,0.24413976116762495,0.25917735515258733
0.2877604166666667,0.21006944444444445,0.2426215277777778,0.2595486111111111
0.2830188679245283,0.209741114523914,0.24265028521281265,0.26458973233874505
0.2883928571428571,0.2080357142857143,0.24776785714285715,0.2558035714285714
0.28810572687224667,0.21629955947136564,0.2422907488986784,0.2533039647577093
0.2848324514991182,0.21604938271604937,0.24426807760141092,0.25485008818342153
0.2851441241685144,0.2133037694013304,0.2452328159645233,0.25631929046563195
0.2822193097422455,0.2197466142420271,0.2437745740498034,0.254259501965924
0.28627450980392155,0.220479302832244,0.2344226579520697,0.25882352941176473
0.28990662516674076,0.21609604268563806,0.23432636727434417,0.259670964873277
0.2829610162067455,0.22295225580376699,0.2352168199737188,0.2588699080157687
0.2833990363556724,0.22514235654840123,0.2352168199737188,0.25624178712220763
0.28458844133099825,0.22460595446584938,0.2329246935201401,0.2578809106830123
0.2840262582056893,0.22844638949671772,0.2301969365426696,0.25733041575492344
0.28910369068541303,0.22627416520210897,0.23154657293497363,0.2530755711775044
0.2890453145622525,0.22173339199296085,0.23273207215134184,0.2564892212934448
0.28558797524314766,0.22281167108753316,0.23342175066312998,0.2581786030061892
0.28938053097345134,0.22212389380530972,0.23097345132743363,0.2575221238938053
0.2857142857142857,0.22373626373626374,0.23384615384615384,0.2567032967032967
0.2852158744003489,0.218927169646751,0.23506323593545572,0.2607937200174444
0.28527336860670194,0.21781305114638447,0.24118165784832452,0.25573192239858905
0.29396209784045835,0.21639488761568973,0.23931247245482593,0.250330542089026
0.293733681462141,0.2206266318537859,0.23890339425587467,0.24673629242819844
0.2923485183547103,0.2184873949579832,0.23529411764705882,0.25386996904024767
0.29293809938971227,0.22144725370531823,0.23539668700959024,0.25021795989537926
0.28906595838866755,0.2204515272244356,0.2412571934484285,0.24922532093846836
0.2949671772428884,0.2201312910284464,0.2350109409190372,0.249890590809628
0.2914438502673797,0.21702317290552584,0.2428698752228164,0.24866310160427807
0.29303547963206306,0.21681997371879105,0.2448532632501095,0.24529128339903636
0.2928633594429939,0.2123585726718886,0.24891209747606616,0.24586597040905134
0.28986784140969163,0.21585903083700442,0.2537444933920705,0.24052863436123348
0.28300220750551874,0.21324503311258278,0.26225165562913905,0.24150110375275938
0.28225451343020697,0.22192866578599735,0.25407309555262,0.24174372523117568
0.28112626484821823,0.21777386713594368,0.2564892212934448,0.2446106467223933
0.274681878016674,0.22071083808688022,0.25976305397103994,0.2448442299254059
0.2778021978021978,0.21626373626373627,0.25978021978021976,0.24615384615384617
0.2819614711033275,0.21103327495621715,0.2609457092819615,0.24605954465849386
0.27534307215582116,0.21646746347941567,0.2633908809207614,0.24479858344400177
0.2723684210526316,0.2162280701754386,0.27017543859649124,0.2412280701754386
0.2748898678414097,0.2185022026431718,0.26563876651982377,0.2409691629955947
0.2693498452012384,0.22291021671826625,0.26669615214506853,0.2410437859354268
0.27628684557853056,0.21381434227892654,0.267927848658161,0.24197096348438188
0.27244444444444443,0.21866666666666668,0.26711111111111113,0.24177777777777779
0.28152364273204905,0.21760070052539404,0.2613835376532399,0.239492119089317
0.2765673632725656,0.21520675855935972,0.2627834593152512,0.24544241885282347
0.27753496503496505,0.21284965034965034,0.2631118881118881,0.2465034965034965
0.2803861342694164,0.20930232558139536,0.26195699868363315,0.24835454146555508
0.27444933920704845,0.21233480176211453,0.2621145374449339,0.2511013215859031
0.27393030436700483,0.21570357300397,0.254962505513895,0.25540361711513015
0.2743521000893655,0.21805183199285075,0.25513851653261843,0.25245755138516535
0.2703296703296703,0.22021978021978023,0.25846153846153846,0.250989010989011
0.26687251874724305,0.22055580061755625,0.2615791795324217,0.250992501102779
0.27087033747779754,0.21536412078152753,0.2602131438721137,0.25355239786856126
0.2710606721955478,0.21038847664775207,0.26582278481012656,0.2527280663465735
0.27099911582670205,0.20380194518125552,0.26702033598585323,0.2581786030061892
0.2677234698370762,0.2051959489211801,0.265962131219727,0.2611184500220167
0.2751971954425942,0.20946538124452235,0.261612620508326,0.2537248028045574
0.2778268551236749,0.19920494699646643,0.26369257950530034,0.2592756183745583
0.2761946514686541,0.20166593599298555,0.2621657167908812,0.2599736957474792
0.2773851590106007,0.20229681978798586,0.2628091872791519,0.2575088339222615
0.27079646017699116,0.20619469026548673,0.26415929203539823,0.2588495575221239
0.27901785714285715,0.20848214285714287,0.25892857142857145,0.25357142857142856
0.27176314626601855,0.208572691117985,0.25894829871851527,0.2607158638974812
0.2736056214317084,0.20948616600790515,0.25999121651295565,0.25691699604743085
0.27396657871591906,0.21328056288478453,0.25505716798592787,0.25769569041336854
0.27855887521968364,0.2117750439367311,0.2530755711775044,0.2565905096660808
0.28080985915492956,0.2108274647887324,0.25616197183098594,0.2522007042253521
0.27589246364037023,0.2119876597620097,0.25650066108417807,0.255619215513442
0.27755819060166886,0.21563460693895475,0.25999121651295565,0.24681598594642074
0.27947019867549666,0.2163355408388521,0.2560706401766004,0.24812362030905077
0.28084918177797435,0.2193719593100398,0.25210084033613445,0.2476780185758514
0.2745183887915937,0.2224168126094571,0.2578809106830123,0.24518388791593695
0.2782874617737003,0.22062035823503715,0.25382262996941896,0.2472695500218436
0.2837719298245614,0.22017543859649122,0.2513157894736842,0.24473684210526317
0.2744328097731239,0.22207678883071552,0.2526178010471204,0.25087260034904013
0.2749890877346137,0.22130074203404626,0.2527280663465735,0.2509821038847665
0.2778753292361721,0.22168568920105355,0.252414398595259,0.24802458296751537
0.27537511032656664,0.21977052074139453,0.24757281553398058,0.25728155339805825
0.27931488801054016,0.2191480017566974,0.2463768115942029,0.2551602986385595
0.2782152230971129,0.22134733158355205,0.2484689413823272,0.25196850393700787
0.2810715854194115,0.22178304787000439,0.24330259112867808,0.25384277558190604
0.2774798927613941,0.21805183199285075,0.241733690795353,0.26273458445040215
0.28084918177797435,0.22025652366209642,0.23706324635117204,0.2618310482087572
0.28084918177797435,0.22291021671826625,0.23927465723131358,0.25696594427244585
0.27991169977924946,0.22030905077262694,0.24150110375275938,0.2582781456953642
0.27714535901926446,0.2171628721541156,0.24737302977232925,0.2583187390542907
0.27477876106194693,0.21814159292035398,0.24867256637168142,0.2584070796460177
0.2786596119929453,0.2204585537918871,0.24779541446208111,0.25308641975308643
0.27593818984547464,0.2282560706401766,0.24724061810154527,0.24856512141280354
0.2761031017911752,0.2254259501965924,0.24595893403232852,0.2525120139799039
0.272565584704313,0.23076923076923078,0.24055135615829257,0.25611382836816365
0.2758467023172905,0.22727272727272727,0.24064171122994651,0.25623885918003564
0.268859649122807,0.23026315789473684,0.23771929824561402,0.2631578947368421
0.2654945054945055,0.2312087912087912,0.23736263736263735,0.26593406593406593
0.269806338028169,0.230193661971831,0.23547535211267606,0.26452464788732394
0.27016306743058616,0.23270163067430585,0.22961657117672984,0.2675187307183781
0.26532399299474607,0.23555166374781086,0.23598949211908932,0.2631348511383538
0.26503923278116825,0.23321708805579774,0.23844812554489975,0.2632955536181343
0.2662852112676056,0.23283450704225353,0.23943661971830985,0.261443661971831
0.26419213973799127,0.23231441048034934,0.2388646288209607,0.2646288209606987
0.26294995610184374,0.23573309920983318,0.23485513608428446,0.2664618086040386
0.2621145374449339,0.2356828193832599,0.23700440528634362,0.26519823788546254
0.26255506607929513,0.23920704845814977,0.23171806167400882,0.2665198237885463
0.26073483842408146,0.23904382470119523,0.23240371845949534,0.267817618415228
0.2565905096660808,0.24340949033391915,0.23681898066783832,0.2631810193321617
0.2606034105815479,0.24267599475295146,0.22824661128115434,0.2684739833843463
0.2600087989441267,0.24285085789705235,0.22877254729432467,0.2683677958644963
0.2599736957474792,0.24199912319158265,0.22840859272249014,0.26961858833844804
0.26371215445370777,0.24352786309784993,0.23036419482229048,0.26239578762615184
0.2661965623622741,0.2375495813133539,0.23049801674746584,0.2657558395769061
0.2631810193321617,0.24033391915641475,0.23242530755711774,0.2640597539543058
0.2663716814159292,0.2345132743362832,0.22964601769911505,0.26946902654867255
0.26690234202386215,0.2359699513919576,0.23022536456031817,0.26690234202386215
0.26962305986696233,0.2328159645232816,0.2328159645232816,0.2647450110864745
0.26505494505494503,0.23648351648351648,0.229010989010989,0.26945054945054947
0.2623674911660777,0.23233215547703182,0.22879858657243815,0.2765017667844523
0.2603160667251975,0.2344161545215101,0.22914837576821773,0.27611940298507465
0.26425099425541315,0.23243482103402563,0.23199292973928415,0.27132125497127707
0.266199649737303,0.22985989492119088,0.23204903677758318,0.27189141856392296
0.2641843971631206,0.23049645390070922,0.22872340425531915,0.2765957446808511
0.2674677347574544,0.23097463284379172,0.2336448598130841,0.26791277258566976
0.2710816777041943,0.23002207505518762,0.23134657836644593,0.2675496688741722
0.2729286663712893,0.22241914045192734,0.23792645104120513,0.2667257421355782
0.2740511915269197,0.2237422771403354,0.23168578993821712,0.2705207413945278
0.28089395267309375,0.21998247151621383,0.23049956178790534,0.268624014022787
0.2875441696113074,0.21598939929328623,0.22968197879858657,0.2667844522968198
0.28603006189213087,0.21529619805481875,0.23740053050397877,0.2612732095490716
0.28286852589641437,0.2204515272244356,0.23284639220894202,0.2638335546702081
0.2855245683930943,0.22487826471890218,0.23284639220894202,0.25675077467906154
0.28127734033245844,0.21391076115485563,0.23753280839895013,0.2672790901137358
0.2802631578947368,0.21403508771929824,0.23640350877192984,0.2692982456140351
0.28433098591549294,0.21742957746478872,0.23327464788732394,0.2649647887323944
0.2850177304964539,0.2149822695035461,0.23138297872340424,0.26861702127659576
0.2884699693117054,0.21262604120999562,0.23147742218325296,0.26742656729504605
0.28036971830985913,0.21830985915492956,0.22535211267605634,0.27596830985915494
0.2846458424989001,0.21557413110426749,0.2234931808183018,0.27628684557853056
0.2833629893238434,0.2139679715302491,0.2255338078291815,0.27713523131672596
0.2809038546743465,0.21488701816570668,0.22241914045192734,0.28178998670801947
0.2781921895568232,0.21237384817902588,0.2268538832821413,0.28258007898200965
0.2834061135371179,0.2096069868995633,0.2262008733624454,0.28078602620087334
0.27571115973741794,0.212253829321663,0.22932166301969364,0.2827133479212254
0.2784191829484902,0.20737122557726465,0.23268206039076378,0.28152753108348133
0.27718360071301246,0.20053475935828877,0.2375222816399287,0.28475935828877
0.2873313016978668,0.19721375707444494,0.2303003918154114,0.28515454941227686
0.2845132743362832,0.20575221238938052,0.2345132743362832,0.2752212389380531
0.2883082373782108,0.2032772364924712,0.22763507528786536,0.2807794508414526
0.28790534618755476,0.21428571428571427,0.22085889570552147,0.27695004382120947
0.291906236178682,0.205218929677134,0.21760283060592658,0.28527200353825743
0.28703703703703703,0.20855379188712522,0.22134038800705466,0.2830687830687831
0.2895548699867783,0.20449537241075363,0.21947994711326577,0.2864698104892023
0.2995614035087719,0.19824561403508772,0.22017543859649122,0.2820175438596491
0.29483814523184604,0.199912510936133,0.22353455818022747,0.28171478565179353
0.29244444444444445,0.1991111111111111,0.224,0.28444444444444444
0.29504603244191147,0.19508987286277948,0.22007891275756247,0.2897851819377466
0.29789103690685415,0.19420035149384884,0.21836555360281196,0.28954305799648505
0.2974043114826221,0.19885613726352838,0.22085349758029035,0.2828860536735592
0.2992957746478873,0.20422535211267606,0.2205105633802817,0.27596830985915494
0.2978442586889573,0.20413550373955125,0.22393312802463705,0.2740871095468544
0.2961487383798141,0.20717131474103587,0.217352810978309,0.2793271359008411
0.2993854258121159,0.20588235294117646,0.21729587357330993,0.2774363476733977
0.2949671772428884,0.21050328227571116,0.21706783369803062,0.2774617067833698
0.2937554969217238,0.20624450307827616,0.2198768689533861,0.2801231310466139
0.29902826855123676,0.21157243816254417,0.22128975265017667,0.2681095406360424
0.2966549295774648,0.21346830985915494,0.2227112676056338,0.2671654929577465
0.29168499780026397,0.2133743950725913,0.22261328640563133,0.27232732072151344
0.29175848391361836,0.2115469369766417,0.22520934332304982,0.27148523578669015
0.2896703296703297,0.20615384615384616,0.22813186813186814,0.27604395604395604
0.2922874671340929,0.2046450482033304,0.22699386503067484,0.27607361963190186
0.2948943661971831,0.2068661971830986,0.23107394366197184,0.2671654929577465
0.29398762157382846,0.20910698496905394,0.23121131741821396,0.2656940760389036
0.29850746268656714,0.20412642669007902,0.2295873573309921,0.2677787532923617
0.2983156028368794,0.2047872340425532,0.23448581560283688,0.2624113475177305
0.30097087378640774,0.20962047661076788,0.2290379523389232,0.26037069726390116
0.2992091388400703,0.210896309314587,0.23110720562390158,0.2587873462214411
0.29903677758318736,0.21234676007005254,0.23117338003502627,0.2574430823117338
0.2998678996036988,0.2166446499339498,0.22765301629238222,0.25583443416996915
0.30136383633963926,0.21513418389793224,0.22657281126264847,0.25692916849978004
0.30691325407309555,0.21136063408190225,0.22192866578599735,0.25979744605900484
0.29772329246935203,0.2158493870402802,0.22591943957968477,0.260507880910683
0.29925405879771827,0.21588415971917507,0.21588415971917507,0.26897762176393153
0.301978021978022,0.20703296703296703,0.2254945054945055,0.2654945054945055
0.3011889035667107,0.20299427564949363,0.22765301629238222,0.26816380449141347
0.3047534429142603,0.20613060861839183,0.22656597067969791,0.26254997778764994
0.304251550044287,0.20947741364038971,0.2263064658990257,0.2599645704162976
0.29398762157382846,0.20954907161803712,0.23342175066312998,0.2630415561450044
0.29584245076586435,0.2074398249452954,0.23063457330415754,0.2660831509846827
0.29301911960871496,0.21031569586482882,0.2303245887060916,0.2663405958203646
0.2957871396895787,0.2106430155210643,0.2261640798226164,0.26740576496674057
0.2938076416337286,0.20992534036012298,0.2261747913921827,0.27009222661396576
0.28960070206230804,0.21193505923650724,0.22948661693725317,0.26897762176393153
0.2887723896898209,0.2092616863259065,0.2328527741371778,0.2691131498470948
0.2884955752212389,0.20707964601769913,0.23539823008849559,0.26902654867256637
0.29739130434782607,0.20173913043478262,0.22434782608695653,0.27652173913043476
0.3047115808014091,0.19991193306913255,0.22104799647732276,0.27432848965213563
0.3048458149779736,0.19955947136563876,0.22334801762114537,0.27224669603524226
0.31368235811702594,0.19621645402551693,0.22701275846898372,0.2630884293884734
0.31149674620390455,0.19783080260303687,0.22733188720173536,0.2633405639913232
0.31200701139351444,0.19763365468886943,0.2322524101665206,0.2581069237510955
0.3112467306015693,0.1965998256320837,0.23103748910200522,0.2611159546643418
0.3068131868131868,0.20087912087912088,0.23296703296703297,0.25934065934065936
0.30633802816901406,0.198943661971831,0.238556338028169,0.25616197183098594
0.3091304347826087,0.19478260869565217,0.23521739130434782,0.2608695652173913
0.30976579761378703,0.19575784357048165,0.2342023862129916,0.2602739726027397
0.31072210065645517,0.19168490153172865,0.23763676148796498,0.25995623632385123
0.3117672600955276,0.18888406426400348,0.2396873643074251,0.2596613113330439
0.31252747252747254,0.18857142857142858,0.23692307692307693,0.261978021978022
0.309010989010989,0.19296703296703296,0.23912087912087912,0.2589010989010989
0.3079295154185022,0.19118942731277533,0.24273127753303964,0.2581497797356828
0.3085059497576025,0.19127368884971352,0.23975319524019392,0.2604671661524901
0.30434782608695654,0.1919191919191919,0.2362758014931928,0.26745718050065875
0.3028169014084507,0.19586267605633803,0.23723591549295775,0.2640845070422535
0.3127208480565371,0.19876325088339222,0.2314487632508834,0.2570671378091873
0.3095866314863676,0.1996481970096746,0.23175021987686895,0.2590149516270888
0.31042128603104213,0.19467849223946784,0.22926829268292684,0.2656319290465632
0.31462660185594343,0.2001767565178966,0.2266902342023862,0.25850640742377373
0.31609451627284885,0.19884083816317433,0.22871154703522067,0.25635309852875615
0.31674008810572685,0.19823788546255505,0.23348017621145375,0.2515418502202643
0.31926121372031663,0.19920844327176782,0.23131046613896217,0.25021987686895336
0.3203501094091904,0.20087527352297593,0.23194748358862144,0.24682713347921226
0.31225121627598407,0.20123839009287925,0.23219814241486067,0.254312251216276
0.31205985915492956,0.20598591549295775,0.23371478873239437,0.2482394366197183
0.310359964881475,0.20500438981562774,0.23266022827041263,0.25197541703248466
0.3105102485826428,0.19624945486262538,0.23767989533362407,0.25556040122110774
0.30844012372956253,0.20194432169686258,0.2328767123287671,0.25673884224480775
0.30474934036939316,0.19744942832014073,0.23306948109058928,0.2647317502198769
0.30907496711968435,0.1968434896975011,0.22840859272249014,0.2656729504603244
0.3036260375709917,0.2013979903888161,0.22892092616863258,0.26605504587155965
0.3075230972283326,0.20413550373955125,0.21733391992960846,0.2710074791025077
0.3132688927943761,0.20650263620386644,0.21616871704745166,0.2640597539543058
0.31349911190053287,0.20470692717584368,0.21225577264653642,0.26953818827708703
0.31408573928258965,0.205161854768154,0.20866141732283464,0.27209098862642167
0.31148262208534977,0.21029476462824462,0.20853497580290364,0.269687637483502
0.31062303899596594,0.21156432093231733,0.20394441954280593,0.2738682205289108
0.3083296990841692,0.21456607064980376,0.206279982555604,0.270824247710423
0.30571555161719094,0.2153300841825432,0.21355782011519717,0.2653965440850687
0.30186170212765956,0.21808510638297873,0.2154255319148936,0.2646276595744681
0.3052120141342756,0.21289752650176677,0.21554770318021202,0.2663427561837456
0.3032570422535211,0.21434859154929578,0.21522887323943662,0.2671654929577465
0.3037752414398595,0.21992976294995611,0.22036874451273047,0.2559262510974539
0.308882015024304,0.2205037560760053,0.2138753866548829,0.25673884224480775
0.31539807524059493,0.21828521434820647,0.21653543307086615,0.24978127734033245
0.3108762659621312,0.22677234698370763,0.21576398062527521,0.24658740642888596
0.30816237450894807,0.2234831951113051,0.21824530772588388,0.2501091226538629
0.3087719298245614,0.22719298245614036,0.21447368421052632,0.24956140350877193
0.3084686265906099,0.225976305397104,0.2150065818341378,0.2505484861781483
0.3110619469026549,0.22256637168141594,0.2168141592920354,0.24955752212389382
0.3142605633802817,0.2244718309859155,0.21390845070422534,0.24735915492957747
0.31150442477876106,0.22831858407079647,0.21283185840707963,0.24734513274336284
0.316622691292876,0.22559366754617413,0.2106420404573439,0.24714160070360597
0.31219726992514313,0.22985468956406868,0.21268163804491413,0.24526640246587406
0.31491228070175437,0.2293859649122807,0.2131578947368421,0.2425438596491228
0.31084656084656087,0.23589065255731922,0.20811287477954143,0.24514991181657847
0.31060272767267927,0.2309722833260009,0.20721513418389792,0.2512098548174219
0.3076584507042254,0.23283450704225353,0.20950704225352113,0.25
0.3042712461470718,0.23513870541611626,0.20915896081021576,0.2514310876265962
0.31343283582089554,0.2370500438981563,0.2054433713784021,0.2440737489025461
0.308300395256917,0.23715415019762845,0.21256038647342995,0.2419850680720246
0.31112091791703445,0.23477493380406,0.2113857016769638,0.24271844660194175
0.31288614298323036,0.23168578993821712,0.21270962047661077,0.24271844660194175
0.31046461137646547,0.22796352583586627,0.21797655232305688,0.2435953104646114
0.31076923076923074,0.2276923076923077,0.21582417582417582,0.24571428571428572
0.3048780487804878,0.2308362369337979,0.21777003484320556,0.2465156794425087
0.3032859680284192,0.22868561278863234,0.216696269982238,0.25133214920071045
0.29846827133479215,0.22319474835886213,0.2201312910284464,0.25820568927789933
0.300132802124834,0.2288623284639221,0.2204515272244356,0.2505533421868083
