C,D,Oc,Od
0.0,0.0,1.0,0.0
0.0,0.0,1.0,0.0
0.5,0.0,0.5,0.0
0.5,0.0,0.5,0.0
0.4,0.2,0.4,0.0
0.5,0.16666666666666666,0.3333333333333333,0.0
0.7142857142857143,0.0,0.2857142857142857,0.0
0.6,0.0,0.2,0.2
0.75,0.0,0.16666666666666666,0.08333333333333333
0.75,0.0625,0.125,0.0625
0.8,0.05,0.1,0.05
0.8076923076923077,0.07692307692307693,0.07692307692307693,0.038461538461538464
0.8378378378378378,0.05405405405405406,0.05405405405405406,0.05405405405405406
0.8823529411764706,0.0392156862745098,0.0196078431372549,0.058823529411764705
0.8636363636363636,0.030303030303030304,0.015151515151515152,0.09090909090909091
0.8735632183908046,0.011494252873563218,0.022988505747126436,0.09195402298850575
0.8727272727272727,0.00909090909090909,0.02727272727272727,0.09090909090909091
0.8920863309352518,0.014388489208633094,0.02158273381294964,0.07194244604316546
0.9024390243902439,0.012195121951219513,0.018292682926829267,0.06707317073170732
0.8904761904761904,0.014285714285714285,0.023809523809523808,0.07142857142857142
0.8987854251012146,0.02834008097165992,0.020242914979757085,0.05263157894736842
0.8858131487889274,0.03806228373702422,0.02422145328719723,0.05190311418685121
0.8885630498533724,0.03225806451612903,0.02346041055718475,0.05571847507331378
0.8883248730964467,0.03299492385786802,0.02284263959390863,0.05583756345177665
0.8800904977375565,0.03167420814479638,0.02262443438914027,0.06561085972850679
0.8869047619047619,0.031746031746031744,0.023809523809523808,0.057539682539682536
0.8952042628774423,0.03197158081705151,0.019538188277087035,0.05328596802841918
0.9018987341772152,0.030063291139240507,0.020569620253164556,0.04746835443037975
0.8948863636363636,0.029829545454545456,0.02130681818181818,0.05397727272727273
0.8834827144686299,0.034571062740076826,0.024327784891165175,0.05761843790012804
0.8791469194312796,0.034360189573459717,0.024881516587677725,0.061611374407582936
0.88470066518847,0.036585365853658534,0.019955654101995565,0.058758314855875834
0.8719512195121951,0.04065040650406504,0.02032520325203252,0.06707317073170732
0.8727615457115928,0.04147031102733271,0.01885014137606032,0.06691800188501414
0.8753315649867374,0.03801945181255526,0.021220159151193633,0.06542882404951371
0.8769611890999174,0.03220478943022296,0.02477291494632535,0.06606110652353427
0.8776923076923077,0.03538461538461538,0.023076923076923078,0.06384615384615384
0.8723864455659697,0.03749098774333093,0.024513338139870222,0.06560922855082912
0.8630872483221477,0.042953020134228186,0.024832214765100672,0.0691275167785235
0.8565916398713826,0.04565916398713826,0.026366559485530548,0.07138263665594856
0.8591378263509412,0.04371584699453552,0.026108075288403157,0.07103825136612021
0.8455377574370709,0.04977116704805492,0.02803203661327231,0.07665903890160183
0.8461962513781698,0.05181918412348401,0.024255788313120176,0.07772877618522601
0.8411858125992588,0.05293806246691371,0.02593965060878772,0.0799364743250397
0.8356095093576126,0.05361659079413252,0.027314112291350532,0.0834597875569044
0.8350465002447381,0.05237395986294665,0.0298580518844836,0.08272148800783162
0.8302336671435384,0.05340963280877444,0.030042918454935622,0.08631378159275155
0.828909952606635,0.05165876777251185,0.030805687203791468,0.08862559241706161
0.8275220827522083,0.05206880520688052,0.03207810320781032,0.08833100883310088
0.8274275195582145,0.054302807179015186,0.031293143120110445,0.08697653014265992
0.8253533971728226,0.05699954400364797,0.03146374829001368,0.08618331053351573
0.8226822682268227,0.056255625562556255,0.030153015301530153,0.09090909090909091
0.8171945701357466,0.055656108597285064,0.03167420814479638,0.09547511312217194
0.8155426529700759,0.05850826261723984,0.033497096918267084,0.09245198749441715
0.8128056914184082,0.057358826144953315,0.03468208092485549,0.09515340151178302
0.8185037627268703,0.05312084993359894,0.03187250996015936,0.09650287737937141
0.8170947741364039,0.053144375553587246,0.034100974313551816,0.09565987599645705
0.8180227471566054,0.05074365704286964,0.03455818022747156,0.09667541557305337
0.8154525386313466,0.052538631346578366,0.03443708609271523,0.09757174392935983
0.8183035714285715,0.053125,0.03571428571428571,0.09285714285714286
0.8229027962716379,0.052374611628939194,0.03550821127385708,0.08921438082556592
0.8193950177935944,0.05382562277580071,0.03425266903914591,0.09252669039145907
0.8224092116917626,0.05181576616474756,0.031443755535872454,0.09433126660761736
0.8168074699866608,0.05202312138728324,0.03468208092485549,0.09648732770120054
0.8101153504880213,0.05323868677905945,0.0354924578527063,0.10115350488021295
0.8070021881838074,0.052954048140043765,0.03894967177242888,0.10109409190371992
0.8011413520632134,0.05487269534679543,0.04302019315188762,0.1009657594381036
0.7961980548187445,0.05570291777188329,0.042440318302387266,0.10565870910698497
0.801056338028169,0.05941901408450704,0.040492957746478875,0.09903169014084508
0.7937828371278459,0.06042031523642732,0.044220665499124345,0.10157618213660245
0.7969991173874669,0.05913503971756399,0.045454545454545456,0.09841129744042365
0.7958644962604488,0.05851297844258689,0.045314562252529694,0.10030796304443466
0.7973509933774835,0.05783664459161148,0.045033112582781455,0.09977924944812362
0.7930881701373504,0.05937084625609216,0.04474966770048737,0.10279131590607
0.8008869179600887,0.05543237250554324,0.04434589800443459,0.09933481152993348
0.796206440229378,0.05778561976179974,0.044993383325981476,0.10101455668284076
0.7944664031620553,0.05489679402722881,0.04391743522178305,0.1067193675889328
0.7863171923589516,0.056863616170590846,0.04575744113727232,0.11106175033318526
0.7860630270750111,0.05858854860186418,0.041278295605858856,0.11407012871726586
0.7904297740363314,0.05892778023925565,0.0412051395657953,0.10943730615861763
0.7872435325602141,0.056645851917930416,0.0423728813559322,0.11373773416592328
0.7857777777777778,0.058666666666666666,0.042222222222222223,0.11333333333333333
0.7786157941437445,0.058118899733806566,0.04569653948535936,0.11756876663708962
0.7774376912986445,0.05684302579798863,0.04984696108439003,0.11587232181897683
0.7721685689201053,0.05750658472344162,0.0504828797190518,0.11984196663740122
0.7697426796805679,0.05767524401064774,0.04791481810115351,0.12466725820763087
0.766770324300311,0.056863616170590846,0.047090182141270545,0.12927587738782764
0.7534368070953437,0.06164079822616408,0.04878048780487805,0.1361419068736142
0.7546093064091308,0.06233538191395961,0.048287971905179985,0.13476733977172958
0.7605820105820106,0.059082892416225746,0.04805996472663139,0.13227513227513227
0.754750331418471,0.05965532479010163,0.05214317277949625,0.13345117101193107
0.7485638532920902,0.0618647812638091,0.05037560760053027,0.1391957578435705
0.7537078651685393,0.05662921348314607,0.051685393258426963,0.13797752808988764
0.7508833922261484,0.05742049469964664,0.054328621908127206,0.13736749116607774
0.7520107238605898,0.05451295799821269,0.05585344057193923,0.13762287756925826
0.7461162893919219,0.05415002219263205,0.05459387483355526,0.14513981358189082
0.7454383622607922,0.05473965287049399,0.05473965287049399,0.14508233199821985
0.7468861209964412,0.054270462633451956,0.05249110320284697,0.14635231316725977
0.7443609022556391,0.05661211853162318,0.053516143299425036,0.14551083591331268
0.7345761207279183,0.05770084332001776,0.056813138038171326,0.1509098979138926
0.7349557522123894,0.05575221238938053,0.05530973451327434,0.15398230088495576
0.7324384787472036,0.053691275167785234,0.05727069351230425,0.15659955257270694
0.7408871321914801,0.05577514273166447,0.05314009661835749,0.15019762845849802
0.7399202481169694,0.05582631812140009,0.05316792202038104,0.15108551174124946
0.7313829787234043,0.05629432624113475,0.05452127659574468,0.15780141843971632
0.7342502218278616,0.055900621118012424,0.04924578527062999,0.160603371783496
0.7293598233995585,0.05607064017660044,0.052097130242825605,0.16247240618101547
0.7300531914893617,0.053634751773049646,0.050088652482269506,0.16622340425531915
0.7251332149200711,0.055062166962699825,0.05328596802841918,0.16651865008880995
0.7259488084730803,0.05472197705207414,0.05207413945278023,0.16725507502206532
0.730752113929684,0.054294615042278595,0.050734312416555405,0.16421895861148197
0.7373558118899733,0.05235137533274179,0.05013309671694765,0.1601597160603372
0.7347480106100795,0.05349248452696728,0.04862953138815208,0.16312997347480107
0.7338097364895042,0.051362215274676194,0.047342563644484144,0.16748548459133542
0.7266282676118742,0.05538325210456358,0.05050952591936198,0.16747895436420027
0.7243388614970865,0.05244285073957866,0.05154639175257732,0.1716718960107575
0.7252552152685309,0.05459387483355526,0.05148690634709276,0.16866400355082112
0.7334517992003554,0.05286539315859618,0.050644158151932475,0.16303864948911595
0.7328042328042328,0.053791887125220456,0.05026455026455026,0.16313932980599646
0.7341376228775692,0.05719392314566577,0.050044682752457555,0.15862377122430743
0.7358322177599286,0.05488621151271754,0.049531459170013385,0.15975011155734048
0.7330097087378641,0.05692850838481906,0.0498676081200353,0.16019417475728157
0.7345486883059137,0.05469097376611828,0.04713205869275233,0.16362827923521564
0.7373292199206699,0.054649625385632436,0.043190832966064345,0.16483032172763332
0.7368888888888889,0.05511111111111111,0.042666666666666665,0.16533333333333333
0.7438752783964365,0.049888641425389756,0.042761692650334075,0.16347438752783963
0.7360925678682688,0.052514463729417,0.04494882064975523,0.16644414775255897
0.7361419068736141,0.05232815964523282,0.04656319290465632,0.16496674057649668
0.7323076923076923,0.05186813186813187,0.047472527472527476,0.16835164835164834
0.7201591511936339,0.053934571175950484,0.04995579133510168,0.17595048629531387
0.7176211453744493,0.05462555066079295,0.048458149779735685,0.17929515418502204
0.713339222614841,0.053886925795053005,0.05123674911660778,0.18153710247349825
0.7092665788317962,0.05709266578831796,0.050505050505050504,0.1831357048748353
0.7101063829787234,0.057624113475177305,0.050088652482269506,0.18218085106382978
0.7123042505592841,0.05906040268456376,0.04742729306487696,0.18120805369127516
0.707850133809099,0.061106155218554864,0.047725245316681535,0.1833184656556646
0.7059340659340659,0.06021978021978022,0.046153846153846156,0.18769230769230769
0.6983635559486953,0.06059265811587793,0.047766475011057054,0.19327731092436976
0.7014388489208633,0.05710431654676259,0.04946043165467626,0.19199640287769784
0.6972924988903684,0.05725699067909454,0.047936085219707054,0.19751442521083
0.7013674459638288,0.05778561976179974,0.04808116453462726,0.19276576973974416
0.7042939353696326,0.054891544931385566,0.05002213368747233,0.19079238601150952
0.7106532222709337,0.05085488820692679,0.04690925032880316,0.19158263919333626
0.7176314626601856,0.04993371630578878,0.04418912947414936,0.18824569155987628
0.7219770520741394,0.047219770520741396,0.04236540158870256,0.1884377758164166
0.7191508182220256,0.04599734630694383,0.04599734630694383,0.18885448916408668
0.7135254988913525,0.049223946784922396,0.043458980044345896,0.19379157427937915
0.7149142102947647,0.05015398152221733,0.0431148262208535,0.19181698196216454
0.7182786157941438,0.047471162377994675,0.04303460514640639,0.1912156166814552
0.7179830432842481,0.05042391789379741,0.04417670682730924,0.18741633199464525
0.7162461266046923,0.05223550243470562,0.04249667994687915,0.18902169101372288
0.7179257934734019,0.05274921770227984,0.04067948144836835,0.18864550737594993
0.7201230228471002,0.05052724077328647,0.04086115992970123,0.18848857644991213
0.7186678352322524,0.04864154250657318,0.042068361086765996,0.19062226117440842
0.7165562913907285,0.05033112582781457,0.04282560706401766,0.1902869757174393
0.7089452603471295,0.05028927458834001,0.04672897196261682,0.19403649310191368
0.7063773250664305,0.050487156775907885,0.047829937998228524,0.19530558015943314
0.7076923076923077,0.05318681318681319,0.047472527472527476,0.19164835164835164
0.7109272964736613,0.052242054854157595,0.04832390074009578,0.18850674793208533
0.7089387934830471,0.048436811977102597,0.04711580801409071,0.1955085865257596
0.7022397891963109,0.04787000439174352,0.046991655687307864,0.2028985507246377
0.7054433713784021,0.04784899034240562,0.046532045654082525,0.20017559262510976
0.6939407341884122,0.05042016806722689,0.045112781954887216,0.21052631578947367
0.694309660344067,0.050286722540802825,0.04719894133215704,0.20820467578297308
0.6952085181898846,0.049689440993788817,0.044365572315882874,0.21073646850044367
0.6889085285019885,0.05214317277949625,0.04684047724259832,0.21210782147591692
0.6915224145583666,0.05059920106524634,0.04571682201509099,0.21216156236129605
0.6912544169611308,0.05123674911660778,0.04328621908127209,0.2142226148409894
0.6933983163491361,0.04918032786885246,0.042977403633141335,0.2144439521488702
0.6836233824185631,0.05042391789379741,0.04730031236055333,0.2186523873270861
0.6804942630185349,0.052515445719329215,0.04236540158870256,0.22462488967343336
0.6816964285714285,0.05178571428571429,0.04285714285714286,0.2236607142857143
0.6773333333333333,0.05377777777777778,0.044,0.2248888888888889
0.6850706713780919,0.054770318021201414,0.04196113074204947,0.21819787985865724
0.67601246105919,0.05562972852692479,0.044058744993324434,0.22429906542056074
0.6742957746478874,0.05501760563380282,0.04445422535211268,0.2262323943661972
0.6708074534161491,0.05456965394853593,0.04569653948535936,0.22892635314995563
0.6728723404255319,0.05274822695035461,0.050975177304964536,0.22340425531914893
0.6648936170212766,0.050088652482269506,0.05319148936170213,0.23182624113475178
0.6597711267605634,0.051056338028169015,0.05017605633802817,0.23899647887323944
0.6563876651982379,0.051982378854625554,0.048458149779735685,0.2431718061674009
0.6534697508896797,0.05204626334519573,0.050711743772241996,0.24377224199288255
0.6543429844097995,0.05211581291759466,0.05077951002227171,0.24276169265033407
0.6550507278341421,0.0529333921482135,0.05161005734450816,0.24040582267313632
0.655264326965793,0.051088405153265216,0.05286539315859618,0.24078187472234563
0.6551264980026631,0.05059920106524634,0.052818464269862406,0.24145583666222814
0.6482881280569142,0.05469097376611828,0.053357047576700754,0.2436638506002668
0.6447193990278391,0.05567830313742819,0.05214317277949625,0.2474591250552364
0.6433937251436147,0.05391073795846222,0.053468846663720725,0.24922669023420238
0.6410596026490066,0.05695364238410596,0.053863134657836646,0.24812362030905077
0.6338773709748566,0.05778561976179974,0.054697838553153945,0.25363917071018965
0.6318827708703375,0.056838365896980464,0.05150976909413854,0.25976909413854354
0.6271561256081379,0.05307386112339673,0.05307386112339673,0.26669615214506853
0.6263250883392226,0.054770318021201414,0.05565371024734982,0.26325088339222613
0.6291390728476821,0.053421633554083886,0.053421633554083886,0.2640176600441501
0.6250557289344628,0.05260811413285778,0.055283102987070884,0.2670530539456086
0.6220264317180617,0.05330396475770925,0.05506607929515418,0.2696035242290749
0.6162329069254522,0.056021173356859286,0.05249228054697839,0.27525363917071016
0.62,0.06,0.051111111111111114,0.2688888888888889
0.6222515391380826,0.060246262093227795,0.04969217238346526,0.2678100263852243
0.627148523578669,0.05861613045394447,0.048920229175848394,0.26531511679153813
0.621380846325167,0.060133630289532294,0.049888641425389756,0.26859688195991094
0.6234979973297731,0.06052514463729417,0.04806408544726302,0.26791277258566976
0.6264848218213814,0.05807303123625165,0.04839419269687637,0.26704795424549055
0.6306465899025686,0.058015943312666074,0.0491585473870682,0.26217891939769705
0.6197802197802198,0.0610989010989011,0.05098901098901099,0.2681318681318681
0.6140506891951979,0.06491774121831925,0.053357047576700754,0.26767452200978215
0.6181736794986571,0.06445837063563116,0.051029543419874666,0.26633840644583706
0.6169088507265522,0.059445178335535004,0.05063848524878908,0.27300748568912375
0.619743249225321,0.057104913678618856,0.05179282868525897,0.27135900841080124
0.6189839572192514,0.05303030303030303,0.05525846702317291,0.2727272727272727
0.6165780141843972,0.05540780141843971,0.0549645390070922,0.2730496453900709
0.6117068811438785,0.057640750670241284,0.05317247542448615,0.2774798927613941
0.612846458424989,0.05719313682358117,0.05191377034755829,0.27804663440387156
0.6055968517708789,0.059903804110188016,0.05203323130738959,0.2824661128115435
0.6143359718557607,0.06068601583113457,0.051890941072999124,0.27308707124010556
0.6043613707165109,0.06319537160658656,0.0516243880729862,0.28081886960391633
0.5984949092518813,0.06108897742363878,0.053563523683045594,0.2868525896414343
0.6066964285714286,0.06160714285714286,0.05178571428571429,0.2799107142857143
0.601493848857645,0.06282952548330405,0.04964850615114236,0.28602811950790863
0.6065719360568383,0.06039076376554174,0.05328596802841918,0.2797513321492007
0.6064063185607723,0.060114085125054846,0.05309346204475647,0.2803861342694164
0.6087533156498673,0.058355437665782495,0.04995579133510168,0.28293545534924847
0.6017817371937639,0.058351893095768374,0.05077951002227171,0.289086859688196
0.6043228936921041,0.056021173356859286,0.049404499338332596,0.290251433612704
0.6034406704896339,0.0529333921482135,0.048963387737097484,0.2946625496250551
0.6050420168067226,0.04909332153914197,0.05263157894736842,0.2932330827067669
0.6092920353982301,0.04469026548672567,0.05176991150442478,0.2942477876106195
0.6094858156028369,0.04654255319148936,0.05629432624113475,0.287677304964539
0.6071744906997343,0.04428697962798937,0.0566873339238264,0.29185119574845
0.6048997772828508,0.044543429844097995,0.0556792873051225,0.29487750556792874
0.6104417670682731,0.043284248103525214,0.05845604640785364,0.2878179384203481
0.6082703423743886,0.04757670075589151,0.0609159626500667,0.2832369942196532
0.6053215077605322,0.05365853658536585,0.05898004434589801,0.282039911308204
0.6049274087109547,0.051473823141223056,0.05939287285525737,0.2842058952925649
0.6050644158151932,0.05330964015992892,0.05775211017325633,0.2838738338516215
0.5984077841662981,0.05484298982750995,0.05616983635559487,0.2905793896505971
0.6005338078291815,0.05204626334519573,0.05604982206405694,0.29137010676156583
0.599734630694383,0.0508624502432552,0.05307386112339673,0.2963290579389651
0.6035242290748899,0.04933920704845815,0.053744493392070485,0.2933920704845815
0.6002679767753462,0.05046895935685574,0.052702099151406875,0.29656096471639126
0.5945705384957721,0.049399198931909215,0.0516243880729862,0.30440587449933243
0.596875,0.049107142857142856,0.05044642857142857,0.30357142857142855
0.5939982347749339,0.05163283318623124,0.05163283318623124,0.3027360988526037
0.6018641810918774,0.05015534842432313,0.04837993786063027,0.2996005326231691
0.5978695073235686,0.05015534842432313,0.047936085219707054,0.30403905903240125
0.5995594713656388,0.04933920704845815,0.048458149779735685,0.3026431718061674
0.598663697104677,0.048106904231625836,0.047661469933184854,0.30556792873051225
0.5991169977924945,0.04812362030905077,0.04812362030905077,0.304635761589404
0.5987627043747238,0.04728236853733982,0.047724259832081305,0.30623066725585507
0.5956598759964571,0.04827280779450841,0.04650132860938884,0.3095659875996457
0.5901639344262295,0.047408063801506424,0.044306601683650866,0.3181214000886132
0.5924611973392461,0.04567627494456763,0.04567627494456763,0.3161862527716186
0.5861307420494699,0.04770318021201413,0.04726148409893993,0.31890459363957596
0.5959056519804183,0.04539385847797063,0.04717400979083222,0.3115264797507788
0.5901495162708883,0.0426561125769569,0.048812664907651716,0.31838170624450307
0.5939716312056738,0.040780141843971635,0.04476950354609929,0.3204787234042553
0.5893719806763285,0.04435660957400088,0.04435660957400088,0.32191480017566976
0.5885765283355645,0.04373047746541722,0.04239178937974119,0.3253012048192771
0.5960612691466083,0.04157549234135667,0.04157549234135667,0.32078774617067835
0.592156862745098,0.04226579520697168,0.044444444444444446,0.32113289760348585
0.5852473498233216,0.046819787985865724,0.04284452296819788,0.3250883392226148
0.5874125874125874,0.04938811188811189,0.039335664335664336,0.32386363636363635
0.5830030823425804,0.04931748128577719,0.04095112285336856,0.32672831351827386
0.5789241622574955,0.050705467372134036,0.040123456790123455,0.33024691358024694
0.5779735682819384,0.04889867841409692,0.04008810572687225,0.33303964757709253
0.5749113475177305,0.050088652482269506,0.03679078014184397,0.33820921985815605
0.5751547303271441,0.04862953138815208,0.040671971706454466,0.33554376657824936
0.5796263345195729,0.04715302491103203,0.03959074733096085,0.33362989323843417
0.5850131463628396,0.04688869412795793,0.03856266432953549,0.32953549517966696
0.5857080227970188,0.044278825076720735,0.0394563787812363,0.3305567733450241
0.5891198584697037,0.04599734630694383,0.03759398496240601,0.32728881026094647
0.5881310894596988,0.04428697962798937,0.03720106288751107,0.3303808680248007
0.5853982300884956,0.04469026548672567,0.03982300884955752,0.33008849557522124
0.582562747688243,0.04535446939674152,0.04007045354469397,0.33201232937032144
0.5755427558706248,0.047851129818342934,0.04209127159946832,0.334514842711564
0.5800443458980045,0.04789356984478936,0.043458980044345896,0.3286031042128603
0.5816416593115622,0.04942630185348632,0.04236540158870256,0.3265666372462489
0.5815289438798056,0.05037560760053027,0.04242156429518339,0.3256738842244808
0.5840354767184035,0.05232815964523282,0.04390243902439024,0.3197339246119734
0.5782011519716438,0.052281789986708016,0.04209127159946832,0.3274257864421799
0.5831505046072839,0.050460728389644584,0.04168494953927161,0.3247038174637999
0.575318401405358,0.054457619675010976,0.043478260869565216,0.32674571805006586
0.5748239436619719,0.05413732394366197,0.04709507042253521,0.323943661971831
0.5654840122645641,0.052124397722295226,0.04686815593517302,0.3355234340779676
0.567091948966124,0.05279366476022877,0.048834139903211615,0.33128024637043557
0.5551111111111111,0.05555555555555555,0.050222222222222224,0.3391111111111111
0.5575571177504394,0.05711775043936731,0.04569420035149385,0.3396309314586995
0.5583370585605721,0.05766651765757711,0.04380867232901207,0.34018775145283864
0.5542222222222222,0.06,0.04133333333333333,0.34444444444444444
0.5536897923110915,0.05965532479010163,0.04242156429518339,0.3442333186036235
0.5535317636605953,0.05730786317192359,0.04264771212794314,0.346512661039538
0.5579227696404794,0.055481580115401684,0.0426098535286285,0.34398579671549046
0.5583259127337489,0.052983081032947466,0.04363312555654497,0.3450578806767587
0.5568435131520285,0.049487293802942485,0.04592064199732501,0.34774855104770397
0.5509115162294353,0.048910626945309024,0.04579813250333482,0.35437972432192083
0.5532950022114109,0.04820875718708536,0.04732419283502875,0.35117204776647504
0.5433140826299423,0.04842292314526877,0.050199911150599734,0.35806308307418927
0.549671772428884,0.04857768052516411,0.0525164113785558,0.3492341356673961
0.5413899955732625,0.04957945993802568,0.054891544931385566,0.35413899955732625
0.5443317159241288,0.05161005734450816,0.0564622849580944,0.34759594177326864
0.5459795646379387,0.04886717014660151,0.054642381163927146,0.35051088405153263
0.5487588652482269,0.04609929078014184,0.054078014184397165,0.35106382978723405
0.5480176211453744,0.04669603524229075,0.05418502202643172,0.35110132158590307
0.5481448763250883,0.04991166077738516,0.054328621908127206,0.3476148409893993
0.5482591449977964,0.05112384310268841,0.054649625385632436,0.34596738651388276
0.5593295103661227,0.04764005293339215,0.0529333921482135,0.34009704455227174
0.5592920353982301,0.046460176991150445,0.05442477876106195,0.3398230088495575
0.5632543585158695,0.05096110862762628,0.05498435404559678,0.33080017881090745
0.5543237250554324,0.04966740576496674,0.05321507760532151,0.34279379157427936
0.5524319500223115,0.049085229808121376,0.05176260597947345,0.3467202141900937
0.5518930957683742,0.04721603563474387,0.051224944320712694,0.34966592427616927
0.5490973139586085,0.04491413474240423,0.05019815059445178,0.35579040070453544
0.545615589016829,0.04827280779450841,0.05270150575730735,0.3534100974313552
0.5483870967741935,0.048608042421564294,0.05037560760053027,0.3526292532037119
0.5555555555555556,0.048251438689685705,0.04648074369189907,0.34971226206285966
0.5491766800178015,0.052514463729417,0.04717400979083222,0.35113484646194926
0.538021978021978,0.05318681318681319,0.047472527472527476,0.36131868131868133
0.5388328214129003,0.051777095217200524,0.049583150504607286,0.3598069328652918
0.5415370946246113,0.04842292314526877,0.050199911150599734,0.3598400710795202
0.528376594808623,0.04839419269687637,0.05191377034755829,0.37131544214694234
0.5307312696276357,0.04800358905338717,0.05204127411395244,0.36922386720502465
0.5174085500220361,0.048038783605112385,0.052886734244160426,0.38166593212869104
0.5167336010709505,0.04819277108433735,0.05042391789379741,0.3846497099509148
0.5148558758314856,0.04878048780487805,0.04700665188470066,0.3893569844789357
0.5146994295743748,0.04826678367705134,0.046072838964458095,0.39096094778411583
0.5149647887323944,0.04841549295774648,0.04929577464788732,0.3873239436619718
0.5090587715422006,0.04551480335837384,0.0481661511268228,0.3972602739726027
0.5120643431635389,0.04423592493297587,0.04602323503127793,0.39767649687220735
0.5158836689038031,0.04116331096196868,0.042505592841163314,0.4004474272930649
0.51246660730187,0.04096170970614425,0.040516473731077474,0.40605520926090827
0.5156456588805641,0.0374614367562803,0.04275011018069634,0.40414279418245924
0.5215669014084507,0.035651408450704226,0.04357394366197183,0.39920774647887325
0.5160580730312363,0.03519577650681918,0.04179498460184778,0.4069511658600968
0.512087912087912,0.037802197802197804,0.043076923076923075,0.40703296703296704
0.5135015493581231,0.03762726870296591,0.04028331119964586,0.40858787073926517
0.5053097345132743,0.03716814159292035,0.03893805309734513,0.41858407079646015
0.5015479876160991,0.034055727554179564,0.0362671384343211,0.4281291463954003
0.5008928571428571,0.03080357142857143,0.03571428571428571,0.43258928571428573
0.4986725663716814,0.032300884955752215,0.03672566371681416,0.4323008849557522
0.4991111111111111,0.033777777777777775,0.04,0.4271111111111111
0.4942170818505338,0.03336298932384341,0.037811387900355875,0.4346085409252669
0.5019955654101995,0.031929046563192905,0.040798226164079826,0.42527716186252773
0.50111557340473,0.0321285140562249,0.038821954484605084,0.42793395805443996
0.49736842105263157,0.031578947368421054,0.03728070175438596,0.4337719298245614
0.4971200708905627,0.03190075321222862,0.03278688524590164,0.43819229065130705
0.49552772808586765,0.03041144901610018,0.03354203935599284,0.4405187835420394
0.4900924702774108,0.032144429766622636,0.032144429766622636,0.4456186701893439
0.4936095196121639,0.03129131776112825,0.03217276333186426,0.44292639929484356
0.4931748128577719,0.035667107001321,0.03302509907529723,0.4381329810656099
0.49157801418439717,0.03900709219858156,0.03634751773049645,0.43306737588652483
0.49307726663689144,0.038856632425189816,0.036176864671728454,0.43188923626619025
0.48935226264418813,0.038154392191659274,0.0354924578527063,0.4370008873114463
0.4879248658318426,0.0389087656529517,0.03398926654740608,0.43917710196779963
0.483429076447194,0.038886433937251434,0.03225806451612903,0.44542642509942554
0.48939929328621906,0.038869257950530034,0.03224381625441696,0.43948763250883394
0.48938934603724554,0.038111736682546554,0.03204850584668688,0.440450411433521
0.4886264216972878,0.03980752405949256,0.03237095363079615,0.43919510061242345
0.4857524487978629,0.041852181656277826,0.032056990204808546,0.44033837934105075
0.48868175765645805,0.039502885042166,0.02929427430093209,0.44252108300044385
0.4871908127208481,0.04151943462897526,0.029151943462897525,0.44213780918727913
0.48723591549295775,0.0409330985915493,0.030369718309859156,0.4414612676056338
0.48747252747252745,0.04043956043956044,0.03120879120879121,0.4408791208791209
0.4890380313199105,0.038926174496644296,0.031767337807606266,0.44026845637583895
0.48798602009611186,0.03669724770642202,0.031017911751856708,0.4442988204456094
0.4956217162872154,0.03546409807355517,0.0297723292469352,0.4391418563922942
0.490607252075142,0.03713411970292704,0.0327653997378768,0.4394932284840542
0.48990342405618964,0.03467954345917471,0.035996488147497806,0.43942054433713784
0.49447147279964615,0.0362671384343211,0.03582485625829279,0.43343653250773995
0.49144361562088634,0.031592803861342694,0.03773584905660377,0.43922773146116717
0.48792270531400966,0.032059727711901624,0.03645147123407993,0.44356609574000877
0.47847100175746926,0.032952548330404216,0.03910369068541301,0.44947275922671354
0.47175639894086496,0.03486319505736982,0.03971756398940865,0.45366284201235657
0.46917960088691796,0.03458980044345898,0.03725055432372506,0.458980044345898
0.47164835164835167,0.035164835164835165,0.03868131868131868,0.4545054945054945
0.46472663139329806,0.034832451499118164,0.03835978835978836,0.4620811287477954
0.4658138509042788,0.032642258491398325,0.0388178209086899,0.462726069695633
0.475,0.03482142857142857,0.0375,0.45267857142857143
0.4654032613486117,0.03349493168796827,0.03922432789775231,0.4618774790656677
0.46194690265486726,0.033185840707964605,0.03805309734513274,0.4668141592920354
0.45991189427312773,0.037444933920704845,0.037444933920704845,0.46519823788546255
0.4646823633940471,0.0368725011106175,0.03642825410928476,0.4620168813860506
0.47035573122529645,0.037768994290733424,0.03864734299516908,0.45322793148880103
0.4732142857142857,0.03794642857142857,0.03616071428571429,0.45267857142857143
0.47738252086078176,0.03557312252964427,0.03513394817742644,0.4519104084321476
0.4776053215077605,0.03547671840354767,0.03458980044345898,0.4523281596452328
0.4751552795031056,0.03637976929902396,0.0354924578527063,0.45297249334516415
0.47121820615796517,0.035252119589468986,0.03614457831325301,0.4573850959393128
0.4723083739477182,0.03544528134692069,0.0358883473637572,0.45635799734160387
0.46963028169014087,0.037852112676056336,0.037852112676056336,0.4546654929577465
0.4725663716814159,0.03761061946902655,0.03805309734513274,0.4517699115044248
0.465924276169265,0.03875278396436525,0.03518930957683741,0.4601336302895323
0.4689991142604074,0.03587245349867139,0.0354295837023915,0.45969884853852966
0.47001332741004,0.0368725011106175,0.033762772101288314,0.4593513993780542
0.48028673835125446,0.03449820788530466,0.03270609318996416,0.4525089605734767
0.47648902821316613,0.03493058665472459,0.03090013434841021,0.45768025078369906
0.47595941773268635,0.035288928098809,0.029113365681517425,0.45963828848698723
0.46963028169014087,0.03609154929577465,0.03301056338028169,0.4612676056338028
0.47785651018600533,0.034986713906111605,0.030558015943312665,0.4565987599645704
0.4769986601161233,0.03126395712371594,0.03171058508262617,0.4600267976775346
0.4768620537681798,0.03481710004407228,0.03261348611723226,0.45570736007051565
0.47678018575851394,0.03936311366651924,0.03582485625829279,0.44803184431667403
0.4735202492211838,0.037828215398308856,0.03649310191366266,0.4521584334668447
0.4727112676056338,0.03917253521126761,0.03609154929577465,0.45202464788732394
0.47074468085106386,0.03679078014184397,0.03723404255319149,0.45523049645390073
0.46457399103139013,0.03632286995515695,0.03497757847533632,0.4641255605381166
0.4683318465655665,0.036574487065120426,0.034344335414808205,0.46074933095450493
0.46518847006651887,0.03680709534368071,0.03547671840354767,0.46252771618625277
0.46351172047766476,0.0362671384343211,0.03494029190623618,0.465280849181778
0.46058458813108943,0.03454384410983171,0.032329495128432244,0.47254207263064657
0.4672239331280246,0.034755829300483945,0.032116146062472505,0.4659040915090189
0.46492007104795735,0.034191829484902306,0.034191829484902306,0.466696269982238
0.4650022291573785,0.03522068658047258,0.03388319215336603,0.4658938921087829
0.4586267605633803,0.037411971830985914,0.03301056338028169,0.4709507042253521
0.45628051486906346,0.03550821127385708,0.032845095428317796,0.47536617842876167
0.4537852112676056,0.03873239436619718,0.03169014084507042,0.47579225352112675
0.45718050065876153,0.037768994290733424,0.03293807641633729,0.47211242863416775
0.44734513274336285,0.03761061946902655,0.034955752212389384,0.48008849557522126
0.43901365037428447,0.03830911492734478,0.03830911492734478,0.484368119771026
0.4478009773434029,0.037316748111950244,0.03642825410928476,0.47845402043536206
0.45627208480565373,0.0353356890459364,0.037985865724381625,0.4704063604240283
0.4533690316822847,0.03614457831325301,0.035252119589468986,0.47523427041499333
0.4527056753189617,0.0343158820941487,0.0343158820941487,0.47866256049274086
0.4581497797356828,0.03303964757709251,0.03436123348017621,0.47444933920704846
0.4577620521892968,0.03361344537815126,0.03538257408226449,0.4732419283502875
0.4533804684047724,0.03623508616880247,0.032699955810870526,0.4776844896155546
0.4534216335540839,0.03487858719646799,0.032229580573951436,0.4794701986754967
0.4565121412803532,0.03443708609271523,0.03090507726269316,0.4781456953642384
0.4616740088105727,0.03171806167400881,0.03039647577092511,0.4762114537444934
0.4594713656387665,0.032158590308370046,0.029955947136563875,0.47841409691629955
0.4610912343470483,0.029516994633273702,0.03220035778175313,0.47719141323792486
0.4620780359491451,0.031126698816308637,0.03156510302498904,0.4752301622095572
0.46525011066843736,0.03098716246126605,0.03010181496237273,0.47366091190792387
0.4702750665483585,0.03371783496007098,0.026175687666370896,0.46983141082519964
0.47197898423817863,0.031085814360770576,0.02626970227670753,0.47066549912434325
0.4695767195767196,0.029982363315696647,0.02821869488536155,0.4722222222222222
0.4676131322094055,0.030612244897959183,0.02883762200532387,0.47293700088731144
0.4731230564193692,0.030208796090626388,0.030208796090626388,0.46645935139937805
0.4769094138543517,0.02930728241563055,0.03152753108348135,0.4622557726465364
0.4689991142604074,0.031443755535872454,0.03277236492471213,0.466784765279008
0.47183098591549294,0.030369718309859156,0.03345070422535211,0.46434859154929575
0.4690265486725664,0.032300884955752215,0.031415929203539826,0.4672566371681416
0.4747203579418344,0.032214765100671144,0.029977628635346757,0.46308724832214765
0.4670790985417587,0.032699955810870526,0.030048608042421564,0.4701723376049492
0.46551724137931033,0.03359858532272325,0.027851458885941646,0.47303271441202477
0.45948313622426634,0.036355672360928605,0.03153745072273324,0.47262374069207186
0.4640957446808511,0.034131205673758866,0.028368794326241134,0.4734042553191489
0.461133069828722,0.036012296881862096,0.027228809837505488,0.4756258234519104
0.4580759046778464,0.03971756398940865,0.027802294792586054,0.4744042365401589
0.465601420328451,0.037283621837549935,0.024855747891699954,0.47225920994229914
0.4535855697316322,0.03783545974483062,0.025076990761108666,0.48350197976242854
0.4571051473823141,0.03915530136383634,0.025076990761108666,0.47866256049274086
0.45422222222222225,0.03955555555555555,0.02666666666666667,0.47955555555555557
0.45109423849933006,0.0401965163019205,0.027244305493523895,0.4814649397052255
0.4503950834064969,0.03950834064969271,0.0276558384547849,0.48244073748902544
0.4500222123500666,0.04042647712127943,0.028431808085295423,0.4811195024433585
0.4506855373728439,0.03803626713843432,0.0291906236178682,0.4820875718708536
0.44272445820433437,0.03538257408226449,0.029632905793896505,0.49226006191950467
0.44125441696113077,0.04151943462897526,0.02871024734982332,0.48851590106007065
0.4342629482071713,0.04736609119079239,0.029659141212926073,0.48871181938911024
0.4346103038309115,0.041391457507705856,0.029502421840598855,0.4944958168207838
0.43210968597965504,0.04024767801857585,0.03184431667403804,0.4957983193277311
0.4211224038886434,0.03932832523199293,0.03137428192664605,0.5081749889527176
0.42290748898678415,0.03788546255506608,0.03171806167400881,0.507488986784141
0.41985752448797864,0.036064113980409616,0.03250222617987533,0.5115761353517364
0.4259425493716337,0.03680430879712747,0.03231597845601436,0.5049371633752244
0.42649006622516555,0.03576158940397351,0.03532008830022075,0.5024282560706401
0.42567269519188355,0.03617115130127922,0.03484781649757389,0.5033083370092634
0.4362593736215262,0.035288928098809,0.03617115130127922,0.4922805469783855
0.43402932030208796,0.033762772101288314,0.0368725011106175,0.4953354064860062
0.4357048166151127,0.03535130357931949,0.03667697746354397,0.49226690234202386
0.43868131868131865,0.035164835164835165,0.036483516483516484,0.4896703296703297
0.4395017793594306,0.035142348754448396,0.036476868327402136,0.4888790035587189
0.43992932862190814,0.03666077738515901,0.036219081272084806,0.4871908127208481
0.4404031551270815,0.035056967572304996,0.03374233128834356,0.49079754601226994
0.4462555066079295,0.03524229074889868,0.030837004405286344,0.48766519823788546
0.44370567375886527,0.034131205673758866,0.030585106382978722,0.49157801418439717
0.4383016364440513,0.034055727554179564,0.03140203449800973,0.49624060150375937
0.4392314566577301,0.036193029490616625,0.032171581769437,0.4924039320822163
0.43919821826280625,0.032071269487750555,0.0334075723830735,0.4953229398663697
0.4415929203539823,0.029646017699115044,0.034070796460176994,0.4946902654867257
0.4316258351893096,0.030289532293986638,0.033853006681514475,0.5042316258351893
0.43991228070175437,0.031140350877192982,0.03728070175438596,0.49166666666666664
0.4342681858019281,0.031113058720420684,0.03593339176161262,0.49868536371603855
0.4254658385093168,0.03194321206743567,0.03948535936113576,0.5031055900621118
0.41740674955595025,0.03063943161634103,0.037300177619893425,0.5146536412078153
0.428317798490901,0.03062583222370173,0.03595206391478029,0.5051043053706169
0.4334516415261757,0.029724933451641525,0.03460514640638864,0.5022182786157942
0.4312169312169312,0.03042328042328042,0.03439153439153439,0.503968253968254
0.4329942503317116,0.02786377708978328,0.03228659885006634,0.5068553737284387
0.4328028293545535,0.029177718832891247,0.03138815207780725,0.506631299734748
0.41851195748449954,0.030115146147032774,0.03100088573959256,0.5203720106288751
0.42172383465259455,0.02990325417766051,0.031222515391380826,0.5171503957783641
0.42160737812911725,0.029424681598594644,0.028985507246376812,0.5199824330259113
0.42976294995610187,0.029850746268656716,0.02897278314310799,0.5114135206321334
0.4200792602377807,0.034346103038309116,0.026420079260237782,0.5191545574636723
0.4194690265486726,0.032300884955752215,0.02654867256637168,0.5216814159292036
0.42555066079295156,0.03171806167400881,0.026872246696035242,0.5158590308370044
0.42654238792720817,0.036395916555703504,0.026187305814469597,0.5108743897026188
0.4231974921630094,0.03851321092700403,0.02910882221227049,0.5091804746977161
0.4295932051855163,0.033080017881090745,0.028609745194456863,0.5087170317389361
0.4323258869908016,0.0346035917652212,0.02890932982917214,0.5041611914148051
0.4264117385504669,0.03601600711427301,0.03156958648288128,0.5060026678523788
0.43059866962305987,0.03680709534368071,0.030598669623059866,0.5019955654101995
0.4277533039647577,0.03700440528634361,0.032158590308370046,0.5030837004405286
0.426431718061674,0.03480176211453744,0.033480176211453744,0.5052863436123348
0.42472406181015454,0.032229580573951436,0.033112582781456956,0.5099337748344371
0.43551236749116606,0.03312720848056537,0.030477031802120143,0.5008833922261484
0.43736166445329794,0.03098716246126605,0.03010181496237273,0.5015493581230633
0.4376940133037694,0.031042128603104215,0.028824833702882482,0.5024390243902439
0.4405501330967169,0.031055900621118012,0.02839396628216504,0.5
0.44713656387665196,0.03171806167400881,0.027753303964757708,0.4933920704845815
0.43851917144116354,0.031732040546496254,0.02864698104892023,0.50110180696342
0.44165565830030823,0.032144429766622636,0.029502421840598855,0.4966974900924703
