C,D,Oc,Od
0.0,0.0,0.0,1.0
0.0,0.0,0.6666666666666666,0.3333333333333333
0.0,0.3333333333333333,0.5,0.16666666666666666
0.0,0.25,0.5,0.25
0.07142857142857142,0.21428571428571427,0.5,0.21428571428571427
0.1111111111111111,0.2222222222222222,0.3888888888888889,0.2777777777777778
0.24,0.2,0.28,0.28
0.30303030303030304,0.15151515151515152,0.21212121212121213,0.3333333333333333
0.2978723404255319,0.1276595744680851,0.2127659574468085,0.3617021276595745
0.3235294117647059,0.1323529411764706,0.19117647058823528,0.35294117647058826
0.33707865168539325,0.1348314606741573,0.16853932584269662,0.3595505617977528
0.3492063492063492,0.10317460317460317,0.1746031746031746,0.373015873015873
0.38271604938271603,0.08641975308641975,0.1419753086419753,0.3888888888888889
0.3755868544600939,0.0892018779342723,0.14084507042253522,0.39436619718309857
0.4043321299638989,0.08303249097472924,0.1371841155234657,0.37545126353790614
0.4224137931034483,0.09195402298850575,0.11494252873563218,0.3706896551724138
0.41686746987951806,0.09879518072289156,0.12289156626506025,0.3614457831325301
0.411522633744856,0.08847736625514403,0.11728395061728394,0.38271604938271603
0.4217687074829932,0.08503401360544217,0.1292517006802721,0.36394557823129253
0.4176470588235294,0.08676470588235294,0.11911764705882352,0.3764705882352941
0.41893644617380027,0.08819714656290532,0.11543450064850844,0.377431906614786
0.427262313860252,0.0882016036655212,0.10882016036655212,0.3757159221076747
0.4357429718875502,0.0853413654618474,0.10140562248995984,0.37751004016064255
0.4390909090909091,0.09090909090909091,0.09545454545454546,0.37454545454545457
0.4507857733664185,0.08684863523573201,0.0934656741108354,0.36889991728701405
0.44562737642585554,0.08517110266159696,0.08973384030418251,0.379467680608365
0.43511988716502115,0.0846262341325811,0.0846262341325811,0.39562764456981664
0.4447317388493859,0.08338720103425985,0.07821590174531351,0.3936651583710407
0.4330708661417323,0.08903694730466384,0.07692307692307693,0.40096910963052695
0.44029850746268656,0.08495981630309989,0.07347876004592423,0.4012629161882893
0.43692474282620464,0.08500270709258256,0.07417433676231727,0.4038982133188955
0.43933265925176945,0.08645096056622852,0.06976744186046512,0.4044489383215369
0.4371638141809291,0.08410757946210269,0.06943765281173594,0.40929095354523226
0.43914081145584727,0.08257756563245823,0.07016706443914081,0.4081145584725537
0.44027777777777777,0.0837962962962963,0.07037037037037037,0.40555555555555556
0.4332425068119891,0.08492279745685741,0.06948228882833787,0.4123524069028156
0.4394213381555154,0.08544303797468354,0.06962025316455696,0.4055153707052441
0.4298520842671448,0.08561183325862842,0.06947557149260421,0.4150605109816226
0.4259342638451148,0.08194506978838362,0.07429085997298514,0.4178298063935164
0.42768686421937196,0.08359133126934984,0.0734188412206988,0.41530296329057936
0.42964935641367064,0.085219707057257,0.07456724367509987,0.4105636928539725
0.42656112576956906,0.08487247141600704,0.07343887423043095,0.415127528583993
0.4214254094732182,0.0880920761398849,0.07348384240814519,0.4169986719787517
0.42806707855251547,0.08561341571050309,0.07590467784642542,0.41041482789055606
0.42374388617163183,0.0853712761227212,0.07292129835482436,0.4179635393508226
0.42542677448337823,0.08310871518418689,0.07008086253369272,0.42138364779874216
0.42252894033837934,0.08325912733748887,0.06945681211041853,0.42475512021371326
0.42070484581497797,0.08325991189427313,0.07092511013215859,0.4251101321585903
0.41725978647686834,0.08362989323843416,0.07295373665480427,0.4261565836298932
0.41368653421633556,0.08785871964679912,0.07152317880794702,0.42693156732891835
0.41488413547237074,0.08957219251336898,0.07263814616755793,0.4229055258467023
0.40693025322079074,0.09373611728120836,0.07285650821856952,0.4264771212794314
0.4072759538598048,0.08961845607808341,0.06876663708961846,0.43433895297249336
0.4109042553191489,0.08865248226950355,0.06914893617021277,0.43129432624113473
0.41202090592334495,0.08623693379790941,0.06707317073170732,0.4346689895470383
0.4128888888888889,0.09111111111111111,0.06888888888888889,0.4271111111111111
0.4097711267605634,0.08934859154929578,0.06514084507042253,0.4357394366197183
0.40505767524401065,0.09139307897071872,0.06610470275066549,0.43744454303460517
0.40625,0.08846830985915492,0.0664612676056338,0.43882042253521125
0.40626398210290826,0.08545861297539149,0.06666666666666667,0.44161073825503355
0.40872662511130897,0.085040071237756,0.06500445235975066,0.44122885129118433
0.4059318282425852,0.08942009738822487,0.06595838866755202,0.4386896857016379
0.4023141967067201,0.08767245215843347,0.06453048509123276,0.4454828660436137
0.40425531914893614,0.08421985815602837,0.06205673758865248,0.449468085106383
0.4084632516703786,0.08285077951002227,0.06146993318485523,0.4472160356347439
0.4029255319148936,0.08377659574468085,0.0625,0.4507978723404255
0.40370207139709124,0.08505949757602468,0.06302335830762451,0.4482150727192596
0.409375,0.08660714285714285,0.06428571428571428,0.43973214285714285
0.4060980998674326,0.08572691117984976,0.05965532479010163,0.448519664162616
0.40590568532393123,0.08329660643455267,0.06081974438078449,0.4499779638607316
0.3988541207580432,0.08946672542970471,0.06302335830762451,0.4486557955046276
0.4031042128603104,0.08869179600886919,0.06075388026607539,0.447450110864745
0.4053333333333333,0.08622222222222223,0.06266666666666666,0.4457777777777778
0.40565620857269113,0.08528501988510827,0.05965532479010163,0.449403446752099
0.40704845814977975,0.08722466960352424,0.05991189427312775,0.4458149779735683
0.4008869179600887,0.08736141906873614,0.06075388026607539,0.45099778270509977
0.4021304926764314,0.08832667554371948,0.06080781180648025,0.44873501997336884
0.3999116217410517,0.08351745470614229,0.06098099867432612,0.4555899248784799
0.39751000444642065,0.082258781680747,0.062249888839484215,0.45798132503334815
0.3977777777777778,0.08088888888888889,0.06088888888888889,0.46044444444444443
0.40044444444444444,0.08,0.057777777777777775,0.4617777777777778
0.3973626373626374,0.07868131868131868,0.058021978021978025,0.46593406593406594
0.39619300575475874,0.08233731739707835,0.06020362992474546,0.46126604692341744
0.3992948435434112,0.08505949757602468,0.05773468488320846,0.45791097399735564
0.3945518453427065,0.08304042179261863,0.06019332161687171,0.46221441124780316
0.39788266431407143,0.07940008822232025,0.061755624172915746,0.46096162329069257
0.3988591487494515,0.0776656428258008,0.058797718297498906,0.4646774901272488
0.4029255319148936,0.0775709219858156,0.06161347517730496,0.4578900709219858
0.40478299379982285,0.07573073516386182,0.05890168290522586,0.46058458813108943
0.40370207139709124,0.0744821507271926,0.06081974438078449,0.4609960334949317
0.40487804878048783,0.07671840354767184,0.05942350332594235,0.458980044345898
0.40115504220346515,0.07952021323856064,0.056419369169258105,0.4629053753887161
0.39991201055873293,0.07567091948966125,0.055433347998240214,0.4689837219533656
0.40122914837576823,0.07550482879719052,0.05487269534679543,0.4683933274802458
0.3970912296165712,0.07360070515645659,0.054649625385632436,0.4746584398413398
0.39778761061946905,0.07566371681415929,0.05265486725663717,0.4738938053097345
0.3972481136262761,0.07634265423879272,0.05104305370616955,0.47536617842876167
0.39293598233995586,0.07417218543046358,0.05033112582781457,0.482560706401766
0.3996423781850693,0.0657130084935181,0.05006705409029951,0.4845775592311131
0.4025460930640913,0.06453028972783142,0.04960491659350307,0.4833187006145742
0.3994720633523977,0.06599208095028597,0.0475142982842059,0.48702155741311043
0.3937777777777778,0.06666666666666667,0.048,0.4915555555555556
0.394273127753304,0.06607929515418502,0.04713656387665198,0.49251101321585905
0.4060017652250662,0.06575463371579876,0.04766107678729038,0.48058252427184467
0.40505226480836237,0.06750871080139373,0.04660278745644599,0.4808362369337979
0.3964835164835165,0.06637362637362637,0.04879120879120879,0.48835164835164835
0.39831261101243337,0.06971580817051509,0.047513321492007106,0.4844582593250444
0.3950398582816652,0.06598759964570416,0.05225863596102746,0.4867139061116032
0.3945849977807368,0.06524633821571238,0.05015534842432313,0.49001331557922767
0.40008745080892,0.06296458242238741,0.05115872321818977,0.48578924355050285
0.4,0.06357615894039735,0.046357615894039736,0.4900662251655629
0.39505081749889526,0.0684931506849315,0.04993371630578878,0.48652231551038444
0.3904803878360511,0.06522697223446453,0.05156456588805641,0.49272807404142793
0.3936731107205624,0.061511423550087874,0.05052724077328647,0.4942882249560633
0.3920879120879121,0.06065934065934066,0.047032967032967034,0.5002197802197802
0.384375,0.059375,0.04732142857142857,0.5089285714285714
0.39528679413072476,0.057803468208092484,0.04802134281903068,0.4988883948421521
0.3870395028850422,0.05459387483355526,0.05015534842432313,0.5082112738570794
0.3932980599647266,0.05555555555555555,0.048500881834215165,0.5026455026455027
0.3828368163628279,0.05691418408181414,0.0493552690084482,0.5108937305469098
0.39017974572555897,0.053485313459009205,0.049539675580885574,0.5067952652345462
0.3871829105473965,0.05651980418335559,0.0520694259012016,0.5042278593680463
0.38769230769230767,0.05934065934065934,0.053626373626373625,0.49934065934065935
0.3968888888888889,0.05733333333333333,0.05377777777777778,0.492
0.39626832518880495,0.05819635717458907,0.0519768991559307,0.4935584184806753
0.3976274165202109,0.05536028119507909,0.0531634446397188,0.4938488576449912
0.4019391802556192,0.05685323931247246,0.05420890260026443,0.4869986778316439
0.39269813000890474,0.05966162065894924,0.05120213713268032,0.4964381121994657
0.39688195991091313,0.05746102449888642,0.0467706013363029,0.49888641425389757
0.39753195240193917,0.055531070956368445,0.04451300132216836,0.502423975319524
0.38786279683377306,0.051890941072999124,0.04177660510114336,0.5184696569920845
0.3894736842105263,0.05263157894736842,0.04254385964912281,0.5153508771929824
0.39282589676290464,0.051181102362204724,0.04243219597550306,0.5135608048993876
0.39946973044631023,0.05125939019001326,0.043747238179407864,0.5055236411842686
0.4049079754601227,0.04995617879053462,0.04250657318141981,0.5026292725679229
0.40618101545253865,0.04812362030905077,0.046799116997792496,0.4988962472406181
0.4112725671510348,0.046235138705416116,0.0479964773227653,0.4944958168207838
0.41199823555359505,0.044111160123511246,0.04764005293339215,0.4962505513895015
0.4052747252747253,0.04791208791208791,0.04395604395604396,0.5028571428571429
0.41160949868073876,0.047493403693931395,0.0426561125769569,0.4982409850483729
0.40480427046263345,0.0498220640569395,0.046708185053380785,0.4986654804270463
0.40550133096716945,0.04392191659272405,0.04614019520851819,0.5044365572315883
0.4090909090909091,0.04634581105169341,0.044563279857397504,0.5
0.4060017652250662,0.048984995586937335,0.04589585172109444,0.49911738746690204
0.4052980132450331,0.045916114790286976,0.047240618101545256,0.5015452538631346
0.4102112676056338,0.047975352112676055,0.043133802816901406,0.49867957746478875
0.40380362671384346,0.04467049977885891,0.04555506413091552,0.5059708093763822
0.3999108337048596,0.043245653143111906,0.04502897904592064,0.5118145341061079
0.4043668122270742,0.03842794759825328,0.046724890829694325,0.5104803493449782
0.3985028621752532,0.03742844561867019,0.04667547335975341,0.5173932188463232
0.3980625275209159,0.036988110964332896,0.044033465433729636,0.5209158960810216
0.3947833775419982,0.03934571175950486,0.04509283819628647,0.5207780725022104
0.39334209373631185,0.04117389399912396,0.043802014892685065,0.5216819973718791
0.3920353982300885,0.03761061946902655,0.04380530973451328,0.5265486725663717
0.3861646234676007,0.037215411558669004,0.043782837127845885,0.5328371278458844
0.383362676056338,0.037411971830985914,0.045774647887323945,0.5334507042253521
0.38370044052863433,0.03788546255506608,0.04581497797356828,0.5325991189427313
0.39092111062141915,0.0379021595416483,0.045835169678272364,0.5253415601586602
0.3888888888888889,0.035111111111111114,0.04488888888888889,0.5311111111111111
0.39054837271511367,0.03522068658047258,0.043691484618814086,0.5305394560855996
0.3935002195871761,0.03337725076855512,0.04391743522178305,0.5292050944224858
0.38998682476943347,0.032498902064119456,0.04655248133509003,0.530961791831357
0.39331280246370437,0.03607567091948966,0.04487461504619446,0.5257369115706115
0.3875219683655536,0.038224956063268895,0.04437609841827768,0.5298769771528998
0.39211342490031015,0.03721754541426672,0.043863535666814356,0.5268054940186088
0.39271610355419045,0.036419482229047825,0.045634050021939446,0.5252303641948223
0.387511071744907,0.03808680248007086,0.046058458813108945,0.5283436669619131
0.38084632516703787,0.0378619153674833,0.045879732739420934,0.5354120267260579
0.38355555555555554,0.03822222222222222,0.04888888888888889,0.5293333333333333
0.38392857142857145,0.03794642857142857,0.04642857142857143,0.5316964285714286
0.37246248896734335,0.03618711385701677,0.04501323918799647,0.5463371579876434
0.37411971830985913,0.03609154929577465,0.04621478873239437,0.5435739436619719
0.3758300132802125,0.036741921204072596,0.04293935369632581,0.5444887118193891
0.3712389380530973,0.036283185840707964,0.04601769911504425,0.5464601769911505
0.3804444444444444,0.036444444444444446,0.04533333333333334,0.5377777777777778
0.38061674008810575,0.03612334801762115,0.04581497797356828,0.5374449339207048
0.37962962962962965,0.036155202821869487,0.0445326278659612,0.5396825396825397
0.38147984049623396,0.0358883473637572,0.044306601683650866,0.538325210456358
0.3780326422584914,0.03749448610498456,0.04543449492721659,0.5390383767093074
0.3735478105451296,0.035746201966041107,0.04691689008042895,0.5437890974084003
0.3735255570117955,0.035386631716906945,0.045434687636522496,0.545653123634775
0.37720848056537104,0.0353356890459364,0.04284452296819788,0.5446113074204947
0.3797190517998244,0.03511852502194908,0.03687445127304653,0.54828797190518
0.37902159541648306,0.0370207139709123,0.036579991185544294,0.5473776994270604
0.3757736516357206,0.036251105216622455,0.036251105216622455,0.5517241379310345
0.37350993377483444,0.033554083885209716,0.03532008830022075,0.5576158940397351
0.37270341207349084,0.0336832895888014,0.03805774278215223,0.5555555555555556
0.36999109528049867,0.036064113980409616,0.037399821905609976,0.5565449688334817
0.3742793791574279,0.03592017738359202,0.03547671840354767,0.5543237250554324
0.3717553893532776,0.03607567091948966,0.032996040475142985,0.5591728992520898
0.36347517730496454,0.037677304964539006,0.03280141843971631,0.5660460992907801
0.3751111111111111,0.037333333333333336,0.03288888888888889,0.5546666666666666
0.36774479397430215,0.03810367744793974,0.034116083296411165,0.560035445281347
0.36757481018311744,0.037516748548459135,0.03573023671281822,0.5591782045556052
0.36860670194003525,0.03835978835978836,0.03571428571428571,0.5573192239858906
0.36893203883495146,0.04280670785525154,0.03662842012356576,0.5516328331862312
0.36765355722492266,0.03932832523199293,0.038886433937251434,0.554131683605833
0.3670774647887324,0.040492957746478875,0.040492957746478875,0.5519366197183099
0.3597185576077397,0.03869832893579595,0.03913808267370272,0.5624450307827616
0.3638353765323993,0.04159369527145359,0.03677758318739054,0.5577933450087565
0.3637160385626643,0.043382997370727434,0.03724802804557406,0.5556529360210342
0.36641559592379264,0.04253433761630483,0.03987594151528578,0.5511741249446167
0.37307523097228334,0.04135503739551254,0.03915530136383634,0.5464144302683678
0.3836589698046181,0.035523978685612786,0.037300177619893425,0.5435168738898757
0.38782763216348287,0.03642825410928476,0.03509551310528654,0.5406486006219458
0.38660245183887915,0.03546409807355517,0.03546409807355517,0.5424693520140105
0.37549407114624506,0.03513394817742644,0.03337725076855512,0.5559947299077734
0.37688219663418954,0.03277236492471213,0.032329495128432244,0.5580159433126661
0.37821080602302926,0.03675819309123118,0.032329495128432244,0.5527015057573074
0.3805309734513274,0.03584070796460177,0.031415929203539826,0.552212389380531
0.37511032656663723,0.03618711385701677,0.03089143865842895,0.5578111209179171
0.37683089214380827,0.03462050599201065,0.032845095428317796,0.5557035064358633
0.36899563318777295,0.033624454148471615,0.034934497816593885,0.5624454148471616
0.36893203883495146,0.03309796999117388,0.037069726390114736,0.56090026478376
0.3724534986713906,0.03277236492471213,0.033215234720992026,0.5615589016829052
0.3696236559139785,0.03494623655913978,0.03225806451612903,0.5631720430107527
0.3650022094564737,0.03667697746354397,0.03093239063190455,0.5673884224480777
0.3654529307282416,0.03596802841918295,0.03197158081705151,0.566607460035524
0.3659839715048976,0.0365093499554764,0.035173642030276044,0.56233303650935
0.3743362831858407,0.03672566371681416,0.03672566371681416,0.552212389380531
0.36743772241992884,0.03469750889679715,0.036476868327402136,0.5613879003558719
0.3720827829150154,0.03302509907529723,0.035667107001321,0.5592250110083664
0.37797356828193834,0.03259911894273128,0.033480176211453744,0.5559471365638766
0.3847509916262671,0.03217276333186426,0.031732040546496254,0.5513442044953724
0.3816489361702128,0.03368794326241135,0.03368794326241135,0.5509751773049646
0.3816021126760563,0.035651408450704226,0.03301056338028169,0.5497359154929577
0.37923351158645274,0.035650623885918005,0.03431372549019608,0.5508021390374331
0.3843447669305189,0.03430079155672823,0.030782761653474055,0.5505716798592788
0.38226164079822617,0.03547671840354767,0.031929046563192905,0.5503325942350332
0.38461538461538464,0.036251105216622455,0.02961980548187445,0.5495137046861185
0.3805739514348786,0.038852097130242826,0.031346578366445915,0.5492273730684327
0.3803680981595092,0.04163014899211218,0.03418054338299737,0.5438212094653813
0.37566137566137564,0.0427689594356261,0.034832451499118164,0.54673721340388
0.37277580071174377,0.042704626334519574,0.036476868327402136,0.5480427046263345
0.3760384783559248,0.04022737210319195,0.036292085701792744,0.5474420638390906
0.37427422956677087,0.038856632425189816,0.038856632425189816,0.5480125055828495
0.37142857142857144,0.03912087912087912,0.03736263736263736,0.5520879120879121
0.3667697746354397,0.040653999116217414,0.03800265134776845,0.5545735749005745
0.36230004323389536,0.041504539559014265,0.03761348897535668,0.5585819282317337
0.3666519239274657,0.039805395842547546,0.04024767801857585,0.5532950022114109
0.36999109528049867,0.03784505788067676,0.04140694568121104,0.5507569011576136
0.365605658709107,0.038903625110521665,0.042440318302387266,0.553050397877984
0.3621668851026649,0.039318479685452164,0.03844473569244211,0.5600698995194408
0.3630348478164976,0.04146449051610057,0.0388178209086899,0.556682840758712
0.3670661340434976,0.03994673768308921,0.03905903240124279,0.5539280958721704
0.3594099240053643,0.04112650871703174,0.037103263299061245,0.5623603039785426
0.3614939973321476,0.04224099599822143,0.036905291240551356,0.5593597154290796
0.35874834728955485,0.04186866460996033,0.03966505068312032,0.5597179374173645
0.3563572371315442,0.040475142982842056,0.0387153541575011,0.5644522657281126
0.3593265396544085,0.03898980948161276,0.03987594151528578,0.561807709348693
0.35809018567639256,0.03580901856763926,0.03978779840848806,0.5663129973474801
0.3513986013986014,0.035402097902097904,0.038461538461538464,0.5747377622377622
0.35006547359231777,0.03360977738978612,0.03841117415975556,0.5779135748581405
0.3534136546184739,0.03346720214190094,0.038821954484605084,0.5742971887550201
0.3526292532037119,0.034909412284577994,0.03711886875828546,0.5753424657534246
0.3538732394366197,0.035211267605633804,0.03609154929577465,0.5748239436619719
0.3520814880425155,0.03675819309123118,0.03631532329495128,0.5748449955713021
0.3497340425531915,0.03679078014184397,0.03900709219858156,0.574468085106383
0.34971226206285966,0.038069942452412575,0.03851261620185923,0.5737051792828686
0.3561643835616438,0.03844454264250994,0.038886433937251434,0.5665046398585948
0.3522068658047258,0.03700401248328132,0.03566651805617477,0.5751226036558181
0.3517454706142289,0.037560760053026956,0.03711886875828546,0.5735749005744587
0.34794156706507307,0.033643204957945996,0.035413899955732624,0.5830013280212484
0.3471548301720335,0.032642258491398325,0.03617115130127922,0.5840317600352889
0.3453268977621764,0.03378674857393594,0.03773584905660377,0.5831505046072839
0.3497797356828194,0.03303964757709251,0.03612334801762115,0.581057268722467
0.34991119005328597,0.03152753108348135,0.03774422735346359,0.5808170515097691
0.35273211905819635,0.03109729009329187,0.037760995113282986,0.5784095957352288
0.3554964539007092,0.03102836879432624,0.040336879432624116,0.5731382978723404
0.34347442680776014,0.029541446208112873,0.043209876543209874,0.5837742504409171
0.35210643015521065,0.028824833702882482,0.040798226164079826,0.578270509977827
0.35679718433787944,0.032996040475142985,0.03915530136383634,0.5710514738231413
0.3510874389702619,0.03195739014647137,0.039502885042166,0.5774522858411008
0.3498014997794442,0.03352448169386855,0.04014115571239524,0.5765328628142921
0.34659593280282935,0.03359858532272325,0.040229885057471264,0.5795755968169761
0.3485915492957746,0.03345070422535211,0.040492957746478875,0.5774647887323944
0.3466135458167331,0.038069942452412575,0.03939796370075255,0.5759185480301018
0.34697431432303005,0.037875489769264255,0.038746190683500215,0.5764040052242055
0.34613686534216337,0.040176600441501106,0.038852097130242826,0.5748344370860927
0.34464521815777877,0.040546496253856326,0.03966505068312032,0.5751432349052445
0.34507042253521125,0.04005281690140845,0.03917253521126761,0.5757042253521126
0.3447669305189094,0.0426561125769569,0.03737906772207564,0.575197889182058
0.3376277210128832,0.043536206130608615,0.037760995113282986,0.5810750777432252
0.3365638766519824,0.04229074889867841,0.03656387665198238,0.5845814977973568
0.34012400354295835,0.04162976085031001,0.03720106288751107,0.5810451727192205
0.34394341290893016,0.04111405835543767,0.03713527851458886,0.5778072502210433
0.34822601839684625,0.03898379325448971,0.03591765221200175,0.5768725361366623
0.33818984547461367,0.04150110375275938,0.03664459161147903,0.583664459161148
0.3393645189761695,0.0441306266548985,0.04060017652250662,0.5759046778464254
0.3355234340779676,0.04248795444590451,0.03898379325448971,0.5830048182216382
0.33539549270879365,0.04242156429518339,0.040653999116217414,0.5815289438798056
0.33304157549234137,0.045076586433260395,0.04113785557986871,0.5807439824945295
0.33494081543182813,0.04384042086804033,0.04340201665935993,0.5778167470407716
0.3391188251001335,0.04494882064975523,0.04539385847797063,0.5705384957721407
0.3446601941747573,0.04148278905560459,0.04457193292144748,0.5692850838481907
0.3424657534246575,0.040653999116217414,0.04595669465311533,0.5709235528060097
0.34507042253521125,0.04005281690140845,0.04401408450704225,0.570862676056338
0.3468667255075022,0.04148278905560459,0.04589585172109444,0.5657546337157988
0.33819628647214856,0.042440318302387266,0.048187444739168875,0.5711759504862953
0.3429824561403509,0.041666666666666664,0.0456140350877193,0.5697368421052632
0.34114007954043307,0.040653999116217414,0.04242156429518339,0.5757843570481661
0.3442982456140351,0.039912280701754385,0.04298245614035088,0.5728070175438597
0.3491644678979771,0.04001759014951627,0.04001759014951627,0.5708003518029904
0.34801762114537443,0.039207048458149776,0.04052863436123348,0.5722466960352423
0.3519823788546256,0.03788546255506608,0.04140969162995595,0.5687224669603524
0.34572819831783974,0.034528552456839307,0.043382027445772464,0.5763612217795485
0.3468846663720725,0.03711886875828546,0.04286345558992488,0.5731330092797172
0.3530711444984534,0.03623508616880247,0.0415377817057004,0.5691559876270438
0.35028496273564225,0.03594914511179308,0.03857957036387549,0.5751863217886892
0.352,0.03111111111111111,0.03866666666666667,0.5782222222222222
0.3517454706142289,0.031816173221387536,0.037560760053026956,0.5788775961113566
0.3487964989059081,0.031072210065645513,0.03457330415754924,0.5855579868708971
0.3430335097001764,0.03042328042328042,0.03791887125220458,0.5886243386243386
0.34208185053380785,0.029359430604982206,0.03914590747330961,0.5894128113879004
0.3460008837825895,0.02828104286345559,0.03623508616880247,0.5894829871851525
0.3417441345728198,0.029216467463479414,0.03762726870296591,0.5914121292607348
0.34189895470383275,0.03048780487804878,0.03832752613240418,0.5892857142857143
0.3405286343612335,0.03259911894273128,0.03700440528634361,0.5898678414096916
0.3425196850393701,0.03237095363079615,0.03587051618547681,0.589238845144357
0.33951434878587194,0.031346578366445915,0.03664459161147903,0.5924944812362031
0.3432967032967033,0.03208791208791209,0.03736263736263736,0.5872527472527472
0.34002677376171353,0.03168228469433289,0.038821954484605084,0.5894689870593485
0.34478203434610305,0.029942756494936152,0.038749449581682076,0.5865257595772787
0.3411816970235451,0.033762772101288314,0.037760995113282986,0.5872945357618836
0.3389306230667256,0.034025629695095004,0.03800265134776845,0.589041095890411
0.33600356030262574,0.03426791277258567,0.03649310191366266,0.5932354250111259
0.33421633554083885,0.033112582781456956,0.037969094922737305,0.5947019867549669
0.3376049491825011,0.03314184710561202,0.035793194874060984,0.5934600088378259
0.3369995600527937,0.03343598768147822,0.0365156181258249,0.5930488341399032
0.3337730870712401,0.03342128408091469,0.040457343887423045,0.5923482849604221
0.3286467486818981,0.033391915641476276,0.0421792618629174,0.5957820738137083
0.33158125273762595,0.033289531318440646,0.04248795444590451,0.5926412614980289
0.3310074138682948,0.03270824247710423,0.04404709986916703,0.592237243785434
0.3355525965379494,0.03462050599201065,0.04305370616955171,0.5867731913004882
0.33964757709251103,0.033920704845814977,0.040969162995594714,0.5854625550660792
0.33700926334362596,0.03396559329510366,0.038376709307454786,0.5906484340538156
0.33274725274725275,0.03296703296703297,0.04087912087912088,0.5934065934065934
0.3312527864467231,0.036558181007579134,0.03789567543468569,0.594293357111012
0.3280212483399734,0.035856573705179286,0.034528552456839307,0.601593625498008
0.3233480176211454,0.03436123348017621,0.03612334801762115,0.6061674008810573
0.32686369651521835,0.03440670489633877,0.036612262902514334,0.6021173356859285
0.3323022536456032,0.033583738400353516,0.03711886875828546,0.5969951391957579
0.3261538461538461,0.03296703296703297,0.03956043956043956,0.6013186813186813
0.3281389136242208,0.032056990204808546,0.03873552983081033,0.6010685663401603
0.3289241622574956,0.03306878306878307,0.03880070546737213,0.5992063492063492
0.3323049801674747,0.03437637725870427,0.0379021595416483,0.5954164830321728
0.3247216035634744,0.0378619153674833,0.03608017817371938,0.6013363028953229
0.32238010657193605,0.03774422735346359,0.035523978685612786,0.6043516873889876
0.32275132275132273,0.04144620811287478,0.03659611992945326,0.5992063492063492
0.3292035398230089,0.04292035398230089,0.036283185840707964,0.5915929203539823
0.32684652808491815,0.04157452454666077,0.0367094206103494,0.5948695267580717
0.3251101321585903,0.04052863436123348,0.038766519823788544,0.5955947136563877
0.3292144748455428,0.040158870255957636,0.03795233892321271,0.5926743159752869
0.33141592920353985,0.03716814159292035,0.03584070796460177,0.595575221238938
0.32820061592608885,0.03827540695116586,0.039595248570171576,0.5939287285525737
0.3219964664310954,0.04196113074204947,0.04151943462897526,0.5945229681978799
0.31973684210526315,0.04078947368421053,0.0412280701754386,0.5982456140350877
0.31211589113257243,0.041264266900790166,0.03994732221246708,0.6066725197541704
0.31932773109243695,0.04024767801857585,0.03847854931446263,0.6019460415745246
0.3129973474801061,0.04111405835543767,0.03669319186560566,0.6091954022988506
0.3190075321222862,0.04253433761630483,0.03322995126273815,0.6052281789986708
0.3113746157224418,0.04655248133509003,0.03337725076855512,0.6086956521739131
0.31752305665349145,0.04655248133509003,0.03557312252964427,0.6003513394817742
0.3163176265270506,0.04493891797556719,0.03664921465968586,0.6020942408376964
0.30799304952215467,0.045178105994787145,0.03735881841876629,0.6094700260642919
0.3114537444933921,0.04581497797356828,0.03612334801762115,0.6066079295154185
0.30826737027264733,0.047053649956024624,0.036499560246262094,0.6081794195250659
0.31274812527569473,0.04455227172474636,0.03705337450374945,0.6056462284958094
0.30674305861613044,0.04098721903922433,0.0370207139709123,0.615249008373733
0.30419426048565124,0.04194260485651214,0.03708609271523179,0.6167770419426049
0.30562884784520666,0.04001759014951627,0.036499560246262094,0.617854001759015
0.31436077057793343,0.04246935201401051,0.03633975481611208,0.6068301225919439
0.31551270815074495,0.04250657318141981,0.035056967572304996,0.6069237510955302
0.31236055332440876,0.0428380187416332,0.035698348951361,0.6091030789825971
0.31648351648351647,0.04,0.033846153846153845,0.6096703296703296
0.31422222222222224,0.03911111111111111,0.03244444444444444,0.6142222222222222
0.3110914714980115,0.04021210782147592,0.032699955810870526,0.6159964648696421
0.316,0.03688888888888889,0.034666666666666665,0.6124444444444445
0.30993377483443707,0.038410596026490065,0.03664459161147903,0.6150110375275938
0.30810092961487384,0.04161133244798584,0.03718459495351926,0.6131031429836211
0.30407801418439717,0.040336879432624116,0.03590425531914894,0.6196808510638298
0.30516014234875444,0.03870106761565836,0.036476868327402136,0.619661921708185
0.3008888888888889,0.04088888888888889,0.03422222222222222,0.624
0.30048394192696876,0.04223493180818302,0.03563572371315442,0.6216454025516938
0.2927472527472528,0.04483516483516484,0.037802197802197804,0.6246153846153846
0.2923485183547103,0.04467049977885891,0.03361344537815126,0.6293675364882795
0.29836210712704736,0.043382027445772464,0.03142983621071271,0.6268260292164675
0.2938847338319402,0.04355477342718874,0.030356357237131544,0.6322041355037396
0.29310344827586204,0.041998231653404064,0.028293545534924844,0.636604774535809
0.2910943730615862,0.043420469649977846,0.03190075321222862,0.6335844040762073
0.29185119574845,0.04428697962798937,0.032329495128432244,0.6315323294951284
0.2982766239505082,0.039770216526734424,0.03137428192664605,0.6305788775961113
0.29188712522045857,0.039241622574955906,0.030864197530864196,0.6380070546737213
0.29373081981587024,0.03814116615519509,0.03244191144234985,0.6356861025865849
0.3025322079075966,0.037760995113282986,0.03198578409595735,0.6277210128831631
0.29845474613686535,0.03708609271523179,0.030022075055187638,0.6344370860927152
0.2998678996036988,0.03786878027300748,0.03038309114927345,0.6318802289740203
0.29155555555555557,0.04044444444444444,0.027555555555555555,0.6404444444444445
0.29513274336283185,0.03938053097345133,0.02743362831858407,0.6380530973451327
0.2921249450065992,0.04003519577650682,0.028156621205455347,0.6396832380114387
0.29730921923246584,0.04014115571239524,0.029113365681517425,0.6334362593736216
0.2928666371289322,0.038546743464776254,0.030128489144882586,0.638458130261409
0.2918149466192171,0.03558718861209965,0.03113879003558719,0.641459074733096
0.2872200263504611,0.03557312252964427,0.029424681598594644,0.6477821695213
0.2874725274725275,0.033846153846153845,0.03120879120879121,0.6474725274725275
0.2859048465984882,0.035126722987994664,0.02845709204090707,0.6505113383726101
0.2897651750110766,0.03278688524590164,0.02924235711120957,0.6482055826318122
0.2887323943661972,0.03433098591549296,0.027288732394366196,0.6496478873239436
0.2857142857142857,0.037037037037037035,0.029541446208112873,0.6477072310405644
0.27926348092941694,0.035072336694432264,0.027181060938185005,0.6584831214379658
0.27966475518306133,0.033083370092633436,0.0282311424790472,0.659020732245258
0.28137561411344353,0.03305046895935686,0.028584189370254576,0.6569897275569451
0.2874779541446208,0.03527336860670194,0.0291005291005291,0.6481481481481481
0.282792352156514,0.035571365051133834,0.027567807914628723,0.6540684748777235
0.2872246696035242,0.037444933920704845,0.027753303964757708,0.6475770925110133
0.28910369068541303,0.03690685413005272,0.028119507908611598,0.6458699472759226
0.2903225806451613,0.03623508616880247,0.029164825452938577,0.6442775077330977
0.2854001759014952,0.03781882145998241,0.031222515391380826,0.6455584872471416
0.291740674955595,0.03818827708703375,0.03152753108348135,0.6385435168738899
0.29223946784922394,0.03636363636363636,0.03148558758314856,0.6399113082039911
0.2984154929577465,0.03873239436619718,0.032130281690140844,0.6307218309859155
0.30026690391459077,0.03692170818505338,0.03291814946619217,0.6298932384341637
0.29349269588313415,0.03629924745462594,0.033200531208499334,0.6370075254537406
0.29328621908127206,0.0353356890459364,0.0357773851590106,0.6356007067137809
0.29352137505509035,0.0370207139709123,0.03481710004407228,0.6346408109299251
0.2926073483842408,0.036741921204072596,0.03497122620628597,0.6356795042054006
0.2909090909090909,0.03458980044345898,0.03370288248337029,0.6407982261640798
0.2869179600886918,0.03636363636363636,0.03237250554323725,0.6443458980044345
0.28962472406181017,0.03664459161147903,0.030463576158940398,0.6432671081677704
0.28431372549019607,0.03431372549019608,0.029857397504456328,0.6515151515151515
0.28678745028722935,0.03314184710561202,0.029606716747680072,0.6504639858594786
0.2828104286345559,0.029606716747680072,0.030048608042421564,0.6575342465753424
0.27989371124889284,0.02967227635075288,0.0283436669619132,0.6620903454384411
0.27702407002188184,0.030196936542669583,0.027571115973741796,0.6652078774617067
0.2801418439716312,0.031471631205673756,0.030141843971631204,0.6582446808510638
0.27592345349354697,0.03115264797507788,0.029817534490431688,0.6631063640409435
0.27987697715289983,0.031195079086115993,0.031195079086115993,0.6577328646748682
0.28033658104517273,0.030115146147032774,0.02967227635075288,0.6598759964570416
0.2854001759014952,0.028583992963940194,0.028144239226033423,0.6578715919085312
0.28244610646722396,0.028156621205455347,0.032116146062472505,0.6572811262648482
0.29393398751115074,0.028545941123996433,0.03479036574487065,0.6427297056199821
0.28865527814279457,0.025405168637757335,0.03416557161629435,0.6517739816031537
0.2862190812720848,0.026943462897526502,0.037544169611307424,0.6492932862190812
0.2865342163355408,0.026931567328918323,0.03576158940397351,0.6507726269315673
0.2900662251655629,0.0282560706401766,0.03443708609271523,0.6472406181015452
0.2853992059991178,0.0282311424790472,0.035288928098809,0.651080723423026
0.2834507042253521,0.02772887323943662,0.03609154929577465,0.6527288732394366
0.2877379371403276,0.027003098716246128,0.033643204957945996,0.6516157591854803
0.293598233995585,0.02781456953642384,0.03532008830022075,0.6432671081677704
0.29273693534100975,0.027900797165633304,0.0354295837023915,0.6439326837909655
0.286215978928885,0.031167690956979806,0.03731343283582089,0.6453028972783144
0.28991971454058874,0.031222123104371096,0.036574487065120426,0.6422836752899197
0.291906236178682,0.03051747014595312,0.03538257408226449,0.6421937195931003
0.28634361233480177,0.03303964757709251,0.03656387665198238,0.6440528634361233
0.2919611307420495,0.03445229681978799,0.03842756183745583,0.6351590106007067
0.28990662516674076,0.03601600711427301,0.037349933303690526,0.6367274344152957
0.2885964912280702,0.03464912280701754,0.035964912280701755,0.6407894736842106
0.29343971631205673,0.03324468085106383,0.03590425531914894,0.6374113475177305
0.29541446208112876,0.03306878306878307,0.03659611992945326,0.6349206349206349
0.29706927175843695,0.03108348134991119,0.03952042628774423,0.6323268206039077
0.29411764705882354,0.031167690956979806,0.03687445127304653,0.6378402107111502
0.2948943661971831,0.03169014084507042,0.03609154929577465,0.6373239436619719
0.2988962472406181,0.031788079470198675,0.03620309050772627,0.633112582781457
0.2982300884955752,0.031415929203539826,0.033185840707964605,0.6371681415929203
0.29556433904259993,0.031181379007465964,0.03469477382520861,0.6385595081247255
0.2911111111111111,0.030222222222222223,0.033777777777777775,0.6448888888888888
0.2918492550394391,0.030236634531113058,0.035056967572304996,0.6428571428571429
0.2924028268551237,0.030918727915194347,0.037985865724381625,0.6386925795053003
0.2903939796370075,0.03142983621071271,0.04072598494909252,0.6374501992031872
0.2926613616268789,0.03183023872679045,0.040229885057471264,0.6352785145888594
0.29279080053073864,0.030959752321981424,0.042459088898717384,0.6337903582485626
0.29261862917398945,0.029437609841827767,0.04130052724077329,0.6366432337434095
0.2907706093189964,0.02956989247311828,0.04256272401433692,0.6370967741935484
0.29494505494505496,0.027692307692307693,0.04263736263736264,0.6347252747252747
0.29678555702333775,0.028621752531924262,0.041831792162043156,0.6327608982826949
0.2976294995610184,0.028094820017559263,0.04038630377524144,0.6338893766461808
0.2928795342588446,0.027765338110165697,0.04120017913121361,0.638154948499776
0.29871851524524967,0.02562969509500663,0.04197967300044189,0.6336721166593018
0.2916299559471366,0.025110132158590308,0.04185022026431718,0.641409691629956
0.29442970822281167,0.026525198938992044,0.040671971706454466,0.6383731211317418
0.2903225806451613,0.025187803800265134,0.04286345558992488,0.6416261599646487
0.28779840848806365,0.02564102564102564,0.04332449160035367,0.6432360742705571
0.2750995134896064,0.026094648385670056,0.04290137107474569,0.6559044670499778
0.28302712160979876,0.024496937882764653,0.0415573053368329,0.6509186351706037
0.2796125055041832,0.025979744605900485,0.04227212681638045,0.6521356230735359
0.28180212014134276,0.028268551236749116,0.04019434628975265,0.6497349823321554
0.28097731239092494,0.029668411867364748,0.03795811518324607,0.6513961605584643
0.28171478565179353,0.030183727034120734,0.03587051618547681,0.652230971128609
0.28277071459886016,0.03024989039894783,0.03682595352915388,0.6501534414730381
0.2801590808661069,0.033583738400353516,0.03623508616880247,0.650022094564737
0.27612272120942644,0.03423743886171632,0.04046242774566474,0.6491774121831926
0.26894107221976077,0.0358883473637572,0.03898980948161276,0.6561807709348693
0.26941641070645017,0.036419482229047825,0.03773584905660377,0.6564282580078982
0.26622222222222225,0.035111111111111114,0.04,0.6586666666666666
0.26,0.035111111111111114,0.042222222222222223,0.6626666666666666
0.2537117903930131,0.03668122270742358,0.04410480349344978,0.6655021834061136
0.2547211242863417,0.04040404040404041,0.04216073781291173,0.6627140974967062
0.2557522123893805,0.04247787610619469,0.0420353982300885,0.6597345132743363
0.2580502867225408,0.03970004411116013,0.04102337891486546,0.6612262902514336
0.26269315673289184,0.03708609271523179,0.039293598233995586,0.6609271523178808
0.25817706061927603,0.03837767117313563,0.04143044047099869,0.6620148277365896
0.2558037669732808,0.039859833552343404,0.04248795444590451,0.6618484450284713
0.2616407982261641,0.03902439024390244,0.041685144124168516,0.6576496674057649
0.25687666370896184,0.040372670807453416,0.040372670807453416,0.6623779946761313
0.25011008366358434,0.04315279612505504,0.03963011889035667,0.667107001321004
0.2457293035479632,0.04292597459483136,0.040735873850197106,0.6706088480070084
0.24479858344400177,0.0451527224435591,0.04161133244798584,0.6684373616644533
0.24391323594510844,0.044710048694112436,0.044710048694112436,0.6666666666666666
0.24878694309660343,0.04146449051610057,0.0458756065284517,0.6638729598588443
0.25166444740346205,0.03994673768308921,0.04438526409232135,0.6640035508211274
0.2658623771224307,0.03798033958891868,0.043789097408400354,0.6523681858802503
0.25963668586619404,0.03766061143110323,0.043420469649977846,0.6592822330527248
0.26409232134931204,0.037283621837549935,0.04438526409232135,0.6542387927208166
