C,D,Oc,Od
0.0,0.0,1.0,0.0
0.0,0.4,0.6,0.0
0.0,0.5454545454545454,0.45454545454545453,0.0
0.09523809523809523,0.42857142857142855,0.38095238095238093,0.09523809523809523
0.0975609756097561,0.43902439024390244,0.36585365853658536,0.0975609756097561
0.08695652173913043,0.4492753623188406,0.3333333333333333,0.13043478260869565
0.09259259259259259,0.4537037037037037,0.3055555555555556,0.14814814814814814
0.09876543209876543,0.4444444444444444,0.2962962962962963,0.16049382716049382
0.12448132780082988,0.45228215767634855,0.26556016597510373,0.15767634854771784
0.12979351032448377,0.46017699115044247,0.24778761061946902,0.16224188790560473
0.1415929203539823,0.46238938053097345,0.22787610619469026,0.168141592920354
0.14432989690721648,0.46219931271477666,0.22336769759450173,0.17010309278350516
0.13850415512465375,0.4598337950138504,0.23545706371191136,0.16620498614958448
0.141602634467618,0.4588364434687157,0.22941822173435786,0.17014270032930845
0.13697318007662834,0.45689655172413796,0.23659003831417624,0.16954022988505746
0.13528932355338225,0.46047269763651183,0.23145884270578648,0.17277913610431947
0.1328011611030479,0.46081277213352684,0.2358490566037736,0.17053701015965167
0.13544303797468354,0.4563291139240506,0.22278481012658227,0.18544303797468353
0.13325540619520748,0.45645821157218003,0.22384570426651082,0.1864406779661017
0.132829373650108,0.4562634989200864,0.21922246220302377,0.19168466522678185
0.14148073022312374,0.44675456389452334,0.21348884381338742,0.19827586206896552
0.14107485604606526,0.44433781190019195,0.21641074856046066,0.19817658349328215
0.14627285513361463,0.44022503516174405,0.22128457571495547,0.19221753398968588
0.14396003633060853,0.43460490463215257,0.22524977293369663,0.19618528610354224
0.14528386231560125,0.42869915064818953,0.22843093428699152,0.1975860527492177
0.14317277949624393,0.4264250994255413,0.23066725585505965,0.19973486522315512
0.13935144609991235,0.42418930762489043,0.23794916739702016,0.19851007887817704
0.13877909530083443,0.43302591128678086,0.23583662714097497,0.19235836627140976
0.1429197720298115,0.42218325295922843,0.24068391056554142,0.19421306444541866
0.14685314685314685,0.42744755244755245,0.23164335664335664,0.19405594405594406
0.14787187362878457,0.42255375164545855,0.23124177270732776,0.19833260201842914
0.14888010540184454,0.41985068072024595,0.2349582784365393,0.1963109354413702
0.15296703296703296,0.41318681318681316,0.23692307692307693,0.19692307692307692
0.15661047027506655,0.4090505767524401,0.240905057675244,0.19343389529724933
0.16084843128590368,0.4065399911621741,0.2421564295183385,0.19045514803358374
0.1586327782646801,0.40271691498685364,0.2432077125328659,0.19544259421560034
0.15959328028293546,0.40671971706454463,0.24314765694076038,0.1905393457117595
0.16394167034909413,0.3959346000883783,0.24436588599204595,0.19575784357048165
0.1634828964904487,0.39804531319413594,0.24344735673034207,0.1950244335850733
0.15884159719175076,0.39929793769197014,0.24572180781044317,0.1961386573058359
0.16109154929577466,0.39436619718309857,0.2517605633802817,0.19278169014084506
0.1626559714795009,0.3877005347593583,0.2535650623885918,0.19607843137254902
0.16360454943132108,0.38538932633420825,0.25021872265966755,0.20078740157480315
0.16496674057649668,0.38004434589800445,0.25365853658536586,0.20133037694013303
0.16096491228070176,0.3780701754385965,0.2565789473684211,0.2043859649122807
0.16130453944468928,0.375495813133539,0.25914499779638606,0.20405464962538564
0.1644620811287478,0.37566137566137564,0.2566137566137566,0.20326278659611993
0.16292382210479964,0.3667987670629679,0.26023778071334214,0.21003963011889035
0.16120576671035386,0.3656618610747051,0.2603757099169943,0.2127566622979467
0.162533215234721,0.366696191319752,0.2604074402125775,0.21036315323294952
0.1665930181175431,0.3685373398144057,0.25894829871851527,0.20592134334953602
0.16578014184397163,0.3727836879432624,0.25443262411347517,0.20700354609929078
0.1643835616438356,0.3636765355722492,0.2624834290764472,0.20945647370746795
0.16838796587337224,0.35518634934889987,0.2604400538841491,0.2159856308935788
0.16762749445676275,0.3614190687361419,0.2616407982261641,0.20931263858093127
0.1650485436893204,0.3592233009708738,0.2621359223300971,0.21359223300970873
0.16323851203501094,0.3614879649890591,0.262144420131291,0.21312910284463896
0.15973741794310722,0.3663019693654267,0.25951859956236323,0.21444201312910285
0.1604230938739533,0.3653591890700749,0.2613486117232261,0.2128691053327457
0.16211453744493393,0.3629955947136564,0.2669603524229075,0.20792951541850221
0.1598594642072903,0.36802810715854195,0.2595520421607378,0.21256038647342995
0.15777875716174528,0.36976641692375495,0.255178492728074,0.21727633318642575
0.15782493368700265,0.3735632183908046,0.2502210433244916,0.21839080459770116
0.15306572562858403,0.3714159682399647,0.2567269519188355,0.21879135421261578
0.15600350569675722,0.37116564417177916,0.25197195442594217,0.22085889570552147
0.1600177304964539,0.3692375886524823,0.24601063829787234,0.2247340425531915
0.1605424321959755,0.37270341207349084,0.24540682414698162,0.22134733158355205
0.16403508771929826,0.36578947368421055,0.24385964912280703,0.22631578947368422
0.16578947368421051,0.3719298245614035,0.2412280701754386,0.22105263157894736
0.16608238387379493,0.37467134092900967,0.2401402278702892,0.21910604732690622
0.162677304964539,0.37898936170212766,0.2402482269503546,0.21808510638297873
0.16230366492146597,0.38045375218150085,0.23821989528795812,0.21902268760907503
0.16630100921456778,0.3813075910487056,0.2387011847301448,0.21369021500658184
0.16447368421052633,0.38859649122807016,0.23640350877192984,0.21052631578947367
0.1662269129287599,0.38742304309586634,0.23702726473175023,0.20932277924362358
0.17462422634836428,0.3863837312113174,0.2338638373121132,0.20512820512820512
0.17485613103142983,0.3806994245241257,0.23151837096060204,0.2129260734838424
0.17620949844651576,0.3715046604527297,0.23612960497114957,0.21615623612960497
0.1767032967032967,0.37362637362637363,0.23604395604395603,0.21362637362637363
0.17776797529775032,0.3643581826202029,0.23908248786943095,0.21879135421261578
0.1742591773551526,0.3697478991596639,0.24148606811145512,0.21450685537372843
0.17439293598233996,0.36688741721854307,0.2467991169977925,0.2119205298013245
0.17289925208974924,0.3647162340519138,0.25252969643642764,0.20985481742190937
0.17303469477382522,0.37285902503293805,0.2481335090030742,0.2059727711901625
0.1682991985752449,0.37043633125556547,0.25244879786286734,0.20881567230632236
0.17067736185383245,0.3672014260249554,0.2482174688057041,0.21390374331550802
0.1718544498027181,0.35992985532661115,0.2538360368259535,0.21437965804471723
0.17533887188456493,0.3594228246611281,0.2505465675557499,0.21469173589855706
0.18133333333333335,0.35555555555555557,0.24666666666666667,0.21644444444444444
0.18041464490516101,0.3599470666078518,0.24437582708425232,0.2152624614027349
0.17683194383501535,0.35936814392277316,0.24703817463799913,0.21676173760421238
0.17929515418502204,0.3568281938325991,0.24669603524229075,0.2171806167400881
0.1781659388646288,0.35283842794759823,0.25109170305676853,0.21790393013100437
0.17929515418502204,0.3431718061674009,0.25418502202643173,0.22334801762114537
0.18066491688538933,0.33989501312335957,0.25284339457567806,0.22659667541557305
0.18201851035698546,0.3362714852357867,0.24548259144997797,0.2362274129572499
0.18502202643171806,0.34008810572687226,0.24140969162995596,0.23348017621145375
0.18826619964973731,0.3323117338003503,0.2373029772329247,0.24211908931698775
0.18440648269820412,0.3320192728865528,0.24310118265440211,0.240473061760841
0.18557607739665788,0.33157431838170626,0.23614775725593667,0.24670184696569922
0.19202104340201667,0.3314335817623849,0.23279263480929416,0.24375274002630426
0.19624125874125875,0.3304195804195804,0.23164335664335664,0.2416958041958042
0.19768991559306975,0.3260772989782319,0.23500666370502,0.24122612172367836
0.19831036016007114,0.33036905291240554,0.23388172521120498,0.23743886171631837
0.19806338028169015,0.3305457746478873,0.23723591549295775,0.23415492957746478
0.19632706602536074,0.32487975513773504,0.23524267599475296,0.2435505028421513
0.18853171155516943,0.32841007819287577,0.23544743701129453,0.2476107732406603
0.18405988551298988,0.3284896521356231,0.242184059885513,0.24526640246587406
0.18423344947735193,0.32839721254355403,0.24259581881533102,0.24477351916376305
0.1878868258178603,0.3213969938107869,0.246684350132626,0.2440318302387268
0.19569986836331724,0.3181219833260202,0.24396665204036858,0.24221149627029398
0.1968365553602812,0.3189806678383128,0.24472759226713534,0.23945518453427064
0.19496021220159152,0.3169761273209549,0.24447391688771,0.24358974358974358
0.19143356643356643,0.31774475524475526,0.24737762237762237,0.24344405594405594
0.19370354175776125,0.3209444687363358,0.2439877568867512,0.24136423261915171
0.20274457724656927,0.3240371845949535,0.23771580345285526,0.23550243470562196
0.19698981850376274,0.3191677733510403,0.2434705621956618,0.2403718459495352
0.20184696569920843,0.32365875109938436,0.2423043095866315,0.23218997361477572
0.20367132867132867,0.319493006993007,0.2465034965034965,0.23033216783216784
0.20192728865527815,0.31537450722733246,0.25317564607971965,0.22952255803766974
0.1986754966887417,0.3147902869757174,0.24988962472406182,0.23664459161147902
0.20415377817057004,0.3163941670349094,0.24922669023420238,0.23022536456031817
0.20899470899470898,0.31261022927689597,0.24118165784832452,0.23721340388007053
0.21488331131660063,0.309114927344782,0.23690004403346543,0.23910171730515192
0.2160737812911726,0.3140096618357488,0.2261747913921827,0.2437417654808959
0.22100175746924428,0.30799648506151145,0.22539543057996486,0.24560632688927944
0.23060061376589217,0.2981148619026743,0.2244629548443665,0.24682156948706707
0.23261915172715347,0.29995627459554003,0.22168780061215565,0.24573677306515085
0.23100570926657882,0.2995169082125604,0.2235397452788757,0.24593763724198506
0.23158359064843406,0.2990736656374063,0.22143802382002647,0.2479047198941332
0.2319610447100487,0.29747675962815406,0.2222222222222222,0.24833997343957503
0.2314487632508834,0.2968197879858657,0.21863957597173145,0.25309187279151946
0.22980017376194614,0.2997393570807993,0.2145960034752389,0.25586446568201565
0.22741295724988983,0.29308065226972235,0.21771705597179375,0.2617893345085941
0.22323363675769398,0.293888166449935,0.21889900303424362,0.26397919375812745
0.22158590308370044,0.2982378854625551,0.21762114537444935,0.26255506607929513
0.22026431718061673,0.3004405286343612,0.22026431718061673,0.25903083700440527
0.22771403353927624,0.29170344218887906,0.22506619593998234,0.25551632833186233
0.23182624113475178,0.28856382978723405,0.22384751773049646,0.2557624113475177
0.23124177270732776,0.28170250109697237,0.22641509433962265,0.2606406318560772
0.2375495813133539,0.2794182459233142,0.22829440282062582,0.254737769942706
0.23547400611620795,0.28309305373525556,0.22848405417212755,0.2529488859764089
0.2362758014931928,0.27887571365832237,0.2318840579710145,0.25296442687747034
0.2404227212681638,0.28401585204755614,0.2263320123293703,0.24922941435490972
0.23943661971830985,0.28125,0.22755281690140844,0.2517605633802817
0.2487847989394609,0.275740167918692,0.23022536456031817,0.24524966858152894
0.24556737588652483,0.2801418439716312,0.23315602836879432,0.24113475177304963
0.24715162138475022,0.28001752848378614,0.23356704645048204,0.2392638036809816
0.24278215223097113,0.2821522309711286,0.2357830271216098,0.23928258967629046
0.24502432551968156,0.28040689960194604,0.23485183547103053,0.23971693940734187
0.24542614904060686,0.2838018741633199,0.22980812137438644,0.24096385542168675
0.235657546337158,0.2881729920564872,0.2321270962047661,0.2440423654015887
0.23659725299069562,0.2933097031457687,0.23349579087284006,0.23659725299069562
0.2359402460456942,0.29481546572934975,0.22539543057996486,0.2438488576449912
0.23876651982378855,0.30176211453744495,0.226431718061674,0.2330396475770925
0.24019391802556192,0.3001322168356104,0.2243278977523138,0.2353459673865139
0.24177777777777779,0.2946666666666667,0.2262222222222222,0.23733333333333334
0.23851203501094093,0.29934354485776804,0.22844638949671772,0.2336980306345733
0.23671497584541062,0.30478700043917434,0.22924901185770752,0.22924901185770752
0.23860115095174855,0.30367419212040725,0.22532093846834883,0.23240371845949534
0.23633156966490299,0.30246913580246915,0.2279541446208113,0.23324514991181658
0.23598949211908932,0.29597197898423816,0.22898423817863398,0.23905429071803852
0.23982494529540482,0.30196936542669583,0.2223194748358862,0.23588621444201313
0.23880597014925373,0.30114135206321335,0.22607550482879718,0.23397717295873574
0.23612334801762114,0.30352422907488985,0.2277533039647577,0.23259911894273128
0.232620320855615,0.30614973262032086,0.2281639928698752,0.23306595365418895
0.2352168199737188,0.30398598335523436,0.22820849759088918,0.2325886990801577
0.24043956043956044,0.3010989010989011,0.22417582417582418,0.2342857142857143
0.24593048834139902,0.2930048394192697,0.22481302243730752,0.23625164980202376
0.2446524064171123,0.29500891265597146,0.22192513368983957,0.23841354723707664
0.24583698510078877,0.29842243645924627,0.21910604732690622,0.2366345311130587
0.2497797356828194,0.2947136563876652,0.2171806167400881,0.23832599118942732
0.25055041831792163,0.29458388375165123,0.2188463232056363,0.23601937472479084
0.2502218278615794,0.3007985803016859,0.21872227151730259,0.2302573203194321
0.24978089395267308,0.2962313759859772,0.22085889570552147,0.2331288343558282
0.254207263064659,0.2945084145261293,0.22276350752878654,0.22852081488042517
0.2511013215859031,0.3022026431718062,0.2211453744493392,0.22555066079295155
0.2558654271801682,0.30323151837096063,0.21868083222664897,0.2222222222222222
0.25921052631578945,0.2986842105263158,0.2206140350877193,0.22149122807017543
0.25633051976899157,0.3034207019102621,0.22256774766770324,0.2176810306530431
0.25385632437197003,0.3023358307624504,0.21992066989863376,0.2238871749669458
0.25252969643642764,0.3035635723713154,0.22261328640563133,0.2212934447866256
0.2554131683605833,0.29341581970835173,0.22580645161290322,0.22536456031816174
0.24193548387096775,0.2942458587619878,0.23496076721883175,0.22885789014821273
0.2434936038817821,0.29422143802382,0.23070136744596384,0.23158359064843406
0.25021795989537926,0.29293809938971227,0.2262423714036617,0.23060156931124673
0.24782229965156793,0.2939895470383275,0.2312717770034843,0.2269163763066202
0.2456839309428951,0.2912793271359008,0.2297476759628154,0.23328906595838866
0.25110717449069975,0.2883082373782108,0.2263064658990257,0.23427812223206376
0.24890446976336547,0.28352322524101664,0.22787028921998248,0.2397020157756354
0.25021872265966755,0.28171478565179353,0.23009623797025372,0.2379702537182852
0.25893250992501105,0.28054697838553155,0.22717247463608292,0.2333480370533745
0.2565789473684211,0.28289473684210525,0.22763157894736843,0.23289473684210527
0.2543478260869565,0.28304347826086956,0.2308695652173913,0.23173913043478261
0.2532865907099036,0.2848378615249781,0.22962313759859773,0.2322524101665206
0.261978021978022,0.2786813186813187,0.23164835164835165,0.2276923076923077
0.2650498051104374,0.2776093546990039,0.23126894759636207,0.22607189259419663
0.2628120893561104,0.2842750766535261,0.22996057818659657,0.22295225580376699
0.2655293088363955,0.2869641294838145,0.2279090113735783,0.21959755030621173
0.26448474126492705,0.28350287483414416,0.22733303847854933,0.22467934542237947
0.26439326837909655,0.2860938883968113,0.2240921169176262,0.2254207263064659
0.25746924428822493,0.29173989455184535,0.22495606326889278,0.22583479789103691
0.25756910925844667,0.29574374725756913,0.22071083808688022,0.225976305397104
0.2627673505019642,0.29725010912265387,0.21780881711043212,0.2221737232649498
0.26515481901439164,0.2926297426951592,0.21456607064980376,0.22764936764064544
0.26607929515418505,0.2960352422907489,0.21101321585903085,0.22687224669603523
0.25877192982456143,0.2956140350877193,0.21929824561403508,0.22631578947368422
0.25272331154684097,0.2971677559912854,0.2222222222222222,0.22788671023965143
0.25597874224977857,0.2940655447298494,0.2254207263064659,0.22453498671390612
0.247682119205298,0.2980132450331126,0.22649006622516557,0.22781456953642384
0.247791519434629,0.29770318021201414,0.22614840989399293,0.22835689045936397
0.24548259144997797,0.2974878801234024,0.22961657117672984,0.22741295724988983
0.2482363315696649,0.3037918871252205,0.22663139329805995,0.22134038800705466
0.2531812198332602,0.29793769197016234,0.225976305397104,0.22290478279947346
0.25570175438596493,0.30657894736842106,0.2179824561403509,0.21973684210526315
0.2528837622005324,0.30479148181011534,0.22715173025732033,0.21517302573203195
0.2482363315696649,0.30335097001763667,0.2279541446208113,0.2204585537918871
0.24493392070484582,0.3052863436123348,0.22599118942731278,0.22378854625550662
0.2444250109313511,0.30870135548753824,0.2264975951027547,0.22037603847835593
0.24724548259145,0.30542089026002645,0.22036139268400176,0.2269722344645218
0.2422907488986784,0.3092511013215859,0.22202643171806166,0.226431718061674
0.23851590106007067,0.30565371024734983,0.22173144876325088,0.23409893992932862
0.2410437859354268,0.3087129588677576,0.21892967713401149,0.23131357806280406
0.23803249890206413,0.30742204655248134,0.22705314009661837,0.2274923144488362
0.23803249890206413,0.31488801054018445,0.22485726833552921,0.2222222222222222
0.24041811846689895,0.30705574912891986,0.2221254355400697,0.2304006968641115
0.23162583518930957,0.31224944320712694,0.2244988864142539,0.23162583518930957
0.23131357806280406,0.3087129588677576,0.22291021671826625,0.23706324635117204
0.2329246935201401,0.30823117338003503,0.22548161120840632,0.23336252189141857
0.2356828193832599,0.3070484581497797,0.22819383259911893,0.2290748898678414
0.2358117025956885,0.30048394192696876,0.22217333919929608,0.24153101627804663
0.24140969162995596,0.2973568281938326,0.22158590308370044,0.239647577092511
0.24381625441696114,0.2919611307420495,0.22879858657243815,0.23542402826855124
0.242263483642794,0.2922192749778957,0.22590627763041557,0.2396109637488948
0.24606643356643357,0.291958041958042,0.22377622377622378,0.2381993006993007
0.2421978021978022,0.2879120879120879,0.22681318681318682,0.24307692307692308
0.2479157525230364,0.28740675734971477,0.2242211496270294,0.24045634050021938
0.2476983779044279,0.2884699693117054,0.22051731696624288,0.24331433581762385
0.2501106684373617,0.29305002213368747,0.21912350597609562,0.23771580345285526
0.25121412803532006,0.2944812362030905,0.22163355408388521,0.2326710816777042
0.24912280701754386,0.2916666666666667,0.21929824561403508,0.23991228070175438
0.24716652136006975,0.2911944202266783,0.21795989537925023,0.24367916303400175
0.237017310252996,0.2960497114957834,0.21748779405237462,0.24944518419884598
0.23343571741992103,0.3001316366827556,0.21763931548924967,0.24879333040807372
0.23765432098765432,0.2958553791887125,0.21516754850088182,0.25132275132275134
0.23240371845949534,0.30278884462151395,0.21779548472775564,0.24701195219123506
0.2384076990376203,0.29658792650918636,0.210411198600175,0.2545931758530184
0.23461708720672864,0.3023461708720673,0.20849933598937584,0.2545374059318282
0.238898756660746,0.3006216696269982,0.20426287744227353,0.2562166962699822
0.23640350877192984,0.2986842105263158,0.20789473684210527,0.25701754385964914
0.2369584438549956,0.2979664014146773,0.20689655172413793,0.2581786030061892
0.2404227212681638,0.30823425803610743,0.19726992514310876,0.25407309555262
0.23511248345831495,0.30921923246581384,0.19894133215703572,0.2567269519188355
0.23208041958041958,0.3068181818181818,0.20716783216783216,0.25393356643356646
0.22939380723942435,0.30963802878325336,0.21064108155255123,0.25032708242477103
0.2364358182620203,0.3078958976621085,0.20379355977062197,0.2518747243052492
0.232773851590106,0.30874558303886923,0.2067137809187279,0.25176678445229683
0.2324159021406728,0.30930537352555704,0.2075141983398864,0.25076452599388377
0.23580786026200873,0.3056768558951965,0.2074235807860262,0.25109170305676853
0.24077328646748683,0.30799648506151145,0.19947275922671354,0.2517574692442882
0.23874669020300088,0.3084730803177405,0.20344218887908208,0.24933804060017653
0.23506323593545572,0.311818578281727,0.20584387265590928,0.24727431312690798
0.2387011847301448,0.31154014918824047,0.2053532250987275,0.24440544098288722
0.23612960497114957,0.31114070128717264,0.20284065690190856,0.2498890368397692
0.24177270732777534,0.3102237823606845,0.19964896884598507,0.24835454146555508
0.24292035398230089,0.3084070796460177,0.20707964601769913,0.2415929203539823
0.24464285714285713,0.3142857142857143,0.20758928571428573,0.23348214285714286
0.23891084760649978,0.3184014053579271,0.20553359683794467,0.23715415019762845
0.23640350877192984,0.3157894736842105,0.2057017543859649,0.24210526315789474
0.2391111111111111,0.3088888888888889,0.20933333333333334,0.24266666666666667
0.23927465723131358,0.3073861123396727,0.21229544449358692,0.2410437859354268
0.23734037868780272,0.3042712461470718,0.21312197269925143,0.24526640246587406
0.2393755420641804,0.31743278404163056,0.20251517779705117,0.2406764960971379
0.24177777777777779,0.3111111111111111,0.20355555555555555,0.24355555555555555
0.23864137626819584,0.3109836788707543,0.20335244816938686,0.24702249669166298
0.23093777388255915,0.3137598597721297,0.20639789658194566,0.24890446976336547
0.2314487632508834,0.30918727915194344,0.2142226148409894,0.24514134275618374
0.2325684024713151,0.30803177405119153,0.21270962047661077,0.24669020300088262
0.23151837096060204,0.3041168658698539,0.21425409473218238,0.2501106684373617
0.22524531668153436,0.3113291703835861,0.21008028545941124,0.25334522747546834
0.2268538832821413,0.30627468187801665,0.2150065818341378,0.25186485300570427
0.23215859030837005,0.3004405286343612,0.21497797356828194,0.25242290748898677
0.23201754385964912,0.30964912280701756,0.20350877192982456,0.2548245614035088
0.2318082788671024,0.306318082788671,0.20784313725490197,0.2540305010893246
0.23645970937912814,0.3020695728753853,0.21092029942756496,0.25055041831792163
0.24118165784832452,0.2980599647266314,0.20987654320987653,0.2508818342151676
0.2398049645390071,0.2978723404255319,0.20700354609929078,0.2553191489361702
0.23485183547103053,0.2989827509951349,0.2118531623175586,0.254312251216276
0.2357866901718819,0.30542089026002645,0.20758043190832967,0.251211987659762
0.23435419440745672,0.30758988015978694,0.20594762538837105,0.2521083000443853
0.23326039387308534,0.30328227571115973,0.20525164113785557,0.25820568927789933
0.22905525846702318,0.30971479500891264,0.20632798573975045,0.2549019607843137
0.23364075537988582,0.3021519543258674,0.20948616600790515,0.2547211242863417
0.22972380534853135,0.2989916703200351,0.2099956159579132,0.26128890837352037
0.23498465585269618,0.2954844366505918,0.20780359491451117,0.2617273125822008
0.23366944322665498,0.3016220955721175,0.20473476545374836,0.2599736957474792
0.23558337058560572,0.2986142154671435,0.20518551631649531,0.26061689763075546
0.23254779902178746,0.2965762561138284,0.20809248554913296,0.2627834593152512
0.23457330415754923,0.29671772428884025,0.20700218818380745,0.2617067833698031
0.23658751099384345,0.297273526824978,0.20140721196130168,0.2647317502198769
0.23677248677248677,0.2932098765432099,0.20634920634920634,0.263668430335097
0.23215859030837005,0.2986784140969163,0.20088105726872246,0.2682819383259912
0.23154657293497363,0.29833040421792617,0.20254833040421794,0.26757469244288223
0.23847167325428195,0.29600351339481773,0.19982433025911286,0.26570048309178745
0.24462011418533158,0.2964426877470356,0.2002635046113307,0.25867369345630215
0.25120772946859904,0.29863855950812473,0.1985068072024594,0.2516469038208169
0.2471059661620659,0.2934105075690116,0.1981300089047195,0.26135351736420304
0.2405618964003512,0.2976294995610184,0.20500438981562774,0.25680421422300265
0.2408791208791209,0.2918681318681319,0.2079120879120879,0.25934065934065936
0.2392638036809816,0.29491673970201576,0.2072743207712533,0.25854513584574934
0.24065112186537616,0.29696436427628686,0.20941487021557414,0.25296964364276286
0.23978919631093545,0.2981993851559069,0.20070267896354854,0.26130873956960915
0.2398230088495575,0.3,0.2,0.26017699115044246
0.2395925597874225,0.295837023914969,0.20062001771479185,0.26395039858281666
0.2344095532950022,0.29455992923485186,0.19283502874834144,0.2781954887218045
0.24083769633507854,0.2892670157068063,0.19415357766143107,0.2757417102966841
0.24396665204036858,0.282141290039491,0.19394471259324264,0.27994734532689775
0.2413186813186813,0.2835164835164835,0.19428571428571428,0.28087912087912087
0.24031690140845072,0.2834507042253521,0.19850352112676056,0.2777288732394366
0.24154589371980675,0.28370663153271847,0.1985068072024594,0.27624066754501536
0.24373075230972283,0.2820061592608887,0.20281566212054553,0.27144742630884294
0.2418358340688438,0.2868490732568402,0.2082965578111209,0.26301853486319504
0.24091108190976784,0.2864651773981603,0.20893561103810776,0.2636881296539641
0.24168514412416853,0.2864745011086475,0.20842572062084258,0.2634146341463415
0.2443956043956044,0.2865934065934066,0.2153846153846154,0.25362637362637364
0.24934152765583845,0.2840210711150132,0.21027216856892011,0.25636523266022826
0.25242290748898677,0.2806167400881057,0.21277533039647578,0.25418502202643173
0.25362000877577884,0.2803861342694164,0.21895568231680562,0.24703817463799913
0.25875055383252105,0.2751439964554719,0.21621621621621623,0.24988923349579087
0.2604671661524901,0.2794182459233142,0.2128691053327457,0.24724548259145
0.25742135578201153,0.2786885245901639,0.21134249003101463,0.25254762959680993
0.2607921673342234,0.28081886960391633,0.2091677792612372,0.24922118380062305
0.25604927408710954,0.28684557853057635,0.2111746590409151,0.24593048834139902
0.256477821695213,0.28809837505489677,0.20421607378129117,0.25120772946859904
0.25619469026548675,0.2938053097345133,0.2084070796460177,0.2415929203539823
0.25736911570611526,0.29256489221293447,0.2089749230092389,0.2410910690717114
0.2528533801580334,0.2919227392449517,0.21290605794556627,0.24231782265144863
0.2572944297082228,0.2891246684350133,0.21175950486295314,0.24182139699381078
0.2608886933567972,0.2798064232292125,0.21249450065992082,0.24681038275406952
0.2588543944031482,0.2789680804547442,0.2155662439877569,0.2466112811543507
0.2575957727873184,0.2752091589608102,0.22060766182298547,0.24658740642888596
0.26173604960141716,0.27015057573073514,0.2201062887511072,0.24800708591674048
0.2623239436619718,0.26672535211267606,0.2227112676056338,0.2482394366197183
0.2616863259065094,0.27173438182612497,0.2197466142420271,0.24683267802533856
0.26520787746170676,0.2713347921225383,0.21925601750547047,0.24420131291028446
0.2654320987654321,0.27821869488536155,0.2173721340388007,0.23897707231040563
0.2658959537572254,0.27167630057803466,0.2223210315695865,0.2401067140951534
0.26780253385757974,0.2747924858016601,0.21930974224552205,0.23809523809523808
0.272608125819135,0.27348186981214506,0.21144604630843164,0.24246395806028834
0.2691629955947137,0.2753303964757709,0.2105726872246696,0.24493392070484582
0.2621951219512195,0.28005226480836237,0.21385017421602787,0.24390243902439024
0.2651080723423026,0.27393030436700483,0.2152624614027349,0.24569916188795765
0.2674933569530558,0.2728077945084145,0.21523472099202834,0.24446412754650132
0.2637795275590551,0.2786526684164479,0.2125984251968504,0.24496937882764655
0.2687361419068736,0.28292682926829266,0.2057649667405765,0.24257206208425722
0.2732072151341839,0.2833260008798944,0.2023757149142103,0.2410910690717114
0.2721658579620644,0.2871636524040582,0.20599911777679752,0.23467137185707984
0.2710816777041943,0.28123620309050773,0.20750551876379691,0.2401766004415011
0.2745270567531896,0.27936647602287723,0.2089749230092389,0.23713154421469423
0.2776053215077605,0.2749445676274945,0.21596452328159646,0.23148558758314855
0.2701863354037267,0.2777284826974268,0.2191659272404614,0.2329192546583851
0.2754069511658601,0.2784865816102068,0.21777386713594368,0.22833260008798945
0.2816593886462882,0.27336244541484717,0.21397379912663755,0.23100436681222708
0.2745183887915937,0.2775831873905429,0.2202276707530648,0.2276707530647986
0.2840605520926091,0.26580587711487086,0.22350845948352627,0.22662511130899377
0.2798226164079823,0.26430155210643014,0.23104212860310422,0.22483370288248336
0.27881205673758863,0.26906028368794327,0.23138297872340424,0.22074468085106383
0.2790286975717439,0.26887417218543047,0.23090507726269316,0.22119205298013245
0.2783143107989464,0.26382791922739246,0.23573309920983318,0.2221246707638279
0.27550130775937226,0.2667829119442023,0.23670444638186575,0.2210113339145597
0.27716673999120106,0.26264848218213815,0.23405191377034756,0.22613286405631325
0.2741228070175439,0.2679824561403509,0.23333333333333334,0.22456140350877193
0.2759982448442299,0.26897762176393153,0.23168056164984643,0.2233435717419921
0.27586206896551724,0.2728066346573549,0.22959406372762986,0.22173723264949805
0.2765864332603939,0.2673960612691466,0.2315098468271335,0.22450765864332603
0.2787825319805911,0.2659902955447728,0.2267313630348478,0.22849580943978826
0.2780445220427761,0.26625927542557837,0.22697512003491924,0.22872108249672632
0.28063943161634103,0.2619893428063943,0.23046181172291297,0.22690941385435168
0.28300220750551874,0.2565121412803532,0.23311258278145697,0.22737306843267108
0.2857142857142857,0.25396825396825395,0.23148148148148148,0.22883597883597884
0.282792352156514,0.24855491329479767,0.23076923076923078,0.23788350377945755
0.2879858657243816,0.2508833922261484,0.22968197879858657,0.2314487632508834
0.2887139107611549,0.2510936132983377,0.2283464566929134,0.23184601924759404
0.2881944444444444,0.2526041666666667,0.2300347222222222,0.22916666666666666
0.28621139625924313,0.25663331883427576,0.23531970421922574,0.22183558068725534
0.29124505059392874,0.258688957325121,0.22877254729432467,0.2212934447866256
0.2885876694359423,0.25535636204634893,0.22824661128115434,0.22780935723655443
0.2839614373356705,0.2624890446976337,0.22173531989482909,0.2318141980718668
0.2812083518436251,0.2612172367836517,0.22301199466903598,0.23456241670368724
0.2847682119205298,0.2635761589403974,0.2229580573951435,0.22869757174392935
0.28024637043554773,0.269687637483502,0.2190937087549494,0.2309722833260009
0.2725255215268531,0.2663115845539281,0.2228140257434532,0.23834886817576564
0.2664618086040386,0.2721685689201054,0.22563652326602282,0.23573309920983318
0.2704126426690079,0.2739244951712028,0.218612818261633,0.2370500438981563
0.26799116997792494,0.2675496688741722,0.21898454746136867,0.24547461368653423
0.27017543859649124,0.2692982456140351,0.21842105263157896,0.24210526315789474
0.2774108322324967,0.25803610744165567,0.22192866578599735,0.2426243945398503
0.27526132404181186,0.259581881533101,0.22430313588850173,0.24085365853658536
0.2687224669603524,0.260352422907489,0.22466960352422907,0.24625550660792953
0.26812227074235806,0.2646288209606987,0.22358078602620088,0.24366812227074236
0.27555555555555555,0.2591111111111111,0.21955555555555556,0.2457777777777778
0.27709251101321586,0.2555066079295154,0.22422907488986785,0.2431718061674009
0.27763041556145,0.25596816976127323,0.22458001768346597,0.24182139699381078
0.275355871886121,0.24866548042704625,0.22597864768683273,0.25
0.27510917030567683,0.24890829694323144,0.22882096069868996,0.24716157205240175
0.27184035476718404,0.24567627494456762,0.22926829268292684,0.2532150776053215
0.2662852112676056,0.25044014084507044,0.23151408450704225,0.2517605633802817
0.26718885987815494,0.24804177545691905,0.2362924281984334,0.2484769364664926
0.2594853903183602,0.24858264282599216,0.23724378543392935,0.2546881814217183
0.26590609916630104,0.24659938569548048,0.23562966213251427,0.25186485300570427
0.25583443416996915,0.24658740642888596,0.23734037868780272,0.26023778071334214
0.25320371188687585,0.2509942554131684,0.23773751657092354,0.25806451612903225
0.2592431491953023,0.25271857329273595,0.2357546759460635,0.25228360156589824
0.26369257950530034,0.24690812720848057,0.23763250883392226,0.25176678445229683
0.2617067833698031,0.24682713347921226,0.23719912472647703,0.25426695842450764
0.26485037963376507,0.24787851719517642,0.2393925859758821,0.24787851719517642
0.259946949602122,0.2493368700265252,0.23474801061007958,0.25596816976127323
0.2588183421516755,0.2495590828924162,0.23500881834215168,0.2566137566137566
0.2599293909973522,0.2444836716681377,0.23609885260370697,0.2594880847308032
0.2602197802197802,0.2408791208791209,0.23824175824175825,0.26065934065934065
0.25927542557835004,0.23745089480576168,0.24050632911392406,0.2627673505019642
0.2554395126196693,0.23890339425587467,0.24238468233246302,0.26327241079199304
0.2552338530066815,0.2378619153674833,0.24320712694877505,0.26369710467706015
0.2553657468243539,0.240473061760841,0.23653088042049936,0.26763031099430573
0.2590968873301184,0.24243752740026303,0.2362998684787374,0.2621657167908812
0.2615182097411145,0.2448442299254059,0.23519087318999563,0.258446687143484
0.2581075077743225,0.2514438027543314,0.22923145268769435,0.2612172367836517
0.2607361963190184,0.24496056091148116,0.23093777388255915,0.2633654688869413
0.2569808027923211,0.24345549738219896,0.2325479930191972,0.2670157068062827
0.25526315789473686,0.24912280701754386,0.23421052631578948,0.2614035087719298
0.2595352915387988,0.24725997369574748,0.23323103901797457,0.2599736957474792
0.255178492728074,0.250771264874394,0.23402379903040987,0.2600264433671221
0.2618520159503766,0.2419140451927337,0.23659725299069562,0.25963668586619404
0.2604120999561596,0.24199912319158265,0.23366944322665498,0.2639193336256028
0.2559262510974539,0.24012291483757683,0.23573309920983318,0.26821773485513606
0.25185832968954963,0.24486226497595104,0.240052470485352,0.26322693484914733
0.246776345042241,0.24722098710538018,0.23477100933748332,0.2712316585148955
0.24417069951605808,0.25164980202375714,0.23713154421469423,0.26704795424549055
0.2469352014010508,0.2504378283712785,0.23861646234676007,0.2640105078809107
0.24801762114537446,0.24933920704845816,0.23524229074889869,0.2674008810572687
0.24989097252507633,0.24858264282599216,0.2307021369385085,0.270824247710423
0.25366503776099514,0.25055530875166593,0.22301199466903598,0.27276765881830295
0.2495583038869258,0.25265017667844525,0.23056537102473498,0.267226148409894
0.25396825396825395,0.25,0.22839506172839505,0.26763668430335097
0.2558139534883721,0.24265028521281265,0.2369460289600702,0.26458973233874505
0.2596026490066225,0.23885209713024283,0.23002207505518762,0.271523178807947
0.2642919964819701,0.24098504837291118,0.22955145118733508,0.26517150395778366
0.256477821695213,0.24242424242424243,0.230566534914361,0.27053140096618356
0.25273283777874944,0.24180148666375165,0.22955837341495408,0.27590730214254483
0.2567922874671341,0.24057843996494302,0.22962313759859773,0.27300613496932513
0.2528786536758193,0.2409211691762622,0.2329495128432241,0.2732506643046944
0.25087260034904013,0.24171029668411867,0.2325479930191972,0.27486910994764396
0.24778761061946902,0.24601769911504426,0.23539823008849559,0.27079646017699116
0.24789356984478936,0.24478935698447893,0.23458980044345898,0.2727272727272727
0.24582967515364354,0.2510974539069359,0.23661106233538193,0.2664618086040386
0.24527472527472527,0.24835164835164836,0.23868131868131867,0.2676923076923077
0.24639580602883354,0.2490170380078637,0.23896898208824816,0.2656181738750546
0.24562937062937062,0.2486888111888112,0.2395104895104895,0.26617132867132864
0.2419850680720246,0.24725516029863856,0.24286341677646026,0.2678963548528766
0.24331550802139038,0.25,0.2375222816399287,0.26916221033868093
0.23975319524019392,0.24856765094755398,0.2353459673865139,0.27633318642573823
0.23778359511343805,0.24738219895287958,0.24171029668411867,0.2731239092495637
0.24031690140845072,0.24339788732394366,0.23943661971830985,0.27684859154929575
0.2352168199737188,0.2474813841436706,0.2395970214629873,0.2777047744196233
0.2411660777385159,0.24514134275618374,0.2393992932862191,0.2742932862190813
0.2426243945398503,0.24922941435490972,0.23601937472479084,0.27212681638044917
0.2364358182620203,0.24878694309660343,0.24217026907807676,0.2726069695632995
0.2337719298245614,0.2442982456140351,0.25043859649122807,0.27149122807017545
0.23824175824175825,0.24615384615384617,0.24351648351648353,0.2720879120879121
0.24019391802556192,0.24680475980608196,0.24283825473776993,0.27016306743058616
0.2431718061674009,0.24713656387665198,0.23876651982378855,0.2709251101321586
0.24194260485651214,0.2410596026490066,0.24061810154525387,0.2763796909492274
0.2373029772329247,0.24299474605954466,0.24168126094570927,0.27802101576182137
0.24415011037527592,0.23487858719646798,0.24547461368653423,0.27549668874172184
0.24578527062999111,0.23336291038154391,0.2528837622005324,0.26796805678793256
0.24989078200087375,0.23547400611620795,0.24595893403232852,0.2686762778505898
0.25398936170212766,0.23448581560283688,0.24202127659574468,0.2695035460992908
0.2529488859764089,0.22979467016164265,0.2415902140672783,0.27566622979467015
0.25109553023663456,0.23488168273444346,0.24364592462751972,0.2703768624014023
0.2521045635799734,0.24235711120957024,0.2361541869738591,0.26938413823659724
0.25010893246187366,0.24270152505446624,0.23398692810457516,0.27320261437908494
0.24746807573756055,0.24350506384852488,0.23690004403346543,0.27212681638044917
0.24498692240627726,0.24673060156931126,0.23408892763731473,0.27419354838709675
0.23803191489361702,0.2495567375886525,0.23847517730496454,0.27393617021276595
0.2369460289600702,0.25274243089074155,0.23738481790258886,0.27292672224659936
0.2342857142857143,0.250989010989011,0.23648351648351648,0.27824175824175823
0.23454063604240283,0.25574204946996465,0.23454063604240283,0.2751766784452297
0.24273127753303964,0.25022026431718064,0.23215859030837005,0.2748898678414097
0.24382716049382716,0.24426807760141092,0.23544973544973544,0.27645502645502645
0.2432908051033876,0.24417069951605808,0.23273207215134184,0.2798064232292125
0.24310118265440211,0.24441524310118265,0.23390275952693823,0.278580814717477
0.2402482269503546,0.2553191489361702,0.23049645390070922,0.27393617021276595
0.2331858407079646,0.26238938053097344,0.2331858407079646,0.27123893805309734
0.23803191489361702,0.25930851063829785,0.22872340425531915,0.27393617021276595
0.2304670449585334,0.2562199912701877,0.23221300742034046,0.28109995635093843
0.23171806167400882,0.25903083700440527,0.2343612334801762,0.2748898678414097
0.22403169014084506,0.2592429577464789,0.2420774647887324,0.2746478873239437
0.22613286405631325,0.25692916849978004,0.23933128024637043,0.2776066871975363
0.2264975951027547,0.2571053782247486,0.24180148666375165,0.2745955400087451
0.2222222222222222,0.25220458553791886,0.24074074074074073,0.2848324514991182
0.22158590308370044,0.26255506607929513,0.23876651982378855,0.27709251101321586
0.21966341895482727,0.25907883082373784,0.24047829937998227,0.2807794508414526
0.21798848028356224,0.26451041205139564,0.23792645104120513,0.27957465662383696
0.21221441124780316,0.2680140597539543,0.24253075571177504,0.2772407732864675
0.21595416483032173,0.2675187307183781,0.24460114587924195,0.2719259585720582
0.22085349758029035,0.2639683238011439,0.24197096348438188,0.2732072151341839
0.22085889570552147,0.2642418930762489,0.2397020157756354,0.2751971954425942
0.2243362831858407,0.27123893805309734,0.22876106194690266,0.2756637168141593
0.2249119718309859,0.2711267605633803,0.23327464788732394,0.2706866197183099
0.22508741258741258,0.26835664335664333,0.23645104895104896,0.2701048951048951
0.22173723264949805,0.2614578786556089,0.23876036665211697,0.2780445220427761
0.22393992932862192,0.26104240282685515,0.23763250883392226,0.2773851590106007
0.2279090113735783,0.2615923009623797,0.23490813648293962,0.2755905511811024
