C,D,Oc,Od
0.0,1.0,0.0,0.0
0.0,0.3333333333333333,0.0,0.6666666666666666
0.0,0.25,0.25,0.5
0.16666666666666666,0.0,0.16666666666666666,0.6666666666666666
0.2,0.0,0.1,0.7
0.2857142857142857,0.0,0.07142857142857142,0.6428571428571429
0.3684210526315789,0.0,0.05263157894736842,0.5789473684210527
0.3333333333333333,0.0,0.047619047619047616,0.6190476190476191
0.3076923076923077,0.038461538461538464,0.0,0.6538461538461539
0.28205128205128205,0.02564102564102564,0.0,0.6923076923076923
0.25925925925925924,0.018518518518518517,0.0,0.7222222222222222
0.30303030303030304,0.015151515151515152,0.0,0.6818181818181818
0.3707865168539326,0.011235955056179775,0.011235955056179775,0.6067415730337079
0.3786407766990291,0.02912621359223301,0.009708737864077669,0.5825242718446602
0.3769230769230769,0.023076923076923078,0.023076923076923078,0.5769230769230769
0.35668789808917195,0.025477707006369428,0.01910828025477707,0.5987261146496815
0.35602094240837695,0.02617801047120419,0.020942408376963352,0.5968586387434555
0.36792452830188677,0.018867924528301886,0.02358490566037736,0.589622641509434
0.3803921568627451,0.0196078431372549,0.01568627450980392,0.5843137254901961
0.3801369863013699,0.0136986301369863,0.017123287671232876,0.589041095890411
0.38596491228070173,0.011695906432748537,0.011695906432748537,0.5906432748538012
0.3910761154855643,0.013123359580052493,0.015748031496062992,0.5800524934383202
0.39260969976905313,0.013856812933025405,0.013856812933025405,0.5796766743648961
0.4111776447105788,0.011976047904191617,0.00998003992015968,0.5668662674650699
0.4357142857142857,0.0125,0.008928571428571428,0.5428571428571428
0.42543171114599687,0.015698587127158554,0.01098901098901099,0.5478806907378336
0.4211267605633803,0.02112676056338028,0.014084507042253521,0.543661971830986
0.4312977099236641,0.024173027989821884,0.013994910941475827,0.5305343511450382
0.4544378698224852,0.01775147928994083,0.01301775147928994,0.514792899408284
0.46112886048988283,0.01703940362087327,0.011714589989350373,0.5101171458998935
0.47196738022426094,0.01529051987767584,0.0163098878695209,0.4964322120285423
0.47830101569713757,0.013850415512465374,0.01569713758079409,0.492151431209603
0.48851063829787233,0.01276595744680851,0.01446808510638298,0.48425531914893616
0.4860335195530726,0.015163607342378291,0.013567438148443736,0.4852354349561053
0.5003750937734434,0.015003750937734433,0.016504126031507877,0.46811702925731435
0.4989075018208303,0.01529497450837582,0.01820830298616169,0.4675892206846322
0.5138121546961326,0.015193370165745856,0.018646408839779006,0.45234806629834257
0.5229540918163673,0.014637391882900865,0.01996007984031936,0.4424484364604125
0.5287723785166241,0.017263427109974423,0.017902813299232736,0.4360613810741688
0.5352286773794809,0.014833127317676144,0.01792336217552534,0.4320148331273177
0.5364396654719236,0.017323775388291517,0.01971326164874552,0.4265232974910394
0.5427901524032825,0.021688159437280186,0.022274325908558032,0.41324736225087927
0.5366685616827743,0.023877202956225127,0.02274019329164298,0.4167140420693576
0.5375342465753424,0.02410958904109589,0.021369863013698632,0.41698630136986303
0.5450666666666667,0.023466666666666667,0.0208,0.4106666666666667
0.5488372093023256,0.023772609819121448,0.023255813953488372,0.4041343669250646
0.5495910020449898,0.023517382413087935,0.024028629856850715,0.40286298568507156
0.558197127290738,0.022288261515601784,0.023278850916295196,0.396235760277365
0.563777994157741,0.022882181110029213,0.02385589094449854,0.3894839337877313
0.5673352435530086,0.02387774594078319,0.022445081184336198,0.386341929321872
0.5600370885489105,0.025961984237366714,0.02364394993045897,0.3903569772832638
0.5648574057037719,0.027598896044158234,0.027598896044158234,0.37994480220791166
0.5634057971014492,0.0276268115942029,0.028985507246376812,0.379981884057971
0.571168713051387,0.026830377444292862,0.02955889040472942,0.37244201909959074
0.5746971736204576,0.026917900403768506,0.026917900403768506,0.3714670255720054
0.5724444444444444,0.02711111111111111,0.024888888888888887,0.37555555555555553
0.5794392523364486,0.024922118380062305,0.02403204272363151,0.37160658655985757
0.5756358768406962,0.027666220437304774,0.0249888442659527,0.3717090584560464
0.5802469135802469,0.029982363315696647,0.024691358024691357,0.36507936507936506
0.5778961384820239,0.03062583222370173,0.026187305814469597,0.3652907234798047
0.5763239875389408,0.032932799287939477,0.0262572318647085,0.3644859813084112
0.5760105448154658,0.033391915641476276,0.02899824253075571,0.3615992970123023
0.5737347294938918,0.03577661431064572,0.0274869109947644,0.36300174520069806
0.5733985765124555,0.03870106761565836,0.027135231316725978,0.36076512455516013
0.5685840707964602,0.03849557522123894,0.02743362831858407,0.3654867256637168
0.5678793256433008,0.035048802129547474,0.023957409050576754,0.373114463176575
0.5641592920353983,0.033628318584070796,0.026106194690265486,0.37610619469026546
0.5695364238410596,0.02869757174392936,0.02869757174392936,0.3730684326710817
0.5650066108417805,0.029528426619656236,0.029528426619656236,0.375936535918907
0.5647943387881469,0.03051747014595312,0.030959752321981424,0.37372843874391865
0.5648517042939354,0.03010181496237273,0.03142983621071271,0.3736166445329792
0.5655480984340044,0.03087248322147651,0.03131991051454139,0.37225950782997763
0.5642058165548098,0.030425055928411632,0.03445190156599553,0.370917225950783
0.5705329153605015,0.03090013434841021,0.036274070756829375,0.36229287953425887
0.5619174434087882,0.031069684864624945,0.03462050599201065,0.3723923657345761
0.5683741648106905,0.032071269487750555,0.03652561247216036,0.36302895322939865
0.5708573967125722,0.03109729009329187,0.03820524211461573,0.3598400710795202
0.5565410199556541,0.031929046563192905,0.039467849223946784,0.3720620842572062
0.5589150733659404,0.03334815473543797,0.0426856380613606,0.365051133837261
0.5536823425022183,0.03593611357586513,0.04392191659272405,0.36645962732919257
0.5497523638000901,0.03556956325979289,0.04097253489419181,0.37370553804592527
0.5522788203753352,0.035299374441465595,0.03753351206434316,0.37488829311885613
0.5540008745080892,0.03279405334499344,0.036292085701792744,0.3769129864451246
0.5511741249446167,0.0358883473637572,0.03810367744793974,0.3748338502436863
0.5494263018534863,0.03574580759046778,0.03927625772285966,0.3755516328331862
0.5425627240143369,0.03718637992831541,0.03808243727598566,0.382168458781362
0.5473359753412593,0.03478643769264641,0.03786878027300748,0.38000880669308673
0.5469097376611828,0.037349933303690526,0.03912850155624722,0.3766118274788795
0.5419982316534041,0.03801945181255526,0.03801945181255526,0.3819628647214854
0.5488351254480287,0.03763440860215054,0.03718637992831541,0.3763440860215054
0.5451295799821269,0.03753351206434316,0.04155495978552279,0.37578194816800714
0.5454140694568121,0.036064113980409616,0.041852181656277826,0.37666963490650046
0.5444493586908448,0.03494029190623618,0.04113224237063246,0.37947810703228657
0.548949485918641,0.03173893607510058,0.04023245417970496,0.3790791238265534
0.5532293986636971,0.031180400890868598,0.03697104677060133,0.37861915367483295
0.5483584738243124,0.030612244897959183,0.03593611357586513,0.38509316770186336
0.5502008032128514,0.0321285140562249,0.03480589022757698,0.3828647925033467
0.5424187725631769,0.030685920577617327,0.03294223826714802,0.39395306859205775
0.5401686640035508,0.029738126941855306,0.03462050599201065,0.3954727030625832
0.5336879432624113,0.028368794326241134,0.038120567375886524,0.399822695035461
0.5434397163120568,0.02925531914893617,0.037677304964539006,0.3896276595744681
0.535006605019815,0.02906208718626156,0.041831792162043156,0.3940995156318802
0.5373398144056563,0.03049049933716306,0.04418912947414936,0.3879805567830314
0.5320088300220751,0.029580573951434878,0.04194260485651214,0.39646799116997794
0.533273782938812,0.02992407324698526,0.04421616793211255,0.3925859758820902
0.5286681715575621,0.033408577878103835,0.04153498871331828,0.3963882618510158
0.5358894337940259,0.03165403477485511,0.04101649576460098,0.3914400356665181
0.5382902938557436,0.03294746215494212,0.03784505788067676,0.39091718610863757
0.5349248452696729,0.034482758620689655,0.038903625110521665,0.3916887709991158
0.523936170212766,0.034574468085106384,0.040336879432624116,0.40115248226950356
0.5241652021089631,0.03646748681898067,0.03954305799648506,0.3998242530755712
0.5183709606020362,0.03762726870296591,0.041168658698539175,0.4028331119964586
0.517379679144385,0.0374331550802139,0.0427807486631016,0.40240641711229946
0.5082824760244115,0.036181342632955533,0.044463818657367045,0.4110723626852659
0.5098468271334792,0.036761487964989056,0.04288840262582057,0.41050328227571115
0.505955006616674,0.03617115130127922,0.044111160123511246,0.4137626819585355
0.5008912655971479,0.035650623885918005,0.045454545454545456,0.4180035650623886
0.5040358744394619,0.037219730941704034,0.04304932735426009,0.415695067264574
0.4924309884238646,0.0396260017809439,0.04452359750667854,0.42341941228851293
0.4971123944913372,0.03598400710795202,0.04531319413593958,0.42159040426477123
0.4865711727842435,0.03849597135183527,0.045658012533572066,0.42927484333034915
0.4946284691136974,0.03625783348254252,0.047000895255147716,0.42211280214861235
0.4909171466548516,0.03721754541426672,0.046964997784669914,0.42490031014621177
0.49011680143755615,0.03908355795148248,0.047619047619047616,0.42318059299191374
0.4861853832442068,0.036541889483065956,0.04768270944741533,0.4295900178253119
0.4850513163766176,0.035252119589468986,0.04596162427487729,0.43373493975903615
0.4872711031710585,0.033497096918267084,0.044662795891022775,0.43456900401965165
0.48673740053050396,0.034482758620689655,0.04288240495137047,0.4358974358974359
0.4904656319290466,0.03237250554323725,0.041685144124168516,0.4354767184035477
0.4942426926483614,0.033215234720992026,0.0420726306465899,0.4304694419840567
0.4940079893475366,0.03151353750554816,0.04305370616955171,0.43142476697736354
0.48576512455516013,0.03425266903914591,0.04581850533807829,0.43416370106761565
0.47724259832081306,0.034025629695095004,0.04684047724259832,0.4418912947414936
0.48685968819599107,0.032071269487750555,0.04498886414253898,0.43608017817371936
0.48712255772646534,0.03285968028419183,0.04396092362344583,0.436056838365897
0.48882931188561213,0.03485254691689008,0.04691689008042895,0.42940125111706884
0.4823008849557522,0.034955752212389384,0.046902654867256637,0.4358407079646018
0.4791666666666667,0.03679078014184397,0.04565602836879433,0.438386524822695
0.47659010600706714,0.037985865724381625,0.045053003533568906,0.44037102473498235
0.48033583738400354,0.03667697746354397,0.04639858594785683,0.4365885992045957
0.47459893048128343,0.0374331550802139,0.04590017825311943,0.44206773618538325
0.46793454223794784,0.03803626713843432,0.04688191065900044,0.44714727996461745
0.4746666666666667,0.034666666666666665,0.04711111111111111,0.44355555555555554
0.47100802854594115,0.03568242640499554,0.04727921498661909,0.44603033006244425
0.4713205869275233,0.037349933303690526,0.046242774566473986,0.44508670520231214
0.4708240534521158,0.03875278396436525,0.04721603563474387,0.44320712694877507
0.46492007104795735,0.041740674955595025,0.04840142095914742,0.44493783303730017
0.46487695749440716,0.042058165548098436,0.04697986577181208,0.44608501118568233
0.4647887323943662,0.043133802816901406,0.0448943661971831,0.4471830985915493
0.46256092157731504,0.042977403633141335,0.04519273371732388,0.44926894107221976
0.4614011601963409,0.0428380187416332,0.04506916555109326,0.4506916555109326
0.46058458813108943,0.04295837023914969,0.04472984942426927,0.45172719220549157
0.4549125168236878,0.04127411395244504,0.047106325706594884,0.4567070435172723
0.4605146406388642,0.043478260869565216,0.04480922803904171,0.45119787045252885
0.4628469113697404,0.043867502238137866,0.04297224709042077,0.450313339301701
0.4568888888888889,0.043111111111111114,0.04622222222222222,0.4537777777777778
0.4591474245115453,0.041740674955595025,0.04573712255772647,0.4533747779751332
0.4605553107095637,0.042309387395328336,0.043190832966064345,0.4539444689290436
0.46404940449933835,0.04278782531980591,0.04278782531980591,0.45037494486104984
0.45434397163120566,0.040780141843971635,0.043882978723404256,0.46099290780141844
0.45627208480565373,0.04196113074204947,0.04372791519434629,0.4580388692579505
0.46307829181494664,0.04092526690391459,0.04448398576512456,0.4515124555160142
0.46287238772787903,0.04313028012449978,0.044019564250778125,0.449977767896843
0.4585561497326203,0.0392156862745098,0.04723707664884135,0.45499108734402854
0.46291331546023234,0.03663985701519214,0.04736371760500447,0.45308310991957107
0.4674634794156706,0.036741921204072596,0.04648074369189907,0.4493138556883577
0.4673433362753751,0.03662842012356576,0.04633715798764342,0.4496910856134157
0.4644613321412606,0.03844434510505141,0.04425569959767546,0.45283862315601253
0.46441281138790036,0.03825622775800712,0.046263345195729534,0.451067615658363
0.4610646722393313,0.03695556533216014,0.04575450945886494,0.45622525296964367
0.46483856700574966,0.0367094206103494,0.04599734630694383,0.4524546660769571
0.45861297539149887,0.03713646532438479,0.04563758389261745,0.45861297539149887
0.46493162770180857,0.036612262902514334,0.04190560211733568,0.4565505072783414
0.45607808340727596,0.0385980479148181,0.04081632653061224,0.4645075421472937
0.45042240995998223,0.039573143619386394,0.041796353935082256,0.4682080924855491
0.45706618962432916,0.03667262969588551,0.03980322003577817,0.46645796064400713
0.45800176834659595,0.03536693191865606,0.03757736516357206,0.46905393457117595
0.45844385499557916,0.034482758620689655,0.038461538461538464,0.46861184792219274
0.45731977001326846,0.0362671384343211,0.03803626713843432,0.4683768244139761
0.4570920409070698,0.03468208092485549,0.03823921742996887,0.4699866607381058
0.4624889673433363,0.03265666372462489,0.03927625772285966,0.4655781112091792
0.4586100044267375,0.03231518370960602,0.03939796370075255,0.46967684816290395
0.45687748783724014,0.03228659885006634,0.03936311366651924,0.4714727996461743
0.45622525296964367,0.0343158820941487,0.039595248570171576,0.4698636163660361
0.45635799734160387,0.0358883473637572,0.0407620735489588,0.4669915817456801
0.45800176834659595,0.036251105216622455,0.03713527851458886,0.46861184792219274
0.45426287744227356,0.03596802841918295,0.038632326820603906,0.47113676731793963
0.45298769771528996,0.03602811950790861,0.04173989455184534,0.46924428822495606
0.456900401965163,0.03796337650736936,0.03974988834301027,0.4653863331844573
0.4549107142857143,0.0375,0.03616071428571429,0.4714285714285714
0.45313194135939583,0.037760995113282986,0.03331852509995557,0.4757885384273656
0.45125716806352006,0.03749448610498456,0.03484781649757389,0.47640052933392146
0.44942324755989355,0.03371783496007098,0.03593611357586513,0.48092280390417036
0.4539823008849557,0.032300884955752215,0.036283185840707964,0.47743362831858405
0.447508896797153,0.03336298932384341,0.04048042704626335,0.4786476868327402
0.4455842997323818,0.03300624442462088,0.040588760035682424,0.4808206958073149
0.449820788530466,0.03494623655913978,0.03808243727598566,0.4771505376344086
0.4526548672566372,0.034955752212389384,0.03716814159292035,0.47522123893805307
0.44658886894075406,0.03141831238779174,0.034560143626570915,0.4874326750448833
0.44944812362030906,0.029580573951434878,0.03399558498896247,0.4869757174392936
0.4473567303420702,0.03198578409595735,0.037316748111950244,0.4833407374500222
0.4433126660761736,0.031443755535872454,0.03675819309123118,0.48848538529672275
0.44826048171275645,0.03256021409455843,0.03746654772524532,0.4817127564674398
0.45507375949932943,0.030397854269110416,0.03531515422440769,0.47921323200715243
0.4464763603925067,0.029438001784121322,0.0352363960749331,0.4888492417484389
0.43466666666666665,0.030666666666666665,0.035555555555555556,0.4991111111111111
0.44285714285714284,0.02857142857142857,0.03169642857142857,0.496875
0.44324809331538806,0.02781516375056079,0.034993270524899055,0.4939434724091521
0.4387298747763864,0.027728085867620753,0.03577817531305903,0.4977638640429338
0.43201069995541685,0.028979045920642,0.03967900133749443,0.49933125278644674
0.4315555555555556,0.028,0.04044444444444444,0.5
0.4269213682807641,0.02621057307863172,0.043536206130608615,0.5033318525099956
0.4261565836298932,0.025355871886120998,0.04403914590747331,0.5044483985765125
0.4216120460584588,0.025686448184233834,0.043401240035429584,0.5093002657218778
0.41909814323607425,0.025198938992042442,0.04376657824933687,0.5119363395225465
0.4159891598915989,0.026648599819331528,0.044715447154471545,0.512646793134598
0.41622103386809267,0.027629233511586453,0.04411764705882353,0.5120320855614974
0.40915148822745445,0.030208796090626388,0.0422034651266104,0.5184362505553087
0.4106430155210643,0.027937915742793792,0.04390243902439024,0.5175166297117516
0.41158267020335987,0.02961980548187445,0.041998231653404064,0.5167992926613616
0.410873440285205,0.03074866310160428,0.039661319073083776,0.5187165775401069
0.40717488789237666,0.03228699551569507,0.042152466367713005,0.5183856502242152
0.4076546506453049,0.03382287494437027,0.042723631508678236,0.5157988429016467
0.40319715808170514,0.035523978685612786,0.047957371225577264,0.5133214920071048
0.40447427293064875,0.03758389261744966,0.0447427293064877,0.5131991051454139
0.4129858657243816,0.03224381625441696,0.04328621908127209,0.5114840989399293
0.41006233303650935,0.031166518254674976,0.04719501335707925,0.5115761353517364
0.4044543429844098,0.031180400890868598,0.05033407572383074,0.5140311804008909
0.40511915269196824,0.03398058252427184,0.04766107678729038,0.5132391879964695
0.40158520475561427,0.03346543372963452,0.047556142668428,0.5173932188463232
0.40229885057471265,0.032714412024756855,0.046861184792219276,0.5181255526083113
0.406180026869682,0.03358710255261979,0.04746977160770264,0.5127630989699955
0.40612516644474034,0.033732800710164226,0.045272969374167776,0.5148690634709276
0.39542190305206465,0.03052064631956912,0.04488330341113106,0.5291741472172352
0.3941834451901566,0.030425055928411632,0.043400447427293064,0.5319910514541387
0.3972481136262761,0.03062583222370173,0.04438526409232135,0.5277407900577008
0.40123729562527616,0.03137428192664605,0.040653999116217414,0.5267344233318604
0.40143691064211945,0.029636281993713515,0.03816793893129771,0.5307588684328693
0.4049107142857143,0.030357142857142857,0.039732142857142855,0.525
0.40580357142857143,0.033928571428571426,0.039732142857142855,0.5205357142857143
0.40142095914742454,0.03463587921847247,0.03907637655417407,0.5248667850799289
0.40684748777234325,0.03423743886171632,0.03868385949310805,0.5202312138728323
0.3999106344950849,0.032171581769437,0.03798033958891868,0.5299374441465594
0.39945897204688907,0.030658250676284943,0.035617673579801626,0.5342651036970244
0.3922627080521817,0.031938821412505626,0.03418803418803419,0.5416104363472785
0.3886193206881341,0.033083370092633436,0.03705337450374945,0.541243934715483
0.39063190455148034,0.032699955810870526,0.037560760053026956,0.5391073795846222
0.39557961208840775,0.032025259359494816,0.03969327920613441,0.532701849345963
0.3920353982300885,0.034070796460176994,0.034070796460176994,0.5398230088495575
0.3886657742079429,0.035252119589468986,0.03302097278000892,0.5430611334225792
0.3827708703374778,0.035523978685612786,0.03197158081705151,0.5497335701598579
0.38154948499776087,0.035826242722794444,0.03493058665472459,0.5476936856247201
0.3847179031541537,0.03553976010661928,0.03331852509995557,0.5464238116392715
0.38304482911673327,0.032401242787394584,0.033732800710164226,0.550821127385708
0.3863837312113174,0.02961980548187445,0.033156498673740056,0.5508399646330681
0.3752236135957066,0.03354203935599284,0.03443649373881932,0.5567978533094812
0.37644444444444447,0.03288888888888889,0.036444444444444446,0.5542222222222222
0.3746116289391922,0.032845095428317796,0.033732800710164226,0.5588104749223258
0.38141592920353984,0.034070796460176994,0.03185840707964602,0.5526548672566372
0.3856761565836299,0.03069395017793594,0.033807829181494664,0.5498220640569395
0.3870682019486271,0.03277236492471213,0.034100974313551816,0.546058458813109
0.38376709307454787,0.03484781649757389,0.032201146890163214,0.549183943537715
0.3954104148278906,0.03795233892321271,0.03353927625772286,0.5330979699911739
0.3916114790286976,0.037527593818984545,0.03487858719646799,0.5359823399558499
0.3955895589558956,0.03555355535553555,0.03285328532853286,0.536003600360036
0.3842058562555457,0.037267080745341616,0.03327417923691216,0.5452528837622005
0.38669623059866964,0.03680709534368071,0.03325942350332594,0.5432372505543237
0.3883495145631068,0.037069726390114736,0.03265666372462489,0.5419240953221536
0.39151785714285714,0.03705357142857143,0.032589285714285716,0.5388392857142857
0.3828748890860692,0.0323868677905945,0.03327417923691216,0.5514640638864241
0.3834652594547054,0.032981530343007916,0.0316622691292876,0.5518909410729991
0.38434321096859797,0.03140203449800973,0.034055727554179564,0.5501990269792127
0.38099467140319715,0.03152753108348135,0.03507992895204263,0.5523978685612788
0.3876730683340777,0.028584189370254576,0.03394372487717731,0.5497990174184904
0.38601959038290296,0.02894033837934105,0.035173642030276044,0.54986642920748
0.3865886588658866,0.0297029702970297,0.034653465346534656,0.549054905490549
0.3821174377224199,0.028469750889679714,0.03202846975088968,0.5573843416370107
0.38526409232134934,0.029738126941855306,0.03151353750554816,0.5534842432312472
0.382912793271359,0.027445772465692783,0.03142983621071271,0.5582115980522355
0.37616718541574035,0.02712316585148955,0.029346376167185415,0.5673632725655847
0.37655971479500894,0.02807486631016043,0.03074866310160428,0.5646167557932263
0.3697962798937112,0.0283436669619132,0.030558015943312665,0.5713020372010629
0.36550491510277033,0.0290437890974084,0.03038427167113494,0.5750670241286864
0.364816472694718,0.02864816472694718,0.03222918531781558,0.5743061772605192
0.36383829409151486,0.02621057307863172,0.03243003109729009,0.5775211017325633
0.3637172076478435,0.029346376167185415,0.037349933303690526,0.5695864828812806
0.3552106430155211,0.03148558758314856,0.038580931263858094,0.5747228381374723
0.3543516873889876,0.03330373001776199,0.041740674955595025,0.5706039076376554
0.35152057245080504,0.03309481216457961,0.04114490161001789,0.5742397137745975
0.356,0.033777777777777775,0.04,0.5702222222222222
0.3562913907284768,0.03487858719646799,0.037527593818984545,0.5713024282560707
0.35717439293598235,0.031788079470198675,0.038410596026490065,0.5726269315673289
0.3579697239536955,0.03428317008014248,0.03383793410507569,0.5739091718610864
0.3609885260370697,0.03353927625772286,0.0353045013239188,0.5701676963812886
0.36291739894551844,0.03427065026362039,0.03690685413005272,0.5659050966608085
0.36387782204515273,0.03408587870739265,0.035856573705179286,0.5661797255422754
0.3643652561247216,0.03474387527839644,0.035634743875278395,0.5652561247216036
0.36666666666666664,0.03422222222222222,0.03777777777777778,0.5613333333333334
0.3686553873552983,0.033392698130008905,0.037399821905609976,0.5605520926090828
0.36164506034868127,0.031291908806437195,0.038891372373714796,0.5681716584711668
0.3614404918752745,0.031181379007465964,0.036012296881862096,0.5713658322353975
0.36155913978494625,0.02956989247311828,0.03225806451612903,0.5766129032258065
0.35896289673670095,0.030844881537773806,0.035762181493071074,0.5744300402324541
0.35368043087971274,0.03141831238779174,0.03411131059245961,0.5807899461400359
0.3560302625723186,0.03426791277258567,0.03204272363150868,0.577659101023587
0.3559096945551129,0.03497122620628597,0.03054448871181939,0.5785745905267817
0.354924578527063,0.03771073646850044,0.03149955634427684,0.5758651286601597
0.35541629364368843,0.03804834377797672,0.03401969561324977,0.572515666965085
0.3544078361531612,0.035173642030276044,0.03294746215494212,0.5774710596616207
0.35723830734966594,0.0334075723830735,0.032516703786191536,0.576837416481069
0.3576837416481069,0.028953229398663696,0.0334075723830735,0.5799554565701559
0.3541850220264317,0.03039647577092511,0.03303964757709251,0.5823788546255506
0.3504424778761062,0.030973451327433628,0.032300884955752215,0.5862831858407079
0.35086168802474593,0.029606716747680072,0.032699955810870526,0.5868316394167035
0.34769094138543516,0.03108348134991119,0.03241563055062167,0.588809946714032
0.34746136865342164,0.03090507726269316,0.03708609271523179,0.5845474613686534
0.33753375337533753,0.032403240324032405,0.03915391539153915,0.5909090909090909
0.33761061946902654,0.03274336283185841,0.04026548672566372,0.5893805309734513
0.3408687943262411,0.03280141843971631,0.040336879432624116,0.5859929078014184
0.3382222222222222,0.03422222222222222,0.03911111111111111,0.5884444444444444
0.33436669619131976,0.03675819309123118,0.04030115146147033,0.5885739592559788
0.3288530465949821,0.03942652329749104,0.04390681003584229,0.5878136200716846
0.32375055285272003,0.03803626713843432,0.0437859354268023,0.5944272445820433
0.3253012048192771,0.0392681838464971,0.04194556001784917,0.5934850513163766
0.31593038821954483,0.038821954484605084,0.04060687193217314,0.6046407853636769
0.31607142857142856,0.038392857142857145,0.039285714285714285,0.60625
0.3162853297442799,0.03813369223867205,0.03992821893225662,0.6056527590847914
0.3153434433541481,0.0352363960749331,0.043710972346119537,0.6057091882247992
0.3172905525846702,0.034759358288770054,0.044563279857397504,0.6033868092691622
0.32155322862129143,0.033595113438045374,0.041884816753926704,0.6029668411867365
0.32451499118165783,0.03439153439153439,0.04188712522045855,0.5992063492063492
0.3128916741271262,0.03491495076096687,0.044762757385854966,0.6074306177260519
0.3146821844225604,0.03581020590868397,0.044762757385854966,0.6047448522829006
0.31382978723404253,0.03590425531914894,0.04609929078014184,0.6041666666666666
0.32195121951219513,0.03636363636363636,0.04301552106430155,0.5986696230598669
0.31942575145805296,0.03454463885150292,0.04351727231942575,0.6025123373710184
0.31529933481152994,0.03414634146341464,0.041685144124168516,0.6088691796008869
0.30782997762863534,0.032214765100671144,0.042505592841163314,0.6174496644295302
0.3159965034965035,0.03146853146853147,0.04414335664335664,0.6083916083916084
0.3184233835252436,0.02967227635075288,0.04428697962798937,0.6076173604960142
0.31651785714285713,0.029910714285714287,0.04241071428571429,0.6111607142857143
0.3169107856191744,0.027075011096316024,0.04172214824678207,0.6142920550377274
0.3145478374836173,0.02490170380078637,0.04062909567496723,0.6199213630406291
0.3164444444444444,0.02266666666666667,0.03822222222222222,0.6226666666666667
0.3188022897402025,0.024658740642888595,0.036988110964332896,0.619550858652576
0.32260907888937856,0.028206258263552227,0.03613926840017629,0.6130453944468929
0.3245382585751979,0.030343007915567283,0.03562005277044855,0.6094986807387863
0.3195057369814651,0.03089143865842895,0.03442188879082083,0.6151809355692851
0.3220489977728285,0.03296213808463252,0.03296213808463252,0.6120267260579064
0.31364653243847873,0.032662192393736016,0.033109619686800894,0.6205816554809843
0.3163491360212672,0.03145768719539211,0.03145768719539211,0.6207354895879486
0.31941359395824076,0.029764549089293647,0.03198578409595735,0.6188360728565082
0.3202322465386333,0.02992407324698526,0.033497096918267084,0.6163465832961144
0.3202296819787986,0.030035335689045935,0.03268551236749117,0.6170494699646644
0.31595227574016793,0.029606716747680072,0.031816173221387536,0.6226248342907644
0.32015985790408524,0.03330373001776199,0.03197158081705151,0.6145648312611013
0.31651173085436035,0.033200531208499334,0.033200531208499334,0.617087206728641
0.3177570093457944,0.03426791277258567,0.03471295060080107,0.6132621272808189
0.3155080213903743,0.03342245989304813,0.03342245989304813,0.6176470588235294
0.31339285714285714,0.029017857142857144,0.032589285714285716,0.625
0.3131357806280407,0.029632905793896505,0.0291906236178682,0.6280406899601946
0.3161175422974176,0.032056990204808546,0.030276046304541407,0.6215494211932324
0.32402482269503546,0.03280141843971631,0.026152482269503546,0.6170212765957447
0.32046678635547576,0.033662477558348294,0.026481149012567325,0.6193895870736086
0.3219360568383659,0.03285968028419183,0.026198934280639432,0.6190053285968028
0.3287119856887299,0.03309481216457961,0.025044722719141325,0.6131484794275492
0.32653985507246375,0.03170289855072464,0.025815217391304348,0.6159420289855072
0.3254252461951656,0.02685765443151298,0.025962399283795883,0.6217547000895255
0.3268971710821733,0.02828917826672654,0.026493039964077234,0.6183206106870229
0.3201948627103631,0.02878653675819309,0.026572187776793623,0.6244464127546502
0.3249776186213071,0.02730528200537153,0.025514771709937333,0.622202327663384
0.3223066607063031,0.029056772463120252,0.027715690657130084,0.6209208761734466
0.32112550245645377,0.028584189370254576,0.027690933452434122,0.6225993747208576
0.33140569395017794,0.02891459074733096,0.028469750889679714,0.6112099644128114
0.3243847874720358,0.029977628635346757,0.033109619686800894,0.6125279642058166
0.3288650580875782,0.03306523681858802,0.03127792672028597,0.6067917783735478
0.32551968155683325,0.030959752321981424,0.03184431667403804,0.6116762494471473
0.32119058196357175,0.03198578409595735,0.03109729009329187,0.6157263438471791
0.321206743566992,0.03149955634427684,0.031055900621118012,0.6162377994676131
0.3157661647475642,0.03100088573959256,0.03188662533215235,0.6213463241806909
0.32358156028368795,0.03280141843971631,0.03280141843971631,0.6108156028368794
0.3100398053958425,0.03272888102609465,0.03140203449800973,0.625829279080053
0.31216696269982236,0.03507992895204263,0.03241563055062167,0.6203374777975134
0.30645879732739423,0.033853006681514475,0.03518930957683741,0.6244988864142539
0.30623066725585507,0.0344675209898365,0.035793194874060984,0.6235086168802475
0.30137594318686195,0.03506435863293387,0.03506435863293387,0.6284953395472703
0.30186170212765956,0.03324468085106383,0.03546099290780142,0.6294326241134752
0.2973451327433628,0.034070796460176994,0.034513274336283185,0.6340707964601769
0.29763498438197233,0.0321285140562249,0.03257474341811691,0.6376617581436859
0.2956058588548602,0.032845095428317796,0.03151353750554816,0.6400355082112739
0.2996887505558026,0.03156958648288128,0.031124944419742107,0.637616718541574
0.311101163831692,0.02999104744852283,0.02864816472694718,0.630259623992838
0.3054561717352415,0.03130590339892665,0.02817531305903399,0.6350626118067979
0.30951317552478785,0.029030817329164807,0.026351049575703438,0.6351049575703439
0.30968317715305665,0.0285586791610888,0.028112449799196786,0.6336456938866577
0.30300313760645453,0.029134917077543704,0.02868668758404303,0.6391752577319587
0.3046181172291297,0.02664298401420959,0.028419182948490232,0.6403197158081705
0.30676220331392745,0.02821316614420063,0.02910882221227049,0.6359158083296015
0.30828082808280827,0.027452745274527453,0.031053105310531053,0.6332133213321333
0.3027360988526037,0.028684907325684024,0.03089143865842895,0.6376875551632833
0.30890287769784175,0.03012589928057554,0.03012589928057554,0.6308453237410072
0.30434782608695654,0.02883762200532387,0.029281277728482696,0.6375332741792369
0.3028169014084507,0.028609154929577465,0.02772887323943662,0.6408450704225352
0.30574098798397864,0.02848242100578549,0.028037383177570093,0.6377392078326658
0.3049107142857143,0.029464285714285714,0.02857142857142857,0.6370535714285714
0.2992407324698526,0.02992407324698526,0.03126395712371594,0.6395712371594462
0.29782512205947625,0.03151353750554816,0.028406569019085663,0.6422547714158899
0.2946150422785937,0.029817534490431688,0.030707610146862484,0.6448598130841121
0.29836210712704736,0.0283311199645861,0.029659141212926073,0.6436476316954405
0.29307282415630553,0.02975133214920071,0.03197158081705151,0.6452042628774423
0.2927484333034915,0.03357206803939123,0.03133393017009848,0.6423455684870188
0.29332736229287953,0.03403493058665472,0.03134796238244514,0.6412897447380206
0.2986142154671435,0.03263299061242736,0.033080017881090745,0.6356727760393384
0.29906542056074764,0.032487761459724075,0.03115264797507788,0.6372941700044504
0.28311918475852904,0.033673017279574655,0.03190075321222862,0.6513070447496677
0.2834751455441111,0.03493058665472459,0.03358710255261979,0.6480071652485445
0.27750773309765797,0.034909412284577994,0.03667697746354397,0.6509058771542201
0.28222523744911804,0.034373586612392586,0.034373586612392586,0.6490275893260968
0.28249336870026526,0.034482758620689655,0.033156498673740056,0.649867374005305
0.28787205686361617,0.0346512661039538,0.03154153709462461,0.6459351399378054
0.2878992352676563,0.03508771929824561,0.029689608636977057,0.647323436797121
0.2823371989295272,0.03791257805530776,0.032114183764495985,0.647636039250669
0.2894503546099291,0.03679078014184397,0.031914893617021274,0.6418439716312057
0.28925254312251214,0.03803626713843432,0.030959752321981424,0.6417514374170721
0.2871636524040582,0.036612262902514334,0.030436700485222762,0.6457873842082047
0.2870452528837622,0.03637976929902396,0.034161490683229816,0.642413487133984
0.2811101163831692,0.03760071620411817,0.03581020590868397,0.6454789615040286
0.2845744680851064,0.03679078014184397,0.03324468085106383,0.6453900709219859
0.284,0.036,0.035111111111111114,0.6448888888888888
0.2864721485411141,0.034482758620689655,0.034482758620689655,0.6445623342175066
0.28797886393659183,0.03346543372963452,0.03346543372963452,0.6450902686041391
0.29052258635961026,0.03365810451727192,0.0354295837023915,0.6403897254207263
0.28809837505489677,0.03469477382520861,0.03732981993851559,0.639877031181379
0.2838795394154119,0.03808680248007086,0.03675819309123118,0.6412754650132861
0.2872952633908809,0.038069942452412575,0.035856573705179286,0.6387782204515272
0.2861593235425011,0.03827325322652426,0.03426791277258567,0.641299510458389
0.28355555555555556,0.03955555555555555,0.033777777777777775,0.6431111111111111
0.28444838280903856,0.03810367744793974,0.030571555161719097,0.6468763845813026
0.2800528401585205,0.035667107001321,0.031704095112285335,0.6525759577278731
0.28433098591549294,0.030369718309859156,0.032130281690140844,0.653169014084507
0.2876834148510449,0.029346376167185415,0.02845709204090707,0.6545131169408626
0.28824049513704686,0.03138815207780725,0.028735632183908046,0.6516357206012379
0.2908525754884547,0.03152753108348135,0.02886323268206039,0.6487566607460036
0.29115586690017514,0.03152364273204904,0.028896672504378284,0.6484238178633975
0.29618117229129665,0.02930728241563055,0.027531083481349913,0.6469804618117229
0.29723805348531346,0.032003507233669445,0.028496273564226217,0.6422621657167908
0.28948545861297537,0.032662192393736016,0.026398210290827742,0.6514541387024608
0.2866127583108715,0.03099730458221024,0.029649595687331536,0.6527403414195867
0.28475935828877,0.030303030303030304,0.026737967914438502,0.6581996434937611
0.28855501546619533,0.03225806451612903,0.030048608042421564,0.6491383119752541
0.28698356286095067,0.03243003109729009,0.029764549089293647,0.6508218569524655
0.28846153846153844,0.03309481216457961,0.029516994633273702,0.6489266547406082
0.2862238074008025,0.030762371823450735,0.029870708872046365,0.6531431119037004
0.2900490852298081,0.03034359660865685,0.03257474341811691,0.6470325747434181
0.28374777975133214,0.03285968028419183,0.03374777975133215,0.6496447602131439
0.28520971302428255,0.033112582781456956,0.03090507726269316,0.6507726269315673
0.2868596881959911,0.032516703786191536,0.028507795100222718,0.6521158129175947
0.2876834148510449,0.035126722987994664,0.028012449977767896,0.6491774121831926
0.28507596067917784,0.035746201966041107,0.027256478999106343,0.6519213583556747
0.28597041685342894,0.033617212012550426,0.02734199910354101,0.6530703720304796
0.2966252220248668,0.03241563055062167,0.02664298401420959,0.644316163410302
0.29175848391361836,0.03613926840017629,0.030409872190392245,0.6416923754958131
0.2909579230080573,0.03849597135183527,0.03133393017009848,0.639212175470009
0.2894387980556783,0.03711886875828546,0.03093239063190455,0.6425099425541316
0.2859048465984882,0.035571365051133834,0.030680302356602934,0.6478434859937751
0.2829006266786034,0.03491495076096687,0.03088630259623993,0.6512981199641898
0.2795031055900621,0.030168589174800354,0.030612244897959183,0.6597160603371783
0.2761820592134335,0.027839151568714096,0.03225806451612903,0.6637207247017234
0.27465723131357805,0.0291906236178682,0.033171163202122954,0.6629809818664307
0.2780960775672102,0.02908770383428823,0.03349493168796827,0.6593212869105333
0.28008849557522125,0.030973451327433628,0.03672566371681416,0.6522123893805309
0.2769162605228179,0.033673017279574655,0.03898980948161276,0.6504209127159947
0.2826855123674912,0.029151943462897525,0.04019434628975265,0.6479681978798587
0.2782685512367491,0.028268551236749116,0.03666077738515901,0.6568021201413428
0.2775310834813499,0.02975133214920071,0.037300177619893425,0.655417406749556
0.28055307760927745,0.03166815343443354,0.03300624442462088,0.6547725245316681
0.28495339547270304,0.03151353750554816,0.03195739014647137,0.6515756768752774
0.2908366533864542,0.03142983621071271,0.03142983621071271,0.6463036741921204
0.2920550377274745,0.03062583222370173,0.031069684864624945,0.6462494451841988
0.2810978308986277,0.03187250996015936,0.033200531208499334,0.6538291279327136
0.2812083518436251,0.03198578409595735,0.034207019102621056,0.6525988449577965
0.28300220750551874,0.032671081677704196,0.03399558498896247,0.6503311258278146
0.2825892857142857,0.032589285714285716,0.030357142857142857,0.6544642857142857
0.2831779849090102,0.032845095428317796,0.028406569019085663,0.6555703506435864
0.2774798927613941,0.031724754244861486,0.029490616621983913,0.6613047363717605
0.2839946500222916,0.03209986625055729,0.027641551493535442,0.6562639322336157
0.2832292595896521,0.03300624442462088,0.029438001784121322,0.6543264942016057
0.28028609745194455,0.03218596334376397,0.031291908806437195,0.6562360303978543
0.2811529933481153,0.03148558758314856,0.03237250554323725,0.6549889135254989
0.2802346570397112,0.0315884476534296,0.03203971119133574,0.6561371841155235
0.28533214444939814,0.030762371823450735,0.03299152920196166,0.6509139545251895
0.28894806924101196,0.02929427430093209,0.03151353750554816,0.6502441189525078
0.284,0.030666666666666665,0.03288888888888889,0.6524444444444445
0.28450578806767585,0.02894033837934105,0.03294746215494212,0.653606411398041
0.284,0.02711111111111111,0.035111111111111114,0.6537777777777778
0.28400531679220203,0.026140894993354008,0.0358883473637572,0.6539654408506868
0.2835622507753655,0.026140894993354008,0.03721754541426672,0.6530793088170137
0.28136200716845877,0.025985663082437275,0.03539426523297491,0.657258064516129
0.2848914488258751,0.0256978289765175,0.03810367744793974,0.6513070447496677
0.2822902796271638,0.027518863737239236,0.03817132711939636,0.6520195295162006
0.2834960070984916,0.02839396628216504,0.037267080745341616,0.6508429458740018
0.2875498449268941,0.027913159060700046,0.034116083296411165,0.6504209127159947
0.28900709219858156,0.02526595744680851,0.03368794326241135,0.6520390070921985
0.2937000887311446,0.025288376220053237,0.034161490683229816,0.6468500443655724
0.28653169014084506,0.02772887323943662,0.035651408450704226,0.6500880281690141
0.2902222222222222,0.028444444444444446,0.033777777777777775,0.6475555555555556
0.27770360480640854,0.02892745883400089,0.03159768580329328,0.6617712505562973
0.2821080602302923,0.02967227635075288,0.032329495128432244,0.6558901682905226
0.2775055679287305,0.030734966592427616,0.03162583518930958,0.6601336302895323
0.27349290780141844,0.03102836879432624,0.03235815602836879,0.6631205673758865
0.27477876106194693,0.02920353982300885,0.031415929203539826,0.6646017699115044
0.27168141592920353,0.027876106194690265,0.031415929203539826,0.6690265486725664
