C,D,Oc,Od
0.0,0.0,0.0,1.0
0.0,0.0,0.5,0.5
0.2,0.0,0.4,0.4
0.2,0.0,0.4,0.4
0.2222222222222222,0.1111111111111111,0.2222222222222222,0.4444444444444444
0.1875,0.09375,0.21875,0.5
0.1,0.08,0.24,0.58
0.08,0.08,0.26666666666666666,0.5733333333333334
0.07407407407407407,0.09259259259259259,0.25,0.5833333333333334
0.06329113924050633,0.10126582278481013,0.23417721518987342,0.6012658227848101
0.08056872037914692,0.11374407582938388,0.2132701421800948,0.5924170616113744
0.09454545454545454,0.12727272727272726,0.20363636363636364,0.5745454545454546
0.10198300283286119,0.1388101983002833,0.1671388101983003,0.5920679886685553
0.12253829321663019,0.13129102844638948,0.175054704595186,0.5711159737417943
0.1415929203539823,0.14513274336283186,0.1752212389380531,0.5380530973451327
0.16353111432706222,0.13748191027496381,0.1678726483357453,0.5311143270622286
0.17914110429447852,0.147239263803681,0.15828220858895706,0.5153374233128835
0.19292604501607716,0.13612004287245444,0.1564844587352626,0.5144694533762058
0.20241411327762301,0.1532033426183844,0.14484679665738162,0.49953574744661094
0.2121697357886309,0.15532425940752603,0.14011208967173738,0.4923939151321057
0.22714285714285715,0.155,0.13285714285714287,0.485
0.2379730596536241,0.15779345734445158,0.1302116741500962,0.4740218088518281
0.24747174301011302,0.15764425936942297,0.12790005948839978,0.46698393813206424
0.24888888888888888,0.16,0.13111111111111112,0.46
0.2535809018567639,0.15862068965517243,0.13421750663129972,0.4535809018567639
0.24616171954964175,0.16120777891504606,0.13510747185261002,0.45752302968270214
0.24926542605288932,0.15866797257590598,0.13222331047992164,0.45984329089128306
0.25,0.157514450867052,0.13680154142581888,0.4556840077071291
0.24401689347724073,0.16189582355701548,0.1384326607226654,0.45565462224307834
0.2402745995423341,0.16247139588100687,0.1377574370709382,0.4594965675057208
0.2452914798206278,0.16322869955156952,0.13991031390134528,0.4515695067264574
0.24212860310421286,0.16541019955654102,0.13747228381374724,0.4549889135254989
0.241714538223597,0.16924436588599204,0.13742819266460451,0.45161290322580644
0.24690812720848057,0.16740282685512367,0.1338339222614841,0.45185512367491165
0.24622222222222223,0.16444444444444445,0.13377777777777777,0.45555555555555555
0.24473684210526317,0.16447368421052633,0.13289473684210526,0.45789473684210524
0.24600355239786856,0.15985790408525755,0.1349911190053286,0.4591474245115453
0.23845138583369996,0.16058073031236253,0.13462384513858336,0.4663440387153542
0.24035087719298245,0.15921052631578947,0.1368421052631579,0.4635964912280702
0.2413033905768384,0.16292382210479964,0.13914575077058564,0.4566270365477763
0.24077328646748683,0.1656414762741652,0.13268892794376097,0.46089630931458697
0.24332740213523132,0.16548042704626334,0.13612099644128114,0.4550711743772242
0.24375274002630426,0.16615519508987286,0.1319596668128014,0.45813239807102146
0.24637043554773427,0.16761988561372634,0.12802463704355477,0.4579850417949846
0.24432576769025366,0.16510903426791276,0.1312861593235425,0.45927903871829107
0.24810352521195894,0.1651048639000446,0.12940651494868363,0.4573850959393128
0.2474546259406817,0.16821602478972997,0.12660469234174412,0.4577246569278442
0.25232403718459495,0.17574147853032315,0.12616201859229748,0.4457724656927844
0.2528533801580334,0.17251975417032483,0.12598770851624233,0.4486391571553995
0.2548415492957746,0.1738556338028169,0.1307218309859155,0.44058098591549294
0.2483281319661168,0.17833259028087384,0.13330361123495318,0.4400356665180562
0.2523158359064843,0.17423908248786943,0.13277459197176886,0.4406704896338774
0.2540035587188612,0.17170818505338079,0.13211743772241993,0.44217081850533807
0.25,0.17091388400702986,0.13620386643233742,0.4428822495606327
0.2516585581601061,0.17337461300309598,0.14020344980097302,0.43476337903582485
0.25121627598407786,0.17558602388323752,0.1393188854489164,0.43387881468376827
0.2513157894736842,0.17324561403508773,0.14035087719298245,0.43508771929824563
0.25021987686895336,0.17766051011433598,0.13896218117854,0.4331574318381706
0.25385632437197003,0.1736447774349934,0.13221683561040107,0.4402820625826355
0.2514310876265962,0.17217084984588288,0.1435490973139586,0.4328489652135623
0.2509942554131684,0.16791869200176757,0.14626601855943439,0.4348210340256297
0.24528301886792453,0.1763931548924967,0.13997367266344887,0.4383501535761299
0.2398945518453427,0.179701230228471,0.1344463971880492,0.44595782073813706
0.2405618964003512,0.1769095697980685,0.13740122914837577,0.44512730465320455
0.24337455830388693,0.1709363957597173,0.1413427561837456,0.44434628975265017
0.24339788732394366,0.17297535211267606,0.14040492957746478,0.4432218309859155
0.25264084507042256,0.17121478873239437,0.136443661971831,0.4397007042253521
0.24879120879120878,0.1723076923076923,0.13538461538461538,0.44351648351648354
0.2489025460930641,0.17383669885864794,0.13784021071115013,0.43942054433713784
0.24736379613356765,0.17750439367311072,0.13224956063268892,0.4428822495606327
0.25077399380804954,0.18000884564352057,0.14064573197700134,0.42857142857142855
0.24669020300088262,0.176081200353045,0.14563106796116504,0.4315975286849073
0.25252969643642764,0.1737791465024197,0.1460624725032996,0.4276286845578531
0.2506573181419807,0.1722173531989483,0.14680105170902716,0.4303242769500438
0.2537379067722076,0.16974494283201408,0.1437994722955145,0.43271767810026385
0.249667994687915,0.17352810978308986,0.14652501106684374,0.4302788844621514
0.24802110817941952,0.1693051890941073,0.14467897977132807,0.43799472295514513
0.24682156948706707,0.1714160455940377,0.1477422183252959,0.4340201665935993
0.24944616747895437,0.17190961453256534,0.14443952148870182,0.43420469649977844
0.24307692307692308,0.17098901098901098,0.14373626373626375,0.4421978021978022
0.24834874504623514,0.16468516072214884,0.14663143989431968,0.44033465433729635
0.24715660542432197,0.1657917760279965,0.14698162729658792,0.44006999125109364
0.24801412180052956,0.16946160635481025,0.14563106796116504,0.4368932038834951
0.24844995571302037,0.17139061116031887,0.14260407440212577,0.437555358724535
0.24682156948706707,0.1696624287593161,0.14248136782113108,0.44103463393248576
0.25220458553791886,0.1657848324514991,0.14153439153439154,0.44047619047619047
0.24769433465085638,0.16381203337725078,0.1422924901185771,0.4462011418533158
0.24878907970057243,0.1668868339938353,0.14398943196829592,0.44033465433729635
0.24509376362843435,0.16703009158307894,0.1456607064980375,0.4422154382904492
0.24480777728678746,0.1657092355280601,0.14317277949624393,0.44631020768890856
0.23427041499330656,0.16242748772869256,0.1494868362338242,0.4538152610441767
0.23566029346376166,0.16051578479324144,0.15028901734104047,0.45353490440195643
0.23759791122715404,0.15926892950391644,0.14926022628372498,0.45387293298520454
0.23508771929824562,0.15964912280701754,0.15175438596491228,0.4535087719298246
0.24124343257443082,0.16024518388791595,0.15061295971978983,0.4478984238178634
0.2447089947089947,0.15608465608465608,0.1490299823633157,0.4501763668430335
0.2460456942003515,0.1586115992970123,0.14806678383128294,0.44727592267135324
0.24423758865248227,0.1622340425531915,0.15115248226950354,0.4423758865248227
0.24469026548672565,0.16017699115044248,0.14778761061946902,0.44734513274336285
0.2395925597874225,0.16031886625332153,0.15234720992028344,0.4477413640389725
0.24601769911504426,0.15398230088495576,0.15265486725663716,0.44734513274336285
0.23966578715919085,0.15963060686015831,0.15391380826737028,0.4467897977132806
0.24078947368421053,0.1530701754385965,0.1543859649122807,0.4517543859649123
0.24418093983311376,0.15458937198067632,0.15019762845849802,0.4510320597277119
0.24246395806028834,0.15727391874180865,0.15465268676277852,0.4456094364351245
0.24856765094755398,0.15381225209343324,0.1489643014543852,0.4486557955046276
0.24118165784832452,0.15299823633156967,0.15652557319223986,0.44929453262786595
0.24534986713906112,0.15057573073516387,0.15810451727192207,0.44596988485385297
0.24614027348919276,0.1517423908248787,0.16012351124834584,0.4419938244375827
0.25010969723562965,0.15050460728389645,0.16059675296182535,0.43878894251864853
0.2501098901098901,0.1476923076923077,0.1564835164835165,0.44571428571428573
0.2479047198941332,0.1557123952359947,0.15262461402734892,0.4437582708425232
0.23908248786943095,0.1623290692545214,0.1552712836347596,0.44331715924128806
0.23826239578762615,0.1619131197893813,0.153576129881527,0.44624835454146555
0.23866138265081463,0.16204315279612505,0.1567591369440775,0.4425363276089828
0.23809523809523808,0.16470074268239407,0.15334207077326342,0.4438619484491044
0.24147097917589722,0.16393442622950818,0.15418697385910501,0.4404076207354896
0.24749455337690632,0.1625272331154684,0.15206971677559913,0.43790849673202614
0.2448442299254059,0.16410706450197454,0.15138218516893373,0.4396665204036858
0.2515310586176728,0.163167104111986,0.15223097112860892,0.4330708661417323
0.2510936132983377,0.16404199475065617,0.15135608048993876,0.4335083114610674
0.25332741792369123,0.16326530612244897,0.14640638864241348,0.4370008873114463
0.26033421284080915,0.1662269129287599,0.14116094986807387,0.43227792436235707
0.2554585152838428,0.1633187772925764,0.14410480349344978,0.437117903930131
0.25971191619380185,0.16019205587079877,0.14535137494543868,0.43474465298996073
0.2588543944031482,0.1609094884127678,0.14385658067337123,0.4363795365107127
0.26435773783428324,0.15738711091626478,0.14686540990793512,0.43138974134151686
0.2600976475810031,0.15401686640035508,0.14869063470927651,0.4371948513093653
0.2609457092819615,0.1606830122591944,0.14535901926444833,0.4330122591943958
0.2618629173989455,0.1634446397188049,0.14235500878734622,0.43233743409490333
0.25728155339805825,0.15975286849073256,0.1434245366284201,0.43954104148278905
0.2510860121633362,0.16420503909643788,0.14552562988705472,0.43918331885317113
0.24877832074633496,0.16303864948911595,0.14882274544646823,0.43936028431808083
0.2506527415143603,0.15839860748476936,0.1431679721496954,0.44778067885117495
0.2472695500218436,0.1581476627348187,0.145041502839668,0.44954128440366975
0.24934268185801928,0.15994741454864153,0.1441717791411043,0.4465381244522349
0.2435953104646114,0.1580547112462006,0.1519756838905775,0.4463742943986105
0.25512934879571814,0.15165031222123104,0.15388046387154328,0.43933987511150757
0.24813678211310827,0.15563349408154317,0.15344147303814118,0.44278825076720735
0.24605263157894736,0.156140350877193,0.14692982456140352,0.45087719298245615
0.24956063268892795,0.15641476274165203,0.14938488576449913,0.4446397188049209
0.2534398579671549,0.16245006657789615,0.1442521083000444,0.43985796715490455
0.2525120139799039,0.16339012669287897,0.14067278287461774,0.4434250764525994
0.25154457193292146,0.16284201235657547,0.1443071491615181,0.44130626654898497
0.25209343323049804,0.15821947994711327,0.14543851917144116,0.44424856765094756
0.2552724077328647,0.16036906854130054,0.14323374340949033,0.44112478031634444
0.2632042253521127,0.16065140845070422,0.1443661971830986,0.4317781690140845
0.263459841129744,0.1646072374227714,0.1412180052956752,0.43071491615180935
0.25734327049539674,0.16220955721174923,0.13590530469092504,0.444541867601929
0.260352422907489,0.1696035242290749,0.13171806167400882,0.43832599118942733
0.25833333333333336,0.1706140350877193,0.13157894736842105,0.4394736842105263
0.26096491228070173,0.17149122807017544,0.13157894736842105,0.4359649122807018
0.2622439893143366,0.1714158504007124,0.13089937666963491,0.43544078361531613
0.26334208223972005,0.168416447944007,0.12904636920384951,0.43919510061242345
0.2622085349758029,0.16761988561372634,0.12802463704355477,0.442146942366916
0.26810004387889425,0.1636682755594559,0.12461605967529618,0.44361562088635365
0.2655293088363955,0.16710411198600175,0.1242344706911636,0.4431321084864392
0.26687388987566607,0.17406749555950266,0.119449378330373,0.43960923623445824
0.26545936395759717,0.17358657243816256,0.1157243816254417,0.4452296819787986
0.2676991150442478,0.17212389380530974,0.11194690265486726,0.4482300884955752
0.2643171806167401,0.17224669603524229,0.11233480176211454,0.4511013215859031
0.2628318584070796,0.1672566371681416,0.11283185840707964,0.4570796460176991
0.26174791392182695,0.17215634606938954,0.11462450592885376,0.45147123407992973
0.25813544415127526,0.1741424802110818,0.11829375549692173,0.4494283201407212
0.253678109674543,0.1734284440481498,0.12215782434239858,0.4507356219349086
0.248562582927908,0.16718266253869968,0.124281291463954,0.4599734630694383
0.2506619593998235,0.16946160635481025,0.11959399823477493,0.4602824360105914
0.25,0.16535776614310646,0.1212914485165794,0.46335078534031415
0.2482300884955752,0.16681415929203539,0.12300884955752213,0.46194690265486726
0.2544897065265002,0.15987735435830047,0.12176960140166447,0.46386333771353483
0.25132042253521125,0.16153169014084506,0.1210387323943662,0.46610915492957744
0.2439347154830172,0.16012351124834584,0.12439347154830172,0.47154830172033524
0.24335106382978725,0.15868794326241134,0.12721631205673758,0.47074468085106386
0.2478146853146853,0.15603146853146854,0.1258741258741259,0.47027972027972026
0.2432192085371276,0.154290795909293,0.12939084037349932,0.47309915518008006
0.2429701230228471,0.15377855887521968,0.1282952548330404,0.4749560632688928
0.2467076382791923,0.15013169446883232,0.12906057945566285,0.4741000877963126
0.24601769911504426,0.15575221238938053,0.12743362831858407,0.47079646017699117
0.24517543859649124,0.1530701754385965,0.1267543859649123,0.475
0.24336283185840707,0.15221238938053097,0.1256637168141593,0.47876106194690266
0.2425438596491228,0.15043859649122807,0.12017543859649123,0.4868421052631579
0.24618736383442266,0.14596949891067537,0.12636165577342048,0.48148148148148145
0.247791519434629,0.14752650176678445,0.12146643109540636,0.4832155477031802
0.24901011878574572,0.1513418389793225,0.12406511218653761,0.4755829300483942
0.2543046357615894,0.15143487858719648,0.12273730684326711,0.47152317880794703
0.25394736842105264,0.15263157894736842,0.12763157894736843,0.46578947368421053
0.2405618964003512,0.1488147497805092,0.13125548726953468,0.4793678665496049
0.24669603524229075,0.14757709251101322,0.13259911894273127,0.4731277533039648
0.24305249228054698,0.14644905161005733,0.13806793118659022,0.47243052492280546
0.24793388429752067,0.1418007829491083,0.13179643323183993,0.4784688995215311
0.24944616747895437,0.14399645547186532,0.13602126716880816,0.4705361098803722
0.2583774250440917,0.1424162257495591,0.1335978835978836,0.4656084656084656
0.2641093474426808,0.13977072310405644,0.12874779541446207,0.4673721340388007
0.2639683238011439,0.1438627364716234,0.12978442586889574,0.462384513858337
0.2650814619110524,0.13914575077058564,0.1325407309555262,0.46323205636283576
0.2596026490066225,0.1390728476821192,0.13642384105960265,0.4649006622516556
0.25583443416996915,0.13782474680757376,0.1329810656098635,0.47335975341259356
0.25684024713150927,0.14210061782877317,0.13018534863195058,0.470873786407767
0.25501307759372277,0.14210985178727115,0.12772449869224062,0.47515257192676547
0.25386313465783666,0.1434878587196468,0.12362030905077263,0.47902869757174393
0.2518681318681319,0.14417582417582417,0.1279120879120879,0.47604395604395605
0.2508818342151676,0.14329805996472664,0.13271604938271606,0.4731040564373898
0.24658740642888596,0.1431087626596213,0.1329810656098635,0.47732276530162926
0.24857268335529206,0.14404918752744839,0.13570487483530963,0.47167325428194995
0.2478108581436077,0.14623467600700527,0.13266199649737304,0.473292469352014
0.24681598594642074,0.1422924901185771,0.13790074659639878,0.47299077733860345
0.24421144604630843,0.14941022280471822,0.13717780690257755,0.4692005242463958
0.23912087912087912,0.14945054945054945,0.14461538461538462,0.4668131868131868
0.23580786026200873,0.15283842794759825,0.14541484716157205,0.46593886462882095
0.23961521644075207,0.14954088325317008,0.14079580236117184,0.470048097944906
0.23516386182462357,0.15101860053144375,0.1421612046058459,0.4716563330380868
0.23555555555555555,0.15466666666666667,0.14222222222222222,0.46755555555555556
0.2402334979793444,0.15312079030085315,0.1396497530309834,0.46699595868881905
0.2385809312638581,0.15343680709534369,0.13702882483370288,0.47095343680709534
0.23868131868131867,0.15252747252747254,0.13406593406593406,0.4747252747252747
0.2432195975503062,0.15310586176727908,0.1325459317585302,0.47112860892388453
0.2462686567164179,0.15013169446883232,0.1321334503950834,0.47146619841966636
0.24478009773434029,0.15104398045313194,0.1301643713904931,0.47401155042203463
0.24495171202809482,0.1479367866549605,0.13125548726953468,0.47585601404741
0.247585601404741,0.14837576821773485,0.12818261633011413,0.47585601404741
0.24142480211081793,0.15391380826737028,0.12576956904133685,0.4788918205804749
0.24757281553398058,0.15489849955869373,0.1293027360988526,0.46822594880847307
0.24922532093846836,0.15183709606020362,0.12350597609561753,0.4754316069057105
0.25505716798592787,0.15391380826737028,0.12137203166226913,0.46965699208443273
0.2554131683605833,0.15024304021210783,0.12461334511710119,0.4697304463102077
0.2529592284085927,0.15563349408154317,0.11749232792634809,0.473914949583516
0.2503293807641634,0.15327184892402285,0.12033377250768555,0.47606499780412825
0.2505484861781483,0.15313734093900833,0.1193505923650724,0.47696358051777094
0.25474613686534214,0.1434878587196468,0.1196467991169978,0.4821192052980132
0.26517150395778366,0.14643799472295516,0.113896218117854,0.4744942832014072
0.27176314626601855,0.14096332302253645,0.11268228015908087,0.4745912505523641
0.2660831509846827,0.14179431072210066,0.112472647702407,0.47964989059080965
0.2612931798051373,0.141718334809566,0.11691762621789194,0.4800708591674048
0.2639074321317312,0.14775255896751224,0.11838006230529595,0.4699599465954606
0.2644230769230769,0.14204545454545456,0.11363636363636363,0.4798951048951049
0.2625381596162233,0.14653292629742695,0.11295246402093327,0.4779764500654165
0.2679362267493357,0.14127546501328608,0.1120460584588131,0.4787422497785651
0.26449912126537783,0.14015817223198593,0.11115992970123023,0.484182776801406
0.2687224669603524,0.13876651982378854,0.11145374449339207,0.48105726872246696
0.2703768624014023,0.13146362839614373,0.11524978089395267,0.4829097283085013
0.27043747238179405,0.13212549712770658,0.11224038886433937,0.48519664162615994
0.26136865342163357,0.13112582781456952,0.11479028697571744,0.49271523178807947
0.2623456790123457,0.13095238095238096,0.1146384479717813,0.49206349206349204
0.2572944297082228,0.1330680813439434,0.11538461538461539,0.4942528735632184
0.25771403737505433,0.13211647109952196,0.10908300738809214,0.5010864841373316
0.2557726465364121,0.1349911190053286,0.10701598579040852,0.5022202486678508
0.25619469026548675,0.12920353982300886,0.1079646017699115,0.5066371681415929
0.25535636204634893,0.1294271972015741,0.10319195452557936,0.5120244862264975
0.25188804975566415,0.13149711239449133,0.10439804531319413,0.5122167925366504
0.24595893403232852,0.13411970292704237,0.10790738313674093,0.5120139799038882
0.24258521469676847,0.13722886232846393,0.11066843736166446,0.5095174856131032
0.24428822495606328,0.1366432337434095,0.11247803163444639,0.5065905096660809
0.24766562916851934,0.1316140506891952,0.1151622943530458,0.5055580257892397
0.24788982674366947,0.12927587738782764,0.11639271434917814,0.5064415815193247
0.24757281553398058,0.13062665489849956,0.12180052956751986,0.5
0.24482606781153676,0.12813738441215325,0.12241303390576838,0.5046235138705416
0.24710080285459413,0.12845673505798394,0.12221231043710973,0.5022301516503123
0.242263483642794,0.13085764809902742,0.12245800176834659,0.504420866489832
0.24172915747684165,0.13233348037053375,0.11777679752977503,0.5081605646228495
0.24265360641139805,0.13446126447016918,0.1188780053428317,0.5040071237756011
0.24202127659574468,0.13031914893617022,0.12721631205673758,0.5004432624113475
0.23628318584070795,0.12920353982300886,0.12787610619469025,0.5066371681415929
0.2357080035180299,0.13016710642040458,0.12884784520668427,0.5052770448548812
0.2405848471422242,0.13424900310146212,0.12937527691626052,0.4957908728400532
0.23185840707964603,0.13274336283185842,0.13982300884955753,0.49557522123893805
0.23803191489361702,0.13076241134751773,0.13829787234042554,0.4929078014184397
0.2396109637488948,0.1290893015030946,0.13704686118479223,0.4942528735632184
0.23857205050065303,0.1345232912494558,0.1327818894209839,0.49412276882890727
0.2398604448320977,0.14478848669864805,0.13344962930658527,0.481901439162669
0.2421564295183385,0.14096332302253645,0.1316836058329651,0.48519664162615994
0.23677248677248677,0.14285714285714285,0.13227513227513227,0.4880952380952381
0.22849580943978826,0.14292015880017644,0.13586237318041464,0.49272165857962064
0.23076923076923078,0.14813186813186813,0.13230769230769232,0.4887912087912088
0.22582056892778993,0.1474835886214442,0.13391684901531728,0.49277899343544856
0.22803163444639718,0.15026362038664323,0.1344463971880492,0.4872583479789104
0.22783687943262412,0.14450354609929078,0.13918439716312056,0.48847517730496454
0.22955145118733508,0.14599824098504838,0.13852242744063326,0.4859278803869833
0.22280933509467196,0.1457507705856451,0.14090708938793484,0.4905328049317481
0.22681318681318682,0.14197802197802198,0.14065934065934066,0.49054945054945054
0.22320247022496692,0.14203793559770622,0.13806793118659022,0.49669166299073664
0.2176991150442478,0.1433628318584071,0.1415929203539823,0.49734513274336284
0.21754541426672575,0.1431103234381923,0.1386796632698272,0.5006645990252547
0.20950704225352113,0.13996478873239437,0.14128521126760563,0.5092429577464789
0.21397379912663755,0.13973799126637554,0.14017467248908297,0.506113537117904
0.21494913754975675,0.14418398938522778,0.14374170720919946,0.497125165855816
0.2178304787000439,0.14009661835748793,0.13965744400527008,0.5024154589371981
0.2230971128608924,0.13560804899387577,0.14216972878390202,0.4991251093613298
0.22207678883071552,0.13699825479930192,0.14267015706806283,0.49825479930191974
0.22951541850220264,0.1356828193832599,0.13920704845814977,0.4955947136563877
0.2282560706401766,0.13730684326710818,0.1390728476821192,0.495364238410596
0.23100570926657882,0.13790074659639878,0.13658322353974528,0.4945103205972771
0.23242530755711774,0.13224956063268892,0.1344463971880492,0.5008787346221442
0.2357904085257549,0.1327708703374778,0.13765541740674955,0.4937833037300178
0.23134328358208955,0.13081650570676032,0.13520632133450394,0.5026338893766462
0.23839009287925697,0.13533834586466165,0.13401149933657674,0.49226006191950467
0.235216240070609,0.13945278022947927,0.1328331862312445,0.49249779346866723
0.24098504837291118,0.13676341248900617,0.1279683377308707,0.49428320140721194
0.24145486415425066,0.13409290096406662,0.13365468886941279,0.49079754601226994
0.24078947368421053,0.13508771929824562,0.1394736842105263,0.48464912280701755
0.24076546506453048,0.12861593235425012,0.14241210502892745,0.48820649755229195
0.24539069359086918,0.13169446883230904,0.14574187884108866,0.4771729587357331
0.24148606811145512,0.13578062804068997,0.14020344980097302,0.4825298540468819
0.23894967177242887,0.13479212253829323,0.14442013129102846,0.48183807439824944
0.23824312333629105,0.13753327417923691,0.14551907719609583,0.4787045252883762
0.23144488361879667,0.13526570048309178,0.1466842336407554,0.48660518225735616
0.23813747228381374,0.13569844789356986,0.14811529933481152,0.47804878048780486
0.24323144104803493,0.1349344978165939,0.14323144104803492,0.47860262008733623
0.24281291463954002,0.13401149933657674,0.14462627156125607,0.47854931446262716
0.2451669595782074,0.13884007029876977,0.14279437609841827,0.47319859402460457
0.2436010591350397,0.13857016769638128,0.14298323036187113,0.4748455428067079
0.23977122745270568,0.14078310602727673,0.14034315882094148,0.4791025076990761
0.2393238434163701,0.14190391459074733,0.1338967971530249,0.48487544483985767
0.24282560706401765,0.14260485651214128,0.13598233995584988,0.4785871964679912
0.2375933245498463,0.1414141414141414,0.1370223978919631,0.4839701361440492
0.2432908051033876,0.14122305323361198,0.13814342278926528,0.47734271887373514
0.23421052631578948,0.14649122807017545,0.14342105263157895,0.4758771929824561
0.23674911660777384,0.14708480565371024,0.13780918727915195,0.47835689045936397
0.23549934583515045,0.14827736589620585,0.13650239860444832,0.4797208896641954
0.23933855526544823,0.14664926022628372,0.13664055700609226,0.4773716275021758
0.2365734576120728,0.14513981358189082,0.1415889924545051,0.4766977363515313
0.23299692847740236,0.14129003949100483,0.13953488372093023,0.4861781483106626
0.23141223053233612,0.1416630004399472,0.14254289485261767,0.484381874175099
0.23893805309734514,0.14115044247787611,0.1336283185840708,0.48628318584070795
0.23192239858906524,0.14594356261022928,0.1388888888888889,0.48324514991181655
0.22920353982300884,0.14513274336283186,0.13805309734513274,0.48761061946902656
0.22555066079295155,0.1502202643171806,0.1422907488986784,0.4819383259911894
0.22251423565484013,0.1533070521243977,0.14060446780551905,0.4835742444152431
0.222663139329806,0.15123456790123457,0.13756613756613756,0.48853615520282184
0.22276350752878654,0.1545615589016829,0.13596102745792737,0.4867139061116032
0.22372437854339294,0.15045791539467945,0.13955516790231137,0.48626253815961623
0.2206468763845813,0.15241470979175897,0.1435533894550288,0.4833850243686309
0.22701275846898372,0.15750109986801583,0.14342278926528818,0.4720633523977123
0.22844638949671772,0.15536105032822758,0.14442013129102846,0.47177242888402626
0.22514235654840123,0.15286903197547086,0.14761279018834866,0.4743758212877792
0.22507753655294638,0.15507310589277803,0.14709791758972088,0.4727514399645547
0.22251655629139072,0.15011037527593818,0.14481236203090508,0.482560706401766
0.21922054915854738,0.1563330380868025,0.1421612046058459,0.48228520814880427
0.22404614019520852,0.15173025732031944,0.14418811002661935,0.4800354924578527
0.22784810126582278,0.15102575294631165,0.14011348756001746,0.4810126582278481
0.2299301919720768,0.14921465968586387,0.13917975567190227,0.4816753926701571
0.22820849759088918,0.15024091108190976,0.14148050810337276,0.48007008322382827
0.235657546337158,0.15136804942630186,0.13768755516328332,0.47528684907325686
0.23151837096060204,0.15139442231075698,0.14032757857459052,0.4767596281540505
0.23649247121346323,0.15146147032772364,0.1408325952170062,0.4712134632418069
0.24053452115812918,0.15322939866369711,0.13808463251670378,0.46815144766146993
0.2327433628318584,0.1504424778761062,0.14292035398230088,0.4738938053097345
0.23813708260105448,0.15289982425307558,0.14279437609841827,0.46616871704745166
0.2344161545215101,0.15013169446883232,0.14398595258999122,0.47146619841966636
0.22801590808661068,0.1506849315068493,0.1449403446752099,0.4763588157313301
0.22865988500663423,0.14816452896948254,0.145953118089341,0.47722246793454226
0.22870939420544337,0.15100965759438104,0.14574187884108866,0.4745390693590869
0.2264564169951818,0.1533070521243977,0.14586070959264127,0.4743758212877792
0.23314235345967388,0.15645658880564126,0.14543851917144116,0.4649625385632437
0.23036187113857018,0.15842894969108562,0.14474845542806708,0.46646072374227715
0.23279263480929416,0.16089434458570803,0.15037264357737834,0.45594037702761947
0.2277533039647577,0.1568281938325991,0.15330396475770924,0.4621145374449339
0.22451669595782073,0.1616871704745167,0.14982425307557118,0.46397188049209137
0.22800875273522975,0.15929978118161925,0.1540481400437637,0.4586433260393873
0.2290379523389232,0.15798764342453664,0.1531332744924978,0.45984112974404234
0.22978910369068542,0.1634446397188049,0.15026362038664323,0.45650263620386644
0.22923010004349717,0.16572422792518487,0.1487603305785124,0.4562853414528056
0.22577816747040771,0.1714160455940377,0.1433581762384919,0.4594476106970627
0.2244629548443665,0.16834721613327489,0.14160455940377029,0.4655852696185883
0.22304670449585334,0.16673941510257528,0.14884329986905281,0.46137058053251856
0.22857142857142856,0.16923076923076924,0.14241758241758243,0.45978021978021977
0.22824156305506216,0.16785079928952043,0.14520426287744229,0.4587033747779751
0.22496691662990737,0.16718129686810762,0.1482134980149978,0.45963828848698723
0.22385402759234535,0.17133956386292834,0.15220293724966621,0.45260347129506007
0.23043095866314864,0.167985927880387,0.14951627088830255,0.4520668425681618
0.22759538598047915,0.1699201419698314,0.15173025732031944,0.45075421472937
0.23346473937801138,0.16819973718791065,0.1445466491458607,0.45378887428821724
0.22280701754385965,0.16622807017543859,0.14605263157894738,0.4649122807017544
0.225692916849978,0.17421909370875496,0.1438627364716234,0.45622525296964367
0.22173144876325088,0.17270318021201414,0.14575971731448764,0.45980565371024734
0.21998247151621383,0.17002629272567923,0.1511831726555653,0.45880806310254163
0.2260907888937858,0.1736447774349934,0.1511679153812252,0.4490965182899956
0.22731277533039648,0.17665198237885463,0.15330396475770924,0.44273127753303965
0.22679045092838196,0.17639257294429708,0.15561450044208666,0.4412024756852343
0.22873512560599382,0.17849272807404143,0.15381225209343324,0.43895989422653153
0.2275132275132275,0.18298059964726632,0.15873015873015872,0.43077601410934746
0.22729286663712894,0.18298626495347806,0.16127603012848915,0.42844483828090385
0.22763507528786536,0.1771479185119575,0.1612046058458813,0.43401240035429584
0.22807794508414525,0.17936226749335696,0.16519043401240036,0.4273693534100974
0.226890756302521,0.17249004865103937,0.16585581601061478,0.43476337903582485
0.23487858719646798,0.17306843267108168,0.16423841059602648,0.4278145695364238
0.2322524101665206,0.1765994741454864,0.16608238387379493,0.42506573181419804
0.2318904593639576,0.17667844522968199,0.16519434628975266,0.42623674911660775
0.22383465259454705,0.1759014951627089,0.1706244503078276,0.42963940193491645
0.22411533420707733,0.17518567059851464,0.16863259065093927,0.4320664045434688
0.22894736842105262,0.17763157894736842,0.17149122807017544,0.4219298245614035
0.22689443714410862,0.1835304424003504,0.1738939991239597,0.41568112133158125
0.22133333333333333,0.18044444444444444,0.1817777777777778,0.41644444444444445
0.2293859649122807,0.1780701754385965,0.17982456140350878,0.41271929824561404
0.22635726795096323,0.17732049036777583,0.1808231173380035,0.4154991243432574
0.23076923076923078,0.17846153846153845,0.17978021978021977,0.41098901098901097
0.23134002618943691,0.1815800960279354,0.17939764295067656,0.4076822348319511
0.23275109170305677,0.1794759825327511,0.17685589519650655,0.4109170305676856
0.23586572438162545,0.17623674911660778,0.17226148409893993,0.41563604240282687
0.2331720193576771,0.17641882974043116,0.17509898812142544,0.41531016278046634
0.23555166374781086,0.17732049036777583,0.17381786339754815,0.4133099824868651
0.23925314806773773,0.17716022579244464,0.1715154146765089,0.4120712114633087
0.23654957759004003,0.17385504668741664,0.17563361493997331,0.41396176078257
0.23270163067430585,0.1771705597179374,0.17937417364477742,0.4107536359629793
0.23482849604221637,0.17985927880386984,0.1759014951627089,0.4094107299912049
0.23020017406440382,0.18059181897302,0.17928633594429938,0.40992167101827676
0.22995126273814798,0.17899867080194948,0.17899867080194948,0.412051395657953
0.23182018510356986,0.17893345085940943,0.18069634200088144,0.40855002203613927
0.24043956043956044,0.17802197802197803,0.18285714285714286,0.3986813186813187
0.24139452780229478,0.17828773168578993,0.176081200353045,0.4042365401588703
0.2376150811047786,0.17536168347216133,0.1731696624287593,0.41385357299430076
0.24253075571177504,0.17794376098418277,0.1757469244288225,0.4037785588752197
0.24583698510078877,0.18185801928133216,0.17703768624014024,0.39526730937773885
0.24900486510393632,0.17558602388323752,0.17823971693940735,0.39716939407341884
0.2518747243052492,0.17423908248786943,0.1799735333039259,0.39391265990295543
0.2546337157987643,0.176081200353045,0.1787290379523389,0.39055604589585174
0.25552608311229,0.17329796640141468,0.17595048629531387,0.3952254641909814
0.2545054945054945,0.16923076923076924,0.18153846153846154,0.39472527472527474
0.2572944297082228,0.16799292661361626,0.1755083996463307,0.39920424403183025
0.2554131683605833,0.16880247459125056,0.1789659743703049,0.39681838267786124
0.25961963732861565,0.167624944714728,0.18000884564352057,0.39274657231313576
0.262854609929078,0.1702127659574468,0.1750886524822695,0.39184397163120566
0.26696230598669624,0.16895787139689578,0.17339246119733925,0.39068736141906873
0.27087033747779754,0.1714031971580817,0.17317939609236235,0.3845470692717584
0.2728077945084145,0.1696191319751993,0.1762621789193977,0.38131089459698847
0.27472527472527475,0.1701098901098901,0.17714285714285713,0.378021978021978
0.2721685689201054,0.17120280948200176,0.1804214223002634,0.3762071992976295
0.2689562890276539,0.17528991971454058,0.17484388938447815,0.3809099018733274
0.2672566371681416,0.1663716814159292,0.1836283185840708,0.3827433628318584
0.27153476169654567,0.1674682990817665,0.18233493659816352,0.3786620026235243
0.27161572052401745,0.16812227074235808,0.18078602620087336,0.3794759825327511
0.2693498452012384,0.167624944714728,0.18089340999557718,0.38213180008845643
0.27140335392762577,0.16593115622241836,0.17740511915269197,0.3852603706972639
0.275,0.16622807017543859,0.175,0.38377192982456143
0.2788546255506608,0.17004405286343613,0.17136563876651983,0.37973568281938325
0.2781427945685502,0.16995181778361804,0.1686377573368375,0.3832676303109943
0.27851458885941643,0.16887709991158267,0.1724137931034483,0.3801945181255526
0.278391515687141,0.17145382235969953,0.16968625718073355,0.380468404772426
0.27480245829675154,0.17471466198419666,0.17471466198419666,0.37576821773485514
0.27200353825740825,0.17072091994692615,0.17823971693940735,0.3790358248562583
0.27276726792784867,0.17157941047074352,0.17729872415310163,0.3783545974483062
0.2740447957839262,0.1686429512516469,0.1743522178304787,0.38296003513394816
0.2759372275501308,0.17698343504795117,0.16782911944202267,0.3792502179598954
0.27151730257320317,0.17346938775510204,0.1699201419698314,0.38509316770186336
0.27463863337713534,0.17433201927288655,0.16819973718791065,0.38282961016206746
0.2791519434628975,0.1771201413427562,0.16607773851590105,0.37765017667844525
0.2783866725120561,0.17492327926348092,0.16615519508987286,0.38053485313459007
0.2652790079716563,0.17094774136403898,0.1705048715677591,0.3932683790965456
0.2696678321678322,0.17089160839160839,0.1743881118881119,0.38505244755244755
0.2750766535260622,0.1660096364432764,0.1721419185282523,0.3867717915024091
0.27132125497127707,0.17012814847547503,0.17764030048608043,0.3809102960671675
0.27126035761011774,0.16528565198430004,0.1796772786742259,0.3837767117313563
0.26622222222222225,0.168,0.18222222222222223,0.38355555555555554
0.2631346578366446,0.1629139072847682,0.18631346578366445,0.38763796909492276
0.26142355008787344,0.1634446397188049,0.18497363796133567,0.39015817223198596
0.2457293035479632,0.1712658782303986,0.19316688567674112,0.38983793254489707
0.24691901408450703,0.1756161971830986,0.1835387323943662,0.3939260563380282
0.2507767421216156,0.18153573013759433,0.1810918774966711,0.38659565024411896
0.25543237250554324,0.1827050997782705,0.18048780487804877,0.38137472283813745
0.24879120879120878,0.1832967032967033,0.1824175824175824,0.3854945054945055
0.24593048834139902,0.18653761548614167,0.18169819621645403,0.3858336999560053
0.2517699115044248,0.18849557522123894,0.17876106194690267,0.38097345132743365
0.25308098591549294,0.18705985915492956,0.176056338028169,0.38380281690140844
0.2498890368397692,0.19263204616067467,0.17665335108743896,0.3808255659121172
0.2563764291996482,0.18997361477572558,0.1759014951627089,0.3777484608619173
0.2571554381329811,0.18934390136503743,0.17657419638925584,0.3769264641127257
0.25539409951563186,0.18846323205636284,0.17393218846323205,0.38221047996477325
0.25906277630415564,0.1874447391688771,0.16489832007073385,0.3885941644562334
0.2590120160213618,0.1878059635068981,0.1593235425011126,0.3938584779706275
0.25769569041336854,0.18865435356200527,0.16182937554969218,0.391820580474934
0.25809312638580933,0.18669623059866963,0.16496674057649668,0.3902439024390244
0.24836316019205587,0.18725447402880838,0.1706678306416412,0.39371453513749455
0.24472759226713534,0.18365553602811951,0.17442882249560632,0.39718804920913886
0.24506795265234546,0.1850065760631302,0.17448487505480054,0.39544059622972383
0.24175824175824176,0.18285714285714286,0.17978021978021977,0.3956043956043956
0.2424507658643326,0.18336980306345732,0.17811816192560176,0.39606126914660833
0.2471315092674316,0.18358340688437777,0.17387466902030008,0.3954104148278906
0.24334932402965548,0.1853467073702573,0.17095508068033144,0.40034888791975576
0.24705882352941178,0.1877995642701525,0.16862745098039217,0.39651416122004357
0.24569155987627045,0.1855943437914273,0.16836058329650905,0.4003535130357932
0.2507685551163812,0.18533157663592445,0.1629336846728151,0.40096618357487923
0.2513274336283186,0.18495575221238938,0.16592920353982302,0.39778761061946905
0.2558037669732808,0.17696014016644765,0.1686377573368375,0.3985983355234341
0.2539612676056338,0.1800176056338028,0.16681338028169015,0.39920774647887325
0.2531812198332602,0.1816586222027205,0.17068889863975428,0.394471259324265
0.25054466230936817,0.1803921568627451,0.1721132897603486,0.39694989106753814
0.25857519788918204,0.1789797713280563,0.17018469656992086,0.3922603342128408
0.2601054481546573,0.17838312829525482,0.16827768014059755,0.39323374340949035
0.2590149516270888,0.1759014951627089,0.17150395778364116,0.3935795954265611
0.26382791922739246,0.17339771729587358,0.16988586479367868,0.3928884986830553
0.2658677319130049,0.17265867731913004,0.16866400355082112,0.39280958721704395
0.2595688517377915,0.17157941047074352,0.17465904091509019,0.3941926968763748
0.26128890837352037,0.17580008768084174,0.16834721613327489,0.394563787812363
0.2605820105820106,0.17504409171075838,0.16843033509700175,0.3959435626102293
0.2617893345085941,0.17188188629352139,0.1626267078007933,0.40370207139709124
0.26146384479717816,0.1728395061728395,0.16666666666666666,0.3990299823633157
0.26128890837352037,0.17229285401139852,0.16396317404647084,0.40245506356861027
0.27143491781430473,0.1701466015104398,0.16170590848511773,0.3967125721901377
0.2677787532923617,0.17603160667251974,0.16549604916593502,0.3906935908691835
0.27654867256637167,0.181858407079646,0.16106194690265488,0.3805309734513274
0.2760898282694848,0.1831792162043153,0.1571994715984148,0.38353148392778513
0.2687937062937063,0.1791958041958042,0.16083916083916083,0.39117132867132864
0.2612137203166227,0.1759014951627089,0.16578715919085313,0.3970976253298153
0.26240208877284593,0.17885117493472585,0.16362053959965187,0.3951261966927763
0.2659010600706714,0.17491166077738515,0.16475265017667845,0.39443462897526504
0.2666080070391553,0.16937967443906732,0.1658600967883854,0.398152221733392
0.26914563966356797,0.17220008853474988,0.16423196104471005,0.3944223107569721
0.2703881378107283,0.17139119058002616,0.1661578717836895,0.39206279982555603
0.28067078552515445,0.17122683142100617,0.16548984995586938,0.38261253309797
0.28174603174603174,0.1715167548500882,0.16710758377425045,0.37962962962962965
0.2795363352652697,0.1707534551939367,0.1680784663397236,0.38163174320107
0.2794568550153307,0.17082785808147175,0.164257555847569,0.3854577310556286
0.27994734532689775,0.17112768758227292,0.16498464238701185,0.38394032470381745
0.2845814977973568,0.16740088105726872,0.16211453744493393,0.3859030837004405
0.2775831873905429,0.17206654991243434,0.1646234676007005,0.38572679509632224
0.26928162185985016,0.17011899515204937,0.16527104451300131,0.3953283384750992
0.2734065934065934,0.17054945054945056,0.16439560439560438,0.39164835164835166
0.2732049036777583,0.1703152364273205,0.16856392294220665,0.38791593695271454
