C,D,Oc,Od
0.0,1.0,0.0,0.0
0.0,1.0,0.0,0.0
0.0,0.8,0.0,0.2
0.0,0.875,0.0,0.125
0.15384615384615385,0.6923076923076923,0.0,0.15384615384615385
0.19047619047619047,0.6190476190476191,0.09523809523809523,0.09523809523809523
0.21875,0.59375,0.0625,0.125
0.29545454545454547,0.5227272727272727,0.022727272727272728,0.1590909090909091
0.3333333333333333,0.49122807017543857,0.03508771929824561,0.14035087719298245
0.3918918918918919,0.4594594594594595,0.02702702702702703,0.12162162162162163
0.44,0.41,0.04,0.11
0.4580152671755725,0.3969465648854962,0.04580152671755725,0.09923664122137404
0.46296296296296297,0.38271604938271603,0.037037037037037035,0.11728395061728394
0.4947916666666667,0.3541666666666667,0.03125,0.11979166666666667
0.49783549783549785,0.329004329004329,0.030303030303030304,0.14285714285714285
0.4982078853046595,0.32616487455197135,0.035842293906810034,0.13978494623655913
0.5197568389057751,0.3009118541033435,0.0364741641337386,0.14285714285714285
0.5088161209068011,0.29219143576826195,0.037783375314861464,0.16120906801007556
0.48394004282655245,0.291220556745182,0.04925053533190578,0.17558886509635974
0.5018315018315018,0.2802197802197802,0.047619047619047616,0.17032967032967034
0.5008,0.2736,0.0496,0.176
0.5126760563380282,0.252112676056338,0.06338028169014084,0.17183098591549295
0.5057034220532319,0.2534854245880862,0.07351077313054499,0.16730038022813687
0.5056433408577878,0.24604966139954854,0.08013544018058691,0.16817155756207675
0.49047141424272817,0.25075225677031093,0.08324974924774323,0.17552657973921765
0.48088888888888887,0.24622222222222223,0.08977777777777778,0.1831111111111111
0.47029702970297027,0.2590759075907591,0.0891089108910891,0.18151815181518152
0.47480916030534354,0.24961832061068703,0.09236641221374046,0.183206106870229
0.47364672364672367,0.24358974358974358,0.09259259259259259,0.19017094017094016
0.47565043362241494,0.23949299533022014,0.09272848565710473,0.19212808539026016
0.4758576874205845,0.23189326556543838,0.09212198221092757,0.20012706480304956
0.4683698296836983,0.2305352798053528,0.09854014598540146,0.20255474452554745
0.46476412347117063,0.23529411764705882,0.09260337798485731,0.20733838089691323
0.47042564953012717,0.23438363736871198,0.09342177998894417,0.2017689331122167
0.4767752269087026,0.22851041110517886,0.08916177255739455,0.20555258942872398
0.4774358974358974,0.2230769230769231,0.09076923076923077,0.20871794871794871
0.4797195793690536,0.22033049574361543,0.09263895843765649,0.2073109664496745
0.4787701317715959,0.21473889702293802,0.09272816007808687,0.21376281112737922
0.48088721094856063,0.21378008494572912,0.09344030202925908,0.21189240207645116
0.4781382228490832,0.21861777150916784,0.09167842031029619,0.21156558533145275
0.4827586206896552,0.21839080459770116,0.09655172413793103,0.20229885057471264
0.48258478460128323,0.21769019248395968,0.09440879926672777,0.20531622364802934
0.476985559566787,0.22563176895306858,0.09566787003610108,0.20171480144404333
0.4817155756207675,0.2144469525959368,0.09571106094808127,0.20812641083521444
0.4788607031597686,0.21539830885625277,0.09924343569203382,0.2064975522919448
0.4769707705934455,0.21169176262178918,0.0987599645704163,0.21257750221434898
0.4732858414959929,0.21237756010685663,0.10106856634016029,0.21326803205699021
0.4750219106047327,0.20639789658194566,0.1021034180543383,0.21647677475898336
0.47735346358792186,0.21314387211367672,0.10257548845470693,0.2069271758436945
0.4742177170559718,0.22036139268400176,0.1000440722785368,0.20537681798148966
0.47795414462081126,0.21428571428571427,0.10008818342151675,0.20767195767195767
0.47105612019443216,0.21210782147591692,0.10517012814847547,0.21166593018117544
0.4704853519895059,0.21469173589855706,0.10056843025797989,0.21425448185395715
0.46863957597173145,0.2151060070671378,0.10114840989399293,0.2151060070671378
0.47568523430592397,0.21043324491600354,0.10477453580901856,0.20910698496905394
0.4680664916885389,0.2152230971128609,0.10804899387576553,0.20866141732283464
0.4668141592920354,0.21371681415929203,0.10929203539823008,0.21017699115044247
0.4704063604240283,0.2137809187279152,0.10865724381625441,0.20715547703180212
0.46190893169877406,0.21015761821366025,0.10945709281961472,0.21847635726795098
0.4660493827160494,0.20899470899470898,0.10978835978835978,0.21516754850088182
0.46502419709634846,0.20985481742190937,0.10910690717113947,0.21601407831060274
0.45866666666666667,0.20844444444444443,0.1111111111111111,0.22177777777777777
0.4587033747779751,0.20293072824156305,0.11412078152753108,0.22424511545293072
0.45628902765388046,0.19892952720785012,0.11953612845673506,0.22524531668153436
0.4574468085106383,0.1999113475177305,0.11303191489361702,0.2296099290780142
0.4524021352313167,0.19617437722419928,0.11743772241992882,0.23398576512455516
0.4493138556883577,0.18636564851704293,0.12439132359451084,0.23992917220008853
0.44893428063943164,0.19271758436944939,0.1216696269982238,0.2366785079928952
0.44879786286731965,0.19100623330365094,0.12422083704363313,0.23597506678539626
0.44900662251655626,0.19072847682119207,0.12362030905077263,0.23664459161147902
0.4505981391227293,0.1945059813912273,0.12051395657953035,0.23438192290651308
0.4353620613060862,0.19902265659706797,0.12483340737450022,0.24078187472234563
0.444,0.19733333333333333,0.12177777777777778,0.2368888888888889
0.4419938244375827,0.1980591089545655,0.11910013233348037,0.24084693427437143
0.45761207279183314,0.18908122503328895,0.12117177097203728,0.23213493120284065
0.46383165278386673,0.1863217886891714,0.1188075405523893,0.23103901797457255
0.4662549625055139,0.18703131892368768,0.12483458314953683,0.2218791354212616
0.46133567662565905,0.18409490333919157,0.12609841827768015,0.22847100175746923
0.46082337317397076,0.1845949535192563,0.12217795484727756,0.23240371845949534
0.4583516967827237,0.1886293521375055,0.12384310268840899,0.22917584839136185
0.4599734630694383,0.18222025652366208,0.12826183104820876,0.22954444935869084
0.45768719539211344,0.18254319893664156,0.12538768276473194,0.23438192290651308
0.45657894736842103,0.18026315789473685,0.12719298245614036,0.23596491228070177
0.4549867608120035,0.1849073256840247,0.12444836716681378,0.235657546337158
0.4582222222222222,0.17866666666666667,0.1302222222222222,0.2328888888888889
0.45963828848698723,0.1773268636965152,0.1239523599470666,0.23908248786943095
0.45139813581890814,0.17931646693297826,0.12605415002219264,0.243231247225921
0.45362637362637365,0.17582417582417584,0.12747252747252746,0.24307692307692308
0.4473569244211446,0.17868064657055482,0.12407164700742683,0.24989078200087375
0.4512141280353201,0.1739514348785872,0.12317880794701987,0.25165562913907286
0.4464521815777876,0.1749669457910974,0.12913177611282503,0.24944909651829
0.45217006200177146,0.1682905225863596,0.12488928255093003,0.2546501328609389
0.4514412416851441,0.17472283813747227,0.1237250554323725,0.2501108647450111
0.4516982796647552,0.17865019850022057,0.1301279223643582,0.23952359947066607
0.44659340659340657,0.1767032967032967,0.13274725274725274,0.24395604395604395
0.4448888888888889,0.17644444444444443,0.13244444444444445,0.24622222222222223
0.4503340757238307,0.16792873051224944,0.133184855233853,0.2485523385300668
0.453173546382601,0.16866400355082112,0.12339103417665336,0.2547714158899245
0.4488536155202822,0.17019400352733685,0.12213403880070546,0.2588183421516755
0.45490716180371354,0.16931918656056588,0.12157382847038019,0.2541998231653404
0.4591971768857521,0.17379797088663432,0.12174680194089105,0.24525805028672254
0.4530558015943313,0.17803365810451727,0.12577502214348982,0.24313551815766166
0.4557303370786517,0.17438202247191012,0.13348314606741574,0.23640449438202246
0.4520851818988465,0.1699201419698314,0.1326530612244898,0.2453416149068323
0.4570035460992908,0.16578014184397163,0.1347517730496454,0.2424645390070922
0.45800176834659595,0.16666666666666666,0.13351016799292661,0.24182139699381078
0.45314562252529694,0.16893972723273207,0.13594368675758908,0.24197096348438188
0.45349354695149086,0.16466399643969737,0.13885180240320427,0.24299065420560748
0.4563106796116505,0.15931156222418358,0.13901147396293026,0.24536628420123566
0.45410414827890555,0.16284201235657547,0.13945278022947927,0.2436010591350397
0.4480035103115402,0.1671785870996051,0.14480035103115402,0.24001755155770074
0.44973309608540923,0.16414590747330962,0.14501779359430605,0.2411032028469751
0.44766146993318484,0.16080178173719376,0.15055679287305124,0.24097995545657017
0.4454787234042553,0.16489361702127658,0.1449468085106383,0.24468085106382978
0.4505104305370617,0.1615623612960497,0.1442521083000444,0.2436750998668442
0.45168342807170964,0.16178399650196765,0.14341932662877133,0.2431132487975514
0.4520851818988465,0.1601597160603372,0.1419698314108252,0.24578527062999111
0.45522717247463607,0.15262461402734892,0.141155712395236,0.250992501102779
0.4593152512227657,0.14762116496220543,0.14762116496220543,0.24544241885282347
0.46651982378854623,0.14845814977973568,0.14052863436123347,0.2444933920704846
0.4693156732891832,0.1456953642384106,0.14083885209713023,0.24415011037527592
0.47097917589720867,0.14178112538768275,0.13912272928666372,0.24811696942844483
0.4731750219876869,0.14160070360598065,0.1376429199648197,0.24758135444151275
0.4808791208791209,0.13802197802197802,0.1345054945054945,0.2465934065934066
0.4715984147952444,0.14178775869660942,0.1334214002642008,0.2531924262439454
0.46760687527545175,0.14587924195680918,0.13309828118113706,0.25341560158660204
0.47506561679790027,0.14566929133858267,0.12817147856517935,0.2510936132983377
0.4800351031154015,0.14172882843352347,0.13075910487055725,0.24747696358051777
0.4727514399645547,0.1435533894550288,0.1284891448825875,0.25520602569782896
0.47902869757174393,0.14437086092715232,0.1293598233995585,0.24724061810154527
0.48083778966131907,0.13680926916221034,0.1270053475935829,0.2553475935828877
0.4869757174392936,0.13421633554083887,0.12185430463576159,0.25695364238410595
0.47163912460920054,0.1366681554265297,0.1237159446181331,0.2679767753461367
0.4771729587357331,0.13388937664618086,0.12554872695346794,0.2633889376646181
0.4788918205804749,0.1358839050131926,0.1266490765171504,0.25857519788918204
0.48171000440722783,0.13486117232260908,0.12208021154693698,0.2613486117232261
0.48081164534627263,0.13321570357300397,0.11954124393471548,0.26643140714600794
0.48381452318460194,0.12992125984251968,0.12292213473315836,0.26334208223972005
0.4845360824742268,0.12550425818018826,0.1214701927386822,0.26848946660690276
0.4872711031710585,0.12818222420723538,0.12014292094685128,0.26440375167485486
0.4840989399293286,0.1329505300353357,0.12146643109540636,0.26148409893992935
0.4875491480996068,0.1288772389689821,0.12057667103538663,0.26299694189602446
0.47914818101153506,0.13043478260869565,0.1233362910381544,0.2670807453416149
0.47930574098798395,0.12817089452603472,0.12060525144637294,0.2719181130396084
0.48994188645507375,0.12114438980777828,0.12248547161376844,0.2664282521233795
0.4886561954624782,0.12521815008726003,0.12172774869109948,0.2643979057591623
0.4907325684024713,0.12400706090026478,0.1204766107678729,0.264783759929391
0.48847517730496454,0.12234042553191489,0.12322695035460993,0.26595744680851063
0.4840989399293286,0.12367491166077739,0.12455830388692579,0.2676678445229682
0.4880847308031774,0.1204766107678729,0.1235657546337158,0.2678729037952339
0.48689471346068414,0.11550422034651266,0.12749888938249668,0.2701021768103065
0.48554913294797686,0.11560693641618497,0.12538906180524678,0.2734548688305914
0.49319877139096097,0.11452391399736726,0.12724879333040806,0.2650285212812637
0.4949759720401922,0.11314984709480122,0.127129750982962,0.26474442988204455
0.4968888888888889,0.11422222222222222,0.124,0.2648888888888889
0.5002192021043402,0.11135466900482245,0.12275317843051294,0.2656729504603244
0.4977718360071301,0.10739750445632798,0.12299465240641712,0.2718360071301248
0.49558693733451015,0.11297440423654016,0.11429832303618712,0.27714033539276256
0.493368700265252,0.11671087533156499,0.11671087533156499,0.27320954907161804
0.49319877139096097,0.11276875822729267,0.11891180342255375,0.27512066695919263
0.4940554821664465,0.10920299427564949,0.12593571114046676,0.27080581241743723
0.501974550241334,0.11364633611232997,0.11759543659499781,0.2667836770513383
0.5048330404217927,0.10896309314586995,0.11906854130052724,0.2671353251318102
0.5039787798408488,0.11273209549071618,0.11582670203359859,0.26746242263483644
0.5032938076416338,0.11023276240667546,0.11550285463328941,0.2709705753184014
0.4960035523978686,0.10701598579040852,0.12255772646536411,0.2744227353463588
0.4977797513321492,0.10879218472468917,0.12255772646536411,0.27087033747779754
0.49648197009674583,0.1059806508355321,0.12532981530343007,0.272207563764292
0.49448123620309054,0.10419426048565121,0.12097130242825607,0.2803532008830022
0.4955595026642984,0.1016873889875666,0.12122557726465365,0.28152753108348133
0.5013227513227513,0.10185185185185185,0.11816578483245149,0.2786596119929453
0.4966828836797877,0.10349402919062362,0.11985846970367094,0.2799646174259177
0.49387576552930884,0.10498687664041995,0.11854768153980752,0.28258967629046366
0.49222567747667706,0.1039537983118614,0.11683696135051089,0.28698356286095067
0.48664038545773103,0.10074463425317565,0.11826544021024968,0.2943495400788436
0.4843205574912892,0.1014808362369338,0.11672473867595819,0.29747386759581884
0.49514991181657847,0.1009700176366843,0.11552028218694885,0.28835978835978837
0.4928354320451585,0.09813287016934433,0.11159357359965262,0.29743812418584453
0.4962439239946973,0.0967741935483871,0.1104728236853734,0.2965090587715422
0.49933949801849403,0.09467195068251871,0.10700132100396301,0.2989872302950242
0.4960212201591512,0.09504862953138815,0.10610079575596817,0.30282935455349247
0.4903593339176161,0.09947414548641542,0.1016652059596845,0.30850131463628394
0.4957945993802568,0.1018149623727313,0.09915891987605135,0.30323151837096063
0.484526967285588,0.10565870910698497,0.10035366931918656,0.3094606542882405
0.4942273534635879,0.10346358792184725,0.09591474245115453,0.3063943161634103
0.48681269557443,0.10683951721054985,0.09789897183728208,0.30844881537773805
0.49625385632437197,0.10577346848832085,0.09122961657117673,0.30674305861613044
0.4995583038869258,0.09982332155477032,0.0896643109540636,0.31095406360424027
0.4900486510393631,0.1021671826625387,0.08978328173374613,0.31800088456435205
0.489086859688196,0.10244988864142539,0.0935412026726058,0.3149220489977728
0.49316879682679593,0.09784045835169679,0.09784045835169679,0.31115028646981047
0.4894366197183099,0.09815140845070422,0.09727112676056338,0.31514084507042256
0.48550087873462217,0.09710017574692442,0.09973637961335677,0.31766256590509667
0.4844995571302037,0.10186005314437556,0.0983170947741364,0.3153232949512843
0.48615384615384616,0.10461538461538461,0.09802197802197803,0.3112087912087912
0.4835454146555507,0.10443176831943835,0.10136024572180781,0.3106625713032032
0.4813022437307523,0.10866695996480423,0.10162780466344039,0.3084029916410031
0.483800350262697,0.10332749562171628,0.10070052539404553,0.31217162872154114
0.4839136183340679,0.09828118113706479,0.10224768620537682,0.31555751432349055
0.4882795223352499,0.09597523219814241,0.1021671826625387,0.31357806280406897
0.49170305676855897,0.09694323144104804,0.09912663755458516,0.31222707423580787
0.4904993371630579,0.09898365002209457,0.0958904109589041,0.31462660185594343
0.48986784140969164,0.09559471365638766,0.09779735682819383,0.31674008810572685
0.4863915715539947,0.10008779631255488,0.10052677787532924,0.31299385425812115
0.4837705646954202,0.1004891062694531,0.09648732770120054,0.3192530013339262
0.48464619492656874,0.102803738317757,0.09123275478415666,0.3213173119715176
0.4796279893711249,0.09920283436669619,0.09344552701505757,0.32772364924712133
0.4791111111111111,0.09955555555555555,0.09377777777777778,0.32755555555555554
0.491158267020336,0.09681697612732096,0.09106984969053934,0.3209549071618037
0.4876543209876543,0.09259259259259259,0.09171075837742504,0.328042328042328
0.48528765920070266,0.09442248572683355,0.09090909090909091,0.32938076416337286
0.48487544483985767,0.09252669039145907,0.08629893238434164,0.33629893238434166
0.48349687778768957,0.0927743086529884,0.08608385370205174,0.3376449598572703
0.4825174825174825,0.0930944055944056,0.08653846153846154,0.33784965034965037
0.47803392779469334,0.08916920400173989,0.09134406263592866,0.34145280556763813
0.48442299254058796,0.09082931110136025,0.08819657744624836,0.33655111891180345
0.4881578947368421,0.09342105263157895,0.08596491228070176,0.33245614035087717
0.4956063268892794,0.09358523725834798,0.08699472759226713,0.32381370826010547
0.498021978021978,0.09230769230769231,0.09142857142857143,0.31824175824175827
0.5013286093888397,0.08901682905225863,0.08945969884853854,0.3201948627103631
0.49624060150375937,0.09066784608580274,0.0880141530296329,0.32507739938080493
0.4920844327176781,0.08619173262972735,0.09146877748460862,0.3302550571679859
0.4902740937223696,0.08974358974358974,0.09283819628647215,0.3271441202475685
0.49412276882890727,0.08794079233783196,0.08968219416630388,0.3282542446669569
0.49382716049382713,0.0837742504409171,0.08774250440917107,0.33465608465608465
0.4835164835164835,0.0865934065934066,0.08747252747252747,0.3424175824175824
0.4869179600886918,0.08824833702882483,0.08736141906873614,0.3374722838137472
0.49444197421076036,0.08448199199644287,0.0871498443752779,0.3339261894175189
0.49345549738219896,0.08333333333333333,0.08551483420593368,0.337696335078534
0.49231444883618797,0.08563899868247694,0.0878348704435661,0.334211682037769
0.4879965080750764,0.08162374508948057,0.0907900480139677,0.3395896988214753
0.4769503546099291,0.08599290780141844,0.09219858156028368,0.3448581560283688
0.4844910441240716,0.08213193534294452,0.08693752730449979,0.34643949322848405
0.4835742444152431,0.08234778799824792,0.09154621112571178,0.3425317564607972
0.4787000439174352,0.08256477821695213,0.09090909090909091,0.34782608695652173
0.4801236749116608,0.08392226148409894,0.0887809187279152,0.3471731448763251
0.4738955823293173,0.08165997322623829,0.09103078982597054,0.3534136546184739
0.49209833187006147,0.08033362598770852,0.08823529411764706,0.33933274802458296
0.4783950617283951,0.08597883597883597,0.08641975308641975,0.3492063492063492
0.48157894736842105,0.0837719298245614,0.08903508771929824,0.3456140350877193
0.48401420959147423,0.08081705150976909,0.0905861456483126,0.34458259325044405
0.4782799473453269,0.08249232119350593,0.09126810004387889,0.3479596314172883
0.480777728678745,0.08484312859036677,0.0897039328325232,0.344675209898365
0.47144112478031636,0.08172231985940245,0.09182776801405976,0.35500878734622143
0.46964997784669915,0.08196721311475409,0.09260079751883031,0.35578201151971645
0.47587428065515713,0.0765825586542718,0.09119079238601151,0.3563523683045595
0.4848084544253633,0.07573756054601496,0.08850726552179657,0.3509467195068252
0.4826373626373626,0.07604395604395604,0.09186813186813186,0.34945054945054943
0.48033583738400354,0.07423773751657092,0.09544851966416261,0.3499779054352629
0.4720387494495817,0.07617789520035227,0.09907529722589167,0.3527080581241744
0.474034620505992,0.0758988015978695,0.09986684420772303,0.35019973368841545
0.4774814167031045,0.0765194578049847,0.10013117621337997,0.3458679492785308
0.47822261328640564,0.0774307083150022,0.10030796304443466,0.3440387153541575
0.4817939609236234,0.07371225577264653,0.0994671403197158,0.3450266429840142
0.49360388178209086,0.06969563299514778,0.09748566387295986,0.3392148213498015
0.48974247053688347,0.07245744216499345,0.09471846355303361,0.3430816237450895
0.4818698121450415,0.07295762341633902,0.09567496723460026,0.34949759720401924
0.4848218213814342,0.0730312362516498,0.09238891333040035,0.3497580290365156
0.4711326575583958,0.07712648743940062,0.09431467606875275,0.35742617893345086
0.46651982378854623,0.07488986784140969,0.09383259911894273,0.36475770925110135
0.46631205673758863,0.07579787234042554,0.09441489361702128,0.36347517730496454
0.47542448614834676,0.07506702412868632,0.09159964253798034,0.3579088471849866
0.47333627148523577,0.0753635962979286,0.09255178492728074,0.35874834728955485
0.4668131868131868,0.07648351648351648,0.09230769230769231,0.3643956043956044
0.4672566371681416,0.07035398230088495,0.0920353982300885,0.37035398230088495
0.4708461201227532,0.07628233231039018,0.09294169224024551,0.35992985532661115
0.46675531914893614,0.07358156028368794,0.08820921985815602,0.37145390070921985
0.46975717439293596,0.07417218543046358,0.08874172185430464,0.3673289183222958
0.4664891256102974,0.07456724367509987,0.08610741233910342,0.37283621837549935
0.45961369622475856,0.07506584723441616,0.08691834942932397,0.3784021071115013
0.4655248133509003,0.07729468599033816,0.08168642951251646,0.37549407114624506
0.4599287622439893,0.0761353517364203,0.08281389136242208,0.3811219946571683
0.45478723404255317,0.0775709219858156,0.08820921985815602,0.37943262411347517
0.45731977001326846,0.07607253427686864,0.08668730650154799,0.3799203892083149
0.455181460428509,0.07914298207258418,0.08482728465238304,0.38084827284652384
0.45517841601392517,0.0783289817232376,0.08485639686684072,0.3816362053959965
0.45085940943146763,0.07756721022476862,0.08638166593212869,0.3851917144116351
0.4462699822380107,0.0763765541740675,0.08259325044404973,0.3947602131438721
0.4478473146915224,0.0758988015978695,0.08078118064802485,0.3954727030625832
0.44858156028368795,0.07313829787234043,0.08421985815602837,0.39406028368794327
0.4474381625441696,0.07641342756183746,0.08613074204946997,0.39001766784452296
0.4474034620505992,0.07323568575233022,0.08433200177541056,0.39502885042166
0.4501523726599913,0.07270352633870265,0.08358728776665215,0.3935568132346539
0.4376387039502885,0.07634265423879272,0.08344429649356414,0.40257434531735464
0.4445426425099426,0.07423773751657092,0.08174988952717631,0.39946973044631023
0.44962604487461505,0.07259128904531456,0.08271007479102507,0.3950725912890453
0.45178335535006603,0.06957287538529282,0.08586525759577279,0.39277851166886835
0.45139813581890814,0.07101642254771416,0.08344429649356414,0.3941411451398136
0.4608619173262973,0.06772207563764292,0.08003518029903255,0.3913808267370273
0.46258802816901406,0.06734154929577464,0.0801056338028169,0.3899647887323944
0.4608888888888889,0.068,0.07777777777777778,0.3933333333333333
0.4535037461436756,0.0639048038783605,0.07756721022476862,0.40502423975319524
0.4482911673324456,0.06524633821571238,0.07944962272525521,0.4070128717265868
0.4486391571553995,0.0649692712906058,0.07638279192273925,0.4100087796312555
0.4453193350831146,0.06430446194225722,0.07830271216097988,0.4120734908136483
0.4406113537117904,0.06681222707423581,0.08253275109170306,0.4100436681222707
0.43411194358748345,0.06831203173204055,0.08417805200528868,0.4133979726751873
0.43741765480895917,0.07246376811594203,0.08519982433025912,0.4049187527448397
0.42782152230971127,0.07305336832895888,0.08486439195100612,0.4142607174103237
0.4301454385191714,0.07139709122961657,0.08373732921992066,0.41472014103129134
0.43083700440528633,0.07356828193832599,0.0828193832599119,0.4127753303964758
0.4315605928509154,0.07279860505666957,0.08413251961639058,0.4115082824760244
0.43120070113935144,0.07668711656441718,0.08019281332164768,0.4119193689745837
0.43551236749116606,0.0719964664310954,0.08171378091872791,0.4107773851590106
0.4343791427308882,0.07114449845338047,0.08528501988510827,0.4091913389306231
0.43227792436235707,0.06992084432717678,0.0870712401055409,0.41072999120492526
0.4333038869257951,0.06890459363957598,0.08480565371024736,0.4129858657243816
0.4417989417989418,0.06878306878306878,0.0855379188712522,0.4038800705467372
0.44056562085726914,0.06451612903225806,0.08837825894829872,0.4065399911621741
0.4437555358724535,0.06421612046058459,0.08813108945969884,0.4038972542072631
0.44390673119225693,0.06555213374395072,0.0818301803783546,0.4087109546854377
0.4438549955791335,0.06763925729442971,0.08311229000884174,0.40539345711759506
0.4384042086804033,0.06839105655414292,0.08198158702323542,0.4112231477422183
0.44008810572687224,0.06828193832599119,0.07929515418502203,0.4123348017621145
0.43480176211453747,0.07400881057268723,0.07488986784140969,0.41629955947136565
0.42857142857142855,0.072520751419834,0.07688947138488422,0.42201834862385323
0.42813186813186815,0.07384615384615385,0.07604395604395604,0.421978021978022
0.4302120141342756,0.07464664310954064,0.07950530035335689,0.41563604240282687
0.43348017621145374,0.07048458149779736,0.07533039647577093,0.42070484581497797
0.43077601410934746,0.07054673721340388,0.07142857142857142,0.42724867724867727
0.43520566121185317,0.06855373728438743,0.07076514816452897,0.4254754533392304
0.43402932030208796,0.07107952021323856,0.07107952021323856,0.4238116392714349
0.4361888111888112,0.0743006993006993,0.06774475524475525,0.42176573426573427
0.4411504424778761,0.0743362831858407,0.06415929203539823,0.42035398230088494
0.42580361074416556,0.07617789520035227,0.06825187142228094,0.42976662263320126
0.43324607329842935,0.07547993019197208,0.06675392670157068,0.4245200698080279
0.4273656152820968,0.07641048422923145,0.06619280319857841,0.4300310972900933
0.4269366197183099,0.07042253521126761,0.0625,0.44014084507042256
0.4239082487869431,0.070577856197618,0.06440229378032643,0.4411116012351125
0.42561619718309857,0.07174295774647887,0.061179577464788734,0.4414612676056338
0.4288224956063269,0.07249560632688928,0.06107205623901582,0.437609841827768
0.4224857268335529,0.06938954765041722,0.06324110671936758,0.4448836187966623
0.42788250767207364,0.07145988601490574,0.06313020604997809,0.43752740026304254
0.4298362107127047,0.0703851261620186,0.06418769366976539,0.4355909694555113
0.43190832966064346,0.07051564565888056,0.05861613045394447,0.43895989422653153
0.43876651982378856,0.06607929515418502,0.06211453744493392,0.4330396475770925
0.4348210340256297,0.06584180291648255,0.0618647812638091,0.43747238179407866
0.4288849868305531,0.06540825285338016,0.06409130816505706,0.44161545215100967
0.4311562224183583,0.0648720211827008,0.06575463371579876,0.4382171226831421
0.4318686196182867,0.06258322237017311,0.06657789613848203,0.43897026187305815
0.4360313315926893,0.060922541340295906,0.06744995648389904,0.4355961705831157
0.44014084507042256,0.05941901408450704,0.06866197183098592,0.4317781690140845
0.4339042599912165,0.057971014492753624,0.06895037329819939,0.43917435221783047
0.4348981399468556,0.05181576616474756,0.06997342781222321,0.4433126660761736
0.4356479433878815,0.05042016806722689,0.06988058381247236,0.44405130473241927
0.4280070237050044,0.053555750658472345,0.07023705004389816,0.4482001755926251
0.43382997370727433,0.05083260297984225,0.07142857142857142,0.443908851884312
0.42813186813186815,0.05054945054945055,0.07252747252747253,0.4487912087912088
0.43441901408450706,0.05017605633802817,0.07394366197183098,0.4414612676056338
0.4319395017793594,0.05516014234875445,0.074288256227758,0.4386120996441281
0.43719912472647704,0.05733041575492341,0.07133479212253829,0.43413566739606124
0.44327176781002636,0.059366754617414245,0.06992084432717678,0.42744063324538256
0.4417989417989418,0.06084656084656084,0.07054673721340388,0.42680776014109345
0.4442964935641367,0.05992010652463382,0.07057256990679095,0.42521083000443854
0.43994720633523976,0.06071271447426309,0.07171139463264409,0.4276286845578531
0.44380275433140826,0.061750333185251,0.06663705019991115,0.4278098622834296
0.44165565830030823,0.06164685160722149,0.06869220607661823,0.42800528401585203
0.44240035041611914,0.06263688129653965,0.07095926412614981,0.4240035041611914
0.44551422319474837,0.061706783369803064,0.07177242888402625,0.4210065645514223
0.4477545575811472,0.06047132058692752,0.07247665629168519,0.4192974655402401
0.4503311258278146,0.060044150110375276,0.06975717439293598,0.4198675496688742
0.4368932038834951,0.06045895851721095,0.06751985878199471,0.4351279788172992
0.4420226678291194,0.06408020924149957,0.06538796861377506,0.42850915431560593
0.4410596026490066,0.0640176600441501,0.06534216335540839,0.4295805739514349
0.44121532364597094,0.06340819022457067,0.06605019815059446,0.42932628797886396
0.43849557522123894,0.06504424778761062,0.06548672566371681,0.43097345132743364
0.4352992957746479,0.0664612676056338,0.0664612676056338,0.4317781690140845
0.4294478527607362,0.06397896581945661,0.0705521472392638,0.4360210341805434
0.4223493180818302,0.06291245050593929,0.0730312362516498,0.4417069951605807
0.4253433761630483,0.061586176340274704,0.07044749667700487,0.4426229508196721
0.4224669603524229,0.06343612334801763,0.07092511013215859,0.4431718061674009
0.4177992108724244,0.06269180184129768,0.06926786497150372,0.4502411223147742
0.42089026002644336,0.0625826355222565,0.06610841780520053,0.45041868664609963
0.4177992108724244,0.06707584392810172,0.06707584392810172,0.4480491012713722
0.4197802197802198,0.06373626373626373,0.06681318681318682,0.44967032967032966
0.41367066134043495,0.06347092765201953,0.06702174877940524,0.45583666222814023
0.42021276595744683,0.06205673758865248,0.06427304964539007,0.45345744680851063
0.4191852825229961,0.06044678055190539,0.06482698204117389,0.45554095488392465
0.4198943661971831,0.06073943661971831,0.0664612676056338,0.4529049295774648
0.417693661971831,0.05941901408450704,0.06910211267605634,0.4537852112676056
0.41972578505086244,0.06368863334807608,0.06988058381247236,0.44670499778858913
0.41655716162943496,0.06263688129653965,0.07227332457293036,0.44853263250109504
0.4121561668145519,0.06521739130434782,0.07142857142857142,0.45119787045252885
0.40903054448871184,0.0650730411686587,0.06994245241257194,0.45595396193005755
0.4089086859688196,0.066815144766147,0.06592427616926504,0.45835189309576835
0.41043478260869565,0.06521739130434782,0.06869565217391305,0.45565217391304347
0.4125998225377107,0.06610470275066549,0.06832298136645963,0.45297249334516415
0.4129572498898193,0.06478624944909651,0.07227853680035258,0.4499779638607316
0.41626373626373625,0.06241758241758242,0.06945054945054945,0.45186813186813185
0.41545893719806765,0.05928853754940711,0.06982872200263504,0.4554238032498902
0.4181015452538631,0.05739514348785872,0.06710816777041943,0.4573951434878587
0.42105263157894735,0.056578947368421055,0.0662280701754386,0.45614035087719296
0.41644794400699914,0.05861767279090114,0.06342957130358705,0.46150481189851267
0.41640935156594616,0.05778561976179974,0.06572562858403176,0.46007940008822235
0.4221729490022173,0.056762749445676275,0.06208425720620843,0.458980044345898
0.42611380679311867,0.05910895456550507,0.06043228936921041,0.45434494927216584
0.41970963484381874,0.05763308402991641,0.062032556093268805,0.46062472503299606
0.42060660124888494,0.061106155218554864,0.057091882247992866,0.46119536128456734
0.41793041926851027,0.05976806422836753,0.056199821587867974,0.4661016949152542
0.4172566371681416,0.06283185840707965,0.05575221238938053,0.46415929203539824
0.41759218125277653,0.06441581519324745,0.05952909817858729,0.4584629053753887
0.41557305336832895,0.07174103237095363,0.0594925634295713,0.4531933508311461
0.4140795802361172,0.069960647135986,0.05684302579798863,0.45911674682990816
0.41622103386809267,0.06907308377896614,0.06060606060606061,0.45409982174688057
0.4129287598944591,0.06948109058927,0.06288478452066842,0.4547053649956025
0.4239226033421284,0.06640281442392261,0.06288478452066842,0.4467897977132806
0.423728813559322,0.06512042818911686,0.06601248884924175,0.4451382694023194
0.41921204072598495,0.0681717574147853,0.06108897742363878,0.45152722443559096
0.4273204903677758,0.0647985989492119,0.06217162872154115,0.4457092819614711
0.4239894551845343,0.0672231985940246,0.059314586994727594,0.44947275922671354
0.4201235657546337,0.06840247131509268,0.058693733451015,0.4527802294792586
0.417693661971831,0.06470070422535211,0.05765845070422535,0.45994718309859156
0.4204696499778467,0.0664599025254763,0.05449712007089056,0.45857332742578644
0.41762621789193977,0.0637732506643047,0.05713020372010629,0.46147032772364927
0.41094091903719915,0.06695842450765864,0.05776805251641138,0.4643326039387308
0.4195274186357557,0.06464556397681677,0.05751226036558181,0.45831475702184576
0.4182776801405975,0.06678383128295255,0.056678383128295255,0.45826010544815465
0.4088300220750552,0.0684326710816777,0.060927152317880796,0.4618101545253863
0.40974967061923584,0.06455862977602109,0.061484409310496264,0.4642072902942468
0.41040462427745666,0.06536238328145842,0.06047132058692752,0.4637616718541574
0.416,0.06533333333333333,0.059111111111111114,0.45955555555555555
0.41903099083369705,0.06591008293321693,0.055870798777826275,0.4591881274552597
0.4114583333333333,0.06553819444444445,0.05946180555555555,0.4635416666666667
0.3985983355234341,0.07095926412614981,0.060884800700832235,0.4695575996495839
0.4005305039787798,0.07250221043324491,0.060123784261715295,0.46684350132625996
0.39637649138311976,0.07158638974812197,0.05877154220061865,0.4732655766681396
0.3997373029772329,0.07224168126094571,0.0595446584938704,0.46847635726795095
0.4028393966282165,0.07364685004436557,0.05856255545696539,0.4649511978704525
0.40379523389232125,0.06928508384819064,0.059576345984112974,0.4673433362753751
0.4045734388742304,0.06992084432717678,0.05760773966578716,0.4678979771328056
0.39630931458699475,0.07117750439367311,0.05843585237258348,0.4740773286467487
0.40203449800973023,0.06855373728438743,0.06015037593984962,0.46926138876603274
0.40203000882612533,0.0648720211827008,0.06090026478375993,0.47219770520741394
0.3975481611208406,0.06436077057793345,0.06042031523642732,0.4776707530647986
0.3966652040368583,0.06537955243527863,0.05923650724001755,0.47871873628784556
0.39101423487544484,0.06717081850533808,0.06316725978647687,0.4786476868327402
0.38922675933970463,0.0686359687228497,0.06255430060816682,0.4795829713292789
0.3869698294709226,0.06733712286838653,0.06515085264538698,0.4805421950153039
0.38796133567662566,0.06942003514938488,0.0672231985940246,0.47539543057996486
0.39681838267786124,0.07114449845338047,0.0627485638532921,0.4692885550154662
0.3912087912087912,0.07296703296703297,0.06197802197802198,0.47384615384615386
0.38393645189761694,0.07105030891438659,0.06354810238305383,0.48146513680494263
0.39055604589585174,0.06884377758164166,0.06398940864960283,0.4766107678729038
0.38290293855743546,0.06767586821015138,0.06589492430988424,0.4835262689225289
0.38396811337466785,0.0633303808680248,0.06465899025686449,0.48804251550044286
0.38793483047115807,0.06472919418758256,0.06737120211360634,0.479964773227653
0.386103781882146,0.06288478452066842,0.06640281442392261,0.484608619173263
0.38861716318363715,0.06402845709204091,0.06625166740773678,0.48110271231658513
0.38913427561837455,0.06625441696113074,0.06537102473498234,0.4792402826855124
0.3881057268722467,0.06431718061674009,0.06784140969162995,0.4797356828193833
0.3844789356984479,0.06873614190687362,0.06518847006651884,0.4815964523281596
0.3816489361702128,0.07047872340425532,0.06382978723404255,0.48404255319148937
0.38204225352112675,0.06690140845070422,0.0625,0.488556338028169
0.38214599824098505,0.0633245382585752,0.06640281442392261,0.48812664907651715
0.38879082082965577,0.06090026478375993,0.06531332744924978,0.4849955869373345
0.3861646234676007,0.05823117338003503,0.06873905429071804,0.4868651488616462
0.38345864661654133,0.05616983635559487,0.07164971251658558,0.48872180451127817
0.37969094922737306,0.05783664459161148,0.0706401766004415,0.49183222958057393
0.38045375218150085,0.055410122164048864,0.06806282722513089,0.49607329842931935
0.3860648553900088,0.054776511831726556,0.07099035933391762,0.48816827344434705
0.3805970149253731,0.053994732221246705,0.07111501316944688,0.4942932396839333
0.3820026466696074,0.05910895456550507,0.070577856197618,0.4883105425672695
0.37627268702965916,0.06020362992474546,0.06994245241257194,0.49358123063302345
0.3734093900833699,0.0596752961825362,0.06845107503290918,0.4984642387011847
0.3709748566387296,0.05866784296426996,0.06969563299514778,0.5006616674018527
0.36923076923076925,0.06197802197802198,0.06945054945054945,0.49934065934065935
0.36900044033465434,0.06252752091589608,0.07397622192866579,0.4944958168207838
0.3591641271223335,0.06399651719634306,0.08141053548106225,0.4954288202002612
0.35528060097216085,0.0627485638532921,0.08130799823243483,0.5006628369421122
0.3510167992926614,0.0610079575596817,0.08443854995579134,0.5035366931918656
0.3627537511032657,0.05692850838481906,0.0820829655781112,0.4982347749338041
0.3612565445026178,0.05759162303664921,0.07984293193717278,0.5013089005235603
0.36174911660777387,0.05962897526501767,0.08259717314487633,0.4960247349823322
0.3569230769230769,0.06153846153846154,0.08131868131868132,0.5002197802197802
0.34769094138543516,0.06616341030195382,0.08703374777975133,0.4991119005328597
0.3562913907284768,0.06357615894039735,0.08520971302428255,0.4949227373068433
0.35055187637969093,0.06666666666666667,0.0847682119205298,0.49801324503311256
0.3526805494018609,0.06823216659282233,0.08373947718210013,0.49534780682321666
0.35135135135135137,0.06601683650863979,0.08329641116526362,0.4993354009747452
0.35100788781770376,0.06266432953549518,0.08282208588957055,0.5035056967572304
0.3459483526268923,0.0609973285841496,0.08459483526268922,0.5084594835262689
0.3487858719646799,0.058719646799116995,0.08388520971302428,0.5086092715231788
0.34759594177326864,0.05910895456550507,0.08160564622849581,0.5116894574327305
0.351363236587511,0.05980650835532102,0.08179419525065963,0.5070360598065083
0.35200705778561975,0.05955006616674018,0.08072342302602559,0.5077194530216145
0.3536423841059603,0.059161147902869755,0.07770419426048565,0.5094922737306843
0.354541465555068,0.06230802983764809,0.07459412022817025,0.5085563843791137
0.35853227232537577,0.060123784261715295,0.07471264367816093,0.506631299734748
0.35808435852372583,0.059314586994727594,0.07601054481546574,0.5065905096660809
0.359347442680776,0.06084656084656084,0.07627865961199294,0.5035273368606702
0.35606731620903453,0.060673162090345435,0.07573073516386182,0.5075287865367581
0.360352422907489,0.05991189427312775,0.07797356828193833,0.5017621145374449
0.36811977102597976,0.06120651695288419,0.07705856450902686,0.4936151475121092
0.373114463176575,0.06566104702750665,0.08074534161490683,0.48047914818101156
0.3751099384344767,0.06420404573438875,0.0773966578715919,0.48328935795954264
0.37510955302366344,0.06485539000876424,0.07975460122699386,0.4802804557405784
0.3731408573928259,0.0673665791776028,0.0752405949256343,0.484251968503937
0.37681159420289856,0.0663153271848924,0.07509881422924901,0.48177426438296006
0.37730870712401055,0.0633245382585752,0.07211961301671065,0.4872471416007036
0.3763724198506807,0.06324110671936758,0.07026789635485288,0.4901185770750988
0.37367957746478875,0.06602112676056338,0.0721830985915493,0.48811619718309857
0.3789752650176678,0.06846289752650177,0.06934628975265017,0.4832155477031802
0.37912813738441214,0.07001321003963012,0.07001321003963012,0.4808454425363276
0.37424111014744144,0.07111882046834345,0.0745880312228968,0.4800520381613183
0.36971830985915494,0.06910211267605634,0.0761443661971831,0.4850352112676056
0.36291739894551844,0.07073813708260106,0.07601054481546574,0.4903339191564148
0.3665637406263785,0.06837229819144243,0.07498897220996913,0.49007498897220997
0.36881296539640823,0.06614104248795445,0.07577748576434516,0.48926850635129215
0.3709043250327654,0.06946264744429882,0.072520751419834,0.4871122761031018
0.36902654867256635,0.06637168141592921,0.0747787610619469,0.48982300884955754
0.3696035242290749,0.07092511013215859,0.07400881057268723,0.48546255506607927
0.36581045172719223,0.06687333923826395,0.07705934455270151,0.49025686448184236
0.36363636363636365,0.06563192904656319,0.07849223946784922,0.49223946784922396
0.3643581826202029,0.0674900749889722,0.07631230701367446,0.4918394353771504
0.36435469710272167,0.06672519754170325,0.07901668129938542,0.48990342405618964
