C,D,Oc,Od
1.0,0.0,0.0,0.0
0.6666666666666666,0.0,0.0,0.3333333333333333
0.5714285714285714,0.0,0.0,0.42857142857142855
0.5185185185185185,0.07407407407407407,0.0,0.4074074074074074
0.5,0.08,0.04,0.38
0.4943820224719101,0.11235955056179775,0.0449438202247191,0.34831460674157305
0.44285714285714284,0.14285714285714285,0.1,0.3142857142857143
0.44075829383886256,0.14691943127962084,0.12796208530805686,0.2843601895734597
0.45,0.16666666666666666,0.13666666666666666,0.24666666666666667
0.4368932038834951,0.18689320388349515,0.14563106796116504,0.23058252427184467
0.4186471663619744,0.20475319926873858,0.14076782449725778,0.23583180987202926
0.38472622478386165,0.22910662824207492,0.15417867435158503,0.23198847262247838
0.3866513233601841,0.23245109321058688,0.1622554660529344,0.2186421173762946
0.36625119846596355,0.23106423777564716,0.18024928092042186,0.2224352828379674
0.3648103309120258,0.23405972558514931,0.17998385794995964,0.22114608555286522
0.3624393624393624,0.23492723492723494,0.1864171864171864,0.21621621621621623
0.3395432692307692,0.234375,0.19891826923076922,0.22716346153846154
0.32672737011247993,0.2351365827530798,0.2088912694161757,0.2292447777182646
0.3098868666994589,0.23856369896704377,0.21839645843580915,0.23315297589768816
0.29542302357836336,0.23485899214054554,0.2311604253351826,0.23855755894590847
0.29063604240282687,0.2310070671378092,0.22968197879858657,0.24867491166077738
0.2879045996592845,0.23253833049403747,0.2270017035775128,0.25255536626916525
0.2826267664172901,0.2373233582709892,0.22693266832917705,0.25311720698254364
0.2764393630053083,0.24050632911392406,0.23111474071049407,0.2519395671702736
0.2704554615074567,0.24667472793228537,0.2317613865376864,0.25110842402257155
0.27032438926712055,0.24989987985582698,0.22587104525430515,0.2539046856227473
0.2653061224489796,0.25290116046418565,0.2272909163665466,0.2545018007202881
0.2698158526821457,0.2510008006405124,0.22457966373098479,0.2546036829463571
0.2744,0.2488,0.224,0.2528
0.2773109243697479,0.2501000400160064,0.22849139655862344,0.24409763905562226
0.2828,0.2456,0.2244,0.2472
0.28273928714457347,0.24829795754905887,0.22867440929114938,0.24028834601521826
0.2804,0.2508,0.2312,0.2376
0.2844,0.25,0.2292,0.2364
0.2832,0.2456,0.234,0.2372
0.2797118847539016,0.2420968387354942,0.2388955582232893,0.2392957182873149
0.2736,0.2436,0.2432,0.2396
0.2746196957566053,0.24499599679743794,0.24739791833466773,0.23298638911128902
0.2746196957566053,0.23819055244195356,0.2502001601281025,0.23698959167333866
0.2712,0.234,0.2532,0.2416
0.26941553242594074,0.23298638911128902,0.25060048038430743,0.24699759807846278
0.26701361088871095,0.23298638911128902,0.24499599679743794,0.25500400320256206
0.26290516206482595,0.2336934773909564,0.2456982793117247,0.25770308123249297
0.2584,0.2388,0.2484,0.2544
0.254,0.246,0.254,0.246
0.2564,0.2416,0.2596,0.2424
0.2556,0.2432,0.2564,0.2448
0.2524,0.2468,0.2568,0.244
0.2536,0.2476,0.2532,0.2456
0.2576,0.2456,0.2508,0.246
0.25970388155262103,0.24329731892757103,0.25250100040016005,0.24449779911964786
0.2549019607843137,0.24769907963185275,0.2537014805922369,0.24369747899159663
0.2576,0.2472,0.2488,0.2464
0.25980784627702164,0.2433947157726181,0.2477982385908727,0.24899919935948758
0.2533013205282113,0.24689875950380152,0.24449779911964786,0.2553021208483393
0.24809923969587835,0.2424969987995198,0.24729891956782712,0.2621048419367747
0.24489795918367346,0.2420968387354942,0.25170068027210885,0.2613045218087235
0.244,0.2464,0.2472,0.2624
0.244,0.25,0.2448,0.2612
0.2456,0.2536,0.2432,0.2576
0.248,0.2548,0.2416,0.2556
0.2472,0.248,0.242,0.2628
0.2476,0.25,0.2468,0.2556
0.2492,0.2532,0.2408,0.2568
0.25130052020808324,0.2537014805922369,0.24409763905562226,0.25090036014405764
0.2492,0.2516,0.2436,0.2556
0.2504,0.242,0.2496,0.258
0.248,0.2356,0.2524,0.264
0.2508,0.2336,0.248,0.2676
0.246,0.2344,0.254,0.2656
0.2456,0.2336,0.252,0.2688
0.244,0.2416,0.2504,0.264
0.23809523809523808,0.2452981192476991,0.25130052020808324,0.2653061224489796
0.2336934773909564,0.24089635854341737,0.25610244097639057,0.2693077230892357
0.2276,0.2404,0.258,0.274
0.2316,0.2388,0.258,0.2716
0.2308923569427771,0.24129651860744297,0.25730292116846737,0.27050820328131253
0.2328,0.2332,0.2596,0.2744
0.2344,0.2264,0.2652,0.274
0.2348,0.2348,0.2612,0.2692
0.2356,0.238,0.2608,0.2656
0.2353883106485188,0.2389911929543635,0.26301040832666134,0.2626100880704564
0.23489395758303322,0.2336934773909564,0.2665066026410564,0.264905962384954
0.23129251700680273,0.23569427771108442,0.2665066026410564,0.2665066026410564
0.2296,0.2372,0.2656,0.2676
0.2264905962384954,0.23969587835134054,0.27090836334533813,0.26290516206482595
0.2348,0.2364,0.262,0.2668
0.2476,0.236,0.2548,0.2616
0.24449779911964786,0.23969587835134054,0.25130052020808324,0.26450580232092835
0.2477982385908727,0.2377902321857486,0.2566052842273819,0.2578062449959968
0.2504,0.244,0.2532,0.2524
0.2508,0.242,0.2564,0.2508
0.2508,0.2416,0.2572,0.2504
0.2533013205282113,0.2388955582232893,0.2553021208483393,0.25250100040016005
0.2548,0.238,0.258,0.2492
0.2556,0.24,0.2596,0.2448
0.25610244097639057,0.2392957182873149,0.25610244097639057,0.24849939975990396
0.2572,0.2384,0.2572,0.2472
0.2624,0.2324,0.2596,0.2456
0.26330532212885155,0.23769507803121248,0.25170068027210885,0.24729891956782712
0.2656,0.2416,0.2456,0.2472
0.2609043617446979,0.24329731892757103,0.2452981192476991,0.250500200080032
0.2584,0.2468,0.2476,0.2472
0.2572,0.2536,0.242,0.2472
0.25750901081297556,0.2511013215859031,0.24749699639567482,0.24389267120544653
0.25690276110444177,0.2424969987995198,0.2501000400160064,0.250500200080032
0.25570228091236497,0.24769907963185275,0.24649859943977592,0.2501000400160064
0.25250100040016005,0.25170068027210885,0.24649859943977592,0.24929971988795518
0.25,0.254,0.2464,0.2496
0.2510008006405124,0.24299439551641314,0.25740592473979185,0.24859887910328263
0.2496,0.2444,0.2576,0.2484
0.25350420504605525,0.24829795754905887,0.24909891870244294,0.24909891870244294
0.2488,0.2524,0.2464,0.2524
0.2544,0.2504,0.242,0.2532
0.25290116046418565,0.24809923969587835,0.24329731892757103,0.25570228091236497
0.2476,0.2488,0.2476,0.256
0.2452981192476991,0.25090036014405764,0.24769907963185275,0.25610244097639057
0.246,0.2468,0.2512,0.256
0.24689875950380152,0.24649859943977592,0.25210084033613445,0.2545018007202881
0.254,0.2504,0.2488,0.2468
0.256,0.2452,0.2548,0.244
0.2464,0.2532,0.2532,0.2472
0.2444,0.2532,0.254,0.2484
0.2476,0.2536,0.2516,0.2472
0.2452,0.2472,0.258,0.2496
0.2444,0.2452,0.2644,0.246
0.2436,0.254,0.2604,0.242
0.2508,0.2528,0.2536,0.2428
0.2488,0.2524,0.25,0.2488
0.2496,0.248,0.2612,0.2412
0.2488,0.2512,0.2572,0.2428
0.250500200080032,0.24889955982392958,0.25250100040016005,0.24809923969587835
0.24969987995198079,0.2501000400160064,0.25290116046418565,0.24729891956782712
0.24899919935948758,0.2530024019215372,0.2522017614091273,0.24579663730984788
0.2539046856227473,0.24949939927913498,0.24829795754905887,0.24829795754905887
0.25250100040016005,0.25290116046418565,0.25210084033613445,0.2424969987995198
0.2552,0.2548,0.2436,0.2464
0.2527032438926712,0.25871045254305164,0.23788546255506607,0.25070084100921103
0.25,0.2608,0.2388,0.2504
0.24619695756605284,0.2634107285828663,0.23738991192954365,0.2530024019215372
0.250500200080032,0.2553021208483393,0.24289715886354543,0.25130052020808324
0.2512,0.2564,0.242,0.2504
0.2527032438926712,0.25830997196635963,0.2406888265919103,0.24829795754905887
0.2460984393757503,0.25690276110444177,0.2424969987995198,0.2545018007202881
0.2408,0.2612,0.2408,0.2572
0.2392,0.2628,0.2432,0.2548
0.2384,0.2636,0.2464,0.2516
0.2392,0.2644,0.2456,0.2508
0.234,0.2628,0.2492,0.254
0.238,0.2624,0.248,0.2516
0.24089635854341737,0.26330532212885155,0.24689875950380152,0.24889955982392958
0.2456,0.2632,0.2456,0.2456
0.2408,0.2624,0.244,0.2528
0.23378702962369896,0.2622097678142514,0.24699759807846278,0.2570056044835869
0.2364,0.2616,0.2436,0.2584
0.23729491796718688,0.26450580232092835,0.2452981192476991,0.25290116046418565
0.2352,0.262,0.2492,0.2536
0.23769507803121248,0.2621048419367747,0.2501000400160064,0.2501000400160064
0.23969587835134054,0.2621048419367747,0.25210084033613445,0.2460984393757503
0.2424969987995198,0.2621048419367747,0.25130052020808324,0.24409763905562226
0.2456982793117247,0.2617046818727491,0.24489795918367346,0.24769907963185275
0.2468,0.2572,0.2484,0.2476
0.24449779911964786,0.2553021208483393,0.2545018007202881,0.2456982793117247
0.2448,0.2564,0.248,0.2508
0.2460984393757503,0.2609043617446979,0.24049619847939174,0.25250100040016005
0.24049619847939174,0.2653061224489796,0.24049619847939174,0.2537014805922369
0.2428,0.2664,0.2452,0.2456
0.2476,0.2624,0.244,0.246
0.2472,0.2676,0.244,0.2412
0.24819855884707767,0.2698158526821457,0.24379503602882305,0.23819055244195356
0.2501000400160064,0.27490996398559425,0.24049619847939174,0.2344937975190076
0.244,0.2704,0.2416,0.244
0.24369747899159663,0.27050820328131253,0.24009603841536614,0.2456982793117247
0.24299439551641314,0.26861489191353083,0.2433947157726181,0.24499599679743794
0.2412,0.2676,0.2456,0.2456
0.2436,0.2664,0.2388,0.2512
0.24699759807846278,0.2658126501200961,0.23618895116092875,0.2510008006405124
0.2388,0.2668,0.24,0.2544
0.23258606885508407,0.2682145716573259,0.24499599679743794,0.25420336269015215
0.2356,0.2672,0.2456,0.2516
0.2372,0.2684,0.2464,0.248
0.23418734987990392,0.2702161729383507,0.2433947157726181,0.2522017614091273
0.23418734987990392,0.2702161729383507,0.2465972778222578,0.24899919935948758
0.23609443777511005,0.26770708283313327,0.25210084033613445,0.24409763905562226
0.23729491796718688,0.2661064425770308,0.24769907963185275,0.24889955982392958
0.2344937975190076,0.26770708283313327,0.24769907963185275,0.2501000400160064
0.2356,0.2692,0.2484,0.2468
0.2364,0.2664,0.2476,0.2496
0.2384,0.2716,0.2488,0.2412
0.2452981192476991,0.27090836334533813,0.24409763905562226,0.23969587835134054
0.2456982793117247,0.27130852340936373,0.24369747899159663,0.2392957182873149
0.2504,0.2724,0.2388,0.2384
0.25180144115292236,0.2742193755004003,0.23819055244195356,0.23578863090472377
0.24299439551641314,0.2710168134507606,0.244595676541233,0.24139311449159329
0.2428,0.268,0.2456,0.2436
0.2396,0.2696,0.244,0.2468
0.2424,0.2604,0.2504,0.2468
0.24,0.2624,0.252,0.2456
0.2404,0.2688,0.2412,0.2496
0.2404,0.2652,0.2404,0.254
0.2512,0.2596,0.2428,0.2464
0.2436,0.2628,0.242,0.2516
0.2428,0.2576,0.2532,0.2464
0.2368,0.2628,0.2432,0.2572
0.2388,0.258,0.2472,0.256
0.23489395758303322,0.25890356142456983,0.25170068027210885,0.2545018007202881
0.2396,0.2492,0.2512,0.26
0.2388,0.2504,0.2484,0.2624
0.2384,0.2436,0.2568,0.2612
0.236,0.2484,0.2568,0.2588
0.2388,0.2468,0.2524,0.262
0.2384,0.2508,0.246,0.2648
0.2364,0.242,0.25,0.2716
0.2344937975190076,0.25290116046418565,0.24769907963185275,0.264905962384954
0.2392,0.2564,0.2368,0.2676
0.24689875950380152,0.25290116046418565,0.2392957182873149,0.2609043617446979
0.2524,0.2552,0.2416,0.2508
0.25,0.256,0.2404,0.2536
0.2432,0.2628,0.2456,0.2484
0.244,0.266,0.2416,0.2484
0.2464,0.2632,0.2388,0.2516
0.246,0.26,0.2452,0.2488
0.2468,0.258,0.2436,0.2516
0.2452,0.2616,0.2444,0.2488
0.2436,0.2648,0.2416,0.25
0.24629555466559871,0.2647176611934321,0.23988786543852622,0.24909891870244294
0.2492,0.2636,0.2412,0.246
0.2508,0.2676,0.2384,0.2432
0.2528,0.2692,0.2412,0.2368
0.2504,0.268,0.2424,0.2392
0.2501000400160064,0.266906762705082,0.250500200080032,0.23249299719887956
0.2484,0.2632,0.252,0.2364
0.25250100040016005,0.26410564225690275,0.2541016406562625,0.22929171668667467
0.2533013205282113,0.26250500200080035,0.25210084033613445,0.23209283713485393
0.25250100040016005,0.26290516206482595,0.2533013205282113,0.23129251700680273
0.25250100040016005,0.2617046818727491,0.25250100040016005,0.23329331732693076
0.2541016406562625,0.25970388155262103,0.250500200080032,0.23569427771108442
0.25930372148859543,0.2533013205282113,0.24649859943977592,0.24089635854341737
0.2612,0.2476,0.2476,0.2436
0.25820656525220176,0.2502001601281025,0.24539631705364293,0.24619695756605284
0.2612,0.2536,0.2424,0.2428
0.258,0.254,0.2456,0.2424
0.262,0.2512,0.2456,0.2412
0.2581032412965186,0.25290116046418565,0.2456982793117247,0.24329731892757103
0.2596,0.246,0.246,0.2484
0.2584,0.2452,0.2432,0.2532
0.2576,0.2484,0.2356,0.2584
0.2672,0.2452,0.2364,0.2512
0.264905962384954,0.2501000400160064,0.23729491796718688,0.24769907963185275
0.2616,0.246,0.242,0.2504
0.26,0.2452,0.2424,0.2524
0.26290516206482595,0.24129651860744297,0.23969587835134054,0.25610244097639057
0.2644,0.2436,0.2388,0.2532
0.2656,0.246,0.2348,0.2536
0.2668,0.242,0.2364,0.2548
0.2668,0.2388,0.2348,0.2596
0.2596,0.2456,0.236,0.2588
0.25380304243394713,0.24539631705364293,0.2421937550040032,0.2586068855084067
0.2584,0.244,0.2428,0.2548
0.25130052020808324,0.24449779911964786,0.2452981192476991,0.25890356142456983
0.2492,0.2464,0.2456,0.2588
0.2424969987995198,0.2452981192476991,0.2501000400160064,0.2621048419367747
0.2456,0.2508,0.24,0.2636
0.24729891956782712,0.25290116046418565,0.23329331732693076,0.2665066026410564
0.24849939975990396,0.2537014805922369,0.23649459783913565,0.2613045218087235
0.2512,0.254,0.2404,0.2544
0.2508,0.2544,0.238,0.2568
0.24979983987189752,0.25380304243394713,0.2389911929543635,0.25740592473979185
0.2444,0.2544,0.2416,0.2596
0.24,0.2568,0.2484,0.2548
0.242,0.2536,0.252,0.2524
0.24449779911964786,0.2553021208483393,0.25210084033613445,0.24809923969587835
0.248,0.2544,0.2544,0.2432
0.24369747899159663,0.25730292116846737,0.25730292116846737,0.2416966786714686
0.2416,0.256,0.2592,0.2432
0.24009603841536614,0.2545018007202881,0.26290516206482595,0.2424969987995198
0.2452,0.2536,0.2548,0.2464
0.25,0.2544,0.2488,0.2468
0.25060048038430743,0.2534027221777422,0.24819855884707767,0.2477982385908727
0.2552,0.2544,0.2448,0.2456
0.2576,0.2596,0.2448,0.238
0.2616,0.2572,0.2456,0.2356
0.264905962384954,0.25210084033613445,0.24689875950380152,0.23609443777511005
0.2621048419367747,0.25130052020808324,0.24769907963185275,0.2388955582232893
0.2656,0.2524,0.244,0.238
0.26330532212885155,0.25210084033613445,0.24969987995198079,0.23489395758303322
0.268,0.254,0.2448,0.2332
0.268,0.2524,0.2468,0.2328
0.2652,0.2492,0.2452,0.2404
0.264,0.2516,0.2452,0.2392
0.26290516206482595,0.2533013205282113,0.24489795918367346,0.2388955582232893
0.2436,0.2552,0.2496,0.2516
0.24849939975990396,0.25650260104041617,0.24809923969587835,0.24689875950380152
0.25,0.2548,0.2492,0.246
0.24849939975990396,0.25650260104041617,0.25290116046418565,0.2420968387354942
0.2488,0.2584,0.2524,0.2404
0.2372,0.2616,0.2564,0.2448
0.2396,0.2588,0.2508,0.2508
0.2404,0.2552,0.2524,0.252
0.2432,0.2524,0.2552,0.2492
0.24409763905562226,0.2545018007202881,0.2585034013605442,0.24289715886354543
0.2416966786714686,0.2581032412965186,0.25610244097639057,0.24409763905562226
0.24129651860744297,0.26290516206482595,0.25170068027210885,0.24409763905562226
0.2396,0.2652,0.2564,0.2388
0.2432,0.2556,0.2572,0.244
0.2412,0.2564,0.258,0.2444
0.2456982793117247,0.25730292116846737,0.2553021208483393,0.2416966786714686
0.25170068027210885,0.25770308123249297,0.25210084033613445,0.2384953981592637
0.25210084033613445,0.2605042016806723,0.24729891956782712,0.24009603841536614
0.2536,0.2648,0.246,0.2356
0.2545018007202881,0.2613045218087235,0.24809923969587835,0.23609443777511005
0.2592,0.2624,0.2444,0.234
0.2636,0.264,0.2432,0.2292
0.26410564225690275,0.26850740296118447,0.23729491796718688,0.2300920368147259
0.2624,0.2656,0.2384,0.2336
0.2609043617446979,0.26410564225690275,0.24449779911964786,0.2304921968787515
0.2621048419367747,0.26450580232092835,0.24369747899159663,0.22969187675070027
0.2636,0.26,0.2444,0.232
0.2678142514011209,0.2570056044835869,0.2465972778222578,0.22858286629303443
0.2716,0.2552,0.2392,0.234
0.27163461538461536,0.2520032051282051,0.2439903846153846,0.23237179487179488
0.26730692276910767,0.25650260104041617,0.24369747899159663,0.23249299719887956
0.2612,0.2568,0.2484,0.2336
0.2644,0.2576,0.2452,0.2328
0.2612,0.2572,0.2424,0.2392
0.266,0.254,0.2464,0.2336
0.2624,0.254,0.2464,0.2372
0.2632,0.2508,0.25,0.236
0.26301040832666134,0.2546036829463571,0.244595676541233,0.2377902321857486
0.26410564225690275,0.25610244097639057,0.24129651860744297,0.2384953981592637
0.26330532212885155,0.2613045218087235,0.23609443777511005,0.2392957182873149
0.2604,0.2624,0.2384,0.2388
0.262,0.2596,0.2388,0.2396
0.2596,0.2596,0.2368,0.244
0.25930372148859543,0.26250500200080035,0.23969587835134054,0.2384953981592637
0.2556,0.2624,0.236,0.246
0.2492,0.2568,0.242,0.252
0.2452,0.2612,0.244,0.2496
0.25090036014405764,0.2581032412965186,0.24449779911964786,0.24649859943977592
0.2488,0.2624,0.244,0.2448
0.2456982793117247,0.2613045218087235,0.2460984393757503,0.24689875950380152
0.24449779911964786,0.2617046818727491,0.24849939975990396,0.2452981192476991
0.246,0.2624,0.2472,0.2444
0.2484,0.2584,0.2456,0.2476
0.24899919935948758,0.2602081665332266,0.24899919935948758,0.24179343474779824
0.2496,0.26,0.2468,0.2436
0.246,0.2616,0.2492,0.2432
0.2468,0.2536,0.2552,0.2444
0.25130052020808324,0.24889955982392958,0.25290116046418565,0.24689875950380152
0.2464,0.2496,0.2508,0.2532
0.2524,0.2524,0.2512,0.244
0.2501000400160064,0.25570228091236497,0.24729891956782712,0.24689875950380152
0.25650260104041617,0.25250100040016005,0.2392957182873149,0.25170068027210885
0.2536,0.248,0.2396,0.2588
0.2544,0.2452,0.2436,0.2568
0.2552,0.2468,0.24,0.258
0.2524,0.2412,0.2492,0.2572
0.2548,0.2432,0.2484,0.2536
0.2536,0.2416,0.2512,0.2536
0.2492,0.2408,0.2536,0.2564
0.24759615384615385,0.24158653846153846,0.25080128205128205,0.26001602564102566
0.2456,0.2412,0.2488,0.2644
0.24449779911964786,0.23609443777511005,0.250500200080032,0.2689075630252101
0.2432,0.244,0.2452,0.2676
0.2501000400160064,0.2460984393757503,0.2392957182873149,0.26450580232092835
0.2465972778222578,0.2433947157726181,0.24539631705364293,0.26461168935148116
0.25130052020808324,0.24329731892757103,0.2424969987995198,0.26290516206482595
0.2476,0.2396,0.252,0.2608
0.24769907963185275,0.2392957182873149,0.25090036014405764,0.2621048419367747
0.2488,0.2384,0.2516,0.2612
0.24729891956782712,0.2388955582232893,0.2533013205282113,0.2605042016806723
0.2456,0.2412,0.256,0.2572
0.2468,0.246,0.2516,0.2556
0.2488,0.2424,0.2516,0.2572
0.2464,0.2424,0.258,0.2532
0.23969587835134054,0.24409763905562226,0.2657062825130052,0.250500200080032
0.2396,0.2464,0.2624,0.2516
0.24129651860744297,0.24449779911964786,0.2613045218087235,0.25290116046418565
0.2468,0.248,0.26,0.2452
0.2488,0.2464,0.2564,0.2484
0.2488,0.2516,0.2568,0.2428
0.2477982385908727,0.25580464371497197,0.2602081665332266,0.23618895116092875
0.242,0.256,0.262,0.24
0.24379503602882305,0.25260208166533227,0.2682145716573259,0.2353883106485188
0.24769907963185275,0.2549019607843137,0.2657062825130052,0.23169267707082833
0.2472,0.2552,0.2676,0.23
0.24089635854341737,0.25690276110444177,0.2689075630252101,0.23329331732693076
0.24089635854341737,0.2609043617446979,0.26770708283313327,0.2304921968787515
0.2388955582232893,0.2537014805922369,0.2693077230892357,0.23809523809523808
0.234,0.2604,0.2656,0.24
0.2444,0.2488,0.2688,0.238
0.2452981192476991,0.24929971988795518,0.26450580232092835,0.24089635854341737
0.24409763905562226,0.250500200080032,0.26290516206482595,0.2424969987995198
0.2396,0.2528,0.2672,0.2404
0.2436,0.2488,0.2676,0.24
0.2424,0.248,0.2652,0.2444
0.23609443777511005,0.25210084033613445,0.26450580232092835,0.24729891956782712
0.23169267707082833,0.25250100040016005,0.2657062825130052,0.2501000400160064
0.2356,0.2508,0.2644,0.2492
0.2404,0.246,0.2612,0.2524
0.23569427771108442,0.2460984393757503,0.2657062825130052,0.25250100040016005
0.2352,0.2428,0.2696,0.2524
0.23729491796718688,0.25130052020808324,0.2605042016806723,0.25090036014405764
0.2464,0.2452,0.2624,0.246
0.244,0.2448,0.2664,0.2448
0.24979983987189752,0.244595676541233,0.2690152121697358,0.2365892714171337
0.2492,0.2512,0.2664,0.2332
0.254,0.2484,0.2664,0.2312
0.2596,0.2444,0.2572,0.2388
0.2548,0.2424,0.2608,0.242
0.24499599679743794,0.2433947157726181,0.2634107285828663,0.24819855884707767
0.2416,0.2492,0.2604,0.2488
0.23569427771108442,0.2541016406562625,0.2605042016806723,0.24969987995198079
0.2428,0.2552,0.2596,0.2424
0.23809523809523808,0.2585034013605442,0.25930372148859543,0.24409763905562226
0.2408,0.2616,0.2596,0.238
0.242,0.264,0.2556,0.2384
0.2472,0.2636,0.2468,0.2424
0.2416,0.2692,0.2504,0.2388
0.2424,0.2624,0.248,0.2472
0.2416,0.2668,0.2428,0.2488
0.2384,0.2692,0.242,0.2504
0.2408,0.268,0.2436,0.2476
0.24409763905562226,0.2657062825130052,0.24449779911964786,0.2456982793117247
0.24299439551641314,0.25820656525220176,0.2570056044835869,0.24179343474779824
0.2416966786714686,0.2581032412965186,0.2665066026410564,0.2336934773909564
0.2432,0.2612,0.2636,0.232
0.2408,0.2652,0.262,0.232
0.2444,0.2648,0.2632,0.2276
0.2432,0.2612,0.264,0.2316
0.2424969987995198,0.266906762705082,0.26250500200080035,0.22809123649459784
0.2444,0.27,0.2584,0.2272
0.2424969987995198,0.2661064425770308,0.25690276110444177,0.2344937975190076
0.24289715886354543,0.26250500200080035,0.25890356142456983,0.23569427771108442
0.2448,0.2584,0.2588,0.238
0.248,0.2584,0.2548,0.2388
0.2492,0.2528,0.2456,0.2524
0.24969987995198079,0.25090036014405764,0.2424969987995198,0.25690276110444177
0.25090036014405764,0.2501000400160064,0.24649859943977592,0.25250100040016005
0.2532,0.2496,0.2436,0.2536
0.24009603841536614,0.25610244097639057,0.2541016406562625,0.24969987995198079
0.2448,0.2496,0.254,0.2516
0.25250100040016005,0.24689875950380152,0.2533013205282113,0.24729891956782712
0.2568,0.2464,0.2588,0.238
0.2609043617446979,0.2452981192476991,0.25650260104041617,0.23729491796718688
0.26381104883907125,0.24259407526020815,0.2578062449959968,0.23578863090472377
0.2608,0.244,0.2528,0.2424
0.25970388155262103,0.2424969987995198,0.2549019607843137,0.24289715886354543
0.2572,0.2408,0.254,0.248
0.2605042016806723,0.2424969987995198,0.2460984393757503,0.25090036014405764
0.2596,0.2468,0.2452,0.2484
0.25130052020808324,0.2501000400160064,0.24649859943977592,0.25210084033613445
0.2504,0.25,0.2488,0.2508
0.2524,0.254,0.242,0.2516
0.25,0.2568,0.2396,0.2536
0.2548,0.2492,0.2392,0.2568
0.25730292116846737,0.24369747899159663,0.23529411764705882,0.26370548219287715
0.2601040416166467,0.2424969987995198,0.24089635854341737,0.25650260104041617
0.25980784627702164,0.2433947157726181,0.24299439551641314,0.25380304243394713
0.2596,0.2452,0.24,0.2552
0.2537014805922369,0.25210084033613445,0.23769507803121248,0.25650260104041617
0.2553021208483393,0.2537014805922369,0.2344937975190076,0.25650260104041617
0.25420336269015215,0.2562049639711769,0.23859087269815854,0.2510008006405124
0.2576,0.262,0.2348,0.2456
0.2592,0.262,0.24,0.2388
0.2604,0.2584,0.24,0.2412
0.2584,0.2604,0.2436,0.2376
0.2584,0.2592,0.2416,0.2408
0.2549019607843137,0.25610244097639057,0.24409763905562226,0.24489795918367346
0.25130052020808324,0.25290116046418565,0.24969987995198079,0.2460984393757503
0.25,0.2564,0.2492,0.2444
0.24909891870244294,0.26631958350020024,0.2422907488986784,0.2422907488986784
0.2504,0.2664,0.2428,0.2404
0.248,0.2676,0.2428,0.2416
0.2468,0.2728,0.2412,0.2392
0.2472,0.264,0.2464,0.2424
0.24929971988795518,0.2585034013605442,0.24969987995198079,0.2424969987995198
0.242,0.2592,0.2548,0.244
0.242,0.2608,0.2556,0.2416
0.242,0.2608,0.2552,0.242
0.24,0.2652,0.2452,0.2496
0.23729491796718688,0.26810724289715887,0.24289715886354543,0.25170068027210885
0.2428,0.266,0.244,0.2472
0.24689875950380152,0.2613045218087235,0.24329731892757103,0.24849939975990396
0.2436,0.2668,0.2464,0.2432
0.2404,0.264,0.2536,0.242
0.2424969987995198,0.26250500200080035,0.25170068027210885,0.24329731892757103
0.24689875950380152,0.2613045218087235,0.25290116046418565,0.2388955582232893
0.24289715886354543,0.26370548219287715,0.2609043617446979,0.23249299719887956
0.2456982793117247,0.2581032412965186,0.25610244097639057,0.24009603841536614
0.25130052020808324,0.24969987995198079,0.2537014805922369,0.2452981192476991
0.24769907963185275,0.2537014805922369,0.25650260104041617,0.2420968387354942
0.24289715886354543,0.2537014805922369,0.25970388155262103,0.24369747899159663
0.2444,0.2556,0.2592,0.2408
0.2404,0.2532,0.2592,0.2472
0.2420968387354942,0.24769907963185275,0.26250500200080035,0.24769907963185275
0.2465972778222578,0.24299439551641314,0.26060848678943155,0.24979983987189752
0.2456982793117247,0.2392957182873149,0.2621048419367747,0.25290116046418565
0.246,0.2392,0.2628,0.252
0.2456,0.2432,0.2644,0.2468
0.23529411764705882,0.2460984393757503,0.27090836334533813,0.24769907963185275
0.232,0.2496,0.2708,0.2476
0.2336,0.2484,0.2688,0.2492
0.2336934773909564,0.2541016406562625,0.26810724289715887,0.24409763905562226
0.23569427771108442,0.25650260104041617,0.26450580232092835,0.24329731892757103
0.24129651860744297,0.24929971988795518,0.2621048419367747,0.24729891956782712
0.2384953981592637,0.25250100040016005,0.2613045218087235,0.24769907963185275
0.2404,0.252,0.2572,0.2504
0.2392,0.2508,0.2604,0.2496
0.24049619847939174,0.25090036014405764,0.26410564225690275,0.24449779911964786
0.2416,0.2504,0.2624,0.2456
0.2404,0.2496,0.2624,0.2476
0.2408,0.2512,0.2616,0.2464
0.2392957182873149,0.25090036014405764,0.2585034013605442,0.25130052020808324
0.2424,0.2468,0.2588,0.252
0.2472,0.2516,0.2552,0.246
0.25570228091236497,0.25250100040016005,0.24769907963185275,0.24409763905562226
0.25500400320256206,0.24859887910328263,0.24899919935948758,0.24739791833466773
0.2568,0.2464,0.2516,0.2452
0.2572,0.2472,0.2468,0.2488
0.2564,0.2452,0.2424,0.256
0.2572,0.248,0.2396,0.2552
0.2584,0.244,0.2392,0.2584
0.2512,0.2476,0.2472,0.254
0.256,0.2428,0.2472,0.254
0.25290116046418565,0.2424969987995198,0.24849939975990396,0.25610244097639057
0.2536,0.2384,0.254,0.254
0.25250100040016005,0.2388955582232893,0.24889955982392958,0.25970388155262103
0.254,0.2416,0.2456,0.2588
0.2508,0.2436,0.248,0.2576
0.2532,0.2404,0.2464,0.26
0.2501000400160064,0.2460984393757503,0.24649859943977592,0.25730292116846737
0.24859887910328263,0.2477982385908727,0.24899919935948758,0.2546036829463571
0.24489795918367346,0.24489795918367346,0.25130052020808324,0.25890356142456983
0.2472,0.2468,0.2464,0.2596
0.2484,0.2456,0.2492,0.2568
0.24289715886354543,0.24369747899159663,0.2541016406562625,0.25930372148859543
0.25090036014405764,0.24729891956782712,0.24969987995198079,0.25210084033613445
0.24979983987189752,0.24619695756605284,0.25580464371497197,0.24819855884707767
0.2512,0.2448,0.2548,0.2492
0.250500200080032,0.24889955982392958,0.25250100040016005,0.24809923969587835
0.2533013205282113,0.24689875950380152,0.25170068027210885,0.24809923969587835
0.2537014805922369,0.24929971988795518,0.250500200080032,0.24649859943977592
0.2552,0.2492,0.2468,0.2488
0.2552,0.2488,0.2464,0.2496
0.25210084033613445,0.24969987995198079,0.24649859943977592,0.25170068027210885
0.2504,0.2508,0.2452,0.2536
0.246,0.2548,0.2528,0.2464
0.2456982793117247,0.25650260104041617,0.25570228091236497,0.2420968387354942
0.2465972778222578,0.25900720576461167,0.25820656525220176,0.23618895116092875
0.25,0.2572,0.254,0.2388
0.25070084100921103,0.2555066079295154,0.2511013215859031,0.24269122947537045
0.24969987995198079,0.2545018007202881,0.2537014805922369,0.2420968387354942
0.24969987995198079,0.2541016406562625,0.25930372148859543,0.23689475790316125
0.2488,0.25,0.2556,0.2456
0.24939951961569257,0.25180144115292236,0.25060048038430743,0.24819855884707767
0.25,0.2468,0.2544,0.2488
0.2448,0.2436,0.264,0.2476
0.2456982793117247,0.2416966786714686,0.2657062825130052,0.24689875950380152
0.2432,0.242,0.2628,0.252
0.24729891956782712,0.24729891956782712,0.2581032412965186,0.24729891956782712
0.2496,0.246,0.2576,0.2468
0.254,0.2444,0.25,0.2516
0.2488,0.2532,0.2452,0.2528
0.24769907963185275,0.2585034013605442,0.24129651860744297,0.25250100040016005
0.2456,0.262,0.2428,0.2496
0.24329731892757103,0.2621048419367747,0.2416966786714686,0.25290116046418565
0.24929971988795518,0.2601040416166467,0.2388955582232893,0.25170068027210885
0.2508,0.2664,0.2356,0.2472
0.2488,0.2644,0.2376,0.2492
0.2508,0.2624,0.2424,0.2444
0.2508,0.2588,0.2464,0.244
0.2564,0.2524,0.2472,0.244
0.26250500200080035,0.2533013205282113,0.23969587835134054,0.24449779911964786
0.2605042016806723,0.25290116046418565,0.24009603841536614,0.24649859943977592
0.26121794871794873,0.24959935897435898,0.2375801282051282,0.2516025641025641
0.2622097678142514,0.24739791833466773,0.2421937550040032,0.24819855884707767
0.256,0.2484,0.2444,0.2512
0.2533013205282113,0.25250100040016005,0.24009603841536614,0.2541016406562625
0.2484,0.2552,0.246,0.2504
0.2492,0.2536,0.2492,0.248
0.248,0.2572,0.2536,0.2412
0.2532,0.252,0.254,0.2408
0.2516,0.2476,0.2608,0.24
0.2536,0.2508,0.2552,0.2404
0.24889955982392958,0.25610244097639057,0.2585034013605442,0.23649459783913565
0.248,0.2544,0.2584,0.2392
0.24969987995198079,0.25210084033613445,0.25770308123249297,0.24049619847939174
0.256,0.2636,0.2456,0.2348
0.2556,0.2592,0.2468,0.2384
0.2556,0.2652,0.2468,0.2324
0.2584,0.2628,0.2508,0.228
0.25650260104041617,0.25970388155262103,0.2537014805922369,0.2300920368147259
0.2621048419367747,0.25770308123249297,0.24849939975990396,0.23169267707082833
0.2628,0.2572,0.2476,0.2324
0.2636,0.252,0.2564,0.228
0.2636,0.2492,0.2572,0.23
0.2628,0.244,0.2552,0.238
0.2644,0.2416,0.2504,0.2436
0.2664,0.238,0.2532,0.2424
0.26290516206482595,0.2344937975190076,0.25970388155262103,0.24289715886354543
0.25970388155262103,0.2388955582232893,0.2605042016806723,0.24089635854341737
0.2532,0.242,0.2616,0.2432
0.26060848678943155,0.2365892714171337,0.2634107285828663,0.23939151321056845
0.2648,0.2328,0.2556,0.2468
0.2636,0.2332,0.2596,0.2436
0.2657062825130052,0.2344937975190076,0.25690276110444177,0.24289715886354543
0.2632,0.2344,0.2564,0.246
0.26,0.2372,0.2544,0.2484
0.2512,0.2404,0.2572,0.2512
0.25130052020808324,0.24849939975990396,0.2549019607843137,0.2452981192476991
0.2501000400160064,0.25170068027210885,0.25170068027210885,0.24649859943977592
0.2456,0.2552,0.2492,0.25
0.250500200080032,0.25690276110444177,0.24969987995198079,0.24289715886354543
0.2553021208483393,0.25210084033613445,0.2501000400160064,0.2424969987995198
0.2516,0.2552,0.2516,0.2416
0.2512,0.256,0.2516,0.2412
0.2567080496595915,0.2527032438926712,0.2511013215859031,0.2394873848618342
0.2512,0.2568,0.2508,0.2412
0.2464,0.2556,0.2556,0.2424
0.2452981192476991,0.2581032412965186,0.2553021208483393,0.24129651860744297
0.2456982793117247,0.25610244097639057,0.25610244097639057,0.2420968387354942
0.2412,0.2556,0.2592,0.244
0.2484,0.2528,0.2564,0.2424
0.25130052020808324,0.25090036014405764,0.25690276110444177,0.24089635854341737
0.2456,0.2536,0.2572,0.2436
0.2504,0.2484,0.2552,0.246
0.25130052020808324,0.2537014805922369,0.24809923969587835,0.24689875950380152
0.2456,0.2548,0.2492,0.2504
0.2428,0.258,0.2524,0.2468
0.2456982793117247,0.25210084033613445,0.25170068027210885,0.250500200080032
0.2432,0.256,0.2476,0.2532
0.2416966786714686,0.25690276110444177,0.24769907963185275,0.2537014805922369
0.2420968387354942,0.25690276110444177,0.24369747899159663,0.25730292116846737
0.23969587835134054,0.25610244097639057,0.24689875950380152,0.25730292116846737
0.238,0.2556,0.2452,0.2612
0.2456,0.2508,0.2444,0.2592
0.2384,0.2536,0.246,0.262
0.2456982793117247,0.2537014805922369,0.24289715886354543,0.25770308123249297
0.2516,0.2532,0.2432,0.252
0.2553021208483393,0.24329731892757103,0.24809923969587835,0.2533013205282113
0.2549019607843137,0.24489795918367346,0.25250100040016005,0.24769907963185275
0.256,0.244,0.252,0.248
0.2548,0.2492,0.244,0.252
0.25130052020808324,0.25210084033613445,0.2456982793117247,0.25090036014405764
0.2536,0.2448,0.244,0.2576
0.2484,0.242,0.2472,0.2624
0.2452981192476991,0.2420968387354942,0.24969987995198079,0.26290516206482595
0.2389911929543635,0.2477982385908727,0.25180144115292236,0.26140912730184146
0.2376,0.25,0.2536,0.2588
0.2388955582232893,0.24649859943977592,0.25890356142456983,0.25570228091236497
0.24289715886354543,0.24809923969587835,0.2585034013605442,0.250500200080032
0.2424,0.2516,0.254,0.252
0.2428,0.2488,0.2556,0.2528
0.23809523809523808,0.24929971988795518,0.25890356142456983,0.2537014805922369
0.2404,0.2464,0.2592,0.254
0.23578863090472377,0.25180144115292236,0.25580464371497197,0.2566052842273819
0.23769507803121248,0.24969987995198079,0.25650260104041617,0.25610244097639057
0.23578863090472377,0.24539631705364293,0.25980784627702164,0.25900720576461167
0.2388955582232893,0.24369747899159663,0.25610244097639057,0.2613045218087235
0.2476,0.2512,0.2476,0.2536
0.2486984381257509,0.2470965158189828,0.24789747697236683,0.2563075690828995
0.246,0.2492,0.2472,0.2576
0.2476,0.2556,0.2456,0.2512
0.24409763905562226,0.2553021208483393,0.2452981192476991,0.2553021208483393
0.24489795918367346,0.2553021208483393,0.24809923969587835,0.25170068027210885
0.248,0.2584,0.2472,0.2464
0.2512,0.2552,0.2484,0.2452
0.25210084033613445,0.25610244097639057,0.25250100040016005,0.2392957182873149
0.24969987995198079,0.2581032412965186,0.250500200080032,0.2416966786714686
0.246,0.2612,0.2476,0.2452
0.2416,0.2608,0.2468,0.2508
0.2456982793117247,0.2581032412965186,0.24729891956782712,0.24889955982392958
0.2436,0.2576,0.2488,0.25
0.2401921537229784,0.25580464371497197,0.2514011208967174,0.25260208166533227
0.2368,0.2616,0.2548,0.2468
0.238,0.2612,0.2548,0.246
0.24009603841536614,0.2617046818727491,0.25690276110444177,0.24129651860744297
0.24,0.2628,0.2536,0.2436
0.2404,0.2536,0.2544,0.2516
0.2392957182873149,0.25170068027210885,0.25890356142456983,0.2501000400160064
0.24619695756605284,0.25420336269015215,0.25420336269015215,0.24539631705364293
0.2420968387354942,0.2537014805922369,0.2537014805922369,0.250500200080032
0.2460984393757503,0.25610244097639057,0.24889955982392958,0.24889955982392958
0.2501000400160064,0.25250100040016005,0.2533013205282113,0.24409763905562226
0.2512,0.2528,0.254,0.242
0.25,0.2496,0.2612,0.2392
0.2464,0.2492,0.26,0.2444
0.2396,0.2548,0.2628,0.2428
0.23529411764705882,0.25130052020808324,0.2661064425770308,0.24729891956782712
0.2384,0.252,0.2604,0.2492
0.24129651860744297,0.24809923969587835,0.25970388155262103,0.25090036014405764
0.2452981192476991,0.24489795918367346,0.25170068027210885,0.2581032412965186
0.24769907963185275,0.2384953981592637,0.2545018007202881,0.25930372148859543
0.254,0.2392,0.252,0.2548
0.2512,0.2348,0.2536,0.2604
0.24859887910328263,0.23618895116092875,0.2477982385908727,0.2674139311449159
0.2553021208483393,0.23609443777511005,0.24769907963185275,0.2609043617446979
0.2528,0.2368,0.2444,0.266
0.2536,0.24,0.2452,0.2612
0.2572,0.2432,0.2408,0.2588
0.2544,0.2472,0.2388,0.2596
0.24729891956782712,0.24849939975990396,0.2456982793117247,0.2585034013605442
0.2536,0.246,0.2428,0.2576
0.2566052842273819,0.24619695756605284,0.2421937550040032,0.25500400320256206
0.2528,0.2456,0.25,0.2516
0.2556,0.2484,0.2428,0.2532
0.2537014805922369,0.2460984393757503,0.24489795918367346,0.2553021208483393
0.248,0.2456,0.254,0.2524
0.24689875950380152,0.25130052020808324,0.2545018007202881,0.24729891956782712
0.25090036014405764,0.2541016406562625,0.24769907963185275,0.24729891956782712
0.2552,0.2516,0.2428,0.2504
0.2592,0.2468,0.242,0.252
0.2552,0.2524,0.2368,0.2556
0.25170068027210885,0.25690276110444177,0.23729491796718688,0.2541016406562625
0.2484,0.2596,0.2412,0.2508
0.2456,0.258,0.2476,0.2488
0.2448,0.2564,0.2476,0.2512
0.2412,0.2576,0.2516,0.2496
0.2396,0.258,0.256,0.2464
0.2408,0.2568,0.2596,0.2428
0.2404,0.2516,0.2616,0.2464
0.2421937550040032,0.24979983987189752,0.2602081665332266,0.2477982385908727
0.24489795918367346,0.24849939975990396,0.26330532212885155,0.24329731892757103
0.2444,0.25,0.2624,0.2432
0.2464,0.2532,0.2592,0.2412
0.2416,0.2524,0.2548,0.2512
0.2416,0.2548,0.2544,0.2492
0.23769507803121248,0.25690276110444177,0.2605042016806723,0.24489795918367346
0.24009603841536614,0.2553021208483393,0.25170068027210885,0.25290116046418565
0.2436,0.2596,0.252,0.2448
0.2372,0.2588,0.2548,0.2492
0.2432,0.2556,0.2536,0.2476
0.24329731892757103,0.2533013205282113,0.25730292116846737,0.2460984393757503
0.2468,0.2532,0.2592,0.2408
0.24809923969587835,0.2533013205282113,0.2553021208483393,0.24329731892757103
0.252,0.2516,0.2616,0.2348
0.25210084033613445,0.24769907963185275,0.2605042016806723,0.23969587835134054
0.25170068027210885,0.2537014805922369,0.25210084033613445,0.2424969987995198
0.2468,0.254,0.252,0.2472
0.2456982793117247,0.2553021208483393,0.25250100040016005,0.24649859943977592
0.2460984393757503,0.2537014805922369,0.25690276110444177,0.24329731892757103
0.2428,0.2564,0.2528,0.248
0.2424969987995198,0.25770308123249297,0.25210084033613445,0.24769907963185275
0.2376,0.26,0.2548,0.2476
0.2388,0.2612,0.256,0.244
0.2392,0.2616,0.2536,0.2456
0.2472,0.2564,0.2504,0.246
0.252,0.2548,0.2508,0.2424
0.252,0.2572,0.2476,0.2432
0.2476,0.2584,0.2496,0.2444
0.24649859943977592,0.25930372148859543,0.24849939975990396,0.2456982793117247
0.2452981192476991,0.2609043617446979,0.24849939975990396,0.2452981192476991
0.25290116046418565,0.25570228091236497,0.24369747899159663,0.24769907963185275
0.24969987995198079,0.25610244097639057,0.24649859943977592,0.24769907963185275
0.2528,0.254,0.246,0.2472
0.244,0.258,0.2484,0.2496
0.2468,0.2564,0.2536,0.2432
0.2484,0.2576,0.2492,0.2448
0.2476,0.2584,0.2484,0.2456
0.24489795918367346,0.2549019607843137,0.25130052020808324,0.24889955982392958
0.2496,0.2532,0.2472,0.25
0.2572,0.2528,0.2428,0.2472
0.25610244097639057,0.2533013205282113,0.23809523809523808,0.25250100040016005
0.2572,0.2536,0.2408,0.2484
0.25770308123249297,0.24809923969587835,0.24689875950380152,0.24729891956782712
0.25130052020808324,0.24889955982392958,0.24889955982392958,0.25090036014405764
0.2488,0.2484,0.2556,0.2472
0.24369747899159663,0.25250100040016005,0.2553021208483393,0.24849939975990396
0.24809923969587835,0.24889955982392958,0.25770308123249297,0.2452981192476991
0.24899919935948758,0.24259407526020815,0.2634107285828663,0.24499599679743794
0.2524,0.246,0.2604,0.2412
0.25,0.2504,0.2592,0.2404
0.25260208166533227,0.2502001601281025,0.2586068855084067,0.23859087269815854
0.2468,0.2568,0.2528,0.2436
0.248,0.246,0.26,0.246
0.248,0.2456,0.2608,0.2456
0.2476,0.24,0.2672,0.2452
0.24929971988795518,0.23809523809523808,0.26450580232092835,0.24809923969587835
0.2546036829463571,0.23618895116092875,0.25900720576461167,0.2502001601281025
0.2516,0.2444,0.2584,0.2456
0.2536,0.2404,0.2588,0.2472
0.24859887910328263,0.24939951961569257,0.25380304243394713,0.24819855884707767
0.250500200080032,0.2452981192476991,0.2549019607843137,0.24929971988795518
0.2464,0.2504,0.2576,0.2456
0.24769907963185275,0.2545018007202881,0.2537014805922369,0.24409763905562226
0.24859887910328263,0.2530024019215372,0.25060048038430743,0.2477982385908727
0.2396,0.2536,0.258,0.2488
0.2392957182873149,0.2581032412965186,0.25170068027210885,0.25090036014405764
0.236,0.2516,0.2572,0.2552
0.236,0.2556,0.258,0.2504
0.2433947157726181,0.25980784627702164,0.25580464371497197,0.2409927942353883
0.2404,0.2636,0.2512,0.2448
0.24449779911964786,0.26850740296118447,0.23969587835134054,0.24729891956782712
0.24849939975990396,0.264905962384954,0.24089635854341737,0.2456982793117247
0.2468,0.2664,0.2396,0.2472
0.2412,0.2648,0.2396,0.2544
0.2465972778222578,0.25580464371497197,0.2377902321857486,0.25980784627702164
0.2468,0.254,0.2364,0.2628
0.24929971988795518,0.25210084033613445,0.2336934773909564,0.264905962384954
0.2452,0.2552,0.2384,0.2612
0.24729891956782712,0.25290116046418565,0.23689475790316125,0.26290516206482595
0.2468,0.2512,0.234,0.268
0.2488,0.2544,0.228,0.2688
0.2501000400160064,0.25930372148859543,0.22408963585434175,0.2665066026410564
0.2508,0.2604,0.2268,0.262
0.2476,0.27,0.2236,0.2588
0.2544,0.262,0.2244,0.2592
0.24689875950380152,0.2605042016806723,0.22849139655862344,0.26410564225690275
0.2472,0.2616,0.2332,0.258
0.2468,0.2612,0.2328,0.2592
0.2476,0.2516,0.2372,0.2636
0.252,0.2508,0.236,0.2612
0.2544,0.2508,0.2336,0.2612
0.2548,0.2528,0.234,0.2584
0.2528,0.2528,0.2348,0.2596
0.25650260104041617,0.2537014805922369,0.23289315726290516,0.25690276110444177
