C,D,Oc,Od
0.0,0.0,1.0,0.0
0.0,0.0,0.5,0.5
0.0,0.0,0.5,0.5
0.0,0.2222222222222222,0.4444444444444444,0.3333333333333333
0.125,0.125,0.4375,0.3125
0.1111111111111111,0.14814814814814814,0.4074074074074074,0.3333333333333333
0.13953488372093023,0.11627906976744186,0.3488372093023256,0.3953488372093023
0.15151515151515152,0.12121212121212122,0.4090909090909091,0.3181818181818182
0.16494845360824742,0.12371134020618557,0.41237113402061853,0.29896907216494845
0.15492957746478872,0.14788732394366197,0.4154929577464789,0.28169014084507044
0.18232044198895028,0.16574585635359115,0.3867403314917127,0.26519337016574585
0.19246861924686193,0.18410041841004185,0.3807531380753138,0.24267782426778242
0.1950354609929078,0.1879432624113475,0.3617021276595745,0.2553191489361702
0.1844380403458213,0.1988472622478386,0.3573487031700288,0.25936599423631124
0.17798594847775176,0.2107728337236534,0.35362997658079626,0.2576112412177986
0.1893939393939394,0.2196969696969697,0.3541666666666667,0.23674242424242425
0.1833855799373041,0.24608150470219436,0.33699059561128525,0.2335423197492163
0.18601583113456466,0.2532981530343008,0.3324538258575198,0.22823218997361477
0.18488372093023256,0.2534883720930233,0.32906976744186045,0.23255813953488372
0.1834862385321101,0.2691131498470948,0.327217125382263,0.22018348623853212
0.18726937269372693,0.2785977859778598,0.3145756457564576,0.21955719557195572
0.18914473684210525,0.2730263157894737,0.32648026315789475,0.21134868421052633
0.18974751338944146,0.27620504973221116,0.3190512624330528,0.21499617444529456
0.18489767113620326,0.28722653493295697,0.3147494707127735,0.21312632321806635
0.18051948051948052,0.287012987012987,0.31753246753246755,0.21493506493506492
0.1855480710349051,0.2835272504592774,0.32333129210042866,0.20759338640538885
0.18803910293271994,0.2869465209890742,0.30879815986198966,0.21621621621621623
0.1879049676025918,0.2791576673866091,0.3147948164146868,0.21814254859611232
0.192090395480226,0.2824858757062147,0.30868002054442734,0.216743708269132
0.19438877755511022,0.2750501002004008,0.3151302605210421,0.2154308617234469
0.19029312830370015,0.27775108121095626,0.3099471407976934,0.22200864968765016
0.2,0.27699530516431925,0.3061032863849765,0.21690140845070421
0.1978584729981378,0.2770018621973929,0.3026070763500931,0.22253258845437615
0.2,0.267741935483871,0.31244239631336407,0.21981566820276496
0.20018115942028986,0.26721014492753625,0.30932971014492755,0.22327898550724637
0.2054125998225377,0.2724046140195209,0.30168589174800353,0.2204968944099379
0.2069271758436945,0.2761989342806394,0.29795737122557725,0.21891651865008882
0.21029281277728482,0.2755102040816326,0.30168589174800353,0.21251109139307897
0.208680403331872,0.2740026304252521,0.30030688294607627,0.21701008329679966
0.21330982811811372,0.2754517408550022,0.2966064345526664,0.2146319964742177
0.21472937000887313,0.2755102040816326,0.29236912156166817,0.21739130434782608
0.21589403973509932,0.27770419426048565,0.2891832229580574,0.21721854304635763
0.2201062887511072,0.2732506643046944,0.29273693534100975,0.21390611160318868
0.2237017310252996,0.27163781624500666,0.29516200621393696,0.20949844651575678
0.22148833113166005,0.27388815499779834,0.29678555702333775,0.20783795684720388
0.2227613586237318,0.2717247463608293,0.3003970004411116,0.2051168945743273
0.22139084507042253,0.2733274647887324,0.29797535211267606,0.207306338028169
0.2268538832821413,0.2724879333040807,0.29354980254497587,0.2071083808688021
0.22501100836635843,0.27300748568912375,0.29458388375165123,0.2073976221928666
0.22593582887700533,0.2713903743315508,0.29188948306595364,0.2107843137254902
0.2243447356730342,0.2718791648156375,0.28964904486894716,0.21412705464238116
0.2304270462633452,0.2669039145907473,0.2918149466192171,0.21085409252669038
0.22409959982214317,0.27212094264117387,0.2979101823032459,0.2058692752334371
0.22370766488413546,0.2713903743315508,0.2967914438502674,0.20811051693404634
0.22634836427939875,0.2718832891246684,0.29619805481874445,0.20557029177718833
0.22596153846153846,0.270541958041958,0.298513986013986,0.20498251748251747
0.22545134302069572,0.26948480845442535,0.2998678996036988,0.2051959489211801
0.2243362831858407,0.2672566371681416,0.30265486725663715,0.20575221238938052
0.2254945054945055,0.26945054945054947,0.30241758241758243,0.20263736263736265
0.22339955849889626,0.2737306843267108,0.30286975717439296,0.2
0.22335249889429457,0.2768686421937196,0.2998673153471915,0.19991154356479435
0.2291296625222025,0.2744227353463588,0.3006216696269982,0.1958259325044405
0.22524531668153436,0.2729705619982159,0.296164139161463,0.2056199821587868
0.22113241194828354,0.27284886312973694,0.3013820775746768,0.20463664734730272
0.22518914107699153,0.26791277258566976,0.30040053404539385,0.2064975522919448
0.22981914424349362,0.2651080723423026,0.30127922364358184,0.20379355977062197
0.22804718217562253,0.26649191786806464,0.2979467016164264,0.2075141983398864
0.2284060552092609,0.26758682101513803,0.2902938557435441,0.21371326803205698
0.23467600700525393,0.26444833625218916,0.29290718038528896,0.20796847635726795
0.23820026466696073,0.26378473753859727,0.28804587560652845,0.20996912218791355
0.242091388400703,0.2631810193321617,0.28339191564147626,0.21133567662565905
0.24169986719787517,0.26693227091633465,0.28021248339973437,0.21115537848605578
0.23584070796460177,0.268141592920354,0.28628318584070794,0.2097345132743363
0.2357581069237511,0.26730937773882557,0.2822085889570552,0.2147239263803681
0.23573309920983318,0.26514486391571557,0.28226514486391574,0.21685689201053557
0.23875278396436525,0.26547884187082404,0.2855233853006682,0.21024498886414253
0.2398049645390071,0.2575354609929078,0.2894503546099291,0.21320921985815602
0.23550243470562196,0.2580787959274015,0.2921646746347942,0.21425409473218238
0.24133333333333334,0.25955555555555554,0.2862222222222222,0.21288888888888888
0.24243752740026303,0.26085050416483996,0.28145550197281893,0.21525646646207802
0.24380530973451328,0.2588495575221239,0.27964601769911507,0.2176991150442478
0.2436750998668442,0.2609853528628495,0.2818464269862406,0.2134931202840657
0.24023090586145648,0.26687388987566607,0.2841918294849023,0.20870337477797513
0.243566992014197,0.271960958296362,0.2795031055900621,0.20496894409937888
0.2493368700265252,0.26790450928381965,0.2780725022104332,0.20468611847922194
0.2491103202846975,0.2637900355871886,0.2833629893238434,0.20373665480427047
0.2492239467849224,0.26297117516629714,0.2793791574279379,0.20842572062084258
0.247791519434629,0.26148409893992935,0.2826855123674912,0.20803886925795054
0.2495590828924162,0.2641093474426808,0.2777777777777778,0.20855379188712522
0.24524125719344844,0.26516157591854805,0.28065515714918104,0.2089420097388225
0.24078187472234563,0.26254997778764994,0.282985339848956,0.2136828076410484
0.2399823866138265,0.25847644209599296,0.2888595332452664,0.21268163804491413
0.2471213463241807,0.2604074402125775,0.2785651018600531,0.21390611160318868
0.24488888888888888,0.26266666666666666,0.2768888888888889,0.21555555555555556
0.25033288948069243,0.26498002663115844,0.2694185530403906,0.21526853084775854
0.25197195442594217,0.26380368098159507,0.2721297107800175,0.21209465381244522
0.2623239436619718,0.2671654929577465,0.2632042253521127,0.207306338028169
0.26587301587301587,0.27028218694885364,0.2552910052910053,0.20855379188712522
0.26546731022378234,0.26941641070645017,0.25756910925844667,0.20754716981132076
0.2720425343376163,0.26849800620292424,0.26229508196721313,0.19716437749224636
0.27017387427552386,0.26972804279982165,0.25546143557735174,0.20463664734730272
0.2680965147453083,0.27479892761394104,0.2529043789097408,0.20420017873100982
0.2698624056813138,0.27652019529516203,0.2521083000443853,0.20150909897913893
0.2721631205673759,0.2695035460992908,0.25443262411347517,0.20390070921985815
0.27630415561450045,0.2639257294429708,0.25552608311229,0.20424403183023873
0.2765301629238221,0.2624394539850286,0.25407309555262,0.2069572875385293
0.281413612565445,0.2600349040139616,0.25523560209424084,0.20331588132635253
0.2826373626373626,0.2571428571428571,0.24967032967032968,0.21054945054945054
0.28164695575996496,0.2575558475689882,0.24879544459045116,0.2120017520805957
0.28302712160979876,0.25809273840769903,0.2489063867016623,0.2099737532808399
0.28295254833040423,0.2548330404217926,0.24736379613356765,0.2148506151142355
0.2836283185840708,0.2592920353982301,0.2420353982300885,0.2150442477876106
0.28577817531305905,0.2584973166368515,0.24016100178890876,0.21556350626118068
0.2866043613707165,0.25723186470850024,0.23809523809523808,0.21806853582554517
0.285839544059623,0.2595352915387988,0.2345462516440158,0.22007891275756247
0.28105726872246695,0.2563876651982379,0.2422907488986784,0.22026431718061673
0.27821869488536155,0.25573192239858905,0.24338624338624337,0.222663139329806
0.2754464285714286,0.25669642857142855,0.24553571428571427,0.22232142857142856
0.28163444639718804,0.2609841827768014,0.23681898066783832,0.22056239015817222
0.282657155595185,0.2688363798484173,0.231832367365136,0.2166740971912617
0.2759538598047915,0.26974267968056787,0.23425022182786157,0.22005323868677906
0.270353982300885,0.26902654867256637,0.23716814159292035,0.2234513274336283
0.27353071144498453,0.2646928855501547,0.23862129916040653,0.22315510384445428
0.27045951859956235,0.262144420131291,0.24113785557986872,0.2262582056892779
0.27077865266841644,0.2655293088363955,0.24059492563429571,0.2230971128608924
0.2708793636765356,0.2691117984975696,0.2359699513919576,0.22403888643393724
0.2657718120805369,0.2680089485458613,0.2313199105145414,0.2348993288590604
0.26276076342654237,0.27030625832223704,0.23302263648468707,0.2339103417665335
0.25442477876106195,0.27654867256637167,0.23407079646017698,0.23495575221238937
0.2539045069165551,0.27710843373493976,0.23382418563141455,0.23516287371709058
0.2497797356828194,0.2779735682819383,0.23832599118942732,0.23392070484581498
0.2514463729417,0.2719181130396084,0.2394303515798843,0.2372051624388073
0.2474546259406817,0.27578574590526783,0.24435590969455512,0.23240371845949534
0.24988864142538975,0.27616926503340755,0.24320712694877505,0.23073496659242762
0.24788982674366947,0.27587738782763216,0.24655708573967125,0.2296756996890271
0.24702249669166298,0.2827525363917071,0.24437582708425232,0.2258491398323776
0.2580787959274015,0.2788844621513944,0.23328906595838866,0.2297476759628154
0.2592756183745583,0.28091872791519434,0.2336572438162544,0.22614840989399293
0.2552910052910053,0.2795414462081129,0.23544973544973544,0.22971781305114639
0.25975177304964536,0.2774822695035461,0.2327127659574468,0.2300531914893617
0.2601232394366197,0.27420774647887325,0.22931338028169015,0.2363556338028169
0.26029798422436456,0.2773882559158633,0.2287467134092901,0.23356704645048204
0.2597345132743363,0.2752212389380531,0.23097345132743363,0.23407079646017698
0.25673884224480775,0.27883340698188247,0.22492266902342023,0.23950508174988952
0.2583370386838595,0.2796798577145398,0.223654957759004,0.2383281458425967
0.2604259094942325,0.274622892635315,0.21960958296362024,0.2453416149068323
0.2602197802197802,0.27692307692307694,0.22065934065934065,0.2421978021978022
0.25934065934065936,0.28,0.21670329670329672,0.24395604395604395
0.26461538461538464,0.26857142857142857,0.21406593406593408,0.25274725274725274
0.26430755788553956,0.272608125819135,0.21494102228047182,0.24814329401485366
0.2612691466083151,0.27177242888402625,0.21575492341356675,0.2512035010940919
0.2581497797356828,0.2713656387665198,0.21541850220264316,0.2550660792951542
0.2605820105820106,0.26322751322751325,0.2191358024691358,0.2570546737213404
0.2613941018766756,0.2631814119749777,0.21715817694369974,0.258266309204647
0.2633214920071048,0.2602131438721137,0.21536412078152753,0.261101243339254
0.2671081677704194,0.2609271523178808,0.21015452538631346,0.2618101545253863
0.2668428005284016,0.2567151034786438,0.2166446499339498,0.25979744605900484
0.27024647887323944,0.2557218309859155,0.2125880281690141,0.261443661971831
0.2681095406360424,0.25662544169611307,0.21598939929328623,0.2592756183745583
0.26687251874724305,0.25893250992501105,0.21570357300397,0.25849139832377593
0.26654898499558694,0.2594880847308032,0.21403353927625773,0.2599293909973522
0.2685308477585442,0.2574345317354638,0.21793164669329781,0.2561029738126942
0.2654945054945055,0.2589010989010989,0.22329670329670329,0.2523076923076923
0.2640176600441501,0.25386313465783666,0.21986754966887417,0.26225165562913905
0.2656940760389036,0.2471264367816092,0.22015915119363394,0.26702033598585323
0.26740576496674057,0.247450110864745,0.21507760532150777,0.27006651884700666
0.2688028482421006,0.253671562082777,0.2087227414330218,0.2688028482421006
0.26989010989010986,0.2531868131868132,0.20835164835164835,0.26857142857142857
0.2751439964554719,0.24457244129375277,0.20558263181214,0.27470093043863536
0.2732049036777583,0.24737302977232925,0.2075306479859895,0.27189141856392296
0.2726870296591412,0.249667994687915,0.2036299247454626,0.2740150509074812
0.2655141843971631,0.250886524822695,0.21054964539007093,0.2730496453900709
0.2642258491398324,0.2505513895015439,0.21261579179532422,0.2726069695632995
0.26292725679228746,0.2506573181419807,0.21297107800175286,0.27344434706397897
0.268141592920354,0.24601769911504426,0.215929203539823,0.26991150442477874
0.26222222222222225,0.24266666666666667,0.22355555555555556,0.27155555555555555
0.2630415561450044,0.24358974358974358,0.22325375773651635,0.27011494252873564
0.2642762284196547,0.23328906595838866,0.22841965471447542,0.2740150509074812
0.26729138777331546,0.2284694332887104,0.2289156626506024,0.27532351628737173
0.26982720425343376,0.23172352680549402,0.22640673460345592,0.2720425343376163
0.2736935341009743,0.224977856510186,0.22984942426926483,0.27147918511957486
0.27414330218068533,0.22963951935914553,0.22518914107699153,0.27102803738317754
0.2696728558797524,0.22767462422634838,0.22988505747126436,0.27276746242263483
0.26963812886142985,0.22727272727272727,0.22771403353927624,0.27537511032656664
0.27480245829675154,0.22388059701492538,0.22256365232660227,0.2787532923617208
0.2639683238011439,0.22261328640563133,0.2278926528816542,0.2855257369115706
0.27042628774422733,0.21758436944937834,0.22735346358792186,0.28463587921847244
0.2720070422535211,0.2130281690140845,0.22755281690140844,0.28741197183098594
0.2787532923617208,0.208955223880597,0.22431957857769974,0.28797190517998245
0.27794962439239945,0.21343349536014142,0.22448077772867875,0.28413610251878035
0.27770419426048565,0.21236203090507727,0.23576158940397351,0.27417218543046357
0.2860310421286031,0.21197339246119734,0.2319290465631929,0.27006651884700666
0.2884359769605671,0.2095702259636686,0.22862206468763846,0.27337173238812584
0.2984014209591474,0.21092362344582594,0.22069271758436945,0.2699822380106572
0.2937554969217238,0.2022867194371152,0.22163588390501318,0.28232189973614774
0.2965090587715422,0.20592134334953602,0.22448077772867875,0.27308882015024305
0.29982285208148807,0.20062001771479185,0.2240921169176262,0.2754650132860939
0.2987128273413227,0.19751442521083,0.22503328894806923,0.27873945849977805
0.29273693534100975,0.19973427812223207,0.2263064658990257,0.2812223206377325
0.2975929978118162,0.19912472647702406,0.22056892778993437,0.2827133479212254
0.2957060646303674,0.19566179725542276,0.22576361221779548,0.28286852589641437
0.30022075055187636,0.19735099337748344,0.2194260485651214,0.28300220750551874
0.2991985752448798,0.19456812110418523,0.21460373998219057,0.29162956366874443
0.30043859649122806,0.20219298245614034,0.21403508771929824,0.2833333333333333
0.2964426877470356,0.2002635046113307,0.21519543258673693,0.28809837505489677
0.29934354485776804,0.2,0.21400437636761488,0.28665207877461707
0.3003082342580361,0.20167327168648172,0.2073976221928666,0.2906208718626156
0.29528426619656234,0.20890260026443366,0.20890260026443366,0.2869105332745703
0.29474149359257623,0.20901458241272647,0.21078214759169245,0.28546177640300485
0.29600351339481773,0.20816864295125165,0.20860781730346947,0.2872200263504611
0.2991111111111111,0.20977777777777779,0.21244444444444444,0.2786666666666667
0.30212014134275617,0.20759717314487633,0.2137809187279152,0.2765017667844523
0.3051519154557464,0.20343461030383092,0.21400264200792601,0.2774108322324967
0.30477465417224453,0.20214190093708165,0.21642124051762607,0.2766622043730477
0.3084070796460177,0.19601769911504424,0.22035398230088496,0.2752212389380531
0.30644454186760195,0.1981587023235423,0.21788689171416045,0.2775098640946953
0.3027604630454141,0.19857524487978628,0.2226179875333927,0.27604630454140694
0.30248799650807506,0.19642077695329552,0.2208642514185945,0.2802269751200349
0.30079505300353354,0.20273851590106007,0.21598939929328623,0.28047703180212014
0.3111013602457218,0.19789381307591047,0.21281263712154452,0.2781921895568232
0.305913739439751,0.2072032014228546,0.20942641173855048,0.2774566473988439
0.3076245041868665,0.20405464962538564,0.20669898633759365,0.28162185985015425
0.3137946231820185,0.20317320405464961,0.20890260026443366,0.2741295724988982
0.3157663592446201,0.20816864295125165,0.2015810276679842,0.27448397013614406
0.31588209414870216,0.2089749230092389,0.2045754509458865,0.27056753189617244
0.3180026281208936,0.2014892685063513,0.20543144984669295,0.2750766535260622
0.31437389770723106,0.20326278659611993,0.20634920634920634,0.2760141093474427
0.31793960923623443,0.20515097690941386,0.20737122557726465,0.26953818827708703
0.3233985765124555,0.20329181494661921,0.20462633451957296,0.26868327402135234
0.3212709620476611,0.20520741394527803,0.20697263901147397,0.26654898499558694
0.32266549758877683,0.2104340201665936,0.19903551074090312,0.26786497150372646
0.3327433628318584,0.20575221238938052,0.19557522123893806,0.265929203539823
0.3370190181335692,0.20212295444493586,0.19814241486068113,0.26271561256081377
0.3353927625772286,0.20476610767872905,0.19638128861429832,0.263459841129744
0.3281733746130031,0.21008403361344538,0.20035382574082264,0.26138876603272887
0.328,0.20977777777777779,0.2,0.26222222222222225
0.3328941589811155,0.2147562582345191,0.19543258673693456,0.25691699604743085
0.3334794040315513,0.2081507449605609,0.2011393514460999,0.2572304995617879
0.33541480820695807,0.20383586083853703,0.19803746654772525,0.2627118644067797
0.33069828722002637,0.2090469916556873,0.19587176108915239,0.26438296003513395
0.3333333333333333,0.20573951434878587,0.19293598233995585,0.26799116997792494
0.32763157894736844,0.2074561403508772,0.1986842105263158,0.2662280701754386
0.32191480017566976,0.2059727711901625,0.19982433025911286,0.2722880983750549
0.3271441202475685,0.20203359858532272,0.20335985853227231,0.26746242263483644
0.32744924977934686,0.1968225948808473,0.20079435127978817,0.27493380406001766
0.32109685979655017,0.1968155683325962,0.205218929677134,0.2768686421937196
0.3257978723404255,0.19592198581560283,0.20301418439716312,0.2752659574468085
0.32216835610401057,0.19479947113265755,0.20493609519612163,0.2780960775672102
0.32182381584772024,0.1983178397521027,0.2014165559982293,0.2784417884019478
0.3227653016292382,0.19638925583443417,0.19947159841479525,0.2813738441215324
0.31894273127753303,0.2,0.19251101321585903,0.28854625550660795
0.317404647084612,0.19772029811486191,0.1968434896975011,0.28803156510302497
0.3146915224145584,0.19529516200621394,0.1979582778517532,0.2920550377274745
0.31782265144863914,0.1957857769973661,0.19139596136962247,0.29499561018437226
0.3108167770419426,0.2,0.19161147902869757,0.2975717439293598
0.30606860158311344,0.19788918205804748,0.19656992084432717,0.2994722955145119
0.3125827814569536,0.19514348785871966,0.18984547461368653,0.30242825607064017
0.318141592920354,0.19469026548672566,0.1831858407079646,0.30398230088495576
0.3149536832818703,0.1940891045434495,0.18835465372739302,0.3026025584472872
0.3143487858719647,0.19735099337748344,0.1902869757174393,0.2980132450331126
0.3142353459673865,0.19215513442044954,0.19435874834728956,0.29925077126487437
0.3130242825607064,0.19293598233995585,0.20044150110375275,0.293598233995585
0.3148312611012433,0.19538188277087035,0.1913854351687389,0.2984014209591474
0.316651904340124,0.19220549158547387,0.1886625332152347,0.3024800708591674
0.3131578947368421,0.19736842105263158,0.1912280701754386,0.2982456140350877
0.3151837096060204,0.19477644975652944,0.19034971226206285,0.29969012837538733
0.31866197183098594,0.19630281690140844,0.18705985915492956,0.29797535211267606
0.3168669336893636,0.19314641744548286,0.19047619047619047,0.29951045838896306
0.3243003109729009,0.1905819635717459,0.18613949355841847,0.2989782318969347
0.325185508511567,0.1911828895678743,0.18332605848974248,0.3003055434308162
0.32409850483729113,0.18909410729991205,0.18601583113456466,0.3007915567282322
0.3225098727512067,0.1943835015357613,0.18429135585783238,0.29881526985519963
0.32355555555555554,0.1942222222222222,0.17644444444444443,0.30577777777777776
0.3241317898486198,0.19145146927871773,0.1798753339269813,0.3045414069456812
0.32395604395604394,0.19516483516483515,0.17758241758241758,0.3032967032967033
0.3233480176211454,0.19383259911894274,0.17973568281938326,0.3030837004405286
0.3232456140350877,0.1912280701754386,0.17894736842105263,0.30657894736842106
0.32468694096601075,0.1873881932021467,0.18559928443649373,0.3023255813953488
0.3283516483516484,0.1854945054945055,0.18285714285714286,0.3032967032967033
0.3261727312582201,0.18851380973257342,0.1841297676457694,0.3011836913634371
0.32497801231310464,0.18249780123131046,0.18161829375549693,0.31090589270008795
0.32341181697023547,0.18702798756108396,0.18569524655708575,0.3038649489115948
0.32275132275132273,0.18474426807760141,0.18871252204585537,0.3037918871252205
0.3191865605658709,0.1865605658709107,0.1874447391688771,0.3068081343943413
0.3186036235086169,0.18294299602297834,0.18912947414935927,0.3093239063190455
0.31507449605609117,0.18711656441717792,0.18755477651183172,0.3102541630148992
0.31882145998240985,0.1851363236587511,0.18557607739665788,0.31046613896218117
0.31551038444542645,0.18205921343349535,0.18692001767565178,0.31551038444542645
0.3243482103402563,0.17852408307556342,0.18780380026513477,0.3093239063190455
0.3232056362835755,0.18229854689564068,0.18978423601937472,0.3047115808014091
0.32754784156653316,0.1833555852247441,0.1811303960836671,0.30796617712505564
0.3228520814880425,0.18069087688219662,0.18467670504871567,0.31178033658104515
0.32169686257180735,0.1855943437914273,0.18250110472823686,0.3102076889085285
0.31604609929078015,0.1848404255319149,0.1848404255319149,0.31427304964539005
0.32087227414330216,0.1860258121940365,0.18202047174009792,0.31108144192256343
0.32391879964695497,0.18402471315092675,0.1853486319505737,0.3067078552515446
0.317311971517579,0.1864708500222519,0.1882510013351135,0.30796617712505564
0.3189806678383128,0.18453427065026362,0.18892794376098418,0.30755711775043937
0.31645569620253167,0.18638149279790484,0.18943692710606722,0.3077258838934963
0.3147163120567376,0.18306737588652483,0.18838652482269502,0.31382978723404253
0.3163941670349094,0.18471056120194432,0.18603623508616882,0.31285903667697745
0.31941359395824076,0.18302976454908929,0.18347401155042203,0.3140826299422479
0.31555751432349055,0.18510356985456147,0.18289995592772146,0.31643895989422655
0.3212228622064688,0.17678334071776694,0.18785999113867966,0.3141338059370846
0.3216814159292035,0.17699115044247787,0.18628318584070797,0.31504424778761064
0.31776112825033054,0.1767298369325694,0.18995152049360953,0.31555751432349055
0.3186470850022252,0.17623497997329773,0.1855807743658211,0.319537160658656
0.31443755535872453,0.1767050487156776,0.18467670504871567,0.32418069087688217
0.31746031746031744,0.17504409171075838,0.18077601410934743,0.32671957671957674
0.31390728476821195,0.17439293598233996,0.18233995584988963,0.3293598233995585
0.31541850220264317,0.17797356828193833,0.173568281938326,0.33303964757709253
0.31382978723404253,0.18306737588652483,0.17464539007092197,0.32845744680851063
0.31828242585214694,0.1783975210270031,0.1783975210270031,0.32492253209384686
0.3151837096060204,0.1783975210270031,0.1783975210270031,0.3280212483399734
0.31008440693025324,0.1808085295424256,0.1754775655264327,0.3336294980008885
0.31224944320712694,0.18262806236080179,0.177728285077951,0.3273942093541203
0.3129161118508655,0.18153573013759433,0.18020417221482468,0.3253439857967155
0.31119964586100046,0.18193891102257637,0.1814962372731297,0.3253652058432935
0.3095552619991193,0.17965653896961692,0.1831792162043153,0.3276089828269485
0.31175693527080584,0.1805372082782915,0.18405988551298988,0.3236459709379128
0.30823117338003503,0.18388791593695272,0.17688266199649738,0.3309982486865149
0.3079630444346678,0.18565772107347117,0.17069951605807304,0.33567971843378797
0.311922569291685,0.1913770347558293,0.1680598328200616,0.3286405631324241
0.3162995594713656,0.1907488986784141,0.16740088105726872,0.32555066079295153
0.3141967067200712,0.19003115264797507,0.17044948820649755,0.32532265242545616
0.3101769911504425,0.18761061946902655,0.1747787610619469,0.3274336283185841
0.31551038444542645,0.18692001767565178,0.1661511268228016,0.3314184710561202
0.31384615384615383,0.1934065934065934,0.17098901098901098,0.32175824175824175
0.3114323258869908,0.19404292597459483,0.17345597897503284,0.3210687691633815
0.3156043956043956,0.19516483516483515,0.16747252747252747,0.32175824175824175
0.3168056164984642,0.1952610794207986,0.16805616498464238,0.3198771390960948
0.32142857142857145,0.19091710758377425,0.17504409171075838,0.31261022927689597
0.32242370632463513,0.19327731092436976,0.1685095090667846,0.3157894736842105
0.3193534294451726,0.1983398864132809,0.1690694626474443,0.3132372214941022
0.3167181296868108,0.19717688575209527,0.1768857520952801,0.30921923246581384
0.316651904340124,0.19309123117803365,0.17891939769707707,0.31133746678476526
0.32030208796090626,0.19857840959573522,0.17414482452243446,0.30697467792092403
0.3182624113475177,0.20124113475177305,0.17109929078014185,0.30939716312056736
0.3180026281208936,0.2041173893999124,0.17170389837932545,0.3061760840998686
0.31380381713271194,0.20816688859298713,0.1748779405237461,0.3031513537505548
0.31299385425812115,0.2067603160667252,0.17471466198419666,0.305531167690957
0.31051236749116606,0.2067137809187279,0.1775618374558304,0.3052120141342756
0.30874558303886923,0.2067137809187279,0.17579505300353357,0.30874558303886923
0.3060513713539399,0.20983892033086635,0.17936438833260776,0.30474531998258597
0.2975717439293598,0.21324503311258278,0.18189845474613686,0.3072847682119205
0.2979865771812081,0.21297539149888142,0.1767337807606264,0.3123042505592841
0.3027765535478184,0.2119876597620097,0.17893345085940943,0.30630233583076244
0.30558015943312666,0.21346324180690876,0.17227635075287864,0.30868024800708593
0.30779392338177014,0.20783795684720388,0.17613386173491855,0.30823425803610743
0.3076580587711487,0.21148708815672307,0.1682991985752449,0.31255565449688333
0.3127208480565371,0.21024734982332155,0.1709363957597173,0.30609540636042404
0.3028972783143108,0.21202809482001755,0.17120280948200176,0.31387181738366987
0.3025732031943212,0.20496894409937888,0.1730257320319432,0.3194321206743567
0.2995575221238938,0.21371681415929203,0.1738938053097345,0.31283185840707967
0.30165104863900044,0.2177599286033021,0.1749219098616689,0.30566711289602855
0.2919418758256275,0.22016732716864817,0.17569352708058125,0.31219726992514313
0.2993377483443709,0.2194260485651214,0.17218543046357615,0.3090507726269316
0.3023152270703473,0.21994657168299198,0.17230632235084595,0.3054318788958148
0.3057380639509417,0.2172579938677179,0.17082785808147175,0.3061760840998686
0.29767645769399387,0.22183252959228408,0.16703200350723366,0.3134590092064884
0.29819144243493606,0.21702690780767533,0.1729157476841641,0.3118659020732245
0.29632867132867136,0.21634615384615385,0.17132867132867133,0.3159965034965035
0.29805137289636846,0.22187776793622674,0.1687333923826395,0.31133746678476526
0.29427312775330394,0.22290748898678414,0.17048458149779736,0.31233480176211453
0.29046563192904656,0.22439024390243903,0.17073170731707318,0.3144124168514412
0.2918340026773762,0.22668451584114235,0.1642124051762606,0.3172690763052209
0.2884191985909291,0.21972699251431088,0.16556583003082342,0.32628797886393657
0.2835689045936396,0.2230565371024735,0.16386925795053003,0.3295053003533569
0.281346920691183,0.22286220646876384,0.16614975631369075,0.3296411165263624
0.2769367764915405,0.22217275155832591,0.17275155832591274,0.3281389136242208
0.27665198237885463,0.2198237885462555,0.17400881057268722,0.3295154185022026
0.273576512455516,0.2139679715302491,0.17793594306049823,0.33451957295373663
0.2772407732864675,0.22451669595782073,0.17311072056239016,0.3251318101933216
0.2782956058588549,0.21526853084775854,0.17576564580559254,0.33067021748779407
0.27900797165633306,0.22099202834366696,0.17803365810451727,0.32196634189548273
0.2783687943262411,0.21941489361702127,0.18306737588652483,0.3191489361702128
0.28615794143744455,0.22005323868677906,0.18322981366459629,0.3105590062111801
0.28596646072374227,0.2118270079435128,0.1884377758164166,0.3137687555163283
0.2890453145622525,0.21073471183457984,0.18873735151781787,0.31148262208534977
0.2926829268292683,0.21374722838137472,0.1844789356984479,0.3090909090909091
0.291906236178682,0.2127377266696152,0.18487394957983194,0.31048208757187085
0.29469026548672567,0.21194690265486726,0.1902654867256637,0.3030973451327434
0.29217926186291737,0.2139718804920914,0.1937609841827768,0.30008787346221444
0.2873051224944321,0.21202672605790646,0.19465478841870823,0.3060133630289532
0.286660777385159,0.2124558303886926,0.19169611307420495,0.30918727915194344
0.2821631051024858,0.20889664195377236,0.19581334496293065,0.31312690798081116
0.28602811950790863,0.20298769771529,0.19507908611599298,0.31590509666080846
0.28040689960194604,0.20168067226890757,0.19902697921273774,0.3188854489164087
0.2801953818827709,0.20293072824156305,0.19849023090586146,0.31838365896980464
0.28451698279664756,0.20423467137185708,0.19541243934715483,0.3158359064843405
0.28495809439788267,0.2086457873842082,0.1940891045434495,0.3123070136744596
0.28225451343020697,0.20079260237780713,0.19815059445178335,0.3188022897402025
0.2850177304964539,0.20124113475177305,0.19680851063829788,0.31693262411347517
0.29091706888986396,0.20052654673102238,0.1970162351908732,0.31154014918824047
0.2888102609464839,0.19902697921273774,0.19858469703670942,0.31357806280406897
0.2957249889819304,0.19568091670339358,0.1983252534156016,0.31026884089907447
0.28979771328056286,0.20184696569920843,0.1943711521547933,0.31398416886543534
0.2911111111111111,0.20355555555555555,0.19377777777777777,0.31155555555555553
0.28741721854304636,0.2,0.19249448123620308,0.3200883002207506
0.28923076923076924,0.20131868131868133,0.19164835164835164,0.3178021978021978
0.2874015748031496,0.20297462817147857,0.18985126859142606,0.31977252843394577
0.2947136563876652,0.20352422907488987,0.18590308370044054,0.3158590308370044
0.2944812362030905,0.19735099337748344,0.1836644591611479,0.32450331125827814
0.291321412996075,0.2006105538595726,0.18360226777147842,0.32446576537287397
0.291044776119403,0.19798068481123793,0.18217734855136083,0.3287971905179982
0.2913177611282503,0.1983252534156016,0.18466284706919348,0.3256941383869546
0.2955947136563877,0.1973568281938326,0.18325991189427313,0.3237885462555066
0.2937803264225849,0.1985002205558006,0.18173797970886635,0.3259814733127481
0.29677134011499334,0.19725785050862452,0.1826625386996904,0.3233082706766917
0.30004418912947417,0.1939902783915157,0.17498895271763146,0.3309765797613787
0.29469026548672567,0.18938053097345134,0.17699115044247787,0.33893805309734515
0.2967032967032967,0.18637362637362637,0.17274725274725275,0.34417582417582415
0.2932564330079858,0.1836734693877551,0.17480035492457852,0.3482697426796806
0.30124777183600715,0.1800356506238859,0.17379679144385027,0.3449197860962567
0.30083078268473984,0.17665063401836467,0.17708788806296458,0.34543069523393094
0.29651162790697677,0.1838103756708408,0.17754919499105545,0.342128801431127
0.2982612572447615,0.1854658938921088,0.17432010699955416,0.34195274186357555
0.30167844522968196,0.18153710247349825,0.17358657243816256,0.34319787985865724
0.2988505747126437,0.1865605658709107,0.17374005305039789,0.34084880636604775
0.29476462824461064,0.18433787945446548,0.18345798504179497,0.3374395072591289
0.2987241531016278,0.1825780906291245,0.18785745710514737,0.3308402991641003
0.29701230228471004,0.18321616871704746,0.18892794376098418,0.3308435852372584
0.29521276595744683,0.18528368794326242,0.1901595744680851,0.32934397163120566
0.2956252761820592,0.18338488731771985,0.19001325673884226,0.3309765797613787
0.2973928413610252,0.18073353954927088,0.1926646045072912,0.32920901458241275
0.29723805348531346,0.18018412976764578,0.19245944761069705,0.3301183691363437
0.29911894273127754,0.17929515418502204,0.19339207048458149,0.32819383259911894
0.30004438526409233,0.18197958277851753,0.19263204616067467,0.3253439857967155
0.3047534429142603,0.18169702354509107,0.1919147045757441,0.3216348289649045
0.30409872190392245,0.17893345085940943,0.19524019391802555,0.32172763331864257
0.2995126273814798,0.18165706690296854,0.19317678334071778,0.32565352237483386
0.3010752688172043,0.1814516129032258,0.19310035842293907,0.32437275985663083
0.2985008818342152,0.18606701940035272,0.19268077601410935,0.32275132275132273
0.3022636484687084,0.18020417221482468,0.19130048823790502,0.3262316910785619
0.29916040653999115,0.18205921343349535,0.1948740609809987,0.3239063190455148
0.30610452349582784,0.181379007465964,0.18840579710144928,0.3241106719367589
0.30398230088495576,0.18008849557522125,0.18628318584070797,0.32964601769911506
0.3026200873362445,0.17903930131004367,0.18602620087336244,0.3323144104803493
0.3030973451327434,0.1765486725663717,0.18451327433628317,0.33584070796460175
0.3013274336283186,0.18451327433628317,0.18141592920353983,0.3327433628318584
0.295837023914969,0.17759078830823738,0.183348095659876,0.3432240921169176
0.2937554969217238,0.1789797713280563,0.18425681618293754,0.34300791556728233
0.30057547587428063,0.17352810978308986,0.18326693227091634,0.3426294820717131
0.3029229406554473,0.1705048715677591,0.17980513728963685,0.3467670504871568
0.2989916703200351,0.1701008329679965,0.18281455501972818,0.34809294169224025
0.30262572318647085,0.16911437472185137,0.17445482866043613,0.3538050734312417
0.2967372134038801,0.1693121693121693,0.17504409171075838,0.35890652557319225
0.2919772029811486,0.17667689609820253,0.17448487505480054,0.35686102586584834
0.29292929292929293,0.1769872639437857,0.17347386912604304,0.35660957400087834
0.2913140311804009,0.17639198218262805,0.1759465478841871,0.35634743875278396
0.2922192749778957,0.17064544650751548,0.1825817860300619,0.35455349248452694
0.2910612065169529,0.17789520035226772,0.1831792162043153,0.3478643769264641
0.2965914121292607,0.17574147853032315,0.1783975210270031,0.34926958831341304
0.2974156811213316,0.17608409986859397,0.18177836180464302,0.34472185720543147
0.2923076923076923,0.17758241758241758,0.18153846153846154,0.3485714285714286
0.29391151992991676,0.17958826106000875,0.18134034165571616,0.3451598773543583
0.29991126885536823,0.18145519077196096,0.1836734693877551,0.3349600709849157
0.298513986013986,0.17744755244755245,0.18006993006993008,0.34396853146853146
0.2987352812908853,0.17793283907544702,0.18796336676842565,0.33536851286524205
0.3013998250218723,0.17016622922134733,0.18985126859142606,0.33858267716535434
0.30687830687830686,0.16358024691358025,0.18738977072310406,0.3421516754850088
0.3084029916410031,0.1592608886933568,0.19049714034315882,0.3418389793224813
0.3115114235500879,0.1594903339191564,0.19024604569420034,0.3387521968365554
0.29934065934065934,0.16307692307692306,0.18857142857142858,0.34901098901098904
0.30135786246167323,0.1590013140604468,0.19316688567674112,0.34647393780113883
0.30480811645346273,0.16321129245699162,0.18703131892368768,0.34494927216585797
0.30826410144293837,0.160034980323568,0.1884564932225623,0.34324442501093133
0.3025322079075966,0.16037316748111952,0.1919147045757441,0.34517992003553977
0.3039041703637977,0.1601597160603372,0.19343389529724933,0.34250221827861577
0.30048394192696876,0.16102067751869775,0.194456665200176,0.3440387153541575
0.3035635723713154,0.15574131104267488,0.19665640123185218,0.3440387153541575
0.3032714412024757,0.15826702033598586,0.2002652519893899,0.33819628647214856
0.30455740578439966,0.16345311130587203,0.19807186678352323,0.3339176161262051
0.29664014146772766,0.16091954022988506,0.20733863837312114,0.33510167992926615
0.2995169082125604,0.15239350021958717,0.21124286341677645,0.33684672815107597
0.29645824223874073,0.1530389156099694,0.21119370354175776,0.33930913860953216
0.29701230228471004,0.15026362038664323,0.21221441124780316,0.3405096660808436
0.29334500875656744,0.15148861646234676,0.2105954465849387,0.3445709281961471
0.29525483304042177,0.15289982425307558,0.20913884007029876,0.3427065026362039
0.29476950354609927,0.15469858156028368,0.20567375886524822,0.3448581560283688
0.30123674911660775,0.15591872791519434,0.20141342756183744,0.3414310954063604
0.3025618374558304,0.15724381625441697,0.2049469964664311,0.33524734982332155
0.30358705161854765,0.15354330708661418,0.20384951881014873,0.33902012248468943
0.30742049469964666,0.15415194346289754,0.20273851590106007,0.33568904593639576
0.30667255855059655,0.15598762704374725,0.1992929739284136,0.3380468404772426
0.29933481152993346,0.15654101995565411,0.20133037694013303,0.34279379157427936
0.2983081032947462,0.1522707034728406,0.20614425645592163,0.3432769367764915
0.30088105726872244,0.14933920704845816,0.20088105726872246,0.34889867841409694
0.2969991173874669,0.15180935569285084,0.19858781994704325,0.352603706972639
0.3047703180212014,0.15106007067137808,0.19390459363957596,0.3502650176678445
0.3037135278514589,0.15296198054818744,0.1962864721485411,0.34703801945181256
0.3087719298245614,0.15175438596491228,0.19342105263157894,0.3460526315789474
0.30633802816901406,0.1500880281690141,0.18970070422535212,0.3538732394366197
0.3098159509202454,0.15074496056091147,0.19412795793163892,0.3453111305872042
0.3037135278514589,0.15030946065428824,0.1958443854995579,0.35013262599469497
0.30597992143168923,0.15102575294631165,0.19773024879965082,0.34526407682234833
0.30725274725274726,0.15076923076923077,0.19956043956043956,0.3424175824175824
0.3097228332600088,0.15442146942366916,0.1957765068191817,0.34007919049714036
0.3085059497576025,0.15601586602027326,0.19568091670339358,0.33979726751873074
0.3058103975535168,0.1564001747487986,0.19921363040629095,0.33857579729139364
0.3118421052631579,0.15087719298245614,0.1969298245614035,0.34035087719298246
0.3200525394045534,0.14798598949211908,0.19527145359019266,0.3366900175131349
0.32212389380530976,0.1517699115044248,0.18893805309734513,0.33716814159292036
0.31902654867256636,0.16017699115044248,0.18628318584070797,0.3345132743362832
0.3235685752330226,0.158011540168664,0.18597425654682645,0.3324456280514869
0.31998219848687137,0.1584334668446818,0.1882510013351135,0.3333333333333333
0.32172763331864257,0.15689731159100925,0.19083296606434552,0.33054208902600263
0.3217429577464789,0.15845070422535212,0.1857394366197183,0.3340669014084507
0.32262382864792505,0.1601963409192325,0.18250780901383312,0.33467202141900937
0.3233985765124555,0.16548042704626334,0.17660142348754448,0.33451957295373663
0.3261348611723226,0.16659321286910533,0.17144116350815336,0.3358307624504187
0.3289241622574956,0.1644620811287478,0.17063492063492064,0.335978835978836
0.3330380868024801,0.1616474756421612,0.17183348095659876,0.33348095659876
0.33362483602973325,0.160034980323568,0.16878006121556624,0.3375601224311325
0.3297966401414677,0.15870910698496907,0.17197170645446508,0.3395225464190981
0.33554670208056664,0.15493581230633025,0.16954404603806994,0.3399734395750332
0.33362560280578696,0.1569487067075844,0.1718544498027181,0.3375712406839106
