C,D,Oc,Od
0.0,1.0,0.0,0.0
0.0,0.3333333333333333,0.0,0.6666666666666666
0.0,0.16666666666666666,0.0,0.8333333333333334
0.0,0.18181818181818182,0.18181818181818182,0.6363636363636364
0.0,0.2,0.25,0.55
0.06060606060606061,0.15151515151515152,0.2727272727272727,0.5151515151515151
0.10344827586206896,0.1724137931034483,0.27586206896551724,0.4482758620689655
0.125,0.14772727272727273,0.32954545454545453,0.3977272727272727
0.1297709923664122,0.16030534351145037,0.35877862595419846,0.3511450381679389
0.15425531914893617,0.14893617021276595,0.3723404255319149,0.324468085106383
0.17110266159695817,0.1444866920152091,0.3688212927756654,0.3155893536121673
0.192090395480226,0.1384180790960452,0.3559322033898305,0.3135593220338983
0.2046908315565032,0.14925373134328357,0.34328358208955223,0.302771855010661
0.21746575342465754,0.1404109589041096,0.3407534246575342,0.3013698630136986
0.22482758620689655,0.14344827586206896,0.34620689655172415,0.28551724137931034
0.23825887743413515,0.13631156930126,0.3344788087056128,0.290950744558992
0.2376425855513308,0.12832699619771862,0.3488593155893536,0.28517110266159695
0.2489451476793249,0.1308016877637131,0.3434599156118143,0.2767932489451477
0.251297257227576,0.12157153446997776,0.3476649369903632,0.279466271312083
0.25412541254125415,0.11683168316831684,0.3577557755775578,0.2712871287128713
0.25121951219512195,0.12012195121951219,0.3652439024390244,0.2634146341463415
0.25449438202247193,0.12134831460674157,0.36797752808988765,0.25617977528089886
0.2572330352446081,0.11888479747501315,0.37559179379274066,0.24829037348763808
0.25076142131979695,0.12284263959390863,0.3802030456852792,0.24619289340101522
0.2487852283770651,0.12439261418853255,0.3872691933916424,0.23955296404275997
0.2451398767188241,0.13039355144618303,0.38738738738738737,0.2370791844476055
0.24953959484346225,0.12753222836095765,0.38535911602209943,0.23756906077348067
0.25338753387533874,0.12330623306233063,0.3888888888888889,0.23441734417344173
0.2546501328609389,0.12267493356953056,0.3888396811337467,0.23383525243578387
0.25111906893464636,0.12309758281110117,0.38585496866606983,0.23992837958818264
0.2537313432835821,0.1299385425812116,0.38410886742756806,0.23222124670763827
0.25011008366358434,0.1316600616468516,0.38793483047115807,0.23029502421840597
0.24706904038211028,0.13330438558402083,0.3808076422058185,0.23881893182805036
0.2506619593998235,0.13018534863195058,0.3808473080317741,0.2383053839364519
0.2507672073651907,0.13371328364752302,0.3792196405085489,0.2362998684787374
0.2539543057996485,0.1304920913884007,0.37609841827768015,0.23945518453427064
0.2509838216003498,0.13336248360297331,0.37822474857892435,0.2374289462177525
0.25364560318161733,0.13212549712770658,0.3760494918250111,0.23817940786566505
0.24858264282599216,0.13126907980811164,0.3798517226341038,0.2402965547317924
0.25011008366358434,0.13430206957287538,0.380449141347424,0.23513870541611626
0.2541557305336833,0.13517060367454067,0.3783902012248469,0.23228346456692914
0.2515391380826737,0.14072119613016712,0.37994722955145116,0.227792436235708
0.2541998231653404,0.138815207780725,0.381078691423519,0.22590627763041557
0.2555358724534987,0.13684676705048715,0.38175376439326836,0.22586359610274578
0.25692916849978004,0.14078310602727673,0.38099428068631763,0.2212934447866256
0.26153846153846155,0.1432967032967033,0.37142857142857144,0.22373626373626374
0.25919361984935757,0.14133805937084626,0.37040319007532124,0.22906513070447496
0.2626970227670753,0.14535901926444833,0.36427320490367776,0.2276707530647986
0.2612137203166227,0.1455584872471416,0.36675461741424803,0.2264731750219877
0.26499118165784835,0.14770723104056438,0.35802469135802467,0.2292768959435626
0.26048951048951047,0.15122377622377622,0.3583916083916084,0.2298951048951049
0.26616805983282005,0.15310162780466344,0.35459744830620327,0.22613286405631325
0.26465364120781526,0.15674955595026643,0.3561278863232682,0.22246891651865008
0.26108156028368795,0.15780141843971632,0.3546099290780142,0.22650709219858156
0.2651080723423026,0.1588001764446405,0.35156594618438464,0.22452580502867225
0.27232732072151344,0.161460624725033,0.3396392432908051,0.22657281126264847
0.2724879333040807,0.16805616498464238,0.33040807371654235,0.22904782799473453
0.2638580931263858,0.16895787139689578,0.3348115299334812,0.23237250554323724
0.2571554381329811,0.17349185380889476,0.3342140026420079,0.23513870541611626
0.25838779956427016,0.17821350762527233,0.33202614379084966,0.23137254901960785
0.2578809106830123,0.17732049036777583,0.32705779334500873,0.23774080560420316
0.25935711140466755,0.17217084984588288,0.3249669749009247,0.24350506384852488
0.26722246599385696,0.17595436594997807,0.3198771390960948,0.2369460289600702
0.26902654867256637,0.17610619469026548,0.318141592920354,0.23672566371681417
0.26573426573426573,0.17613636363636365,0.32036713286713286,0.23776223776223776
0.26786497150372646,0.18062253397632616,0.31521262604121,0.2362998684787374
0.26693227091633465,0.1814962372731297,0.3196104471004869,0.2319610447100487
0.2643979057591623,0.18324607329842932,0.3163176265270506,0.23603839441535776
0.26666666666666666,0.18631346578366445,0.3050772626931567,0.24194260485651214
0.26413427561837455,0.18242049469964663,0.31404593639575973,0.2393992932862191
0.26742656729504605,0.1819377466023674,0.30995177553704517,0.24068391056554142
0.27472527472527475,0.17802197802197803,0.30813186813186816,0.23912087912087912
0.2717678100263852,0.18073878627968337,0.3038698328935796,0.2436235708003518
0.276623950508175,0.173663278833407,0.30623066725585507,0.24348210340256296
0.28071709663314387,0.1709663314385658,0.3030170529077394,0.24529951902055094
0.27264808362369336,0.1759581881533101,0.30052264808362367,0.2508710801393728
0.2652613087395696,0.17523056653491437,0.30303030303030304,0.256477821695213
0.26327433628318586,0.1738938053097345,0.30619469026548674,0.25663716814159293
0.2671957671957672,0.17592592592592593,0.3029100529100529,0.25396825396825395
0.26453617399023527,0.18064802485574788,0.30048823790501555,0.25432756324900135
0.26992514310876264,0.1712901805372083,0.3047115808014091,0.25407309555262
0.26195699868363315,0.1763931548924967,0.3018867924528302,0.25976305397103994
0.2596026490066225,0.17660044150110377,0.30816777041942606,0.2556291390728477
0.2578947368421053,0.1837719298245614,0.3048245614035088,0.2535087719298246
0.26185297955632886,0.17703349282296652,0.30578512396694213,0.2553284036537625
0.26444833625218916,0.17206654991243434,0.30910683012259194,0.2543782837127846
0.26681318681318683,0.1723076923076923,0.3068131868131868,0.2540659340659341
0.26278659611992944,0.18121693121693122,0.294973544973545,0.26102292768959434
0.26384648931530746,0.17531617967727867,0.29960750109027473,0.2612298299171391
0.2650442477876106,0.17787610619469027,0.3,0.2570796460176991
0.2618520159503766,0.18077093486929552,0.2955250332299513,0.2618520159503766
0.2678963548528766,0.17742643829600352,0.29907773386034253,0.25559947299077734
0.26605101143359716,0.17985927880386984,0.29771328056288476,0.2563764291996482
0.2667844522968198,0.178886925795053,0.2946113074204947,0.2597173144876325
0.2689260563380282,0.1875,0.29005281690140844,0.2535211267605634
0.26016615653694797,0.1919545255793616,0.29208570179274157,0.25579361609094886
0.26264848218213815,0.19181698196216454,0.28596568411790585,0.2595688517377915
0.2570052539404553,0.19483362521891417,0.28546409807355516,0.2626970227670753
0.26081200353045014,0.19549867608120036,0.2886142983230362,0.25507502206531335
0.2629955947136564,0.18898678414096917,0.2973568281938326,0.25066079295154187
0.2631118881118881,0.1866258741258741,0.2893356643356643,0.26092657342657344
0.2596830985915493,0.18794014084507044,0.29313380281690143,0.2592429577464789
0.2531700918233494,0.19064276344556186,0.2960209881941408,0.26016615653694797
0.2527280663465735,0.19292885202968135,0.2920122217372326,0.26233085988651245
0.2522163120567376,0.1875,0.30097517730496454,0.25930851063829785
0.24857268335529206,0.18972332015810275,0.3021519543258674,0.2595520421607378
0.24803836094158674,0.1913687881429817,0.2990409764603313,0.26155187445510025
0.25055236411842685,0.19133893062306673,0.30048608042421565,0.25762262483429077
0.24618070711479703,0.19423832387603668,0.2981230903535574,0.2614578786556089
0.24967148488830487,0.19754708716600963,0.2965396408234779,0.25624178712220763
0.24562937062937062,0.1979895104895105,0.298513986013986,0.25786713286713286
0.24742729306487696,0.1982102908277405,0.2993288590604027,0.2550335570469799
0.2565352237483385,0.1998227735932654,0.2959680992467878,0.24767390341160833
0.25054945054945055,0.20483516483516484,0.2923076923076923,0.2523076923076923
0.2532981530343008,0.20536499560246263,0.2884784520668426,0.25285839929639403
0.25870427501101806,0.20713970912296165,0.2794182459233142,0.254737769942706
0.25886524822695034,0.20877659574468085,0.2770390070921986,0.2553191489361702
0.25820763087843834,0.21029281277728482,0.27817213842058564,0.25332741792369123
0.2596830985915493,0.21038732394366197,0.272887323943662,0.25704225352112675
0.2630884293884734,0.21293444786625604,0.2683677958644963,0.2556093268807743
0.2640597539543058,0.20826010544815465,0.2666959578207381,0.2609841827768014
0.2615923009623797,0.20822397200349957,0.2655293088363955,0.2646544181977253
0.2607361963190184,0.2077125328659071,0.26730937773882557,0.2642418930762489
0.2680140597539543,0.20342706502636204,0.26537785588752194,0.2631810193321617
0.2710239651416122,0.20348583877995643,0.26187363834422656,0.2636165577342048
0.2692476902771667,0.20369555653321603,0.2683677958644963,0.258688957325121
0.2744924977934687,0.19638128861429832,0.26963812886142985,0.2594880847308032
0.2733245729303548,0.20192728865527815,0.26982041173894,0.25492772667542707
0.2720070422535211,0.19410211267605634,0.2715669014084507,0.2623239436619718
0.2736098852603707,0.1915269196822595,0.27007943512797883,0.264783759929391
0.2769162605228179,0.19273371732388125,0.2653965440850687,0.26495347806823216
0.2794759825327511,0.19213973799126638,0.2663755458515284,0.26200873362445415
0.27240926978574553,0.20157411456055968,0.2623524267599475,0.26366418889374726
0.273286467486819,0.19727592267135324,0.2671353251318102,0.2623022847100176
0.2745792736935341,0.1966341895482728,0.26395039858281666,0.26483613817537643
0.27596830985915494,0.19630281690140844,0.25440140845070425,0.2733274647887324
0.27492314448836186,0.19543258673693456,0.25691699604743085,0.2727272727272727
0.26912811387900354,0.19261565836298933,0.25756227758007116,0.28069395017793597
0.27244444444444443,0.19244444444444445,0.25955555555555554,0.27555555555555555
0.28063943161634103,0.19316163410301954,0.25355239786856126,0.27264653641207814
0.2851441241685144,0.19778270509977827,0.24789356984478936,0.26917960088691795
0.2828860536735592,0.2023757149142103,0.24769027716674,0.26704795424549055
0.2833333333333333,0.2013157894736842,0.24780701754385964,0.2675438596491228
0.287521815008726,0.1980802792321117,0.2513089005235602,0.2630890052356021
0.2877379371403276,0.2036299247454626,0.2545374059318282,0.2540947321823816
0.28979771328056286,0.19876868953386104,0.25285839929639403,0.25857519788918204
0.29414354909731394,0.1955085865257596,0.2536327608982827,0.2567151034786438
0.2946666666666667,0.19511111111111112,0.2604444444444444,0.24977777777777777
0.29393536963258077,0.19566179725542276,0.2589641434262948,0.25143868968570166
0.29455992923485186,0.19460415745245466,0.25386996904024767,0.25696594427244585
0.29530495831505044,0.19745502413339183,0.2505484861781483,0.2566915313734094
0.2895769733972961,0.198430004361099,0.25076319232446576,0.2612298299171391
0.2930048394192697,0.19753629564452266,0.25208974923009236,0.25736911570611526
0.2857142857142857,0.20105820105820105,0.2526455026455027,0.2605820105820106
0.2878521126760563,0.20158450704225353,0.2522007042253521,0.258362676056338
0.28565179352580927,0.20778652668416447,0.24759405074365703,0.2589676290463692
0.2884191985909291,0.20651695288419197,0.24834874504623514,0.2567151034786438
0.28270412642669007,0.21290605794556627,0.24582967515364354,0.2585601404741001
0.2820284697508897,0.2148576512455516,0.2508896797153025,0.25222419928825623
0.2864721485411141,0.21441202475685234,0.24314765694076038,0.25596816976127323
0.28880070546737213,0.21516754850088182,0.24250440917107582,0.2535273368606702
0.2874834144183989,0.2184873949579832,0.23617868199911543,0.25785050862450243
0.2828193832599119,0.21409691629955946,0.24405286343612334,0.25903083700440527
0.2758164165931156,0.2113857016769638,0.2440423654015887,0.2687555163283319
0.27015057573073514,0.2112488928255093,0.2466784765279008,0.27192205491585475
0.27003098716246127,0.2089420097388225,0.24701195219123506,0.2740150509074812
0.2688077430708315,0.21293444786625604,0.24505059392872855,0.2732072151341839
0.2691117984975696,0.21122403888643393,0.24524966858152894,0.27441449403446755
0.26938413823659724,0.2157731501993797,0.24457244129375277,0.2702702702702703
0.27116402116402116,0.21516754850088182,0.2429453262786596,0.2707231040564374
0.2775310834813499,0.21092362344582594,0.24023090586145648,0.2713143872113677
0.27176314626601855,0.2129916040653999,0.24436588599204595,0.2708793636765356
0.26897762176393153,0.21237384817902588,0.24659938569548048,0.2720491443615621
0.27004405286343613,0.2118942731277533,0.24801762114537446,0.27004405286343613
0.26443367122080214,0.21419127368884971,0.24944909651829,0.2719259585720582
0.26406734603455917,0.2108994240141781,0.24811696942844483,0.2769162605228179
0.2688077430708315,0.20985481742190937,0.24901011878574572,0.27232732072151344
0.26388271879164815,0.21634828964904487,0.24566859173700578,0.2741003998223012
0.2683790965456156,0.21567759078830823,0.24446412754650132,0.27147918511957486
0.27086063783311487,0.2127566622979467,0.24464831804281345,0.27173438182612497
0.27624066754501536,0.20641194554238032,0.2450592885375494,0.2722880983750549
0.2717198581560284,0.2149822695035461,0.24379432624113476,0.2695035460992908
0.2740150509074812,0.21204072598494908,0.24435590969455512,0.2695883134130146
0.27486678507992895,0.21047957371225579,0.24511545293072823,0.26953818827708703
0.27292768959435626,0.21472663139329806,0.24382716049382716,0.26851851851851855
0.2772626931567329,0.21545253863134659,0.24194260485651214,0.2653421633554084
0.2784417884019478,0.21868083222664897,0.23727312970340858,0.2656042496679947
0.28533568904593637,0.22040636042402828,0.23233215547703182,0.2619257950530035
0.2850177304964539,0.2247340425531915,0.23315602836879432,0.2570921985815603
0.28910369068541303,0.22231985940246046,0.22539543057996486,0.2631810193321617
0.2850262697022767,0.22898423817863398,0.22548161120840632,0.260507880910683
0.2893692104102338,0.2329069254521394,0.21835024261138067,0.25937362152624616
0.28975265017667845,0.22924028268551236,0.21731448763250882,0.26369257950530034
0.2888102609464839,0.22865988500663423,0.2251216275984078,0.2574082264484741
0.2814004376367615,0.2236323851203501,0.23063457330415754,0.26433260393873087
0.28134556574923547,0.22105723023154217,0.22892092616863258,0.2686762778505898
0.2781659388646288,0.2244541484716157,0.225764192139738,0.27161572052401745
0.27036547776309994,0.2280933509467195,0.22677234698370763,0.2747688243064729
0.27161035541904344,0.2277314611671786,0.22378236068451074,0.2768758227292672
0.27424308907415534,0.22992540587977184,0.22027204914436158,0.27555945590171127
0.2800875273522976,0.22975929978118162,0.21575492341356675,0.27439824945295405
0.2759696834596522,0.23138653588943378,0.21801159161836825,0.2746321890325457
0.2806634657354867,0.23003055434308162,0.21868179834133566,0.27062418158009605
0.2789473684210526,0.23289473684210527,0.22324561403508772,0.2649122807017544
0.2779735682819383,0.2343612334801762,0.22378854625550662,0.26387665198237886
0.2745702952842662,0.2371088585279859,0.2243278977523138,0.26399294843543414
0.27024647887323944,0.23591549295774647,0.2266725352112676,0.2671654929577465
0.26995202791103357,0.23113824683820322,0.23201046663759267,0.26689925861317054
0.266900790166813,0.23134328358208955,0.2317822651448639,0.26997366110623355
0.26941641070645017,0.23211935059236508,0.23299692847740236,0.26546731022378234
0.26555652936021035,0.2291849255039439,0.2357581069237511,0.26950043821209463
0.26767452200978215,0.22765673632725655,0.23388172521120498,0.27078701645175635
0.2559893522626442,0.22803904170363798,0.23824312333629105,0.2777284826974268
0.25187803800265135,0.22713212549712772,0.24480777728678746,0.2761820592134335
0.2612847222222222,0.23046875,0.22960069444444445,0.2786458333333333
0.2571174377224199,0.2304270462633452,0.23354092526690393,0.27891459074733094
0.2554517133956386,0.23097463284379172,0.2314196706720071,0.28215398308856254
0.25864332603938733,0.23326039387308534,0.22932166301969364,0.2787746170678337
0.26176858776946765,0.2322921249450066,0.2309722833260009,0.27496700395952484
0.26152482269503546,0.23049645390070922,0.2300531914893617,0.2779255319148936
0.26517150395778366,0.22999120492524186,0.227792436235708,0.2770448548812665
0.26657824933687,0.23253757736516356,0.22590627763041557,0.2749778956675508
0.2700087950747581,0.23746701846965698,0.2198768689533861,0.2726473175021988
0.2642258491398324,0.23378914865460962,0.2258491398323776,0.27613586237318044
0.2611184500220167,0.2404227212681638,0.2289740202553941,0.26948480845442535
0.26229508196721313,0.24235711120957024,0.2255206025697829,0.26982720425343376
0.26033421284080915,0.2405452946350044,0.2247141600703606,0.27440633245382584
0.25857519788918204,0.23922603342128407,0.2260334212840809,0.27616534740545295
0.2592267135325132,0.23857644991212654,0.22583479789103691,0.27636203866432335
0.2619991193306913,0.23381770145310435,0.2280933509467195,0.2760898282694848
0.2584024443474465,0.23395896988214754,0.22959406372762986,0.2780445220427761
0.26465364120781526,0.22957371225577264,0.227797513321492,0.27797513321492007
0.2621145374449339,0.23215859030837005,0.23039647577092512,0.2753303964757709
0.2644736842105263,0.22631578947368422,0.22719298245614036,0.2820175438596491
0.26443768996960487,0.2323056882327399,0.22926617455492834,0.27399044724272686
0.2650285212812637,0.2360684510750329,0.22290478279947346,0.2759982448442299
0.2685788787483703,0.2333767926988266,0.22120817036071275,0.2768361581920904
0.2671922908453789,0.23434077967586509,0.21944809461235218,0.27901883486640383
0.2710896309314587,0.23242530755711774,0.2179261862917399,0.27855887521968364
0.2695690413368514,0.2357080035180299,0.21635883905013192,0.2783641160949868
0.2706299911268855,0.23558118899733807,0.21827861579414373,0.2755102040816326
0.2683887915936953,0.2351138353765324,0.21103327495621715,0.28546409807355516
0.26849800620292424,0.23260965883916704,0.21488701816570668,0.28400531679220203
0.2637411347517731,0.23315602836879432,0.21586879432624115,0.2872340425531915
0.2657218777679362,0.23516386182462357,0.21523472099202834,0.2838795394154119
0.2617893345085941,0.23182018510356986,0.21859850154252974,0.28779197884530633
0.2599388379204893,0.23547400611620795,0.22280471821756226,0.2817824377457405
0.2597345132743363,0.23849557522123893,0.22168141592920354,0.28008849557522125
0.255619215513442,0.2353459673865139,0.23402379903040987,0.2750110180696342
0.25198237885462554,0.23215859030837005,0.23480176211453743,0.28105726872246695
0.2503311258278146,0.23576158940397351,0.2335540838852097,0.2803532008830022
0.2533039647577093,0.23127753303964757,0.22951541850220264,0.28590308370044054
0.2570546737213404,0.2279541446208113,0.22707231040564374,0.2879188712522046
0.26102292768959434,0.2345679012345679,0.22663139329805995,0.2777777777777778
0.2608125819134993,0.22717343818261249,0.22935779816513763,0.28265618173875057
0.257908611599297,0.22978910369068542,0.23198594024604569,0.28031634446397186
0.26117751217352814,0.23328906595838866,0.2222222222222222,0.283311199645861
0.26138876603272887,0.232640424590889,0.22114108801415303,0.2848297213622291
0.258688957325121,0.22833260008798945,0.22437307523097227,0.2886053673559173
0.26011560693641617,0.2218763895064473,0.223654957759004,0.2943530457981325
0.25891677675033026,0.22413033905768384,0.22457067371202113,0.29238221047996477
0.26578366445916113,0.22030905077262694,0.22207505518763798,0.291832229580574
0.2711267605633803,0.22227112676056338,0.21654929577464788,0.29005281690140844
0.2676991150442478,0.2247787610619469,0.21194690265486726,0.29557522123893804
0.2698763250883392,0.23763250883392226,0.20362190812720848,0.28886925795053003
0.2646411272567151,0.23161602818141788,0.20783795684720388,0.29590488771466317
0.2722859664607237,0.235657546337158,0.20432480141218004,0.28773168578993824
0.26790450928381965,0.23519009725906279,0.21087533156498675,0.28603006189213087
0.26807760141093473,0.23809523809523808,0.20811287477954143,0.2857142857142857
0.26130873956960915,0.24418093983311376,0.2116820377689943,0.2828282828282828
0.25984251968503935,0.2462817147856518,0.20778652668416447,0.28608923884514437
0.2620202911336568,0.24702249669166298,0.20026466696074108,0.2906925452139391
0.2681191640729213,0.246776345042241,0.19519786571809694,0.28990662516674076
0.26892252894033836,0.24799643811219946,0.19278717720391808,0.2902938557435441
0.26503923278116825,0.24673060156931126,0.1961639058413252,0.2920662598081953
0.2661965623622741,0.24460114587924195,0.19303657999118554,0.2961657117672984
0.2610619469026549,0.24646017699115044,0.19911504424778761,0.29336283185840706
0.26448474126492705,0.24413976116762495,0.19858469703670942,0.29279080053073864
0.26963812886142985,0.2444836716681377,0.19196822594880847,0.293909973521624
0.2693484914735461,0.24267599475295146,0.1954525579361609,0.2925229558373415
0.2647317502198769,0.24274406332453827,0.19569041336851364,0.29683377308707126
0.26818580192813324,0.2427695004382121,0.19149868536371603,0.29754601226993865
0.2706401766004415,0.24812362030905077,0.19337748344370861,0.2878587196467991
0.2618421052631579,0.2535087719298246,0.19912280701754387,0.2855263157894737
0.2606969563299515,0.2474636082928981,0.19673577415086016,0.2951036612262902
0.2693156732891832,0.2467991169977925,0.19911699779249448,0.2847682119205298
0.2647961420429636,0.24594476106970628,0.19772029811486191,0.2915387987724682
0.2697512003491925,0.24487123526844173,0.19729375818419903,0.28808380619816676
0.27132805628847845,0.2436235708003518,0.19744942832014073,0.287598944591029
0.2702939885914875,0.24265028521281265,0.19218955682316805,0.2948661693725318
0.2714535901926445,0.23861646234676007,0.1957092819614711,0.29422066549912435
0.2654945054945055,0.24,0.1956043956043956,0.2989010989010989
0.26643140714600794,0.23775915306572562,0.19982355535950597,0.2959858844287605
0.26821773485513606,0.2414398595258999,0.19754170324846357,0.29280070237050043
0.26773049645390073,0.24157801418439717,0.19636524822695037,0.29432624113475175
0.2719259585720582,0.2379903040987219,0.19435874834728956,0.2957249889819304
0.2798756108396268,0.2394491337183474,0.18791648156374943,0.2927587738782763
0.2780935723655444,0.2470485351989506,0.18714473108876256,0.28771316134674246
0.2848990342405619,0.24187884108867427,0.18086040386303776,0.2923617208077261
0.2802631578947368,0.2469298245614035,0.18333333333333332,0.2894736842105263
0.2803532008830022,0.24326710816777042,0.1858719646799117,0.29050772626931565
0.2812227074235808,0.24759825327510918,0.18951965065502183,0.2816593886462882
0.2808641975308642,0.2535273368606702,0.18386243386243387,0.28174603174603174
0.2765301629238221,0.25583443416996915,0.18229854689564068,0.285336856010568
0.283436669619132,0.2604074402125775,0.17891939769707707,0.27723649247121346
0.28310104529616725,0.25914634146341464,0.18118466898954705,0.27656794425087106
0.28646060078363084,0.2564214192424902,0.1784936874183718,0.2786242925555072
0.28236853733981443,0.25629695095006627,0.18294299602297834,0.278391515687141
0.27385707944962273,0.26054150022192635,0.18908122503328895,0.27652019529516203
0.27643703378674855,0.2602018429135586,0.18736287845546293,0.2759982448442299
0.2711937716262976,0.2629757785467128,0.18685121107266436,0.2789792387543253
0.27004405286343613,0.26343612334801764,0.18854625550660792,0.2779735682819383
0.2692982456140351,0.2614035087719298,0.18859649122807018,0.2807017543859649
0.2691117984975696,0.25850640742377373,0.19001325673884226,0.28236853733981443
0.2621657167908812,0.2656729504603244,0.18851380973257342,0.283647523016221
0.26445916114790285,0.2653421633554084,0.18852097130242826,0.28167770419426047
0.262144420131291,0.262144420131291,0.187746170678337,0.28796498905908097
0.25726872246696036,0.26784140969162995,0.19295154185022026,0.28193832599118945
0.2581641659311562,0.263459841129744,0.18623124448367168,0.2921447484554281
0.2616863259065094,0.26474442988204455,0.18698121450415028,0.28658802970729574
0.25512021371326804,0.2653606411398041,0.19100623330365094,0.28851291184327693
0.26506024096385544,0.25479696564033916,0.19187862561356536,0.28826416778224007
0.27015057573073514,0.2595217006200177,0.18777679362267494,0.28255093002657217
0.272202486678508,0.26154529307282415,0.18428063943161635,0.28197158081705154
0.2739244951712028,0.2603160667251975,0.18481123792800702,0.28094820017559263
0.27217125382262997,0.26299694189602446,0.18173875054608998,0.28309305373525556
0.2719720157411456,0.26191517271534764,0.18364669873196326,0.2824661128115435
0.26824978012313105,0.2598944591029024,0.18293755496921724,0.28891820580474936
0.26587301587301587,0.25485008818342153,0.18518518518518517,0.2940917107583774
0.2709251101321586,0.2555066079295154,0.17973568281938326,0.2938325991189427
0.26849800620292424,0.26229508196721313,0.1750110766504209,0.29419583517944176
0.270353982300885,0.2597345132743363,0.18141592920353983,0.2884955752212389
0.2681318681318681,0.2610989010989011,0.17802197802197803,0.2927472527472528
0.2621923937360179,0.2680089485458613,0.18478747203579418,0.28501118568232664
0.2659902955447728,0.26731363034847816,0.18879576532862816,0.2779003087781209
0.26325010950503724,0.26982041173894,0.18440648269820412,0.28252299605781866
0.2663716814159292,0.27079646017699116,0.18097345132743362,0.28185840707964605
0.2627381479840496,0.2671688081524147,0.18653079308817014,0.2835622507753655
0.2675438596491228,0.26228070175438595,0.18728070175438596,0.28289473684210525
0.26716222125054656,0.26672496720594663,0.18364669873196326,0.2824661128115435
0.26818580192813324,0.26292725679228746,0.18185801928133216,0.28702892199824714
0.27225358228397745,0.267042987407729,0.177594442032132,0.28310898827616154
0.2768959435626102,0.26499118165784835,0.17857142857142858,0.2795414462081129
0.2785368003525782,0.25870427501101806,0.17937417364477742,0.28338475099162624
0.2796610169491525,0.260035682426405,0.17975022301516502,0.28055307760927745
0.2779482683033757,0.2569048662867163,0.18281455501972818,0.28233231039017975
0.26887417218543047,0.25298013245033113,0.19072847682119207,0.28741721854304636
0.26716222125054656,0.25535636204634893,0.18976825535636205,0.28771316134674246
0.2673749446657813,0.2545374059318282,0.18548030101814963,0.2926073483842408
0.26628771316134675,0.25666812418014867,0.18714473108876256,0.289899431569742
0.26225919439579687,0.2609457092819615,0.18563922942206654,0.29115586690017514
0.2667554371948513,0.2600976475810031,0.18242343541944075,0.29072347980470487
0.26343612334801764,0.2577092511013216,0.1841409691629956,0.2947136563876652
0.26818580192813324,0.2563540753724803,0.17879053461875546,0.29666958808063104
0.2707231040564374,0.2535273368606702,0.18033509700176367,0.29541446208112876
0.27472527472527475,0.24527472527472527,0.18505494505494505,0.29494505494505496
0.27055702917771884,0.2506631299734748,0.1861184792219275,0.2926613616268789
0.2691117984975696,0.25231992929739283,0.18824569155987628,0.2903225806451613
0.27144742630884294,0.2578090629124505,0.18741750989881215,0.2833260008798944
0.26827133479212256,0.24945295404814005,0.19037199124726478,0.29190371991247266
0.27439824945295405,0.24901531728665208,0.18905908096280089,0.287527352297593
0.2640597539543058,0.25,0.19112478031634447,0.29481546572934975
0.2664604507291206,0.25143614670790987,0.1873619089703933,0.29474149359257623
0.27292576419213976,0.2497816593886463,0.18777292576419213,0.28951965065502183
0.2726473175021988,0.25505716798592787,0.18777484608619174,0.28452066842568163
0.27337173238812584,0.2512184315463004,0.18741692512184316,0.28799291094373064
0.2752982766239505,0.24701723376049492,0.1855943437914273,0.2920901458241273
0.2841312056737589,0.24689716312056736,0.18129432624113476,0.287677304964539
0.2819947043248014,0.24624889673433362,0.18137687555163284,0.2903795233892321
0.2889767237593325,0.24462011418533158,0.17610891523935002,0.2902942468159859
0.2906318082788671,0.2466230936819172,0.17952069716775598,0.28322440087145967
0.2903368794326241,0.24822695035460993,0.18218085106382978,0.27925531914893614
0.29279080053073864,0.23927465723131358,0.18885448916408668,0.27908005307386113
0.2959858844287605,0.2399647110719012,0.19497132774591971,0.2690780767534186
0.2932098765432099,0.23500881834215168,0.19444444444444445,0.27733686067019403
0.2908366533864542,0.23683045595396193,0.19389110225763612,0.2784417884019478
0.2874779541446208,0.23633156966490299,0.19135802469135801,0.2848324514991182
0.2815533980582524,0.23389232127096204,0.19373345101500442,0.2908208296557811
0.2847682119205298,0.22649006622516557,0.19514348785871966,0.293598233995585
0.2873512560599383,0.22829440282062582,0.19391802556192156,0.2904363155575143
0.2736888497135302,0.2379903040987219,0.1978845306302336,0.2904363155575143
0.2728465238303454,0.22912111937035418,0.20113686051595978,0.2968954962833406
0.2720491443615621,0.23255813953488372,0.20008775778850374,0.29530495831505044
0.26961858833844804,0.23060061376589217,0.20035072336694432,0.29943007452871545
0.2689075630252101,0.23396727111897392,0.20035382574082264,0.29677134011499334
0.2738938053097345,0.22876106194690266,0.20309734513274336,0.2942477876106195
0.2677475898334794,0.2287467134092901,0.20552147239263804,0.2979842243645925
0.26704795424549055,0.22921249450065992,0.20193576770787505,0.3018037835459745
0.26654975887768523,0.2227093380096449,0.20429636124506795,0.30644454186760195
0.26746242263483644,0.22590627763041557,0.20291777188328913,0.3037135278514589
0.2636484687083888,0.22325787838437638,0.20772303595206393,0.30537061695517087
0.2625055334218681,0.22355024347056218,0.20805666223992916,0.3058875608676406
0.2571680635200706,0.2223202470224967,0.2090868989854433,0.3114247904719894
0.25854513584574934,0.22392638036809817,0.21034180543382996,0.30718667835232255
0.26073483842408146,0.22487826471890218,0.20849933598937584,0.3058875608676406
0.2641093474426808,0.22707231040564374,0.20943562610229277,0.2993827160493827
0.25906277630415564,0.22900088417329797,0.21087533156498675,0.3010610079575597
0.26223776223776224,0.22945804195804195,0.21416083916083917,0.29414335664335667
0.26557666813963765,0.2328767123287671,0.21254971277065843,0.2889969067609368
0.26369257950530034,0.2314487632508834,0.2124558303886926,0.2924028268551237
0.26033421284080915,0.23350923482849603,0.21372031662269128,0.29243623570800353
0.26487190620929224,0.228831958315241,0.21450282240555796,0.2917933130699088
0.2615658362989324,0.2326512455516014,0.2139679715302491,0.2918149466192171
0.26436781609195403,0.23076923076923078,0.21352785145888595,0.29133510167992926
0.26415929203539823,0.23495575221238937,0.20619469026548673,0.29469026548672567
0.26710526315789473,0.22631578947368422,0.20877192982456141,0.29780701754385963
0.26581158779301195,0.23529411764705882,0.19946926138876603,0.2994250331711632
0.26448474126492705,0.2401592215833702,0.2043343653250774,0.29102167182662536
0.260507880910683,0.2373029772329247,0.2031523642732049,0.29903677758318736
0.2604074402125775,0.24490699734278124,0.19973427812223207,0.2949512843224092
0.2546174142480211,0.24406332453825857,0.20800351802990324,0.29331574318381703
0.25240174672489085,0.24366812227074236,0.2034934497816594,0.30043668122270745
0.2549363756033348,0.24089512944273805,0.2053532250987275,0.29881526985519963
0.25177304964539005,0.24202127659574468,0.20966312056737588,0.29654255319148937
0.25231992929739283,0.24304021210782148,0.20238621299160406,0.30225364560318163
0.2492361414229594,0.2509821038847665,0.2016586643387167,0.2981230903535574
0.24812030075187969,0.24900486510393632,0.20831490490933216,0.29455992923485186
0.24638316527838666,0.24682156948706707,0.2104340201665936,0.29636124506795264
0.24318381706244502,0.24934036939313983,0.20668425681618294,0.3007915567282322
0.24271844660194175,0.2559576345984113,0.2030008826125331,0.29832303618711387
0.24615384615384617,0.2545054945054945,0.20087912087912088,0.29846153846153844
0.2431132487975514,0.25929164844774816,0.1985133362483603,0.29908176650634016
0.24195680916703394,0.25826355222565006,0.19479947113265755,0.30498016747465845
0.24767390341160833,0.256978289765175,0.1909614532565352,0.3043863535666814
0.25176678445229683,0.25662544169611307,0.18639575971731448,0.3052120141342756
0.2446106467223933,0.26132864056313243,0.18609766827980642,0.3079630444346678
0.25032708242477103,0.2590492804186655,0.18665503706934147,0.303968600087222
0.2501091226538629,0.25796595373199477,0.1911828895678743,0.300742034046268
0.25044091710758376,0.25970017636684306,0.18694885361552027,0.3029100529100529
0.24624226348364278,0.2550839964633068,0.1892130857648099,0.3094606542882405
0.24430823117338005,0.2570052539404553,0.18826619964973731,0.3104203152364273
0.23796791443850268,0.2571301247771836,0.1876114081996435,0.3172905525846702
0.23987676056338028,0.25616197183098594,0.18882042253521128,0.31514084507042256
0.23917796239615216,0.26191517271534764,0.1880192391779624,0.3108876257105378
0.24273127753303964,0.2563876651982379,0.19118942731277533,0.3096916299559471
0.24231782265144863,0.2462686567164179,0.19315188762071994,0.3182616330114135
0.24478935698447893,0.247450110864745,0.19290465631929046,0.3148558758314856
0.24422735346358793,0.25266429840142096,0.18383658969804617,0.31927175843694494
0.23965141612200436,0.25010893246187366,0.18823529411764706,0.32200435729847493
0.2411190053285968,0.25488454706927177,0.1847246891651865,0.31927175843694494
0.24147097917589722,0.25387682764731945,0.1896322552060257,0.31501993797075767
0.24632516703786192,0.25657015590200444,0.18574610244988865,0.31135857461024496
0.24956063268892795,0.2478031634446397,0.19244288224956063,0.3101933216168717
0.2507795100222717,0.24766146993318486,0.18975501113585747,0.311804008908686
0.2485523385300668,0.25478841870824054,0.19198218262806235,0.3046770601336303
0.24382716049382716,0.25485008818342153,0.1948853615520282,0.3064373897707231
0.2475770925110132,0.24933920704845816,0.1986784140969163,0.30440528634361236
0.2482300884955752,0.25265486725663716,0.19247787610619468,0.3066371681415929
0.24659938569548048,0.25010969723562965,0.19394471259324264,0.3093462044756472
0.25142857142857145,0.24615384615384617,0.19252747252747252,0.3098901098901099
0.24691901408450703,0.25308098591549294,0.19410211267605634,0.3058978873239437
0.24967032967032968,0.2523076923076923,0.19032967032967033,0.3076923076923077
0.2498900131984162,0.2512098548174219,0.19313682358117026,0.30576330840299165
0.2523892267593397,0.2471763683753258,0.19678540399652475,0.30364900086880975
0.25762262483429077,0.24701723376049492,0.1926646045072912,0.3026955368979231
0.2532808398950131,0.24978127734033245,0.19335083114610674,0.30358705161854765
0.2556719022687609,0.2412739965095986,0.19415357766143107,0.3089005235602094
0.259581881533101,0.23693379790940766,0.19250871080139373,0.31097560975609756
0.2600976475810031,0.2365734576120728,0.19618286728806036,0.3071460275188637
0.2594880847308032,0.23389232127096204,0.19991173874669022,0.3067078552515446
0.2608886933567972,0.2300923889133304,0.19841619005719313,0.31060272767267927
0.2518615856329391,0.23346473937801138,0.20061322820849758,0.3140604467805519
0.25911286780852,0.22837066315327184,0.19938515590689504,0.31313131313131315
0.2601054481546573,0.23066783831282953,0.19859402460456943,0.31063268892794377
0.2636881296539641,0.22820849759088918,0.19491896627244854,0.3131844064826982
0.263986013986014,0.22683566433566432,0.19143356643356643,0.31774475524475526
0.2558550596553248,0.2346442775077331,0.18912947414935927,0.32037118868758285
0.2630173564753004,0.2398753894080997,0.17979528259902092,0.317311971517579
0.2657281126264848,0.24373075230972283,0.1803783545974483,0.31016278046634405
0.26713843432109685,0.24325519681556834,0.17735515258735074,0.31225121627598407
0.2666959578207381,0.2451669595782074,0.17442882249560632,0.31370826010544817
0.2718106093818501,0.24506795265234546,0.17799210872424376,0.3051293292415607
0.2716049382716049,0.23985890652557318,0.17768959435626103,0.31084656084656087
0.2718150087260035,0.2395287958115183,0.1762652705061082,0.31239092495637
0.2780678851174935,0.23846823324630112,0.1784160139251523,0.3050478677110531
0.2737355811889973,0.2422360248447205,0.17879325643300797,0.3052351375332742
0.28034934497816594,0.2388646288209607,0.17685589519650655,0.30393013100436683
0.28067078552515445,0.24271844660194175,0.17475728155339806,0.30185348631950576
0.28445618670189343,0.2399823866138265,0.17481285777190664,0.3007485689123734
0.2832369942196532,0.23743886171631837,0.17652289906625165,0.3028012449977768
0.28233231039017975,0.23936869793950022,0.1731696624287593,0.3051293292415607
0.28590366769774633,0.23110914714980116,0.17764030048608043,0.30534688466637205
0.28438331854480925,0.240905057675244,0.17213842058562556,0.3025732031943212
0.2843352347520842,0.2395787626151821,0.17507678806494076,0.3010092145677929
0.28116826503923276,0.23714036617262424,0.17654751525719267,0.3051438535309503
0.27881687690300133,0.2387994780339278,0.17833840800347978,0.30404523705959113
0.27645502645502645,0.24382716049382716,0.17328042328042328,0.3064373897707231
0.28734622144112476,0.2398945518453427,0.1656414762741652,0.3071177504393673
0.2844638949671772,0.24288840262582057,0.16586433260393874,0.3067833698030635
0.28949691085613416,0.23698146513680493,0.16725507502206532,0.3062665489849956
0.2908296943231441,0.23973799126637554,0.16244541484716157,0.30698689956331876
0.28722934158197083,0.24480777728678746,0.16040653999116217,0.3075563411400795
0.28886925795053003,0.24469964664310953,0.16696113074204946,0.299469964664311
0.28676789587852497,0.24468546637744035,0.168763557483731,0.2997830802603037
0.28188214599824096,0.24406332453825857,0.17106420404573439,0.30299032541776605
0.2777288732394366,0.24691901408450703,0.17121478873239437,0.304137323943662
0.27628684557853056,0.24725032996040475,0.16893972723273207,0.3075230972283326
0.2785428698356286,0.24078187472234563,0.17103509551310528,0.30964015992892047
0.2814292015880018,0.24481693868548743,0.17071018967798854,0.3030436700485223
0.287215411558669,0.239492119089317,0.1725043782837128,0.30078809106830123
0.28162185985015425,0.24371970030850595,0.16879682679594535,0.30586161304539444
0.2797881729920565,0.2444836716681377,0.16946160635481025,0.3062665489849956
0.2796610169491525,0.24353256021409456,0.1672613737734166,0.3095450490633363
0.27598407784166296,0.24148606811145512,0.17293233082706766,0.30959752321981426
0.2786813186813187,0.2356043956043956,0.1753846153846154,0.31032967032967035
0.27626970227670755,0.23555166374781086,0.18213660245183888,0.30604203152364273
0.2716049382716049,0.23941798941798942,0.18077601410934743,0.3082010582010582
0.2735723771580345,0.23771580345285526,0.1828242585214697,0.3058875608676406
0.271729587357331,0.23880597014925373,0.18349429323968394,0.30597014925373134
0.26413427561837455,0.2495583038869258,0.18418727915194347,0.30212014134275617
0.2627673505019642,0.25229157573112176,0.1828895678742907,0.3020515058926233
0.264049955396967,0.252007136485281,0.1824264049955397,0.3015165031222123
0.26537785588752194,0.2478031634446397,0.18057996485061512,0.3062390158172232
0.2656940760389036,0.253315649867374,0.17771883289124668,0.3032714412024757
0.2608506944444444,0.2599826388888889,0.17491319444444445,0.3042534722222222
