C,D,Oc,Od
0.0,0.0,0.0,1.0
0.2,0.0,0.0,0.8
0.2857142857142857,0.0,0.0,0.7142857142857143
0.25,0.0,0.0,0.75
0.1875,0.0,0.0,0.8125
0.21052631578947367,0.0,0.0,0.7894736842105263
0.2916666666666667,0.041666666666666664,0.0,0.6666666666666666
0.30303030303030304,0.030303030303030304,0.0,0.6666666666666666
0.3181818181818182,0.0,0.022727272727272728,0.6590909090909091
0.3333333333333333,0.0,0.017543859649122806,0.6491228070175439
0.37662337662337664,0.025974025974025976,0.025974025974025976,0.5714285714285714
0.3619047619047619,0.02857142857142857,0.06666666666666667,0.5428571428571428
0.35172413793103446,0.034482758620689655,0.10344827586206896,0.5103448275862069
0.3776595744680851,0.047872340425531915,0.10106382978723404,0.4734042553191489
0.38626609442060084,0.060085836909871244,0.0944206008583691,0.4592274678111588
0.39416058394160586,0.058394160583941604,0.0948905109489051,0.45255474452554745
0.3644578313253012,0.06325301204819277,0.10843373493975904,0.463855421686747
0.3583959899749373,0.06015037593984962,0.11278195488721804,0.46867167919799496
0.36099585062240663,0.07468879668049792,0.12033195020746888,0.44398340248962653
0.35506003430531735,0.07718696397941681,0.12864493996569468,0.4391080617495712
0.34672619047619047,0.0818452380952381,0.1324404761904762,0.43898809523809523
0.33719433719433717,0.07850707850707851,0.14157014157014158,0.44272844272844275
0.3522083805209513,0.08607021517553794,0.14609286523216308,0.41562853907134767
0.3415597235932873,0.08983218163869694,0.14807502467917077,0.420533070088845
0.3410507569011576,0.09260908281389137,0.15316117542297417,0.41317898486197685
0.3285140562248996,0.10763052208835341,0.16305220883534136,0.40080321285140563
0.33210332103321033,0.1099630996309963,0.16531365313653137,0.392619926199262
0.3354123354123354,0.11157311157311157,0.1677061677061677,0.3853083853083853
0.330749354005168,0.1227390180878553,0.16925064599483206,0.3772609819121447
0.3274924471299094,0.13353474320241693,0.17401812688821752,0.3649546827794562
0.3276643990929705,0.13662131519274376,0.17687074829931973,0.358843537414966
0.3187466234467855,0.13452188006482982,0.1809832522960562,0.3657482441923285
0.3252326783867632,0.13081695966907964,0.18510858324715615,0.358841778697001
0.3275,0.1295,0.186,0.357
0.336359292881032,0.13282369804108934,0.179168657429527,0.3516483516483517
0.3341165413533835,0.13392857142857142,0.17904135338345864,0.35291353383458646
0.3365650969529086,0.13204062788550322,0.18282548476454294,0.34856879039704525
0.3389752973467521,0.12900274473924978,0.1779505946935041,0.35407136322049404
0.334375,0.13214285714285715,0.17901785714285715,0.35446428571428573
0.3389679715302491,0.1307829181494662,0.18594306049822065,0.34430604982206403
0.3303769401330377,0.1303769401330377,0.18713968957871396,0.35210643015521065
0.33968113374667847,0.1337466784765279,0.18467670504871567,0.34189548272807796
0.3378975265017668,0.13074204946996468,0.18595406360424027,0.3454063604240283
0.33983163491360213,0.128046078865751,0.18298626495347806,0.3491360212671688
0.33422579205711733,0.12940651494868363,0.18429272646140116,0.35207496653279785
0.337322695035461,0.12987588652482268,0.1875,0.3453014184397163
0.33674832962138085,0.13407572383073496,0.1861915367483296,0.3429844097995546
0.3259521700620018,0.13463241806908768,0.19220549158547387,0.34720992028343667
0.3261936635430611,0.1392235609103079,0.19366354306113343,0.34091923248549755
0.3297825122059476,0.1353750554815801,0.1935197514425211,0.34132268086995116
0.3305383936451898,0.13724624889673434,0.19373345101500442,0.33848190644307147
0.32789055604589584,0.13945278022947927,0.19285083848190646,0.33980582524271846
0.3309951775537045,0.13590530469092504,0.18895221394125383,0.3441473038141166
0.32773851590106007,0.13736749116607774,0.19522968197879859,0.33966431095406363
0.3324396782841823,0.1358355674709562,0.19079535299374442,0.3409294012511171
0.32917038358608386,0.1400535236396075,0.18510258697591436,0.3456735057983943
0.33422103861517977,0.14025743453173548,0.1841988459831336,0.34132268086995116
0.336115992970123,0.13532513181019332,0.18629173989455183,0.3422671353251318
0.3364156759136944,0.1312197269925143,0.18582122413033905,0.3465433729634522
0.33984895601954684,0.13904931141714794,0.18125277654375832,0.33984895601954684
0.3433230498016748,0.14014984574702513,0.17805200528867343,0.3384750991626267
0.3431241655540721,0.13573653760569648,0.17712505562972852,0.3440142412105029
0.3438752783964365,0.1398663697104677,0.17728285077951003,0.33897550111358576
0.34547848990342406,0.1360842844600527,0.18217734855136083,0.3362598770851624
0.3441098317094774,0.1337466784765279,0.1837909654561559,0.3383525243578388
0.3492970123022847,0.13884007029876977,0.1827768014059754,0.3290861159929701
0.3454384410983171,0.14127546501328608,0.18157661647475642,0.3317094774136404
0.3425925925925926,0.140652557319224,0.18430335097001763,0.3324514991181658
0.3420935412026726,0.13674832962138084,0.18530066815144766,0.33585746102449887
0.3414310954063604,0.14045936395759717,0.18109540636042404,0.3370141342756184
0.34345690040196514,0.14247431889236267,0.18222420723537294,0.3318445734702992
0.3385162150155486,0.14215904042647712,0.18391825855175478,0.3354064860062195
0.33466666666666667,0.14622222222222223,0.184,0.33511111111111114
0.33362637362637365,0.1498901098901099,0.18637362637362637,0.3301098901098901
0.33689839572192515,0.14750445632798573,0.18538324420677363,0.3302139037433155
0.33407177669472754,0.15418697385910501,0.18608772707133364,0.32565352237483386
0.33318525099955576,0.15015548645046645,0.1874722345624167,0.3291870279875611
0.33244444444444443,0.156,0.18711111111111112,0.3244444444444444
0.3312555654496883,0.16028495102404275,0.1918967052537845,0.3165627782724844
0.3298199385155907,0.15371102327624067,0.19279754062362758,0.32367149758454106
0.33155555555555555,0.16044444444444445,0.1902222222222222,0.31777777777777777
0.34069818824569154,0.16040653999116217,0.18471056120194432,0.31418471056120195
0.33467023172905525,0.15998217468805703,0.1876114081996435,0.3177361853832442
0.33511586452762926,0.15508021390374332,0.1889483065953654,0.32085561497326204
0.3330388692579505,0.15812720848056538,0.19434628975265017,0.31448763250883394
0.3355408388520971,0.1554083885209713,0.19426048565121412,0.3147902869757174
0.33096401599289205,0.15504220346512662,0.19147045757441136,0.32252332296756997
0.3248888888888889,0.1511111111111111,0.19733333333333333,0.32666666666666666
0.32317880794701986,0.1545253863134658,0.1955849889624724,0.32671081677704195
0.3205298013245033,0.15805739514348785,0.1969094922737307,0.32450331125827814
0.321113074204947,0.15636042402826855,0.1965547703180212,0.32597173144876324
0.32866520787746173,0.15185995623632384,0.1986870897155361,0.32078774617067835
0.3250222617987533,0.15316117542297417,0.18967052537845058,0.3321460373998219
0.3251101321585903,0.1568281938325991,0.18854625550660792,0.3295154185022026
0.3281527531083481,0.1514209591474245,0.1825044404973357,0.33792184724689167
0.338809946714032,0.14431616341030196,0.17984014209591473,0.3370337477797513
0.3427065026362039,0.14147627416520211,0.179701230228471,0.336115992970123
0.3386737872719181,0.14552736982643524,0.17534490431686695,0.3404539385847797
0.33524734982332155,0.14531802120141343,0.1771201413427562,0.3423144876325088
0.33687943262411346,0.14406028368794327,0.17597517730496454,0.34308510638297873
0.3455105633802817,0.1386443661971831,0.176056338028169,0.3397887323943662
0.34300791556728233,0.13676341248900617,0.17634124890061564,0.3438874230430959
0.33799126637554583,0.14017467248908297,0.17423580786026202,0.3475982532751092
0.33674832962138085,0.1443207126948775,0.17639198218262805,0.34253897550111356
0.341987466427932,0.14368845120859444,0.17860340196956132,0.3357206803939123
0.34072759538598046,0.14418811002661935,0.17790594498669032,0.33717834960070986
0.3441441441441441,0.1436936936936937,0.17612612612612613,0.33603603603603605
0.33992963940193494,0.14291996481970096,0.18249780123131046,0.33465259454705365
0.3395061728395062,0.1437389770723104,0.18077601410934743,0.335978835978836
0.34290764471939905,0.14759169244365886,0.1789659743703049,0.3305346884666372
0.3419412288512912,0.14781834372217276,0.1772039180765806,0.3330365093499555
0.34880636604774534,0.14588859416445624,0.16931918656056588,0.3359858532272325
0.3467137185707984,0.14292015880017644,0.1729157476841641,0.3374503749448611
0.34914361001317523,0.14800175669740886,0.1686429512516469,0.334211682037769
0.35553595059550064,0.1455668284075871,0.16850463167181298,0.33039258932509924
0.36003560302625726,0.14641744548286603,0.16777926123720516,0.3257676902536716
0.37261852015950375,0.1386796632698272,0.1648205582631812,0.3238812583074878
0.37384003535130356,0.13654441007512153,0.1661511268228016,0.32346442775077333
0.3683045595396193,0.13811420982735723,0.16688800354139,0.32669322709163345
0.36811977102597976,0.13782474680757376,0.1686481726111845,0.325407309555262
0.370501999111506,0.135495335406486,0.16437139049311417,0.32963127498889383
0.36969155118462227,0.13813142601698702,0.17076441662941438,0.3214126061689763
0.3683504693786321,0.14081358962896737,0.170317389360751,0.32051855163164955
0.36024844720496896,0.14285714285714285,0.1699201419698314,0.3269742679680568
0.3668275559455902,0.14085125054848618,0.17244405440982888,0.3198771390960948
0.37427422956677087,0.13711478338543992,0.16927199642697632,0.3193389906208129
0.36883802816901406,0.14084507042253522,0.16725352112676056,0.3230633802816901
0.37715803452855245,0.133244798583444,0.16600265604249667,0.3235945108455069
0.37979708866343187,0.1310101455668284,0.15703573003970003,0.3321570357300397
0.3841655420602789,0.1241565452091768,0.1556455240665767,0.3360323886639676
0.38362260792167335,0.1295060080106809,0.15665331553182021,0.3302180685358255
0.3859180035650624,0.1319073083778966,0.14661319073083778,0.3355614973262032
0.3874555160142349,0.13256227758007116,0.14590747330960854,0.33407473309608543
0.3933920704845815,0.13215859030837004,0.14052863436123347,0.333920704845815
0.39841688654353563,0.13500439753737906,0.1376429199648197,0.3289357959542656
0.40300486080424214,0.1316836058329651,0.13963764913831198,0.3256738842244808
0.40153222172149616,0.13159080666967102,0.14420910319963948,0.3226678684091933
0.40106241699867196,0.12926073483842407,0.14209827357237717,0.3275785745905268
0.40369393139841686,0.13016710642040458,0.14116094986807387,0.32497801231310464
0.40381205673758863,0.13297872340425532,0.13652482269503546,0.3266843971631206
0.4065399911621741,0.1303579319487406,0.13566062748563854,0.32744144940344677
0.3920177383592018,0.13658536585365855,0.13747228381374724,0.33392461197339246
0.39779735682819384,0.13744493392070484,0.14096916299559473,0.3237885462555066
0.3960698689956332,0.13799126637554585,0.1393013100436681,0.3266375545851528
0.39841688654353563,0.13720316622691292,0.13896218117854,0.3254177660510114
0.3941670349094123,0.13256738842244808,0.1444984533804684,0.3287671232876712
0.3940864960282436,0.1297440423654016,0.1434245366284201,0.3327449249779347
0.3970912296165712,0.12825033054208904,0.14455707360070516,0.33010136624063463
0.39823788546255506,0.1290748898678414,0.14405286343612334,0.32863436123348017
0.4076349275998245,0.12461605967529618,0.1439227731461167,0.3238262395787626
0.41145139813581894,0.12916111850865514,0.1442521083000444,0.31513537505548156
0.41275465013286095,0.1275465013286094,0.15101860053144375,0.30868024800708593
0.415127528583993,0.12928759894459102,0.15083553210202286,0.30474934036939316
0.41699691765741964,0.13033905768383972,0.14795244385733158,0.3047115808014091
0.42133098281181136,0.12913177611282503,0.14587924195680918,0.30365799911855446
0.41992101799034665,0.12461605967529618,0.14962702939885913,0.305835892935498
0.4216761737604212,0.12110574813514699,0.1509433962264151,0.30627468187801665
0.4227859368046284,0.12060525144637294,0.14864263462394303,0.30796617712505564
0.4252418645558487,0.11345646437994723,0.14775725593667546,0.31354441512752856
0.42920353982300885,0.11548672566371682,0.14424778761061946,0.3110619469026549
0.4300265721877768,0.11116031886625333,0.14658990256864482,0.3122232063773251
0.4308978873239437,0.1113556338028169,0.14524647887323944,0.3125
0.42756494936151473,0.11492734478203434,0.14178775869660942,0.3157199471598415
0.4230430958663149,0.11565523306948108,0.14204045734388743,0.31926121372031663
0.4204244031830239,0.11626878868258178,0.1374889478337754,0.32581786030061893
0.4225663716814159,0.11548672566371682,0.14601769911504425,0.315929203539823
0.4192974655402401,0.11382836816362828,0.1431747443308137,0.3236994219653179
0.4200445434298441,0.11358574610244988,0.1403118040089087,0.32605790645879734
0.42639821029082775,0.116331096196868,0.13691275167785236,0.3203579418344519
0.42718446601941745,0.11871138570167697,0.13415710503089143,0.3199470432480141
0.4312087912087912,0.1178021978021978,0.13494505494505493,0.316043956043956
0.42700087950747584,0.11829375549692173,0.1363236587510994,0.31838170624450307
0.42857142857142855,0.11393514460999124,0.13409290096406662,0.32340052585451357
0.4181737979708866,0.11424790471989413,0.1349801499779444,0.3325981473312748
0.41970963484381874,0.11042674879014518,0.1315442146942367,0.33831940167179936
0.42126334519572955,0.11298932384341637,0.12677935943060498,0.3389679715302491
0.41677704194260484,0.11479028697571744,0.12759381898454747,0.3408388520971302
0.41869738591050065,0.1129818342933097,0.12937527691626052,0.3389455028799291
0.4171505136221528,0.11299687360428763,0.125502456453774,0.3443501563197856
0.4196113074204947,0.11439929328621908,0.1254416961130742,0.340547703180212
0.42606406318560774,0.11320754716981132,0.12198332602018429,0.33874506362439666
0.4273730684326711,0.11169977924944813,0.12582781456953643,0.3350993377483444
0.42515500442869797,0.10673162090345438,0.1266607617360496,0.34145261293179807
0.43041351711871945,0.10538016896398399,0.13116940862605603,0.3330369052912405
0.4312169312169312,0.10405643738977072,0.13403880070546736,0.3306878306878307
0.43578580757509794,0.10187200696560732,0.13060513713539398,0.3317370483239007
0.43458980044345896,0.1024390243902439,0.13215077605321507,0.33082039911308203
0.43944790739091716,0.10685663401602849,0.12600178094390027,0.327693677649154
0.43714159682399645,0.10939567710630789,0.12659902955447727,0.32686369651521835
0.43713904931141717,0.11017325633051978,0.12838738338516215,0.3243003109729009
0.4329023629068212,0.1069995541685243,0.13107445385644226,0.3290236290682122
0.4333038869257951,0.10865724381625441,0.13074204946996468,0.32729681978798586
0.43447669305189096,0.10993843447669305,0.12576956904133685,0.32981530343007914
0.4355909694555113,0.10624169986719788,0.1248339973439575,0.3333333333333333
0.4414494034467521,0.10826336721166593,0.12461334511710119,0.3256738842244808
0.44390459363957596,0.1068904593639576,0.12676678445229683,0.3224381625441696
0.4376646180860404,0.10535557506584724,0.12686567164179105,0.3301141352063213
0.43741765480895917,0.10540184453227931,0.12296881862099253,0.334211682037769
0.43785935426802297,0.10437859354268023,0.12118531623175587,0.3365767359575409
0.44081272084805656,0.10203180212014135,0.12676678445229683,0.3303886925795053
0.4402487783207463,0.10173256330519768,0.12705464238116393,0.33096401599289205
0.43933987511150757,0.10258697591436218,0.12622658340767173,0.33184656556645853
0.44006999125109364,0.10323709536307961,0.1242344706911636,0.3324584426946632
0.44052863436123346,0.10176211453744494,0.12466960352422908,0.33303964757709253
0.44140969162995597,0.10396475770925111,0.1211453744493392,0.33348017621145376
0.44261565836298933,0.10008896797153025,0.12366548042704627,0.33362989323843417
0.4431564868479715,0.10521622826571556,0.12394115024520731,0.3276861346411057
0.43331856446610545,0.10367744793974303,0.12627381479840497,0.3367301727957466
0.43309859154929575,0.10827464788732394,0.12191901408450705,0.33670774647887325
0.4357048166151127,0.11135660627485638,0.1179849756959788,0.3349536014140521
0.4416042309387395,0.10929925077126487,0.11635081533715293,0.33274570295284267
0.43755496921723835,0.11521547933157432,0.11829375549692173,0.3289357959542656
0.44631765749778174,0.1126885536823425,0.12023070097604259,0.3207630878438332
0.44154118689105404,0.1120460584588131,0.12400354295837024,0.3224092116917626
0.43842364532019706,0.10658307210031348,0.12404836542767578,0.3309449171518137
0.4378021978021978,0.10681318681318681,0.12351648351648352,0.33186813186813185
0.43405381561535067,0.10983678870754301,0.12483458314953683,0.33127481252756946
0.4423841059602649,0.10507726269315673,0.12450331125827814,0.3280353200883002
0.43933987511150757,0.1048171275646744,0.12578055307760927,0.33006244424620873
0.43948763250883394,0.10512367491166077,0.12367491166077739,0.33171378091872794
0.4414494034467521,0.09942554131683606,0.12726469288555015,0.3318603623508617
0.44044444444444447,0.09955555555555555,0.12577777777777777,0.3342222222222222
0.4388520971302428,0.1011037527593819,0.1271523178807947,0.3328918322295806
0.4455270150575731,0.09654561558901682,0.12356067316209035,0.33436669619131976
0.4318381706244503,0.09630606860158311,0.1297273526824978,0.34212840809146877
0.4309809143364403,0.09986684420772303,0.13226808699511763,0.33688415446071907
0.4316674038036267,0.0950906678460858,0.13401149933657674,0.33923042901371075
0.43551236749116606,0.09231448763250884,0.1333922261484099,0.3387809187279152
0.4327768014059754,0.09226713532513181,0.13093145869947276,0.34402460456942
0.4325767690253672,0.09390298175344905,0.1308411214953271,0.3426791277258567
0.4371152154793316,0.09498680738786279,0.13016710642040458,0.33773087071240104
0.4387439186200796,0.09243697478991597,0.13578062804068997,0.33303847854931445
0.44302683677958643,0.09150901891772988,0.1315442146942367,0.33391992960844696
0.43966282165039927,0.08873114463176575,0.13220940550133098,0.339396628216504
0.44235924932975873,0.0938337801608579,0.12689901697944594,0.33690795352993747
0.4385499557913351,0.09637488947833775,0.12245800176834659,0.34261715296198053
0.4350908285334515,0.09968985378821445,0.13070447496677004,0.334514842711564
0.43367122080211545,0.10092551784927281,0.13397972675187308,0.3314235345967387
0.4363155575143235,0.09563684442485676,0.13353900396650506,0.33450859409431466
0.44851657940663175,0.0924956369982548,0.13263525305410123,0.3263525305410122
0.44815465729349735,0.09666080843585237,0.13093145869947276,0.3242530755711775
0.4485064645563977,0.09674543022737406,0.1275078020508248,0.3272403031654035
0.44676131322094054,0.09582963620230701,0.1251109139307897,0.33229813664596275
0.45251894783771734,0.09719126170307624,0.12483281319661169,0.32545697726259476
0.44951284322409213,0.09920283436669619,0.1200177147918512,0.3312666076173605
0.44724061810154525,0.09757174392935983,0.11567328918322296,0.33951434878587194
0.4523076923076923,0.09538461538461539,0.11692307692307692,0.3353846153846154
0.4445910290237467,0.09894459102902374,0.12269129287598944,0.3337730870712401
0.4420959929546455,0.10127697049757815,0.11536767943637165,0.34125935711140465
0.4469396741523558,0.10171730515191546,0.11404667547335975,0.337296345222369
0.4507042253521127,0.10255281690140845,0.11091549295774648,0.3358274647887324
0.4489795918367347,0.10204081632653061,0.11135758651286602,0.33762200532386866
0.44336712208021156,0.10268840899074483,0.10709563684442486,0.34684883208461875
0.45196989818503763,0.10004426737494466,0.10668437361664453,0.34130146082337315
0.4431111111111111,0.10577777777777778,0.10622222222222222,0.3448888888888889
0.44109831709477415,0.11160318866253321,0.1120460584588131,0.33525243578387953
0.44753086419753085,0.10934744268077601,0.10802469135802469,0.3350970017636684
0.4407079646017699,0.1084070796460177,0.11238938053097346,0.33849557522123896
0.4426877470355731,0.10715854194115064,0.11506368028107158,0.33509003074220467
0.4412407164700743,0.10703363914373089,0.11140235910878113,0.34032328527741373
0.43871252204585537,0.10449735449735449,0.10758377425044091,0.3492063492063492
0.43464776251661497,0.10500664599025254,0.10810810810810811,0.35223748338502436
0.4310798946444249,0.10842844600526778,0.11237928007023705,0.3481123792800702
0.4279437609841828,0.10676625659050967,0.11555360281195079,0.34973637961335674
0.4288240495137047,0.10610079575596817,0.11273209549071618,0.35234305923961096
0.43152796125055043,0.10568031704095113,0.11360634081902246,0.349185380889476
0.42869718309859156,0.10607394366197183,0.11003521126760564,0.355193661971831
0.4247594050743657,0.1089238845144357,0.1111111111111111,0.3552055993000875
0.4243509400179051,0.10116383169203223,0.11369740376007162,0.36078782452999103
0.4133215703573004,0.10851345390383767,0.11557123952359948,0.3625937362152625
0.4163014899211218,0.1091148115687993,0.11174408413672217,0.3628396143733567
0.4154867256637168,0.11061946902654868,0.11327433628318584,0.3606194690265487
0.41199823555359505,0.1133656815174239,0.1129245699161888,0.36171151301279225
0.412,0.11511111111111111,0.11244444444444444,0.36044444444444446
0.41839893852277754,0.11410880141530297,0.1096859796550199,0.3578062804068996
0.42058952925648924,0.11262648482182139,0.10866695996480423,0.35811702595688516
0.4147097917589721,0.10855117412494461,0.10810810810810811,0.3686309260079752
0.41275465013286095,0.11470327723649247,0.10496014171833482,0.3675819309123118
0.41688770999115826,0.11052166224580018,0.10963748894783377,0.3629531388152078
0.4086115992970123,0.10808435852372583,0.1054481546572935,0.37785588752196836
0.40993788819875776,0.11047027506654836,0.10204081632653061,0.37755102040816324
0.41419068736141906,0.1082039911308204,0.10199556541019955,0.375609756097561
0.4047410008779631,0.11018437225636524,0.1009657594381036,0.38410886742756806
0.4052980132450331,0.10684326710816777,0.10154525386313466,0.38631346578366443
0.40739111306643205,0.10998680158380994,0.10294764628244611,0.3796744390673119
0.4076349275998245,0.11276875822729267,0.10530934620447564,0.3742869679684072
0.40730955526199913,0.11448701012769705,0.10127697049757815,0.3769264641127257
0.40874944763588156,0.1104728236853734,0.10561201944321696,0.37516570923552806
0.4050464807436919,0.11199645861000443,0.10270030987162461,0.3802567507746791
0.4043114826220853,0.11086669599648043,0.10250769907611086,0.38231412230532336
0.411037527593819,0.11037527593818984,0.09933774834437085,0.3792494481236203
0.41002685765443153,0.11145926589077887,0.10429722470904208,0.37421665174574753
0.40425531914893614,0.11391843971631206,0.10195035460992907,0.3798758865248227
0.40540540540540543,0.11253876827647319,0.10279131590607,0.3792645104120514
0.4081092992507713,0.11106214191273689,0.10312913177611283,0.377699427060379
0.4023746701846966,0.11257695690413369,0.10158311345646438,0.3834652594547054
0.4046572934973638,0.11159929701230228,0.101493848857645,0.38224956063268895
0.41700044503782824,0.10725411659991099,0.10102358700489542,0.37472185135736535
0.40769903762029747,0.11023622047244094,0.10411198600174978,0.3779527559055118
0.40794701986754967,0.106401766004415,0.10463576158940398,0.38101545253863134
0.41186970102632753,0.10575635876840696,0.107095046854083,0.37527889335118253
0.4062772449869224,0.11377506538796861,0.10985178727114212,0.3700959023539669
0.41034633932485753,0.11091626479614204,0.10784743533537922,0.3708899605436212
0.41385357299430076,0.10697062691801841,0.10784743533537922,0.37132836475230163
0.41293752769162606,0.10589277802392556,0.10633584404076207,0.3748338502436863
0.4103918978423602,0.10612065169528842,0.09907529722589167,0.3844121532364597
0.4106666666666667,0.104,0.10088888888888889,0.3844444444444444
0.4125719344842851,0.10447100486941124,0.09650287737937141,0.38645418326693226
0.41249446167478954,0.10899424014178112,0.10057598582188747,0.3779353123615419
0.4098432055749129,0.10757839721254356,0.10104529616724739,0.38153310104529614
0.4112231477422183,0.10960105217010083,0.09381850065760632,0.3853572994300745
0.40794701986754967,0.11081677704194261,0.09448123620309051,0.38675496688741723
0.40421792618629176,0.11028119507908611,0.0913884007029877,0.39411247803163446
0.4021929824561403,0.11271929824561404,0.09298245614035087,0.39210526315789473
0.4089316987740806,0.1063922942206655,0.08975481611208407,0.3949211908931699
0.40828924162257496,0.10934744268077601,0.09347442680776014,0.3888888888888889
0.4076182136602452,0.10683012259194395,0.09807355516637478,0.38747810858143605
0.40334654337296344,0.10744165565830031,0.09335094671950682,0.3958608542492294
0.40220264317180615,0.10881057268722467,0.09427312775330396,0.3947136563876652
0.401330376940133,0.10909090909090909,0.09578713968957872,0.39379157427937916
0.4021399910833705,0.10744538564422648,0.09719126170307624,0.3932233615693268
0.4022787028921998,0.10473269062226118,0.09684487291849254,0.39614373356704646
0.4022787028921998,0.1056091148115688,0.0950920245398773,0.3970201577563541
0.39964396973742766,0.1068090787716956,0.09790832220738763,0.3956386292834891
0.39481774264382963,0.10891523935002195,0.09574000878348704,0.4005270092226614
0.40061565523306947,0.10729991204925242,0.09234828496042216,0.3997361477572559
0.39973672663448884,0.11276875822729267,0.0895129442738043,0.3979815708644142
0.40300486080424214,0.1095890410958904,0.08837825894829872,0.3990278391515687
0.40791208791208794,0.10373626373626374,0.09010989010989011,0.3982417582417582
0.40370207139709124,0.10577346848832085,0.09211106214191274,0.39841339797267517
0.41223053233611967,0.10162780466344039,0.08886933567971843,0.39727232732072154
0.4081272084805654,0.10468197879858657,0.09098939929328621,0.3962014134275618
0.41544607190412786,0.10608078118064802,0.08832667554371948,0.39014647137150466
0.4151193633952255,0.10477453580901856,0.08885941644562334,0.3912466843501326
0.40955329500221144,0.10835913312693499,0.08624502432551968,0.39584254754533393
0.4050464807436919,0.11066843736166446,0.0880920761398849,0.39619300575475874
0.4077498899163364,0.11228533685601057,0.08850726552179657,0.39145750770585647
0.40652557319223986,0.11243386243386243,0.08862433862433862,0.3924162257495591
0.3987566607460036,0.11634103019538189,0.08792184724689166,0.3969804618117229
0.402212389380531,0.11946902654867257,0.09026548672566372,0.38805309734513277
0.3994708994708995,0.11948853615520282,0.09082892416225749,0.39021164021164023
0.4047724259832081,0.11931064958020327,0.09235528060097216,0.3835616438356164
0.40625,0.11839788732394366,0.09286971830985916,0.3824823943661972
0.40971302428256073,0.1196467991169978,0.08874172185430464,0.3818984547461369
0.41207815275310833,0.12433392539964476,0.08836589698046181,0.3752220248667851
0.4112190812720848,0.11749116607773852,0.0896643109540636,0.38162544169611307
0.40824468085106386,0.11524822695035461,0.09175531914893617,0.38475177304964536
0.4078830823737821,0.1204605845881311,0.09211691762621789,0.3795394154118689
0.4132809086937527,0.11314984709480122,0.09567496723460026,0.3778942769768458
0.40931263858093125,0.11485587583148558,0.09534368070953436,0.3804878048780488
0.40450928381962864,0.11626878868258178,0.09725906277630415,0.3819628647214854
0.40544098288723124,0.11671785870996051,0.09653356735410268,0.3813075910487056
0.4117385504668742,0.11382836816362828,0.09559804357492219,0.3788350377945754
0.40425531914893614,0.1148049645390071,0.09707446808510638,0.38386524822695034
0.40513047324192836,0.11145510835913312,0.09818664307828394,0.38522777532065455
0.41282389108476064,0.11330698287220026,0.10188844971453667,0.3719806763285024
0.4077196095829636,0.11535048802129548,0.10204081632653061,0.3748890860692103
0.40982142857142856,0.11294642857142857,0.09821428571428571,0.37901785714285713
0.40893015030946067,0.10963748894783377,0.10389036251105217,0.3775419982316534
0.40844444444444444,0.10844444444444444,0.10266666666666667,0.3804444444444444
0.41031291317761126,0.10577346848832085,0.10136624063464081,0.38254737769942704
0.40779675865089793,0.11125711782742007,0.09899255365746824,0.38195356986421375
0.41202090592334495,0.10975609756097561,0.09625435540069686,0.3819686411149826
0.4097926775474195,0.11424790471989413,0.09704455227172475,0.37891486546096165
0.40636042402826855,0.11351590106007067,0.09496466431095406,0.38515901060070673
0.4096975088967972,0.10765124555160142,0.09163701067615658,0.39101423487544484
0.40133630289532296,0.1091314031180401,0.09220489977728286,0.39732739420935415
0.39727232732072154,0.10514738231412231,0.09414870215574131,0.4034315882094149
0.4019264448336252,0.10288966725043783,0.09325744308231174,0.4019264448336252
0.40087912087912086,0.10197802197802198,0.0945054945054945,0.40263736263736266
0.3944099378881988,0.10470275066548358,0.09006211180124224,0.4108251996450754
0.3988490482514387,0.10048694112439133,0.08720672864099159,0.4134572819831784
0.398573339277753,0.10477039679001338,0.08916629514043692,0.4074899687917967
0.39652096342551296,0.10258697591436218,0.09188224799286351,0.4090098126672614
0.3930304367004852,0.10322011468901632,0.09483899426554919,0.40891045434494927
0.39639243290805104,0.10338759348878135,0.0950285965684118,0.40519137703475583
0.3953488372093023,0.10355419043440105,0.09521720052654672,0.4058797718297499
0.3977172958735733,0.10184372256365233,0.09262510974539069,0.40781387181738366
0.3973568281938326,0.10044052863436123,0.09515418502202644,0.40704845814977975
0.3964989059080963,0.09540481400437636,0.09584245076586433,0.41225382932166305
0.3892294220665499,0.09500875656742556,0.09325744308231174,0.4225043782837128
0.39761167624944715,0.0946483856700575,0.09022556390977443,0.4175143741707209
0.3871817383669886,0.09833187006145742,0.09174714661984197,0.422739244951712
0.38699690402476783,0.09597523219814241,0.09420610349402919,0.42282176028306057
0.3895015438906043,0.09086898985443317,0.09660344067048963,0.4230260255844729
0.3885435168738899,0.08614564831261101,0.10035523978685613,0.424955595026643
0.3854674346477625,0.09127159946832078,0.10544971200708905,0.41781125387682766
0.38693913816081743,0.08973789426921368,0.10173256330519768,0.42159040426477123
0.3851917144116351,0.09695901278096078,0.10268840899074483,0.41516086381665934
0.3869257950530035,0.09849823321554771,0.10203180212014135,0.4125441696113074
0.38689685701637894,0.09738822487826472,0.10447100486941124,0.4112439132359451
0.3870682019486271,0.09610274579273693,0.10496014171833482,0.41186891054030117
0.3844121532364597,0.09555261999119331,0.10347864376926465,0.41655658300308235
0.3936311366651924,0.09730207872622733,0.10349402919062362,0.4055727554179567
0.38928255093002656,0.0983170947741364,0.10407440212577503,0.408325952170062
0.3897707231040564,0.09479717813051146,0.10582010582010581,0.4096119929453263
0.3803493449781659,0.0943231441048035,0.10742358078602621,0.41790393013100435
0.3789426921368281,0.09906708129720124,0.1061750333185251,0.4158151932474456
0.38756613756613756,0.09567901234567901,0.1009700176366843,0.4157848324514991
0.39189784236019376,0.09731395860854249,0.09423161602818142,0.41655658300308235
0.3915156871409633,0.09368095448519664,0.09235528060097216,0.42244807777286786
0.40150509074811863,0.0880920761398849,0.09207613988490483,0.41832669322709165
0.4032042723631509,0.08678237650200267,0.09434801958166444,0.415665331553182
0.39707835325365204,0.08942009738822487,0.09694555112881806,0.416555998229305
0.3992163691771876,0.08881149325206791,0.09098824553765782,0.4209838920330866
0.3987730061349693,0.08983347940403155,0.0915863277826468,0.4198071866783523
0.4022787028921998,0.08851884312007012,0.09114811568799298,0.4180543382997371
0.40008841732979666,0.09283819628647215,0.08664898320070734,0.4204244031830239
0.40282062582635525,0.08902600264433672,0.08373732921992066,0.4244160423093874
0.4015817223198594,0.08787346221441125,0.08787346221441125,0.4226713532513181
0.4055360281195079,0.08875219683655536,0.08787346221441125,0.4178383128295255
0.4007954043305347,0.09147149801148917,0.08837825894829872,0.41935483870967744
0.40369393139841686,0.09278803869832894,0.08839050131926121,0.415127528583993
0.4097926775474195,0.09572121746801941,0.0846934274371416,0.4097926775474195
0.40202108963093147,0.09622144112478032,0.08655536028119508,0.4152021089630931
0.3998223011994669,0.0964015992892048,0.08618391825855176,0.41759218125277653
0.4049733570159858,0.09857904085257549,0.08570159857904085,0.4107460035523979
0.39814405656208574,0.10119310649580203,0.08926204153778171,0.41140079540433055
0.3892083149049093,0.10526315789473684,0.08934099955771782,0.416187527642636
0.3903719912472648,0.10415754923413567,0.09321663019693655,0.41225382932166305
0.3849538055433348,0.10866695996480423,0.0963484381874175,0.41003079630444345
0.3890362511052166,0.10963748894783377,0.09725906277630415,0.40406719717064543
0.3883495145631068,0.10723742277140336,0.09664607237422772,0.4077669902912621
0.3965287049399199,0.10858923008455719,0.09434801958166444,0.40053404539385845
0.3932534398579672,0.11540168664003551,0.09454061251664447,0.3968042609853529
0.3952148870181657,0.11165263624280018,0.09437306158617634,0.3987594151528578
0.39474835886214443,0.11641137855579868,0.09321663019693655,0.3956236323851203
0.3916887709991158,0.11361626878868258,0.09681697612732096,0.3978779840848806
0.3931847968545216,0.11446046308431629,0.09654871122761031,0.39580602883355176
0.39559471365638765,0.11894273127753303,0.09691629955947137,0.38854625550660793
0.4013215859030837,0.11233480176211454,0.09823788546255506,0.3881057268722467
0.40899074482150727,0.10973997355663288,0.09739973556632878,0.3838695460555311
0.4027288732394366,0.1113556338028169,0.0977112676056338,0.3882042253521127
0.4134572819831784,0.11066843736166446,0.09694555112881806,0.3789287295263391
0.40561896400351183,0.11369622475856014,0.0996488147497805,0.3810359964881475
0.40846934274371416,0.10807234230260256,0.09969122187913543,0.38376709307454787
0.40464708461201226,0.10960105217010083,0.09907935116177115,0.38667251205611575
0.39955947136563874,0.11189427312775331,0.09911894273127753,0.3894273127753304
0.40008822232024704,0.11160123511248346,0.10101455668284076,0.38729598588442876
0.4020979020979021,0.10664335664335664,0.10270979020979021,0.38854895104895104
0.3959524857017158,0.1073471183457985,0.10162780466344039,0.3950725912890453
0.3966652040368583,0.10179903466432647,0.104870557261957,0.3966652040368583
0.3941798941798942,0.09964726631393298,0.10670194003527336,0.3994708994708995
0.39501312335958005,0.10323709536307961,0.10411198600174978,0.39763779527559057
0.4,0.10288248337028826,0.10066518847006652,0.3964523281596452
0.4058484714222419,0.10101905183872396,0.10146211785556047,0.3916703588834736
0.40253496503496505,0.10314685314685315,0.10270979020979021,0.3916083916083916
0.41114058355437666,0.10256410256410256,0.10123784261715296,0.3850574712643678
0.40791208791208794,0.10197802197802198,0.10593406593406593,0.3841758241758242
0.40651121865376155,0.10206775186977562,0.10470743510778707,0.38671359436867575
0.3952254641909814,0.10167992926613616,0.10433244916003537,0.39876215738284704
0.39501779359430605,0.10142348754448399,0.1045373665480427,0.39902135231316727
0.3966652040368583,0.10530934620447564,0.10355419043440105,0.394471259324265
0.3876478318002628,0.105562855891371,0.10819097678493211,0.3985983355234341
0.3894550287992911,0.10456357997341603,0.10855117412494461,0.39743021710234827
0.3789010989010989,0.11164835164835164,0.10945054945054945,0.4
0.37672759696834596,0.115916183682568,0.10610789121711993,0.4012483281319661
0.37672759696834596,0.11502452073116362,0.10298707088720464,0.4052608114132858
0.37672145713016436,0.11328298533984896,0.10262105730786317,0.4073745002221235
0.37735024048972454,0.11193703541757762,0.10406646261477918,0.40664626147791866
0.37063246351172047,0.1096859796550199,0.10570544007076514,0.41397611676249446
0.37126537785588754,0.10852372583479789,0.1023725834797891,0.4178383128295255
0.37063246351172047,0.10747456877487838,0.10570544007076514,0.416187527642636
0.3718347401155042,0.10706352732119058,0.10306530430919592,0.4180364282541093
0.3692170818505338,0.10720640569395018,0.10676156583629894,0.4168149466192171
0.3719485130936529,0.10386151797603196,0.10341766533510874,0.4207723035952064
0.3689489751417357,0.10292193632795464,0.10248582642825992,0.4256432621020497
0.369594293357111,0.10209540793580027,0.10031208203299152,0.4279982166740972
0.36830648672181104,0.1023073574227253,0.09621245102307358,0.4331737048323901
0.3638790035587189,0.1045373665480427,0.09564056939501779,0.4359430604982206
0.36484098939929327,0.10821554770318022,0.09143109540636042,0.43551236749116606
0.3586329338659565,0.10874389702618731,0.09409675987572126,0.43852640923213493
0.36033274956217165,0.10288966725043783,0.09982486865148861,0.43695271453590195
0.3615794143744454,0.10204081632653061,0.09760425909494233,0.4387755102040816
0.3616366036075671,0.09942806863176419,0.0950285965684118,0.44390673119225693
0.363395225464191,0.09549071618037135,0.09549071618037135,0.44562334217506633
0.3662971175166297,0.09534368070953436,0.08824833702882483,0.4501108647450111
0.3726269315673289,0.09094922737306843,0.08609271523178808,0.4503311258278146
0.37145390070921985,0.09352836879432624,0.08421985815602837,0.4507978723404255
0.3712389380530973,0.09026548672566372,0.08230088495575222,0.4561946902654867
0.3648827952233525,0.09332153914197258,0.08137992038920831,0.46041574524546663
0.3680679785330948,0.09123434704830054,0.0836314847942755,0.45706618962432916
0.37209302325581395,0.0903905221588416,0.08336989907854322,0.4541465555068012
0.36391571553994734,0.09262510974539069,0.08428446005267778,0.4591747146619842
0.3660245183887916,0.0915061295971979,0.08099824868651488,0.46147110332749564
0.37122557726465366,0.08969804618117229,0.08392539964476022,0.45515097690941386
0.37367957746478875,0.0897887323943662,0.08538732394366197,0.4511443661971831
0.3730615861763403,0.08373947718210013,0.08905626938413824,0.45414266725742136
0.373732921992067,0.08814455707360071,0.08594094314676069,0.4521815777875716
0.375,0.0899822695035461,0.08333333333333333,0.4516843971631206
0.3683281870313189,0.09131010145566829,0.08513453903837671,0.45522717247463607
0.3735733099209833,0.09438103599648814,0.08516242317822652,0.44688323090430204
0.36527472527472526,0.09142857142857143,0.08615384615384615,0.45714285714285713
0.37063246351172047,0.08889871738168952,0.0875718708536046,0.45289694825298543
0.36862917398945516,0.0852372583479789,0.09050966608084358,0.45562390158172233
0.3723214285714286,0.08080357142857143,0.0875,0.459375
0.36944077498899164,0.07926023778071334,0.08850726552179657,0.46279172170849847
0.37211367673179396,0.08037300177619894,0.09147424511545293,0.45603907637655416
0.3705337450374945,0.08028231142479048,0.0952801058667843,0.45390383767093073
0.3701098901098901,0.07912087912087912,0.09758241758241758,0.4531868131868132
0.3728963684676705,0.07528786536758193,0.09610274579273693,0.4557130203720106
0.3711751662971175,0.070509977827051,0.09800443458980045,0.46031042128603106
0.367382726874178,0.07321350284962735,0.09557211749232793,0.46383165278386673
0.3668141592920354,0.07123893805309735,0.09601769911504425,0.46592920353982303
0.35553595059550064,0.07498897220996913,0.09748566387295986,0.47198941332157035
0.35956043956043954,0.07428571428571429,0.09494505494505495,0.4712087912087912
0.3691692581075078,0.06841403820524211,0.09418036428254109,0.46823633940470905
0.3649247121346324,0.06288751107174491,0.10008857395925598,0.4720992028343667
0.365376056964842,0.060970182465509566,0.09924343569203382,0.4744103248776146
0.3671497584541063,0.06324110671936758,0.09705753184014053,0.4725516029863856
0.3663278833406982,0.0627485638532921,0.09765797613787008,0.4732655766681396
0.3652826855123675,0.06713780918727916,0.09540636042402827,0.4721731448763251
0.3609519612163949,0.06698986337593654,0.09255178492728074,0.47950639048038785
0.3513157894736842,0.07236842105263158,0.09429824561403509,0.4820175438596491
0.35389326334208226,0.06911636045494313,0.08923884514435695,0.4877515310586177
0.36439929328621906,0.06802120141342756,0.09275618374558305,0.4748233215547703
0.36331569664902996,0.06790123456790123,0.09523809523809523,0.47354497354497355
