C,D,Oc,Od
0.0,0.0,1.0,0.0
1.0,0.0,0.0,0.0
0.8,0.2,0.0,0.0
0.8333333333333334,0.16666666666666666,0.0,0.0
0.7916666666666666,0.125,0.08333333333333333,0.0
0.7297297297297297,0.13513513513513514,0.13513513513513514,0.0
0.6842105263157895,0.17543859649122806,0.14035087719298245,0.0
0.5955056179775281,0.2247191011235955,0.1797752808988764,0.0
0.584,0.224,0.176,0.016
0.5823529411764706,0.20588235294117646,0.18823529411764706,0.023529411764705882
0.5470085470085471,0.20512820512820512,0.20512820512820512,0.042735042735042736
0.5231788079470199,0.2119205298013245,0.20860927152317882,0.056291390728476824
0.4899497487437186,0.21608040201005024,0.2135678391959799,0.08040201005025126
0.45792563600782776,0.2172211350293542,0.2309197651663405,0.09393346379647749
0.4243369734789392,0.21840873634945399,0.24804992199687986,0.10920436817472699
0.399746192893401,0.2131979695431472,0.25,0.13705583756345177
0.3781779661016949,0.21398305084745764,0.2552966101694915,0.15254237288135594
0.3632286995515695,0.22062780269058296,0.2547085201793722,0.16143497757847533
0.36342943854324733,0.22154779969650987,0.24203338391502277,0.17298937784522003
0.34983277591973244,0.21070234113712374,0.24949832775919734,0.18996655518394648
0.3374269005847953,0.21812865497076023,0.24912280701754386,0.1953216374269006
0.3356756756756757,0.21837837837837837,0.24054054054054055,0.20540540540540542
0.3256857855361596,0.22394014962593517,0.2399002493765586,0.21047381546134664
0.3201524535493092,0.2286803239637923,0.2358265840876608,0.21534063839923773
0.31224018475750576,0.22401847575057737,0.23556581986143188,0.228175519630485
0.3094271538114569,0.2282363554352729,0.2322958953540821,0.23004059539918809
0.30282935455349247,0.22281167108753316,0.23209549071618038,0.242263483642794
0.3072847682119205,0.2229580573951435,0.22913907284768212,0.24061810154525387
0.30616740088105726,0.21938325991189428,0.23039647577092512,0.24405286343612334
0.2976190476190476,0.2191358024691358,0.23500881834215168,0.2482363315696649
0.30402449693788275,0.21609798775153105,0.23184601924759404,0.24803149606299213
0.3028169014084507,0.21786971830985916,0.2367957746478873,0.2425176056338028
0.2988100484795064,0.21595416483032173,0.24239753195240193,0.24283825473776993
0.30066815144766146,0.2133630289532294,0.2423162583518931,0.24365256124721604
0.29726148409893993,0.20980565371024734,0.2411660777385159,0.25176678445229683
0.3023358307624504,0.21022476862053768,0.24195680916703394,0.24548259144997797
0.29819144243493606,0.20820467578297308,0.24261138067931187,0.250992501102779
0.3001768346595933,0.21043324491600354,0.2396109637488948,0.2497789566755084
0.2966360856269113,0.21100917431192662,0.24246395806028834,0.24989078200087375
0.29815303430079154,0.20360598065083554,0.24626209322779244,0.2519788918205805
0.2974989030276437,0.20184291355857834,0.25010969723562965,0.2505484861781483
0.30246913580246915,0.20634920634920634,0.24735449735449735,0.24382716049382716
0.3073878627968338,0.19920844327176782,0.24098504837291118,0.25241864555848725
0.30417582417582417,0.20527472527472526,0.2408791208791209,0.24967032967032968
0.3018951079770824,0.20669898633759365,0.2379903040987219,0.25341560158660204
0.3093681917211329,0.2056644880174292,0.2326797385620915,0.2522875816993464
0.31277533039647576,0.2026431718061674,0.23215859030837005,0.25242290748898677
0.30837004405286345,0.21013215859030837,0.22555066079295155,0.25594713656387663
0.3108108108108108,0.20793374019180472,0.22319093286835223,0.25806451612903225
0.31046613896218117,0.20800351802990324,0.22999120492524186,0.2515391380826737
0.3123625164980202,0.21161460624725034,0.21821381434227893,0.2578090629124505
0.30656610470275064,0.2111801242236025,0.22182786157941436,0.2604259094942325
0.30498016747465845,0.21066549140590568,0.2260907888937858,0.25826355222565006
0.3053571428571429,0.2138392857142857,0.22678571428571428,0.25401785714285713
0.30602302922940655,0.21346324180690876,0.2267493356953056,0.2537643932683791
0.30836618484450284,0.21156373193166886,0.22733245729303547,0.2527376259307928
0.30604203152364273,0.21147110332749564,0.22898423817863398,0.2535026269702277
0.30935569285083847,0.2122683142100618,0.2290379523389232,0.24933804060017653
0.3134065934065934,0.20923076923076922,0.2246153846153846,0.25274725274725274
0.3161175422974176,0.21148708815672307,0.21861086375779162,0.25378450578806766
0.3191677733510403,0.2107127047366091,0.217352810978309,0.2527667109340416
0.3239312472454826,0.2124283825473777,0.22300572939620977,0.24063464081092992
0.32472647702407004,0.20919037199124726,0.21925601750547047,0.24682713347921226
0.3229349736379613,0.2117750439367311,0.22275922671353252,0.24253075571177504
0.3167259786476868,0.21530249110320285,0.22330960854092527,0.24466192170818504
0.3158129175946548,0.21514476614699332,0.21915367483296214,0.24988864142538975
0.3045798132503335,0.22454424188528235,0.22009782125389063,0.25077812361049356
0.3056419369169258,0.22079075966237227,0.22256774766770324,0.25099955575299865
0.3035398230088496,0.21548672566371682,0.22964601769911505,0.2513274336283186
0.3070484581497797,0.21497797356828194,0.22422907488986785,0.2537444933920705
0.3023461708720673,0.21336874723328905,0.22709163346613545,0.25719344842850816
0.30633802816901406,0.2169894366197183,0.2227112676056338,0.2539612676056338
0.3065217391304348,0.22130434782608696,0.22652173913043477,0.24565217391304348
0.31195079086115995,0.2218804920913884,0.22495606326889278,0.24121265377855888
0.31487134757959007,0.22895769733972962,0.2136938508504143,0.24247710423026603
0.317600352889281,0.22761358623731803,0.2086457873842082,0.24614027348919276
0.31488801054018445,0.22837066315327184,0.204655248133509,0.2520860781730347
0.3185413005272408,0.22363796133567662,0.2056239015817223,0.2521968365553603
0.32033673017279574,0.21798848028356224,0.20868409392999557,0.25299069561364645
0.3275709219858156,0.21941489361702127,0.20212765957446807,0.250886524822695
0.32887700534759357,0.21657754010695188,0.20677361853832443,0.24777183600713013
0.3209384683488269,0.21956617972554227,0.2067286409915892,0.2527667109340416
0.3145374449339207,0.22819383259911893,0.2066079295154185,0.25066079295154187
0.31808183018037833,0.22965244170699517,0.2014958205015398,0.2507699076110867
0.31288614298323036,0.2290379523389232,0.20344218887908208,0.2546337157987643
0.31866197183098594,0.2306338028169014,0.19718309859154928,0.2535211267605634
0.31777777777777777,0.224,0.20577777777777778,0.25244444444444447
0.31977001326846527,0.22865988500663423,0.20035382574082264,0.25121627598407786
0.32548845470692717,0.23001776198934282,0.19316163410301954,0.25133214920071045
0.3258967629046369,0.22615923009623798,0.19641294838145232,0.2515310586176728
0.32007073386383733,0.22679045092838196,0.1958443854995579,0.2572944297082228
0.3238760366652117,0.2221737232649498,0.19598428633784373,0.25796595373199477
0.31496062992125984,0.2279090113735783,0.19597550306211722,0.26115485564304464
0.3166961130742049,0.22879858657243815,0.19125441696113074,0.26325088339222613
0.3116423196104471,0.22797698096502877,0.19300575475874282,0.2673749446657813
0.3171592412880459,0.22540802823114248,0.18879576532862816,0.2686369651521835
0.3239929947460595,0.22329246935201402,0.18739054290718038,0.26532399299474607
0.32238282961016207,0.2172579938677179,0.19448094612352168,0.2658782303985983
0.3178633975481611,0.22329246935201402,0.19308231173380036,0.2657618213660245
0.31291028446389496,0.22319474835886213,0.1912472647702407,0.2726477024070022
0.3154892496709083,0.22071083808688022,0.19131197893813076,0.2724879333040807
0.3176991150442478,0.22123893805309736,0.18893805309734513,0.2721238938053097
0.3218491059747056,0.21805494984736154,0.19363279546445705,0.2664631487134758
0.31777777777777777,0.21822222222222223,0.192,0.272
0.3112290008841733,0.22281167108753316,0.1918656056587091,0.27409372236958446
0.3108167770419426,0.23134657836644593,0.18896247240618103,0.26887417218543047
0.3076245041868665,0.22873512560599382,0.19127368884971352,0.2723666813574262
0.31159737417943106,0.2301969365426696,0.1925601750547046,0.26564551422319477
0.31424766977363516,0.2241455836662228,0.19751442521083,0.26409232134931204
0.31535087719298244,0.22017543859649122,0.19956140350877194,0.2649122807017544
0.3084686265906099,0.2224659938569548,0.20096533567354102,0.26810004387889425
0.3110236220472441,0.22397200349956256,0.19553805774278216,0.2694663167104112
0.31064958020327,0.22448077772867875,0.19575784357048165,0.2691117984975696
0.3115114235500879,0.21968365553602812,0.1977152899824253,0.2710896309314587
0.30782761653474056,0.22119613016710643,0.19832893579595426,0.2726473175021988
0.3131844064826982,0.21638195356986423,0.20324134910205868,0.2671922908453789
0.30752405949256345,0.21653543307086615,0.205161854768154,0.27077865266841644
0.3053839364518976,0.21844660194174756,0.20520741394527803,0.2709620476610768
0.3063457330415755,0.2175054704595186,0.2074398249452954,0.2687089715536105
0.30941901408450706,0.21434859154929578,0.2055457746478873,0.2706866197183099
0.31790123456790126,0.21252204585537918,0.2072310405643739,0.2623456790123457
0.31969764339706536,0.20942641173855048,0.20320142285460205,0.26767452200978215
0.325540361711513,0.20644022937803264,0.2011468901632113,0.26687251874724305
0.32879120879120877,0.20263736263736265,0.20351648351648352,0.26505494505494503
0.3319964349376114,0.196524064171123,0.20989304812834225,0.26158645276292336
0.33436395759717313,0.19125441696113074,0.21068904593639576,0.26369257950530034
0.33687002652519893,0.19496021220159152,0.20557029177718833,0.2625994694960212
0.3383458646616541,0.19460415745245466,0.20610349402919062,0.26094648385670055
0.3333333333333333,0.1948853615520282,0.21119929453262787,0.2605820105820106
0.33362714852357866,0.19656236227412957,0.20802115469369767,0.2617893345085941
0.33027923211169286,0.20418848167539266,0.2111692844677138,0.2543630017452007
0.33362560280578696,0.20429636124506795,0.210872424375274,0.2512056115738711
0.3334795963141729,0.20052654673102238,0.21369021500658184,0.2523036419482229
0.33377250768555117,0.2028985507246377,0.21299956082564778,0.2503293807641634
0.336115992970123,0.20254833040421794,0.21616871704745166,0.2451669595782074
0.33274879438842614,0.20429636124506795,0.21657167908811925,0.24638316527838666
0.32616330114135206,0.2080772607550483,0.21685689201053557,0.2489025460930641
0.3337707786526684,0.20559930008748906,0.21434820647419073,0.2462817147856518
0.3359580052493438,0.20122484689413822,0.2178477690288714,0.24496937882764655
0.3337765957446808,0.1976950354609929,0.2247340425531915,0.24379432624113476
0.33611232996928475,0.19964896884598507,0.2224659938569548,0.24177270732777534
0.33509467195068254,0.19903126376045796,0.2294143549097314,0.23645970937912814
0.33858267716535434,0.194663167104112,0.22440944881889763,0.24234470691163604
0.3340640070144673,0.19508987286277948,0.22972380534853135,0.24112231477422183
0.3352575488454707,0.19493783303730017,0.2211367673179396,0.24866785079928952
0.33570159857904086,0.19626998223801065,0.22246891651865008,0.2455595026642984
0.33450859409431466,0.19876597620096959,0.21903922432789774,0.24768620537681799
0.3362714852357867,0.1978845306302336,0.21727633318642575,0.24856765094755398
0.3397887323943662,0.19586267605633803,0.21566901408450703,0.24867957746478872
0.33598233995584986,0.19514348785871966,0.22119205298013245,0.247682119205298
0.33597534125935713,0.19638925583443417,0.22104799647732276,0.24658740642888596
0.3370044052863436,0.20088105726872246,0.2145374449339207,0.2475770925110132
0.3325942350332594,0.19955654101995565,0.21906873614190686,0.24878048780487805
0.3356828193832599,0.20308370044052865,0.21629955947136564,0.24493392070484582
0.3262102049716529,0.20497165285651983,0.21805494984736154,0.25076319232446576
0.32687224669603526,0.20572687224669603,0.21277533039647578,0.25462555066079295
0.3266375545851528,0.2074235807860262,0.2109170305676856,0.2550218340611354
0.33303847854931445,0.20300751879699247,0.2127377266696152,0.25121627598407786
0.33923042901371075,0.20389208314904908,0.20610349402919062,0.25077399380804954
0.3408687943262411,0.19858156028368795,0.2127659574468085,0.24778368794326242
0.3415061295971979,0.2009632224168126,0.2097197898423818,0.2478108581436077
0.336115992970123,0.19595782073813708,0.21441124780316345,0.2535149384885764
0.3321693583587953,0.19205587079877784,0.22173723264949805,0.25403753819292885
0.32866520787746173,0.1851203501094092,0.22800875273522975,0.25820568927789933
0.3340688437775816,0.18093556928508384,0.23168578993821712,0.2533097969991174
0.33216476774758985,0.18054338299737072,0.2287467134092901,0.25854513584574934
0.3299781181619256,0.18599562363238512,0.2223194748358862,0.2617067833698031
0.32702464788732394,0.18089788732394366,0.22755281690140844,0.26452464788732394
0.32333480370533746,0.1835024261138068,0.22320247022496692,0.2699602999558888
0.32054077627562144,0.18796336676842565,0.22590492804186654,0.26559092891408637
0.31149674620390455,0.19522776572668113,0.22559652928416485,0.26767895878524944
0.31064958020327,0.19575784357048165,0.22978347326557666,0.26380910296067167
0.31432303003918155,0.19329560296038312,0.22638223770134958,0.26599912929908576
0.3120035304501324,0.19549867608120036,0.22550750220653135,0.2669902912621359
0.3141223053233612,0.19665640123185218,0.22085349758029035,0.2683677958644963
0.31901840490797545,0.19281332164767748,0.22129710780017528,0.2668711656441718
0.3248686514886165,0.18957968476357268,0.22416812609457093,0.2613835376532399
0.32026431718061676,0.2,0.22158590308370044,0.2581497797356828
0.31665941713788603,0.2044367116137451,0.22096563723357981,0.25793823401478905
0.30857648099027407,0.20291777188328913,0.22767462422634838,0.2608311229000884
0.30850131463628394,0.20289219982471515,0.22261174408413673,0.2659947414548642
0.30566534914361,0.20245937637241984,0.2235397452788757,0.2683355292050944
0.3048672566371681,0.2004424778761062,0.23097345132743363,0.26371681415929205
0.304635761589404,0.20353200883002207,0.23090507726269316,0.2609271523178808
0.30655021834061136,0.2004366812227074,0.2292576419213974,0.26375545851528387
0.3110914714980115,0.20150243040212107,0.2275740167918692,0.25983208130799823
0.30185348631950576,0.2087378640776699,0.22506619593998234,0.26434245366284204
0.31219726992514313,0.20607661822985468,0.22413033905768384,0.2575957727873184
0.31283185840707967,0.20663716814159291,0.22566371681415928,0.25486725663716814
0.304635761589404,0.20750551876379691,0.22737306843267108,0.26048565121412803
0.3010610079575597,0.2002652519893899,0.23076923076923078,0.26790450928381965
0.2999554962171785,0.20338228749443701,0.22785936804628393,0.2688028482421006
0.3001316366827556,0.20842474769635805,0.22202720491443614,0.26941641070645017
0.2988556338028169,0.2068661971830986,0.22183098591549297,0.27244718309859156
0.30442477876106194,0.20530973451327433,0.21946902654867256,0.27079646017699116
0.30516014234875444,0.20640569395017794,0.2179715302491103,0.2704626334519573
0.3087071240105541,0.20580474934036938,0.2154793315743184,0.2700087950747581
0.31648936170212766,0.2047872340425532,0.21010638297872342,0.26861702127659576
0.3154892496709083,0.20754716981132076,0.2071083808688021,0.26985519964896887
0.31894273127753303,0.20881057268722467,0.20484581497797358,0.2674008810572687
0.31176213379973766,0.2125054656755575,0.20069960647135987,0.275032794053345
0.31117021276595747,0.21453900709219859,0.20833333333333334,0.26595744680851063
0.3118374558303887,0.2146643109540636,0.20892226148409895,0.26457597173144876
0.3141728828433524,0.2198332602018429,0.20359806932865293,0.26239578762615184
0.3121412803532009,0.21545253863134659,0.21015452538631346,0.26225165562913905
0.30597992143168923,0.22042776080314272,0.2060235704932344,0.26756874727193364
0.3069087688219663,0.2183348095659876,0.2046058458813109,0.27015057573073514
0.31583552055993,0.21872265966754156,0.199912510936133,0.2655293088363955
0.316023080337328,0.21438082556591212,0.19840213049267644,0.27119396360408343
0.3124452234881683,0.21779141104294478,0.2011393514460999,0.268624014022787
0.31488801054018445,0.2231005709266579,0.19675010979358806,0.2652613087395696
0.3129432624113475,0.22562056737588654,0.1945921985815603,0.26684397163120566
0.3128834355828221,0.22173531989482909,0.19456617002629273,0.2708150744960561
0.312390158172232,0.21924428822495606,0.19727592267135324,0.2710896309314587
0.3063811188811189,0.22202797202797203,0.20192307692307693,0.2696678321678322
0.3084070796460177,0.21946902654867256,0.20309734513274336,0.26902654867256637
0.30930537352555704,0.22629969418960244,0.19309742245522063,0.2712975098296199
0.3126921387790953,0.22573561703996486,0.19411506368028106,0.26745718050065875
0.3100398053958425,0.23042901371074745,0.19106590004422822,0.26846528084918175
0.3092105263157895,0.22719298245614036,0.1912280701754386,0.2723684210526316
0.3019451812555261,0.23430592396109637,0.19672855879752432,0.26702033598585323
0.3043095866314864,0.23350923482849603,0.1961301671064204,0.26605101143359716
0.3076923076923077,0.23032967032967033,0.19472527472527473,0.2672527472527473
0.31236347750109217,0.23197903014416776,0.19309742245522063,0.26256006989951947
0.31181379007465965,0.23100570926657882,0.19148001756697408,0.26570048309178745
0.30296329057938964,0.2335249889429456,0.20212295444493586,0.26138876603272887
0.3003109729009329,0.22878720568636163,0.20746334962239005,0.26343847179031543
0.3055187637969095,0.22781456953642384,0.20838852097130242,0.2582781456953642
0.31187472814267075,0.2240104393214441,0.20617659852109613,0.25793823401478905
0.3040629095674967,0.21887287024901703,0.2092616863259065,0.26780253385757974
0.2985927880386983,0.22251539138082674,0.20712401055408972,0.2717678100263852
0.29597197898423816,0.22504378283712784,0.2084063047285464,0.27057793345008757
0.2963620230700976,0.2267080745341615,0.21827861579414373,0.25865128660159714
0.29696436427628686,0.22437307523097227,0.22085349758029035,0.2578090629124505
0.2985532661113547,0.2253397632617273,0.22139412538360367,0.25471284524331433
0.3018867924528302,0.21895568231680562,0.22378236068451074,0.25537516454585346
0.29310344827586204,0.22546419098143236,0.22590627763041557,0.25552608311229
0.29385964912280704,0.225,0.22631578947368422,0.2548245614035088
0.290989010989011,0.22857142857142856,0.22505494505494505,0.2553846153846154
0.29701230228471004,0.22451669595782073,0.218804920913884,0.2596660808435852
0.2984154929577465,0.2244718309859155,0.22095070422535212,0.25616197183098594
0.2975243147656941,0.22148541114058357,0.22192749778956675,0.25906277630415564
0.3020695728753853,0.22589167767503301,0.21092029942756496,0.2611184500220167
0.3042128603104213,0.23148558758314855,0.20931263858093127,0.2549889135254989
0.3030701754385965,0.23201754385964912,0.20877192982456141,0.256140350877193
0.3058875608676406,0.2288623284639221,0.2107127047366091,0.2545374059318282
0.30671347082053535,0.23036419482229048,0.21237384817902588,0.2505484861781483
0.30725274725274726,0.22857142857142856,0.2145054945054945,0.24967032967032968
0.3124448367166814,0.23345101500441306,0.20962047661076788,0.2444836716681377
0.30857142857142855,0.22945054945054946,0.21626373626373627,0.24571428571428572
0.30565371024734983,0.22879858657243815,0.21643109540636044,0.24911660777385158
0.3001316366827556,0.23211935059236508,0.21851689337428698,0.24923211935059236
0.29212983548243665,0.23788350377945755,0.21520675855935972,0.25477990217874613
0.29640980735551664,0.23380035026269702,0.21103327495621715,0.2587565674255692
0.2931110136024572,0.2360684510750329,0.2079859587538394,0.2628345765686705
0.30026690391459077,0.2313167259786477,0.20729537366548043,0.2611209964412811
0.30172033524481695,0.2329069254521394,0.20732245258050286,0.2580502867225408
0.2964912280701754,0.23289473684210527,0.21096491228070174,0.2596491228070175
0.29882044560943644,0.22804718217562253,0.20969855832241152,0.2634338138925295
0.29779735682819386,0.2365638766519824,0.20484581497797358,0.2607929515418502
0.29859894921190894,0.23161120840630472,0.2062171628721541,0.2635726795096322
0.29404088734232275,0.23923444976076555,0.20400173988690734,0.26272292301000433
0.29442738043001315,0.24396665204036858,0.20272049144361562,0.25888547608600265
0.2894503546099291,0.2424645390070922,0.2025709219858156,0.2655141843971631
0.2870493991989319,0.24299065420560748,0.205607476635514,0.2643524699599466
0.29349269588313415,0.24258521469676847,0.2014165559982293,0.2625055334218681
0.2893919218819352,0.24189968930315137,0.2006213936972925,0.26808699511762096
0.2902097902097902,0.23776223776223776,0.2076048951048951,0.2644230769230769
0.2945054945054945,0.23692307692307693,0.2043956043956044,0.2641758241758242
0.2952961672473868,0.2308362369337979,0.20557491289198607,0.2682926829268293
0.2972972972972973,0.2303943287549845,0.20026583961010191,0.2720425343376163
0.3017543859649123,0.2206140350877193,0.20701754385964913,0.2706140350877193
0.29619805481874445,0.22502210433244915,0.20866489832007074,0.27011494252873564
0.29564452265728114,0.22525296964364278,0.20853497580290364,0.27056753189617244
0.2931110136024572,0.22948661693725317,0.20403685827117157,0.27336551118911806
0.28665207877461707,0.23326039387308534,0.2100656455142232,0.2700218818380744
0.2873512560599383,0.23446452181577787,0.19876597620096959,0.2794182459233142
0.28540113985094256,0.2367382726874178,0.19947391494958353,0.2783866725120561
0.28907637655417406,0.2353463587921847,0.19671403197158083,0.27886323268206037
0.2885375494071146,0.23364075537988582,0.2002635046113307,0.27755819060166886
0.2894503546099291,0.23625886524822695,0.2025709219858156,0.2717198581560284
0.291832229580574,0.2326710816777042,0.20132450331125828,0.27417218543046357
0.29215943933420935,0.23127463863337713,0.20630749014454666,0.27025843188786686
0.29458388375165123,0.23249669749009247,0.2043152796125055,0.26860413914575076
0.3022747156605424,0.22965879265091863,0.20253718285214348,0.2655293088363955
0.3032967032967033,0.22725274725274724,0.20747252747252748,0.261978021978022
0.2988505747126437,0.23076923076923078,0.21043324491600354,0.259946949602122
0.30061619718309857,0.2319542253521127,0.20862676056338028,0.25880281690140844
0.30088105726872244,0.23127753303964757,0.21894273127753303,0.2488986784140969
0.3015803336259877,0.2295873573309921,0.21466198419666374,0.25417032484635643
0.29721496953872933,0.23237597911227154,0.21583986074847694,0.2545691906005222
0.3020924149956408,0.22755013077593722,0.21621621621621623,0.25414123801220573
0.3053602811950791,0.22583479789103691,0.2179261862917399,0.2508787346221441
0.3030436700485223,0.23599470666078518,0.21482134980149978,0.24614027348919276
0.29947460595446584,0.23686514886164622,0.21409807355516638,0.24956217162872155
0.2995169082125604,0.23583662714097497,0.21256038647342995,0.2520860781730347
0.29574374725756913,0.23255813953488372,0.22027204914436158,0.25142606406318563
0.30213903743315507,0.23663101604278075,0.21301247771836007,0.2482174688057041
0.2989916703200351,0.23103901797457255,0.21832529592284086,0.2516440157825515
0.2989106753812636,0.23093681917211328,0.21655773420479302,0.25359477124183005
0.2869796279893711,0.23782108060230292,0.21922054915854738,0.25597874224977857
0.2857142857142857,0.23380656610470274,0.21960958296362024,0.2608695652173913
0.28074041427941826,0.2353459673865139,0.23005729396209784,0.25385632437197003
0.28163444639718804,0.23857644991212654,0.22934973637961337,0.2504393673110721
0.2871726586773191,0.2334664891256103,0.2272525521526853,0.2521083000443853
0.2854648625054561,0.23788738542121343,0.2221737232649498,0.2544740288083806
0.2812089356110381,0.23653088042049936,0.22777047744196233,0.2544897065265002
0.28395604395604396,0.23604395604395603,0.22373626373626374,0.2562637362637363
0.2879120879120879,0.23076923076923078,0.21978021978021978,0.26153846153846155
0.2830188679245283,0.2369460289600702,0.22465993856954805,0.25537516454585346
0.27337173238812584,0.2361541869738591,0.22862206468763846,0.2618520159503766
0.2702939885914875,0.23124177270732776,0.23387450636243967,0.26458973233874505
0.27075184702303345,0.23033463711429814,0.2390265102129509,0.2598870056497175
0.2713656387665198,0.23171806167400882,0.24140969162995596,0.2555066079295154
0.27071333628710675,0.23748338502436864,0.24014178112538767,0.2516614975631369
0.27189141856392296,0.23204903677758318,0.2456217162872154,0.2504378283712785
0.2715669014084507,0.230193661971831,0.23943661971830985,0.25880281690140844
0.2686369651521835,0.22893692104102337,0.24878694309660343,0.25363917071018965
0.2636001769128704,0.23485183547103053,0.24944714727996462,0.25210084033613445
0.2678729037952339,0.23389232127096204,0.24845542806707854,0.2497793468667255
0.26170307623718236,0.24119482835488185,0.24743646901471245,0.24966562639322337
0.26559714795008915,0.24554367201426025,0.24688057040998218,0.24197860962566844
0.2641014429383472,0.24180148666375165,0.24573677306515085,0.24836029733275033
0.2614578786556089,0.23876036665211697,0.24792666957660411,0.25185508511567
0.2642669007901668,0.23880597014925373,0.23968393327480245,0.257243195785777
0.2730465320456541,0.23266022827041263,0.2405618964003512,0.2537313432835821
0.26663747810858146,0.2381786339754816,0.23905429071803852,0.2561295971978984
0.2710896309314587,0.2429701230228471,0.23550087873462214,0.2504393673110721
0.26616805983282005,0.2424109106907171,0.24065112186537616,0.2507699076110867
0.2619047619047619,0.24162257495590828,0.2429453262786596,0.2535273368606702
0.267927848658161,0.2358117025956885,0.2410910690717114,0.2551693796744391
0.27288810260946483,0.23794781070322865,0.23529411764705882,0.25386996904024767
0.2722880983750549,0.23847167325428195,0.2450592885375494,0.24418093983311376
0.2662251655629139,0.23664459161147902,0.24988962472406182,0.24724061810154527
0.26619343389529726,0.23646850044365572,0.2528837622005324,0.24445430346051464
0.27005699254712845,0.2354230600613766,0.24419114423498467,0.2503288031565103
0.27224669603524226,0.23524229074889869,0.2431718061674009,0.24933920704845816
0.2697715289982425,0.23418277680140598,0.24560632688927944,0.2504393673110721
0.26955002184359983,0.23765836609873306,0.24683267802533856,0.24595893403232852
0.2691292875989446,0.24010554089709762,0.24406332453825857,0.24670184696569922
0.2692307692307692,0.24314765694076038,0.2409372236958444,0.246684350132626
0.2741364038972542,0.2382639503985828,0.23737821080602303,0.25022143489813997
0.27353071144498453,0.23243482103402563,0.23641184268669907,0.25762262483429077
0.27143491781430473,0.2372278987116837,0.2403376277210129,0.25099955575299865
0.27040141155712394,0.23599470666078518,0.24217026907807676,0.2514336127040141
0.27493380406001766,0.23036187113857018,0.2436010591350397,0.2511032656663725
0.2720105124835742,0.231712658782304,0.24923346473937802,0.24704336399474375
0.26666666666666666,0.23660130718954248,0.2544662309368192,0.24226579520697167
0.26834659593280286,0.2382847038019452,0.2515473032714412,0.24182139699381078
0.26748790145182577,0.23141223053233612,0.258688957325121,0.2424109106907171
0.26943462897526504,0.23807420494699646,0.2588339222614841,0.2336572438162544
0.2698624056813138,0.23213493120284065,0.26409232134931204,0.2339103417665335
0.27007943512797883,0.2418358340688438,0.2559576345984113,0.2321270962047661
0.27436347673397715,0.247585601404741,0.25065847234416155,0.2273924495171203
0.27024647887323944,0.24075704225352113,0.2574823943661972,0.23151408450704225
0.27660510114335973,0.2418645558487247,0.25725593667546176,0.22427440633245382
0.2756494936151475,0.24482606781153676,0.25055041831792163,0.2289740202553941
0.27767936226749335,0.24446412754650132,0.24534986713906112,0.2325066430469442
0.2738715277777778,0.24305555555555555,0.2504340277777778,0.2326388888888889
0.27224435590969454,0.24479858344400177,0.2540947321823816,0.2288623284639221
0.26997366110623355,0.25021949078138717,0.25768217734855137,0.2221246707638279
0.2754650132860939,0.24224977856510185,0.2608503100088574,0.22143489813994685
0.27232732072151344,0.2454905411350638,0.2551693796744391,0.22701275846898372
0.2708793636765356,0.2465753424657534,0.2545293857711003,0.22801590808661068
0.27527352297593,0.25689277899343543,0.2437636761487965,0.22407002188183808
0.26950043821209463,0.2598597721297108,0.2462751971954426,0.22436459246275198
0.2781921895568232,0.2549363756033348,0.2479157525230364,0.21895568231680562
0.2747589833479404,0.2567922874671341,0.2432077125328659,0.2252410166520596
0.27929515418502204,0.2607929515418502,0.23480176211453743,0.2251101321585903
0.27758164165931154,0.2594880847308032,0.23654015887025595,0.2263901147396293
0.273972602739726,0.25806451612903225,0.23773751657092354,0.23022536456031817
0.26963812886142985,0.2586054721977052,0.235657546337158,0.23609885260370697
0.2747688243064729,0.2567151034786438,0.23778071334214002,0.2307353588727433
0.2748898678414097,0.2599118942731278,0.23524229074889869,0.22995594713656387
0.2683887915936953,0.266199649737303,0.23423817863397547,0.23117338003502627
0.2622658340767172,0.2711864406779661,0.22925958965209633,0.23728813559322035
0.26946902654867255,0.2676991150442478,0.22920353982300884,0.2336283185840708
0.26917960088691795,0.26252771618625276,0.2328159645232816,0.23547671840354767
0.28224381625441697,0.25574204946996465,0.22879858657243815,0.2332155477031802
0.28024637043554773,0.25692916849978004,0.22833260008798945,0.2344918609766828
0.27699736611062337,0.26163301141352063,0.22344161545215102,0.237928007023705
0.2843874391862008,0.2560813799203892,0.22158337019018134,0.23794781070322865
0.2948207171314741,0.24656927844178841,0.22177954847277556,0.23683045595396193
0.2898297686599738,0.2501091226538629,0.22304670449585334,0.23701440419030992
0.2867808519982433,0.2534036012296882,0.22529644268774704,0.23451910408432147
0.2867288060363959,0.25122059476253883,0.2272525521526853,0.23479804704837995
0.28844444444444445,0.252,0.22355555555555556,0.236
0.2894387980556783,0.24613345117101193,0.22580645161290322,0.23862129916040653
0.29157476841640934,0.24922805469783854,0.22099691221879136,0.23820026466696073
0.286660777385159,0.25,0.22084805653710246,0.24249116607773852
0.28839441535776617,0.24214659685863874,0.22425828970331588,0.24520069808027922
0.2906208718626156,0.242184059885513,0.21796565389696168,0.24922941435490972
0.2857771906649053,0.24394539850286218,0.22104799647732276,0.24922941435490972
0.2848378615249781,0.2392638036809816,0.22261174408413673,0.2532865907099036
0.28809837505489677,0.24330259112867808,0.2231005709266579,0.24549846288976723
0.29232111692844676,0.24171029668411867,0.22207678883071552,0.24389179755671903
0.28596802841918295,0.25266429840142096,0.21980461811722912,0.24156305506216696
0.2837659480862297,0.24725032996040475,0.214694236691597,0.2542894852617686
0.28311918475852904,0.24900310146211785,0.21311475409836064,0.25476295968099244
0.28270412642669007,0.24802458296751537,0.21466198419666374,0.2546093064091308
0.28407587119541244,0.24614027348919276,0.2161446846052051,0.25363917071018965
0.2821522309711286,0.24059492563429571,0.2226596675415573,0.2545931758530184
0.2844404814979938,0.24164065983058403,0.21801159161836825,0.25590726705305394
0.27947019867549666,0.24150110375275938,0.2185430463576159,0.26048565121412803
0.28033658104517273,0.23870682019486272,0.21966341895482727,0.2612931798051373
0.28304347826086956,0.2373913043478261,0.21521739130434783,0.2643478260869565
0.28395604395604396,0.23164835164835165,0.21318681318681318,0.2712087912087912
0.2748257839721254,0.23911149825783973,0.21385017421602787,0.272212543554007
0.27989371124889284,0.2382639503985828,0.21302037201062887,0.2688219663418955
0.27437141596823994,0.23511248345831495,0.22055580061755625,0.2699602999558888
0.2703768624014023,0.23400525854513585,0.2287467134092901,0.2668711656441718
0.27037861915367484,0.23697104677060132,0.22316258351893095,0.26948775055679286
0.2722902097902098,0.23732517482517482,0.22814685314685315,0.26223776223776224
0.26570048309178745,0.233201581027668,0.22880983750548967,0.2722880983750549
0.26991150442477874,0.23053097345132742,0.22300884955752212,0.27654867256637167
0.2661149825783972,0.23780487804878048,0.2221254355400697,0.2739547038327526
0.27165354330708663,0.22965879265091863,0.22397200349956256,0.2747156605424322
0.2682384341637011,0.23176156583629892,0.22019572953736655,0.27980427046263345
0.27079646017699116,0.2336283185840708,0.21946902654867256,0.2761061946902655
0.27161035541904344,0.23168056164984643,0.2215884159719175,0.27512066695919263
0.26946902654867255,0.22787610619469026,0.22699115044247786,0.2756637168141593
0.2617801047120419,0.2286212914485166,0.23036649214659685,0.2792321116928447
0.26271561256081377,0.2335249889429456,0.22291021671826625,0.28084918177797435
0.2636443661971831,0.23151408450704225,0.2244718309859155,0.28036971830985913
0.26119402985074625,0.23397717295873574,0.2295873573309921,0.2752414398595259
0.2572052401746725,0.225764192139738,0.2292576419213974,0.28777292576419217
0.25551632833186233,0.2237422771403354,0.2325684024713151,0.2881729920564872
0.2609457092819615,0.2224168126094571,0.23204903677758318,0.28458844133099825
0.26445916114790285,0.22339955849889626,0.23532008830022075,0.2768211920529801
0.26176858776946765,0.2234931808183018,0.23669159700835898,0.27804663440387156
0.26388271879164815,0.21723678365171034,0.2372278987116837,0.2816525988449578
0.27385707944962273,0.2072791833111407,0.22947181535730138,0.2893919218819352
0.271729587357331,0.21027216856892011,0.23134328358208955,0.28665496049165934
0.27580071174377224,0.2090747330960854,0.22909252669039146,0.2860320284697509
0.2798064232292125,0.21293444786625604,0.21777386713594368,0.28948526176858774
0.2775831873905429,0.21891418563922943,0.2180385288966725,0.28546409807355516
0.27716673999120106,0.22305323361196655,0.21997360316761988,0.2798064232292125
0.2775564409030544,0.22266489597166889,0.21868083222664897,0.2810978308986277
0.27673505019642075,0.22522915757311218,0.22042776080314272,0.2776080314273243
0.2809335094671951,0.21796565389696168,0.22501100836635843,0.2760898282694848
0.2833629893238434,0.2206405693950178,0.22019572953736655,0.27580071174377224
0.2820849759088918,0.21681997371879105,0.22601839684625494,0.2750766535260622
0.28608923884514437,0.21828521434820647,0.22528433945756782,0.27034120734908135
0.2878390201224847,0.2125984251968504,0.2283464566929134,0.27121609798775154
0.2779232111692845,0.22164048865619546,0.22949389179755672,0.2709424083769634
0.28307692307692306,0.2254945054945055,0.22637362637362637,0.26505494505494503
0.28421052631578947,0.21842105263157896,0.2293859649122807,0.2679824561403509
0.281983178397521,0.22532093846834883,0.22620628596724215,0.266489597166888
0.2797723292469352,0.22898423817863398,0.22416812609457093,0.2670753064798599
0.27887571365832237,0.23364075537988582,0.22178304787000439,0.26570048309178745
0.2828193832599119,0.23127753303964757,0.21145374449339208,0.27444933920704845
0.28639514731369153,0.23180242634315423,0.2110051993067591,0.27079722703639514
0.28608809419973835,0.2307021369385085,0.2093327518534671,0.2738770170082861
0.28476527900797166,0.2329495128432241,0.2108060230292294,0.27147918511957486
0.2773109243697479,0.23794781070322865,0.21008403361344538,0.27465723131357805
0.2854633289415898,0.23451910408432147,0.21080368906455862,0.2692138779095301
0.2826278659611993,0.23324514991181658,0.20987654320987653,0.2742504409171076
0.28114035087719297,0.23157894736842105,0.21271929824561403,0.27456140350877195
0.28131966116807844,0.24119482835488185,0.20820329915292018,0.2692822113241195
0.28691423519009723,0.2396109637488948,0.20645446507515472,0.26702033598585323
0.2791005291005291,0.24603174603174602,0.20590828924162258,0.2689594356261023
0.28255093002657217,0.2400354295837024,0.20283436669619131,0.2745792736935341
0.2844638949671772,0.2424507658643326,0.20350109409190373,0.26958424507658646
0.2826761187416925,0.23438192290651308,0.2104563579973416,0.2724856003544528
0.2795414462081129,0.23015873015873015,0.21119929453262787,0.2791005291005291
0.28452066842568163,0.22031662269129287,0.21591908531222515,0.27924362357080035
0.2866578599735799,0.2170849845882871,0.21268163804491413,0.28357551739321885
0.2833333333333333,0.21228070175438596,0.21447368421052632,0.2899122807017544
0.2864698104892023,0.20890260026443366,0.21551344204495373,0.2891141472014103
0.2869757174392936,0.2088300220750552,0.21810154525386313,0.2860927152317881
0.2902942468159859,0.20333772507685552,0.21826965305226176,0.28809837505489677
0.2832369942196532,0.2072032014228546,0.2223210315695865,0.2872387727879057
0.28027984258854394,0.20813292522955837,0.219938784433756,0.2916484477481417
0.28116710875331563,0.20733863837312114,0.21618037135278514,0.2953138815207781
0.2782956058588549,0.20816688859298713,0.2205947625388371,0.2929427430093209
0.28170250109697237,0.2079859587538394,0.21895568231680562,0.2913558578323826
0.28146853146853146,0.2089160839160839,0.21765734265734266,0.291958041958042
0.2786813186813187,0.2079120879120879,0.21714285714285714,0.29626373626373625
0.28045574057843997,0.20157756354075373,0.22480280455740578,0.29316389132340054
0.2777777777777778,0.20266666666666666,0.22355555555555556,0.296
0.28451698279664756,0.2007057785619762,0.21967357741508603,0.2951036612262902
0.28314310798946446,0.2019315188762072,0.21905179982440737,0.295873573309921
0.2857142857142857,0.19692307692307692,0.22373626373626374,0.2936263736263736
0.28596491228070176,0.19956140350877194,0.22149122807017543,0.2929824561403509
0.2847069193477303,0.19656236227412957,0.2247686205376818,0.29396209784045835
0.2821869488536155,0.20149911816578484,0.22310405643738976,0.2932098765432099
0.2765864332603939,0.19693654266958424,0.2288840262582057,0.2975929978118162
0.28320911880754057,0.1981587023235423,0.2253397632617273,0.2932924156071898
0.28065515714918104,0.19344842850818947,0.22532093846834883,0.30057547587428063
0.2781456953642384,0.19249448123620308,0.23443708609271524,0.29492273730684326
0.2746478873239437,0.1857394366197183,0.23547535211267606,0.304137323943662
0.27954644570431747,0.1831661578717837,0.23680767553423462,0.3004797208896642
0.28008849557522125,0.1920353982300885,0.23053097345132742,0.2973451327433628
0.27699115044247785,0.19601769911504424,0.23672566371681417,0.2902654867256637
0.2715669014084507,0.19586267605633803,0.23723591549295775,0.2953345070422535
0.272207563764292,0.19700967458223395,0.23526824978012312,0.2955145118733509
0.27918118466898956,0.1951219512195122,0.23214285714285715,0.2935540069686411
0.2769704975781594,0.19771025979744605,0.2311756935270806,0.29414354909731394
0.2772887323943662,0.19586267605633803,0.2306338028169014,0.2962147887323944
0.28077091546211125,0.19316688567674112,0.22996057818659657,0.29610162067455104
0.2782152230971129,0.19772528433945757,0.23665791776027997,0.2874015748031496
0.28083989501312334,0.19510061242344706,0.23184601924759404,0.2922134733158355
0.27276707530647987,0.1957092819614711,0.23248686514886166,0.29903677758318736
0.2715939447907391,0.19857524487978628,0.2315227070347284,0.2983081032947462
0.26929748482220295,0.20034692107545535,0.2302688638334779,0.30008673026886384
0.2680549401860877,0.19539211342490032,0.23260965883916704,0.30394328754984495
0.27180616740088104,0.19911894273127753,0.23039647577092512,0.2986784140969163
0.27543314082629944,0.19369169258107508,0.2296756996890271,0.3011994669035984
0.2736935341009743,0.1975199291408326,0.22852081488042517,0.30026572187776795
0.27372583479789103,0.19815465729349738,0.22978910369068542,0.29833040421792617
0.2688927943760984,0.19463971880492092,0.23462214411247803,0.30184534270650265
0.2712765957446808,0.19636524822695037,0.23670212765957446,0.29565602836879434
0.26757469244288223,0.19727592267135324,0.23769771528998243,0.29745166959578206
0.26495347806823216,0.2051395657953035,0.23881258307487815,0.2910943730615862
0.2651813018785496,0.20401922236784623,0.24202708606378331,0.2887723896898209
0.2628797886393659,0.2025539409951563,0.2399823866138265,0.29458388375165123
0.26936619718309857,0.19674295774647887,0.23943661971830985,0.2944542253521127
