C,D,Oc,Od
0.0,0.0,1.0,0.0
0.3333333333333333,0.0,0.6666666666666666,0.0
0.3333333333333333,0.0,0.5,0.16666666666666666
0.3333333333333333,0.0,0.5,0.16666666666666666
0.3488372093023256,0.046511627906976744,0.4186046511627907,0.18604651162790697
0.33783783783783783,0.02702702702702703,0.44594594594594594,0.1891891891891892
0.29357798165137616,0.03669724770642202,0.42201834862385323,0.24770642201834864
0.3137254901960784,0.05228758169934641,0.40522875816993464,0.22875816993464052
0.2803738317757009,0.056074766355140186,0.4252336448598131,0.2383177570093458
0.3049645390070922,0.06028368794326241,0.39361702127659576,0.24113475177304963
0.29041095890410956,0.07397260273972603,0.3863013698630137,0.2493150684931507
0.28854625550660795,0.07488986784140969,0.3766519823788546,0.2599118942731278
0.2797074954296161,0.08409506398537477,0.3619744058500914,0.2742230347349177
0.29493087557603687,0.0890937019969278,0.33947772657450076,0.2764976958525346
0.28609625668449196,0.0962566844919786,0.339572192513369,0.27807486631016043
0.27713625866050806,0.10392609699769054,0.33140877598152424,0.28752886836027713
0.2923387096774194,0.0967741935483871,0.3225806451612903,0.28830645161290325
0.29928952042628776,0.10124333925399645,0.3188277087033748,0.28063943161634103
0.30116731517509726,0.1066147859922179,0.31284046692607004,0.2793774319066148
0.3018335684062059,0.11142454160789844,0.3039492242595205,0.2827926657263752
0.3005148005148005,0.12097812097812098,0.2972972972972973,0.2812097812097812
0.29218843172331543,0.13178294573643412,0.2927847346451998,0.28324388789505067
0.30062041737168643,0.12746756909193457,0.2870840383530739,0.28482797518330516
0.29747175901022055,0.13878429263044648,0.2807961269499731,0.28294782140935987
0.2976623376623377,0.1412987012987013,0.2716883116883117,0.28935064935064936
0.3037475345167653,0.14595660749506903,0.26331360946745563,0.2869822485207101
0.29714285714285715,0.15142857142857144,0.2661904761904762,0.28523809523809524
0.29496070272769304,0.1488673139158576,0.2686084142394822,0.2875635691169672
0.298142274580879,0.15314907113729043,0.26144086995922067,0.28726778432260985
0.29473206176203454,0.1539509536784741,0.25885558583106266,0.2924613987284287
0.3074520303435966,0.1503792949576082,0.25524319500223114,0.286925479696564
0.3016014234875445,0.1570284697508897,0.2548932384341637,0.28647686832740216
0.3103448275862069,0.14942528735632185,0.2506631299734748,0.2895667550839965
0.30985915492957744,0.1544894366197183,0.25088028169014087,0.2847711267605634
0.30813186813186816,0.15384615384615385,0.24923076923076923,0.2887912087912088
0.3141728828433524,0.14874945151382185,0.25274243089074155,0.2843352347520842
0.3137516688918558,0.14953271028037382,0.2421005785491767,0.2946150422785937
0.3088630259623993,0.15443151298119964,0.23992837958818264,0.29677708146821846
0.31765749778172137,0.15306122448979592,0.23691215616681455,0.29236912156166817
0.31354441512752856,0.1517150395778364,0.23966578715919085,0.29507475813544415
0.31004366812227074,0.15589519650655023,0.237117903930131,0.29694323144104806
0.32180385288966723,0.15061295971978983,0.23336252189141857,0.29422066549912435
0.31800088456435205,0.15037593984962405,0.23308270676691728,0.29854046881910656
0.3186188811188811,0.1534090909090909,0.22945804195804195,0.298513986013986
0.3228381374722838,0.1547671840354767,0.22660753880266074,0.2957871396895787
0.3171592412880459,0.15791795324217026,0.22805469783855314,0.2968681076312307
0.3142100617828773,0.16063548102383055,0.22506619593998234,0.3000882612533098
0.31154014918824047,0.16586222027204914,0.225976305397104,0.2966213251426064
0.30762371823450735,0.16897012929112795,0.22380740080249667,0.29959875167186806
0.3073213502849627,0.16615519508987286,0.21920210434020165,0.3073213502849627
0.3144239226033421,0.1644678979771328,0.2154793315743184,0.30562884784520666
0.31590607000443066,0.16614975631369075,0.21843154630039877,0.2995126273814798
0.31711632021229547,0.16983635559486954,0.2127377266696152,0.30030959752321984
0.3105425672695192,0.17203352448169387,0.21570357300397,0.30172033524481695
0.31063268892794377,0.1704745166959578,0.21441124780316345,0.30448154657293497
0.31076923076923074,0.16923076923076924,0.22197802197802197,0.298021978021978
0.3092511013215859,0.1726872246696035,0.21762114537444935,0.3004405286343612
0.3142857142857143,0.1657142857142857,0.21054945054945054,0.30945054945054945
0.3099209833187006,0.17208077260755048,0.2151009657594381,0.3028972783143108
0.3125548726953468,0.17208077260755048,0.21597892888498682,0.2993854258121159
0.31148262208534977,0.16761988561372634,0.22261328640563133,0.2982842058952926
0.31537450722733246,0.1712658782303986,0.21681997371879105,0.2965396408234779
0.31590509666080846,0.17135325131810195,0.218804920913884,0.29393673110720564
0.3196286472148541,0.17595048629531387,0.21485411140583555,0.2895667550839965
0.3127734033245844,0.18110236220472442,0.21609798775153105,0.2900262467191601
0.3105263157894737,0.18070175438596492,0.21578947368421053,0.2929824561403509
0.3113746157224418,0.1831357048748353,0.21651295564339043,0.2889767237593325
0.30864197530864196,0.18165784832451498,0.21693121693121692,0.2927689594356261
0.31233480176211453,0.18061674008810572,0.213215859030837,0.2938325991189427
0.30718378140149843,0.18422212428382548,0.21903922432789774,0.2895548699867783
0.3086745926904447,0.1809775429326288,0.21840598855129897,0.2919418758256275
0.30419426048565124,0.18101545253863136,0.22251655629139072,0.2922737306843267
0.29450261780104714,0.18542757417102967,0.22469458987783594,0.29537521815008727
0.28565121412803535,0.19072847682119207,0.2269315673289183,0.29668874172185433
0.2891725352112676,0.19058098591549297,0.22183098591549297,0.2984154929577465
0.27680906713164777,0.1891891891891892,0.22537053182214473,0.3086312118570183
0.27709251101321586,0.18898678414096917,0.2286343612334802,0.3052863436123348
0.2752982766239505,0.18912947414935927,0.23110914714980116,0.3044631020768891
0.2791005291005291,0.19135802469135801,0.23015873015873015,0.2993827160493827
0.2834507042253521,0.19234154929577466,0.2306338028169014,0.2935739436619718
0.2795980777632154,0.1874180865006553,0.23154215814766274,0.30144167758846657
0.28476527900797166,0.183348095659876,0.22852081488042517,0.30336581045172717
0.2789661319073084,0.18627450980392157,0.22950089126559714,0.3052584670231729
0.28602715724923344,0.1835304424003504,0.23083661848445028,0.2996057818659658
0.29199648197009676,0.18117854001759015,0.23175021987686895,0.29507475813544415
0.2886734244160423,0.18422212428382548,0.23182018510356986,0.29528426619656234
0.28534145280556766,0.18442801217920834,0.23140495867768596,0.29882557633753803
0.28640776699029125,0.1822594880847308,0.2325684024713151,0.29876434245366285
0.2878455462922334,0.177270732777534,0.22992540587977184,0.3049583150504607
0.292,0.17955555555555555,0.23066666666666666,0.29777777777777775
0.2900964066608238,0.1831726555652936,0.2283085013146363,0.29842243645924627
0.28602715724923344,0.18528252299605782,0.22558037669732808,0.30310994305738065
0.2878390201224847,0.18985126859142606,0.2230971128608924,0.2992125984251969
0.2867163524769838,0.18982902235861465,0.22577816747040771,0.29767645769399387
0.29217926186291737,0.18717047451669597,0.22100175746924428,0.29964850615114236
0.2874617737003058,0.1909130624726955,0.21712538226299694,0.30449978156400176
0.29120636323464427,0.1935483870967742,0.21122403888643393,0.3040212107821476
0.28809837505489677,0.1919191919191919,0.2191480017566974,0.3008344312692139
0.2854656222802437,0.195822454308094,0.2154046997389034,0.3033072236727589
0.2916299559471366,0.19339207048458149,0.21762114537444935,0.2973568281938326
0.29028021015761823,0.18957968476357268,0.22504378283712784,0.29509632224168125
0.28413610251878035,0.1926646045072912,0.22536456031816174,0.29783473265576665
0.2886917960088692,0.19334811529933482,0.2203991130820399,0.2975609756097561
0.28660159716060335,0.1898846495119787,0.21872227151730259,0.30479148181011534
0.2967032967032967,0.18857142857142858,0.21714285714285714,0.2975824175824176
0.29491673970201576,0.19149868536371603,0.21647677475898336,0.2971078001752848
0.29597197898423816,0.19439579684763572,0.21322241681260945,0.29640980735551664
0.3003533568904594,0.19169611307420495,0.2137809187279152,0.2941696113074205
0.2896703296703297,0.1978021978021978,0.21186813186813186,0.30065934065934063
0.28998242530755713,0.19859402460456943,0.21045694200351495,0.30096660808435854
0.2824156305506217,0.20071047957371227,0.216696269982238,0.30017761989342806
0.2826761187416925,0.1958351794417368,0.2202038103677448,0.30128489144882586
0.27943760984182775,0.19463971880492092,0.21924428822495606,0.30667838312829526
0.2813321647677476,0.19544259421560034,0.21866783523225242,0.30455740578439966
0.2810715854194115,0.19367588932806323,0.2191480017566974,0.30610452349582784
0.28087912087912087,0.19604395604395605,0.22241758241758242,0.30065934065934063
0.285839544059623,0.1968434896975011,0.22051731696624288,0.29679964927663305
0.2833990363556724,0.20105124835742444,0.219886114761279,0.2956636005256242
0.27841409691629954,0.19823788546255505,0.2211453744493392,0.3022026431718062
0.2828860536735592,0.20281566212054553,0.21645402551693796,0.2978442586889573
0.28064798598949214,0.20183887915936952,0.21847635726795098,0.29903677758318736
0.28118113706478626,0.20405464962538564,0.21639488761568973,0.2983693256941384
0.28439964943032425,0.203330411919369,0.21647677475898336,0.2957931638913234
0.28091872791519434,0.1978798586572438,0.21687279151943462,0.3043286219081272
0.28779197884530633,0.19876597620096959,0.2124283825473777,0.3010136624063464
0.28602811950790863,0.19507908611599298,0.2139718804920914,0.30492091388400705
0.2840262582056893,0.1938730853391685,0.212253829321663,0.3098468271334792
0.28297779712668697,0.1937309534175011,0.2063561166739225,0.3169351327818894
0.2840210711150132,0.1900790166812994,0.21071115013169447,0.315188762071993
0.2784313725490196,0.19651416122004356,0.21002178649237474,0.3150326797385621
0.2695035460992908,0.19414893617021275,0.2127659574468085,0.32358156028368795
0.2755417956656347,0.19991154356479435,0.21052631578947367,0.3140203449800973
0.2720524017467249,0.2039301310043668,0.2109170305676856,0.3131004366812227
0.2692476902771667,0.19973603167619886,0.2133743950725913,0.3176418829740431
0.2757255936675462,0.20140721196130168,0.2102022867194371,0.31266490765171506
0.27537511032656664,0.20344218887908208,0.2091791703442189,0.3120035304501324
0.2757255936675462,0.20140721196130168,0.20976253298153033,0.3131046613896218
0.2745702952842662,0.2000881445570736,0.21551344204495373,0.3098281181137065
0.27477876106194693,0.19778761061946903,0.21106194690265487,0.3163716814159292
0.26855123674911663,0.19832155477031801,0.21775618374558303,0.31537102473498235
0.2755417956656347,0.1977001326846528,0.21627598407784165,0.31048208757187085
0.2693156732891832,0.19602649006622516,0.2185430463576159,0.3161147902869757
0.2711564023039433,0.1949490474080638,0.2206468763845813,0.3132476739034116
0.27276726792784867,0.19885613726352838,0.21821381434227893,0.31016278046634405
0.27911033580462274,0.1966855647623201,0.21456607064980376,0.30963802878325336
0.2851528384279476,0.1943231441048035,0.21397379912663755,0.30655021834061136
0.2835886214442013,0.1938730853391685,0.21969365426695842,0.3028446389496718
0.2818380743982494,0.19343544857768052,0.224945295404814,0.29978118161925604
0.2778745644599303,0.18684668989547037,0.2260452961672474,0.30923344947735193
0.2831272084805654,0.1881625441696113,0.21952296819787986,0.30918727915194344
0.28162185985015425,0.19039224327897752,0.21992066989863376,0.3080652269722345
0.2820849759088918,0.1962330267192291,0.21944809461235218,0.30223390275952694
0.2841312056737589,0.19680851063829788,0.21187943262411346,0.3071808510638298
0.28087912087912087,0.19736263736263737,0.21582417582417582,0.3059340659340659
0.2787532923617208,0.19798068481123793,0.22036874451273047,0.3028972783143108
0.2781456953642384,0.20397350993377483,0.2119205298013245,0.30596026490066225
0.28044444444444444,0.20266666666666666,0.216,0.3008888888888889
0.28188214599824096,0.20492524186455585,0.21108179419525067,0.3021108179419525
0.2860938883968113,0.204162976085031,0.20814880425155005,0.3015943312666076
0.2878455462922334,0.2053532250987275,0.21369021500658184,0.2931110136024572
0.2845849802371542,0.20421607378129117,0.21958717610891523,0.2916117698726394
0.2857142857142857,0.2043956043956044,0.21714285714285714,0.2927472527472528
0.28325991189427313,0.20748898678414096,0.21365638766519823,0.2955947136563877
0.28222996515679444,0.2029616724738676,0.22038327526132404,0.29442508710801396
0.27775340061430454,0.2088635366388767,0.21720052654673103,0.2961825362000878
0.2722859664607237,0.2091791703442189,0.22197705207413945,0.2965578111209179
0.27408056042031526,0.212784588441331,0.21672504378283713,0.29640980735551664
0.28003533568904593,0.20848056537102475,0.21333922261484098,0.29814487632508835
0.2750110180696342,0.2093433230498017,0.21903922432789774,0.2966064345526664
0.2655491839435377,0.21393912659902956,0.22099691221879136,0.2995147772386414
0.266489597166888,0.21469676848162905,0.217352810978309,0.301460823373174
0.26807760141093473,0.21957671957671956,0.21296296296296297,0.2993827160493827
0.2604303908651735,0.21695212999560826,0.21739130434782608,0.3052261747913922
0.2677787532923617,0.21729587357330993,0.21641791044776118,0.29850746268656714
0.263042525208242,0.22007891275756247,0.21613327487943884,0.3007452871547567
0.2704126426690079,0.2177348551360843,0.21641791044776118,0.29543459174714665
0.27212681638044917,0.22280933509467196,0.21268163804491413,0.29238221047996477
0.26857142857142857,0.22505494505494505,0.21054945054945054,0.2958241758241758
0.2669603524229075,0.23127753303964757,0.20484581497797358,0.29691629955947135
0.2630884293884734,0.22877254729432467,0.20765508139023317,0.30048394192696876
0.25244444444444447,0.22711111111111112,0.21333333333333335,0.3071111111111111
0.2471315092674316,0.22594880847308033,0.21800529567519858,0.3089143865842895
0.25132042253521125,0.22711267605633803,0.21566901408450703,0.3058978873239437
0.25470459518599564,0.23107221006564552,0.2074398249452954,0.3067833698030635
0.26123348017621145,0.22599118942731278,0.2052863436123348,0.307488986784141
0.26561125769569044,0.22163588390501318,0.20008795074758134,0.31266490765171506
0.2581497797356828,0.22422907488986785,0.20616740088105726,0.3114537444933921
0.2652972027972028,0.22465034965034966,0.20192307692307693,0.3081293706293706
0.2642669007901668,0.22519754170324846,0.20149253731343283,0.3090430201931519
0.26525198938992045,0.21839080459770116,0.20424403183023873,0.3121131741821397
0.26643140714600794,0.2161446846052051,0.19673577415086016,0.3206881340979268
0.26757469244288223,0.21309314586994726,0.19507908611599298,0.3242530755711775
0.2692982456140351,0.2118421052631579,0.193859649122807,0.325
0.2699602999558888,0.21305690339655933,0.19232465813850905,0.3246581385090428
0.27011494252873564,0.21264367816091953,0.1958443854995579,0.3213969938107869
0.27399650959860383,0.21335078534031413,0.19284467713787085,0.31980802792321117
0.27835497835497836,0.21558441558441557,0.18398268398268397,0.3220779220779221
0.27679362267493357,0.21700620017714792,0.18423383525243578,0.32196634189548273
0.2772887323943662,0.21919014084507044,0.18441901408450703,0.3191021126760563
0.27557319223985893,0.21957671957671956,0.17724867724867724,0.32760141093474426
0.2692476902771667,0.2190937087549494,0.17861856577210736,0.3330400351957765
0.2731685789938217,0.2290379523389232,0.176963812886143,0.3208296557811121
0.26834659593280286,0.22900088417329797,0.1839080459770115,0.3187444739168877
0.2655417406749556,0.2313499111900533,0.18516873889875665,0.31793960923623443
0.26857142857142857,0.23296703296703297,0.18505494505494505,0.3134065934065934
0.2721325774095072,0.23113824683820322,0.18403837767117315,0.31269079808111644
0.26458973233874505,0.22992540587977184,0.18648530057042562,0.3189995612110575
0.2608886933567972,0.2309722833260009,0.19313682358117026,0.31500219973603166
0.26607929515418505,0.2365638766519824,0.19030837004405288,0.3070484581497797
0.26555652936021035,0.2361963190184049,0.19237510955302367,0.3058720420683611
0.26884089907448216,0.23931247245482593,0.19259585720581754,0.29925077126487437
0.26761819803746656,0.24174843889384479,0.19090098126672614,0.29973238180196254
0.266900790166813,0.2414398595258999,0.18964003511852504,0.30201931518876207
0.27312582200789126,0.2341078474353354,0.19026742656729503,0.3024989039894783
0.2742932862190813,0.23807420494699646,0.1894876325088339,0.29814487632508835
0.2673179396092362,0.2424511545293073,0.1891651865008881,0.30106571936056836
0.26887417218543047,0.24061810154525387,0.19205298013245034,0.29845474613686535
0.27224435590969454,0.2434705621956618,0.19167773351040282,0.2926073483842408
0.27636203866432335,0.23637961335676624,0.19288224956063268,0.29437609841827767
0.2774591971768858,0.23864137626819584,0.19497132774591971,0.28892809880899867
0.27964601769911507,0.23761061946902653,0.1929203539823009,0.28982300884955753
0.28182616330114135,0.23836698858647937,0.1922739244951712,0.28753292361720806
0.2800702370500439,0.237928007023705,0.1922739244951712,0.2897278314310799
0.28050921861281825,0.24012291483757683,0.19139596136962247,0.28797190517998245
0.28502202643171803,0.23788546255506607,0.1907488986784141,0.28634361233480177
0.2804986642920748,0.2413178984861977,0.19723953695458593,0.2809439002671416
0.27680140597539543,0.2429701230228471,0.19507908611599298,0.2851493848857645
0.28232189973614774,0.24318381706244502,0.18865435356200527,0.2858399296394019
0.28484585323491096,0.24012158054711247,0.18888406426400348,0.28614850195397307
0.2851493848857645,0.23550087873462214,0.18673110720562391,0.29261862917398945
0.29059080962800876,0.2350109409190372,0.19080962800875273,0.2835886214442013
0.28540113985094256,0.2376150811047786,0.1955282770714599,0.28145550197281893
0.2831858407079646,0.23407079646017698,0.19911504424778761,0.2836283185840708
0.28123639529821504,0.23247714410100132,0.20069656073138878,0.28558989986939487
0.27971718957136543,0.2359699513919576,0.2010605391073796,0.2832523199292974
0.28169014084507044,0.23151408450704225,0.20378521126760563,0.2830105633802817
0.28036971830985913,0.24119718309859156,0.20466549295774647,0.2737676056338028
0.28407587119541244,0.23114247904719895,0.2051168945743273,0.27966475518306133
0.2920662598081953,0.22885789014821273,0.2057541412380122,0.27332170880557977
0.29474149359257623,0.23022536456031817,0.20282810428634557,0.27220503756076003
0.28921568627450983,0.2281639928698752,0.21122994652406418,0.2713903743315508
0.29146816803811176,0.22953659592897357,0.20701602425292334,0.27197921177999135
0.28996933858957513,0.22820849759088918,0.2084975908891809,0.2733245729303548
0.28777923784494086,0.22952255803766974,0.2102496714848883,0.2724485326325011
0.2891141472014103,0.2353459673865139,0.20802115469369767,0.2675187307183781
0.2865961199294533,0.22530864197530864,0.21869488536155202,0.26940035273368607
0.2843874391862008,0.22821760283060594,0.21760283060592658,0.2697921273772667
0.28923076923076924,0.22417582417582418,0.20967032967032967,0.27692307692307694
0.28451698279664756,0.2258491398323776,0.20599911777679752,0.28363475959417733
0.2809335094671951,0.22324966974900926,0.21224130339057684,0.28357551739321885
0.2817703768624014,0.2252410166520596,0.2046450482033304,0.2883435582822086
0.27485638532920903,0.22359699513919576,0.20592134334953602,0.2956252761820592
0.28590308370044054,0.21806167400881057,0.20572687224669603,0.29030837004405285
0.28197158081705154,0.21580817051509768,0.21225577264653642,0.28996447602131437
0.28778558875219684,0.21616871704745166,0.2086994727592267,0.28734622144112476
0.2888595332452664,0.2170849845882871,0.2047556142668428,0.2892998678996037
0.2807017543859649,0.22236842105263158,0.2013157894736842,0.2956140350877193
0.2774617067833698,0.2201312910284464,0.20700218818380745,0.29540481400437635
0.27589246364037023,0.22080211546936976,0.20185103569854562,0.3014543851917144
0.28102836879432624,0.22118794326241134,0.20124113475177305,0.29654255319148937
0.2868923611111111,0.22395833333333334,0.1935763888888889,0.2955729166666667
0.2838254737769943,0.2269722344645218,0.19347730277655356,0.2957249889819304
0.28320911880754057,0.22928540113985094,0.18807540552389304,0.29943007452871545
0.27762923351158647,0.22638146167557932,0.19741532976827095,0.2985739750445633
0.27920353982300883,0.23053097345132742,0.18805309734513273,0.30221238938053097
0.27538126361655774,0.2261437908496732,0.18736383442265794,0.3111111111111111
0.27156125608137993,0.23042901371074745,0.18973905351614329,0.3082706766917293
0.2767543859649123,0.22982456140350876,0.1912280701754386,0.30219298245614035
0.27336860670194,0.23148148148148148,0.18871252204585537,0.3064373897707231
0.28020788220008663,0.22693806842789085,0.19012559549588567,0.30272845387613684
0.27928321678321677,0.22377622377622378,0.194493006993007,0.30244755244755245
0.28433945756780404,0.22178477690288714,0.19203849518810148,0.30183727034120733
0.2775330396475771,0.22995594713656387,0.19251101321585903,0.3
0.28602620087336245,0.22314410480349345,0.18908296943231442,0.3017467248908297
0.2897651750110766,0.2193176783340718,0.18785999113867966,0.3030571555161719
0.28596724214254093,0.2244355909694555,0.1876936697653829,0.3019034971226206
0.28740675734971477,0.22729267222465993,0.18692408951294429,0.298376480912681
0.28824049513704686,0.22369584438549955,0.1843501326259947,0.3037135278514589
0.28433098591549294,0.22535211267605634,0.18661971830985916,0.30369718309859156
0.29445676274944566,0.21906873614190686,0.1835920177383592,0.3028824833702882
0.28671943711521547,0.22383465259454705,0.1838170624450308,0.30562884784520666
0.2843519722583442,0.22540095361941917,0.1824880797572605,0.30775899436497617
0.2898866608544028,0.2227550130775937,0.1843940714908457,0.3029642545771578
0.2920704845814978,0.22555066079295155,0.18370044052863435,0.2986784140969163
0.298021978021978,0.22417582417582418,0.17758241758241758,0.30021978021978024
0.29934354485776804,0.21969365426695842,0.17899343544857768,0.30196936542669583
0.29810656098634963,0.22104799647732276,0.17525319242624396,0.3055922501100837
0.30084182543198934,0.22241914045192734,0.16880815241470978,0.3079308817013735
0.29636124506795264,0.2227093380096449,0.17404647084612013,0.30688294607628236
0.2907079646017699,0.22300884955752212,0.17920353982300885,0.3070796460176991
0.29035087719298247,0.22149122807017543,0.1824561403508772,0.3057017543859649
0.2892199824715162,0.22480280455740578,0.18054338299737072,0.30543382997370727
0.28739642389882253,0.2324465765372874,0.18098560837331007,0.29917139119058
0.28069395017793597,0.23709964412811388,0.17927046263345195,0.3029359430604982
0.28633975481611207,0.23423817863397547,0.1786339754816112,0.30078809106830123
0.28540113985094256,0.2362998684787374,0.17755370451556335,0.3007452871547567
0.2857769973661106,0.2317822651448639,0.17515364354697102,0.30728709394205445
0.28888888888888886,0.23333333333333334,0.1751111111111111,0.30266666666666664
0.28660159716060335,0.22981366459627328,0.1805678793256433,0.30301685891748004
0.2822085889570552,0.2353198948290973,0.17747589833479405,0.30499561787905344
0.28458844133099825,0.2373029772329247,0.1777583187390543,0.30035026269702275
0.28908296943231443,0.23449781659388647,0.1799126637554585,0.2965065502183406
0.29217926186291737,0.23813708260105448,0.17530755711775045,0.29437609841827767
0.29600351339481773,0.23364075537988582,0.17391304347826086,0.2964426877470356
0.2974404236540159,0.22992056487202117,0.17387466902030008,0.29876434245366285
0.29354980254497587,0.23124177270732776,0.17507678806494076,0.3001316366827556
0.29153743907842267,0.22950819672131148,0.17279574656623836,0.30615861763402746
0.29732103645147123,0.23012736056214317,0.17039964866051824,0.3021519543258674
0.2974043114826221,0.22965244170699517,0.16893972723273207,0.3040035195776507
0.30207872622733306,0.23219814241486067,0.17558602388323752,0.2901371074745688
0.30150976909413857,0.2357904085257549,0.16829484902309058,0.294404973357016
0.30759104870557263,0.2343132953049583,0.16761737604212373,0.2904782799473453
0.3065083553210202,0.24274406332453827,0.1613896218117854,0.28935795954265614
0.3056405771753389,0.2404897245299519,0.1674682990817665,0.2864013992129427
0.3076923076923077,0.23824175824175825,0.16791208791208792,0.28615384615384615
0.30765864332603937,0.23676148796498905,0.17024070021881837,0.28533916849015317
0.31132487975513773,0.2334936598163533,0.17140358548316573,0.28377787494534323
0.30822812363952984,0.23987810187200698,0.17109272964736613,0.2808010448410971
0.30755711775043937,0.23681898066783832,0.1726713532513181,0.28295254833040423
0.3067833698030635,0.23938730853391685,0.17067833698030635,0.2831509846827133
0.3073861123396727,0.23617868199911543,0.17381689517912427,0.2826183104820876
0.3009623797025372,0.23753280839895013,0.17672790901137359,0.2847769028871391
0.3037752414398595,0.2392449517120281,0.17603160667251974,0.28094820017559263
0.3068432671081678,0.23487858719646798,0.17262693156732892,0.28565121412803535
0.31332744924977934,0.23124448367166814,0.17122683142100617,0.28420123565754635
0.31625054752518617,0.23390275952693823,0.1651335961454227,0.28471309680245294
0.31422319474835886,0.2336980306345733,0.1649890590809628,0.287089715536105
0.30998248686514884,0.23029772329246936,0.16637478108581435,0.29334500875656744
0.3158359064843405,0.22364358182620203,0.16497573886193206,0.29554477282752534
0.31169977924944814,0.22560706401766004,0.1620309050772627,0.30066225165562915
0.31219726992514313,0.22985468956406868,0.15940114487010126,0.2985468956406869
0.3076245041868665,0.23402379903040987,0.15910092551784927,0.29925077126487437
0.30745341614906835,0.23336291038154391,0.15882874889086068,0.3003549245785271
0.30985915492957744,0.22359154929577466,0.16065140845070422,0.3058978873239437
0.31500219973603166,0.22393312802463705,0.16234051913770348,0.2987241531016278
0.31975470871660094,0.21901007446342532,0.16644765659220323,0.2947875602277705
0.30765864332603937,0.2161925601750547,0.17199124726477025,0.3041575492341357
0.3083038869257951,0.21554770318021202,0.1775618374558304,0.29858657243816256
0.31148262208534977,0.2190937087549494,0.17333919929608446,0.29608446986361636
0.3053000438020149,0.21594393342093737,0.1800262812089356,0.2987297415681121
0.30576330840299165,0.21733391992960846,0.18345798504179497,0.2934447866256049
0.3110914714980115,0.21785240830755634,0.18161732213875387,0.2894387980556783
0.30474934036939316,0.21723834652594548,0.18557607739665788,0.29243623570800353
0.3033757124068391,0.2209557211749233,0.1845681718544498,0.29110039456378783
0.29573170731707316,0.22343205574912892,0.19033101045296166,0.2905052264808362
0.3003549245785271,0.21384205856255545,0.19387755102040816,0.2919254658385093
0.3026431718061674,0.21674008810572687,0.1894273127753304,0.2911894273127753
0.29964850615114236,0.21968365553602812,0.18497363796133567,0.29569420035149385
0.2902938557435441,0.22617987533392697,0.18699910952804988,0.2965271593944791
0.29007971656333037,0.2267493356953056,0.18511957484499558,0.29805137289636846
0.2872340425531915,0.2327127659574468,0.18572695035460993,0.29432624113475175
0.28653169014084506,0.2319542253521127,0.18794014084507044,0.2935739436619718
0.2860927152317881,0.23178807947019867,0.18322295805739514,0.2988962472406181
0.2871024734982332,0.2336572438162544,0.1771201413427562,0.30212014134275617
0.27957465662383696,0.23349579087284006,0.18077093486929552,0.30615861763402746
0.27557319223985893,0.23192239858906524,0.18298059964726632,0.30952380952380953
0.27164310954063603,0.23630742049469966,0.18330388692579505,0.30874558303886923
0.27169149868536374,0.23444347063978965,0.18624014022787028,0.30762489044697633
0.2679362267493357,0.24047829937998227,0.18467670504871567,0.3069087688219663
0.2719720157411456,0.2369916921731526,0.1853957149103629,0.3056405771753389
0.271523178807947,0.23841059602649006,0.1805739514348786,0.30949227373068433
0.26982041173894,0.24091108190976784,0.18309242225142355,0.3061760840998686
0.2710816777041943,0.23664459161147902,0.18322295805739514,0.3090507726269316
0.26978574551814605,0.23480542195015303,0.19020550940096195,0.30520332313073895
0.2662801070472792,0.227921498661909,0.19223907225691347,0.3135593220338983
0.2707501109631602,0.23169107856191745,0.18686196182867287,0.31069684864624947
0.27233115468409586,0.2344226579520697,0.1830065359477124,0.31023965141612203
0.26941641070645017,0.22948661693725317,0.1917507678806494,0.3093462044756472
0.27132805628847845,0.22911169744942833,0.19129287598944592,0.30826737027264733
0.27509778357235987,0.2299000434593655,0.18948283355063017,0.3055193394176445
0.2698412698412698,0.23059964726631393,0.18871252204585537,0.31084656084656087
0.278125,0.2330357142857143,0.19464285714285715,0.2941964285714286
0.28138718173836696,0.23573309920983318,0.1900790166812994,0.29280070237050043
0.2749778956675508,0.23872679045092837,0.19363395225464192,0.2926613616268789
0.28291814946619215,0.23709964412811388,0.19128113879003558,0.28870106761565834
0.2803861342694164,0.23475208424747696,0.19218955682316805,0.2926722246599386
0.27957931638913236,0.23707274320771254,0.18930762489044697,0.29404031551270815
0.2814292015880018,0.2368769298632554,0.18835465372739302,0.2933392148213498
0.2840262582056893,0.23763676148796498,0.187746170678337,0.29059080962800876
0.2837719298245614,0.2381578947368421,0.1912280701754386,0.2868421052631579
0.2858403176003529,0.22937803264225848,0.19144243493603882,0.2933392148213498
0.28871978513876456,0.2323187108325873,0.19247985675917637,0.2864816472694718
0.28596491228070176,0.23114035087719298,0.19473684210526315,0.2881578947368421
0.28933333333333333,0.224,0.2,0.2866666666666667
0.2843224092116918,0.2254207263064659,0.1966341895482728,0.2936226749335695
0.2923280423280423,0.22134038800705466,0.19135802469135801,0.294973544973545
0.2898103220114689,0.22099691221879136,0.19761799735333038,0.29157476841640934
0.2885202968136185,0.22435617634220864,0.19860323003055436,0.2885202968136185
0.28558951965065504,0.2275109170305677,0.19825327510917032,0.28864628820960697
0.29411764705882354,0.21378402107111502,0.20149253731343283,0.2906057945566286
0.2928540113985094,0.21481806225339764,0.20166593599298555,0.2906619903551074
0.2985927880386983,0.21152154793315744,0.20316622691292877,0.28671943711521547
0.2962962962962963,0.21075837742504408,0.20634920634920634,0.2865961199294533
0.2985008818342152,0.2138447971781305,0.1970899470899471,0.29056437389770723
0.3039086517347387,0.21695212999560826,0.1963109354413702,0.2828282828282828
0.2914462081128748,0.21649029982363316,0.20282186948853614,0.2892416225749559
0.29308065226972235,0.23093873953283384,0.1978845306302336,0.2780960775672102
0.2966740576496674,0.22261640798226165,0.2039911308203991,0.27671840354767185
0.29499561018437226,0.21992976294995611,0.20500438981562774,0.2800702370500439
0.2907548012505583,0.22912014292094685,0.2023224653863332,0.27780259044216166
0.29469026548672567,0.2243362831858407,0.2013274336283186,0.27964601769911507
0.2855251544571933,0.22418358340688438,0.2087378640776699,0.2815533980582524
0.2887139107611549,0.22572178477690288,0.20647419072615922,0.279090113735783
0.29101221640488656,0.22164048865619546,0.21029668411867364,0.27705061082024435
0.29005281690140844,0.21434859154929578,0.21346830985915494,0.28213028169014087
0.2871547566856642,0.21613327487943884,0.21744848750548004,0.27926348092941694
0.2889767237593325,0.2147562582345191,0.2204655248133509,0.27580149319279756
0.28565140845070425,0.21875,0.22139084507042253,0.27420774647887325
0.2889767237593325,0.2178304787000439,0.22090469916556874,0.2722880983750549
0.2906468531468531,0.2159090909090909,0.21984265734265734,0.2736013986013986
0.2966740576496674,0.2212860310421286,0.2203991130820399,0.2616407982261641
0.29414374445430347,0.2204968944099379,0.21872227151730259,0.26663708961845606
0.29304192685102587,0.22212310437109722,0.21766280107047278,0.2671721677074041
0.2962313759859772,0.22173531989482909,0.21910604732690622,0.26292725679228746
0.2958553791887125,0.21869488536155202,0.22001763668430335,0.2654320987654321
0.2995126273814798,0.2193176783340718,0.2157731501993797,0.2653965440850687
0.29789103690685415,0.21924428822495606,0.218804920913884,0.2640597539543058
0.2938053097345133,0.22876106194690266,0.215929203539823,0.26150442477876107
0.3007915567282322,0.21635883905013192,0.21152154793315744,0.27132805628847845
0.3035555555555556,0.22,0.20844444444444443,0.268
0.305531167690957,0.21641791044776118,0.20719929762949957,0.2708516242317823
0.30952380952380953,0.21031746031746032,0.20590828924162258,0.2742504409171076
0.31076923076923074,0.20967032967032967,0.20923076923076922,0.2703296703296703
0.312472647702407,0.21575492341356675,0.20525164113785557,0.26652078774617066
0.3109836788707543,0.2192324658138509,0.2086457873842082,0.2611380679311866
0.3134394341290893,0.22281167108753316,0.20645446507515472,0.2572944297082228
0.31604609929078015,0.22384751773049646,0.20656028368794327,0.25354609929078015
0.3177198409191339,0.22403888643393724,0.2054794520547945,0.2527618205921343
0.3142100617828773,0.22771403353927624,0.2082965578111209,0.2497793468667255
0.31523642732049034,0.23073555166374782,0.2136602451838879,0.2403677758318739
0.3077945084145261,0.23383525243578387,0.21036315323294952,0.24800708591674048
0.3089324618736383,0.22875816993464052,0.21481481481481482,0.24749455337690632
0.3046944198405669,0.23029229406554472,0.21523472099202834,0.24977856510186006
0.3039086517347387,0.22837066315327184,0.22266139657444006,0.2450592885375494
0.2945326278659612,0.2292768959435626,0.22178130511463845,0.25440917107583777
0.30052956751985876,0.23168578993821712,0.22330097087378642,0.2444836716681377
0.2988705473501303,0.23240660295395307,0.2263249348392702,0.24239791485664638
0.29722589167767505,0.23161602818141788,0.22192866578599735,0.24922941435490972
0.30246913580246915,0.22663139329805995,0.2257495590828924,0.24514991181657847
0.29722589167767505,0.2263320123293703,0.22104799647732276,0.25539409951563186
0.3043670048522276,0.22717247463608292,0.2218791354212616,0.24658138509042787
0.30691325407309555,0.2289740202553941,0.2166446499339498,0.24746807573756055
0.3025210084033613,0.23042901371074745,0.21716054842989826,0.24988942945599293
0.30368098159509205,0.2322524101665206,0.21691498685363717,0.24715162138475022
0.3030837004405286,0.23612334801762114,0.21674008810572687,0.24405286343612334
0.3030837004405286,0.2343612334801762,0.21497797356828194,0.2475770925110132
0.29554477282752534,0.24084693427437143,0.21746801940891045,0.24614027348919276
0.2924778761061947,0.24026548672566372,0.21858407079646017,0.24867256637168142
0.2973928413610252,0.23817940786566505,0.21652673442333187,0.2479010163499779
0.29455992923485186,0.23617868199911543,0.21539141972578504,0.25386996904024767
0.2953941541186891,0.23560673162090345,0.21656333038086803,0.2524357838795394
0.29964850615114236,0.23374340949033393,0.218804920913884,0.2478031634446397
0.3018785495849716,0.23765836609873306,0.2145041502839668,0.24595893403232852
0.30097087378640774,0.2409532215357458,0.2175639894086496,0.24051191526919682
0.2975243147656941,0.246684350132626,0.21794871794871795,0.23784261715296198
0.29532546963739625,0.24683267802533856,0.2197466142420271,0.23809523809523808
0.2988100484795064,0.24460114587924195,0.22256500661084178,0.23402379903040987
0.2980392156862745,0.24139433551198258,0.2235294117647059,0.23703703703703705
0.29925077126487437,0.24460114587924195,0.2238871749669458,0.23226090788893786
0.2977403633141338,0.24811696942844483,0.22773593265396544,0.22640673460345592
0.2986899563318777,0.24716157205240175,0.22707423580786026,0.22707423580786026
0.3021710234824989,0.2472308373947718,0.2193176783340718,0.23128046078865752
0.3056768558951965,0.24672489082969432,0.21615720524017468,0.2314410480349345
0.3121412803532009,0.24503311258278146,0.21324503311258278,0.22958057395143489
0.3148392778511669,0.2399823866138265,0.21092029942756496,0.23425803610744167
0.31695440460380697,0.23683045595396193,0.2089420097388225,0.23727312970340858
0.314611671785871,0.23519087318999563,0.209741114523914,0.24045634050021938
0.32133333333333336,0.23555555555555555,0.2008888888888889,0.24222222222222223
0.31788369042413644,0.23524267599475296,0.20244862264975952,0.2444250109313511
0.3188405797101449,0.23407992973210365,0.20641194554238032,0.2406675450153711
0.31890459363957596,0.23851590106007067,0.19876325088339222,0.24381625441696114
0.3167181296868108,0.23952359947066607,0.19982355535950597,0.2439347154830172
0.3169230769230769,0.23692307692307693,0.19736263736263737,0.24879120879120878
0.3168273444347064,0.23093777388255915,0.2011393514460999,0.25109553023663456
0.3207215134183898,0.23757149142102948,0.19753629564452266,0.24417069951605808
0.3177198409191339,0.23243482103402563,0.19531595227574017,0.2545293857711003
0.3157435673789795,0.23375490623637157,0.19537723506323593,0.255124291321413
0.3230088495575221,0.2327433628318584,0.19557522123893806,0.24867256637168142
0.3275862068965517,0.22944297082228116,0.1976127320954907,0.2453580901856764
0.32580787959274016,0.2244355909694555,0.20053120849933598,0.24922532093846836
0.3298199385155907,0.2204655248133509,0.1985068072024594,0.25120772946859904
0.3237250554323725,0.22350332594235034,0.19689578713968958,0.25587583148558757
0.324715162138475,0.22304995617879053,0.19851007887817704,0.2537248028045574
0.3180414644905161,0.22761358623731803,0.19982355535950597,0.2545213939126599
0.3228621291448517,0.22731239092495636,0.20157068062827224,0.2482547993019197
0.31695440460380697,0.23151837096060204,0.20495794599380257,0.24656927844178841
0.3180616740088106,0.2286343612334802,0.21145374449339208,0.24185022026431718
0.30776092774308655,0.23015165031222123,0.211864406779661,0.2502230151650312
0.30863656291100394,0.23060061376589217,0.20561157387110915,0.25515124945199474
0.30964912280701756,0.2337719298245614,0.21096491228070174,0.24561403508771928
0.31908329660643453,0.22873512560599382,0.21110621419127368,0.24107536359629794
0.3148636763412489,0.2339489885664028,0.21328056288478453,0.23790677220756376
0.3128024637043555,0.2322921249450066,0.21293444786625604,0.24197096348438188
0.306282722513089,0.2338568935427574,0.21902268760907503,0.24083769633507854
0.30429013710747455,0.23175586023883238,0.22114108801415303,0.24281291463954002
0.29592284085927223,0.23498465585269618,0.22314774221832528,0.24594476106970628
0.2995169082125604,0.23671497584541062,0.22090469916556874,0.24286341677646026
0.2979286029087704,0.2384310268840899,0.21683561040105773,0.24680475980608196
0.3005729396209784,0.23270163067430585,0.22036139268400176,0.24636403702071397
0.30225364560318163,0.23552806009721608,0.21829429960229785,0.24392399469730447
0.30993377483443707,0.23222958057395143,0.2141280353200883,0.24370860927152319
0.3052401746724891,0.2331877729257642,0.21746724890829694,0.2441048034934498
0.3090185676392573,0.23165340406719717,0.22060123784261715,0.23872679045092837
0.30450132391879964,0.23874669020300088,0.2237422771403354,0.23300970873786409
0.3015803336259877,0.23397717295873574,0.228270412642669,0.23617208077260754
0.3122546881814217,0.2307021369385085,0.23113824683820322,0.22590492804186654
0.312719298245614,0.225,0.23421052631578948,0.22807017543859648
0.31660061646851606,0.2188463232056363,0.23425803610744167,0.23029502421840597
0.3079630444346678,0.2234931808183018,0.2353717553893533,0.2331720193576771
0.31418471056120195,0.21785240830755634,0.2342023862129916,0.2337604949182501
0.313922942206655,0.21978984238178634,0.23248686514886166,0.23380035026269702
0.31402439024390244,0.22038327526132404,0.2308362369337979,0.2347560975609756
0.3112087912087912,0.21714285714285714,0.23736263736263735,0.2342857142857143
0.3134851138353765,0.21103327495621715,0.2381786339754816,0.2373029772329247
