C,D,Oc,Od
0.0,0.0,1.0,0.0
0.2,0.0,0.8,0.0
0.2857142857142857,0.0,0.7142857142857143,0.0
0.26666666666666666,0.0,0.7333333333333333,0.0
0.38461538461538464,0.0,0.6153846153846154,0.0
0.4,0.0,0.6,0.0
0.46153846153846156,0.0,0.5384615384615384,0.0
0.5,0.0,0.5,0.0
0.5153846153846153,0.0,0.45384615384615384,0.03076923076923077
0.5227272727272727,0.0,0.4375,0.03977272727272727
0.48695652173913045,0.0,0.4652173913043478,0.04782608695652174
0.4935483870967742,0.0,0.44193548387096776,0.06451612903225806
0.5012919896640827,0.0,0.4289405684754522,0.06976744186046512
0.499001996007984,0.001996007984031936,0.4091816367265469,0.08982035928143713
0.49746192893401014,0.001692047377326565,0.39086294416243655,0.10998307952622674
0.48148148148148145,0.00411522633744856,0.39094650205761317,0.12345679012345678
0.4954022988505747,0.005747126436781609,0.36666666666666664,0.13218390804597702
0.49101796407185627,0.007984031936127744,0.34530938123752497,0.15568862275449102
0.4886267902274642,0.014321819713563605,0.33024431339511373,0.16680707666385847
0.4836997725549659,0.01592115238817286,0.3282789992418499,0.17210007581501138
0.4887525562372188,0.01772324471710975,0.3074301295160191,0.18609406952965235
0.4762202753441802,0.01877346683354193,0.3097622027534418,0.19524405506883605
0.4713114754098361,0.01873536299765808,0.3003512880562061,0.20960187353629978
0.4578575312669929,0.023382272974442633,0.3083197389885807,0.21044045676998369
0.45525090532850493,0.025349198137609934,0.30470770822555615,0.21469218830832903
0.45369458128078816,0.029064039408866996,0.2970443349753695,0.22019704433497536
0.45004757373929594,0.03139866793529972,0.2944814462416746,0.22407231208372977
0.4449648711943794,0.03138173302107728,0.2969555035128806,0.22669789227166276
0.4417633410672854,0.03897911832946636,0.2863109048723898,0.23294663573085847
0.4405466970387244,0.04145785876993166,0.283371298405467,0.23462414578587698
0.4384370740572467,0.04407087687414812,0.2807814629713766,0.23671058609722853
0.44105782160466156,0.04661586732406992,0.2805916629314209,0.2317346481398476
0.44,0.04622222222222222,0.2751111111111111,0.23866666666666667
0.44183989385227773,0.043343653250773995,0.2799646174259177,0.23485183547103053
0.43950725912890454,0.046194456665200175,0.27716673999120106,0.23713154421469423
0.43862736471623404,0.046194456665200175,0.2740871095468544,0.2410910690717114
0.4357838795394154,0.046944198405668734,0.2741364038972542,0.24313551815766166
0.43415276558384547,0.04741000877963126,0.2726075504828797,0.24582967515364354
0.4271887373515178,0.05279366476022877,0.2688077430708315,0.2512098548174219
0.42375109553023665,0.056091148115687994,0.2738825591586328,0.2462751971954426
0.424956369982548,0.05759162303664921,0.27486910994764396,0.2425828970331588
0.42541924095322153,0.05648720211827008,0.2740511915269197,0.2440423654015887
0.43321616871704743,0.05360281195079086,0.2688927943760984,0.24428822495606328
0.4270557029177719,0.05570291777188329,0.27453580901856767,0.2427055702917772
0.43188786684187475,0.05562855891371003,0.27113447218572057,0.2413491020586947
0.4308300395256917,0.05709266578831796,0.2665788317962231,0.24549846288976723
0.42857142857142855,0.05696757230499562,0.2659947414548642,0.24846625766871167
0.4243752740026304,0.06049978079789566,0.26830337571240687,0.24682156948706707
0.4250331711632021,0.062361786819991154,0.27333038478549315,0.23927465723131358
0.4258688957325121,0.06423229212494501,0.2701275846898372,0.23977122745270568
0.4294478527607362,0.06310254163014899,0.268624014022787,0.2388255915863278
0.4236111111111111,0.06770833333333333,0.2647569444444444,0.2439236111111111
0.4231782265144864,0.07023705004389816,0.2647058823529412,0.24187884108867427
0.4192560175054705,0.07045951859956236,0.2687089715536105,0.24157549234135667
0.42119205298013246,0.07196467991169977,0.26048565121412803,0.24635761589403973
0.41370106761565834,0.07072953736654804,0.2615658362989324,0.2540035587188612
0.4155672823218997,0.07167985927880387,0.26605101143359716,0.24670184696569922
0.41379310344827586,0.07471264367816093,0.2625994694960212,0.248894783377542
0.41218319253001334,0.07914628723877279,0.259670964873277,0.24899955535793686
0.4146449051610057,0.08028231142479048,0.2562858403176004,0.24878694309660343
0.4071803852889667,0.08056042031523643,0.2539404553415061,0.2583187390542907
0.4024604569420035,0.0804042179261863,0.2557117750439367,0.26142355008787344
0.4040052242054854,0.07749238136700043,0.2542446669569003,0.2642577274706138
0.4075388026607539,0.07760532150776053,0.25543237250554324,0.25942350332594233
0.4016829052258636,0.07883082373782108,0.2550930026572188,0.26439326837909655
0.3969804618117229,0.08037300177619894,0.2571047957371226,0.2655417406749556
0.3982532751091703,0.0794759825327511,0.2537117903930131,0.2685589519650655
0.39841688654353563,0.08355321020228672,0.24714160070360597,0.27088830255057167
0.4,0.08741721854304636,0.24547461368653423,0.2671081677704194
0.38937664618086043,0.08867427568042142,0.2462686567164179,0.27568042142230026
0.39312472454825914,0.09211106214191274,0.24768620537681799,0.2670780079330101
0.40096830985915494,0.09066901408450705,0.24163732394366197,0.26672535211267606
0.39964633068081346,0.09328028293545534,0.23474801061007958,0.2723253757736516
0.39929947460595444,0.09019264448336252,0.23774080560420316,0.27276707530647987
0.4078830823737821,0.08901682905225863,0.23693534100974314,0.2661647475642161
0.40551181102362205,0.09011373578302712,0.23753280839895013,0.2668416447944007
0.3990321161460625,0.0950285965684118,0.23713154421469423,0.2688077430708315
0.39384615384615385,0.09318681318681318,0.23868131868131867,0.2742857142857143
0.3904049295774648,0.09595070422535211,0.23723591549295775,0.2764084507042254
0.38986013986013984,0.09833916083916083,0.2416958041958042,0.2701048951048951
0.3838339222614841,0.10203180212014135,0.2420494699646643,0.27208480565371024
0.37856829161176986,0.10188844971453667,0.24110671936758893,0.2784365393061045
0.3823008849557522,0.10132743362831859,0.23539823008849559,0.2809734513274336
0.38045375218150085,0.10253054101221641,0.23778359511343805,0.2792321116928447
0.3809312638580931,0.10066518847006652,0.23991130820399112,0.27849223946784923
0.377258704275011,0.10224768620537682,0.23666813574261789,0.2838254737769943
0.37538461538461537,0.10153846153846154,0.24043956043956044,0.2826373626373626
0.3766637089618456,0.09804791481810116,0.2360248447204969,0.28926353149955636
0.3780594405594406,0.0944055944055944,0.23863636363636365,0.2888986013986014
0.3724534986713906,0.09964570416297608,0.23649247121346323,0.2914083259521701
0.3719892952720785,0.10347903657448707,0.23684210526315788,0.28768956289027653
0.3721654068474878,0.10315695864828812,0.2383281458425967,0.2863494886616274
0.37610619469026546,0.10176991150442478,0.23672566371681417,0.2853982300884956
0.37961335676625657,0.10413005272407733,0.23506151142355008,0.281195079086116
0.3758270842523158,0.1027790030877812,0.24217026907807676,0.2792236435818262
0.37527400263042526,0.10214818062253397,0.24375274002630426,0.27882507672073653
0.3668275559455902,0.11013602457218079,0.24396665204036858,0.27906976744186046
0.36893203883495146,0.10723742277140336,0.23962930273609886,0.28420123565754635
0.3671562082777036,0.102803738317757,0.2394303515798843,0.2906097018246551
0.363317244405441,0.10618692408951294,0.24089512944273805,0.28960070206230804
0.36436170212765956,0.10460992907801418,0.24202127659574468,0.28900709219858156
0.3560140474100088,0.10052677787532924,0.24714661984196665,0.29631255487269537
0.3548672566371681,0.10309734513274336,0.24778761061946902,0.2942477876106195
0.3577057793345009,0.10157618213660245,0.23774080560420316,0.30297723292469353
0.35270629991126884,0.10603371783496007,0.24134871339840283,0.29991126885536823
0.34845814977973566,0.10484581497797357,0.24713656387665198,0.29955947136563876
0.34868421052631576,0.10833333333333334,0.24605263157894736,0.2969298245614035
0.3556723609286027,0.11038107752956636,0.2395970214629873,0.2943495400788436
0.35528060097216085,0.10472823685373397,0.241714538223597,0.2982766239505082
0.3559096945551129,0.10801239486498451,0.23948649845064188,0.2965914121292607
0.3627450980392157,0.10606060606060606,0.24064171122994651,0.2905525846702317
0.35789938217122685,0.10944395410414828,0.235216240070609,0.2974404236540159
0.3653169014084507,0.10827464788732394,0.22887323943661972,0.2975352112676056
0.35947712418300654,0.1037037037037037,0.23660130718954248,0.3002178649237473
0.35956043956043954,0.10593406593406593,0.23384615384615384,0.30065934065934063
0.3659725299069561,0.10589277802392556,0.22862206468763846,0.2995126273814798
0.3610251878038003,0.1104728236853734,0.22801590808661068,0.30048608042421565
0.3603006189213086,0.11405835543766578,0.22634836427939875,0.29929266136162685
0.36685866194062916,0.11120957022596367,0.22419140451927339,0.2977403633141338
0.3629139072847682,0.11125827814569536,0.2260485651214128,0.2997792494481236
0.36586433260393875,0.1111597374179431,0.2236323851203501,0.29934354485776804
0.3610265332753371,0.11004784688995216,0.22009569377990432,0.3088299260548064
0.3563572371315442,0.11042674879014518,0.225692916849978,0.3075230972283326
0.35575221238938054,0.10442477876106195,0.22964601769911505,0.3101769911504425
0.3526805494018609,0.10456357997341603,0.22950819672131148,0.3132476739034116
0.3498014997794442,0.10763123070136744,0.23026025584472873,0.3123070136744596
0.35241502683363146,0.10867620751341682,0.22674418604651161,0.31216457960644006
0.3506837229819144,0.10939567710630789,0.2262902514336127,0.31363034847816496
0.35348226018396844,0.10862899693385895,0.22777047744196233,0.31011826544021026
0.3591331269349845,0.10880141530296329,0.22069880583812473,0.3113666519239275
0.3519823788546256,0.10837004405286343,0.21938325991189428,0.32026431718061676
0.3517301795882611,0.10950503723171266,0.22251423565484013,0.31625054752518617
0.3569530558015943,0.11071744906997343,0.2254207263064659,0.3069087688219663
0.3592233009708738,0.11032656663724624,0.21977052074139453,0.3106796116504854
0.35905304690925033,0.10960105217010083,0.22139412538360367,0.30995177553704517
0.3636765355722492,0.10296067167476801,0.2200618647812638,0.31330092797171893
0.36456031816173223,0.1034025629695095,0.21873619089703933,0.31330092797171893
0.3617208077260755,0.10008779631255488,0.22168568920105355,0.3165057067603161
0.36231884057971014,0.0992534036012297,0.2231005709266579,0.3153271848924023
0.3625886524822695,0.1023936170212766,0.21941489361702127,0.31560283687943264
0.36907399202481167,0.09836065573770492,0.21621621621621623,0.3163491360212672
0.3664323374340949,0.10369068541300527,0.21309314586994726,0.31678383128295257
0.36014140521431726,0.10649580203269995,0.21608484312859036,0.3172779496243924
0.36069210292812776,0.10248447204968944,0.21827861579414373,0.318544809228039
0.3547681539807524,0.10411198600174978,0.2178477690288714,0.3232720909886264
0.3514223194748359,0.10634573304157549,0.21663019693654267,0.32560175054704593
0.3520140105078809,0.10332749562171628,0.2149737302977233,0.3296847635726795
0.35181143605412485,0.10126582278481013,0.21693583587952858,0.32998690528153646
0.3495827843653931,0.0992534036012297,0.21519543258673693,0.3359683794466403
0.35223748338502436,0.10456357997341603,0.21400088613203366,0.32919805050952594
0.3490607252075142,0.10266491917868065,0.2145041502839668,0.33377020532983837
0.35013262599469497,0.10389036251105217,0.21264367816091953,0.3333333333333333
0.34765453748355984,0.10960105217010083,0.2117492327926348,0.3309951775537045
0.3489399293286219,0.10865724381625441,0.21024734982332155,0.3321554770318021
0.3526086956521739,0.11130434782608696,0.21130434782608695,0.3247826086956522
0.34774933804060015,0.1147396293027361,0.21359223300970873,0.32391879964695497
0.34986713906111605,0.11470327723649247,0.21434898139946856,0.32108060230292296
0.34986713906111605,0.11824623560673161,0.20992028343666963,0.32196634189548273
0.3482652613087396,0.11857707509881422,0.20860781730346947,0.3245498462889767
0.3438053097345133,0.12079646017699115,0.21283185840707963,0.32256637168141594
0.34887813462384515,0.12318521777386714,0.20721513418389792,0.3207215134183898
0.3523683045595396,0.12439132359451084,0.20185922974767595,0.32138114209827356
0.3470639789658195,0.12927256792287467,0.19807186678352323,0.3255915863277826
0.3420353982300885,0.134070796460177,0.20442477876106194,0.31946902654867254
0.34328358208955223,0.13081650570676032,0.20588235294117646,0.32001755926251096
0.3446153846153846,0.13054945054945055,0.20043956043956043,0.3243956043956044
0.34416154521510095,0.13125548726953468,0.19622475856014046,0.3283582089552239
0.34008810572687226,0.13348017621145375,0.1920704845814978,0.3343612334801762
0.3331860362350862,0.13875386654882899,0.19045514803358374,0.3376049491825011
0.33128565160157963,0.13865730583589295,0.18648530057042562,0.3435717419921018
0.3254988913525499,0.14412416851441243,0.1844789356984479,0.3458980044345898
0.3243482103402563,0.14184710561201944,0.18205921343349535,0.3517454706142289
0.3169877408056042,0.14098073555166374,0.18563922942206654,0.3563922942206655
0.320993031358885,0.13937282229965156,0.18466898954703834,0.3549651567944251
0.32212389380530976,0.1407079646017699,0.184070796460177,0.3530973451327434
0.32012329370321446,0.13958608542492293,0.18626155878467635,0.35402906208718626
0.3257042253521127,0.1430457746478873,0.18221830985915494,0.34903169014084506
0.32252410166520595,0.1437335670464505,0.1796669588080631,0.3540753724802805
0.32497801231310464,0.1442392260334213,0.18161829375549693,0.3491644678979771
0.32332155477031804,0.14001766784452296,0.18860424028268552,0.3480565371024735
0.3201219512195122,0.1445993031358885,0.1916376306620209,0.3436411149825784
0.3148636763412489,0.14335971855760773,0.19349164467897978,0.3482849604221636
0.32074633496223903,0.1452687694358063,0.19147045757441136,0.34251443802754333
0.3196286472148541,0.14058355437665782,0.19496021220159152,0.3448275862068966
0.32212389380530976,0.14292035398230088,0.18849557522123894,0.34646017699115045
0.3226795096322242,0.13879159369527144,0.18520140105078808,0.3533274956217163
0.31927175843694494,0.1349911190053286,0.19182948490230906,0.3539076376554174
0.31592803861342694,0.1390960947784116,0.18867924528301888,0.3562966213251426
0.32035398230088497,0.13672566371681416,0.1920353982300885,0.3508849557522124
0.32457293035479634,0.1410424879544459,0.18834866403854578,0.346035917652212
0.321206743566992,0.1419698314108252,0.19210292812777285,0.3447204968944099
0.314410480349345,0.14541484716157205,0.19170305676855895,0.34847161572052404
0.3160644318676535,0.1436656508489334,0.19242490204614715,0.347845015237266
0.3218543046357616,0.14613686534216336,0.19205298013245034,0.33995584988962474
0.32319223985890655,0.1424162257495591,0.19091710758377425,0.34347442680776014
0.32672831351827386,0.14134742404227213,0.18670189343901364,0.34522236900044034
0.32778264680105174,0.14592462751971955,0.18404907975460122,0.3422436459246275
0.31985784095957354,0.14749000444247,0.18569524655708575,0.3469569080408707
0.3176783340717767,0.14443952148870182,0.1896322552060257,0.3482498892334958
0.317600352889281,0.14380238200264667,0.18526687251874724,0.3533303925893251
0.31891655744866754,0.1402359108781127,0.18654434250764526,0.35430318916557446
0.3176418829740431,0.13550373955125386,0.18565772107347117,0.36119665640123183
0.32309746328437916,0.13707165109034267,0.1842456608811749,0.35558522474410326
0.32215357458075905,0.1416593115622242,0.1853486319505737,0.35083848190644307
0.3253968253968254,0.13977072310405644,0.17945326278659612,0.35537918871252205
0.32674571805006586,0.14053579270970576,0.1769872639437857,0.3557312252964427
0.32037118868758285,0.14273088820150243,0.18205921343349535,0.3548387096774194
0.3279192273924495,0.13257243195785778,0.18305531167690958,0.35645302897278314
0.33465433729634525,0.1334214002642008,0.18229854689564068,0.3496257155438133
0.328042328042328,0.13139329805996472,0.18694885361552027,0.35361552028218696
0.33598937583001326,0.13368747233289066,0.18415227976980966,0.3461708720672864
0.3260481712756467,0.13247100802854594,0.18421052631578946,0.35727029438001784
0.3296411165263624,0.13159060700044306,0.18608772707133364,0.3526805494018609
0.3263858093126386,0.13348115299334812,0.18669623059866963,0.3534368070953437
0.332,0.1302222222222222,0.18844444444444444,0.34933333333333333
0.33128565160157963,0.13075910487055725,0.1899956121105748,0.3479596314172883
0.3299559471365639,0.13303964757709252,0.18634361233480176,0.35066079295154184
0.3291028446389497,0.13172866520787746,0.1912472647702407,0.3479212253829322
0.3345054945054945,0.12923076923076923,0.18769230769230769,0.3485714285714286
0.3368747233289066,0.12749003984063745,0.19079238601150952,0.34484285081894644
0.3368146214099217,0.12619669277632725,0.18494342906875544,0.35204525674499565
0.33923042901371075,0.12560813799203893,0.18620079610791684,0.3489606368863335
0.3330400351957765,0.12538495380554335,0.18873735151781787,0.3528376594808623
0.3349429323968393,0.12554872695346794,0.18217734855136083,0.35733099209833186
0.32865907099035935,0.13102541630148992,0.1801051709027169,0.3602103418054338
0.32966064345526663,0.13221683561040107,0.18113706478624944,0.35698545614808286
0.33509467195068254,0.1334214002642008,0.18450022016732717,0.3469837076177895
0.33260297984224363,0.13409290096406662,0.18448729184925505,0.3488168273444347
0.3365638766519824,0.13612334801762113,0.17929515418502204,0.34801762114537443
0.33611232996928475,0.1320754716981132,0.1799034664326459,0.35190873189995614
0.34025629695095005,0.13256738842244808,0.17675651789659744,0.3504197967300044
0.3403973509933775,0.13289183222958056,0.176158940397351,0.35055187637969093
0.33874506362439666,0.13821851689337428,0.17244405440982888,0.35059236507240016
0.3397632617273126,0.13546690048224463,0.17448487505480054,0.35028496273564225
0.34630694383016364,0.13312693498452013,0.1760283060592658,0.3445378151260504
0.3508535489667565,0.13117699910152741,0.17699910152740342,0.34097035040431267
0.3489697501096011,0.13327487943884261,0.17536168347216133,0.342393686979395
0.35255281690140844,0.1324823943661972,0.17473591549295775,0.3402288732394366
0.3425196850393701,0.13560804899387577,0.17497812773403323,0.3468941382327209
0.3433761630482942,0.13203367301727958,0.1798848028356225,0.34470536109880373
0.3486117232260908,0.13309828118113706,0.17849272807404143,0.33979726751873074
0.35398230088495575,0.13451327433628318,0.17345132743362832,0.3380530973451327
0.35244816938685486,0.13586237318041464,0.17423908248786943,0.3374503749448611
0.34759594177326864,0.13762681958535508,0.17115130127922365,0.34362593736215263
0.34596738651388276,0.13794623182018512,0.17276333186425738,0.3433230498016748
0.347136563876652,0.13876651982378854,0.17312775330396477,0.3409691629955947
0.34901960784313724,0.13856209150326798,0.16993464052287582,0.34248366013071896
0.35761011774967294,0.1378107283035325,0.1665939816833842,0.3379851722634104
0.36033274956217165,0.13528896672504379,0.1668126094570928,0.3375656742556918
0.36014298480786416,0.14119749776586238,0.1644325290437891,0.3342269883824844
0.3607791057990261,0.1363435148295706,0.1637892872952634,0.3390880920761399
0.36131868131868133,0.13758241758241757,0.16,0.3410989010989011
0.3619550858652576,0.13650374284456188,0.16248348745046234,0.3390576838397182
0.35442477876106193,0.134070796460177,0.168141592920354,0.3433628318584071
0.3552106430155211,0.13215077605321507,0.16674057649667406,0.3458980044345898
0.35839929639401935,0.13280562884784522,0.16710642040457344,0.341688654353562
0.3609286027157249,0.1375383267630311,0.16644765659220323,0.33508541392904073
0.35714285714285715,0.1371252204585538,0.1715167548500882,0.3342151675485009
0.3614564831261101,0.13765541740674955,0.16651865008880995,0.33436944937833035
0.35839929639401935,0.13676341248900617,0.16182937554969218,0.34300791556728233
0.3569530558015943,0.1403897254207263,0.15899025686448184,0.3436669619131975
0.3584823375490624,0.1399912778020061,0.15002180549498473,0.3515045791539468
0.358883473637572,0.13912272928666372,0.15064244572441293,0.35135135135135137
0.3555846422338569,0.13699825479930192,0.1544502617801047,0.3529668411867365
0.35954063604240283,0.13604240282685512,0.15503533568904593,0.3493816254416961
0.3575837742504409,0.13315696649029982,0.15520282186948853,0.3540564373897707
0.3588054457619675,0.13614404918752745,0.1484409310496267,0.35660957400087834
0.35175438596491226,0.13815789473684212,0.14649122807017545,0.3635964912280702
0.3462214411247803,0.1366432337434095,0.14894551845342707,0.36818980667838314
0.34189548272807796,0.1408325952170062,0.1488042515500443,0.36846767050487156
0.33818342151675485,0.14153439153439154,0.15123456790123457,0.36904761904761907
0.34081902245706736,0.1431087626596213,0.15367679436371642,0.3623954205195949
0.3422340898976413,0.13796172674677348,0.15086782376502003,0.3689363595905652
0.34517543859649125,0.13991228070175438,0.14780701754385964,0.3671052631578947
0.3436807095343681,0.1361419068736142,0.14855875831485588,0.3716186252771619
0.3424416042309387,0.13089466725429705,0.15337152930806522,0.373292199206699
0.3477302776553548,0.124724548259145,0.1516086381665932,0.375936535918907
0.3486117232260908,0.12384310268840899,0.1485235786690172,0.37902159541648306
0.34927599824484423,0.12066695919262835,0.1491882404563405,0.3808688021061869
0.3597154290795909,0.11960871498443752,0.15028901734104047,0.3703868385949311
0.3591674047829938,0.11780336581045173,0.15101860053144375,0.3720106288751107
0.35255570117955437,0.11446046308431629,0.15203145478374835,0.38095238095238093
0.3545816733067729,0.11155378486055777,0.15360779105799027,0.3802567507746791
0.362280701754386,0.11403508771929824,0.1543859649122807,0.36929824561403507
0.3535173642030276,0.11531611754229741,0.15716829919857525,0.37399821905609976
0.35515258735072974,0.1163202122954445,0.15126050420168066,0.3772666961521451
0.35593971631205673,0.11702127659574468,0.15203900709219859,0.375
0.3608428446005268,0.11150131694468832,0.15671641791044777,0.37093942054433715
0.36271929824561405,0.1074561403508772,0.15526315789473685,0.37456140350877193
0.3720106288751107,0.1054030115146147,0.15234720992028344,0.37023914968999116
0.3706293706293706,0.1048951048951049,0.1555944055944056,0.3688811188811189
0.37156775907883083,0.11116031886625333,0.14924712134632417,0.36802480070859167
0.37040280210157617,0.10989492119089317,0.15192644483362522,0.36777583187390545
0.3670048522276136,0.10719011910013233,0.1561535068372298,0.36965152183502425
0.367419212040726,0.10934041611332448,0.150066401062417,0.37317397078353254
0.36431718061674007,0.1145374449339207,0.1537444933920705,0.3674008810572687
0.3674008810572687,0.10881057268722467,0.1524229074889868,0.37136563876651985
0.37154326494201606,0.10570918822479929,0.15165031222123104,0.3710972346119536
0.3655629139072848,0.10286975717439294,0.15364238410596026,0.37792494481236205
0.3600877192982456,0.1074561403508772,0.15263157894736842,0.3798245614035088
0.36455142231947485,0.10459518599562363,0.1514223194748359,0.37943107221006567
0.3633567662565905,0.10369068541300527,0.1515817223198594,0.38137082601054484
0.36178681999115436,0.10393631136665192,0.15391419725785052,0.3803626713843432
0.3612450679526523,0.10170977641385358,0.15387987724682156,0.3831652783866725
0.35402906208718626,0.10347864376926465,0.16028181417877588,0.38221047996477325
0.3522927689594356,0.11022927689594356,0.15476190476190477,0.38271604938271603
0.3550948389942655,0.11071901191001324,0.15350683722981914,0.3806793118659021
0.36211453744493394,0.11585903083700441,0.14625550660792952,0.37577092511013216
0.36327433628318584,0.1163716814159292,0.14601769911504425,0.3743362831858407
0.3596338273757629,0.11333914559721012,0.14298169136878813,0.3840453356582389
0.3608521970705726,0.1114070128717266,0.1473590767865069,0.38038171327119397
0.36150442477876105,0.10575221238938053,0.1517699115044248,0.38097345132743365
0.3632326820603908,0.108348134991119,0.14786856127886322,0.380550621669627
0.35358872743284897,0.11096433289299867,0.15191545574636725,0.38353148392778513
0.35185185185185186,0.10890652557319223,0.15167548500881833,0.38756613756613756
0.34951456310679613,0.10856134157105031,0.1531332744924978,0.38879082082965577
0.3478835978835979,0.10934744268077601,0.15079365079365079,0.39197530864197533
0.3431848257609175,0.11071901191001324,0.1513012792236436,0.39479488310542565
0.34547848990342406,0.1106233538191396,0.14266900790166814,0.40122914837576823
0.3509467195068252,0.10568031704095113,0.14398943196829592,0.3993835314839278
0.3457005674378001,0.10650371017023134,0.14622435617634222,0.4015713662156264
0.354083885209713,0.10375275938189846,0.1479028697571744,0.39426048565121413
0.3541666666666667,0.10150709219858156,0.14804964539007093,0.3962765957446808
0.3548672566371681,0.10088495575221239,0.14823008849557523,0.39601769911504425
0.3540097474523704,0.10146211785556047,0.14621178555604786,0.39831634913602126
0.36181575433911883,0.10013351134846461,0.14152202937249667,0.3965287049399199
0.3628357551739322,0.10391897842360194,0.13782474680757376,0.3954205195948921
0.35537918871252205,0.10626102292768959,0.1384479717813051,0.39991181657848324
0.35764499121265375,0.10500878734622145,0.14103690685413006,0.39630931458699475
0.3521434820647419,0.1062992125984252,0.1452318460192476,0.3963254593175853
0.3520566121185316,0.10835913312693499,0.1468376824413976,0.39274657231313576
0.35175438596491226,0.10964912280701754,0.14473684210526316,0.393859649122807
0.35240174672489083,0.10829694323144105,0.14497816593886462,0.3943231441048035
0.35363716038562665,0.11524978089395267,0.14680105170902716,0.3843120070113935
0.35469514908767247,0.11303960836671118,0.14463729417000445,0.38762794837561193
0.3537117903930131,0.11353711790393013,0.14497816593886462,0.38777292576419214
0.3545816733067729,0.10801239486498451,0.14298362107127047,0.3944223107569721
0.35714285714285715,0.1128747795414462,0.14329805996472664,0.38668430335097004
0.3557435440783615,0.11442564559216385,0.14158504007123776,0.38824577025823687
0.3554964539007092,0.11569148936170212,0.14051418439716312,0.3882978723404255
0.3495827843653931,0.11594202898550725,0.14317083882301274,0.391304347826087
0.351721094439541,0.11562224183583407,0.14298323036187113,0.38967343336275373
0.34765453748355984,0.11398509425690487,0.14204296361245067,0.3963174046470846
0.34600262123197906,0.11489733508082133,0.13936216688510267,0.399737876802097
0.3448275862068966,0.11626878868258178,0.14102564102564102,0.3978779840848806
0.33992094861660077,0.11418533157663592,0.14185331576635923,0.40404040404040403
0.33377250768555117,0.11023276240667546,0.1427316644707949,0.4132630654369785
0.3380468404772426,0.10826336721166593,0.14405656208572692,0.4096332302253646
0.3377250768555116,0.1067193675889328,0.14009661835748793,0.41545893719806765
0.3460861917326297,0.11213720316622691,0.13896218117854,0.40281442392260336
0.34214002642007924,0.11404667547335975,0.14398943196829592,0.3998238661382651
0.3317008014247551,0.11709706144256456,0.1433659839715049,0.40783615316117544
0.3383259911894273,0.11497797356828193,0.1356828193832599,0.41101321585903083
0.3402107111501317,0.1141352063213345,0.13125548726953468,0.41439859525899914
0.3314235345967387,0.11899515204936095,0.13397972675187308,0.41560158660202734
0.33552055993000873,0.12117235345581802,0.13298337707786526,0.410323709536308
0.32948490230905864,0.1238898756660746,0.13143872113676733,0.41518650088809944
0.33201232937032144,0.12637604579480405,0.12813738441215325,0.4134742404227213
0.33348017621145376,0.12599118942731277,0.12863436123348018,0.4118942731277533
0.33274647887323944,0.12455985915492958,0.1307218309859155,0.4119718309859155
0.32588699080157685,0.12220762155059132,0.13359614542268944,0.4183092422251424
0.3289588801399825,0.12029746281714786,0.1342957130358705,0.41644794400699914
0.33157431838170626,0.11829375549692173,0.13368513632365875,0.41644678979771327
0.32789775231379464,0.11855442926399296,0.13530189510797708,0.4182459233142353
0.3381578947368421,0.11140350877192982,0.13289473684210526,0.41754385964912283
0.3309608540925267,0.11120996441281139,0.13523131672597866,0.4225978647686833
0.334938704028021,0.10726795096322242,0.13572679509632224,0.4220665499124343
0.3353819139596137,0.10403863037752414,0.1321334503950834,0.42844600526777876
0.33200883002207504,0.10816777041942605,0.13068432671081678,0.4291390728476821
0.32983377077865267,0.1062992125984252,0.13298337707786526,0.4308836395450569
0.3230225364560318,0.10517012814847547,0.1316836058329651,0.4401237295625276
0.33362637362637365,0.10329670329670329,0.130989010989011,0.4320879120879121
0.3314360770577933,0.10288966725043783,0.12784588441331,0.43782837127845886
0.33112874779541446,0.10317460317460317,0.12874779541446207,0.43694885361552027
0.32904656319290465,0.10288248337028826,0.12549889135254988,0.4425720620842572
0.32699955810870523,0.1042863455589925,0.1241714538223597,0.4445426425099426
0.32195121951219513,0.1033259423503326,0.1352549889135255,0.43946784922394677
0.32420494699646646,0.10203180212014135,0.1333922261484099,0.44037102473498235
0.32145998240985046,0.10290237467018469,0.13500439753737906,0.44063324538258575
0.32207907596623725,0.10661928031985785,0.13505108840515326,0.4362505553087517
0.32275132275132273,0.10317460317460317,0.13447971781305115,0.43959435626102294
0.3239130434782609,0.10782608695652174,0.12956521739130436,0.43869565217391304
0.328207381370826,0.10984182776801406,0.1313708260105448,0.4305799648506151
0.3296990841692106,0.11469690361971217,0.13083296990841692,0.4247710423026603
0.32313073895933536,0.11499781372977701,0.13336248360297331,0.4285089637079143
0.32763157894736844,0.1162280701754386,0.13596491228070176,0.4201754385964912
0.3321554770318021,0.11219081272084806,0.12941696113074205,0.42623674911660775
0.3282985339848956,0.11772545535317637,0.1332741003998223,0.42070191026210574
0.3299692847740237,0.1184730144800351,0.12593242650285214,0.42562527424308905
0.33200883002207504,0.1205298013245033,0.1293598233995585,0.4181015452538631
0.33658536585365856,0.1139689578713969,0.12771618625277162,0.42172949002217297
0.33968957871396893,0.11219512195121951,0.12815964523281598,0.4199556541019956
0.33481547354379726,0.11427301022676745,0.1298354824366385,0.4210760337927968
0.3281802120141343,0.11484098939929328,0.12588339222614842,0.43109540636042404
0.3261821366024518,0.11339754816112084,0.1234676007005254,0.43695271453590195
0.3241563055062167,0.11545293072824156,0.1269982238010657,0.433392539964476
0.32920901458241275,0.11179849756959788,0.12593901900132567,0.43305346884666374
0.3300798580301686,0.10869565217391304,0.12599822537710736,0.435226264418811
0.3312910284463895,0.10415754923413567,0.13085339168490154,0.4336980306345733
0.32386363636363635,0.10227272727272728,0.1333041958041958,0.4405594405594406
0.3237095363079615,0.10454943132108487,0.13298337707786526,0.43875765529308836
0.32340052585451357,0.10780017528483786,0.13365468886941279,0.4351446099912358
0.3248575186321789,0.10784743533537922,0.13064445418676018,0.4366505918456817
0.326334208223972,0.10192475940507437,0.1321084864391951,0.43963254593175854
0.32789055604589584,0.0997352162400706,0.1328331862312445,0.43954104148278905
0.3248686514886165,0.10157618213660245,0.1339754816112084,0.4395796847635727
0.32588699080157685,0.10600087604029786,0.1279018834866404,0.44021024967148487
0.327768014059754,0.10720562390158173,0.12214411247803164,0.4428822495606327
0.32503276539973786,0.10441240716470074,0.1236347750109218,0.44692005242463956
0.3267543859649123,0.10219298245614035,0.12719298245614036,0.443859649122807
0.32514260640631854,0.10838086880210619,0.1254936375603335,0.4409828872312418
0.3293492695883134,0.1102257636122178,0.12571934484285083,0.434705621956618
0.32602979842243646,0.10648553900087643,0.1270815074496056,0.4404031551270815
0.3271193963604083,0.10696848646249445,0.13049267643142476,0.43541944074567246
0.326334208223972,0.10498687664041995,0.13035870516185477,0.43832020997375326
0.33158813263525305,0.10253054101221641,0.1300174520069808,0.43586387434554974
0.3325971731448763,0.10379858657243816,0.13250883392226148,0.43109540636042404
0.3345070422535211,0.10387323943661972,0.12984154929577466,0.4317781690140845
0.33186619718309857,0.10651408450704225,0.13336267605633803,0.4282570422535211
0.33141338059370845,0.10943730615861763,0.128046078865751,0.4311032343819229
0.32926829268292684,0.11062717770034843,0.1293554006968641,0.4307491289198606
0.3323076923076923,0.11076923076923077,0.130989010989011,0.4259340659340659
0.3339130434782609,0.1126086956521739,0.13304347826086957,0.42043478260869566
0.3377250768555116,0.11330698287220026,0.13482652613087395,0.41414141414141414
0.3374503749448611,0.11116012351124835,0.13321570357300397,0.4181737979708866
0.3346613545816733,0.11642319610447101,0.1323594510845507,0.416555998229305
0.33627537511032657,0.11606354810238305,0.1328331862312445,0.4148278905560459
0.33771353482260186,0.11213315812527376,0.1366622864651774,0.413491020586947
0.34330985915492956,0.11003521126760564,0.1324823943661972,0.4141725352112676
0.34235033259423503,0.11130820399113082,0.1303769401330377,0.41596452328159644
0.3384750991626267,0.11811370647862494,0.127368884971353,0.41604230938739534
0.33953076582558656,0.11598052235502435,0.12926073483842407,0.41522797698096503
0.33775419982316535,0.11626878868258178,0.12643678160919541,0.41954022988505746
0.3317159241288046,0.11689457432730481,0.1274812527569475,0.4239082487869431
0.3415492957746479,0.11487676056338028,0.12323943661971831,0.4203345070422535
0.3488168273444347,0.11568799298860649,0.12226117440841368,0.41323400525854515
0.3425438596491228,0.11929824561403508,0.12236842105263158,0.41578947368421054
0.3439824945295405,0.11859956236323851,0.12210065645514223,0.4153172866520788
0.3475770925110132,0.1211453744493392,0.12466960352422908,0.4066079295154185
0.34408127208480566,0.12102473498233215,0.12809187279151943,0.40680212014134276
0.3502202643171806,0.11674008810572688,0.12951541850220263,0.4035242290748899
0.34740545294635006,0.11521547933157432,0.13896218117854,0.39841688654353563
0.34847161572052404,0.11921397379912664,0.14104803493449783,0.39126637554585153
0.3444493198771391,0.1193505923650724,0.14304519526107942,0.3931548924967091
0.3429330970314577,0.11652636242800177,0.14665485157288435,0.3938856889676562
0.34035087719298246,0.11491228070175438,0.15,0.39473684210526316
0.34434169969176576,0.11360634081902246,0.14883311316600617,0.39321884632320564
0.3481123792800702,0.11764705882352941,0.15188762071992976,0.38235294117647056
0.3369612538093165,0.11841532433609055,0.15411406181976492,0.39050936003482806
0.3393725143614671,0.1179849756959788,0.1520106053910738,0.39063190455148034
0.33362598770851626,0.11808604038630377,0.15583845478489902,0.3924495171202809
0.3406113537117904,0.11222707423580786,0.15807860262008733,0.3890829694323144
0.3466432645897323,0.11276875822729267,0.15225976305397104,0.3883282141290039
0.3478070175438597,0.1118421052631579,0.15350877192982457,0.3868421052631579
0.3396392432908051,0.11570611526616806,0.15310162780466344,0.3915530136383634
0.33980582524271846,0.1204766107678729,0.1531332744924978,0.38658428949691087
0.3355119825708061,0.12287581699346405,0.1533769063180828,0.38823529411764707
0.3353738522081329,0.12068211630957586,0.15435067774376912,0.3895933537385221
0.3330423395896988,0.12352684417285029,0.1558271497162811,0.3876036665211698
0.3273444347063979,0.12620508326029797,0.15425065731814197,0.3921998247151621
0.3317180616740088,0.12687224669603525,0.1524229074889868,0.38898678414096916
0.3296799649276633,0.12932924156071898,0.156510302498904,0.3844804910127137
0.32450331125827814,0.1293598233995585,0.16070640176600443,0.38543046357615895
0.32380114386273645,0.12846458424989002,0.15970083589969203,0.3880334359876815
0.3293333333333333,0.1288888888888889,0.15911111111111112,0.38266666666666665
0.3296943231441048,0.12925764192139738,0.15851528384279476,0.38253275109170304
0.33391992960844696,0.12758468983721954,0.15222173339199296,0.3862736471623405
0.34116083296411165,0.13114754098360656,0.14443952148870182,0.38325210456358
0.3374722838137472,0.1286031042128603,0.14235033259423505,0.39157427937915745
0.33494081543182813,0.13371328364752302,0.1442349846558527,0.38711091626479616
0.3325971731448763,0.13250883392226148,0.14664310954063603,0.38825088339222613
0.3277533039647577,0.13215859030837004,0.14889867841409693,0.39118942731277534
0.3297777777777778,0.13822222222222222,0.1448888888888889,0.38711111111111113
0.3374233128834356,0.13453111305872043,0.1476774758983348,0.3803680981595092
0.3309982486865149,0.1330998248686515,0.15061295971978983,0.38528896672504376
0.33142100617828774,0.1293027360988526,0.14916151809355693,0.3901147396293027
0.32502187226596674,0.1342957130358705,0.15310586176727908,0.38757655293088367
0.31766256590509667,0.13181019332161686,0.15685413005272408,0.3936731107205624
0.31491228070175437,0.1280701754385965,0.16096491228070176,0.3960526315789474
0.3171592412880459,0.1310101455668284,0.15968239964711073,0.392148213498015
0.31541850220264317,0.13303964757709252,0.15462555066079295,0.3969162995594714
0.32316534040671974,0.1282051282051282,0.15340406719717065,0.3952254641909814
0.3279405334499344,0.1294271972015741,0.14910362920857018,0.3935286401399213
0.3277899343544858,0.13566739606126915,0.1487964989059081,0.387746170678337
0.3258575197889182,0.13676341248900617,0.1517150395778364,0.3856640281442392
0.32777534006143044,0.13514699429574376,0.1509433962264151,0.3861342694164107
0.32431252728066345,0.13487560017459624,0.15364469663902225,0.38716717590571803
0.3260965883916704,0.1338059370846256,0.15108551174124946,0.3890119627824546
0.31844316674038037,0.13489606368863336,0.1468376824413976,0.3998230871295887
0.3119266055045872,0.13324595893403232,0.14809960681520315,0.40672782874617736
0.32035398230088497,0.1314159292035398,0.14557522123893804,0.4026548672566372
0.3155080213903743,0.13324420677361853,0.14795008912655971,0.40329768270944744
0.32189973614775724,0.13324538258575197,0.14643799472295516,0.39841688654353563
0.3162020905923345,0.13371080139372823,0.14329268292682926,0.406794425087108
0.31328976034858386,0.1328976034858388,0.14596949891067537,0.40784313725490196
0.31219726992514313,0.1338617349185381,0.1435490973139586,0.4103918978423602
0.3103298611111111,0.1345486111111111,0.1427951388888889,0.4123263888888889
0.30621172353455817,0.1373578302712161,0.14435695538057744,0.4120734908136483
0.3065150852645387,0.1355487538259729,0.14735461303017053,0.4105815478793179
0.30509977827051,0.13658536585365855,0.14634146341463414,0.41197339246119735
0.3075221238938053,0.13672566371681416,0.14557522123893804,0.4101769911504425
0.3095552619991193,0.13474240422721268,0.14178775869660942,0.4139145750770586
0.3075221238938053,0.13628318584070798,0.14601769911504425,0.4101769911504425
0.30440587449933243,0.13974187805963506,0.14864263462394303,0.40720961281708945
0.3085436033643205,0.13590084108012396,0.14431164231961044,0.4112439132359451
0.30621172353455817,0.1342957130358705,0.14566929133858267,0.4138232720909886
0.30742204655248134,0.13219148001756698,0.14624505928853754,0.41414141414141414
0.30571555161719094,0.12760301284891448,0.1484271156402304,0.41825431989366413
0.3024800708591674,0.12887511071744906,0.1479185119574845,0.42072630646589904
0.30335097001763667,0.12654320987654322,0.15035273368606702,0.41975308641975306
0.3034452296819788,0.12765017667844522,0.14708480565371024,0.4218197879858657
0.3048672566371681,0.13097345132743363,0.14424778761061946,0.41991150442477876
0.3012205754141238,0.12554489973844812,0.14472537053182213,0.42850915431560593
0.2995614035087719,0.1307017543859649,0.14342105263157895,0.4263157894736842
0.29411764705882354,0.13476733977172958,0.14749780509218613,0.4236172080772608
0.3005729396209784,0.13221683561040107,0.1494050242397532,0.4178052005288673
0.29273693534100975,0.13197519929140833,0.1483613817537644,0.4269264836138175
