C,D,Oc,Od
0.0,1.0,0.0,0.0
0.0,0.6666666666666666,0.3333333333333333,0.0
0.15384615384615385,0.6153846153846154,0.23076923076923078,0.0
0.14285714285714285,0.6428571428571429,0.21428571428571427,0.0
0.19230769230769232,0.5769230769230769,0.19230769230769232,0.038461538461538464
0.2087912087912088,0.5494505494505495,0.1978021978021978,0.04395604395604396
0.2328767123287671,0.5136986301369864,0.19863013698630136,0.0547945205479452
0.22522522522522523,0.5180180180180181,0.18018018018018017,0.07657657657657657
0.2236024844720497,0.5062111801242236,0.17701863354037267,0.09316770186335403
0.22869955156950672,0.48654708520179374,0.17713004484304934,0.10762331838565023
0.23156089193825044,0.48198970840480276,0.1783876500857633,0.10806174957118353
0.22330097087378642,0.47572815533980584,0.18446601941747573,0.11650485436893204
0.2161547212741752,0.47440273037542663,0.19226393629124006,0.11717861205915814
0.21306818181818182,0.4744318181818182,0.19507575757575757,0.11742424242424243
0.20303756994404476,0.4812150279776179,0.1982414068745004,0.11750599520383694
0.19586206896551725,0.48482758620689653,0.20620689655172414,0.11310344827586206
0.1896969696969697,0.48545454545454547,0.21272727272727274,0.11212121212121212
0.18488308863512778,0.4855899945622621,0.21859706362153344,0.11092985318107668
0.17766749379652605,0.4878411910669975,0.2238213399503722,0.11066997518610422
0.17298797409805736,0.4856614246068455,0.22802960222016652,0.11332099907493062
0.17092511013215858,0.4814977973568282,0.23215859030837005,0.11541850220264317
0.1697228144989339,0.4788912579957356,0.23582089552238805,0.11556503198294243
0.1719269102990033,0.4750830564784053,0.23588039867109634,0.11710963455149502
0.1735234215885947,0.46924643584521386,0.23869653767820773,0.1185336048879837
0.1723859507468712,0.4679047234557933,0.23778764634638677,0.12192167945094873
0.1714171015656363,0.46688077077478923,0.23805700521878764,0.12364512244078683
0.1712,0.4648,0.2368,0.1272
0.1724,0.4652,0.2356,0.1268
0.1724,0.464,0.2344,0.1292
0.1724,0.4616,0.2348,0.1312
0.174,0.456,0.2352,0.1348
0.1756,0.452,0.2372,0.1352
0.1748,0.45,0.238,0.1372
0.1752,0.4504,0.2372,0.1372
0.1744,0.4504,0.2364,0.1388
0.178,0.446,0.2352,0.1408
0.1788,0.4436,0.2368,0.1408
0.182,0.4412,0.2348,0.142
0.182,0.44,0.2348,0.1432
0.184,0.4368,0.2352,0.144
0.1844,0.4352,0.2368,0.1436
0.184,0.4348,0.2368,0.1444
0.1856,0.4336,0.2372,0.1436
0.1864,0.43,0.2388,0.1448
0.1876,0.4288,0.2384,0.1452
0.1884,0.4276,0.2372,0.1468
0.1888,0.4232,0.2388,0.1492
0.19,0.4224,0.2384,0.1492
0.19,0.42,0.2392,0.1508
0.1904,0.4176,0.2408,0.1512
0.1912,0.4176,0.2404,0.1508
0.1904,0.4184,0.2412,0.15
0.1924,0.4176,0.2404,0.1496
0.1924,0.4164,0.2416,0.1496
0.1932,0.412,0.2424,0.1524
0.1956,0.4084,0.2432,0.1528
0.1968,0.4072,0.2432,0.1528
0.1976,0.4056,0.2432,0.1536
0.1976,0.4028,0.2456,0.154
0.1972,0.4008,0.2472,0.1548
0.1976,0.4008,0.2452,0.1564
0.2,0.398,0.2456,0.1564
0.2008,0.392,0.2496,0.1576
0.204,0.3904,0.248,0.1576
0.204,0.3896,0.248,0.1584
0.2052,0.3884,0.248,0.1584
0.2052,0.388,0.2468,0.16
0.206,0.3864,0.2472,0.1604
0.2068,0.3864,0.246,0.1608
0.2092,0.3844,0.2468,0.1596
0.2096,0.3808,0.2488,0.1608
0.2108,0.3796,0.2488,0.1608
0.2116,0.3768,0.2504,0.1612
0.2104,0.3756,0.2508,0.1632
0.2092,0.3752,0.2512,0.1644
0.2124,0.3748,0.2496,0.1632
0.2112,0.3744,0.2504,0.164
0.2104,0.3752,0.2492,0.1652
0.2112,0.374,0.2492,0.1656
0.2112,0.372,0.2492,0.1676
0.212,0.3704,0.2492,0.1684
0.212,0.3692,0.2488,0.17
0.2132,0.3692,0.2472,0.1704
0.2128,0.3672,0.2488,0.1712
0.2132,0.3664,0.25,0.1704
0.212,0.3664,0.2512,0.1704
0.2116,0.3648,0.2528,0.1708
0.2128,0.3632,0.2524,0.1716
0.214,0.362,0.2516,0.1724
0.2144,0.362,0.2524,0.1712
0.2164,0.3612,0.2524,0.17
0.2176,0.3608,0.2508,0.1708
0.2156,0.3624,0.2512,0.1708
0.2156,0.3632,0.2504,0.1708
0.2168,0.36,0.2512,0.172
0.2172,0.358,0.2512,0.1736
0.2168,0.3548,0.2516,0.1768
0.2176,0.3528,0.2512,0.1784
0.2188,0.352,0.2504,0.1788
0.2184,0.35,0.2504,0.1812
0.2188,0.3496,0.2512,0.1804
0.2188,0.348,0.2504,0.1828
0.2208,0.3464,0.2492,0.1836
0.2204,0.344,0.2504,0.1852
0.2216,0.344,0.248,0.1864
0.2216,0.344,0.2476,0.1868
0.2228,0.3432,0.2476,0.1864
0.2232,0.3412,0.2496,0.186
0.2228,0.342,0.2492,0.186
0.2228,0.3432,0.2504,0.1836
0.224,0.3424,0.2512,0.1824
0.2244,0.3416,0.2512,0.1828
0.224,0.3408,0.2524,0.1828
0.2248,0.3392,0.2536,0.1824
0.2252,0.3384,0.2524,0.184
0.2236,0.3376,0.2536,0.1852
0.2256,0.3372,0.2528,0.1844
0.2248,0.3348,0.254,0.1864
0.2244,0.3364,0.254,0.1852
0.226,0.3356,0.2524,0.186
0.2264,0.332,0.2532,0.1884
0.228,0.3304,0.2524,0.1892
0.2296,0.3288,0.252,0.1896
0.2312,0.3268,0.2528,0.1892
0.2324,0.3256,0.2516,0.1904
0.2328,0.3244,0.2524,0.1904
0.232,0.3232,0.2528,0.192
0.2336,0.3228,0.2528,0.1908
0.2336,0.3216,0.2524,0.1924
0.2328,0.3224,0.2528,0.192
0.2328,0.3208,0.2536,0.1928
0.2324,0.3204,0.252,0.1952
0.2308,0.3208,0.2512,0.1972
0.23,0.3208,0.2524,0.1968
0.2288,0.32,0.2524,0.1988
0.2292,0.3204,0.2528,0.1976
0.2292,0.3212,0.2516,0.198
0.2312,0.322,0.2492,0.1976
0.2312,0.3208,0.2496,0.1984
0.2332,0.3196,0.2496,0.1976
0.2328,0.3208,0.2484,0.198
0.2324,0.3208,0.2492,0.1976
0.2324,0.3196,0.2488,0.1992
0.2308,0.3216,0.2476,0.2
0.2324,0.3204,0.2484,0.1988
0.2328,0.3192,0.2476,0.2004
0.2316,0.3196,0.2488,0.2
0.2332,0.318,0.2496,0.1992
0.234,0.3168,0.2496,0.1996
0.2364,0.3136,0.2476,0.2024
0.2368,0.3124,0.2472,0.2036
0.2396,0.3124,0.2444,0.2036
0.2408,0.312,0.2432,0.204
0.2396,0.3132,0.242,0.2052
0.24,0.3108,0.2436,0.2056
0.2392,0.3088,0.2436,0.2084
0.238,0.3096,0.2444,0.208
0.2372,0.3104,0.2448,0.2076
0.238,0.3124,0.242,0.2076
0.2396,0.3112,0.2416,0.2076
0.2388,0.3112,0.2412,0.2088
0.2392,0.31,0.242,0.2088
0.2392,0.31,0.24,0.2108
0.24,0.3072,0.2408,0.212
0.2416,0.3052,0.2404,0.2128
0.24,0.3044,0.242,0.2136
0.2408,0.3032,0.2424,0.2136
0.24,0.3056,0.242,0.2124
0.2404,0.3032,0.2412,0.2152
0.2396,0.302,0.2416,0.2168
0.2416,0.3004,0.2416,0.2164
0.24,0.3008,0.2424,0.2168
0.24,0.3004,0.2416,0.218
0.2396,0.3008,0.242,0.2176
0.2412,0.3008,0.2412,0.2168
0.2416,0.3012,0.2408,0.2164
0.2428,0.3008,0.2408,0.2156
0.2432,0.2992,0.24,0.2176
0.2436,0.2976,0.2404,0.2184
0.2424,0.298,0.2408,0.2188
0.2428,0.2976,0.2404,0.2192
0.244,0.298,0.24,0.218
0.2448,0.2972,0.2388,0.2192
0.246,0.298,0.2384,0.2176
0.2452,0.2992,0.2384,0.2172
0.2468,0.2988,0.238,0.2164
0.246,0.2988,0.2376,0.2176
0.2472,0.298,0.2376,0.2172
0.248,0.2952,0.2384,0.2184
0.24929971988795518,0.2961184473789516,0.23809523809523808,0.21648659463785513
0.2488,0.2968,0.2368,0.2176
0.2476,0.2968,0.2392,0.2164
0.2472,0.2988,0.2376,0.2164
0.2476,0.2984,0.2372,0.2168
0.2468,0.3004,0.2364,0.2164
0.246,0.2992,0.238,0.2168
0.2424,0.3,0.2388,0.2188
0.2408,0.302,0.2376,0.2196
0.2396,0.304,0.236,0.2204
0.2392,0.3016,0.2364,0.2228
0.2396,0.2992,0.2404,0.2208
0.2408,0.298,0.2412,0.22
0.238,0.3008,0.2412,0.22
0.2392,0.3004,0.2408,0.2196
0.238,0.3016,0.2408,0.2196
0.238,0.3,0.2416,0.2204
0.236,0.3016,0.2424,0.22
0.2356,0.3012,0.244,0.2192
0.2376,0.2992,0.2444,0.2188
0.238,0.2984,0.2436,0.22
0.2368,0.2984,0.2416,0.2232
0.2372,0.2988,0.2396,0.2244
0.2388,0.2972,0.2404,0.2236
0.2392,0.2944,0.2416,0.2248
0.2412,0.2932,0.2432,0.2224
0.2404,0.294,0.2424,0.2232
0.2404,0.2932,0.2392,0.2272
0.2404,0.2928,0.24,0.2268
0.2412,0.2928,0.2384,0.2276
0.2404,0.294,0.2384,0.2272
0.2396,0.2936,0.2376,0.2292
0.2384,0.2936,0.2372,0.2308
0.2404,0.2896,0.2388,0.2312
0.2388,0.2908,0.24,0.2304
0.2404,0.292,0.2396,0.228
0.2416,0.292,0.2384,0.228
0.2396,0.2896,0.2412,0.2296
0.2396,0.2888,0.2416,0.23
0.2384,0.2884,0.2416,0.2316
0.2372,0.2904,0.2416,0.2308
0.2376,0.2892,0.2412,0.232
0.238,0.2896,0.2412,0.2312
0.2372,0.2876,0.2432,0.232
0.2368,0.2888,0.2416,0.2328
0.236,0.2868,0.2416,0.2356
0.236,0.286,0.2416,0.2364
0.2356,0.2876,0.2416,0.2352
0.2348,0.2872,0.2412,0.2368
0.2348,0.2856,0.242,0.2376
0.2356,0.2844,0.2432,0.2368
0.236,0.2828,0.2436,0.2376
0.2352,0.284,0.2432,0.2376
0.2368,0.2856,0.2404,0.2372
0.2368,0.2844,0.2412,0.2376
0.2364,0.2832,0.242,0.2384
0.238,0.2796,0.2424,0.24
0.2368,0.28,0.2424,0.2408
0.2356,0.2804,0.2436,0.2404
0.2356,0.2808,0.244,0.2396
0.236,0.2808,0.2456,0.2376
0.2364,0.2804,0.2464,0.2368
0.24,0.2808,0.2456,0.2336
0.2408,0.2796,0.246,0.2336
0.2408,0.2804,0.246,0.2328
0.2432,0.2784,0.2452,0.2332
0.244,0.278,0.2452,0.2328
0.2452,0.2776,0.2444,0.2328
0.2472,0.2744,0.2464,0.232
0.2484,0.274,0.2456,0.232
0.2472,0.2752,0.2468,0.2308
0.248,0.2732,0.248,0.2308
0.248,0.2728,0.2504,0.2288
0.2488,0.2728,0.2496,0.2288
0.2492,0.2748,0.2476,0.2284
0.2472,0.2772,0.2472,0.2284
0.2484,0.2772,0.246,0.2284
0.2464,0.2764,0.2496,0.2276
0.2488,0.276,0.2496,0.2256
0.25,0.274,0.2504,0.2256
0.2524,0.2744,0.2488,0.2244
0.2544,0.2744,0.2504,0.2208
0.2536,0.2748,0.252,0.2196
0.2552,0.2708,0.2528,0.2212
0.256,0.2696,0.252,0.2224
0.2564,0.2688,0.2508,0.224
0.2584,0.2688,0.25,0.2228
0.2588,0.2688,0.2488,0.2236
0.2588,0.2676,0.2496,0.224
0.2592,0.2692,0.2484,0.2232
0.2576,0.2708,0.2464,0.2252
0.258,0.2704,0.2468,0.2248
0.2576,0.2692,0.2488,0.2244
0.2588,0.2676,0.25,0.2236
0.2592,0.2672,0.2512,0.2224
0.2604,0.266,0.2516,0.222
0.2616,0.266,0.25,0.2224
0.2628,0.2668,0.25,0.2204
0.264,0.2668,0.2484,0.2208
0.2632,0.266,0.2476,0.2232
0.2624,0.2656,0.248,0.224
0.2632,0.266,0.2464,0.2244
0.2632,0.2656,0.2472,0.224
0.2612,0.2652,0.25,0.2236
0.2616,0.2648,0.252,0.2216
0.264,0.2656,0.2492,0.2212
0.2648,0.2636,0.25,0.2216
0.2644,0.2628,0.2504,0.2224
0.2636,0.2632,0.2508,0.2224
0.264,0.2616,0.2528,0.2216
0.264,0.2604,0.2532,0.2224
0.2644,0.2588,0.254,0.2228
0.266,0.2564,0.2532,0.2244
0.2684,0.2548,0.2528,0.224
0.2684,0.254,0.2544,0.2232
0.268,0.2552,0.2544,0.2224
0.2708,0.254,0.2536,0.2216
0.2712,0.2532,0.254,0.2216
0.2716,0.2524,0.254,0.222
0.2712,0.252,0.2552,0.2216
0.2712,0.2516,0.2556,0.2216
0.272,0.2496,0.2556,0.2228
0.2724,0.2472,0.2564,0.224
0.2744,0.246,0.258,0.2216
0.2736,0.2464,0.2584,0.2216
0.2764,0.246,0.2568,0.2208
0.2736,0.2468,0.2576,0.222
0.2716,0.2476,0.2592,0.2216
0.268,0.2488,0.2608,0.2224
0.268,0.2492,0.2616,0.2212
0.2672,0.2484,0.2632,0.2212
0.2672,0.2476,0.266,0.2192
0.2648,0.2476,0.2684,0.2192
0.2652,0.2472,0.266,0.2216
0.2676,0.2476,0.2636,0.2212
0.2692,0.246,0.2608,0.224
0.2688,0.2436,0.2616,0.226
0.2684,0.244,0.2608,0.2268
0.2692,0.2432,0.2592,0.2284
0.2684,0.2412,0.2608,0.2296
0.2684,0.2404,0.262,0.2292
0.2676,0.242,0.2608,0.2296
0.2668,0.2452,0.26,0.228
0.2684,0.2444,0.2572,0.23
0.2676,0.2444,0.2572,0.2308
0.2664,0.246,0.2572,0.2304
0.2672,0.2444,0.258,0.2304
0.2656,0.2456,0.258,0.2308
0.2648,0.246,0.258,0.2312
0.2656,0.2456,0.2584,0.2304
0.264,0.246,0.2592,0.2308
0.2628,0.2456,0.2592,0.2324
0.262,0.2448,0.258,0.2352
0.2612,0.244,0.2592,0.2356
0.26,0.2456,0.2584,0.236
0.2616,0.2464,0.2576,0.2344
0.2616,0.248,0.2556,0.2348
0.26,0.2484,0.2556,0.236
0.258,0.248,0.2552,0.2388
0.2572,0.248,0.256,0.2388
0.258,0.248,0.2548,0.2392
0.2572,0.248,0.2544,0.2404
0.256,0.2488,0.256,0.2392
0.2568,0.2476,0.2548,0.2408
0.2564,0.2488,0.2556,0.2392
0.2556,0.2484,0.2564,0.2396
0.2568,0.2472,0.2564,0.2396
0.2572,0.2472,0.2564,0.2392
0.2576,0.2468,0.256,0.2396
0.2584,0.246,0.2556,0.24
0.2584,0.2456,0.2552,0.2408
0.258,0.2464,0.2552,0.2404
0.2588,0.2444,0.2556,0.2412
0.2608,0.244,0.2552,0.24
0.2584,0.2428,0.2556,0.2432
0.2588,0.242,0.2576,0.2416
0.2604,0.2416,0.2576,0.2404
0.2592,0.2428,0.2592,0.2388
0.258,0.2424,0.2608,0.2388
0.256,0.2452,0.2604,0.2384
0.2544,0.244,0.2608,0.2408
0.2552,0.244,0.2604,0.2404
0.254,0.2456,0.2572,0.2432
0.254,0.2456,0.2576,0.2428
0.2556,0.246,0.2564,0.242
0.256,0.2452,0.2568,0.242
0.2544,0.2468,0.2572,0.2416
0.2544,0.2468,0.2572,0.2416
0.2564,0.2444,0.258,0.2412
0.2537014805922369,0.24649859943977592,0.25770308123249297,0.2420968387354942
0.2544,0.246,0.2556,0.244
0.2556,0.246,0.2536,0.2448
0.2556,0.2452,0.2552,0.244
0.2572,0.2464,0.254,0.2424
0.2568,0.2484,0.254,0.2408
0.2572,0.25,0.254,0.2388
0.2588,0.2492,0.2536,0.2384
0.2548,0.2508,0.2564,0.238
0.2556,0.2496,0.256,0.2388
0.2564,0.2512,0.2552,0.2372
0.2556,0.2524,0.2532,0.2388
0.2556,0.2528,0.2528,0.2388
0.2548,0.2532,0.2536,0.2384
0.254,0.2544,0.2544,0.2372
0.2552,0.2536,0.254,0.2372
0.256,0.254,0.254,0.236
0.2564,0.2532,0.2548,0.2356
0.2568,0.2548,0.2536,0.2348
0.256,0.2564,0.2528,0.2348
0.2576,0.256,0.2524,0.234
0.2564,0.2564,0.2528,0.2344
0.2552,0.2584,0.2512,0.2352
0.2532,0.256,0.2532,0.2376
0.2548,0.2552,0.2528,0.2372
0.256,0.254,0.254,0.236
0.2552,0.2552,0.2536,0.236
0.2548,0.2564,0.2552,0.2336
0.2548,0.2556,0.2552,0.2344
0.256,0.2548,0.2552,0.234
0.2552,0.2544,0.2552,0.2352
0.2532,0.2556,0.2556,0.2356
0.2516,0.256,0.2548,0.2376
0.252,0.2564,0.2544,0.2372
0.2504,0.2564,0.254,0.2392
0.2508,0.2572,0.2528,0.2392
0.252,0.2572,0.2516,0.2392
0.2516,0.2576,0.2532,0.2376
0.2532,0.258,0.2516,0.2372
0.252,0.258,0.2512,0.2388
0.2544,0.256,0.2496,0.24
0.2552,0.2556,0.2488,0.2404
0.2528,0.2556,0.2508,0.2408
0.254,0.256,0.2492,0.2408
0.2548,0.2532,0.2484,0.2436
0.2556,0.254,0.2464,0.244
0.2568,0.2544,0.246,0.2428
0.2556,0.256,0.2444,0.244
0.2556,0.2568,0.2444,0.2432
0.2552,0.2548,0.2448,0.2452
0.256,0.2536,0.2448,0.2456
0.2552,0.252,0.246,0.2468
0.2548,0.252,0.2452,0.248
0.2564,0.2492,0.2472,0.2472
0.2564,0.2476,0.248,0.248
0.2564,0.248,0.248,0.2476
0.258,0.2464,0.2492,0.2464
0.2592,0.2436,0.2504,0.2468
0.2604,0.2428,0.2496,0.2472
0.2596,0.244,0.2504,0.246
0.2604,0.2444,0.25,0.2452
0.26,0.2448,0.2488,0.2464
0.2608,0.2464,0.2504,0.2424
0.2604,0.2468,0.25,0.2428
0.26,0.248,0.2488,0.2432
0.2604,0.248,0.248,0.2436
0.262,0.2472,0.248,0.2428
0.262,0.2484,0.2472,0.2424
0.2616,0.2476,0.2488,0.242
0.262,0.2492,0.2476,0.2412
0.2632,0.2496,0.246,0.2412
0.2616,0.2508,0.246,0.2416
0.2608,0.2504,0.2488,0.24
0.2604,0.25,0.2492,0.2404
0.2572,0.2488,0.2516,0.2424
0.2584,0.2492,0.2496,0.2428
0.26,0.2452,0.2508,0.244
0.26,0.2456,0.2496,0.2448
0.2592,0.2456,0.2508,0.2444
0.2572,0.2472,0.2516,0.244
0.2576,0.2468,0.2516,0.244
0.2572,0.2476,0.2516,0.2436
0.2584,0.2472,0.2508,0.2436
0.2596,0.2484,0.2488,0.2432
0.2592,0.248,0.248,0.2448
0.2568,0.2496,0.2484,0.2452
0.256,0.2508,0.2472,0.246
0.2568,0.2496,0.2468,0.2468
0.2568,0.2488,0.248,0.2464
0.2552,0.2488,0.2488,0.2472
0.2553021208483393,0.24969987995198079,0.24889955982392958,0.2460984393757503
0.2552,0.2492,0.2504,0.2452
0.256,0.25,0.2496,0.2444
0.2552,0.2488,0.2512,0.2448
0.2572,0.2488,0.2464,0.2476
0.2564,0.2496,0.2464,0.2476
0.2568,0.2492,0.2464,0.2476
0.256,0.2492,0.2468,0.248
0.2568,0.248,0.248,0.2472
0.2568,0.2492,0.2496,0.2444
0.2576,0.2504,0.2496,0.2424
0.2592,0.2508,0.25,0.24
0.2576,0.2508,0.2504,0.2412
0.258,0.2512,0.2504,0.2404
0.2588,0.2504,0.2496,0.2412
0.2584,0.2512,0.2488,0.2416
0.2584,0.2524,0.2472,0.242
0.2584,0.2528,0.2456,0.2432
0.2584,0.254,0.2456,0.242
0.2616,0.2532,0.2444,0.2408
0.2596,0.2544,0.2468,0.2392
0.2596,0.2552,0.248,0.2372
0.2592,0.258,0.248,0.2348
0.2596,0.2584,0.2476,0.2344
0.2572,0.26,0.2476,0.2352
0.2596,0.26,0.246,0.2344
0.2608,0.2588,0.246,0.2344
0.26,0.2604,0.2456,0.234
0.2576,0.2616,0.2448,0.236
0.258,0.2612,0.2448,0.236
0.2584,0.2592,0.248,0.2344
0.2576,0.2592,0.2488,0.2344
0.2572,0.2576,0.2496,0.2356
0.2592,0.258,0.2508,0.232
0.2601040416166467,0.25690276110444177,0.25090036014405764,0.23209283713485393
0.2616,0.2564,0.2504,0.2316
0.262,0.2548,0.2504,0.2328
0.2608,0.254,0.2512,0.234
0.2596,0.2536,0.2516,0.2352
0.2588,0.2548,0.2508,0.2356
0.2584,0.256,0.2492,0.2364
0.2576,0.2588,0.2484,0.2352
0.2588,0.2572,0.2472,0.2368
0.258,0.2576,0.2456,0.2388
0.2556,0.2584,0.246,0.24
0.2572,0.2592,0.2448,0.2388
0.2572,0.26,0.2448,0.238
0.2596,0.2584,0.2452,0.2368
0.2604,0.2576,0.2456,0.2364
0.2612,0.2576,0.2456,0.2356
0.2588,0.2568,0.246,0.2384
0.2592,0.2576,0.246,0.2372
0.262,0.2548,0.2448,0.2384
0.262,0.2544,0.2428,0.2408
0.2612,0.256,0.242,0.2408
0.2592,0.256,0.2416,0.2432
0.2592,0.256,0.2412,0.2436
0.2596,0.2572,0.2408,0.2424
0.258,0.256,0.2408,0.2452
0.2608,0.2568,0.2404,0.242
0.2604,0.256,0.2392,0.2444
0.2612,0.2552,0.24,0.2436
0.2644,0.2528,0.2376,0.2452
0.2644,0.2528,0.238,0.2448
0.2644,0.2532,0.2384,0.244
0.2657062825130052,0.2501000400160064,0.23969587835134054,0.24449779911964786
0.2644,0.252,0.2388,0.2448
0.2632,0.2532,0.2384,0.2452
0.2636,0.2524,0.236,0.248
0.2632,0.252,0.2372,0.2476
0.26330532212885155,0.2533013205282113,0.2344937975190076,0.24889955982392958
0.2632,0.2532,0.2348,0.2488
0.2624,0.2536,0.2348,0.2492
0.2612,0.2536,0.2364,0.2488
0.2616,0.2536,0.2384,0.2464
0.26,0.2552,0.238,0.2468
0.2584,0.2552,0.2388,0.2476
0.258,0.254,0.24,0.248
0.2584,0.2548,0.24,0.2468
0.258,0.2552,0.2396,0.2472
0.25610244097639057,0.2541016406562625,0.2420968387354942,0.24769907963185275
0.256,0.2548,0.2428,0.2464
0.2576,0.2532,0.2424,0.2468
0.2588,0.2548,0.2424,0.244
0.258,0.2536,0.2448,0.2436
0.2588,0.2536,0.2444,0.2432
0.2584,0.2544,0.242,0.2452
0.2576,0.252,0.2436,0.2468
0.2592,0.2488,0.2428,0.2492
0.258,0.2492,0.2416,0.2512
0.2588,0.2476,0.2424,0.2512
0.2592,0.248,0.2412,0.2516
0.26,0.248,0.2408,0.2512
0.2608,0.2484,0.2408,0.25
0.26,0.2476,0.2432,0.2492
0.2604,0.2472,0.2444,0.248
0.2596,0.248,0.2448,0.2476
0.2608,0.2476,0.2452,0.2464
0.262,0.2484,0.2444,0.2452
0.2616,0.2468,0.246,0.2456
0.2616,0.2464,0.2444,0.2476
0.262,0.2464,0.2436,0.248
0.2628,0.2496,0.2408,0.2468
0.2632,0.252,0.2396,0.2452
0.2636,0.2508,0.2396,0.246
0.264,0.25,0.24,0.246
0.2644,0.2504,0.2392,0.246
0.2628,0.2496,0.2404,0.2472
0.2632,0.2508,0.2384,0.2476
0.2636,0.2504,0.238,0.248
0.2648,0.2512,0.2364,0.2476
0.264,0.2508,0.2372,0.248
0.2644,0.2512,0.2364,0.248
0.2656,0.2508,0.2348,0.2488
0.268,0.2492,0.2328,0.25
0.2668,0.248,0.2336,0.2516
0.2656,0.2476,0.2356,0.2512
0.266,0.2476,0.2344,0.252
0.2664,0.2484,0.2324,0.2528
0.2664,0.2484,0.2332,0.252
0.2664,0.2472,0.2344,0.252
0.264,0.2468,0.2356,0.2536
0.264,0.2472,0.2368,0.252
0.2644,0.246,0.2368,0.2528
0.2636,0.2508,0.2368,0.2488
0.2652,0.25,0.2368,0.248
0.264,0.2504,0.2388,0.2468
0.2636,0.25,0.2392,0.2472
0.264,0.2512,0.2372,0.2476
0.2648,0.2516,0.2352,0.2484
0.2624,0.2544,0.234,0.2492
0.2616,0.2552,0.2328,0.2504
0.2608,0.2552,0.2332,0.2508
0.2624,0.2548,0.2324,0.2504
0.2624,0.2564,0.232,0.2492
0.2624,0.2556,0.232,0.25
0.2612,0.256,0.2324,0.2504
0.2612,0.254,0.2344,0.2504
0.2628,0.254,0.2336,0.2496
0.264,0.2532,0.2336,0.2492
0.2636,0.252,0.2348,0.2496
0.2616,0.2528,0.2364,0.2492
0.262,0.252,0.238,0.248
0.262,0.252,0.238,0.248
0.2616,0.2516,0.2384,0.2484
0.2596,0.252,0.24,0.2484
0.258,0.2512,0.2416,0.2492
0.2576,0.252,0.2416,0.2488
0.2576,0.2512,0.2432,0.248
0.25690276110444177,0.25130052020808324,0.24369747899159663,0.24809923969587835
0.2572,0.2492,0.2432,0.2504
0.2588,0.25,0.244,0.2472
0.26,0.2488,0.2448,0.2464
0.26,0.2484,0.2448,0.2468
0.2584,0.2492,0.2452,0.2472
0.2584,0.2488,0.2448,0.248
0.2604,0.2476,0.2464,0.2456
0.2604,0.2476,0.2484,0.2436
0.2592,0.2496,0.248,0.2432
0.2596,0.2484,0.2488,0.2432
0.2572,0.2496,0.2488,0.2444
0.258,0.2496,0.2456,0.2468
0.2588,0.2504,0.2452,0.2456
0.258,0.2512,0.246,0.2448
0.2596,0.2512,0.2448,0.2444
0.2592,0.2504,0.2456,0.2448
0.258,0.2488,0.2472,0.246
0.2576,0.248,0.2472,0.2472
0.2576,0.2484,0.2456,0.2484
0.2572,0.2492,0.2444,0.2492
0.2576,0.2472,0.2428,0.2524
0.2568,0.248,0.2424,0.2528
0.256,0.248,0.2416,0.2544
0.2532,0.2516,0.2412,0.254
0.2524,0.2536,0.2412,0.2528
0.2552,0.252,0.2384,0.2544
0.2568,0.2488,0.2408,0.2536
0.2568,0.2492,0.2408,0.2532
0.2568,0.2504,0.2408,0.252
0.256,0.2504,0.2404,0.2532
0.2576,0.2496,0.24,0.2528
0.2596,0.2492,0.2392,0.252
0.26,0.25,0.238,0.252
0.2588,0.25,0.2384,0.2528
0.258,0.2504,0.238,0.2536
0.2588,0.2492,0.2392,0.2528
0.2576,0.2496,0.2404,0.2524
0.2564,0.2508,0.2412,0.2516
0.2568,0.2512,0.2412,0.2508
0.2572,0.2512,0.2404,0.2512
0.2568,0.2504,0.2408,0.252
0.2568,0.2488,0.2416,0.2528
0.2564,0.2488,0.2432,0.2516
0.2584,0.2492,0.2432,0.2492
0.2564,0.2488,0.246,0.2488
0.2564,0.248,0.2456,0.25
0.2552,0.248,0.246,0.2508
0.2564,0.248,0.2452,0.2504
0.2568,0.248,0.2456,0.2496
0.2564,0.2492,0.246,0.2484
0.256,0.248,0.2476,0.2484
0.2564,0.2476,0.2476,0.2484
0.2556,0.248,0.248,0.2484
0.2556,0.2492,0.248,0.2472
0.2548,0.2504,0.2464,0.2484
0.2552,0.2516,0.2456,0.2476
0.256,0.2524,0.2444,0.2472
0.2544,0.2508,0.2468,0.248
0.2548,0.2488,0.2484,0.248
0.2568,0.2488,0.2464,0.248
0.2576,0.2472,0.2464,0.2488
0.2572,0.2468,0.2484,0.2476
0.2568,0.248,0.2464,0.2488
0.2564,0.2488,0.2464,0.2484
0.2544,0.2512,0.2464,0.248
0.2532,0.2516,0.2484,0.2468
0.2508,0.2532,0.2488,0.2472
0.25,0.2528,0.2484,0.2488
0.2516,0.252,0.2468,0.2496
0.252,0.2484,0.2492,0.2504
0.2524,0.2472,0.25,0.2504
0.2528,0.2468,0.248,0.2524
0.2508,0.248,0.2476,0.2536
0.2524,0.2488,0.2464,0.2524
0.2524,0.2484,0.2476,0.2516
0.2544,0.2484,0.2468,0.2504
0.2524,0.2496,0.2468,0.2512
0.2536,0.2492,0.2468,0.2504
0.2516,0.2492,0.246,0.2532
0.2532,0.248,0.2448,0.254
0.2536,0.2472,0.2452,0.254
0.2532,0.2492,0.2448,0.2528
0.2528,0.25,0.2464,0.2508
0.2528,0.2512,0.2464,0.2496
0.2528,0.2512,0.248,0.248
0.254,0.252,0.246,0.248
0.2544,0.252,0.244,0.2496
0.2524,0.2528,0.2432,0.2516
0.2528,0.252,0.244,0.2512
0.2524,0.2512,0.2432,0.2532
0.2512,0.2512,0.2436,0.254
0.2532,0.252,0.2424,0.2524
0.2512,0.2524,0.2428,0.2536
0.2508,0.2508,0.242,0.2564
0.2504,0.2512,0.242,0.2564
0.2484,0.2536,0.2404,0.2576
0.2484,0.2544,0.2396,0.2576
0.2484,0.2564,0.2376,0.2576
0.248,0.256,0.2376,0.2584
0.2492,0.2564,0.2364,0.258
0.2496,0.2576,0.2376,0.2552
0.2496,0.2576,0.2388,0.254
0.2496,0.26,0.2388,0.2516
0.2496,0.2584,0.24,0.252
0.25,0.2588,0.2396,0.2516
0.2492,0.26,0.2392,0.2516
0.2508,0.2584,0.2392,0.2516
0.2508,0.2592,0.2388,0.2512
0.2524,0.2564,0.24,0.2512
0.2516,0.2604,0.2372,0.2508
0.2504,0.2604,0.238,0.2512
0.2516,0.262,0.2368,0.2496
0.2512,0.2612,0.2384,0.2492
0.2508,0.26,0.2416,0.2476
0.252,0.2596,0.2412,0.2472
0.2528,0.2576,0.2408,0.2488
0.256,0.2552,0.2408,0.248
0.256,0.2576,0.2416,0.2448
0.2556,0.2588,0.242,0.2436
0.2548,0.2572,0.2436,0.2444
0.254,0.258,0.244,0.244
0.254,0.2592,0.2444,0.2424
0.2544,0.2596,0.2452,0.2408
0.2524,0.2592,0.248,0.2404
0.2516,0.26,0.248,0.2404
0.2516,0.2584,0.248,0.242
0.2524,0.256,0.2492,0.2424
0.254,0.2556,0.248,0.2424
0.2552,0.254,0.2496,0.2412
0.2536,0.2548,0.2488,0.2428
0.254,0.2556,0.2488,0.2416
0.2536,0.2548,0.2496,0.242
0.2524,0.256,0.2512,0.2404
0.2532,0.256,0.25,0.2408
0.2528,0.2568,0.2488,0.2416
0.254,0.2572,0.2472,0.2416
0.2556,0.2584,0.2464,0.2396
0.2552,0.2596,0.2456,0.2396
0.2572,0.2576,0.246,0.2392
0.2568,0.258,0.2452,0.24
0.2548,0.2588,0.2452,0.2412
0.2564,0.258,0.244,0.2416
0.2572,0.2576,0.2436,0.2416
0.2596,0.256,0.2448,0.2396
0.2596,0.2568,0.2444,0.2392
0.2596,0.2572,0.2456,0.2376
0.2608,0.2588,0.2448,0.2356
0.2608,0.2596,0.2444,0.2352
0.2576,0.2612,0.2448,0.2364
0.2556,0.262,0.2448,0.2376
0.256,0.2636,0.2436,0.2368
0.2552,0.2652,0.244,0.2356
0.2544,0.2648,0.2444,0.2364
0.2544,0.2668,0.2432,0.2356
0.2544,0.266,0.2432,0.2364
0.2536,0.2668,0.2432,0.2364
0.2544,0.2656,0.2444,0.2356
0.2544,0.2652,0.2448,0.2356
0.2572,0.2628,0.2436,0.2364
0.2572,0.2644,0.2412,0.2372
0.2568,0.264,0.2412,0.238
0.2556,0.2648,0.2424,0.2372
0.2552,0.266,0.2424,0.2364
0.2564,0.2664,0.2408,0.2364
0.2568,0.2664,0.24,0.2368
0.258,0.266,0.2404,0.2356
0.2572,0.2672,0.2404,0.2352
0.2552,0.2684,0.2404,0.236
0.2564,0.2704,0.24,0.2332
0.254,0.2724,0.2416,0.232
0.2548,0.272,0.2432,0.23
0.2548,0.2708,0.2424,0.232
0.2564,0.268,0.244,0.2316
0.2552,0.2696,0.2432,0.232
0.2556,0.2696,0.2448,0.23
0.2544,0.2712,0.246,0.2284
0.2544,0.272,0.2484,0.2252
0.2524,0.274,0.2484,0.2252
0.2524,0.272,0.2492,0.2264
0.2524,0.2724,0.2496,0.2256
0.252,0.2744,0.2484,0.2252
0.252,0.274,0.2468,0.2272
0.252,0.2736,0.248,0.2264
0.2528,0.2712,0.2496,0.2264
0.252,0.272,0.2488,0.2272
0.25,0.2728,0.2484,0.2288
0.2508,0.272,0.248,0.2292
0.2512,0.2712,0.2492,0.2284
0.252,0.272,0.2468,0.2292
0.2528,0.272,0.244,0.2312
0.2532,0.2704,0.244,0.2324
0.2548,0.2716,0.2424,0.2312
0.2528,0.2712,0.2436,0.2324
0.2548,0.2704,0.2428,0.232
0.2572,0.2704,0.2408,0.2316
0.2588,0.2692,0.2412,0.2308
0.2608,0.2688,0.2408,0.2296
0.2608,0.2688,0.2408,0.2296
0.2632,0.2684,0.2404,0.228
0.2632,0.268,0.2396,0.2292
0.2636,0.268,0.2384,0.23
0.2632,0.2664,0.2392,0.2312
0.2656,0.2664,0.2388,0.2292
0.2672,0.2636,0.2384,0.2308
0.2652,0.2664,0.238,0.2304
0.2644,0.268,0.2396,0.228
0.2652,0.2664,0.2424,0.226
0.2652,0.268,0.2424,0.2244
0.2652,0.2672,0.2436,0.224
0.2652,0.2664,0.244,0.2244
0.2668,0.2644,0.2452,0.2236
0.268,0.2652,0.2444,0.2224
0.2688,0.2656,0.244,0.2216
0.268,0.2664,0.2436,0.222
0.268,0.2652,0.2444,0.2224
0.27,0.2628,0.244,0.2232
0.2692,0.2628,0.2428,0.2252
0.2704,0.2624,0.2416,0.2256
0.2696,0.2644,0.2392,0.2268
0.2692,0.2652,0.238,0.2276
0.2688,0.2636,0.24,0.2276
0.2696,0.2616,0.2404,0.2284
0.2688,0.2608,0.2404,0.23
0.2688,0.2588,0.2428,0.2296
0.2696,0.2596,0.2428,0.228
0.2708,0.2592,0.2436,0.2264
0.2708,0.2588,0.244,0.2264
0.272,0.2568,0.2424,0.2288
0.2728,0.2576,0.2416,0.228
0.2724,0.2576,0.2412,0.2288
0.2712,0.2568,0.2424,0.2296
0.2708,0.2556,0.2424,0.2312
0.2708,0.2528,0.2444,0.232
0.2724,0.2516,0.2424,0.2336
0.2716,0.2504,0.2444,0.2336
0.2704,0.2508,0.2452,0.2336
0.2688,0.252,0.2468,0.2324
0.2688,0.2524,0.2468,0.232
0.27,0.2524,0.2476,0.23
0.2692,0.252,0.246,0.2328
0.2668,0.252,0.2468,0.2344
0.266,0.2496,0.25,0.2344
0.2676,0.2484,0.2496,0.2344
0.2664,0.2488,0.2484,0.2364
0.2656,0.25,0.2476,0.2368
0.2652,0.2516,0.2456,0.2376
0.2668,0.2496,0.2468,0.2368
0.266,0.2496,0.2476,0.2368
0.2648,0.2508,0.2488,0.2356
0.266,0.2472,0.2504,0.2364
0.2644,0.2476,0.2512,0.2368
0.2648,0.2476,0.2508,0.2368
0.2652,0.2464,0.2504,0.238
0.2644,0.2452,0.2516,0.2388
0.2632,0.2456,0.2512,0.24
0.2624,0.2456,0.2508,0.2412
0.2612,0.2452,0.2504,0.2432
0.2612,0.2468,0.2492,0.2428
0.2612,0.2484,0.248,0.2424
0.2628,0.2468,0.248,0.2424
0.262,0.2472,0.2476,0.2432
0.2648,0.246,0.2464,0.2428
0.2636,0.246,0.2468,0.2436
0.2644,0.2456,0.2452,0.2448
0.266,0.2448,0.2464,0.2428
0.266,0.2464,0.2464,0.2412
0.2648,0.2452,0.2464,0.2436
0.2648,0.2456,0.2464,0.2432
0.2656,0.2448,0.2456,0.244
0.2648,0.2444,0.2456,0.2452
0.264,0.2444,0.2452,0.2464
0.2636,0.2424,0.2476,0.2464
0.26450580232092835,0.2420968387354942,0.24769907963185275,0.2456982793117247
0.2632,0.244,0.2464,0.2464
0.2636,0.244,0.2464,0.246
0.2632,0.2448,0.2472,0.2448
0.2628,0.246,0.2488,0.2424
0.2632,0.2464,0.2488,0.2416
0.2656,0.2464,0.2488,0.2392
0.2668,0.246,0.2488,0.2384
0.2652,0.2456,0.2496,0.2396
0.2652,0.2444,0.2496,0.2408
0.264,0.242,0.2512,0.2428
0.264,0.2404,0.2528,0.2428
0.2636,0.2416,0.2532,0.2416
0.2652,0.2408,0.2516,0.2424
0.2665066026410564,0.2388955582232893,0.25170068027210885,0.24289715886354543
0.2648,0.2388,0.2536,0.2428
0.2648,0.2392,0.2552,0.2408
0.266,0.2388,0.256,0.2392
0.2656,0.24,0.2564,0.238
0.2664,0.24,0.2572,0.2364
0.2652,0.2404,0.2564,0.238
0.2632,0.2408,0.2552,0.2408
0.2664,0.238,0.2572,0.2384
0.2684,0.2384,0.2556,0.2376
0.268,0.2388,0.2564,0.2368
0.268,0.2392,0.2552,0.2376
0.2684,0.2388,0.2544,0.2384
0.2712,0.2376,0.2536,0.2376
0.2708,0.2372,0.2528,0.2392
0.2708,0.2352,0.254,0.24
0.2708,0.236,0.2524,0.2408
0.272,0.2352,0.2512,0.2416
0.2716,0.2336,0.2536,0.2412
0.2712,0.2336,0.2536,0.2416
0.2704,0.2344,0.2536,0.2416
0.27,0.2336,0.254,0.2424
0.2712,0.2332,0.254,0.2416
0.2732,0.2332,0.252,0.2416
0.2732,0.2328,0.252,0.242
0.2736,0.2316,0.254,0.2408
0.2724,0.2332,0.2544,0.24
0.2704,0.2312,0.2572,0.2412
0.2696,0.2304,0.258,0.242
0.2692,0.232,0.2572,0.2416
0.2672,0.236,0.2544,0.2424
0.2668,0.2352,0.2548,0.2432
0.2672,0.2364,0.2548,0.2416
0.2664,0.236,0.2564,0.2412
0.2652,0.2356,0.2556,0.2436
0.266,0.2348,0.2548,0.2444
0.266,0.2328,0.2564,0.2448
0.2664,0.2316,0.256,0.246
0.2664,0.2316,0.258,0.244
0.2672,0.2296,0.2592,0.244
0.2684,0.2312,0.2568,0.2436
0.268,0.2304,0.2556,0.246
0.264905962384954,0.23209283713485393,0.2549019607843137,0.24809923969587835
0.264,0.2324,0.2576,0.246
0.26450580232092835,0.23209283713485393,0.2585034013605442,0.24489795918367346
0.2632,0.2328,0.2588,0.2452
0.2632,0.2312,0.2612,0.2444
0.262,0.232,0.2604,0.2456
0.2616,0.2316,0.2612,0.2456
0.2628,0.232,0.2604,0.2448
0.2624,0.2312,0.2604,0.246
0.2632,0.2308,0.2604,0.2456
0.2628,0.2336,0.26,0.2436
0.2628,0.234,0.26,0.2432
0.2636,0.2332,0.2608,0.2424
0.2624,0.2336,0.2608,0.2432
0.2616,0.2336,0.262,0.2428
0.26,0.2336,0.2616,0.2448
0.2608,0.2344,0.2608,0.244
0.2608,0.2352,0.2592,0.2448
0.2588,0.2376,0.2588,0.2448
0.2588,0.2392,0.2592,0.2428
0.2576,0.2396,0.262,0.2408
0.258,0.2408,0.26,0.2412
0.2592,0.2404,0.2604,0.24
0.2584,0.2404,0.2604,0.2408
0.2608,0.2384,0.2612,0.2396
0.2604,0.2424,0.2616,0.2356
0.2592,0.2428,0.2608,0.2372
0.2588,0.242,0.2628,0.2364
0.258,0.2424,0.2592,0.2404
0.26,0.2416,0.2576,0.2408
0.2604,0.2416,0.26,0.238
0.2592,0.244,0.2584,0.2384
0.2584,0.2424,0.2596,0.2396
0.2564,0.246,0.2584,0.2392
0.2572,0.246,0.2584,0.2384
0.2568,0.2464,0.2588,0.238
0.2568,0.248,0.256,0.2392
0.2552,0.246,0.2564,0.2424
0.2532,0.2476,0.2564,0.2428
0.2536,0.2484,0.256,0.242
0.2536,0.248,0.256,0.2424
0.2536,0.2492,0.2552,0.242
0.2532,0.2504,0.2556,0.2408
0.2536,0.25,0.2548,0.2416
0.2524,0.2512,0.2536,0.2428
0.2524,0.2508,0.2536,0.2432
0.2544,0.25,0.2528,0.2428
0.2576,0.2484,0.2536,0.2404
0.258,0.2472,0.2544,0.2404
0.258,0.2468,0.254,0.2412
0.2588,0.2464,0.2532,0.2416
0.2588,0.244,0.2536,0.2436
0.2584,0.244,0.2536,0.244
0.2584,0.242,0.254,0.2456
0.2592,0.242,0.2544,0.2444
0.2592,0.2424,0.2532,0.2452
0.2584,0.2436,0.252,0.246
0.2572,0.2448,0.252,0.246
0.2584,0.2464,0.2508,0.2444
0.2572,0.2472,0.2524,0.2432
0.256,0.2476,0.2528,0.2436
0.2584,0.248,0.2504,0.2432
0.258,0.2484,0.2512,0.2424
0.2576,0.2464,0.2504,0.2456
0.2576,0.2452,0.2496,0.2476
0.2576,0.246,0.248,0.2484
0.2572,0.2444,0.2484,0.25
0.2564,0.246,0.2468,0.2508
0.258,0.2456,0.2444,0.252
0.2572,0.246,0.2444,0.2524
0.2564,0.2444,0.246,0.2532
0.2572,0.2424,0.246,0.2544
0.258,0.2424,0.2468,0.2528
0.2576,0.2428,0.2464,0.2532
0.2552,0.2428,0.2472,0.2548
0.2548,0.2428,0.2472,0.2552
0.2556,0.2432,0.2468,0.2544
0.254,0.2444,0.2476,0.254
0.2548,0.2444,0.2484,0.2524
0.2548,0.2448,0.2484,0.252
0.2564,0.246,0.2464,0.2512
0.258,0.2452,0.2456,0.2512
0.2588,0.246,0.2456,0.2496
0.2572,0.2452,0.2448,0.2528
0.2576,0.244,0.2444,0.254
0.258,0.2444,0.2424,0.2552
0.256,0.246,0.2432,0.2548
0.2572,0.2456,0.2428,0.2544
0.2564,0.2452,0.244,0.2544
0.2568,0.2428,0.246,0.2544
0.2612,0.2412,0.2432,0.2544
0.2616,0.242,0.2416,0.2548
0.2604,0.242,0.2436,0.254
0.26,0.2428,0.2436,0.2536
0.2604,0.244,0.2428,0.2528
0.2616,0.2456,0.24,0.2528
0.2616,0.2452,0.24,0.2532
0.2596,0.246,0.242,0.2524
0.2584,0.2456,0.242,0.254
0.2576,0.2464,0.2412,0.2548
0.258,0.2468,0.2416,0.2536
0.2564,0.2476,0.2456,0.2504
0.2552,0.2484,0.2436,0.2528
0.2564,0.2476,0.2428,0.2532
0.25610244097639057,0.24849939975990396,0.24289715886354543,0.25250100040016005
0.2556,0.2496,0.2428,0.252
0.2536,0.2496,0.2432,0.2536
0.2524,0.2512,0.2436,0.2528
0.2524,0.2512,0.2432,0.2532
0.2524,0.25,0.2436,0.254
0.2496,0.2528,0.2436,0.254
0.25,0.2532,0.2436,0.2532
0.2488,0.2548,0.2432,0.2532
0.2496,0.2552,0.2436,0.2516
0.25,0.2556,0.2428,0.2516
0.2492,0.2584,0.242,0.2504
0.2484,0.2596,0.2404,0.2516
0.248,0.2596,0.2404,0.252
0.2472,0.2612,0.2392,0.2524
0.2472,0.262,0.2392,0.2516
0.2484,0.2604,0.24,0.2512
0.2488,0.2584,0.2416,0.2512
0.2472,0.2592,0.242,0.2516
0.2464,0.2604,0.2412,0.252
0.2452,0.2628,0.2416,0.2504
0.2444,0.2632,0.2432,0.2492
0.2456,0.2612,0.2428,0.2504
0.2468,0.2596,0.2428,0.2508
0.246,0.2612,0.2424,0.2504
0.244,0.2612,0.244,0.2508
0.2432,0.2624,0.2448,0.2496
0.2444,0.2636,0.2432,0.2488
0.242,0.2636,0.2448,0.2496
0.2396,0.2652,0.2444,0.2508
0.2404,0.2652,0.2436,0.2508
0.2416,0.266,0.2424,0.25
0.2412,0.268,0.2432,0.2476
0.2424,0.2668,0.2428,0.248
0.2416,0.2676,0.2432,0.2476
0.242,0.2676,0.2436,0.2468
0.2424,0.2676,0.2408,0.2492
0.2416,0.2672,0.2432,0.248
0.2432,0.2668,0.2432,0.2468
0.2428,0.2664,0.2424,0.2484
0.2444,0.2644,0.2432,0.248
0.2472,0.266,0.2384,0.2484
0.2472,0.2676,0.2376,0.2476
0.2464,0.2676,0.2384,0.2476
0.2468,0.2684,0.2364,0.2484
0.2484,0.2692,0.2348,0.2476
0.246,0.2712,0.2348,0.248
0.2448,0.2708,0.236,0.2484
0.2452,0.2712,0.2356,0.248
0.2456,0.272,0.2352,0.2472
0.246,0.2716,0.2348,0.2476
0.2464,0.2708,0.2356,0.2472
0.2484,0.2704,0.2344,0.2468
0.2508,0.2664,0.2352,0.2476
0.2496,0.2676,0.2352,0.2476
0.2524,0.2664,0.2348,0.2464
0.2536,0.2656,0.2348,0.246
0.2548,0.2656,0.236,0.2436
0.2552,0.2652,0.2364,0.2432
0.2552,0.2656,0.236,0.2432
0.2536,0.2644,0.2368,0.2452
0.2528,0.2652,0.236,0.246
0.2528,0.2652,0.2344,0.2476
0.2524,0.2656,0.234,0.248
0.2516,0.2652,0.236,0.2472
0.2516,0.264,0.2368,0.2476
0.252,0.2628,0.2368,0.2484
0.2528,0.2624,0.2364,0.2484
0.2548,0.2612,0.2364,0.2476
0.2556,0.2616,0.2372,0.2456
0.2556,0.2608,0.2368,0.2468
0.2564,0.2596,0.238,0.246
0.2552,0.2596,0.2396,0.2456
0.2564,0.2596,0.238,0.246
0.2576,0.26,0.2356,0.2468
0.2568,0.2596,0.2368,0.2468
0.2572,0.2592,0.236,0.2476
0.2588,0.2572,0.236,0.248
0.2592,0.2576,0.2368,0.2464
0.258,0.2584,0.2376,0.246
0.2572,0.258,0.2368,0.248
0.258,0.2564,0.2388,0.2468
0.256,0.2564,0.24,0.2476
0.2564,0.2572,0.24,0.2464
0.2576,0.2576,0.2392,0.2456
0.258,0.2568,0.24,0.2452
0.2568,0.2564,0.2408,0.246
0.254,0.2568,0.2428,0.2464
0.2536,0.2564,0.2424,0.2476
0.2524,0.2584,0.2416,0.2476
0.2528,0.258,0.2416,0.2476
0.2552,0.2552,0.2424,0.2472
0.2544,0.256,0.242,0.2476
0.2556,0.2548,0.2432,0.2464
0.2548,0.2552,0.2428,0.2472
0.2548,0.2536,0.244,0.2476
0.2556,0.2512,0.2464,0.2468
0.2564,0.2512,0.2452,0.2472
0.2568,0.252,0.2452,0.246
0.2556,0.2488,0.2484,0.2472
0.2564,0.2472,0.2488,0.2476
0.2572,0.248,0.2488,0.246
0.2588,0.2472,0.2484,0.2456
0.26,0.2508,0.2464,0.2428
0.26,0.2516,0.244,0.2444
0.2572,0.252,0.2452,0.2456
0.256,0.2516,0.2476,0.2448
0.2556,0.2516,0.2492,0.2436
0.2576,0.252,0.248,0.2424
0.2576,0.2532,0.248,0.2412
0.258,0.2544,0.2468,0.2408
0.2588,0.2548,0.2468,0.2396
0.26,0.2556,0.2456,0.2388
0.2576,0.2572,0.2444,0.2408
0.2572,0.2592,0.2448,0.2388
0.2576,0.2596,0.2456,0.2372
0.25890356142456983,0.25770308123249297,0.24889955982392958,0.2344937975190076
0.2592,0.2596,0.2472,0.234
0.2588,0.2612,0.2472,0.2328
0.26,0.262,0.246,0.232
0.2592,0.262,0.2456,0.2332
0.2608,0.2608,0.2452,0.2332
0.2604,0.2604,0.2432,0.236
0.2612,0.26,0.2416,0.2372
0.2608,0.2604,0.2436,0.2352
0.2592,0.2596,0.2436,0.2376
0.2588,0.2604,0.2428,0.238
0.2576,0.2612,0.2408,0.2404
0.2564,0.262,0.2396,0.242
0.2544,0.2628,0.24,0.2428
0.254,0.2632,0.2392,0.2436
0.2528,0.2648,0.2416,0.2408
0.2528,0.2648,0.2416,0.2408
0.2536,0.2648,0.24,0.2416
0.2536,0.266,0.24,0.2404
0.2516,0.2668,0.24,0.2416
0.2528,0.2672,0.2408,0.2392
0.2532,0.2676,0.2416,0.2376
0.2524,0.2676,0.242,0.238
0.2528,0.266,0.2412,0.24
0.252,0.2648,0.2432,0.24
0.2524,0.2652,0.2432,0.2392
0.2524,0.2652,0.244,0.2384
0.2524,0.2652,0.2436,0.2388
0.2532,0.2632,0.2456,0.238
0.2536,0.264,0.2444,0.238
0.2552,0.2624,0.244,0.2384
0.2548,0.262,0.244,0.2392
0.2516,0.2656,0.2416,0.2412
0.2496,0.2652,0.2408,0.2444
0.2496,0.2656,0.2388,0.246
0.2496,0.264,0.2392,0.2472
0.2476,0.266,0.2412,0.2452
0.2472,0.2672,0.2396,0.246
0.2472,0.2656,0.2396,0.2476
0.2464,0.2652,0.2376,0.2508
0.2464,0.2644,0.2384,0.2508
0.2484,0.2624,0.238,0.2512
0.2516,0.2608,0.236,0.2516
0.2536,0.2596,0.2348,0.252
0.2512,0.2588,0.238,0.252
0.252,0.2604,0.2392,0.2484
0.252,0.2608,0.2392,0.248
0.2504,0.262,0.2396,0.248
0.2508,0.2608,0.2396,0.2488
0.2512,0.262,0.2396,0.2472
0.25,0.2616,0.2404,0.248
0.2516,0.2616,0.2396,0.2472
0.2512,0.2596,0.24,0.2492
0.2512,0.2588,0.24,0.25
0.2496,0.2576,0.2428,0.25
0.2492,0.258,0.2436,0.2492
0.25,0.2576,0.2436,0.2488
0.25,0.258,0.2404,0.2516
0.2492,0.2564,0.2452,0.2492
0.2452,0.256,0.2484,0.2504
0.2444,0.2576,0.2464,0.2516
0.244,0.2596,0.2436,0.2528
0.2452,0.2596,0.2424,0.2528
0.2464,0.2604,0.24,0.2532
0.2464,0.2588,0.2412,0.2536
0.2456,0.2584,0.2432,0.2528
0.2452981192476991,0.2581032412965186,0.24489795918367346,0.25170068027210885
0.2448,0.2604,0.2428,0.252
0.2472,0.256,0.244,0.2528
0.2464,0.256,0.2436,0.254
0.2456,0.2556,0.2448,0.254
0.2452,0.2552,0.2444,0.2552
0.2452,0.2548,0.2444,0.2556
0.2448,0.2552,0.2452,0.2548
0.2436,0.2548,0.246,0.2556
0.2452,0.2528,0.2476,0.2544
0.2448,0.252,0.2496,0.2536
0.2448,0.2528,0.2484,0.254
0.2428,0.2532,0.2468,0.2572
0.2436,0.2524,0.2448,0.2592
0.2444,0.2512,0.2456,0.2588
0.2444,0.252,0.2452,0.2584
0.2468,0.2476,0.2468,0.2588
0.2468,0.2476,0.2488,0.2568
0.2476,0.2476,0.248,0.2568
0.2468,0.2476,0.248,0.2576
0.2452,0.25,0.2472,0.2576
0.2448,0.25,0.2456,0.2596
0.2432,0.2496,0.2468,0.2604
0.2416,0.2512,0.2476,0.2596
0.24,0.2524,0.25,0.2576
0.2408,0.2528,0.2492,0.2572
0.2408,0.2536,0.248,0.2576
0.2428,0.252,0.25,0.2552
0.244,0.2536,0.2504,0.252
0.2444,0.2544,0.2484,0.2528
0.2452,0.2544,0.2472,0.2532
0.2464,0.2528,0.2472,0.2536
0.2472,0.2504,0.2468,0.2556
0.246,0.2528,0.2472,0.254
0.2468,0.254,0.246,0.2532
0.2472,0.2556,0.2456,0.2516
0.2464,0.2556,0.2456,0.2524
0.2476,0.2556,0.2432,0.2536
0.2492,0.2552,0.242,0.2536
0.2468,0.2568,0.2416,0.2548
0.2472,0.2584,0.24,0.2544
0.2464,0.258,0.2412,0.2544
0.2452,0.2588,0.2432,0.2528
0.2468,0.2572,0.2432,0.2528
0.246,0.2576,0.242,0.2544
0.24769907963185275,0.2581032412965186,0.2416966786714686,0.25250100040016005
0.2488,0.2576,0.2408,0.2528
0.2472,0.2576,0.2428,0.2524
0.2484,0.2568,0.2436,0.2512
0.2496,0.2548,0.2436,0.252
0.25,0.2552,0.2428,0.252
0.2496,0.2548,0.244,0.2516
0.25,0.2552,0.244,0.2508
0.25,0.2556,0.2432,0.2512
0.2516,0.2532,0.2436,0.2516
0.2528,0.2536,0.2416,0.252
0.2524,0.2536,0.2416,0.2524
0.2532,0.2544,0.2408,0.2516
0.254,0.254,0.2416,0.2504
0.2544,0.2536,0.2416,0.2504
0.2536,0.2536,0.2432,0.2496
0.252,0.2548,0.2448,0.2484
0.252,0.2548,0.2476,0.2456
0.2492,0.256,0.2476,0.2472
0.25,0.2544,0.2488,0.2468
0.252,0.254,0.2484,0.2456
0.2516,0.2532,0.2488,0.2464
0.2516,0.254,0.2484,0.246
0.2512,0.254,0.2492,0.2456
0.2512,0.2552,0.2496,0.244
0.2504,0.2544,0.2496,0.2456
0.2504,0.2548,0.2492,0.2456
0.2524,0.2524,0.2492,0.246
0.2524,0.2528,0.2504,0.2444
0.2536,0.2516,0.2496,0.2452
0.2536,0.252,0.2496,0.2448
0.2532,0.2508,0.2508,0.2452
0.2524,0.2516,0.252,0.244
0.2528,0.2504,0.2532,0.2436
0.2536,0.2508,0.252,0.2436
0.2536,0.2496,0.2512,0.2456
0.254,0.248,0.2512,0.2468
0.256,0.2468,0.2472,0.25
0.2556,0.2452,0.2484,0.2508
0.256,0.2452,0.2492,0.2496
0.2548,0.2448,0.2504,0.25
0.2552,0.244,0.2492,0.2516
0.2544,0.2436,0.2508,0.2512
0.2536,0.2448,0.2488,0.2528
0.2536,0.2436,0.2508,0.252
0.2544,0.2432,0.25,0.2524
0.254,0.2412,0.2504,0.2544
0.2552,0.2396,0.2492,0.256
0.2532,0.2416,0.2488,0.2564
0.2552,0.238,0.2492,0.2576
0.254,0.2372,0.2496,0.2592
0.2516,0.2376,0.2512,0.2596
0.2516,0.2396,0.25,0.2588
0.2508,0.2392,0.25,0.26
0.2504,0.2384,0.2516,0.2596
0.2492,0.2392,0.2516,0.26
0.2492,0.2392,0.2504,0.2612
0.25,0.2388,0.2504,0.2608
0.2488,0.24,0.2516,0.2596
0.2484,0.2412,0.25,0.2604
0.2492,0.2408,0.2492,0.2608
0.2488,0.2432,0.2464,0.2616
0.2476,0.2428,0.2492,0.2604
0.248,0.242,0.2508,0.2592
0.2476,0.2416,0.25,0.2608
0.2468,0.2428,0.2492,0.2612
0.2476,0.2428,0.2484,0.2612
0.25,0.2408,0.2472,0.262
0.2508,0.2412,0.2472,0.2608
0.2508,0.2416,0.2476,0.26
0.2512,0.2408,0.2492,0.2588
0.2516,0.2416,0.2496,0.2572
0.252,0.242,0.2504,0.2556
0.2524,0.2408,0.2504,0.2564
0.2516,0.2392,0.2516,0.2576
0.2516,0.2388,0.2524,0.2572
0.2504,0.2412,0.2512,0.2572
0.2516,0.2408,0.2528,0.2548
0.2492,0.2416,0.2528,0.2564
0.2488,0.2432,0.254,0.254
0.2496,0.2436,0.252,0.2548
0.2492,0.2452,0.2512,0.2544
0.2516,0.2456,0.2496,0.2532
0.252,0.246,0.2496,0.2524
0.2536,0.2448,0.2496,0.252
0.2532,0.2452,0.2496,0.252
0.2536,0.2468,0.2476,0.252
0.2548,0.2464,0.246,0.2528
0.2532,0.2496,0.246,0.2512
0.254,0.2484,0.2432,0.2544
0.2552,0.2496,0.2412,0.254
0.2544,0.2496,0.2424,0.2536
0.2552,0.2512,0.242,0.2516
0.2556,0.25,0.2416,0.2528
0.2548,0.2516,0.2412,0.2524
0.256,0.25,0.242,0.252
0.2572,0.2496,0.2416,0.2516
0.258,0.248,0.242,0.252
0.2592,0.2488,0.2424,0.2496
0.2572,0.2496,0.2416,0.2516
0.2576,0.2496,0.2404,0.2524
0.2572,0.2496,0.24,0.2532
0.2572,0.248,0.24,0.2548
0.2576,0.2472,0.2416,0.2536
0.2572,0.2484,0.2412,0.2532
0.258,0.2472,0.24,0.2548
0.2568,0.2488,0.2376,0.2568
0.258,0.2476,0.238,0.2564
0.2556,0.248,0.2396,0.2568
0.2576,0.2472,0.2412,0.254
0.2588,0.2468,0.242,0.2524
0.2628,0.246,0.24,0.2512
0.2612,0.246,0.242,0.2508
0.2604,0.2488,0.2404,0.2504
0.2596,0.25,0.24,0.2504
0.2584,0.2468,0.2424,0.2524
0.2572,0.2464,0.2432,0.2532
0.258,0.2452,0.2412,0.2556
0.2576,0.2452,0.2412,0.256
0.2584,0.2452,0.2432,0.2532
0.2612,0.2452,0.24,0.2536
0.2604,0.2472,0.24,0.2524
0.2568,0.2496,0.2408,0.2528
0.256,0.25,0.2412,0.2528
0.2568,0.2484,0.2408,0.254
