C,D,Oc,Od
0.0,0.0,0.0,1.0
0.0,0.3333333333333333,0.0,0.6666666666666666
0.25,0.25,0.0,0.5
0.2,0.2,0.2,0.4
0.14285714285714285,0.2857142857142857,0.2857142857142857,0.2857142857142857
0.1,0.3,0.3,0.3
0.07692307692307693,0.23076923076923078,0.3076923076923077,0.38461538461538464
0.06666666666666667,0.2,0.4,0.3333333333333333
0.05555555555555555,0.16666666666666666,0.3888888888888889,0.3888888888888889
0.05,0.25,0.3,0.4
0.047619047619047616,0.2857142857142857,0.2857142857142857,0.38095238095238093
0.045454545454545456,0.22727272727272727,0.2727272727272727,0.45454545454545453
0.037037037037037035,0.18518518518518517,0.25925925925925924,0.5185185185185185
0.03571428571428571,0.21428571428571427,0.17857142857142858,0.5714285714285714
0.0,0.1935483870967742,0.25806451612903225,0.5483870967741935
0.0,0.175,0.225,0.6
0.0,0.1590909090909091,0.22727272727272727,0.6136363636363636
0.0,0.16326530612244897,0.20408163265306123,0.6326530612244898
0.017857142857142856,0.17857142857142858,0.17857142857142858,0.625
0.03225806451612903,0.1774193548387097,0.1774193548387097,0.6129032258064516
0.041666666666666664,0.16666666666666666,0.16666666666666666,0.625
0.0641025641025641,0.23076923076923078,0.1794871794871795,0.5256410256410257
0.09090909090909091,0.23863636363636365,0.18181818181818182,0.48863636363636365
0.09523809523809523,0.2571428571428571,0.14285714285714285,0.5047619047619047
0.12396694214876033,0.2396694214876033,0.1487603305785124,0.48760330578512395
0.18045112781954886,0.22556390977443608,0.13533834586466165,0.45864661654135336
0.2108843537414966,0.19727891156462585,0.1360544217687075,0.4557823129251701
0.23214285714285715,0.19642857142857142,0.10714285714285714,0.4642857142857143
0.22950819672131148,0.18579234972677597,0.09836065573770492,0.48633879781420764
0.2727272727272727,0.20095693779904306,0.09090909090909091,0.4354066985645933
0.31932773109243695,0.18907563025210083,0.09663865546218488,0.3949579831932773
0.3404255319148936,0.1702127659574468,0.08865248226950355,0.40070921985815605
0.3627450980392157,0.16666666666666666,0.08823529411764706,0.38235294117647056
0.4,0.15428571428571428,0.08285714285714285,0.3628571428571429
0.43564356435643564,0.14356435643564355,0.08168316831683169,0.33910891089108913
0.4517543859649123,0.12938596491228072,0.07894736842105263,0.3399122807017544
0.47104247104247104,0.1274131274131274,0.0694980694980695,0.33204633204633205
0.49233390119250425,0.1141396933560477,0.059625212947189095,0.3339011925042589
0.5152905198776758,0.11314984709480122,0.06116207951070336,0.3103975535168196
0.5211267605633803,0.10704225352112676,0.061971830985915494,0.30985915492957744
0.5148387096774194,0.10064516129032258,0.06709677419354838,0.3174193548387097
0.5166270783847982,0.09619952494061758,0.0665083135391924,0.32066508313539194
0.5185185185185185,0.09368191721132897,0.06427015250544663,0.3235294117647059
0.5152709359605911,0.08866995073891626,0.06403940886699508,0.33201970443349754
0.5235934664246824,0.08076225045372051,0.060798548094373864,0.33484573502722326
0.535175879396985,0.0711892797319933,0.06030150753768844,0.3333333333333333
0.5486935866983373,0.0688836104513064,0.06175771971496437,0.32066508313539194
0.558641975308642,0.06790123456790123,0.05401234567901234,0.3194444444444444
0.5632183908045977,0.06824712643678162,0.05028735632183908,0.3182471264367816
0.5555555555555556,0.0738440303657695,0.05244996549344375,0.31815044858523117
0.5616883116883117,0.07077922077922078,0.05194805194805195,0.3155844155844156
0.5633187772925764,0.07236431690580163,0.054273237679351216,0.31004366812227074
0.5580276608538786,0.07757065544197234,0.058929645219482865,0.30547203848466625
0.5676756139348943,0.06967447173043975,0.05653912050256996,0.30611079383209594
0.5617663499161543,0.07098937954164337,0.05869200670765791,0.3085522638345444
0.5594594594594594,0.06972972972972973,0.05945945945945946,0.31135135135135134
0.5661458333333333,0.06770833333333333,0.05572916666666667,0.3104166666666667
0.56,0.06871794871794872,0.06102564102564102,0.31025641025641026
0.560280140070035,0.06653326663331666,0.05902951475737869,0.3141570785392696
0.5589792970630717,0.06740491092922485,0.06355320173326914,0.3100625902744343
0.5604026845637584,0.06615532118887824,0.06567593480345159,0.3077660594439118
0.564319248826291,0.06666666666666667,0.06338028169014084,0.3056338028169014
0.5612244897959183,0.06818181818181818,0.060760667903525044,0.3098330241187384
0.5647005029721079,0.06538637402834933,0.06355738454503887,0.30635573845450387
0.569882777276826,0.060414788097385035,0.06402164111812443,0.3056807935076646
0.5690730837789661,0.06194295900178253,0.06149732620320856,0.3074866310160428
0.5613018279090504,0.06018724921979492,0.06598305840392332,0.3125278644672314
0.560251798561151,0.0598021582733813,0.06564748201438848,0.3142985611510791
0.5613333333333334,0.06088888888888889,0.06444444444444444,0.31333333333333335
0.5670976370931787,0.05840392331698618,0.06107891217119929,0.31341952741863577
0.5641711229946524,0.06105169340463458,0.06327985739750445,0.3114973262032086
0.5695864828812806,0.06002667852378835,0.06136060471320587,0.30902623388172523
0.5641255605381166,0.06233183856502242,0.06143497757847534,0.31210762331838565
0.5614662494412159,0.062136790344211,0.06168976307554761,0.3147071971390255
0.5659784560143627,0.06328545780969479,0.05834829443447038,0.3123877917414722
0.5663992869875223,0.06283422459893048,0.05659536541889483,0.3141711229946524
0.5655884995507637,0.06424079065588499,0.055705300988319856,0.31446540880503143
0.5610619469026549,0.06769911504424779,0.05619469026548673,0.31504424778761064
0.5495614035087719,0.07149122807017544,0.05526315789473684,0.3236842105263158
0.552212389380531,0.06725663716814159,0.05309734513274336,0.3274336283185841
0.5504220346512662,0.06841403820524211,0.04931141714793425,0.33185250999555754
0.5450089126559715,0.07085561497326204,0.04857397504456328,0.3355614973262032
0.5470536499560247,0.06948109058927,0.048812664907651716,0.33465259454705365
0.5451713395638629,0.06809078771695594,0.0520694259012016,0.3346684468179795
0.5472122302158273,0.06384892086330936,0.053057553956834536,0.3358812949640288
0.5425297487880123,0.06743058616130454,0.0502423975319524,0.33979726751873074
0.5459821428571429,0.06785714285714285,0.05223214285714286,0.3339285714285714
0.5539083557951483,0.06424079065588499,0.04986522911051213,0.33198562443845464
0.5535872453498671,0.06510186005314438,0.049601417183348095,0.3317094774136404
0.5585746102449889,0.060133630289532294,0.051224944320712694,0.33006681514476616
0.5541740674955595,0.05994671403197158,0.052397868561278864,0.33348134991119005
0.554625550660793,0.05859030837004405,0.05330396475770925,0.33348017621145376
0.5501330967169477,0.05989352262644188,0.05323868677905945,0.336734693877551
0.5538256227758007,0.05738434163701068,0.05249110320284697,0.33629893238434166
0.5477453580901857,0.05968169761273209,0.05570291777188329,0.33687002652519893
0.5455758114717653,0.062249888839484215,0.05602489995553579,0.3361493997332148
0.5510384445426425,0.05700397702165267,0.0552364118426867,0.3367211665930181
0.5572824156305506,0.0563943161634103,0.05106571936056838,0.3352575488454707
0.5527128363475959,0.05690339655932951,0.0529333921482135,0.3374503749448611
0.5562472209871053,0.05602489995553579,0.055135615829257446,0.33259226322810137
0.5614808285588365,0.05685323931247246,0.05509034817100044,0.3265755839576906
0.5512649800266312,0.05992010652463382,0.0559254327563249,0.33288948069241014
0.5617476593847526,0.057066428889879624,0.051270619705751225,0.32991529201961656
0.555307760927743,0.056645851917930416,0.0504014272970562,0.3376449598572703
0.5460176991150443,0.058849557522123896,0.048230088495575224,0.34690265486725663
0.5477763099955967,0.05812417437252312,0.048436811977102597,0.34566270365477764
0.555456570155902,0.05389755011135858,0.047661469933184854,0.3429844097995546
0.547787610619469,0.05353982300884956,0.049557522123893805,0.3491150442477876
0.5498901098901099,0.05318681318681319,0.05142857142857143,0.3454945054945055
0.5435943060498221,0.04893238434163701,0.050711743772241996,0.3567615658362989
0.546058458813109,0.0491585473870682,0.05004428697962799,0.35473870682019487
0.5583148558758315,0.050110864745011086,0.04966740576496674,0.3419068736141907
0.54924578527063,0.051907719609582965,0.04924578527062999,0.34960070984915703
0.5474934036939314,0.05013192612137203,0.0505716798592788,0.3518029903254178
0.5472197705207414,0.048984995586937335,0.0529567519858782,0.35083848190644307
0.5466195315952276,0.04904993371630579,0.05214317277949625,0.3521873619089704
0.5458553791887125,0.04805996472663139,0.053791887125220456,0.3522927689594356
0.5497797356828193,0.050220264317180616,0.05066079295154185,0.34933920704845817
0.5559964726631393,0.04673721340388007,0.050705467372134036,0.34656084656084657
0.5498220640569395,0.04715302491103203,0.05338078291814947,0.349644128113879
0.5454545454545454,0.04768270944741533,0.05525846702317291,0.3516042780748663
0.5395492708793637,0.04904993371630579,0.05612019443216969,0.35528060097216085
0.5330670217487794,0.05015534842432313,0.05370616955170883,0.36307146027518866
0.5355871886120996,0.04804270462633452,0.0547153024911032,0.36165480427046265
0.5292553191489362,0.04920212765957447,0.05319148936170213,0.3683510638297872
0.5295414462081128,0.05026455026455026,0.053791887125220456,0.3664021164021164
0.5334224598930482,0.04946524064171123,0.05525846702317291,0.36185383244206776
0.5460232350312779,0.050491510277033066,0.05138516532618409,0.3521000893655049
0.5384615384615384,0.050689195197865716,0.05113383726100489,0.3597154290795909
0.5412234042553191,0.047429078014184396,0.054078014184397165,0.35726950354609927
0.5382562277580071,0.04937722419928826,0.05693950177935943,0.3554270462633452
0.5393805309734513,0.047787610619469026,0.05442477876106195,0.3584070796460177
0.5345967386513882,0.04847950639048039,0.05641251652710445,0.3605112384310269
0.5290237467018469,0.04793315743183817,0.05672823218997362,0.36631486367634125
0.5316231755860239,0.0513047324192835,0.05572755417956656,0.36134453781512604
0.5235975066785397,0.04986642920747997,0.05654496883348174,0.36999109528049867
0.519893899204244,0.04862953138815208,0.053934571175950484,0.3775419982316534
0.5216814159292036,0.05088495575221239,0.05353982300884956,0.37389380530973454
0.5219512195121951,0.05277161862527716,0.0541019955654102,0.3711751662971175
0.5172259507829977,0.056823266219239374,0.052796420581655484,0.3731543624161074
0.5185348631950574,0.05339805825242718,0.04854368932038835,0.3795233892321271
0.5134649910233393,0.05385996409335727,0.049820466786355475,0.38285457809694795
0.5134183897932248,0.051473823141223056,0.050593928728552576,0.3845138583369996
0.5093582887700535,0.049910873440285206,0.04679144385026738,0.3939393939393939
0.5200883002207506,0.046799116997792496,0.04812362030905077,0.38498896247240616
0.5171503957783641,0.0505716798592788,0.048812664907651716,0.3834652594547054
0.5205116894574328,0.05513895015438906,0.043228936921041024,0.3811204234671372
0.5225345827755467,0.05310129406514949,0.041499330655957165,0.3828647925033467
0.5262461402734891,0.048963387737097484,0.0423467137185708,0.38244375827084254
0.5182608695652174,0.049565217391304345,0.04434782608695652,0.38782608695652177
0.517825311942959,0.04723707664884135,0.04679144385026738,0.38814616755793224
0.5169528841919859,0.04667547335975341,0.04711580801409071,0.38925583443416995
0.5088809946714032,0.05017761989342807,0.04662522202486678,0.39431616341030196
0.5004436557231589,0.05102040816326531,0.046583850931677016,0.40195208518189884
0.5111989459815547,0.050505050505050504,0.04830917874396135,0.38998682476943347
0.513262599469496,0.04951370468611848,0.04995579133510168,0.38726790450928383
0.5130242825607064,0.04856512141280353,0.04988962472406181,0.38852097130242824
0.5068919519786572,0.04668741662961316,0.048910626945309024,0.39751000444642065
0.5,0.04711111111111111,0.048,0.4048888888888889
0.5013309671694764,0.04569653948535936,0.046583850931677016,0.40638864241348716
0.4907243816254417,0.04770318021201413,0.04814487632508834,0.4134275618374558
0.4892022917584839,0.044072278536800354,0.04759806081974438,0.4191273688849714
0.49401330376940134,0.04523281596452328,0.049223946784922396,0.411529933481153
0.493859649122807,0.04342105263157895,0.05087719298245614,0.4118421052631579
0.49119718309859156,0.04445422535211268,0.05017605633802817,0.4141725352112676
0.49756313690739923,0.04164820558263181,0.04962339388568897,0.41116526362428
0.49557522123893805,0.04026548672566372,0.049557522123893805,0.41460176991150444
0.49504504504504504,0.04009009009009009,0.0509009009009009,0.41396396396396395
0.47908410391897843,0.04315279612505504,0.052840158520475564,0.424922941435491
0.4827586206896552,0.0438871473354232,0.05508284818629646,0.41827138378862516
0.48401420959147423,0.04262877442273535,0.055062166962699825,0.4182948490230906
0.47808764940239046,0.043382027445772464,0.049136786188579015,0.4293935369632581
0.4784330985915493,0.045774647887323945,0.05017605633802817,0.42561619718309857
0.4811696942844484,0.04474966770048737,0.048294195835179445,0.4257864421798848
0.47791867074770444,0.043288150415391344,0.048535198950590296,0.4302579798863139
0.48053097345132745,0.04336283185840708,0.049557522123893805,0.4265486725663717
0.4743935309973046,0.04672057502246182,0.04986522911051213,0.42902066486972146
0.4612628750559785,0.04746977160770264,0.052395879982086876,0.438871473354232
0.46753812636165576,0.0457516339869281,0.0514161220043573,0.43529411764705883
0.46592920353982303,0.04469026548672567,0.05486725663716814,0.4345132743362832
0.45779938135218734,0.04595669465311533,0.05302695536897923,0.4432169686257181
0.45869947275922673,0.04789103690685413,0.05140597539543058,0.44200351493848855
0.45523049645390073,0.05053191489361702,0.05186170212765957,0.4423758865248227
0.4507291206363235,0.04904993371630579,0.052585064074237735,0.447635881573133
0.4532215357458076,0.047219770520741396,0.04810238305383936,0.45145631067961167
0.45607064017660043,0.045474613686534215,0.04370860927152318,0.45474613686534215
0.4618491921005386,0.0466786355475763,0.04488330341113106,0.44658886894075406
0.4624611283873834,0.04575744113727232,0.04486894713460684,0.44691248334073747
0.465280849181778,0.0437859354268023,0.042459088898717384,0.44847412649270235
0.45983133599644915,0.04349755881047492,0.04305370616955171,0.4536173990235242
0.4619153674832962,0.04142538975501114,0.0400890868596882,0.45657015590200445
0.45494505494505494,0.044395604395604395,0.043076923076923075,0.4575824175824176
0.4515701017249005,0.04599734630694383,0.04467049977885891,0.4577620521892968
0.4538564422648239,0.0463664734730272,0.04770396790013375,0.45207311636201514
0.45015507310589276,0.046964997784669914,0.04474966770048737,0.4581302614089499
0.45663716814159294,0.048230088495575224,0.04336283185840708,0.4517699115044248
0.45382585751978893,0.05013192612137203,0.0426561125769569,0.45338610378188215
0.452846975088968,0.04937722419928826,0.042704626334519574,0.4550711743772242
0.45345744680851063,0.047872340425531915,0.041666666666666664,0.4570035460992908
0.45298013245033114,0.04944812362030905,0.04061810154525387,0.45695364238410596
0.45,0.04868421052631579,0.04429824561403509,0.4570175438596491
0.452,0.04666666666666667,0.042222222222222223,0.45911111111111114
0.445916114790287,0.045474613686534215,0.045033112582781455,0.46357615894039733
0.4351687388987567,0.04573712255772647,0.043072824156305506,0.47602131438721135
0.43562610229276894,0.04409171075837742,0.0427689594356261,0.4775132275132275
0.43606701940035275,0.042328042328042326,0.040123456790123455,0.48148148148148145
0.4316450022411475,0.04258180188256387,0.0421335723890632,0.48363962348722545
0.4328754984492689,0.04164820558263181,0.03987594151528578,0.48560035445281347
0.43201069995541685,0.03878733838609006,0.04057066428889879,0.4886312973695943
0.4304812834224599,0.03787878787878788,0.040998217468805706,0.49064171122994654
0.4319186560565871,0.03801945181255526,0.03934571175950486,0.4907161803713528
0.43148558758314853,0.03991130820399113,0.042572062084257206,0.4860310421286031
0.4351811436054125,0.04015713662156264,0.04321257092972501,0.48144914884329987
0.4429203539823009,0.03982300884955752,0.04247787610619469,0.4747787610619469
0.44190140845070425,0.040492957746478875,0.04225352112676056,0.4753521126760563
0.43674564148413053,0.04067948144836835,0.04425569959767546,0.47831917746982566
0.4338952972493345,0.03992901508429459,0.04303460514640639,0.4831410825199645
0.4350506384852488,0.04051078819903126,0.04227212681638045,0.4821664464993395
0.4279359430604982,0.041370106761565835,0.042704626334519574,0.48798932384341637
0.42844483828090385,0.03898980948161276,0.044306601683650866,0.4882587505538325
0.4241210502892746,0.03693813974187806,0.04183355585224744,0.4971072541165999
0.4242021276595745,0.037677304964539006,0.041223404255319146,0.49689716312056736
0.42488888888888887,0.03777777777777778,0.04,0.49733333333333335
0.4298982750995135,0.039805395842547546,0.04024767801857585,0.4900486510393631
0.42704626334519574,0.037811387900355875,0.03959074733096085,0.49555160142348753
0.4260485651214128,0.037527593818984545,0.039293598233995586,0.4971302428256071
0.4329621380846325,0.03964365256124722,0.04053452115812917,0.48685968819599107
0.435759209344115,0.03638814016172507,0.03908355795148248,0.4887690925426775
0.4411764705882353,0.03609625668449198,0.036541889483065956,0.4861853832442068
0.43697104677060133,0.033853006681514475,0.037416481069042315,0.49175946547884186
0.43128590366769776,0.0344675209898365,0.038886433937251434,0.49536014140521434
0.4363879003558719,0.03113879003558719,0.03959074733096085,0.4928825622775801
0.43456900401965165,0.03260384100044663,0.03528360875390799,0.4975435462259937
0.43285586392121755,0.03222918531781558,0.03670546105640107,0.4982094897045658
0.4375832963127499,0.03243003109729009,0.03864948911594847,0.49133718347401156
0.43365983971504896,0.035173642030276044,0.041852181656277826,0.4893143365983971
0.43041351711871945,0.03601600711427301,0.04357492218763895,0.4899955535793686
0.42641843971631205,0.0350177304964539,0.044326241134751775,0.4942375886524823
0.4247121346324181,0.03587245349867139,0.04650132860938884,0.4929140832595217
0.4214031971580817,0.034191829484902306,0.0452930728241563,0.4991119005328597
0.4224290780141844,0.031914893617021274,0.04521276595744681,0.5004432624113475
0.40974967061923584,0.03645147123407993,0.04830917874396135,0.5054896794027229
0.40982142857142856,0.033928571428571426,0.05133928571428571,0.5049107142857143
0.4087109546854377,0.034755829300483945,0.051473823141223056,0.5050593928728553
0.40494044993383327,0.03396559329510366,0.05116894574327305,0.50992501102779
0.4035476718403548,0.03458980044345898,0.054988913525498895,0.5068736141906873
0.4083444296493564,0.03861517976031957,0.05326231691078562,0.4997780736795384
0.40809968847352024,0.037828215398308856,0.05696484201157098,0.4971072541165999
0.4116865869853918,0.038955289951305885,0.05444887118193891,0.4949092518813634
0.4107221976074435,0.03943287549844927,0.057598582188746125,0.4922463447053611
0.4149689991142604,0.042515500442869794,0.05491585473870682,0.487599645704163
0.4129662522202487,0.04129662522202487,0.0541740674955595,0.49156305506216696
0.4150268336314848,0.04338103756708408,0.053220035778175315,0.4883720930232558
0.4066815144766147,0.0400890868596882,0.055233853006681516,0.4979955456570156
0.41171251109139306,0.041259982253771074,0.05368234250221828,0.4933451641526176
0.4220465524813351,0.039525691699604744,0.05138339920948617,0.487044356609574
0.4237885462555066,0.038766519823788544,0.04933920704845815,0.4881057268722467
0.4187805963506898,0.04138851802403204,0.04717400979083222,0.49265687583444595
0.4150776053215078,0.03725055432372506,0.050997782705099776,0.49667405764966743
0.41921204072598495,0.03762726870296591,0.05046480743691899,0.49269588313413015
0.4154929577464789,0.0409330985915493,0.047975352112676055,0.49559859154929575
0.41596823996471105,0.03970004411116013,0.04808116453462726,0.4962505513895015
0.41721563460693895,0.03908651734738691,0.04787000439174352,0.4958278436539306
0.42116820377689945,0.04084321475625823,0.04830917874396135,0.48967940272288096
0.42338352524357836,0.038529672276350756,0.05093002657218778,0.4871567759078831
0.42819030680302356,0.037349933303690526,0.05469097376611828,0.4797687861271676
0.436056838365897,0.03463587921847247,0.05017761989342807,0.47912966252220246
0.4336322869955157,0.033183856502242155,0.04753363228699552,0.4856502242152466
0.4393063583815029,0.032458870609159626,0.04490884837705647,0.483325922632281
0.4408071748878924,0.03094170403587444,0.04618834080717489,0.4820627802690583
0.43206039076376557,0.03019538188277087,0.04662522202486678,0.4911190053285968
0.4328947368421053,0.030263157894736843,0.04517543859649123,0.49166666666666664
0.43744454303460517,0.03460514640638864,0.04480922803904171,0.4831410825199645
0.4366890380313199,0.032214765100671144,0.042505592841163314,0.4885906040268456
0.4358288770053476,0.03163992869875223,0.04679144385026738,0.4857397504456328
0.4273088820150243,0.032699955810870526,0.047724259832081305,0.49226690234202386
0.4300176056338028,0.03433098591549296,0.04709507042253521,0.488556338028169
0.4252974878801234,0.03437637725870427,0.044072278536800354,0.49625385632437197
0.4265549183943538,0.03573003970004411,0.04455227172474636,0.49316277018085575
0.42661965623622744,0.03878360511238431,0.04098721903922433,0.4936095196121639
0.4146341463414634,0.038580931263858094,0.040798226164079826,0.5059866962305987
0.4156706507304117,0.03762726870296591,0.04249667994687915,0.5042054006197433
0.4190017513134851,0.03809106830122592,0.04203152364273205,0.500875656742557
0.4148936170212766,0.03900709219858156,0.040780141843971635,0.5053191489361702
0.4224669603524229,0.037444933920704845,0.040969162995594714,0.49911894273127755
0.4182628062360802,0.03875278396436525,0.04365256124721604,0.49933184855233853
0.4199382443758271,0.03573003970004411,0.04631671812968681,0.49801499779444197
0.42591773551525874,0.03494029190623618,0.04599734630694383,0.49314462627156125
0.4166666666666667,0.03350970017636684,0.04894179894179894,0.5008818342151675
0.42416225749559083,0.03350970017636684,0.05026455026455026,0.49206349206349204
0.4237063246351172,0.03538257408226449,0.04909332153914197,0.49181777974347635
0.42730496453900707,0.03546099290780142,0.04654255319148936,0.49069148936170215
0.4229406554472985,0.03587245349867139,0.046944198405668734,0.4942426926483614
0.4238646482635797,0.037399821905609976,0.04630454140694568,0.4924309884238646
0.4238263950398583,0.03897254207263064,0.046058458813108945,0.49114260407440213
0.42712014134275617,0.037102473498233215,0.04637809187279152,0.48939929328621906
0.41972076788830714,0.036212914485165795,0.04581151832460733,0.49825479930191974
0.4214912280701754,0.03464912280701754,0.04649122807017544,0.49736842105263157
0.42597517730496454,0.037677304964539006,0.04698581560283688,0.48936170212765956
0.4257382106654914,0.03922432789775231,0.048038783605112385,0.4869986778316439
0.41774409273294694,0.03522068658047258,0.047258136424431565,0.4997770842621489
0.4193832599118943,0.03524229074889868,0.046255506607929514,0.49911894273127755
0.41382365972529905,0.03943287549844927,0.04873726185201595,0.4980062029242357
0.4157801418439716,0.0425531914893617,0.04964539007092199,0.4920212765957447
0.4158241758241758,0.04263736263736264,0.05186813186813187,0.4896703296703297
0.4124168514412417,0.04124168514412417,0.05188470066518847,0.49445676274944567
0.412,0.04088888888888889,0.04933333333333333,0.49777777777777776
0.4043114826220853,0.040475142982842056,0.051473823141223056,0.5037395512538495
0.4052143172779496,0.039770216526734424,0.0481661511268228,0.5068493150684932
0.40846934274371416,0.03749448610498456,0.04675782973092192,0.5072783414203793
0.41252796420581656,0.03713646532438479,0.049664429530201344,0.5006711409395973
0.41088014153029634,0.03361344537815126,0.047766475011057054,0.5077399380804953
0.40801781737193765,0.03518930957683741,0.048106904231625836,0.5086859688195992
0.40513047324192836,0.03272888102609465,0.04643962848297214,0.5157010172490049
0.40246587406428885,0.0361074416556583,0.04579480405107882,0.515631880228974
0.39556541019955654,0.03725055432372506,0.04700665188470066,0.5201773835920177
0.39636040834442965,0.03905903240124279,0.04571682201509099,0.5188637372392366
0.39812332439678283,0.03708668453976765,0.044682752457551385,0.5201072386058981
0.4052608114132858,0.04101649576460098,0.04458314757021846,0.5091395452518948
0.413440142412105,0.03649310191366266,0.04316866933689364,0.5068980863373387
0.4174454828660436,0.03471295060080107,0.04316866933689364,0.5046728971962616
0.4073418841220699,0.03449800973020787,0.043343653250773995,0.5148164528969482
0.40523746116289394,0.03595206391478029,0.0426098535286285,0.5162006213936973
0.399825021872266,0.03587051618547681,0.0415573053368329,0.5227471566054244
0.4063745019920319,0.03762726870296591,0.041168658698539175,0.5148295706064631
0.40342405618964006,0.035996488147497806,0.04214223002633889,0.5184372256365233
0.40468819106590004,0.03494029190623618,0.04201680672268908,0.5183547103051747
0.4022222222222222,0.037333333333333336,0.044444444444444446,0.516
0.40365744870651205,0.037020517395182875,0.040588760035682424,0.5187332738626227
0.4059318282425852,0.03762726870296591,0.043824701195219126,0.5126162018592297
0.4005281690140845,0.040492957746478875,0.045774647887323945,0.5132042253521126
0.4012483281319661,0.04057066428889879,0.04681230494872938,0.5113687026304057
0.39876215738284704,0.04155614500442087,0.046861184792219276,0.5128205128205128
0.39411247803163446,0.043936731107205626,0.048330404217926184,0.5136203866432337
0.392511013215859,0.04317180616740088,0.04537444933920705,0.518942731277533
0.39436619718309857,0.043133802816901406,0.04357394366197183,0.5189260563380281
0.39849955869373344,0.04148278905560459,0.043689320388349516,0.5163283318623124
0.3928884986830553,0.04521510096575944,0.0456540825285338,0.5162423178226514
0.3936451897616946,0.04633715798764342,0.043689320388349516,0.5163283318623124
0.39384615384615385,0.045714285714285714,0.046153846153846156,0.5142857142857142
0.3881520778072502,0.048187444739168875,0.04420866489832007,0.5194518125552609
0.390625,0.046875,0.04196428571428571,0.5205357142857143
0.3858407079646018,0.047787610619469026,0.04336283185840708,0.5230088495575221
0.38980044345898,0.04523281596452328,0.04656319290465632,0.5184035476718404
0.385980479148181,0.04835847382431233,0.04835847382431233,0.5173025732031943
0.3860900579580918,0.04770396790013375,0.04770396790013375,0.5185020062416407
0.38675496688741723,0.04768211920529802,0.04768211920529802,0.5178807947019868
0.3869257950530035,0.04814487632508834,0.04814487632508834,0.5167844522968198
0.3868131868131868,0.05098901098901099,0.04967032967032967,0.5125274725274725
0.3938447814451383,0.04683318465655665,0.04415700267618198,0.5151650312221231
0.40089086859688194,0.044543429844097995,0.044543429844097995,0.5100222717149221
0.4009790832220739,0.044058744993324434,0.045838896306186025,0.5091232754784156
0.40218340611353715,0.044978165938864625,0.04323144104803493,0.5096069868995633
0.40176991150442476,0.04513274336283186,0.04292035398230089,0.5101769911504425
0.40053167922020383,0.04563579973416039,0.0412051395657953,0.5126273814798405
0.3992963940193492,0.04661389621811785,0.04221635883905013,0.5118733509234829
0.39681838267786124,0.044631020768890854,0.04330534688466637,0.5152452496685815
0.3976274165202109,0.04261862917398945,0.04130052724077329,0.5184534270650264
0.39233169861792244,0.04592064199732501,0.04279982166740972,0.5189478377173429
0.3999108337048596,0.04502897904592064,0.04279982166740972,0.5122603655818101
0.3923042901371075,0.047766475011057054,0.04024767801857585,0.5196815568332597
0.38386090057958094,0.045474810521622826,0.041462327240303166,0.5292019616584931
0.39213934792318,0.044662795891022775,0.04108977221974096,0.5221080839660562
0.3947833775419982,0.04420866489832007,0.03757736516357206,0.5234305923961097
0.3923042901371075,0.044228217602830605,0.03715170278637771,0.5263157894736842
0.3890119627824546,0.042977403633141335,0.0358883473637572,0.5321222862206468
0.3906731192256929,0.04223493180818302,0.0343158820941487,0.5327760668719753
0.38560070671378094,0.045053003533568906,0.037102473498233215,0.532243816254417
0.38006230529595014,0.042723631508678236,0.037828215398308856,0.5393858477970628
0.37764084507042256,0.04137323943661972,0.03961267605633803,0.5413732394366197
0.377258704275011,0.040546496253856326,0.03878360511238431,0.5434111943587483
0.38309114927344784,0.03830911492734478,0.036988110964332896,0.5416116248348745
0.37677304964539005,0.03634751773049645,0.03856382978723404,0.5483156028368794
0.3755535872453499,0.0354295837023915,0.03985828166519043,0.5491585473870682
0.37571743929359824,0.033112582781456956,0.04370860927152318,0.5474613686534217
0.3751115075825156,0.03479036574487065,0.04460303300624442,0.5454950936663693
0.37539149888143175,0.03713646532438479,0.046085011185682326,0.5413870246085011
0.38008849557522123,0.034070796460176994,0.04513274336283186,0.54070796460177
0.3792645104120514,0.033673017279574655,0.04209127159946832,0.5449712007089056
0.3721654068474878,0.0329035126722988,0.040017785682525564,0.5549132947976878
0.37019018133569215,0.033171163202122954,0.04024767801857585,0.556390977443609
0.36942112240388864,0.032699955810870526,0.03932832523199293,0.5585505965532479
0.36923076923076925,0.03208791208791209,0.04087912087912088,0.5578021978021978
0.3724966622162884,0.032932799287939477,0.04227859368046284,0.5522919448153093
0.36557231588287487,0.03194321206743567,0.04214729370008873,0.5603371783496007
0.36807095343680707,0.031042128603104215,0.041685144124168516,0.5592017738359202
0.3770999115826702,0.03094606542882405,0.04111405835543767,0.5508399646330681
0.384070796460177,0.031415929203539826,0.03938053097345133,0.5451327433628319
0.3825354609929078,0.03235815602836879,0.0398936170212766,0.5452127659574468
0.37778768956289027,0.030776092774308653,0.039250669045495096,0.552185548617306
0.37738359201773836,0.03015521064301552,0.03680709534368071,0.5556541019955654
0.3808888888888889,0.03333333333333333,0.03955555555555555,0.5462222222222223
0.37906772207563766,0.034740545294635,0.03737906772207564,0.5488126649076517
0.3897707231040564,0.03218694885361552,0.037037037037037035,0.541005291005291
0.38913427561837455,0.03136042402826855,0.03931095406360424,0.5401943462897526
0.39126559714795006,0.030303030303030304,0.0374331550802139,0.5409982174688057
0.38648409893992935,0.03180212014134275,0.037985865724381625,0.5437279151943463
0.3928413610251878,0.02828104286345559,0.03535130357931949,0.5435262925320371
0.3915530136383634,0.029036515618125824,0.034755829300483945,0.5446546414430269
0.3911699779249448,0.030022075055187638,0.03443708609271523,0.5443708609271524
0.3874391862007961,0.029632905793896505,0.033171163202122954,0.5497567448031845
0.38648409893992935,0.02959363957597173,0.0353356890459364,0.5485865724381626
0.392226148409894,0.028268551236749116,0.037102473498233215,0.5424028268551236
0.38666666666666666,0.025777777777777778,0.035111111111111114,0.5524444444444444
0.386283185840708,0.02654867256637168,0.034955752212389384,0.552212389380531
0.3762157382847038,0.026083112290008842,0.034482758620689655,0.5632183908045977
0.3763724198506807,0.027228809837505488,0.03513394817742644,0.5612648221343873
0.3715798764342454,0.02912621359223301,0.03795233892321271,0.5613415710503089
0.3729111697449428,0.029463500439753737,0.03869832893579595,0.5589270008795075
0.3763345195729537,0.03069395017793594,0.041370106761565835,0.5516014234875445
0.3722981914424349,0.030877812086457873,0.04190560211733568,0.5549183943537715
0.37682441397611677,0.03140203449800973,0.039805395842547546,0.5519681556833259
0.380550621669627,0.03241563055062167,0.03641207815275311,0.5506216696269982
0.37815126050420167,0.034055727554179564,0.03803626713843432,0.5497567448031845
0.38526409232134934,0.032845095428317796,0.03683976919662672,0.5450510430537062
0.38770999115826704,0.032714412024756855,0.038903625110521665,0.5406719717064544
0.37882144439521487,0.03322995126273815,0.043420469649977846,0.5445281346920691
0.3735203857957036,0.03551074090311267,0.04603244191144235,0.5449364313897413
0.38262806236080177,0.03518930957683741,0.04498886414253898,0.5371937639198219
0.37823371989295274,0.03791257805530776,0.0463871543264942,0.5374665477252453
0.3766004415011038,0.03576158940397351,0.04988962472406181,0.5377483443708609
0.3833851621501555,0.03909373611728121,0.04975566414926699,0.5277654375832963
0.3847854931446263,0.0367094206103494,0.04688191065900044,0.5316231755860239
0.381858407079646,0.03893805309734513,0.04601769911504425,0.5331858407079646
0.3789752650176678,0.03666077738515901,0.04284452296819788,0.5415194346289752
0.38227513227513227,0.03747795414462081,0.04409171075837742,0.5361552028218695
0.3893805309734513,0.03672566371681416,0.04070796460176991,0.5331858407079646
0.3919218819351975,0.03683976919662672,0.0426098535286285,0.5286284953395473
0.39753195240193917,0.03437637725870427,0.040546496253856326,0.5275451740855002
0.3949579831932773,0.033171163202122954,0.038920831490490936,0.5329500221141088
0.3956960913482653,0.030742204655248132,0.039525691699604744,0.5340360122968819
0.3974988834301027,0.0321572130415364,0.03841000446627959,0.5319338990620813
0.3965669014084507,0.030369718309859156,0.03917253521126761,0.5338908450704225
0.4029255319148936,0.03324468085106383,0.037677304964539006,0.5261524822695035
0.40502423975319524,0.03525782282944028,0.03966505068312032,0.5200528867342442
0.4039911308203991,0.03592017738359202,0.03813747228381375,0.5219512195121951
0.4058484714222419,0.035002215330084185,0.03943287549844927,0.5197164377492246
0.40326134861172325,0.03305420890260027,0.0370207139709123,0.5266637285147642
0.4012400354295837,0.02967227635075288,0.03631532329495128,0.5327723649247121
0.4066518847006652,0.028824833702882482,0.03636363636363636,0.528159645232816
0.4061116031886625,0.027015057573073518,0.03454384410983171,0.5323294951284322
0.4057971014492754,0.02678963548528766,0.03645147123407993,0.530961791831357
0.4079822616407982,0.029711751662971176,0.03725055432372506,0.5250554323725055
0.404320987654321,0.031746031746031744,0.03527336860670194,0.5286596119929453
0.4021881838074398,0.03369803063457331,0.03194748358862144,0.5321663019693654
0.3923042901371075,0.03272888102609465,0.03494029190623618,0.5400265369305617
0.39356544733362714,0.03437637725870427,0.03393565447333627,0.5381225209343323
0.3928728552573691,0.03343598768147822,0.03343598768147822,0.5402551693796744
0.38222222222222224,0.03244444444444444,0.03688888888888889,0.5484444444444444
0.38403547671840355,0.03237250554323725,0.03547671840354767,0.5481152993348115
0.3887423043095866,0.031222515391380826,0.036499560246262094,0.5435356200527705
0.38335546702080564,0.03231518370960602,0.036741921204072596,0.5475874280655157
0.3830255057167986,0.031222515391380826,0.036499560246262094,0.5492524186455585
0.37853356890459366,0.030918727915194347,0.038869257950530034,0.551678445229682
0.37598597721297106,0.030236634531113058,0.03768624014022787,0.5560911481156879
0.3733981440565621,0.03093239063190455,0.038886433937251434,0.556783031374282
0.3699956005279367,0.031236251649802024,0.03563572371315442,0.5631324241091069
0.3742819266460451,0.03093239063190455,0.03535130357931949,0.5594343791427309
0.3780326422584914,0.02999558888398765,0.03352448169386855,0.5584472871636524
0.3767153607791058,0.03275785745905268,0.036741921204072596,0.5537848605577689
0.3802060008956561,0.035826242722794444,0.03716972682489924,0.5467980295566502
0.37985865724381623,0.03401060070671378,0.037102473498233215,0.5490282685512368
0.37749224634470535,0.035002215330084185,0.03677447939743022,0.5507310589277803
0.3774422735346359,0.03374777975133215,0.038632326820603906,0.5501776198934281
0.376158940397351,0.033112582781456956,0.03487858719646799,0.555849889624724
0.3783068783068783,0.03262786596119929,0.03350970017636684,0.5555555555555556
0.3858407079646018,0.034070796460176994,0.034070796460176994,0.5460176991150443
0.38519839500668746,0.03522068658047258,0.034774855104770394,0.5448060633080696
0.3793869391381608,0.03642825410928476,0.0346512661039538,0.5495335406486006
0.3788350377945754,0.03423743886171632,0.0377945753668297,0.5491329479768786
0.3830823737821081,0.03277236492471213,0.03587245349867139,0.5482728077945084
0.38538932633420825,0.031933508311461065,0.03499562554680665,0.5476815398075241
0.38187417509898813,0.032116146062472505,0.03915530136383634,0.546854377474703
0.38222222222222224,0.032,0.04,0.5457777777777778
0.38080495356037153,0.03272888102609465,0.03803626713843432,0.5484298982750995
0.36620964175143744,0.03494029190623618,0.038920831490490936,0.5599292348518354
0.3627537511032657,0.03574580759046778,0.038834951456310676,0.5626654898499559
0.3627968337730871,0.036939313984168866,0.03913808267370272,0.5611257695690414
0.3625937362152625,0.03617115130127922,0.04014115571239524,0.5610939567710631
0.3607285650821857,0.0346512661039538,0.04175921812527766,0.5628609506885829
0.3564091112103618,0.03305046895935686,0.04242965609647164,0.5681107637338098
0.35664028144239224,0.0316622691292876,0.04177660510114336,0.5699208443271768
0.35641367066134044,0.033732800710164226,0.04349755881047492,0.5663559698180204
0.34948866162738995,0.03423743886171632,0.044464206313917294,0.5718096931969764
0.34944567627494455,0.03503325942350333,0.04390243902439024,0.5716186252771619
0.3530189510797708,0.035698545614808286,0.04451300132216836,0.5667695019832525
0.35288888888888886,0.035555555555555556,0.043111111111111114,0.5684444444444444
0.3580960854092527,0.03825622775800712,0.04181494661921708,0.5618327402135231
0.34889867841409694,0.03832599118942731,0.04140969162995595,0.5713656387665198
0.3481710004407228,0.03922432789775231,0.04010577346848832,0.5724988981930366
0.3502626970227671,0.03896672504378284,0.04159369527145359,0.5691768826619965
0.34278122232063774,0.03897254207263064,0.043401240035429584,0.5748449955713021
0.34008810572687226,0.04008810572687225,0.04581497797356828,0.5740088105726873
0.3448581560283688,0.041223404255319146,0.043882978723404256,0.5700354609929078
0.3390652557319224,0.04497354497354497,0.04409171075837742,0.5718694885361552
0.33688415446071907,0.041278295605858856,0.04349755881047492,0.5783399911229472
0.34169969176574194,0.04007045354469397,0.04667547335975341,0.5715543813298106
0.3433761630482942,0.042977403633141335,0.04563579973416039,0.5680106335844041
0.3305567733450241,0.04296361245067953,0.04603244191144235,0.580447172292854
0.3367759317467445,0.040862146385271664,0.04580152671755725,0.5765603951504266
0.3402932030208796,0.03953798311861395,0.04309195912927588,0.5770768547312306
0.3419758605274922,0.039785426911041574,0.04202056325435852,0.5762181493071077
0.33951434878587194,0.04282560706401766,0.04061810154525387,0.5770419426048565
0.3342198581560284,0.0398936170212766,0.040336879432624116,0.5855496453900709
0.3365596128464584,0.040475142982842056,0.04179498460184778,0.5811702595688517
0.3368513632365875,0.03913808267370272,0.0426561125769569,0.5813544415127528
0.33964757709251103,0.03656387665198238,0.042731277533039645,0.581057268722467
0.3378734622144112,0.03734622144112478,0.04261862917398945,0.5821616871704746
0.3370386838594931,0.03823921742996887,0.0426856380613606,0.5820364606491775
0.3382418563141455,0.036590807675145026,0.040160642570281124,0.5850066934404283
0.33024282560706403,0.03708609271523179,0.040176600441501106,0.5924944812362031
0.32341181697023547,0.03553976010661928,0.04175921812527766,0.5992892047978676
0.3265845070422535,0.03829225352112676,0.0409330985915493,0.5941901408450704
0.321572130415364,0.03930326038410004,0.037516748548459135,0.6016078606520768
0.3148804251550044,0.04162976085031001,0.03897254207263064,0.604517271922055
0.31294642857142857,0.04017857142857143,0.040625,0.60625
