C,D,Oc,Od
0.0,0.0,0.0,1.0
0.6666666666666666,0.0,0.0,0.3333333333333333
0.6666666666666666,0.3333333333333333,0.0,0.0
0.8333333333333334,0.16666666666666666,0.0,0.0
0.8571428571428571,0.0,0.0,0.14285714285714285
0.75,0.0,0.0,0.25
0.7058823529411765,0.0,0.0,0.29411764705882354
0.6,0.0,0.0,0.4
0.5555555555555556,0.0,0.07407407407407407,0.37037037037037035
0.5757575757575758,0.0,0.06060606060606061,0.36363636363636365
0.5121951219512195,0.0,0.12195121951219512,0.36585365853658536
0.48,0.04,0.12,0.36
0.47368421052631576,0.07017543859649122,0.12280701754385964,0.3333333333333333
0.45454545454545453,0.10606060606060606,0.12121212121212122,0.3181818181818182
0.43902439024390244,0.10975609756097561,0.12195121951219512,0.32926829268292684
0.44565217391304346,0.10869565217391304,0.08695652173913043,0.358695652173913
0.4722222222222222,0.1111111111111111,0.08333333333333333,0.3333333333333333
0.47863247863247865,0.07692307692307693,0.07692307692307693,0.36752136752136755
0.4961832061068702,0.07633587786259542,0.06870229007633588,0.35877862595419846
0.47333333333333333,0.07333333333333333,0.08666666666666667,0.36666666666666664
0.48502994011976047,0.07784431137724551,0.09580838323353294,0.3413173652694611
0.4787234042553192,0.0797872340425532,0.10106382978723404,0.3404255319148936
0.4423076923076923,0.08653846153846154,0.125,0.34615384615384615
0.43478260869565216,0.07391304347826087,0.14782608695652175,0.34347826086956523
0.43373493975903615,0.08835341365461848,0.11646586345381527,0.3614457831325301
0.41245136186770426,0.09727626459143969,0.1245136186770428,0.3657587548638132
0.43859649122807015,0.11228070175438597,0.10526315789473684,0.34385964912280703
0.40836012861736337,0.1189710610932476,0.12861736334405144,0.3440514469453376
0.40175953079178883,0.12023460410557185,0.12903225806451613,0.3489736070381232
0.41689373297002724,0.11989100817438691,0.11444141689373297,0.34877384196185285
0.4194373401534527,0.12020460358056266,0.10741687979539642,0.35294117647058826
0.4074074074074074,0.12268518518518519,0.1087962962962963,0.3611111111111111
0.41025641025641024,0.11538461538461539,0.11752136752136752,0.35683760683760685
0.3942505133470226,0.1293634496919918,0.11704312114989733,0.3593429158110883
0.3816793893129771,0.1297709923664122,0.13740458015267176,0.3511450381679389
0.38421052631578945,0.12982456140350876,0.14385964912280702,0.34210526315789475
0.3819672131147541,0.12786885245901639,0.15245901639344261,0.3377049180327869
0.37658227848101267,0.12341772151898735,0.14715189873417722,0.3528481012658228
0.37168141592920356,0.13126843657817108,0.14749262536873156,0.3495575221238938
0.3819444444444444,0.13055555555555556,0.14583333333333334,0.3416666666666667
0.3787289234760052,0.13229571984435798,0.14007782101167315,0.34889753566796367
0.3790123456790123,0.1345679012345679,0.1382716049382716,0.34814814814814815
0.3650057937427578,0.1332560834298957,0.13673232908458866,0.3650057937427578
0.36923076923076925,0.13296703296703297,0.13186813186813187,0.3659340659340659
0.37447698744769875,0.13179916317991633,0.12656903765690378,0.36715481171548114
0.3681592039800995,0.136318407960199,0.13233830845771144,0.36318407960199006
0.37090558766859344,0.13680154142581888,0.13391136801541426,0.3583815028901734
0.3618181818181818,0.13272727272727272,0.1390909090909091,0.3663636363636364
0.367572156196944,0.133276740237691,0.13242784380305603,0.366723259762309
0.36261079774375504,0.136986301369863,0.136986301369863,0.36341659951651895
0.3588328075709779,0.13801261829652997,0.14274447949526814,0.36041009463722395
0.35901271503365745,0.13836948391922213,0.14210919970082272,0.3605086013462977
0.3503230437903805,0.14429289303661164,0.14716439339554918,0.3582196697774587
0.3496551724137931,0.1496551724137931,0.1386206896551724,0.3620689655172414
0.354,0.15266666666666667,0.13466666666666666,0.3586666666666667
0.3542483660130719,0.14967320261437908,0.13333333333333333,0.3627450980392157
0.34714375392341495,0.15379786566227244,0.1337099811676083,0.3653483992467043
0.340632603406326,0.1575425790754258,0.13686131386861314,0.36496350364963503
0.33908387864366446,0.15585960737656157,0.1439619274241523,0.36109458655562165
0.33527019174898315,0.1545613015688553,0.1481696687972109,0.36199883788495063
0.33294930875576034,0.15610599078341014,0.1480414746543779,0.3629032258064516
0.3268265476854434,0.16285554935861685,0.1528165086447295,0.35750139431121025
0.3287369001654716,0.16271373414230558,0.15499172642029785,0.35355763927192496
0.3206933911159263,0.1646803900325027,0.1581798483206934,0.3564463705308776
0.31283138918345704,0.17179215270413573,0.1574761399787911,0.3579003181336161
0.30665280665280664,0.17515592515592515,0.16112266112266113,0.35706860706860705
0.3123092573753815,0.17650050864699898,0.15462868769074262,0.3565615462868769
0.30171543895055497,0.17457114026236126,0.15539858728557013,0.3683148335015136
0.2966650074664012,0.17819810851169737,0.1607765057242409,0.36436037829766055
0.30073710073710075,0.1773955773955774,0.1538083538083538,0.36805896805896804
0.2994071146245059,0.17440711462450592,0.15316205533596838,0.3730237154150198
0.3032544378698225,0.18244575936883628,0.15039447731755423,0.363905325443787
0.297244094488189,0.18208661417322836,0.15206692913385828,0.3686023622047244
0.299162148841794,0.18235584031542632,0.1508132084770823,0.3676688023656974
0.306790425012213,0.17342452369320957,0.14997557401074743,0.36980947728383
0.29420360448124694,0.17389186556259134,0.15538236726741353,0.37652216268874816
0.2915465898174832,0.1781940441882805,0.1575408261287224,0.37271853986551395
0.28709055876685935,0.18352601156069365,0.1565510597302505,0.37283236994219654
0.29459588713534196,0.179818268770923,0.15399330463892874,0.3715925394548063
0.29506641366223907,0.17836812144212524,0.1555977229601518,0.3709677419354839
0.29411764705882354,0.18077474892395984,0.15447154471544716,0.3706360593017695
0.296455938697318,0.17337164750957854,0.15134099616858238,0.37883141762452105
0.29375879868606286,0.1712810886907555,0.15157203190990146,0.3833880807132802
0.28986197049024276,0.17658257972394098,0.1561161351737268,0.37743931461208946
0.29316888045540795,0.17314990512333966,0.15654648956356737,0.377134724857685
0.2980410447761194,0.1707089552238806,0.1571828358208955,0.37406716417910446
0.29627906976744184,0.18093023255813953,0.15488372093023256,0.36790697674418604
0.29636533084808947,0.18080149114631874,0.15470643056849953,0.3681267474370923
0.29653882132834425,0.1842843779232928,0.15481758652946678,0.36435921421889617
0.2961591855622397,0.18463674224895882,0.15640906987505784,0.3627950023137436
0.30362116991643456,0.17920148560817084,0.15506035283194058,0.362116991643454
0.3080129689671144,0.17832329782306625,0.15423807318202873,0.35942566002779064
0.3031988873435327,0.1761706073249884,0.15530829856281872,0.3653222067686602
0.30517965468968733,0.17685487634157723,0.15305646290247316,0.36490900606626225
0.301477377654663,0.17636195752539244,0.1523545706371191,0.3698060941828255
0.2978624535315985,0.1775092936802974,0.15613382899628253,0.36849442379182157
0.30426629160806373,0.17580872011251758,0.15752461322081576,0.3624003750586029
0.3033443240697127,0.1785209609043806,0.15873763542157324,0.3593970796043335
0.3062937062937063,0.17575757575757575,0.15804195804195803,0.3599067599067599
0.30833721471821146,0.17605961807172799,0.1574289706567303,0.3581741965533302
0.3062645011600928,0.1888631090487239,0.1554524361948956,0.3494199535962877
0.303962703962704,0.19487179487179487,0.16177156177156177,0.3393939393939394
0.3072232645403377,0.1894934333958724,0.16416510318949343,0.33911819887429645
0.30783582089552236,0.18516791044776118,0.16511194029850745,0.341884328358209
0.30694444444444446,0.18425925925925926,0.16527777777777777,0.3435185185185185
0.30894687791239517,0.18452935694315004,0.16635601118359739,0.3401677539608574
0.3076923076923077,0.18041958041958042,0.16736596736596737,0.3445221445221445
0.3099767981438515,0.18051044083526682,0.16612529002320187,0.3433874709976798
0.3172541743970315,0.1790352504638219,0.17115027829313545,0.3325602968460111
0.31633130556855404,0.17407580720636406,0.17641553579784744,0.3331773514272344
0.3145804031879981,0.16783872480075013,0.18143459915611815,0.3361462728551336
0.3171536286522149,0.16163996229971725,0.18378887841658811,0.3374175306314797
0.31334894613583136,0.16580796252927402,0.18501170960187355,0.3358313817330211
0.31695795937647614,0.16721776098252245,0.18705715635333017,0.3287671232876712
0.3165666820489155,0.16843562528841716,0.1864328564836179,0.32856483617904936
0.31296641791044777,0.17117537313432835,0.18563432835820895,0.3302238805970149
0.30830223880597013,0.17723880597014927,0.18889925373134328,0.3255597014925373
0.310634328358209,0.17117537313432835,0.18889925373134328,0.3292910447761194
0.31494578029231496,0.17256011315417255,0.18811881188118812,0.3243752946723244
0.316658801321378,0.16847569608305804,0.1849929211892402,0.32987258140632375
0.31479736098020733,0.16729500471253533,0.18520263901979264,0.33270499528746467
0.3154456369575362,0.16938870741950537,0.18058796080261316,0.33457769482034533
0.31325863678804855,0.17133520074696545,0.18253968253968253,0.33286647992530344
0.31525266573945293,0.17570700046360685,0.1770978210477515,0.3319425127491887
0.31026474686483974,0.1723176962378077,0.18300046446818394,0.3344170924291686
0.3157894736842105,0.17419655333022824,0.17466231951560315,0.3353516534699581
0.30608453320947515,0.18346493265211333,0.1751045053413841,0.3353460287970274
0.30890538033395176,0.18692022263450836,0.17393320964749537,0.3302411873840445
0.3082706766917293,0.19031954887218044,0.17293233082706766,0.32847744360902253
0.30652070442646356,0.18562589243217514,0.1808662541646835,0.3269871489766778
0.3045733144743046,0.18387553041018387,0.1848184818481848,0.32673267326732675
0.30852567121997176,0.18982571832312764,0.17757889778615168,0.32406971267074897
0.3054373522458629,0.19621749408983452,0.17872340425531916,0.31962174940898347
0.3006535947712418,0.20448179271708683,0.17180205415499533,0.323062558356676
0.3032558139534884,0.20465116279069767,0.16604651162790698,0.326046511627907
0.30398126463700237,0.2009367681498829,0.16908665105386417,0.3259953161592506
0.2984729291994447,0.2077741786210088,0.16658954187875982,0.3271633503007867
0.2993984266543267,0.20823692734844979,0.16982878297084683,0.32253586302637666
0.30113100848256363,0.20358152686145145,0.17342130065975495,0.32186616399622997
0.30580046403712297,0.20232018561484919,0.16983758700696056,0.32204176334106727
0.30248618784530384,0.20395948434622468,0.16758747697974216,0.3259668508287293
0.29679516953088714,0.20529493729679518,0.1723176962378077,0.32559219693450997
0.3040259139287367,0.2022211938917168,0.17306802406293384,0.3206848681166127
0.29879182156133827,0.20492565055762083,0.17146840148698886,0.32481412639405205
0.29948525970987366,0.20589611605053815,0.171268132896584,0.3233504913430042
0.30274802049371213,0.2063344201210992,0.17047042384722869,0.32044713553795995
0.3008849557522124,0.20214252445272474,0.17233348858872846,0.3246390312063344
0.3087686567164179,0.20009328358208955,0.17490671641791045,0.3162313432835821
0.3078714485328365,0.2007452258965999,0.16674429436422916,0.3246390312063344
0.31226591760299627,0.19850187265917604,0.16807116104868913,0.3211610486891386
0.3080129689671144,0.19592403890690135,0.1732283464566929,0.3228346456692913
0.3053864168618267,0.20374707259953162,0.17096018735362997,0.3199063231850117
0.2964519140989729,0.2096171802054155,0.1704014939309057,0.3235294117647059
0.2960710944808232,0.20860617399438727,0.17025257249766138,0.32507015902712816
0.2881911902530459,0.20852858481724462,0.1733833177132146,0.32989690721649484
0.28731867103416003,0.2087037903603182,0.17875526438933084,0.32522227421619093
0.28373382624768945,0.21072088724584104,0.17744916820702403,0.32809611829944546
0.2863109048723898,0.21160092807424594,0.17819025522041762,0.32389791183294664
0.28901200369344415,0.2059095106186519,0.17497691597414589,0.3301015697137581
0.2897065673032138,0.20307405682347462,0.17745691662785282,0.32976245924545877
0.2983271375464684,0.19888475836431227,0.17890334572490707,0.32388475836431224
0.29836829836829837,0.20745920745920746,0.17575757575757575,0.3184149184149184
0.29681647940074907,0.20646067415730338,0.17181647940074907,0.3249063670411985
0.2957089552238806,0.2042910447761194,0.17117537313432835,0.32882462686567165
0.2981220657276995,0.20892018779342722,0.17136150234741784,0.3215962441314554
0.30192217533989685,0.21003281762775433,0.1683075480543835,0.3197374589779653
0.30233644859813086,0.21214953271028036,0.16635514018691588,0.3191588785046729
0.2979420018709074,0.21094480823199252,0.16417212347988774,0.3269410664172123
0.30004644681839293,0.20622387366465397,0.1648862052949373,0.3288434742220158
0.2916279069767442,0.21348837209302327,0.16883720930232557,0.326046511627907
0.28598130841121494,0.2144859813084112,0.17616822429906542,0.3233644859813084
0.29164743885556066,0.21042916474388557,0.17766497461928935,0.3202584217812644
0.28677839851024206,0.20763500931098697,0.17970204841713222,0.3258845437616387
0.275092936802974,0.2128252788104089,0.18076208178438663,0.3313197026022305
0.27370387669313406,0.21578701541335824,0.17655301261092948,0.33395609528257825
0.2721372276309689,0.21372276309689384,0.17524339360222532,0.3388966156699119
0.2732718894009217,0.21059907834101382,0.1737327188940092,0.3423963133640553
0.26685393258426965,0.21395131086142322,0.17883895131086142,0.3403558052434457
0.26358053849787433,0.22248464808691545,0.17713745866792632,0.3367973547472839
0.26340996168582376,0.22509578544061304,0.18199233716475097,0.32950191570881227
0.26050023596035865,0.22038697498820198,0.18216139688532326,0.3369513921661161
0.2627874237447208,0.22243078366963867,0.18113561708118253,0.333646175504458
0.2602739726027397,0.22295701464336326,0.18138875767595655,0.3353802550779405
0.2581406323737612,0.21991505427088248,0.18452100047192072,0.3374233128834356
0.2595025809479118,0.22336931018301268,0.18348193336461754,0.333646175504458
0.26048462255358806,0.22041006523765144,0.18499534016775396,0.3341099720410065
0.25837988826815644,0.22160148975791433,0.18761638733705774,0.3324022346368715
0.2606857679661813,0.2235791451385627,0.1874119304837952,0.32832315641146076
0.26491310474401125,0.22827618600281824,0.18694222639736965,0.31986848285580083
0.2625354777672658,0.22847682119205298,0.18543046357615894,0.32355723746452225
0.267572633552015,0.22586691658856609,0.18416119962511715,0.32239925023430177
0.266728624535316,0.2253717472118959,0.1854089219330855,0.3224907063197026
0.2659870250231696,0.22613531047265986,0.1881371640407785,0.31974050046339203
0.2585480093676815,0.23278688524590163,0.1845433255269321,0.32412177985948476
0.2618371212121212,0.23200757575757575,0.18607954545454544,0.32007575757575757
0.2670132325141777,0.22967863894139887,0.1833648393194707,0.31994328922495274
0.27092001849283404,0.22931114193250116,0.18261673601479428,0.31715210355987056
0.2756052141527002,0.2239292364990689,0.1787709497206704,0.32169459962756053
0.2705558107487368,0.22416169039963252,0.18833256775378962,0.3169499310978411
0.2657407407407407,0.2212962962962963,0.1884259259259259,0.324537037037037
0.2652680652680653,0.2275058275058275,0.19067599067599067,0.31655011655011656
0.25794564716720403,0.23215108245048366,0.19345923537540305,0.31644403500690926
0.2608290638099674,0.23055426176059618,0.1904983698183512,0.31811830461108526
0.2554194156456173,0.23327049952874646,0.1941564561734213,0.3171536286522149
0.2521166509877705,0.2295390404515522,0.1975540921919097,0.32079021636876764
0.2607888631090487,0.22366589327146172,0.19350348027842226,0.32204176334106727
0.2543325526932084,0.22295081967213115,0.19297423887587822,0.3297423887587822
0.25270079849694693,0.22310944105213715,0.19116956317519962,0.3330201972757163
0.25610902255639095,0.22274436090225563,0.1912593984962406,0.3298872180451128
0.25656660412757976,0.225140712945591,0.19418386491557224,0.324108818011257
0.2598870056497175,0.22175141242937854,0.19538606403013184,0.3229755178907721
0.25795880149812733,0.21582397003745318,0.1947565543071161,0.33146067415730335
0.26153846153846155,0.2153846153846154,0.19627039627039627,0.32680652680652683
0.25664955669622025,0.21185254316378907,0.2001866542230518,0.3313112459169389
0.26013195098963243,0.21394910461828465,0.19745523091423187,0.3284637134778511
0.2551691729323308,0.2161654135338346,0.19736842105263158,0.33129699248120303
0.2583216127519925,0.21612751992498827,0.20346929207688702,0.32208157524613223
0.25413320736891826,0.2172886159659896,0.20595181861124232,0.32262635805384976
0.2568590350047304,0.21665089877010407,0.206717123935667,0.3197729422894986
0.2537807183364839,0.21975425330812853,0.20132325141776938,0.32514177693761814
0.24858757062146894,0.22693032015065914,0.2010357815442561,0.3234463276836158
0.25070688030160226,0.22384542884071632,0.1998114985862394,0.325636192271442
0.25316455696202533,0.21940928270042195,0.1992498827941866,0.32817627754336615
0.24577067669172933,0.22180451127819548,0.1950187969924812,0.337406015037594
0.24587847385774847,0.2265661799340556,0.19218087611869994,0.335374470089496
0.2512844465203176,0.22606258757589912,0.18636151331153666,0.33629145259224663
0.25254394079555964,0.22756706753006475,0.18732654949121183,0.3325624421831637
0.2514018691588785,0.2266355140186916,0.18317757009345795,0.338785046728972
0.24531835205992508,0.22144194756554308,0.19054307116104868,0.34269662921348315
0.24553990610328638,0.21737089201877935,0.19342723004694837,0.3436619718309859
0.2388966806919121,0.21692379616643293,0.1949509116409537,0.3492286115007013
0.2360980207351555,0.20829406220546653,0.19698397737983034,0.3586239396795476
0.2228003784295175,0.21807000946073793,0.20198675496688742,0.35714285714285715
0.22603383458646617,0.212406015037594,0.20582706766917294,0.3557330827067669
0.226890756302521,0.21055088702147526,0.20868347338935575,0.353874883286648
0.2401500938086304,0.20825515947467166,0.20403377110694185,0.3475609756097561
0.24260910370717972,0.20319099014547162,0.2055373064289066,0.34866259971844205
0.2413955681282414,0.19613389910419612,0.20886374351720888,0.3536067892503536
0.24187558031569173,0.1935933147632312,0.20937790157845868,0.3551532033426184
0.2448323380799265,0.19200734956361967,0.20946256316031236,0.3536977491961415
0.24895494658615885,0.19414770088248956,0.20808174640037158,0.34881560613098
0.24678308823529413,0.1957720588235294,0.21277573529411764,0.3446691176470588
0.24242424242424243,0.19673659673659674,0.21818181818181817,0.34265734265734266
0.24338132837900603,0.19925685090571296,0.217835578262889,0.339526242452392
0.24273664479850046,0.20384254920337394,0.2197750702905342,0.3336457357075914
0.24647887323943662,0.2,0.2192488262910798,0.3342723004694836
0.24611032531824611,0.19754832626119756,0.22347949080622348,0.33286185761433285
0.23737612081170364,0.20198206701274185,0.2241623407267579,0.3364794714487966
0.24054820415879016,0.19896030245746693,0.22069943289224953,0.3397920604914934
0.23751178133836004,0.2064090480678605,0.22101790763430726,0.3350612629594722
0.2354596622889306,0.21529080675422138,0.22185741088180114,0.3273921200750469
0.23432343234323433,0.21782178217821782,0.2197076850542197,0.32814710042432815
0.23303696771174542,0.21899859616284512,0.214787084698175,0.3331773514272344
0.24179943767572634,0.2155576382380506,0.20946579194001874,0.3331771321462043
0.24544179523141654,0.2187938288920056,0.20710612435717626,0.3286582515194016
0.2464722483537159,0.21777986829727186,0.21072436500470368,0.32502351834430854
0.25093109869646185,0.21787709497206703,0.2085661080074488,0.3226256983240223
0.24707533926064576,0.21806270472625175,0.20589611605053815,0.32896583996256434
0.24483082706766918,0.22227443609022557,0.1987781954887218,0.3341165413533835
0.24881964117091596,0.2190745986779981,0.20396600566572237,0.32813975448536353
0.24669811320754717,0.22122641509433963,0.20235849056603775,0.3297169811320755
0.24729156853509185,0.21950070654733866,0.20489872821479038,0.3283089967027791
0.25434068512435476,0.21867667761614265,0.19615204129516658,0.330830595964336
0.2477751756440281,0.22295081967213115,0.19765807962529275,0.33161592505854803
0.246601031411158,0.22081575246132207,0.20065635255508674,0.3319268635724332
0.24417520969245107,0.21994408201304752,0.206430568499534,0.3294501397949674
0.2465753424657534,0.22295701464336326,0.2026452527161077,0.3278223901747756
0.2509487666034156,0.21869070208728653,0.20398481973434535,0.32637571157495254
0.2550683639792551,0.22112211221122113,0.20320603488920322,0.3206034889203206
0.2528409090909091,0.22206439393939395,0.2059659090909091,0.3191287878787879
0.24645222327341532,0.21712393566698202,0.2185430463576159,0.31788079470198677
0.2536608408124705,0.2168162494095418,0.22059518186112423,0.30892772791686346
0.2536817102137767,0.2161520190023753,0.22612826603325414,0.30403800475059384
0.2549203373945642,0.21087160262417995,0.2268041237113402,0.30740393626991563
0.2531527323680523,0.21391872956562355,0.22606258757589912,0.30686595049042503
0.24730173627404975,0.21351478179258565,0.2346316283435007,0.3045518535898639
0.25293289535429375,0.21022993899577663,0.2327545753167527,0.3040825903331769
0.2556179775280899,0.20739700374531836,0.23548689138576778,0.301498127340824
0.2579143389199255,0.20437616387337057,0.23417132216014896,0.30353817504655495
0.2572362278244631,0.20074696545284781,0.23482726423902894,0.30718954248366015
0.25958840037418146,0.1992516370439663,0.22871842843779233,0.3124415341440599
0.262739597942964,0.19635343618513323,0.23094904160822816,0.30995792426367463
0.2693571093383388,0.19192867198498356,0.23744720788362272,0.3012670107930549
0.2637979420018709,0.19597754911131898,0.23292797006548177,0.30729653882132835
0.26676043131739335,0.19503047351148617,0.23441162681669012,0.3037974683544304
0.26588785046728974,0.19813084112149532,0.23224299065420562,0.3037383177570093
0.26725746268656714,0.1935634328358209,0.23787313432835822,0.30130597014925375
0.26610249177244943,0.1908791725434885,0.2444757874941232,0.29854254818993886
0.2632331902718169,0.1888412017167382,0.24558893657606104,0.3023366714353839
0.25634995296331137,0.19143932267168393,0.2427093132643462,0.30950141110065854
0.2603189493433396,0.1899624765478424,0.23639774859287055,0.3133208255159475
0.25430032543003256,0.1915388191538819,0.2394235239423524,0.3147373314737332
0.25634995296331137,0.18908748824082786,0.23189087488240828,0.32267168391345247
0.2607476635514019,0.19205607476635514,0.22897196261682243,0.31822429906542055
0.2581547064305685,0.1929170549860205,0.22646784715750232,0.32246039142590865
0.25664955669622025,0.19878674755016332,0.22491833877741485,0.3196453569762016
0.26046074283027737,0.19746121297602257,0.22143864598025387,0.32063939821344617
0.2523496240601504,0.19830827067669174,0.22462406015037595,0.32471804511278196
0.2503529411764706,0.19341176470588237,0.2268235294117647,0.32941176470588235
0.25117591721542804,0.18532455315145813,0.23142050799623706,0.33207902163687675
0.25276752767527677,0.1900369003690037,0.23062730627306274,0.32656826568265684
0.25929325378614043,0.18953648462597522,0.22854520422212024,0.32262505736576413
0.2603440260344026,0.18781961878196188,0.2203626220362622,0.33147373314737333
0.26675913083680075,0.18307905686546463,0.22699953767914932,0.3231622746185853
0.2644705882352941,0.18635294117647058,0.224,0.3251764705882353
0.2655367231638418,0.17749529190207156,0.22551789077212805,0.3314500941619586
0.2663507109004739,0.17203791469194313,0.22701421800947869,0.3345971563981043
0.2736342042755344,0.1672209026128266,0.2308788598574822,0.32826603325415676
0.2692307692307692,0.17776735459662288,0.22091932457786118,0.3320825515947467
0.2685794920037629,0.18062088428974601,0.22718720602069614,0.3236124176857949
0.26672950047125354,0.17106503298774742,0.23091423185673893,0.33129123468426014
0.27315467795016457,0.16596144804889515,0.22614010343206395,0.33474377056887633
0.27028301886792455,0.16933962264150942,0.22641509433962265,0.3339622641509434
0.2724283701268201,0.16627524659464538,0.22498825739783937,0.33630812588069514
0.2720037453183521,0.16619850187265917,0.22659176029962547,0.3352059925093633
0.26474752241623406,0.17177914110429449,0.22369042000943842,0.33978291647003306
0.26521944313355356,0.17225106182161398,0.22369042000943842,0.33883907503539407
0.2648851383028598,0.1748710736052508,0.22972339428035632,0.33052039381153303
0.2626685262668526,0.17294281729428174,0.2291957229195723,0.33519293351929336
0.2646784715750233,0.17427772600186392,0.2287977632805219,0.3322460391425909
0.2660212079299216,0.17657906869525128,0.22913785154449054,0.32826187183033656
0.2697095435684647,0.1747349008759797,0.23144306131858,0.3241124942369756
0.2707156308851224,0.1713747645951036,0.2339924670433145,0.3239171374764595
0.27609108159392787,0.17409867172675522,0.22580645161290322,0.32400379506641364
0.2735760971055089,0.1746031746031746,0.22782446311858076,0.3239962651727358
0.2793087342363382,0.17141522652965904,0.2297991592713685,0.3194768799626343
0.2867853795688847,0.16729147141518275,0.22727272727272727,0.31865042174320524
0.2835890283589028,0.1706183170618317,0.22129242212924222,0.32450023245002324
0.2850489054494644,0.1695388914764788,0.2231020027945971,0.3223102002794597
0.28067700987306066,0.17113305124588624,0.22190879172543487,0.32628114715561823
0.27906976744186046,0.17892738490745136,0.21689606074988135,0.32510678690080685
0.2788191190253046,0.1794751640112465,0.22305529522024367,0.31865042174320524
0.28236397748592873,0.1796435272045028,0.22045028142589118,0.3175422138836773
0.2880333951762523,0.1794990723562152,0.2212430426716141,0.3112244897959184
0.29182156133828996,0.17657992565055763,0.2184014869888476,0.3131970260223048
0.28538175046554937,0.18109869646182494,0.2202048417132216,0.3133147113594041
0.2846511627906977,0.18511627906976744,0.2153488372093023,0.31488372093023254
0.2888784165881244,0.18567389255419417,0.21347785108388312,0.31196983977379833
0.29261363636363635,0.18371212121212122,0.21638257575757575,0.3072916666666667
0.2976525821596244,0.1835680751173709,0.21502347417840376,0.30375586854460096
0.29867674858223064,0.17958412098298676,0.21975425330812853,0.30198487712665406
0.2974893415442918,0.17906205589767882,0.21932733301752724,0.3041212695405021
0.2987258140632374,0.1755545068428504,0.21708352996696556,0.30863614912694665
0.28762541806020064,0.18107978977544195,0.22503583373148592,0.3062589584328715
0.2918233082706767,0.1799812030075188,0.22086466165413535,0.3073308270676692
0.2849860982391103,0.18535681186283595,0.22381835032437442,0.30583873957367935
0.28657686948444033,0.18114259173246633,0.2299117510450534,0.30236878773803993
0.2914714151827554,0.18088097469540768,0.2338331771321462,0.29381443298969073
0.28753541076487255,0.18366383380547688,0.22898961284230407,0.29981114258734654
0.2938410907381288,0.18053596614950634,0.23554301833568406,0.29007992477668076
0.29145259224661374,0.1835590845399346,0.2321345165810369,0.2928538066324148
0.2926829268292683,0.17823639774859287,0.23358348968105067,0.2954971857410882
0.2900046926325669,0.18113561708118253,0.2346316283435007,0.29422806194274986
0.2923292797006548,0.18288119738072967,0.23246024321796072,0.2923292797006548
0.2881911902530459,0.18275538894095594,0.23289597000937207,0.29615745079662603
0.2896200185356812,0.18072289156626506,0.23354958294717332,0.29610750695088045
0.2909683426443203,0.18016759776536312,0.23324022346368714,0.2956238361266294
0.29414542020774315,0.17233238904627007,0.23796033994334279,0.295561850802644
0.2964519140989729,0.16666666666666666,0.24089635854341737,0.29598506069094305
0.29962894248608535,0.16883116883116883,0.23469387755102042,0.29684601113172543
0.29911339244050394,0.17218852076528232,0.23891740550629958,0.2897806812879141
0.2967289719626168,0.1724299065420561,0.2397196261682243,0.2911214953271028
0.29601873536299766,0.17049180327868851,0.23747072599531616,0.29601873536299766
0.29990671641791045,0.17350746268656717,0.22807835820895522,0.29850746268656714
0.29827021972884527,0.16830294530154277,0.23515661524076673,0.29827021972884527
0.2915492957746479,0.17183098591549295,0.23990610328638498,0.29671361502347415
0.2921559417566933,0.1747299201503053,0.2390793799906059,0.2940347581023955
0.2854468881609733,0.171268132896584,0.2442676649508657,0.299017313991577
0.2808727948003714,0.1731662024141133,0.24698235840297122,0.2989786443825441
0.2871699861046781,0.17369152385363595,0.24687355257063456,0.2922649374710514
0.2812933025404157,0.1745958429561201,0.246189376443418,0.2979214780600462
0.2834101382488479,0.17972350230414746,0.23870967741935484,0.2981566820276498
0.28003740065451144,0.18326320710612437,0.23655913978494625,0.30014025245441794
0.2745006967022759,0.18764514630747794,0.2345564328843474,0.3032977241058987
0.27349228611500703,0.1846657316503039,0.23796166432912577,0.30388031790556336
0.2699443413729128,0.187847866419295,0.23515769944341372,0.3070500927643785
0.2758460825220213,0.18636995827538247,0.23412146499768197,0.30366249420491426
0.2786885245901639,0.1882903981264637,0.2332552693208431,0.2997658079625293
0.2758298270219729,0.19214586255259467,0.23515661524076673,0.2968676951846657
0.2720379146919431,0.1900473933649289,0.23222748815165878,0.3056872037914692
0.2680851063829787,0.18770685579196217,0.23735224586288417,0.30685579196217494
0.2677313292625646,0.185533114138093,0.24189760450915923,0.30483795209018316
0.2644434006575857,0.18788163457022075,0.24142790042273368,0.30624706434945986
0.2676387582314205,0.1839134524929445,0.23753527751646283,0.31091251175917217
0.2691764705882353,0.18211764705882352,0.23858823529411766,0.31011764705882355
0.269811320754717,0.1792452830188679,0.23962264150943396,0.3113207547169811
0.2695405021316911,0.17811463761250593,0.23732828043581242,0.31501657981999054
0.27345215759849906,0.18105065666041276,0.2373358348968105,0.30816135084427765
0.2822057460611678,0.1784059314179796,0.2340129749768304,0.30537534754402224
0.2774647887323944,0.17746478873239438,0.2380281690140845,0.30704225352112674
0.2782773308092759,0.17132039753904402,0.23852342640795077,0.3118788452437293
0.2771141901576684,0.1767797419971333,0.2283803153368371,0.3177257525083612
0.27783063748810655,0.18030447193149382,0.22978116079923883,0.3120837297811608
0.2756200280767431,0.18156293869911092,0.22976134768366868,0.3130556855404773
0.27538970240906946,0.1776098252243741,0.23618327822390175,0.3108171941426547
0.2767475035663338,0.1783166904422254,0.23870660960532572,0.30622919638611507
0.2768867924528302,0.1811320754716981,0.23867924528301887,0.30330188679245285
0.274601686972821,0.18228678537956888,0.2408622305529522,0.3022492970946579
0.28478057889822594,0.1788048552754435,0.23669467787114845,0.29971988795518206
0.2845643939393939,0.18181818181818182,0.2334280303030303,0.3001893939393939
0.28605089538171535,0.18096135721017909,0.2360980207351555,0.29688972667295005
0.2943127962085308,0.18293838862559242,0.22796208530805687,0.2947867298578199
0.29241706161137443,0.1848341232227488,0.23270142180094786,0.2900473933649289
0.2874646559849199,0.1875589066918002,0.2299717247879359,0.295004712535344
0.28464067637388446,0.18365429779239079,0.2343823391263504,0.29732268670737433
0.2849740932642487,0.18747056052755534,0.2369288742345737,0.29062647197362224
0.2780373831775701,0.18504672897196262,0.24018691588785046,0.2967289719626168
0.2796610169491525,0.18879472693032015,0.23540489642184556,0.2961393596986817
0.27973671838269865,0.1857075693464974,0.231311706629055,0.3032440056417489
0.2772045028142589,0.19090056285178236,0.22185741088180114,0.3100375234521576
0.27733458470201783,0.19615204129516658,0.2257156264664477,0.3007977475363679
0.2819321876451463,0.19414770088248956,0.22480260102183,0.29911751045053414
0.28666035950804164,0.20482497634815516,0.2194891201513718,0.2890255439924314
0.2812939521800281,0.21143928738865447,0.22409751523675575,0.28316924519456166
0.27703016241299305,0.2046403712296984,0.22041763341067286,0.29791183294663576
0.27861163227016883,0.20075046904315197,0.21857410881801126,0.30206378986866794
0.27912395153774466,0.20270270270270271,0.21714818266542404,0.30102516309412863
0.27793427230046946,0.20375586854460093,0.2215962441314554,0.29671361502347415
0.2803563056727614,0.2062822315986873,0.21612751992498827,0.2972339428035631
0.27876520112254444,0.21094480823199252,0.2100093545369504,0.30028063610851263
0.2833333333333333,0.2064814814814815,0.20787037037037037,0.3023148148148148
0.27790751985053713,0.21018215787015412,0.203176085941149,0.3087342363381597
0.2768022181146026,0.2134935304990758,0.20055452865064696,0.3091497227356747
0.27501163331782225,0.21172638436482086,0.20381572824569566,0.30944625407166126
0.27729157070474436,0.22063565177337632,0.19944725932749885,0.3026255181943805
0.27268496975337364,0.22056770590972546,0.20148906468124708,0.3052582596556538
0.27243142724314273,0.22082752208275222,0.19572291957229196,0.3110181311018131
0.26768377253814146,0.22561257512713823,0.19602404068423485,0.3106796116504854
0.2799813345776948,0.2277181521231918,0.188987400839944,0.30331311245916937
0.2744641192917055,0.22273998136067102,0.1961789375582479,0.3066169617893756
0.2755102040816326,0.22077922077922077,0.19619666048237477,0.3075139146567718
0.2760074976569822,0.22305529522024367,0.19634489222118087,0.3045923149015933
0.27132867132867133,0.22144522144522144,0.20512820512820512,0.3020979020979021
0.27099767981438516,0.22366589327146172,0.20185614849187936,0.30348027842227376
0.2723915050784857,0.22483841181902123,0.20406278855032317,0.2987072945521699
0.2754575316752698,0.22008446738620366,0.2013139371187236,0.3031440638198029
0.274601686972821,0.22071227741330834,0.20103092783505155,0.3036551077788191
0.27255726975222067,0.2267414679756896,0.19915848527349228,0.3015427769985975
0.27005597014925375,0.22621268656716417,0.2042910447761194,0.2994402985074627
0.2668855534709193,0.22842401500938087,0.20403377110694185,0.30065666041275796
0.2707749766573296,0.22408963585434175,0.2012138188608777,0.30392156862745096
0.26879699248120303,0.22697368421052633,0.19595864661654136,0.3082706766917293
0.2689035916824197,0.23015122873345936,0.1956521739130435,0.3052930056710775
0.26914044152184124,0.23062470643494598,0.19633630812588068,0.30389854391733206
0.27010406811731313,0.2294228949858089,0.1977294228949858,0.30274361400189215
0.2695367337388863,0.2339728591483388,0.19747309312119793,0.299017313991577
0.2689270784951231,0.231769623780771,0.19414770088248956,0.30515559684161636
0.27488372093023256,0.22790697674418606,0.19395348837209303,0.3032558139534884
0.27174424071462155,0.22755054066760697,0.1927597555242125,0.307945463093559
0.2704609595484478,0.22436500470366885,0.1942615239887112,0.31091251175917217
0.2766258246936852,0.2224316682375118,0.19038642789820923,0.3105560791705938
0.27341532639545885,0.2237464522232734,0.1934720908230842,0.3093661305581835
0.2696998123827392,0.22842401500938087,0.19277673545966229,0.30909943714821764
0.270004679457183,0.22648572765559194,0.1918577445016378,0.3116518483855873
0.2746741154562384,0.22299813780260708,0.18528864059590316,0.3170391061452514
0.28120584079133304,0.22373999057936883,0.18370230805463966,0.3113518605746585
0.2738038844149692,0.21553765987683562,0.18900994789199432,0.32164850781620086
0.27715355805243447,0.22284644194756553,0.1853932584269663,0.3146067415730337
0.2759755524212506,0.22002820874471085,0.18899858956276447,0.3149976492712741
0.27618600281822453,0.21888210427430718,0.18976045091592297,0.31517144199154534
0.2776470588235294,0.21411764705882352,0.19011764705882353,0.3181176470588235
0.27972027972027974,0.21351981351981353,0.19207459207459207,0.3146853146853147
0.2764456981664316,0.21344616831217678,0.19370004701457452,0.3164080865068171
0.28043581241117954,0.20843202273803885,0.19185220274751302,0.3192799621032686
0.28839830906528885,0.2062000939408173,0.18976045091592297,0.3156411460779709
0.29242212924221295,0.20362622036262204,0.18596001859600186,0.3179916317991632
0.2838923004251299,0.2054794520547945,0.18564005668398678,0.3249881908360888
0.28171021377672206,0.20807600950118765,0.1824228028503563,0.32779097387173395
0.2870018975332068,0.20872865275142316,0.18453510436432638,0.31973434535104367
0.2824355971896956,0.2098360655737705,0.18922716627634661,0.3185011709601874
0.2775981524249423,0.21893764434180138,0.1884526558891455,0.31501154734411085
0.2773859896567936,0.21861777150916784,0.18805829807240246,0.3159379407616361
0.2766557069046501,0.21794269610145608,0.18976045091592297,0.3156411460779709
0.2717492984097287,0.22029934518241348,0.19176800748362957,0.3161833489242282
0.26651053864168617,0.21639344262295082,0.1990632318501171,0.3180327868852459
0.26450116009280744,0.21299303944315545,0.20092807424593967,0.32157772621809744
0.2657699443413729,0.21150278293135436,0.2012987012987013,0.32142857142857145
0.26821345707656613,0.21067285382830628,0.2088167053364269,0.3122969837587007
0.25996292863762743,0.21223354958294718,0.21084337349397592,0.3169601482854495
0.257631822386679,0.211840888066605,0.2127659574468085,0.3177613320999075
0.2577367205542725,0.21108545034642032,0.2161662817551963,0.31501154734411085
0.2563745943439963,0.20815948076031526,0.21882243857209085,0.31664348632359757
0.2583955223880597,0.2103544776119403,0.2150186567164179,0.3162313432835821
0.25910364145658266,0.20728291316526612,0.2119514472455649,0.3216619981325864
0.2532169117647059,0.20634191176470587,0.21277573529411764,0.32766544117647056
0.25265099124020285,0.2074688796680498,0.21392346703550022,0.3259566620562471
0.2523062730627306,0.20987084870848707,0.2140221402214022,0.3238007380073801
0.2531177829099307,0.20369515011547343,0.21801385681293303,0.32517321016166284
0.26337831549557933,0.20102373196835738,0.21591437878082828,0.319683573755235
0.26598226784881007,0.2001866542230518,0.21231917872141856,0.3215118992067196
0.2641421224871435,0.19915848527349228,0.2136512388966807,0.3230481533426835
0.2567820392890552,0.20533208606173994,0.2146866230121609,0.323199251637044
0.255338904363974,0.19962859795728877,0.21727019498607242,0.3277623026926648
0.2612994350282486,0.19962335216572505,0.21610169491525424,0.3229755178907721
0.26707202993451823,0.19738072965388212,0.20954162768942938,0.32600561272217027
0.2743280815569972,0.19416126042632068,0.206209453197405,0.3253012048192771
0.2735804786485218,0.1999061473486626,0.1994368840919756,0.32707648991084
0.2735760971055089,0.20074696545284781,0.1984126984126984,0.3272642390289449
0.27365967365967364,0.19627039627039627,0.20233100233100232,0.32773892773892777
0.28130841121495326,0.19672897196261682,0.20327102803738317,0.3186915887850467
0.27497665732959853,0.19981325863678806,0.20168067226890757,0.3235294117647059
0.28319405756731664,0.19823584029712163,0.20473537604456823,0.3138347260909935
0.28280018544274454,0.19749652294853964,0.20815948076031526,0.31154381084840055
0.28349056603773587,0.1957547169811321,0.2108490566037736,0.3099056603773585
0.291647003303445,0.19395941481831053,0.20245398773006135,0.3119395941481831
0.288,0.1915294117647059,0.2028235294117647,0.3176470588235294
0.28478057889822594,0.19467787114845939,0.19514472455648926,0.3253968253968254
0.2906103286384977,0.19295774647887323,0.19483568075117372,0.3215962441314554
0.285781990521327,0.1895734597156398,0.2033175355450237,0.32132701421800947
0.2833491012298959,0.19252601702932828,0.2076631977294229,0.3164616840113529
0.28558008454673556,0.1935180836073274,0.21042743071864725,0.3104744011272898
0.28244631185807656,0.1942110177404295,0.21521942110177406,0.3081232492997199
0.28120649651972157,0.1962877030162413,0.21438515081206497,0.30812064965197217
0.2836946277097078,0.19557021677662584,0.21630537229029217,0.30442978322337416
0.28531206006569687,0.1966213045518536,0.21539183481933363,0.3026748005631159
0.2898823529411765,0.20141176470588235,0.21458823529411764,0.29411764705882354
0.28530670470756064,0.20589633856395625,0.21112696148359486,0.29766999524488824
0.2880228136882129,0.20912547528517111,0.21197718631178708,0.2908745247148289
