C,D,Oc,Od
0.0,1.0,0.0,0.0
0.0,1.0,0.0,0.0
0.0,1.0,0.0,0.0
0.0,1.0,0.0,0.0
0.09090909090909091,0.9090909090909091,0.0,0.0
0.11764705882352941,0.8823529411764706,0.0,0.0
0.17391304347826086,0.8260869565217391,0.0,0.0
0.1875,0.78125,0.03125,0.0
0.1951219512195122,0.7560975609756098,0.04878048780487805,0.0
0.20454545454545456,0.7045454545454546,0.045454545454545456,0.045454545454545456
0.3,0.6166666666666667,0.03333333333333333,0.05
0.379746835443038,0.5443037974683544,0.02531645569620253,0.05063291139240506
0.3925233644859813,0.5233644859813084,0.018691588785046728,0.06542056074766354
0.42857142857142855,0.48872180451127817,0.015037593984962405,0.06766917293233082
0.47305389221556887,0.437125748502994,0.011976047904191617,0.07784431137724551
0.5196078431372549,0.36764705882352944,0.014705882352941176,0.09803921568627451
0.5301204819277109,0.3453815261044177,0.012048192771084338,0.11244979919678715
0.5487012987012987,0.3181818181818182,0.003246753246753247,0.12987012987012986
0.559322033898305,0.2740112994350282,0.005649717514124294,0.16101694915254236
0.5518867924528302,0.25943396226415094,0.009433962264150943,0.1792452830188679
0.5708333333333333,0.22916666666666666,0.008333333333333333,0.19166666666666668
0.5519125683060109,0.22768670309653916,0.007285974499089253,0.21311475409836064
0.5441640378548895,0.21451104100946372,0.012618296529968454,0.22870662460567823
0.5350500715307582,0.2088698140200286,0.015736766809728183,0.24034334763948498
0.5301668806161746,0.18613607188703465,0.019255455712451863,0.2644415917843389
0.5200945626477541,0.19739952718676124,0.02009456264775414,0.2624113475177305
0.5191082802547771,0.1762208067940552,0.024416135881104035,0.2802547770700637
0.492156862745098,0.17352941176470588,0.024509803921568627,0.30980392156862746
0.4954296160877514,0.16544789762340037,0.024680073126142597,0.31444241316270566
0.4944206008583691,0.15879828326180256,0.024892703862660945,0.3218884120171674
0.49720223820943243,0.15267785771382894,0.02717825739408473,0.3229416466826539
0.4870426829268293,0.15701219512195122,0.027439024390243903,0.3285060975609756
0.4832022873481058,0.1472480343102216,0.030736240171551108,0.3388134381701215
0.47547683923705725,0.14373297002724797,0.02997275204359673,0.3508174386920981
0.46297488731487446,0.14230521571152607,0.03412749517063748,0.360592401802962
0.45153374233128835,0.14478527607361963,0.03619631901840491,0.3674846625766871
0.43936731107205623,0.13884007029876977,0.03397773872290568,0.3878148799062683
0.4391353811149033,0.13879408418657566,0.034698521046643914,0.3873720136518771
0.42749326145552563,0.14070080862533693,0.03288409703504043,0.39892183288409705
0.42323869610935855,0.1398527865404837,0.03680336487907466,0.4001051524710831
0.4202607823470411,0.13891675025075226,0.03460381143430291,0.4062186559679037
0.41315014720314036,0.1364082433758587,0.03532875368007851,0.4151128557409225
0.41658676893576224,0.13279002876318313,0.034036433365292426,0.41658676893576224
0.41881141787552645,0.12962096396817968,0.036499766027140855,0.41506785212915304
0.4197936210131332,0.12711069418386492,0.03564727954971857,0.4174484052532833
0.4170877354157097,0.12723932016536518,0.03720716582452917,0.41846577859439593
0.412798557908968,0.12483100495718792,0.04010815682739973,0.42226228030644436
0.40862146385271664,0.1293219577907499,0.04445442299057027,0.4176021553659632
0.4063336306868867,0.12444246208742195,0.04727921498661909,0.42194469223907227
0.4064748201438849,0.12320143884892086,0.048111510791366906,0.4222122302158273
0.40971302428256073,0.12538631346578366,0.046799116997792496,0.4181015452538631
0.40847531673219745,0.1218872870249017,0.04630843162953255,0.4233289646133683
0.40801781737193765,0.12160356347438753,0.049888641425389756,0.42048997772828506
0.410873440285205,0.11809269162210338,0.05080213903743316,0.42023172905525846
0.4123665480427046,0.11966192170818506,0.052935943060498224,0.4150355871886121
0.4007171671896011,0.12102196324518154,0.055580457194083374,0.422680412371134
0.3983237759153066,0.12307013674459638,0.056021173356859286,0.4225849139832378
0.3967828418230563,0.1260053619302949,0.05451295799821269,0.4226988382484361
0.3938310236924452,0.12963790791238267,0.052302190433616454,0.4242288779615557
0.4029451137884873,0.12226684515841142,0.052655064703257475,0.4221329763498438
0.39629302736098854,0.12224183583406885,0.05339805825242718,0.42806707855251547
0.39514348785871967,0.11743929359823399,0.060485651214128036,0.42693156732891835
0.3928255093002657,0.12134632418069087,0.060673162090345435,0.42515500442869797
0.3960923623445826,0.12655417406749556,0.05994671403197158,0.41740674955595025
0.391304347826087,0.12599822537710736,0.06255545696539486,0.42014196983141083
0.3932832523199293,0.12682280159080866,0.062306672558550595,0.41758727353071146
0.3963523131672598,0.12411032028469751,0.06227758007117438,0.41725978647686834
0.3920704845814978,0.1237885462555066,0.06299559471365639,0.4211453744493392
0.3930635838150289,0.1218319253001334,0.06358381502890173,0.42152067585593594
0.39118825100133514,0.12372051624388072,0.059635068980863376,0.42545616377392076
0.39334811529933483,0.12239467849223946,0.06164079822616408,0.42261640798226163
0.39095744680851063,0.12189716312056738,0.0625,0.424645390070922
0.39466666666666667,0.11777777777777777,0.06266666666666666,0.42488888888888887
0.39055604589585174,0.11827007943512798,0.06045895851721095,0.43071491615180935
0.39486498450641877,0.11376715360779106,0.05754758742806552,0.43382027445772464
0.39234875444839856,0.1094306049822064,0.06227758007117438,0.4359430604982206
0.39785905441570024,0.10570918822479929,0.05976806422836753,0.4366636931311329
0.39132359451084553,0.10889774236387782,0.059318282425852145,0.4404603806994245
0.3937112488928255,0.10894596988485385,0.058015943312666074,0.43932683790965454
0.3948421520675856,0.10315695864828812,0.057803468208092484,0.44419742107603377
0.39411247803163446,0.101493848857645,0.058875219683655534,0.44551845342706503
0.39731543624161075,0.09932885906040269,0.058165548098434,0.4451901565995526
0.39510022271714923,0.09532293986636971,0.05968819599109131,0.44988864142538976
0.39293696915511844,0.09745194456861869,0.059901654000894054,0.4497094322753688
0.3959435626102293,0.09611992945326278,0.0564373897707231,0.4514991181657848
0.39991201055873293,0.09326880774307084,0.05851297844258689,0.4483062032556093
0.40325417766051014,0.09366754617414248,0.05672823218997362,0.4463500439753738
0.3983237759153066,0.09307454786060873,0.06043228936921041,0.4481693868548743
0.40017905102954343,0.08997314234556848,0.05998209489704566,0.44986571172784245
0.39400617011899514,0.08902600264433672,0.06302335830762451,0.4539444689290436
0.39079946404644933,0.08753907994640464,0.06297454220634212,0.45868691380080395
0.39045936395759717,0.08701413427561837,0.060954063604240286,0.4615724381625442
0.39209591474245115,0.08658969804618118,0.06127886323268206,0.46003552397868563
0.39412811387900354,0.08274021352313167,0.05782918149466192,0.4653024911032028
0.3974358974358974,0.08311229000884174,0.05747126436781609,0.4619805481874447
0.40097690941385433,0.07992895204262877,0.0563943161634103,0.4626998223801066
0.39369729249889035,0.08388814913448735,0.05814469596094097,0.4642698624056813
0.39212253829321664,0.08402625820568928,0.05645514223194748,0.4673960612691466
0.39368327402135234,0.0791814946619217,0.05382562277580071,0.47330960854092524
0.39016829052258634,0.07617360496014172,0.05447298494242692,0.479185119574845
0.39132359451084553,0.07746790615316512,0.054006197432492256,0.4772023019034971
0.38402871242709735,0.08030506953790938,0.0515926424405563,0.484073575594437
0.3926218708827404,0.07553798858146685,0.052700922266139656,0.47913921826965306
0.3872549019607843,0.0784313725490196,0.05258467023172905,0.48172905525846704
0.38802660753880264,0.07849223946784922,0.0541019955654102,0.4793791574279379
0.3881520778072502,0.07471264367816093,0.05128205128205128,0.4858532272325376
0.38569548047389207,0.07547169811320754,0.051777095217200524,0.48705572619569987
0.38249666814749,0.07418924922256774,0.047534429142603286,0.49577965348733893
0.38261253309797,0.07149161518093557,0.04854368932038835,0.49735216240070607
0.3854674346477625,0.07532122286220647,0.046964997784669914,0.4922463447053611
0.38348868175765644,0.07501109631602308,0.043941411451398134,0.49755881047492234
0.37439507259128907,0.08007039155301364,0.04223493180818302,0.5032996040475143
0.3748350197976243,0.0840299164100308,0.04135503739551254,0.4997800263968324
0.3723309608540925,0.07873665480427046,0.04581850533807829,0.5031138790035588
0.3728963684676705,0.08104517271922054,0.04428697962798937,0.5017714791851196
0.3725318121983326,0.07985958753839403,0.041246160596752963,0.5063624396665204
0.3717488789237668,0.08385650224215246,0.039461883408071746,0.5049327354260089
0.37566844919786097,0.08110516934046345,0.04055258467023173,0.5026737967914439
0.3712021136063408,0.07837956847203875,0.0361074416556583,0.5143108762659622
0.37155555555555553,0.08,0.04,0.5084444444444445
0.37112488928255094,0.0775022143489814,0.03941541186891054,0.5119574844995571
0.36727434415295684,0.07692307692307693,0.039573143619386394,0.5162294353045798
0.36651982378854625,0.07709251101321586,0.038766519823788544,0.5176211453744494
0.36697653829127935,0.0787959274015051,0.038069942452412575,0.516157591854803
0.36475770925110135,0.0762114537444934,0.039647577092511016,0.5193832599118943
0.35726872246696034,0.0762114537444934,0.04140969162995595,0.5251101321585903
0.358974358974359,0.07471264367816093,0.04155614500442087,0.5247568523430592
0.35843101893597834,0.07664562669071236,0.043733092876465283,0.521190261496844
0.3664760228772547,0.07699076110866696,0.0409150901891773,0.515618125824901
0.3622674933569531,0.07263064658990256,0.0420726306465899,0.5230292294065545
0.359769605671245,0.06867523260965884,0.04164820558263181,0.5299069561364643
0.36557231588287487,0.06566104702750665,0.04303460514640639,0.525732031943212
0.3595555555555556,0.06888888888888889,0.042222222222222223,0.5293333333333333
0.3611607142857143,0.06919642857142858,0.04107142857142857,0.5285714285714286
0.35278514588859416,0.06763925729442971,0.044650751547303275,0.5349248452696729
0.35623073535887273,0.06649053280493175,0.04491413474240423,0.5323645970937912
0.36127040141155714,0.06837229819144243,0.04146449051610057,0.5288928098808998
0.3554670208056662,0.06684373616644533,0.04205400619743249,0.535635236830456
0.35371755389353277,0.06555213374395072,0.04135503739551254,0.539375274967004
0.3607567091948966,0.0664320281566212,0.0409150901891773,0.5318961724593049
0.3533834586466165,0.06678460858027421,0.04113224237063246,0.5386996904024768
0.35621934908604547,0.06776638430673206,0.04190815871600535,0.5341061078912172
0.3619768477292965,0.06322350845948353,0.044968833481745324,0.5298308103294747
0.35701438848920863,0.06384892086330936,0.047661870503597124,0.5314748201438849
0.35359856951274027,0.0657130084935181,0.048725972284309346,0.5319624497094323
0.3539350822587817,0.06358381502890173,0.05202312138728324,0.5304579813250333
0.353927625772286,0.057811120917917035,0.050750220653133275,0.5375110326566638
0.3598585322723254,0.05791335101679929,0.05305039787798409,0.5291777188328912
0.3537985865724382,0.05653710247349823,0.05742049469964664,0.532243816254417
0.35723771580345287,0.054891544931385566,0.057104913678618856,0.5307658255865427
0.36351471900089205,0.04817127564674398,0.056199821587867974,0.532114183764496
0.36211573236889694,0.04701627486437613,0.05244122965641953,0.5384267631103075
0.36727434415295684,0.04357492218763895,0.052912405513561585,0.5362383281458426
0.3611479028697572,0.045033112582781455,0.052538631346578366,0.541280353200883
0.3621071270473661,0.04161133244798584,0.05312084993359894,0.5431606905710491
0.3591549295774648,0.04445422535211268,0.05545774647887324,0.5409330985915493
0.361013986013986,0.046765734265734264,0.052884615384615384,0.5393356643356644
0.36202307009760426,0.04259094942324756,0.05323868677905945,0.5421472937000887
0.3597345132743363,0.04336283185840708,0.05132743362831858,0.5455752212389381
0.365376056964842,0.04316866933689364,0.0516243880729862,0.5398308856252781
0.3592362344582593,0.04085257548845471,0.052397868561278864,0.5475133214920072
0.3499554764024933,0.04096170970614425,0.05209260908281389,0.5569902048085486
0.3448888888888889,0.03866666666666667,0.05377777777777778,0.5626666666666666
0.3410714285714286,0.04107142857142857,0.053125,0.5647321428571429
0.34151785714285715,0.04241071428571429,0.053125,0.5629464285714286
0.34395750332005315,0.04426737494466578,0.05002213368747233,0.5617529880478087
0.3466010733452594,0.04293381037567084,0.04785330948121646,0.5626118067978533
0.3441385435168739,0.04218472468916518,0.0452930728241563,0.5683836589698046
0.34748010610079577,0.042440318302387266,0.04332449160035367,0.5667550839964633
0.3500221533008418,0.044306601683650866,0.04031900753212229,0.565352237483385
0.3464254192409532,0.04280670785525154,0.041924095322153576,0.5688437775816416
0.34944567627494455,0.04301552106430155,0.043458980044345896,0.564079822616408
0.3455031166518255,0.043187889581478185,0.04541406945681211,0.5658949243098842
0.34865223155103847,0.04639858594785683,0.04021210782147592,0.5647370746796289
0.3494081543182815,0.04603244191144235,0.03857957036387549,0.5659798334064007
0.3414310954063604,0.045936395759717315,0.037102473498233215,0.575530035335689
0.3471001757469244,0.04789103690685413,0.03646748681898067,0.5685413005272407
0.3473451327433628,0.04601769911504425,0.03805309734513274,0.5685840707964602
0.34940291906236176,0.04555506413091552,0.038920831490490936,0.5661211853162318
0.3399822695035461,0.04698581560283688,0.03856382978723404,0.574468085106383
0.34011499336576734,0.047766475011057054,0.03759398496240601,0.5745245466607696
0.33732800710164224,0.04704837993786063,0.03817132711939636,0.5774522858411008
0.33945364979847736,0.045230631437527986,0.039856695029108824,0.5754590237348858
0.3380530973451327,0.048230088495575224,0.03893805309734513,0.5747787610619469
0.33126934984520123,0.04909332153914197,0.04467049977885891,0.5749668288367978
0.33184656556645853,0.04950936663693131,0.04415700267618198,0.5744870651204282
0.32738626226583406,0.0463871543264942,0.04504906333630687,0.5811775200713648
0.32921992066989864,0.04715733803437638,0.04495372410753636,0.5786690171881886
0.3283318623124448,0.04457193292144748,0.04589585172109444,0.5812003530450133
0.32686369651521835,0.04543449492721659,0.043670048522276135,0.5840317600352889
0.3185644661054497,0.0460788657509969,0.04209127159946832,0.593265396544085
0.32252332296756997,0.04620168813860506,0.04531319413593958,0.5859617947578853
0.3229349736379613,0.04657293497363796,0.043936731107205626,0.586555360281195
0.3246924428822496,0.04745166959578207,0.0421792618629174,0.585676625659051
0.32396251673360105,0.04685408299866131,0.043284248103525214,0.5858991521642124
0.3237250554323725,0.048337028824833705,0.043458980044345896,0.5844789356984479
0.328,0.04888888888888889,0.043555555555555556,0.5795555555555556
0.3321476211649622,0.050689195197865716,0.04313028012449978,0.5740329035126723
0.3305084745762712,0.04906333630686887,0.042818911685994644,0.5776092774308653
0.3287852112676056,0.04841549295774648,0.04181338028169014,0.5809859154929577
0.3318719859710653,0.050416483998246386,0.04515563349408154,0.5725558965366068
0.3337707786526684,0.05074365704286964,0.04505686789151356,0.5704286964129484
0.3412026726057906,0.04899777282850779,0.044097995545657014,0.5657015590200446
0.3334807607253428,0.04953560371517028,0.04599734630694383,0.5709862892525431
0.3389158219479947,0.04671661524900837,0.04495372410753636,0.5694138386954606
0.3380719680142159,0.047534429142603286,0.043980453131941356,0.5704131497112395
0.34025629695095005,0.04330534688466637,0.04197967300044189,0.5744586831639417
0.34496644295302015,0.042953020134228186,0.042505592841163314,0.5695749440715884
0.3415710503089144,0.045454545454545456,0.043689320388349516,0.5692850838481907
0.3453014184397163,0.04920212765957447,0.043882978723404256,0.561613475177305
0.35106382978723405,0.04698581560283688,0.0425531914893617,0.5593971631205674
0.354541465555068,0.04387889425186485,0.04212373848179026,0.5594559017112769
0.3468208092485549,0.0426856380613606,0.041796353935082256,0.5686971987550022
0.3426294820717131,0.04072598494909252,0.04205400619743249,0.5745905267817618
0.3433628318584071,0.04247787610619469,0.0415929203539823,0.5725663716814159
0.34576568670469504,0.04300131636682756,0.03861342694164107,0.5726195699868364
0.3494293239683933,0.04170324846356453,0.03687445127304653,0.5719929762949956
0.34496466431095407,0.04240282685512368,0.03931095406360424,0.573321554770318
0.3362792752982766,0.04197967300044189,0.04242156429518339,0.5793194874060981
0.33902012248468943,0.03937007874015748,0.04374453193350831,0.5778652668416447
0.3348115299334812,0.03813747228381375,0.04745011086474501,0.5796008869179601
0.337696335078534,0.04057591623036649,0.047556719022687606,0.5741710296684118
0.3447204968944099,0.040372670807453416,0.047471162377994675,0.5674356699201419
0.3378674857393594,0.03861342694164107,0.04914436156208864,0.574374725756911
0.33392461197339246,0.037694013303769404,0.05232815964523282,0.5760532150776053
0.3281733746130031,0.039805395842547546,0.053516143299425036,0.5785050862450243
0.33540925266903915,0.03870106761565836,0.05338078291814947,0.572508896797153
0.3401511783014673,0.03868385949310805,0.055135615829257446,0.5660293463761672
0.33288590604026846,0.042058165548098436,0.052348993288590606,0.5727069351230425
0.33259911894273125,0.04317180616740088,0.051541850220264314,0.5726872246696035
0.33012680367293396,0.04241364232619152,0.05115872321818977,0.5763008307826848
0.3249336870026525,0.04553492484526967,0.046419098143236075,0.5831122900088417
0.322339489885664,0.04661389621811785,0.04969217238346526,0.5813544415127528
0.3285024154589372,0.04567413263065437,0.046991655687307864,0.5788317962231005
0.325043630017452,0.04799301919720768,0.04668411867364747,0.5802792321116929
0.3162020905923345,0.051829268292682924,0.046167247386759584,0.585801393728223
0.31792162043152794,0.05195948921180097,0.046235138705416116,0.583883751651255
0.31318923687692984,0.050727834142037936,0.04543449492721659,0.5906484340538156
0.31792162043152794,0.04931748128577719,0.044033465433729636,0.5887274328489652
0.3148312611012433,0.04662522202486678,0.043072824156305506,0.5954706927175843
0.3063457330415755,0.04726477024070022,0.04245076586433261,0.6039387308533917
0.31032967032967035,0.04395604395604396,0.04395604395604396,0.6017582417582418
0.30630233583076244,0.045394446892904367,0.04671661524900837,0.6015866020273248
0.3056768558951965,0.04279475982532751,0.04890829694323144,0.6026200873362445
0.3073170731707317,0.042572062084257206,0.048337028824833705,0.6017738359201774
0.30201931518876207,0.043459174714661986,0.046532045654082525,0.6079894644424935
0.3051519154557464,0.04095112285336856,0.046235138705416116,0.607661822985469
0.30008787346221444,0.03866432337434095,0.05140597539543058,0.6098418277680141
0.30052724077328646,0.04130052724077329,0.05272407732864675,0.6054481546572935
0.2991566799822459,0.039502885042166,0.05104305370616955,0.6102973812694186
0.30375275938189844,0.038852097130242826,0.04944812362030905,0.6079470198675496
0.3011941618752764,0.0362671384343211,0.05042016806722689,0.6121185316231755
0.3013215859030837,0.03524229074889868,0.04713656387665198,0.6162995594713656
0.293569844789357,0.03592017738359202,0.04966740576496674,0.6208425720620843
0.2949288256227758,0.03692170818505338,0.04848754448398576,0.619661921708185
0.2949512843224092,0.03631532329495128,0.046058458813108945,0.6226749335695305
0.2941952506596306,0.03825857519788918,0.04397537379067722,0.623570800351803
0.28870475359790665,0.0396860008722198,0.04840819886611426,0.6232010466637593
0.2877379371403276,0.038955289951305885,0.049136786188579015,0.6241699867197875
0.2872952633908809,0.034528552456839307,0.051350154935812305,0.6268260292164675
0.2867808519982433,0.03293807641633729,0.0461133069828722,0.6341677646025472
0.29215943933420935,0.036355672360928605,0.04336399474375821,0.6281208935611038
0.2872246696035242,0.03832599118942731,0.044933920704845816,0.6295154185022026
0.2865342163355408,0.03576158940397351,0.04150110375275938,0.6362030905077263
0.28888888888888886,0.033777777777777775,0.03777777777777778,0.6395555555555555
0.2965762561138284,0.03334815473543797,0.03601600711427301,0.6340595820364606
0.29469026548672567,0.034513274336283185,0.035398230088495575,0.6353982300884956
0.29020824102791315,0.0358883473637572,0.03544528134692069,0.638458130261409
0.2897278314310799,0.03687445127304653,0.038191395961369626,0.6352063213345039
0.28339191564147626,0.04086115992970123,0.037785588752196834,0.6379613356766256
0.28596646072374227,0.04280670785525154,0.040158870255957636,0.6310679611650486
0.2879858657243816,0.0446113074204947,0.04284452296819788,0.6245583038869258
0.2872340425531915,0.043882978723404256,0.041223404255319146,0.6276595744680851
0.2866578599735799,0.04095112285336856,0.041391457507705856,0.6309995596653457
0.2873512560599383,0.041427941824592335,0.041427941824592335,0.629792860290877
0.28609039052215884,0.0451952610794208,0.041246160596752963,0.6274681878016674
0.28045574057843997,0.04250657318141981,0.04119193689745837,0.6358457493426819
0.2820968458462905,0.0422034651266104,0.043980453131941356,0.6317192358951577
0.2797858099062918,0.04239178937974119,0.04596162427487729,0.6318607764390897
0.28406569019085665,0.041278295605858856,0.04349755881047492,0.6311584553928096
0.2828193832599119,0.040969162995594714,0.04449339207048458,0.6317180616740088
0.2886053673559173,0.039595248570171576,0.04003519577650682,0.6317641882974043
0.2848939929328622,0.04019434628975265,0.04019434628975265,0.6347173144876325
0.279754062362758,0.03732981993851559,0.03732981993851559,0.6455862977602108
0.27767936226749335,0.04074402125775022,0.038529672276350756,0.6430469441984057
0.2862175253192426,0.041391457507705856,0.038749449581682076,0.6336415675913695
0.2875441696113074,0.04284452296819788,0.037544169611307424,0.6320671378091873
0.2889767237593325,0.04479578392621871,0.03820816864295125,0.6280193236714976
0.2970471573380344,0.044072278536800354,0.03525782282944028,0.623622741295725
0.29946761313220943,0.043478260869565216,0.037267080745341616,0.6197870452528838
0.2904782799473453,0.041246160596752963,0.040368582711715666,0.627906976744186
0.29079590929301913,0.041796353935082256,0.041351711871943087,0.6260560248999555
0.2925744775455758,0.041351711871943087,0.041796353935082256,0.6242774566473989
0.2928321678321678,0.04020979020979021,0.04283216783216783,0.6241258741258742
0.2842661965623623,0.04186866460996033,0.04495372410753636,0.628911414720141
0.28653169014084506,0.04137323943661972,0.04621478873239437,0.6258802816901409
0.2862206468763846,0.0407620735489588,0.0460788657509969,0.6269384138236598
0.29017857142857145,0.039732142857142855,0.046875,0.6232142857142857
0.28737170905845605,0.0392681838464971,0.04685408299866131,0.6265060240963856
0.28615115771079075,0.03888160768894714,0.04499781564001747,0.6299694189602446
0.29411764705882354,0.03759398496240601,0.04953560371517028,0.6187527642636002
0.2947462154942119,0.037399821905609976,0.048975957257346395,0.6188780053428317
0.2958057395143488,0.037527593818984545,0.04944812362030905,0.6172185430463576
0.2902222222222222,0.04088888888888889,0.04888888888888889,0.62
0.2855257369115706,0.04003519577650682,0.05367355917289925,0.6207655081390233
0.27900797165633306,0.04384410983170948,0.05225863596102746,0.62488928255093
0.2769367764915405,0.043187889581478185,0.05387355298308103,0.6260017809439002
0.27976980965028775,0.04293935369632581,0.049136786188579015,0.6281540504648074
0.2821978021978022,0.041758241758241756,0.047472527472527476,0.6285714285714286
0.2786666666666667,0.044,0.04755555555555555,0.6297777777777778
0.28070953436807095,0.04301552106430155,0.04789356984478936,0.6283813747228382
0.2826855123674912,0.0446113074204947,0.04858657243816254,0.6241166077738516
0.2749664128974474,0.041648007165248545,0.0483654276757725,0.6350201522615315
0.27460456942003514,0.04173989455184534,0.048330404217926184,0.6353251318101933
0.2697921273772667,0.042459088898717384,0.0508624502432552,0.6368863334807607
0.27264692885550157,0.04330534688466637,0.05037560760053027,0.6336721166593018
0.2797858099062918,0.0392681838464971,0.05042391789379741,0.6305220883534136
0.27960819234194123,0.04140694568121104,0.04853072128227961,0.6304541406945681
0.2838196286472148,0.04420866489832007,0.046419098143236075,0.625552608311229
0.2862206468763846,0.04873726185201595,0.04253433761630483,0.6225077536552946
0.29153605015673983,0.04567845947156292,0.041648007165248545,0.6211374832064487
0.29094922737306844,0.04415011037527594,0.037969094922737305,0.6269315673289183
0.2924107142857143,0.04196428571428571,0.03794642857142857,0.6276785714285714
0.286281429201588,0.04190560211733568,0.037935597706219674,0.6338773709748566
0.2929427430093209,0.0461606746560142,0.03861517976031957,0.6222814025743453
0.2857142857142857,0.04642857142857143,0.03705357142857143,0.6308035714285715
0.28590366769774633,0.044631020768890854,0.0344675209898365,0.6349977905435263
0.28434365460095945,0.04404709986916703,0.033144352376798955,0.6384648931530745
0.28463922089420096,0.04205400619743249,0.03187250996015936,0.6414342629482072
0.28806767586821014,0.03829029385574354,0.03250222617987533,0.641139804096171
0.2875441696113074,0.038869257950530034,0.03489399293286219,0.6386925795053003
0.28053691275167786,0.039373601789709174,0.03534675615212528,0.6447427293064877
0.2778768956289028,0.039250669045495096,0.03612845673505798,0.6467439785905441
0.27156125608137993,0.04201680672268908,0.03715170278637771,0.6492702344095533
0.27964601769911507,0.04070796460176991,0.03672566371681416,0.6429203539823009
0.2766429840142096,0.03996447602131439,0.03641207815275311,0.6469804618117229
0.27681352914997776,0.03693813974187806,0.03649310191366266,0.6497552291944815
0.2796833773087071,0.036939313984168866,0.036499560246262094,0.6468777484608619
0.27680140597539543,0.03734622144112478,0.03383128295254833,0.6520210896309314
0.2764835164835165,0.035164835164835165,0.032527472527472526,0.6558241758241758
0.27807017543859647,0.03728070175438596,0.030263157894736843,0.6543859649122807
0.2740511915269197,0.03795233892321271,0.03000882612533098,0.6579876434245366
0.274622892635315,0.03948535936113576,0.0323868677905945,0.6535048802129547
0.27849223946784923,0.040354767184035474,0.03148558758314856,0.6496674057649667
0.27765437583296315,0.037760995113282986,0.033762772101288314,0.6508218569524655
0.27628684557853056,0.03783545974483062,0.032996040475142985,0.6528816542014958
0.2815405046480744,0.03939796370075255,0.03142983621071271,0.6476316954404604
0.283303730017762,0.03907637655417407,0.03063943161634103,0.6469804618117229
0.2806167400881057,0.03700440528634361,0.03127753303964758,0.6511013215859031
0.2728471001757469,0.03646748681898067,0.03163444639718805,0.6590509666080844
0.27256715103478646,0.03830911492734478,0.031704095112285335,0.6574196389255834
0.2760898282694848,0.0361074416556583,0.035667107001321,0.6521356230735359
0.27132125497127707,0.034025629695095004,0.03711886875828546,0.6575342465753424
0.27102803738317754,0.03871829105473965,0.03693813974187806,0.6533155318202047
0.27466666666666667,0.03911111111111111,0.037333333333333336,0.6488888888888888
0.27164310954063603,0.03931095406360424,0.03489399293286219,0.6541519434628975
0.2669287898645697,0.037570991699432066,0.031891655744866756,0.6636085626911316
0.27256637168141595,0.03849557522123894,0.031415929203539826,0.6575221238938053
0.26931665922286735,0.03930326038410004,0.03394372487717731,0.6574363555158553
0.2650334075723831,0.0378619153674833,0.03162583518930958,0.6654788418708241
0.261978021978022,0.035164835164835165,0.03208791208791209,0.6707692307692308
0.2649270234409553,0.03538257408226449,0.03051747014595312,0.6691729323308271
0.2524271844660194,0.03398058252427184,0.03398058252427184,0.6796116504854369
0.2540874944763588,0.03314184710561202,0.03667697746354397,0.6760936809544852
0.2535149384885764,0.03602811950790861,0.03427065026362039,0.6761862917398945
0.2601410934744268,0.037037037037037035,0.033950617283950615,0.6688712522045855
0.25263157894736843,0.038157894736842106,0.03464912280701754,0.6745614035087719
0.2548245614035088,0.038157894736842106,0.03289473684210526,0.6741228070175439
0.25929164844774816,0.03716659379099257,0.03235679930039353,0.6711849584608658
0.2584171403585483,0.038915609969392216,0.03323130738959335,0.6694359422824662
0.2540659340659341,0.03912087912087912,0.036483516483516484,0.6703296703296703
0.2560386473429952,0.04216073781291173,0.03864734299516908,0.663153271848924
0.2503311258278146,0.039735099337748346,0.039293598233995586,0.6706401766004415
0.2504416961130742,0.03931095406360424,0.04151943462897526,0.6687279151943463
0.24966681474900043,0.03909373611728121,0.03953798311861395,0.6717014660151044
0.24514134275618374,0.04151943462897526,0.03931095406360424,0.6740282685512368
0.24911660777385158,0.04063604240282685,0.03842756183745583,0.6718197879858657
0.24592331423534597,0.04010577346848832,0.038342882327016305,0.6756280299691494
0.24327897752313796,0.038342882327016305,0.04363155575143235,0.6747465843984134
0.23936869793950022,0.03857957036387549,0.046470846120122755,0.6755808855765015
0.2410279131590607,0.0407620735489588,0.043863535666814356,0.6743464776251662
0.23933128024637043,0.03695556533216014,0.044434667839859214,0.6792784865816102
0.24007060900264784,0.037069726390114736,0.04280670785525154,0.6800529567519858
0.2357111209570226,0.03677447939743022,0.04253433761630483,0.6849800620292423
0.23503325942350334,0.037694013303769404,0.042572062084257206,0.6847006651884701
0.23591549295774647,0.040492957746478875,0.042693661971830985,0.6808978873239436
0.233201581027668,0.03689064558629776,0.043478260869565216,0.686429512516469
0.2334370831480658,0.037349933303690526,0.04224099599822143,0.6869719875500222
0.2339572192513369,0.03787878787878788,0.0374331550802139,0.6907308377896613
0.24014178112538767,0.03677447939743022,0.03721754541426672,0.6858661940629154
0.236,0.036,0.036444444444444446,0.6915555555555556
0.24027959807776322,0.03800786369593709,0.0345128877238969,0.6871996505024028
0.23881258307487815,0.04164820558263181,0.03544528134692069,0.6840939299955694
0.22751558325912732,0.0427426536064114,0.033392698130008905,0.6963490650044524
0.23093873953283384,0.04671661524900837,0.03349493168796827,0.6888497135301895
0.2310405643738977,0.04365079365079365,0.03350970017636684,0.6917989417989417
0.23576158940397351,0.04370860927152318,0.03443708609271523,0.686092715231788
0.22864768683274023,0.04314946619217082,0.03558718861209965,0.6926156583629893
0.22723214285714285,0.04107142857142857,0.03705357142857143,0.6946428571428571
0.2336572438162544,0.04063604240282685,0.03666077738515901,0.6890459363957597
0.23934280639431615,0.04218472468916518,0.03507992895204263,0.683392539964476
0.24363476733977174,0.041264266900790166,0.03467954345917471,0.6804214223002634
0.23948649845064188,0.04249667994687915,0.038069942452412575,0.6799468791500664
0.24084693427437143,0.04543449492721659,0.036612262902514334,0.6771063078958977
0.24035476718403548,0.04656319290465632,0.038580931263858094,0.6745011086474502
0.2403677758318739,0.047285464098073555,0.03765323992994746,0.6746935201401051
0.23539823008849559,0.047345132743362835,0.03805309734513274,0.6792035398230089
0.2284826974267968,0.04525288376220053,0.03771073646850044,0.6885536823425022
0.2205037560760053,0.04551480335837384,0.03667697746354397,0.6973044631020769
0.22513321492007105,0.04706927175843695,0.037300177619893425,0.6904973357015985
0.2185022026431718,0.04933920704845815,0.03656387665198238,0.6955947136563877
0.22530864197530864,0.04585537918871252,0.03835978835978836,0.6904761904761905
0.23032714412024757,0.040671971706454466,0.03757736516357206,0.6914235190097259
0.2336980306345733,0.04026258205689278,0.036323851203501095,0.6897155361050328
0.23224653863331846,0.03841000446627959,0.034836980794997766,0.6945064761054042
0.23306948109058928,0.040897097625329816,0.03342128408091469,0.6926121372031663
0.23387450636243967,0.03817463799912242,0.03334795963141729,0.6946028960070206
0.2300531914893617,0.037677304964539006,0.034131205673758866,0.6981382978723404
0.22413793103448276,0.038461538461538464,0.034482758620689655,0.7029177718832891
0.22783143107989465,0.038630377524143986,0.033801580333625986,0.6997366110623354
0.23411816970235452,0.03864948911594847,0.033762772101288314,0.6934695690804087
0.23209549071618038,0.03978779840848806,0.03359858532272325,0.6945181255526083
0.23485513608428446,0.03906935908691835,0.033362598770851626,0.6927129060579456
0.2382639503985828,0.04030115146147033,0.03188662533215235,0.6895482728077945
0.23249669749009247,0.04051078819903126,0.034346103038309116,0.6926464112725671
0.23599470666078518,0.0423467137185708,0.03617115130127922,0.6854874283193648
0.23477493380406,0.04280670785525154,0.0353045013239188,0.6871138570167696
0.23734729493891799,0.04319371727748691,0.036212914485165795,0.6832460732984293
0.23692307692307693,0.043076923076923075,0.03560439560439561,0.6843956043956044
0.23617868199911543,0.03936311366651924,0.03449800973020787,0.6899601946041575
0.23128046078865752,0.03943287549844927,0.03943287549844927,0.689853788214444
0.23557904007045355,0.03786878027300748,0.039189784236019376,0.6873623954205196
0.23539745278875715,0.036012296881862096,0.03864734299516908,0.6899429073342117
0.23748338502436864,0.035002215330084185,0.03810367744793974,0.6894107221976075
0.24185022026431718,0.03436123348017621,0.03788546255506608,0.6859030837004405
0.2353202846975089,0.03469750889679715,0.037811387900355875,0.6921708185053381
0.23666813574261789,0.03305420890260027,0.03613926840017629,0.6941383869546055
0.23691215616681455,0.03460514640638864,0.03637976929902396,0.6921029281277729
0.2352680549401861,0.0358883473637572,0.03943287549844927,0.6894107221976075
0.23165851489550912,0.036905291240551356,0.04046242774566474,0.6909737661182748
0.2369916921731526,0.036292085701792744,0.03760384783559248,0.6891123742894621
0.2368769298632554,0.03484781649757389,0.04014115571239524,0.6881340979267755
0.2380114386273647,0.03915530136383634,0.039595248570171576,0.6832380114386274
0.23818019625334522,0.03791257805530776,0.0383586083853702,0.6855486173059768
0.24955752212389382,0.034513274336283185,0.03672566371681416,0.6792035398230089
0.24646017699115044,0.034955752212389384,0.035398230088495575,0.6831858407079646
0.2504424778761062,0.03672566371681416,0.034070796460176994,0.6787610619469027
0.24744103248776145,0.037828215398308856,0.035603026257231864,0.6791277258566978
0.24493392070484582,0.04185022026431718,0.037444933920704845,0.6757709251101321
0.24007060900264784,0.04060017652250662,0.037069726390114736,0.6822594880847308
0.24391323594510844,0.0398406374501992,0.035413899955732624,0.6808322266489597
0.242091388400703,0.03734622144112478,0.03383128295254833,0.6867311072056239
0.2359451084550686,0.03851261620185923,0.03275785745905268,0.6927844178840195
0.2349582784365393,0.04084321475625823,0.03162055335968379,0.6925779534475187
0.23495575221238937,0.03938053097345133,0.03185840707964602,0.6938053097345133
0.23257878384376388,0.03861517976031957,0.03506435863293387,0.6937416777629827
0.2409372236958444,0.03934571175950486,0.03094606542882405,0.6887709991158267
0.2335540838852097,0.039293598233995586,0.0282560706401766,0.698896247240618
0.2369460289600702,0.04168494953927161,0.028521281263712155,0.6928477402369461
0.22998673153471916,0.04024767801857585,0.03007518796992481,0.6996904024767802
0.23368606701940034,0.03747795414462081,0.029982363315696647,0.6988536155202821
0.23157894736842105,0.039912280701754385,0.031140350877192982,0.6973684210526315
0.23046181172291297,0.04262877442273535,0.03463587921847247,0.6922735346358793
0.22684563758389262,0.043400447427293064,0.03400447427293065,0.6957494407158836
0.22599118942731278,0.04052863436123348,0.033920704845814977,0.6995594713656388
0.22715289982425307,0.040421792618629174,0.03427065026362039,0.6981546572934973
0.22300884955752212,0.03982300884955752,0.035398230088495575,0.7017699115044248
0.21953405017921146,0.03853046594982079,0.03449820788530466,0.7074372759856631
0.2204968944099379,0.035048802129547474,0.03194321206743567,0.712511091393079
0.22163355408388521,0.03664459161147903,0.029580573951434878,0.7121412803532009
0.21712268314210062,0.038834951456310676,0.03089143865842895,0.7131509267431597
0.21352313167259787,0.04181494661921708,0.03113879003558719,0.7135231316725978
0.2088495575221239,0.04070796460176991,0.03185840707964602,0.7185840707964601
0.21167557932263814,0.03877005347593583,0.029857397504456328,0.7196969696969697
0.20826010544815465,0.040421792618629174,0.02899824253075571,0.7223198594024605
0.20866489832007074,0.040671971706454466,0.028735632183908046,0.7219274977895668
0.20754716981132076,0.04212373848179026,0.0298376480912681,0.7204914436156209
0.20565217391304347,0.0408695652173913,0.03130434782608696,0.7221739130434782
0.20921985815602837,0.04609929078014184,0.03235815602836879,0.712322695035461
0.20976253298153033,0.044415127528583995,0.03386103781882146,0.7119613016710642
0.21045576407506703,0.0451295799821269,0.034405719392314564,0.7100089365504915
0.20838852097130242,0.045916114790286976,0.03399558498896247,0.7116997792494482
0.20453554295682513,0.045791539467945924,0.035761011774967294,0.7139119058002616
0.20662251655629138,0.046357615894039736,0.033554083885209716,0.7134657836644591
0.20274457724656927,0.04736609119079239,0.029659141212926073,0.7202301903497123
0.21029281277728482,0.046583850931677016,0.027506654835847383,0.7156166814551908
0.2139433551198257,0.048801742919389976,0.027450980392156862,0.7098039215686275
0.21603856266432953,0.04688869412795793,0.02716914986853637,0.7099035933391762
0.21702690780767533,0.0458756065284517,0.029113365681517425,0.7079841199823556
0.21927497789566755,0.046419098143236075,0.03227232537577365,0.7020335985853228
0.21810154525386313,0.04370860927152318,0.030022075055187638,0.708167770419426
0.21805494984736154,0.043610989969472304,0.031836022677714786,0.7064980375054514
0.218612818261633,0.04477611940298507,0.033362598770851626,0.7032484635645303
0.21954425942156003,0.04382120946538125,0.033304119193689745,0.703330411919369
0.21779548472775564,0.04249667994687915,0.035413899955732624,0.7042939353696326
0.216696269982238,0.04085257548845471,0.03507992895204263,0.7073712255772646
0.22005323868677906,0.04303460514640639,0.0354924578527063,0.7014196983141082
0.22144112478031636,0.04130052724077329,0.03471001757469244,0.7025483304042179
0.22163588390501318,0.04221635883905013,0.03430079155672823,0.7018469656992085
0.21790913101014556,0.04014115571239524,0.033083370092633436,0.7088663431848258
0.2184873949579832,0.03847854931446263,0.03361344537815126,0.709420610349403
0.22051731696624288,0.03770276194651469,0.03419552827707146,0.7075843928101709
0.22450805008944544,0.03622540250447227,0.0353309481216458,0.7039355992844365
0.2191358024691358,0.03659611992945326,0.03571428571428571,0.7085537918871252
0.22731277533039648,0.03788546255506608,0.03436123348017621,0.7004405286343612
0.22841965471447542,0.03629924745462594,0.034528552456839307,0.7007525453740593
0.22627416520210897,0.03602811950790861,0.0351493848857645,0.7025483304042179
0.22378236068451074,0.036419482229047825,0.036858271171566474,0.702939885914875
0.22892635314995563,0.03371783496007098,0.03771073646850044,0.6996450754214729
0.23381770145310435,0.03302509907529723,0.03786878027300748,0.695288419198591
0.23273207215134184,0.030796304443466784,0.03915530136383634,0.6973163220413551
0.23790677220756376,0.0316622691292876,0.0395778364116095,0.6908531222515392
0.23897707231040563,0.029982363315696647,0.039241622574955906,0.6917989417989417
0.244,0.030666666666666665,0.03955555555555555,0.6857777777777778
