C,D,Oc,Od
0.0,0.0,1.0,0.0
0.5,0.0,0.5,0.0
0.4,0.0,0.6,0.0
0.42857142857142855,0.0,0.5714285714285714,0.0
0.25,0.0,0.625,0.125
0.36363636363636365,0.09090909090909091,0.45454545454545453,0.09090909090909091
0.35714285714285715,0.14285714285714285,0.42857142857142855,0.07142857142857142
0.35294117647058826,0.17647058823529413,0.4117647058823529,0.058823529411764705
0.391304347826087,0.13043478260869565,0.43478260869565216,0.043478260869565216
0.34615384615384615,0.11538461538461539,0.46153846153846156,0.07692307692307693
0.3225806451612903,0.12903225806451613,0.41935483870967744,0.12903225806451613
0.2972972972972973,0.13513513513513514,0.43243243243243246,0.13513513513513514
0.3023255813953488,0.13953488372093023,0.4418604651162791,0.11627906976744186
0.2909090909090909,0.12727272727272726,0.45454545454545453,0.12727272727272726
0.29850746268656714,0.1044776119402985,0.4626865671641791,0.13432835820895522
0.2894736842105263,0.10526315789473684,0.4473684210526316,0.15789473684210525
0.26881720430107525,0.12903225806451613,0.44086021505376344,0.16129032258064516
0.2708333333333333,0.125,0.46875,0.13541666666666666
0.29310344827586204,0.14655172413793102,0.4482758620689655,0.11206896551724138
0.28888888888888886,0.1259259259259259,0.43703703703703706,0.14814814814814814
0.2702702702702703,0.12162162162162163,0.4527027027027027,0.1554054054054054
0.2787878787878788,0.12121212121212122,0.44242424242424244,0.15757575757575756
0.24858757062146894,0.13559322033898305,0.4519774011299435,0.1638418079096045
0.24154589371980675,0.11594202898550725,0.47342995169082125,0.16908212560386474
0.22972972972972974,0.13963963963963963,0.4774774774774775,0.15315315315315314
0.23293172690763053,0.14056224899598393,0.46987951807228917,0.1566265060240964
0.2158273381294964,0.15827338129496402,0.4712230215827338,0.15467625899280577
0.22006472491909385,0.1715210355987055,0.45307443365695793,0.1553398058252427
0.20760233918128654,0.18128654970760233,0.4473684210526316,0.16374269005847952
0.2183288409703504,0.18867924528301888,0.4393530997304582,0.15363881401617252
0.21782178217821782,0.1905940594059406,0.42574257425742573,0.16584158415841585
0.20861678004535147,0.18594104308390022,0.4331065759637188,0.17233560090702948
0.20582120582120583,0.19750519750519752,0.4158004158004158,0.18087318087318088
0.21470019342359767,0.20309477756286268,0.3965183752417795,0.18568665377176016
0.20871143375680581,0.2014519056261343,0.38838475499092556,0.2014519056261343
0.20333333333333334,0.205,0.39166666666666666,0.2
0.21226415094339623,0.19968553459119498,0.38836477987421386,0.19968553459119498
0.22205438066465258,0.20241691842900303,0.37462235649546827,0.20090634441087613
0.22752043596730245,0.20027247956403268,0.3692098092643052,0.20299727520435967
0.21761658031088082,0.20466321243523317,0.36917098445595853,0.20854922279792745
0.22772277227722773,0.20297029702970298,0.3589108910891089,0.2103960396039604
0.22573099415204678,0.19883040935672514,0.36140350877192984,0.21403508771929824
0.22601984564498345,0.19955898566703417,0.36163175303197354,0.2127894156560088
0.2294736842105263,0.1968421052631579,0.36105263157894735,0.21263157894736842
0.23887814313346228,0.19922630560928434,0.3539651837524178,0.2079303675048356
0.2334593572778828,0.20132325141776938,0.3591682419659735,0.2060491493383743
0.23351648351648352,0.1978021978021978,0.3617216117216117,0.20695970695970695
0.23253757736516356,0.20070733863837312,0.3687002652519894,0.19805481874447392
0.234006734006734,0.20707070707070707,0.35774410774410775,0.20117845117845118
0.2244569589702333,0.20595333869670152,0.36444086886564764,0.20514883346741755
0.22505800464037123,0.21036349574632637,0.3619489559164733,0.2026295436968291
0.23190546528803546,0.21122599704579026,0.35302806499261447,0.2038404726735598
0.22994269340974213,0.2148997134670487,0.3438395415472779,0.21131805157593123
0.22982216142270862,0.21203830369357046,0.3488372093023256,0.20930232558139536
0.22721354166666666,0.21614583333333334,0.3483072916666667,0.20833333333333334
0.2346683354192741,0.21839799749687108,0.33479349186483104,0.21214017521902379
0.2365525672371638,0.22249388753056235,0.3374083129584352,0.20354523227383864
0.22985781990521326,0.22808056872037916,0.33175355450236965,0.2103080568720379
0.23081395348837208,0.22441860465116278,0.33488372093023255,0.20988372093023255
0.23456090651558073,0.2311614730878187,0.32974504249291786,0.20453257790368273
0.2308979364194088,0.2275515895147797,0.3374233128834356,0.2041271611823759
0.22813688212927757,0.23030961434003258,0.3416621401412276,0.19989136338946226
0.22652519893899203,0.2244031830238727,0.3411140583554377,0.2079575596816976
0.22743682310469315,0.22382671480144403,0.33935018050541516,0.20938628158844766
0.22648261758691207,0.21881390593047034,0.3394683026584867,0.21523517382413088
0.2171945701357466,0.2187028657616893,0.34741075917546504,0.21669180492709905
0.2147483806676632,0.22471350274040858,0.3457897359242651,0.2147483806676632
0.21107266435986158,0.22936233316856156,0.3460207612456747,0.21354424122590213
0.21654501216545013,0.23454987834549879,0.340632603406326,0.20827250608272507
0.21560975609756097,0.2326829268292683,0.33951219512195124,0.2121951219512195
0.21881091617933723,0.23440545808966862,0.3406432748538012,0.20614035087719298
0.22168206125425377,0.23432182790471562,0.3403014098201264,0.20369470102090423
0.21589277166108187,0.24222115844901868,0.3417903303015797,0.20009573958831978
0.21259469696969696,0.23863636363636365,0.3399621212121212,0.20880681818181818
0.20923656927426956,0.24316682375117812,0.3350612629594722,0.21253534401508012
0.2131455399061033,0.24788732394366197,0.3352112676056338,0.20375586854460093
0.21847930702598653,0.23965351299326276,0.33638113570741096,0.20548604427333975
0.21671388101983002,0.24032105760151085,0.3375826251180359,0.20538243626062322
0.21465721040189126,0.23877068557919623,0.3375886524822695,0.20898345153664302
0.21971830985915494,0.2375586854460094,0.33380281690140845,0.20892018779342722
0.2236842105263158,0.23543233082706766,0.33646616541353386,0.20441729323308272
0.2245381335859782,0.23401231643770726,0.3311226906679299,0.21032685930838466
0.22389463781749766,0.2361241768579492,0.3292568203198495,0.21072436500470368
0.2243833017077799,0.23624288425047438,0.3325426944971537,0.20683111954459202
0.22305882352941175,0.232,0.3341176470588235,0.21082352941176472
0.22294776119402984,0.2332089552238806,0.3269589552238806,0.21688432835820895
0.22400756143667297,0.24149338374291116,0.31852551984877125,0.21597353497164462
0.22853053435114504,0.23234732824427481,0.3268129770992366,0.21230916030534353
0.2253057384760113,0.22671683913452492,0.3297271872060207,0.21825023518344308
0.22332389046270065,0.22851746931067043,0.3290840415486308,0.2190745986779981
0.22712341623650867,0.22853120600656968,0.328484279680901,0.21586109807602064
0.22049102927289896,0.23229461756373937,0.3286118980169972,0.2186024551463645
0.22081575246132207,0.2348804500703235,0.3234880450070324,0.22081575246132207
0.22799625468164794,0.23595505617977527,0.3160112359550562,0.2200374531835206
0.22462406015037595,0.23402255639097744,0.3218984962406015,0.21945488721804512
0.22797927461139897,0.23504474799811587,0.3137070183702308,0.22326895902025437
0.23252562907735322,0.22972972972972974,0.31593662628145386,0.22180801491146318
0.2353215284249767,0.23159366262814537,0.315004659832246,0.21808014911463186
0.23639774859287055,0.22842401500938087,0.3166041275797373,0.21857410881801126
0.24420759962928637,0.22798887859128822,0.31835032437442073,0.20945319740500462
0.24453742445374244,0.23245002324500233,0.31520223152022314,0.20781032078103207
0.24067956583294006,0.2293534686172723,0.31618688060405853,0.21378008494572912
0.23579545454545456,0.2315340909090909,0.32196969696969696,0.21070075757575757
0.24216524216524216,0.22554605887939222,0.3176638176638177,0.21462488129154797
0.23922311700615823,0.2245381335859782,0.31454287067740405,0.2216958787304595
0.23809523809523808,0.2215935879302216,0.31541725601131543,0.2248939179632249
0.23529411764705882,0.22875816993464052,0.3085901027077498,0.22735760971055088
0.23951537744641194,0.22833178005591798,0.30521901211556385,0.22693383038210624
0.2446958981612447,0.22253653936822254,0.31117397454031115,0.2215935879302216
0.24209532798489855,0.21755545068428503,0.31382727701746105,0.22652194431335534
0.23328658251519402,0.22393641888733054,0.3193080878915381,0.22346891070593736
0.2318160488033787,0.2261848897231347,0.30924448615673394,0.2327545753167527
0.23127962085308057,0.22843601895734597,0.3071090047393365,0.23317535545023696
0.23601895734597156,0.23744075829383887,0.3028436018957346,0.22369668246445498
0.2346263008514664,0.23935666982024598,0.2947019867549669,0.23131504257332072
0.23537803138373753,0.2330004755111745,0.29481692819781263,0.23680456490727533
0.24251069900142652,0.23870660960532572,0.2867332382310984,0.2320494531621493
0.24728645587541292,0.23218499292118924,0.2911750825861255,0.2293534686172723
0.24688995215311005,0.23157894736842105,0.2942583732057416,0.22727272727272727
0.2419894787183166,0.23625059780009564,0.29220468675274985,0.22955523672883787
0.23905882352941177,0.2371764705882353,0.2969411764705882,0.2268235294117647
0.2387918829636621,0.24067956583294006,0.293534686172723,0.22699386503067484
0.2413793103448276,0.23712801133679737,0.28956069910250354,0.23193197921587153
0.24328147100424327,0.2413955681282414,0.28995756718529,0.22536539368222536
0.2438679245283019,0.23679245283018868,0.28443396226415096,0.2349056603773585
0.24282352941176472,0.23905882352941177,0.2818823529411765,0.23623529411764707
0.2482468443197756,0.2374941561477326,0.2791023842917251,0.23515661524076673
0.2414439756211908,0.23769338959212377,0.2841068917018284,0.236755743084857
0.23356973995271868,0.24066193853427895,0.28794326241134754,0.23782505910165486
0.23669201520912547,0.2423954372623574,0.28279467680608367,0.23811787072243346
0.23223652837386743,0.24654268001907487,0.28564616118264186,0.23557463042441584
0.23244781783681215,0.25,0.28178368121442127,0.2357685009487666
0.22697368421052633,0.24906015037593984,0.2791353383458647,0.24483082706766918
0.23084068741291222,0.2549930329772411,0.27403622851834647,0.24013005109150024
0.23167848699763594,0.25342789598108745,0.275177304964539,0.2397163120567376
0.24075829383886255,0.25165876777251184,0.2739336492890995,0.23364928909952606
0.24236641221374045,0.25429389312977096,0.2719465648854962,0.23139312977099236
0.24397163120567375,0.24964539007092199,0.2690307328605201,0.23735224586288417
0.2432560340747752,0.24751538097491718,0.2707051585423568,0.23852342640795077
0.2443502824858757,0.2448210922787194,0.2716572504708098,0.2391713747645951
0.23956356736242884,0.24620493358633777,0.27466793168880455,0.23956356736242884
0.23935666982024598,0.24314096499526963,0.27436140018921473,0.24314096499526963
0.2336802270577105,0.24077578051087986,0.2786187322611164,0.2469252601702933
0.23465533522190746,0.24220963172804533,0.2738432483474976,0.24929178470254956
0.2346368715083799,0.24487895716945995,0.276536312849162,0.24394785847299813
0.23403263403263402,0.24242424242424243,0.27226107226107227,0.2512820512820513
0.23366243535496004,0.2388340385519511,0.2755054066760696,0.2519981194170193
0.23124115148655025,0.23643227937706465,0.2840962718263332,0.24823029731005192
0.2251655629139073,0.24408703878902555,0.2805108798486282,0.25023651844843897
0.22142857142857142,0.2438095238095238,0.2795238095238095,0.25523809523809526
0.22047619047619046,0.2438095238095238,0.2780952380952381,0.25761904761904764
0.2198056455344748,0.24988431281813975,0.27626099028227674,0.25404905136510875
0.22786579683131408,0.2455731593662628,0.2707362534948742,0.25582479030754895
0.2222222222222222,0.24491725768321512,0.275177304964539,0.2576832151300236
0.225398313027179,0.24835988753514526,0.26804123711340205,0.2582005623242737
0.2190745986779981,0.24409820585457978,0.277148253068933,0.25967894239848915
0.21975425330812853,0.24102079395085066,0.27504725897920607,0.26417769376181477
0.21767748001880582,0.2397743300423131,0.2764456981664316,0.26610249177244943
0.21951219512195122,0.2406191369606004,0.274859287054409,0.2650093808630394
0.21745283018867925,0.24669811320754717,0.26839622641509436,0.26745283018867927
0.22045028142589118,0.2453095684803002,0.26594746716697937,0.2682926829268293
0.21982151244715828,0.2503522780648192,0.2733677782996712,0.2564584311883513
0.219811320754717,0.24716981132075472,0.27169811320754716,0.26132075471698113
0.2262464722483537,0.23941674506114768,0.27328316086547505,0.2610536218250235
0.22606258757589912,0.24334423166744512,0.26996730499766464,0.2606258757589911
0.2236346516007533,0.25,0.2721280602636535,0.2542372881355932
0.2298311444652908,0.24296435272045028,0.2692307692307692,0.2579737335834897
0.2281439925198691,0.23983169705469845,0.2758298270219729,0.25619448340345957
0.23015873015873015,0.24089635854341737,0.2703081232492997,0.2586367880485528
0.23058933582787652,0.24462114125350795,0.26426566884939195,0.26052385406922357
0.23173569101907865,0.24616100511865985,0.2568636575151233,0.2652396463471382
0.22958469435370976,0.25151656556229585,0.25198320111992534,0.26691553896406905
0.22870370370370371,0.25601851851851853,0.2513888888888889,0.2638888888888889
0.2308411214953271,0.2485981308411215,0.258411214953271,0.26214953271028035
0.22412993039443155,0.24547563805104408,0.26496519721577727,0.2654292343387471
0.23144712430426717,0.24768089053803338,0.26437847866419295,0.2564935064935065
0.2340823970037453,0.24719101123595505,0.26217228464419473,0.2565543071161049
0.23746452223273415,0.24361400189214757,0.260643330179754,0.2582781456953642
0.24320524835988752,0.23992502343017807,0.25538894095595127,0.2614807872539831
0.2420323325635104,0.24387990762124712,0.25635103926096997,0.2577367205542725
0.2404295051353875,0.24509803921568626,0.2623716153127918,0.25210084033613445
0.24121779859484777,0.2468384074941452,0.2637002341920375,0.24824355971896955
0.24701561065197428,0.24701561065197428,0.25895316804407714,0.24701561065197428
0.24439252336448597,0.2504672897196262,0.2570093457943925,0.24813084112149533
0.24067164179104478,0.25419776119402987,0.2574626865671642,0.24766791044776118
0.2448015122873346,0.2523629489603025,0.2547258979206049,0.24810964083175804
0.23973256924546324,0.25501432664756446,0.25692454632282713,0.24832855778414517
0.24738344433872503,0.25118934348239774,0.2602283539486204,0.24119885823025689
0.2543818095689247,0.25485551871151113,0.2534343912837518,0.23732828043581242
0.25837988826815644,0.25232774674115455,0.2504655493482309,0.2388268156424581
0.2572633552014995,0.2539831302717901,0.24554826616682288,0.24320524835988752
0.2665094339622642,0.2509433962264151,0.2419811320754717,0.24056603773584906
0.2699530516431925,0.2539906103286385,0.23990610328638498,0.23615023474178404
0.27298180121325244,0.25058329444703686,0.24031731217918806,0.23611759216052264
0.2780102278010228,0.24546722454672246,0.24174802417480243,0.23477452347745234
0.2807262569832402,0.24162011173184358,0.2425512104283054,0.2351024208566108
0.28165735567970207,0.24720670391061453,0.2430167597765363,0.22811918063314712
0.2871891130924449,0.24824026278742375,0.2346316283435007,0.22993899577663068
0.2841810545963602,0.2538497433504433,0.23565095660289315,0.22631824545030332
0.2778297474275023,0.2577174929840973,0.2362020579981291,0.22825070159027128
0.28084714548802947,0.2546040515653775,0.23204419889502761,0.23250460405156537
0.277260018639329,0.255358807082945,0.22833178005591798,0.23904939422180801
0.27221438645980256,0.2566995768688293,0.231311706629055,0.2397743300423131
0.28104575163398693,0.2549019607843137,0.223155929038282,0.24089635854341737
0.2857813233223839,0.24495541999061474,0.2266541529798217,0.24260910370717972
0.2889625769777357,0.24538133585978208,0.21837991473235432,0.2472761724301279
0.2917647058823529,0.248,0.2127058823529412,0.2475294117647059
0.28538175046554937,0.24860335195530725,0.21461824953445066,0.25139664804469275
0.28444236176194937,0.2492970946579194,0.2169634489222118,0.2492970946579194
0.28901461574728904,0.2522395096652522,0.20744931636020744,0.2512965582272513
0.2857142857142857,0.262687969924812,0.20347744360902256,0.24812030075187969
0.2838283828382838,0.26591230551626593,0.20462046204620463,0.24563884959924565
0.2857815442561205,0.2688323917137476,0.2029190207156309,0.24246704331450095
0.2864510079699953,0.2648851383028598,0.2062822315986873,0.24238162212845757
0.2828096118299446,0.272181146025878,0.21025878003696857,0.23475046210720887
0.28651162790697676,0.27488372093023256,0.20651162790697675,0.23209302325581396
0.295668549905838,0.2660075329566855,0.20009416195856874,0.2382297551789077
0.2945590994371482,0.2650093808630394,0.2045028142589118,0.23592870544090055
0.2904739558892539,0.2646644767714688,0.1989676208352886,0.24589394650398874
0.29135338345864664,0.2608082706766917,0.20394736842105263,0.24389097744360902
0.2895480225988701,0.2603578154425612,0.2033898305084746,0.24670433145009416
0.30432737535277515,0.257761053621825,0.1904985888993415,0.24741298212605833
0.30430711610486894,0.26357677902621723,0.18632958801498128,0.24578651685393257
0.30772811918063314,0.25605214152700184,0.18668528864059591,0.24953445065176907
0.30947955390334575,0.26022304832713755,0.18262081784386616,0.24767657992565056
0.3081967213114754,0.2585480093676815,0.1901639344262295,0.24309133489461357
0.3014533520862635,0.25925925925925924,0.19268635724331926,0.246601031411158
0.3030018761726079,0.2593808630393996,0.19324577861163228,0.24437148217636023
0.3016393442622951,0.2566744730679157,0.19765807962529275,0.24402810304449649
0.3052434456928839,0.2640449438202247,0.1891385767790262,0.24157303370786518
0.30242311276794037,0.26001863932898417,0.1891891891891892,0.2483690587138863
0.3069029850746269,0.25699626865671643,0.18796641791044777,0.24813432835820895
0.31203358208955223,0.2593283582089552,0.18610074626865672,0.24253731343283583
0.3086997193638915,0.2637979420018709,0.18989710009354538,0.23760523854069224
0.31352363125877397,0.26158165652784277,0.18671034160037436,0.2381843706130089
0.3064971751412429,0.263653483992467,0.1864406779661017,0.2434086629001883
0.30004732607666823,0.2721249408424042,0.1878845243729295,0.2399432087079981
0.3023696682464455,0.27061611374407585,0.18388625592417063,0.24312796208530807
0.3035128805620609,0.26697892271662765,0.1882903981264637,0.24121779859484777
0.3003284842796809,0.2632566870014078,0.18958235570154858,0.24683247301736275
0.29818857408267535,0.2666047375754761,0.18996748722712495,0.24523920111472364
0.29528650646950094,0.2666358595194085,0.18530499075785584,0.25277264325323473
0.3021749190189727,0.26052753354928276,0.1855622397038408,0.25173530772790376
0.300561797752809,0.26357677902621723,0.18679775280898878,0.24906367041198502
0.30233644859813086,0.25934579439252337,0.18504672897196262,0.25327102803738316
0.29797979797979796,0.2571166207529844,0.189623507805326,0.25528007346189163
0.2979610750695088,0.2567191844300278,0.18999073215940684,0.25532900834105654
0.30129990714948934,0.25719591457753016,0.18430826369545034,0.25719591457753016
0.29544387036167213,0.2606857679661813,0.1817754814466886,0.26209488022545796
0.29953703703703705,0.24814814814814815,0.1884259259259259,0.2638888888888889
0.2966930600838379,0.24452724732184444,0.19562179785747555,0.2631578947368421
0.2942271880819367,0.25,0.19599627560521415,0.25977653631284914
0.2907801418439716,0.25059101654846333,0.19621749408983452,0.2624113475177305
0.2939221272554606,0.2502374169040836,0.1932573599240266,0.26258309591642925
0.2957547169811321,0.2490566037735849,0.19433962264150945,0.2608490566037736
0.2909952606635071,0.25402843601895736,0.1924170616113744,0.26255924170616113
0.29055007052186177,0.2538787023977433,0.1922896097790315,0.2632816173013634
0.28537511870845206,0.2511870845204179,0.19230769230769232,0.27113010446343777
0.2834978843441467,0.24964739069111425,0.19652092148566055,0.27033380347907854
0.28578110383536015,0.25257249766136575,0.19644527595884004,0.26520112254443406
0.2847682119205298,0.25591296121097445,0.195837275307474,0.26348155156102177
0.2781425891181989,0.25562851782363977,0.19090056285178236,0.275328330206379
0.27153558052434457,0.2542134831460674,0.1989700374531835,0.2752808988764045
0.2651337400281558,0.2595025809479118,0.20272172688878462,0.2726419521351478
0.2594161958568738,0.2565913370998117,0.2076271186440678,0.2763653483992467
0.2610346464167062,0.2553393450403417,0.20503084954912199,0.2785951589938301
0.268361581920904,0.2537664783427495,0.20903954802259886,0.2688323917137476
0.2710501419110691,0.2478713339640492,0.20860927152317882,0.27246925260170296
0.27298311444652906,0.2424953095684803,0.20872420262664165,0.275797373358349
0.2660680529300567,0.2438563327032136,0.21455576559546313,0.27551984877126656
0.2677725118483412,0.25402843601895736,0.2075829383886256,0.27061611374407585
0.26449787835926447,0.2522395096652522,0.21263554926921263,0.2706270627062706
0.2645951035781544,0.2490583804143126,0.21516007532956685,0.2711864406779661
0.26220362622036264,0.2524407252440725,0.21803812180381218,0.2673175267317527
0.26709796672828096,0.24953789279112754,0.2222735674676525,0.261090573012939
0.271264367816092,0.2542528735632184,0.21839080459770116,0.2560919540229885
0.2686707374354157,0.25082198215124474,0.21841240018788163,0.26209488022545796
0.26481481481481484,0.2513888888888889,0.22083333333333333,0.26296296296296295
0.2631578947368421,0.24699907663896584,0.22068328716528163,0.2691597414589104
0.25463821892393323,0.2523191094619666,0.22170686456400743,0.27133580705009275
0.25888324873096447,0.24919243193354867,0.22104291647438856,0.2708814028610983
0.2567820392890552,0.25116931711880264,0.21936389148737137,0.27268475210477083
0.25692813527477687,0.24847346171911697,0.2207609206200094,0.2738374823860968
0.2605633802816901,0.24553990610328638,0.22018779342723005,0.2737089201877934
0.25933014354066986,0.24688995215311005,0.22392344497607655,0.2698564593301435
0.26201696512723843,0.2478793590951932,0.2229029217719133,0.267200754005655
0.26359832635983266,0.2547652254765225,0.21664342166434217,0.2649930264993027
0.25571628558096127,0.2594493700419972,0.2160522631824545,0.268782081194587
0.25627906976744186,0.25720930232558137,0.21488372093023256,0.27162790697674416
0.25811001410437234,0.25152797367183827,0.21720733427362482,0.27315467795016457
0.2604761904761905,0.24619047619047618,0.21761904761904763,0.2757142857142857
0.266824644549763,0.24597156398104264,0.2161137440758294,0.27109004739336495
0.2702188392007612,0.23596574690770694,0.2164605137963844,0.27735490009514746
0.2723827569872099,0.23306489815253434,0.21364282330648982,0.280909521553766
0.2746478873239437,0.2347417840375587,0.2192488262910798,0.27136150234741785
0.27619934792734047,0.23707498835584537,0.2119236143455985,0.27480204937121566
0.28013029315960913,0.23499302000930666,0.20846905537459284,0.2764076314564914
0.28015016424213984,0.24260910370717972,0.21069920225246364,0.2665415297982168
0.28363806844819506,0.236755743084857,0.21284575714955462,0.26676043131739335
0.2826592282659228,0.23477452347745234,0.21617852161785217,0.26638772663877264
0.2838529548627268,0.23452768729641693,0.21684504420660772,0.26477431363424847
0.2871939736346516,0.2349340866290019,0.21421845574387946,0.263653483992467
0.28537956888472354,0.23570759137769448,0.21649484536082475,0.2624179943767573
0.28963558920965454,0.23142451490771415,0.22101277804070044,0.2579271178419309
0.287329251059821,0.23598681111634479,0.22091380122468204,0.25577013659915215
0.2850423330197554,0.23565380997177798,0.22342427093132644,0.2558795860771402
0.28631284916201116,0.2351024208566108,0.2206703910614525,0.2579143389199255
0.28392193308550184,0.23141263940520446,0.22444237918215612,0.26022304832713755
0.2796451914098973,0.2338935574229692,0.2222222222222222,0.2642390289449113
0.28169014084507044,0.2375586854460094,0.22582159624413145,0.2549295774647887
0.2776998597475456,0.2426367461430575,0.2267414679756896,0.25292192613370734
0.27928772258669166,0.2408622305529522,0.22071227741330834,0.2591377694470478
0.2725563909774436,0.24718045112781956,0.21898496240601503,0.26127819548872183
0.2730278696268304,0.24893717524799244,0.21492678318375058,0.26310817194142655
0.2678994784257942,0.25177809388335703,0.21621621621621623,0.26410621147463254
0.26966824644549764,0.24786729857819906,0.2099526066350711,0.2725118483412322
0.27125890736342045,0.2489311163895487,0.20665083135391923,0.27315914489311166
0.2780648191639267,0.2461249412869892,0.20479098168154064,0.27101925786754344
0.2773859896567936,0.2454160789844852,0.2078044193700047,0.2693935119887165
0.2705718270571827,0.2519758251975825,0.20920502092050208,0.2682473268247327
0.2718355908453993,0.24474544605324614,0.21158337225595517,0.2718355908453993
0.27234440804866633,0.2442676649508657,0.21759475900795508,0.26579316799251285
0.27088249174138745,0.24209532798489855,0.21566776781500707,0.27135441245870695
0.2693032015065913,0.2401129943502825,0.21563088512241055,0.2749529190207156
0.27633443552196507,0.23665564478034956,0.21445441662730277,0.2725555030703826
0.2736202057998129,0.2343311506080449,0.2076707202993452,0.284377923292797
0.2711152589827345,0.23191787214185722,0.21371908539430703,0.28324778348110125
0.27315467795016457,0.22425952045133993,0.21391631405735778,0.28866948754113775
0.2743529411764706,0.22211764705882353,0.22070588235294117,0.2828235294117647
0.27150162715016274,0.2217573221757322,0.21617852161785217,0.2905625290562529
0.27365020766035997,0.21965851407475773,0.21688970927549608,0.28980156898938625
0.27349624060150374,0.21945488721804512,0.21475563909774437,0.29229323308270677
0.2794943820224719,0.21722846441947566,0.21348314606741572,0.2897940074906367
0.2769733769266698,0.21391872956562355,0.22092480149462868,0.288183092013078
0.2749651648862053,0.20808174640037158,0.2220157919182536,0.29493729679516956
0.281439925198691,0.2080411407199626,0.21645628798503974,0.29406264609630667
0.2822543083372147,0.20586865393572426,0.2231020027945971,0.2887750349324639
0.28604651162790695,0.20930232558139536,0.22046511627906976,0.28418604651162793
0.2810304449648712,0.2028103044496487,0.2243559718969555,0.29180327868852457
0.27727916863486063,0.21162021728861596,0.2191780821917808,0.29192253188474254
0.27234440804866633,0.21244735610669163,0.21993448759943846,0.2952737482452036
0.2684879886952426,0.21997173810645312,0.21808761186999528,0.293452661328309
0.27379278012189406,0.21518987341772153,0.2175339896858884,0.293483356774496
0.2704225352112676,0.2131455399061033,0.2192488262910798,0.2971830985915493
0.26899766899766897,0.21351981351981353,0.21818181818181817,0.2993006993006993
0.2759755524212506,0.21062529384109074,0.21720733427362482,0.29619181946403383
0.26839622641509436,0.21839622641509435,0.22547169811320755,0.28773584905660377
0.2709798406000938,0.2180028129395218,0.22925457102672292,0.2817627754336615
0.27225866916588565,0.21836925960637302,0.23336457357075913,0.2760074976569822
0.2725563909774436,0.2100563909774436,0.23261278195488722,0.28477443609022557
0.2720897615708275,0.21131369798971483,0.2300140252454418,0.2865825151940159
0.2738432483474976,0.20585457979225685,0.23229461756373937,0.28800755429650615
0.267458432304038,0.20665083135391923,0.2318289786223278,0.294061757719715
0.2687058823529412,0.21035294117647058,0.23623529411764707,0.2847058823529412
0.2657442748091603,0.20515267175572519,0.2385496183206107,0.2905534351145038
0.25769230769230766,0.21490384615384617,0.23125,0.29615384615384616
0.2603969754253308,0.21313799621928167,0.23156899810964082,0.2948960302457467
0.26745283018867927,0.2108490566037736,0.22641509433962265,0.2952830188679245
0.2675250357653791,0.21125417262756319,0.22269909394372914,0.2985216976633286
0.2722117202268431,0.20793950850661624,0.22495274102079396,0.2948960302457467
0.2695367337388863,0.20589611605053815,0.22508189050070193,0.29948525970987366
0.26854460093896715,0.20938967136150236,0.2272300469483568,0.2948356807511737
0.2705992509363296,0.2045880149812734,0.22893258426966293,0.2958801498127341
0.26879699248120303,0.2100563909774436,0.22603383458646617,0.2951127819548872
0.26764566556134534,0.21032685930838466,0.2216958787304595,0.3003315963998105
0.2614807872539831,0.2169634489222118,0.22211808809746955,0.2994376757263355
0.27084314649081487,0.21290626471973623,0.21808761186999528,0.2981629769194536
0.2677570093457944,0.21588785046728973,0.2144859813084112,0.3018691588785047
0.26072761194029853,0.2234141791044776,0.21361940298507462,0.30223880597014924
0.2607677902621723,0.2200374531835206,0.21769662921348315,0.301498127340824
0.2618164967562558,0.22289156626506024,0.2159406858202039,0.29935125115848005
0.25976470588235295,0.22588235294117648,0.2131764705882353,0.30117647058823527
0.25972808251289264,0.2273792780121894,0.20956399437412096,0.303328645100797
0.26700838769804286,0.22693383038210624,0.21015843429636533,0.2958993476234856
0.26054705609643025,0.22809457579972184,0.21094112192860454,0.3004172461752434
0.2586367880485528,0.22595704948646125,0.21101774042950514,0.30438842203548083
0.2596425211665099,0.22107243650047037,0.21260583254938853,0.3066792097836312
0.25258215962441316,0.2272300469483568,0.2107981220657277,0.30938967136150236
0.25245901639344265,0.22107728337236535,0.20936768149882903,0.31709601873536297
0.2546142924751538,0.2243256034074775,0.21202082347373402,0.3090392806436346
0.25925925925925924,0.22174738841405509,0.2127255460588794,0.30626780626780625
0.25660377358490566,0.21933962264150944,0.21462264150943397,0.30943396226415093
0.2558361124344926,0.22296331586469748,0.2134349690328728,0.3077656026679371
0.251063829787234,0.22411347517730495,0.21938534278959812,0.3054373522458629
0.24964268699380657,0.22629823725583612,0.21676989042401143,0.30728918532634586
0.25251076040172166,0.23194643711142993,0.21281683405069346,0.30272596843615496
0.24799244213509683,0.2276806802078413,0.2135096835144072,0.3108171941426547
0.25093109869646185,0.22579143389199255,0.2164804469273743,0.30679702048417135
0.24871435250116877,0.22253389434315102,0.21692379616643293,0.3118279569892473
0.2504716981132076,0.22075471698113208,0.2169811320754717,0.3117924528301887
0.24904580152671757,0.21898854961832062,0.22375954198473283,0.30820610687022904
0.24575471698113208,0.2188679245283019,0.2240566037735849,0.3113207547169811
0.2421102213848328,0.22185586434291096,0.2251530852567122,0.31088082901554404
0.24339622641509434,0.22264150943396227,0.22547169811320755,0.30849056603773584
0.243511090136857,0.22085889570552147,0.22746578574799434,0.3081642284096272
0.24616100511865985,0.22103303862261517,0.2270823638901815,0.3057235923685435
0.24376731301939059,0.21791320406278855,0.2276084949215143,0.31071098799630653
0.24720149253731344,0.22108208955223882,0.22434701492537312,0.30736940298507465
0.26166902404526166,0.2182932578972183,0.2131070249882131,0.3069306930693069
0.26199435559736595,0.21966133584195674,0.215898400752587,0.30244590780809033
0.2591549295774648,0.2192488262910798,0.21830985915492956,0.3032863849765258
0.2587346553352219,0.22568460812086874,0.21576959395656278,0.29981114258734654
0.25633668101386897,0.23146819703491153,0.21329507412721185,0.29890004782400764
0.25886194029850745,0.22667910447761194,0.2150186567164179,0.2994402985074627
0.25999059708509636,0.21955806299952985,0.2162670427832628,0.304184297132111
0.25797239409804856,0.22179914326511185,0.2122798667301285,0.3079485959067111
0.26528692380056446,0.22060206961429915,0.20696142991533395,0.30714957666980247
0.26182669789227164,0.23044496487119437,0.20655737704918034,0.3011709601873536
0.2604166666666667,0.22727272727272727,0.20691287878787878,0.3053977272727273
0.2589453860640301,0.22693032015065914,0.20903954802259886,0.3050847457627119
0.25804924242424243,0.22490530303030304,0.21070075757575757,0.30634469696969696
0.2562022900763359,0.21946564885496184,0.20801526717557253,0.3163167938931298
0.24988235294117647,0.2164705882352941,0.21835294117647058,0.31529411764705884
0.24532710280373832,0.22102803738317758,0.21355140186915889,0.32009345794392524
0.2468677494199536,0.22180974477958237,0.21670533642691414,0.3146171693735499
0.2515137401024686,0.22589659990684677,0.2128551467163484,0.30973451327433627
0.25475638051044086,0.22505800464037123,0.217169373549884,0.30301624129930393
0.25549836218998595,0.22087037903603182,0.2218062704726252,0.30182498830135707
0.25093457943925235,0.23224299065420562,0.22009345794392524,0.2967289719626168
0.25034899953466727,0.2275476966030712,0.22429036761284318,0.29781293624941835
0.24743709226467847,0.22693383038210624,0.22460391425908668,0.30102516309412863
0.25175479644361254,0.22274216190921853,0.2274216190921853,0.2980814225549836
0.252112676056338,0.2220657276995305,0.22535211267605634,0.3004694835680751
0.24385720908669448,0.22160407974038016,0.22484932777005098,0.3096893834028744
0.24110854503464202,0.21986143187066975,0.23602771362586605,0.3030023094688222
0.24435223605348086,0.21392346703550022,0.239741816505302,0.3019824804057169
0.2449459332393042,0.21250587682181477,0.23601316408086506,0.306535025858016
0.24118476727785615,0.2162670427832628,0.23554301833568406,0.307005171603197
0.2454632282712512,0.21298949379178606,0.23829990448901622,0.3032473734479465
0.2514423076923077,0.2048076923076923,0.2360576923076923,0.3076923076923077
0.24597156398104264,0.2037914691943128,0.24265402843601896,0.3075829383886256
0.24202626641651032,0.20590994371482177,0.24296435272045028,0.30909943714821764
0.2406191369606004,0.19840525328330205,0.2424953095684803,0.31848030018761725
0.2387280493592786,0.19601328903654486,0.24442335073564309,0.32083531086853345
0.23802750118539592,0.19914651493598862,0.2460881934566145,0.31673779042200095
0.23836657169990502,0.19943019943019943,0.2511870845204179,0.31101614434947766
0.24216923796166434,0.20336605890603085,0.25292192613370734,0.3015427769985975
0.24239588207767898,0.20963968179691156,0.2550304164716893,0.2929340196537202
0.23929590865842054,0.2098001902949572,0.25689819219790677,0.2940057088487155
0.24285714285714285,0.2042857142857143,0.2542857142857143,0.2985714285714286
0.2372558361124345,0.2067651262505955,0.26202953787517863,0.29394949976179136
0.24188931297709923,0.20372137404580154,0.25524809160305345,0.2991412213740458
0.24433962264150944,0.2080188679245283,0.2509433962264151,0.2966981132075472
0.24730173627404975,0.2055373064289066,0.25152510558423274,0.29563585171281087
0.2443502824858757,0.21092278719397364,0.2495291902071563,0.2951977401129944
0.25177472787505917,0.20870799810695692,0.2508282063416943,0.28868906767628966
0.25693160813308685,0.20656192236598891,0.24722735674676524,0.28927911275415896
0.25268566090611866,0.20831387202241944,0.2475478748248482,0.29145259224661374
0.2544186046511628,0.20883720930232558,0.2502325581395349,0.28651162790697676
0.2566002779064382,0.2079666512274201,0.24641037517369152,0.2890226956924502
0.2488393686165274,0.21216341689879295,0.2488393686165274,0.2901578458681523
0.24018691588785046,0.21121495327102804,0.25514018691588786,0.29345794392523367
0.2347949080622348,0.21546440358321547,0.25695426685525696,0.2927864214992928
0.2305148795465281,0.2191780821917808,0.2560226735947095,0.2942843646669816
0.2288135593220339,0.2236346516007533,0.2556497175141243,0.2919020715630885
0.23728813559322035,0.2170433145009416,0.2556497175141243,0.2900188323917137
0.24331926863572434,0.21612751992498827,0.25269573370839193,0.28785747773089543
0.23920265780730898,0.21926910299003322,0.25961082107261507,0.28191741813004273
0.2353217472992015,0.2207609206200094,0.2555190230155002,0.28839830906528885
0.2332389046270066,0.22568460812086874,0.2563739376770538,0.2847025495750708
0.2397550635892605,0.2213848327837965,0.2571832312764955,0.28167687235044747
0.23423423423423423,0.22949265054528212,0.24798482693219534,0.2882882882882883
0.23094904160822816,0.23094904160822816,0.2496493688639551,0.2884525479195886
0.23570759137769448,0.2352389878163074,0.24554826616682288,0.28350515463917525
0.24545030331311246,0.23145123658422773,0.23705086327578162,0.2860475968268782
0.2443820224719101,0.2350187265917603,0.2345505617977528,0.2860486891385768
0.24646559849198868,0.236569274269557,0.23138548539114043,0.2855796418473139
0.2484705882352941,0.24188235294117647,0.2296470588235294,0.28
0.2457627118644068,0.24105461393596986,0.22645951035781545,0.2867231638418079
0.25176470588235295,0.24047058823529413,0.23058823529411765,0.2771764705882353
0.25797239409804856,0.24321751546882436,0.23179438362684435,0.2670157068062827
0.2550493189290747,0.244246124941287,0.23203381869422263,0.2686707374354157
0.2511825922421949,0.23935666982024598,0.23746452223273415,0.27199621570482496
0.2502383222116301,0.2359389895138227,0.24261201143946615,0.27121067683508104
0.2465753424657534,0.2328767123287671,0.24610297590930563,0.27444496929617385
0.25409452503509594,0.23163313055685542,0.24052409920449228,0.2737482452035564
0.25081281932187643,0.2322340919647004,0.24059451927542963,0.2763585694379935
0.2511649580615098,0.2287977632805219,0.24044734389561975,0.27958993476234856
0.25412541254125415,0.23432343234323433,0.23385195662423386,0.2776991984912777
0.2556390977443609,0.23590225563909775,0.23543233082706766,0.2730263157894737
0.2604166666666667,0.24005681818181818,0.2324810606060606,0.26704545454545453
0.2671719564187589,0.23732828043581242,0.2273803884414969,0.26811937470393177
0.2632079961922894,0.24083769633507854,0.2284626368396002,0.26749167063303186
0.26218646474207286,0.2375769048745859,0.2342640795078088,0.2659725508755324
0.2609942638623327,0.24282982791587,0.23661567877629064,0.2595602294455067
0.26255380200860834,0.242467718794835,0.23385939741750358,0.2611190817790531
0.25342789598108745,0.24822695035460993,0.24349881796690306,0.2548463356973995
0.2488306828811974,0.2469597754911132,0.24368568755846587,0.26052385406922357
0.2530459231490159,0.2492970946579194,0.24179943767572634,0.25585754451733833
0.24697110904007455,0.2534948741845294,0.23765144454799628,0.2618825722273998
0.2523020257826888,0.2578268876611418,0.2343462246777164,0.255524861878453
0.2523191094619666,0.2537105751391466,0.23515769944341372,0.2588126159554731
0.25392428439519854,0.24884579870729456,0.23314866112650046,0.26408125577100644
0.25707656612529,0.24640371229698377,0.2357308584686775,0.2607888631090487
0.26136363636363635,0.23863636363636365,0.24242424242424243,0.25757575757575757
0.25927665570690467,0.23860967590418036,0.24142790042273368,0.2606857679661813
0.26149558755225266,0.23780771017185323,0.24059451927542963,0.26010218300046445
0.27044917257683215,0.23687943262411348,0.23735224586288417,0.2553191489361702
0.2657210401891253,0.23026004728132388,0.24066193853427895,0.26335697399527186
0.25953838907206783,0.22703721149317005,0.2529439472444654,0.26048045219029675
0.2606457650912494,0.22227421619092186,0.25362657931679927,0.2634534394010295
0.26563958916900093,0.21708683473389356,0.2535014005602241,0.2637721755368814
0.26570497906002793,0.216379711493718,0.25127966496044674,0.26663564448580734
0.2613796339746598,0.22290004692632567,0.24824026278742375,0.2674800563115908
0.2584427767354597,0.22420262664165103,0.24671669793621012,0.2706378986866792
0.2602739726027397,0.22153991497401984,0.2409069437883798,0.27727916863486063
0.26153114598193056,0.21921065145030907,0.24203518782691394,0.27722301474084643
0.2589962121212121,0.22395833333333334,0.24242424242424243,0.2746212121212121
0.2591016548463357,0.2293144208037825,0.23924349881796692,0.2723404255319149
0.2549203373945642,0.23289597000937207,0.24414245548266167,0.26804123711340205
0.2592074592074592,0.2386946386946387,0.2414918414918415,0.2606060606060606
0.25970425138632164,0.23706099815157117,0.24029574861367836,0.26293900184842883
0.25650557620817843,0.2383828996282528,0.23652416356877323,0.26858736059479554
0.2597881160755412,0.23813910640257946,0.23952095808383234,0.262551819438047
0.2550925925925926,0.23472222222222222,0.2412037037037037,0.2689814814814815
0.2560296846011132,0.23330241187384043,0.23747680890538034,0.27319109461966606
