C,D,Oc,Od
0.0,1.0,0.0,0.0
0.0,0.6666666666666666,0.3333333333333333,0.0
0.0,0.5,0.3333333333333333,0.16666666666666666
0.0,0.5238095238095238,0.38095238095238093,0.09523809523809523
0.0,0.45714285714285713,0.42857142857142855,0.11428571428571428
0.0,0.47368421052631576,0.40350877192982454,0.12280701754385964
0.023809523809523808,0.42857142857142855,0.39285714285714285,0.15476190476190477
0.023622047244094488,0.4015748031496063,0.3858267716535433,0.1889763779527559
0.016853932584269662,0.3707865168539326,0.38764044943820225,0.2247191011235955
0.017094017094017096,0.3333333333333333,0.36324786324786323,0.2863247863247863
0.033112582781456956,0.34105960264900664,0.33774834437086093,0.28807947019867547
0.03768844221105527,0.31909547738693467,0.3316582914572864,0.31155778894472363
0.04408817635270541,0.30060120240480964,0.3306613226452906,0.3246492985971944
0.05345911949685535,0.300314465408805,0.3223270440251572,0.3238993710691824
0.05867014341590613,0.3089960886571056,0.32333767926988266,0.3089960886571056
0.06500541711809317,0.2914409534127844,0.3261105092091008,0.3174431202600217
0.06716417910447761,0.29011194029850745,0.32649253731343286,0.3162313432835821
0.06451612903225806,0.3,0.3217741935483871,0.31370967741935485
0.0715307582260372,0.2861230329041488,0.33261802575107297,0.30972818311874106
0.07614852108244179,0.28319697923222154,0.32536186280679674,0.31529263687854
0.07497181510710259,0.28804960541149943,0.3246899661781285,0.31228861330326946
0.07868681605002606,0.2907764460656592,0.33298593017196454,0.2975508077123502
0.07972097658196313,0.299451918285999,0.32486297957149973,0.29596412556053814
0.08782816229116945,0.30214797136038185,0.320763723150358,0.2892601431980907
0.08998144712430427,0.3010204081632653,0.33070500927643787,0.2782931354359926
0.09309718437783833,0.29791099000908267,0.3278837420526794,0.2811080835603996
0.09221128021486123,0.30662488809310656,0.3205013428827216,0.28066248880931066
0.09482758620689655,0.30716878402903813,0.32441016333938294,0.2735934664246824
0.10238305383936452,0.30406001765225066,0.32259488084730803,0.2709620476610768
0.10788199031263761,0.2994275649493615,0.32188463232056364,0.27080581241743723
0.11382468382032272,0.30135194068905363,0.3153074574792848,0.26951591801133884
0.11629955947136564,0.3066079295154185,0.31541850220264317,0.2616740088105727
0.11965065502183406,0.30131004366812225,0.31353711790393013,0.26550218340611353
0.12026431718061674,0.29955947136563876,0.31013215859030835,0.27004405286343613
0.12516644474034622,0.2991566799822459,0.309809143364403,0.2658677319130049
0.12949956101843724,0.295873573309921,0.3037752414398595,0.2708516242317823
0.13365681517423908,0.2964269960299956,0.29819144243493606,0.2717247463608293
0.13840070298769772,0.29525483304042177,0.29569420035149385,0.27065026362038663
0.1391571553994732,0.29455662862159787,0.2993854258121159,0.266900790166813
0.14235033259423505,0.293569844789357,0.2966740576496674,0.26740576496674057
0.14544650751547303,0.29310344827586204,0.28824049513704686,0.27320954907161804
0.14391626689925863,0.2908853030963803,0.2895769733972961,0.275621456607065
0.1460823373173971,0.2961487383798141,0.2872952633908809,0.27047366091190794
0.14752650176678445,0.29902826855123676,0.2919611307420495,0.26148409893992935
0.14241758241758243,0.3032967032967033,0.29406593406593406,0.2602197802197802
0.1426056338028169,0.3050176056338028,0.292693661971831,0.2596830985915493
0.13808267370272648,0.306948109058927,0.29463500439753737,0.26033421284080915
0.14053579270970576,0.30610452349582784,0.2981993851559069,0.2551602986385595
0.1534740545294635,0.3021108179419525,0.28715919085312225,0.25725593667546176
0.14986967854039965,0.30191138140747176,0.2875760208514335,0.26064291920069504
0.14829570606463036,0.3023461708720673,0.2917220008853475,0.25763612217795484
0.15202108963093147,0.3093145869947276,0.29393673110720564,0.24472759226713534
0.1527655838454785,0.3042142230026339,0.28884986830553117,0.25417032484635643
0.15442146942366916,0.30576330840299165,0.2855257369115706,0.2542894852617686
0.16224580017683465,0.3103448275862069,0.28160919540229884,0.2458001768346596
0.163167104111986,0.3022747156605424,0.28433945756780404,0.25021872265966755
0.16976127320954906,0.3068081343943413,0.27630415561450045,0.2471264367816092
0.16651982378854627,0.3004405286343612,0.28193832599118945,0.2511013215859031
0.16236323851203502,0.3015317286652079,0.2827133479212254,0.25339168490153174
0.16972878390201224,0.2992125984251969,0.27340332458442695,0.25765529308836393
0.16900790166812993,0.2967515364354697,0.27611940298507465,0.2581211589113257
0.1750886524822695,0.29343971631205673,0.2770390070921986,0.25443262411347517
0.17341549295774647,0.2984154929577465,0.2654049295774648,0.26276408450704225
0.18004434589800444,0.29800443458980047,0.26962305986696233,0.2523281596452328
0.17761989342806395,0.30595026642984013,0.2677619893428064,0.24866785079928952
0.18189768255356362,0.30257979886313946,0.26803672933974637,0.2474857892435505
0.18337730870712401,0.30914687774846084,0.26297273526824977,0.24450307827616535
0.18157661647475642,0.3029229406554473,0.26439326837909655,0.25110717449069975
0.1806108897742364,0.30898627711376714,0.26117751217352814,0.24922532093846836
0.17909781152300133,0.3104064314426083,0.26485037963376507,0.24564537740062528
0.1909614532565352,0.30482941958351795,0.25476295968099244,0.24944616747895437
0.18794014084507044,0.3107394366197183,0.25704225352112675,0.2442781690140845
0.18842471714534378,0.3128807658833769,0.25326370757180156,0.2454308093994778
0.18788410886742757,0.30816505706760317,0.2559262510974539,0.24802458296751537
0.18588338448049102,0.30819815870232353,0.25471284524331433,0.2512056115738711
0.18105726872246697,0.30881057268722467,0.2581497797356828,0.25198237885462554
0.1797314854915548,0.3174534430489389,0.2516240796881767,0.2511909917713296
0.17868199911543564,0.31623175586023883,0.25254312251216277,0.25254312251216277
0.18301803783545975,0.3172019357677079,0.2498900131984162,0.2498900131984162
0.17994746059544658,0.31304728546409805,0.2570052539404553,0.25
0.18121693121693122,0.31216931216931215,0.25308641975308643,0.2535273368606702
0.19143356643356643,0.30856643356643354,0.24694055944055945,0.2530594405594406
0.19118942731277533,0.31497797356828194,0.24537444933920705,0.24845814977973568
0.19806338028169015,0.30809859154929575,0.24339788732394366,0.25044014084507044
0.1978798586572438,0.30697879858657245,0.24072438162544169,0.254416961130742
0.19814241486068113,0.30782839451570104,0.23971693940734187,0.254312251216276
0.20299427564949363,0.3042712461470718,0.23469837076177896,0.25803610744165567
0.2053298383573613,0.30930537352555704,0.23328964613368283,0.25207514198339886
0.20087912087912088,0.30813186813186816,0.2334065934065934,0.25758241758241757
0.20501539815222172,0.30532336119665643,0.23933128024637043,0.2503299604047514
0.20492170022371364,0.29261744966442954,0.24563758389261744,0.2568232662192394
0.20794701986754968,0.2993377483443709,0.2370860927152318,0.2556291390728477
0.20871459694989106,0.2932461873638344,0.2466230936819172,0.2514161220043573
0.2039301310043668,0.2903930131004367,0.24192139737991267,0.26375545851528387
0.204162976085031,0.29273693534100975,0.2466784765279008,0.25642161204605846
0.2000891265597148,0.2945632798573975,0.24376114081996436,0.26158645276292336
0.1935483870967742,0.2951833848873177,0.25320371188687585,0.25806451612903225
0.1957092819614711,0.28809106830122594,0.2530647985989492,0.2631348511383538
0.19878735383282806,0.2828064097011693,0.25075790385448243,0.26764833261152016
0.1960958296362023,0.2803904170363798,0.2466725820763088,0.27684117125110913
0.20061592608886933,0.27716673999120106,0.2498900131984162,0.27232732072151344
0.19543258673693456,0.282389108476065,0.24857268335529206,0.2736056214317084
0.19222271321254972,0.28236853733981443,0.2558550596553248,0.2695536897923111
0.18834866403854578,0.2864651773981603,0.2544897065265002,0.2706964520367937
0.18807139747496734,0.282107096212451,0.26121027427078797,0.26861123204179366
0.18689105403011513,0.2843224092116918,0.2661647475642161,0.262621789193977
0.18802660753880265,0.2842572062084257,0.2638580931263858,0.2638580931263858
0.1936619718309859,0.2794894366197183,0.2654049295774648,0.261443661971831
0.1917326297273527,0.28144239226033424,0.26561125769569044,0.2612137203166227
0.1974438078448656,0.28074041427941826,0.25694138386954607,0.26487439400617013
0.19921017990346643,0.2768758227292672,0.2566915313734094,0.26722246599385696
0.20280948200175591,0.27568042142230026,0.2589991220368745,0.26251097453906935
0.20247568523430592,0.27453580901856767,0.257736516357206,0.26525198938992045
0.20645446507515472,0.27984084880636606,0.253315649867374,0.2603890362511052
0.20786026200873362,0.28078602620087334,0.25109170305676853,0.26026200873362443
0.21447721179624665,0.2761394101876676,0.25245755138516535,0.25692582663092045
0.20921052631578949,0.2771929824561403,0.2517543859649123,0.2618421052631579
0.21528998242530756,0.27548330404217924,0.2539543057996485,0.2552724077328647
0.21469676848162905,0.27224435590969454,0.25232403718459495,0.26073483842408146
0.22241758241758242,0.2725274725274725,0.24923076923076923,0.2558241758241758
0.2267543859649123,0.2710526315789474,0.24473684210526317,0.2574561403508772
0.23393091386095322,0.26978574551814605,0.24529951902055094,0.2509838216003498
0.23249669749009247,0.26420079260237783,0.24790841039189784,0.25539409951563186
0.22921249450065992,0.2683677958644963,0.24901011878574572,0.2534095908490981
0.22920353982300884,0.2584070796460177,0.2579646017699115,0.25442477876106195
0.22850877192982455,0.2596491228070175,0.2596491228070175,0.25219298245614036
0.2283085013146363,0.26380368098159507,0.2567922874671341,0.25109553023663456
0.22403169014084506,0.26100352112676056,0.261443661971831,0.2535211267605634
0.22594880847308033,0.25198587819947044,0.2612533097969991,0.26081200353045014
0.2270509977827051,0.25764966740576495,0.26252771618625276,0.25277161862527714
0.22532093846834883,0.2545374059318282,0.2589641434262948,0.26117751217352814
0.22472406181015453,0.2556291390728477,0.25739514348785875,0.26225165562913905
0.22667829119442023,0.25108979947689625,0.25719267654751526,0.26503923278116825
0.22383465259454705,0.24890061565523308,0.2559366754617414,0.27132805628847845
0.22536456031816174,0.25011047282368537,0.2558550596553248,0.26866990720282813
0.2212934447866256,0.24725032996040475,0.2600087989441267,0.27144742630884294
0.22017543859649122,0.25043859649122807,0.2600877192982456,0.2692982456140351
0.2258491398323776,0.24966916629907365,0.2576091751213057,0.26687251874724305
0.22069880583812473,0.2529854046881911,0.2556390977443609,0.2706766917293233
0.22820849759088918,0.2505475251861586,0.2505475251861586,0.2706964520367937
0.22833260008798945,0.2446106467223933,0.2512098548174219,0.27584689837219534
0.22817025010969724,0.24835454146555508,0.24528301886792453,0.2781921895568232
0.22781988408381632,0.23896567097637092,0.24699063753901027,0.2862238074008025
0.22364358182620203,0.24040582267313632,0.2439347154830172,0.29201588001764445
0.22485726833552921,0.24022837066315328,0.2437417654808959,0.29117259552042163
0.22715289982425307,0.24033391915641475,0.24033391915641475,0.29217926186291737
0.22383465259454705,0.2357080035180299,0.2436235708003518,0.29683377308707126
0.22852081488042517,0.23782108060230292,0.23560673162090345,0.29805137289636846
0.22324966974900926,0.23645970937912814,0.2413033905768384,0.2989872302950242
0.22840859272249014,0.2367382726874178,0.2362998684787374,0.2985532661113547
0.22951541850220264,0.23039647577092512,0.2356828193832599,0.30440528634361236
0.23423026025584473,0.22981914424349362,0.23511248345831495,0.30083811204234673
0.23326039387308534,0.23063457330415754,0.2315098468271335,0.30459518599562363
0.2357049323439546,0.22872108249672632,0.23352247926669575,0.3020515058926233
0.23080298376480912,0.22948661693725317,0.24177270732777534,0.29793769197016234
0.2314487632508834,0.22835689045936397,0.24425795053003532,0.2959363957597173
0.23168578993821712,0.22197705207413945,0.24580759046778464,0.30052956751985876
0.22840859272249014,0.21876370013152127,0.2494519947391495,0.3033757124068391
0.2307017543859649,0.21535087719298246,0.2517543859649123,0.30219298245614035
0.22958057395143489,0.2141280353200883,0.24988962472406182,0.306401766004415
0.23560673162090345,0.21169176262178918,0.2519929140832595,0.30070859167404784
0.23451910408432147,0.21431708388230128,0.2463768115942029,0.30478700043917434
0.231239092495637,0.21771378708551484,0.24781849912739964,0.3032286212914485
0.22985468956406868,0.21796565389696168,0.24922941435490972,0.30295024218405986
0.23790677220756376,0.21767810026385223,0.24670184696569922,0.29771328056288476
0.23328964613368283,0.2214941022280472,0.24989078200087375,0.29532546963739625
0.24084693427437143,0.22099691221879136,0.24305249228054698,0.2951036612262902
0.24331433581762385,0.21920210434020165,0.24331433581762385,0.29416922402455065
0.2371088585279859,0.21903922432789774,0.24768620537681799,0.2961657117672984
0.2379690949227373,0.22030905077262694,0.23973509933774834,0.3019867549668874
0.23987676056338028,0.21919014084507044,0.2438380281690141,0.2970950704225352
0.2394491337183474,0.2252332296756997,0.2425588627276766,0.2927587738782763
0.24139452780229478,0.23477493380406,0.24007060900264784,0.28375992939099737
0.2453580901856764,0.22723253757736517,0.2453580901856764,0.28205128205128205
0.24543874891398784,0.23240660295395307,0.24456993918331885,0.2775847089487402
0.24923076923076923,0.22945054945054946,0.23956043956043957,0.28175824175824177
0.24301552106430155,0.2221729490022173,0.24789356984478936,0.2869179600886918
0.2432195975503062,0.22528433945756782,0.24540682414698162,0.28608923884514437
0.23866138265081463,0.22545134302069572,0.25011008366358434,0.2857771906649053
0.2445916114790287,0.22207505518763798,0.2503311258278146,0.28300220750551874
0.2420494699646643,0.21908127208480566,0.2539752650176678,0.2848939929328622
0.24072438162544169,0.21996466431095407,0.25618374558303886,0.2831272084805654
0.2465934065934066,0.22065934065934065,0.2562637362637363,0.2764835164835165
0.243006993006993,0.22071678321678323,0.256993006993007,0.27928321678321677
0.2405618964003512,0.21466198419666374,0.25680421422300265,0.28797190517998245
0.240958605664488,0.2178649237472767,0.2605664488017429,0.28061002178649236
0.23818019625334522,0.21989295272078502,0.2609277430865299,0.28099910793933985
0.23786620026235242,0.22606034105815478,0.254919108001749,0.28115435067774375
0.23467600700525393,0.2224168126094571,0.2552539404553415,0.28765323992994746
0.2398427260812582,0.2214941022280472,0.2599388379204893,0.27872433377020533
0.23830345430695235,0.22518583296895497,0.2505465675557499,0.2859641451683428
0.2416958041958042,0.2229020979020979,0.2508741258741259,0.28452797202797203
0.23985890652557318,0.21957671957671956,0.25396825396825395,0.2865961199294533
0.24389160373167482,0.2199022656597068,0.25410928476232786,0.2820968458462905
0.24369747899159663,0.22158337019018134,0.25961963732861565,0.2750995134896064
0.24445430346051464,0.21960958296362024,0.25199645075421473,0.2839396628216504
0.24330259112867808,0.22134387351778656,0.2547211242863417,0.28063241106719367
0.24394539850286218,0.22413033905768384,0.2562747688243065,0.2756494936151475
0.24010554089709762,0.22735268249780125,0.25857519788918204,0.27396657871591906
0.2421875,0.22569444444444445,0.2578125,0.2743055555555556
0.24482606781153676,0.22677234698370763,0.2637604579480405,0.2646411272567151
0.24714661984196665,0.22870939420544337,0.2594381035996488,0.2647058823529412
0.24581497797356827,0.22246696035242292,0.2581497797356828,0.273568281938326
0.2439877568867512,0.22868386532575427,0.24879755137735024,0.2785308264101443
0.24811696942844483,0.22906513070447496,0.2512184315463004,0.2715994683207798
0.24888691006233304,0.23330365093499555,0.2493321460373998,0.2684772929652716
0.254737769942706,0.23005729396209784,0.24371970030850595,0.27148523578669015
0.2564444444444444,0.23066666666666666,0.2391111111111111,0.2737777777777778
0.2533097969991174,0.23168578993821712,0.2418358340688438,0.2731685789938217
0.2482456140350877,0.23640350877192984,0.24342105263157895,0.2719298245614035
0.24966916629907365,0.23467137185707984,0.24305249228054698,0.2726069695632995
0.249670908293111,0.23036419482229048,0.24089512944273805,0.27906976744186046
0.24622682190599396,0.2363087537731781,0.2401897369555843,0.27727468736524363
0.2548245614035088,0.22894736842105262,0.24342105263157895,0.27280701754385966
0.25497127706584183,0.22801590808661068,0.23906319045514804,0.27794962439239945
0.25850043591979077,0.22755013077593722,0.24062772449869224,0.27332170880557977
0.25065963060686014,0.23175021987686895,0.23614775725593667,0.28144239226033424
0.24700665188470067,0.23503325942350334,0.23547671840354767,0.2824833702882483
0.2532808398950131,0.2357830271216098,0.2335958005249344,0.2773403324584427
0.2516585581601061,0.23662096417514375,0.23485183547103053,0.2768686421937196
0.26018396846254926,0.231712658782304,0.23302671922908455,0.2750766535260622
0.2540445999125492,0.23393091386095322,0.23087013554875382,0.28115435067774375
0.25285839929639403,0.23306948109058928,0.23658751099384345,0.2774846086191733
0.25174520069808026,0.23603839441535776,0.23298429319371727,0.2792321116928447
0.24450307827616535,0.23350923482849603,0.23966578715919085,0.28232189973614774
0.2503276539973788,0.23416339012669288,0.23547400611620795,0.2800349497597204
0.246684350132626,0.23563218390804597,0.2338638373121132,0.2838196286472148
0.24879120879120878,0.23604395604395603,0.2312087912087912,0.28395604395604396
0.24866785079928952,0.23490230905861456,0.23179396092362345,0.28463587921847244
0.25342163355408387,0.2304635761589404,0.2326710816777042,0.28344370860927154
0.2578090629124505,0.2234931808183018,0.23757149142102948,0.28112626484821823
0.25263157894736843,0.22719298245614036,0.23684210526315788,0.2833333333333333
0.25511536787113626,0.22159338267305181,0.24074880278624292,0.282542446669569
0.25164980202375714,0.22305323361196655,0.24153101627804663,0.2837659480862297
0.2563989408649603,0.2210944395410415,0.23962930273609886,0.2828773168578994
0.25971191619380185,0.2221737232649498,0.24356176342208644,0.2745525971191619
0.26963812886142985,0.22330097087378642,0.23433362753751102,0.2727272727272727
0.26499118165784835,0.2261904761904762,0.23236331569664903,0.27645502645502645
0.26716222125054656,0.22868386532575427,0.23436816790555312,0.26978574551814605
0.26970227670753066,0.22154115586690018,0.23204903677758318,0.276707530647986
0.27047038327526135,0.22430313588850173,0.22865853658536586,0.27656794425087106
0.27256792287467135,0.22480280455740578,0.22567922874671342,0.27695004382120947
0.2681095406360424,0.22217314487632508,0.2252650176678445,0.284452296819788
0.2752091589608102,0.21972699251431088,0.22148833113166005,0.28357551739321885
0.27665198237885463,0.21938325991189428,0.2171806167400881,0.286784140969163
0.27461368653421636,0.2260485651214128,0.21015452538631346,0.2891832229580574
0.2679824561403509,0.2293859649122807,0.21140350877192982,0.2912280701754386
0.2723666813574262,0.2265315116791538,0.20978404583516969,0.2913177611282503
0.2665188470066519,0.22572062084257205,0.2155210643015521,0.29223946784922394
0.27004405286343613,0.22555066079295155,0.21585903083700442,0.28854625550660795
0.2718531468531469,0.22727272727272727,0.2145979020979021,0.2862762237762238
0.273286467486819,0.23286467486818982,0.21748681898066785,0.27636203866432335
0.2672566371681416,0.22699115044247786,0.2168141592920354,0.28893805309734516
0.2662309368191721,0.23050108932461874,0.21612200435729848,0.2871459694989107
0.27276726792784867,0.2309722833260009,0.21601407831060274,0.28024637043554773
0.27004405286343613,0.23259911894273128,0.2198237885462555,0.2775330396475771
0.27316644707949056,0.22880983750548967,0.21870882740447958,0.27931488801054016
0.2784865816102068,0.225692916849978,0.2133743950725913,0.28244610646722396
0.2784365393061045,0.22090469916556874,0.2160737812911726,0.2845849802371542
0.28138718173836696,0.218612818261633,0.2151009657594381,0.2848990342405619
0.290223586146427,0.22139412538360367,0.210872424375274,0.2775098640946953
0.2900662251655629,0.2119205298013245,0.21456953642384105,0.28344370860927154
0.2908296943231441,0.21048034934497817,0.21484716157205241,0.2838427947598253
0.2908853030963803,0.20976886175316178,0.21456607064980376,0.2847797645006542
0.28910369068541303,0.21221441124780316,0.21660808435852372,0.2820738137082601
0.28715034965034963,0.21153846153846154,0.21853146853146854,0.28277972027972026
0.2868352223190933,0.2140366172624237,0.2140366172624237,0.2850915431560593
0.287521815008726,0.21771378708551484,0.2164048865619546,0.27835951134380454
0.28289473684210525,0.21710526315789475,0.22236842105263158,0.2776315789473684
0.2834960070984916,0.22271517302573204,0.2204968944099379,0.2732919254658385
0.2853992059991178,0.2227613586237318,0.2227613586237318,0.2690780767534186
0.2834507042253521,0.22403169014084506,0.2227112676056338,0.269806338028169
0.2808641975308642,0.2292768959435626,0.222663139329806,0.2671957671957672
0.28160919540229884,0.22944297082228116,0.22148541114058357,0.26746242263483644
0.2817777777777778,0.228,0.22311111111111112,0.26711111111111113
0.2911336568151742,0.22717247463608292,0.21967357741508603,0.2620202911336568
0.29728546409807355,0.22416812609457093,0.21935201401050788,0.2591943957968476
0.29973474801061006,0.22325375773651635,0.21839080459770116,0.25862068965517243
0.3029100529100529,0.2222222222222222,0.21693121693121692,0.25793650793650796
0.3033757124068391,0.22577816747040771,0.21306444541867603,0.25778167470407715
0.3003970004411116,0.2267313630348478,0.22055580061755625,0.2523158359064843
0.2943246810382754,0.23053233611966564,0.22481302243730752,0.2503299604047514
0.2979664014146773,0.23474801061007958,0.22060123784261715,0.246684350132626
0.30392156862745096,0.23529411764705882,0.2196969696969697,0.2410873440285205
0.2958057395143488,0.23532008830022075,0.223841059602649,0.24503311258278146
0.2987241531016278,0.24065112186537616,0.21865376154861416,0.24197096348438188
0.2895204262877442,0.2411190053285968,0.2233570159857904,0.24600355239786856
0.29367866549604915,0.23397717295873574,0.2221246707638279,0.25021949078138717
0.29059080962800876,0.23326039387308534,0.2262582056892779,0.249890590809628
0.28347826086956524,0.23608695652173914,0.2273913043478261,0.2530434782608696
0.2884955752212389,0.2331858407079646,0.22212389380530972,0.25619469026548675
0.28508578970523535,0.2380114386273647,0.22261328640563133,0.2542894852617686
0.2857768052516411,0.24288840262582057,0.2188183807439825,0.2525164113785558
0.2855239786856128,0.2464476021314387,0.2144760213143872,0.25355239786856126
0.2828860536735592,0.24153101627804663,0.21733391992960846,0.25824901011878576
0.28375992939099737,0.24139452780229478,0.2202118270079435,0.2546337157987643
0.2790594498669033,0.24445430346051464,0.21251109139307897,0.2639751552795031
0.2795138888888889,0.2439236111111111,0.2109375,0.265625
0.28193832599118945,0.24537444933920705,0.2092511013215859,0.26343612334801764
0.28320911880754057,0.24375274002630426,0.2091188075405524,0.2639193336256028
0.2796125055041832,0.2399823866138265,0.2162043152796125,0.26420079260237783
0.283303730017762,0.23934280639431615,0.21047957371225579,0.26687388987566607
0.28127734033245844,0.24146981627296588,0.20909886264216973,0.26815398075240593
0.2820175438596491,0.24561403508771928,0.2057017543859649,0.26666666666666666
0.28094820017559263,0.24451273046532046,0.2080772607550483,0.2664618086040386
0.27437943262411346,0.2429078014184397,0.2149822695035461,0.26773049645390073
0.27660510114335973,0.24450307827616535,0.21591908531222515,0.26297273526824977
0.27460456942003514,0.2390158172231986,0.22100175746924428,0.26537785588752194
0.2800710164225477,0.23879272081668887,0.2228140257434532,0.2583222370173103
0.27939876215738285,0.248894783377542,0.21794871794871795,0.2537577365163572
0.2774108322324967,0.25011008366358434,0.21400264200792601,0.25847644209599296
0.2793594306049822,0.2513345195729537,0.2148576512455516,0.25444839857651247
0.2773626373626374,0.24879120879120878,0.22241758241758242,0.25142857142857145
0.27824175824175823,0.24879120879120878,0.21978021978021978,0.2531868131868132
0.2777288732394366,0.24515845070422534,0.21875,0.258362676056338
0.2756183745583039,0.2495583038869258,0.21289752650176677,0.2619257950530035
0.28191489361702127,0.25177304964539005,0.20567375886524822,0.26063829787234044
0.27873183619550856,0.2527520915896081,0.21312197269925143,0.25539409951563186
0.2801418439716312,0.2473404255319149,0.21320921985815602,0.25930851063829785
0.28324468085106386,0.24512411347517732,0.2176418439716312,0.25398936170212766
0.29203152364273205,0.2434325744308231,0.21541155866900175,0.2491243432574431
0.29101221640488656,0.2399650959860384,0.21727748691099477,0.25174520069808026
0.2953549517966696,0.2401402278702892,0.21384750219106047,0.2506573181419807
0.29020824102791315,0.24014178112538767,0.21134249003101463,0.2583074878156845
0.2865934065934066,0.2408791208791209,0.210989010989011,0.26153846153846155
0.286281429201588,0.23952359947066607,0.20952801058667844,0.2646669607410675
0.29157476841640934,0.2364358182620203,0.21041023378914867,0.2615791795324217
0.2937554969217238,0.2343887423043096,0.20624450307827616,0.26561125769569044
0.2928666371289322,0.23482498892334958,0.19849357554275587,0.2738147984049623
0.29337948939852876,0.23366508005192557,0.19731717871051493,0.27563825183903073
0.2896703296703297,0.2334065934065934,0.20131868131868133,0.2756043956043956
0.28872312417727075,0.23475208424747696,0.19833260201842914,0.2781921895568232
0.28801042571676805,0.23284100781928757,0.1993918331885317,0.2797567332754127
0.2864698104892023,0.23270163067430585,0.20229175848391362,0.2785368003525782
0.2904929577464789,0.2319542253521127,0.19982394366197184,0.2777288732394366
0.2867102396514161,0.2344226579520697,0.19782135076252724,0.28104575163398693
0.2924778761061947,0.24026548672566372,0.1920353982300885,0.2752212389380531
0.2938053097345133,0.23805309734513275,0.19601769911504424,0.2721238938053097
0.283436669619132,0.2395925597874225,0.204162976085031,0.2728077945084145
0.2824258521469677,0.23860115095174855,0.199203187250996,0.27976980965028775
0.28413610251878035,0.23552806009721608,0.1992929739284136,0.28104286345558993
0.28138718173836696,0.23617208077260754,0.19754170324846357,0.2848990342405619
0.27768014059753954,0.23945518453427064,0.19639718804920914,0.28646748681898065
0.27613586237318044,0.2399647110719012,0.19673577415086016,0.2871636524040582
0.2743556138051551,0.2398427260812582,0.2018348623853211,0.2839667977282656
0.2770448548812665,0.24494283201407213,0.20184696569920843,0.27616534740545295
0.2799825556040122,0.24291321412996075,0.2023549934583515,0.27474923680767555
0.28194993412384717,0.24418093983311376,0.204655248133509,0.2692138779095301
0.2845814977973568,0.24493392070484582,0.2052863436123348,0.26519823788546254
0.278926528816542,0.2424109106907171,0.20853497580290364,0.2701275846898372
0.2801231310466139,0.2405452946350044,0.21108179419525067,0.26824978012313105
0.2857771906649053,0.23778071334214002,0.21268163804491413,0.2637604579480405
0.2844600526777875,0.2414398595258999,0.21027216856892011,0.26382791922739246
0.2908366533864542,0.24524125719344844,0.20761398849048252,0.25630810092961487
0.2844677137870855,0.24389179755671903,0.20986038394415357,0.2617801047120419
0.28818061088977426,0.23638778220451528,0.21425409473218238,0.26117751217352814
0.291866028708134,0.23357981731187472,0.21183123096998696,0.26272292301000433
0.2912621359223301,0.23874669020300088,0.20476610767872905,0.26522506619594
0.2977332170880558,0.23539668700959024,0.2048823016564952,0.2619877942458588
0.29881526985519963,0.23650724001755155,0.20272049144361562,0.26195699868363315
0.2984749455337691,0.23660130718954248,0.2017429193899782,0.26318082788671027
0.30449978156400176,0.2324159021406728,0.2013979903888161,0.2616863259065094
0.3037362637362637,0.2312087912087912,0.1986813186813187,0.2663736263736264
0.3019867549668874,0.22913907284768212,0.19735099337748344,0.271523178807947
0.3044434667839859,0.2278926528816542,0.19621645402551693,0.27144742630884294
0.3053097345132743,0.22079646017699114,0.1995575221238938,0.2743362831858407
0.30596026490066225,0.21677704194260486,0.19735099337748344,0.27991169977924946
0.3033362598770852,0.2115891132572432,0.20237050043898155,0.28270412642669007
0.31146809460062475,0.2110664881749219,0.2039268183846497,0.27353859883980364
0.3055432372505543,0.2088691796008869,0.2097560975609756,0.27583148558758314
0.30691768826619964,0.21234676007005254,0.20490367775831875,0.27583187390542907
0.30816237450894807,0.2125709297250109,0.20515058926233087,0.27411610650371016
0.29955947136563876,0.2118942731277533,0.21145374449339208,0.27709251101321586
0.29977827050997785,0.21419068736141908,0.21197339246119734,0.27405764966740576
0.3041191936897458,0.2116564417177914,0.2107800175284838,0.27344434706397897
0.2983693256941384,0.2146319964742177,0.21110621419127368,0.27589246364037023
0.2973568281938326,0.21497797356828194,0.21233480176211453,0.2753303964757709
0.2985803016858917,0.21650399290150843,0.20896184560780834,0.2759538598047915
0.2925860547219771,0.22241835834068843,0.20785525154457193,0.27714033539276256
0.2936263736263736,0.2210989010989011,0.20747252747252748,0.2778021978021978
0.2956636005256242,0.21550591327201052,0.20937363118703461,0.2794568550153307
0.2958553791887125,0.21296296296296297,0.21164021164021163,0.2795414462081129
0.2973090277777778,0.20789930555555555,0.21484375,0.2799479166666667
0.29349269588313415,0.20717131474103587,0.21912350597609562,0.28021248339973437
0.28892809880899867,0.21085134539038378,0.21835024261138067,0.2818703131892369
0.28741197183098594,0.22139084507042253,0.21038732394366197,0.28080985915492956
0.29245699161887956,0.22055580061755625,0.20952801058667844,0.2774591971768858
0.2946113074204947,0.2234982332155477,0.21024734982332155,0.27164310954063603
0.28173374613003094,0.22954444935869084,0.21450685537372843,0.27421494913754973
0.2852760736196319,0.22611744084136723,0.21384750219106047,0.2747589833479404
0.2848324514991182,0.22707231040564374,0.2138447971781305,0.2742504409171076
0.2849673202614379,0.2222222222222222,0.21220043572984748,0.28061002178649236
0.2842058952925649,0.22173339199296085,0.21161460624725034,0.28244610646722396
0.28029642545771577,0.22231909328683522,0.2175239755884917,0.2798605056669573
0.2784365393061045,0.22485726833552921,0.21651295564339043,0.28019323671497587
0.27557319223985893,0.222663139329806,0.21781305114638447,0.2839506172839506
0.28251318101933215,0.21616871704745166,0.21704745166959577,0.28427065026362036
0.27982456140350875,0.21359649122807017,0.21754385964912282,0.28903508771929826
0.28608923884514437,0.20866141732283464,0.21828521434820647,0.2869641294838145
0.287467134092901,0.20639789658194566,0.21998247151621383,0.28615249780893953
0.29432624113475175,0.2052304964539007,0.21365248226950354,0.28679078014184395
0.29244871235268444,0.20253164556962025,0.21999127018769096,0.28502837189000435
0.2884108867427568,0.20456540825285338,0.22300263388937663,0.2840210711150132
0.28848698720776356,0.21261579179532422,0.21438023820026467,0.28451698279664756
0.2852760736196319,0.22261174408413673,0.2112182296231376,0.28089395267309375
0.2875874125874126,0.22202797202797203,0.2111013986013986,0.27928321678321677
0.27929515418502204,0.22731277533039648,0.2105726872246696,0.2828193832599119
0.2776066871975363,0.22965244170699517,0.20941487021557414,0.2833260008798944
0.274822695035461,0.23138297872340424,0.2074468085106383,0.28634751773049644
0.2810715854194115,0.2318840579710145,0.20509442248572685,0.28194993412384717
0.28998242530755713,0.22407732864674867,0.2016695957820738,0.28427065026362036
0.2891246684350133,0.22413793103448276,0.20070733863837312,0.28603006189213087
0.2862144420131291,0.21925601750547047,0.20306345733041575,0.29146608315098466
0.2848297213622291,0.2251216275984078,0.205218929677134,0.2848297213622291
0.28735632183908044,0.22236958443854996,0.20910698496905394,0.28116710875331563
0.2801953818827709,0.2291296625222025,0.2069271758436945,0.28374777975133214
0.283647523016221,0.22840859272249014,0.20692678649715038,0.2810170977641385
0.2878521126760563,0.22579225352112675,0.20290492957746478,0.2834507042253521
0.2933974639265413,0.22780935723655443,0.19807608220376038,0.28071709663314387
0.29537521815008727,0.2299301919720768,0.19764397905759162,0.27705061082024435
0.3017391304347826,0.2291304347826087,0.19608695652173913,0.27304347826086955
0.3030436700485223,0.23026025584472873,0.1910013233348037,0.27569475077194533
0.3130779392338177,0.22280933509467196,0.19682959048877147,0.2672831351827389
0.3177198409191339,0.22359699513919576,0.1931064958020327,0.26557666813963765
0.3115622241835834,0.22859664607237423,0.19373345101500442,0.26610767872903796
0.31060272767267927,0.225692916849978,0.1970963484381874,0.2666080070391553
0.3068432671081678,0.22251655629139072,0.19911699779249448,0.271523178807947
0.306401766004415,0.21898454746136867,0.2052980132450331,0.2693156732891832
0.30755711775043937,0.22275922671353252,0.19595782073813708,0.27372583479789103
0.3067675868210151,0.2195013357079252,0.20347284060552093,0.27025823686553874
0.3032427695004382,0.22304995617879053,0.2037686240140228,0.26993865030674846
0.2975243147656941,0.22767462422634838,0.20159151193633953,0.27320954907161804
0.296164139161463,0.23148974130240857,0.2033898305084746,0.2689562890276539
0.29427430093209056,0.22902796271637815,0.20284065690190856,0.27385707944962273
0.2902097902097902,0.23470279720279721,0.20410839160839161,0.270979020979021
0.28640776699029125,0.2383053839364519,0.206090026478376,0.26919682259488087
0.28450578806767585,0.24220837043633126,0.21015138023152272,0.26313446126447015
0.2818141787758697,0.23513870541611626,0.21136063408190225,0.2716864817261119
0.28679078014184395,0.23581560283687944,0.20390070921985815,0.27349290780141844
0.2855251544571933,0.23389232127096204,0.20697263901147397,0.2736098852603707
0.2967372134038801,0.2275132275132275,0.20326278659611993,0.2724867724867725
0.3006189213085765,0.22679045092838196,0.20291777188328913,0.2696728558797524
0.2953941541186891,0.22586359610274578,0.20504871567759078,0.2736935341009743
0.29411764705882354,0.22644847412649272,0.205218929677134,0.27421494913754973
0.29574374725756913,0.2250987275120667,0.21105748135146996,0.26810004387889425
0.29624724061810154,0.2269315673289183,0.2052980132450331,0.271523178807947
0.29955947136563876,0.22202643171806166,0.21013215859030837,0.2682819383259912
0.30218068535825543,0.22073876279483756,0.2082777036048064,0.2688028482421006
0.3003082342580361,0.22589167767503301,0.2069572875385293,0.2668428005284016
0.296,0.22044444444444444,0.20933333333333334,0.2742222222222222
0.2943495400788436,0.21594393342093737,0.21068769163381515,0.27901883486640383
0.29372791519434627,0.21731448763250882,0.20892226148409895,0.28003533568904593
0.29354553492484525,0.21794871794871795,0.20822281167108753,0.28028293545534927
0.2982766239505082,0.2209456473707468,0.20194432169686258,0.27883340698188247
0.2965578111209179,0.22065313327449249,0.205648720211827,0.27714033539276256
0.2960352422907489,0.21674008810572687,0.2052863436123348,0.28193832599118945
0.2996040475142983,0.22085349758029035,0.20325560932688078,0.27628684557853056
0.29795563288386256,0.22053066550674205,0.20269682470639408,0.27881687690300133
0.29863255403617117,0.22011468901632114,0.20291133656815175,0.278341420379356
0.29537521815008727,0.22251308900523561,0.20506108202443282,0.27705061082024435
0.2982222222222222,0.21955555555555556,0.20355555555555555,0.2786666666666667
0.3019451812555261,0.21927497789566755,0.20380194518125552,0.2749778956675508
0.2989106753812636,0.220479302832244,0.20435729847494552,0.2762527233115468
0.2976294995610184,0.21641791044776118,0.20851624231782265,0.2774363476733977
0.2990736656374063,0.21746801940891045,0.20952801058667844,0.27393030436700483
0.30539710399297937,0.2132514260640632,0.2088635366388767,0.2724879333040807
0.31004366812227074,0.20786026200873362,0.2091703056768559,0.27292576419213976
0.3073213502849627,0.2099956159579132,0.21306444541867603,0.26961858833844804
0.3144736842105263,0.2057017543859649,0.20964912280701756,0.27017543859649124
0.3076923076923077,0.20498251748251747,0.20804195804195805,0.27928321678321677
0.30181175430844015,0.2010605391073796,0.21961997348652232,0.27750773309765797
0.3050921861281826,0.19666374012291485,0.22036874451273047,0.2778753292361721
0.31117957746478875,0.19234154929577466,0.21610915492957747,0.28036971830985913
0.30836618484450284,0.18878668418747263,0.21813403416557162,0.28471309680245294
0.3098901098901099,0.19032967032967033,0.2145054945054945,0.28527472527472525
0.30924222514235655,0.19316688567674112,0.21594393342093737,0.28164695575996496
0.3141476274165202,0.19288224956063268,0.2126537785588752,0.28031634446397186
0.30776014109347444,0.1966490299823633,0.21208112874779542,0.28350970017636684
0.3095446584938704,0.19483362521891417,0.21409807355516638,0.28152364273204905
0.3092920353982301,0.1915929203539823,0.2176991150442478,0.2814159292035398
0.3071111111111111,0.19466666666666665,0.21288888888888888,0.2853333333333333
0.29780701754385963,0.19912280701754387,0.21359649122807017,0.2894736842105263
0.2919772029811486,0.20341955282770716,0.2135028496273564,0.29110039456378783
0.29626373626373625,0.20703296703296703,0.21582417582417582,0.28087912087912087
0.29246935201401053,0.21015761821366025,0.21541155866900175,0.2819614711033275
0.2920901458241273,0.20813079982324348,0.21741051701281486,0.28236853733981443
0.2957249889819304,0.20625826355222565,0.2146319964742177,0.28338475099162624
0.2965244170699516,0.20369555653321603,0.21865376154861416,0.28112626484821823
0.3007452871547567,0.20824199912319158,0.21394125383603682,0.2770714598860149
0.302841918294849,0.20648312611012434,0.21092362344582594,0.2797513321492007
0.3011889035667107,0.20651695288419197,0.21576398062527521,0.2765301629238221
0.2963771278917503,0.20907900480139677,0.21868179834133566,0.27586206896551724
0.2902942468159859,0.2103645147123408,0.2204655248133509,0.27887571365832237
0.2870855148342059,0.21553228621291448,0.22207678883071552,0.27530541012216403
0.289588801399825,0.21653543307086615,0.22134733158355205,0.27252843394575677
0.28790534618755476,0.22085889570552147,0.23006134969325154,0.26117440841367223
0.2941952506596306,0.2198768689533861,0.22911169744942833,0.256816182937555
0.29256489221293447,0.22393312802463705,0.22525296964364278,0.25824901011878576
0.29929266136162685,0.22590627763041557,0.22060123784261715,0.2541998231653404
0.3027360988526037,0.22992056487202117,0.21535745807590467,0.25198587819947044
0.3013998250218723,0.23009623797025372,0.20822397200349957,0.26027996500437445
0.29563318777292574,0.23406113537117904,0.20829694323144105,0.26200873362445415
0.29569420035149385,0.23725834797891038,0.2047451669595782,0.2623022847100176
0.3039086517347387,0.22880983750548967,0.21212121212121213,0.2551602986385595
0.29916410030796303,0.2358117025956885,0.20985481742190937,0.2551693796744391
0.3033905768383972,0.23513870541611626,0.2043152796125055,0.2571554381329811
0.30164371390493117,0.2394491337183474,0.2016881386050644,0.25721901377165707
0.2962147887323944,0.24911971830985916,0.20246478873239437,0.2522007042253521
0.30144800351031154,0.24572180781044317,0.20096533567354102,0.25186485300570427
0.3028169014084507,0.24955985915492956,0.19718309859154928,0.25044014084507044
0.3117854001759015,0.24890061565523308,0.18733509234828497,0.2519788918205805
0.3059080962800875,0.2485776805251641,0.187746170678337,0.2577680525164114
0.30506216696269983,0.24866785079928952,0.1825044404973357,0.26376554174067496
0.3170194003527337,0.24867724867724866,0.18209876543209877,0.25220458553791886
