C,D,Oc,Od
1.0,0.0,0.0,0.0
0.5,0.0,0.0,0.5
0.3333333333333333,0.0,0.0,0.6666666666666666
0.5,0.0,0.0,0.5
0.6,0.2,0.0,0.2
0.6666666666666666,0.16666666666666666,0.0,0.16666666666666666
0.7142857142857143,0.14285714285714285,0.0,0.14285714285714285
0.7142857142857143,0.14285714285714285,0.0,0.14285714285714285
0.7142857142857143,0.0,0.14285714285714285,0.14285714285714285
0.7,0.1,0.1,0.1
0.8181818181818182,0.09090909090909091,0.0,0.09090909090909091
0.875,0.0625,0.0,0.0625
0.8181818181818182,0.045454545454545456,0.09090909090909091,0.045454545454545456
0.8148148148148148,0.07407407407407407,0.07407407407407407,0.037037037037037035
0.8421052631578947,0.05263157894736842,0.07894736842105263,0.02631578947368421
0.8571428571428571,0.04081632653061224,0.08163265306122448,0.02040816326530612
0.864406779661017,0.05084745762711865,0.06779661016949153,0.01694915254237288
0.8888888888888888,0.027777777777777776,0.06944444444444445,0.013888888888888888
0.896551724137931,0.022988505747126436,0.05747126436781609,0.022988505747126436
0.9038461538461539,0.019230769230769232,0.057692307692307696,0.019230769230769232
0.9159663865546218,0.01680672268907563,0.04201680672268908,0.025210084033613446
0.9361702127659575,0.014184397163120567,0.028368794326241134,0.02127659574468085
0.9375,0.011363636363636364,0.022727272727272728,0.028409090909090908
0.943127962085308,0.009478672985781991,0.018957345971563982,0.02843601895734597
0.9362549800796812,0.01195219123505976,0.0199203187250996,0.03187250996015936
0.9403973509933775,0.013245033112582781,0.013245033112582781,0.033112582781456956
0.9331306990881459,0.0243161094224924,0.0121580547112462,0.030395136778115502
0.938337801608579,0.01876675603217158,0.010723860589812333,0.032171581769437
0.9354066985645934,0.0215311004784689,0.004784688995215311,0.03827751196172249
0.9377682403433476,0.02145922746781116,0.004291845493562232,0.03648068669527897
0.9319470699432892,0.020793950850661626,0.005671077504725898,0.04158790170132325
0.9249146757679181,0.02218430034129693,0.008532423208191127,0.04436860068259386
0.9236883942766295,0.017488076311605722,0.011128775834658187,0.04769475357710652
0.9112676056338028,0.016901408450704224,0.01267605633802817,0.059154929577464786
0.9077922077922078,0.016883116883116882,0.011688311688311689,0.06363636363636363
0.9053892215568863,0.013173652694610778,0.011976047904191617,0.06946107784431138
0.8885172798216276,0.021181716833890748,0.008918617614269788,0.08138238573021182
0.8823529411764706,0.017543859649122806,0.009287925696594427,0.09081527347781218
0.8839024390243903,0.016585365853658537,0.00878048780487805,0.09073170731707317
0.8773062730627307,0.016605166051660517,0.01014760147601476,0.0959409594095941
0.8747826086956522,0.019130434782608695,0.011304347826086957,0.09478260869565218
0.8675762439807384,0.018459069020866775,0.009630818619582664,0.1043338683788122
0.8635670731707317,0.018292682926829267,0.011432926829268292,0.10670731707317073
0.8527519656897784,0.020014295925661188,0.013581129378127233,0.11365260900643316
0.8584254143646409,0.022099447513812154,0.013812154696132596,0.10566298342541436
0.8637851997380485,0.01899148657498363,0.014407334643091027,0.10281597904387688
0.8633228840125392,0.01755485893416928,0.013793103448275862,0.10532915360501567
0.8641304347826086,0.018719806763285024,0.01570048309178744,0.10144927536231885
0.8546409807355516,0.018680677174547577,0.01576182136602452,0.11091652072387624
0.8524957936062816,0.02131239484015704,0.016264722378014584,0.10992708917554683
0.8511344770337577,0.021029330381848368,0.01715550636413946,0.11068068622025456
0.8484685652874798,0.02418054809242343,0.017195056421278884,0.11015583019881783
0.8469973890339425,0.022454308093994776,0.01618798955613577,0.11436031331592689
0.8452926208651399,0.020356234096692113,0.018829516539440202,0.11552162849872774
0.8426113360323887,0.021761133603238867,0.02125506072874494,0.11437246963562753
0.844390243902439,0.023414634146341463,0.022926829268292682,0.10926829268292683
0.8464891041162228,0.02324455205811138,0.022276029055690073,0.10799031476997578
0.8459715639810427,0.02227488151658768,0.02132701421800948,0.11042654028436019
0.8423988842398884,0.02417480241748024,0.023245002324500233,0.1101813110181311
0.8356417359187442,0.023545706371191136,0.024007386888273315,0.11680517082179132
0.8318056828597616,0.025206232813932174,0.021998166819431713,0.12098991750687443
0.8293016887266088,0.02647193062528526,0.020538566864445457,0.12368781378366044
0.8273674671499773,0.027639329406434075,0.019483461712732214,0.12550974173085636
0.8293226381461676,0.027629233511586453,0.01871657754010695,0.12433155080213903
0.8280903854674346,0.028799291094373063,0.01993797075764289,0.12317235268054941
0.8278798744957419,0.03182429403854774,0.021515015688032272,0.11878081577767817
0.8249551166965888,0.032764811490125674,0.02064631956912029,0.12163375224416517
0.8204444444444444,0.03333333333333333,0.022222222222222223,0.124
0.8167259786476868,0.03291814946619217,0.023131672597864767,0.12722419928825623
0.8129175946547884,0.0334075723830735,0.022271714922048998,0.13140311804008908
0.8082556591211718,0.033732800710164226,0.02574345317354638,0.13226808699511763
0.8023152270703473,0.03294746215494212,0.029385574354407838,0.13535173642030277
0.8058771148708815,0.03250222617987533,0.026714158504007122,0.13490650044523597
0.8054439982150825,0.03302097278000892,0.027219991075412762,0.13431503792949576
0.8008948545861297,0.036241610738255034,0.025503355704697986,0.13736017897091723
0.8013274336283186,0.03672566371681416,0.02654867256637168,0.13539823008849558
0.7960264900662252,0.03708609271523179,0.03090507726269316,0.13598233995584988
0.7938420348058902,0.035698348951361,0.03435966086568496,0.13609995537706382
0.7943262411347518,0.03679078014184397,0.034131205673758866,0.1347517730496454
0.7876651982378855,0.03832599118942731,0.033480176211453744,0.14052863436123347
0.7858407079646018,0.03584070796460177,0.033628318584070796,0.14469026548672567
0.7861945316001793,0.038995965934558494,0.03227252353204841,0.1425369789332138
0.7820683533067022,0.03905903240124279,0.03417665335108744,0.1446959609409676
0.7776793622674933,0.03941541186891054,0.03985828166519043,0.14304694419840566
0.7792792792792793,0.03963963963963964,0.03918918918918919,0.14189189189189189
0.7842081650964559,0.036787797218483624,0.039030955585464336,0.13997308209959622
0.7872244714349977,0.03688708951866847,0.038686459739091315,0.13720197930724246
0.7917599641737573,0.03358710255261979,0.03716972682489924,0.1374832064487237
0.7864816472694718,0.03312444046553268,0.03849597135183527,0.14189794091316024
0.7890350877192982,0.03245614035087719,0.03728070175438596,0.1412280701754386
0.7830734966592428,0.033853006681514475,0.03875278396436525,0.1443207126948775
0.7823399558498896,0.033554083885209716,0.03399558498896247,0.15011037527593818
0.7855550601872492,0.03789567543468569,0.03299152920196166,0.14355773517610343
0.7869584635998214,0.03841000446627959,0.0321572130415364,0.14247431889236267
0.7868632707774799,0.03932082216264522,0.034405719392314564,0.13941018766756033
0.7801857585139319,0.04113224237063246,0.03582485625829279,0.14285714285714285
0.7831858407079646,0.04247787610619469,0.03584070796460177,0.13849557522123893
0.7834821428571429,0.04017857142857143,0.033482142857142856,0.14285714285714285
0.7820053715308863,0.04073410922112802,0.03401969561324977,0.1432408236347359
0.7752659574468085,0.0425531914893617,0.03634751773049645,0.14583333333333334
0.7726663689146941,0.0401965163019205,0.036176864671728454,0.15096025011165698
0.7766990291262136,0.038393645189761696,0.03486319505736982,0.1500441306266549
0.7757467677218012,0.03700401248328132,0.03165403477485511,0.15559518502006242
0.7785204991087344,0.03609625668449198,0.03297682709447415,0.15240641711229946
0.772972972972973,0.03558558558558558,0.03513513513513514,0.15630630630630632
0.7759928603302098,0.036590807675145026,0.031236055332440876,0.15618027666220438
0.7728093947606143,0.037488708220415536,0.02981029810298103,0.15989159891598917
0.7786738351254481,0.03494623655913978,0.029121863799283155,0.15725806451612903
0.7803904170363798,0.03593611357586513,0.027950310559006212,0.1557231588287489
0.7836517103509552,0.03598400710795202,0.028876055086628164,0.1514882274544647
0.7826475849731663,0.03354203935599284,0.029516994633273702,0.1542933810375671
0.7825704225352113,0.03433098591549296,0.029049295774647887,0.15404929577464788
0.7773297491039427,0.033154121863799284,0.029121863799283155,0.1603942652329749
0.7764811490125674,0.03411131059245961,0.026032315978456014,0.16337522441651706
0.7659574468085106,0.0362154821186057,0.02761430511543685,0.1702127659574468
0.7608017817371938,0.035634743875278395,0.027616926503340758,0.1759465478841871
0.7617360496014172,0.03631532329495128,0.026572187776793623,0.1753764393268379
0.7606875275451741,0.038342882327016305,0.025561921551344204,0.1754076685764654
0.7630999559665346,0.038749449581682076,0.026420079260237782,0.17173051519154559
0.7601246105919003,0.04138851802403204,0.0262572318647085,0.17222963951935916
0.7599109131403118,0.04053452115812917,0.030734966592427616,0.1688195991091314
0.7607913669064749,0.04001798561151079,0.029676258992805755,0.16951438848920863
0.7635467980295566,0.035826242722794444,0.03179579041648007,0.16883116883116883
0.7626892252894034,0.03561887800534283,0.031611754229741766,0.170080142475512
0.765618077093487,0.03278688524590164,0.02968542312804608,0.17190961453256534
0.7625550660792951,0.03303964757709251,0.02907488986784141,0.17533039647577092
0.7570469798657719,0.03131991051454139,0.032214765100671144,0.17941834451901567
0.7457702582368655,0.030721282279608193,0.03561887800534283,0.18788958147818344
0.747025121198766,0.031732040546496254,0.03349493168796827,0.1877479065667695
0.754590237348858,0.03134796238244514,0.033139274518584866,0.18092252575011195
0.7556241729157477,0.033083370092633436,0.031760035288928096,0.1795324217026908
0.7562388591800356,0.03163992869875223,0.03163992869875223,0.1804812834224599
0.7569382273948075,0.03267681289167413,0.03178155774395703,0.17860340196956132
0.7451241134751773,0.03679078014184397,0.034131205673758866,0.18395390070921985
0.75,0.03667262969588551,0.03309481216457961,0.18023255813953487
0.7398843930635838,0.0377945753668297,0.036905291240551356,0.18541574032903513
0.7380633645693887,0.038821954484605084,0.03792949576082106,0.18518518518518517
0.742350332594235,0.03902439024390244,0.03813747228381375,0.18048780487804877
0.7494407158836689,0.03758389261744966,0.03713646532438479,0.17583892617449665
0.7490974729241877,0.03790613718411552,0.034747292418772564,0.1782490974729242
0.7487662628981606,0.039030955585464336,0.03275011215791835,0.17945266935845672
0.7534925642181163,0.03515096890491212,0.028841820639927896,0.18251464623704372
0.7442067736185384,0.035650623885918005,0.0285204991087344,0.19162210338680927
0.7511170688114388,0.034405719392314564,0.026362823949955316,0.18811438784629134
0.7456724367509987,0.03417665335108744,0.02929427430093209,0.1908566355969818
0.7432372505543238,0.03370288248337029,0.029711751662971176,0.19334811529933482
0.7350312779267203,0.03485254691689008,0.03351206434316354,0.1966041108132261
0.72954850245865,0.031291908806437195,0.037103263299061245,0.20205632543585159
0.7327086122266845,0.03480589022757698,0.0321285140562249,0.2003569834895136
0.7306993642143506,0.03360581289736603,0.0340599455040872,0.2016348773841962
0.7297661870503597,0.0341726618705036,0.0341726618705036,0.2018884892086331
0.7301302200269421,0.03367759317467445,0.03637180062864841,0.19982038616973508
0.7250782297720161,0.03442109968708091,0.03665623603039785,0.20384443451050513
0.7211879432624113,0.03235815602836879,0.03679078014184397,0.20966312056737588
0.7175066312997348,0.032714412024756855,0.036251105216622455,0.21352785145888595
0.72078501338091,0.03389830508474576,0.04014272970561998,0.20517395182872436
0.7146678555506019,0.036558181007579134,0.04057066428889879,0.20820329915292018
0.7147349505840072,0.03459119496855346,0.03728661275831087,0.21338724168912848
0.7163912460920053,0.033497096918267084,0.03796337650736936,0.2121482804823582
0.7137078651685393,0.036853932584269666,0.036853932584269666,0.21258426966292135
0.7122430741733691,0.03842716711349419,0.03708668453976765,0.21224307417336907
0.7080911935628074,0.035762181493071074,0.03799731783638802,0.21814930710773356
0.7029924073246985,0.034836980794997766,0.03841000446627959,0.22376060741402412
0.6972972972972973,0.036936936936936934,0.03783783783783784,0.22792792792792793
0.6998654104979811,0.03589053387169134,0.03813369223867205,0.22611036339165544
0.697362539114886,0.033974072418417524,0.04380867232901207,0.2248547161376844
0.6930648769574944,0.03668903803131991,0.04429530201342282,0.22595078299776286
0.6923076923076923,0.03601600711427301,0.04313028012449978,0.2285460204535349
0.6847048300536672,0.03801431127012522,0.04293381037567084,0.23434704830053668
0.6885906040268457,0.03847874720357942,0.04161073825503356,0.2313199105145414
0.6864142538975501,0.03697104677060133,0.0400890868596882,0.23652561247216036
0.6937137761925992,0.03388319215336603,0.03744984395898351,0.23495318769505127
0.6958089229382605,0.03515096890491212,0.036953582694907616,0.2320865254619198
0.6961178045515395,0.037037037037037035,0.036590807675145026,0.23025435073627845
0.6975199291408326,0.0354295837023915,0.03631532329495128,0.23073516386182463
0.6991189427312775,0.03524229074889868,0.03656387665198238,0.2290748898678414
0.7015915119363395,0.032714412024756855,0.038461538461538464,0.22723253757736517
0.6971046770601337,0.03162583518930958,0.04142538975501114,0.22984409799554567
0.696969696969697,0.03074866310160428,0.0392156862745098,0.23306595365418895
0.6991942703670546,0.03088630259623993,0.03894359892569382,0.23097582811101164
0.6997762863534676,0.029977628635346757,0.03982102908277405,0.23042505592841164
0.6998666073810582,0.02845709204090707,0.044019564250778125,0.22765673632725655
0.694207453973956,0.030085316569375842,0.04355635383924562,0.23215087561742254
0.6920663379650381,0.03047960555804572,0.04034065441506051,0.23711340206185566
0.6873051224944321,0.030289532293986638,0.039198218262806235,0.24320712694877505
0.6868867082961642,0.028991971454058876,0.041480820695807316,0.24264049955396966
0.6908602150537635,0.03046594982078853,0.03942652329749104,0.239247311827957
0.6869955156950672,0.026905829596412557,0.039013452914798206,0.24708520179372198
0.6804680468046804,0.0279027902790279,0.04455445544554455,0.24707470747074708
0.6784753363228699,0.028699551569506727,0.04304932735426009,0.24977578475336323
0.680946006247211,0.02900490852298081,0.0428380187416332,0.24721106648817492
0.6806049822064056,0.028469750889679714,0.04225978647686833,0.24866548042704625
0.6785555060187249,0.029870708872046365,0.043691484618814086,0.24788230049041463
0.6700892857142857,0.033482142857142856,0.04285714285714286,0.25357142857142856
0.6677074041034791,0.036574487065120426,0.042818911685994644,0.2528991971454059
0.6622162883845126,0.040943480195816645,0.04450378282153983,0.2523364485981308
0.6595460614152203,0.040498442367601244,0.04494882064975523,0.25500667556742324
0.6608028867839423,0.04059539918809202,0.04420387911592242,0.2543978349120433
0.661123595505618,0.038202247191011236,0.04224719101123595,0.25842696629213485
0.6581158779301194,0.038920831490490936,0.043343653250773995,0.25961963732861565
0.6549733570159858,0.03818827708703375,0.04085257548845471,0.26598579040852577
0.6575099689853788,0.03677447939743022,0.0407620735489588,0.26495347806823216
0.6611010830324909,0.03925992779783394,0.03925992779783394,0.26037906137184114
0.6592128801431127,0.03667262969588551,0.03354203935599284,0.27057245080500897
0.6479063484916704,0.03692030616839262,0.03601981089599279,0.2791535344439442
0.6504681230494873,0.03744984395898351,0.03566651805617477,0.27641551493535443
0.6479063484916704,0.03872129671319226,0.03286807744259343,0.2805042773525439
0.6436832740213523,0.03870106761565836,0.029804270462633453,0.2878113879003559
0.6397156819191471,0.037316748111950244,0.030208796090626388,0.2927587738782763
0.6382694023193577,0.04014272970561998,0.03166815343443354,0.28991971454058874
0.6341681574239714,0.04114490161001789,0.03488372093023256,0.2898032200357782
0.6314855875831485,0.04212860310421286,0.038580931263858094,0.28780487804878047
0.6319785618579723,0.04108977221974096,0.03662349263063868,0.29030817329164804
0.6272401433691757,0.04077060931899642,0.03763440860215054,0.29435483870967744
0.6303003533568905,0.04063604240282685,0.03975265017667844,0.28931095406360424
0.6266786034019696,0.04073410922112802,0.04162936436884512,0.2909579230080573
0.6278345931525122,0.04357492218763895,0.04046242774566474,0.2881280569141841
0.6250561293219578,0.042209250112258644,0.041311180960933995,0.29142343960484957
0.6348920863309353,0.03911870503597122,0.03911870503597122,0.2868705035971223
0.6285460992907801,0.038120567375886524,0.038120567375886524,0.29521276595744683
0.6282279608192342,0.0365093499554764,0.039180765805877114,0.2960819234194123
0.6272848863129737,0.038341506910387874,0.03700401248328132,0.29736959429335713
0.6200716845878136,0.03763440860215054,0.038978494623655914,0.3033154121863799
0.6114336757481018,0.03528360875390799,0.04064314426083073,0.31263957123715946
0.6116807846633973,0.03744984395898351,0.038341506910387874,0.3125278644672314
0.6097130242825607,0.039735099337748346,0.037969094922737305,0.3125827814569536
0.6090057958091841,0.03923316986179224,0.036558181007579134,0.3152028533214445
0.6083112290008842,0.03978779840848806,0.03536693191865606,0.3165340406719717
0.6048997772828508,0.0400890868596882,0.0378619153674833,0.31714922048997773
0.6122540250447227,0.038461538461538464,0.03264758497316637,0.31663685152057247
0.6086956521739131,0.03854773644105782,0.03272075302554908,0.32003585835948006
0.6076854334226989,0.036193029490616625,0.031724754244861486,0.32439678284182305
0.6075723830734967,0.03608017817371938,0.032071269487750555,0.3242761692650334
0.6091549295774648,0.03169014084507042,0.03169014084507042,0.3274647887323944
0.6066012488849242,0.03300624442462088,0.03300624442462088,0.32738626226583406
0.5980304386750224,0.03581020590868397,0.03536257833482542,0.3307967770814682
0.6016987036209209,0.033080017881090745,0.038891372373714796,0.3263299061242736
0.6003568242640499,0.030330062444246207,0.038804638715432646,0.3305084745762712
0.5953550692273336,0.029030817329164807,0.04242965609647164,0.33318445734702995
0.5969026548672567,0.028761061946902654,0.03893805309734513,0.33539823008849556
0.6023287057769816,0.029556650246305417,0.0380653828929691,0.33004926108374383
0.601426660722247,0.03209986625055729,0.03611234953187695,0.33036112349531876
0.5911352329262777,0.034373586612392586,0.037991858887381276,0.33649932157394846
0.5962897526501767,0.0357773851590106,0.036219081272084806,0.33171378091872794
0.5970416853428956,0.037203047960555805,0.03272075302554908,0.33303451367099957
0.5999115826702034,0.03580901856763926,0.03183023872679045,0.33244916003536695
0.5920704845814978,0.03656387665198238,0.033480176211453744,0.3378854625550661
0.5946902654867257,0.034955752212389384,0.03185840707964602,0.33849557522123896
0.5983935742971888,0.0321285140562249,0.031236055332440876,0.3382418563141455
0.5912505523641184,0.0344675209898365,0.03225806451612903,0.34202386212991603
0.5939447907390917,0.03383793410507569,0.03294746215494212,0.3392698130008905
0.5967957276368492,0.03382287494437027,0.03426791277258567,0.33511348464619495
0.5868983957219251,0.0338680926916221,0.035204991087344026,0.34402852049910876
0.5897895208240036,0.03493058665472459,0.03493058665472459,0.34034930586654727
0.5883400089007566,0.03471295060080107,0.036048064085447265,0.3408989764129951
0.5877862595419847,0.03771890435563539,0.03367759317467445,0.34081724292770543
0.5849223946784923,0.041685144124168516,0.03636363636363636,0.3370288248337029
0.5789237668161435,0.03991031390134529,0.03811659192825112,0.3430493273542601
0.5761261261261261,0.03963963963963964,0.03738738738738739,0.34684684684684686
0.5813642443156487,0.038341506910387874,0.03566651805617477,0.3446277307177887
0.5751111111111111,0.03866666666666667,0.03244444444444444,0.3537777777777778
0.5816644414775256,0.03960836671117045,0.03159768580329328,0.3471295060080107
0.5762561138283682,0.03868385949310805,0.032458870609159626,0.35260115606936415
0.5773011617515639,0.03663985701519214,0.03395889186773905,0.3521000893655049
0.5782222222222222,0.03422222222222222,0.030666666666666665,0.35688888888888887
0.5751111111111111,0.034666666666666665,0.030222222222222223,0.36
0.5758928571428571,0.032589285714285716,0.03125,0.36026785714285714
0.570353982300885,0.03274336283185841,0.030973451327433628,0.365929203539823
0.5690190856635597,0.033732800710164226,0.03151353750554816,0.3657345761207279
0.5683836589698046,0.035523978685612786,0.03019538188277087,0.36589698046181174
0.5666372462488968,0.0353045013239188,0.02912621359223301,0.36893203883495146
0.5676156583629893,0.035142348754448396,0.029804270462633453,0.36743772241992884
0.5692582663092046,0.03395889186773905,0.0290437890974084,0.3677390527256479
0.5683229813664596,0.032830523513753325,0.029281277728482696,0.3695652173913043
0.5682839173405211,0.03234501347708895,0.03189577717879605,0.3674752920035939
0.5603563474387527,0.03296213808463252,0.032071269487750555,0.37461024498886414
0.5643564356435643,0.0315031503150315,0.0333033303330333,0.3708370837083708
0.5669781931464174,0.03204272363150868,0.03337783711615487,0.367601246105919
0.5616197183098591,0.03389084507042254,0.030369718309859156,0.37411971830985913
0.5585344057193923,0.03261840929401251,0.0290437890974084,0.37980339588918677
0.5586917562724014,0.033154121863799284,0.028225806451612902,0.37992831541218636
0.5556548949485919,0.033080017881090745,0.028609745194456863,0.38265534197586054
0.5582129963898917,0.03384476534296029,0.028429602888086644,0.3795126353790614
0.5505366726296959,0.03577817531305903,0.029516994633273702,0.38416815742397137
0.5544598834603317,0.03272075302554908,0.02823845809054236,0.38458090542357687
0.5570736007051564,0.03261348611723226,0.027324812692816218,0.3829881004847951
0.5503565062388592,0.03297682709447415,0.027629233511586453,0.3890374331550802
0.5500886524822695,0.02925531914893617,0.0274822695035461,0.39317375886524825
0.5521064301552107,0.030598669623059866,0.026607538802660754,0.39068736141906873
0.5470008952551477,0.03267681289167413,0.024619516562220233,0.39570277529095793
0.5466666666666666,0.035555555555555556,0.023555555555555555,0.3942222222222222
0.5436543654365437,0.03195319531953195,0.024752475247524754,0.3996399639963996
0.5448490230905861,0.03152753108348135,0.020870337477797513,0.402753108348135
0.5438752783964366,0.03429844097995546,0.023162583518930958,0.3986636971046771
0.5427542754275427,0.034653465346534656,0.023852385238523854,0.39873987398739874
0.532739420935412,0.033853006681514475,0.022271714922048998,0.4111358574610245
0.5328532853285328,0.03285328532853286,0.022052205220522054,0.41224122412241226
0.5285907248986943,0.029716343989194056,0.024763619990995047,0.41692931112111664
0.5370535714285715,0.026785714285714284,0.022767857142857142,0.4133928571428571
0.526431718061674,0.02643171806167401,0.024669603524229075,0.4224669603524229
0.5131520285332144,0.02541239411502452,0.025858225590726706,0.43557735176103435
0.5057471264367817,0.026967285587975242,0.026967285587975242,0.4403183023872679
0.4977856510186005,0.029229406554472984,0.02745792736935341,0.4455270150575731
0.4961900493052443,0.029134917077543704,0.029583146571044376,0.44509188704616764
0.49169286035024695,0.02918724741805119,0.030085316569375842,0.449034575662326
0.4909251881363435,0.027003098716246128,0.02877379371403276,0.4532979194333776
0.494859186410371,0.024586499776486366,0.02682163611980331,0.4537326776933393
0.4904401956425078,0.026678523788350377,0.026678523788350377,0.4562027567807915
0.48474126492702346,0.026094648385670056,0.025210084033613446,0.4639540026536931
0.4866286716352477,0.02498903989478299,0.024112231477422183,0.46427005699254714
0.4766770324300311,0.023989338071968014,0.024877832074633496,0.4744557974233674
0.4774251229324989,0.023692445239159587,0.025033527045149755,0.47384890478319175
0.4792688363798484,0.023629068212215783,0.02630405706642889,0.4707980383415069
0.47724259832081306,0.024304021210782147,0.025187803800265134,0.4732655766681396
0.4757630161579892,0.02244165170556553,0.025134649910233394,0.47666068222621183
0.47426796805678795,0.02085181898846495,0.025732031943212066,0.47914818101153506
0.4709042076991943,0.020143240823634737,0.02820053715308863,0.4807520143240824
0.45970937912813736,0.024218405988551298,0.025979744605900485,0.4900924702774108
0.4648888888888889,0.027555555555555555,0.02666666666666667,0.48088888888888887
0.46123172352680547,0.027470093043863535,0.026140894993354008,0.48515728843597694
0.45779938135218734,0.02695536897923111,0.026071586389748123,0.4891736632788334
0.4613666815542653,0.027690933452434122,0.02456453774006253,0.48637784725323807
0.46672621706118805,0.027690933452434122,0.02590442161679321,0.47967842786958464
0.4603386809269162,0.029411764705882353,0.022281639928698752,0.4879679144385027
0.46708185053380785,0.02802491103202847,0.023576512455516015,0.48131672597864766
0.45575811471765226,0.024899955535793685,0.021787461093819474,0.49755446865273456
0.46058458813108943,0.025243578387953942,0.02745792736935341,0.4867139061116032
0.4514260249554367,0.02540106951871658,0.0285204991087344,0.4946524064171123
0.4578096947935368,0.027378815080789945,0.02827648114901257,0.4865350089766607
0.45141065830721006,0.027765338110165697,0.029556650246305417,0.4912673533363189
0.45530973451327433,0.026991150442477876,0.029646017699115044,0.48805309734513275
0.45022222222222225,0.024444444444444446,0.027555555555555555,0.49777777777777776
0.4524765729585007,0.025435073627844713,0.026327532351628737,0.4957608210620259
0.45260347129506007,0.025367156208277702,0.024922118380062305,0.4971072541165999
0.4557913351016799,0.025198938992042442,0.026525198938992044,0.49248452696728556
0.4483370288248337,0.026607538802660754,0.025720620842572064,0.4993348115299335
0.45714285714285713,0.024107142857142858,0.023660714285714285,0.49508928571428573
0.4540612516644474,0.022192632046160676,0.024411895250776743,0.4993342210386152
0.45196989818503763,0.021248339973439574,0.02478972996901284,0.50199203187251
0.45272969374167776,0.0230803373280071,0.02796271637816245,0.49622725255215266
0.4440017706949978,0.02390438247011952,0.029659141212926073,0.5024347056219566
0.44483671668137686,0.023389232127096204,0.028684907325684024,0.5030891438658429
0.443004023245418,0.025033527045149755,0.029056772463120252,0.5029056772463121
0.4389038634321653,0.027852650494159928,0.02605570530098832,0.5071877807726864
0.4396243291592129,0.026386404293381037,0.025044722719141325,0.5089445438282647
0.43783542039355994,0.02728085867620751,0.026833631484794274,0.5080500894454383
0.43433895297249336,0.027062999112688554,0.027062999112688554,0.5115350488021295
0.4436056838365897,0.027531083481349913,0.023978685612788632,0.5048845470692718
0.43003565062388593,0.02540106951871658,0.02406417112299465,0.5204991087344029
0.4281926646045073,0.026513477684489615,0.024745912505523642,0.5205479452054794
0.4271019677996422,0.02817531305903399,0.025491949910554562,0.5192307692307693
0.42488888888888887,0.029333333333333333,0.023555555555555555,0.5222222222222223
0.43091231178033657,0.030115146147032774,0.023029229406554472,0.5159433126660762
0.42940125111706884,0.028596961572832886,0.024575513851653262,0.517426273458445
0.4302171023482499,0.028799291094373063,0.02525476295968099,0.5157288435976961
0.42430988423864646,0.031166518254674976,0.025823686553873553,0.518699910952805
0.4214765100671141,0.028635346756152126,0.026845637583892617,0.5230425055928412
0.421937195931004,0.02830605926581159,0.027421494913754976,0.5223352498894295
0.4186357556843513,0.03031654034774855,0.027641551493535442,0.5234061524743647
0.4205607476635514,0.03115264797507788,0.030707610146862484,0.5175789942145083
0.42376681614349776,0.02914798206278027,0.03183856502242152,0.5152466367713004
0.42171945701357466,0.02850678733031674,0.03257918552036199,0.5171945701357467
0.41841752346893163,0.027268663388466695,0.030844881537773806,0.5234689316048279
0.41438658428949693,0.026919682259488084,0.03133274492497794,0.5273609885260371
0.4096007178106774,0.026917900403768506,0.0354419021982952,0.5280394795872588
0.41011984021304926,0.027075011096316024,0.03506435863293387,0.5277407900577008
0.4029516994633274,0.026833631484794274,0.03309481216457961,0.5371198568872988
0.4073418841220699,0.024325519681556832,0.03272888102609465,0.5356037151702786
0.40468819106590004,0.02697921273772667,0.030959752321981424,0.5373728438743919
0.4034065441506051,0.027790228597041687,0.029583146571044376,0.5392200806813088
0.40160284951024044,0.028495102404274265,0.02804986642920748,0.5418521816562778
0.40618101545253865,0.026048565121412803,0.02781456953642384,0.5399558498896248
0.4102449888641425,0.025389755011135856,0.025835189309576838,0.5385300668151448
0.40263736263736266,0.026813186813186812,0.027252747252747254,0.5432967032967033
0.4062222222222222,0.02666666666666667,0.026222222222222223,0.5408888888888889
0.4047724259832081,0.025187803800265134,0.030048608042421564,0.5399911621741051
0.40197841726618705,0.025179856115107913,0.03282374100719424,0.5400179856115108
0.3994626063591581,0.024630541871921183,0.032243618450515,0.5436632333184057
0.39381720430107525,0.0246415770609319,0.03181003584229391,0.5497311827956989
0.3938584779706275,0.0267022696929239,0.03337783711615487,0.5460614152202937
0.3917525773195876,0.02868668758404303,0.030927835051546393,0.5486329000448229
0.3899286987522282,0.029857397504456328,0.029857397504456328,0.5503565062388592
0.3894039735099338,0.032671081677704196,0.02913907284768212,0.5487858719646799
0.3959074733096085,0.03425266903914591,0.02891459074733096,0.5409252669039146
0.3951721054984354,0.03665623603039785,0.029503799731783638,0.538667858739383
0.3990169794459339,0.035746201966041107,0.029490616621983913,0.5357462019660411
0.39423942394239425,0.0306030603060306,0.028352835283528353,0.5468046804680468
0.3905060456784595,0.029556650246305417,0.029556650246305417,0.5503806538289296
0.39804096170970615,0.02983081032947462,0.029385574354407838,0.5427426536064114
0.39301503094606544,0.028293545534924844,0.03050397877984085,0.5481874447391689
0.39338399642378186,0.027715690657130084,0.033080017881090745,0.5458202950379973
0.3913816081741448,0.02665482007996446,0.03154153709462461,0.5504220346512662
0.3935886019590383,0.027604630454140695,0.03250222617987533,0.5463045414069457
0.3967611336032389,0.03013945119208277,0.03013945119208277,0.5429599640125956
0.3960088691796009,0.03148558758314856,0.027494456762749447,0.5450110864745011
0.39301700984780663,0.03267681289167413,0.02820053715308863,0.5461056401074306
0.3996415770609319,0.030913978494623656,0.02956989247311828,0.5398745519713262
0.4,0.031346578366445915,0.030463576158940398,0.5381898454746137
0.39636040834442965,0.02574345317354638,0.031069684864624945,0.546826453617399
0.3967052537845058,0.026714158504007122,0.030276046304541407,0.5463045414069457
0.3954727030625832,0.030181979582778518,0.02796271637816245,0.5463826009764758
0.39973142345568485,0.02954341987466428,0.02820053715308863,0.5425246195165622
0.39285714285714285,0.029837251356238697,0.027124773960216998,0.5501808318264014
0.39893143365983974,0.032056990204808546,0.025823686553873553,0.5431878895814782
0.3973509933774834,0.03399558498896247,0.025165562913907286,0.5434878587196468
0.3969162995594714,0.03656387665198238,0.025991189427312777,0.5405286343612334
0.3968888888888889,0.03777777777777778,0.02711111111111111,0.5382222222222223
0.4035714285714286,0.03660714285714286,0.02857142857142857,0.53125
0.4064028457092041,0.035571365051133834,0.025344597598932858,0.5326811916407292
0.4149933065595716,0.03257474341811691,0.023650156180276664,0.5287817938420348
0.40874609549308344,0.03435966086568496,0.025881302989736725,0.5310129406514948
0.40390590324012426,0.03462050599201065,0.028406569019085663,0.5330670217487794
0.40300486080424214,0.034025629695095004,0.02562969509500663,0.5373398144056563
0.4036331413380594,0.03677447939743022,0.02525476295968099,0.5343376163048295
0.39937247870909903,0.039444195428059166,0.023756163155535633,0.5374271627073062
0.39644444444444443,0.036444444444444446,0.024888888888888887,0.5422222222222223
0.3948876156897312,0.03437637725870427,0.024239753195240195,0.5464962538563244
0.39831261101243337,0.03241563055062167,0.026198934280639432,0.5430728241563055
0.40275923453493545,0.03337783711615487,0.025367156208277702,0.5384957721406319
0.4008888888888889,0.033777777777777775,0.024,0.5413333333333333
0.40382902938557436,0.031611754229741766,0.021816562778272486,0.5427426536064114
0.4021399910833705,0.03566651805617477,0.02139991083370486,0.5407935800267499
0.40096830985915494,0.03609154929577465,0.02112676056338028,0.5418133802816901
0.39704565801253355,0.03536257833482542,0.021486123545210387,0.5461056401074306
0.40595820364606494,0.036905291240551356,0.021787461093819474,0.5353490440195643
0.40452930728241565,0.03330373001776199,0.023090586145648313,0.5390763765541741
0.39893143365983974,0.03250222617987533,0.020926090828138913,0.5476402493321461
0.3991971454058876,0.03256021409455843,0.021409455842997322,0.5468331846565566
0.40035746201966044,0.03351206434316354,0.024128686327077747,0.5420017873100983
0.400355871886121,0.03291814946619217,0.022686832740213523,0.5440391459074733
0.4058165548098434,0.033109619686800894,0.019686800894854587,0.5413870246085011
0.39702568724650744,0.034249662009914375,0.02118071203244705,0.5475439387111312
0.396505376344086,0.030913978494623656,0.023745519713261647,0.5488351254480287
0.3925399644760213,0.02975133214920071,0.025310834813499113,0.5523978685612788
0.39217429968875056,0.03201422854602046,0.027567807914628723,0.5482436638506003
0.3910891089108911,0.0333033303330333,0.029252925292529253,0.5463546354635463
0.3914590747330961,0.03202846975088968,0.02802491103202847,0.5484875444839857
0.3925399644760213,0.028419182948490232,0.03063943161634103,0.5484014209591475
0.38685487428319365,0.02999558888398765,0.029113365681517425,0.5540361711513013
0.3845813026140895,0.02924235711120957,0.02702702702702703,0.5591493132476739
0.3885435168738899,0.02886323268206039,0.027531083481349913,0.5550621669626998
0.38809310653536255,0.02730528200537153,0.02775290957923008,0.5568487018800358
0.3924611973392461,0.02616407982261641,0.02483370288248337,0.5565410199556541
0.3898305084745763,0.027207850133809098,0.025423728813559324,0.5575379125780553
0.39020044543429844,0.027616926503340758,0.024053452115812918,0.5581291759465479
0.3846499102333932,0.02827648114901257,0.025583482944344704,0.5614901256732495
0.38033807829181493,0.026690391459074734,0.024466192170818506,0.5685053380782918
0.37302284710017575,0.027680140597539545,0.025483304042179262,0.5738137082601055
0.37410714285714286,0.03080357142857143,0.024107142857142858,0.5709821428571429
0.36753648827952234,0.030959752321981424,0.023883237505528527,0.5776205218929678
0.3723830734966592,0.031180400890868598,0.025389755011135856,0.5710467706013364
0.37727474478473144,0.029738126941855306,0.024411895250776743,0.5685752330226365
0.3731543624161074,0.029082774049217,0.026398210290827742,0.5713646532438479
0.3767337807606264,0.028187919463087248,0.027293064876957495,0.5677852348993289
0.3787610619469027,0.02831858407079646,0.027876106194690265,0.5650442477876106
0.37666963490650046,0.028495102404274265,0.027604630454140695,0.5672306322350846
0.37450022212350065,0.029320302087960905,0.029764549089293647,0.5664149266992448
0.3773500447627574,0.03133393017009848,0.02730528200537153,0.5640107430617726
0.37360178970917224,0.031767337807606266,0.02505592841163311,0.5695749440715884
0.3744454303460515,0.030612244897959183,0.026619343389529725,0.5683229813664596
0.3691899070385126,0.03408587870739265,0.02434705621956618,0.5723771580345286
0.3703868385949311,0.03468208092485549,0.02267674522009782,0.5722543352601156
0.3706013363028953,0.03296213808463252,0.024498886414253896,0.5719376391982183
0.37455357142857143,0.033035714285714286,0.023214285714285715,0.5691964285714286
0.37544642857142857,0.033482142857142856,0.024553571428571428,0.5665178571428572
0.37866666666666665,0.033777777777777775,0.024,0.5635555555555556
0.38137472283813745,0.03370288248337029,0.022172949002217297,0.5627494456762749
0.38262806236080177,0.032071269487750555,0.022271714922048998,0.5630289532293986
0.3818019625334523,0.03479036574487065,0.024531668153434435,0.5588760035682426
0.38028802880288026,0.037803780378037805,0.025652565256525654,0.5562556255625563
0.3715944618133095,0.037516748548459135,0.023671281822242072,0.5672175078159892
0.37209302325581395,0.03488372093023256,0.025044722719141325,0.5679785330948122
0.37527691626052284,0.0358883473637572,0.0256978289765175,0.5631369073992025
0.3667255075022065,0.03618711385701677,0.028684907325684024,0.5684024713150927
0.3598047914818101,0.03682342502218278,0.027950310559006212,0.5754214729370009
0.36302895322939865,0.03697104677060133,0.029844097995545656,0.5701559020044543
0.3600531443755536,0.03631532329495128,0.030115146147032774,0.5735163861824624
0.3549107142857143,0.03616071428571429,0.030357142857142857,0.5785714285714286
0.35225225225225226,0.034684684684684684,0.027927927927927927,0.5851351351351352
0.3476126729138777,0.03302097278000892,0.029451137884872823,0.5899152164212406
0.351423487544484,0.033807829181494664,0.028469750889679714,0.5862989323843416
0.3511111111111111,0.03155555555555556,0.029777777777777778,0.5875555555555556
0.3459991059454627,0.033974072418417524,0.030397854269110416,0.5896289673670094
0.34651685393258425,0.03056179775280899,0.0301123595505618,0.592808988764045
0.3444890673806337,0.030789825970548863,0.031236055332440876,0.5934850513163766
0.3537841468875952,0.03000447828034035,0.02910882221227049,0.587102552619794
0.3428063943161634,0.03374777975133215,0.02708703374777975,0.5963587921847247
0.3408388520971302,0.032671081677704196,0.02869757174392936,0.5977924944812362
0.34058614564831263,0.03197158081705151,0.02886323268206039,0.5985790408525755
0.34290843806104127,0.03052064631956912,0.027827648114901255,0.5987432675044884
0.34880636604774534,0.029177718832891247,0.028293545534924844,0.5937223695844386
0.3493273542600897,0.029596412556053813,0.027354260089686097,0.5937219730941704
0.34718498659517427,0.028150134048257374,0.02546916890080429,0.599195710455764
0.3477292965271594,0.02715939447907391,0.023597506678539625,0.6015138023152271
0.3474576271186441,0.028545941123996433,0.022747546833184657,0.6012488849241748
0.34285714285714286,0.03169642857142857,0.022321428571428572,0.603125
0.3496877787689563,0.0352363960749331,0.020517395182872437,0.5945584299732382
0.35121951219512193,0.03547671840354767,0.01951219512195122,0.5937915742793791
0.3427065026362039,0.0351493848857645,0.0210896309314587,0.6010544815465729
0.34386120996441283,0.03558718861209965,0.022686832740213523,0.597864768683274
0.3455031166518255,0.03250222617987533,0.02404274265360641,0.5979519145146928
0.3511690647482014,0.03102517985611511,0.025179856115107913,0.5926258992805755
0.35273211905819635,0.03065304309195913,0.02665482007996446,0.58996001776988
0.34496644295302015,0.027293064876957495,0.028187919463087248,0.5995525727069351
0.3483899821109123,0.028622540250447227,0.02996422182468694,0.5930232558139535
0.3503355704697987,0.029082774049217,0.026845637583892617,0.5937360178970917
0.35688888888888887,0.02711111111111111,0.02666666666666667,0.5893333333333334
0.352652697280428,0.028533214444939812,0.02719572001783326,0.5916183682567989
0.3523035230352303,0.02710027100271003,0.02710027100271003,0.5934959349593496
0.3524189968930315,0.02663115845539281,0.027518863737239236,0.5934309809143364
0.35260115606936415,0.026233881725211204,0.027567807914628723,0.593597154290796
