C,D,Oc,Od
0,0,0,0
1.0,0.0,0.0,0.0
0.75,0.25,0.0,0.0
0.5714285714285714,0.42857142857142855,0.0,0.0
0.5,0.3333333333333333,0.0,0.16666666666666666
0.47368421052631576,0.2631578947368421,0.0,0.2631578947368421
0.5333333333333333,0.3,0.0,0.16666666666666666
0.5121951219512195,0.24390243902439024,0.04878048780487805,0.1951219512195122
0.4642857142857143,0.16071428571428573,0.08928571428571429,0.2857142857142857
0.4025974025974026,0.15584415584415584,0.1038961038961039,0.33766233766233766
0.34285714285714286,0.2,0.08571428571428572,0.37142857142857144
0.3358208955223881,0.19402985074626866,0.07462686567164178,0.39552238805970147
0.3170731707317073,0.17682926829268292,0.09146341463414634,0.4146341463414634
0.3317307692307692,0.16346153846153846,0.09134615384615384,0.41346153846153844
0.33840304182509506,0.1634980988593156,0.08365019011406843,0.4144486692015209
0.30844155844155846,0.1525974025974026,0.09415584415584416,0.4448051948051948
0.2727272727272727,0.15844155844155844,0.10649350649350649,0.4623376623376623
0.2766884531590414,0.15468409586056645,0.11764705882352941,0.45098039215686275
0.2777777777777778,0.1574074074074074,0.11481481481481481,0.45
0.28081123244929795,0.16536661466458658,0.12168486739469579,0.43213728549141966
0.28418230563002683,0.17158176943699732,0.11662198391420911,0.42761394101876676
0.29927007299270075,0.15450121654501217,0.13138686131386862,0.4148418491484185
0.30150214592274677,0.15343347639484978,0.13412017167381973,0.41094420600858367
0.2899239543726236,0.15399239543726237,0.13878326996197718,0.41730038022813687
0.29073756432247,0.15265866209262435,0.14751286449399656,0.4090909090909091
0.2897271268057785,0.15409309791332262,0.15569823434991975,0.40048154093097915
0.2867756315007429,0.14561664190193166,0.1589895988112927,0.4086181277860327
0.28274428274428276,0.14622314622314622,0.15939015939015938,0.41164241164241167
0.2854304635761589,0.14437086092715232,0.15827814569536425,0.4119205298013245
0.2766355140186916,0.14080996884735203,0.16386292834890967,0.41869158878504675
0.2808921036769138,0.1458710066305003,0.16455696202531644,0.40867992766726946
0.281195079086116,0.14586994727592267,0.16695957820738136,0.40597539543058
0.28018223234624146,0.14464692482915717,0.16457858769931663,0.41059225512528474
0.2868763557483731,0.13882863340563992,0.16268980477223427,0.4116052060737527
0.29010416666666666,0.13697916666666668,0.1625,0.41041666666666665
0.2882382635032812,0.13831398283695104,0.15699141847551742,0.4164563351842504
0.297244094488189,0.13631889763779528,0.15551181102362205,0.4109251968503937
0.2873170731707317,0.13414634146341464,0.16097560975609757,0.4175609756097561
0.2906474820143885,0.13189448441247004,0.16211031175059953,0.415347721822542
0.29225684608120867,0.1336166194523135,0.1647780925401322,0.4093484419263456
0.2943642291569632,0.13414066138798322,0.168141592920354,0.4033535165346996
0.2943585077343039,0.13830755232029118,0.16606005459508644,0.4012738853503185
0.2975653742110009,0.1375112714156898,0.1659152389540126,0.39900811541929665
0.30084182543198934,0.13956579530350022,0.1648205582631812,0.3947718210013292
0.2979101823032459,0.13961760782570032,0.16674077367718987,0.3957314361938639
0.2985008818342152,0.13668430335097,0.1644620811287478,0.400352733686067
0.30323151837096063,0.13988490482514387,0.1593625498007968,0.3975210270030987
0.30877812086457873,0.13895015438906044,0.15659461843846492,0.3956771063078959
0.3043091959129276,0.1386050644158152,0.16126166148378498,0.39582407818747223
0.30367419212040725,0.14431164231961044,0.1615759185480301,0.3904382470119522
0.2992863514719001,0.14585191793041927,0.15878679750223015,0.3960749330954505
0.301460823373174,0.150066401062417,0.15670650730411687,0.39176626826029215
0.2989059080962801,0.1527352297592998,0.1549234135667396,0.39343544857768054
0.29995569339831635,0.15019937970757644,0.15418697385910501,0.39565795303500223
0.3020879609062639,0.1519324744557974,0.15104398045313194,0.39493558418480673
0.29765590446705,0.15524104378593542,0.15126050420168066,0.39584254754533393
0.3018037835459745,0.1570611526616806,0.150461944566652,0.3906731192256929
0.3086529884032114,0.15165031222123104,0.1480820695807315,0.39161462979482603
0.3054078014184397,0.15203900709219859,0.14671985815602837,0.3958333333333333
0.30351579884290164,0.1526479750778816,0.14819759679572764,0.3956386292834891
0.30106571936056836,0.15319715808170514,0.1460923623445826,0.3996447602131439
0.30340557275541796,0.14993365767359576,0.15037593984962405,0.39628482972136225
0.2975609756097561,0.1556541019955654,0.1467849223946785,0.4
0.3003123605533244,0.1575189647478804,0.14547077197679606,0.3966979027219991
0.29328621908127206,0.15591872791519434,0.1501766784452297,0.4006183745583039
0.2944812362030905,0.15496688741721854,0.15275938189845475,0.3977924944812362
0.2990570273911091,0.15312079030085315,0.14952851369555456,0.39829366861248316
0.2954946996466431,0.1519434628975265,0.1501766784452297,0.4023851590106007
0.2964912280701754,0.15219298245614035,0.15175438596491228,0.39956140350877195
0.29419583517944176,0.1546300398759415,0.15197164377492248,0.3992024811696943
0.29225978647686834,0.1534697508896797,0.14991103202846975,0.4043594306049822
0.29354553492484525,0.15251989389920426,0.14986737400530503,0.40406719717064543
0.2944812362030905,0.15805739514348785,0.14834437086092717,0.3991169977924945
0.29557522123893804,0.1584070796460177,0.14646017699115044,0.3995575221238938
0.2921447484554281,0.16195939982347748,0.1434245366284201,0.4024713150926743
0.2917771883289125,0.16445623342175067,0.14677276746242263,0.39699381078691426
0.29403973509933773,0.1629139072847682,0.14437086092715232,0.39867549668874175
0.29484902309058614,0.16341030195381884,0.14520426287744229,0.39653641207815277
0.29369691551184623,0.15780062583817614,0.1466249441215914,0.4018775145283862
0.28995130588756085,0.1575918548030102,0.1460823373173971,0.4063745019920319
0.2979664014146773,0.15649867374005305,0.14456233421750664,0.400972590627763
0.3011994669035984,0.15948467347845402,0.14837849844513548,0.3909373611728121
0.3026785714285714,0.15223214285714284,0.14910714285714285,0.39598214285714284
0.3023671281822242,0.14828048235819563,0.15096025011165698,0.39839213934792317
0.30613145125716806,0.14644905161005733,0.15438906043228937,0.3930304367004852
0.30406001765225066,0.14783759929390997,0.14916151809355693,0.3989408649602824
0.3106625713032032,0.1439227731461167,0.15269855199648968,0.39271610355419045
0.31898846495119787,0.13664596273291926,0.14729370008873113,0.39707187222715173
0.31684901531728665,0.12997811816192562,0.1514223194748359,0.40175054704595187
0.3155339805825243,0.13459841129744043,0.147396293027361,0.4024713150926743
0.3218694885361552,0.1384479717813051,0.14506172839506173,0.39462081128747795
0.32295373665480426,0.14590747330960854,0.1423487544483986,0.3887900355871886
0.3154153709462461,0.14482452243447358,0.14482452243447358,0.39493558418480673
0.3117516629711752,0.1467849223946785,0.14545454545454545,0.3960088691796009
0.31349911190053287,0.14431616341030196,0.141651865008881,0.4005328596802842
0.31713780918727913,0.14708480565371024,0.13692579505300354,0.39885159010600707
0.3185880250223414,0.14298480786416443,0.13672922252010725,0.401697944593387
0.31637661758143687,0.14145470771976795,0.14011601963409193,0.4020526550647033
0.31788079470198677,0.14392935982339955,0.1403973509933775,0.3977924944812362
0.3165278386672512,0.1437965804471723,0.14072775098640947,0.39894782989916705
0.3153232949512843,0.14614703277236493,0.14526129317980513,0.3932683790965456
0.3246119733924612,0.14146341463414633,0.14279379157427938,0.39113082039911307
0.32484635645302895,0.14486391571553994,0.14442493415276558,0.3858647936786655
0.32216835610401057,0.1485235786690172,0.14764213309828117,0.38166593212869104
0.323943661971831,0.1443661971830986,0.1483274647887324,0.383362676056338
0.32152347209920284,0.14348981399468555,0.14968999114260406,0.3852967227635075
0.32077979618963226,0.14089499335400973,0.1479840496233939,0.3903411608329641
0.3199115044247788,0.14115044247787611,0.14557522123893804,0.3933628318584071
0.3149220489977728,0.14342984409799556,0.15011135857461025,0.3915367483296214
0.3246119733924612,0.14368070953436807,0.13880266075388026,0.39290465631929045
0.322262118491921,0.14228007181328545,0.1400359066427289,0.39542190305206465
0.32169686257180735,0.14803358373840036,0.13521873619089703,0.39505081749889526
0.3172566371681416,0.14601769911504425,0.13938053097345132,0.3973451327433628
0.3178397521027003,0.1407702523240372,0.14298362107127047,0.398406374501992
0.3211453744493392,0.14273127753303966,0.14669603524229075,0.3894273127753304
0.32416851441241684,0.14368070953436807,0.14235033259423505,0.38980044345898
0.3215391419725785,0.14108801415302963,0.14727996461742593,0.39009287925696595
0.32332155477031804,0.13913427561837455,0.14266784452296818,0.3948763250883392
0.3216322948661694,0.14480035103115402,0.14304519526107942,0.3905221588415972
0.32341181697023547,0.14749000444247,0.1408262994224789,0.38827187916481565
0.3252319929297393,0.14847547503314185,0.13477684489615555,0.3915156871409633
0.32045654082528535,0.14574187884108866,0.13784021071115013,0.39596136962247586
0.32358156028368795,0.13696808510638298,0.1374113475177305,0.4020390070921986
0.3289357959542656,0.13676341248900617,0.13852242744063326,0.39577836411609496
0.3182624113475177,0.13918439716312056,0.13829787234042554,0.40425531914893614
0.32532265242545616,0.14241210502892745,0.14018691588785046,0.39207832665776593
0.33112582781456956,0.13774834437086092,0.1381898454746137,0.39293598233995586
0.3322939866369711,0.14298440979955457,0.13853006681514476,0.3861915367483296
0.34368167905553126,0.1390467861827722,0.135111499781373,0.3821600349803236
0.34214002642007924,0.1444297666226332,0.1329810656098635,0.380449141347424
0.34438549955791337,0.13660477453580902,0.13262599469496023,0.3863837312113174
0.3446601941747573,0.13327449249779347,0.13592233009708737,0.3861429832303619
0.3421516754850088,0.13051146384479717,0.1349206349206349,0.3924162257495591
0.34463028169014087,0.1311619718309859,0.1311619718309859,0.3930457746478873
0.3482456140350877,0.13114035087719297,0.1337719298245614,0.3868421052631579
0.3485587583148559,0.1303769401330377,0.1286031042128603,0.3924611973392461
0.3490022172949002,0.1303769401330377,0.13392461197339245,0.38669623059866964
0.3438735177865613,0.13175230566534915,0.13570487483530963,0.38866930171277997
0.357487922705314,0.1251646903820817,0.13306982872200263,0.38427755819060166
0.3526292532037119,0.12814847547503314,0.12947414935925763,0.3897481219619974
0.3576188360728565,0.12661039537983118,0.1301643713904931,0.3856063971568192
0.3583662714097497,0.11857707509881422,0.12911725955204217,0.3939393939393939
0.35830762450418685,0.11987659762009696,0.13045394446892905,0.39136183340678715
0.3555456171735242,0.12119856887298748,0.13237924865831843,0.39087656529516995
0.3569542253521127,0.11795774647887323,0.1386443661971831,0.386443661971831
0.3584070796460177,0.11415929203539824,0.13451327433628318,0.3929203539823009
0.35789473684210527,0.11403508771929824,0.13508771929824562,0.3929824561403509
0.36014140521431726,0.1104728236853734,0.14273088820150243,0.3866548828988069
0.3599109131403118,0.110913140311804,0.13853006681514476,0.3906458797327394
0.36343514829570606,0.1133244798583444,0.13722886232846393,0.38601150951748564
0.3602150537634409,0.10976702508960573,0.14381720430107528,0.38620071684587814
0.3566992014196983,0.11180124223602485,0.14729370008873113,0.3842058562555457
0.36174911660777387,0.11130742049469965,0.14575971731448764,0.38118374558303886
0.35798687089715536,0.11641137855579868,0.1413566739606127,0.38424507658643325
0.3598768147822261,0.1139463264408271,0.13550373955125386,0.3906731192256929
0.3625937362152625,0.11424790471989413,0.1349801499779444,0.388178209086899
0.3623124448367167,0.11341571050308914,0.13724624889673434,0.38702559576345985
0.36363636363636365,0.10891523935002195,0.1427316644707949,0.3847167325428195
0.36594997806055285,0.11627906976744186,0.14304519526107942,0.37472575691092586
0.3630769230769231,0.11868131868131868,0.14373626373626375,0.37450549450549453
0.36086572438162545,0.11925795053003534,0.14487632508833923,0.375
0.36367634124890064,0.12137203166226913,0.13896218117854,0.3759894459102902
0.3555458132398071,0.12231477422183253,0.13809732573432704,0.38404208680403334
0.3622994652406417,0.12121212121212122,0.13502673796791445,0.38146167557932265
0.36088888888888887,0.124,0.13644444444444445,0.37866666666666665
0.3533303925893251,0.12351124834583149,0.13718570798411997,0.38597265108072343
0.3631578947368421,0.11798245614035088,0.13859649122807016,0.38026315789473686
0.3605112384310269,0.11943587483472895,0.1392684001762891,0.38078448655795505
0.36323658751099386,0.11653474054529464,0.13852242744063326,0.3817062445030783
0.3680926916221034,0.1140819964349376,0.14037433155080214,0.37745098039215685
0.3716696269982238,0.11101243339253997,0.13587921847246892,0.3814387211367673
0.36930561698363557,0.10659000442282177,0.13578062804068997,0.38832375055285273
0.3679750223015165,0.10615521855486174,0.14049955396966993,0.3853702051739518
0.37688219663418954,0.10983170947741364,0.13728963684676704,0.37599645704162976
0.3730684326710817,0.11346578366445915,0.13333333333333333,0.3801324503311258
0.3701067615658363,0.1152135231316726,0.12766903914590746,0.38701067615658363
0.3703214442976662,0.11140466754733598,0.12901805372082784,0.38925583443416995
0.3708754949406071,0.10822701275846898,0.13374395072591289,0.387153541575011
0.37401918047079336,0.1054925893635571,0.13818657367044465,0.38230165649520487
0.3723923657345761,0.10341766533510874,0.12960497114957834,0.3945849977807368
0.3828090385467435,0.10101905183872396,0.12538768276473194,0.39078422684980063
0.38051146384479717,0.10582010582010581,0.12566137566137567,0.3880070546737213
0.3790322580645161,0.10887096774193548,0.12589605734767026,0.38620071684587814
0.3847864768683274,0.10898576512455516,0.12411032028469751,0.3821174377224199
0.38403547671840355,0.11219512195121951,0.12638580931263857,0.37738359201773836
0.38794233289646135,0.109217999126256,0.12232415902140673,0.38051550895587594
0.3772666961521451,0.11057054400707651,0.11808934099955772,0.3940734188412207
0.3766519823788546,0.10616740088105726,0.12334801762114538,0.39383259911894275
0.3781138790035587,0.1094306049822064,0.11966192170818506,0.3927935943060498
0.38153846153846155,0.11516483516483517,0.12043956043956044,0.38285714285714284
0.38125,0.11696428571428572,0.12008928571428572,0.38169642857142855
0.3805739514348786,0.1205298013245033,0.1205298013245033,0.3783664459161148
0.38135218736190896,0.11975254087494476,0.12726469288555015,0.3716305788775961
0.37988581466842336,0.11682037768994291,0.12296881862099253,0.3803249890206412
0.3809106830122592,0.11427320490367776,0.1234676007005254,0.38134851138353765
0.38879159369527144,0.10945709281961472,0.12215411558669002,0.37959719789842383
0.38311975254087494,0.11224038886433937,0.1232876712328767,0.38135218736190896
0.3739551253849538,0.11306643202815662,0.12670479542454904,0.3862736471623405
0.37372843874391865,0.11233967271118973,0.12560813799203893,0.38832375055285273
0.3646850044365572,0.11401952085181899,0.12777284826974267,0.3935226264418811
0.37422222222222223,0.11022222222222222,0.12933333333333333,0.38622222222222224
0.37422771403353927,0.10988526037069726,0.12533097969991175,0.39055604589585174
0.37472575691092586,0.10706450197455024,0.12329969284774024,0.39491004826678366
0.3725577264653641,0.10968028419182949,0.12433392539964476,0.39342806394316165
0.36994727592267135,0.11028119507908611,0.12521968365553604,0.3945518453427065
0.3685612788632327,0.11323268206039076,0.12255772646536411,0.3956483126110124
0.3748338502436863,0.10899424014178112,0.12051395657953035,0.39565795303500223
0.37440139312146276,0.11144971702220287,0.1197213757074445,0.3944275141488899
0.37730870712401055,0.11785400175901495,0.113896218117854,0.3909410729991205
0.3694690265486726,0.11460176991150442,0.11814159292035398,0.39778761061946905
0.3660477453580902,0.11273209549071618,0.11582670203359859,0.40539345711759506
0.3599470666078518,0.11513012792236436,0.11557123952359948,0.4093515659461844
0.366696191319752,0.11824623560673161,0.11514614703277236,0.39991142604074403
0.36327433628318584,0.11592920353982301,0.11858407079646018,0.402212389380531
0.36733800350262696,0.12259194395796848,0.11471103327495621,0.39535901926444833
0.36615384615384616,0.12087912087912088,0.11516483516483517,0.3978021978021978
0.3678915135608049,0.1216097987751531,0.1141732283464567,0.3963254593175853
0.37560760053026954,0.11842686699072029,0.11533362792752982,0.39063190455148034
0.37616304829419583,0.1178555604785113,0.11431103234381923,0.3916703588834736
0.3814116615519509,0.11617711530030689,0.11486190267426567,0.38754932047347657
0.3899286987522282,0.11363636363636363,0.11274509803921569,0.3836898395721925
0.3935886019590383,0.11219946571682991,0.10819234194122886,0.38601959038290296
0.39779735682819384,0.11145374449339207,0.10837004405286343,0.38237885462555066
0.3895015438906043,0.11468901632112924,0.11160123511248346,0.384208204675783
0.39744718309859156,0.10915492957746478,0.11619718309859155,0.3772007042253521
0.3969026548672566,0.10707964601769912,0.1172566371681416,0.3787610619469027
0.3950725912890453,0.10690717113946327,0.12318521777386714,0.3748350197976243
0.394273127753304,0.10308370044052863,0.12334801762114538,0.379295154185022
0.3972481136262761,0.10608078118064802,0.12339103417665336,0.3732800710164225
0.408630559225011,0.10127697049757815,0.11977102597974461,0.3703214442976662
0.400972590627763,0.10565870910698497,0.1184792219274978,0.3748894783377542
0.40671971706454463,0.10698496905393456,0.11007957559681697,0.3762157382847038
0.4032757857459053,0.10845506861443116,0.1111111111111111,0.37715803452855245
0.40316901408450706,0.10959507042253522,0.11003521126760564,0.3772007042253521
0.40848214285714285,0.109375,0.10625,0.37589285714285714
0.4077367718986216,0.10493552690084482,0.10449088483770565,0.3828368163628279
0.40580985915492956,0.10783450704225352,0.10519366197183098,0.38116197183098594
0.41297676457693994,0.10346339324857519,0.10697062691801841,0.37658921525646644
0.4081451969898185,0.10447100486941124,0.10889774236387782,0.3784860557768924
0.41419068736141906,0.10199556541019955,0.11219512195121951,0.3716186252771619
0.4157452454666077,0.09951348960636887,0.1096859796550199,0.37505528527200355
0.41519434628975266,0.09938162544169611,0.10998233215547704,0.3754416961130742
0.41762114537444933,0.09955947136563877,0.10837004405286343,0.3744493392070485
0.4112478031634446,0.10061511423550087,0.11159929701230228,0.37653778558875217
0.4144620811287478,0.09832451499118165,0.1111111111111111,0.37610229276895946
0.40990013026487193,0.0985670864090317,0.10551454624402953,0.3860182370820669
0.4037620297462817,0.09667541557305337,0.10936132983377078,0.3902012248468941
0.40858787073926517,0.10402833111996458,0.10934041611332448,0.37804338202744575
0.40332458442694663,0.1036745406824147,0.1089238845144357,0.38407699037620296
0.401495162708883,0.09762532981530343,0.11565523306948108,0.38522427440633245
0.40286481647269473,0.09489704565801253,0.11862130707251567,0.3836168307967771
0.4034315882094149,0.09546854377474703,0.11658600967883855,0.3845138583369996
0.4015185350602948,0.1013845466726217,0.1125502456453774,0.3845466726217061
0.4071936056838366,0.09547069271758436,0.11412078152753108,0.38321492007104796
0.4108251996450754,0.09582963620230701,0.11446317657497782,0.37888198757763975
0.4108492663405958,0.09159626500666963,0.11649622054246332,0.3810582481102712
0.4044247787610619,0.09469026548672567,0.11460176991150442,0.386283185840708
0.40835164835164833,0.09494505494505495,0.11164835164835164,0.38505494505494503
0.40452930728241565,0.09325044404973357,0.10968028419182949,0.3925399644760213
0.40418894830659535,0.09670231729055258,0.10650623885918004,0.392602495543672
0.40305676855895195,0.0943231441048035,0.10480349344978165,0.3978165938864629
0.4035242290748899,0.0973568281938326,0.10396475770925111,0.3951541850220264
0.39622641509433965,0.09521720052654672,0.11276875822729267,0.39578762615182095
0.39295154185022024,0.0947136563876652,0.11365638766519824,0.3986784140969163
0.39233169861792244,0.09629959875167186,0.11056620597414177,0.40080249665626394
0.3943231441048035,0.09519650655021834,0.11048034934497816,0.4
0.39097744360902253,0.09730207872622733,0.11322423706324636,0.39849624060150374
0.39212175470008953,0.09534467323187108,0.11235452103849597,0.40017905102954343
0.39236573457612073,0.09409675987572126,0.11051930758988016,0.40301819795827787
0.39280958721704395,0.09720372836218376,0.11007545494895694,0.39991122947181534
0.39252747252747255,0.09494505494505495,0.11340659340659341,0.3991208791208791
0.39193336256028055,0.09469530907496712,0.11266988163086365,0.40070144673388863
0.3853572994300745,0.09995615957913195,0.11486190267426567,0.3998246383165278
0.38427755819060166,0.0966183574879227,0.11769872639437857,0.4014053579270971
0.38891352549889135,0.09800443458980045,0.11485587583148558,0.39822616407982264
0.39193976970770594,0.10186005314437556,0.11027457927369354,0.395925597874225
0.3905693950177936,0.10097864768683273,0.10987544483985764,0.398576512455516
0.3932683790965456,0.10008857395925598,0.10894596988485385,0.39769707705934454
0.3875219683655536,0.09578207381370826,0.10676625659050967,0.4099297012302285
0.3890829694323144,0.0943231441048035,0.10742358078602621,0.4091703056768559
0.3820816864295125,0.09398331137461573,0.10891523935002195,0.4150197628458498
0.3867673179396092,0.0941385435168739,0.10568383658969804,0.41341030195381884
0.3863837312113174,0.09018567639257294,0.10786914235190097,0.4155614500442087
0.38576449912126537,0.09226713532513181,0.1023725834797891,0.4195957820738137
0.38702559576345985,0.09355692850838482,0.10238305383936452,0.4170344218887908
0.38492063492063494,0.09347442680776014,0.10361552028218694,0.41798941798941797
0.3872549019607843,0.09358288770053476,0.09803921568627451,0.42112299465240643
0.38179407865665044,0.09544851966416261,0.10030932390631904,0.42244807777286786
0.3858885017421603,0.09277003484320558,0.1014808362369338,0.41986062717770034
0.38972542072630645,0.08813108945969884,0.10230292294065545,0.41984056687333926
0.3921654929577465,0.08274647887323944,0.10211267605633803,0.42297535211267606
0.3945398502862175,0.08102157639806253,0.10523998238661382,0.4191985909291061
0.3942982456140351,0.08114035087719298,0.10614035087719298,0.41842105263157897
0.39470198675496687,0.07902869757174392,0.10198675496688742,0.42428256070640175
0.4,0.07804878048780488,0.10509977827050998,0.41685144124168516
0.3992963940193492,0.0773966578715919,0.10642040457343888,0.41688654353562005
0.39946855624446415,0.08015943312666077,0.10097431355181577,0.4193976970770593
0.40186087727071335,0.0824102791315906,0.1023482498892335,0.4133805937084626
0.40899074482150727,0.07624504186866461,0.10136624063464081,0.4133979726751873
0.4230430958663149,0.06860158311345646,0.09850483729111698,0.4098504837291117
0.41306266548984993,0.07237422771403354,0.10150044130626655,0.41306266548984993
0.41353383458646614,0.0729765590446705,0.09951348960636887,0.41397611676249446
0.4108628996933859,0.06964520367936924,0.1038107752956636,0.41568112133158125
0.4209138840070299,0.06634446397188049,0.09929701230228472,0.4134446397188049
0.41743725231175693,0.06781153676794363,0.09951563188022898,0.41523557904007047
0.41494505494505496,0.07164835164835165,0.1010989010989011,0.4123076923076923
0.40943146760687527,0.07139709122961657,0.09960334949316879,0.41956809167033937
0.4092900964066608,0.07230499561787905,0.09947414548641542,0.4189307624890447
0.406941431670282,0.07331887201735358,0.09978308026030369,0.41995661605206075
0.3998238661382651,0.071334214002642,0.10303830911492734,0.42580361074416556
0.4008714596949891,0.07363834422657953,0.10413943355119826,0.42135076252723314
0.4042647712127943,0.07285650821856952,0.10039982230119947,0.4224788982674367
0.40511915269196824,0.07281553398058252,0.10238305383936452,0.41968225948808474
0.3962014134275618,0.07420494699646643,0.09982332155477032,0.4297703180212014
0.3967271118973905,0.07430340557275542,0.09995577178239717,0.42901371074745687
0.3872113676731794,0.07726465364120781,0.09991119005328597,0.43561278863232683
0.39920424403183025,0.07427055702917772,0.09946949602122016,0.4270557029177719
0.3934715483017203,0.07366563740626378,0.10454344949272165,0.4283193647992942
0.3898901098901099,0.07560439560439561,0.10593406593406593,0.42857142857142855
0.3867306852902663,0.07333042339589699,0.11261457878655609,0.42732431252728065
0.3950021920210434,0.07014467338886453,0.11003945637878124,0.42481367821131083
0.39832007073386383,0.07206012378426171,0.10963748894783377,0.41998231653404067
0.39752650176678445,0.071113074204947,0.11439929328621908,0.4169611307420495
0.3974694589877836,0.07024432809773123,0.1143106457242583,0.4179755671902269
0.3972602739726027,0.06981882456915599,0.11356606274856386,0.41935483870967744
0.39290465631929045,0.06740576496674058,0.11529933481152993,0.424390243902439
0.3935226264418811,0.0709849157054126,0.11002661934338953,0.4254658385093168
0.3925601750547046,0.07221006564551423,0.11072210065645514,0.424507658643326
0.3951219512195122,0.07317073170731707,0.11086474501108648,0.42084257206208425
0.3958151700087184,0.07454228421970358,0.10636442894507411,0.4232781168265039
0.39606126914660833,0.07833698030634573,0.10722100656455143,0.41838074398249453
0.40044150110375276,0.08079470198675497,0.10596026490066225,0.41280353200883
0.3909973521624007,0.08296557811120918,0.10767872903795234,0.4183583406884378
0.3891820580474934,0.08311345646437995,0.10949868073878628,0.4182058047493404
0.3961772371850565,0.08210251954821894,0.10425716768027801,0.4174630755864466
0.3928728552573691,0.08358996920369556,0.10426748790145182,0.4192696876374835
0.39866666666666667,0.084,0.10133333333333333,0.416
0.40487804878048783,0.08159645232815965,0.1015521064301552,0.41197339246119735
0.4079646017699115,0.08097345132743362,0.10309734513274336,0.4079646017699115
0.40509666080843587,0.08084358523725835,0.0984182776801406,0.4156414762741652
0.414021164021164,0.07671957671957672,0.0974426807760141,0.41181657848324515
0.41274725274725277,0.07560439560439561,0.10021978021978022,0.4114285714285714
0.4118421052631579,0.07456140350877193,0.1013157894736842,0.41228070175438597
0.4064969271290606,0.07989464442493416,0.09877085162423178,0.41483757682177347
0.40954883924660535,0.07840560665790626,0.09680245291283399,0.4152431011826544
0.4124168514412417,0.07849223946784922,0.09800443458980045,0.41108647450110863
0.4119469026548673,0.07876106194690266,0.09292035398230089,0.41637168141592923
0.4099515631880229,0.08146191105239982,0.09291061206516953,0.41567591369440776
0.41160949868073876,0.07959542656112577,0.09454705364995603,0.41424802110817943
0.4135039717563989,0.07722859664607237,0.09223300970873786,0.4170344218887908
0.414612676056338,0.07350352112676056,0.09066901408450705,0.4212147887323944
0.41843971631205673,0.0749113475177305,0.09131205673758866,0.4153368794326241
0.415625,0.07321428571428572,0.08973214285714286,0.42142857142857143
0.42140026420079263,0.07353588727432848,0.09202994275649494,0.41303390576838395
0.41798941798941797,0.07671957671957672,0.08818342151675485,0.41710758377425045
0.4199738334060183,0.07631923244657654,0.09114696903619712,0.412559965111208
0.4230260255844729,0.07454786060873402,0.09483899426554919,0.40758711954124394
0.4256993006993007,0.0743006993006993,0.09003496503496504,0.40996503496503495
0.4267543859649123,0.07236842105263158,0.09342105263157895,0.4074561403508772
0.4238032498902064,0.077733860342556,0.08959156785243742,0.4088713219148002
0.4293909973521624,0.07502206531332745,0.08561341571050309,0.4099735216240071
0.42971175166297115,0.07494456762749446,0.08647450110864745,0.4088691796008869
0.4277558190601669,0.07817303469477382,0.08388230127360562,0.4101888449714537
0.42951541850220265,0.0801762114537445,0.08325991189427313,0.40704845814977975
0.4367562802996915,0.07624504186866461,0.08417805200528868,0.40282062582635525
0.4345342706502636,0.07381370826010544,0.07908611599297012,0.4125659050966608
0.4384717903154154,0.07107952021323856,0.08218569524655708,0.40826299422478896
0.4356828193832599,0.07004405286343612,0.07709251101321586,0.4171806167400881
0.43694885361552027,0.07275132275132275,0.07627865961199294,0.414021164021164
0.44,0.07648351648351648,0.07956043956043957,0.40395604395604395
0.44129201222173725,0.07551287647315583,0.0772588389349629,0.40593627237014407
0.43809938971229295,0.07672188317349608,0.08020924149956409,0.4049694856146469
0.4418502202643172,0.07753303964757709,0.07885462555066079,0.4017621145374449
0.43802382002646667,0.07719453021614468,0.0780767534186149,0.4067048963387737
0.4401595744680851,0.07934397163120567,0.08111702127659574,0.39937943262411346
0.44203213200173685,0.08119843682153713,0.07946157186278767,0.39730785931393836
0.4409937888198758,0.08118899733806566,0.07497781721384206,0.4028393966282165
0.4375,0.07966549295774648,0.07570422535211267,0.40713028169014087
0.44259421560035056,0.08063102541630149,0.07887817703768624,0.3978965819456617
0.43418727915194344,0.08259717314487633,0.07729681978798586,0.40591872791519434
0.4308440123729563,0.08351745470614229,0.07733097657976137,0.4083075563411401
0.436871996505024,0.08125819134993446,0.07732634338138926,0.40454346876365227
0.43422789265288164,0.0818301803783546,0.07567091948966125,0.4082710074791025
0.4392935982339956,0.08079470198675497,0.07417218543046358,0.40573951434878586
0.43614670790985416,0.07954043305346885,0.07556341140079541,0.40874944763588156
0.4358748347289555,0.08021154693697664,0.07712648743940062,0.4067871308946673
0.4409310496267018,0.08124725516029864,0.07553798858146685,0.40228370663153273
0.43733451015004415,0.0825242718446602,0.07855251544571933,0.40158870255957635
0.43008381120423467,0.08425231583590649,0.07895897662108513,0.4067048963387737
0.43221830985915494,0.08098591549295775,0.08098591549295775,0.40580985915492956
0.43047534429142603,0.08085295424255887,0.08307418924922257,0.4055975122167925
0.4275043936731107,0.08391915641476275,0.08347978910369068,0.40509666080843587
0.42788461538461536,0.08435314685314685,0.08391608391608392,0.40384615384615385
0.43227792436235707,0.0853122251539138,0.08047493403693931,0.4019349164467898
0.433112582781457,0.08123620309050773,0.08432671081677705,0.4013245033112583
0.43091959129275875,0.08174144824522435,0.08351843625055531,0.4038205242114616
0.4281891168599465,0.07894736842105263,0.08206958073148975,0.41079393398751113
0.4268022998673153,0.07961079168509509,0.08314904909332153,0.410437859354268
0.4166666666666667,0.08421516754850088,0.0855379188712522,0.41358024691358025
0.41275465013286095,0.08281665190434012,0.08591674047829938,0.41851195748449954
0.41481810115350487,0.08163265306122448,0.08207630878438332,0.42147293700088734
0.414954088325317,0.08220376038478355,0.08264101442938347,0.42020113686051597
0.41519434628975266,0.08215547703180212,0.08083038869257951,0.4218197879858657
0.4230769230769231,0.0836314847942755,0.08139534883720931,0.41189624329159213
0.41952506596306066,0.08663148636763413,0.08179419525065963,0.41204925241864554
0.4205607476635514,0.08678237650200267,0.0787716955941255,0.41388518024032045
0.429701230228471,0.08567662565905097,0.07688927943760984,0.4077328646748682
0.4277507733097658,0.08174988952717631,0.0830755634114008,0.4074237737516571
0.42575558475689884,0.08409986859395532,0.08190976784932107,0.4082347787998248
0.42481367821131083,0.08022797018851381,0.08373520385795703,0.4112231477422183
0.4258205689277899,0.0800875273522976,0.08533916849015317,0.4087527352297593
0.4224062772449869,0.07759372275501308,0.08674803836094158,0.4132519616390584
0.41878841088674273,0.07462686567164178,0.08867427568042142,0.417910447761194
0.4199288256227758,0.07517793594306049,0.08674377224199288,0.4181494661921708
0.41516086381665934,0.07756721022476862,0.0885852798589687,0.4186866460996034
0.4149933065595716,0.07407407407407407,0.08433734939759036,0.42659526996876396
0.411660777385159,0.07685512367491167,0.0812720848056537,0.4302120141342756
0.41545253863134657,0.07328918322295806,0.08211920529801324,0.4291390728476821
0.4125165271044513,0.07095636844424857,0.08329660643455267,0.43323049801674746
0.414494034467521,0.06937693327441449,0.0821917808219178,0.4339372514361467
0.4173262972735268,0.06904133685136324,0.08179419525065963,0.4318381706244503
0.4076855123674912,0.071113074204947,0.08171378091872791,0.43948763250883394
0.40923076923076923,0.07252747252747253,0.08351648351648351,0.4347252747252747
0.4046572934973638,0.06985940246045694,0.0812829525483304,0.44420035149384884
0.4005305039787798,0.07206012378426171,0.08178603006189213,0.44562334217506633
0.40484581497797356,0.07312775330396476,0.07841409691629955,0.4436123348017621
0.3995575221238938,0.0752212389380531,0.08053097345132744,0.4446902654867257
0.40114235500878737,0.07513181019332162,0.07425307557117751,0.44947275922671354
0.40061295971978983,0.07399299474605954,0.07311733800350263,0.45227670753064797
0.39928857269897733,0.07025344597598933,0.07425522454424188,0.4562027567807915
0.3985796715490457,0.06746560142032845,0.07678650687971593,0.4571682201509099
0.4044894366197183,0.06690140845070422,0.07526408450704225,0.4533450704225352
0.4024604569420035,0.06898066783831283,0.07557117750439367,0.45298769771528996
0.3999116217410517,0.06937693327441449,0.07733097657976137,0.4533804684047724
0.3983347940403155,0.0740578439964943,0.08106923751095531,0.4465381244522349
0.40017706949977866,0.07569721115537849,0.08233731739707835,0.4417884019477645
0.4046675473359753,0.07485689123734038,0.0845442536327609,0.43593130779392336
0.4151025752946312,0.06765604539502401,0.0772588389349629,0.4399825403753819
0.4138386954605553,0.07315998237108859,0.07668576465403261,0.4363155575143235
0.4122004357298475,0.07363834422657953,0.07625272331154684,0.43790849673202614
0.4066225165562914,0.07196467991169977,0.08035320088300221,0.4410596026490066
0.4094107299912049,0.07211961301671065,0.07827616534740545,0.44019349164467897
0.4055727554179567,0.07164971251658558,0.08137992038920831,0.44139761167624947
0.41050328227571115,0.06958424507658643,0.07789934354485777,0.4420131291028446
0.4069973427812223,0.07174490699734277,0.08148804251550044,0.43976970770593443
0.4038972542072631,0.07617360496014172,0.07838795394154119,0.44154118689105404
0.4013129102844639,0.07702407002188184,0.07614879649890591,0.44551422319474837
0.3966505068312032,0.07756721022476862,0.08241516086381666,0.44336712208021156
0.3940193491644679,0.07783641160949868,0.08751099384344767,0.44063324538258575
0.4015185350602948,0.07771326485037963,0.08753907994640464,0.4332291201429209
0.4033318719859711,0.07715914072775099,0.08811924594476107,0.43138974134151686
0.4054294615042279,0.07521139296840232,0.08856252781486426,0.43079661771250555
0.4008752735229759,0.07571115973741795,0.087527352297593,0.43588621444201314
0.4015922158337019,0.07784166298098187,0.08978328173374613,0.4307828394515701
0.4021978021978022,0.07428571428571429,0.09054945054945054,0.432967032967033
0.41396176078257,0.07247665629168519,0.08937305469097377,0.424188528234771
0.408325952170062,0.07617360496014172,0.08724534986713905,0.42825509300265724
0.4114285714285714,0.0778021978021978,0.08351648351648351,0.42725274725274726
0.4071776694727514,0.07842268498006202,0.08506867523260966,0.4293309703145769
0.40853122251539137,0.08091468777484609,0.08311345646437995,0.42744063324538256
0.3998223011994669,0.08174144824522435,0.0866281652598845,0.43180808529542425
0.40123185217773866,0.08446986361636603,0.08490981082270127,0.429388473383194
0.409310496267018,0.0821256038647343,0.08739569609134827,0.42116820377689945
0.4137022397891963,0.0821256038647343,0.08476064997804128,0.4194115063680281
0.40583554376657827,0.08664898320070734,0.08664898320070734,0.4208664898320071
0.4068996019460416,0.08934099955771782,0.08668730650154799,0.41707209199469264
0.41116526362428,0.08994240141781125,0.08639787328311918,0.41249446167478954
0.4140382052421146,0.0888494002665482,0.08485117725455353,0.41226121723678366
0.41802916482545294,0.08528501988510827,0.08174988952717631,0.41493592576226246
0.4170699516058073,0.08754949406071272,0.07919049714034315,0.41619005719313684
0.42048997772828506,0.08507795100222718,0.0779510022271715,0.41648106904231624
0.42504409171075835,0.08597883597883597,0.07980599647266313,0.4091710758377425
0.4203090507726269,0.08830022075055188,0.07902869757174392,0.4123620309050773
0.4196233026719229,0.08760402978537013,0.08059570740254052,0.41217696014016647
0.4182459233142353,0.08329660643455267,0.08197443807844866,0.41648303217276333
0.4177326863696515,0.08381120423467137,0.08160564622849581,0.4168504631671813
0.4213780918727915,0.08303886925795052,0.07862190812720848,0.4169611307420495
0.41992101799034665,0.08205353225098727,0.08073716542343133,0.41728828433523474
0.41806908768821965,0.08503100088573959,0.07528786536758193,0.4216120460584588
0.4168133802816901,0.08142605633802817,0.07878521126760564,0.42297535211267606
0.41895482728077943,0.08237378210806023,0.07528786536758193,0.42338352524357836
0.42326191517271533,0.08176650634018365,0.07170966331438566,0.42326191517271533
0.42724458204334365,0.08137992038920831,0.06766917293233082,0.4237063246351172
0.42029636281993715,0.07813201616524472,0.07139649753030983,0.4301751234845083
0.42088888888888887,0.08044444444444444,0.07244444444444445,0.4262222222222222
0.42559787422497786,0.08547387068201949,0.06953055801594331,0.4193976970770593
0.43053097345132746,0.07920353982300884,0.06327433628318584,0.4269911504424779
0.4367509986684421,0.079005770084332,0.06968486462494451,0.4145583666222814
0.43027360988526037,0.07899382171226832,0.07105030891438659,0.41968225948808474
0.4329535495179667,0.08063102541630149,0.07318141980718668,0.41323400525854515
0.43123336291038156,0.08163265306122448,0.07542147293700088,0.41171251109139306
0.428698752228164,0.08333333333333333,0.07531194295900179,0.4126559714795009
0.43233743409490333,0.07776801405975395,0.07557117750439367,0.414323374340949
0.4335817623849189,0.07540552389302937,0.07365190705830776,0.417360806663744
0.4371948513093653,0.07634265423879272,0.07811806480248558,0.4083444296493564
0.43601059135039716,0.07590467784642542,0.07546337157987644,0.41262135922330095
0.43702375616315553,0.07754370237561632,0.07709547288211564,0.4083370685791125
0.4322071083808688,0.07942079859587538,0.0767880649407635,0.41158402808249234
0.4255886272767659,0.08262994224788983,0.07641048422923145,0.4153709462461128
0.42982072584171405,0.07783121993878443,0.0804547442063839,0.41189331001311763
0.4298982750995135,0.0725342768686422,0.08182220256523662,0.4157452454666077
0.4292639929484354,0.07360070515645659,0.08329660643455267,0.4138386954605553
0.42498900131984163,0.08007039155301364,0.08446986361636603,0.4104707435107787
0.42459088898717384,0.0800530738611234,0.08182220256523662,0.41353383458646614
0.4238556338028169,0.07790492957746478,0.08450704225352113,0.4137323943661972
0.4166298098186643,0.07563025210084033,0.09066784608580274,0.41707209199469264
0.4211453744493392,0.07488986784140969,0.09118942731277534,0.4127753303964758
0.422360248447205,0.0740905057675244,0.08917480035492457,0.4143744454303461
0.42649006622516555,0.07417218543046358,0.08520971302428255,0.4141280353200883
0.4210985178727114,0.07192676547515257,0.08413251961639058,0.42284219703574544
0.4218197879858657,0.06757950530035335,0.08568904593639576,0.4249116607773852
0.4229925405879772,0.07108380868802106,0.08468626590609916,0.42123738481790257
0.41604230938739534,0.07095636844424857,0.0872631115028647,0.4257382106654914
0.4204045734388742,0.06772207563764292,0.09146877748460862,0.4204045734388742
0.4164079822616408,0.070509977827051,0.09356984478935698,0.4195121951219512
0.4192560175054705,0.07264770240700219,0.09277899343544858,0.4153172866520788
