C,D,Oc,Od
0.0,0.0,1.0,0.0
0.0,0.0,0.3333333333333333,0.6666666666666666
0.0,0.0,0.2857142857142857,0.7142857142857143
0.08333333333333333,0.0,0.16666666666666666,0.75
0.05,0.0,0.15,0.8
0.10714285714285714,0.0,0.14285714285714285,0.75
0.13953488372093023,0.0,0.18604651162790697,0.6744186046511628
0.125,0.0,0.203125,0.671875
0.11363636363636363,0.022727272727272728,0.22727272727272727,0.6363636363636364
0.11764705882352941,0.025210084033613446,0.21008403361344538,0.6470588235294118
0.14556962025316456,0.03164556962025317,0.22151898734177214,0.6012658227848101
0.14912280701754385,0.03508771929824561,0.2236842105263158,0.5921052631578947
0.16487455197132617,0.053763440860215055,0.21505376344086022,0.5663082437275986
0.164804469273743,0.06424581005586592,0.23184357541899442,0.5391061452513967
0.17633410672853828,0.08816705336426914,0.24129930394431554,0.494199535962877
0.19128787878787878,0.08901515151515152,0.23484848484848486,0.48484848484848486
0.19135802469135801,0.0941358024691358,0.23919753086419754,0.47530864197530864
0.1962864721485411,0.10477453580901856,0.22811671087533156,0.4708222811671088
0.2034090909090909,0.11704545454545455,0.22045454545454546,0.4590909090909091
0.20332355816226785,0.12218963831867058,0.21700879765395895,0.4574780058651026
0.21597892888498682,0.11940298507462686,0.21071115013169447,0.45390693590869186
0.2170846394984326,0.12774294670846395,0.21316614420062696,0.44200626959247646
0.22851153039832284,0.13067784765897975,0.20405310971348709,0.43675751222921033
0.2403051493960585,0.13350286077558804,0.20470438652256834,0.4214876033057851
0.24880668257756564,0.1318615751789976,0.2100238663484487,0.40930787589498807
0.25194660734149055,0.14516129032258066,0.20189098998887653,0.40100111234705227
0.24710830704521555,0.15247108307045215,0.21083070452155625,0.38958990536277605
0.25608519269776875,0.16328600405679514,0.20588235294117646,0.3747464503042596
0.25929502655721876,0.16900048285852245,0.19893771125060358,0.37276677933365526
0.25960637300843487,0.17150890346766634,0.20759137769447047,0.3612933458294283
0.2645161290322581,0.17465437788018434,0.2055299539170507,0.35529953917050694
0.273308957952468,0.170018281535649,0.2042961608775137,0.3523765996343693
0.275381850853549,0.17160826594788858,0.2124887690925427,0.34052111410601976
0.2867319679430098,0.16918967052537845,0.20837043633125557,0.3357079252003562
0.28475935828877,0.16755793226381463,0.21390374331550802,0.33377896613190733
0.28520499108734404,0.16532976827094475,0.2161319073083779,0.3333333333333333
0.29155555555555557,0.16311111111111112,0.21822222222222223,0.32711111111111113
0.2975391498881432,0.16554809843400448,0.21431767337807606,0.3225950782997763
0.2931110136024572,0.16586222027204914,0.2180781044317683,0.3229486616937253
0.30238726790450926,0.15782493368700265,0.21352785145888595,0.32625994694960214
0.2898936170212766,0.1573581560283688,0.2220744680851064,0.33067375886524825
0.29281277728482696,0.15661047027506655,0.2204968944099379,0.3300798580301686
0.2943246810382754,0.15970083589969203,0.21733391992960846,0.3286405631324241
0.2984875444839858,0.1570284697508897,0.2130782918149466,0.33140569395017794
0.292415607189829,0.1578255151249452,0.21876370013152127,0.3309951775537045
0.3076923076923077,0.1569767441860465,0.21243291592128802,0.3228980322003578
0.2979194333776007,0.16024789729969013,0.21115537848605578,0.33067729083665337
0.30008904719501334,0.15983971504897596,0.20837043633125557,0.3317008014247551
0.3050022133687472,0.16290393979637008,0.20407259849490925,0.3280212483399734
0.2970471573380344,0.16394887615689732,0.2093433230498017,0.32966064345526663
0.2971887550200803,0.1686746987951807,0.2074966532797858,0.32663989290495316
0.29343971631205673,0.1675531914893617,0.21099290780141844,0.3280141843971631
0.29977827050997785,0.16895787139689578,0.2031042128603104,0.328159645232816
0.29901960784313725,0.17201426024955438,0.2054367201426025,0.3235294117647059
0.2980599647266314,0.1710758377425044,0.2072310405643739,0.3236331569664903
0.29795737122557725,0.1705150976909414,0.20870337477797513,0.3228241563055062
0.300132802124834,0.17042939353696326,0.2067286409915892,0.32270916334661354
0.29564452265728114,0.172459304883414,0.2045754509458865,0.3273207215134184
0.2954645530603259,0.1712901805372083,0.20827829150154117,0.3249669749009247
0.2995126273814798,0.17235268054940187,0.2104563579973416,0.3176783340717767
0.2944812362030905,0.16379690949227374,0.21677704194260486,0.32494481236203093
0.2889969067609368,0.16349977905435262,0.2222713212549713,0.3252319929297393
0.2896825396825397,0.16181657848324515,0.22354497354497355,0.32495590828924165
0.29341581970835173,0.15996464869642069,0.2222713212549713,0.3243482103402563
0.2938577110030932,0.15775519222271323,0.2284577993813522,0.31992929739284137
0.30035026269702275,0.15805604203152365,0.22898423817863398,0.3126094570928196
0.30440587449933243,0.15620827770360482,0.22874944370271474,0.310636404094348
0.30004438526409233,0.16378162450066577,0.22192632046160674,0.31424766977363516
0.3021108179419525,0.158311345646438,0.21899736147757257,0.32058047493403696
0.2984409799554566,0.15723830734966593,0.22004454342984409,0.3242761692650334
0.29170383586083853,0.15744870651204282,0.2225691347011597,0.328278322925959
0.2907644719399028,0.16305788775961114,0.22536456031816174,0.32081307998232433
0.2845814977973568,0.16255506607929515,0.22731277533039648,0.32555066079295153
0.2885042166000888,0.1611185086551265,0.22814025743453173,0.322237017310253
0.2834960070984916,0.16415261756876665,0.2236024844720497,0.3287488908606921
0.2862222222222222,0.16755555555555557,0.22044444444444444,0.3257777777777778
0.2857771906649053,0.16336415675913693,0.22457067371202113,0.32628797886393657
0.2814292015880018,0.16762240846934273,0.2258491398323776,0.3250992501102779
0.2830105633802817,0.167693661971831,0.2266725352112676,0.3226232394366197
0.28173374613003094,0.16895179124281293,0.23087129588677577,0.31844316674038037
0.2830605926581159,0.17027863777089783,0.22733303847854933,0.31932773109243695
0.28350287483414416,0.16983635559486954,0.23308270676691728,0.31357806280406897
0.2838795394154119,0.16696191319751993,0.23383525243578387,0.3153232949512843
0.2826278659611993,0.1609347442680776,0.23368606701940034,0.32275132275132273
0.27952233524988945,0.16541353383458646,0.23529411764705882,0.31977001326846527
0.27775320654577623,0.15877930119416186,0.23883237505528526,0.32463511720477667
0.2812223206377325,0.1536758193091231,0.24446412754650132,0.32063773250664307
0.2858411007545495,0.15401686640035508,0.2396804260985353,0.32046160674656016
0.2846458424989001,0.16322041355037395,0.23273207215134184,0.31940167179938406
0.28565101860053144,0.16474756421612047,0.23117803365810452,0.3184233835252436
0.2884699693117054,0.16571679088119246,0.22577816747040771,0.3200350723366944
0.2918531781557744,0.1674127126230976,0.2224709042076992,0.3182632050134288
0.29177602799650043,0.17454068241469817,0.21828521434820647,0.31539807524059493
0.2867319679430098,0.1740872662511131,0.21994657168299198,0.3192341941228851
0.28789864569681084,0.17300131061598953,0.22062035823503715,0.31847968545216254
0.2838254737769943,0.1754076685764654,0.22212428382547378,0.31864257382106653
0.28185840707964605,0.1756637168141593,0.22035398230088496,0.32212389380530976
0.28546177640300485,0.17410517012814847,0.21961997348652232,0.32081307998232433
0.28666371289322107,0.17811253876827648,0.2157731501993797,0.31945059813912274
0.28996447602131437,0.17539964476021314,0.21536412078152753,0.31927175843694494
0.2843915343915344,0.17857142857142858,0.20679012345679013,0.33024691358024694
0.2887511071744907,0.17803365810451727,0.20992028343666963,0.3232949512843224
0.2882327016306743,0.17937417364477742,0.21639488761568973,0.31599823710885855
0.2872246696035242,0.17709251101321585,0.2105726872246696,0.3251101321585903
0.28064798598949214,0.18126094570928197,0.21409807355516638,0.3239929947460595
0.2821650399290151,0.1836734693877551,0.2111801242236025,0.32298136645962733
0.2779255319148936,0.18262411347517732,0.21365248226950354,0.3257978723404255
0.28824049513704686,0.18346595932802828,0.21043324491600354,0.3178603006189213
0.2851476421330983,0.18422212428382548,0.2119876597620097,0.31864257382106653
0.291906236178682,0.18000884564352057,0.21406457319770014,0.3140203449800973
0.28775055679287304,0.18574610244988865,0.2133630289532294,0.3131403118040089
0.2874834144183989,0.18310482087571872,0.21362229102167182,0.3157894736842105
0.2840605520926091,0.18699910952804988,0.21415850400712377,0.3147818343722173
0.2828282828282828,0.18796662274923145,0.21651295564339043,0.3126921387790953
0.2828773168578994,0.1879964695498676,0.21403353927625773,0.31509267431597526
0.2847006651884701,0.18669623059866963,0.21419068736141908,0.3144124168514412
0.28250330542089025,0.18466284706919348,0.21419127368884971,0.31864257382106653
0.2754385964912281,0.18903508771929825,0.21228070175438596,0.3232456140350877
0.2781659388646288,0.18646288209606987,0.2109170305676856,0.32445414847161574
0.2750995134896064,0.18973905351614329,0.21052631578947367,0.32463511720477667
0.28250330542089025,0.18951079770824153,0.2128691053327457,0.3151167915381225
0.2750439367311072,0.19244288224956063,0.21045694200351495,0.3220562390158172
0.2801953818827709,0.19671403197158083,0.20115452930728242,0.3219360568383659
0.28021248339973437,0.19123505976095617,0.20495794599380257,0.3235945108455069
0.28069395017793597,0.1952846975088968,0.21040925266903915,0.3136120996441281
0.28463922089420096,0.19964586100044268,0.20495794599380257,0.3107569721115538
0.2799646174259177,0.19416187527642637,0.20919946926138877,0.31667403803626715
0.2817089452603471,0.19893190921228304,0.20738762794837562,0.3119715175789942
0.2855245683930943,0.19698981850376274,0.2058432934926959,0.3116423196104471
0.2751439964554719,0.1993797075764289,0.2108994240141781,0.31457687195392114
0.28106904231625834,0.19465478841870823,0.20489977728285078,0.31937639198218265
0.27627494456762747,0.19334811529933482,0.20620842572062084,0.32416851441241684
0.27827248441674085,0.19100623330365094,0.20970614425645592,0.3210151380231523
0.27690933452434124,0.19115676641357748,0.20634211701652524,0.32559178204555606
0.2718016821602479,0.19034971226206285,0.2067286409915892,0.33111996458610005
0.2639193336256028,0.19421306444541866,0.21262604120999562,0.3292415607189829
0.26865671641791045,0.20081411126187246,0.21076436001809137,0.3197648123021257
0.2620751341681574,0.1972271914132379,0.2146690518783542,0.32602862254025045
0.2613438045375218,0.20287958115183247,0.21291448516579406,0.3228621291448517
0.2649122807017544,0.20087719298245615,0.21052631578947367,0.3236842105263158
0.269757174392936,0.20706401766004415,0.2097130242825607,0.31346578366445915
0.2731297034085879,0.20407259849490925,0.21159805223550243,0.31119964586100046
0.2838964458095656,0.19569986836331724,0.21017990346643264,0.3102237823606845
0.28444444444444444,0.19733333333333333,0.21066666666666667,0.3075555555555556
0.2802491103202847,0.19617437722419928,0.21752669039145908,0.30604982206405695
0.28320911880754057,0.20035072336694432,0.21131082858395442,0.3051293292415607
0.28251318101933215,0.20210896309314588,0.21133567662565905,0.30404217926186294
0.2839396628216504,0.2036379769299024,0.21029281277728482,0.3021295474711624
0.2814847547503314,0.19708351745470615,0.21785240830755634,0.3035793194874061
0.28269484808454426,0.19947159841479525,0.21400264200792601,0.3038309114927345
0.28678745028722935,0.19840919133893062,0.207688908528502,0.30711444984533803
0.2843915343915344,0.1966490299823633,0.21031746031746032,0.30864197530864196
0.29305002213368747,0.1961044710048694,0.20097388224878265,0.3098716246126605
0.29730921923246584,0.19144243493603882,0.20776356418173797,0.3034847816497574
0.30335097001763667,0.19091710758377425,0.20767195767195767,0.2980599647266314
0.2982378854625551,0.19427312775330396,0.20837004405286344,0.29911894273127754
0.2977403633141338,0.19317678334071778,0.20336730172795747,0.30571555161719094
0.3000886524822695,0.19060283687943264,0.20390070921985815,0.3054078014184397
0.2988100484795064,0.19039224327897752,0.20229175848391362,0.3085059497576025
0.2975352112676056,0.18705985915492956,0.20290492957746478,0.3125
0.3007518796992481,0.18796992481203006,0.20035382574082264,0.31092436974789917
0.30171277997364954,0.18664909969257795,0.20245937637241984,0.30917874396135264
0.3043286219081272,0.1877208480565371,0.20318021201413428,0.3047703180212014
0.29982440737489024,0.1922739244951712,0.20412642669007902,0.3037752414398595
0.3037752414398595,0.1865671641791045,0.20456540825285338,0.3050921861281826
0.3015030946065429,0.1905393457117595,0.20557029177718833,0.30238726790450926
0.2982766239505082,0.1931064958020327,0.20150243040212107,0.30711444984533803
0.29295154185022027,0.1960352422907489,0.20484581497797358,0.30616740088105726
0.2865242040994331,0.19973833406018315,0.2080244221543829,0.3057130396860009
0.2855883649184663,0.20229175848391362,0.2124283825473777,0.2996914940502424
0.28445618670189343,0.2025539409951563,0.20915896081021576,0.3038309114927345
0.2786526684164479,0.20647419072615922,0.20866141732283464,0.30621172353455817
0.28156621205455346,0.19885613726352838,0.20589529256489222,0.31368235811702594
0.28819599109131405,0.20044543429844097,0.20089086859688196,0.31046770601336304
0.28533568904593637,0.20008833922261485,0.2040636042402827,0.31051236749116606
0.2830605926581159,0.20743034055727555,0.20035382574082264,0.30915524104378594
0.2827433628318584,0.20442477876106194,0.20221238938053096,0.3106194690265487
0.28236853733981443,0.20415377817057004,0.20194432169686258,0.311533362792753
0.28104286345558993,0.2001767565178966,0.19885108263367213,0.31992929739284137
0.27470093043863536,0.2051395657953035,0.20159503766061143,0.3185644661054497
0.2761780104712042,0.20331588132635253,0.20462478184991273,0.3158813263525305
0.26892252894033836,0.19991095280498664,0.21104185218165628,0.3201246660730187
0.2678890876565295,0.2003577817531306,0.20930232558139536,0.3224508050089445
0.27835051546391754,0.19856566562079786,0.2124607799193187,0.31062303899596594
0.2760600706713781,0.20097173144876326,0.21289752650176677,0.31007067137809186
0.2745792736935341,0.1975199291408326,0.2178919397697077,0.3100088573959256
0.27674624226348365,0.2002652519893899,0.20645446507515472,0.3165340406719717
0.27337173238812584,0.20159503766061143,0.21222862206468765,0.3128046078865751
0.2718832891246684,0.20335985853227231,0.21441202475685234,0.3103448275862069
0.26946902654867255,0.20575221238938052,0.21858407079646017,0.30619469026548674
0.2686300758589915,0.20214190093708165,0.2217759928603302,0.3074520303435966
0.2682384341637011,0.20373665480427047,0.22597864768683273,0.30204626334519574
0.28147163120567376,0.20168439716312056,0.22163120567375885,0.29521276595744683
0.2908208296557811,0.19858781994704325,0.2175639894086496,0.29302736098852605
0.2803904170363798,0.19831410825199644,0.22271517302573204,0.2985803016858917
0.28836797877045556,0.19548872180451127,0.2193719593100398,0.29677134011499334
0.2920509442248573,0.19060166886253843,0.2204655248133509,0.2968818620992534
0.2936753648827952,0.19327731092436976,0.22467934542237947,0.28836797877045556
0.30596026490066225,0.19602649006622516,0.22251655629139072,0.27549668874172184
0.2923076923076923,0.20087912087912088,0.22681318681318682,0.28
0.29212983548243665,0.19341929746554024,0.23076923076923078,0.28368163628279236
0.2855883649184663,0.19920669898633758,0.2357866901718819,0.2794182459233142
0.2832523199292974,0.19531595227574017,0.23862129916040653,0.2828104286345559
0.2845132743362832,0.1995575221238938,0.23539823008849559,0.28053097345132744
0.29245699161887956,0.19717688575209527,0.23378914865460962,0.27657697397441555
0.28678745028722935,0.19752540874944763,0.23729562527618206,0.278391515687141
0.292520035618878,0.19412288512911843,0.2382012466607302,0.27515583259127335
0.29634522236900046,0.1928665785997358,0.23778071334214002,0.27300748568912375
0.29222520107238603,0.193923145665773,0.23056300268096513,0.28328865058087577
0.2927689594356261,0.19135802469135801,0.22971781305114639,0.2861552028218695
0.29567519858781993,0.18887908208296558,0.2321270962047661,0.2833186231244484
0.29973474801061006,0.1865605658709107,0.22458001768346597,0.2891246684350133
0.29805137289636846,0.18423383525243578,0.22807794508414525,0.2896368467670505
0.2977303070761015,0.1882510013351135,0.22429906542056074,0.2897196261682243
0.29430097951914513,0.18165627782724844,0.23018699910952806,0.29385574354407834
0.29251101321585904,0.1828193832599119,0.23259911894273128,0.2920704845814978
0.2953229398663697,0.18797327394209354,0.2285077951002227,0.28819599109131405
0.2929112795363353,0.18903254569772626,0.23049487293802942,0.28756130182790907
0.286784140969163,0.1881057268722467,0.23171806167400882,0.2933920704845815
0.2895769733972961,0.18927169646750983,0.22764936764064544,0.29350196249454863
0.2891141472014103,0.19347730277655356,0.22961657117672984,0.28779197884530633
0.29430097951914513,0.1918967052537845,0.22350845948352627,0.2902938557435441
0.2963940193491645,0.19393139841688653,0.22119613016710643,0.2884784520668426
0.2949512843224092,0.19176262178919398,0.22586359610274578,0.28742249778565104
0.2901668129938543,0.19051799824407376,0.228270412642669,0.291044776119403
0.2916117698726394,0.1844532279314888,0.22705314009661837,0.2968818620992534
0.2898936170212766,0.1879432624113475,0.23049645390070922,0.2916666666666667
0.2914639540026537,0.18664307828394516,0.23175586023883238,0.2901371074745688
0.2891352549889135,0.18580931263858094,0.2328159645232816,0.29223946784922394
0.2924988903683977,0.17976031957390146,0.23524189968930315,0.2924988903683977
0.30044444444444446,0.17866666666666667,0.2328888888888889,0.288
0.2933392148213498,0.18041464490516101,0.23864137626819584,0.28760476400529333
0.3018037835459745,0.1803783545974483,0.23977122745270568,0.27804663440387156
0.2988505747126437,0.1816976127320955,0.23916887709991158,0.28028293545534927
0.3043091959129276,0.18391825855175478,0.23589515770768546,0.27587738782763216
0.3070447496677005,0.18254319893664156,0.23128046078865752,0.27913159060700043
0.30895390070921985,0.17819148936170212,0.2349290780141844,0.2779255319148936
0.30463286713286714,0.18312937062937062,0.23339160839160839,0.27884615384615385
0.30779334500875655,0.18432574430823118,0.22898423817863398,0.2788966725043783
0.30772626931567326,0.1858719646799117,0.22560706401766004,0.280794701986755
0.3102076889085285,0.1864781263809103,0.22536456031816174,0.27794962439239945
0.3121104185218166,0.1834372217275156,0.22974176313446126,0.2747105966162066
0.3066607063030845,0.18775145283862316,0.2293249888243183,0.27626285203397405
0.30616740088105726,0.18766519823788547,0.2286343612334802,0.2775330396475771
0.2987297415681121,0.18572054314498468,0.23302671922908455,0.28252299605781866
0.293888166449935,0.1894234937147811,0.23276983094928477,0.2839185088859991
0.29157476841640934,0.18659020732245257,0.24261138067931187,0.2792236435818262
0.2964779313419527,0.18591172536781098,0.2403031654034775,0.2773071778867588
0.28702892199824714,0.19106047326906223,0.24846625766871167,0.27344434706397897
0.2923076923076923,0.19252747252747252,0.24527472527472527,0.26989010989010986
0.2964912280701754,0.19166666666666668,0.24561403508771928,0.2662280701754386
0.29641116526362427,0.18741692512184316,0.24944616747895437,0.2667257421355782
0.2978817299205649,0.1910856134157105,0.24933804060017653,0.2616946160635481
0.2985468956406869,0.18846323205636284,0.2430647291941876,0.26992514310876264
0.295146480104941,0.19326628771316134,0.24136423261915171,0.270222999562746
0.29564452265728114,0.18873735151781787,0.2410910690717114,0.2745270567531896
0.29814487632508835,0.19037102473498232,0.24469964664310953,0.2667844522968198
0.30115146147032773,0.1913197519929141,0.24224977856510185,0.2652790079716563
0.3024390243902439,0.18625277161862527,0.24168514412416853,0.26962305986696233
0.2982917214191853,0.18791064388961892,0.2483574244415243,0.26544021024967146
0.29863255403617117,0.18482576091751213,0.24525805028672254,0.27128363475959416
0.3013698630136986,0.1794078656650464,0.2479010163499779,0.27132125497127707
0.30398230088495576,0.17831858407079645,0.24601769911504426,0.27168141592920353
0.3015803336259877,0.17603160667251974,0.2462686567164179,0.27611940298507465
0.29846153846153844,0.17450549450549452,0.24747252747252746,0.2795604395604396
0.2999116607773852,0.17623674911660778,0.247791519434629,0.2760600706713781
0.29876434245366285,0.17255075022065314,0.24669020300088262,0.2819947043248014
0.2946389011962782,0.17634027470093044,0.24634470536109881,0.2826761187416925
0.29455992923485186,0.17912428129146396,0.2476780185758514,0.2786377708978328
0.3021108179419525,0.17678100263852242,0.24934036939313983,0.2717678100263852
0.31119037004012484,0.16852429781542577,0.24520731163620152,0.27507802050824787
0.30803177405119153,0.17387466902030008,0.24271844660194175,0.27537511032656664
0.3045595396193006,0.17175741478530324,0.24701195219123506,0.27667109340416113
0.30417406749555953,0.17317939609236235,0.24511545293072823,0.2775310834813499
0.3018783542039356,0.17576028622540252,0.24731663685152058,0.2750447227191413
0.30204626334519574,0.17393238434163702,0.24955516014234874,0.2744661921708185
0.3021904336164506,0.17076441662941438,0.24899418864550737,0.27805096110862765
0.30450132391879964,0.16946160635481025,0.24536628420123566,0.28067078552515445
0.3081293706293706,0.1660839160839161,0.2491258741258741,0.27666083916083917
0.3080652269722345,0.16923754958131335,0.24327897752313796,0.2794182459233142
0.30918727915194344,0.1709363957597173,0.24028268551236748,0.2795936395759717
0.3087578194816801,0.17247542448614836,0.23771224307417338,0.2810545129579982
0.3121412803532009,0.16997792494481237,0.23090507726269316,0.2869757174392936
0.31180893409995575,0.17160548429898276,0.23175586023883238,0.2848297213622291
0.31422319474835886,0.16892778993435448,0.22844638949671772,0.2884026258205689
0.3146017699115044,0.17079646017699116,0.23141592920353982,0.2831858407079646
0.3118942731277533,0.17048458149779736,0.23171806167400882,0.28590308370044054
0.30776014109347444,0.1693121693121693,0.2345679012345679,0.28835978835978837
0.31304728546409805,0.16637478108581435,0.23161120840630472,0.28896672504378285
0.3075221238938053,0.17212389380530974,0.23407079646017698,0.28628318584070794
0.30647291941875826,0.16600616468516072,0.23557904007045355,0.2919418758256275
0.3084730803177405,0.17387466902030008,0.23300970873786409,0.2846425419240953
0.3030571555161719,0.17678334071776694,0.23305272485600353,0.2871067789100576
0.3075230972283326,0.17465904091509019,0.23669159700835898,0.28112626484821823
0.2991913746630728,0.1761006289308176,0.2376460017969452,0.28706199460916443
0.30242825607064017,0.1805739514348786,0.2392935982339956,0.27770419426048565
0.3030837004405286,0.1801762114537445,0.23700440528634362,0.27973568281938327
0.2992021276595745,0.18306737588652483,0.24113475177304963,0.2765957446808511
0.29969551979121356,0.18442801217920834,0.23705959112657676,0.27881687690300133
0.2990325417766051,0.1868953386103782,0.22955145118733508,0.28452066842568163
0.28731510533393095,0.18735992828328105,0.23307933662034963,0.29224562976243834
0.29245699161887956,0.18703131892368768,0.23202470224966917,0.28848698720776356
0.290989010989011,0.18945054945054945,0.22637362637362637,0.29318681318681317
0.28715919085312225,0.19041336851363236,0.22955145118733508,0.2928759894459103
0.28252299605781866,0.19010074463425317,0.22864651773981604,0.2987297415681121
0.29437804338202744,0.18326693227091634,0.2319610447100487,0.2903939796370075
0.28931095406360424,0.18462897526501768,0.23630742049469966,0.28975265017667845
0.2979101823032459,0.18141396176078256,0.22454424188528235,0.2961316140506892
0.30035026269702275,0.18213660245183888,0.22548161120840632,0.29203152364273205
0.30219298245614035,0.18157894736842106,0.22412280701754386,0.29210526315789476
0.3072476656291685,0.17830146731880836,0.21965317919075145,0.2947976878612717
0.3170840787119857,0.1838103756708408,0.2110912343470483,0.2880143112701252
0.3202296819787986,0.1877208480565371,0.21157243816254417,0.28047703180212014
0.3177198409191339,0.18603623508616882,0.20813079982324348,0.28811312417145385
0.3171052631578947,0.1850877192982456,0.20964912280701756,0.2881578947368421
0.3191582639193336,0.1863217886891714,0.20604997807978956,0.2884699693117054
0.31537102473498235,0.18860424028268552,0.21157243816254417,0.284452296819788
0.3148312611012433,0.18650088809946713,0.20959147424511546,0.28907637655417406
0.312035010940919,0.18555798687089717,0.2087527352297593,0.2936542669584245
0.3118421052631579,0.18859649122807018,0.20350877192982456,0.29605263157894735
0.3125,0.18444055944055945,0.20585664335664336,0.2972027972027972
0.3072502210433245,0.1892130857648099,0.20380194518125552,0.29973474801061006
0.3182616330114135,0.18437225636523266,0.20588235294117646,0.2914837576821773
0.3215547703180212,0.18153710247349825,0.2067137809187279,0.29019434628975266
0.3246924428822496,0.1726713532513181,0.2078207381370826,0.29481546572934975
0.3223508459483526,0.17586821015138024,0.20569902048085487,0.2960819234194123
0.3256433007985803,0.17657497781721385,0.2036379769299024,0.29414374445430347
0.32320071524362987,0.17657577112203846,0.20518551631649531,0.29503799731783636
0.3271604938271605,0.1763668430335097,0.1988536155202822,0.2976190476190476
0.32544897065265005,0.17696014016644765,0.19579500657030224,0.3017958826106001
0.32603938730853393,0.18074398249452955,0.19299781181619255,0.300218818380744
0.3235425011125946,0.1860258121940365,0.19581664441477525,0.2946150422785937
0.3157894736842105,0.183547103051747,0.19902697921273774,0.30163644405130474
0.3157894736842105,0.19150818222025653,0.19062361786819992,0.30207872622733306
0.31746031746031744,0.19047619047619047,0.18518518518518517,0.30687830687830686
0.3118421052631579,0.19517543859649122,0.1868421052631579,0.306140350877193
0.31711632021229547,0.1968155683325962,0.19195046439628483,0.29411764705882354
0.3200883002207506,0.19072847682119207,0.1977924944812362,0.2913907284768212
0.3160667251975417,0.19446883230904302,0.1984196663740123,0.291044776119403
0.31011826544021026,0.19185282522996058,0.20455540954883925,0.2934734997809899
0.31277533039647576,0.1907488986784141,0.2066079295154185,0.28986784140969163
0.30881057268722467,0.19251101321585903,0.20176211453744494,0.29691629955947135
0.30905861456483125,0.19493783303730017,0.205595026642984,0.29040852575488457
0.2994722955145119,0.19832893579595426,0.20712401055408972,0.29507475813544415
0.2959680992467878,0.20159503766061143,0.20646876384581303,0.2959680992467878
0.29690265486725664,0.20265486725663717,0.20398230088495575,0.29646017699115046
0.3059239610963749,0.1958443854995579,0.20203359858532272,0.29619805481874445
0.30499561787905344,0.19851007887817704,0.2037686240140228,0.2927256792287467
0.2994250331711632,0.19858469703670942,0.20698805838124723,0.2950022114108801
0.3020044543429844,0.20133630289532295,0.20757238307349665,0.289086859688196
0.30548187444739167,0.19805481874447392,0.19938107869142352,0.29708222811671087
0.30579964850615116,0.19200351493848858,0.20518453427065025,0.29701230228471004
0.3083038869257951,0.19302120141342757,0.20759717314487633,0.2910777385159011
0.30863656291100394,0.1981587023235423,0.20692678649715038,0.2862779482683034
0.30793226381461675,0.19786096256684493,0.21122994652406418,0.28297682709447414
0.3087843833185448,0.19698314108251996,0.21339840283939662,0.2808340727595386
0.30310994305738065,0.1988611476127902,0.21901007446342532,0.27901883486640383
0.3040035195776507,0.20105587329520458,0.21953365596128466,0.2754069511658601
0.30687361419068737,0.19866962305986696,0.2221729490022173,0.2722838137472284
0.31403118040089084,0.19643652561247216,0.2182628062360802,0.2712694877505568
0.3072847682119205,0.2,0.22163355408388521,0.2710816777041943
0.30816777041942606,0.1986754966887417,0.2185430463576159,0.27461368653421636
0.3072502210433245,0.19805481874447392,0.21971706454465076,0.2749778956675508
0.30303030303030304,0.19894598155467721,0.22529644268774704,0.2727272727272727
0.3113456464379947,0.1943711521547933,0.22163588390501318,0.2726473175021988
0.3129131776112825,0.1890700749228735,0.22212428382547378,0.27589246364037023
0.31046770601336304,0.18841870824053453,0.22628062360801782,0.2748329621380846
0.3108876257105378,0.19414079580236118,0.22912111937035418,0.2658504591167468
0.3100263852242744,0.19525065963060687,0.22823218997361477,0.26649076517150394
0.3165340406719717,0.1909814323607427,0.22458001768346597,0.26790450928381965
0.3154153709462461,0.19413593958240782,0.2310084406930253,0.2594402487783207
0.3151167915381225,0.19083296606434552,0.22785368003525783,0.2661965623622741
0.3171923589515771,0.18702798756108396,0.2318969346956908,0.26388271879164815
0.31244444444444447,0.19955555555555557,0.22755555555555557,0.2604444444444444
0.3214928057553957,0.19469424460431656,0.22347122302158273,0.260341726618705
0.3209986625055729,0.19349086045474811,0.22336156932679446,0.2621489077128845
0.31782265144863914,0.19183494293239683,0.22431957857769974,0.2660228270412643
0.320862676056338,0.18838028169014084,0.22931338028169015,0.261443661971831
0.3177198409191339,0.19133893062306673,0.22934158197083518,0.2615996464869642
0.3142345568487019,0.18889883616830797,0.23008057296329454,0.26678603401969564
0.31500219973603166,0.1935767707875055,0.2234931808183018,0.267927848658161
0.3108348134991119,0.19982238010657194,0.21980461811722912,0.26953818827708703
0.3095026642984014,0.20071047957371227,0.21714031971580816,0.27264653641207814
0.3141728828433524,0.19218955682316805,0.2180781044317683,0.27555945590171127
0.30465320456540823,0.1971027216856892,0.22080772607550483,0.2774363476733977
0.30498016747465845,0.2000881445570736,0.21859850154252974,0.27633318642573823
0.30786219081272087,0.1974381625441696,0.21643109540636044,0.2782685512367491
0.30776014109347444,0.19400352733686066,0.21693121693121692,0.281305114638448
0.3034452296819788,0.1956713780918728,0.2252650176678445,0.2756183745583039
0.29942247889826745,0.19013771657041315,0.22878720568636163,0.2816525988449578
0.30160857908847183,0.19168900804289543,0.22475424486148346,0.2819481680071492
0.300132802124834,0.18857901726427623,0.22709163346613545,0.28419654714475434
0.2918681318681319,0.18769230769230769,0.23824175824175825,0.2821978021978022
0.2937777777777778,0.18577777777777776,0.23955555555555555,0.2808888888888889
0.29557522123893804,0.1911504424778761,0.2411504424778761,0.2721238938053097
0.2963951935914553,0.19181130396083668,0.22919448153093014,0.2825990209167779
0.2981366459627329,0.1960958296362023,0.22626441881100265,0.2795031055900621
0.29595015576323985,0.20026702269692923,0.22429906542056074,0.2794837561192701
0.2937554969217238,0.19832893579595426,0.22427440633245382,0.2836411609498681
0.2965578111209179,0.19991173874669022,0.2228596646072374,0.28067078552515445
0.2926073483842408,0.19566179725542276,0.23151837096060204,0.28021248339973437
0.29492273730684326,0.18631346578366445,0.23178807947019867,0.2869757174392936
0.2919805050952592,0.18564466105449712,0.23792645104120513,0.28444838280903856
0.29808973789426924,0.18702798756108396,0.23589515770768546,0.27898711683696137
0.29565602836879434,0.19148936170212766,0.23315602836879432,0.2796985815602837
0.2998678996036988,0.1933069132540731,0.23205636283575518,0.2747688243064729
0.2987241531016278,0.1970963484381874,0.2309722833260009,0.2732072151341839
0.3015030946065429,0.19938107869142352,0.23342175066312998,0.2656940760389036
0.2976827094474153,0.19429590017825313,0.24019607843137256,0.267825311942959
0.29598214285714286,0.18839285714285714,0.24017857142857144,0.2754464285714286
0.2993318485523385,0.18841870824053453,0.23652561247216036,0.2757238307349666
0.29777777777777775,0.18666666666666668,0.24,0.27555555555555555
0.3018197958277852,0.18996893031513537,0.23435419440745672,0.27385707944962273
0.3043286219081272,0.18992932862190812,0.2314487632508834,0.2742932862190813
0.30310994305738065,0.19010074463425317,0.23740692071835304,0.26938239159001315
0.3037918871252205,0.19223985890652556,0.23721340388007053,0.26675485008818345
0.3027075011096316,0.2010652463382157,0.23479804704837995,0.26142920550377274
0.3016934046345811,0.19919786096256684,0.23663101604278075,0.2624777183600713
0.3026315789473684,0.19824561403508772,0.2324561403508772,0.26666666666666666
0.3047115808014091,0.20123293703214443,0.23337736679876706,0.26067811536767943
0.3009320905459387,0.20683533067021748,0.23169107856191745,0.26054150022192635
0.30378619153674835,0.20579064587973275,0.23251670378619155,0.2579064587973274
0.3033905768383972,0.20343461030383092,0.23469837076177896,0.25847644209599296
0.30786317192358953,0.20613060861839183,0.22656597067969791,0.2594402487783207
0.30618602581219406,0.20338228749443701,0.2336448598130841,0.2567868268802848
0.3050397877984085,0.20203359858532272,0.23297966401414677,0.259946949602122
0.30450289790459206,0.19884083816317433,0.23673651359786002,0.2599197503343736
0.3091231178033658,0.19574844995571303,0.24047829937998227,0.2546501328609389
0.3143989431968296,0.19462791721708497,0.23866138265081463,0.2523117569352708
0.3116423196104471,0.19787516600265603,0.23860115095174855,0.2518813634351483
0.3104359313077939,0.20343461030383092,0.23513870541611626,0.2509907529722589
0.30881057268722467,0.19691629955947137,0.23259911894273128,0.2616740088105727
0.31086474501108646,0.19334811529933482,0.23503325942350334,0.2607538802660754
0.3038086802480071,0.19397697077059345,0.23693534100974314,0.2652790079716563
0.3109836788707543,0.20026466696074108,0.23070136744596384,0.2580502867225408
0.3158590308370044,0.20088105726872246,0.22466960352422907,0.25859030837004404
0.31604609929078015,0.19946808510638298,0.22606382978723405,0.25842198581560283
0.3146017699115044,0.20221238938053096,0.2234513274336283,0.2597345132743363
0.31505046072838966,0.19745502413339183,0.22290478279947346,0.26458973233874505
0.316043956043956,0.19824175824175824,0.22197802197802197,0.26373626373626374
0.3126921387790953,0.1985068072024594,0.2261747913921827,0.26262626262626265
0.31032967032967035,0.1991208791208791,0.22637362637362637,0.2641758241758242
0.3146915224145584,0.19573901464713714,0.2237017310252996,0.2658677319130049
0.31131660061646854,0.20299427564949363,0.22060766182298547,0.2650814619110524
0.31115028646981047,0.20625826355222565,0.21947994711326577,0.2631115028646981
0.3112290008841733,0.20601237842617154,0.21529619805481875,0.26746242263483644
0.30803373280071017,0.20328450954283178,0.22237017310252996,0.2663115845539281
0.3069087688219663,0.20637732506643047,0.22187776793622674,0.26483613817537643
0.3148392778511669,0.19771025979744605,0.2144429766622633,0.27300748568912375
0.31219726992514313,0.20343461030383092,0.2144429766622633,0.26992514310876264
0.3110426748790145,0.20589529256489222,0.21381434227892654,0.2692476902771667
0.30602302922940655,0.20814880425155005,0.21479185119574845,0.271036315323295
0.3009623797025372,0.2121609798775153,0.2152230971128609,0.27165354330708663
0.3050772626931567,0.20838852097130242,0.22119205298013245,0.2653421633554084
0.30148992112182293,0.21297107800175286,0.21691498685363717,0.268624014022787
0.30485091232754785,0.2091677792612372,0.21806853582554517,0.26791277258566976
0.3018867924528302,0.2180781044317683,0.21588415971917507,0.2641509433962264
0.30762371823450735,0.21310744538564422,0.20820329915292018,0.2710655372269282
0.30627468187801665,0.21061869240895129,0.20754716981132076,0.27555945590171127
0.3145125716806352,0.20247022496691663,0.20335244816938686,0.27966475518306133
0.3101153504880213,0.21206743566992015,0.2054125998225377,0.2724046140195209
0.30844881537773805,0.21054984354045597,0.2096557890031292,0.2713455520786768
0.31616028181417877,0.2025539409951563,0.2069572875385293,0.27432848965213563
0.31455190771960956,0.20452528837622005,0.20629991126885536,0.274622892635315
0.3165562913907285,0.20838852097130242,0.2044150110375276,0.2706401766004415
0.32074633496223903,0.19991115059973344,0.2047978676143936,0.27454464682363394
0.31569664902998235,0.2019400352733686,0.20502645502645503,0.27733686067019403
0.3158129175946548,0.2044543429844098,0.2026726057906459,0.27706013363028953
0.3257042253521127,0.20246478873239437,0.20158450704225353,0.27024647887323944
0.32450331125827814,0.19955849889624724,0.20573951434878587,0.27019867549668874
0.3287488908606921,0.20319432120674358,0.20008873114463177,0.26796805678793256
0.33023049645390073,0.20212765957446807,0.20301418439716312,0.2646276595744681
0.32653946227233305,0.20121422376409367,0.20511708586296618,0.26712922810060713
0.32332155477031804,0.20141342756183744,0.20362190812720848,0.27164310954063603
0.3184457347029924,0.19964269763287182,0.2005359535506923,0.28137561411344353
0.3223508459483526,0.19902048085485308,0.19902048085485308,0.27960819234194123
0.3251888049755664,0.197245668591737,0.19680142159040426,0.2807641048422923
0.32316534040671974,0.19672855879752432,0.19938107869142352,0.2807250221043324
0.3160919540229885,0.20159151193633953,0.20247568523430592,0.27984084880636606
0.31374281926646047,0.2010605391073796,0.20592134334953602,0.27927529827662395
0.312417145382236,0.20194432169686258,0.20061864781263808,0.28501988510826337
0.3167181296868108,0.19982355535950597,0.20423467137185708,0.2792236435818262
0.31051236749116606,0.1974381625441696,0.2067137809187279,0.28533568904593637
0.30040053404539385,0.20338228749443701,0.2060525144637294,0.2901646639964397
0.2962962962962963,0.20855379188712522,0.20326278659611993,0.29188712522045857
0.29805137289636846,0.21036315323294952,0.20062001771479185,0.29096545615589015
0.29741763134461263,0.21504897595725736,0.19679430097951914,0.29073909171861084
0.29526339088092074,0.21204072598494908,0.199203187250996,0.29349269588313415
0.2976929902395741,0.209849157054126,0.1960958296362023,0.2963620230700976
0.2961316140506892,0.2120942641173855,0.2040907069808804,0.2876834148510449
0.2924028268551237,0.2124558303886926,0.2040636042402827,0.2910777385159011
0.2899122807017544,0.2131578947368421,0.20964912280701756,0.28728070175438597
0.29526339088092074,0.21159805223550243,0.20717131474103587,0.28596724214254093
0.2982689747003995,0.21127385707944962,0.21216156236129605,0.2782956058588549
0.29267202859696156,0.21358355674709562,0.21537086684539766,0.27837354781054513
0.29388297872340424,0.21409574468085107,0.2127659574468085,0.27925531914893614
0.2932735426008969,0.21524663677130046,0.21255605381165918,0.2789237668161435
0.29271523178807946,0.21589403973509932,0.20794701986754968,0.28344370860927154
0.2911279536335265,0.2113241194828355,0.2113241194828355,0.2862238074008025
0.2793271359008411,0.21248339973439576,0.217352810978309,0.2908366533864542
0.2809587217043941,0.20949844651575678,0.21881935197514424,0.29072347980470487
0.28213028169014087,0.20862676056338028,0.22007042253521128,0.2891725352112676
0.2864056313242411,0.20413550373955125,0.21997360316761988,0.28948526176858774
0.28291814946619215,0.20373665480427047,0.2237544483985765,0.28959074733096085
0.28431808085295424,0.2016881386050644,0.2199022656597068,0.29409151488227453
0.28272484416740873,0.20302760463045413,0.22128227960819233,0.2929652715939448
0.277851166886834,0.2069572875385293,0.22501100836635843,0.2901805372082783
0.2833260008798944,0.2023757149142103,0.21997360316761988,0.2943246810382754
0.28596724214254093,0.20318725099601595,0.2213368747233289,0.28950863213811423
0.2828282828282828,0.20377689942907334,0.22397891963109354,0.2894158981115503
0.2819030680302357,0.200533570475767,0.22676745220097821,0.29079590929301913
0.28185840707964605,0.19911504424778761,0.22787610619469026,0.2911504424778761
0.2747589833479404,0.20245398773006135,0.23707274320771254,0.2857142857142857
0.28314310798946446,0.20017559262510976,0.2317822651448639,0.2848990342405619
0.281983178397521,0.19787516600265603,0.23904382470119523,0.2810978308986277
