C,D,Oc,Od
1.0,0.0,0.0,0.0
1.0,0.0,0.0,0.0
0.8571428571428571,0.0,0.14285714285714285,0.0
0.7777777777777778,0.0,0.14814814814814814,0.07407407407407407
0.7142857142857143,0.0,0.20408163265306123,0.08163265306122448
0.6785714285714286,0.0,0.23809523809523808,0.08333333333333333
0.6384615384615384,0.0,0.25384615384615383,0.1076923076923077
0.6030927835051546,0.005154639175257732,0.28350515463917525,0.10824742268041238
0.555956678700361,0.018050541516245487,0.3176895306859206,0.10830324909747292
0.5483028720626631,0.02610966057441253,0.3263707571801567,0.09921671018276762
0.5268389662027833,0.033797216699801194,0.3399602385685885,0.09940357852882704
0.5038520801232665,0.04776579352850539,0.34668721109399075,0.1016949152542373
0.493167701863354,0.05962732919254658,0.3453416149068323,0.10186335403726708
0.4806122448979592,0.07142857142857142,0.34285714285714286,0.10510204081632653
0.46615905245346867,0.08206429780033841,0.34348561759729274,0.10829103214890017
0.4515895953757225,0.08670520231213873,0.34898843930635837,0.11271676300578035
0.4370695053224796,0.09079524107701942,0.3544145272385723,0.11772072636192861
0.4235294117647059,0.09131652661064425,0.36582633053221286,0.11932773109243698
0.4128205128205128,0.09282051282051282,0.3758974358974359,0.11846153846153847
0.40249161475802586,0.09678965021562051,0.3828461907043603,0.11787254432199329
0.39645776566757496,0.10036330608537693,0.3860127157129882,0.11716621253405994
0.39281017097764137,0.10697062691801841,0.3849188952213941,0.11530030688294608
0.3891017454235845,0.11323967645806726,0.38058748403575987,0.11707109408258834
0.38589211618257263,0.11950207468879669,0.3775933609958506,0.11701244813278008
0.38232899022801303,0.1237785016286645,0.3754071661237785,0.11848534201954397
0.3834071687474829,0.12645992750704793,0.37333870318163515,0.11679420056383408
0.38236472945891786,0.12865731462925853,0.37074148296593185,0.11823647294589178
0.3792,0.1292,0.3716,0.12
0.377502001601281,0.13050440352281825,0.37149719775820655,0.12049639711769415
0.3748,0.132,0.3696,0.1236
0.37469975980784626,0.13370696557245795,0.366293034427542,0.12530024019215372
0.3728,0.1356,0.3648,0.1268
0.3748,0.1348,0.3628,0.1276
0.3752,0.1364,0.3604,0.128
0.37254901960784315,0.1368547418967587,0.36134453781512604,0.1292517006802721
0.3718975180144115,0.13690952762209768,0.3578863090472378,0.133306645316253
0.3732,0.1368,0.3548,0.1352
0.3712,0.138,0.3536,0.1372
0.3684,0.1416,0.3528,0.1372
0.36764116940328395,0.14297156587905488,0.3528233880656788,0.13656387665198239
0.3684,0.1424,0.3508,0.1384
0.3676,0.1436,0.35,0.1388
0.3681472589035614,0.1448579431772709,0.34813925570228094,0.13885554221688676
0.3673469387755102,0.1444577831132453,0.34933973589435774,0.13885554221688676
0.36494597839135656,0.1452581032412965,0.3473389355742297,0.14245698279311725
0.364,0.1472,0.3456,0.1432
0.3641456582633053,0.14765906362545017,0.3445378151260504,0.14365746298519408
0.362,0.15,0.3428,0.1452
0.3616,0.152,0.3396,0.1468
0.3592,0.1532,0.338,0.1496
0.3581432573029212,0.15446178471388555,0.33613445378151263,0.15126050420168066
0.3565426170468187,0.15486194477791115,0.3353341336534614,0.15326130452180872
0.3574859887910328,0.15492393915132105,0.33506805444355486,0.15252201761409126
0.3585434173669468,0.1564625850340136,0.33373349339735897,0.15126050420168066
0.3556,0.1588,0.3336,0.152
0.3572286744092911,0.15979175010012014,0.3315979175010012,0.1513816579895875
0.3548,0.1616,0.3312,0.1524
0.3548,0.1628,0.3288,0.1536
0.35494197679071626,0.1636654661864746,0.3273309323729492,0.15406162464985995
0.3513405362144858,0.16566626650660263,0.3269307723089236,0.15606242496998798
0.3496,0.1668,0.3264,0.1572
0.3468,0.1676,0.3264,0.1592
0.348,0.1668,0.326,0.1592
0.3476,0.1668,0.324,0.1616
0.3448,0.168,0.3244,0.1628
0.3448,0.1696,0.3244,0.1612
0.3424,0.17,0.3244,0.1632
0.3384,0.1712,0.3272,0.1632
0.33693477390956383,0.17126850740296118,0.3273309323729492,0.1644657863145258
0.3352,0.1744,0.3244,0.166
0.33413365346138457,0.17446978791516607,0.32533013205282113,0.16606642657062826
0.332,0.176,0.326,0.166
0.3316,0.1756,0.326,0.1668
0.33,0.1772,0.3252,0.1676
0.33093237294917965,0.1760704281712685,0.32332933173269307,0.16966786714685875
0.33,0.1748,0.3236,0.1716
0.32933173269307725,0.1760704281712685,0.32212885154061627,0.172468987595038
0.3284,0.1772,0.322,0.1724
0.3281312525010004,0.17807122849139656,0.3205282112845138,0.17326930772308924
0.3284,0.1772,0.3192,0.1752
0.32906325060048036,0.17934347477982385,0.3174539631705364,0.17413931144915934
0.3284,0.18,0.3152,0.1764
0.3272,0.1784,0.3144,0.18
0.3264,0.18,0.3136,0.18
0.3244,0.182,0.3124,0.1812
0.3204,0.1816,0.3132,0.1848
0.3192,0.1816,0.3116,0.1876
0.316,0.1844,0.3108,0.1888
0.318,0.1852,0.3084,0.1884
0.3157262905162065,0.1872749099639856,0.30732292917166865,0.18967587034813926
0.3176,0.186,0.306,0.1904
0.318,0.1884,0.3036,0.19
0.31892757102841135,0.18847539015606243,0.3021208483393357,0.19047619047619047
0.3197278911564626,0.18927571028411364,0.3013205282112845,0.18967587034813926
0.316,0.1936,0.3012,0.1892
0.31452581032412963,0.19447779111644659,0.3013205282112845,0.18967587034813926
0.3142514011208967,0.19615692554043235,0.2986389111289031,0.1909527622097678
0.3116,0.2,0.2972,0.1912
0.31212484993997597,0.19887955182072828,0.29571828731492594,0.19327731092436976
0.31052420968387356,0.1992797118847539,0.29811924769907966,0.19207683073229292
0.31132452981192477,0.1992797118847539,0.2961184473789516,0.19327731092436976
0.3096,0.1996,0.2968,0.194
0.3112,0.1988,0.2948,0.1952
0.3092,0.2,0.2956,0.1952
0.3116,0.2008,0.2932,0.1944
0.3125250100040016,0.20048019207683074,0.2917166866746699,0.1952781112444978
0.3112,0.2024,0.2904,0.196
0.31132452981192477,0.20328131252501,0.290516206482593,0.1948779511804722
0.31184947958366693,0.20456365092073658,0.2898318654923939,0.19375500400320256
0.3116,0.204,0.2912,0.1932
0.31,0.2056,0.2908,0.1936
0.3084,0.2064,0.2912,0.194
0.3084,0.2084,0.2876,0.1956
0.3068,0.2088,0.2888,0.1956
0.304,0.21,0.2888,0.1972
0.3012,0.2124,0.2888,0.1976
0.2988,0.2136,0.2884,0.1992
0.2992,0.2144,0.288,0.1984
0.2988,0.2148,0.2876,0.1988
0.2972,0.2176,0.2856,0.1996
0.2973189275710284,0.21728691476590636,0.28811524609843936,0.19727891156462585
0.297719087635054,0.2148859543817527,0.28731492597038816,0.2000800320128051
0.2988,0.216,0.2856,0.1996
0.2973189275710284,0.21648659463785513,0.2853141256502601,0.20088035214085634
0.2968,0.216,0.2852,0.202
0.2964,0.2172,0.2856,0.2008
0.29811924769907966,0.21648659463785513,0.28291316526610644,0.20248099239695877
0.2984,0.2176,0.2828,0.2012
0.298,0.2168,0.2828,0.2024
0.2964,0.218,0.2824,0.2032
0.2964,0.218,0.2796,0.206
0.2964,0.218,0.2796,0.206
0.2969187675070028,0.21648659463785513,0.2797118847539016,0.2068827531012405
0.2965186074429772,0.21568627450980393,0.28211284513805523,0.20568227290916366
0.2936,0.218,0.2808,0.2076
0.2928,0.2176,0.2804,0.2092
0.2909163665466186,0.21608643457382953,0.28331332533013204,0.20968387354941978
0.2888,0.2168,0.2836,0.2108
0.288,0.2168,0.282,0.2132
0.2888,0.2168,0.2804,0.214
0.2878302642113691,0.2165732586068855,0.2814251401120897,0.21417133706965572
0.2868,0.2164,0.2816,0.2152
0.2868,0.2172,0.2816,0.2144
0.2876,0.2172,0.28,0.2152
0.2872,0.218,0.2784,0.2164
0.28691476590636256,0.2180872348939576,0.2789115646258503,0.21608643457382953
0.286,0.2192,0.2792,0.2156
0.284,0.2192,0.2812,0.2156
0.28331332533013204,0.22128851540616246,0.28171268507402963,0.21368547418967587
0.2828,0.2212,0.282,0.214
0.2808,0.2244,0.282,0.2128
0.2832,0.2248,0.2792,0.2128
0.2824,0.2252,0.2792,0.2132
0.2816,0.2252,0.2792,0.214
0.2812,0.2252,0.2796,0.214
0.2832,0.2236,0.2784,0.2148
0.282,0.224,0.2804,0.2136
0.2816,0.2236,0.2792,0.2156
0.28171268507402963,0.22048819527811125,0.2789115646258503,0.2188875550220088
0.2808,0.222,0.2792,0.218
0.282,0.2228,0.2776,0.2176
0.2796,0.2232,0.2788,0.2184
0.28102481985588473,0.22257806244995998,0.27942353883106485,0.21697357886309046
0.2792,0.222,0.2796,0.2192
0.2788,0.2212,0.2808,0.2192
0.28,0.2216,0.2784,0.22
0.2799359231077293,0.22306768121746096,0.276331597917501,0.22066479775730877
0.2792,0.2252,0.2744,0.2212
0.2792,0.2252,0.2736,0.222
0.2796,0.2252,0.2712,0.224
0.28,0.2268,0.2708,0.2224
0.2796,0.2272,0.2704,0.2228
0.2784,0.2288,0.27,0.2228
0.2784,0.2276,0.2696,0.2244
0.2808,0.226,0.2688,0.2244
0.2808,0.2256,0.268,0.2256
0.2808,0.2264,0.2676,0.2252
0.2808,0.2256,0.266,0.2276
0.284,0.2252,0.2636,0.2272
0.2852,0.226,0.2632,0.2256
0.2852,0.2256,0.2636,0.2256
0.2864,0.224,0.2612,0.2284
0.2864,0.222,0.2636,0.228
0.2856,0.2232,0.2624,0.2288
0.2848,0.2244,0.262,0.2288
0.2841136454581833,0.22488995598239295,0.26250500200080035,0.22849139655862344
0.2852,0.2236,0.2616,0.2296
0.288,0.2228,0.2608,0.2284
0.28731492597038816,0.2224889955982393,0.26250500200080035,0.22769107643057224
0.284,0.2256,0.2608,0.2296
0.2848,0.2216,0.2624,0.2312
0.2848,0.2236,0.2628,0.2288
0.2848,0.2248,0.26,0.2304
0.2849139655862345,0.22569027611044418,0.2605042016806723,0.22889155662264907
0.2856,0.2276,0.2592,0.2276
0.2856,0.2284,0.2584,0.2276
0.2872,0.2276,0.2584,0.2268
0.28731492597038816,0.22809123649459784,0.25730292116846737,0.2272909163665466
0.28691476590636256,0.2272909163665466,0.25650260104041617,0.22929171668667467
0.28651460584233696,0.22929171668667467,0.2549019607843137,0.22929171668667467
0.2856,0.2288,0.2544,0.2312
0.28691476590636256,0.22609043617446978,0.2553021208483393,0.23169267707082833
0.28691476590636256,0.22769107643057224,0.2541016406562625,0.23129251700680273
0.286,0.2264,0.256,0.2316
0.2852,0.2272,0.256,0.2316
0.2857142857142857,0.22609043617446978,0.2585034013605442,0.22969187675070027
0.2848,0.2284,0.258,0.2288
0.2836,0.2284,0.2588,0.2292
0.28371348539415764,0.22889155662264907,0.2581032412965186,0.22929171668667467
0.2853141256502601,0.226890756302521,0.25730292116846737,0.2304921968787515
0.28651460584233696,0.22569027611044418,0.25690276110444177,0.2308923569427771
0.284,0.2272,0.2572,0.2316
0.2816,0.2272,0.258,0.2332
0.2805122048819528,0.22769107643057224,0.2585034013605442,0.23329331732693076
0.2808,0.2276,0.2584,0.2332
0.2824,0.228,0.2592,0.2304
0.2832,0.2252,0.2608,0.2308
0.28251300520208084,0.22488995598239295,0.2621048419367747,0.2304921968787515
0.281312525010004,0.22569027611044418,0.2621048419367747,0.2308923569427771
0.2832,0.2248,0.2628,0.2292
0.2796,0.2268,0.2652,0.2284
0.2796,0.226,0.266,0.2284
0.2805122048819528,0.2264905962384954,0.26370548219287715,0.22929171668667467
0.28022417934347477,0.22578062449959968,0.2642113690952762,0.22978382706164932
0.2784,0.226,0.2636,0.232
0.278,0.2268,0.2632,0.232
0.2789115646258503,0.22849139655862344,0.2617046818727491,0.2308923569427771
0.2788,0.2276,0.2624,0.2312
0.2772,0.2288,0.2624,0.2316
0.276,0.2296,0.2624,0.232
0.27611044417767105,0.22969187675070027,0.26450580232092835,0.22969187675070027
0.2768,0.2288,0.2644,0.23
0.276,0.2288,0.2652,0.23
0.2756,0.2292,0.2672,0.228
0.2768,0.23,0.2656,0.2276
0.27611044417767105,0.23169267707082833,0.2653061224489796,0.226890756302521
0.27490996398559425,0.23249299719887956,0.2657062825130052,0.226890756302521
0.276,0.2316,0.266,0.2264
0.2748,0.2312,0.2656,0.2284
0.2732,0.2308,0.2676,0.2284
0.2716,0.2328,0.2668,0.2288
0.27,0.2344,0.264,0.2316
0.27,0.2348,0.2648,0.2304
0.2708,0.2344,0.2632,0.2316
0.2704,0.2336,0.2632,0.2328
0.2688,0.2336,0.262,0.2356
0.26810724289715887,0.23249299719887956,0.26370548219287715,0.23569427771108442
0.2704,0.2324,0.2636,0.2336
0.266906762705082,0.2304921968787515,0.2661064425770308,0.23649459783913565
0.2688,0.2296,0.2664,0.2352
0.27010804321728693,0.22889155662264907,0.2653061224489796,0.23569427771108442
0.27050820328131253,0.22769107643057224,0.264905962384954,0.23689475790316125
0.2696,0.2292,0.2636,0.2376
0.2684,0.23,0.2648,0.2368
0.2676,0.2312,0.2644,0.2368
0.26850740296118447,0.2308923569427771,0.26370548219287715,0.23689475790316125
0.2688,0.2312,0.2652,0.2348
0.2672,0.2316,0.2648,0.2364
0.2664,0.2336,0.2652,0.2348
0.266,0.234,0.266,0.234
0.2648,0.2344,0.2668,0.234
0.2672,0.2344,0.2668,0.2316
0.2676,0.2348,0.2656,0.232
0.2665066026410564,0.23569427771108442,0.2665066026410564,0.23129251700680273
0.268,0.2352,0.2652,0.2316
0.266,0.234,0.2664,0.2336
0.2668,0.234,0.2652,0.234
0.26770708283313327,0.2336934773909564,0.2661064425770308,0.23249299719887956
0.2688,0.2332,0.2644,0.2336
0.2689075630252101,0.23329331732693076,0.26410564225690275,0.2336934773909564
0.26810724289715887,0.23529411764705882,0.26330532212885155,0.23329331732693076
0.2696,0.2364,0.2616,0.2324
0.27,0.2336,0.2624,0.234
0.2684,0.2348,0.2616,0.2352
0.2689075630252101,0.2344937975190076,0.2601040416166467,0.23649459783913565
0.2689075630252101,0.23489395758303322,0.2601040416166467,0.23609443777511005
0.2695234281137365,0.23668402082499,0.2599118942731278,0.23388065678814576
0.2696,0.2376,0.26,0.2328
0.27,0.2352,0.2604,0.2344
0.2684,0.2364,0.2616,0.2336
0.2672,0.2384,0.2612,0.2332
0.2665066026410564,0.2384953981592637,0.2617046818727491,0.23329331732693076
0.266906762705082,0.23649459783913565,0.2609043617446979,0.23569427771108442
0.2676,0.2352,0.2596,0.2376
0.2664,0.2376,0.2596,0.2364
0.2668,0.2368,0.2612,0.2352
0.26810724289715887,0.23529411764705882,0.2613045218087235,0.23529411764705882
0.2676,0.236,0.2612,0.2352
0.2664,0.2364,0.2616,0.2356
0.2652,0.2384,0.2624,0.234
0.26330532212885155,0.24009603841536614,0.26290516206482595,0.2336934773909564
0.2632,0.2396,0.2628,0.2344
0.2636,0.2388,0.2636,0.234
0.262,0.2372,0.2652,0.2356
0.26290516206482595,0.2388955582232893,0.26250500200080035,0.23569427771108442
0.2624,0.2392,0.2616,0.2368
0.2628,0.2384,0.2628,0.236
0.2628,0.2416,0.2592,0.2364
0.2604,0.2428,0.2592,0.2376
0.2604,0.2416,0.2596,0.2384
0.262,0.2404,0.2592,0.2384
0.26410564225690275,0.2384953981592637,0.25890356142456983,0.2384953981592637
0.26410564225690275,0.23529411764705882,0.2609043617446979,0.23969587835134054
0.2636,0.2348,0.2596,0.242
0.2624,0.2388,0.2588,0.24
0.2616,0.2392,0.2592,0.24
0.2644,0.2376,0.2592,0.2388
0.2624,0.2364,0.262,0.2392
0.2605042016806723,0.23649459783913565,0.2617046818727491,0.24129651860744297
0.2596,0.2364,0.2628,0.2412
0.2596,0.2368,0.2632,0.2404
0.26,0.2368,0.2644,0.2388
0.258,0.2356,0.2672,0.2392
0.2552,0.2364,0.2688,0.2396
0.2552,0.238,0.2672,0.2396
0.25710853023628355,0.2382859431317581,0.2675210252302763,0.23708450140168202
0.2584,0.2376,0.2656,0.2384
0.2564,0.2388,0.2676,0.2372
0.2552,0.2388,0.2672,0.2388
0.2552,0.2388,0.2664,0.2396
0.2532,0.2388,0.266,0.242
0.2512,0.2396,0.2664,0.2428
0.2501000400160064,0.2388955582232893,0.2657062825130052,0.2452981192476991
0.2508,0.2392,0.2644,0.2456
0.25,0.2392,0.264,0.2468
0.25,0.2388,0.2636,0.2476
0.2492,0.2376,0.262,0.2512
0.2532,0.2364,0.26,0.2504
0.2504,0.2392,0.26,0.2504
0.2488,0.24,0.2608,0.2504
0.2484,0.242,0.2616,0.248
0.2484,0.24,0.2616,0.25
0.2484,0.2396,0.2612,0.2508
0.24849939975990396,0.24009603841536614,0.25930372148859543,0.25210084033613445
0.248,0.24,0.2588,0.2532
0.24769907963185275,0.24009603841536614,0.25970388155262103,0.25250100040016005
0.24809923969587835,0.23809523809523808,0.2609043617446979,0.25290116046418565
0.248,0.24,0.2592,0.2528
0.2492,0.2384,0.2596,0.2528
0.2484,0.2388,0.2612,0.2516
0.2488,0.2388,0.2608,0.2516
0.2492,0.2388,0.2616,0.2504
0.2488,0.2376,0.2632,0.2504
0.2501000400160064,0.23569427771108442,0.26450580232092835,0.24969987995198079
0.2516,0.234,0.2644,0.25
0.2508,0.2344,0.2656,0.2492
0.2488,0.2368,0.2652,0.2492
0.2492,0.236,0.266,0.2488
0.24699759807846278,0.23738991192954365,0.26701361088871095,0.24859887910328263
0.2468,0.2364,0.2656,0.2512
0.2452,0.2364,0.2668,0.2516
0.2476,0.2344,0.266,0.252
0.2464,0.2352,0.2664,0.252
0.248,0.2364,0.2656,0.25
0.2484,0.2356,0.2672,0.2488
0.2464,0.2388,0.2672,0.2476
0.2464,0.2396,0.2692,0.2448
0.24489795918367346,0.2392957182873149,0.26970788315326133,0.2460984393757503
0.2468,0.2396,0.2696,0.244
0.24849939975990396,0.23649459783913565,0.27050820328131253,0.24449779911964786
0.2464,0.2384,0.2712,0.244
0.2477982385908727,0.23819055244195356,0.27261809447558044,0.24139311449159329
0.2484,0.24,0.2724,0.2392
0.248,0.2392,0.2724,0.2404
0.25,0.238,0.2712,0.2408
0.2484,0.2388,0.2716,0.2412
0.2488,0.2396,0.2716,0.24
0.2476,0.2388,0.2712,0.2424
0.248,0.2388,0.2716,0.2416
0.2484,0.2392,0.2712,0.2412
0.24969987995198079,0.2392957182873149,0.27090836334533813,0.24009603841536614
0.25,0.2388,0.272,0.2392
0.250500200080032,0.24049619847939174,0.2689075630252101,0.24009603841536614
0.2492,0.2416,0.2672,0.242
0.24929971988795518,0.2420968387354942,0.2665066026410564,0.2420968387354942
0.2492,0.244,0.2648,0.242
0.2514011208967174,0.24299439551641314,0.26621297037630104,0.23939151321056845
0.250500200080032,0.2424969987995198,0.2693077230892357,0.23769507803121248
0.250500200080032,0.24409763905562226,0.26770708283313327,0.23769507803121248
0.248,0.2448,0.2688,0.2384
0.2512,0.2436,0.268,0.2372
0.2501000400160064,0.24449779911964786,0.266906762705082,0.2384953981592637
0.2501000400160064,0.24449779911964786,0.26730692276910767,0.23809523809523808
0.2508,0.244,0.2656,0.2396
0.252,0.2448,0.2648,0.2384
0.25090036014405764,0.2420968387354942,0.26810724289715887,0.2388955582232893
0.2496,0.2432,0.2688,0.2384
0.2516,0.2428,0.2668,0.2388
0.2524,0.242,0.2644,0.2412
0.2532,0.2424,0.2632,0.2412
0.252,0.242,0.264,0.242
0.2488,0.2424,0.266,0.2428
0.2476,0.2424,0.2672,0.2428
0.2444,0.2408,0.268,0.2468
0.2436,0.2404,0.2696,0.2464
0.2444,0.2404,0.2684,0.2468
0.2456,0.24,0.27,0.2444
0.2444,0.2416,0.27,0.244
0.2428,0.2416,0.2708,0.2448
0.24329731892757103,0.2420968387354942,0.26970788315326133,0.24489795918367346
0.24409763905562226,0.24369747899159663,0.2693077230892357,0.24289715886354543
0.2452981192476991,0.24449779911964786,0.26850740296118447,0.2416966786714686
0.246,0.2432,0.2684,0.2424
0.2452,0.244,0.268,0.2428
0.24649859943977592,0.2460984393757503,0.266906762705082,0.24049619847939174
0.2456982793117247,0.2460984393757503,0.26770708283313327,0.24049619847939174
0.2456,0.246,0.2672,0.2412
0.2456,0.2464,0.2656,0.2424
0.2452981192476991,0.24769907963185275,0.26250500200080035,0.24449779911964786
0.2452,0.2476,0.2636,0.2436
0.2448,0.2484,0.2656,0.2412
0.2444,0.25,0.2652,0.2404
0.2452,0.2496,0.2668,0.2384
0.2448,0.2484,0.2664,0.2404
0.2452,0.2476,0.2664,0.2408
0.2452981192476991,0.24809923969587835,0.2661064425770308,0.24049619847939174
0.2452,0.2496,0.2652,0.24
0.2464,0.2492,0.2664,0.238
0.2464,0.2492,0.2664,0.238
0.2456,0.2492,0.2672,0.238
0.2468,0.25,0.2668,0.2364
0.2468,0.2488,0.2672,0.2372
0.24809923969587835,0.24769907963185275,0.26810724289715887,0.23609443777511005
0.2476,0.2488,0.268,0.2356
0.2464,0.2492,0.2676,0.2368
0.2452,0.2496,0.2676,0.2376
0.2452,0.25,0.2676,0.2372
0.24409763905562226,0.250500200080032,0.2689075630252101,0.23649459783913565
0.2456,0.2496,0.266,0.2388
0.2452,0.2496,0.2656,0.2396
0.2456,0.2476,0.2672,0.2396
0.2444,0.2468,0.2668,0.242
0.244,0.2452,0.2664,0.2444
0.248,0.2452,0.264,0.2428
0.24689875950380152,0.2460984393757503,0.26330532212885155,0.24369747899159663
0.2464,0.2476,0.2628,0.2432
0.246,0.2472,0.264,0.2428
0.2452,0.2488,0.264,0.242
0.24449779911964786,0.2501000400160064,0.26290516206482595,0.2424969987995198
0.2444,0.25,0.2636,0.242
0.2452,0.2472,0.2644,0.2432
0.2464,0.2456,0.266,0.242
0.2460984393757503,0.2456982793117247,0.2661064425770308,0.2420968387354942
0.2472,0.2464,0.2664,0.24
0.2468,0.244,0.2688,0.2404
0.2464,0.246,0.2676,0.24
0.244,0.246,0.2672,0.2428
0.2432,0.2472,0.2672,0.2424
0.24329731892757103,0.24889955982392958,0.2657062825130052,0.2420968387354942
0.2436,0.2476,0.2648,0.244
0.244,0.2472,0.2648,0.244
0.2444,0.2484,0.2632,0.244
0.2444,0.2456,0.2648,0.2452
0.24489795918367346,0.24369747899159663,0.26410564225690275,0.24729891956782712
0.2444,0.2444,0.2636,0.2476
0.24409763905562226,0.24449779911964786,0.26330532212885155,0.24809923969587835
0.2452,0.244,0.2624,0.2484
0.2448,0.2444,0.264,0.2468
0.2428,0.2456,0.2644,0.2472
0.2432,0.2464,0.2628,0.2476
0.2412,0.246,0.2628,0.25
0.24009603841536614,0.24689875950380152,0.26250500200080035,0.250500200080032
0.24129651860744297,0.24769907963185275,0.26290516206482595,0.24809923969587835
0.2404,0.2472,0.2632,0.2492
0.2408,0.2472,0.2616,0.2504
0.2416,0.2464,0.2624,0.2496
0.24,0.2464,0.2644,0.2492
0.2372,0.2468,0.2664,0.2496
0.23769507803121248,0.24689875950380152,0.2657062825130052,0.24969987995198079
0.2396,0.2444,0.2648,0.2512
0.2384,0.2452,0.264,0.2524
0.2388,0.2476,0.2636,0.25
0.24,0.2472,0.262,0.2508
0.2404,0.2448,0.2616,0.2532
0.23809523809523808,0.2452981192476991,0.26250500200080035,0.2541016406562625
0.238,0.2456,0.2608,0.2556
0.238,0.2444,0.2596,0.258
0.2372,0.2456,0.2584,0.2588
0.2384,0.246,0.2576,0.258
0.2396,0.2472,0.2552,0.258
0.2392,0.2476,0.2532,0.26
0.24,0.246,0.2544,0.2596
0.2392957182873149,0.2460984393757503,0.25650260104041617,0.2581032412965186
0.2388,0.246,0.256,0.2592
0.24,0.2452,0.2564,0.2584
0.24089635854341737,0.2456982793117247,0.2553021208483393,0.2581032412965186
0.2416,0.2444,0.2564,0.2576
0.2420968387354942,0.2424969987995198,0.2581032412965186,0.25730292116846737
0.2412,0.242,0.2564,0.2604
0.2428,0.2404,0.2572,0.2596
0.246,0.2396,0.256,0.2584
0.24449779911964786,0.24049619847939174,0.25770308123249297,0.25730292116846737
0.246,0.242,0.2556,0.2564
0.2444,0.2424,0.2564,0.2568
0.2436,0.2428,0.2564,0.2572
0.2436,0.2424,0.2556,0.2584
0.2424,0.2416,0.2592,0.2568
0.2408,0.2404,0.262,0.2568
0.2412,0.24,0.2632,0.2556
0.2412,0.2388,0.264,0.256
0.2396,0.2404,0.2624,0.2576
0.2401921537229784,0.2401921537229784,0.2642113690952762,0.255404323458767
0.2408,0.2396,0.2636,0.256
0.2396,0.24,0.2632,0.2572
0.24,0.242,0.2628,0.2552
0.2416,0.2428,0.2604,0.2552
0.2416,0.2448,0.2588,0.2548
0.2424,0.2428,0.2604,0.2544
0.242,0.2424,0.2596,0.256
0.242,0.244,0.2576,0.2564
0.242,0.244,0.2564,0.2576
0.2412,0.2452,0.2556,0.258
0.2412,0.2444,0.2576,0.2568
0.2412,0.244,0.2576,0.2572
0.2396,0.2448,0.258,0.2576
0.24,0.2424,0.26,0.2576
0.2392,0.242,0.2624,0.2564
0.2384,0.2408,0.2636,0.2572
0.2384953981592637,0.24049619847939174,0.26450580232092835,0.25650260104041617
0.2404,0.2416,0.2632,0.2548
0.2416,0.2396,0.2644,0.2544
0.2412,0.2416,0.2636,0.2536
0.2424,0.2412,0.2612,0.2552
0.2436,0.2408,0.2616,0.254
0.24489795918367346,0.24129651860744297,0.2601040416166467,0.2537014805922369
0.2468,0.2412,0.2592,0.2528
0.2456,0.2416,0.2596,0.2532
0.2448,0.2404,0.2608,0.254
0.2444,0.2392,0.2616,0.2548
0.2444,0.2388,0.2616,0.2552
0.24329731892757103,0.23969587835134054,0.2621048419367747,0.2549019607843137
0.244,0.238,0.2624,0.2556
0.2452,0.2388,0.2612,0.2548
0.2448,0.2376,0.2632,0.2544
0.2444,0.24,0.2616,0.254
0.24489795918367346,0.24089635854341737,0.2617046818727491,0.25250100040016005
0.244,0.24,0.2588,0.2572
0.2464,0.2376,0.2596,0.2564
0.248,0.2372,0.2592,0.2556
0.24969987995198079,0.23649459783913565,0.2601040416166467,0.2537014805922369
0.2512,0.2364,0.2596,0.2528
0.2528,0.2368,0.26,0.2504
0.2536,0.2368,0.2596,0.25
0.254,0.2372,0.2604,0.2484
0.254,0.2384,0.258,0.2496
0.25500400320256206,0.2397918334667734,0.2602081665332266,0.24499599679743794
0.2532,0.24,0.2612,0.2456
0.2548,0.24,0.2584,0.2468
0.2545018007202881,0.23969587835134054,0.25890356142456983,0.24689875950380152
0.2544,0.2408,0.2568,0.248
0.2544,0.2408,0.2572,0.2476
0.2548,0.2412,0.2572,0.2468
0.2532,0.2412,0.258,0.2476
0.2536,0.2404,0.2584,0.2476
0.25580464371497197,0.24179343474779824,0.25740592473979185,0.24499599679743794
0.2576,0.2412,0.2564,0.2448
0.2568,0.2412,0.2548,0.2472
0.2576,0.2404,0.2548,0.2472
0.2588,0.2392,0.2552,0.2468
0.2572,0.2388,0.2572,0.2468
0.258,0.2368,0.2572,0.248
0.2588,0.2376,0.2572,0.2464
0.2576,0.2388,0.256,0.2476
0.2592,0.2408,0.2544,0.2456
0.2588,0.2408,0.254,0.2464
0.2588,0.2396,0.256,0.2456
0.25890356142456983,0.24009603841536614,0.2553021208483393,0.2456982793117247
0.26,0.2412,0.254,0.2448
0.2596,0.2424,0.2548,0.2432
0.2596,0.242,0.2556,0.2428
0.2605042016806723,0.24329731892757103,0.25690276110444177,0.2392957182873149
0.2592,0.244,0.2568,0.24
0.25890356142456983,0.24369747899159663,0.25730292116846737,0.24009603841536614
0.26,0.2432,0.2584,0.2384
0.2596,0.2432,0.2576,0.2396
0.2592,0.2428,0.2596,0.2384
0.25770308123249297,0.2420968387354942,0.25890356142456983,0.24129651860744297
0.2552,0.2424,0.2604,0.242
0.2568,0.2412,0.2596,0.2424
0.2556,0.2384,0.2612,0.2448
0.2548,0.2396,0.2604,0.2452
0.256,0.24,0.2608,0.2432
0.2556,0.2396,0.2616,0.2432
0.2581032412965186,0.23809523809523808,0.2613045218087235,0.2424969987995198
0.2584,0.2384,0.2612,0.242
0.2592,0.2384,0.2608,0.2416
0.25930372148859543,0.23769507803121248,0.26250500200080035,0.24049619847939174
0.2592,0.2384,0.262,0.2404
0.2586068855084067,0.23859087269815854,0.26301040832666134,0.2397918334667734
0.2585034013605442,0.2384953981592637,0.2613045218087235,0.2416966786714686
0.2592,0.238,0.2608,0.242
0.25730292116846737,0.2388955582232893,0.26250500200080035,0.24129651860744297
0.2556,0.24,0.2632,0.2412
0.256,0.2412,0.2624,0.2404
0.254,0.2416,0.2628,0.2416
0.2556,0.2412,0.2596,0.2436
0.2564,0.2412,0.2592,0.2432
0.2556,0.2416,0.2588,0.244
0.2552,0.2428,0.2584,0.2436
0.2544,0.2436,0.2584,0.2436
0.2553021208483393,0.24489795918367346,0.25690276110444177,0.24289715886354543
0.2556,0.244,0.2572,0.2432
0.2564,0.2456,0.2548,0.2432
0.25730292116846737,0.24369747899159663,0.25570228091236497,0.24329731892757103
0.2553021208483393,0.24449779911964786,0.25610244097639057,0.24409763905562226
0.2568,0.2448,0.256,0.2424
0.2568,0.2444,0.2556,0.2432
0.2572,0.2464,0.2524,0.244
0.2568,0.2468,0.2532,0.2432
0.256,0.2464,0.2528,0.2448
0.2564,0.2472,0.252,0.2444
0.256,0.2476,0.2532,0.2432
0.2544,0.25,0.2536,0.242
0.2528,0.2496,0.2572,0.2404
0.2508,0.2496,0.2588,0.2408
0.252,0.2512,0.258,0.2388
0.2516,0.252,0.2584,0.238
0.2524,0.2532,0.2564,0.238
0.2508,0.254,0.2564,0.2388
0.24929971988795518,0.25650260104041617,0.2537014805922369,0.24049619847939174
0.24889955982392958,0.2553021208483393,0.2533013205282113,0.2424969987995198
0.2496,0.2564,0.254,0.24
0.2512,0.256,0.2548,0.238
0.252,0.2556,0.2544,0.238
0.2512,0.2564,0.2552,0.2372
0.254,0.2568,0.2528,0.2364
0.25610244097639057,0.2553021208483393,0.25290116046418565,0.23569427771108442
0.2556,0.2552,0.2536,0.2356
0.2552,0.2532,0.2564,0.2352
0.2576,0.252,0.2536,0.2368
0.2556,0.252,0.2536,0.2388
0.25610244097639057,0.2533013205282113,0.25210084033613445,0.2384953981592637
0.2572,0.2548,0.25,0.238
0.2548,0.256,0.2496,0.2396
0.2552,0.2568,0.2484,0.2396
0.2556,0.2536,0.2508,0.24
0.2556,0.2516,0.2512,0.2416
0.2552,0.2516,0.2504,0.2428
0.2544,0.2536,0.25,0.242
0.2541016406562625,0.25290116046418565,0.25130052020808324,0.2416966786714686
0.25610244097639057,0.25130052020808324,0.25210084033613445,0.24049619847939174
0.25770308123249297,0.24889955982392958,0.2541016406562625,0.2392957182873149
0.2556,0.2504,0.254,0.24
0.2572,0.25,0.2544,0.2384
0.2568,0.2488,0.2568,0.2376
0.2576,0.248,0.2552,0.2392
0.2609043617446979,0.24889955982392958,0.2537014805922369,0.23649459783913565
0.262,0.2484,0.254,0.2356
0.26290516206482595,0.2456982793117247,0.2549019607843137,0.23649459783913565
0.2616,0.2464,0.2552,0.2368
0.2616,0.2472,0.2548,0.2364
0.2616,0.246,0.2556,0.2368
0.2612,0.2448,0.2576,0.2364
0.2632,0.2448,0.2568,0.2352
0.2644,0.2468,0.2544,0.2344
0.2632,0.2464,0.2556,0.2348
0.264,0.2448,0.2552,0.236
0.2628,0.2464,0.2548,0.236
0.2624,0.2464,0.2552,0.236
0.2608,0.2448,0.2584,0.236
0.2616,0.2452,0.2568,0.2364
0.2621048419367747,0.24289715886354543,0.25770308123249297,0.23729491796718688
0.2616,0.242,0.2572,0.2392
0.2612,0.2428,0.2556,0.2404
0.2628,0.2412,0.2552,0.2408
0.2648,0.238,0.2568,0.2404
0.266,0.236,0.2576,0.2404
0.2652,0.236,0.2588,0.24
0.2648,0.2372,0.2592,0.2388
0.2644,0.2384,0.2576,0.2396
0.2636,0.2392,0.258,0.2392
0.2636,0.24,0.2584,0.238
0.264,0.2392,0.2576,0.2392
0.264,0.2392,0.2588,0.238
0.26450580232092835,0.2392957182873149,0.2585034013605442,0.23769507803121248
0.2621048419367747,0.23809523809523808,0.25970388155262103,0.24009603841536614
0.2624,0.2364,0.2596,0.2416
0.2632,0.2388,0.2576,0.2404
0.2644,0.2388,0.2584,0.2384
0.2612,0.2396,0.2596,0.2396
0.2624,0.2416,0.2596,0.2364
0.2628,0.2412,0.2592,0.2368
0.2612,0.2416,0.26,0.2372
0.262,0.242,0.2596,0.2364
0.2608,0.2424,0.2604,0.2364
0.2612,0.2428,0.2608,0.2352
0.2621048419367747,0.24289715886354543,0.2605042016806723,0.2344937975190076
0.2612,0.2428,0.2616,0.2344
0.2616,0.2448,0.2612,0.2324
0.2588,0.2464,0.2596,0.2352
0.2576,0.2476,0.2588,0.236
0.2564,0.2484,0.2596,0.2356
0.25570228091236497,0.24689875950380152,0.25930372148859543,0.23809523809523808
0.256,0.2476,0.2584,0.238
0.2553021208483393,0.24649859943977592,0.25890356142456983,0.2392957182873149
0.2564,0.2488,0.256,0.2388
0.2556,0.2472,0.2584,0.2388
0.256,0.2476,0.256,0.2404
0.2572,0.2468,0.2564,0.2396
0.2556,0.2476,0.2564,0.2404
0.256,0.2476,0.2544,0.242
0.2568,0.2496,0.2532,0.2404
0.2552,0.25,0.2548,0.24
0.2552,0.2488,0.256,0.24
0.2548,0.2484,0.2572,0.2396
0.256,0.2468,0.2568,0.2404
0.256,0.2464,0.256,0.2416
0.2544,0.2476,0.2544,0.2436
0.2528,0.2484,0.2532,0.2456
0.2524,0.2512,0.252,0.2444
0.2504,0.252,0.2512,0.2464
0.2508,0.252,0.2516,0.2456
0.2488,0.2524,0.252,0.2468
0.2484,0.2528,0.2524,0.2464
0.25,0.2516,0.2528,0.2456
0.2508,0.2524,0.2508,0.246
0.2492,0.2532,0.252,0.2456
0.2484,0.2528,0.2516,0.2472
0.2476,0.2524,0.2528,0.2472
0.2488,0.2516,0.2532,0.2464
0.25,0.252,0.2508,0.2472
0.2508,0.2524,0.2504,0.2464
0.252,0.25,0.2528,0.2452
0.25170068027210885,0.24969987995198079,0.2537014805922369,0.24489795918367346
0.2528,0.2488,0.256,0.2424
0.2516,0.2476,0.2564,0.2444
0.2492,0.2468,0.258,0.246
0.2484,0.2476,0.26,0.244
0.25,0.2488,0.2584,0.2428
0.2504,0.2472,0.2584,0.244
0.2512,0.2444,0.2608,0.2436
0.25,0.2452,0.2604,0.2444
0.2504,0.2464,0.2604,0.2428
0.2528,0.244,0.26,0.2432
0.2536,0.2444,0.2592,0.2428
0.2544,0.244,0.258,0.2436
0.2548,0.2444,0.2588,0.242
0.2548,0.246,0.2596,0.2396
0.254,0.2472,0.2592,0.2396
0.2548,0.2484,0.258,0.2388
0.2536,0.2488,0.2608,0.2368
0.254,0.2488,0.2624,0.2348
0.2549019607843137,0.24969987995198079,0.2609043617446979,0.2344937975190076
0.2556,0.2496,0.2616,0.2332
0.256,0.2468,0.264,0.2332
0.2568,0.2452,0.2636,0.2344
0.2592,0.2444,0.2624,0.234
0.25930372148859543,0.24409763905562226,0.26290516206482595,0.2336934773909564
0.2601040416166467,0.24409763905562226,0.26330532212885155,0.23249299719887956
0.26140912730184146,0.24379503602882305,0.2622097678142514,0.23258606885508407
0.2596,0.2416,0.2636,0.2352
0.26,0.2408,0.264,0.2352
0.2612,0.2416,0.262,0.2352
0.26330532212885155,0.24129651860744297,0.2613045218087235,0.234093637454982
0.2632,0.2392,0.2632,0.2344
0.26250500200080035,0.23969587835134054,0.26290516206482595,0.23489395758303322
0.264,0.2404,0.262,0.2336
0.2636,0.2396,0.2644,0.2324
0.2653061224489796,0.23809523809523808,0.264905962384954,0.23169267707082833
0.266,0.2372,0.2648,0.232
0.266,0.2364,0.2644,0.2332
0.2656,0.2376,0.2648,0.232
0.266,0.2376,0.2644,0.232
0.264905962384954,0.23809523809523808,0.26370548219287715,0.23329331732693076
0.264,0.24,0.262,0.234
0.264,0.2432,0.2604,0.2324
0.2626100880704564,0.2465972778222578,0.25900720576461167,0.23178542834267413
0.2609043617446979,0.24729891956782712,0.25930372148859543,0.23249299719887956
0.2609043617446979,0.24689875950380152,0.25970388155262103,0.23249299719887956
0.2584,0.2496,0.2608,0.2312
0.2584,0.25,0.262,0.2296
0.2568,0.2508,0.2624,0.23
0.2572,0.2496,0.2632,0.23
0.25690276110444177,0.24969987995198079,0.2609043617446979,0.23249299719887956
0.256,0.2504,0.2596,0.234
0.2564,0.2508,0.2588,0.234
0.2552,0.2528,0.2576,0.2344
0.2544,0.2536,0.2576,0.2344
0.2532,0.2532,0.2596,0.234
0.2524,0.2524,0.2588,0.2364
0.2541016406562625,0.2537014805922369,0.2581032412965186,0.234093637454982
0.2544,0.252,0.26,0.2336
0.2536,0.2512,0.2608,0.2344
0.252,0.2512,0.2608,0.236
0.2537014805922369,0.25090036014405764,0.2601040416166467,0.23529411764705882
0.2528,0.25,0.2616,0.2356
0.2532,0.2492,0.2612,0.2364
0.2524,0.25,0.2612,0.2364
0.2504,0.2496,0.2628,0.2372
0.2488,0.2512,0.2612,0.2388
0.2508,0.2508,0.2608,0.2376
0.25,0.252,0.2616,0.2364
0.2508,0.2516,0.264,0.2336
0.2512,0.2524,0.2636,0.2328
0.2524,0.2532,0.2628,0.2316
0.2508,0.254,0.262,0.2332
0.25,0.2556,0.26,0.2344
0.250500200080032,0.2545018007202881,0.2613045218087235,0.2336934773909564
0.25,0.2548,0.2588,0.2364
0.2496,0.2544,0.258,0.238
0.2496,0.2556,0.2556,0.2392
0.2504,0.2548,0.256,0.2388
0.25,0.2532,0.2588,0.238
0.2508,0.252,0.2604,0.2368
0.252,0.2508,0.2604,0.2368
0.2536,0.252,0.26,0.2344
0.2516,0.2532,0.2616,0.2336
0.2516,0.2524,0.2604,0.2356
0.2508,0.2536,0.2604,0.2352
0.2504,0.2544,0.26,0.2352
0.2492,0.2528,0.2624,0.2356
0.2496,0.2532,0.2608,0.2364
0.24929971988795518,0.2549019607843137,0.2601040416166467,0.23569427771108442
0.2492,0.256,0.2592,0.2356
0.2488,0.2572,0.2584,0.2356
0.2476,0.2576,0.2568,0.238
0.2492,0.258,0.2556,0.2372
0.2496,0.2592,0.2536,0.2376
0.24849939975990396,0.2601040416166467,0.2541016406562625,0.23729491796718688
0.2476,0.26,0.2556,0.2368
0.2477982385908727,0.2602081665332266,0.2566052842273819,0.2353883106485188
0.2472,0.2612,0.256,0.2356
0.2452,0.2612,0.2584,0.2352
0.24579663730984788,0.2618094475580464,0.25900720576461167,0.233386709367494
0.248,0.262,0.2588,0.2312
0.24969987995198079,0.2609043617446979,0.2585034013605442,0.2308923569427771
0.25,0.2592,0.2592,0.2316
0.252,0.2584,0.2576,0.232
0.2528,0.2564,0.2584,0.2324
0.2536,0.2544,0.2596,0.2324
0.254,0.2528,0.2592,0.234
0.2544,0.2544,0.258,0.2332
0.256,0.2548,0.26,0.2292
0.256,0.2528,0.2596,0.2316
0.2576,0.252,0.2588,0.2316
0.2581032412965186,0.250500200080032,0.25890356142456983,0.23249299719887956
0.2572,0.252,0.26,0.2308
0.2556,0.2512,0.2628,0.2304
0.2544,0.2488,0.2672,0.2296
0.2544,0.2508,0.2652,0.2296
0.2552,0.2516,0.2648,0.2284
0.2564,0.252,0.2612,0.2304
0.2564,0.2524,0.2608,0.2304
0.2552,0.2516,0.2624,0.2308
0.2532,0.2528,0.262,0.232
0.2544,0.252,0.2616,0.232
0.2548,0.2496,0.2644,0.2312
0.2544,0.2496,0.2648,0.2312
0.2556,0.2504,0.2644,0.2296
0.2568,0.2516,0.2632,0.2284
0.2548,0.2528,0.2632,0.2292
0.2572,0.2532,0.2624,0.2272
0.2592,0.2532,0.2616,0.226
0.2608,0.252,0.26,0.2272
0.2596,0.2496,0.262,0.2288
0.2604,0.2484,0.2604,0.2308
0.2608,0.2484,0.2604,0.2304
0.2612,0.2484,0.2604,0.23
0.2622097678142514,0.2502001601281025,0.2594075260208166,0.22818254603682947
0.2616,0.2512,0.2592,0.228
0.2624,0.25,0.2596,0.228
0.262,0.2512,0.2608,0.226
0.26250500200080035,0.250500200080032,0.2613045218087235,0.22569027611044418
0.2612,0.2524,0.2604,0.226
0.2624,0.2496,0.2616,0.2264
0.2636,0.2496,0.2616,0.2252
0.262,0.2508,0.2616,0.2256
0.2632,0.25,0.2608,0.226
0.2644,0.2504,0.2604,0.2248
0.264,0.25,0.2584,0.2276
0.2624,0.2504,0.258,0.2292
0.2628,0.2516,0.2564,0.2292
0.2632,0.2524,0.256,0.2284
0.2612,0.2532,0.2576,0.228
0.2608,0.256,0.2564,0.2268
0.2596,0.2552,0.258,0.2272
0.2588,0.2556,0.2592,0.2264
0.258,0.2552,0.2604,0.2264
0.2556,0.258,0.2592,0.2272
0.2544,0.2584,0.2588,0.2284
0.2528,0.2604,0.2604,0.2264
0.25210084033613445,0.25930372148859543,0.2605042016806723,0.22809123649459784
0.2545018007202881,0.2581032412965186,0.25930372148859543,0.22809123649459784
0.2544,0.2556,0.2616,0.2284
0.2552,0.2564,0.2596,0.2288
0.2552,0.2556,0.26,0.2292
0.2564,0.2536,0.2608,0.2292
0.25570228091236497,0.25210084033613445,0.2609043617446979,0.23129251700680273
0.25770308123249297,0.25130052020808324,0.2609043617446979,0.2300920368147259
0.2548,0.2516,0.2628,0.2308
0.2544,0.2516,0.2616,0.2324
0.2528,0.2516,0.2636,0.232
0.2528,0.2532,0.2624,0.2316
0.252,0.2512,0.2628,0.234
0.2524,0.2492,0.2632,0.2352
0.2504,0.2484,0.2652,0.236
0.24929971988795518,0.24689875950380152,0.2657062825130052,0.23809523809523808
0.2476,0.2476,0.2644,0.2404
0.248,0.2492,0.262,0.2408
0.24929971988795518,0.24889955982392958,0.26250500200080035,0.2392957182873149
0.25090036014405764,0.24929971988795518,0.2605042016806723,0.2392957182873149
0.2476,0.2512,0.2612,0.24
0.2476,0.2512,0.2604,0.2408
0.24889955982392958,0.25130052020808324,0.25930372148859543,0.24049619847939174
0.2476,0.2516,0.26,0.2408
0.2508,0.2492,0.26,0.24
0.2508,0.2492,0.2604,0.2396
0.25090036014405764,0.24849939975990396,0.25970388155262103,0.24089635854341737
0.250500200080032,0.2501000400160064,0.25930372148859543,0.24009603841536614
0.2512,0.2504,0.2564,0.242
0.2508,0.25,0.2564,0.2428
0.25,0.25,0.2556,0.2444
0.2524,0.2504,0.254,0.2432
0.25250100040016005,0.24929971988795518,0.2537014805922369,0.24449779911964786
0.252,0.2476,0.2544,0.246
0.2532,0.2484,0.2528,0.2456
0.25250100040016005,0.24809923969587835,0.2545018007202881,0.24489795918367346
0.252,0.2504,0.2544,0.2432
0.2504,0.2516,0.2548,0.2432
0.2496,0.2512,0.2564,0.2428
0.24969987995198079,0.24929971988795518,0.25730292116846737,0.24369747899159663
0.2496,0.25,0.256,0.2444
0.2484,0.248,0.2576,0.246
0.2504,0.2484,0.2584,0.2428
0.2504,0.248,0.26,0.2416
0.2496,0.2476,0.2604,0.2424
0.2472,0.2488,0.2616,0.2424
0.2452,0.2496,0.2624,0.2428
0.24409763905562226,0.250500200080032,0.26410564225690275,0.24129651860744297
0.2432,0.2524,0.2624,0.242
0.2444,0.252,0.2628,0.2408
0.2452,0.2508,0.2636,0.2404
0.2448,0.252,0.2632,0.24
0.244,0.2508,0.2652,0.24
0.24369747899159663,0.250500200080032,0.26370548219287715,0.2420968387354942
0.2436,0.2508,0.262,0.2436
0.2428,0.252,0.2616,0.2436
0.2416,0.2516,0.2608,0.246
0.242,0.2524,0.2592,0.2464
0.242,0.252,0.2592,0.2468
0.24089635854341737,0.25130052020808324,0.25890356142456983,0.24889955982392958
0.2424,0.2504,0.2596,0.2476
0.24369747899159663,0.250500200080032,0.25890356142456983,0.24689875950380152
0.2464,0.25,0.2552,0.2484
0.24489795918367346,0.25250100040016005,0.2549019607843137,0.24769907963185275
0.2444,0.254,0.254,0.2476
0.24379503602882305,0.2534027221777422,0.25380304243394713,0.24899919935948758
0.2428,0.2524,0.2548,0.25
0.2416,0.254,0.2536,0.2508
0.242,0.252,0.2548,0.2512
0.2412,0.2528,0.2532,0.2528
0.2408,0.2536,0.252,0.2536
0.24009603841536614,0.2545018007202881,0.25210084033613445,0.2533013205282113
0.2388,0.2536,0.254,0.2536
0.2388,0.254,0.2532,0.254
0.238,0.2544,0.2536,0.254
0.23809523809523808,0.25690276110444177,0.25250100040016005,0.25250100040016005
0.2368,0.258,0.2528,0.2524
0.2376,0.2588,0.2512,0.2524
0.238,0.2588,0.2504,0.2528
0.2388,0.2576,0.2516,0.252
0.2392957182873149,0.2585034013605442,0.25210084033613445,0.2501000400160064
0.2412,0.26,0.2492,0.2496
0.2408,0.2584,0.2504,0.2504
0.24049619847939174,0.25890356142456983,0.24809923969587835,0.25250100040016005
0.2388,0.258,0.25,0.2532
0.23689475790316125,0.25730292116846737,0.25250100040016005,0.2533013205282113
0.238,0.2568,0.2528,0.2524
0.23809523809523808,0.2553021208483393,0.2541016406562625,0.25250100040016005
0.2392,0.2556,0.2536,0.2516
0.24059247397918335,0.255404323458767,0.25420336269015215,0.24979983987189752
0.2432,0.2568,0.2512,0.2488
0.2432,0.2564,0.2512,0.2492
0.2444,0.2564,0.2508,0.2484
0.24489795918367346,0.25730292116846737,0.25090036014405764,0.24689875950380152
0.2452,0.258,0.2504,0.2464
0.24329731892757103,0.2609043617446979,0.24769907963185275,0.24809923969587835
0.2444,0.2588,0.2488,0.248
0.2448,0.2604,0.2476,0.2472
0.2472,0.2592,0.2476,0.246
0.2476,0.2592,0.2472,0.246
0.2464,0.2572,0.2468,0.2496
0.24649859943977592,0.25610244097639057,0.24889955982392958,0.24849939975990396
0.2488,0.2536,0.2488,0.2488
0.2484,0.2544,0.2484,0.2488
0.2476,0.2544,0.2488,0.2492
0.2444,0.256,0.2488,0.2508
0.2456,0.2568,0.2476,0.25
0.2464,0.2564,0.248,0.2492
0.248,0.2564,0.2492,0.2464
0.2488,0.258,0.248,0.2452
0.2496,0.258,0.2468,0.2456
0.2496,0.2596,0.2448,0.246
0.2492,0.26,0.2468,0.244
0.2492,0.26,0.2472,0.2436
0.2492,0.2592,0.2468,0.2448
0.25,0.2604,0.246,0.2436
0.2492,0.2596,0.248,0.2432
0.2504,0.258,0.248,0.2436
0.2528,0.2588,0.2476,0.2408
0.254,0.2568,0.2484,0.2408
0.2544,0.2572,0.2476,0.2408
0.2552,0.2556,0.2476,0.2416
0.2548,0.2544,0.2492,0.2416
0.2536,0.2572,0.2484,0.2408
0.2552,0.2552,0.25,0.2396
0.2556,0.2552,0.2532,0.236
0.255404323458767,0.2546036829463571,0.25420336269015215,0.23578863090472377
0.2544,0.2568,0.2544,0.2344
0.2524,0.256,0.254,0.2376
0.2516,0.2572,0.254,0.2372
0.2536,0.256,0.2512,0.2392
0.2534027221777422,0.2562049639711769,0.25180144115292236,0.23859087269815854
0.2556,0.2548,0.2516,0.238
0.256,0.2552,0.2496,0.2392
0.2552,0.254,0.252,0.2388
0.2564,0.2536,0.2508,0.2392
0.2564,0.2536,0.2512,0.2388
0.2564,0.2508,0.252,0.2408
