C,D,Oc,Od
0.0,0.0,0.0,1.0
0.3333333333333333,0.0,0.0,0.6666666666666666
0.4166666666666667,0.0,0.0,0.5833333333333334
0.42857142857142855,0.047619047619047616,0.0,0.5238095238095238
0.40540540540540543,0.05405405405405406,0.0,0.5405405405405406
0.423728813559322,0.05084745762711865,0.0,0.5254237288135594
0.42857142857142855,0.08163265306122448,0.0,0.4897959183673469
0.4791666666666667,0.09027777777777778,0.0,0.4305555555555556
0.45685279187817257,0.1116751269035533,0.030456852791878174,0.4010152284263959
0.4580152671755725,0.10687022900763359,0.04961832061068702,0.38549618320610685
0.4482758620689655,0.11781609195402298,0.05172413793103448,0.382183908045977
0.4469026548672566,0.12168141592920353,0.046460176991150445,0.38495575221238937
0.4550359712230216,0.13489208633093525,0.052158273381294966,0.3579136690647482
0.4319526627218935,0.14053254437869822,0.06360946745562131,0.363905325443787
0.4236874236874237,0.14163614163614163,0.07448107448107448,0.3601953601953602
0.42012448132780084,0.1400414937759336,0.08402489626556017,0.3558091286307054
0.41160471441523117,0.14959202175883954,0.08612873980054397,0.3526745240253853
0.4065934065934066,0.14678178963893249,0.08948194662480377,0.35714285714285715
0.40694444444444444,0.1597222222222222,0.08958333333333333,0.34375
0.4027603513174404,0.1656210790464241,0.08657465495608532,0.3450439146800502
0.40093786635404455,0.15885111371629543,0.09202813599062133,0.3481828839390387
0.39901207464324917,0.16575192096597147,0.09220636663007684,0.3430296377607025
0.40300051733057424,0.15985514743921367,0.09260217278841179,0.3445421624418003
0.40139095876800795,0.16145057128663687,0.09488325881768504,0.3422752111276701
0.39739884393063585,0.16377649325626203,0.098747591522158,0.3400770712909441
0.3958041958041958,0.16317016317016317,0.10116550116550116,0.33986013986013985
0.39016544117647056,0.17003676470588236,0.10386029411764706,0.3359375
0.38611615245009073,0.16560798548094374,0.1088929219600726,0.3393829401088929
0.38896306186025814,0.16154873164218958,0.11481975967957277,0.3346684468179795
0.3824175824175824,0.16131868131868132,0.11120879120879121,0.34505494505494505
0.38004434589800445,0.16674057649667406,0.10776053215077605,0.34545454545454546
0.3737991266375546,0.16899563318777291,0.1091703056768559,0.3480349344978166
0.37105263157894736,0.16666666666666666,0.11359649122807018,0.34868421052631576
0.3740659340659341,0.16835164835164834,0.11428571428571428,0.3432967032967033
0.3704355477342719,0.1702595688517378,0.11834579850417949,0.3409590849098108
0.37218543046357616,0.17218543046357615,0.11699779249448124,0.33863134657836647
0.37014134275618377,0.1709363957597173,0.11616607773851591,0.34275618374558303
0.36552946389011964,0.1683650863978733,0.11696942844483828,0.3491360212671688
0.36988110964332893,0.17261118450022017,0.11756935270805813,0.33993835314839277
0.3787139689578714,0.16895787139689578,0.11707317073170732,0.3352549889135255
0.36935341009743133,0.17404782993799822,0.12356067316209035,0.3330380868024801
0.3704686118479222,0.16710875331564987,0.1237842617152962,0.33863837312113176
0.3665496049165935,0.17164179104477612,0.12686567164179105,0.3349429323968393
0.3707914298207258,0.16965456930476608,0.1320507214691736,0.3275032794053345
0.36962247585601404,0.17515364354697102,0.12598770851624233,0.3292361720807726
0.3680494263018535,0.17210944395410416,0.13062665489849956,0.3292144748455428
0.36805251641137854,0.16849015317286653,0.13435448577680525,0.3291028446389497
0.36907399202481167,0.16792202038103676,0.13114754098360656,0.331856446610545
0.3628357551739322,0.17084984588287097,0.13033905768383972,0.33597534125935713
0.35758651286601595,0.17613132209405502,0.129547471162378,0.336734693877551
0.35764499121265375,0.18014059753954306,0.1296133567662566,0.3326010544815466
0.3570796460176991,0.17876106194690267,0.13539823008849558,0.32876106194690263
0.3568281938325991,0.17929515418502204,0.13259911894273127,0.3312775330396476
0.35506607929515416,0.17753303964757708,0.13392070484581498,0.33348017621145376
0.35883905013192613,0.17985927880386984,0.1358839050131926,0.3254177660510114
0.3573639982308713,0.17823971693940735,0.13578062804068997,0.32861565678903143
0.35996488147497807,0.17603160667251974,0.13257243195785778,0.33143107989464443
0.3588957055214724,0.17747589833479405,0.13891323400525854,0.324715162138475
0.35859929078014185,0.17287234042553193,0.13829787234042554,0.33023049645390073
0.3575517393218846,0.1787758696609423,0.1329810656098635,0.33069132540730956
0.3537715041905602,0.17865019850022057,0.13674459638288486,0.33083370092633435
0.35436893203883496,0.17828773168578993,0.13062665489849956,0.33671668137687555
0.3536693191865606,0.1812555260831123,0.1290893015030946,0.3359858532272325
0.3546819787985866,0.17800353356890458,0.12897526501766785,0.338339222614841
0.3567019400352734,0.1781305114638448,0.12962962962962962,0.3355379188712522
0.3546537273930304,0.17909131010145568,0.13189236876929863,0.33436259373621524
0.3530711444984534,0.1802916482545294,0.13433495360141406,0.3323022536456032
0.3516483516483517,0.18285714285714286,0.13274725274725274,0.33274725274725275
0.3446126447016919,0.18788958147818344,0.13268032056990206,0.3348174532502226
0.3495614035087719,0.1850877192982456,0.13333333333333333,0.3320175438596491
0.3428196147110333,0.18607705779334502,0.138353765323993,0.3327495621716287
0.34017467248908295,0.19344978165938864,0.13755458515283842,0.32882096069868993
0.34023799030409874,0.19303657999118554,0.14323490524460114,0.3234905244601146
0.3352372583479789,0.18892794376098418,0.14455184534270651,0.3312829525483304
0.3289357959542656,0.1943711521547933,0.14731750219876869,0.32937554969217236
0.32983835736129313,0.20096111839231107,0.14809960681520315,0.3211009174311927
0.3330427201394943,0.2013949433304272,0.14559721011333915,0.3199651264167393
0.3300970873786408,0.19991173874669022,0.14651368049426303,0.323477493380406
0.33155792276964047,0.19307589880159787,0.1549045716822015,0.32046160674656016
0.3321507760532151,0.19246119733924613,0.15121951219512195,0.32416851441241684
0.32622879512831665,0.1948673336233145,0.15528490648107873,0.32361896476729013
0.3248239436619718,0.20026408450704225,0.15625,0.31866197183098594
0.3219360568383659,0.19626998223801065,0.15408525754884547,0.327708703374778
0.3221089942401418,0.2007089056269384,0.1546300398759415,0.3225520602569783
0.32242370632463513,0.20300751879699247,0.1543564794338788,0.3202122954444936
0.31828242585214694,0.19876051350154936,0.15272244355909695,0.33023461708720675
0.31704095112285335,0.20915896081021576,0.15015411712901805,0.3236459709379128
0.31625835189309576,0.2044543429844098,0.15679287305122494,0.3224944320712695
0.31674008810572685,0.20792951541850221,0.15550660792951543,0.3198237885462555
0.3202296819787986,0.2067137809187279,0.15901060070671377,0.31404593639575973
0.3152557319223986,0.21031746031746032,0.1609347442680776,0.3134920634920635
0.31537450722733246,0.20367936925098554,0.1660096364432764,0.3149364870784056
0.30671347082053535,0.19921017990346643,0.17112768758227292,0.3229486616937253
0.3011941618752764,0.20123839009287925,0.1742591773551526,0.3233082706766917
0.2929203539823009,0.20176991150442478,0.17787610619469027,0.3274336283185841
0.28927789934354486,0.2,0.17943107221006566,0.3312910284463895
0.2936226749335695,0.19884853852967227,0.18157661647475642,0.3259521700620018
0.2923076923076923,0.1978021978021978,0.17494505494505494,0.33494505494505494
0.29225352112676056,0.1932218309859155,0.1817781690140845,0.33274647887323944
0.28217602830605926,0.19548872180451127,0.18664307828394516,0.3356921716054843
0.2795031055900621,0.19520851818988466,0.1850044365572316,0.34028393966282167
0.2812637121544537,0.20096533567354102,0.18121983326020183,0.33655111891180345
0.27987697715289983,0.19947275922671354,0.18717047451669597,0.3334797891036907
0.28508578970523535,0.19753629564452266,0.18169819621645403,0.33567971843378797
0.2868490732568402,0.1977052074139453,0.1822594880847308,0.33318623124448365
0.28646288209606985,0.1965065502183406,0.18340611353711792,0.33362445414847164
0.29541446208112876,0.19268077601410935,0.18121693121693122,0.3306878306878307
0.2957060646303674,0.1921204072598495,0.17706949977866313,0.33510402833111996
0.2969298245614035,0.19298245614035087,0.1763157894736842,0.3337719298245614
0.2993827160493827,0.1865079365079365,0.17768959435626103,0.33641975308641975
0.30136383633963926,0.18521777386713595,0.1781786185657721,0.3352397712274527
0.30670217487794055,0.18908122503328895,0.17221482467820684,0.3320017754105637
0.29483814523184604,0.18766404199475065,0.1837270341207349,0.3337707786526684
0.2893692104102338,0.19761799735333038,0.18306131451257168,0.32995147772386413
0.2910943730615862,0.19627824545857334,0.18342933097031458,0.32919805050952594
0.29733275032794054,0.19763882815916048,0.1810231744643638,0.32400524704853517
0.30253940455341505,0.19527145359019266,0.18169877408056043,0.3204903677758319
0.3011941618752764,0.19725785050862452,0.1826625386996904,0.3188854489164087
0.3018951079770824,0.1983252534156016,0.18069634200088144,0.31908329660643453
0.30127922364358184,0.19982355535950597,0.17865019850022057,0.3202470224966917
0.29960229783473263,0.19840919133893062,0.18250110472823686,0.3194874060980999
0.30728709394205445,0.19885864793678665,0.1777875329236172,0.3160667251975417
0.3022241604884431,0.20279110335804623,0.17836894897514174,0.31661578717836897
0.2997335701598579,0.21181172291296627,0.17673179396092362,0.3117229129662522
0.2983693256941384,0.2124283825473777,0.17805200528867343,0.31115028646981047
0.2987588652482269,0.21586879432624115,0.17464539007092197,0.31072695035460995
0.3028045574057844,0.2147239263803681,0.1801051709027169,0.3023663453111306
0.30647291941875826,0.2175253192426244,0.17481285777190664,0.3011889035667107
0.30980392156862746,0.21742919389978213,0.1738562091503268,0.2989106753812636
0.3104517271922055,0.20726306465899025,0.17404782993799822,0.30823737821080605
0.3056169836355595,0.20743034055727555,0.17558602388323752,0.3113666519239275
0.3102836879432624,0.20035460992907803,0.1777482269503546,0.311613475177305
0.3042142230026339,0.20719929762949957,0.1777875329236172,0.3107989464442493
0.3028545941123996,0.21052631578947367,0.1735057983942908,0.31311329170383584
0.3018785495849716,0.21537789427697684,0.1743119266055046,0.308431629532547
0.30599647266313934,0.21516754850088182,0.1697530864197531,0.3090828924162258
0.3053000438020149,0.21287779237844942,0.17170389837932545,0.31011826544021026
0.3058252427184466,0.21094439541041482,0.17166813768755515,0.3115622241835834
0.3093777388255916,0.21340929009640666,0.16958808063102543,0.30762489044697633
0.3076584507042254,0.20994718309859156,0.17209507042253522,0.3102992957746479
0.3108762659621312,0.20871862615587847,0.17349185380889476,0.30691325407309555
0.3072847682119205,0.2141280353200883,0.17748344370860927,0.3011037527593819
0.30450132391879964,0.21579876434245365,0.18358340688437777,0.2961165048543689
0.31010452961672474,0.21167247386759583,0.17900696864111498,0.29921602787456447
0.31810269799825935,0.21105308964316796,0.17928633594429938,0.2915578764142733
0.3132688927943761,0.2139718804920914,0.18233743409490333,0.29042179261862916
0.30629432624113473,0.2149822695035461,0.18129432624113476,0.2974290780141844
0.3123893805309734,0.2163716814159292,0.1738938053097345,0.2973451327433628
0.3131625441696113,0.21908127208480566,0.17270318021201414,0.2950530035335689
0.31585845347313235,0.21363040629095675,0.16994320664045434,0.3005679335954565
0.31525122276567363,0.21431747443308136,0.17207647843485993,0.29835482436638505
0.3134065934065934,0.21802197802197804,0.17406593406593407,0.2945054945054945
0.31274638633377133,0.21769601401664476,0.17915024091108192,0.290407358738502
0.3104203152364273,0.21234676007005254,0.18126094570928197,0.29597197898423816
0.30995177553704517,0.21481806225339764,0.17799210872424376,0.29723805348531346
0.30621172353455817,0.21959755030621173,0.18022747156605423,0.29396325459317585
0.3093368237347295,0.22207678883071552,0.17975567190226877,0.28883071553228623
0.3048672566371681,0.22168141592920354,0.18230088495575222,0.2911504424778761
0.3070831500219974,0.22833260008798945,0.17685877694676638,0.2877254729432468
0.31011826544021026,0.22295225580376699,0.17696014016644765,0.28996933858957513
0.3083623693379791,0.2221254355400697,0.17770034843205576,0.29181184668989546
0.3086745926904447,0.22501100836635843,0.17173051519154559,0.29458388375165123
0.30556773345024113,0.2244629548443665,0.1687856203419553,0.3011836913634371
0.30572687224669604,0.22334801762114537,0.17136563876651983,0.29955947136563876
0.3030436700485223,0.22099691221879136,0.17379797088663432,0.30216144684605206
0.3011037527593819,0.22737306843267108,0.16821192052980133,0.3033112582781457
0.30061619718309857,0.22799295774647887,0.17077464788732394,0.30061619718309857
0.31082858395440593,0.23060061376589217,0.16352476983779043,0.29504603244191147
0.3072847682119205,0.22869757174392935,0.1664459161147903,0.2975717439293598
0.30223390275952694,0.23039859833552342,0.16732369689005694,0.30004380201489267
0.29867256637168144,0.2323008849557522,0.17212389380530974,0.29690265486725664
0.29912280701754385,0.22982456140350876,0.17324561403508773,0.29780701754385963
0.3005654632448891,0.23401478903871248,0.17181383210091344,0.293605915615485
0.29772329246935203,0.23642732049036777,0.17644483362521893,0.28940455341506127
0.2996941896024465,0.23328964613368283,0.1760594145915247,0.290956749672346
0.30618466898954705,0.22778745644599302,0.17073170731707318,0.2952961672473868
0.3069087688219663,0.2316209034543844,0.17227635075287864,0.2891939769707706
0.30749014454664914,0.22820849759088918,0.16557161629434955,0.2987297415681121
0.3153947948831054,0.22849580943978826,0.16144684605205117,0.2946625496250551
0.31436077057793343,0.23117338003502627,0.15586690017513136,0.29859894921190894
0.3107989464442493,0.22914837576821773,0.1575943810359965,0.30245829675153646
0.30995177553704517,0.22840859272249014,0.1578255151249452,0.3038141166155195
0.3075578855395369,0.22629969418960244,0.15858453473132372,0.3075578855395369
0.3093145869947276,0.22319859402460457,0.15817223198594024,0.3093145869947276
0.30816777041942606,0.22869757174392935,0.15496688741721854,0.30816777041942606
0.31072695035460995,0.22296099290780141,0.1502659574468085,0.31604609929078015
0.30216144684605206,0.2258491398323776,0.15703573003970003,0.3149536832818703
0.2987297415681121,0.23127463863337713,0.15374507227332457,0.31625054752518617
0.29419583517944176,0.24368630926007975,0.15507310589277803,0.3070447496677005
0.29819144243493606,0.23952359947066607,0.16056462284958095,0.30172033524481695
0.2948102921936328,0.23724378543392935,0.16179677278674226,0.3061491495856956
0.2959542656112577,0.23966578715919085,0.15919085312225154,0.3051890941072999
0.2938076416337286,0.23583662714097497,0.16161616161616163,0.30873956960913485
0.29078947368421054,0.2425438596491228,0.16622807017543859,0.30043859649122806
0.2935540069686411,0.23562717770034844,0.1672473867595819,0.30357142857142855
0.2980599647266314,0.23192239858906524,0.17372134038800705,0.2962962962962963
0.3038309114927345,0.23029502421840597,0.17305151915455746,0.29282254513430206
0.30951337132836476,0.22928540113985094,0.16922402455063568,0.2919772029811486
0.3083038869257951,0.22614840989399293,0.17226148409893993,0.29328621908127206
0.3100088573959256,0.2267493356953056,0.16563330380868024,0.2976085031000886
0.31382978723404253,0.22828014184397163,0.16578014184397163,0.2921099290780142
0.31957857769973663,0.22300263388937663,0.16374012291483758,0.29367866549604915
0.3198771390960948,0.2224659938569548,0.15884159719175076,0.29881526985519963
0.31768796175575836,0.22164276401564537,0.1577574967405476,0.30291177748804865
0.31509267431597526,0.2202118270079435,0.16019417475728157,0.30450132391879964
0.31436077057793343,0.21453590192644484,0.1659369527145359,0.3051663747810858
0.31965065502183404,0.21048034934497817,0.16593886462882096,0.30393013100436683
0.32167832167832167,0.21328671328671328,0.1652097902097902,0.29982517482517484
0.3228208497590889,0.2120017520805957,0.16119141480508103,0.30398598335523436
0.31904551480335835,0.20945647370746795,0.16129032258064516,0.3102076889085285
0.32519616390584133,0.20619006102877072,0.15911072362685266,0.3095030514385353
0.32483516483516484,0.2,0.1635164835164835,0.31164835164835164
0.32289369210410235,0.19717688575209527,0.16365240405822673,0.3162770180855756
0.32839075447012644,0.19886611426079373,0.1609245529873528,0.311818578281727
0.3257978723404255,0.2052304964539007,0.16090425531914893,0.30806737588652483
0.3238262395787626,0.20491443615620886,0.16147433084686266,0.30978499341816584
0.31537450722733246,0.21156373193166886,0.1590013140604468,0.3140604467805519
0.31643895989422655,0.21903922432789774,0.15249008373732922,0.3120317320405465
0.3141728828433524,0.22378236068451074,0.15577007459412023,0.30627468187801665
0.3108167770419426,0.2163355408388521,0.16026490066225166,0.3125827814569536
0.3089788732394366,0.22007042253521128,0.15845070422535212,0.3125
0.30419426048565124,0.22119205298013245,0.16070640176600443,0.31390728476821195
0.3116423196104471,0.21115537848605578,0.1646746347941567,0.31252766710934043
0.3136383829409152,0.21590404264771212,0.15770768547312305,0.3127498889382497
0.31842105263157894,0.21271929824561403,0.1570175438596491,0.3118421052631579
0.31862312444836716,0.21094439541041482,0.15666372462488967,0.3137687555163283
0.3176831943835015,0.2150065818341378,0.153576129881527,0.3137340939008337
0.3114537444933921,0.2145374449339207,0.15638766519823788,0.31762114537444935
0.3142353459673865,0.21859850154252974,0.15425297487880124,0.3129131776112825
0.3126921387790953,0.21695212999560826,0.1541501976284585,0.31620553359683795
0.3080652269722345,0.21551344204495373,0.15204936095196123,0.3243719700308506
0.310586176727909,0.2204724409448819,0.1552930883639545,0.3136482939632546
0.31049626701800614,0.2160737812911726,0.16117698726394378,0.31225296442687744
0.31398416886543534,0.21503957783641162,0.16578715919085313,0.3051890941072999
0.30887521968365556,0.22100175746924428,0.1678383128295255,0.3022847100175747
0.3148636763412489,0.2185576077396658,0.17282321899736147,0.2937554969217238
0.31938325991189426,0.21365638766519823,0.17048458149779736,0.2964757709251101
0.3168273444347064,0.21428571428571427,0.1691498685363716,0.2997370727432077
0.3201058201058201,0.21604938271604937,0.16490299823633156,0.29894179894179895
0.31973684210526315,0.21140350877192982,0.16578947368421051,0.3030701754385965
0.31180893409995575,0.21450685537372843,0.1685095090667846,0.3051747014595312
0.3113746157224418,0.2103645147123408,0.17303469477382522,0.3052261747913922
0.31374281926646047,0.2138753866548829,0.172779496243924,0.29960229783473263
0.31828242585214694,0.21779548472775564,0.16334661354581673,0.30057547587428063
0.30907496711968435,0.21394125383603682,0.16527838667251205,0.31170539237176675
0.3059340659340659,0.21362637362637363,0.16703296703296702,0.3134065934065934
0.3040629095674967,0.21363040629095675,0.1651376146788991,0.31716906946264745
0.30806310254163016,0.21297107800175286,0.16213847502191062,0.3168273444347064
0.30902623388172523,0.20809248554913296,0.16629613161405069,0.31658514895509116
0.3040212107821476,0.21254971277065843,0.16791869200176757,0.31551038444542645
0.3035398230088496,0.2150442477876106,0.16991150442477876,0.31150442477876106
0.30795998260113094,0.21357111787733798,0.1692040017398869,0.3092648977816442
0.306601683650864,0.2157731501993797,0.16570669029685423,0.31191847585290206
0.3087979094076655,0.21428571428571427,0.16594076655052264,0.31097560975609756
0.31462660185594343,0.21343349536014142,0.16791869200176757,0.3040212107821476
0.3050847457627119,0.21454058876003568,0.1735057983942908,0.3068688670829616
0.3069908814589666,0.2114633087277464,0.1788970907511941,0.3026487190620929
0.3044631020768891,0.21166593018117544,0.18515245249668583,0.29871851524524967
0.30044444444444446,0.2088888888888889,0.18933333333333333,0.30133333333333334
0.29091706888986396,0.2114962702939886,0.1917507678806494,0.305835892935498
0.290223586146427,0.20955721174923278,0.1999123191582639,0.30030688294607627
0.2954645530603259,0.2073976221928666,0.19771025979744605,0.2994275649493615
0.29515418502202645,0.20484581497797358,0.19779735682819383,0.3022026431718062
0.29393536963258077,0.20407259849490925,0.19654714475431606,0.3054448871181939
0.2982378854625551,0.20616740088105726,0.19515418502202644,0.3004405286343612
0.30310994305738065,0.2084975908891809,0.19448094612352168,0.29391151992991676
0.29894179894179895,0.20987654320987653,0.1931216931216931,0.2980599647266314
0.2980132450331126,0.21015452538631346,0.19161147902869757,0.30022075055187636
0.2996092053842814,0.2066869300911854,0.1945288753799392,0.299174989144594
0.30135786246167323,0.21506789312308366,0.1953569864213754,0.2882172579938677
0.2994325621999127,0.21606285464862504,0.19554779572239198,0.28895678742907027
0.2985468956406869,0.21356230735358872,0.19154557463672392,0.29634522236900046
0.30008787346221444,0.21660808435852372,0.19156414762741653,0.29173989455184535
0.2969509500662837,0.21034025629695094,0.19001325673884226,0.3026955368979231
0.29348795718108833,0.21944692239072258,0.19000892060660124,0.2970561998215879
0.29401485364788116,0.21537789427697684,0.19309742245522063,0.29750982961992134
0.2965578111209179,0.21888790820829657,0.18976169461606354,0.294792586054722
0.29499561018437226,0.2177348551360843,0.18525021949078138,0.30201931518876207
0.2973928413610252,0.2147591692443659,0.18692001767565178,0.30092797171895713
0.3030571555161719,0.20912715994683206,0.18741692512184316,0.30039875941515287
0.30488341399032115,0.20809502859656842,0.1922569291684998,0.29476462824461064
0.3034300791556728,0.2106420404573439,0.19261213720316622,0.29331574318381703
0.30123131046613894,0.20140721196130168,0.20008795074758134,0.297273526824978
0.2996438112199466,0.20302760463045413,0.20169189670525378,0.2956366874443455
0.29912280701754385,0.20482456140350877,0.19298245614035087,0.3030701754385965
0.30367419212040725,0.2036299247454626,0.1876936697653829,0.3050022133687472
0.30684811237928006,0.2019315188762072,0.18525021949078138,0.30597014925373134
0.30935569285083847,0.20432480141218004,0.18667255075022066,0.2996469549867608
0.3076241134751773,0.20434397163120568,0.18971631205673758,0.2983156028368794
0.30545774647887325,0.21038732394366197,0.1892605633802817,0.2948943661971831
0.2996040475142983,0.20809502859656842,0.192696876374835,0.2996040475142983
0.29564452265728114,0.2111746590409151,0.19181698196216454,0.30136383633963926
0.3009623797025372,0.20778652668416447,0.19028871391076116,0.3009623797025372
0.3033905768383972,0.2069572875385293,0.18273888154997797,0.30691325407309555
0.29889135254988913,0.2097560975609756,0.1844789356984479,0.30687361419068737
0.30489938757655294,0.21084864391951005,0.18285214348206474,0.3013998250218723
0.3062136790344211,0.20339740724184174,0.18283415288332588,0.3075547608404113
0.30667255855059655,0.20150243040212107,0.1789659743703049,0.31285903667697745
0.3058875608676406,0.20805666223992916,0.1752988047808765,0.3107569721115538
0.3030837004405286,0.20352422907488987,0.17929515418502204,0.3140969162995595
0.3000882612533098,0.20741394527802295,0.17828773168578993,0.3142100617828773
0.3004818221638195,0.20981165133596144,0.17696014016644765,0.31274638633377133
0.29504603244191147,0.21306444541867603,0.17755370451556335,0.3143358176238492
0.3062032556093269,0.20545534535855697,0.17861856577210736,0.3097228332600088
0.30282935455349247,0.20335985853227231,0.17727674624226347,0.3165340406719717
0.31236347750109217,0.19571865443425077,0.17780690257754478,0.31411096548711226
0.3133216476774759,0.2007011393514461,0.1765994741454864,0.3093777388255916
0.3093873953283385,0.2009695901278096,0.17584839136183342,0.3137946231820185
0.30856643356643354,0.20148601398601398,0.18138111888111888,0.30856643356643354
0.31466666666666665,0.20177777777777778,0.17822222222222223,0.30533333333333335
0.31505046072838966,0.20491443615620886,0.17419921017990347,0.305835892935498
0.3102237823606845,0.20052654673102238,0.17683194383501535,0.31241772707327775
0.30895390070921985,0.20434397163120568,0.17863475177304963,0.30806737588652483
0.3082010582010582,0.20502645502645503,0.17680776014109348,0.3099647266313933
0.305835892935498,0.2071083808688021,0.177270732777534,0.30978499341816584
0.3093462044756472,0.2062308029837648,0.1755155770074594,0.30890741553312856
0.3018951079770824,0.20537681798148966,0.17849272807404143,0.3142353459673865
0.29634522236900046,0.20871862615587847,0.17525319242624396,0.31968295904887717
0.293598233995585,0.20618101545253864,0.18013245033112582,0.3200883002207506
0.2928445229681979,0.20936395759717313,0.18374558303886926,0.31404593639575973
0.2932330827067669,0.20566121185316233,0.18487394957983194,0.31623175586023883
0.29525483304042177,0.20342706502636204,0.18365553602811951,0.31766256590509667
0.2919772029811486,0.20298114861902675,0.18281455501972818,0.3222270933800965
0.2929908576404005,0.2002612102742708,0.1845885938180235,0.3221593382673052
0.2914462081128748,0.19797178130511464,0.19135802469135801,0.31922398589065254
0.29481546572934975,0.1977152899824253,0.19332161687170474,0.3141476274165202
0.293909973521624,0.1994704324801412,0.19240953221535745,0.3142100617828773
0.2950022114108801,0.1968155683325962,0.19371959310039805,0.3144626271561256
0.2914837576821773,0.199297629499561,0.19315188762071994,0.3160667251975417
0.2894387980556783,0.19840919133893062,0.1939902783915157,0.3181617322138754
0.28965819456617004,0.19938650306748465,0.19193689745836984,0.31901840490797545
0.2900355871886121,0.20106761565836298,0.19172597864768684,0.31717081850533807
0.2858399296394019,0.19393139841688653,0.1948109058927001,0.3254177660510114
0.28793256433007985,0.20319432120674358,0.19032830523513752,0.318544809228039
0.28803156510302497,0.20166593599298555,0.19158263919333626,0.3187198597106532
0.2925860547219771,0.20079435127978817,0.1915269196822595,0.31509267431597526
0.2906097018246551,0.19314641744548286,0.20026702269692923,0.3159768580329328
0.2858403176003529,0.19320688134097927,0.20247022496691663,0.31848257609175123
0.28366013071895424,0.1886710239651416,0.20784313725490197,0.3198257080610022
0.2848990342405619,0.18568920105355574,0.21202809482001755,0.3173836698858648
0.2844638949671772,0.1851203501094092,0.21050328227571116,0.3199124726477024
0.282560706401766,0.18675496688741722,0.21059602649006623,0.3200883002207506
0.28265618173875057,0.1834862385321101,0.21537789427697684,0.31847968545216254
0.28370044052863436,0.1801762114537445,0.21409691629955946,0.32202643171806167
0.28766519823788544,0.18061674008810572,0.213215859030837,0.3185022026431718
0.2871636524040582,0.18703131892368768,0.2121746801940891,0.31363034847816496
0.28194993412384717,0.19104084321475626,0.2147562582345191,0.31225296442687744
0.28646748681898065,0.18673110720562391,0.21616871704745166,0.31063268892794377
0.2764263600176913,0.19416187527642637,0.21494913754975675,0.3144626271561256
0.27465723131357805,0.19814241486068113,0.21450685537372843,0.3126934984520124
0.27079646017699116,0.20309734513274336,0.21194690265486726,0.3141592920353982
0.2732072151341839,0.20369555653321603,0.21249450065992082,0.31060272767267927
0.270222999562746,0.2055094009619589,0.2133799737647573,0.3108876257105378
0.2695729537366548,0.2117437722419929,0.2117437722419929,0.3069395017793594
0.2701048951048951,0.20935314685314685,0.21503496503496503,0.305506993006993
0.26983435047951176,0.20619006102877072,0.2157802964254577,0.3081952920662598
0.27441449403446755,0.2063632346442775,0.21122403888643393,0.30799823243482105
0.27841409691629954,0.21013215859030837,0.20969162995594715,0.30176211453744495
0.27628149435273675,0.20851433536055602,0.21198957428323198,0.3032145960034752
0.2753303964757709,0.20440528634361232,0.213215859030837,0.3070484581497797
0.27964601769911507,0.20486725663716815,0.20929203539823008,0.30619469026548674
0.291832229580574,0.19823399558498897,0.2052980132450331,0.304635761589404
0.2868995633187773,0.19956331877729258,0.20698689956331878,0.30655021834061136
0.28854625550660795,0.2013215859030837,0.20704845814977973,0.3030837004405286
0.29278887923544744,0.2002606429192007,0.21068635968722849,0.29626411815812337
0.2923280423280423,0.20458553791887124,0.21296296296296297,0.29012345679012347
0.29295154185022027,0.20308370044052865,0.2171806167400881,0.286784140969163
0.29370321444297665,0.21003963011889035,0.2162043152796125,0.2800528401585205
0.29424681598594643,0.20377689942907334,0.21212121212121213,0.2898550724637681
0.28456735057983945,0.20428189116859946,0.21989295272078502,0.29125780553077607
0.29170344218887906,0.19638128861429832,0.21624007060900266,0.29567519858781993
0.2962962962962963,0.1970899470899471,0.21340388007054673,0.2932098765432099
0.3029642545771578,0.1909328683522232,0.2109851787271142,0.2951176983435048
0.30560420315236425,0.19220665499124343,0.21234676007005254,0.28984238178633975
0.30221238938053097,0.1929203539823009,0.21194690265486726,0.2929203539823009
0.2926722246599386,0.19306713470820536,0.22027204914436158,0.2939885914874945
0.30065934065934063,0.18593406593406595,0.22329670329670329,0.29010989010989013
0.30079505300353354,0.1872791519434629,0.21952296819787986,0.2924028268551237
0.2955947136563877,0.18370044052863435,0.22466960352422907,0.2960352422907489
0.2956636005256242,0.17958826106000875,0.23390275952693823,0.29084537888742884
0.2995614035087719,0.17894736842105263,0.2267543859649123,0.29473684210526313
0.30602302922940655,0.1753764393268379,0.22852081488042517,0.29007971656333037
0.3070484581497797,0.17577092511013215,0.22951541850220264,0.28766519823788544
0.30008787346221444,0.17794376098418277,0.23374340949033393,0.28822495606326887
0.29676573426573427,0.18181818181818182,0.23251748251748253,0.2888986013986014
0.29654255319148937,0.18351063829787234,0.2393617021276596,0.28058510638297873
0.29750982961992134,0.18261249453910006,0.236347750109218,0.2835299257317606
0.30153846153846153,0.17934065934065935,0.2356043956043956,0.2835164835164835
0.29768659973810563,0.17721518987341772,0.23352247926669575,0.29157573112178087
0.2948207171314741,0.17884019477644975,0.23992917220008853,0.2864099158919876
0.29442970822281167,0.17639257294429708,0.23872679045092837,0.29045092838196285
0.2950310559006211,0.17923691215616683,0.23203194321206744,0.2937000887311446
0.29523389232127095,0.18181818181818182,0.23345101500441306,0.28949691085613416
0.28865527814279457,0.18177836180464302,0.23565484012264565,0.29391151992991676
0.29019434628975266,0.18507067137809188,0.232773851590106,0.2919611307420495
0.29212983548243665,0.18185860382392174,0.23432636727434417,0.29168519341929744
0.29086115992970124,0.1827768014059754,0.23198594024604569,0.29437609841827767
0.2925974594831362,0.18440648269820412,0.22514235654840123,0.29785370127025845
0.29632867132867136,0.18793706293706294,0.22552447552447552,0.2902097902097902
0.2907488986784141,0.18854625550660792,0.2290748898678414,0.2916299559471366
0.29706011408512506,0.18473014480035102,0.22553751645458534,0.2926722246599386
0.2974290780141844,0.18572695035460993,0.22429078014184398,0.2925531914893617
0.29771328056288476,0.1882145998240985,0.22427440633245382,0.28979771328056286
0.3009198423127464,0.18484450284713097,0.219886114761279,0.2943495400788436
0.30375275938189844,0.18322295805739514,0.2141280353200883,0.2988962472406181
0.3086745926904447,0.18494055482166447,0.21576398062527521,0.2906208718626156
0.30434782608695654,0.19279754062362758,0.21563460693895475,0.2872200263504611
0.30223390275952694,0.1927288655278143,0.21638195356986423,0.28865527814279457
0.29912280701754385,0.19824561403508772,0.22017543859649122,0.2824561403508772
0.30170529077393965,0.1945780498469611,0.2195015303891561,0.28421512898994317
0.3054466230936819,0.19128540305010894,0.2178649237472767,0.28540305010893247
0.300087489063867,0.18678915135608049,0.22353455818022747,0.289588801399825
0.3033757124068391,0.18895221394125383,0.2227093380096449,0.28496273564226215
0.3089143865842895,0.1910856134157105,0.2210944395410415,0.27890556045895853
0.3083989501312336,0.18766404199475065,0.22090988626421698,0.28302712160979876
0.30806737588652483,0.18129432624113476,0.22384751773049646,0.28679078014184395
0.31007067137809186,0.18109540636042404,0.2252650176678445,0.2835689045936396
0.3131046613896218,0.18117854001759015,0.22559366754617413,0.2801231310466139
0.31294014084507044,0.1875,0.22799295774647887,0.2715669014084507
0.31816192560175055,0.18555798687089717,0.22844638949671772,0.26783369803063456
0.3204903677758319,0.18607705779334502,0.23029772329246936,0.2631348511383538
0.3243482103402563,0.18471056120194432,0.23066725585505965,0.2602739726027397
0.32894736842105265,0.18464912280701753,0.22763157894736843,0.25877192982456143
0.32630654369784806,0.18708827404479578,0.22837066315327184,0.25823451910408435
0.33083370092633435,0.19144243493603882,0.22408469342743714,0.25363917071018965
0.3287971905179982,0.19183494293239683,0.23046532045654083,0.2489025460930641
0.32532751091703055,0.19213973799126638,0.22882096069868996,0.2537117903930131
0.32608695652173914,0.1898846495119787,0.22582076308784382,0.25820763087843834
0.31956043956043956,0.1934065934065934,0.22681318681318682,0.2602197802197802
0.31627296587926507,0.19597550306211722,0.22090988626421698,0.2668416447944007
0.31377777777777777,0.19333333333333333,0.22133333333333333,0.27155555555555555
0.3161862527716186,0.1902439024390244,0.2221729490022173,0.2713968957871397
0.3149536832818703,0.18614909572121746,0.22849580943978826,0.27040141155712394
0.30990833697075515,0.1911828895678743,0.22522915757311218,0.2736796158882584
0.31255565449688333,0.1918967052537845,0.22707034728406056,0.2684772929652716
0.31285903667697745,0.19222271321254972,0.21829429960229785,0.276623950508175
0.3078947368421053,0.19429824561403508,0.22587719298245615,0.2719298245614035
0.30844012372956253,0.19575784357048165,0.22359699513919576,0.27220503756076003
0.306416412047141,0.20384111741597555,0.22130074203404626,0.2684417285028372
0.30480349344978164,0.20480349344978166,0.22096069868995633,0.2694323144104803
0.30244755244755245,0.20192307692307693,0.22814685314685315,0.2674825174825175
0.29411764705882354,0.20851624231782265,0.22519754170324846,0.2721685689201054
0.2930131004366812,0.21179039301310043,0.21921397379912663,0.2759825327510917
0.2920662598081953,0.2092414995640802,0.22057541412380122,0.2781168265039233
0.28864628820960697,0.2096069868995633,0.22707423580786026,0.27467248908296943
0.2832014072119613,0.21416007036059806,0.22207563764291996,0.2805628847845207
0.2845814977973568,0.2092511013215859,0.22422907488986785,0.28193832599118945
0.2843708016121809,0.20734437975817285,0.2239140170174653,0.2843708016121809
0.2868995633187773,0.21222707423580786,0.22532751091703057,0.2755458515283843
0.2843874391862008,0.210968597965502,0.21892967713401149,0.2857142857142857
0.28684557853057635,0.20853497580290364,0.21865376154861416,0.28596568411790585
0.2823529411764706,0.21176470588235294,0.21350762527233116,0.2923747276688453
0.27653880463871544,0.21097234611953614,0.21543264942016058,0.2970561998215879
0.2830687830687831,0.20899470899470898,0.20899470899470898,0.29894179894179895
0.2731297034085879,0.217352810978309,0.21204072598494908,0.29747675962815406
0.2813186813186813,0.21802197802197804,0.20923076923076922,0.2914285714285714
0.2803129074315515,0.22468491960017384,0.20599739243807041,0.2890047805302043
0.28294402820625825,0.22300572939620977,0.20846187747906567,0.2855883649184663
0.28152364273204905,0.22460595446584938,0.2084063047285464,0.28546409807355516
0.2789982425307557,0.21616871704745166,0.2100175746924429,0.29481546572934975
0.27015057573073514,0.22232063773250665,0.2121346324180691,0.2953941541186891
0.26924788607031597,0.22874944370271474,0.20738762794837562,0.2946150422785937
0.2715994683207798,0.22374833850243686,0.20912715994683206,0.2955250332299513
0.26746242263483644,0.22944297082228116,0.20778072502210435,0.2953138815207781
0.2644736842105263,0.22587719298245615,0.21228070175438596,0.29736842105263156
0.2646669607410675,0.22452580502867225,0.2112924569916189,0.2995147772386414
0.2647058823529412,0.22344161545215102,0.20851624231782265,0.3033362598770852
0.2629955947136564,0.2251101321585903,0.21233480176211453,0.29955947136563876
0.2596491228070175,0.22587719298245615,0.21535087719298246,0.29912280701754385
0.2588339222614841,0.21775618374558303,0.22084805653710246,0.3025618374558304
0.25579361609094886,0.22168780061215565,0.2186270222999563,0.3038915609969392
0.2585981715280801,0.22289943404440574,0.21985198084457988,0.29865041358293426
0.2574082264484741,0.22644847412649272,0.21760283060592658,0.29854046881910656
0.2632042253521127,0.22139084507042253,0.21875,0.2966549295774648
0.26842105263157895,0.2219298245614035,0.21666666666666667,0.2929824561403509
0.2719720157411456,0.22081329252295584,0.2133799737647573,0.29383471797114125
0.2697512003491925,0.21518987341772153,0.21824530772588388,0.2968136185072021
0.2664024658740643,0.21576398062527521,0.22148833113166005,0.29634522236900046
0.26795945350374617,0.2124283825473777,0.21551344204495373,0.30409872190392245
0.27148523578669015,0.21330982811811372,0.21903922432789774,0.2961657117672984
0.26439326837909655,0.21302037201062887,0.22054915854738708,0.3020372010628875
0.27049539675580886,0.21744848750548004,0.22314774221832528,0.2889083735203858
0.2739606126914661,0.21838074398249452,0.21969365426695842,0.28796498905908097
0.27775320654577623,0.21627598407784165,0.2118531623175586,0.29411764705882354
0.2789982425307557,0.21528998242530756,0.21133567662565905,0.29437609841827767
0.2854001759014952,0.21240105540897097,0.2154793315743184,0.28671943711521547
0.28071709663314387,0.2155662439877569,0.21075644949715786,0.2929602098819414
0.27916120576671033,0.21537789427697684,0.20838794233289645,0.29707295762341634
0.2727272727272727,0.21800529567519858,0.20962047661076788,0.2996469549867608
0.27300613496932513,0.21779141104294478,0.2085889570552147,0.3006134969325153
0.27217125382262997,0.21799912625600698,0.20401922236784623,0.3058103975535168
0.27003098716246127,0.21469676848162905,0.21159805223550243,0.30367419212040725
0.2672527472527473,0.21802197802197804,0.21054945054945054,0.30417582417582417
0.2644082710074791,0.21733391992960846,0.2133743950725913,0.30488341399032115
0.2658504591167468,0.22125054656755574,0.21075644949715786,0.3021425448185396
0.26444833625218916,0.22285464098073554,0.2136602451838879,0.29903677758318736
0.26461538461538464,0.2246153846153846,0.2123076923076923,0.29846153846153844
0.261443661971831,0.22755281690140844,0.20994718309859156,0.301056338028169
0.25786442179884805,0.2259636685866194,0.204696499778467,0.3114754098360656
0.25979744605900484,0.2307353588727433,0.20035226772346984,0.309114927344782
0.2523076923076923,0.22373626373626374,0.20967032967032967,0.3142857142857143
0.255178492728074,0.2234464521815778,0.20890260026443366,0.3124724548259145
0.2501098901098901,0.2312087912087912,0.20483516483516484,0.31384615384615383
0.2510993843447669,0.23131046613896217,0.20712401055408972,0.31046613896218117
0.25298013245033113,0.2282560706401766,0.20044150110375275,0.3183222958057395
0.24503311258278146,0.2282560706401766,0.20573951434878587,0.32097130242825606
0.24212860310421286,0.22882483370288248,0.2133037694013304,0.31574279379157427
0.2346442775077331,0.23022536456031817,0.21431727794962438,0.32081307998232433
0.23968393327480245,0.22607550482879718,0.2151009657594381,0.31913959613696224
0.2405452946350044,0.23218997361477572,0.21284080914687775,0.3144239226033421
0.23847167325428195,0.22924901185770752,0.21519543258673693,0.3170838823012736
0.23633998265394623,0.2285342584562012,0.21899392888117952,0.316131830008673
0.2422907488986784,0.23039647577092512,0.213215859030837,0.3140969162995595
0.24472759226713534,0.23066783831282953,0.2086994727592267,0.31590509666080846
