C,D,Oc,Od
0.0,1.0,0.0,0.0
0.5,0.5,0.0,0.0
0.4444444444444444,0.3333333333333333,0.0,0.2222222222222222
0.36363636363636365,0.2727272727272727,0.09090909090909091,0.2727272727272727
0.4375,0.125,0.125,0.3125
0.4782608695652174,0.17391304347826086,0.13043478260869565,0.21739130434782608
0.5454545454545454,0.12121212121212122,0.06060606060606061,0.2727272727272727
0.5714285714285714,0.14285714285714285,0.047619047619047616,0.23809523809523808
0.631578947368421,0.15789473684210525,0.05263157894736842,0.15789473684210525
0.5844155844155844,0.15584415584415584,0.09090909090909091,0.16883116883116883
0.6095238095238096,0.11428571428571428,0.0761904761904762,0.2
0.6015037593984962,0.13533834586466165,0.09774436090225563,0.16541353383458646
0.573170731707317,0.1402439024390244,0.0975609756097561,0.18902439024390244
0.5458937198067633,0.15458937198067632,0.1111111111111111,0.18840579710144928
0.5134099616858238,0.16091954022988506,0.10727969348659004,0.21839080459770116
0.48534201954397393,0.15309446254071662,0.1237785016286645,0.23778501628664495
0.4722222222222222,0.15555555555555556,0.13333333333333333,0.2388888888888889
0.44761904761904764,0.17142857142857143,0.12857142857142856,0.2523809523809524
0.44785276073619634,0.17177914110429449,0.130879345603272,0.24948875255623723
0.4337979094076655,0.1794425087108014,0.12020905923344948,0.2665505226480836
0.43084260731319557,0.1875993640699523,0.12082670906200318,0.26073131955484896
0.42338709677419356,0.19086021505376344,0.11559139784946236,0.2701612903225806
0.41211401425178146,0.18527315914489312,0.11757719714964371,0.2850356294536817
0.400213447171825,0.19850586979722518,0.11205976520811099,0.2892209178228389
0.3977164605137964,0.1950523311132255,0.10751665080875357,0.29971455756422455
0.3867355727820844,0.18690783807062877,0.10508182601205857,0.32127476313522824
0.3896825396825397,0.1873015873015873,0.09603174603174604,0.326984126984127
0.38472622478386165,0.19164265129682997,0.09582132564841499,0.32780979827089335
0.38180610889774236,0.18658698539176627,0.0903054448871182,0.34130146082337315
0.37888198757763975,0.18819875776397516,0.09503105590062112,0.337888198757764
0.37869137232194555,0.18239722061378114,0.09322524609148813,0.34568616097278515
0.37994428969359334,0.17493036211699164,0.09805013927576602,0.347075208913649
0.3821353065539112,0.17389006342494714,0.09725158562367865,0.346723044397463
0.38607911867801703,0.17325988983475213,0.100150225338007,0.3405107661492238
0.38155339805825245,0.17378640776699028,0.09951456310679611,0.34514563106796114
0.3745851114272167,0.1763869132290185,0.10431484115694642,0.34471313418681837
0.3694852941176471,0.17876838235294118,0.11213235294117647,0.3396139705882353
0.36116152450090744,0.1810344827586207,0.1206896551724138,0.3371143375680581
0.3614895549500454,0.18165304268846502,0.12352406902815623,0.3333333333333333
0.36155913978494625,0.18503584229390682,0.11872759856630824,0.3346774193548387
0.3649732620320856,0.18850267379679145,0.12121212121212122,0.3253119429590018
0.3593958240781875,0.18836072856508218,0.12661039537983118,0.3256330519768992
0.35015493581230633,0.19300575475874282,0.12926073483842407,0.3275785745905268
0.3535714285714286,0.18973214285714285,0.12857142857142856,0.328125
0.3475582930048394,0.19181698196216454,0.13418389793224814,0.3264408271007479
0.35233853006681515,0.19599109131403117,0.13184855233853007,0.3198218262806236
0.3496223900488672,0.19235895157707686,0.1332741003998223,0.3247445579742337
0.3527580071174377,0.18727758007117437,0.13211743772241993,0.327846975088968
0.35568383658969804,0.18738898756660746,0.13321492007104796,0.32371225577264656
0.3512433392539964,0.1878330373001776,0.12921847246891652,0.3317051509769094
0.3520566121185316,0.18398938522777533,0.13268465280849182,0.33126934984520123
0.3534100974313552,0.18113374667847654,0.13596102745792737,0.32949512843224094
0.35455349248452694,0.17462422634836428,0.13660477453580902,0.33421750663129973
0.35032967032967033,0.17494505494505494,0.14241758241758243,0.3323076923076923
0.3468131868131868,0.1789010989010989,0.14417582417582417,0.3301098901098901
0.34424025100851635,0.17615419094576423,0.14164051994621246,0.33796503809950695
0.34305923961096374,0.17462422634836428,0.14146772767462423,0.34084880636604775
0.3390880920761399,0.17795484727755645,0.14342629482071714,0.33953076582558656
0.34330357142857143,0.18169642857142856,0.13660714285714284,0.33839285714285716
0.3389830508474576,0.17975022301516502,0.13826940231935772,0.3429973238180196
0.33715798764342453,0.1857899382171227,0.13592233009708737,0.3411297440423654
0.338339222614841,0.18197879858657243,0.13780918727915195,0.3418727915194346
0.33966431095406363,0.17667844522968199,0.13825088339222616,0.3454063604240283
0.3334823424228878,0.17970496200268216,0.14126061689763075,0.34555207867679927
0.3303808680248007,0.1820194862710363,0.14127546501328608,0.3463241806908769
0.3360107095046854,0.17358322177599286,0.13609995537706382,0.3543061133422579
0.33392777530093626,0.16852429781542577,0.13464110566205975,0.36290682122157825
0.3342245989304813,0.16844919786096257,0.1359180035650624,0.36140819964349374
0.3384887317719841,0.16747680070702606,0.13389306230667256,0.36014140521431726
0.3361270401411557,0.16453462726069695,0.1345390383767093,0.36479929422143803
0.3392070484581498,0.1656387665198238,0.13348017621145375,0.3616740088105727
0.3365983971504898,0.1620658949243099,0.13490650044523597,0.3664292074799644
0.3387953941541187,0.1612046058458813,0.13994685562444642,0.3600531443755536
0.3386243386243386,0.16005291005291006,0.1424162257495591,0.35890652557319225
0.34853852967227633,0.16031886625332153,0.1403897254207263,0.3507528786536758
0.34690265486725663,0.1570796460176991,0.14292035398230088,0.3530973451327434
0.35268441728502836,0.159755565255347,0.1422959406372763,0.34526407682234833
0.34901098901098904,0.15604395604395604,0.14373626373626375,0.3512087912087912
0.3549517966695881,0.1546888694127958,0.1441717791411043,0.3461875547765118
0.3492063492063492,0.15476190476190477,0.14417989417989419,0.35185185185185186
0.35079225352112675,0.15669014084507044,0.14348591549295775,0.34903169014084506
0.35579040070453544,0.1554381329810656,0.14398943196829592,0.34478203434610305
0.3508153371529308,0.1599823710885853,0.14191273688849715,0.3472895548699868
0.3462566844919786,0.1697860962566845,0.14260249554367202,0.3413547237076649
0.3431848257609175,0.16100573445081606,0.14336127040141156,0.35244816938685486
0.3371937639198218,0.1603563474387528,0.14521158129175946,0.35723830734966594
0.34279379157427936,0.15875831485587583,0.14545454545454545,0.3529933481152993
0.3452855245683931,0.1522797698096503,0.14121292607348385,0.3612217795484728
0.34449339207048457,0.15638766519823788,0.1378854625550661,0.36123348017621143
0.34526967285587973,0.15119363395225463,0.138815207780725,0.3647214854111406
0.35291499777481083,0.14997774810858924,0.13618157543391188,0.36092567868268804
0.3417665335108744,0.15446071904127828,0.13359964491788726,0.37017310252996005
0.3429458740017746,0.15350488021295475,0.13797692990239574,0.36557231588287487
0.3355379188712522,0.15299823633156967,0.14109347442680775,0.37037037037037035
0.34214002642007924,0.15367679436371642,0.1338617349185381,0.3703214442976662
0.34473567303420705,0.14971123944913373,0.13505108840515326,0.370501999111506
0.34473567303420705,0.15104398045313194,0.13816081741448244,0.36605952909817857
0.3449955713020372,0.1474756421612046,0.13994685562444642,0.3675819309123118
0.3477100933748333,0.14762116496220543,0.1431747443308137,0.3614939973321476
0.3504197967300044,0.14626601855943439,0.14670790985417587,0.35660627485638535
0.3455684870188004,0.14637421665174574,0.1450313339301701,0.3630259623992838
0.33968113374667847,0.14348981399468555,0.14260407440212577,0.3742249778565102
0.3471001757469244,0.14543057996485062,0.14499121265377857,0.3624780316344464
0.34469026548672566,0.14601769911504425,0.1495575221238938,0.3597345132743363
0.3417890520694259,0.15042278593680464,0.14552736982643524,0.3622607921673342
0.3380468404772426,0.1444984533804684,0.1453822359699514,0.37207247017233763
0.34513274336283184,0.14469026548672567,0.14513274336283186,0.36504424778761063
0.34552666372851476,0.14191273688849715,0.14014984574702513,0.372410753635963
0.3410610789121712,0.13909942041908158,0.14177440927329468,0.3780650913954525
0.3436807095343681,0.1352549889135255,0.1419068736141907,0.37915742793791574
0.3365724381625442,0.13692579505300354,0.1435512367491166,0.3829505300353357
0.34551939366919304,0.13687026304057068,0.1413285777975925,0.3762817654926438
0.34825425246195163,0.13563115487914054,0.14279319606087734,0.37332139659803043
0.34690265486725663,0.13451327433628318,0.14026548672566372,0.37831858407079644
0.3386454183266932,0.13147410358565736,0.1438689685701638,0.38601150951748564
0.3440387153541575,0.13330400351957766,0.14254289485261767,0.3801143862736472
0.33377837116154874,0.13885180240320427,0.13840676457498888,0.38896306186025814
0.3266488413547237,0.14349376114081996,0.1394830659536542,0.39037433155080214
0.3229486616937253,0.14348398420359806,0.1421676173760421,0.3913997367266345
0.3234513274336283,0.1504424778761062,0.14115044247787611,0.38495575221238937
0.3280353200883002,0.15143487858719648,0.1346578366445916,0.3858719646799117
0.32418069087688217,0.15190434012400356,0.13728963684676704,0.38662533215234723
0.3265215459795646,0.14660151043980454,0.135495335406486,0.3913816081741448
0.3245382585751979,0.14643799472295516,0.14028144239226034,0.3887423043095866
0.3270693512304251,0.14720357941834453,0.14004474272930648,0.3856823266219239
0.3197856185797231,0.14694059848146493,0.1415810629745422,0.39169271996426974
0.31588287488908606,0.1419698314108252,0.14063886424134872,0.40150842945874
0.3227819884083816,0.14088274632189032,0.13776192599197504,0.398573339277753
0.31544214694236694,0.14254289485261767,0.13990321161460625,0.40211174659040916
0.32017738359201775,0.14057649667405764,0.14323725055432374,0.3960088691796009
0.323036187113857,0.1412180052956752,0.13901147396293026,0.3967343336275375
0.3193899782135076,0.13681917211328976,0.13856209150326798,0.40522875816993464
0.3209986625055729,0.13419527418635754,0.13776192599197504,0.4070441373160945
0.3141967067200712,0.13840676457498888,0.1352914997774811,0.4121050289274588
0.31148262208534977,0.1372635283765948,0.13638363396392433,0.4148702155741311
0.31507449605609117,0.13891323400525854,0.13628396143733568,0.40972830850131464
0.31795790416480074,0.13882669055082847,0.13658755038065382,0.40662785490371695
0.31057268722466963,0.13964757709251102,0.13920704845814977,0.4105726872246696
0.30939716312056736,0.13918439716312056,0.13608156028368795,0.4153368794326241
0.30941901408450706,0.1426056338028169,0.13336267605633803,0.414612676056338
0.3066432028156621,0.14430268367795865,0.13682358117025956,0.41223053233611967
0.3077945084145261,0.1479185119574845,0.13507528786536757,0.4092116917626218
0.3038141166155195,0.14905743095133714,0.13590530469092504,0.4112231477422183
0.31082858395440593,0.14905743095133714,0.1319596668128014,0.4081543182814555
0.31354441512752856,0.148636763412489,0.12884784520668427,0.40897097625329815
0.3066079295154185,0.14889867841409693,0.13171806167400882,0.4127753303964758
0.30735358872743285,0.15147512109202993,0.13782474680757376,0.40334654337296344
0.3058144695960941,0.15268530847758544,0.13759431868619618,0.40390590324012426
0.30782918149466193,0.14635231316725977,0.13523131672597866,0.41058718861209964
0.3032570422535211,0.1426056338028169,0.13556338028169015,0.4185739436619718
0.31058927780239254,0.13779353123615418,0.13690739920248116,0.4147097917589721
0.30691325407309555,0.13958608542492293,0.13826508146191105,0.41523557904007047
0.30542089026002645,0.14323490524460114,0.1388276773909211,0.4125165271044513
0.3039041703637977,0.14285714285714285,0.1344276841171251,0.41881100266193433
0.30155902004454344,0.1443207126948775,0.13273942093541202,0.42138084632516704
0.309114927344782,0.14707177454865697,0.12725671510347863,0.41655658300308235
0.30597014925373134,0.1395961369622476,0.12949956101843724,0.42493415276558383
0.3054704595185996,0.14398249452954048,0.12778993435448577,0.42275711159737417
0.3064228367528992,0.14272970561998216,0.12756467439785907,0.4232827832292596
0.3152077807250221,0.13969938107869143,0.123342175066313,0.4217506631299735
0.31117957746478875,0.14084507042253522,0.12720070422535212,0.42077464788732394
0.3147007042253521,0.14084507042253522,0.12015845070422536,0.4242957746478873
0.311746315319339,0.13845466726217062,0.1205895489057615,0.4292094685127289
0.30616740088105726,0.1356828193832599,0.12246696035242291,0.4356828193832599
0.3029244871235268,0.13531209079004802,0.12134439109559145,0.4404190309908337
0.307488986784141,0.13480176211453745,0.1277533039647577,0.4299559471365639
0.30864197530864196,0.1318342151675485,0.1283068783068783,0.4312169312169312
0.31195079086115995,0.13312829525483305,0.12521968365553604,0.429701230228471
0.3094606542882405,0.1286472148541114,0.12953138815207782,0.4323607427055703
0.3093428699150648,0.1314260169870362,0.12874385337505587,0.4304872597228431
0.312861593235425,0.1295060080106809,0.12505562972852693,0.4325767690253672
0.31274812527569473,0.13145125716806352,0.12483458314953683,0.4309660344067049
0.3095659875996457,0.1341895482728078,0.12488928255093003,0.43135518157661645
0.31007067137809186,0.13250883392226148,0.1254416961130742,0.43197879858657245
0.30004399472063353,0.13638363396392433,0.1249450065992081,0.43862736471623404
0.29722589167767505,0.13694407749889917,0.12417437252311757,0.44165565830030823
0.29817534490431685,0.1344014241210503,0.12505562972852693,0.4423676012461059
0.297273526824978,0.1279683377308707,0.1248900615655233,0.449868073878628
0.30076199013895116,0.12281488121918423,0.12057373375168086,0.4558493948901838
0.30044444444444446,0.11866666666666667,0.12,0.4608888888888889
0.30088105726872244,0.11541850220264317,0.1237885462555066,0.45991189427312773
0.30516014234875444,0.11743772241992882,0.12144128113879003,0.4559608540925267
0.2988403211418377,0.1239964317573595,0.12042818911685994,0.4567350579839429
0.30048394192696876,0.12406511218653761,0.12098548174219094,0.45446546414430267
0.3065725628584032,0.12307013674459638,0.1164534627260697,0.45390383767093073
0.306948109058927,0.11961301671064203,0.11917326297273527,0.4542656112576957
0.30398230088495576,0.12212389380530973,0.12300884955752213,0.4508849557522124
0.3038086802480071,0.12267493356953056,0.1191319751992914,0.45438441098317095
0.30181175430844015,0.12196199734865223,0.12019443216968625,0.45603181617322136
0.30066815144766146,0.12383073496659243,0.12383073496659243,0.45167037861915366
0.30299032541776605,0.11961301671064203,0.11873350923482849,0.4586631486367634
0.2992021276595745,0.11923758865248227,0.11835106382978723,0.46320921985815605
0.2981366459627329,0.11712511091393078,0.11446317657497782,0.4702750665483585
0.2989010989010989,0.12,0.11604395604395605,0.46505494505494505
0.29641116526362427,0.11652636242800177,0.11696942844483828,0.4700930438635357
0.30282935455349247,0.1184792219274978,0.11671087533156499,0.4619805481874447
0.3007585899152164,0.11958946898705936,0.11021865238732709,0.46943328871039713
0.3006651884700665,0.12239467849223946,0.10776053215077605,0.46917960088691796
0.29644444444444445,0.12533333333333332,0.10755555555555556,0.4706666666666667
0.2966064345526664,0.125165271044513,0.10577346848832085,0.4724548259144998
0.2944812362030905,0.12406181015452539,0.11125827814569536,0.47019867549668876
0.2954844366505918,0.11617711530030689,0.10697062691801841,0.48136782113108284
0.30365799911855446,0.11458792419568092,0.10709563684442486,0.4746584398413398
0.30335097001763667,0.11684303350970017,0.10714285714285714,0.47266313932980597
0.306401766004415,0.1196467991169978,0.10772626931567329,0.46622516556291393
0.30687830687830686,0.11948853615520282,0.10405643738977072,0.4695767195767196
0.3050176056338028,0.11795774647887323,0.10299295774647887,0.47403169014084506
0.3034605146406389,0.12111801242236025,0.10381543921916593,0.47160603371783494
0.30725274725274726,0.11692307692307692,0.10373626373626374,0.47208791208791206
0.30684811237928006,0.1154521510096576,0.10667251975417033,0.47102721685689203
0.30566711289602855,0.1106648817492191,0.11021865238732709,0.47344935296742524
0.3066607063030845,0.10996870809119356,0.11220384443451051,0.47116674117121143
0.3000445831475702,0.11413285777975925,0.11012037449843959,0.4757021845742309
0.306076854334227,0.11751563896336015,0.1063449508489723,0.4700625558534406
0.30328227571115973,0.11291028446389496,0.10809628008752735,0.47571115973741795
0.30367419212040725,0.11420982735723771,0.1049136786188579,0.4772023019034971
0.3018197958277852,0.11495783399911229,0.10430537061695518,0.47891699955614736
0.30167844522968196,0.11351590106007067,0.10424028268551237,0.48056537102473496
0.2982300884955752,0.10973451327433628,0.10619469026548672,0.48584070796460177
0.3034847816497574,0.11027790030877813,0.10630789589766211,0.4799294221438024
0.3021295474711624,0.10780834072759539,0.10425909494232476,0.48580301685891747
0.3008057296329454,0.10743061772605192,0.10608773500447627,0.4856759176365264
0.29723707664884136,0.10784313725490197,0.10784313725490197,0.4870766488413547
0.30039875941515287,0.10367744793974303,0.11120957022596367,0.4847142224191405
0.2972493345164153,0.10070984915705412,0.10913930789707187,0.49290150842945873
0.2982766239505082,0.1034025629695095,0.10870525850640743,0.4896155545735749
0.2992021276595745,0.10328014184397163,0.10726950354609929,0.49024822695035464
0.2941696113074205,0.10379858657243816,0.11263250883392226,0.48939929328621906
0.29071803852889666,0.10376532399299475,0.11164623467600701,0.4938704028021016
0.2924028268551237,0.09849823321554771,0.11174911660777385,0.49734982332155475
0.29690265486725664,0.09469026548672567,0.11371681415929204,0.4946902654867257
0.2983835736129314,0.09217999126256007,0.11489733508082133,0.4945391000436872
0.29765590446705,0.09155241043785936,0.11057054400707651,0.5002211410880142
0.3018037835459745,0.09370875494940607,0.10426748790145182,0.5002199736031676
0.3030436700485223,0.09572121746801941,0.10101455668284076,0.5002205558006175
0.2987128273413227,0.09454061251664447,0.10297381269418553,0.5037727474478473
0.28975265017667845,0.09187279151943463,0.10159010600706714,0.5167844522968198
0.29175848391361836,0.09387395328338476,0.09960334949316879,0.5147642133098281
0.29738126941855303,0.0954283177984909,0.09720372836218376,0.5099866844207723
0.29229406554472986,0.09610274579273693,0.09787422497785651,0.5137289636846767
0.2886142983230362,0.09355692850838482,0.09532215357458076,0.5225066195939982
0.28558797524314766,0.09637488947833775,0.09151193633952255,0.5265251989389921
0.29544449358690844,0.09332153914197258,0.09287925696594428,0.5183547103051747
0.29226736566186107,0.09349060725207514,0.09392747924858016,0.5203145478374837
0.29190371991247266,0.09409190371991247,0.08971553610503283,0.524288840262582
0.28684557853057635,0.09590849098108227,0.08886933567971843,0.528376594808623
0.2868490732568402,0.09267431597528684,0.0939982347749338,0.5264783759929391
0.28824049513704686,0.09151193633952255,0.09283819628647215,0.5274093722369585
0.289899431569742,0.08876257105378224,0.09925666812418014,0.5220813292522956
0.28835978835978837,0.08994708994708994,0.09964726631393298,0.5220458553791887
0.2869179600886918,0.0917960088691796,0.10199556541019955,0.519290465631929
0.2861552028218695,0.09126984126984126,0.1009700176366843,0.5216049382716049
0.287341217696014,0.09067017082785808,0.1029347349978099,0.519053876478318
0.29159369527145357,0.09063047285464099,0.09851138353765324,0.5192644483362522
0.2818703131892369,0.09395677106307895,0.09395677106307895,0.5302161446846052
0.2827525363917071,0.09263343625937362,0.09439788266431408,0.5302161446846052
0.2857142857142857,0.0950906678460858,0.08978328173374613,0.5294117647058824
0.2854020979020979,0.09134615384615384,0.09090909090909091,0.5323426573426573
0.2848990342405619,0.08999122036874452,0.09306409130816505,0.5320456540825286
0.2834960070984916,0.09094942324755989,0.09139307897071872,0.5341614906832298
0.27701808557565066,0.0952801058667843,0.09219232465813851,0.5355094838994265
0.2761820592134335,0.09191338930623066,0.09368095448519664,0.5382235969951392
0.2774822695035461,0.09042553191489362,0.09219858156028368,0.5398936170212766
0.27653880463871544,0.09143621766280106,0.09322033898305085,0.5388046387154326
0.2755238519839501,0.09184128399465002,0.09362460989745876,0.5390102541239411
0.28150134048257375,0.08981233243967829,0.09472743521000894,0.533958891867739
0.2778023925564909,0.08994240141781125,0.09570225963668587,0.536552946389012
0.27580071174377224,0.08540925266903915,0.09741992882562278,0.5413701067615658
0.278497988377291,0.08582923558337059,0.09834599910594546,0.5373267769333929
0.2790286975717439,0.0847682119205298,0.09580573951434879,0.5403973509933775
0.28239499553172476,0.08266309204647006,0.09428060768543342,0.5406613047363718
0.28073312472060796,0.0849351810460438,0.09387572641931158,0.5404559678140367
0.28213028169014087,0.0801056338028169,0.09375,0.5440140845070423
0.282039911308204,0.08070953436807095,0.0975609756097561,0.5396895787139689
0.28502415458937197,0.0821256038647343,0.09574000878348704,0.5371102327624067
0.2802294792586055,0.0825242718446602,0.0997352162400706,0.5375110326566638
0.2800710164225477,0.08300044385264092,0.09809143364403018,0.5388371060807812
0.28731510533393095,0.08471537427162708,0.09367996414164052,0.5342895562528014
0.2913732394366197,0.0840669014084507,0.09066901408450705,0.5338908450704225
0.2867163524769838,0.08943445857080227,0.0916264796142043,0.5322227093380096
0.28307692307692306,0.08791208791208792,0.09054945054945054,0.5384615384615384
0.28103146853146854,0.08610139860139861,0.09134615384615384,0.5415209790209791
0.2850262697022767,0.08669001751313485,0.08844133099824869,0.5398423817863398
0.2764731945059814,0.08817013735046522,0.0872840053167922,0.5480726628267611
0.28060097216084845,0.08837825894829872,0.0830755634114008,0.547945205479452
0.2806167400881057,0.08854625550660793,0.08370044052863436,0.547136563876652
0.27438752783964365,0.09042316258351893,0.08775055679287305,0.5474387527839644
0.27212094264117387,0.08848377056469542,0.08448199199644287,0.5549132947976878
0.2677234698370762,0.09026860413914575,0.08586525759577279,0.5561426684280053
0.26373147340889275,0.08500435919790758,0.08544027898866609,0.5658238884045336
0.2627416520210896,0.0843585237258348,0.0883128295254833,0.5645869947275922
0.2605228178998671,0.08551174124944617,0.09127159946832078,0.562693841382366
0.2630884293884734,0.08139023317201936,0.09546854377474703,0.5600527936647602
0.2565236620964175,0.08182220256523662,0.09730207872622733,0.5643520566121185
0.2554420257663261,0.0844069302532208,0.09373611728120836,0.5664149266992448
0.2595520421607378,0.08388230127360562,0.09134826526130874,0.5652173913043478
0.2591289045314562,0.0796304443466784,0.09458864936207655,0.5666520017597888
0.2590968873301184,0.08154318281455503,0.0920648838228847,0.567295046032442
0.26206285967242143,0.08322266489597167,0.08897742363877822,0.5657370517928287
0.2581211589113257,0.08472344161545214,0.08823529411764706,0.568920105355575
0.263016157989228,0.0848294434470377,0.08976660682226212,0.5623877917414721
0.26541320507214694,0.0804547442063839,0.08788806296458242,0.5662439877568868
0.26448474126492705,0.0804953560371517,0.08536045997346307,0.5696594427244582
0.2650066696309471,0.08136949755446865,0.08359270787016451,0.5700311249444198
0.26430155210643014,0.08381374722838138,0.0860310421286031,0.5658536585365853
0.26972234464521816,0.08461877479065667,0.08505949757602468,0.5605993829881005
0.2699172834131476,0.08619939050936004,0.08794079233783196,0.5559425337396604
0.267927848658161,0.086229652441707,0.09018917729872415,0.5556533216014078
0.26388271879164815,0.0866281652598845,0.08618391825855176,0.5633051976899156
0.2674825174825175,0.08479020979020979,0.08872377622377622,0.5590034965034965
0.2607550482879719,0.08955223880597014,0.08735733099209833,0.5623353819139596
0.25542275343072157,0.09207613988490483,0.08543603364320496,0.5670650730411687
0.25044014084507044,0.08494718309859155,0.08626760563380281,0.5783450704225352
0.25076586433260395,0.08227571115973742,0.08665207877461707,0.5803063457330416
0.25422222222222224,0.08444444444444445,0.08577777777777777,0.5755555555555556
0.2567747667703243,0.08751665926254998,0.08751665926254998,0.5681919147045758
0.25320371188687585,0.08882015024304021,0.08528501988510827,0.5726911179849757
0.25686448184233834,0.08724534986713905,0.08503100088573959,0.570859167404783
0.25507502206531335,0.08384819064430715,0.08428949691085613,0.5767872903795234
0.25762262483429077,0.0826336721166593,0.08572691117984976,0.5740167918692002
0.2539964476021314,0.08126110124333925,0.08703374777975133,0.577708703374778
0.25355871886120995,0.07873665480427046,0.09074733096085409,0.5769572953736655
0.24570673712021135,0.07573756054601496,0.09423161602818142,0.5843240863055923
0.2479010163499779,0.0764471939902784,0.09368095448519664,0.5819708351745471
0.2514310876265962,0.0726552179656539,0.08938793483047115,0.5865257595772787
0.2517574692442882,0.07161687170474516,0.08743409490333919,0.5891915641476274
0.2523117569352708,0.06825187142228094,0.08982826948480846,0.5896081021576398
0.25355239786856126,0.06793960923623446,0.08925399644760214,0.5892539964476021
0.2566489361702128,0.07402482269503546,0.08820921985815602,0.5811170212765957
0.24812362030905077,0.07328918322295806,0.08962472406181016,0.588962472406181
0.25252082419991234,0.07672073651907059,0.08987286277948268,0.5808855765015344
0.24922941435490972,0.07573756054601496,0.09114927344782034,0.583883751651255
0.25110717449069975,0.07617360496014172,0.08945969884853854,0.58325952170062
0.2515418502202643,0.07444933920704846,0.08590308370044053,0.5881057268722467
0.2535398230088496,0.08097345132743362,0.08539823008849558,0.5800884955752212
0.2565236620964175,0.08226448474126492,0.08624502432551968,0.5749668288367978
0.25389755011135856,0.08285077951002227,0.08908685968819599,0.5741648106904231
0.25317564607971965,0.07971966710468681,0.09154621112571178,0.5755584756898817
0.24856765094755398,0.08109299250771265,0.09299250771264875,0.5773468488320846
0.24327897752313796,0.08594094314676069,0.09739973556632878,0.5733803437637726
0.24312333629103816,0.08828748890860692,0.09361135758651287,0.5749778172138421
0.2440944881889764,0.08880139982502187,0.09405074365704287,0.5730533683289589
0.24369016536118362,0.08746736292428199,0.09530026109660575,0.5735422106179286
0.23954205195948922,0.08762659621312198,0.0964332892998679,0.5763980625275209
0.24014178112538767,0.09038546743464776,0.09703145768719539,0.5724412937527692
0.23693534100974314,0.09344552701505757,0.09698848538529672,0.5726306465899026
0.24105545617173524,0.09615384615384616,0.09749552772808587,0.5652951699463328
0.24107536359629794,0.09387395328338476,0.09563684442485676,0.5694138386954606
0.24019391802556192,0.09122961657117673,0.09607756721022477,0.5724988981930366
0.24156305506216696,0.09458259325044405,0.09635879218472469,0.5674955595026643
0.24168126094570927,0.09807355516637478,0.09632224168126094,0.563922942206655
0.24395604395604395,0.0967032967032967,0.09714285714285714,0.5621978021978022
0.24614707177454867,0.09423161602818142,0.09423161602818142,0.5653896961690885
0.2466784765279008,0.09521700620017715,0.0983170947741364,0.5597874224977857
0.25252969643642764,0.09414870215574131,0.09766827980642323,0.5556533216014078
0.2472259209942299,0.09365290723479805,0.0954283177984909,0.5636928539724811
0.25099778270509976,0.09090909090909091,0.09623059866962307,0.5618625277161863
0.25,0.09319787985865724,0.09363957597173145,0.5631625441696113
0.2598669623059867,0.09268292682926829,0.09490022172949002,0.5525498891352549
0.25642161204605846,0.091674047829938,0.09698848538529672,0.5549158547387069
0.25375110326566636,0.09355692850838482,0.10105913503971757,0.5516328331862312
0.25398230088495577,0.09380530973451327,0.09778761061946903,0.554424778761062
0.2608503100088574,0.09477413640389726,0.09388839681133747,0.5504871567759079
0.2630884293884734,0.09546854377474703,0.09194896612406511,0.5494940607127144
0.2722859664607237,0.09488084730803177,0.08958517210944396,0.5432480141218006
0.2725274725274725,0.09626373626373626,0.08791208791208792,0.5432967032967033
0.2629253203711887,0.10207688908528502,0.08749447635881573,0.5475033141847105
0.2696035242290749,0.09118942731277534,0.0933920704845815,0.5458149779735683
0.267817618415228,0.08764940239043825,0.09428950863213811,0.5502434705621957
0.26090828138913624,0.0881567230632235,0.09706144256455922,0.553873552983081
0.2629955947136564,0.08722466960352424,0.09779735682819383,0.5519823788546255
0.2583222370173103,0.0887705281846427,0.09809143364403018,0.5548158011540169
0.25719344842850816,0.09119079238601151,0.09473218238158478,0.5568835768038956
0.2564102564102564,0.09169926119078661,0.09517601043024772,0.5567144719687093
0.256108202443281,0.09424083769633508,0.0924956369982548,0.5571553228621291
0.2603890362511052,0.09018567639257294,0.09681697612732096,0.5526083112290009
0.2602921646746348,0.09119079238601151,0.09517485613103142,0.5533421868083223
0.2640105078809107,0.0893169877408056,0.09719789842381786,0.5494746059544658
0.26625386996904027,0.0875718708536046,0.09730207872622733,0.5488721804511278
0.2629253203711887,0.08882015024304021,0.09279717189571365,0.5554573574900574
0.26123348017621145,0.09251101321585903,0.09251101321585903,0.5537444933920704
0.2570546737213404,0.09391534391534391,0.09347442680776014,0.5555555555555556
0.2580357142857143,0.090625,0.08705357142857142,0.5642857142857143
0.26238286479250333,0.09103078982597054,0.07898259705488621,0.5676037483266398
0.26073483842408146,0.08897742363877822,0.0818946436476317,0.5683930942895087
0.26325167037861913,0.08997772828507795,0.07973273942093541,0.5670378619153675
0.26542387927208166,0.08566355969818021,0.0758988015978695,0.5730137594318686
0.2675187307183781,0.08902600264433672,0.07624504186866461,0.5672102247686205
0.26430155210643014,0.0860310421286031,0.07760532150776053,0.5720620842572062
0.25846153846153846,0.08615384615384615,0.07956043956043957,0.5758241758241758
0.2585278276481149,0.08886894075403949,0.0803411131059246,0.572262118491921
0.2674366948023101,0.08796090626388271,0.0790759662372279,0.5655264326965793
0.26048951048951047,0.08828671328671328,0.07910839160839161,0.5721153846153846
0.26537785588752194,0.08655536028119508,0.07952548330404217,0.5685413005272407
0.26982720425343376,0.08772707133362871,0.08019494904740807,0.5622507753655295
0.2667257421355782,0.09127159946832078,0.08196721311475409,0.560035445281347
0.26790450928381965,0.08797524314765694,0.08001768346595933,0.5641025641025641
0.27414330218068533,0.08500222518914108,0.07610146862483311,0.5647530040053405
0.2772190642763446,0.08482728465238304,0.07214691735898557,0.5658067337122868
0.28046078865750995,0.08595480726628267,0.07443509082853345,0.5591493132476739
0.2774108322324967,0.08762659621312198,0.07485689123734038,0.560105680317041
0.2827525363917071,0.08910454344949272,0.07543008381120424,0.5527128363475959
0.28779840848806365,0.09062776304155615,0.07780725022104333,0.5437665782493368
0.2896368467670505,0.08857395925597875,0.07573073516386182,0.546058458813109
0.2853333333333333,0.08977777777777778,0.07555555555555556,0.5493333333333333
0.28167770419426047,0.08830022075055188,0.0772626931567329,0.5527593818984547
0.2784191829484902,0.0905861456483126,0.07149200710479574,0.5595026642984015
0.2755281690140845,0.09375,0.07394366197183098,0.5567781690140845
0.2754517408550022,0.09034817100044072,0.07360070515645659,0.5605993829881005
0.28003533568904593,0.08833922261484099,0.07022968197879859,0.5613957597173145
0.27622841965471445,0.09251881363435148,0.06949977866312528,0.5617529880478087
0.27654867256637167,0.08893805309734513,0.06858407079646017,0.565929203539823
0.26868327402135234,0.09252669039145907,0.0693950177935943,0.5693950177935944
0.26817375886524825,0.09397163120567376,0.06914893617021277,0.5687056737588653
0.275355871886121,0.0947508896797153,0.06895017793594306,0.5609430604982206
0.28118113706478626,0.09387395328338476,0.07139709122961657,0.5535478184222125
0.27584689837219534,0.09458864936207655,0.07259128904531456,0.5569731632204136
0.2732506643046944,0.10053144375553587,0.07395925597874226,0.5522586359610274
0.2647058823529412,0.10383244206773619,0.07575757575757576,0.5557040998217468
0.266900790166813,0.09833187006145742,0.07594381035996488,0.5588235294117647
0.2683790965456156,0.09477413640389726,0.07883082373782108,0.5580159433126661
0.2655141843971631,0.09042553191489362,0.08554964539007093,0.5585106382978723
0.2643171806167401,0.0920704845814978,0.07841409691629955,0.5651982378854625
0.2619257950530035,0.09143109540636042,0.08303886925795052,0.5636042402826855
0.2636881296539641,0.09067017082785808,0.07971966710468681,0.565922032413491
0.26799116997792494,0.09006622516556291,0.07991169977924945,0.5620309050772627
0.2609078889378581,0.08550022036139268,0.08505949757602468,0.5685323931247246
0.259391771019678,0.0872093023255814,0.0836314847942755,0.5697674418604651
0.2619257950530035,0.08568904593639576,0.08215547703180212,0.5702296819787986
0.254696373962429,0.08650065530799476,0.08737439930100481,0.5714285714285714
0.25198587819947044,0.08649602824360106,0.08605472197705208,0.5754633715798765
0.25208974923009236,0.08710954685437748,0.08534975802903652,0.5754509458864936
0.25384277558190604,0.08607817303469477,0.08388230127360562,0.5761967501097935
0.25920994229915667,0.085219707057257,0.08610741233910342,0.5694629383044829
0.2568888888888889,0.08844444444444445,0.08577777777777777,0.5688888888888889
0.25673249551166966,0.08707360861759425,0.08527827648114901,0.5709156193895871
0.25066079295154187,0.08502202643171806,0.08502202643171806,0.579295154185022
0.25233229675699687,0.08174144824522435,0.0888494002665482,0.5770768547312306
0.2546337157987643,0.08164165931156223,0.08693733451015004,0.5767872903795234
0.25547765118317267,0.08369851007887817,0.09202453987730061,0.5687992988606485
0.2524314765694076,0.08532272325375774,0.09504862953138815,0.5671971706454465
0.2503293807641634,0.0878348704435661,0.09749670619235837,0.5643390425999122
0.25386313465783666,0.08388520971302428,0.09801324503311258,0.5642384105960265
0.2510974539069359,0.08691834942932397,0.09350307287093942,0.5684811237928007
0.25762262483429077,0.08837825894829872,0.09147149801148917,0.5625276182059213
0.2513250883392226,0.08657243816254417,0.09275618374558305,0.5693462897526502
0.24955595026642985,0.08880994671403197,0.09103019538188277,0.5706039076376554
0.24868421052631579,0.08464912280701754,0.0881578947368421,0.5785087719298245
0.24736379613356765,0.08391915641476275,0.0883128295254833,0.5804042179261862
0.24462954844366505,0.08417360806663744,0.08417360806663744,0.58702323542306
0.24545051043053706,0.08433200177541056,0.0821127385707945,0.5881047492232578
0.25142857142857145,0.08351648351648351,0.08527472527472528,0.5797802197802198
0.24833997343957503,0.08012394864984507,0.08853474988933156,0.5830013280212484
0.2507685551163812,0.077733860342556,0.08519982433025912,0.5862977602108037
0.2570546737213404,0.07451499118165784,0.0855379188712522,0.5828924162257496
0.25662544169611307,0.07641342756183746,0.08524734982332155,0.5817137809187279
0.25691699604743085,0.077733860342556,0.08563899868247694,0.5797101449275363
0.25552608311229,0.07824933687002653,0.09239610963748895,0.5738284703801945
0.2545454545454545,0.082039911308204,0.09268292682926829,0.5707317073170731
0.25984251968503935,0.07917760279965004,0.09361329833770779,0.5673665791776028
0.26125724476148016,0.07846633972358448,0.09362460989745876,0.5666518056174766
0.26698816308636564,0.079351161771153,0.0916264796142043,0.562034195528277
0.2659902955447728,0.08601676224084694,0.0917512130569034,0.5562417291574768
0.2671721677074041,0.08563782337198929,0.09545049063336307,0.5517395182872435
0.272887323943662,0.08626760563380281,0.09110915492957747,0.5497359154929577
0.27079646017699116,0.08716814159292036,0.09247787610619469,0.5495575221238939
0.27308707124010556,0.08839050131926121,0.09542656112576957,0.5430958663148637
0.2758467023172905,0.08778966131907308,0.09135472370766488,0.5450089126559715
0.2739244951712028,0.08911325724319578,0.08911325724319578,0.5478489903424056
0.2800528401585205,0.08762659621312198,0.09158960810215765,0.5407309555261999
0.2795414462081129,0.09171075837742504,0.09171075837742504,0.5370370370370371
0.2833629893238434,0.0898576512455516,0.09163701067615658,0.5351423487544484
0.2828860536735592,0.09018917729872415,0.09150901891772988,0.5354157501099868
0.2867132867132867,0.0895979020979021,0.08828671328671328,0.5354020979020979
0.2775310834813499,0.08880994671403197,0.08570159857904085,0.5479573712255773
0.2744924977934687,0.08649602824360106,0.08958517210944396,0.5494263018534863
0.2730905861456483,0.08614564831261101,0.08925399644760214,0.5515097690941385
0.27079646017699116,0.08539823008849558,0.08761061946902655,0.5561946902654867
0.2698412698412698,0.08686067019400352,0.08950617283950617,0.5537918871252204
0.2774108322324967,0.08674592690444738,0.09158960810215765,0.5442536327608983
0.27420774647887325,0.08890845070422536,0.09198943661971831,0.5448943661971831
0.27132125497127707,0.08616880247459124,0.09191338930623066,0.550596553247901
0.26909569798068483,0.09043020193151888,0.09350307287093942,0.5469710272168569
0.27188737351517817,0.09018917729872415,0.09590849098108227,0.5420149582050154
0.2719683655536028,0.09358523725834798,0.09622144112478032,0.5382249560632689
0.2686369651521835,0.09351565946184384,0.09572121746801941,0.5421261579179533
0.264783759929391,0.09179170344218888,0.09532215357458076,0.5481023830538394
0.2633654688869413,0.09027169149868536,0.09465381244522349,0.5517090271691498
0.26744690073688776,0.08929345470307759,0.09796272214997832,0.5452969224100563
0.25939019001325675,0.08528501988510827,0.09942554131683606,0.5558992487847989
0.2606969563299515,0.08601676224084694,0.09660344067048963,0.556682840758712
0.2650334075723831,0.08106904231625835,0.0935412026726058,0.5603563474387527
0.26728723404255317,0.08023049645390071,0.09441489361702128,0.5580673758865248
0.26610767872903796,0.08164165931156223,0.09885260370697264,0.5533980582524272
0.2687224669603524,0.08590308370044053,0.09823788546255506,0.547136563876652
0.26449912126537783,0.0852372583479789,0.10193321616871705,0.5483304042179262
0.2623456790123457,0.08597883597883597,0.10449735449735449,0.5471781305114638
0.2708333333333333,0.08953900709219859,0.10505319148936171,0.5345744680851063
0.2717678100263852,0.08883025505716799,0.10026385224274406,0.5391380826737028
0.2717247463608293,0.09704455227172475,0.09616232906925452,0.5350683722981915
0.2763216348289649,0.09729009329187029,0.09195912927587739,0.5344291426032874
0.2640176600441501,0.09845474613686535,0.09403973509933775,0.5434878587196468
0.2598669623059867,0.1033259423503326,0.09002217294900222,0.5467849223946785
0.26444833625218916,0.10245183887915937,0.09019264448336252,0.542907180385289
0.2732919254658385,0.09849157054125998,0.08961845607808341,0.5385980479148181
0.27876106194690264,0.09292035398230089,0.0915929203539823,0.5367256637168142
0.27244718309859156,0.09639084507042253,0.08714788732394366,0.5440140845070423
0.27003098716246127,0.09517485613103142,0.08587870739265162,0.5489154493138557
0.26652078774617066,0.0949671772428884,0.087527352297593,0.5509846827133479
0.268624014022787,0.09991235758106924,0.08326029798422437,0.5482033304119194
0.27184466019417475,0.09752868490732568,0.07987643424536628,0.5507502206531333
0.27088830255057167,0.09718557607739665,0.0822339489885664,0.5496921723834652
0.2709620476610768,0.09796999117387467,0.0820829655781112,0.5489849955869374
0.2718106093818501,0.09907935116177115,0.08198158702323542,0.5471284524331433
0.26904447380008806,0.10083663584324086,0.07793923381770146,0.5521796565389696
