C,D,Oc,Od
0.0,0.0,1.0,0.0
0.0,0.0,1.0,0.0
0.0,0.0,0.8888888888888888,0.1111111111111111
0.0,0.0,0.7692307692307693,0.23076923076923078
0.0,0.04,0.68,0.28
0.0,0.023809523809523808,0.6190476190476191,0.35714285714285715
0.028169014084507043,0.014084507042253521,0.5633802816901409,0.39436619718309857
0.03636363636363636,0.01818181818181818,0.5181818181818182,0.42727272727272725
0.04216867469879518,0.03614457831325301,0.46987951807228917,0.45180722891566266
0.045081967213114756,0.040983606557377046,0.45081967213114754,0.46311475409836067
0.05828220858895705,0.049079754601226995,0.4447852760736196,0.44785276073619634
0.06971153846153846,0.07211538461538461,0.43028846153846156,0.42788461538461536
0.07587548638132295,0.07976653696498054,0.42217898832684825,0.42217898832684825
0.09220985691573927,0.08267090620031796,0.40063593004769477,0.424483306836248
0.10738255033557047,0.08590604026845637,0.3932885906040268,0.4134228187919463
0.11771428571428572,0.09257142857142857,0.36457142857142855,0.42514285714285716
0.13582677165354332,0.08956692913385826,0.3671259842519685,0.4074803149606299
0.14493996569468268,0.08662092624356775,0.3542024013722127,0.4142367066895369
0.16191210485736315,0.08635312259059368,0.3407864302235929,0.4109483423284503
0.17555705604321403,0.08305199189736664,0.337609723160027,0.4037812288993923
0.18903940886699508,0.07635467980295567,0.33004926108374383,0.40455665024630544
0.20225352112676057,0.08,0.3261971830985915,0.39154929577464787
0.21116377040547657,0.08478146392838336,0.3154291732490785,0.3886255924170616
0.22008862629246675,0.08911866075824718,0.3062530773018218,0.3845396356474643
0.2291963861150737,0.0932001902044698,0.30622919638611507,0.37137422729434144
0.23087621696801114,0.10013908205841446,0.30366249420491426,0.3653222067686602
0.22947845804988662,0.10249433106575964,0.3020408163265306,0.3659863945578231
0.2284812978819288,0.10455159981973862,0.30058584948174855,0.36638125281658407
0.22684980062029242,0.1076650420912716,0.307487815684537,0.35799734160389896
0.2287756925826631,0.11349419124218052,0.30473637176050045,0.3529937444146559
0.23480176211453743,0.1171806167400881,0.3022026431718062,0.3458149779735683
0.23526824978012312,0.11477572559366754,0.29991204925241866,0.3500439753737907
0.23738481790258886,0.11715664765247916,0.3036419482229048,0.3418165862220272
0.2413339183852567,0.11891180342255375,0.29881526985519963,0.3409390083369899
0.2356043956043956,0.12043956043956044,0.3010989010989011,0.34285714285714286
0.23680767553423462,0.11949411251635413,0.29960750109027473,0.3440907108591365
0.23104212860310422,0.11796008869179601,0.3002217294900222,0.3507760532150776
0.2413339183852567,0.12242211496270294,0.28872312417727075,0.3475208424747696
0.24778761061946902,0.12345132743362831,0.28805309734513274,0.3407079646017699
0.24239753195240193,0.127809607756721,0.2904363155575143,0.33935654473336274
0.24517543859649124,0.1267543859649123,0.28728070175438597,0.34078947368421053
0.24464831804281345,0.1258191349934469,0.28964613368283093,0.3398864132809087
0.24178712220762155,0.12658782303985983,0.2895313184406483,0.34209373631187034
0.24243752740026303,0.1302060499780798,0.2875931608943446,0.3397632617273126
0.24118165784832452,0.12962962962962962,0.2940917107583774,0.3350970017636684
0.24283825473776993,0.13221683561040107,0.29263992948435436,0.3323049801674747
0.2459964412811388,0.12855871886120995,0.2918149466192171,0.33362989323843417
0.2506619593998235,0.1297440423654016,0.28949691085613416,0.3300970873786408
0.24370112945264988,0.12988705473501302,0.29365768896611644,0.3327541268462207
0.24788982674366947,0.12749888938249668,0.2932030208796091,0.33140826299422477
0.2484472049689441,0.12732919254658384,0.29103815439219166,0.3331854480922804
0.25110717449069975,0.13020372010628875,0.28299379982285205,0.3356953055801594
0.2533976326172731,0.1310828583954406,0.28145550197281893,0.3340640070144673
0.24724548259145,0.1370647862494491,0.28250330542089025,0.33318642573821067
0.2413491020586947,0.13797634691195795,0.2895313184406483,0.3311432325886991
0.23625886524822695,0.13918439716312056,0.287677304964539,0.33687943262411346
0.23853211009174313,0.13892529488859764,0.2870249017038008,0.33551769331585846
0.2400890868596882,0.14565701559020044,0.2864142538975501,0.32783964365256124
0.2399647110719012,0.14909572121746803,0.28098808998676666,0.32995147772386413
0.24713656387665198,0.1422907488986784,0.28370044052863436,0.32687224669603526
0.24505059392872855,0.1460624725032996,0.28156621205455346,0.3273207215134184
0.25033229951262737,0.14532565352237484,0.28400531679220203,0.32033673017279574
0.2489025460930641,0.15100965759438104,0.2778753292361721,0.3222124670763828
0.2459016393442623,0.14665485157288435,0.28533451484271155,0.3221089942401418
0.24988962472406182,0.14834437086092717,0.2803532008830022,0.32141280353200885
0.25043478260869567,0.1482608695652174,0.2821739130434783,0.3191304347826087
0.246684350132626,0.15075154730327145,0.28116710875331563,0.3213969938107869
0.24547461368653423,0.1554083885209713,0.2785871964679912,0.3205298013245033
0.24658740642888596,0.1554381329810656,0.2800528401585205,0.31792162043152794
0.24451273046532046,0.15539947322212466,0.28094820017559263,0.31913959613696224
0.24326710816777042,0.15055187637969095,0.27770419426048565,0.32847682119205296
0.23985890652557318,0.15343915343915343,0.2830687830687831,0.3236331569664903
0.23828296101620675,0.15549715286903198,0.28164695575996496,0.32457293035479634
0.2394678492239468,0.16008869179600888,0.27893569844789357,0.3215077605321508
0.24811696942844483,0.16171909614532565,0.27558706247230835,0.31457687195392114
0.24091108190976784,0.16557161629434955,0.2728865527814279,0.32063074901445465
0.2350861688024746,0.16703490941228458,0.2752982766239505,0.3225806451612903
0.2375933245498463,0.16688625384277558,0.27624066754501536,0.31927975406236275
0.24033391915641475,0.17223198594024605,0.2781195079086116,0.3093145869947276
0.24073266463148713,0.17400784997819452,0.2769297863061492,0.3083296990841692
0.24305555555555555,0.1792534722222222,0.2682291666666667,0.3094618055555556
0.235657546337158,0.18270079435127978,0.2744924977934687,0.30714916151809357
0.24363476733977174,0.17998244073748904,0.2721685689201054,0.3042142230026339
0.24649737302977234,0.18257443082311733,0.26751313485113837,0.30341506129597196
0.24749017896115233,0.19205587079877784,0.27149716281099956,0.28895678742907027
0.25320938468348825,0.19256308100929614,0.2673749446657813,0.2868525896414343
0.2537577365163572,0.1940760389036251,0.26657824933687,0.28558797524314766
0.25822007891275756,0.19465146865409907,0.26435773783428324,0.28277071459886016
0.2540445999125492,0.19370354175776125,0.2606034105815479,0.2916484477481417
0.25518763796909494,0.20176600441501102,0.2556291390728477,0.28741721854304636
0.2528786536758193,0.1966341895482728,0.25642161204605846,0.2940655447298494
0.25142606406318563,0.20491443615620886,0.2558139534883721,0.2878455462922334
0.25055041831792163,0.20035226772346984,0.25583443416996915,0.29326287978863935
0.24857518632178868,0.20473476545374836,0.25865848312143797,0.28803156510302497
0.24566859173700578,0.2079075966237228,0.2598844957796535,0.28653931585961795
0.24845542806707854,0.21006178287731686,0.25904677846425417,0.2824360105913504
0.24074074074074073,0.21075837742504408,0.2623456790123457,0.2861552028218695
0.2503299604047514,0.20413550373955125,0.2639683238011439,0.28156621205455346
0.24769027716674,0.20633523977122745,0.2591289045314562,0.28684557853057635
0.2545213939126599,0.20599911777679752,0.2479047198941332,0.29157476841640934
0.2615923009623797,0.20297462817147857,0.25065616797900264,0.2847769028871391
0.2618310482087572,0.1977001326846528,0.2556390977443609,0.2848297213622291
0.26136865342163357,0.19955849889624724,0.2520971302428256,0.2869757174392936
0.2598597721297108,0.2011393514460999,0.25547765118317267,0.28352322524101664
0.25521526853084775,0.20861074123391035,0.24944518419884598,0.2867288060363959
0.2533097969991174,0.20476610767872905,0.2524271844660194,0.28949691085613416
0.2511013215859031,0.20484581497797358,0.25198237885462554,0.2920704845814978
0.2509838216003498,0.2090074333187582,0.25010931351114996,0.289899431569742
0.25044483985765126,0.2050711743772242,0.2526690391459075,0.2918149466192171
0.24945295404814005,0.20175054704595186,0.2551422319474836,0.2936542669584245
0.25185832968954963,0.20069960647135987,0.2540445999125492,0.2933974639265413
0.2514463729417,0.20427236315086783,0.24833110814419226,0.29595015576323985
0.25173913043478263,0.20652173913043478,0.24739130434782608,0.29434782608695653
0.2507767421216156,0.21171770972037285,0.24633821571238348,0.29116733244562804
0.24934268185801928,0.2151621384750219,0.24364592462751972,0.2918492550394391
0.24631396357328708,0.22289679098005205,0.2419774501300954,0.2888117953165655
0.24433585073300756,0.22878720568636163,0.24122612172367836,0.28565082185695245
0.24370860927152319,0.2269315673289183,0.24415011037527592,0.28520971302428255
0.2367382726874178,0.2253397632617273,0.2476983779044279,0.290223586146427
0.2396109637488948,0.23253757736516356,0.2413793103448276,0.2864721485411141
0.23611718408395277,0.22955837341495408,0.24967205946655008,0.28465238303454304
0.23898822503270825,0.23462712603576102,0.24422154382904493,0.2821631051024858
0.24101665205959685,0.23400525854513585,0.24934268185801928,0.275635407537248
0.23765432098765432,0.24029982363315697,0.24691358024691357,0.2751322751322751
0.2422907488986784,0.2431718061674009,0.24405286343612334,0.27048458149779736
0.24988942945599293,0.2419283502874834,0.24281291463954002,0.26536930561698363
0.24714661984196665,0.24582967515364354,0.2497805092186128,0.257243195785777
0.24519230769230768,0.2517482517482518,0.2403846153846154,0.26267482517482516
0.24526640246587406,0.2514310876265962,0.23734037868780272,0.265962131219727
0.24413976116762495,0.2529854046881911,0.24060150375939848,0.2622733303847855
0.2385809312638581,0.2523281596452328,0.24789356984478936,0.2611973392461197
0.24074074074074073,0.25132275132275134,0.24426807760141092,0.263668430335097
0.23851590106007067,0.25574204946996465,0.24734982332155478,0.2583922261484099
0.23740053050397877,0.257736516357206,0.2484526967285588,0.2564102564102564
0.23495318769505127,0.2621489077128845,0.2425323227819884,0.2603655818100758
0.23765432098765432,0.2654320987654321,0.24206349206349206,0.25485008818342153
0.23820026466696073,0.2686369651521835,0.24614027348919276,0.24702249669166298
0.24057843996494302,0.2721297107800175,0.24364592462751972,0.24364592462751972
0.23934280639431615,0.2753108348134991,0.2424511545293073,0.24289520426287745
0.24145486415425066,0.2677475898334794,0.24758983347940403,0.2432077125328659
0.24529128339903636,0.26763031099430573,0.24923346473937802,0.2378449408672799
0.2401592215833702,0.25829279080053075,0.2560813799203892,0.24546660769570985
0.2416077738515901,0.2575088339222615,0.25662544169611307,0.24425795053003532
0.24447391688771,0.2537577365163572,0.2537577365163572,0.2480106100795756
0.25,0.2553285968028419,0.2531083481349911,0.24156305506216696
0.2517605633802817,0.24911971830985916,0.2535211267605634,0.24559859154929578
0.2555358724534987,0.25110717449069975,0.24933569530558017,0.24402125775022143
0.2535149384885764,0.2508787346221441,0.2517574692442882,0.2438488576449912
0.2600441501103753,0.24724061810154527,0.24591611479028697,0.2467991169977925
0.26625386996904027,0.24723573639982308,0.23883237505528526,0.2476780185758514
0.26081200353045014,0.2502206531332745,0.2440423654015887,0.24492497793468668
0.25852146967684814,0.2549800796812749,0.23860115095174855,0.2478972996901284
0.2556131260794473,0.2547495682210708,0.2392055267702936,0.2504317789291883
0.2578809106830123,0.2561295971978984,0.239492119089317,0.24649737302977234
0.25925925925925924,0.2601410934744268,0.23633156966490299,0.24426807760141092
0.25854513584574934,0.25942156003505695,0.2331288343558282,0.24890446976336547
0.2555358724534987,0.2657218777679362,0.2316209034543844,0.2471213463241807
0.25326939843068874,0.26155187445510025,0.23278116826503922,0.25239755884917175
0.25642161204605846,0.271036315323295,0.2254207263064659,0.2471213463241807
0.25308641975308643,0.2724867724867725,0.2275132275132275,0.24691358024691357
0.25143868968570166,0.27224435590969454,0.22753430721558213,0.24878264718902168
0.25823451910408435,0.2736056214317084,0.2204655248133509,0.24769433465085638
0.25713032031592803,0.2781921895568232,0.22114962702939886,0.24352786309784993
0.254601226993865,0.2813321647677476,0.21954425942156003,0.24452234881682736
0.257908611599297,0.27240773286467485,0.22012302284710017,0.24956063268892795
0.26067811536767943,0.27432848965213563,0.22148833113166005,0.24350506384852488
0.2568567696996082,0.2725293861558555,0.22289943404440574,0.2477144101001306
0.26215738284703805,0.27320954907161804,0.22060123784261715,0.2440318302387268
0.2596322241681261,0.26882661996497376,0.22329246935201402,0.24824868651488616
0.26389496717724287,0.2726477024070022,0.2188183807439825,0.24463894967177244
0.26570048309178745,0.2665788317962231,0.22134387351778656,0.2463768115942029
0.2602558447287164,0.27569475077194533,0.22408469342743714,0.2399647110719012
0.2617777777777778,0.276,0.22,0.24222222222222223
0.2677619893428064,0.2775310834813499,0.21980461811722912,0.23490230905861456
0.26734875444839856,0.26868327402135234,0.22508896797153025,0.23887900355871886
0.26962305986696233,0.26696230598669624,0.2221729490022173,0.24124168514412417
0.27537511032656664,0.2599293909973522,0.22418358340688438,0.24051191526919682
0.2796125055041832,0.25803610744165567,0.22721268163804492,0.23513870541611626
0.2791411042944785,0.2598597721297108,0.22567922874671342,0.2353198948290973
0.2824833702882483,0.26031042128603105,0.2221729490022173,0.23503325942350334
0.28406569019085665,0.26409232134931204,0.2205947625388371,0.23124722592099423
0.28855501546619533,0.25894829871851527,0.2205037560760053,0.23199292973928415
0.28735632183908044,0.26215738284703805,0.21573828470380194,0.23474801061007958
0.29188712522045857,0.25220458553791886,0.2173721340388007,0.23853615520282187
0.29411764705882354,0.25098039215686274,0.21525054466230936,0.23965141612200436
0.2968197879858657,0.25309187279151946,0.21554770318021202,0.23454063604240283
0.29315673289183225,0.25739514348785875,0.21545253863134659,0.23399558498896247
0.29569420035149385,0.2539543057996485,0.2126537785588752,0.23769771528998243
0.2860927152317881,0.25342163355408387,0.22163355408388521,0.23885209713024283
0.28735632183908044,0.2546419098143236,0.21485411140583555,0.24314765694076038
0.2884275618374558,0.25485865724381623,0.21819787985865724,0.23851590106007067
0.2845315904139434,0.2579520697167756,0.21568627450980393,0.24183006535947713
0.28320911880754057,0.2621657167908812,0.21920210434020165,0.2354230600613766
0.2881280569141841,0.25700311249444197,0.2138728323699422,0.24099599822143175
0.29056437389770723,0.25,0.21649029982363316,0.2429453262786596
0.2894621775251421,0.24879755137735024,0.21381722780935725,0.2479230432881504
0.29543459174714665,0.24495171202809482,0.21466198419666374,0.24495171202809482
0.29027962716378164,0.24500665778961384,0.21438082556591212,0.25033288948069243
0.2850262697022767,0.24299474605954466,0.21935201401050788,0.2526269702276708
0.2880174291938998,0.2400871459694989,0.22440087145969498,0.24749455337690632
0.28596491228070176,0.24035087719298245,0.218859649122807,0.2548245614035088
0.28395604395604396,0.2408791208791209,0.21714285714285714,0.258021978021978
0.2929908576404005,0.2411841532433609,0.21027427078798433,0.25555071832825427
0.2852112676056338,0.2442781690140845,0.20950704225352113,0.26100352112676056
0.2848990342405619,0.24363476733977174,0.21290605794556627,0.2585601404741001
0.28273413226808697,0.24145583666222814,0.21571238348868177,0.2600976475810031
0.2828282828282828,0.24681598594642074,0.21563460693895475,0.2547211242863417
0.2865291794646775,0.24923211935059236,0.21851689337428698,0.24572180781044317
0.2895313184406483,0.2474813841436706,0.21638195356986423,0.24660534384581692
0.29226736566186107,0.24858016601135868,0.2162516382699869,0.24290083005679336
0.2983156028368794,0.24778368794326242,0.21365248226950354,0.2402482269503546
0.2938076416337286,0.24242424242424243,0.22090469916556874,0.24286341677646026
0.28829225352112675,0.24867957746478872,0.2205105633802817,0.2425176056338028
0.2867132867132867,0.2486888111888112,0.2229020979020979,0.2416958041958042
0.2842058952925649,0.24945006599208094,0.22613286405631325,0.2402111746590409
0.2840210711150132,0.2532923617208077,0.21949078138718173,0.24319578577699735
0.28251318101933215,0.2521968365553603,0.2218804920913884,0.24340949033391915
0.27929515418502204,0.2515418502202643,0.226431718061674,0.24273127753303964
0.27729257641921395,0.25851528384279476,0.22663755458515283,0.23755458515283842
0.2718016821602479,0.26516157591854805,0.22797698096502877,0.2350597609561753
0.26912811387900354,0.2637900355871886,0.22909252669039146,0.23798932384341637
0.2754700480979449,0.2641014429383472,0.22562308701355488,0.23480542195015303
0.2741652021089631,0.26449912126537783,0.22231985940246046,0.2390158172231986
0.270222999562746,0.2645386969829471,0.2334936598163533,0.23174464363795366
0.2764654418197725,0.2594050743657043,0.23228346456692914,0.23184601924759404
0.2839506172839506,0.24911816578483245,0.23941798941798942,0.2275132275132275
0.2774390243902439,0.2539198606271777,0.23693379790940766,0.23170731707317074
0.28114035087719297,0.26052631578947366,0.2337719298245614,0.22456140350877193
0.27936647602287723,0.2595688517377915,0.2331720193576771,0.2278926528816542
0.28397212543554007,0.25435540069686413,0.2273519163763066,0.2343205574912892
0.277284826974268,0.25643300798580304,0.23336291038154391,0.2329192546583851
0.2778272484416741,0.25111308993766696,0.2315227070347284,0.23953695458593055
0.28,0.2465934065934066,0.23076923076923078,0.24263736263736263
0.27939876215738285,0.24491600353669318,0.23253757736516356,0.24314765694076038
0.2820175438596491,0.2425438596491228,0.23508771929824562,0.24035087719298245
0.2689594356261023,0.23721340388007053,0.24162257495590828,0.25220458553791886
0.2768686421937196,0.23396727111897392,0.23706324635117204,0.25210084033613445
0.27701808557565066,0.2333480370533745,0.23246581385090428,0.2571680635200706
0.28496273564226215,0.22884699693117053,0.22972380534853135,0.256466462078036
0.2852158744003489,0.2324465765372874,0.23157435673789795,0.25076319232446576
0.281413612565445,0.2325479930191972,0.22949389179755672,0.25654450261780104
0.27994734532689775,0.23475208424747696,0.22817025010969724,0.25713032031592803
0.27628684557853056,0.2322921249450066,0.22965244170699517,0.26176858776946765
0.2778761061946903,0.22964601769911505,0.2336283185840708,0.2588495575221239
0.28102836879432624,0.22828014184397163,0.22562056737588654,0.2650709219858156
0.2879188712522046,0.22883597883597884,0.2239858906525573,0.25925925925925924
0.2822222222222222,0.23644444444444446,0.22533333333333333,0.256
0.27797513321492007,0.2313499111900533,0.22513321492007105,0.2655417406749556
0.27313167259786475,0.23443060498220641,0.22820284697508897,0.26423487544483987
0.2781427945685502,0.22689443714410862,0.22120017520805957,0.27376259307928164
0.286281429201588,0.22099691221879136,0.21967357741508603,0.2730480811645346
0.29315673289183225,0.23002207505518762,0.2088300220750552,0.26799116997792494
0.29229406554472986,0.23427812223206376,0.2121346324180691,0.2612931798051373
0.29504603244191147,0.23147742218325296,0.2135028496273564,0.2599736957474792
0.3017699115044248,0.23805309734513275,0.20530973451327433,0.25486725663716814
0.30637362637362636,0.2334065934065934,0.20527472527472526,0.2549450549450549
0.30735358872743285,0.22985468956406868,0.21356230735358872,0.24922941435490972
0.30423280423280424,0.23192239858906524,0.21119929453262787,0.2526455026455027
0.3003970004411116,0.23555359505955006,0.21041023378914867,0.25363917071018965
0.29842243645924627,0.23794916739702016,0.2085889570552147,0.25503943908851884
0.29855958096900914,0.23264949803579224,0.208642514185945,0.2601484068092536
0.2959895379250218,0.23931996512641673,0.20270270270270271,0.2619877942458588
0.3019538188277087,0.23934280639431615,0.19671403197158083,0.2619893428063943
0.3033112582781457,0.2304635761589404,0.2,0.2662251655629139
0.3030837004405286,0.23259911894273128,0.1986784140969163,0.26563876651982377
0.305835892935498,0.22641509433962265,0.20052654673102238,0.26722246599385696
0.3042907180385289,0.2276707530647986,0.19833625218914186,0.26970227670753066
0.3053097345132743,0.22654867256637168,0.20221238938053096,0.265929203539823
0.30184534270650265,0.22539543057996486,0.20518453427065025,0.26757469244288223
0.3023154215814766,0.23110528615115772,0.20227173438182613,0.26430755788553956
0.3051293292415607,0.23060061376589217,0.20692678649715038,0.25734327049539674
0.306140350877193,0.2293859649122807,0.2043859649122807,0.2600877192982456
0.30070237050043896,0.23134328358208955,0.20983318700614575,0.2581211589113257
0.29832303618711387,0.22683142100617829,0.2144748455428067,0.26037069726390116
0.29513274336283185,0.22876106194690266,0.21283185840707963,0.26327433628318586
0.30398230088495576,0.22300884955752212,0.21548672566371682,0.2575221238938053
0.2989464442493415,0.21992976294995611,0.21992976294995611,0.26119402985074625
0.29600351339481773,0.22002635046113306,0.2204655248133509,0.2635046113306983
0.29432624113475175,0.2225177304964539,0.2225177304964539,0.26063829787234044
0.29365079365079366,0.21693121693121692,0.22707231040564374,0.2623456790123457
0.29110039456378783,0.22183252959228408,0.23147742218325296,0.25558965366067515
0.29455992923485186,0.21671826625386997,0.232640424590889,0.2560813799203892
0.2934447866256049,0.22041355037395513,0.2331720193576771,0.25296964364276286
0.30181175430844015,0.21741051701281486,0.22713212549712772,0.25364560318161733
0.29422143802382,0.21967357741508603,0.2333480370533745,0.25275694750771943
0.2933920704845815,0.22026431718061673,0.23832599118942732,0.24801762114537446
0.292693661971831,0.22007042253521128,0.23547535211267606,0.2517605633802817
0.29553415061295973,0.21760070052539404,0.2329246935201401,0.2539404553415061
0.2916848062690466,0.22115803221593383,0.23726599912929908,0.2498911623857205
0.28685612788632325,0.2211367673179396,0.23801065719360567,0.2539964476021314
0.292520035618878,0.21994657168299198,0.23642030276046305,0.25111308993766696
0.29398762157382846,0.21706454465075153,0.23342175066312998,0.25552608311229
0.2877070619006103,0.22493461203138623,0.23060156931124673,0.25675675675675674
0.2892199824715162,0.23093777388255915,0.2252410166520596,0.254601226993865
0.2835886214442013,0.2288840262582057,0.22582056892778993,0.2617067833698031
0.28407587119541244,0.23511248345831495,0.22540802823114248,0.25540361711513015
0.2813321647677476,0.23838737949167396,0.22567922874671342,0.254601226993865
0.2809734513274336,0.23672566371681417,0.22743362831858407,0.25486725663716814
0.2774822695035461,0.24157801418439717,0.225177304964539,0.2557624113475177
0.2765864332603939,0.23763676148796498,0.2214442013129103,0.26433260393873087
0.2778505897771953,0.24071647007426825,0.21930974224552205,0.2621231979030144
0.2808641975308642,0.24338624338624337,0.21869488536155202,0.2570546737213404
0.27979048450458316,0.23745089480576168,0.22391968572675688,0.2588389349628983
0.28465562336530076,0.23888404533565824,0.2192676547515257,0.25719267654751526
0.28702892199824714,0.2388255915863278,0.21910604732690622,0.25503943908851884
0.28596724214254093,0.24391323594510844,0.2151394422310757,0.2549800796812749
0.28659885006634234,0.24679345422379478,0.210968597965502,0.2556390977443609
0.2829610162067455,0.24660534384581692,0.21287779237844942,0.2575558475689882
0.27849223946784923,0.2523281596452328,0.2106430155210643,0.25853658536585367
0.27296703296703295,0.2549450549450549,0.20967032967032967,0.2624175824175824
0.2749778956675508,0.251105216622458,0.21175950486295314,0.26215738284703805
0.2726477024070022,0.2538293216630197,0.21531728665207878,0.25820568927789933
0.2740740740740741,0.25272331154684097,0.21525054466230936,0.2579520697167756
0.2785368003525782,0.254737769942706,0.20802115469369767,0.25870427501101806
0.2786596119929453,0.2552910052910053,0.20634920634920634,0.25970017636684306
0.2755281690140845,0.25,0.20862676056338028,0.2658450704225352
0.27240926978574553,0.2514210756449497,0.21775251421075645,0.2584171403585483
0.27645502645502645,0.25044091710758376,0.2173721340388007,0.25573192239858905
0.28421052631578947,0.24517543859649124,0.21929824561403508,0.2513157894736842
0.2804232804232804,0.23721340388007053,0.2244268077601411,0.25793650793650796
0.28103146853146854,0.23732517482517482,0.2172202797202797,0.2644230769230769
0.2798064232292125,0.24065112186537616,0.21821381434227893,0.26132864056313243
0.2855263157894737,0.23771929824561402,0.2162280701754386,0.26052631578947366
0.2846425419240953,0.2263901147396293,0.22418358340688438,0.264783759929391
0.2932924156071898,0.2244629548443665,0.22709338009644892,0.25515124945199474
0.2968056787932564,0.21872227151730259,0.22892635314995563,0.25554569653948533
0.29793769197016234,0.21763931548924967,0.225976305397104,0.258446687143484
0.2997830802603037,0.21561822125813448,0.22169197396963122,0.2629067245119306
0.29654255319148937,0.21808510638297873,0.22828014184397163,0.2570921985815603
0.2995633187772926,0.2240174672489083,0.22183406113537119,0.254585152838428
0.3017699115044248,0.22035398230088496,0.22256637168141594,0.2553097345132743
0.29888641425389756,0.21870824053452115,0.221826280623608,0.26057906458797325
0.3013157894736842,0.218859649122807,0.22412280701754386,0.25570175438596493
0.3140969162995595,0.21233480176211453,0.2171806167400881,0.2563876651982379
0.312967032967033,0.21406593406593408,0.2153846153846154,0.25758241758241757
0.31585961794757883,0.21723678365171034,0.20346512661039537,0.26343847179031543
0.31274638633377133,0.2172579938677179,0.20543144984669295,0.2645641699518178
0.31904551480335835,0.21741051701281486,0.20194432169686258,0.2615996464869642
0.3104203152364273,0.21672504378283713,0.2062171628721541,0.26663747810858146
0.310935441370224,0.22178304787000439,0.20421607378129117,0.26306543697848045
0.3093239063190455,0.2209456473707468,0.20901458241272647,0.2607158638974812
0.3053097345132743,0.21858407079646017,0.2163716814159292,0.2597345132743363
0.3042712461470718,0.22016732716864817,0.2162043152796125,0.25935711140466755
0.3040035195776507,0.22085349758029035,0.22261328640563133,0.25252969643642764
0.3032427695004382,0.21691498685363717,0.22217353198948292,0.25766871165644173
0.30616740088105726,0.21365638766519823,0.21762114537444935,0.26255506607929513
0.30286975717439296,0.21766004415011037,0.21501103752759382,0.26445916114790285
0.30627468187801665,0.21588415971917507,0.21939447125932426,0.258446687143484
0.30408073716542344,0.21676173760421238,0.21720052654673103,0.26195699868363315
0.3037918871252205,0.21119929453262787,0.21252204585537918,0.2724867724867725
0.3126376045794804,0.20651695288419197,0.21047996477322764,0.27036547776309994
0.31117957746478875,0.21566901408450703,0.2108274647887324,0.2623239436619718
0.3107394366197183,0.2108274647887324,0.21170774647887325,0.26672535211267606
0.3099389712292938,0.21272885789014823,0.2083696599825632,0.2689625108979948
0.3055555555555556,0.21472663139329806,0.21075837742504408,0.2689594356261023
0.3036187113857017,0.21094439541041482,0.21403353927625773,0.27140335392762577
0.30004380201489267,0.21550591327201052,0.22120017520805957,0.26325010950503724
0.2985803016858917,0.21872227151730259,0.21739130434782608,0.2653061224489796
0.29933481152993346,0.21729490022172948,0.21818181818181817,0.26518847006651886
0.2978723404255319,0.21719858156028368,0.22429078014184398,0.26063829787234044
0.29631255487269537,0.21597892888498682,0.22431957857769974,0.2633889376646181
0.3010471204188482,0.2164048865619546,0.2212041884816754,0.2613438045375218
0.30782761653474056,0.2185576077396658,0.22031662269129287,0.2532981530343008
0.30008787346221444,0.22056239015817222,0.22539543057996486,0.2539543057996485
0.2968197879858657,0.2248233215547703,0.22747349823321555,0.2508833922261484
0.29916410030796303,0.225692916849978,0.22965244170699517,0.2454905411350638
0.2986899563318777,0.2275109170305677,0.2244541484716157,0.24934497816593887
0.3039258932509925,0.22099691221879136,0.22805469783855314,0.24702249669166298
0.3025210084033613,0.22291021671826625,0.22954444935869084,0.24502432551968156
0.30609540636042404,0.21996466431095407,0.22791519434628976,0.24602473498233215
0.3025846702317291,0.22103386809269163,0.22415329768270945,0.2522281639928699
0.3072893932780445,0.21780881711043212,0.2234831951113051,0.25141859450021825
0.31138246838203226,0.21936327954644572,0.22197993894461404,0.24727431312690798
0.3114897335080821,0.22062035823503715,0.21887287024901703,0.2490170380078637
0.31064958020327,0.22182942996022978,0.22315510384445428,0.24436588599204595
0.3248126928162186,0.21771705597179375,0.22036139268400176,0.2371088585279859
0.33068432671081677,0.21545253863134659,0.2194260485651214,0.23443708609271524
0.32954545454545453,0.21765734265734266,0.22071678321678323,0.23208041958041958
0.3261348611723226,0.21419127368884971,0.21992066989863376,0.23975319524019392
0.324468085106383,0.20921985815602837,0.22606382978723405,0.2402482269503546
0.3158590308370044,0.21233480176211453,0.22819383259911893,0.24361233480176211
0.3165278386672512,0.21613327487943884,0.22007891275756247,0.24725997369574748
0.3191208791208791,0.22417582417582418,0.2189010989010989,0.2378021978021978
0.3262693156732892,0.22251655629139072,0.21986754966887417,0.23134657836644593
0.32103645147123405,0.22661396574440051,0.2222222222222222,0.23012736056214317
0.32497801231310464,0.22559366754617413,0.22251539138082674,0.22691292875989447
0.322921249450066,0.225692916849978,0.2278926528816542,0.2234931808183018
0.3235807860262009,0.22227074235807862,0.22882096069868996,0.22532751091703057
0.315188762071993,0.22344161545215102,0.23134328358208955,0.23002633889376647
0.30980392156862746,0.22745098039215686,0.2344226579520697,0.22832244008714597
0.30924222514235655,0.22952255803766974,0.23740692071835304,0.22382829610162067
0.3114247904719894,0.2364358182620203,0.2373180414644905,0.21482134980149978
0.3069523393091386,0.23524267599475296,0.23393091386095322,0.22387407083515523
0.30907496711968435,0.2389302937308198,0.2384918895221394,0.2135028496273564
0.3044425087108014,0.24085365853658536,0.23693379790940766,0.21777003484320556
0.30238726790450926,0.24005305039787797,0.2409372236958444,0.21662245800176835
0.3023663453111306,0.2427695004382121,0.24452234881682736,0.21034180543382996
0.2960698689956332,0.24497816593886462,0.24497816593886462,0.21397379912663755
0.2881654201495821,0.24637043554773427,0.24725032996040475,0.21821381434227893
0.28789864569681084,0.24508519003931847,0.25207514198339886,0.21494102228047182
0.2847740236946029,0.2448442299254059,0.2549363756033348,0.21544537077665643
0.2855257369115706,0.2512098548174219,0.24901011878574572,0.21425428948526176
0.2860290877038343,0.250330542089026,0.24460114587924195,0.21903922432789774
0.282389108476065,0.25252525252525254,0.24681598594642074,0.21826965305226176
0.2857766143106457,0.25174520069808026,0.2486910994764398,0.21378708551483422
0.2855891371003066,0.2527376259307928,0.24529128339903636,0.21638195356986423
0.28728070175438597,0.2574561403508772,0.24035087719298245,0.2149122807017544
0.29072347980470487,0.2547714158899245,0.23923657345761207,0.21526853084775854
0.2921249450065992,0.25208974923009236,0.23713154421469423,0.21865376154861416
0.29658792650918636,0.25021872265966755,0.2331583552055993,0.22003499562554682
0.2916666666666667,0.24867021276595744,0.2349290780141844,0.2247340425531915
0.28495809439788267,0.24834583149536832,0.23423026025584473,0.23246581385090428
0.27807017543859647,0.25087719298245614,0.24035087719298245,0.2307017543859649
0.27674624226348365,0.2506631299734748,0.2382847038019452,0.23430592396109637
0.2732506643046944,0.24402125775022143,0.24889282550930025,0.23383525243578387
0.2773658962058439,0.24552987352812908,0.2494548626253816,0.22764936764064544
0.2769028871391076,0.24978127734033245,0.2458442694663167,0.2274715660542432
0.2749890877346137,0.2466171977302488,0.24618070711479703,0.23221300742034046
0.2684117125110914,0.24889086069210292,0.2502218278615794,0.23247559893522626
0.2662852112676056,0.24647887323943662,0.25264084507042256,0.23459507042253522
0.27019867549668874,0.24635761589403973,0.24635761589403973,0.2370860927152318
0.2669305189094107,0.24318381706244502,0.2616534740545295,0.22823218997361477
0.26775474194971327,0.2439347154830172,0.25937362152624616,0.22893692104102337
0.272207563764292,0.23526824978012312,0.2612137203166227,0.23131046613896217
0.2703881378107283,0.23026602703881377,0.2607937200174444,0.23855211513301353
0.2680229986731535,0.23573639982308714,0.25696594427244585,0.23927465723131358
0.2666959578207381,0.23681898066783832,0.2548330404217926,0.24165202108963094
0.26722987994664293,0.23610493552690084,0.25389061805246776,0.24277456647398843
0.2742653606411398,0.22929652715939447,0.25333926981300087,0.24309884238646481
0.2764475402699173,0.22768828907270353,0.2585981715280801,0.23726599912929908
0.27850877192982454,0.2293859649122807,0.2600877192982456,0.23201754385964912
0.2782646801051709,0.2326906222611744,0.26029798422436456,0.2287467134092901
0.28031634446397186,0.23330404217926187,0.2561511423550088,0.23022847100175747
0.2712087912087912,0.22989010989010988,0.26153846153846155,0.23736263736263735
0.27792436235708,0.23087071240105542,0.2559366754617414,0.23526824978012312
0.2818141787758697,0.2289740202553941,0.2619991193306913,0.22721268163804492
0.28852889667250436,0.23467600700525393,0.2543782837127846,0.2224168126094571
0.287341217696014,0.23390275952693823,0.2536136662286465,0.22514235654840123
0.2892998678996037,0.23866138265081463,0.24922941435490972,0.22280933509467196
0.2855883649184663,0.2384310268840899,0.24944909651829,0.2265315116791538
0.28213028169014087,0.2306338028169014,0.25440140845070425,0.23283450704225353
0.28285968028419184,0.22291296625222023,0.25133214920071045,0.24289520426287745
0.2910284463894967,0.21969365426695842,0.25032822757111595,0.23894967177242887
0.29030837004405285,0.22466960352422907,0.24625550660792953,0.23876651982378855
0.2946625496250551,0.22055580061755625,0.250992501102779,0.23378914865460962
0.2834507042253521,0.2227112676056338,0.2574823943661972,0.2363556338028169
0.2833775419982317,0.22325375773651635,0.2550839964633068,0.2382847038019452
0.2798226164079823,0.22749445676274946,0.25277161862527714,0.23991130820399112
0.2816525988449578,0.22701021768103066,0.24655708573967125,0.24478009773434029
0.28145550197281893,0.2240245506356861,0.2476983779044279,0.24682156948706707
0.2875441696113074,0.22393992932862192,0.24381625441696114,0.24469964664310953
0.2907488986784141,0.2290748898678414,0.23788546255506607,0.2422907488986784
0.29117259552042163,0.2274923144488362,0.23891084760649978,0.24242424242424243
0.28704113224237066,0.232640424590889,0.23927465723131358,0.2410437859354268
0.2879188712522046,0.23500881834215168,0.23368606701940034,0.24338624338624337
0.2960352422907489,0.23348017621145375,0.23215859030837005,0.23832599118942732
0.2970950704225352,0.23415492957746478,0.2323943661971831,0.2363556338028169
0.2965914121292607,0.23328906595838866,0.23151837096060204,0.23860115095174855
0.30318916557448666,0.236784622105723,0.22804718217562253,0.23197903014416776
0.2978442586889573,0.23977122745270568,0.2278926528816542,0.2344918609766828
0.30505494505494507,0.23384615384615384,0.22417582417582418,0.23692307692307693
0.30152505446623096,0.23398692810457516,0.2196078431372549,0.244880174291939
0.3,0.22699115044247786,0.22699115044247786,0.24601769911504426
0.30156657963446476,0.22323759791122716,0.22410791993037424,0.25108790252393387
0.2992091388400703,0.22715289982425307,0.22495606326889278,0.24868189806678384
0.3030837004405286,0.2251101321585903,0.22246696035242292,0.24933920704845816
0.3088495575221239,0.22256637168141594,0.22035398230088496,0.2482300884955752
0.30718378140149843,0.2269722344645218,0.22168356104010578,0.24416042309387395
0.31241830065359477,0.22135076252723312,0.22309368191721132,0.24313725490196078
0.3205467372134039,0.22134038800705466,0.21825396825396826,0.23985890652557318
0.3142605633802817,0.22227112676056338,0.22403169014084506,0.23943661971830985
0.3140569395017794,0.22508896797153025,0.22330960854092527,0.23754448398576514
0.3146760687527545,0.22212428382547378,0.22300572939620977,0.24019391802556192
0.3167619885613726,0.225692916849978,0.22085349758029035,0.23669159700835898
0.3088363954505687,0.22353455818022747,0.22922134733158356,0.2384076990376203
0.3084775854416334,0.21926320461606746,0.22947181535730138,0.2427873945849978
0.3031513537505548,0.21748779405237462,0.22947181535730138,0.2498890368397692
0.2969298245614035,0.22017543859649122,0.2324561403508772,0.25043859649122807
0.2906208718626156,0.2263320123293703,0.23029502421840597,0.2527520915896081
0.2881654201495821,0.22701275846898372,0.2353717553893533,0.24945006599208094
0.2833260008798944,0.22877254729432467,0.24065112186537616,0.24725032996040475
0.278580814717477,0.2290845378887429,0.24091108190976784,0.2514235654840123
0.27954644570431747,0.22634103794156127,0.24858264282599216,0.24552987352812908
0.2813333333333333,0.2222222222222222,0.24888888888888888,0.24755555555555556
0.27534307215582116,0.2222222222222222,0.2527667109340416,0.249667994687915
0.26610395379831187,0.22656597067969791,0.25233229675699687,0.25499777876499335
0.27091633466135456,0.22177954847277556,0.2518813634351483,0.25542275343072157
0.27056753189617244,0.21865376154861416,0.2503299604047514,0.26044874615046193
0.27168141592920353,0.21991150442477875,0.2504424778761062,0.2579646017699115
0.2672831351827389,0.2162043152796125,0.25451343020695727,0.2619991193306913
0.2629003558718861,0.21085409252669038,0.25222419928825623,0.27402135231316727
0.2608695652173913,0.20940550133096716,0.2542147293700089,0.2755102040816326
0.26174791392182695,0.21870882740447958,0.25384277558190604,0.26570048309178745
0.2650285212812637,0.20930232558139536,0.2580078982009653,0.2676612549363756
0.26445916114790285,0.21015452538631346,0.25695364238410595,0.26843267108167773
0.2662280701754386,0.21447368421052632,0.25526315789473686,0.26403508771929823
0.2624890446976337,0.21340929009640666,0.25766871165644173,0.26643295354951796
0.2590149516270888,0.21503957783641162,0.2532981530343008,0.2726473175021988
0.25749559082892415,0.21340388007054673,0.2566137566137566,0.2724867724867725
0.2603160667251975,0.21641791044776118,0.252414398595259,0.2708516242317823
0.2609271523178808,0.21456953642384105,0.24900662251655628,0.27549668874172184
0.2605633802816901,0.21390845070422534,0.2592429577464789,0.2662852112676056
0.2550660792951542,0.213215859030837,0.26255506607929513,0.2691629955947137
0.25241864555848725,0.21108179419525067,0.26868953386103783,0.2678100263852243
0.24868189806678384,0.2126537785588752,0.26845342706502634,0.2702108963093146
0.2427695004382121,0.21647677475898336,0.2708150744960561,0.26993865030674846
0.24380530973451328,0.21194690265486726,0.27654867256637167,0.2676991150442478
0.2507699076110867,0.20809502859656842,0.27232732072151344,0.2688077430708315
0.25121627598407786,0.205218929677134,0.2706766917293233,0.27288810260946483
0.25440140845070425,0.2055457746478873,0.27420774647887325,0.2658450704225352
0.2537313432835821,0.20500438981562774,0.26953467954345917,0.271729587357331
0.2544404973357016,0.21225577264653642,0.2690941385435169,0.2642095914742451
0.25771403737505433,0.21251629726205998,0.26988265971316816,0.2598870056497175
0.2534036012296882,0.21212121212121213,0.2753623188405797,0.25911286780852
0.25689277899343543,0.2148796498905908,0.27527352297593,0.25295404814004374
0.2534398579671549,0.2197070572569907,0.2671992898357745,0.2596537949400799
