C,D,Oc,Od
0.0,0.0,0.0,1.0
0.0,0.0,0.0,1.0
0.2857142857142857,0.0,0.0,0.7142857142857143
0.2857142857142857,0.0,0.0,0.7142857142857143
0.32,0.0,0.0,0.68
0.375,0.025,0.0,0.6
0.3230769230769231,0.03076923076923077,0.03076923076923077,0.6153846153846154
0.29213483146067415,0.033707865168539325,0.033707865168539325,0.6404494382022472
0.3305785123966942,0.05785123966942149,0.01652892561983471,0.5950413223140496
0.33121019108280253,0.06369426751592357,0.01910828025477707,0.5859872611464968
0.32242990654205606,0.056074766355140186,0.02336448598130841,0.5981308411214953
0.304029304029304,0.06227106227106227,0.02564102564102564,0.608058608058608
0.2902208201892745,0.056782334384858045,0.031545741324921134,0.6214511041009464
0.29581151832460734,0.07068062827225131,0.03664921465968586,0.5968586387434555
0.29955947136563876,0.08149779735682819,0.030837004405286344,0.5881057268722467
0.30916030534351147,0.10114503816793893,0.03244274809160305,0.5572519083969466
0.3247588424437299,0.1045016077170418,0.03215434083601286,0.5385852090032154
0.3372093023255814,0.10610465116279069,0.03343023255813953,0.5232558139534884
0.35006435006435005,0.10553410553410554,0.03088803088803089,0.5135135135135135
0.35141242937853107,0.11638418079096045,0.03389830508474576,0.49830508474576274
0.349,0.131,0.04,0.48
0.35193519351935193,0.1323132313231323,0.043204320432043204,0.47254725472547254
0.36006415396952685,0.13793103448275862,0.046511627906976744,0.45549318364073776
0.3558692421991085,0.137444279346211,0.05423476968796434,0.4524517087667162
0.3472803347280335,0.14644351464435146,0.05788005578800558,0.44839609483960946
0.34665792922673655,0.15137614678899083,0.05963302752293578,0.44233289646133683
0.34885164494103044,0.14835505896958412,0.0670391061452514,0.43575418994413406
0.3540810334703465,0.1462125660598943,0.0716382853787434,0.42806811509101583
0.3486805165637282,0.15384615384615385,0.0763615946097698,0.4211117349803481
0.3479200432198811,0.1539708265802269,0.08373851971907077,0.4143706104808212
0.3462545835515977,0.15138816134101624,0.08171817705605029,0.42063907805133577
0.3420787083753784,0.15186680121089807,0.08779011099899092,0.4182643794147326
0.343980343980344,0.14889434889434888,0.09385749385749385,0.41326781326781326
0.34292565947242204,0.14772182254196642,0.0973621103117506,0.4119904076738609
0.34238875878220143,0.14473067915690865,0.10398126463700234,0.4088992974238876
0.35205479452054794,0.13926940639269406,0.10228310502283106,0.4063926940639269
0.3553459119496855,0.13926325247079965,0.10512129380053908,0.4002695417789757
0.35397039030955585,0.1341408703454464,0.11036339165545088,0.4015253476895469
0.3605898123324397,0.1353887399463807,0.10455764075067024,0.39946380697050937
0.3590648434053816,0.13233348037053375,0.10410233789148654,0.40449933833259816
0.35847382431233366,0.1344276841171251,0.10603371783496007,0.4010647737355812
0.36086572438162545,0.12809187279151943,0.10600706713780919,0.40503533568904593
0.36846728151075975,0.12736056214317085,0.10979358805445762,0.3943785682916118
0.3649667405764967,0.13082039911308205,0.10421286031042129,0.4
0.3664323374340949,0.1282952548330404,0.10105448154657294,0.40421792618629176
0.3701385784532856,0.12963790791238267,0.10013410818059902,0.40008940545373267
0.3655387355298308,0.12778272484416742,0.09973285841495994,0.40694568121104185
0.3669193045028979,0.12349531876950513,0.1043245653143112,0.4052608114132858
0.36315086782376504,0.1277258566978193,0.10191366266132622,0.40720961281708945
0.36343708899605437,0.12757562472599737,0.09820254274441034,0.41078474353353794
0.3632326820603908,0.13099467140319715,0.09680284191829484,0.4089698046181172
0.3637969094922737,0.12759381898454747,0.10198675496688742,0.4066225165562914
0.354020979020979,0.13024475524475523,0.10358391608391608,0.41215034965034963
0.3513035793194874,0.1312417145382236,0.10163499779054352,0.4158197083517455
0.34769094138543516,0.13232682060390763,0.10124333925399645,0.41873889875666076
0.34922737306843266,0.12891832229580574,0.10198675496688742,0.4198675496688742
0.34986713906111605,0.1275465013286094,0.10008857395925598,0.4224977856510186
0.3501103752759382,0.12671081677704193,0.10198675496688742,0.42119205298013246
0.3466666666666667,0.13066666666666665,0.09911111111111111,0.4235555555555556
0.35145888594164454,0.129973474801061,0.09460654288240496,0.4239610963748895
0.3548387096774194,0.1303579319487406,0.09765797613787008,0.41714538223597
0.349185380889476,0.1316600616468516,0.0964332892998679,0.4227212681638045
0.3473684210526316,0.1307017543859649,0.10043859649122808,0.4214912280701754
0.34601769911504426,0.1323008849557522,0.10309734513274336,0.41858407079646015
0.3460861917326297,0.13148636763412488,0.10334212840809147,0.41908531222515394
0.35580357142857144,0.125,0.103125,0.4160714285714286
0.3504007123775601,0.12778272484416742,0.10329474621549421,0.41852181656277826
0.35270629991126884,0.12732919254658384,0.09849157054125998,0.42147293700088734
0.3548958794860434,0.12627381479840497,0.09968985378821445,0.4191404519273372
0.3570487483530962,0.12165129556433904,0.10408432147562582,0.41721563460693895
0.35528596187175043,0.12478336221837089,0.10398613518197573,0.41594454072790293
0.349185380889476,0.12637604579480405,0.10303830911492734,0.42140026420079263
0.34299516908212563,0.12384716732542819,0.10408432147562582,0.42907334211682036
0.34265423879272083,0.12472259209942299,0.10741233910341766,0.42521083000443854
0.33495145631067963,0.1235657546337158,0.10856134157105031,0.4329214474845543
0.335711101203745,0.12572447614801605,0.10789121711992866,0.4306732055283103
0.3311345646437995,0.1284080914687775,0.10861917326297274,0.4318381706244503
0.3342245989304813,0.12433155080213903,0.11140819964349376,0.43003565062388593
0.3378914865460962,0.12615791795324216,0.11380679311865902,0.42214380238200266
0.3355496453900709,0.12455673758865249,0.11391843971631206,0.42597517730496454
0.33989501312335957,0.12773403324584426,0.10979877515310586,0.4225721784776903
0.3386880856760375,0.12583668005354753,0.1142347166443552,0.4212405176260598
0.34053815615350685,0.12351124834583149,0.11777679752977503,0.4181737979708866
0.34245366284201234,0.12488967343336276,0.117828773168579,0.4148278905560459
0.3356828193832599,0.12466960352422908,0.11894273127753303,0.42070484581497797
0.3415168785620342,0.12669881630863655,0.12056115738711091,0.4112231477422183
0.3373068432671082,0.12406181015452539,0.11655629139072848,0.422075055187638
0.3426695842450766,0.12472647702407003,0.1111597374179431,0.42144420131291027
0.34395750332005315,0.12527667109340415,0.11199645861000443,0.41876936697653827
0.3432504440497336,0.12477797513321492,0.10612788632326821,0.4258436944937833
0.33953076582558656,0.1279327135900841,0.10624169986719788,0.4262948207171315
0.3370141342756184,0.12323321554770318,0.10512367491166077,0.43462897526501765
0.3315508021390374,0.11942959001782531,0.10561497326203209,0.4434046345811052
0.33274021352313166,0.12144128113879003,0.10275800711743772,0.4430604982206406
0.3288888888888889,0.12355555555555556,0.10488888888888889,0.44266666666666665
0.33422103861517977,0.12072791833111407,0.10386151797603196,0.4411895250776742
0.3308402991641003,0.1227452705675319,0.10470743510778707,0.4417069951605807
0.3308170515097691,0.11989342806394317,0.10523978685612789,0.44404973357015987
0.33919929608446986,0.11878574571051474,0.10778706555213374,0.43422789265288164
0.34091923248549755,0.11958946898705936,0.10620258813029898,0.4332887103971441
0.3358143607705779,0.1190893169877408,0.10726795096322242,0.43782837127845886
0.3382222222222222,0.12177777777777778,0.10622222222222222,0.43377777777777776
0.33916849015317285,0.11859956236323851,0.10109409190371992,0.44113785557986873
0.33992094861660077,0.11638120333772507,0.10144927536231885,0.44224857268335527
0.3428317008014248,0.11843276936776491,0.09795191451469279,0.44078361531611754
0.33854399285395265,0.11701652523447968,0.10049129075480125,0.4439481911567664
0.34615384615384615,0.11052166224580018,0.10079575596816977,0.4425287356321839
0.3482896490448689,0.10928476232785429,0.09995557529986672,0.44247001332741004
0.3534368070953437,0.11219512195121951,0.09667405764966741,0.4376940133037694
0.3414851044908848,0.11027123165851489,0.1004891062694531,0.4477545575811472
0.34753661784287615,0.1118508655126498,0.0985352862849534,0.4420772303595206
0.3481349911190053,0.11367673179396093,0.09591474245115453,0.4422735346358792
0.3447368421052632,0.11008771929824561,0.0969298245614035,0.4482456140350877
0.3447204968944099,0.10913930789707187,0.09449866903283052,0.45164152617568765
0.344918609766828,0.11526616805983282,0.09458864936207655,0.44522657281126266
0.3487133984028394,0.1157941437444543,0.09760425909494233,0.43788819875776397
0.34405286343612335,0.11497797356828193,0.09559471365638766,0.44537444933920706
0.3400702987697715,0.11203866432337434,0.09402460456942004,0.4538664323374341
0.33698030634573306,0.11291028446389496,0.09671772428884026,0.45339168490153176
0.33274570295284267,0.11458792419568092,0.09387395328338476,0.4587924195680917
0.3283516483516484,0.1156043956043956,0.0989010989010989,0.45714285714285713
0.32860938883968116,0.11558901682905226,0.10141718334809566,0.45438441098317095
0.33494931687968266,0.11458792419568092,0.1000440722785368,0.45041868664609963
0.32844444444444443,0.11377777777777778,0.10266666666666667,0.45511111111111113
0.33274725274725275,0.11252747252747253,0.09978021978021978,0.45494505494505494
0.3333333333333333,0.10703363914373089,0.09785932721712538,0.4617737003058104
0.33407374500222126,0.10528653931585961,0.09595735228787206,0.4646823633940471
0.33790358248562585,0.10570544007076514,0.09199469261388767,0.46439628482972134
0.3361196656401232,0.10250769907611086,0.09062912450505939,0.4707435107787066
0.33818984547461367,0.10242825607064018,0.09050772626931568,0.4688741721854305
0.33039258932509924,0.10145566828407587,0.09131010145566829,0.4768416409351566
0.32653061224489793,0.1002661934338953,0.09183673469387756,0.4813664596273292
0.33273942093541203,0.09888641425389755,0.09131403118040089,0.47706013363028954
0.3279192273924495,0.09745390693590869,0.09350307287093942,0.4811237928007024
0.32823426573426573,0.09702797202797203,0.09353146853146853,0.4812062937062937
0.32338745063624397,0.09872751206669592,0.09697235629662132,0.48091268100043877
0.32256637168141594,0.10353982300884956,0.09513274336283185,0.47876106194690266
0.3200531208499336,0.09915891987605135,0.09296148738379814,0.4878264718902169
0.32158590308370044,0.09779735682819383,0.0920704845814978,0.4885462555066079
0.3199647421771706,0.0987219039224328,0.09519612163948876,0.4861172322609079
0.3198936641559592,0.0979175897208684,0.0974745237040319,0.4847142224191405
0.3156498673740053,0.09681697612732096,0.09946949602122016,0.4880636604774536
0.3160211267605634,0.09991197183098592,0.10255281690140845,0.48151408450704225
0.3171902268760908,0.09947643979057591,0.09860383944153578,0.48472949389179754
0.3145969498910675,0.09803921568627451,0.10065359477124183,0.48671023965141613
0.3200354609929078,0.09574468085106383,0.09840425531914894,0.4858156028368794
0.3257343270495397,0.09381850065760632,0.09776413853572995,0.48268303375712407
0.32303003918154116,0.09403569873748367,0.09838920330866348,0.4845450587723117
0.31828145550197284,0.09732573432704954,0.10039456378781236,0.4839982463831653
0.3186036235086169,0.10030932390631904,0.09942554131683606,0.48166151126822804
0.3188405797101449,0.09749670619235837,0.09705753184014053,0.48660518225735616
0.30962897526501765,0.09540636042402827,0.09717314487632508,0.49779151943462896
0.31371681415929203,0.09469026548672567,0.09469026548672567,0.49690265486725665
0.31057563587684067,0.09415439535921463,0.09593931280678268,0.499330655957162
0.31178033658104515,0.09433126660761736,0.09300265721877768,0.5008857395925598
0.3115910092551785,0.08990744821507272,0.09739973556632878,0.50110180696342
0.30765864332603937,0.08927789934354485,0.10021881838074398,0.5028446389496718
0.30212014134275617,0.08480565371024736,0.10070671378091872,0.5123674911660777
0.3113456464379947,0.08619173262972735,0.09938434476693052,0.5030782761653474
0.310022271714922,0.07839643652561247,0.10378619153674833,0.5077951002227171
0.3152796125055042,0.07661822985468957,0.10744165565830031,0.5006605019815059
0.31534719150818225,0.07651481645289694,0.11012826183104821,0.49800973020787265
0.30887521968365556,0.08172231985940245,0.11159929701230228,0.4978031634446397
0.31090589270008795,0.08179419525065963,0.10993843447669305,0.4973614775725594
0.3123359580052493,0.07961504811898512,0.11286089238845144,0.49518810148731407
0.3152077807250221,0.07603890362511052,0.11317418213969938,0.49557913351016797
0.3151053339309727,0.07754370237561632,0.11026445540116539,0.49708650829224565
0.3110720562390158,0.07864674868189807,0.10720562390158173,0.5030755711775043
0.30776014109347444,0.07804232804232804,0.10714285714285714,0.5070546737213404
0.3087843833185448,0.0740905057675244,0.10869565217391304,0.5084294587400178
0.31125827814569534,0.07417218543046358,0.10728476821192053,0.5072847682119205
0.3113957597173145,0.07287985865724382,0.10821554770318022,0.5075088339222615
0.3052959501557632,0.07521139296840232,0.10769915442812639,0.511793502447708
0.30708661417322836,0.07699037620297462,0.10717410323709536,0.5087489063867017
0.30276437033786746,0.07634927599824484,0.10706450197455024,0.5138218516893375
0.30026338893766463,0.07726075504828797,0.10491659350307288,0.5175592625109745
0.30905861456483125,0.07726465364120781,0.10301953818827708,0.5106571936056838
0.3068432671081678,0.07461368653421634,0.1055187637969095,0.5130242825607064
0.31574318381706246,0.07783641160949868,0.1011433597185576,0.5052770448548812
0.3192982456140351,0.08157894736842106,0.1,0.49912280701754386
0.3134065934065934,0.08043956043956044,0.09802197802197803,0.5081318681318682
0.3165719282903367,0.08220376038478355,0.09619588981198077,0.505028421512899
0.3192426243945399,0.07970057243505063,0.09467195068251871,0.5063848524878908
0.3147410358565737,0.0765825586542718,0.09827357237715803,0.5104028331119964
0.3169662428759316,0.0789127575624726,0.09820254274441034,0.5059184568171854
0.3188470066518847,0.07405764966740576,0.0975609756097561,0.5095343680709534
0.31866197183098594,0.07306338028169014,0.09551056338028169,0.5127640845070423
0.315188762071993,0.07374890254609306,0.0961369622475856,0.5149253731343284
0.31674008810572685,0.07136563876651983,0.09823788546255506,0.5136563876651983
0.32077164647824136,0.07043517272319426,0.09780170480035891,0.5109914759982055
0.3233743409490334,0.06985940246045694,0.09797891036906854,0.5087873462214412
0.32035398230088497,0.07566371681415929,0.09690265486725663,0.5070796460176992
0.32932799287939474,0.07521139296840232,0.09390298175344905,0.5015576323987538
0.32450331125827814,0.07240618101545254,0.09536423841059603,0.5077262693156733
0.325066430469442,0.07174490699734277,0.091674047829938,0.5115146147032772
0.31876379690949225,0.07328918322295806,0.0913907284768212,0.5165562913907285
0.32514515408664585,0.07235372934345691,0.08619919606967397,0.5163019205002233
0.32210065645514224,0.07396061269146609,0.08884026258205689,0.5150984682713348
0.3237095363079615,0.0752405949256343,0.08705161854768154,0.5139982502187227
0.3296654929577465,0.07746478873239436,0.08582746478873239,0.5070422535211268
0.32317880794701986,0.0781456953642384,0.08520971302428255,0.5134657836644592
0.33362407326646315,0.0776275621456607,0.08547754034016572,0.5032708242477104
0.329490022172949,0.082039911308204,0.08691796008869179,0.5015521064301552
0.3386454183266932,0.08410801239486498,0.08410801239486498,0.49313855688357683
0.3388172521120498,0.0840373499333037,0.08136949755446865,0.4957759004001779
0.3377659574468085,0.08289007092198582,0.0797872340425532,0.4995567375886525
0.3387953941541187,0.08148804251550044,0.08104517271922054,0.49867139061116034
0.34319787985865724,0.08524734982332155,0.07729681978798586,0.49425795053003535
0.34195274186357555,0.08693713776192599,0.08114132857779759,0.48996879179670083
0.343791427308882,0.08440123729562528,0.07998232434821034,0.4918250110472824
0.3422671353251318,0.0852372583479789,0.07820738137082602,0.4942882249560633
0.34362593736215263,0.08204675782973092,0.07895897662108513,0.4953683281870313
0.3386243386243386,0.08068783068783068,0.08465608465608465,0.49603174603174605
0.3385964912280702,0.08114035087719298,0.07850877192982456,0.5017543859649123
0.34,0.08311111111111111,0.08444444444444445,0.49244444444444446
0.3370141342756184,0.0803886925795053,0.08303886925795052,0.4995583038869258
0.34606938954765043,0.0821256038647343,0.07905138339920949,0.4927536231884058
0.35190097259062775,0.08134394341290893,0.08134394341290893,0.4854111405835544
0.3476733977172959,0.07945566286215978,0.08516242317822652,0.4877085162423178
0.34355828220858897,0.08019281332164768,0.09027169149868536,0.485977212971078
0.33761630482941957,0.08551174124944617,0.09171466548515729,0.48515728843597694
0.3392382639503986,0.08547387068201949,0.08901682905225863,0.4862710363153233
0.33800964489259094,0.08548882069267864,0.08899605436212188,0.4875054800526085
0.3383458646616541,0.08536045997346307,0.08978328173374613,0.4865103936311367
0.34210526315789475,0.08296164139161463,0.08786797502230152,0.4870651204281891
0.3368606701940035,0.08112874779541446,0.0890652557319224,0.4929453262786596
0.3371478873239437,0.08142605633802817,0.09419014084507042,0.48723591549295775
0.34023799030409874,0.07888937858087264,0.0877038342882327,0.49316879682679593
0.34885764499121263,0.07952548330404217,0.08875219683655536,0.4828646748681898
0.3440387153541575,0.08007039155301364,0.086229652441707,0.4896612406511219
0.33927775300936247,0.07891217119928667,0.09050378956754347,0.4913062862238074
0.34245960502692996,0.0763016157989228,0.08886894075403949,0.49236983842010773
0.34494927216585797,0.0776356418173798,0.0886634318482576,0.48875165416850463
0.34405719392314565,0.07908847184986595,0.08579088471849866,0.49106344950848974
0.34114007954043307,0.07909854175872735,0.08926204153778171,0.4904993371630579
0.33987783595113435,0.07722513089005235,0.0881326352530541,0.49476439790575916
0.3415061295971979,0.08231173380035026,0.08887915936952714,0.4873029772329247
0.3448581560283688,0.07890070921985816,0.08865248226950355,0.4875886524822695
0.3415384615384615,0.08351648351648351,0.08571428571428572,0.48923076923076925
0.3396309314586995,0.08347978910369068,0.08787346221441125,0.4890158172231986
0.3407079646017699,0.08451327433628318,0.0831858407079646,0.4915929203539823
0.32735229759299783,0.08490153172866521,0.08840262582056893,0.49934354485776805
0.33067021748779407,0.08255659121171771,0.085219707057257,0.5015534842432312
0.3315696649029982,0.0837742504409171,0.082010582010582,0.5026455026455027
0.3296557811120918,0.08605472197705208,0.0794351279788173,0.5048543689320388
0.33303964757709253,0.08546255506607929,0.08149779735682819,0.5
0.3320017754105637,0.08388814913448735,0.08033732800710164,0.5037727474478473
0.3349600709849157,0.08606921029281278,0.07453416149068323,0.5044365572315883
0.33113746157224416,0.08563899868247694,0.07509881422924901,0.5081247255160298
0.33712286838653255,0.08526453869698294,0.07433318758198514,0.5032794053344993
0.3325942350332594,0.08425720620842572,0.07538802660753881,0.5077605321507761
0.3402288732394366,0.08758802816901408,0.07174295774647887,0.5004401408450704
0.3356953055801594,0.08813108945969884,0.07395925597874226,0.5022143489813995
0.3306808134394341,0.08797524314765694,0.07338638373121131,0.5079575596816976
0.3368888888888889,0.08666666666666667,0.07244444444444445,0.504
0.3425438596491228,0.08859649122807017,0.06798245614035088,0.5008771929824561
0.34066901408450706,0.09022887323943662,0.06998239436619719,0.49911971830985913
0.340547703180212,0.09143109540636042,0.06934628975265017,0.4986749116607774
0.3339191564147627,0.09270650263620386,0.06985940246045694,0.5035149384885764
0.3387026556377884,0.0892468437091859,0.07400957771005659,0.4980409229429691
0.34017467248908295,0.09213973799126637,0.07292576419213974,0.4947598253275109
0.33938053097345133,0.0915929203539823,0.06858407079646017,0.5004424778761062
0.3382222222222222,0.088,0.068,0.5057777777777778
0.3389010989010989,0.0843956043956044,0.07164835164835165,0.5050549450549451
0.3386173491853809,0.08498458828709819,0.0722148833113166,0.5041831792162044
0.3406400701446734,0.08461201227531784,0.07496711968434897,0.4997807978956598
0.3441098317094774,0.08724534986713905,0.07218777679362268,0.49645704162976084
0.3401420959147424,0.08570159857904085,0.07238010657193605,0.5017761989342806
0.3444347063978966,0.0845749342681858,0.07011393514460999,0.5008764241893077
0.34261715296198053,0.08443854995579134,0.06631299734748011,0.506631299734748
0.34811529933481156,0.08470066518847007,0.06252771618625277,0.5046563192904656
0.3543411194358748,0.07977082415160863,0.061260467166152494,0.5046275892463641
0.35327760668719754,0.07435107787065552,0.062032556093268805,0.5103387593488782
0.34809565987599644,0.07573073516386182,0.06510186005314438,0.5110717449069974
0.35644876325088337,0.07685512367491167,0.06625441696113074,0.5004416961130742
0.3595950704225352,0.07262323943661972,0.06734154929577464,0.5004401408450704
0.3543133802816901,0.07394366197183098,0.06778169014084508,0.5039612676056338
0.3579595426561126,0.0681618293755497,0.06992084432717678,0.503957783641161
0.36097560975609755,0.06962305986696231,0.06829268292682927,0.5011086474501109
0.3654867256637168,0.06592920353982301,0.07035398230088495,0.4982300884955752
0.3758300132802125,0.06241699867197875,0.0703851261620186,0.4913678618857902
0.37516570923552806,0.06098099867432612,0.07026071586389748,0.49359257622624836
0.37384412153236457,0.0607661822985469,0.07089387934830471,0.4944958168207838
0.37434325744308233,0.05779334500875657,0.07136602451838879,0.4964973730297723
0.3728963684676705,0.05713020372010629,0.06864481842338352,0.5013286093888397
0.3608428446005268,0.06409130816505706,0.07111501316944688,0.5039508340649693
0.3672217353198948,0.06529360210341806,0.07011393514460999,0.4973707274320771
0.3689745836985101,0.061787905346187555,0.06879929886064855,0.5004382120946538
0.35968379446640314,0.06455862977602109,0.06982872200263504,0.5059288537549407
0.3683281870313189,0.06528451698279665,0.06793118659020732,0.4984561093956771
0.36816790555312634,0.06340183646698731,0.06864888500218627,0.49978137297770003
0.35914260717410323,0.06824146981627296,0.06824146981627296,0.5043744531933508
0.3567019400352734,0.06525573192239859,0.06966490299823633,0.5083774250440917
0.36,0.06933333333333333,0.06444444444444444,0.5062222222222222
0.3582485625829279,0.06855373728438743,0.062361786819991154,0.5108359133126935
0.35767380848272845,0.06689986882378662,0.0664626147791867,0.5089637079142982
0.3562610229276896,0.06657848324514991,0.068342151675485,0.5088183421516755
0.35954063604240283,0.06448763250883392,0.06757950530035335,0.5083922261484098
0.3530701754385965,0.06535087719298245,0.06842105263157895,0.5131578947368421
0.3575837742504409,0.06437389770723104,0.0701058201058201,0.5079365079365079
0.3546819787985866,0.06669611307420495,0.07420494699646643,0.5044169611307421
0.3498233215547703,0.06934628975265017,0.0719964664310954,0.508833922261484
0.3475582930048394,0.0708315002199736,0.07391113066432028,0.5076990761108667
0.349647266313933,0.06657848324514991,0.07319223985890652,0.5105820105820106
0.3460514640638864,0.06787932564330079,0.07497781721384206,0.5110913930789707
0.3494718309859155,0.06690140845070422,0.0743838028169014,0.5092429577464789
0.34245366284201234,0.06663724624889673,0.07546337157987644,0.5154457193292145
0.34177215189873417,0.06678306416412047,0.07769532955041467,0.5137494543867307
0.3424056189640035,0.0636523266022827,0.07594381035996488,0.517998244073749
0.3355525965379494,0.06391478029294274,0.07723035952063914,0.5233022636484687
0.3354064860062195,0.06130608618391826,0.07507774322523322,0.528209684584629
0.33436395759717313,0.05962897526501767,0.07508833922261485,0.5309187279151943
0.3411970292704238,0.057230231542158144,0.07339449541284404,0.528178243774574
0.3423026025584473,0.05822673136303485,0.070577856197618,0.5288928098808998
0.34,0.05733333333333333,0.06844444444444445,0.5342222222222223
0.33989501312335957,0.06036745406824147,0.06780402449693788,0.531933508311461
0.3368513632365875,0.06068601583113457,0.06860158311345646,0.5338610378188214
0.33888645330995176,0.05918456817185445,0.07014467338886453,0.5317843051293293
0.33378196500672946,0.061462539255271426,0.06729475100942127,0.5374607447285779
0.3339253996447602,0.06216696269982238,0.06438721136767318,0.5395204262877442
0.33245498462889767,0.06280193236714976,0.06499780412823891,0.5397452788757137
0.3258575197889182,0.0681618293755497,0.06640281442392261,0.5395778364116095
0.316166592028661,0.06851768920734438,0.06135244066278549,0.5539632781012092
0.31684901531728665,0.06652078774617068,0.06301969365426696,0.5536105032822757
0.3178397521027003,0.06905710491367861,0.06374501992031872,0.5493581230633023
0.3147902869757174,0.07549668874172186,0.06975717439293598,0.5399558498896248
0.31651173085436035,0.07702523240371846,0.06595838866755202,0.5405046480743692
0.3143487858719647,0.07682119205298013,0.06710816777041943,0.5417218543046357
0.32175824175824175,0.07648351648351648,0.0654945054945055,0.5362637362637362
0.3202296819787986,0.07597173144876325,0.06139575971731449,0.5424028268551236
0.3149049093321539,0.07518796992481203,0.06103494029190624,0.5488721804511278
0.3117854001759015,0.0760773966578716,0.06684256816182937,0.5452946350043976
0.3087188612099644,0.07473309608540925,0.06583629893238434,0.550711743772242
0.30721558211598055,0.0765825586542718,0.06551571491810536,0.5506861443116423
0.3095026642984014,0.08259325044404973,0.06394316163410302,0.5439609236234458
0.29871851524524967,0.08616880247459124,0.06495802032699956,0.5501546619531595
0.29564452265728114,0.086229652441707,0.06159260888693357,0.5565332160140783
0.30255057167985927,0.07959542656112577,0.06420404573438875,0.5536499560246262
0.29619805481874445,0.07913351016799293,0.0614500442086649,0.5632183908045977
0.304635761589404,0.08035320088300221,0.060927152317880796,0.5540838852097131
0.30293730819815873,0.0784743533537922,0.06049978079789566,0.5580885576501534
0.30123674911660775,0.07950530035335689,0.06007067137809187,0.5591872791519434
0.3076578593819973,0.07568293775190327,0.06224809673085535,0.554411106135244
0.30830741892492225,0.07330075521990227,0.06441581519324745,0.553976010661928
0.30406001765225066,0.07413945278022947,0.06619593998234775,0.5556045895851721
0.3042142230026339,0.07418788410886742,0.06672519754170325,0.5548726953467954
0.30398598335523436,0.07665352606219886,0.06614104248795445,0.5532194480946123
0.2986899563318777,0.08209606986899563,0.06724890829694323,0.5519650655021834
0.2996040475142983,0.08095028596568411,0.06907171139463264,0.550373955125385
0.3020879609062639,0.07641048422923145,0.06796979120390938,0.5535317636605953
0.30127922364358184,0.07675341861490957,0.0670489633877371,0.5549183943537715
0.30035026269702275,0.07793345008756568,0.06873905429071804,0.5529772329246935
0.30207872622733306,0.07695709862892526,0.06943830163644406,0.5515258735072976
0.307487815684537,0.076650420912716,0.06778910057598582,0.5480726628267611
0.30595026642984013,0.07726465364120781,0.06838365896980461,0.5484014209591475
0.30419426048565124,0.07770419426048565,0.06931567328918323,0.5487858719646799
0.3050022133687472,0.07746790615316512,0.06949977866312528,0.5480301018149624
0.31382042253521125,0.07746478873239436,0.06690140845070422,0.5418133802816901
0.3136383829409152,0.07418924922256774,0.06885828520657486,0.5433140826299423
0.31274812527569473,0.07631230701367446,0.07146007940008822,0.5394794883105426
0.3104982206405694,0.076067615658363,0.07250889679715303,0.5409252669039146
0.3094820017559263,0.07506584723441616,0.07287093942054433,0.5425812115891132
0.3069087688219663,0.07528786536758193,0.07484499557130203,0.5429583702391497
0.30873956960913485,0.07465963987703118,0.07422046552481334,0.5423803249890207
0.3097463284379172,0.07654650645304852,0.07387627948375612,0.5398308856252781
0.30898627711376714,0.07259849490925188,0.07259849490925188,0.545816733067729
0.30643015521064304,0.07671840354767184,0.07184035476718403,0.5450110864745011
0.30319148936170215,0.07934397163120567,0.07358156028368794,0.5438829787234043
0.3114537444933921,0.08061674008810572,0.07268722466960352,0.5352422907488987
0.30772626931567326,0.07593818984547461,0.07152317880794702,0.5448123620309051
0.3090828924162258,0.0701058201058201,0.06701940035273368,0.5537918871252204
0.30595026642984013,0.06971580817051509,0.06660746003552398,0.5577264653641207
0.30511463844797176,0.06922398589065255,0.06525573192239859,0.560405643738977
0.3038478549314463,0.07164971251658558,0.06280406899601947,0.5616983635559487
0.30663106364040943,0.06942590120160214,0.06497552291944815,0.5589675122385402
0.3088495575221239,0.07123893805309735,0.06592920353982301,0.5539823008849557
0.30945054945054945,0.0698901098901099,0.06417582417582418,0.5564835164835165
0.3132476739034116,0.06778910057598582,0.06823216659282233,0.5507310589277803
0.3140096618357488,0.06851119894598155,0.06851119894598155,0.5489679402722881
0.31583552055993,0.06692913385826772,0.06824146981627296,0.5489938757655293
0.30510694020078566,0.0663465735486687,0.06678306416412047,0.5617634220864252
0.3113957597173145,0.06713780918727916,0.06846289752650177,0.5530035335689046
0.30718378140149843,0.07007492287351257,0.07183781401498457,0.5509034817100044
0.3081952920662598,0.06756756756756757,0.07105492589363557,0.553182214472537
0.3077258838934963,0.06852902662592754,0.07158446093408992,0.5521606285464863
0.31233362910381546,0.06433007985803017,0.06921029281277728,0.5541259982253771
0.31101321585903086,0.06343612334801763,0.06784140969162995,0.5577092511013216
0.3088170137350465,0.06778910057598582,0.0664599025254763,0.5569339831634914
0.30492091388400705,0.06854130052724078,0.06634446397188049,0.5601933216168717
0.29916040653999115,0.0684931506849315,0.06672558550596554,0.5656208572691118
0.2992863514719001,0.06913470115967886,0.0655664585191793,0.5660124888492417
0.30725274725274726,0.06725274725274726,0.06505494505494505,0.5604395604395604
0.30870135548753824,0.06821163095758635,0.06383909051158723,0.5592479230432882
0.30721830985915494,0.06558098591549295,0.06514084507042253,0.5620598591549296
0.3022747156605424,0.06342957130358705,0.06430446194225722,0.5699912510936133
0.31090589270008795,0.06112576956904134,0.06244503078276165,0.565523306948109
0.31448763250883394,0.06139575971731449,0.06669611307420495,0.5574204946996466
0.3105102485826428,0.06323593545573485,0.0641081552551243,0.5621456607064981
0.3029100529100529,0.06349206349206349,0.06261022927689594,0.5709876543209876
0.30667838312829526,0.05579964850615114,0.061511423550087874,0.5760105448154658
0.3165784832451499,0.056878306878306875,0.06349206349206349,0.5630511463844797
0.31318923687692984,0.05822673136303485,0.0599911777679753,0.5685928539920599
0.31784305129329243,0.05523893029373082,0.06181499342393687,0.5651030249890399
0.32207907596623725,0.054198134162594405,0.06486006219458018,0.5588627276765882
0.3170947741364039,0.05580159433126661,0.06200177147918512,0.5651018600531443
0.31921533660276413,0.05439144003566652,0.06330806954971022,0.5630851538118591
0.31734960767218834,0.05492589363557106,0.06320836965998257,0.5645161290322581
0.31713780918727913,0.052120141342756186,0.061837455830388695,0.568904593639576
0.3262786596119929,0.05599647266313933,0.05864197530864197,0.5590828924162258
0.3216814159292035,0.05398230088495575,0.062389380530973454,0.5619469026548672
0.3293598233995585,0.05077262693156733,0.06357615894039735,0.5562913907284768
0.3285024154589372,0.04743083003952569,0.06543697848045674,0.5586297760210803
0.3244562805148691,0.05015534842432313,0.06879715934309809,0.5565912117177098
0.3202296819787986,0.05167844522968198,0.06669611307420495,0.5613957597173145
0.3217734855136084,0.053555750658472345,0.0684811237928007,0.5561896400351185
0.31329530495831504,0.05221588415971917,0.06845107503290918,0.5660377358490566
0.31788079470198677,0.05607064017660044,0.06975717439293598,0.5562913907284768
0.316651904340124,0.05713020372010629,0.070859167404783,0.5553587245349867
0.31808183018037833,0.056313242410910694,0.07215134183897932,0.5534535855697317
0.3226232394366197,0.058538732394366196,0.07350352112676056,0.5453345070422535
0.3300927971718957,0.057445868316394165,0.07202828104286346,0.5404330534688466
0.3281110116383169,0.06177260519247986,0.07609668755595345,0.5340196956132498
0.3289588801399825,0.06167979002624672,0.07480314960629922,0.5345581802274716
0.3282674772036474,0.05948762483716891,0.07685627442466349,0.5353886235345202
0.32811140121845084,0.06266318537859007,0.07528285465622281,0.5339425587467362
0.33010136624063463,0.06346408109299251,0.07183781401498457,0.5345967386513882
0.3285277413717781,0.061598951507208385,0.07514198339886413,0.5347313237221494
0.3345024112231477,0.06400701446733889,0.07452871547566857,0.5269618588338448
0.33127208480565373,0.06581272084805653,0.06934628975265017,0.5335689045936396
0.33362714852357866,0.06302335830762451,0.06743058616130454,0.5359189070074923
0.33157431838170626,0.06552330694810905,0.06772207563764292,0.5351802990325418
0.33523475208424747,0.06274681878016675,0.06669591926283458,0.5353225098727512
0.33377250768555117,0.06368028107158542,0.06719367588932806,0.5353535353535354
0.3368653421633554,0.06136865342163356,0.06887417218543046,0.5328918322295806
0.3299692847740237,0.06450197455024133,0.06932865291794647,0.5362000877577885
0.33790358248562585,0.06368863334807608,0.06634232640424591,0.5320654577620522
0.3373068432671082,0.06666666666666667,0.06445916114790287,0.5315673289183223
0.33185250999555754,0.06752554420257663,0.061750333185251,0.5388716126166149
0.33199821984868716,0.06987093902981753,0.06319537160658656,0.5349354695149088
0.3296411165263624,0.06468763845813026,0.06601683650863979,0.5396544085068675
0.3295254833040422,0.06546572934973638,0.06766256590509666,0.5373462214411248
0.3334807607253428,0.0654577620521893,0.06501547987616099,0.536045997346307
0.34037868780273006,0.06605019815059446,0.06428885953324527,0.5292822545134303
0.3377425044091711,0.06481481481481481,0.06525573192239859,0.5321869488536155
0.3381515549715287,0.06219886114761279,0.06307490144546649,0.5365746824353921
0.3349600709849157,0.061224489795918366,0.06299911268855368,0.5408163265306123
0.33658969804618116,0.06571936056838366,0.0630550621669627,0.5346358792184724
0.3336314847942755,0.06395348837209303,0.06574239713774598,0.5366726296958855
0.3152557319223986,0.06701940035273368,0.06569664902998236,0.5520282186948854
0.3215686274509804,0.06492374727668845,0.0644880174291939,0.5490196078431373
0.32422907488986785,0.06563876651982378,0.06343612334801763,0.5466960352422907
0.32551968155683325,0.062361786819991154,0.06015037593984962,0.5519681556833259
0.3259325044404973,0.0608348134991119,0.06216696269982238,0.5510657193605684
0.3245382585751979,0.06156552330694811,0.0633245382585752,0.5505716798592788
0.3226366001734605,0.06374674761491761,0.0663486556808326,0.5472679965307893
0.3264680105170903,0.06441717791411043,0.06222611744084137,0.5468886941279579
0.3232189973614776,0.0584872471416007,0.06904133685136324,0.5492524186455585
0.33024691358024694,0.059964726631393295,0.0718694885361552,0.5379188712522046
0.3231441048034934,0.06157205240174673,0.06986899563318777,0.5454148471615721
0.31411974977658624,0.06300268096514745,0.07149240393208221,0.5513851653261841
0.3118659020732245,0.05822673136303485,0.07190119100132333,0.5580061755624173
0.3152028533214445,0.05439144003566652,0.07133303611234953,0.5590726705305394
0.3132476739034116,0.05538325210456358,0.06956136464333186,0.561807709348693
0.31377777777777777,0.052,0.06755555555555555,0.5666666666666667
0.3167619885613726,0.05323361196656401,0.06511218653761548,0.5648922129344479
0.31283185840707967,0.05530973451327434,0.07079646017699115,0.5610619469026549
0.3185413005272408,0.05492091388400703,0.06898066783831283,0.5575571177504394
0.3126376045794804,0.05812417437252312,0.06957287538529282,0.5596653456627037
0.3067375886524823,0.060726950354609927,0.06914893617021277,0.563386524822695
0.30618602581219406,0.06275033377837116,0.06809078771695594,0.5629728526924789
0.30393912264995526,0.06580125335720681,0.06535362578334826,0.5649059982094897
0.30323151837096063,0.06640106241699867,0.0619743249225321,0.5683930942895087
0.30656610470275064,0.06743566992014197,0.05989352262644188,0.5661047027506655
0.3064091308165057,0.06672519754170325,0.058384547848990345,0.5684811237928007
0.3107394366197183,0.06514084507042253,0.058538732394366196,0.565580985915493
0.30914687774846084,0.06552330694810905,0.0584872471416007,0.5668425681618294
0.3073861123396727,0.06855373728438743,0.057938965059708095,0.5661211853162318
0.3076923076923077,0.06803023566029347,0.05824811027123166,0.5660293463761672
0.3117516629711752,0.06651884700665188,0.06075388026607539,0.5609756097560976
0.3032714412024757,0.06321839080459771,0.060123784261715295,0.5733863837312113
0.3088958426464014,0.05945462673223067,0.06303084488153778,0.5686186857398301
0.3049107142857143,0.06205357142857143,0.06160714285714286,0.5714285714285714
0.301056338028169,0.06734154929577464,0.06029929577464789,0.5713028169014085
0.30004418912947417,0.07070260715863898,0.058329650905877155,0.5709235528060097
0.3003970004411116,0.07013674459638289,0.05955006616674018,0.5699161887957653
0.2966360856269113,0.07077326343381389,0.059414591524683265,0.5731760594145915
0.2989916703200351,0.06313020604997809,0.05655414291977203,0.5813239807102148
0.2990736656374063,0.06352007057785619,0.0564622849580944,0.5809439788266432
0.30286975717439296,0.06225165562913907,0.059602649006622516,0.5752759381898455
0.29678555702333775,0.06340819022457067,0.06120651695288419,0.5785997357992074
0.2952173913043478,0.06260869565217392,0.06391304347826086,0.5782608695652174
0.29750982961992134,0.06334643949322849,0.06422018348623854,0.5749235474006116
0.30286975717439296,0.060044150110375276,0.0640176600441501,0.5730684326710817
0.3028571428571429,0.06373626373626373,0.0632967032967033,0.5701098901098901
0.30657894736842106,0.06535087719298245,0.06315789473684211,0.5649122807017544
0.29942247889826745,0.06486006219458018,0.06308307418924922,0.5726343847179032
0.3037918871252205,0.06437389770723104,0.06481481481481481,0.5670194003527337
0.30615861763402746,0.06247230837394772,0.06468763845813026,0.5666814355338945
0.2980132450331126,0.06490066225165562,0.06357615894039735,0.5735099337748344
0.3031513537505548,0.06569019085663559,0.06080781180648025,0.5703506435863294
0.3014121800529568,0.06575463371579876,0.06222418358340689,0.5706090026478376
0.3018292682926829,0.06881533101045297,0.06445993031358885,0.5648954703832753
0.29726148409893993,0.06846289752650177,0.06537102473498234,0.568904593639576
0.29254385964912283,0.06929824561403508,0.06754385964912281,0.5706140350877194
0.29541446208112876,0.06393298059964726,0.06922398589065255,0.5714285714285714
0.29506008010680906,0.06275033377837116,0.06987093902981753,0.5723186470850022
0.2957559681697613,0.0649867374005305,0.06675508399646331,0.5725022104332449
0.29766622633201234,0.06428885953324527,0.06428885953324527,0.5737560546014971
0.2979194333776007,0.06463036741921203,0.061531651173085435,0.5759185480301018
0.2968056787932564,0.06388642413487133,0.062111801242236024,0.5771960958296362
0.3022636484687084,0.06125166444740346,0.06347092765201953,0.5730137594318686
0.2998236331569665,0.059964726631393295,0.06349206349206349,0.5767195767195767
0.29722589167767505,0.06252752091589608,0.06164685160722149,0.5785997357992074
0.29706011408512506,0.05704256252742431,0.06362439666520403,0.5822729267222466
0.2992441084926634,0.059582036460649176,0.06402845709204091,0.5771453979546465
0.29733333333333334,0.06444444444444444,0.064,0.5742222222222222
0.29492273730684326,0.0631346578366446,0.06490066225165562,0.5770419426048565
