C,D,Oc,Od
0.0,1.0,0.0,0.0
0.0,0.5,0.0,0.5
0.0,0.42857142857142855,0.0,0.5714285714285714
0.16666666666666666,0.3333333333333333,0.0,0.5
0.26666666666666666,0.26666666666666666,0.0,0.4666666666666667
0.28,0.2,0.0,0.52
0.3055555555555556,0.2222222222222222,0.0,0.4722222222222222
0.24528301886792453,0.2830188679245283,0.018867924528301886,0.4528301886792453
0.24358974358974358,0.2564102564102564,0.038461538461538464,0.46153846153846156
0.24545454545454545,0.2545454545454545,0.045454545454545456,0.45454545454545453
0.23809523809523808,0.24489795918367346,0.05442176870748299,0.46258503401360546
0.2569832402234637,0.22905027932960895,0.0670391061452514,0.44692737430167595
0.26785714285714285,0.21875,0.08035714285714286,0.4330357142857143
0.2923076923076923,0.2,0.08461538461538462,0.4230769230769231
0.2861635220125786,0.20440251572327045,0.0880503144654088,0.42138364779874216
0.2712765957446808,0.19946808510638298,0.10372340425531915,0.425531914893617
0.2708803611738149,0.18058690744920994,0.12189616252821671,0.42663656884875845
0.2840690978886756,0.16698656429942418,0.12859884836852206,0.42034548944337813
0.28363047001620745,0.18152350081037277,0.12317666126418152,0.41166936790923825
0.2794943820224719,0.19241573033707865,0.11797752808988764,0.4101123595505618
0.289873417721519,0.18734177215189873,0.1291139240506329,0.39367088607594936
0.2879640044994376,0.19347581552305962,0.13048368953880765,0.3880764904386952
0.2968591691995947,0.18439716312056736,0.13779128672745694,0.38095238095238093
0.30578512396694213,0.18089990817263543,0.1414141414141414,0.371900826446281
0.30861040068201195,0.17902813299232737,0.14407502131287298,0.36828644501278773
0.3173374613003096,0.16950464396284828,0.14241486068111456,0.37074303405572756
0.3188090050835149,0.15976761074800291,0.1532316630355846,0.3681917211328976
0.32878581173260574,0.15620736698499318,0.15961800818553887,0.3553888130968622
0.3270358306188925,0.1543973941368078,0.15895765472312703,0.35960912052117266
0.32378048780487806,0.15304878048780488,0.16829268292682928,0.3548780487804878
0.3257443082311734,0.1535318155283129,0.17513134851138354,0.3455925277291302
0.3276431718061674,0.15693832599118943,0.17070484581497797,0.3447136563876652
0.3303477344573235,0.1554267650158061,0.1701791359325606,0.3440463645943098
0.3389656938044035,0.1525857654889913,0.16692268305171531,0.3415258576548899
0.33645320197044337,0.15270935960591134,0.16108374384236454,0.3497536945812808
0.3425387596899225,0.14631782945736435,0.16424418604651161,0.34689922480620156
0.33633349123638084,0.15206063477025106,0.162482235907153,0.34912363808621505
0.33193473193473194,0.15384615384615385,0.16363636363636364,0.35058275058275057
0.3375057950857673,0.1502086230876217,0.16597125637459434,0.3463143254520167
0.3373775081661223,0.15165655622958468,0.16378908072795148,0.3471768548763416
0.33317908375751965,0.14946783896344285,0.16936603424340582,0.34798704303563166
0.3355855855855856,0.15855855855855855,0.16936936936936936,0.3364864864864865
0.33682294037323623,0.1565771506599909,0.16522530723714154,0.3413746017296313
0.3383492932056544,0.1568627450980392,0.16689466484268126,0.3378932968536252
0.3401732786137711,0.15777473780209758,0.16461468308253535,0.337437300501596
0.3512773722627737,0.15237226277372262,0.16377737226277372,0.33257299270072993
0.34830940250115794,0.15145900880037055,0.16720704029643355,0.333024548402038
0.3423217550274223,0.15310786106032906,0.1686471663619744,0.3359232175502742
0.3489963503649635,0.15054744525547445,0.16833941605839417,0.33211678832116787
0.35024920706841867,0.14861803352967828,0.16674218396012688,0.3343905754417762
0.3440036068530207,0.15058611361587015,0.16952209197475204,0.3358881875563571
0.3425339366515837,0.15248868778280544,0.16561085972850678,0.3393665158371041
0.34606639381537063,0.15461573442473853,0.16598453842655753,0.3333333333333333
0.35278154681139756,0.15061058344640435,0.1623699683401176,0.3342379014020805
0.3561957018747142,0.15363511659807957,0.15820759030635573,0.3319615912208505
0.3571749887539361,0.15789473684210525,0.15204678362573099,0.3328834907782276
0.35571687840290384,0.15517241379310345,0.15471869328493648,0.33439201451905626
0.35892776010904137,0.15447523852794184,0.1485688323489323,0.3380281690140845
0.37199818758495695,0.1495242410512007,0.1490711372904395,0.3294064340734028
0.36586472991375396,0.15070358601906492,0.15206536541080345,0.33136631865637767
0.3692927484333035,0.14368845120859444,0.1539838854073411,0.333034914950761
0.37404921700223714,0.141834451901566,0.15659955257270694,0.3275167785234899
0.3732014388489209,0.13803956834532374,0.1591726618705036,0.3295863309352518
0.3744454303460515,0.14285714285714285,0.1543921916592724,0.3283052351375333
0.38226024313372353,0.1436289959477713,0.14993246285457001,0.32417829806393517
0.3867453472537449,0.1457103949160236,0.1484339536995007,0.3191103041307308
0.3877917414721723,0.14542190305206462,0.14631956912028726,0.32046678635547576
0.38537906137184114,0.148014440433213,0.1457581227436823,0.32084837545126355
0.39167412712623095,0.144136078782453,0.14458370635631154,0.3196060877350045
0.39254884143571106,0.14084507042253522,0.13948205361199456,0.3271240345297592
0.3953068592057762,0.13898916967509026,0.14169675090252706,0.3240072202166065
0.3958143767060964,0.13330300272975432,0.14012738853503184,0.3307552320291174
0.39057544177616677,0.13094698685999093,0.1431807884005437,0.3352967829632986
0.3938294010889292,0.13430127041742287,0.1411070780399274,0.3307622504537205
0.3996358670914884,0.1356395084205735,0.1401911697769686,0.3245334547109695
0.40613718411552346,0.13131768953068593,0.13898916967509026,0.32355595667870035
0.40610961365678344,0.1307277628032345,0.13387241689128482,0.32929020664869724
0.4083746060333183,0.13237280504277352,0.12967131922557407,0.32958126969833407
0.4067948144836835,0.1318730442556996,0.12695574430040232,0.3343763969602146
0.4059272563987427,0.1311180960933992,0.12258643915581499,0.3403682083520431
0.41312217194570133,0.12760180995475112,0.12126696832579185,0.3380090497737557
0.41250562303193883,0.1246063877642825,0.12235717498875394,0.34053081421502474
0.41768155164636894,0.11817771763644565,0.12404149751917005,0.3400992331980153
0.4156706507304117,0.11907923860115095,0.12129260734838423,0.34395750332005315
0.41944194419441944,0.11926192619261926,0.12016201620162016,0.34113411341134114
0.4209575429087624,0.11969286359530262,0.11517615176151762,0.34417344173441733
0.420816509645581,0.12157918349035442,0.11484970838941229,0.3427545984746523
0.4214765100671141,0.11991051454138703,0.11140939597315436,0.3472035794183445
0.42126334519572955,0.11209964412811388,0.11432384341637011,0.35231316725978645
0.4197860962566845,0.11586452762923351,0.11809269162210338,0.3462566844919786
0.42135578201151974,0.1178555604785113,0.11608329641116526,0.34470536109880373
0.4246513720197931,0.11965811965811966,0.11470985155195682,0.34098065677013045
0.4335884736605133,0.11706438541197658,0.1130121566861774,0.33633498424133274
0.43363636363636365,0.12136363636363637,0.11318181818181818,0.33181818181818185
0.43324372759856633,0.117831541218638,0.11066308243727599,0.3382616487455197
0.4403183023872679,0.11671087533156499,0.10831122900088418,0.33465959328028294
0.4495779653487339,0.11283873833851621,0.10439804531319413,0.33318525099955576
0.444,0.11777777777777777,0.10311111111111111,0.33511111111111114
0.4496434937611408,0.11675579322638147,0.10427807486631016,0.3293226381461676
0.4551480335837384,0.11886875828546177,0.10251878038002651,0.32346442775077333
0.4461674789543642,0.12450155073105892,0.09968985378821445,0.3296411165263624
0.451828724353256,0.12310437109723461,0.09188224799286351,0.33318465655664586
0.45216606498194944,0.12229241877256318,0.08935018050541517,0.3361913357400722
0.4478280340349306,0.1200179131213614,0.08866995073891626,0.34348410210479174
0.43960923623445824,0.12122557726465365,0.08570159857904085,0.35346358792184723
0.4450945094509451,0.12376237623762376,0.08325832583258326,0.3478847884788479
0.44838280903854677,0.12228622064687639,0.08196721311475409,0.34736375719982276
0.45422535211267606,0.12147887323943662,0.0801056338028169,0.34419014084507044
0.45148427115640233,0.1178555604785113,0.07930881701373504,0.35135135135135137
0.45964125560538116,0.11390134529147983,0.08295964125560538,0.3434977578475336
0.46452779032986896,0.10935381834613647,0.08314505196565748,0.3429733393583371
0.46520963425512935,0.10392506690454952,0.08563782337198929,0.3452274754683318
0.47064096817570594,0.10264455401165397,0.08650829224562977,0.3402061855670103
0.46642631816133395,0.10229833258224426,0.08877872915727805,0.3424966200991438
0.46757829730921924,0.0992501102779003,0.08822232024702249,0.34494927216585797
0.4692341744134573,0.1018149623727313,0.0903054448871182,0.3386454183266932
0.46604527296937415,0.09986684420772303,0.08699511762094984,0.3470927652019529
0.47709251101321587,0.0933920704845815,0.09162995594713656,0.3378854625550661
0.470431302801245,0.08803912850155625,0.09470875944864385,0.3468208092485549
0.47692307692307695,0.08263736263736264,0.09494505494505495,0.3454945054945055
0.4750991626267078,0.08285588364918467,0.09739973556632878,0.34464521815777877
0.4741721854304636,0.08211920529801324,0.09448123620309051,0.34922737306843266
0.47105966162065893,0.085040071237756,0.09038290293855744,0.3535173642030276
0.4732142857142857,0.07991071428571428,0.09151785714285714,0.35535714285714287
0.47401155042203463,0.07952021323856064,0.08929364726788094,0.3571745890715238
0.4764256847777279,0.08082622361921868,0.08666367310282892,0.35608441850022454
0.48323036187113855,0.07502206531332745,0.08870255957634599,0.353045013239188
0.4849708389412293,0.07133243606998654,0.08658591296545536,0.35711081202332884
0.4907325684024713,0.06575463371579876,0.08737864077669903,0.3561341571050309
0.49573799910273664,0.06415432929564828,0.0847913862718708,0.3553162853297443
0.4997754827121688,0.06241580601706331,0.08172429277054333,0.35608441850022454
0.49955357142857143,0.06205357142857143,0.07946428571428571,0.35892857142857143
0.4993288590604027,0.06174496644295302,0.07695749440715884,0.36196868008948546
0.499106344950849,0.06255585344057193,0.07193923145665773,0.36639857015192134
0.49933657673595755,0.06191950464396285,0.07386112339672711,0.3648827952233525
0.5019937970757643,0.05848471422241914,0.07443509082853345,0.3650863978732831
0.4924107142857143,0.059821428571428574,0.07633928571428572,0.37142857142857144
0.4949272165857962,0.06219673577415086,0.07587119541243935,0.3670048522276136
0.48687138406764574,0.06141522029372497,0.07387627948375612,0.37783711615487314
0.4858781994704325,0.061341571050308914,0.07325684024713151,0.3795233892321271
0.4860557768924303,0.059318282425852145,0.07259849490925188,0.38202744577246567
0.4912673533363189,0.057321988356471114,0.07299596954769369,0.37841468875951634
0.4971553610503282,0.05514223194748359,0.07133479212253829,0.37636761487964987
0.4947089947089947,0.05599647266313933,0.0718694885361552,0.37742504409171074
0.4939705225547119,0.05984814649397052,0.07190710138454667,0.37427422956677087
0.4991015274034142,0.05884995507637017,0.07142857142857142,0.3706199460916442
0.49955317247542447,0.05719392314566577,0.07059874888293119,0.3726541554959786
0.4964253798033959,0.05674709562109026,0.07015192135835567,0.37667560321715815
0.5030782761653474,0.05760773966578716,0.06596306068601583,0.3733509234828496
0.5015317286652079,0.05776805251641138,0.06520787746170678,0.375492341356674
0.4973730297723292,0.05910683012259194,0.0691768826619965,0.37434325744308233
0.4928571428571429,0.061160714285714284,0.06741071428571428,0.37857142857142856
0.4982030548068284,0.05840071877807727,0.0660377358490566,0.37735849056603776
0.4975236380009005,0.058982440342188205,0.0675371454299865,0.3759567762269248
0.49955396966993754,0.059322033898305086,0.06333630686886708,0.37778768956289027
0.5079435127978817,0.05692850838481906,0.0617828773168579,0.3733451015004413
0.5094422485726834,0.058410188844971456,0.06104523495827844,0.37110232762406675
0.5062001771479185,0.061558901682905225,0.06200177147918512,0.37023914968999116
0.5041794984601847,0.056313242410910694,0.06335239771227452,0.37615486141663
0.5048758865248227,0.06028368794326241,0.06205673758865248,0.3727836879432624
0.49868536371603855,0.06091148115687993,0.06266432953549518,0.37773882559158634
0.49933774834437084,0.058719646799116995,0.059602649006622516,0.3823399558498896
0.5059866962305987,0.06031042128603104,0.06075388026607539,0.3729490022172949
0.5011037527593819,0.060485651214128036,0.060927152317880796,0.37748344370860926
0.5008857395925598,0.0633303808680248,0.05757307351638618,0.37821080602302926
0.5044523597506678,0.06589492430988424,0.05832591273374889,0.371326803205699
0.4939919893190921,0.06497552291944815,0.06052514463729417,0.38050734312416556
0.4893805309734513,0.06769911504424779,0.05929203539823009,0.3836283185840708
0.4906832298136646,0.06876663708961846,0.05678793256433008,0.38376220053238685
0.48513093652907235,0.06790945406125166,0.056813138038171326,0.39014647137150466
0.496,0.06666666666666667,0.05555555555555555,0.38177777777777777
0.4946714031971581,0.06971580817051509,0.0541740674955595,0.3814387211367673
0.4909171466548516,0.06911829862649535,0.05050952591936198,0.3894550287992911
0.4986607142857143,0.07098214285714285,0.048660714285714286,0.38169642857142855
0.49756313690739923,0.07000443066016837,0.05006645990252548,0.38236597252990695
0.501323918799647,0.07105030891438659,0.0498676081200353,0.37775816416593117
0.5044014084507042,0.06998239436619719,0.04973591549295775,0.37588028169014087
0.5062555853440572,0.07015192135835567,0.04647006255585344,0.3771224307417337
0.5044563279857398,0.07040998217468805,0.04367201426024955,0.38146167557932265
0.5087014725568942,0.07273538598839803,0.04462293618920125,0.3739402052655065
0.5104120513956579,0.07089056269384138,0.04873726185201595,0.3699601240584847
0.502869757174393,0.07505518763796909,0.045033112582781455,0.3770419426048565
0.5039929015084295,0.07542147293700088,0.04303460514640639,0.37755102040816324
0.5011047282368537,0.06937693327441449,0.043747238179407864,0.38577110030932393
0.4953354064860062,0.07019102621057308,0.0422034651266104,0.3922701021768103
0.49623059866962305,0.07006651884700665,0.04212860310421286,0.39157427937915745
0.4925373134328358,0.07199297629499561,0.04258121158911326,0.3928884986830553
0.49184662847069194,0.07360070515645659,0.04186866460996033,0.39268400176289114
0.48408488063660476,0.07427055702917772,0.04553492484526967,0.39610963748894784
0.48677248677248675,0.07319223985890652,0.04585537918871252,0.3941798941798942
0.48236331569664903,0.07098765432098765,0.046296296296296294,0.400352733686067
0.4841549295774648,0.07130281690140845,0.04357394366197183,0.40096830985915494
0.4924107142857143,0.07053571428571428,0.044642857142857144,0.3924107142857143
0.488031914893617,0.06693262411347518,0.047872340425531915,0.3971631205673759
0.4862144420131291,0.06827133479212254,0.04857768052516411,0.3969365426695842
0.4863436123348018,0.06960352422907488,0.04889867841409692,0.3951541850220264
0.486784140969163,0.06828193832599119,0.050220264317180616,0.3947136563876652
0.4777777777777778,0.06755555555555555,0.04933333333333333,0.4053333333333333
0.4779735682819383,0.06872246696035242,0.044933920704845816,0.4083700440528634
0.4746215494211932,0.06990204808548531,0.0458593054318789,0.40961709706144256
0.46740088105726874,0.06872246696035242,0.051982378854625554,0.4118942731277533
0.47211242863416775,0.06851119894598155,0.04743083003952569,0.411945542380325
0.472630173564753,0.06942590120160214,0.04717400979083222,0.41076991544281266
0.47454625940681716,0.06684373616644533,0.046923417441345726,0.4116865869853918
0.47850877192982455,0.06535087719298245,0.046052631578947366,0.4100877192982456
0.47877984084880637,0.06763925729442971,0.04730327144120248,0.4062776304155615
0.4771618625277162,0.06740576496674058,0.05188470066518847,0.4035476718403548
0.4768211920529801,0.06269315673289183,0.053863134657836646,0.4066225165562914
0.4803184431667404,0.06059265811587793,0.05395842547545334,0.40513047324192836
0.47121820615796517,0.062025881302989735,0.05622489959839357,0.4105310129406515
0.46930604982206403,0.06405693950177936,0.055604982206405695,0.4110320284697509
0.4763588157313301,0.06363234644277507,0.05391073795846222,0.4060980998674326
0.47154830172033524,0.061314512571680635,0.0564622849580944,0.4106749007498897
0.4721731448763251,0.061837455830388695,0.05697879858657244,0.4090106007067138
0.48272807794508416,0.06023029229406555,0.05934455270150576,0.39769707705934454
0.47793468667255073,0.06090026478375993,0.061341571050308914,0.39982347749338043
0.4749328558639212,0.05819158460161146,0.05819158460161146,0.40868397493285585
0.47849223946784925,0.05809312638580931,0.056762749445676275,0.4066518847006652
0.4796999117387467,0.06045895851721095,0.052515445719329215,0.40732568402471314
0.47522123893805307,0.059734513274336286,0.05265486725663717,0.41238938053097346
0.4749552772808587,0.057245080500894455,0.05366726296958855,0.4141323792486583
0.47103051747014596,0.05572755417956656,0.05263157894736842,0.4206103494029191
0.4715808170515098,0.05550621669626998,0.05328596802841918,0.41962699822380106
0.4727272727272727,0.0598669623059867,0.05365853658536585,0.41374722838137473
0.46260017809439,0.06188780053428317,0.05209260908281389,0.42341941228851293
0.4622557726465364,0.0630550621669627,0.052397868561278864,0.422291296625222
0.46610915492957744,0.0625,0.053257042253521125,0.41813380281690143
0.46898705934850515,0.06291834002677377,0.050870147255689425,0.4172244533690317
0.46566901408450706,0.06294014084507042,0.04973591549295775,0.4216549295774648
0.4585708022797019,0.06356861025865848,0.04866286716352477,0.42919772029811487
0.46403197158081705,0.0608348134991119,0.049289520426287745,0.4258436944937833
0.46231375985977213,0.06091148115687993,0.04995617879053462,0.4268185801928133
0.4620447564721369,0.06274681878016675,0.04914436156208864,0.42606406318560774
0.4580931263858093,0.06385809312638581,0.048337028824833705,0.42971175166297115
0.4634146341463415,0.06385809312638581,0.050110864745011086,0.42261640798226163
0.45562390158172233,0.0641476274165202,0.04789103690685413,0.43233743409490333
0.4519621109607578,0.05773567884528642,0.04826341903473162,0.4420387911592242
0.44623655913978494,0.05824372759856631,0.047491039426523295,0.44802867383512546
0.4424778761061947,0.0584070796460177,0.05442477876106195,0.4446902654867257
0.4467140319715808,0.058170515097690945,0.05150976909413854,0.4436056838365897
0.4489615554573575,0.05965532479010163,0.05125939019001326,0.4401237295625276
0.4465547703180212,0.055212014134275615,0.04814487632508834,0.4500883392226148
0.45108455068614434,0.051350154935812305,0.04957945993802568,0.4479858344400177
0.44962604487461505,0.05103387593488781,0.0475142982842059,0.4518257809062912
0.45235975066785394,0.04942119323241318,0.04853072128227961,0.44968833481745324
0.4501108647450111,0.050110864745011086,0.04745011086474501,0.4523281596452328
0.4479717813051146,0.051587301587301584,0.046296296296296294,0.4541446208112875
0.4449358690844759,0.05218929677134011,0.047766475011057054,0.4551083591331269
0.44301552106430153,0.05188470066518847,0.048337028824833705,0.4567627494456763
0.4420866489832007,0.052608311229000886,0.05128205128205128,0.4540229885057471
0.4393063583815029,0.05113383726100489,0.05469097376611828,0.45486883059137395
0.4361036639857015,0.05183199285075961,0.054066130473637175,0.4579982126899017
0.4429649356413671,0.05104305370616955,0.05104305370616955,0.45494895694629384
0.43736067766384307,0.049487293802942485,0.05394560855996433,0.4592064199732501
0.4357394366197183,0.05193661971830986,0.05369718309859155,0.4586267605633803
0.43946784922394677,0.04789356984478936,0.05232815964523282,0.46031042128603106
0.4333481943825234,0.04770396790013375,0.05394560855996433,0.4650022291573785
0.43777581641659313,0.04766107678729038,0.05339805825242718,0.46116504854368934
0.4328028293545535,0.046861184792219276,0.05658709106984969,0.46374889478337755
0.4336555360281195,0.043936731107205626,0.05360281195079086,0.468804920913884
0.4288248337028825,0.04611973392461197,0.05232815964523282,0.4727272727272727
0.43802382002646667,0.043670048522276135,0.050727834142037936,0.46757829730921924
0.43331856446610545,0.044306601683650866,0.052281789986708016,0.4700930438635357
0.4420257663260773,0.04797867614393603,0.04797867614393603,0.4620168813860506
0.4423162583518931,0.045879732739420934,0.04721603563474387,0.4645879732739421
0.43305346884666374,0.05037560760053027,0.048608042421564294,0.46796288113124174
0.4290150842945874,0.047471162377994675,0.048802129547471165,0.47471162377994675
0.4298982750995135,0.04732419283502875,0.04909332153914197,0.47368421052631576
0.4332892998678996,0.04447380008806693,0.0488771466314399,0.47335975341259356
0.4271887373515178,0.04927408710954685,0.04927408710954685,0.47426308842938847
0.4279437609841828,0.048769771528998244,0.05140597539543058,0.4718804920913884
0.4232142857142857,0.04598214285714286,0.049553571428571426,0.48125
0.42416225749559083,0.0427689594356261,0.046296296296296294,0.48677248677248675
0.42463958060288337,0.04456094364351245,0.045871559633027525,0.4849279161205767
0.42391789379741185,0.047746541722445336,0.04596162427487729,0.48237394020526553
0.42159040426477123,0.047534429142603286,0.04620168813860506,0.4846734784540204
0.4193121693121693,0.05114638447971781,0.045414462081128745,0.48412698412698413
0.4211453744493392,0.04933920704845815,0.04757709251101322,0.4819383259911894
0.417360806663744,0.051731696624287594,0.04471722928540114,0.4861902674265673
0.41670310450371667,0.05115872321818977,0.04722343681679055,0.48491473546130304
0.41714538223597,0.049491825011047284,0.0481661511268228,0.48519664162615994
0.41764962865880295,0.05067715159458279,0.049366535605067714,0.48230668414154654
0.4127957931638913,0.04995617879053462,0.04951796669588081,0.48773006134969327
0.41221033868092694,0.05169340463458111,0.05080213903743316,0.4852941176470588
0.41045109423849935,0.05180884323358642,0.0482358195623046,0.4895042429656096
0.41098317094774134,0.05491585473870682,0.0491585473870682,0.4849424269264836
0.40307017543859647,0.056140350877192984,0.04780701754385965,0.49298245614035086
0.3981562774363477,0.061018437225636525,0.050921861281826165,0.48990342405618964
0.3967125721901377,0.06219458018658374,0.0519768991559307,0.48911594846734785
0.3988591487494515,0.060991663010092144,0.050460728389644584,0.4896884598508118
0.39727831431079896,0.061457418788410885,0.051360842844600525,0.48990342405618964
0.39136183340678715,0.05817540766857646,0.05376817981489643,0.49669457910973996
0.40026536930561696,0.059708093763821316,0.053516143299425036,0.4865103936311367
0.3978542691104157,0.06124273580688422,0.048725972284309346,0.4921770227983907
0.402212389380531,0.05486725663716814,0.050442477876106194,0.4924778761061947
0.4,0.05605381165919283,0.04708520179372197,0.4968609865470852
0.39937805419813416,0.05508662816525989,0.04620168813860506,0.49933362949800086
0.3987648875165417,0.05513895015438906,0.044111160123511246,0.501985002205558
0.4002677376171352,0.05533244087460955,0.043284248103525214,0.50111557340473
0.39946973044631023,0.053468846663720725,0.04418912947414936,0.5028722934158197
0.39556541019955654,0.05321507760532151,0.04789356984478936,0.5033259423503326
0.3939526730937774,0.05390008764241893,0.04425942156003506,0.5078878177037687
0.40026536930561696,0.0513047324192835,0.042459088898717384,0.5059708093763822
0.3951219512195122,0.05232815964523282,0.04301552106430155,0.5095343680709534
0.39535921463632306,0.054439982150825524,0.0428380187416332,0.5073627844712182
0.39334811529933483,0.05853658536585366,0.04478935698447894,0.5033259423503326
0.39344262295081966,0.05582631812140009,0.04519273371732388,0.5055383252104564
0.39479488310542565,0.05513895015438906,0.0458756065284517,0.5041905602117336
0.3909373611728121,0.05508662816525989,0.04575744113727232,0.5082185695246557
0.3808680248007086,0.05890168290522586,0.0420726306465899,0.5181576616474757
0.3818984547461369,0.05562913907284768,0.045916114790286976,0.5165562913907285
0.3832599118942731,0.05418502202643172,0.04669603524229075,0.5158590308370044
0.38268892794376097,0.058875219683655534,0.046133567662565905,0.5123022847100176
0.3848538529672276,0.05757307351638618,0.046058458813108945,0.5115146147032772
0.37921847246891655,0.06172291296625222,0.043516873889875664,0.5155417406749556
0.3848202396804261,0.05992010652463382,0.0461606746560142,0.5090989791389259
0.38854073410922113,0.05684870188003581,0.048343777976723366,0.5062667860340196
0.38961038961038963,0.05866547245857591,0.047021943573667714,0.5047021943573667
0.3917844522968198,0.05962897526501767,0.04637809187279152,0.502208480565371
0.38861716318363715,0.057358826144953315,0.044019564250778125,0.5100044464206314
0.38687089715536105,0.05776805251641138,0.04245076586433261,0.512910284463895
0.3907488986784141,0.05726872246696035,0.04361233480176212,0.5083700440528635
0.39140070921985815,0.05585106382978723,0.043882978723404256,0.5088652482269503
0.39566755083996463,0.05747126436781609,0.04155614500442087,0.5053050397877984
0.3917071018967799,0.055580061755624174,0.0388178209086899,0.513895015438906
0.3892857142857143,0.05714285714285714,0.038392857142857145,0.5151785714285714
0.3903719912472648,0.05864332603938731,0.037199124726477024,0.5137855579868709
0.3841707425522454,0.057803468208092484,0.0377945753668297,0.5202312138728323
0.3804251550044287,0.05491585473870682,0.03454384410983171,0.5301151461470328
0.3798415492957746,0.055897887323943664,0.02992957746478873,0.534330985915493
0.37918871252204583,0.05599647266313933,0.029541446208112873,0.5352733686067019
0.37742504409171074,0.05423280423280423,0.02821869488536155,0.5401234567901234
0.3762681958535509,0.05513895015438906,0.031760035288928096,0.5368328187031319
0.3748894783377542,0.058355437665782495,0.032714412024756855,0.5340406719717065
0.37445127304653203,0.053555750658472345,0.03028972783143108,0.5417032484635645
0.3747238179407866,0.05391073795846222,0.029606716747680072,0.5417587273530712
0.37389380530973454,0.05309734513274336,0.032300884955752215,0.54070796460177
0.37947810703228657,0.053516143299425036,0.03184431667403804,0.5351614329942503
0.37682441397611677,0.05263157894736842,0.03361344537815126,0.5369305616983635
0.38403880070546736,0.050705467372134036,0.03262786596119929,0.5326278659611993
0.3807624113475177,0.04964539007092199,0.034131205673758866,0.5354609929078015
0.38061674008810575,0.04713656387665198,0.03524229074889868,0.5370044052863436
0.37662901824500433,0.0473501303214596,0.03735881841876629,0.5386620330147698
0.3801762114537445,0.04581497797356828,0.03700440528634361,0.5370044052863436
0.38124723573639985,0.04599734630694383,0.03936311366651924,0.5333923042901371
0.38530066815144765,0.044097995545657014,0.0400890868596882,0.5305122494432071
0.3854399285395266,0.044662795891022775,0.0401965163019205,0.5297007592675301
0.39243290805103387,0.0431148262208535,0.03915530136383634,0.5252969643642763
0.3874555160142349,0.04225978647686833,0.04092526690391459,0.5293594306049823
0.38814616755793224,0.04233511586452763,0.0427807486631016,0.5267379679144385
0.38543046357615895,0.040176600441501106,0.04415011037527594,0.530242825607064
0.38745063624396664,0.04475647213690215,0.04212373848179026,0.525669153137341
0.3890590809628009,0.04770240700218818,0.04201312910284464,0.5212253829321662
0.38722644037516746,0.0482358195623046,0.04108977221974096,0.5234479678427869
0.38567005749668287,0.04909332153914197,0.04157452454666077,0.5236620964175144
0.3871252204585538,0.04894179894179894,0.040123456790123455,0.5238095238095238
0.3850904278782532,0.048963387737097484,0.0423467137185708,0.5235994706660785
0.3882767739092111,0.05112384310268841,0.04186866460996033,0.5187307183781401
0.38577110030932393,0.053468846663720725,0.043747238179407864,0.5170128148475475
0.39391265990295543,0.05249228054697839,0.044111160123511246,0.5094838994265549
0.3951048951048951,0.05332167832167832,0.04632867132867133,0.5052447552447552
0.3962516733601071,0.053993752788933515,0.04462293618920125,0.5051316376617582
0.39404553415061294,0.05297723292469352,0.04553415061295972,0.5074430823117339
0.3986784140969163,0.05330396475770925,0.04405286343612335,0.5039647577092511
0.3956866197183099,0.05369718309859155,0.04445422535211268,0.5061619718309859
0.39524647887323944,0.05501760563380282,0.04225352112676056,0.5074823943661971
0.39804531319413594,0.05819635717458907,0.04175921812527766,0.5019991115059973
0.39602649006622515,0.05562913907284768,0.045033112582781455,0.5033112582781457
0.39769707705934454,0.05491585473870682,0.04428697962798937,0.5031000885739593
0.39122729286663716,0.05582631812140009,0.04164820558263181,0.511298183429331
0.39072847682119205,0.05695364238410596,0.04326710816777042,0.5090507726269315
0.39814405656208574,0.05612019443216969,0.04286345558992488,0.5028722934158197
0.3949016100178891,0.05590339892665474,0.04159212880143113,0.5076028622540251
0.4022937803264226,0.054697838553153945,0.04014115571239524,0.5028672254080282
0.40558510638297873,0.05452127659574468,0.03945035460992908,0.5004432624113475
0.4056350626118068,0.055456171735241505,0.04114490161001789,0.4977638640429338
0.40903054448871184,0.054891544931385566,0.041168658698539175,0.4949092518813634
0.4113257243195786,0.053555750658472345,0.040825285338015806,0.4942932396839333
0.4168494953927161,0.051338306274681875,0.03905221588415972,0.4927599824484423
0.4114061819764911,0.0544188071397475,0.03831084022638224,0.4958641706573792
0.4154991243432574,0.05604203152364273,0.03809106830122592,0.4903677758318739
0.4148702155741311,0.05719313682358117,0.0409150901891773,0.48702155741311043
0.41429197720298117,0.05918456817185445,0.037264357737834285,0.4892590968873301
0.41732979664014147,0.0592396109637489,0.03801945181255526,0.4854111405835544
0.4187996469549868,0.0617828773168579,0.03751103265666372,0.4819064430714916
0.4172915747684164,0.06396118217909132,0.03925893250992501,0.47948831054256724
0.4155672823218997,0.06552330694810905,0.0395778364116095,0.4793315743183817
0.4095195330040413,0.06600808262236192,0.03951504265828469,0.4849573417153121
0.41051701281484754,0.06451612903225806,0.04286345558992488,0.4821034025629695
0.41048422923145267,0.060417592181252776,0.047090182141270545,0.482007996446024
0.40669642857142857,0.05892857142857143,0.049107142857142856,0.48526785714285714
0.3991189427312775,0.06211453744493392,0.050220264317180616,0.4885462555066079
0.39391265990295543,0.05955006616674018,0.05161005734450816,0.4949272165857962
0.38957597173144876,0.05874558303886926,0.05256183745583039,0.4991166077738516
0.38369517058041647,0.06291537439078422,0.05405405405405406,0.4993354009747452
0.3846493162770181,0.061755624172915746,0.05337450374944861,0.5002205558006175
0.39103690685413006,0.058875219683655534,0.05228471001757469,0.4978031634446397
0.3883968113374668,0.060673162090345435,0.05270150575730735,0.49822852081488045
0.387342908438061,0.06149012567324955,0.056104129263913824,0.49506283662477557
0.39707187222715173,0.058118899733806566,0.055013309671694766,0.4897959183673469
0.38972542072630645,0.05757307351638618,0.05757307351638618,0.4951284322409212
0.3868258178603006,0.05614500442086649,0.05791335101679929,0.4991158267020336
0.3863939528679413,0.0542463317029791,0.057358826144953315,0.5020008892841262
0.3888392857142857,0.05357142857142857,0.05848214285714286,0.49910714285714286
0.39105403011514617,0.046944198405668734,0.060673162090345435,0.5013286093888397
0.3884444444444444,0.04622222222222222,0.06,0.5053333333333333
0.3937112488928255,0.046944198405668734,0.0566873339238264,0.5026572187776793
0.3850267379679144,0.049019607843137254,0.05303030303030303,0.5129233511586453
0.3914949583516002,0.050416483998246386,0.05436212187637001,0.5037264357737834
0.38540275923453493,0.051179350244770806,0.0529595015576324,0.5104583889630618
0.39014647137150466,0.05148690634709276,0.05059920106524634,0.5077674212161563
0.39019001325673885,0.05302695536897923,0.048608042421564294,0.5081749889527176
0.3877005347593583,0.05213903743315508,0.05124777183600713,0.5089126559714795
0.37854609929078015,0.054078014184397165,0.04831560283687943,0.5190602836879432
0.37632042253521125,0.05193661971830986,0.04709507042253521,0.5246478873239436
0.37775816416593117,0.05119152691968226,0.04766107678729038,0.5233892321270962
0.3801143862736472,0.049714034315882095,0.04839419269687637,0.5217773867135944
0.3784021071115013,0.04916593503072871,0.05179982440737489,0.520632133450395
0.37030490499337165,0.049491825011047284,0.053468846663720725,0.5267344233318604
0.36315323294951285,0.05225863596102746,0.05358724534986714,0.5310008857395926
0.3706972639011474,0.052515445719329215,0.04810238305383936,0.5286849073256841
0.37383177570093457,0.0516243880729862,0.047619047619047616,0.5269247886070316
0.36811722912966255,0.05328596802841918,0.0497335701598579,0.5288632326820604
0.3671840354767184,0.050110864745011086,0.04966740576496674,0.5330376940133038
0.3741707209199469,0.04688191065900044,0.04909332153914197,0.5298540468819106
0.3780113885238721,0.04686815593517302,0.04993429697766097,0.5251861585632939
0.37434325744308233,0.047285464098073555,0.05166374781085814,0.526707530647986
0.36638506002667853,0.0493552690084482,0.048465984882169855,0.5357936860827034
0.3671111111111111,0.04933333333333333,0.04933333333333333,0.5342222222222223
0.3609625668449198,0.04634581105169341,0.0481283422459893,0.5445632798573975
0.36503067484662577,0.04382120946538125,0.04995617879053462,0.5411919368974584
0.3582155477031802,0.04637809187279152,0.052120141342756186,0.5432862190812721
0.36155202821869487,0.045414462081128745,0.05335097001763668,0.5396825396825397
0.3607843137254902,0.04183006535947712,0.05577342047930283,0.5416122004357299
0.3643956043956044,0.04263736263736264,0.056263736263736264,0.5367032967032968
0.36524040582267314,0.04675782973092192,0.05866784296426996,0.529333921482135
0.36395759717314485,0.04637809187279152,0.05830388692579505,0.5313604240282686
0.3630769230769231,0.047032967032967034,0.056703296703296706,0.5331868131868132
0.36255506607929516,0.04713656387665198,0.05638766519823789,0.533920704845815
0.36086572438162545,0.05035335689045936,0.054770318021201414,0.5340106007067138
0.3699601240584847,0.05050952591936198,0.05361098803721755,0.5259193619849357
0.3659404179635394,0.05113383726100489,0.052912405513561585,0.5300133392618942
0.35410267661254935,0.051777095217200524,0.05221588415971917,0.5419043440105309
0.35786690171881885,0.05200528867342442,0.052886734244160426,0.5372410753635963
0.34784520668425684,0.052770448548812667,0.05716798592788039,0.5422163588390502
0.35104028331119963,0.05444887118193891,0.053563523683045594,0.5409473218238159
0.34882691456396636,0.05533421868083223,0.05312084993359894,0.5427180168216025
0.3525274725274725,0.05318681318681319,0.04835164835164835,0.5459340659340659
0.3482697426796806,0.055013309671694766,0.046583850931677016,0.5501330967169477
0.3500221533008418,0.056712450155073105,0.04873726185201595,0.5445281346920691
0.34394341290893016,0.05791335101679929,0.05172413793103448,0.5464190981432361
0.34832962138084633,0.057015590200445436,0.04899777282850779,0.5456570155902004
0.3509551310528654,0.05153265215459796,0.053753887161261664,0.543758329631275
0.3504424778761062,0.05176991150442478,0.05221238938053097,0.5455752212389381
0.3503552397868561,0.05106571936056838,0.050621669626998225,0.5479573712255773
0.35610401057734686,0.05332745702952843,0.04671661524900837,0.5438519171441164
0.35704816615112683,0.05391073795846222,0.044631020768890854,0.5444100751215201
0.358883473637572,0.052724856003544526,0.04652193176783341,0.54186973859105
0.35446428571428573,0.05089285714285714,0.048214285714285716,0.5464285714285714
0.3605898123324397,0.04870420017873101,0.04647006255585344,0.5442359249329759
0.36444051304732417,0.05174701459531181,0.04555506413091552,0.5382574082264485
0.3575492341356674,0.05076586433260394,0.04638949671772429,0.5452954048140044
0.3564794338788147,0.0513047324192835,0.047766475011057054,0.5444493586908448
0.3461024498886414,0.055233853006681516,0.045879732739420934,0.5527839643652561
0.3530457981325033,0.05646954201867497,0.04757670075589151,0.5429079590929302
0.3428063943161634,0.05284191829484902,0.05017761989342807,0.5541740674955595
0.33849557522123896,0.05619469026548673,0.04911504424778761,0.5561946902654867
0.3401926444833625,0.053852889667250436,0.049912434325744305,0.5560420315236427
0.3429330970314577,0.052281789986708016,0.05050952591936198,0.5542755870624723
0.34394341290893016,0.052166224580017684,0.048187444739168875,0.5557029177718833
0.3449955713020372,0.053144375553587246,0.046944198405668734,0.5549158547387069
0.3490607252075142,0.05111402359108781,0.04849279161205767,0.5513324595893403
0.35327760668719754,0.0475142982842059,0.0431148262208535,0.5560932688077431
0.3495535714285714,0.049553571428571426,0.04598214285714286,0.5549107142857143
0.3500221533008418,0.04962339388568897,0.04474966770048737,0.5556047851129818
0.3486725663716814,0.049557522123893805,0.045575221238938056,0.5561946902654867
0.3443708609271523,0.04812362030905077,0.04415011037527594,0.5633554083885209
0.34252669039145905,0.0498220640569395,0.04893238434163701,0.5587188612099644
0.34736375719982276,0.047408063801506424,0.04474966770048737,0.5604785112981834
0.3430335097001764,0.047619047619047616,0.04585537918871252,0.5634920634920635
0.3433230498016748,0.04495372410753636,0.04451300132216836,0.5672102247686205
0.33807829181494664,0.046263345195729534,0.04403914590747331,0.5716192170818505
0.3409395973154362,0.043400447427293064,0.0447427293064877,0.570917225950783
0.34032114183764495,0.042818911685994644,0.043264942016057094,0.5735950044603033
0.3453014184397163,0.041666666666666664,0.04565602836879433,0.5673758865248227
0.3409590849098108,0.045314562252529694,0.04399472063352398,0.5697316322041355
0.3374722838137472,0.04478935698447894,0.041685144124168516,0.5760532150776053
0.3334805653710247,0.045936395759717315,0.03842756183745583,0.5821554770318021
0.3374722838137472,0.04656319290465632,0.040798226164079826,0.5751662971175167
0.33814523184601925,0.045494313210848646,0.03937007874015748,0.5769903762029747
0.3317244405440983,0.046072838964458095,0.03817463799912242,0.5840280824923212
0.3339222614840989,0.04637809187279152,0.04019434628975265,0.5795053003533569
0.33553500660501984,0.04491413474240423,0.043593130779392336,0.5759577278731837
0.33112582781456956,0.045474613686534215,0.04282560706401766,0.5805739514348786
0.32996040475142985,0.0475142982842059,0.0431148262208535,0.5794104707435108
0.33231039017974573,0.04690925032880316,0.041209995615957916,0.5795703638754932
0.3407177669472751,0.047408063801506424,0.0407620735489588,0.5711120957022596
0.3384413309982487,0.047285464098073555,0.040280210157618214,0.5739929947460596
0.34173297966401417,0.04907161803713528,0.03669319186560566,0.5725022104332449
0.3375992939099735,0.05119152691968226,0.03486319505736982,0.5763459841129744
0.34832451499118167,0.051587301587301584,0.03659611992945326,0.5634920634920635
0.3498683055311677,0.050921861281826165,0.03511852502194908,0.564091308165057
0.35,0.05,0.03684210526315789,0.5631578947368421
0.35244816938685486,0.05161005734450816,0.037935597706219674,0.5580061755624173
0.3466432645897323,0.055287406757349715,0.03729706011408512,0.5607722685388328
0.3487858719646799,0.053421633554083886,0.039293598233995586,0.5584988962472406
0.3469569080408707,0.054642381163927146,0.037760995113282986,0.5606397156819192
0.3488681757656458,0.056813138038171326,0.03861517976031957,0.5557035064358633
0.3470639789658195,0.05696757230499562,0.040315512708150744,0.5556529360210342
0.3425803610744166,0.05900484368119771,0.04007045354469397,0.5583443416996917
0.34743875278396436,0.05924276169265033,0.042761692650334075,0.5505567928730513
0.35200705778561975,0.05778561976179974,0.04102337891486546,0.549183943537715
