C,D,Oc,Od
0.0,0.0,0.0,1.0
0.0,0.0,0.3333333333333333,0.6666666666666666
0.14285714285714285,0.0,0.2857142857142857,0.5714285714285714
0.14285714285714285,0.07142857142857142,0.25,0.5357142857142857
0.1346153846153846,0.07692307692307693,0.2692307692307692,0.5192307692307693
0.14285714285714285,0.08791208791208792,0.2967032967032967,0.4725274725274725
0.1564625850340136,0.10204081632653061,0.29931972789115646,0.4421768707482993
0.18552036199095023,0.12217194570135746,0.27601809954751133,0.416289592760181
0.19935691318327975,0.12861736334405144,0.26688102893890675,0.40514469453376206
0.1966824644549763,0.13507109004739337,0.26540284360189575,0.4028436018957346
0.19389587073608616,0.14183123877917414,0.26929982046678635,0.39497307001795334
0.19665271966527198,0.14504881450488144,0.2705718270571827,0.3877266387726639
0.19096045197740114,0.1480225988700565,0.2734463276836158,0.38757062146892657
0.20056764427625354,0.14285714285714285,0.2667928098391675,0.38978240302743616
0.20388349514563106,0.14320388349514562,0.2669902912621359,0.3859223300970874
0.20619282195636876,0.14496833216045038,0.26671358198451794,0.3821252638986629
0.21200750469043153,0.14821763602251406,0.2607879924953096,0.3789868667917448
0.2191549295774648,0.14873239436619717,0.25295774647887326,0.37915492957746477
0.2226202661207779,0.14687819856704196,0.24667349027635618,0.38382804503582396
0.22525918944392084,0.14278982092365694,0.24458058435438265,0.38737040527803956
0.22971175166297117,0.13968957871396895,0.24478935698447893,0.3858093126385809
0.2317124735729387,0.13953488372093023,0.2448202959830867,0.3839323467230444
0.23291035611952518,0.13835448219402374,0.2472370036839951,0.381498158002456
0.23002421307506055,0.13640032284100082,0.2510088781275222,0.38256658595641646
0.2272909163665466,0.13925570228091236,0.25290116046418565,0.38055222088835533
0.2272,0.1412,0.2544,0.3772
0.2268,0.1432,0.2564,0.3736
0.2272,0.146,0.2572,0.3696
0.2276,0.1456,0.258,0.3688
0.2284,0.1468,0.2576,0.3672
0.23,0.1464,0.2572,0.3664
0.2296,0.1468,0.2584,0.3652
0.22889155662264907,0.1484593837535014,0.25930372148859543,0.3633453381352541
0.2296,0.1524,0.2588,0.3592
0.2296,0.1516,0.2596,0.3592
0.2284,0.1524,0.2616,0.3576
0.226,0.1528,0.2628,0.3584
0.2264,0.1532,0.26,0.3604
0.2268,0.1536,0.2592,0.3604
0.2268,0.156,0.2588,0.3584
0.2224,0.16,0.26,0.3576
0.22088835534213686,0.1600640256102441,0.2605042016806723,0.3585434173669468
0.2216,0.16,0.2612,0.3572
0.22,0.1612,0.2612,0.3576
0.22,0.1604,0.2616,0.358
0.2204,0.1628,0.2604,0.3564
0.2212,0.1664,0.2588,0.3536
0.2224,0.1676,0.2596,0.3504
0.2236,0.1696,0.2596,0.3472
0.2244,0.1708,0.2588,0.346
0.2236,0.1712,0.2604,0.3448
0.224,0.1732,0.2608,0.342
0.224,0.174,0.2604,0.3416
0.2256,0.174,0.2592,0.3412
0.2256,0.1736,0.2604,0.3404
0.2228,0.176,0.2628,0.3384
0.222,0.1752,0.2624,0.3404
0.2224,0.1756,0.2616,0.3404
0.2232,0.1768,0.26,0.34
0.224,0.1768,0.2616,0.3376
0.2236,0.1776,0.2624,0.3364
0.2216,0.18,0.2624,0.336
0.2212,0.1816,0.2596,0.3376
0.2228,0.184,0.2596,0.3336
0.2244,0.1864,0.2592,0.33
0.2248,0.1872,0.258,0.33
0.226,0.188,0.2556,0.3304
0.224,0.19,0.2548,0.3312
0.226,0.1888,0.2552,0.33
0.226,0.1912,0.2532,0.3296
0.2276,0.1924,0.2528,0.3272
0.2272,0.1924,0.2536,0.3268
0.23,0.192,0.2548,0.3232
0.2312,0.1908,0.2572,0.3208
0.2312,0.192,0.2568,0.32
0.2312,0.192,0.2568,0.32
0.2316,0.1936,0.2568,0.318
0.234,0.1936,0.2568,0.3156
0.2324,0.196,0.2572,0.3144
0.2336,0.1968,0.2564,0.3132
0.2348,0.1988,0.2548,0.3116
0.2344,0.1992,0.2552,0.3112
0.2356,0.2,0.2536,0.3108
0.2352,0.2008,0.2524,0.3116
0.2344,0.2012,0.2528,0.3116
0.2336,0.2008,0.2556,0.31
0.2344,0.2024,0.2544,0.3088
0.2348,0.204,0.2532,0.308
0.2356,0.2064,0.2512,0.3068
0.2376,0.206,0.2504,0.306
0.2372,0.2084,0.2512,0.3032
0.238,0.2076,0.2504,0.304
0.2384,0.2072,0.2496,0.3048
0.238,0.2096,0.2488,0.3036
0.2392,0.2104,0.2492,0.3012
0.2408,0.2104,0.248,0.3008
0.2416,0.21,0.248,0.3004
0.2436,0.2096,0.2492,0.2976
0.2456,0.208,0.2504,0.296
0.2464,0.21,0.25,0.2936
0.2444,0.2124,0.2484,0.2948
0.2432,0.2116,0.2484,0.2968
0.2432,0.2128,0.2464,0.2976
0.24409763905562226,0.21208483393357344,0.24769907963185275,0.2961184473789516
0.2452,0.2156,0.2444,0.2948
0.2452,0.2164,0.2424,0.296
0.2436,0.2172,0.2408,0.2984
0.2452,0.2176,0.2416,0.2956
0.2468,0.2176,0.2408,0.2948
0.246,0.2168,0.2408,0.2964
0.2472,0.218,0.2396,0.2952
0.2464,0.2196,0.2396,0.2944
0.2464,0.2204,0.24,0.2932
0.2476,0.2216,0.238,0.2928
0.2488,0.2224,0.2368,0.292
0.2492,0.2224,0.236,0.2924
0.2488,0.2224,0.2364,0.2924
0.2464,0.2244,0.2376,0.2916
0.2472,0.2252,0.2372,0.2904
0.2468,0.2256,0.2376,0.29
0.2468,0.2252,0.2376,0.2904
0.2472,0.2256,0.2384,0.2888
0.2472,0.2284,0.2372,0.2872
0.24769907963185275,0.2308923569427771,0.23809523809523808,0.28331332533013204
0.246,0.2312,0.2388,0.284
0.2488,0.23,0.2388,0.2824
0.2504,0.23,0.2376,0.282
0.2501000400160064,0.23169267707082833,0.23729491796718688,0.2809123649459784
0.2504,0.2324,0.2376,0.2796
0.25,0.232,0.2372,0.2808
0.2516,0.2308,0.2364,0.2812
0.252,0.2308,0.2356,0.2816
0.2536,0.2308,0.236,0.2796
0.2564,0.2308,0.2344,0.2784
0.2564,0.2328,0.2348,0.276
0.2544,0.2332,0.238,0.2744
0.2544,0.2344,0.2368,0.2744
0.2512,0.236,0.2376,0.2752
0.2512,0.2356,0.2376,0.2756
0.2516,0.2352,0.2364,0.2768
0.25,0.2368,0.236,0.2772
0.2496,0.236,0.2372,0.2772
0.2504,0.2372,0.2376,0.2748
0.25,0.238,0.24,0.272
0.2512,0.2388,0.2392,0.2708
0.2516,0.2396,0.2376,0.2712
0.2516,0.24,0.2368,0.2716
0.2512,0.2412,0.2376,0.27
0.252,0.24,0.2372,0.2708
0.2516,0.2388,0.2384,0.2712
0.2544,0.238,0.2376,0.27
0.254,0.2384,0.2376,0.27
0.2528,0.2396,0.2376,0.27
0.2548,0.24,0.238,0.2672
0.2552,0.2392,0.2388,0.2668
0.2544,0.24,0.2396,0.266
0.2544,0.2384,0.2392,0.268
0.2556,0.238,0.2392,0.2672
0.2552,0.2384,0.2392,0.2672
0.256,0.238,0.2396,0.2664
0.2552,0.2388,0.2408,0.2652
0.2544,0.2392,0.2412,0.2652
0.2544,0.2388,0.242,0.2648
0.2548,0.2392,0.2424,0.2636
0.2548,0.2392,0.2424,0.2636
0.2556,0.2392,0.2412,0.264
0.2552,0.2388,0.2416,0.2644
0.256,0.238,0.2404,0.2656
0.2564,0.238,0.242,0.2636
0.256,0.2384,0.2428,0.2628
0.2564,0.2376,0.2424,0.2636
0.2572,0.238,0.242,0.2628
0.2592,0.2376,0.242,0.2612
0.258,0.2372,0.2432,0.2616
0.258,0.2364,0.242,0.2636
0.2604,0.2372,0.2404,0.262
0.2588,0.2376,0.2408,0.2628
0.2604,0.2376,0.2388,0.2632
0.2616,0.2372,0.2388,0.2624
0.2604,0.2384,0.2384,0.2628
0.2604,0.2392,0.24,0.2604
0.2612,0.2384,0.2404,0.26
0.2612,0.2388,0.2416,0.2584
0.2612,0.2384,0.2432,0.2572
0.2616,0.2388,0.2412,0.2584
0.2612,0.2404,0.2416,0.2568
0.26,0.2428,0.2412,0.256
0.2588,0.2432,0.2408,0.2572
0.2572,0.2432,0.2416,0.258
0.258,0.2436,0.2416,0.2568
0.2568,0.244,0.2428,0.2564
0.2556,0.2464,0.242,0.256
0.2552,0.2464,0.242,0.2564
0.2548,0.246,0.242,0.2572
0.2556,0.2464,0.2408,0.2572
0.2552,0.2452,0.2404,0.2592
0.2528,0.2452,0.2432,0.2588
0.2512,0.2456,0.2436,0.2596
0.2544,0.242,0.2452,0.2584
0.2544,0.2416,0.2448,0.2592
0.2548,0.2392,0.2452,0.2608
0.2532,0.2396,0.2448,0.2624
0.2528,0.2416,0.2448,0.2608
0.252,0.2404,0.2448,0.2628
0.2536,0.24,0.244,0.2624
0.2544,0.2376,0.2452,0.2628
0.2572,0.238,0.2452,0.2596
0.2556,0.2384,0.2472,0.2588
0.2552,0.24,0.2464,0.2584
0.254,0.2396,0.248,0.2584
0.2537014805922369,0.2416966786714686,0.24649859943977592,0.2581032412965186
0.2532,0.242,0.2472,0.2576
0.2536,0.2428,0.2468,0.2568
0.2532,0.2444,0.246,0.2564
0.25170068027210885,0.2456982793117247,0.24689875950380152,0.25570228091236497
0.2512,0.2476,0.246,0.2552
0.2516,0.2488,0.2456,0.254
0.2504,0.2488,0.2468,0.254
0.2536,0.248,0.2464,0.252
0.2524,0.2488,0.2452,0.2536
0.2516,0.2484,0.2464,0.2536
0.25,0.2484,0.248,0.2536
0.248,0.2476,0.2496,0.2548
0.2488,0.2476,0.2492,0.2544
0.2472,0.2496,0.2492,0.254
0.2472,0.2488,0.2484,0.2556
0.2472,0.2492,0.248,0.2556
0.2492,0.2464,0.2476,0.2568
0.2488,0.2464,0.248,0.2568
0.2472,0.246,0.248,0.2588
0.2472,0.2468,0.2476,0.2584
0.2464,0.2448,0.248,0.2608
0.2488,0.2432,0.2488,0.2592
0.25,0.2432,0.2484,0.2584
0.2504,0.2404,0.2492,0.26
0.2492,0.2404,0.2504,0.26
0.2492,0.2412,0.25,0.2596
0.2492,0.2408,0.248,0.262
0.2496,0.2392,0.2472,0.264
0.2504,0.2376,0.2488,0.2632
0.2524,0.2336,0.2484,0.2656
0.2532,0.2324,0.2476,0.2668
0.2524,0.2336,0.2484,0.2656
0.2524,0.2336,0.248,0.266
0.2512,0.2364,0.2452,0.2672
0.2512,0.2376,0.2432,0.268
0.2492,0.2388,0.2436,0.2684
0.2496,0.2372,0.2448,0.2684
0.2504,0.2376,0.244,0.268
0.2508,0.238,0.2444,0.2668
0.252,0.2384,0.2464,0.2632
0.25,0.2388,0.2456,0.2656
0.2508,0.2376,0.2476,0.264
0.2516,0.238,0.2488,0.2616
0.2512,0.2384,0.2476,0.2628
0.2536,0.238,0.2452,0.2632
0.254,0.2372,0.2452,0.2636
0.254,0.238,0.244,0.264
0.2548,0.2368,0.2452,0.2632
0.254,0.236,0.2472,0.2628
0.2524,0.2368,0.2476,0.2632
0.2532,0.2368,0.2484,0.2616
0.2512,0.2396,0.2476,0.2616
0.2512,0.2404,0.2472,0.2612
0.2528,0.2408,0.2456,0.2608
0.2524,0.2408,0.246,0.2608
0.2508,0.2416,0.2464,0.2612
0.2504,0.2396,0.2476,0.2624
0.252,0.2392,0.246,0.2628
0.25,0.2396,0.2468,0.2636
0.2516,0.2396,0.2472,0.2616
0.2536,0.2404,0.2448,0.2612
0.2548,0.24,0.2452,0.26
0.254,0.2396,0.2464,0.26
0.2548,0.24,0.2468,0.2584
0.2572,0.238,0.2468,0.258
0.2568,0.2356,0.248,0.2596
0.256,0.2344,0.2472,0.2624
0.2536,0.2368,0.2464,0.2632
0.2532,0.2368,0.2464,0.2636
0.2548,0.2364,0.2456,0.2632
0.2552,0.2372,0.2448,0.2628
0.2536,0.2364,0.2468,0.2632
0.2536,0.2348,0.2468,0.2648
0.2532,0.2348,0.2456,0.2664
0.2524,0.2368,0.246,0.2648
0.2512,0.2388,0.2448,0.2652
0.25,0.2376,0.246,0.2664
0.2484,0.2364,0.2468,0.2684
0.2484,0.2356,0.248,0.268
0.2488,0.236,0.2472,0.268
0.2488,0.2384,0.2456,0.2672
0.25,0.238,0.2464,0.2656
0.25,0.2368,0.2468,0.2664
0.2512,0.2344,0.2476,0.2668
0.2504,0.234,0.2484,0.2672
0.2508,0.2356,0.2448,0.2688
0.2512,0.2352,0.2456,0.268
0.2516,0.2356,0.2436,0.2692
0.252,0.2364,0.242,0.2696
0.252,0.2368,0.242,0.2692
0.252,0.2368,0.242,0.2692
0.2528,0.236,0.2404,0.2708
0.2504,0.2376,0.242,0.27
0.2492,0.2368,0.242,0.272
0.2476,0.2376,0.242,0.2728
0.2484,0.2376,0.2412,0.2728
0.2468,0.2388,0.2424,0.272
0.2456,0.2384,0.2444,0.2716
0.246,0.2404,0.2428,0.2708
0.2452,0.2412,0.2432,0.2704
0.2444,0.24,0.2448,0.2708
0.2448,0.2408,0.2432,0.2712
0.2444,0.2408,0.2456,0.2692
0.2436,0.2408,0.248,0.2676
0.2448,0.2392,0.2476,0.2684
0.2452,0.2392,0.2468,0.2688
0.246,0.2404,0.2452,0.2684
0.244,0.2408,0.2448,0.2704
0.244,0.2408,0.2448,0.2704
0.2432,0.24,0.246,0.2708
0.2424,0.2392,0.248,0.2704
0.2432,0.2388,0.2456,0.2724
0.2436,0.2396,0.2452,0.2716
0.2432,0.2396,0.248,0.2692
0.2436,0.238,0.2488,0.2696
0.2436,0.2396,0.2496,0.2672
0.2444,0.2404,0.2492,0.266
0.244,0.2404,0.2484,0.2672
0.2444,0.2392,0.2468,0.2696
0.244,0.2396,0.2468,0.2696
0.2452,0.2376,0.2488,0.2684
0.2464,0.2376,0.2476,0.2684
0.2456,0.2384,0.2476,0.2684
0.2464,0.2384,0.2476,0.2676
0.2472,0.2372,0.2484,0.2672
0.2448,0.2376,0.2492,0.2684
0.2456,0.2368,0.2488,0.2688
0.246,0.2372,0.2472,0.2696
0.2468,0.2384,0.2456,0.2692
0.2464,0.2396,0.246,0.268
0.246,0.2408,0.2456,0.2676
0.2472,0.24,0.2456,0.2672
0.25,0.2388,0.2456,0.2656
0.25,0.24,0.2444,0.2656
0.2484,0.2416,0.2452,0.2648
0.2468,0.2424,0.2436,0.2672
0.2468,0.2412,0.2432,0.2688
0.2464,0.2424,0.2432,0.268
0.2448,0.2436,0.2436,0.268
0.246,0.244,0.2424,0.2676
0.2452,0.246,0.2416,0.2672
0.246,0.2452,0.2428,0.266
0.24449779911964786,0.24489795918367346,0.24449779911964786,0.2661064425770308
0.2456,0.2444,0.2444,0.2656
0.2472,0.2436,0.244,0.2652
0.2452,0.2452,0.244,0.2656
0.246,0.2436,0.2452,0.2652
0.2444,0.2436,0.2452,0.2668
0.2448,0.2436,0.2452,0.2664
0.2436,0.2444,0.2452,0.2668
0.2428,0.2436,0.2464,0.2672
0.2416,0.2436,0.246,0.2688
0.2396,0.2436,0.2468,0.27
0.2372,0.2448,0.2468,0.2712
0.2352,0.2448,0.248,0.272
0.2356,0.2444,0.2496,0.2704
0.2356,0.2424,0.2516,0.2704
0.238,0.24,0.25,0.272
0.2384,0.2388,0.25,0.2728
0.2372,0.2384,0.2496,0.2748
0.2368,0.238,0.2484,0.2768
0.2352,0.2376,0.25,0.2772
0.234,0.238,0.2496,0.2784
0.2348,0.238,0.2488,0.2784
0.2356,0.24,0.2496,0.2748
0.2368,0.24,0.2492,0.274
0.2352,0.2396,0.2496,0.2756
0.23569427771108442,0.23969587835134054,0.250500200080032,0.274109643857543
0.2352,0.2388,0.2496,0.2764
0.232,0.2404,0.2512,0.2764
0.2308,0.2428,0.2508,0.2756
0.2304,0.2448,0.2488,0.276
0.2296,0.244,0.252,0.2744
0.2276,0.246,0.2508,0.2756
0.2268,0.2488,0.252,0.2724
0.2264,0.2488,0.2516,0.2732
0.2244,0.2504,0.2512,0.274
0.2236,0.2492,0.2516,0.2756
0.2236,0.2492,0.2524,0.2748
0.2232,0.2492,0.2504,0.2772
0.224,0.2476,0.2496,0.2788
0.2236,0.2468,0.2504,0.2792
0.2252,0.2464,0.2516,0.2768
0.2276,0.246,0.25,0.2764
0.2264,0.2468,0.2512,0.2756
0.2276,0.2472,0.2512,0.274
0.2276,0.246,0.2508,0.2756
0.228,0.244,0.2516,0.2764
0.22769107643057224,0.24449779911964786,0.25210084033613445,0.27571028411364545
0.2288,0.2456,0.2516,0.274
0.2292,0.2448,0.2528,0.2732
0.2308,0.244,0.2524,0.2728
0.232,0.2448,0.2516,0.2716
0.232,0.2452,0.252,0.2708
0.2316,0.2452,0.2524,0.2708
0.2332,0.2452,0.2532,0.2684
0.2316,0.2448,0.2552,0.2684
0.2324,0.2452,0.2548,0.2676
0.2336,0.2472,0.2528,0.2664
0.2336,0.2472,0.2528,0.2664
0.2336,0.2468,0.2504,0.2692
0.2336,0.2468,0.2496,0.27
0.236,0.2476,0.246,0.2704
0.234,0.2484,0.2464,0.2712
0.2352,0.2464,0.2468,0.2716
0.234,0.2472,0.248,0.2708
0.2332,0.2488,0.2456,0.2724
0.2336,0.2484,0.2472,0.2708
0.2348,0.2476,0.2468,0.2708
0.2368,0.2472,0.2468,0.2692
0.2384953981592637,0.24929971988795518,0.24329731892757103,0.2689075630252101
0.2384,0.25,0.2436,0.268
0.2372,0.2516,0.2412,0.27
0.2388,0.2516,0.2396,0.27
0.2404,0.2512,0.2372,0.2712
0.2408,0.2496,0.2388,0.2708
0.24,0.2484,0.2404,0.2712
0.2404,0.2464,0.2416,0.2716
0.2392,0.2476,0.2416,0.2716
0.24,0.2468,0.2408,0.2724
0.2404,0.2464,0.2408,0.2724
0.2404,0.2448,0.2404,0.2744
0.2424,0.2452,0.2392,0.2732
0.2428,0.2444,0.2384,0.2744
0.2428,0.2432,0.2388,0.2752
0.2424,0.2432,0.2376,0.2768
0.2436,0.244,0.2364,0.276
0.2428,0.2432,0.2364,0.2776
0.2416,0.242,0.2368,0.2796
0.2444,0.242,0.2364,0.2772
0.2448,0.2432,0.2364,0.2756
0.2464,0.2428,0.236,0.2748
0.2476,0.2416,0.238,0.2728
0.2476,0.2424,0.2384,0.2716
0.2468,0.2424,0.2396,0.2712
0.2468,0.2432,0.2396,0.2704
0.2452,0.2444,0.2396,0.2708
0.246,0.2448,0.2384,0.2708
0.2464,0.244,0.2392,0.2704
0.2468,0.2428,0.2404,0.27
0.2448,0.2428,0.2412,0.2712
0.244,0.2432,0.2424,0.2704
0.2448,0.2452,0.24,0.27
0.2444,0.2448,0.2412,0.2696
0.2456,0.2448,0.2408,0.2688
0.2452,0.244,0.242,0.2688
0.2468,0.2436,0.2404,0.2692
0.2492,0.2408,0.242,0.268
0.2496,0.2408,0.2404,0.2692
0.2492,0.2412,0.2404,0.2692
0.2492,0.2392,0.2428,0.2688
0.246,0.2408,0.2436,0.2696
0.2464,0.2388,0.2464,0.2684
0.2492,0.2368,0.2456,0.2684
0.252,0.2372,0.2432,0.2676
0.2516,0.2392,0.242,0.2672
0.2528,0.2372,0.2424,0.2676
0.2504,0.2376,0.2428,0.2692
0.252,0.2368,0.2436,0.2676
0.2516,0.2368,0.2436,0.268
0.2508,0.2364,0.2464,0.2664
0.2512,0.234,0.2464,0.2684
0.2492,0.2352,0.2472,0.2684
0.252,0.2348,0.2452,0.268
0.2532,0.2348,0.2444,0.2676
0.25250100040016005,0.23529411764705882,0.2456982793117247,0.2665066026410564
0.2516,0.2348,0.2476,0.266
0.2512,0.2352,0.2476,0.266
0.2528,0.2332,0.2468,0.2672
0.2512,0.2336,0.246,0.2692
0.2504,0.2356,0.2464,0.2676
0.2516,0.236,0.2468,0.2656
0.2512,0.2352,0.2492,0.2644
0.2512,0.2376,0.2464,0.2648
0.25130052020808324,0.23769507803121248,0.24769907963185275,0.26330532212885155
0.2516,0.236,0.2476,0.2648
0.252,0.2364,0.2476,0.264
0.25090036014405764,0.23769507803121248,0.24889955982392958,0.26250500200080035
0.25,0.2388,0.2496,0.2616
0.25,0.2396,0.2476,0.2628
0.248,0.2396,0.2488,0.2636
0.248,0.238,0.2504,0.2636
0.2476,0.238,0.2508,0.2636
0.248,0.2404,0.25,0.2616
0.2468,0.24,0.252,0.2612
0.2476,0.2392,0.2528,0.2604
0.2488,0.2404,0.2516,0.2592
0.2484,0.2396,0.2512,0.2608
0.248,0.24,0.25,0.262
0.2496,0.24,0.2496,0.2608
0.2488,0.24,0.2504,0.2608
0.2488,0.2396,0.2508,0.2608
0.2476,0.2404,0.2516,0.2604
0.248,0.2416,0.2508,0.2596
0.2464,0.2416,0.2512,0.2608
0.2492,0.2396,0.2496,0.2616
0.248,0.2416,0.2496,0.2608
0.2484,0.2416,0.2504,0.2596
0.2492,0.2412,0.2496,0.26
0.2484,0.242,0.2496,0.26
0.248,0.2416,0.2508,0.2596
0.2468,0.2428,0.2512,0.2592
0.2464,0.2424,0.2536,0.2576
0.246,0.2408,0.2556,0.2576
0.2464,0.2412,0.256,0.2564
0.2456,0.2468,0.252,0.2556
0.2452,0.2456,0.2536,0.2556
0.2444,0.2448,0.2556,0.2552
0.2452,0.244,0.2548,0.256
0.2456,0.2444,0.254,0.256
0.248,0.2416,0.2528,0.2576
0.2476,0.2428,0.2532,0.2564
0.2488,0.2428,0.2524,0.256
0.2488,0.24,0.254,0.2572
0.2476,0.2404,0.2556,0.2564
0.2492,0.24,0.2548,0.256
0.248,0.24,0.2564,0.2556
0.2468,0.2416,0.2556,0.256
0.246,0.2436,0.2556,0.2548
0.2464,0.2436,0.2556,0.2544
0.2448,0.2448,0.2564,0.254
0.2452,0.2444,0.256,0.2544
0.2444,0.2444,0.2564,0.2548
0.2452,0.2436,0.258,0.2532
0.2476,0.242,0.2584,0.252
0.2468,0.2412,0.2584,0.2536
0.2456,0.242,0.2572,0.2552
0.2456,0.2416,0.2592,0.2536
0.2452,0.242,0.2592,0.2536
0.2456,0.2408,0.2592,0.2544
0.2464,0.2432,0.2568,0.2536
0.2464,0.2428,0.2572,0.2536
0.2468,0.242,0.2588,0.2524
0.24889955982392958,0.24049619847939174,0.2605042016806723,0.2501000400160064
0.2484,0.2388,0.262,0.2508
0.2468,0.2384,0.2628,0.252
0.2444,0.2372,0.264,0.2544
0.2448,0.238,0.2636,0.2536
0.2436,0.2352,0.2648,0.2564
0.2432,0.2352,0.2656,0.256
0.2428,0.236,0.2656,0.2556
0.2424,0.2364,0.2656,0.2556
0.2436,0.236,0.2648,0.2556
0.2472,0.2372,0.2616,0.254
0.2464,0.2352,0.262,0.2564
0.2472,0.2368,0.2616,0.2544
0.2472,0.2356,0.2636,0.2536
0.24809923969587835,0.23289315726290516,0.26250500200080035,0.25650260104041617
0.2488,0.2308,0.2616,0.2588
0.248,0.2324,0.2624,0.2572
0.248,0.2316,0.2604,0.26
0.2504,0.232,0.2596,0.258
0.254,0.2312,0.258,0.2568
0.2532,0.2324,0.2584,0.256
0.2516,0.2348,0.2572,0.2564
0.2516,0.2356,0.2556,0.2572
0.2524,0.2348,0.2552,0.2576
0.2532,0.2348,0.2556,0.2564
0.2536,0.2332,0.256,0.2572
0.2544,0.2336,0.2548,0.2572
0.254,0.2376,0.2532,0.2552
0.254,0.2388,0.2536,0.2536
0.2532,0.2384,0.2544,0.254
0.254,0.238,0.2552,0.2528
0.2544,0.2388,0.2552,0.2516
0.2548,0.2376,0.2564,0.2512
0.2536,0.2396,0.2564,0.2504
0.2536,0.2408,0.256,0.2496
0.254,0.2392,0.2568,0.25
0.2548,0.2396,0.2548,0.2508
0.2536,0.2408,0.2532,0.2524
0.2528,0.24,0.2548,0.2524
0.2532,0.2388,0.2568,0.2512
0.2528,0.2388,0.2564,0.252
0.254,0.2396,0.2544,0.252
0.256,0.2392,0.2528,0.252
0.2564,0.2392,0.252,0.2524
0.2536,0.2404,0.2528,0.2532
0.2544,0.2392,0.2536,0.2528
0.2536,0.2412,0.2524,0.2528
0.2552,0.24,0.2516,0.2532
0.2584,0.2388,0.2504,0.2524
0.2592,0.24,0.2516,0.2492
0.2584,0.238,0.2532,0.2504
0.2548,0.2396,0.2536,0.252
0.254,0.2388,0.2552,0.252
0.2532,0.2396,0.2552,0.252
0.2524,0.24,0.2548,0.2528
0.25,0.242,0.2552,0.2528
0.2512,0.242,0.2548,0.252
0.2516,0.2412,0.2552,0.252
0.252,0.2396,0.2564,0.252
0.2508,0.2416,0.256,0.2516
0.25,0.2412,0.2568,0.252
0.25,0.2396,0.258,0.2524
0.2496,0.24,0.2572,0.2532
0.248,0.2416,0.2588,0.2516
0.2484,0.2436,0.258,0.25
0.25,0.2444,0.2564,0.2492
0.2488,0.2448,0.256,0.2504
0.2476,0.2444,0.2552,0.2528
0.2508,0.2436,0.2552,0.2504
0.2516,0.2424,0.2564,0.2496
0.2512,0.244,0.2556,0.2492
0.2504,0.2452,0.254,0.2504
0.2496,0.2476,0.2544,0.2484
0.2508,0.2488,0.2524,0.248
0.2524,0.248,0.2492,0.2504
0.252,0.2488,0.2492,0.25
0.2516,0.25,0.2496,0.2488
0.2524,0.2488,0.2496,0.2492
0.2524,0.2508,0.2496,0.2472
0.254,0.2508,0.248,0.2472
0.2528,0.2512,0.2476,0.2484
0.2528,0.252,0.2472,0.248
0.2544,0.2504,0.2468,0.2484
0.2544,0.25,0.2468,0.2488
0.2548,0.2496,0.2468,0.2488
0.2544,0.2484,0.2492,0.248
0.2548,0.2472,0.248,0.25
0.2536,0.2472,0.25,0.2492
0.2524,0.2456,0.2532,0.2488
0.2508,0.246,0.256,0.2472
0.2516,0.2456,0.2564,0.2464
0.2524,0.2452,0.2552,0.2472
0.2548,0.2448,0.2548,0.2456
0.2556,0.2448,0.2548,0.2448
0.254,0.2452,0.2568,0.244
0.2536,0.246,0.2572,0.2432
0.254,0.2464,0.2584,0.2412
0.2524,0.2468,0.2596,0.2412
0.2504,0.248,0.26,0.2416
0.25,0.248,0.2616,0.2404
0.248,0.2472,0.2636,0.2412
0.2476,0.2496,0.2644,0.2384
0.2476,0.2488,0.2656,0.238
0.2476,0.2484,0.2664,0.2376
0.2472,0.2476,0.2664,0.2388
0.2464,0.2488,0.2672,0.2376
0.2472,0.2484,0.268,0.2364
0.2484,0.248,0.2688,0.2348
0.2488,0.2476,0.2688,0.2348
0.25,0.2488,0.2664,0.2348
0.2488,0.2492,0.2652,0.2368
0.2484,0.2488,0.2644,0.2384
0.2508,0.2472,0.2628,0.2392
0.25,0.2496,0.2596,0.2408
0.2492,0.2472,0.2636,0.24
0.2496,0.2468,0.2616,0.242
0.2484,0.2488,0.2612,0.2416
0.2456,0.2468,0.264,0.2436
0.2464,0.2464,0.2624,0.2448
0.2444,0.2456,0.2632,0.2468
0.2424,0.2472,0.2628,0.2476
0.2408,0.2476,0.2624,0.2492
0.2416,0.2456,0.2616,0.2512
0.242,0.246,0.2612,0.2508
0.242,0.246,0.2612,0.2508
0.2432,0.2468,0.2612,0.2488
0.2448,0.2452,0.2616,0.2484
0.2444,0.2452,0.2636,0.2468
0.2436,0.2452,0.266,0.2452
0.2428,0.246,0.266,0.2452
0.2432,0.246,0.266,0.2448
0.2416,0.2464,0.2676,0.2444
0.2424,0.246,0.2656,0.246
0.2436,0.2448,0.2644,0.2472
0.2444,0.2428,0.2644,0.2484
0.2436,0.2416,0.2664,0.2484
0.244,0.2404,0.2648,0.2508
0.2464,0.2412,0.264,0.2484
0.2432,0.2428,0.266,0.248
0.242,0.244,0.266,0.248
0.242,0.2432,0.2656,0.2492
0.2412,0.2448,0.266,0.248
0.2412,0.246,0.2644,0.2484
0.2416,0.2456,0.2632,0.2496
0.2416,0.2452,0.264,0.2492
0.2404,0.2452,0.2644,0.25
0.2416,0.2452,0.264,0.2492
0.2424,0.2476,0.2632,0.2468
0.2416,0.2476,0.2644,0.2464
0.2432,0.2484,0.2612,0.2472
0.2432,0.2476,0.2616,0.2476
0.2428,0.2472,0.2628,0.2472
0.2424,0.2464,0.264,0.2472
0.2408,0.2464,0.266,0.2468
0.242,0.2464,0.266,0.2456
0.2436,0.2472,0.2656,0.2436
0.244,0.2484,0.2636,0.244
0.2464,0.248,0.2628,0.2428
0.2456,0.2484,0.264,0.242
0.244,0.2488,0.2664,0.2408
0.2436,0.2472,0.2668,0.2424
0.2428,0.2484,0.2652,0.2436
0.244,0.248,0.2648,0.2432
0.2448,0.2492,0.2636,0.2424
0.2432,0.25,0.2636,0.2432
0.244,0.25,0.2628,0.2432
0.2448,0.2492,0.2632,0.2428
0.2468,0.2476,0.262,0.2436
0.2464,0.2472,0.2624,0.244
0.2464,0.2476,0.2636,0.2424
0.246,0.248,0.264,0.242
0.2452,0.2476,0.2636,0.2436
0.244,0.2484,0.2648,0.2428
0.2432,0.2492,0.2664,0.2412
0.2432,0.2476,0.2676,0.2416
0.2448,0.2492,0.2672,0.2388
0.2456,0.2492,0.2664,0.2388
0.2456,0.2508,0.2664,0.2372
0.2468,0.2524,0.2652,0.2356
0.2468,0.2524,0.2632,0.2376
0.2448,0.254,0.264,0.2372
0.2464,0.2528,0.264,0.2368
0.246,0.2512,0.2656,0.2372
0.2464,0.252,0.2636,0.238
0.2464,0.2524,0.2648,0.2364
0.2476,0.2512,0.2628,0.2384
0.2476,0.2508,0.2624,0.2392
0.2468,0.2488,0.2644,0.24
0.2476,0.2496,0.2636,0.2392
0.2484,0.2488,0.2652,0.2376
0.248,0.2492,0.2636,0.2392
0.2452,0.2504,0.2636,0.2408
0.2468,0.2476,0.2648,0.2408
0.2488,0.2444,0.264,0.2428
0.2492,0.2436,0.264,0.2432
0.248,0.2436,0.2636,0.2448
0.2452,0.2428,0.266,0.246
0.246,0.2424,0.2656,0.246
0.246,0.2428,0.2672,0.244
0.2468,0.2432,0.2652,0.2448
0.2488,0.2424,0.264,0.2448
0.248,0.2424,0.2652,0.2444
0.2472,0.2412,0.2672,0.2444
0.2496,0.2408,0.2652,0.2444
0.2484,0.2408,0.2656,0.2452
0.2516,0.24,0.2624,0.246
0.2516,0.2408,0.2592,0.2484
0.252,0.2416,0.2564,0.25
0.2484,0.2444,0.256,0.2512
0.25,0.2444,0.256,0.2496
0.248,0.2464,0.2564,0.2492
0.2488,0.2476,0.2548,0.2488
0.2476,0.248,0.2548,0.2496
0.246,0.248,0.2564,0.2496
0.2428,0.2496,0.2568,0.2508
0.2444,0.2512,0.2576,0.2468
0.246,0.2512,0.2556,0.2472
0.2476,0.2512,0.2552,0.246
0.2472,0.2512,0.2548,0.2468
0.2472,0.252,0.2532,0.2476
0.2488,0.2504,0.2528,0.248
0.2488,0.2524,0.2508,0.248
0.2512,0.2532,0.2484,0.2472
0.2516,0.2524,0.248,0.248
0.252,0.252,0.2492,0.2468
0.2548,0.2524,0.2496,0.2432
0.2536,0.2544,0.2504,0.2416
0.254,0.254,0.2488,0.2432
0.2532,0.2536,0.2516,0.2416
0.2512,0.2536,0.252,0.2432
0.2528,0.252,0.2536,0.2416
0.252,0.2516,0.254,0.2424
0.252,0.2532,0.2524,0.2424
0.2512,0.2524,0.2512,0.2452
0.2504,0.2516,0.2532,0.2448
0.2516,0.2492,0.252,0.2472
0.2516,0.2488,0.2532,0.2464
0.2524,0.2504,0.2524,0.2448
0.2528,0.2516,0.2528,0.2428
0.2536,0.2508,0.2528,0.2428
0.2544,0.2504,0.2516,0.2436
0.2548,0.2484,0.2528,0.244
0.2544,0.2488,0.2516,0.2452
0.2556,0.2476,0.252,0.2448
0.2552,0.2472,0.2524,0.2452
0.2544,0.2488,0.254,0.2428
0.2528,0.248,0.2548,0.2444
0.252,0.25,0.2536,0.2444
0.2532,0.2504,0.2548,0.2416
0.2516,0.25,0.2568,0.2416
0.2504,0.2488,0.2584,0.2424
0.2508,0.2488,0.258,0.2424
0.2516,0.25,0.258,0.2404
0.2516,0.25,0.2576,0.2408
0.2524,0.2508,0.256,0.2408
0.2512,0.2512,0.2572,0.2404
0.25,0.2496,0.2584,0.242
0.25,0.2504,0.2576,0.242
0.25,0.25,0.2584,0.2416
0.2504,0.2492,0.2576,0.2428
0.2508,0.2492,0.2596,0.2404
0.2496,0.25,0.2604,0.24
0.2492,0.25,0.2604,0.2404
0.2484,0.2528,0.258,0.2408
0.248,0.2512,0.2596,0.2412
0.2472,0.2516,0.2608,0.2404
0.246,0.2532,0.2604,0.2404
0.2464,0.2524,0.2596,0.2416
0.2472,0.2528,0.2588,0.2412
0.2484,0.2488,0.2596,0.2432
0.2468,0.2504,0.2596,0.2432
0.2456,0.2516,0.2608,0.242
0.2464,0.2504,0.2616,0.2416
0.2456,0.2492,0.2632,0.242
0.2456,0.2496,0.2632,0.2416
0.2444,0.2488,0.2644,0.2424
0.2456,0.2484,0.2628,0.2432
0.2456,0.2488,0.262,0.2436
0.2452,0.248,0.262,0.2448
0.2448,0.2476,0.2616,0.246
0.2444,0.2472,0.262,0.2464
0.2436,0.2496,0.2616,0.2452
0.2424,0.254,0.2596,0.244
0.2424,0.2548,0.2568,0.246
0.2424,0.2536,0.2572,0.2468
0.2416,0.2548,0.2576,0.246
0.24,0.2544,0.2576,0.248
0.2396,0.2552,0.2568,0.2484
0.2388,0.2564,0.256,0.2488
0.2392,0.2568,0.256,0.248
0.2416,0.2552,0.2536,0.2496
0.24,0.2564,0.2532,0.2504
0.2408,0.2548,0.2548,0.2496
0.2396,0.2552,0.2548,0.2504
0.2396,0.2568,0.2544,0.2492
0.2384,0.2576,0.2556,0.2484
0.2388,0.2576,0.2536,0.25
0.2396,0.2552,0.2544,0.2508
0.2396,0.2532,0.2552,0.252
0.24009603841536614,0.2533013205282113,0.25690276110444177,0.24969987995198079
0.2428,0.252,0.256,0.2492
0.2432,0.2532,0.2552,0.2484
0.2436,0.254,0.254,0.2484
0.246,0.2532,0.2544,0.2464
0.2492,0.2508,0.2528,0.2472
0.2468,0.252,0.2524,0.2488
0.2484,0.2524,0.2532,0.246
0.2492,0.2504,0.2528,0.2476
0.25,0.2492,0.2532,0.2476
0.2496,0.2484,0.254,0.248
0.2488,0.2488,0.256,0.2464
0.2492,0.25,0.2552,0.2456
0.2496,0.25,0.2548,0.2456
0.252,0.2476,0.2536,0.2468
0.2536,0.2484,0.2528,0.2452
0.254,0.2488,0.2532,0.244
0.2532,0.2496,0.2524,0.2448
0.2504,0.2508,0.2524,0.2464
0.2512,0.2516,0.2504,0.2468
0.2516,0.2532,0.2484,0.2468
0.2528,0.2544,0.2472,0.2456
0.254,0.2548,0.2468,0.2444
0.2536,0.2548,0.2476,0.244
0.2536,0.2544,0.2472,0.2448
0.2532,0.2552,0.2468,0.2448
0.2524,0.2536,0.248,0.246
0.252,0.2524,0.2496,0.246
0.2544,0.2512,0.248,0.2464
0.2528,0.25,0.2484,0.2488
0.2528,0.248,0.2492,0.25
0.252,0.248,0.2508,0.2492
0.2516,0.2496,0.25,0.2488
0.2504,0.2484,0.2516,0.2496
0.2516,0.2476,0.2524,0.2484
0.252,0.2476,0.2528,0.2476
0.2524,0.2472,0.252,0.2484
0.2512,0.246,0.2536,0.2492
0.2512,0.2444,0.254,0.2504
0.2532,0.2456,0.2524,0.2488
0.254,0.2468,0.2516,0.2476
0.2532,0.2476,0.2528,0.2464
0.2516,0.2488,0.252,0.2476
0.2492,0.2484,0.2532,0.2492
0.2488,0.2492,0.2528,0.2492
0.25,0.2488,0.2536,0.2476
0.2508,0.2492,0.254,0.246
0.2516,0.2488,0.2536,0.246
0.2533013205282113,0.24729891956782712,0.2533013205282113,0.2460984393757503
0.252,0.246,0.256,0.246
0.252,0.246,0.256,0.246
0.25,0.2452,0.2556,0.2492
0.2488,0.2464,0.2556,0.2492
0.248,0.2476,0.2552,0.2492
0.2484,0.2472,0.2536,0.2508
0.2516,0.2484,0.2528,0.2472
0.2504,0.25,0.2524,0.2472
0.2501000400160064,0.25130052020808324,0.25290116046418565,0.2456982793117247
0.25,0.2508,0.2536,0.2456
0.2496,0.25,0.252,0.2484
0.2488,0.2516,0.2508,0.2488
0.2496,0.2496,0.2528,0.248
0.2488,0.2504,0.252,0.2488
0.2496,0.2524,0.2512,0.2468
0.25,0.2516,0.2492,0.2492
0.2512,0.25,0.2496,0.2492
0.2512,0.2496,0.25,0.2492
0.2512,0.25,0.2492,0.2496
0.252,0.2512,0.2476,0.2492
0.2508,0.2516,0.2472,0.2504
0.25,0.2504,0.2496,0.25
0.2496,0.2504,0.25,0.25
0.2488,0.25,0.25,0.2512
0.2484,0.2512,0.2512,0.2492
0.2496,0.252,0.2504,0.248
0.2504,0.252,0.25,0.2476
0.2512,0.2528,0.2496,0.2464
0.2528,0.2516,0.2488,0.2468
0.252,0.2508,0.2472,0.25
0.2516,0.2504,0.2472,0.2508
0.2508,0.2484,0.2488,0.252
0.2496,0.248,0.2492,0.2532
0.2496,0.2504,0.2484,0.2516
0.2496,0.2512,0.2488,0.2504
0.2488,0.2504,0.2492,0.2516
0.2468,0.2504,0.2508,0.252
0.2444,0.2512,0.252,0.2524
0.2432,0.2508,0.252,0.254
0.2436,0.2516,0.2512,0.2536
0.2452,0.2508,0.2528,0.2512
0.2448,0.2516,0.2536,0.25
0.2452,0.252,0.254,0.2488
0.2468,0.2512,0.2548,0.2472
0.2452,0.2536,0.2548,0.2464
0.2452,0.2528,0.2552,0.2468
0.2428,0.2536,0.256,0.2476
0.2424,0.2536,0.2572,0.2468
0.2436,0.2532,0.2564,0.2468
0.244,0.2548,0.2536,0.2476
0.2428,0.2532,0.2548,0.2492
0.2412,0.254,0.2552,0.2496
0.2408,0.2532,0.2568,0.2492
0.2424,0.252,0.2564,0.2492
0.2408,0.2516,0.2564,0.2512
0.2404,0.2548,0.2576,0.2472
0.2432,0.2548,0.2568,0.2452
0.2432,0.2536,0.2596,0.2436
0.2428,0.2548,0.2596,0.2428
0.2432,0.2544,0.2608,0.2416
0.2436,0.2564,0.2592,0.2408
0.2424,0.2576,0.2584,0.2416
0.2424,0.2584,0.26,0.2392
0.2392,0.2592,0.2596,0.242
0.2416,0.258,0.2608,0.2396
0.2432,0.2568,0.2592,0.2408
0.2436,0.2576,0.258,0.2408
0.2448,0.2548,0.2584,0.242
0.2452,0.2552,0.2596,0.24
0.2452,0.254,0.2604,0.2404
0.2472,0.2532,0.2588,0.2408
0.2456,0.252,0.26,0.2424
0.2444,0.2528,0.2592,0.2436
0.2448,0.2532,0.2584,0.2436
0.2452,0.2516,0.2592,0.244
0.2444,0.2508,0.26,0.2448
0.24409763905562226,0.25210084033613445,0.2605042016806723,0.24329731892757103
0.2424,0.252,0.2628,0.2428
0.2424,0.2524,0.2632,0.242
0.2428,0.2516,0.2636,0.242
0.2444,0.2516,0.2628,0.2412
0.2444,0.2508,0.2628,0.242
0.2444,0.2536,0.2612,0.2408
0.2436,0.2536,0.26,0.2428
0.2424,0.2532,0.26,0.2444
0.2424,0.2548,0.2596,0.2432
0.24,0.2548,0.2612,0.244
0.2412,0.2536,0.2612,0.244
0.2416,0.2548,0.2604,0.2432
0.2412,0.256,0.2604,0.2424
0.2396,0.2548,0.2624,0.2432
0.24,0.2548,0.262,0.2432
0.2416,0.2568,0.2588,0.2428
0.2416,0.2564,0.2592,0.2428
0.24,0.2564,0.2612,0.2424
0.2388,0.2568,0.2616,0.2428
0.2384,0.258,0.2604,0.2432
0.2392,0.258,0.2612,0.2416
0.24,0.2584,0.2604,0.2412
0.2384,0.2592,0.2596,0.2428
0.2372,0.2584,0.2624,0.242
0.2368,0.258,0.2612,0.244
0.2372,0.2584,0.2584,0.246
0.2376,0.2592,0.2576,0.2456
0.2364,0.2612,0.2548,0.2476
0.2356,0.2616,0.254,0.2488
0.2372,0.262,0.254,0.2468
0.23569427771108442,0.26330532212885155,0.2537014805922369,0.24729891956782712
0.2372,0.2632,0.2516,0.248
0.2404,0.2616,0.25,0.248
0.242,0.2604,0.2492,0.2484
0.2436,0.2596,0.2492,0.2476
0.2456,0.2604,0.2496,0.2444
0.2444,0.2608,0.2508,0.244
0.2432,0.2612,0.2524,0.2432
0.244,0.2608,0.252,0.2432
0.244,0.2584,0.2524,0.2452
0.2424,0.258,0.2532,0.2464
0.2456,0.2568,0.2496,0.248
0.246,0.2572,0.2488,0.248
0.2468,0.2564,0.2488,0.248
0.246,0.2568,0.2496,0.2476
0.246,0.2568,0.2488,0.2484
0.246,0.2564,0.2496,0.248
0.246,0.2588,0.2484,0.2468
0.246,0.2596,0.2484,0.246
0.2428,0.26,0.2504,0.2468
0.2424,0.2608,0.25,0.2468
0.2412,0.2592,0.2516,0.248
0.2388,0.2596,0.2528,0.2488
0.2384,0.2596,0.2532,0.2488
0.2384,0.2588,0.2528,0.25
0.238,0.2608,0.2516,0.2496
0.238,0.2636,0.2504,0.248
0.2392,0.2636,0.2496,0.2476
0.2412,0.264,0.248,0.2468
0.2408,0.2632,0.2476,0.2484
0.2396,0.2648,0.2476,0.248
0.2384,0.264,0.248,0.2496
0.238,0.2624,0.2488,0.2508
0.2384,0.2604,0.2504,0.2508
0.2376,0.2604,0.25,0.252
0.2384,0.2588,0.2516,0.2512
0.2392,0.2592,0.25,0.2516
0.2396,0.26,0.2488,0.2516
0.2396,0.2596,0.2484,0.2524
0.2396,0.2596,0.2484,0.2524
0.24,0.2584,0.25,0.2516
0.2416,0.2584,0.2496,0.2504
0.2408,0.258,0.2508,0.2504
0.2416,0.258,0.2504,0.25
0.2412,0.258,0.2508,0.25
0.2404,0.2564,0.252,0.2512
0.2396,0.2572,0.252,0.2512
0.2412,0.2568,0.252,0.25
0.2416,0.2552,0.2524,0.2508
0.2424,0.2552,0.252,0.2504
0.242,0.2556,0.2512,0.2512
0.24489795918367346,0.2537014805922369,0.25210084033613445,0.24929971988795518
0.2444,0.2552,0.2524,0.248
0.2432,0.2548,0.2544,0.2476
0.244,0.2548,0.2532,0.248
0.2432,0.2544,0.2532,0.2492
0.2428,0.2556,0.254,0.2476
0.2444,0.252,0.2556,0.248
0.2432,0.2524,0.2576,0.2468
0.244,0.2516,0.2568,0.2476
0.2416,0.252,0.2584,0.248
0.2408,0.2528,0.2592,0.2472
0.2396,0.2524,0.26,0.248
0.2396,0.2516,0.26,0.2488
0.2376,0.2524,0.2604,0.2496
0.2372,0.2524,0.2608,0.2496
0.2388,0.2508,0.2624,0.248
0.2388,0.252,0.2624,0.2468
0.2404,0.2504,0.2628,0.2464
0.2408,0.2496,0.2636,0.246
0.2428,0.2504,0.2624,0.2444
0.2428,0.2528,0.262,0.2424
0.2416,0.2528,0.2624,0.2432
0.24,0.2528,0.2628,0.2444
0.24,0.2528,0.264,0.2432
0.2408,0.254,0.2616,0.2436
0.2424,0.2536,0.2616,0.2424
0.2408,0.2564,0.2604,0.2424
0.2416,0.2548,0.2608,0.2428
0.2428,0.2556,0.2592,0.2424
0.2404,0.2572,0.2592,0.2432
0.2416,0.2544,0.2592,0.2448
0.2416,0.254,0.2596,0.2448
0.2388,0.2544,0.258,0.2488
0.2384,0.2552,0.2572,0.2492
0.2384,0.2556,0.2572,0.2488
0.2388,0.256,0.2576,0.2476
0.23969587835134054,0.2585034013605442,0.25650260104041617,0.2452981192476991
0.2408,0.2592,0.2568,0.2432
0.2412,0.2612,0.256,0.2416
0.2424,0.2592,0.2588,0.2396
0.2436,0.2596,0.2596,0.2372
0.2448,0.2596,0.2564,0.2392
0.2448,0.2588,0.2552,0.2412
0.244,0.2584,0.256,0.2416
0.2436,0.2588,0.256,0.2416
0.2432,0.2584,0.2572,0.2412
0.242,0.26,0.2588,0.2392
0.2396,0.262,0.2576,0.2408
0.2424,0.2608,0.2572,0.2396
0.2412,0.2604,0.2576,0.2408
0.2416,0.2592,0.258,0.2412
0.2412,0.2608,0.2568,0.2412
0.242,0.262,0.2548,0.2412
0.242,0.2624,0.2552,0.2404
0.2412,0.2628,0.2552,0.2408
0.2416,0.2616,0.256,0.2408
0.2416,0.2608,0.2548,0.2428
0.2444,0.2608,0.2544,0.2404
0.2444,0.2624,0.252,0.2412
0.2452,0.262,0.2528,0.24
0.2456,0.2624,0.2524,0.2396
0.246,0.2628,0.2516,0.2396
0.2468,0.2632,0.2524,0.2376
0.248,0.2632,0.2528,0.236
0.2492,0.2644,0.2496,0.2368
0.25,0.2656,0.2484,0.236
0.25,0.2648,0.2484,0.2368
0.2516,0.264,0.2472,0.2372
0.2524,0.2636,0.2488,0.2352
0.2516,0.2652,0.2488,0.2344
0.2512,0.2684,0.248,0.2324
0.2512,0.2684,0.2492,0.2312
0.2508,0.2676,0.2496,0.232
0.2512,0.2676,0.2492,0.232
0.2536,0.266,0.248,0.2324
0.2536,0.2644,0.2484,0.2336
0.252,0.2668,0.248,0.2332
0.2524,0.266,0.2468,0.2348
0.2528,0.2632,0.248,0.236
0.254,0.2628,0.2484,0.2348
0.252,0.2628,0.2492,0.236
0.2528,0.2624,0.2504,0.2344
0.2552,0.2628,0.248,0.234
0.2564,0.2612,0.2468,0.2356
0.2568,0.2608,0.246,0.2364
0.2576,0.2592,0.2476,0.2356
0.2572,0.2564,0.2488,0.2376
0.2596,0.2564,0.2476,0.2364
0.2584,0.256,0.2472,0.2384
0.2601040416166467,0.25690276110444177,0.24449779911964786,0.2384953981592637
0.2604,0.2524,0.2468,0.2404
0.2604,0.2524,0.2464,0.2408
0.2612,0.2536,0.2456,0.2396
0.2616,0.2548,0.2444,0.2392
0.2588,0.2548,0.246,0.2404
0.2584,0.2552,0.2448,0.2416
0.2552,0.2556,0.246,0.2432
0.2552,0.2548,0.2456,0.2444
0.2536,0.2544,0.2456,0.2464
0.2512,0.2556,0.2472,0.246
0.2504,0.254,0.2488,0.2468
0.25,0.2536,0.2484,0.248
0.2484,0.2532,0.2476,0.2508
0.2492,0.2524,0.2472,0.2512
0.2492,0.2536,0.248,0.2492
0.2488,0.2516,0.2488,0.2508
0.2508,0.2496,0.2496,0.25
0.2488,0.25,0.2512,0.25
0.2484,0.2492,0.2532,0.2492
0.2472,0.2484,0.2536,0.2508
0.2508,0.2456,0.2536,0.25
0.2524,0.2456,0.252,0.25
0.2532,0.2436,0.2516,0.2516
0.2528,0.244,0.2504,0.2528
0.2516,0.2456,0.2488,0.254
0.2508,0.2452,0.248,0.256
0.2508,0.2472,0.2472,0.2548
0.25,0.2476,0.2476,0.2548
0.2472,0.2496,0.2468,0.2564
0.2468,0.2504,0.248,0.2548
0.2456,0.2524,0.2476,0.2544
0.2444,0.2532,0.2468,0.2556
0.2444,0.2532,0.246,0.2564
0.246,0.252,0.2448,0.2572
0.2444,0.254,0.2436,0.258
0.244,0.254,0.2432,0.2588
0.2448,0.2556,0.2428,0.2568
0.242,0.2568,0.2436,0.2576
0.2424,0.256,0.2428,0.2588
0.244,0.256,0.2404,0.2596
0.2456,0.256,0.2392,0.2592
0.246,0.2536,0.2404,0.26
0.246,0.254,0.24,0.26
0.2464,0.2524,0.2396,0.2616
0.2464,0.2528,0.2408,0.26
0.2468,0.2512,0.2416,0.2604
0.2464,0.2528,0.2412,0.2596
0.2456,0.2532,0.24,0.2612
0.2456,0.252,0.2408,0.2616
0.2448,0.2536,0.2392,0.2624
0.2448,0.254,0.2392,0.262
0.2452,0.2536,0.238,0.2632
0.2468,0.252,0.2376,0.2636
0.2472,0.2524,0.2384,0.262
0.2468,0.2536,0.2388,0.2608
0.248,0.2496,0.2408,0.2616
0.2492,0.2488,0.2396,0.2624
0.2488,0.2512,0.2384,0.2616
0.2512,0.25,0.2384,0.2604
0.2524,0.2512,0.238,0.2584
0.2508,0.252,0.2384,0.2588
0.2504,0.2532,0.2384,0.258
0.2516,0.2528,0.2376,0.258
0.2516,0.2532,0.2376,0.2576
0.2528,0.2524,0.2384,0.2564
0.2512,0.252,0.2384,0.2584
0.2524,0.2508,0.2384,0.2584
0.252,0.2528,0.2376,0.2576
0.2524,0.2532,0.2368,0.2576
0.2508,0.252,0.2396,0.2576
0.25,0.2536,0.238,0.2584
0.2504,0.2544,0.2364,0.2588
0.25,0.2548,0.24,0.2552
0.2504,0.2552,0.2388,0.2556
0.2488,0.2556,0.2396,0.256
0.2484,0.2536,0.2404,0.2576
0.2484,0.2556,0.2396,0.2564
0.2484,0.2564,0.24,0.2552
0.2484,0.2584,0.242,0.2512
0.2476,0.2592,0.2424,0.2508
0.2496,0.2592,0.2408,0.2504
0.2516,0.2584,0.2372,0.2528
0.25,0.2596,0.2368,0.2536
0.2504,0.2584,0.2356,0.2556
0.2496,0.2572,0.2388,0.2544
0.2504,0.2556,0.2376,0.2564
0.2496,0.2564,0.2372,0.2568
0.252,0.2576,0.2344,0.256
0.250500200080032,0.25730292116846737,0.23689475790316125,0.2553021208483393
0.2524,0.2548,0.2356,0.2572
0.2512,0.254,0.2376,0.2572
0.25,0.2548,0.2376,0.2576
0.2496,0.2564,0.2376,0.2564
0.2496,0.258,0.236,0.2564
0.248,0.2596,0.2356,0.2568
0.2488,0.2564,0.2384,0.2564
0.2488,0.2552,0.2392,0.2568
0.2504,0.2544,0.2392,0.256
0.2504,0.2544,0.2396,0.2556
0.2508,0.256,0.24,0.2532
0.2516,0.2556,0.2392,0.2536
0.2508,0.256,0.2396,0.2536
0.2504,0.2552,0.2412,0.2532
0.25,0.2552,0.2412,0.2536
0.2492,0.2544,0.24,0.2564
0.2492,0.2548,0.2396,0.2564
0.248,0.2528,0.2416,0.2576
0.2484,0.256,0.2408,0.2548
0.2468,0.2568,0.2424,0.254
0.2444,0.2576,0.2448,0.2532
0.2456,0.2584,0.244,0.252
0.2468,0.2572,0.2444,0.2516
0.2476,0.258,0.2432,0.2512
0.2492,0.2564,0.2444,0.25
0.25,0.256,0.2444,0.2496
0.2504,0.2544,0.2452,0.25
0.25,0.2536,0.2452,0.2512
0.2512,0.2548,0.2448,0.2492
0.2508,0.2536,0.2436,0.252
0.2492,0.2544,0.2452,0.2512
0.25,0.2532,0.2468,0.25
0.25,0.2532,0.246,0.2508
0.2504,0.252,0.2468,0.2508
0.2488,0.2536,0.2464,0.2512
0.2456,0.2548,0.248,0.2516
0.244,0.2568,0.2476,0.2516
0.244,0.2572,0.2472,0.2516
0.2464,0.2592,0.246,0.2484
0.2452,0.2612,0.2464,0.2472
0.244,0.2616,0.2456,0.2488
0.2412,0.2628,0.2464,0.2496
0.2416966786714686,0.2617046818727491,0.24729891956782712,0.24929971988795518
0.2416,0.2588,0.2476,0.252
0.2412,0.2576,0.2484,0.2528
0.2416,0.2576,0.2456,0.2552
0.2396,0.2564,0.2484,0.2556
0.2416,0.256,0.2472,0.2552
0.2424,0.2556,0.2468,0.2552
0.242,0.2556,0.248,0.2544
0.2408,0.2556,0.2496,0.254
0.24,0.256,0.2496,0.2544
0.2404,0.2552,0.2504,0.254
0.2384,0.2564,0.2504,0.2548
0.2372,0.256,0.2512,0.2556
0.2364,0.2576,0.2508,0.2552
0.236,0.2572,0.2504,0.2564
0.2352,0.2568,0.2524,0.2556
0.2376,0.254,0.2524,0.256
0.236,0.2556,0.2536,0.2548
0.2356,0.256,0.2556,0.2528
0.2372,0.256,0.2544,0.2524
0.238,0.2552,0.2552,0.2516
0.2384,0.254,0.256,0.2516
0.2372,0.2548,0.2572,0.2508
0.2352,0.256,0.2584,0.2504
0.2348,0.2572,0.2568,0.2512
0.2352,0.2596,0.2556,0.2496
0.236,0.2604,0.254,0.2496
0.2372,0.2584,0.2564,0.248
0.2364,0.2564,0.258,0.2492
0.2356,0.2572,0.258,0.2492
0.2356,0.2572,0.2584,0.2488
0.2348,0.2564,0.2616,0.2472
0.234,0.2592,0.2604,0.2464
0.2336,0.26,0.2588,0.2476
0.2336,0.2604,0.2588,0.2472
0.2348,0.2624,0.2568,0.246
0.2356,0.262,0.2552,0.2472
0.2368,0.262,0.254,0.2472
0.2356,0.2628,0.2548,0.2468
0.2368,0.2644,0.2544,0.2444
0.2384,0.2636,0.2544,0.2436
0.2392,0.2628,0.2548,0.2432
0.238,0.2648,0.2552,0.242
0.2376,0.2644,0.2568,0.2412
0.2384,0.2632,0.258,0.2404
0.2364,0.2648,0.26,0.2388
0.2364,0.2648,0.2612,0.2376
0.2364,0.2652,0.2624,0.236
0.236,0.2652,0.2628,0.236
0.2372,0.2652,0.262,0.2356
0.2348,0.2664,0.2612,0.2376
0.2348,0.2668,0.26,0.2384
0.2364,0.266,0.2604,0.2372
0.2368,0.2664,0.2608,0.236
0.2356,0.266,0.2636,0.2348
0.2348,0.2656,0.2636,0.236
0.2356,0.2648,0.2632,0.2364
0.2368,0.2648,0.262,0.2364
0.236,0.2652,0.2624,0.2364
0.2364,0.2656,0.2628,0.2352
0.2356,0.266,0.2628,0.2356
0.2336,0.2664,0.264,0.236
0.2344,0.2656,0.262,0.238
0.234,0.2648,0.2636,0.2376
0.236,0.2632,0.2612,0.2396
0.2348,0.2624,0.2608,0.242
0.2356,0.2624,0.2608,0.2412
0.2348,0.2612,0.2608,0.2432
0.2332,0.262,0.2608,0.244
0.2332,0.2636,0.2596,0.2436
0.2352,0.264,0.2564,0.2444
0.2364,0.2648,0.256,0.2428
0.238,0.264,0.256,0.242
0.238,0.2644,0.2564,0.2412
0.2404,0.2624,0.2576,0.2396
0.24,0.2632,0.258,0.2388
0.24,0.2632,0.2592,0.2376
0.2424,0.2648,0.2576,0.2352
0.2432,0.2652,0.256,0.2356
0.244,0.2632,0.2556,0.2372
0.2452,0.2628,0.2552,0.2368
0.2468,0.262,0.256,0.2352
0.2476,0.2624,0.254,0.236
0.2468,0.2624,0.2536,0.2372
0.2468,0.2644,0.2524,0.2364
0.2488,0.2636,0.2516,0.236
0.2492,0.2612,0.2516,0.238
0.248,0.2612,0.2516,0.2392
0.24649859943977592,0.26410564225690275,0.25210084033613445,0.23729491796718688
0.2468,0.2628,0.2532,0.2372
0.246,0.2636,0.2524,0.238
0.2464,0.2632,0.2504,0.24
0.2504,0.26,0.2508,0.2388
0.2524,0.26,0.2496,0.238
0.2524,0.2608,0.248,0.2388
0.2504,0.262,0.2488,0.2388
0.252,0.2608,0.2496,0.2376
0.2524,0.262,0.248,0.2376
0.2552,0.2612,0.2484,0.2352
0.2544,0.2608,0.2488,0.236
0.2556,0.2584,0.2476,0.2384
0.2564,0.2576,0.2472,0.2388
0.2576,0.2564,0.2472,0.2388
0.2556,0.258,0.2496,0.2368
0.2568,0.256,0.2508,0.2364
0.2544,0.2576,0.2512,0.2368
0.2536,0.2568,0.2492,0.2404
0.252,0.258,0.2504,0.2396
0.2532,0.2572,0.2512,0.2384
0.2524,0.2588,0.2492,0.2396
0.2528,0.2576,0.2488,0.2408
0.2528,0.2548,0.2504,0.242
