C,D,Oc,Od
0,0,0,0
1.0,0.0,0.0,0.0
0.6666666666666666,0.0,0.3333333333333333,0.0
0.3333333333333333,0.0,0.6666666666666666,0.0
0.3333333333333333,0.0,0.5,0.16666666666666666
0.25,0.0,0.4375,0.3125
0.26666666666666666,0.0,0.36666666666666664,0.36666666666666664
0.24489795918367346,0.0,0.30612244897959184,0.4489795918367347
0.22727272727272727,0.015151515151515152,0.22727272727272727,0.5303030303030303
0.21904761904761905,0.0380952380952381,0.21904761904761905,0.5238095238095238
0.23076923076923078,0.03496503496503497,0.1888111888111888,0.5454545454545454
0.21714285714285714,0.04,0.19428571428571428,0.5485714285714286
0.1940928270042194,0.05485232067510549,0.21940928270042195,0.5316455696202531
0.16607773851590105,0.053003533568904596,0.22614840989399293,0.5547703180212014
0.16111111111111112,0.04722222222222222,0.2361111111111111,0.5555555555555556
0.16331096196868009,0.05145413870246085,0.2371364653243848,0.5480984340044742
0.1657559198542805,0.060109289617486336,0.24225865209471767,0.5318761384335154
0.17619783616692428,0.07264296754250386,0.24574961360123648,0.5054095826893354
0.1668806161745828,0.07958921694480103,0.25288831835686776,0.5006418485237484
0.17474633596392333,0.08455467869222097,0.2525366403607666,0.4881623449830891
0.17519685039370078,0.09547244094488189,0.2549212598425197,0.4744094488188976
0.18262411347517732,0.0975177304964539,0.24822695035460993,0.4716312056737589
0.18670886075949367,0.10838607594936708,0.2468354430379747,0.45806962025316456
0.19387027797576623,0.11617961511047754,0.24019957234497505,0.44975053456878117
0.19383825417201542,0.13093709884467267,0.2471116816431322,0.42811296534017973
0.20234604105571846,0.13020527859237538,0.2404692082111437,0.4269794721407625
0.20218579234972678,0.1377049180327869,0.24207650273224043,0.4180327868852459
0.2037519541427827,0.1453882230328296,0.2412714955706097,0.40958832725377803
0.208,0.1455,0.243,0.4035
0.21060240963855423,0.14457831325301204,0.23903614457831326,0.4057831325301205
0.21302325581395348,0.14604651162790697,0.233953488372093,0.4069767441860465
0.21797752808988763,0.1451685393258427,0.23865168539325843,0.3982022471910112
0.21687279151943462,0.14796819787985865,0.2318904593639576,0.4032685512367491
0.21706783369803062,0.1461706783369803,0.2288840262582057,0.40787746170678335
0.21164021164021163,0.14682539682539683,0.2279541446208113,0.41358024691358025
0.21186813186813186,0.15032967032967032,0.22373626373626374,0.41406593406593406
0.20468611847922194,0.15473032714412024,0.23253757736516356,0.40804597701149425
0.20517316966242877,0.15300306882946077,0.23103901797457255,0.41078474353353794
0.20352422907488987,0.15506607929515417,0.23259911894273128,0.40881057268722465
0.20833333333333334,0.15263157894736842,0.23114035087719298,0.40789473684210525
0.2053415061295972,0.15805604203152365,0.23336252189141857,0.4032399299474606
0.20320142285460205,0.15562472209871053,0.23788350377945755,0.4032903512672299
0.20709534368070953,0.1516629711751663,0.23680709534368072,0.40443458980044344
0.210872424375274,0.15300306882946077,0.2341078474353354,0.40201665935992986
0.209849157054126,0.15217391304347827,0.2422360248447205,0.39574090505767523
0.21302037201062887,0.15234720992028344,0.2395925597874225,0.3950398582816652
0.2068661971830986,0.15669014084507044,0.23723591549295775,0.39920774647887325
0.2097345132743363,0.15221238938053097,0.2398230088495575,0.39823008849557523
0.2128691053327457,0.15293080652269722,0.2353459673865139,0.3988541207580432
0.2106430155210643,0.1547671840354767,0.23015521064301553,0.40443458980044344
0.21305690339655933,0.1557123952359947,0.23246581385090428,0.3987648875165417
0.21147902869757174,0.1532008830022075,0.23090507726269316,0.4044150110375276
0.21365248226950354,0.15824468085106383,0.23049645390070922,0.3976063829787234
0.2158493870402802,0.15674255691768826,0.22854640980735552,0.398861646234676
0.21746801940891045,0.1557123952359947,0.22717247463608292,0.39964711071901193
0.2227613586237318,0.1521835024261138,0.22496691662990737,0.40008822232024704
0.2210386151797603,0.15357301375943186,0.22769640479360853,0.39769196626719927
0.2210944395410415,0.14783759929390997,0.2325684024713151,0.39849955869373344
0.22451669595782073,0.15070298769771528,0.22978910369068542,0.39499121265377857
0.22681318681318682,0.1534065934065934,0.23076923076923078,0.389010989010989
0.22285714285714286,0.14857142857142858,0.229010989010989,0.3995604395604396
0.22025652366209642,0.14727996461742593,0.22644847412649272,0.40601503759398494
0.22182942996022978,0.15687140963323024,0.2205037560760053,0.4007954043305347
0.22300572939620977,0.15513442044953724,0.2247686205376818,0.3970912296165712
0.22465034965034966,0.15603146853146854,0.22596153846153846,0.39335664335664333
0.22893692104102337,0.1552712836347596,0.22496691662990737,0.39082487869430965
0.2352168199737188,0.15505913272010513,0.22382829610162067,0.38589575120455544
0.23448581560283688,0.15691489361702127,0.225177304964539,0.38342198581560283
0.23401420959147423,0.1594138543516874,0.22069271758436945,0.3858792184724689
0.23218997361477572,0.16051011433597184,0.2167985927880387,0.39050131926121373
0.23469837076177896,0.15852047556142668,0.2170849845882871,0.38969616908850724
0.23323103901797457,0.158702323542306,0.22139412538360367,0.38667251205611575
0.2330396475770925,0.15859030837004406,0.21585903083700442,0.392511013215859
0.23464912280701755,0.15219298245614035,0.21666666666666667,0.39649122807017545
0.23897707231040563,0.15608465608465608,0.21649029982363316,0.38844797178130513
0.2410480349344978,0.1589519650655022,0.21746724890829694,0.38253275109170304
0.23716814159292035,0.1570796460176991,0.21991150442477875,0.3858407079646018
0.24052287581699347,0.15511982570806102,0.2196078431372549,0.3847494553376906
0.2425176056338028,0.1483274647887324,0.22007042253521128,0.3890845070422535
0.23900488671701467,0.1519324744557974,0.21945801865837405,0.38960462016881386
0.23940585408475318,0.1511577107907383,0.2236784622105723,0.3857579729139362
0.2413491020586947,0.15286903197547086,0.21857205431449847,0.38720981165133594
0.23735581188997337,0.15173025732031944,0.21694764862466726,0.3939662821650399
0.2352156514006225,0.15028901734104047,0.22276567363272565,0.3917296576256114
0.23511248345831495,0.15306572562858403,0.2192324658138509,0.3925893250992501
0.2367382726874178,0.15037264357737834,0.2235861464270057,0.38930293730819815
0.23859649122807017,0.14780701754385964,0.2219298245614035,0.39166666666666666
0.23269316659222866,0.14560071460473425,0.231353282715498,0.39035283608753907
0.23199292973928415,0.15112682280159082,0.22934158197083518,0.38753866548828986
0.23691215616681455,0.14596273291925466,0.22759538598047915,0.3895297249334516
0.2300923889133304,0.14254289485261767,0.23405191377034756,0.39331280246370437
0.23289473684210527,0.14035087719298245,0.22982456140350876,0.3969298245614035
0.2346442775077331,0.13742819266460451,0.23685373398144058,0.3910737958462218
0.22945054945054946,0.14417582417582417,0.23912087912087912,0.3872527472527473
0.22995126273814798,0.14576871953921133,0.23128046078865752,0.39299955693398314
0.23297966401414677,0.14677276746242263,0.23519009725906279,0.3850574712643678
0.2273519163763066,0.14982578397212543,0.2304006968641115,0.39242160278745647
0.226423487544484,0.15080071174377224,0.23354092526690393,0.38923487544483987
0.23012367491166077,0.15282685512367492,0.22924028268551236,0.3878091872791519
0.22610213880401572,0.15539065910082933,0.22741161065037102,0.39109559144478395
0.22599118942731278,0.15506607929515417,0.22731277533039648,0.39162995594713657
0.23134657836644593,0.15584988962472407,0.2229580573951435,0.3898454746136865
0.23148558758314855,0.15609756097560976,0.22261640798226165,0.38980044345898
0.23539745278875715,0.15502854633289415,0.22178304787000439,0.3877909530083443
0.24313551815766166,0.15589016829052257,0.2254207263064659,0.3755535872453499
0.24436588599204595,0.14891736632788333,0.22801590808661068,0.37870083959346
0.24351648351648353,0.1556043956043956,0.22241758241758242,0.37846153846153846
0.24503311258278146,0.16247240618101547,0.22030905077262694,0.37218543046357616
0.2436235708003518,0.16314863676341249,0.22383465259454705,0.36939313984168864
0.2405452946350044,0.1627088830255057,0.22207563764291996,0.37467018469656993
0.24310118265440211,0.1625054752518616,0.21594393342093737,0.37844940867279897
0.24169986719787517,0.16600265604249667,0.2151394422310757,0.37715803452855245
0.2403888643393725,0.16880247459125056,0.21210782147591692,0.37870083959346
0.23885209713024283,0.17262693156732892,0.21368653421633554,0.3748344370860927
0.2362758014931928,0.17215634606938954,0.2103645147123408,0.38120333772507686
0.23330404217926187,0.17223198594024605,0.21309314586994726,0.38137082601054484
0.22937000887311446,0.17036379769299023,0.2129547471162378,0.3873114463176575
0.23297966401414677,0.16091954022988506,0.21794871794871795,0.3881520778072502
0.22943530457981326,0.16229435304579815,0.21965317919075145,0.38861716318363715
0.2269722344645218,0.1626267078007933,0.2238871749669458,0.38651388276773907
0.22591943957968477,0.1628721541155867,0.22416812609457093,0.38704028021015763
0.22380106571936056,0.16474245115452932,0.22602131438721138,0.38543516873889877
0.22839506172839505,0.15961199294532627,0.2261904761904762,0.38580246913580246
0.2288623284639221,0.16246126604692343,0.2297476759628154,0.3789287295263391
0.22636484687083888,0.1615623612960497,0.22814025743453173,0.38393253439857966
0.22663139329805995,0.164021164021164,0.22707231040564374,0.38227513227513227
0.2247141600703606,0.16578715919085313,0.22823218997361477,0.3812664907651715
0.22494432071269488,0.1706013363028953,0.22316258351893095,0.38129175946547883
0.22707231040564374,0.1746031746031746,0.2292768959435626,0.36904761904761907
0.22924028268551236,0.18021201413427562,0.22570671378091872,0.36484098939929327
0.22843309859154928,0.1756161971830986,0.22799295774647887,0.36795774647887325
0.2349582784365393,0.17303469477382522,0.22705314009661837,0.36495388669301715
0.23614142295940638,0.1732867743343518,0.22784810126582278,0.36272370144041904
0.23614775725593667,0.16842568161829374,0.22383465259454705,0.37159190853122254
0.23444347063978965,0.16827344434706398,0.22699386503067484,0.3702892199824715
0.2328767123287671,0.172779496243924,0.2209456473707468,0.3733981440565621
0.23490524460114587,0.16835610401057735,0.22168356104010578,0.375055090348171
0.23617868199911543,0.16806722689075632,0.2260061919504644,0.3697478991596639
0.23651635720601238,0.16887709991158267,0.22192749778956675,0.3726790450928382
0.23368146214099217,0.16753698868581376,0.22628372497824195,0.37249782419495214
0.22951541850220264,0.1656387665198238,0.22819383259911893,0.3766519823788546
0.22397200349956256,0.1710411198600175,0.2226596675415573,0.38232720909886264
0.22592099422991566,0.16644474034620507,0.2268086995117621,0.3808255659121172
0.22520934332304982,0.16483032172763332,0.22300572939620977,0.3869546055531071
0.22104332449160036,0.16931918656056588,0.22413793103448276,0.385499557913351
0.2192866578599736,0.17040951122853368,0.22501100836635843,0.3852928225451343
0.2166446499339498,0.17437252311756934,0.22280933509467196,0.3861734918538089
0.22071083808688022,0.17025010969723564,0.225976305397104,0.38306274681878016
0.22380106571936056,0.17229129662522202,0.21891651865008882,0.3849911190053286
0.220479302832244,0.1738562091503268,0.22004357298474944,0.38562091503267976
0.22071083808688022,0.17156647652479157,0.2242211496270294,0.3835015357612988
0.22129710780017528,0.1730937773882559,0.21998247151621383,0.38562664329535495
0.22035398230088496,0.1743362831858407,0.21946902654867256,0.3858407079646018
0.218804920913884,0.1827768014059754,0.21133567662565905,0.38708260105448156
0.2162516382699869,0.17868064657055482,0.21188291830493666,0.3931847968545216
0.21593382673051806,0.1828471919895516,0.20896821941663038,0.39225076186329993
0.21702690780767533,0.18659020732245257,0.2086457873842082,0.3877370974856639
0.21525054466230936,0.18736383442265794,0.21176470588235294,0.38562091503267976
0.21241685144124167,0.188470066518847,0.21374722838137472,0.3853658536585366
0.21101732563305198,0.19013771657041315,0.21279431363838294,0.38605064415815193
0.2189322566173172,0.19201435621354868,0.2041274113952445,0.38492597577388965
0.22128975265017667,0.19257950530035337,0.1965547703180212,0.38957597173144876
0.21995565410199558,0.1942350332594235,0.20044345898004434,0.3853658536585366
0.22320247022496692,0.1905602117335686,0.20247022496691663,0.38376709307454787
0.21852836879432624,0.18882978723404256,0.20390070921985815,0.3887411347517731
0.22217314487632508,0.1894876325088339,0.1978798586572438,0.39045936395759717
0.2253397632617273,0.18895221394125383,0.19508987286277948,0.3906181499342394
0.2275132275132275,0.18959435626102292,0.1970899470899471,0.38580246913580246
0.22405345211581293,0.19287305122494433,0.19821826280623608,0.3848552338530067
0.22423706324635118,0.19416187527642637,0.19504643962848298,0.3865546218487395
0.2284577993813522,0.19531595227574017,0.18912947414935927,0.3870967741935484
0.23210315695864828,0.1956425077812361,0.20142285460204534,0.37083148065807026
0.23165340406719717,0.1918656056587091,0.20512820512820512,0.3713527851458886
0.22961657117672984,0.19127368884971352,0.2009695901278096,0.378140149845747
0.22759856630824374,0.18951612903225806,0.20698924731182797,0.37589605734767023
0.22819383259911893,0.19559471365638767,0.20748898678414096,0.36872246696035244
0.242091388400703,0.19551845342706503,0.19727592267135324,0.36511423550087874
0.24845814977973568,0.19118942731277533,0.19427312775330396,0.366079295154185
0.2481335090030742,0.19148001756697408,0.19587176108915239,0.3645147123407993
0.25196850393700787,0.19335083114610674,0.194663167104112,0.3600174978127734
0.25587583148558757,0.19334811529933482,0.18713968957871396,0.36363636363636365
0.25252082419991234,0.19114423498465585,0.18939061814993424,0.3669443226654976
0.24889282550930025,0.19087688219663418,0.19220549158547387,0.36802480070859167
0.25675077467906154,0.18813634351482958,0.18857901726427623,0.3665338645418327
0.25377107364685003,0.19254658385093168,0.1881100266193434,0.36557231588287487
0.2523158359064843,0.19144243493603882,0.1839435377150419,0.3722981914424349
0.2535149384885764,0.19244288224956063,0.18673110720562391,0.36731107205623903
0.25385632437197003,0.18951079770824153,0.1886293521375055,0.36800352578228296
0.24955985915492956,0.1954225352112676,0.19102112676056338,0.36399647887323944
0.2521045635799734,0.19184758529020823,0.18564466105449712,0.37040319007532124
0.2503288031565103,0.18763700131521263,0.19245944761069705,0.36957474791758
0.2550660792951542,0.1894273127753304,0.18722466960352424,0.3682819383259912
0.25419240953221534,0.18402471315092675,0.18976169461606354,0.3720211827007944
0.24966916629907365,0.19144243493603882,0.1879135421261579,0.3709748566387296
0.25077812361049356,0.18674966651845265,0.19964428634948866,0.3628279235215651
0.2484526967285588,0.1905393457117595,0.19938107869142352,0.3616268788682582
0.2527520915896081,0.18714222809335096,0.19682959048877147,0.3632760898282695
0.25196850393700787,0.18591426071741032,0.19510061242344706,0.3670166229221347
0.2577680525164114,0.19037199124726478,0.1886214442013129,0.36323851203501095
0.25362000877577884,0.19262834576568671,0.19306713470820536,0.3606845107503291
0.25354609929078015,0.1875,0.18882978723404256,0.3701241134751773
0.25457715780296425,0.1843940714908457,0.1896251089799477,0.3714036617262424
0.25419240953221534,0.18137687555163284,0.19020300088261252,0.37422771403353927
0.2537577365163572,0.18037135278514588,0.1883289124668435,0.3775419982316534
0.2575558475689882,0.18134034165571616,0.18528252299605782,0.37582128777923784
0.26505494505494503,0.18373626373626373,0.1898901098901099,0.36131868131868133
0.2612372051624388,0.1882510013351135,0.18736092567868268,0.36315086782376504
0.2701612903225806,0.18369175627240145,0.18996415770609318,0.35618279569892475
0.26992514310876264,0.18405988551298988,0.18890356671070013,0.3571114046675473
0.27615248226950356,0.1870567375886525,0.19148936170212766,0.3453014184397163
0.2678809418036428,0.18924922256774768,0.1919147045757441,0.3509551310528654
0.26546731022378234,0.18604651162790697,0.1970162351908732,0.3514699429574375
0.26728723404255317,0.18927304964539007,0.18971631205673758,0.3537234042553192
0.26544021024967146,0.18528252299605782,0.19185282522996058,0.35742444152431013
0.26292725679228746,0.18492550394390886,0.1936897458369851,0.3584574934268186
0.26102292768959434,0.18606701940035272,0.19444444444444445,0.3584656084656085
0.2589676290463692,0.1815398075240595,0.194663167104112,0.3648293963254593
0.2593242650285213,0.1790258885476086,0.19262834576568671,0.3690215006581834
0.2552338530066815,0.1870824053452116,0.1870824053452116,0.3706013363028953
0.2575354609929078,0.19193262411347517,0.1804078014184397,0.3701241134751773
0.2541630148992112,0.19106047326906223,0.18054338299737072,0.37423312883435583
0.26152482269503546,0.1870567375886525,0.1848404255319149,0.36657801418439717
0.25426695842450764,0.187746170678337,0.1851203501094092,0.3728665207877462
0.258446687143484,0.18955682316805617,0.18209741114523914,0.36989907854322074
0.2582781456953642,0.19072847682119207,0.1836644591611479,0.3673289183222958
0.2620842572062084,0.18802660753880265,0.18048780487804877,0.3694013303769401
0.25263157894736843,0.18859649122807018,0.18289473684210528,0.37587719298245614
0.2484526967285588,0.1852343059239611,0.1905393457117595,0.3757736516357206
0.25166444740346205,0.18375499334221038,0.18819351975144252,0.37638703950288505
0.25132042253521125,0.18265845070422534,0.19014084507042253,0.37588028169014087
0.257404181184669,0.18249128919860627,0.1916376306620209,0.36846689895470386
0.2578809106830123,0.18739054290718038,0.19089316987740806,0.3638353765323993
0.258980044345898,0.19246119733924613,0.18580931263858094,0.36274944567627493
0.2603890362511052,0.19230769230769232,0.18346595932802828,0.36383731211317416
0.2565905096660808,0.19639718804920914,0.18189806678383127,0.36511423550087874
0.2641509433962264,0.19394471259324264,0.17946467749012726,0.36243966652040366
0.2642919964819701,0.19349164467897978,0.1785400175901495,0.36367634124890064
0.256978289765175,0.19361984935755427,0.17678334071776694,0.37261852015950375
0.26320384111741596,0.19467481449148843,0.17721518987341772,0.3649061545176779
0.26195699868363315,0.18911803422553752,0.1781483106625713,0.370776656428258
0.2626970227670753,0.19308231173380036,0.17732049036777583,0.36690017513134854
0.2647577092511013,0.19691629955947137,0.17312775330396477,0.3651982378854626
0.26742656729504605,0.19640508548882069,0.1731696624287593,0.36299868478737396
0.26666666666666666,0.19825708061002179,0.17254901960784313,0.3625272331154684
0.26672535211267606,0.19234154929577466,0.1817781690140845,0.3591549295774648
0.2689260563380282,0.19190140845070422,0.176056338028169,0.36311619718309857
0.26834659593280286,0.1931918656056587,0.17904509283819628,0.3594164456233422
0.27555945590171127,0.18429135585783238,0.1763931548924967,0.36375603334795964
0.2766990291262136,0.18711385701676964,0.17563989408649602,0.36054721977052073
0.27716673999120106,0.18125824901011878,0.17641882974043116,0.365156181258249
0.27991169977924946,0.1805739514348786,0.17439293598233996,0.365121412803532
0.28060097216084845,0.1789659743703049,0.17454706142288998,0.3658859920459567
0.2789473684210526,0.17543859649122806,0.1780701754385965,0.3675438596491228
0.27086063783311487,0.17780690257754478,0.18829183049366535,0.36304062909567497
0.2692307692307692,0.1768346595932803,0.1900972590627763,0.36383731211317416
0.26938239159001315,0.1765221200175208,0.18922470433639949,0.3648707840560666
0.26775474194971327,0.17600352889280987,0.1945302161446846,0.36171151301279225
0.2664024658740643,0.17745486569793043,0.1955085865257596,0.3606340819022457
0.2739606126914661,0.1785557986870897,0.19080962800875273,0.35667396061269147
0.27025843188786686,0.17958826106000875,0.19579500657030224,0.35435830048182215
0.26938239159001315,0.17958826106000875,0.19316688567674112,0.357862461673237
0.2687937062937063,0.17744755244755245,0.1888111888111888,0.36494755244755245
0.27047366091190794,0.1752988047808765,0.19167773351040282,0.36254980079681276
0.2688219663418955,0.1767050487156776,0.18689105403011513,0.3675819309123118
0.2749890877346137,0.16455696202531644,0.18856394587516367,0.37189000436490616
0.27107364685004437,0.16548358473824312,0.19254658385093168,0.37089618456078083
0.26784140969162995,0.16740088105726872,0.1947136563876652,0.3700440528634361
0.25886524822695034,0.16622340425531915,0.19592198581560283,0.37898936170212766
0.2625994694960212,0.16224580017683465,0.1927497789566755,0.3824049513704686
0.2605820105820106,0.16137566137566137,0.1948853615520282,0.38315696649029984
0.2598669623059867,0.1662971175166297,0.19113082039911308,0.3827050997782705
0.25904677846425417,0.16548984995586938,0.1884377758164166,0.38702559576345985
0.26294995610184374,0.17120280948200176,0.1826163301141352,0.38323090430201934
0.2658782303985983,0.17520805957074026,0.17915024091108192,0.3797634691195795
0.2657281126264848,0.17685877694676638,0.1803783545974483,0.37703475582930046
0.26745718050065875,0.181379007465964,0.17830478700043917,0.37285902503293805
0.2683251888049756,0.17947578853842736,0.18436250555308753,0.36783651710350956
0.2694323144104803,0.17248908296943233,0.18384279475982532,0.374235807860262
0.2719259585720582,0.17320405464962538,0.17981489643014545,0.375055090348171
0.27292672224659936,0.1755155770074594,0.17770952172005267,0.37384817902588857
0.27615248226950356,0.17597517730496454,0.17597517730496454,0.37189716312056736
0.27678181023174464,0.17490161783996502,0.17839965019676432,0.369916921731526
0.27388815499779834,0.17437252311756934,0.17965653896961692,0.3720827829150154
0.2800528401585205,0.17393218846323205,0.17921620431527963,0.3667987670629679
0.2780678851174935,0.170147954743255,0.185378590078329,0.36640557006092256
0.2827616534740545,0.1706244503078276,0.18293755496921724,0.36367634124890064
0.2856516015796402,0.1763931548924967,0.1834137779727951,0.354541465555068
0.28998242530755713,0.1735500878734622,0.18101933216168717,0.3554481546572935
0.28993821712268314,0.17299205648720212,0.18446601941747573,0.352603706972639
0.2854625550660793,0.1762114537444934,0.17973568281938326,0.3585903083700441
0.284,0.17555555555555555,0.18266666666666667,0.35777777777777775
0.2876712328767123,0.172779496243924,0.18338488731771985,0.3561643835616438
0.2883082373782108,0.1705048715677591,0.18024800708591673,0.36093888396811336
0.28753292361720806,0.17339771729587358,0.1826163301141352,0.35645302897278314
0.2900662251655629,0.1717439293598234,0.18498896247240618,0.35320088300220753
0.2898936170212766,0.16932624113475178,0.1870567375886525,0.3537234042553192
0.28925254312251214,0.17072091994692615,0.18575851393188855,0.35426802299867316
0.2901805372082783,0.17217084984588288,0.18405988551298988,0.35358872743284897
0.289588801399825,0.163167104111986,0.18678915135608049,0.36045494313210846
0.28790534618755476,0.16958808063102543,0.1831726555652936,0.3593339176161262
0.2894158981115503,0.16556873078612208,0.17830478700043917,0.36671058410188845
0.2868421052631579,0.17017543859649123,0.17850877192982456,0.36447368421052634
0.2809734513274336,0.16769911504424778,0.181858407079646,0.3694690265486726
0.2792236435818262,0.16718129686810762,0.17865019850022057,0.3749448610498456
0.2875498449268941,0.16614975631369075,0.17634027470093044,0.3699601240584847
0.28292682926829266,0.16186252771618626,0.18004434589800444,0.37516629711751664
0.27807486631016043,0.16042780748663102,0.1800356506238859,0.38146167557932265
0.2833186231244484,0.16107678729037953,0.17475728155339806,0.3808473080317741
0.28824049513704686,0.15915119363395225,0.17108753315649866,0.38152077807250223
0.2912280701754386,0.15263157894736842,0.1736842105263158,0.3824561403508772
0.2909330985915493,0.15625,0.16681338028169015,0.38600352112676056
0.2987297415681121,0.15462111257117828,0.17170389837932545,0.37494524748138414
0.2969858156028369,0.15647163120567376,0.17154255319148937,0.375
0.2993854258121159,0.15803336259877085,0.17295873573309922,0.36962247585601404
0.3039041703637977,0.16104702750665484,0.1668145519077196,0.3682342502218279
0.30833333333333335,0.15570175438596492,0.16710526315789473,0.368859649122807
0.30603258476442097,0.1571994715984148,0.17084984588287097,0.36591809775429324
0.3107394366197183,0.15845070422535212,0.16857394366197184,0.36223591549295775
0.30823737821080605,0.15810451727192207,0.16563330380868024,0.36802480070859167
0.3062862238074008,0.16094516272848863,0.16674097191261703,0.36602764155149353
0.30296329057938964,0.15524104378593542,0.167624944714728,0.3741707209199469
0.30013339261894173,0.15695864828812806,0.1707425522454424,0.3721654068474878
0.30140597539543057,0.15641476274165203,0.179701230228471,0.3624780316344464
0.3038309114927345,0.1576398062527521,0.18273888154997797,0.35579040070453544
0.30577427821522307,0.1609798775153106,0.17979002624671916,0.35345581802274717
0.3084070796460177,0.16238938053097346,0.18053097345132743,0.3486725663716814
0.3181019332161687,0.15641476274165203,0.17706502636203866,0.3484182776801406
0.31721384205856257,0.15527950310559005,0.17080745341614906,0.3566992014196983
0.30826737027264733,0.1565523306948109,0.17766051011433598,0.3575197889182058
0.3072502210433245,0.15605658709106984,0.1839080459770115,0.35278514588859416
0.305835892935498,0.15620886353663888,0.18560772268538833,0.3523475208424748
0.3020604997807979,0.1569487067075844,0.18895221394125383,0.3520385795703639
0.2965914121292607,0.15980522355024346,0.18946436476316955,0.35413899955732625
0.30154525386313463,0.1576158940397351,0.18719646799116998,0.3536423841059603
0.2988556338028169,0.16065140845070422,0.1875,0.3529929577464789
0.29916040653999115,0.1657092355280601,0.18426866990720284,0.35086168802474593
0.3007518796992481,0.16629809818664307,0.18531623175586023,0.34763379035824854
0.303886925795053,0.16563604240282687,0.19037102473498232,0.3401060070671378
0.30623066725585507,0.15642951833848873,0.18692001767565178,0.3504197967300044
0.30721558211598055,0.1593625498007968,0.19123505976095617,0.3421868083222665
0.3054448871181939,0.15980522355024346,0.18946436476316955,0.3452855245683931
0.3093873953283385,0.15513442044953724,0.1859850154252975,0.3494931687968268
0.30935569285083847,0.15975286849073256,0.18314210061782876,0.34774933804060015
0.3142857142857143,0.15956043956043955,0.1789010989010989,0.34725274725274724
0.3138815207780725,0.15473032714412024,0.1799292661361627,0.35145888594164454
0.3148804251550044,0.15721877767936226,0.18113374667847654,0.3467670504871568
0.3110720562390158,0.1577328646748682,0.18014059753954306,0.3510544815465729
0.31132487975513773,0.1565369479667687,0.18058592041976387,0.35155225185832967
0.30630233583076244,0.15601586602027326,0.18245923314235346,0.35522256500661087
0.30949227373068433,0.1554083885209713,0.18631346578366445,0.3487858719646799
0.3158125273762593,0.15024091108190976,0.18703460359176521,0.3469119579500657
0.3133159268929504,0.15230635335073978,0.18929503916449086,0.34508268059181896
0.3167701863354037,0.14906832298136646,0.1881100266193434,0.3460514640638864
0.31408573928258965,0.14785651793525809,0.18853893263342084,0.34951881014873143
0.3210479573712256,0.13943161634103018,0.18872113676731794,0.35079928952042627
0.31980591089545657,0.14203793559770622,0.18967798853109838,0.34847816497573886
0.318808359270787,0.14228546020453534,0.19341929746554024,0.3454868830591374
0.3148558758314856,0.1401330376940133,0.1942350332594235,0.3507760532150776
0.31359649122807015,0.14166666666666666,0.193859649122807,0.3508771929824561
0.3136907399202481,0.1329198050509526,0.1958351794417368,0.3575542755870625
0.3117283950617284,0.1318342151675485,0.19400352733686066,0.36243386243386244
0.30978499341816584,0.13777972795085563,0.1961386573058359,0.3562966213251426
0.31352549889135256,0.13126385809312638,0.19689578713968958,0.3583148558758315
0.307487815684537,0.13646433318564466,0.19805050952591935,0.35799734160389896
0.30492676431424764,0.1380381713271194,0.2010652463382157,0.3559698180204172
0.3085339168490153,0.13916849015317287,0.19824945295404814,0.35404814004376367
0.3129973474801061,0.1374889478337754,0.19363395225464192,0.35587975243147657
0.31553610503282276,0.137417943107221,0.1912472647702407,0.3557986870897155
0.3212549712770658,0.13256738842244808,0.18868758285461776,0.3574900574458683
0.31968295904887717,0.13474240422721268,0.19154557463672392,0.35402906208718626
0.31766256590509667,0.1335676625659051,0.19332161687170474,0.3554481546572935
0.31954225352112675,0.1382042253521127,0.19410211267605634,0.34815140845070425
0.3126094570928196,0.13704028021015763,0.19264448336252188,0.3577057793345009
0.3165057067603161,0.1360842844600527,0.19139596136962247,0.3560140474100088
0.31327433628318585,0.1424778761061947,0.18849557522123894,0.35575221238938054
0.3129432624113475,0.1422872340425532,0.18838652482269502,0.35638297872340424
0.3132209405501331,0.1419698314108252,0.18101153504880213,0.36379769299023956
0.30572687224669604,0.14801762114537445,0.18193832599118942,0.36431718061674007
0.30674305861613044,0.14587924195680918,0.18466284706919348,0.3627148523578669
0.31230969986950846,0.14702044367116138,0.18181818181818182,0.3588516746411483
0.31125827814569534,0.14613686534216336,0.18189845474613686,0.36070640176600444
0.3134394341290893,0.14677276746242263,0.1825817860300619,0.3572060123784262
0.3205298013245033,0.1487858719646799,0.18101545253863136,0.34966887417218545
0.3174880069777584,0.14871347579590058,0.18098560837331007,0.35281290885303096
0.3221978021978022,0.14505494505494507,0.18417582417582418,0.3485714285714286
0.3242170269078077,0.14733127481252756,0.18306131451257168,0.3453903837670931
0.3252959228408593,0.1464270056992547,0.1841297676457694,0.3441473038141166
0.3254988913525499,0.14323725055432374,0.18580931263858094,0.34545454545454546
0.3295254833040422,0.14103690685413006,0.18673110720562391,0.3427065026362039
0.3331879633667684,0.13955516790231137,0.18752725686873092,0.33972961186218925
0.3348174532502226,0.14069456812110417,0.188780053428317,0.3357079252003562
0.3280212483399734,0.1407702523240372,0.18415227976980966,0.3470562195661797
0.32773851590106007,0.13780918727915195,0.1872791519434629,0.3471731448763251
0.323477493380406,0.13415710503089143,0.1879964695498676,0.35436893203883496
0.32419283502874835,0.1375497567448032,0.18752764263600177,0.3507297655904467
0.32848324514991184,0.13315696649029982,0.19223985890652556,0.3461199294532628
0.32778264680105174,0.13628396143733568,0.19281332164767748,0.34312007011393514
0.32149200710479575,0.13898756660746003,0.19493783303730017,0.34458259325044405
0.33231307389593356,0.13161346742457367,0.19064276344556186,0.34543069523393094
0.32744924977934686,0.13636363636363635,0.1910856134157105,0.3451015004413063
0.3292144748455428,0.13371579876434245,0.19329214474845544,0.34377758164165934
0.3292415607189829,0.12582200789127576,0.19772029811486191,0.34721613327487943
0.3359442993907746,0.12706701479547433,0.19538729329852045,0.34160139251523064
0.3319964349376114,0.12834224598930483,0.19518716577540107,0.3444741532976827
0.3321632294866169,0.12856516015796401,0.1899956121105748,0.34927599824484423
0.3355525965379494,0.12694185530403906,0.19174434087882822,0.3457612072791833
0.3285087719298246,0.13201754385964912,0.19517543859649122,0.3442982456140351
0.3327518534670737,0.1303968600087222,0.19406890536415178,0.34278238116005233
0.3346473937801139,0.12921594393342092,0.19667104686815592,0.3394656154183092
0.33598233995584986,0.12847682119205298,0.19735099337748344,0.33818984547461367
0.33524734982332155,0.1333922261484099,0.1956713780918728,0.33568904593639576
0.33464052287581697,0.12766884531590414,0.19389978213507625,0.3437908496732026
0.33627537511032657,0.12312444836716681,0.19196822594880847,0.34863195057369817
0.33392382639503987,0.1271036315323295,0.18954827280779452,0.34942426926483616
0.3291028446389497,0.12954048140043764,0.1851203501094092,0.3562363238512035
0.33348017621145376,0.126431718061674,0.1881057268722467,0.3519823788546256
0.33641160949868076,0.1266490765171504,0.18601583113456466,0.35092348284960423
0.3381578947368421,0.12456140350877193,0.17982456140350878,0.3574561403508772
0.33140826299422477,0.1310528653931586,0.17903154153709464,0.358507330075522
0.32788334069818825,0.1316836058329651,0.1864781263809103,0.35395492708793636
0.3315696649029982,0.1283068783068783,0.18474426807760141,0.35537918871252205
0.3186470850022252,0.1317311971517579,0.1824655095683133,0.3671562082777036
0.3240863055922501,0.12681638044914134,0.1805372082782915,0.36856010568031705
0.3147497805092186,0.13169446883230904,0.18525021949078138,0.36830553116769094
0.3201407211961302,0.13060686015831136,0.1785400175901495,0.370712401055409
0.32391206819201435,0.13593539703903096,0.17496635262449528,0.3651861821444594
0.31654034774855105,0.13642443156486847,0.1761034329023629,0.3709317877842176
0.31733333333333336,0.13422222222222221,0.176,0.37244444444444447
0.32123893805309733,0.1323008849557522,0.17831858407079645,0.368141592920354
0.32286598850066345,0.1309155241043786,0.17779743476337903,0.3684210526315789
0.33113166006164685,0.12945838837516513,0.17084984588287097,0.36856010568031705
0.33274725274725275,0.12967032967032968,0.1731868131868132,0.3643956043956044
0.33318719859710655,0.12582200789127576,0.17229285401139852,0.36869793950021923
0.34469200524246396,0.12057667103538663,0.1690694626474443,0.3656618610747051
0.33865248226950356,0.12234042553191489,0.17553191489361702,0.36347517730496454
0.34914950760966873,0.12444046553267682,0.16875559534467324,0.3576544315129812
0.3444347063978966,0.12226117440841368,0.1722173531989483,0.36108676599474143
0.3510778706555213,0.12318521777386714,0.1680598328200616,0.35767707875054994
0.3504161191414805,0.12264564169951818,0.16907577748576436,0.357862461673237
0.3525243578387954,0.12178919397697077,0.16474756421612047,0.36093888396811336
0.34420449537241077,0.12208021154693698,0.17320405464962538,0.3605112384310269
0.34458570802279703,0.12362998684787374,0.1714160455940377,0.36036825953529156
0.33915320820602357,0.12789175032736796,0.17372326494980359,0.3592317765168049
0.33584738243123335,0.13309671694764863,0.1756876663708962,0.35536823425022185
0.3327510917030568,0.13187772925764193,0.17685589519650655,0.35851528384279474
0.3282275711159737,0.12997811816192562,0.18336980306345732,0.3584245076586433
0.3299737072743208,0.1266432953549518,0.18448729184925505,0.3588957055214724
0.3277310924369748,0.12560813799203893,0.18620079610791684,0.36045997346306946
0.3333333333333333,0.13024282560706402,0.1836644591611479,0.35275938189845474
0.34449339207048457,0.13083700440528634,0.17973568281938326,0.3449339207048458
0.3492970123022847,0.13093145869947276,0.17926186291739896,0.3405096660808436
0.3542126157917953,0.1310101455668284,0.18438464931627702,0.33039258932509924
0.3453585569731632,0.13462384513858336,0.18565772107347117,0.33435987681478224
0.35417577612592915,0.13030170529077395,0.1810231744643638,0.3344993441189331
0.34803705337450375,0.13983237759153067,0.17644464049404499,0.3356859285399206
0.34523809523809523,0.13756613756613756,0.17372134038800705,0.34347442680776014
0.35190097259062775,0.138815207780725,0.17329796640141468,0.3359858532272325
0.35223748338502436,0.14133805937084626,0.1692512184315463,0.3371732388125831
0.351493848857645,0.13884007029876977,0.16915641476274165,0.3405096660808436
0.34973867595818814,0.13937282229965156,0.16550522648083624,0.34538327526132406
0.34656084656084657,0.14153439153439154,0.1693121693121693,0.3425925925925926
0.3467137185707984,0.14292015880017644,0.17115130127922365,0.3392148213498015
0.345558992487848,0.14405656208572692,0.16880247459125056,0.34158197083517455
0.34692982456140353,0.14298245614035088,0.16798245614035087,0.34210526315789475
0.34630694383016364,0.14153029632905795,0.167624944714728,0.3445378151260504
0.34722838137472284,0.13791574279379157,0.16984478935698447,0.3450110864745011
0.34524847428073235,0.13905841325196164,0.16826503923278116,0.34742807323452485
0.34452682075883123,0.141735717400785,0.16964675098124726,0.3440907108591365
0.3469119579500657,0.1392904073587385,0.16819973718791065,0.3455978975032852
0.34395750332005315,0.1385568835768039,0.16600265604249667,0.3514829570606463
0.34797891036906853,0.1375219683655536,0.1665202108963093,0.34797891036906853
0.3527580071174377,0.14101423487544484,0.1601423487544484,0.34608540925266906
0.35178727114210984,0.13862249346120314,0.16172624237140365,0.34786399302528337
0.3531468531468531,0.13986013986013987,0.15821678321678323,0.3487762237762238
0.3581497797356828,0.1356828193832599,0.1616740088105727,0.34449339207048457
0.35726872246696034,0.14052863436123347,0.15947136563876652,0.34273127753303967
0.3630769230769231,0.1432967032967033,0.15868131868131868,0.33494505494505494
0.3634380453752182,0.14354275741710296,0.15794066317626526,0.33507853403141363
0.35883905013192613,0.14116094986807387,0.15963060686015831,0.3403693931398417
0.35682624113475175,0.13962765957446807,0.15868794326241134,0.3448581560283688
0.3587385019710907,0.14235654840122647,0.15943933420937362,0.3394656154183092
0.3653250773993808,0.1393188854489164,0.15789473684210525,0.33746130030959753
0.36194690265486723,0.13628318584070798,0.1570796460176991,0.34469026548672566
0.3617957746478873,0.13556338028169015,0.1602112676056338,0.34242957746478875
0.3558498896247241,0.1390728476821192,0.15805739514348785,0.34701986754966885
0.3576803895528995,0.13899955732625055,0.16201859229747675,0.34130146082337315
0.35907504363001747,0.1431064572425829,0.16012216404886562,0.337696335078534
0.3554083885209713,0.14437086092715232,0.16114790286975716,0.3390728476821192
0.3547818422212428,0.14587924195680918,0.15866020273248127,0.34067871308946673
0.36323658751099386,0.14467897977132807,0.15391380826737028,0.3381706244503078
0.36773065150852646,0.14341932662877133,0.15128989943156973,0.3375601224311325
0.36459709379128136,0.1444297666226332,0.154557463672391,0.3364156759136944
0.3664188893747267,0.1464801049409707,0.14997813729777001,0.33712286838653255
0.36862917398945516,0.14455184534270651,0.1546572934973638,0.3321616871704745
0.36530880420499345,0.1427945685501533,0.15418309242225142,0.33771353482260186
0.3657142857142857,0.1397802197802198,0.15296703296703296,0.3415384615384615
0.36619718309859156,0.14128521126760563,0.15492957746478872,0.33758802816901406
0.37056737588652483,0.14317375886524822,0.15647163120567376,0.32978723404255317
0.3631624674196351,0.14118158123370983,0.158992180712424,0.3366637706342311
0.36168347216133273,0.1451117930732135,0.15914072775098642,0.3340640070144673
0.3595555555555556,0.14222222222222222,0.16133333333333333,0.3368888888888889
0.35789473684210527,0.14298245614035088,0.16359649122807018,0.3355263157894737
0.35919790758500436,0.14298169136878813,0.16172624237140365,0.33609415867480386
0.3607791057990261,0.13988490482514387,0.15803452855245684,0.34130146082337315
0.36472678809418035,0.13593958240781875,0.1572634384717903,0.34207019102621056
0.3569530558015943,0.13817537643932684,0.15943312666076173,0.3454384410983171
0.3581497797356828,0.1356828193832599,0.16255506607929515,0.3436123348017621
0.34525386313465783,0.13554083885209714,0.1673289183222958,0.3518763796909492
0.33992094861660077,0.13658322353974528,0.16908212560386474,0.3544137022397892
0.34365325077399383,0.13666519239274658,0.1667403803626714,0.35294117647058826
0.345636126791142,0.1350412505427703,0.16109422492401215,0.35822839774207554
0.34390136503742846,0.13738441215323646,0.16204315279612505,0.35667107001321
0.34684883208461875,0.13486117232260908,0.16483032172763332,0.3534596738651388
0.34328358208955223,0.1334503950834065,0.16154521510096576,0.3617208077260755
0.34172185430463575,0.1337748344370861,0.16158940397350993,0.3629139072847682
0.3347978910369069,0.13884007029876977,0.1625659050966608,0.36379613356766255
