C,D,Oc,Od
1.0,0.0,0.0,0.0
1.0,0.0,0.0,0.0
0.8,0.2,0.0,0.0
0.8571428571428571,0.14285714285714285,0.0,0.0
0.8,0.2,0.0,0.0
0.7692307692307693,0.15384615384615385,0.07692307692307693,0.0
0.7647058823529411,0.11764705882352941,0.11764705882352941,0.0
0.8260869565217391,0.08695652173913043,0.043478260869565216,0.043478260869565216
0.8620689655172413,0.06896551724137931,0.034482758620689655,0.034482758620689655
0.8780487804878049,0.024390243902439025,0.07317073170731707,0.024390243902439025
0.8695652173913043,0.043478260869565216,0.06521739130434782,0.021739130434782608
0.8833333333333333,0.03333333333333333,0.05,0.03333333333333333
0.8933333333333333,0.02666666666666667,0.04,0.04
0.9111111111111111,0.03333333333333333,0.022222222222222223,0.03333333333333333
0.8981481481481481,0.027777777777777776,0.027777777777777776,0.046296296296296294
0.9256198347107438,0.03305785123966942,0.01652892561983471,0.024793388429752067
0.9357142857142857,0.02142857142857143,0.014285714285714285,0.02857142857142857
0.9418604651162791,0.01744186046511628,0.011627906976744186,0.029069767441860465
0.9312169312169312,0.026455026455026454,0.015873015873015872,0.026455026455026454
0.9362745098039216,0.024509803921568627,0.00980392156862745,0.029411764705882353
0.9353448275862069,0.021551724137931036,0.01293103448275862,0.03017241379310345
0.9341085271317829,0.01937984496124031,0.015503875968992248,0.031007751937984496
0.9275862068965517,0.027586206896551724,0.013793103448275862,0.03103448275862069
0.9221183800623053,0.040498442367601244,0.012461059190031152,0.024922118380062305
0.9265536723163842,0.03672316384180791,0.011299435028248588,0.025423728813559324
0.9338624338624338,0.031746031746031744,0.007936507936507936,0.026455026455026454
0.9392523364485982,0.030373831775700934,0.007009345794392523,0.02336448598130841
0.933184855233853,0.0334075723830735,0.0066815144766146995,0.026726057906458798
0.9369918699186992,0.026422764227642278,0.012195121951219513,0.024390243902439025
0.9371534195933456,0.024029574861367836,0.014787430683918669,0.024029574861367836
0.9471890971039182,0.018739352640545145,0.01192504258943782,0.022146507666098807
0.9361370716510904,0.02336448598130841,0.020249221183800622,0.020249221183800622
0.9378612716763006,0.02023121387283237,0.02167630057803468,0.02023121387283237
0.9385026737967914,0.0213903743315508,0.0213903743315508,0.01871657754010695
0.9421182266009852,0.023399014778325122,0.01847290640394089,0.01600985221674877
0.9407665505226481,0.024390243902439025,0.017421602787456445,0.017421602787456445
0.9378349410503751,0.030010718113612004,0.01714898177920686,0.015005359056806002
0.9411764705882353,0.028397565922920892,0.015212981744421906,0.015212981744421906
0.9412322274881516,0.025592417061611375,0.013270142180094787,0.01990521327014218
0.946584938704028,0.02276707530647986,0.01138353765323993,0.01926444833625219
0.9433497536945813,0.025451559934318555,0.011494252873563218,0.019704433497536946
0.9443173150266971,0.02288329519450801,0.010678871090770405,0.02212051868802441
0.9485507246376812,0.021014492753623187,0.010869565217391304,0.01956521739130435
0.9474775397373877,0.021423635107118175,0.008984105044920525,0.0221147201105736
0.9505851755526658,0.018205461638491547,0.00975292587776333,0.021456436931079324
0.9424860853432282,0.0191713048855906,0.009894867037724181,0.02844774273345702
0.9419695193434936,0.01992966002344666,0.011723329425556858,0.02637749120750293
0.9378179762577727,0.020915771622385528,0.013566986998304126,0.027699265121537593
0.9316192560175055,0.022428884026258207,0.01477024070021882,0.031181619256017507
0.9274066280904787,0.022619673855865333,0.015255128879537085,0.034718569174118884
0.9218590398365679,0.021961184882533197,0.01634320735444331,0.03983656792645557
0.9230004967709886,0.02136115250869349,0.015399900645802286,0.040238450074515646
0.9218825812712276,0.021348859776807377,0.016982047549733138,0.039786511402231925
0.9224586288416076,0.02033096926713948,0.018439716312056736,0.03877068557919622
0.9184138559708296,0.021422060164083864,0.018687329079307202,0.0414767547857794
0.9168937329700273,0.022252497729336965,0.018619436875567667,0.04223433242506812
0.9122171945701357,0.02171945701357466,0.019909502262443438,0.046153846153846156
0.9110017889087657,0.024150268336314847,0.017889087656529516,0.046958855098389984
0.9059561128526645,0.02328705776981639,0.02239140170174653,0.0483654276757725
0.9062912450505939,0.024637043554773426,0.02199736031676199,0.047074351077870655
0.9038891372373715,0.02592758158247653,0.02011622708985248,0.05006705409029951
0.9019784172661871,0.026079136690647483,0.02158273381294964,0.050359712230215826
0.8969346956908041,0.02621057307863172,0.023989338071968014,0.05286539315859618
0.8907970057243505,0.03126376045794804,0.02553940995156319,0.05239982386613826
0.8959356855739169,0.030817329164805715,0.025011165698972757,0.0482358195623046
0.8935123042505593,0.033109619686800894,0.02371364653243848,0.049664429530201344
0.885980479148181,0.03194321206743567,0.02883762200532387,0.05323868677905945
0.8868258178603006,0.03359858532272325,0.026967285587975242,0.052608311229000886
0.8870822041553749,0.03116531165311653,0.026196928635953028,0.05555555555555555
0.8873429084380611,0.03231597845601436,0.027378815080789945,0.05296229802513465
0.8884940026654821,0.029764549089293647,0.02576632607729898,0.05597512216792536
0.8844957796534874,0.028431808085295423,0.02576632607729898,0.06130608618391826
0.8826966292134831,0.03056179775280899,0.02606741573033708,0.060674157303370786
0.880791722896986,0.029239766081871343,0.027440395861448492,0.0625281151596941
0.8857913669064749,0.02697841726618705,0.027428057553956834,0.0598021582733813
0.8845462713387242,0.026504941599281222,0.027403414195867025,0.06154537286612758
0.8813786929274844,0.02864816472694718,0.026410026857654433,0.06356311548791406
0.8815144766146993,0.027616926503340758,0.024944320712694878,0.06592427616926504
0.8842716711349419,0.02770330652368186,0.022341376228775692,0.06568364611260054
0.8856632425189817,0.02813756141134435,0.02009825815096025,0.06610093791871371
0.8837622005323869,0.027506654835847383,0.019964507542147295,0.06876663708961846
0.8872180451127819,0.026536930561698365,0.019460415745245468,0.06678460858027421
0.882327016306743,0.027765535478184222,0.024239753195240195,0.06566769501983252
0.8802502234137622,0.02680965147453083,0.024575513851653262,0.06836461126005362
0.8798932384341637,0.02491103202846975,0.022686832740213523,0.07250889679715303
0.8790429774036331,0.02658396101019052,0.023482498892334957,0.07089056269384138
0.8775326429536245,0.025664115263394866,0.02341287708239532,0.07339036470058533
0.874439461883408,0.02600896860986547,0.02376681614349776,0.0757847533632287
0.8709106984969054,0.027409372236958444,0.023430592396109638,0.07824933687002653
0.8711985688729875,0.02728085867620751,0.024150268336314847,0.07737030411449015
0.8727272727272727,0.026607538802660754,0.02350332594235033,0.07716186252771619
0.8674966651845265,0.02578923966207203,0.02712316585148955,0.07959092930191196
0.8620689655172413,0.026525198938992044,0.028735632183908046,0.08267020335985853
0.8577110030932391,0.0273972602739726,0.03137428192664605,0.08351745470614229
0.8550401427297056,0.028099910793933987,0.034344335414808205,0.08251561106155218
0.8534521158129176,0.027616926503340758,0.0378619153674833,0.08106904231625835
0.8580274214949137,0.026094648385670056,0.03847854931446263,0.07739938080495357
0.8512911843276937,0.02894033837934105,0.039180765805877114,0.08058771148708815
0.8519179304192686,0.029438001784121322,0.03746654772524532,0.08117752007136485
0.8499776085982983,0.03090013434841021,0.03493058665472459,0.08419167039856695
0.8418003565062389,0.03609625668449198,0.03297682709447415,0.08912655971479501
0.8444345105051408,0.03665623603039785,0.03173893607510058,0.08717031738936075
0.8478260869565217,0.03637976929902396,0.031055900621118012,0.08473824312333629
0.8425302826379543,0.036787797218483624,0.03230148048452221,0.08838043965903992
0.8448121645796064,0.03711985688729875,0.03175313059033989,0.08631484794275492
0.8446428571428571,0.03526785714285714,0.033928571428571426,0.08616071428571428
0.8310421286031042,0.03902439024390244,0.03902439024390244,0.09090909090909091
0.8299289520426287,0.03996447602131439,0.041740674955595025,0.08836589698046181
0.8268535262206148,0.0433996383363472,0.039783001808318265,0.08996383363471971
0.8282153983088563,0.04450378282153983,0.03871829105473965,0.08856252781486426
0.8276016078606521,0.047342563644484144,0.037516748548459135,0.08753907994640464
0.8255659121171771,0.04837993786063027,0.03595206391478029,0.09010208610741234
0.8247653106839518,0.0464908359409924,0.037103263299061245,0.09164059007599464
0.8237122557726465,0.044849023090586145,0.03907637655417407,0.09236234458259325
0.8252904378909741,0.043789097408400354,0.040214477211796246,0.09070598748882931
0.8247787610619469,0.04469026548672567,0.03938053097345133,0.09115044247787611
0.8217777777777778,0.042222222222222223,0.03866666666666667,0.09733333333333333
0.8174144824522435,0.0444247001332741,0.03820524211461573,0.09995557529986672
0.8119696292987941,0.041536400178651185,0.03930326038410004,0.10719071013845467
0.8145017793594306,0.042704626334519574,0.03825622775800712,0.1045373665480427
0.8129973474801061,0.03978779840848806,0.03713527851458886,0.11007957559681697
0.8135669362084457,0.038185085354896675,0.038185085354896675,0.11006289308176101
0.8149799375835934,0.03967900133749443,0.034774855104770394,0.11056620597414177
0.8118279569892473,0.039874551971326166,0.034050179211469536,0.11424731182795698
0.8076753418614909,0.03970004411116013,0.03484781649757389,0.11777679752977503
0.8018658374055975,0.03864948911594847,0.03553976010661928,0.12394491337183473
0.8039128501556247,0.03646064917741218,0.03601600711427301,0.12361049355269009
0.8023360287511231,0.03593890386343217,0.035489667565139264,0.1262353998203055
0.7975925100312082,0.03611234953187695,0.03789567543468569,0.12839946500222915
0.7920177383592018,0.03547671840354767,0.039467849223946784,0.13303769401330376
0.7871863799283154,0.03808243727598566,0.03808243727598566,0.13664874551971326
0.7903296703296703,0.03472527472527472,0.03736263736263736,0.13758241758241757
0.7839151568714097,0.03623508616880247,0.03623508616880247,0.14361467079098542
0.7842105263157895,0.03640350877192983,0.03508771929824561,0.1442982456140351
0.7782222222222223,0.03955555555555555,0.035111111111111114,0.1471111111111111
0.779899954524784,0.04047294224647567,0.03547066848567531,0.14415643474306503
0.7780289330922242,0.04294755877034358,0.033905967450271246,0.14511754068716093
0.779510022271715,0.04142538975501114,0.033853006681514475,0.14521158129175946
0.7840143691064212,0.04176021553659632,0.03637180062864841,0.13785361472833407
0.7830998644374153,0.03886127428829643,0.04021690013556258,0.13782196113872572
0.7851719517641804,0.037516748548459135,0.03707012058954891,0.14024117909781153
0.775709219858156,0.034131205673758866,0.040336879432624116,0.149822695035461
0.7789566755083996,0.03094606542882405,0.040671971706454466,0.14942528735632185
0.7774322523322967,0.03243003109729009,0.03998223011994669,0.15015548645046645
0.7787177203918076,0.032056990204808546,0.03873552983081033,0.15048975957257346
0.771685393258427,0.03550561797752809,0.04044943820224719,0.15235955056179776
0.7672452158433467,0.03693813974187806,0.04361370716510903,0.15220293724966621
0.7663427561837456,0.0353356890459364,0.045053003533568906,0.15326855123674912
0.7659384752563531,0.034329023629068214,0.041462327240303166,0.15827017387427553
0.7572512271307452,0.03614457831325301,0.041499330655957165,0.1651048639000446
0.7579276462706566,0.03528360875390799,0.04064314426083073,0.16614560071460474
0.7621164962205424,0.03468208092485549,0.04046242774566474,0.1627389951089373
0.7579276462706566,0.03573023671281822,0.04064314426083073,0.1656989727556945
0.7474017171260732,0.03615002259376412,0.04202440126525079,0.1744238590149119
0.7461093819475323,0.036905291240551356,0.03823921742996887,0.17874610938194754
0.739830129637908,0.037103263299061245,0.038891372373714796,0.18417523468931604
0.7407574391343553,0.03651938683498648,0.04147880973850315,0.1812443642921551
0.7366785079928952,0.034191829484902306,0.03818827708703375,0.19094138543516873
0.7393048128342246,0.034759358288770054,0.0374331550802139,0.18850267379679145
0.7331536388140162,0.03369272237196765,0.040880503144654086,0.19227313566936208
0.7324384787472036,0.0348993288590604,0.03847874720357942,0.1941834451901566
0.7366532077164648,0.033647375504710635,0.03992821893225662,0.18977119784656796
0.7395369545859305,0.032056990204808546,0.03829029385574354,0.19011576135351738
0.732773851590106,0.030918727915194347,0.037985865724381625,0.19832155477031801
0.7270703472840605,0.029385574354407838,0.04096170970614425,0.20258236865538737
0.7238605898123325,0.0290437890974084,0.03932082216264522,0.20777479892761394
0.7232987832356917,0.028841820639927896,0.04100946372239748,0.20684993240198288
0.7240757439134355,0.030207394048692517,0.04102795311091073,0.20468890892696123
0.7261204164780444,0.033046627433227706,0.03802625622453599,0.20280669986419195
0.7194690265486726,0.03274336283185841,0.03716814159292035,0.21061946902654868
0.721830985915493,0.03389084507042254,0.035651408450704226,0.20862676056338028
0.7204636647347302,0.036558181007579134,0.034774855104770394,0.20820329915292018
0.7168141592920354,0.04026548672566372,0.034513274336283185,0.2084070796460177
0.7151785714285714,0.03794642857142857,0.034375,0.2125
0.7168888888888889,0.037333333333333336,0.03244444444444444,0.21333333333333335
0.7154398563734291,0.036355475763016155,0.03231597845601436,0.21588868940754039
0.7122040072859745,0.0377959927140255,0.033697632058287796,0.2163023679417122
0.704932735426009,0.037219730941704034,0.03139013452914798,0.226457399103139
0.7010771992818672,0.036355475763016155,0.03141831238779174,0.23114901256732495
0.6962929879410451,0.038856632425189816,0.03260384100044663,0.23224653863331846
0.6973451327433628,0.03672566371681416,0.035398230088495575,0.23053097345132742
0.6977160770264218,0.03761755485893417,0.03403493058665472,0.23063143752798926
0.6942703670546105,0.03939122649955237,0.03357206803939123,0.23276633840644584
0.6916555109326193,0.03971441320838911,0.03302097278000892,0.23560910307898258
0.6947700631199278,0.03922452660054103,0.033363390441839495,0.23264201983769162
0.6964285714285714,0.04151785714285714,0.032589285714285716,0.2294642857142857
0.6885393258426966,0.04359550561797753,0.03460674157303371,0.23325842696629215
0.6877523553162853,0.04531179901301032,0.0354419021982952,0.23149394347240915
0.6891771019677997,0.042486583184257604,0.03577817531305903,0.23255813953488372
0.6815542652970076,0.044662795891022775,0.03841000446627959,0.23537293434569004
0.6845397676496873,0.040214477211796246,0.03753351206434316,0.23771224307417338
0.6868596881959911,0.039198218262806235,0.03608017817371938,0.2378619153674833
0.6896857016378929,0.038955289951305885,0.03408587870739265,0.23727312970340858
0.6808888888888889,0.041777777777777775,0.03288888888888889,0.24444444444444444
0.673787271918113,0.04227859368046284,0.03382287494437027,0.25011125945705387
0.6737967914438503,0.04233511586452763,0.0338680926916221,0.25
0.672514619883041,0.04048582995951417,0.033288349077822764,0.25371120107962214
0.6656165616561656,0.04095409540954095,0.034203420342034205,0.25922592259225924
0.6635720601237842,0.04111405835543767,0.03404067197170645,0.2612732095490716
0.6568364611260054,0.040214477211796246,0.035746201966041107,0.26720285969615726
0.654650645304851,0.040943480195816645,0.03382287494437027,0.2705829995549622
0.6678492239467849,0.03902439024390244,0.03325942350332594,0.2598669623059867
0.6653386454183267,0.038955289951305885,0.029659141212926073,0.26604692341744135
0.6623950508174989,0.03623508616880247,0.031816173221387536,0.2695536897923111
0.6632743362831859,0.03672566371681416,0.032300884955752215,0.2676991150442478
0.6547144754316069,0.034528552456839307,0.034528552456839307,0.27622841965471445
0.6517256835499776,0.033168982519049754,0.035410129986553115,0.27969520394441955
0.6505808757819481,0.032171581769437,0.03485254691689008,0.28239499553172476
0.6540178571428571,0.03169642857142857,0.03125,0.2830357142857143
0.6491228070175439,0.03283850652271705,0.03013945119208277,0.2878992352676563
0.6521158129175947,0.0334075723830735,0.028953229398663696,0.2855233853006682
0.6477425122932499,0.03218596334376397,0.028609745194456863,0.2914617791685293
0.6522707034728406,0.032056990204808546,0.026714158504007122,0.2889581478183437
0.6449864498644986,0.03387533875338753,0.028003613369467027,0.2931345980126468
0.6411633109619687,0.0348993288590604,0.028635346756152126,0.2953020134228188
0.644325290437891,0.035299374441465595,0.028150134048257374,0.29222520107238603
0.6463963963963963,0.034684684684684684,0.027927927927927927,0.290990990990991
0.6474788041053101,0.03391343150379295,0.027219991075412762,0.29138777331548416
0.6453617399023525,0.03417665335108744,0.02574345317354638,0.2947181535730138
0.6569793042712462,0.032144429766622636,0.023337736679876705,0.28753852928225454
0.6570796460176991,0.031415929203539826,0.023451327433628318,0.28805309734513274
0.6523851590106007,0.030918727915194347,0.023409893992932862,0.29328621908127206
0.6465631929046564,0.031929046563192905,0.024390243902439025,0.29711751662971175
0.6501561802766622,0.031236055332440876,0.027666220437304774,0.2909415439535921
0.6485765124555161,0.03069395017793594,0.03113879003558719,0.28959074733096085
0.6415770609318996,0.033154121863799284,0.03136200716845878,0.2939068100358423
0.6414007092198581,0.034131205673758866,0.03102836879432624,0.29343971631205673
0.6379386939138161,0.03509551310528654,0.030208796090626388,0.29675699689027096
0.6346324180690877,0.03808680248007086,0.030558015943312665,0.2967227635075288
0.628,0.03911111111111111,0.030222222222222223,0.30266666666666664
0.625280143433438,0.04078888390856118,0.031376064545047065,0.3025549081129538
0.6163355408388521,0.037969094922737305,0.030022075055187638,0.31567328918322296
0.6179475788538428,0.037316748111950244,0.03154153709462461,0.3131941359395824
0.6108396268325189,0.03553976010661928,0.03198578409595735,0.3216348289649045
0.6130337078651685,0.03775280898876404,0.03056179775280899,0.31865168539325844
0.6096570397111913,0.0388086642599278,0.027527075812274367,0.3240072202166065
0.6088117489986649,0.03827325322652426,0.028037383177570093,0.32487761459724074
0.6074306177260519,0.03581020590868397,0.023276633840644583,0.3334825425246195
0.6064690026954178,0.035489667565139264,0.024707996406109614,0.3333333333333333
0.6068872987477638,0.03443649373881932,0.025044722719141325,0.3336314847942755
0.6061278863232682,0.03507992895204263,0.020870337477797513,0.33792184724689167
0.5964523281596452,0.03458980044345898,0.023059866962305987,0.3458980044345898
0.5991130820399113,0.03414634146341464,0.020399113082039913,0.3463414634146341
0.6041200179131213,0.03179579041648007,0.021495745633676667,0.3425884460367219
0.5985853227232537,0.032714412024756855,0.023872679045092837,0.3448275862068966
0.596420581655481,0.033109619686800894,0.023266219239373602,0.3472035794183445
0.5918185860382392,0.03334815473543797,0.024455313472654512,0.3503779457536683
0.5921169176262179,0.033215234720992026,0.02745792736935341,0.34720992028343667
0.5940285204991087,0.030303030303030304,0.027183600713012478,0.3484848484848485
0.5898123324396782,0.03127792672028597,0.028150134048257374,0.35075960679177837
0.5848214285714286,0.03214285714285714,0.029464285714285714,0.3535714285714286
0.5820295037997317,0.031291908806437195,0.033974072418417524,0.3527045149754135
0.5827017387427552,0.03120820329915292,0.03343736067766384,0.352652697280428
0.5788770053475936,0.031194295900178252,0.03431372549019608,0.35561497326203206
0.5737193763919822,0.032071269487750555,0.035634743875278395,0.3585746102449889
0.5700934579439252,0.03204272363150868,0.03382287494437027,0.36404094348019583
0.5680604982206405,0.03113879003558719,0.03336298932384341,0.36743772241992884
0.5654288240495137,0.027851458885941646,0.033156498673740056,0.3735632183908046
0.5646437994722955,0.029023746701846966,0.03386103781882146,0.37247141600703604
0.5615589016829052,0.031443755535872454,0.032329495128432244,0.3746678476527901
0.5613799283154122,0.030017921146953404,0.03181003584229391,0.3767921146953405
0.5577439570277529,0.03043867502238138,0.03043867502238138,0.38137869292748433
0.555011135857461,0.028953229398663696,0.030734966592427616,0.38530066815144765
0.5578383206788745,0.029030817329164807,0.03126395712371594,0.38186690486824476
0.5584122688317547,0.031574199368516014,0.03382949932341001,0.3761840324763194
0.5584415584415584,0.03000447828034035,0.033139274518584866,0.37841468875951634
0.5601251676352258,0.029056772463120252,0.03263299061242736,0.3781850692892266
0.5546181172291297,0.03241563055062167,0.034191829484902306,0.37877442273534634
0.55,0.032300884955752215,0.03761061946902655,0.38008849557522123
0.5493716337522442,0.03321364452423698,0.03904847396768402,0.37836624775583483
0.5523724261414503,0.03491495076096687,0.03894359892569382,0.373769024171889
0.5548617305976806,0.036574487065120426,0.03479036574487065,0.37377341659232827
0.5452518947837718,0.036558181007579134,0.034329023629068214,0.38386090057958094
0.5496629213483146,0.03910112359550562,0.03415730337078652,0.3770786516853933
0.5467497773820125,0.04007123775601069,0.033392698130008905,0.37978628673196796
0.5429079590929302,0.03823921742996887,0.03156958648288128,0.3872832369942196
0.5373201438848921,0.03597122302158273,0.03102517985611511,0.39568345323741005
0.5415178571428572,0.033928571428571426,0.029017857142857144,0.39553571428571427
0.544973544973545,0.03262786596119929,0.0291005291005291,0.3932980599647266
0.5464238116392715,0.03198578409595735,0.027543314082629944,0.3940470901821413
0.5417777777777778,0.03333333333333333,0.02711111111111111,0.3977777777777778
0.5435851586946804,0.030844881537773806,0.028609745194456863,0.39696021457308894
0.5421903052064632,0.03141831238779174,0.02872531418312388,0.3976660682226212
0.546826453617399,0.032845095428317796,0.02929427430093209,0.3910341766533511
0.5408163265306123,0.03194321206743567,0.030168589174800354,0.39707187222715173
0.5422907488986785,0.03259911894273128,0.030837004405286344,0.394273127753304
0.5474711623779946,0.030168589174800354,0.03149955634427684,0.3908606921029281
0.5442754919499105,0.03175313059033989,0.03175313059033989,0.39221824686940965
0.5390102541239411,0.03299152920196166,0.032545697726259475,0.39545251894783773
0.5424255886272767,0.030208796090626388,0.03553976010661928,0.3918258551754776
0.5492021276595744,0.028368794326241134,0.03280141843971631,0.3896276595744681
0.5473123056419369,0.027099067081297203,0.03243003109729009,0.3931585961794758
0.54,0.028444444444444446,0.03244444444444444,0.39911111111111114
0.5426802299867315,0.02786377708978328,0.03361344537815126,0.39584254754533393
0.5469933184855233,0.026280623608017816,0.03296213808463252,0.3937639198218263
0.5405284370801612,0.026421854008060904,0.032691446484549934,0.40035826242722794
0.5437665782493368,0.023872679045092837,0.03183023872679045,0.4005305039787798
0.543921916592724,0.023957409050576754,0.03149955634427684,0.40062111801242234
0.5430611334225792,0.025881302989736725,0.031236055332440876,0.3998215082552432
0.5428445229681979,0.02517667844522968,0.030035335689045935,0.4019434628975265
0.5438362260792168,0.025367156208277702,0.027147307521139297,0.40364931019136624
0.5370205173951829,0.02408563782337199,0.027207850133809098,0.41168599464763606
0.5338110165696373,0.026421854008060904,0.028660994178235557,0.41110613524406625
0.5283528352835284,0.024302430243024302,0.030153015301530153,0.4171917191719172
0.5287511230907457,0.022461814914645103,0.029649595687331536,0.4191374663072776
0.5371530886302597,0.023276633840644583,0.03043867502238138,0.40913160250671443
0.5307486631016043,0.023618538324420676,0.027629233511586453,0.4180035650623886
0.5262923351158645,0.023172905525846704,0.0285204991087344,0.42201426024955435
0.5248888888888888,0.024444444444444446,0.028,0.4226666666666667
0.5222816399286988,0.02540106951871658,0.028966131907308377,0.4233511586452763
0.5232403718459495,0.027888446215139442,0.027445772465692783,0.4214254094732182
0.5214669051878354,0.02728085867620751,0.028622540250447227,0.42262969588550986
0.5217586361597129,0.026469268730372364,0.02781516375056079,0.423956931359354
0.5205789235639982,0.028493894165535955,0.027137042062415198,0.42379014020805067
0.5077812361049355,0.03023566029346376,0.02578923966207203,0.4361938639395287
0.5051316376617582,0.03034359660865685,0.025435073627844713,0.4390896921017403
0.5029030817329165,0.026797677534613668,0.027244305493523895,0.44305493523894596
0.503769401330377,0.02394678492239468,0.028381374722838137,0.44390243902439025
0.5053428317008014,0.02315227070347284,0.029385574354407838,0.4421193232413179
0.4931506849315068,0.022978347326557666,0.03314184710561202,0.4507291206363235
0.4902654867256637,0.023893805309734513,0.03584070796460177,0.45
0.48599377501111607,0.022232103156958647,0.0377945753668297,0.4539795464650956
0.48585541086663675,0.023798832510103278,0.037269869779973056,0.4530758868432869
0.47874720357941836,0.025503355704697986,0.036241610738255034,0.4595078299776286
0.468348826914564,0.025232403718459494,0.03629924745462594,0.4701195219123506
0.4761694616063548,0.02471315092674316,0.03662842012356576,0.4624889673433363
0.47516778523489933,0.025950782997762864,0.035794183445190156,0.46308724832214765
0.4726947179946285,0.025067144136078783,0.03312444046553268,0.4691136974037601
0.4717400979083222,0.02848242100578549,0.03337783711615487,0.46639964396973743
0.47544642857142855,0.029464285714285714,0.030357142857142857,0.46473214285714287
0.47189483227561196,0.030825022665457842,0.028558476881233003,0.46872166817769717
0.4727435210008937,0.027256478999106343,0.02770330652368186,0.47229669347631814
0.46645935139937805,0.029764549089293647,0.02798756108396268,0.4757885384273656
0.46624662466246625,0.0306030603060306,0.027002700270027002,0.47614761476147616
0.4777434993389158,0.03129131776112825,0.025561921551344204,0.4654032613486117
0.48128342245989303,0.034759358288770054,0.027183600713012478,0.45677361853832443
0.4810858923008456,0.03426791277258567,0.0267022696929239,0.45794392523364486
0.4906500445235975,0.03428317008014248,0.026714158504007122,0.4483526268922529
0.48998664886515353,0.03337783711615487,0.0258121940364931,0.4508233199821985
0.48673740053050396,0.03183023872679045,0.026967285587975242,0.45446507515473034
0.48153093012906095,0.03204272363150868,0.027147307521139297,0.45927903871829107
0.4912751677852349,0.031767337807606266,0.024161073825503355,0.4527964205816555
0.4878264718902169,0.034528552456839307,0.027445772465692783,0.450199203187251
0.4865229110512129,0.03099730458221024,0.029200359389038633,0.4532794249775382
0.4801587301587302,0.029982363315696647,0.028659611992945325,0.46119929453262787
0.48329621380846327,0.029844097995545656,0.028507795100222718,0.45835189309576835
0.4809502465262214,0.03003137606454505,0.027790228597041687,0.4612281488121918
0.48473967684021546,0.0296229802513465,0.03096947935368043,0.45466786355475763
0.4878048780487805,0.0270509977827051,0.029711751662971176,0.45543237250554325
0.4878587196467991,0.026931567328918323,0.030463576158940398,0.45474613686534215
0.4920283436669619,0.027015057573073518,0.02967227635075288,0.4512843224092117
0.48428508189464364,0.029659141212926073,0.02877379371403276,0.4572819831783975
0.47703180212014135,0.03136042402826855,0.027385159010600707,0.4642226148409894
0.4836283185840708,0.033185840707964605,0.026991150442477876,0.4561946902654867
0.4864864864864865,0.03278688524590164,0.02702702702702703,0.45369960124058484
0.49843260188087773,0.032691446484549934,0.025526197939991044,0.4433497536945813
0.4917887261429206,0.032401242787394584,0.02574345317354638,0.45006657789613846
0.4944616747895436,0.02924235711120957,0.02702702702702703,0.44926894107221976
0.49019607843137253,0.026292335115864526,0.028966131907308377,0.45454545454545453
0.49372197309417043,0.0242152466367713,0.026905829596412557,0.4551569506726457
0.5015688032272524,0.024652622142536978,0.024652622142536978,0.4491259524876737
0.49318181818181817,0.024545454545454544,0.025454545454545455,0.45681818181818185
0.49553172475424484,0.025022341376228777,0.02680965147453083,0.45263628239499554
0.4913062862238074,0.02630405706642889,0.028533214444939812,0.4538564422648239
0.49864986498649866,0.025652565256525654,0.027002700270027002,0.4486948694869487
0.4917521176995096,0.025858225590726706,0.027641551493535442,0.45474810521622827
0.49443207126948774,0.022271714922048998,0.028507795100222718,0.45478841870824055
0.4969053934571176,0.021220159151193633,0.028293545534924844,0.4535809018567639
0.4937555753791258,0.02096342551293488,0.030330062444246207,0.45495093666369313
0.49843819723337796,0.02186523873270861,0.028112449799196786,0.45158411423471667
0.49244444444444446,0.024,0.028888888888888888,0.45466666666666666
0.49290150842945873,0.022626441881100266,0.030168589174800354,0.45430346051464066
0.4919642857142857,0.025892857142857145,0.029464285714285714,0.45267857142857143
0.48215878679750224,0.023639607493309546,0.03256021409455843,0.4616413916146298
0.4728334081724293,0.02469690166142793,0.0327795240233498,0.469690166142793
0.475653742110009,0.02569882777276826,0.031109107303877368,0.46753832281334534
0.4804142278253039,0.025664115263394866,0.03061683926159388,0.4633048176497073
0.47851129818342936,0.02658396101019052,0.03145768719539211,0.46344705361098804
0.4756043956043956,0.02857142857142857,0.03428571428571429,0.46153846153846156
0.4754170324846356,0.029411764705882353,0.03424056189640035,0.46093064091308167
0.4775055679287305,0.032516703786191536,0.032071269487750555,0.4579064587973274
0.4824053452115813,0.03296213808463252,0.032516703786191536,0.4521158129175947
0.4803532008830022,0.031346578366445915,0.032671081677704196,0.4556291390728477
0.4823477493380406,0.029567519858781994,0.0353045013239188,0.4527802294792586
0.484368119771026,0.028621752531924262,0.0361074416556583,0.45090268604139144
0.48631950573698146,0.028684907325684024,0.03265666372462489,0.45233892321270963
0.49094122845779936,0.03093239063190455,0.03137428192664605,0.44675209898365004
0.48631673396141767,0.0300583221175415,0.033647375504710635,0.4499775684163302
0.4895229603209987,0.029424877396344182,0.03343736067766384,0.44761480160499334
0.4880106571936057,0.03019538188277087,0.03330373001776199,0.44849023090586143
0.49642857142857144,0.034375,0.02857142857142857,0.440625
0.49490474080638014,0.03766061143110323,0.028799291094373063,0.4386353566681436
0.4897045658012534,0.03625783348254252,0.02820053715308863,0.4458370635631155
0.4853202846975089,0.035142348754448396,0.02891459074733096,0.45062277580071175
0.4823321554770318,0.03312720848056537,0.02871024734982332,0.4558303886925795
0.4803220035778175,0.03220035778175313,0.02817531305903399,0.45930232558139533
0.48419150858175247,0.031616982836495035,0.03026196928635953,0.453929539295393
0.48873873873873874,0.03153153153153153,0.025225225225225224,0.4545045045045045
0.48847517730496454,0.028812056737588652,0.02526595744680851,0.4574468085106383
0.49065836298932386,0.02802491103202847,0.02891459074733096,0.4524021352313167
0.4971072541165999,0.0262572318647085,0.02892745883400089,0.4477080551846907
0.4908359409924005,0.02637460885113992,0.028162717925793473,0.4546267322306661
0.49248452696728556,0.026083112290008842,0.029177718832891247,0.45225464190981435
0.49911504424778763,0.02654867256637168,0.025221238938053097,0.4491150442477876
0.4959964412811388,0.027580071174377226,0.02491103202846975,0.4515124555160142
0.49644760213143874,0.026198934280639432,0.023090586145648313,0.45426287744227356
0.4995567375886525,0.026152482269503546,0.024822695035460994,0.449468085106383
0.4997807978956598,0.028057869355545814,0.0263042525208242,0.4458570802279702
0.4993324432576769,0.029372496662216287,0.028037383177570093,0.4432576769025367
0.4926634059582036,0.028901734104046242,0.026233881725211204,0.4522009782125389
0.4977856510186005,0.027015057573073518,0.025686448184233834,0.44951284322409213
0.5,0.025355871886120998,0.026690391459074734,0.44795373665480426
0.5071428571428571,0.024553571428571428,0.024553571428571428,0.44375
0.5004424778761062,0.025221238938053097,0.023893805309734513,0.4504424778761062
0.5051408135896289,0.02592758158247653,0.024139472507822977,0.44479213232007153
0.5096916299559472,0.024229074889867842,0.023348017621145373,0.44273127753303965
0.5031166518254675,0.025378450578806767,0.024933214603739984,0.44657168299198574
0.5068432671081677,0.024724061810154525,0.026048565121412803,0.4423841059602649
0.5006675567423231,0.025367156208277702,0.027147307521139297,0.4468179795282599
0.5037895675434686,0.024520731163620153,0.02630405706642889,0.4453856442264824
0.5015479876160991,0.026536930561698365,0.02565236620964175,0.4462627156125608
0.5089047195013358,0.02404274265360641,0.026714158504007122,0.44033837934105075
0.5004436557231589,0.024401064773735583,0.027062999112688554,0.44809228039041704
0.5055728934462773,0.025858225590726706,0.02630405706642889,0.44226482389656707
0.509090909090909,0.026607538802660754,0.025720620842572064,0.4385809312638581
0.5004428697962799,0.02967227635075288,0.0283436669619132,0.44154118689105404
0.49977668602054487,0.030370701205895488,0.029030817329164807,0.4408217954443948
0.5033112582781457,0.029580573951434878,0.02913907284768212,0.43796909492273733
0.50330542089026,0.03129131776112825,0.030409872190392245,0.4349933891582195
0.49955436720142604,0.03253119429590018,0.029411764705882353,0.4385026737967914
0.4944469124833407,0.03287427809862283,0.029320302087960905,0.44335850733007554
0.49420160570918825,0.03256021409455843,0.029438001784121322,0.44380017841213204
0.4870996441281139,0.03202846975088968,0.028469750889679714,0.4524021352313167
0.488701816570669,0.03145768719539211,0.028356225077536552,0.45148427115640233
0.4915102770330652,0.028596961572832886,0.028596961572832886,0.451295799821269
0.48830022075055185,0.026931567328918323,0.030022075055187638,0.45474613686534215
0.49358123063302345,0.027003098716246128,0.029216467463479414,0.450199203187251
0.487248322147651,0.024161073825503355,0.030425055928411632,0.458165548098434
0.48604860486048607,0.023402340234023402,0.032403240324032405,0.45814581458145814
0.4902048085485307,0.02226179875333927,0.03250222617987533,0.45503116651825465
0.4847277556440903,0.023019034971226208,0.03010181496237273,0.46215139442231074
0.4869872077635642,0.024261138067931187,0.031318923687692984,0.4574327304808116
0.4785522788203753,0.02680965147453083,0.031724754244861486,0.46291331546023234
0.487133984028394,0.025288376220053237,0.032830523513753325,0.45474711623779945
0.4844582593250444,0.025310834813499113,0.03108348134991119,0.4591474245115453
0.48472596585804134,0.023809523809523808,0.029200359389038633,0.46226415094339623
0.4885290148448043,0.022941970310391364,0.030589293747188485,0.4579397210976158
0.48552338530066813,0.024944320712694878,0.030734966592427616,0.45879732739420936
0.48317094774136404,0.024357838795394153,0.029229406554472984,0.4632418069087688
0.47914818101153506,0.024844720496894408,0.029281277728482696,0.46672582076308783
0.48372715113687026,0.02630405706642889,0.02808738296923763,0.4618814088274632
0.48106904231625836,0.026726057906458798,0.025835189309576838,0.46636971046770603
0.4868189806678383,0.02592267135325132,0.02680140597539543,0.46045694200351495
0.4857524487978629,0.024933214603739984,0.025823686553873553,0.4634906500445236
0.4915102770330652,0.024128686327077747,0.02680965147453083,0.4575513851653262
0.4825298540468819,0.02565236620964175,0.02786377708978328,0.4639540026536931
0.490371697268249,0.02821316614420063,0.025078369905956112,0.4563367666815943
0.4870670758439281,0.02761946514686541,0.025427444103463395,0.4598860149057431
0.48867170146601513,0.027099067081297203,0.023989338071968014,0.4602398933807197
0.48915449313855686,0.0283311199645861,0.023019034971226208,0.4594953519256308
0.4910313901345291,0.02600896860986547,0.0242152466367713,0.4587443946188341
0.4885906040268456,0.025950782997762864,0.022818791946308724,0.4626398210290828
0.4865831842576029,0.029069767441860465,0.024150268336314847,0.4601967799642218
0.48661909009812665,0.025869759143621766,0.023639607493309546,0.463871543264942
0.48816435908887895,0.02590442161679321,0.023671281822242072,0.46225993747208577
0.48631673396141767,0.024674742036787798,0.023777478689995513,0.46523104531179904
0.48214285714285715,0.025,0.027232142857142858,0.465625
0.48046181172291297,0.023534635879218474,0.023090586145648313,0.47291296625222023
0.474034620505992,0.02574345317354638,0.023968042609853527,0.47625388371060806
0.4647191011235955,0.02696629213483146,0.027415730337078652,0.48089887640449436
0.45982142857142855,0.027678571428571427,0.029017857142857144,0.48348214285714286
0.46436476316954406,0.0283311199645861,0.027445772465692783,0.47985834440017705
0.4672566371681416,0.026991150442477876,0.02831858407079646,0.47743362831858405
0.4702222222222222,0.027555555555555555,0.028444444444444446,0.4737777777777778
0.4633601429848079,0.027256478999106343,0.0290437890974084,0.4803395889186774
0.4599193909538737,0.029556650246305417,0.03090013434841021,0.47962382445141066
0.4503985828166519,0.029229406554472984,0.02745792736935341,0.4929140832595217
0.45474711623779945,0.027950310559006212,0.027950310559006212,0.48935226264418813
0.45357618836072855,0.024877832074633496,0.029764549089293647,0.4917814304753443
0.4592293906810036,0.026881720430107527,0.03136200716845878,0.4825268817204301
0.45479082321187586,0.02699055330634278,0.02834008097165992,0.4898785425101215
0.45290671473636773,0.02568724650743578,0.028841820639927896,0.4925642181162686
0.46012544802867383,0.023745519713261647,0.03046594982078853,0.48566308243727596
0.45482866043613707,0.022696929238985315,0.029817534490431688,0.49265687583444595
0.44795373665480426,0.023576512455516015,0.027580071174377226,0.5008896797153025
0.44297082228116713,0.023872679045092837,0.028293545534924844,0.5048629531388152
0.4424778761061947,0.026991150442477876,0.02654867256637168,0.5039823008849558
0.445729537366548,0.027135231316725978,0.02491103202846975,0.5022241992882562
0.44033465433729635,0.02686041391457508,0.02509907529722589,0.5077058564509027
0.44291426032874276,0.02576632607729898,0.025322079075966238,0.505997334517992
0.43650088809946713,0.02886323268206039,0.025310834813499113,0.5093250444049734
0.4306177260519248,0.02730528200537153,0.025514771709937333,0.5165622202327663
0.437248771773113,0.02992407324698526,0.02456453774006253,0.5082626172398392
0.44329896907216493,0.030927835051546393,0.024204392649036306,0.5015688032272524
0.4338952972493345,0.03149955634427684,0.026619343389529725,0.5079858030168589
0.44092732946946056,0.03120820329915292,0.024520731163620153,0.5033437360677664
0.4394341290893015,0.03138815207780725,0.022988505747126436,0.5061892130857648
0.4439541041482789,0.02824360105913504,0.02471315092674316,0.5030891438658429
0.4386434627398483,0.028112449799196786,0.024542614904060688,0.5087014725568942
0.43304970891177785,0.025974025974025976,0.02239140170174653,0.5185848634124496
0.44170403587443946,0.02600896860986547,0.02062780269058296,0.5116591928251121
0.4392523364485981,0.027147307521139297,0.022696929238985315,0.5109034267912772
0.4384170742552245,0.026678523788350377,0.022232103156958647,0.5126722987994664
0.4402125775022144,0.027015057573073518,0.021257750221434897,0.5115146147032772
0.4395750332005312,0.027445772465692783,0.023019034971226208,0.5099601593625498
0.43955555555555553,0.027555555555555555,0.021777777777777778,0.5111111111111111
0.43380406001765226,0.02736098852603707,0.019858781994704325,0.5189761694616064
0.4350358422939068,0.029121863799283155,0.02060931899641577,0.5152329749103942
