C,D,Oc,Od
0.0,1.0,0.0,0.0
0.0,0.8,0.2,0.0
0.0,0.875,0.125,0.0
0.0,0.75,0.25,0.0
0.07692307692307693,0.7307692307692307,0.19230769230769232,0.0
0.10526315789473684,0.7368421052631579,0.15789473684210525,0.0
0.13333333333333333,0.6833333333333333,0.15,0.03333333333333333
0.11904761904761904,0.6785714285714286,0.14285714285714285,0.05952380952380952
0.12612612612612611,0.6486486486486487,0.16216216216216217,0.06306306306306306
0.1388888888888889,0.6319444444444444,0.1527777777777778,0.0763888888888889
0.13333333333333333,0.5833333333333334,0.17777777777777778,0.10555555555555556
0.1324200913242009,0.6027397260273972,0.1324200913242009,0.1324200913242009
0.12455516014234876,0.594306049822064,0.1494661921708185,0.13167259786476868
0.11304347826086956,0.5681159420289855,0.1681159420289855,0.15072463768115943
0.09237875288683603,0.581986143187067,0.17551963048498845,0.15011547344110854
0.10526315789473684,0.5497076023391813,0.17543859649122806,0.1695906432748538
0.10894308943089431,0.5447154471544715,0.183739837398374,0.16260162601626016
0.11479944674965421,0.5435684647302904,0.17842323651452283,0.1632088520055325
0.11616766467065869,0.5293413173652695,0.18083832335329342,0.17365269461077845
0.11777076761303891,0.5278654048370137,0.17770767613038907,0.17665615141955837
0.11926605504587157,0.518348623853211,0.181651376146789,0.18073394495412845
0.12429378531073447,0.5108958837772397,0.1848264729620662,0.17998385794995964
0.12858192505510654,0.49448934606906686,0.1880969875091844,0.1888317413666422
0.13885180240320427,0.49198931909212285,0.1842456608811749,0.184913217623498
0.14814814814814814,0.4845679012345679,0.17962962962962964,0.18765432098765433
0.1451048951048951,0.4766899766899767,0.1858974358974359,0.19230769230769232
0.15282392026578073,0.4717607973421927,0.1893687707641196,0.18604651162790697
0.1591987348444913,0.47074327886136,0.17923036373220874,0.1908276225619399
0.16480162767039674,0.46185147507629704,0.18209562563580875,0.19125127161749747
0.15215264187866928,0.46771037181996084,0.1824853228962818,0.19765166340508805
0.16070577014783025,0.4687649022412971,0.17691940867906533,0.19360991893180735
0.16322701688555347,0.46622889305816134,0.17682926829268292,0.19371482176360225
0.15324074074074073,0.4685185185185185,0.17962962962962964,0.1986111111111111
0.16255707762557078,0.4625570776255708,0.17899543378995433,0.1958904109589041
0.16177135110709445,0.45323090826931767,0.18300948938093087,0.201988251242657
0.16211374832064487,0.4540976265114196,0.18495297805642633,0.19883564711150917
0.1618238712561466,0.4537326776933393,0.18149307107733573,0.20295037997317836
0.15978695073235685,0.4478473146915224,0.18553040390590325,0.20683533067021748
0.1643835616438356,0.450287229341582,0.18161732213875387,0.20371188687582856
0.16372462488967343,0.4496910856134157,0.176963812886143,0.20962047661076788
0.15873721654068476,0.447309915518008,0.17874610938194754,0.21520675855935972
0.15891987605135016,0.44665781319167774,0.1783975210270031,0.21602478972996902
0.15723830734966593,0.44988864142538976,0.17505567928730512,0.2178173719376392
0.1575918548030102,0.45108455068614434,0.17042939353696326,0.22089420097388224
0.15459363957597172,0.4531802120141343,0.17226148409893993,0.21996466431095407
0.1568627450980392,0.44563279857397503,0.16934046345811052,0.2281639928698752
0.16005349977708427,0.4378065091395453,0.16941596076683013,0.23272403031654035
0.15777777777777777,0.43555555555555553,0.17155555555555554,0.2351111111111111
0.15655664585191792,0.43487957181088316,0.16859946476360393,0.23996431757359502
0.15598762704374725,0.4343791427308882,0.16924436588599204,0.2403888643393725
0.15204936095196123,0.4297047157338034,0.16747465843984133,0.250771264874394
0.15225066195939982,0.42321270962047663,0.16593115622241836,0.2586054721977052
0.15539947322212466,0.4192273924495171,0.16549604916593502,0.2598770851624232
0.15812720848056538,0.4213780918727915,0.16342756183745583,0.2570671378091873
0.1584553928095872,0.41988459831335995,0.1615623612960497,0.2600976475810031
0.1537439078422685,0.4253433761630483,0.16260522817899867,0.2583074878156845
0.15428824049513704,0.4248452696728559,0.16401414677276746,0.2568523430592396
0.15954164830321726,0.41736447774349933,0.16086381665932128,0.2622300572939621
0.15422006186478127,0.41626159964648696,0.15952275740167918,0.26999558108705257
0.16017699115044248,0.41238938053097346,0.16106194690265488,0.2663716814159292
0.1645118145341061,0.4021399910833705,0.16005349977708427,0.27329469460543915
0.16300527240773285,0.4037785588752197,0.16212653778558875,0.2710896309314587
0.16777041942604856,0.4052980132450331,0.15717439293598234,0.269757174392936
0.1639702667249672,0.4018364669873196,0.15522518583296896,0.2789680804547442
0.16489361702127658,0.39849290780141844,0.15203900709219859,0.2845744680851064
0.16527472527472528,0.3986813186813187,0.15120879120879122,0.28483516483516486
0.16733601070950468,0.3958054439982151,0.1530566711289603,0.2838018741633199
0.1625659050966608,0.39806678383128297,0.15729349736379614,0.2820738137082601
0.17015590200445435,0.3959910913140312,0.15634743875278395,0.2775055679287305
0.1708720672864099,0.3975210270030987,0.150066401062417,0.2815405046480744
0.16937967443906732,0.3994720633523977,0.14870215574131104,0.28244610646722396
0.1704745166959578,0.39015817223198596,0.14982425307557118,0.28954305799648505
0.17162872154115585,0.3922942206654991,0.15192644483362522,0.2841506129597198
0.17229285401139852,0.387987724682157,0.14993423936869793,0.2897851819377466
0.17404647084612013,0.3857957036387549,0.15431828145550197,0.285839544059623
0.17339771729587358,0.38981562774363476,0.15320456540825286,0.2835820895522388
0.1771479185119575,0.38352524357838796,0.1545615589016829,0.28476527900797166
0.1779849090102086,0.37771859742565467,0.15889924545051043,0.28539724811362627
0.17145382235969953,0.38135218736190896,0.15642951833848873,0.2907644719399028
0.17613636363636365,0.3784965034965035,0.1577797202797203,0.2875874125874126
0.1789748045178106,0.3696785403996525,0.16072980017376196,0.290616854908775
0.1745262230057294,0.37064786249449094,0.16086381665932128,0.29396209784045835
0.17454068241469817,0.3565179352580927,0.16710411198600175,0.30183727034120733
0.17255075022065314,0.3640776699029126,0.1641659311562224,0.2992056487202118
0.17580008768084174,0.36606751424813677,0.16220955721174923,0.29592284085927223
0.17220008853474988,0.3612217795484728,0.1593625498007968,0.30721558211598055
0.17316209034543845,0.3600531443755536,0.15943312666076173,0.3073516386182462
0.17385504668741664,0.3583815028901734,0.16096042685638062,0.30680302356602934
0.1767298369325694,0.3547818422212428,0.16130453944468928,0.30718378140149843
0.17819148936170212,0.35062056737588654,0.1573581560283688,0.31382978723404253
0.17464539007092197,0.3470744680851064,0.15647163120567376,0.32180851063829785
0.18104982206405695,0.35097864768683273,0.14991103202846975,0.3180604982206406
0.1784452296819788,0.3507067137809187,0.1515017667844523,0.31934628975265017
0.18126094570928197,0.3502626970227671,0.15499124343257442,0.3134851138353765
0.17846153846153845,0.35296703296703297,0.15252747252747254,0.316043956043956
0.17799210872424376,0.34721613327487943,0.15344147303814118,0.32135028496273566
0.1766256590509666,0.3471001757469244,0.1555360281195079,0.32073813708260107
0.18669623059866963,0.3467849223946785,0.15210643015521064,0.3144124168514412
0.18711111111111112,0.3471111111111111,0.14933333333333335,0.3164444444444444
0.19215336602764155,0.34016941596076683,0.14979937583593403,0.3178778421756576
0.1913687881429817,0.3352223190932868,0.14472537053182213,0.32868352223190933
0.18861209964412812,0.34208185053380785,0.1436832740213523,0.32562277580071175
0.18601583113456466,0.3403693931398417,0.13808267370272648,0.3355321020228672
0.18804920913884007,0.3308435852372584,0.14279437609841827,0.3383128295254833
0.19076923076923077,0.3292307692307692,0.1432967032967033,0.3367032967032967
0.19649890590809627,0.3212253829321663,0.14398249452954048,0.33829321663019696
0.1955849889624724,0.3200883002207506,0.141280353200883,0.343046357615894
0.199203187250996,0.31739707835325365,0.13678618857901725,0.3466135458167331
0.19195046439628483,0.31667403803626715,0.13622291021671826,0.35515258735072974
0.19378827646544183,0.3228346456692913,0.1342957130358705,0.34908136482939633
0.19646799116997793,0.3236203090507726,0.13421633554083887,0.3456953642384106
0.19394471259324264,0.32075471698113206,0.13295304958315052,0.3523475208424748
0.1977001326846528,0.31667403803626715,0.13533834586466165,0.3502874834144184
0.19760744350908285,0.307487815684537,0.13114754098360656,0.3637571998227736
0.19708351745470615,0.3035793194874061,0.1241714538223597,0.37516570923552806
0.19750889679715303,0.30604982206405695,0.12677935943060498,0.36966192170818507
0.19349164467897978,0.30562884784520666,0.1279683377308707,0.3729111697449428
0.192,0.30622222222222223,0.12533333333333332,0.37644444444444447
0.1955085865257596,0.2985468956406869,0.12813738441215325,0.37780713342140027
0.19717688575209527,0.2995147772386414,0.12351124834583149,0.37979708866343187
0.19483985765124556,0.30338078291814946,0.12099644128113879,0.3807829181494662
0.1958351794417368,0.30084182543198934,0.1227292866637129,0.3805937084625609
0.19316163410301954,0.29573712255772644,0.12033747779751332,0.3907637655417407
0.19885864793678665,0.2919227392449517,0.11720807726075505,0.3920105355575066
0.20105355575065847,0.28753292361720806,0.11852502194907814,0.3928884986830553
0.20070733863837312,0.28779840848806365,0.11803713527851459,0.39345711759504864
0.19938107869142352,0.28558797524314766,0.1220159151193634,0.39301503094606544
0.19716437749224636,0.28799291094373064,0.11962782454585734,0.3952148870181657
0.20079964460239894,0.2892047978676144,0.11772545535317637,0.3922701021768103
0.205607476635514,0.2870493991989319,0.12238540275923454,0.38495772140631956
0.20889664195377236,0.28085477540340165,0.11862189271696467,0.3916266899258613
0.20593445527015058,0.27723649247121346,0.1195748449955713,0.39725420726306465
0.20772946859903382,0.2740447957839262,0.11945542380324989,0.3987703118137901
0.21146157263438473,0.2687694358063083,0.11905819635717459,0.4007107952021324
0.21592442645074225,0.2726045883940621,0.11695906432748537,0.3945119208277103
0.22207505518763798,0.2693156732891832,0.1152317880794702,0.3933774834437086
0.2152624614027349,0.27481252756947505,0.11513012792236436,0.39479488310542565
0.22118794326241134,0.26728723404255317,0.11923758865248227,0.39228723404255317
0.22350332594235034,0.2620842572062084,0.12283813747228381,0.39157427937915745
0.21930974224552205,0.26649191786806464,0.1236347750109218,0.3905635648754915
0.22296099290780141,0.2632978723404255,0.1201241134751773,0.39361702127659576
0.22681318681318682,0.26065934065934065,0.12571428571428572,0.3868131868131868
0.2276707530647986,0.260507880910683,0.12171628721541156,0.39010507880910683
0.22923145268769435,0.25721901377165707,0.12261217236783652,0.3909373611728121
0.23209549071618038,0.2572944297082228,0.11892130857648099,0.3916887709991158
0.23454063604240283,0.25265017667844525,0.11528268551236749,0.39752650176678445
0.23482849604221637,0.2515391380826737,0.11873350923482849,0.39489885664028146
0.23755458515283842,0.2519650655021834,0.11921397379912664,0.39126637554585153
0.2396804260985353,0.25255215268530845,0.11762094984465157,0.39014647137150466
0.2502206531332745,0.2524271844660194,0.11297440423654016,0.3843777581641659
0.25,0.24911660777385158,0.11439929328621908,0.38648409893992935
0.2504393673110721,0.2451669595782074,0.11818980667838312,0.38620386643233745
0.25386313465783666,0.24503311258278146,0.12229580573951435,0.37880794701986753
0.2615996464869642,0.23552806009721608,0.12240388864339373,0.380468404772426
0.2599293909973522,0.23654015887025595,0.11871138570167697,0.3848190644307149
0.259825327510917,0.23449781659388647,0.11615720524017467,0.3895196506550218
0.2608695652173913,0.230566534914361,0.11989459815546773,0.38866930171277997
0.26420079260237783,0.2311756935270806,0.12241303390576838,0.38221047996477325
0.26150442477876107,0.22654867256637168,0.12477876106194691,0.38716814159292035
0.2592756183745583,0.21731448763250882,0.12588339222614842,0.39752650176678445
0.2567747667703243,0.22034651266103955,0.12838738338516215,0.394491337183474
0.25865128660159714,0.21650399290150843,0.12599822537710736,0.39884649511978704
0.2623169107856192,0.21260541500221927,0.12383488681757657,0.401242787394585
0.2675438596491228,0.20964912280701756,0.1206140350877193,0.4021929824561403
0.26740576496674057,0.21286031042128603,0.11529933481152993,0.40443458980044344
0.26362428001772265,0.21754541426672575,0.1178555604785113,0.4009747452370403
0.26327433628318586,0.21371681415929203,0.11991150442477876,0.40309734513274337
0.26953467954345917,0.20719929762949957,0.12115891132572432,0.40210711150131695
0.267226148409894,0.20715547703180212,0.12765017667844522,0.39796819787985865
0.2646669607410675,0.2112924569916189,0.12659902955447727,0.3974415527128363
0.26810004387889425,0.21017990346643264,0.1254936375603335,0.39622641509433965
0.2617777777777778,0.212,0.12622222222222224,0.4
0.2614578786556089,0.20820602357049323,0.12265386294194675,0.4076822348319511
0.2592756183745583,0.20980565371024734,0.12588339222614842,0.40503533568904593
0.26666666666666666,0.20964912280701756,0.12280701754385964,0.40087719298245617
0.25916114790286976,0.20794701986754968,0.12671081677704193,0.40618101545253865
0.2579928952042629,0.20959147424511546,0.13143872113676733,0.40097690941385433
0.2575088339222615,0.20936395759717313,0.13162544169611307,0.4015017667844523
0.256140350877193,0.2074561403508772,0.13421052631578947,0.4021929824561403
0.2564444444444444,0.2071111111111111,0.13555555555555557,0.4008888888888889
0.2584171403585483,0.20201136860515959,0.14385658067337123,0.39571491036292084
0.2628345765686705,0.1961386573058359,0.14041246160596754,0.4006143045195261
0.25738210665491407,0.19303657999118554,0.14543851917144116,0.40414279418245924
0.2618101545253863,0.19381898454746138,0.14172185430463577,0.40264900662251657
0.25602805786935556,0.19508987286277948,0.14555019728189392,0.4033318719859711
0.26037069726390116,0.19329214474845544,0.14033539276257723,0.4060017652250662
0.25477990217874613,0.19519786571809694,0.14095153401511784,0.40907069808803914
0.26445916114790285,0.19602649006622516,0.13200883002207506,0.4075055187637969
0.26065934065934065,0.1912087912087912,0.12967032967032968,0.41846153846153844
0.257243195785777,0.18964003511852504,0.12818261633011413,0.42493415276558383
0.25823451910408435,0.19279754062362758,0.12428634167764603,0.42468159859464205
0.25485008818342153,0.19753086419753085,0.12522045855379188,0.42239858906525574
0.25543237250554324,0.1951219512195122,0.12904656319290467,0.4203991130820399
0.2618421052631579,0.19649122807017544,0.12850877192982457,0.4131578947368421
0.26188380281690143,0.1949823943661972,0.12632042253521128,0.4168133802816901
0.2603160667251975,0.199297629499561,0.1237928007023705,0.41659350307287096
0.2635046113306983,0.20070267896354854,0.12121212121212122,0.414580588493632
0.2668428005284016,0.19682959048877147,0.11800968736239542,0.4183179216204315
0.26278659611992944,0.1931216931216931,0.11816578483245149,0.42592592592592593
0.257243195785777,0.1957857769973661,0.11720807726075505,0.42976294995610187
0.2628091872791519,0.19522968197879859,0.11616607773851591,0.42579505300353354
0.2602558447287164,0.19585355094838994,0.11248345831495368,0.43140714600794
0.25843694493783304,0.1922735346358792,0.11678507992895204,0.4325044404973357
0.26900844819919967,0.1907514450867052,0.11471765228990663,0.4255224544241885
0.2639193336256028,0.1819377466023674,0.1179307321350285,0.4362121876370013
0.2653965440850687,0.18165706690296854,0.1129818342933097,0.4399645547186531
0.2646669607410675,0.18129686810763124,0.11248345831495368,0.4415527128363476
0.26505494505494503,0.18857142857142858,0.1156043956043956,0.4307692307692308
0.26136865342163357,0.1880794701986755,0.1196467991169978,0.43090507726269317
0.26359649122807016,0.1868421052631579,0.11798245614035088,0.43157894736842106
0.26404245908889873,0.18487394957983194,0.11366651923927466,0.4374170720919947
0.25870427501101806,0.1886293521375055,0.11635081533715293,0.4363155575143235
0.26953467954345917,0.17866549604916593,0.1189640035118525,0.43283582089552236
0.27176314626601855,0.17852408307556342,0.12196199734865223,0.4277507733097658
0.2687555163283319,0.176522506619594,0.12753751103265668,0.42718446601941745
0.26631625054752517,0.17082785808147175,0.13534822601839686,0.4275076653526062
0.2720491443615621,0.1654234313295305,0.13821851689337428,0.4243089074155331
0.2693333333333333,0.16,0.13555555555555557,0.4351111111111111
0.2684234033050469,0.16346583296114336,0.13086199196069673,0.437248771773113
0.2647189021691014,0.16511730854360337,0.13545816733067728,0.434705621956618
0.26480990274093724,0.16887709991158267,0.13660477453580902,0.4297082228116711
0.26857142857142857,0.16307692307692306,0.13274725274725274,0.4356043956043956
0.2690780767534186,0.16453462726069695,0.12924569916188797,0.43714159682399645
0.2666372851476421,0.15910092551784927,0.13486117232260908,0.43940061701189953
0.2675438596491228,0.156140350877193,0.13640350877192983,0.43991228070175437
0.2663448881088197,0.16322948661693726,0.13295304958315052,0.4374725756910926
0.2678963548528766,0.16556873078612208,0.12779973649538867,0.43873517786561267
0.26887417218543047,0.16512141280353201,0.1280353200883002,0.43796909492273733
0.26290251433612705,0.16453462726069695,0.12924569916188797,0.44331715924128806
0.26666666666666666,0.1620309050772627,0.12847682119205298,0.44282560706401763
0.26171529619805484,0.15826702033598586,0.13527851458885942,0.4447391688770999
0.2609078889378581,0.1626267078007933,0.1361833406787131,0.4402820625826355
0.26163301141352063,0.16417910447761194,0.1369622475856014,0.437225636523266
0.2636001769128704,0.16187527642636002,0.13710747456877487,0.4374170720919947
0.26763668430335097,0.1626984126984127,0.1335978835978836,0.43606701940035275
0.26341248900615655,0.16666666666666666,0.1376429199648197,0.43227792436235707
0.2743556138051551,0.16251638269986893,0.13848842289209262,0.42463958060288337
0.27630989699955216,0.16300940438871472,0.1374832064487237,0.4231974921630094
0.2728066346573549,0.16062854648625055,0.13705805325185508,0.4295067656045395
0.27240618101545255,0.16467991169977925,0.13774834437086092,0.4251655629139073
0.2676678445229682,0.16475265017667845,0.1338339222614841,0.43374558303886923
0.26477121279431365,0.17103509551310528,0.13460684140382054,0.42958685028876054
0.266754270696452,0.1721419185282523,0.13272010512483573,0.4283837056504599
0.26222222222222225,0.16933333333333334,0.13555555555555557,0.4328888888888889
0.2607550482879719,0.16637401229148377,0.13169446883230904,0.4411764705882353
0.26851851851851855,0.167989417989418,0.12610229276895943,0.43738977072310403
0.2647450110864745,0.16895787139689578,0.1303769401330377,0.435920177383592
0.2632978723404255,0.16578014184397163,0.1351950354609929,0.43572695035460995
0.256816182937555,0.16710642040457344,0.13412489006156553,0.4419525065963061
0.2570796460176991,0.16858407079646018,0.13008849557522123,0.44424778761061945
0.2545054945054945,0.1687912087912088,0.1279120879120879,0.4487912087912088
0.25246195165622204,0.17233661593554164,0.12578334825425247,0.4494180841539839
0.2571053782247486,0.16615653694796678,0.1254919108001749,0.45124617402710976
0.25549692172383465,0.16358839050131926,0.12401055408970976,0.4569041336851363
0.2531700918233494,0.1609094884127678,0.12461740271097507,0.4613030170529077
0.26154529307282415,0.15674955595026643,0.11989342806394317,0.46181172291296624
0.263668430335097,0.15388007054673722,0.11904761904761904,0.4634038800705467
0.26495347806823216,0.15241470979175897,0.11741249446167479,0.4652193176783341
0.2630415561450044,0.15251989389920426,0.11803713527851459,0.46640141467727675
0.255619215513442,0.15733803437637725,0.11723226090788894,0.46981048920229174
0.2544740288083806,0.15408118725447403,0.11436054124836316,0.4770842426887822
0.24944909651829,0.15689731159100925,0.10929925077126487,0.48435434111943587
0.2537379067722076,0.15435356200527706,0.11037818821459983,0.4815303430079156
0.24635117204776646,0.15126050420168066,0.11189739053516143,0.49049093321539144
0.24890446976336547,0.14548641542506574,0.11744084136722173,0.48816827344434705
0.2511170688114388,0.14343163538873996,0.11349419124218052,0.49195710455764075
0.25142857142857145,0.14725274725274726,0.11692307692307692,0.4843956043956044
0.24734982332155478,0.1435512367491166,0.11395759717314488,0.49514134275618377
0.2454585733274258,0.14089499335400973,0.11120957022596367,0.5024368630926008
0.2504432624113475,0.14140070921985815,0.10726950354609929,0.500886524822695
0.2484608619173263,0.14160070360598065,0.10510114335971855,0.5048372911169745
0.25185832968954963,0.14341932662877133,0.10056843025797989,0.5041539134236992
0.24977856510186006,0.14614703277236493,0.10318866253321524,0.5008857395925598
0.24955985915492956,0.1500880281690141,0.10695422535211267,0.4933978873239437
0.24514134275618374,0.1519434628975265,0.10777385159010601,0.49514134275618377
0.2503293807641634,0.1510759771629337,0.1067193675889328,0.4918752744839701
0.25055041831792163,0.14927344782034346,0.1087626596213122,0.4914134742404227
0.25265017667844525,0.14796819787985865,0.10998233215547704,0.48939929328621906
0.2495644599303136,0.14503484320557491,0.11411149825783973,0.4912891986062718
0.25044014084507044,0.1386443661971831,0.1192781690140845,0.491637323943662
0.24779541446208111,0.140652557319224,0.11552028218694885,0.49603174603174605
0.24570673712021135,0.13694407749889917,0.11712901805372083,0.5002201673271687
0.24496937882764655,0.1342957130358705,0.11767279090113736,0.5030621172353456
0.24438573315719947,0.13826508146191105,0.11536767943637165,0.5019815059445178
0.23324396782841822,0.1362823949955317,0.12019660411081323,0.5102770330652369
0.2328888888888889,0.13733333333333334,0.11955555555555555,0.5102222222222222
0.2346002621231979,0.1310615989515072,0.12013979903888161,0.5141983398864133
0.22717247463608292,0.13233348037053375,0.12218791354212616,0.5183061314512571
0.2247585601404741,0.1299385425812116,0.12115891132572432,0.52414398595259
0.22715289982425307,0.12873462214411246,0.12126537785588752,0.5228471001757469
0.22996057818659657,0.13096802452912834,0.11651335961454228,0.5225580376697329
0.23253757736516356,0.12953138815207782,0.11317418213969938,0.5247568523430592
0.23164835164835165,0.13406593406593406,0.10945054945054945,0.5248351648351648
0.23211935059236508,0.13339183852566916,0.10794207985958754,0.5265467310223783
0.22869757174392935,0.13421633554083887,0.11125827814569536,0.5258278145695364
0.22950819672131148,0.1333628710677891,0.11342490031014621,0.5237040319007532
0.23033463711429814,0.1303780964797914,0.1099521946979574,0.529335071707953
0.23162583518930957,0.12783964365256126,0.11403118040089087,0.5265033407572383
0.23176156583629892,0.1290035587188612,0.11476868327402136,0.5244661921708185
0.22535211267605634,0.1329225352112676,0.11575704225352113,0.5259683098591549
0.22545612510860122,0.13336229365768898,0.1155516941789748,0.525629887054735
0.22562056737588654,0.13696808510638298,0.11613475177304965,0.5212765957446809
0.21872265966754156,0.1373578302712161,0.1163604549431321,0.5275590551181102
0.2217759928603302,0.13520749665327977,0.12048192771084337,0.5225345827755467
0.2248233215547703,0.1351590106007067,0.12014134275618374,0.5198763250883393
0.22655565293602103,0.13540753724802804,0.1200701139351446,0.5179666958808063
0.22133333333333333,0.13822222222222222,0.11822222222222223,0.5222222222222223
0.22550750220653135,0.13592233009708737,0.11694616063548102,0.5216240070609003
0.2207850133809099,0.13960749330954506,0.12310437109723461,0.5165031222123104
0.22837066315327184,0.13438735177865613,0.11945542380324989,0.5177865612648221
0.23049801674746584,0.13309828118113706,0.12208021154693698,0.5143234905244601
0.23236331569664903,0.13315696649029982,0.11816578483245149,0.5163139329805997
0.22958057395143489,0.1346578366445916,0.11743929359823399,0.5183222958057395
0.2318904593639576,0.1356007067137809,0.1157243816254417,0.5167844522968198
0.23684210526315788,0.12543859649122807,0.11710526315789474,0.5206140350877193
0.22789871168369613,0.1310528653931586,0.11994669035984007,0.5211017325633052
0.2353459673865139,0.12957249889819303,0.11899515204936095,0.5160863816659321
0.2352680549401861,0.12494461674789543,0.12184315463003988,0.5179441736818786
0.23402379903040987,0.12428382547377699,0.12119876597620097,0.5204936095196122
0.24373075230972283,0.11790585129784426,0.11966564012318522,0.5186977562692477
0.2444836716681377,0.11650485436893204,0.1204766107678729,0.5185348631950574
0.24304021210782148,0.11444984533804684,0.11886875828546177,0.5236411842686699
0.2490118577075099,0.11286780851998243,0.11638120333772507,0.5217391304347826
0.24637043554773427,0.11526616805983282,0.11482622085349758,0.5235371755389353
0.24363476733977174,0.1189640035118525,0.11808604038630377,0.5193151887620719
0.25904677846425417,0.11827007943512798,0.1147396293027361,0.5079435127978817
0.2566021126760563,0.11575704225352113,0.11355633802816902,0.5140845070422535
0.2612931798051373,0.112488928255093,0.11027457927369354,0.5159433126660762
0.256092157731502,0.11431103234381923,0.10988037217545414,0.5197164377492246
0.25548726953467954,0.1106233538191396,0.1106233538191396,0.5232660228270413
0.2520860781730347,0.11198945981554677,0.11418533157663592,0.5217391304347826
0.2518486298390605,0.11004784688995216,0.11135276207046542,0.526750761200522
0.25132042253521125,0.10695422535211267,0.11355633802816902,0.528169014084507
0.24737302977232925,0.10945709281961472,0.11733800350262696,0.5258318739054291
0.25121412803532006,0.10772626931567329,0.11567328918322296,0.5253863134657837
0.251105216622458,0.10963748894783377,0.11361626878868258,0.5256410256410257
0.24944616747895437,0.11209570225963669,0.1129818342933097,0.5254762959680992
0.2550306211723535,0.10936132983377078,0.11023622047244094,0.5253718285214348
0.25803610744165567,0.11008366358432409,0.11096433289299867,0.5209158960810216
0.2600441501103753,0.11081677704194261,0.10905077262693157,0.5200883002207506
0.25983208130799823,0.10782147591692444,0.1100309323906319,0.5223155103844455
0.26687251874724305,0.10630789589766211,0.10895456550507278,0.5178650198500221
0.2686436982119494,0.11033580462276493,0.1059747056258177,0.515045791539468
0.2644082710074791,0.11130664320281566,0.10690717113946327,0.517377914650242
0.26887417218543047,0.1152317880794702,0.10905077262693157,0.5068432671081677
0.2710896309314587,0.11511423550087874,0.10764499121265378,0.5061511423550088
0.2715669014084507,0.11487676056338028,0.10123239436619719,0.5123239436619719
0.2699602999558888,0.11910013233348037,0.1027790030877812,0.5081605646228495
0.26669634906500445,0.12243989314336598,0.09839715048975957,0.51246660730187
0.2650442477876106,0.12256637168141593,0.09911504424778761,0.5132743362831859
0.2683246073298429,0.12478184991273997,0.10296684118673648,0.5039267015706806
0.267817618415228,0.12660469234174412,0.10048694112439133,0.5050907481186365
0.2660753880266075,0.12283813747228381,0.10554323725055433,0.5055432372505543
0.2703296703296703,0.11692307692307692,0.0989010989010989,0.5138461538461538
0.2721297107800175,0.12226117440841368,0.09465381244522349,0.5109553023663453
0.27030625832223704,0.11984021304926765,0.09409675987572126,0.5157567687527741
0.2710526315789474,0.11798245614035088,0.09605263157894736,0.5149122807017544
0.27144120247568526,0.1242263483642794,0.09106984969053934,0.513262599469496
0.27328377787494534,0.1215566243987757,0.08919982509838216,0.5159597726278968
0.26851851851851855,0.12610229276895943,0.09347442680776014,0.5119047619047619
0.26517150395778366,0.1248900615655233,0.09410729991204925,0.5158311345646438
0.265817223198594,0.12478031634446397,0.09402460456942004,0.5153778558875219
0.2682280159080866,0.12063632346442775,0.09235528060097216,0.5187803800265135
0.2693147097337407,0.12396333478830206,0.08991706678306416,0.516804888694893
0.27486678507992895,0.12344582593250444,0.08880994671403197,0.5128774422735346
0.2708516242317823,0.1202809482001756,0.09174714661984197,0.5171202809482002
0.2691292875989446,0.12049252418645559,0.09146877748460862,0.5189094107299912
0.2705464238116393,0.12305641936916926,0.08840515326521546,0.517992003553976
0.27256792287467135,0.12532865907099036,0.09246275197195443,0.5096406660823839
0.276462706565431,0.1286288521661456,0.09111210361768647,0.503796337650737
0.27569475077194533,0.12483458314953683,0.08910454344949272,0.5103661226290251
0.27029438001784123,0.12890276538804638,0.09232827832292596,0.5084745762711864
0.274822695035461,0.13120567375886524,0.0899822695035461,0.5039893617021277
0.27624066754501536,0.13131313131313133,0.08695652173913043,0.5054896794027229
0.2783866725120561,0.12845243314335816,0.08768084173608066,0.505480052608505
0.27966475518306133,0.12924569916188797,0.08601676224084694,0.5050727834142038
0.26948480845442535,0.13650374284456188,0.08234258036107442,0.5116688683399383
0.27086063783311487,0.1380515508955876,0.08213193534294452,0.508955875928353
0.27128363475959416,0.13674459638288486,0.08028231142479048,0.5116894574327305
0.27188737351517817,0.1328640563132424,0.08315002199736031,0.5120985481742191
0.26845342706502634,0.13620386643233742,0.08304042179261863,0.5123022847100176
0.26928162185985016,0.1397091229616571,0.08285588364918467,0.5081533715293081
0.2703056768558952,0.14148471615720523,0.0851528384279476,0.503056768558952
0.2747156605424322,0.1373578302712161,0.08398950131233596,0.5039370078740157
0.2762114537444934,0.1343612334801762,0.07929515418502203,0.5101321585903084
0.27516483516483514,0.13582417582417583,0.08263736263736264,0.5063736263736264
0.27384615384615385,0.1389010989010989,0.08263736263736264,0.5046153846153846
0.2727678571428571,0.13526785714285713,0.084375,0.5075892857142857
0.2739606126914661,0.13522975929978118,0.08140043763676148,0.5094091903719913
0.27765631832094445,0.1320507214691736,0.07870572802798426,0.5115872321818977
0.2807250221043324,0.1374889478337754,0.07869142351900972,0.5030946065428824
0.28,0.13955555555555554,0.07777777777777778,0.5026666666666667
0.2850262697022767,0.1361646234676007,0.07749562171628721,0.5013134851138353
0.2877379371403276,0.1341301460823373,0.0787959274015051,0.49933598937583
0.28488631297369593,0.13241194828354882,0.07891217119928667,0.5037895675434686
0.28470380194518125,0.13262599469496023,0.07515473032714412,0.5075154730327144
0.28803156510302497,0.13502849627356422,0.0775975449364314,0.4993423936869794
0.2834960070984916,0.1313220940550133,0.0771960958296362,0.5079858030168589
0.282389108476065,0.13350900307422048,0.08036890645586298,0.5037329819938515
0.2812083518436251,0.1301643713904931,0.08262994224788983,0.505997334517992
0.2856516015796402,0.12768758227292673,0.08205353225098727,0.5046072838964458
0.28935795954265614,0.12269129287598944,0.079155672823219,0.5087950747581355
0.2892998678996037,0.12241303390576838,0.08058124174372523,0.5077058564509027
0.2946625496250551,0.12659902955447727,0.07543008381120424,0.5033083370092634
0.2877254729432468,0.12406511218653761,0.08051033875934888,0.5076990761108667
0.291005291005291,0.12125220458553791,0.07671957671957672,0.5110229276895943
0.2898739678400695,0.12255541069100391,0.07083876575402,0.5167318557149065
0.29110039456378783,0.12538360368259535,0.07365190705830776,0.509864094695309
0.28690319754708715,0.12921594393342092,0.07752956636005257,0.5063512921594393
0.2912793271359008,0.12881806108897742,0.0765825586542718,0.5033200531208499
0.29263992948435436,0.12296165711767298,0.08109299250771265,0.50330542089026
0.30088105726872244,0.12290748898678414,0.07973568281938326,0.49647577092511014
0.3088363954505687,0.1216097987751531,0.08005249343832022,0.489501312335958
0.31157528285465624,0.12140992167101827,0.07963446475195822,0.48738033072236725
0.3126921387790953,0.11945542380324989,0.08080808080808081,0.487044356609574
0.3197879858657244,0.11793286219081273,0.07641342756183746,0.48586572438162545
0.316688567674113,0.11957950065703023,0.07840560665790626,0.4853263250109505
0.31505046072838966,0.12329969284774024,0.0785432207108381,0.48310662571303203
0.3162770180855756,0.12307013674459638,0.07984119982355536,0.48081164534627263
0.3178397521027003,0.12084993359893759,0.08543603364320496,0.47587428065515713
0.3211453744493392,0.11806167400881057,0.08370044052863436,0.47709251101321587
0.31504424778761064,0.12345132743362831,0.08053097345132744,0.48097345132743363
0.32081307998232433,0.12240388864339373,0.08086610693769333,0.4759169244365886
0.31862312444836716,0.1235657546337158,0.0825242718446602,0.47528684907325686
0.32063773250664307,0.12400354295837024,0.08370239149689991,0.4716563330380868
0.31560283687943264,0.1254432624113475,0.08244680851063829,0.47650709219858156
0.31338028169014087,0.12411971830985916,0.08538732394366197,0.477112676056338
0.30975395430579966,0.11818980667838312,0.09050966608084358,0.48154657293497366
0.31194690265486724,0.12079646017699115,0.08805309734513274,0.47920353982300884
0.30850131463628394,0.1200701139351446,0.08413672217353199,0.48729184925503943
0.30789707187222715,0.11801242236024845,0.09139307897071872,0.48269742679680566
0.3163668275559456,0.11627906976744186,0.09126810004387889,0.47608600263273365
0.3131578947368421,0.12017543859649123,0.0912280701754386,0.47543859649122805
0.31792411687745314,0.11818578281726995,0.09376362843436546,0.47012647187091144
0.3166961130742049,0.11925795053003534,0.09628975265017668,0.46775618374558303
0.31984161900571934,0.11878574571051474,0.09458864936207655,0.4667839859216894
0.31902654867256636,0.11327433628318584,0.10398230088495575,0.46371681415929206
0.31980591089545657,0.11601235112483459,0.10322011468901632,0.46096162329069257
0.3226514486391572,0.11764705882352941,0.10228270412642669,0.45741878841088673
0.3201058201058201,0.12037037037037036,0.10802469135802469,0.4514991181657848
0.3210479573712256,0.12033747779751332,0.10968028419182949,0.44893428063943164
0.3187830687830688,0.11816578483245149,0.11199294532627865,0.45105820105820105
0.3128565160157964,0.11759543659499781,0.11671785870996051,0.4528301886792453
0.3165627782724844,0.11308993766696349,0.11353517364203028,0.4568121104185218
0.30857648099027407,0.11273209549071618,0.11582670203359859,0.46286472148541113
0.3111013602457218,0.11364633611232997,0.1184730144800351,0.4567792891619131
0.309114927344782,0.11228533685601057,0.11624834874504623,0.4623513870541612
0.3188022897402025,0.11404667547335975,0.11492734478203434,0.4522236900044033
0.31101321585903086,0.11101321585903083,0.11541850220264317,0.46255506607929514
0.31040564373897706,0.1164021164021164,0.11552028218694885,0.4576719576719577
0.31164835164835164,0.1156043956043956,0.11164835164835164,0.4610989010989011
0.3090507726269316,0.11346578366445915,0.10772626931567329,0.46975717439293596
0.3118899733806566,0.11535048802129548,0.1064773735581189,0.46628216503992903
0.31046613896218117,0.11785400175901495,0.10334212840809147,0.4683377308707124
0.3077597544936431,0.12012275317843052,0.10302498903989478,0.4690925032880316
0.30595026642984013,0.12122557726465365,0.10435168738898756,0.46847246891651867
0.31007067137809186,0.12146643109540636,0.10821554770318022,0.46024734982332155
0.31302801244997774,0.11871943085815918,0.10893730546909737,0.4593152512227657
0.31562774363476737,0.12335381913959614,0.11018437225636524,0.4508340649692713
0.3140096618357488,0.12779973649538867,0.10584101888449715,0.4523495827843654
0.3160667251975417,0.1264266900790167,0.1044776119402985,0.45302897278314314
0.3146760687527545,0.127809607756721,0.10709563684442486,0.45041868664609963
0.31620903454384414,0.12488928255093003,0.10894596988485385,0.449955713020372
0.3099778270509978,0.12239467849223946,0.11175166297117517,0.4558758314855876
0.31117957746478875,0.12235915492957747,0.10519366197183098,0.4612676056338028
0.31625441696113077,0.1166077738515901,0.10556537102473498,0.4615724381625442
0.3142482517482518,0.11494755244755245,0.10751748251748251,0.4632867132867133
0.31100266193433895,0.11490683229813664,0.10780834072759539,0.46628216503992903
0.3128046078865751,0.11076650420912716,0.10589277802392556,0.4705361098803722
0.3142981691368788,0.11159546643417612,0.1050566695727986,0.46904969485614645
0.3087071240105541,0.10817941952506596,0.10554089709762533,0.47757255936675463
0.30864197530864196,0.10714285714285714,0.10052910052910052,0.48368606701940037
0.3055432372505543,0.10909090909090909,0.10199556541019955,0.48337028824833705
0.3137687555163283,0.11165048543689321,0.09885260370697264,0.47572815533980584
0.31504424778761064,0.10929203539823008,0.10398230088495575,0.47168141592920354
0.3188854489164087,0.10835913312693499,0.102609464838567,0.4701459531180893
0.31755247878517195,0.11121036176864672,0.10227780259044217,0.4689593568557392
0.311533362792753,0.10826336721166593,0.09986743261157756,0.48033583738400354
0.31732040546496254,0.10885852798589687,0.09651828999559277,0.4773027765535478
0.3142605633802817,0.10959507042253522,0.09727112676056338,0.4788732394366197
0.3122775800711744,0.10854092526690391,0.09786476868327403,0.48131672597864766
0.3154657293497364,0.11291739894551846,0.09797891036906854,0.47363796133567665
0.3191865605658709,0.10742705570291777,0.09725906277630415,0.4761273209549072
0.3180604982206406,0.10676156583629894,0.099644128113879,0.4755338078291815
0.32332155477031804,0.10600706713780919,0.10247349823321555,0.46819787985865724
0.3196286472148541,0.09902740937223696,0.09946949602122016,0.4818744473916888
0.3215686274509804,0.09803921568627451,0.10021786492374728,0.4801742919389978
0.31496062992125984,0.09755030621172353,0.10411198600174978,0.48337707786526685
0.31940167179938406,0.09282886053673559,0.10206775186977562,0.4857017157941047
0.32182381584772024,0.08764940239043825,0.10712704736609119,0.48339973439575035
0.32431233362910383,0.08917480035492457,0.1064773735581189,0.4800354924578527
0.3245382585751979,0.0919085312225154,0.09894459102902374,0.484608619173263
0.32904085257548843,0.08925399644760214,0.0994671403197158,0.4822380106571936
0.325043630017452,0.0911867364746946,0.1012216404886562,0.4825479930191972
0.3248575186321789,0.0916264796142043,0.10258658483121438,0.48092941692240243
0.3281045751633987,0.0906318082788671,0.10239651416122005,0.47886710239651414
0.32628797886393657,0.08982826948480846,0.10656098634962571,0.47732276530162926
0.32073813708260107,0.09182776801405976,0.10896309314586995,0.47847100175746926
0.3200350723366944,0.08899605436212188,0.10653222270933801,0.4844366505918457
0.32625994694960214,0.08930150309460655,0.10698496905393456,0.47745358090185674
0.328941589811155,0.08871321914800176,0.10935441370223979,0.47299077733860345
0.31927975406236275,0.09178743961352658,0.10891523935002195,0.4800175669740887
0.32642258491398324,0.08778120864578738,0.10763123070136744,0.4781649757388619
0.32879120879120877,0.08879120879120879,0.11076923076923077,0.47164835164835167
0.3285277413717781,0.08519003931847968,0.11533420707732635,0.4709480122324159
0.32728881026094647,0.0875718708536046,0.12118531623175587,0.4639540026536931
0.32514260640631854,0.08644142167617376,0.12066695919262835,0.46774901272487934
0.3238307349665924,0.08775055679287305,0.11804008908685969,0.47037861915367485
0.3181617322138754,0.08926204153778171,0.11975254087494476,0.47282368537339814
0.32289369210410235,0.08645787384208205,0.11468901632112924,0.47595941773268635
0.3188470066518847,0.08913525498891353,0.11042128603104213,0.4815964523281596
0.31534719150818225,0.09199469261388767,0.11145510835913312,0.48120300751879697
0.3203194321206744,0.08961845607808341,0.11135758651286602,0.4787045252883762
0.3205298013245033,0.08653421633554084,0.1152317880794702,0.47770419426048566
0.3220858895705521,0.08720420683610867,0.1161262050832603,0.47458369851007887
0.32255244755244755,0.08697552447552448,0.11800699300699301,0.47246503496503495
