C,D,Oc,Od
1.0,0.0,0.0,0.0
0.6,0.0,0.4,0.0
0.45454545454545453,0.0,0.36363636363636365,0.18181818181818182
0.43478260869565216,0.0,0.391304347826087,0.17391304347826086
0.5,0.0,0.325,0.175
0.5645161290322581,0.0,0.27419354838709675,0.16129032258064516
0.5368421052631579,0.0,0.3473684210526316,0.11578947368421053
0.5539568345323741,0.0,0.3237410071942446,0.1223021582733813
0.581151832460733,0.0,0.3089005235602094,0.1099476439790576
0.5676691729323309,0.007518796992481203,0.3007518796992481,0.12406015037593984
0.5623268698060941,0.0110803324099723,0.2880886426592798,0.13850415512465375
0.5676274944567627,0.011086474501108648,0.2793791574279379,0.1419068736141907
0.5555555555555556,0.01763668430335097,0.27336860670194,0.15343915343915343
0.5434782608695652,0.014492753623188406,0.2811594202898551,0.1608695652173913
0.5278810408921933,0.024783147459727387,0.2738537794299876,0.1734820322180917
0.5221518987341772,0.029535864978902954,0.27531645569620256,0.1729957805907173
0.5149863760217984,0.03633060853769301,0.2742960944595822,0.17438692098092642
0.5079365079365079,0.03888888888888889,0.2841269841269841,0.16904761904761906
0.5036284470246735,0.0420899854862119,0.28519593613933236,0.1690856313497823
0.4989885367498314,0.04787592717464599,0.28792987188132163,0.16520566419420094
0.49780564263322885,0.04890282131661442,0.2871473354231975,0.16614420062695925
0.5002912055911474,0.04950495049504951,0.28130460104834015,0.168899242865463
0.49664804469273743,0.05251396648044693,0.28212290502793297,0.16871508379888267
0.4904357066950053,0.052072263549415514,0.2778958554729012,0.179596174282678
0.49478079331941544,0.06002087682672234,0.26461377870563674,0.18058455114822547
0.4884653961885657,0.06268806419257773,0.2587763289869609,0.1900702106318957
0.4880778588807786,0.06374695863746958,0.25401459854014596,0.19416058394160585
0.4892086330935252,0.06474820143884892,0.2556354916067146,0.19040767386091126
0.4850885368126747,0.07269338303821063,0.24976700838769805,0.1924510717614166
0.4829199812821713,0.07299953205428171,0.2545624707533926,0.18951801591015444
0.47300312360553326,0.071396697902722,0.2574743418116912,0.19812583668005354
0.4721238938053097,0.0743362831858407,0.2588495575221239,0.19469026548672566
0.4747030356357237,0.07655081390233172,0.25692916849978004,0.19181698196216454
0.47328918322295804,0.07947019867549669,0.2556291390728477,0.19161147902869757
0.46825396825396826,0.07892416225749559,0.25485008818342153,0.19797178130511464
0.4678130511463845,0.07936507936507936,0.2570546737213404,0.19576719576719576
0.4727112676056338,0.07878521126760564,0.25088028169014087,0.19762323943661972
0.4658439841339797,0.08329660643455267,0.25385632437197003,0.19700308505949757
0.4618403837767117,0.08111644134321849,0.2577409507195813,0.19930222416048846
0.4573438874230431,0.08619173262972735,0.26033421284080915,0.1961301671064204
0.45813239807102146,0.08724243752740027,0.2595352915387988,0.19508987286277948
0.4591971768857521,0.09086898985443317,0.254962505513895,0.19497132774591971
0.4525939177101968,0.09525939177101968,0.25447227191413235,0.19767441860465115
0.4569916188795765,0.10013233348037054,0.2523158359064843,0.1905602117335686
0.45879732739420936,0.0957683741648107,0.2489977728285078,0.19643652561247216
0.45869947275922673,0.09534270650263621,0.2482425307557118,0.1977152899824253
0.45800176834659595,0.09725906277630415,0.2458001768346596,0.1989389920424403
0.45402802101576184,0.09325744308231174,0.24956217162872155,0.2031523642732049
0.450989010989011,0.09758241758241758,0.2479120879120879,0.20351648351648352
0.45181255526083114,0.09460654288240496,0.2506631299734748,0.20291777188328913
0.45353982300884954,0.09646017699115045,0.24646017699115044,0.20353982300884957
0.4457193292144748,0.10105913503971757,0.24889673433362755,0.20432480141218004
0.4412670479542455,0.10558732952045755,0.2498900131984162,0.20325560932688078
0.44301552106430153,0.10421286031042129,0.2501108647450111,0.20266075388026608
0.44308231173380036,0.10332749562171628,0.24387040280210157,0.2097197898423818
0.4375,0.1056338028169014,0.24295774647887325,0.21390845070422534
0.437306158617634,0.10899424014178112,0.24014178112538767,0.21355782011519717
0.44033465433729635,0.10788199031263761,0.2430647291941876,0.20871862615587847
0.44008810572687224,0.10792951541850221,0.24052863436123348,0.21145374449339208
0.44148936170212766,0.10859929078014184,0.2398049645390071,0.21010638297872342
0.4446883230904302,0.10755048287971905,0.24319578577699735,0.20456540825285338
0.4349736379613357,0.11467486818980668,0.24648506151142355,0.2038664323374341
0.43649061545176776,0.11436054124836316,0.24836316019205587,0.2007856831078132
0.4260328742780986,0.1159484673478454,0.25499777876499335,0.20302087960906265
0.42436235708003517,0.11521547933157432,0.26077396657871593,0.1996481970096746
0.4184521206821163,0.11674682990817666,0.26716222125054656,0.19763882815916048
0.4094903339191564,0.11818980667838312,0.27152899824253074,0.2007908611599297
0.4070835155225186,0.1184958460865763,0.27240926978574553,0.20201136860515959
0.4054290718038529,0.1190893169877408,0.2701401050788091,0.2053415061295972
0.40536971830985913,0.12015845070422536,0.2720070422535211,0.20246478873239437
0.39991201055873293,0.1227452705675319,0.27188737351517817,0.20545534535855697
0.4034315882094149,0.12098548174219094,0.2692476902771667,0.20633523977122745
0.40420868040333185,0.12494519947391496,0.2713722051731697,0.19947391494958353
0.4012400354295837,0.1275465013286094,0.26439326837909655,0.20682019486271036
0.4022075055187638,0.12847682119205298,0.26445916114790285,0.20485651214128037
0.40288083806198166,0.12658227848101267,0.26320384111741596,0.2073330423395897
0.40325417766051014,0.1279683377308707,0.2647317502198769,0.2040457343887423
0.3966505068312032,0.13133539003966505,0.27060379021595415,0.20141031291317762
0.3988566402814424,0.1284080914687775,0.2783641160949868,0.1943711521547933
0.38842612889083733,0.13415168785620343,0.2775098640946953,0.1999123191582639
0.39930100480559194,0.1328090869375273,0.272608125819135,0.19528178243774574
0.39191564147627417,0.13927943760984182,0.2710896309314587,0.1977152899824253
0.3958608542492294,0.14090708938793484,0.2664024658740643,0.19682959048877147
0.3886193206881341,0.145125716806352,0.2642258491398324,0.20202911336568152
0.3915715539947322,0.14354697102721686,0.2642669007901668,0.20061457418788411
0.3886193206881341,0.1446846052051169,0.25981473312748127,0.20688134097926775
0.39010507880910683,0.15148861646234676,0.2565674255691769,0.20183887915936952
0.3869412795793164,0.15337423312883436,0.26205083260297984,0.19763365468886943
0.3829225352112676,0.1522887323943662,0.2658450704225352,0.198943661971831
0.3791427308882015,0.1586389748121962,0.2629253203711887,0.1992929739284136
0.3755496921723835,0.1565523306948109,0.26517150395778366,0.202726473175022
0.37081128747795417,0.15652557319223986,0.26940035273368607,0.20326278659611993
0.375,0.15569395017793594,0.2646797153024911,0.20462633451957296
0.37146643109540634,0.15326855123674912,0.2663427561837456,0.20892226148409895
0.3755535872453499,0.1545615589016829,0.2612931798051373,0.20859167404782994
0.37261004891062693,0.16318363717207648,0.2534459759893286,0.21076033792796797
0.3618046430135786,0.1651335961454227,0.2527376259307928,0.22032413491020586
0.36756280299691496,0.1599823710885853,0.249889819303658,0.22256500661084178
0.3673740053050398,0.15959328028293546,0.2541998231653404,0.21883289124668434
0.3650655021834061,0.15807860262008733,0.25633187772925764,0.2205240174672489
0.3615992970123023,0.1594903339191564,0.2601054481546573,0.218804920913884
0.3607285650821857,0.16614837849844513,0.2585517547756553,0.2145713016437139
0.36267138434321095,0.16806722689075632,0.25917735515258733,0.21008403361344538
0.36622807017543857,0.16798245614035087,0.2543859649122807,0.21140350877192982
0.3605321507760532,0.17383592017738358,0.25587583148558757,0.2097560975609756
0.35736129314110965,0.17387505460899957,0.25688073394495414,0.21188291830493666
0.352112676056338,0.17913732394366197,0.26100352112676056,0.20774647887323944
0.35353982300884956,0.1756637168141593,0.26327433628318586,0.2075221238938053
0.35786690171881885,0.17849272807404143,0.25826355222565006,0.20537681798148966
0.35834068843777583,0.17917034421888792,0.26037069726390116,0.20211827007943514
0.3631578947368421,0.18026315789473685,0.2548245614035088,0.20175438596491227
0.3573639982308713,0.18000884564352057,0.2565236620964175,0.20610349402919062
0.35869084475895624,0.19106590004422822,0.25386996904024767,0.19637328615656788
0.35177865612648224,0.19411506368028106,0.25559947299077734,0.1985068072024594
0.36119665640123183,0.1935767707875055,0.24857017157941047,0.19665640123185218
0.3553976010661928,0.19680142159040426,0.24966681474900043,0.19813416259440247
0.3563572371315442,0.20105587329520458,0.2498900131984162,0.192696876374835
0.3536851286524204,0.19799389446140428,0.2511993022241605,0.19712167466201483
0.3584656084656085,0.19268077601410935,0.25308641975308643,0.19576719576719576
0.3536423841059603,0.19602649006622516,0.2556291390728477,0.1947019867549669
0.3495827843653931,0.19104084321475626,0.2577953447518665,0.2015810276679842
0.34927599824484423,0.19218955682316805,0.2549363756033348,0.20359806932865293
0.3473451327433628,0.19247787610619468,0.2575221238938053,0.20265486725663717
0.34748010610079577,0.1958443854995579,0.2515473032714412,0.20512820512820512
0.34993446920052423,0.19571865443425077,0.2503276539973788,0.20401922236784623
0.3480735551663748,0.19702276707530647,0.2425569176882662,0.21234676007005254
0.3467314487632509,0.1978798586572438,0.24381625441696114,0.21157243816254417
0.3440105309346205,0.19964896884598507,0.24703817463799913,0.20930232558139536
0.3443562610229277,0.20149911816578484,0.24603174603174602,0.20811287477954143
0.3398144056562086,0.20371188687582856,0.25055236411842685,0.20592134334953602
0.3352272727272727,0.2006118881118881,0.2508741258741259,0.21328671328671328
0.3350993377483444,0.1986754966887417,0.25298013245033113,0.21324503311258278
0.33716305788775963,0.20150243040212107,0.25143614670790987,0.20989836500220946
0.3227373068432671,0.20794701986754968,0.2565121412803532,0.21280353200883
0.3265666372462489,0.20697263901147397,0.25507502206531335,0.2113857016769638
0.3220562390158172,0.20826010544815465,0.26054481546572933,0.20913884007029876
0.3177405119152692,0.2087378640776699,0.2616946160635481,0.2118270079435128
0.32035398230088497,0.21017699115044247,0.26238938053097344,0.20707964601769913
0.32497801231310464,0.21328056288478453,0.25505716798592787,0.20668425681618294
0.3230030554343082,0.21169794849410736,0.25665648188563944,0.208642514185945
0.3230904302019315,0.21641791044776118,0.2510974539069359,0.20939420544337137
0.32150678931230836,0.22120017520805957,0.2505475251861586,0.2067455102934735
0.3152077807250221,0.23121131741821396,0.2493368700265252,0.20424403183023873
0.3216168717047452,0.22319859402460457,0.24868189806678384,0.20650263620386644
0.3209503239740821,0.22159827213822894,0.2531317494600432,0.2043196544276458
0.31590607000443066,0.23128046078865752,0.25254762959680993,0.20026583961010191
0.3176418829740431,0.22965244170699517,0.2503299604047514,0.2023757149142103
0.32764654418197725,0.2226596675415573,0.24715660542432197,0.20253718285214348
0.3247038174637999,0.22465993856954805,0.25010969723562965,0.20052654673102238
0.3278260869565217,0.22826086956521738,0.24608695652173912,0.19782608695652174
0.3246696035242291,0.23171806167400882,0.24273127753303964,0.20088105726872246
0.3264770240700219,0.23457330415754923,0.23894967177242887,0.2
0.3195240193918026,0.23490524460114587,0.2384310268840899,0.20713970912296165
0.3164612676056338,0.2367957746478873,0.23547535211267606,0.2112676056338028
0.31551038444542645,0.23641184268669907,0.23862129916040653,0.20945647370746795
0.31255448997384483,0.23626852659110723,0.24062772449869224,0.2105492589363557
0.3142100617828773,0.23654015887025595,0.24007060900264784,0.2091791703442189
0.31762114537444935,0.239647577092511,0.23744493392070484,0.2052863436123348
0.31678383128295257,0.23550087873462214,0.24121265377855888,0.20650263620386644
0.3134920634920635,0.23721340388007053,0.24514991181657847,0.20414462081128748
0.3157193605683837,0.23312611012433393,0.2477797513321492,0.2033747779751332
0.31233362910381546,0.22937000887311446,0.24578527062999111,0.21251109139307897
0.31643895989422655,0.2238871749669458,0.24724548259145,0.2124283825473777
0.32051282051282054,0.22458001768346597,0.246684350132626,0.20822281167108753
0.32304980167474656,0.22256500661084178,0.24239753195240193,0.2119876597620097
0.3247901016349978,0.2213875386654883,0.241714538223597,0.21210782147591692
0.3202470224966917,0.22099691221879136,0.24481693868548743,0.21393912659902956
0.31957857769973663,0.22300263388937663,0.24539069359086918,0.21202809482001755
0.31742556917688264,0.22373029772329248,0.24649737302977234,0.21234676007005254
0.31816192560175055,0.22450765864332603,0.2437636761487965,0.2135667396061269
0.3174464363795365,0.23261915172715347,0.2435505028421513,0.20638390905115872
0.3159509202453988,0.23006134969325154,0.2502191060473269,0.2037686240140228
0.3224381625441696,0.22438162544169613,0.24514134275618374,0.20803886925795054
0.32175824175824175,0.22637362637362637,0.2443956043956044,0.20747252747252748
0.3271848924022837,0.21958717610891523,0.24593763724198506,0.207290294246816
0.32369689005694263,0.21681997371879105,0.24310118265440211,0.21638195356986423
0.31895017793594305,0.21441281138790036,0.2513345195729537,0.21530249110320285
0.31076923076923074,0.210989010989011,0.24923076923076923,0.229010989010989
0.30171277997364954,0.2160737812911726,0.2463768115942029,0.23583662714097497
0.30879071842927264,0.21195894689870592,0.249888442659527,0.22936189201249443
0.3105425672695192,0.2161446846052051,0.24966916629907365,0.22364358182620203
0.3047703180212014,0.2151060070671378,0.25176678445229683,0.22835689045936397
0.30498016747465845,0.2115469369766417,0.250330542089026,0.23314235345967388
0.3014543851917144,0.21727633318642575,0.24944909651829,0.23182018510356986
0.304309969525468,0.21811057901610797,0.24902046147148454,0.2285589899869395
0.3066141042487954,0.21287779237844942,0.2457293035479632,0.23477879982479194
0.30999107939339876,0.21097234611953614,0.24843889384478143,0.23059768064228367
0.31537102473498235,0.20318021201413428,0.24867491166077738,0.232773851590106
0.3164113785557987,0.20831509846827134,0.24507658643326038,0.2301969365426696
0.31537450722733246,0.20893561103810776,0.24616732369689007,0.22952255803766974
0.3125548726953468,0.2115891132572432,0.2532923617208077,0.22256365232660227
0.3124448367166814,0.2118270079435128,0.2511032656663725,0.22462488967343336
0.3127792672028597,0.21537086684539766,0.2453083109919571,0.22654155495978553
0.3153914590747331,0.21218861209964412,0.24733096085409254,0.22508896797153025
0.307488986784141,0.2118942731277533,0.25418502202643173,0.226431718061674
0.30600613765892154,0.20955721174923278,0.2599736957474792,0.2244629548443665
0.3059181897302002,0.2123585726718886,0.2554395126196693,0.22628372497824195
0.30826410144293837,0.21687800612155664,0.25010931351114996,0.22474857892435504
0.31117957746478875,0.20246478873239437,0.25528169014084506,0.23107394366197184
0.30742049469964666,0.19964664310954064,0.2623674911660777,0.23056537102473498
0.30603258476442097,0.19594892118009688,0.26420079260237783,0.23381770145310435
0.306401766004415,0.18940397350993377,0.27549668874172184,0.22869757174392935
0.3025322079075966,0.18880497556641493,0.27676588183029766,0.2318969346956908
0.30859375,0.1796875,0.2803819444444444,0.23133680555555555
0.298021978021978,0.18153846153846154,0.28483516483516486,0.2356043956043956
0.29808529155787644,0.18450826805918188,0.2854656222802437,0.231940818102698
0.29352580927384075,0.1837270341207349,0.2847769028871391,0.2379702537182852
0.29254385964912283,0.18289473684210528,0.2850877192982456,0.2394736842105263
0.2938577110030932,0.18161732213875387,0.28501988510826337,0.23950508174988952
0.2984875444839858,0.17838078291814946,0.28113879003558717,0.24199288256227758
0.2965578111209179,0.176081200353045,0.2872903795233892,0.24007060900264784
0.3009320905459387,0.17354638260097646,0.28051486906347095,0.24500665778961384
0.29763986013986016,0.17482517482517482,0.2840909090909091,0.24344405594405594
0.2975609756097561,0.17073170731707318,0.2842572062084257,0.247450110864745
0.28962472406181017,0.17262693156732892,0.28565121412803535,0.2520971302428256
0.29295154185022027,0.1726872246696035,0.2801762114537445,0.25418502202643173
0.2936472678809418,0.1776988005330964,0.27232341181697023,0.25633051976899157
0.290223586146427,0.18018412976764578,0.27356422621657167,0.25602805786935556
0.28780487804878047,0.18314855875831484,0.2682926829268293,0.2607538802660754
0.286660777385159,0.18595406360424027,0.26899293286219084,0.2583922261484099
0.28771316134674246,0.1853957149103629,0.26322693484914733,0.26366418889374726
0.2901805372082783,0.19110523998238663,0.25935711140466755,0.25935711140466755
0.2911336568151742,0.18879576532862816,0.2615791795324217,0.25849139832377593
0.29726148409893993,0.1872791519434629,0.25662544169611307,0.2588339222614841
0.29846153846153844,0.18813186813186814,0.26065934065934065,0.25274725274725274
0.3014121800529568,0.19020300088261252,0.2546337157987643,0.25375110326566636
0.3037974683544304,0.18769096464426016,0.26058489742470536,0.24792666957660411
0.30548187444739167,0.1887709991158267,0.2541998231653404,0.2515473032714412
0.3105102485826428,0.18447448757086785,0.24901875272568688,0.25599651112080246
0.30489938757655294,0.18547681539807523,0.2541557305336833,0.2554680664916885
0.3075578855395369,0.1852337265181302,0.24464831804281345,0.26256006989951947
0.30408073716542344,0.18604651162790697,0.24879333040807372,0.26107942079859586
0.3077258838934963,0.18943692710606722,0.24574421649934527,0.2570929725010912
0.30417582417582417,0.19428571428571428,0.24,0.26153846153846155
0.3033112582781457,0.1902869757174393,0.23487858719646798,0.271523178807947
0.30078809106830123,0.19352014010507881,0.23073555166374782,0.27495621716287216
0.29964850615114236,0.20123022847100175,0.22934973637961337,0.2697715289982425
0.3006993006993007,0.1979895104895105,0.22727272727272727,0.27403846153846156
0.2964426877470356,0.20202020202020202,0.23100570926657882,0.27053140096618356
0.29019434628975266,0.20229681978798586,0.23542402826855124,0.27208480565371024
0.2965065502183406,0.19388646288209607,0.23755458515283842,0.2720524017467249
0.2995633187772926,0.1978165938864629,0.23449781659388647,0.26812227074235806
0.30486202365308807,0.19710906701708278,0.23215067893123084,0.2658782303985983
0.3051890941072999,0.1961301671064204,0.23087071240105542,0.2678100263852243
0.2963771278917503,0.19554779572239198,0.23134002618943691,0.27673505019642075
0.3030701754385965,0.1899122807017544,0.2324561403508772,0.27456140350877195
0.3000871080139373,0.1916376306620209,0.2273519163763066,0.2809233449477352
0.3048245614035088,0.19078947368421054,0.23026315789473684,0.2741228070175439
0.30786317192358953,0.1896934695690804,0.2305641936916926,0.2718791648156375
0.3064373897707231,0.18871252204585537,0.22883597883597884,0.2760141093474427
0.3074561403508772,0.18947368421052632,0.22982456140350876,0.27324561403508774
0.3035635723713154,0.1922569291684998,0.23185217773867137,0.27232732072151344
0.3039647577092511,0.1894273127753304,0.23171806167400882,0.2748898678414097
0.31016278046634405,0.18609766827980642,0.2358117025956885,0.267927848658161
0.3022437307523097,0.19313682358117026,0.22921249450065992,0.2754069511658601
0.30013106159895153,0.19484491044124072,0.22717343818261249,0.2778505897771953
0.3053839364518976,0.19064430714916153,0.22859664607237423,0.27537511032656664
0.2948661693725318,0.19043440105309345,0.22904782799473453,0.2856516015796402
0.3019451812555261,0.19363395225464192,0.23253757736516356,0.2718832891246684
0.2989872302950242,0.19374724790841039,0.2285336856010568,0.27873183619550856
0.29730921923246584,0.19585355094838994,0.23423026025584473,0.2726069695632995
0.29243623570800353,0.20008795074758134,0.23658751099384345,0.27088830255057167
0.29367866549604915,0.19885864793678665,0.23880597014925373,0.26865671641791045
0.29173989455184535,0.20210896309314588,0.2429701230228471,0.2631810193321617
0.29908176650634016,0.19895059029296022,0.2431132487975514,0.2588543944031482
0.29995627459554003,0.19763882815916048,0.240052470485352,0.2623524267599475
0.29244444444444445,0.19822222222222222,0.24533333333333332,0.264
0.2974628171478565,0.19641294838145232,0.24059492563429571,0.2655293088363955
0.3010226767452201,0.19608714984437528,0.2418852823477101,0.26100489106269453
0.2995211144971702,0.19721375707444494,0.24249020461471485,0.26077492381367
0.3002645502645503,0.1970899470899471,0.24514991181657847,0.25749559082892415
0.2969991173874669,0.19461606354810237,0.24757281553398058,0.26081200353045014
0.3017699115044248,0.18716814159292036,0.2491150442477876,0.26194690265486725
0.2975352112676056,0.18661971830985916,0.2517605633802817,0.2640845070422535
0.2989916703200351,0.1850065760631302,0.2538360368259535,0.2621657167908812
0.3017543859649123,0.17850877192982456,0.24868421052631579,0.2710526315789474
0.3017958826106001,0.1738939991239597,0.2518615856329391,0.2724485326325011
0.29666958808063104,0.17703768624014024,0.25503943908851884,0.2712532865907099
0.2947136563876652,0.18061674008810572,0.2515418502202643,0.27312775330396477
0.2959858844287605,0.18217909131010146,0.24966916629907365,0.2721658579620644
0.2937000887311446,0.18278615794143743,0.2484472049689441,0.27506654835847383
0.29317980513728964,0.18024800708591673,0.2471213463241807,0.27945084145261295
0.2920353982300885,0.18230088495575222,0.24734513274336284,0.27831858407079646
0.29096545615589015,0.18644818423383525,0.2466784765279008,0.2759078830823738
0.2917220008853475,0.18946436476316955,0.2474546259406817,0.27135900841080124
0.29063604240282687,0.18507067137809188,0.25309187279151946,0.2712014134275618
0.29832303618711387,0.18137687555163284,0.2524271844660194,0.2678729037952339
0.2932330827067669,0.18443166740380362,0.25121627598407786,0.2711189739053516
0.2963780918727915,0.18418727915194347,0.24381625441696114,0.2756183745583039
0.295316565481353,0.18907198612315698,0.24804856895056374,0.2675628794449263
0.28960070206230804,0.18692408951294429,0.24440544098288722,0.27906976744186046
0.28938053097345134,0.18716814159292036,0.2420353982300885,0.2814159292035398
0.28777292576419217,0.19344978165938864,0.24017467248908297,0.2786026200873362
0.28083989501312334,0.19116360454943132,0.24453193350831146,0.28346456692913385
0.28314310798946446,0.1935908691834943,0.24539069359086918,0.2778753292361721
0.2933684672815108,0.18840579710144928,0.24418093983311376,0.2740447957839262
0.29507475813544415,0.18997361477572558,0.24010554089709762,0.2748460861917326
0.29677134011499334,0.1968155683325962,0.23927465723131358,0.26713843432109685
0.29318681318681317,0.1986813186813187,0.23956043956043957,0.26857142857142857
0.2889969067609368,0.19619973486522316,0.2421564295183385,0.27264692885550157
0.28884986830553117,0.1935908691834943,0.24802458296751537,0.26953467954345917
0.28969482529854046,0.19371959310039805,0.24988942945599293,0.26669615214506853
0.2871636524040582,0.1910013233348037,0.24834583149536832,0.2734891927657697
0.27987697715289983,0.19507908611599298,0.2517574692442882,0.273286467486819
0.2793791574279379,0.19379157427937915,0.2501108647450111,0.27671840354767185
0.28370663153271847,0.19367588932806323,0.24989020641194554,0.2727272727272727
0.2864120781527531,0.19849023090586146,0.24600355239786856,0.2690941385435169
0.2869796279893711,0.1975199291408326,0.24269264836138174,0.2728077945084145
0.29028021015761823,0.20359019264448336,0.23905429071803852,0.2670753064798599
0.2870981946279172,0.21003963011889035,0.23690004403346543,0.265962131219727
0.2907801418439716,0.20611702127659576,0.23182624113475178,0.2712765957446808
0.29117259552042163,0.20377689942907334,0.23803249890206413,0.26701800614844096
0.2937554969217238,0.20492524186455585,0.23614775725593667,0.26517150395778366
0.2931937172774869,0.20593368237347295,0.23472949389179756,0.2661431064572426
0.2964426877470356,0.20245937637241984,0.23539745278875715,0.26570048309178745
0.30070546737213405,0.20238095238095238,0.22839506172839505,0.26851851851851855
0.30594405594405594,0.20804195804195805,0.23076923076923078,0.25524475524475526
0.2963940193491645,0.20668425681618294,0.23131046613896217,0.26561125769569044
0.3046909250328803,0.20648838228846997,0.23016220955721176,0.25865848312143797
0.29605263157894735,0.20964912280701756,0.23289473684210527,0.2614035087719298
0.3006134969325153,0.20902716914986855,0.22787028921998248,0.2624890446976337
0.3022026431718062,0.2092511013215859,0.22687224669603523,0.2616740088105727
0.2985468956406869,0.21576398062527521,0.2285336856010568,0.2571554381329811
0.2909330985915493,0.21346830985915494,0.23371478873239437,0.26188380281690143
0.289925208974923,0.21777386713594368,0.2336119665640123,0.258688957325121
0.28508578970523535,0.22041355037395513,0.2336119665640123,0.2608886933567972
0.29052258635961026,0.22320637732506643,0.23029229406554472,0.25597874224977857
0.290223586146427,0.22577816747040771,0.22884699693117053,0.25515124945199474
0.29164825452938575,0.21961997348652232,0.22492266902342023,0.26380910296067167
0.29199648197009676,0.22031662269129287,0.22251539138082674,0.26517150395778366
0.28954305799648505,0.22539543057996486,0.21968365553602812,0.26537785588752194
0.2922473867595819,0.22560975609756098,0.22168989547038329,0.2604529616724739
0.2929824561403509,0.21929824561403508,0.21973684210526315,0.2679824561403509
0.28921568627450983,0.22281639928698752,0.22459893048128343,0.26336898395721925
0.2864698104892023,0.23093873953283384,0.22168356104010578,0.2609078889378581
0.2882327016306743,0.22785368003525783,0.22124283825473778,0.2626707800793301
0.2871547566856642,0.2240245506356861,0.2253397632617273,0.2634809294169224
0.28324468085106386,0.2300531914893617,0.2225177304964539,0.2641843971631206
0.28116710875331563,0.22634836427939875,0.22148541114058357,0.27099911582670205
0.27460456942003514,0.23110720562390158,0.218804920913884,0.27548330404217924
0.27569686411149824,0.22996515679442509,0.22343205574912892,0.27090592334494773
0.2663448881088197,0.2277314611671786,0.23080298376480912,0.27512066695919263
0.2657218777679362,0.22586359610274578,0.22320637732506643,0.28520814880425155
0.2661965623622741,0.22520934332304982,0.22961657117672984,0.2789775231379462
0.2597459483136224,0.22952255803766974,0.22733245729303547,0.2833990363556724
0.25332741792369123,0.22981366459627328,0.2302573203194321,0.28660159716060335
0.2505533421868083,0.23284639220894202,0.22930500221336875,0.2872952633908809
0.25935711140466755,0.2289740202553941,0.22765301629238222,0.28401585204755614
0.25088495575221237,0.22831858407079647,0.23185840707964603,0.28893805309734516
0.2540947321823816,0.23063302346170872,0.22797698096502877,0.2872952633908809
0.2602131438721137,0.22868561278863234,0.22291296625222023,0.28818827708703376
0.25851528384279476,0.22969432314410482,0.2205240174672489,0.29126637554585155
0.2604303908651735,0.23144488361879667,0.2160737812911726,0.2920509442248573
0.26257722859664606,0.23080317740511916,0.2175639894086496,0.2890556045895852
0.26258205689277897,0.23457330415754923,0.21181619256017506,0.2910284463894967
0.26123348017621145,0.23524229074889869,0.21497797356828194,0.28854625550660795
0.25300668151447664,0.23875278396436525,0.21202672605790646,0.2962138084632517
0.24923211935059236,0.24396665204036858,0.21237384817902588,0.29442738043001315
0.2528786536758193,0.23870682019486272,0.21169176262178918,0.2967227635075288
0.25209343323049804,0.23666813574261789,0.21375055090348172,0.2974878801234024
0.2503293807641634,0.23100570926657882,0.21870882740447958,0.29995608256477824
0.25505716798592787,0.22515391380826738,0.21635883905013192,0.3034300791556728
0.25197195442594217,0.23006134969325154,0.21866783523225242,0.2992988606485539
0.25937362152624616,0.23114247904719895,0.21349801499779444,0.2959858844287605
0.2588339222614841,0.22924028268551236,0.22040636042402828,0.2915194346289753
0.26171529619805484,0.23253757736516356,0.21927497789566755,0.2864721485411141
0.2604303908651735,0.2362758014931928,0.21651295564339043,0.2867808519982433
0.2618213660245184,0.24080560420315236,0.21147110332749564,0.28590192644483364
0.2601410934744268,0.2429453262786596,0.2156084656084656,0.281305114638448
0.2634836427939876,0.24005305039787797,0.21573828470380194,0.2807250221043324
0.26938413823659724,0.24014178112538767,0.2104563579973416,0.2800177226406735
0.2657677250978686,0.2435841670291431,0.21357111787733798,0.2770769899956503
0.2615996464869642,0.241714538223597,0.21652673442333187,0.2801590808661069
0.2634338138925295,0.23940585408475318,0.2214941022280472,0.27566622979467015
0.2589010989010989,0.2378021978021978,0.22153846153846155,0.28175824175824177
0.26595744680851063,0.23315602836879432,0.22296099290780141,0.2779255319148936
0.26607929515418505,0.23876651982378855,0.2185022026431718,0.27665198237885463
0.2720070422535211,0.23107394366197184,0.22403169014084506,0.272887323943662
0.2658396101019052,0.2370403190075321,0.22197607443509082,0.2751439964554719
0.2630415561450044,0.23607427055702918,0.22281167108753316,0.2780725022104332
0.26622222222222225,0.2368888888888889,0.22044444444444444,0.27644444444444444
0.2636165577342048,0.23616557734204793,0.220479302832244,0.2797385620915033
0.26704795424549055,0.23757149142102948,0.22393312802463705,0.27144742630884294
0.2689443714410863,0.2378449408672799,0.22163819535698642,0.2715724923346474
0.269806338028169,0.2363556338028169,0.2205105633802817,0.2733274647887324
0.2701525054466231,0.23616557734204793,0.21917211328976036,0.27450980392156865
0.2654320987654321,0.2345679012345679,0.2244268077601411,0.27557319223985893
0.2603757099169943,0.23328964613368283,0.2254259501965924,0.2809086937527305
0.25961963732861565,0.2335249889429456,0.22910216718266255,0.27775320654577623
0.25558965366067515,0.23191582639193337,0.2362998684787374,0.2761946514686541
0.2534459759893286,0.23254779902178746,0.2387727879057359,0.27523343708314807
0.2551422319474836,0.22800875273522975,0.23982494529540482,0.27702407002188184
0.24978127734033245,0.22878390201224846,0.2436570428696413,0.2777777777777778
0.24395604395604395,0.23076923076923078,0.24835164835164836,0.27692307692307694
0.2460387323943662,0.23107394366197184,0.2482394366197183,0.2746478873239437
0.2460387323943662,0.22755281690140844,0.24779929577464788,0.27860915492957744
0.24424778761061947,0.23097345132743363,0.24646017699115044,0.27831858407079646
0.24212860310421286,0.2328159645232816,0.24478935698447893,0.2802660753880266
0.24342105263157895,0.23596491228070177,0.24649122807017543,0.2741228070175439
0.248562582927908,0.23529411764705882,0.24590888987173817,0.27023440955329503
0.2501091226538629,0.2409428197293758,0.2426887821911829,0.26625927542557837
0.2543046357615894,0.2401766004415011,0.23885209713024283,0.26666666666666666
0.2545691906005222,0.2402088772845953,0.23368146214099217,0.27154046997389036
0.25666812418014867,0.2404897245299519,0.23393091386095322,0.26891123742894624
0.2571554381329811,0.23734037868780272,0.242184059885513,0.2633201232937032
0.2609841827768014,0.2390158172231986,0.24033391915641475,0.2596660808435852
0.2600087989441267,0.2432908051033876,0.23625164980202376,0.26044874615046193
0.26532399299474607,0.2434325744308231,0.23073555166374782,0.260507880910683
0.2647189021691014,0.24169986719787517,0.22709163346613545,0.266489597166888
0.26865008880994673,0.24289520426287745,0.22735346358792186,0.261101243339254
0.2650918635170604,0.24146981627296588,0.23009623797025372,0.26334208223972005
0.27040141155712394,0.2399647110719012,0.2333480370533745,0.2562858403176004
0.27224669603524226,0.23480176211453743,0.2365638766519824,0.2563876651982379
0.2693321616871705,0.23418277680140598,0.2438488576449912,0.2526362038664323
0.27132125497127707,0.2403888643393725,0.23950508174988952,0.2487847989394609
0.26821773485513606,0.24363476733977174,0.24319578577699735,0.24495171202809482
0.26513477684489617,0.24348210340256296,0.24083075563411402,0.25055236411842685
0.26843267108167773,0.24061810154525387,0.24061810154525387,0.2503311258278146
0.2623674911660777,0.24072438162544169,0.24514134275618374,0.25176678445229683
0.2600087989441267,0.2402111746590409,0.2432908051033876,0.2564892212934448
0.26681318681318683,0.24,0.23868131868131867,0.2545054945054945
0.2677405311275577,0.24249020461471485,0.239007400957771,0.2507618632999565
0.26756874727193364,0.2439982540375382,0.23614142295940638,0.25229157573112176
0.26672535211267606,0.24911971830985916,0.23415492957746478,0.25
0.2650442477876106,0.252212389380531,0.23584070796460177,0.24690265486725663
0.26350752878653677,0.2528786536758193,0.2329495128432241,0.25066430469441986
0.2680457746478873,0.2548415492957746,0.2262323943661972,0.25088028169014087
0.2678100263852243,0.2546174142480211,0.22383465259454705,0.2537379067722076
0.26681318681318683,0.2571428571428571,0.22241758241758242,0.25362637362637364
0.2643171806167401,0.2599118942731278,0.22555066079295155,0.25022026431718064
0.2651080723423026,0.2606969563299515,0.22805469783855314,0.24614027348919276
0.2655217965653897,0.2619991193306913,0.22765301629238222,0.24482606781153676
0.2703296703296703,0.2610989010989011,0.22197802197802197,0.2465934065934066
0.2745955400087451,0.254919108001749,0.22518583296895497,0.24529951902055094
0.2749003984063745,0.2527667109340416,0.22089420097388224,0.25143868968570166
0.27232732072151344,0.25296964364276286,0.22613286405631325,0.24857017157941047
0.2730512249443207,0.25033407572383076,0.22583518930957683,0.2507795100222717
0.26818384649709953,0.24453369031682284,0.23159303882195448,0.2556894243641232
0.27049539675580886,0.24462954844366505,0.23366944322665498,0.2512056115738711
0.27408056042031526,0.24168126094570927,0.2276707530647986,0.2565674255691769
0.2734132268086995,0.23879272081668887,0.22902796271637815,0.25876608965823344
0.2737115634473798,0.24339540926808143,0.22823733217843223,0.2546556951061065
0.27699736611062337,0.24100087796312555,0.23266022827041263,0.24934152765583845
0.26941641070645017,0.24572180781044317,0.2343132953049583,0.2505484861781483
0.27113447218572057,0.24003504161191414,0.2360928602715725,0.2527376259307928
0.26675485008818345,0.23809523809523808,0.23941798941798942,0.25573192239858905
0.26704545454545453,0.24431818181818182,0.23426573426573427,0.2543706293706294
0.26449912126537783,0.24736379613356765,0.23945518453427064,0.24868189806678384
0.2674315975286849,0.2502206531332745,0.23698146513680493,0.24536628420123566
0.2671957671957672,0.25044091710758376,0.23192239858906524,0.25044091710758376
0.26857142857142857,0.25142857142857145,0.229010989010989,0.250989010989011
0.2695690413368514,0.2532981530343008,0.22559366754617413,0.2515391380826737
0.2690798081116441,0.25207152202354993,0.2211077191452246,0.2577409507195813
0.2693646649260226,0.2506527415143603,0.2245430809399478,0.2554395126196693
0.27644444444444444,0.24844444444444444,0.21733333333333332,0.2577777777777778
0.28123620309050773,0.24194260485651214,0.2229580573951435,0.25386313465783666
0.2761989342806394,0.24511545293072823,0.21891651865008882,0.25976909413854354
0.27352682497801234,0.24538258575197888,0.2233948988566403,0.25769569041336854
0.27005699254712845,0.24638316527838666,0.22139412538360367,0.2621657167908812
0.2777053455019557,0.2390265102129509,0.22511951325510648,0.258148631029987
0.26953467954345917,0.23880597014925373,0.22300263388937663,0.26865671641791045
0.2721297107800175,0.23444347063978965,0.22480280455740578,0.268624014022787
0.2774869109947644,0.2369109947643979,0.22643979057591623,0.2591623036649215
0.27955555555555556,0.2328888888888889,0.22266666666666668,0.2648888888888889
0.2769297863061492,0.2324465765372874,0.2245965983427824,0.2660270388137811
0.27380952380952384,0.23500881834215168,0.2244268077601411,0.26675485008818345
0.2779991146525011,0.2297476759628154,0.22532093846834883,0.26693227091633465
0.28320911880754057,0.22490135905304692,0.22314774221832528,0.2687417799210872
0.2821080602302923,0.2316209034543844,0.22232063773250665,0.26395039858281666
0.28294402820625825,0.23137946231820186,0.21815777875716175,0.2675187307183781
0.28294402820625825,0.23182018510356986,0.21727633318642575,0.26795945350374617
0.28615249780893953,0.22699386503067484,0.22085889570552147,0.2659947414548642
0.28236853733981443,0.23155103844454264,0.2222713212549713,0.26380910296067167
0.28226514486391574,0.22651448639157157,0.22388059701492538,0.26733977172958734
0.2829610162067455,0.231712658782304,0.22163819535698642,0.2636881296539641
0.2831509846827133,0.2301969365426696,0.2201312910284464,0.26652078774617066
0.27980852915578763,0.23672758920800696,0.21583986074847694,0.26762402088772846
0.2785651018600531,0.23516386182462357,0.2201062887511072,0.2661647475642161
0.2812223206377325,0.23472099202834368,0.21966341895482727,0.26439326837909655
0.2833186231244484,0.23036187113857018,0.22550750220653135,0.26081200353045014
0.28047703180212014,0.2310070671378092,0.22835689045936397,0.26015901060070673
0.27666083916083917,0.23295454545454544,0.22814685314685315,0.26223776223776224
0.2795414462081129,0.22839506172839505,0.2239858906525573,0.26807760141093473
0.2780960775672102,0.23049801674746584,0.2243278977523138,0.2670780079330101
0.269806338028169,0.23503521126760563,0.2323943661971831,0.26276408450704225
0.2701275846898372,0.23669159700835898,0.22701275846898372,0.26616805983282005
0.2682926829268293,0.23458980044345898,0.23015521064301553,0.26696230598669624
0.26831421006178285,0.23698146513680493,0.23080317740511916,0.263901147396293
0.2720491443615621,0.23519087318999563,0.23080298376480912,0.26195699868363315
0.2655217965653897,0.2408630559225011,0.22985468956406868,0.2637604579480405
0.2645620275678079,0.24455313472654513,0.23165851489550912,0.25922632281013785
0.2710975076519458,0.23874070835155226,0.2334936598163533,0.25666812418014867
0.27165354330708663,0.23622047244094488,0.22965879265091863,0.26246719160104987
0.2732919254658385,0.2329192546583851,0.23070097604259096,0.26308784383318545
0.27015057573073514,0.2320637732506643,0.23472099202834368,0.2630646589902569
0.2754385964912281,0.23114035087719298,0.2355263157894737,0.2578947368421053
0.2690288713910761,0.23753280839895013,0.22922134733158356,0.2642169728783902
0.26909569798068483,0.237928007023705,0.23002633889376647,0.26294995610184374
0.26387665198237886,0.24052863436123348,0.23700440528634362,0.25859030837004404
0.269687637483502,0.23933128024637043,0.2358117025956885,0.2551693796744391
0.2606406318560772,0.2448442299254059,0.2387011847301448,0.2558139534883721
0.26581158779301195,0.23706324635117204,0.23839009287925697,0.25873507297655907
0.26914660831509846,0.23676148796498905,0.23544857768052516,0.25864332603938733
0.26845342706502634,0.242091388400703,0.23286467486818982,0.2565905096660808
0.2621231979030144,0.24202708606378331,0.2346002621231979,0.26124945391000437
0.2683887915936953,0.23555166374781086,0.23774080560420316,0.2583187390542907
0.26517150395778366,0.23658751099384345,0.23834652594547054,0.2598944591029024
0.2621057307863172,0.23678365171035096,0.23767214571301643,0.26343847179031543
0.256993006993007,0.23863636363636365,0.23994755244755245,0.2644230769230769
0.25704225352112675,0.2420774647887324,0.23723591549295775,0.2636443661971831
0.25297487880123404,0.24416042309387395,0.2388717496694579,0.26399294843543414
0.2553846153846154,0.2408791208791209,0.23824175824175825,0.2654945054945055
0.2471213463241807,0.24180690876882197,0.24313551815766166,0.2679362267493357
0.2469244288224956,0.24868189806678384,0.24253075571177504,0.2618629173989455
0.24486226497595104,0.2544818539571491,0.23917796239615216,0.2614779186707477
0.2475642161204606,0.2524357838795394,0.2382639503985828,0.26173604960141716
