C,D,Oc,Od
0.0,1.0,0.0,0.0
0.0,1.0,0.0,0.0
0.0,0.9090909090909091,0.09090909090909091,0.0
0.0,0.8181818181818182,0.09090909090909091,0.09090909090909091
0.0,0.8205128205128205,0.10256410256410256,0.07692307692307693
0.03076923076923077,0.8153846153846154,0.1076923076923077,0.046153846153846156
0.05319148936170213,0.7553191489361702,0.11702127659574468,0.07446808510638298
0.05555555555555555,0.6984126984126984,0.12698412698412698,0.11904761904761904
0.05813953488372093,0.6744186046511628,0.11627906976744186,0.1511627906976744
0.08189655172413793,0.5991379310344828,0.1206896551724138,0.19827586206896552
0.09646302250803858,0.5594855305466238,0.13504823151125403,0.2090032154340836
0.12098765432098765,0.5185185185185185,0.1382716049382716,0.2222222222222222
0.12770137524557956,0.47347740667976423,0.14341846758349705,0.2554027504911591
0.13990461049284578,0.4435612082670906,0.15580286168521462,0.26073131955484896
0.1383399209486166,0.42028985507246375,0.16469038208168643,0.2766798418972332
0.14058956916099774,0.3854875283446712,0.17913832199546487,0.2947845804988662
0.15377176015473887,0.35493230174081236,0.18471953578336556,0.3065764023210832
0.16074450084602368,0.3350253807106599,0.19204737732656516,0.31218274111675126
0.16592261904761904,0.32068452380952384,0.19270833333333334,0.32068452380952384
0.16578249336870027,0.3063660477453581,0.1989389920424403,0.32891246684350134
0.17040630685263797,0.296543359611886,0.19830200121285627,0.33474833232261975
0.17280453257790368,0.2934844192634561,0.2,0.3337110481586402
0.17456093666844066,0.2847259180415114,0.20755721128259713,0.33315593400745075
0.17086693548387097,0.2878024193548387,0.20766129032258066,0.3336693548387097
0.16371681415929204,0.2866273352999017,0.204031465093412,0.3456243854473943
0.16550764951321278,0.2832637923041261,0.21001390820584145,0.34121464997681966
0.16140667267808836,0.28539224526600543,0.21776375112714158,0.33543733092876465
0.168141592920354,0.2774336283185841,0.22212389380530972,0.3323008849557522
0.16768558951965065,0.28296943231441046,0.2240174672489083,0.32532751091703055
0.17535335689045936,0.28136042402826855,0.22173144876325088,0.3215547703180212
0.17349185380889476,0.2800528401585205,0.21796565389696168,0.3284896521356231
0.17709251101321585,0.2854625550660793,0.2171806167400881,0.32026431718061676
0.17553191489361702,0.2898936170212766,0.21631205673758866,0.3182624113475177
0.1780821917808219,0.2845779938135219,0.21608484312859036,0.3212549712770658
0.17618839947666812,0.29044919319668555,0.2154382904491932,0.31792411687745314
0.17761128250330543,0.2899955927721463,0.21859850154252974,0.3137946231820185
0.1822594880847308,0.2961165048543689,0.21403353927625773,0.30759046778464255
0.18209741114523914,0.29354980254497587,0.21412900394910048,0.3102237823606845
0.17866549604916593,0.2976294995610184,0.21553994732221246,0.30816505706760317
0.18025561921551345,0.2904363155575143,0.21330982811811372,0.31599823710885855
0.17989417989417988,0.29365079365079366,0.21075837742504408,0.31569664902998235
0.18089340999557718,0.30163644405130474,0.20743034055727555,0.3100398053958425
0.18411712511091394,0.29991126885536823,0.21162377994676132,0.30434782608695654
0.17939609236234458,0.3006216696269982,0.2180284191829485,0.3019538188277087
0.18624014022787028,0.30850131463628394,0.21209465381244522,0.29316389132340054
0.18361955085865259,0.30603258476442097,0.2175253192426244,0.29282254513430206
0.18193717277486912,0.3106457242582897,0.21422338568935428,0.2931937172774869
0.18528252299605782,0.3088042049934297,0.21243977222952257,0.2934734997809899
0.18201851035698546,0.29925077126487437,0.21903922432789774,0.2996914940502424
0.17978021978021977,0.3032967032967033,0.21978021978021978,0.29714285714285715
0.18049426301853486,0.3027360988526037,0.2210944395410415,0.29567519858781993
0.17914438502673796,0.30704099821746883,0.2232620320855615,0.2905525846702317
0.18365553602811951,0.3115114235500879,0.22319859402460457,0.28163444639718804
0.18245923314235346,0.30630233583076244,0.2247686205376818,0.2864698104892023
0.1861281826163301,0.3064091308165057,0.21992976294995611,0.28753292361720806
0.1857707509881423,0.3021519543258674,0.2178304787000439,0.29424681598594643
0.1817779743476338,0.30296329057938964,0.2184873949579832,0.29677134011499334
0.18543046357615894,0.29713024282560707,0.21986754966887417,0.2975717439293598
0.17885462555066078,0.29779735682819386,0.22951541850220264,0.2938325991189427
0.18209741114523914,0.2882843352347521,0.22860903905221588,0.3010092145677929
0.1796669588080631,0.2962313759859772,0.22042068361086767,0.30368098159509205
0.18375499334221038,0.29116733244562804,0.2205947625388371,0.3044829116733245
0.1909814323607427,0.29442970822281167,0.21529619805481875,0.29929266136162685
0.18626155878467635,0.29810656098634963,0.22148833113166005,0.29414354909731394
0.18713968957871396,0.29490022172949004,0.21862527716186253,0.29933481152993346
0.18885448916408668,0.29721362229102166,0.21804511278195488,0.29588677576293676
0.18141980718667836,0.2992988606485539,0.22261174408413673,0.29666958808063104
0.18494055482166447,0.29282254513430206,0.22236900044033464,0.2998678996036988
0.18328254244666956,0.29255550718328255,0.22159338267305181,0.3025685676969961
0.18229854689564068,0.29238221047996477,0.22236900044033464,0.30295024218405986
0.1851363236587511,0.29023746701846964,0.22251539138082674,0.3021108179419525
0.18286219081272084,0.29328621908127206,0.22659010600706714,0.29726148409893993
0.18580192813321647,0.2936021034180543,0.22567922874671342,0.29491673970201576
0.18678915135608049,0.29133858267716534,0.23053368328958881,0.29133858267716534
0.1903930131004367,0.28951965065502183,0.22532751091703057,0.29475982532751094
0.18954827280779452,0.295837023914969,0.22276350752878654,0.29185119574845
0.19093708754949407,0.2943246810382754,0.22085349758029035,0.2938847338319402
0.19679430097951914,0.2871772039180766,0.22217275155832591,0.29385574354407834
0.19458018658374057,0.2905375388716126,0.21856952465570859,0.29631274988893824
0.19306713470820536,0.2961825362000878,0.22027204914436158,0.2904782799473453
0.19104084321475626,0.287659200702679,0.22485726833552921,0.2964426877470356
0.1924923614142296,0.2937581841990397,0.2208642514185945,0.2928852029681362
0.1958041958041958,0.28321678321678323,0.2263986013986014,0.2945804195804196
0.20078740157480315,0.2795275590551181,0.23009623797025372,0.289588801399825
0.20352422907488987,0.28502202643171803,0.2277533039647577,0.28370044052863436
0.20385795703638754,0.28189390618149934,0.22665497588776853,0.2875931608943446
0.20796847635726795,0.27583187390542907,0.2276707530647986,0.28852889667250436
0.20325560932688078,0.2855257369115706,0.22481302243730752,0.2864056313242411
0.2013215859030837,0.28854625550660795,0.22555066079295155,0.2845814977973568
0.2011468901632113,0.28495809439788267,0.22320247022496692,0.2906925452139391
0.20415377817057004,0.2828104286345559,0.22492266902342023,0.28811312417145385
0.20534521158129176,0.2815144766146993,0.22048997772828507,0.29265033407572383
0.20838911200356983,0.27710843373493976,0.22757697456492637,0.286925479696564
0.2134931202840657,0.28051486906347095,0.22148246782068354,0.28450954283177987
0.2170849845882871,0.277851166886834,0.22280933509467196,0.28225451343020697
0.2113676731793961,0.27708703374777977,0.2255772646536412,0.28596802841918295
0.2121746801940891,0.2787825319805911,0.22805469783855314,0.28098808998676666
0.21054945054945054,0.2778021978021978,0.23296703296703297,0.2786813186813187
0.21549847627340007,0.2751414888985633,0.2346538963865912,0.27470613844144537
0.21353711790393012,0.27685589519650655,0.2331877729257642,0.27641921397379915
0.20930232558139536,0.282141290039491,0.23211935059236508,0.27643703378674855
0.21161460624725034,0.28244610646722396,0.23141223053233612,0.2745270567531896
0.20881057268722467,0.2872246696035242,0.22951541850220264,0.27444933920704845
0.20470383275261325,0.2896341463414634,0.22822299651567945,0.2774390243902439
0.20772946859903382,0.2933684672815108,0.22968818620992534,0.2692138779095301
0.20915896081021576,0.289740202553941,0.23249669749009247,0.26860413914575076
0.21526853084775854,0.2831779849090102,0.2334664891256103,0.26808699511762096
0.2130281690140845,0.28125,0.23415492957746478,0.2715669014084507
0.21147902869757174,0.28300220750551874,0.23664459161147902,0.26887417218543047
0.2169853268119164,0.27834593152512227,0.23966207203201423,0.2650066696309471
0.2175824175824176,0.27076923076923076,0.2421978021978022,0.26945054945054947
0.22355555555555556,0.2702222222222222,0.24133333333333334,0.2648888888888889
0.23237250554323724,0.26917960088691795,0.2407982261640798,0.25764966740576495
0.22532751091703057,0.2694323144104803,0.23973799126637554,0.26550218340611353
0.22241758241758242,0.2703296703296703,0.24527472527472527,0.261978021978022
0.2230565371024735,0.2712014134275618,0.24514134275618374,0.26060070671378094
0.22474857892435504,0.2710975076519458,0.2444250109313511,0.25972890249234803
0.22884699693117053,0.2661113546690048,0.24813678211310827,0.2569048662867163
0.22918531781557744,0.26768128916741274,0.24798567591763654,0.25514771709937334
0.2341910161360663,0.26689925861317054,0.24858264282599216,0.25032708242477103
0.23046181172291297,0.272202486678508,0.24511545293072823,0.2522202486678508
0.23259911894273128,0.2696035242290749,0.2431718061674009,0.25462555066079295
0.23306948109058928,0.2726473175021988,0.24098504837291118,0.2532981530343008
0.2357080035180299,0.2678100263852243,0.24010554089709762,0.2563764291996482
0.2381161971830986,0.2720070422535211,0.23459507042253522,0.25528169014084506
0.24089512944273805,0.26810004387889425,0.23826239578762615,0.25274243089074155
0.24063464081092992,0.2666372851476421,0.24327897752313796,0.24944909651829
0.2336244541484716,0.27336244541484717,0.2423580786026201,0.25065502183406113
0.2311756935270806,0.26948480845442535,0.2426243945398503,0.2567151034786438
0.23472099202834368,0.26705048715677593,0.25110717449069975,0.2471213463241807
0.2304635761589404,0.26225165562913905,0.25474613686534214,0.2525386313465784
0.23110528615115772,0.2603757099169943,0.2525120139799039,0.2560069899519441
0.23215859030837005,0.24933920704845816,0.252863436123348,0.26563876651982377
0.22913907284768212,0.25298013245033113,0.25342163355408387,0.26445916114790285
0.23194748358862144,0.24682713347921226,0.2551422319474836,0.2660831509846827
0.23709536307961504,0.24715660542432197,0.25196850393700787,0.2637795275590551
0.22879858657243815,0.2508833922261484,0.25618374558303886,0.26413427561837455
0.23374340949033393,0.24736379613356765,0.257908611599297,0.2609841827768014
0.2276923076923077,0.25758241758241757,0.25142857142857145,0.2632967032967033
0.23228346456692914,0.2515310586176728,0.25984251968503935,0.2563429571303587
0.22996057818659657,0.25098554533508544,0.25711782742006134,0.2619360490582567
0.2291296625222025,0.2539964476021314,0.25932504440497334,0.25754884547069273
0.23666813574261789,0.254737769942706,0.25253415601586604,0.2560599382988101
0.2354230600613766,0.24506795265234546,0.2533976326172731,0.2661113546690048
0.23413566739606126,0.25295404814004374,0.25470459518599564,0.25820568927789933
0.23391304347826086,0.24913043478260868,0.2582608695652174,0.25869565217391305
0.23550087873462214,0.24428822495606328,0.2561511423550088,0.2640597539543058
0.23273207215134184,0.24373075230972283,0.258688957325121,0.2648482182138143
0.23427812223206376,0.24490699734278124,0.254207263064659,0.26660761736049604
0.23609885260370697,0.24315975286849073,0.25684024713150927,0.263901147396293
0.23646850044365572,0.2422360248447205,0.2524401064773736,0.2688553682342502
0.23407992973210365,0.24286341677646026,0.25823451910408435,0.2648221343873518
0.23834886817576564,0.24145583666222814,0.2521083000443853,0.26808699511762096
0.24569155987627045,0.2412726469288555,0.2479010163499779,0.26513477684489617
0.24758983347940403,0.24145486415425066,0.24233128834355827,0.268624014022787
0.24671916010498687,0.24059492563429571,0.24190726159230097,0.27077865266841644
0.24911347517730498,0.24069148936170212,0.2473404255319149,0.262854609929078
0.25558965366067515,0.2362998684787374,0.24419114423498467,0.2639193336256028
0.25984251968503935,0.23665791776027997,0.24234470691163604,0.26115485564304464
0.2580502867225408,0.23952359947066607,0.24084693427437143,0.2615791795324217
0.26117751217352814,0.24435590969455512,0.23328906595838866,0.26117751217352814
0.25772285966460723,0.2444836716681377,0.23918799646954986,0.2586054721977052
0.25870427501101806,0.24239753195240193,0.23358307624504188,0.26531511679153813
0.2674825174825175,0.23863636363636365,0.23863636363636365,0.25524475524475526
0.26740576496674057,0.2434589800443459,0.2328159645232816,0.25631929046563195
0.2624394539850286,0.23690004403346543,0.24394539850286218,0.2567151034786438
0.2601336302895323,0.2383073496659243,0.23875278396436525,0.26280623608017817
0.256816182937555,0.24494283201407213,0.2339489885664028,0.2642919964819701
0.2521968365553603,0.24428822495606328,0.24121265377855888,0.2623022847100176
0.2567747667703243,0.2394491337183474,0.23900488671701467,0.26477121279431365
0.25530035335689044,0.23454063604240283,0.24249116607773852,0.2676678445229682
0.2611159546643418,0.23016564952048824,0.24019180470793375,0.26852659110723626
0.2594713656387665,0.23039647577092512,0.23788546255506607,0.27224669603524226
0.2596660808435852,0.23374340949033393,0.24560632688927944,0.2609841827768014
0.2563540753724803,0.23400525854513585,0.24715162138475022,0.2624890446976337
0.2588081774684646,0.23314484558503698,0.2396694214876033,0.2683775554588952
0.26561125769569044,0.2339489885664028,0.23526824978012312,0.26517150395778366
0.2571428571428571,0.24351648351648353,0.23384615384615384,0.2654945054945055
0.257243195785777,0.23748902546093065,0.242756804214223,0.26251097453906935
0.2606986899563319,0.23930131004366811,0.2353711790393013,0.2646288209606987
0.2554585152838428,0.23973799126637554,0.23973799126637554,0.26506550218340613
0.2472259209942299,0.24456280514869064,0.2441189525077674,0.26409232134931204
0.2485776805251641,0.24726477024070023,0.24595185995623634,0.25820568927789933
0.249890590809628,0.2485776805251641,0.24332603938730854,0.25820568927789933
0.24779929577464788,0.24691901408450703,0.24295774647887325,0.2623239436619718
0.2467877713779353,0.24457244129375277,0.24944616747895437,0.25919361984935757
0.24690812720848057,0.247791519434629,0.24823321554770317,0.2570671378091873
0.2462751971954426,0.24846625766871167,0.24452234881682736,0.2607361963190184
0.252863436123348,0.2475770925110132,0.2409691629955947,0.25859030837004404
0.25398936170212766,0.2495567375886525,0.2375886524822695,0.25886524822695034
0.2599118942731278,0.25594713656387663,0.22731277533039648,0.25682819383259914
0.25569176882662,0.2565674255691769,0.2329246935201401,0.2548161120840631
0.2596491228070175,0.2548245614035088,0.2324561403508772,0.2530701754385965
0.26048951048951047,0.25524475524475526,0.23164335664335664,0.2526223776223776
0.27056753189617244,0.2534095908490981,0.2336119665640123,0.2424109106907171
0.26473214285714286,0.25223214285714285,0.22901785714285713,0.25401785714285713
0.2670753064798599,0.24956217162872155,0.22810858143607707,0.2552539404553415
0.26834659593280286,0.2502210433244916,0.23032714412024757,0.251105216622458
0.27356020942408377,0.25174520069808026,0.2255671902268761,0.24912739965095987
0.27328918322295803,0.25165562913907286,0.22560706401766004,0.24944812362030905
0.2708333333333333,0.25354609929078015,0.22650709219858156,0.24911347517730498
0.2737306843267108,0.2560706401766004,0.22163355408388521,0.24856512141280354
0.2700087950747581,0.2590149516270888,0.22427440633245382,0.24670184696569922
0.2660831509846827,0.26564551422319477,0.22669584245076588,0.24157549234135667
0.2664618086040386,0.26251097453906935,0.2317822651448639,0.2392449517120281
0.2552910052910053,0.2641093474426808,0.23897707231040563,0.24162257495590828
0.25914634146341464,0.2617595818815331,0.23736933797909407,0.2417247386759582
0.256477821695213,0.26877470355731226,0.23978919631093545,0.2349582784365393
0.26404245908889873,0.26404245908889873,0.22821760283060594,0.24369747899159663
0.25978021978021976,0.2654945054945055,0.23252747252747252,0.2421978021978022
0.26048565121412803,0.26843267108167773,0.2260485651214128,0.24503311258278146
0.2588339222614841,0.2698763250883392,0.22924028268551236,0.2420494699646643
0.257243195785777,0.2704126426690079,0.23397717295873574,0.23836698858647937
0.25557986870897154,0.27045951859956235,0.23457330415754923,0.23938730853391685
0.257736516357206,0.26834659593280286,0.2396109637488948,0.23430592396109637
0.25155832591273375,0.26758682101513803,0.23597506678539626,0.24487978628673196
0.25880281690140844,0.2658450704225352,0.2363556338028169,0.23899647887323944
0.2629003558718861,0.2606761565836299,0.2402135231316726,0.2362099644128114
0.2642762284196547,0.249667994687915,0.24169986719787517,0.24435590969455512
0.2587565674255692,0.2609457092819615,0.2381786339754816,0.24211908931698775
0.25768217734855137,0.2559262510974539,0.24100087796312555,0.24539069359086918
0.25650066108417807,0.25385632437197003,0.24504186866460997,0.24460114587924195
0.2583922261484099,0.25309187279151946,0.2411660777385159,0.24734982332155478
0.262882096069869,0.2550218340611354,0.2441048034934498,0.23799126637554585
0.2559576345984113,0.2528684907325684,0.24624889673433362,0.24492497793468668
0.25381596162232883,0.2546881814217183,0.24683820322721325,0.24465765372873965
0.25275694750771943,0.2514336127040141,0.2474636082928981,0.24834583149536832
0.2544740288083806,0.25665648188563944,0.24181580096027935,0.24705368834570057
0.2549450549450549,0.24747252747252746,0.24571428571428572,0.2518681318681319
0.26205083260297984,0.24145486415425066,0.24408413672217352,0.25241016652059595
0.2629253203711887,0.2403888643393725,0.2465753424657534,0.25011047282368537
0.2616279069767442,0.24373881932021466,0.24105545617173524,0.2535778175313059
0.2597459483136224,0.2395970214629873,0.24441524310118265,0.25624178712220763
0.2531812198332602,0.24528301886792453,0.24177270732777534,0.25976305397103994
0.25087719298245614,0.2469298245614035,0.24342105263157895,0.25877192982456143
0.2550660792951542,0.24713656387665198,0.24493392070484582,0.252863436123348
0.25,0.24956063268892795,0.2478031634446397,0.2526362038664323
0.2513157894736842,0.2442982456140351,0.2548245614035088,0.24956140350877193
0.251211987659762,0.24504186866460997,0.25341560158660204,0.250330542089026
0.24691358024691357,0.24603174603174602,0.25485008818342153,0.25220458553791886
0.25066666666666665,0.248,0.25155555555555553,0.24977777777777777
0.25925925925925924,0.2447089947089947,0.24867724867724866,0.24735449735449735
0.2631812140008861,0.24014178112538767,0.24767390341160833,0.24900310146211785
0.261558784676354,0.2399823866138265,0.24834874504623514,0.25011008366358434
0.26420079260237783,0.23866138265081463,0.24746807573756055,0.24966974900924702
0.2662309368191721,0.24183006535947713,0.2440087145969499,0.24793028322440086
0.25849139832377593,0.24614027348919276,0.24834583149536832,0.24702249669166298
0.25769569041336854,0.24450307827616535,0.24318381706244502,0.2546174142480211
0.25265017667844525,0.24337455830388693,0.24734982332155478,0.25662544169611307
0.257908611599297,0.24165202108963094,0.24121265377855888,0.2592267135325132
0.25540361711513015,0.24261138067931187,0.24658138509042787,0.25540361711513015
0.257529463116543,0.24487123526844173,0.2439982540375382,0.2536010475774771
0.25418502202643173,0.24008810572687225,0.2488986784140969,0.25682819383259914
0.2556620209059233,0.24128919860627177,0.2452090592334495,0.2578397212543554
0.2462817147856518,0.2436570428696413,0.2510936132983377,0.2589676290463692
0.2458001768346596,0.2471264367816092,0.2484526967285588,0.25862068965517243
0.24430823117338005,0.24824868651488616,0.2469352014010508,0.260507880910683
0.24057843996494302,0.24715162138475022,0.2532865907099036,0.2589833479404032
0.24121265377855888,0.2451669595782074,0.2521968365553603,0.26142355008787344
0.24844995571302037,0.24933569530558017,0.2462356067316209,0.25597874224977857
0.24603174603174602,0.24691358024691357,0.25,0.2570546737213404
0.24934152765583845,0.24582967515364354,0.24187884108867427,0.26294995610184374
0.23915900131406045,0.24660534384581692,0.24616732369689007,0.2680683311432326
0.24084693427437143,0.2474636082928981,0.24261138067931187,0.2690780767534186
0.23976868327402134,0.2451067615658363,0.24243772241992884,0.27268683274021355
0.23680709534368072,0.2492239467849224,0.2394678492239468,0.2745011086474501
0.23573639982308714,0.24458204334365324,0.24723573639982308,0.2724458204334365
0.23866666666666667,0.24444444444444444,0.248,0.2688888888888889
0.24140969162995596,0.24140969162995596,0.2444933920704846,0.27268722466960355
0.24608501118568232,0.24026845637583893,0.2447427293064877,0.268903803131991
0.24747696358051777,0.23519087318999563,0.2505484861781483,0.2667836770513383
0.2486888111888112,0.23863636363636365,0.24737762237762237,0.2652972027972028
0.2482300884955752,0.23141592920353982,0.2513274336283186,0.26902654867256637
0.2516469038208169,0.23364075537988582,0.24418093983311376,0.27053140096618356
0.25277654375832964,0.22478898267436695,0.24300310972900932,0.2794313638382941
0.24803149606299213,0.22528433945756782,0.2436570428696413,0.28302712160979876
0.250886524822695,0.22783687943262412,0.23714539007092197,0.2841312056737589
0.24426807760141092,0.23059964726631393,0.23897707231040563,0.2861552028218695
0.24412937527691625,0.22862206468763846,0.2405848471422242,0.28666371289322107
0.23896898208824816,0.23416339012669288,0.2455220620358235,0.28134556574923547
0.2350597609561753,0.23992917220008853,0.24391323594510844,0.2810978308986277
0.23736263736263735,0.23824175824175825,0.2413186813186813,0.28307692307692306
0.24043956043956044,0.2421978021978022,0.23956043956043957,0.2778021978021978
0.23925564909171468,0.24147097917589722,0.23881258307487815,0.28046078865750995
0.24098504837291118,0.23746701846965698,0.23878627968337732,0.2827616534740545
0.2487847989394609,0.23110914714980116,0.23641184268669907,0.2836942112240389
0.24185022026431718,0.2356828193832599,0.239647577092511,0.2828193832599119
0.24601769911504426,0.23185840707964603,0.2424778761061947,0.27964601769911507
0.23723591549295775,0.23987676056338028,0.23459507042253522,0.28829225352112675
0.23906319045514804,0.241714538223597,0.22624834290764473,0.29297392841361025
0.2440423654015887,0.23742277140335394,0.22594880847308033,0.2925860547219771
0.24494283201407213,0.2343887423043096,0.22911169744942833,0.29155672823219
0.24912280701754386,0.2337719298245614,0.2307017543859649,0.2864035087719298
0.24836029733275033,0.23524267599475296,0.23130738959335373,0.285089637079143
0.25609756097560976,0.23649825783972125,0.2264808362369338,0.2809233449477352
0.2518747243052492,0.23467137185707984,0.22937803264225848,0.28407587119541244
0.2531812198332602,0.22729267222465993,0.22860903905221588,0.29091706888986396
0.25583443416996915,0.2285336856010568,0.22369000440334655,0.2919418758256275
0.2438380281690141,0.23503521126760563,0.22007042253521128,0.301056338028169
0.24801762114537446,0.23524229074889869,0.22026431718061673,0.2964757709251101
0.2440106477373558,0.23336291038154391,0.22448979591836735,0.2981366459627329
0.24163732394366197,0.22975352112676056,0.230193661971831,0.2984154929577465
0.24100087796312555,0.2273924495171203,0.22914837576821773,0.30245829675153646
0.2402111746590409,0.2344918609766828,0.23053233611966564,0.29476462824461064
0.2411504424778761,0.23849557522123893,0.22654867256637168,0.2938053097345133
0.24119718309859156,0.24163732394366197,0.22139084507042253,0.29577464788732394
0.24845814977973568,0.23788546255506607,0.22246696035242292,0.2911894273127753
0.23845470692717585,0.2464476021314387,0.22158081705150978,0.2935168738898757
0.2389302937308198,0.2503288031565103,0.2209557211749233,0.2897851819377466
0.24082167832167833,0.243006993006993,0.21503496503496503,0.30113636363636365
0.23912087912087912,0.24879120879120878,0.21582417582417582,0.29626373626373625
0.24040582267313632,0.2434936038817821,0.21835024261138067,0.29775033083370095
0.24304021210782148,0.2403888643393725,0.21741051701281486,0.29916040653999115
0.23765432098765432,0.24382716049382716,0.21693121693121692,0.30158730158730157
0.24405286343612334,0.24052863436123348,0.22202643171806166,0.2933920704845815
0.2425438596491228,0.24166666666666667,0.22105263157894736,0.29473684210526313
0.2355263157894737,0.25043859649122807,0.22236842105263158,0.2916666666666667
0.23662096417514375,0.24812030075187969,0.22556390977443608,0.28969482529854046
0.2370500438981563,0.24714661984196665,0.22431957857769974,0.2914837576821773
0.22921249450065992,0.24945006599208094,0.22613286405631325,0.29520457545094586
0.22737405260811414,0.25234061524743645,0.22425323227819885,0.29603209986625056
0.23080298376480912,0.2523036419482229,0.22202720491443614,0.2948661693725318
0.23198594024604569,0.2561511423550088,0.2179261862917399,0.29393673110720564
0.23049801674746584,0.249008373732922,0.2243278977523138,0.2961657117672984
0.2346002621231979,0.2472695500218436,0.22629969418960244,0.29183049366535607
0.22982456140350876,0.2412280701754386,0.23026315789473684,0.2986842105263158
0.23226090788893786,0.24327897752313796,0.2269722344645218,0.2974878801234024
0.23870682019486272,0.2409211691762622,0.22940655447298494,0.29096545615589015
0.243006993006993,0.23907342657342656,0.2285839160839161,0.2893356643356643
0.24866548042704625,0.22731316725978648,0.22864768683274023,0.29537366548042704
0.248471615720524,0.21921397379912663,0.2331877729257642,0.29912663755458513
0.2497805092186128,0.21378402107111502,0.2344161545215101,0.30201931518876207
0.2423580786026201,0.21484716157205241,0.24192139737991267,0.30087336244541485
0.24391323594510844,0.21691013722886232,0.23904382470119523,0.300132802124834
0.2410596026490066,0.2163355408388521,0.2379690949227373,0.304635761589404
0.24555160142348753,0.22108540925266904,0.2362099644128114,0.297153024911032
0.24923211935059236,0.2198332602018429,0.23387450636243967,0.29706011408512506
0.24324324324324326,0.2157802964254577,0.23234524847428073,0.3086312118570183
0.2497805092186128,0.2067603160667252,0.22914837576821773,0.31431079894644426
0.24338624338624337,0.20899470899470898,0.23192239858906524,0.31569664902998235
0.2474636082928981,0.20952801058667844,0.22981914424349362,0.31318923687692984
0.24408413672217352,0.2072743207712533,0.23488168273444346,0.3137598597721297
0.23883831816211532,0.20416124837451236,0.23623753792804508,0.3207628955353273
0.24091108190976784,0.2041173893999124,0.23915900131406045,0.3158125273762593
0.23838737949167396,0.2042068361086766,0.24233128834355827,0.31507449605609117
0.2415929203539823,0.20309734513274336,0.2407079646017699,0.3146017699115044
0.23900488671701467,0.20657485561972458,0.2372278987116837,0.3171923589515771
0.23226090788893786,0.20625826355222565,0.2362274129572499,0.3252534156015866
0.2393500219587176,0.20509442248572685,0.2419850680720246,0.31357048748353095
0.24073266463148713,0.20148277365896206,0.24422154382904493,0.3135630178805059
0.24351648351648353,0.20527472527472526,0.24571428571428572,0.3054945054945055
0.24280017722640673,0.2042534337616305,0.24324324324324326,0.30970314576871955
0.24572180781044317,0.20272049144361562,0.24396665204036858,0.30759104870557263
0.25297487880123404,0.20317320405464961,0.24019391802556192,0.30365799911855446
0.24967032967032968,0.2021978021978022,0.2413186813186813,0.3068131868131868
0.253315649867374,0.20645446507515472,0.23563218390804597,0.3045977011494253
0.2653965440850687,0.19627824545857334,0.22817899867080194,0.31014621178555607
0.26758682101513803,0.195013357079252,0.2288512911843277,0.3085485307212823
0.2733333333333333,0.1942222222222222,0.22666666666666666,0.30577777777777776
0.2662852112676056,0.1914612676056338,0.23899647887323944,0.3032570422535211
0.27016306743058616,0.1868664609960335,0.2384310268840899,0.30453944468929045
0.2680549401860877,0.18564466105449712,0.23792645104120513,0.30837394771821003
0.2633908809207614,0.18016821602478972,0.2412571934484285,0.3151837096060204
0.25705329153605017,0.1845051500223914,0.24406627854903717,0.3143752798925213
0.25782282944028206,0.18422212428382548,0.24151608638166594,0.31643895989422655
0.2579225352112676,0.1817781690140845,0.24735915492957747,0.31294014084507044
0.26073483842408146,0.1828242585214697,0.24258521469676847,0.3138556883576804
0.2570806100217865,0.18474945533769063,0.24052287581699347,0.3176470588235294
0.255124291321413,0.18229393807239425,0.24422154382904493,0.3183602267771478
0.250996015936255,0.18193891102257637,0.24612660469234174,0.3209384683488269
0.24877396344181898,0.18234507356219348,0.25234061524743645,0.31654034774855105
0.24768620537681799,0.17937417364477742,0.25253415601586604,0.3204054649625386
0.2471315092674316,0.18314210061782876,0.2528684907325684,0.31685789938217124
0.2453580901856764,0.1861184792219275,0.2568523430592396,0.3116710875331565
0.24635761589403973,0.1880794701986755,0.25342163355408387,0.3121412803532009
0.24778761061946902,0.1915929203539823,0.25442477876106195,0.30619469026548674
0.24825174825174826,0.1883741258741259,0.25743006993006995,0.30594405594405594
0.25165271044513,0.19215513442044954,0.24812692816218598,0.3080652269722345
0.24769027716674,0.19973603167619886,0.24417069951605808,0.3084029916410031
0.2455220620358235,0.2018348623853211,0.2490170380078637,0.3036260375709917
0.25077399380804954,0.1977001326846528,0.24988942945599293,0.30163644405130474
0.25065502183406113,0.19388646288209607,0.25283842794759825,0.3026200873362445
0.2539543057996485,0.19288224956063268,0.2535149384885764,0.29964850615114236
0.250989010989011,0.19648351648351647,0.25142857142857145,0.3010989010989011
0.2521968365553603,0.20342706502636204,0.24560632688927944,0.29876977152899825
0.24867957746478872,0.20906690140845072,0.23899647887323944,0.3032570422535211
0.24714661984196665,0.20456540825285338,0.24231782265144863,0.30597014925373134
0.24791940429259746,0.19929916776171705,0.2422251423565484,0.3105562855891371
0.25309187279151946,0.19169611307420495,0.24558303886925795,0.30962897526501765
0.25389755011135856,0.19643652561247216,0.24320712694877505,0.30645879732739423
0.25241864555848725,0.20184696569920843,0.24406332453825857,0.3016710642040457
0.25285839929639403,0.19788918205804748,0.25505716798592787,0.2941952506596306
0.24790841039189784,0.19815059445178335,0.2571554381329811,0.29678555702333775
0.2497797356828194,0.2013215859030837,0.25462555066079295,0.29427312775330394
0.24835164835164836,0.19472527472527473,0.25758241758241757,0.29934065934065934
0.2440737489025461,0.19534679543459174,0.26382791922739246,0.2967515364354697
0.24479858344400177,0.19654714475431606,0.26162018592297476,0.2970340858787074
0.2487847989394609,0.1948740609809987,0.2624834290764472,0.2938577110030932
0.2448614834673816,0.19302949061662197,0.26720285969615726,0.2949061662198391
0.2415929203539823,0.19911504424778761,0.2588495575221239,0.3004424778761062
0.2403677758318739,0.19220665499124343,0.2631348511383538,0.3042907180385289
0.2448442299254059,0.19306713470820536,0.2615182097411145,0.30057042562527425
0.24944909651829,0.19127368884971352,0.2609078889378581,0.2983693256941384
0.24934268185801928,0.19675723049956179,0.25854513584574934,0.2953549517966696
0.24539877300613497,0.19412795793163892,0.26380368098159507,0.29666958808063104
0.24162257495590828,0.1984126984126984,0.2641093474426808,0.2958553791887125
0.24524966858152894,0.1935483870967742,0.25806451612903225,0.3031374281926646
0.2442781690140845,0.19410211267605634,0.2649647887323944,0.2966549295774648
0.2462686567164179,0.19666374012291485,0.2581211589113257,0.2989464442493415
0.24189307624890447,0.1936897458369851,0.2541630148992112,0.3102541630148992
0.23874669020300088,0.19726390114739628,0.25419240953221534,0.30979699911738745
0.23745089480576168,0.1990397206460061,0.25927542557835004,0.30423395896988215
0.23080298376480912,0.20008775778850374,0.2606406318560772,0.3084686265906099
0.23611718408395277,0.2055094009619589,0.2571053782247486,0.30126803672933977
0.23415492957746478,0.19850352112676056,0.2592429577464789,0.30809859154929575
0.2409532215357458,0.19285083848190646,0.25904677846425417,0.30714916151809357
0.2426887821911829,0.19205587079877784,0.25665648188563944,0.3085988651243998
0.24444444444444444,0.19477124183006536,0.2596949891067538,0.3010893246187364
0.24080560420315236,0.1957092819614711,0.2635726795096322,0.2999124343257443
0.23836698858647937,0.19885864793678665,0.2642669007901668,0.29850746268656714
0.24017467248908297,0.19694323144104803,0.26419213973799127,0.2986899563318777
0.2425438596491228,0.20043859649122808,0.26096491228070173,0.29605263157894735
0.24147097917589722,0.19406291537439077,0.26451041205139564,0.29995569339831635
0.2437636761487965,0.1951859956236324,0.2700218818380744,0.2910284463894967
0.23788546255506607,0.1973568281938326,0.2713656387665198,0.2933920704845815
0.2421005785491767,0.19537160658655986,0.2674677347574544,0.29506008010680906
0.24799643811219946,0.1923419412288513,0.2653606411398041,0.29430097951914513
0.2548330404217926,0.19024604569420034,0.26449912126537783,0.29042179261862916
0.25867369345630215,0.19235836627140976,0.26306543697848045,0.2859025032938076
0.25577342047930285,0.19477124183006536,0.2605664488017429,0.28888888888888886
0.25065502183406113,0.1943231441048035,0.2646288209606987,0.2903930131004367
0.25704225352112675,0.19278169014084506,0.2680457746478873,0.28213028169014087
0.2541484716157205,0.1960698689956332,0.26593886462882094,0.2838427947598253
0.2556894243641232,0.19678714859437751,0.26327532351628735,0.28424810352521196
0.2578366445916115,0.19514348785871966,0.2556291390728477,0.2913907284768212
0.25425207152202356,0.1966855647623201,0.2594853903183602,0.2895769733972961
0.2502210433244916,0.19672855879752432,0.26215738284703805,0.29089301503094606
0.24691901408450703,0.198943661971831,0.26276408450704225,0.2913732394366197
0.244,0.20444444444444446,0.25822222222222224,0.29333333333333333
0.2460456942003515,0.20298769771529,0.2623022847100176,0.28866432337434095
0.2439982540375382,0.19773024879965082,0.26320384111741596,0.29506765604539503
0.25155555555555553,0.19733333333333333,0.2644444444444444,0.2866666666666667
0.2462751971954426,0.19193689745836984,0.26555652936021035,0.2962313759859772
0.25,0.19220665499124343,0.266199649737303,0.29159369527145357
0.25077399380804954,0.19991154356479435,0.26536930561698363,0.2839451570101725
0.25176678445229683,0.19832155477031801,0.2707597173144876,0.2791519434628975
0.2510993843447669,0.20140721196130168,0.26649076517150394,0.28100263852242746
0.24811027123165852,0.19831036016007114,0.2694530902623388,0.2841262783459315
0.24890829694323144,0.19912663755458515,0.2668122270742358,0.2851528384279476
0.25022143489813997,0.20017714791851196,0.271036315323295,0.2785651018600531
0.24536628420123566,0.20255957634598412,0.26522506619594,0.2868490732568402
0.24446412754650132,0.19619131975199292,0.2674933569530558,0.29185119574845
0.2432908051033876,0.19753629564452266,0.26264848218213815,0.2965244170699516
0.2401766004415011,0.19381898454746138,0.26269315673289184,0.3033112582781457
0.23686514886164622,0.1957092819614711,0.27276707530647987,0.2946584938704028
0.24617402710975075,0.19414079580236118,0.2693484914735461,0.29033668561434195
0.24326710816777042,0.20044150110375275,0.2710816777041943,0.28520971302428255
0.2425569176882662,0.2031523642732049,0.26882661996497376,0.28546409807355516
0.23881258307487815,0.1993797075764289,0.2738147984049623,0.28799291094373064
0.24195680916703394,0.19876597620096959,0.27633318642573823,0.28294402820625825
0.2427055702917772,0.19982316534040673,0.2723253757736516,0.28514588859416445
0.24900486510393632,0.1959310039805396,0.27598407784166296,0.27908005307386113
0.2546419098143236,0.1918656056587091,0.2723253757736516,0.28116710875331563
0.24867957746478872,0.19454225352112675,0.27596830985915494,0.28080985915492956
0.24734982332155478,0.19390459363957596,0.2791519434628975,0.2795936395759717
0.25206431986093003,0.196870925684485,0.2759669708822251,0.27509778357235987
0.25207877461706785,0.20218818380743983,0.26827133479212256,0.2774617067833698
0.25185832968954963,0.19938784433756013,0.26628771316134675,0.2824661128115435
0.250989010989011,0.2043956043956044,0.2610989010989011,0.2835164835164835
0.2481335090030742,0.2028985507246377,0.26701800614844096,0.28194993412384717
0.2523158359064843,0.20247022496691663,0.25937362152624616,0.2858403176003529
0.25521526853084775,0.2103861517976032,0.2596537949400799,0.2747447847314691
0.2547714158899245,0.20816688859298713,0.2609853528628495,0.2760763426542388
0.25220848056537104,0.20848056537102475,0.2588339222614841,0.28047703180212014
0.2460456942003515,0.21045694200351495,0.2592267135325132,0.28427065026362036
0.2494510320597277,0.2116820377689943,0.25559947299077734,0.28326745718050067
0.24813678211310827,0.21481806225339764,0.25778167470407715,0.27926348092941694
0.2474636082928981,0.21349801499779444,0.2580502867225408,0.28098808998676666
0.2530755711775044,0.210896309314587,0.2530755711775044,0.28295254833040423
0.2482363315696649,0.20943562610229277,0.25925925925925924,0.2830687830687831
0.25132978723404253,0.2127659574468085,0.2566489361702128,0.27925531914893614
0.2552724077328647,0.2100175746924429,0.2570298769771529,0.27768014059753954
0.2596026490066225,0.21236203090507727,0.25695364238410595,0.2710816777041943
0.25154457193292146,0.21535745807590467,0.25507502206531335,0.2780229479258605
0.2576091751213057,0.21570357300397,0.25408028231142477,0.2726069695632995
0.25822007891275756,0.21788689171416045,0.24813678211310827,0.2757562472599737
0.25413402959094866,0.21845082680591818,0.2519582245430809,0.2754569190600522
0.25895196506550217,0.21179039301310043,0.25240174672489085,0.27685589519650655
0.2608695652173913,0.21130434782608695,0.2543478260869565,0.2734782608695652
0.25870427501101806,0.2093433230498017,0.25738210665491407,0.2745702952842662
0.25579361609094886,0.21425448185395715,0.25579361609094886,0.27415828596414515
0.2573203194321207,0.21694764862466726,0.2524401064773736,0.2732919254658385
0.25769569041336854,0.2154793315743184,0.2612137203166227,0.26561125769569044
0.2483574244415243,0.21681997371879105,0.2645641699518178,0.27025843188786686
0.2492239467849224,0.21596452328159646,0.2638580931263858,0.2709534368070953
0.257243195785777,0.20851624231782265,0.2603160667251975,0.2739244951712028
0.25937362152624616,0.20732245258050286,0.26246140273489194,0.27084252315835905
0.25935711140466755,0.20827829150154117,0.2536327608982827,0.27873183619550856
0.26371681415929205,0.20575221238938052,0.25088495575221237,0.27964601769911507
0.2572304995617879,0.20508326029798424,0.2563540753724803,0.2813321647677476
0.2617273125822008,0.2073651907058308,0.256466462078036,0.2744410346339325
0.2621657167908812,0.21131082858395442,0.2538360368259535,0.27268741779921085
0.26290463692038496,0.210411198600175,0.25240594925634297,0.2742782152230971
0.2594381035996488,0.21115013169446883,0.2559262510974539,0.27348551360842843
0.26058489742470536,0.20951549541684852,0.25491051942383236,0.2749890877346137
0.26228070175438595,0.21052631578947367,0.2530701754385965,0.2741228070175439
0.2587873462214411,0.2069420035149385,0.2583479789103691,0.2759226713532513
0.2581069237510955,0.20990359333917616,0.25197195442594217,0.28001752848378614
0.2617801047120419,0.20506108202443282,0.2569808027923211,0.2761780104712042
0.26163301141352063,0.20237050043898155,0.2603160667251975,0.27568042142230026
0.2618101545253863,0.1986754966887417,0.26445916114790285,0.2750551876379691
0.26233085988651245,0.19991270187690965,0.26407682234831953,0.2736796158882584
0.26373626373626374,0.20263736263736265,0.26505494505494503,0.26857142857142857
0.2649122807017544,0.2026315789473684,0.26710526315789473,0.26535087719298245
0.26519823788546254,0.19647577092511012,0.27048458149779736,0.26784140969162995
