C,D,Oc,Od
0.0,0.0,1.0,0.0
0.2,0.0,0.8,0.0
0.25,0.0,0.75,0.0
0.1875,0.125,0.6875,0.0
0.25,0.10714285714285714,0.6428571428571429,0.0
0.2391304347826087,0.10869565217391304,0.6086956521739131,0.043478260869565216
0.2753623188405797,0.13043478260869565,0.5362318840579711,0.057971014492753624
0.2826086956521739,0.16304347826086957,0.4782608695652174,0.07608695652173914
0.3007518796992481,0.16541353383458646,0.44360902255639095,0.09022556390977443
0.2658959537572254,0.1676300578034682,0.4508670520231214,0.11560693641618497
0.25,0.17672413793103448,0.44396551724137934,0.12931034482758622
0.2354948805460751,0.19112627986348124,0.4197952218430034,0.15358361774744028
0.2413793103448276,0.1883289124668435,0.3952254641909814,0.17506631299734748
0.2217573221757322,0.20502092050209206,0.3891213389121339,0.18410041841004185
0.21428571428571427,0.2108843537414966,0.3945578231292517,0.18027210884353742
0.20679886685552407,0.21388101983002833,0.3980169971671388,0.1813031161473088
0.19190751445086704,0.22658959537572254,0.38497109826589593,0.19653179190751446
0.1846938775510204,0.23061224489795917,0.39081632653061227,0.19387755102040816
0.17015468607825296,0.2338489535941765,0.3885350318471338,0.20746132848043677
0.16627634660421545,0.2302888368462139,0.39032006245121,0.21311475409836064
0.15751960085531005,0.23521026372059872,0.3863150392017106,0.2209550962223806
0.14675324675324675,0.24415584415584415,0.38571428571428573,0.22337662337662337
0.13793103448275862,0.23781212841854935,0.3935790725326992,0.23067776456599287
0.13183098591549297,0.24394366197183098,0.39098591549295775,0.2332394366197183
0.12585933368588048,0.24219989423585406,0.3945002644103649,0.2374405076679006
0.11903566047212456,0.23857358111501759,0.4003013561024611,0.24208940231039677
0.11542192046556742,0.24248302618816683,0.3991270611057226,0.24296799224054316
0.11619225384974335,0.23565095660289315,0.3980401306579561,0.2501166588894074
0.11212397447584321,0.23701002734731086,0.3974475843208751,0.2534184138559708
0.11026445540116539,0.23756163155535634,0.3971313312415957,0.25504258180188255
0.11335125448028674,0.23745519713261648,0.39157706093189965,0.2576164874551971
0.11497797356828193,0.23700440528634362,0.3859030837004405,0.2621145374449339
0.11399647887323944,0.23547535211267606,0.3912852112676056,0.2592429577464789
0.11468901632112924,0.23026025584472873,0.3934715483017203,0.2615791795324217
0.11116012351124835,0.22981914424349362,0.3983237759153066,0.2606969563299515
0.11346578366445915,0.22869757174392935,0.39602649006622515,0.2618101545253863
0.11806167400881057,0.23832599118942732,0.38722466960352425,0.2563876651982379
0.1202113606340819,0.23557904007045355,0.38925583443416995,0.25495376486129456
0.12217795484727756,0.23948649845064188,0.38335546702080564,0.2549800796812749
0.1261061946902655,0.23539823008849559,0.38097345132743365,0.2575221238938053
0.12762237762237763,0.2381993006993007,0.3811188811188811,0.2530594405594406
0.130989010989011,0.23956043956043957,0.3758241758241758,0.25362637362637364
0.1303579319487406,0.24083075563411402,0.3733981440565621,0.2554131683605833
0.13692579505300354,0.23542402826855124,0.3736749116607774,0.2539752650176678
0.1349586417065738,0.2368306486721811,0.3674357858075751,0.26077492381367
0.13412489006156553,0.22911169744942833,0.3685136323658751,0.26824978012313105
0.13013100436681221,0.23624454148471616,0.3655021834061135,0.26812227074235806
0.13449781659388646,0.23056768558951965,0.3663755458515284,0.2685589519650655
0.13342082239720035,0.23403324584426946,0.36351706036745407,0.2690288713910761
0.1347331583552056,0.23709536307961504,0.35914260717410323,0.2690288713910761
0.1347864768683274,0.23843416370106763,0.36298932384341637,0.2637900355871886
0.13476733977172958,0.23617208077260754,0.3608428446005268,0.26821773485513606
0.13602457218078104,0.24089512944273805,0.35322509872751207,0.26985519964896887
0.13892529488859764,0.236784622105723,0.3468763652249891,0.27741371778069024
0.1446099912357581,0.23093777388255915,0.34574934268185803,0.2787028921998247
0.14136125654450263,0.23516579406631763,0.3459860383944154,0.2774869109947644
0.14266900790166814,0.237928007023705,0.34328358208955223,0.27611940298507465
0.14455184534270651,0.23681898066783832,0.3453427065026362,0.273286467486819
0.14809960681520315,0.23416339012669288,0.3420707732634338,0.27566622979467015
0.14588859416445624,0.24005305039787797,0.34350132625994695,0.27055702917771884
0.15425531914893617,0.2375886524822695,0.3421985815602837,0.26595744680851063
0.15086782376502003,0.2376502002670227,0.3373386737872719,0.27414330218068533
0.15070298769771528,0.23945518453427064,0.3334797891036907,0.27636203866432335
0.15676855895196506,0.2353711790393013,0.3318777292576419,0.2759825327510917
0.1526919682259488,0.23609885260370697,0.33495145631067963,0.2762577228596646
0.15183709606020362,0.23638778220451528,0.34395750332005315,0.267817618415228
0.15299823633156967,0.23633156966490299,0.3421516754850088,0.26851851851851855
0.15167548500881833,0.24206349206349206,0.33818342151675485,0.26807760141093473
0.15203900709219859,0.2429078014184397,0.3399822695035461,0.2650709219858156
0.1537444933920705,0.239647577092511,0.33964757709251103,0.2669603524229075
0.15612560813799203,0.24148606811145512,0.34011499336576734,0.2622733303847855
0.16198419666374012,0.24802458296751537,0.3287971905179982,0.26119402985074625
0.16314863676341249,0.25241864555848725,0.32497801231310464,0.2594547053649956
0.1681917211328976,0.24923747276688454,0.32287581699346407,0.2596949891067538
0.17194371152154794,0.2515391380826737,0.31618293755496923,0.26033421284080915
0.17296576256113827,0.24855491329479767,0.3072476656291685,0.2712316585148955
0.17257993867717916,0.24923346473937802,0.3066141042487954,0.2715724923346474
0.1691762621789194,0.2546501328609389,0.30558015943312666,0.27059344552701503
0.17665063401836467,0.25579361609094886,0.30170529077393965,0.2658504591167468
0.17340286831812254,0.2585832246849196,0.3042155584528466,0.26379834854411127
0.17877337973031754,0.2557633753806003,0.29882557633753803,0.26663766855154414
0.18093126385809313,0.25631929046563195,0.2957871396895787,0.26696230598669624
0.18249780123131046,0.262532981530343,0.2941952506596306,0.26077396657871593
0.1805372082782915,0.2655217965653897,0.2954645530603259,0.25847644209599296
0.1847922192749779,0.257736516357206,0.29398762157382846,0.2634836427939876
0.1798497569597879,0.2629253203711887,0.2965090587715422,0.2607158638974812
0.17979002624671916,0.2572178477690289,0.2992125984251969,0.2637795275590551
0.1792411687745312,0.26210204971652856,0.29219363279546445,0.2664631487134758
0.18025561921551345,0.26399294843543414,0.29396209784045835,0.2617893345085941
0.17709251101321585,0.26123348017621145,0.2933920704845815,0.2682819383259912
0.17623674911660778,0.26015901060070673,0.2959363957597173,0.2676678445229682
0.17693315858453473,0.26124945391000437,0.29750982961992134,0.26430755788553956
0.17822651448639157,0.2550482879719052,0.30070237050043896,0.2660228270412643
0.17927415828596416,0.2509838216003498,0.2960209881941408,0.2737210319195453
0.1799645390070922,0.2570921985815603,0.2912234042553192,0.2717198581560284
0.17691287041132242,0.2503317116320212,0.29677134011499334,0.27598407784166296
0.1777875329236172,0.24934152765583845,0.2989464442493415,0.2739244951712028
0.184958460865763,0.25360734586794925,0.29121119370354176,0.270222999562746
0.1877496671105193,0.24944518419884598,0.2836218375499334,0.2791833111407013
0.18793706293706294,0.2513111888111888,0.2862762237762238,0.2744755244755245
0.19070796460176992,0.2557522123893805,0.28185840707964605,0.27168141592920353
0.19172113289760348,0.2518518518518518,0.2823529411764706,0.2740740740740741
0.18886941279579317,0.2541630148992112,0.28702892199824714,0.26993865030674846
0.1905393457117595,0.2502210433244916,0.28116710875331563,0.2780725022104332
0.18681318681318682,0.2523076923076923,0.2835164835164835,0.2773626373626374
0.18785745710514737,0.24901011878574572,0.28684557853057635,0.27628684557853056
0.18620992534036013,0.2534036012296882,0.2845849802371542,0.27580149319279756
0.18920105355575065,0.2528533801580334,0.2796312554872695,0.2783143107989464
0.18982902235861465,0.25471284524331433,0.2753178430512933,0.2801402893467777
0.1980461811722913,0.2464476021314387,0.28197158081705154,0.27353463587921845
0.19736263736263737,0.24307692307692308,0.2720879120879121,0.2874725274725275
0.20008833922261485,0.24072438162544169,0.26943462897526504,0.28975265017667845
0.19789381307591047,0.24221149627029398,0.27336551118911806,0.2865291794646775
0.19689578713968958,0.2492239467849224,0.26740576496674057,0.2864745011086475
0.2026315789473684,0.23991228070175438,0.26973684210526316,0.28771929824561404
0.2008888888888889,0.24044444444444443,0.268,0.2906666666666667
0.19761799735333038,0.23952359947066607,0.2721658579620644,0.2906925452139391
0.1947136563876652,0.24273127753303964,0.2687224669603524,0.2938325991189427
0.19805050952591935,0.24235711120957024,0.2738147984049623,0.2857775808595481
0.19602649006622516,0.24326710816777042,0.27019867549668874,0.29050772626931565
0.1977001326846528,0.23883237505528526,0.2697921273772667,0.2936753648827952
0.20008795074758134,0.2423043095866315,0.26649076517150394,0.2911169744942832
0.20140721196130168,0.23966578715919085,0.26297273526824977,0.2959542656112577
0.20650263620386644,0.2438488576449912,0.2596660808435852,0.28998242530755713
0.2090747330960854,0.23976868327402134,0.25622775800711745,0.2949288256227758
0.21092029942756496,0.2404227212681638,0.24790841039189784,0.3007485689123734
0.2157802964254577,0.23626852659110723,0.24716652136006975,0.3007846556233653
0.2156084656084656,0.2345679012345679,0.24911816578483245,0.30070546737213405
0.21015761821366025,0.2373029772329247,0.24649737302977234,0.30604203152364273
0.21654929577464788,0.23415492957746478,0.24471830985915494,0.3045774647887324
0.21626373626373627,0.2342857142857143,0.24351648351648353,0.3059340659340659
0.21006178287731686,0.2290379523389232,0.24889673433362755,0.3120035304501324
0.21668137687555164,0.2202118270079435,0.25375110326566636,0.30935569285083847
0.21409691629955946,0.22246696035242292,0.24801762114537446,0.31541850220264317
0.21078214759169245,0.22403888643393724,0.2527618205921343,0.312417145382236
0.21075837742504408,0.22663139329805995,0.25485008818342153,0.30776014109347444
0.20921052631578949,0.22807017543859648,0.25526315789473686,0.3074561403508772
0.21119929453262787,0.2275132275132275,0.25308641975308643,0.3082010582010582
0.21528998242530756,0.23022847100175747,0.2513181019332162,0.3031634446397188
0.21535745807590467,0.22815533980582525,0.25375110326566636,0.3027360988526037
0.21548672566371682,0.22699115044247786,0.2579646017699115,0.2995575221238938
0.21646746347941567,0.22487826471890218,0.26162018592297476,0.2970340858787074
0.22662511130899377,0.22083704363312556,0.25244879786286734,0.30008904719501334
0.22168356104010578,0.23093873953283384,0.250771264874394,0.2966064345526664
0.22626441881100265,0.22138420585625554,0.2542147293700089,0.2981366459627329
0.22539543057996486,0.22056239015817222,0.2609841827768014,0.29305799648506153
0.21978984238178634,0.22110332749562173,0.26225919439579687,0.2968476357267951
0.23128342245989306,0.21568627450980393,0.25846702317290554,0.2945632798573975
0.23039647577092512,0.21762114537444935,0.25903083700440527,0.29295154185022027
0.2359451084550686,0.21868083222664897,0.2518813634351483,0.29349269588313415
0.23614775725593667,0.22031662269129287,0.25021987686895336,0.29331574318381703
0.2410910690717114,0.21513418389793224,0.24637043554773427,0.2974043114826221
0.238556338028169,0.21434859154929578,0.24779929577464788,0.2992957746478873
0.2369584438549956,0.21750663129973474,0.2471264367816092,0.2984084880636605
0.2376502002670227,0.21940364931019138,0.24833110814419226,0.2946150422785937
0.23201046663759267,0.226777147841256,0.2402965547317924,0.3009158307893589
0.23593545573484517,0.21936327954644572,0.24160488443087658,0.30309638028783253
0.23488168273444346,0.22304995617879053,0.2392638036809816,0.3028045574057844
0.23137946231820186,0.2260907888937858,0.23666813574261789,0.30586161304539444
0.23268206039076378,0.2255772646536412,0.23623445825932504,0.30550621669627
0.22719298245614036,0.225,0.2381578947368421,0.30964912280701756
0.23080337328007103,0.23257878384376388,0.23479804704837995,0.3018197958277852
0.23161602818141788,0.2294143549097314,0.23205636283575518,0.30691325407309555
0.23302671922908455,0.23302671922908455,0.22952255803766974,0.3044240035041612
0.2350861688024746,0.23862129916040653,0.22492266902342023,0.3013698630136986
0.23562966213251427,0.2369460289600702,0.2224659938569548,0.3049583150504607
0.23894967177242887,0.24070021881838075,0.21400437636761488,0.3063457330415755
0.2378021978021978,0.23736263736263735,0.21054945054945054,0.3142857142857143
0.23910171730515192,0.23734037868780272,0.21003963011889035,0.313518273888155
0.24151608638166594,0.23358307624504188,0.20846187747906567,0.31643895989422655
0.23918799646954986,0.2321270962047661,0.20476610767872905,0.32391879964695497
0.24475524475524477,0.2285839160839161,0.20716783216783216,0.319493006993007
0.24646643109540636,0.2252650176678445,0.20936395759717313,0.31890459363957596
0.250992501102779,0.22099691221879136,0.2090868989854433,0.31892368769298635
0.2526455026455027,0.21781305114638447,0.20943562610229277,0.3201058201058201
0.25274243089074155,0.22114962702939886,0.2132514260640632,0.3128565160157964
0.25588491717523976,0.2210113339145597,0.2140366172624237,0.3090671316477768
0.2550218340611354,0.2205240174672489,0.2183406113537118,0.30611353711790396
0.2549450549450549,0.21582417582417582,0.21626373626373627,0.312967032967033
0.2567922874671341,0.21603856266432953,0.20990359333917616,0.3172655565293602
0.2576632607729898,0.21101732563305198,0.21679253665037762,0.3145268769435806
0.256993006993007,0.21678321678321677,0.21328671328671328,0.3129370629370629
0.2521891418563923,0.21847635726795098,0.21409807355516638,0.31523642732049034
0.24480777728678746,0.22624834290764473,0.21696862571807335,0.3119752540874945
0.24503311258278146,0.22163355408388521,0.22251655629139072,0.3108167770419426
0.24299474605954466,0.22679509632224168,0.22110332749562173,0.30910683012259194
0.2470485351989506,0.22562308701355488,0.22037603847835593,0.3069523393091386
0.24504186866460997,0.2247686205376818,0.2256500661084178,0.30453944468929045
0.24302788844621515,0.23063302346170872,0.22266489597166889,0.30367419212040725
0.24330259112867808,0.2261747913921827,0.2222222222222222,0.308300395256917
0.2430647291941876,0.22413033905768384,0.22148833113166005,0.31131660061646854
0.24231782265144863,0.22563652326602282,0.22431957857769974,0.3077260755048288
0.2503317116320212,0.2260061919504644,0.21804511278195488,0.3056169836355595
0.24749017896115233,0.2234831951113051,0.22130074203404626,0.3077258838934963
0.2530541012216405,0.22251308900523561,0.21465968586387435,0.30977312390924955
0.2532981530343008,0.22163588390501318,0.21591908531222515,0.30914687774846084
0.24341223760607414,0.22420723537293435,0.2268870031263957,0.3054935238945958
0.24835164835164836,0.22065934065934065,0.22505494505494505,0.3059340659340659
0.24669020300088262,0.22153574580759047,0.22418358340688438,0.30759046778464255
0.24153101627804663,0.22393312802463705,0.22657281126264847,0.3079630444346678
0.2413033905768384,0.22413033905768384,0.2285336856010568,0.30603258476442097
0.23633156966490299,0.2204585537918871,0.23236331569664903,0.31084656084656087
0.23750552852720036,0.2251216275984078,0.22733303847854933,0.3100398053958425
0.24115334207077327,0.22236784622105724,0.2254259501965924,0.31105286151157713
0.24356176342208644,0.21780881711043212,0.23090353557398516,0.3077258838934963
0.2440106477373558,0.2222715173025732,0.22803904170363798,0.305678793256433
0.2436235708003518,0.2233948988566403,0.22559366754617413,0.3073878627968338
0.24529128339903636,0.22251423565484013,0.23083661848445028,0.30135786246167323
0.24559082892416226,0.22707231040564374,0.2310405643738977,0.2962962962962963
0.24361233480176211,0.22995594713656387,0.2277533039647577,0.2986784140969163
0.24371970030850595,0.23358307624504188,0.23226090788893786,0.2904363155575143
0.2408630559225011,0.2307353588727433,0.2294143549097314,0.2989872302950242
0.24305249228054698,0.22937803264225848,0.23246581385090428,0.2951036612262902
0.24867491166077738,0.22879858657243815,0.2332155477031802,0.28931095406360424
0.25033229951262737,0.22950819672131148,0.23438192290651308,0.2857775808595481
0.24351648351648353,0.229010989010989,0.23868131868131867,0.2887912087912088
0.2437854339293502,0.23331879633667685,0.23026602703881377,0.2926297426951592
0.24679345422379478,0.22467934542237947,0.23175586023883238,0.29677134011499334
0.24922805469783854,0.22937803264225848,0.2329069254521394,0.28848698720776356
0.25207152202354993,0.2245965983427824,0.2341910161360663,0.2891408634976014
0.2558550596553248,0.2205037560760053,0.2403888643393725,0.2832523199292974
0.2513250883392226,0.22217314487632508,0.23851590106007067,0.2879858657243816
0.2475770925110132,0.22290748898678414,0.24185022026431718,0.28766519823788544
0.2535087719298246,0.21447368421052632,0.24342105263157895,0.2885964912280702
0.24822695035460993,0.20567375886524822,0.2522163120567376,0.29388297872340424
0.2482300884955752,0.20929203539823008,0.2535398230088496,0.28893805309734516
0.2541998231653404,0.20910698496905394,0.2493368700265252,0.28735632183908044
0.25846702317290554,0.2054367201426025,0.24598930481283424,0.29010695187165775
0.2614980289093298,0.20805957074025405,0.24003504161191414,0.290407358738502
0.2621145374449339,0.20881057268722467,0.24581497797356827,0.28325991189427313
0.25937362152624616,0.21393912659902956,0.24481693868548743,0.2818703131892369
0.2560706401766004,0.2141280353200883,0.24282560706401765,0.2869757174392936
0.2524314765694076,0.21485411140583555,0.2475685234305924,0.28514588859416445
0.25297487880123404,0.20978404583516969,0.251211987659762,0.2860290877038343
0.2528533801580334,0.21027216856892011,0.24846356453028973,0.2884108867427568
0.2566725978647687,0.20596085409252668,0.25222419928825623,0.2851423487544484
0.2632955536181343,0.2022667829119442,0.24847428073234526,0.28596338273757627
0.26146384479717816,0.2037037037037037,0.2508818342151676,0.2839506172839506
0.261558784676354,0.20167327168648172,0.2518714222809335,0.2848965213562307
0.269687637483502,0.20281566212054553,0.24901011878574572,0.2784865816102068
0.2716864817261119,0.2056362835755174,0.24658740642888596,0.2760898282694848
0.2715669014084507,0.20290492957746478,0.24119718309859156,0.28433098591549294
0.2688927943760984,0.20650263620386644,0.24340949033391915,0.281195079086116
0.26544021024967146,0.20893561103810776,0.2360928602715725,0.2895313184406483
0.25618374558303886,0.21289752650176677,0.24072438162544169,0.29019434628975266
0.26077396657871593,0.21591908531222515,0.2418645558487247,0.28144239226033424
0.265962131219727,0.21180096873623955,0.2413033905768384,0.2809335094671951
0.2650918635170604,0.2047244094488189,0.24234470691163604,0.2878390201224847
0.2631812140008861,0.20248116969428445,0.2419140451927337,0.2924235711120957
0.26501766784452296,0.20008833922261485,0.247791519434629,0.2871024734982332
0.26705048715677593,0.19397697077059345,0.24933569530558017,0.2896368467670505
0.2678100263852243,0.19876868953386104,0.24582233948988566,0.287598944591029
0.2645133129637713,0.2034046268005238,0.24443474465298995,0.28764731558271495
0.2652613087395696,0.20948616600790515,0.2362758014931928,0.2889767237593325
0.2672566371681416,0.20619469026548673,0.23628318584070795,0.2902654867256637
0.26745718050065875,0.2090469916556873,0.23803249890206413,0.2854633289415898
0.2607361963190184,0.21034180543382996,0.2397020157756354,0.2892199824715162
0.26687251874724305,0.20732245258050286,0.23202470224966917,0.2937803264225849
0.2636443661971831,0.20334507042253522,0.2420774647887324,0.2909330985915493
0.26777147841255994,0.19755778456170955,0.23898822503270825,0.29568251199302226
0.26200873362445415,0.2004366812227074,0.23580786026200873,0.3017467248908297
0.2671081677704194,0.1955849889624724,0.24326710816777042,0.29403973509933773
0.2684417285028372,0.19860323003055436,0.2422522915757311,0.29070274989087735
0.26052631578947366,0.1969298245614035,0.2425438596491228,0.3
0.2623674911660777,0.19346289752650175,0.24469964664310953,0.299469964664311
0.26516157591854805,0.18725099601593626,0.24656927844178841,0.3010181496237273
0.2604120999561596,0.19333625602805787,0.24375274002630426,0.3024989039894783
0.26775474194971327,0.1874724305249228,0.24878694309660343,0.2959858844287605
0.26982041173894,0.18878668418747263,0.24441524310118265,0.29697766097240474
0.27850877192982454,0.1881578947368421,0.24298245614035088,0.29035087719298247
0.2718016821602479,0.18636564851704293,0.24833997343957503,0.29349269588313415
0.2710239651416122,0.18649237472766886,0.2518518518518518,0.2906318082788671
0.2724485326325011,0.19229084537888744,0.24660534384581692,0.28865527814279457
0.2755905511811024,0.1942257217847769,0.24146981627296588,0.2887139107611549
0.27450980392156865,0.19385026737967914,0.25,0.2816399286987522
0.27397868561278865,0.19671403197158083,0.25,0.2793072824156306
0.27481252756947505,0.19982355535950597,0.2479047198941332,0.2774591971768858
0.2747105966162066,0.195013357079252,0.24577025823686555,0.28450578806767585
0.2745792736935341,0.19486271036315322,0.24933569530558017,0.2812223206377325
0.2680052378873854,0.19860323003055436,0.24749017896115233,0.2859013531209079
0.26100352112676056,0.2007042253521127,0.25044014084507044,0.2878521126760563
0.265666372462489,0.1968225948808473,0.24845542806707854,0.2890556045895852
0.25650066108417807,0.19612163948876157,0.25782282944028206,0.2895548699867783
0.2544818539571491,0.20069960647135987,0.2544818539571491,0.29033668561434195
0.24879965080750763,0.20253164556962025,0.2601484068092536,0.2885202968136185
0.25272331154684097,0.19956427015250544,0.26187363834422656,0.28583877995642704
0.2536327608982827,0.1950682518714223,0.2624394539850286,0.2888595332452664
0.25394736842105264,0.19078947368421054,0.2644736842105263,0.29078947368421054
0.2537444933920705,0.18986784140969162,0.2621145374449339,0.29427312775330394
0.2581211589113257,0.18700614574187885,0.25768217734855137,0.2971905179982441
0.256477821695213,0.18972332015810275,0.26262626262626265,0.29117259552042163
0.2581641659311562,0.19329214474845544,0.2612533097969991,0.2872903795233892
0.2559055118110236,0.19860017497812774,0.2672790901137358,0.2782152230971129
0.2547085201793722,0.19641255605381167,0.268609865470852,0.2802690582959641
0.2535149384885764,0.19156414762741653,0.2719683655536028,0.28295254833040423
0.2589676290463692,0.19510061242344706,0.2690288713910761,0.2769028871391076
0.2630173564753004,0.19492656875834447,0.2661326212728082,0.27592345349354697
0.2699602999558888,0.19982355535950597,0.25849139832377593,0.2717247463608293
0.27123893805309734,0.19690265486725664,0.26017699115044246,0.27168141592920353
0.2630415561450044,0.20203359858532272,0.268788682581786,0.2661361626878868
0.2625994694960212,0.1971706454465075,0.27011494252873564,0.27011494252873564
0.2649154051647373,0.201246660730187,0.26447016918967053,0.26936776491540515
0.2721238938053097,0.2013274336283186,0.2575221238938053,0.26902654867256637
0.27543314082629944,0.19946690359840072,0.25366503776099514,0.27143491781430473
0.27444933920704845,0.20044052863436124,0.2533039647577093,0.27180616740088104
0.27841409691629954,0.20616740088105726,0.24845814977973568,0.2669603524229075
0.2745955400087451,0.20988194140795802,0.24267599475295146,0.2728465238303454
0.2689260563380282,0.20642605633802816,0.25,0.2746478873239437
0.2724485326325011,0.20061322820849758,0.24879544459045116,0.2781427945685502
0.2769434628975265,0.19920494699646643,0.24734982332155478,0.2765017667844523
0.27336244541484717,0.1960698689956332,0.24934497816593887,0.2812227074235808
0.2769434628975265,0.19920494699646643,0.24381625441696114,0.28003533568904593
0.2800875273522976,0.19562363238512034,0.2437636761487965,0.2805251641137856
0.28182616330114135,0.19271290605794555,0.24539069359086918,0.2800702370500439
0.28753292361720806,0.19490781387181738,0.24451273046532046,0.2730465320456541
0.286281429201588,0.19982355535950597,0.23952359947066607,0.27437141596823994
0.2963780918727915,0.18462897526501768,0.24558303886925795,0.27340989399293286
0.2946625496250551,0.18967798853109838,0.24569916188795765,0.2699602999558888
0.3010136624063464,0.18069634200088144,0.24327897752313796,0.2750110180696342
0.30075521990226567,0.18569524655708575,0.23856063971568192,0.27498889382496666
0.30434782608695654,0.1823425022182786,0.23824312333629105,0.27506654835847383
0.2943246810382754,0.18345798504179497,0.24857017157941047,0.2736471623405191
0.2918681318681319,0.18593406593406595,0.24395604395604395,0.27824175824175823
0.29608446986361636,0.1891772987241531,0.24417069951605808,0.27056753189617244
0.2906925452139391,0.18703131892368768,0.24172915747684165,0.28054697838553155
0.29352580927384075,0.18241469816272965,0.24278215223097113,0.28127734033245844
0.2852706299911269,0.1836734693877551,0.24933451641526175,0.28172138420585624
0.2776553547818422,0.19391802556192156,0.250330542089026,0.2780960775672102
0.27036547776309994,0.18890356671070013,0.2571554381329811,0.28357551739321885
0.2713722051731697,0.19421306444541866,0.2590968873301184,0.2753178430512933
0.2723701440419031,0.1907463989524225,0.25971191619380185,0.27717154081187256
0.2795604395604396,0.18769230769230769,0.25362637362637364,0.27912087912087913
0.2768888888888889,0.18977777777777777,0.252,0.2813333333333333
0.2745011086474501,0.19201773835920177,0.25543237250554324,0.2780487804878049
0.27602799650043747,0.19247594050743658,0.2458442694663167,0.28565179352580927
0.2789680804547442,0.19326628771316134,0.2435505028421513,0.28421512898994317
0.2760141093474427,0.19223985890652556,0.24691358024691357,0.2848324514991182
0.2747589833479404,0.19631901840490798,0.2427695004382121,0.28615249780893953
0.2703768624014023,0.19456617002629273,0.2427695004382121,0.2922874671340929
0.27389951089373055,0.18852823477100933,0.2432192085371276,0.2943530457981325
0.26900844819919967,0.1925300133392619,0.2463317029791018,0.29212983548243665
0.272207563764292,0.18733509234828497,0.24494283201407213,0.2955145118733509
0.2674315975286849,0.19285083848190646,0.2471315092674316,0.2925860547219771
0.2662852112676056,0.18794014084507044,0.24647887323943662,0.2992957746478873
0.26897470039946736,0.18597425654682645,0.2472259209942299,0.29782512205947625
0.26939843068875324,0.18831734960767219,0.24716652136006975,0.2951176983435048
0.2702108963093146,0.18673110720562391,0.24736379613356765,0.29569420035149385
0.27244718309859156,0.18838028169014084,0.24559859154929578,0.2935739436619718
0.27308707124010556,0.18953386103781883,0.24582233948988566,0.29155672823219
0.2718016821602479,0.18636564851704293,0.25143868968570166,0.2903939796370075
0.27933958054439983,0.18518518518518517,0.24854975457385095,0.286925479696564
0.2747589833479404,0.1836108676599474,0.25241016652059595,0.2892199824715162
0.2752091589608102,0.1831792162043153,0.24526640246587406,0.29634522236900046
0.2738043001316367,0.18604651162790697,0.24747696358051777,0.2926722246599386
0.27220503756076003,0.18515245249668583,0.24348210340256296,0.29916040653999115
0.2710816777041943,0.18631346578366445,0.24547461368653423,0.29713024282560707
0.2681958535509484,0.18659020732245257,0.2474636082928981,0.29775033083370095
0.2686369651521835,0.1901191001323335,0.24172915747684165,0.2995147772386414
0.27300748568912375,0.18494055482166447,0.24482606781153676,0.29722589167767505
0.2770979020979021,0.1866258741258741,0.24125874125874125,0.2950174825174825
0.27444933920704845,0.18766519823788547,0.23744493392070484,0.3004405286343612
0.27337488869100623,0.195013357079252,0.23374888691006232,0.2978628673196794
0.2728074041427942,0.19612163948876157,0.23666813574261789,0.29440282062582634
0.2797858099062918,0.19767960731816153,0.23382418563141455,0.2887103971441321
0.2680140597539543,0.20518453427065025,0.23857644991212654,0.28822495606326887
0.26906222611744085,0.20639789658194566,0.23751095530236635,0.28702892199824714
0.26897762176393153,0.209741114523914,0.2395787626151821,0.28170250109697237
0.26731363034847816,0.20776356418173797,0.23908248786943095,0.2858403176003529
0.2721238938053097,0.20707964601769913,0.23672566371681417,0.28407079646017697
0.2674933569530558,0.20549158547387067,0.2391496899911426,0.28786536758193093
0.269757174392936,0.19735099337748344,0.24415011037527592,0.28874172185430463
0.26733977172958734,0.1997366110623354,0.24231782265144863,0.2906057945566286
0.27123893805309734,0.19911504424778761,0.24336283185840707,0.28628318584070794
0.26728723404255317,0.19326241134751773,0.24601063829787234,0.29343971631205673
0.26649076517150394,0.19876868953386104,0.23790677220756376,0.29683377308707126
0.26672535211267606,0.2007042253521127,0.23371478873239437,0.2988556338028169
0.271729587357331,0.19885864793678665,0.23573309920983318,0.29367866549604915
0.26573426573426573,0.20279720279720279,0.23557692307692307,0.2958916083916084
0.26018396846254926,0.20280332895313186,0.23653088042049936,0.3004818221638195
0.25573192239858905,0.20282186948853614,0.23677248677248677,0.304673721340388
0.25485008818342153,0.20458553791887124,0.23544973544973544,0.30511463844797176
0.25978021978021976,0.20307692307692307,0.2334065934065934,0.3037362637362637
0.25961538461538464,0.208479020979021,0.229020979020979,0.30288461538461536
0.26271561256081377,0.205218929677134,0.232640424590889,0.2994250331711632
0.256092157731502,0.20691182986264953,0.23482498892334958,0.3021710234824989
0.250992501102779,0.20688134097926775,0.23820026466696073,0.3039258932509925
0.2512056115738711,0.210872424375274,0.2354230600613766,0.3024989039894783
0.25242290748898677,0.20748898678414096,0.23700440528634362,0.3030837004405286
0.24759825327510918,0.2074235807860262,0.2423580786026201,0.3026200873362445
0.2439347154830172,0.20688134097926775,0.23820026466696073,0.3109836788707543
0.24364592462751972,0.203330411919369,0.2427695004382121,0.3102541630148992
0.24282560706401765,0.20706401766004415,0.23885209713024283,0.31125827814569534
0.2426086956521739,0.21217391304347827,0.23956521739130435,0.3056521739130435
0.2432077125328659,0.2116564417177914,0.23751095530236635,0.30762489044697633
0.2481335090030742,0.21739130434782608,0.23144488361879667,0.30303030303030304
0.2516614975631369,0.2095702259636686,0.23482498892334958,0.30394328754984495
0.25734327049539674,0.2135028496273564,0.22665497588776853,0.3024989039894783
0.26132864056313243,0.20985481742190937,0.22525296964364278,0.3035635723713154
0.2601410934744268,0.20987654320987653,0.22707231040564374,0.3029100529100529
0.2574561403508772,0.21535087719298246,0.2267543859649123,0.30043859649122806
0.26195699868363315,0.21588415971917507,0.22729267222465993,0.2948661693725318
0.26443367122080214,0.21419127368884971,0.22520934332304982,0.2961657117672984
0.26254997778764994,0.21723678365171034,0.22390048867170145,0.29631274988893824
0.2633672116659302,0.21873619089703933,0.22624834290764473,0.29164825452938575
0.25623087013554874,0.219938784433756,0.2264975951027547,0.29733275032794054
0.2543936731107206,0.22056239015817222,0.22847100175746923,0.29657293497363796
0.25297487880123404,0.22256500661084178,0.23226090788893786,0.29219920669898636
0.24286341677646026,0.22573561703996486,0.23100570926657882,0.30039525691699603
0.24900662251655628,0.22119205298013245,0.2335540838852097,0.29624724061810154
0.24747696358051777,0.22378236068451074,0.22860903905221588,0.3001316366827556
0.24645390070921985,0.21941489361702127,0.23138297872340424,0.30274822695035464
0.24291321412996075,0.2136938508504143,0.2341910161360663,0.30920191888355864
0.24153101627804663,0.21381434227892654,0.2336119665640123,0.3110426748790145
0.25011008366358434,0.20783795684720388,0.23557904007045355,0.30647291941875826
0.2495583038869258,0.2040636042402827,0.24249116607773852,0.303886925795053
0.2545054945054945,0.20351648351648352,0.2413186813186813,0.30065934065934063
0.2503299604047514,0.19973603167619886,0.24725032996040475,0.302683677958645
0.25239755884917175,0.1987794245858762,0.24542284219703575,0.30340017436791633
0.24988942945599293,0.2043343653250774,0.24325519681556834,0.3025210084033613
0.25591586327782645,0.20508326029798424,0.24145486415425066,0.29754601226993865
0.2601410934744268,0.2054673721340388,0.23500881834215168,0.2993827160493827
0.2574823943661972,0.20422535211267606,0.2420774647887324,0.2962147887323944
0.2677861246133451,0.19531595227574017,0.24392399469730447,0.29297392841361025
0.2616740088105727,0.19779735682819383,0.23788546255506607,0.3026431718061674
0.2663115845539281,0.19529516200621394,0.2401242787394585,0.2982689747003995
0.2686369651521835,0.1901191001323335,0.24658138509042787,0.2946625496250551
0.2646928855501547,0.18868758285461776,0.2496685815289439,0.2969509500662837
0.26173604960141716,0.18821966341895482,0.24446412754650132,0.30558015943312666
0.2623022847100176,0.18980667838312829,0.2460456942003515,0.30184534270650265
0.26228070175438595,0.1899122807017544,0.24385964912280703,0.30394736842105263
0.25934065934065936,0.18769230769230769,0.24879120879120878,0.30417582417582417
0.2646411272567151,0.18626155878467635,0.2527520915896081,0.29634522236900046
0.261612620508326,0.18098159509202455,0.2506573181419807,0.3067484662576687
0.26439326837909655,0.18821966341895482,0.24490699734278124,0.3024800708591674
0.2601054481546573,0.19288224956063268,0.24253075571177504,0.30448154657293497
0.2667836770513383,0.1961386573058359,0.2395787626151821,0.2974989030276437
0.27233115468409586,0.19215686274509805,0.2440087145969499,0.29150326797385623
0.27750773309765797,0.18824569155987628,0.2474591250552364,0.28678745028722935
0.2796125055041832,0.17701453104359313,0.2514310876265962,0.2919418758256275
0.27807017543859647,0.1824561403508772,0.24298245614035088,0.2964912280701754
0.2823788546255507,0.18061674008810572,0.239647577092511,0.2973568281938326
0.27994734532689775,0.1816586222027205,0.24396665204036858,0.29442738043001315
0.28111209179170343,0.17917034421888792,0.23609885260370697,0.3036187113857017
0.2765301629238221,0.17657419638925584,0.2399823866138265,0.30691325407309555
0.28059440559440557,0.17482517482517482,0.2368881118881119,0.3076923076923077
0.28313518273888155,0.17613386173491855,0.23734037868780272,0.3033905768383972
0.2865342163355408,0.1704194260485651,0.2401766004415011,0.30286975717439296
0.2855251544571933,0.17299205648720212,0.235657546337158,0.3058252427184466
0.2849604221635884,0.17370272647317503,0.23878627968337732,0.30255057167985927
0.2925531914893617,0.17553191489361702,0.2296099290780142,0.30230496453900707
0.2837189000436491,0.17415975556525534,0.23352247926669575,0.3085988651243998
0.27768090671316475,0.17567567567567569,0.23539668700959024,0.3112467306015693
0.2791519434628975,0.17314487632508835,0.24690812720848057,0.30079505300353354
0.2821869488536155,0.17239858906525574,0.24735449735449735,0.2980599647266314
0.27947019867549666,0.17439293598233996,0.2410596026490066,0.3050772626931567
0.27917217084984586,0.17701453104359313,0.23866138265081463,0.3051519154557464
0.28111209179170343,0.1734333627537511,0.24051191526919682,0.3049426301853486
0.2811529933481153,0.17516629711751663,0.24168514412416853,0.30199556541019956
0.27534307215582116,0.1828242585214697,0.23904382470119523,0.30278884462151395
0.27448397013614406,0.18181818181818182,0.24462011418533158,0.29907773386034253
0.2754385964912281,0.17894736842105263,0.2442982456140351,0.3013157894736842
0.28158362989323843,0.1846085409252669,0.2353202846975089,0.2984875444839858
0.2795414462081129,0.18430335097001763,0.23721340388007053,0.29894179894179895
0.26887417218543047,0.18763796909492272,0.2401766004415011,0.3033112582781457
0.26943462897526504,0.18242049469964663,0.24558303886925795,0.3025618374558304
0.2702702702702703,0.18387239698715108,0.2361541869738591,0.30970314576871955
0.2706766917293233,0.18708536045997345,0.23485183547103053,0.3073861123396727
0.2764084507042254,0.18089788732394366,0.23371478873239437,0.3089788732394366
0.27308707124010556,0.18161829375549693,0.23350923482849603,0.3117854001759015
0.2731685789938217,0.18402471315092675,0.23962930273609886,0.3031774051191527
0.2703526338702656,0.1889420983892033,0.23726599912929908,0.30343926861123205
0.26946902654867255,0.18982300884955752,0.23849557522123893,0.30221238938053097
0.269897732325478,0.18852823477100933,0.2334370831480658,0.30813694975544687
0.2670780079330101,0.1855442926399295,0.2371088585279859,0.31026884089907447
0.2644082710074791,0.1922569291684998,0.2336119665640123,0.3097228332600088
0.26684397163120566,0.1879432624113475,0.23448581560283688,0.31072695035460995
0.27019867549668874,0.18896247240618103,0.23487858719646798,0.30596026490066225
0.2685388328214129,0.1882404563405002,0.2395787626151821,0.3036419482229048
0.27376259307928164,0.18791064388961892,0.24003504161191414,0.2982917214191853
0.2696035242290749,0.18722466960352424,0.239647577092511,0.30352422907488985
0.2684117125110914,0.19077196095829635,0.243566992014197,0.2972493345164153
0.26593406593406593,0.19032967032967033,0.2465934065934066,0.29714285714285715
0.2653421633554084,0.18189845474613686,0.24635761589403973,0.306401766004415
0.2711267605633803,0.1795774647887324,0.24075704225352113,0.3085387323943662
0.27344782034346105,0.18229854689564068,0.23822104799647734,0.30603258476442097
0.2696530522617479,0.18225735617039965,0.24330259112867808,0.30478700043917434
0.26285714285714284,0.18505494505494505,0.24175824175824176,0.31032967032967035
0.2566137566137566,0.18121693121693122,0.24426807760141092,0.31790123456790126
0.25618374558303886,0.17579505300353357,0.2495583038869258,0.31846289752650175
0.2598214285714286,0.18080357142857142,0.24642857142857144,0.31294642857142857
0.26652078774617066,0.18293216630196937,0.23938730853391685,0.3111597374179431
0.26613965744400525,0.1844532279314888,0.24022837066315328,0.30917874396135264
0.27377266696152147,0.18398938522777533,0.23839009287925697,0.3038478549314463
0.27549668874172184,0.1845474613686534,0.23487858719646798,0.3050772626931567
0.282311424790472,0.18129686810763124,0.23820026466696073,0.29819144243493606
0.28094820017559263,0.18086040386303776,0.23573309920983318,0.30245829675153646
0.28034934497816594,0.18427947598253275,0.23406113537117904,0.30131004366812225
0.2796125055041832,0.1800968736239542,0.23645970937912814,0.3038309114927345
0.28546177640300485,0.1789659743703049,0.2342023862129916,0.3013698630136986
0.2815107597716293,0.18225735617039965,0.23407992973210365,0.3021519543258674
0.2718832891246684,0.1825817860300619,0.23342175066312998,0.3121131741821397
0.2752858399296394,0.18161829375549693,0.2326297273526825,0.31046613896218117
0.2765957446808511,0.18193660442900564,0.22926617455492834,0.31220147633521494
0.2744328097731239,0.17975567190226877,0.23036649214659685,0.31544502617801046
0.2748794388426129,0.1867601928978518,0.22665497588776853,0.31170539237176675
0.2753303964757709,0.18546255506607928,0.22202643171806166,0.31718061674008813
0.2757255936675462,0.18469656992084432,0.22823218997361477,0.3113456464379947
0.2718954248366013,0.1860566448801743,0.23050108932461874,0.3115468409586057
0.2728865527814279,0.18572054314498468,0.23039859833552342,0.31099430573806397
0.2695191883546537,0.17909131010145568,0.23246581385090428,0.31892368769298635
0.26884089907448216,0.17981489643014545,0.23402379903040987,0.31732040546496254
0.2642762284196547,0.18503762726870296,0.23284639220894202,0.3178397521027003
0.25738210665491407,0.1877479065667695,0.23049801674746584,0.3243719700308506
0.26130434782608697,0.18782608695652173,0.23,0.3208695652173913
0.25719344842850816,0.18946436476316955,0.2319610447100487,0.32138114209827356
0.25907883082373784,0.18600531443755536,0.22763507528786536,0.32728077945084144
