C,D,Oc,Od
0.0,0.0,0.0,1.0
1.0,0.0,0.0,0.0
0.6666666666666666,0.3333333333333333,0.0,0.0
0.5,0.0,0.5,0.0
0.5,0.0,0.5,0.0
0.8,0.0,0.2,0.0
1.0,0.0,0.0,0.0
0.8333333333333334,0.16666666666666666,0.0,0.0
0.7142857142857143,0.14285714285714285,0.14285714285714285,0.0
1.0,0.0,0.0,0.0
0.75,0.0,0.25,0.0
1.0,0.0,0.0,0.0
0.75,0.0,0.0,0.25
0.75,0.0,0.0,0.25
0.6666666666666666,0.0,0.0,0.3333333333333333
0.6666666666666666,0.0,0.0,0.3333333333333333
0.5555555555555556,0.2222222222222222,0.0,0.2222222222222222
0.4444444444444444,0.1111111111111111,0.0,0.4444444444444444
0.4444444444444444,0.0,0.0,0.5555555555555556
0.4,0.0,0.0,0.6
0.18181818181818182,0.0,0.0,0.8181818181818182
0.2,0.0,0.0,0.8
0.18181818181818182,0.0,0.09090909090909091,0.7272727272727273
0.16666666666666666,0.0,0.08333333333333333,0.75
0.16666666666666666,0.0,0.0,0.8333333333333334
0.3333333333333333,0.0,0.0,0.6666666666666666
0.25,0.0,0.16666666666666666,0.5833333333333334
0.36363636363636365,0.0,0.09090909090909091,0.5454545454545454
0.2727272727272727,0.09090909090909091,0.09090909090909091,0.5454545454545454
0.25,0.08333333333333333,0.16666666666666666,0.5
0.25,0.0,0.16666666666666666,0.5833333333333334
0.3333333333333333,0.0,0.25,0.4166666666666667
0.3333333333333333,0.0,0.16666666666666666,0.5
0.5384615384615384,0.0,0.15384615384615385,0.3076923076923077
0.46153846153846156,0.0,0.07692307692307693,0.46153846153846156
0.2857142857142857,0.0,0.14285714285714285,0.5714285714285714
0.26666666666666666,0.0,0.26666666666666666,0.4666666666666667
0.25,0.0,0.25,0.5
0.25,0.0625,0.25,0.4375
0.3125,0.25,0.1875,0.25
0.2,0.3333333333333333,0.06666666666666667,0.4
0.25,0.3125,0.0625,0.375
0.17647058823529413,0.29411764705882354,0.0,0.5294117647058824
0.125,0.5,0.0625,0.3125
0.11764705882352941,0.5294117647058824,0.058823529411764705,0.29411764705882354
0.1111111111111111,0.3333333333333333,0.1111111111111111,0.4444444444444444
0.1111111111111111,0.3333333333333333,0.2222222222222222,0.3333333333333333
0.17647058823529413,0.35294117647058826,0.11764705882352941,0.35294117647058826
0.23529411764705882,0.4117647058823529,0.058823529411764705,0.29411764705882354
0.3125,0.4375,0.0625,0.1875
0.29411764705882354,0.4117647058823529,0.058823529411764705,0.23529411764705882
0.17647058823529413,0.47058823529411764,0.11764705882352941,0.23529411764705882
0.2222222222222222,0.3888888888888889,0.1111111111111111,0.2777777777777778
0.2,0.25,0.1,0.45
0.2631578947368421,0.21052631578947367,0.15789473684210525,0.3684210526315789
0.05263157894736842,0.15789473684210525,0.2631578947368421,0.5263157894736842
0.05,0.2,0.3,0.45
0.1,0.15,0.3,0.45
0.09090909090909091,0.09090909090909091,0.36363636363636365,0.45454545454545453
0.09090909090909091,0.18181818181818182,0.3181818181818182,0.4090909090909091
0.13043478260869565,0.13043478260869565,0.34782608695652173,0.391304347826087
0.08333333333333333,0.08333333333333333,0.3333333333333333,0.5
0.12,0.08,0.16,0.64
0.12,0.04,0.12,0.72
0.1111111111111111,0.037037037037037035,0.07407407407407407,0.7777777777777778
0.07692307692307693,0.038461538461538464,0.038461538461538464,0.8461538461538461
0.08,0.04,0.08,0.8
0.08333333333333333,0.0,0.08333333333333333,0.8333333333333334
0.08695652173913043,0.0,0.08695652173913043,0.8260869565217391
0.08695652173913043,0.043478260869565216,0.08695652173913043,0.782608695652174
0.08333333333333333,0.08333333333333333,0.0,0.8333333333333334
0.125,0.041666666666666664,0.0,0.8333333333333334
0.07692307692307693,0.07692307692307693,0.0,0.8461538461538461
0.04,0.12,0.04,0.8
0.04,0.12,0.04,0.8
0.1111111111111111,0.1111111111111111,0.037037037037037035,0.7407407407407407
0.16666666666666666,0.13333333333333333,0.03333333333333333,0.6666666666666666
0.1724137931034483,0.20689655172413793,0.034482758620689655,0.5862068965517241
0.2,0.23333333333333334,0.03333333333333333,0.5333333333333333
0.16129032258064516,0.22580645161290322,0.0,0.6129032258064516
0.25806451612903225,0.1935483870967742,0.0,0.5483870967741935
0.28125,0.21875,0.0,0.5
0.18181818181818182,0.3333333333333333,0.0,0.48484848484848486
0.25806451612903225,0.25806451612903225,0.0,0.4838709677419355
0.4375,0.1875,0.0,0.375
0.3939393939393939,0.12121212121212122,0.030303030303030304,0.45454545454545453
0.3939393939393939,0.15151515151515152,0.0,0.45454545454545453
0.4411764705882353,0.14705882352941177,0.0,0.4117647058823529
0.5555555555555556,0.08333333333333333,0.0,0.3611111111111111
0.6285714285714286,0.08571428571428572,0.0,0.2857142857142857
0.7058823529411765,0.058823529411764705,0.029411764705882353,0.20588235294117646
0.7142857142857143,0.05714285714285714,0.05714285714285714,0.17142857142857143
0.6842105263157895,0.07894736842105263,0.02631578947368421,0.21052631578947367
0.7105263157894737,0.07894736842105263,0.0,0.21052631578947367
0.6842105263157895,0.05263157894736842,0.05263157894736842,0.21052631578947367
0.575,0.1,0.125,0.2
0.5121951219512195,0.12195121951219512,0.17073170731707318,0.1951219512195122
0.5476190476190477,0.14285714285714285,0.14285714285714285,0.16666666666666666
0.6744186046511628,0.09302325581395349,0.11627906976744186,0.11627906976744186
0.6511627906976745,0.11627906976744186,0.09302325581395349,0.13953488372093023
0.627906976744186,0.11627906976744186,0.13953488372093023,0.11627906976744186
0.675,0.05,0.125,0.15
0.675,0.025,0.125,0.175
0.7,0.025,0.1,0.175
0.6829268292682927,0.024390243902439025,0.17073170731707318,0.12195121951219512
0.6666666666666666,0.0,0.19047619047619047,0.14285714285714285
0.6666666666666666,0.0,0.21428571428571427,0.11904761904761904
0.6904761904761905,0.0,0.21428571428571427,0.09523809523809523
0.675,0.0,0.275,0.05
0.7073170731707317,0.0,0.24390243902439024,0.04878048780487805
0.6097560975609756,0.0,0.24390243902439024,0.14634146341463414
0.6585365853658537,0.0,0.2682926829268293,0.07317073170731707
0.6829268292682927,0.0,0.2926829268292683,0.024390243902439025
0.6190476190476191,0.0,0.35714285714285715,0.023809523809523808
0.5333333333333333,0.0,0.4222222222222222,0.044444444444444446
0.5454545454545454,0.0,0.38636363636363635,0.06818181818181818
0.5348837209302325,0.0,0.4186046511627907,0.046511627906976744
0.5238095238095238,0.047619047619047616,0.38095238095238093,0.047619047619047616
0.4634146341463415,0.07317073170731707,0.4146341463414634,0.04878048780487805
0.5365853658536586,0.04878048780487805,0.34146341463414637,0.07317073170731707
0.4878048780487805,0.07317073170731707,0.4146341463414634,0.024390243902439025
0.5348837209302325,0.11627906976744186,0.3488372093023256,0.0
0.5581395348837209,0.046511627906976744,0.37209302325581395,0.023255813953488372
0.6136363636363636,0.06818181818181818,0.3181818181818182,0.0
0.6304347826086957,0.021739130434782608,0.34782608695652173,0.0
0.6956521739130435,0.043478260869565216,0.2608695652173913,0.0
0.75,0.041666666666666664,0.20833333333333334,0.0
0.7954545454545454,0.022727272727272728,0.18181818181818182,0.0
0.7441860465116279,0.0,0.23255813953488372,0.023255813953488372
0.6590909090909091,0.0,0.25,0.09090909090909091
0.5909090909090909,0.0,0.29545454545454547,0.11363636363636363
0.5909090909090909,0.0,0.25,0.1590909090909091
0.5681818181818182,0.0,0.25,0.18181818181818182
0.4,0.022222222222222223,0.28888888888888886,0.28888888888888886
0.4090909090909091,0.045454545454545456,0.2727272727272727,0.2727272727272727
0.4222222222222222,0.08888888888888889,0.26666666666666666,0.2222222222222222
0.5333333333333333,0.08888888888888889,0.2222222222222222,0.15555555555555556
0.5531914893617021,0.10638297872340426,0.1702127659574468,0.1702127659574468
0.574468085106383,0.06382978723404255,0.19148936170212766,0.1702127659574468
0.5510204081632653,0.04081632653061224,0.22448979591836735,0.1836734693877551
0.5098039215686274,0.0,0.23529411764705882,0.2549019607843137
0.5918367346938775,0.0,0.1836734693877551,0.22448979591836735
0.5294117647058824,0.0,0.11764705882352941,0.35294117647058826
0.48,0.0,0.1,0.42
0.5208333333333334,0.0,0.08333333333333333,0.3958333333333333
0.56,0.0,0.08,0.36
0.5102040816326531,0.0,0.10204081632653061,0.3877551020408163
0.46938775510204084,0.0,0.12244897959183673,0.40816326530612246
0.5,0.0,0.14,0.36
0.46,0.0,0.2,0.34
0.4489795918367347,0.0,0.20408163265306123,0.3469387755102041
0.4375,0.020833333333333332,0.25,0.2916666666666667
0.3877551020408163,0.061224489795918366,0.22448979591836735,0.32653061224489793
0.32,0.1,0.26,0.32
0.43137254901960786,0.13725490196078433,0.27450980392156865,0.1568627450980392
0.48,0.14,0.22,0.16
0.5102040816326531,0.10204081632653061,0.24489795918367346,0.14285714285714285
0.5102040816326531,0.08163265306122448,0.2653061224489796,0.14285714285714285
0.5106382978723404,0.06382978723404255,0.2127659574468085,0.2127659574468085
0.5416666666666666,0.041666666666666664,0.22916666666666666,0.1875
0.4897959183673469,0.061224489795918366,0.24489795918367346,0.20408163265306123
0.46938775510204084,0.08163265306122448,0.22448979591836735,0.22448979591836735
0.40816326530612246,0.12244897959183673,0.20408163265306123,0.2653061224489796
0.4,0.12,0.22,0.26
0.4,0.18,0.14,0.28
0.36538461538461536,0.21153846153846154,0.17307692307692307,0.25
0.4339622641509434,0.18867924528301888,0.16981132075471697,0.20754716981132076
0.4339622641509434,0.22641509433962265,0.1320754716981132,0.20754716981132076
0.47058823529411764,0.21568627450980393,0.0784313725490196,0.23529411764705882
0.4716981132075472,0.20754716981132076,0.09433962264150944,0.22641509433962265
0.39285714285714285,0.17857142857142858,0.125,0.30357142857142855
0.35185185185185186,0.18518518518518517,0.1111111111111111,0.35185185185185186
0.3584905660377358,0.20754716981132076,0.09433962264150944,0.33962264150943394
0.24074074074074073,0.25925925925925924,0.1111111111111111,0.3888888888888889
0.16363636363636364,0.21818181818181817,0.12727272727272726,0.4909090909090909
0.19642857142857142,0.25,0.14285714285714285,0.4107142857142857
0.21428571428571427,0.30357142857142855,0.125,0.35714285714285715
0.16363636363636364,0.2545454545454545,0.16363636363636364,0.41818181818181815
0.21052631578947367,0.2807017543859649,0.15789473684210525,0.3508771929824561
0.19298245614035087,0.21052631578947367,0.21052631578947367,0.38596491228070173
0.22807017543859648,0.2631578947368421,0.17543859649122806,0.3333333333333333
0.19298245614035087,0.3157894736842105,0.19298245614035087,0.2982456140350877
0.2033898305084746,0.3220338983050847,0.1864406779661017,0.288135593220339
0.23333333333333334,0.35,0.15,0.26666666666666666
0.20967741935483872,0.3387096774193548,0.12903225806451613,0.3225806451612903
0.2033898305084746,0.3389830508474576,0.13559322033898305,0.3220338983050847
0.1864406779661017,0.4067796610169492,0.11864406779661017,0.288135593220339
0.18032786885245902,0.3442622950819672,0.11475409836065574,0.36065573770491804
0.1896551724137931,0.3620689655172414,0.13793103448275862,0.3103448275862069
0.14285714285714285,0.32142857142857145,0.21428571428571427,0.32142857142857145
0.10909090909090909,0.3090909090909091,0.18181818181818182,0.4
0.14285714285714285,0.2857142857142857,0.16071428571428573,0.4107142857142857
0.23636363636363636,0.2909090909090909,0.16363636363636364,0.3090909090909091
0.23214285714285715,0.3392857142857143,0.14285714285714285,0.2857142857142857
0.21818181818181817,0.43636363636363634,0.14545454545454545,0.2
0.21818181818181817,0.45454545454545453,0.10909090909090909,0.21818181818181817
0.23636363636363636,0.43636363636363634,0.10909090909090909,0.21818181818181817
0.21818181818181817,0.509090909090909,0.10909090909090909,0.16363636363636364
0.14545454545454545,0.5818181818181818,0.12727272727272726,0.14545454545454545
0.16363636363636364,0.6181818181818182,0.09090909090909091,0.12727272727272726
0.16666666666666666,0.48148148148148145,0.12962962962962962,0.2222222222222222
0.11320754716981132,0.49056603773584906,0.1509433962264151,0.24528301886792453
0.09259259259259259,0.5740740740740741,0.1111111111111111,0.2222222222222222
0.07272727272727272,0.6,0.09090909090909091,0.23636363636363636
0.09259259259259259,0.6111111111111112,0.09259259259259259,0.2037037037037037
0.07272727272727272,0.7090909090909091,0.10909090909090909,0.10909090909090909
0.03773584905660377,0.7169811320754716,0.1320754716981132,0.11320754716981132
0.05555555555555555,0.6296296296296297,0.2037037037037037,0.1111111111111111
0.07407407407407407,0.6111111111111112,0.2222222222222222,0.09259259259259259
0.12280701754385964,0.5789473684210527,0.21052631578947367,0.08771929824561403
0.15517241379310345,0.5689655172413793,0.1724137931034483,0.10344827586206896
0.17857142857142858,0.5357142857142857,0.17857142857142858,0.10714285714285714
0.10909090909090909,0.509090909090909,0.23636363636363636,0.14545454545454545
0.125,0.5535714285714286,0.19642857142857142,0.125
0.18181818181818182,0.509090909090909,0.18181818181818182,0.12727272727272726
0.16363636363636364,0.5454545454545454,0.16363636363636364,0.12727272727272726
0.2,0.5272727272727272,0.12727272727272726,0.14545454545454545
0.23214285714285715,0.48214285714285715,0.14285714285714285,0.14285714285714285
0.14545454545454545,0.4727272727272727,0.2,0.18181818181818182
0.12727272727272726,0.5636363636363636,0.16363636363636364,0.14545454545454545
0.018518518518518517,0.7222222222222222,0.18518518518518517,0.07407407407407407
0.05454545454545454,0.6545454545454545,0.2,0.09090909090909091
0.07017543859649122,0.6491228070175439,0.15789473684210525,0.12280701754385964
0.07017543859649122,0.6140350877192983,0.15789473684210525,0.15789473684210525
0.08771929824561403,0.543859649122807,0.15789473684210525,0.21052631578947367
0.07272727272727272,0.5454545454545454,0.14545454545454545,0.23636363636363636
0.10526315789473684,0.5087719298245614,0.15789473684210525,0.22807017543859648
0.12727272727272726,0.45454545454545453,0.16363636363636364,0.2545454545454545
0.09259259259259259,0.5370370370370371,0.12962962962962962,0.24074074074074073
0.07272727272727272,0.5454545454545454,0.09090909090909091,0.2909090909090909
0.037037037037037035,0.6296296296296297,0.1111111111111111,0.2222222222222222
0.0,0.6727272727272727,0.12727272727272726,0.2
0.0,0.6909090909090909,0.14545454545454545,0.16363636363636364
0.017857142857142856,0.6071428571428571,0.19642857142857142,0.17857142857142858
0.07692307692307693,0.5961538461538461,0.15384615384615385,0.17307692307692307
0.1,0.52,0.16,0.22
0.10204081632653061,0.5306122448979592,0.12244897959183673,0.24489795918367346
0.14,0.5,0.16,0.2
0.1568627450980392,0.39215686274509803,0.23529411764705882,0.21568627450980393
0.17307692307692307,0.4423076923076923,0.19230769230769232,0.19230769230769232
0.15384615384615385,0.38461538461538464,0.21153846153846154,0.25
0.23076923076923078,0.28846153846153844,0.19230769230769232,0.28846153846153844
0.21568627450980393,0.29411764705882354,0.17647058823529413,0.3137254901960784
0.11538461538461539,0.4230769230769231,0.1346153846153846,0.3269230769230769
0.09803921568627451,0.45098039215686275,0.0392156862745098,0.4117647058823529
0.058823529411764705,0.43137254901960786,0.0392156862745098,0.47058823529411764
0.0784313725490196,0.4117647058823529,0.0392156862745098,0.47058823529411764
0.058823529411764705,0.35294117647058826,0.058823529411764705,0.5294117647058824
0.061224489795918366,0.42857142857142855,0.08163265306122448,0.42857142857142855
0.08163265306122448,0.2653061224489796,0.061224489795918366,0.5918367346938775
0.1,0.24,0.1,0.56
0.12,0.26,0.1,0.52
0.13725490196078433,0.23529411764705882,0.11764705882352941,0.5098039215686274
0.1568627450980392,0.2549019607843137,0.17647058823529413,0.4117647058823529
0.15384615384615385,0.19230769230769232,0.21153846153846154,0.4423076923076923
0.19607843137254902,0.19607843137254902,0.1568627450980392,0.45098039215686275
0.2,0.18181818181818182,0.2,0.41818181818181815
0.18867924528301888,0.16981132075471697,0.2641509433962264,0.37735849056603776
0.16981132075471697,0.24528301886792453,0.24528301886792453,0.33962264150943394
0.038461538461538464,0.2692307692307692,0.28846153846153844,0.40384615384615385
0.0196078431372549,0.21568627450980393,0.3333333333333333,0.43137254901960786
0.08,0.2,0.4,0.32
0.0625,0.20833333333333334,0.3125,0.4166666666666667
0.02,0.26,0.3,0.42
0.04081632653061224,0.24489795918367346,0.22448979591836735,0.4897959183673469
0.06382978723404255,0.2553191489361702,0.19148936170212766,0.48936170212765956
0.0851063829787234,0.2127659574468085,0.14893617021276595,0.5531914893617021
0.06521739130434782,0.1956521739130435,0.17391304347826086,0.5652173913043478
0.0625,0.22916666666666666,0.08333333333333333,0.625
0.0625,0.22916666666666666,0.08333333333333333,0.625
0.08695652173913043,0.1956521739130435,0.043478260869565216,0.6739130434782609
0.0425531914893617,0.23404255319148937,0.0851063829787234,0.6382978723404256
0.15217391304347827,0.1956521739130435,0.10869565217391304,0.5434782608695652
0.23404255319148937,0.23404255319148937,0.1276595744680851,0.40425531914893614
0.21568627450980393,0.27450980392156865,0.11764705882352941,0.39215686274509803
0.13725490196078433,0.21568627450980393,0.11764705882352941,0.5294117647058824
0.057692307692307696,0.17307692307692307,0.15384615384615385,0.6153846153846154
0.06,0.16,0.14,0.64
0.09803921568627451,0.1568627450980392,0.1568627450980392,0.5882352941176471
0.15384615384615385,0.21153846153846154,0.07692307692307693,0.5576923076923077
0.09615384615384616,0.2692307692307692,0.07692307692307693,0.5576923076923077
0.11320754716981132,0.24528301886792453,0.07547169811320754,0.5660377358490566
0.09803921568627451,0.29411764705882354,0.0784313725490196,0.5294117647058824
0.09615384615384616,0.3269230769230769,0.09615384615384616,0.4807692307692308
0.05454545454545454,0.36363636363636365,0.09090909090909091,0.4909090909090909
0.09433962264150944,0.2830188679245283,0.11320754716981132,0.5094339622641509
0.05454545454545454,0.4,0.10909090909090909,0.43636363636363634
0.05357142857142857,0.39285714285714285,0.16071428571428573,0.39285714285714285
0.05263157894736842,0.40350877192982454,0.21052631578947367,0.3333333333333333
0.05084745762711865,0.4067796610169492,0.23728813559322035,0.3050847457627119
0.06779661016949153,0.4576271186440678,0.2542372881355932,0.22033898305084745
0.08771929824561403,0.38596491228070173,0.24561403508771928,0.2807017543859649
0.10344827586206896,0.3448275862068966,0.27586206896551724,0.27586206896551724
0.08771929824561403,0.24561403508771928,0.3508771929824561,0.3157894736842105
0.10526315789473684,0.19298245614035087,0.3333333333333333,0.3684210526315789
0.08620689655172414,0.2413793103448276,0.27586206896551724,0.39655172413793105
0.08771929824561403,0.24561403508771928,0.3684210526315789,0.2982456140350877
0.125,0.25,0.39285714285714285,0.23214285714285715
0.16363636363636364,0.2727272727272727,0.4,0.16363636363636364
0.22807017543859648,0.21052631578947367,0.38596491228070173,0.17543859649122806
0.25,0.17857142857142858,0.44642857142857145,0.125
0.22807017543859648,0.19298245614035087,0.43859649122807015,0.14035087719298245
0.18518518518518517,0.14814814814814814,0.46296296296296297,0.2037037037037037
0.16666666666666666,0.12962962962962962,0.48148148148148145,0.2222222222222222
0.24074074074074073,0.16666666666666666,0.37037037037037035,0.2222222222222222
0.23076923076923078,0.11538461538461539,0.36538461538461536,0.28846153846153844
0.2549019607843137,0.11764705882352941,0.37254901960784315,0.2549019607843137
0.26,0.08,0.34,0.32
0.2553191489361702,0.0851063829787234,0.3191489361702128,0.3404255319148936
0.2978723404255319,0.10638297872340426,0.3191489361702128,0.2765957446808511
0.32,0.14,0.28,0.26
0.3469387755102041,0.10204081632653061,0.30612244897959184,0.24489795918367346
0.2765957446808511,0.10638297872340426,0.3617021276595745,0.2553191489361702
0.23404255319148937,0.10638297872340426,0.3829787234042553,0.2765957446808511
0.3111111111111111,0.06666666666666667,0.4,0.2222222222222222
0.2608695652173913,0.08695652173913043,0.34782608695652173,0.30434782608695654
0.30434782608695654,0.10869565217391304,0.2826086956521739,0.30434782608695654
0.3111111111111111,0.1111111111111111,0.3111111111111111,0.26666666666666666
0.30434782608695654,0.08695652173913043,0.41304347826086957,0.1956521739130435
0.2826086956521739,0.06521739130434782,0.4782608695652174,0.17391304347826086
0.30434782608695654,0.06521739130434782,0.5,0.13043478260869565
0.23404255319148937,0.0851063829787234,0.48936170212765956,0.19148936170212766
0.2391304347826087,0.021739130434782608,0.5434782608695652,0.1956521739130435
0.16666666666666666,0.020833333333333332,0.6041666666666666,0.20833333333333334
0.17391304347826086,0.043478260869565216,0.5217391304347826,0.2608695652173913
0.2553191489361702,0.0425531914893617,0.425531914893617,0.2765957446808511
0.22916666666666666,0.0625,0.4375,0.2708333333333333
0.23404255319148937,0.0425531914893617,0.425531914893617,0.2978723404255319
0.1875,0.0625,0.375,0.375
0.14,0.06,0.4,0.4
0.14583333333333334,0.041666666666666664,0.3541666666666667,0.4583333333333333
0.1875,0.0,0.3958333333333333,0.4166666666666667
0.15217391304347827,0.0,0.391304347826087,0.45652173913043476
0.18604651162790697,0.0,0.4186046511627907,0.3953488372093023
0.1590909090909091,0.0,0.4772727272727273,0.36363636363636365
0.11904761904761904,0.0,0.5238095238095238,0.35714285714285715
0.11363636363636363,0.0,0.5454545454545454,0.3409090909090909
0.09523809523809523,0.0,0.5238095238095238,0.38095238095238093
0.046511627906976744,0.046511627906976744,0.4883720930232558,0.4186046511627907
0.07142857142857142,0.07142857142857142,0.5238095238095238,0.3333333333333333
0.06976744186046512,0.11627906976744186,0.4186046511627907,0.3953488372093023
0.047619047619047616,0.16666666666666666,0.47619047619047616,0.30952380952380953
0.09302325581395349,0.2558139534883721,0.3023255813953488,0.3488372093023256
0.09302325581395349,0.3023255813953488,0.2558139534883721,0.3488372093023256
0.18604651162790697,0.20930232558139536,0.32558139534883723,0.27906976744186046
0.1794871794871795,0.15384615384615385,0.358974358974359,0.3076923076923077
0.2564102564102564,0.10256410256410256,0.358974358974359,0.28205128205128205
0.1794871794871795,0.07692307692307693,0.3076923076923077,0.4358974358974359
0.21621621621621623,0.05405405405405406,0.35135135135135137,0.3783783783783784
0.2702702702702703,0.05405405405405406,0.35135135135135137,0.32432432432432434
0.24324324324324326,0.05405405405405406,0.40540540540540543,0.2972972972972973
0.21621621621621623,0.08108108108108109,0.4594594594594595,0.24324324324324326
0.2631578947368421,0.13157894736842105,0.3684210526315789,0.23684210526315788
0.1794871794871795,0.1282051282051282,0.41025641025641024,0.28205128205128205
0.23809523809523808,0.14285714285714285,0.30952380952380953,0.30952380952380953
0.2558139534883721,0.11627906976744186,0.3488372093023256,0.27906976744186046
0.4,0.125,0.25,0.225
0.358974358974359,0.1282051282051282,0.2564102564102564,0.2564102564102564
0.4358974358974359,0.10256410256410256,0.15384615384615385,0.3076923076923077
0.35,0.125,0.175,0.35
0.325,0.075,0.225,0.375
0.275,0.075,0.25,0.4
0.4,0.1,0.225,0.275
0.425,0.05,0.225,0.3
0.5384615384615384,0.02564102564102564,0.20512820512820512,0.23076923076923078
0.5365853658536586,0.04878048780487805,0.17073170731707318,0.24390243902439024
0.6190476190476191,0.023809523809523808,0.14285714285714285,0.21428571428571427
0.4772727272727273,0.06818181818181818,0.11363636363636363,0.3409090909090909
0.4782608695652174,0.10869565217391304,0.10869565217391304,0.30434782608695654
0.5869565217391305,0.10869565217391304,0.15217391304347827,0.15217391304347827
0.5869565217391305,0.08695652173913043,0.15217391304347827,0.17391304347826086
0.5652173913043478,0.043478260869565216,0.21739130434782608,0.17391304347826086
0.5217391304347826,0.06521739130434782,0.1956521739130435,0.21739130434782608
0.48936170212765956,0.06382978723404255,0.2127659574468085,0.23404255319148937
0.48936170212765956,0.0851063829787234,0.14893617021276595,0.2765957446808511
0.3617021276595745,0.0425531914893617,0.19148936170212766,0.40425531914893614
0.3125,0.08333333333333333,0.20833333333333334,0.3958333333333333
0.20833333333333334,0.125,0.20833333333333334,0.4583333333333333
0.16,0.16,0.18,0.5
0.14583333333333334,0.16666666666666666,0.20833333333333334,0.4791666666666667
0.10638297872340426,0.2127659574468085,0.1702127659574468,0.5106382978723404
0.08163265306122448,0.2653061224489796,0.16326530612244897,0.4897959183673469
0.09803921568627451,0.23529411764705882,0.1568627450980392,0.5098039215686274
0.07547169811320754,0.16981132075471697,0.18867924528301888,0.5660377358490566
0.057692307692307696,0.19230769230769232,0.19230769230769232,0.5576923076923077
0.05555555555555555,0.2037037037037037,0.14814814814814814,0.5925925925925926
0.03773584905660377,0.20754716981132076,0.20754716981132076,0.5471698113207547
0.0196078431372549,0.17647058823529413,0.1568627450980392,0.6470588235294118
0.0,0.1,0.18,0.72
0.041666666666666664,0.08333333333333333,0.20833333333333334,0.6666666666666666
0.0625,0.10416666666666667,0.22916666666666666,0.6041666666666666
0.058823529411764705,0.0784313725490196,0.19607843137254902,0.6666666666666666
0.0784313725490196,0.13725490196078433,0.1568627450980392,0.6274509803921569
0.06,0.12,0.14,0.68
0.0784313725490196,0.11764705882352941,0.0392156862745098,0.7647058823529411
0.057692307692307696,0.1346153846153846,0.057692307692307696,0.75
0.06,0.1,0.0,0.84
0.061224489795918366,0.12244897959183673,0.0,0.8163265306122449
0.061224489795918366,0.08163265306122448,0.0,0.8571428571428571
0.04081632653061224,0.12244897959183673,0.02040816326530612,0.8163265306122449
0.02040816326530612,0.12244897959183673,0.02040816326530612,0.8367346938775511
0.061224489795918366,0.08163265306122448,0.02040816326530612,0.8367346938775511
0.10204081632653061,0.061224489795918366,0.02040816326530612,0.8163265306122449
0.10204081632653061,0.061224489795918366,0.02040816326530612,0.8163265306122449
0.12244897959183673,0.08163265306122448,0.02040816326530612,0.7755102040816326
0.1,0.1,0.08,0.72
0.19230769230769232,0.07692307692307693,0.07692307692307693,0.6538461538461539
0.17307692307692307,0.1346153846153846,0.07692307692307693,0.6153846153846154
0.21568627450980393,0.13725490196078433,0.058823529411764705,0.5882352941176471
0.20754716981132076,0.11320754716981132,0.05660377358490566,0.6226415094339622
0.1509433962264151,0.1320754716981132,0.03773584905660377,0.6792452830188679
0.1509433962264151,0.1509433962264151,0.05660377358490566,0.6415094339622641
0.17647058823529413,0.11764705882352941,0.058823529411764705,0.6470588235294118
0.19230769230769232,0.07692307692307693,0.07692307692307693,0.6538461538461539
0.23076923076923078,0.038461538461538464,0.11538461538461539,0.6153846153846154
0.2641509433962264,0.07547169811320754,0.09433962264150944,0.5660377358490566
0.24,0.08,0.06,0.62
0.25,0.11538461538461539,0.057692307692307696,0.5769230769230769
0.19230769230769232,0.19230769230769232,0.038461538461538464,0.5769230769230769
0.19230769230769232,0.23076923076923078,0.057692307692307696,0.5192307692307693
0.17307692307692307,0.25,0.07692307692307693,0.5
0.15384615384615385,0.2692307692307692,0.057692307692307696,0.5192307692307693
0.15384615384615385,0.3269230769230769,0.038461538461538464,0.4807692307692308
0.2549019607843137,0.29411764705882354,0.0392156862745098,0.4117647058823529
0.3,0.2,0.06,0.44
0.2653061224489796,0.2857142857142857,0.04081632653061224,0.40816326530612246
0.32,0.34,0.0,0.34
0.24489795918367346,0.3673469387755102,0.02040816326530612,0.3673469387755102
0.2641509433962264,0.33962264150943394,0.03773584905660377,0.3584905660377358
0.2222222222222222,0.46296296296296297,0.018518518518518517,0.2962962962962963
0.23076923076923078,0.38461538461538464,0.019230769230769232,0.36538461538461536
0.27450980392156865,0.3137254901960784,0.058823529411764705,0.35294117647058826
0.24,0.34,0.02,0.4
0.23076923076923078,0.36538461538461536,0.019230769230769232,0.38461538461538464
0.2641509433962264,0.3584905660377358,0.0,0.37735849056603776
0.24528301886792453,0.37735849056603776,0.018867924528301886,0.3584905660377358
0.25925925925925924,0.37037037037037035,0.018518518518518517,0.35185185185185186
0.32727272727272727,0.34545454545454546,0.03636363636363636,0.2909090909090909
0.375,0.4107142857142857,0.017857142857142856,0.19642857142857142
0.39655172413793105,0.3793103448275862,0.034482758620689655,0.1896551724137931
0.40350877192982454,0.2982456140350877,0.08771929824561403,0.21052631578947367
0.2982456140350877,0.3157894736842105,0.17543859649122806,0.21052631578947367
0.2830188679245283,0.37735849056603776,0.1320754716981132,0.20754716981132076
0.24528301886792453,0.4339622641509434,0.09433962264150944,0.22641509433962265
0.27450980392156865,0.49019607843137253,0.0392156862745098,0.19607843137254902
0.2962962962962963,0.46296296296296297,0.018518518518518517,0.2222222222222222
0.3584905660377358,0.3584905660377358,0.03773584905660377,0.24528301886792453
0.33962264150943394,0.3584905660377358,0.018867924528301886,0.2830188679245283
0.2857142857142857,0.35714285714285715,0.017857142857142856,0.3392857142857143
0.2857142857142857,0.4107142857142857,0.03571428571428571,0.26785714285714285
0.2909090909090909,0.34545454545454546,0.05454545454545454,0.3090909090909091
0.2777777777777778,0.4444444444444444,0.05555555555555555,0.2222222222222222
0.3148148148148148,0.3888888888888889,0.05555555555555555,0.24074074074074073
0.2909090909090909,0.38181818181818183,0.07272727272727272,0.2545454545454545
0.2545454545454545,0.34545454545454546,0.10909090909090909,0.2909090909090909
0.23636363636363636,0.34545454545454546,0.16363636363636364,0.2545454545454545
0.24074074074074073,0.37037037037037035,0.18518518518518517,0.2037037037037037
0.25,0.375,0.17857142857142858,0.19642857142857142
0.20689655172413793,0.39655172413793105,0.1896551724137931,0.20689655172413793
0.19672131147540983,0.3770491803278688,0.21311475409836064,0.21311475409836064
0.18032786885245902,0.36065573770491804,0.26229508196721313,0.19672131147540983
0.18333333333333332,0.35,0.21666666666666667,0.25
0.21666666666666667,0.3,0.23333333333333334,0.25
0.22950819672131148,0.3442622950819672,0.22950819672131148,0.19672131147540983
0.19672131147540983,0.3442622950819672,0.26229508196721313,0.19672131147540983
0.1875,0.390625,0.3125,0.109375
0.203125,0.265625,0.375,0.15625
0.21212121212121213,0.25757575757575757,0.36363636363636365,0.16666666666666666
0.18181818181818182,0.18181818181818182,0.42424242424242425,0.21212121212121213
0.22727272727272727,0.21212121212121213,0.36363636363636365,0.19696969696969696
0.22388059701492538,0.23880597014925373,0.373134328358209,0.16417910447761194
0.2318840579710145,0.2318840579710145,0.37681159420289856,0.15942028985507245
0.3142857142857143,0.17142857142857143,0.4,0.11428571428571428
0.30985915492957744,0.2535211267605634,0.3380281690140845,0.09859154929577464
0.36764705882352944,0.23529411764705882,0.29411764705882354,0.10294117647058823
0.36231884057971014,0.2318840579710145,0.2753623188405797,0.13043478260869565
0.34782608695652173,0.2318840579710145,0.34782608695652173,0.07246376811594203
0.37333333333333335,0.24,0.29333333333333333,0.09333333333333334
0.36486486486486486,0.2702702702702703,0.2702702702702703,0.0945945945945946
0.4025974025974026,0.24675324675324675,0.2727272727272727,0.07792207792207792
0.3684210526315789,0.3026315789473684,0.23684210526315788,0.09210526315789473
0.3815789473684211,0.2894736842105263,0.2631578947368421,0.06578947368421052
0.3972602739726027,0.2328767123287671,0.3150684931506849,0.0547945205479452
0.3150684931506849,0.2602739726027397,0.3561643835616438,0.0684931506849315
0.3108108108108108,0.22972972972972974,0.3783783783783784,0.08108108108108109
0.3026315789473684,0.19736842105263158,0.40789473684210525,0.09210526315789473
0.2894736842105263,0.13157894736842105,0.5,0.07894736842105263
0.2692307692307692,0.19230769230769232,0.46153846153846156,0.07692307692307693
0.2727272727272727,0.19480519480519481,0.45454545454545453,0.07792207792207792
0.29333333333333333,0.18666666666666668,0.44,0.08
0.21333333333333335,0.24,0.4666666666666667,0.08
0.1506849315068493,0.2602739726027397,0.4931506849315068,0.0958904109589041
0.16216216216216217,0.22972972972972974,0.581081081081081,0.02702702702702703
0.15714285714285714,0.2714285714285714,0.5428571428571428,0.02857142857142857
0.11940298507462686,0.2835820895522388,0.5373134328358209,0.05970149253731343
0.11940298507462686,0.23880597014925373,0.5671641791044776,0.07462686567164178
0.09090909090909091,0.22727272727272727,0.5909090909090909,0.09090909090909091
0.10294117647058823,0.2647058823529412,0.5294117647058824,0.10294117647058823
0.10144927536231885,0.2318840579710145,0.6086956521739131,0.057971014492753624
0.11428571428571428,0.15714285714285714,0.6714285714285714,0.05714285714285714
0.10294117647058823,0.17647058823529413,0.6617647058823529,0.058823529411764705
0.05714285714285714,0.15714285714285714,0.7,0.08571428571428572
0.05714285714285714,0.2,0.6571428571428571,0.08571428571428572
0.04411764705882353,0.19117647058823528,0.6029411764705882,0.16176470588235295
0.015151515151515152,0.21212121212121213,0.5909090909090909,0.18181818181818182
0.029850746268656716,0.208955223880597,0.5373134328358209,0.22388059701492538
0.030303030303030304,0.12121212121212122,0.5909090909090909,0.25757575757575757
0.014705882352941176,0.04411764705882353,0.5735294117647058,0.36764705882352944
0.0,0.015151515151515152,0.6060606060606061,0.3787878787878788
0.0,0.06060606060606061,0.5909090909090909,0.3484848484848485
0.0,0.045454545454545456,0.6515151515151515,0.30303030303030304
0.0,0.06060606060606061,0.6515151515151515,0.2878787878787879
0.029850746268656716,0.08955223880597014,0.6417910447761194,0.23880597014925373
0.03076923076923077,0.1076923076923077,0.6307692307692307,0.23076923076923078
0.06060606060606061,0.12121212121212122,0.6212121212121212,0.19696969696969696
0.10294117647058823,0.17647058823529413,0.5441176470588235,0.17647058823529413
0.1044776119402985,0.16417910447761194,0.6119402985074627,0.11940298507462686
0.10294117647058823,0.16176470588235295,0.5735294117647058,0.16176470588235295
0.15942028985507245,0.15942028985507245,0.5217391304347826,0.15942028985507245
0.16176470588235295,0.14705882352941177,0.5,0.19117647058823528
0.17647058823529413,0.14705882352941177,0.5147058823529411,0.16176470588235295
0.17391304347826086,0.13043478260869565,0.5217391304347826,0.17391304347826086
0.11764705882352941,0.10294117647058823,0.6029411764705882,0.17647058823529413
0.16417910447761194,0.16417910447761194,0.5223880597014925,0.14925373134328357
0.12857142857142856,0.15714285714285714,0.6,0.11428571428571428
0.15151515151515152,0.16666666666666666,0.5606060606060606,0.12121212121212122
0.171875,0.171875,0.546875,0.109375
0.20634920634920634,0.19047619047619047,0.5238095238095238,0.07936507936507936
0.23076923076923078,0.13846153846153847,0.5076923076923077,0.12307692307692308
0.2698412698412698,0.1746031746031746,0.4126984126984127,0.14285714285714285
0.296875,0.15625,0.359375,0.1875
0.2857142857142857,0.2222222222222222,0.31746031746031744,0.1746031746031746
0.359375,0.28125,0.25,0.109375
0.375,0.203125,0.328125,0.09375
0.3125,0.203125,0.375,0.109375
0.2698412698412698,0.2222222222222222,0.38095238095238093,0.12698412698412698
0.24193548387096775,0.22580645161290322,0.46774193548387094,0.06451612903225806
0.22580645161290322,0.24193548387096775,0.46774193548387094,0.06451612903225806
0.26229508196721313,0.21311475409836064,0.45901639344262296,0.06557377049180328
0.21311475409836064,0.22950819672131148,0.5245901639344263,0.03278688524590164
0.21666666666666667,0.2,0.5333333333333333,0.05
0.22033898305084745,0.2542372881355932,0.4576271186440678,0.06779661016949153
0.22950819672131148,0.22950819672131148,0.4918032786885246,0.04918032786885246
0.21666666666666667,0.3,0.4,0.08333333333333333
0.26666666666666666,0.36666666666666664,0.3,0.06666666666666667
0.22033898305084745,0.3898305084745763,0.3050847457627119,0.0847457627118644
0.18333333333333332,0.3,0.4166666666666667,0.1
0.11475409836065574,0.26229508196721313,0.45901639344262296,0.16393442622950818
0.1,0.31666666666666665,0.4166666666666667,0.16666666666666666
0.0847457627118644,0.3220338983050847,0.3559322033898305,0.23728813559322035
0.11666666666666667,0.3,0.35,0.23333333333333334
0.15,0.21666666666666667,0.45,0.18333333333333332
0.15,0.2,0.4166666666666667,0.23333333333333334
0.18032786885245902,0.22950819672131148,0.39344262295081966,0.19672131147540983
0.15254237288135594,0.23728813559322035,0.3898305084745763,0.22033898305084745
0.13559322033898305,0.2711864406779661,0.3728813559322034,0.22033898305084745
0.16393442622950818,0.3114754098360656,0.2786885245901639,0.2459016393442623
0.1774193548387097,0.3225806451612903,0.2903225806451613,0.20967741935483872
0.12903225806451613,0.2903225806451613,0.3064516129032258,0.27419354838709675
0.109375,0.28125,0.296875,0.3125
0.14285714285714285,0.3333333333333333,0.23809523809523808,0.2857142857142857
0.125,0.375,0.25,0.25
0.046875,0.5,0.25,0.203125
0.06451612903225806,0.5,0.20967741935483872,0.22580645161290322
0.08064516129032258,0.4838709677419355,0.24193548387096775,0.1935483870967742
0.09523809523809523,0.5396825396825397,0.2222222222222222,0.14285714285714285
0.015873015873015872,0.5238095238095238,0.30158730158730157,0.15873015873015872
0.03333333333333333,0.48333333333333334,0.3333333333333333,0.15
0.03389830508474576,0.5084745762711864,0.3050847457627119,0.15254237288135594
0.05,0.45,0.4,0.1
0.05172413793103448,0.5,0.3793103448275862,0.06896551724137931
0.05172413793103448,0.5689655172413793,0.3448275862068966,0.034482758620689655
0.06896551724137931,0.5517241379310345,0.3448275862068966,0.034482758620689655
0.08333333333333333,0.5333333333333333,0.31666666666666665,0.06666666666666667
0.06666666666666667,0.5333333333333333,0.31666666666666665,0.08333333333333333
0.03389830508474576,0.5423728813559322,0.3389830508474576,0.0847457627118644
0.034482758620689655,0.5517241379310345,0.3103448275862069,0.10344827586206896
0.017543859649122806,0.5789473684210527,0.3508771929824561,0.05263157894736842
0.017543859649122806,0.543859649122807,0.3684210526315789,0.07017543859649122
0.017857142857142856,0.5178571428571429,0.39285714285714285,0.07142857142857142
0.01694915254237288,0.5254237288135594,0.3389830508474576,0.11864406779661017
0.05,0.6,0.3,0.05
0.05084745762711865,0.6271186440677966,0.2711864406779661,0.05084745762711865
0.017241379310344827,0.6724137931034483,0.22413793103448276,0.08620689655172414
0.05084745762711865,0.7288135593220338,0.1694915254237288,0.05084745762711865
0.09836065573770492,0.6557377049180327,0.18032786885245902,0.06557377049180328
0.09836065573770492,0.7049180327868853,0.13114754098360656,0.06557377049180328
0.13559322033898305,0.6101694915254238,0.15254237288135594,0.1016949152542373
0.10344827586206896,0.6896551724137931,0.1206896551724138,0.08620689655172414
0.1694915254237288,0.559322033898305,0.1694915254237288,0.1016949152542373
0.15,0.5833333333333334,0.2,0.06666666666666667
0.08928571428571429,0.5357142857142857,0.26785714285714285,0.10714285714285714
0.09259259259259259,0.5370370370370371,0.25925925925925924,0.1111111111111111
0.05555555555555555,0.5370370370370371,0.25925925925925924,0.14814814814814814
0.07547169811320754,0.5283018867924528,0.22641509433962265,0.16981132075471697
0.0,0.5,0.34,0.16
0.0,0.5294117647058824,0.39215686274509803,0.0784313725490196
0.0196078431372549,0.5294117647058824,0.4117647058823529,0.0392156862745098
0.057692307692307696,0.5769230769230769,0.34615384615384615,0.019230769230769232
0.05555555555555555,0.6111111111111112,0.2962962962962963,0.037037037037037035
0.03773584905660377,0.6037735849056604,0.3018867924528302,0.05660377358490566
0.06,0.58,0.32,0.04
0.12,0.56,0.26,0.06
0.125,0.5833333333333334,0.22916666666666666,0.0625
0.20408163265306123,0.5714285714285714,0.16326530612244897,0.061224489795918366
0.20833333333333334,0.5625,0.14583333333333334,0.08333333333333333
