C,D,Oc,Od
0.0,1.0,0.0,0.0
0.0,0.5,0.0,0.5
0.0,0.0,0.3333333333333333,0.6666666666666666
0.3333333333333333,0.0,0.16666666666666666,0.5
0.3333333333333333,0.1111111111111111,0.2222222222222222,0.3333333333333333
0.3,0.1,0.1,0.5
0.29411764705882354,0.17647058823529413,0.11764705882352941,0.4117647058823529
0.2727272727272727,0.09090909090909091,0.18181818181818182,0.45454545454545453
0.26666666666666666,0.1,0.2,0.43333333333333335
0.23529411764705882,0.14705882352941177,0.14705882352941177,0.47058823529411764
0.21739130434782608,0.21739130434782608,0.15217391304347827,0.41304347826086957
0.2153846153846154,0.2153846153846154,0.13846153846153847,0.4307692307692308
0.20224719101123595,0.21348314606741572,0.1797752808988764,0.4044943820224719
0.19090909090909092,0.18181818181818182,0.2,0.42727272727272725
0.2054794520547945,0.2328767123287671,0.2054794520547945,0.3561643835616438
0.21052631578947367,0.2578947368421053,0.19473684210526315,0.3368421052631579
0.1940928270042194,0.2869198312236287,0.189873417721519,0.3291139240506329
0.22635135135135134,0.27702702702702703,0.1858108108108108,0.3108108108108108
0.2247191011235955,0.27247191011235955,0.21067415730337077,0.29213483146067415
0.24881516587677724,0.27014218009478674,0.20616113744075829,0.27488151658767773
0.26262626262626265,0.24848484848484848,0.21616161616161617,0.2727272727272727
0.2815699658703072,0.24232081911262798,0.22013651877133106,0.25597269624573377
0.29955947136563876,0.23641703377386197,0.2143906020558003,0.24963289280469897
0.3142493638676845,0.23027989821882952,0.1984732824427481,0.25699745547073793
0.32657657657657657,0.21846846846846846,0.1858108108108108,0.26914414414414417
0.32861476238624876,0.21435793731041455,0.1870576339737108,0.2699696663296259
0.3324324324324324,0.2009009009009009,0.1810810810810811,0.2855855855855856
0.3434426229508197,0.1901639344262295,0.17540983606557378,0.29098360655737704
0.3487858719646799,0.18469462840323767,0.16997792494481237,0.29654157468727005
0.3553888130968622,0.1766712141882674,0.16234652114597545,0.30559345156889495
0.36426767676767674,0.16856060606060605,0.1527777777777778,0.3143939393939394
0.3602594339622642,0.1650943396226415,0.15389150943396226,0.32075471698113206
0.3545002760905577,0.16068470458310327,0.1529541689674213,0.3318608503589177
0.35695258391049545,0.15450186467767715,0.15130527437400107,0.33724027703782633
0.36683673469387756,0.1510204081632653,0.14642857142857144,0.3357142857142857
0.3635463100544824,0.14512134720158495,0.1510648836057454,0.34026745913818723
0.37273593898951385,0.1344137273593899,0.1515729265967588,0.34127740705433746
0.37580496780128797,0.1375344986200552,0.14167433302667892,0.34498620055197793
0.37460027409776153,0.13933302878026496,0.14344449520328917,0.3426222019186843
0.37331536388140163,0.13522012578616352,0.14330637915543576,0.3481581311769991
0.3704035874439462,0.13452914798206278,0.1475336322869955,0.3475336322869955
0.37656529516994636,0.13237924865831843,0.1475849731663685,0.3434704830053667
0.3747763864042934,0.12880143112701253,0.1440071556350626,0.35241502683363146
0.378868258178603,0.1312997347480106,0.13793103448275862,0.35190097259062775
0.37259292431706226,0.13166144200626959,0.14151365875503807,0.3542319749216301
0.3709462461128387,0.13638382940915147,0.14349178143047533,0.3491781430475344
0.3755496921723835,0.13720316622691292,0.14335971855760773,0.3438874230430959
0.38073807380738073,0.13681368136813682,0.13771377137713772,0.34473447344734476
0.38249666814749,0.13816081741448244,0.14127054642381165,0.3380719680142159
0.39124609200535954,0.1366681554265297,0.13934792317999106,0.3327378293881197
0.3866369710467706,0.13942093541202671,0.1398663697104677,0.33407572383073497
0.39120781527531084,0.14209591474245115,0.13676731793960922,0.3299289520426288
0.3870824053452116,0.13853006681514476,0.1358574610244989,0.33853006681514475
0.3864035087719298,0.14166666666666666,0.13508771929824562,0.3368421052631579
0.38441098317094774,0.14526129317980513,0.13684676705048715,0.33348095659876
0.3858792184724689,0.14298401420959148,0.13943161634103018,0.3317051509769094
0.39255649091714667,0.14621178555604786,0.13735046521931768,0.3238812583074878
0.3951828724353256,0.14139161462979483,0.13782337198929528,0.3256021409455843
0.39006156552330695,0.1424802110817942,0.14204045734388743,0.3254177660510114
0.3910341766533511,0.14558366622281402,0.1411451398135819,0.322237017310253
0.39403383793410507,0.13891362422083706,0.13935886019590382,0.327693677649154
0.40580357142857143,0.14017857142857143,0.13973214285714286,0.3142857142857143
0.40195208518189884,0.1419698314108252,0.13753327417923691,0.318544809228039
0.4017621145374449,0.1436123348017621,0.13656387665198239,0.3180616740088106
0.412726469288555,0.14582412726469288,0.13389306230667256,0.3075563411400795
0.41262135922330095,0.14607237422771405,0.1323918799646955,0.3089143865842895
0.414494034467521,0.1449403446752099,0.1312417145382236,0.3093239063190455
0.4165554072096128,0.14463729417000445,0.13351134846461948,0.3052959501557632
0.4124890061565523,0.14511873350923482,0.13720316622691292,0.3051890941072999
0.41002685765443153,0.14547896150402864,0.13831692032229184,0.306177260519248
0.40794701986754967,0.14304635761589404,0.13421633554083887,0.3147902869757174
0.40852575488454707,0.14031971580817051,0.13632326820603907,0.3148312611012433
0.4046242774566474,0.141396176078257,0.13872832369942195,0.31525122276567363
0.4003535130357932,0.13963764913831198,0.1449403446752099,0.3150684931506849
0.4023539668700959,0.13644289450741065,0.14428945074106364,0.3169136878814298
0.4015957446808511,0.1374113475177305,0.14849290780141844,0.3125
0.40522586359610274,0.1337466784765279,0.1488042515500443,0.3122232063773251
0.4047514298284206,0.1350637923449186,0.150461944566652,0.3097228332600088
0.39832007073386383,0.1361626878868258,0.15605658709106984,0.3094606542882405
0.39840989399293286,0.1351590106007067,0.15326855123674912,0.3131625441696113
0.4044543429844098,0.13496659242761694,0.15189309576837418,0.3086859688195991
0.40361711513012793,0.13586237318041464,0.1521835024261138,0.3083370092633436
0.4048565121412804,0.1381898454746137,0.14966887417218544,0.3072847682119205
0.401664476565922,0.1427945685501533,0.1445466491458607,0.31099430573806397
0.401330376940133,0.14501108647450112,0.141019955654102,0.31263858093126384
0.4061116031886625,0.14348981399468555,0.13950398582816653,0.31089459698848537
0.4004464285714286,0.14776785714285715,0.14375,0.3080357142857143
0.4038972542072631,0.14614703277236493,0.14393268379096547,0.30602302922940655
0.40688437775816416,0.14254192409532215,0.1416593115622242,0.3089143865842895
0.401330376940133,0.13880266075388026,0.14146341463414633,0.31840354767184037
0.408630559225011,0.13694407749889917,0.13562307353588726,0.3188022897402025
0.4066371681415929,0.14026548672566372,0.13451327433628318,0.3185840707964602
0.40539345711759506,0.14323607427055704,0.13527851458885942,0.3160919540229885
0.4001782531194296,0.14795008912655971,0.13413547237076648,0.3177361853832442
0.3991071428571429,0.14375,0.13973214285714286,0.31741071428571427
0.4010647737355812,0.14152617568766637,0.13930789707187222,0.3181011535048802
0.40353982300884955,0.13893805309734514,0.13584070796460176,0.3216814159292035
0.39444689290436313,0.1375055090348171,0.1392684001762891,0.32877919788453064
0.39816031537450725,0.1375383267630311,0.14060446780551905,0.32369689005694263
0.39403383793410507,0.14069456812110417,0.14381121994657167,0.32146037399821903
0.38871612616614837,0.13949355841848068,0.14260328742780987,0.3291870279875611
0.38748335552596536,0.1384820239680426,0.14513981358189082,0.3288948069241012
0.38688380281690143,0.13468309859154928,0.14612676056338028,0.332306338028169
0.3915929203539823,0.13008849557522123,0.14469026548672567,0.33362831858407077
0.3949579831932773,0.12737726669615215,0.14153029632905795,0.33613445378151263
0.39982347749338043,0.12400706090026478,0.1416593115622242,0.33451015004413065
0.3976010661928032,0.1212794313638383,0.14038205242114615,0.34073745002221234
0.39964633068081346,0.121131741821397,0.13837312113174183,0.34084880636604775
0.40230394328754987,0.12095702259636686,0.1386796632698272,0.3380593708462561
0.41025641025641024,0.11494252873563218,0.134394341290893,0.34040671971706454
0.40734109221128023,0.11638316920322292,0.13339301700984782,0.3428827215756491
0.41389995573262506,0.11376715360779106,0.133244798583444,0.3390880920761399
0.4143549097313959,0.11933069132540731,0.1312197269925143,0.33509467195068254
0.414021164021164,0.12257495590828923,0.13095238095238096,0.3324514991181658
0.41083916083916083,0.11888111888111888,0.1271853146853147,0.34309440559440557
0.4170344218887908,0.11650485436893204,0.12753751103265668,0.3389232127096205
0.4139928698752228,0.11229946524064172,0.12923351158645277,0.3444741532976827
0.4177718832891247,0.11052166224580018,0.1304155614500442,0.34129089301503096
0.42063492063492064,0.10361552028218694,0.1300705467372134,0.345679012345679
0.42857142857142855,0.10397553516819572,0.1328090869375273,0.3346439493228484
0.42730496453900707,0.10682624113475177,0.13120567375886524,0.3346631205673759
0.4264250994255413,0.1104728236853734,0.13521873619089703,0.32788334069818825
0.4297082228116711,0.11007957559681697,0.13704686118479223,0.32316534040671974
0.4261565836298932,0.11476868327402136,0.1356761565836299,0.3233985765124555
0.43260188087774293,0.11150918047469771,0.13658755038065382,0.3193013882669055
0.4278145695364238,0.11214128035320088,0.13554083885209714,0.32450331125827814
0.41991150442477876,0.11504424778761062,0.12876106194690265,0.336283185840708
0.4266725742135578,0.11475409836065574,0.12671688081524146,0.331856446610545
0.42806551571491813,0.10889774236387782,0.12837538733953077,0.3346613545816733
0.4275076653526062,0.10819097678493211,0.13009198423127463,0.334209373631187
0.4207479964381122,0.10997328584149599,0.12422083704363313,0.3450578806767587
0.42555066079295156,0.11233480176211454,0.11894273127753303,0.3431718061674009
0.43040212107821474,0.11268228015908087,0.11533362792752982,0.34158197083517455
0.42958685028876054,0.10884051532652154,0.11772545535317637,0.34384717903154155
0.43814202769093347,0.10763733809736489,0.11478338543992854,0.3394372487717731
0.44493392070484583,0.10704845814977973,0.11189427312775331,0.33612334801762117
0.43991130820399116,0.10776053215077605,0.11263858093126386,0.33968957871396893
0.4467897977132806,0.1090589270008795,0.10861917326297274,0.3355321020228672
0.43630714602751886,0.1118508655126498,0.10963160230803373,0.3422103861517976
0.43323049801674746,0.1128250330542089,0.10797708241516087,0.34596738651388276
0.4279437609841828,0.11423550087873462,0.10896309314586995,0.34885764499121263
0.4275076653526062,0.11738939991239597,0.1116951379763469,0.3434077967586509
0.4302788844621514,0.11465250110668437,0.10845506861443116,0.3466135458167331
0.4353982300884956,0.1172566371681416,0.10619469026548672,0.3411504424778761
0.43747276688453157,0.1159041394335512,0.10457516339869281,0.3420479302832244
0.43015521064301554,0.11441241685144124,0.10687361419068736,0.3485587583148559
0.4251207729468599,0.11198945981554677,0.1080368906455863,0.35485287659200704
0.4271887373515178,0.10910690717113947,0.11086669599648043,0.3528376594808623
0.4198943661971831,0.11267605633802817,0.1131161971830986,0.3543133802816901
0.42254771415889925,0.11096316023080337,0.11051930758988016,0.3559698180204172
0.41431095406360424,0.11307420494699646,0.11086572438162544,0.36174911660777387
0.4159330985915493,0.11355633802816902,0.11443661971830986,0.3560739436619718
0.422075055187638,0.11125827814569536,0.10728476821192053,0.35938189845474616
0.4216335540838852,0.11125827814569536,0.106401766004415,0.36070640176600444
0.41648205582631814,0.10855117412494461,0.10412051395657954,0.3708462560921577
0.4135503739551254,0.11130664320281566,0.10118785745710515,0.3739551253849538
0.42170818505338076,0.11165480427046263,0.0947508896797153,0.3718861209964413
0.4174107142857143,0.1125,0.096875,0.3732142857142857
0.41626373626373625,0.10813186813186813,0.09582417582417582,0.3797802197802198
0.4107773851590106,0.10909893992932862,0.09408127208480566,0.38604240282685515
0.4105263157894737,0.10964912280701754,0.08903508771929824,0.3907894736842105
0.41165999109924345,0.11392968402314196,0.09301290609701825,0.38139741878059635
0.4137323943661972,0.1131161971830986,0.09286971830985916,0.38028169014084506
0.4103585657370518,0.11199645861000443,0.08853474988933156,0.3891102257636122
0.4116865869853918,0.11288180610889774,0.09296148738379814,0.38247011952191234
0.4120805369127517,0.10738255033557047,0.08993288590604027,0.3906040268456376
0.41881100266193433,0.10425909494232476,0.08740017746228926,0.3895297249334516
0.423467137185708,0.10013233348037054,0.09042787825319806,0.38597265108072343
0.41934065934065934,0.10065934065934067,0.09142857142857143,0.38857142857142857
0.4276923076923077,0.09626373626373626,0.08967032967032967,0.3863736263736264
0.42704626334519574,0.09430604982206406,0.09119217081850534,0.3874555160142349
0.4238263950398583,0.10097431355181577,0.09344552701505757,0.38175376439326836
0.42548500881834217,0.09788359788359788,0.09391534391534391,0.38271604938271603
0.4282570422535211,0.09595070422535211,0.09198943661971831,0.38380281690140844
0.4316069057104914,0.09915891987605135,0.09251881363435148,0.3767153607791058
0.4313465783664459,0.0988962472406181,0.0922737306843267,0.37748344370860926
0.4346103038309115,0.0959929546455306,0.09202994275649494,0.37736679876706297
0.43686309260079753,0.09570225963668587,0.09392999556933983,0.3735046521931768
0.4352836879432624,0.09574468085106383,0.09264184397163121,0.37632978723404253
0.43799472295514513,0.0980650835532102,0.09146877748460862,0.37247141600703604
0.42857142857142855,0.09642857142857143,0.09464285714285714,0.38035714285714284
0.4304078014184397,0.10106382978723404,0.10062056737588652,0.3679078014184397
0.4357615894039735,0.10507726269315673,0.10198675496688742,0.35717439293598235
0.4353982300884956,0.10442477876106195,0.10265486725663717,0.35752212389380533
0.43478260869565216,0.10381543921916593,0.10070984915705412,0.36069210292812776
0.43443708609271525,0.10331125827814569,0.1011037527593819,0.3611479028697572
0.43916266899258616,0.1020497165285652,0.1020497165285652,0.3567378979502835
0.44029850746268656,0.10140474100087796,0.10228270412642669,0.3560140474100088
0.43222958057395144,0.10375275938189846,0.10419426048565121,0.3598233995584989
0.4281949934123847,0.10320597277119016,0.10496267018006149,0.36363636363636365
0.42661965623622744,0.10136624063464081,0.10312913177611283,0.36888497135301895
0.4357394366197183,0.09903169014084508,0.0994718309859155,0.3657570422535211
0.4325991189427313,0.1,0.1026431718061674,0.36475770925110135
0.4307215582115981,0.09694555112881806,0.10270030987162461,0.3696325807879593
0.43162953254696373,0.09436435124508519,0.10484927916120576,0.3691568370467453
0.43302180685358255,0.09123275478415666,0.1032487761459724,0.3724966622162884
0.43244425010931353,0.0905115872321819,0.10319195452557936,0.37385220813292525
0.4293834717971141,0.08832531700918234,0.10100568430257979,0.3812855268911237
0.4269862405681314,0.0887705281846427,0.10075454948956947,0.38348868175765644
0.42515500442869797,0.091674047829938,0.09787422497785651,0.3852967227635075
0.4308300395256917,0.09398331137461573,0.09705753184014053,0.37812911725955206
0.42612889083735206,0.08987286277948268,0.09688733011836914,0.38711091626479616
0.4295774647887324,0.08714788732394366,0.10167253521126761,0.3816021126760563
0.4344585708022797,0.08680403331871986,0.09513371328364752,0.38360368259535294
0.4299107142857143,0.08973214285714286,0.09241071428571429,0.3879464285714286
0.4199475065616798,0.09055118110236221,0.09142607174103237,0.39807524059492566
0.4227892652881654,0.09106907171139464,0.09106907171139464,0.3950725912890453
0.4201235657546337,0.09311562224183584,0.09002647837599294,0.3967343336275375
0.42063492063492064,0.09391534391534391,0.09126984126984126,0.3941798941798942
0.43004484304932733,0.09730941704035874,0.08834080717488789,0.384304932735426
0.4308510638297872,0.09884751773049645,0.09131205673758866,0.37898936170212766
0.43283582089552236,0.09438103599648814,0.09482001755926252,0.37796312554872696
0.42712014134275617,0.09363957597173145,0.09540636042402827,0.3838339222614841
0.422231985940246,0.10061511423550087,0.09402460456942004,0.38312829525483305
0.42123893805309737,0.09823008849557523,0.09690265486725663,0.3836283185840708
0.4224175824175824,0.10197802197802198,0.09626373626373626,0.37934065934065936
0.4292661361626879,0.09946949602122016,0.09725906277630415,0.3740053050397878
0.4248220640569395,0.09786476868327403,0.09786476868327403,0.37944839857651247
0.42219274977895666,0.09770114942528736,0.09858532272325375,0.38152077807250223
0.42016806722689076,0.09553295002211411,0.09907120743034056,0.38522777532065455
0.42177170559717936,0.09387395328338476,0.09828118113706479,0.3860731599823711
0.4225352112676056,0.09551056338028169,0.09639084507042253,0.3855633802816901
0.4235345967386514,0.09739973556632878,0.09211106214191274,0.3869546055531071
0.42280701754385963,0.09385964912280702,0.09342105263157895,0.3899122807017544
0.4288248337028825,0.08913525498891353,0.09401330376940133,0.38802660753880264
0.421826280623608,0.09175946547884187,0.09220489977728286,0.39420935412026725
0.4179236912156167,0.09006211180124224,0.09228039041703638,0.3997338065661047
0.41114058355437666,0.09328028293545534,0.09151193633952255,0.40406719717064543
0.41153169014084506,0.09066901408450705,0.09066901408450705,0.40713028169014087
0.4091913389306231,0.09102960671674767,0.0967741935483871,0.40300486080424214
0.41274725274725277,0.09010989010989011,0.09230769230769231,0.40483516483516485
0.4082264484741265,0.09199469261388767,0.09995577178239717,0.3998230871295887
0.4058797718297499,0.09170688898639755,0.1031154014918824,0.39929793769197014
0.40398230088495574,0.0836283185840708,0.10088495575221239,0.41150442477876104
0.4091110128261831,0.08403361344537816,0.09818664307828394,0.4086687306501548
0.4157848324514991,0.07671957671957672,0.09656084656084656,0.4109347442680776
0.41044776119402987,0.0733099209833187,0.09745390693590869,0.41878841088674273
0.4122340425531915,0.07579787234042554,0.09707446808510638,0.4148936170212766
0.4083700440528634,0.07533039647577093,0.09515418502202644,0.4211453744493392
0.40813589628967367,0.0773357174787662,0.09521680822530175,0.4193115780062584
0.4082710074791025,0.08271007479102507,0.09150901891772988,0.41750989881214257
0.4062915374390784,0.08639787328311918,0.0872840053167922,0.42002658396101017
0.4056099732858415,0.09082813891362422,0.085040071237756,0.41852181656277826
0.4099462365591398,0.08781362007168458,0.08243727598566308,0.4198028673835125
0.40730837789661317,0.08422459893048129,0.08333333333333333,0.42513368983957217
0.41368653421633556,0.08344370860927153,0.08035320088300221,0.42251655629139073
0.41134751773049644,0.08333333333333333,0.07890070921985816,0.42641843971631205
0.412051395657953,0.0815241470979176,0.07842268498006202,0.4280017722640673
0.4125998225377107,0.0834072759538598,0.07852706299911269,0.4254658385093168
0.4150197628458498,0.08432147562582346,0.07729468599033816,0.4233640755379886
0.4103918978423602,0.08542492294143549,0.07881990312637605,0.42536327608982827
0.4068541300527241,0.08787346221441125,0.07820738137082602,0.4270650263620387
0.41186891054030117,0.08990256864481842,0.07528786536758193,0.4229406554472985
0.413610251878038,0.09147149801148917,0.07379584622182943,0.4211224038886434
0.4204647006255585,0.08981233243967829,0.07193923145665773,0.41778373547810543
0.40947321823815847,0.08897742363877822,0.0703851261620186,0.4311642319610447
0.40848806366047746,0.08841732979664015,0.07161803713527852,0.43147656940760387
0.412051395657953,0.0872840053167922,0.06734603455914931,0.43331856446610545
0.41644678979771327,0.08751099384344767,0.0681618293755497,0.42788038698328934
0.4173989455184534,0.08567662565905097,0.0672231985940246,0.429701230228471
0.41998231653404067,0.08134394341290893,0.06675508399646331,0.4319186560565871
0.41869738591050065,0.08196721311475409,0.06823216659282233,0.4311032343819229
0.42226148409893993,0.08348056537102473,0.06669611307420495,0.4275618374558304
0.42002658396101017,0.08817013735046522,0.06734603455914931,0.4244572441293753
0.41839893852277754,0.09066784608580274,0.0659000442282176,0.4250331711632021
0.42112299465240643,0.08511586452762923,0.06729055258467023,0.4264705882352941
0.4233318603623509,0.08572691117984976,0.06805125939019001,0.4228899690676094
0.41721854304635764,0.08167770419426049,0.06887417218543046,0.43222958057395144
0.427552385198395,0.07891217119928667,0.06509139545251895,0.42844404814979936
0.4259832081307998,0.0764471939902784,0.06584180291648255,0.43172779496243924
0.4255133245958934,0.07732634338138926,0.0672782874617737,0.42988204456094364
0.42606406318560774,0.0750329091706889,0.06757349714787188,0.4313295304958315
0.4209138840070299,0.07293497363796134,0.06810193321616871,0.43804920913884005
0.42528735632183906,0.07250221043324491,0.0671971706454465,0.4350132625994695
0.42863514719000895,0.07448706512042819,0.06779661016949153,0.42908117752007136
0.4243493603881782,0.07013674459638289,0.06793118659020732,0.43758270842523156
0.42239858906525574,0.07495590828924162,0.068342151675485,0.43430335097001765
0.41367066134043495,0.07856191744340879,0.06169551708832668,0.44607190412782954
0.4186560565870911,0.07559681697612732,0.05968169761273209,0.44606542882404954
0.4149029982363316,0.07319223985890652,0.05731922398589065,0.45458553791887124
0.4204244031830239,0.07206012378426171,0.0592396109637489,0.4482758620689655
0.4265028521281264,0.06888986397542782,0.05792014041246161,0.4466871434839842
0.422707423580786,0.07074235807860262,0.059388646288209605,0.44716157205240176
0.41600353669319184,0.0680813439434129,0.0636604774535809,0.45225464190981435
0.4144503546099291,0.07180851063829788,0.06427304964539007,0.449468085106383
0.4202386212991604,0.07512152010605391,0.059213433495360145,0.44542642509942554
0.4203152364273205,0.07399299474605954,0.06217162872154115,0.4435201401050788
0.41596823996471105,0.0776356418173798,0.06263784737538597,0.4437582708425232
0.4191404519273372,0.07709348692955251,0.06380150642445724,0.4399645547186531
0.4207290294246816,0.07685551163812034,0.06675450153711024,0.4356609574000878
0.4240674955595027,0.0741563055062167,0.0652753108348135,0.43650088809946713
0.4276841171251109,0.0771960958296362,0.06433007985803017,0.4307897071872227
0.424645390070922,0.07579787234042554,0.06427304964539007,0.4352836879432624
0.41996481970096744,0.07519788918205805,0.06640281442392261,0.4384344766930519
0.4131393298059965,0.0736331569664903,0.07098765432098765,0.44223985890652556
0.4180543382997371,0.0740578439964943,0.06923751095530237,0.4386503067484663
0.41145374449339206,0.07533039647577093,0.07092511013215859,0.4422907488986784
0.4121561668145519,0.07497781721384206,0.06921029281277728,0.44365572315882873
0.40494044993383327,0.07101896779885311,0.07146007940008822,0.4525805028672254
0.4089121887287025,0.07164700742682394,0.07339449541284404,0.4460463084316295
0.41034633932485753,0.07452871547566857,0.07409031126698816,0.44103463393248576
0.4106749007498897,0.07146007940008822,0.07631230701367446,0.4415527128363476
0.4065544729849424,0.07307351638618247,0.07617360496014172,0.44419840566873336
0.40203000882612533,0.0736981465136805,0.07546337157987644,0.44880847308031774
0.3981562774363477,0.07243195785776997,0.07594381035996488,0.45346795434591747
0.3925729442970822,0.07736516357206012,0.07382847038019452,0.4562334217506631
0.3996447602131439,0.07238010657193605,0.07504440497335702,0.45293072824156305
0.39893617021276595,0.06914893617021277,0.07446808510638298,0.4574468085106383
0.3916114790286976,0.07019867549668875,0.07682119205298013,0.4613686534216336
0.3808894760017613,0.07309555261999119,0.07970057243505063,0.4663143989431968
0.3811204234671372,0.0741067490074989,0.08028231142479048,0.46449051610057346
0.38495575221238937,0.0752212389380531,0.08141592920353982,0.4584070796460177
0.38074204946996465,0.07906360424028269,0.08303886925795052,0.4571554770318021
0.38377192982456143,0.07850877192982456,0.08859649122807017,0.44912280701754387
0.38505494505494503,0.07912087912087912,0.08703296703296703,0.4487912087912088
0.38634361233480174,0.08325991189427313,0.08061674008810572,0.44977973568281937
0.39276257722859664,0.08605472197705208,0.07987643424536628,0.44130626654898497
0.39523599470666076,0.08425231583590649,0.08028231142479048,0.4402293780326423
0.3902439024390244,0.08470066518847007,0.0811529933481153,0.44390243902439025
0.3952148870181657,0.08329641116526362,0.08196721311475409,0.43952148870181657
0.39716939407341884,0.08226448474126492,0.07961079168509509,0.44095532950022115
0.3985890652557319,0.08333333333333333,0.07848324514991181,0.43959435626102294
0.4023694602896007,0.07985958753839403,0.07722685388328214,0.44054409828872315
0.3970070422535211,0.07834507042253522,0.0761443661971831,0.44850352112676056
0.3981643356643357,0.07867132867132867,0.07561188811188811,0.44755244755244755
0.39849290780141844,0.07890070921985816,0.07624113475177305,0.44636524822695034
0.39596136962247586,0.07945566286215978,0.07989464442493416,0.4446883230904302
0.39334811529933483,0.08159645232815965,0.07849223946784922,0.4465631929046563
0.3961605584642234,0.08027923211169284,0.08158813263525305,0.4419720767888307
0.3950021920210434,0.08022797018851381,0.08373520385795703,0.44103463393248576
0.3931585961794758,0.07774322523322967,0.08174144824522435,0.4473567303420702
0.39462081128747795,0.08024691358024691,0.08245149911816578,0.4426807760141093
0.39761167624944715,0.07961079168509509,0.08226448474126492,0.44051304732419283
0.3959435626102293,0.07980599647266313,0.0855379188712522,0.43871252204585537
0.39628482972136225,0.08137992038920831,0.0880141530296329,0.43432109685979653
0.3992948435434112,0.07668576465403261,0.08594094314676069,0.4380784486557955
0.39342806394316165,0.0763765541740675,0.08703374777975133,0.44316163410301956
0.3986636971046771,0.0757238307349666,0.08997772828507795,0.4356347438752784
0.3966282165039929,0.0771960958296362,0.0878438331854481,0.4383318544809228
0.3990299823633157,0.07671957671957672,0.0855379188712522,0.43871252204585537
0.39698715108551175,0.076650420912716,0.08595480726628267,0.4404076207354896
0.3901147396293027,0.07766990291262135,0.08914386584289496,0.44307149161518095
0.3907581875280395,0.07492148945715567,0.08882907133243607,0.44549125168236875
0.40341655716162944,0.0700832238282961,0.08760402978537013,0.43889618922470436
0.4038800705467372,0.0701058201058201,0.08950617283950617,0.4365079365079365
0.3955849889624724,0.07108167770419425,0.08830022075055188,0.44503311258278144
0.3953180212014134,0.07464664310954064,0.08480565371024736,0.4452296819787986
0.3954002653693056,0.07474568774878372,0.0880141530296329,0.44183989385227773
0.40510295434198745,0.07251566696508505,0.08907788719785138,0.4333034914950761
0.3969094922737307,0.07152317880794702,0.08653421633554084,0.44503311258278144
0.3902765388046387,0.07537912578055307,0.08697591436217662,0.4473684210526316
0.396,0.07422222222222222,0.08711111111111111,0.44266666666666665
0.39462081128747795,0.07054673721340388,0.08597883597883597,0.4488536155202822
0.3972602739726027,0.06937693327441449,0.08395934600088378,0.449403446752099
0.3943287549844927,0.06911829862649535,0.08285334514842711,0.45369960124058484
0.3908450704225352,0.0664612676056338,0.08846830985915492,0.45422535211267606
0.39195757843570483,0.06628369421122404,0.08572691117984976,0.45603181617322136
0.3897481219619974,0.06363234644277507,0.08086610693769333,0.4657534246575342
0.3845816907577749,0.0639509417433202,0.08453788874288218,0.46692947875602275
0.3874113475177305,0.06294326241134751,0.08732269503546099,0.462322695035461
0.3881520778072502,0.0649867374005305,0.08930150309460655,0.45755968169761274
0.39055604589585174,0.06531332744924978,0.08561341571050309,0.4585172109443954
0.3859030837004405,0.07004405286343612,0.08898678414096917,0.4550660792951542
0.37638213180008845,0.07164971251658558,0.09155241043785936,0.46041574524546663
0.3750548967940272,0.07158541941150637,0.09398331137461573,0.4593763724198507
0.3791427308882015,0.06981882456915599,0.09368095448519664,0.45735749005744586
0.3754993342210386,0.06657789613848203,0.09809143364403018,0.45983133599644915
0.37113857016769636,0.06928508384819064,0.09885260370697264,0.46072374227714036
0.36879432624113473,0.06914893617021277,0.09796099290780141,0.4640957446808511
0.36805251641137854,0.06739606126914661,0.09409190371991247,0.47045951859956237
0.36600441501103753,0.06622516556291391,0.09580573951434879,0.47196467991169977
0.3644777434993389,0.06743058616130454,0.1004847950639048,0.46760687527545175
0.3724534986713906,0.06775907883082374,0.10186005314437556,0.4579273693534101
0.37122557726465366,0.0674955595026643,0.09857904085257549,0.4626998223801066
0.3751651254953765,0.07001321003963012,0.0977542932628798,0.4570673712021136
0.3692509855453351,0.07402540516863776,0.09986859395532194,0.4568550153307052
0.36883802816901406,0.07350352112676056,0.09903169014084508,0.4586267605633803
0.37212389380530975,0.0752212389380531,0.09734513274336283,0.45530973451327433
0.3708462560921577,0.07399202481169695,0.0979175897208684,0.4572441293752769
0.37092511013215856,0.07356828193832599,0.09295154185022027,0.46255506607929514
0.3702559576345984,0.07193292144748456,0.08958517210944396,0.46822594880847307
0.3692375886524823,0.07180851063829788,0.08865248226950355,0.4703014184397163
0.375,0.0719964664310954,0.08833922261484099,0.46466431095406363
0.3736166445329792,0.07392651615759185,0.08410801239486498,0.468348826914564
0.36612262902514336,0.07675341861490957,0.08425231583590649,0.4728716365240406
0.3725318121983326,0.0785432207108381,0.08249232119350593,0.46643264589732336
0.3696325807879593,0.07923860115095174,0.08100929614873838,0.4701195219123506
0.3745019920318725,0.0796812749003984,0.0796812749003984,0.46613545816733065
0.37730870712401055,0.07827616534740545,0.07783641160949868,0.4665787159190853
0.37841409691629957,0.08149779735682819,0.07488986784140969,0.46519823788546255
0.3769911504424779,0.08141592920353982,0.07345132743362832,0.46814159292035395
0.37411971830985913,0.07790492957746478,0.0721830985915493,0.47579225352112675
0.36764064544265157,0.08591365023986045,0.06628870475359791,0.4801569995638901
0.36900532859680285,0.08658969804618118,0.06838365896980461,0.47602131438721135
0.3639947437582129,0.08497590889180902,0.07095926412614981,0.48007008322382827
0.3603006189213086,0.09018567639257294,0.07957559681697612,0.46993810786914236
0.3602318323673651,0.09050378956754347,0.08024966562639323,0.4690147124386982
0.3607705779334501,0.08975481611208407,0.07574430823117338,0.47373029772329245
0.36040834442964936,0.08921438082556592,0.0723479804704838,0.4780292942743009
0.3620689655172414,0.08841732979664015,0.07338638373121131,0.4761273209549072
0.3596646072374228,0.08605472197705208,0.07149161518093557,0.48278905560458957
0.3616170590848512,0.08396268325188805,0.06796979120390938,0.4864504664593514
0.3634759594177327,0.08381120423467137,0.07454786060873402,0.4781649757388619
0.35776997366110624,0.08735733099209833,0.07638279192273925,0.4784899034240562
0.3559096945551129,0.08676405489154493,0.07746790615316512,0.47985834440017705
0.3534368070953437,0.08292682926829269,0.0802660753880266,0.48337028824833705
0.35529830810329477,0.0881567230632235,0.07524487978628673,0.481300089047195
0.35371755389353277,0.08754949406071272,0.07699076110866696,0.48174219093708753
0.35764809902740935,0.08001768346595933,0.07957559681697612,0.4827586206896552
0.36921041023378914,0.08072342302602559,0.07940008822232025,0.470666078517865
0.3644366197183099,0.0801056338028169,0.08274647887323944,0.4727112676056338
0.36231884057971014,0.07905138339920949,0.08607817303469477,0.4725516029863856
0.36784140969163,0.07753303964757709,0.08325991189427313,0.4713656387665198
0.36916299559471366,0.07929515418502203,0.08237885462555065,0.46916299559471364
0.36809815950920244,0.07975460122699386,0.08326029798422437,0.4688869412795793
0.37228862328463924,0.08366533864541832,0.08410801239486498,0.45993802567507747
0.3741103202846975,0.0800711743772242,0.08540925266903915,0.46040925266903915
0.3706631532718489,0.077733860342556,0.0878348704435661,0.463768115942029
0.3779527559055118,0.07699037620297462,0.09361329833770779,0.45144356955380577
0.3730684326710817,0.07682119205298013,0.09315673289183223,0.45695364238410596
0.3789287295263391,0.07746790615316512,0.09074811863656485,0.45285524568393093
0.36569148936170215,0.0797872340425532,0.09663120567375887,0.4578900709219858
0.3581762384918895,0.0797895659798334,0.09425690486628671,0.46777729066199036
0.3569230769230769,0.08219780219780219,0.0945054945054945,0.4663736263736264
0.3609154929577465,0.0801056338028169,0.09198943661971831,0.4669894366197183
0.3629498000888494,0.08040870724122612,0.09240337627721013,0.46423811639271434
0.3648351648351648,0.07956043956043957,0.09626373626373626,0.4593406593406593
0.3650022094564737,0.08130799823243483,0.09368095448519664,0.46000883782589486
0.36174911660777387,0.07906360424028269,0.09628975265017668,0.4628975265017668
0.3577981651376147,0.0799475753604194,0.09174311926605505,0.4705111402359109
0.3651982378854626,0.07444933920704846,0.09118942731277534,0.46916299559471364
0.36459709379128136,0.07485689123734038,0.09114927344782034,0.4693967415235579
0.3665059184568172,0.07233669443226655,0.0920648838228847,0.4690925032880316
0.3661275831087152,0.06918238993710692,0.09703504043126684,0.46765498652291104
0.3662222222222222,0.06622222222222222,0.09822222222222222,0.4693333333333333
0.3640776699029126,0.06619593998234775,0.09796999117387467,0.47175639894086496
0.35849889624724063,0.06622516556291391,0.09757174392935983,0.47770419426048566
0.3615894039735099,0.06754966887417219,0.09536423841059603,0.47549668874172185
0.3670774647887324,0.06294014084507042,0.09110915492957747,0.4788732394366197
0.3643956043956044,0.06197802197802198,0.08703296703296703,0.4865934065934066
0.3629531388152078,0.0636604774535809,0.08620689655172414,0.48717948717948717
0.3640017865118356,0.06386779812416257,0.08530594015185351,0.4868244752121483
0.3598937583001328,0.06861443116423196,0.08277999114652501,0.48871181938911024
0.3606340819022457,0.07001321003963012,0.083223249669749,0.4861294583883752
0.358974358974359,0.07250221043324491,0.08311229000884174,0.4854111405835544
0.3508924684370919,0.07749238136700043,0.0805398345668263,0.4910753156290814
0.35900841080123946,0.07835325365205843,0.0818946436476317,0.4807436918990704
0.3573345259391771,0.0755813953488372,0.07960644007155634,0.4874776386404293
0.3492970123022847,0.07337434094903339,0.0812829525483304,0.4960456942003515
0.35062056737588654,0.0726950354609929,0.08377659574468085,0.4929078014184397
0.3471664435519857,0.07273538598839803,0.0821062025881303,0.4979919678714859
0.3419068736141907,0.07184035476718403,0.07893569844789357,0.5073170731707317
0.3415929203539823,0.07123893805309735,0.07743362831858407,0.5097345132743363
0.34227892652881653,0.06951165860096789,0.0774307083150022,0.5107787065552134
0.3413566739606127,0.07614879649890591,0.07483588621444201,0.5076586433260394
0.34057649667405765,0.07405764966740576,0.07937915742793791,0.5059866962305987
0.3356921716054843,0.07518796992481203,0.07607253427686864,0.513047324192835
0.3403305046895936,0.07101384546672622,0.07726663689146941,0.5113890129522108
0.34397163120567376,0.06914893617021277,0.07402482269503546,0.512854609929078
0.3471978984238179,0.06611208406304729,0.07092819614711034,0.5157618213660246
0.34725274725274724,0.06769230769230769,0.07076923076923076,0.5142857142857142
0.34782608695652173,0.0707070707070707,0.07553798858146685,0.5059288537549407
0.3517454706142289,0.07070260715863898,0.07291206363234644,0.5046398585947857
0.35283842794759823,0.06943231441048035,0.07248908296943231,0.505240174672489
0.3534100974313552,0.06908768821966342,0.07174490699734277,0.5057573073516386
0.3503746143675628,0.07051564565888056,0.06522697223446453,0.5138827677390921
0.3548387096774194,0.06716747680070703,0.06539991162174105,0.5125939019001325
0.35090030742204653,0.06851119894598155,0.06807202459376373,0.5125164690382081
0.3465433729634522,0.06869220607661823,0.06605019815059446,0.5187142228093351
0.3394980184940555,0.071334214002642,0.06781153676794363,0.5213562307353589
0.33658536585365856,0.06917960088691796,0.06917960088691796,0.5250554323725055
0.33902012248468943,0.06955380577427822,0.06780402449693788,0.5236220472440944
0.33903508771929824,0.06929824561403508,0.07017543859649122,0.5214912280701754
0.3365983971504898,0.07479964381121995,0.07168299198575245,0.5169189670525378
0.328450954283178,0.07767421216156237,0.07057256990679095,0.5233022636484687
0.3302222222222222,0.076,0.07066666666666667,0.5231111111111111
0.3358143607705779,0.07530647985989491,0.06786339754816112,0.521015761821366
0.33023049645390073,0.07358156028368794,0.0678191489361702,0.5283687943262412
0.3322995126273815,0.07532122286220647,0.06513070447496677,0.5272485600354453
0.32682926829268294,0.07937915742793791,0.06297117516629712,0.530820399113082
0.3261157755192223,0.07865665046398586,0.06539991162174105,0.5298276623950509
0.3191582639193336,0.079351161771153,0.06532222709338009,0.5361683472161333
0.3173836698858648,0.07945566286215978,0.06760316066725197,0.5355575065847235
0.31219938784433754,0.0804547442063839,0.0664626147791867,0.5408832531700918
0.3114754098360656,0.08196721311475409,0.06911829862649535,0.537439078422685
0.30979699911738745,0.08296557811120918,0.06796116504854369,0.5392762577228597
0.3125,0.08599290780141844,0.06515957446808511,0.5363475177304965
0.30941901408450706,0.08758802816901408,0.06866197183098592,0.534330985915493
0.30887521968365556,0.0843585237258348,0.06898066783831283,0.5377855887521968
0.31327985739750447,0.08823529411764706,0.06506238859180036,0.5334224598930482
0.3073861123396727,0.09066784608580274,0.06457319770013269,0.5373728438743919
0.3113456464379947,0.0853122251539138,0.06552330694810905,0.5378188214599824
0.30382022471910114,0.08808988764044944,0.06337078651685393,0.5447191011235955
0.31393298059964725,0.09126984126984126,0.0582010582010582,0.5365961199294532
0.3172866520787746,0.08796498905908097,0.05689277899343545,0.537855579868709
0.3074561403508772,0.09342105263157895,0.05789473684210526,0.5412280701754386
0.30707610146862485,0.08767245215843347,0.05785491766800178,0.5473965287049399
0.30823737821080605,0.08547387068201949,0.0562444641275465,0.550044286979628
0.3159070598748883,0.08534405719392314,0.0580875781948168,0.5406613047363718
0.31613756613756616,0.08024691358024691,0.0582010582010582,0.5454144620811288
0.31546840958605665,0.08061002178649238,0.05577342047930283,0.5481481481481482
0.31283185840707967,0.08008849557522124,0.05398230088495575,0.5530973451327433
0.3170731707317073,0.07760532150776053,0.05454545454545454,0.5507760532150776
0.3136645962732919,0.07808340727595386,0.05723158828748891,0.5510204081632653
0.3137687555163283,0.07502206531332745,0.05207413945278023,0.559135039717564
0.3113456464379947,0.07651715039577836,0.0505716798592788,0.5615655233069481
0.30966034406704895,0.0780767534186149,0.055580061755624174,0.556682840758712
0.31327985739750447,0.07442067736185383,0.05570409982174688,0.5565953654188949
0.31438721136767317,0.07371225577264653,0.058170515097690945,0.5537300177619894
0.31304728546409805,0.07136602451838879,0.05735551663747811,0.558231173380035
0.3154153709462461,0.06885828520657486,0.05508662816525989,0.5606397156819192
0.3156290814105355,0.07357422725293862,0.05528950805398346,0.5555071832825424
0.3107569721115538,0.07304116865869854,0.056219566179725546,0.5599822930500221
0.30979699911738745,0.07237422771403354,0.056045895851721095,0.5617828773168579
0.31294014084507044,0.0761443661971831,0.055897887323943664,0.5550176056338029
0.31097560975609756,0.07186411149825785,0.05662020905923345,0.5605400696864111
