C,D,Oc,Od
0.0,0.0,0.0,1.0
0.0,0.0,0.0,1.0
0.0,0.3333333333333333,0.0,0.6666666666666666
0.4,0.2,0.0,0.4
0.3333333333333333,0.3333333333333333,0.0,0.3333333333333333
0.5,0.25,0.0,0.25
0.5555555555555556,0.1111111111111111,0.1111111111111111,0.2222222222222222
0.6363636363636364,0.09090909090909091,0.0,0.2727272727272727
0.7058823529411765,0.058823529411764705,0.0,0.23529411764705882
0.8,0.05,0.0,0.15
0.8666666666666667,0.03333333333333333,0.0,0.1
0.8974358974358975,0.02564102564102564,0.0,0.07692307692307693
0.8823529411764706,0.0196078431372549,0.0,0.09803921568627451
0.9166666666666666,0.013888888888888888,0.0,0.06944444444444445
0.9354838709677419,0.021505376344086023,0.0,0.043010752688172046
0.940677966101695,0.00847457627118644,0.00847457627118644,0.0423728813559322
0.9280575539568345,0.007194244604316547,0.02158273381294964,0.04316546762589928
0.925,0.01875,0.025,0.03125
0.9226519337016574,0.022099447513812154,0.016574585635359115,0.03867403314917127
0.9158878504672897,0.018691588785046728,0.02336448598130841,0.04205607476635514
0.9296875,0.01171875,0.015625,0.04296875
0.9233449477351916,0.020905923344947737,0.017421602787456445,0.03832752613240418
0.9388379204892966,0.01834862385321101,0.01529051987767584,0.027522935779816515
0.9366754617414248,0.0158311345646438,0.0158311345646438,0.0316622691292876
0.9330143540669856,0.014354066985645933,0.019138755980861243,0.03349282296650718
0.9216101694915254,0.014830508474576272,0.02754237288135593,0.036016949152542374
0.9177570093457944,0.014953271028037384,0.020560747663551402,0.04672897196261682
0.919931856899489,0.015332197614991482,0.015332197614991482,0.049403747870528106
0.9195751138088012,0.01669195751138088,0.015174506828528073,0.048558421851289835
0.9201623815967523,0.016238159675236806,0.012178619756427604,0.05142083897158322
0.90920245398773,0.01717791411042945,0.013496932515337423,0.06012269938650307
0.9136771300448431,0.01569506726457399,0.014573991031390135,0.05605381165919283
0.9014522821576764,0.017634854771784232,0.01867219917012448,0.06224066390041494
0.89351403678606,0.017424975798644726,0.021297192642787996,0.06776379477250725
0.8851717902350814,0.017179023508137433,0.0216998191681736,0.0759493670886076
0.8815566835871405,0.0194585448392555,0.02707275803722504,0.07191201353637902
0.8722891566265061,0.021686746987951807,0.028112449799196786,0.07791164658634538
0.8656370656370657,0.02084942084942085,0.026254826254826256,0.08725868725868725
0.8613352898019075,0.019075568598679385,0.02421129860601614,0.09537784299339692
0.8490048043925875,0.02127659574468085,0.023335621139327384,0.10638297872340426
0.8481848184818482,0.0231023102310231,0.02442244224422442,0.1042904290429043
0.8508883248730964,0.021573604060913704,0.021573604060913704,0.10596446700507614
0.8477593615715162,0.022713321055862493,0.019030079803560467,0.11049723756906077
0.8452520515826495,0.020515826494724502,0.01817116060961313,0.1160609613130129
0.8417792792792793,0.02252252252252252,0.019707207207207207,0.11599099099099099
0.8366013071895425,0.023420479302832243,0.0196078431372549,0.12037037037037036
0.8347368421052631,0.020526315789473684,0.021052631578947368,0.12368421052631579
0.8311359026369168,0.02079107505070994,0.02281947261663286,0.12525354969574037
0.8276553106212425,0.022545090180360723,0.022545090180360723,0.12725450901803606
0.8303834808259587,0.02359882005899705,0.021632251720747297,0.12438544739429695
0.8272506082725061,0.026277372262773723,0.02335766423357664,0.12311435523114356
0.8238963531669866,0.025911708253358926,0.024472168905950095,0.1257197696737044
0.8215124471582903,0.025833724753405354,0.023015500234852042,0.12963832785345233
0.8148320895522388,0.026119402985074626,0.024720149253731342,0.13432835820895522
0.8190743338008415,0.026180458158017766,0.022907900888265546,0.13183730715287517
0.8175925925925925,0.027314814814814816,0.023148148148148147,0.13194444444444445
0.813443072702332,0.0283493369913123,0.024691358024691357,0.13351623228166437
0.8134057971014492,0.029891304347826088,0.024909420289855072,0.13179347826086957
0.8147311342069589,0.02937189335743335,0.024853140533212834,0.13104383190239494
0.8098911070780399,0.029945553539019964,0.0249546279491833,0.13520871143375682
0.8026785714285715,0.029910714285714287,0.025,0.14241071428571428
0.8012422360248447,0.02883762200532387,0.027062999112688554,0.14285714285714285
0.799562363238512,0.031072210065645513,0.02450765864332604,0.1448577680525164
0.7958644962604488,0.031236251649802024,0.025956885173779146,0.1469423669159701
0.7967154904571683,0.030181979582778518,0.028406569019085663,0.1446959609409676
0.7915367483296214,0.031180400890868598,0.031180400890868598,0.14610244988864143
0.7971781305114638,0.029541446208112873,0.029541446208112873,0.1437389770723104
0.7954545454545454,0.03074866310160428,0.029411764705882353,0.1443850267379679
0.79441736818786,0.02924235711120957,0.028799291094373063,0.14754098360655737
0.795233892321271,0.026919682259488084,0.03000882612533098,0.14783759929390997
0.7901289461983103,0.028901734104046242,0.03156958648288128,0.1493997332147621
0.788041053101294,0.0285586791610888,0.03435966086568496,0.14904060687193219
0.7873563218390804,0.028735632183908046,0.032714412024756855,0.15119363395225463
0.7790543526292532,0.027839151568714096,0.032699955810870526,0.16040653999116217
0.7839396628216504,0.02839396628216504,0.0323868677905945,0.15527950310559005
0.7799730579254602,0.02828917826672654,0.030534351145038167,0.16120341266277505
0.7757467677218012,0.026749888542131076,0.03120820329915292,0.16629514043691485
0.771797153024911,0.03069395017793594,0.03113879003558719,0.16637010676156583
0.7744793974302171,0.02924235711120957,0.03278688524590164,0.1634913602126717
0.7797961896322552,0.028356225077536552,0.030571555161719097,0.16127603012848915
0.7799381352187362,0.028722934158197082,0.034025629695095004,0.15731330092797172
0.7818422212428383,0.030850594975760245,0.03305420890260027,0.15425297487880124
0.7756721022476862,0.031732040546496254,0.035698545614808286,0.15689731159100925
0.7723830734966592,0.033853006681514475,0.0334075723830735,0.1603563474387528
0.7712884529647793,0.03343736067766384,0.034329023629068214,0.16094516272848863
0.7708798570790532,0.0321572130415364,0.03171058508262617,0.16525234479678427
0.7782222222222223,0.03111111111111111,0.03111111111111111,0.15955555555555556
0.772566371681416,0.030973451327433628,0.031415929203539826,0.16504424778761062
0.7705207413945278,0.03000882612533098,0.03000882612533098,0.16946160635481025
0.7748667850799289,0.027531083481349913,0.02930728241563055,0.16829484902309058
0.7695381882770871,0.02797513321492007,0.03241563055062167,0.1700710479573712
0.7569506726457399,0.03139013452914798,0.03497757847533632,0.17668161434977578
0.756021409455843,0.03479036574487065,0.034344335414808205,0.17484388938447815
0.753936122357175,0.03553756185335133,0.03508771929824561,0.17543859649122806
0.7503308337009263,0.035288928098809,0.035288928098809,0.17909131010145568
0.751779359430605,0.03469750889679715,0.03692170818505338,0.17660142348754448
0.7518830305715551,0.03234381922906513,0.034559149313247675,0.18121400088613204
0.7490022172949002,0.028381374722838137,0.03414634146341464,0.188470066518847
0.7502222222222222,0.030666666666666665,0.03422222222222222,0.18488888888888888
0.7471935339021104,0.030534351145038167,0.03322855859901212,0.18904355635383924
0.7515865820489573,0.03309156844968268,0.03173164097914778,0.18359020852221214
0.756130182790905,0.029424877396344182,0.03209986625055729,0.18234507356219348
0.7539964476021315,0.028419182948490232,0.03285968028419183,0.1847246891651865
0.7474568774878373,0.0291906236178682,0.03272888102609465,0.19062361786819992
0.7474523704031901,0.031014621178555603,0.03190075321222862,0.1896322552060257
0.741409691629956,0.03171806167400881,0.033480176211453744,0.19339207048458149
0.7428952042628775,0.02886323268206039,0.03285968028419183,0.19538188277087035
0.7409395973154362,0.029977628635346757,0.032214765100671144,0.19686800894854586
0.7400625279142474,0.028584189370254576,0.0321572130415364,0.19919606967396158
0.7381378692927484,0.02999104744852283,0.03312444046553268,0.19874664279319607
0.7363272565584704,0.028012449977767896,0.035571365051133834,0.20008892841262785
0.7370766488413547,0.026292335115864526,0.03431372549019608,0.20231729055258468
0.7368421052631579,0.028099910793933987,0.03568242640499554,0.19937555753791258
0.7381590705987489,0.02770330652368186,0.034405719392314564,0.19973190348525469
0.7367957746478874,0.028609154929577465,0.03433098591549296,0.20026408450704225
0.7392651615759186,0.03010181496237273,0.033200531208499334,0.19743249225320939
0.7405091558731577,0.03171058508262617,0.030817329164805715,0.19696292987941044
0.7381479840496233,0.03278688524590164,0.03145768719539211,0.19760744350908285
0.7388963660834454,0.0300583221175415,0.031852848811126065,0.19919246298788695
0.737427681352915,0.03204272363150868,0.030707610146862484,0.19982198486871383
0.7358322177599286,0.03168228469433289,0.0321285140562249,0.2003569834895136
0.729982206405694,0.03202846975088968,0.033807829181494664,0.2041814946619217
0.7358068842199375,0.031291908806437195,0.03263299061242736,0.20026821636119804
0.7299107142857143,0.03125,0.03169642857142857,0.20714285714285716
0.730565371024735,0.03224381625441696,0.02959363957597173,0.20759717314487633
0.7349933303690529,0.030680302356602934,0.029346376167185415,0.20497999110715873
0.7289263531499557,0.03194321206743567,0.02839396628216504,0.21073646850044367
0.7216814159292035,0.031415929203539826,0.029646017699115044,0.2172566371681416
0.7245668591737006,0.03154153709462461,0.02798756108396268,0.21590404264771212
0.7209094962104324,0.032545697726259475,0.032545697726259475,0.2139991083370486
0.7280427998216674,0.029424877396344182,0.03299152920196166,0.20954079358002675
0.7252453166815344,0.029438001784121322,0.03345227475468332,0.211864406779661
0.7215302491103203,0.029804270462633453,0.03336298932384341,0.21530249110320285
0.7194690265486726,0.02920353982300885,0.03274336283185841,0.21858407079646017
0.7222711267605634,0.02948943661971831,0.03125,0.2169894366197183
0.718694885361552,0.029541446208112873,0.03350970017636684,0.21825396825396826
0.7201243891603731,0.030208796090626388,0.03154153709462461,0.21812527765437584
0.7161434977578476,0.028699551569506727,0.034080717488789235,0.2210762331838565
0.7114093959731543,0.029082774049217,0.0348993288590604,0.22460850111856823
0.7144760213143873,0.02664298401420959,0.03685612788632327,0.22202486678507993
0.7094774136403897,0.027900797165633304,0.037643932683790966,0.224977856510186
0.7121279431363838,0.029764549089293647,0.037760995113282986,0.22034651266103955
0.7092040907069809,0.03023566029346376,0.037349933303690526,0.22321031569586483
0.7083519428316213,0.030370701205895488,0.03930326038410004,0.2219740955783832
0.7035398230088495,0.033628318584070796,0.03938053097345133,0.2234513274336283
0.6944320712694878,0.033853006681514475,0.04365256124721604,0.22806236080178174
0.696078431372549,0.03074866310160428,0.04233511586452763,0.23083778966131907
0.6954986760812003,0.02912621359223301,0.041924095322153576,0.23345101500441306
0.7063563115487914,0.02864816472694718,0.03849597135183527,0.22649955237242614
0.7017857142857142,0.029017857142857144,0.0375,0.23169642857142858
0.6993318485523385,0.028507795100222718,0.03875278396436525,0.2334075723830735
0.7043439716312057,0.028812056737588652,0.0398936170212766,0.22695035460992907
0.700401248328132,0.029870708872046365,0.03878733838609006,0.2309407044137316
0.6978704525288376,0.029724933451641525,0.03771073646850044,0.23469387755102042
0.6943447037701975,0.03052064631956912,0.037253141831238776,0.2378815080789946
0.6969155118462226,0.029950827000447027,0.03755029056772463,0.23558337058560572
0.6939231456657731,0.03306523681858802,0.03753351206434316,0.2354781054512958
0.6896398399288572,0.0329035126722988,0.03868385949310805,0.2387727879057359
0.6900532859680284,0.03463587921847247,0.03774422735346359,0.23756660746003552
0.6893769610040341,0.03227252353204841,0.03630658897355446,0.24204392649036308
0.7,0.03185840707964602,0.035398230088495575,0.2327433628318584
0.6992345790184602,0.0315173345339937,0.036470058532192706,0.23277802791535346
0.6936776491540516,0.029385574354407838,0.03784505788067676,0.23909171861086376
0.6892252894033838,0.031611754229741766,0.0396260017809439,0.23953695458593055
0.6880898876404494,0.03550561797752809,0.038202247191011236,0.23820224719101124
0.6870263040570664,0.03299152920196166,0.03789567543468569,0.24208649130628623
0.6894409937888198,0.035048802129547474,0.03460514640638864,0.240905057675244
0.6932624113475178,0.034574468085106384,0.034131205673758866,0.23803191489361702
0.6989342806394316,0.035523978685612786,0.03330373001776199,0.2322380106571936
0.6971175166297118,0.03015521064301552,0.03592017738359202,0.23680709534368072
0.6928888888888889,0.03111111111111111,0.03866666666666667,0.23733333333333334
0.6958277254374159,0.029609690444145357,0.039030955585464336,0.23553162853297444
0.6903370786516854,0.029213483146067417,0.039550561797752806,0.2408988764044944
0.6956521739130435,0.026268115942028984,0.036684782608695655,0.24139492753623187
0.6909334524341224,0.026797677534613668,0.037516748548459135,0.2447521214828048
0.6879464285714286,0.029910714285714287,0.03660714285714286,0.24553571428571427
0.683303886925795,0.029151943462897525,0.03842756183745583,0.24911660777385158
0.6855739169271996,0.029030817329164807,0.03841000446627959,0.24698526127735596
0.6845637583892618,0.029977628635346757,0.0348993288590604,0.2505592841163311
0.6876114081996435,0.026737967914438502,0.035204991087344026,0.25044563279857396
0.6895787139689579,0.027937915742793792,0.030598669623059866,0.2518847006651885
0.6886708296164139,0.029884032114183764,0.03166815343443354,0.24977698483496877
0.6896705253784505,0.030721282279608193,0.029385574354407838,0.25022261798753337
0.6879209699146834,0.03143242029636282,0.03188145487202514,0.2487651549169286
0.6892252894033838,0.02894033837934105,0.03294746215494212,0.24888691006233304
0.6853582554517134,0.030707610146862484,0.030707610146862484,0.25322652425456166
0.6840919333032898,0.03199639477242001,0.031095087877422264,0.25281658404686796
0.680499776885319,0.03257474341811691,0.02989736724676484,0.2570281124497992
0.6782997762863535,0.032214765100671144,0.029977628635346757,0.2595078299776286
0.6771758436944938,0.02886323268206039,0.02975133214920071,0.2642095914742451
0.6740478299379983,0.027900797165633304,0.027015057573073518,0.271036315323295
0.6697902721999107,0.0285586791610888,0.02677376171352075,0.2748772869254797
0.6665188470066519,0.027937915742793792,0.026607538802660754,0.27893569844789357
0.6688948306595366,0.03208556149732621,0.025846702317290554,0.2731729055258467
0.6722540802823114,0.033083370092633436,0.027790030877812087,0.26687251874724305
0.6689008042895442,0.03261840929401251,0.028150134048257374,0.2703306523681859
0.6700620017714792,0.029229406554472984,0.027900797165633304,0.2728077945084145
0.6703490941228458,0.030048608042421564,0.029164825452938577,0.27043747238179405
0.6674107142857143,0.032589285714285716,0.03080357142857143,0.26919642857142856
0.6654851572884359,0.03190075321222862,0.02968542312804608,0.2729286663712893
0.6653333333333333,0.03288888888888889,0.028444444444444446,0.2733333333333333
0.6569767441860465,0.03667262969588551,0.02996422182468694,0.276386404293381
0.6602420439264903,0.03630658897355446,0.03047960555804572,0.27297176154190944
0.6599552572706935,0.036241610738255034,0.029977628635346757,0.2738255033557047
0.6619280319857841,0.037316748111950244,0.03065304309195913,0.2701021768103065
0.6662257495590829,0.036155202821869487,0.029982363315696647,0.26763668430335097
0.6696113074204947,0.03489399293286219,0.029151943462897525,0.2663427561837456
0.6775474194971328,0.03352448169386855,0.030436700485222762,0.25849139832377593
0.6684491978609626,0.0338680926916221,0.03074866310160428,0.266934046345811
0.6712756467439785,0.031222123104371096,0.030330062444246207,0.2671721677074041
0.670863309352518,0.03237410071942446,0.02922661870503597,0.2675359712230216
0.6681474900044425,0.033762772101288314,0.027543314082629944,0.2705464238116393
0.6683013820775747,0.032545697726259475,0.028979045920642,0.27017387427552386
0.6730257320319432,0.031055900621118012,0.02883762200532387,0.2670807453416149
0.6721677074041035,0.030330062444246207,0.025869759143621766,0.27163247100802856
0.6727678571428571,0.029910714285714287,0.028125,0.26919642857142856
0.6692032229185317,0.02685765443151298,0.02909579230080573,0.2748433303491495
0.6636931311329171,0.027207850133809098,0.029884032114183764,0.2792149866190901
0.6659242761692651,0.025835189309576838,0.030289532293986638,0.2779510022271715
0.6651884700665188,0.025720620842572064,0.031042128603104215,0.2780487804878049
0.6632698272042534,0.026140894993354008,0.030571555161719097,0.2800177226406735
0.666080070391553,0.026396832380114386,0.03167619885613726,0.27584689837219534
0.663563829787234,0.026595744680851064,0.030141843971631204,0.2796985815602837
0.6662245800176835,0.027851458885941646,0.030061892130857647,0.27586206896551724
0.6638278798744958,0.027790228597041687,0.030927835051546393,0.2774540564769162
0.6662228140257435,0.02885042166000888,0.02885042166000888,0.2760763426542388
0.668423364075538,0.028107158541941152,0.029424681598594644,0.2740447957839262
0.6663693131132917,0.030330062444246207,0.027207850133809098,0.276092774308653
0.65754039497307,0.03096947935368043,0.02827648114901257,0.283213644524237
0.662677304964539,0.031471631205673756,0.02925531914893617,0.2765957446808511
0.6575704225352113,0.032130281690140844,0.03125,0.2790492957746479
0.6636891469405984,0.03126395712371594,0.03260384100044663,0.27244305493523896
0.6638506002667852,0.029346376167185415,0.03156958648288128,0.27523343708314807
0.6678492239467849,0.027494456762749447,0.03015521064301552,0.2745011086474501
0.6660746003552398,0.027531083481349913,0.02886323268206039,0.2775310834813499
0.6647347302719572,0.029424877396344182,0.028533214444939812,0.2773071778867588
0.6696309470875945,0.028012449977767896,0.027567807914628723,0.2747887950200089
0.6688800354139,0.03010181496237273,0.027888446215139442,0.2731297034085879
0.6712756467439785,0.029884032114183764,0.028991971454058876,0.26984834968777877
0.6704896338773709,0.029113365681517425,0.031318923687692984,0.2690780767534186
0.6597067969791204,0.03109729009329187,0.034207019102621056,0.27498889382496666
0.6633972358448507,0.03120820329915292,0.032545697726259475,0.27284886312973694
0.6589986468200271,0.03247631935047361,0.03067207938655841,0.2778529544429409
0.664320281566212,0.032996040475142985,0.029916410030796304,0.27276726792784867
0.6591412129260735,0.03231518370960602,0.03275785745905268,0.27578574590526783
0.6638506002667852,0.0329035126722988,0.030680302356602934,0.272565584704313
0.6593115622241836,0.03089143865842895,0.0353045013239188,0.2744924977934687
0.656901908566356,0.031069684864624945,0.03772747447847315,0.27430093209054596
0.6483370288248337,0.031929046563192905,0.040354767184035474,0.2793791574279379
0.6483032172763332,0.030850594975760245,0.04186866460996033,0.2789775231379462
0.6456866197183099,0.02992957746478873,0.040492957746478875,0.28389084507042256
0.6463742166517458,0.03401969561324977,0.03894359892569382,0.28066248880931066
0.6512981199641898,0.03491495076096687,0.03849597135183527,0.27529095792300806
0.6579064587973273,0.03296213808463252,0.03518930957683741,0.2739420935412027
0.6523297491039427,0.03270609318996416,0.03449820788530466,0.28046594982078854
0.6568981064021641,0.030207394048692517,0.033363390441839495,0.2795311091073039
0.662059741417744,0.028533214444939812,0.029870708872046365,0.2795363352652697
0.6571555951850201,0.02630405706642889,0.029870708872046365,0.2866696388765047
0.6560142032845095,0.02885042166000888,0.031069684864624945,0.28406569019085665
0.6580931263858093,0.02616407982261641,0.03237250554323725,0.28337028824833704
0.6575099689853788,0.02924235711120957,0.034116083296411165,0.27913159060700043
0.6644325290437891,0.028596961572832886,0.035299374441465595,0.2716711349419124
0.6624119718309859,0.030809859154929578,0.03433098591549296,0.27244718309859156
0.6601855943437914,0.03225806451612903,0.034909412284577994,0.27264692885550157
0.6599297012302284,0.03251318101933216,0.0351493848857645,0.27240773286467485
0.6634103019538188,0.03108348134991119,0.03685612788632327,0.26865008880994673
0.666814946619217,0.033807829181494664,0.036476868327402136,0.2629003558718861
0.6711590296495957,0.03324348607367475,0.03324348607367475,0.26235399820305483
0.6647373107747105,0.031166518254674976,0.03294746215494212,0.2711487088156723
0.6666666666666666,0.032662192393736016,0.033109619686800894,0.2675615212527964
0.6663720724701724,0.030048608042421564,0.030048608042421564,0.27353071144498453
0.6659321286910533,0.029528426619656236,0.02996914940502424,0.2745702952842662
0.664599025254763,0.028356225077536552,0.03190075321222862,0.2751439964554719
0.6637592673353685,0.028347143480157,0.03139991277802006,0.27649367640645445
0.65974370304905,0.029164825452938577,0.034025629695095004,0.2770658418029165
0.6688978134761268,0.030789825970548863,0.03168228469433289,0.2686300758589915
0.6635555555555556,0.029777777777777778,0.03155555555555556,0.2751111111111111
0.662795891022778,0.02992407324698526,0.034836980794997766,0.27244305493523896
0.6589595375722543,0.03334815473543797,0.03468208092485549,0.2730102267674522
0.6609119079238601,0.03010181496237273,0.035856573705179286,0.2731297034085879
0.6643109540636042,0.03136042402826855,0.03356890459363958,0.2707597173144876
0.6645907473309609,0.03202846975088968,0.032473309608540925,0.2709074733096085
0.6615112682280159,0.032699955810870526,0.03314184710561202,0.27264692885550157
0.6654724585759069,0.029556650246305417,0.03403493058665472,0.270935960591133
0.6592427616926503,0.028507795100222718,0.0334075723830735,0.27884187082405343
0.6609195402298851,0.030061892130857647,0.03227232537577365,0.27674624226348365
0.6677018633540373,0.030168589174800354,0.0323868677905945,0.26974267968056787
0.6663669064748201,0.029676258992805755,0.03237410071942446,0.2715827338129496
0.6598759964570416,0.029229406554472984,0.03587245349867139,0.275022143489814
0.6609195402298851,0.03094606542882405,0.03713527851458886,0.27099911582670205
0.6614768683274022,0.03291814946619217,0.03558718861209965,0.27001779359430605
0.6570796460176991,0.033628318584070796,0.033628318584070796,0.2756637168141593
0.6562224183583407,0.032215357458075904,0.032215357458075904,0.2793468667255075
0.6545131169408626,0.03023566029346376,0.0329035126722988,0.28234771009337484
0.6602367382726874,0.031126698816308637,0.031126698816308637,0.2775098640946953
0.6591111111111111,0.03288888888888889,0.029777777777777778,0.2782222222222222
0.6521164021164021,0.031746031746031744,0.028659611992945325,0.2874779541446208
0.6476614699331849,0.028062360801781736,0.031180400890868598,0.2930957683741648
0.649602824360106,0.0264783759929391,0.03265666372462489,0.2912621359223301
0.6496899911426041,0.029229406554472984,0.03277236492471213,0.2883082373782108
0.6390977443609023,0.029632905793896505,0.03140203449800973,0.2998673153471915
0.6312277580071174,0.03069395017793594,0.03069395017793594,0.30738434163701067
0.6335844040762073,0.03190075321222862,0.031014621178555603,0.30350022153300843
0.6283027317510076,0.03134796238244514,0.03000447828034035,0.3103448275862069
0.6203208556149733,0.03163992869875223,0.031194295900178252,0.31684491978609625
0.6202924235711121,0.03278688524590164,0.02968542312804608,0.3172352680549402
0.6158999553372041,0.03394372487717731,0.03260384100044663,0.31755247878517195
0.6086175942549371,0.034560143626570915,0.03096947935368043,0.3258527827648115
0.6024042742653607,0.034728406055209264,0.031611754229741766,0.3312555654496883
0.6017857142857143,0.03526785714285714,0.03214285714285714,0.3308035714285714
0.5984882169853268,0.03601600711427301,0.031124944419742107,0.33437083148065805
0.5994647636039251,0.03969669937555754,0.029884032114183764,0.33095450490633366
0.6025123373710184,0.036787797218483624,0.031852848811126065,0.32884701659937193
0.6000899685110211,0.03553756185335133,0.03283850652271705,0.3315339631129105
0.5947274352100089,0.036193029490616625,0.02993744414655943,0.339142091152815
0.5943900267141585,0.03294746215494212,0.031611754229741766,0.3410507569011576
0.590849098108227,0.033875934887813465,0.033875934887813465,0.3413990321161461
0.5980522355024347,0.035856573705179286,0.03231518370960602,0.33377600708278
0.5951327433628318,0.03716814159292035,0.029646017699115044,0.3380530973451327
0.5991169977924945,0.037527593818984545,0.02869757174392936,0.3346578366445916
0.5880770954728821,0.039444195428059166,0.029583146571044376,0.34289556252801434
0.5973568281938326,0.03832599118942731,0.029515418502202642,0.33480176211453744
0.5934850513163766,0.035698348951361,0.0285586791610888,0.3422579205711736
0.5973273942093541,0.033853006681514475,0.028062360801781736,0.34075723830734966
0.5970548862115127,0.035252119589468986,0.025881302989736725,0.34181169120928157
0.5909090909090909,0.03609625668449198,0.025846702317290554,0.3471479500891266
0.5967096487327701,0.035126722987994664,0.024899955535793685,0.34326367274344155
0.5998201438848921,0.03462230215827338,0.025179856115107913,0.3403776978417266
0.6066666666666667,0.03155555555555556,0.025333333333333333,0.33644444444444443
0.6032874278098623,0.03154153709462461,0.023989338071968014,0.3411816970235451
0.6043420469649978,0.03234381922906513,0.02525476295968099,0.3380593708462561
0.5998201438848921,0.030575539568345324,0.024280575539568347,0.34532374100719426
0.5971479500891266,0.03074866310160428,0.024509803921568627,0.34759358288770054
0.5918822479928635,0.03300624442462088,0.026761819803746655,0.34834968777876896
0.5926581158779302,0.03228659885006634,0.024325519681556832,0.3507297655904467
0.5918727915194346,0.03224381625441696,0.023851590106007067,0.35203180212014135
0.5891198584697037,0.03228659885006634,0.02476780185758514,0.35382574082264484
0.5852473498233216,0.03401060070671378,0.023851590106007067,0.3568904593639576
0.5806451612903226,0.03046594982078853,0.025985663082437275,0.3629032258064516
0.5810205908683975,0.03222918531781558,0.02685765443151298,0.35989256938227393
0.5852119026149685,0.032912533814247066,0.024346257889990983,0.3575293056807935
0.5863001351960343,0.03470031545741325,0.023433979269941414,0.3555655700766111
0.5824765310683951,0.03531515422440769,0.0232454179704962,0.35896289673670095
0.5849889624724062,0.03487858719646799,0.023399558498896248,0.35673289183222956
0.5838150289017341,0.03379279679857715,0.024899955535793685,0.3574922187638951
0.5964125560538116,0.03273542600896861,0.025112107623318385,0.34573991031390133
0.5926743159752869,0.030450132391879964,0.024271844660194174,0.352603706972639
0.5982417582417583,0.02989010989010989,0.022857142857142857,0.34901098901098904
0.5985884428760476,0.031318923687692984,0.021614468460520512,0.34847816497573886
0.5990230905861457,0.02975133214920071,0.021314387211367674,0.34991119005328597
0.604661586732407,0.03047960555804572,0.01927386822052891,0.34558493948901836
0.5953221535745807,0.03000882612533098,0.019858781994704325,0.35481023830538394
0.5931525122276567,0.02712316585148955,0.022232103156958647,0.3574922187638951
0.5870048954161103,0.027592345349354695,0.022251891410769914,0.36315086782376504
0.5942806076854334,0.02680965147453083,0.022788203753351208,0.35612153708668454
0.5935105903560163,0.02658855340243353,0.02568724650743578,0.3542136097341145
0.5874499332443258,0.027592345349354695,0.024922118380062305,0.36003560302625726
0.589572192513369,0.0285204991087344,0.023618538324420676,0.3582887700534759
0.5912311780336581,0.0283436669619132,0.024357838795394153,0.35606731620903453
0.5927401505090748,0.0283311199645861,0.029216467463479414,0.34971226206285966
0.5862068965517241,0.028293545534924844,0.030061892130857647,0.35543766578249336
0.5831858407079646,0.02920353982300885,0.02920353982300885,0.3584070796460177
0.5761353517364203,0.031166518254674976,0.02894033837934105,0.3637577916295637
0.5745438362260792,0.03204272363150868,0.02892745883400089,0.3644859813084112
0.5767172167707404,0.030776092774308653,0.028099910793933987,0.3644067796610169
0.5749113475177305,0.027925531914893616,0.026595744680851064,0.37056737588652483
0.5701637892872953,0.027888446215139442,0.027888446215139442,0.37405931828242583
0.5638963360142984,0.028596961572832886,0.030831099195710455,0.37667560321715815
0.5603715170278638,0.03051747014595312,0.029632905793896505,0.37947810703228657
0.5601237842617153,0.027851458885941646,0.028735632183908046,0.383289124668435
0.5606194690265487,0.02831858407079646,0.02831858407079646,0.3827433628318584
0.5547640249332146,0.02804986642920748,0.02715939447907391,0.390026714158504
0.5570676031606673,0.028094820017559263,0.02897278314310799,0.3858647936786655
0.5611257695690414,0.026385224274406333,0.029023746701846966,0.3834652594547054
0.5648854961832062,0.02694207453973956,0.029636281993713515,0.37853614728334084
0.5676037483266398,0.027219991075412762,0.027219991075412762,0.3779562695225346
0.55990990990991,0.026576576576576576,0.027927927927927927,0.3855855855855856
0.5625278148642635,0.027147307521139297,0.027592345349354695,0.38273253226524256
0.5686714542190305,0.03007181328545781,0.025583482944344704,0.375673249551167
0.558693733451015,0.02912621359223301,0.02559576345984113,0.38658428949691087
0.5583148558758315,0.029711751662971176,0.027494456762749447,0.3844789356984479
0.5520321572130416,0.029477445288075034,0.029030817329164807,0.3894595801697186
0.5525727069351231,0.029082774049217,0.027293064876957495,0.39105145413870246
0.5616983635559487,0.029632905793896505,0.028748341441839895,0.3799203892083149
0.5614190687361419,0.031929046563192905,0.029711751662971176,0.376940133037694
0.5597147950089126,0.03163992869875223,0.03163992869875223,0.3770053475935829
0.5556049822064056,0.03336298932384341,0.03158362989323844,0.37944839857651247
0.5521662245800176,0.03404067197170645,0.03183023872679045,0.3819628647214854
0.5440528634361234,0.032158590308370046,0.03436123348017621,0.3894273127753304
0.5451727192205491,0.033215234720992026,0.033215234720992026,0.3883968113374668
0.5401588702559577,0.03442188879082083,0.03309796999117388,0.39232127096204766
0.535475234270415,0.03614457831325301,0.03168228469433289,0.3966979027219991
0.5350602947744528,0.03394372487717731,0.03171058508262617,0.39928539526574364
0.5303030303030303,0.03253119429590018,0.029857397504456328,0.40730837789661317
0.5307486631016043,0.03208556149732621,0.030303030303030304,0.4068627450980392
0.5302491103202847,0.030249110320284697,0.030249110320284697,0.4092526690391459
0.5275066548358474,0.02883762200532387,0.030612244897959183,0.41304347826086957
0.5217582417582417,0.027252747252747254,0.03076923076923077,0.42021978021978024
0.5174731182795699,0.030017921146953404,0.03046594982078853,0.4220430107526882
0.5258050286722541,0.027348919276576972,0.029554477282752536,0.4172915747684164
0.5253333333333333,0.029333333333333333,0.029333333333333333,0.416
0.5244661921708185,0.032473309608540925,0.029804270462633453,0.41325622775800713
0.5250671441360788,0.03446732318710832,0.02954341987466428,0.41092211280214863
0.5263390880920762,0.034528552456839307,0.03187250996015936,0.4072598494909252
0.5190873189995612,0.035103115401491886,0.035103115401491886,0.410706450197455
0.5194630872483221,0.035794183445190156,0.03400447427293065,0.41073825503355704
0.5233644859813084,0.032487761459724075,0.03426791277258567,0.4098798397863818
0.5288075033497097,0.033497096918267084,0.03305046895935686,0.4046449307726664
0.5290723479804705,0.03062583222370173,0.03417665335108744,0.40612516644474034
0.5296198054818745,0.029177718832891247,0.03227232537577365,0.40893015030946067
0.5166444740346205,0.030181979582778518,0.033732800710164226,0.4194407456724368
0.5206758559359715,0.03156958648288128,0.03334815473543797,0.4144064028457092
0.5122276567363273,0.03156958648288128,0.0329035126722988,0.4232992441084927
0.5055481580115402,0.032401242787394584,0.03417665335108744,0.4278739458499778
0.5079435127978817,0.03265666372462489,0.03398058252427184,0.42541924095322153
0.5098901098901099,0.03208791208791209,0.03736263736263736,0.4206593406593407
0.5046770601336303,0.032071269487750555,0.03608017817371938,0.42717149220489975
0.5022182786157942,0.029724933451641525,0.0385980479148181,0.42945874001774625
0.4986690328305235,0.029724933451641525,0.03904170363797693,0.432564330079858
0.4953271028037383,0.03115264797507788,0.03827325322652426,0.43524699599465955
0.49756313690739923,0.030128489144882586,0.03721754541426672,0.4350908285334515
0.48503796337650734,0.028584189370254576,0.03573023671281822,0.45064761054041985
0.48328131966116805,0.029424877396344182,0.036558181007579134,0.4507356219349086
0.4830172033524482,0.030436700485222762,0.037935597706219674,0.4486104984561094
0.4826526130873957,0.03162055335968379,0.03820816864295125,0.4475186649099693
0.48106904231625836,0.032071269487750555,0.03697104677060133,0.44988864142538976
0.4811696942844484,0.03278688524590164,0.03633141338059371,0.4497120070890563
0.48080357142857144,0.03080357142857143,0.0375,0.45089285714285715
0.48503796337650734,0.030370701205895488,0.03930326038410004,0.4452880750334971
0.47953216374269003,0.028789923526765633,0.04183535762483131,0.449842555105713
0.48364279398762156,0.028293545534924844,0.038461538461538464,0.4496021220159151
0.4868008948545861,0.027293064876957495,0.039373601789709174,0.4465324384787472
0.48935226264418813,0.027950310559006212,0.0385980479148181,0.4440993788819876
0.4886312973695943,0.02808738296923763,0.03611234953187695,0.44716897012929113
0.49129852744310576,0.02900490852298081,0.03302097278000892,0.4466755912539045
0.4902740937223696,0.027409372236958444,0.033156498673740056,0.44916003536693194
0.49185380889476,0.02553940995156319,0.03346543372963452,0.44914134742404227
0.4908522980812137,0.028112449799196786,0.03346720214190094,0.4475680499776885
0.49000444247001335,0.029320302087960905,0.03065304309195913,0.4500222123500666
0.4865103936311367,0.026094648385670056,0.03140203449800973,0.45599292348518355
0.4922532093846835,0.027445772465692783,0.034528552456839307,0.4457724656927844
0.4920494699646643,0.02782685512367491,0.03401060070671378,0.446113074204947
0.4865951742627346,0.02546916890080429,0.03395889186773905,0.4539767649687221
0.49261744966442955,0.024161073825503355,0.0348993288590604,0.4483221476510067
0.49002217294900224,0.024390243902439025,0.03680709534368071,0.44878048780487806
0.47982261640798224,0.025720620842572064,0.03458980044345898,0.45986696230598667
0.4854111405835544,0.026967285587975242,0.03359858532272325,0.4540229885057471
0.4758281110116383,0.02685765443151298,0.03401969561324977,0.4632945389435989
0.4694059848146494,0.028584189370254576,0.03439035283608754,0.46761947297900847
0.46630968317715304,0.027219991075412762,0.035252119589468986,0.47121820615796517
0.4732655766681396,0.025187803800265134,0.034025629695095004,0.4675209898365002
0.4658886894075404,0.027378815080789945,0.033662477558348294,0.4730700179533214
0.46948775055679287,0.026726057906458798,0.030734966592427616,0.4730512249443207
0.4682752457551385,0.027256478999106343,0.03038427167113494,0.4740840035746202
0.47170645446507514,0.02475685234305924,0.028293545534924844,0.47524314765694076
0.4698046181172291,0.024422735346358793,0.028419182948490232,0.47735346358792186
0.47384751773049644,0.02349290780141844,0.026152482269503546,0.47650709219858156
0.47650709219858156,0.023936170212765957,0.024822695035460994,0.4747340425531915
0.47137150466045274,0.02663115845539281,0.027075011096316024,0.47492232578783844
0.4663736263736264,0.024615384615384615,0.027252747252747254,0.4817582417582418
0.4637938693913816,0.02265659706796979,0.028431808085295423,0.4851177254553532
0.4624558303886926,0.02120141342756184,0.029151943462897525,0.4871908127208481
0.46952296819787986,0.022526501766784453,0.028268551236749116,0.4796819787985866
0.4677130044843049,0.02376681614349776,0.029596412556053813,0.4789237668161435
0.4641730509238396,0.023884632717440287,0.030193780982424517,0.48174853537629564
0.46447841726618705,0.024280575539568347,0.028327338129496404,0.4829136690647482
0.46344705361098804,0.024368630926007974,0.028356225077536552,0.4838280903854674
0.46415929203539824,0.02256637168141593,0.027876106194690265,0.4853982300884956
0.45953118089341,0.022998673153471916,0.028748341441839895,0.48872180451127817
0.4556682840758712,0.024702249669166298,0.030436700485222762,0.48919276576973975
0.4575134168157424,0.024150268336314847,0.029516994633273702,0.48881932021466906
0.45894363071460276,0.02529960053262317,0.02796271637816245,0.48779405237461165
0.45607064017660043,0.024724061810154525,0.02913907284768212,0.4900662251655629
0.45125223613595705,0.026386404293381037,0.02728085867620751,0.4950805008944544
0.4485228290062668,0.02775290957923008,0.025514771709937333,0.4982094897045658
0.44562334217506633,0.029177718832891247,0.026967285587975242,0.4982316534040672
0.44838280903854677,0.030571555161719097,0.027913159060700046,0.4931324767390341
0.4549529359031824,0.029583146571044376,0.025997310623038995,0.4894666069027342
0.4525709219858156,0.028812056737588652,0.026152482269503546,0.4924645390070922
0.45037828215398307,0.03159768580329328,0.028037383177570093,0.48998664886515353
0.4577338129496403,0.029676258992805755,0.029676258992805755,0.4829136690647482
0.4479025710419486,0.03112313937753721,0.03112313937753721,0.489851150202977
0.4589133363268972,0.030983385720700495,0.030085316569375842,0.4800179613830265
0.45518763796909495,0.033554083885209716,0.029580573951434878,0.4816777041942605
0.45486725663716815,0.033185840707964605,0.029646017699115044,0.4823008849557522
0.449842555105713,0.032388663967611336,0.03148897885739991,0.48627980206927574
0.44493392070484583,0.03612334801762115,0.030837004405286344,0.4881057268722467
0.44201605709188224,0.03479036574487065,0.031222123104371096,0.491971454058876
0.4443451050514081,0.030844881537773806,0.03173893607510058,0.4930710773357175
0.44622222222222224,0.03244444444444444,0.03155555555555556,0.48977777777777776
0.4497777777777778,0.032,0.030222222222222223,0.488
0.4480461811722913,0.03063943161634103,0.02975133214920071,0.49156305506216696
0.4556682840758712,0.031318923687692984,0.02867225408028231,0.4843405381561535
0.4581302614089499,0.030128489144882586,0.028356225077536552,0.4833850243686309
0.4533333333333333,0.030666666666666665,0.03111111111111111,0.48488888888888887
0.45062277580071175,0.03202846975088968,0.03158362989323844,0.48576512455516013
0.4450945094509451,0.03375337533753375,0.03195319531953195,0.4891989198919892
0.4423423423423423,0.03423423423423423,0.033783783783783786,0.48963963963963963
0.4448871181938911,0.033643204957945996,0.03408587870739265,0.48738379814077026
0.44557522123893806,0.031415929203539826,0.034513274336283185,0.48849557522123893
0.44628469113697405,0.03133393017009848,0.03357206803939123,0.4888093106535363
0.4487584650112867,0.031151241534988713,0.03160270880361174,0.4884875846501129
0.44802867383512546,0.03046594982078853,0.03136200716845878,0.49014336917562723
0.450530035335689,0.030035335689045935,0.02782685512367491,0.4916077738515901
0.4466279589102278,0.03260384100044663,0.02590442161679321,0.4948637784725324
0.45879732739420936,0.032071269487750555,0.026726057906458798,0.4824053452115813
0.4614003590664273,0.03231597845601436,0.026032315978456014,0.48025134649910234
0.46776345042240997,0.03156958648288128,0.024899955535793685,0.4757670075589151
0.464349376114082,0.03163992869875223,0.02406417112299465,0.4799465240641711
0.46030330062444247,0.03389830508474576,0.022747546833184657,0.4830508474576271
0.4636445242369838,0.03231597845601436,0.02154398563734291,0.48249551166965887
0.4603455914931325,0.034116083296411165,0.024368630926007974,0.4811696942844484
