C,D,Oc,Od
0.0,0.0,1.0,0.0
0.0,0.0,1.0,0.0
0.3333333333333333,0.0,0.3333333333333333,0.3333333333333333
0.5,0.0,0.5,0.0
0.8,0.0,0.2,0.0
1.0,0.0,0.0,0.0
0.8571428571428571,0.0,0.14285714285714285,0.0
0.5,0.25,0.25,0.0
0.5,0.2,0.3,0.0
0.5454545454545454,0.09090909090909091,0.36363636363636365,0.0
0.6666666666666666,0.16666666666666666,0.16666666666666666,0.0
0.6153846153846154,0.15384615384615385,0.15384615384615385,0.07692307692307693
0.2857142857142857,0.2857142857142857,0.2857142857142857,0.14285714285714285
0.2857142857142857,0.35714285714285715,0.2857142857142857,0.07142857142857142
0.13333333333333333,0.4,0.3333333333333333,0.13333333333333333
0.0,0.6,0.2,0.2
0.0,0.5,0.375,0.125
0.0625,0.375,0.375,0.1875
0.058823529411764705,0.4117647058823529,0.35294117647058826,0.17647058823529413
0.17647058823529413,0.17647058823529413,0.47058823529411764,0.17647058823529413
0.17647058823529413,0.11764705882352941,0.5294117647058824,0.17647058823529413
0.21052631578947367,0.10526315789473684,0.42105263157894735,0.2631578947368421
0.2857142857142857,0.09523809523809523,0.38095238095238093,0.23809523809523808
0.3181818181818182,0.045454545454545456,0.36363636363636365,0.2727272727272727
0.21739130434782608,0.08695652173913043,0.5217391304347826,0.17391304347826086
0.09090909090909091,0.045454545454545456,0.6818181818181818,0.18181818181818182
0.13043478260869565,0.0,0.6521739130434783,0.21739130434782608
0.12,0.0,0.76,0.12
0.12,0.0,0.76,0.12
0.12,0.0,0.8,0.08
0.041666666666666664,0.0,0.75,0.20833333333333334
0.041666666666666664,0.0,0.7083333333333334,0.25
0.08,0.0,0.68,0.24
0.08,0.0,0.68,0.24
0.08,0.0,0.64,0.28
0.08,0.08,0.6,0.24
0.08,0.08,0.64,0.2
0.1111111111111111,0.0,0.7407407407407407,0.14814814814814814
0.14814814814814814,0.0,0.7037037037037037,0.14814814814814814
0.17857142857142858,0.0,0.6071428571428571,0.21428571428571427
0.07142857142857142,0.07142857142857142,0.6428571428571429,0.21428571428571427
0.06666666666666667,0.1,0.6666666666666666,0.16666666666666666
0.0967741935483871,0.03225806451612903,0.6129032258064516,0.25806451612903225
0.06451612903225806,0.06451612903225806,0.5161290322580645,0.3548387096774194
0.15151515151515152,0.06060606060606061,0.48484848484848486,0.30303030303030304
0.18181818181818182,0.06060606060606061,0.3939393939393939,0.36363636363636365
0.10810810810810811,0.08108108108108109,0.3783783783783784,0.43243243243243246
0.10526315789473684,0.07894736842105263,0.3157894736842105,0.5
0.15789473684210525,0.07894736842105263,0.3157894736842105,0.4473684210526316
0.20512820512820512,0.1282051282051282,0.1794871794871795,0.48717948717948717
0.1794871794871795,0.10256410256410256,0.23076923076923078,0.48717948717948717
0.23684210526315788,0.07894736842105263,0.15789473684210525,0.5263157894736842
0.23076923076923078,0.1282051282051282,0.1282051282051282,0.5128205128205128
0.2564102564102564,0.10256410256410256,0.10256410256410256,0.5384615384615384
0.2631578947368421,0.07894736842105263,0.07894736842105263,0.5789473684210527
0.225,0.1,0.125,0.55
0.25,0.075,0.225,0.45
0.2564102564102564,0.0,0.2564102564102564,0.48717948717948717
0.25,0.0,0.275,0.475
0.25,0.025,0.275,0.45
0.21951219512195122,0.07317073170731707,0.3170731707317073,0.3902439024390244
0.20930232558139536,0.06976744186046512,0.3023255813953488,0.4186046511627907
0.23809523809523808,0.11904761904761904,0.21428571428571427,0.42857142857142855
0.3170731707317073,0.12195121951219512,0.1951219512195122,0.36585365853658536
0.2926829268292683,0.12195121951219512,0.1951219512195122,0.3902439024390244
0.43902439024390244,0.12195121951219512,0.07317073170731707,0.36585365853658536
0.43902439024390244,0.0975609756097561,0.07317073170731707,0.3902439024390244
0.38095238095238093,0.14285714285714285,0.09523809523809523,0.38095238095238093
0.35714285714285715,0.11904761904761904,0.09523809523809523,0.42857142857142855
0.36585365853658536,0.12195121951219512,0.07317073170731707,0.43902439024390244
0.38095238095238093,0.11904761904761904,0.023809523809523808,0.47619047619047616
0.3333333333333333,0.11904761904761904,0.07142857142857142,0.47619047619047616
0.37209302325581395,0.11627906976744186,0.06976744186046512,0.4418604651162791
0.36363636363636365,0.20454545454545456,0.06818181818181818,0.36363636363636365
0.35555555555555557,0.2,0.08888888888888889,0.35555555555555557
0.28888888888888886,0.24444444444444444,0.08888888888888889,0.37777777777777777
0.3191489361702128,0.2765957446808511,0.10638297872340426,0.2978723404255319
0.3333333333333333,0.28888888888888886,0.06666666666666667,0.3111111111111111
0.3488372093023256,0.3023255813953488,0.023255813953488372,0.32558139534883723
0.35714285714285715,0.2619047619047619,0.047619047619047616,0.3333333333333333
0.3181818181818182,0.3181818181818182,0.11363636363636363,0.25
0.2391304347826087,0.3695652173913043,0.10869565217391304,0.2826086956521739
0.25,0.3409090909090909,0.1590909090909091,0.25
0.2727272727272727,0.3409090909090909,0.1590909090909091,0.22727272727272727
0.2826086956521739,0.2608695652173913,0.08695652173913043,0.3695652173913043
0.28888888888888886,0.2,0.13333333333333333,0.37777777777777777
0.30434782608695654,0.13043478260869565,0.1956521739130435,0.3695652173913043
0.30434782608695654,0.15217391304347827,0.2391304347826087,0.30434782608695654
0.21739130434782608,0.1956521739130435,0.34782608695652173,0.2391304347826087
0.2127659574468085,0.1702127659574468,0.425531914893617,0.19148936170212766
0.24489795918367346,0.16326530612244897,0.4897959183673469,0.10204081632653061
0.28,0.14,0.46,0.12
0.21153846153846154,0.19230769230769232,0.46153846153846156,0.1346153846153846
0.16326530612244897,0.22448979591836735,0.4897959183673469,0.12244897959183673
0.15217391304347827,0.2826086956521739,0.4782608695652174,0.08695652173913043
0.13333333333333333,0.26666666666666666,0.4666666666666667,0.13333333333333333
0.13636363636363635,0.25,0.4318181818181818,0.18181818181818182
0.15217391304347827,0.21739130434782608,0.43478260869565216,0.1956521739130435
0.14893617021276595,0.2553191489361702,0.3829787234042553,0.2127659574468085
0.1956521739130435,0.1956521739130435,0.34782608695652173,0.2608695652173913
0.17391304347826086,0.10869565217391304,0.45652173913043476,0.2608695652173913
0.17391304347826086,0.10869565217391304,0.41304347826086957,0.30434782608695654
0.1956521739130435,0.17391304347826086,0.391304347826087,0.2391304347826087
0.19148936170212766,0.1702127659574468,0.40425531914893614,0.23404255319148937
0.10869565217391304,0.1956521739130435,0.43478260869565216,0.2608695652173913
0.043478260869565216,0.2826086956521739,0.34782608695652173,0.32608695652173914
0.06521739130434782,0.3695652173913043,0.2608695652173913,0.30434782608695654
0.061224489795918366,0.42857142857142855,0.1836734693877551,0.32653061224489793
0.02,0.42,0.24,0.32
0.018867924528301886,0.41509433962264153,0.2830188679245283,0.2830188679245283
0.018518518518518517,0.42592592592592593,0.3333333333333333,0.2222222222222222
0.038461538461538464,0.4423076923076923,0.28846153846153844,0.23076923076923078
0.07692307692307693,0.46153846153846156,0.23076923076923078,0.23076923076923078
0.057692307692307696,0.4423076923076923,0.21153846153846154,0.28846153846153844
0.09259259259259259,0.42592592592592593,0.12962962962962962,0.35185185185185186
0.05555555555555555,0.42592592592592593,0.14814814814814814,0.37037037037037035
0.05660377358490566,0.41509433962264153,0.18867924528301888,0.33962264150943394
0.07272727272727272,0.4,0.16363636363636364,0.36363636363636365
0.1509433962264151,0.2641509433962264,0.18867924528301888,0.39622641509433965
0.1320754716981132,0.3018867924528302,0.16981132075471697,0.39622641509433965
0.1320754716981132,0.22641509433962265,0.18867924528301888,0.4528301886792453
0.12962962962962962,0.2037037037037037,0.2037037037037037,0.46296296296296297
0.12727272727272726,0.21818181818181817,0.2545454545454545,0.4
0.10909090909090909,0.12727272727272726,0.36363636363636365,0.4
0.12727272727272726,0.16363636363636364,0.32727272727272727,0.38181818181818183
0.09090909090909091,0.14545454545454545,0.3090909090909091,0.45454545454545453
0.14035087719298245,0.14035087719298245,0.22807017543859648,0.49122807017543857
0.10526315789473684,0.19298245614035087,0.19298245614035087,0.5087719298245614
0.10714285714285714,0.19642857142857142,0.17857142857142858,0.5178571428571429
0.125,0.30357142857142855,0.19642857142857142,0.375
0.14814814814814814,0.3148148148148148,0.18518518518518517,0.35185185185185186
0.1111111111111111,0.35185185185185186,0.18518518518518517,0.35185185185185186
0.09433962264150944,0.32075471698113206,0.22641509433962265,0.3584905660377358
0.05660377358490566,0.3584905660377358,0.24528301886792453,0.33962264150943394
0.07547169811320754,0.2830188679245283,0.22641509433962265,0.41509433962264153
0.07407407407407407,0.2777777777777778,0.2777777777777778,0.37037037037037035
0.057692307692307696,0.3269230769230769,0.2692307692307692,0.34615384615384615
0.08,0.32,0.24,0.36
0.04081632653061224,0.3673469387755102,0.24489795918367346,0.3469387755102041
0.02,0.36,0.2,0.42
0.0,0.3,0.22,0.48
0.02,0.26,0.24,0.48
0.0,0.21568627450980393,0.23529411764705882,0.5490196078431373
0.0,0.1568627450980392,0.27450980392156865,0.5686274509803921
0.0,0.21153846153846154,0.21153846153846154,0.5769230769230769
0.0,0.2549019607843137,0.19607843137254902,0.5490196078431373
0.0,0.19230769230769232,0.2692307692307692,0.5384615384615384
0.0,0.17307692307692307,0.2692307692307692,0.5576923076923077
0.018518518518518517,0.2222222222222222,0.2962962962962963,0.46296296296296297
0.03636363636363636,0.2727272727272727,0.2909090909090909,0.4
0.05555555555555555,0.3148148148148148,0.24074074074074073,0.3888888888888889
0.07547169811320754,0.2830188679245283,0.18867924528301888,0.4528301886792453
0.12727272727272726,0.2727272727272727,0.2,0.4
0.19298245614035087,0.2631578947368421,0.15789473684210525,0.38596491228070173
0.2,0.26666666666666666,0.13333333333333333,0.4
0.22580645161290322,0.24193548387096775,0.1774193548387097,0.3548387096774194
0.20634920634920634,0.2222222222222222,0.20634920634920634,0.36507936507936506
0.12121212121212122,0.19696969696969696,0.2727272727272727,0.4090909090909091
0.125,0.234375,0.296875,0.34375
0.12121212121212122,0.22727272727272727,0.3181818181818182,0.3333333333333333
0.15151515151515152,0.19696969696969696,0.2727272727272727,0.3787878787878788
0.18181818181818182,0.16666666666666666,0.24242424242424243,0.4090909090909091
0.21739130434782608,0.18840579710144928,0.2463768115942029,0.34782608695652173
0.22857142857142856,0.2,0.22857142857142856,0.34285714285714286
0.18571428571428572,0.18571428571428572,0.24285714285714285,0.38571428571428573
0.14492753623188406,0.2318840579710145,0.18840579710144928,0.43478260869565216
0.11764705882352941,0.3088235294117647,0.14705882352941177,0.4264705882352941
0.10294117647058823,0.3382352941176471,0.1323529411764706,0.4264705882352941
0.14705882352941177,0.39705882352941174,0.08823529411764706,0.36764705882352944
0.1323529411764706,0.39705882352941174,0.04411764705882353,0.4264705882352941
0.16666666666666666,0.3484848484848485,0.06060606060606061,0.42424242424242425
0.19117647058823528,0.3088235294117647,0.07352941176470588,0.4264705882352941
0.14705882352941177,0.3088235294117647,0.08823529411764706,0.45588235294117646
0.14705882352941177,0.3088235294117647,0.10294117647058823,0.4411764705882353
0.1323529411764706,0.3235294117647059,0.11764705882352941,0.4264705882352941
0.13432835820895522,0.373134328358209,0.08955223880597014,0.40298507462686567
0.14925373134328357,0.40298507462686567,0.08955223880597014,0.3582089552238806
0.14705882352941177,0.38235294117647056,0.10294117647058823,0.36764705882352944
0.11428571428571428,0.37142857142857144,0.1,0.4142857142857143
0.11428571428571428,0.4857142857142857,0.05714285714285714,0.34285714285714286
0.14705882352941177,0.5588235294117647,0.058823529411764705,0.23529411764705882
0.16666666666666666,0.5606060606060606,0.07575757575757576,0.19696969696969696
0.19696969696969696,0.48484848484848486,0.10606060606060606,0.21212121212121213
0.18840579710144928,0.5362318840579711,0.11594202898550725,0.15942028985507245
0.23529411764705882,0.5147058823529411,0.17647058823529413,0.07352941176470588
0.26865671641791045,0.5373134328358209,0.11940298507462686,0.07462686567164178
0.23529411764705882,0.5147058823529411,0.14705882352941177,0.10294117647058823
0.21875,0.53125,0.109375,0.140625
0.171875,0.5625,0.15625,0.109375
0.15384615384615385,0.5076923076923077,0.15384615384615385,0.18461538461538463
0.19696969696969696,0.4696969696969697,0.16666666666666666,0.16666666666666666
0.12307692307692308,0.5230769230769231,0.18461538461538463,0.16923076923076924
0.13846153846153847,0.5384615384615384,0.16923076923076924,0.15384615384615385
0.14285714285714285,0.5714285714285714,0.1111111111111111,0.1746031746031746
0.14285714285714285,0.5714285714285714,0.14285714285714285,0.14285714285714285
0.11475409836065574,0.5901639344262295,0.16393442622950818,0.13114754098360656
0.1,0.65,0.11666666666666667,0.13333333333333333
0.1206896551724138,0.6724137931034483,0.034482758620689655,0.1724137931034483
0.17543859649122806,0.6140350877192983,0.017543859649122806,0.19298245614035087
0.15254237288135594,0.6779661016949152,0.01694915254237288,0.15254237288135594
0.13333333333333333,0.7333333333333333,0.05,0.08333333333333333
0.1,0.7,0.08333333333333333,0.11666666666666667
0.1,0.7166666666666667,0.1,0.08333333333333333
0.09836065573770492,0.6721311475409836,0.13114754098360656,0.09836065573770492
0.1206896551724138,0.6379310344827587,0.13793103448275862,0.10344827586206896
0.06666666666666667,0.6666666666666666,0.16666666666666666,0.1
0.08196721311475409,0.6065573770491803,0.13114754098360656,0.18032786885245902
0.1016949152542373,0.5932203389830508,0.15254237288135594,0.15254237288135594
0.15517241379310345,0.5689655172413793,0.15517241379310345,0.1206896551724138
0.21428571428571427,0.48214285714285715,0.21428571428571427,0.08928571428571429
0.18333333333333332,0.5166666666666667,0.21666666666666667,0.08333333333333333
0.2033898305084746,0.4745762711864407,0.23728813559322035,0.0847457627118644
0.2459016393442623,0.4426229508196721,0.22950819672131148,0.08196721311475409
0.25,0.36666666666666664,0.23333333333333334,0.15
0.1864406779661017,0.3220338983050847,0.3559322033898305,0.13559322033898305
0.1864406779661017,0.3220338983050847,0.3050847457627119,0.1864406779661017
0.12903225806451613,0.3870967741935484,0.3225806451612903,0.16129032258064516
0.1,0.45,0.31666666666666665,0.13333333333333333
0.1111111111111111,0.4444444444444444,0.31746031746031744,0.12698412698412698
0.07936507936507936,0.4603174603174603,0.3333333333333333,0.12698412698412698
0.08196721311475409,0.45901639344262296,0.3770491803278688,0.08196721311475409
0.1016949152542373,0.4915254237288136,0.3220338983050847,0.0847457627118644
0.08620689655172414,0.5344827586206896,0.27586206896551724,0.10344827586206896
0.0847457627118644,0.4915254237288136,0.2711864406779661,0.15254237288135594
0.1,0.5,0.23333333333333334,0.16666666666666666
0.11475409836065574,0.4426229508196721,0.2459016393442623,0.19672131147540983
0.15,0.48333333333333334,0.15,0.21666666666666667
0.16393442622950818,0.45901639344262296,0.14754098360655737,0.22950819672131148
0.15,0.4166666666666667,0.18333333333333332,0.25
0.15,0.4166666666666667,0.15,0.2833333333333333
0.2033898305084746,0.423728813559322,0.0847457627118644,0.288135593220339
0.2033898305084746,0.4915254237288136,0.03389830508474576,0.2711864406779661
0.19672131147540983,0.4918032786885246,0.04918032786885246,0.26229508196721313
0.22413793103448276,0.43103448275862066,0.05172413793103448,0.29310344827586204
0.2542372881355932,0.3728813559322034,0.06779661016949153,0.3050847457627119
0.2833333333333333,0.3333333333333333,0.1,0.2833333333333333
0.2833333333333333,0.3333333333333333,0.1,0.2833333333333333
0.2413793103448276,0.3275862068965517,0.13793103448275862,0.29310344827586204
0.2,0.38333333333333336,0.13333333333333333,0.2833333333333333
0.2413793103448276,0.3793103448275862,0.08620689655172414,0.29310344827586204
0.22413793103448276,0.3275862068965517,0.10344827586206896,0.3448275862068966
0.3225806451612903,0.25806451612903225,0.0967741935483871,0.3225806451612903
0.265625,0.265625,0.140625,0.328125
0.34375,0.203125,0.140625,0.3125
0.30158730158730157,0.15873015873015872,0.20634920634920634,0.3333333333333333
0.296875,0.140625,0.265625,0.296875
0.32786885245901637,0.09836065573770492,0.22950819672131148,0.3442622950819672
0.3387096774193548,0.08064516129032258,0.20967741935483872,0.3709677419354839
0.29310344827586204,0.06896551724137931,0.25862068965517243,0.3793103448275862
0.26785714285714285,0.05357142857142857,0.25,0.42857142857142855
0.3793103448275862,0.06896551724137931,0.1724137931034483,0.3793103448275862
0.3448275862068966,0.05172413793103448,0.1896551724137931,0.41379310344827586
0.3898305084745763,0.03389830508474576,0.22033898305084745,0.3559322033898305
0.4406779661016949,0.03389830508474576,0.2542372881355932,0.2711864406779661
0.40350877192982454,0.05263157894736842,0.24561403508771928,0.2982456140350877
0.42105263157894735,0.08771929824561403,0.2982456140350877,0.19298245614035087
0.32727272727272727,0.07272727272727272,0.34545454545454546,0.2545454545454545
0.21818181818181817,0.10909090909090909,0.36363636363636365,0.3090909090909091
0.22413793103448276,0.13793103448275862,0.3275862068965517,0.3103448275862069
0.2459016393442623,0.14754098360655737,0.32786885245901637,0.2786885245901639
0.22413793103448276,0.13793103448275862,0.2413793103448276,0.39655172413793105
0.21428571428571427,0.14285714285714285,0.25,0.39285714285714285
0.14545454545454545,0.10909090909090909,0.2909090909090909,0.45454545454545453
0.15789473684210525,0.15789473684210525,0.2631578947368421,0.42105263157894735
0.14545454545454545,0.21818181818181817,0.23636363636363636,0.4
0.14035087719298245,0.22807017543859648,0.21052631578947367,0.42105263157894735
0.16666666666666666,0.3,0.1,0.43333333333333335
0.15,0.3,0.15,0.4
0.0967741935483871,0.3225806451612903,0.1935483870967742,0.3870967741935484
0.04918032786885246,0.3770491803278688,0.18032786885245902,0.39344262295081966
0.05,0.2833333333333333,0.23333333333333334,0.43333333333333335
0.06666666666666667,0.3333333333333333,0.16666666666666666,0.43333333333333335
0.07142857142857142,0.30357142857142855,0.19642857142857142,0.42857142857142855
0.14285714285714285,0.32142857142857145,0.125,0.4107142857142857
0.17857142857142858,0.21428571428571427,0.14285714285714285,0.4642857142857143
0.2631578947368421,0.17543859649122806,0.14035087719298245,0.42105263157894735
0.27586206896551724,0.1206896551724138,0.1206896551724138,0.4827586206896552
0.23333333333333334,0.16666666666666666,0.1,0.5
0.23333333333333334,0.16666666666666666,0.15,0.45
0.2711864406779661,0.13559322033898305,0.15254237288135594,0.4406779661016949
0.21052631578947367,0.15789473684210525,0.19298245614035087,0.43859649122807015
0.125,0.23214285714285715,0.21428571428571427,0.42857142857142855
0.17543859649122806,0.21052631578947367,0.2807017543859649,0.3333333333333333
0.17543859649122806,0.21052631578947367,0.24561403508771928,0.3684210526315789
0.21428571428571427,0.17857142857142858,0.26785714285714285,0.3392857142857143
0.25,0.14285714285714285,0.30357142857142855,0.30357142857142855
0.25,0.14285714285714285,0.2857142857142857,0.32142857142857145
0.3220338983050847,0.2542372881355932,0.22033898305084745,0.2033898305084746
0.3389830508474576,0.1864406779661017,0.2711864406779661,0.2033898305084746
0.35,0.2,0.2833333333333333,0.16666666666666666
0.3442622950819672,0.19672131147540983,0.29508196721311475,0.16393442622950818
0.3225806451612903,0.25806451612903225,0.27419354838709675,0.14516129032258066
0.36507936507936506,0.2222222222222222,0.25396825396825395,0.15873015873015872
0.328125,0.203125,0.28125,0.1875
0.296875,0.25,0.25,0.203125
0.2537313432835821,0.2537313432835821,0.26865671641791045,0.22388059701492538
0.23529411764705882,0.2647058823529412,0.3235294117647059,0.17647058823529413
0.2318840579710145,0.2463768115942029,0.4057971014492754,0.11594202898550725
0.2535211267605634,0.2112676056338028,0.38028169014084506,0.15492957746478872
0.2638888888888889,0.16666666666666666,0.4166666666666667,0.1527777777777778
0.2702702702702703,0.20270270270270271,0.3783783783783784,0.14864864864864866
0.2876712328767123,0.1780821917808219,0.3972602739726027,0.136986301369863
0.2972972972972973,0.1891891891891892,0.3783783783783784,0.13513513513513514
0.2894736842105263,0.17105263157894737,0.42105263157894735,0.11842105263157894
0.34615384615384615,0.15384615384615385,0.38461538461538464,0.11538461538461539
0.35135135135135137,0.12162162162162163,0.3783783783783784,0.14864864864864866
0.35526315789473684,0.10526315789473684,0.42105263157894735,0.11842105263157894
0.28,0.10666666666666667,0.52,0.09333333333333334
0.2702702702702703,0.08108108108108109,0.5540540540540541,0.0945945945945946
0.2972972972972973,0.04054054054054054,0.5405405405405406,0.12162162162162163
0.3055555555555556,0.027777777777777776,0.5277777777777778,0.1388888888888889
0.25,0.041666666666666664,0.5972222222222222,0.1111111111111111
0.20270270270270271,0.06756756756756757,0.6216216216216216,0.10810810810810811
0.2361111111111111,0.06944444444444445,0.6111111111111112,0.08333333333333333
0.25675675675675674,0.04054054054054054,0.6351351351351351,0.06756756756756757
0.30666666666666664,0.02666666666666667,0.5733333333333334,0.09333333333333334
0.26666666666666666,0.013333333333333334,0.6133333333333333,0.10666666666666667
0.2631578947368421,0.02631578947368421,0.6052631578947368,0.10526315789473684
0.2987012987012987,0.03896103896103896,0.5974025974025974,0.06493506493506493
0.2727272727272727,0.06493506493506493,0.5844155844155844,0.07792207792207792
0.2987012987012987,0.06493506493506493,0.5584415584415584,0.07792207792207792
0.2894736842105263,0.05263157894736842,0.5394736842105263,0.11842105263157894
0.25675675675675674,0.05405405405405406,0.5405405405405406,0.14864864864864866
0.2777777777777778,0.05555555555555555,0.5277777777777778,0.1388888888888889
0.30666666666666664,0.08,0.5066666666666667,0.10666666666666667
0.25333333333333335,0.09333333333333334,0.5333333333333333,0.12
0.2631578947368421,0.06578947368421052,0.5526315789473685,0.11842105263157894
0.3157894736842105,0.06578947368421052,0.5131578947368421,0.10526315789473684
0.30666666666666664,0.09333333333333334,0.49333333333333335,0.10666666666666667
0.3076923076923077,0.10256410256410256,0.5,0.08974358974358974
0.3466666666666667,0.12,0.44,0.09333333333333334
0.3333333333333333,0.12,0.4533333333333333,0.09333333333333334
0.32,0.13333333333333333,0.41333333333333333,0.13333333333333333
0.37333333333333335,0.09333333333333334,0.4266666666666667,0.10666666666666667
0.3684210526315789,0.10526315789473684,0.4342105263157895,0.09210526315789473
0.3291139240506329,0.11392405063291139,0.5063291139240507,0.05063291139240506
0.2948717948717949,0.10256410256410256,0.5384615384615384,0.0641025641025641
0.21794871794871795,0.07692307692307693,0.6025641025641025,0.10256410256410256
0.21621621621621623,0.08108108108108109,0.5945945945945946,0.10810810810810811
0.22972972972972974,0.0945945945945946,0.5540540540540541,0.12162162162162163
0.17333333333333334,0.08,0.5866666666666667,0.16
0.1643835616438356,0.1232876712328767,0.547945205479452,0.1643835616438356
0.14084507042253522,0.16901408450704225,0.5492957746478874,0.14084507042253522
0.11428571428571428,0.2,0.5714285714285714,0.11428571428571428
0.14285714285714285,0.18571428571428572,0.5714285714285714,0.1
0.17391304347826086,0.2028985507246377,0.4927536231884058,0.13043478260869565
0.15942028985507245,0.2463768115942029,0.4927536231884058,0.10144927536231885
0.16176470588235295,0.29411764705882354,0.4411764705882353,0.10294117647058823
0.14492753623188406,0.2028985507246377,0.5797101449275363,0.07246376811594203
0.07352941176470588,0.2647058823529412,0.6176470588235294,0.04411764705882353
0.11594202898550725,0.2318840579710145,0.6231884057971014,0.028985507246376812
0.13043478260869565,0.2463768115942029,0.5797101449275363,0.043478260869565216
0.06060606060606061,0.19696969696969696,0.6515151515151515,0.09090909090909091
0.015384615384615385,0.23076923076923078,0.676923076923077,0.07692307692307693
0.031746031746031744,0.2857142857142857,0.6507936507936508,0.031746031746031744
0.0,0.3230769230769231,0.6153846153846154,0.06153846153846154
0.015384615384615385,0.36923076923076925,0.5692307692307692,0.046153846153846156
0.047619047619047616,0.36507936507936506,0.5238095238095238,0.06349206349206349
0.045454545454545456,0.3787878787878788,0.5151515151515151,0.06060606060606061
0.08955223880597014,0.3283582089552239,0.4626865671641791,0.11940298507462686
0.07575757575757576,0.25757575757575757,0.5909090909090909,0.07575757575757576
0.09090909090909091,0.2878787878787879,0.5303030303030303,0.09090909090909091
0.11764705882352941,0.25,0.5294117647058824,0.10294117647058823
0.07246376811594203,0.2463768115942029,0.5797101449275363,0.10144927536231885
0.057971014492753624,0.3188405797101449,0.5217391304347826,0.10144927536231885
0.07462686567164178,0.31343283582089554,0.47761194029850745,0.13432835820895522
0.07692307692307693,0.38461538461538464,0.47692307692307695,0.06153846153846154
0.10606060606060606,0.42424242424242425,0.3787878787878788,0.09090909090909091
0.07692307692307693,0.4307692307692308,0.4,0.09230769230769231
0.06153846153846154,0.47692307692307695,0.38461538461538464,0.07692307692307693
0.09523809523809523,0.3492063492063492,0.47619047619047616,0.07936507936507936
0.13114754098360656,0.3442622950819672,0.45901639344262296,0.06557377049180328
0.1774193548387097,0.3225806451612903,0.43548387096774194,0.06451612903225806
0.16129032258064516,0.27419354838709675,0.46774193548387094,0.0967741935483871
0.07936507936507936,0.31746031746031744,0.5079365079365079,0.09523809523809523
0.08196721311475409,0.29508196721311475,0.5245901639344263,0.09836065573770492
0.11475409836065574,0.26229508196721313,0.5409836065573771,0.08196721311475409
0.11290322580645161,0.25806451612903225,0.5,0.12903225806451613
0.09523809523809523,0.23809523809523808,0.5555555555555556,0.1111111111111111
0.1076923076923077,0.24615384615384617,0.5230769230769231,0.12307692307692308
0.08695652173913043,0.2318840579710145,0.5362318840579711,0.14492753623188406
0.05714285714285714,0.2,0.5571428571428572,0.18571428571428572
0.1,0.12857142857142856,0.5857142857142857,0.18571428571428572
0.1,0.1,0.6,0.2
0.11428571428571428,0.07142857142857142,0.6285714285714286,0.18571428571428572
0.10144927536231885,0.13043478260869565,0.4927536231884058,0.2753623188405797
0.07575757575757576,0.12121212121212122,0.5454545454545454,0.25757575757575757
0.07575757575757576,0.10606060606060606,0.5909090909090909,0.22727272727272727
0.08823529411764706,0.11764705882352941,0.5,0.29411764705882354
0.07246376811594203,0.14492753623188406,0.463768115942029,0.3188405797101449
0.07142857142857142,0.12857142857142856,0.5142857142857142,0.2857142857142857
0.05714285714285714,0.12857142857142856,0.5714285714285714,0.24285714285714285
0.11428571428571428,0.14285714285714285,0.5,0.24285714285714285
0.11428571428571428,0.14285714285714285,0.5,0.24285714285714285
0.11428571428571428,0.1,0.4857142857142857,0.3
0.11594202898550725,0.08695652173913043,0.463768115942029,0.3333333333333333
0.11594202898550725,0.07246376811594203,0.4782608695652174,0.3333333333333333
0.14492753623188406,0.08695652173913043,0.4782608695652174,0.2898550724637681
0.11764705882352941,0.07352941176470588,0.4852941176470588,0.3235294117647059
0.09090909090909091,0.12121212121212122,0.5,0.2878787878787879
0.09230769230769231,0.12307692307692308,0.4153846153846154,0.36923076923076925
0.09836065573770492,0.11475409836065574,0.4098360655737705,0.3770491803278688
0.11475409836065574,0.09836065573770492,0.3770491803278688,0.4098360655737705
0.15,0.11666666666666667,0.35,0.38333333333333336
0.13559322033898305,0.1016949152542373,0.3728813559322034,0.3898305084745763
0.14754098360655737,0.08196721311475409,0.4098360655737705,0.36065573770491804
0.171875,0.125,0.34375,0.359375
0.11940298507462686,0.13432835820895522,0.34328358208955223,0.40298507462686567
0.10294117647058823,0.19117647058823528,0.29411764705882354,0.4117647058823529
0.16417910447761194,0.16417910447761194,0.2537313432835821,0.417910447761194
0.09090909090909091,0.19696969696969696,0.2727272727272727,0.4393939393939394
0.09375,0.203125,0.296875,0.40625
0.125,0.140625,0.328125,0.40625
0.140625,0.109375,0.34375,0.40625
0.13636363636363635,0.13636363636363635,0.2878787878787879,0.4393939393939394
0.1076923076923077,0.15384615384615385,0.2923076923076923,0.4461538461538462
0.09523809523809523,0.20634920634920634,0.2698412698412698,0.42857142857142855
0.09375,0.171875,0.28125,0.453125
0.09230769230769231,0.13846153846153847,0.27692307692307694,0.49230769230769234
0.12307692307692308,0.09230769230769231,0.3076923076923077,0.47692307692307695
0.13636363636363635,0.10606060606060606,0.3333333333333333,0.42424242424242425
0.15151515151515152,0.06060606060606061,0.3333333333333333,0.45454545454545453
0.1791044776119403,0.05970149253731343,0.3582089552238806,0.40298507462686567
0.1875,0.046875,0.359375,0.40625
0.24242424242424243,0.06060606060606061,0.3333333333333333,0.36363636363636365
0.16129032258064516,0.08064516129032258,0.3225806451612903,0.43548387096774194
0.22580645161290322,0.0967741935483871,0.20967741935483872,0.46774193548387094
0.15384615384615385,0.15384615384615385,0.2153846153846154,0.47692307692307695
0.2153846153846154,0.23076923076923078,0.15384615384615385,0.4
0.2,0.18461538461538463,0.18461538461538463,0.4307692307692308
0.1774193548387097,0.16129032258064516,0.1935483870967742,0.46774193548387094
0.16393442622950818,0.18032786885245902,0.2459016393442623,0.4098360655737705
0.11290322580645161,0.20967741935483872,0.16129032258064516,0.5161290322580645
0.14285714285714285,0.23809523809523808,0.2222222222222222,0.3968253968253968
0.15625,0.234375,0.21875,0.390625
0.14285714285714285,0.2222222222222222,0.30158730158730157,0.3333333333333333
0.11864406779661017,0.2542372881355932,0.3050847457627119,0.3220338983050847
0.11290322580645161,0.27419354838709675,0.2903225806451613,0.3225806451612903
0.09523809523809523,0.2698412698412698,0.2698412698412698,0.36507936507936506
0.0967741935483871,0.27419354838709675,0.2903225806451613,0.3387096774193548
0.06349206349206349,0.25396825396825395,0.3333333333333333,0.3492063492063492
0.06153846153846154,0.23076923076923078,0.35384615384615387,0.35384615384615387
0.08333333333333333,0.16666666666666666,0.4166666666666667,0.3333333333333333
0.05084745762711865,0.15254237288135594,0.4067796610169492,0.3898305084745763
0.05084745762711865,0.1694915254237288,0.3559322033898305,0.423728813559322
0.10344827586206896,0.1896551724137931,0.25862068965517243,0.4482758620689655
0.125,0.16071428571428573,0.2857142857142857,0.42857142857142855
0.16363636363636364,0.12727272727272726,0.32727272727272727,0.38181818181818183
0.1509433962264151,0.16981132075471697,0.33962264150943394,0.33962264150943394
0.19607843137254902,0.1568627450980392,0.37254901960784315,0.27450980392156865
0.19230769230769232,0.09615384615384616,0.34615384615384615,0.36538461538461536
0.23076923076923078,0.11538461538461539,0.2692307692307692,0.38461538461538464
0.3137254901960784,0.09803921568627451,0.17647058823529413,0.4117647058823529
0.36,0.16,0.14,0.34
0.34,0.12,0.12,0.42
0.375,0.14583333333333334,0.0625,0.4166666666666667
0.40425531914893614,0.1276595744680851,0.10638297872340426,0.3617021276595745
0.3125,0.1875,0.14583333333333334,0.3541666666666667
0.2857142857142857,0.22448979591836735,0.14285714285714285,0.3469387755102041
0.35294117647058826,0.19607843137254902,0.0784313725490196,0.37254901960784315
0.3333333333333333,0.19607843137254902,0.058823529411764705,0.4117647058823529
0.34,0.2,0.1,0.36
0.19607843137254902,0.3333333333333333,0.11764705882352941,0.35294117647058826
0.21153846153846154,0.3076923076923077,0.1346153846153846,0.34615384615384615
0.14285714285714285,0.3877551020408163,0.10204081632653061,0.3673469387755102
0.22448979591836735,0.3673469387755102,0.10204081632653061,0.30612244897959184
0.2653061224489796,0.3877551020408163,0.04081632653061224,0.30612244897959184
0.26,0.5,0.02,0.22
0.28846153846153844,0.4807692307692308,0.019230769230769232,0.21153846153846154
0.2857142857142857,0.42857142857142855,0.02040816326530612,0.2653061224489796
0.3,0.36,0.02,0.32
0.38,0.34,0.08,0.2
0.36,0.34,0.14,0.16
0.3137254901960784,0.35294117647058826,0.1568627450980392,0.17647058823529413
0.32,0.34,0.16,0.18
0.34,0.3,0.16,0.2
0.26,0.32,0.18,0.24
0.3076923076923077,0.21153846153846154,0.21153846153846154,0.2692307692307692
0.3584905660377358,0.1320754716981132,0.24528301886792453,0.2641509433962264
0.33962264150943394,0.1320754716981132,0.3018867924528302,0.22641509433962265
0.34615384615384615,0.07692307692307693,0.3076923076923077,0.2692307692307692
0.32,0.1,0.3,0.28
0.2857142857142857,0.10204081632653061,0.3673469387755102,0.24489795918367346
0.3125,0.16666666666666666,0.2708333333333333,0.25
0.3125,0.16666666666666666,0.2708333333333333,0.25
0.25,0.20833333333333334,0.22916666666666666,0.3125
0.2826086956521739,0.2391304347826087,0.21739130434782608,0.2608695652173913
0.3191489361702128,0.2553191489361702,0.19148936170212766,0.23404255319148937
0.3191489361702128,0.2553191489361702,0.1702127659574468,0.2553191489361702
0.34,0.28,0.16,0.22
0.3,0.26,0.2,0.24
0.25,0.2916666666666667,0.22916666666666666,0.22916666666666666
0.26,0.3,0.24,0.2
0.20408163265306123,0.30612244897959184,0.2653061224489796,0.22448979591836735
0.20833333333333334,0.3125,0.2708333333333333,0.20833333333333334
0.1875,0.3125,0.22916666666666666,0.2708333333333333
0.22,0.3,0.26,0.22
0.25,0.3125,0.22916666666666666,0.20833333333333334
0.2916666666666667,0.22916666666666666,0.2708333333333333,0.20833333333333334
0.3125,0.14583333333333334,0.3125,0.22916666666666666
0.3469387755102041,0.1836734693877551,0.24489795918367346,0.22448979591836735
0.2857142857142857,0.20408163265306123,0.2857142857142857,0.22448979591836735
0.2857142857142857,0.2857142857142857,0.22448979591836735,0.20408163265306123
0.24489795918367346,0.2857142857142857,0.16326530612244897,0.30612244897959184
0.2857142857142857,0.24489795918367346,0.14285714285714285,0.32653061224489793
0.24,0.2,0.18,0.38
0.23529411764705882,0.1568627450980392,0.17647058823529413,0.43137254901960786
0.2,0.14,0.2,0.46
0.22,0.14,0.22,0.42
0.22448979591836735,0.12244897959183673,0.24489795918367346,0.40816326530612246
0.2857142857142857,0.1836734693877551,0.24489795918367346,0.2857142857142857
0.3541666666666667,0.22916666666666666,0.16666666666666666,0.25
0.24489795918367346,0.22448979591836735,0.14285714285714285,0.3877551020408163
0.2916666666666667,0.25,0.16666666666666666,0.2916666666666667
0.30434782608695654,0.2391304347826087,0.17391304347826086,0.2826086956521739
0.3695652173913043,0.2826086956521739,0.08695652173913043,0.2608695652173913
0.3541666666666667,0.3541666666666667,0.08333333333333333,0.20833333333333334
0.2857142857142857,0.4489795918367347,0.04081632653061224,0.22448979591836735
0.2708333333333333,0.3958333333333333,0.0625,0.2708333333333333
0.2916666666666667,0.4166666666666667,0.041666666666666664,0.25
0.3125,0.375,0.020833333333333332,0.2916666666666667
0.2553191489361702,0.48936170212765956,0.06382978723404255,0.19148936170212766
0.2708333333333333,0.4791666666666667,0.0,0.25
0.3125,0.4791666666666667,0.0,0.20833333333333334
0.24489795918367346,0.5102040816326531,0.04081632653061224,0.20408163265306123
0.20833333333333334,0.5,0.0625,0.22916666666666666
0.25,0.4583333333333333,0.020833333333333332,0.2708333333333333
0.2708333333333333,0.4375,0.041666666666666664,0.25
0.25,0.4583333333333333,0.041666666666666664,0.25
0.22916666666666666,0.4791666666666667,0.08333333333333333,0.20833333333333334
0.22916666666666666,0.4583333333333333,0.08333333333333333,0.22916666666666666
0.20833333333333334,0.4583333333333333,0.08333333333333333,0.25
0.2653061224489796,0.4897959183673469,0.04081632653061224,0.20408163265306123
0.22448979591836735,0.5714285714285714,0.04081632653061224,0.16326530612244897
0.2608695652173913,0.5,0.08695652173913043,0.15217391304347827
0.2916666666666667,0.5208333333333334,0.08333333333333333,0.10416666666666667
0.3,0.56,0.02,0.12
0.37735849056603776,0.4528301886792453,0.018867924528301886,0.1509433962264151
0.25925925925925924,0.5925925925925926,0.018518518518518517,0.12962962962962962
0.28846153846153844,0.4807692307692308,0.019230769230769232,0.21153846153846154
0.24528301886792453,0.4339622641509434,0.018867924528301886,0.3018867924528302
0.1111111111111111,0.5740740740740741,0.037037037037037035,0.2777777777777778
0.10909090909090909,0.5454545454545454,0.03636363636363636,0.3090909090909091
0.09433962264150944,0.5471698113207547,0.03773584905660377,0.32075471698113206
0.16071428571428573,0.5357142857142857,0.017857142857142856,0.2857142857142857
0.17857142857142858,0.5714285714285714,0.017857142857142856,0.23214285714285715
0.26785714285714285,0.5178571428571429,0.0,0.21428571428571427
0.32727272727272727,0.4727272727272727,0.03636363636363636,0.16363636363636364
0.3148148148148148,0.48148148148148145,0.07407407407407407,0.12962962962962962
0.2777777777777778,0.5370370370370371,0.05555555555555555,0.12962962962962962
0.2727272727272727,0.5636363636363636,0.05454545454545454,0.10909090909090909
0.32727272727272727,0.4727272727272727,0.07272727272727272,0.12727272727272726
0.3392857142857143,0.5178571428571429,0.08928571428571429,0.05357142857142857
0.25925925925925924,0.5740740740740741,0.1111111111111111,0.05555555555555555
0.3148148148148148,0.5,0.1111111111111111,0.07407407407407407
0.3888888888888889,0.4444444444444444,0.1111111111111111,0.05555555555555555
0.37254901960784315,0.4117647058823529,0.09803921568627451,0.11764705882352941
0.33962264150943394,0.49056603773584906,0.03773584905660377,0.1320754716981132
0.35185185185185186,0.4444444444444444,0.05555555555555555,0.14814814814814814
0.4074074074074074,0.42592592592592593,0.05555555555555555,0.1111111111111111
0.4107142857142857,0.44642857142857145,0.05357142857142857,0.08928571428571429
0.4727272727272727,0.34545454545454546,0.09090909090909091,0.09090909090909091
0.4727272727272727,0.4,0.05454545454545454,0.07272727272727272
0.48148148148148145,0.4074074074074074,0.05555555555555555,0.05555555555555555
0.4444444444444444,0.4444444444444444,0.07407407407407407,0.037037037037037035
0.34615384615384615,0.5,0.11538461538461539,0.038461538461538464
0.3269230769230769,0.5384615384615384,0.11538461538461539,0.019230769230769232
0.3090909090909091,0.5636363636363636,0.09090909090909091,0.03636363636363636
0.41818181818181815,0.43636363636363634,0.09090909090909091,0.05454545454545454
0.47368421052631576,0.47368421052631576,0.03508771929824561,0.017543859649122806
0.4,0.5454545454545454,0.03636363636363636,0.01818181818181818
0.37735849056603776,0.49056603773584906,0.09433962264150944,0.03773584905660377
0.47058823529411764,0.43137254901960786,0.0784313725490196,0.0196078431372549
0.4807692307692308,0.34615384615384615,0.15384615384615385,0.019230769230769232
0.5576923076923077,0.28846153846153844,0.1346153846153846,0.019230769230769232
0.5740740740740741,0.2962962962962963,0.12962962962962962,0.0
0.5925925925925926,0.2962962962962963,0.1111111111111111,0.0
0.5370370370370371,0.2777777777777778,0.18518518518518517,0.0
0.5714285714285714,0.2857142857142857,0.14285714285714285,0.0
0.5964912280701754,0.2631578947368421,0.14035087719298245,0.0
0.5614035087719298,0.2982456140350877,0.12280701754385964,0.017543859649122806
0.5517241379310345,0.3103448275862069,0.10344827586206896,0.034482758620689655
0.5423728813559322,0.288135593220339,0.13559322033898305,0.03389830508474576
0.6,0.2833333333333333,0.11666666666666667,0.0
0.6440677966101694,0.2033898305084746,0.15254237288135594,0.0
