C,D,Oc,Od
0.0,1.0,0.0,0.0
0.0,0.5,0.5,0.0
0.2222222222222222,0.4444444444444444,0.3333333333333333,0.0
0.13333333333333333,0.5333333333333333,0.3333333333333333,0.0
0.1,0.7,0.2,0.0
0.0625,0.75,0.1875,0.0
0.045454545454545456,0.7954545454545454,0.11363636363636363,0.045454545454545456
0.046875,0.734375,0.15625,0.0625
0.041666666666666664,0.75,0.125,0.08333333333333333
0.025,0.7083333333333334,0.16666666666666666,0.1
0.031055900621118012,0.6832298136645962,0.16770186335403728,0.11801242236024845
0.037383177570093455,0.6682242990654206,0.1588785046728972,0.13551401869158877
0.03237410071942446,0.6474820143884892,0.1474820143884892,0.17266187050359713
0.02956989247311828,0.6344086021505376,0.1478494623655914,0.1881720430107527
0.02654867256637168,0.6194690265486725,0.14380530973451328,0.21017699115044247
0.030303030303030304,0.6003787878787878,0.13636363636363635,0.23295454545454544
0.03576982892690513,0.6003110419906688,0.13530326594090203,0.2286158631415241
0.0398936170212766,0.5851063829787234,0.14361702127659576,0.23138297872340424
0.04190260475651189,0.5730464326160816,0.15288788221970556,0.232163080407701
0.04290091930541369,0.5760980592441267,0.16036772216547499,0.22063329928498468
0.04267161410018553,0.5686456400742115,0.16419294990723562,0.22448979591836735
0.04170212765957447,0.5685106382978723,0.16851063829787233,0.22127659574468084
0.042352941176470586,0.5592156862745098,0.17568627450980392,0.2227450980392157
0.04420289855072464,0.5768115942028985,0.17028985507246377,0.20869565217391303
0.04298941798941799,0.5674603174603174,0.17063492063492064,0.21891534391534392
0.04782342121397915,0.5665236051502146,0.17351318209687308,0.21213979153893317
0.04679376083188908,0.5678798382437897,0.1756210283073368,0.2097053726169844
0.04918032786885246,0.5686828716789146,0.18202374222724704,0.20011305822498587
0.05543710021321962,0.5543710021321961,0.19136460554371001,0.1988272921108742
0.05598755832037325,0.55883877656817,0.19129082426127528,0.19388284085018145
0.06451612903225806,0.5519153225806451,0.19102822580645162,0.19254032258064516
0.06277160791887977,0.546112988894254,0.19990342829550942,0.19121197489135683
0.06120527306967985,0.5451977401129944,0.20480225988700565,0.18879472693032015
0.06014692378328742,0.5385674931129476,0.20798898071625344,0.19329660238751148
0.0602247191011236,0.5348314606741573,0.2049438202247191,0.2
0.06188780053428317,0.5298308103294747,0.20970614425645592,0.19857524487978628
0.06455862977602109,0.5274483970136145,0.20509442248572685,0.2028985507246377
0.062280701754385964,0.5276315789473685,0.21052631578947367,0.19956140350877194
0.06247211066488175,0.5305667112896029,0.20883534136546184,0.19812583668005354
0.06018724921979492,0.5300936246098975,0.2050824788230049,0.20463664734730272
0.05582631812140009,0.5303500221533008,0.20558263181214,0.20824102791315907
0.05623365300784656,0.529642545771578,0.2040104620749782,0.2101133391455972
0.05944986690328305,0.5164152617568767,0.20452528837622005,0.21960958296362024
0.05981391227292867,0.5206025697828977,0.20203810367744793,0.21754541426672575
0.05730533683289589,0.5166229221347332,0.19553805774278216,0.23053368328958881
0.05674378000872981,0.5146224356176342,0.19467481449148843,0.23395896988214754
0.05729396209784046,0.5121198765976201,0.19215513442044954,0.2384310268840899
0.06169551708832668,0.5130936529072347,0.1904127829560586,0.23479804704837995
0.062306672558550595,0.5099425541316837,0.19575784357048165,0.23199292973928415
0.06032171581769437,0.501787310098302,0.19526362823949955,0.24262734584450402
0.05725699067909454,0.501109631602308,0.19618286728806036,0.24545051043053706
0.05695364238410596,0.4958057395143488,0.1977924944812362,0.24944812362030905
0.057938965059708095,0.4878372401592216,0.20035382574082264,0.25386996904024767
0.05713020372010629,0.4849424269264836,0.204162976085031,0.2537643932683791
0.05859030837004405,0.48590308370044055,0.19647577092511012,0.25903083700440527
0.06269315673289183,0.4821192052980132,0.19426048565121412,0.2609271523178808
0.060123784261715295,0.484526967285588,0.19230769230769232,0.2630415561450044
0.062361786819991154,0.4865103936311367,0.19371959310039805,0.2574082264484741
0.058875219683655534,0.47847100175746926,0.20035149384885764,0.2623022847100176
0.06063268892794376,0.48462214411247806,0.18980667838312829,0.2649384885764499
0.06348511383537653,0.4785464098073555,0.1904553415061296,0.26751313485113837
0.06651785714285714,0.47767857142857145,0.19017857142857142,0.265625
0.06247250329960405,0.4663440387153542,0.19665640123185218,0.2745270567531896
0.062361786819991154,0.47191508182220254,0.19106590004422822,0.27465723131357805
0.06094306049822064,0.47108540925266906,0.19128113879003558,0.27669039145907476
0.06039076376554174,0.46936056838365897,0.1936056838365897,0.2766429840142096
0.058694699956197985,0.46692947875602275,0.19097678493210687,0.2833990363556724
0.05545696539485359,0.4622892635314996,0.19520851818988466,0.2870452528837622
0.05394736842105263,0.46578947368421053,0.19605263157894737,0.28421052631578947
0.052124397722295226,0.4664914586070959,0.19360490582566797,0.28777923784494086
0.05318681318681319,0.4742857142857143,0.19076923076923077,0.28175824175824177
0.051982378854625554,0.46519823788546255,0.1947136563876652,0.28810572687224667
0.05145413870246085,0.46353467561521255,0.19686800894854586,0.28814317673378076
0.047619047619047616,0.46472663139329806,0.20105820105820105,0.2865961199294533
0.04780701754385965,0.4644736842105263,0.19912280701754387,0.2885964912280702
0.04953560371517028,0.46351172047766476,0.19814241486068113,0.2888102609464839
0.04673721340388007,0.46164021164021163,0.20149911816578484,0.29012345679012347
0.047851129818342934,0.4581302614089499,0.20336730172795747,0.2906513070447497
0.04868421052631579,0.4513157894736842,0.20307017543859648,0.2969298245614035
0.0479964773227653,0.45354469396741526,0.20079260237780713,0.29766622633201234
0.05032822757111598,0.4459518599562363,0.20525164113785557,0.29846827133479215
0.05129329241560719,0.451117930732135,0.20780359491451117,0.2897851819377466
0.04791481810115351,0.453416149068323,0.21162377994676132,0.2870452528837622
0.05121412803532009,0.44944812362030906,0.21501103752759382,0.284326710816777
0.05382562277580071,0.4435053380782918,0.21708185053380782,0.28558718861209964
0.05172413793103448,0.4451812555260831,0.21175950486295314,0.29133510167992926
0.04814487632508834,0.4377208480565371,0.21819787985865724,0.2959363957597173
0.04693786320965579,0.4443451050514081,0.21636119803308002,0.29235583370585605
0.04437609841827768,0.43804920913884005,0.2148506151142355,0.30272407732864676
0.04659340659340659,0.4347252747252747,0.21362637362637363,0.30505494505494507
0.046819787985865724,0.43197879858657245,0.21333922261484098,0.30786219081272087
0.04665492957746479,0.42649647887323944,0.2125880281690141,0.3142605633802817
0.04820333041191937,0.42725679228746716,0.20683610867659946,0.317703768624014
0.04864154250657318,0.43076248904469766,0.20201577563540754,0.31858019281332167
0.04997788589119859,0.4281291463954003,0.21008403361344538,0.31180893409995575
0.04675782973092192,0.4305249228054698,0.2086457873842082,0.31407146007940007
0.04655248133509003,0.42292490118577075,0.20860781730346947,0.32191480017566976
0.04633715798764342,0.42850838481906445,0.20476610767872905,0.32038834951456313
0.04732690622261174,0.42506573181419804,0.20201577563540754,0.3255915863277826
0.04563579973416039,0.4240141781125388,0.2060256978289765,0.32432432432432434
0.043516873889875664,0.4231793960923623,0.205595026642984,0.327708703374778
0.046847635726795095,0.4211908931698774,0.2053415061295972,0.3266199649737303
0.045172719220549155,0.41762621789193977,0.2108060230292294,0.32639503985828167
0.04661389621811785,0.4124890061565523,0.21152154793315744,0.32937554969217236
0.045414462081128745,0.4074074074074074,0.21252204585537918,0.33465608465608465
0.044058744993324434,0.41165999109924345,0.21539830885625277,0.32888295505117937
0.040372670807453416,0.4179236912156167,0.21073646850044367,0.33096716947648624
0.038749449581682076,0.4191985909291061,0.21003963011889035,0.33201232937032144
0.03723171265878231,0.4130530004380201,0.211125711782742,0.33858957512045557
0.037037037037037035,0.41677822400713965,0.20883534136546184,0.3373493975903614
0.0353045013239188,0.41615180935569285,0.21006178287731686,0.33848190644307147
0.03674540682414698,0.4090113735783027,0.2073490813648294,0.3468941382327209
0.037383177570093455,0.4121050289274588,0.20071206052514465,0.34979973297730305
0.03664459161147903,0.40618101545253865,0.2052980132450331,0.3518763796909492
0.037366548042704624,0.40480427046263345,0.2090747330960854,0.3487544483985765
0.03713411970292704,0.39580602883355176,0.2075141983398864,0.3595456531236348
0.03713411970292704,0.39930100480559194,0.2075141983398864,0.3560506771515946
0.03560439560439561,0.4004395604395604,0.2043956043956044,0.35956043956043954
0.03422222222222222,0.396,0.20755555555555555,0.3622222222222222
0.03749448610498456,0.38994265549183943,0.2121746801940891,0.3603881782090869
0.038955289951305885,0.38556883576803896,0.2098273572377158,0.3656485170429394
0.03718459495351926,0.3882248782647189,0.21248339973439576,0.3621071270473661
0.037283621837549935,0.3808255659121172,0.21260541500221927,0.3692853972481136
0.03801945181255526,0.376657824933687,0.20999115826702033,0.3753315649867374
0.03912087912087912,0.378021978021978,0.21494505494505495,0.3679120879120879
0.03724802804557406,0.3768624014022787,0.21297107800175286,0.3729184925503944
0.03666077738515901,0.379416961130742,0.21068904593639576,0.37323321554770317
0.03527336860670194,0.3853615520282187,0.2037037037037037,0.37566137566137564
0.035651408450704226,0.38380281690140844,0.20862676056338028,0.37191901408450706
0.03803626713843432,0.38257408226448475,0.20610349402919062,0.3732861565678903
0.03620309050772627,0.3836644591611479,0.21059602649006623,0.3695364238410596
0.037544169611307424,0.37720848056537104,0.20936395759717313,0.3758833922261484
0.03912087912087912,0.37758241758241756,0.2043956043956044,0.3789010989010989
0.041427941824592335,0.37946231820185106,0.20317320405464961,0.375936535918907
0.04271246147071774,0.3760457948040511,0.2047556142668428,0.3764861294583884
0.04648074369189907,0.37317397078353254,0.20097388224878265,0.3793714032757857
0.047723292469352016,0.3690893169877408,0.2000875656742557,0.38309982486865146
0.04766107678729038,0.3702559576345984,0.19726390114739628,0.3848190644307149
0.049289520426287745,0.3734458259325044,0.1980461811722913,0.37921847246891655
0.04918032786885246,0.3686309260079752,0.19539211342490032,0.386796632698272
0.05087719298245614,0.36973684210526314,0.19298245614035087,0.3864035087719298
0.054697838553153945,0.3670048522276136,0.1940891045434495,0.384208204675783
0.05364151766245094,0.3689489751417357,0.19363279546445705,0.3837767117313563
0.05560458958517211,0.36540158870255957,0.1941747572815534,0.3848190644307149
0.05401844532279315,0.3645147123407993,0.19411506368028106,0.38735177865612647
0.05383936451897617,0.35789938217122685,0.19593998234774934,0.39232127096204766
0.05218929677134011,0.35869084475895624,0.19814241486068113,0.39097744360902253
0.050727834142037936,0.3586237318041465,0.19761799735333038,0.3930304367004852
0.05191377034755829,0.3550373955125385,0.19533655961284646,0.39771227452705676
0.053475935828877004,0.34358288770053474,0.2000891265597148,0.4028520499108734
0.05694261936049058,0.34209373631187034,0.19316688567674112,0.40779675865089793
0.056219566179725546,0.3430721558211598,0.1899070385126162,0.41080123948649844
0.05690339655932951,0.3423026025584473,0.18967798853109838,0.4111160123511248
0.05567830313742819,0.34114007954043307,0.19001325673884226,0.41316836058329653
0.056678383128295255,0.3405096660808436,0.18453427065026362,0.4182776801405975
0.055212014134275615,0.3423144876325088,0.18639575971731448,0.4160777385159011
0.05509034817100044,0.33450859409431466,0.1877479065667695,0.4226531511679154
0.05312084993359894,0.33421868083222667,0.18813634351482958,0.42452412571934484
0.05567830313742819,0.32346442775077333,0.18868758285461776,0.4321696862571807
0.05861613045394447,0.31864257382106653,0.1864257382106655,0.4363155575143235
0.05884936319718929,0.3271848924022837,0.1888449714536671,0.4251207729468599
0.0599911777679753,0.3206881340979268,0.1905602117335686,0.42876047640052933
0.058823529411764705,0.3226514486391572,0.1900790166812994,0.42844600526777876
0.061018437225636525,0.3208955223880597,0.18568920105355574,0.43239683933274803
0.06316254416961131,0.31802120141342755,0.19081272084805653,0.4280035335689046
0.06548672566371681,0.3176991150442478,0.1836283185840708,0.4331858407079646
0.06427634455618715,0.31569742020113684,0.18583296895496285,0.43419326628771315
0.06147722246793454,0.3051747014595312,0.18752764263600177,0.4458204334365325
0.0586145648312611,0.30728241563055064,0.18605683836589698,0.4480461811722913
0.05595026642984014,0.30150976909413857,0.19094138543516873,0.4515985790408526
0.057155516171909615,0.29906956136464335,0.19273371732388125,0.4510412051395658
0.05851063829787234,0.29432624113475175,0.19148936170212766,0.45567375886524825
0.05934065934065934,0.2958241758241758,0.189010989010989,0.45582417582417584
0.06255468066491689,0.29702537182852146,0.189413823272091,0.4510061242344707
0.0630550621669627,0.29396092362344584,0.18872113676731794,0.45426287744227356
0.06539991162174105,0.2965090587715422,0.1855943437914273,0.45249668581528946
0.06285714285714286,0.2945054945054945,0.18593406593406595,0.4567032967032967
0.06652078774617068,0.2936542669584245,0.18424507658643327,0.45557986870897155
0.06398940864960283,0.2881729920564872,0.1884377758164166,0.45939982347749336
0.0627763041556145,0.28514588859416445,0.1874447391688771,0.46463306808134397
0.06334643949322849,0.2852774137177807,0.18785495849716033,0.4635211882918305
0.06521739130434782,0.2834960070984916,0.18944099378881987,0.4618456078083407
0.06285967242142541,0.2868525896414343,0.18592297476759628,0.46436476316954406
0.06330234617087206,0.28021248339973437,0.18902169101372288,0.4674634794156706
0.06610841780520053,0.2794182459233142,0.19083296606434552,0.4636403702071397
0.06557377049180328,0.2751439964554719,0.19406291537439077,0.4652193176783341
0.06578366445916115,0.27947019867549666,0.18852097130242826,0.46622516556291393
0.06919347730277656,0.2719259585720582,0.1886293521375055,0.4702512119876598
0.06895037329819939,0.2753623188405797,0.1844532279314888,0.4712340799297321
0.07079646017699115,0.2685840707964602,0.18849557522123894,0.4721238938053097
0.07252747252747253,0.258021978021978,0.19164835164835164,0.4778021978021978
0.07641921397379912,0.25633187772925764,0.1903930131004367,0.47685589519650656
0.07682119205298013,0.2653421633554084,0.18322295805739514,0.4746136865342163
0.08219780219780219,0.2589010989010989,0.18725274725274726,0.47164835164835167
0.08168642951251646,0.25384277558190604,0.19060166886253843,0.4738691260430391
0.08541392904073587,0.24879544459045116,0.19053876478318002,0.47525186158563293
0.08344312692138779,0.25120772946859904,0.19279754062362758,0.4725516029863856
0.0831858407079646,0.2504424778761062,0.19734513274336282,0.4690265486725664
0.08519982433025912,0.24593763724198506,0.19938515590689504,0.4694773825208608
0.08586525759577279,0.2426243945398503,0.19726992514310876,0.47424042272126815
0.08461877479065667,0.23358307624504188,0.19612163948876157,0.48567650947553986
0.08455068614431165,0.23063302346170872,0.19566179725542276,0.48915449313855686
0.08557565063961182,0.2329069254521394,0.18835465372739302,0.49316277018085575
0.08983347940403155,0.22480280455740578,0.18448729184925505,0.5008764241893077
0.08880994671403197,0.2246891651865009,0.1847246891651865,0.5017761989342806
0.08954565505072784,0.22099691221879136,0.18703131892368768,0.5024261138067931
0.08668730650154799,0.22025652366209642,0.1901813356921716,0.502874834144184
0.09158960810215765,0.21400264200792601,0.18978423601937472,0.5046235138705416
0.09580052493438321,0.2099737532808399,0.1889763779527559,0.505249343832021
0.09894459102902374,0.21152154793315744,0.1868953386103782,0.5026385224274407
0.09728308501314636,0.20245398773006135,0.18229623137598597,0.5179666958808063
0.10013175230566534,0.20421607378129117,0.18357487922705315,0.5120772946859904
0.09737991266375545,0.1978165938864629,0.18646288209606987,0.5183406113537118
0.09746328437917223,0.19626168224299065,0.1855807743658211,0.520694259012016
0.09902740937223696,0.1976127320954907,0.1812555260831123,0.52210433244916
0.09457092819614711,0.18957968476357268,0.17994746059544658,0.5359019264448336
0.09479717813051146,0.1865079365079365,0.17857142857142858,0.5401234567901234
0.09601052170100834,0.18588338448049102,0.17974572555896537,0.5383603682595353
0.09798775153105861,0.18285214348206474,0.18022747156605423,0.5389326334208224
0.09740840035746202,0.18319928507596067,0.18141197497765862,0.5379803395889187
0.09615384615384616,0.1778846153846154,0.18094405594405594,0.5450174825174825
0.10507726269315673,0.17527593818984546,0.1827814569536424,0.5368653421633555
0.10346339324857519,0.17623849188952215,0.1854449802718106,0.5348531345900921
0.10390179745725558,0.1714160455940377,0.18763700131521263,0.5370451556334941
0.10575221238938053,0.16858407079646018,0.1831858407079646,0.5424778761061947
0.10549645390070922,0.16533687943262412,0.17863475177304963,0.550531914893617
0.10887096774193548,0.1635304659498208,0.17697132616487454,0.5506272401433692
0.11184792219274978,0.16091954022988506,0.17064544650751548,0.5565870910698497
0.11278195488721804,0.15302963290579388,0.16806722689075632,0.5661211853162318
0.11619718309859155,0.1487676056338028,0.167693661971831,0.5673415492957746
0.11689457432730481,0.14336127040141156,0.1662990736656374,0.5734450816056462
0.11448701012769705,0.14751210920299426,0.1695288419198591,0.5684720387494496
0.1168141592920354,0.1504424778761062,0.16902654867256636,0.5637168141592921
0.11764705882352941,0.1468376824413976,0.16629809818664307,0.5692171605484299
0.11744084136722173,0.14329535495179668,0.16739702015775634,0.5718667835232253
0.11462450592885376,0.14800175669740886,0.16996047430830039,0.5674132630654369
0.11501316944688324,0.14925373134328357,0.16988586479367868,0.5658472344161545
0.11502864698104892,0.1494050242397532,0.16483032172763332,0.5707360070515646
0.11829375549692173,0.14995602462620933,0.15963060686015831,0.5721196130167107
0.11821366024518389,0.14579684763572678,0.16112084063047286,0.5748686514886164
0.11479028697571744,0.14657836644591613,0.1598233995584989,0.5788079470198676
0.12174680194089105,0.1407146007940009,0.15306572562858403,0.5844728716365241
0.12340799297321037,0.13746157224418093,0.15063680281071584,0.5884936319718929
0.12883435582822086,0.13496932515337423,0.15381244522348816,0.5823838737949167
0.12577502214348982,0.12887511071744906,0.1563330380868025,0.5890168290522586
0.12917398945518455,0.13268892794376097,0.15246045694200352,0.585676625659051
0.12461334511710119,0.1307998232434821,0.14847547503314185,0.5961113566062749
0.123500666370502,0.12972012438916036,0.14660151043980454,0.6001776988005331
0.12217795484727756,0.12616201859229748,0.14519698981850376,0.6064630367419213
0.1265217391304348,0.1291304347826087,0.14391304347826087,0.6004347826086956
0.12693498452012383,0.1251658558160106,0.14462627156125607,0.6032728881026095
0.12810283687943264,0.12234042553191489,0.14450354609929078,0.6050531914893617
0.12609841827768015,0.12214411247803164,0.13884007029876977,0.6129173989455184
0.1227452705675319,0.1271447426308843,0.13770347558293006,0.6124065112186537
0.1256567425569177,0.12259194395796848,0.13572679509632224,0.6160245183887916
0.13093145869947276,0.12697715289982425,0.13488576449912126,0.6072056239015817
0.12444246208742195,0.12845673505798394,0.1360392506690455,0.6110615521855486
0.11910013233348037,0.12792236435818263,0.14027348919276578,0.6127040141155713
0.12636165577342048,0.1259259259259259,0.134640522875817,0.6130718954248366
0.1227452705675319,0.12450505939287286,0.13022437307523096,0.6225252969643643
0.12005277044854881,0.12752858399296393,0.1284080914687775,0.6240105540897097
0.12317880794701987,0.12494481236203091,0.1280353200883002,0.623841059602649
0.12863436123348018,0.12555066079295155,0.1237885462555066,0.6220264317180617
0.1270815074496056,0.12094653812445223,0.1266432953549518,0.6253286590709903
0.12186537615486141,0.12318521777386714,0.12670479542454904,0.6282446106467224
0.1266548984995587,0.12180052956751986,0.1319505736981465,0.6195939982347749
0.1295971978984238,0.11427320490367776,0.1287215411558669,0.6274080560420315
0.13333333333333333,0.10977777777777778,0.13333333333333333,0.6235555555555555
0.13891323400525854,0.10823838737949168,0.12795793163891322,0.6248904469763366
0.1382042253521127,0.10827464788732394,0.12455985915492958,0.6289612676056338
0.15011037527593818,0.10728476821192053,0.11920529801324503,0.6233995584988963
0.14677276746242263,0.10256410256410256,0.11936339522546419,0.6312997347480106
0.14781834372217276,0.09884238646482636,0.12243989314336598,0.6308993766696349
0.15343915343915343,0.09656084656084656,0.1164021164021164,0.6335978835978836
0.15111695137976347,0.09811651335961455,0.11782742006132282,0.6329391151992991
0.1504424778761062,0.09513274336283185,0.11946902654867257,0.6349557522123894
0.15367871136264694,0.09577710056595559,0.12146277753591642,0.6290814105354811
0.15452151009657594,0.09701492537313433,0.12423178226514486,0.6242317822651449
0.15203900709219859,0.09929078014184398,0.11923758865248227,0.6294326241134752
0.1562363238512035,0.09934354485776806,0.11641137855579868,0.6280087527352297
0.15126416739319964,0.0959023539668701,0.11595466434176112,0.6368788142981692
0.15222173339199296,0.10206775186977562,0.11438627364716233,0.6313242410910691
0.1496028243601059,0.10061782877316858,0.11209179170344219,0.6376875551632833
0.15186500888099466,0.09680284191829484,0.11145648312611012,0.6398756660746003
0.1549977983267283,0.09467195068251871,0.11492734478203434,0.6354029062087186
0.15757042253521128,0.09595070422535211,0.10959507042253522,0.6368838028169014
0.16066725197541704,0.09482001755926252,0.10798946444249341,0.636523266022827
0.16212653778558875,0.09578207381370826,0.10764499121265378,0.6344463971880492
0.164079822616408,0.09667405764966741,0.10864745011086474,0.6305986696230599
0.16556291390728478,0.09624724061810154,0.10949227373068433,0.6286975717439294
0.16571928290336685,0.10013117621337997,0.10756449497157848,0.6265850459116746
0.16134674245736774,0.09619588981198077,0.10668998688237866,0.6357673808482729
0.16405570060922542,0.10095735422106179,0.10400348128807659,0.6309834638816362
0.16541353383458646,0.10570544007076514,0.10039805395842548,0.628482972136223
0.167693661971831,0.10255281690140845,0.10079225352112677,0.6289612676056338
0.16762240846934273,0.1023378914865461,0.09969122187913543,0.6303484781649757
0.16688625384277558,0.10057092665788318,0.09969257795344752,0.6328502415458938
0.16821192052980133,0.10022075055187638,0.10463576158940398,0.6269315673289183
0.1691498685363716,0.09815950920245399,0.10955302366345311,0.6231375985977213
0.1701098901098901,0.10021978021978022,0.11164835164835164,0.618021978021978
0.1769095697980685,0.10052677787532924,0.1093064091308165,0.6132572431957858
0.17719298245614035,0.10307017543859649,0.1074561403508772,0.612280701754386
0.17667689609820253,0.10039456378781236,0.1060938185006576,0.6168347216133275
0.1768857520952801,0.10013233348037054,0.10366122629025143,0.6193206881340979
0.17915742793791575,0.09711751662971176,0.10288248337028826,0.6208425720620843
0.1824175824175824,0.09406593406593407,0.1010989010989011,0.6224175824175824
0.17708788806296458,0.09619588981198077,0.10275470048097946,0.6239615216440753
0.1802916482545294,0.09456473707467963,0.10649580203269995,0.618647812638091
0.18121693121693122,0.09611992945326278,0.10758377425044091,0.6150793650793651
0.18314855875831484,0.09889135254988914,0.11086474501108648,0.6070953436807095
0.1861184792219275,0.09416445623342175,0.10477453580901856,0.6149425287356322
0.1878059635068981,0.09123275478415666,0.10146862483311081,0.6194926568758344
0.18546255506607928,0.09383259911894273,0.10396475770925111,0.6167400881057269
0.18824569155987628,0.09368095448519664,0.1034025629695095,0.6146707909854175
0.1822594880847308,0.09841129744042365,0.10194174757281553,0.6173874669020301
0.18564466105449712,0.0921577315019938,0.09836065573770492,0.6238369517058041
0.18708536045997345,0.08978328173374613,0.09862892525431226,0.6245024325519681
0.18520159503766062,0.09127159946832078,0.09260079751883031,0.6309260079751883
0.18914185639229422,0.09063047285464099,0.09588441330998249,0.6243432574430823
0.18673110720562391,0.08919156414762741,0.09402460456942004,0.6300527240773286
0.19169611307420495,0.09010600706713781,0.09319787985865724,0.625
0.19285083848190646,0.09355692850838482,0.08870255957634599,0.6248896734333628
0.18953386103781883,0.0932277924362357,0.0870712401055409,0.6301671064204045
0.1893542757417103,0.08944153577661432,0.08987783595113438,0.631326352530541
0.19210292812777285,0.09050576752440107,0.08917480035492457,0.6282165039929015
0.18846323205636284,0.09158960810215765,0.08938793483047115,0.6305592250110084
0.189010989010989,0.09362637362637363,0.090989010989011,0.6263736263736264
0.1868374558303887,0.09761484098939929,0.0896643109540636,0.6258833922261484
0.19095697980684812,0.10052677787532924,0.08647936786654961,0.6220368744512731
0.19157427937915744,0.10022172949002217,0.08337028824833703,0.6248337028824834
0.195326278659612,0.10405643738977072,0.08245149911816578,0.6181657848324515
0.18908122503328895,0.10297381269418553,0.08122503328894808,0.6267199289835774
0.19093708754949407,0.10206775186977562,0.0818301803783546,0.6251649802023758
0.19187062937062938,0.10052447552447552,0.0826048951048951,0.625
0.19235836627140976,0.09837505489679403,0.08388230127360562,0.6253842775581906
0.1891651865008881,0.09902309058614565,0.08348134991119005,0.6283303730017762
0.18565772107347117,0.08886933567971843,0.08886933567971843,0.636603607567092
0.18644818423383525,0.08990256864481842,0.08901682905225863,0.6346324180690877
0.18197879858657243,0.0892226148409894,0.08745583038869258,0.6413427561837456
0.18435998252512015,0.08693752730449979,0.08824814329401486,0.6404543468763653
0.1898846495119787,0.08163265306122448,0.08961845607808341,0.6388642413487134
0.19155420113191118,0.08228123639529822,0.08794079233783196,0.6382237701349587
0.19964896884598507,0.07898200965335674,0.08512505484861782,0.6362439666520404
0.19771025979744605,0.08102157639806253,0.08630559225011009,0.6349625715543813
0.20070733863837312,0.08532272325375774,0.08178603006189213,0.632183908045977
0.20566121185316233,0.08403361344537816,0.07695709862892526,0.6333480760725343
0.20642605633802816,0.0801056338028169,0.07746478873239436,0.6360035211267606
0.2072470172337605,0.07909854175872735,0.07688908528501988,0.6367653557224923
0.20636998254799302,0.07635253054101222,0.07635253054101222,0.6409249563699826
0.206805125939019,0.08042421564295184,0.07467962881131242,0.6380910296067167
0.2010652463382157,0.08388814913448735,0.07412339103417666,0.6409232134931203
0.20397350993377483,0.08609271523178808,0.07770419426048565,0.6322295805739514
0.20157411456055968,0.08788806296458242,0.07826847398338435,0.6322693484914735
0.20193576770787505,0.08974923009238892,0.07831060272767268,0.6300043994720633
0.202113606340819,0.09026860413914575,0.07881990312637605,0.6287978863936592
0.20061322820849758,0.08979413053000437,0.08234778799824792,0.6272448532632501
0.20644022937803264,0.08734009704455227,0.08425231583590649,0.6219673577415086
0.20650263620386644,0.09226713532513181,0.07996485061511424,0.6212653778558875
0.20903454384410983,0.09211691762621789,0.07705934455270151,0.6217891939769707
0.2113857016769638,0.09002647837599294,0.08031774051191527,0.618270079435128
0.20585625554569653,0.08917480035492457,0.08118899733806566,0.6237799467613132
0.20912715994683206,0.09127159946832078,0.07975188303057155,0.6198493575542756
0.2088635366388767,0.09302325581395349,0.07942079859587538,0.6186924089512944
0.20802115469369767,0.09078889378580873,0.07888937858087264,0.6223005729396209
0.2112676056338028,0.08934859154929578,0.07834507042253522,0.6210387323943662
0.20599911777679752,0.0917512130569034,0.0776356418173798,0.6246140273489192
0.2118270079435128,0.0970873786407767,0.0763459841129744,0.6147396293027361
0.2138200782268579,0.09474141677531508,0.07735767057800956,0.6140808344198174
0.2091791703442189,0.0939982347749338,0.07766990291262135,0.619152691968226
0.2066115702479339,0.09482383645063071,0.07612005219660722,0.6224445411048282
0.2077125328659071,0.09553023663453111,0.0736196319018405,0.6231375985977213
0.20097388224878265,0.09473218238158478,0.0796812749003984,0.6246126604692341
0.2003491924923614,0.09340899170667831,0.0798777826276735,0.6263640331732868
0.20624450307827616,0.09146877748460862,0.07959542656112577,0.6226912928759895
0.2,0.09162995594713656,0.08149779735682819,0.6268722466960353
0.20282810428634557,0.0905877154220062,0.08395934600088378,0.6226248342907644
0.20254274441034634,0.08505041648399825,0.08505041648399825,0.6273564226216571
0.20410839160839161,0.08085664335664336,0.08784965034965035,0.6271853146853147
0.20052539404553416,0.08362521891418565,0.08581436077057793,0.6300350262697023
0.2026315789473684,0.0824561403508772,0.08026315789473684,0.6346491228070176
0.204162976085031,0.08547387068201949,0.07927369353410098,0.6310894596988486
0.202113606340819,0.08146191105239982,0.08146191105239982,0.6349625715543813
0.19727592267135324,0.08260105448154657,0.08084358523725835,0.6392794376098418
0.19630281690140844,0.07790492957746478,0.08230633802816902,0.6434859154929577
0.20307017543859648,0.07719298245614035,0.08289473684210526,0.6368421052631579
0.19717688575209527,0.07587119541243935,0.08557565063961182,0.6413762681958536
0.20367936925098554,0.07928164695575997,0.08541392904073587,0.6316250547525186
0.20568927789934355,0.08052516411378556,0.08490153172866521,0.6288840262582057
0.20552147239263804,0.08106923751095531,0.08545135845749342,0.6279579316389132
0.20688134097926775,0.0780767534186149,0.08425231583590649,0.6307895897662108
0.19964973730297722,0.07837127845884413,0.08581436077057793,0.6361646234676007
0.19796730004418914,0.08086610693769333,0.09191338930623066,0.6292532037118869
0.19306049822064056,0.08274021352313167,0.08896797153024912,0.6352313167259787
0.19955947136563876,0.0841409691629956,0.086784140969163,0.6295154185022026
0.20078740157480315,0.08661417322834646,0.09142607174103237,0.621172353455818
0.1996527777777778,0.0881076388888889,0.08984375,0.6223958333333334
0.19568091670339358,0.08946672542970471,0.08946672542970471,0.625385632437197
0.19424778761061948,0.08539823008849558,0.08672566371681416,0.6336283185840708
0.20097604259094942,0.08074534161490683,0.08207630878438332,0.6362023070097604
0.1983252534156016,0.08153371529308065,0.08373732921992066,0.6364037020713971
0.2,0.08035320088300221,0.08874172185430464,0.6309050772626932
0.1997366110623354,0.07989464442493416,0.08779631255487269,0.6325724319578577
0.20061457418788411,0.0733099209833187,0.08867427568042142,0.6374012291483757
0.19858469703670942,0.07607253427686864,0.08978328173374613,0.6355594869526758
0.20169189670525378,0.07346393588601959,0.09349955476402494,0.6313446126447017
0.20307692307692307,0.07296703296703297,0.0945054945054945,0.6294505494505495
0.19482229047827995,0.07942079859587538,0.09302325581395349,0.6327336551118912
0.19329214474845544,0.0820829655781112,0.08914386584289496,0.6354810238305384
0.20140721196130168,0.0822339489885664,0.08883025505716799,0.627528583992964
0.20282186948853614,0.07848324514991181,0.08509700176366843,0.6335978835978836
0.20632133450395082,0.07769973661106233,0.08516242317822652,0.6308165057067603
0.20507214691735898,0.080017490161784,0.08701355487538259,0.6278968080454744
0.20947741364038971,0.07617360496014172,0.08370239149689991,0.6306465899025686
0.21631205673758866,0.07934397163120567,0.08333333333333333,0.6210106382978723
0.21557413110426749,0.075230972283326,0.08446986361636603,0.6247250329960404
0.20805666223992916,0.07613988490482515,0.08543603364320496,0.6303674192120408
0.2074235807860262,0.07729257641921397,0.08558951965065502,0.6296943231441048
0.2072470172337605,0.07954043305346885,0.09102960671674767,0.622182942996023
0.20954907161803712,0.08178603006189213,0.08885941644562334,0.6198054818744474
0.20405464962538564,0.07800793301013663,0.09122961657117673,0.626707800793301
0.2067435669920142,0.080301685891748,0.08828748890860692,0.6246672582076309
0.20634920634920634,0.07539682539682539,0.09303350970017636,0.6252204585537919
0.20326278659611993,0.0736331569664903,0.09479717813051146,0.6283068783068783
0.20307692307692307,0.07296703296703297,0.09318681318681318,0.6307692307692307
0.20395604395604397,0.07384615384615385,0.0945054945054945,0.6276923076923077
0.20319432120674358,0.06921029281277728,0.09538598047914817,0.632209405501331
0.20368744512730466,0.0697980684811238,0.09657594381035997,0.6299385425812116
0.2044658493870403,0.07224168126094571,0.09413309982486866,0.6291593695271454
0.20489296636085627,0.072520751419834,0.09611183923110529,0.6264744429882044
0.20496083550913838,0.07658833768494343,0.0926892950391645,0.6257615317667538
0.20573951434878587,0.07770419426048565,0.08962472406181016,0.6269315673289183
0.2073330423395897,0.07682234831951112,0.09384548232213008,0.6219991270187691
0.20805957074025405,0.08147174770039421,0.09023215067893123,0.6202365308804205
0.20944741532976827,0.08199643493761141,0.09135472370766488,0.6172014260249554
0.2124283825473777,0.08638166593212869,0.08946672542970471,0.6117232260907889
0.208680403331872,0.08811924594476107,0.09031126698816308,0.6128890837352039
0.2107329842931937,0.09031413612565445,0.08944153577661432,0.6095113438045375
0.2086457873842082,0.08954565505072784,0.08734009704455227,0.6144684605205117
0.20783795684720388,0.09026860413914575,0.08278291501541171,0.6191105239982386
0.20246478873239437,0.09066901408450705,0.08362676056338028,0.6232394366197183
0.2043152796125055,0.09291061206516953,0.07881990312637605,0.6239542051959489
0.20242214532871972,0.08996539792387544,0.07785467128027682,0.629757785467128
0.20395604395604397,0.09274725274725275,0.07296703296703297,0.6303296703296704
0.2127566622979467,0.08868501529051988,0.07121013543031891,0.6273481869812145
0.21422338568935428,0.08158813263525305,0.07198952879581152,0.6321989528795812
0.21465968586387435,0.09075043630017451,0.06849912739965096,0.6260907504363001
0.2101133391455972,0.09154315605928509,0.06974716652136007,0.6285963382737576
0.21579876434245365,0.09046778464254192,0.07193292144748456,0.6218005295675199
0.2146319964742177,0.08814455707360071,0.07360070515645659,0.623622741295725
0.21221441124780316,0.08655536028119508,0.0773286467486819,0.6239015817223199
0.2118421052631579,0.0837719298245614,0.07719298245614035,0.6271929824561403
0.2149737302977233,0.08669001751313485,0.07837127845884413,0.6199649737302977
0.21560035056967572,0.0845749342681858,0.07800175284837861,0.6218229623137599
0.2202118270079435,0.08340688437775816,0.07722859664607237,0.619152691968226
0.2214941022280472,0.08038444735692442,0.07863695937090433,0.6194844910441241
0.21999127018769096,0.08336970755128764,0.07900480139676996,0.6176342208642515
0.21767810026385223,0.0853122251539138,0.079155672823219,0.617854001759015
0.21710526315789475,0.0837719298245614,0.08289473684210526,0.6162280701754386
0.22119205298013245,0.08344370860927153,0.08211920529801324,0.6132450331125828
0.2167985927880387,0.08575197889182058,0.079155672823219,0.6182937554969217
0.2151060070671378,0.08436395759717315,0.07950530035335689,0.6210247349823321
0.2117750439367311,0.08479789103690685,0.07820738137082602,0.625219683655536
0.21710234824988922,0.07975188303057155,0.08019494904740807,0.6229508196721312
0.22055580061755625,0.08292898103220114,0.08028231142479048,0.6162329069254522
0.22120017520805957,0.08453788874288218,0.07796758650897942,0.6162943495400789
0.22178130511463845,0.08024691358024691,0.07804232804232804,0.6199294532627866
0.21925601750547047,0.08402625820568928,0.07833698030634573,0.6183807439824945
0.21665928223305272,0.08373947718210013,0.07709348692955251,0.6225077536552946
0.22430741733690795,0.08132260947274352,0.07819481680071493,0.6161751563896336
0.21403353927625773,0.07811120917917035,0.07811120917917035,0.6297440423654016
0.2119205298013245,0.08344370860927153,0.07682119205298013,0.6278145695364239
0.208642514185945,0.08249672632038411,0.0772588389349629,0.631601920558708
0.2119613016710642,0.08355321020228672,0.07343887423043095,0.6310466138962181
0.21231043710972347,0.08831400535236396,0.07270294380017842,0.6266726137377342
0.21650399290150843,0.0834072759538598,0.06965394853593611,0.6304347826086957
0.2198768689533861,0.08267370272647317,0.07167985927880387,0.6257695690413368
0.2221246707638279,0.08077260755048288,0.07067603160667252,0.6264266900790166
0.22458943630714603,0.08033732800710164,0.07057256990679095,0.6245006657789614
0.22276350752878654,0.08281665190434012,0.07440212577502214,0.6200177147918512
0.22800875273522975,0.08358862144420132,0.07352297592997811,0.6148796498905909
0.21832529592284086,0.08855765015344147,0.07365190705830776,0.6194651468654099
0.22306322350845947,0.08682101513802315,0.07658058771148708,0.6135351736420303
0.22090469916556874,0.09090909090909091,0.07597716293368467,0.6122090469916557
0.21788689171416045,0.08943445857080227,0.07715914072775099,0.6155195089872862
0.21839080459770116,0.08885941644562334,0.07648099027409372,0.6162687886825818
0.21512898994315696,0.08832531700918234,0.08132925229558373,0.6152164407520769
0.21456779289161912,0.088635366388767,0.07942079859587538,0.6173760421237385
0.21031746031746032,0.09215167548500881,0.08289241622574955,0.6146384479717814
0.21336874723328905,0.08942009738822487,0.08366533864541832,0.6135458167330677
0.21409807355516638,0.0893169877408056,0.08493870402802102,0.611646234676007
0.21610915492957747,0.08582746478873239,0.08274647887323944,0.6153169014084507
0.21539141972578504,0.08226448474126492,0.08359133126934984,0.6187527642636002
0.2181266261925412,0.08629661751951431,0.08065915004336513,0.6149176062445794
0.21656333038086803,0.08325952170062002,0.08724534986713905,0.6129317980513729
0.2235861464270057,0.08066637439719421,0.08768084173608066,0.6080666374397194
0.22591943957968477,0.0862521891418564,0.08669001751313485,0.601138353765324
0.22484689413823272,0.08792650918635171,0.08617672790901137,0.6010498687664042
0.22805469783855314,0.0846934274371416,0.08513453903837671,0.6021173356859285
0.23002207505518762,0.08609271523178808,0.08830022075055188,0.5955849889624724
0.22436459246275198,0.0880806310254163,0.0845749342681858,0.6029798422436459
0.2207735767057801,0.08822251195132551,0.08300738809213386,0.6079965232507606
0.2212041884816754,0.09293193717277487,0.08420593368237347,0.6016579406631762
0.21872265966754156,0.09536307961504811,0.08398950131233596,0.6019247594050744
0.21865376154861416,0.09370875494940607,0.08710954685437748,0.6005279366476023
0.22435617634220864,0.09733740724574422,0.08555216062854648,0.5927542557835006
0.21941489361702127,0.0975177304964539,0.09042553191489362,0.5926418439716312
0.2267313630348478,0.09395677106307895,0.08425231583590649,0.5950595500661667
0.22555066079295155,0.0933920704845815,0.08061674008810572,0.6004405286343613
0.2244355909694555,0.09207613988490483,0.07835325365205843,0.6051350154935813
0.22182942996022978,0.0967741935483871,0.0760053026955369,0.6053910737958462
0.2234513274336283,0.09867256637168141,0.07699115044247788,0.6008849557522123
0.22197993894461404,0.10074138682948103,0.07413868294810293,0.603139991277802
0.22951541850220264,0.0986784140969163,0.07268722466960352,0.5991189427312775
0.2292768959435626,0.09611992945326278,0.07407407407407407,0.6005291005291006
0.22860903905221588,0.09477841158402808,0.0741553312856516,0.6024572180781045
0.2324465765372874,0.09419973833406019,0.07675534234627127,0.5965983427823811
