C,D,Oc,Od
0.0,1.0,0.0,0.0
0.6666666666666666,0.3333333333333333,0.0,0.0
0.5,0.0,0.0,0.5
0.5,0.0,0.0,0.5
0.3333333333333333,0.0,0.0,0.6666666666666666
0.2222222222222222,0.0,0.0,0.7777777777777778
0.2727272727272727,0.0,0.0,0.7272727272727273
0.3076923076923077,0.0,0.0,0.6923076923076923
0.3333333333333333,0.0,0.0,0.6666666666666666
0.2962962962962963,0.0,0.037037037037037035,0.6666666666666666
0.2727272727272727,0.0,0.030303030303030304,0.696969696969697
0.2,0.0,0.05,0.75
0.2549019607843137,0.0,0.0392156862745098,0.7058823529411765
0.22413793103448276,0.0,0.05172413793103448,0.7241379310344828
0.19696969696969696,0.0,0.045454545454545456,0.7575757575757576
0.2,0.0,0.04285714285714286,0.7571428571428571
0.23076923076923078,0.0,0.038461538461538464,0.7307692307692307
0.21875,0.010416666666666666,0.020833333333333332,0.75
0.21568627450980393,0.00980392156862745,0.0196078431372549,0.7549019607843137
0.226890756302521,0.0,0.025210084033613446,0.7478991596638656
0.22388059701492538,0.007462686567164179,0.022388059701492536,0.746268656716418
0.20945945945945946,0.013513513513513514,0.02702702702702703,0.75
0.2,0.01875,0.04375,0.7375
0.20855614973262032,0.026737967914438502,0.0374331550802139,0.7272727272727273
0.21359223300970873,0.02912621359223301,0.04854368932038835,0.7087378640776699
0.2119815668202765,0.041474654377880185,0.05069124423963134,0.695852534562212
0.2074688796680498,0.03319502074688797,0.06639004149377593,0.6929460580912863
0.2076923076923077,0.038461538461538464,0.06153846153846154,0.6923076923076923
0.20945945945945946,0.04054054054054054,0.06756756756756757,0.6824324324324325
0.20625,0.040625,0.084375,0.66875
0.20930232558139536,0.0436046511627907,0.09302325581395349,0.6540697674418605
0.2,0.05194805194805195,0.08831168831168831,0.6597402597402597
0.20554272517321015,0.05542725173210162,0.09699769053117784,0.6420323325635104
0.21638655462184875,0.06512605042016807,0.11134453781512606,0.6071428571428571
0.2265625,0.068359375,0.123046875,0.58203125
0.23345588235294118,0.07536764705882353,0.13786764705882354,0.5533088235294118
0.2305084745762712,0.08135593220338982,0.1271186440677966,0.5610169491525424
0.2158154859967051,0.08731466227347612,0.13673805601317957,0.5601317957166392
0.2042360060514372,0.0907715582450832,0.15431164901664146,0.5506807866868382
0.21052631578947367,0.08961593172119488,0.15789473684210525,0.5419630156472262
0.2210242587601078,0.0862533692722372,0.16981132075471697,0.522911051212938
0.2331288343558282,0.08220858895705521,0.16441717791411042,0.5202453987730061
0.24274099883855982,0.08826945412311266,0.15911730545876887,0.5098722415795587
0.25405405405405407,0.0918918918918919,0.16648648648648648,0.4875675675675676
0.26153846153846155,0.08923076923076922,0.1764102564102564,0.4728205128205128
0.25925925925925924,0.09401709401709402,0.17473884140550808,0.47198480531813863
0.26258992805755393,0.09172661870503597,0.17805755395683454,0.4676258992805755
0.2616822429906542,0.09430756159728122,0.17672047578589634,0.4672897196261682
0.2643957826439578,0.09813463098134631,0.18329278183292783,0.45417680454176806
0.27216174183514774,0.10497667185069985,0.1734059097978227,0.4494556765163297
0.27976190476190477,0.11011904761904762,0.17633928571428573,0.4337797619047619
0.2850035536602701,0.10803127221037669,0.17270788912579957,0.43425728500355365
0.29380053908355797,0.10646900269541779,0.17318059299191374,0.42654986522911054
0.29377431906614787,0.10894941634241245,0.1835278858625162,0.41374837872892345
0.2916666666666667,0.10945273631840796,0.1853233830845771,0.4135572139303483
0.29778310365488314,0.11084481725584182,0.18214499700419412,0.4092270820850809
0.3047945205479452,0.11700913242009132,0.17579908675799086,0.4023972602739726
0.3118279569892473,0.11544991511035653,0.1697792869269949,0.4029428409734012
0.313091922005571,0.11364902506963788,0.181058495821727,0.39220055710306406
0.3085279739272135,0.11787072243346007,0.1830526887561108,0.39054861488321563
0.31648235913638756,0.12006319115323855,0.18588730911005794,0.37756714060031593
0.31584415584415587,0.1225974025974026,0.17766233766233766,0.3838961038961039
0.31769505354411015,0.1223865374808771,0.18408975012748596,0.37582865884752675
0.314713216957606,0.1256857855361596,0.18653366583541148,0.37306733167082295
0.3146341463414634,0.12975609756097561,0.18097560975609756,0.3746341463414634
0.3072789447972643,0.13190034196384953,0.18221787982413287,0.3786028334147533
0.3153326904532305,0.13018322082931533,0.18081002892960463,0.37367405978784957
0.3172709923664122,0.13120229007633588,0.18797709923664122,0.36354961832061067
0.31377188831045905,0.13014671083767157,0.18930430667297682,0.3667770941788926
0.3161381921438713,0.12920018930430668,0.1869380028395646,0.3677236157122575
0.3067860508953817,0.13383600377002827,0.1875589066918002,0.3718190386427898
0.3064971751412429,0.1379472693032015,0.1869114877589454,0.3686440677966102
0.3036133270764899,0.1351478179258564,0.18535898639136555,0.37587986860628814
0.29990671641791045,0.13246268656716417,0.18330223880597016,0.3843283582089552
0.29600371747211895,0.13429368029739777,0.18633828996282528,0.383364312267658
0.2962621135209968,0.13105676049838486,0.1915089986155976,0.38117212736502076
0.2997711670480549,0.1299771167048055,0.19679633867276888,0.3734553775743707
0.29541284403669726,0.12614678899082568,0.19311926605504587,0.3853211009174312
0.29095915557595226,0.13171179440110142,0.19779715465810005,0.3795318953648463
0.2925170068027211,0.1328798185941043,0.2,0.3746031746031746
0.29945305378304465,0.13081130355515042,0.195077484047402,0.37465815861440294
0.29490124023886083,0.13183279742765272,0.19246669728984842,0.38079926504363804
0.2905311778290993,0.1330254041570439,0.19676674364896074,0.37967667436489605
0.28960739030023097,0.13394919168591224,0.19491916859122402,0.3815242494226328
0.2948134667879891,0.13193812556869883,0.19199272065514103,0.3812556869881711
0.29538180155464105,0.13443072702331962,0.18747142203932327,0.38271604938271603
0.29240037071362374,0.133920296570899,0.18257645968489342,0.3911028730305839
0.2933579335793358,0.136070110701107,0.18404059040590406,0.3865313653136531
0.28980156898938625,0.137978772496539,0.17812644208583295,0.3940932164282418
0.30077590141487903,0.13327247832040165,0.17480602464628023,0.3911455956184391
0.29095915557595226,0.13584212941716384,0.17622762735199632,0.3969710876548876
0.29400921658986173,0.1382488479262673,0.1737327188940092,0.39400921658986177
0.2846715328467153,0.14279197080291972,0.17062043795620438,0.40191605839416056
0.2920475319926874,0.1329981718464351,0.1736745886654479,0.4012797074954296
0.289652056032535,0.1360144600090375,0.1789426118391324,0.3953908721192951
0.2957553628480146,0.13144682793245094,0.18393427658603378,0.3888635326335007
0.29250457038391225,0.1293418647166362,0.18144424131627057,0.396709323583181
0.29369042215161145,0.135724012709941,0.18293236495687698,0.38765320018157057
0.2872098315885298,0.1356395084205735,0.18297678652708238,0.3941738734638143
0.29153318077803203,0.13318077803203662,0.17848970251716248,0.39679633867276887
0.29196750902527074,0.13041516245487364,0.17915162454873645,0.39846570397111913
0.29425182481751827,0.12773722627737227,0.17974452554744524,0.3982664233576642
0.29716117216117216,0.13095238095238096,0.18315018315018314,0.38873626373626374
0.30087276067983465,0.1322921451538815,0.17868626550298575,0.38814882866329814
0.29733455882352944,0.1332720588235294,0.18060661764705882,0.38878676470588236
0.2977064220183486,0.13073394495412843,0.1853211009174312,0.38623853211009174
0.298372513562387,0.1256781193490054,0.17766726943942135,0.39828209764918626
0.30179145613229214,0.1249425815342214,0.17960496095544326,0.39366100137804316
0.30336560627017056,0.12448132780082988,0.18211157215306592,0.3900414937759336
0.30414746543778803,0.12211981566820276,0.1792626728110599,0.39447004608294933
0.3090992226794696,0.11751257430269776,0.1755829903978052,0.39780521262002744
0.31097841065686727,0.12448323380799264,0.17547083141938447,0.3890675241157556
0.31189264229523367,0.12725590004627488,0.16890328551596484,0.3919481721425266
0.3132808884775567,0.11938917167977788,0.17538176770013883,0.3919481721425266
0.31595940959409596,0.12269372693726938,0.17158671586715868,0.38976014760147604
0.30384967919340056,0.12190650779101742,0.17140238313473877,0.40284142988084326
0.31658986175115206,0.11797235023041475,0.1737327188940092,0.391705069124424
0.31503024662633783,0.12191717077710564,0.17356910190786412,0.38948348068869243
0.31520223152022314,0.1199442119944212,0.17480241748024175,0.3900511390051139
0.3170955882352941,0.125,0.16636029411764705,0.3915441176470588
0.31946370781322236,0.12575127138233935,0.1687471104946833,0.386037910309755
0.32087511394712853,0.13126709206927986,0.16773017319963537,0.38012762078395623
0.32299861175381767,0.12679315131883387,0.17538176770013883,0.37482646922720964
0.3176579068695251,0.12540341171046565,0.17381281696634393,0.3831258644536653
0.3170731707317073,0.12931431201104465,0.17257248044178555,0.3810400368154625
0.31725079654073735,0.1251706873008648,0.17432862994993173,0.3832498862084661
0.32215073529411764,0.12775735294117646,0.17784926470588236,0.37224264705882354
0.3187471211423307,0.1381851681252879,0.17227084292952557,0.3707968678028558
0.3176631675034231,0.14057507987220447,0.17024189867640346,0.37151985394796894
0.3161290322580645,0.13870967741935483,0.17603686635944701,0.36912442396313366
0.3192966219342897,0.14160111059694586,0.16982878297084683,0.36927348449791764
0.3140877598152425,0.14503464203233257,0.16489607390300232,0.3759815242494226
0.3101702715140359,0.140819144040497,0.17073170731707318,0.3782788771283939
0.302781577747378,0.1404468764249886,0.17373461012311903,0.38303693570451436
0.2998624484181568,0.14030261348005502,0.17148097203117835,0.3883539660706098
0.30466605672461117,0.14501372369624885,0.16468435498627632,0.3856358645928637
0.3140074211502783,0.13543599257884972,0.16001855287569575,0.39053803339517623
0.3173873045078197,0.13247470101195952,0.15363385464581417,0.39650413983440663
0.3191787214185721,0.13065795613625758,0.1572561829211386,0.3929071395240317
0.32124593212459324,0.1306369130636913,0.15295211529521152,0.39516503951650395
0.32164009111617314,0.12801822323462414,0.14715261958997722,0.4031890660592255
0.3206176203451408,0.12806539509536785,0.14577656675749318,0.4055404178019982
0.31602914389799636,0.12887067395264118,0.14981785063752276,0.40528233151183973
0.3198177676537585,0.1275626423690205,0.1489749430523918,0.40364464692482915
0.31230140717203814,0.12392192464820699,0.14888788016341353,0.4148887880163413
0.31012070566388117,0.12116991643454039,0.14623955431754876,0.42246982358402974
0.3026376677464137,0.12447940768162888,0.14807959278111985,0.42480333179083757
0.3037511436413541,0.12259835315645014,0.14775846294602013,0.42589204025617566
0.30193905817174516,0.12280701754385964,0.1523545706371191,0.4228993536472761
0.3042071197411003,0.1211280628756357,0.15349052242256125,0.42117429496070274
0.29732225300092335,0.12419205909510618,0.15189289012003693,0.4265927977839335
0.3002754820936639,0.12258953168044077,0.14692378328741965,0.43021120293847565
0.30385487528344673,0.12607709750566892,0.1414965986394558,0.42857142857142855
0.3070294784580499,0.1251700680272109,0.14058956916099774,0.4272108843537415
0.3121308496138119,0.12221717401181281,0.1449341208541572,0.42071785552021806
0.310630464795214,0.1237919926369075,0.14680165669581224,0.41877588587206627
0.31513761467889906,0.12660550458715597,0.13807339449541284,0.42018348623853213
0.32387923147301007,0.12305580969807868,0.13403476669716377,0.41903019213174747
0.32496576905522595,0.1204929256047467,0.13509812870835236,0.419443176631675
0.3241632278771206,0.12379642365887207,0.13434204493351673,0.4176983035304906
0.3241505968778696,0.12258953168044077,0.1349862258953168,0.4182736455463728
0.3212316176470588,0.12454044117647059,0.1332720588235294,0.4209558823529412
0.3230980751604033,0.1232813932172319,0.1388634280476627,0.41475710357470214
0.3282028066998642,0.12041647804436396,0.13852421910366683,0.412856496152105
0.323516085183507,0.1169007702763933,0.14363389216130493,0.41594925237879476
0.32019927536231885,0.11503623188405797,0.14175724637681159,0.4230072463768116
0.32088208820882086,0.11701170117011701,0.13861386138613863,0.4234923492349235
0.3194945848375451,0.12048736462093863,0.13628158844765342,0.42373646209386284
0.3238738738738739,0.11981981981981982,0.13288288288288289,0.42342342342342343
0.32537178909418657,0.12302839116719243,0.13970256872465076,0.41189725101397023
0.325262677021471,0.12380082229328461,0.13841936957514847,0.4125171311100959
0.3203089504770559,0.1263062244434348,0.1412994093593821,0.4120854157201272
0.31992769995481246,0.1211025756891098,0.1396294622684139,0.4193402620876638
0.3255387436955525,0.12517193947730398,0.13984410820724438,0.40944520861989914
0.323435358611238,0.12334399269072636,0.14116034719049794,0.4120603015075377
0.3211177278973889,0.12414109024278516,0.13925790196976637,0.41548327989005956
0.3239241092086997,0.11938917167977788,0.14160111059694586,0.4150856085145766
0.3229842446709917,0.12187210379981464,0.1376274328081557,0.417516218721038
0.3242619926199262,0.1231549815498155,0.13191881918819187,0.42066420664206644
0.3202402957486137,0.12430683918669132,0.12707948243992606,0.42837338262476893
0.32072892938496583,0.12482915717539864,0.12482915717539864,0.4296127562642369
0.32472826086956524,0.12454710144927536,0.12454710144927536,0.42617753623188404
0.33181611288120166,0.11788802913063268,0.1292671825216204,0.42102867546654527
0.3227127901684115,0.12152935821574874,0.1251706873008648,0.43058716431497496
0.3219178082191781,0.11963470319634703,0.12191780821917808,0.4365296803652968
0.3234893230349841,0.12176283507496592,0.11949114039073148,0.4352567014993185
0.3215258855585831,0.1226158038147139,0.12034514078110808,0.4355131698455949
0.3226837060702875,0.11912368781378366,0.11866727521679599,0.4395253308991328
0.33017163504968383,0.11065943992773261,0.12014453477868112,0.43902439024390244
0.3220872694556905,0.10976158344579397,0.12010796221322537,0.44804318488529016
0.32212630622444344,0.1113130395274875,0.12358019082235347,0.44298046342571556
0.327115559599636,0.11237488626023658,0.1205641492265696,0.43994540491355777
0.3250915750915751,0.11172161172161173,0.1163003663003663,0.4468864468864469
0.32441016333938294,0.11206896551724138,0.11705989110707804,0.44646098003629764
0.32920110192837465,0.11202938475665748,0.1147842056932966,0.44398530762167127
0.32862994993172506,0.11197086936731906,0.11288120163859809,0.44651797906235774
0.3337924701561065,0.11065197428833792,0.10743801652892562,0.44811753902662993
0.3278008298755187,0.1111111111111111,0.10557860765329645,0.45550945136007376
0.32667876588021777,0.11524500907441017,0.10390199637023594,0.4541742286751361
0.32805429864253394,0.10950226244343891,0.10588235294117647,0.45656108597285067
0.3296903460837887,0.11247723132969034,0.10154826958105646,0.4562841530054645
0.3341024457775727,0.11259806183664052,0.10336871250576835,0.44993077988001845
0.3365740740740741,0.11157407407407408,0.10555555555555556,0.4462962962962963
0.3365209471766849,0.11247723132969034,0.10655737704918032,0.4444444444444444
0.32740538075695397,0.1121751025991792,0.10852713178294573,0.4518923848609211
0.3265856950067476,0.11515969410706253,0.10796221322537113,0.4502923976608187
0.32277048438207334,0.12041647804436396,0.10366681756450882,0.45314622000905386
0.32858455882352944,0.11902573529411764,0.10018382352941177,0.4522058823529412
0.3268003646308113,0.11896080218778486,0.09890610756608934,0.4553327256153145
0.3300404131118096,0.11899416255051638,0.09744050291872475,0.45352492141894923
0.33047016274864377,0.11799276672694395,0.09945750452079566,0.45207956600361665
0.336986301369863,0.12146118721461187,0.09223744292237443,0.44931506849315067
0.33578318787322003,0.12126779972439136,0.09141019751952228,0.45153881488286635
0.3345605154164749,0.1242521859180856,0.08697653014265992,0.4542107685227796
0.3371824480369515,0.1210161662817552,0.08868360277136259,0.4531177829099307
0.3347013223894209,0.12038303693570451,0.09165526675786594,0.4532603739170087
0.32830361225422955,0.12208504801097393,0.08962048468221308,0.45999085505258347
0.3230769230769231,0.1171945701357466,0.09140271493212669,0.4683257918552036
0.31857599269739845,0.11775445002282063,0.08900045641259699,0.47466910086718395
0.3238662391204764,0.1168117269812185,0.08795235913879981,0.47136967475950525
0.3204193254329991,0.11713764813126709,0.08979033728350046,0.47265268915223335
0.31298405466970386,0.11343963553530752,0.08701594533029612,0.4865603644646925
0.3064443442992339,0.11536728255971158,0.09013068949977468,0.4880576836412799
0.2948134667879891,0.1178343949044586,0.08826205641492266,0.49909008189262966
0.3017163504968383,0.11698283649503162,0.08897922312556458,0.49232158988256547
0.30535390199637025,0.11524500907441017,0.09074410163339383,0.4886569872958258
0.30382022471910114,0.11280898876404494,0.09438202247191012,0.48898876404494385
0.3068181818181818,0.11227272727272727,0.09363636363636364,0.48727272727272725
0.3047835990888383,0.10933940774487472,0.10068337129840546,0.48519362186788156
0.2976995940460081,0.11005863779882724,0.10148849797023005,0.4907532701849346
0.29927667269439423,0.10804701627486438,0.10397830018083183,0.4886980108499096
0.30004559963520294,0.10533515731874145,0.10715914272685818,0.48746010031919745
0.29361123697326685,0.10647938377888537,0.10466696873584051,0.49524241051200724
0.3023572076155938,0.10199456029011786,0.1056210335448776,0.4900271985494107
0.2964779313419527,0.10521622826571556,0.103878733838609,0.4944271065537227
0.29414414414414414,0.10945945945945947,0.10585585585585586,0.4905405405405405
0.2964641885766092,0.10652765185856754,0.10199456029011786,0.49501359927470534
0.2995038340099233,0.11231393775372124,0.09878213802435724,0.4894000902119982
0.2935076645626691,0.11226330027051398,0.09422903516681695,0.5
0.2987307343608341,0.10879419764279238,0.09519492293744333,0.4972801450589302
0.30009107468123863,0.10473588342440801,0.09562841530054644,0.49954462659380694
0.3033501606241395,0.09866911427260211,0.09729233593391463,0.5006883891693438
0.3015075376884422,0.10004568296025583,0.09319323892188214,0.5052535404294198
0.30296127562642367,0.09612756264236902,0.09248291571753986,0.5084282460136674
0.2982296867907399,0.09804811620517476,0.09441670449387199,0.5093054925102134
0.3013574660633484,0.09366515837104072,0.1,0.5049773755656108
0.297025171624714,0.0965675057208238,0.10160183066361556,0.5048054919908467
0.29417080885675556,0.09896068685042927,0.10664256665160415,0.500225937641211
0.2937189335743335,0.10302756439222774,0.10257568910980569,0.5006778129236331
0.2932364956876986,0.10304130730821606,0.10077167498865183,0.5029505220154336
0.2897830018083183,0.10397830018083183,0.10307414104882459,0.5031645569620253
0.28222523744911804,0.10538218000904569,0.10402532790592492,0.5083672546359114
0.2872050816696915,0.10617059891107078,0.10254083484573502,0.5040834845735027
0.2862939585211903,0.10640216411181244,0.1073038773669973,0.5
0.28929384965831434,0.10478359908883828,0.10569476082004556,0.5002277904328019
0.2870705244122966,0.10397830018083183,0.10443037974683544,0.5045207956600362
0.2841113105924596,0.09829443447037702,0.10682226211849193,0.5107719928186715
0.2811801519892713,0.09879302637460885,0.10907465355386678,0.510952168082253
0.28674807779285394,0.10085933966530981,0.1112618724559023,0.501130710085934
0.28773369813041494,0.10214318285453716,0.11308709530323757,0.4970360237118103
0.28933092224231466,0.10171790235081374,0.11211573236889692,0.49683544303797467
0.28925992779783394,0.10649819494584838,0.10604693140794223,0.4981949458483754
0.2898682417083144,0.10313493866424353,0.10858700590640617,0.4984098137210359
0.29172320217096337,0.10583446404341927,0.10854816824966079,0.49389416553595655
0.29130632680928537,0.10286754665452891,0.11242603550295859,0.49340009103322713
0.2846879209699147,0.10552312528064661,0.11001347103726987,0.4997754827121688
0.2871331828442438,0.10112866817155756,0.11286681715575621,0.49887133182844245
0.27640449438202247,0.09797752808988765,0.1146067415730337,0.5110112359550562
0.2785265049415993,0.10107816711590296,0.11096136567834682,0.5094339622641509
0.27854903716972684,0.10076130765785939,0.10882221227048813,0.5118674429019257
0.2779032986895617,0.10122006326253954,0.10890194306371441,0.5119746949841844
0.27604871447902574,0.09788001804239964,0.10915651781686965,0.516914749661705
0.2742444745151105,0.09968425800631484,0.11005863779882724,0.5160126296797474
0.2724402345511953,0.10148849797023005,0.11276499774470004,0.5133062697338746
0.27322156773901224,0.09922972360670594,0.11327594019030358,0.5142727684639783
0.2720219078046554,0.10588772250114104,0.10543130990415335,0.5166590597900502
0.27166064981949456,0.1055956678700361,0.1078519855595668,0.5148916967509025
0.27840651878678135,0.10457220461747398,0.10593028519692169,0.511090991398823
0.2809502055733212,0.10232983097304706,0.10187300137048881,0.514846962083143
0.28771454381210476,0.1011743450767841,0.1052393857271906,0.5058717253839206
0.2835214446952596,0.09706546275395034,0.10699774266365689,0.5124153498871332
0.2823905109489051,0.10082116788321167,0.09762773722627738,0.5191605839416058
0.2823529411764706,0.09864253393665158,0.10226244343891402,0.5167420814479639
0.2904395106479384,0.09424558223833258,0.09968282736746716,0.5156320797462619
0.2893195132942767,0.09418657052726453,0.10049571879224876,0.51599819738621
0.2859078590785908,0.09530261969286359,0.09530261969286359,0.523486901535682
0.2908599729851418,0.09635299414678072,0.09680324178298064,0.5159837910850968
0.28584189370254576,0.09959803483698079,0.09557838320678874,0.5189816882536846
0.28435374149659864,0.10294784580498866,0.08934240362811792,0.5233560090702948
0.2783882783882784,0.10393772893772894,0.09065934065934066,0.527014652014652
0.27264451524806554,0.10013654984069185,0.08966772872098316,0.5375512061902594
0.27334542157751585,0.09746146872166818,0.09066183136899365,0.5385312783318223
0.2775250227479527,0.09645131938125569,0.09008189262966333,0.5359417652411284
0.27412777526053467,0.09651110104213866,0.08654281830539194,0.5428183053919348
0.2781818181818182,0.095,0.09318181818181819,0.5336363636363637
0.2835820895522388,0.09317051108095885,0.0877431026684758,0.5355042966983266
0.28886885984677785,0.0896800360522758,0.09013068949977468,0.5313204146011717
0.2967974740640505,0.08660351826792964,0.08976093820478123,0.5268380694632386
0.2926609635299415,0.08869878433138226,0.0904997748761819,0.5281404772624944
0.29646215853112406,0.08598298253470667,0.08553515450067174,0.5320197044334976
0.299223389675651,0.08953860210141618,0.08451347647327546,0.5267245317496574
0.30118289353958144,0.08416742493175614,0.0818926296633303,0.5327570518653321
0.3039171544349392,0.0814948221521837,0.08059432687978388,0.5339936965330933
0.3019554342883129,0.08594815825375171,0.08321964529331514,0.5288767621646203
0.30584503851381967,0.0883552333484368,0.08019936565473493,0.5256003624830086
0.30544124371284864,0.08550525834476452,0.08047553726566073,0.5285779606767261
0.30800542740841247,0.08548168249660787,0.07643600180913614,0.5300768882858435
0.31023550724637683,0.08650362318840579,0.0756340579710145,0.5276268115942029
0.3082160689968225,0.08533817521561507,0.07716749886518384,0.5292782569223786
0.29981965734896304,0.08972046889089269,0.07484220018034266,0.5356176735798016
0.29923042100497965,0.08782254413761884,0.07605251244907198,0.5368945224083296
0.30367680435769406,0.08942351339083068,0.0817067635043123,0.525192918747163
0.30143755615453727,0.08490566037735849,0.08265947888589398,0.5309973045822103
0.30157303370786515,0.08359550561797753,0.08629213483146067,0.5285393258426966
0.297224709042077,0.0819158460161146,0.08236347358997315,0.5384959713518352
0.29762989972652687,0.0788514129443938,0.0820419325432999,0.5414767547857794
0.28901996370235933,0.07894736842105263,0.08439201451905626,0.5476406533575318
0.28863636363636364,0.07590909090909091,0.08409090909090909,0.5513636363636364
0.2876712328767123,0.0776255707762557,0.07990867579908675,0.5547945205479452
0.29336966394187103,0.07720254314259764,0.08083560399636694,0.5485921889191644
0.2925263640531866,0.08253094910591471,0.08023842274186153,0.5447042640990372
0.28603910868576626,0.08185538881309687,0.08594815825375171,0.5461573442473852
0.28493150684931506,0.08036529680365297,0.08767123287671233,0.5470319634703197
0.279111916628908,0.076121431807884,0.08608971454463073,0.5586769370185772
0.2840960579972814,0.07340280924331671,0.08699592206615316,0.5555052106932488
0.28597533120146185,0.0708085883965281,0.08405664687071722,0.5591594335312928
0.28012733060482037,0.06912232833105958,0.08094588449295134,0.5698044565711687
0.2839173405211141,0.06963162623539983,0.08355795148247978,0.5628930817610063
0.27750336775931744,0.06825325550067356,0.08441850022451729,0.5698248765154917
0.2726033621081327,0.06815084052703317,0.08677873693775556,0.5724670604270786
0.28448275862068967,0.06578947368421052,0.08484573502722323,0.5648820326678766
0.2839173405211141,0.0673854447439353,0.0853548966756514,0.5633423180592992
0.28030993618960803,0.06517775752051048,0.08568824065633546,0.568824065633546
0.2767410104688211,0.06736458807464725,0.08329540282203005,0.5725989986345016
0.2751131221719457,0.07194570135746606,0.08280542986425339,0.5701357466063348
0.2678011643528885,0.07433945364979848,0.08508732646663682,0.5727720555306762
0.2694907616043263,0.0694006309148265,0.07976566020730058,0.5813429472735466
0.2688317546233649,0.06901217861975643,0.08344609833107804,0.5787099684258006
0.2660633484162896,0.06923076923076923,0.08642533936651584,0.5782805429864254
0.26534296028880866,0.07355595667870037,0.08348375451263539,0.5776173285198556
0.27353859883980364,0.07764390896921017,0.0825524319500223,0.5662650602409639
0.2726453357368184,0.07661108607480847,0.08066696710229833,0.5700766110860748
0.2641423357664234,0.07801094890510948,0.08348540145985402,0.5743613138686131
0.26153846153846155,0.07828054298642534,0.08687782805429864,0.5733031674208144
0.25884460367218987,0.08240035826242723,0.08687863860277653,0.5718763994626064
0.25829596412556055,0.08071748878923767,0.08520179372197309,0.5757847533632287
0.2578444747612551,0.07867212369258754,0.08913142337426103,0.5743519781718963
0.25339366515837103,0.07918552036199095,0.08823529411764706,0.579185520361991
0.24873563218390804,0.07862068965517241,0.09425287356321839,0.5783908045977012
0.25406137184115524,0.07806859205776173,0.09431407942238267,0.5735559566787004
0.25307237141556665,0.07783340919435594,0.08966772872098316,0.5794264906690942
0.2558876811594203,0.07789855072463768,0.09148550724637682,0.5747282608695652
0.24797114517583407,0.07889990982867448,0.08972046889089269,0.5834084761045988
0.24339106654512307,0.08113035551504102,0.08887876025524157,0.5865998176845943
0.23929698062190174,0.08156827399729608,0.0914826498422713,0.5876520955385308
0.2350022552999549,0.08073973838520523,0.09111411817771764,0.5931438881371223
0.2417083144025443,0.07950931394820536,0.09223080417991822,0.5865515674693321
0.2402714932126697,0.08099547511312218,0.09185520361990951,0.5868778280542987
0.24808988764044942,0.08,0.09393258426966292,0.5779775280898877
0.24796010879419764,0.08114233907524931,0.0942883046237534,0.5766092475067996
0.25056844020009095,0.0791268758526603,0.0964074579354252,0.5738972260118236
0.2463768115942029,0.07608695652173914,0.09284420289855072,0.5846920289855072
0.24808988764044942,0.07550561797752808,0.09393258426966292,0.5824719101123595
0.24505395683453238,0.07464028776978417,0.09622302158273381,0.5840827338129496
0.24325560128029264,0.0772748056698674,0.09602194787379972,0.5834476451760402
0.24876736889287315,0.07709547288211564,0.09188704616763783,0.5822501120573734
0.24156545209176788,0.07422402159244265,0.0899685110211426,0.5942420152946468
0.2426702751465945,0.07352277852954443,0.09517365809652684,0.5886332882273342
0.24535989135355366,0.06971480307831598,0.09280217292892712,0.5921231326392032
0.2521425349571493,0.07081641858367163,0.09607577807848444,0.5809652683806946
0.2506787330316742,0.07375565610859729,0.09457013574660633,0.5809954751131222
0.24594594594594596,0.07117117117117117,0.1018018018018018,0.581081081081081
0.24741340530814215,0.07152496626180836,0.09986504723346828,0.5811965811965812
0.2530446549391069,0.06856111862877763,0.10509697789806044,0.5732972485340551
0.2518148820326679,0.06851179673321234,0.10662431941923775,0.573049001814882
0.2572062084257206,0.06385809312638581,0.11086474501108648,0.5680709534368071
0.2602987777274785,0.0615663196016297,0.10955183340878226,0.5685830692621096
0.25775978407557354,0.06432748538011696,0.11291048133153396,0.5650022492127755
0.2531760435571688,0.06805807622504537,0.11116152450090744,0.5676043557168784
0.25252062328139324,0.06461961503208066,0.11686526122823097,0.5659945004582951
0.25585585585585585,0.06486486486486487,0.11036036036036036,0.5689189189189189
0.24977538185085355,0.06289308176100629,0.1096136567834681,0.577717879604672
0.24977497749774977,0.06570657065706571,0.10936093609360936,0.5751575157515751
0.25628366247755835,0.06687612208258528,0.1059245960502693,0.5709156193895871
0.24820466786355475,0.0718132854578097,0.10682226211849193,0.5731597845601436
0.24910071942446044,0.07553956834532374,0.10296762589928057,0.5723920863309353
0.25259828287392677,0.07410754631721644,0.09986443741527339,0.5734297333935834
0.2504604051565378,0.0787292817679558,0.1003683241252302,0.5704419889502762
0.2537313432835821,0.07914970601537766,0.09814563545906829,0.5689733152419719
0.2494371904547501,0.07744259342638452,0.10265646105357946,0.5704637550652859
0.25234061524743645,0.07757467677218012,0.09763709317877842,0.572447614801605
0.2558876811594203,0.07789855072463768,0.09510869565217392,0.5711050724637681
0.25781603987313095,0.07702763932940643,0.09515178975985501,0.5700045310376076
0.2595936794582393,0.07855530474040633,0.09119638826185102,0.5706546275395034
0.26230248306997744,0.07945823927765237,0.09029345372460497,0.5679458239277653
0.2562699498404013,0.08299133606931144,0.08846329229366165,0.5722754217966256
0.2532731376975169,0.08261851015801354,0.08803611738148984,0.5760722347629796
0.2528115159694107,0.08142150247413406,0.08591992802519119,0.5798470535312641
0.248547161376844,0.07957085382208315,0.08717031738936075,0.5847116674117121
0.24718595227375056,0.08014407924358397,0.08914903196758217,0.5835209365150833
0.23798832510103277,0.07992815446789403,0.09070498428378986,0.5913785361472833
0.23779096303057964,0.07804655408489275,0.09036969420356002,0.5937927886809676
0.23241034952337722,0.07807535179300953,0.08851566046300499,0.6009986382206083
0.232579185520362,0.07873303167420814,0.09140271493212669,0.5972850678733032
0.22879061371841156,0.0812274368231047,0.09250902527075812,0.5974729241877257
0.23904202440126526,0.07772254857659286,0.0903750564844103,0.5928603705377316
0.24048913043478262,0.07971014492753623,0.0901268115942029,0.5896739130434783
0.2472875226039783,0.0759493670886076,0.09041591320072333,0.5863471971066908
0.242520398912058,0.0770625566636446,0.09066183136899365,0.5897552130553038
0.23497267759562843,0.07513661202185792,0.09016393442622951,0.5997267759562842
0.2333931777378815,0.07809694793536805,0.09245960502692999,0.5960502692998204
0.2331397945511389,0.07592675301473872,0.09066547565877624,0.6002679767753462
0.23614240648940965,0.07570977917981073,0.0878774222622803,0.6002703920684993
0.22826086956521738,0.07835144927536232,0.0901268115942029,0.6032608695652174
0.22826086956521738,0.07653985507246377,0.09465579710144928,0.6005434782608695
0.23139745916515425,0.08030852994555354,0.09210526315789473,0.5961887477313974
0.22633744855967078,0.0827617741197988,0.09373571101966163,0.5971650663008687
0.22814207650273224,0.08378870673952642,0.08970856102003642,0.5983606557377049
0.22618510158013544,0.08126410835214447,0.09164785553047404,0.6009029345372461
0.2256478999106345,0.0835567470956211,0.09204647006255585,0.5987488829311886
0.22625448028673836,0.08736559139784947,0.09005376344086022,0.5963261648745519
0.22911912368781379,0.08580556823368325,0.08671839342765861,0.5983569146508444
0.22685609532538956,0.08707607699358387,0.08799266727772685,0.5980751604032998
0.2331980153360397,0.08615245827695084,0.08840775823184484,0.5922417681551646
0.23785746709033137,0.09033136631865638,0.08806173399909215,0.5837494325919201
0.2413014008133755,0.09263443289652055,0.09263443289652055,0.5734297333935834
0.23316764572977858,0.09760506100316313,0.09263443289652055,0.5765928603705377
0.23779385171790235,0.09629294755877034,0.08815551537070525,0.5777576853526221
0.23585332729741965,0.0946129470348574,0.08646446355817111,0.5830692621095518
0.23601083032490974,0.09566787003610108,0.08844765342960288,0.5798736462093863
0.2288779615556549,0.09745194456861869,0.08538220831470719,0.5882878855610192
0.2283393501805054,0.09431407942238267,0.08709386281588448,0.5902527075812274
0.2239140170174653,0.096730855351545,0.08866995073891626,0.5906851768920734
0.22392776523702032,0.09571106094808127,0.08803611738148984,0.5923250564334086
0.22661870503597123,0.09262589928057553,0.08812949640287769,0.5926258992805755
0.23622402890695574,0.09530261969286359,0.08762420957542909,0.5808491418247516
0.2390134529147982,0.08834080717488789,0.08475336322869956,0.5878923766816143
0.2365296803652968,0.09178082191780822,0.08356164383561644,0.5881278538812785
0.23467998184294145,0.09396277802995914,0.08306854289605084,0.5882886972310486
0.2369968340117594,0.09000452284034374,0.0845771144278607,0.5884215287200362
0.24190647482014388,0.08633093525179857,0.08048561151079137,0.5912769784172662
0.2368888888888889,0.088,0.08222222222222222,0.5928888888888889
0.23850315599639316,0.08385933273219116,0.08070333633904418,0.5969341749323716
0.2441123188405797,0.08016304347826086,0.08152173913043478,0.5942028985507246
0.24007220216606498,0.0812274368231047,0.07987364620938628,0.598826714801444
0.24096936442615455,0.0772748056698674,0.08047553726566073,0.6012802926383173
0.24144144144144145,0.08153153153153153,0.07882882882882883,0.5981981981981982
0.24367088607594936,0.08047016274864376,0.081374321880651,0.5944846292947559
0.24081632653061225,0.08435374149659863,0.08072562358276644,0.5941043083900227
0.23792325056433408,0.08216704288939052,0.07855530474040633,0.6013544018058691
0.24069923800986104,0.07844016136261767,0.07933662034961901,0.6015239802779023
0.24039320822162646,0.07998212689901697,0.0777479892761394,0.6018766756032171
0.23624887285843102,0.0829576194770063,0.07799819657348964,0.6027953110910731
0.23634735899731424,0.08415398388540735,0.076544315129812,0.6029543419874664
0.22727272727272727,0.08865886588658865,0.07560756075607561,0.6084608460846085
0.2285843101893598,0.08656447249774572,0.07709648331830478,0.6077547339945897
0.23017671046669688,0.0851835070231083,0.07340280924331671,0.6112369732668781
0.23324396782841822,0.08221626452189455,0.07193923145665773,0.6126005361930295
0.23431899641577061,0.08243727598566308,0.06765232974910394,0.6155913978494624
0.23458445040214476,0.0773011617515639,0.07059874888293119,0.6175156389633601
0.22973578145991938,0.07836990595611286,0.07523510971786834,0.6166592028660994
0.23080357142857144,0.07901785714285714,0.07053571428571428,0.6196428571428572
0.23484162895927602,0.08235294117647059,0.07285067873303168,0.6099547511312218
0.2325056433408578,0.0835214446952596,0.07178329571106094,0.6121896162528216
0.2264065335753176,0.08393829401088929,0.06987295825771325,0.6197822141560798
0.23115577889447236,0.08359981726815897,0.07172224760164458,0.613522156235724
0.2297482837528604,0.08421052631578947,0.06910755148741418,0.6169336384439359
0.2246210381258613,0.0891134588883785,0.0707395498392283,0.6155259531465319
0.23003629764065336,0.08938294010889292,0.07395644283121597,0.6066243194192378
0.23010849909584086,0.08815551537070525,0.07414104882459313,0.6075949367088608
0.22682268226822683,0.08505850585058505,0.07605760576057606,0.6120612061206121
0.2273972602739726,0.08310502283105023,0.07808219178082192,0.6114155251141552
0.22354014598540145,0.08029197080291971,0.07983576642335767,0.6163321167883211
0.22813345356176737,0.08025247971145176,0.07664562669071236,0.6149684400360685
0.23139745916515425,0.08212341197822141,0.07667876588021778,0.6098003629764065
0.2240832956088728,0.08284291534631055,0.0742417383431417,0.618832050701675
0.22846781504986402,0.0829555757026292,0.07388939256572982,0.614687216681777
0.22799097065462753,0.08668171557562077,0.07358916478555305,0.6117381489841986
0.22631094756209752,0.08233670653173873,0.07313707451701931,0.6182152713891444
0.23290793072014584,0.07930720145852324,0.07019143117593436,0.6175934366453966
0.23553719008264462,0.07988980716253444,0.06887052341597796,0.6157024793388429
0.2325898953117888,0.07919890760127446,0.07146108329540282,0.6167501137915339
0.23271577044735653,0.07681879801174876,0.0745594215996385,0.6159060099412562
0.2285843101893598,0.07844905320108206,0.07439134355275022,0.6185752930568079
0.2325056433408578,0.07855530474040633,0.0744920993227991,0.6144469525959368
0.22849462365591397,0.08154121863799284,0.0739247311827957,0.6160394265232975
0.23265306122448978,0.08163265306122448,0.07210884353741497,0.6136054421768707
0.22807814629713766,0.08314402544298047,0.07542026351658337,0.6133575647432985
0.23159784560143626,0.08168761220825853,0.0763016157989228,0.6104129263913824
0.23283983849259757,0.07671601615074024,0.07492148945715567,0.6155226558995065
0.2340909090909091,0.07681818181818181,0.07681818181818181,0.6122727272727273
0.23390752493200362,0.07524932003626474,0.07842248413417952,0.6124206708975521
0.23410013531799728,0.07758231844835363,0.08119079837618404,0.607126747857465
0.23217550274223034,0.07678244972577697,0.08180987202925045,0.6092321755027422
0.2380518889394629,0.0760127446517979,0.07783340919435594,0.6081019572143832
0.2423550890004564,0.07165677772706527,0.07667731629392971,0.6093108169785486
0.23961661341853036,0.07485166590597901,0.07530807850296668,0.610223642172524
0.24106739032112168,0.07191316146540028,0.07869742198100407,0.608322026232474
0.24254742547425473,0.06729900632339657,0.07813911472448058,0.6120144534778681
0.2462787550744249,0.07126747857465043,0.07622913847541724,0.6062246278755075
0.2458575906851769,0.06851768920734438,0.07433945364979848,0.6112852664576802
0.24458483754512636,0.06994584837545126,0.07716606498194946,0.6083032490974729
0.2412856496152105,0.0724309642372114,0.07650520597555455,0.6097781801720236
0.2484162895927602,0.0746606334841629,0.07873303167420814,0.5981900452488688
0.23933542882801975,0.07858105074090704,0.07723394701392007,0.6048495734171532
0.23585332729741965,0.07876867360796741,0.08012675418741512,0.6052512449071978
0.23452914798206279,0.07982062780269059,0.08206278026905829,0.6035874439461884
0.23298783235691753,0.07841369986480397,0.08066696710229833,0.6079315006759801
0.23042100497962878,0.07831598008148484,0.08736985061113627,0.6038931643277501
0.23430391264786168,0.07870791628753412,0.08507734303912648,0.6019108280254777
0.23278985507246377,0.08016304347826086,0.09057971014492754,0.5964673913043478
0.2354533152909337,0.08479927830401443,0.08525033829499323,0.5944970681100586
0.2400358262427228,0.08598298253470667,0.0864308105687416,0.5875503806538289
0.242520398912058,0.0829555757026292,0.08658204895738894,0.5879419764279239
0.23818099954975236,0.08779828905898245,0.08914903196758217,0.584871679423683
0.2405980969642048,0.0883552333484368,0.08880833710919801,0.5822383325781604
0.23728050427735253,0.08869878433138226,0.08914903196758217,0.584871679423683
0.23136014460009038,0.08811568007230004,0.08585630366018979,0.5946678716674197
0.2359043752819125,0.08660351826792964,0.08660351826792964,0.5908885881822282
0.2338079926504364,0.08084519981626091,0.09370693615066605,0.5916398713826366
0.23711810305517556,0.08299133606931144,0.09347925216598267,0.5864113087095303
0.2411282984531392,0.08416742493175614,0.09099181073703366,0.583712465878071
