C,D,Oc,Od
0.0,1.0,0.0,0.0
1.0,0.0,0.0,0.0
0.6666666666666666,0.0,0.3333333333333333,0.0
0.5,0.0,0.25,0.25
0.4444444444444444,0.0,0.3333333333333333,0.2222222222222222
0.4117647058823529,0.058823529411764705,0.35294117647058826,0.17647058823529413
0.4230769230769231,0.038461538461538464,0.4230769230769231,0.11538461538461539
0.36666666666666664,0.06666666666666667,0.43333333333333335,0.13333333333333333
0.45,0.025,0.4,0.125
0.5208333333333334,0.0,0.3541666666666667,0.125
0.5074626865671642,0.014925373134328358,0.3283582089552239,0.14925373134328357
0.45454545454545453,0.045454545454545456,0.3409090909090909,0.1590909090909091
0.49107142857142855,0.05357142857142857,0.2857142857142857,0.16964285714285715
0.5298013245033113,0.039735099337748346,0.2913907284768212,0.1390728476821192
0.5614973262032086,0.0374331550802139,0.22994652406417113,0.1711229946524064
0.594017094017094,0.05128205128205128,0.20085470085470086,0.15384615384615385
0.5932835820895522,0.06343283582089553,0.1865671641791045,0.15671641791044777
0.5796178343949044,0.07643312101910828,0.17197452229299362,0.17197452229299362
0.5833333333333334,0.0913978494623656,0.1478494623655914,0.1774193548387097
0.547945205479452,0.09817351598173515,0.1552511415525114,0.19863013698630136
0.5502958579881657,0.10059171597633136,0.14201183431952663,0.20710059171597633
0.5675213675213675,0.09572649572649573,0.12136752136752137,0.2153846153846154
0.5722801788375559,0.10581222056631892,0.11773472429210134,0.20417287630402384
0.5667107001321003,0.11756935270805813,0.11492734478203434,0.20079260237780713
0.5689252336448598,0.11682242990654206,0.09813084112149532,0.2161214953271028
0.5726315789473684,0.12210526315789473,0.09052631578947369,0.21473684210526317
0.5727878211227403,0.120837297811608,0.09039010466222645,0.2159847764034253
0.5715532286212914,0.1256544502617801,0.08900523560209424,0.21378708551483422
0.5507474429583006,0.14004720692368214,0.08339889850511409,0.22580645161290322
0.5440751445086706,0.14234104046242774,0.08598265895953758,0.22760115606936415
0.543800539083558,0.13948787061994608,0.09097035040431267,0.22574123989218328
0.5349583066067992,0.1379089159717768,0.08466966003848621,0.24246311738293777
0.5393939393939394,0.13696969696969696,0.08060606060606061,0.24303030303030304
0.5355097365406644,0.12256586483390607,0.08018327605956473,0.26174112256586485
0.5340285400658616,0.12403951701427003,0.07793633369923161,0.26399560922063664
0.531578947368421,0.12894736842105264,0.06947368421052631,0.27
0.5222278998467041,0.1308124680633623,0.07204905467552376,0.27491057741440983
0.5134997452878247,0.14060112073357106,0.07030056036678553,0.27559857361181866
0.5012683916793506,0.14561136478944697,0.07356671740233384,0.2795535261288686
0.5007564296520424,0.1422087745839637,0.07312153303076148,0.2839132627332325
0.4980295566502463,0.1413793103448276,0.07536945812807881,0.2852216748768473
0.49176235646530203,0.1432850723914129,0.06989515726410385,0.2950574138791812
0.4945972495088409,0.14096267190569745,0.07367387033398821,0.2907662082514735
0.4916256157635468,0.14088669950738916,0.07093596059113301,0.296551724137931
0.4936399217221135,0.13454011741682975,0.07142857142857142,0.30039138943248533
0.5002483854942872,0.13015399900645802,0.07153502235469449,0.29806259314456035
0.484111221449851,0.13306852035749753,0.07348560079443893,0.30933465739821253
0.4696819085487077,0.13220675944333996,0.06908548707753479,0.3290258449304175
0.4729990356798457,0.1374156219864995,0.07377049180327869,0.3158148505303761
0.47458455522971654,0.13196480938416422,0.06842619745845552,0.3250244379276637
0.4675451439726696,0.13518789653489507,0.0736944851146901,0.3235724743777452
0.4717073170731707,0.12975609756097561,0.07121951219512195,0.3273170731707317
0.4779627815866797,0.12193927522037218,0.07198824681684624,0.3281096963761019
0.4875061244487996,0.11954924056834886,0.07055365017148457,0.32239098481136697
0.49277456647398843,0.12138728323699421,0.06213872832369942,0.3236994219653179
0.4908301158301158,0.12113899613899613,0.06660231660231661,0.32142857142857145
0.49029126213592233,0.11893203883495146,0.06359223300970873,0.3271844660194175
0.4954480114997604,0.11883085769046478,0.06229036895064686,0.32343076185912795
0.5059722885809842,0.11036789297658862,0.06020066889632107,0.32345914954610605
0.49026128266033253,0.1163895486935867,0.06223277909738718,0.3311163895486936
0.4966634890371783,0.11487130600571974,0.05433746425166826,0.3341277407054338
0.5037735849056604,0.1080188679245283,0.05188679245283019,0.33632075471698114
0.5087969567284831,0.10841654778887304,0.04945316214931051,0.3333333333333333
0.5028544243577545,0.10418648905803997,0.049476688867745006,0.3434823977164605
0.4955040227165168,0.10837671557027923,0.05253194510175106,0.3435873166114529
0.49426934097421205,0.1041069723018147,0.050620821394460364,0.3510028653295129
0.5036249395843403,0.10101498308361527,0.04543257612373127,0.3499275012083132
0.5046992481203008,0.10197368421052631,0.046052631578947366,0.34727443609022557
0.505468378506895,0.09415121255349501,0.0475511174512601,0.35282929148834996
0.502851711026616,0.09600760456273764,0.0470532319391635,0.3540874524714829
0.5021337126600285,0.09862494073020389,0.05026078710289237,0.3489805595068753
0.5101253616200578,0.09064609450337512,0.0429122468659595,0.3563162970106075
0.5051401869158878,0.08691588785046729,0.05046728971962617,0.3574766355140187
0.5059326056003797,0.08685334598955861,0.04935927859515899,0.3578547698149027
0.5107604017216643,0.08464849354375897,0.048302247728359636,0.3562888570062171
0.5164319248826291,0.07511737089201878,0.047417840375586856,0.36103286384976524
0.5158242796410014,0.0680207841284837,0.04912612187057156,0.36702881435994333
0.5179654689687354,0.07466168922071861,0.04386374241717219,0.3635090993933738
0.5229186155285314,0.07015902712815715,0.04349859681945744,0.36342376052385406
0.5197215777262181,0.06403712296983759,0.045475638051044084,0.3707656612529002
0.5149532710280373,0.06635514018691589,0.04439252336448598,0.37429906542056074
0.5166276346604215,0.06088992974238876,0.041217798594847775,0.3812646370023419
0.5155367231638418,0.05743879472693032,0.0428436911487759,0.384180790960452
0.5133614627285513,0.06047819971870605,0.04172526957337084,0.38443506797937177
0.5200186219739292,0.05307262569832402,0.040968342644320296,0.38594040968342647
0.5210941121928605,0.054705609643022714,0.041261010662957814,0.38293926750115903
0.516612072999532,0.05474964904071128,0.04258306036499766,0.386055217594759
0.5242085661080075,0.04981378026070764,0.040968342644320296,0.3850093109869646
0.5163704396632367,0.04864359214218896,0.04162768942937325,0.39335827876520113
0.514526710402999,0.04592314901593252,0.04170571696344892,0.3978444236176195
0.5252900232018561,0.04501160092807425,0.0431554524361949,0.3865429234338747
0.5230125523012552,0.04556020455602046,0.03672710367271037,0.3947001394700139
0.5223109441052137,0.04321277595115078,0.038985439173320806,0.3954908407703147
0.524812734082397,0.04353932584269663,0.03745318352059925,0.39419475655430714
0.5171603196991067,0.038551951104842504,0.036671368124118475,0.4076163610719323
0.5110173464603844,0.0379746835443038,0.03422409751523676,0.41678387248007503
0.5118219749652295,0.037552155771905425,0.03291608715808994,0.41770978210477516
0.517782909930716,0.03510392609699769,0.03279445727482679,0.41431870669745957
0.5168125287885766,0.03408567480423768,0.03132197144173192,0.4177798249654537
0.5214384508990318,0.03135085292761641,0.03135085292761641,0.4158598432457354
0.5244627343392776,0.03155006858710562,0.03200731595793324,0.41197988111568357
0.5216191352345906,0.029438822447102116,0.028978840846366146,0.4199632014719411
0.5194264569842738,0.02682701202590194,0.031914893617021274,0.42183163737280294
0.5187385740402194,0.03016453382084095,0.030621572212065813,0.42047531992687387
0.5073126142595978,0.031992687385740404,0.029707495429616086,0.4309872029250457
0.5018198362147407,0.03139217470427662,0.030937215650591446,0.43585077343039125
0.5096952908587258,0.028624192059095107,0.02816251154201293,0.43351800554016623
0.5039044556729444,0.028938906752411574,0.029857602204869087,0.43729903536977494
0.5038866026520348,0.03475080018289895,0.02880658436213992,0.4325560128029264
0.5036934441366574,0.03277931671283472,0.030470914127423823,0.433056325023084
0.503021850302185,0.03347280334728033,0.032543003254300325,0.4309623430962343
0.5032317636195752,0.03277931671283472,0.0332409972299169,0.4307479224376731
0.5027649769585254,0.03686635944700461,0.03179723502304147,0.42857142857142855
0.5069316081330869,0.03234750462107209,0.030961182994454713,0.4297597042513863
0.4995361781076067,0.03293135435992579,0.02504638218923933,0.4424860853432282
0.4967948717948718,0.028388278388278388,0.026556776556776556,0.4482600732600733
0.49954001839926404,0.02437902483900644,0.027138914443422264,0.44894204231830726
0.48835084513476473,0.02512562814070352,0.026496116948378255,0.4600274097761535
0.47808029533917856,0.024919243193354867,0.026303645592985696,0.47069681587448087
0.487816091954023,0.027586206896551724,0.02160919540229885,0.4629885057471264
0.4808314087759815,0.026327944572748268,0.02401847575057737,0.46882217090069284
0.48091954022988503,0.02528735632183908,0.023908045977011495,0.46988505747126436
0.4779990736452061,0.02732746641963872,0.025474756831866605,0.46919870310328854
0.47660550458715595,0.02614678899082569,0.01926605504587156,0.4779816513761468
0.47649769585253454,0.028110599078341014,0.024423963133640553,0.47096774193548385
0.4676457090408444,0.027076640660853604,0.024782010096374485,0.4804956402019275
0.472487494315598,0.027285129604365622,0.021373351523419737,0.47885402455661663
0.4731084776663628,0.027347310847766638,0.018231540565177756,0.4813126709206928
0.47181146025878,0.02865064695009242,0.021256931608133085,0.47828096118299446
0.47414187643020594,0.029290617848970253,0.018764302059496567,0.4778032036613272
0.47555961626313387,0.028780264961169484,0.01827318410232983,0.47738693467336685
0.47601476014760147,0.024907749077490774,0.021678966789667898,0.47739852398523985
0.47397512666973746,0.02349147858129894,0.025333947489636112,0.4771994472593275
0.46991272393201655,0.021589343132751494,0.022967386311437757,0.4855305466237942
0.4708603145235893,0.019888991674375578,0.024514338575393153,0.484736355226642
0.46599726152441806,0.02327704244637152,0.022364217252396165,0.48836147877681424
0.45684113865932047,0.02662993572084481,0.02295684113865932,0.4935720844811754
0.4494279176201373,0.02517162471395881,0.02334096109839817,0.5020594965675057
0.4599447513812155,0.02532228360957643,0.019337016574585635,0.4953959484346225
0.4600183823529412,0.022058823529411766,0.017922794117647058,0.5
0.46474358974358976,0.022435897435897436,0.02197802197802198,0.4908424908424908
0.4602012808783166,0.020128087831655993,0.0192131747483989,0.5004574565416285
0.4438822447102116,0.019319227230910764,0.021619135234590615,0.515179392824287
0.4411899313501144,0.016475972540045767,0.02288329519450801,0.5194508009153318
0.4354765161878705,0.01459188326493388,0.02188782489740082,0.5280437756497948
0.4324074074074074,0.013888888888888888,0.027314814814814816,0.5263888888888889
0.4283096655978012,0.017407237746220796,0.02885936784241869,0.5254237288135594
0.43253234750462105,0.018022181146025877,0.024491682070240297,0.5249537892791127
0.43068391866913125,0.016173752310536044,0.024029574861367836,0.5291127541589649
0.4278538812785388,0.01643835616438356,0.026484018264840183,0.5292237442922374
0.43223102002794594,0.016301816488122962,0.020493712156497437,0.5309734513274337
0.42453703703703705,0.016666666666666666,0.01898148148148148,0.5398148148148149
0.42489664676159855,0.018373909049150206,0.014699127239320165,0.5420303169499311
0.42771913721890775,0.017898118402937126,0.012849931161083065,0.541532813217072
0.4287020109689214,0.01736745886654479,0.010054844606946984,0.5438756855575868
0.4275195582144501,0.018867924528301886,0.011965025310630465,0.5416474919466175
0.4263636363636364,0.015454545454545455,0.011363636363636364,0.5468181818181819
0.42579750346740636,0.012020342117429497,0.0106333795654184,0.5515487748497457
0.4183719872669395,0.01273306048203729,0.01318781264211005,0.5557071396089132
0.40647810218978103,0.011861313868613138,0.01322992700729927,0.5684306569343066
0.4074410163339383,0.012704174228675136,0.014519056261343012,0.5653357531760436
0.4004566210045662,0.012785388127853882,0.012785388127853882,0.5739726027397261
0.38629142078983203,0.016341352700862462,0.014525646845211076,0.5828415796640944
0.3891941391941392,0.014194139194139194,0.012362637362637362,0.5842490842490843
0.38752276867030966,0.019581056466302368,0.011839708561020037,0.581056466302368
0.3942883463841548,0.019345923537540305,0.011976047904191617,0.5743896821741133
0.39496567505720825,0.018306636155606407,0.009610983981693364,0.577116704805492
0.39406392694063924,0.016894977168949773,0.0091324200913242,0.5799086757990868
0.39836289222373805,0.01455206912232833,0.009095043201455207,0.5779899954524784
0.3954337899543379,0.0136986301369863,0.01004566210045662,0.5808219178082191
0.39614855570839064,0.013296652911508482,0.009628610729023384,0.5809261806510775
0.39195979899497485,0.011420740063956145,0.011420740063956145,0.5851987208771129
0.39652809502055736,0.010050251256281407,0.010507080858839652,0.5829145728643216
0.39348025711662077,0.009641873278236915,0.008723599632690543,0.5881542699724518
0.3832879200726612,0.013623978201634877,0.01407811080835604,0.5890099909173478
0.3811926605504587,0.011467889908256881,0.011467889908256881,0.5958715596330275
0.38035961272475793,0.0119870908252651,0.012909174734900875,0.5947441217150761
0.37986270022883295,0.010983981693363844,0.011899313501144164,0.597254004576659
0.37986270022883295,0.011899313501144164,0.012814645308924484,0.5954233409610984
0.37864963503649635,0.01322992700729927,0.01322992700729927,0.5948905109489051
0.3822447102115915,0.010579576816927323,0.011039558417663294,0.5961361545538179
0.37942122186495175,0.010105649977032614,0.01240238860817639,0.5980707395498392
0.3860294117647059,0.01011029411764706,0.011029411764705883,0.5928308823529411
0.38368860055607046,0.012974976830398516,0.011121408711770158,0.5922150139017609
0.39189804278561674,0.012744651797906235,0.010923987255348202,0.5844333181611289
0.3873175182481752,0.014142335766423358,0.010036496350364963,0.5885036496350365
0.3863013698630137,0.0136986301369863,0.008675799086757991,0.591324200913242
0.38132118451025054,0.01366742596810934,0.008656036446469248,0.5963553530751708
0.37985546522131886,0.012195121951219513,0.009485094850948509,0.5984643179765131
0.3787810383747178,0.011738148984198645,0.01038374717832957,0.599097065462754
0.3773672055427252,0.012933025404157044,0.009237875288683603,0.6004618937644342
0.37420526793823794,0.012715712988192553,0.007266121707538601,0.6058128973660308
0.3755739210284665,0.013774104683195593,0.0073461891643709825,0.6033057851239669
0.3787740164684355,0.013723696248856358,0.009149130832570906,0.5983531564501372
0.37250453720508164,0.011343012704174229,0.010435571687840291,0.6057168784029038
0.3666365280289331,0.015370705244122965,0.0108499095840868,0.6071428571428571
0.3673190714610833,0.01456531634046427,0.013199817933545745,0.6049157942649067
0.3702010968921389,0.011882998171846435,0.013254113345521023,0.6046617915904936
0.37517178195144296,0.01282638570774164,0.010535959688502062,0.6014658726523133
0.3751699139102855,0.012233801540552787,0.01359311282283643,0.5990031717263253
0.37602552415679125,0.012306289881494986,0.010938924339106655,0.6007292616226071
0.3824609733700643,0.011019283746556474,0.011937557392102846,0.5945821854912764
0.38099588853357697,0.0109639104613979,0.015532206486980357,0.5925079945180448
0.3792945487860742,0.011910215300045808,0.013284470911589555,0.5955107650022904
0.38036529680365294,0.01643835616438356,0.013242009132420091,0.5899543378995433
0.375513933302878,0.01735952489721334,0.012791228871630882,0.5943353129282778
0.3772977941176471,0.017922794117647058,0.013786764705882353,0.5909926470588235
0.37344970142397793,0.016995865870463943,0.012861736334405145,0.596692696371153
0.37494263423588803,0.013767783386874713,0.011932078935291418,0.5993575034419458
0.37356585589720054,0.01330885727397889,0.010096374483708122,0.6030289123451125
0.37511436413540716,0.013266239707227814,0.00960658737419945,0.6020128087831657
0.3773327264451525,0.011834319526627219,0.0063723258989531175,0.6044606281292672
0.3820990458882326,0.009995456610631531,0.0068150840527033164,0.6010904134484325
0.38334858188472093,0.00869167429094236,0.00777676120768527,0.6001829826166514
0.3801089918256131,0.010899182561307902,0.009082652134423252,0.5999091734786558
0.3772455089820359,0.009212344541685858,0.008751727314601566,0.6047904191616766
0.38082191780821917,0.009589041095890411,0.0091324200913242,0.6004566210045662
0.37772727272727274,0.008636363636363636,0.010454545454545454,0.6031818181818182
0.3723887375113533,0.012715712988192553,0.007720254314259764,0.6071752951861944
0.3710865561694291,0.01427255985267035,0.007366482504604052,0.6072744014732965
0.36632747456059206,0.014338575393154487,0.0064754856614246065,0.6128584643848288
0.3662361623616236,0.016605166051660517,0.006918819188191882,0.610239852398524
0.3717948717948718,0.013278388278388278,0.00641025641025641,0.6085164835164835
0.3713768115942029,0.012228260869565218,0.007699275362318841,0.6086956521739131
0.3709896068685043,0.010845006778129237,0.009489380930863081,0.6086760054225034
0.3735711019661637,0.01417466849565615,0.007773205304069501,0.6044810242341107
0.36727103672710365,0.015341701534170154,0.00790330079033008,0.6094839609483961
0.3635116598079561,0.016918152720621856,0.007773205304069501,0.6117969821673526
0.3587155963302752,0.01926605504587156,0.007798165137614679,0.6142201834862385
0.35191956124314444,0.018281535648994516,0.009597806215722121,0.620201096892139
0.3550429669832655,0.015829941203075532,0.011307100859339666,0.6178199909543193
0.3571753986332574,0.01275626423690205,0.010933940774487472,0.6191343963553531
0.35945330296127564,0.012300683371298405,0.008200455580865604,0.6200455580865604
0.36813186813186816,0.014652014652014652,0.010073260073260074,0.6071428571428571
0.36097114063215757,0.01282638570774164,0.010535959688502062,0.6156665139715988
0.35622710622710624,0.013736263736263736,0.012362637362637362,0.6176739926739927
0.3568824065633546,0.009571558796718322,0.013673655423883319,0.6198723792160438
0.3624314442413163,0.011425959780621572,0.012340036563071298,0.6138025594149908
0.35941095260009204,0.01058444546709618,0.012425218591808559,0.6175793833410033
0.3627180899908173,0.009641873278236915,0.012396694214876033,0.6152433425160698
0.3650503202195791,0.012351326623970723,0.010978956999085087,0.611619396157365
0.3593033913840513,0.010540788267644362,0.013290559120073327,0.6168652612282309
0.35502958579881655,0.007737824305871643,0.010923987255348202,0.6263086026399636
0.3526989935956084,0.00869167429094236,0.011436413540713633,0.6271729185727356
0.35740236148955495,0.008174386920980926,0.009536784741144414,0.6248864668483197
0.3533180778032037,0.009610983981693364,0.013729977116704805,0.6233409610983982
0.35145094426531553,0.011515430677107323,0.013818516812528788,0.6232151082450483
0.3463869463869464,0.011655011655011656,0.013986013986013986,0.627972027972028
0.347686669720568,0.011452130096197893,0.014200641319285386,0.6266605588639487
0.35374149659863946,0.009523809523809525,0.014058956916099773,0.6226757369614513
0.3534284399447768,0.01058444546709618,0.012425218591808559,0.6235618959963185
0.35895075931891396,0.006442705936493327,0.013345605154164749,0.621260929590428
0.3613290263036456,0.008767881864328565,0.011075219197046609,0.6188278726349792
0.35766092475067995,0.008612873980054397,0.010879419764279238,0.6228467815049864
0.34864492420762516,0.010564997703261369,0.009186954524575103,0.6316031235645384
0.35024920706841867,0.008608971454463071,0.008608971454463071,0.6325328500226551
0.35379061371841153,0.010830324909747292,0.008122743682310469,0.6272563176895307
0.35549525101763907,0.009497964721845319,0.009497964721845319,0.6255088195386703
0.3551912568306011,0.007741347905282332,0.008652094717668488,0.6284153005464481
0.3625170998632011,0.009119927040583675,0.007751937984496124,0.6206110351117191
0.36042240587695135,0.007805325987144169,0.006887052341597796,0.6248852157943067
0.3629730962152303,0.008207934336525308,0.007751937984496124,0.6210670314637483
0.3633440514469453,0.013780431786862656,0.0059715204409738175,0.6169039963252182
0.3555858310626703,0.011353315168029064,0.004087193460490463,0.6289736603088102
0.3644605621033545,0.009519492293744334,0.005439709882139619,0.6205802357207616
0.3623916020082154,0.011410314924691922,0.005933363760839799,0.6202647193062528
0.36202990484821024,0.010874490258269144,0.009968282736746714,0.6171273221567739
0.363265306122449,0.012698412698412698,0.010884353741496598,0.6131519274376417
0.35834470213733516,0.011368804001819008,0.011368804001819008,0.6189176898590268
0.36012861736334406,0.012861736334405145,0.0133210840606339,0.6136885622416169
0.36147877681424007,0.011866727521679598,0.013692377909630305,0.61296211775445
0.3627180899908173,0.012855831037649219,0.015151515151515152,0.6092745638200183
0.3622191655204035,0.011462631820265932,0.013296652911508482,0.6130215497478221
0.36851766865534646,0.013767783386874713,0.011473152822395595,0.6062413951353832
0.37128486511202563,0.010516689529035207,0.011431184270690443,0.6067672610882487
0.37094563727729557,0.008222932846048425,0.011420740063956145,0.6094106898126999
0.36550777676120766,0.008234217749313814,0.012351326623970723,0.6139066788655078
0.36458807464724624,0.009103322712790168,0.012744651797906235,0.6135639508420574
0.35769757880310643,0.00867976244860667,0.013248058474189127,0.6203746002740977
0.36538461538461536,0.006868131868131868,0.01098901098901099,0.6167582417582418
0.35827664399092973,0.009523809523809525,0.015419501133786848,0.6167800453514739
0.3550160329821347,0.007329363261566651,0.01603298213467705,0.6216216216216216
0.35296803652968034,0.007762557077625571,0.01598173515981735,0.6232876712328768
0.3485609867519415,0.00867976244860667,0.017816354499771585,0.6249428962996803
0.35661764705882354,0.011029411764705883,0.01608455882352941,0.6162683823529411
0.34824281150159747,0.008215426745778184,0.01734367868553172,0.6261980830670927
0.3474306502955889,0.010914051841746248,0.017280582082764895,0.6243747157799
0.3470319634703196,0.01004566210045662,0.01780821917808219,0.6251141552511416
0.34498411257376305,0.013163867453472538,0.01861098502042669,0.6232410349523377
0.3403476669716377,0.013266239707227814,0.020128087831655993,0.6262580054894785
0.3422632794457275,0.013856812933025405,0.018475750577367205,0.6254041570438799
0.34244670991658943,0.013901760889712697,0.019462465245597776,0.6241890639481001
0.3425233644859813,0.013551401869158878,0.021962616822429906,0.6219626168224299
0.3419354838709677,0.013824884792626729,0.017511520737327188,0.6267281105990783
0.34362045140488257,0.013818516812528788,0.015200368493781667,0.627360663288807
0.3430690774223458,0.01576263328697265,0.015299026425591099,0.6258692628650904
0.3415525114155251,0.017351598173515982,0.01872146118721461,0.6223744292237443
0.34618916437098257,0.014692378328741965,0.01652892561983471,0.6225895316804407
0.3414965986394558,0.014512471655328799,0.017233560090702947,0.6267573696145124
0.3406392694063927,0.012785388127853882,0.01643835616438356,0.6301369863013698
0.34156378600823045,0.01188843164151806,0.014631915866483767,0.6319158664837677
0.336986301369863,0.01141552511415525,0.0136986301369863,0.6378995433789955
0.33287920072661215,0.01407811080835604,0.016802906448683014,0.6362397820163488
0.3375796178343949,0.01592356687898089,0.019563239308462238,0.626933575978162
0.34185303514376997,0.01323596531264263,0.015061615700593337,0.629849383842994
0.33805390589310186,0.0109639104613979,0.01735952489721334,0.6336226587482869
0.33653406492912663,0.012345679012345678,0.01417466849565615,0.6369455875628716
0.33227127901684117,0.012744651797906235,0.012289485662266727,0.6426945835229859
0.3295298950251027,0.010953902327704245,0.01597444089456869,0.6435417617526243
0.3281393217231897,0.009624197983501375,0.014207149404216315,0.6480293308890925
0.3319482917820868,0.009695290858725761,0.014773776546629732,0.6435826408125577
0.3374094202898551,0.009510869565217392,0.014492753623188406,0.6385869565217391
0.3393665158371041,0.010407239819004524,0.013574660633484163,0.6366515837104072
0.3392531876138434,0.012750455373406194,0.011839708561020037,0.6361566484517304
0.3419501133786848,0.011791383219954649,0.011791383219954649,0.6344671201814059
0.3370064279155188,0.014233241505968778,0.013774104683195593,0.6349862258953168
0.3389986219568213,0.011943040881947635,0.0133210840606339,0.6357372531005971
0.34186471663619744,0.012340036563071298,0.010968921389396709,0.6348263254113345
0.3418297678652708,0.013654984069185253,0.010013654984069186,0.6345015930814747
0.3427144802541988,0.01270994098955969,0.006808896958692692,0.6377666817975488
0.34224841341795104,0.012239347234814143,0.008612873980054397,0.6368993653671804
0.3372620126926564,0.012692656391659111,0.009972801450589302,0.6400725294650952
0.3388581952117864,0.013812154696132596,0.010589318600368325,0.6367403314917127
0.3454710969503869,0.014110150204824761,0.007737824305871643,0.6326809285389167
0.34587488667271077,0.01314596554850408,0.006799637352674524,0.6341795104261106
0.3437358661239258,0.011759384893713252,0.006331976481230212,0.6381727725011307
0.34570135746606334,0.00904977375565611,0.006334841628959276,0.6389140271493212
0.3339424394700777,0.010507080858839652,0.007309273640931932,0.6482412060301508
0.33393994540491356,0.01091901728844404,0.007279344858962694,0.6478616924476797
0.3376146788990826,0.011926605504587157,0.005963302752293578,0.6444954128440367
0.3427512737378416,0.012505789717461788,0.00555812876331635,0.6391848077813803
0.3402109124254929,0.011462631820265932,0.005960568546538285,0.6423658872077029
0.34650317892824706,0.009990917347865577,0.006357856494096276,0.6371480472297911
0.34641407307171856,0.011727559765448805,0.005412719891745603,0.6364456472710871
0.34363636363636363,0.010454545454545454,0.005909090909090909,0.64
0.3417315620705451,0.010077874484654145,0.005497022446174988,0.6426935409986257
0.34004576659038904,0.010983981693363844,0.006407322654462242,0.6425629290617849
0.3398544131028208,0.010009099181073703,0.005004549590536852,0.6451319381255687
0.3498201438848921,0.009892086330935251,0.0044964028776978415,0.6357913669064749
0.34490532010820557,0.008115419296663661,0.002705139765554554,0.6442741208295762
0.3484224965706447,0.009144947416552356,0.005029721079103796,0.6374028349336991
0.3517840805123513,0.010064043915827997,0.0036596523330283625,0.6344922232387923
0.3492063492063492,0.006349206349206349,0.0045351473922902496,0.6399092970521542
0.35121731289449953,0.005410279531109108,0.005410279531109108,0.6379621280432822
0.3523197060174552,0.005052824988516307,0.005512172714745062,0.6371152962792834
0.34808126410835216,0.006320541760722348,0.007223476297968397,0.6383747178329571
0.34161771351107095,0.004066877541798464,0.004518752824220515,0.64979665612291
0.34780642243328813,0.006331976481230212,0.006331976481230212,0.6395296246042514
0.3452054794520548,0.00502283105022831,0.0045662100456621,0.6452054794520548
0.3472596585804133,0.005840071877807727,0.005840071877807727,0.6410601976639713
0.35045454545454546,0.006363636363636364,0.005,0.6381818181818182
0.34683659535730543,0.00864815657715066,0.005006827492034593,0.6395084205735093
0.34400731930466605,0.009149130832570906,0.007319304666056725,0.6395242451967064
0.3521897810218978,0.009124087591240875,0.005930656934306569,0.6327554744525548
0.351952770208901,0.011353315168029064,0.006357856494096276,0.6303360581289736
0.35047361299052776,0.013080739738385205,0.0040595399188092015,0.6323861073522778
0.34337899543378997,0.012328767123287671,0.0045662100456621,0.6397260273972603
0.3418181818181818,0.009545454545454546,0.005909090909090909,0.6427272727272727
0.3355855855855856,0.00945945945945946,0.007207207207207207,0.6477477477477478
0.33848953594176523,0.011373976342129208,0.009554140127388535,0.640582347588717
0.3318264014466546,0.011301989150090416,0.013562386980108499,0.6433092224231465
0.3342453260373917,0.011399908800729594,0.010487916096671226,0.6438668490652075
0.3386363636363636,0.007727272727272728,0.012272727272727272,0.6413636363636364
0.34067952249770433,0.006887052341597796,0.012396694214876033,0.6400367309458218
0.33379058070416096,0.005029721079103796,0.012345679012345678,0.6488340192043895
0.33742610277398816,0.005457025920873124,0.010914051841746248,0.6462028194633924
0.3393665158371041,0.0036199095022624436,0.011312217194570135,0.6457013574660634
0.34086715867158673,0.004612546125461255,0.010608856088560886,0.6439114391143912
0.3357731015553522,0.006404391582799634,0.011436413540713633,0.6463860933211345
0.33959670027497707,0.00458295142071494,0.01008249312557287,0.645737855178735
0.33439635535307516,0.005466970387243736,0.007744874715261959,0.6523917995444192
0.3333333333333333,0.007730786721236926,0.0068212824010914054,0.6521145975443383
0.330119375573921,0.011937557392102846,0.0073461891643709825,0.6505968778696052
0.3319559228650138,0.010101010101010102,0.005509641873278237,0.6524334251606979
0.3357664233576642,0.011861313868613138,0.006843065693430657,0.645529197080292
0.3334851936218679,0.009567198177676537,0.006378132118451025,0.6505694760820045
0.3226397800183318,0.010999083409715857,0.007791017415215398,0.6585701191567369
0.32894736842105265,0.008620689655172414,0.005898366606170599,0.6565335753176044
0.32724783204016433,0.007759014148790507,0.006846188954815153,0.65814696485623
0.3234100135317997,0.009021199819576003,0.007216959855660803,0.6603518267929634
0.32873563218390806,0.009195402298850575,0.005977011494252874,0.6560919540229885
0.3208144796380091,0.01085972850678733,0.007692307692307693,0.6606334841628959
0.3135011441647597,0.008237986270022883,0.008695652173913044,0.6695652173913044
0.31244281793229645,0.006404391582799634,0.00777676120768527,0.6733760292772186
0.3138151875571821,0.005946935041171089,0.005946935041171089,0.6742909423604757
0.31377899045020463,0.006366530241018645,0.005911778080945885,0.6739427012278308
0.3096774193548387,0.0064516129032258064,0.004608294930875576,0.6792626728110599
0.31375227686703094,0.006830601092896175,0.0031876138433515485,0.6762295081967213
0.30776255707762556,0.005479452054794521,0.00410958904109589,0.682648401826484
0.3105022831050228,0.00502283105022831,0.005479452054794521,0.6789954337899543
0.3175462336490753,0.005412719891745603,0.007668019846639603,0.6693730266125395
0.31465710443747197,0.00582698341550874,0.005378753922008068,0.6741371582250112
0.31124314442413165,0.008683729433272395,0.005941499085923218,0.6741316270566727
0.30554283096655976,0.009161704076958314,0.007329363261566651,0.6779661016949152
0.30696629213483145,0.00853932584269663,0.00853932584269663,0.6759550561797752
0.3059464366772583,0.009078529278256923,0.009532455742169769,0.675442578302315
0.31269769543605963,0.00858563036601898,0.011296882060551287,0.6674197921373701
0.3125,0.007246376811594203,0.010869565217391304,0.6693840579710145
0.31581352833638027,0.007769652650822669,0.007312614259597806,0.6691042047531993
0.31272727272727274,0.005909090909090909,0.006818181818181818,0.6745454545454546
0.31060948081264106,0.007223476297968397,0.005869074492099322,0.6762979683972912
0.30748422001803427,0.009017132551848512,0.0036068530207394047,0.6798917944093779
0.31803725579282144,0.009541117673784643,0.002271694684234439,0.6701499318491595
0.3180580762250454,0.008620689655172414,0.0027223230490018148,0.6705989110707804
0.31493212669683257,0.007239819004524887,0.004072398190045249,0.6737556561085973
0.3104545454545454,0.009545454545454546,0.005,0.675
0.3148741418764302,0.009610983981693364,0.004118993135011442,0.671395881006865
0.3085349155636696,0.012323140118667275,0.0027384755819260614,0.6764034687357371
0.30881017257039056,0.01407811080835604,0.004087193460490463,0.6730245231607629
0.3090909090909091,0.014090909090909091,0.005,0.6718181818181819
0.30797266514806376,0.01685649202733485,0.004555808656036446,0.6706150341685649
0.3072371415566682,0.015475648611743286,0.005006827492034593,0.6722803823395539
0.3100137174211248,0.013717421124828532,0.003200731595793324,0.6730681298582533
0.3108477666362808,0.01504102096627165,0.0036463081130355514,0.6704649042844121
0.3067456700091158,0.015496809480401094,0.004557885141294439,0.6731996353691887
0.31321444901691814,0.015546410608139003,0.004572473708276178,0.6666666666666666
0.30995475113122173,0.01493212669683258,0.009502262443438913,0.6656108597285068
0.31571753986332574,0.015489749430523917,0.00683371298405467,0.6619589977220957
0.31306715063520874,0.012250453720508167,0.0054446460980036296,0.6692377495462795
0.31353591160220995,0.011970534069981584,0.006445672191528545,0.66804788213628
0.3115875912408759,0.011405109489051095,0.008211678832116789,0.6687956204379562
0.3170620437956204,0.010492700729927007,0.008667883211678832,0.6637773722627737
0.31270059605685463,0.012838147638697846,0.011462631820265932,0.6629986244841816
0.31183786273606634,0.010594196222938737,0.011976047904191617,0.6655918931368033
0.31550068587105623,0.009144947416552356,0.013260173754000914,0.6620941929583904
0.3084370677731674,0.011526048870447211,0.009681881051175657,0.6703550023052097
0.3000460193281178,0.011965025310630465,0.009664058904739991,0.6783248964565117
0.2936580882352941,0.011948529411764705,0.011029411764705883,0.6833639705882353
0.29672358098754037,0.011536686663590217,0.011998154130133826,0.6797415782187356
0.3015006821282401,0.010004547521600727,0.015461573442473852,0.6730331969076853
0.29904415111515703,0.008192990441511151,0.01456531634046427,0.6781975421028675
0.3015075376884422,0.009593421653723162,0.015532206486980357,0.6733668341708543
0.3043879907621247,0.006928406466512702,0.013856812933025405,0.6748267898383372
0.3052007299270073,0.0072992700729927005,0.01322992700729927,0.6742700729927007
0.30241018644838563,0.009549795361527967,0.015916325602546612,0.6721236925875398
0.2937956204379562,0.010036496350364963,0.013686131386861315,0.6824817518248175
0.30068649885583526,0.010526315789473684,0.009610983981693364,0.6791762013729977
0.3074463225216994,0.009136592051164915,0.0077661032434901784,0.6756509821836455
0.3026255181943805,0.009672961768770152,0.008291110087517274,0.6794104099493321
0.30027422303473494,0.010054844606946984,0.007312614259597806,0.6823583180987203
0.2945421741091565,0.007668019846639603,0.007216959855660803,0.6905728461885431
0.29850746268656714,0.005879692446856626,0.008593396653098146,0.687019448213478
0.302262443438914,0.004977375565610859,0.006787330316742082,0.685972850678733
0.2988980716253444,0.005968778696051423,0.007805325987144169,0.6873278236914601
0.2970749542961609,0.007769652650822669,0.006855575868372943,0.6882998171846435
0.29697525206232817,0.007791017415215398,0.00458295142071494,0.6906507791017416
0.29528985507246375,0.008605072463768116,0.004981884057971014,0.6911231884057971
0.29422632794457276,0.006466512702078522,0.007390300230946882,0.6919168591224019
0.29076711070280203,0.006430868167202572,0.008727606798346348,0.6940744143316491
0.28956999085086915,0.006404391582799634,0.005946935041171089,0.6980786825251601
0.2829931972789116,0.0058956916099773245,0.006802721088435374,0.7043083900226758
0.2745545911375057,0.006395614435815441,0.00867976244860667,0.7103700319780721
0.2771689497716895,0.006392694063926941,0.006392694063926941,0.7100456621004566
0.2774988589685075,0.008215426745778184,0.005020538566864446,0.7092651757188498
0.2775011317338162,0.008148483476686284,0.002716161158895428,0.7116342236306021
0.27943840579710144,0.009510869565217392,0.0036231884057971015,0.707427536231884
0.2796187017703132,0.009986382206082615,0.0022696323195642307,0.7081252837040399
0.2767210144927536,0.011322463768115942,0.0022644927536231885,0.7096920289855072
0.27556166895919304,0.01054562127464466,0.002751031636863824,0.7111416781292985
0.2677272727272727,0.009545454545454546,0.005,0.7177272727272728
0.26815897670169025,0.010507080858839652,0.005938784833257195,0.7153951576062129
0.279445727482679,0.007852193995381063,0.004618937644341801,0.7080831408775982
0.2791762013729977,0.007322654462242563,0.005034324942791762,0.708466819221968
0.28001833180568286,0.01008249312557287,0.005499541704857928,0.7043996333638863
0.27634554500226144,0.009497964721845319,0.008141112618724558,0.7060153776571687
0.27351203998182644,0.009541117673784643,0.0068150840527033164,0.7101317582916856
0.26899016979445933,0.008936550491510277,0.00580875781948168,0.7162645218945487
0.2669395179627103,0.008640291041382447,0.006366530241018645,0.7180536607548886
0.26594301221166894,0.005879692446856626,0.008141112618724558,0.7200361827227499
0.2676950998185118,0.006805807622504537,0.008166969147005444,0.7173321234119783
0.26848428835489835,0.006469500924214418,0.009242144177449169,0.7158040665434381
0.2674043337943753,0.005532503457814661,0.010142923005993546,0.7169202397418165
0.260054844606947,0.007769652650822669,0.011882998171846435,0.720292504570384
0.2568724650743578,0.00811176205497972,0.011716989634970707,0.7232987832356917
0.2592255125284738,0.009111617312072893,0.009567198177676537,0.7220956719817767
0.2607502287282708,0.00869167429094236,0.00869167429094236,0.7218664226898445
0.26301493888637395,0.007243096423721141,0.009959257582616569,0.7197827071072883
0.2598460842009959,0.007243096423721141,0.010864644635581712,0.7220461747397012
0.26703246456332874,0.00594421582075903,0.00823045267489712,0.7187928669410151
0.27532228360957645,0.005985267034990792,0.0055248618784530384,0.7131675874769797
0.2652689152233364,0.007292616226071103,0.005925250683682771,0.7215132178669098
0.27003642987249543,0.005919854280510018,0.006830601092896175,0.7172131147540983
0.271532184950136,0.004533091568449683,0.006346328195829556,0.7175883952855848
0.2715654952076677,0.005933363760839799,0.005933363760839799,0.7165677772706527
0.2705510388437218,0.004516711833785004,0.006323396567299007,0.7186088527551943
0.27371765773944623,0.003631411711302769,0.004993191103041307,0.7176577394462097
0.2800726282342261,0.005447117566954153,0.004993191103041307,0.7094870630957785
0.27708146821844226,0.006266786034019696,0.006266786034019696,0.7103849597135183
0.2779783393501805,0.006768953068592058,0.007671480144404332,0.7075812274368231
0.28886885984677785,0.008562415502478594,0.005407841369986481,0.6971608832807571
0.2943861250570516,0.007759014148790507,0.005476951163852123,0.6923779096303058
0.2934485896269336,0.0077343039126478615,0.007279344858962694,0.6915377616014559
0.29363636363636364,0.008636363636363636,0.005909090909090909,0.6918181818181818
0.29508949059201467,0.005507113354749885,0.004130335016062414,0.695273061037173
0.28757875787578757,0.008550855085508551,0.004500450045004501,0.6993699369936993
0.2877959927140255,0.006830601092896175,0.005009107468123861,0.7003642987249544
0.2824427480916031,0.008082622361921869,0.007184553210597216,0.7022900763358778
0.2818181818181818,0.006818181818181818,0.006363636363636364,0.705
0.2871559633027523,0.005963302752293578,0.007798165137614679,0.6990825688073394
0.28383287920072664,0.005903723887375113,0.009082652134423252,0.701180744777475
0.278568150527765,0.005048187241854061,0.008719596145020651,0.7076640660853603
0.27350813743218805,0.006329113924050633,0.008589511754068717,0.7115732368896925
0.2760036496350365,0.0072992700729927005,0.008211678832116789,0.7084854014598541
0.2782888684452622,0.005519779208831647,0.0078196872125115,0.7083716651333947
0.2874715261958998,0.005011389521640091,0.007289293849658315,0.7002277904328018
0.283507496592458,0.0068150840527033164,0.007269422989550204,0.7024079963652885
0.28009049773755657,0.006787330316742082,0.00904977375565611,0.7040723981900453
