C,D,Oc,Od
0.0,0.0,0.0,1.0
0.0,0.0,0.3333333333333333,0.6666666666666666
0.09090909090909091,0.0,0.36363636363636365,0.5454545454545454
0.047619047619047616,0.0,0.38095238095238093,0.5714285714285714
0.02564102564102564,0.0,0.4358974358974359,0.5384615384615384
0.03389830508474576,0.01694915254237288,0.4406779661016949,0.5084745762711864
0.05747126436781609,0.022988505747126436,0.3793103448275862,0.5402298850574713
0.06837606837606838,0.03418803418803419,0.36752136752136755,0.5299145299145299
0.08235294117647059,0.041176470588235294,0.3588235294117647,0.5176470588235295
0.09871244635193133,0.04291845493562232,0.37339055793991416,0.48497854077253216
0.1174496644295302,0.040268456375838924,0.3523489932885906,0.4899328859060403
0.14786967418546365,0.047619047619047616,0.3333333333333333,0.47117794486215536
0.158953722334004,0.03822937625754527,0.3420523138832998,0.4607645875251509
0.15614617940199335,0.03488372093023256,0.3504983388704319,0.4584717607973422
0.165075034106412,0.0286493860845839,0.3506139154160982,0.45566166439290584
0.16930022573363432,0.024830699774266364,0.3431151241534989,0.46275395033860045
0.18129218900675023,0.029893924783027964,0.3452266152362584,0.44358727097396333
0.18196994991652754,0.03171953255425709,0.34891485809682804,0.4373956594323873
0.18403547671840353,0.031042128603104215,0.34811529933481156,0.43680709534368073
0.18027210884353742,0.0326530612244898,0.354421768707483,0.4326530612244898
0.18268015170670038,0.035398230088495575,0.3666245259165613,0.41529709228824274
0.18555490311215503,0.03288314738696418,0.3775689958896066,0.40399295361127424
0.18675352877307275,0.039630836047774155,0.3783930510314875,0.3952225841476656
0.17667844522968199,0.038869257950530034,0.3871781928319031,0.39727410398788493
0.17592592592592593,0.04093567251461988,0.38499025341130605,0.39814814814814814
0.17270588235294118,0.04188235294117647,0.392,0.39341176470588235
0.1709242916860195,0.043195541105434276,0.3961913608917789,0.3896888063167673
0.16774193548387098,0.04331797235023042,0.4046082949308756,0.38433179723502303
0.163882618510158,0.04153498871331828,0.4054176072234763,0.3891647855530474
0.16967509025270758,0.04287003610108303,0.4020758122743682,0.38537906137184114
0.16659282233052725,0.04474966770048737,0.4062915374390784,0.38236597252990695
0.1654867256637168,0.048230088495575224,0.40486725663716816,0.38141592920353984
0.17156647652479157,0.0434401053093462,0.4050021939447126,0.3799912242211496
0.17530755711775045,0.048330404217926184,0.3954305799648506,0.38093145869947276
0.17563989408649602,0.04677846425419241,0.3879082082965578,0.38967343336275373
0.1797153024911032,0.0498220640569395,0.39101423487544484,0.37944839857651247
0.1767032967032967,0.052307692307692305,0.39076923076923076,0.3802197802197802
0.18134034165571616,0.05694261936049058,0.3832676303109943,0.37844940867279897
0.18173836698858647,0.058823529411764705,0.3867427568042142,0.3726953467954346
0.1831357048748353,0.06455862977602109,0.380764163372859,0.3715415019762846
0.18481123792800702,0.06716417910447761,0.3805970149253731,0.3674275680421422
0.18249780123131046,0.0681618293755497,0.38214599824098505,0.3671943711521548
0.17711530030688294,0.07014467338886453,0.3822884699693117,0.3704515563349408
0.17595048629531387,0.07206012378426171,0.38417329796640143,0.367816091954023
0.18141980718667836,0.07011393514460999,0.3895705521472393,0.3588957055214724
0.18173875054608998,0.07033639143730887,0.39143730886850153,0.3564875491480996
0.1789611523352248,0.07420340462680053,0.38804015713662154,0.3587952859013531
0.18556244464127547,0.07174490699734277,0.38972542072630645,0.35296722763507526
0.18173797970886635,0.0741067490074989,0.3886193206881341,0.35553595059550064
0.1886293521375055,0.07315998237108859,0.3834288232701631,0.3547818422212428
0.18898678414096917,0.07400881057268723,0.3832599118942731,0.3537444933920705
0.18253968253968253,0.0701058201058201,0.3897707231040564,0.3575837742504409
0.18433787945446548,0.0708315002199736,0.3902331720193577,0.35459744830620327
0.18518518518518517,0.07539682539682539,0.390652557319224,0.3487654320987654
0.1928888888888889,0.07288888888888889,0.39111111111111113,0.3431111111111111
0.19595782073813708,0.07161687170474516,0.38576449912126537,0.3466608084358524
0.19397697077059345,0.0704162976085031,0.39193976970770594,0.3436669619131975
0.19691629955947137,0.07136563876651983,0.3973568281938326,0.3343612334801762
0.20369555653321603,0.07171139463264409,0.3893532776066872,0.3352397712274527
0.20380194518125552,0.07117595048629531,0.38461538461538464,0.34040671971706454
0.20352422907488987,0.07268722466960352,0.3841409691629956,0.33964757709251103
0.19956043956043956,0.07692307692307693,0.3854945054945055,0.33802197802197803
0.20325560932688078,0.07567091948966125,0.38671359436867575,0.33435987681478224
0.20434397163120568,0.0775709219858156,0.3882978723404255,0.32978723404255317
0.20280948200175591,0.07945566286215978,0.3784021071115013,0.33933274802458296
0.19902912621359223,0.08296557811120918,0.37511032656663723,0.3428949691085613
0.2043859649122807,0.08333333333333333,0.3736842105263158,0.3385964912280702
0.20811287477954143,0.08774250440917107,0.37037037037037035,0.33377425044091713
0.20959929546455305,0.09202994275649494,0.3720827829150154,0.32628797886393657
0.20707964601769913,0.09557522123893805,0.3734513274336283,0.3238938053097345
0.20877192982456141,0.0969298245614035,0.3671052631578947,0.32719298245614037
0.20820467578297308,0.10057344508160565,0.36612262902514336,0.3250992501102779
0.20455540954883925,0.10249671484888305,0.3609286027157249,0.3320192728865528
0.20053120849933598,0.10579902611775122,0.3683045595396193,0.3253652058432935
0.2005323868677906,0.10780834072759539,0.3598047914818101,0.3318544809228039
0.20302087960906265,0.11106175033318526,0.35806308307418927,0.32785428698356284
0.19947275922671354,0.11335676625659051,0.35676625659050965,0.3304042179261863
0.19991173874669022,0.11518093556928509,0.3503971756398941,0.33451015004413065
0.19533655961284646,0.1161460624725033,0.3466783985921689,0.3418389793224813
0.19725785050862452,0.11455108359133127,0.35117204776647504,0.3370190181335692
0.19087688219663418,0.11780336581045173,0.3520814880425155,0.3392382639503986
0.19246119733924613,0.11662971175166297,0.3490022172949002,0.3419068736141907
0.1888449714536671,0.12033377250768555,0.3500219587176109,0.3407992973210365
0.19001325673884226,0.11489173663278833,0.3535130357931949,0.34158197083517455
0.19353429445172565,0.11708169506334644,0.34993446920052423,0.3394495412844037
0.1958443854995579,0.11317418213969938,0.35145888594164454,0.3395225464190981
0.1992929739284136,0.11312417145382236,0.34909412284577995,0.3384887317719841
0.19600173837461973,0.11820947414167753,0.3524554541503694,0.3333333333333333
0.1974438078448656,0.12075804319083297,0.35257822829440283,0.32921992066989864
0.2001759788825341,0.12538495380554335,0.3457985041794985,0.3286405631324241
0.20335985853227231,0.1290893015030946,0.34615384615384615,0.3213969938107869
0.20633523977122745,0.12538495380554335,0.3418389793224813,0.3264408271007479
0.202726473175022,0.12708883025505716,0.3386103781882146,0.33157431838170626
0.20132450331125828,0.12494481236203091,0.3483443708609272,0.32538631346578367
0.20362190812720848,0.12897526501766785,0.3365724381625442,0.3308303886925795
0.20368744512730466,0.13125548726953468,0.33977172958735735,0.32528533801580334
0.20618101545253864,0.13509933774834437,0.3315673289183223,0.3271523178807947
0.20838911200356983,0.14368585452922802,0.32663989290495316,0.321285140562249
0.20271453590192645,0.1436077057793345,0.3253064798598949,0.3283712784588441
0.20419763882815917,0.1429820725841714,0.3314385658067337,0.32138172278093574
0.20008853474988933,0.14209827357237717,0.33421868083222667,0.3235945108455069
0.19805481874447392,0.14633068081343945,0.3359858532272325,0.3196286472148541
0.19602649006622516,0.15011037527593818,0.3337748344370861,0.3200883002207506
0.19938515590689504,0.1510759771629337,0.32674571805006586,0.3227931488801054
0.19477644975652944,0.15272244355909695,0.33111996458610005,0.32138114209827356
0.19736263736263737,0.15472527472527473,0.3252747252747253,0.32263736263736265
0.20167696381288613,0.1553398058252427,0.32568402471315094,0.3172992056487202
0.19629466254962505,0.15747684164093514,0.32686369651521835,0.31936479929422146
0.19858469703670942,0.15479876160990713,0.3290579389650597,0.31755860238832373
0.1945302161446846,0.16012351124834584,0.32730480811645346,0.3180414644905161
0.19689578713968958,0.15787139689578714,0.33126385809312636,0.3139689578713969
0.19806763285024154,0.1572244180939833,0.3346508563899868,0.3100570926657883
0.19796730004418914,0.15598762704374725,0.3384887317719841,0.3075563411400795
0.19685726756874727,0.16019205587079877,0.3387167175905718,0.30423395896988215
0.19832155477031801,0.16298586572438162,0.3378975265017668,0.30079505300353354
0.20293724966622162,0.157543391188251,0.3377837116154873,0.30173564753004006
0.19982547993019198,0.16055846422338568,0.33726003490401396,0.3023560209424084
0.20301418439716312,0.162677304964539,0.33687943262411346,0.2974290780141844
0.2019315188762072,0.1611062335381914,0.33845478489903424,0.29850746268656714
0.19991193306913255,0.16380449141347425,0.3386173491853809,0.29766622633201234
0.20344218887908208,0.16725507502206532,0.3340688437775816,0.29523389232127095
0.20176211453744494,0.17004405286343613,0.3237885462555066,0.30440528634361236
0.20141342756183744,0.17137809187279152,0.3250883392226148,0.30212014134275617
0.20334507042253522,0.16681338028169015,0.3301056338028169,0.29973591549295775
0.2043859649122807,0.17149122807017544,0.3333333333333333,0.29078947368421054
0.20607661822985468,0.17173051519154559,0.332892998678996,0.2892998678996037
0.21180096873623955,0.17217084984588288,0.3276089828269485,0.2884191985909291
0.2111801242236025,0.17346938775510204,0.318544809228039,0.2968056787932564
0.21015761821366025,0.17162872154115585,0.3226795096322242,0.29553415061295973
0.20877192982456141,0.1723684210526316,0.3157894736842105,0.3030701754385965
0.2133743950725913,0.17421909370875496,0.3167619885613726,0.29564452265728114
0.21529619805481875,0.17197170645446508,0.3183023872679045,0.29442970822281167
0.20947741364038971,0.1678476527900797,0.32108060230292296,0.3015943312666076
0.2118270079435128,0.16946160635481025,0.3195057369814651,0.2992056487202118
0.21022727272727273,0.16826923076923078,0.3159965034965035,0.305506993006993
0.208955223880597,0.1672519754170325,0.31562774363476737,0.30816505706760317
0.2097197898423818,0.17162872154115585,0.3147985989492119,0.30385288966725044
0.20818661971830985,0.17033450704225353,0.31690140845070425,0.3045774647887324
0.20809502859656842,0.1737791465024197,0.31940167179938406,0.2987241531016278
0.20802115469369767,0.17011899515204937,0.3204054649625386,0.3014543851917144
0.21022476862053768,0.17100044072278536,0.31555751432349055,0.3032172763331864
0.20642605633802816,0.17077464788732394,0.31866197183098594,0.304137323943662
0.2147239263803681,0.17177914110429449,0.31989482909728306,0.2936021034180543
0.21674662014827736,0.170082860880942,0.3170518970780637,0.296118621892717
0.2212934447866256,0.17641882974043116,0.31060272767267927,0.29168499780026397
0.22177954847277556,0.1783975210270031,0.30677290836653387,0.29305002213368747
0.21935201401050788,0.18038528896672504,0.30385288966725044,0.29640980735551664
0.21972699251431088,0.17789520035226772,0.31131660061646854,0.2910612065169529
0.22419140451927339,0.17589720868409392,0.3088170137350465,0.2910943730615862
0.22982991713911904,0.17662450937636284,0.30963802878325336,0.2839075447012647
0.2204724409448819,0.1815398075240595,0.31452318460192474,0.28346456692913385
0.23097345132743363,0.18672566371681415,0.297787610619469,0.2845132743362832
0.22755281690140844,0.19058098591549297,0.2975352112676056,0.28433098591549294
0.2263249348392702,0.18809730668983493,0.29800173761946136,0.2875760208514335
0.2286212914485166,0.18673647469458987,0.2962478184991274,0.28839441535776617
0.22787028921998248,0.18141980718667836,0.2992988606485539,0.29141104294478526
0.22407732864674867,0.18497363796133567,0.29130052724077327,0.29964850615114236
0.22148541114058357,0.1878868258178603,0.2922192749778957,0.2984084880636605
0.22403169014084506,0.18661971830985916,0.2909330985915493,0.2984154929577465
0.22246793454223796,0.18752764263600177,0.29455992923485186,0.29544449358690844
0.22599118942731278,0.18854625550660792,0.2947136563876652,0.2907488986784141
0.22501100836635843,0.18494055482166447,0.29590488771466317,0.29414354909731394
0.23012736056214317,0.17610891523935002,0.2995169082125604,0.29424681598594643
0.23483195111305108,0.1828895678742907,0.29332169358358795,0.28895678742907027
0.23134328358208955,0.19271290605794555,0.2914837576821773,0.2844600526777875
0.2283464566929134,0.19335083114610674,0.2900262467191601,0.2882764654418198
0.22733303847854933,0.18973905351614329,0.29102167182662536,0.291906236178682
0.22519754170324846,0.18964003511852504,0.2980684811237928,0.2870939420544337
0.22579225352112675,0.19278169014084506,0.2970950704225352,0.28433098591549294
0.2251101321585903,0.19559471365638767,0.2982378854625551,0.28105726872246695
0.22304995617879053,0.19588080631025417,0.2992988606485539,0.2817703768624014
0.22580645161290322,0.19752540874944763,0.29474149359257623,0.2819266460450729
0.22580645161290322,0.19664162615996464,0.28678745028722935,0.2907644719399028
0.2226596675415573,0.19816272965879264,0.2900262467191601,0.2891513560804899
0.22173723264949805,0.19773024879965082,0.2911392405063291,0.28939327804452203
0.22163355408388521,0.2052980132450331,0.28962472406181017,0.28344370860927154
0.22819383259911893,0.19911894273127753,0.2907488986784141,0.28193832599118945
0.22879858657243815,0.20097173144876326,0.2871024734982332,0.2831272084805654
0.23324514991181658,0.20899470899470898,0.27557319223985893,0.2821869488536155
0.2335958005249344,0.20384951881014873,0.27384076990376205,0.2887139107611549
0.23547671840354767,0.20221729490022172,0.2753880266075388,0.2869179600886918
0.23219814241486067,0.20610349402919062,0.2799646174259177,0.28173374613003094
0.2393048128342246,0.20989304812834225,0.2727272727272727,0.27807486631016043
0.23421052631578948,0.2118421052631579,0.27017543859649124,0.2837719298245614
0.23157894736842105,0.2179824561403509,0.2719298245614035,0.27850877192982454
0.2334065934065934,0.22153846153846155,0.27164835164835166,0.2734065934065934
0.2346442775077331,0.2129916040653999,0.273972602739726,0.278391515687141
0.2337719298245614,0.21929824561403508,0.2771929824561403,0.26973684210526316
0.239647577092511,0.21365638766519823,0.27268722466960355,0.2740088105726872
0.240625,0.21339285714285713,0.26964285714285713,0.27633928571428573
0.2419210053859964,0.20421903052064633,0.2751346499102334,0.27872531418312385
0.24068391056554142,0.20517316966242877,0.27268741779921085,0.28145550197281893
0.23680709534368072,0.2075388026607539,0.270509977827051,0.2851441241685144
0.24638316527838666,0.20385795703638754,0.27005699254712845,0.27970188513809735
0.24573677306515085,0.20026235242675994,0.27153476169654567,0.2824661128115435
0.2497801231310466,0.19832893579595426,0.2700087950747581,0.28188214599824096
0.24077328646748683,0.20342706502636204,0.2719683655536028,0.28383128295254834
0.23985890652557318,0.20590828924162258,0.2641093474426808,0.29012345679012347
0.24735915492957747,0.20158450704225353,0.26848591549295775,0.28257042253521125
0.24705368834570057,0.2020951549541685,0.2627673505019642,0.28808380619816676
0.25065847234416155,0.20412642669007902,0.26865671641791045,0.276558384547849
0.25263157894736843,0.20087719298245615,0.26710526315789473,0.2793859649122807
0.24834583149536832,0.2046757829730922,0.2726069695632995,0.27437141596823994
0.24587315377932234,0.2050390964378801,0.27541268462206775,0.2736750651607298
0.24856765094755398,0.20185103569854562,0.27677390921110623,0.2728074041427942
0.25387682764731945,0.19672131147540983,0.2764731945059814,0.2729286663712893
0.2460387323943662,0.2007042253521127,0.27816901408450706,0.27508802816901406
0.2513157894736842,0.19736842105263158,0.275,0.27631578947368424
0.254207263064659,0.19441984056687334,0.27723649247121346,0.2741364038972542
0.25362637362637364,0.1934065934065934,0.26989010989010986,0.28307692307692306
0.252414398595259,0.1900790166812994,0.2726075504828797,0.2848990342405619
0.25636523266022826,0.1861281826163301,0.271729587357331,0.2857769973661106
0.2600264433671221,0.19039224327897752,0.2666372851476421,0.28294402820625825
0.25929164844774816,0.18670747704416266,0.270222999562746,0.28377787494534323
0.2550306211723535,0.18985126859142606,0.26815398075240593,0.2869641294838145
0.2589991220368745,0.1922739244951712,0.2660228270412643,0.28270412642669007
0.256993006993007,0.18924825174825174,0.2679195804195804,0.28583916083916083
0.26029798422436456,0.19193689745836984,0.26292725679228746,0.2848378615249781
0.2583187390542907,0.19614711033274956,0.2578809106830123,0.28765323992994746
0.26238286479250333,0.1999107541276216,0.25524319500223114,0.2824631860776439
0.26455026455026454,0.1984126984126984,0.2588183421516755,0.27821869488536155
0.26482389656709765,0.1930450289790459,0.2599197503343736,0.28221132411948285
0.26649076517150394,0.1868953386103782,0.2598944591029024,0.28671943711521547
0.2653421633554084,0.1880794701986755,0.2618101545253863,0.2847682119205298
0.26601855943437913,0.18603623508616882,0.2664604507291206,0.2814847547503314
0.2677861246133451,0.18780380026513477,0.2691117984975696,0.2752982766239505
0.2724458204334365,0.18885448916408668,0.25696594427244585,0.28173374613003094
0.26978574551814605,0.18714473108876256,0.2641014429383472,0.2789680804547442
0.2693321616871705,0.18804920913884007,0.26537785588752194,0.2772407732864675
0.2665788317962231,0.19104084321475626,0.2678963548528766,0.27448397013614406
0.2641758241758242,0.1920879120879121,0.269010989010989,0.27472527472527475
0.2621317157712305,0.1975736568457539,0.2673310225303293,0.2729636048526863
0.25976305397103994,0.20315928038613426,0.2606406318560772,0.27643703378674855
0.25935711140466755,0.20035226772346984,0.2672831351827389,0.27300748568912375
0.26243339253996445,0.1993783303730018,0.26598579040852577,0.272202486678508
0.2617893345085941,0.20493609519612163,0.2617893345085941,0.27148523578669015
0.25921052631578945,0.21096491228070174,0.26535087719298245,0.2644736842105263
0.26294995610184374,0.21027216856892011,0.2647058823529412,0.262071992976295
0.2736842105263158,0.21096491228070174,0.262719298245614,0.25263157894736843
0.2688927943760984,0.2148506151142355,0.2609841827768014,0.2552724077328647
0.26246140273489194,0.2121746801940891,0.2651080723423026,0.2602558447287164
0.2580078982009653,0.22202720491443614,0.2650285212812637,0.2549363756033348
0.2600441501103753,0.21677704194260486,0.26887417218543047,0.2543046357615894
0.26748790145182577,0.21777386713594368,0.2600087989441267,0.2547294324681038
0.2677787532923617,0.21729587357330993,0.25417032484635643,0.2607550482879719
0.2654320987654321,0.21693121693121692,0.2526455026455027,0.26499118165784835
0.26505494505494503,0.2189010989010989,0.25362637362637364,0.2624175824175824
0.26435773783428324,0.21437965804471723,0.2516440157825515,0.26961858833844804
0.2547211242863417,0.21958717610891523,0.25735617039964864,0.2683355292050944
0.254962505513895,0.22143802382002647,0.2567269519188355,0.26687251874724305
0.26130873956960915,0.22178304787000439,0.2547211242863417,0.2621870882740448
0.2583668005354752,0.2248995983935743,0.25479696564033916,0.26193663543061135
0.2640176600441501,0.23002207505518762,0.2503311258278146,0.2556291390728477
0.26044874615046193,0.22745270567531897,0.2556093268807743,0.2564892212934448
0.26005244755244755,0.22552447552447552,0.2556818181818182,0.25874125874125875
0.2567151034786438,0.22324966974900926,0.25451343020695727,0.2655217965653897
0.2585301837270341,0.21872265966754156,0.25240594925634297,0.27034120734908135
0.2530594405594406,0.2215909090909091,0.2513111888111888,0.27403846153846156
0.25617283950617287,0.2208994708994709,0.24735449735449735,0.27557319223985893
0.2515364354697103,0.22036874451273047,0.24582967515364354,0.28226514486391574
0.25619469026548675,0.2150442477876106,0.2517699115044248,0.27699115044247785
0.2578947368421053,0.21754385964912282,0.2442982456140351,0.2802631578947368
0.25769569041336854,0.22251539138082674,0.24450307827616535,0.2752858399296394
0.2581497797356828,0.22378854625550662,0.24008810572687225,0.2779735682819383
0.2597345132743363,0.2234513274336283,0.24026548672566372,0.27654867256637167
0.26077298978231894,0.22789871168369613,0.23545091070635274,0.27587738782763216
0.25530035335689044,0.22217314487632508,0.23674911660777384,0.2857773851590106
0.2536327608982827,0.22016732716864817,0.23645970937912814,0.289740202553941
0.2510974539069359,0.22344161545215102,0.23397717295873574,0.2914837576821773
0.2543936731107206,0.22319859402460457,0.22978910369068542,0.29261862917398945
0.2546637744034707,0.22039045553145337,0.23167028199566161,0.29327548806941434
0.25165562913907286,0.21545253863134659,0.23532008830022075,0.2975717439293598
0.24681598594642074,0.2178304787000439,0.23583662714097497,0.2995169082125604
0.25033348154735435,0.21164962205424634,0.23699421965317918,0.3010226767452201
0.2524271844660194,0.21712268314210062,0.23036187113857018,0.3000882612533098
0.25799386771791505,0.21901007446342532,0.22996057818659657,0.29303547963206306
0.26130873956960915,0.21387790953008345,0.22485726833552921,0.29995608256477824
0.2583774250440917,0.21252204585537918,0.23015873015873015,0.29894179894179895
0.2567269519188355,0.21041023378914867,0.23070136744596384,0.30216144684605206
0.2594068171757415,0.20849933598937584,0.23240371845949534,0.29969012837538733
0.2576769025367156,0.205607476635514,0.2363150867823765,0.30040053404539385
0.2650814619110524,0.2069572875385293,0.23601937472479084,0.2919418758256275
0.258688957325121,0.20985481742190937,0.23757149142102948,0.2938847338319402
0.25891677675033026,0.20959929546455305,0.23337736679876706,0.29810656098634963
0.26115775519222273,0.20945647370746795,0.23552806009721608,0.2938577110030932
0.2565584704313028,0.20987105380168963,0.2436638506002668,0.28990662516674076
0.2608886933567972,0.20985481742190937,0.2432908051033876,0.28596568411790585
0.26244541484716155,0.211353711790393,0.2441048034934498,0.28209606986899566
0.2687089715536105,0.20831509846827134,0.24638949671772428,0.2765864332603939
0.2593242650285213,0.2198332602018429,0.23826239578762615,0.28258007898200965
0.2682280159080866,0.21564295183384888,0.23685373398144058,0.27927529827662395
0.26918018412976763,0.21701008329679966,0.2389302937308198,0.2748794388426129
0.27164310954063603,0.21024734982332155,0.2420494699646643,0.2760600706713781
0.27665198237885463,0.20881057268722467,0.24052863436123348,0.2740088105726872
0.27900797165633306,0.20903454384410983,0.24047829937998227,0.27147918511957486
0.28205128205128205,0.20822281167108753,0.24005305039787797,0.2696728558797524
0.27976980965028775,0.20761398849048252,0.24081451969898185,0.2718016821602479
0.28272251308900526,0.21160558464223386,0.23603839441535776,0.2696335078534031
0.2842197035745423,0.21316477768090672,0.23408892763731473,0.26852659110723626
0.28118113706478626,0.21727633318642575,0.23137946231820186,0.27016306743058616
0.2790492957746479,0.2227112676056338,0.2249119718309859,0.2733274647887324
0.2751322751322751,0.22354497354497355,0.22971781305114639,0.2716049382716049
0.2849604221635884,0.22559366754617413,0.2264731750219877,0.26297273526824977
0.2814004376367615,0.21925601750547047,0.2315098468271335,0.26783369803063456
0.28250330542089025,0.21330982811811372,0.23314235345967388,0.27104451300132215
0.2865342163355408,0.21368653421633554,0.2304635761589404,0.2693156732891832
0.29867256637168144,0.2163716814159292,0.21991150442477875,0.2650442477876106
0.2920277296360485,0.21490467937608318,0.2296360485268631,0.2634315424610052
0.29385574354407834,0.21772039180765806,0.22395369545859306,0.26447016918967053
0.29513274336283185,0.2150442477876106,0.22787610619469026,0.26194690265486725
0.29179464677490125,0.2250987275120667,0.22202720491443614,0.26107942079859586
0.2938577110030932,0.2205037560760053,0.22271321254971277,