C,D,Oc,Od
0.0,0.0,1.0,0.0
0.0,0.3333333333333333,0.6666666666666666,0.0
0.0,0.4166666666666667,0.5833333333333334,0.0
0.08,0.32,0.6,0.0
0.06818181818181818,0.29545454545454547,0.5909090909090909,0.045454545454545456
0.08333333333333333,0.2916666666666667,0.5694444444444444,0.05555555555555555
0.08571428571428572,0.2761904761904762,0.5619047619047619,0.0761904761904762
0.06289308176100629,0.2830188679245283,0.5408805031446541,0.11320754716981132
0.06751054852320675,0.28270042194092826,0.5063291139240507,0.14345991561181434
0.07317073170731707,0.2865853658536585,0.46646341463414637,0.17378048780487804
0.0787037037037037,0.30324074074074076,0.4398148148148148,0.17824074074074073
0.0831858407079646,0.30796460176991153,0.42123893805309737,0.18761061946902655
0.09246088193456614,0.30867709815078237,0.3968705547652916,0.2019914651493599
0.0989522700814901,0.31548311990686845,0.3760186263096624,0.20954598370197905
0.10619469026548672,0.3087512291052114,0.3687315634218289,0.21632251720747295
0.10804020100502512,0.32160804020100503,0.3492462311557789,0.22110552763819097
0.11903012490815577,0.30492285084496695,0.3438648052902278,0.23218221895664953
0.12220762155059132,0.3035479632063075,0.32982917214191854,0.24441524310118265
0.12114014251781473,0.3004750593824228,0.32422802850356297,0.25415676959619954
0.13453159041394336,0.3033769063180828,0.3028322440087146,0.25925925925925924
0.14034179181771103,0.2941481097876748,0.2967374417400311,0.2687726566545831
0.150390625,0.29296875,0.2900390625,0.2666015625
0.15897435897435896,0.29277389277389276,0.27226107226107227,0.275990675990676
0.1644021739130435,0.28894927536231885,0.26721014492753625,0.27943840579710144
0.16836961350510884,0.29542425588627275,0.26077298978231894,0.27543314082629944
0.17028824833702882,0.29223946784922394,0.25809312638580933,0.2793791574279379
0.17937417364477742,0.2851476421330983,0.2560599382988101,0.2794182459233142
0.18430335097001763,0.2861552028218695,0.2482363315696649,0.281305114638448
0.18752725686873092,0.2839075447012647,0.24858264282599216,0.2799825556040122
0.1912280701754386,0.2837719298245614,0.24780701754385964,0.2771929824561403
0.1952610794207986,0.2795085563843791,0.24703817463799913,0.2781921895568232
0.19332161687170474,0.27768014059753954,0.2478031634446397,0.281195079086116
0.19410211267605634,0.2847711267605634,0.24779929577464788,0.2733274647887324
0.19762323943661972,0.28080985915492956,0.24559859154929578,0.27596830985915494
0.1979851073149365,0.2820849759088918,0.24616732369689007,0.27376259307928164
0.1984196663740123,0.27699736611062337,0.24495171202809482,0.2796312554872695
0.19597550306211722,0.2804024496937883,0.2458442694663167,0.2777777777777778
0.19598214285714285,0.28660714285714284,0.24330357142857142,0.2741071428571429
0.1963109354413702,0.2854633289415898,0.2437417654808959,0.27448397013614406
0.1983398864132809,0.2835299257317606,0.24071647007426825,0.27741371778069024
0.1945059813912273,0.28311918475852904,0.2512184315463004,0.2711564023039433
0.1936897458369851,0.28308501314636286,0.24846625766871167,0.2747589833479404
0.18572695035460993,0.28679078014184395,0.25310283687943264,0.27437943262411346
0.1847585290208241,0.2871067789100576,0.25299069561364645,0.2751439964554719
0.18154114061819765,0.2890727035263387,0.2525032651284284,0.27688289072703526
0.18312937062937062,0.28583916083916083,0.2521853146853147,0.27884615384615385
0.18415324336090552,0.2890727035263387,0.2498911623857205,0.27688289072703526
0.19162995594713655,0.27841409691629954,0.24801762114537446,0.28193832599118945
0.19106047326906223,0.28308501314636286,0.24934268185801928,0.27651183172655563
0.19176882661996497,0.28021015761821366,0.2504378283712785,0.2775831873905429
0.1957857769973661,0.2787532923617208,0.24934152765583845,0.27611940298507465
0.1993006993006993,0.2749125874125874,0.24737762237762237,0.2784090909090909
0.19360490582566797,0.27639071397284276,0.25405168637757336,0.2759526938239159
0.20254274441034634,0.2718106093818501,0.25558965366067515,0.27005699254712845
0.1991208791208791,0.27296703296703295,0.2523076923076923,0.2756043956043956
0.1970899470899471,0.2742504409171076,0.25793650793650796,0.2707231040564374
0.1980802792321117,0.27225130890052357,0.2556719022687609,0.27399650959860383
0.20247022496691663,0.2721658579620644,0.25275694750771943,0.2726069695632995
0.20309050772626933,0.26843267108167773,0.2578366445916115,0.2706401766004415
0.20846053205407764,0.26820758831225466,0.25381596162232883,0.26951591801133884
0.2097130242825607,0.2693156732891832,0.25474613686534214,0.2662251655629139
0.2093433230498017,0.2723666813574262,0.25253415601586604,0.2657558395769061
0.21119929453262787,0.2768959435626102,0.25,0.2619047619047619
0.20855148342059338,0.2779232111692845,0.25523560209424084,0.2582897033158813
0.210968597965502,0.2848297213622291,0.2503317116320212,0.25386996904024767
0.20919037199124726,0.2849015317286652,0.2512035010940919,0.25470459518599564
0.2077125328659071,0.28352322524101664,0.25547765118317267,0.2532865907099036
0.20805957074025405,0.2864651773981603,0.24529128339903636,0.26018396846254926
0.20855379188712522,0.2821869488536155,0.2508818342151676,0.2583774250440917
0.2118421052631579,0.27982456140350875,0.24780701754385964,0.26052631578947366
0.2069572875385293,0.2752091589608102,0.2527520915896081,0.2650814619110524
0.2017738359201774,0.27849223946784923,0.25942350332594233,0.26031042128603105
0.204696499778467,0.27470093043863536,0.2605228178998671,0.26007975188303056
0.2045053003533569,0.27385159010600707,0.26015901060070673,0.26148409893992935
0.209240337627721,0.2678809418036428,0.25633051976899157,0.2665482007996446
0.21269146608315098,0.2708971553610503,0.25557986870897154,0.2608315098468271
0.21626373626373627,0.2663736263736264,0.25934065934065936,0.258021978021978
0.2147887323943662,0.26276408450704225,0.2601232394366197,0.2623239436619718
0.21808510638297873,0.26152482269503546,0.25398936170212766,0.26640070921985815
0.21843154630039877,0.25875055383252105,0.2614089499335401,0.2614089499335401
0.22000866175833694,0.2585534863577306,0.2611520138588133,0.2602858380251191
0.2206140350877193,0.2596491228070175,0.26359649122807016,0.256140350877193
0.22591943957968477,0.2613835376532399,0.2600700525394046,0.2526269702276708
0.22904782799473453,0.2540587977182975,0.2566915313734094,0.2602018429135586
0.22713347921225382,0.2538293216630197,0.25820568927789933,0.2608315098468271
0.22798605056669574,0.25501307759372277,0.25326939843068874,0.26373147340889275
0.22472406181015453,0.25342163355408387,0.2596026490066225,0.26225165562913905
0.23107747105966162,0.25422974176313445,0.26179875333926983,0.25289403383793413
0.22515391380826738,0.2541776605101143,0.26561125769569044,0.25505716798592787
0.22305323361196655,0.25824901011878576,0.2652881654201496,0.2534095908490981
0.22867194371152155,0.2519788918205805,0.2598944591029024,0.2594547053649956
0.22524531668153436,0.25245316681534347,0.2662801070472792,0.256021409455843
0.21922054915854738,0.2595217006200177,0.262621789193977,0.25863596102745795
0.218435998252512,0.25731760594145914,0.26649191786806464,0.2577544779379642
0.2187776793622675,0.25597874224977857,0.26350752878653677,0.26173604960141716
0.2125880281690141,0.2539612676056338,0.2720070422535211,0.261443661971831
0.21624007060900266,0.2506619593998235,0.26522506619594,0.2678729037952339
0.21441124780316345,0.2548330404217926,0.2680140597539543,0.2627416520210896
0.21683561040105773,0.250771264874394,0.26487439400617013,0.2675187307183781
0.2108274647887324,0.25264084507042256,0.269806338028169,0.26672535211267606
0.20877192982456141,0.2535087719298246,0.2706140350877193,0.26710526315789473
0.2150065818341378,0.250987275120667,0.27512066695919263,0.25888547608600265
0.21406457319770014,0.2529854046881911,0.2724458204334365,0.2605042016806723
0.21810154525386313,0.2503311258278146,0.27593818984547464,0.2556291390728477
0.2130074203404627,0.25229157573112176,0.28109995635093843,0.2536010475774771
0.20688134097926775,0.254962505513895,0.2831936479929422,0.254962505513895
0.20758043190832967,0.25341560158660204,0.2851476421330983,0.25385632437197003
0.20407259849490925,0.2598494909251881,0.2855245683930943,0.2505533421868083
0.20637732506643047,0.2533215234720992,0.28565101860053144,0.2546501328609389
0.2078900709219858,0.2522163120567376,0.28324468085106386,0.2566489361702128
0.208955223880597,0.2515364354697103,0.28270412642669007,0.25680421422300265
0.20371169615882606,0.25550280535174796,0.28312473025463963,0.25766076823478634
0.19902482269503546,0.2579787234042553,0.2796985815602837,0.2632978723404255
0.20763827919227393,0.2532923617208077,0.2787532923617208,0.2603160667251975
0.2088830255057168,0.2590149516270888,0.27792436235708,0.2541776605101143
0.2125709297250109,0.257529463116543,0.28240942819729375,0.24749017896115233
0.21333922261484098,0.25662544169611307,0.28091872791519434,0.24911660777385158
0.2111013986013986,0.25743006993006995,0.28190559440559443,0.24956293706293706
0.21610915492957747,0.24955985915492956,0.2764084507042254,0.2579225352112676
0.21881935197514424,0.2534398579671549,0.2707501109631602,0.2569906790945406
0.21190581963571745,0.2554420257663261,0.2683251888049756,0.2643269657929809
0.2124283825473777,0.24592331423534597,0.27633318642573823,0.26531511679153813
0.2174490699734278,0.24889282550930025,0.27147918511957486,0.26217891939769705
0.21472663139329806,0.24382716049382716,0.27733686067019403,0.2641093474426808
0.21866783523225242,0.24364592462751972,0.2773882559158633,0.26029798422436456
0.22105263157894736,0.24210526315789474,0.27324561403508774,0.26359649122807016
0.2156084656084656,0.2495590828924162,0.27116402116402116,0.263668430335097
0.21422300263388938,0.2510974539069359,0.2708516242317823,0.26382791922739246
0.2175824175824176,0.25362637362637364,0.2654945054945055,0.2632967032967033
0.2211453744493392,0.2533039647577093,0.26784140969162995,0.2577092511013216
0.22217314487632508,0.25353356890459366,0.2712014134275618,0.25309187279151946
0.22075055187637968,0.2582781456953642,0.26887417218543047,0.2520971302428256
0.22123104371097235,0.2546833184656557,0.27430865298840323,0.24977698483496877
0.22000885347498894,0.2594068171757415,0.27003098716246127,0.2505533421868083
0.21794871794871795,0.26171529619805484,0.2634836427939876,0.2568523430592396
0.21978021978021978,0.258021978021978,0.26373626373626374,0.25846153846153846
0.22396066160035763,0.2556995976754582,0.26151095216808223,0.2588287885561019
0.22843309859154928,0.24955985915492956,0.2601232394366197,0.26188380281690143
0.22623828647925034,0.2525658188308791,0.26104417670682734,0.26015171798304326
0.23127753303964757,0.25066079295154187,0.26387665198237886,0.25418502202643173
0.22838427947598253,0.248471615720524,0.25895196506550217,0.26419213973799127
0.22969432314410482,0.2519650655021834,0.2497816593886463,0.2685589519650655
0.22124283825473778,0.250330542089026,0.254737769942706,0.2736888497135302
0.22707423580786026,0.24759825327510918,0.254585152838428,0.27074235807860264
0.22527716186252772,0.24611973392461198,0.2607538802660754,0.2678492239467849
0.2295873573309921,0.247585601404741,0.2581211589113257,0.2647058823529412
0.22787610619469026,0.24955752212389382,0.2592920353982301,0.26327433628318586
0.2260907888937858,0.24592331423534597,0.25826355222565006,0.26972234464521816
0.22539543057996486,0.2482425307557118,0.25746924428822493,0.2688927943760984
0.22130434782608696,0.24739130434782608,0.2569565217391304,0.2743478260869565
0.22613286405631325,0.2498900131984162,0.25208974923009236,0.27188737351517817
0.22080772607550483,0.2462686567164179,0.2532923617208077,0.2796312554872695
0.21933246640658866,0.25097529258777634,0.24967490247074123,0.2800173385348938
0.21601407831060274,0.24373075230972283,0.2591289045314562,0.28112626484821823
0.21802197802197804,0.24527472527472527,0.25142857142857145,0.28527472527472525
0.22172751558325912,0.24220837043633126,0.25333926981300087,0.28272484416740873
0.21801566579634465,0.24412532637075718,0.2545691906005222,0.283289817232376
0.21639488761568973,0.24416042309387395,0.25429704715733803,0.2851476421330983
0.2144429766622633,0.2399823866138265,0.2562747688243065,0.2892998678996037
0.21339840283939662,0.2391304347826087,0.25554569653948533,0.2919254658385093
0.2137538326763031,0.24003504161191414,0.25843188786684185,0.28777923784494086
0.21691498685363717,0.23444347063978965,0.26380368098159507,0.2848378615249781
0.21767522855899,0.2346538963865912,0.26251632564214195,0.28515454941227686
0.21578947368421053,0.23728070175438595,0.25701754385964914,0.2899122807017544
0.2178173719376392,0.24187082405345212,0.25389755011135856,0.2864142538975501
0.2112614578786556,0.24006983849847227,0.257529463116543,0.2911392405063291
0.20992028343666963,0.24977856510186006,0.254207263064659,0.2860938883968113
0.2104563579973416,0.2534337616304829,0.25299069561364645,0.28311918475852904
0.20969855832241152,0.25207514198339886,0.24595893403232852,0.29226736566186107
0.20776356418173797,0.2620202911336568,0.23555359505955006,0.2946625496250551
0.21197339246119734,0.25764966740576495,0.23104212860310422,0.29933481152993346
0.21359649122807017,0.2596491228070175,0.2337719298245614,0.2929824561403509
0.20937363118703461,0.2544897065265002,0.23565484012264565,0.3004818221638195
0.2055457746478873,0.25528169014084506,0.23767605633802816,0.30149647887323944
0.21124286341677645,0.25428194993412384,0.23803249890206413,0.2964426877470356
0.2184873949579832,0.24944714727996462,0.23706324635117204,0.2950022114108801
0.2230565371024735,0.25353356890459366,0.22438162544169613,0.29902826855123676
0.21832529592284086,0.25515124945199474,0.22884699693117053,0.29767645769399387
0.21840598855129897,0.2518714222809335,0.22765301629238222,0.3020695728753853
0.2210944395410415,0.24536628420123566,0.23300970873786409,0.30052956751985876
0.21695212999560826,0.2450592885375494,0.230566534914361,0.30742204655248134
0.2175639894086496,0.24801412180052956,0.23698146513680493,0.2974404236540159
0.21862527716186253,0.2407982261640798,0.24168514412416853,0.29889135254988913
0.22079646017699114,0.2482300884955752,0.23805309734513275,0.2929203539823009
0.22207563764291996,0.24538258575197888,0.24318381706244502,0.28935795954265614
0.22659667541557305,0.24978127734033245,0.23534558180227472,0.2882764654418198
0.22363796133567662,0.2535149384885764,0.23637961335676624,0.28646748681898065
0.230566534914361,0.25120772946859904,0.23803249890206413,0.28019323671497587
0.2292768959435626,0.2464726631393298,0.23765432098765432,0.2865961199294533
0.23427812223206376,0.2471213463241807,0.23383525243578387,0.28476527900797166
0.22843309859154928,0.25132042253521125,0.2363556338028169,0.28389084507042256
0.23243482103402563,0.2474591250552364,0.2328767123287671,0.28722934158197083
0.239492119089317,0.2447460595446585,0.2351138353765324,0.28064798598949214
0.24083769633507854,0.24607329842931938,0.22905759162303665,0.28403141361256545
0.2424109106907171,0.24725032996040475,0.23273207215134184,0.2776066871975363
0.24788982674366947,0.24122612172367836,0.23589515770768546,0.27498889382496666
0.25197541703248466,0.23748902546093065,0.23134328358208955,0.2791922739244952
0.2458943630714603,0.24545051043053706,0.23568575233022637,0.2729693741677763
0.24555160142348753,0.2442170818505338,0.23754448398576514,0.27268683274021355
0.24529128339903636,0.2448532632501095,0.23740692071835304,0.2724485326325011
0.24394539850286218,0.242184059885513,0.23557904007045355,0.27829150154117127
0.24447391688771,0.24358974358974358,0.23342175066312998,0.27851458885941643
0.242756804214223,0.24582967515364354,0.233099209833187,0.2783143107989464
0.2398409893992933,0.24337455830388693,0.23586572438162545,0.28091872791519434
0.24438573315719947,0.2408630559225011,0.23425803610744167,0.2804931748128578
0.24733096085409254,0.23976868327402134,0.23176156583629892,0.28113879003558717
0.24468085106382978,0.24157801418439717,0.23315602836879432,0.28058510638297873
0.23777777777777778,0.24044444444444443,0.23733333333333334,0.28444444444444444
0.24110671936758893,0.23891084760649978,0.23715415019762845,0.2828282828282828
0.24507658643326038,0.24332603938730854,0.23719912472647703,0.27439824945295405
0.24956140350877193,0.24517543859649124,0.22982456140350876,0.2754385964912281
0.249890590809628,0.24070021881838075,0.23238512035010941,0.27702407002188184
0.24725516029863856,0.2481335090030742,0.23100570926657882,0.2736056214317084
0.2509942554131684,0.24436588599204595,0.22934158197083518,0.2752982766239505
0.24955752212389382,0.2513274336283186,0.2252212389380531,0.2738938053097345
0.2432192085371276,0.25566918630502444,0.22899066251667408,0.27212094264117387
0.24178712220762155,0.25930792816469556,0.2264564169951818,0.2724485326325011
0.24560632688927944,0.2631810193321617,0.21528998242530756,0.2759226713532513
0.24438573315719947,0.25451343020695727,0.22280933509467196,0.27829150154117127
0.23692307692307693,0.258021978021978,0.22593406593406593,0.27912087912087913
0.23966207203201423,0.259670964873277,0.22143174744330812,0.27923521565140064
0.24031690140845072,0.25704225352112675,0.22403169014084506,0.27860915492957744
0.2444836716681377,0.264783759929391,0.21844660194174756,0.2722859664607237
0.24680475980608196,0.2666372851476421,0.21022476862053768,0.27633318642573823
0.2482363315696649,0.26763668430335097,0.21340388007054673,0.2707231040564374
0.2465934065934066,0.26681318681318683,0.2153846153846154,0.2712087912087912
0.24481693868548743,0.2646669607410675,0.2121746801940891,0.278341420379356
0.24472759226713534,0.2666959578207381,0.2126537785588752,0.2759226713532513
0.24758983347940403,0.268624014022787,0.2085889570552147,0.2751971954425942
0.24703817463799913,0.26897762176393153,0.20447564721369021,0.2795085563843791
0.2479010163499779,0.27485638532920903,0.20503756076005303,0.27220503756076003
0.2467820683533067,0.2809587217043941,0.20372836218375498,0.2685308477585442
0.2491258741258741,0.28190559440559443,0.19973776223776224,0.2692307692307692
0.24269264836138174,0.2865367581930912,0.19884853852967227,0.27192205491585475
0.2462686567164179,0.286215978928885,0.20061457418788411,0.266900790166813
0.24682713347921226,0.28665207877461707,0.20350109409190373,0.263019693654267
0.24022837066315328,0.2920509442248573,0.19938515590689504,0.2683355292050944
0.24282560706401765,0.29271523178807946,0.19381898454746138,0.2706401766004415
0.24366812227074236,0.29781659388646287,0.19737991266375546,0.2611353711790393
0.24162257495590828,0.29541446208112876,0.1984126984126984,0.26455026455026454
0.24267968056787934,0.2932564330079858,0.19964507542147295,0.26441881100266196
0.2409428197293758,0.29768659973810563,0.19729375818419903,0.26407682234831953
0.24647887323943662,0.3028169014084507,0.1875,0.2632042253521127
0.2486888111888112,0.3006993006993007,0.19055944055944055,0.26005244755244755
0.24846356453028973,0.29499561018437226,0.1922739244951712,0.2642669007901668
0.24813022437307522,0.29564452265728114,0.18873735151781787,0.26748790145182577
0.25229558373414956,0.2855268911237429,0.1915172715347617,0.27066025360734586
0.254962505513895,0.2867225408028231,0.19232465813850905,0.2659902955447728
0.2535026269702277,0.29071803852889666,0.18826619964973731,0.26751313485113837
0.250989010989011,0.2989010989010989,0.18637362637362637,0.26373626373626374
0.2541998231653404,0.2975243147656941,0.1843501326259947,0.2639257294429708
0.2553191489361702,0.2983156028368794,0.18617021276595744,0.26019503546099293
0.2517543859649123,0.29385964912280704,0.19342105263157894,0.26096491228070173
0.2513274336283186,0.2995575221238938,0.18584070796460178,0.26327433628318586
0.2504370629370629,0.298513986013986,0.18138111888111888,0.2696678321678322
0.2422522915757311,0.2963771278917503,0.18681798341335662,0.2745525971191619
0.2430647291941876,0.30295024218405986,0.18361955085865259,0.27036547776309994
0.24022837066315328,0.2951251646903821,0.1932367149758454,0.27140974967061926
0.2447089947089947,0.29188712522045857,0.19091710758377425,0.2724867724867725
0.2508787346221441,0.28690685413005274,0.18629173989455183,0.2759226713532513
0.24690265486725663,0.29469026548672567,0.18982300884955752,0.2685840707964602
0.24146981627296588,0.2996500437445319,0.18722659667541558,0.27165354330708663
0.23918799646954986,0.3027360988526037,0.18667255075022066,0.27140335392762577
0.23811639271434917,0.29853398489560196,0.18702798756108396,0.2763216348289649
0.24163732394366197,0.30061619718309857,0.18617957746478872,0.2715669014084507
0.24695121951219512,0.2952961672473868,0.18684668989547037,0.27090592334494773
0.24821109123434704,0.2938282647584973,0.18604651162790697,0.27191413237924866
0.24337455830388693,0.2968197879858657,0.18507067137809188,0.2747349823321555
0.2443458980044346,0.29223946784922394,0.18758314855875832,0.27583148558758314
0.24934036939313983,0.28452066842568163,0.19217238346525944,0.27396657871591906
0.25310283687943264,0.28368794326241137,0.19104609929078015,0.2721631205673759
0.2559893522626442,0.27994676131322094,0.18944099378881987,0.274622892635315
0.25363917071018965,0.27481252756947505,0.1940891045434495,0.2774591971768858
0.25735617039964864,0.27316644707949056,0.1976284584980237,0.27184892402283706
0.2550218340611354,0.26724890829694326,0.20087336244541484,0.27685589519650655
0.26065934065934065,0.26153846153846155,0.19956043956043956,0.27824175824175823
0.25846153846153846,0.2654945054945055,0.19824175824175824,0.2778021978021978
0.2518681318681319,0.2632967032967033,0.1991208791208791,0.2857142857142857
0.25547765118317267,0.261612620508326,0.20245398773006135,0.28045574057843997
0.2554585152838428,0.25807860262008736,0.2052401746724891,0.2812227074235808
0.254962505513895,0.25893250992501105,0.20688134097926775,0.2792236435818262
0.25601750547045954,0.25689277899343543,0.20568927789934355,0.2814004376367615
0.2530487804878049,0.25914634146341464,0.20818815331010454,0.27961672473867594
0.24779541446208111,0.25573192239858905,0.20458553791887124,0.29188712522045857
0.24213286713286714,0.25655594405594406,0.21066433566433568,0.2906468531468531
0.24151436031331594,0.2606614447345518,0.20800696257615317,0.2898172323759791
0.24711111111111111,0.256,0.20933333333333334,0.28755555555555556
0.24704336399474375,0.2575558475689882,0.2137538326763031,0.28164695575996496
0.2474857892435505,0.25185832968954963,0.2195015303891561,0.28115435067774375
0.24410849266340595,0.25566918630502444,0.21253890618052468,0.2876834148510449
0.24486226497595104,0.25360734586794925,0.21818976825535635,0.28334062090074336
0.2445916114790287,0.25695364238410595,0.2141280353200883,0.284326710816777
0.24223874070835155,0.25666812418014867,0.21512898994315696,0.2859641451683428
0.24003466204506066,0.2608318890814558,0.21663778162911612,0.2824956672443674
0.25011047282368537,0.25364560318161733,0.2138753866548829,0.28236853733981443
0.2488986784140969,0.25726872246696036,0.2118942731277533,0.28193832599118945
0.25,0.2588495575221239,0.21548672566371682,0.2756637168141593
0.24406332453825857,0.2594547053649956,0.21459982409850484,0.28188214599824096
0.24478935698447893,0.2549889135254989,0.21729490022172948,0.28292682926829266
0.24551422319474836,0.25557986870897154,0.2175054704595186,0.2814004376367615
0.2502206531332745,0.2563989408649603,0.21888790820829657,0.2744924977934687
0.24857268335529206,0.2520860781730347,0.2235397452788757,0.27580149319279756
0.2594688724423161,0.24205485415759687,0.22072268175881585,0.2777535916412712
0.25893250992501105,0.2474636082928981,0.22143802382002647,0.2721658579620644
0.25803610744165567,0.24658740642888596,0.22016732716864817,0.2752091589608102
0.25893250992501105,0.24569916188795765,0.22408469342743714,0.27128363475959416
0.2599826388888889,0.24609375,0.2248263888888889,0.2690972222222222
0.2543706293706294,0.24344405594405594,0.22465034965034966,0.27753496503496505
0.2566725978647687,0.2411032028469751,0.2255338078291815,0.27669039145907476
0.25850640742377373,0.24259832081307997,0.22448077772867875,0.27441449403446755
0.258362676056338,0.238556338028169,0.22931338028169015,0.2737676056338028
0.26171875,0.2421875,0.2248263888888889,0.2712673611111111
0.26350752878653677,0.23649247121346323,0.22763507528786536,0.27236492471213464
0.26341037941561274,0.2420409943305713,0.22241604884430877,0.2721325774095072
0.2647961420429636,0.24857518632178868,0.2240245506356861,0.2626041209995616
0.2578809106830123,0.24649737302977234,0.22723292469352013,0.2683887915936953
0.2571554381329811,0.24746807573756055,0.2294143549097314,0.265962131219727
0.26117440841367223,0.24233128834355827,0.22567922874671342,0.2708150744960561
0.25604927408710954,0.2388913330400352,0.22965244170699517,0.2754069511658601
0.2523117569352708,0.23954205195948922,0.2289740202553941,0.27917217084984586
0.24716157205240175,0.2423580786026201,0.23842794759825328,0.2720524017467249
0.25265486725663716,0.24336283185840707,0.23539823008849559,0.2685840707964602
0.2563989408649603,0.24536628420123566,0.22771403353927624,0.2705207413945278
0.25196850393700787,0.24803149606299213,0.22878390201224846,0.27121609798775154
0.24890829694323144,0.25327510917030566,0.2292576419213974,0.2685589519650655
0.24312333629103816,0.25510204081632654,0.2267080745341615,0.27506654835847383
0.23836698858647937,0.2550482879719052,0.2295873573309921,0.27699736611062337
0.2437636761487965,0.25076586433260395,0.22713347921225382,0.27833698030634574
0.24142422926617454,0.25227963525835867,0.22796352583586627,0.27833260963960055
0.242184059885513,0.25539409951563186,0.2192866578599736,0.28313518273888155
0.23878627968337732,0.2541776605101143,0.21591908531222515,0.2911169744942832
0.23948649845064188,0.25852146967684814,0.21558211598052235,0.2864099158919876
0.2403718459495352,0.24878264718902168,0.22709163346613545,0.28375387339530767
0.248562582927908,0.2565236620964175,0.21804511278195488,0.2768686421937196
0.24790841039189784,0.26067811536767943,0.22192866578599735,0.26948480845442535
0.25587583148558757,0.2518847006651885,0.2261640798226164,0.2660753880266075
0.2683790965456156,0.24490699734278124,0.22320637732506643,0.26350752878653677
0.2597345132743363,0.24469026548672565,0.22743362831858407,0.268141592920354
0.26531511679153813,0.250771264874394,0.22212428382547378,0.2617893345085941
0.27132805628847845,0.24758135444151275,0.21591908531222515,0.26517150395778366
0.2696579298089738,0.24788982674366947,0.21679253665037762,0.26565970679697914
0.2636403317328677,0.24312527280663465,0.22173723264949805,0.27149716281099956
0.27048458149779736,0.2444933920704846,0.21674008810572687,0.2682819383259912
0.2657281126264848,0.2454905411350638,0.22173339199296085,0.26704795424549055
0.27143491781430473,0.25055530875166593,0.21856952465570859,0.2594402487783207
0.2688077430708315,0.2507699076110867,0.22393312802463705,0.2564892212934448
0.274032187907786,0.25097868638538495,0.21879077859939103,0.256198347107438
0.26909569798068483,0.2550482879719052,0.22168568920105355,0.25417032484635643
0.27794962439239945,0.2479010163499779,0.22315510384445428,0.2509942554131684
0.27726675427069647,0.2439772229522558,0.22251423565484013,0.25624178712220763
0.2766330556773345,0.24243752740026303,0.22665497588776853,0.2542744410346339
0.28068631764188295,0.23977122745270568,0.22261328640563133,0.25692916849978004
0.2802294792586055,0.23962930273609886,0.2237422771403354,0.2563989408649603
0.28015734265734266,0.24344405594405594,0.22202797202797203,0.2543706293706294
0.28147163120567376,0.2429078014184397,0.21586879432624115,0.25975177304964536
0.27481252756947505,0.2364358182620203,0.23026025584472873,0.25849139832377593
0.27604395604395604,0.23516483516483516,0.22857142857142856,0.2602197802197802
0.2706401766004415,0.2370860927152318,0.23134657836644593,0.2609271523178808
0.2754650132860939,0.2320637732506643,0.23117803365810452,0.2612931798051373
0.27765437583296315,0.22701021768103066,0.2310084406930253,0.2643269657929809
0.2744410346339325,0.22665497588776853,0.23366944322665498,0.265234546251644
0.2710975076519458,0.22868386532575427,0.23874070835155226,0.2614779186707477
0.27169646750981247,0.22764936764064544,0.23288268643698212,0.26777147841255994
0.2745183887915937,0.22723292469352013,0.2381786339754816,0.2600700525394046
0.27088830255057167,0.2260334212840809,0.23658751099384345,0.26649076517150394
0.2739420935412027,0.2289532293986637,0.2334075723830735,0.26369710467706015
0.26742656729504605,0.23235423060061378,0.22928540113985094,0.27093380096448927
0.2766330556773345,0.22840859272249014,0.23147742218325296,0.2634809294169224
0.2752982766239505,0.22889969067609367,0.23155103844454264,0.26425099425541315
0.2769028871391076,0.23447069116360456,0.23140857392825898,0.2572178477690289
0.27641921397379915,0.22489082969432314,0.2331877729257642,0.26550218340611353
0.278391515687141,0.2200618647812638,0.23552806009721608,0.26601855943437913
0.27824545857332744,0.21311475409836064,0.23482498892334958,0.2738147984049623
0.2818703131892369,0.21261579179532422,0.23599470666078518,0.2695191883546537
0.28067078552515445,0.21932921447484555,0.22992056487202117,0.27007943512797883
0.27481252756947505,0.2152624614027349,0.2333480370533745,0.27657697397441555
0.27296819787985865,0.22084805653710246,0.23542402826855124,0.2707597173144876
0.2720105124835742,0.21769601401664476,0.2360928602715725,0.2742006132282085
0.27666083916083917,0.21678321678321677,0.23382867132867133,0.2727272727272727
0.27477876106194693,0.21814159292035398,0.23539823008849559,0.27168141592920353
0.2736141906873614,0.21019955654101996,0.24035476718403548,0.27583148558758314
0.26537785588752194,0.2148506151142355,0.2451669595782074,0.27460456942003514
0.27493380406001766,0.2082965578111209,0.24271844660194175,0.2740511915269197
0.2695536897923111,0.2138753866548829,0.2403888643393725,0.2761820592134335
0.2714223575467595,0.21313614615050022,0.24184428012179207,0.27359721618094823
0.2757709251101322,0.21629955947136564,0.2356828193832599,0.27224669603524226
0.27750773309765797,0.21343349536014142,0.23685373398144058,0.27220503756076003
0.2800528401585205,0.2192866578599736,0.23249669749009247,0.26816380449141347
0.2785308264101443,0.2195015303891561,0.23218189768255357,0.26978574551814605
0.27849223946784923,0.21862527716186253,0.23059866962305986,0.2722838137472284
0.2782874617737003,0.21887287024901703,0.23328964613368283,0.26955002184359983
0.270509977827051,0.22926829268292684,0.23104212860310422,0.26917960088691795
0.27320261437908494,0.23093681917211328,0.22265795206971678,0.27320261437908494
0.27154046997389036,0.22410791993037424,0.2280243690165361,0.2763272410791993
0.27481252756947505,0.22452580502867225,0.22452580502867225,0.27613586237318044
0.2753940455341506,0.22416812609457093,0.21978984238178634,0.28064798598949214
0.2788546255506608,0.22422907488986785,0.21894273127753303,0.2779735682819383
0.27710843373493976,0.2186523873270861,0.2289156626506024,0.27532351628737173
0.2733274647887324,0.22315140845070422,0.22139084507042253,0.28213028169014087
0.283311199645861,0.2213368747233289,0.21912350597609562,0.27622841965471445
0.2805567638103523,0.21748586341887777,0.22140060896041758,0.2805567638103523
0.27188737351517817,0.2133743950725913,0.22657281126264847,0.2881654201495821
0.28134556574923547,0.20620358235037134,0.2219309742245522,0.290519877675841
0.2756183745583039,0.21157243816254417,0.22084805653710246,0.2919611307420495
0.28036971830985913,0.20642605633802816,0.22227112676056338,0.2909330985915493
0.2801402893467777,0.20780359491451117,0.22577816747040771,0.2862779482683034
0.2771929824561403,0.21359649122807017,0.22543859649122808,0.2837719298245614
0.2770448548812665,0.21240105540897097,0.2260334212840809,0.28452066842568163
0.2813738441215324,0.2073976221928666,0.22501100836635843,0.2862175253192426
0.280794701986755,0.20927152317880796,0.22251655629139072,0.28741721854304636
0.28431808085295424,0.2016881386050644,0.22567747667703242,0.2883163038649489
0.2872108249672632,0.19947621126145787,0.2208642514185945,0.29244871235268444
0.2898806893504198,0.19752540874944763,0.21696862571807335,0.2956252761820592
0.28327495621716287,0.20183887915936952,0.21978984238178634,0.29509632224168125
0.27365163572060125,0.20247568523430592,0.21971706454465076,0.3041556145004421
0.2773146116717859,0.21105748135146996,0.22202720491443614,0.28960070206230804
0.2766798418972332,0.21080368906455862,0.2204655248133509,0.2920509442248573
0.27496700395952484,0.21381434227892654,0.21865376154861416,0.29256489221293447
0.27723649247121346,0.2108060230292294,0.21479185119574845,0.2971656333038087
0.27709251101321586,0.2105726872246696,0.21629955947136564,0.2960352422907489
0.2741364038972542,0.21567759078830823,0.21302037201062887,0.2971656333038087
0.26999558108705257,0.22580645161290322,0.20813079982324348,0.29606716747680073
0.26520787746170676,0.22669584245076588,0.20787746170678337,0.300218818380744
0.2712906057945566,0.22695346795434593,0.21378402107111502,0.28797190517998245
0.26861702127659576,0.23182624113475178,0.21143617021276595,0.28812056737588654
0.2721631205673759,0.22828014184397163,0.20656028368794327,0.2929964539007092
0.2715669014084507,0.22359154929577466,0.2055457746478873,0.2992957746478873
0.27015057573073514,0.2254207263064659,0.20903454384410983,0.2953941541186891
0.26917960088691795,0.22572062084257205,0.2066518847006652,0.2984478935698448
0.26690234202386215,0.22359699513919576,0.20813079982324348,0.3013698630136986
0.26699244780097736,0.22701021768103066,0.2025766326077299,0.3034207019102621
0.2692476902771667,0.23053233611966564,0.2045754509458865,0.29564452265728114
0.2706766917293233,0.23219814241486067,0.19902697921273774,0.2980981866430783
0.2727272727272727,0.22793148880105402,0.2059727711901625,0.2933684672815108
0.2826655052264808,0.22909407665505227,0.1986062717770035,0.2896341463414634
0.2780487804878049,0.23237250554323724,0.2017738359201774,0.28780487804878047
0.274822695035461,0.23537234042553193,0.20345744680851063,0.28634751773049644
0.2780725022104332,0.24182139699381078,0.2002652519893899,0.27984084880636606
0.27741371778069024,0.24421144604630843,0.20096111839231107,0.27741371778069024
0.27628684557853056,0.23977122745270568,0.1992960844698636,0.2846458424989001
0.2804395604395604,0.23516483516483516,0.20615384615384616,0.27824175824175823
0.28074041427941826,0.23402379903040987,0.20890260026443366,0.27633318642573823
0.27537511032656664,0.22815533980582525,0.21270962047661077,0.28375992939099737
0.2745702952842662,0.22873512560599382,0.2115469369766417,0.2851476421330983
0.27300613496932513,0.2287467134092901,0.2081507449605609,0.2900964066608238
0.2639193336256028,0.2376150811047786,0.2091188075405524,0.2893467777290662
0.2687224669603524,0.23215859030837005,0.2145374449339207,0.2845814977973568
0.26827133479212256,0.23676148796498905,0.21137855579868708,0.2835886214442013
0.27224901359053044,0.23147742218325296,0.21394125383603682,0.28233231039017975
0.262071992976295,0.24319578577699735,0.20588235294117646,0.28884986830553117
0.26830337571240687,0.2384918895221394,0.20561157387110915,0.2875931608943446
0.2661361626878868,0.23519009725906279,0.20999115826702033,0.28868258178603007
0.26449912126537783,0.23857644991212654,0.2078207381370826,0.28910369068541303
0.27188737351517817,0.2353717553893533,0.2045754509458865,0.2881654201495821
0.26830337571240687,0.235861464270057,0.21131082858395442,0.28452433143358175
0.27440633245382584,0.227792436235708,0.21503957783641162,0.2827616534740545
0.2763445561871447,0.22562308701355488,0.21381722780935725,0.28421512898994317
0.2749890877346137,0.22872108249672632,0.21562636403317328,0.2806634657354867
0.26855123674911663,0.23056537102473498,0.21775618374558303,0.2831272084805654
0.27048458149779736,0.2330396475770925,0.22026431718061673,0.2762114537444934
0.2642669007901668,0.24319578577699735,0.21905179982440737,0.27348551360842843
0.265234546251644,0.24506795265234546,0.21525646646207802,0.2744410346339325
0.2661113546690048,0.24682156948706707,0.2121876370013152,0.2748794388426129
0.2706401766004415,0.24503311258278146,0.21324503311258278,0.2710816777041943
0.26780253385757974,0.24683267802533856,0.21188291830493666,0.27348186981214506
0.27016306743058616,0.24636403702071397,0.21419127368884971,0.26928162185985016
0.27025843188786686,0.2501095050372317,0.21594393342093737,0.2636881296539641
0.27463863337713534,0.24879544459045116,0.21287779237844942,0.2636881296539641
0.28244610646722396,0.25252969643642764,0.21205455345358556,0.25296964364276286
0.2794894366197183,0.24911971830985916,0.2147887323943662,0.2566021126760563
0.281983178397521,0.23992917220008853,0.22177954847277556,0.25630810092961487
0.2826183104820876,0.23573639982308714,0.2193719593100398,0.2622733303847855
0.2847161572052402,0.23580786026200873,0.21484716157205241,0.2646288209606987
0.28764731558271495,0.23657791357485813,0.2125709297250109,0.26320384111741596
0.2870855148342059,0.23342059336823734,0.22033158813263526,0.2591623036649215
0.28514588859416445,0.23916887709991158,0.21662245800176835,0.25906277630415564
0.28855501546619533,0.24348210340256296,0.21254971277065843,0.2554131683605833
0.28269484808454426,0.2509907529722589,0.21224130339057684,0.25407309555262
0.2826855123674912,0.25618374558303886,0.21113074204946997,0.25
0.27421494913754973,0.26846528084918175,0.20875718708536045,0.248562582927908
0.27353071144498453,0.2646928855501547,0.20945647370746795,0.25231992929739283
0.27336860670194,0.25617283950617287,0.2156084656084656,0.25485008818342153
0.2764263600176913,0.254312251216276,0.21450685537372843,0.2547545333923043
0.2749778956675508,0.2519893899204244,0.22413793103448276,0.248894783377542
0.2783641160949868,0.25549692172383465,0.2185576077396658,0.24758135444151275
0.27264692885550157,0.2545293857711003,0.22448077772867875,0.2483429076447194
0.2768758227292672,0.25537516454585346,0.21851689337428698,0.24923211935059236
0.27217125382262997,0.2581913499344692,0.22324159021406728,0.24639580602883354
0.27320954907161804,0.25596816976127323,0.23165340406719717,0.23916887709991158
0.27414330218068533,0.24788607031597687,0.2385402759234535,0.2394303515798843
0.2783641160949868,0.24582233948988566,0.23614775725593667,0.23966578715919085
0.2759982448442299,0.25274243089074155,0.23913997367266346,0.23211935059236508
0.28053691275167786,0.2483221476510067,0.24384787472035793,0.2272930648769575
0.2803328953131844,0.24441524310118265,0.24791940429259746,0.22733245729303547
0.2788966725043783,0.24211908931698775,0.24737302977232925,0.23161120840630472
0.27296587926509186,0.24671916010498687,0.25021872265966755,0.23009623797025372
0.26943462897526504,0.24823321554770317,0.2504416961130742,0.2318904593639576
0.26865671641791045,0.24539069359086918,0.25548726953467954,0.23046532045654083
0.27079646017699116,0.24513274336283186,0.25309734513274335,0.23097345132743363
0.267226148409894,0.24469964664310953,0.254416961130742,0.2336572438162544
0.27093380096448927,0.24550635686102587,0.2516440157825515,0.23191582639193337
0.2736842105263158,0.25043859649122807,0.25,0.22587719298245615
0.2703768624014023,0.25109553023663456,0.25197195442594217,0.22655565293602103
0.26751313485113837,0.2508756567425569,0.2552539404553415,0.22635726795096323
0.27510917030567683,0.2445414847161572,0.2537117903930131,0.22663755458515283
0.2791519434628975,0.24646643109540636,0.24602473498233215,0.22835689045936397
0.27906976744186046,0.25186485300570427,0.24440544098288722,0.22465993856954805
0.27839643652561247,0.25211581291759466,0.2383073496659243,0.2311804008908686
0.27794962439239945,0.25187803800265135,0.2359699513919576,0.2342023862129916
0.2781195079086116,0.2526362038664323,0.2398945518453427,0.22934973637961337
0.2772407732864675,0.2517574692442882,0.24253075571177504,0.22847100175746923
0.28483516483516486,0.2545054945054945,0.23736263736263735,0.22329670329670329
0.28350287483414416,0.25077399380804954,0.24723573639982308,0.2184873949579832
0.28383705650459923,0.2483574244415243,0.2474813841436706,0.22032413491020586
0.28313518273888155,0.24878907970057243,0.24966974900924702,0.21840598855129897
