C,D,Oc,Od
0.0,0.0,1.0,0.0
0.0,0.3333333333333333,0.6666666666666666,0.0
0.0,0.2857142857142857,0.7142857142857143,0.0
0.0,0.35714285714285715,0.6428571428571429,0.0
0.0,0.3333333333333333,0.5882352941176471,0.0784313725490196
0.0,0.32558139534883723,0.6046511627906976,0.06976744186046512
0.0,0.3333333333333333,0.5869565217391305,0.07971014492753623
0.009569377990430622,0.3444976076555024,0.5550239234449761,0.09090909090909091
0.025889967637540454,0.3559870550161812,0.5372168284789643,0.08090614886731391
0.030660377358490566,0.35141509433962265,0.5448113207547169,0.07311320754716981
0.033807829181494664,0.34519572953736655,0.5498220640569395,0.0711743772241993
0.03867403314917127,0.3383977900552486,0.5566298342541437,0.06629834254143646
0.0407040704070407,0.3355335533553355,0.5544554455445545,0.06930693069306931
0.04124656278643447,0.32538955087076077,0.5609532538955087,0.07241063244729606
0.045171339563862926,0.31230529595015577,0.5654205607476636,0.07710280373831775
0.045300878972278566,0.299526707234618,0.5740365111561866,0.08113590263691683
0.047619047619047616,0.29053646775165765,0.5756479807112719,0.0861965039180229
0.05098684210526316,0.28399122807017546,0.5729166666666666,0.09210526315789473
0.05385002516356316,0.276295923502768,0.5712128837443382,0.09864116758933066
0.062236780533458116,0.27047262517547965,0.5620028076743098,0.10528778661675246
0.0703851261620186,0.2638335546702081,0.5568835768038956,0.10889774236387782
0.07505330490405117,0.2635394456289979,0.5518123667377399,0.10959488272921108
0.07926574885273258,0.2640801001251564,0.5460992907801419,0.11055486024196913
0.08162428219852338,0.2662018047579984,0.5393765381460214,0.11279737489745693
0.08417644678267908,0.26669364629704573,0.5329825981384055,0.11614730878186968
0.08543922984356198,0.2663457681508223,0.529482551143201,0.11873245086241477
0.08686949559647718,0.2678142514011209,0.5276220976781425,0.1176941553242594
0.088871096877502,0.2674139311449159,0.5240192153722978,0.11969575660528423
0.09167333867093674,0.26621297037630104,0.521617293835068,0.12049639711769415
0.09203681472589036,0.2653061224489796,0.5198079231692677,0.12284913965586235
0.09294871794871795,0.26282051282051283,0.5200320512820513,0.12419871794871795
0.09323729491796719,0.2617046818727491,0.5194077631052421,0.12565026010404162
0.09487590072057646,0.2618094475580464,0.5176140912730184,0.1257005604483587
0.09683873549419768,0.26290516206482595,0.5138055222088835,0.12645058023209282
0.09683873549419768,0.26450580232092835,0.5110044017607043,0.12765106042416965
0.0984,0.2652,0.508,0.1284
0.0984,0.2636,0.5072,0.1308
0.0996,0.262,0.5072,0.1312
0.1016,0.262,0.5048,0.1316
0.10204081632653061,0.2613045218087235,0.5042016806722689,0.132452981192477
0.1028,0.2596,0.504,0.1336
0.10484193677470989,0.25930372148859543,0.5022008803521408,0.13365346138455383
0.1064,0.2612,0.4988,0.1336
0.10848678943154523,0.2618094475580464,0.4975980784627702,0.1321056845476381
0.11,0.2608,0.4964,0.1328
0.1104,0.2616,0.494,0.134
0.1132452981192477,0.2617046818727491,0.4925970388155262,0.132452981192477
0.11484593837535013,0.26290516206482595,0.4897959183673469,0.132452981192477
0.1176,0.2644,0.4848,0.1332
0.12044817927170869,0.26370548219287715,0.48219287715086034,0.13365346138455383
0.1212,0.2644,0.4792,0.1352
0.1224,0.264,0.4756,0.138
0.1232,0.2628,0.4748,0.1392
0.1224,0.2632,0.4744,0.14
0.12444977991196479,0.26370548219287715,0.47098839535814324,0.14085634253701482
0.12765106042416965,0.2617046818727491,0.46978791516606644,0.14085634253701482
0.128,0.2624,0.4696,0.14
0.128,0.2608,0.4696,0.1416
0.128,0.2612,0.4676,0.1432
0.1284,0.26,0.4648,0.1468
0.1292517006802721,0.2601040416166467,0.4645858343337335,0.14605842336934774
0.1292,0.2596,0.4632,0.148
0.13,0.2576,0.4644,0.148
0.13,0.2568,0.4612,0.152
0.1324,0.256,0.46,0.1516
0.1336,0.256,0.4588,0.1516
0.1344,0.254,0.458,0.1536
0.1360544217687075,0.2545018007202881,0.4561824729891957,0.15326130452180872
0.1356,0.2552,0.4552,0.154
0.1372,0.2544,0.4532,0.1552
0.1384,0.2556,0.452,0.154
0.138,0.2544,0.4536,0.154
0.139655862344938,0.2537014805922369,0.4529811924769908,0.15366146458583432
0.1408,0.2536,0.4512,0.1544
0.142,0.2524,0.45,0.1556
0.1444,0.2516,0.4468,0.1572
0.1456,0.252,0.444,0.1584
0.14851881505204162,0.25420336269015215,0.4399519615692554,0.15732586068855084
0.152,0.2544,0.4332,0.1604
0.1532,0.2544,0.4304,0.162
0.1544,0.2552,0.428,0.1624
0.1572,0.2536,0.4284,0.1608
0.15806322529011604,0.2537014805922369,0.42657062825130054,0.16166466586634654
0.1572,0.254,0.4272,0.1616
0.1584,0.2544,0.422,0.1652
0.1572,0.2548,0.4216,0.1664
0.15766306522609044,0.2533013205282113,0.42096838735494196,0.16806722689075632
0.1576,0.2528,0.4204,0.1692
0.1572,0.2516,0.4208,0.1704
0.156,0.2528,0.4204,0.1708
0.1564,0.2548,0.4196,0.1692
0.1568,0.2564,0.418,0.1688
0.1588,0.2572,0.4148,0.1692
0.1584,0.258,0.4136,0.17
0.1588,0.2584,0.4116,0.1712
0.1596,0.2592,0.4104,0.1708
0.1616,0.2584,0.4092,0.1708
0.16326530612244897,0.25930372148859543,0.4073629451780712,0.17006802721088435
0.162,0.2592,0.4072,0.1716
0.1608,0.2596,0.406,0.1736
0.1624,0.2608,0.4024,0.1744
0.1624,0.2612,0.4016,0.1748
0.1628,0.2608,0.3984,0.178
0.1624,0.262,0.3972,0.1784
0.1624,0.2608,0.3988,0.178
0.1632,0.2612,0.3976,0.178
0.164,0.2608,0.3964,0.1788
0.16326530612244897,0.2613045218087235,0.39655862344937975,0.1788715486194478
0.1632,0.2612,0.3952,0.1804
0.1632,0.2624,0.3932,0.1812
0.1612,0.2596,0.3952,0.184
0.1628,0.2616,0.3924,0.1832
0.1656,0.2628,0.3884,0.1832
0.166,0.2628,0.3868,0.1844
0.16686674669867949,0.26290516206482595,0.3861544617847139,0.1840736294517807
0.1692,0.2628,0.384,0.184
0.16806722689075632,0.26330532212885155,0.38575430172068825,0.18287314925970388
0.1696,0.2628,0.3836,0.184
0.17,0.2624,0.3816,0.186
0.1692,0.2632,0.3792,0.1884
0.1696,0.262,0.3804,0.188
0.17086834733893558,0.2605042016806723,0.37975190076030413,0.18887555022008803
0.1728,0.2592,0.38,0.188
0.1756,0.2568,0.3796,0.188
0.17687074829931973,0.25570228091236497,0.37775110044017607,0.18967587034813926
0.1748,0.256,0.3776,0.1916
0.1772,0.2552,0.3752,0.1924
0.1796,0.2556,0.372,0.1928
0.182,0.2552,0.37,0.1928
0.1824,0.254,0.3704,0.1932
0.18287314925970388,0.2537014805922369,0.3697478991596639,0.19367747098839536
0.1836,0.2548,0.3696,0.192
0.1828,0.2564,0.3708,0.19
0.1836,0.256,0.3696,0.1908
0.1852,0.2572,0.366,0.1916
0.188,0.2596,0.3632,0.1892
0.18847539015606243,0.2617046818727491,0.36174469787915164,0.1880752300920368
0.1912,0.2612,0.36,0.1876
0.1916,0.2604,0.3608,0.1872
0.1924,0.26,0.3608,0.1868
0.1928,0.2612,0.3604,0.1856
0.1956,0.2592,0.3584,0.1868
0.19647859143657462,0.25770308123249297,0.3581432573029212,0.1876750700280112
0.1968,0.2604,0.356,0.1868
0.1968,0.2612,0.3536,0.1884
0.19767907162865145,0.26250500200080035,0.3505402160864346,0.18927571028411364
0.19807923169267708,0.26330532212885155,0.3505402160864346,0.1880752300920368
0.1992,0.262,0.3496,0.1892
0.19855884707766214,0.2622097678142514,0.34867894315452364,0.19055244195356286
0.1992,0.262,0.346,0.1928
0.1996,0.2632,0.3452,0.192
0.2004,0.2636,0.3436,0.1924
0.2,0.2636,0.3428,0.1936
0.20048019207683074,0.26410564225690275,0.3405362144857943,0.1948779511804722
0.2008,0.2656,0.3368,0.1968
0.2008,0.2672,0.3352,0.1968
0.1992797118847539,0.26770708283313327,0.3329331732693077,0.2000800320128051
0.20168067226890757,0.26770708283313327,0.33053221288515405,0.2000800320128051
0.202,0.2664,0.3312,0.2004
0.2032,0.2656,0.3312,0.2
0.2004,0.266,0.33,0.2036
0.2008,0.2656,0.33,0.2036
0.2008,0.2676,0.3284,0.2032
0.202,0.2668,0.3264,0.2048
0.20208083233293317,0.266906762705082,0.32492997198879553,0.2060824329731893
0.2012,0.2668,0.3244,0.2076
0.2028,0.2656,0.3244,0.2072
0.2032,0.2664,0.3224,0.208
0.2028,0.2664,0.3236,0.2072
0.2032,0.2672,0.3224,0.2072
0.204,0.2672,0.322,0.2068
0.20408163265306123,0.26730692276910767,0.3217286914765906,0.2068827531012405
0.2024,0.2668,0.3216,0.2092
0.20328131252501,0.266906762705082,0.3205282112845138,0.20928371348539415
0.2064,0.2668,0.3176,0.2092
0.2072,0.268,0.318,0.2068
0.2068,0.2684,0.3156,0.2092
0.2072,0.268,0.316,0.2088
0.2072,0.2684,0.3156,0.2088
0.20848339335734295,0.26850740296118447,0.31452581032412963,0.20848339335734295
0.2088,0.2704,0.314,0.2068
0.208,0.2732,0.312,0.2068
0.20848339335734295,0.272108843537415,0.31172468987595037,0.20768307322929172
0.2068,0.2728,0.3104,0.21
0.20848339335734295,0.27170868347338933,0.3097238895558223,0.21008403361344538
0.2068,0.2724,0.3088,0.212
0.2088,0.2704,0.3064,0.2144
0.2088,0.2708,0.3064,0.214
0.21048419367747098,0.2689075630252101,0.30732292917166865,0.21328531412565027
0.21048419367747098,0.26850740296118447,0.3081232492997199,0.21288515406162464
0.2112845138055222,0.27010804321728693,0.304921968787515,0.21368547418967587
0.2116,0.27,0.3032,0.2152
0.2116,0.2708,0.3008,0.2168
0.2124,0.2716,0.2988,0.2172
0.21208483393357344,0.27170868347338933,0.29851940776310526,0.21768707482993196
0.2112,0.2728,0.2984,0.2176
0.2128,0.2708,0.298,0.2184
0.21208483393357344,0.27130852340936373,0.297719087635054,0.2188875550220088
0.2108843537414966,0.27170868347338933,0.297719087635054,0.21968787515006002
0.2112,0.2696,0.2984,0.2208
0.2136,0.2696,0.2944,0.2224
0.2132,0.2692,0.2952,0.2224
0.2148859543817527,0.26810724289715887,0.29491796718687474,0.22208883553421369
0.2168,0.2672,0.2944,0.2216
0.2148,0.268,0.2936,0.2236
0.218,0.268,0.292,0.222
0.2196,0.268,0.2916,0.2208
0.2192,0.2672,0.2932,0.2204
0.2184,0.2676,0.2916,0.2224
0.2188875550220088,0.26810724289715887,0.2913165266106443,0.22168867547018808
0.2188,0.2664,0.292,0.2228
0.2184,0.268,0.2904,0.2232
0.21728691476590636,0.27010804321728693,0.290516206482593,0.22208883553421369
0.2168,0.2708,0.2892,0.2232
0.21728691476590636,0.2693077230892357,0.2897158863545418,0.22368947579031612
0.21928771508603442,0.26970788315326133,0.28731492597038816,0.22368947579031612
0.2192,0.2696,0.2876,0.2236
0.2196,0.27,0.2864,0.224
0.2208,0.2704,0.2844,0.2244
0.2212,0.27,0.2848,0.224
0.2212,0.2712,0.2844,0.2232
0.22048819527811125,0.27010804321728693,0.2841136454581833,0.22529011604641858
0.2208,0.2708,0.2828,0.2256
0.2201761409127302,0.2722177742193755,0.2822257806244996,0.22538030424339472
0.2204,0.2736,0.2808,0.2252
0.2232,0.2728,0.2808,0.2232
0.22457966373098479,0.2722177742193755,0.2806244995996797,0.22257806244995998
0.224,0.2732,0.2816,0.2212
0.224,0.2716,0.2824,0.222
0.2248,0.2704,0.2816,0.2232
0.2252,0.2696,0.2816,0.2236
0.22569027611044418,0.2689075630252101,0.2801120448179272,0.22529011604641858
0.226,0.2676,0.2808,0.2256
0.22497998398718974,0.26861489191353083,0.2814251401120897,0.22497998398718974
0.2244,0.2672,0.2808,0.2276
0.2264,0.2676,0.2792,0.2268
0.226,0.268,0.2788,0.2272
0.226,0.2676,0.2808,0.2256
0.2264905962384954,0.26850740296118447,0.2805122048819528,0.22448979591836735
0.2272909163665466,0.26770708283313327,0.2805122048819528,0.22448979591836735
0.2268,0.2676,0.2788,0.2268
0.2276,0.2684,0.2776,0.2264
0.2284,0.2684,0.2784,0.2248
0.2292,0.2692,0.2784,0.2232
0.2296,0.2692,0.2772,0.224
0.2304921968787515,0.27130852340936373,0.27651060424169666,0.22168867547018808
0.2304,0.2716,0.2768,0.2212
0.2300920368147259,0.27010804321728693,0.27651060424169666,0.22328931572629052
0.2288,0.2716,0.2764,0.2232
0.22889155662264907,0.27170868347338933,0.27531012404961985,0.22408963585434175
0.2288,0.2716,0.2744,0.2252
0.2284,0.2704,0.2748,0.2264
0.2296,0.2716,0.2752,0.2236
0.232,0.2712,0.2752,0.2216
0.2324,0.27,0.2748,0.2228
0.2336,0.2704,0.2736,0.2224
0.2356,0.27,0.2708,0.2236
0.234093637454982,0.27130852340936373,0.2725090036014406,0.22208883553421369
0.2332,0.2716,0.2732,0.222
0.2328,0.2728,0.2736,0.2208
0.2332,0.2732,0.2728,0.2208
0.23489395758303322,0.27170868347338933,0.2729091636654662,0.22048819527811125
0.236,0.2696,0.2728,0.2216
0.23689475790316125,0.26850740296118447,0.272108843537415,0.2224889955982393
0.23649459783913565,0.2689075630252101,0.274109643857543,0.22048819527811125
0.2348,0.2688,0.2756,0.2208
0.23609443777511005,0.2689075630252101,0.274109643857543,0.22088835534213686
0.2372,0.2696,0.2732,0.22
0.2377902321857486,0.2690152121697358,0.2742193755004003,0.2189751801441153
0.23729491796718688,0.27090836334533813,0.2729091636654662,0.2188875550220088
0.238,0.2696,0.2728,0.2196
0.23809523809523808,0.26970788315326133,0.2725090036014406,0.21968787515006002
0.2384,0.2716,0.272,0.218
0.2388,0.272,0.2724,0.2168
0.2392,0.2724,0.2716,0.2168
0.24049619847939174,0.27090836334533813,0.27170868347338933,0.21688675470188076
0.2412,0.2696,0.2708,0.2184
0.242,0.2696,0.2684,0.22
0.2416,0.2692,0.2684,0.2208
0.2412,0.2684,0.2696,0.2208
0.2412,0.266,0.2708,0.222
0.2416,0.2672,0.2696,0.2216
0.2412,0.2656,0.2708,0.2224
0.24179343474779824,0.26461168935148116,0.26941553242594074,0.22417934347477983
0.2433947157726181,0.2634107285828663,0.2690152121697358,0.22417934347477983
0.24489795918367346,0.2621048419367747,0.2689075630252101,0.22408963585434175
0.2452981192476991,0.2613045218087235,0.26730692276910767,0.22609043617446978
0.2448,0.2596,0.268,0.2276
0.244,0.2596,0.2684,0.228
0.2432,0.2576,0.2696,0.2296
0.2444,0.2584,0.2692,0.228
0.24449779911964786,0.25930372148859543,0.266906762705082,0.22929171668667467
0.2428,0.2596,0.268,0.2296
0.244,0.2588,0.266,0.2312
0.2448,0.2576,0.2652,0.2324
0.2428,0.2588,0.2668,0.2316
0.2432,0.2584,0.266,0.2324
0.2444,0.26,0.2632,0.2324
0.24329731892757103,0.2601040416166467,0.26410564225690275,0.23249299719887956
0.24489795918367346,0.2585034013605442,0.2657062825130052,0.2308923569427771
0.2452,0.2576,0.2644,0.2328
0.2464,0.2556,0.2652,0.2328
0.2468,0.2564,0.264,0.2328
0.2464,0.2556,0.264,0.234
0.24489795918367346,0.25690276110444177,0.26370548219287715,0.2344937975190076
0.2452,0.258,0.262,0.2348
0.2432,0.2584,0.2628,0.2356
0.24509411293552263,0.25830997196635963,0.2603123748498198,0.23628354024829795
0.24509411293552263,0.2591109331197437,0.2603123748498198,0.2354825790949139
0.2448,0.2588,0.2608,0.2356
0.2452981192476991,0.2605042016806723,0.25970388155262103,0.2344937975190076
0.2444,0.2596,0.2608,0.2352
0.2436,0.2588,0.2616,0.236
0.2436,0.2576,0.264,0.2348
0.2428,0.2572,0.2656,0.2344
0.2448,0.256,0.2656,0.2336
0.2452981192476991,0.25610244097639057,0.264905962384954,0.2336934773909564
0.2460984393757503,0.2553021208483393,0.26370548219287715,0.23489395758303322
0.2456,0.256,0.264,0.2344
0.2464,0.2544,0.2636,0.2356
0.2472,0.2536,0.2632,0.236
0.2502001601281025,0.2502001601281025,0.26301040832666134,0.2365892714171337
0.250400641025641,0.25080128205128205,0.2620192307692308,0.23677884615384615
0.25260208166533227,0.24979983987189752,0.2602081665332266,0.23738991192954365
0.2537014805922369,0.25130052020808324,0.2617046818727491,0.23329331732693076
0.254,0.2516,0.2608,0.2336
0.2541016406562625,0.24969987995198079,0.2609043617446979,0.23529411764705882
0.2544,0.2504,0.2608,0.2344
0.2546036829463571,0.24899919935948758,0.26381104883907125,0.23258606885508407
0.2549019607843137,0.24769907963185275,0.26290516206482595,0.2344937975190076
0.2546036829463571,0.24979983987189752,0.26301040832666134,0.23258606885508407
0.2556,0.248,0.2628,0.2336
0.25650260104041617,0.24769907963185275,0.26410564225690275,0.23169267707082833
0.2584,0.2468,0.2652,0.2296
0.2581032412965186,0.24649859943977592,0.2665066026410564,0.22889155662264907
0.2609043617446979,0.24689875950380152,0.2665066026410564,0.22569027611044418
0.2612,0.2472,0.2648,0.2268
0.2612,0.248,0.2644,0.2264
0.2617046818727491,0.24729891956782712,0.26370548219287715,0.2272909163665466
0.2617046818727491,0.24929971988795518,0.2661064425770308,0.22288915566226492
0.2632,0.2476,0.2676,0.2216
0.26450580232092835,0.24729891956782712,0.2665066026410564,0.22168867547018808
0.264,0.248,0.2656,0.2224
0.2632,0.2472,0.2636,0.226
0.2636,0.2472,0.2648,0.2244
0.2644,0.248,0.2652,0.2224
0.2648,0.2492,0.2648,0.2212
0.2632,0.2496,0.2632,0.224
0.2632,0.2484,0.2644,0.224
0.26330532212885155,0.24649859943977592,0.26730692276910767,0.22288915566226492
0.2628,0.248,0.2664,0.2228
0.2632,0.2488,0.2644,0.2236
0.26450580232092835,0.24689875950380152,0.26450580232092835,0.22408963585434175
0.2656,0.2452,0.2648,0.2244
0.266,0.2444,0.2628,0.2268
0.2632,0.246,0.2632,0.2276
0.263516219463356,0.24829795754905887,0.263516219463356,0.22466960352422907
0.26381104883907125,0.2477982385908727,0.2634107285828663,0.22497998398718974
0.2636,0.2488,0.2628,0.2248
0.2632,0.2484,0.2656,0.2228
0.2664,0.248,0.2632,0.2224
0.2664,0.2484,0.262,0.2232
0.268,0.25,0.2588,0.2232
0.2689075630252101,0.250500200080032,0.25770308123249297,0.22288915566226492
0.2689075630252101,0.24929971988795518,0.25610244097639057,0.22569027611044418
0.27,0.2488,0.2564,0.2248
0.26770708283313327,0.24929971988795518,0.25730292116846737,0.22569027611044418
0.2652,0.2508,0.2576,0.2264
0.264,0.2512,0.2588,0.226
0.2665066026410564,0.250500200080032,0.25770308123249297,0.22529011604641858
0.2657062825130052,0.25090036014405764,0.25970388155262103,0.22368947579031612
0.26770708283313327,0.250500200080032,0.25930372148859543,0.2224889955982393
0.2676,0.2504,0.2576,0.2244
0.2688,0.2492,0.2576,0.2244
0.2682145716573259,0.2514011208967174,0.2566052842273819,0.22377902321857485
0.26810724289715887,0.25170068027210885,0.2553021208483393,0.22488995598239295
0.2712,0.2488,0.2552,0.2248
0.2696,0.2496,0.2548,0.226
0.26850740296118447,0.25170068027210885,0.2541016406562625,0.22569027611044418
0.27050820328131253,0.24969987995198079,0.2541016406562625,0.22569027611044418
0.2692,0.2496,0.254,0.2272
0.2688,0.2516,0.254,0.2256
0.268,0.2508,0.254,0.2272
0.2668,0.2496,0.2556,0.228
0.26770708283313327,0.2501000400160064,0.2553021208483393,0.226890756302521
0.2661064425770308,0.2501000400160064,0.25610244097639057,0.22769107643057224
0.2652,0.25,0.2568,0.228
0.266906762705082,0.24929971988795518,0.25730292116846737,0.2264905962384954
0.2665066026410564,0.2501000400160064,0.2581032412965186,0.22529011604641858
0.2636,0.2508,0.2584,0.2272
0.2617046818727491,0.25210084033613445,0.25890356142456983,0.2272909163665466
0.26,0.2532,0.2592,0.2276
0.2612,0.2528,0.2576,0.2284
0.2605042016806723,0.25250100040016005,0.25730292116846737,0.22969187675070027
0.2601040416166467,0.2549019607843137,0.25690276110444177,0.22809123649459784
0.2584,0.2556,0.2568,0.2292
0.2588,0.256,0.2564,0.2288
0.25900720576461167,0.2566052842273819,0.25580464371497197,0.22858286629303443
0.258,0.2572,0.2556,0.2292
0.2584,0.256,0.2556,0.23
0.2592,0.2576,0.2524,0.2308
0.25930372148859543,0.2601040416166467,0.25170068027210885,0.22889155662264907
0.2604,0.2628,0.252,0.2248
0.26,0.2616,0.252,0.2264
0.2585034013605442,0.26250500200080035,0.2537014805922369,0.22529011604641858
0.25770308123249297,0.2621048419367747,0.2537014805922369,0.2264905962384954
0.2572,0.2588,0.2564,0.2276
0.25730292116846737,0.2585034013605442,0.25730292116846737,0.226890756302521
0.2568,0.2596,0.2552,0.2284
0.25820656525220176,0.2594075260208166,0.2546036829463571,0.2277822257806245
0.25930372148859543,0.25770308123249297,0.2549019607843137,0.22809123649459784
0.2584,0.2604,0.252,0.2292
0.25871045254305164,0.25871045254305164,0.25190228273928716,0.23067681217460953
0.25730292116846737,0.2585034013605442,0.250500200080032,0.2336934773909564
0.2568,0.2564,0.2524,0.2344
0.2578062449959968,0.2566052842273819,0.25420336269015215,0.23138510808646917
0.2556,0.2576,0.2544,0.2324
0.25770308123249297,0.25650260104041617,0.2533013205282113,0.23249299719887956
0.25730292116846737,0.25730292116846737,0.25210084033613445,0.23329331732693076
0.25650260104041617,0.25650260104041617,0.2549019607843137,0.23209283713485393
0.25690276110444177,0.25690276110444177,0.2549019607843137,0.23129251700680273
0.25930372148859543,0.25610244097639057,0.25210084033613445,0.23249299719887956
0.2584,0.2564,0.252,0.2332
0.25770308123249297,0.25890356142456983,0.25130052020808324,0.23209283713485393
0.2588,0.2588,0.2512,0.2312
0.2588,0.2564,0.2512,0.2336
0.2596,0.2552,0.2496,0.2356
0.2609043617446979,0.2553021208483393,0.24969987995198079,0.234093637454982
0.2592,0.2556,0.2496,0.2356
0.258,0.254,0.2512,0.2368
0.25890356142456983,0.2533013205282113,0.25130052020808324,0.23649459783913565
0.25890356142456983,0.2553021208483393,0.25090036014405764,0.23489395758303322
0.2596,0.2552,0.25,0.2352
0.2592,0.2544,0.25,0.2364
0.2586068855084067,0.2546036829463571,0.24699759807846278,0.2397918334667734
0.2596,0.254,0.2468,0.2396
0.2584,0.2544,0.246,0.2412
0.2592,0.2552,0.2468,0.2388
0.258,0.2552,0.2472,0.2396
0.2584,0.2548,0.2492,0.2376
0.2594075260208166,0.2566052842273819,0.24619695756605284,0.2377902321857486
0.2592,0.2568,0.246,0.238
0.2602081665332266,0.255404323458767,0.24699759807846278,0.23738991192954365
0.26,0.2544,0.2484,0.2372
0.2612,0.2544,0.2488,0.2356
0.2605042016806723,0.2553021208483393,0.24969987995198079,0.2344937975190076
0.2601040416166467,0.25610244097639057,0.24889955982392958,0.23489395758303322
0.25930372148859543,0.25690276110444177,0.24889955982392958,0.23489395758303322
0.25820656525220176,0.25580464371497197,0.2514011208967174,0.2345876701361089
0.2581032412965186,0.25570228091236497,0.25090036014405764,0.23529411764705882
0.2576,0.2532,0.2532,0.236
0.25900720576461167,0.2546036829463571,0.25380304243394713,0.23258606885508407
0.25890356142456983,0.2533013205282113,0.2537014805922369,0.234093637454982
0.2617046818727491,0.2533013205282113,0.2533013205282113,0.23169267707082833
0.2619142971565879,0.2539046856227473,0.2563075690828995,0.2278734481377653
0.26111333600320386,0.2563075690828995,0.25470564677613133,0.2278734481377653
0.2624,0.2548,0.2544,0.2284
0.2628,0.2536,0.2548,0.2288
0.262,0.2548,0.2548,0.2284
0.2621048419367747,0.25770308123249297,0.25290116046418565,0.2272909163665466
0.2622097678142514,0.2586068855084067,0.2546036829463571,0.22457966373098479
0.2628,0.2596,0.252,0.2256
0.2628,0.2584,0.2524,0.2264
0.2644,0.2592,0.2524,0.224
0.2644,0.2596,0.2524,0.2236
0.26250500200080035,0.2601040416166467,0.25170068027210885,0.22569027611044418
0.26290516206482595,0.25890356142456983,0.25170068027210885,0.2264905962384954
0.262,0.2568,0.2516,0.2296
0.262,0.256,0.2524,0.2296
0.2601040416166467,0.25610244097639057,0.2537014805922369,0.2300920368147259
0.2628,0.2532,0.2548,0.2292
0.2624,0.254,0.2552,0.2284
0.2644,0.2544,0.2528,0.2284
0.26381104883907125,0.2530024019215372,0.25180144115292236,0.23138510808646917
0.2644,0.2544,0.2504,0.2308
0.2636,0.2504,0.254,0.232
0.26450580232092835,0.24849939975990396,0.25650260104041617,0.2304921968787515
0.2652,0.2472,0.2576,0.23
0.264,0.2484,0.2588,0.2288
0.263516219463356,0.2486984381257509,0.2591109331197437,0.22867440929114938
0.2644,0.2492,0.2572,0.2292
0.2652,0.2488,0.2552,0.2308
0.2652,0.2488,0.256,0.23
0.2664,0.2464,0.2572,0.23
0.2668,0.2464,0.2572,0.2296
0.2672,0.2472,0.2568,0.2288
0.2684,0.2488,0.254,0.2288
0.266613290632506,0.25060048038430743,0.25260208166533227,0.23018414731785428
0.2657062825130052,0.25290116046418565,0.25210084033613445,0.22929171668667467
0.26450580232092835,0.25250100040016005,0.2537014805922369,0.22929171668667467
0.266,0.2524,0.254,0.2276
0.26621297037630104,0.25180144115292236,0.25380304243394713,0.22818254603682947
0.2648,0.2508,0.2548,0.2296
0.2652,0.2504,0.2544,0.23
0.2648,0.252,0.2544,0.2288
0.2652,0.2532,0.2536,0.228
0.264905962384954,0.25250100040016005,0.2541016406562625,0.22849139655862344
0.2665066026410564,0.25130052020808324,0.2537014805922369,0.22849139655862344
0.2661064425770308,0.25250100040016005,0.25250100040016005,0.22889155662264907
0.2636,0.2532,0.254,0.2292
0.2664,0.2512,0.254,0.2284
0.2653061224489796,0.25170068027210885,0.25570228091236497,0.2272909163665466
0.2656,0.2536,0.256,0.2248
0.2668,0.2524,0.258,0.2228
0.2648,0.2536,0.2596,0.222
0.2628,0.2544,0.2612,0.2216
0.2636,0.2536,0.2616,0.2212
0.2621048419367747,0.25290116046418565,0.2617046818727491,0.22328931572629052
0.2592,0.2532,0.264,0.2236
0.25900720576461167,0.2534027221777422,0.26461168935148116,0.22297838270616493
0.2592,0.252,0.266,0.2228
0.2581032412965186,0.25250100040016005,0.26770708283313327,0.22168867547018808
0.25890356142456983,0.25250100040016005,0.2689075630252101,0.21968787515006002
0.2588,0.254,0.2668,0.2204
0.2572,0.2536,0.2676,0.2216
0.2576,0.256,0.268,0.2184
0.2576,0.2564,0.268,0.218
0.2584,0.254,0.2676,0.22
0.258,0.254,0.2664,0.2216
0.2588,0.2544,0.2664,0.2204
0.2592,0.2552,0.2656,0.22
0.262,0.2564,0.264,0.2176
0.262,0.2584,0.264,0.2156
0.2624,0.2564,0.2656,0.2156
0.2624,0.2552,0.2672,0.2152
0.26330532212885155,0.25690276110444177,0.2653061224489796,0.2144857943177271
0.2613045218087235,0.25770308123249297,0.2661064425770308,0.2148859543817527
0.2612,0.2584,0.2668,0.2136
0.2632,0.256,0.2668,0.214
0.2621048419367747,0.25730292116846737,0.26770708283313327,0.21288515406162464
0.2605042016806723,0.25730292116846737,0.26850740296118447,0.21368547418967587
0.2604,0.2572,0.2688,0.2136
0.2601040416166467,0.25770308123249297,0.26970788315326133,0.21248499399759904
0.262,0.2568,0.2692,0.212
0.2616,0.2572,0.2692,0.212
0.2624,0.2568,0.2684,0.2124
0.26290516206482595,0.25730292116846737,0.26850740296118447,0.2112845138055222
0.2632,0.258,0.2676,0.2112
0.2632,0.2572,0.2684,0.2112
0.2628,0.2608,0.2664,0.21
0.26511814177012416,0.2591109331197437,0.2671205446535843,0.20865038045654785
0.2636,0.2608,0.2668,0.2088
0.26370548219287715,0.25930372148859543,0.2653061224489796,0.2116846738695478
0.26330532212885155,0.2609043617446979,0.26370548219287715,0.21208483393357344
0.2609043617446979,0.2601040416166467,0.2661064425770308,0.21288515406162464
0.262,0.258,0.2672,0.2128
0.2605042016806723,0.25690276110444177,0.26850740296118447,0.21408563425370147
0.2612,0.258,0.2676,0.2132
0.2601040416166467,0.25930372148859543,0.2653061224489796,0.2152861144457783
0.2613045218087235,0.2617046818727491,0.26290516206482595,0.21408563425370147
0.2596,0.2616,0.2636,0.2152
0.25930372148859543,0.2601040416166467,0.264905962384954,0.21568627450980393
0.2608,0.2616,0.2648,0.2128
0.2584,0.264,0.2644,0.2132
0.2572,0.2648,0.264,0.214
0.2570056044835869,0.26501200960768617,0.2622097678142514,0.2157726180944756
0.2576,0.2652,0.2608,0.2164
0.2572,0.2644,0.2624,0.216
0.2552,0.266,0.262,0.2168
0.2536,0.2664,0.2628,0.2172
0.2546036829463571,0.2658126501200961,0.2634107285828663,0.21617293835068055
0.2544,0.266,0.2644,0.2152
0.2536,0.2656,0.2636,0.2172
0.2528,0.2688,0.262,0.2164
0.252,0.2684,0.2624,0.2172
0.252,0.2696,0.262,0.2164
0.2516,0.2708,0.262,0.2156
0.2496,0.2712,0.2616,0.2176
0.2464,0.2732,0.2608,0.2196
0.2464,0.2716,0.262,0.22
0.244,0.272,0.2628,0.2212
0.2424,0.2716,0.264,0.222
0.2444,0.2696,0.264,0.222
0.2452,0.2704,0.2624,0.222
0.2464,0.27,0.2628,0.2208
0.2448,0.2704,0.2632,0.2216
0.2432,0.272,0.262,0.2228
0.2428,0.2712,0.262,0.224
0.2420968387354942,0.26970788315326133,0.26250500200080035,0.22569027611044418
0.24289715886354543,0.26730692276910767,0.26370548219287715,0.22609043617446978
0.2432,0.266,0.2636,0.2272
0.244,0.2656,0.2636,0.2268
0.24379503602882305,0.26701361088871095,0.2634107285828663,0.22578062449959968
0.2424,0.2668,0.2632,0.2276
0.244,0.266,0.2624,0.2276
0.2448,0.2672,0.2616,0.2264
0.2448,0.2668,0.2608,0.2276
0.2444,0.2668,0.2592,0.2296
0.2464,0.266,0.2576,0.23
0.24499599679743794,0.2678142514011209,0.2578062449959968,0.22938350680544436
0.2444,0.268,0.2592,0.2284
0.2452,0.268,0.2584,0.2284
0.2444,0.2676,0.2596,0.2284
0.2424,0.2672,0.2604,0.23
0.24,0.2672,0.2628,0.23
0.242,0.2644,0.2644,0.2292
0.2416,0.2636,0.2652,0.2296
0.24179343474779824,0.26301040832666134,0.26501200960768617,0.23018414731785428
0.23969587835134054,0.2617046818727491,0.26730692276910767,0.23129251700680273
0.2424,0.2604,0.2656,0.2316
0.244,0.2596,0.2656,0.2308
0.24379503602882305,0.25900720576461167,0.266613290632506,0.23058446757405926
0.24349219062875452,0.25871045254305164,0.26631958350020024,0.2314777733279936
0.2424,0.2604,0.2656,0.2316
0.242,0.2632,0.2644,0.2304
0.242,0.2624,0.2656,0.23
0.2416,0.262,0.2648,0.2316
0.2408,0.262,0.2644,0.2328
0.2396,0.2636,0.264,0.2328
0.2392,0.2628,0.266,0.232
0.2408,0.2604,0.2664,0.2324
0.24,0.26,0.2668,0.2332
0.2406888265919103,0.2595114136964357,0.2671205446535843,0.23267921505806968
0.2416966786714686,0.25970388155262103,0.2665066026410564,0.23209283713485393
0.2433947157726181,0.25820656525220176,0.26621297037630104,0.2321857485988791
0.246,0.2576,0.2652,0.2312
0.2468,0.256,0.266,0.2312
0.24699759807846278,0.2566052842273819,0.2678142514011209,0.22858286629303443
0.2456982793117247,0.25650260104041617,0.2689075630252101,0.22889155662264907
0.2456,0.2544,0.2704,0.2296
0.24489795918367346,0.2549019607843137,0.27090836334533813,0.22929171668667467
0.24329731892757103,0.25610244097639057,0.27170868347338933,0.22889155662264907
0.2452,0.2556,0.2736,0.2256
0.2460984393757503,0.25730292116846737,0.2725090036014406,0.22408963585434175
0.2468,0.2588,0.2708,0.2236
0.24689875950380152,0.25930372148859543,0.2693077230892357,0.22448979591836735
0.2472,0.2588,0.2696,0.2244
0.2456,0.2612,0.2688,0.2244
0.2456982793117247,0.2609043617446979,0.2693077230892357,0.22408963585434175
0.24489795918367346,0.2605042016806723,0.2693077230892357,0.22529011604641858
0.2456982793117247,0.2601040416166467,0.2693077230892357,0.22488995598239295
0.2484,0.2596,0.2668,0.2252
0.2492,0.2596,0.2668,0.2244
0.25210084033613445,0.2605042016806723,0.26410564225690275,0.22328931572629052
0.2512,0.262,0.264,0.2228
0.2534027221777422,0.2594075260208166,0.2610088070456365,0.22618094475580464
0.2532,0.2608,0.2616,0.2244
0.2528,0.2608,0.262,0.2244
0.2536,0.2596,0.2616,0.2252
0.2566052842273819,0.25740592473979185,0.26060848678943155,0.22538030424339472
0.258,0.2556,0.26,0.2264
0.2584,0.256,0.2596,0.226
0.25770308123249297,0.25570228091236497,0.2605042016806723,0.22609043617446978
0.2584,0.2548,0.2604,0.2264
0.2576,0.256,0.2616,0.2248
0.2568,0.2576,0.2612,0.2244
0.2568,0.26,0.2588,0.2244
0.2564,0.2596,0.2596,0.2244
0.254,0.2608,0.2604,0.2248
0.254,0.26,0.2608,0.2252
0.2528,0.26,0.2608,0.2264
0.2532,0.26,0.2604,0.2264
0.2549019607843137,0.25930372148859543,0.2601040416166467,0.22569027611044418
0.2548,0.2572,0.2616,0.2264
0.2524,0.2608,0.2616,0.2252
0.2514011208967174,0.26301040832666134,0.2602081665332266,0.22538030424339472
0.25,0.2628,0.2604,0.2268
0.2488,0.2604,0.264,0.2268
0.248,0.26,0.2648,0.2272
0.2484,0.2608,0.2648,0.226
0.25,0.2604,0.2632,0.2264
0.2504,0.26,0.2656,0.224
0.2508,0.2608,0.2628,0.2256
0.24849939975990396,0.25930372148859543,0.26370548219287715,0.22849139655862344
0.24809923969587835,0.2581032412965186,0.2657062825130052,0.22809123649459784
0.2488,0.26,0.2656,0.2256
0.24969987995198079,0.2601040416166467,0.264905962384954,0.22529011604641858
0.24819855884707767,0.26140912730184146,0.26501200960768617,0.22538030424339472
0.24809923969587835,0.2609043617446979,0.2661064425770308,0.22488995598239295
0.2484,0.2584,0.2664,0.2268
0.2508,0.2576,0.2648,0.2268
0.2504,0.2584,0.2648,0.2264
0.2508,0.258,0.2656,0.2256
0.2533013205282113,0.25650260104041617,0.26450580232092835,0.22569027611044418
0.25420336269015215,0.25740592473979185,0.26381104883907125,0.22457966373098479
0.2548,0.258,0.2624,0.2248
0.2512,0.2592,0.2644,0.2252
0.2501000400160064,0.2581032412965186,0.2653061224489796,0.2264905962384954
0.2496,0.2584,0.2664,0.2256
0.248,0.258,0.2688,0.2252
0.24939951961569257,0.25740592473979185,0.2690152121697358,0.22417934347477983
0.2484,0.2584,0.27,0.2232
0.2464,0.2596,0.2704,0.2236
0.2456,0.26,0.27,0.2244
0.24449779911964786,0.2581032412965186,0.27090836334533813,0.2264905962384954
0.24489795918367346,0.25610244097639057,0.27090836334533813,0.22809123649459784
0.2448,0.2544,0.2728,0.228
0.2456,0.254,0.2724,0.228
0.24649859943977592,0.25570228091236497,0.27170868347338933,0.22609043617446978
0.2464,0.256,0.2716,0.226
0.246,0.2548,0.2712,0.228
0.2448,0.2564,0.2692,0.2296
0.2456,0.2584,0.2668,0.2292
0.2452,0.2588,0.2676,0.2284
0.2456982793117247,0.2581032412965186,0.2689075630252101,0.2272909163665466
0.2436,0.2604,0.2676,0.2284
0.2428,0.2604,0.2684,0.2284
0.2416,0.2608,0.268,0.2296
0.24,0.2616,0.2684,0.23
0.24,0.2612,0.2676,0.2312
0.2404,0.264,0.2648,0.2308
0.2397918334667734,0.2634107285828663,0.26621297037630104,0.23058446757405926
0.24089635854341737,0.26290516206482595,0.26450580232092835,0.23169267707082833
0.24299439551641314,0.2622097678142514,0.26381104883907125,0.23098478783026422
0.24139311449159329,0.2618094475580464,0.26461168935148116,0.2321857485988791
0.2408,0.2632,0.2616,0.2344
0.2416,0.2632,0.2612,0.234
0.24049619847939174,0.264905962384954,0.2609043617446979,0.2336934773909564
0.24009603841536614,0.26370548219287715,0.2617046818727491,0.2344937975190076
0.2408,0.262,0.262,0.2352
0.242,0.2616,0.2616,0.2348
0.242,0.2616,0.2612,0.2352
0.2424,0.2608,0.26,0.2368
0.2424969987995198,0.25890356142456983,0.2613045218087235,0.23729491796718688
0.244,0.2576,0.2608,0.2376
0.24449779911964786,0.2601040416166467,0.2605042016806723,0.23489395758303322
0.2436,0.2588,0.262,0.2356
0.24409763905562226,0.25970388155262103,0.2617046818727491,0.2344937975190076
0.2444,0.2596,0.2632,0.2328
0.2456982793117247,0.25730292116846737,0.26450580232092835,0.23249299719887956
0.24449779911964786,0.2581032412965186,0.2653061224489796,0.23209283713485393
0.2424,0.2564,0.2668,0.2344
0.24419535628502803,0.2566052842273819,0.2658126501200961,0.233386709367494
0.2448,0.2552,0.2648,0.2352
0.244595676541233,0.25500400320256206,0.266613290632506,0.23378702962369896
0.2456982793117247,0.2537014805922369,0.26730692276910767,0.23329331732693076
0.24489795918367346,0.2549019607843137,0.26770708283313327,0.23249299719887956
0.2432,0.254,0.2696,0.2332
0.24369747899159663,0.2541016406562625,0.2693077230892357,0.23289315726290516
0.24289715886354543,0.25250100040016005,0.26970788315326133,0.23489395758303322
0.2428,0.2516,0.2704,0.2352
0.2428,0.2512,0.2704,0.2356
0.2436,0.252,0.2692,0.2352
0.2444,0.2532,0.2704,0.232
0.2416966786714686,0.2549019607843137,0.2725090036014406,0.2308923569427771
0.2432,0.254,0.2724,0.2304
0.2444,0.2536,0.272,0.23
0.2444,0.2544,0.2704,0.2308
0.2428,0.254,0.2716,0.2316
0.2432,0.2524,0.2708,0.2336
0.24,0.2544,0.2704,0.2352
0.2428,0.2528,0.2688,0.2356
0.2424,0.2532,0.2688,0.2356
0.2424,0.2528,0.2676,0.2372
0.2396,0.2528,0.2672,0.2404
0.23969587835134054,0.2533013205282113,0.26730692276910767,0.23969587835134054
0.2412,0.2524,0.2656,0.2408
0.2428,0.2516,0.2644,0.2412
0.24489795918367346,0.25210084033613445,0.2617046818727491,0.24129651860744297
0.24449779911964786,0.2545018007202881,0.2617046818727491,0.2392957182873149
0.2448,0.2528,0.2624,0.24
0.2452,0.2532,0.262,0.2396
0.24369747899159663,0.2545018007202881,0.26250500200080035,0.2392957182873149
0.2424969987995198,0.2541016406562625,0.26250500200080035,0.24089635854341737
0.2448,0.2528,0.2636,0.2388
0.2456,0.2532,0.2632,0.238
0.24689875950380152,0.25290116046418565,0.2617046818727491,0.2384953981592637
0.24739791833466773,0.25180144115292236,0.26301040832666134,0.2377902321857486
0.2460984393757503,0.25210084033613445,0.26290516206482595,0.2388955582232893
0.24489795918367346,0.2537014805922369,0.26450580232092835,0.23689475790316125
0.24509411293552263,0.2551061273528234,0.2639167000400481,0.23588305967160592
0.2452,0.2552,0.2624,0.2372
0.24449779911964786,0.25610244097639057,0.26290516206482595,0.23649459783913565
0.2444,0.2532,0.264,0.2384
0.2452,0.2552,0.2608,0.2388
0.24489795918367346,0.2541016406562625,0.2617046818727491,0.2392957182873149
0.24369747899159663,0.2541016406562625,0.26370548219287715,0.2384953981592637
0.2424,0.2552,0.2652,0.2372
0.24389267120544653,0.25590708850620747,0.2643171806167401,0.23588305967160592
0.244,0.2572,0.264,0.2348
0.24009603841536614,0.25770308123249297,0.266906762705082,0.23529411764705882
0.2384953981592637,0.2581032412965186,0.2689075630252101,0.2344937975190076
0.238,0.258,0.2692,0.2348
0.23729491796718688,0.2585034013605442,0.26730692276910767,0.23689475790316125
0.238,0.2568,0.2684,0.2368
0.2396,0.2556,0.268,0.2368
0.24089635854341737,0.25570228091236497,0.26810724289715887,0.23529411764705882
0.2424969987995198,0.2581032412965186,0.264905962384954,0.2344937975190076
0.24269122947537045,0.25830997196635963,0.263115738886664,0.23588305967160592
0.242,0.258,0.2636,0.2364
0.2416966786714686,0.2585034013605442,0.26290516206482595,0.23689475790316125
0.2428,0.2548,0.262,0.2404
0.2428,0.2532,0.2632,0.2408
0.24369747899159663,0.25170068027210885,0.264905962384954,0.23969587835134054
0.2432,0.2512,0.264,0.2416
0.2444,0.2512,0.2636,0.2408
0.24289715886354543,0.2537014805922369,0.26290516206482595,0.24049619847939174
0.24129651860744297,0.2541016406562625,0.26330532212885155,0.24129651860744297
0.2424,0.254,0.2608,0.2428
0.2412,0.2544,0.2612,0.2432
0.2404,0.2544,0.264,0.2412
0.24009603841536614,0.2537014805922369,0.2661064425770308,0.24009603841536614
0.2408,0.2544,0.2648,0.24
0.24009603841536614,0.2553021208483393,0.26290516206482595,0.2416966786714686
0.2396,0.2536,0.264,0.2428
0.2416,0.2512,0.2624,0.2448
0.2424,0.2524,0.2612,0.244
0.2428,0.2536,0.2608,0.2428
0.2432,0.2532,0.26,0.2436
0.2432,0.252,0.2604,0.2444
0.2444,0.2524,0.26,0.2432
0.2452981192476991,0.2549019607843137,0.2581032412965186,0.2416966786714686
0.24649859943977592,0.2545018007202881,0.25730292116846737,0.2416966786714686
0.2476,0.2528,0.2576,0.242
0.2468,0.2536,0.258,0.2416
0.2464,0.2524,0.2588,0.2424
0.2484,0.2532,0.2564,0.242
0.248,0.252,0.256,0.244
0.24969987995198079,0.24929971988795518,0.2549019607843137,0.2460984393757503
0.25,0.2476,0.2568,0.2456
0.24929971988795518,0.24689875950380152,0.25770308123249297,0.2460984393757503
0.2476,0.248,0.2576,0.2468
0.2456982793117247,0.24849939975990396,0.25770308123249297,0.24809923969587835
0.2460984393757503,0.24849939975990396,0.2585034013605442,0.24689875950380152
0.2464,0.246,0.2596,0.248
0.2444,0.2476,0.2592,0.2488
0.24329731892757103,0.24809923969587835,0.2601040416166467,0.24849939975990396
0.24289715886354543,0.24849939975990396,0.2585034013605442,0.2501000400160064
0.2424969987995198,0.24809923969587835,0.2601040416166467,0.24929971988795518
0.2424,0.2488,0.2596,0.2492
0.242,0.248,0.2612,0.2488
0.2432,0.248,0.2604,0.2484
0.2448,0.2444,0.2592,0.2516
0.2436,0.248,0.2584,0.25
0.24329731892757103,0.24849939975990396,0.25890356142456983,0.24929971988795518
0.2428,0.2488,0.2592,0.2492
0.2416966786714686,0.250500200080032,0.2601040416166467,0.24769907963185275
0.24158653846153846,0.2516025641025641,0.2604166666666667,0.24639423076923078
0.2420968387354942,0.25210084033613445,0.25970388155262103,0.2460984393757503
0.2412,0.2532,0.2596,0.246
0.2432,0.2512,0.2604,0.2452
0.242,0.2504,0.2624,0.2452
0.242,0.252,0.2604,0.2456
0.242,0.2512,0.26,0.2468
0.2416,0.2528,0.2592,0.2464
0.2404,0.2528,0.2604,0.2464
0.2409927942353883,0.2546036829463571,0.2602081665332266,0.24419535628502803
0.2424,0.2552,0.258,0.2444
0.24139311449159329,0.2562049639711769,0.2570056044835869,0.24539631705364293
0.242,0.2556,0.2576,0.2448
0.2412,0.2564,0.258,0.2444
0.244595676541233,0.2534027221777422,0.2578062449959968,0.24419535628502803
0.24489795918367346,0.25290116046418565,0.2581032412965186,0.24409763905562226
0.2452981192476991,0.2533013205282113,0.2581032412965186,0.24329731892757103
0.2448,0.2548,0.2568,0.2436
0.24419535628502803,0.255404323458767,0.2566052842273819,0.24379503602882305
0.2416966786714686,0.2553021208483393,0.2581032412965186,0.24489795918367346
0.2412,0.2556,0.2588,0.2444
0.2396,0.2572,0.2596,0.2436
0.24129651860744297,0.25650260104041617,0.2585034013605442,0.24369747899159663
0.24259407526020815,0.25740592473979185,0.25740592473979185,0.24259407526020815
0.24329731892757103,0.25730292116846737,0.25690276110444177,0.2424969987995198
0.24309171005206248,0.25710853023628355,0.25750901081297556,0.2422907488986784
0.2448,0.2552,0.2564,0.2436
0.2460984393757503,0.2545018007202881,0.25610244097639057,0.24329731892757103
0.24579663730984788,0.25580464371497197,0.2570056044835869,0.24139311449159329
0.2456,0.2556,0.2564,0.2424
0.24189026832198637,0.2567080496595915,0.2579094913896676,0.24349219062875452
0.2424969987995198,0.25610244097639057,0.25930372148859543,0.2420968387354942
0.2444,0.2556,0.2596,0.2404
0.24539631705364293,0.2566052842273819,0.2570056044835869,0.2409927942353883
0.2460984393757503,0.25690276110444177,0.25690276110444177,0.24009603841536614
