C,D,Oc,Od
0.0,1.0,0.0,0.0
0.0,0.5,0.5,0.0
0.0,0.5,0.5,0.0
0.11764705882352941,0.5882352941176471,0.29411764705882354,0.0
0.09375,0.5625,0.34375,0.0
0.1111111111111111,0.5,0.37037037037037035,0.018518518518518517
0.12790697674418605,0.46511627906976744,0.38372093023255816,0.023255813953488372
0.16923076923076924,0.45384615384615384,0.35384615384615387,0.023076923076923078
0.16145833333333334,0.4114583333333333,0.4010416666666667,0.026041666666666668
0.1634980988593156,0.4068441064638783,0.39543726235741444,0.034220532319391636
0.16619718309859155,0.4084507042253521,0.38028169014084506,0.04507042253521127
0.16851441241685144,0.3968957871396896,0.37250554323725055,0.06208425720620843
0.17168141592920355,0.38761061946902653,0.35575221238938054,0.08495575221238938
0.17507002801120447,0.37675070028011204,0.3403361344537815,0.10784313725490197
0.18477043673012317,0.3617021276595745,0.3404255319148936,0.11310190369540873
0.1859582542694497,0.34724857685009486,0.3415559772296015,0.1252371916508539
0.1841680129240711,0.3473344103392569,0.3360258481421648,0.13247172859450726
0.1927710843373494,0.32955350815024803,0.32742735648476257,0.15024805102763997
0.19422249539028888,0.31346035648432696,0.3288260602335587,0.16349108789182545
0.19766146993318487,0.31570155902004454,0.32238307349665923,0.16425389755011136
0.19633507853403143,0.3068062827225131,0.3287958115183246,0.16806282722513088
0.20569464899361806,0.28325969563082964,0.32940598919980363,0.18163966617574864
0.20688052068805207,0.2807996280799628,0.3324035332403533,0.1799163179916318
0.2086720867208672,0.2741644083107498,0.3355916892502258,0.18157181571815717
0.20959147424511546,0.26865008880994673,0.336145648312611,0.18561278863232683
0.2037037037037037,0.2707231040564374,0.33465608465608465,0.19091710758377425
0.2051168945743273,0.2690780767534186,0.33700926334362596,0.18879576532862816
0.2108274647887324,0.2632042253521127,0.335387323943662,0.19058098591549297
0.20907900480139677,0.2618943692710607,0.33697075512876473,0.19205587079877784
0.2162043152796125,0.26420079260237783,0.32981065609863497,0.18978423601937472
0.2171628721541156,0.2609457092819615,0.3257443082311734,0.19614711033274956
0.22695346795434593,0.2607550482879719,0.32660228270412645,0.18568920105355574
0.22051731696624288,0.2626041209995616,0.3274879438842613,0.18939061814993424
0.22552447552447552,0.25655594405594406,0.32517482517482516,0.19274475524475523
0.22847100175746923,0.2601054481546573,0.3260105448154657,0.18541300527240773
0.23039647577092512,0.26387665198237886,0.320704845814978,0.18502202643171806
0.22854640980735552,0.2609457092819615,0.3235551663747811,0.18695271453590193
0.23046532045654083,0.2594381035996488,0.3173836698858648,0.19271290605794555
0.23278116826503922,0.2576285963382738,0.31604184829991283,0.1935483870967742
0.22852081488042517,0.2604074402125775,0.31443755535872453,0.1966341895482728
0.23266022827041263,0.25680421422300265,0.3147497805092186,0.1957857769973661
0.2284577993813522,0.25762262483429077,0.31595227574016793,0.19796730004418914
0.22972380534853135,0.2626041209995616,0.31214379658044716,0.1955282770714599
0.22305323361196655,0.26176858776946765,0.3172019357677079,0.1979762428508579
0.2295873573309921,0.25680421422300265,0.31299385425812115,0.20061457418788411
0.2247585601404741,0.2546093064091308,0.31343283582089554,0.20719929762949957
0.22422907488986785,0.25418502202643173,0.3145374449339207,0.20704845814977973
0.21821381434227893,0.25208974923009236,0.32116146062472506,0.20853497580290364
0.22407732864674867,0.2561511423550088,0.31195079086115995,0.2078207381370826
0.21919642857142857,0.2526785714285714,0.3183035714285714,0.20982142857142858
0.21618037135278514,0.25552608311229,0.31432360742705573,0.21396993810786913
0.210896309314587,0.2557117750439367,0.3189806678383128,0.21441124780316345
0.2099956159579132,0.2590968873301184,0.31170539237176675,0.21920210434020165
0.2142226148409894,0.26015901060070673,0.3052120141342756,0.22040636042402828
0.2151394422310757,0.26117751217352814,0.3019034971226206,0.22177954847277556
0.21545979564637938,0.2701021768103065,0.3011994669035984,0.2132385606397157
0.21750663129973474,0.2595048629531388,0.3045977011494253,0.21839080459770116
0.22084805653710246,0.26501766784452296,0.30123674911660775,0.21289752650176677
0.22163120567375885,0.25886524822695034,0.3045212765957447,0.2149822695035461
0.21888790820829657,0.26654898499558694,0.30185348631950576,0.21270962047661077
0.21981424148606812,0.2622733303847855,0.30207872622733306,0.21583370190181336
0.21576398062527521,0.25935711140466755,0.3055922501100837,0.2192866578599736
0.22431132487975514,0.25579361609094886,0.30170529077393965,0.21818976825535635
0.21441124780316345,0.2596660808435852,0.30492091388400705,0.22100175746924428
0.22125054656755574,0.2579798863139484,0.29995627459554003,0.22081329252295584
0.22455220620358235,0.2656181738750546,0.29707295762341634,0.2127566622979467
0.2261437908496732,0.2644880174291939,0.29411764705882354,0.21525054466230936
0.2222709338009645,0.2595352915387988,0.3007452871547567,0.21744848750548004
0.22217255252570406,0.2610639248994189,0.30174340634778724,0.21502011622708986
0.2194260485651214,0.26578366445916113,0.2988962472406181,0.21589403973509932
0.21284080914687775,0.2594547053649956,0.31090589270008795,0.2167985927880387
0.2222713212549713,0.25939019001325675,0.30534688466637205,0.2129916040653999
0.22576361221779548,0.25763612217795484,0.3050022133687472,0.21159805223550243
0.22055580061755625,0.25937362152624616,0.3039258932509925,0.2161446846052051
0.22411533420707733,0.2656181738750546,0.30013106159895153,0.21013543031891654
0.22828014184397163,0.26684397163120566,0.2992021276595745,0.20567375886524822
0.222663139329806,0.2724867724867725,0.30511463844797176,0.19973544973544974
0.22296099290780141,0.2695035460992908,0.30097517730496454,0.20656028368794327
0.2260061919504644,0.2706766917293233,0.29765590446705,0.20566121185316233
0.21846153846153846,0.2756043956043956,0.2975824175824176,0.20835164835164835
0.21899736147757257,0.2801231310466139,0.2994722955145119,0.20140721196130168
0.2218763895064473,0.2810137839039573,0.2996887505558026,0.1974210760337928
0.21094091903719914,0.28665207877461707,0.3059080962800875,0.19649890590809627
0.2099956159579132,0.28145550197281893,0.30556773345024113,0.20298114861902675
0.2219298245614035,0.2771929824561403,0.2969298245614035,0.20394736842105263
0.22573561703996486,0.2727272727272727,0.3008344312692139,0.20070267896354854
0.22163588390501318,0.2695690413368514,0.30035180299032543,0.20844327176781002
0.22393992932862192,0.2742932862190813,0.30167844522968196,0.20008833922261485
0.21598939929328623,0.2742932862190813,0.303886925795053,0.2058303886925795
0.22069880583812473,0.2773109243697479,0.29588677576293676,0.20610349402919062
0.2176810306530431,0.2763216348289649,0.29764549089293646,0.20835184362505554
0.22407732864674867,0.2781195079086116,0.29261862917398945,0.20518453427065025
0.2137777777777778,0.2857777777777778,0.292,0.20844444444444443
0.2087527352297593,0.28665207877461707,0.29846827133479215,0.20612691466083152
0.20964175143741706,0.27908005307386113,0.30429013710747455,0.20698805838124723
0.20703296703296703,0.2786813186813187,0.30417582417582417,0.21010989010989012
0.2070191026210573,0.2692136828076411,0.3109729009329187,0.21279431363838294
0.21346830985915494,0.2658450704225352,0.30809859154929575,0.2125880281690141
0.21608484312859036,0.2646928855501547,0.30667255855059655,0.21254971277065843
0.21412996075010904,0.26515481901439164,0.29699084169210643,0.22372437854339294
0.21246707638279191,0.26294995610184374,0.30597014925373134,0.218612818261633
0.22011468901632114,0.26290251433612705,0.2990736656374063,0.21790913101014556
0.21204188481675393,0.26527050610820246,0.29930191972076786,0.22338568935427575
0.2088830255057168,0.262532981530343,0.29991204925241866,0.22867194371152155
0.2119876597620097,0.26443367122080214,0.2988100484795064,0.2247686205376818
0.21205455345358556,0.2547294324681038,0.3031236251649802,0.2300923889133304
0.21453900709219859,0.25177304964539005,0.300531914893617,0.23315602836879432
0.21029476462824462,0.26044874615046193,0.3062032556093269,0.22305323361196655
0.21866783523225242,0.25766871165644173,0.3023663453111306,0.22129710780017528
0.22397200349956256,0.26115485564304464,0.29658792650918636,0.21828521434820647
0.2284060552092609,0.26046304541406945,0.2929652715939448,0.21816562778272486
0.22961657117672984,0.2666372851476421,0.2908770383428823,0.2128691053327457
0.2309043020193152,0.262071992976295,0.29280070237050043,0.21422300263388938
0.2265315116791538,0.26840017628911417,0.2913177611282503,0.21375055090348172
0.2218791354212616,0.27128363475959416,0.2911336568151742,0.21570357300397
0.22369584438549955,0.27055702917771884,0.2926613616268789,0.21308576480990274
0.22315140845070422,0.26848591549295775,0.2966549295774648,0.21170774647887325
0.22657281126264847,0.27188737351517817,0.2872855257369116,0.21425428948526176
0.22725274725274724,0.2663736263736264,0.2918681318681319,0.2145054945054945
0.22369584438549955,0.26480990274093724,0.29310344827586204,0.21839080459770116
0.21588415971917507,0.2663448881088197,0.29925405879771827,0.21851689337428698
0.21910604732690622,0.268624014022787,0.2892199824715162,0.22304995617879053
0.21905179982440737,0.262071992976295,0.2993854258121159,0.21949078138718173
0.22570671378091872,0.26148409893992935,0.29328621908127206,0.21952296819787986
0.22985989492119088,0.2591943957968476,0.29246935201401053,0.21847635726795098
0.23674911660777384,0.2597173144876325,0.2879858657243816,0.21554770318021202
0.2381584772023019,0.2549800796812749,0.28508189464364764,0.22177954847277556
0.2409372236958444,0.25552608311229,0.28249336870026526,0.22104332449160036
0.23849557522123893,0.2628318584070796,0.2867256637168142,0.21194690265486726
0.24075704225352113,0.2636443661971831,0.2834507042253521,0.21214788732394366
0.24211908931698775,0.2626970227670753,0.28458844133099825,0.2105954465849387
0.24502432551968156,0.2622733303847855,0.2826183104820876,0.21008403361344538
0.24460114587924195,0.26531511679153813,0.28206258263552225,0.20802115469369767
0.24305249228054698,0.2606969563299515,0.2893692104102338,0.20688134097926775
0.24691901408450703,0.26188380281690143,0.28257042253521125,0.20862676056338028
0.24711111111111111,0.2591111111111111,0.2831111111111111,0.21066666666666667
0.2539543057996485,0.2491212653778559,0.28471001757469244,0.21221441124780316
0.253671562082777,0.2523364485981308,0.2794837561192701,0.21450823319982198
0.25408028231142477,0.2580502867225408,0.27481252756947505,0.21305690339655933
0.2572178477690289,0.2554680664916885,0.2769028871391076,0.210411198600175
0.2580502867225408,0.2602558447287164,0.27084252315835905,0.21085134539038378
0.25916114790286976,0.2609271523178808,0.26666666666666666,0.21324503311258278
0.25870427501101806,0.2600264433671221,0.27060379021595415,0.21066549140590568
0.258148631029987,0.2646675358539765,0.2642329421990439,0.21295089091699262
0.2588543944031482,0.26541320507214694,0.26541320507214694,0.21031919545255795
0.25865128660159714,0.26663708961845606,0.26175687666370895,0.2129547471162378
0.25477990217874613,0.2712316585148955,0.2614495331258337,0.21253890618052468
0.25407309555262,0.27344782034346105,0.26067811536767943,0.21180096873623955
0.25857519788918204,0.2726473175021988,0.25813544415127526,0.2106420404573439
0.25543237250554324,0.27405764966740576,0.25942350332594233,0.21108647450110865
0.2535149384885764,0.2693321616871705,0.26449912126537783,0.2126537785588752
0.25220848056537104,0.2597173144876325,0.2681095406360424,0.21996466431095407
0.254207263064659,0.26173604960141716,0.26705048715677593,0.21700620017714792
0.26130873956960915,0.26130873956960915,0.26306543697848045,0.21431708388230128
0.26200873362445415,0.254585152838428,0.27379912663755457,0.2096069868995633
0.25526315789473686,0.262719298245614,0.2710526315789474,0.21096491228070174
0.2550660792951542,0.26123348017621145,0.2709251101321586,0.21277533039647578
0.2574477545575811,0.25611382836816365,0.2743441529568697,0.2120942641173855
0.2569808027923211,0.2604712041884817,0.2661431064572426,0.2164048865619546
0.2534398579671549,0.26453617399023527,0.27163781624500666,0.2103861517976032
0.2586054721977052,0.2594880847308032,0.27007943512797883,0.2118270079435128
0.2619047619047619,0.2605820105820106,0.26499118165784835,0.21252204585537918
0.25852146967684814,0.26604692341744135,0.2687029659141213,0.2067286409915892
0.2546583850931677,0.2604259094942325,0.2706299911268855,0.21428571428571427
0.25829279080053075,0.2605042016806723,0.27156125608137993,0.20964175143741706
0.25719344842850816,0.2580787959274015,0.27534307215582116,0.20938468348826914
0.26054150022192635,0.26453617399023527,0.26897470039946736,0.20594762538837105
0.25583443416996915,0.261558784676354,0.277851166886834,0.2047556142668428
0.25501307759372277,0.26285963382737576,0.27114210985178727,0.2109851787271142
0.25735617039964864,0.25296442687747034,0.2753623188405797,0.21431708388230128
0.25921052631578945,0.2596491228070175,0.2736842105263158,0.2074561403508772
0.2602197802197802,0.26153846153846155,0.2681318681318681,0.21010989010989012
0.25853658536585367,0.26297117516629714,0.26696230598669624,0.21152993348115298
0.25109553023663456,0.25942156003505695,0.27344434706397897,0.21603856266432953
0.24605263157894736,0.2596491228070175,0.27807017543859647,0.2162280701754386
0.2444836716681377,0.2563989408649603,0.28596646072374227,0.21315092674315975
0.24934268185801928,0.25153374233128833,0.2852760736196319,0.21384750219106047
0.2514210756449497,0.25666812418014867,0.279842588543944,0.2120682116309576
0.2530594405594406,0.2561188811188811,0.27753496503496505,0.21328671328671328
0.2526595744680851,0.2575354609929078,0.2752659574468085,0.21453900709219859
0.2541557305336833,0.2515310586176728,0.27602799650043747,0.21828521434820647
0.2514235654840123,0.25624178712220763,0.2680683311432326,0.22426631625054752
0.24955595026642985,0.26465364120781526,0.2642095914742451,0.22158081705150978
0.25876608965823344,0.25876608965823344,0.26276076342654237,0.2197070572569907
0.25476295968099244,0.256978289765175,0.26849800620292424,0.21976074435090828
0.25296442687747034,0.2560386473429952,0.2709705753184014,0.22002635046113306
0.25263157894736843,0.25877192982456143,0.2649122807017544,0.2236842105263158
0.25549692172383465,0.2537379067722076,0.2642919964819701,0.2264731750219877
0.252863436123348,0.26343612334801764,0.2594713656387665,0.22422907488986785
0.261612620508326,0.26555652936021035,0.2502191060473269,0.22261174408413673
0.2554585152838428,0.2668122270742358,0.2537117903930131,0.2240174672489083
0.2596026490066225,0.26887417218543047,0.25342163355408387,0.21810154525386313
0.2542894852617686,0.26748790145182577,0.25692916849978004,0.2212934447866256
0.2554420257663261,0.26477121279431365,0.25721901377165707,0.22256774766770324
0.26350752878653677,0.26439326837909655,0.2550930026572188,0.21700620017714792
0.26448474126492705,0.26536930561698363,0.2503317116320212,0.21981424148606812
0.2657894736842105,0.26710526315789473,0.24780701754385964,0.21929824561403508
0.26882661996497376,0.26882661996497376,0.24387040280210157,0.21847635726795098
0.2703296703296703,0.2734065934065934,0.2421978021978022,0.21406593406593408
0.26926483613817537,0.2759078830823738,0.24180690876882197,0.21302037201062887
0.2708793636765356,0.27485638532920903,0.24304021210782148,0.21122403888643393
0.2664618086040386,0.27699736611062337,0.24231782265144863,0.21422300263388938
0.26914563966356797,0.2775564409030544,0.23860115095174855,0.21469676848162905
0.2747156605424322,0.2799650043744532,0.22965879265091863,0.21566054243219598
0.27042628774422733,0.28152753108348133,0.23179396092362345,0.21625222024866786
0.26974267968056787,0.2808340727595386,0.2360248447204969,0.21339840283939662
0.2632042253521127,0.2794894366197183,0.2381161971830986,0.21919014084507044
0.2631578947368421,0.28040689960194604,0.2401592215833702,0.21627598407784165
0.26751313485113837,0.28064798598949214,0.23117338003502627,0.22066549912434325
0.2687417799210872,0.2884699693117054,0.22577816747040771,0.21701008329679966
0.2664024658740643,0.28797886393659183,0.22545134302069572,0.22016732716864817
0.26601855943437913,0.29120636323464427,0.2200618647812638,0.22271321254971277
0.26128890837352037,0.2915387987724682,0.2209557211749233,0.22621657167908812
0.2634573304157549,0.2936542669584245,0.22056892778993437,0.2223194748358862
0.2600087989441267,0.29520457545094586,0.2168939727232732,0.2278926528816542
0.26136865342163357,0.2865342163355408,0.21501103752759382,0.2370860927152318
0.2653965440850687,0.28444838280903856,0.21400088613203366,0.2361541869738591
0.2664024658740643,0.2813738441215324,0.21180096873623955,0.2404227212681638
0.2598770851624232,0.2783143107989464,0.21729587357330993,0.24451273046532046
0.2559055118110236,0.2769028871391076,0.22090988626421698,0.2462817147856518
0.25655594405594406,0.2749125874125874,0.2180944055944056,0.2504370629370629
0.26238938053097344,0.270353982300885,0.21814159292035398,0.2491150442477876
0.25935711140466755,0.27432848965213563,0.21576398062527521,0.25055041831792163
0.2620932277924362,0.2717678100263852,0.21459982409850484,0.2515391380826737
0.2680683311432326,0.2680683311432326,0.21331581252737625,0.2505475251861586
0.2664041994750656,0.26815398075240593,0.21478565179352582,0.25065616797900264
0.27232341181697023,0.2643269657929809,0.21545979564637938,0.24788982674366947
0.27512066695919263,0.26371215445370777,0.21456779289161912,0.24659938569548048
0.27658623771224305,0.26184092940125114,0.21090259159964253,0.25067024128686327
0.28444838280903856,0.25786442179884805,0.2042534337616305,0.2534337616304829
0.28136042402826855,0.26369257950530034,0.2062720848056537,0.24867491166077738
0.2766143106457243,0.2683246073298429,0.2107329842931937,0.2443280977312391
0.27399650959860383,0.2696335078534031,0.2094240837696335,0.2469458987783595
0.27584689837219534,0.2666080070391553,0.20853497580290364,0.24901011878574572
0.2736098852603707,0.2674315975286849,0.20653133274492497,0.2524271844660194
0.2797513321492007,0.261101243339254,0.2002664298401421,0.2588809946714032
0.28136042402826855,0.2597173144876325,0.2045053003533569,0.254416961130742
0.2777284826974268,0.259094942324756,0.20496894409937888,0.25820763087843834
0.2801231310466139,0.25549692172383465,0.20448548812664907,0.2598944591029024
0.28854625550660795,0.25726872246696036,0.2039647577092511,0.25022026431718064
0.2888198757763975,0.24578527062999111,0.20896184560780834,0.25643300798580304
0.2914285714285714,0.24351648351648353,0.2153846153846154,0.24967032967032968
0.2865342163355408,0.24900662251655628,0.21059602649006623,0.25386313465783666
0.28344370860927154,0.24900662251655628,0.2163355408388521,0.25121412803532006
0.2848297213622291,0.24812030075187969,0.22158337019018134,0.24546660769570985
0.27460456942003514,0.2521968365553603,0.22627416520210897,0.2469244288224956
0.27716673999120106,0.25164980202375714,0.22921249450065992,0.24197096348438188
0.27168141592920353,0.25486725663716814,0.22212389380530972,0.2513274336283186
0.27770419426048565,0.2507726269315673,0.2260485651214128,0.24547461368653423
0.27717154081187256,0.24792666957660411,0.2247926669576604,0.2501091226538629
0.28019323671497587,0.24549846288976723,0.22529644268774704,0.2490118577075099
0.2720070422535211,0.24471830985915494,0.22931338028169015,0.2539612676056338
0.27292768959435626,0.24382716049382716,0.22354497354497355,0.25970017636684306
0.2817269952027911,0.2420409943305713,0.22023549934583514,0.25599651112080246
0.2848432055749129,0.23649825783972125,0.2260452961672474,0.25261324041811845
0.28029969149405026,0.2353459673865139,0.22961657117672984,0.254737769942706
0.27701808557565066,0.2368769298632554,0.23070136744596384,0.25540361711513015
0.27308533916849015,0.23107221006564552,0.2363238512035011,0.25951859956236323
0.27639751552795033,0.2236024844720497,0.23824312333629105,0.26175687666370895
0.2821869488536155,0.22530864197530864,0.24029982363315697,0.25220458553791886
0.28406569019085665,0.2268086995117621,0.23879272081668887,0.25033288948069243
0.28495809439788267,0.23511248345831495,0.22937803264225848,0.2505513895015439
0.2835622507753655,0.23305272485600353,0.22906513070447496,0.25431989366415597
0.28646748681898065,0.22847100175746923,0.22934973637961337,0.2557117750439367
0.2862779482683034,0.22314774221832528,0.23016220955721176,0.2604120999561596
0.2835886214442013,0.22056892778993437,0.23807439824945295,0.2577680525164114
0.28514588859416445,0.21927497789566755,0.23342175066312998,0.26215738284703805
0.2828459188127455,0.21911828895678742,0.2357049323439546,0.26233085988651245
0.27794962439239945,0.23022536456031817,0.2346442775077331,0.2571807335395493
0.28067078552515445,0.22550750220653135,0.23962930273609886,0.25419240953221534
0.276707530647986,0.23248686514886166,0.23423817863397547,0.2565674255691769
0.2795936395759717,0.2411660777385159,0.22659010600706714,0.25265017667844525
0.27908005307386113,0.2419283502874834,0.22335249889429457,0.2556390977443609
0.27955555555555556,0.2351111111111111,0.224,0.2613333333333333
0.26795945350374617,0.24063464081092992,0.2256500661084178,0.2657558395769061
0.26617132867132864,0.2395104895104895,0.23076923076923078,0.26354895104895104
0.26143790849673204,0.24749455337690632,0.22483660130718955,0.2662309368191721
0.26380910296067167,0.24259832081307997,0.22580645161290322,0.2677861246133451
0.25578350065473593,0.2453077258838935,0.22959406372762986,0.2693147097337407
0.258980044345898,0.2385809312638581,0.22926829268292684,0.2731707317073171
0.2598669623059867,0.24700665188470067,0.22084257206208427,0.2722838137472284
0.25920994229915667,0.24766977363515313,0.22547714158899246,0.26764314247669774
0.25327510917030566,0.2480349344978166,0.22707423580786026,0.27161572052401745
0.2540587977182975,0.2505484861781483,0.22378236068451074,0.27161035541904344
0.263042525208242,0.2494519947391495,0.21964050854888206,0.26786497150372646
0.2673749446657813,0.2536520584329349,0.2107127047366091,0.2682602921646746
0.2560813799203892,0.26448474126492705,0.21671826625386997,0.26271561256081377
0.2572944297082228,0.257736516357206,0.21839080459770116,0.26657824933687
0.2615182097411145,0.2580078982009653,0.21369021500658184,0.2667836770513383
0.2596830985915493,0.26100352112676056,0.21390845070422534,0.2654049295774648
0.26255506607929513,0.2607929515418502,0.21233480176211453,0.2643171806167401
0.25616197183098594,0.2592429577464789,0.21830985915492956,0.2662852112676056
0.25613565372601516,0.2570281124497992,0.2177599286033021,0.26907630522088355
0.254207263064659,0.2577502214348981,0.22276350752878654,0.2652790079716563
0.24779541446208111,0.2552910052910053,0.22310405643738976,0.27380952380952384
0.24382716049382716,0.25396825396825395,0.22663139329805995,0.27557319223985893
0.23723591549295775,0.2535211267605634,0.22931338028169015,0.27992957746478875
0.24202127659574468,0.25177304964539005,0.23049645390070922,0.27570921985815605
0.24124343257443082,0.2513134851138354,0.22723292469352013,0.28021015761821366
0.2465753424657534,0.25143614670790987,0.23155103844454264,0.27043747238179405
0.2530329289428076,0.2474003466204506,0.22833622183708838,0.27123050259965337
0.2513274336283186,0.24734513274336284,0.22654867256637168,0.27477876106194693
0.24836316019205587,0.2501091226538629,0.22828459188127456,0.27324312527280664
0.24633821571238348,0.25033288948069243,0.2303595206391478,0.2729693741677763
0.24136423261915171,0.2470485351989506,0.23524267599475296,0.2763445561871447
0.24142480211081793,0.2497801231310466,0.2339489885664028,0.2748460861917326
0.2420409943305713,0.2459659834278238,0.2307021369385085,0.28129088530309637
0.2367957746478873,0.25308098591549294,0.2262323943661972,0.28389084507042256
0.24194260485651214,0.25165562913907286,0.223841059602649,0.282560706401766
0.24659938569548048,0.25274243089074155,0.22114962702939886,0.2795085563843791
0.2445916114790287,0.24635761589403973,0.223841059602649,0.28520971302428255
0.24440544098288722,0.2413339183852567,0.2268538832821413,0.28740675734971477
0.24517543859649124,0.24561403508771928,0.22412280701754386,0.2850877192982456
0.2531868131868132,0.24351648351648353,0.22637362637362637,0.27692307692307694
0.2534459759893286,0.24055135615829257,0.21742996887505558,0.28857269897732324
0.25542275343072157,0.24214254094732182,0.21779548472775564,0.28463922089420096
0.2517636684303351,0.24074074074074073,0.22663139329805995,0.2808641975308642
0.255659121171771,0.23879272081668887,0.2268086995117621,0.27873945849977805
0.25555071832825427,0.23421854592947322,0.2281236395298215,0.282107096212451
0.2534398579671549,0.2396804260985353,0.2339103417665335,0.2729693741677763
0.2560706401766004,0.2445916114790287,0.2260485651214128,0.27328918322295803
0.25287356321839083,0.24049513704686118,0.22811671087533156,0.27851458885941643
0.25355239786856126,0.24200710479573712,0.22646536412078153,0.27797513321492007
0.24690265486725663,0.2420353982300885,0.2243362831858407,0.2867256637168142
0.24503311258278146,0.24150110375275938,0.2194260485651214,0.29403973509933773
0.24313551815766166,0.2533215234720992,0.21700620017714792,0.2865367581930912
0.24295774647887325,0.25616197183098594,0.21654929577464788,0.28433098591549294
0.23767605633802816,0.25044014084507044,0.21830985915492956,0.2935739436619718
0.23685373398144058,0.2540874944763588,0.21696862571807335,0.2920901458241273
0.23158359064843406,0.2602558447287164,0.21879135421261578,0.2893692104102338
0.23242530755711774,0.2548330404217926,0.21968365553602812,0.29305799648506153
0.22987994664295242,0.25878168074699864,0.22143174744330812,0.28990662516674076
0.23552806009721608,0.25806451612903225,0.21873619089703933,0.2876712328767123
0.23427812223206376,0.2612931798051373,0.21700620017714792,0.28742249778565104
0.23519087318999563,0.25888547608600265,0.21763931548924967,0.2882843352347521
0.23427812223206376,0.25730735163861823,0.22453498671390612,0.2838795394154119
0.23918799646954986,0.2563989408649603,0.22065313327449249,0.28375992939099737
0.23529411764705882,0.2529854046881911,0.22335249889429457,0.28836797877045556
0.23733333333333334,0.2577777777777778,0.216,0.28888888888888886
0.23659725299069562,0.25919361984935757,0.21665928223305272,0.2875498449268941
0.2331858407079646,0.25663716814159293,0.2176991150442478,0.2924778761061947
0.2280933509467195,0.2655217965653897,0.2170849845882871,0.2892998678996037
0.23033216783216784,0.26486013986013984,0.2145979020979021,0.2902097902097902
0.2284577993813522,0.2620415377817057,0.21608484312859036,0.29341581970835173
0.21802197802197804,0.26285714285714284,0.22065934065934065,0.29846153846153844
0.2172579938677179,0.27025843188786686,0.21769601401664476,0.2947875602277705
0.21763931548924967,0.26239578762615184,0.21456779289161912,0.30539710399297937
0.21563460693895475,0.26438296003513395,0.21256038647342995,0.30742204655248134
0.2189010989010989,0.26285714285714284,0.21362637362637363,0.3046153846153846
0.22033898305084745,0.26249456757931333,0.2186006084311169,0.2985658409387223
0.21911828895678742,0.26058489742470536,0.2125709297250109,0.3077258838934963
0.21781305114638447,0.2641093474426808,0.21252204585537918,0.3055555555555556
0.21654929577464788,0.2623239436619718,0.20862676056338028,0.3125
0.21977052074139453,0.26081200353045014,0.20697263901147397,0.3124448367166814
0.21746724890829694,0.2606986899563319,0.2074235807860262,0.314410480349345
0.2156084656084656,0.27116402116402116,0.20634920634920634,0.30687830687830686
0.20805957074025405,0.2706964520367937,0.20981165133596144,0.3114323258869908
0.2090469916556873,0.26745718050065875,0.2028985507246377,0.32059727711901626
0.2119613016710642,0.26868953386103783,0.20140721196130168,0.3179419525065963
0.21008403361344538,0.2764263600176913,0.20300751879699247,0.31048208757187085
0.21685689201053557,0.27348551360842843,0.2032484635645303,0.3064091308165057
0.2175824175824176,0.2742857142857143,0.20175824175824175,0.30637362637362636
0.21073471183457984,0.27672679278486584,0.20061592608886933,0.311922569291685
0.21731448763250882,0.26457597173144876,0.19832155477031801,0.3197879858657244
0.22519754170324846,0.2647058823529412,0.1997366110623354,0.310359964881475
0.22589167767503301,0.2624394539850286,0.2056362835755174,0.30603258476442097
0.2261061946902655,0.2553097345132743,0.2075221238938053,0.3110619469026549
0.2261061946902655,0.25442477876106195,0.2079646017699115,0.31150442477876106
0.2243278977523138,0.25826355222565006,0.20449537241075363,0.3129131776112825
0.21957671957671956,0.26102292768959434,0.19973544973544974,0.31966490299823636
0.21953365596128466,0.258688957325121,0.20281566212054553,0.31896172459304883
0.23087071240105542,0.24890061565523308,0.20316622691292877,0.31706244503078274
0.22811671087533156,0.25552608311229,0.20159151193633953,0.3147656940760389
0.2262008733624454,0.2576419213973799,0.20436681222707423,0.31179039301310046
0.2279541446208113,0.26146384479717816,0.18959435626102292,0.32098765432098764
0.2318904593639576,0.26148409893992935,0.19478798586572438,0.3118374558303887
0.23367392270102177,0.2585517547756553,0.1919147045757441,0.31585961794757883
0.23529411764705882,0.2636001769128704,0.19371959310039805,0.3073861123396727
0.23641184268669907,0.26115775519222273,0.19531595227574017,0.30711444984533803
0.23083700440528634,0.2643171806167401,0.19647577092511012,0.30837004405286345
0.23022536456031817,0.2664604507291206,0.19222271321254972,0.3110914714980115
0.22677234698370763,0.26067811536767943,0.19418758256274768,0.31836195508586523
0.22566371681415928,0.26327433628318586,0.19557522123893806,0.3154867256637168
0.2244541484716157,0.2606986899563319,0.20131004366812227,0.31353711790393013
0.2273924495171203,0.2581211589113257,0.20017559262510976,0.31431079894644426
0.22971781305114639,0.2605820105820106,0.19753086419753085,0.31216931216931215
0.22515391380826738,0.25505716798592787,0.20536499560246263,0.3144239226033421
0.23087248322147652,0.2536912751677852,0.2040268456375839,0.31140939597315437
0.23164335664335664,0.25393356643356646,0.2006118881118881,0.3138111888111888
0.2373180414644905,0.2571680635200706,0.19938244375827086,0.30613145125716806
0.23488168273444346,0.25854513584574934,0.19500438212094653,0.31156879929886067
0.23336252189141857,0.2570052539404553,0.19921190893169877,0.3104203152364273
0.23299692847740236,0.258446687143484,0.20228170250109698,0.30627468187801665
0.23218997361477572,0.2612137203166227,0.2009674582233949,0.30562884784520666
0.23834886817576564,0.26187305814469597,0.19973368841544606,0.30004438526409233
0.23874669020300088,0.25904677846425417,0.19373345101500442,0.3084730803177405
0.23305640577175338,0.2606034105815479,0.19326628771316134,0.3130738959335374
0.23975588491717523,0.25850043591979077,0.18657367044463818,0.3151700087183958
0.2378236068451075,0.25274243089074155,0.1899956121105748,0.31943835015357613
0.23480542195015303,0.2505465675557499,0.19326628771316134,0.32138172278093574
0.23324630113141862,0.2519582245430809,0.19234116623150566,0.3224543080939948
0.23339160839160839,0.25,0.19230769230769232,0.3243006993006993
0.2382639503985828,0.2524357838795394,0.1904340124003543,0.31886625332152346
0.24107536359629794,0.25694138386954607,0.19303657999118554,0.3089466725429705
0.23859649122807017,0.2565789473684211,0.19824561403508772,0.30657894736842106
0.23963334788302051,0.2570929725010912,0.19947621126145787,0.3037974683544304
0.23550243470562196,0.26073483842408146,0.20230190349712263,0.301460823373174
0.2315882874889086,0.26441881100266196,0.20141969831410825,0.3025732031943212
0.23032714412024757,0.2696728558797524,0.20291777188328913,0.29708222811671087
0.23609885260370697,0.265666372462489,0.19461606354810237,0.3036187113857017
0.23446452181577787,0.26487439400617013,0.19127368884971352,0.3093873953283385
0.2375933245498463,0.26174791392182695,0.19279754062362758,0.30786122090469914
0.239492119089317,0.2631348511383538,0.19308231173380036,0.3042907180385289
0.2401592215833702,0.25342768686421935,0.19460415745245466,0.31180893409995575
0.23905429071803852,0.2574430823117338,0.19483362521891417,0.3086690017513135
0.2411660777385159,0.2579505300353357,0.18992932862190812,0.31095406360424027
0.24318381706244502,0.25241864555848725,0.193051890941073,0.3113456464379947
0.24101665205959685,0.24934268185801928,0.19500438212094653,0.31463628396143734
0.23747763864042934,0.2441860465116279,0.19991055456171736,0.3184257602862254
0.23723591549295775,0.24647887323943662,0.1954225352112676,0.320862676056338
0.23477879982479194,0.24660534384581692,0.19448094612352168,0.3241349102058695
0.23719081272084805,0.24690812720848057,0.19699646643109542,0.31890459363957596
0.23683045595396193,0.25542275343072157,0.1943337760070828,0.31341301460823373
0.23790677220756376,0.2546174142480211,0.19656992084432717,0.31090589270008795
0.237928007023705,0.25548726953467954,0.19754170324846357,0.3090430201931519
0.23606271777003485,0.259581881533101,0.1990418118466899,0.30531358885017423
0.24358974358974358,0.257736516357206,0.1971706454465075,0.3015030946065429
0.24381625441696114,0.2583922261484099,0.20318021201413428,0.2946113074204947
0.24140969162995596,0.2533039647577093,0.2066079295154185,0.2986784140969163
0.24142480211081793,0.2559366754617414,0.20184696569920843,0.3007915567282322
0.2410323709536308,0.2563429571303587,0.19903762029746283,0.30358705161854765
0.24492497793468668,0.2599293909973522,0.19549867608120036,0.2996469549867608
0.23895759717314488,0.2628091872791519,0.19699646643109542,0.30123674911660775
0.24019391802556192,0.2617893345085941,0.20141031291317762,0.2966064345526664
0.23936869793950022,0.25778167470407715,0.20385795703638754,0.2989916703200351
0.2378236068451075,0.26458973233874505,0.20184291355857834,0.29574374725756913
0.24177270732777534,0.2650285212812637,0.19964896884598507,0.29354980254497587
0.24550635686102587,0.26654975887768523,0.1968434896975011,0.29110039456378783
0.24327897752313796,0.2635522256500661,0.19920669898633758,0.29396209784045835
0.24637043554773427,0.26132864056313243,0.19753629564452266,0.29476462824461064
0.24622222222222223,0.26311111111111113,0.20266666666666666,0.288
0.24649122807017543,0.2578947368421053,0.2043859649122807,0.2912280701754386
0.24496937882764655,0.25809273840769903,0.20122484689413822,0.29571303587051617
0.24911347517730498,0.2624113475177305,0.19547872340425532,0.2929964539007092
0.25211958946898705,0.26104417670682734,0.19812583668005354,0.2887103971441321
0.24496056091148116,0.2668711656441718,0.20245398773006135,0.2857142857142857
0.2539404553415061,0.2648861646234676,0.2044658493870403,0.276707530647986
0.2413186813186813,0.269010989010989,0.2057142857142857,0.28395604395604396
0.2429701230228471,0.27680140597539543,0.20298769771529,0.2772407732864675
0.2406675450153711,0.2784365393061045,0.20202020202020202,0.27887571365832237
0.2505484861781483,0.2738043001316367,0.19877139096094779,0.2768758227292672
0.25011027790030876,0.2686369651521835,0.19629466254962505,0.28495809439788267
0.24746807573756055,0.27080581241743723,0.19462791721708497,0.2870981946279172
0.24285085789705235,0.27276726792784867,0.1957765068191817,0.2886053673559173
0.2439772229522558,0.27463863337713534,0.1962330267192291,0.2851511169513798
0.24270152505446624,0.2718954248366013,0.19956427015250544,0.28583877995642704
0.2324465765372874,0.2760575665067597,0.20104666375926733,0.29044919319668555
0.2259636685866194,0.27558706247230835,0.20646876384581303,0.2919805050952592
0.22820849759088918,0.27025843188786686,0.211125711782742,0.290407358738502
0.22684980062029242,0.27071333628710675,0.21355782011519717,0.28887904297740363
0.22290748898678414,0.27048458149779736,0.20969162995594715,0.29691629955947135
0.2202486678507993,0.28063943161634103,0.20737122557726465,0.291740674955595
0.21649029982363316,0.28703703703703703,0.20502645502645503,0.2914462081128748
0.21897163120567376,0.28900709219858156,0.20168439716312056,0.2903368794326241
0.2222222222222222,0.285140562248996,0.20214190093708165,0.29049531459170014
0.22143489813994685,0.28742249778565104,0.19840566873339238,0.29273693534100975
0.22466960352422907,0.28854625550660795,0.19383259911894274,0.29295154185022027
0.21236203090507727,0.293598233995585,0.19646799116997793,0.2975717439293598
0.22027204914436158,0.2856516015796402,0.19394471259324264,0.3001316366827556
0.22407732864674867,0.28646748681898065,0.19463971880492092,0.29481546572934975
0.22613286405631325,0.2846458424989001,0.19181698196216454,0.2974043114826221
0.22559652928416485,0.2859002169197397,0.1947939262472885,0.29370932754880696
0.22560706401766004,0.28123620309050773,0.19072847682119207,0.30242825607064017
0.22183252959228408,0.28540113985094256,0.19202104340201667,0.3007452871547567
0.22217333919929608,0.2842058952925649,0.1948966124065112,0.2987241531016278
0.22424511545293072,0.28152753108348133,0.19760213143872113,0.2966252220248668
0.2274923144488362,0.2736056214317084,0.1976284584980237,0.3012736056214317
0.2309043020193152,0.276558384547849,0.1984196663740123,0.29411764705882354
0.22819383259911893,0.27665198237885463,0.19823788546255505,0.29691629955947135
0.22369584438549955,0.27276746242263483,0.19982316534040673,0.3037135278514589
0.23015521064301553,0.2687361419068736,0.20221729490022172,0.29889135254988913
0.22644847412649272,0.2706766917293233,0.2034498009730208,0.2994250331711632
0.22555066079295155,0.27048458149779736,0.20088105726872246,0.3030837004405286
0.22589167767503301,0.26860413914575076,0.20079260237780713,0.3047115808014091
0.22335249889429457,0.2631578947368421,0.20079610791685096,0.3126934984520124
0.22550750220653135,0.2599293909973522,0.19991173874669022,0.3146513680494263
0.22545134302069572,0.26067811536767943,0.2043152796125055,0.3095552619991193
0.22470433639947437,0.2558037669732808,0.20805957074025405,0.3114323258869908
0.22143489813994685,0.25907883082373784,0.20814880425155005,0.31133746678476526
0.22501100836635843,0.25539409951563186,0.2069572875385293,0.3126376045794804
0.2223194748358862,0.2551422319474836,0.2100656455142232,0.312472647702407
0.22408469342743714,0.25319805910895454,0.21658579620644022,0.30613145125716806
0.22378236068451074,0.2549363756033348,0.21193505923650724,0.3093462044756472
0.22480280455740578,0.2541630148992112,0.2112182296231376,0.3098159509202454
0.2217391304347826,0.2582608695652174,0.21217391304347827,0.30782608695652175
0.21687800612155664,0.25929164844774816,0.2133799737647573,0.3104503716659379
0.21765734265734266,0.25393356643356646,0.21372377622377622,0.3146853146853147
0.21649029982363316,0.2526455026455027,0.21649029982363316,0.31437389770723106
0.22290748898678414,0.24933920704845816,0.2185022026431718,0.3092511013215859
0.22212428382547378,0.254737769942706,0.21375055090348172,0.3093873953283385
0.22129710780017528,0.25241016652059595,0.21647677475898336,0.3098159509202454
0.22486772486772486,0.25617283950617287,0.21208112874779542,0.30687830687830686
0.22436459246275198,0.25153374233128833,0.21691498685363717,0.30718667835232255
0.22910216718266255,0.2516585581601061,0.21671826625386997,0.3025210084033613
0.22452580502867225,0.24614027348919276,0.22408469342743714,0.30524922805469784
0.23155103844454264,0.2479010163499779,0.2284577993813522,0.2920901458241273
0.22668451584114235,0.250780901383311,0.2289156626506024,0.2936189201249442
0.23483195111305108,0.24487123526844173,0.233085988651244,0.2872108249672632
0.23233215547703182,0.24381625441696114,0.23233215547703182,0.2915194346289753
0.23022222222222222,0.23866666666666667,0.23466666666666666,0.29644444444444445
0.23241317898486197,0.2350845948352627,0.23552983081032947,0.29697239536954584
0.23184601924759404,0.23534558180227472,0.23709536307961504,0.29571303587051617
0.2320879120879121,0.23824175824175825,0.23736263736263735,0.2923076923076923
0.23459507042253522,0.23283450704225353,0.238556338028169,0.29401408450704225
0.2323503127792672,0.22609472743521,0.23637176050044684,0.305183199285076
