C,D,Oc,Od
1.0,0.0,0.0,0.0
0.6666666666666666,0.0,0.0,0.3333333333333333
0.6153846153846154,0.0,0.0,0.38461538461538464
0.68,0.0,0.0,0.32
0.6136363636363636,0.045454545454545456,0.0,0.3409090909090909
0.6027397260273972,0.0410958904109589,0.0,0.3561643835616438
0.5689655172413793,0.0603448275862069,0.0,0.3706896551724138
0.5317919075144508,0.08670520231213873,0.011560693641618497,0.3699421965317919
0.5081967213114754,0.10655737704918032,0.004098360655737705,0.38114754098360654
0.49700598802395207,0.11976047904191617,0.0029940119760479044,0.38023952095808383
0.47123893805309736,0.14380530973451328,0.00663716814159292,0.37831858407079644
0.47160068846815834,0.1549053356282272,0.0068846815834767644,0.36660929432013767
0.44972826086956524,0.18070652173913043,0.008152173913043478,0.36141304347826086
0.43555555555555553,0.19555555555555557,0.013333333333333334,0.35555555555555557
0.42119815668202765,0.20921658986175115,0.01566820276497696,0.35391705069124424
0.41382049245432884,0.2176330420969023,0.014297061159650517,0.35424940428911833
0.4061841180604357,0.2206605762473647,0.016865776528460996,0.35628952916373857
0.40175219023779724,0.2265331664580726,0.02190237797246558,0.3498122653316646
0.3982608695652174,0.2301449275362319,0.028405797101449276,0.34318840579710147
0.391139924365208,0.23446785521339816,0.03349540788762831,0.3408968125337655
0.38945752302968273,0.23797338792221084,0.037871033776867964,0.33469805527123847
0.3876847290640394,0.23940886699507388,0.041379310344827586,0.3315270935960591
0.3778846153846154,0.2485576923076923,0.04375,0.3298076923076923
0.3744142455482662,0.24320524835988752,0.046860356138706656,0.33552014995313967
0.3686915887850467,0.2397196261682243,0.05186915887850467,0.3397196261682243
0.36657559198542805,0.24316939890710382,0.052367941712204005,0.33788706739526414
0.369594293357111,0.24788230049041463,0.05037895675434686,0.3321444493981275
0.3617582417582418,0.24527472527472527,0.05450549450549451,0.3384615384615385
0.3568935427574171,0.24083769633507854,0.055846422338568937,0.34642233856893545
0.3495864170657379,0.23857205050065303,0.062255115367871136,0.3495864170657379
0.3484260457093575,0.23932729624838292,0.06899525657611039,0.3432514014661492
0.34054521852012115,0.23539593249675464,0.07009952401557767,0.3539593249675465
0.3421955403087479,0.22898799313893653,0.07375643224699828,0.35506003430531735
0.3363324764353042,0.23607540702656385,0.07626392459297343,0.3513281919451585
0.3216753022452504,0.23402417962003455,0.08246977547495682,0.36183074265975823
0.323731728288908,0.23172828890799657,0.08512467755803955,0.3594153052450559
0.3169136878814298,0.23147340889276374,0.08805579773321709,0.36355710549258935
0.3110825845100556,0.23448866067608046,0.09028669234060761,0.3641420624732563
0.31172176899957066,0.23701159295835122,0.0893087161872048,0.36195792185487335
0.3127941805733847,0.23020967051775781,0.08985879332477535,0.36713735558408217
0.3105963105963106,0.2277992277992278,0.08923208923208924,0.37237237237237236
0.30483112441214194,0.231722958529286,0.0910645575032065,0.37238135955536555
0.3025354533734422,0.22475290073055437,0.09626128061882251,0.3764503652771809
0.2981552981552982,0.22908622908622908,0.10124410124410124,0.3715143715143715
0.29426751592356687,0.2259023354564756,0.10233545647558387,0.3774946921443737
0.2948224219084296,0.22849807445442877,0.10226786478391099,0.37441163885323064
0.2913992297817715,0.22978177150192555,0.10397946084724005,0.3748395378690629
0.2883959044368601,0.23080204778156996,0.11049488054607509,0.3703071672354949
0.28115695448745215,0.23266695023394302,0.11484474691620587,0.371331348362399
0.279367791542076,0.22597180692011962,0.1187526697992311,0.3759077317385733
0.27801358234295415,0.2304753820033956,0.11969439728353141,0.37181663837011886
0.27704147071398033,0.2304403591278324,0.1218469431380932,0.37067122702009403
0.27168367346938777,0.22959183673469388,0.12244897959183673,0.3762755102040816
0.26999576809140924,0.23148539991536182,0.11933982225983919,0.37917900973338975
0.2619754133107249,0.23060618906316235,0.122509537939805,0.3849088596863078
0.2569119523606976,0.23181624840493406,0.12377711612079965,0.3874946831135687
0.2535211267605634,0.2347417840375587,0.12121212121212122,0.3905249679897567
0.24967880085653105,0.23126338329764454,0.12462526766595289,0.3944325481798715
0.2479726845924029,0.2373026034997866,0.12377294067434913,0.39095177123346136
0.24511469838572641,0.23661852166525063,0.12786745964316057,0.3903993203058624
0.2438611346316681,0.23708721422523285,0.12658763759525826,0.39246401354784083
0.24066213921901528,0.22920203735144312,0.13624787775891342,0.3938879456706282
0.23734581029349214,0.23181624840493406,0.1348362398979158,0.39600170140365804
0.2356902356902357,0.2297979797979798,0.140993265993266,0.39351851851851855
0.23668639053254437,0.22696534234995774,0.1382079459002536,0.3981403212172443
0.23028523489932887,0.22776845637583892,0.1417785234899329,0.4001677852348993
0.22896609460025116,0.22352448723315194,0.14357471745500208,0.4039347007115948
0.2271186440677966,0.22584745762711864,0.14364406779661018,0.4033898305084746
0.2239430724152365,0.22645458350774383,0.14022603599832567,0.409376308078694
0.22297583721916067,0.22339974565493853,0.14116150911403136,0.4124629080118694
0.21987315010570824,0.22494714587737843,0.14460887949260043,0.41057082452431287
0.21691331923890064,0.22071881606765328,0.14587737843551796,0.4164904862579281
0.22081753055204384,0.21744627054361568,0.14201432785503582,0.4197218710493047
0.21682163989856298,0.21682163989856298,0.14327979712595096,0.4230769230769231
0.21572750210260724,0.21740958788898235,0.14087468460891506,0.4259882253994954
0.21638655462184875,0.21722689075630253,0.1407563025210084,0.4256302521008403
0.21553884711779447,0.21428571428571427,0.14369256474519632,0.4264828738512949
0.20898685883849089,0.21576939381093685,0.14158541754980924,0.433658329800763
0.20754716981132076,0.22138364779874214,0.140041928721174,0.4310272536687631
0.20719966513185434,0.21515278359146087,0.1406446211804102,0.4370029300962746
0.20252100840336135,0.2184873949579832,0.146218487394958,0.4327731092436975
0.20368046842325388,0.22124634044332916,0.14303638644918445,0.43203680468423256
0.2006661115736886,0.22273105745212324,0.14029975020815988,0.4363030807660283
0.19924337957124844,0.2211013030685162,0.13577133249264398,0.44388398486759145
0.19807370184254605,0.2152428810720268,0.1407035175879397,0.44597989949748745
0.1998331247392574,0.21485189820609094,0.1414267834793492,0.44388819357530246
0.20041928721174004,0.21257861635220127,0.13878406708595387,0.4482180293501048
0.20202020202020202,0.21212121212121213,0.1393097643097643,0.44654882154882153
0.19737954353338968,0.21597633136094674,0.14116652578191038,0.4454775993237532
0.19974608548455353,0.21159542953872196,0.14007617435463393,0.4485823106220906
0.20150816925010473,0.2090490155006284,0.1348973607038123,0.45454545454545453
0.20193521245267143,0.20572149768615902,0.13462347496844762,0.4577198148927219
0.2035803497085762,0.20399666944213155,0.13488759367194006,0.4575353871773522
0.20334029227557412,0.2012526096033403,0.1361169102296451,0.4592901878914405
0.2005054759898905,0.2013479359730413,0.13605728727885424,0.46208930075821397
0.20182724252491693,0.2030730897009967,0.1345514950166113,0.46054817275747506
0.19958246346555322,0.20208768267223381,0.13778705636743216,0.4605427974947808
0.2007496876301541,0.20241566014160767,0.13494377342773844,0.4618908788004998
0.20066889632107024,0.19816053511705686,0.14088628762541805,0.46028428093645485
0.19630872483221476,0.19714765100671142,0.1401006711409396,0.4664429530201342
0.19991564740615775,0.1935892028679882,0.13960354280894138,0.46689160691691267
0.1994991652754591,0.1907345575959933,0.1448247078464107,0.46494156928213687
0.1966804979253112,0.1892116182572614,0.14730290456431536,0.46680497925311204
0.19456066945606695,0.1907949790794979,0.14476987447698744,0.4698744769874477
0.19849874895746455,0.188907422852377,0.14595496246872394,0.46663886572143454
0.19857561793045664,0.19145370758273983,0.14160033514872225,0.46837033933808125
0.2,0.19117647058823528,0.14285714285714285,0.46596638655462186
0.1996630160067397,0.18618365627632688,0.14153327716933445,0.472620050547599
0.20042194092827004,0.1860759493670886,0.14177215189873418,0.47172995780590715
0.19616026711185308,0.18572621035058431,0.14774624373956594,0.47036727879799667
0.1956521739130435,0.18269230769230768,0.14423076923076922,0.4774247491638796
0.19607023411371238,0.18311036789297658,0.14046822742474915,0.48035117056856186
0.19491878384006664,0.17867555185339443,0.14493960849645982,0.4814660558100791
0.1886713869221158,0.17326114119117034,0.15077051228654728,0.4872969596001666
0.1931205967675093,0.18027351844177372,0.14587650227932034,0.4807293825113966
0.19342762063227953,0.1805324459234609,0.14891846921797006,0.47712146422628954
0.19741235392320533,0.1823873121869783,0.1448247078464107,0.47537562604340566
0.19883040935672514,0.1808688387635756,0.14452798663324978,0.47577276524644946
0.19850187265917604,0.17852684144818975,0.14148980441115272,0.48148148148148145
0.19445611087778245,0.18311633767324653,0.13985720285594289,0.48257034859302816
0.19642857142857142,0.18064784053156147,0.14078073089700996,0.48214285714285715
0.1946058091286307,0.1821576763485477,0.14066390041493776,0.4825726141078838
0.1933609958506224,0.1829875518672199,0.14107883817427386,0.4825726141078838
0.19372384937238493,0.18284518828451882,0.1401673640167364,0.48326359832635984
0.19111483654652137,0.18398994132439228,0.13621123218776193,0.4886839899413244
0.19171201339472582,0.1783172875680201,0.13687735454164923,0.4930933444956049
0.18941621167576647,0.17975640487190256,0.1377572448551029,0.49307013859722804
0.1907345575959933,0.17863105175292154,0.13606010016694492,0.49457429048414026
0.1937759336099585,0.17634854771784234,0.13195020746887967,0.4979253112033195
0.19033735943356936,0.17409412744689712,0.13411078717201166,0.5014577259475219
0.19039665970772443,0.17286012526096034,0.13528183716075157,0.5014613778705637
0.18888424571667364,0.17049728374425407,0.13581278729628082,0.5048056832427915
0.18788884280381585,0.17171298216507674,0.13604313562836998,0.5043550394027374
0.18700541441066224,0.16784673052894628,0.1374427321949188,0.5077051228654728
0.18554116172168825,0.1700793982448809,0.1416631842875052,0.5027162557459256
0.17811069496462756,0.1706200582605077,0.14731585518102372,0.503953391593841
0.17887205387205388,0.16582491582491582,0.14772727272727273,0.5075757575757576
0.17735220649458786,0.16611157368859283,0.15070774354704414,0.5058284762697752
0.17436537661256762,0.16396171452351227,0.15147732001664585,0.5101955888472742
0.17803660565723795,0.1638935108153078,0.14850249584026623,0.509567387687188
0.17804775869291997,0.165060745705907,0.14620863007959783,0.5106828655215752
0.1777685262281432,0.16361365528726063,0.14862614487926729,0.5099916736053289
0.17966804979253112,0.16224066390041494,0.14605809128630706,0.5120331950207468
0.18178019222732972,0.16213957375679064,0.14291684078562475,0.513163393230255
0.18144159072079535,0.164043082021541,0.14333057166528584,0.5111847555923777
0.18189403420942846,0.1668752607425949,0.13600333750521484,0.5152273675427618
0.1863769327204346,0.165482657751776,0.13539490179690764,0.5127455077308818
0.18804483188044832,0.1627231216272312,0.13740141137401413,0.5118306351183064
0.1868268434134217,0.16694283347141672,0.13545981772990887,0.5107705053852527
0.19195305951383068,0.16764459346186086,0.13243922883487008,0.5079631181894384
0.19006211180124225,0.16728778467908903,0.13291925465838508,0.5097308488612836
0.19463087248322147,0.16023489932885907,0.1325503355704698,0.5125838926174496
0.1917808219178082,0.16396845163968451,0.1311747613117476,0.5130759651307597
0.1940980881130507,0.16417290108063176,0.128428927680798,0.5133000831255196
0.1968569065343259,0.16335814722911496,0.12903225806451613,0.510752688172043
0.20025083612040134,0.16304347826086957,0.12959866220735786,0.5071070234113713
0.20116375727348296,0.1600166251039069,0.12385702410640066,0.5149625935162094
0.20058503969912245,0.1554534057668199,0.12787296280819055,0.5160885917258671
0.1969823973176865,0.15255658005029338,0.1286672254819782,0.5217937971500419
0.1970893970893971,0.15426195426195427,0.1288981288981289,0.5197505197505198
0.19691280767626199,0.1539424280350438,0.13057989153108052,0.5185648727576136
0.19900290818446198,0.15745741587037806,0.1250519318653926,0.5184877440797674
0.19842258198422583,0.15442092154420922,0.13158987131589872,0.5155666251556662
0.20191906549853983,0.1547768043387568,0.12682519816437213,0.5164789319983313
0.20223787815996686,0.15292167426440115,0.12515540820555326,0.5196850393700787
0.20616409829237817,0.1541024573094544,0.11995002082465639,0.519783423573511
0.20513883133029423,0.1512639867384998,0.12142561127227518,0.5221715706589308
0.20490440565253532,0.15004156275976724,0.12261014131338321,0.5224438902743143
0.20688225538971808,0.14966832504145938,0.12313432835820895,0.5203150912106136
0.2088686282635723,0.14794861168669707,0.12515540820555326,0.5180273518441774
0.20604054613156805,0.14977244517997518,0.12453454695904013,0.5196524617294166
0.20842017507294705,0.1483951646519383,0.12088370154230929,0.5223009587328054
0.20765709529754472,0.14856429463171036,0.11735330836454431,0.5264253017062006
0.20665280665280666,0.14844074844074845,0.11517671517671518,0.5297297297297298
0.20855837141670128,0.14540922309929372,0.11715828832571666,0.5288741171582884
0.20522388059701493,0.14096185737976782,0.1214759535655058,0.5323383084577115
0.20438560198593297,0.14191146048820852,0.11915597848572611,0.5345469590401324
0.20636889991728702,0.14226633581472292,0.11373035566583954,0.5376344086021505
0.20506434205064342,0.14404317144043172,0.11498547114985472,0.5359070153590701
0.20106907894736842,0.14391447368421054,0.1171875,0.537828947368421
0.1975923619759236,0.1432129514321295,0.12079701120797011,0.5383976753839768
0.20033181252592286,0.14143508917461634,0.11779344670261302,0.5404396515968478
0.20438560198593297,0.1406702523789822,0.11625982623086471,0.5386843194042201
0.20422535211267606,0.14043082021541012,0.11681855840927921,0.5385252692626347
0.20540540540540542,0.13097713097713098,0.11933471933471934,0.5442827442827443
0.2055532532117696,0.13385826771653545,0.1176958143389971,0.5428926647326979
0.20618556701030927,0.13855670103092785,0.11711340206185566,0.5381443298969072
0.20544554455445543,0.1373762376237624,0.12087458745874588,0.5363036303630363
0.20880033208800333,0.1365711913657119,0.11830635118306351,0.5363221253632212
0.208298755186722,0.13775933609958507,0.11659751037344399,0.5373443983402489
0.20390365448504982,0.1362126245847176,0.11794019933554817,0.5419435215946844
0.20523473203157458,0.1346073950976319,0.11466555878687162,0.5454923140839218
0.20374220374220375,0.1367983367983368,0.1155925155925156,0.5438669438669439
0.1980074719800747,0.13615608136156082,0.1178912411789124,0.547945205479452
0.20175438596491227,0.13826232247284878,0.1098579782790309,0.550125313283208
0.1965918536990856,0.13507896924355778,0.10889443059019119,0.5594347464671654
0.19552609776304888,0.13545981772990887,0.10770505385252693,0.5613090306545153
0.19485903814262023,0.13723051409618575,0.10530679933665009,0.5626036484245439
0.1921305985768104,0.13938886563415656,0.10339053997488488,0.5650899958141482
0.19411764705882353,0.13403361344537815,0.09831932773109243,0.5735294117647058
0.19600499375780275,0.13275072825634623,0.09987515605493133,0.5713691219309197
0.1975973487986744,0.13173156586578294,0.09859154929577464,0.572079536039768
0.19751552795031055,0.13623188405797101,0.09399585921325052,0.5722567287784679
0.20132013201320131,0.13366336633663367,0.091996699669967,0.573019801980198
0.2027363184079602,0.12935323383084577,0.09079601990049752,0.5771144278606966
0.2023217247097844,0.1351575456053068,0.08830845771144279,0.574212271973466
0.20057779612051177,0.13165497317375155,0.08873297565002064,0.579034255055716
0.20124740124740126,0.13014553014553015,0.08898128898128899,0.5796257796257797
0.20390365448504982,0.12666112956810632,0.09053156146179402,0.5789036544850499
0.20479933802234174,0.12577575506826644,0.0906081919735209,0.578816714935871
0.20881863560732114,0.12396006655574043,0.09068219633943428,0.5765391014975042
0.2085737840065952,0.12654575432811213,0.09274525968672712,0.5721352019785655
0.20510708401976935,0.12232289950576607,0.09225700164744646,0.5803130148270181
0.20324189526184538,0.12011637572734829,0.09226932668329177,0.5843724023275145
0.2009075907590759,0.12128712871287128,0.09117161716171616,0.5866336633663366
0.20049710024855014,0.11764705882352941,0.09030654515327258,0.5915492957746479
0.1994970662196144,0.1181894383906119,0.08968985750209556,0.5926236378876781
0.20116375727348296,0.12053200332502079,0.08935993349958438,0.5889443059019119
0.20124223602484473,0.12173913043478261,0.08695652173913043,0.5900621118012422
0.201158940397351,0.12127483443708609,0.08857615894039735,0.5889900662251656
0.2009038619556286,0.12037797863599015,0.09367296631059983,0.5850451930977815
0.2070393374741201,0.11842650103519668,0.09151138716356108,0.5830227743271221
0.2073523337463858,0.11895910780669144,0.0912845931433292,0.5824039653035935
0.20611317637339943,0.1181330028913672,0.08963238331268071,0.5861214374225526
0.20133111480865223,0.11772046589018303,0.08901830282861897,0.5919301164725458
0.1986727498963086,0.11820821236001659,0.08875985068436333,0.5943591870593115
0.1956971452213488,0.11791477037649979,0.09350434422838229,0.5928837401737691
0.1930261519302615,0.11913657119136571,0.09381486093814861,0.5940224159402242
0.19253112033195022,0.12074688796680498,0.09294605809128631,0.5937759336099585
0.1945945945945946,0.11850311850311851,0.09230769230769231,0.5945945945945946
0.1962809917355372,0.11942148760330579,0.09090909090909091,0.5933884297520661
0.19270617488603398,0.12018234562784914,0.0920016576875259,0.595109821798591
0.19908940397350994,0.11961920529801325,0.09437086092715231,0.5869205298013245
0.20082815734989648,0.11718426501035197,0.09151138716356108,0.5904761904761905
0.19991652754590986,0.1181135225375626,0.09056761268781302,0.5914023372287145
0.19892695006190672,0.1172100701609575,0.09120924473792819,0.5926537350392076
0.19727047146401985,0.12158808933002481,0.08933002481389578,0.5918114143920595
0.2024896265560166,0.11576763485477179,0.091701244813278,0.5900414937759336
0.2038032244729227,0.11781727986771393,0.09053327821413808,0.5878462174452252
0.20274200249272953,0.11508101371001246,0.08890735355213959,0.5932696302451184
0.20141196013289037,0.11503322259136213,0.08762458471760798,0.5959302325581395
0.2008230452674897,0.11193415637860082,0.0860082304526749,0.6012345679012345
0.2014863748967795,0.11189099917423617,0.08629232039636664,0.6003303055326177
0.20279720279720279,0.11312217194570136,0.0855614973262032,0.5985191279308927
0.20689655172413793,0.11134191940174491,0.08724553385957623,0.5945159950145409
0.20636889991728702,0.10752688172043011,0.09057071960297766,0.5955334987593052
0.20604054613156805,0.10757136946628051,0.0906081919735209,0.5957798924286305
0.2077814569536424,0.10596026490066225,0.09312913907284769,0.5931291390728477
0.20604054613156805,0.10426148117501034,0.09309060819197353,0.596607364501448
0.2044794690999585,0.10576524263790958,0.09332227291580257,0.5964330153463293
0.20423412204234123,0.10668327106683272,0.09298464092984642,0.5960979659609796
0.20624486442070666,0.10640920295809367,0.0932621199671323,0.5940838126540674
0.2085737840065952,0.10882110469909316,0.09109645507007419,0.5915086562242374
0.20957095709570958,0.10684818481848185,0.09075907590759076,0.5928217821782178
0.21153048527581916,0.10535047698050601,0.08710078805474906,0.5960182496889258
0.2094650205761317,0.10740740740740741,0.0860082304526749,0.597119341563786
0.2090721649484536,0.10762886597938144,0.08164948453608248,0.6016494845360825
0.20556478405315615,0.10963455149501661,0.08139534883720931,0.603405315614618
0.20406470344255495,0.10991289921194525,0.08004977187888843,0.6059726254666113
0.20421661843737082,0.11368334022323275,0.07895824720959074,0.6031417941298057
0.20638209697472026,0.11230832987981765,0.07832573559883962,0.6029838375466224
0.20400500625782228,0.11347517730496454,0.07509386733416772,0.6074259491030455
0.20223787815996686,0.11520928305014505,0.07583920430998757,0.6067136344799006
0.20398009950248755,0.11194029850746269,0.0779436152570481,0.6061359867330016
0.2027306578402979,0.1063301613570542,0.07985105502689284,0.6110881257757551
0.2039718659495242,0.1063301613570542,0.08150599917252793,0.6081919735208937
0.20387948823772184,0.10524143623607099,0.08419314898885678,0.6066859265373504
0.20848784507622578,0.10548001648125258,0.0815822002472188,0.6044499381953028
0.20928305014504767,0.10443431413178615,0.07708246995441359,0.6092001657687526
0.2110698058653449,0.10285006195786865,0.07930607187112763,0.6067740603056588
0.20843672456575682,0.10339123242349049,0.0794044665012407,0.608767576509512
0.20764802631578946,0.10526315789473684,0.07771381578947369,0.609375
0.20786749482401656,0.10683229813664596,0.07412008281573498,0.6111801242236025
0.20726672171758878,0.1069364161849711,0.07225433526011561,0.6135425268373246
0.2070957095709571,0.10561056105610561,0.07343234323432343,0.6138613861386139
0.20611317637339943,0.10656753407682776,0.0751755472945064,0.6121437422552665
0.20728175424079437,0.10302027306578403,0.07323127844435251,0.6164666942490691
0.2094175960346964,0.10119785212722016,0.07434944237918216,0.6150351094589013
0.2056883759274526,0.10016488046166529,0.07873042044517725,0.6154163231657048
0.20601565718994644,0.0980634528224145,0.080758137618459,0.61516275236918
0.20585808580858087,0.09900990099009901,0.07920792079207921,0.615924092409241
0.20926385442514475,0.09842845326716294,0.08023159636062861,0.6120760959470637
0.20800333472280116,0.09712380158399334,0.07711546477699041,0.6177573989162151
0.20726672171758878,0.09867877786952932,0.07927332782824112,0.6147811725846408
0.20902317880794702,0.09850993377483444,0.07657284768211921,0.6158940397350994
0.2051176227816756,0.09946347503095336,0.07428807263722657,0.6211308295501444
0.20601565718994644,0.0980634528224145,0.0754017305315204,0.6205191594561187
0.20435855263157895,0.09539473684210527,0.07853618421052631,0.6217105263157895
0.20550760378133992,0.09823263460748048,0.0793259350595972,0.6169338265515824
0.20759389186958316,0.09657449442839455,0.07841518778373917,0.6174164259182832
0.2094175960346964,0.09500206526228831,0.07847996695580339,0.6171003717472119
0.21199671322925226,0.09572719802793755,0.07970419063270337,0.6125718981101068
0.21449038067949242,0.09742120343839542,0.07777322963569382,0.6103151862464183
0.21658415841584158,0.09488448844884488,0.07673267326732673,0.6117986798679867
0.2190082644628099,0.09421487603305785,0.08099173553719008,0.6057851239669422
0.21590440873506386,0.0980634528224145,0.07787391841779975,0.6081582200247219
0.21390374331550802,0.09584533113944879,0.07568901686548746,0.6145619086795557
0.214817880794702,0.0935430463576159,0.07740066225165564,0.6142384105960265
0.213520197856554,0.09233305853256389,0.07790601813685079,0.6162407254740313
0.21360824742268042,0.09154639175257732,0.07835051546391752,0.6164948453608248
0.21165770979743695,0.09425382389417114,0.07689127738735015,0.6171971889210418
0.21635012386457472,0.09248554913294797,0.07720891824938067,0.6139554087530966
0.2138728323699422,0.09372419488026425,0.07679603633360858,0.615606936416185
0.21002877106452938,0.093711467324291,0.083436087135224,0.6128236744759556
0.2119067443796836,0.09075770191507078,0.08201498751040799,0.6153205661948377
0.20737704918032787,0.09262295081967213,0.08196721311475409,0.6180327868852459
0.207492795389049,0.09427748044462742,0.08357348703170028,0.6146562371346233
0.2096177558569667,0.09412248253185368,0.083436087135224,0.6128236744759556
0.20961060480530241,0.09113504556752279,0.08243579121789561,0.6168185584092792
0.2091963545981773,0.09072079536039768,0.08326429163214581,0.6168185584092792
0.2075082508250825,0.09158415841584158,0.0853960396039604,0.6155115511551155
0.20668316831683167,0.09158415841584158,0.0853960396039604,0.6163366336633663
0.20688225538971808,0.09245439469320066,0.08167495854063019,0.6189883913764511
0.20240066225165562,0.09312913907284769,0.08609271523178808,0.6183774834437086
0.20538302277432713,0.09233954451345756,0.0865424430641822,0.6157349896480331
0.20876395204630013,0.09136006614303431,0.08433236874741629,0.6155436130632492
0.21183285064129084,0.08936698386429458,0.08357467935457179,0.6152254861398427
0.21464019851116625,0.0847808105872622,0.08519437551695616,0.6153846153846154
0.21207110376188507,0.086812732534105,0.08309218685407194,0.618023976849938
0.2123344370860927,0.0836092715231788,0.0798841059602649,0.6241721854304636
0.20876395204630013,0.08350558081852005,0.08102521703183134,0.6267052501033485
0.20852296235002069,0.0819197352089367,0.08274720728175423,0.6268100951592884
0.20759389186958316,0.0821295914156005,0.08460586050350805,0.6256706562113082
0.20883202641353693,0.08295501444490301,0.08584399504746182,0.6223689640940983
0.21102819237147596,0.08499170812603649,0.08416252072968491,0.6198175787728026
0.21109271523178808,0.08319536423841059,0.07947019867549669,0.6262417218543046
0.21290587751746815,0.083436087135224,0.08466913275791205,0.6189889025893958
0.214787277984304,0.08343659644774887,0.08302354399008674,0.6187525815778604
0.2131958762886598,0.08329896907216496,0.08288659793814433,0.6206185567010309
0.21102819237147596,0.08499170812603649,0.08250414593698176,0.6214759535655058
0.21164241164241165,0.08316008316008316,0.08232848232848233,0.6228690228690229
0.20985099337748345,0.08112582781456953,0.08153973509933775,0.6274834437086093
0.20728175424079437,0.0761274306992139,0.08357467935457179,0.6330161357054199
0.20803978450062163,0.07874015748031496,0.079983423124741,0.6332366348943225
0.2093119077049856,0.08117016893283889,0.07787391841779975,0.6316440049443758
0.20885028949545079,0.07981803143093466,0.07816377171215881,0.6331679073614558
0.20454545454545456,0.08140495867768595,0.07644628099173553,0.6376033057851239
0.2032854209445585,0.07967145790554415,0.07638603696098563,0.6406570841889117
0.20198265179677818,0.07971912432878976,0.07930607187112763,0.6389921520033044
0.2042079207920792,0.07879537953795379,0.07549504950495049,0.6415016501650165
0.20785123966942148,0.07933884297520662,0.07272727272727272,0.6400826446280992
0.20644095788604458,0.0838150289017341,0.07431874483897605,0.6354252683732452
0.2062835882596114,0.08433236874741629,0.0715171558495246,0.6378668871434477
0.19851116625310175,0.08850289495450786,0.07196029776674938,0.6410256410256411
0.20271381578947367,0.08758223684210527,0.07606907894736842,0.6336348684210527
0.2017291066282421,0.08645533141210375,0.07616303005351997,0.6356525319061342
0.2053941908713693,0.08257261410788382,0.07759336099585062,0.6344398340248962
0.20355812991311542,0.08564335953661564,0.0761274306992139,0.634671079851055
0.20883202641353693,0.0780024762690879,0.0800660338423442,0.633099463475031
0.20957095709570958,0.08003300330033003,0.07590759075907591,0.6344884488448845
0.20853858784893267,0.07881773399014778,0.07348111658456485,0.6391625615763546
0.21183285064129084,0.0761274306992139,0.07529995862639637,0.6367397600330988
0.2087821043910522,0.07497928748964375,0.07249378624689312,0.6437448218724109
0.2045360824742268,0.07463917525773196,0.07505154639175257,0.6457731958762887
0.20437654830718416,0.07308009909165979,0.07390586292320396,0.6486374896779521
0.2023121387283237,0.0763831544178365,0.07390586292320396,0.6473988439306358
0.2017362546506821,0.07399751963621332,0.07193054981397272,0.6523356758991319
0.2045360824742268,0.06969072164948453,0.07134020618556701,0.6544329896907216
0.20634266886326194,0.06754530477759473,0.07084019769357495,0.6552718286655683
0.2044426162073221,0.067461949814891,0.07034142328259975,0.6577540106951871
0.20296418279127212,0.0683408810209963,0.06957595718402634,0.6591189790037052
0.20644095788604458,0.06647398843930635,0.07101568951279934,0.6560693641618497
0.20353618421052633,0.06949013157894737,0.07730263157894737,0.649671052631579
0.20361990950226244,0.0658165364047717,0.08062525709584534,0.6499382969971206
0.20115654688145396,0.06691449814126393,0.080545229244114,0.6513837257331682
0.20403126285479226,0.06869600987248047,0.07897984368572604,0.6482928835870012
0.20264135369376807,0.0680973999174577,0.07758976475443664,0.6516714816343376
0.2080592105263158,0.0678453947368421,0.07648026315789473,0.6476151315789473
0.20859149111937217,0.06897976042957456,0.07476249483684427,0.647666253614209
0.20840197693574958,0.06878088962108732,0.07619439868204284,0.6466227347611203
0.2082135523613963,0.0673511293634497,0.07679671457905544,0.6476386036960986
0.207166392092257,0.06754530477759473,0.07907742998352553,0.6462108731466227
0.20799011532125206,0.06507413509060955,0.07742998352553541,0.649505766062603
0.20585808580858087,0.06353135313531354,0.07673267326732673,0.6538778877887789
0.20536082474226805,0.0622680412371134,0.07587628865979382,0.6564948453608247
0.20544554455445543,0.06311881188118812,0.07260726072607261,0.6588283828382838
0.20526532291238173,0.06334841628959276,0.0765117235705471,0.6548745372274785
0.20669698222405952,0.0607689127738735,0.07523770152955767,0.6572964034725093
0.20460147904683648,0.06409202958093672,0.07477403451109285,0.6565324568611339
0.20757825370675453,0.06589785831960461,0.07331136738056013,0.6532125205930808
0.2093119077049856,0.06633704161516275,0.07086938607334158,0.6534816646065101
0.21343222084878452,0.06674907292954264,0.06674907292954264,0.6530696332921302
0.21178409559126493,0.06592501030078286,0.06674907292954264,0.6555418211784095
0.21119802387813916,0.06587072869493618,0.06710580485796624,0.6558254425689585
0.2149648615130219,0.06407606448945845,0.06821000413393964,0.65274906986358
0.21596051007815714,0.060468942821883996,0.06951871657754011,0.6540518305224188
0.2137279079325935,0.06370735717221537,0.06781750924784218,0.654747225647349
0.21502698215026983,0.06351183063511831,0.0684931506849315,0.6529680365296804
0.21446179129005752,0.06450287592440428,0.0714872637633525,0.6495480690221856
0.21561338289962825,0.06402313093762908,0.07228418009087154,0.6480793060718711
0.21173574066475173,0.06483381206401313,0.0734509643003693,0.6499794829708658
0.21331128565522944,0.0628358825961141,0.0715171558495246,0.6523356758991319
0.2111340206185567,0.06391752577319587,0.07175257731958763,0.6531958762886598
0.21381306865177832,0.06327543424317618,0.07154673283705541,0.6513647642679901
0.21434494195688225,0.06467661691542288,0.06633499170812604,0.6546434494195689
0.214987714987715,0.06183456183456183,0.06797706797706797,0.6552006552006552
0.21764220939818632,0.06265457543281121,0.06389117889530091,0.6558120362737015
0.21469622331691296,0.06321839080459771,0.06403940886699508,0.6580459770114943
0.21275720164609052,0.06337448559670782,0.06419753086419754,0.6596707818930041
0.21340460526315788,0.06620065789473684,0.06661184210526316,0.6537828947368421
0.2145214521452145,0.06848184818481848,0.06683168316831684,0.6501650165016502
0.21561338289962825,0.06897976042957456,0.06691449814126393,0.6484923585295332
0.21623860811930407,0.06752278376139188,0.0691797845898923,0.6470588235294118
0.22088686282635722,0.06547865727310402,0.06672192291753004,0.6469125569830088
0.22208487845076225,0.06551297898640297,0.06592501030078286,0.646477132262052
0.22030415125359637,0.06041923551171394,0.06699547883271681,0.6522811344019729
0.21954210956663942,0.06132461161079313,0.06663941128372854,0.6524938675388389
0.22094455852156059,0.06242299794661191,0.06817248459958933,0.6484599589322382
0.2170510708401977,0.06383855024711697,0.0671334431630972,0.6519769357495881
0.21935219352193522,0.06642066420664207,0.06437064370643707,0.6498564985649856
0.22322899505766064,0.06672158154859967,0.06466227347611203,0.6453871499176277
0.22231370934540964,0.0708110333470564,0.06463565253190613,0.6422396047756278
0.2201154163231657,0.06760098928276999,0.06471558120362737,0.6475680131904369
0.22226787181594085,0.06778964667214461,0.06491372226787182,0.6450287592440427
0.22263527467988434,0.06815365551425032,0.06526228831061545,0.6439487814952499
0.22428748451053285,0.06732755059892606,0.06154481619165634,0.6468401486988847
0.2243721696171264,0.06710580485796624,0.06340057636887608,0.6451214491560313
0.22153719687628443,0.06740649404027949,0.06452938758734073,0.6465269214960954
0.2222682119205298,0.06995033112582781,0.06001655629139073,0.6477649006622517
0.21998355263157895,0.06866776315789473,0.06332236842105263,0.6480263157894737
0.2213520197856554,0.06842539159109645,0.06553998351195384,0.6446826051112943
0.22317772317772316,0.06715806715806716,0.06552006552006552,0.6441441441441441
0.22281275551921503,0.06623058053965658,0.06704824202780049,0.6439084219133279
0.22235922729140978,0.06576243321002877,0.06535141800246609,0.6465269214960954
0.2222680412371134,0.0668041237113402,0.0668041237113402,0.6441237113402062
0.22121337185307471,0.0680973999174577,0.06479570780024763,0.64589352042922
0.2198931360460337,0.0690505548705302,0.0690505548705302,0.6420057542129058
0.21789084940500617,0.06975789905621665,0.07098892080426754,0.6413623307345097
0.21958333333333332,0.06583333333333333,0.06958333333333333,0.645
0.2222680412371134,0.06474226804123712,0.06762886597938145,0.6453608247422681
0.22181069958847738,0.06748971193415639,0.06666666666666667,0.6440329218106996
0.2229114971050455,0.06699751861042183,0.065343258891646,0.6447477253928867
0.2222682119205298,0.0658112582781457,0.06995033112582781,0.6419701986754967
0.21964359718193122,0.06340654786572732,0.07045171985080813,0.6464981351015333
0.21443384487764414,0.06553297386976359,0.06968063044379925,0.6503525508087931
0.2136997538966366,0.06521739130434782,0.07424118129614438,0.6468416735028713
0.20920674064940403,0.0632963419646527,0.07562679819153309,0.6518701191944102
0.2094175960346964,0.06526228831061545,0.07600165220983064,0.6493184634448576
0.20577319587628867,0.0663917525773196,0.08,0.6478350515463918
0.20412371134020618,0.06515463917525773,0.0779381443298969,0.6527835051546391
0.2040479140850888,0.06361007847996696,0.07558859975216853,0.6567534076827757
0.20612582781456953,0.06539735099337748,0.07201986754966887,0.6564569536423841
0.20593080724876442,0.06342668863261944,0.07248764415156507,0.658154859967051
0.20389556568586822,0.0663075010360547,0.07169498549523415,0.6581019477828429
0.20764802631578946,0.0625,0.07401315789473684,0.6558388157894737
0.20494845360824743,0.060618556701030925,0.0754639175257732,0.6589690721649485
0.2074074074074074,0.059670781893004114,0.0728395061728395,0.660082304526749
0.20942622950819673,0.05614754098360656,0.07377049180327869,0.660655737704918
0.2096177558569667,0.057131113851212494,0.073160706946157,0.6600904233456638
0.21390374331550802,0.05265322912381736,0.07157548334018922,0.6618675442204854
0.2147568013190437,0.05399835119538335,0.07378400659521847,0.6574608408903545
0.21819678880197613,0.05557842733635241,0.0732811856731165,0.652943598188555
0.21789084940500617,0.05375461633155519,0.07057858022158392,0.6577759540418547
0.21652892561983472,0.05371900826446281,0.07066115702479339,0.6590909090909091
0.21782178217821782,0.054455445544554455,0.06806930693069307,0.6596534653465347
0.21560574948665298,0.056673511293634495,0.06652977412731007,0.6611909650924025
0.21193415637860083,0.056378600823045265,0.0691358024691358,0.6625514403292181
0.20929276315789475,0.05674342105263158,0.06949013157894737,0.6644736842105263
0.2086242299794661,0.05831622176591376,0.07063655030800821,0.6624229979466119
0.20454545454545456,0.06074380165289256,0.06983471074380165,0.6648760330578513
0.20693928128872366,0.05989260636100785,0.0735233374638579,0.6596447748864106
0.2072517511330861,0.06262875978574371,0.07210548001648125,0.6580140090646889
0.21214608124743536,0.06770619614279852,0.06852687730816578,0.6516208453016004
0.21611570247933884,0.06446280991735537,0.06735537190082645,0.6520661157024793
0.21286307053941908,0.06473029045643154,0.06804979253112033,0.654356846473029
0.21214608124743536,0.06483381206401313,0.06770619614279852,0.6553139105457529
0.2136963696369637,0.06435643564356436,0.06930693069306931,0.6526402640264026
0.21683778234086243,0.06529774127310062,0.06858316221765914,0.6492813141683779
0.2137874435781699,0.06770619614279852,0.06688551497743127,0.6516208453016004
0.21163366336633663,0.06724422442244224,0.06848184818481848,0.6526402640264026
0.21143562320032908,0.06417112299465241,0.06787330316742081,0.6565199506375977
0.21148285832300703,0.06361007847996696,0.06774060305658819,0.6571664601404378
0.20967741935483872,0.06327543424317618,0.06823821339950373,0.6588089330024814
0.20926385442514475,0.062034739454094295,0.07113316790736146,0.6575682382133995
0.20927369716865,0.06524415264669675,0.06647517439474764,0.6590069757899056
0.21054800164812526,0.06468891635764318,0.06716110424392253,0.657601977750309
0.21198347107438018,0.06363636363636363,0.06942148760330578,0.6549586776859504
0.21207110376188507,0.06366267052501033,0.06779661016949153,0.656469615543613
0.21190965092402464,0.061601642710472276,0.0648870636550308,0.6616016427104723
0.21360824742268042,0.06144329896907216,0.06268041237113402,0.6622680412371134
0.21258223684210525,0.0625,0.0625,0.6624177631578947
0.21175986842105263,0.0649671052631579,0.062088815789473686,0.6611842105263158
0.20922570016474465,0.06260296540362438,0.06342668863261944,0.6647446457990115
0.21018062397372742,0.0636288998357964,0.06444991789819376,0.6617405582922824
0.21170610211706103,0.062266500622665005,0.06351183063511831,0.6625155666251556
0.2102015631427396,0.06499382969971206,0.062114356232003294,0.662690250925545
0.21225832990538873,0.06499382969971206,0.061291649526943645,0.6614561908679556
0.2164394878149525,0.06154481619165634,0.05865344898802148,0.6633622470053697
0.2156621566215662,0.06273062730627306,0.05822058220582206,0.6633866338663387
0.21760592348827643,0.059646236116824354,0.057178116001645414,0.6655697243932538
0.21710526315789475,0.05921052631578947,0.057154605263157895,0.6665296052631579
0.21801727684080624,0.060468942821883996,0.059646236116824354,0.6618675442204854
0.2202210397052804,0.059762586983217354,0.05894392140810479,0.6610724519033975
0.22176422093981862,0.05894476504534213,0.05441055234954658,0.6648804616652927
0.22506183017312448,0.05605935696619951,0.05605935696619951,0.6628194558944766
0.22144329896907217,0.05443298969072165,0.0577319587628866,0.6663917525773196
0.22350041084634348,0.05464256368118324,0.05792933442892358,0.6639276910435498
0.22459893048128343,0.053475935828877004,0.057178116001645414,0.6647470176881941
0.22025524907369287,0.05763688760806916,0.059283655825442566,0.6628242074927954
0.2198027937551356,0.05916187345932621,0.06080525883319639,0.6602300739523418
0.22080066033842344,0.05777961205117623,0.061494015683037556,0.6599257119273628
0.21937086092715233,0.057119205298013245,0.0625,0.6610099337748344
0.21974390747624947,0.05947955390334572,0.06154481619165634,0.6592317224287485
0.2229064039408867,0.05747126436781609,0.059113300492610835,0.6605090311986864
0.22126081582200247,0.06056860321384425,0.0580964153275649,0.6600741656365884
0.22058220582205823,0.058630586305863056,0.058630586305863056,0.6621566215662157
0.21851851851851853,0.06131687242798354,0.056378600823045265,0.6637860082304526
0.21678321678321677,0.06252570958453312,0.055121349238996295,0.6655697243932538
0.21637186343068696,0.06252570958453312,0.05553270259152612,0.6655697243932538
0.21688741721854304,0.0658112582781457,0.05380794701986755,0.6634933774834437
0.2192513368983957,0.06334841628959276,0.054709995886466474,0.662690250925545
0.2197938144329897,0.0643298969072165,0.05360824742268041,0.6622680412371134
0.21864686468646866,0.06476897689768978,0.050742574257425746,0.6658415841584159
0.21947194719471946,0.06311881188118812,0.050742574257425746,0.6666666666666666
