C,D,Oc,Od
0.0,0.0,0.0,1.0
0.0,0.4,0.0,0.6
0.2222222222222222,0.4444444444444444,0.0,0.3333333333333333
0.2857142857142857,0.2857142857142857,0.14285714285714285,0.2857142857142857
0.20833333333333334,0.2916666666666667,0.16666666666666666,0.3333333333333333
0.14634146341463414,0.21951219512195122,0.21951219512195122,0.4146341463414634
0.18333333333333332,0.23333333333333334,0.18333333333333332,0.4
0.1827956989247312,0.2903225806451613,0.21505376344086022,0.3118279569892473
0.17164179104477612,0.291044776119403,0.19402985074626866,0.34328358208955223
0.18617021276595744,0.28191489361702127,0.22340425531914893,0.30851063829787234
0.2159090909090909,0.2727272727272727,0.20833333333333334,0.30303030303030304
0.24705882352941178,0.24705882352941178,0.2,0.3058823529411765
0.2429245283018868,0.23820754716981132,0.2028301886792453,0.3160377358490566
0.25430210325047803,0.21606118546845124,0.18738049713193117,0.3422562141491396
0.24165341812400637,0.19554848966613672,0.21144674085850557,0.35135135135135137
0.2545931758530184,0.17716535433070865,0.22965879265091863,0.33858267716535434
0.23977272727272728,0.17954545454545454,0.2159090909090909,0.36477272727272725
0.2554890219560878,0.17365269461077845,0.20758483033932135,0.36327345309381237
0.23821765209940018,0.181662382176521,0.2262210796915167,0.35389888603256214
0.23984674329501915,0.19770114942528735,0.2222222222222222,0.34022988505747126
0.23783031988873435,0.20584144645340752,0.2336578581363004,0.3226703755215577
0.2237851662404092,0.2186700767263427,0.24552429667519182,0.31202046035805625
0.20883777239709442,0.21731234866828086,0.2584745762711864,0.3153753026634383
0.2054483541430193,0.21736662883087401,0.26106696935300794,0.31611804767309876
0.20408163265306123,0.21400992829564258,0.27247655819084393,0.3094318808604523
0.20713162034609334,0.21657052962768747,0.2627163083377032,0.313581541688516
0.20418848167539266,0.21256544502617802,0.26230366492146595,0.32094240837696336
0.2041123370110331,0.21414242728184554,0.26078234704112335,0.320962888665998
0.2055199605717102,0.22424839822572695,0.24741251848201085,0.322819122720552
0.20407174018419777,0.23073194377120698,0.24478914202617547,0.3204071740184198
0.2056297709923664,0.23998091603053434,0.24188931297709923,0.3125
0.20650095602294455,0.25239005736137665,0.22418738049713194,0.31692160611854686
0.20768136557610242,0.2498814604077762,0.2238027501185396,0.3186344238975818
0.21064922933208782,0.24054180289584307,0.22372723026623073,0.3250817375058384
0.2124883504193849,0.23951537744641194,0.2213420316868593,0.32665424044734387
0.21751025991792067,0.23164614683082535,0.22298221614227087,0.3278613771089831
0.2222222222222222,0.23553719008264462,0.2125803489439853,0.32966023875114786
0.2203548085901027,0.22735760971055088,0.22969187675070027,0.32259570494864614
0.2299117510450534,0.21411983279145377,0.2289828146771946,0.3269856014862982
0.2338331771321462,0.20899718837863168,0.24320524835988752,0.3139643861293346
0.2450574712643678,0.20735632183908045,0.2367816091954023,0.31080459770114943
0.24793388429752067,0.2130394857667585,0.22176308539944903,0.3172635445362718
0.25485765928603704,0.2141888838680524,0.21509263443289653,0.315860822413014
0.25080238422741863,0.20907840440165062,0.21274644658413572,0.32737276478679506
0.24885426214482126,0.20898258478460127,0.22502291475710356,0.3171402383134739
0.24908088235294118,0.20542279411764705,0.2265625,0.31893382352941174
0.24088601753576372,0.1975080756806645,0.22519612367328104,0.33640978311029074
0.23126436781609194,0.2,0.2367816091954023,0.33195402298850574
0.23062815222375058,0.20311783585511234,0.24346629986244842,0.32278771205868867
0.23037857802400738,0.2077562326869806,0.247460757156048,0.314404432132964
0.2339640055376096,0.2136594370096908,0.2344254730041532,0.31795108444854636
0.22807017543859648,0.21745152354570638,0.23776546629732226,0.31671283471837486
0.23382624768946395,0.21719038817005545,0.22735674676524953,0.32162661737523107
0.23308619091751623,0.21269694161260427,0.22567191844300277,0.32854494902687675
0.2323325635103926,0.21662817551963048,0.21478060046189376,0.3362586605080831
0.2344763670064875,0.21408711770157554,0.21269694161260427,0.3387395736793327
0.22927281148679945,0.2125984251968504,0.20981936081519223,0.34830940250115794
0.22973598888374247,0.20565076424270495,0.21537748957850858,0.349235757295044
0.2342883548983364,0.2088724584103512,0.2097966728280961,0.3470425138632163
0.23408153916628494,0.22491983508932661,0.20522217132386625,0.33577645442052223
0.23610473128158016,0.24207625172255398,0.19706017455213598,0.3247588424437299
0.24333026678932843,0.23873045078196872,0.19779208831646733,0.3201471941122355
0.24571957427117075,0.22859787135585377,0.2049976862563628,0.3206848681166127
0.24224452554744524,0.22855839416058393,0.20392335766423358,0.32527372262773724
0.2495404411764706,0.21783088235294118,0.2026654411764706,0.32996323529411764
0.2407152682255846,0.2209995414947272,0.20907840440165062,0.3292067858780376
0.23733455043359197,0.21770880876312187,0.2113190324052944,0.3336376083979918
0.245317496573778,0.21014161717679306,0.2096847875742348,0.33485609867519417
0.24333026678932843,0.2125114995400184,0.21711131554737811,0.3270469181232751
0.24103035878564857,0.22125114995400183,0.21067157313707452,0.3270469181232751
0.2408691631992603,0.22699953767914932,0.20527045769764216,0.3268608414239482
0.23430391264786168,0.22975432211101002,0.20609645131938126,0.32984531392174704
0.22872827081427263,0.23330283623055809,0.2090576395242452,0.3289112534309241
0.22622345337026778,0.2363804247460757,0.2082179132040628,0.32917820867959374
0.22670949977053695,0.2391005048187242,0.20927030748049563,0.32491968793024323
0.2180485570316079,0.23408153916628494,0.21484196060467248,0.33302794319743473
0.21108545034642032,0.22863741339491916,0.21293302540415704,0.34734411085450345
0.20544783010156972,0.234533702677747,0.216528162511542,0.34349030470914127
0.19751381215469613,0.22053406998158379,0.2283609576427256,0.35359116022099446
0.20791168353265868,0.21481140754369826,0.22125114995400183,0.3560257589696412
0.21441689623507806,0.21028466483011937,0.2190082644628099,0.3562901744719926
0.2158570119156737,0.20439963336388633,0.2236480293308891,0.35609532538955085
0.21491431218156554,0.2014821676702177,0.22464103751736916,0.3589624826308476
0.22329650092081033,0.19521178637200737,0.2274401473296501,0.35405156537753224
0.22947080291970803,0.19023722627737227,0.22217153284671534,0.3581204379562044
0.23083983478659936,0.1950435979807251,0.216154199173933,0.35796236805874254
0.2301660516605166,0.18773062730627307,0.2177121771217712,0.3643911439114391
0.2465564738292011,0.19788797061524335,0.20202020202020202,0.35353535353535354
0.24965643609711408,0.20201557489693084,0.2015574896930829,0.3467704993128722
0.24426078971533516,0.19696969696969696,0.2125803489439853,0.34618916437098257
0.2423550890004564,0.20356001825650388,0.21040620721131903,0.34367868553172065
0.24896836313617607,0.18752865657955067,0.21182943603851445,0.3516735442457588
0.25022872827081427,0.19762122598353157,0.20768526989935956,0.3444647758462946
0.2505726065048099,0.18827301878149336,0.2070545121392579,0.3540998625744389
0.25248419150858176,0.18337850045167117,0.21318879855465223,0.3509485094850949
0.24169741697416974,0.1886531365313653,0.22047970479704798,0.349169741697417
0.22912885662431942,0.1896551724137931,0.22549909255898368,0.35571687840290384
0.22313671696387746,0.19021490626428897,0.2245084590763603,0.36213991769547327
0.22136010953902327,0.19671382930168874,0.22364217252396165,0.35828388863532634
0.21955719557195572,0.19234317343173432,0.22924354243542436,0.35885608856088563
0.22334096109839818,0.19954233409610983,0.22151029748283751,0.35560640732265447
0.22037805440295066,0.2000922083909636,0.21991701244813278,0.359612724757953
0.21785383903792785,0.1933395004625347,0.21877890841813136,0.3700277520814061
0.21801385681293303,0.19399538106235567,0.22217090069284065,0.3658198614318707
0.21695071395670198,0.1906955320128973,0.2164900967296177,0.375863657300783
0.21267799724391365,0.19476343592099218,0.21635277905374367,0.3762057877813505
0.21630384437239464,0.1949976841130153,0.21213524779990736,0.3765632237146827
0.2146866230121609,0.18942937324602432,0.21234798877455566,0.38353601496725914
0.20835266821345708,0.18607888631090488,0.20649651972157773,0.3990719257540603
0.2023094688221709,0.17782909930715934,0.21709006928406466,0.40277136258660506
0.20779816513761468,0.18073394495412845,0.21559633027522937,0.3958715596330275
0.21227503461006,0.18874019381633594,0.21965851407475773,0.37932625749884635
0.2232387923147301,0.18344007319304667,0.21957913998170173,0.3737419945105215
0.2217132386623912,0.18781493357764545,0.21621621621621623,0.37425561154374715
0.222888786340563,0.19935394554683894,0.2136594370096908,0.3640978311029072
0.22457432121491025,0.2029452369995398,0.20984813621721124,0.3626323055683387
0.22516248839368616,0.19730733519034355,0.2116991643454039,0.3658310120705664
0.22401103955841767,0.1968721251149954,0.20653173873045078,0.37258509659613614
0.2330232558139535,0.19488372093023257,0.20511627906976745,0.36697674418604653
0.2368663594470046,0.20184331797235022,0.20368663594470046,0.3576036866359447
0.23895027624309392,0.19337016574585636,0.2094843462246777,0.358195211786372
0.2347266881028939,0.18879191548001836,0.21635277905374367,0.36012861736334406
0.2335800185013876,0.19703977798334876,0.2206290471785384,0.34875115633672527
0.2313364055299539,0.20368663594470046,0.21244239631336406,0.35253456221198154
0.23288929719797888,0.19200734956361967,0.21773082223242995,0.3573725310059715
0.23575367647058823,0.19761029411764705,0.20863970588235295,0.35799632352941174
0.22567191844300277,0.20064874884151992,0.22103799814643188,0.3526413345690454
0.2283720930232558,0.18976744186046512,0.23069767441860464,0.3511627906976744
0.23411065386374028,0.18701417466849565,0.22588020118884317,0.3529949702789209
0.23588342440801457,0.18579234972677597,0.23087431693989072,0.34744990892531874
0.2354290959155576,0.18815970628728776,0.23038090867370353,0.34603028912345113
0.2337006427915519,0.19008264462809918,0.22727272727272727,0.34894398530762166
0.23098460102659824,0.19038730751283248,0.2333177788147457,0.3453103126458236
0.23232323232323232,0.1960514233241506,0.23140495867768596,0.3402203856749311
0.23149015932521086,0.2014995313964386,0.21836925960637302,0.3486410496719775
0.23660922217047042,0.1960875640428505,0.21937587331159758,0.3479273404750815
0.23280182232346242,0.20136674259681092,0.2173120728929385,0.34851936218678814
0.2294172062904718,0.20490286771507862,0.21137835337650324,0.35430157261794637
0.23271028037383176,0.1939252336448598,0.2163551401869159,0.35700934579439253
0.23169046522339937,0.19253800092123446,0.21879318286503915,0.35697835099032704
0.2362966374942423,0.19852602487333026,0.20589590050667894,0.3592814371257485
0.22369020501138953,0.1908883826879271,0.22687927107061504,0.35854214123006833
0.21563218390804598,0.1967816091954023,0.21701149425287355,0.37057471264367814
0.21733021077283374,0.19063231850117096,0.2079625292740047,0.3840749414519906
0.2199265381083563,0.19880624426078972,0.2061524334251607,0.3751147842056933
0.21769019248395968,0.19798350137488543,0.21264894592117323,0.37167736021998166
0.2057460611677479,0.2020389249304912,0.21918443002780352,0.3730305838739574
0.20667284522706209,0.19555143651529194,0.22381835032437442,0.37395736793327156
0.2026715799170889,0.20082911100875173,0.21510824504836482,0.3813910640257946
0.1977116704805492,0.20045766590389016,0.22151029748283751,0.38032036613272313
0.19703977798334876,0.19888991674375578,0.22664199814986125,0.3774283071230342
0.20277136258660508,0.2,0.22401847575057737,0.37321016166281756
0.19592403890690135,0.20518758684576194,0.2204724409448819,0.3784159333024548
0.19627442071785553,0.2008178100863244,0.230804179918219,0.37210358927760107
0.19262672811059908,0.19723502304147467,0.22995391705069124,0.38018433179723504
0.1860036832412523,0.20119705340699817,0.22513812154696133,0.3876611418047882
0.1886531365313653,0.19695571955719557,0.22647601476014761,0.3879151291512915
0.19454545454545455,0.19454545454545455,0.2240909090909091,0.38681818181818184
0.19454713493530498,0.1876155268022181,0.22365988909426987,0.394177449168207
0.1924839596700275,0.19890009165902842,0.2149404216315307,0.3936755270394134
0.19690063810391978,0.18596171376481313,0.21513217866909753,0.40200546946216953
0.2021227503461006,0.17904937701892015,0.20489155514536225,0.41393631748961696
0.19990913221263062,0.18809631985461153,0.19627442071785553,0.4157201272149023
0.20413793103448277,0.18160919540229886,0.18942528735632183,0.42482758620689653
0.20730593607305936,0.18949771689497716,0.19452054794520549,0.408675799086758
0.21330275229357798,0.1963302752293578,0.20229357798165137,0.38807339449541284
0.2073669849931787,0.19781718963165076,0.20372896771259663,0.3910868576625739
0.21134492223238793,0.18938700823421775,0.19853613906678866,0.40073193046660566
0.21098398169336385,0.19496567505720824,0.20091533180778032,0.3931350114416476
0.21121495327102804,0.19672897196261682,0.20327102803738317,0.38878504672897196
0.20907840440165062,0.19348922512608896,0.20449335167354424,0.3929390187987162
0.21011494252873564,0.1935632183908046,0.20597701149425288,0.3903448275862069
0.20398701900788133,0.19286045433472415,0.21372276309689384,0.3894297635605007
0.1998149861239593,0.19472710453283995,0.20952821461609622,0.39592969472710454
0.2091116173120729,0.20136674259681092,0.20637813211845102,0.38314350797266516
0.20407218880148079,0.1934289680703378,0.21101341971309578,0.39148542341508563
0.20689655172413793,0.19724137931034483,0.20367816091954022,0.392183908045977
0.21128731343283583,0.1935634328358209,0.20662313432835822,0.3885261194029851
0.21064604185623295,0.18926296633303002,0.20791628753412192,0.3921747042766151
0.21320495185694635,0.19073819348922513,0.2040348464007336,0.3920220082530949
0.21549747822099954,0.19119669876203577,0.20220082530949107,0.39110499770747365
0.21797235023041475,0.18755760368663593,0.2055299539170507,0.38894009216589864
0.2184065934065934,0.18818681318681318,0.21108058608058608,0.3823260073260073
0.21312217194570135,0.18416289592760182,0.2167420814479638,0.38597285067873305
0.21069469835466179,0.18372943327239488,0.22440585009140768,0.3811700182815356
0.20871559633027523,0.19036697247706422,0.22293577981651377,0.3779816513761468
0.20173833485818848,0.18801463860933212,0.2200365965233303,0.3902104300091491
0.1915089986155976,0.1855099215505307,0.22519612367328104,0.3977849561605907
0.19462465245597776,0.1793327154772938,0.22984244670991658,0.39620018535681184
0.19166666666666668,0.1814814814814815,0.22083333333333333,0.4060185185185185
0.18844566712517194,0.18752865657955067,0.21687299403943144,0.40715268225584594
0.18778696051423324,0.19146005509641872,0.21717171717171718,0.4035812672176309
0.1841860465116279,0.19116279069767442,0.21767441860465117,0.4069767441860465
0.18324849606663582,0.1897269782508098,0.22026839426191577,0.4067561314206386
0.1916552040348464,0.19257221458046767,0.2164144887666208,0.3993580926180651
0.1987060998151571,0.19038817005545286,0.2111829944547135,0.39972273567467653
0.20776255707762556,0.17990867579908676,0.20821917808219179,0.4041095890410959
0.2142526608051828,0.18186024988431282,0.1994447015270708,0.4044423877834336
0.22253129346314326,0.1780250347705146,0.19888734353268428,0.40055632823365783
0.2208927749654855,0.17349286700414174,0.19788311090658076,0.407731247123792
0.21707205139972466,0.18357044515832951,0.19596145020651676,0.4033960532354291
0.209366391184573,0.18411386593204776,0.19329660238751148,0.4132231404958678
0.21471264367816092,0.1811494252873563,0.1935632183908046,0.4105747126436782
0.2158570119156737,0.18652612282309808,0.19523373052245646,0.40238313473877174
0.21723189734188816,0.1851512373968836,0.1993583868010999,0.3982584784601283
0.21915285451197053,0.18093922651933703,0.19797421731123388,0.40193370165745856
0.21595598349381018,0.17652453003209537,0.20128381476386978,0.4062356717102247
0.21765249537892792,0.1756007393715342,0.19593345656192238,0.4108133086876155
0.21271729185727356,0.18161024702653247,0.20951509606587373,0.39615736505032023
0.21594533029612756,0.1867881548974943,0.2164009111617312,0.38086560364464694
0.2164144887666208,0.18615314076111875,0.22283356258596973,0.3745988078862907
0.2173511767420397,0.19197046608214122,0.22150438394093216,0.36917397323488693
0.22401847575057737,0.1884526558891455,0.22032332563510393,0.3672055427251732
0.232387923147301,0.19030192131747484,0.2081427264409881,0.36916742909423605
0.23098201936376211,0.1904103273397879,0.21392346703550022,0.3646841862609497
0.22227314390467462,0.18698441796516957,0.22227314390467462,0.3684692942254812
0.21695071395670198,0.1833256563795486,0.22616305849838783,0.37356057116536157
0.2177121771217712,0.1937269372693727,0.2158671586715867,0.3726937269372694
0.23083983478659936,0.19045433685176685,0.21064708581918312,0.3680587425424507
0.21882137962539971,0.20283234353586113,0.21333942439470077,0.36500685244403835
0.21379625399725902,0.21288259479214253,0.20785746916400183,0.3654636820465966
0.21037998146431883,0.2154772937905468,0.211306765523633,0.3628359592215014
0.21521335807050093,0.21057513914656772,0.2082560296846011,0.36595547309833026
0.21491431218156554,0.20518758684576194,0.20518758684576194,0.3747105141269106
0.2143184947223497,0.20605782469022488,0.21156493804497475,0.3680587425424507
0.2150487691593126,0.20529493729679518,0.20436600092893636,0.3752902926149559
0.21089063221042917,0.21089063221042917,0.20073834794646978,0.3774803876326719
0.2157676348547718,0.20885200553250347,0.2074688796680498,0.367911479944675
0.2100879222582138,0.21656640444238778,0.2091624248033318,0.36418324849606665
0.21697247706422018,0.21467889908256882,0.20229357798165137,0.3660550458715596
0.22600186393289842,0.22367194780987884,0.1966449207828518,0.3536812674743709
0.22999080036798528,0.22217111315547378,0.19457221711131556,0.3532658693652254
0.22935779816513763,0.22155963302752293,0.19357798165137616,0.3555045871559633
0.21823204419889503,0.21823204419889503,0.2067219152854512,0.35681399631675875
0.22051996285979572,0.2168059424326834,0.20566388115134634,0.35701021355617457
0.21301775147928995,0.21574874829312699,0.21256258534365044,0.35867091488393266
0.21954608615099583,0.2172301991662807,0.21167207040296435,0.35155164427975916
0.21086556169429096,0.21685082872928177,0.22605893186003684,0.3462246777163904
0.21203703703703702,0.22268518518518518,0.21481481481481482,0.350462962962963
0.21905200184077311,0.21445006902899216,0.21583064887252645,0.3506672802577082
0.2139917695473251,0.21993598536808415,0.21079103795153178,0.355281207133059
0.20983158852981337,0.22075557578516158,0.21483841602184797,0.35457441966317704
0.21811460258780038,0.2222735674676525,0.20702402957486138,0.3525878003696858
0.21954608615099583,0.221861973135711,0.20518758684576194,0.3534043538675313
0.22186495176848875,0.21451538814882867,0.21221864951768488,0.35140101056499773
0.21228794131132508,0.21274644658413572,0.21962402567629527,0.3553415864282439
0.21849126034958602,0.20837166513339467,0.20745170193192272,0.3656853725850966
0.2131747483989021,0.2040256175663312,0.21637694419030193,0.3664226898444648
0.21379625399725902,0.2046596619460941,0.22110552763819097,0.3604385564184559
0.22899353647276086,0.19990766389658357,0.2059095106186519,0.3651892890120037
0.23228166438042983,0.19661636945587563,0.20484682213077274,0.3662551440329218
0.2301991662806855,0.1954608615099583,0.2107457156090783,0.3635942566002779
0.2334862385321101,0.20504587155963303,0.21055045871559633,0.35091743119266056
0.22685609532538956,0.19615032080659944,0.21219065077910174,0.36480293308890926
0.227293683725219,0.19732595666205624,0.2111572153065929,0.36422314430613184
0.23524027459954233,0.19633867276887873,0.2091533180778032,0.35926773455377575
0.2342260553790286,0.19745801180208805,0.21425329096686338,0.35406264185201997
0.23122984799631507,0.20727775218793182,0.21464762782128052,0.3468447719944726
0.2350524874486536,0.20994979461433136,0.2113190324052944,0.34367868553172065
0.2329782306623437,0.20518758684576194,0.2125984251968504,0.349235757295044
0.2271889400921659,0.20460829493087557,0.22027649769585253,0.347926267281106
0.22752293577981653,0.20596330275229358,0.21376146788990827,0.35275229357798166
0.2239010989010989,0.20192307692307693,0.21978021978021978,0.3543956043956044
0.23696248856358645,0.18938700823421775,0.2140896614821592,0.3595608417200366
0.2342177493138152,0.19762122598353157,0.2200365965233303,0.348124428179323
0.235239852398524,0.18911439114391143,0.22416974169741696,0.3514760147601476
0.23237835379718053,0.20236471123237834,0.21646202819463392,0.3487949067758072
0.2281508739650414,0.20699172033118676,0.21619135234590617,0.3486660533578657
0.23073394495412844,0.20688073394495413,0.20871559633027523,0.3536697247706422
0.23204419889502761,0.20211786372007368,0.20810313075506445,0.35773480662983426
0.2335933914639743,0.20376319412574576,0.21844882973841212,0.3441945846718678
0.23488372093023255,0.20046511627906977,0.21395348837209302,0.35069767441860467
0.22484932777005098,0.2076958738989337,0.21186833565136765,0.35558646267964766
0.22335495829471733,0.20389249304911955,0.2099165894346617,0.3628359592215014
0.21755027422303475,0.20521023765996343,0.20521023765996343,0.3720292504570384
0.2136986301369863,0.20639269406392693,0.19680365296803654,0.38310502283105025
0.21530004580852038,0.19926706367384334,0.20201557489693084,0.38341731562070547
0.21451538814882867,0.18879191548001836,0.21864951768488747,0.3780431786862655
0.2222222222222222,0.1908713692946058,0.2074688796680498,0.37943752881512216
0.22366589327146172,0.18793503480278423,0.20417633410672853,0.3842227378190255
0.22344322344322345,0.1955128205128205,0.20924908424908426,0.3717948717948718
0.22114942528735632,0.1967816091954023,0.21057471264367816,0.3714942528735632
0.22861085556577737,0.18491260349586017,0.20423183072677092,0.3822447102115915
0.22161917684305743,0.19041157847127996,0.1931252826775215,0.3948439620081411
0.22573260073260074,0.19230769230769232,0.19184981684981686,0.3901098901098901
0.23062815222375058,0.19348922512608896,0.1893626776707932,0.38651994497936726
0.2238736646539712,0.19414770088248956,0.19786344635392475,0.3841151881096145
0.22549470777726646,0.19880349746893694,0.20156465715600552,0.37413713759779105
0.22721026110856618,0.19147961520842877,0.20888685295464957,0.37242327072835546
0.23376029277218663,0.20219579139981703,0.19533394327538883,0.3687099725526075
0.2395016151361329,0.2025842178126442,0.1970466082141209,0.360867558837102
0.23988970588235295,0.18887867647058823,0.203125,0.3681066176470588
0.24567000911577028,0.182771194165907,0.19553327256153144,0.37602552415679125
0.24260355029585798,0.17478379608557124,0.19663177059626763,0.38598088302230316
0.2431807674526121,0.1659731853906611,0.19926028663892742,0.39158576051779936
0.2330410706045224,0.1762805722196585,0.20166128287955698,0.3890170742962621
0.23204419889502761,0.17081031307550645,0.19567219152854512,0.4014732965009208
0.22063565177337632,0.1764163979732842,0.20405343159834177,0.3988945186549977
0.22802960222016652,0.17622571692876965,0.20952821461609622,0.38621646623496764
0.23016964695093994,0.18615314076111875,0.2040348464007336,0.3796423658872077
0.23387470997679816,0.18236658932714617,0.20649651972157773,0.37726218097447795
0.237419945105215,0.19716376944190303,0.20539798719121682,0.36001829826166515
0.22797202797202798,0.19347319347319347,0.20652680652680652,0.37202797202797205
0.2283464566929134,0.19731357109773043,0.20704029643353405,0.3672996757758221
0.23084025854108955,0.19759926131117267,0.20452446906740535,0.3670360110803324
0.2361878453038674,0.1919889502762431,0.20119705340699817,0.37062615101289137
0.24420190995907232,0.1959981809913597,0.20009095043201455,0.3597089586175534
0.23884758364312267,0.1970260223048327,0.2100371747211896,0.354089219330855
0.232387923147301,0.2081427264409881,0.21683440073193047,0.3426349496797804
0.23264367816091955,0.20413793103448277,0.22160919540229884,0.34160919540229884
0.22916666666666666,0.2056159420289855,0.223731884057971,0.34148550724637683
0.22995391705069124,0.2,0.23456221198156682,0.33548387096774196
0.22201665124884365,0.20767807585568918,0.2294172062904718,0.3408880666049954
0.21681212677997244,0.20119430408819478,0.2356453835553514,0.3463481855764814
0.20894833948339483,0.2047970479704797,0.22739852398523985,0.35885608856088563
0.209120221096269,0.21510824504836482,0.21971441731920774,0.35605711653615846
0.2190829087540528,0.21815655396016675,0.21630384437239464,0.3464566929133858
0.2223242994947175,0.21175930179145613,0.2264584290307763,0.3394579696830501
0.21458237194277804,0.21227503461006,0.21688970927549608,0.3562528841716659
0.2082560296846011,0.21382189239332097,0.212430426716141,0.3654916512059369
0.2143187066974596,0.2143187066974596,0.2069284064665127,0.36443418013856815
0.2246675836772123,0.2040348464007336,0.2003668042182485,0.3709307657038056
0.23183072677092917,0.20423183072677092,0.1844526218951242,0.3794848206071757
0.2411282984531392,0.2024567788898999,0.18198362147406733,0.37443130118289353
0.23848987108655617,0.19659300184162062,0.18554327808471455,0.37937384898710863
0.2390310786106033,0.2042961608775137,0.17595978062157222,0.3807129798903108
0.24759284731774414,0.19761577258138469,0.17835855112333793,0.3764328289775332
0.25308924485125855,0.1853546910755149,0.1757437070938215,0.385812356979405
0.24064665127020785,0.19122401847575057,0.17505773672055427,0.3930715935334873
0.238073182028717,0.19268179712830014,0.17554423344140807,0.3937007874015748
0.23518603582912265,0.18925126320624713,0.17960496095544326,0.39595774000918693
0.23767848917549517,0.1893136803316444,0.17825886688162138,0.39474896361123907
0.23756906077348067,0.18922651933701656,0.17265193370165746,0.4005524861878453
0.24211968935587025,0.1845591594335313,0.16719963453631795,0.4061215166742805
0.22764598540145986,0.1865875912408759,0.17746350364963503,0.4083029197080292
0.22986425339366515,0.18823529411764706,0.18235294117647058,0.3995475113122172
0.2394627142195461,0.18017600741083836,0.1727651690597499,0.4075961093098657
0.23575367647058823,0.17876838235294118,0.18520220588235295,0.40027573529411764
0.2401826484018265,0.17853881278538813,0.17990867579908676,0.40136986301369865
0.23901098901098902,0.17857142857142858,0.17353479853479853,0.4088827838827839
0.2395785616124599,0.17453046266605587,0.1717819514429684,0.4141090242785158
0.24188385916780977,0.18198445358939186,0.17101051668952905,0.4051211705532693
0.24931880108991825,0.18301544050862853,0.16802906448683017,0.3996366939146231
0.2532850022655188,0.18803806071590395,0.16900770276393295,0.38966923425464434
0.25622119815668204,0.18341013824884791,0.171889400921659,0.3884792626728111
0.2529411764705882,0.17601809954751133,0.17692307692307693,0.3941176470588235
0.24795268425841674,0.18607825295723385,0.18334849863512284,0.38262056414922657
0.23969188944268238,0.1925690983235161,0.1930222020842773,0.37471681014952424
0.24596959926301243,0.18562874251497005,0.1893136803316444,0.3790879778903731
0.2557718424626528,0.19284744228157538,0.18741511996378452,0.3639655952919873
0.2627235213204952,0.1829436038514443,0.18523613021549748,0.36909674461256303
0.25712971481140756,0.19043238270469182,0.18813247470101196,0.36430542778288866
0.2521310004486317,0.1911170928667564,0.19291161956034095,0.36384028712427097
0.2577132486388385,0.1882940108892922,0.1823956442831216,0.37159709618874776
0.2601551802829758,0.18439068918302146,0.19443176631675035,0.3610223642172524
0.2566943674976916,0.19205909510618652,0.19113573407202217,0.3601108033240997
0.2444954128440367,0.19587155963302752,0.19678899082568807,0.3628440366972477
0.25528978840846367,0.19779208831646733,0.19089236430542778,0.3560257589696412
0.25127491886879927,0.2076958738989337,0.19610570236439498,0.34492350486787204
0.25149700598802394,0.20128972823583602,0.2017503454629203,0.34546292031321973
0.25114364135407136,0.20173833485818848,0.19670631290027446,0.3504117108874657
0.25944700460829495,0.2023041474654378,0.19308755760368665,0.34516129032258064
0.2628440366972477,0.19678899082568807,0.20550458715596331,0.3348623853211009
0.2590059279525764,0.20611035111719106,0.20884632922936616,0.3260373917008664
0.26162260711030083,0.19416590701914313,0.21011850501367366,0.3340929808568824
0.27180899908172634,0.19467401285583102,0.19329660238751148,0.3402203856749311
0.2733118971061093,0.18925126320624713,0.19476343592099218,0.34267340376665134
0.26868408986703346,0.18707015130674004,0.20128381476386978,0.3429619440623567
0.26979742173112337,0.18278084714548803,0.20441988950276244,0.34300184162062614
0.2677494199535963,0.18190255220417634,0.20835266821345708,0.3419953596287703
0.25559105431309903,0.18667275216795984,0.21223185759926974,0.3455043359196714
0.24862132352941177,0.1796875,0.21737132352941177,0.35431985294117646
0.24208566108007448,0.19227188081936686,0.21135940409683426,0.3542830540037244
0.24784384929641398,0.19473445301861098,0.20608261461643212,0.3513390830685429
0.24183908045977012,0.19264367816091954,0.20597701149425288,0.35954022988505746
0.230980751604033,0.19523373052245646,0.21127406049495875,0.3625114573785518
0.22413793103448276,0.20503261882572227,0.21854613233923578,0.35228331780055916
0.2086230876216968,0.2067686601761706,0.22253129346314326,0.3620769587389893
0.2116889093419236,0.20478601012425218,0.22457432121491025,0.35895075931891396
0.21954608615099583,0.2047244094488189,0.22649374710514128,0.349235757295044
0.21962402567629527,0.20586886749197617,0.22558459422283356,0.348922512608895
0.22370234267340378,0.20670647680293983,0.22416169039963252,0.3454294901240239
0.22567382366377342,0.21014161717679306,0.21927820922795796,0.34490634993147556
0.22930232558139535,0.21209302325581394,0.22604651162790698,0.3325581395348837
0.23664825046040516,0.20119705340699817,0.22421731123388583,0.3379373848987109
0.24114127933732168,0.19926369075011505,0.22273354809019788,0.3368614818223654
0.2326007326007326,0.20695970695970695,0.2174908424908425,0.34294871794871795
0.22693726937269373,0.20064575645756458,0.2246309963099631,0.3477859778597786
0.22894369474174034,0.20195439739413681,0.22289436947417404,0.34620753838994883
0.22561257512713823,0.20573277854831254,0.22515025427646787,0.34350439204808136
0.22465116279069766,0.19953488372093023,0.2330232558139535,0.3427906976744186
0.23248259860788864,0.1986078886310905,0.22784222737819027,0.34106728538283065
0.2402745995423341,0.19359267734553776,0.2242562929061785,0.34187643020594966
0.23807339449541284,0.18944954128440367,0.22155963302752293,0.35091743119266056
0.23987108655616943,0.18738489871086556,0.21823204419889503,0.35451197053406996
0.23137074517019318,0.1936522539098436,0.21941122355105797,0.35556577736890527
0.23521256931608134,0.18391866913123844,0.21395563770794823,0.36691312384473196
0.24418073938840712,0.18347786398904609,0.20356001825650388,0.3687813783660429
0.233623453962437,0.18140174072377463,0.20522217132386625,0.37975263398992215
0.23820430600091616,0.1690334402198809,0.21484196060467248,0.37792029317453046
0.2418452935694315,0.16635601118359739,0.2190121155638397,0.3727865796831314
0.2327823691460055,0.17355371900826447,0.2162534435261708,0.3774104683195592
0.23431734317343172,0.17942804428044282,0.2154059040590406,0.37084870848708484
0.23875114784205692,0.18089990817263543,0.20752984389348025,0.37281910009182734
0.2387717690192484,0.18194317140238314,0.21769019248395968,0.3615948670944088
0.2283210332103321,0.17850553505535055,0.22047970479704798,0.3726937269372694
0.22888786340562992,0.17443470235348407,0.22611905860636825,0.37055837563451777
0.23728029602220166,0.1799259944495837,0.22201665124884365,0.36077705827937095
0.24246575342465754,0.17945205479452056,0.22054794520547946,0.35753424657534244
0.2401826484018265,0.18356164383561643,0.21324200913242009,0.363013698630137
0.24421243758511121,0.18429414434861552,0.20562868815251928,0.36586472991375396
0.23850705507510242,0.18252162039144287,0.21165225307237143,0.3673190714610833
0.23112552107457157,0.19082908754052802,0.20889300602130617,0.36915238536359424
0.22996357012750454,0.19672131147540983,0.20309653916211293,0.3702185792349727
0.23221661312528682,0.2065167508031207,0.200550711335475,0.36071592473611747
0.23755656108597284,0.20497737556561085,0.20678733031674207,0.3506787330316742
0.23790140208050656,0.20578923563998192,0.2094075079149706,0.3469018543645409
0.24366651312759097,0.20451404882542606,0.20635651773376323,0.34546292031321973
0.23981481481481481,0.20324074074074075,0.21435185185185185,0.3425925925925926
0.2335632183908046,0.2096551724137931,0.21057471264367816,0.34620689655172415
0.23684210526315788,0.20406278855032317,0.2082179132040628,0.3508771929824561
0.23507972665148064,0.20273348519362186,0.20956719817767655,0.352619589977221
0.23266635644485809,0.20241973010702652,0.2187063750581666,0.34620753838994883
0.2317241379310345,0.19954022988505746,0.2193103448275862,0.34942528735632183
0.2418689876316995,0.19193770041227667,0.21667430142006414,0.3495190105359597
0.24199451052150045,0.19167429094236046,0.2140896614821592,0.35224153705397987
0.23024211968935587,0.20374600274097762,0.22521699406121518,0.34079488350845133
0.2377237264800367,0.19871500688389168,0.22166131252868287,0.3418999541073887
0.24128440366972478,0.19770642201834862,0.21605504587155963,0.344954128440367
0.23846863468634685,0.2029520295202952,0.2190959409594096,0.33948339483394835
0.22868927589367552,0.20073327222731438,0.21723189734188816,0.3533455545371219
0.2358058608058608,0.19413919413919414,0.2129120879120879,0.35714285714285715
0.23712296983758702,0.18747099767981437,0.2111368909512761,0.3642691415313225
0.24588665447897623,0.1905850091407678,0.20338208409506398,0.360146252285192
0.23957367933271548,0.19230769230769232,0.1978683966635774,0.37025023169601484
0.24341801385681294,0.19630484988452657,0.2046189376443418,0.3556581986143187
0.2480296708391284,0.1970329160871581,0.1923968474733426,0.3625405656003709
0.24540441176470587,0.19852941176470587,0.19163602941176472,0.36443014705882354
0.24628942486085342,0.18460111317254174,0.20686456400742115,0.3622448979591837
0.24735632183908046,0.1774712643678161,0.2064367816091954,0.36873563218390804
0.2538883806038426,0.18344007319304667,0.19762122598353157,0.3650503202195791
0.24161378059836808,0.19401631912964643,0.19809610154125112,0.36627379873073435
0.23505059797608097,0.19641214351425942,0.20883164673413063,0.35970561177552896
0.23874488403819918,0.19508867667121418,0.20009095043201455,0.36607548885857205
0.24007302601551803,0.1953445915107257,0.20629849383842994,0.35828388863532634
0.23526682134570764,0.19953596287703015,0.19675174013921112,0.368445475638051
0.235836020267158,0.1962229387379088,0.19806540764624597,0.3698756333486872
0.23115808823529413,0.19852941176470587,0.20726102941176472,0.3630514705882353
0.233623453962437,0.20247366010077875,0.20201557489693084,0.3618873110398534
0.24278515803939532,0.20659642693541,0.19560238204306002,0.3550160329821347
0.2475795297372061,0.21300138312586445,0.18948824343015214,0.3499308437067773
0.24326833797585887,0.2084493964716806,0.1977715877437326,0.35051067780872797
0.24189063948100092,0.20435588507877664,0.20250231696014828,0.35125115848007415
0.24260628465804066,0.21626617375231053,0.19269870609981515,0.34842883548983367
0.23844393592677346,0.2137299771167048,0.19588100686498855,0.3519450800915332
0.24375578168362627,0.2150786308973173,0.19010175763182238,0.35106382978723405
0.2408691631992603,0.21220527045769763,0.1955617198335645,0.35136384650947755
0.2425080682342093,0.21346242508068233,0.1908713692946058,0.35315813739050256
0.24193548387096775,0.20829493087557605,0.19953917050691244,0.35023041474654376
0.235239852398524,0.20249077490774908,0.2080258302583026,0.35424354243542433
0.24177330895795246,0.2042961608775137,0.20840950639853748,0.34552102376599636
0.246189376443418,0.1976905311778291,0.20739030023094687,0.34872979214780603
0.24941941477008825,0.20250812819321876,0.20761727821644219,0.34045517882025084
0.24507558405863492,0.19560238204306002,0.2098030233623454,0.3495190105359597
0.24467099165894346,0.18535681186283595,0.21779425393883226,0.35217794253938833
0.23513513513513515,0.18828828828828828,0.22342342342342342,0.35315315315315315
0.23789764868603042,0.18994928538497002,0.21991701244813278,0.3522360534808668
0.24051803885291398,0.19287696577243293,0.21369102682701202,0.35291396854764107
0.22624014835419565,0.20352341214649977,0.2192860454334724,0.35095039406583217
0.23217550274223034,0.20383912248628885,0.20886654478976233,0.35511882998171845
0.23941738734638143,0.20118343195266272,0.21028675466545288,0.34911242603550297
0.2463302752293578,0.19357798165137616,0.20917431192660552,0.35091743119266056
0.24,0.2,0.20372093023255813,0.35627906976744184
0.2461044912923923,0.19798350137488543,0.2002749770852429,0.3556370302474794
0.2552415679124886,0.19553327256153144,0.19963536918869645,0.3495897903372835
0.2545955882352941,0.19806985294117646,0.19852941176470587,0.34880514705882354
0.25364963503649635,0.20666058394160583,0.20027372262773724,0.33941605839416056
0.2691597414589104,0.19990766389658357,0.18790397045244692,0.3430286241920591
0.2722704431247145,0.19597989949748743,0.18547281863864779,0.34627683873915027
0.2659671532846715,0.20483576642335766,0.1852189781021898,0.34397810218978103
0.2688123300090662,0.20036264732547598,0.19401631912964643,0.33680870353581144
0.2568933823529412,0.20680147058823528,0.1948529411764706,0.3414522058823529
0.24771062271062272,0.2097069597069597,0.19047619047619047,0.35210622710622713
0.25011473152822394,0.20330426801284993,0.1991739329967875,0.3474070674621386
0.24862132352941177,0.20036764705882354,0.19898897058823528,0.35202205882352944
0.24492619926199263,0.19418819188191883,0.20525830258302583,0.3556273062730627
0.24549237170596394,0.1941747572815534,0.207582061950994,0.35275080906148865
0.23597056117755288,0.1936522539098436,0.21849126034958602,0.3518859245630175
0.2339640055376096,0.1915089986155976,0.21965851407475773,0.35486848177203506
0.2236842105263158,0.19464609800362975,0.2250453720508167,0.3566243194192377
0.22054794520547946,0.191324200913242,0.2228310502283105,0.365296803652968
0.21517241379310345,0.1889655172413793,0.21701149425287355,0.37885057471264366
0.21398987574781408,0.1859180855959503,0.2116889093419236,0.38840312931431203
0.2154059040590406,0.18357933579335795,0.21494464944649447,0.386070110701107
0.2170291531698288,0.1827857473391948,0.20823692734844979,0.3919481721425266
0.2172093023255814,0.19488372093023257,0.20418604651162792,0.38372093023255816
0.2172093023255814,0.2027906976744186,0.19674418604651162,0.38325581395348834
0.21332091290172334,0.21238938053097345,0.18863530507685142,0.38565440149045177
0.2161290322580645,0.2129032258064516,0.19447004608294932,0.37649769585253456
0.2141552511415525,0.20821917808219179,0.18904109589041096,0.38858447488584474
0.2116788321167883,0.20483576642335766,0.18932481751824817,0.39416058394160586
0.21084337349397592,0.19416126042632068,0.20250231696014828,0.3924930491195551
0.2091116173120729,0.19225512528473804,0.2041002277904328,0.39453302961275627
0.2128644146228598,0.1975937066173068,0.1906524757056918,0.3988894030541416
0.2042124542124542,0.20375457875457875,0.19413919413919414,0.39789377289377287
0.20827648931332424,0.19918144611186903,0.18326512050932242,0.4092769440654843
0.22568807339449543,0.19908256880733946,0.1761467889908257,0.39908256880733944
0.22055479763528876,0.19508867667121418,0.17598908594815826,0.4083674397453388
0.22620689655172413,0.19264367816091954,0.1793103448275862,0.4018390804597701
0.22756410256410256,0.18177655677655677,0.19230769230769232,0.3983516483516483
0.22026022304832713,0.18819702602230484,0.1928438661710037,0.3986988847583643
0.21979553903345725,0.18355018587360594,0.19842007434944237,0.3982342007434944
0.22833562585969738,0.1856946354883081,0.19944979367262725,0.38651994497936726
