C,D,Oc,Od
0.0,1.0,0.0,0.0
0.0,0.6666666666666666,0.0,0.3333333333333333
0.0,0.3333333333333333,0.0,0.6666666666666666
0.25,0.25,0.0,0.5
0.0,0.2857142857142857,0.2857142857142857,0.42857142857142855
0.14285714285714285,0.2857142857142857,0.21428571428571427,0.35714285714285715
0.1,0.25,0.3,0.35
0.07692307692307693,0.2692307692307692,0.3076923076923077,0.34615384615384615
0.13513513513513514,0.21621621621621623,0.2972972972972973,0.35135135135135137
0.06818181818181818,0.22727272727272727,0.36363636363636365,0.3409090909090909
0.08771929824561403,0.22807017543859648,0.3157894736842105,0.3684210526315789
0.08974358974358974,0.2564102564102564,0.28205128205128205,0.3717948717948718
0.10714285714285714,0.26785714285714285,0.2767857142857143,0.3482142857142857
0.08888888888888889,0.26666666666666666,0.31851851851851853,0.32592592592592595
0.09202453987730061,0.26380368098159507,0.3067484662576687,0.3374233128834356
0.10101010101010101,0.2676767676767677,0.32323232323232326,0.30808080808080807
0.09795918367346938,0.24897959183673468,0.3346938775510204,0.3183673469387755
0.1048951048951049,0.25524475524475526,0.33916083916083917,0.3006993006993007
0.1111111111111111,0.25225225225225223,0.34534534534534533,0.2912912912912913
0.10714285714285714,0.2627551020408163,0.3520408163265306,0.2780612244897959
0.10652173913043478,0.26521739130434785,0.3521739130434783,0.27608695652173915
0.12290502793296089,0.260707635009311,0.34823091247672255,0.2681564245810056
0.1264,0.256,0.336,0.2816
0.1393103448275862,0.2482758620689655,0.33241379310344826,0.28
0.14423076923076922,0.24519230769230768,0.3245192307692308,0.2860576923076923
0.14721919302071973,0.23555070883315157,0.33151581243184297,0.2857142857142857
0.15593561368209255,0.22736418511066397,0.32796780684104626,0.2887323943661972
0.15185185185185185,0.22962962962962963,0.32407407407407407,0.29444444444444445
0.15204678362573099,0.2322472848788638,0.3241436925647452,0.29156223893065997
0.15978593272171254,0.22400611620795108,0.32339449541284404,0.29281345565749234
0.16933797909407666,0.22229965156794426,0.32752613240418116,0.2808362369337979
0.16490066225165562,0.2185430463576159,0.33973509933774837,0.2768211920529801
0.16841455891425047,0.22331893892658852,0.3220234423195558,0.2862430598396052
0.17012448132780084,0.22406639004149378,0.3135743924125667,0.2922347362181387
0.18141346688925988,0.22927100723427934,0.3127434613244296,0.27657206455203115
0.18803418803418803,0.22382478632478633,0.30982905982905984,0.2783119658119658
0.19032921810699588,0.22376543209876543,0.30401234567901236,0.28189300411522633
0.19920119820269597,0.22865701447828257,0.2950574138791812,0.2770843734398402
0.1997055937193327,0.2325809617271835,0.29538763493621195,0.2723258096172718
0.20365033621517772,0.228626320845341,0.2973102785782901,0.27041306436119117
0.2010357815442561,0.23681732580037665,0.2961393596986817,0.2660075329566855
0.20380047505938242,0.23705463182897862,0.29643705463182896,0.26270783847981
0.2036697247706422,0.23211009174311928,0.29908256880733947,0.26513761467889907
0.19716376944190303,0.242451967063129,0.29551692589204026,0.26486733760292774
0.19936708860759494,0.24050632911392406,0.2938517179023508,0.2662748643761302
0.2032447048219919,0.24785939612438035,0.2807570977917981,0.26813880126182965
0.20468890892696123,0.2551848512173129,0.2763751127141569,0.263751127141569
0.20528910802330794,0.25549081129538326,0.2738682205289108,0.26535186015239803
0.2068345323741007,0.2526978417266187,0.27697841726618705,0.26348920863309355
0.20414601171698962,0.25101397025687244,0.270392068499324,0.2744479495268139
0.20559062218214608,0.2556357078449053,0.26149684400360684,0.2772768259693417
0.2068654019873532,0.2565492321589883,0.26332429990966577,0.2732610659439928
0.2034280559314389,0.25620207487595853,0.2620658547586829,0.2783040144339197
0.21158129175946547,0.25300668151447664,0.2592427616926503,0.27616926503340755
0.21054984354045597,0.25659365221278496,0.2556995976754582,0.2771569065713009
0.21502011622708986,0.2561466249441216,0.2507822977201609,0.27805096110862765
0.215695067264574,0.25426008968609864,0.24932735426008967,0.2807174887892377
0.21692169216921692,0.2524752475247525,0.24707470747074708,0.28352835283528355
0.21680216802168023,0.2506775067750677,0.25112917795844625,0.2813911472448058
0.22416891284815813,0.24303683737646,0.24977538185085355,0.2830188679245283
0.22725235320484088,0.24831913939937247,0.2478709099058718,0.2765575974899148
0.22560429722470904,0.2484333034914951,0.25246195165622204,0.27350044762757386
0.22807017543859648,0.24336482231219073,0.24786324786324787,0.2807017543859649
0.2292418772563177,0.24593862815884476,0.2486462093862816,0.27617328519855594
0.22898032200357782,0.24910554561717352,0.24463327370304114,0.2772808586762075
0.23822341857335128,0.24764468371467024,0.24270973530731269,0.27142216240466577
0.238585496866607,0.24709042076991944,0.2403760071620412,0.2739480752014324
0.2396804260985353,0.2467820683533067,0.24056813138038172,0.2729693741677763
0.2355595667870036,0.24142599277978338,0.24458483754512636,0.27842960288808666
0.23346828609986506,0.249212775528565,0.242914979757085,0.2744039586144849
0.24141048824593128,0.24547920433996384,0.23553345388788427,0.27757685352622063
0.2408563782337199,0.24977698483496877,0.2328278322925959,0.27653880463871544
0.23847874720357942,0.25548098434004474,0.23400447427293064,0.2720357941834452
0.23458980044345898,0.25543237250554324,0.23059866962305986,0.2793791574279379
0.23366159355416294,0.25380483437779766,0.23097582811101164,0.28155774395702776
0.23537293434569004,0.26127735596248325,0.22778025904421617,0.2755694506476105
0.2409090909090909,0.2545454545454545,0.2240909090909091,0.28045454545454546
0.23982102908277406,0.2532438478747204,0.22281879194630871,0.2841163310961969
0.2416891284815813,0.2556154537286613,0.22147349505840072,0.2812219227313567
0.23529411764705882,0.2622361921867984,0.21643466546924114,0.2860350246969017
0.23066666666666666,0.25866666666666666,0.2262222222222222,0.28444444444444444
0.2277580071174377,0.25622775800711745,0.23176156583629892,0.2842526690391459
0.22639821029082774,0.2532438478747204,0.23445190156599552,0.2859060402684564
0.22831460674157303,0.25258426966292136,0.22966292134831462,0.289438202247191
0.22506619593998234,0.25198587819947044,0.22727272727272727,0.29567519858781993
0.22966292134831462,0.24674157303370786,0.230561797752809,0.2930337078651685
0.23038995965934558,0.24652622142536978,0.22635589421783953,0.2967279246974451
0.231935771632471,0.2488849241748439,0.22658340767172166,0.2925958965209634
0.22951541850220264,0.25198237885462554,0.226431718061674,0.2920704845814978
0.22772277227722773,0.252025202520252,0.22907290729072907,0.2911791179117912
0.2249888839484215,0.25077812361049356,0.22987994664295242,0.2943530457981325
0.2222222222222222,0.2511111111111111,0.23333333333333334,0.29333333333333333
0.22661870503597123,0.25539568345323743,0.2297661870503597,0.28821942446043164
0.23076923076923078,0.2562611806797853,0.2240608228980322,0.2889087656529517
0.22589285714285715,0.2642857142857143,0.22589285714285715,0.2839285714285714
0.2288021534320323,0.26558995065051594,0.2243158366980709,0.2812920592193809
0.22717049032838507,0.26045883940620784,0.2249212775528565,0.2874493927125506
0.23035473731477324,0.2662775033677593,0.21823080377189044,0.285136955545577
0.2364376130198915,0.2635623869801085,0.21654611211573238,0.2834538878842676
0.24300310972900932,0.2558862727676588,0.22167925366503777,0.2794313638382941
0.23753929052537046,0.2608890884598114,0.2159856308935788,0.2855859901212393
0.24048365427675772,0.25839677563815494,0.21316614420062696,0.2879534258844604
0.23888639425235744,0.26717557251908397,0.20431073192635832,0.28962730130220027
0.2350312779267203,0.26943699731903487,0.2064343163538874,0.28909740840035747
0.2358490566037736,0.2619047619047619,0.21114106019766396,0.29110512129380056
0.23623445825932504,0.2655417406749556,0.21092362344582594,0.2873001776198934
0.2322317790855591,0.2666364870982345,0.20778632865550023,0.29334540516070623
0.23645320197044334,0.2691446484549933,0.20241827138378862,0.29198387819077476
0.23754448398576514,0.2744661921708185,0.20240213523131673,0.28558718861209964
0.2314234556848702,0.27260519247985676,0.20769919427036707,0.288272157564906
0.2289426523297491,0.2701612903225806,0.20743727598566308,0.29345878136200715
0.2232620320855615,0.27718360071301246,0.20632798573975045,0.29322638146167557
0.2267260579064588,0.27438752783964365,0.20979955456570157,0.289086859688196
0.22876404494382022,0.27370786516853934,0.2139325842696629,0.28359550561797753
0.22700762673844774,0.2687303723642889,0.22117541498429788,0.2830865859129655
0.2250559284116331,0.27114093959731544,0.22013422818791947,0.283668903803132
0.22666666666666666,0.2702222222222222,0.21866666666666668,0.28444444444444444
0.22493345164152617,0.26929902395740907,0.2191659272404614,0.28660159716060335
0.23247559893522626,0.26486246672582076,0.225377107364685,0.277284826974268
0.23293172690763053,0.2677376171352075,0.22266845158411425,0.2766622043730477
0.22641509433962265,0.2646001796945193,0.22911051212938005,0.279874213836478
0.22806236080178174,0.26458797327394207,0.22271714922049,0.2846325167037862
0.23042901371074745,0.26094648385670055,0.22821760283060594,0.28040689960194604
0.23969188944268238,0.2560036248300861,0.2279111916628908,0.2763932940643407
0.23796671165092217,0.26180836707152494,0.21907332433648224,0.2811515969410706
0.23709025594970812,0.2577458464301751,0.22317018410417602,0.2819937135159407
0.23495058400718777,0.2601078167115903,0.22686433063791556,0.2780772686433064
0.2407079646017699,0.2628318584070796,0.21814159292035398,0.27831858407079646
0.23443060498220641,0.26912811387900354,0.21619217081850534,0.2802491103202847
0.23824451410658307,0.2597402597402597,0.2180922525750112,0.283922973578146
0.2392086330935252,0.2607913669064748,0.21223021582733814,0.28776978417266186
0.2397844634036821,0.2608890884598114,0.21014818140996858,0.28917826672653796
0.2445239159588735,0.2556995976754582,0.2168082253017434,0.2829682610639249
0.2448706512042819,0.260035682426405,0.21320249776984834,0.2818911685994648
0.24441465594280606,0.25960679177837354,0.209562109025916,0.2864164432529044
0.23803191489361702,0.2637411347517731,0.21187943262411346,0.28634751773049644
0.23495318769505127,0.2585822559072671,0.2139991083370486,0.29246544806063307
0.23609226594301222,0.2596110357304387,0.21121664405246496,0.2930800542740841
0.239404869251578,0.263751127141569,0.20829576194770064,0.2885482416591524
0.24394618834080717,0.2502242152466368,0.215695067264574,0.29013452914798205
0.24763619990995048,0.2494371904547501,0.2134173795587573,0.2895092300765421
0.2402510085163604,0.2460779919318691,0.21783953384132676,0.2958314657104437
0.23738738738738738,0.25045045045045045,0.21576576576576575,0.2963963963963964
0.2428443649373882,0.2562611806797853,0.20796064400715564,0.29293381037567084
0.2322695035460993,0.25886524822695034,0.20700354609929078,0.30186170212765956
0.23293172690763053,0.25792057117358325,0.20928157072735387,0.2998661311914324
0.23371989295272078,0.2582515611061552,0.21008028545941124,0.29794826048171275
0.23333333333333334,0.25955555555555554,0.21466666666666667,0.29244444444444445
0.23483812129502965,0.26310989512083904,0.213406292749658,0.28864569083447333
0.2302158273381295,0.260341726618705,0.21402877697841727,0.2954136690647482
0.23070017953321365,0.2621184919210054,0.21319569120287254,0.29398563734290845
0.22986954565901935,0.26225820962663066,0.2114260008996851,0.2964462438146649
0.22991071428571427,0.26026785714285716,0.2138392857142857,0.29598214285714286
0.2365734576120728,0.25920994229915667,0.21216156236129605,0.2920550377274745
0.236,0.26355555555555554,0.20933333333333334,0.2911111111111111
0.23711340206185566,0.2595248767368893,0.21156432093231733,0.2917974002689377
0.24150268336314848,0.2567084078711986,0.2182468694096601,0.28354203935599287
0.24046140195208518,0.2546583850931677,0.21827861579414373,0.28660159716060335
0.23745519713261648,0.2567204301075269,0.21415770609318996,0.2916666666666667
0.2426702751465945,0.2503382949932341,0.2223725755525485,0.2846188543076229
0.24720107478728168,0.24675324675324675,0.22033139274518584,0.2857142857142857
0.2441860465116279,0.24731663685152058,0.21869409660107333,0.2898032200357782
0.24563758389261744,0.2447427293064877,0.22371364653243847,0.2859060402684564
0.2458943630714603,0.24766977363515313,0.22148246782068354,0.28495339547270304
0.24425416854438936,0.2501126633618747,0.21541234790446148,0.2902208201892745
0.24819494584837545,0.25225631768953066,0.213898916967509,0.28564981949458484
0.24466636404902406,0.2469359963685883,0.2165229232864276,0.29187471629596007
0.24818840579710144,0.24094202898550723,0.21739130434782608,0.29347826086956524
0.25291479820627805,0.23766816143497757,0.21838565022421524,0.29103139013452917
0.25718132854578096,0.23608617594254938,0.21678635547576303,0.28994614003590663
0.2528837622005324,0.2422360248447205,0.2129547471162378,0.2919254658385093
0.2505592841163311,0.24295302013422818,0.21073825503355706,0.29574944071588366
0.25861297539149886,0.24161073825503357,0.21252796420581654,0.287248322147651
0.2639821029082774,0.23982102908277406,0.20939597315436242,0.28680089485458615
0.26485037963376507,0.2393925859758821,0.21170165252344797,0.2840553818669049
0.2623985572587917,0.23715058611361586,0.2164111812443643,0.2840396753832281
0.26589077887197854,0.23008057296329454,0.22202327663384064,0.2820053715308863
0.2638888888888889,0.23207885304659498,0.22087813620071683,0.2831541218637993
0.265715559518502,0.2309407044137316,0.22291573785109228,0.2804279982166741
0.2696929238985314,0.2345349354695149,0.22073876279483756,0.2750333778371162
0.2682489923869234,0.23242274966412899,0.2149574563367667,0.2843708016121809
0.27676588183029766,0.2252332296756997,0.21812527765437584,0.2798756108396268
0.2704626334519573,0.2277580071174377,0.2206405693950178,0.28113879003558717
0.26367713004484306,0.23094170403587444,0.2282511210762332,0.2771300448430493
0.26916221033868093,0.23128342245989306,0.22103386809269163,0.2785204991087344
0.2691104157353599,0.2400536432722396,0.21591417076441663,0.2749217702279839
0.27174402884182064,0.24515547543938712,0.20865254619197837,0.2744479495268139
0.27119396360408343,0.24811362627607633,0.20683533067021748,0.27385707944962273
0.27403414195867026,0.24707996406109614,0.20530098831985624,0.27358490566037735
0.2642857142857143,0.24553571428571427,0.20401785714285714,0.28616071428571427
0.2659192825112108,0.2502242152466368,0.2103139013452915,0.273542600896861
0.2647058823529412,0.24910873440285206,0.21524064171122995,0.2709447415329768
0.2591928251121076,0.24932735426008967,0.22062780269058296,0.27085201793721975
0.26032315978456017,0.24371633752244165,0.2163375224416517,0.2796229802513465
0.2650112866817156,0.23702031602708803,0.2203160270880361,0.27765237020316025
0.26639892904953144,0.23159303882195448,0.2248995983935743,0.27710843373493976
0.2612410071942446,0.23651079136690648,0.23246402877697842,0.2697841726618705
0.2624394539850286,0.23425803610744167,0.23381770145310435,0.26948480845442535
0.26380910296067167,0.23685373398144058,0.23243482103402563,0.26690234202386215
0.2608503100088574,0.2400354295837024,0.2320637732506643,0.26705048715677593
0.25998225377107365,0.24312333629103816,0.23203194321206744,0.26486246672582076
0.25659690627843496,0.2383985441310282,0.23930846223839855,0.2656960873521383
0.26,0.2408888888888889,0.2368888888888889,0.26222222222222225
0.26499552372426144,0.23724261414503134,0.23455684870188004,0.26320501342882724
0.25886524822695034,0.23714539007092197,0.2398049645390071,0.2641843971631206
0.2574477545575811,0.2414406402845709,0.23743886171631837,0.2636727434415296
0.25997310623038994,0.24114746750336172,0.23442402510085164,0.2644554011653967
0.2582244254168544,0.24109959441189724,0.2320865254619198,0.26858945470932855
0.2603287427809862,0.24211461572634385,0.22301199466903598,0.27454464682363394
0.26222222222222225,0.2368888888888889,0.22355555555555556,0.2773333333333333
0.266934046345811,0.23306595365418895,0.22638146167557932,0.2736185383244207
0.26564610535794686,0.23638000900495273,0.22872579918955427,0.26924808644754616
0.26416778224007137,0.24230254350736277,0.21954484605087016,0.2739848282016957
0.26885098743267505,0.236983842010772,0.22127468581687612,0.27289048473967686
0.2748329621380846,0.2329621380846325,0.221826280623608,0.27037861915367484
0.27472035794183447,0.23176733780760628,0.2174496644295302,0.2760626398210291
0.2732974910394265,0.2289426523297491,0.22267025089605735,0.27508960573476704
0.26852267624607096,0.23035473731477324,0.2263134261338123,0.2748091603053435
0.2703423743886172,0.2254335260115607,0.23076923076923078,0.2734548688305914
0.26666666666666666,0.22958057395143489,0.22649006622516557,0.2772626931567329
0.2621184919210054,0.23204667863554757,0.2253141831238779,0.28052064631956913
0.25876993166287016,0.23826879271070614,0.22095671981776766,0.282004555808656
0.25597115817936006,0.24785939612438035,0.21586300135196035,0.28030644434429924
0.25757575757575757,0.25668449197860965,0.21212121212121213,0.2736185383244207
0.25368468066100935,0.2518981688253685,0.21750781598928093,0.27690933452434124
0.25244879786286734,0.2591273374888691,0.21772039180765806,0.27070347284060553
0.25514771709937334,0.25693822739480754,0.2224709042076992,0.26544315129811996
0.26065934065934065,0.2602197802197802,0.21670329670329672,0.2624175824175824
0.2591436217662801,0.252007136485281,0.21989295272078502,0.2689562890276539
0.25962399283795884,0.25604297224709044,0.2153088630259624,0.26902417188898836
0.2564674397859054,0.25512934879571814,0.21721677074041035,0.2711864406779661
0.2617777777777778,0.25244444444444447,0.21688888888888888,0.2688888888888889
0.2579918955425484,0.2624943719045475,0.2134173795587573,0.2660963529941468
0.2621706118803037,0.26172398392139345,0.2090218847699866,0.2670835194283162
0.2622803064443443,0.2618296529968454,0.2082018927444795,0.26768814781433076
0.2627118644067797,0.2627118644067797,0.2087421944692239,0.26583407671721676
0.26181980374665476,0.264049955396967,0.20918822479928637,0.2649420160570919
0.257736516357206,0.25906277630415564,0.21396993810786913,0.2692307692307692
0.2684234033050469,0.2585975882090219,0.20991514068780706,0.2630638677981242
0.2712243074173369,0.25245755138516535,0.20911528150134048,0.26720285969615726
0.26833631484794274,0.2616279069767442,0.20930232558139536,0.2607334525939177
0.2637215528781794,0.2655064703257474,0.21329763498438198,0.2574743418116912
0.263086642599278,0.2739169675090253,0.20803249097472923,0.2549638989169675
0.26970770593445526,0.27059344552701503,0.20504871567759078,0.2546501328609389
0.267260579064588,0.2690423162583519,0.21158129175946547,0.25211581291759466
0.2646264626462646,0.26912691269126915,0.21692169216921692,0.24932493249324933
0.26313446126447015,0.2711487088156723,0.21148708815672307,0.25422974176313445
0.2610619469026549,0.27079646017699116,0.2097345132743363,0.2584070796460177
0.2680320569902048,0.26669634906500445,0.21282279608192342,0.25244879786286734
0.2667560321715818,0.26362823949955316,0.2131367292225201,0.256478999106345
0.25823686553873554,0.26936776491540515,0.20792520035618878,0.26447016918967053
0.2722794446932378,0.264666368114644,0.20555306762203313,0.2575011195700851
0.26518847006651886,0.2660753880266075,0.20709534368070953,0.2616407982261641
0.2707501109631602,0.26808699511762096,0.20328450954283178,0.25787838437638705
0.26127735596248325,0.2715497990174185,0.20678874497543545,0.2603841000446628
0.2599099099099099,0.2716216216216216,0.2063063063063063,0.26216216216216215
0.262572318647085,0.27102803738317754,0.20427236315086783,0.2621272808188696
0.2612410071942446,0.2720323741007194,0.20593525179856115,0.2607913669064748
0.266304347826087,0.266304347826087,0.20606884057971014,0.26132246376811596
0.26155226558995065,0.2718707940780619,0.20457604306864063,0.2620008972633468
0.2670250896057348,0.2764336917562724,0.20743727598566308,0.24910394265232974
0.2695067264573991,0.27219730941704035,0.2094170403587444,0.24887892376681614
0.2707501109631602,0.27119396360408343,0.2103861517976032,0.24766977363515313
0.27074041034790364,0.27252453166815344,0.20740410347903657,0.24933095450490633
0.26622222222222225,0.27644444444444444,0.20577777777777778,0.25155555555555553
0.27236315086782376,0.27636849132176233,0.20427236315086783,0.24699599465954605
0.2731773177317732,0.2745274527452745,0.20882088208820881,0.24347434743474347
0.2757697456492637,0.284694332887104,0.1994645247657296,0.24007139669790273
0.2750447227191413,0.2839892665474061,0.2016994633273703,0.2392665474060823
0.2777276825969342,0.27908025247971147,0.2042380522993688,0.23895401262398558
0.2808280828082808,0.2763276327632763,0.2079207920792079,0.23492349234923493
0.27301302200269423,0.2842388863942524,0.2020655590480467,0.24068253255500674
0.2748878923766816,0.2860986547085202,0.2022421524663677,0.2367713004484305
0.2746858168761221,0.283213644524237,0.20197486535008977,0.24012567324955117
0.2816399286987522,0.2807486631016043,0.20409982174688057,0.23351158645276293
0.28221132411948285,0.27864467231386536,0.2050824788230049,0.23406152474364691
0.27508960573476704,0.27732974910394265,0.20474910394265233,0.24283154121863798
0.27527839643652563,0.2779510022271715,0.2017817371937639,0.24498886414253898
0.26857654431512984,0.2784243509400179,0.20367054610564012,0.2493285586392122
0.2692134831460674,0.2692134831460674,0.2152808988764045,0.24629213483146067
0.2788933511825078,0.26327532351628735,0.2110664881749219,0.24676483712628292
0.2819266460450729,0.26601855943437913,0.208572691117985,0.24348210340256296
0.28169642857142857,0.2629464285714286,0.20491071428571428,0.25044642857142857
0.27976723366159356,0.26454789615040286,0.20053715308863027,0.25514771709937334
0.2808586762075134,0.2558139534883721,0.20483005366726298,0.2584973166368515
0.27647058823529413,0.25565610859728505,0.20271493212669683,0.265158371040724
0.2746321890325457,0.25902808738296923,0.20552831029870708,0.26081141328577795
0.27029438001784123,0.256021409455843,0.2016057091882248,0.272078501338091
0.27547841566533154,0.255896751223854,0.19581664441477525,0.2728081886960392
0.27543314082629944,0.2545535317636606,0.19813416259440247,0.2718791648156375
0.27626285203397405,0.25346446133214123,0.19579794367456416,0.2744747429593205
0.27099911582670205,0.2546419098143236,0.1940760389036251,0.28028293545534927
0.2730528200537153,0.25380483437779766,0.19516562220232767,0.27797672336615936
0.2714669051878354,0.25447227191413235,0.19141323792486584,0.2826475849731664
0.2665466006303467,0.25934263845114813,0.1945069788383611,0.2796037820801441
0.2677935943060498,0.2584519572953737,0.1895017793594306,0.2842526690391459
0.2637900355871886,0.2548932384341637,0.19661921708185054,0.2846975088967972
0.2628981606101391,0.26065500224315835,0.18752803947958727,0.2889187976671153
0.26102449888641427,0.25657015590200444,0.18841870824053453,0.29398663697104677
0.2586439155814998,0.2622361921867984,0.1881454872025146,0.29097440502918726
0.2579918955425484,0.2611436289959478,0.1904547501125619,0.29040972534894194
0.2517921146953405,0.2647849462365591,0.19130824372759855,0.2921146953405018
0.25681107637338096,0.2545779365788298,0.19249665029030819,0.296114336757481
0.25889239081494825,0.2534894191805493,0.19360648356596127,0.2940117064385412
0.2484304932735426,0.25605381165919283,0.19461883408071748,0.3008968609865471
0.2531362007168459,0.25268817204301075,0.1971326164874552,0.2970430107526882
0.25639874270318813,0.24831612034126627,0.19982038616973508,0.2954647507858105
0.25627240143369173,0.24417562724014336,0.20161290322580644,0.2979390681003584
0.2606359158083296,0.24048365427675772,0.2019704433497537,0.296909986565159
0.2609472743521001,0.23458445040214476,0.2037533512064343,0.3007149240393208
0.25662544169611307,0.23409893992932862,0.2045053003533569,0.3047703180212014
0.25828111011638316,0.23813786929274844,0.20008952551477172,0.3034914950760967
0.2579632122027815,0.23867205024674742,0.19650067294751009,0.30686406460296095
0.2588287885561019,0.24362986142154672,0.19937416182387124,0.2981671881984801
0.26083072800357304,0.2393925859758821,0.19919606967396158,0.3005806163465833
0.2553285968028419,0.23934280639431615,0.20115452930728242,0.30417406749555953
0.24966974900924702,0.24438573315719947,0.20343461030383092,0.30250990752972257
0.25044563279857396,0.24554367201426025,0.20098039215686275,0.30303030303030304
0.25122932498882433,0.248547161376844,0.20116227089852481,0.29906124273580686
0.24483378256963162,0.2556154537286613,0.20305480682839172,0.29649595687331537
0.24628545700135074,0.2543899144529491,0.1990094552003602,0.3003151733453399
0.2523447967842787,0.25681107637338096,0.19696292987941044,0.29388119696292986
0.2526785714285714,0.2584821428571429,0.19508928571428572,0.29375
0.25567665758401453,0.26021798365122617,0.1966394187102634,0.28746594005449594
0.25426008968609864,0.2641255605381166,0.19417040358744395,0.2874439461883408
0.2508880994671403,0.2633214920071048,0.19404973357015987,0.291740674955595
0.25,0.2661579892280072,0.19344703770197486,0.29039497307001794
0.24682971014492755,0.26721014492753625,0.19519927536231885,0.2907608695652174
0.24620196604110814,0.26362823949955316,0.19883824843610368,0.291331546023235
0.2492184010719071,0.25770433229120143,0.19740955783832068,0.2956677087985708
0.24324324324324326,0.2627381479840496,0.20203810367744793,0.2919805050952592
0.2453580901856764,0.2595048629531388,0.19982316534040673,0.2953138815207781
0.24032042723631508,0.258121940364931,0.20694259012016022,0.2946150422785937
0.24266666666666667,0.2604444444444444,0.2008888888888889,0.296
0.24519015659955257,0.2626398210290828,0.19731543624161074,0.2948545861297539
0.25112107623318386,0.26502242152466365,0.1914798206278027,0.29237668161434976
0.2538116591928251,0.25739910313901343,0.19506726457399104,0.2937219730941704
0.2536912751677852,0.2536912751677852,0.2,0.29261744966442954
0.2604400538841491,0.25145936237090255,0.19263583295913786,0.2954647507858105
0.2598669623059867,0.24833702882483372,0.20044345898004434,0.2913525498891353
0.25605381165919283,0.25515695067264577,0.1968609865470852,0.29192825112107623
0.25625,0.24910714285714286,0.196875,0.29776785714285714
0.2486607142857143,0.25625,0.19776785714285713,0.29732142857142857
0.2552619793999104,0.2503358710255262,0.20152261531571877,0.2928795342588446
0.2496626180836707,0.255510571300045,0.20422852001799371,0.2905982905982906
0.24822064056939502,0.2491103202846975,0.21040925266903915,0.29225978647686834
0.2489977728285078,0.2525612472160356,0.21469933184855233,0.2837416481069042
0.24377224199288255,0.2606761565836299,0.21441281138790036,0.28113879003558717
0.24551971326164876,0.24775985663082437,0.22267025089605735,0.2840501792114695
0.24438454627133874,0.24752920035938905,0.22416891284815813,0.2839173405211141
0.24733570159857904,0.2531083481349911,0.22069271758436945,0.27886323268206037
0.25,0.2491103202846975,0.2157473309608541,0.2851423487544484
0.25323227819884087,0.2518947837717343,0.2108782880071333,0.2839946500222916
0.25346446133214123,0.2521233795261511,0.2087617344658024,0.28565042467590523
0.25089605734767023,0.25089605734767023,0.21505376344086022,0.2831541218637993
0.25867369345630215,0.2507685551163812,0.21387790953008345,0.2766798418972332
0.2557098074339454,0.2512315270935961,0.21764442454097627,0.2754142409314823
0.2579646017699115,0.24026548672566372,0.2176991150442478,0.28407079646017697
0.2617871576111361,0.2348450830713965,0.2195779074988774,0.28378985181859
0.2572837292693859,0.23576871358135365,0.21649484536082475,0.2904527117884357
0.26292134831460673,0.23191011235955056,0.22112359550561797,0.2840449438202247
0.25841184387617766,0.23373710183938987,0.2202781516375056,0.28757290264692686
0.25293056807935077,0.23534715960324618,0.2200180342651037,0.2917042380522994
0.24944121591417076,0.2400536432722396,0.21904336164506036,0.2914617791685293
0.24944320712694878,0.23697104677060132,0.21959910913140313,0.29398663697104677
0.25257501119570086,0.23242274966412899,0.2225705329153605,0.2924317062248097
0.24821428571428572,0.24017857142857144,0.2174107142857143,0.2941964285714286
0.24900310146211785,0.2370403190075321,0.22241914045192734,0.29153743907842267
0.24966622162883845,0.2349799732977303,0.22118380062305296,0.2941700044503783
0.24531668153434433,0.23550401427297057,0.21989295272078502,0.2992863514719001
0.24084003574620197,0.23458445040214476,0.22162645218945487,0.30294906166219837
0.24428822495606328,0.23725834797891038,0.21968365553602812,0.29876977152899825
0.2375,0.2330357142857143,0.22142857142857142,0.3080357142857143
0.23510971786833856,0.23107926556202418,0.21764442454097627,0.316166592028661
0.23345421577515865,0.23481414324569355,0.2157751586582049,0.31595648232094287
0.23251589464123523,0.23841961852861035,0.20844686648501362,0.3206176203451408
0.23313716613852423,0.23449524671797192,0.21367134449977365,0.3186962426437302
0.23174030658250677,0.23489630297565375,0.20919747520288548,0.324165915238954
0.2398027790228597,0.23218287763334827,0.21783953384132676,0.3101748095024653
0.24169986719787517,0.23727312970340858,0.21027003098716246,0.3107569721115538
0.23853615520282187,0.23941798941798942,0.20899470899470898,0.31305114638447973
0.2405848471422242,0.23482498892334958,0.21134249003101463,0.3132476739034116
0.23826714801444043,0.2378158844765343,0.20803249097472923,0.315884476534296
0.2433288104929896,0.229760289461782,0.21121664405246496,0.31569425599276346
0.25112107623318386,0.22914798206278028,0.2094170403587444,0.31031390134529147
0.24365256124721604,0.23073496659242762,0.21380846325167038,0.311804008908686
0.25341560158660204,0.2247686205376818,0.21419127368884971,0.3076245041868665
0.25055530875166593,0.22167925366503777,0.21812527765437584,0.30964015992892047
0.2518947837717343,0.21756576014266607,0.21890325456977264,0.311636201515827
0.2528115159694107,0.21592442645074225,0.2177237966711651,0.313540260908682
0.2525612472160356,0.2178173719376392,0.222271714922049,0.30734966592427615
0.2548055431381314,0.21993741618238713,0.21859633437639697,0.3066607063030845
0.24944518419884598,0.22325787838437638,0.2166000887705282,0.31069684864624947
0.24505395683453238,0.2239208633093525,0.21447841726618705,0.31654676258992803
0.2447427293064877,0.22997762863534676,0.21073825503355706,0.3145413870246085
0.24093148231079264,0.23421406180026869,0.20689655172413793,0.31795790416480074
0.24821428571428572,0.22723214285714285,0.20892857142857144,0.315625
0.24966622162883845,0.22563417890520696,0.2105028927458834,0.3141967067200712
0.24866548042704625,0.226423487544484,0.2050711743772242,0.31983985765124556
0.25259828287392677,0.22413014008133755,0.20831450519656575,0.3149570718481699
0.25573033707865167,0.2247191011235955,0.21033707865168538,0.3092134831460674
0.25820962663067926,0.23346828609986506,0.20512820512820512,0.30319388214125054
0.2597402597402597,0.24227496641289745,0.2006269592476489,0.2973578145991939
0.26905829596412556,0.2336322869955157,0.19955156950672645,0.29775784753363227
0.26423487544483987,0.23354092526690393,0.20551601423487545,0.29670818505338076
0.26851025869759143,0.23238180196253344,0.20383586083853703,0.2952720785013381
0.261455525606469,0.23539982030548068,0.20395327942497754,0.2991913746630728
0.26885098743267505,0.22351885098743268,0.20601436265709155,0.3016157989228007
0.27658623771224305,0.21849865951742628,0.20464700625558535,0.3002680965147453
0.2728888888888889,0.22044444444444444,0.204,0.30266666666666664
0.27549194991055453,0.2133273703041145,0.20080500894454384,0.3103756708407871
0.27264692885550157,0.21034025629695094,0.208572691117985,0.30844012372956253
0.27407075682937754,0.2095835199283475,0.20241827138378862,0.31392745185848636
0.273576512455516,0.2090747330960854,0.20551601423487545,0.31183274021352314
0.2739420935412027,0.21247216035634744,0.2017817371937639,0.311804008908686
0.2796985815602837,0.21010638297872342,0.1999113475177305,0.3102836879432624
0.28103989242492156,0.21425369789332138,0.2025997310623039,0.3021066786194532
0.2775310834813499,0.216696269982238,0.2002664298401421,0.30550621669627
0.2688363798484173,0.22068658047258136,0.20062416406598305,0.3098528756130183
0.2727678571428571,0.21964285714285714,0.2,0.30758928571428573
0.2718707940780619,0.2193808882907133,0.2027815163750561,0.3059668012561687
0.2701863354037267,0.21960958296362024,0.20585625554569653,0.30434782608695654
0.27390527256478997,0.22162645218945487,0.20285969615728328,0.30160857908847183
0.270405836753306,0.22115823073415414,0.20656634746922026,0.3018695850433197
0.27079566003616634,0.21699819168173598,0.2066003616636528,0.30560578661844484
0.2695729537366548,0.21530249110320285,0.20462633451957296,0.3104982206405694
0.27114093959731544,0.21431767337807606,0.21073825503355706,0.30380313199105147
0.2687303723642889,0.2126514131897712,0.20681920143562135,0.31179901301031854
0.2656675749318801,0.2111716621253406,0.2111716621253406,0.3119891008174387
0.2694043321299639,0.2125451263537906,0.21299638989169675,0.30505415162454874
0.2644554011653967,0.21604661586732407,0.21739130434782608,0.3021066786194532
0.25746606334841626,0.2149321266968326,0.22081447963800904,0.3067873303167421
0.2604444444444444,0.21955555555555556,0.21688888888888888,0.3031111111111111
0.2601260126012601,0.21737173717371738,0.21917191719171916,0.3033303330333033
0.2585975882090219,0.2170611880303707,0.22152746761947298,0.3028137561411344
0.25947391885867144,0.20998662505572893,0.22960320998662506,0.30093624609897457
0.2508944543828265,0.21511627906976744,0.23032200357781754,0.30366726296958857
0.2540106951871658,0.21479500891265596,0.2268270944741533,0.30436720142602497
0.2594068171757415,0.2129260734838424,0.2266489597166888,0.3010181496237273
0.25754884547069273,0.2113676731793961,0.2344582593250444,0.2966252220248668
0.2521120497999111,0.20987105380168963,0.2352156514006225,0.3028012449977768
0.25146198830409355,0.21547458389563653,0.22672064777327935,0.30634278002699056
0.251004912907548,0.21661456007146046,0.2286735149620366,0.3037070120589549
0.24353741496598638,0.21768707482993196,0.22947845804988662,0.309297052154195
0.2442170818505338,0.222864768683274,0.22508896797153025,0.30782918149466193
0.2480106100795756,0.22944297082228116,0.22281167108753316,0.29973474801061006
0.24977578475336323,0.2242152466367713,0.21883408071748878,0.3071748878923767
0.25,0.21942446043165467,0.21987410071942445,0.3107014388489209
0.24955197132616488,0.224910394265233,0.21370967741935484,0.3118279569892473
0.25189141076991545,0.22296395193591456,0.21584334668446817,0.30930129060970185
0.25267379679144386,0.2268270944741533,0.20855614973262032,0.31194295900178254
0.24965831435079727,0.23690205011389523,0.20683371298405467,0.30660592255125285
0.24637023593466426,0.23411978221415608,0.20825771324863884,0.31125226860254085
0.24268347591175146,0.22827555155335436,0.20936515083295812,0.3196758217019361
0.24273580688421995,0.22708985248100133,0.21054984354045597,0.3196244970943228
0.24165915238954014,0.22813345356176737,0.20874661857529306,0.32146077547339946
0.24283154121863798,0.23207885304659498,0.20878136200716846,0.3163082437275986
0.2430964237211408,0.23449524671797192,0.2037120869171571,0.3186962426437302
0.24276672694394213,0.23734177215189872,0.1984629294755877,0.32142857142857145
0.24754244861483468,0.23994638069705093,0.19481680071492405,0.31769436997319034
0.245606128886886,0.23974763406940064,0.19017575484452456,0.32447048219918884
0.24988784208165096,0.23777478689995513,0.18977119784656796,0.32256617317182595
0.25067024128686327,0.23413762287756926,0.18945487042001788,0.3257372654155496
0.24842484248424843,0.23492349234923493,0.19081908190819083,0.3258325832583258
0.24519874944171505,0.23849933005806165,0.1929432782492184,0.3233586422510049
0.245606128886886,0.24650743578188372,0.18431726002703921,0.3235691753041911
0.2549638989169675,0.2364620938628159,0.18682310469314078,0.32175090252707583
0.25145154086645827,0.24564537740062528,0.18535060294774452,0.31755247878517195
0.2506654835847382,0.24578527062999111,0.18101153504880213,0.3225377107364685
0.2484361036639857,0.24620196604110814,0.17828418230563003,0.32707774798927614
0.2526785714285714,0.24107142857142858,0.18035714285714285,0.32589285714285715
0.25145413870246086,0.23803131991051454,0.18612975391498882,0.3243847874720358
0.25244444444444447,0.24266666666666667,0.17777777777777778,0.32711111111111113
0.25359712230215825,0.24415467625899281,0.17850719424460432,0.3237410071942446
0.25313059033989266,0.2441860465116279,0.17531305903398928,0.32737030411449014
0.2487651549169286,0.24202963628199373,0.17736865738661878,0.3318365514144589
0.2594765342960289,0.2355595667870036,0.1773465703971119,0.3276173285198556
0.25388371060807813,0.23746116289391922,0.1775410563692854,0.33111407012871724
0.25145154086645827,0.2344796784278696,0.1817775792764627,0.3322912014292095
0.25546143557735174,0.22781988408381632,0.17967008470798038,0.33704859563085154
0.25549081129538326,0.2317346481398476,0.1766024204392649,0.33617212012550424
0.2598844957796535,0.2296756996890271,0.17236783651710352,0.3380719680142159
0.2606741573033708,0.23191011235955056,0.1689887640449438,0.3384269662921348
0.25707865168539323,0.2346067415730337,0.17258426966292134,0.3357303370786517
0.2577737719693556,0.2302839116719243,0.16809373591707977,0.3438485804416404
0.2612372051624388,0.22563417890520696,0.16955941255006676,0.34356920338228747
0.26229508196721313,0.22684980062029242,0.17279574656623836,0.3380593708462561
0.25378450578806766,0.23107747105966162,0.16918967052537845,0.3459483526268923
0.24966502903081733,0.22912014292094685,0.17329164805716837,0.3479231799910674
0.2510085163603765,0.2285970416853429,0.16943074854325416,0.35096369341102646
0.25155004428697963,0.22896368467670505,0.1691762621789194,0.35031000885739594
0.2524314765694076,0.23563218390804597,0.16666666666666666,0.34526967285587973
0.2528684907325684,0.23124448367166814,0.1641659311562224,0.351721094439541
0.25249320036264733,0.22982774252039892,0.16364460562103356,0.3540344514959202
0.25657298277425206,0.22801450589301903,0.1631912964641886,0.35222121486854036
0.26104417670682734,0.22356091030789826,0.1642124051762606,0.35118250780901383
0.26015171798304326,0.22356091030789826,0.1610887996430165,0.35519857206604194
0.2652697280427998,0.22157824342398574,0.16228265715559517,0.35086937137761925
0.26964285714285713,0.21785714285714286,0.16651785714285713,0.34598214285714285
0.27163247100802856,0.22123104371097235,0.1641391614629795,0.3429973238180196
0.2718791648156375,0.21945801865837405,0.16481563749444691,0.34384717903154155
0.2712694877505568,0.22316258351893095,0.16391982182628062,0.34164810690423164
0.2712694877505568,0.22004454342984409,0.16525612472160356,0.34342984409799554
0.2797858099062918,0.2248995983935743,0.16287371709058457,0.3324408746095493
0.2736185383244207,0.22549019607843138,0.16310160427807488,0.33778966131907306
0.2733812949640288,0.227068345323741,0.16321942446043167,0.3363309352517986
0.26186213070725156,0.2341092211280215,0.1674127126230976,0.3366159355416294
0.26475849731663686,0.22898032200357782,0.16279069767441862,0.3434704830053667
0.26564610535794686,0.22512381809995496,0.1674921206663665,0.34173795587573164
0.2658855340243353,0.2235241099594412,0.16313654799459215,0.34745380802163134
0.26919642857142856,0.2236607142857143,0.16651785714285713,0.340625
0.26589077887197854,0.22470904207699194,0.1638316920322292,0.3455684870188004
0.26513098464317975,0.22944896115627822,0.17073170731707318,0.3346883468834688
0.2647849462365591,0.23835125448028674,0.17204301075268819,0.324820788530466
0.2640323304894477,0.23529411764705882,0.17377638078132016,0.3268971710821733
0.26402493321460374,0.2373107747105966,0.1772039180765806,0.32146037399821903
0.26541554959785524,0.23815907059874888,0.17828418230563003,0.31814119749776587
0.2589126559714795,0.22994652406417113,0.18226381461675578,0.32887700534759357
