C,D,Oc,Od
0.0,0.0,0.0,1.0
0.0,0.4,0.0,0.6
0.0,0.5454545454545454,0.0,0.45454545454545453
0.09090909090909091,0.45454545454545453,0.0,0.45454545454545453
0.10526315789473684,0.5,0.02631578947368421,0.3684210526315789
0.0847457627118644,0.5254237288135594,0.06779661016949153,0.3220338983050847
0.10227272727272728,0.5227272727272727,0.09090909090909091,0.2840909090909091
0.08461538461538462,0.5153846153846153,0.14615384615384616,0.25384615384615383
0.07368421052631578,0.5,0.18421052631578946,0.24210526315789474
0.08058608058608059,0.4835164835164835,0.21611721611721613,0.21978021978021978
0.06486486486486487,0.46756756756756757,0.24324324324324326,0.22432432432432434
0.07142857142857142,0.42063492063492064,0.2718253968253968,0.2361111111111111
0.07453416149068323,0.39596273291925466,0.29037267080745344,0.2391304347826087
0.0773067331670823,0.3827930174563591,0.30798004987531175,0.23192019950124687
0.08221993833504625,0.3658787255909558,0.3227132579650565,0.22918807810894143
0.08777969018932874,0.35542168674698793,0.3278829604130809,0.2289156626506024
0.09384384384384384,0.34384384384384387,0.33633633633633636,0.22597597597597596
0.10198675496688742,0.33311258278145695,0.3443708609271523,0.2205298013245033
0.10724985020970641,0.32953864589574594,0.3445176752546435,0.21869382863990414
0.11374930977360574,0.3246824958586416,0.3500828271673109,0.21148536720044175
0.11944157187176836,0.3262668045501551,0.3485005170630817,0.20579110651499483
0.11978399607265587,0.3235149729995091,0.35149729995090817,0.20520373097692685
0.1167608286252354,0.3281544256120527,0.3540489642184557,0.2010357815442561
0.1208941605839416,0.32983576642335766,0.35538321167883213,0.19388686131386862
0.11918475852902083,0.3260965883916704,0.3602126716880815,0.1945059813912273
0.11665221162185603,0.32914137033824803,0.3616652211621856,0.19254119687771032
0.11930123561994035,0.32807839795483595,0.3608862377503196,0.19173412867490414
0.12123745819397994,0.32608695652173914,0.3632943143812709,0.18938127090301005
0.12366474938373048,0.32703368940016436,0.36318816762530814,0.18611339359079704
0.12367778681855167,0.3270951993490643,0.36411716842961755,0.18510984540276648
0.12287104622871046,0.32441200324412,0.3682076236820762,0.18450932684509327
0.12530315278900567,0.3257881972514147,0.36499595796281326,0.18391269199676638
0.12404040404040403,0.32525252525252524,0.3656565656565657,0.18505050505050505
0.12439418416801293,0.32512116316639744,0.36591276252019383,0.1845718901453958
0.12150668286755771,0.3288780882948562,0.3645200486026732,0.18509518023491292
0.1220298026580749,0.328634716069271,0.36488119210632297,0.18445428916633105
0.12146892655367232,0.32929782082324455,0.3672316384180791,0.18200161420500405
0.12222670431625655,0.3299717628075837,0.3674868898749496,0.18031464300121017
0.1220298026580749,0.3298429319371728,0.36608940797422473,0.18203785743052758
0.12620967741935485,0.32661290322580644,0.36612903225806454,0.1810483870967742
0.1275221953188055,0.32364810330912025,0.36602098466505245,0.18280871670702178
0.13180169286577992,0.3216444981862152,0.3635630794034663,0.1829907295445385
0.13480885311871227,0.31951710261569416,0.36297786720321934,0.18269617706237423
0.13720742534301855,0.31759483454398707,0.3652138821630347,0.17998385794995964
0.1392354124748491,0.317102615694165,0.36338028169014086,0.18028169014084508
0.14400968132311415,0.3138362242839855,0.36143606292860025,0.18071803146430013
0.14677419354838708,0.3153225806451613,0.3588709677419355,0.17903225806451614
0.14917571371129876,0.31443506232408525,0.3586650583031765,0.17772416566143948
0.15008090614886732,0.31472491909385114,0.35760517799352753,0.17758899676375406
0.15152733118971062,0.31390675241157556,0.3545016077170418,0.18006430868167203
0.15276098347440548,0.31519548569125355,0.35308343409915355,0.17896009673518742
0.15604838709677418,0.3116935483870968,0.3528225806451613,0.17943548387096775
0.15608572583906186,0.31338455317428227,0.3538212697128993,0.17670845127375656
0.15890850722311398,0.3109951845906902,0.35152487961476725,0.17857142857142858
0.16041918581217252,0.31197097944377267,0.35268037081821846,0.17492946392583636
0.16298675230830992,0.3123243677238057,0.34845443596949016,0.17623444399839422
0.1648528819024587,0.30995566303909716,0.3490528012898025,0.17613865376864168
0.17063331988705124,0.3085921742638161,0.345703912868092,0.17507059298104075
0.16948470209339775,0.30917874396135264,0.3462157809983897,0.1751207729468599
0.1721774193548387,0.30685483870967745,0.3439516129032258,0.17701612903225805
0.17459677419354838,0.3056451612903226,0.3455645161290323,0.17419354838709677
0.177347843611447,0.3031035872632003,0.34542523176138656,0.17412333736396615
0.1785858585858586,0.3018181818181818,0.34545454545454546,0.17414141414141415
0.18148893360160967,0.3030181086519115,0.34285714285714286,0.17263581488933602
0.1844229217110573,0.30104923325262306,0.3418079096045198,0.17271993543179984
0.1875251509054326,0.29979879275653926,0.33963782696177064,0.17303822937625754
0.18947368421052632,0.2979757085020243,0.33927125506072875,0.17327935222672064
0.18886198547215496,0.2986279257465698,0.33736884584342214,0.1751412429378531
0.1935483870967742,0.2963709677419355,0.3362903225806452,0.17379032258064517
0.19588045234248788,0.2964458804523425,0.3360258481421648,0.17164781906300486
0.197895588830433,0.29461756373937675,0.33346823148522864,0.17401861594496154
0.20241935483870968,0.2923387096774194,0.32983870967741935,0.17540322580645162
0.20494127176994734,0.2891859052247874,0.330498177399757,0.1753746456055083
0.20833333333333334,0.28762135922330095,0.3288834951456311,0.17516181229773461
0.2089068825910931,0.28785425101214573,0.3287449392712551,0.17449392712550607
0.21362353889560662,0.2841596130592503,0.32849657396211207,0.17372027408303103
0.21737373737373739,0.2828282828282828,0.3288888888888889,0.1709090909090909
0.21621621621621623,0.2835820895522388,0.32876159741831384,0.17144009681323114
0.21730382293762576,0.2824949698189135,0.32756539235412474,0.17263581488933602
0.21944332392093585,0.2791448164582493,0.3263412666397741,0.17507059298104075
0.22501011736139215,0.27964386887899634,0.3237555645487657,0.17159044921084582
0.23039611964430073,0.2772837510105093,0.3217461600646726,0.17057396928051738
0.23061389337641358,0.27867528271405495,0.32148626817447495,0.16922455573505654
0.2299919159256265,0.27687954729183506,0.3213419563459984,0.17178658043654002
0.2286868686868687,0.2727272727272727,0.3244444444444444,0.17414141414141415
0.22930964876867177,0.2745256358498183,0.3229713362939039,0.173193379087606
0.23086220789685738,0.2747784045124899,0.32312651087832395,0.17123287671232876
0.2329154872624343,0.272543469470279,0.32308936514355036,0.17145167812373635
0.23486682808716708,0.2707828894269572,0.32324455205811137,0.17110573042776434
0.23569701853344077,0.27276390008058016,0.32151490733279614,0.17002417405318293
0.23546042003231019,0.268578352180937,0.32350565428109856,0.17245557350565427
0.23569701853344077,0.27115229653505235,0.32312651087832395,0.17002417405318293
0.2360048328634716,0.26822392267418443,0.32501006846556585,0.1707611759967781
0.23681031010873943,0.2662102295610149,0.32541280708819975,0.17156665324204592
0.24124043495771244,0.2629883205799436,0.32380185259766414,0.17196939186467983
0.2430471584038694,0.26440951229343007,0.32245062474808545,0.1700927045546151
0.24375503626107978,0.2634971796937953,0.3219178082191781,0.1708299758259468
0.24767300687980576,0.26345609065155806,0.32051800890327803,0.16835289356535815
0.25121163166397414,0.2613085621970921,0.3198707592891761,0.16760904684975766
0.2506043513295729,0.25987107171635776,0.32232070910556004,0.16720386784850927
0.2535154680594616,0.25833668139815186,0.31860184813177983,0.16954600241060666
0.2570621468926554,0.25544794188861986,0.3192090395480226,0.1682808716707022
0.2577777777777778,0.2545454545454545,0.3183838383838384,0.1692929292929293
0.25934861278648974,0.2553277040611178,0.316043425814234,0.16928025733815844
0.2596930533117932,0.25484652665589663,0.3166397415185784,0.16882067851373184
0.2619911326078194,0.2555421201128577,0.3147924224103184,0.16767432486900444
0.26411290322580644,0.2540322580645161,0.31411290322580643,0.16774193548387098
0.26459927507047926,0.25332259363672976,0.31333064840918246,0.16874748288360855
0.2648953301127214,0.25483091787439616,0.31280193236714976,0.16747181964573268
0.2632636655948553,0.2580385852090032,0.31270096463022506,0.1659967845659164
0.2653552790044159,0.25732637494981936,0.3127258129265355,0.16459253311922922
0.26913779210314265,0.25745366639806605,0.30942788074133765,0.16398066075745366
0.2715205148833467,0.25502815768302495,0.30973451327433627,0.16371681415929204
0.2712615880693269,0.25312374042724706,0.31116485288190243,0.16444981862152358
0.26910699919549474,0.25382139983909896,0.31134352373290425,0.16572807723250202
0.27141133896260555,0.25331724969843183,0.3100120627261761,0.1652593486127865
0.2710770471964502,0.2517144009681323,0.3110125050423558,0.1661960467930617
0.27037933817594834,0.25302663438256656,0.3107344632768362,0.16585956416464892
0.26851851851851855,0.2528180354267311,0.3107890499194847,0.1678743961352657
0.26895161290322583,0.255241935483871,0.3096774193548387,0.16612903225806452
0.26964933494558646,0.2539298669891173,0.31076178960096734,0.1656590084643289
0.26865671641791045,0.2569584509883017,0.30939895118999594,0.16498588140379186
0.27028112449799196,0.25582329317269076,0.3104417670682731,0.1634538152610442
0.27071600965406273,0.25502815768302495,0.31053901850362026,0.16371681415929204
0.2736799677549375,0.25312374042724706,0.3079403466344216,0.1652559451833938
0.27887323943661974,0.2498993963782696,0.30824949698189136,0.16297786720321933
0.27645875251509056,0.24909456740442656,0.3094567404426559,0.16498993963782696
0.2776659959758551,0.24909456740442656,0.30985915492957744,0.16338028169014085
0.28209255533199196,0.2470824949698189,0.30985915492957744,0.16096579476861167
0.282433521353747,0.24858984689766317,0.30942788074133765,0.15954875100725222
0.28398547801532875,0.25010084711577246,0.30778539733763616,0.1581282775312626
0.28186570164857255,0.24929634097305992,0.3116204262163249,0.15721753116204262
0.28450704225352114,0.2511066398390342,0.30985915492957744,0.1545271629778672
0.2847948511665326,0.250201126307321,0.3081255028157683,0.1568785197103781
0.2870967741935484,0.24879032258064515,0.3060483870967742,0.15806451612903225
0.2870928829915561,0.24929634097305992,0.3043827905106554,0.15922798552472858
0.2874444893015745,0.2503027856277755,0.30076705692369804,0.16148566814695195
0.2894947874899759,0.25020048115477145,0.2995188452285485,0.16078588612670408
0.28801287208366855,0.249798873692679,0.3004827031375704,0.16170555108608206
0.28984343637093535,0.2492974708952228,0.29747089522280207,0.16338819751103975
0.290088638195004,0.2461724415793715,0.298549556809025,0.1651893634165995
0.29025764895330114,0.2459742351046699,0.2975040257648953,0.16626409017713364
0.2926239419588875,0.24546553808948005,0.2950423216444982,0.16686819830713423
0.29572925060435135,0.24375503626107978,0.2945205479452055,0.16599516518936341
0.2981891348088531,0.2426559356136821,0.2937625754527163,0.16539235412474848
0.2994350282485876,0.24253430185633576,0.29459241323648105,0.16343825665859565
0.30064308681672025,0.24236334405144694,0.2938102893890675,0.16318327974276528
0.2976238421264599,0.24446234393878372,0.29480467176802255,0.16310914216673378
0.29811169144234634,0.2454801124949779,0.29369224588188025,0.1627159501807955
0.29766693483507645,0.24738535800482703,0.2928399034593725,0.16210780370072406
0.29983857949959647,0.24414850686037126,0.29418886198547217,0.16182405165456012
0.29927594529364443,0.24376508447304907,0.2928399034593725,0.16411906677393404
0.30197024527543226,0.2444712505026136,0.29071170084439085,0.16284680337756333
0.3044176706827309,0.2433734939759036,0.28795180722891567,0.1642570281124498
0.30515297906602257,0.24194847020933977,0.28743961352657005,0.16545893719806765
0.30704225352112674,0.24064386317907444,0.2857142857142857,0.16659959758551307
0.3062700964630225,0.23995176848874597,0.28818327974276525,0.16559485530546625
0.3061142397425583,0.23934030571198714,0.28962188254223653,0.16492357200321803
0.3062374245472837,0.24185110663983903,0.29014084507042254,0.16177062374245474
0.3084977849375755,0.24164317358034634,0.2899718082964156,0.1598872331856625
0.31023368251410155,0.24133763094278807,0.2884770346494762,0.15995165189363417
0.30998389694041867,0.24154589371980675,0.28743961352657005,0.1610305958132045
0.31297709923664124,0.2398553635998393,0.28565689031739655,0.16151064684612293
0.3161290322580645,0.23870967741935484,0.2838709677419355,0.16129032258064516
0.3174474959612278,0.23667205169628433,0.28554119547657514,0.16033925686591277
0.3178887993553586,0.23690572119258663,0.2852538275584206,0.15995165189363417
0.3196457326892109,0.23752012882447665,0.2834138486312399,0.15942028985507245
0.3189689891260572,0.23681031010873943,0.28473620620217477,0.1594844945630286
0.3184199919387344,0.2370012091898428,0.2861749294639258,0.15840386940749698
0.3230088495575221,0.2337087691069992,0.2851971037811746,0.1580852775543041
0.319774466371325,0.23439387837293596,0.28594442207007653,0.1598872331856625
0.3216444981862152,0.23337363966142685,0.2861749294639258,0.15880693268843207
0.3255533199195171,0.23098591549295774,0.28450704225352114,0.158953722334004
0.32554391619661566,0.23045930701047543,0.28565672844480255,0.15834004834810636
0.32488942501005225,0.23080016083634902,0.2842782468837957,0.160032167269803
0.323943661971831,0.22977867203219315,0.2857142857142857,0.16056338028169015
0.32382482924869427,0.2302129369224588,0.2848533547609482,0.16110887906789875
0.3247588424437299,0.23070739549839228,0.2821543408360129,0.16237942122186494
0.32637494981934967,0.23123243677238056,0.2818145323163388,0.16057808109193095
0.3272946859903382,0.23148148148148148,0.28019323671497587,0.1610305958132045
0.3247588424437299,0.23191318327974275,0.28135048231511256,0.16197749196141478
0.32717784022480934,0.2300281011641911,0.281413087113609,0.1613809714973906
0.32608695652173914,0.22946859903381642,0.28140096618357485,0.16304347826086957
0.3260781942765014,0.22853688029020555,0.28053204353083433,0.1648528819024587
0.32756539235412474,0.22857142857142856,0.2784708249496982,0.16539235412474848
0.32636655948553056,0.22789389067524116,0.2809485530546624,0.1647909967845659
0.32756539235412474,0.22575452716297786,0.2824949698189135,0.1641851106639839
0.3281124497991968,0.2253012048192771,0.28112449799196787,0.16546184738955824
0.3305220883534137,0.2253012048192771,0.2815261044176707,0.16265060240963855
0.33038229376257544,0.22575452716297786,0.28169014084507044,0.16217303822937626
0.3299798792756539,0.22776659959758552,0.28209255533199196,0.1601609657947686
0.330378726833199,0.22844480257856567,0.2832393231265109,0.1579371474617244
0.3309178743961353,0.22544283413848631,0.28421900161030594,0.15942028985507245
0.33239549839228294,0.22347266881028938,0.284967845659164,0.15916398713826366
0.3301166063530358,0.2255729794933655,0.2858866103739445,0.1584238037796542
0.3307877813504823,0.22347266881028938,0.2857717041800643,0.159967845659164
0.3313180169286578,0.22370012091898428,0.2841596130592503,0.1608222490931076
0.3362760834670947,0.22231139646869985,0.28130016051364365,0.1601123595505618
0.337489943684634,0.22284794851166534,0.2803700724054706,0.1592920353982301
0.33775633293124246,0.22396461600321674,0.2790510655408122,0.15922798552472858
0.33947895791583166,0.22404809619238478,0.2785571142284569,0.15791583166332665
0.33989554037766173,0.22579349136199278,0.2756126958617919,0.15869827239855364
0.34045124899274776,0.22481869460112813,0.2747784045124899,0.15995165189363417
0.3396302250803859,0.2254823151125402,0.27612540192926044,0.1587620578778135
0.3415223519935562,0.22553362867498994,0.27547321788159485,0.15747080144985903
0.3393719806763285,0.22624798711755234,0.2757648953301127,0.15861513687600645
0.3396302250803859,0.2282958199356913,0.2757234726688103,0.15635048231511253
0.3381526104417671,0.2285140562248996,0.27710843373493976,0.15622489959839359
0.33788670148654076,0.22699879469666534,0.27882683808758535,0.15628766572920852
0.3383004430124849,0.2283527990334273,0.2782923882400322,0.1550543697140556
0.33989554037766173,0.22579349136199278,0.27963037364403376,0.15468059461631178
0.33937928254735994,0.22652156388553002,0.27972591696896415,0.15437323659814592
0.34161988773055335,0.22774659182036888,0.27626303127506013,0.15437048917401763
0.3431096826034552,0.22659702691844114,0.2756126958617919,0.15468059461631178
0.3441767068273092,0.22771084337349398,0.27429718875502007,0.1538152610441767
0.3425925925925926,0.23027375201288244,0.27375201288244766,0.15338164251207728
0.34470304975922955,0.22792937399678972,0.2736757624398074,0.15369181380417335
0.3453960595094491,0.22959388821873744,0.27181342983514273,0.15319662243667068
0.34470304975922955,0.2303370786516854,0.271669341894061,0.15329052969502407
0.34260378879484077,0.2309552599758162,0.2724707779121322,0.1539701733172108
0.34269662921348315,0.23113964686998395,0.2732744783306581,0.1528892455858748
0.3403141361256545,0.23117196939186468,0.27587595650422875,0.15263793797825212
0.34150261149055844,0.23061470470068302,0.2760144636400161,0.15186822016874246
0.3412474849094567,0.23098591549295774,0.27565392354124746,0.15211267605633802
0.3412474849094567,0.22816901408450704,0.2772635814889336,0.1533199195171026
0.34285714285714286,0.22736418511066397,0.2784708249496982,0.15130784708249498
0.34242181234963914,0.22814755412991178,0.27906976744186046,0.15036086607858862
0.34269662921348315,0.22712680577849118,0.27969502407704655,0.15048154093097912
0.3413751507840772,0.22838761560112586,0.2798552472858866,0.15038198632891034
0.34203131272581294,0.23042954636692092,0.27900441589723,0.14853472501003612
0.3455202892728003,0.2282040980313379,0.27882683808758535,0.1474487746082764
0.34793089594214544,0.22940940136601046,0.27641623141824023,0.14624347127360385
0.3496981891348089,0.22776659959758552,0.2748490945674044,0.1476861167002012
0.35237329042638776,0.22928399034593724,0.2723250201126307,0.14601769911504425
0.35298836742880063,0.23024468511833132,0.2703569995988769,0.14640994785399117
0.35138387484957884,0.23024468511833132,0.26875250701965503,0.1496189330124348
0.3511022044088176,0.22845691382765532,0.268937875751503,0.15150300601202404
0.3538399678327302,0.22838761560112586,0.26739043023723363,0.15038198632891034
0.3536977491961415,0.22869774919614147,0.26768488745980706,0.14991961414790997
0.35447611401043755,0.22681653954235248,0.26896828582898435,0.14973906061822562
0.35605453087409783,0.22574178027265437,0.27105052125100243,0.1471531676022454
0.35180722891566263,0.2289156626506024,0.27228915662650605,0.14698795180722893
0.35197103781174577,0.22968624296057924,0.26991150442477874,0.14843121480289623
0.3526336952151186,0.22959388821873744,0.26940088459991957,0.14837153196622438
0.35237329042638776,0.22847948511665325,0.27071600965406273,0.14843121480289623
0.3525150905432596,0.23058350100603622,0.2716297786720322,0.14527162977867203
0.3515468059461631,0.2302129369224588,0.2719967858577742,0.14624347127360385
0.3512861736334405,0.22869774919614147,0.2737138263665595,0.14630225080385853
0.3516881028938907,0.22990353697749197,0.2757234726688103,0.14268488745980706
0.3543338683788122,0.22873194221508827,0.27568218298555375,0.14125200642054575
0.35565356856455493,0.2269446672012831,0.27506014434643145,0.14234161988773056
0.3536977491961415,0.22990353697749197,0.27692926045016075,0.13946945337620578
0.35591182364729457,0.22885771543086172,0.2761523046092184,0.13907815631262524
0.35737308622078967,0.22804190169218372,0.2747784045124899,0.13980660757453667
0.35476094817195664,0.22981116914423463,0.2748091603053435,0.14061872237846526
0.3546184738955823,0.2317269076305221,0.27309236947791166,0.14056224899598393
0.35774647887323946,0.23058350100603622,0.27364185110663986,0.13802816901408452
0.3594692400482509,0.22999597909127462,0.27261761158021713,0.13791716928025735
0.36231884057971014,0.2278582930756844,0.2713365539452496,0.13848631239935588
0.36202735317779566,0.22606596942880128,0.26950925181013674,0.1423974255832663
0.36147969441093686,0.22798552472858866,0.2698029754724568,0.1407318053880177
0.3602409638554217,0.22931726907630523,0.26907630522088355,0.14136546184738955
0.360497792051385,0.22681653954235248,0.269771176234444,0.14291449217181854
0.36202735317779566,0.22646822204344327,0.26991150442477874,0.1415929203539823
0.35950080515297905,0.22705314009661837,0.27012882447665054,0.143317230273752
0.363855421686747,0.22610441767068273,0.2674698795180723,0.142570281124498
0.3635634028892456,0.22752808988764045,0.26565008025682185,0.14325842696629212
0.364951768488746,0.2266881028938907,0.26647909967845657,0.14188102893890675
0.3671906489318823,0.2253123740427247,0.2672309552599758,0.14026602176541716
0.36901408450704226,0.22535211267605634,0.2627766599597586,0.14285714285714285
0.3667875856509472,0.22611850060459493,0.26158806932688433,0.14550584441757355
0.36865431103948426,0.22763900080580177,0.25825946817082995,0.14544721998388396
0.3717845659163987,0.227491961414791,0.2584405144694534,0.1422829581993569
0.37349397590361444,0.22650602409638554,0.25582329317269076,0.14417670682730924
0.3730382293762575,0.22736418511066397,0.254728370221328,0.1448692152917505
0.3730382293762575,0.22655935613682093,0.2543259557344064,0.1460764587525151
0.3743466023321271,0.2263771612384399,0.25492561318858065,0.14435062324085243
0.37127916331456157,0.22888173773129525,0.25502815768302495,0.14481094127111827
0.3709222714458317,0.2283527990334273,0.25614176399516714,0.1445831655255739
0.3710261569416499,0.22977867203219315,0.2551307847082495,0.14406438631790744
0.3670427074939565,0.22925060435132957,0.25825946817082995,0.14544721998388396
0.3678299237866025,0.22703569995988768,0.25872442839951865,0.14640994785399117
0.36831523924406917,0.22677925211097708,0.25814234016887816,0.1467631684760756
0.36973103171417104,0.22641509433962265,0.258129265355279,0.14572460859092734
0.3684210526315789,0.2282040980313379,0.2571313780634793,0.14624347127360385
0.3680192848533548,0.22619525914021696,0.2579349136199277,0.1478505423865006
0.3717845659163987,0.2254823151125402,0.25442122186495175,0.1483118971061093
0.3724304715840387,0.22289399435711407,0.2543329302700524,0.15034260378879485
0.37374548374146926,0.2244078683259735,0.25411481332798075,0.14773183460457648
0.3721864951768489,0.22588424437299034,0.2516077170418006,0.15032154340836013
0.37309236947791163,0.22690763052208834,0.2497991967871486,0.1502008032128514
0.37359098228663445,0.22624798711755234,0.249597423510467,0.15056360708534622
0.3757062146892655,0.22760290556900725,0.2469733656174334,0.1497175141242938
0.37409493161705554,0.22566371681415928,0.249798873692679,0.1504424778761062
0.37691069991954945,0.22566371681415928,0.249798873692679,0.14762670957361224
0.37811745776347544,0.22687047465808527,0.24818986323411102,0.14682220434432824
0.37906137184115524,0.22703569995988768,0.24548736462093862,0.14841556357801844
0.3756528726396143,0.22740056247488952,0.2482924869425472,0.14865407794294896
0.3759036144578313,0.22730923694779118,0.2493975903614458,0.14738955823293173
0.37464901724829525,0.22743682310469315,0.25150421179302046,0.14640994785399117
0.37273823884197826,0.22878970647366303,0.25291515882589466,0.145556895858464
0.3729903536977492,0.22990353697749197,0.2516077170418006,0.1454983922829582
0.37083165930092404,0.22860586580956208,0.2547207713941342,0.14584170349537967
0.36952151186168075,0.22959388821873744,0.25412143144350624,0.1467631684760756
0.37103890894504615,0.22703569995988768,0.255515443241075,0.14640994785399117
0.3723832528180354,0.2286634460547504,0.25161030595813205,0.1473429951690821
0.3733922829581994,0.227491961414791,0.2504019292604502,0.1487138263665595
0.3726833199033038,0.22844480257856567,0.24939564867042707,0.14947622884770345
0.3704746580852776,0.22807723250201126,0.24859211584875301,0.15285599356395815
0.36958266452648475,0.22953451043338685,0.24959871589085073,0.1512841091492777
0.36903329322101885,0.23064580826313677,0.24709185720016044,0.1532290413156839
0.3680611423974256,0.23169750603378922,0.24658085277554304,0.15366049879324215
0.37017684887459806,0.22789389067524116,0.24959807073954984,0.15233118971061094
0.3721304873137334,0.22553362867498994,0.2501006846556585,0.15223519935561822
0.37464788732394366,0.22374245472837023,0.2482897384305835,0.1533199195171026
0.37324226597026916,0.2249899558055444,0.24748895138609883,0.15427882683808758
0.37359098228663445,0.22705314009661837,0.2471819645732689,0.15217391304347827
0.3756528726396143,0.22539172358376858,0.247890719164323,0.15106468461229408
0.37670682730923694,0.22610441767068273,0.24538152610441766,0.15180722891566265
0.3778135048231511,0.227491961414791,0.2447749196141479,0.14991961414790997
0.3779116465863454,0.22610441767068273,0.2433734939759036,0.15261044176706828
0.3815471394037067,0.22562449637389204,0.24174053182917002,0.15108783239323126
0.382008874546188,0.22589753933037515,0.2392093586123437,0.15288422751109318
0.3843058350100604,0.22253521126760564,0.24064386317907444,0.15251509054325957
0.38266129032258067,0.22258064516129034,0.24233870967741936,0.15241935483870966
0.3825422365245374,0.22284794851166534,0.24336283185840707,0.1512469831053902
0.380241935483871,0.22419354838709676,0.24314516129032257,0.15241935483870966
0.380377965420185,0.22195416164053075,0.24527543224768797,0.1523924406915963
0.3811623246492986,0.2220440881763527,0.243687374749499,0.1531062124248497
0.3828250401284109,0.21990369181380418,0.24197431781701445,0.15529695024077048
0.38353413654618473,0.22048192771084338,0.24096385542168675,0.15502008032128514
0.38003220611916266,0.22181964573268922,0.24114331723027374,0.1570048309178744
0.3807413376309428,0.22159548751007252,0.23811442385173248,0.15954875100725222
0.3828846926476497,0.22137404580152673,0.23865006026516675,0.1570912012856569
0.3814889336016097,0.2221327967806841,0.2386317907444668,0.15774647887323945
0.38170092704554615,0.22370012091898428,0.23941958887545345,0.15517936316001613
0.3830385852090032,0.22588424437299034,0.23834405144694534,0.1527331189710611
0.3831926015279453,0.2255729794933655,0.23924406915963006,0.1519903498190591
0.3822937625754527,0.22494969818913482,0.24185110663983903,0.15090543259557343
0.38328646042587383,0.22418642024909602,0.24146243471273604,0.15106468461229408
0.3828846926476497,0.2217758135797509,0.24347127360385698,0.15186822016874246
0.3834405144694534,0.22065916398713825,0.2427652733118971,0.15313504823151125
0.3845534995977474,0.22083668543845536,0.2413515687851971,0.15325824617860015
0.3852657004830918,0.22020933977455717,0.23993558776167473,0.15458937198067632
0.3851106639839034,0.21971830985915494,0.23903420523138832,0.1561368209255533
0.38219895287958117,0.21788159484494563,0.24164317358034634,0.15827627869512687
0.38118214716525933,0.21753116204262163,0.24125452352231605,0.160032167269803
0.3808373590982287,0.2181964573268921,0.24033816425120774,0.1606280193236715
0.3776702942361951,0.22007255139056833,0.23941958887545345,0.16283756549778317
0.3778672032193159,0.21971830985915494,0.23943661971830985,0.16297786720321933
0.37817156665324203,0.2202980265807491,0.2392267418445429,0.16230366492146597
0.3788244766505636,0.2181964573268921,0.24074074074074073,0.16223832528180354
0.3783239323126511,0.22078968573730862,0.23932312651087834,0.16156325543916197
0.3793242156074014,0.22204344328238135,0.23853580048270315,0.16009654062751408
0.3769633507853403,0.22271445831655257,0.24124043495771244,0.15908175594039467
0.378672032193159,0.2221327967806841,0.24185110663983903,0.1573440643863179
0.3775633293124246,0.22396461600321674,0.24246079613992763,0.15601125854443104
0.38003220611916266,0.22342995169082125,0.24074074074074073,0.15579710144927536
0.3827558420628525,0.22078968573730862,0.24133763094278807,0.15511684125705077
0.3822937625754527,0.2221327967806841,0.24185110663983903,0.15372233400402416
0.3817743877960658,0.22240064231232437,0.24207145724608592,0.1537535126455239
0.3813934756343133,0.22110350382601693,0.24083769633507854,0.15666532420459123
0.3821399839098954,0.22204344328238135,0.24014481094127113,0.15567176186645212
0.38028169014084506,0.2221327967806841,0.24064386317907444,0.15694164989939638
0.37918515530455826,0.22186365469947558,0.2392093586123437,0.15974183138362244
0.3789346246973366,0.2175141242937853,0.2397094430992736,0.1638418079096045
0.37876960193003617,0.21632488942501005,0.243264977885002,0.16164053075995174
0.3801287208366854,0.21520514883346742,0.24296057924376507,0.16170555108608206
0.38198632891033374,0.21672698029754725,0.2388419782870929,0.16244471250502612
0.3788244766505636,0.2177938808373591,0.2387278582930757,0.16465378421900162
0.38032128514056224,0.21686746987951808,0.2393574297188755,0.1634538152610442
0.37987927565392354,0.22012072434607646,0.2370221327967807,0.16297786720321933
0.3813354786806114,0.21922767497988738,0.23813354786806115,0.16130329847144007
0.3823884197828709,0.218335343787696,0.23642943305186973,0.16284680337756333
0.3834071687474829,0.21586790173177609,0.2396294804671768,0.16109544905356424
0.3860708534621578,0.21618357487922704,0.23752012882447665,0.16022544283413848
0.38839645447219984,0.21394037066881547,0.23771152296535053,0.15995165189363417
0.38866559485530544,0.21543408360128619,0.2379421221864952,0.1579581993569132
0.39172358376858174,0.2125351546805946,0.2366412213740458,0.1591000401767778
0.38991935483870965,0.2120967741935484,0.2375,0.16048387096774194
0.39331723027375204,0.2105475040257649,0.23792270531400966,0.15821256038647344
0.3910592025775272,0.21063229963753524,0.23882400322190897,0.1594844945630286
0.3920225624496374,0.2127316680096696,0.23609991941982272,0.15914585012087026
0.39170692431562,0.21296296296296297,0.23711755233494364,0.15821256038647344
0.3903420523138833,0.21448692152917506,0.2358148893360161,0.15935613682092556
0.3905872888173773,0.21359613837489944,0.23491552695092519,0.16090104585679807
0.39235412474849096,0.2112676056338028,0.23621730382293762,0.1601609657947686
0.3948532368315239,0.21109770808202655,0.23441897868918377,0.15963007639726579
0.393014853472501,0.21075873143315937,0.23524688879967884,0.16097952629466078
0.39371980676328505,0.2105475040257649,0.23429951690821257,0.16143317230273752
0.3917940466613033,0.21198712791633145,0.2345132743362832,0.16170555108608206
0.3894694533762058,0.21342443729903537,0.23593247588424437,0.16117363344051447
0.38696701528559935,0.21238938053097345,0.23853580048270315,0.16210780370072406
0.3858520900321543,0.21382636655948553,0.23914790996784566,0.16117363344051447
0.3848009650180941,0.21391234418978688,0.24004825090470447,0.16123843988741454
0.38362760834670945,0.21268057784911718,0.24317817014446227,0.16051364365971107
0.38263665594855306,0.21262057877813506,0.24316720257234728,0.16157556270096463
0.38328646042587383,0.21052631578947367,0.24427480916030533,0.16191241462434713
0.38405797101449274,0.21215780998389694,0.24235104669887278,0.16143317230273752
0.3831926015279453,0.2143144350623241,0.24165661439485323,0.16083634901487737
0.38102893890675243,0.2162379421221865,0.2427652733118971,0.159967845659164
0.38198632891033374,0.21552070767993567,0.243264977885002,0.15922798552472858
0.37997587454764775,0.21632488942501005,0.24527543224768797,0.1584238037796542
0.37650844730490746,0.2172164119066774,0.24738535800482703,0.1588897827835881
0.3795180722891566,0.21726907630522088,0.2461847389558233,0.1570281124497992
0.37775993576876754,0.21637896427137696,0.24729024488157367,0.1585708550782818
0.3770096463022508,0.21663987138263666,0.2479903536977492,0.15836012861736334
0.3756038647342995,0.21457326892109502,0.249597423510467,0.16022544283413848
0.37479935794542535,0.21348314606741572,0.24959871589085073,0.16211878009630817
0.3734406438631791,0.2152917505030181,0.2498993963782696,0.1613682092555332
0.3748498197837405,0.21345614737685223,0.24909891870244294,0.16259511413696437
0.3754019292604502,0.21181672025723472,0.24959807073954984,0.16318327974276528
0.3765133171912833,0.21307506053268765,0.24818401937046006,0.162227602905569
0.3762575452716298,0.2124748490945674,0.24788732394366197,0.16338028169014085
0.3765556001605781,0.21316740264953835,0.2460859092733842,0.1641910879164994
0.3747987117552335,0.21336553945249598,0.24557165861513688,0.16626409017713364
0.3740488586303564,0.2130556668001602,0.24669603524229075,0.16619943932719264
0.37127916331456157,0.21399839098954143,0.24818986323411102,0.166532582461786
0.37142857142857144,0.21488933601609658,0.24748490945674045,0.16619718309859155
0.37264340152426795,0.2133975130365022,0.24869634977938226,0.16526273565984756
0.3742949234488316,0.21514907332796132,0.24536663980660758,0.1651893634165995
0.37374548374146926,0.21517462866318748,0.24448012846246486,0.16659975913287836
0.3762057877813505,0.215032154340836,0.2427652733118971,0.1659967845659164
0.3751007252215955,0.21796937953263498,0.24133763094278807,0.16559226430298146
0.37766171153073524,0.2185616713539574,0.24106066693451186,0.1627159501807955
0.3781613809714974,0.21798474508229626,0.24287434765154556,0.16097952629466078
0.37359098228663445,0.22181964573268922,0.24194847020933977,0.16264090177133655
0.37520064205457465,0.221107544141252,0.2391653290529695,0.16452648475120385
0.3740427247077791,0.22047561467150342,0.23861346231358324,0.16686819830713423
0.3741469289441991,0.2215977519068647,0.2376555600160578,0.16659975913287836
0.3738430583501006,0.22132796780684105,0.23903420523138832,0.16579476861167003
0.3744475693049417,0.22097227802330252,0.24025713137806348,0.16432302129369225
0.3758038585209003,0.21945337620578778,0.23914790996784566,0.16559485530546625
0.3756528726396143,0.22137404580152673,0.2394535958216151,0.16351948573724387
0.3766077170418006,0.2222668810289389,0.23914790996784566,0.16197749196141478
0.37600644122383253,0.22262479871175522,0.23832528180354268,0.16304347826086957
0.37731295253419145,0.22003218020917137,0.2413515687851971,0.16130329847144007
0.3774568792619334,0.2190132370637786,0.24147613317288408,0.16205375050140394
0.37681159420289856,0.21980676328502416,0.24154589371980675,0.16183574879227053
0.37525110486139013,0.21936520691040579,0.24427480916030533,0.16110887906789875
0.3753512645523886,0.2199919710959454,0.2448815736651947,0.1597751906864713
0.3765556001605781,0.22039341629867523,0.24167001204335609,0.1613809714973906
0.37610619469026546,0.2180209171359614,0.24336283185840707,0.16251005631536605
0.37691069991954945,0.22123893805309736,0.23934030571198714,0.16251005631536605
0.37792103142626915,0.22119258662369057,0.23972602739726026,0.16116035455278002
0.3784219001610306,0.22061191626409019,0.24194847020933977,0.15901771336553946
0.37817156665324203,0.2202980265807491,0.2436568666935159,0.15787354007249296
0.37881219903691815,0.22070626003210272,0.24157303370786518,0.15890850722311398
0.38062700964630225,0.22065916398713825,0.24196141479099678,0.1567524115755627
0.3794624949859607,0.2206177296430004,0.24147613317288408,0.15844364219815482
0.37906137184115524,0.2198154833533895,0.24147613317288408,0.1596470116325712
0.37454837414692893,0.2215977519068647,0.2432757928542754,0.16057808109193095
0.37464788732394366,0.22293762575452716,0.24346076458752516,0.158953722334004
0.37414418042690295,0.225130890052356,0.24244865082561418,0.15827627869512687
0.37479935794542535,0.2231139646869984,0.24357945425361155,0.15850722311396467
0.3758038585209003,0.22307073954983922,0.24115755627009647,0.159967845659164
0.37555287494973866,0.22195416164053075,0.23924406915963006,0.16324889425010053
0.37740384615384615,0.22395833333333334,0.23717948717948717,0.16145833333333334
0.37525110486139013,0.22659702691844114,0.23744475693049416,0.16070711128967458
0.375,0.227491961414791,0.23633440514469453,0.16117363344051447
0.3731403297145155,0.22798552472858866,0.2380377965420185,0.16083634901487737
0.3725411481332798,0.22681653954235248,0.23685266961059814,0.16378964271376958
0.372289156626506,0.2248995983935743,0.24136546184738955,0.1614457831325301
0.3725411481332798,0.2260136491368928,0.23926134082697711,0.16218386190285025
0.3733440385387395,0.22681653954235248,0.2376555600160578,0.16218386190285025
0.3731403297145155,0.22758343385605148,0.23843988741455568,0.16083634901487737
0.375,0.227491961414791,0.23914790996784566,0.15836012861736334
0.37404580152671757,0.22699879469666534,0.24106066693451186,0.15789473684210525
0.37720706260032105,0.22712680577849118,0.23996789727126805,0.15569823434991975
0.3764564081960627,0.22940940136601046,0.24146243471273604,0.15267175572519084
0.37630522088353413,0.2285140562248996,0.24056224899598394,0.15461847389558234
0.37449718423169753,0.22847948511665325,0.24014481094127113,0.1568785197103781
0.37379032258064515,0.22943548387096774,0.2411290322580645,0.15564516129032258
0.3742478941034898,0.23024468511833132,0.2402727637384677,0.1552346570397112
0.37449718423169753,0.23089300080450523,0.23893805309734514,0.15567176186645212
0.3759036144578313,0.22971887550200804,0.2389558232931727,0.15542168674698795
0.37449718423169753,0.23008849557522124,0.24014481094127113,0.15526950925181013
0.3758038585209003,0.22909967845659163,0.23995176848874597,0.15514469453376206
0.3740978348035285,0.22814755412991178,0.24258219727345628,0.15517241379310345
0.37017684887459806,0.22789389067524116,0.24356913183279744,0.15836012861736334
0.3704298915226999,0.22619525914021696,0.24507834471675372,0.15829650462032946
0.37037037037037035,0.22584541062801933,0.2471819645732689,0.1566022544283414
0.3717741935483871,0.22580645161290322,0.24637096774193548,0.15604838709677418
0.3744475693049417,0.22298111691442346,0.25030132583366815,0.15226998794696664
0.37530168946098147,0.2232502011263073,0.248994368463395,0.15245374094931616
0.37630522088353413,0.22329317269076304,0.24899598393574296,0.15140562248995984
0.37661290322580643,0.225,0.24838709677419354,0.15
0.3780096308186196,0.2247191011235955,0.24678972712680577,0.15048154093097912
0.3756038647342995,0.22544283413848631,0.2471819645732689,0.15177133655394526
0.37595496582227583,0.2259750703659027,0.24607961399276237,0.1519903498190591
0.37610619469026546,0.22807723250201126,0.24336283185840707,0.15245374094931616
0.37329042638777155,0.22807723250201126,0.24617860016090104,0.15245374094931616
0.3747987117552335,0.2278582930756844,0.24557165861513688,0.15177133655394526
0.37650844730490746,0.22646822204344327,0.24456958970233306,0.15245374094931616
0.3756549778315195,0.2257154373236598,0.24385328496573963,0.154776299879081
0.3751007252215955,0.22804190169218372,0.24456083803384368,0.1522965350523771
0.3792825473599355,0.22853688029020555,0.2426440951229343,0.14953647722692462
0.37997587454764775,0.22959388821873744,0.24085243264977885,0.14957780458383596
0.38081861958266455,0.2303370786516854,0.2411717495987159,0.1476725521669342
0.3801287208366854,0.23129525341914722,0.2413515687851971,0.14722445695897024
0.3820811570912013,0.23222177581357975,0.2394535958216151,0.14624347127360385
0.3822703569995989,0.23265142398716407,0.23906939430405133,0.14600882470918572
0.37906137184115524,0.23265142398716407,0.23987164059366226,0.14841556357801844
0.3785084202085004,0.23376102646351243,0.23857257417802727,0.1491579791499599
0.3780193236714976,0.2359098228663446,0.2391304347826087,0.1469404186795491
0.3779116465863454,0.2357429718875502,0.2389558232931727,0.14738955823293173
0.37681159420289856,0.23671497584541062,0.23792270531400966,0.14855072463768115
0.3788670148654078,0.23463238248292487,0.23784652470871837,0.14865407794294896
0.37525110486139013,0.2362394535958216,0.23744475693049416,0.15106468461229408
0.3747987117552335,0.23792270531400966,0.23671497584541062,0.15056360708534622
0.3762057877813505,0.23713826366559485,0.23553054662379422,0.15112540192926044
0.3754019292604502,0.23914790996784566,0.23593247588424437,0.1495176848874598
0.37474869320466425,0.23924406915963006,0.23642943305186973,0.14957780458383596
