C,D,Oc,Od
0.0,0.0,0.0,1.0
0.0,0.0,0.3333333333333333,0.6666666666666666
0.0,0.25,0.25,0.5
0.0,0.16666666666666666,0.16666666666666666,0.6666666666666666
0.0,0.2,0.2,0.6
0.0,0.14285714285714285,0.14285714285714285,0.7142857142857143
0.0,0.125,0.25,0.625
0.0,0.1111111111111111,0.2222222222222222,0.6666666666666666
0.0,0.18181818181818182,0.09090909090909091,0.7272727272727273
0.0,0.26666666666666666,0.06666666666666667,0.6666666666666666
0.0,0.17647058823529413,0.058823529411764705,0.7647058823529411
0.0,0.13043478260869565,0.043478260869565216,0.8260869565217391
0.034482758620689655,0.06896551724137931,0.034482758620689655,0.8620689655172413
0.03125,0.0625,0.03125,0.875
0.024390243902439025,0.04878048780487805,0.04878048780487805,0.8780487804878049
0.020833333333333332,0.0625,0.0625,0.8541666666666666
0.01818181818181818,0.03636363636363636,0.07272727272727272,0.8727272727272727
0.030303030303030304,0.045454545454545456,0.030303030303030304,0.8939393939393939
0.01282051282051282,0.05128205128205128,0.02564102564102564,0.9102564102564102
0.011494252873563218,0.04597701149425287,0.022988505747126436,0.9195402298850575
0.02040816326530612,0.09183673469387756,0.02040816326530612,0.8673469387755102
0.025423728813559324,0.07627118644067797,0.025423728813559324,0.8728813559322034
0.04580152671755725,0.08396946564885496,0.022900763358778626,0.8473282442748091
0.0641025641025641,0.07692307692307693,0.03205128205128205,0.8269230769230769
0.09090909090909091,0.07386363636363637,0.028409090909090908,0.8068181818181818
0.12935323383084577,0.06467661691542288,0.029850746268656716,0.7761194029850746
0.16228070175438597,0.06140350877192982,0.03508771929824561,0.7412280701754386
0.18604651162790697,0.05426356589147287,0.03488372093023256,0.7248062015503876
0.20469798657718122,0.05704697986577181,0.030201342281879196,0.7080536912751678
0.22413793103448276,0.05747126436781609,0.028735632183908046,0.6896551724137931
0.24040920716112532,0.043478260869565216,0.03324808184143223,0.6828644501278772
0.2511111111111111,0.04666666666666667,0.03333333333333333,0.6688888888888889
0.24849699398797595,0.04609218436873747,0.03206412825651302,0.6733466933867736
0.25830258302583026,0.04797047970479705,0.027675276752767528,0.6660516605166051
0.26742301458670986,0.04376012965964344,0.022690437601296597,0.6661264181523501
0.2852983988355167,0.039301310043668124,0.023289665211062592,0.6521106259097526
0.2913907284768212,0.03576158940397351,0.022516556291390728,0.6503311258278146
0.2862453531598513,0.03345724907063197,0.022304832713754646,0.6579925650557621
0.29132947976878615,0.03121387283236994,0.020809248554913295,0.6566473988439306
0.30620985010706636,0.032119914346895075,0.018201284796573874,0.6434689507494646
0.32429718875502006,0.03112449799196787,0.01706827309236948,0.6275100401606426
0.3293577981651376,0.027522935779816515,0.01651376146788991,0.6266055045871559
0.33590402742073694,0.028277634961439587,0.017994858611825194,0.6178234790059983
0.3392568659127625,0.02988691437802908,0.0210016155088853,0.6098546042003231
0.3512898330804249,0.030349013657056147,0.024279210925644917,0.5940819423368741
0.34549356223175964,0.031473533619456366,0.024320457796852647,0.5987124463519313
0.3526635198921106,0.033715441672285906,0.024275118004045852,0.5893459204315576
0.343811394891945,0.032089063523248196,0.022920759659463,0.6011787819253438
0.3518057285180573,0.030510585305105854,0.024283935242839352,0.5933997509339975
0.3580683156654888,0.03180212014134275,0.025323910482921083,0.5848056537102474
0.3593394077448747,0.03132118451025057,0.025056947608200455,0.5842824601366743
0.3592814371257485,0.02939575394665215,0.021774632553075667,0.5895481763745237
0.36106750392464676,0.03087388801674516,0.02250130821559393,0.5855572998430141
0.36247443762781184,0.028629856850715747,0.022494887525562373,0.58640081799591
0.3575638506876228,0.028978388998035363,0.019155206286836934,0.5943025540275049
0.350599520383693,0.03261390887290168,0.019664268585131893,0.5971223021582733
0.3520263901979265,0.032516493873704054,0.022620169651272386,0.592836946277097
0.3545243619489559,0.033874709976798145,0.023665893271461718,0.5879350348027842
0.35597082953509573,0.032816773017319965,0.022333637192342753,0.5888787602552416
0.353887399463807,0.02993744414655943,0.023681858802502235,0.5924932975871313
0.35333631885356026,0.03045230631437528,0.02239140170174653,0.593819973130318
0.3487432675044883,0.03231597845601436,0.024685816876122084,0.5942549371633752
0.3453014184397163,0.03235815602836879,0.024379432624113476,0.5979609929078015
0.3379341050756901,0.03561887800534283,0.02315227070347284,0.6032947462154942
0.3317008014247551,0.037399821905609976,0.027604630454140695,0.6032947462154942
0.3280071016422548,0.03861517976031957,0.02796271637816245,0.6054150022192633
0.33199821984868716,0.03827325322652426,0.030262572318647086,0.5994659546061415
0.3288710397144132,0.03971441320838911,0.03034359660865685,0.6010709504685409
0.33155318202047174,0.037828215398308856,0.030707610146862484,0.599910992434357
0.3342234089897641,0.03827325322652426,0.03159768580329328,0.5959056519804183
0.3327495621716287,0.04159369527145359,0.03152364273204904,0.5941330998248686
0.3357079252003562,0.04096170970614425,0.031166518254674976,0.5921638468388246
0.328278322925959,0.043710972346119537,0.031222123104371096,0.5967885816235504
0.3321507760532151,0.040798226164079826,0.03237250554323725,0.5946784922394679
0.32899461400359065,0.0381508078994614,0.03590664272890485,0.5969479353680431
0.3252142534957149,0.041046459179070814,0.034280559314388816,0.5994587280108254
0.31892368769298635,0.04190560211733568,0.03484781649757389,0.6043228936921041
0.3246924428822496,0.040421792618629174,0.035588752196836555,0.5992970123022847
0.3182423435419441,0.03861517976031957,0.03417665335108744,0.608965823346649
0.3246985261277356,0.037516748548459135,0.03528360875390799,0.6025011165698972
0.32017738359201775,0.03725055432372506,0.03636363636363636,0.6062084257206208
0.32396251673360105,0.035252119589468986,0.036590807675145026,0.604194556001785
0.31934628975265017,0.03489399293286219,0.037102473498233215,0.6086572438162544
0.3202122954444936,0.03538257408226449,0.0362671384343211,0.6081379920389208
0.3197856185797231,0.03573023671281822,0.03528360875390799,0.6092005359535507
0.3251779359430605,0.03469750889679715,0.03603202846975089,0.6040925266903915
0.3271604938271605,0.03571428571428571,0.036155202821869487,0.6009700176366843
0.3219814241486068,0.03538257408226449,0.03759398496240601,0.6050420168067226
0.3185217773867136,0.03519577650681918,0.03695556533216014,0.6093268807743071
0.313943161634103,0.035523978685612786,0.03685612788632327,0.6136767317939609
0.3073126962763571,0.03589053387169134,0.038582323912068194,0.6182144459398834
0.30614973262032086,0.03609625668449198,0.03832442067736185,0.6194295900178253
0.2981834293309703,0.035002215330084185,0.03987594151528578,0.6269384138236598
0.3044642857142857,0.033035714285714286,0.040625,0.621875
0.29973474801061006,0.034924845269672856,0.040671971706454466,0.6246684350132626
0.29398762157382846,0.03580901856763926,0.042440318302387266,0.627763041556145
0.2947181535730138,0.03195739014647137,0.04172214824678207,0.6316023080337329
0.2859025032938076,0.03162055335968379,0.039964866051822576,0.642512077294686
0.2793594306049822,0.03069395017793594,0.03914590747330961,0.6508007117437722
0.2815144766146993,0.032516703786191536,0.03608017817371938,0.6498886414253897
0.2870535714285714,0.033928571428571426,0.03616071428571429,0.6428571428571429
0.28634555899248787,0.03623508616880247,0.03535130357931949,0.6420680512593901
0.2864120781527531,0.03685612788632327,0.03285968028419183,0.6438721136767318
0.2878113879003559,0.036476868327402136,0.03113879003558719,0.6445729537366548
0.28901734104046245,0.03334815473543797,0.03379279679857715,0.6438417074255225
0.2917225950782998,0.033109619686800894,0.032662192393736016,0.6425055928411633
0.2932799287939475,0.030262572318647086,0.03115264797507788,0.6453048509123276
0.2893789378937894,0.030153015301530153,0.030153015301530153,0.6503150315031503
0.2902654867256637,0.03008849557522124,0.031415929203539826,0.6482300884955752
0.2875,0.03169642857142857,0.03125,0.6495535714285714
0.29103815439219166,0.03460514640638864,0.030612244897959183,0.6437444543034605
0.2947976878612717,0.03601600711427301,0.028901734104046242,0.640284570920409
0.2894387980556783,0.034909412284577994,0.028722934158197082,0.6469288555015467
0.29155555555555557,0.035111111111111114,0.030222222222222223,0.6431111111111111
0.28961504028648166,0.03670546105640107,0.03178155774395703,0.6418979409131602
0.29366861248316123,0.03547373147732375,0.030983385720700495,0.6398742703188145
0.2873100983020554,0.03485254691689008,0.03306523681858802,0.6447721179624665
0.2886087348041423,0.037370553804592525,0.03241782980639352,0.6416028815848717
0.28935795954265614,0.03605980650835532,0.03386103781882146,0.6407211961301671
0.29048042704626337,0.037366548042704624,0.03469750889679715,0.6374555160142349
0.2894736842105263,0.03728070175438596,0.03640350877192983,0.6368421052631579
0.2862222222222222,0.035555555555555556,0.036444444444444446,0.6417777777777778
0.2831858407079646,0.035398230088495575,0.03584070796460177,0.6455752212389381
0.2870452528837622,0.03460514640638864,0.03771073646850044,0.6406388642413487
0.28836797877045556,0.034055727554179564,0.03759398496240601,0.6399823087129589
0.28495102404274264,0.03428317008014248,0.039180765805877114,0.6415850400712377
0.2885964912280702,0.033771929824561404,0.039473684210526314,0.6381578947368421
0.28520971302428255,0.032229580573951436,0.03487858719646799,0.6476821192052981
0.2894619831036016,0.0329035126722988,0.039573143619386394,0.6380613606047132
0.28982300884955753,0.033628318584070796,0.04424778761061947,0.6323008849557522
0.29442738043001315,0.03334795963141729,0.04475647213690215,0.6274681878016674
0.2831272084805654,0.03666077738515901,0.0446113074204947,0.6356007067137809
0.28703703703703703,0.036155202821869487,0.0427689594356261,0.6340388007054674
0.28028609745194455,0.03844434510505141,0.04023245417970496,0.6410371032632991
0.2790594498669033,0.03771073646850044,0.041259982253771074,0.6419698314108252
0.27780259044216166,0.03528360875390799,0.04108977221974096,0.6458240285841894
0.2794313638382941,0.034207019102621056,0.0422034651266104,0.6441581519324745
0.2825990209167779,0.032932799287939477,0.040498442367601244,0.6439697374276814
0.2814159292035398,0.031415929203539826,0.03938053097345133,0.647787610619469
0.2798573975044563,0.03208556149732621,0.03609625668449198,0.6519607843137255
0.27883340698188247,0.03535130357931949,0.03667697746354397,0.6491383119752541
0.28238458090542357,0.03496190049305244,0.03585835948005379,0.6467951591214702
0.2780725022104332,0.03713527851458886,0.032714412024756855,0.652077807250221
0.2799821667409719,0.038341506910387874,0.03209986625055729,0.6495764600980829
0.28191489361702127,0.03546099290780142,0.034574468085106384,0.6480496453900709
0.27851458885941643,0.03978779840848806,0.03536693191865606,0.6463306808134395
0.2731297034085879,0.03851261620185923,0.03497122620628597,0.6533864541832669
0.2734966592427617,0.0400890868596882,0.035634743875278395,0.6507795100222717
0.2618941751889729,0.03912850155624722,0.037349933303690526,0.6616273899510894
0.26362428001772265,0.03721754541426672,0.03721754541426672,0.6619406291537439
0.25686448184233834,0.038529672276350756,0.03941541186891054,0.6651904340124003
0.25033229951262737,0.03677447939743022,0.04164820558263181,0.6712450155073106
0.25893635571054924,0.036617262423714034,0.043156059285091544,0.6612903225806451
0.25477990217874613,0.035571365051133834,0.04090706980880391,0.6687416629613161
0.2568523430592396,0.03536693191865606,0.042440318302387266,0.6653404067197171
0.2521083000443853,0.03772747447847315,0.04216600088770528,0.6679982245894364
0.2548932384341637,0.037366548042704624,0.04092526690391459,0.666814946619217
0.2505592841163311,0.03668903803131991,0.03982102908277405,0.672930648769575
0.252863436123348,0.03524229074889868,0.03788546255506608,0.6740088105726872
0.2478146853146853,0.03671328671328671,0.03496503496503497,0.680506993006993
0.24185022026431718,0.039207048458149776,0.037444933920704845,0.6814977973568281
0.24162257495590828,0.034832451499118164,0.036155202821869487,0.687389770723104
0.24281291463954002,0.033171163202122954,0.03538257408226449,0.6886333480760726
0.24019607843137256,0.03163992869875223,0.036541889483065956,0.6916221033868093
0.23879272081668887,0.03195739014647137,0.03550821127385708,0.6937416777629827
0.2420353982300885,0.033185840707964605,0.035398230088495575,0.6893805309734513
0.2400890868596882,0.033853006681514475,0.03429844097995546,0.6917594654788418
0.23607427055702918,0.034482758620689655,0.036251105216622455,0.6931918656056587
0.2377994676131322,0.03194321206743567,0.034161490683229816,0.6960958296362023
0.23728070175438595,0.03289473684210526,0.035526315789473684,0.6942982456140351
0.22906513070447496,0.03322995126273815,0.03544528134692069,0.7022596366858662
0.23270163067430585,0.03349493168796827,0.03437637725870427,0.6994270603790216
0.2261061946902655,0.034513274336283185,0.036283185840707964,0.7030973451327434
0.23396727111897392,0.03715170278637771,0.03494029190623618,0.6939407341884122
0.224945295404814,0.036761487964989056,0.036761487964989056,0.7015317286652079
0.2202486678507993,0.038632326820603906,0.03596802841918295,0.7051509769094139
0.2185430463576159,0.03708609271523179,0.03664459161147903,0.7077262693156733
0.2208994708994709,0.03747795414462081,0.03350970017636684,0.7081128747795414
0.22394678492239467,0.03592017738359202,0.03458980044345898,0.7055432372505543
0.21798848028356224,0.034559149313247675,0.03633141338059371,0.7111209570225964
0.2259636685866194,0.0358883473637572,0.03633141338059371,0.7018165706690297
0.22625448028673836,0.03539426523297491,0.03718637992831541,0.7011648745519713
0.2198581560283688,0.03546099290780142,0.03634751773049645,0.7083333333333334
0.2152624614027349,0.03573003970004411,0.03440670489633877,0.7146007940008823
0.2184873949579832,0.0362671384343211,0.03494029190623618,0.7103051747014595
0.2176418439716312,0.038120567375886524,0.034131205673758866,0.7101063829787234
0.21628721541155868,0.04115586690017513,0.03239929947460595,0.7101576182136602
0.2132320071524363,0.03933839964237819,0.03263299061242736,0.7147966025927581
0.2151501568803227,0.03854773644105782,0.03272075302554908,0.7135813536530704
0.21155555555555555,0.03955555555555555,0.03111111111111111,0.7177777777777777
0.21326803205699021,0.0365093499554764,0.032056990204808546,0.7181656277827249
0.2147887323943662,0.037411971830985914,0.030369718309859156,0.7174295774647887
0.2150442477876106,0.035398230088495575,0.030973451327433628,0.7185840707964601
0.216,0.03822222222222222,0.032,0.7137777777777777
0.2157473309608541,0.03914590747330961,0.02891459074733096,0.7161921708185054
0.21869488536155202,0.03968253968253968,0.031746031746031744,0.7098765432098766
0.214636323070058,0.038375725122713075,0.02900490852298081,0.7179830432842481
0.21152993348115298,0.03902439024390244,0.027937915742793792,0.7215077605321508
0.21492403932082216,0.03663985701519214,0.028596961572832886,0.7198391420911529
0.21489077128845296,0.03611234953187695,0.027641551493535442,0.7213553276861346
0.21561668145519078,0.03371783496007098,0.029724933451641525,0.7209405501330968
0.21289752650176677,0.03356890459363958,0.02782685512367491,0.7257067137809188
0.2103861517976032,0.029738126941855306,0.02796271637816245,0.7319130048823791
0.2089817696754113,0.032458870609159626,0.024899955535793685,0.7336594041796354
0.2,0.032527472527472526,0.023736263736263738,0.7437362637362638
0.2022075055187638,0.033554083885209716,0.024282560706401765,0.7399558498896247
0.20035149384885764,0.03383128295254833,0.026362038664323375,0.7394551845342706
0.20325560932688078,0.03695556533216014,0.027276726792784867,0.7325120985481742
0.19877139096094779,0.035980693286529176,0.029398859148749453,0.7358490566037735
0.19327731092436976,0.03715170278637771,0.03228659885006634,0.7372843874391862
0.19136626613262128,0.035603026257231864,0.032487761459724075,0.7405429461504228
0.19113082039911308,0.03414634146341464,0.032815964523281595,0.7419068736141907
0.19306049822064056,0.03336298932384341,0.033807829181494664,0.7397686832740213
0.19072615923009623,0.03237095363079615,0.03280839895013123,0.7440944881889764
0.18932038834951456,0.03309796999117388,0.03486319505736982,0.7427184466019418
0.18502202643171806,0.03303964757709251,0.03303964757709251,0.748898678414097
0.18967052537845058,0.032056990204808546,0.034728406055209264,0.7435440783615316
0.18561278863232683,0.03019538188277087,0.035523978685612786,0.7486678507992895
0.1840463458110517,0.030303030303030304,0.03342245989304813,0.7522281639928698
0.18508655126498003,0.02796271637816245,0.033732800710164226,0.7532179316466933
0.17929179740026893,0.029134917077543704,0.03675481846705513,0.7548184670551322
0.17570596145226355,0.02823845809054236,0.03809950694755715,0.7579560735096369
0.1723684210526316,0.029385964912280703,0.03728070175438596,0.7609649122807017
0.1692581075077743,0.028431808085295423,0.037760995113282986,0.7645490892936473
0.16599732262382866,0.026327532351628737,0.038821954484605084,0.7688531905399375
0.1655450874831763,0.024226110363391656,0.038582323912068194,0.7716464782413638
0.16983635559486954,0.024325519681556832,0.03582485625829279,0.7700132684652808
0.1687170474516696,0.025483304042179262,0.03646748681898067,0.7693321616871704
0.16897630755476084,0.02637460885113992,0.03531515422440769,0.7693339293696916
0.1683079677708147,0.02820053715308863,0.03312444046553268,0.770367054610564
0.16540684748777235,0.029791018230324588,0.03468208092485549,0.7701200533570476
0.16386182462356066,0.034100974313551816,0.034100974313551816,0.7679362267493357
0.16489361702127658,0.0350177304964539,0.03679078014184397,0.7632978723404256
0.16101694915254236,0.03345227475468332,0.03479036574487065,0.7707404103479036
0.16301489921121823,0.031989482909728306,0.035056967572304996,0.7699386503067485
0.16268788682581786,0.033156498673740056,0.038903625110521665,0.7652519893899205
0.16290393979637008,0.035856573705179286,0.03939796370075255,0.7618415227976981
0.16024789729969013,0.033643204957945996,0.04072598494909252,0.7653829127932713
0.15739910313901345,0.03228699551569507,0.04349775784753363,0.7668161434977578
0.15319338990620812,0.03260384100044663,0.041536400178651185,0.7726663689146941
0.15121951219512195,0.03015521064301552,0.03991130820399113,0.7787139689578714
0.14885159010600707,0.029151943462897525,0.03931095406360424,0.7826855123674912
0.14677276746242263,0.03094606542882405,0.03934571175950486,0.7829354553492485
0.14177777777777778,0.028888888888888888,0.03688888888888889,0.7924444444444444
0.1476923076923077,0.027692307692307693,0.035164835164835165,0.7894505494505495
0.14701986754966886,0.02869757174392936,0.03620309050772627,0.7880794701986755
0.15114235500878734,0.02680140597539543,0.035588752196836555,0.7864674868189807
0.14922737306843267,0.0282560706401766,0.03487858719646799,0.7876379690949228
0.14692787177203917,0.029385574354407838,0.03428317008014248,0.7894033837934105
0.14464285714285716,0.030357142857142857,0.03616071428571429,0.7888392857142857
0.15015411712901805,0.028621752531924262,0.035667107001321,0.7855570233377367
0.15163572060123784,0.02961980548187445,0.03404067197170645,0.7847038019451813
0.14756258234519104,0.029424681598594644,0.034255599472990776,0.7887571365832236
0.1534065934065934,0.029010989010989013,0.03472527472527472,0.7828571428571428
0.14970865082922458,0.029134917077543704,0.035410129986553115,0.7857463021066786
0.14558366622281402,0.029738126941855306,0.03817132711939636,0.7865068797159344
0.14444444444444443,0.028888888888888888,0.04133333333333333,0.7853333333333333
0.1434245366284201,0.029567519858781994,0.040158870255957636,0.7868490732568403
0.14464285714285716,0.02857142857142857,0.039732142857142855,0.7870535714285715
0.14054290718038528,0.028021015761821366,0.03896672504378284,0.7924693520140105
0.141718334809566,0.02745792736935341,0.03720106288751107,0.7936226749335695
0.14147201410312912,0.027765535478184222,0.0370207139709123,0.7937417364477743
0.1368653421633554,0.029580573951434878,0.03664459161147903,0.7969094922737306
0.13718570798411997,0.029554477282752536,0.03617115130127922,0.7970886634318483
0.13336267605633803,0.026848591549295774,0.03653169014084507,0.8032570422535211
0.1346153846153846,0.02817531305903399,0.03667262969588551,0.8005366726296959
0.13694975544686527,0.026678523788350377,0.03601600711427301,0.8003557136505114
0.13620071684587814,0.028225806451612902,0.03718637992831541,0.7983870967741935
0.13670661340434975,0.027075011096316024,0.03462050599201065,0.8015978695073236
0.12985274431057564,0.028112449799196786,0.03435966086568496,0.8076751450245426
0.13221683561040107,0.02379903040987219,0.03261348611723226,0.8113706478624945
0.12953138815207782,0.023872679045092837,0.03227232537577365,0.8143236074270557
0.12897526501766785,0.023851590106007067,0.03268551236749117,0.8144876325088339
0.12522202486678508,0.023534635879218474,0.03197158081705151,0.8192717584369449
0.12538631346578366,0.024724061810154525,0.02913907284768212,0.8207505518763797
0.12561029738126941,0.027075011096316024,0.032401242787394584,0.8149134487350199
0.12571934484285083,0.02611775121735281,0.03142983621071271,0.8167330677290837
0.12904636920384951,0.024496937882764653,0.030183727034120734,0.8162729658792651
0.12867808519982432,0.023715415019762844,0.02854633289415898,0.8190601668862538
0.1313220940550133,0.024844720496894408,0.02839396628216504,0.8154392191659272
0.13212549712770658,0.0273972602739726,0.026071586389748123,0.8144056562085726
0.13395225464190982,0.026083112290008842,0.02564102564102564,0.8143236074270557
0.13622291021671826,0.026094648385670056,0.02476780185758514,0.8129146395400265
0.1329810656098635,0.024658740642888595,0.025979744605900485,0.8163804491413474
0.13397972675187308,0.0246804759806082,0.024239753195240195,0.8171000440722785
0.13412489006156553,0.022427440633245383,0.024186455584872472,0.8192612137203166
0.13135780628040689,0.02344095532950022,0.023883237505528527,0.8213180008845643
0.13204225352112675,0.022887323943661973,0.023767605633802816,0.8213028169014085
0.13004882379050156,0.022636484687083888,0.023524189968930315,0.8237905015534842
0.12549537648612946,0.020695728753852928,0.023778071334214,0.8300308234258036
0.12467076382791922,0.021071115013169446,0.0228270412642669,0.8314310798946444
0.12599822537710736,0.02040816326530612,0.023957409050576754,0.8296362023070097
0.12550607287449392,0.02114260008996851,0.02249212775528565,0.8308591992802519
0.1261101243339254,0.02264653641207815,0.022202486678507993,0.8290408525754884
0.1317311971517579,0.024922118380062305,0.020026702269692925,0.8233199821984869
0.132857779759251,0.0231832367365136,0.020062416406598307,0.8238965670976371
0.12929112795363354,0.022737405260811413,0.020062416406598307,0.8279090503789568
0.13196611680784665,0.02541239411502452,0.018279090503789567,0.8243423985733392
0.132,0.024444444444444446,0.020888888888888887,0.8226666666666667
0.12992125984251968,0.025809273840769902,0.024059492563429572,0.8202099737532809
0.12978442586889574,0.027716673999120107,0.024197096348438186,0.818301803783546
0.13300927971718957,0.02562969509500663,0.025187803800265134,0.8161732213875387
0.13351134846461948,0.02848242100578549,0.0262572318647085,0.8117489986648865
0.1307218309859155,0.02772887323943662,0.025528169014084508,0.8160211267605634
0.127763041556145,0.027409372236958444,0.027409372236958444,0.8174182139699381
0.12667261373773417,0.028545941123996433,0.028099910793933987,0.8166815343443354
0.11646586345381527,0.027666220437304774,0.02989736724676484,0.8259705488621151
0.11918475852902083,0.02658396101019052,0.027913159060700046,0.8263181214000886
0.12144128113879003,0.025800711743772242,0.026690391459074734,0.826067615658363
0.12301587301587301,0.027336860670194002,0.029541446208112873,0.8201058201058201
0.12461470717745486,0.028181417877586965,0.02906208718626156,0.8181417877586966
0.12477876106194691,0.02566371681415929,0.030973451327433628,0.8185840707964602
0.12814847547503314,0.027839151568714096,0.029606716747680072,0.8144056562085726
0.12708883025505716,0.025505716798592787,0.029023746701846966,0.8183817062445031
0.12815964523281598,0.02394678492239468,0.03015521064301552,0.8177383592017738
0.12627834593152512,0.024455313472654512,0.032458870609159626,0.8168074699866608
0.12788632326820604,0.023534635879218474,0.035523978685612786,0.8130550621669627
0.12505523641184269,0.02695536897923111,0.03314184710561202,0.8148475475033142
0.12416555407209613,0.02848242100578549,0.032487761459724075,0.8148642634623943
0.12321428571428572,0.027678571428571427,0.03169642857142857,0.8174107142857143
0.1273209549071618,0.028293545534924844,0.03359858532272325,0.8107869142351901
0.13242410910690716,0.027716673999120107,0.0343158820941487,0.805543334799824
0.1303769401330377,0.0270509977827051,0.03414634146341464,0.8084257206208426
0.1284116331096197,0.02774049217002237,0.03758389261744966,0.8062639821029083
0.1341301460823373,0.03054448871181939,0.035856573705179286,0.799468791500664
0.1318242343541944,0.02885042166000888,0.03550821127385708,0.8038171327119397
0.1313220940550133,0.02883762200532387,0.0354924578527063,0.8043478260869565
0.1346153846153846,0.03130590339892665,0.03711985688729875,0.7969588550983899
0.13371579876434245,0.03265666372462489,0.03574580759046778,0.7978817299205648
0.13312693498452013,0.030959752321981424,0.0367094206103494,0.799203892083149
0.13214285714285715,0.029910714285714287,0.033928571428571426,0.8040178571428571
0.12834224598930483,0.0285204991087344,0.03297682709447415,0.8101604278074866
0.13241806908768822,0.029229406554472984,0.03188662533215235,0.8064658990256864
0.1351590106007067,0.026501766784452298,0.030477031802120143,0.8078621908127208
0.13732394366197184,0.029049295774647887,0.028609154929577465,0.8050176056338029
0.12771618625277162,0.027494456762749447,0.031929046563192905,0.812860310421286
0.1267229879946643,0.028012449977767896,0.0329035126722988,0.812361049355269
0.12566607460035523,0.027531083481349913,0.03285968028419183,0.8139431616341031
0.13122775800711745,0.02491103202846975,0.03202846975088968,0.8118327402135231
0.12610229276895943,0.02513227513227513,0.03130511463844797,0.8174603174603174
0.128686327077748,0.02546916890080429,0.02993744414655943,0.8159070598748883
0.12603938730853392,0.022757111597374178,0.02800875273522976,0.8231947483588622
0.12859036676977464,0.02562969509500663,0.02695536897923111,0.8188245691559877
0.13025962399283797,0.026410026857654433,0.02775290957923008,0.8155774395702775
0.1317552478785172,0.026351049575703438,0.027244305493523895,0.8146493970522555
0.12921847246891652,0.02708703374777975,0.028419182948490232,0.8152753108348135
0.12870411322423705,0.026094648385670056,0.03140203449800973,0.8137992038920832
0.12852112676056338,0.023767605633802816,0.03169014084507042,0.8160211267605634
0.12709620476610767,0.026037069726390114,0.030450132391879964,0.8164165931156222
0.12239467849223946,0.025277161862527715,0.03148558758314856,0.8208425720620842
0.12733748886910062,0.02715939447907391,0.031166518254674976,0.8143365983971504
0.12669881630863655,0.027181060938185005,0.033318719859710653,0.8128014028934678
0.12867808519982432,0.02854633289415898,0.033816425120772944,0.8089591567852438
0.13345117101193107,0.030048608042421564,0.03137428192664605,0.8051259390190013
0.13064658990256864,0.0283436669619132,0.02967227635075288,0.8113374667847653
0.12984154929577466,0.028609154929577465,0.027288732394366196,0.8142605633802817
0.13282985339848957,0.027099067081297203,0.028876055086628164,0.811195024433585
0.1341625944024878,0.02621057307863172,0.02665482007996446,0.812972012438916
0.13566062748563854,0.026513477684489615,0.02695536897923111,0.8108705258506408
0.1345646437994723,0.026824978012313105,0.027264731750219876,0.8113456464379947
0.13638363396392433,0.028596568411790584,0.027276726792784867,0.8077430708315002
0.13620230700976044,0.027950310559006212,0.027950310559006212,0.8078970718722271
0.13509933774834437,0.029580573951434878,0.027373068432671083,0.8079470198675497
0.13704686118479223,0.026525198938992044,0.027409372236958444,0.8090185676392573
0.13859649122807016,0.02587719298245614,0.028070175438596492,0.8074561403508772
0.1403118040089087,0.028062360801781736,0.025835189309576838,0.8057906458797327
0.1443207126948775,0.026280623608017816,0.024498886414253896,0.8048997772828508
0.14501108647450112,0.027494456762749447,0.025720620842572064,0.8017738359201774
0.14470745868691381,0.02456453774006253,0.025457793657882984,0.8052702099151406
0.15055187637969095,0.024282560706401765,0.024724061810154525,0.8004415011037528
0.1519674355495251,0.022614201718679332,0.02532790592492085,0.8000904568068747
0.1520106053910738,0.021652673442333185,0.02342023862129916,0.8029164825452939
0.15208613728129206,0.02243158366980709,0.02243158366980709,0.8030506953790938
0.15190434012400356,0.023472099202834367,0.021257750221434897,0.8033658104517272
0.15731330092797172,0.024745912505523642,0.021210782147591693,0.796730004418913
0.15689731159100925,0.026443367122080213,0.02247686205376818,0.7941824592331423
0.15394794883105425,0.025584472871636524,0.022496691662990738,0.7979708866343185
0.15411558669001751,0.026707530647985988,0.024956217162872153,0.7942206654991243
0.15181370353784146,0.026421854008060904,0.02418271383788625,0.7975817286162113
0.1572634384717903,0.02798756108396268,0.024877832074633496,0.7898711683696135
0.157543391188251,0.027147307521139297,0.023141967067200713,0.792167334223409
0.152,0.027555555555555555,0.02311111111111111,0.7973333333333333
0.16026490066225166,0.030022075055187638,0.02163355408388521,0.7880794701986755
0.1646746347941567,0.03010181496237273,0.023019034971226208,0.7822045152722443
0.16278046634403873,0.027276726792784867,0.025076990761108666,0.7848658161020677
0.1606586559857588,0.0267022696929239,0.027147307521139297,0.7854917668001781
0.15875109938434476,0.028144239226033423,0.028583992963940194,0.7845206684256816
0.16346153846153846,0.027097902097902096,0.027534965034965036,0.7819055944055944
0.1631929046563193,0.027494456762749447,0.027494456762749447,0.7818181818181819
0.16688741721854305,0.02913907284768212,0.027373068432671083,0.7766004415011037
0.17377777777777778,0.030666666666666665,0.024888888888888887,0.7706666666666667
0.17775792764627066,0.03126395712371594,0.022778025904421618,0.7682000893255918
0.18116912092815707,0.03034359660865685,0.023650156180276664,0.7648371262829095
0.18531781557743957,0.02954341987466428,0.025067144136078783,0.7600716204118174
0.18375499334221038,0.02929427430093209,0.02574345317354638,0.7612072791833111
0.1840463458110517,0.03074866310160428,0.026292335115864526,0.7589126559714795
0.18342151675485008,0.03306878306878307,0.026895943562610228,0.7566137566137566
0.1858719646799117,0.031788079470198675,0.027373068432671083,0.7549668874172185
0.18952507767421217,0.03062583222370173,0.028406569019085663,0.7514425210830005
0.188470066518847,0.030598669623059866,0.027494456762749447,0.7534368070953437
0.1799910674408218,0.02992407324698526,0.029477445288075034,0.7606074140241179
0.18173797970886635,0.02999558888398765,0.029113365681517425,0.7591530657256286
0.18438464931627702,0.029554477282752536,0.027348919276576972,0.7587119541243935
0.1817781690140845,0.02948943661971831,0.029049295774647887,0.7596830985915493
0.1795774647887324,0.02948943661971831,0.028169014084507043,0.7627640845070423
0.17977031802120141,0.02871024734982332,0.02871024734982332,0.7628091872791519
0.1800262812089356,0.02759526938239159,0.02847130968024529,0.7639071397284275
0.18755555555555556,0.027555555555555555,0.028888888888888888,0.756
0.1878059635068981,0.0262572318647085,0.03115264797507788,0.7547841566533156
0.18984547461368653,0.02869757174392936,0.0282560706401766,0.7532008830022076
0.1870567375886525,0.03235815602836879,0.026595744680851064,0.7539893617021277
0.18426866990720284,0.03225806451612903,0.0273972602739726,0.7560760053026956
0.1876675603217158,0.03127792672028597,0.028596961572832886,0.7524575513851653
0.18830305715551618,0.031014621178555603,0.024368630926007974,0.7563136907399203
0.18741750989881215,0.029476462824461064,0.024197096348438186,0.7589089309282886
0.19379157427937915,0.028381374722838137,0.02394678492239468,0.753880266075388
0.19497132774591971,0.029113365681517425,0.023820026466696075,0.7520952801058668
0.19461606354810237,0.029567519858781994,0.02471315092674316,0.7511032656663724
0.19458018658374057,0.029320302087960905,0.021768103065304308,0.7543314082629943
0.20255957634598412,0.027802294792586054,0.020741394527802295,0.7488967343336276
0.20202464788732394,0.028169014084507043,0.02244718309859155,0.7473591549295775
0.2079646017699115,0.024778761061946902,0.023008849557522124,0.7442477876106195
0.20432480141218004,0.02471315092674316,0.02206531332744925,0.7488967343336276
0.20212765957446807,0.02349290780141844,0.0199468085106383,0.7544326241134752
0.207688908528502,0.0207688908528502,0.02209456473707468,0.7494476358815731
0.20132450331125828,0.019867549668874173,0.022516556291390728,0.7562913907284768
0.1992866696388765,0.02229157378510923,0.021845742309407043,0.7565760142666073
0.19553571428571428,0.024553571428571428,0.023660714285714285,0.75625
0.1971706454465075,0.023872679045092837,0.026083112290008842,0.7528735632183908
0.2006172839506173,0.022486772486772486,0.026895943562610228,0.75
0.19504643962848298,0.019902697921273773,0.026094648385670056,0.7589562140645731
0.19672131147540983,0.020824102791315906,0.024368630926007974,0.7580859548072663
0.19991173874669022,0.019858781994704325,0.023389232127096204,0.7568402471315092
0.2003530450132392,0.022506619593998235,0.02559576345984113,0.7515445719329215
0.19859402460456943,0.02240773286467487,0.024165202108963092,0.7548330404217927
0.19788918205804748,0.02198768689533861,0.022427440633245383,0.7576956904133685
0.19902265659706797,0.02221235006663705,0.02132385606397157,0.7574411372723234
0.19840213049267644,0.022192632046160676,0.024855747891699954,0.7545494895694629
0.19884083816317433,0.024074899687917966,0.024966562639322336,0.7521176995095854
0.19884083816317433,0.02229157378510923,0.02808738296923763,0.7507802050824788
0.19884598313359964,0.02174877940523746,0.02574345317354638,0.7536617842876165
0.20167327168648172,0.022457067371202115,0.024658740642888595,0.7512109202994276
0.20248116969428445,0.024368630926007974,0.026140894993354008,0.7470093043863536
0.19973368841544606,0.023968042609853527,0.028406569019085663,0.7478916999556148
0.19484491044124072,0.025775447793796417,0.02839667977282656,0.7509829619921363
0.19839857651245552,0.025355871886120998,0.030249110320284697,0.7459964412811388
0.1986725663716814,0.02654867256637168,0.030530973451327433,0.7442477876106195
0.19618286728806036,0.02663115845539281,0.032845095428317796,0.7443408788282291
0.20105124835742444,0.02715724923346474,0.0337275514673675,0.7380639509417434
0.2086457873842082,0.027790030877812087,0.031318923687692984,0.7322452580502867
0.20274457724656927,0.03010181496237273,0.03142983621071271,0.7357237715803453
0.1985624438454627,0.03189577717879605,0.03234501347708895,0.7371967654986523
0.19928347514554412,0.03358710255261979,0.03045230631437528,0.7366771159874608
0.2040636042402827,0.03268551236749117,0.02959363957597173,0.7336572438162544
0.20770593445527016,0.03188662533215235,0.031443755535872454,0.728963684676705
0.2072791833111407,0.030181979582778518,0.032845095428317796,0.729693741677763
0.20551601423487545,0.030249110320284697,0.03069395017793594,0.733540925266904
0.20123293703214443,0.029502421840598855,0.03126376045794804,0.7380008806693087
0.19482229047827995,0.028521281263712155,0.030276437033786747,0.7463799912242212
0.19416187527642637,0.029632905793896505,0.03272888102609465,0.7434763379035825
0.20106288751107174,0.0283436669619132,0.029229406554472984,0.7413640389725421
0.2043956043956044,0.029010989010989013,0.02857142857142857,0.738021978021978
0.1985068072024594,0.02854633289415898,0.030303030303030304,0.7426438296003514
0.19805050952591935,0.02968542312804608,0.030571555161719097,0.7416925121843154
0.19903551074090312,0.02893467777290662,0.030688294607628234,0.741341516878562
0.1984126984126984,0.028659611992945325,0.03130511463844797,0.7416225749559083
0.19646017699115045,0.027876106194690265,0.030530973451327433,0.7451327433628319
0.1961044710048694,0.027888446215139442,0.03054448871181939,0.7454625940681717
0.18944099378881987,0.0323868677905945,0.030168589174800354,0.7480035492457853
0.18752764263600177,0.033171163202122954,0.02830605926581159,0.7509951348960637
0.19062361786819992,0.034055727554179564,0.02830605926581159,0.7470145953118089
0.1899956121105748,0.03247038174637999,0.03290917068889864,0.7446248354541466
0.18958611481975968,0.032487761459724075,0.03382287494437027,0.744103248776146
0.1880303707012059,0.030370701205895488,0.03126395712371594,0.7503349709691827
0.1919147045757441,0.03243003109729009,0.030208796090626388,0.7454464682363394
0.18922470433639949,0.033289531318440646,0.030223390275952694,0.7472623740692071
0.19119608714984437,0.03023566029346376,0.03023566029346376,0.7483325922632281
0.1909614532565352,0.030128489144882586,0.031014621178555603,0.7478954364200265
0.19326241134751773,0.03102836879432624,0.03324468085106383,0.7424645390070922
0.19171441163508154,0.030409872190392245,0.03305420890260027,0.744821507271926
0.19849357554275587,0.03145768719539211,0.03322995126273815,0.7368187859991139
0.20089285714285715,0.034375,0.03571428571428571,0.7290178571428572
0.20008892841262785,0.03023566029346376,0.0377945753668297,0.7318808359270788
0.20698805838124723,0.02830605926581159,0.03582485625829279,0.7288810260946483
0.20877659574468085,0.02925531914893617,0.038120567375886524,0.7238475177304965
0.20969914683430624,0.02784014369106421,0.038616973506960035,0.7238437359676695
0.2104563579973416,0.028356225077536552,0.03898980948161276,0.7221976074435091
0.2098434004474273,0.03087248322147651,0.03668903803131991,0.7225950782997763
0.21178555604785113,0.02968542312804608,0.03190075321222862,0.7266282676118742
0.21362229102167182,0.03007518796992481,0.03140203449800973,0.7249004865103936
0.21539141972578504,0.03051747014595312,0.0291906236178682,0.7249004865103936
0.2167985927880387,0.028583992963940194,0.027704485488126648,0.7269129287598944
0.21578243423985732,0.028533214444939812,0.026749888542131076,0.7289344627730718
0.21719858156028368,0.02969858156028369,0.0274822695035461,0.7256205673758865
0.21682991985752448,0.028495102404274265,0.02894033837934105,0.7257346393588602
0.21571238348868177,0.027075011096316024,0.02796271637816245,0.7292498890368397
0.22005323868677906,0.026175687666370896,0.026619343389529725,0.7271517302573203
0.22158337019018134,0.025210084033613446,0.0291906236178682,0.724015922158337
0.22422907488986785,0.024229074889867842,0.03039647577092511,0.7211453744493392
0.22118794326241134,0.026152482269503546,0.030141843971631204,0.7225177304964538
0.22340898976412996,0.0262572318647085,0.0267022696929239,0.7236315086782377
0.21956617972554227,0.025232403718459494,0.027003098716246128,0.7281983178397521
0.2237017310252996,0.024411895250776743,0.02796271637816245,0.7239236573457613
0.22852081488042517,0.026572187776793623,0.026572187776793623,0.7183348095659876
0.22466960352422907,0.025110132158590308,0.02907488986784141,0.7211453744493392
0.2267313630348478,0.02690780767534186,0.02867225408028231,0.717688575209528
0.225,0.02368421052631579,0.028070175438596492,0.7232456140350877
0.22291853178155774,0.025514771709937333,0.03178155774395703,0.7197851387645479
0.22285714285714286,0.024615384615384615,0.02945054945054945,0.7230769230769231
0.22246793454223796,0.025210084033613446,0.028748341441839895,0.7235736399823087
0.22261957979436744,0.02548055431381314,0.030844881537773806,0.7210549843540456
