C,D,Oc,Od
0.0,1.0,0.0,0.0
0.0,1.0,0.0,0.0
0.0,0.5,0.5,0.0
0.0,0.5,0.5,0.0
0.0,0.42857142857142855,0.42857142857142855,0.14285714285714285
0.0,0.3076923076923077,0.5384615384615384,0.15384615384615385
0.1111111111111111,0.2777777777777778,0.4444444444444444,0.16666666666666666
0.12,0.24,0.44,0.2
0.12903225806451613,0.25806451612903225,0.3548387096774194,0.25806451612903225
0.1590909090909091,0.2727272727272727,0.3181818181818182,0.25
0.2033898305084746,0.288135593220339,0.2542372881355932,0.2542372881355932
0.13924050632911392,0.31645569620253167,0.27848101265822783,0.26582278481012656
0.14,0.32,0.28,0.26
0.1450381679389313,0.29770992366412213,0.25190839694656486,0.3053435114503817
0.16049382716049382,0.2839506172839506,0.25308641975308643,0.30246913580246915
0.19117647058823528,0.23529411764705882,0.2647058823529412,0.3088235294117647
0.1925925925925926,0.24444444444444444,0.2518518518518518,0.3111111111111111
0.20496894409937888,0.2546583850931677,0.22981366459627328,0.3105590062111801
0.20833333333333334,0.28125,0.2109375,0.2994791666666667
0.2058165548098434,0.27293064876957496,0.21029082774049218,0.31096196868008946
0.21626984126984128,0.27380952380952384,0.20436507936507936,0.3055555555555556
0.2118491921005386,0.26929982046678635,0.20466786355475763,0.3141831238779174
0.20278637770897834,0.2786377708978328,0.19814241486068113,0.3204334365325077
0.19834710743801653,0.2699724517906336,0.20798898071625344,0.3236914600550964
0.1972187104930468,0.2743362831858407,0.1972187104930468,0.33122629582806573
0.20428893905191872,0.2686230248306998,0.19751693002257337,0.3295711060948081
0.19658976930792377,0.27181544633901705,0.20361083249749248,0.3279839518555667
0.18967136150234742,0.27323943661971833,0.19624413145539907,0.3408450704225352
0.19399141630901287,0.2703862660944206,0.19313304721030042,0.3424892703862661
0.19230769230769232,0.27163461538461536,0.18990384615384615,0.34615384615384615
0.18764129615674455,0.27354935945742276,0.18613413715146948,0.35267520723436324
0.1921985815602837,0.2673758865248227,0.1829787234042553,0.3574468085106383
0.19438877755511022,0.25517702070808285,0.1796927187708751,0.37074148296593185
0.1937738246505718,0.2554002541296061,0.17852604828462515,0.37229987293519695
0.19096385542168676,0.25301204819277107,0.17289156626506025,0.38313253012048193
0.18537708693149108,0.25964306275187105,0.1692573402417962,0.3857225100748417
0.18217710095882686,0.2521150592216582,0.16864072194021432,0.3970671178793006
0.18459915611814345,0.24736286919831224,0.16877637130801687,0.3992616033755274
0.18455366098294884,0.23921765295887662,0.17753259779338015,0.39869608826479436
0.1780821917808219,0.2328767123287671,0.17318982387475537,0.4158512720156556
0.18112122664111163,0.23239099185433637,0.17249640632486823,0.41399137517968376
0.17490671641791045,0.23227611940298507,0.17490671641791045,0.417910447761194
0.1816522136010954,0.22820629849383842,0.16795983569146508,0.4221816522136011
0.18339416058394162,0.22673357664233576,0.16286496350364962,0.42700729927007297
0.17535971223021582,0.2275179856115108,0.1704136690647482,0.4267086330935252
0.1759927797833935,0.2305956678700361,0.16696750902527077,0.42644404332129965
0.17913121361397225,0.22346618898343037,0.1715181370353784,0.425884460367219
0.18658374055975122,0.22478898267436695,0.1679253665037761,0.42070191026210574
0.18508655126498003,0.22769640479360853,0.1739902352418997,0.4132268086995118
0.18855368234250222,0.225377107364685,0.16947648624667258,0.4165927240461402
0.1843154630039876,0.22906513070447496,0.17589720868409392,0.4107221976074435
0.18772241992882563,0.23309608540925267,0.17393238434163702,0.4052491103202847
0.1900972590627763,0.22634836427939875,0.16887709991158267,0.4146772767462423
0.18722271517302574,0.22626441881100265,0.17080745341614906,0.4157054125998225
0.18738898756660746,0.22957371225577264,0.16296625222024866,0.4200710479573712
0.18373626373626373,0.22637362637362637,0.16307692307692306,0.4268131868131868
0.18738898756660746,0.21847246891651864,0.16429840142095914,0.42984014209591476
0.18705985915492956,0.22007042253521128,0.15669014084507044,0.43617957746478875
0.19039224327897752,0.22168356104010578,0.15557514323490523,0.43234905244601146
0.19266875279392043,0.2248547161376844,0.15556548949485918,0.426911041573536
0.19805481874447392,0.21927497789566755,0.15649867374005305,0.4261715296198055
0.19857840959573522,0.2252332296756997,0.1572634384717903,0.41892492225677475
0.19955156950672645,0.2179372197309417,0.15650224215246636,0.4260089686098655
0.2024074899687918,0.21578243423985732,0.15470352206865803,0.4271065537226928
0.2018716577540107,0.214349376114082,0.15819964349376114,0.4255793226381462
0.20264900662251656,0.21721854304635763,0.15894039735099338,0.42119205298013246
0.19776785714285713,0.21696428571428572,0.15803571428571428,0.42723214285714284
0.2,0.21866666666666668,0.15955555555555556,0.42177777777777775
0.20168067226890757,0.21539141972578504,0.15170278637770898,0.4312251216275984
0.19460415745245466,0.21406457319770014,0.15479876160990713,0.43653250773993807
0.1996481970096746,0.20580474934036938,0.15567282321899736,0.4388742304309587
0.19577907498877414,0.2141894925909295,0.1522227211495285,0.43780871127076787
0.19991115059973344,0.2132385606397157,0.14304753442914261,0.44380275433140826
0.20230190349712263,0.21115537848605578,0.14121292607348385,0.44532979194333777
0.20008853474988933,0.21115537848605578,0.14342629482071714,0.44532979194333777
0.20229681978798586,0.20936395759717313,0.14001766784452296,0.44832155477031804
0.19920494699646643,0.2040636042402827,0.1435512367491166,0.4531802120141343
0.1980461811722913,0.20426287744227353,0.14653641207815277,0.4511545293072824
0.2054367201426025,0.20454545454545456,0.14393939393939395,0.44607843137254904
0.20748898678414096,0.20044052863436124,0.14977973568281938,0.4422907488986784
0.21665928223305272,0.1998227735932654,0.1448825875055383,0.4386353566681436
0.21216156236129605,0.19884598313359964,0.15268530847758544,0.43630714602751886
0.21551344204495373,0.19391802556192156,0.15469369766416924,0.4358748347289555
0.21178555604785113,0.19184758529020823,0.15551617190961453,0.4408506867523261
0.21218861209964412,0.18772241992882563,0.1570284697508897,0.4430604982206406
0.21779548472775564,0.18946436476316955,0.15980522355024346,0.43293492695883135
0.21729490022172948,0.18713968957871396,0.16541019955654102,0.43015521064301554
0.21844660194174756,0.18093556928508384,0.16019417475728157,0.440423654015887
0.21961997348652232,0.18073353954927088,0.1661511268228016,0.4334953601414052
0.21920210434020165,0.17974572555896537,0.16264796142042964,0.4384042086804033
0.22335249889429457,0.18133569217160547,0.15877930119416186,0.43653250773993807
0.22038444345105052,0.18283415288332588,0.16227089852481003,0.4345105051408136
0.22075055187637968,0.18189845474613686,0.15894039735099338,0.4384105960264901
0.2249119718309859,0.18089788732394366,0.15933098591549297,0.43485915492957744
0.2190137716570413,0.1785872945357619,0.16037316748111952,0.4420257663260773
0.22173144876325088,0.17667844522968199,0.15856890459363956,0.44302120141342755
0.2247992863514719,0.17528991971454058,0.15655664585191792,0.4433541480820696
0.2215884159719175,0.16849495392716105,0.16103554190434402,0.44888108819657746
0.22785368003525783,0.17100044072278536,0.1599823710885853,0.4411635081533715
0.232773851590106,0.16475265017667845,0.16166077738515902,0.44081272084805656
0.22817899867080194,0.1634913602126717,0.1634913602126717,0.4448382809038547
0.2327127659574468,0.16445035460992907,0.1671099290780142,0.43572695035460995
0.23568575233022637,0.16910785619174434,0.16555703506435862,0.42964935641367064
0.235657546337158,0.16990291262135923,0.17166813768755515,0.4227714033539276
0.23337736679876706,0.16600616468516072,0.16776750330250992,0.4328489652135623
0.23151837096060204,0.16511730854360337,0.16954404603806994,0.43382027445772464
0.23544973544973544,0.16225749559082892,0.16049382716049382,0.4417989417989418
0.22882483370288248,0.16363636363636364,0.16363636363636364,0.44390243902439025
0.2283085013146363,0.16170026292725678,0.1656441717791411,0.44434706397896584
0.22701021768103066,0.16481563749444691,0.1634828964904487,0.44469124833407375
0.22713347921225382,0.16717724288840263,0.16105032822757112,0.4446389496717724
0.232640424590889,0.17337461300309598,0.16231755860238833,0.4316674038036267
0.22373626373626374,0.1731868131868132,0.16527472527472528,0.4378021978021978
0.2247686205376818,0.17100044072278536,0.16835610401057735,0.4358748347289555
0.22266139657444006,0.17039964866051824,0.1642512077294686,0.4426877470355731
0.22873512560599382,0.16483032172763332,0.15910092551784927,0.4473336271485236
0.22315510384445428,0.16924436588599204,0.15554573574900574,0.4520547945205479
0.22079646017699114,0.17256637168141592,0.15442477876106195,0.452212389380531
0.22397891963109354,0.1673254281949934,0.1585419411506368,0.4501537110232762
0.22753430721558213,0.16246126604692343,0.16113324479858343,0.448871181938911
0.22346119536128456,0.16280107047279216,0.15655664585191792,0.45718108831400533
0.22241758241758242,0.16307692307692306,0.16043956043956045,0.45406593406593404
0.22271914132379247,0.15876565295169948,0.16457960644007155,0.4539355992844365
0.22922134733158356,0.16185476815398075,0.16185476815398075,0.44706911636045493
0.22865988500663423,0.15922158337019018,0.1667403803626714,0.44537815126050423
0.2240104393214441,0.15789473684210525,0.15876468029578078,0.45933014354066987
0.21855486173059768,0.15834076717216772,0.16190900981266726,0.46119536128456734
0.2180284191829485,0.15763765541740674,0.16429840142095914,0.46003552397868563
0.21167557932263814,0.1586452762923351,0.16844919786096257,0.4612299465240642
0.2170439414114514,0.15312916111850866,0.16822015090989792,0.46160674656014206
0.2129547471162378,0.1543921916592724,0.17080745341614906,0.4618456078083407
0.21779141104294478,0.15425065731814197,0.1687116564417178,0.45924627519719546
0.22295225580376699,0.1533070521243977,0.1616294349540079,0.4621112571178274
0.21546714349575324,0.1510952168082253,0.16808225301743407,0.4653553866785874
0.21998247151621383,0.15337423312883436,0.16608238387379493,0.46056091148115685
0.21960958296362024,0.1543921916592724,0.16237799467613132,0.463620230700976
0.22182786157941436,0.1512866015971606,0.1619343389529725,0.4649511978704525
0.22088888888888888,0.14844444444444443,0.16755555555555557,0.4631111111111111
0.22320247022496692,0.1455668284075871,0.1689457432730481,0.4622849580943979
0.21832529592284086,0.1429197720298115,0.17229285401139852,0.46646207803594913
0.2218804920913884,0.14279437609841827,0.17135325131810195,0.46397188049209137
0.22134038800705466,0.14417989417989419,0.1715167548500882,0.46296296296296297
0.22727272727272727,0.13992869875222816,0.17201426024955438,0.46078431372549017
0.226423487544484,0.1436832740213523,0.17393238434163702,0.4559608540925267
0.21805183199285075,0.13941018766756033,0.1680071492403932,0.4745308310991957
0.21995565410199558,0.13924611973392462,0.17073170731707318,0.4700665188470067
0.2179824561403509,0.13815789473684212,0.16710526315789473,0.47675438596491226
0.22033898305084745,0.1431757359500446,0.16280107047279216,0.47368421052631576
0.21777777777777776,0.14622222222222223,0.15866666666666668,0.47733333333333333
0.2201062887511072,0.14304694419840566,0.1545615589016829,0.48228520814880427
0.21887461231723526,0.14443952148870182,0.1590607000443066,0.4776251661497563
0.2248233215547703,0.13825088339222616,0.15812720848056538,0.4787985865724382
0.22606382978723405,0.13386524822695037,0.15602836879432624,0.48404255319148937
0.2251655629139073,0.13245033112582782,0.15408388520971303,0.48830022075055185
0.2154255319148936,0.12987588652482268,0.15868794326241134,0.49601063829787234
0.21320921985815602,0.12898936170212766,0.1600177304964539,0.4977836879432624
0.2079859587538394,0.1254936375603335,0.16279069767441862,0.5037297060114085
0.20945647370746795,0.12991604065399912,0.15598762704374725,0.5046398585947857
0.20829616413916147,0.12934879571810884,0.15744870651204282,0.5049063336306869
0.20969914683430624,0.13022002694207455,0.15626403233048944,0.5038167938931297
0.2138447971781305,0.1318342151675485,0.15211640211640212,0.5022045855379189
0.2111358574610245,0.1309576837416481,0.15055679287305124,0.5073496659242762
0.21305690339655933,0.13365681517423908,0.14600794000882222,0.5072783414203793
0.21645402551693796,0.13198416190057194,0.1482622085349758,0.5032996040475143
0.21434898139946856,0.1328609388839681,0.14481842338352524,0.5079716563330381
0.21657754010695188,0.12789661319073084,0.14572192513368984,0.5098039215686274
0.21746801940891045,0.1274812527569475,0.14689016321129245,0.5081605646228495
0.22785368003525783,0.12208021154693698,0.14279418245923314,0.5072719259585721
0.22404614019520852,0.12289263531499556,0.14063886424134872,0.5124223602484472
0.22985468956406868,0.12417437252311757,0.13826508146191105,0.5077058564509027
0.2327433628318584,0.12389380530973451,0.13938053097345132,0.5039823008849558
0.2328042328042328,0.12081128747795414,0.13800705467372135,0.5083774250440917
0.232662192393736,0.11946308724832215,0.14272930648769575,0.5051454138702461
0.22933333333333333,0.124,0.1408888888888889,0.5057777777777778
0.23490524460114587,0.125605993829881,0.14191273688849715,0.49757602468047596
0.24222222222222223,0.12488888888888888,0.13111111111111112,0.5017777777777778
0.2406675450153711,0.11945542380324989,0.13175230566534915,0.5081247255160298
0.2339572192513369,0.11853832442067737,0.1359180035650624,0.5115864527629234
0.2328042328042328,0.11552028218694885,0.1371252204585538,0.5145502645502645
0.23210315695864828,0.12138728323699421,0.13606047132058693,0.5104490884837706
0.24074074074074073,0.11684303350970017,0.1335978835978836,0.5088183421516755
0.24437582708425232,0.1129245699161888,0.13542126157917952,0.5072783414203793
0.2452090592334495,0.11933797909407666,0.1332752613240418,0.502177700348432
0.242756804214223,0.11720807726075505,0.13520632133450394,0.504828797190518
0.25,0.11769911504424779,0.13584070796460176,0.4964601769911504
0.24348210340256296,0.12019443216968625,0.1316836058329651,0.5046398585947857
0.24649122807017543,0.12105263157894737,0.12763157894736843,0.5048245614035087
0.24889282550930025,0.11736049601417184,0.12843224092116917,0.5053144375553588
0.24880174291938997,0.11808278867102397,0.12854030501089325,0.5045751633986928
0.250771264874394,0.11811370647862494,0.12869105332745703,0.502423975319524
0.25274725274725274,0.11384615384615385,0.1279120879120879,0.5054945054945055
0.25285839929639403,0.11169744942832015,0.12093227792436236,0.5145118733509235
0.25375110326566636,0.11032656663724624,0.12533097969991175,0.5105913503971756
0.24450307827616535,0.11521547933157432,0.1284080914687775,0.5118733509234829
0.2468916518650089,0.10968028419182949,0.13232682060390763,0.511101243339254
0.24483516483516485,0.11340659340659341,0.130989010989011,0.5107692307692308
0.24724548259145,0.11635081533715293,0.13045394446892905,0.5059497576024681
0.24711623779946762,0.11712511091393078,0.1313220940550133,0.5044365572315883
0.2409372236958444,0.11317418213969938,0.1268788682581786,0.5190097259062776
0.24812362030905077,0.10860927152317881,0.12317880794701987,0.5200883002207506
0.25440917107583777,0.10758377425044091,0.12037037037037036,0.517636684303351
0.2559366754617414,0.10378188214599825,0.12225153913808268,0.5180299032541776
0.25364560318161733,0.1034025629695095,0.12107821475916924,0.521873619089704
0.254737769942706,0.10356985456148082,0.11767298369325695,0.5240193918025562
0.25299069561364645,0.10013291980505096,0.1178555604785113,0.5290208241027913
0.25317564607971965,0.0994305738063951,0.11914148050810337,0.5282522996057819
0.25878168074699864,0.10093374833259226,0.11871943085815918,0.5215651400622499
0.2545535317636606,0.09729009329187029,0.1159484673478454,0.5322079075966237
0.24598214285714284,0.09955357142857142,0.11741071428571428,0.5370535714285715
0.24922941435490972,0.0959929546455306,0.11492734478203434,0.5398502862175253
0.25540361711513015,0.09748566387295986,0.11424790471989413,0.5328628142920159
0.2572304995617879,0.09684487291849254,0.1165644171779141,0.5293602103418055
0.2565789473684211,0.1,0.11885964912280701,0.5245614035087719
0.2583479789103691,0.10369068541300527,0.11687170474516696,0.5210896309314587
0.258719646799117,0.10507726269315673,0.12097130242825607,0.5152317880794702
0.2563876651982379,0.1066079295154185,0.12290748898678414,0.5140969162995594
0.25694138386954607,0.10577346848832085,0.12163948876156898,0.5156456588805641
0.2545535317636606,0.10750777432252333,0.11772545535317637,0.5202132385606397
0.2515418502202643,0.10396475770925111,0.11762114537444934,0.5268722466960353
0.2540947321823816,0.10358565737051793,0.11686586985391766,0.5254537405931828
0.2495590828924162,0.10185185185185185,0.11331569664902998,0.5352733686067019
0.2533215234720992,0.09698848538529672,0.1133746678476528,0.5363153232949512
0.2618629173989455,0.09666080843585237,0.10808435852372583,0.5333919156414763
0.2596660808435852,0.0984182776801406,0.11247803163444639,0.5294376098418277
0.25927542557835004,0.09951986032300306,0.11348756001745962,0.5277171540811872
0.26215738284703805,0.09902740937223696,0.11317418213969938,0.5256410256410257
0.26748790145182577,0.10162780466344039,0.11086669599648043,0.5200175978882534
0.2726063829787234,0.09796099290780141,0.10593971631205673,0.5234929078014184
0.2703768624014023,0.09465381244522349,0.10473269062226118,0.530236634531113
0.2703768624014023,0.09553023663453111,0.09991235758106924,0.5341805433829974
0.2735723771580345,0.09163346613545817,0.10137228862328464,0.5334218680832227
0.2722859664607237,0.09002647837599294,0.10194174757281553,0.5357458075904677
0.2713455520786768,0.09074653553866786,0.09789897183728208,0.5400089405453733
0.26904447380008806,0.08938793483047115,0.09335094671950682,0.5482166446499339
0.2642258491398324,0.09395677106307895,0.0952801058667843,0.5465372739303044
0.25843694493783304,0.09724689165186501,0.0941385435168739,0.5501776198934281
0.26131322094055015,0.09982253771073647,0.09582963620230701,0.5430346051464063
0.26763668430335097,0.09523809523809523,0.0992063492063492,0.5379188712522046
0.2661361626878868,0.09460654288240496,0.09681697612732096,0.5424403183023873
0.2621657167908812,0.09425690486628671,0.09776413853572995,0.5458132398071022
0.26175687666370895,0.09139307897071872,0.09849157054125998,0.5483584738243124
0.25451343020695727,0.08938793483047115,0.10479964773227653,0.551298987230295
0.24801412180052956,0.09090909090909091,0.10767872903795234,0.5533980582524272
0.24933569530558017,0.08680248007085917,0.10938883968113375,0.5544729849424269
0.2518747243052492,0.08425231583590649,0.11027790030877813,0.5535950595500662
0.24381625441696114,0.08745583038869258,0.11307420494699646,0.5556537102473498
0.24702249669166298,0.08998676665196295,0.10939567710630789,0.5535950595500662
0.2489905787348587,0.08882907133243607,0.11081202332884701,0.5513683266038583
0.24844444444444444,0.09688888888888889,0.108,0.5466666666666666
0.24495171202809482,0.09569798068481124,0.1057945566286216,0.5535557506584723
0.24758983347940403,0.09553023663453111,0.10867659947414549,0.5482033304119194
0.2475770925110132,0.0947136563876652,0.10969162995594714,0.5480176211453744
0.25264084507042256,0.09463028169014084,0.10695422535211267,0.545774647887324
0.25736911570611526,0.09414870215574131,0.1073471183457985,0.5411350637923449
0.26108156028368795,0.09884751773049645,0.1077127659574468,0.5323581560283688
0.25411659991099245,0.10102358700489542,0.10636404094348019,0.5384957721406319
0.2546501328609389,0.10141718334809566,0.10407440212577503,0.5398582816651905
0.2527618205921343,0.09765797613787008,0.10251878038002651,0.5470614228899691
0.25519681556833257,0.09818664307828394,0.10570544007076514,0.5409111012826183
0.2558241758241758,0.0989010989010989,0.10065934065934067,0.5446153846153846
0.2636443661971831,0.09727112676056338,0.10123239436619719,0.5378521126760564
0.26557666813963765,0.09721608484312859,0.09942554131683606,0.5377817057003977
0.26465364120781526,0.08969804618117229,0.09991119005328597,0.5457371225577264
0.26230975828111014,0.08863025962399283,0.09982094897045658,0.5492390331244404
0.2599118942731278,0.08634361233480176,0.1052863436123348,0.5484581497797357
0.2552338530066815,0.09131403118040089,0.09977728285077951,0.553674832962138
0.25686448184233834,0.0912311780336581,0.10097431355181577,0.5509300265721878
0.2609271523178808,0.09580573951434879,0.10242825607064018,0.5408388520971302
0.2570921985815603,0.09796099290780141,0.10416666666666667,0.5407801418439716
0.2560599382988101,0.09695901278096078,0.0991626267078008,0.5478184222124284
0.2580502867225408,0.10013233348037054,0.0992501102779003,0.5425672695191883
0.2513157894736842,0.09912280701754386,0.10263157894736842,0.5469298245614035
0.2517636684303351,0.09964726631393298,0.10229276895943562,0.5462962962962963
0.2505513895015439,0.10189677988531098,0.10057344508160565,0.5469783855315394
0.24933333333333332,0.09955555555555555,0.09777777777777778,0.5533333333333333
0.2501106684373617,0.10137228862328464,0.09738822487826472,0.5511288180610889
0.2439347154830172,0.1023378914865461,0.09616232906925452,0.5575650639611822
0.23845470692717585,0.1016873889875666,0.09769094138543517,0.5621669626998224
0.23440285204991088,0.10739750445632798,0.0962566844919786,0.5619429590017825
0.23524229074889869,0.10484581497797357,0.09383259911894273,0.566079295154185
0.22658340767172166,0.10660124888492417,0.09411239964317573,0.5727029438001784
0.22891036906854131,0.10500878734622145,0.09490333919156414,0.5711775043936731
0.22920353982300884,0.10353982300884956,0.09646017699115045,0.5707964601769911
0.22933333333333333,0.10088888888888889,0.096,0.5737777777777778
0.2313167259786477,0.09875444839857651,0.10231316725978648,0.5676156583629893
0.23029229406554472,0.10053144375553587,0.10186005314437556,0.5673162090345438
0.2235397452788757,0.10188844971453667,0.10101010101010101,0.5735617039964866
0.2252332296756997,0.10128831630386495,0.10039982230119947,0.5730786317192359
0.22567747667703242,0.10217681030653043,0.0986228342958685,0.5735228787205686
0.2261904761904762,0.10008818342151675,0.10185185185185185,0.5718694885361552
0.22701275846898372,0.09898812142542895,0.09942806863176419,0.5745710514738231
0.22586282219309742,0.09916994320664045,0.09873307121013543,0.5762341633901267
0.22498907820008737,0.09305373525557012,0.09698558322411534,0.5849716033202271
0.22891036906854131,0.09446397188049209,0.09622144112478032,0.5804042179261862
0.22797698096502877,0.09384683488269145,0.09650287737937141,0.5816733067729084
0.2262902514336127,0.0952801058667843,0.09969122187913543,0.5787384208204676
0.22606382978723405,0.10017730496453901,0.0975177304964539,0.5762411347517731
0.22438162544169613,0.0989399293286219,0.09761484098939929,0.5790636042402827
0.2258491398323776,0.09792677547419497,0.09263343625937362,0.5835906484340538
0.2230565371024735,0.09584805653710247,0.09363957597173145,0.5874558303886925
0.2234982332155477,0.09452296819787986,0.09231448763250884,0.5896643109540636
0.22696929238985314,0.09701824655095684,0.09123275478415666,0.5847797062750334
0.2240921169176262,0.09477413640389726,0.09255978742249779,0.5885739592559788
0.22080772607550483,0.09482001755926252,0.09174714661984197,0.5926251097453907
0.21979938944614041,0.09332751853467074,0.08809419973833406,0.5987788922808548
0.22925958965209633,0.09411239964317573,0.08831400535236396,0.588314005352364
0.23015521064301553,0.09312638580931264,0.08691796008869179,0.5898004434589801
0.22971781305114639,0.09347442680776014,0.08862433862433862,0.5881834215167548
0.23524150268336314,0.08944543828264759,0.08631484794275492,0.5889982110912343
0.23662096417514375,0.09243697478991597,0.08668730650154799,0.5842547545333923
0.23203194321206744,0.09316770186335403,0.0865128660159716,0.5882874889086069
0.23792645104120513,0.09304386353566682,0.08418254319893664,0.5848471422241914
0.23357015985790408,0.09591474245115453,0.0905861456483126,0.5799289520426287
0.23617208077260754,0.09262510974539069,0.09262510974539069,0.5785776997366111
0.23672566371681417,0.08761061946902655,0.09646017699115045,0.5792035398230089
0.24136403897254208,0.08768821966341896,0.09477413640389726,0.5761736049601417
0.24083075563411402,0.08395934600088378,0.0963323022536456,0.5788775961113566
0.2410910690717114,0.08051033875934888,0.09898812142542895,0.5794104707435108
0.23547671840354767,0.07937915742793791,0.10066518847006652,0.5844789356984479
0.2326906222611744,0.08150744960560911,0.09947414548641542,0.5863277826468011
0.2298951048951049,0.07954545454545454,0.10227272727272728,0.5882867132867133
0.2345679012345679,0.08112874779541446,0.10052910052910052,0.5837742504409171
0.23401420959147423,0.08348134991119005,0.10035523978685613,0.5821492007104796
0.23883237505528526,0.08668730650154799,0.09774436090225563,0.5767359575409111
0.2409211691762622,0.08768821966341896,0.09565987599645705,0.5757307351638619
0.24136403897254208,0.08680248007085917,0.09300265721877768,0.5788308237378211
0.23681898066783832,0.08743409490333919,0.09578207381370826,0.5799648506151143
0.23654015887025595,0.08693733451015004,0.09576345984112974,0.5807590467784642
0.23897707231040563,0.08333333333333333,0.10185185185185185,0.5758377425044092
0.23651635720601238,0.08355437665782493,0.10167992926613616,0.5782493368700266
0.23843416370106763,0.08407473309608542,0.10053380782918149,0.5769572953736655
0.23868131868131867,0.08483516483516483,0.09934065934065935,0.5771428571428572
0.23458980044345898,0.08159645232815965,0.09977827050997783,0.5840354767184035
0.24063464081092992,0.08373732921992066,0.0991626267078008,0.5764654032613487
0.2284826974267968,0.0865128660159716,0.09671694764862467,0.5882874889086069
0.2267313630348478,0.08954565505072784,0.09219232465813851,0.5915306572562858
0.2261061946902655,0.08628318584070796,0.09247787610619469,0.5951327433628318
0.2280933509467195,0.08146191105239982,0.08806693086745927,0.6023778071334214
0.23399558498896247,0.08079470198675497,0.0869757174392936,0.5982339955849889
0.23266022827041263,0.08252853380158033,0.08647936786654961,0.5983318700614574
0.2275740167918692,0.08440123729562528,0.08793636765355722,0.6000883782589483
0.22096069868995633,0.08209606986899563,0.08340611353711791,0.6135371179039302
0.2222715173025732,0.08296362023070097,0.08296362023070097,0.6118012422360248
0.22390048867170145,0.08351843625055531,0.0812972012438916,0.6112838738338516
0.22451669595782073,0.0852372583479789,0.0804042179261863,0.6098418277680141
0.2227093380096449,0.08592722490135905,0.07715914072775099,0.6142042963612451
0.22695346795434593,0.08647936786654961,0.0781387181738367,0.6084284460052678
0.22444444444444445,0.084,0.072,0.6195555555555555
0.22635726795096323,0.0840630472854641,0.07399299474605954,0.6155866900175131
0.2254335260115607,0.08092485549132948,0.07292129835482436,0.6207203201422855
0.2209456473707468,0.07954043305346885,0.07467962881131242,0.624834290764472
0.21680452764475402,0.0805398345668263,0.07313887679582064,0.629516760992599
0.2191480017566974,0.07553798858146685,0.0707070707070707,0.634606938954765
0.22076788830715532,0.0737347294938918,0.0737347294938918,0.631762652705061
0.2193176783340718,0.07399202481169695,0.07532122286220647,0.6313690739920248
0.21995565410199558,0.06873614190687362,0.07716186252771619,0.6341463414634146
0.2218804920913884,0.06766256590509666,0.07644991212653779,0.6340070298769771
0.2222715173025732,0.06433007985803017,0.07897071872227152,0.6344276841171251
0.21849105974705627,0.06323593545573485,0.0832969908416921,0.6349760139555168
0.2256500661084178,0.06610841780520053,0.08505949757602468,0.623182018510357
0.22663139329805995,0.06746031746031746,0.0890652557319224,0.6168430335097002
0.2243278977523138,0.06610841780520053,0.08814455707360071,0.6214191273688849
0.22725274725274724,0.06769230769230769,0.090989010989011,0.614065934065934
0.22801590808661068,0.06716747680070703,0.0901458241272647,0.6146707909854175
0.22841965471447542,0.06861443116423196,0.08587870739265162,0.617087206728641
0.2252212389380531,0.07123893805309735,0.08805309734513274,0.6154867256637168
0.22879858657243815,0.06537102473498234,0.08392226148409894,0.6219081272084805
0.23242530755711774,0.06502636203866433,0.08391915641476275,0.6186291739894552
0.2338638373121132,0.0658709106984969,0.08488063660477453,0.6153846153846154
0.23070097604259096,0.064773735581189,0.0865128660159716,0.6180124223602484
0.2320392681838465,0.06336456938866578,0.0892458723784025,0.6153502900490853
0.23524189968930315,0.06968486462494451,0.0887705281846427,0.6063027075011096
0.23566029346376166,0.06936416184971098,0.082258781680747,0.6127167630057804
0.23649247121346323,0.06820194862710363,0.0841452612931798,0.6111603188662533
0.24151608638166594,0.06787130894667254,0.08594094314676069,0.6046716615249008
0.24900486510393632,0.06766917293233082,0.08137992038920831,0.6019460415745246
0.24878907970057243,0.06649053280493175,0.08014090708938794,0.6045794804051079
0.24713656387665198,0.06696035242290749,0.07841409691629955,0.607488986784141
0.2505582849486378,0.06297454220634212,0.07860652076820009,0.60786065207682
0.25692916849978004,0.06379234491860977,0.07479102507699076,0.6044874615046194
0.25548726953467954,0.06409130816505706,0.07418788410886742,0.6062335381913959
0.25911286780852,0.061484409310496264,0.0733421168203777,0.6060606060606061
0.2546337157987643,0.06310679611650485,0.07325684024713151,0.6090026478375993
0.25558965366067515,0.06006137658921526,0.07014467338886453,0.6142042963612451
0.25088028169014087,0.06205985915492958,0.07042253521126761,0.616637323943662
0.250771264874394,0.06566769501983252,0.06875275451740855,0.6148082855883649
0.2537313432835821,0.0649692712906058,0.06760316066725197,0.6136962247585601
0.25552608311229,0.0680813439434129,0.06631299734748011,0.610079575596817
0.2603287427809862,0.06885828520657486,0.06796979120390938,0.6028431808085295
0.2599736957474792,0.0648838228846997,0.0657606313020605,0.6093818500657606
0.25778167470407715,0.0657606313020605,0.0661990355107409,0.6102586584831214
0.2578090629124505,0.06379234491860977,0.0708315002199736,0.6075670919489661
0.2566915313734094,0.06537955243527863,0.0750329091706889,0.6028960070206231
0.25520602569782896,0.06911829862649535,0.08108108108108109,0.5945945945945946
0.2581641659311562,0.07016769638128861,0.08473080317740513,0.5869373345101501
0.2575088339222615,0.06978798586572438,0.08303886925795052,0.5896643109540636
0.2503317116320212,0.06943830163644406,0.08668730650154799,0.5935426802299867
0.2501110617503332,0.0670812972012439,0.08929364726788094,0.5935139937805419
0.25277654375832964,0.06841403820524211,0.08618391825855176,0.5926254997778765
0.2564551422319475,0.06783369803063458,0.08402625820568928,0.5916849015317287
0.262854609929078,0.07225177304964539,0.07845744680851063,0.586436170212766
0.2681095406360424,0.0719964664310954,0.07685512367491167,0.5830388692579506
0.27701808557565066,0.07587119541243935,0.07454786060873402,0.572562858403176
0.2749003984063745,0.07613988490482515,0.07215582115980522,0.5768038955289951
0.278580814717477,0.0735873850197109,0.0735873850197109,0.5742444152431012
0.27701808557565066,0.07322452580502867,0.07190119100132333,0.5778561976179973
0.27636203866432335,0.07469244288224956,0.06634446397188049,0.5826010544815465
0.27316644707949056,0.07378129117259552,0.0707070707070707,0.5823451910408433
0.2689075630252101,0.07430340557275542,0.07076514816452897,0.5860238832375055
0.27066666666666667,0.07422222222222222,0.07155555555555555,0.5835555555555556
0.27073277753400615,0.07152259763053971,0.07283896445809565,0.5849056603773585
0.26790450928381965,0.07250221043324491,0.07382847038019452,0.5857648099027409
0.26153846153846155,0.07472527472527472,0.07472527472527472,0.589010989010989
0.25870427501101806,0.0740414279418246,0.0758043190832966,0.5914499779638608
0.2579928952042629,0.07371225577264653,0.07104795737122557,0.5972468916518651
0.2588183421516755,0.07627865961199294,0.07098765432098765,0.593915343915344
0.2579505300353357,0.0799469964664311,0.0706713780918728,0.5914310954063604
0.2634338138925295,0.0782000873743993,0.06989951944080385,0.5884665792922673
0.25894829871851527,0.07954043305346885,0.06805125939019001,0.5934600088378259
0.25673884224480775,0.07821475916924436,0.06981882456915599,0.5952275740167918
0.2599293909973522,0.07766990291262135,0.06972639011473963,0.5926743159752869
0.25900216919739694,0.07505422993492408,0.0668112798264642,0.5991323210412147
0.25336810082572797,0.08039982616253803,0.06475445458496305,0.6014776184267709
0.2508818342151676,0.07892416225749559,0.06261022927689594,0.607583774250441
0.2436010591350397,0.08473080317740513,0.0617828773168579,0.6098852603706972
0.24166666666666667,0.08464912280701754,0.06491228070175438,0.6087719298245614
0.2420409943305713,0.08373310074138683,0.0623637156563454,0.6118621892716964
0.24261138067931187,0.08160564622849581,0.06263784737538597,0.6131451257168063
0.24250440917107582,0.07716049382716049,0.06525573192239859,0.6150793650793651
0.24445430346051464,0.07808340727595386,0.06787932564330079,0.6095829636202307
0.24669603524229075,0.07709251101321586,0.07488986784140969,0.6013215859030837
0.2475642161204606,0.07440212577502214,0.07927369353410098,0.5987599645704162
0.25011008366358434,0.08014090708938794,0.07970057243505063,0.590048436811977
0.24724548259145,0.07756721022476862,0.07800793301013663,0.5971793741736448
0.25,0.0747787610619469,0.07920353982300884,0.5960176991150442
0.25132275132275134,0.07451499118165784,0.08068783068783068,0.5934744268077602
0.2533215234720992,0.0775022143489814,0.07971656333038087,0.5894596988485385
0.25864332603938733,0.0787746170678337,0.07921225382932166,0.5833698030634573
0.255659121171771,0.08255659121171771,0.08255659121171771,0.5792276964047937
0.25863596102745795,0.07971656333038087,0.07794508414526129,0.5837023914969
0.2564102564102564,0.08178603006189213,0.07913351016799293,0.5826702033598585
0.2581497797356828,0.08149779735682819,0.07929515418502203,0.581057268722467
0.2551602986385595,0.08168642951251646,0.07949055775142731,0.5836627140974967
0.26019503546099293,0.07535460992907801,0.07624113475177305,0.588209219858156
0.2622877569258266,0.07864164432529044,0.07506702412868632,0.5840035746201966
0.2577953447518665,0.08256477821695213,0.07422046552481334,0.585419411506368
0.2506631299734748,0.08222811671087533,0.07648099027409372,0.5906277630415562
0.25229960578186594,0.08760402978537013,0.08103372755146737,0.5790626368812966
0.253315649867374,0.09062776304155615,0.07692307692307693,0.579133510167993
0.2507699076110867,0.09282886053673559,0.07787065552133744,0.5785305763308403
0.25617685305591675,0.09579540528825314,0.07802340702210664,0.5700043346337235
0.263901147396293,0.0970873786407767,0.07766990291262135,0.5613415710503089
0.2597864768683274,0.09341637010676157,0.08140569395017794,0.5653914590747331
0.254207263064659,0.09300265721877768,0.08104517271922054,0.5717449069973428
0.2551602986385595,0.08915239350021958,0.08036890645586298,0.575318401405358
0.2552910052910053,0.09171075837742504,0.07804232804232804,0.5749559082892416
0.2519893899204244,0.08841732979664015,0.07913351016799293,0.5804597701149425
0.25510204081632654,0.08917480035492457,0.07808340727595386,0.577639751552795
0.2612172367836517,0.09195912927587739,0.07863171923589515,0.5681919147045758
0.2598494909251881,0.08942009738822487,0.07791057990261177,0.5728198317839752
0.26564551422319477,0.08665207877461707,0.07614879649890591,0.5715536105032822
0.26643140714600794,0.08822232024702249,0.07454786060873402,0.5707984119982356
0.26299422478898266,0.08840515326521546,0.0759662372278987,0.5726343847179032
0.27003098716246127,0.08897742363877822,0.07525453740593183,0.5657370517928287
0.2692138779095301,0.08871321914800176,0.07597716293368467,0.5660957400087835
0.26973684210526316,0.09342105263157895,0.07192982456140351,0.5649122807017544
0.2744328097731239,0.09336823734729494,0.07242582897033159,0.5597731239092496
0.2721297107800175,0.09377738825591586,0.07142857142857142,0.5626643295354952
0.2752091589608102,0.08762659621312198,0.07573756054601496,0.5614266842800528
0.2714535901926445,0.0893169877408056,0.07311733800350263,0.5661120840630472
0.265929203539823,0.08849557522123894,0.07654867256637168,0.5690265486725664
0.26593406593406593,0.08703296703296703,0.07472527472527472,0.5723076923076923
0.26544315129811996,0.08818263205013428,0.07788719785138765,0.5684870188003581
0.26926483613817537,0.08370239149689991,0.07838795394154119,0.5686448184233835
0.2697715289982425,0.0812829525483304,0.07469244288224956,0.5742530755711776
0.27344434706397897,0.08194566170026293,0.07843996494303243,0.5661700262927257
0.2672566371681416,0.08584070796460178,0.07920353982300884,0.5676991150442477
0.2679195804195804,0.08916083916083917,0.0743006993006993,0.5686188811188811
0.2621145374449339,0.08766519823788546,0.07929515418502203,0.5709251101321586
0.2639751552795031,0.08695652173913043,0.07985803016858918,0.5692102928127772
0.2604671661524901,0.0868223887174967,0.08241516086381666,0.5702952842661966
0.2508741258741259,0.08828671328671328,0.08304195804195805,0.5777972027972028
0.25684024713150927,0.088261253309797,0.0825242718446602,0.5723742277140336
0.2600264433671221,0.0868223887174967,0.08285588364918467,0.5702952842661966
0.25146198830409355,0.08636977058029689,0.0827710301394512,0.5793972109761584
0.24536628420123566,0.08473080317740513,0.08605472197705208,0.5838481906443072
0.2529592284085927,0.08592722490135905,0.08373520385795703,0.5773783428320912
0.24766562916851934,0.0871498443752779,0.08492663405958203,0.5802578923966207
0.25176678445229683,0.08524734982332155,0.08789752650176678,0.5750883392226148
0.2504393673110721,0.08787346221441125,0.08963093145869948,0.5720562390158173
0.24792666957660411,0.08729812309035356,0.08773461370580532,0.577040593627237
0.2443956043956044,0.09010989010989011,0.08923076923076922,0.5762637362637363
0.2456839309428951,0.08853474988933156,0.09119079238601151,0.5745905267817618
0.24073266463148713,0.08983863933711295,0.09158307893589185,0.5778456170955081
0.24503311258278146,0.08653421633554084,0.09006622516556291,0.5783664459161147
0.24406332453825857,0.08619173262972735,0.08883025505716799,0.5809146877748461
0.24608501118568232,0.083668903803132,0.08859060402684564,0.5816554809843401
0.24988962472406182,0.08167770419426049,0.09183222958057395,0.5766004415011038
0.24867957746478872,0.08230633802816902,0.08714788732394366,0.5818661971830986
0.24402125775022143,0.08060230292294066,0.0912311780336581,0.5841452612931798
0.2441189525077674,0.07723035952063914,0.09454061251664447,0.584110075454949
0.24346689895470383,0.08013937282229965,0.09189895470383275,0.5844947735191638
0.23870682019486272,0.08015943312666077,0.09388839681133747,0.587245349867139
0.24116877453118185,0.08068033144352377,0.09376362843436546,0.5843872655909289
0.24172915747684165,0.08381120423467137,0.0952801058667843,0.5791795324217027
0.24124168514412417,0.08514412416851441,0.09002217294900222,0.5835920177383592
0.24035087719298245,0.0837719298245614,0.08903508771929824,0.5868421052631579
0.24015748031496062,0.08355205599300088,0.09098862642169729,0.5853018372703412
0.23712255772646537,0.08570159857904085,0.09325044404973357,0.5839253996447602
0.232773851590106,0.08436395759717315,0.09408127208480566,0.5887809187279152
0.23934280639431615,0.08570159857904085,0.09236234458259325,0.5825932504440497
0.23834886817576564,0.08655126498002663,0.09320905459387484,0.5818908122503329
0.23405191377034756,0.08446986361636603,0.09106907171139464,0.5904091509018917
0.23479804704837995,0.08477585441633377,0.08965823346648913,0.5907678650687972
0.2307017543859649,0.08596491228070176,0.08508771929824561,0.5982456140350877
0.23219814241486067,0.08359133126934984,0.08447589562140646,0.599734630694383
0.2360248447204969,0.0834072759538598,0.08473824312333629,0.595829636202307
0.2409691629955947,0.08458149779735682,0.08546255506607929,0.5889867841409692
