C,D,Oc,Od
0,0,0,0
1.0,0.0,0.0,0.0
0.5,0.0,0.5,0.0
0.5,0.0,0.5,0.0
0.4,0.0,0.4,0.2
0.5,0.0,0.25,0.25
0.5454545454545454,0.0,0.2727272727272727,0.18181818181818182
0.625,0.0,0.1875,0.1875
0.6190476190476191,0.047619047619047616,0.14285714285714285,0.19047619047619047
0.59375,0.125,0.09375,0.1875
0.6041666666666666,0.10416666666666667,0.10416666666666667,0.1875
0.6307692307692307,0.07692307692307693,0.09230769230769231,0.2
0.5806451612903226,0.11827956989247312,0.10752688172043011,0.1935483870967742
0.5934959349593496,0.11382113821138211,0.0975609756097561,0.1951219512195122
0.5533333333333333,0.12666666666666668,0.11333333333333333,0.20666666666666667
0.5478723404255319,0.13829787234042554,0.10106382978723404,0.2127659574468085
0.5518672199170125,0.13278008298755187,0.11203319502074689,0.2033195020746888
0.5733333333333334,0.13,0.1,0.19666666666666666
0.5861111111111111,0.10833333333333334,0.09444444444444444,0.2111111111111111
0.5872641509433962,0.11320754716981132,0.09198113207547169,0.20754716981132076
0.5922131147540983,0.09016393442622951,0.08401639344262295,0.2336065573770492
0.5977653631284916,0.08752327746741155,0.0782122905027933,0.23649906890130354
0.5858267716535434,0.08031496062992126,0.08661417322834646,0.247244094488189
0.5909732016925247,0.07898448519040903,0.08744710860366714,0.24259520451339917
0.5756457564575646,0.08733087330873308,0.08856088560885608,0.24846248462484624
0.5704622322435174,0.09244644870349493,0.08680947012401354,0.2502818489289741
0.5745526838966203,0.08648111332007952,0.0805168986083499,0.2584493041749503
0.5761467889908257,0.08807339449541285,0.0779816513761468,0.25779816513761467
0.5824175824175825,0.08622147083685545,0.073541842772612,0.2578191039729501
0.58046875,0.0859375,0.0671875,0.26640625
0.579250720461095,0.08861671469740634,0.07420749279538905,0.2579250720461095
0.5749500333111259,0.08461025982678215,0.07461692205196535,0.26582278481012656
0.5641509433962264,0.08742138364779874,0.07421383647798742,0.2742138364779874
0.5685339690107271,0.09058402860548272,0.07151370679380215,0.2693682955899881
0.5651924181504883,0.09362435381964389,0.07926479035037334,0.2619184376794945
0.561742006615215,0.09426681367144432,0.07772877618522601,0.26626240352811464
0.5528717122920022,0.0939345142243693,0.08051529790660225,0.2726784755770263
0.5491419656786272,0.08996359854394176,0.0811232449297972,0.2797711908476339
0.548565676899849,0.08857574232511324,0.08354302969300453,0.2793155510820332
0.5480253534861044,0.0848366650414432,0.083373963920039,0.2837640175524135
0.5443219932918064,0.0881648298993771,0.07954000958313369,0.2879731672256828
0.5324918186068256,0.08602150537634409,0.08041140719962599,0.3010752688172043
0.5351724137931034,0.0910344827586207,0.07540229885057471,0.2983908045977012
0.5332422586520947,0.09107468123861566,0.07377049180327869,0.30191256830601093
0.533244087460955,0.09103078982597054,0.07362784471218206,0.3020972780008925
0.5294378043382028,0.09163346613545817,0.0703851261620186,0.3085436033643205
0.5325602140945584,0.09009812667261374,0.07448706512042819,0.3028545941123996
0.534307215582116,0.08897742363877822,0.07392651615759185,0.30278884462151395
0.531305114638448,0.08994708994708994,0.07407407407407407,0.304673721340388
0.5255731922398589,0.08862433862433862,0.07407407407407407,0.3117283950617284
0.5275451740855002,0.0868223887174967,0.0758043190832966,0.3098281181137065
0.5269434628975265,0.09054770318021202,0.07906360424028269,0.3034452296819788
0.5216808225301743,0.09208761734465802,0.07867679928475638,0.3075547608404113
0.5154086645824029,0.09066547565877624,0.08128628852166146,0.31263957123715946
0.5148955091151622,0.08759448643841708,0.08492663405958203,0.3125833703868386
0.5165562913907285,0.09006622516556291,0.07637969094922738,0.31699779249448123
0.5169977924944812,0.08830022075055188,0.07947019867549669,0.3152317880794702
0.5162728488631297,0.0896121266161391,0.0780205082478823,0.31609451627284885
0.5135615829257448,0.08848377056469542,0.07647843485993774,0.32147621164962203
0.515017667844523,0.08833922261484099,0.07906360424028269,0.31757950530035334
0.509628302731751,0.09046126287505597,0.07881773399014778,0.3210927004030452
0.5102954341987467,0.08683974932855863,0.07967770814682185,0.3231871083258729
0.5026385224274407,0.08970976253298153,0.08047493403693931,0.32717678100263853
0.5024542614904061,0.09103078982597054,0.07675145024542615,0.32976349843819724
0.5037727474478473,0.09054593874833555,0.0758988015978695,0.3297825122059476
0.4991047448522829,0.08818263205013428,0.0747538048343778,0.337958818263205
0.4968861209964413,0.09386120996441281,0.0711743772241993,0.33807829181494664
0.4951370468611848,0.09239610963748895,0.07117595048629531,0.34129089301503096
0.4919857524487979,0.09305431878895815,0.06812110418521816,0.3468388245770258
0.496875,0.09553571428571428,0.06741071428571428,0.34017857142857144
0.49557522123893805,0.09070796460176991,0.06902654867256637,0.34469026548672566
0.49844375277901287,0.09026233881725211,0.06980880391285016,0.3414851044908848
0.4942273534635879,0.08570159857904085,0.06616341030195382,0.3539076376554174
0.5022261798753339,0.08370436331255565,0.06500445235975066,0.3490650044523598
0.49135254988913524,0.08647450110864745,0.0647450110864745,0.3574279379157428
0.4911894273127753,0.08854625550660793,0.061233480176211455,0.3590308370044053
0.49358690844758957,0.08314904909332153,0.0654577620521893,0.3578062804068996
0.4957871396895787,0.08470066518847007,0.06297117516629712,0.3565410199556541
0.4979955456570156,0.08374164810690424,0.062360801781737196,0.355902004454343
0.5028979045920642,0.08203299152920196,0.06241640659830584,0.352652697280428
0.49487750556792875,0.08240534521158129,0.06414253897550111,0.3585746102449889
0.49135254988913524,0.07982261640798226,0.06430155210643015,0.3645232815964523
0.4968609865470852,0.07892376681614349,0.06143497757847534,0.36278026905829597
0.49403446752098984,0.07688908528501988,0.06319045514803358,0.3658859920459567
0.4940554821664465,0.07617789520035227,0.06296785557023338,0.3667987670629679
0.4920494699646643,0.07773851590106007,0.061837455830388695,0.36837455830388693
0.48761061946902656,0.07743362831858407,0.06415929203539823,0.37079646017699114
0.48576512455516013,0.074288256227758,0.06583629893238434,0.3741103202846975
0.4909251881363435,0.07127047366091191,0.0650730411686587,0.37273129703408586
0.4895509115162294,0.0689195197865718,0.06669630947087594,0.3748332592263228
0.48427115640230395,0.0669029685423128,0.0669029685423128,0.3819229065130704
0.4816127603012849,0.06956136464333186,0.0669029685423128,0.3819229065130704
0.4809843400447427,0.06756152125279642,0.0680089485458613,0.38344519015659956
0.4819383259911894,0.06519823788546256,0.06784140969162995,0.38502202643171807
0.4784899034240562,0.06453028972783142,0.06628621597892889,0.3906935908691835
0.4813514699429574,0.06450197455024133,0.06713470820535322,0.387011847301448
0.47168141592920354,0.06592920353982301,0.07123893805309735,0.3911504424778761
0.4765279007971656,0.06598759964570416,0.07130203720106289,0.3861824623560673
0.4771618625277162,0.06563192904656319,0.07272727272727272,0.3844789356984479
0.470431302801245,0.06491774121831925,0.07247665629168519,0.39217429968875056
0.47934973637961337,0.06502636203866433,0.07117750439367311,0.3844463971880492
0.473292469352014,0.06873905429071804,0.07618213660245184,0.38178633975481613
0.47079646017699117,0.0668141592920354,0.07566371681415929,0.38672566371681416
0.47232142857142856,0.06473214285714286,0.07767857142857143,0.38526785714285716
0.48008849557522126,0.06592920353982301,0.07699115044247788,0.3769911504424779
0.4826048171275647,0.0655664585191793,0.07537912578055307,0.37644959857270294
0.4776586237712243,0.06657730116175156,0.07372654155495978,0.3820375335120643
0.4632054176072235,0.06772009029345373,0.072686230248307,0.3963882618510158
0.4647887323943662,0.06734154929577464,0.07746478873239436,0.3904049295774648
0.4620476610767873,0.06751985878199471,0.07811120917917035,0.39232127096204766
0.4658081705150977,0.06394316163410302,0.07326820603907638,0.3969804618117229
0.4706666666666667,0.06622222222222222,0.07288888888888889,0.39022222222222225
0.4671111111111111,0.06622222222222222,0.07022222222222223,0.39644444444444443
0.46229361892012494,0.06738063364569388,0.06961178045515395,0.4007139669790272
0.46402877697841727,0.06564748201438848,0.06609712230215828,0.40422661870503596
0.465601420328451,0.06702174877940524,0.06258322237017311,0.4047936085219707
0.46000883782589486,0.06672558550596554,0.06451612903225806,0.40874944763588156
0.4614707177454866,0.06384852487890796,0.06428885953324527,0.4103918978423602
0.4533804684047724,0.0618647812638091,0.06319045514803358,0.4215642951833849
0.4532085561497326,0.06417112299465241,0.06417112299465241,0.4184491978609626
0.46515756768752775,0.06746560142032845,0.05947625388371061,0.4079005770084332
0.45624167036872504,0.0693025322079076,0.059973345179920035,0.4144824522434474
0.45735749005744586,0.06584180291648255,0.06098099867432612,0.4158197083517455
0.46020453534904404,0.06536238328145842,0.05913739439751001,0.41529568697198754
0.46936976641692374,0.0625826355222565,0.06081974438078449,0.4072278536800353
0.4721731448763251,0.06448763250883392,0.05830388692579505,0.40503533568904593
0.47214854111405835,0.0627763041556145,0.05791335101679929,0.40716180371352784
0.4704837993786063,0.06125166444740346,0.05814469596094097,0.41011984021304926
0.4743135518157662,0.0633303808680248,0.05713020372010629,0.40522586359610274
0.48081164534627263,0.0599911777679753,0.05866784296426996,0.40052933392148216
0.4789103690685413,0.05975395430579965,0.059314586994727594,0.40202108963093147
0.46853146853146854,0.06118881118881119,0.06337412587412587,0.40690559440559443
0.4680385288966725,0.06085814360770578,0.06436077057793345,0.4067425569176883
0.47335975341259356,0.057683839718185824,0.07089387934830471,0.3980625275209159
0.4722222222222222,0.05599647266313933,0.07231040564373897,0.3994708994708995
0.46999117387466904,0.05913503971756399,0.07325684024713151,0.3976169461606355
0.47095343680709534,0.05898004434589801,0.06873614190687362,0.401330376940133
0.4788546255506608,0.057709251101321586,0.06916299559471366,0.394273127753304
0.4727514399645547,0.057155516171909615,0.06956136464333186,0.40053167922020383
0.468944099378882,0.055013309671694766,0.06787932564330079,0.40816326530612246
0.4685840707964602,0.05530973451327434,0.06371681415929203,0.41238938053097346
0.47116237799467614,0.05678793256433008,0.06433007985803017,0.4077196095829636
0.46181172291296624,0.0586145648312611,0.0652753108348135,0.41429840142095914
0.4634794156706507,0.05799026117751217,0.06728640991589199,0.4112439132359451
0.4625,0.061160714285714284,0.06741071428571428,0.4089285714285714
0.46836555360281196,0.061511423550087874,0.06282952548330405,0.4072934973637961
0.4723953695458593,0.057435440783615316,0.06277827248441674,0.40739091718610865
0.4641275465013286,0.05934455270150576,0.061558901682905225,0.4149689991142604
0.4701459531180893,0.06191950464396285,0.062361786819991154,0.4055727554179567
0.4728476821192053,0.060927152317880796,0.06181015452538632,0.4044150110375276
0.46287238772787903,0.061805246776345045,0.06269453090262339,0.4126278345931525
0.4631578947368421,0.062280701754385964,0.05964912280701754,0.4149122807017544
0.4625940681717574,0.06285967242142541,0.06108897742363878,0.4134572819831784
0.4607583774250441,0.06613756613756613,0.06349206349206349,0.4096119929453263
0.4521276595744681,0.06870567375886524,0.0625,0.4166666666666667
0.4534986713906112,0.06598759964570416,0.06200177147918512,0.41851195748449954
0.4532085561497326,0.06417112299465241,0.06060606060606061,0.42201426024955435
0.4483221476510067,0.06398210290827741,0.0621923937360179,0.425503355704698
0.4503311258278146,0.06181015452538632,0.06181015452538632,0.4260485651214128
0.4393063583815029,0.06402845709204091,0.06269453090262339,0.4339706536238328
0.4393805309734513,0.06371681415929203,0.061946902654867256,0.43495575221238936
0.4415929203539823,0.0668141592920354,0.061504424778761065,0.4300884955752212
0.44316163410301956,0.06793960923623446,0.06261101243339254,0.42628774422735344
0.4451754385964912,0.06315789473684211,0.06447368421052632,0.42719298245614035
0.44292639929484356,0.0639048038783605,0.06478624944909651,0.42838254737769943
0.4477282752536392,0.061314512571680635,0.06528451698279665,0.42567269519188355
0.44336712208021156,0.06478624944909651,0.06654914059056853,0.4252974878801234
0.4457724656927844,0.06064630367419212,0.06241699867197875,0.4311642319610447
0.43985796715490455,0.06080781180648025,0.06524633821571238,0.4340878828229028
0.4359430604982206,0.06227758007117438,0.06672597864768683,0.43505338078291816
0.44316163410301956,0.05950266429840142,0.06616341030195382,0.4311722912966252
0.4411895250776742,0.05858854860186418,0.06302707501109632,0.4371948513093653
0.43358507330075524,0.05952909817858729,0.06619280319857841,0.4406930253220791
0.4366576819407008,0.06154537286612758,0.0651392632524708,0.4366576819407008
0.4365755266696549,0.06275212909009413,0.061855670103092786,0.43881667413715825
0.44220665499124345,0.05866900175131348,0.05866900175131348,0.4404553415061296
0.4351482957060646,0.057104913678618856,0.05799026117751217,0.44975652943780436
0.43402932030208796,0.06086183918258552,0.05864060417592181,0.4464682363394047
0.43470639789658194,0.058720420683610865,0.05915863277826468,0.4474145486415425
0.424469964664311,0.05697879858657244,0.060954063604240286,0.4575971731448763
0.43248093315388064,0.05832211754149843,0.0623598026020637,0.4468371467025572
0.4327094474153298,0.06194295900178253,0.06149732620320856,0.44385026737967914
0.42630884293884735,0.05983282006159261,0.06291245050593929,0.4509458864936208
0.42488888888888887,0.06177777777777778,0.06444444444444444,0.4488888888888889
0.42520035618878005,0.0609973285841496,0.06411398040961709,0.44968833481745324
0.42560706401766,0.0631346578366446,0.0631346578366446,0.4481236203090508
0.4250111259457054,0.06453048509123276,0.060970182465509566,0.4494882064975523
0.4200530035335689,0.06448763250883392,0.05918727915194346,0.45627208480565373
0.42418930762489043,0.0635407537248028,0.05696757230499562,0.4553023663453111
0.42345132743362834,0.06415929203539823,0.05265486725663717,0.4597345132743363
0.41813380281690143,0.061619718309859156,0.05237676056338028,0.46786971830985913
0.40855855855855855,0.06531531531531531,0.054954954954954956,0.4711711711711712
0.41319751992914083,0.06200177147918512,0.05491585473870682,0.46988485385296724
0.4102337891486546,0.06484340538156154,0.05513895015438906,0.4697838553153948
0.40868397493285585,0.06580125335720681,0.05595344673231871,0.4695613249776186
0.4067495559502664,0.0674955595026643,0.055062166962699825,0.4706927175843694
0.40704845814977975,0.07136563876651983,0.055506607929515416,0.466079295154185
0.40282062582635525,0.07051564565888056,0.05817540766857646,0.46848832084618774
0.4021210782147592,0.07114449845338047,0.0552364118426867,0.47149801148917364
0.4023799030409872,0.07227853680035258,0.055531070956368445,0.46981048920229174
0.3997308209959623,0.0677433826828174,0.0547330641543293,0.477792732166891
0.3938856889676562,0.06734603455914931,0.056712450155073105,0.4820558263181214
0.38972542072630645,0.06953055801594331,0.05447298494242692,0.4862710363153233
0.39022222222222225,0.07066666666666667,0.05466666666666667,0.48444444444444446
0.38852097130242824,0.0684326710816777,0.054304635761589407,0.48874172185430464
0.3869412795793164,0.06660823838737949,0.057843996494303246,0.4886064855390009
0.3923994697304463,0.06539991162174105,0.05877154220061865,0.483429076447194
0.3953900709219858,0.06471631205673758,0.06028368794326241,0.4796099290780142
0.396,0.06133333333333333,0.06488888888888888,0.4777777777777778
0.4032685512367491,0.06007067137809187,0.06625441696113074,0.4704063604240283
0.40169039145907476,0.06094306049822064,0.06628113879003558,0.47108540925266906
0.4045734388742304,0.0633245382585752,0.06244503078276165,0.46965699208443273
0.40241179097811525,0.06342117016525234,0.06654756587762393,0.46761947297900847
0.4017857142857143,0.060714285714285714,0.06607142857142857,0.4714285714285714
0.4041611332447986,0.06064630367419212,0.0703851261620186,0.4648074369189907
0.39832007073386383,0.060123784261715295,0.06631299734748011,0.47524314765694076
0.4032042723631509,0.05829995549621718,0.06497552291944815,0.4735202492211838
0.4037785588752197,0.05711775043936731,0.06502636203866433,0.4740773286467487
0.40266075388026606,0.055875831485587585,0.06607538802660753,0.4753880266075388
0.4013333333333333,0.05644444444444444,0.06488888888888888,0.47733333333333333
0.40788883908561185,0.055580457194083374,0.06364858807709547,0.4728821156432093
0.40870724122612173,0.054642381163927146,0.061750333185251,0.47490004442470013
0.40724381625441697,0.053003533568904596,0.05830388692579505,0.48144876325088337
0.41007512152010606,0.054352629253203714,0.057445868316394165,0.4781263809102961
0.41249446167478954,0.05538325210456358,0.05848471422241914,0.47363757199822776
0.42082046757829733,0.0529333921482135,0.06219673577415086,0.46404940449933835
0.41370106761565834,0.05382562277580071,0.05693950177935943,0.4755338078291815
0.42028343666961915,0.05137289636846767,0.05845881310894597,0.46988485385296724
0.42641843971631205,0.04875886524822695,0.05540780141843971,0.46941489361702127
0.43065371024734983,0.045053003533568906,0.054770318021201414,0.46952296819787986
0.4297592997811816,0.04463894967177243,0.05645514223194748,0.46914660831509847
0.43077601410934746,0.046296296296296294,0.05864197530864197,0.4642857142857143
0.4265486725663717,0.049557522123893805,0.05929203539823009,0.4646017699115044
0.4341699691765742,0.048436811977102597,0.059445178335535004,0.4579480405107882
0.42819030680302356,0.05024455313472655,0.06136060471320587,0.46020453534904404
0.4319500223114681,0.04863900044622936,0.0606871932173137,0.45872378402498887
0.42314487632508835,0.05256183745583039,0.05830388692579505,0.4659893992932862
0.4231280460788657,0.05095259193619849,0.05405405405405406,0.4718653079308817
0.426654740608229,0.04964221824686941,0.06082289803220036,0.46288014311270126
0.4185022026431718,0.051982378854625554,0.06563876651982378,0.4638766519823789
0.41736818785999114,0.052724856003544526,0.06424457244129375,0.4656623836951706
0.41710758377425045,0.053791887125220456,0.06393298059964726,0.4651675485008818
0.41186813186813187,0.05274725274725275,0.0654945054945055,0.4698901098901099
0.41020052310374894,0.05318221447253706,0.06451612903225806,0.472101133391456
0.41037103263299063,0.05766651765757711,0.062136790344211,0.4698256593652213
0.4139307897071872,0.052795031055900624,0.05989352262644188,0.4733806566104703
0.40518783542039355,0.05411449016100179,0.06037567084078712,0.4803220035778175
0.40319715808170514,0.05772646536412078,0.0630550621669627,0.47602131438721135
0.40210711150131695,0.0553116769095698,0.05970149253731343,0.4828797190517998
0.40343915343915343,0.053791887125220456,0.06172839506172839,0.4810405643738977
0.4069767441860465,0.05143112701252236,0.059033989266547404,0.48255813953488375
0.4051078819903126,0.0488771466314399,0.059885512989872304,0.4861294583883752
0.39823788546255506,0.04933920704845815,0.057709251101321586,0.4947136563876652
0.3883495145631068,0.05030891438658429,0.061341571050308914,0.5
0.3915343915343915,0.04805996472663139,0.06084656084656084,0.49955908289241624
0.3923994697304463,0.047724259832081305,0.059213433495360145,0.5006628369421122
0.3928255093002657,0.05093002657218778,0.05491585473870682,0.5013286093888397
0.3922008068130883,0.04885701479157328,0.055580457194083374,0.503361721201255
0.3989431968295905,0.04667547335975341,0.055041831792162044,0.49933949801849403
0.4021304926764314,0.04837993786063027,0.055481580115401684,0.4940079893475366
0.4023957409050577,0.052795031055900624,0.05368234250221828,0.49112688553682343
0.40080071174377224,0.050711743772241996,0.05249110320284697,0.4959964412811388
0.4019477644975653,0.051350154935812305,0.054891544931385566,0.49181053563523686
0.3983050847457627,0.04861730597680642,0.05084745762711865,0.5022301516503123
0.39369729249889035,0.05148690634709276,0.048823790501553485,0.5059920106524634
0.3930789707187223,0.04835847382431233,0.04924578527062999,0.5093167701863354
0.3942350332594235,0.04656319290465632,0.05365853658536585,0.5055432372505543
0.3903296703296703,0.04791208791208791,0.05582417582417582,0.505934065934066
0.38481675392670156,0.05017452006980803,0.05410122164048865,0.5109075043630017
0.3904803878360511,0.05112384310268841,0.05420890260026443,0.5041868664609961
0.38597265108072343,0.04675782973092192,0.05690339655932951,0.5103661226290251
0.3854577310556286,0.049058256679807274,0.05300043802014893,0.5124835742444153
0.3812694185530404,0.05015534842432313,0.05370616955170883,0.5148690634709276
0.37078152753108345,0.05017761989342807,0.056838365896980464,0.522202486678508
0.365093499554764,0.05031166518254675,0.057435440783615316,0.5271593944790739
0.3676991150442478,0.05,0.05176991150442478,0.5305309734513274
0.3667255075022065,0.05163283318623124,0.05119152691968226,0.53045013239188
0.36594997806055285,0.051777095217200524,0.05089951733216323,0.5313734093900834
0.36978480456741325,0.04830917874396135,0.050944224857268336,0.530961791831357
0.3676081200353045,0.04942630185348632,0.05163283318623124,0.531332744924978
0.36589698046181174,0.0497335701598579,0.049289520426287745,0.5350799289520426
0.3710972346119536,0.05352363960749331,0.045495093666369314,0.5298840321141838
0.36932569413838695,0.050683120317320404,0.048920229175848394,0.5310709563684443
0.3648827952233525,0.05174701459531181,0.04820875718708536,0.5351614329942503
0.3700088731144632,0.052795031055900624,0.04614019520851819,0.531055900621118
0.3725143614670791,0.052585064074237735,0.05037560760053027,0.5245249668581529
0.36881625441696114,0.05653710247349823,0.045936395759717315,0.5287102473498233
0.367419212040726,0.0566622399291722,0.04957945993802568,0.5263390880920762
0.3595206391478029,0.056813138038171326,0.052374611628939194,0.5312916111850865
0.35688888888888887,0.058666666666666666,0.052444444444444446,0.532
0.3620151582701739,0.05617476593847526,0.05439144003566652,0.5274186357556844
0.3586237318041465,0.05778561976179974,0.05249228054697839,0.5310983678870754
0.35679718433787944,0.05763308402991641,0.052353717553893536,0.5332160140783107
0.36069210292812776,0.05545696539485359,0.051907719609582965,0.5319432120674357
0.3592233009708738,0.06090026478375993,0.04942630185348632,0.53045013239188
0.35812306330234617,0.056219566179725546,0.051350154935812305,0.534307215582116
0.353486319505737,0.05648720211827008,0.0529567519858782,0.5370697263901147
0.36033643204957944,0.054006197432492256,0.05179282868525897,0.5338645418326693
0.35346358792184723,0.05595026642984014,0.052397868561278864,0.5381882770870338
0.354924578527063,0.05323868677905945,0.05146406388642413,0.5403726708074534
0.3516143299425033,0.05395842547545334,0.0508624502432552,0.5435647943387881
0.3471731448763251,0.05079505300353357,0.05035335689045936,0.551678445229682
0.34684883208461875,0.050683120317320404,0.049801674746584396,0.5526663728514765
0.3487338960462017,0.050199911150599734,0.04931141714793425,0.5517547756552643
0.3390804597701149,0.04951370468611848,0.05172413793103448,0.5596816976127321
0.3410989010989011,0.04967032967032967,0.04967032967032967,0.5595604395604395
0.33962264150943394,0.04870557261956999,0.04914436156208864,0.5625274243089075
0.3331856446610545,0.04652193176783341,0.05050952591936198,0.5697828976517502
0.3328912466843501,0.04553492484526967,0.050397877984084884,0.5711759504862953
0.32694023193577165,0.04415700267618198,0.049955396966993755,0.5789473684210527
0.32962138084632514,0.04543429844097996,0.04855233853006682,0.5763919821826281
0.3251318101933216,0.043936731107205626,0.050966608084358524,0.5799648506151143
0.32097130242825606,0.04326710816777042,0.052980132450331126,0.5827814569536424
0.3206545776205219,0.04157452454666077,0.05218929677134011,0.5855816010614773
0.3163491360212672,0.04031900753212229,0.052724856003544526,0.590607000443066
0.31036016007114275,0.03823921742996887,0.05602489995553579,0.5953757225433526
0.30319148936170215,0.037677304964539006,0.057180851063829786,0.6019503546099291
0.3034359660865685,0.03792949576082106,0.05934850513163766,0.5992860330209728
0.3030837004405286,0.03832599118942731,0.059030837004405284,0.5995594713656388
0.3013698630136986,0.04021210782147592,0.05612019443216969,0.6022978347326557
0.30817051509769094,0.03996447602131439,0.058170515097690945,0.5936944937833037
0.29766622633201234,0.03963011889035667,0.06120651695288419,0.6014971378247468
0.2998220640569395,0.03959074733096085,0.06094306049822064,0.599644128113879
0.3019366197183099,0.03917253521126761,0.06294014084507042,0.5959507042253521
0.2961335676625659,0.03646748681898067,0.0641476274165202,0.6032513181019332
0.29995608256477824,0.036012296881862096,0.06368028107158542,0.6003513394817742
0.2928445229681979,0.03489399293286219,0.06139575971731449,0.6108657243816255
0.29803395889186773,0.03395889186773905,0.06032171581769437,0.6076854334226989
0.2982142857142857,0.033928571428571426,0.05803571428571429,0.6098214285714286
0.30097087378640774,0.03486319505736982,0.05560458958517211,0.6085613415710504
0.3028824833702882,0.03680709534368071,0.05720620842572062,0.6031042128603105
0.3063457330415755,0.035448577680525166,0.05557986870897155,0.6026258205689278
0.30970314576871955,0.034116083296411165,0.05361098803721755,0.6025697828976517
0.3046563192904656,0.03370288248337029,0.05365853658536585,0.6079822616407983
0.30875166592625497,0.0346512661039538,0.050644158151932475,0.6059529098178588
0.30734966592427615,0.03296213808463252,0.049888641425389756,0.6097995545657016
0.299645390070922,0.03634751773049645,0.050975177304964536,0.613031914893617
0.30052724077328646,0.03734622144112478,0.048769771528998244,0.6133567662565905
0.30606860158311344,0.03913808267370272,0.05013192612137203,0.6046613896218118
0.3070447496677005,0.04031900753212229,0.04918032786885246,0.6034559149313248
0.29492273730684326,0.04150110375275938,0.05033112582781457,0.6132450331125828
0.29893711248892824,0.03941541186891054,0.04827280779450841,0.6133746678476528
0.2973928413610252,0.03844454264250994,0.0481661511268228,0.6159964648696421
0.2926722246599386,0.040807371654234315,0.05089951733216323,0.6156208863536639
0.29969284774023697,0.03773584905660377,0.05265467310223782,0.6099166301009215
0.3019451812555261,0.03801945181255526,0.04907161803713528,0.6109637488947833
0.3028824833702882,0.038580931263858094,0.048337028824833705,0.61019955654102
0.29928952042628776,0.041740674955595025,0.04884547069271759,0.6101243339253997
0.3065953654188948,0.04322638146167558,0.05258467023172905,0.5975935828877005
0.3099027409372237,0.041998231653404064,0.053934571175950484,0.5941644562334217
0.30742049469964666,0.04240282685512368,0.05123674911660778,0.598939929328622
0.3077264653641208,0.04129662522202487,0.049289520426287745,0.6016873889875666
0.3076584507042254,0.04005281690140845,0.05017605633802817,0.602112676056338
0.310022271714922,0.0400890868596882,0.046325167037861915,0.6035634743875279
0.3072847682119205,0.040176600441501106,0.04768211920529802,0.6048565121412803
0.30917874396135264,0.039525691699604744,0.048748353096179184,0.6025472112428634
0.3104359313077939,0.04051078819903126,0.04975781594011449,0.5992954645530604
0.30721558211598055,0.04205400619743249,0.048251438689685705,0.6024789729969012
0.3078958976621085,0.04014115571239524,0.044993383325981476,0.6069695632995148
0.30663106364040943,0.037828215398308856,0.045838896306186025,0.6097018246550957
0.30066225165562915,0.039735099337748346,0.04326710816777042,0.6163355408388521
0.29750223015165034,0.041480820695807316,0.043264942016057094,0.6177520071364853
0.2993827160493827,0.039241622574955906,0.04188712522045855,0.6194885361552028
0.3030436700485223,0.0388178209086899,0.04102337891486546,0.6171151301279224
0.2980132450331126,0.04105960264900662,0.04150110375275938,0.6194260485651214
0.28679750223015166,0.041480820695807316,0.04192685102586976,0.6297948260481713
0.2872435325602141,0.04192685102586976,0.04415700267618198,0.6266726137377342
0.2872952633908809,0.04161133244798584,0.0451527224435591,0.6259406817175741
0.2870493991989319,0.04494882064975523,0.044058744993324434,0.6239430351579884
0.2854001759014952,0.04397537379067722,0.048372911169744945,0.6222515391380826
0.2926613616268789,0.04376657824933687,0.04951370468611848,0.6140583554376657
0.2886232846392209,0.041168658698539175,0.04648074369189907,0.6237273129703409
0.29225978647686834,0.03959074733096085,0.04448398576512456,0.6236654804270463
0.28797190517998245,0.038630377524143986,0.04521510096575944,0.6281826163301142
0.29028021015761823,0.03765323992994746,0.046409807355516634,0.6256567425569177
0.2924778761061947,0.03716814159292035,0.04469026548672567,0.6256637168141593
0.2925860547219771,0.03618711385701677,0.04236540158870256,0.6288614298323036
0.29482604817127567,0.03568242640499554,0.04460303300624442,0.6248884924174843
0.2915194346289753,0.0357773851590106,0.044169611307420496,0.6285335689045937
0.2897196261682243,0.037828215398308856,0.04138851802403204,0.6310636404094349
0.2843915343915344,0.036155202821869487,0.0427689594356261,0.63668430335097
0.2827525363917071,0.03484781649757389,0.04278782531980591,0.6396118217909131
0.2817777777777778,0.034666666666666665,0.042666666666666665,0.6408888888888888
0.2883845126835781,0.032932799287939477,0.03960836671117045,0.639074321317312
0.2912793271359008,0.03142983621071271,0.0398406374501992,0.6374501992031872
0.28993821712268314,0.03442188879082083,0.04060017652250662,0.6350397175639894
0.2853333333333333,0.036444444444444446,0.04133333333333333,0.6368888888888888
0.29542425588627275,0.03642825410928476,0.043536206130608615,0.6246112838738338
0.29697239536954584,0.03561887800534283,0.04229741763134461,0.6251113089937667
0.29305002213368747,0.038069942452412575,0.0451527224435591,0.6237273129703409
0.2988962472406181,0.03620309050772627,0.04326710816777042,0.6216335540838852
0.2975824175824176,0.036923076923076927,0.04659340659340659,0.6189010989010989
0.2974878801234024,0.0379021595416483,0.044072278536800354,0.6205376817981489
0.30229479258605474,0.038834951456310676,0.04280670785525154,0.6160635481023831
0.29928952042628776,0.04085257548845471,0.04085257548845471,0.6190053285968028
0.2975501113585746,0.039198218262806235,0.04187082405345212,0.621380846325167
0.29626373626373625,0.043076923076923075,0.0421978021978022,0.6184615384615385
0.29666958808063104,0.046012269938650305,0.03812445223488168,0.619193689745837
0.29317094388864723,0.04480208786428882,0.040452370595911266,0.6215745976511526
0.29101475189986586,0.0424675905230219,0.042914617791685296,0.6236030397854269
0.29173989455184535,0.04130052724077329,0.04305799648506151,0.6239015817223199
0.292693661971831,0.040492957746478875,0.04445422535211268,0.6223591549295775
0.2936226749335695,0.03631532329495128,0.047829937998228524,0.6222320637732507
0.28647686832740216,0.03291814946619217,0.050711743772241996,0.6298932384341637
0.29153743907842267,0.033673017279574655,0.04918032786885246,0.6256092157731502
0.2923076923076923,0.032527472527472526,0.047472527472527476,0.6276923076923077
0.2969991173874669,0.03309796999117388,0.047219770520741396,0.6226831421006178
0.3017699115044248,0.031415929203539826,0.048230088495575224,0.6185840707964602
0.29424681598594643,0.03293807641633729,0.04787000439174352,0.6249451032059727
0.2919611307420495,0.03401060070671378,0.0446113074204947,0.6294169611307421
0.29052258635961026,0.03675819309123118,0.04428697962798937,0.6284322409211692
0.29542425588627275,0.037760995113282986,0.04175921812527766,0.6250555308751666
0.2954946996466431,0.038869257950530034,0.04196113074204947,0.6236749116607774
0.29133510167992926,0.038903625110521665,0.04155614500442087,0.6282051282051282
0.2892416225749559,0.037037037037037035,0.0427689594356261,0.6309523809523809
0.29708222811671087,0.03404067197170645,0.04332449160035367,0.625552608311229
0.29474149359257623,0.035793194874060984,0.04551480335837384,0.623950508174989
0.30070237050043896,0.03775241439859526,0.04433713784021071,0.617208077260755
0.30149647887323944,0.03697183098591549,0.043133802816901406,0.6183978873239436
0.3019197207678883,0.036212914485165795,0.04493891797556719,0.6169284467713787
0.3048458149779736,0.037444933920704845,0.04713656387665198,0.6105726872246696
0.30480811645346273,0.037935597706219674,0.049404499338332596,0.607851786501985
0.30688294607628236,0.0394563787812363,0.04559403770276195,0.6080666374397194
0.3099778270509978,0.037694013303769404,0.04567627494456763,0.6066518847006652
0.3089788732394366,0.04137323943661972,0.045774647887323945,0.6038732394366197
0.3086040386303775,0.03994732221246708,0.048726953467954345,0.602721685689201
0.30803177405119153,0.03927625772285966,0.05163283318623124,0.6010591350397175
0.30556773345024113,0.04296361245067953,0.05129329241560719,0.6001753616834722
0.3024390243902439,0.04390243902439024,0.055875831485587585,0.5977827050997783
0.29876977152899825,0.03998242530755712,0.05536028119507909,0.6058875219683656
0.301056338028169,0.04137323943661972,0.05677816901408451,0.6007922535211268
0.3064091308165057,0.03731343283582089,0.05662862159789289,0.5996488147497805
0.3011941618752764,0.039805395842547546,0.05572755417956656,0.6032728881026095
0.300531914893617,0.038120567375886524,0.05540780141843971,0.6059397163120568
0.29960229783473263,0.03844454264250994,0.05302695536897923,0.6089262041537782
0.3024800708591674,0.04162976085031001,0.05181576616474756,0.604074402125775
0.30149647887323944,0.04225352112676056,0.053257042253521125,0.6029929577464789
0.2997335701598579,0.043072824156305506,0.052397868561278864,0.6047957371225577
0.30647291941875826,0.04315279612505504,0.05195948921180097,0.5984147952443857
0.312719298245614,0.04298245614035088,0.05307017543859649,0.5912280701754385
0.30810092961487384,0.04293935369632581,0.053563523683045594,0.5953961930057547
0.30048608042421565,0.044631020768890854,0.0552364118426867,0.5996464869642069
0.30577777777777776,0.044444444444444446,0.05466666666666667,0.5951111111111111
0.30176211453744495,0.04889867841409692,0.05066079295154185,0.5986784140969162
0.3019867549668874,0.052538631346578366,0.04900662251655629,0.596467991169978
0.30586161304539444,0.05244601145879242,0.05112384310268841,0.5905685323931247
0.29766622633201234,0.05548216644649934,0.05107881990312638,0.5957727873183619
0.2974878801234024,0.05509034817100044,0.05244601145879242,0.5949757602468048
0.29455662862159787,0.056189640035118525,0.048287971905179985,0.6009657594381036
0.2975501113585746,0.05389755011135858,0.046325167037861915,0.602227171492205
0.2975717439293598,0.05562913907284768,0.045916114790286976,0.6008830022075056
0.29626373626373625,0.05274725274725275,0.04483516483516484,0.6061538461538462
0.28887904297740363,0.05538325210456358,0.04164820558263181,0.614089499335401
0.2845020098258151,0.0531487271103171,0.04064314426083073,0.6217061188030371
0.290989010989011,0.05318681318681319,0.03736263736263736,0.6184615384615385
0.29429960229783475,0.05700397702165267,0.038886433937251434,0.6098099867432611
0.28996447602131437,0.055062166962699825,0.04129662522202487,0.6136767317939609
0.28799291094373064,0.05538325210456358,0.03898980948161276,0.617634027470093
0.2952930728241563,0.05461811722912966,0.03996447602131439,0.6101243339253997
0.2938325991189427,0.05638766519823789,0.04052863436123348,0.6092511013215859
0.2926829268292683,0.056762749445676275,0.04212860310421286,0.6084257206208425
0.29238221047996477,0.05812417437252312,0.04007045354469397,0.6094231616028182
0.2966252220248668,0.05950266429840142,0.041740674955595025,0.6021314387211367
0.2969298245614035,0.058771929824561406,0.03903508771929825,0.6052631578947368
0.2962962962962963,0.05864197530864197,0.040123456790123455,0.6049382716049383
0.2986842105263158,0.058333333333333334,0.0412280701754386,0.6017543859649123
0.29772329246935203,0.05516637478108581,0.04115586690017513,0.6059544658493871
0.2987128273413227,0.052818464269862406,0.04438526409232135,0.6040834442964935
0.2950022114108801,0.055285272003538256,0.042459088898717384,0.6072534276868642
0.3055187637969095,0.05121412803532009,0.04194260485651214,0.6013245033112583
0.3057017543859649,0.05175438596491228,0.04517543859649123,0.5973684210526315
0.309375,0.054464285714285715,0.04642857142857143,0.5897321428571428
0.3129432624113475,0.05274822695035461,0.04521276595744681,0.589095744680851
0.30683836589698044,0.05150976909413854,0.044849023090586145,0.5968028419182948
0.3042712461470718,0.05416116248348745,0.041831792162043156,0.5997357992073976
0.3034452296819788,0.053003533568904596,0.03931095406360424,0.6042402826855123
0.3048888888888889,0.05333333333333334,0.03822222222222222,0.6035555555555555
0.30786317192358953,0.051088405153265216,0.04042647712127943,0.6006219458018658
0.3034452296819788,0.04858657243816254,0.04196113074204947,0.6060070671378092
0.3065015479876161,0.04467049977885891,0.0437859354268023,0.6050420168067226
0.31333333333333335,0.043111111111111114,0.041777777777777775,0.6017777777777777
0.3178984861976848,0.043187889581478185,0.04986642920747997,0.5890471950133571
0.31595365418894833,0.04322638146167558,0.053475935828877004,0.5873440285204992
0.30964015992892047,0.04309195912927588,0.05242114615726344,0.5948467347845402
0.306601683650864,0.043420469649977846,0.056712450155073105,0.593265396544085
0.3107869142351901,0.04332449160035367,0.05570291777188329,0.5901856763925729
0.315626383355467,0.04426737494466578,0.054891544931385566,0.5852146967684816
0.31896172459304883,0.04223493180818302,0.05499340079190497,0.5838099428068632
0.31616028181417877,0.041831792162043156,0.054601497137824744,0.5874064288859533
0.3176991150442478,0.03982300884955752,0.05575221238938053,0.5867256637168141
0.32,0.03911111111111111,0.05555555555555555,0.5853333333333334
0.31956043956043956,0.03912087912087912,0.056703296703296706,0.5846153846153846
0.32319223985890655,0.03791887125220458,0.059082892416225746,0.5798059964726632
0.31980591089545657,0.03617115130127922,0.05822673136303485,0.5857962064402293
0.3196286472148541,0.03669319186560566,0.05791335101679929,0.5857648099027409
0.32109685979655017,0.0362671384343211,0.05749668288367979,0.5851393188854489
0.3257978723404255,0.03679078014184397,0.0549645390070922,0.5824468085106383
0.3179190751445087,0.03868385949310805,0.053357047576700754,0.5900400177856825
0.32007073386383733,0.04155614500442087,0.052166224580017684,0.5862068965517241
0.3153193389906208,0.04421616793211255,0.051362215274676194,0.5891022778025904
0.31928251121076234,0.03991031390134529,0.05246636771300448,0.5883408071748879
0.31640449438202245,0.041797752808988765,0.050337078651685394,0.5914606741573034
0.3118899733806566,0.04081632653061224,0.049689440993788817,0.5976042590949423
0.31369924141008476,0.041499330655957165,0.04863900044622936,0.5961624274877287
0.3100398053958425,0.0437859354268023,0.04555506413091552,0.6006191950464397
0.3053839364518976,0.04280670785525154,0.04501323918799647,0.6067961165048543
0.3065015479876161,0.038920831490490936,0.045112781954887216,0.6094648385670057
0.30154525386313463,0.04282560706401766,0.045033112582781455,0.6105960264900663
0.3063143752798925,0.041648007165248545,0.04478280340349306,0.6072548141513658
0.3052863436123348,0.040969162995594714,0.044933920704845816,0.6088105726872247
0.2941952506596306,0.04353562005277045,0.04661389621811785,0.6156552330694811
0.29600351339481773,0.04259991216512956,0.048748353096179184,0.6126482213438735
0.2887511071744907,0.04428697962798937,0.05004428697962799,0.6169176262178919
0.29605263157894735,0.04078947368421053,0.05,0.6131578947368421
0.2908525754884547,0.04218472468916518,0.0497335701598579,0.6172291296625222
0.29416922402455065,0.040333187198597104,0.04778605874616396,0.6177115300306883
0.29312638580931266,0.040354767184035474,0.04611973392461197,0.6203991130820399
