C,D,Oc,Od
0.0,1.0,0.0,0.0
0.0,0.6,0.0,0.4
0.18181818181818182,0.5454545454545454,0.0,0.2727272727272727
0.2,0.45,0.0,0.35
0.14285714285714285,0.37142857142857144,0.08571428571428572,0.4
0.15254237288135594,0.3050847457627119,0.1016949152542373,0.4406779661016949
0.15,0.29,0.09,0.47
0.15436241610738255,0.26174496644295303,0.10067114093959731,0.48322147651006714
0.1506849315068493,0.228310502283105,0.1141552511415525,0.5068493150684932
0.16498316498316498,0.18518518518518517,0.12457912457912458,0.5252525252525253
0.16216216216216217,0.1837837837837838,0.14054054054054055,0.5135135135135135
0.1581196581196581,0.1858974358974359,0.14957264957264957,0.5064102564102564
0.15100671140939598,0.17953020134228187,0.15100671140939598,0.5184563758389261
0.1553672316384181,0.16101694915254236,0.1553672316384181,0.5282485875706214
0.1570048309178744,0.1473429951690821,0.17149758454106281,0.5241545893719807
0.15067079463364294,0.15273477812177502,0.18472652218782248,0.5118679050567595
0.14959202175883954,0.15049864007252947,0.1985494106980961,0.5013599274705349
0.15323854660347552,0.15718799368088468,0.21169036334913113,0.47788309636650866
0.15722379603399433,0.1529745042492918,0.21954674220963172,0.4702549575070821
0.1656957928802589,0.14692556634304207,0.22459546925566343,0.4627831715210356
0.1711764705882353,0.14294117647058824,0.2288235294117647,0.45705882352941174
0.17191818684355997,0.14925373134328357,0.23051409618573798,0.4483139856274185
0.16771819137749738,0.15141955835962145,0.23711882229232387,0.4437434279705573
0.17265822784810125,0.1569620253164557,0.2379746835443038,0.43240506329113926
0.17757009345794392,0.15543531726512544,0.24003935071323168,0.426955238563699
0.18233349078885214,0.15540859707132734,0.23901747756258857,0.4232404345772319
0.1914008321775312,0.15996301433194637,0.23855755894590847,0.410078594544614
0.1927927927927928,0.16171171171171173,0.240990990990991,0.4045045045045045
0.19803308001788109,0.15735359856951275,0.24184175234689317,0.402771569065713
0.20105820105820105,0.1626984126984127,0.23721340388007053,0.3990299823633157
0.19894829097283084,0.1586327782646801,0.23838737949167396,0.4040315512708151
0.20381036774479397,0.1595037660611431,0.2370403190075321,0.3996455471865308
0.20361392684001764,0.15513442044953724,0.2375495813133539,0.40370207139709124
0.20657894736842106,0.15833333333333333,0.2337719298245614,0.40131578947368424
0.20679012345679013,0.15873015873015872,0.23544973544973544,0.3990299823633157
0.2039045553145336,0.1579175704989154,0.23600867678958784,0.4021691973969631
0.2112182296231376,0.16126205083260298,0.2326906222611744,0.394829097283085
0.21110621419127368,0.15777875716174528,0.23931247245482593,0.39180255619215515
0.21318681318681318,0.16,0.23252747252747252,0.3942857142857143
0.2156084656084656,0.15167548500881833,0.2447089947089947,0.3880070546737213
0.21927497789566755,0.15694076038903626,0.242263483642794,0.38152077807250223
0.218205574912892,0.15853658536585366,0.2421602787456446,0.38109756097560976
0.22119613016710643,0.15523306948109059,0.24010554089709762,0.3834652594547054
0.21476510067114093,0.1610738255033557,0.2425055928411633,0.38165548098434005
0.21773835920177384,0.1583148558758315,0.23458980044345898,0.3893569844789357
0.22115803221593383,0.15498476273400086,0.24031345232912493,0.3835437527209404
0.21295089091699262,0.15819209039548024,0.24163407214254673,0.38722294654498046
0.2099956159579132,0.16045594037702762,0.2376150811047786,0.39193336256028055
0.20948616600790515,0.16073781291172595,0.24110671936758893,0.38866930171277997
0.2099737532808399,0.16491688538932633,0.2327209098862642,0.39238845144356954
0.21087533156498675,0.16887709991158267,0.23342175066312998,0.3868258178603006
0.21758436944937834,0.16474245115452932,0.23401420959147423,0.3836589698046181
0.2119089316987741,0.17075306479859895,0.23073555166374782,0.38660245183887915
0.20800351802990324,0.17106420404573439,0.23087071240105542,0.39006156552330695
0.21381434227892654,0.1680598328200616,0.23405191377034756,0.3840739111306643
0.21344391095591445,0.16761239633347882,0.23483195111305108,0.3841117415975557
0.21116071428571428,0.175,0.23035714285714284,0.3834821428571429
0.21169794849410736,0.1732867743343518,0.23526844172850284,0.379746835443038
0.2112614578786556,0.17590571802706242,0.23963334788302051,0.3731994762112615
0.20398230088495575,0.1747787610619469,0.2415929203539823,0.37964601769911505
0.20304347826086958,0.17782608695652175,0.24217391304347827,0.3769565217391304
0.20527472527472526,0.17846153846153845,0.2413186813186813,0.3749450549450549
0.2007908611599297,0.1827768014059754,0.2451669595782074,0.37126537785588754
0.1986870897155361,0.1798687089715536,0.24770240700218818,0.3737417943107221
0.19762323943661972,0.1800176056338028,0.2522007042253521,0.3701584507042254
0.2020069808027923,0.17888307155322863,0.25523560209424084,0.36387434554973824
0.20612691466083152,0.17680525164113786,0.25733041575492344,0.3597374179431072
0.20747252747252748,0.17978021978021977,0.2545054945054945,0.35824175824175825
0.2052980132450331,0.18410596026490067,0.25474613686534214,0.3558498896247241
0.20614035087719298,0.181140350877193,0.2600877192982456,0.3526315789473684
0.20492524186455585,0.17941952506596306,0.25813544415127526,0.3575197889182058
0.2066079295154185,0.18061674008810572,0.2616740088105727,0.35110132158590307
0.20493609519612163,0.1767298369325694,0.26399294843543414,0.3543411194358748
0.21434859154929578,0.18221830985915494,0.2574823943661972,0.3459507042253521
0.21488701816570668,0.18298626495347806,0.25520602569782896,0.34692069118298624
0.2101133391455972,0.1826503923278117,0.2632955536181343,0.34394071490845685
0.20776356418173797,0.18438464931627702,0.2580502867225408,0.3498014997794442
0.21105748135146996,0.18867924528301888,0.25713032031592803,0.34313295304958313
0.20759717314487633,0.19169611307420495,0.25,0.3507067137809187
0.21531728665207878,0.1938730853391685,0.24945295404814005,0.3413566739606127
0.21691013722886232,0.1952191235059761,0.2527667109340416,0.33510402833111996
0.21501103752759382,0.2022075055187638,0.25121412803532006,0.3315673289183223
0.21615720524017468,0.2021834061135371,0.25109170305676853,0.33056768558951966
0.2142226148409894,0.19478798586572438,0.25353356890459366,0.3374558303886926
0.21447368421052632,0.20087719298245615,0.25087719298245614,0.3337719298245614
0.21649934526407683,0.19816673941510257,0.2562199912701877,0.3291139240506329
0.20989836500220946,0.20238621299160406,0.25850640742377373,0.32920901458241275
0.20955721174923278,0.20210434020166593,0.2542744410346339,0.3340640070144673
0.21031746031746032,0.20149911816578484,0.25793650793650796,0.33024691358024694
0.20992534036012298,0.20202020202020202,0.25911286780852,0.328941589811155
0.21145374449339208,0.20572687224669603,0.2594713656387665,0.3233480176211454
0.21024734982332155,0.20318021201413428,0.25485865724381623,0.33171378091872794
0.21572052401746725,0.20698689956331878,0.25283842794759825,0.32445414847161574
0.21488701816570668,0.204696499778467,0.2467877713779353,0.333628710677891
0.21825396825396826,0.21296296296296297,0.2464726631393298,0.322310405643739
0.22217333919929608,0.214694236691597,0.2454905411350638,0.3176418829740431
0.2229995627459554,0.2094446873633581,0.25229558373414956,0.31526016615653696
0.22275711159737419,0.2100656455142232,0.24638949671772428,0.32078774617067835
0.22838427947598253,0.2074235807860262,0.24934497816593887,0.3148471615720524
0.22998673153471916,0.20698805838124723,0.24944714727996462,0.31357806280406897
0.22906513070447496,0.21222862206468765,0.24856003544528135,0.31014621178555607
0.22819383259911893,0.21145374449339208,0.24537444933920705,0.31497797356828194
0.23389232127096204,0.20785525154457193,0.24271844660194175,0.3155339805825243
0.23464912280701755,0.20701754385964913,0.24298245614035088,0.31535087719298244
0.2338568935427574,0.21291448516579406,0.2395287958115183,0.3136998254799302
0.23185217773867137,0.20985481742190937,0.2380114386273647,0.32028156621205456
0.23145268769435806,0.20968458462905376,0.23767214571301643,0.32119058196357175
0.22799295774647887,0.20598591549295775,0.2442781690140845,0.3217429577464789
0.22817025010969724,0.2079859587538394,0.24528301886792453,0.31856077226853885
0.22995126273814798,0.20646876384581303,0.24900310146211785,0.31457687195392114
0.23978919631093545,0.19982433025911286,0.2503293807641634,0.3100570926657883
0.240052470485352,0.20463489287275907,0.24136423261915171,0.3139484040227372
0.24196428571428572,0.2,0.24241071428571428,0.315625
0.23039647577092512,0.2026431718061674,0.25198237885462554,0.31497797356828194
0.23883237505528526,0.19814241486068113,0.248562582927908,0.3144626271561256
0.24128804587560654,0.20202911336568152,0.24437582708425232,0.3123070136744596
0.24165202108963094,0.2069420035149385,0.23725834797891038,0.3141476274165202
0.24100087796312555,0.20149253731343283,0.23968393327480245,0.31782265144863914
0.24206349206349206,0.2006172839506173,0.2310405643738977,0.3262786596119929
0.2525658188308791,0.19678714859437751,0.23070058009817046,0.31994645247657294
0.24724548259145,0.19612163948876157,0.23137946231820186,0.3252534156015866
0.24504186866460997,0.19612163948876157,0.23049801674746584,0.32833847509916264
0.24586597040905134,0.19495213228894692,0.23020017406440382,0.3289817232375979
0.24813022437307522,0.2014958205015398,0.22085349758029035,0.32952045754509457
0.25109553023663456,0.19894829097283084,0.22567922874671342,0.32427695004382123
0.2486910994764398,0.20593368237347295,0.22207678883071552,0.32329842931937175
0.24595185995623634,0.20262582056892778,0.22450765864332603,0.32691466083150983
0.24210526315789474,0.20657894736842106,0.21929824561403508,0.3320175438596491
0.24031690140845072,0.2108274647887324,0.22095070422535212,0.3279049295774648
0.24290083005679336,0.2053298383573613,0.22062035823503715,0.33114897335080823
0.24060150375939848,0.20831490490933216,0.22556390977443608,0.32551968155683325
0.2427947598253275,0.21004366812227074,0.21790393013100437,0.3292576419213974
0.2422522915757311,0.20515058926233087,0.22522915757311218,0.32736796158882586
0.24406332453825857,0.20932277924362358,0.22207563764291996,0.3245382585751979
0.23495318769505127,0.20820329915292018,0.22603655818100757,0.330806954971021
0.23204179364388333,0.21375707444492817,0.22246408358728775,0.3317370483239007
0.22793148880105402,0.21299956082564778,0.22705314009661837,0.33201581027667987
0.23158359064843406,0.2161446846052051,0.22717247463608292,0.3250992501102779
0.22921249450065992,0.2168939727232732,0.2322921249450066,0.3216014078310603
0.22217353198948292,0.21735319894829097,0.2318141980718668,0.32865907099035935
0.22763157894736843,0.21359649122807017,0.23114035087719298,0.32763157894736844
0.23053368328958881,0.21391076115485563,0.23140857392825898,0.3241469816272966
0.22815533980582525,0.2144748455428067,0.2294792586054722,0.32789055604589584
0.23066783831282953,0.2126537785588752,0.2218804920913884,0.3347978910369069
0.23919685726756876,0.20907900480139677,0.22261021388040156,0.3291139240506329
0.24622892635314997,0.209849157054126,0.22138420585625554,0.3225377107364685
0.24189307624890447,0.20946538124452235,0.22699386503067484,0.32164767747589834
0.24340949033391915,0.21133567662565905,0.22495606326889278,0.320298769771529
0.24600355239786856,0.21225577264653642,0.22069271758436945,0.3210479573712256
0.24339788732394366,0.2130281690140845,0.22095070422535212,0.3226232394366197
0.24217026907807676,0.21438023820026467,0.22408469342743714,0.31936479929422146
0.24006983849847227,0.2138804015713662,0.22697512003491924,0.31907463989524226
0.23626852659110723,0.2210113339145597,0.22885789014821273,0.31386224934612034
0.2357866901718819,0.22080211546936976,0.22829440282062582,0.3151167915381225
0.23516386182462357,0.2183348095659876,0.22984942426926483,0.316651904340124
0.22781456953642384,0.21545253863134659,0.22958057395143489,0.3271523178807947
0.23226090788893786,0.22212428382547378,0.2238871749669458,0.32172763331864257
0.22839506172839505,0.2156084656084656,0.22530864197530864,0.3306878306878307
0.23002633889376647,0.20983318700614575,0.22607550482879718,0.3340649692712906
0.22324966974900926,0.20827829150154117,0.2294143549097314,0.3390576838397182
0.2227613586237318,0.20952801058667844,0.23070136744596384,0.33700926334362596
0.22637362637362637,0.21142857142857144,0.22945054945054946,0.33274725274725275
0.22841965471447542,0.2129260734838424,0.22576361221779548,0.3328906595838867
0.23208041958041958,0.2062937062937063,0.2263986013986014,0.3352272727272727
0.2277533039647577,0.21233480176211453,0.2290748898678414,0.33083700440528635
0.22679509632224168,0.21541155866900175,0.23423817863397547,0.3235551663747811
0.22344161545215102,0.21071115013169447,0.233099209833187,0.33274802458296754
0.2279541446208113,0.21516754850088182,0.22663139329805995,0.33024691358024694
0.22197802197802197,0.21670329670329672,0.23032967032967033,0.330989010989011
0.21949078138718173,0.22344161545215102,0.2295873573309921,0.32748024582967517
0.21362637362637363,0.22329670329670329,0.2342857142857143,0.32879120879120877
0.21872227151730259,0.2236024844720497,0.23646850044365572,0.321206743566992
0.2097130242825607,0.22737306843267108,0.2379690949227373,0.32494481236203093
0.20929203539823008,0.2252212389380531,0.2345132743362832,0.3309734513274336
0.20308370044052865,0.2286343612334802,0.23392070484581498,0.3343612334801762
0.20939420544337137,0.2212467076382792,0.237928007023705,0.33143107989464443
0.20721513418389792,0.22525296964364278,0.23493180818301804,0.33260008798944124
0.20299427564949363,0.22457067371202113,0.23381770145310435,0.3386173491853809
0.20962047661076788,0.22418358340688438,0.23654015887025595,0.3296557811120918
0.20849933598937584,0.23019034971226207,0.23328906595838866,0.3280212483399734
0.21027003098716246,0.23063302346170872,0.234174413457282,0.32492253209384686
0.20987654320987653,0.23192239858906524,0.23853615520282187,0.31966490299823636
0.20688134097926775,0.22937803264225848,0.23599470666078518,0.32774591971768857
0.20654577620521894,0.232640424590889,0.2344095532950022,0.3264042459088899
0.20603674540682415,0.22922134733158356,0.23709536307961504,0.32764654418197725
0.2051959489211801,0.23645970937912814,0.23822104799647734,0.32012329370321446
0.20833333333333334,0.23421052631578948,0.23640350877192984,0.32105263157894737
0.20434397163120568,0.24113475177304963,0.23404255319148937,0.3204787234042553
0.2047244094488189,0.24059492563429571,0.2357830271216098,0.3188976377952756
0.20545534535855697,0.24197096348438188,0.2410910690717114,0.31148262208534977
0.20302087960906265,0.247001332741004,0.2416703687250111,0.30830741892492225
0.2016057091882248,0.24665477252453166,0.23951828724353255,0.31222123104371097
0.20272049144361562,0.2540587977182975,0.23913997367266346,0.30408073716542344
0.20044052863436124,0.25198237885462554,0.2422907488986784,0.3052863436123348
0.20071845532105972,0.2487651549169286,0.24202963628199373,0.308486753480018
0.1960088691796009,0.24878048780487805,0.2443458980044346,0.31086474501108646
0.2013979903888161,0.25076452599388377,0.24027959807776322,0.3075578855395369
0.19869281045751633,0.24749455337690632,0.244880174291939,0.3089324618736383
0.20379355977062197,0.24525805028672254,0.24261138067931187,0.3083370092633436
0.20625826355222565,0.24239753195240193,0.249008373732922,0.3023358307624504
0.2046757829730922,0.24128804587560654,0.25275694750771943,0.30127922364358184
0.2066518847006652,0.2376940133037694,0.24611973392461198,0.3095343680709534
0.20606601248884923,0.24264049955396966,0.23907225691347012,0.31222123104371097
0.2074398249452954,0.249890590809628,0.23282275711159736,0.3098468271334792
0.20833333333333334,0.24689716312056736,0.23182624113475178,0.3129432624113475
0.21127385707944962,0.2401242787394585,0.23169107856191745,0.3169107856191744
0.20868409392999557,0.23836951705804166,0.23482498892334958,0.3181214000886132
0.2070191026210573,0.23367392270102177,0.24078187472234563,0.3185250999555753
0.2062308029837648,0.23124177270732776,0.24923211935059236,0.31329530495831504
0.2092414995640802,0.22537053182214473,0.2506538796861377,0.3147340889276373
0.21289752650176677,0.2248233215547703,0.24602473498233215,0.31625441696113077
0.22036139268400176,0.22961657117672984,0.24195680916703394,0.3080652269722345
0.22739361702127658,0.22296099290780141,0.24468085106382978,0.3049645390070922
0.22882483370288248,0.22439024390243903,0.23680709534368072,0.3099778270509978
0.22212428382547378,0.2269722344645218,0.23931247245482593,0.3115910092551785
0.22355024347056218,0.22709163346613545,0.2403718459495352,0.30898627711376714
0.22451669595782073,0.22495606326889278,0.24253075571177504,0.30799648506151145
0.22329670329670329,0.22637362637362637,0.2413186813186813,0.309010989010989
0.22599118942731278,0.22687224669603523,0.24140969162995596,0.30572687224669604
0.22765301629238222,0.22457067371202113,0.24174372523117568,0.30603258476442097
0.22007042253521128,0.22799295774647887,0.2438380281690141,0.30809859154929575
0.21762114537444935,0.2251101321585903,0.2431718061674009,0.3140969162995595
0.2178649237472767,0.22962962962962963,0.23965141612200436,0.31285403050108934
0.22192749778956675,0.23121131741821396,0.23607427055702918,0.3107869142351901
0.22128227960819233,0.22974176313446126,0.2377560106856634,0.311219946571683
0.21766004415011037,0.22869757174392935,0.23973509933774834,0.31390728476821195
0.2212467076382792,0.2221246707638279,0.2440737489025461,0.3125548726953468
0.21387790953008345,0.22397891963109354,0.23803249890206413,0.3241106719367589
0.21535745807590467,0.2210944395410415,0.2409532215357458,0.32259488084730803
0.21779548472775564,0.22399291722000886,0.23860115095174855,0.3196104471004869
0.21472937000887313,0.22626441881100265,0.23513753327417924,0.323868677905945
0.21714285714285714,0.22241758241758242,0.2378021978021978,0.32263736263736265
0.22065313327449249,0.2202118270079435,0.23698146513680493,0.32215357458075905
0.21526853084775854,0.21926320461606746,0.24456280514869064,0.3209054593874834
0.21204072598494908,0.22797698096502877,0.23771580345285526,0.32226648959716686
0.2132514260640632,0.22641509433962265,0.24265028521281265,0.3176831943835015
0.21381434227892654,0.22437307523097227,0.24373075230972283,0.31808183018037833
0.2149122807017544,0.22456140350877193,0.24342105263157895,0.3171052631578947
0.20853497580290364,0.22437307523097227,0.24857017157941047,0.3185217773867136
0.2051959489211801,0.2162043152796125,0.2536327608982827,0.3249669749009247
0.20620842572062084,0.2203991130820399,0.25277161862527714,0.3206208425720621
0.20435362061306087,0.22034651266103955,0.2558862727676588,0.31941359395824076
0.20701754385964913,0.218859649122807,0.25833333333333336,0.3157894736842105
0.21767810026385223,0.21635883905013192,0.25021987686895336,0.31574318381706246
0.21283185840707963,0.21814159292035398,0.24601769911504426,0.3230088495575221
0.21381142098273573,0.2204515272244356,0.24656927844178841,0.3191677733510403
0.21180096873623955,0.22413033905768384,0.24702774108322326,0.31704095112285335
0.2096069868995633,0.22270742358078602,0.2550218340611354,0.31266375545851527
0.20584387265590928,0.226777147841256,0.25730484081988664,0.3100741386829481
0.20903454384410983,0.2267493356953056,0.2599645704162976,0.304251550044287
0.2037037037037037,0.2275132275132275,0.2588183421516755,0.3099647266313933
0.20641194554238032,0.22573561703996486,0.25823451910408435,0.3096179183135705
0.20212295444493586,0.22821760283060594,0.26138876603272887,0.3082706766917293
0.2088495575221239,0.22920353982300884,0.26017699115044246,0.3017699115044248
0.2105034722222222,0.2243923611111111,0.2556423611111111,0.3094618055555556
0.21290605794556627,0.2247585601404741,0.2515364354697103,0.3107989464442493
0.21244444444444444,0.21688888888888888,0.25422222222222224,0.3164444444444444
0.21318681318681318,0.21714285714285714,0.24923076923076923,0.32043956043956046
0.2162280701754386,0.21710526315789475,0.25087719298245614,0.3157894736842105
0.21528998242530756,0.21660808435852372,0.2482425307557118,0.31985940246045697
0.21403508771929824,0.2162280701754386,0.25394736842105264,0.3157894736842105
0.21456779289161912,0.21105748135146996,0.258446687143484,0.31592803861342694
0.21022222222222223,0.2088888888888889,0.25822222222222224,0.32266666666666666
0.20715547703180212,0.21289752650176677,0.2663427561837456,0.3136042402826855
0.20946538124452235,0.21647677475898336,0.2642418930762489,0.3098159509202454
0.20896184560780834,0.21251109139307897,0.26486246672582076,0.3136645962732919
0.20761398849048252,0.21115537848605578,0.2633908809207614,0.3178397521027003
0.20717131474103587,0.20849933598937584,0.2633908809207614,0.3209384683488269
0.21478565179352582,0.20909886264216973,0.26334208223972005,0.3127734033245844
0.20813292522955837,0.21512898994315696,0.26366418889374726,0.3130738959335374
0.212478184991274,0.2164048865619546,0.2582897033158813,0.31282722513089006
0.20691182986264953,0.21488701816570668,0.2631812140008861,0.31501993797075767
0.2043956043956044,0.22241758241758242,0.25846153846153846,0.31472527472527473
0.20237050043898155,0.22431957857769974,0.2537313432835821,0.31957857769973663
0.2041722148246782,0.2241455836662228,0.2547714158899245,0.3169107856191744
0.19912663755458515,0.22358078602620088,0.2606986899563319,0.3165938864628821
0.206805125939019,0.2191780821917808,0.25629695095006627,0.3177198409191339
0.20495794599380257,0.21779548472775564,0.26073483842408146,0.31651173085436035
0.20176600441501102,0.21898454746136867,0.2609271523178808,0.3183222958057395
0.2046450482033304,0.2112182296231376,0.2607361963190184,0.32340052585451357
0.20747996438112198,0.21504897595725736,0.25734639358860195,0.3201246660730187
0.20167327168648172,0.21488331131660063,0.25891677675033026,0.3245266402465874
0.20398230088495575,0.21061946902654868,0.25442477876106195,0.3309734513274336
0.21131082858395442,0.21437965804471723,0.2490135905304691,0.3252959228408593
0.21004366812227074,0.2109170305676856,0.2519650655021834,0.32707423580786027
0.21702690780767533,0.20952801058667844,0.24878694309660343,0.3246581385090428
0.21767810026385223,0.2119613016710642,0.24538258575197888,0.32497801231310464
0.21814159292035398,0.21017699115044247,0.24513274336283186,0.32654867256637166
0.21293444786625604,0.21381434227892654,0.24593048834139902,0.3273207215134184
0.21122403888643393,0.2138753866548829,0.24922669023420238,0.3256738842244808
0.20763827919227393,0.21246707638279191,0.2489025460930641,0.33099209833187004
0.21190581963571745,0.20835184362505554,0.24389160373167482,0.3358507330075522
0.21041023378914867,0.20820467578297308,0.24305249228054698,0.3383325981473313
0.21438023820026467,0.21349801499779444,0.23952359947066607,0.3325981473312748
0.2152624614027349,0.21746801940891045,0.24040582267313632,0.32686369651521835
0.2171628721541156,0.21103327495621715,0.24824868651488616,0.3235551663747811
0.21558211598052235,0.21159805223550243,0.24656927844178841,0.32625055334218683
0.21551344204495373,0.21595416483032173,0.24636403702071397,0.32216835610401057
0.21844660194174756,0.21624007060900266,0.24757281553398058,0.3177405119152692
0.2150065818341378,0.22202720491443614,0.24659938569548048,0.3163668275559456
0.21693121693121692,0.222663139329806,0.24559082892416226,0.3148148148148148
0.2176418439716312,0.2247340425531915,0.24423758865248227,0.313386524822695
0.2192324658138509,0.22099691221879136,0.24084693427437143,0.31892368769298635
0.21913043478260869,0.22,0.24,0.3208695652173913
0.21999127018769096,0.21824530772588388,0.24006983849847227,0.32169358358795286
0.21875,0.2169894366197183,0.2442781690140845,0.3199823943661972
0.21634615384615385,0.2215909090909091,0.24562937062937062,0.31643356643356646
0.22065934065934065,0.2246153846153846,0.23648351648351648,0.31824175824175827
0.22217314487632508,0.2234982332155477,0.23895759717314488,0.31537102473498235
0.22636484687083888,0.2201509098979139,0.2365734576120728,0.3169107856191744
0.22168989547038329,0.2225609756097561,0.24128919860627177,0.3144599303135889
0.22305323361196655,0.21865376154861416,0.23757149142102948,0.3207215134183898
0.21924428822495606,0.22407732864674867,0.23769771528998243,0.3189806678383128
0.2236024844720497,0.2204968944099379,0.240905057675244,0.3149955634427684
0.22507618632999565,0.21811057901610797,0.239007400957771,0.31780583369612536
0.2268538832821413,0.2215884159719175,0.2360684510750329,0.3154892496709083
0.22172949002217296,0.2261640798226164,0.23592017738359203,0.3161862527716186
0.22558037669732808,0.22558037669732808,0.22952255803766974,0.3193166885676741
0.23008849557522124,0.2252212389380531,0.2331858407079646,0.31150442477876106
0.22707231040564374,0.22310405643738976,0.23236331569664903,0.31746031746031744
0.22589285714285715,0.221875,0.2357142857142857,0.31651785714285713
0.2301000434971727,0.2240104393214441,0.234884732492388,0.31100478468899523
0.23080317740511916,0.2263901147396293,0.2325684024713151,0.31023830538393643
0.22431132487975514,0.22081329252295584,0.23786620026235242,0.3170091823349366
0.2261640798226164,0.22350332594235034,0.2434589800443459,0.30687361419068737
0.2252410166520596,0.2287467134092901,0.2392638036809816,0.3067484662576687
0.22743055555555555,0.2222222222222222,0.24479166666666666,0.3055555555555556
0.2256500661084178,0.2243278977523138,0.24944909651829,0.3005729396209784
0.2236024844720497,0.23070097604259096,0.24755989352262645,0.2981366459627329
0.2310084406930253,0.22834295868502888,0.24344735673034207,0.29720124389160374
0.23134328358208955,0.23046532045654083,0.24363476733977174,0.29455662862159787
0.2297476759628154,0.23461708720672864,0.23992917220008853,0.2957060646303674
0.2313499111900533,0.23623445825932504,0.24156305506216696,0.2908525754884547
0.23246581385090428,0.23114247904719895,0.2329069254521394,0.3034847816497574
0.230193661971831,0.23283450704225353,0.2367957746478873,0.3001760563380282
0.23451910408432147,0.230566534914361,0.22880983750548967,0.30610452349582784
0.22972380534853135,0.23366944322665498,0.22972380534853135,0.30688294607628236
0.23623445825932504,0.23712255772646537,0.21980461811722912,0.30683836589698044
0.2330396475770925,0.23920704845814977,0.2171806167400881,0.31057268722466963
0.23907342657342656,0.2381993006993007,0.21197552447552448,0.3107517482517482
0.2413033905768384,0.23954205195948922,0.21224130339057684,0.30691325407309555
0.23651635720601238,0.24005305039787797,0.21396993810786913,0.3094606542882405
0.23941798941798942,0.23412698412698413,0.21075837742504408,0.31569664902998235
0.24146981627296588,0.24146981627296588,0.20953630796150483,0.30752405949256345
0.2456217162872154,0.23992994746059546,0.2105954465849387,0.30385288966725044
0.24057843996494302,0.2401402278702892,0.20990359333917616,0.3093777388255916
0.24227925184862983,0.23923444976076555,0.2161809482383645,0.3023053501522401
0.24166666666666667,0.24517543859649124,0.21140350877192982,0.3017543859649123
0.2379903040987219,0.24680475980608196,0.21330982811811372,0.3018951079770824
0.23669159700835898,0.24505059392872855,0.2168939727232732,0.30136383633963926
0.23349579087284006,0.24856003544528135,0.21843154630039877,0.2995126273814798
0.23919685726756876,0.2509821038847665,0.21649934526407683,0.29332169358358795
0.23617208077260754,0.24582967515364354,0.21641791044776118,0.3015803336259877
0.23653088042049936,0.24616732369689007,0.2137538326763031,0.3035479632063075
0.2452328159645233,0.24390243902439024,0.21241685144124167,0.2984478935698448
0.24307692307692308,0.24351648351648353,0.2153846153846154,0.298021978021978
0.24582233948988566,0.23790677220756376,0.21372031662269128,0.30255057167985927
0.2464726631393298,0.23500881834215168,0.21296296296296297,0.3055555555555556
0.24428822495606328,0.24121265377855888,0.21660808435852372,0.29789103690685415
0.23485513608428446,0.247585601404741,0.218612818261633,0.2989464442493415
0.24041811846689895,0.2456445993031359,0.2186411149825784,0.2952961672473868
0.2409532215357458,0.24624889673433362,0.2144748455428067,0.29832303618711387
0.24410849266340595,0.2432192085371276,0.21742996887505558,0.29524232992441085
0.24131944444444445,0.24696180555555555,0.2131076388888889,0.2986111111111111
0.24274406332453827,0.24670184696569922,0.20932277924362358,0.30123131046613894
0.24603174603174602,0.23941798941798942,0.21031746031746032,0.30423280423280424
0.2481335090030742,0.23978919631093545,0.20816864295125165,0.3039086517347387
0.2451277609354699,0.23733217843222174,0.20138588133391078,0.31615417929839756
0.24405286343612334,0.23920704845814977,0.19823788546255505,0.3185022026431718
0.24408413672217352,0.23838737949167396,0.19982471516213848,0.317703768624014
0.2425176056338028,0.2425176056338028,0.19806338028169015,0.31690140845070425
0.2420353982300885,0.24292035398230089,0.19247787610619468,0.32256637168141594
0.2457293035479632,0.24441524310118265,0.19141480508103373,0.31844064826982044
0.24702774108322326,0.242184059885513,0.19418758256274768,0.31660061646851606
0.24758135444151275,0.2436235708003518,0.19656992084432717,0.3122251539138083
0.2579928952042629,0.24511545293072823,0.18872113676731794,0.30817051509769094
0.25382262996941896,0.24683267802533856,0.1909130624726955,0.308431629532547
0.2544818539571491,0.24879755137735024,0.19239177962396153,0.30432881504153914
0.249670908293111,0.24835454146555508,0.193505923650724,0.3084686265906099
0.246776345042241,0.2432192085371276,0.1956425077812361,0.31436193863939527
0.2494548626253816,0.24552987352812908,0.1927605756650676,0.3122546881814217
0.25645592163846836,0.2373107747105966,0.19545859305431879,0.3107747105966162
0.2515418502202643,0.23788546255506607,0.19427312775330396,0.3162995594713656
0.2563540753724803,0.23093777388255915,0.18886941279579317,0.3238387379491674
0.25386313465783666,0.2282560706401766,0.19072847682119207,0.3271523178807947
0.25862068965517243,0.23430592396109637,0.1874447391688771,0.3196286472148541
0.2651080723423026,0.23246581385090428,0.18879576532862816,0.31363034847816496
0.267927848658161,0.22833260008798945,0.1900571931368236,0.31368235811702594
0.26815398075240593,0.2327209098862642,0.18197725284339458,0.31714785651793526
0.2645620275678079,0.23076923076923078,0.18497109826589594,0.31969764339706536
0.2678729037952339,0.23345101500441306,0.1879964695498676,0.3106796116504854
0.2711715664765248,0.23343571741992103,0.18692408951294429,0.3084686265906099
0.26687251874724305,0.23378914865460962,0.18879576532862816,0.3105425672695192
0.27168141592920353,0.2345132743362832,0.18672566371681415,0.3070796460176991
0.2751766784452297,0.23674911660777384,0.18507067137809188,0.3030035335689046
0.2678963548528766,0.24242424242424243,0.1888449714536671,0.3008344312692139
0.27325581395348836,0.24239713774597496,0.18828264758497318,0.2960644007155635
0.2721685689201054,0.2440737489025461,0.18568920105355574,0.2980684811237928
0.2750551876379691,0.23664459161147902,0.19205298013245034,0.29624724061810154
0.27765631832094445,0.2369916921731526,0.18670747704416266,0.2986445124617403
0.28253275109170306,0.23580786026200873,0.18602620087336244,0.29563318777292574
0.28127734033245844,0.2410323709536308,0.18285214348206474,0.29483814523184604
0.284121320249777,0.24130240856378235,0.1801962533452275,0.2943800178412132
0.2854001759014952,0.2339489885664028,0.18337730870712401,0.297273526824978
0.28932210899424016,0.23305272485600353,0.1843154630039876,0.2933097031457687
0.2947875602277705,0.219886114761279,0.19053876478318002,0.2947875602277705
0.29112271540469975,0.2258485639686684,0.18798955613577023,0.2950391644908616
0.2913525498891353,0.22439024390243903,0.18492239467849225,0.29933481152993346
0.2894273127753304,0.22599118942731278,0.18590308370044054,0.2986784140969163
0.28615115771079075,0.22498907820008737,0.1891655744866754,0.2996941896024465
0.2884784520668426,0.22427440633245382,0.18777484608619174,0.2994722955145119
0.2809038546743465,0.22684980062029242,0.18830305715551618,0.30394328754984495
0.27860915492957744,0.22931338028169015,0.19014084507042253,0.3019366197183099
0.27589246364037023,0.22873512560599382,0.18995152049360953,0.30542089026002645
0.2809335094671951,0.2280933509467195,0.19154557463672392,0.2994275649493615
0.27456140350877195,0.22807017543859648,0.1925438596491228,0.3048245614035088
0.2726477024070022,0.2210065645514223,0.20087527352297593,0.3054704595185996
0.2753940455341506,0.22548161120840632,0.19833625218914186,0.30078809106830123
0.2667852378835038,0.23121387283236994,0.19919964428634948,0.3028012449977768
0.27163781624500666,0.2272525521526853,0.20150909897913893,0.2996005326231691
0.2644444444444444,0.22933333333333333,0.2048888888888889,0.30133333333333334
0.2594381035996488,0.23222124670763827,0.20149253731343283,0.30684811237928006
0.2651080723423026,0.23114247904719895,0.20644022937803264,0.29730921923246584
0.26073752711496745,0.23210412147505424,0.2039045553145336,0.30325379609544467
0.26077396657871593,0.2343887423043096,0.2040457343887423,0.3007915567282322
0.26033421284080915,0.2339489885664028,0.20536499560246263,0.30035180299032543
0.2620202911336568,0.2364358182620203,0.2007057785619762,0.30083811204234673
0.25332741792369123,0.2360248447204969,0.20585625554569653,0.30479148181011534
0.25207514198339886,0.236784622105723,0.20795107033639143,0.30318916557448666
0.25265486725663716,0.2336283185840708,0.2097345132743363,0.30398230088495576
0.25622775800711745,0.2402135231316726,0.20373665480427047,0.2998220640569395
0.25143614670790987,0.24524966858152894,0.20326999558108705,0.30004418912947417
0.2542894852617686,0.24197096348438188,0.20281566212054553,0.300923889133304
0.2491212653778559,0.2530755711775044,0.19639718804920914,0.30140597539543057
0.2502191060473269,0.2502191060473269,0.19500438212094653,0.30455740578439966
0.2546337157987643,0.2502206531332745,0.19726390114739628,0.2978817299205649
0.2557218309859155,0.24691901408450703,0.20158450704225353,0.29577464788732394
0.2566798072711345,0.24660534384581692,0.20455540954883925,0.29215943933420935
0.2551602986385595,0.2520860781730347,0.2015810276679842,0.29117259552042163
0.2523933855526545,0.24978241949521324,0.206266318537859,0.2915578764142733
0.256993006993007,0.2508741258741259,0.20104895104895104,0.2910839160839161
0.26048951048951047,0.2508741258741259,0.1993006993006993,0.2893356643356643
0.2650814619110524,0.24438573315719947,0.19991193306913255,0.2906208718626156
0.26,0.24666666666666667,0.2031111111111111,0.2902222222222222
0.26299422478898266,0.24211461572634385,0.2025766326077299,0.2923145268769436
0.2623456790123457,0.24559082892416226,0.20282186948853614,0.2892416225749559
0.26130873956960915,0.24681598594642074,0.1971892841458059,0.2946859903381642
0.2581211589113257,0.24802458296751537,0.199297629499561,0.29455662862159787
0.2488986784140969,0.2594713656387665,0.20088105726872246,0.2907488986784141
0.2438488576449912,0.26362038664323373,0.19815465729349738,0.29437609841827767
0.2421978021978022,0.269010989010989,0.19296703296703296,0.2958241758241758
0.24177270732777534,0.2720491443615621,0.19306713470820536,0.2931110136024572
0.24505059392872855,0.27672679278486584,0.1970963484381874,0.28112626484821823
0.2413793103448276,0.27409372236958446,0.2002652519893899,0.28426171529619804
0.24339788732394366,0.27024647887323944,0.19850352112676056,0.2878521126760563
0.24617402710975075,0.2794053344993441,0.1915172715347617,0.2829033668561434
0.2388255915863278,0.2822085889570552,0.19412795793163892,0.2848378615249781
0.24174372523117568,0.27917217084984586,0.1919859092910612,0.2870981946279172
0.2458001768346596,0.2838196286472148,0.1883289124668435,0.28205128205128205
0.2459016393442623,0.2778023925564909,0.18741692512184316,0.28887904297740363
0.24680475980608196,0.2732481269281622,0.1864257382106655,0.29352137505509035
0.24330259112867808,0.27492314448836186,0.18840579710144928,0.2933684672815108
0.24418093983311376,0.28063241106719367,0.1831357048748353,0.2920509442248573
0.24735915492957747,0.27860915492957744,0.17517605633802816,0.2988556338028169
0.24382716049382716,0.2808641975308642,0.17989417989417988,0.29541446208112876
0.24471830985915494,0.27684859154929575,0.17913732394366197,0.2992957746478873
0.24648506151142355,0.27768014059753954,0.18848857644991213,0.28734622144112476
0.2432192085371276,0.2747887950200089,0.19030680302356603,0.29168519341929744
0.24121265377855888,0.2697715289982425,0.19595782073813708,0.29305799648506153
0.24626209322779244,0.2673702726473175,0.19525065963060687,0.2911169744942832
0.24005305039787797,0.27320954907161804,0.1962864721485411,0.29045092838196285
0.24043956043956044,0.2663736263736264,0.20131868131868133,0.2918681318681319
0.23484848484848486,0.2727272727272727,0.20098039215686275,0.2914438502673797
0.23134328358208955,0.28138718173836696,0.19271290605794555,0.29455662862159787
0.24023090586145648,0.28374777975133214,0.19049733570159857,0.2855239786856128
0.23487858719646798,0.28565121412803535,0.18631346578366445,0.29315673289183225
0.22985989492119088,0.287215411558669,0.19264448336252188,0.29028021015761823
0.22387407083515523,0.2820288587669436,0.19807608220376038,0.2960209881941408
0.22684980062029242,0.2835622507753655,0.1896322552060257,0.29995569339831635
0.2222222222222222,0.28019323671497587,0.19279754062362758,0.30478700043917434
0.23043095866314864,0.2827616534740545,0.18997361477572558,0.29683377308707126
0.22978347326557666,0.28060097216084845,0.18868758285461776,0.30092797171895713
0.23259911894273128,0.28502202643171803,0.1828193832599119,0.29955947136563876
0.23311546840958605,0.28104575163398693,0.1830065359477124,0.3028322440087146
0.22783143107989465,0.2840210711150132,0.17866549604916593,0.3094820017559263
0.23516386182462357,0.28299379982285205,0.17847652790079716,0.30336581045172717
0.23493180818301804,0.28068631764188295,0.17773867135943686,0.3066432028156621
0.2353198948290973,0.2857142857142857,0.1796669588080631,0.2992988606485539
0.23683045595396193,0.28419654714475434,0.17795484727755645,0.3010181496237273
0.23485513608428446,0.2857769973661106,0.17120280948200176,0.30816505706760317
0.23617208077260754,0.2787532923617208,0.17164179104477612,0.31343283582089554
0.23589065255731922,0.2716049382716049,0.18342151675485008,0.3090828924162258
0.2369109947643979,0.2696335078534031,0.1806282722513089,0.31282722513089006
0.235370611183355,0.27004768097095794,0.1824880797572605,0.31209362808842656
0.23845138583369996,0.27276726792784867,0.18081830180378355,0.3079630444346678
0.2453077258838935,0.27018769096464423,0.18070711479703186,0.3037974683544304
0.24534986713906112,0.26705048715677593,0.17803365810451727,0.3095659875996457
0.23968393327480245,0.26821773485513606,0.17998244073748904,0.31211589113257243
0.2392449517120281,0.26821773485513606,0.18305531167690958,0.3094820017559263
0.24063464081092992,0.2719259585720582,0.18289995592772146,0.30453944468929045
0.2406675450153711,0.2736056214317084,0.18050065876152832,0.3052261747913922
0.24594476106970628,0.27356422621657167,0.17930732135028496,0.3011836913634371
0.24168126094570927,0.2745183887915937,0.18169877408056043,0.3021015761821366
0.24373075230972283,0.27672679278486584,0.18345798504179497,0.29608446986361636
0.2458001768346596,0.27541998231653403,0.1856763925729443,0.29310344827586204
0.24261138067931187,0.27569475077194533,0.18659020732245257,0.2951036612262902
0.24162257495590828,0.27336860670194,0.18959435626102292,0.29541446208112876
0.23864137626819584,0.27525363917071016,0.18967798853109838,0.2964269960299956
0.2360684510750329,0.27643703378674855,0.1899956121105748,0.2974989030276437
0.24361233480176211,0.26784140969162995,0.18634361233480176,0.3022026431718062
0.24690812720848057,0.26325088339222613,0.1894876325088339,0.3003533568904594
0.25176678445229683,0.267226148409894,0.18153710247349825,0.299469964664311
0.2530434782608696,0.2673913043478261,0.18608695652173912,0.29347826086956524
0.25208974923009236,0.2692476902771667,0.18609766827980642,0.29256489221293447
0.25507502206531335,0.26610767872903796,0.1915269196822595,0.2872903795233892
