C,D,Oc,Od
1.0,0.0,0.0,0.0
0.5,0.5,0.0,0.0
0.25,0.25,0.5,0.0
0.3333333333333333,0.5,0.16666666666666666,0.0
0.5,0.375,0.125,0.0
0.5,0.2857142857142857,0.21428571428571427,0.0
0.5909090909090909,0.22727272727272727,0.18181818181818182,0.0
0.6129032258064516,0.1935483870967742,0.1935483870967742,0.0
0.6410256410256411,0.1794871794871795,0.15384615384615385,0.02564102564102564
0.6730769230769231,0.15384615384615385,0.15384615384615385,0.019230769230769232
0.676056338028169,0.15492957746478872,0.15492957746478872,0.014084507042253521
0.6704545454545454,0.13636363636363635,0.1590909090909091,0.03409090909090909
0.6481481481481481,0.12037037037037036,0.19444444444444445,0.037037037037037035
0.6590909090909091,0.11363636363636363,0.20454545454545456,0.022727272727272728
0.6785714285714286,0.10714285714285714,0.19047619047619047,0.023809523809523808
0.6568627450980392,0.12254901960784313,0.19117647058823528,0.029411764705882353
0.6428571428571429,0.11507936507936507,0.20238095238095238,0.03968253968253968
0.6348122866894198,0.11604095563139932,0.1945392491467577,0.05460750853242321
0.6221590909090909,0.11363636363636363,0.20170454545454544,0.0625
0.6150121065375302,0.10411622276029056,0.2106537530266344,0.07021791767554479
0.6,0.10612244897959183,0.2163265306122449,0.07755102040816327
0.5950704225352113,0.09859154929577464,0.2130281690140845,0.09330985915492958
0.5950920245398773,0.09815950920245399,0.2085889570552147,0.09815950920245399
0.5668874172185431,0.10066225165562914,0.22251655629139072,0.10993377483443709
0.5749128919860628,0.09523809523809523,0.21370499419279906,0.11614401858304298
0.5695159629248198,0.0937178166838311,0.22245108135942326,0.11431513903192585
0.5803814713896458,0.08719346049046321,0.21071752951861944,0.12170753860127158
0.5647155812036274,0.09398186314921682,0.2085737840065952,0.1327287716405606
0.5614567526555387,0.09863429438543247,0.20637329286798178,0.13353566009104703
0.5547038327526133,0.0975609756097561,0.2069686411149826,0.14076655052264808
0.5587655942219304,0.09389363099146422,0.1969796454366382,0.15036112934996718
0.561035758323058,0.08692971639950678,0.1966707768187423,0.15536374845869297
0.5541327124563445,0.08789289871944121,0.19848661233993015,0.15948777648428406
0.552733296521259,0.09000552181115405,0.19768083931529543,0.15958034235229154
0.5466388744137571,0.08650338718082334,0.20323084940072955,0.16362688900468994
0.5548841893252769,0.08358509566968782,0.19637462235649547,0.16515609264853978
0.5538387252535008,0.07918879768227909,0.1926605504587156,0.1743119266055046
0.5514636449480642,0.08168083097261568,0.19169027384324835,0.17516525023607177
0.5497674418604651,0.08232558139534883,0.18976744186046512,0.17813953488372092
0.5384265575261482,0.08685766257389722,0.1914506593906321,0.18326512050932242
0.5433212996389891,0.08528880866425993,0.18817689530685922,0.1832129963898917
0.541239411502452,0.08515381185911726,0.18591172536781098,0.1876950512706197
0.5447227191413238,0.08318425760286226,0.18917710196779963,0.18291592128801432
0.5393061045234958,0.08519982433025912,0.1844532279314888,0.19104084321475626
0.5432480141218006,0.08473080317740513,0.1796116504854369,0.19240953221535745
0.5463414634146342,0.08292682926829269,0.1787139689578714,0.19201773835920177
0.5467849223946785,0.07849223946784922,0.18137472283813746,0.19334811529933482
0.541280353200883,0.07637969094922738,0.18543046357615894,0.1969094922737307
0.5448519664162615,0.07512152010605391,0.17852408307556342,0.20150243040212107
0.5463414634146342,0.07849223946784922,0.17250554323725056,0.20266075388026608
0.5426287744227354,0.07770870337477798,0.17451154529307283,0.20515097690941386
0.541259982253771,0.07453416149068323,0.17701863354037267,0.20718722271517304
0.541313086199196,0.07860652076820009,0.1799910674408218,0.20008932559178205
0.5489587948604342,0.07532122286220647,0.18032786885245902,0.19539211342490032
0.5481152993348115,0.07450110864745012,0.17649667405764966,0.2008869179600887
0.5388371060807812,0.08078118064802485,0.1748779405237461,0.20550377274744785
0.5399644760213144,0.07859680284191829,0.17406749555950266,0.20737122557726465
0.5390484739676841,0.07809694793536805,0.17684021543985637,0.20601436265709155
0.5399732023224654,0.07994640464493077,0.1737382760160786,0.20634211701652524
0.5391073795846222,0.07998232434821034,0.171895713654441,0.20901458241272647
0.5350683722981915,0.07984119982355536,0.17820908689898543,0.20688134097926775
0.5241043785935426,0.08182220256523662,0.1817779743476338,0.21229544449358692
0.5284266196562363,0.08329660643455267,0.1771705597179374,0.21110621419127368
0.5286596119929453,0.07627865961199294,0.17724867724867724,0.21781305114638447
0.5220097821253891,0.07825700311249444,0.18319253001333927,0.21654068474877725
0.5183061314512571,0.08381120423467137,0.17909131010145568,0.21879135421261578
0.5283102987070887,0.08024966562639323,0.17164511814534106,0.219794917521177
0.5369960124058485,0.07886575099689853,0.16880815241470978,0.2153300841825432
0.5358407079646018,0.0747787610619469,0.1654867256637168,0.22389380530973452
0.5275310834813499,0.07770870337477798,0.163854351687389,0.23090586145648312
0.5283018867924528,0.0767880649407635,0.1601579640193067,0.23475208424747696
0.5238726790450928,0.07515473032714412,0.16003536693191867,0.2409372236958444
0.5246119733924612,0.07006651884700665,0.15698447893569845,0.24833702882483372
0.5274967003959525,0.07347118345798505,0.1539815222173339,0.24505059392872855
0.5257142857142857,0.07472527472527472,0.15692307692307692,0.24263736263736263
0.5177777777777778,0.07644444444444444,0.15733333333333333,0.24844444444444444
0.52,0.07868131868131868,0.15076923076923077,0.25054945054945055
0.5225144895229603,0.0780205082478823,0.14846188140882746,0.25100312082032994
0.5128091872791519,0.08259717314487633,0.14885159010600707,0.25574204946996465
0.5220620358235037,0.07776321537789428,0.14678899082568808,0.25338575797291396
0.5161432994250331,0.0804953560371517,0.15037593984962405,0.2529854046881911
0.5088652482269503,0.08111702127659574,0.15336879432624115,0.2566489361702128
0.5132042253521126,0.07746478873239436,0.14744718309859156,0.26188380281690143
0.5110424028268551,0.07950530035335689,0.14531802120141343,0.26413427561837455
0.509585376727597,0.07579135086937137,0.1440035666518056,0.270619705751226
0.5028799291094374,0.08506867523260966,0.14000886132033674,0.2720425343376163
0.5064244572441293,0.08285334514842711,0.13690739920248116,0.2738147984049623
0.49801499779444197,0.0846934274371416,0.13674459638288486,0.28054697838553155
0.495364238410596,0.08520971302428255,0.13509933774834437,0.284326710816777
0.49295774647887325,0.08626760563380281,0.13204225352112675,0.2887323943661972
0.4942528735632184,0.08709106984969053,0.1273209549071618,0.29133510167992926
0.48246782068353306,0.09098979138925876,0.13315579227696406,0.2933865956502441
0.48093971631205673,0.0899822695035461,0.1400709219858156,0.28900709219858156
0.4764420959929547,0.09158960810215765,0.14002642007926025,0.2919418758256275
0.48342293906810035,0.08960573476702509,0.13978494623655913,0.2871863799283154
0.4688200986989681,0.08793180798564379,0.14087034544638852,0.30237774786899957
0.4731663685152057,0.08765652951699464,0.139087656529517,0.30008944543828264
0.4702512119876598,0.0877038342882327,0.14191273688849715,0.3001322168356104
0.46160674656014206,0.08965823346648913,0.1478029294274301,0.3009320905459387
0.4597345132743363,0.08849557522123894,0.14557522123893804,0.30619469026548674
0.45768719539211344,0.09127159946832078,0.14621178555604786,0.30482941958351795
0.4595669465311533,0.08749447635881573,0.14582412726469288,0.30711444984533803
0.4575221238938053,0.08584070796460178,0.14424778761061946,0.3123893805309734
0.45567375886524825,0.08554964539007093,0.14406028368794327,0.3147163120567376
0.4587033747779751,0.08570159857904085,0.14298401420959148,0.31261101243339257
0.46569278441788403,0.0818946436476317,0.13678618857901725,0.315626383355467
0.46288976723759334,0.08300395256916997,0.13614404918752745,0.31796223100570925
0.4646823633940471,0.08751665926254998,0.12927587738782764,0.3185250999555753
0.47045951859956237,0.08577680525164114,0.12603938730853392,0.3177242888402626
0.47384751773049644,0.08820921985815602,0.12411347517730496,0.31382978723404253
0.4735437972432192,0.08848377056469542,0.12538906180524678,0.3125833703868386
0.4746136865342163,0.08609271523178808,0.12494481236203091,0.3143487858719647
0.47781721384205855,0.08118899733806566,0.1233362910381544,0.31765749778172137
0.48143236074270557,0.08488063660477453,0.11671087533156499,0.3169761273209549
0.4786856127886323,0.0830373001776199,0.11811722912966252,0.32015985790408524
0.47377699427060377,0.08550022036139268,0.11635081533715293,0.3243719700308506
0.47244444444444444,0.08666666666666667,0.1111111111111111,0.3297777777777778
0.47160603371783494,0.0865128660159716,0.1095829636202307,0.33229813664596275
0.47299077733860345,0.08563899868247694,0.10935441370223979,0.33201581027667987
0.47585290208241027,0.08329641116526362,0.10677891005759858,0.33407177669472754
0.4716563330380868,0.08503100088573959,0.10717449069973428,0.3361381753764393
0.47155555555555556,0.08755555555555555,0.11333333333333333,0.32755555555555554
0.46788990825688076,0.08868501529051988,0.1109654871122761,0.33245958934032327
0.4700967458223395,0.08883025505716799,0.11081794195250659,0.3302550571679859
0.47410358565737054,0.08410801239486498,0.10889774236387782,0.3328906595838867
0.47833854399285397,0.08575256811076373,0.11121036176864672,0.3246985261277356
0.47950639048038785,0.08594094314676069,0.11106214191273689,0.3234905244601146
0.47850877192982455,0.08991228070175439,0.10789473684210527,0.3236842105263158
0.46975717439293596,0.0922737306843267,0.10905077262693157,0.32891832229580575
0.46887244231606445,0.09185894645189377,0.10535481062255116,0.33391380060949066
0.4628975265017668,0.09231448763250884,0.10556537102473498,0.3392226148409894
0.4617087206728641,0.08897742363877822,0.10756972111553785,0.3417441345728198
0.4637809187279152,0.08657243816254417,0.10644876325088339,0.34319787985865724
0.46365248226950356,0.08732269503546099,0.11125886524822695,0.3377659574468085
0.4621811785400176,0.08487247141600704,0.11169744942832015,0.3412489006156552
0.46239430351579885,0.08500222518914108,0.11214953271028037,0.3404539385847797
0.4674634794156706,0.08012394864984507,0.1102257636122178,0.3421868083222665
0.46403197158081705,0.07770870337477798,0.11500888099467141,0.3432504440497336
0.4613003095975232,0.0800530738611234,0.11410880141530297,0.3445378151260504
0.45982532751091704,0.08296943231441048,0.11004366812227075,0.3471615720524017
0.45366284201235657,0.08605472197705208,0.11253309796999117,0.34774933804060015
0.4584259670964873,0.08892841262783459,0.1151622943530458,0.3374833259226323
0.4559149313247674,0.09171466548515729,0.11253876827647319,0.33983163491360213
0.4509458864936208,0.09150901891772988,0.11350637923449186,0.3440387153541575
0.4444933920704846,0.09383259911894273,0.11233480176211454,0.34933920704845817
0.4536173990235242,0.09454061251664447,0.11051930758988016,0.34132268086995116
0.4579480405107882,0.09202994275649494,0.10920299427564949,0.34081902245706736
0.4521584334668447,0.09434801958166444,0.11170449488206498,0.3417890520694259
0.45785270629991126,0.08873114463176575,0.1095829636202307,0.34383318544809227
0.4526223005729396,0.08373732921992066,0.11150286469810489,0.35213750550903483
0.4588131089459699,0.0841452612931798,0.10584588131089459,0.3511957484499557
0.4538223596995139,0.08616880247459124,0.09986743261157756,0.36014140521431726
0.4586631486367634,0.08970976253298153,0.10202286719437115,0.3496042216358839
0.4545857332742579,0.0872840053167922,0.10279131590607,0.3553389455028799
0.4577092511013216,0.08502202643171806,0.10220264317180616,0.35506607929515416
0.46079719667104685,0.08147174770039421,0.10775295663600526,0.34997809899255367
0.4538223596995139,0.08528501988510827,0.10870525850640743,0.3521873619089704
0.4481530930129061,0.08633733867378728,0.11036938139741878,0.35514018691588783
0.43819229065130705,0.08595480726628267,0.10988037217545414,0.3659725299069561
0.44082710074791026,0.08798944126704795,0.1073471183457985,0.3638363396392433
0.44143744454303463,0.08518189884649512,0.10736468500443656,0.3660159716060337
0.44044444444444447,0.08311111111111111,0.10622222222222222,0.37022222222222223
0.4380825565912117,0.08255659121171771,0.11051930758988016,0.36884154460719043
0.434878587196468,0.08741721854304636,0.10728476821192053,0.37041942604856515
0.43006993006993005,0.08566433566433566,0.11145104895104894,0.3728146853146853
0.42687224669603524,0.08986784140969163,0.1105726872246696,0.3726872246696035
0.4297082228116711,0.09372236958443855,0.10433244916003537,0.372236958443855
0.42774822695035464,0.09485815602836879,0.10682624113475177,0.37056737588652483
0.42863475177304966,0.09397163120567376,0.10549645390070922,0.37189716312056736
0.4310421286031042,0.09490022172949002,0.1015521064301552,0.37250554323725055
0.42560706401766,0.09403973509933775,0.10286975717439294,0.37748344370860926
0.4293935369632581,0.09251881363435148,0.10225763612217796,0.3758300132802125
0.43238434163701067,0.09386120996441281,0.09252669039145907,0.38122775800711745
0.4307017543859649,0.0956140350877193,0.09868421052631579,0.375
0.43622674933569533,0.09521700620017715,0.10053144375553587,0.36802480070859167
0.4348404255319149,0.09618794326241134,0.09929078014184398,0.3696808510638298
0.4352992957746479,0.09991197183098592,0.10079225352112677,0.36399647887323944
0.43557735176103435,0.09942041908158716,0.09719126170307624,0.36781096745430225
0.43123336291038156,0.09716060337178349,0.1002661934338953,0.3713398402839397
0.4298245614035088,0.09780701754385965,0.09605263157894736,0.3763157894736842
0.4331877729257642,0.09868995633187773,0.09301310043668122,0.37510917030567686
0.4214409722222222,0.0998263888888889,0.09375,0.3849826388888889
0.41368653421633556,0.09801324503311258,0.09271523178807947,0.3955849889624724
0.4091312056737589,0.09530141843971632,0.09485815602836879,0.40070921985815605
0.4150442477876106,0.08982300884955752,0.09601769911504425,0.3991150442477876
0.41249446167478954,0.08861320336730173,0.09525919361984936,0.4036331413380594
0.4180543382997371,0.08895705521472393,0.09202453987730061,0.4009640666082384
0.41283185840707964,0.08982300884955752,0.0920353982300885,0.40530973451327434
0.41740674955595025,0.08792184724689166,0.08792184724689166,0.4067495559502664
0.41945560017849176,0.0856760374832664,0.08522980812137439,0.40963855421686746
0.41293752769162606,0.08329641116526362,0.08639787328311918,0.41736818785999114
0.4171833480956599,0.08370239149689991,0.0841452612931798,0.4149689991142604
0.4193121693121693,0.08333333333333333,0.08597883597883597,0.4113756613756614
0.42119205298013246,0.08653421633554084,0.08653421633554084,0.40573951434878586
0.4168524297815426,0.08426214890771289,0.0838163174320107,0.41506910387873386
0.42221242838254736,0.08241516086381666,0.08241516086381666,0.4129572498898193
0.4217506631299735,0.08178603006189213,0.08222811671087533,0.41423519009725907
0.4210061782877317,0.08473080317740513,0.08031774051191527,0.41394527802294795
0.4170324846356453,0.08999122036874452,0.07857769973661106,0.41439859525899914
0.41975308641975306,0.08686067019400352,0.08024691358024691,0.4131393298059965
0.422739244951712,0.08955223880597014,0.07726075504828797,0.41044776119402987
0.4228899690676094,0.09235528060097216,0.07865665046398586,0.4060980998674326
0.4179635393508226,0.0920409070698088,0.08181413961760782,0.4081814139617608
0.4137777777777778,0.09066666666666667,0.07955555555555556,0.416
0.4191985909291061,0.08762659621312198,0.07793923381770146,0.41523557904007047
0.4148606811145511,0.0875718708536046,0.07872622733303848,0.41884122069880586
0.4181981174361273,0.08964589870013447,0.07933662034961901,0.41281936351411924
0.4160777385159011,0.08833922261484099,0.0812720848056537,0.41431095406360424
0.41934065934065934,0.08791208791208792,0.08043956043956044,0.4123076923076923
0.4188777729447586,0.0861244019138756,0.08177468464549804,0.4132231404958678
0.4133391838525669,0.0877577885037297,0.08293111013602457,0.4159719175076788
0.41563604240282687,0.08657243816254417,0.08171378091872791,0.4160777385159011
0.4160746003552398,0.08658969804618118,0.08481349911190053,0.41252220248667854
0.41619005719313684,0.08358996920369556,0.08666959964804223,0.4135503739551254
0.42345132743362834,0.08008849557522124,0.08539823008849558,0.41106194690265485
0.422075055187638,0.07902869757174392,0.08300220750551876,0.41589403973509936
0.41736818785999114,0.08019494904740807,0.08418254319893664,0.41825431989366413
0.4177718832891247,0.08045977011494253,0.08488063660477453,0.41688770999115826
0.4210065645514223,0.08096280087527352,0.08533916849015317,0.412691466083151
0.4122574955908289,0.082010582010582,0.08597883597883597,0.41975308641975306
0.4174800354924579,0.07763975155279502,0.09006211180124224,0.41481810115350487
0.4114285714285714,0.08,0.09142857142857143,0.41714285714285715
0.4072418417523469,0.07778274474742959,0.09119356280733125,0.42378185069289226
0.40684748777234325,0.07692307692307693,0.09026233881725211,0.4259670964873277
0.40328305235137535,0.0771960958296362,0.09139307897071872,0.42812777284826975
0.39920424403183025,0.07515473032714412,0.08930150309460655,0.4363395225464191
0.3991189427312775,0.07400881057268723,0.08898678414096917,0.43788546255506605
0.40532150776053216,0.07361419068736141,0.08514412416851441,0.435920177383592
0.4026726057906459,0.07305122494432072,0.08240534521158129,0.4418708240534521
0.4105960264900662,0.07240618101545254,0.08344370860927153,0.4335540838852097
0.41325622775800713,0.07250889679715303,0.08407473309608542,0.43016014234875444
0.4140382052421146,0.07552199022656597,0.08174144824522435,0.4286983562860951
0.40676457498887403,0.0778816199376947,0.08055184690698709,0.4348019581664441
0.41901408450704225,0.0743838028169014,0.07702464788732394,0.4295774647887324
0.41733690795352996,0.07462019660411082,0.0777479892761394,0.43029490616621985
0.4114260407440213,0.07263064658990256,0.07927369353410098,0.4366696191319752
0.4122845779938135,0.06981882456915599,0.07909854175872735,0.43879805567830316
0.4030905077262693,0.07108167770419425,0.07858719646799117,0.44724061810154525
0.4116341030195382,0.06971580817051509,0.07593250444049733,0.44271758436944936
0.40783615316117544,0.06990204808548531,0.07524487978628673,0.44701691896705253
0.4145486415425066,0.06529360210341806,0.07493426818580193,0.44522348816827345
0.4112190812720848,0.06890459363957598,0.07641342756183746,0.44346289752650175
0.41158402808249234,0.06888986397542782,0.07634927599824484,0.443176831943835
0.4152883325882879,0.06705409029950828,0.07599463567277603,0.4416629414394278
0.41736818785999114,0.0664599025254763,0.06911829862649535,0.4470536109880372
0.41290893015030944,0.06984969053934571,0.0671971706454465,0.4500442086648983
0.41762621789193977,0.070859167404783,0.06775907883082374,0.4437555358724535
0.41137272323411816,0.07019102621057308,0.06486006219458018,0.45357618836072855
0.4108492663405958,0.07025344597598933,0.06669630947087594,0.4522009782125389
0.41101321585903083,0.06828193832599119,0.06740088105726873,0.45330396475770923
0.40967598757212603,0.06835330670217488,0.06302707501109632,0.45894363071460276
0.40427426536064115,0.07079252003561888,0.060552092609082814,0.46438112199465714
0.4082264484741265,0.07076514816452897,0.06015037593984962,0.4608580274214949
0.4101423487544484,0.06895017793594306,0.05827402135231317,0.4626334519572954
0.41274725274725277,0.06637362637362637,0.05846153846153846,0.4624175824175824
0.4182139699381079,0.06631299734748011,0.05702917771883289,0.45844385499557916
0.41231178033658106,0.06908768821966342,0.05890168290522586,0.45969884853852966
0.41101321585903083,0.06519823788546256,0.05814977973568282,0.4656387665198238
0.41439859525899914,0.06453028972783142,0.05970149253731343,0.461369622475856
0.4194260485651214,0.060927152317880796,0.05783664459161148,0.4618101545253863
0.4230088495575221,0.061946902654867256,0.05575221238938053,0.4592920353982301
0.4269264836138175,0.06023029229406555,0.0566873339238264,0.4561558901682905
0.417884019477645,0.06108897742363878,0.056219566179725546,0.4648074369189907
0.4242957746478873,0.06470070422535211,0.05545774647887324,0.4555457746478873
0.42261640798226163,0.06518847006651884,0.056762749445676275,0.45543237250554325
0.4210760337927968,0.06447309915518008,0.05824811027123166,0.4562027567807915
0.4234828496042216,0.06156552330694811,0.05672823218997362,0.45822339489885666
0.41935483870967744,0.06319045514803358,0.058329650905877155,0.45912505523641184
0.41898454746136865,0.059161147902869755,0.06181015452538632,0.46004415011037525
0.4166666666666667,0.06382978723404255,0.06471631205673758,0.45478723404255317
0.4162234042553192,0.06382978723404255,0.0625,0.4574468085106383
0.41887125220458554,0.06393298059964726,0.059964726631393295,0.4572310405643739
0.42212389380530974,0.06283185840707965,0.0584070796460177,0.45663716814159294
0.416555998229305,0.06285967242142541,0.0619743249225321,0.4586100044267375
0.4169251218431546,0.06468763845813026,0.05937084625609216,0.45901639344262296
0.4238263950398583,0.05978742249778565,0.05934455270150576,0.45704162976085033
0.42507645259938837,0.059414591524683265,0.059851463521188294,0.45565749235474007
0.41622103386809267,0.06283422459893048,0.059714795008912656,0.4612299465240642
0.41633199464524767,0.06514948683623382,0.0642570281124498,0.4542614904060687
0.41807658058771147,0.06500445235975066,0.06188780053428317,0.45503116651825465
0.4152617568766637,0.06654835847382432,0.064773735581189,0.453416149068323
0.41798941798941797,0.06746031746031746,0.06437389770723104,0.4501763668430335
0.40594925634295714,0.07042869641294838,0.06649168853893263,0.45713035870516183
0.40591872791519434,0.07022968197879859,0.06757950530035335,0.45627208480565373
0.4098288723124177,0.06976744186046512,0.06406318560772269,0.4563405002193945
0.4121292607348384,0.06640106241699867,0.06241699867197875,0.45905267817618417
0.41134751773049644,0.07047872340425532,0.06205673758865248,0.45611702127659576
0.4129662522202487,0.06882770870337478,0.06172291296625222,0.4564831261101243
0.39991201055873293,0.06731192256929168,0.06379234491860977,0.4689837219533656
0.3963011889035667,0.06869220607661823,0.0603258476442096,0.47468075737560544
0.3960923623445826,0.06660746003552398,0.06216696269982238,0.47513321492007105
0.40370207139709124,0.06522697223446453,0.06302335830762451,0.46804759806081975
0.41160949868073876,0.06376429199648197,0.058927000879507474,0.4656992084432718
0.4090505767524401,0.06610470275066549,0.059006211180124224,0.4658385093167702
0.3988541207580432,0.06346408109299251,0.061260467166152494,0.4764213309828118
0.3977072310405644,0.06305114638447971,0.05952380952380952,0.47971781305114636
0.39744718309859156,0.06294014084507042,0.0625,0.477112676056338
0.4004395604395604,0.06417582417582418,0.06373626373626373,0.47164835164835167
0.40184859154929575,0.06470070422535211,0.05985915492957746,0.4735915492957746
0.39794091316025065,0.06580125335720681,0.06222023276633841,0.4740376007162041
0.39982190560997327,0.06678539626001781,0.0609973285841496,0.4723953695458593
0.401840490797546,0.06660823838737949,0.06441717791411043,0.4671340929009641
0.39549270879363674,0.06672558550596554,0.06363234644277507,0.47414935925762264
0.39716939407341884,0.06457319770013269,0.06457319770013269,0.47368421052631576
0.39842035980693286,0.06362439666520403,0.06362439666520403,0.4743308468626591
0.4076349275998245,0.06230802983764809,0.06362439666520403,0.46643264589732336
0.41042487954445905,0.06044678055190539,0.06482698204117389,0.4643013578624617
0.4116871704745167,0.05799648506151142,0.0632688927943761,0.46704745166959577
0.4088300220750552,0.05607064017660044,0.06578366445916115,0.4693156732891832
0.41020052310374894,0.05666957279860506,0.06233653007846556,0.4707933740191805
0.4131393298059965,0.05555555555555555,0.0582010582010582,0.4731040564373898
0.41005291005291006,0.05599647266313933,0.05864197530864197,0.47530864197530864
0.4148510449088484,0.055135615829257446,0.05646954201867497,0.4735437972432192
0.41184327693677647,0.057435440783615316,0.05387355298308103,0.47684772929652713
0.41836734693877553,0.055900621118012424,0.05545696539485359,0.4702750665483585
0.4169951817783618,0.053438458169075775,0.05606657906263688,0.4734997809899255
0.4195957820738137,0.05228471001757469,0.05711775043936731,0.4710017574692443
0.42028343666961915,0.05225863596102746,0.05535872453498671,0.4720992028343667
0.42123738481790257,0.051338306274681875,0.05440982887231242,0.4730144800351031
0.42581211589113255,0.0553116769095698,0.051360842844600525,0.4675153643546971
0.4259340659340659,0.056263736263736264,0.05406593406593407,0.46373626373626375
0.4253533568904594,0.054770318021201414,0.054328621908127206,0.465547703180212
0.41806908768821965,0.054030115146147036,0.05890168290522586,0.4689991142604074
0.4161925601750547,0.0525164113785558,0.05645514223194748,0.474835886214442
0.41403508771929826,0.05,0.05789473684210526,0.4780701754385965
0.41506968641114983,0.04921602787456446,0.059233449477351915,0.4764808362369338
0.4160777385159011,0.05123674911660778,0.05874558303886926,0.4739399293286219
0.41429197720298117,0.05392371766768961,0.06049978079789566,0.4712845243314336
0.4125659050966608,0.054042179261862916,0.056678383128295255,0.476713532513181
0.41150442477876104,0.05486725663716814,0.05575221238938053,0.4778761061946903
0.4123076923076923,0.05714285714285714,0.055384615384615386,0.47516483516483515
0.40720961281708945,0.05874499332443257,0.05829995549621718,0.4757454383622608
0.3989455184534271,0.058875219683655534,0.05492091388400703,0.4872583479789104
0.4017543859649123,0.05921052631578947,0.056140350877192984,0.48289473684210527
0.39813167259786475,0.056494661921708184,0.05249110320284697,0.4928825622775801
0.3986813186813187,0.054945054945054944,0.056703296703296706,0.4896703296703297
0.39920071047957373,0.056838365896980464,0.05595026642984014,0.4880106571936057
0.3971818582122413,0.05636283575517393,0.05548216644649934,0.4909731395860854
0.3956043956043956,0.058021978021978025,0.05978021978021978,0.4865934065934066
0.3764966740576497,0.06031042128603104,0.05898004434589801,0.5042128603104213
0.37961335676625657,0.061511423550087874,0.05755711775043937,0.5013181019332161
0.3757124068391057,0.06181499342393687,0.05786935554581324,0.5046032441911442
0.37549407114624506,0.06104523495827844,0.05884936319718929,0.5046113306982872
0.3689363595905652,0.059190031152647975,0.05785491766800178,0.514018691588785
0.36962247585601404,0.05970149253731343,0.056189640035118525,0.514486391571554
0.37296345222369,0.0603258476442096,0.05195948921180097,0.5147512109202994
0.37214411247803164,0.061511423550087874,0.0531634446397188,0.5131810193321616
0.38101545253863134,0.05783664459161148,0.05077262693156733,0.5103752759381899
0.37577092511013216,0.05991189427312775,0.05110132158590308,0.513215859030837
0.37926509186351703,0.06167979002624672,0.049431321084864394,0.5096237970253719
0.3818984547461369,0.06269315673289183,0.047240618101545256,0.5081677704194261
0.37566137566137564,0.06525573192239859,0.04894179894179894,0.5101410934744268
0.37505528527200355,0.0659000442282176,0.048651039363113664,0.5103936311366651
0.37983118613949357,0.06086183918258552,0.04975566414926699,0.5095513105286539
0.37056737588652483,0.0598404255319149,0.050975177304964536,0.5186170212765957
0.3706169551708833,0.06125166444740346,0.04971149578339991,0.5184198845983133
0.3751099384344767,0.06112576956904134,0.05364995602462621,0.5101143359718557
0.37819947043248014,0.06045895851721095,0.054280670785525155,0.5070609002647838
0.3790534618755478,0.06222611744084137,0.05214723926380368,0.5065731814198072
0.372843874391862,0.059708093763821316,0.0508624502432552,0.5165855816010615
0.3752749670039595,0.06027276726792785,0.048834139903211615,0.515618125824901
0.3730615861763403,0.05981391227292867,0.048294195835179445,0.5188303057155517
0.36933333333333335,0.06,0.048,0.5226666666666666
0.3765836609873307,0.05897771952817824,0.051550895587592835,0.5128877238968982
0.3762114537444934,0.05947136563876652,0.05506607929515418,0.5092511013215859
0.37730870712401055,0.05804749340369393,0.05364995602462621,0.5109938434476693
0.36967032967032964,0.058021978021978025,0.05318681318681319,0.5191208791208791
0.3740053050397878,0.05791335101679929,0.05481874447391689,0.513262599469496
0.373292199206699,0.05861613045394447,0.05244601145879242,0.5156456588805641
0.37973568281938325,0.057709251101321586,0.053744493392070485,0.5088105726872246
0.3721654068474878,0.057358826144953315,0.05558025789239662,0.5148955091151622
0.3760532150776053,0.05454545454545454,0.05631929046563193,0.5130820399113082
0.37455516014234874,0.0547153024911032,0.056494661921708184,0.5142348754448398
0.37748344370860926,0.05474613686534217,0.05739514348785872,0.5103752759381899
0.36891054030115145,0.054030115146147036,0.058015943312666074,0.5190434012400355
0.37810283687943264,0.05540780141843971,0.05806737588652482,0.5084219858156028
0.3747238179407866,0.05656208572691118,0.05656208572691118,0.5121520106053911
0.36359668267132256,0.05979921431689219,0.06110868616324749,0.5154954168485377
0.360352422907489,0.061233480176211455,0.06035242290748899,0.5180616740088105
0.3565101860053144,0.06510186005314438,0.05934455270150576,0.5190434012400355
0.3589515770768547,0.06352732119058196,0.05864060417592181,0.5188804975566415
0.3685373398144057,0.06363234644277507,0.05567830313742819,0.5121520106053911
0.3725318121983326,0.060991663010092144,0.05616498464238701,0.5103115401491882
0.3696135051088405,0.06086183918258552,0.056863616170590846,0.5126610395379831
0.36589698046181174,0.0586145648312611,0.056838365896980464,0.5186500888099467
0.36267138434321095,0.059708093763821316,0.05572755417956656,0.5218929677134011
0.36675579322638147,0.057932263814616754,0.05392156862745098,0.5213903743315508
0.3666519239274657,0.06147722246793454,0.04953560371517028,0.5223352498894295
0.36662228140257436,0.06613404349755882,0.048823790501553485,0.5184198845983133
0.3655202821869489,0.06613756613756613,0.04585537918871252,0.5224867724867724
0.373114463176575,0.06299911268855368,0.04614019520851819,0.5177462289263531
0.3717553893532776,0.061152661680598325,0.04399472063352398,0.5230972283326001
0.37672145713016436,0.061750333185251,0.041314971123944916,0.5202132385606397
0.37258347978910367,0.06282952548330405,0.04173989455184534,0.5228471001757469
0.37248028045574055,0.0635407537248028,0.043382997370727434,0.5205959684487291
0.3710247349823322,0.06581272084805653,0.04196113074204947,0.5212014134275619
0.37417654808959155,0.06104523495827844,0.039964866051822576,0.5248133509003075
0.37372392365734575,0.06213936972924989,0.04305370616955171,0.5210830004438527
0.37121544537077666,0.05923650724001755,0.04212373848179026,0.5274243089074155
0.36997792494481235,0.05695364238410596,0.045033112582781455,0.5280353200883002
0.36153161175422976,0.057435440783615316,0.04452359750667854,0.5365093499554764
0.36146707909854175,0.057445868316394165,0.04551480335837384,0.5355722492266902
0.37241985068072025,0.05884936319718929,0.041721563460693896,0.5270092226613966
0.37639198218262804,0.054788418708240534,0.040979955456570155,0.5278396436525612
0.36875,0.054017857142857145,0.04151785714285714,0.5357142857142857
0.37212389380530975,0.05530973451327434,0.04070796460176991,0.531858407079646
0.36460649177412185,0.057358826144953315,0.040017785682525564,0.5380168963983993
0.3645189761694616,0.05472197705207414,0.0410414827890556,0.5397175639894086
0.37280701754385964,0.05394736842105263,0.042105263157894736,0.531140350877193
0.3716305788775961,0.059213433495360145,0.0415377817057004,0.5276182059213433
0.3690103000447828,0.05642633228840126,0.042991491267353334,0.5315718763994626
0.37373737373737376,0.05533596837944664,0.04391743522178305,0.5270092226613966
0.37709251101321584,0.05418502202643172,0.04449339207048458,0.5242290748898678
0.3796744390673119,0.05323361196656401,0.04399472063352398,0.5230972283326001
0.3804008908685969,0.051670378619153676,0.048106904231625836,0.5198218262806236
0.37666963490650046,0.05075690115761353,0.04853072128227961,0.5240427426536064
0.37566844919786097,0.05258467023172905,0.0481283422459893,0.5236185383244206
0.37672145713016436,0.05330964015992892,0.050644158151932475,0.5193247445579743
0.3670661340434976,0.05725699067909454,0.05104305370616955,0.5246338215712384
0.36860827034237437,0.05558025789239662,0.048465984882169855,0.5273454868830592
0.3670048522276136,0.05513895015438906,0.04719894133215704,0.5306572562858404
0.36584289496910855,0.05119152691968226,0.04766107678729038,0.5353045013239188
0.3690215006581834,0.051777095217200524,0.04914436156208864,0.5300570425625274
0.3722981914424349,0.05161005734450816,0.050286722540802825,0.5258050286722541
0.3734513274336283,0.050442477876106194,0.05176991150442478,0.5243362831858407
0.3760532150776053,0.04789356984478936,0.04966740576496674,0.5263858093126386
0.38053485313459007,0.04734765453748356,0.05129329241560719,0.5208241999123192
0.38078448655795505,0.04759806081974438,0.0502423975319524,0.5213750550903482
0.38131089459698847,0.05004428697962799,0.04738706820194863,0.521257750221435
0.3788546255506608,0.04801762114537445,0.048458149779735685,0.5246696035242291
0.37890974084003576,0.045576407506702415,0.04781054512957998,0.5277033065236819
0.37394397510004446,0.04490884837705647,0.04757670075589151,0.5335704757670076
0.37638213180008845,0.04643962848297214,0.04732419283502875,0.5298540468819106
0.3822884699693117,0.046470846120122755,0.04559403770276195,0.5256466462078035
0.375495813133539,0.04627589246364037,0.04495372410753636,0.5332745702952842
0.37709251101321584,0.04669603524229075,0.04229074889867841,0.533920704845815
0.3704355477342719,0.048834139903211615,0.04487461504619446,0.535855697316322
0.3729946524064171,0.049019607843137254,0.04500891265597148,0.5329768270944741
0.37318041464490515,0.04719894133215704,0.04543449492721659,0.5341861490957213
0.3769264641127257,0.0479964773227653,0.04535446939674152,0.5297225891677675
0.38050734312416556,0.04895416110369381,0.04361370716510903,0.5269247886070316
0.37865367581930914,0.046058458813108945,0.04030115146147033,0.5349867139061116
0.37610619469026546,0.04469026548672567,0.04336283185840708,0.5358407079646018
0.37549407114624506,0.04435660957400088,0.04435660957400088,0.5357927097057532
0.37040280210157617,0.04597197898423818,0.0446584938704028,0.5389667250437828
0.36875,0.04598214285714286,0.04151785714285714,0.54375
0.37160385626643294,0.044697633654688866,0.03812445223488168,0.5455740578439965
0.37022222222222223,0.043555555555555556,0.03911111111111111,0.5471111111111111
0.3673740053050398,0.04553492484526967,0.038461538461538464,0.5486295313881521
0.36837455830388693,0.045936395759717315,0.037985865724381625,0.5477031802120141
0.3676341248900616,0.04529463500439754,0.03913808267370272,0.5479331574318381
0.3737906772207564,0.0426561125769569,0.040457343887423045,0.5430958663148637
0.36929824561403507,0.04473684210526316,0.04035087719298246,0.5456140350877193
0.37136563876651985,0.04229074889867841,0.038766519823788544,0.5475770925110132
0.3695170580416482,0.044306601683650866,0.038546743464776254,0.5476295968099246
0.37145390070921985,0.040336879432624116,0.040336879432624116,0.5478723404255319
0.366696191319752,0.04118689105403012,0.043401240035429584,0.5487156775907883
0.3600886917960089,0.038580931263858094,0.04567627494456763,0.5556541019955654
0.36428254109284763,0.04042647712127943,0.04931141714793425,0.5459795646379387
0.36355710549258935,0.042720139494333044,0.05013077593722755,0.54359197907585
0.3639170710189678,0.04543449492721659,0.04808116453462726,0.5425672695191883
0.3649184662847069,0.04715733803437638,0.04451300132216836,0.5434111943587483
0.3623445825932504,0.047957371225577264,0.04262877442273535,0.5470692717584369
0.36662286465177396,0.043802014892685065,0.04424003504161191,0.545335085413929
0.37002652519893897,0.046861184792219276,0.04332449160035367,0.5397877984084881
0.3703214442976662,0.04491413474240423,0.04227212681638045,0.542492294143549
0.37189716312056736,0.044326241134751775,0.0398936170212766,0.5438829787234043
0.3710030661410425,0.04643013578624617,0.038545773105562856,0.5440210249671484
0.36613475177304966,0.050088652482269506,0.03945035460992908,0.5443262411347518
0.3657570422535211,0.04841549295774648,0.03653169014084507,0.5492957746478874
0.36494755244755245,0.048513986013986016,0.037587412587412584,0.548951048951049
0.36802810715854195,0.04655248133509003,0.03864734299516908,0.546772068511199
0.357487922705314,0.04830917874396135,0.03732981993851559,0.556873078612209
0.36212187637001314,0.04910127137220517,0.0394563787812363,0.5493204734765453
0.3541850220264317,0.05066079295154185,0.04229074889867841,0.552863436123348
0.3554295682511993,0.0510248582642826,0.043610989969472304,0.5499345835150458
0.3527336860670194,0.04982363315696649,0.046296296296296294,0.5511463844797179
0.34584450402144773,0.05093833780160858,0.049151027703306524,0.5540661304736372
0.3505244755244755,0.050699300699300696,0.048513986013986016,0.5502622377622378
0.3471479500891266,0.05124777183600713,0.04946524064171123,0.5521390374331551
0.34421099687080914,0.052302190433616454,0.05006705409029951,0.5534197586052749
0.3393645189761695,0.05119152691968226,0.04942630185348632,0.5600176522506619
0.33613445378151263,0.05042016806722689,0.04997788589119859,0.5634674922600619
0.3362637362637363,0.04923076923076923,0.05318681318681319,0.5613186813186813
0.33347883020515057,0.05106940200785683,0.05106940200785683,0.5643823657791357
0.32963127498889383,0.050199911150599734,0.050644158151932475,0.5695246557085739
0.328042328042328,0.05114638447971781,0.051587301587301584,0.5692239858906526
0.33201058201058203,0.05246913580246913,0.050705467372134036,0.5648148148148148
0.327708703374778,0.050621669626998225,0.05017761989342807,0.5714920071047958
0.32180851063829785,0.05186170212765957,0.051418439716312055,0.5749113475177305
0.3328906595838867,0.05223550243470562,0.049136786188579015,0.5657370517928287
0.32673702726473175,0.051890941072999124,0.047493403693931395,0.5738786279683378
0.3290748898678414,0.051982378854625554,0.04977973568281938,0.5691629955947136
0.32246538633318445,0.05448861098704779,0.05046895935685574,0.572577043322912
0.32602979842243646,0.05127081507449606,0.04864154250657318,0.5740578439964943
0.32174688057041,0.05169340463458111,0.04723707664884135,0.5793226381461676
0.3171265878230399,0.051248357424441525,0.04686815593517302,0.5847568988173456
0.31814198071866784,0.05390008764241893,0.047765118317265556,0.5801928133216476
0.31651173085436035,0.05223550243470562,0.049136786188579015,0.582115980522355
0.317404647084612,0.053485313459009205,0.04997807978956598,0.5791319596668129
0.3217777777777778,0.05377777777777778,0.04933333333333333,0.5751111111111111
0.32211538461538464,0.05332167832167832,0.049825174825174824,0.5747377622377622
0.32043956043956046,0.053626373626373625,0.05274725274725275,0.5731868131868132
0.3151595744680851,0.053634751773049646,0.050975177304964536,0.5802304964539007
0.32583774250440917,0.05026455026455026,0.04938271604938271,0.5745149911816578
0.31892368769298635,0.050727834142037936,0.050286722540802825,0.580061755624173
0.3156498673740053,0.044650751547303275,0.04995579133510168,0.5897435897435898
0.3136042402826855,0.044169611307420496,0.05035335689045936,0.5918727915194346
0.3108762659621312,0.04315279612505504,0.047556142668428,0.5984147952443857
0.3177242888402626,0.04245076586433261,0.045951859956236324,0.5938730853391685
0.32144429766622634,0.04227212681638045,0.04931748128577719,0.586966094231616
0.32012329370321446,0.041391457507705856,0.05063848524878908,0.5878467635402906
0.325354609929078,0.0425531914893617,0.050975177304964536,0.5811170212765957
0.331576635924462,0.03864734299516908,0.046991655687307864,0.582784365393061
0.3287671232876712,0.0415377817057004,0.04639858594785683,0.5832965090587715
