C,D,Oc,Od
0.0,1.0,0.0,0.0
0.3333333333333333,0.6666666666666666,0.0,0.0
0.23076923076923078,0.7692307692307693,0.0,0.0
0.24,0.68,0.0,0.08
0.23809523809523808,0.6190476190476191,0.0,0.14285714285714285
0.25,0.609375,0.0,0.140625
0.25510204081632654,0.5714285714285714,0.0,0.17346938775510204
0.2733812949640288,0.5251798561151079,0.014388489208633094,0.18705035971223022
0.2751322751322751,0.49206349206349204,0.010582010582010581,0.2222222222222222
0.25190839694656486,0.48091603053435117,0.015267175572519083,0.25190839694656486
0.23283582089552238,0.4716417910447761,0.023880597014925373,0.2716417910447761
0.24761904761904763,0.4357142857142857,0.03571428571428571,0.28095238095238095
0.2350597609561753,0.4362549800796813,0.035856573705179286,0.29282868525896416
0.22366288492706646,0.4246353322528363,0.04700162074554295,0.3047001620745543
0.2233902759526938,0.4152431011826544,0.04730617608409987,0.3140604467805519
0.2214765100671141,0.39932885906040266,0.050335570469798654,0.3288590604026846
0.22540592168099333,0.3858643744030564,0.05157593123209169,0.33715377268385865
0.22838499184339314,0.3841761827079935,0.05301794453507341,0.33442088091353994
0.23455882352941176,0.3639705882352941,0.057352941176470586,0.34411764705882353
0.24162836506894286,0.3604727511490479,0.06369008535784636,0.33420879842416285
0.24033313503866746,0.3622843545508626,0.06841165972635337,0.3289708506841166
0.24295010845986983,0.35357917570498915,0.0737527114967462,0.3297180043383948
0.2474437627811861,0.35991820040899797,0.07464212678936605,0.3179959100204499
0.24796163069544364,0.35299760191846524,0.08297362110311751,0.3160671462829736
0.2510306917086578,0.3444800732936326,0.08566193311956023,0.31882730187814934
0.2530612244897959,0.3464852607709751,0.08707482993197278,0.3133786848072562
0.25234061524743645,0.3499777084262149,0.09139545251894783,0.3062862238074008
0.2467991169977925,0.34966887417218545,0.09271523178807947,0.3108167770419426
0.2536136662286465,0.34472185720543147,0.09724047306176084,0.3044240035041612
0.25339168490153174,0.3435448577680525,0.0975929978118162,0.3054704595185996
0.2518714222809335,0.34522236900044034,0.09863496257155438,0.3042712461470718
0.24505059392872855,0.35459744830620327,0.09678838539375274,0.3035635723713154
0.2571807335395493,0.3398144056562086,0.09412284577993814,0.308882015024304
0.25574204946996465,0.3414310954063604,0.09849823321554771,0.3043286219081272
0.2458001768346596,0.34040671971706454,0.10521662245800177,0.30857648099027407
0.25485865724381623,0.340547703180212,0.10424028268551237,0.3003533568904594
0.24879755137735024,0.33930913860953216,0.10362920857017928,0.30826410144293837
0.24735449735449735,0.3408289241622575,0.10537918871252204,0.3064373897707231
0.24900662251655628,0.34216335540838855,0.10463576158940398,0.30419426048565124
0.24496056091148116,0.3382997370727432,0.10780017528483786,0.3089395267309378
0.24444444444444444,0.3446623093681917,0.10762527233115468,0.3032679738562091
0.2403376277210129,0.34162594402487784,0.10661928031985785,0.31141714793425146
0.2444836716681377,0.33980582524271846,0.10856134157105031,0.30714916151809357
0.24375274002630426,0.3441473038141166,0.1060938185006576,0.30600613765892154
0.24681038275406952,0.34315882094148703,0.10470743510778707,0.30532336119665643
0.24680475980608196,0.34552666372851476,0.10092551784927281,0.30674305861613044
0.2535885167464115,0.3444976076555024,0.09917355371900827,0.30274032187907784
0.24506795265234546,0.35072336694432266,0.09688733011836914,0.3073213502849627
0.24344735673034207,0.3500666370501999,0.10039982230119947,0.30608618391825854
0.24181580096027935,0.34919249236141425,0.10388476647752073,0.30510694020078566
0.24273127753303964,0.347136563876652,0.11013215859030837,0.3
0.24231782265144863,0.3485513608428446,0.11325724319578578,0.295873573309921
0.23593545573484517,0.34627126035761013,0.11644134321849106,0.30135194068905363
0.2387209811651336,0.3451598773543583,0.11914148050810337,0.29697766097240474
0.24220837043633126,0.3406055209260908,0.11976847729296528,0.29741763134461263
0.23311546840958605,0.34596949891067535,0.11938997821350762,0.30152505446623096
0.2222709338009645,0.3524769837790443,0.12143796580447172,0.3038141166155195
0.22525296964364278,0.34931808183018037,0.12230532336119665,0.3031236251649802
0.2333480370533745,0.34803705337450375,0.12130569033965594,0.29730921923246584
0.229010989010989,0.3454945054945055,0.11912087912087913,0.30637362637362636
0.23591549295774647,0.34330985915492956,0.12455985915492958,0.2962147887323944
0.24250440917107582,0.33641975308641975,0.12125220458553791,0.2998236331569665
0.23948649845064188,0.3390880920761399,0.11686586985391766,0.3045595396193006
0.23925564909171468,0.32919805050952594,0.12007089056269384,0.3114754098360656
0.23645970937912814,0.33465433729634525,0.12285336856010567,0.30603258476442097
0.2410279131590607,0.32919805050952594,0.12494461674789543,0.30482941958351795
0.24192139737991267,0.3200873362445415,0.12096069868995633,0.3170305676855895
0.23991130820399112,0.3246119733924612,0.12017738359201774,0.31529933481152994
0.23680709534368072,0.3254988913525499,0.12062084257206208,0.3170731707317073
0.242756804214223,0.32133450395083407,0.12115891132572432,0.3147497805092186
0.23928258967629046,0.31671041119860016,0.11986001749781278,0.3241469816272966
0.2398427260812582,0.31891655744866754,0.1236347750109218,0.31760594145915244
0.23857644991212654,0.3154657293497364,0.12785588752196836,0.3181019332161687
0.2444933920704846,0.313215859030837,0.12555066079295155,0.31674008810572685
0.2497789566755084,0.3134394341290893,0.1290893015030946,0.3076923076923077
0.25143614670790987,0.31551038444542645,0.12682280159080866,0.30623066725585507
0.25022222222222223,0.31333333333333335,0.12444444444444444,0.312
0.2536924413553432,0.3105994787141616,0.13292788879235448,0.30278019113814075
0.250996015936255,0.3054448871181939,0.13722886232846393,0.3063302346170872
0.24769433465085638,0.3025911286780852,0.14009661835748793,0.3096179183135705
0.24480777728678746,0.30092797171895713,0.14096332302253645,0.31330092797171893
0.24285085789705235,0.300923889133304,0.1460624725032996,0.31016278046634405
0.24512411347517732,0.2983156028368794,0.14716312056737588,0.30939716312056736
0.24180148666375165,0.29558373414954087,0.1534761696545693,0.3091386095321382
0.2462356067316209,0.2896368467670505,0.15234720992028344,0.31178033658104515
0.23920704845814977,0.2986784140969163,0.14933920704845816,0.31277533039647576
0.23591549295774647,0.2944542253521127,0.1487676056338028,0.320862676056338
0.23650724001755155,0.2904782799473453,0.15577007459412023,0.31724440544098287
0.23451910408432147,0.2907334211682038,0.1497584541062802,0.32498902064119456
0.2370500438981563,0.2848990342405619,0.1479367866549605,0.3301141352063213
0.23405191377034756,0.2842058952925649,0.14782226132864057,0.33391992960844696
0.2332155477031802,0.2862190812720848,0.14796819787985865,0.3325971731448763
0.23842794759825328,0.2851528384279476,0.15021834061135372,0.3262008733624454
0.23622047244094488,0.2878390201224847,0.1504811898512686,0.32545931758530183
0.24315975286849073,0.2802294792586055,0.146954986760812,0.3296557811120918
0.24163407214254673,0.2824858757062147,0.15123859191655803,0.3246414602346806
0.2491103202846975,0.2762455516014235,0.148576512455516,0.326067615658363
0.25265017667844525,0.27296819787985865,0.14840989399293286,0.32597173144876324
0.25293861558554637,0.2760121898127993,0.14845450587723116,0.32259468872442315
0.2503293807641634,0.2709705753184014,0.15151515151515152,0.3271848924022837
0.249890590809628,0.263019693654267,0.15842450765864333,0.32866520787746173
0.24967032967032968,0.269010989010989,0.1564835164835165,0.32483516483516484
0.2439347154830172,0.26334362593736216,0.16321129245699162,0.329510366122629
0.24737302977232925,0.2648861646234676,0.16243432574430824,0.3253064798598949
0.24605263157894736,0.2614035087719298,0.1618421052631579,0.3307017543859649
0.24605263157894736,0.26359649122807016,0.16535087719298244,0.325
0.24721603563474387,0.26369710467706015,0.16258351893095768,0.3265033407572383
0.2504416961130742,0.25662544169611307,0.16740282685512367,0.325530035335689
0.25054945054945055,0.25362637362637364,0.16483516483516483,0.330989010989011
0.25097698653929656,0.2553191489361702,0.16630481980026052,0.32739904472427267
0.2559366754617414,0.25065963060686014,0.16402814423922604,0.32937554969217236
0.26153846153846155,0.24747252747252746,0.16967032967032966,0.3213186813186813
0.26018396846254926,0.2413491020586947,0.17520805957074026,0.3232588699080158
0.2607929515418502,0.24361233480176211,0.17048458149779736,0.3251101321585903
0.26362038664323373,0.24033391915641475,0.17135325131810195,0.3246924428822496
0.26077396657871593,0.2418645558487247,0.1662269129287599,0.3311345646437995
0.25711782742006134,0.23915900131406045,0.16469557599649584,0.33902759526938236
0.25824901011878576,0.23977122745270568,0.16673999120105587,0.3352397712274527
0.25793650793650796,0.24118165784832452,0.16710758377425045,0.33377425044091713
0.25799386771791505,0.24353920280332894,0.16469557599649584,0.33377135348226017
0.25618374558303886,0.24558303886925795,0.16210247349823323,0.33613074204946997
0.25756910925844667,0.24177270732777534,0.16103554190434402,0.33962264150943394
0.25398230088495577,0.24380530973451328,0.1654867256637168,0.33672566371681417
0.24779929577464788,0.2460387323943662,0.16857394366197184,0.33758802816901406
0.25296442687747034,0.24242424242424243,0.1717171717171717,0.3328941589811155
0.2537444933920705,0.24185022026431718,0.173568281938326,0.33083700440528635
0.25220458553791886,0.24118165784832452,0.1746031746031746,0.33201058201058203
0.25240174672489085,0.23842794759825328,0.17641921397379912,0.3327510917030568
0.24423758865248227,0.2473404255319149,0.17287234042553193,0.3355496453900709
0.2516382699868938,0.24858016601135868,0.1673219746614242,0.33245958934032327
0.2467820683533067,0.2498890368397692,0.17132711939636042,0.3320017754105637
0.25010969723562965,0.24440544098288722,0.16805616498464238,0.33742869679684073
0.25254312251216277,0.24458204334365324,0.17558602388323752,0.32728881026094647
0.254737769942706,0.2357866901718819,0.17628911414720141,0.33318642573821067
0.2515391380826737,0.23306948109058928,0.1789797713280563,0.33641160949868076
0.24681598594642074,0.2349582784365393,0.18093983311374615,0.3372859025032938
0.24791940429259746,0.23039859833552342,0.18221638195356987,0.3394656154183092
0.2507726269315673,0.22913907284768212,0.18410596026490067,0.33598233995584986
0.25144124168514415,0.23104212860310422,0.17960088691796008,0.33791574279379155
0.2506619593998235,0.22550750220653135,0.1849073256840247,0.3389232127096205
0.2507699076110867,0.22525296964364278,0.18741750989881215,0.3365596128464584
0.24298245614035088,0.23157894736842105,0.18421052631578946,0.3412280701754386
0.24489795918367346,0.2315882874889086,0.1898846495119787,0.3336291038154392
0.2543478260869565,0.2234782608695652,0.18739130434782608,0.3347826086956522
0.2565236620964175,0.22246793454223796,0.18664307828394516,0.33436532507739936
0.26411738550466873,0.22632281013783903,0.18230324588706093,0.3272565584704313
0.2619360490582567,0.22864651773981604,0.18484450284713097,0.32457293035479634
0.26439326837909655,0.22719220549158547,0.183348095659876,0.325066430469442
0.26619026351049574,0.22286735149620365,0.1817775792764627,0.32916480571683787
0.26601855943437913,0.22403888643393724,0.1794078656650464,0.3305346884666372
0.269687637483502,0.22393312802463705,0.17685877694676638,0.32952045754509457
0.2657677250978686,0.22227055241409308,0.18051326663766856,0.33144845585036975
0.27224901359053044,0.2253397632617273,0.17843051293292417,0.32398071021481806
0.26407682234831953,0.22522915757311218,0.17852466171977302,0.3321693583587953
0.2595019659239843,0.22673656618610746,0.18130187854958496,0.33245958934032327
0.2543046357615894,0.22737306843267108,0.1845474613686534,0.3337748344370861
0.257243195785777,0.22783143107989465,0.18788410886742757,0.3270412642669008
0.25728155339805825,0.2237422771403354,0.19285083848190646,0.3261253309796999
0.2579225352112676,0.2227112676056338,0.19674295774647887,0.3226232394366197
0.25817706061927603,0.21761883994766681,0.19537723506323593,0.32882686436982117
0.2558139534883721,0.21763931548924967,0.19131197893813076,0.33523475208424747
0.2545616377392078,0.21762349799732977,0.19003115264797507,0.3377837116154873
0.24944518419884598,0.21304926764314247,0.1966267199289836,0.340878828229028
0.24601063829787234,0.21675531914893617,0.1976950354609929,0.3395390070921986
0.2518518518518518,0.21263616557734205,0.19694989106753813,0.338562091503268
0.25264084507042256,0.21346830985915494,0.19718309859154928,0.33670774647887325
0.2543859649122807,0.20877192982456141,0.20043859649122808,0.3364035087719298
0.2466725820763088,0.21517302573203195,0.19653948535936114,0.3416149068322981
0.25,0.21045694200351495,0.19595782073813708,0.343585237258348
0.2431111111111111,0.212,0.2,0.3448888888888889
0.24350506384852488,0.2166446499339498,0.19594892118009688,0.34390136503742846
0.24462954844366505,0.21920210434020165,0.19903551074090312,0.3371328364752302
0.2424778761061947,0.22123893805309736,0.19778761061946903,0.33849557522123896
0.2392449517120281,0.22080772607550483,0.19534679543459174,0.34460052677787534
0.2341078474353354,0.22665497588776853,0.19903551074090312,0.340201665935993
0.2388255915863278,0.22217353198948292,0.1971954425942156,0.3418054338299737
0.242184059885513,0.22104799647732276,0.1950682518714223,0.34169969176574194
0.24301552106430155,0.21995565410199558,0.19778270509977827,0.3392461197339246
0.24052863436123348,0.22290748898678414,0.2,0.3365638766519824
0.24007060900264784,0.21977052074139453,0.19638128861429832,0.34377758164165934
0.24217026907807676,0.21835024261138067,0.20291133656815175,0.3365681517423908
0.24480777728678746,0.2191780821917808,0.19885108263367213,0.33716305788775963
0.2417391304347826,0.22086956521739132,0.2,0.3373913043478261
0.24571428571428572,0.2210989010989011,0.19516483516483515,0.33802197802197803
0.2510993843447669,0.218117854001759,0.19700967458223395,0.3337730870712401
0.24526640246587406,0.22016732716864817,0.20343461030383092,0.33113166006164685
0.24944616747895437,0.22241914045192734,0.20203810367744793,0.3260965883916704
0.2484608619173263,0.22075637642919965,0.20316622691292877,0.3276165347405453
0.24725997369574748,0.21744848750548004,0.20166593599298555,0.33362560280578696
0.25520602569782896,0.2144439521488702,0.19849357554275587,0.331856446610545
0.2540874944763588,0.21431727794962438,0.20326999558108705,0.32832523199292973
0.25241016652059595,0.21209465381244522,0.2072743207712533,0.3282208588957055
0.2527376259307928,0.2146298729741568,0.2084975908891809,0.3241349102058695
0.24846625766871167,0.21603856266432953,0.2107800175284838,0.324715162138475
0.2476780185758514,0.21229544449358692,0.20875718708536045,0.33126934984520123
0.2504432624113475,0.20611702127659576,0.21675531914893617,0.3266843971631206
0.2476107732406603,0.20373588184187663,0.21763683753258037,0.3310165073848827
0.25584472871636527,0.2051168945743273,0.21349801499779444,0.325540361711513
0.2494510320597277,0.20421607378129117,0.21695212999560826,0.32938076416337286
0.2564551422319475,0.20350109409190373,0.21706783369803062,0.32297592997811814
0.2642418930762489,0.20289219982471515,0.21647677475898336,0.31638913234005256
0.258193091231178,0.20017714791851196,0.21922054915854738,0.3224092116917626
0.2534337616304829,0.19406291537439077,0.2255206025697829,0.3269827204253434
0.2473404255319149,0.20434397163120568,0.21941489361702127,0.32890070921985815
0.25414123801220573,0.1987794245858762,0.22319093286835223,0.3238884045335658
0.2543630017452007,0.1932809773123909,0.22774869109947643,0.32460732984293195
0.25210084033613445,0.2034498009730208,0.22423706324635118,0.3202122954444936
0.25584472871636527,0.20423467137185708,0.21570357300397,0.3242170269078077
0.2576769025367156,0.2060525144637294,0.2118380062305296,0.32443257676902537
0.26371215445370777,0.2079859587538394,0.20930232558139536,0.3189995612110575
0.26320384111741596,0.20515058926233087,0.2130074203404627,0.3186381492797905
0.2600877192982456,0.19956140350877194,0.21754385964912282,0.32280701754385965
0.263901147396293,0.20432480141218004,0.2082965578111209,0.323477493380406
0.26961858833844804,0.2091188075405524,0.20035072336694432,0.32091188075405525
0.27049539675580886,0.21131082858395442,0.20078912757562473,0.317404647084612
0.273568281938326,0.21013215859030837,0.19955947136563876,0.31674008810572685
0.27716673999120106,0.20413550373955125,0.19973603167619886,0.31896172459304883
0.2745183887915937,0.2136602451838879,0.19702276707530647,0.3147985989492119
0.2787456445993031,0.21123693379790942,0.19381533101045295,0.3162020905923345
0.28634361233480177,0.21013215859030837,0.1960352422907489,0.307488986784141
0.2800875273522976,0.20787746170678337,0.19693654266958424,0.3150984682713348
0.2845779938135219,0.21166593018117544,0.1948740609809987,0.308882015024304
0.28067826863007583,0.21195894689870592,0.18830879071842926,0.3190539937527889
0.27240773286467485,0.21660808435852372,0.18321616871704746,0.327768014059754
0.27673505019642075,0.21824530772588388,0.184199039720646,0.32082060235704934
0.2785871964679912,0.21677704194260486,0.17924944812362031,0.32538631346578367
0.28495809439788267,0.2218791354212616,0.17379797088663432,0.31936479929422146
0.281195079086116,0.21748681898066785,0.18321616871704746,0.3181019332161687
0.2848242100578549,0.21717846016911438,0.1829105473965287,0.315086782376502
0.287089715536105,0.2135667396061269,0.187746170678337,0.31159737417943106
0.28197158081705154,0.21758436944937834,0.18206039076376554,0.31838365896980464
0.28293545534924847,0.21485411140583555,0.17904509283819628,0.32316534040671974
0.28103146853146854,0.21153846153846154,0.17963286713286714,0.3277972027972028
0.28608923884514437,0.20778652668416447,0.1762904636920385,0.32983377077865267
0.2819266460450729,0.20813079982324348,0.172779496243924,0.33716305788775963
0.2787532923617208,0.20456540825285338,0.18217734855136083,0.334503950834065
0.2795936395759717,0.20892226148409895,0.17491166077738515,0.3365724381625442
0.28046078865750995,0.20646876384581303,0.17811253876827648,0.33495790872840053
0.27929515418502204,0.21233480176211453,0.1726872246696035,0.3356828193832599
0.27460456942003514,0.210896309314587,0.1735500878734622,0.3409490333919156
0.2735229759299781,0.21312910284463896,0.18074398249452955,0.33260393873085337
0.27586206896551724,0.21344391095591445,0.17765168048886948,0.3330423395896988
0.27667109340416113,0.21248339973439576,0.1761841522797698,0.3346613545816733
0.2743207712532866,0.21034180543382996,0.17703768624014024,0.3382997370727432
0.26734423331860363,0.2129916040653999,0.1789659743703049,0.34069818824569154
0.26555652936021035,0.2151621384750219,0.1761612620508326,0.34312007011393514
0.26403508771929823,0.22894736842105262,0.1692982456140351,0.33771929824561403
0.2559262510974539,0.22344161545215102,0.17603160667251974,0.34460052677787534
0.25906509392747923,0.22324159021406728,0.1743119266055046,0.34338138925294887
0.2712975098296199,0.2162516382699869,0.17169069462647443,0.34076015727391873
0.2646411272567151,0.2162043152796125,0.17569352708058125,0.34346103038309117
0.26634699215344376,0.2157802964254577,0.17872711421098517,0.33914559721011334
0.27225130890052357,0.21335078534031413,0.18019197207678883,0.33420593368237345
0.27156125608137993,0.21716054842989826,0.17912428129146396,0.33215391419725787
0.2662280701754386,0.22236842105263158,0.17763157894736842,0.3337719298245614
0.2706866197183099,0.2169894366197183,0.18397887323943662,0.3283450704225352
0.2739244951712028,0.21378402107111502,0.18129938542581212,0.33099209833187004
0.2689260563380282,0.21434859154929578,0.18838028169014084,0.3283450704225352
0.27379912663755457,0.2170305676855895,0.18427947598253275,0.32489082969432315
0.27073277753400615,0.21851689337428698,0.18473014480035102,0.3260201842913559
0.28100263852242746,0.21416007036059806,0.18777484608619174,0.31706244503078274
0.2794894366197183,0.21742957746478872,0.17913732394366197,0.323943661971831
0.27780200610553857,0.22241604884430877,0.1774967291757523,0.32228521587440034
0.27672679278486584,0.22525296964364278,0.17993840739111305,0.31808183018037833
0.2788546255506608,0.2356828193832599,0.17312775330396477,0.31233480176211453
0.27575488454706926,0.24067495559502664,0.17184724689165187,0.3117229129662522
0.27933450087565675,0.2403677758318739,0.17425569176882663,0.30604203152364273
0.2716864817261119,0.2426243945398503,0.17569352708058125,0.3099955966534566
0.2735229759299781,0.2363238512035011,0.1811816192560175,0.30897155361050327
0.2805410122164049,0.23647469458987783,0.1793193717277487,0.3036649214659686
0.2796125055041832,0.23778071334214002,0.178335535006605,0.3042712461470718
0.28679078014184395,0.2322695035460993,0.18351063829787234,0.2974290780141844
0.2884275618374558,0.22659010600706714,0.18374558303886926,0.30123674911660775
0.2897447380206001,0.22301836094939542,0.17913121361397225,0.3081056874160322
0.2957249889819304,0.2269722344645218,0.18289995592772146,0.29440282062582634
0.28777292576419217,0.22532751091703057,0.18253275109170305,0.30436681222707423
0.2888595332452664,0.22545134302069572,0.18229854689564068,0.3033905768383972
0.2936226749335695,0.2201062887511072,0.18467670504871567,0.3015943312666076
0.2942982456140351,0.21973684210526315,0.18421052631578946,0.3017543859649123
0.2932692307692308,0.21634615384615385,0.1853146853146853,0.30506993006993005
0.29091706888986396,0.21676173760421238,0.19306713470820536,0.29925405879771827
0.2889767237593325,0.21387790953008345,0.1971892841458059,0.29995608256477824
0.29354980254497587,0.21281263712154452,0.1917507678806494,0.3018867924528302
0.2941952506596306,0.21108179419525067,0.18997361477572558,0.30474934036939316
0.29634522236900046,0.20959929546455305,0.19154557463672392,0.30250990752972257
0.3011836913634371,0.20385795703638754,0.19903551074090312,0.29592284085927223
0.29696436427628686,0.20941487021557414,0.1935767707875055,0.30004399472063353
0.29863855950812473,0.21212121212121213,0.19148001756697408,0.2977602108036891
0.297696653628857,0.21729682746631898,0.18861364624076488,0.2963928726640591
0.3029100529100529,0.21957671957671956,0.18783068783068782,0.2896825396825397
0.30728709394205445,0.21553994732221246,0.18305531167690958,0.29411764705882354
0.3050397877984085,0.21529619805481875,0.1794871794871795,0.3001768346595933
0.3041575492341357,0.21575492341356675,0.18555798687089717,0.29452954048140045
0.303886925795053,0.2124558303886926,0.19213780918727916,0.2915194346289753
0.3074561403508772,0.21140350877192982,0.1899122807017544,0.2912280701754386
0.3037300177619893,0.21269982238010657,0.18872113676731794,0.29484902309058614
0.30274822695035464,0.2127659574468085,0.18927304964539007,0.29521276595744683
0.3077945084145261,0.20947741364038971,0.18954827280779452,0.29317980513728964
0.30687830687830686,0.20414462081128748,0.1917989417989418,0.29717813051146386
0.3065725628584032,0.2086457873842082,0.1945302161446846,0.290251433612704
0.30819815870232353,0.21394125383603682,0.19289785181937746,0.28496273564226215
0.3138111888111888,0.21066433566433568,0.1909965034965035,0.28452797202797203
0.31399468556244464,0.20859167404782994,0.19264836138175376,0.28476527900797166
0.313215859030837,0.213215859030837,0.1947136563876652,0.2788546255506608
0.3093239063190455,0.21122403888643393,0.19443216968625718,0.28501988510826337
0.30914687774846084,0.2119613016710642,0.19525065963060687,0.2836411609498681
0.3054704595185996,0.21137855579868708,0.19562363238512034,0.287527352297593
0.3101791175185671,0.21406727828746178,0.19003931847968544,0.2857142857142857
0.30463286713286714,0.21678321678321677,0.19274475524475523,0.28583916083916083
0.3025618374558304,0.21775618374558303,0.1956713780918728,0.2840106007067138
0.3023663453111306,0.22743207712532865,0.18886941279579317,0.2813321647677476
0.3015317286652079,0.2301969365426696,0.1851203501094092,0.2831509846827133
0.29056437389770723,0.23853615520282187,0.1865079365079365,0.2843915343915344
0.2857775808595481,0.23659725299069562,0.19361984935755427,0.28400531679220203
0.28483516483516486,0.24,0.19604395604395605,0.27912087912087913
0.2835689045936396,0.2416077738515901,0.19257950530035337,0.28224381625441697
0.28313518273888155,0.24482606781153676,0.19903126376045796,0.27300748568912375
0.2770448548812665,0.2436235708003518,0.19920844327176782,0.2801231310466139
0.27557319223985893,0.24382716049382716,0.19973544973544974,0.2808641975308642
0.27111111111111114,0.24177777777777779,0.20444444444444446,0.2826666666666667
0.2618310482087572,0.24148606811145512,0.20698805838124723,0.28969482529854046
0.2641509433962264,0.24879333040807372,0.20228170250109698,0.2847740236946029
0.2594547053649956,0.24142480211081793,0.20360598065083554,0.2955145118733509
0.2654945054945055,0.23912087912087912,0.20175824175824175,0.2936263736263736
0.2646544181977253,0.23009623797025372,0.20778652668416447,0.2974628171478565
0.26301853486319504,0.22859664607237423,0.20785525154457193,0.30052956751985876
0.26521545979564637,0.22834295868502888,0.21190581963571745,0.2945357618836073
0.2654049295774648,0.23327464788732394,0.20950704225352113,0.2918133802816901
0.26851851851851855,0.23015873015873015,0.20855379188712522,0.2927689594356261
0.26271561256081377,0.2344095532950022,0.21450685537372843,0.28836797877045556
0.2674315975286849,0.235216240070609,0.2149161518093557,0.2824360105913504
0.2657281126264848,0.23185217773867137,0.21293444786625604,0.28948526176858774
0.2606986899563319,0.23056768558951965,0.21353711790393012,0.29519650655021834
0.26308784383318545,0.23336291038154391,0.2129547471162378,0.2905944986690328
0.2533039647577093,0.23348017621145375,0.21409691629955946,0.29911894273127754
0.25515124945199474,0.235861464270057,0.20824199912319158,0.3007452871547567
0.254312251216276,0.23529411764705882,0.21052631578947367,0.2998673153471915
0.24733096085409254,0.2411032028469751,0.21129893238434164,0.30026690391459077
0.23723591549295775,0.24075704225352113,0.2147887323943662,0.30721830985915494
0.24570673712021135,0.2294143549097314,0.21400264200792601,0.3108762659621312
0.24591611479028697,0.22958057395143489,0.21545253863134659,0.3090507726269316
0.2463768115942029,0.2261747913921827,0.21387790953008345,0.31357048748353095
0.24187884108867427,0.2221246707638279,0.21597892888498682,0.32001755926251096
0.23680767553423462,0.226777147841256,0.21064108155255123,0.32577409507195815
0.2378449408672799,0.22251423565484013,0.21287779237844942,0.32676303109943056
0.24110671936758893,0.21826965305226176,0.21519543258673693,0.3254281949934124
0.23498465585269618,0.21481806225339764,0.2209557211749233,0.3292415607189829
0.23333333333333334,0.21140350877192982,0.22763157894736843,0.32763157894736844
0.23928258967629046,0.2069116360454943,0.2274715660542432,0.326334208223972
0.23234118169702356,0.2123500666370502,0.22923145268769435,0.3260772989782319
0.2409691629955947,0.21277533039647578,0.22070484581497798,0.32555066079295153
0.24587973273942093,0.2173719376391982,0.21469933184855233,0.3220489977728285
0.24591611479028697,0.21721854304635763,0.20838852097130242,0.32847682119205296
0.2454905411350638,0.214694236691597,0.20413550373955125,0.33567971843378797
0.25155555555555553,0.21244444444444444,0.2048888888888889,0.33111111111111113
0.25219298245614036,0.21578947368421053,0.20043859649122808,0.33157894736842103
0.25055432372505543,0.21862527716186253,0.19645232815964522,0.3343680709534368
0.2583479789103691,0.21748681898066785,0.19288224956063268,0.3312829525483304
0.2569808027923211,0.21509598603839442,0.193717277486911,0.33420593368237345
0.2550930026572188,0.2183348095659876,0.18821966341895482,0.3383525243578388
0.26033421284080915,0.2106420404573439,0.1948109058927001,0.33421284080914687
0.25308641975308643,0.2191358024691358,0.19268077601410935,0.3350970017636684
0.25264084507042256,0.22095070422535212,0.18838028169014084,0.3380281690140845
0.250334672021419,0.21552878179384202,0.18830879071842926,0.34582775546630967
0.2605042016806723,0.21583370190181336,0.18487394957983194,0.33878814683768244
0.26033421284080915,0.21459982409850484,0.18249780123131046,0.34256816182937555
0.256092157731502,0.2206468763845813,0.18697385910500663,0.33628710677891005
0.2572304995617879,0.22480280455740578,0.18930762489044697,0.32865907099035935
0.2524271844660194,0.2321270962047661,0.18446601941747573,0.33097969991173876
0.25385632437197003,0.22212428382547378,0.1873071837814015,0.3367122080211547
0.2490170380078637,0.2219309742245522,0.18872870249017037,0.34032328527741373
0.25065847234416155,0.21729587357330993,0.18568920105355574,0.3463564530289728
0.24781849912739964,0.22076788830715532,0.18368237347294938,0.34773123909249565
0.24890829694323144,0.21397379912663755,0.19170305676855895,0.34541484716157206
0.25569176882662,0.21409807355516638,0.18432574430823118,0.3458844133099825
0.2547211242863417,0.21695212999560826,0.18269653052261747,0.3456302151954326
0.2608695652173913,0.22138420585625554,0.17613132209405502,0.3416149068322981
0.2598944591029024,0.22163588390501318,0.17546174142480211,0.34300791556728233
0.2628120893561104,0.22032413491020586,0.17433201927288655,0.3425317564607972
0.2612691466083151,0.22450765864332603,0.17592997811816194,0.33829321663019696
0.25746924428822493,0.22715289982425307,0.17486818980667837,0.3405096660808436
0.2565236620964175,0.23087129588677577,0.18000884564352057,0.33259619637328613
0.26032315978456017,0.2365350089766607,0.17773788150807898,0.3254039497307002
0.25862068965517243,0.2396109637488948,0.17771883289124668,0.3240495137046861
0.25559947299077734,0.2375933245498463,0.18093983311374615,0.3258673693456302
0.2554131683605833,0.23066725585505965,0.18692001767565178,0.32699955810870523
0.25495376486129456,0.23778071334214002,0.18670189343901364,0.32056362835755176
0.2545374059318282,0.24878264718902168,0.18016821602478972,0.31651173085436035
0.25711782742006134,0.24791940429259746,0.17783618046430136,0.3171265878230399
0.26334362593736216,0.24525805028672254,0.17865019850022057,0.31274812527569473
0.2607921673342234,0.24076546506453048,0.17846016911437473,0.31998219848687137
0.26453617399023527,0.23879272081668887,0.17887261429205503,0.31779849090102086
0.2724879333040807,0.23738481790258886,0.1755155770074594,0.314611671785871
0.2686968204209583,0.2355575459023735,0.1831616659202866,0.31258396775638153
0.2663448881088197,0.23343571741992103,0.18736287845546293,0.3128565160157964
0.27176314626601855,0.2328767123287671,0.1794078656650464,0.31595227574016793
0.2722100656455142,0.23413566739606126,0.17811816192560176,0.31553610503282276
0.27047038327526135,0.22952961672473868,0.1833623693379791,0.3166376306620209
0.2777284826974268,0.22626441881100265,0.1823425022182786,0.3136645962732919
0.28100263852242746,0.22999120492524186,0.1741424802110818,0.3148636763412489
0.2786377708978328,0.226890756302521,0.18222025652366208,0.31225121627598407
0.2764084507042254,0.2306338028169014,0.18309859154929578,0.30985915492957744
0.28129088530309637,0.22634103794156127,0.18447448757086785,0.3078935891844745
0.28502202643171803,0.22334801762114537,0.18722466960352424,0.30440528634361236
0.2833775419982317,0.23342175066312998,0.1856763925729443,0.2975243147656941
0.2857142857142857,0.22804718217562253,0.18829183049366535,0.2979467016164264
0.2817824377457405,0.22062035823503715,0.19397116644823068,0.3036260375709917
0.2801762114537445,0.22246696035242292,0.1894273127753304,0.3079295154185022
0.27071583514099784,0.22255965292841648,0.19436008676789587,0.3123644251626898
0.26899293286219084,0.2252650176678445,0.19125441696113074,0.31448763250883394
0.28115435067774375,0.2186270222999563,0.19064276344556186,0.3095758635767381
0.2809587217043941,0.21926320461606746,0.18863737239236572,0.31114070128717264
0.28307692307692306,0.22065934065934065,0.17978021978021977,0.31648351648351647
0.28012449977767895,0.22409959982214317,0.18008003557136504,0.3156958648288128
0.28427065026362036,0.21836555360281196,0.18233743409490333,0.3150263620386643
0.28502202643171803,0.21938325991189428,0.1828193832599119,0.31277533039647576
0.2815533980582524,0.22197705207413945,0.18005295675198588,0.31641659311562226
0.28053097345132744,0.22168141592920354,0.18097345132743362,0.3168141592920354
0.27952233524988945,0.21981424148606812,0.1817779743476338,0.3188854489164087
0.278674225904928,0.2158744003488879,0.18185782817269952,0.3235935455734845
0.2766884531590414,0.21568627450980393,0.18562091503267975,0.32200435729847493
0.28144239226033424,0.22119613016710643,0.18425681618293754,0.3131046613896218
0.2759226713532513,0.2218804920913884,0.18497363796133567,0.3172231985940246
0.28053097345132744,0.21946902654867256,0.18716814159292036,0.31283185840707967
0.28596568411790585,0.22217333919929608,0.18829740431148262,0.3035635723713154
0.28778558875219684,0.22056239015817222,0.18409490333919157,0.30755711775043937
0.2817089452603471,0.21895861148197596,0.19003115264797507,0.30930129060970185
0.2845814977973568,0.22070484581497798,0.1881057268722467,0.3066079295154185
0.28590308370044054,0.21629955947136564,0.1907488986784141,0.3070484581497797
0.28683865325754265,0.2155662439877569,0.19807608220376038,0.2995190205509401
0.29289810322011467,0.21349801499779444,0.19232465813850905,0.30127922364358184
0.29797535211267606,0.2055457746478873,0.19630281690140844,0.3001760563380282
0.2955041466608468,0.20776953295504147,0.18856394587516367,0.30816237450894807
0.29597197898423816,0.21234676007005254,0.18432574430823118,0.3073555166374781
0.29899607158446095,0.21344391095591445,0.18332605848974248,0.30423395896988215
0.2982456140350877,0.22017543859649122,0.181140350877193,0.30043859649122806
0.2977602108036891,0.22485726833552921,0.1756697408871322,0.30171277997364954
0.2948943661971831,0.22755281690140844,0.17649647887323944,0.301056338028169
0.29541446208112876,0.22883597883597884,0.17592592592592593,0.2998236331569665
0.291005291005291,0.22486772486772486,0.17857142857142858,0.3055555555555556
0.2956058588548602,0.22814025743453173,0.17265867731913004,0.303595206391478
0.30048394192696876,0.22393312802463705,0.17333919929608446,0.3022437307523097
0.29678555702333775,0.22280933509467196,0.17393218846323205,0.30647291941875826
0.2979002624671916,0.22353455818022747,0.17060367454068243,0.3079615048118985
0.2913732394366197,0.22183098591549297,0.1694542253521127,0.3173415492957746
0.28810572687224667,0.22202643171806166,0.17048458149779736,0.31938325991189426
0.29078947368421054,0.21973684210526315,0.1706140350877193,0.318859649122807
0.291044776119403,0.22036874451273047,0.16286215978928886,0.3257243195785777
0.29120636323464427,0.2191780821917808,0.16173221387538667,0.32788334069818825
0.287527352297593,0.22713347921225382,0.16367614879649892,0.32166301969365424
0.2889767237593325,0.22485726833552921,0.17039964866051824,0.3157663592446201
0.29432624113475175,0.21719858156028368,0.17464539007092197,0.31382978723404253
0.29331574318381703,0.21767810026385223,0.17018469656992086,0.31882145998240985
0.2905525846702317,0.22771836007130125,0.1715686274509804,0.31016042780748665
0.2903225806451613,0.22624834290764473,0.1789659743703049,0.3044631020768891
0.2902662592754256,0.22566564818856394,0.17415975556525534,0.30990833697075515
0.27583187390542907,0.2329246935201401,0.175569176882662,0.3156742556917688
0.2781921895568232,0.22904782799473453,0.1737604212373848,0.3189995612110575
0.27900797165633306,0.22276350752878654,0.17183348095659876,0.32639503985828167
0.2796985815602837,0.21719858156028368,0.17597517730496454,0.3271276595744681
0.27645502645502645,0.21604938271604937,0.17504409171075838,0.3324514991181658
0.2796125055041832,0.21312197269925143,0.1809775429326288,0.32628797886393657
0.2830353249018753,0.2093327518534671,0.1814217182730048,0.3262102049716529
0.2804395604395604,0.2145054945054945,0.18021978021978022,0.32483516483516484
0.2766429840142096,0.21403197158081705,0.18516873889875665,0.3241563055062167
0.2739606126914661,0.2188183807439825,0.18949671772428883,0.3177242888402626
0.2743362831858407,0.21460176991150443,0.1915929203539823,0.31946902654867254
0.27481252756947505,0.21658579620644022,0.1874724305249228,0.3211292456991619
0.2796833773087071,0.21943711521547934,0.18161829375549693,0.31926121372031663
0.28116710875331563,0.22148541114058357,0.17771883289124668,0.3196286472148541
0.2834507042253521,0.22755281690140844,0.176056338028169,0.31294014084507044
0.28017817371937637,0.22538975501113587,0.17683741648106904,0.3175946547884187
0.2770658418029165,0.22801590808661068,0.18161732213875387,0.31330092797171893
0.2779991146525011,0.2244355909694555,0.18238158477202301,0.3151837096060204
0.27569686411149824,0.22822299651567945,0.1798780487804878,0.3162020905923345
0.2802631578947368,0.22280701754385965,0.1763157894736842,0.3206140350877193
0.2808159722222222,0.2204861111111111,0.1740451388888889,0.3246527777777778
0.2755458515283843,0.22183406113537119,0.1777292576419214,0.32489082969432315
0.27177700348432055,0.22430313588850173,0.1798780487804878,0.3240418118466899
0.2748460861917326,0.2260334212840809,0.17194371152154794,0.32717678100263853
0.2752212389380531,0.22654867256637168,0.16991150442477876,0.32831858407079645
0.2739606126914661,0.2288840262582057,0.16805251641137856,0.3291028446389497
0.26943462897526504,0.23056537102473498,0.1700530035335689,0.3299469964664311
0.266489597166888,0.2297476759628154,0.17131474103585656,0.33244798583444
0.26702033598585323,0.23297966401414677,0.16931918656056588,0.3306808134394341
0.2689260563380282,0.2249119718309859,0.17913732394366197,0.32702464788732394
0.26904447380008806,0.22457067371202113,0.17921620431527963,0.3271686481726112
0.2700087950747581,0.22911169744942833,0.17810026385224276,0.3227792436235708
0.27481252756947505,0.22452580502867225,0.17644464049404499,0.3242170269078077
0.27184035476718404,0.22527716186252772,0.1729490022172949,0.32993348115299337
0.26704795424549055,0.22393312802463705,0.17905851297844258,0.32996040475142985
0.2656181738750546,0.22280471821756226,0.17737003058103976,0.33420707732634336
0.25730735163861823,0.22364924712134632,0.17936226749335696,0.33968113374667847
0.2560069899519441,0.22455220620358235,0.17474879860200962,0.34469200524246396
0.2478031634446397,0.22451669595782073,0.179701230228471,0.34797891036906853
0.24735915492957747,0.21742957746478872,0.1813380281690141,0.3538732394366197
0.24955595026642985,0.22202486678507993,0.1847246891651865,0.34369449378330375
0.2484526967285588,0.22192749778956675,0.1843501326259947,0.34526967285587973
0.2526223776223776,0.2298951048951049,0.1853146853146853,0.3321678321678322
0.250330542089026,0.23005729396209784,0.1864257382106655,0.33318642573821067
0.2457293035479632,0.23039859833552342,0.1835304424003504,0.3403416557161629
0.2476780185758514,0.23087129588677577,0.1826625386996904,0.33878814683768244
0.2517513134851138,0.2329246935201401,0.17950963222416813,0.3358143607705779
0.2515473032714412,0.22900088417329797,0.1816976127320955,0.33775419982316535
0.24800354924578527,0.23513753327417924,0.17524401064773737,0.3416149068322981
0.24595185995623634,0.23763676148796498,0.1811816192560175,0.33522975929978116
0.24337455830388693,0.24028268551236748,0.1793286219081272,0.3370141342756184
0.24487978628673196,0.23909171861086376,0.18655387355298308,0.3294746215494212
0.2512056115738711,0.2341078474353354,0.1850065760631302,0.3296799649276633
0.2454905411350638,0.23405191377034756,0.1847778266608007,0.33567971843378797
0.24464831804281345,0.23197903014416776,0.1834862385321101,0.3398864132809087
0.2390158172231986,0.2390158172231986,0.18365553602811951,0.3383128295254833
0.23466666666666666,0.23822222222222222,0.18577777777777776,0.3413333333333333
0.23591087811271297,0.23416339012669288,0.18086500655307994,0.3490607252075142
0.23891084760649978,0.23715415019762845,0.1844532279314888,0.339481774264383
0.2381161971830986,0.23327464788732394,0.1835387323943662,0.34507042253521125
