C,D,Oc,Od
0.0,1.0,0.0,0.0
0.0,1.0,0.0,0.0
0.0,0.5,0.0,0.5
0.0,0.0,0.6666666666666666,0.3333333333333333
0.0,0.0,0.75,0.25
0.0,0.0,0.6666666666666666,0.3333333333333333
0.25,0.0,0.5,0.25
0.0,0.0,0.75,0.25
0.0,0.25,0.75,0.0
0.0,0.4,0.6,0.0
0.0,0.3333333333333333,0.6666666666666666,0.0
0.0,0.2857142857142857,0.5714285714285714,0.14285714285714285
0.14285714285714285,0.2857142857142857,0.42857142857142855,0.14285714285714285
0.125,0.25,0.5,0.125
0.25,0.25,0.375,0.125
0.14285714285714285,0.2857142857142857,0.2857142857142857,0.2857142857142857
0.125,0.25,0.375,0.25
0.25,0.25,0.25,0.25
0.25,0.25,0.25,0.25
0.3,0.3,0.2,0.2
0.3333333333333333,0.3333333333333333,0.1111111111111111,0.2222222222222222
0.4444444444444444,0.3333333333333333,0.1111111111111111,0.1111111111111111
0.5833333333333334,0.25,0.08333333333333333,0.08333333333333333
0.6470588235294118,0.17647058823529413,0.058823529411764705,0.11764705882352941
0.75,0.1,0.05,0.1
0.8,0.08,0.04,0.08
0.8717948717948718,0.05128205128205128,0.02564102564102564,0.05128205128205128
0.8596491228070176,0.03508771929824561,0.017543859649122806,0.08771929824561403
0.8961038961038961,0.012987012987012988,0.0,0.09090909090909091
0.9072164948453608,0.020618556701030927,0.0,0.07216494845360824
0.9242424242424242,0.015151515151515152,0.007575757575757576,0.05303030303030303
0.9142857142857143,0.011428571428571429,0.005714285714285714,0.06857142857142857
0.9276018099547512,0.00904977375565611,0.004524886877828055,0.058823529411764705
0.9328358208955224,0.007462686567164179,0.0037313432835820895,0.055970149253731345
0.9380804953560371,0.009287925696594427,0.006191950464396285,0.04643962848297214
0.9329758713136729,0.0160857908847185,0.010723860589812333,0.040214477211796246
0.9356321839080459,0.020689655172413793,0.011494252873563218,0.03218390804597701
0.9395711500974658,0.01949317738791423,0.015594541910331383,0.025341130604288498
0.9384615384615385,0.018803418803418803,0.011965811965811967,0.03076923076923077
0.9407407407407408,0.01925925925925926,0.013333333333333334,0.02666666666666667
0.9410994764397905,0.02225130890052356,0.010471204188481676,0.02617801047120419
0.9334889148191365,0.030338389731621937,0.011668611435239206,0.024504084014002333
0.9335410176531672,0.03426791277258567,0.01142263759086189,0.020768431983385256
0.9296577946768061,0.034220532319391636,0.010456273764258554,0.025665399239543727
0.9256698357821953,0.03543647363872083,0.010371650821089023,0.028522039757994815
0.9168627450980392,0.0407843137254902,0.010980392156862745,0.03137254901960784
0.9066570188133141,0.04341534008683068,0.016642547033285094,0.03328509406657019
0.9013513513513514,0.04594594594594595,0.01891891891891892,0.033783783783783786
0.9004438807863031,0.045656309448319596,0.020291693088142042,0.033608116677235254
0.8975903614457831,0.045180722891566265,0.02469879518072289,0.03253012048192771
0.8873159682899208,0.05096262740656852,0.02434881087202718,0.03737259343148358
0.8891292590589508,0.05083829096809086,0.025959978366684695,0.03407247160627366
0.8865062761506276,0.05230125523012552,0.028242677824267783,0.03294979079497908
0.8881511746680286,0.05209397344228805,0.030643513789581207,0.029111338100102146
0.8843469591226321,0.0518444666001994,0.03290129611166501,0.03090727816550349
0.8770290211510083,0.05459911460895229,0.037383177570093455,0.030988686669945892
0.8744030563514804,0.055873925501432664,0.03772683858643744,0.03199617956064948
0.8719626168224299,0.056074766355140186,0.037383177570093455,0.03457943925233645
0.8675252989880404,0.06117755289788408,0.038178472861085555,0.03311867525298988
0.8625,0.06296296296296296,0.0375,0.037037037037037035
0.8518181818181818,0.06909090909090909,0.04,0.03909090909090909
0.8413053196244971,0.07286544479213232,0.044702726866338846,0.04112650871703174
0.83215859030837,0.07400881057268723,0.048458149779735685,0.04537444933920705
0.8286590709903593,0.07537248028045573,0.04820333041191937,0.047765118317265556
0.8325971731448764,0.071113074204947,0.044169611307420496,0.052120141342756186
0.8309178743961353,0.07246376811594203,0.04567413263065437,0.050944224857268336
0.825054945054945,0.0734065934065934,0.046153846153846156,0.055384615384615386
0.820935412026726,0.07706013363028953,0.04498886414253898,0.057015590200445436
0.8181421718273005,0.07631923244657654,0.04753597906672481,0.05800261665939817
0.8124444444444444,0.07955555555555556,0.048,0.06
0.8140459363957597,0.07597173144876325,0.04814487632508834,0.061837455830388695
0.8148964301454386,0.07756721022476862,0.0493609519612164,0.05817540766857646
0.8049426301853486,0.0794351279788173,0.05383936451897617,0.0617828773168579
0.8014121800529568,0.07899382171226832,0.05913503971756399,0.06045895851721095
0.7977082415160864,0.07933010136624064,0.05773468488320846,0.06522697223446453
0.7951754385964912,0.08026315789473684,0.056578947368421055,0.06798245614035088
0.7905225863596103,0.07971656333038087,0.05491585473870682,0.07484499557130203
0.7922535211267606,0.07922535211267606,0.05413732394366197,0.0743838028169014
0.7871964679911699,0.08344370860927153,0.053863134657836646,0.07549668874172186
0.7852760736196319,0.0845749342681858,0.05346187554776512,0.07668711656441718
0.7835325365205843,0.08277999114652501,0.05312084993359894,0.08056662239929172
0.773444347063979,0.08545135845749342,0.05390008764241893,0.08720420683610867
0.7709790209790209,0.08479020979020979,0.05550699300699301,0.08872377622377622
0.7644464049404499,0.08998676665196295,0.05734450816056462,0.08822232024702249
0.76334208223972,0.08967629046369203,0.0594925634295713,0.08748906386701662
0.7592105263157894,0.09078947368421053,0.05921052631578947,0.09078947368421053
0.763716814159292,0.09292035398230089,0.05619469026548673,0.08716814159292036
0.7673505019642077,0.08773461370580532,0.058489742470536885,0.08642514185945002
0.7602468047598061,0.08594094314676069,0.06346408109299251,0.09034817100044072
0.7549494060712715,0.08798944126704795,0.0664320281566212,0.09062912450505939
0.7481416703104504,0.08788806296458242,0.07039790118058592,0.09357236554438128
0.7419638925583444,0.08894760017613386,0.07309555261999119,0.0959929546455306
0.7344782034346103,0.09291061206516953,0.07529722589167767,0.09731395860854249
0.7295850066934404,0.09460062472110665,0.07764390896921017,0.09817045961624275
0.7293133802816901,0.09154929577464789,0.07746478873239436,0.10167253521126761
0.7302631578947368,0.09166666666666666,0.07412280701754385,0.10394736842105264
0.7321899736147758,0.08795074758135445,0.07783641160949868,0.10202286719437115
0.7242888402625821,0.09321663019693655,0.0774617067833698,0.1050328227571116
0.7291574768416409,0.0886634318482576,0.07895897662108513,0.10322011468901632
0.7214854111405835,0.09416445623342175,0.07957559681697612,0.10477453580901856
0.725187472430525,0.09483899426554919,0.07543008381120424,0.10454344949272165
0.7234982332155477,0.09408127208480566,0.07597173144876325,0.10644876325088339
0.722148833113166,0.09070893879348305,0.07661822985468957,0.11052399823866138
0.7206728640991589,0.09207613988490483,0.0787959274015051,0.10845506861443116
0.7237885462555066,0.09383259911894273,0.07753303964757709,0.10484581497797357
0.7180052956751986,0.09223300970873786,0.08075904677846425,0.10900264783759929
0.7184892402283707,0.09310496267018006,0.0821256038647343,0.10628019323671498
0.7142857142857143,0.0950906678460858,0.08403361344537816,0.10659000442282177
0.7181978798586572,0.09496466431095406,0.07906360424028269,0.10777385159010601
0.7113946326440828,0.0963484381874175,0.07919049714034315,0.11306643202815662
0.7084805653710248,0.09717314487632508,0.07773851590106007,0.1166077738515901
0.7086648983200707,0.09549071618037135,0.07603890362511052,0.1198054818744474
0.7047576700755892,0.09648732770120054,0.08003557136505113,0.11871943085815918
0.6972878390201225,0.09930008748906387,0.0804899387576553,0.12292213473315836
0.6990248226950354,0.10283687943262411,0.07890070921985816,0.11923758865248227
0.6973799126637554,0.10611353711790393,0.08209606986899563,0.11441048034934498
0.6962864721485411,0.10433244916003537,0.08090185676392574,0.1184792219274978
0.6954425942156004,0.10648553900087643,0.08369851007887817,0.11437335670464505
0.6863616170590848,0.1061750333185251,0.08618391825855176,0.1212794313638383
0.6918656056587091,0.10300618921308577,0.08620689655172414,0.11892130857648099
0.6868642193719593,0.10084033613445378,0.08845643520566121,0.1238390092879257
0.6825679893000446,0.10164957646009808,0.09362460989745876,0.12215782434239858
0.6886120996441281,0.09786476868327403,0.0898576512455516,0.12366548042704627
0.6853239312472454,0.09739973556632878,0.09299250771264875,0.12428382547377699
0.6815343443354148,0.0936663693131133,0.09545049063336307,0.12934879571810884
0.6836508639787329,0.09614532565352238,0.0921577315019938,0.128046078865751
0.6763796909492273,0.09977924944812362,0.09448123620309051,0.1293598233995585
0.675639894086496,0.10105913503971757,0.09532215357458076,0.12797881729920565
0.6752848378615249,0.09903593339176162,0.09728308501314636,0.12839614373356706
0.6704795424549054,0.09766827980642323,0.09986801583809943,0.13198416190057194
0.6737120211360634,0.09819462791721709,0.09951563188022898,0.12857771906649054
0.6656387665198238,0.10176211453744494,0.1013215859030837,0.13127753303964756
0.6687116564417178,0.1021034180543383,0.10122699386503067,0.12795793163891322
0.6650420912715995,0.10323438192290652,0.10013291980505096,0.13159060700044306
0.6634275618374559,0.10291519434628975,0.10070671378091872,0.1329505300353357
0.6562637362637362,0.10593406593406593,0.10241758241758242,0.13538461538461538
0.6493449781659388,0.1091703056768559,0.10393013100436681,0.13755458515283842
0.6548089591567853,0.10979358805445762,0.09881422924901186,0.13658322353974528
0.652077807250221,0.10875331564986737,0.10300618921308577,0.1361626878868258
0.646147032772365,0.10983170947741364,0.10850310008857396,0.1355181576616475
0.6399113082039911,0.1139689578713969,0.1073170731707317,0.13880266075388026
0.6286601597160604,0.11668145519077196,0.11180124223602485,0.14285714285714285
0.6248888888888889,0.12177777777777778,0.10844444444444444,0.1448888888888889
0.6201413427561837,0.12058303886925795,0.11307420494699646,0.14620141342756185
0.6235657546337158,0.117828773168579,0.11253309796999117,0.14607237422771405
0.6203374777975134,0.11500888099467141,0.11589698046181172,0.14875666074600355
0.6177777777777778,0.11288888888888889,0.11777777777777777,0.15155555555555555
0.6148440931049627,0.11769872639437857,0.11857707509881422,0.14888010540184454
0.6188579017264276,0.11863656485170429,0.11376715360779106,0.14873837981407703
0.6146748681898067,0.11862917398945519,0.11335676625659051,0.15333919156414763
0.6139268400176289,0.11987659762009696,0.11502864698104892,0.1511679153812252
0.6035320088300221,0.12185430463576159,0.1152317880794702,0.15938189845474612
0.5992010652463382,0.12339103417665336,0.11318242343541944,0.164225477141589
0.5918277680140598,0.1265377855887522,0.11423550087873462,0.16739894551845344
0.5916114790286976,0.1315673289183223,0.10905077262693157,0.16777041942604856
0.5908691834942933,0.13652326602282705,0.1093064091308165,0.16330114135206322
0.5865896980461812,0.141651865008881,0.108348134991119,0.16341030195381884
0.5862676056338029,0.13996478873239437,0.11091549295774648,0.16285211267605634
0.5927384076990376,0.13692038495188102,0.1111111111111111,0.15923009623797024
0.5971065322227094,0.13590530469092504,0.11047786058746165,0.156510302498904
0.6034255599472991,0.1339481774264383,0.10540184453227931,0.1572244180939833
0.6018437225636524,0.13388937664618086,0.10623353819139596,0.15803336259877085
0.6005338078291815,0.1347864768683274,0.10498220640569395,0.15969750889679715
0.596816976127321,0.1348364279398762,0.11052166224580018,0.15782493368700265
0.5857205817540767,0.14059056853239313,0.11502864698104892,0.15866020273248127
0.5814977973568282,0.14669603524229075,0.11806167400881057,0.1537444933920705
0.5783879539415412,0.14570416297608504,0.11647475642161205,0.15943312666076173
0.5795504627589246,0.14147201410312912,0.11899515204936095,0.1599823710885853
0.5752095280105867,0.1415968239964711,0.11468901632112924,0.16850463167181298
0.5795053003533569,0.14001766784452296,0.11484098939929328,0.16563604240282687
0.5781112091791704,0.13945278022947927,0.1147396293027361,0.1676963812886143
0.568653421633554,0.13774834437086092,0.11920529801324503,0.17439293598233996
0.573058358929355,0.1338306274681878,0.12242211496270294,0.17068889863975428
0.5688277087033747,0.13587921847246892,0.12211367673179396,0.17317939609236235
0.5692307692307692,0.13230769230769232,0.1221978021978022,0.17626373626373626
0.5709903593339176,0.13453111305872043,0.12138475021910605,0.1730937773882559
0.5667838312829525,0.13576449912126537,0.12521968365553604,0.17223198594024605
0.5734450816056462,0.13233348037053375,0.12086457873842082,0.1733568592853992
0.5695480473892058,0.13865730583589295,0.12154453707766565,0.17025010969723564
0.5725593667546174,0.1358839050131926,0.12137203166226913,0.17018469656992086
0.5716174526223006,0.13089466725429705,0.12648743940061702,0.17100044072278536
0.5686188811188811,0.12893356643356643,0.13024475524475523,0.17220279720279721
0.564091308165057,0.12949956101843724,0.13081650570676032,0.17559262510974538
0.5620598591549296,0.1329225352112676,0.1289612676056338,0.176056338028169
0.5623342175066313,0.1286472148541114,0.12953138815207782,0.1794871794871795
0.5637554585152839,0.12532751091703057,0.13231441048034934,0.17860262008733624
0.5574279379157427,0.12549889135254988,0.13924611973392462,0.1778270509977827
0.5607517482517482,0.12456293706293706,0.1368006993006993,0.1778846153846154
0.5631324241091069,0.12142542894852618,0.13594368675758908,0.17949846018477783
0.5621693121693122,0.12169312169312169,0.13668430335097,0.17945326278659612
0.5607808340727596,0.12377994676131322,0.14152617568766637,0.17391304347826086
0.5627494456762749,0.12106430155210643,0.13880266075388026,0.17738359201773837
0.5658813263525305,0.12085514834205933,0.13612565445026178,0.17713787085514834
0.568,0.11822222222222223,0.13733333333333334,0.17644444444444443
0.5617391304347826,0.11608695652173913,0.14304347826086958,0.1791304347826087
0.5694138386954606,0.11899515204936095,0.1388276773909211,0.17276333186425738
0.5701058201058201,0.11816578483245149,0.1353615520282187,0.1763668430335097
0.5746466431095406,0.11439929328621908,0.13250883392226148,0.1784452296819788
0.5697879858657244,0.11749116607773852,0.127208480565371,0.1855123674911661
0.5620309050772627,0.11611479028697572,0.13068432671081678,0.1911699779249448
0.5566783831282952,0.12038664323374342,0.13224956063268892,0.19068541300527242
0.566696113074205,0.12279151943462897,0.127208480565371,0.18330388692579505
0.570353982300885,0.11991150442477876,0.12831858407079647,0.18141592920353983
0.5651982378854625,0.1198237885462555,0.1290748898678414,0.18590308370044054
0.5666520017597888,0.11790585129784426,0.12758468983721954,0.18785745710514737
0.5597539543057997,0.12170474516695957,0.1304920913884007,0.18804920913884007
0.5560439560439561,0.12043956043956044,0.13406593406593406,0.18945054945054945
0.556682840758712,0.11777679752977503,0.1349801499779444,0.1905602117335686
0.562390158172232,0.11643233743409491,0.13268892794376097,0.18848857644991213
0.5645446507515473,0.11229000884173299,0.134394341290893,0.1887709991158267
0.5565749235474006,0.11314984709480122,0.12975098296199214,0.20052424639580602
0.5537372843874392,0.11366651923927466,0.13224237063246352,0.20035382574082264
0.5522586359610274,0.11603188662533215,0.1337466784765279,0.1979627989371125
0.5572755417956656,0.11543564794338788,0.13135780628040689,0.1959310039805396
0.5623073535887274,0.11404667547335975,0.13210039630118892,0.19154557463672392
0.5603334795963142,0.11540149188240456,0.13119789381307592,0.19306713470820536
0.5600533807829181,0.11254448398576512,0.13434163701067617,0.19306049822064056
0.5577601410934744,0.11243386243386243,0.13668430335097,0.1931216931216931
0.5523560209424084,0.11605584642233857,0.13568935427574172,0.19589877835951133
0.5472112428634168,0.1181379007465964,0.13790074659639878,0.19675010979358806
0.5467310223782361,0.12417727073277754,0.1355857832382624,0.193505923650724
0.5492708793636766,0.12152010605391074,0.136986301369863,0.19222271321254972
0.5476610767872904,0.11562224183583407,0.13768755516328332,0.19902912621359223
0.543813298106561,0.11712901805372083,0.14046675473359754,0.19859092910612064
0.5465013286093888,0.12223206377325066,0.13728963684676704,0.19397697077059345
0.5478299379982285,0.12400354295837024,0.13463241806908768,0.19353410097431356
0.5465320456540825,0.12467076382791922,0.1369622475856014,0.19183494293239683
0.5388623534520192,0.12548849326964828,0.14068606165870604,0.19496309161962658
0.5332745702952842,0.124724548259145,0.14367562802996914,0.1983252534156016
0.5328271549799017,0.13041536400178652,0.1433675748101831,0.19338990620812863
0.5366388767003072,0.12724879333040806,0.14129003949100483,0.19482229047827995
0.5346272606969563,0.1274812527569475,0.13850904278782533,0.19938244375827086
0.5326370757180157,0.13011314186248912,0.14012184508268058,0.19712793733681463
0.5375824175824175,0.1279120879120879,0.13494505494505493,0.19956043956043956
0.5415750109986801,0.12626484821821382,0.1372635283765948,0.1948966124065112
0.5350877192982456,0.12719298245614036,0.1368421052631579,0.20087719298245615
0.5317740511915269,0.1323918799646955,0.13768755516328332,0.19814651368049427
0.5388371060807812,0.12827341322680869,0.13271193963604083,0.20017754105636928
0.5397452788757137,0.13526570048309178,0.13175230566534915,0.1932367149758454
0.5394736842105263,0.13333333333333333,0.12763157894736843,0.19956140350877194
0.5327184892402284,0.13219148001756698,0.13306982872200263,0.20202020202020202
0.5276916260522818,0.1338059370846256,0.13557820115197164,0.20292423571112095
0.5294635004397538,0.13412489006156553,0.14028144239226034,0.1961301671064204
0.5279366476022878,0.13198416190057194,0.13550373955125386,0.2045754509458865
0.5213333333333333,0.1351111111111111,0.13777777777777778,0.20577777777777778
0.520704845814978,0.13303964757709252,0.13303964757709252,0.213215859030837
0.5141218005295676,0.13680494263018536,0.13901147396293026,0.21006178287731686
0.5160017536168348,0.13722051731696625,0.13546690048224463,0.21131082858395442
0.5214535901926445,0.13222416812609458,0.1309106830122592,0.21541155866900175
0.5241899689303151,0.13448735019973368,0.12827341322680869,0.21304926764314247
0.5295162006213937,0.13226808699511763,0.12827341322680869,0.20994229915667997
0.5282186948853616,0.13139329805996472,0.12918871252204586,0.21119929453262787
0.5251222765673633,0.13205869275233437,0.1333926189417519,0.20942641173855048
0.5225382932166301,0.13260393873085338,0.13216630196936544,0.21269146608315098
0.5225066195939982,0.1297440423654016,0.1319505736981465,0.21579876434245365
0.5188804975566415,0.13460684140382054,0.12927587738782764,0.21723678365171034
0.5115569123419101,0.13563017880505887,0.1282163105102486,0.2245965983427824
0.5131926121372031,0.13280562884784522,0.12884784520668427,0.22515391380826738
0.5052631578947369,0.13421052631578947,0.12719298245614036,0.23333333333333334
0.5041758241758242,0.1345054945054945,0.1279120879120879,0.2334065934065934
0.509542831779849,0.13138038171327118,0.1287172658677319,0.2303595206391478
0.5046235138705416,0.13518273888154997,0.12725671510347863,0.23293703214442976
0.507672073651907,0.13502849627356422,0.12845243314335816,0.22884699693117053
0.5104212860310421,0.1286031042128603,0.13082039911308205,0.23015521064301553
0.5079016681299385,0.13301141352063214,0.1321334503950834,0.22695346795434593
0.5066137566137566,0.1300705467372134,0.13139329805996472,0.23192239858906524
0.5100788781770377,0.13058720420683612,0.13102541630148992,0.2283085013146363
0.5116997792494481,0.13112582781456952,0.12759381898454747,0.22958057395143489
0.5038133692238672,0.1426648721399731,0.12382234185733512,0.22969941677882458
0.5137411347517731,0.13652482269503546,0.12455673758865249,0.225177304964539
0.5117308543603364,0.13899955732625055,0.12262062859672422,0.2266489597166888
0.5103115401491882,0.13821851689337428,0.12242211496270294,0.22904782799473453
0.5055334218680833,0.13545816733067728,0.12527667109340415,0.2337317397078353
0.5046072838964458,0.13865730583589295,0.12373848179025888,0.23299692847740236
0.5,0.13861824623560673,0.12267493356953056,0.23870682019486272
0.5061892130857648,0.13395225464190982,0.123342175066313,0.23651635720601238
0.5070546737213404,0.1318342151675485,0.12566137566137567,0.23544973544973544
0.5046604527296937,0.13049267643142476,0.12827341322680869,0.2365734576120728
0.49511545293072823,0.12921847246891652,0.13099467140319715,0.24467140319715808
0.49756744803184433,0.1238390092879257,0.13356921716054843,0.24502432551968156
0.49272165857962064,0.12615791795324216,0.13850904278782533,0.24261138067931187
0.48928727590730214,0.11980760822037603,0.14516834280717097,0.24573677306515085
0.49604221635883905,0.113896218117854,0.14204045734388743,0.24802110817941952
0.4958094397882664,0.11380679311865902,0.141155712395236,0.24922805469783854
0.4928825622775801,0.11343416370106761,0.14056939501779359,0.2531138790035587
0.48546255506607927,0.11674008810572688,0.14096916299559473,0.25682819383259914
0.4849955869373345,0.12003530450132392,0.1434245366284201,0.25154457193292146
0.48647450110864743,0.12416851441241686,0.13924611973392462,0.2501108647450111
0.4829842931937173,0.12478184991273997,0.1431064572425829,0.24912739965095987
0.48315602836879434,0.12677304964539007,0.14095744680851063,0.24911347517730498
0.4738691260430391,0.12779973649538867,0.14448836187966624,0.25384277558190604
0.47454625940681716,0.12837538733953077,0.1438689685701638,0.25320938468348825
0.4723083739477182,0.12937527691626052,0.1484271156402304,0.24988923349579087
0.4726390114739629,0.12842012356575463,0.14872021182700795,0.2502206531332745
0.4740806380150642,0.12538768276473194,0.15152857775808595,0.24900310146211785
0.4675438596491228,0.12543859649122807,0.15570175438596492,0.2513157894736842
0.46164021164021163,0.12433862433862433,0.1574074074074074,0.2566137566137566
0.45627208480565373,0.13074204946996468,0.15856890459363956,0.254416961130742
0.4572441293752769,0.12538768276473194,0.1634913602126717,0.25387682764731945
0.4619445666520018,0.1293444786625605,0.15794104707435108,0.2507699076110867
0.47164835164835167,0.12395604395604395,0.15956043956043955,0.24483516483516485
0.4659040915090189,0.12890453145622524,0.161460624725033,0.24373075230972283
0.4679459223724379,0.12996075010902747,0.15961622328826863,0.24247710423026603
0.46573548668703624,0.12920122217372326,0.15888258402444347,0.24618070711479703
0.4638949671772429,0.12691466083150985,0.15842450765864333,0.25076586433260395
0.4613003095975232,0.12560813799203893,0.15789473684210525,0.25519681556833257
0.46239430351579885,0.12817089452603472,0.1570983533600356,0.2523364485981308
0.4572687224669604,0.1299559471365639,0.16079295154185022,0.25198237885462554
0.45478723404255317,0.1320921985815603,0.16090425531914893,0.2522163120567376
0.44986690328305234,0.13176574977817213,0.15661047027506655,0.26175687666370895
0.453781512605042,0.13047324192835028,0.15789473684210525,0.25785050862450243
0.4576719576719577,0.13227513227513227,0.15343915343915343,0.2566137566137566
0.4521815777875716,0.13353900396650506,0.15469369766416924,0.25958572058175405
0.4489706526500219,0.1357862461673237,0.15812527376259308,0.25711782742006134
0.4446404940449934,0.13674459638288486,0.1623290692545214,0.2562858403176004
0.4443954104148279,0.13150926743159752,0.1641659311562224,0.2599293909973522
0.4483683504693786,0.13053196244970944,0.1618238712561466,0.25927581582476533
0.4634146341463415,0.12416851441241686,0.1605321507760532,0.2518847006651885
0.4655248133509003,0.12340799297321037,0.16249451032059728,0.24857268335529206
0.46360829289810324,0.12218791354212616,0.1658579620644023,0.24834583149536832
0.4673102237823607,0.12461605967529618,0.1636682755594559,0.24440544098288722
0.4654032613486117,0.12384310268840899,0.1621859850154253,0.24856765094755398
0.4659893992932862,0.12676678445229683,0.15945229681978798,0.247791519434629
0.464943032427695,0.12532865907099036,0.16038562664329536,0.24934268185801928
0.4639858594785683,0.12859036676977464,0.16482545293857712,0.24259832081307997
0.46221057230231544,0.13149847094801223,0.16601135867190914,0.24027959807776322
0.4618421052631579,0.13026315789473683,0.16622807017543859,0.24166666666666667
0.4682156948706708,0.1297676457693994,0.16264796142042964,0.23936869793950022
0.4662549625055139,0.13145125716806352,0.16321129245699162,0.23908248786943095
0.4615724381625442,0.13692579505300354,0.16475265017667845,0.23674911660777384
0.4570552147239264,0.1371603856266433,0.16476774758983348,0.24101665205959685
0.45490716180371354,0.1361626878868258,0.16755083996463307,0.2413793103448276
0.46330680813439434,0.1330680813439434,0.16445623342175067,0.23916887709991158
0.46215139442231074,0.1394422310756972,0.16334661354581673,0.2350597609561753
0.45921052631578946,0.13859649122807016,0.16798245614035087,0.23421052631578948
0.45829675153643545,0.1395961369622476,0.1646180860403863,0.23748902546093065
0.45811287477954143,0.1402116402116402,0.1644620811287478,0.23721340388007053
0.4514991181657848,0.1419753086419753,0.16887125220458554,0.23765432098765432
0.45925597874224977,0.1408325952170062,0.16474756421612047,0.23516386182462357
0.46174142480211083,0.14511873350923482,0.15919085312225154,0.2339489885664028
0.4674688057040998,0.14304812834224598,0.15285204991087345,0.23663101604278075
0.4653024911032028,0.14813167259786478,0.15258007117437722,0.23398576512455516
0.46218487394957986,0.14860681114551083,0.1534719150818222,0.23573639982308714
0.46541155866900175,0.15061295971978983,0.14973730297723292,0.23423817863397547
0.4584415584415584,0.15454545454545454,0.14675324675324675,0.24025974025974026
0.4574844995571302,0.15323294951284322,0.15323294951284322,0.23604960141718334
0.4620811287477954,0.1437389770723104,0.15388007054673722,0.24029982363315697
0.4580588493631972,0.1427316644707949,0.16029863855950813,0.23891084760649978
0.4571554770318021,0.1439929328621908,0.1603356890459364,0.23851590106007067
0.4618774790656677,0.1388276773909211,0.15337152930806522,0.24592331423534597
0.4665492957746479,0.13600352112676056,0.15140845070422534,0.2460387323943662
0.4564551422319475,0.1448577680525164,0.1487964989059081,0.249890590809628
0.46255506607929514,0.14096916299559473,0.14889867841409693,0.2475770925110132
0.4673102237823607,0.1421676173760421,0.1421676173760421,0.24835454146555508
0.462882096069869,0.14104803493449783,0.14323144104803492,0.25283842794759825
0.4646153846153846,0.13362637362637364,0.14153846153846153,0.2602197802197802
0.4626334519572954,0.13211743772241993,0.14323843416370108,0.26201067615658363
0.4546259406817176,0.13457281983178399,0.14475431606905712,0.26604692341744135
0.455026455026455,0.13580246913580246,0.14594356261022928,0.26322751322751325
0.4531802120141343,0.13604240282685512,0.14620141342756185,0.26457597173144876
0.44939812750780206,0.13731609451627286,0.14890771288452964,0.26437806509139544
0.44077498899163364,0.14090708938793484,0.14795244385733158,0.27036547776309994
0.44380530973451326,0.1415929203539823,0.14292035398230088,0.27168141592920353
0.448471615720524,0.1423580786026201,0.14366812227074235,0.26550218340611353
0.4419114423498466,0.1464270056992547,0.1442349846558527,0.26742656729504605
0.44140969162995597,0.14933920704845816,0.14273127753303966,0.2665198237885463
0.44278825076720735,0.14861902674265673,0.13634370889960543,0.27224901359053044
0.4460590048436812,0.1453104359313078,0.14090708938793484,0.2677234698370762
0.44601769911504424,0.14646017699115044,0.14203539823008848,0.26548672566371684
0.44166666666666665,0.14912280701754385,0.13991228070175438,0.2692982456140351
0.4449823943661972,0.1483274647887324,0.1443661971830986,0.2623239436619718
0.4412024756852343,0.15030946065428824,0.14367816091954022,0.26480990274093724
0.43976970770593443,0.15101860053144375,0.14526129317980513,0.26395039858281666
0.43478260869565216,0.15019762845849802,0.14317083882301274,0.27184892402283706
0.4281949934123847,0.1541501976284585,0.14712340799297322,0.27053140096618356
0.43102688408990747,0.14764213309828117,0.1485235786690172,0.2728074041427942
0.4419938244375827,0.14380238200264667,0.14600794000882222,0.2681958535509484
0.4416961130742049,0.14531802120141343,0.14885159010600707,0.26413427561837455
0.44565217391304346,0.1443478260869565,0.14739130434782607,0.26260869565217393
0.4363557105492589,0.14036617262423715,0.15300784655623365,0.2702702702702703
0.43804920913884005,0.14235500878734622,0.1555360281195079,0.2640597539543058
0.43020695728753855,0.1444297666226332,0.15587846763540292,0.26948480845442535
0.43418727915194344,0.1431095406360424,0.15901060070671377,0.26369257950530034
0.4316674038036267,0.14727996461742593,0.15833701901813357,0.26271561256081377
0.4318281455501973,0.14730381411661553,0.15563349408154317,0.265234546251644
0.43325942350332597,0.14456762749445676,0.16008869179600888,0.2620842572062084
0.43814202769093347,0.14292094685127288,0.15855292541313087,0.2603841000446628
0.44015782551512495,0.1446733888645331,0.15344147303814118,0.2617273125822008
0.4366505918456817,0.1442349846558527,0.15738711091626478,0.2617273125822008
0.43886171631836374,0.13961760782570032,0.1596265006669631,0.2618941751889729
0.44493392070484583,0.1356828193832599,0.1511013215859031,0.2682819383259912
0.4407982261640798,0.13569844789356986,0.1547671840354767,0.2687361419068736
0.4325519681556833,0.1384343210968598,0.15391419725785052,0.2750995134896064
0.444493198771391,0.1303203159280386,0.15225976305397104,0.27292672224659936
0.43705985915492956,0.1368838028169014,0.15272887323943662,0.2733274647887324
0.4382960035133948,0.14361001317523056,0.14888010540184454,0.2692138779095301
0.44135802469135804,0.13932980599647266,0.15123456790123457,0.26807760141093473
0.4396818382677861,0.14007954043305346,0.14891736632788333,0.27132125497127707
0.43824701195219123,0.1416555998229305,0.14652501106684374,0.2735723771580345
0.44473455178416016,0.13533507397737163,0.1453437771975631,0.27458659704090516
0.43356953055801595,0.13817537643932684,0.1483613817537644,0.27989371124889284
0.4395796847635727,0.1330998248686515,0.14535901926444833,0.2819614711033275
0.44052863436123346,0.13348017621145375,0.14845814977973568,0.2775330396475771
0.44331715924128806,0.13321570357300397,0.14247904719894133,0.28098808998676666
0.4472049689440994,0.13176574977817213,0.1401952085181899,0.2808340727595386
0.44439481911567663,0.13398838767306834,0.13622152746761948,0.28539526574363555
0.4354982206405694,0.13745551601423486,0.1387900355871886,0.28825622775800713
0.42951541850220265,0.14405286343612334,0.13920704845814977,0.2872246696035242
0.431657848324515,0.1371252204585538,0.1384479717813051,0.2927689594356261
0.4234154929577465,0.14040492957746478,0.13952464788732394,0.2966549295774648
0.4268826619964974,0.13922942206654992,0.13704028021015763,0.2968476357267951
0.4295183384887318,0.13477684489615555,0.13610251878038002,0.29960229783473263
0.4231616028181418,0.13562307353588726,0.13606340819022458,0.3051519154557464
0.4223300970873786,0.13592233009708737,0.14210061782877317,0.2996469549867608
0.41898454746136865,0.13554083885209714,0.14083885209713023,0.304635761589404
0.40995998221431745,0.13961760782570032,0.14406402845709204,0.3063583815028902
0.4107376691401135,0.14011348756001746,0.14273243125272805,0.306416412047141
0.40858787073926517,0.14032757857459052,0.1438689685701638,0.30721558211598055
0.4125659050966608,0.13927943760984182,0.13884007029876977,0.3093145869947276
0.4102902374670185,0.13896218117854,0.14072119613016712,0.3100263852242744
0.4163014899211218,0.13540753724802804,0.1411042944785276,0.30718667835232255
0.41611624834874505,0.13694407749889917,0.14178775869660942,0.3051519154557464
0.41629955947136565,0.13480176211453745,0.14537444933920704,0.30352422907488985
0.4157054125998225,0.13309671694764863,0.145075421472937,0.30612244897959184
0.41567591369440776,0.13782474680757376,0.142668428005284,0.3038309114927345
0.4197860962566845,0.1354723707664884,0.1408199643493761,0.30392156862745096
0.4229406554472985,0.13241806908768822,0.1403897254207263,0.304251550044287
0.4192546583850932,0.13398402839396628,0.1401952085181899,0.30656610470275064
0.4148936170212766,0.1356382978723404,0.13918439716312056,0.3102836879432624
0.42263483642793986,0.13395225464190982,0.14058355437665782,0.30282935455349247
0.41878841088674273,0.13301141352063214,0.14135206321334504,0.30684811237928006
0.4242957746478873,0.1307218309859155,0.13424295774647887,0.3107394366197183
0.42490031014621177,0.12937527691626052,0.13026140894993354,0.31546300398759414
0.4280035335689046,0.13118374558303886,0.13206713780918727,0.30874558303886923
0.42641843971631205,0.13076241134751773,0.12943262411347517,0.313386524822695
0.4240422721268164,0.12901805372082784,0.13210039630118892,0.3148392778511669
0.41843971631205673,0.12854609929078015,0.13430851063829788,0.31870567375886527
0.4225849139832378,0.12659902955447727,0.1340979267754742,0.3167181296868108
0.4250331711632021,0.12605042016806722,0.1309155241043786,0.31800088456435205
0.4297082228116711,0.1286472148541114,0.1273209549071618,0.31432360742705573
0.4314159292035398,0.12654867256637167,0.13097345132743363,0.3110619469026549
0.4319186560565871,0.12643678160919541,0.13218390804597702,0.3094606542882405
0.4258521469676848,0.12439132359451084,0.1341301460823373,0.315626383355467
0.4278782531980591,0.12704014115571238,0.13586237318041464,0.30921923246581384
0.424922941435491,0.12813738441215325,0.142668428005284,0.3042712461470718
0.4192835028748341,0.12781954887218044,0.14418398938522778,0.3087129588677576
0.4215814766273482,0.12625600698995196,0.14460463084316294,0.3075578855395369
0.4176991150442478,0.12699115044247788,0.1491150442477876,0.30619469026548674
0.4148936170212766,0.12455673758865249,0.1449468085106383,0.31560283687943264
0.4285085789705235,0.12098548174219094,0.1438627364716234,0.3066432028156621
0.42498900131984163,0.12538495380554335,0.14650241970963485,0.3031236251649802
0.4322033898305085,0.12488849241748438,0.14049955396966993,0.3024085637823372
0.4355692850838482,0.1209179170344219,0.13945278022947927,0.30406001765225066
0.4440528634361233,0.12070484581497798,0.13744493392070484,0.29779735682819386
0.43882978723404253,0.1201241134751773,0.13430851063829788,0.3067375886524823
0.43170838823012736,0.12648221343873517,0.13614404918752745,0.30566534914361
0.4348981399468556,0.12931798051372898,0.13773250664304695,0.29805137289636846
0.4415127528583993,0.1284080914687775,0.13500439753737906,0.29507475813544415
0.4398430688753269,0.12859633827375763,0.13600697471665213,0.2955536181342633
0.4393139841688654,0.1248900615655233,0.13808267370272648,0.29771328056288476
0.42907801418439717,0.12145390070921985,0.13829787234042554,0.31117021276595747
0.4320388349514563,0.12444836716681378,0.13327449249779347,0.31023830538393643
0.4313465783664459,0.12582781456953643,0.12759381898454747,0.3152317880794702
0.41991150442477876,0.13053097345132744,0.13761061946902656,0.31194690265486724
0.4199382443758271,0.13233348037053375,0.13365681517423908,0.31407146007940007
0.42329670329670327,0.13186813186813187,0.1301098901098901,0.31472527472527473
0.42560706401766,0.12980132450331125,0.13068432671081678,0.31390728476821195
0.4233480176211454,0.12819383259911896,0.12863436123348018,0.3198237885462555
0.4295096322241681,0.12259194395796848,0.13134851138353765,0.31654991243432573
0.4323008849557522,0.12300884955752213,0.1331858407079646,0.31150442477876106
0.4288849868305531,0.12510974539069358,0.13432835820895522,0.31167690956979804
0.4249667994687915,0.1270473660911908,0.13368747233289066,0.314298362107127
0.4212161562361296,0.1287172658677319,0.1384820239680426,0.31158455392809586
0.42357111209570225,0.12715994683207799,0.13424900310146212,0.31501993797075767
0.4236172080772608,0.12949956101843724,0.1382791922739245,0.3086040386303775
0.4196506550218341,0.13056768558951964,0.13624454148471615,0.31353711790393013
0.41976388281591603,0.1294271972015741,0.1364232619151727,0.31438565806733715
0.4121475054229935,0.12928416485900218,0.13579175704989155,0.32277657266811277
0.4196506550218341,0.12663755458515283,0.13449781659388646,0.31921397379912664
0.4147627416520211,0.13181019332161686,0.13488576449912126,0.3185413005272408
0.4137777777777778,0.13244444444444445,0.13466666666666666,0.3191111111111111
0.4191696113074205,0.1338339222614841,0.13118374558303886,0.31581272084805656
0.42262165716790884,0.1297676457693994,0.1310828583954406,0.3165278386672512
0.41898454746136865,0.1280353200883002,0.1271523178807947,0.3258278145695364
0.4189307624890447,0.13234005258545137,0.12489044697633654,0.3238387379491674
0.42280701754385963,0.13114035087719297,0.12587719298245614,0.3201754385964912
0.4218680832226649,0.13103142983621072,0.12350597609561753,0.3235945108455069
0.4160777385159011,0.1329505300353357,0.12853356890459364,0.3224381625441696
0.4195710455764075,0.13404825737265416,0.1260053619302949,0.3203753351206434
0.4169611307420495,0.13118374558303886,0.13206713780918727,0.3197879858657244
0.4211224038886434,0.13212549712770658,0.12947414935925763,0.3172779496243924
0.42075055187637966,0.13245033112582782,0.12362030905077263,0.32317880794701986
0.4170324846356453,0.13388937664618086,0.1273046532045654,0.3217734855136084
0.41545253863134657,0.13730684326710818,0.1315673289183223,0.31567328918322296
0.41862527716186254,0.13126385809312638,0.13658536585365855,0.31352549889135256
0.41181657848324515,0.13227513227513227,0.1353615520282187,0.3205467372134039
0.41204925241864554,0.13016710642040458,0.13852242744063326,0.31926121372031663
0.4075055187637969,0.13200883002207506,0.1346578366445916,0.3258278145695364
0.4105960264900662,0.12538631346578366,0.1368653421633554,0.3271523178807947
0.4107773851590106,0.12853356890459364,0.1351590106007067,0.325530035335689
0.41415465268676277,0.12931411096548712,0.13018785495849716,0.32634338138925295
0.414494034467521,0.1316836058329651,0.12903225806451613,0.3247901016349978
0.4149029982363316,0.13227513227513227,0.12610229276895943,0.32671957671957674
0.4142037935597706,0.13145125716806352,0.12262902514336127,0.3317159241288046
0.414323374340949,0.1313708260105448,0.11862917398945519,0.335676625659051
0.4148278905560459,0.13150926743159752,0.11827007943512798,0.3353927625772286
0.4187170474516696,0.12434094903339192,0.11994727592267135,0.3369947275922671
0.41392904073587383,0.12571178274200615,0.12264564169951818,0.33771353482260186
0.4112231477422183,0.12757562472599737,0.12494519947391496,0.33625602805786936
0.41301460823373176,0.12837538733953077,0.1239486498450642,0.3346613545816733
0.4187170474516696,0.1234622144112478,0.12873462214411246,0.3290861159929701
0.41498685363716037,0.12445223488168274,0.12751971954425942,0.33304119193689746
0.4161103693813974,0.12327547841566533,0.12861593235425012,0.33199821984868716
0.39903635567236095,0.13009198423127463,0.1279018834866404,0.34296977660972405
0.3925637699956766,0.1288370082144401,0.12840466926070038,0.35019455252918286
0.3960088691796009,0.1303769401330377,0.1303769401330377,0.34323725055432375
0.4008810572687225,0.12819383259911896,0.12511013215859032,0.3458149779735683
0.39741302408563783,0.12890276538804638,0.12667261373773417,0.3470115967885816
0.39345711759504864,0.13395225464190982,0.12245800176834659,0.35013262599469497
0.40202553940995156,0.12857771906649054,0.12197269925143109,0.3474240422721268
0.3974583698510079,0.12839614373356706,0.11919368974583698,0.3549517966695881
0.39326334208223973,0.12860892388451445,0.1216097987751531,0.3565179352580927
0.39920948616600793,0.12779973649538867,0.11989459815546773,0.3530961791831357
0.4029916410030796,0.12582490101187857,0.12362516498020237,0.3475582930048394
0.40175824175824176,0.1221978021978022,0.12087912087912088,0.35516483516483516
