C,D,Oc,Od
0.0,0.0,1.0,0.0
0.0,0.3333333333333333,0.6666666666666666,0.0
0.3333333333333333,0.16666666666666666,0.5,0.0
0.4,0.2,0.3,0.1
0.2857142857142857,0.21428571428571427,0.42857142857142855,0.07142857142857142
0.21052631578947367,0.21052631578947367,0.42105263157894735,0.15789473684210525
0.23333333333333334,0.26666666666666666,0.36666666666666664,0.13333333333333333
0.22727272727272727,0.2727272727272727,0.38636363636363635,0.11363636363636363
0.26865671641791045,0.22388059701492538,0.3880597014925373,0.11940298507462686
0.27058823529411763,0.2235294117647059,0.35294117647058826,0.15294117647058825
0.2627118644067797,0.2033898305084746,0.3305084745762712,0.2033898305084746
0.2692307692307692,0.21153846153846154,0.33974358974358976,0.1794871794871795
0.2549019607843137,0.22549019607843138,0.35784313725490197,0.16176470588235295
0.2698412698412698,0.21825396825396826,0.3611111111111111,0.15079365079365079
0.2875,0.209375,0.35625,0.146875
0.286783042394015,0.2119700748129676,0.33915211970074816,0.16209476309226933
0.29313929313929316,0.2079002079002079,0.34303534303534305,0.15592515592515593
0.3009009009009009,0.21081081081081082,0.33153153153153153,0.15675675675675677
0.3092006033182504,0.20361990950226244,0.31975867269984914,0.167420814479638
0.29668874172185433,0.2,0.3271523178807947,0.176158940397351
0.3017543859649123,0.1976608187134503,0.3263157894736842,0.1742690058479532
0.2961847389558233,0.20281124497991967,0.33835341365461846,0.16265060240963855
0.29525483304042177,0.1968365553602812,0.34797891036906853,0.15992970123022848
0.2866293034427542,0.19295436349079265,0.3530824659727782,0.16733386709367493
0.2946298984034833,0.18795355587808418,0.3454281567489115,0.17198838896952104
0.29479377958079783,0.1839080459770115,0.34685598377281945,0.1744421906693712
0.2961135101789019,0.17520049352251696,0.3473164713140037,0.18136952498457742
0.3027574563871694,0.17445132245357345,0.35002813731007315,0.172763083849184
0.296,0.1712,0.3552,0.1776
0.3023373983739837,0.1676829268292683,0.3541666666666667,0.1758130081300813
0.30447330447330445,0.15295815295815296,0.36363636363636365,0.17893217893217894
0.29725897920604916,0.14933837429111532,0.3752362948960302,0.1781663516068053
0.2917046490428441,0.14813126709206928,0.3810391978122151,0.17912488605287147
0.28806767586821014,0.14692787177203917,0.38201246660730187,0.1829919857524488
0.28297682709447414,0.15508021390374332,0.3770053475935829,0.18493761140819964
0.2869796279893711,0.15101860053144375,0.3733392382639504,0.1886625332152347
0.28328240942819727,0.1545176778699258,0.3758184199039721,0.18638149279790484
0.2842058952925649,0.1548614166300044,0.3748350197976243,0.18609766827980642
0.27989371124889284,0.1563330380868025,0.37688219663418954,0.18689105403011513
0.2788844621513944,0.16113324479858343,0.37317397078353254,0.1868083222664896
0.2848297213622291,0.15833701901813357,0.3697478991596639,0.18708536045997345
0.28779197884530633,0.1617452622300573,0.3657999118554429,0.18466284706919348
0.2843224092116918,0.1616474756421612,0.36802480070859167,0.18600531443755536
0.2824833702882483,0.16496674057649668,0.3694013303769401,0.18314855875831484
0.281346920691183,0.16792202038103676,0.36109880372175457,0.1896322552060257
0.27472527472527475,0.16835164835164834,0.36615384615384616,0.19076923076923077
0.2781954887218045,0.1667403803626714,0.3657673595754091,0.189296771340115
0.27775320654577623,0.17072091994692615,0.3697478991596639,0.1817779743476338
0.27405764966740576,0.17073170731707318,0.3689578713968958,0.18625277161862527
0.275740167918692,0.17322138753866548,0.37074679628811313,0.1802916482545294
0.2715994683207798,0.17323881258307489,0.3673017279574657,0.18785999113867966
0.27353463587921845,0.17495559502664298,0.369449378330373,0.18206039076376554
0.27365163572060125,0.17727674624226347,0.36074270557029176,0.1883289124668435
0.2761946514686541,0.17843051293292417,0.3586146427005699,0.1867601928978518
0.27927529827662395,0.1780821917808219,0.3530711444984534,0.18957136544410075
0.27276726792784867,0.17641882974043116,0.35899692036955566,0.19181698196216454
0.27268722466960355,0.17797356828193833,0.3524229074889868,0.19691629955947137
0.2708793636765356,0.18073353954927088,0.3517454706142289,0.19664162615996464
0.27121609798775154,0.18328958880139984,0.3451443569553806,0.20034995625546806
0.27104451300132215,0.17761128250330543,0.35125605993829884,0.2000881445570736
0.2682268226822682,0.1782178217821782,0.35328532853285327,0.20027002700270027
0.2712316585148955,0.1760782570031125,0.3499333036905291,0.20275678079146287
0.27492314448836186,0.17786561264822134,0.3447518664909969,0.20245937637241984
0.26941641070645017,0.1790258885476086,0.3440105309346205,0.20754716981132076
0.2686300758589915,0.17983043284248104,0.3453815261044177,0.20615796519410978
0.26643140714600794,0.18614909572121746,0.3471548301720335,0.20026466696074108
0.2681318681318681,0.18813186813186814,0.3432967032967033,0.20043956043956043
0.26616805983282005,0.18521777386713595,0.3418389793224813,0.2067751869775627
0.2730905861456483,0.1847246891651865,0.33747779751332146,0.20470692717584368
0.275,0.18728070175438596,0.3355263157894737,0.20219298245614034
0.2730512249443207,0.18307349665924277,0.34164810690423164,0.2022271714922049
0.2665788317962231,0.1831357048748353,0.3438735177865613,0.20641194554238032
0.2671992898357745,0.18197958277851753,0.3444296493564137,0.20639147802929428
0.2675187307183781,0.18113706478624944,0.34464521815777877,0.20669898633759365
0.2657558395769061,0.18289995592772146,0.34552666372851476,0.20581754076685765
0.26434245366284204,0.18402471315092675,0.34201235657546336,0.20962047661076788
0.2610989010989011,0.18945054945054945,0.3410989010989011,0.20835164835164835
0.2592429577464789,0.1936619718309859,0.33758802816901406,0.20950704225352113
0.2631115028646981,0.19039224327897752,0.3358307624504187,0.21066549140590568
0.26451041205139564,0.19184758529020823,0.3371732388125831,0.20646876384581303
0.26693227091633465,0.18902169101372288,0.33731739707835323,0.2067286409915892
0.25540361711513015,0.19717688575209527,0.3356859285399206,0.211733568592854
0.26162018592297476,0.1983178397521027,0.3293492695883134,0.2107127047366091
0.2646017699115044,0.19778761061946903,0.3323008849557522,0.20530973451327433
0.26029798422436456,0.19938650306748465,0.33216476774758985,0.2081507449605609
0.2595352915387988,0.19903551074090312,0.32661113546690046,0.21481806225339764
0.25842198581560283,0.20301418439716312,0.32092198581560283,0.2176418439716312
0.25289403383793413,0.20792520035618878,0.3210151380231523,0.21816562778272486
0.2558862727676588,0.21012883163038648,0.31585961794757883,0.21812527765437584
0.256140350877193,0.21052631578947367,0.3144736842105263,0.218859649122807
0.25623087013554874,0.2125054656755575,0.31132487975513773,0.219938784433756
0.2570052539404553,0.21322241681260945,0.30998248686514884,0.21978984238178634
0.25951859956236323,0.21269146608315098,0.31028446389496717,0.2175054704595186
0.25728155339805825,0.21712268314210062,0.30803177405119153,0.2175639894086496
0.25518763796909494,0.21324503311258278,0.31346578366445915,0.21810154525386313
0.256092157731502,0.21976074435090828,0.30527248560035447,0.21887461231723526
0.254416961130742,0.2146643109540636,0.3127208480565371,0.21819787985865724
0.2570546737213404,0.21031746031746032,0.31040564373897706,0.2222222222222222
0.2558550596553248,0.20901458241272647,0.31992929739284137,0.21520106053910737
0.2575221238938053,0.21106194690265487,0.3146017699115044,0.2168141592920354
0.2618213660245184,0.2105954465849387,0.3169877408056042,0.2105954465849387
0.26357969723953695,0.20926090828138913,0.317453250222618,0.20970614425645592
0.2642825992150022,0.2132577409507196,0.31487134757959007,0.20758831225468818
0.2610639248994189,0.2132320071524363,0.310683951721055,0.21502011622708986
0.25402504472271914,0.21511627906976744,0.31082289803220037,0.22003577817531306
0.25925925925925924,0.21649029982363316,0.3073192239858907,0.21693121693121692
0.26258205689277897,0.21312910284463896,0.30065645514223194,0.2236323851203501
0.25510204081632654,0.21561668145519078,0.30922803904170365,0.22005323868677906
0.2553475935828877,0.20989304812834225,0.3106060606060606,0.22415329768270945
0.25573192239858905,0.20855379188712522,0.31040564373897706,0.22530864197530864
0.2545374059318282,0.21159805223550243,0.3063302346170872,0.22753430721558213
0.25554569653948533,0.20896184560780834,0.3132209405501331,0.2222715173025732
0.25143868968570166,0.20717131474103587,0.30721558211598055,0.234174413457282
0.2548245614035088,0.20789473684210527,0.30526315789473685,0.23201754385964912
0.25961538461538464,0.20367132867132867,0.298513986013986,0.2381993006993007
0.25951859956236323,0.2013129102844639,0.300218818380744,0.23894967177242887
0.25599651112080246,0.2006105538595726,0.3022241604884431,0.24116877453118185
0.2545454545454545,0.2031042128603104,0.29933481152993346,0.24301552106430155
0.2506573181419807,0.19982471516213848,0.30543382997370727,0.24408413672217352
0.25143868968570166,0.19566179725542276,0.3023461708720673,0.2505533421868083
0.24944714727996462,0.1977001326846528,0.29854046881910656,0.254312251216276
0.2419850680720246,0.20333772507685552,0.30039525691699603,0.25428194993412384
0.24351648351648353,0.20659340659340658,0.2958241758241758,0.2540659340659341
0.23767214571301643,0.20879609062638826,0.29720124389160374,0.25633051976899157
0.23851203501094093,0.20787746170678337,0.3015317286652079,0.25207877461706785
0.2326710816777042,0.2052980132450331,0.3072847682119205,0.25474613686534214
0.23349579087284006,0.21488701816570668,0.3021710234824989,0.24944616747895437
0.2310070671378092,0.21598939929328623,0.2968197879858657,0.25618374558303886
0.2327433628318584,0.215929203539823,0.2973451327433628,0.25398230088495577
0.24581497797356827,0.2171806167400881,0.29295154185022027,0.24405286343612334
0.24944616747895437,0.21754541426672575,0.2875498449268941,0.2454585733274258
0.2433392539964476,0.21758436944937834,0.28818827708703376,0.2508880994671403
0.24501550731058927,0.2206468763845813,0.2826761187416925,0.2516614975631369
0.2473404255319149,0.22163120567375885,0.2828014184397163,0.24822695035460993
0.2518847006651885,0.2212860310421286,0.28070953436807095,0.24611973392461198
0.254737769942706,0.22080211546936976,0.2728074041427942,0.25165271044513
0.250886524822695,0.225177304964539,0.2699468085106383,0.25398936170212766
0.25244444444444447,0.22266666666666668,0.2733333333333333,0.25155555555555553
0.24513274336283186,0.2234513274336283,0.2778761061946903,0.2535398230088496
0.24078187472234563,0.22123500666370502,0.28520657485561973,0.25277654375832964
0.24559082892416226,0.2239858906525573,0.2843915343915344,0.24603174603174602
0.24504186866460997,0.2243278977523138,0.2869105332745703,0.24371970030850595
0.2430890741553313,0.22553751645458534,0.28345765686704694,0.2479157525230364
0.24287593160894344,0.2253397632617273,0.28145550197281893,0.2503288031565103
0.24670184696569922,0.22295514511873352,0.2832014072119613,0.24714160070360597
0.24934268185801928,0.21866783523225242,0.28439964943032425,0.24758983347940403
0.24550635686102587,0.2235861464270057,0.28540113985094256,0.24550635686102587
0.24408413672217352,0.22567922874671342,0.28352322524101664,0.2467134092900964
0.24967148488830487,0.23127463863337713,0.2781427945685502,0.24091108190976784
0.24933920704845816,0.23259911894273128,0.27929515418502204,0.23876651982378855
0.24912280701754386,0.22807017543859648,0.2807017543859649,0.24210526315789474
0.2527667109340416,0.23019034971226207,0.2775564409030544,0.23948649845064188
0.25451343020695727,0.21840598855129897,0.2809335094671951,0.24614707177454867
0.2521083000443853,0.2201509098979139,0.2867288060363959,0.24101198402130491
0.24944812362030905,0.21898454746136867,0.282560706401766,0.24900662251655628
0.2503317116320212,0.2184873949579832,0.28084918177797435,0.2503317116320212
0.2512035010940919,0.2148796498905908,0.2805251641137856,0.25339168490153174
0.2495590828924162,0.20899470899470898,0.2826278659611993,0.2588183421516755
0.247791519434629,0.21024734982332155,0.28224381625441697,0.2597173144876325
0.24888691006233304,0.21415850400712377,0.27871772039180764,0.25823686553873554
0.25443262411347517,0.21320921985815602,0.2774822695035461,0.2548758865248227
0.25757575757575757,0.214349376114082,0.27406417112299464,0.2540106951871658
0.256,0.21333333333333335,0.2728888888888889,0.2577777777777778
0.25385632437197003,0.21683561040105773,0.2750110180696342,0.25429704715733803
0.2585975882090219,0.22108083966056274,0.26931665922286735,0.251004912907548
0.25604927408710954,0.21865376154861416,0.2710074791025077,0.2542894852617686
0.2515418502202643,0.2185022026431718,0.27268722466960355,0.25726872246696036
0.24567627494456762,0.21862527716186253,0.2749445676274945,0.2607538802660754
0.24035476718403548,0.22084257206208427,0.2798226164079823,0.258980044345898
0.24613345117101193,0.22359699513919576,0.27441449403446755,0.2558550596553248
0.24462011418533158,0.22441809398331136,0.27316644707949056,0.2577953447518665
0.2440318302387268,0.21839080459770116,0.28160919540229884,0.25596816976127323
0.241714538223597,0.21122403888643393,0.2832523199292974,0.26380910296067167
0.23767605633802816,0.2205105633802817,0.27816901408450706,0.2636443661971831
0.23763676148796498,0.21663019693654267,0.2849015317286652,0.2608315098468271
0.23498233215547704,0.21863957597173145,0.28180212014134276,0.26457597173144876
0.24007060900264784,0.21270962047661077,0.2793468667255075,0.2678729037952339
0.248894783377542,0.20557029177718833,0.27763041556145,0.26790450928381965
0.2544404973357016,0.20648312611012434,0.2775310834813499,0.26154529307282415
0.256092157731502,0.21001329198050508,0.2769162605228179,0.256978289765175
0.2536520584329349,0.21469676848162905,0.2779991146525011,0.2536520584329349
0.250989010989011,0.21802197802197804,0.27164835164835166,0.25934065934065936
0.2492225677476677,0.21856952465570859,0.2705464238116393,0.26166148378498444
0.25011027790030876,0.22011468901632114,0.26378473753859727,0.2659902955447728
0.2497801231310466,0.21943711521547934,0.2642919964819701,0.26649076517150394
0.25122059476253883,0.2237017310252996,0.2561029738126942,0.26897470039946736
0.2517605633802817,0.21963028169014084,0.25528169014084506,0.2733274647887324
0.25275694750771943,0.2258491398323776,0.25363917071018965,0.26775474194971327
0.25363917071018965,0.22452580502867225,0.24702249669166298,0.27481252756947505
0.2561511423550088,0.22539543057996486,0.24648506151142355,0.2719683655536028
0.2605042016806723,0.22335249889429457,0.2476780185758514,0.26846528084918175
0.2571554381329811,0.2307353588727433,0.24966974900924702,0.2624394539850286
0.2610619469026549,0.22566371681415928,0.2504424778761062,0.2628318584070796
0.2607361963190184,0.22655565293602103,0.24758983347940403,0.2651183172655565
0.2560386473429952,0.2222222222222222,0.25252525252525254,0.2692138779095301
0.2618629173989455,0.22451669595782073,0.24648506151142355,0.2671353251318102
0.26434245366284204,0.21800529567519858,0.2502206531332745,0.2674315975286849
0.26445916114790285,0.2185430463576159,0.24812362030905077,0.26887417218543047
0.2711267605633803,0.21346830985915494,0.25440140845070425,0.26100352112676056
0.2724856003544528,0.21355782011519717,0.2556490917146655,0.2583074878156845
0.27015057573073514,0.21612046058458814,0.2528786536758193,0.2608503100088574
0.2681191640729213,0.21654068474877725,0.24899955535793686,0.2663405958203646
0.26948480845442535,0.21840598855129897,0.24570673712021135,0.2664024658740643
0.2658450704225352,0.2108274647887324,0.2438380281690141,0.2794894366197183
0.26501766784452296,0.20892226148409895,0.247791519434629,0.2782685512367491
0.2660228270412643,0.21290605794556627,0.24582967515364354,0.2752414398595259
0.26587301587301587,0.21516754850088182,0.24162257495590828,0.27733686067019403
0.27016306743058616,0.21419127368884971,0.24063464081092992,0.2750110180696342
0.2720816688859299,0.21615623612960497,0.24145583666222814,0.27030625832223704
0.26546731022378234,0.21720052654673103,0.2479157525230364,0.26941641070645017
0.26758071649712517,0.21981424148606812,0.24458204334365324,0.2680229986731535
0.26758071649712517,0.22335249889429457,0.24369747899159663,0.26536930561698363
0.26587301587301587,0.222663139329806,0.2429453262786596,0.26851851851851855
0.2655417406749556,0.22646536412078153,0.238898756660746,0.2690941385435169
0.262854609929078,0.2327127659574468,0.23138297872340424,0.2730496453900709
0.26628771316134675,0.22999562745955401,0.22824661128115434,0.2754700480979449
0.26371681415929205,0.23495575221238937,0.22964601769911505,0.27168141592920353
0.2616534740545295,0.23175021987686895,0.22999120492524186,0.27660510114335973
0.26225919439579687,0.23073555166374782,0.2276707530647986,0.27933450087565675
0.2648482182138143,0.23273207215134184,0.2336119665640123,0.2688077430708315
0.2621272808188696,0.22874944370271474,0.2336448598130841,0.27547841566533154
0.2581075077743225,0.23011994669035984,0.23456241670368724,0.2772101288316304
0.2630638677981242,0.22912014292094685,0.23269316659222866,0.2751228226887003
0.2665788317962231,0.22529644268774704,0.23364075537988582,0.27448397013614406
0.26360392506690455,0.2297056199821588,0.2310437109723461,0.27564674397859057
0.2641093474426808,0.22971781305114639,0.23368606701940034,0.2724867724867725
0.26823940585408473,0.2214941022280472,0.23416339012669288,0.2761031017911752
0.26329906124273583,0.22351363433169424,0.23960661600357622,0.27358068842199373
0.26458973233874505,0.2250987275120667,0.23562966213251427,0.274681878016674
0.2675496688741722,0.23090507726269316,0.23399558498896247,0.2675496688741722
0.2703180212014134,0.2252650176678445,0.2310070671378092,0.27340989399293286
0.26991150442477874,0.22035398230088496,0.23141592920353982,0.27831858407079646
0.26648841354723707,0.21880570409982175,0.2357397504456328,0.2789661319073084
0.26179875333926983,0.22751558325912732,0.2350845948352627,0.27560106856634015
0.2649270234409553,0.23219814241486067,0.232640424590889,0.27023440955329503
0.2671654929577465,0.22095070422535212,0.24119718309859156,0.2706866197183099
0.2755417956656347,0.22556390977443608,0.22954444935869084,0.2693498452012384
0.2699602999558888,0.23158359064843406,0.23070136744596384,0.26775474194971327
0.2621657167908812,0.22709338009644892,0.2367382726874178,0.2740026304252521
0.2650709219858156,0.22916666666666666,0.23315602836879432,0.2726063829787234
0.2677861246133451,0.22889969067609367,0.2266902342023862,0.276623950508175
0.2688888888888889,0.23333333333333334,0.22666666666666666,0.27111111111111114
0.2664576802507837,0.23376623376623376,0.22346618898343037,0.27630989699955216
0.2688888888888889,0.2311111111111111,0.22533333333333333,0.27466666666666667
0.2771569065713009,0.23066607063030845,0.21546714349575324,0.27670987930263746
0.28324468085106386,0.22783687943262412,0.20877659574468085,0.2801418439716312
0.28483516483516486,0.2246153846153846,0.2079120879120879,0.2826373626373626
0.2831779849090102,0.22547714158899246,0.20683533067021748,0.28450954283177987
0.2826373626373626,0.22417582417582418,0.20923076923076922,0.28395604395604396
0.29393536963258077,0.22177954847277556,0.20849933598937584,0.27578574590526783
0.2833775419982317,0.21662245800176835,0.21927497789566755,0.2807250221043324
0.28949691085613416,0.21094439541041482,0.21270962047661077,0.2868490732568402
0.2857142857142857,0.2127566622979467,0.21756225425950196,0.2839667977282656
0.28370044052863436,0.2145374449339207,0.21541850220264316,0.28634361233480177
0.28684557853057635,0.21513418389793224,0.21249450065992082,0.2855257369115706
0.28647925033467203,0.21731369924141009,0.21329763498438198,0.2829094154395359
0.284,0.21733333333333332,0.212,0.2866666666666667
0.28067826863007583,0.2213297634984382,0.2101740294511379,0.2878179384203481
0.2747688243064729,0.22280933509467196,0.21136063408190225,0.2910612065169529
0.2660753880266075,0.22172949002217296,0.2133037694013304,0.29889135254988913
0.2673749446657813,0.22000885347498894,0.21248339973439576,0.300132802124834
0.2667257421355782,0.22419140451927339,0.2193176783340718,0.2897651750110766
0.270222999562746,0.22562308701355488,0.2129427197201574,0.29121119370354176
0.27425786442179884,0.2259636685866194,0.20691182986264953,0.2928666371289322
0.27430093209054596,0.22947181535730138,0.21216156236129605,0.28406569019085665
0.2734165923282783,0.22925958965209633,0.21409455842997324,0.2832292595896521
0.27132125497127707,0.22492266902342023,0.21652673442333187,0.28722934158197083
0.2751439964554719,0.2210899424014178,0.21710234824988922,0.28666371289322107
0.2718016821602479,0.22355024347056218,0.22177954847277556,0.28286852589641437
0.2724046140195209,0.22315882874889087,0.22315882874889087,0.28127772848269744
0.2713074520303436,0.22356091030789826,0.22936189201249443,0.2757697456492637
0.27578574590526783,0.22000885347498894,0.22797698096502877,0.27622841965471445
0.2823788546255507,0.22246696035242292,0.22951541850220264,0.26563876651982377
0.28213028169014087,0.2244718309859155,0.22579225352112675,0.2676056338028169
0.28213028169014087,0.2262323943661972,0.2249119718309859,0.26672535211267606
0.2860320284697509,0.22909252669039146,0.22686832740213522,0.2580071174377224
0.28334825425246196,0.23008057296329454,0.2278424350940018,0.25872873769024174
0.28255093002657217,0.23117803365810452,0.21966341895482727,0.26660761736049604
0.28431372549019607,0.22950089126559714,0.2232620320855615,0.2629233511586453
0.2828282828282828,0.23232323232323232,0.2222222222222222,0.26262626262626265
0.2796312554872695,0.24012291483757683,0.2177348551360843,0.26251097453906935
0.2752091589608102,0.24526640246587406,0.21532364597093792,0.26420079260237783
0.2738043001316367,0.250987275120667,0.21544537077665643,0.25976305397103994
0.2724867724867725,0.24867724867724866,0.21472663139329806,0.2641093474426808
0.28083989501312334,0.24759405074365703,0.21128608923884515,0.26027996500437445
0.27850877192982454,0.2482456140350877,0.2074561403508772,0.2657894736842105
0.2767543859649123,0.2469298245614035,0.21096491228070174,0.26535087719298245
0.28696796840719613,0.2479157525230364,0.20359806932865293,0.2615182097411145
0.29030837004405285,0.24933920704845816,0.2026431718061674,0.2577092511013216
0.2836218375499334,0.2472259209942299,0.20505992010652463,0.26409232134931204
0.2765017667844523,0.25309187279151946,0.20362190812720848,0.2667844522968198
0.2891352549889135,0.25099778270509976,0.2,0.2598669623059867
0.2905944986690328,0.2466725820763088,0.2036379769299024,0.259094942324756
0.29370321444297665,0.2509907529722589,0.19815059445178335,0.2571554381329811
0.29125780553077607,0.25156110615521854,0.19937555753791258,0.25780553077609275
0.2948207171314741,0.2527667109340416,0.1961044710048694,0.25630810092961487
0.29175848391361836,0.250771264874394,0.19876597620096959,0.25870427501101806
0.2895548699867783,0.255178492728074,0.2000881445570736,0.255178492728074
0.29814487632508835,0.24558303886925795,0.20053003533568906,0.25574204946996465
0.2999116607773852,0.25,0.1974381625441696,0.25265017667844525
0.30163644405130474,0.24812030075187969,0.20035382574082264,0.24988942945599293
0.29934354485776804,0.2437636761487965,0.2,0.25689277899343543
0.2910777385159011,0.24337455830388693,0.21068904593639576,0.25485865724381623
0.29591836734693877,0.24489795918367346,0.2067435669920142,0.2524401064773736
0.2957871396895787,0.2443458980044346,0.20443458980044346,0.25543237250554324
0.2931110136024572,0.24001755155770074,0.20359806932865293,0.26327336551118913
0.2946859903381642,0.24989020641194554,0.2002635046113307,0.2551602986385595
0.2970471573380344,0.24768620537681799,0.19524019391802555,0.2600264433671221
0.2985468956406869,0.24350506384852488,0.19594892118009688,0.2619991193306913
0.29554477282752534,0.250992501102779,0.1879135421261579,0.2655491839435377
0.2956252761820592,0.24480777728678746,0.1873619089703933,0.27220503756076003
0.29780701754385963,0.24166666666666667,0.18596491228070175,0.27456140350877195
0.29609929078014185,0.24468085106382978,0.18173758865248227,0.2774822695035461
0.30238726790450926,0.2471264367816092,0.1786030061892131,0.2718832891246684
0.30697879858657245,0.24469964664310953,0.17491166077738515,0.27340989399293286
0.3095659875996457,0.24844995571302037,0.17404782993799822,0.2679362267493357
0.3011941618752764,0.2556390977443609,0.17558602388323752,0.26758071649712517
0.3028824833702882,0.2545454545454545,0.17339246119733925,0.26917960088691795
0.29880478087649404,0.2536520584329349,0.17751217352810977,0.27003098716246127
0.3132209405501331,0.2515527950310559,0.17480035492457852,0.2604259094942325
0.31252747252747254,0.24835164835164836,0.1767032967032967,0.2624175824175824
0.29911894273127754,0.2533039647577093,0.17841409691629956,0.2691629955947137
0.30238726790450926,0.2546419098143236,0.17374005305039789,0.2692307692307692
0.3009320905459387,0.2600976475810031,0.17887261429205503,0.2600976475810031
0.3005729396209784,0.2622300572939621,0.1749669457910974,0.2622300572939621
0.30212014134275617,0.2619257950530035,0.17491166077738515,0.26104240282685515
0.30423280423280424,0.2623456790123457,0.17548500881834214,0.25793650793650796
0.3019867549668874,0.26490066225165565,0.17350993377483442,0.2596026490066225
0.3017279574656624,0.2627381479840496,0.17323881258307489,0.26229508196721313
0.30186170212765956,0.25930851063829785,0.18085106382978725,0.2579787234042553
0.29853398489560196,0.2683251888049756,0.1754775655264327,0.2576632607729898
0.2975352112676056,0.2662852112676056,0.17869718309859156,0.2574823943661972
0.2948717948717949,0.26436781609195403,0.17771883289124668,0.2630415561450044
0.29876434245366285,0.2621359223300971,0.17784642541924095,0.2612533097969991
0.29301911960871496,0.26900844819919967,0.17741218319253002,0.2605602489995554
0.293909973521624,0.26610767872903796,0.1787290379523389,0.2612533097969991
0.2898550724637681,0.26570048309178745,0.17962231005709267,0.2648221343873518
0.2883762200532387,0.2675244010647737,0.17701863354037267,0.2670807453416149
0.2890932982917214,0.26018396846254926,0.18046430135786246,0.27025843188786686
0.2886734244160423,0.2657558395769061,0.18201851035698546,0.2635522256500661
0.2892092616863259,0.2621231979030144,0.18698121450415028,0.2616863259065094
0.29532546963739625,0.2621231979030144,0.19003931847968544,0.2525120139799039
0.2985008818342152,0.25573192239858905,0.1935626102292769,0.25220458553791886
0.29007971656333037,0.25907883082373784,0.1970770593445527,0.2537643932683791
0.2850877192982456,0.256140350877193,0.19912280701754387,0.2596491228070175
0.2897651750110766,0.2521045635799734,0.19805050952591935,0.26007975188303056
0.28690319754708715,0.2614980289093298,0.19097678493210687,0.2606219886114761
0.28848698720776356,0.2655491839435377,0.1901191001323335,0.25584472871636527
0.28539526574363555,0.26619026351049574,0.19562304600267977,0.25279142474318894
0.2848297213622291,0.26758071649712517,0.19548872180451127,0.25210084033613445
0.28970331588132636,0.2587260034904014,0.1980802792321117,0.2534904013961606
0.290251433612704,0.25849139832377593,0.20379355977062197,0.2474636082928981
0.2851423487544484,0.2606761565836299,0.2050711743772242,0.2491103202846975
0.28565140845070425,0.25880281690140844,0.1993838028169014,0.25616197183098594
0.283647523016221,0.25208241999123193,0.20517316966242877,0.2590968873301184
0.2919227392449517,0.2510974539069359,0.20368744512730466,0.2532923617208077
0.286281429201588,0.24922805469783854,0.20820467578297308,0.2562858403176004
0.29035126722988,0.2463317029791018,0.2058692752334371,0.2574477545575811
0.2920704845814978,0.24625550660792953,0.2052863436123348,0.2563876651982379
0.2975133214920071,0.2455595026642984,0.2002664298401421,0.2566607460035524
0.29640980735551664,0.2447460595446585,0.2009632224168126,0.2578809106830123
0.2974043114826221,0.24197096348438188,0.19885613726352838,0.26176858776946765
0.29603831084022636,0.24466695690030474,0.20156726164562472,0.25772747061384416
0.294351279788173,0.24669020300088262,0.2003530450132392,0.2586054721977052
0.3006993006993007,0.23732517482517482,0.1993006993006993,0.26267482517482516
0.29649356413670663,0.24189968930315137,0.20284065690190856,0.25876608965823344
0.3019366197183099,0.23987676056338028,0.2051056338028169,0.25308098591549294
0.3003055434308162,0.23788738542121343,0.2007856831078132,0.2610213880401571
0.29783473265576665,0.2403888643393725,0.20194432169686258,0.25983208130799823
0.297153024911032,0.24466192170818504,0.20151245551601424,0.2566725978647687
0.30184534270650265,0.2438488576449912,0.20123022847100175,0.2530755711775044
0.2959680992467878,0.24368630926007975,0.20691182986264953,0.2534337616304829
0.29349269588313415,0.24878264718902168,0.20451527224435592,0.25320938468348825
0.30004418912947417,0.24259832081307997,0.20592134334953602,0.25143614670790987
0.30474934036939316,0.23658751099384345,0.20536499560246263,0.2532981530343008
0.3052120141342756,0.23542402826855124,0.20980565371024734,0.2495583038869258
0.31101321585903086,0.23392070484581498,0.2066079295154185,0.24845814977973568
0.31014621178555607,0.23172352680549402,0.20779796189632255,0.25033229951262737
0.3090507726269316,0.23532008830022075,0.2088300220750552,0.2467991169977925
0.3146853146853147,0.23339160839160839,0.20541958041958042,0.2465034965034965
0.31070956368444247,0.2353459673865139,0.20405464962538564,0.249889819303658
0.3095866314863676,0.2260334212840809,0.21152154793315744,0.25285839929639403
0.3069087688219663,0.2267493356953056,0.204162976085031,0.26217891939769705
0.3052351375332742,0.23558118899733807,0.2036379769299024,0.25554569653948533
0.30207872622733306,0.23617868199911543,0.20079610791685096,0.26094648385670055
0.2992021276595745,0.23847517730496454,0.20035460992907803,0.261968085106383
0.30352422907488985,0.2330396475770925,0.2052863436123348,0.2581497797356828
0.29977827050997785,0.23414634146341465,0.2048780487804878,0.2611973392461197
0.2985927880386983,0.2357080035180299,0.20580474934036938,0.2598944591029024
0.2968542312804608,0.23792645104120513,0.20203810367744793,0.2631812140008861
0.3020695728753853,0.22677234698370763,0.2051959489211801,0.265962131219727
0.30184534270650265,0.22759226713532513,0.19727592267135324,0.273286467486819
0.3012102196324518,0.2236665172568355,0.2008068130883012,0.27431645002241145
0.29767233661593556,0.22202327663384064,0.20635631154879142,0.2739480752014324
0.30128489144882586,0.22463447053610988,0.20381036774479397,0.2702702702702703
0.29455992923485186,0.22821760283060594,0.20079610791685096,0.2764263600176913
0.2921146953405018,0.23118279569892472,0.20430107526881722,0.2724014336917563
0.2924028268551237,0.22614840989399293,0.20318021201413428,0.2782685512367491
0.2925744775455758,0.22321031569586483,0.2058692752334371,0.27834593152512227
0.2835622507753655,0.22153300841825432,0.2095702259636686,0.28533451484271155
0.29210526315789476,0.21842105263157896,0.20877192982456141,0.2807017543859649
0.2885876694359423,0.2225623087013555,0.20594665500655882,0.2829033668561434
0.2886917960088692,0.22172949002217296,0.20532150776053215,0.2842572062084257
0.2907488986784141,0.22070484581497798,0.2052863436123348,0.28325991189427313
0.2844600526777875,0.218612818261633,0.21027216856892011,0.28665496049165934
0.28590192644483364,0.21409807355516638,0.20796847635726795,0.29203152364273205
0.2922134733158355,0.210411198600175,0.20384951881014873,0.29352580927384075
0.29170344218887906,0.21006178287731686,0.2087378640776699,0.28949691085613416
0.2941696113074205,0.2053886925795053,0.20848056537102475,0.2919611307420495
0.29458740017746227,0.20718722271517304,0.21251109139307897,0.2857142857142857
0.29523389232127095,0.21094439541041482,0.20432480141218004,0.28949691085613416
0.29432624113475175,0.2078900709219858,0.212322695035461,0.2854609929078014
0.2975501113585746,0.21024498886414253,0.20846325167037863,0.2837416481069042
0.29624724061810154,0.21015452538631346,0.21147902869757174,0.28211920529801326
0.29476462824461064,0.20633523977122745,0.21777386713594368,0.28112626484821823
0.2954341987466428,0.21307072515666964,0.211727842435094,0.27976723366159356
0.29267202859696156,0.209562109025916,0.21358355674709562,0.28418230563002683
0.29624724061810154,0.20485651214128037,0.21721854304635763,0.28167770419426047
0.29305002213368747,0.2067286409915892,0.21646746347941567,0.28375387339530767
0.2952755905511811,0.2069116360454943,0.2174103237095363,0.2804024496937883
0.29568251199302226,0.21064108155255123,0.21064108155255123,0.2830353249018753
0.30096660808435854,0.21221441124780316,0.2078207381370826,0.2789982425307557
0.29911894273127754,0.2145374449339207,0.20969162995594715,0.27665198237885463
0.3026025584472872,0.211733568592854,0.20952801058667844,0.27613586237318044
0.30482941958351795,0.20779796189632255,0.20779796189632255,0.27957465662383696
0.3023767605633803,0.2108274647887324,0.20818661971830985,0.27860915492957744
0.3011785246617198,0.21562636403317328,0.20646006110868617,0.27673505019642075
0.3032714412024757,0.21264367816091953,0.20601237842617154,0.2780725022104332
0.3045798132503335,0.21609604268563806,0.2072032014228546,0.27212094264117387
0.3085485307212823,0.21905609973285842,0.20792520035618878,0.26447016918967053
0.3051976899155931,0.22167925366503777,0.20613060861839183,0.26699244780097736
0.3002217294900222,0.2212860310421286,0.2075388026607539,0.2709534368070953
0.30246913580246915,0.22310405643738976,0.2072310405643739,0.2671957671957672
0.2958185053380783,0.22108540925266904,0.21619217081850534,0.2669039145907473
0.2971656333038087,0.22586359610274578,0.21257750221434898,0.26439326837909655
0.3003549245785271,0.2236024844720497,0.21073646850044367,0.2653061224489796
0.2975133214920071,0.22424511545293072,0.21092362344582594,0.2673179396092362
0.293909973521624,0.22771403353927624,0.21359223300970873,0.264783759929391
0.28703296703296705,0.2320879120879121,0.21142857142857144,0.26945054945054947
0.2864651773981603,0.231712658782304,0.21594393342093737,0.2658782303985983
0.28603006189213087,0.22988505747126436,0.21618037135278514,0.26790450928381965
0.2859042553191489,0.22650709219858156,0.21852836879432624,0.26906028368794327
0.2878855610192222,0.22843093428699152,0.2141260616897631,0.26955744300402323
0.2857775808595481,0.22906513070447496,0.21488701816570668,0.2702702702702703
0.27964601769911507,0.2327433628318584,0.21548672566371682,0.2721238938053097
0.27884187082405343,0.23385300668151449,0.21648106904231626,0.2708240534521158
0.27224435590969454,0.2288623284639221,0.21868083222664897,0.28021248339973437
0.2741792369121562,0.22582076308784382,0.22315882874889087,0.27684117125110913
0.27409372236958446,0.22855879752431477,0.22236958443854996,0.2749778956675508
0.27765437583296315,0.23145268769435806,0.22034651266103955,0.2705464238116393
0.28182616330114135,0.22870939420544337,0.2212467076382792,0.26821773485513606
0.2833186231244484,0.23080317740511916,0.21844660194174756,0.2674315975286849
0.278391515687141,0.23243482103402563,0.21652673442333187,0.27264692885550157
0.2778761061946903,0.23716814159292035,0.2150442477876106,0.26991150442477874
0.28127772848269744,0.23558118899733807,0.21251109139307897,0.2706299911268855
0.2768888888888889,0.23555555555555555,0.21777777777777776,0.2697777777777778
0.2820738137082601,0.22715289982425307,0.21353251318101935,0.2772407732864675
0.27794962439239945,0.22713212549712772,0.21122403888643393,0.2836942112240389
0.28539626001780943,0.22617987533392697,0.20436331255565449,0.2840605520926091
0.28539724811362627,0.22503328894806923,0.21171770972037285,0.27785175321793165
0.28864628820960697,0.2279475982532751,0.2052401746724891,0.2781659388646288
0.28995130588756085,0.23461708720672864,0.20407259849490925,0.27135900841080124
0.2881280569141841,0.23566029346376166,0.2009782125389062,0.27523343708314807
0.2771137671536078,0.23771580345285526,0.20628596724214254,0.2788844621513944
0.27042628774422733,0.2366785079928952,0.20781527531083482,0.28507992895204265
0.2646276595744681,0.23625886524822695,0.20966312056737588,0.2894503546099291
0.26953467954345917,0.23573309920983318,0.21949078138718173,0.2752414398595259
0.2622005323868678,0.23646850044365572,0.22315882874889087,0.27817213842058564
0.26413427561837455,0.23719081272084805,0.22217314487632508,0.2765017667844523
0.2597864768683274,0.2362099644128114,0.22597864768683273,0.2780249110320285
0.2641509433962264,0.23495058400718777,0.22686433063791556,0.27403414195867026
0.2592920353982301,0.23407079646017698,0.23628318584070795,0.270353982300885
0.26077298978231894,0.22878720568636163,0.23456241670368724,0.27587738782763216
0.25904677846425417,0.22859664607237423,0.23786407766990292,0.2744924977934687
0.25535714285714284,0.22678571428571428,0.24151785714285715,0.27633928571428573
0.25785050862450243,0.22998673153471916,0.2419283502874834,0.27023440955329503
0.2586054721977052,0.22418358340688438,0.24669020300088262,0.2705207413945278
0.25930792816469556,0.22426631625054752,0.2439772229522558,0.2724485326325011
0.2598669623059867,0.2203991130820399,0.24212860310421286,0.2776053215077605
0.2579646017699115,0.22035398230088496,0.24646017699115044,0.2752212389380531
0.25738210665491407,0.21992066989863376,0.24504186866460997,0.2776553547818422
0.25604927408710954,0.22305323361196655,0.24153101627804663,0.27936647602287723
0.26052631578947366,0.22236842105263158,0.2394736842105263,0.2776315789473684
0.26130873956960915,0.22661396574440051,0.23671497584541062,0.2753623188405797
0.2635522256500661,0.22741295724988983,0.2375495813133539,0.27148523578669015
0.2636001769128704,0.22644847412649272,0.24060150375939848,0.2693498452012384
0.27019867549668874,0.22737306843267108,0.23222958057395143,0.27019867549668874
0.2726870296591412,0.22753430721558213,0.2266489597166888,0.2731297034085879
0.2750439367311072,0.22319859402460457,0.23637961335676624,0.26537785588752194
0.2754569190600522,0.22149695387293297,0.23063533507397738,0.2724107919930374
0.27236315086782376,0.22474410324877614,0.23230974632843793,0.2705829995549622
0.27030625832223704,0.2228140257434532,0.2365734576120728,0.27030625832223704
0.2681095406360424,0.22835689045936397,0.23454063604240283,0.26899293286219084
0.26501766784452296,0.232773851590106,0.23233215547703182,0.2698763250883392
0.27859368046283933,0.22563417890520696,0.22963951935914553,0.2661326212728082
0.2756183745583039,0.23409893992932862,0.22879858657243815,0.26148409893992935
0.2695883134130146,0.23461708720672864,0.22620628596724215,0.2695883134130146
0.2690780767534186,0.23114247904719895,0.22496691662990737,0.27481252756947505
0.2614089499335401,0.2259636685866194,0.2352680549401861,0.2773593265396544
0.26201067615658363,0.22108540925266904,0.23887900355871886,0.2780249110320285
0.26610767872903796,0.2210944395410415,0.2383053839364519,0.2744924977934687
0.26970770593445526,0.21169176262178918,0.24402125775022143,0.2745792736935341
0.27163781624500666,0.21526853084775854,0.2365734576120728,0.27652019529516203
0.26900844819919967,0.21476211649622054,0.2383281458425967,0.2779012894619831
0.2644959857270294,0.22123104371097235,0.23327386262265834,0.28099910793933985
0.2653421633554084,0.21545253863134659,0.2379690949227373,0.28123620309050773
0.2713722051731697,0.2135028496273564,0.2341078474353354,0.2810170977641385
0.2710074791025077,0.2111746590409151,0.2331720193576771,0.2846458424989001
0.27152899824253074,0.2100175746924429,0.23681898066783832,0.28163444639718804
0.27018769096464423,0.2125709297250109,0.2413793103448276,0.27586206896551724
0.26434245366284204,0.21094439541041482,0.23962930273609886,0.2850838481906443
0.2634836427939876,0.22104332449160036,0.2396109637488948,0.27586206896551724
0.2646669607410675,0.21746801940891045,0.24261138067931187,0.27525363917071016
0.26926483613817537,0.21700620017714792,0.23560673162090345,0.27812223206377323
0.26262626262626265,0.21563460693895475,0.23715415019762845,0.2845849802371542
0.2606969563299515,0.22364358182620203,0.22981914424349362,0.2858403176003529
