C,D,Oc,Od
1.0,0.0,0.0,0.0
0.0,0.0,0.0,1.0
0.3333333333333333,0.0,0.0,0.6666666666666666
0.25,0.0,0.0,0.75
0.0,0.0,0.0,1.0
0.4,0.0,0.0,0.6
0.0,0.3333333333333333,0.0,0.6666666666666666
0.14285714285714285,0.2857142857142857,0.0,0.5714285714285714
0.25,0.25,0.0,0.5
0.375,0.0,0.0,0.625
0.1111111111111111,0.0,0.1111111111111111,0.7777777777777778
0.2,0.0,0.2,0.6
0.1,0.0,0.3,0.6
0.09090909090909091,0.09090909090909091,0.2727272727272727,0.5454545454545454
0.0,0.0,0.16666666666666666,0.8333333333333334
0.0,0.07692307692307693,0.15384615384615385,0.7692307692307693
0.0,0.0,0.0,1.0
0.07142857142857142,0.0,0.0,0.9285714285714286
0.07142857142857142,0.0,0.0,0.9285714285714286
0.15384615384615385,0.0,0.0,0.8461538461538461
0.0,0.0,0.0,1.0
0.0,0.06666666666666667,0.0,0.9333333333333333
0.0,0.13333333333333333,0.0,0.8666666666666667
0.06666666666666667,0.06666666666666667,0.13333333333333333,0.7333333333333333
0.0625,0.1875,0.0625,0.6875
0.0625,0.25,0.0625,0.625
0.0,0.25,0.125,0.625
0.0,0.1875,0.125,0.6875
0.0,0.23529411764705882,0.11764705882352941,0.6470588235294118
0.0,0.2222222222222222,0.05555555555555555,0.7222222222222222
0.0,0.21052631578947367,0.10526315789473684,0.6842105263157895
0.0,0.19047619047619047,0.09523809523809523,0.7142857142857143
0.047619047619047616,0.23809523809523808,0.09523809523809523,0.6190476190476191
0.047619047619047616,0.14285714285714285,0.14285714285714285,0.6666666666666666
0.09090909090909091,0.18181818181818182,0.0,0.7272727272727273
0.13043478260869565,0.17391304347826086,0.0,0.6956521739130435
0.13043478260869565,0.21739130434782608,0.0,0.6521739130434783
0.2,0.2,0.04,0.56
0.25,0.125,0.08333333333333333,0.5416666666666666
0.125,0.25,0.0,0.625
0.12,0.28,0.0,0.6
0.07692307692307693,0.3076923076923077,0.0,0.6153846153846154
0.07407407407407407,0.3333333333333333,0.0,0.5925925925925926
0.07407407407407407,0.3333333333333333,0.0,0.5925925925925926
0.16666666666666666,0.3333333333333333,0.03333333333333333,0.4666666666666667
0.13333333333333333,0.36666666666666664,0.0,0.5
0.125,0.28125,0.0,0.59375
0.1875,0.21875,0.0625,0.53125
0.21212121212121213,0.21212121212121213,0.06060606060606061,0.5151515151515151
0.17647058823529413,0.17647058823529413,0.058823529411764705,0.5882352941176471
0.17142857142857143,0.22857142857142856,0.02857142857142857,0.5714285714285714
0.17142857142857143,0.22857142857142856,0.08571428571428572,0.5142857142857142
0.16666666666666666,0.2222222222222222,0.16666666666666666,0.4444444444444444
0.25,0.3333333333333333,0.19444444444444445,0.2222222222222222
0.23684210526315788,0.39473684210526316,0.21052631578947367,0.15789473684210525
0.34210526315789475,0.34210526315789475,0.21052631578947367,0.10526315789473684
0.2894736842105263,0.3684210526315789,0.18421052631578946,0.15789473684210525
0.2894736842105263,0.4473684210526316,0.15789473684210525,0.10526315789473684
0.3076923076923077,0.358974358974359,0.23076923076923078,0.10256410256410256
0.3170731707317073,0.2926829268292683,0.2682926829268293,0.12195121951219512
0.325,0.325,0.3,0.05
0.35,0.2,0.325,0.125
0.3684210526315789,0.13157894736842105,0.3684210526315789,0.13157894736842105
0.3076923076923077,0.1794871794871795,0.41025641025641024,0.10256410256410256
0.38461538461538464,0.1794871794871795,0.3333333333333333,0.10256410256410256
0.375,0.2,0.325,0.1
0.425,0.2,0.225,0.15
0.5,0.175,0.2,0.125
0.625,0.125,0.175,0.075
0.6216216216216216,0.10810810810810811,0.13513513513513514,0.13513513513513514
0.717948717948718,0.07692307692307693,0.10256410256410256,0.10256410256410256
0.7,0.075,0.125,0.1
0.6585365853658537,0.07317073170731707,0.14634146341463414,0.12195121951219512
0.625,0.075,0.15,0.15
0.6097560975609756,0.024390243902439025,0.1951219512195122,0.17073170731707318
0.5853658536585366,0.024390243902439025,0.21951219512195122,0.17073170731707318
0.5454545454545454,0.022727272727272728,0.22727272727272727,0.20454545454545456
0.5681818181818182,0.022727272727272728,0.1590909090909091,0.25
0.5957446808510638,0.06382978723404255,0.14893617021276595,0.19148936170212766
0.5957446808510638,0.0851063829787234,0.10638297872340426,0.2127659574468085
0.7021276595744681,0.06382978723404255,0.06382978723404255,0.1702127659574468
0.6956521739130435,0.043478260869565216,0.08695652173913043,0.17391304347826086
0.6888888888888889,0.044444444444444446,0.06666666666666667,0.2
0.6666666666666666,0.08888888888888889,0.044444444444444446,0.2
0.723404255319149,0.10638297872340426,0.0,0.1702127659574468
0.6956521739130435,0.10869565217391304,0.021739130434782608,0.17391304347826086
0.7446808510638298,0.10638297872340426,0.0425531914893617,0.10638297872340426
0.9130434782608695,0.021739130434782608,0.0,0.06521739130434782
0.8260869565217391,0.043478260869565216,0.0,0.13043478260869565
0.8478260869565217,0.06521739130434782,0.0,0.08695652173913043
0.782608695652174,0.08695652173913043,0.0,0.13043478260869565
0.7608695652173914,0.08695652173913043,0.0,0.15217391304347827
0.7916666666666666,0.0625,0.020833333333333332,0.125
0.7959183673469388,0.061224489795918366,0.02040816326530612,0.12244897959183673
0.8,0.06,0.02,0.12
0.803921568627451,0.058823529411764705,0.0196078431372549,0.11764705882352941
0.75,0.07692307692307693,0.019230769230769232,0.15384615384615385
0.8269230769230769,0.057692307692307696,0.019230769230769232,0.09615384615384616
0.8148148148148148,0.05555555555555555,0.037037037037037035,0.09259259259259259
0.7307692307692307,0.057692307692307696,0.07692307692307693,0.1346153846153846
0.68,0.06,0.1,0.16
0.58,0.08,0.12,0.22
0.6122448979591837,0.02040816326530612,0.14285714285714285,0.22448979591836735
0.66,0.02,0.12,0.2
0.6666666666666666,0.0,0.13725490196078433,0.19607843137254902
0.64,0.0,0.16,0.2
0.5102040816326531,0.0,0.16326530612244897,0.32653061224489793
0.5102040816326531,0.0,0.16326530612244897,0.32653061224489793
0.54,0.0,0.14,0.32
0.48,0.0,0.2,0.32
0.41509433962264153,0.03773584905660377,0.20754716981132076,0.33962264150943394
0.33962264150943394,0.03773584905660377,0.20754716981132076,0.41509433962264153
0.3392857142857143,0.017857142857142856,0.19642857142857142,0.44642857142857145
0.32142857142857145,0.05357142857142857,0.25,0.375
0.2982456140350877,0.05263157894736842,0.24561403508771928,0.40350877192982454
0.3050847457627119,0.05084745762711865,0.288135593220339,0.3559322033898305
0.25862068965517243,0.05172413793103448,0.3620689655172414,0.3275862068965517
0.18333333333333332,0.016666666666666666,0.43333333333333335,0.36666666666666664
0.15873015873015872,0.015873015873015872,0.49206349206349204,0.3333333333333333
0.15625,0.015625,0.453125,0.375
0.16923076923076924,0.015384615384615385,0.35384615384615387,0.46153846153846156
0.2,0.015384615384615385,0.3076923076923077,0.47692307692307695
0.13636363636363635,0.045454545454545456,0.3484848484848485,0.4696969696969697
0.09090909090909091,0.06060606060606061,0.4393939393939394,0.4090909090909091
0.10606060606060606,0.045454545454545456,0.45454545454545453,0.3939393939393939
0.1791044776119403,0.04477611940298507,0.43283582089552236,0.34328358208955223
0.21212121212121213,0.045454545454545456,0.45454545454545453,0.2878787878787879
0.20588235294117646,0.08823529411764706,0.47058823529411764,0.23529411764705882
0.16176470588235295,0.058823529411764705,0.47058823529411764,0.3088235294117647
0.14285714285714285,0.08571428571428572,0.4857142857142857,0.2857142857142857
0.1,0.11428571428571428,0.44285714285714284,0.34285714285714286
0.11428571428571428,0.14285714285714285,0.42857142857142855,0.3142857142857143
0.1267605633802817,0.19718309859154928,0.3380281690140845,0.3380281690140845
0.1267605633802817,0.18309859154929578,0.30985915492957744,0.38028169014084506
0.15714285714285714,0.2,0.2,0.44285714285714284
0.14492753623188406,0.21739130434782608,0.15942028985507245,0.4782608695652174
0.17391304347826086,0.21739130434782608,0.2028985507246377,0.4057971014492754
0.19696969696969696,0.2727272727272727,0.12121212121212122,0.4090909090909091
0.16176470588235295,0.2647058823529412,0.17647058823529413,0.39705882352941174
0.30434782608695654,0.18840579710144928,0.18840579710144928,0.3188405797101449
0.2916666666666667,0.19444444444444445,0.16666666666666666,0.3472222222222222
0.25675675675675674,0.1891891891891892,0.14864864864864866,0.40540540540540543
0.2972972972972973,0.24324324324324326,0.10810810810810811,0.35135135135135137
0.36486486486486486,0.22972972972972974,0.12162162162162163,0.28378378378378377
0.32894736842105265,0.21052631578947367,0.11842105263157894,0.34210526315789475
0.3424657534246575,0.2328767123287671,0.1232876712328767,0.3013698630136986
0.28378378378378377,0.32432432432432434,0.08108108108108109,0.3108108108108108
0.3108108108108108,0.2972972972972973,0.08108108108108109,0.3108108108108108
0.3194444444444444,0.2638888888888889,0.06944444444444445,0.3472222222222222
0.3333333333333333,0.3194444444444444,0.06944444444444445,0.2777777777777778
0.323943661971831,0.23943661971830985,0.07042253521126761,0.36619718309859156
0.2777777777777778,0.25,0.06944444444444445,0.4027777777777778
0.25,0.19444444444444445,0.09722222222222222,0.4583333333333333
0.28378378378378377,0.17567567567567569,0.08108108108108109,0.4594594594594595
0.2702702702702703,0.14864864864864866,0.0945945945945946,0.4864864864864865
0.2702702702702703,0.13513513513513514,0.14864864864864866,0.44594594594594594
0.36,0.13333333333333333,0.13333333333333333,0.37333333333333335
0.3698630136986301,0.1232876712328767,0.1780821917808219,0.3287671232876712
0.32,0.14666666666666667,0.14666666666666667,0.38666666666666666
0.3108108108108108,0.1891891891891892,0.16216216216216217,0.33783783783783783
0.3108108108108108,0.20270270270270271,0.17567567567567569,0.3108108108108108
0.3333333333333333,0.18666666666666668,0.2,0.28
0.2972972972972973,0.1891891891891892,0.24324324324324326,0.2702702702702703
0.36363636363636365,0.18181818181818182,0.22077922077922077,0.23376623376623376
0.3466666666666667,0.2,0.21333333333333335,0.24
0.3026315789473684,0.2631578947368421,0.27631578947368424,0.15789473684210525
0.2857142857142857,0.22077922077922077,0.33766233766233766,0.15584415584415584
0.22666666666666666,0.17333333333333334,0.4266666666666667,0.17333333333333334
0.21333333333333335,0.21333333333333335,0.4,0.17333333333333334
0.19736842105263158,0.21052631578947367,0.4605263157894737,0.13157894736842105
0.18421052631578946,0.18421052631578946,0.5,0.13157894736842105
0.1891891891891892,0.2702702702702703,0.43243243243243246,0.10810810810810811
0.1917808219178082,0.2876712328767123,0.4657534246575342,0.0547945205479452
0.1917808219178082,0.3150684931506849,0.4383561643835616,0.0547945205479452
0.25,0.25,0.4861111111111111,0.013888888888888888
0.22535211267605634,0.2535211267605634,0.5070422535211268,0.014084507042253521
0.21428571428571427,0.2571428571428571,0.5,0.02857142857142857
0.23943661971830985,0.23943661971830985,0.4647887323943662,0.056338028169014086
0.22535211267605634,0.2112676056338028,0.4788732394366197,0.08450704225352113
0.2028985507246377,0.2318840579710145,0.5217391304347826,0.043478260869565216
0.2191780821917808,0.2054794520547945,0.547945205479452,0.0273972602739726
0.2054794520547945,0.1780821917808219,0.589041095890411,0.0273972602739726
0.22666666666666666,0.16,0.6,0.013333333333333334
0.2631578947368421,0.14473684210526316,0.5657894736842105,0.02631578947368421
0.2631578947368421,0.17105263157894737,0.5263157894736842,0.039473684210526314
0.2727272727272727,0.18181818181818182,0.4935064935064935,0.05194805194805195
0.26666666666666666,0.13333333333333333,0.5466666666666666,0.05333333333333334
0.18666666666666668,0.16,0.5733333333333334,0.08
0.16,0.16,0.5333333333333333,0.14666666666666667
0.21621621621621623,0.16216216216216217,0.527027027027027,0.0945945945945946
0.136986301369863,0.1917808219178082,0.5616438356164384,0.1095890410958904
0.13157894736842105,0.17105263157894737,0.5789473684210527,0.11842105263157894
0.12162162162162163,0.17567567567567569,0.5675675675675675,0.13513513513513514
0.09333333333333334,0.17333333333333334,0.6,0.13333333333333333
0.06666666666666667,0.17333333333333334,0.6,0.16
0.08974358974358974,0.20512820512820512,0.5512820512820513,0.15384615384615385
0.07792207792207792,0.24675324675324675,0.5324675324675324,0.14285714285714285
0.05063291139240506,0.31645569620253167,0.46835443037974683,0.16455696202531644
0.07407407407407407,0.345679012345679,0.4444444444444444,0.13580246913580246
0.0875,0.275,0.5,0.1375
0.08860759493670886,0.22784810126582278,0.5189873417721519,0.16455696202531644
0.07407407407407407,0.19753086419753085,0.5679012345679012,0.16049382716049382
0.08333333333333333,0.20238095238095238,0.5357142857142857,0.17857142857142858
0.0759493670886076,0.22784810126582278,0.4936708860759494,0.20253164556962025
0.05194805194805195,0.2857142857142857,0.4935064935064935,0.16883116883116883
0.012987012987012988,0.37662337662337664,0.37662337662337664,0.23376623376623376
0.0,0.40789473684210525,0.40789473684210525,0.18421052631578946
0.0,0.4,0.4,0.2
0.0,0.4,0.4533333333333333,0.14666666666666667
0.0,0.3918918918918919,0.4189189189189189,0.1891891891891892
0.013513513513513514,0.33783783783783783,0.47297297297297297,0.17567567567567569
0.0,0.273972602739726,0.5068493150684932,0.2191780821917808
0.0,0.2054794520547945,0.6027397260273972,0.1917808219178082
0.0,0.18666666666666668,0.6133333333333333,0.2
0.0,0.1388888888888889,0.6666666666666666,0.19444444444444445
0.0,0.14285714285714285,0.6714285714285714,0.18571428571428572
0.0,0.19696969696969696,0.5757575757575758,0.22727272727272727
0.0,0.16666666666666666,0.5909090909090909,0.24242424242424243
0.0,0.16923076923076924,0.6307692307692307,0.2
0.0,0.24193548387096775,0.5645161290322581,0.1935483870967742
0.01639344262295082,0.14754098360655737,0.5901639344262295,0.2459016393442623
0.0,0.16393442622950818,0.5409836065573771,0.29508196721311475
0.0,0.14516129032258066,0.5645161290322581,0.2903225806451613
0.03125,0.140625,0.609375,0.21875
0.03076923076923077,0.18461538461538463,0.5538461538461539,0.23076923076923078
0.046153846153846156,0.15384615384615385,0.5846153846153846,0.2153846153846154
0.0967741935483871,0.11290322580645161,0.5806451612903226,0.20967741935483872
0.11290322580645161,0.12903225806451613,0.5806451612903226,0.1774193548387097
0.11290322580645161,0.11290322580645161,0.5483870967741935,0.22580645161290322
0.1935483870967742,0.12903225806451613,0.5,0.1774193548387097
0.12307692307692308,0.15384615384615385,0.5692307692307692,0.15384615384615385
0.1791044776119403,0.1044776119402985,0.582089552238806,0.13432835820895522
0.16666666666666666,0.09090909090909091,0.6363636363636364,0.10606060606060606
0.16176470588235295,0.1323529411764706,0.6029411764705882,0.10294117647058823
0.203125,0.171875,0.53125,0.09375
0.1774193548387097,0.1774193548387097,0.5806451612903226,0.06451612903225806
0.14516129032258066,0.1935483870967742,0.5645161290322581,0.0967741935483871
0.22950819672131148,0.18032786885245902,0.5409836065573771,0.04918032786885246
0.2413793103448276,0.1896551724137931,0.5172413793103449,0.05172413793103448
0.2413793103448276,0.15517241379310345,0.5517241379310345,0.05172413793103448
0.17857142857142858,0.17857142857142858,0.5892857142857143,0.05357142857142857
0.19298245614035087,0.21052631578947367,0.5614035087719298,0.03508771929824561
0.21428571428571427,0.16071428571428573,0.5714285714285714,0.05357142857142857
0.22641509433962265,0.18867924528301888,0.5283018867924528,0.05660377358490566
0.2,0.18181818181818182,0.5454545454545454,0.07272727272727272
0.16071428571428573,0.17857142857142858,0.6071428571428571,0.05357142857142857
0.1509433962264151,0.1320754716981132,0.6226415094339622,0.09433962264150944
0.14814814814814814,0.18518518518518517,0.5740740740740741,0.09259259259259259
0.16981132075471697,0.20754716981132076,0.5660377358490566,0.05660377358490566
0.1,0.24,0.6,0.06
0.10204081632653061,0.22448979591836735,0.6326530612244898,0.04081632653061224
0.11764705882352941,0.21568627450980393,0.6274509803921569,0.0392156862745098
0.10204081632653061,0.22448979591836735,0.673469387755102,0.0
0.14893617021276595,0.2127659574468085,0.6382978723404256,0.0
0.19148936170212766,0.1702127659574468,0.5957446808510638,0.0425531914893617
0.1276595744680851,0.19148936170212766,0.6170212765957447,0.06382978723404255
0.10416666666666667,0.16666666666666666,0.6666666666666666,0.0625
0.125,0.16666666666666666,0.6041666666666666,0.10416666666666667
0.14,0.16,0.58,0.12
0.16666666666666666,0.125,0.625,0.08333333333333333
0.125,0.125,0.6666666666666666,0.08333333333333333
0.14893617021276595,0.1276595744680851,0.6808510638297872,0.0425531914893617
0.07142857142857142,0.11904761904761904,0.7857142857142857,0.023809523809523808
0.07317073170731707,0.14634146341463414,0.7073170731707317,0.07317073170731707
0.1,0.1,0.75,0.05
0.11904761904761904,0.09523809523809523,0.7380952380952381,0.047619047619047616
0.16279069767441862,0.09302325581395349,0.6744186046511628,0.06976744186046512
0.1590909090909091,0.06818181818181818,0.6818181818181818,0.09090909090909091
0.17391304347826086,0.08695652173913043,0.5869565217391305,0.15217391304347827
0.20454545454545456,0.045454545454545456,0.6136363636363636,0.13636363636363635
0.2727272727272727,0.045454545454545456,0.5454545454545454,0.13636363636363635
0.30434782608695654,0.06521739130434782,0.5,0.13043478260869565
0.32608695652173914,0.043478260869565216,0.5217391304347826,0.10869565217391304
0.3541666666666667,0.041666666666666664,0.5208333333333334,0.08333333333333333
0.3877551020408163,0.061224489795918366,0.42857142857142855,0.12244897959183673
0.4375,0.041666666666666664,0.3541666666666667,0.16666666666666666
0.42857142857142855,0.04081632653061224,0.3877551020408163,0.14285714285714285
0.4,0.02,0.38,0.2
0.4,0.02,0.38,0.2
0.40816326530612246,0.04081632653061224,0.40816326530612246,0.14285714285714285
0.3958333333333333,0.08333333333333333,0.3958333333333333,0.125
0.3695652173913043,0.06521739130434782,0.391304347826087,0.17391304347826086
0.3617021276595745,0.10638297872340426,0.3404255319148936,0.19148936170212766
0.3333333333333333,0.14583333333333334,0.3333333333333333,0.1875
0.32653061224489793,0.14285714285714285,0.32653061224489793,0.20408163265306123
0.34,0.16,0.3,0.2
0.3333333333333333,0.21568627450980393,0.2549019607843137,0.19607843137254902
0.3137254901960784,0.2549019607843137,0.23529411764705882,0.19607843137254902
0.35294117647058826,0.23529411764705882,0.21568627450980393,0.19607843137254902
0.3333333333333333,0.2549019607843137,0.27450980392156865,0.13725490196078433
0.3333333333333333,0.27450980392156865,0.2549019607843137,0.13725490196078433
0.4117647058823529,0.23529411764705882,0.21568627450980393,0.13725490196078433
0.3584905660377358,0.20754716981132076,0.2830188679245283,0.1509433962264151
0.35294117647058826,0.23529411764705882,0.21568627450980393,0.19607843137254902
0.38461538461538464,0.3076923076923077,0.1346153846153846,0.17307692307692307
0.33962264150943394,0.3584905660377358,0.1320754716981132,0.16981132075471697
0.2962962962962963,0.3148148148148148,0.14814814814814814,0.24074074074074073
0.3090909090909091,0.2545454545454545,0.16363636363636364,0.2727272727272727
0.34615384615384615,0.2692307692307692,0.19230769230769232,0.19230769230769232
0.3018867924528302,0.3018867924528302,0.22641509433962265,0.16981132075471697
0.2777777777777778,0.37037037037037035,0.2037037037037037,0.14814814814814814
0.32727272727272727,0.34545454545454546,0.18181818181818182,0.14545454545454545
0.32142857142857145,0.2857142857142857,0.23214285714285715,0.16071428571428573
0.2909090909090909,0.2727272727272727,0.2545454545454545,0.18181818181818182
0.3090909090909091,0.21818181818181817,0.32727272727272727,0.14545454545454545
0.3333333333333333,0.21052631578947367,0.3157894736842105,0.14035087719298245
0.34545454545454546,0.23636363636363636,0.23636363636363636,0.18181818181818182
0.30357142857142855,0.23214285714285715,0.26785714285714285,0.19642857142857142
0.288135593220339,0.2033898305084746,0.3220338983050847,0.1864406779661017
0.3103448275862069,0.15517241379310345,0.3620689655172414,0.1724137931034483
0.3050847457627119,0.2033898305084746,0.288135593220339,0.2033898305084746
0.3220338983050847,0.22033898305084745,0.2542372881355932,0.2033898305084746
0.3508771929824561,0.24561403508771928,0.24561403508771928,0.15789473684210525
0.27586206896551724,0.27586206896551724,0.25862068965517243,0.1896551724137931
0.25,0.26785714285714285,0.26785714285714285,0.21428571428571427
0.23214285714285715,0.30357142857142855,0.2857142857142857,0.17857142857142858
0.2857142857142857,0.21428571428571427,0.25,0.25
0.3157894736842105,0.21052631578947367,0.24561403508771928,0.22807017543859648
0.2711864406779661,0.1864406779661017,0.2711864406779661,0.2711864406779661
0.26229508196721313,0.18032786885245902,0.2459016393442623,0.3114754098360656
0.25806451612903225,0.20967741935483872,0.27419354838709675,0.25806451612903225
0.234375,0.171875,0.34375,0.25
0.23809523809523808,0.1746031746031746,0.30158730158730157,0.2857142857142857
0.2698412698412698,0.19047619047619047,0.2857142857142857,0.25396825396825395
0.234375,0.125,0.296875,0.34375
0.265625,0.09375,0.34375,0.296875
0.2698412698412698,0.09523809523809523,0.3492063492063492,0.2857142857142857
0.25806451612903225,0.0967741935483871,0.3870967741935484,0.25806451612903225
0.1935483870967742,0.11290322580645161,0.3709677419354839,0.3225806451612903
0.20967741935483872,0.14516129032258066,0.3548387096774194,0.2903225806451613
0.1935483870967742,0.14516129032258066,0.3870967741935484,0.27419354838709675
0.19047619047619047,0.12698412698412698,0.49206349206349204,0.19047619047619047
0.15384615384615385,0.13846153846153847,0.49230769230769234,0.2153846153846154
0.171875,0.109375,0.4375,0.28125
0.15873015873015872,0.1111111111111111,0.4603174603174603,0.2698412698412698
0.1746031746031746,0.07936507936507936,0.4444444444444444,0.30158730158730157
0.1,0.11666666666666667,0.38333333333333336,0.4
0.13333333333333333,0.1,0.3333333333333333,0.43333333333333335
0.14285714285714285,0.15873015873015872,0.31746031746031744,0.38095238095238093
0.12698412698412698,0.14285714285714285,0.30158730158730157,0.42857142857142855
0.14285714285714285,0.14285714285714285,0.2698412698412698,0.4444444444444444
0.14285714285714285,0.19047619047619047,0.25396825396825395,0.4126984126984127
0.140625,0.265625,0.21875,0.375
0.15625,0.265625,0.234375,0.34375
0.16666666666666666,0.2727272727272727,0.21212121212121213,0.3484848484848485
0.1791044776119403,0.2835820895522388,0.19402985074626866,0.34328358208955223
0.13432835820895522,0.2537313432835821,0.3283582089552239,0.2835820895522388
0.1076923076923077,0.16923076923076924,0.36923076923076925,0.35384615384615387
0.09523809523809523,0.19047619047619047,0.3492063492063492,0.36507936507936506
0.1111111111111111,0.1111111111111111,0.36507936507936506,0.4126984126984127
0.09523809523809523,0.14285714285714285,0.4126984126984127,0.3492063492063492
0.07692307692307693,0.16923076923076924,0.4,0.35384615384615387
0.09375,0.171875,0.375,0.359375
0.15873015873015872,0.1746031746031746,0.2857142857142857,0.38095238095238093
0.11290322580645161,0.1935483870967742,0.27419354838709675,0.41935483870967744
0.14754098360655737,0.22950819672131148,0.2459016393442623,0.3770491803278688
0.15254237288135594,0.22033898305084745,0.22033898305084745,0.4067796610169492
0.16393442622950818,0.19672131147540983,0.2786885245901639,0.36065573770491804
0.11290322580645161,0.1774193548387097,0.3225806451612903,0.3870967741935484
0.0625,0.296875,0.3125,0.328125
0.07936507936507936,0.2222222222222222,0.31746031746031744,0.38095238095238093
0.1111111111111111,0.19047619047619047,0.30158730158730157,0.3968253968253968
0.09523809523809523,0.1746031746031746,0.36507936507936506,0.36507936507936506
0.09230769230769231,0.15384615384615385,0.4153846153846154,0.3384615384615385
0.11940298507462686,0.1044776119402985,0.43283582089552236,0.34328358208955223
0.12857142857142856,0.15714285714285714,0.44285714285714284,0.2714285714285714
0.10144927536231885,0.18840579710144928,0.42028985507246375,0.2898550724637681
0.1323529411764706,0.1323529411764706,0.39705882352941174,0.3382352941176471
0.18461538461538463,0.13846153846153847,0.36923076923076925,0.3076923076923077
0.15151515151515152,0.15151515151515152,0.3787878787878788,0.3181818181818182
0.203125,0.109375,0.34375,0.34375
0.203125,0.078125,0.328125,0.390625
0.2,0.06153846153846154,0.3230769230769231,0.4153846153846154
0.203125,0.03125,0.359375,0.40625
0.203125,0.046875,0.328125,0.421875
0.203125,0.03125,0.25,0.515625
0.24193548387096775,0.03225806451612903,0.2903225806451613,0.43548387096774194
0.18032786885245902,0.03278688524590164,0.2786885245901639,0.5081967213114754
0.21666666666666667,0.016666666666666666,0.23333333333333334,0.5333333333333333
0.16393442622950818,0.01639344262295082,0.29508196721311475,0.5245901639344263
0.14285714285714285,0.0,0.31746031746031744,0.5396825396825397
0.1746031746031746,0.015873015873015872,0.31746031746031744,0.49206349206349204
0.1774193548387097,0.04838709677419355,0.27419354838709675,0.5
0.14285714285714285,0.09523809523809523,0.2857142857142857,0.47619047619047616
0.12698412698412698,0.09523809523809523,0.2857142857142857,0.49206349206349204
0.09375,0.09375,0.296875,0.515625
0.14516129032258066,0.0967741935483871,0.2903225806451613,0.46774193548387094
0.1,0.1,0.3333333333333333,0.4666666666666667
0.13333333333333333,0.08333333333333333,0.38333333333333336,0.4
0.12698412698412698,0.12698412698412698,0.3492063492063492,0.3968253968253968
0.19672131147540983,0.13114754098360656,0.2459016393442623,0.4262295081967213
0.22033898305084745,0.06779661016949153,0.3559322033898305,0.3559322033898305
0.21666666666666667,0.03333333333333333,0.3333333333333333,0.4166666666666667
0.16393442622950818,0.04918032786885246,0.32786885245901637,0.45901639344262296
0.1935483870967742,0.03225806451612903,0.3709677419354839,0.4032258064516129
0.21875,0.03125,0.390625,0.359375
0.234375,0.03125,0.3125,0.421875
0.25396825396825395,0.031746031746031744,0.30158730158730157,0.4126984126984127
0.203125,0.046875,0.25,0.5
0.22727272727272727,0.09090909090909091,0.24242424242424243,0.4393939393939394
0.27692307692307694,0.06153846153846154,0.26153846153846155,0.4
0.28125,0.078125,0.25,0.390625
0.296875,0.078125,0.203125,0.421875
0.34375,0.078125,0.234375,0.34375
0.296875,0.0625,0.203125,0.4375
0.375,0.078125,0.21875,0.328125
0.359375,0.0625,0.21875,0.359375
0.2923076923076923,0.09230769230769231,0.23076923076923078,0.38461538461538464
0.25757575757575757,0.12121212121212122,0.22727272727272727,0.3939393939393939
0.2028985507246377,0.14492753623188406,0.2608695652173913,0.391304347826087
0.2,0.2,0.24285714285714285,0.35714285714285715
0.19117647058823528,0.22058823529411764,0.22058823529411764,0.36764705882352944
0.2571428571428571,0.2571428571428571,0.17142857142857143,0.3142857142857143
0.2318840579710145,0.2463768115942029,0.2028985507246377,0.3188405797101449
0.27941176470588236,0.23529411764705882,0.22058823529411764,0.2647058823529412
0.25,0.21875,0.234375,0.296875
0.2698412698412698,0.1746031746031746,0.30158730158730157,0.25396825396825395
0.234375,0.15625,0.296875,0.3125
0.25806451612903225,0.14516129032258066,0.3387096774193548,0.25806451612903225
0.26229508196721313,0.18032786885245902,0.32786885245901637,0.22950819672131148
0.2222222222222222,0.2222222222222222,0.3333333333333333,0.2222222222222222
0.19047619047619047,0.2222222222222222,0.3492063492063492,0.23809523809523808
0.18333333333333332,0.21666666666666667,0.43333333333333335,0.16666666666666666
0.14516129032258066,0.27419354838709675,0.43548387096774194,0.14516129032258066
0.14754098360655737,0.3442622950819672,0.36065573770491804,0.14754098360655737
0.14516129032258066,0.3870967741935484,0.3225806451612903,0.14516129032258066
0.13114754098360656,0.3442622950819672,0.3770491803278688,0.14754098360655737
0.16129032258064516,0.3387096774193548,0.3387096774193548,0.16129032258064516
0.1746031746031746,0.4126984126984127,0.2222222222222222,0.19047619047619047
0.1935483870967742,0.3870967741935484,0.1935483870967742,0.22580645161290322
0.171875,0.3125,0.21875,0.296875
0.1875,0.3125,0.28125,0.21875
0.25806451612903225,0.3387096774193548,0.22580645161290322,0.1774193548387097
0.23333333333333334,0.35,0.21666666666666667,0.2
0.22580645161290322,0.3548387096774194,0.27419354838709675,0.14516129032258066
0.25806451612903225,0.3548387096774194,0.1935483870967742,0.1935483870967742
0.28125,0.328125,0.25,0.140625
0.296875,0.359375,0.1875,0.15625
0.23880597014925373,0.4925373134328358,0.13432835820895522,0.13432835820895522
0.25757575757575757,0.5303030303030303,0.07575757575757576,0.13636363636363635
0.23076923076923078,0.6,0.07692307692307693,0.09230769230769231
0.2,0.6461538461538462,0.06153846153846154,0.09230769230769231
0.19047619047619047,0.6190476190476191,0.07936507936507936,0.1111111111111111
0.16417910447761194,0.6567164179104478,0.04477611940298507,0.13432835820895522
0.13636363636363635,0.6060606060606061,0.06060606060606061,0.19696969696969696
0.13636363636363635,0.6212121212121212,0.06060606060606061,0.18181818181818182
0.16417910447761194,0.5970149253731343,0.07462686567164178,0.16417910447761194
0.13636363636363635,0.6363636363636364,0.09090909090909091,0.13636363636363635
0.12121212121212122,0.6363636363636364,0.09090909090909091,0.15151515151515152
0.14285714285714285,0.6190476190476191,0.12698412698412698,0.1111111111111111
0.14285714285714285,0.6190476190476191,0.12698412698412698,0.1111111111111111
0.15625,0.578125,0.109375,0.15625
0.12903225806451613,0.532258064516129,0.14516129032258066,0.1935483870967742
0.08620689655172414,0.603448275862069,0.10344827586206896,0.20689655172413793
0.1206896551724138,0.603448275862069,0.1206896551724138,0.15517241379310345
0.11864406779661017,0.6271186440677966,0.15254237288135594,0.1016949152542373
0.10344827586206896,0.6896551724137931,0.1206896551724138,0.08620689655172414
0.1724137931034483,0.5172413793103449,0.20689655172413793,0.10344827586206896
0.22413793103448276,0.46551724137931033,0.20689655172413793,0.10344827586206896
0.1724137931034483,0.5,0.2413793103448276,0.08620689655172414
0.14285714285714285,0.5178571428571429,0.25,0.08928571428571429
0.19298245614035087,0.49122807017543857,0.24561403508771928,0.07017543859649122
0.17543859649122806,0.47368421052631576,0.2631578947368421,0.08771929824561403
0.125,0.44642857142857145,0.26785714285714285,0.16071428571428573
0.16363636363636364,0.43636363636363634,0.21818181818181817,0.18181818181818182
0.1111111111111111,0.42592592592592593,0.2962962962962963,0.16666666666666666
0.12727272727272726,0.41818181818181815,0.23636363636363636,0.21818181818181817
0.1111111111111111,0.4444444444444444,0.2777777777777778,0.16666666666666666
0.09259259259259259,0.46296296296296297,0.2962962962962963,0.14814814814814814
0.10714285714285714,0.4642857142857143,0.32142857142857145,0.10714285714285714
0.07272727272727272,0.4727272727272727,0.3090909090909091,0.14545454545454545
0.1111111111111111,0.5,0.3148148148148148,0.07407407407407407
0.11320754716981132,0.5283018867924528,0.2830188679245283,0.07547169811320754
0.11320754716981132,0.6037735849056604,0.22641509433962265,0.05660377358490566
0.07407407407407407,0.5370370370370371,0.3148148148148148,0.07407407407407407
0.0,0.5636363636363636,0.36363636363636365,0.07272727272727272
0.0,0.4909090909090909,0.4,0.10909090909090909
0.0,0.5454545454545454,0.4,0.05454545454545454
0.0,0.5714285714285714,0.4107142857142857,0.017857142857142856
0.0,0.5094339622641509,0.4716981132075472,0.018867924528301886
0.01818181818181818,0.509090909090909,0.41818181818181815,0.05454545454545454
0.038461538461538464,0.5384615384615384,0.4230769230769231,0.0
0.04,0.58,0.38,0.0
0.061224489795918366,0.5510204081632653,0.3877551020408163,0.0
0.04,0.6,0.36,0.0
0.0196078431372549,0.5882352941176471,0.37254901960784315,0.0196078431372549
0.0,0.6037735849056604,0.3584905660377358,0.03773584905660377
0.0,0.6037735849056604,0.33962264150943394,0.05660377358490566
0.0,0.6153846153846154,0.3269230769230769,0.057692307692307696
0.0,0.5576923076923077,0.36538461538461536,0.07692307692307693
0.0,0.5471698113207547,0.3584905660377358,0.09433962264150944
0.0,0.5555555555555556,0.4074074074074074,0.037037037037037035
0.0,0.543859649122807,0.40350877192982454,0.05263157894736842
0.0,0.4827586206896552,0.46551724137931033,0.05172413793103448
0.0,0.42105263157894735,0.5087719298245614,0.07017543859649122
0.0,0.4406779661016949,0.4915254237288136,0.06779661016949153
0.01639344262295082,0.4098360655737705,0.4918032786885246,0.08196721311475409
0.01694915254237288,0.4067796610169492,0.5084745762711864,0.06779661016949153
0.07142857142857142,0.4107142857142857,0.44642857142857145,0.07142857142857142
0.08928571428571429,0.42857142857142855,0.42857142857142855,0.05357142857142857
0.12727272727272726,0.509090909090909,0.34545454545454546,0.01818181818181818
0.16071428571428573,0.48214285714285715,0.35714285714285715,0.0
0.12727272727272726,0.4909090909090909,0.36363636363636365,0.01818181818181818
0.05357142857142857,0.5178571428571429,0.42857142857142855,0.0
0.07142857142857142,0.5535714285714286,0.375,0.0
0.05263157894736842,0.6140350877192983,0.2982456140350877,0.03508771929824561
0.12962962962962962,0.5,0.3148148148148148,0.05555555555555555
0.14545454545454545,0.5454545454545454,0.2727272727272727,0.03636363636363636
0.14285714285714285,0.5535714285714286,0.19642857142857142,0.10714285714285714
0.1111111111111111,0.5185185185185185,0.25925925925925924,0.1111111111111111
0.07407407407407407,0.5925925925925926,0.2037037037037037,0.12962962962962962
0.09259259259259259,0.6296296296296297,0.16666666666666666,0.1111111111111111
0.08928571428571429,0.6428571428571429,0.125,0.14285714285714285
0.09090909090909091,0.6363636363636364,0.14545454545454545,0.12727272727272726
0.12962962962962962,0.5740740740740741,0.12962962962962962,0.16666666666666666
0.1111111111111111,0.5370370370370371,0.18518518518518517,0.16666666666666666
0.05454545454545454,0.509090909090909,0.2909090909090909,0.14545454545454545
0.05555555555555555,0.42592592592592593,0.3333333333333333,0.18518518518518517
0.09090909090909091,0.41818181818181815,0.36363636363636365,0.12727272727272726
0.12727272727272726,0.41818181818181815,0.2727272727272727,0.18181818181818182
0.10909090909090909,0.509090909090909,0.18181818181818182,0.2
0.13793103448275862,0.43103448275862066,0.22413793103448276,0.20689655172413793
0.15254237288135594,0.3728813559322034,0.23728813559322035,0.23728813559322035
0.15789473684210525,0.3157894736842105,0.2807017543859649,0.24561403508771928
0.13793103448275862,0.39655172413793105,0.25862068965517243,0.20689655172413793
0.1206896551724138,0.3620689655172414,0.27586206896551724,0.2413793103448276
0.13793103448275862,0.3620689655172414,0.22413793103448276,0.27586206896551724
0.13793103448275862,0.3793103448275862,0.2413793103448276,0.2413793103448276
0.14035087719298245,0.3684210526315789,0.2631578947368421,0.22807017543859648
0.14035087719298245,0.3684210526315789,0.2807017543859649,0.21052631578947367
0.15517241379310345,0.29310344827586204,0.3275862068965517,0.22413793103448276
0.15517241379310345,0.29310344827586204,0.29310344827586204,0.25862068965517243
0.13559322033898305,0.3220338983050847,0.2542372881355932,0.288135593220339
0.11864406779661017,0.288135593220339,0.3050847457627119,0.288135593220339
0.0847457627118644,0.3220338983050847,0.23728813559322035,0.3559322033898305
0.06779661016949153,0.3050847457627119,0.23728813559322035,0.3898305084745763
0.11290322580645161,0.25806451612903225,0.14516129032258066,0.4838709677419355
0.11475409836065574,0.3114754098360656,0.13114754098360656,0.4426229508196721
0.11290322580645161,0.3387096774193548,0.16129032258064516,0.3870967741935484
0.11290322580645161,0.3387096774193548,0.16129032258064516,0.3870967741935484
0.171875,0.359375,0.1875,0.28125
0.13846153846153847,0.3076923076923077,0.23076923076923078,0.3230769230769231
0.13846153846153847,0.26153846153846155,0.3230769230769231,0.27692307692307694
0.19047619047619047,0.2698412698412698,0.23809523809523808,0.30158730158730157
0.15384615384615385,0.27692307692307694,0.23076923076923078,0.3384615384615385
0.16923076923076924,0.24615384615384617,0.2153846153846154,0.36923076923076925
0.15625,0.328125,0.1875,0.328125
0.14754098360655737,0.3442622950819672,0.21311475409836064,0.29508196721311475
0.14754098360655737,0.4262295081967213,0.14754098360655737,0.2786885245901639
0.1774193548387097,0.3225806451612903,0.14516129032258066,0.3548387096774194
0.16923076923076924,0.3384615384615385,0.15384615384615385,0.3384615384615385
0.14285714285714285,0.4126984126984127,0.15873015873015872,0.2857142857142857
0.11290322580645161,0.3870967741935484,0.16129032258064516,0.3387096774193548
0.125,0.4375,0.09375,0.34375
0.15151515151515152,0.3939393939393939,0.06060606060606061,0.3939393939393939
0.18461538461538463,0.3230769230769231,0.09230769230769231,0.4
0.15384615384615385,0.3076923076923077,0.13846153846153847,0.4
0.18461538461538463,0.2923076923076923,0.09230769230769231,0.4307692307692308
0.2,0.3076923076923077,0.1076923076923077,0.38461538461538464
0.09375,0.40625,0.078125,0.421875
0.09375,0.390625,0.09375,0.421875
0.12121212121212122,0.3333333333333333,0.10606060606060606,0.4393939393939394
0.13636363636363635,0.3333333333333333,0.09090909090909091,0.4393939393939394
0.1323529411764706,0.3088235294117647,0.11764705882352941,0.4411764705882353
0.07246376811594203,0.42028985507246375,0.08695652173913043,0.42028985507246375
0.02857142857142857,0.4714285714285714,0.12857142857142856,0.37142857142857144
0.07462686567164178,0.417910447761194,0.14925373134328357,0.3582089552238806
0.058823529411764705,0.5147058823529411,0.14705882352941177,0.27941176470588236
0.02857142857142857,0.4857142857142857,0.17142857142857143,0.3142857142857143
0.027777777777777776,0.4861111111111111,0.16666666666666666,0.3194444444444444
0.041666666666666664,0.4444444444444444,0.20833333333333334,0.3055555555555556
0.0273972602739726,0.4246575342465753,0.2054794520547945,0.3424657534246575
0.0273972602739726,0.4657534246575342,0.1643835616438356,0.3424657534246575
0.0273972602739726,0.4246575342465753,0.1917808219178082,0.3561643835616438
0.013888888888888888,0.4166666666666667,0.2222222222222222,0.3472222222222222
0.0273972602739726,0.4383561643835616,0.2191780821917808,0.3150684931506849
0.013333333333333334,0.49333333333333335,0.22666666666666666,0.26666666666666666
0.013513513513513514,0.5,0.21621621621621623,0.2702702702702703
0.027777777777777776,0.4722222222222222,0.20833333333333334,0.2916666666666667
0.013888888888888888,0.5972222222222222,0.125,0.2638888888888889
0.02702702702702703,0.5945945945945946,0.13513513513513514,0.24324324324324326
0.05405405405405406,0.5540540540540541,0.13513513513513514,0.25675675675675674
0.06756756756756757,0.581081081081081,0.0945945945945946,0.25675675675675674
0.0684931506849315,0.6164383561643836,0.0958904109589041,0.2191780821917808
0.09859154929577464,0.5633802816901409,0.11267605633802817,0.22535211267605634
0.1,0.5142857142857142,0.1,0.2857142857142857
0.1111111111111111,0.4861111111111111,0.125,0.2777777777777778
0.10144927536231885,0.5507246376811594,0.07246376811594203,0.2753623188405797
0.10606060606060606,0.5303030303030303,0.06060606060606061,0.30303030303030304
0.1323529411764706,0.5441176470588235,0.04411764705882353,0.27941176470588236
0.17391304347826086,0.4782608695652174,0.057971014492753624,0.2898550724637681
0.15714285714285714,0.5285714285714286,0.05714285714285714,0.2571428571428571
0.2,0.4857142857142857,0.07142857142857142,0.24285714285714285
0.22535211267605634,0.4788732394366197,0.07042253521126761,0.22535211267605634
0.2777777777777778,0.4444444444444444,0.06944444444444445,0.20833333333333334
0.28378378378378377,0.4189189189189189,0.06756756756756757,0.22972972972972974
0.2876712328767123,0.3698630136986301,0.0547945205479452,0.2876712328767123
0.3157894736842105,0.35526315789473684,0.09210526315789473,0.23684210526315788
